{"lowlevel": {"average_loudness": 0.729575872421, "barkbands": {"dmean": [2.99445891869e-05, 0.000998225179501, 0.000745036522858, 0.000507610209752, 0.000579542422201, 0.000519439170603, 0.000541746325325, 0.000571163196582, 0.000800249457825, 0.000844493799377, 0.000810579105746, 0.000705990765709, 0.000409911444876, 0.000572621065658, 0.000477880181279, 0.00041674694512, 0.000212869097595, 0.000146566118929, 0.000130936256028, 0.00011961798009, 7.36167494324e-05, 6.06018402323e-05, 6.73233225825e-05, 7.13559929864e-05, 3.66114400094e-05, 1.37592278406e-05, 4.65592574983e-06], "dmean2": [4.50885163445e-05, 0.00164527713787, 0.00128053920344, 0.000848638825119, 0.000918400008231, 0.000814930826891, 0.000866267131642, 0.000918445468415, 0.00124719284941, 0.00134449324105, 0.00127042422537, 0.00110201130155, 0.000644987914711, 0.000889526680112, 0.000760968308896, 0.00063194957329, 0.000333633506671, 0.000225688883802, 0.000196486958885, 0.000178438451258, 0.000111398978333, 9.21980463318e-05, 9.98346949928e-05, 9.90027037915e-05, 5.51755802007e-05, 2.04569769267e-05, 7.1847516665e-06], "dvar": [9.09811959104e-09, 5.7833954088e-06, 3.39548546435e-06, 1.78522975602e-06, 1.49734330535e-06, 2.43363319896e-06, 3.790385108e-06, 3.62040100299e-06, 5.61238493901e-06, 6.74238162901e-06, 5.96636482442e-06, 4.34156436313e-06, 1.71699730345e-06, 3.44097065863e-06, 3.30196598952e-06, 2.27534110309e-06, 3.78034258119e-07, 1.66792361256e-07, 1.79694723101e-07, 1.10693399336e-07, 4.14573548824e-08, 2.86536856464e-08, 8.47018242212e-08, 2.81965213844e-07, 6.63425723246e-08, 1.04094981523e-08, 4.31616437035e-10], "dvar2": [1.88152302627e-08, 1.43299093907e-05, 9.20875027077e-06, 4.80616608911e-06, 3.79907646675e-06, 5.54467487746e-06, 8.96841174836e-06, 8.21289540909e-06, 1.30030675791e-05, 1.54855424626e-05, 1.37969382195e-05, 1.04932132672e-05, 4.05341370424e-06, 7.72050498199e-06, 8.20610148367e-06, 4.71108296551e-06, 8.26682082788e-07, 3.53231541794e-07, 3.70943212147e-07, 2.37490411337e-07, 8.58669366721e-08, 6.16664905806e-08, 1.49790793103e-07, 2.84352012159e-07, 1.50946206645e-07, 2.09498498549e-08, 1.02173836058e-09], "max": [0.00356899923645, 0.0436567477882, 0.0378538817167, 0.0239316523075, 0.0265459958464, 0.0496895834804, 0.0760072171688, 0.0426106378436, 0.0477725081146, 0.0562242306769, 0.058732945472, 0.0475887432694, 0.0272075701505, 0.0493401587009, 0.0409651622176, 0.043339304626, 0.0167441554368, 0.0128920441493, 0.0144998235628, 0.012569851242, 0.00590173248202, 0.00546895898879, 0.0186218954623, 0.0487398356199, 0.01744129695, 0.00625655474141, 0.000621235463768], "mean": [3.96820323658e-05, 0.00154762773309, 0.00102532736491, 0.000668851542287, 0.00102862354834, 0.000799571687821, 0.000742152042221, 0.00071164680412, 0.00130871380679, 0.00124562100973, 0.00128822075203, 0.00110133795533, 0.00063174177194, 0.000853689562064, 0.000714402645826, 0.000709135259967, 0.000364888081094, 0.000257475156104, 0.000231746031204, 0.000208717479836, 0.00013068249973, 0.00010605990974, 0.000114577371278, 0.000117009461974, 5.13879240316e-05, 2.1112491595e-05, 4.94608866575e-06], "median": [4.89927333547e-06, 0.000512594007887, 0.000390862580389, 0.00021251697035, 0.000516449217685, 0.000286925991531, 0.000178792251972, 0.000102317921119, 0.000113314177725, 6.43486127956e-05, 9.32955881581e-05, 6.76991548971e-05, 5.28817836312e-05, 5.0863942306e-05, 7.28639060981e-05, 5.86818787269e-05, 6.99847150827e-05, 5.09545207024e-05, 4.40696603619e-05, 3.71420755982e-05, 2.48777796514e-05, 2.11418719118e-05, 1.70390085259e-05, 1.34432657433e-05, 6.96919141774e-06, 1.59334433647e-06, 1.05984199195e-08], "min": [1.02377542441e-25, 7.96472131057e-25, 1.34578654772e-24, 4.99325336482e-25, 5.94712494014e-24, 2.65151809134e-24, 1.10781006986e-23, 4.01106503565e-24, 1.19054493386e-23, 1.13625954955e-23, 1.0068454981e-23, 1.9337748111e-23, 2.59358722302e-23, 3.24208042757e-23, 4.20079539192e-23, 3.82749252761e-23, 6.48448334148e-23, 8.22216342431e-23, 9.92771793563e-23, 1.67094939222e-22, 2.30429425859e-22, 3.02435740519e-22, 3.93362448541e-22, 5.96496075388e-22, 7.45917892383e-22, 1.1736730608e-21, 1.88557981479e-21], "var": [1.48609906603e-08, 7.72028488427e-06, 3.95238976125e-06, 2.00872818823e-06, 2.66390679826e-06, 3.93614391214e-06, 6.12636085862e-06, 5.19945115229e-06, 1.13082105599e-05, 1.46034490172e-05, 1.21895427583e-05, 9.14630072657e-06, 3.69938788936e-06, 7.44403769204e-06, 4.75041770187e-06, 5.4188062677e-06, 8.07902779343e-07, 3.43931560565e-07, 3.82898917906e-07, 2.34348590311e-07, 9.49389615812e-08, 5.77116310296e-08, 2.17622783794e-07, 9.91891283775e-07, 1.02238473687e-07, 2.15760653788e-08, 5.07653141746e-10]}, "barkbands_crest": {"dmean": 2.59332346916, "dmean2": 4.22161626816, "dvar": 5.97598934174, "dvar2": 14.976193428, "max": 25.644952774, "mean": 9.94494628906, "median": 9.11745738983, "min": 2.46844148636, "var": 17.0622386932}, "barkbands_flatness_db": {"dmean": 0.0225444920361, "dmean2": 0.0339785292745, "dvar": 0.00053300417494, "dvar2": 0.00112792837899, "max": 0.531728029251, "mean": 0.149004399776, "median": 0.139216661453, "min": 0.0246122237295, "var": 0.00442829029635}, "barkbands_kurtosis": {"dmean": 3.51871466637, "dmean2": 5.29120445251, "dvar": 137.684310913, "dvar2": 217.886306763, "max": 661.36920166, "mean": 7.31504821777, "median": 1.878428936, "min": -1.91030371189, "var": 1464.69763184}, "barkbands_skewness": {"dmean": 0.564545273781, "dmean2": 0.850085556507, "dvar": 0.449533939362, "dvar2": 0.93742787838, "max": 19.2448043823, "mean": 1.28751897812, "median": 1.11141610146, "min": -8.90864753723, "var": 3.36788582802}, "barkbands_spread": {"dmean": 5.70820188522, "dmean2": 8.82031059265, "dvar": 57.0546722412, "dvar2": 121.565505981, "max": 114.65977478, "mean": 20.3213157654, "median": 17.629573822, "min": 0.344528824091, "var": 200.207168579}, "dissonance": {"dmean": 0.0223065987229, "dmean2": 0.0368507988751, "dvar": 0.000543030735571, "dvar2": 0.00140471942723, "max": 0.499999910593, "mean": 0.452346205711, "median": 0.462698340416, "min": 0.2021048069, "var": 0.00156726606656}, "dynamic_complexity": 6.83914756775, "erbbands": {"dmean": [0.0213655531406, 0.256525158882, 0.839934289455, 1.24152898788, 1.79787385464, 2.12939548492, 3.30713272095, 4.25647878647, 5.19760704041, 11.5156831741, 12.7033491135, 17.849105835, 25.4438648224, 25.8886413574, 27.8628482819, 25.461687088, 16.9745311737, 26.4529018402, 22.7413864136, 24.4661159515, 17.9793605804, 11.0597000122, 8.44870090485, 6.04715919495, 6.77301692963, 5.43891477585, 3.4478957653, 2.58445382118, 2.10884833336, 2.24465322495, 1.88456690311, 1.70189261436, 1.04252827168, 0.507887899876, 0.218176886439, 0.0784735307097, 0.0209842901677, 0.00653156917542, 0.00082545861369, 2.38710454141e-05], "dmean2": [0.0346795395017, 0.429924368858, 1.43984758854, 2.06557250023, 2.95202517509, 3.36393094063, 5.20422840118, 6.76127195358, 8.24052429199, 18.5790729523, 19.9126758575, 27.7186946869, 39.098613739, 39.2679901123, 43.3099212646, 40.0071411133, 26.1686153412, 40.5102233887, 35.0403862, 37.763759613, 27.022808075, 16.5280818939, 12.8624248505, 9.10027122498, 10.2339506149, 8.01905059814, 5.15530443192, 3.92069649696, 3.19789910316, 3.38037037849, 2.81436276436, 2.40854072571, 1.48029005527, 0.751063704491, 0.339701741934, 0.120557703078, 0.0308421123773, 0.00964366458356, 0.00130007602274, 3.63377512258e-05], "dvar": [0.00328692630865, 0.380956888199, 3.85841155052, 10.3995523453, 19.0015697479, 23.3217983246, 107.030731201, 212.837738037, 398.04006958, 1636.76611328, 1707.83605957, 3349.43701172, 5860.82763672, 5867.53417969, 6706.58789062, 6602.62695312, 2818.9765625, 7335.24560547, 6537.80126953, 8701.18554688, 4348.27880859, 963.748352051, 515.39831543, 308.353515625, 492.232452393, 242.445266724, 87.3348236084, 56.871471405, 38.6624031067, 51.0983505249, 80.4776763916, 199.364746094, 47.2238578796, 12.6249256134, 2.60829353333, 0.405055433512, 0.0187889374793, 0.000844794732984, 1.57284302986e-05, 9.44231981492e-09], "dvar2": [0.00790101103485, 0.976296007633, 10.528878212, 27.1975746155, 51.1536140442, 56.836894989, 251.723693848, 530.129821777, 817.556396484, 4056.24658203, 3850.18115234, 7860.86669922, 12583.8662109, 13458.7470703, 16060.828125, 16301.6894531, 6432.49267578, 16632.1132812, 15478.7773438, 20449.6386719, 9631.93164062, 1994.88696289, 1090.62219238, 668.324829102, 1040.24645996, 497.228027344, 180.394363403, 116.713447571, 85.7048339844, 102.554016113, 141.125686646, 238.64125061, 60.8944969177, 26.7150154114, 6.18896007538, 0.8597266078, 0.0385983213782, 0.0015976728173, 3.85160346923e-05, 2.28890701948e-08], "max": [0.970345377922, 12.6319704056, 38.9833908081, 60.2619552612, 99.1385879517, 99.4932022095, 406.893493652, 526.139038086, 1343.1451416, 1215.69189453, 1078.1217041, 1386.9005127, 1948.90869141, 1806.50842285, 1742.79614258, 2390.30297852, 958.507568359, 2441.80517578, 2345.9152832, 2192.21606445, 2470.66113281, 929.694030762, 787.242736816, 550.255371094, 700.954772949, 528.089904785, 364.396087646, 314.429321289, 233.57232666, 266.568115234, 622.544372559, 1305.01745605, 529.998962402, 224.08644104, 116.742980957, 45.6347503662, 8.86396789551, 1.72570502758, 0.129422947764, 0.00339602120221], "mean": [0.0337228253484, 0.387782424688, 1.17866420746, 1.80378603935, 2.79043054581, 3.76602768898, 5.19024467468, 6.18267869949, 7.74563312531, 15.3241825104, 17.8266010284, 29.6148395538, 39.1023178101, 43.42420578, 50.3419761658, 41.5438270569, 28.683965683, 42.3607368469, 37.0537261963, 42.1857223511, 33.4962615967, 21.0140419006, 16.0446243286, 11.0259685516, 12.2202863693, 9.58041191101, 6.22433280945, 4.58520793915, 3.68926000595, 3.8346517086, 3.15554594994, 2.73378491402, 1.6764332056, 0.724509596825, 0.298521786928, 0.114473253489, 0.0322777926922, 0.00872353930026, 0.000849264732096, 3.96737814299e-05], "median": [0.00721513712779, 0.1442514956, 0.524028897285, 0.764476060867, 1.31104493141, 1.73186588287, 1.75918769836, 2.15920329094, 2.53961610794, 2.74811220169, 3.48612785339, 3.07002162933, 3.27272415161, 3.75546693802, 3.37539196014, 3.16864013672, 2.95314073563, 3.27195930481, 3.27321195602, 4.27243423462, 3.92369747162, 3.82531261444, 3.28099632263, 2.68284893036, 2.05735826492, 1.66446375847, 1.17051315308, 0.908487439156, 0.743567705154, 0.691276609898, 0.43402826786, 0.291626185179, 0.210478395224, 0.0972927361727, 0.0372539460659, 0.0117243118584, 0.00198800256476, 0.000179277732968, 1.48152666952e-05, 1.36928574648e-05], "min": [3.32933191468e-23, 4.5259421476e-22, 2.29694222641e-21, 5.61018690696e-21, 1.28366863464e-20, 2.38870777756e-20, 3.05449818247e-20, 3.70796634274e-20, 9.35037274235e-20, 1.86097362303e-19, 1.89302958595e-19, 2.90269179925e-19, 5.37132419098e-19, 7.22210772435e-19, 7.23257052512e-19, 1.00330184063e-18, 9.94785292437e-19, 1.79707283503e-18, 2.35492985079e-18, 2.83869216318e-18, 2.5360584167e-18, 3.98835099869e-18, 4.90441754473e-18, 6.27666923552e-18, 6.71898545652e-18, 7.63691688126e-18, 9.20595442618e-18, 9.75386893776e-18, 1.13927147361e-17, 1.0381361533e-17, 1.0789766244e-17, 1.03116045648e-17, 9.34545926366e-18, 7.98786728128e-18, 6.10308372961e-18, 3.70554125598e-18, 2.12068532941e-18, 9.92905938085e-19, 2.29386696438e-19, 2.46790240484e-20], "var": [0.00452783796936, 0.480835527182, 4.46977376938, 12.3326416016, 22.4971313477, 47.1836853027, 165.561477661, 283.342468262, 718.222229004, 2328.7265625, 2605.6640625, 6483.35644531, 11725.8984375, 12977.7294922, 17671.390625, 12658.6992188, 5877.60009766, 16239.9873047, 10391.6240234, 15413.2919922, 11341.1591797, 2456.0012207, 1213.64001465, 607.66229248, 1056.11755371, 531.22277832, 208.030303955, 114.840682983, 71.5955810547, 113.193595886, 206.787582397, 636.554626465, 148.57069397, 21.5605716705, 3.57659769058, 0.697003602982, 0.0435793399811, 0.00193863769528, 1.64228495123e-05, 1.07538848937e-08]}, "erbbands_crest": {"dmean": 2.92265248299, "dmean2": 4.7010512352, "dvar": 8.91632175446, "dvar2": 21.7366390228, "max": 31.7296619415, "mean": 10.3248853683, "median": 9.15217494965, "min": 2.26179003716, "var": 27.6207447052}, "erbbands_flatness_db": {"dmean": 0.020052626729, "dmean2": 0.0290227308869, "dvar": 0.0004046971153, "dvar2": 0.000768864701968, "max": 0.429040253162, "mean": 0.17429664731, "median": 0.172237485647, "min": 0.0382513068616, "var": 0.00277497223578}, "erbbands_kurtosis": {"dmean": 1.30477559566, "dmean2": 2.03971481323, "dvar": 4.50761270523, "dvar2": 10.1957559586, "max": 44.4268989563, "mean": 1.27695667744, "median": 0.194088697433, "min": -1.84466457367, "var": 11.2159566879}, "erbbands_skewness": {"dmean": 0.416713625193, "dmean2": 0.630151569843, "dvar": 0.205763012171, "dvar2": 0.459140628576, "max": 5.48020839691, "mean": 0.346420764923, "median": 0.338968336582, "min": -4.67363834381, "var": 0.890883266926}, "erbbands_spread": {"dmean": 7.92663478851, "dmean2": 12.0798416138, "dvar": 88.9998016357, "dvar2": 189.72555542, "max": 179.252838135, "mean": 33.8032951355, "median": 30.4831027985, "min": 2.1487288475, "var": 422.212982178}, "gfcc": {"cov": [[45620.5898438, -222.898117065, -4719.53466797, 419.015625, -2357.66650391, 1170.69921875, -1021.70117188, 421.408111572, -875.146179199, -38.0571289062, -787.040527344, -102.008972168, -371.076202393], [-222.898117065, 2013.36755371, -86.6627883911, -2.49926328659, 219.817581177, -284.899200439, 16.4604721069, -175.939147949, 25.2150020599, -120.201766968, 74.5012054443, -65.4039154053, 30.9320793152], [-4719.53466797, -86.6627883911, 1395.24865723, 146.7759552, 316.125823975, -100.009918213, 67.4625015259, -33.9103126526, 130.518875122, 34.0995826721, 52.4878044128, 50.3649787903, -17.6667175293], [419.015625, -2.49926328659, 146.7759552, 548.333740234, 19.516336441, -21.4469528198, -141.546707153, 19.1164569855, 72.4195861816, -3.87868142128, 14.6911964417, 22.4426727295, 28.4165287018], [-2357.66650391, 219.817581177, 316.125823975, 19.516336441, 523.956481934, -72.2437896729, 83.3767166138, -42.4316444397, 60.3966712952, 26.2463741302, 22.4013595581, 20.5760135651, 40.6786727905], [1170.69921875, -284.899200439, -100.009918213, -21.4469528198, -72.2437896729, 354.958007812, 88.1226501465, 39.3725585938, -64.4721984863, 16.860660553, -8.14715385437, -7.67662620544, -33.0627174377], [-1021.70117188, 16.4604721069, 67.4625015259, -141.546707153, 83.3767166138, 88.1226501465, 318.51373291, 12.1924715042, -28.9620475769, -4.27986478806, 32.6038970947, 3.1463341713, -4.54194164276], [421.408111572, -175.939147949, -33.9103126526, 19.1164569855, -42.4316444397, 39.3725585938, 12.1924715042, 193.725692749, 49.6819114685, 22.5977897644, -33.2643890381, -2.25221896172, 6.00202655792], [-875.146179199, 25.2150020599, 130.518875122, 72.4195861816, 60.3966712952, -64.4721984863, -28.9620475769, 49.6819114685, 198.698532104, 24.4655532837, -6.78878593445, -9.30331134796, 22.362279892], [-38.0571289062, -120.201766968, 34.0995826721, -3.87868142128, 26.2463741302, 16.860660553, -4.27986478806, 22.5977897644, 24.4655532837, 129.566329956, 10.4619159698, -1.0680038929, -7.68827962875], [-787.040527344, 74.5012054443, 52.4878044128, 14.6911964417, 22.4013595581, -8.14715385437, 32.6038970947, -33.2643890381, -6.78878593445, 10.4619159698, 142.610198975, 30.6081809998, -4.82466554642], [-102.008972168, -65.4039154053, 50.3649787903, 22.4426727295, 20.5760135651, -7.67662620544, 3.1463341713, -2.25221896172, -9.30331134796, -1.0680038929, 30.6081809998, 97.4181365967, 23.077878952], [-371.076202393, 30.9320793152, -17.6667175293, 28.4165287018, 40.6786727905, -33.0627174377, -4.54194164276, 6.00202655792, 22.362279892, -7.68827962875, -4.82466554642, 23.077878952, 105.95350647]], "icov": [[6.34703392279e-05, -6.41610022285e-05, 0.000157337664859, -9.96887974907e-05, 0.000138172355946, -0.000158428098075, 0.000124455269543, -8.35603714222e-05, 0.000156389476615, -0.000118669304356, 0.000329621863784, -0.000225633528316, 0.000224111063289], [-6.41610022285e-05, 0.000783092691563, -3.38838867719e-06, 4.47109960078e-05, -0.000431874941569, 0.000660915276967, -0.000264744099695, 0.00050632818602, -0.00025860776077, 0.000715653586667, -0.000747246900573, 0.000892068375833, -0.000255682418356], [0.000157337664859, -3.38838867719e-06, 0.00137724319939, -0.000517220876645, -0.00016597758804, -0.000112490342872, -8.50400647323e-06, 7.69932521507e-05, -0.000149500498082, -0.000266182119958, 0.000706853112206, -0.000923297484405, 0.00118981057312], [-9.96887974907e-05, 4.47109960078e-05, -0.000517220876645, 0.00249992241152, -0.000288097537123, -0.000207718403544, 0.00106364116073, -0.000174181026523, -0.0007986848359, 0.000555837235879, -0.00101636629552, 7.90018893895e-05, -0.000872238306329], [0.000138172355946, -0.000431874941569, -0.00016597758804, -0.000288097537123, 0.00299256970175, -0.000166148092831, -0.000503959599882, 0.000355604774086, -7.2708571679e-05, -0.00109047384467, 0.00104555580765, -0.000863800174557, -0.000410967710195], [-0.000158428098075, 0.000660915276967, -0.000112490342872, -0.000207718403544, -0.000166148092831, 0.00436181435362, -0.00164344918448, -0.000154616107466, 0.000628331094049, -7.35211688152e-06, -0.000725487188902, 0.00103842734825, 0.000259984110016], [0.000124455269543, -0.000264744099695, -8.50400647323e-06, 0.00106364116073, -0.000503959599882, -0.00164344918448, 0.00478136818856, -0.00101837574039, 0.000681035569869, 0.000396433897549, -0.000563981710002, -0.000262977730017, 8.64067696966e-05], [-8.35603714222e-05, 0.00050632818602, 7.69932521507e-05, -0.000174181026523, 0.000355604774086, -0.000154616107466, -0.00101837574039, 0.00683318730444, -0.0022824711632, -0.00053336773999, 0.000949691981077, -4.74703374493e-05, -0.000499814574141], [0.000156389476615, -0.00025860776077, -0.000149500498082, -0.0007986848359, -7.2708571679e-05, 0.000628331094049, 0.000681035569869, -0.0022824711632, 0.00733069144189, -0.00129732384812, 0.000739297305699, 0.000836001185235, -0.000594792771153], [-0.000118669304356, 0.000715653586667, -0.000266182119958, 0.000555837235879, -0.00109047384467, -7.35211688152e-06, 0.000396433897549, -0.00053336773999, -0.00129732384812, 0.00919236894697, -0.00199926365167, 0.00111563492101, 0.000252380821621], [0.000329621863784, -0.000747246900573, 0.000706853112206, -0.00101636629552, 0.00104555580765, -0.000725487188902, -0.000563981710002, 0.000949691981077, 0.000739297305699, -0.00199926365167, 0.0103773428127, -0.00424771104008, 0.00215387064964], [-0.000225633528316, 0.000892068375833, -0.000923297484405, 7.90018893895e-05, -0.000863800174557, 0.00103842734825, -0.000262977730017, -4.74703374493e-05, 0.000836001185235, 0.00111563492101, -0.00424771104008, 0.0136974612251, -0.0038510770537], [0.000224111063289, -0.000255682418356, 0.00118981057312, -0.000872238306329, -0.000410967710195, 0.000259984110016, 8.64067696966e-05, -0.000499814574141, -0.000594792771153, 0.000252380821621, 0.00215387064964, -0.0038510770537, 0.01208162494]], "mean": [-96.5824966431, 95.048538208, -119.589706421, 31.546169281, -53.4734382629, 14.3242692947, -36.3092460632, 7.98156642914, -20.3360824585, -1.74264609814, -15.3264846802, -1.89894449711, -9.20090484619]}, "hfc": {"dmean": 6.00358486176, "dmean2": 8.19375610352, "dvar": 161.545516968, "dvar2": 264.877868652, "max": 562.147094727, "mean": 18.3046302795, "median": 6.10508728027, "min": 1.05141167421e-16, "var": 722.540527344}, "melbands": {"dmean": [0.000230791192735, 0.000398008909542, 0.000225079827942, 0.000134386180434, 0.000105887003883, 9.59036624408e-05, 8.7938598881e-05, 0.000125278980704, 0.000110906345071, 0.000115721828479, 0.000130500848172, 0.000107805506559, 0.000101982026536, 7.71475606598e-05, 5.90758900216e-05, 3.58607758244e-05, 5.65246300539e-05, 4.16624570789e-05, 3.79102348234e-05, 3.48259563907e-05, 1.99326514121e-05, 1.30944208649e-05, 9.53139988269e-06, 6.45948148303e-06, 5.1983515732e-06, 5.17305079484e-06, 5.0828325584e-06, 3.62179139302e-06, 2.42732039624e-06, 1.98835800802e-06, 1.49001266436e-06, 1.21810671772e-06, 1.3167148154e-06, 1.32826323807e-06, 1.1889420648e-06, 1.06462471194e-06, 1.08261610876e-06, 8.43495627123e-07, 5.05204695855e-07, 4.37817647025e-07], "dmean2": [0.00037516609882, 0.00067552481778, 0.000372637296095, 0.000214470273932, 0.000165609380929, 0.000151451517013, 0.000139480282087, 0.000202083901968, 0.000173526379513, 0.000179956143256, 0.000201604547328, 0.000164887227584, 0.000158829367138, 0.000120569078717, 9.29540910874e-05, 5.53278987354e-05, 8.72291493579e-05, 6.56315896777e-05, 6.01305837336e-05, 5.28025702806e-05, 3.07064510707e-05, 2.00164631678e-05, 1.46725997183e-05, 1.00923471109e-05, 7.98857945483e-06, 7.8926432252e-06, 7.70729184296e-06, 5.40896962775e-06, 3.71289957002e-06, 3.07878531203e-06, 2.28709336625e-06, 1.91377830561e-06, 2.02997694032e-06, 2.03409672395e-06, 1.78837660769e-06, 1.58880482104e-06, 1.53512894485e-06, 1.20886591048e-06, 7.61353589951e-07, 6.68900838718e-07], "dvar": [3.28559252694e-07, 8.33211231566e-07, 3.14189406936e-07, 7.95344377025e-08, 8.99266652254e-08, 9.61488808571e-08, 9.7350969952e-08, 1.76736676849e-07, 1.26752894403e-07, 1.37337366368e-07, 1.55368113042e-07, 1.03780692484e-07, 9.27635852577e-08, 5.4428035412e-08, 3.65623087362e-08, 1.38961295804e-08, 3.62147538624e-08, 2.20172164944e-08, 2.19844924487e-08, 1.78597456824e-08, 6.1497558157e-09, 1.53377011092e-09, 7.04296065912e-10, 3.40918959729e-10, 2.32368374542e-10, 3.53368223571e-10, 2.47928927388e-10, 1.11837546168e-10, 4.63173978338e-11, 3.86057748269e-11, 1.96648843043e-11, 1.31944741591e-11, 1.54629573035e-11, 1.97761512027e-11, 2.73604802009e-11, 5.17579035186e-11, 9.28183988003e-11, 3.55265643293e-11, 7.22939069719e-12, 1.22444320308e-11], "dvar2": [7.93442211489e-07, 2.21732761929e-06, 8.26077268812e-07, 2.01081405748e-07, 2.1154710339e-07, 2.31108643334e-07, 2.11556383078e-07, 4.27675161063e-07, 2.86755806655e-07, 3.23484414366e-07, 3.33136966901e-07, 2.43390104515e-07, 2.19518668132e-07, 1.34852470524e-07, 8.79684236565e-08, 3.16496588937e-08, 8.19557399723e-08, 5.1363162612e-08, 5.4791655657e-08, 3.82635398921e-08, 1.43156775323e-08, 3.26415960927e-09, 1.45054757095e-09, 7.93890897466e-10, 5.1834109227e-10, 7.76345820963e-10, 5.4751642109e-10, 2.3177675057e-10, 9.95071525178e-11, 8.59924631502e-11, 4.29239144228e-11, 3.05054315142e-11, 3.38716069082e-11, 4.01964642127e-11, 5.5785334685e-11, 8.40468666885e-11, 1.01470276626e-10, 4.52608679702e-11, 1.27685370957e-11, 2.83882674312e-11], "max": [0.0101270722225, 0.0199392158538, 0.0103711439297, 0.00446960935369, 0.0120458174497, 0.0109208719805, 0.0179232452065, 0.012076517567, 0.0109616341069, 0.00913101062179, 0.0100083518773, 0.00725578702986, 0.00724962586537, 0.00543942442164, 0.00388928805478, 0.00311786634848, 0.00562396505848, 0.00356049044058, 0.00384008302353, 0.00435143755749, 0.00344806304201, 0.00123744772281, 0.000847165763844, 0.000564769085031, 0.000461487070424, 0.000656178221107, 0.000688429048751, 0.000430159998359, 0.000225005889661, 0.000230905294302, 0.000197629648028, 0.000106969499029, 0.000147470986121, 0.000178983143996, 0.000339586171322, 0.000559085281566, 0.000921001308598, 0.000488787540235, 0.000177217778401, 0.000206416356377], "mean": [0.000372419104679, 0.000597452628426, 0.000345031090546, 0.000239463319303, 0.000175969486008, 0.00014379361528, 0.000129160936922, 0.000166557976627, 0.000155605346663, 0.00019059907936, 0.000196357548703, 0.000172730360646, 0.000172841784661, 0.000126561382785, 8.85377667146e-05, 5.64368419873e-05, 8.46115071909e-05, 6.04888155067e-05, 5.53179888811e-05, 5.77394748689e-05, 3.39547623298e-05, 2.27409564104e-05, 1.63206332218e-05, 1.12627039925e-05, 8.62832075654e-06, 8.58726070874e-06, 8.61383068695e-06, 5.84355984756e-06, 3.98138536184e-06, 3.31845717483e-06, 2.42640362558e-06, 2.00517956728e-06, 2.12314694181e-06, 2.14735291593e-06, 1.84383827673e-06, 1.68026281244e-06, 1.66685663316e-06, 1.30677051402e-06, 7.56989209094e-07, 5.74213743221e-07], "median": [0.000107850486529, 0.000288719893433, 0.000163750592037, 0.000123590230942, 6.90842207405e-05, 5.17008229508e-05, 3.84401646443e-05, 2.62057383225e-05, 2.43859576585e-05, 1.59324372362e-05, 1.21207403936e-05, 1.25417955132e-05, 1.15832990559e-05, 7.68033623899e-06, 6.35115202385e-06, 5.29869794264e-06, 5.1634351621e-06, 4.18383388023e-06, 6.01503097641e-06, 4.5465653784e-06, 4.3747863856e-06, 3.96953237214e-06, 2.94132360068e-06, 2.41213092522e-06, 1.95108077605e-06, 1.2532962046e-06, 1.4105653463e-06, 9.19288879686e-07, 7.06155503849e-07, 5.73383204028e-07, 4.46243177521e-07, 3.85313938978e-07, 3.9956481146e-07, 3.43004671777e-07, 2.51022299835e-07, 1.8536712787e-07, 1.60857382525e-07, 1.49542529471e-07, 9.61877972827e-08, 6.48980176265e-08], "min": [4.89321791342e-25, 7.54364215051e-25, 9.95238849548e-25, 1.37308922087e-24, 1.60159530523e-24, 7.71897289619e-25, 1.72720030236e-24, 2.23066888423e-24, 1.71580441772e-24, 1.34666622624e-24, 2.3398056211e-24, 3.02759234233e-24, 2.29431911244e-24, 1.82505021461e-24, 2.48478070332e-24, 2.81483083695e-24, 2.13738194066e-24, 2.8172924774e-24, 2.84904432605e-24, 3.08253926539e-24, 2.69868191549e-24, 3.40635700344e-24, 3.11675058513e-24, 2.93249318805e-24, 4.18496823892e-24, 3.66288155361e-24, 4.03678032344e-24, 4.31063456998e-24, 4.57835029539e-24, 4.7486507709e-24, 5.13904146681e-24, 4.60241962489e-24, 5.41454403821e-24, 5.19763726599e-24, 4.85972238635e-24, 4.85973619142e-24, 5.21414654701e-24, 4.81672591714e-24, 6.07980976668e-24, 5.68486576562e-24], "var": [4.5993235176e-07, 1.00071804354e-06, 3.74285463067e-07, 1.34656460204e-07, 1.49349901335e-07, 1.39849035463e-07, 1.77854843741e-07, 2.62547445118e-07, 2.10582214777e-07, 2.77806179838e-07, 3.15093586778e-07, 2.26912334256e-07, 2.05996556701e-07, 1.27403652073e-07, 6.58151577682e-08, 3.44133006536e-08, 7.67245680322e-08, 3.3591504689e-08, 3.13805088581e-08, 3.65596868335e-08, 1.46124436995e-08, 3.33435501432e-09, 1.64036828565e-09, 6.20211382252e-10, 4.17440804146e-10, 6.75277944673e-10, 4.9466314378e-10, 2.21446624926e-10, 9.40753724921e-11, 7.38828720426e-11, 3.3590814158e-11, 2.19470604884e-11, 2.81555195825e-11, 4.22173337955e-11, 5.86745860232e-11, 1.39971478852e-10, 3.04596736722e-10, 1.09301179219e-10, 1.77656847566e-11, 1.72082487149e-11]}, "melbands_crest": {"dmean": 3.28972005844, "dmean2": 5.40217924118, "dvar": 9.56093120575, "dvar2": 23.6930027008, "max": 39.8031311035, "mean": 13.2635879517, "median": 12.3966312408, "min": 1.62467312813, "var": 34.1935997009}, "melbands_flatness_db": {"dmean": 0.0269495043904, "dmean2": 0.040536288172, "dvar": 0.00086503935745, "dvar2": 0.0018261129735, "max": 0.640256047249, "mean": 0.203896269202, "median": 0.189314618707, "min": 0.00313443201594, "var": 0.00828287750483}, "melbands_kurtosis": {"dmean": 20.308795929, "dmean2": 27.3414859772, "dvar": 44938.7695312, "dvar2": 70619.1171875, "max": 15967.4716797, "mean": 51.8459892273, "median": 5.15397882462, "min": -1.89104902744, "var": 326295.0625}, "melbands_skewness": {"dmean": 0.807887673378, "dmean2": 1.19066083431, "dvar": 2.56124925613, "dvar2": 4.36981964111, "max": 115.555381775, "mean": 2.52051401138, "median": 1.90611433983, "min": -4.5463924408, "var": 30.7901630402}, "melbands_spread": {"dmean": 7.81961345673, "dmean2": 12.0727491379, "dvar": 131.604446411, "dvar2": 274.018218994, "max": 282.404937744, "mean": 27.3722991943, "median": 20.9979915619, "min": 0.0500913225114, "var": 673.416259766}, "mfcc": {"cov": [[20265.3671875, -360.987243652, -1450.67370605, -648.472595215, -747.323791504, 155.670608521, 45.4754447937, 175.388290405, 70.6675262451, 191.728851318, -188.484558105, -229.953979492, -228.658432007], [-360.987243652, 1996.60083008, -8.55255031586, 182.214813232, 124.947753906, 3.61774921417, 16.7195339203, -33.0882072449, -17.313949585, -88.0891494751, -8.84715080261, -21.1249141693, 8.36548042297], [-1450.67370605, -8.55255031586, 834.577819824, 189.541275024, 126.964797974, 19.6874809265, -58.0628623962, 12.4885349274, -32.5815162659, 8.46741390228, 10.4342546463, 63.8000411987, 34.131072998], [-648.472595215, 182.214813232, 189.541275024, 490.930053711, 233.757659912, -32.778591156, -104.49697113, -21.9394073486, 26.9950847626, -24.8927936554, -30.229631424, 41.4980354309, 48.7844734192], [-747.323791504, 124.947753906, 126.964797974, 233.757659912, 390.024719238, 25.0397949219, -88.1810836792, -27.6634845734, 26.7616710663, 1.01846313477, -20.7247714996, 23.8998641968, 22.8412399292], [155.670608521, 3.61774921417, 19.6874809265, -32.778591156, 25.0397949219, 224.178375244, 103.788887024, 13.9584789276, -9.88910579681, 2.87659716606, 15.6917295456, -3.82679319382, -7.23207902908], [45.4754447937, 16.7195339203, -58.0628623962, -104.49697113, -88.1810836792, 103.788887024, 279.535247803, 53.3439216614, -19.8755836487, -9.19264030457, 29.8291225433, -18.4673976898, 6.46332550049], [175.388290405, -33.0882072449, 12.4885349274, -21.9394073486, -27.6634845734, 13.9584789276, 53.3439216614, 159.911499023, 24.4067382812, 15.7570343018, 2.18471646309, 0.0767952799797, -0.856559336185], [70.6675262451, -17.313949585, -32.5815162659, 26.9950847626, 26.7616710663, -9.88910579681, -19.8755836487, 24.4067382812, 179.48135376, 44.3509788513, 1.79671561718, -10.4301080704, -7.11328077316], [191.728851318, -88.0891494751, 8.46741390228, -24.8927936554, 1.01846313477, 2.87659716606, -9.19264030457, 15.7570343018, 44.3509788513, 149.875, 41.3874397278, -10.0658931732, -13.1514129639], [-188.484558105, -8.84715080261, 10.4342546463, -30.229631424, -20.7247714996, 15.6917295456, 29.8291225433, 2.18471646309, 1.79671561718, 41.3874397278, 120.284370422, 23.3767700195, -6.8343462944], [-229.953979492, -21.1249141693, 63.8000411987, 41.4980354309, 23.8998641968, -3.82679319382, -18.4673976898, 0.0767952799797, -10.4301080704, -10.0658931732, 23.3767700195, 112.211578369, 29.4874000549], [-228.658432007, 8.36548042297, 34.131072998, 48.7844734192, 22.8412399292, -7.23207902908, 6.46332550049, -0.856559336185, -7.11328077316, -13.1514129639, -6.8343462944, 29.4874000549, 103.993537903]], "icov": [[6.54213290545e-05, -7.06538628492e-07, 0.000103525606391, -8.84275414137e-06, 0.000119458578411, -0.000106896128273, 7.82440329203e-05, -7.02542311046e-05, 1.97666831809e-05, -0.000119387448649, 0.000151812593685, 3.21151014759e-06, 7.02810502844e-05], [-7.06538628492e-07, 0.000544587033801, 3.89143679058e-05, -0.000197123154067, -0.000122009638289, 3.79258599423e-05, -0.000120206837892, 6.56594056636e-05, 2.21129539568e-05, 0.000328717200318, -0.000163776363479, 0.000213516264921, 4.35645415564e-05], [0.000103525606391, 3.89143679058e-05, 0.00157779047731, -0.000473493419122, 3.91122412111e-05, -0.000412279914599, 0.000347566208802, -0.000397707946831, 0.000455615634564, -0.000407122221077, 0.000117571966257, -0.000483771058498, -8.77775346453e-06], [-8.84275414137e-06, -0.000197123154067, -0.000473493419122, 0.0033699197229, -0.00162018323317, 0.000435449299403, 0.000440564035671, 2.13264811464e-05, -0.000474225002108, 0.000460480019683, 0.000294164346997, -0.000426328188041, -0.000904099491891], [0.000119458578411, -0.000122009638289, 3.91122412111e-05, -0.00162018323317, 0.00419999565929, -0.00134974892717, 0.00106375408359, 0.000199357804377, -0.000299072620692, -0.000553649908397, 0.000621538551059, -0.000156369846081, -6.64312537992e-05], [-0.000106896128273, 3.79258599423e-05, -0.000412279914599, 0.000435449299403, -0.00134974892717, 0.00601641088724, -0.00260160630569, 0.000311021431116, 0.000110716209747, 6.6236454586e-05, -0.000359937752364, -0.000141925411299, 0.000604601867963], [7.82440329203e-05, -0.000120206837892, 0.000347566208802, 0.000440564035671, 0.00106375408359, -0.00260160630569, 0.0056981779635, -0.00167802802753, 0.000382843223633, 0.000623410684057, -0.00115660973825, 0.00104574661236, -0.00118908123113], [-7.02542311046e-05, 6.56594056636e-05, -0.000397707946831, 2.13264811464e-05, 0.000199357804377, 0.000311021431116, -0.00167802802753, 0.00716230086982, -0.00110809574835, -0.000550390861463, 0.000530587043613, -0.000526134099346, 0.000140552598168], [1.97666831809e-05, 2.21129539568e-05, 0.000455615634564, -0.000474225002108, -0.000299072620692, 0.000110716209747, 0.000382843223633, -0.00110809574835, 0.00646557146683, -0.00190288445447, 0.000226500356803, 0.000408098538173, 0.000255855615251], [-0.000119387448649, 0.000328717200318, -0.000407122221077, 0.000460480019683, -0.000553649908397, 6.6236454586e-05, 0.000623410684057, -0.000550390861463, -0.00190288445447, 0.00886466074735, -0.00355995562859, 0.00144616281614, 5.84677145525e-05], [0.000151812593685, -0.000163776363479, 0.000117571966257, 0.000294164346997, 0.000621538551059, -0.000359937752364, -0.00115660973825, 0.000530587043613, 0.000226500356803, -0.00355995562859, 0.0109374532476, -0.00313846603967, 0.00125909992494], [3.21151014759e-06, 0.000213516264921, -0.000483771058498, -0.000426328188041, -0.000156369846081, -0.000141925411299, 0.00104574661236, -0.000526134099346, 0.000408098538173, 0.00144616281614, -0.00313846603967, 0.0111645227298, -0.00285735563375], [7.02810502844e-05, 4.35645415564e-05, -8.77775346453e-06, -0.000904099491891, -6.64312537992e-05, 0.000604601867963, -0.00118908123113, 0.000140552598168, 0.000255855615251, 5.84677145525e-05, 0.00125909992494, -0.00285735563375, 0.0112435566261]], "mean": [-717.11505127, 117.674491882, -2.61348366737, 19.1563205719, 6.44550800323, 5.07274723053, -1.85750925541, 5.63080358505, 0.402539163828, 1.42373692989, -3.9160027504, -1.1510784626, 0.480417490005]}, "pitch_salience": {"dmean": 0.0714671090245, "dmean2": 0.115518420935, "dvar": 0.00454119872302, "dvar2": 0.0113101117313, "max": 0.95259231329, "mean": 0.560426473618, "median": 0.569785356522, "min": 0.0109501332045, "var": 0.0160722211003}, "silence_rate_20dB": {"dmean": 0, "dmean2": 0, "dvar": 0, "dvar2": 0, "max": 1, "mean": 1, "median": 1, "min": 1, "var": 0}, "silence_rate_30dB": {"dmean": 0, "dmean2": 0, "dvar": 0, "dvar2": 0, "max": 1, "mean": 1, "median": 1, "min": 1, "var": 0}, "silence_rate_60dB": {"dmean": 0.0494456477463, "dmean2": 0.098903901875, "dvar": 0.046998038888, "dvar2": 0.102880515158, "max": 1, "mean": 0.263251781464, "median": 0, "min": 0, "var": 0.193952351809}, "spectral_centroid": {"dmean": 250.237991333, "dmean2": 374.120452881, "dvar": 104266.09375, "dvar2": 206879.515625, "max": 11594.9296875, "mean": 1543.60693359, "median": 1274.63476562, "min": 164.756393433, "var": 2529224.75}, "spectral_complexity": {"dmean": 2.85204529762, "dmean2": 4.04562854767, "dvar": 13.9363908768, "dvar2": 24.0703887939, "max": 58, "mean": 13.3909273148, "median": 11, "min": 0, "var": 123.904640198}, "spectral_contrast_coeffs": {"dmean": [0.0455463975668, 0.045678589493, 0.0405790731311, 0.0339030772448, 0.0247713625431, 0.0210152417421], "dmean2": [0.0748939886689, 0.0732721760869, 0.063284508884, 0.053073361516, 0.0384177528322, 0.0317680835724], "dvar": [0.00148771901149, 0.00168726302218, 0.00139505451079, 0.000959437864367, 0.000508569413796, 0.000400350138079], "dvar2": [0.00387110817246, 0.00421917904168, 0.00308992620558, 0.00209544482641, 0.00110944127664, 0.000866487040184], "max": [-0.342390269041, -0.367518424988, -0.426102995872, -0.436657845974, -0.529971301556, -0.568086385727], "mean": [-0.674890697002, -0.73372823, -0.745404958725, -0.759759783745, -0.783769130707, -0.773516356945], "median": [-0.671971917152, -0.737326383591, -0.760355830193, -0.769169807434, -0.784948170185, -0.769382536411], "min": [-0.979471385479, -0.976970970631, -0.977603018284, -0.972769737244, -0.96877259016, -0.966080546379], "var": [0.00760039640591, 0.00724879698828, 0.00963565614074, 0.00673423614353, 0.00344049977139, 0.00285274977796]}, "spectral_contrast_valleys": {"dmean": [0.424923062325, 0.390601038933, 0.380818933249, 0.348336905241, 0.338639497757, 0.398554265499], "dmean2": [0.682029128075, 0.609846770763, 0.569749176502, 0.502866923809, 0.458801656961, 0.51288998127], "dvar": [0.142653256655, 0.144304648042, 0.153299987316, 0.138551414013, 0.15310485661, 0.224148660898], "dvar2": [0.321251422167, 0.300790160894, 0.288807123899, 0.246055722237, 0.246764197946, 0.368037819862], "max": [-5.6844291687, -4.79993724823, -4.86790466309, -5.39936685562, -5.61066293716, -6.93171787262], "mean": [-8.40190410614, -7.96031713486, -8.5788974762, -8.85167121887, -8.81616401672, -11.3341779709], "median": [-7.745470047, -7.3224697113, -7.97747802734, -8.2132730484, -8.1603603363, -10.5933551788], "min": [-28.0388088226, -28.1687507629, -27.8825912476, -27.8231697083, -27.5962104797, -27.4295578003], "var": [9.80107307434, 10.3212881088, 10.255604744, 10.0011205673, 10.1470823288, 8.80722332001]}, "spectral_decrease": {"dmean": 1.21821941423e-09, "dmean2": 1.7894291604e-09, "dvar": 3.31000768209e-18, "dvar2": 6.69391857524e-18, "max": 1.28785559026e-20, "mean": -3.80598352834e-09, "median": -2.37595210173e-09, "min": -2.41720048422e-08, "var": 1.51895225514e-17}, "spectral_energy": {"dmean": 0.00504828896374, "dmean2": 0.00733346585184, "dvar": 5.66621347389e-05, "dvar2": 0.000111596033094, "max": 0.0959877148271, "mean": 0.0160249341279, "median": 0.00960005819798, "min": 1.00303177908e-20, "var": 0.000275550060906}, "spectral_energyband_high": {"dmean": 0.000314087141305, "dmean2": 0.000442146381829, "dvar": 1.34823176268e-06, "dvar2": 2.06095546673e-06, "max": 0.0706496760249, "mean": 0.000639568490442, "median": 0.000134847170557, "min": 6.68286446634e-21, "var": 4.19591333412e-06}, "spectral_energyband_low": {"dmean": 0.00171996559948, "dmean2": 0.00281074875966, "dvar": 1.44874584294e-05, "dvar2": 3.60317462764e-05, "max": 0.0732035115361, "mean": 0.0029596183449, "median": 0.00151718477719, "min": 1.92462150025e-23, "var": 2.04138596018e-05}, "spectral_energyband_middle_high": {"dmean": 0.00262387515977, "dmean2": 0.00380285247229, "dvar": 2.45179435296e-05, "dvar2": 4.9428526836e-05, "max": 0.065057374537, "mean": 0.00733520835638, "median": 0.00138818961568, "min": 1.18668782686e-21, "var": 0.000126263796119}, "spectral_energyband_middle_low": {"dmean": 0.00254534324631, "dmean2": 0.00385165517218, "dvar": 1.99156147573e-05, "dvar2": 4.60316950921e-05, "max": 0.0796132832766, "mean": 0.00570027902722, "median": 0.00342083629221, "min": 1.25282509211e-22, "var": 4.84434312966e-05}, "spectral_entropy": {"dmean": 0.181802257895, "dmean2": 0.269070029259, "dvar": 0.0412663444877, "dvar2": 0.0840995982289, "max": 9.82276916504, "mean": 7.4570441246, "median": 7.50742053986, "min": 5.14971542358, "var": 0.423103392124}, "spectral_flux": {"dmean": 0.020827440545, "dmean2": 0.0323125943542, "dvar": 0.000630573369563, "dvar2": 0.00144356291275, "max": 0.293495088816, "mean": 0.0662237256765, "median": 0.0520499795675, "min": 6.39059569152e-11, "var": 0.00281389453448}, "spectral_kurtosis": {"dmean": 2.13487172127, "dmean2": 3.48878550529, "dvar": 8.71866321564, "dvar2": 22.9981861115, "max": 59.0805854797, "mean": 5.59479045868, "median": 4.24443244934, "min": -1.26138746738, "var": 29.6094207764}, "spectral_rms": {"dmean": 0.000582302804105, "dmean2": 0.000822715170216, "dvar": 5.21038259649e-07, "dvar2": 9.35705259053e-07, "max": 0.00967711489648, "mean": 0.00333943660371, "median": 0.00306037743576, "min": 3.12820646123e-12, "var": 4.48231776318e-06}, "spectral_rolloff": {"dmean": 454.972808838, "dmean2": 754.964782715, "dvar": 765257.5, "dvar2": 1644849.125, "max": 19573.6816406, "mean": 1865.40466309, "median": 1205.859375, "min": 21.533203125, "var": 8577905}, "spectral_skewness": {"dmean": 0.262419044971, "dmean2": 0.411460250616, "dvar": 0.0825841724873, "dvar2": 0.198271989822, "max": 6.14056682587, "mean": 1.65578973293, "median": 1.57001793385, "min": -0.312801778316, "var": 0.471537023783}, "spectral_spread": {"dmean": 589455.3125, "dmean2": 867742.625, "dvar": 715190108160, "dvar2": 1462707552260.0, "max": 42779188, "mean": 5087999