{"lowlevel": {"average_loudness": 0.950323164463, "barkbands": {"dmean": [0.000138874675031, 0.00081171374768, 0.0011566511821, 0.000706748396624, 0.00134486984462, 0.00125601456966, 0.00112511334009, 0.00139302201569, 0.00170095916837, 0.000911409792025, 0.00102990271989, 0.00098394730594, 0.00199123332277, 0.00124220969155, 0.000625306100119, 0.000283953675535, 0.000245606119279, 0.000138225906994, 9.06570712687e-05, 9.21861501411e-05, 6.67877320666e-05, 0.00011137968977, 7.45109864511e-05, 5.03457304148e-05, 3.64057705156e-05, 2.10492544284e-05, 5.02734519614e-06], "dmean2": [0.00023202727607, 0.00130290631205, 0.00160665158182, 0.00118610949721, 0.00220466824248, 0.00203252746724, 0.00182098173536, 0.00225877598859, 0.00269950693473, 0.00140195677523, 0.00142226822209, 0.00147640949581, 0.00307749956846, 0.00187691161409, 0.000929717440158, 0.000422602548497, 0.000372867827537, 0.000210695929127, 0.000141394790262, 0.000142579403473, 9.87353632809e-05, 0.000165854915394, 0.000113642243377, 7.71089544287e-05, 5.32839803782e-05, 2.8490954719e-05, 7.34773175282e-06], "dvar": [3.13822283715e-08, 2.89831450573e-06, 9.49480545387e-06, 4.41835118181e-06, 4.19084926762e-06, 4.20613514507e-06, 3.38535051014e-06, 7.7192335084e-06, 9.02107694856e-06, 4.11720384363e-06, 5.50785762243e-06, 4.38586221208e-06, 1.30265088956e-05, 6.0549355112e-06, 2.3169313863e-06, 6.00740747814e-07, 2.57155903682e-07, 5.4127038851e-08, 1.46991103733e-08, 1.7625273685e-08, 1.04835171655e-08, 3.37503678338e-08, 2.03596517423e-08, 9.57211909736e-09, 5.81440406933e-09, 3.33933636298e-09, 2.75489714374e-10], "dvar2": [8.55485922102e-08, 7.42118936614e-06, 1.91017716134e-05, 1.18254629342e-05, 1.1229663869e-05, 1.08662998173e-05, 8.50564356369e-06, 1.74275191966e-05, 2.10171401704e-05, 9.24865253182e-06, 9.18405839911e-06, 8.60302952788e-06, 2.84818052023e-05, 1.30894104586e-05, 4.5834294724e-06, 1.34065464863e-06, 5.06279491219e-07, 1.12568635302e-07, 3.40838361979e-08, 4.22317327775e-08, 2.2539071054e-08, 7.52782014501e-08, 4.63506140136e-08, 2.29220038506e-08, 1.17145155798e-08, 6.1647491556e-09, 5.42715206109e-10], "max": [0.00772460922599, 0.0425930917263, 0.0887484326959, 0.0804879590869, 0.0430499240756, 0.0425883829594, 0.0348297543824, 0.0558623932302, 0.0533713586628, 0.0297634415329, 0.0413904599845, 0.0498688034713, 0.0697430744767, 0.0369029827416, 0.0282172672451, 0.0235501751304, 0.0198078341782, 0.00568952597678, 0.0025776727125, 0.00359594332986, 0.00271446281113, 0.00482673384249, 0.00337459356524, 0.00247975508682, 0.00171315879561, 0.00168186263181, 0.000501671165694], "mean": [0.00134981318843, 0.00149159005377, 0.00163226167206, 0.000877788290381, 0.00223077321425, 0.00207055546343, 0.00181083427742, 0.00209418777376, 0.00281665008515, 0.00166030495893, 0.00191326159984, 0.00170293822885, 0.00348664540797, 0.00219924259, 0.00111745472532, 0.00065916479798, 0.000546176335774, 0.000310922070639, 0.000213037666981, 0.00023389175476, 0.000158028284204, 0.000268942007096, 0.000150888576172, 0.000108489584818, 8.02897557151e-05, 3.70473753719e-05, 5.940902156e-06], "median": [0.00141393195372, 0.000811717007309, 0.000333849748131, 0.000359499506885, 0.0015244029928, 0.0012568787206, 0.00114774925169, 0.000920150079764, 0.00109822198283, 0.000474783766549, 0.000482433562865, 0.000622252991889, 0.00124943279661, 0.000743216252886, 0.00035010612919, 0.000221393594984, 0.00030662183417, 0.000183840253158, 0.000159640330821, 0.000169449122041, 0.000102983307443, 0.000168733604369, 9.9386619695e-05, 6.51431400911e-05, 3.15776560456e-05, 9.30763781071e-06, 8.32918317428e-07], "min": [4.53495245375e-23, 2.14762174964e-23, 1.26942384574e-23, 1.71794088971e-23, 4.39021856575e-23, 5.51610483105e-23, 5.76429498687e-23, 3.33868717392e-23, 2.97436091563e-23, 7.37532692235e-23, 5.71621296807e-23, 1.2478445399e-22, 3.69155633197e-23, 1.14713477021e-22, 2.53272161858e-22, 5.15323102346e-23, 1.45767724929e-22, 1.66168576706e-22, 1.4284154322e-22, 3.79222829945e-22, 5.01432050666e-22, 5.48180124614e-22, 8.23917227517e-22, 9.340875473e-22, 1.23869054747e-21, 1.6066898936e-21, 2.3012572577e-21], "var": [1.2126562865e-07, 4.95015683555e-06, 1.59789542522e-05, 4.15516660723e-06, 6.42797067485e-06, 6.82798054186e-06, 5.26926623934e-06, 1.54153312906e-05, 2.02452483791e-05, 1.18971856864e-05, 1.8635089873e-05, 1.01697996797e-05, 3.61285747204e-05, 1.50306441355e-05, 5.90309491599e-06, 1.88339868146e-06, 8.30218823467e-07, 2.04012607696e-07, 3.91491461471e-08, 5.08976079061e-08, 2.97889641843e-08, 9.84226531386e-08, 3.49566420255e-08, 1.75658119161e-08, 1.64280571369e-08, 7.29920879294e-09, 3.81010833994e-10]}, "barkbands_crest": {"dmean": 2.34423685074, "dmean2": 3.78522872925, "dvar": 4.42618751526, "dvar2": 11.2325468063, "max": 26.7952766418, "mean": 8.606341362, "median": 7.63792896271, "min": 2.03080129623, "var": 16.4458408356}, "barkbands_flatness_db": {"dmean": 0.015905443579, "dmean2": 0.0236131567508, "dvar": 0.000241283210926, "dvar2": 0.000494423962664, "max": 0.413216501474, "mean": 0.106702633202, "median": 0.100005738437, "min": 0.0179937779903, "var": 0.00217268173583}, "barkbands_kurtosis": {"dmean": 1.51517224312, "dmean2": 2.19672703743, "dvar": 55.6161651611, "dvar2": 62.067024231, "max": 695.241699219, "mean": 2.52363777161, "median": 0.774082899094, "min": -1.7875392437, "var": 393.269256592}, "barkbands_skewness": {"dmean": 0.386981517076, "dmean2": 0.566277265549, "dvar": 0.189492747188, "dvar2": 0.333220213652, "max": 24.0295124054, "mean": 0.605273425579, "median": 0.4769333601, "min": -2.84222245216, "var": 1.45997297764}, "barkbands_spread": {"dmean": 4.3871383667, "dmean2": 6.6750202179, "dvar": 27.3437366486, "dvar2": 59.922290802, "max": 105.58782196, "mean": 21.9638690948, "median": 19.9835205078, "min": 0.339102983475, "var": 107.497207642}, "dissonance": {"dmean": 0.0228684302419, "dmean2": 0.0387197434902, "dvar": 0.000498056586366, "dvar2": 0.00136872997973, "max": 0.499999970198, "mean": 0.456455230713, "median": 0.46392595768, "min": 0.238622844219, "var": 0.001067974139}, "dynamic_complexity": 2.27034568787, "erbbands": {"dmean": [0.0161516033113, 0.220828592777, 1.1100127697, 1.8671643734, 3.19813680649, 4.74381875992, 10.2763929367, 8.80237865448, 15.7925882339, 18.8907318115, 35.8853988647, 37.264995575, 18.8500595093, 38.3048706055, 29.9430675507, 48.2629127502, 81.8932342529, 62.495716095, 34.7777099609, 23.9267082214, 12.999341011, 11.7219333649, 8.55131912231, 3.70074820518, 4.99235248566, 4.4289522171, 2.89860439301, 2.91411828995, 4.07476568222, 3.28859400749, 1.86959135532, 1.17117369175, 0.81188762188, 0.474407196045, 0.237604692578, 0.0988036394119, 0.0351650305092, 0.00997294764966, 0.000874054210726, 2.72086163022e-05], "dmean2": [0.0262289829552, 0.347583919764, 1.53856134415, 3.00939512253, 5.40936040878, 7.79442548752, 16.3144550323, 14.3280467987, 25.3457317352, 30.3848590851, 56.1662216187, 59.3496360779, 28.4773788452, 55.2646369934, 42.6520233154, 72.1278839111, 125.741775513, 92.2902374268, 52.5397987366, 34.1885795593, 18.581905365, 17.6203632355, 12.8007154465, 5.61867523193, 7.82976961136, 6.84466028214, 4.40162086487, 4.36312913895, 6.12040233612, 4.99767971039, 2.82344126701, 1.79736411572, 1.22928392887, 0.706429183483, 0.345572024584, 0.139910563827, 0.0478585995734, 0.0135855311528, 0.0013094706228, 4.05740393035e-05], "dvar": [0.00176805991214, 0.194191768765, 7.6293091774, 33.316619873, 36.1822662354, 53.6728820801, 335.301757813, 219.160171509, 603.522766113, 1374.83007813, 4259.94726563, 4556.828125, 2283.77539063, 6000.47070313, 4189.10205078, 8242.08789063, 23411.9921875, 15379.5634766, 5437.30371094, 4115.7734375, 1561.046875, 398.72567749, 184.878829956, 25.2955570221, 46.7056465149, 42.1102600098, 22.1246910095, 21.2794094086, 47.6506843567, 31.1261901855, 13.7612352371, 5.45609664917, 2.69924974442, 0.824089288712, 0.3169721663, 0.0663075968623, 0.00963353738189, 0.00090906326659, 9.71906774794e-06, 6.50022968784e-09], "dvar2": [0.00458346074447, 0.486007153988, 14.6077432632, 88.9437408447, 100.356620789, 145.184432983, 825.475585938, 571.937194824, 1549.17333984, 3112.48730469, 9708.015625, 10873.7041016, 4981.86035156, 11238.2607422, 7731.94726563, 16120.5859375, 50622.1640625, 31426.9277344, 11586.7480469, 8376.54296875, 3193.8359375, 758.405334473, 385.223571777, 54.5578804016, 108.077484131, 101.882225037, 52.9688148499, 45.7369842529, 106.600616455, 68.1431655884, 31.58801651, 13.0494623184, 6.44777107239, 1.72110748291, 0.634194612503, 0.12779854238, 0.0176621675491, 0.00161241076421, 2.03204581339e-05, 1.38452209697e-08], "max": [1.19013571739, 10.9155139923, 78.1533279419, 209.389648438, 150.395782471, 141.147384644, 436.598358154, 334.508972168, 387.42388916, 926.739929199, 1154.90185547, 1304.88964844, 892.438781738, 1548.23657227, 1325.04577637, 2230.42333984, 3852.43945313, 1823.99658203, 1417.79650879, 1228.24902344, 1449.32165527, 620.620422363, 324.022583008, 106.715919495, 173.964752197, 214.218521118, 109.697463989, 130.041152954, 191.474853516, 184.937545776, 70.4443283081, 39.5763511658, 49.6067123413, 18.8551139832, 14.380988121, 6.34298563004, 2.48221850395, 0.881529927254, 0.107245191932, 0.00288475188427], "mean": [0.0347881726921, 0.39139097929, 1.71313488483, 2.53581094742, 4.49416446686, 7.78444957733, 17.0794563293, 14.2927341461, 24.8600215912, 29.6777572632, 59.5378227234, 62.9946975708, 38.6236114502, 75.9082336426, 59.0209999084, 95.5251846313, 156.971359253, 120.417831421, 68.2397003174, 53.4184608459, 32.6066741943, 29.2696304321, 22.0064620972, 9.64090442657, 12.1558170319, 11.2384748459, 7.24469184875, 6.9751701355, 9.79988670349, 7.26863288879, 3.81851220131, 2.31701517105, 1.7649667263, 1.05804419518, 0.498482763767, 0.189003616571, 0.0588633678854, 0.0142066571862, 0.00101759226527, 6.39111240162e-05], "median": [0.0150974271819, 0.210675165057, 0.500701904297, 1.04549455643, 2.78844451904, 5.29719734192, 9.06988716125, 8.84743499756, 15.4343557358, 17.1453742981, 28.4205684662, 27.5050449371, 11.9703025818, 25.0974731445, 24.6427516937, 45.5654411316, 63.2289886475, 46.7026939392, 31.4737758636, 16.4137306213, 13.0841064453, 17.4533729553, 13.5145359039, 7.21595001221, 9.33680915833, 8.29412460327, 4.83757162094, 4.45958709717, 5.91174459457, 4.8300113678, 2.47656202316, 1.41074037552, 1.03471982479, 0.502432584763, 0.146553605795, 0.0513994954526, 0.0139529760927, 0.00281051453203, 0.000140424119309, 4.83444418933e-05], "min": [1.01619612831e-21, 3.75712300467e-21, 1.6364936392e-20, 2.7451943488e-20, 1.06567558859e-19, 1.57229107891e-19, 2.65148893794e-19, 4.8312641729e-19, 4.03321712002e-19, 1.30138020007e-18, 6.83439679751e-19, 5.91388074355e-19, 2.44825298788e-18, 1.76522245234e-18, 2.94456052823e-18, 5.35449106552e-18, 2.0981454849e-18, 4.82282858501e-18, 1.01357964246e-17, 9.10617493761e-18, 4.02231751618e-18, 6.89756961487e-18, 8.23937237371e-18, 8.33524756979e-18, 9.25654810116e-18, 1.53761808197e-17, 2.13893802088e-17, 1.90336078746e-17, 1.98713052614e-17, 2.52702734149e-17, 2.24199430273e-17, 1.8229537034e-17, 1.66487948834e-17, 1.14724756267e-17, 1.0105108851e-17, 5.02645853154e-18, 3.29464714491e-18, 1.1288554499e-18, 3.18025458024e-19, 3.61401736596e-20], "var": [0.00283235614188, 0.347082465887, 14.2941703796, 32.5026702881, 43.0428848267, 78.1048736572, 592.572265625, 321.215484619, 929.671203613, 2428.3762207, 9113.90429688, 9729.37792969, 7671.97265625, 20151.7324219, 11916.8017578, 21819.3300781, 70330.9921875, 43070.4804688, 11873.2568359, 12854.2900391, 5191.02148438, 1684.24719238, 890.70123291, 75.9943084717, 128.661239624, 116.371032715, 65.2472381592, 58.8407058716, 140.33770752, 72.8075027466, 23.1292877197, 8.93657493591, 4.9919552803, 2.14582252502, 0.889647781849, 0.162594720721, 0.020344208926, 0.00158660812303, 1.21916636999e-05, 8.36389624226e-09]}, "erbbands_crest": {"dmean": 2.86642122269, "dmean2": 4.64570569992, "dvar": 7.45110177994, "dvar2": 18.557849884, "max": 32.0101928711, "mean": 10.423915863, "median": 9.22541236877, "min": 2.56402182579, "var": 26.2343959808}, "erbbands_flatness_db": {"dmean": 0.0165916755795, "dmean2": 0.0239627044648, "dvar": 0.000259801570792, "dvar2": 0.00049498793669, "max": 0.392209798098, "mean": 0.170620262623, "median": 0.168411239982, "min": 0.0505036376417, "var": 0.00218736613169}, "erbbands_kurtosis": {"dmean": 1.02000689507, "dmean2": 1.58675980568, "dvar": 1.80021440983, "dvar2": 3.9740562439, "max": 30.1873779297, "mean": 1.65507531166, "median": 0.77449965477, "min": -1.74316382408, "var": 7.71208286285}, "erbbands_skewness": {"dmean": 0.319705069065, "dmean2": 0.481446474791, "dvar": 0.0888071805239, "dvar2": 0.200589224696, "max": 4.94567394257, "mean": 0.528876662254, "median": 0.481675565243, "min": -1.97964894772, "var": 0.454049766064}, "erbbands_spread": {"dmean": 5.85267496109, "dmean2": 8.78813934326, "dvar": 49.7109031677, "dvar2": 106.863937378, "max": 153.295150757, "mean": 26.8995819092, "median": 24.2571907043, "min": 2.2443652153, "var": 217.321655273}, "gfcc": {"cov": [[4064.10107422, -310.11428833, -187.228820801, 288.094573975, -85.4061965942, 115.439697266, -153.077148438, 8.55895423889, -82.9086990356, 0.986327946186, -243.799102783, -79.3608093262, -65.1395263672], [-310.11428833, 901.579772949, 154.783828735, 113.414077759, 71.6932067871, -9.3541469574, 57.6423988342, -9.93726444244, 9.76837158203, -70.0670166016, 90.7598190308, -54.89686203, -59.2632217407], [-187.228820801, 154.783828735, 710.963439941, 174.443649292, 96.6153564453, -61.9913139343, -93.0811080933, 29.255022049, -58.8011474609, 16.157913208, -16.8350543976, -11.4370365143, -117.186332703], [288.094573975, 113.414077759, 174.443649292, 298.249664307, 67.5200271606, -39.9140090942, -91.1474533081, 3.852612257, -0.0431461632252, -7.35444974899, -42.4897994995, -32.223613739, -18.3330154419], [-85.4061965942, 71.6932067871, 96.6153564453, 67.5200271606, 209.753234863, 19.2426948547, -10.3162145615, 23.7460212708, 7.4886059761, 25.2674655914, -37.4968261719, -22.4834308624, -4.678191185], [115.439697266, -9.3541469574, -61.9913139343, -39.9140090942, 19.2426948547, 183.606811523, 117.608032227, 0.177593126893, -14.8655338287, -7.78844833374, 9.02568054199, -7.08130455017, -10.1596746445], [-153.077148438, 57.6423988342, -93.0811080933, -91.1474533081, -10.3162145615, 117.608032227, 199.660400391, 6.02110624313, 4.21987724304, -29.7527809143, 44.8958587646, 5.59736824036, -12.4605751038], [8.55895423889, -9.93726444244, 29.255022049, 3.852612257, 23.7460212708, 0.177593126893, 6.02110624313, 100.348312378, 21.0729980469, 25.0312576294, -17.0241146088, -12.5057239532, -1.91065192223], [-82.9086990356, 9.76837158203, -58.8011474609, -0.0431461632252, 7.4886059761, -14.8655338287, 4.21987724304, 21.0729980469, 120.412254333, 19.5979919434, 6.68114519119, -3.90329051018, 22.5694541931], [0.986327946186, -70.0670166016, 16.157913208, -7.35444974899, 25.2674655914, -7.78844833374, -29.7527809143, 25.0312576294, 19.5979919434, 81.3043823242, 7.68407678604, 6.02878093719, 9.96685504913], [-243.799102783, 90.7598190308, -16.8350543976, -42.4897994995, -37.4968261719, 9.02568054199, 44.8958587646, -17.0241146088, 6.68114519119, 7.68407678604, 125.514183044, 44.5868644714, 4.67950487137], [-79.3608093262, -54.89686203, -11.4370365143, -32.223613739, -22.4834308624, -7.08130455017, 5.59736824036, -12.5057239532, -3.90329051018, 6.02878093719, 44.5868644714, 79.9292907715, 31.0658912659], [-65.1395263672, -59.2632217407, -117.186332703, -18.3330154419, -4.678191185, -10.1596746445, -12.4605751038, -1.91065192223, 22.5694541931, 9.96685504913, 4.67950487137, 31.0658912659, 92.0163192749]], "icov": [[0.000389149150578, -3.85862904295e-06, 0.000333789736032, -0.000505042262375, 0.000384659098927, -0.00055938801961, 0.000416838302044, -0.000110441695142, 0.000203362083994, -0.0002807295823, 0.000752505788114, -0.000417856295826, 0.000692749337759], [-3.85862904295e-06, 0.00186147424392, -0.000267780967988, -0.000501951086335, -0.000872529635672, 0.00054704368813, -0.000446364050731, -9.41078396863e-05, -0.000226398027735, 0.0019454160938, -0.00258268951438, 0.00215273210779, -4.18795061705e-05], [0.000333789736032, -0.000267780967988, 0.00289632449858, -0.00136846723035, -0.000464738957817, -4.26837541454e-05, 0.00110094307456, -0.000903707987163, 0.00104447454214, -0.00077513087308, 0.000756410940085, -0.00226231967099, 0.004134837538], [-0.000505042262375, -0.000501951086335, -0.00136846723035, 0.00576165458187, -0.0013168391306, -2.56177445408e-05, 0.00193329004105, 0.00020318083989, -0.000930918962695, 0.00176039140206, -0.000423368619522, 0.00144914304838, -0.00150949507952], [0.000384659098927, -0.000872529635672, -0.000464738957817, -0.0013168391306, 0.00699846725911, -0.00168872112408, -0.000230916120927, -0.000200333292014, -3.55447518814e-05, -0.00335287023336, 0.00353938993067, -0.000479025533423, -0.000656332878862], [-0.00055938801961, 0.00054704368813, -4.26837541454e-05, -2.56177445408e-05, -0.00168872112408, 0.0107421949506, -0.00723483040929, 0.00102732842788, 0.00149560917635, -0.00126333883964, -0.000650212692562, 0.00177314563189, -0.000756885157898], [0.000416838302044, -0.000446364050731, 0.00110094307456, 0.00193329004105, -0.000230916120927, -0.00723483040929, 0.0126480888575, -0.00255404599011, -0.00122295529582, 0.00460476567969, -0.00239707552828, -0.0011679250747, 0.0029614653904], [-0.000110441695142, -9.41078396863e-05, -0.000903707987163, 0.00020318083989, -0.000200333292014, 0.00102732842788, -0.00255404599011, 0.0123404422775, -0.00165479630232, -0.00424542604014, 0.0021722135134, 0.00130871648435, -0.000922172912396], [0.000203362083994, -0.000226398027735, 0.00104447454214, -0.000930918962695, -3.55447518814e-05, 0.00149560917635, -0.00122295529582, -0.00165479630232, 0.0102598629892, -0.00262306840159, -0.000283169356408, 0.00121867540292, -0.00152321183123], [-0.0002807295823, 0.0019454160938, -0.00077513087308, 0.00176039140206, -0.00335287023336, -0.00126333883964, 0.00460476567969, -0.00424542604014, -0.00262306840159, 0.0194298699498, -0.00630873208866, 0.00199500424787, -0.00117064802907], [0.000752505788114, -0.00258268951438, 0.000756410940085, -0.000423368619522, 0.00353938993067, -0.000650212692562, -0.00239707552828, 0.0021722135134, -0.000283169356408, -0.00630873208866, 0.0173401143402, -0.00994453765452, 0.00280530797318], [-0.000417856295826, 0.00215273210779, -0.00226231967099, 0.00144914304838, -0.000479025533423, 0.00177314563189, -0.0011679250747, 0.00130871648435, 0.00121867540292, 0.00199500424787, -0.00994453765452, 0.0232188254595, -0.00930957216769], [0.000692749337759, -4.18795061705e-05, 0.004134837538, -0.00150949507952, -0.000656332878862, -0.000756885157898, 0.0029614653904, -0.000922172912396, -0.00152321183123, -0.00117064802907, 0.00280530797318, -0.00930957216769, 0.0200619213283]], "mean": [30.5673980713, 78.5177688599, -134.133239746, 13.8002986908, -65.878364563, 19.7594871521, -39.385345459, 0.915548145771, -22.0232067108, 6.70844316483, -11.7395057678, 1.74280297756, -15.1327133179]}, "hfc": {"dmean": 7.27229452133, "dmean2": 10.2239809036, "dvar": 68.0010070801, "dvar2": 126.920974731, "max": 112.556190491, "mean": 32.0562553406, "median": 30.1327075958, "min": 1.18009728707e-16, "var": 379.036743164}, "melbands": {"dmean": [0.000189789832802, 0.000468371581519, 0.00033512050868, 0.000299135310343, 0.000307781301672, 0.000204980344279, 0.000234788210946, 0.000222076647333, 0.000337731384207, 0.000209616380744, 9.60160396062e-05, 0.000158379058121, 0.000126885206555, 8.56483457028e-05, 0.000229658850003, 0.000138456962304, 0.000128032217617, 6.60175064695e-05, 4.44869656349e-05, 2.41500511038e-05, 1.59521277965e-05, 1.24487605717e-05, 1.34905340019e-05, 5.96930158281e-06, 3.0262456221e-06, 4.03483181799e-06, 3.5262135043e-06, 3.16683167512e-06, 2.16030525735e-06, 1.69357258528e-06, 1.91740400624e-06, 2.51312235378e-06, 2.25056101044e-06, 1.82758253686e-06, 1.17702120406e-06, 9.33232399802e-07, 6.79081097132e-07, 6.00440387188e-07, 5.24042036432e-07, 4.07868185448e-07], "dmean2": [0.000307719776174, 0.000663685030304, 0.000536640698556, 0.000497297092807, 0.000488416408189, 0.000332910538418, 0.000376235111617, 0.000357070093742, 0.000528794189449, 0.000334243784891, 0.000146267921082, 0.000230946490774, 0.000176570203621, 0.000127005638205, 0.000356999429641, 0.000208681231015, 0.000191677521798, 0.000100843288237, 6.49638022878e-05, 3.51472917828e-05, 2.32856655202e-05, 1.88823814824e-05, 2.08010715141e-05, 9.13267558644e-06, 4.70446548206e-06, 6.39445761408e-06, 5.48871093997e-06, 4.9337895689e-06, 3.37484334523e-06, 2.55559234574e-06, 2.93950893138e-06, 3.82011558031e-06, 3.3886537949e-06, 2.82142809738e-06, 1.81847542535e-06, 1.4483415498e-06, 1.05894116587e-06, 9.31862132347e-07, 7.9768580008e-07, 6.16820841515e-07], "dvar": [1.78995193778e-07, 1.13796488677e-06, 8.14874283606e-07, 2.33359529034e-07, 2.78771835838e-07, 1.08890084505e-07, 1.3601793114e-07, 2.01021123303e-07, 3.40539514809e-07, 1.44011266912e-07, 6.17746209741e-08, 1.01621132842e-07, 8.21749068791e-08, 3.4631828072e-08, 1.76703167654e-07, 7.94174326302e-08, 6.66970265684e-08, 2.11453645704e-08, 1.5476915749e-08, 3.21627546818e-09, 3.09624392791e-09, 5.50335832461e-10, 5.27360322078e-10, 1.01892029536e-10, 1.76922695244e-11, 3.10495969214e-11, 2.4007346458e-11, 2.32461255106e-11, 1.46088488528e-11, 7.00519850461e-12, 9.37970274367e-12, 1.88566662285e-11, 1.37033301373e-11, 1.06624474874e-11, 5.50195002405e-12, 3.90599835462e-12, 1.86371946521e-12, 1.47627006106e-12, 1.1747288255e-12, 7.08369289875e-13], "dvar2": [4.62463589201e-07, 2.26941438086e-06, 2.11047586163e-06, 6.41778797217e-07, 6.90953868343e-07, 2.82636221982e-07, 3.48910958792e-07, 4.51514381439e-07, 7.75747992066e-07, 3.41527481851e-07, 1.35162409265e-07, 1.97967523263e-07, 1.37223608476e-07, 7.04574105725e-08, 3.93776787178e-07, 1.54831695909e-07, 1.40187211173e-07, 4.63026950115e-08, 3.08007201966e-08, 6.51050502398e-09, 6.31191321432e-09, 1.1188692195e-09, 1.14011244889e-09, 2.06443001582e-10, 3.95461406677e-11, 7.43373487766e-11, 5.61783709829e-11, 5.65194870072e-11, 3.68844746412e-11, 1.55091738063e-11, 2.1205951925e-11, 4.41082621816e-11, 2.95306556986e-11, 2.40917234079e-11, 1.27545309384e-11, 9.57876833407e-12, 4.58554028082e-12, 3.59307310467e-12, 2.67147285196e-12, 1.50460438379e-12], "max": [0.00992907956243, 0.0298792142421, 0.0316539742053, 0.0111527619883, 0.0116602005437, 0.00661108084023, 0.00589223811403, 0.0116256801412, 0.0081456778571, 0.00701265176758, 0.00471332855523, 0.00583034800366, 0.00587674695998, 0.00374907604419, 0.00681578414515, 0.00692215329036, 0.00397434830666, 0.0025350607466, 0.00261854892597, 0.00140639743768, 0.0023082238622, 0.000620433420409, 0.000585046305787, 0.000254863960436, 8.26218456496e-05, 0.000127523308038, 8.14089507912e-05, 0.000163420510944, 9.39691526582e-05, 7.03790210537e-05, 8.29078780953e-05, 0.000113075817353, 0.000110708700959, 0.000106201405288, 4.67609715997e-05, 4.17095470766e-05, 2.61904533545e-05, 3.40818951372e-05, 4.51700943813e-05, 1.59294995683e-05], "mean": [0.00041251143557, 0.000775790715124, 0.000484323187266, 0.000464854674647, 0.000534752442036, 0.00033871512278, 0.000370894063963, 0.00033999941661, 0.000565780384932, 0.000348651083186, 0.000184703414561, 0.000303687353153, 0.00023629773932, 0.000154297362315, 0.000420764932642, 0.000252601283137, 0.000228951685131, 0.000113815636723, 8.1629565102e-05, 5.73896722926e-05, 3.38082390954e-05, 2.83319859591e-05, 2.97034985124e-05, 1.35051377583e-05, 6.68719030728e-06, 8.86672205525e-06, 8.10463916423e-06, 7.44864246371e-06, 4.86461249238e-06, 3.64927859664e-06, 4.1737198444e-06, 5.65792697671e-06, 5.08576977154e-06, 3.64033394362e-06, 2.26042288887e-06, 1.71135957316e-06, 1.27386033455e-06, 1.21558809951e-06, 1.13871681151e-06, 8.34835759633e-07], "median": [0.000239777640672, 0.000304161745589, 0.000227117256145, 0.000301029009279, 0.000307966780383, 0.000213572289795, 0.000229910496273, 0.000184572825674, 0.00026227440685, 0.000145034777233, 4.06913168263e-05, 9.65870858636e-05, 7.20754615031e-05, 6.40817379463e-05, 0.000172972329892, 9.12302348297e-05, 7.41479889257e-05, 4.67687641503e-05, 2.35420702666e-05, 1.597503433e-05, 1.43718416439e-05, 1.65414276125e-05, 1.6360078007e-05, 8.04743922345e-06, 4.8325341595e-06, 6.56488373352e-06, 5.83097425988e-06, 5.12551378051e-06, 3.05724620375e-06, 2.24153700401e-06, 2.54232259067e-06, 3.28441956299e-06, 3.04535819851e-06, 2.36385903918e-06, 1.40338522669e-06, 1.03358638626e-06, 7.43694783978e-07, 7.03746536601e-07, 6.1628190906e-07, 3.34013179781e-07], "min": [1.03290086382e-23, 7.45153120134e-24, 7.60174925036e-24, 1.00288525858e-23, 8.92740633575e-24, 1.0650129458e-23, 7.74494091529e-24, 1.24656549661e-23, 4.64562238123e-24, 4.42244416481e-24, 1.23212926316e-23, 6.80286350075e-24, 9.2024963329e-24, 1.33875754068e-23, 8.98754593572e-24, 4.07368836418e-24, 9.62717960123e-24, 1.36664440477e-23, 2.10198456856e-23, 5.64110804563e-24, 5.13979561784e-24, 7.64852554659e-24, 6.33580223017e-24, 9.52321483367e-24, 6.27701513222e-24, 6.22572576274e-24, 8.05962147469e-24, 1.09000374374e-23, 1.46598802514e-23, 1.15529318547e-23, 1.06825319197e-23, 9.27389218913e-24, 1.42704038453e-23, 1.42639762066e-23, 1.23875979684e-23, 1.14744804265e-23, 1.10234342156e-23, 1.22261252408e-23, 1.0019329457e-23, 9.64327946344e-24], "var": [2.91853012868e-07, 2.15899740397e-06, 9.14016197839e-07, 3.23810326108e-07, 4.97606094996e-07, 1.68380779542e-07, 2.11518454307e-07, 3.76821105874e-07, 7.54070754283e-07, 3.05417785285e-07, 2.04133570492e-07, 3.31969829404e-07, 2.63793282329e-07, 8.1269746488e-08, 4.38940475078e-07, 2.49358464544e-07, 1.73001680537e-07, 4.14628864576e-08, 4.16813783488e-08, 1.30043646962e-08, 7.82582887382e-09, 1.85271398223e-09, 1.78179049293e-09, 3.64752117399e-10, 4.26143634269e-11, 7.45523226486e-11, 6.33936445005e-11, 6.13035386343e-11, 3.7768919936e-11, 1.80608306088e-11, 2.29830234705e-11, 4.95365137798e-11, 4.18140105873e-11, 2.05397174963e-11, 8.8829108999e-12, 5.61252476786e-12, 2.88818231484e-12, 2.51797020734e-12, 2.44582175693e-12, 1.68233905539e-12]}, "melbands_crest": {"dmean": 3.16066908836, "dmean2": 5.06536865234, "dvar": 8.12011814117, "dvar2": 20.3271579742, "max": 38.3011512756, "mean": 11.2889299393, "median": 10.0722084045, "min": 2.15265250206, "var": 25.2731361389}, "melbands_flatness_db": {"dmean": 0.0190083049238, "dmean2": 0.0281101707369, "dvar": 0.000363062863471, "dvar2": 0.000734262634069, "max": 0.4024284482, "mean": 0.158147066832, "median": 0.151485487819, "min": 0.00441623385996, "var": 0.00216018478386}, "melbands_kurtosis": {"dmean": 2.84234714508, "dmean2": 4.28783273697, "dvar": 29.8248271942, "dvar2": 62.309299469, "max": 183.558563232, "mean": 4.7999625206, "median": 2.29622483253, "min": -1.6093121767, "var": 89.9355316162}, "melbands_skewness": {"dmean": 0.497251331806, "dmean2": 0.733460962772, "dvar": 0.282177984715, "dvar2": 0.596417427063, "max": 12.1573181152, "mean": 1.29909348488, "median": 1.13248062134, "min": -1.56604993343, "var": 1.4255913496}, "melbands_spread": {"dmean": 6.13230895996, "dmean2": 9.38658428192, "dvar": 47.0776176453, "dvar2": 106.434631348, "max": 162.919494629, "mean": 27.3451576233, "median": 26.0995521545, "min": 1.34255087376, "var": 165.762664795}, "mfcc": {"cov": [[3782.38842773, -295.949798584, -225.126541138, 41.0461959839, -2.82442545891, 38.767906189, -100.9087677, -59.4659805298, 78.3129196167, -10.1812601089, -87.0262527466, -106.381652832, -80.7634887695], [-295.949798584, 730.721679688, 135.445617676, 73.7013168335, 30.3827209473, -23.7298469543, 64.3316116333, 40.906917572, -76.6389312744, 4.37469100952, 34.6586914063, 22.3205242157, 0.137913316488], [-225.126541138, 135.445617676, 479.807739258, 148.960418701, 72.0821762085, -28.6440849304, 7.80443525314, 1.59649848938, -83.5341186523, -15.2222452164, 9.54656124115, 22.0820121765, 11.5750541687], [41.0461959839, 73.7013168335, 148.960418701, 281.41204834, 149.097854614, -44.4796257019, -58.8903236389, -39.8800086975, -4.0900645256, -4.12071895599, -39.1589851379, -2.7845864296, 8.80473136902], [-2.82442545891, 30.3827209473, 72.0821762085, 149.097854614, 212.994873047, -10.6200838089, -44.5169334412, -52.962677002, 38.4243049622, 12.0566015244, -29.5276184082, -8.52547550201, 19.5022983551], [38.767906189, -23.7298469543, -28.6440849304, -44.4796257019, -10.6200838089, 138.184371948, 54.4450569153, 30.3994503021, 7.81371974945, -2.7666349411, 15.073012352, -9.26829910278, -21.4586238861], [-100.9087677, 64.3316116333, 7.80443525314, -58.8903236389, -44.5169334412, 54.4450569153, 157.513885498, 55.3223419189, -22.650636673, 6.51108217239, 14.0074806213, 6.08078336716, 1.26938664913], [-59.4659805298, 40.906917572, 1.59649848938, -39.8800086975, -52.962677002, 30.3994503021, 55.3223419189, 108.236366272, -7.04782819748, 4.35358285904, 21.670255661, 6.00595235825, -19.8675422668], [78.3129196167, -76.6389312744, -83.5341186523, -4.0900645256, 38.4243049622, 7.81371974945, -22.650636673, -7.04782819748, 131.097122192, 32.0104370117, -10.1874914169, -12.873960495, 1.51970231533], [-10.1812601089, 4.37469100952, -15.2222452164, -4.12071895599, 12.0566015244, -2.7666349411, 6.51108217239, 4.35358285904, 32.0104370117, 79.9808731079, 19.4002552032, -2.35474085808, -8.79306221008], [-87.0262527466, 34.6586914063, 9.54656124115, -39.1589851379, -29.5276184082, 15.073012352, 14.0074806213, 21.670255661, -10.1874914169, 19.4002552032, 75.7532348633, 25.9794845581, -8.96088600159], [-106.381652832, 22.3205242157, 22.0820121765, -2.7845864296, -8.52547550201, -9.26829910278, 6.08078336716, 6.00595235825, -12.873960495, -2.35474085808, 25.9794845581, 67.7020492554, 16.3170204163], [-80.7634887695, 0.137913316488, 11.5750541687, 8.80473136902, 19.5022983551, -21.4586238861, 1.26938664913, -19.8675422668, 1.51970231533, -8.79306221008, -8.96088600159, 16.3170204163, 77.2783050537]], "icov": [[0.000301469612168, 7.1192807809e-05, 0.000111618501251, -0.000148901279317, 0.000122829587781, -0.000112335328595, 0.000100673416455, 0.000116042043373, -4.82004470541e-05, 2.40041408688e-05, 0.000171119041624, 0.000253949634498, 0.000251074554399], [7.1192807809e-05, 0.00170486338902, -4.87309771415e-05, -0.000452502194094, -0.00043337943498, 0.000575953454245, -0.000775853637606, -0.000510451907758, 0.0007956471527, -3.93745431211e-05, -0.000827673182357, 0.000120219410746, 0.000139543699333], [0.000111618501251, -4.87309771415e-05, 0.00307056796737, -0.00150703603867, -0.000594237528276, 0.000295794947306, -0.000419852352934, -0.000411382643506, 0.00175327959005, 0.000177653870196, -0.00089573697187, -0.000117146773846, -0.000131638924358], [-0.000148901279317, -0.000452502194094, -0.00150703603867, 0.00751938438043, -0.00433220434934, 0.00102663692087, 0.00148489722051, -0.00055152643472, 0.000675129413139, -0.00013283174485, 0.00263267545961, -0.000873858458363, 0.000887779984623], [0.000122829587781, -0.00043337943498, -0.000594237528276, -0.00433220434934, 0.00963624939322, -0.00195714202709, 0.00057514780201, 0.00297365873121, -0.00283998670056, -0.00129051425029, 0.000991286127828, 0.000394131318899, -0.00156777654774], [-0.000112335328595, 0.000575953454245, 0.000295794947306, 0.00102663692087, -0.00195714202709, 0.0101492581889, -0.0036660656333, -0.00108890759293, -0.000748782767914, 0.00231424462982, -0.00260334392078, 0.00148888479453, 0.00247452757321], [0.000100673416455, -0.000775853637606, -0.000419852352934, 0.00148489722051, 0.00057514780201, -0.0036660656333, 0.0101574063301, -0.00357865099795, 0.00154621095862, -0.00216363649815, 0.00204728124663, -0.000450398627436, -0.00219382182695], [0.000116042043373, -0.000510451907758, -0.000411382643506, -0.00055152643472, 0.00297365873121, -0.00108890759293, -0.00357865099795, 0.0136099895462, -0.00161824724637, 0.000295273028314, -0.00148402969353, -0.000594103126787, 0.00277039781213], [-4.82004470541e-05, 0.0007956471527, 0.00175327959005, 0.000675129413139, -0.00283998670056, -0.000748782767914, 0.00154621095862, -0.00161824724637, 0.0115370107815, -0.00435200147331, 0.00132940278854, 0.000431656284491, -0.000983032397926], [2.40041408688e-05, -3.93745431211e-05, 0.000177653870196, -0.00013283174485, -0.00129051425029, 0.00231424462982, -0.00216363649815, 0.000295273028314, -0.00435200147331, 0.0164078641683, -0.0058742868714, 0.00183019891847, 0.00197837594897], [0.000171119041624, -0.000827673182357, -0.00089573697187, 0.00263267545961, 0.000991286127828, -0.00260334392078, 0.00204728124663, -0.00148402969353, 0.00132940278854, -0.0058742868714, 0.0207711756229, -0.0077395690605, 0.00197448348626], [0.000253949634498, 0.000120219410746, -0.000117146773846, -0.000873858458363, 0.000394131318899, 0.00148888479453, -0.000450398627436, -0.000594103126787, 0.000431656284491, 0.00183019891847, -0.0077395690605, 0.0196288060397, -0.00429131183773], [0.000251074554399, 0.000139543699333, -0.000131638924358, 0.000887779984623, -0.00156777654774, 0.00247452757321, -0.00219382182695, 0.00277039781213, -0.000983032397926, 0.00197837594897, 0.00197448348626, -0.00429131183773, 0.0163315031677]], "mean": [-607.381225586, 112.200294495, -10.7787628174, 0.320161610842, -4.2801194191, 10.2969608307, -4.34506702423, -1.42205691338, -7.20921087265, -0.619221925735, 6.12541675568, 2.74361801147, 0.341928273439]}, "pitch_salience": {"dmean": 0.0654593408108, "dmean2": 0.10530603677, "dvar": 0.00307769910432, "dvar2": 0.00766850076616, "max": 0.839880228043, "mean": 0.611009180546, "median": 0.624991059303, "min": 0.0366825163364, "var": 0.0104913469404}, "silence_rate_20dB": {"dmean": 0, "dmean2": 0, "dvar": 0, "dvar2": 0, "max": 1, "mean": 1, "median": 1, "min": 1, "var": 0}, "silence_rate_30dB": {"dmean": 0.000324201653711, "dmean2": 0.000648508430459, "dvar": 0.000324110587826, "dvar2": 0.0009723980329, "max": 1, "mean": 0.999837934971, "median": 1, "min": 0, "var": 0.000162022159202}, "silence_rate_60dB": {"dmean": 0.00680823484436, "dmean2": 0.0134565494955, "dvar": 0.00676144007593, "dvar2": 0.0152205172926, "max": 1, "mean": 0.0225283633918, "median": 0, "min": 0, "var": 0.0220208708197}, "spectral_centroid": {"dmean": 188.935668945, "dmean2": 281.515136719, "dvar": 56919.5585938, "dvar2": 105760.601563, "max": 11063.3261719, "mean": 1344.03991699, "median": 1332.70532227, "min": 256.853546143, "var": 190005.4375}, "spectral_complexity": {"dmean": 3.30102133751, "dmean2": 5.01215934753, "dvar": 9.86657619476, "dvar2": 20.6335163116, "max": 47, "mean": 22.057050705, "median": 23, "min": 0, "var": 56.3684196472}, "spectral_contrast_coeffs": {"dmean": [0.0533819161355, 0.0489942245185, 0.0399298556149, 0.0362298078835, 0.0228416901082, 0.0166961643845], "dmean2": [0.0867939591408, 0.0811462178826, 0.0625040978193, 0.0561046078801, 0.0352793261409, 0.0255021862686], "dvar": [0.00188039790373, 0.00159565615468, 0.00106470147148, 0.000927004730329, 0.000382146710763, 0.000218608140131], "dvar2": [0.00502171972767, 0.00417929375544, 0.00248374999501, 0.00203281431459, 0.000829677272122, 0.000475553388242], "max": [-0.335623502731, -0.344775140285, -0.436306744814, -0.413897693157, -0.579551398754, -0.63152474165], "mean": [-0.635201156139, -0.70974868536, -0.740208089352, -0.723703861237, -0.773647785187, -0.757079839706], "median": [-0.641203284264, -0.717047452927, -0.75429224968, -0.730991244316, -0.780048966408, -0.759668052197], "min": [-0.95563274622, -0.961557805538, -0.963559746742, -0.961990714073, -0.95664358139, -0.960865199566], "var": [0.00645866990089, 0.00543386442587, 0.00640901830047, 0.0056860963814, 0.00226342328824, 0.00131394993514]}, "spectral_contrast_valleys": {"dmean": [0.413719385862, 0.345299720764, 0.300888895988, 0.275312572718, 0.233530446887, 0.254319727421], "dmean2": [0.665298581123, 0.563714981079, 0.476058453321, 0.422804653645, 0.341757833958, 0.348319560289], "dvar": [0.183446452022, 0.132694363594, 0.109882071614, 0.107143558562, 0.0987625792623, 0.108087778091], "dvar2": [0.337124437094, 0.240362614393, 0.17787912488, 0.159206271172, 0.129196971655, 0.148453518748], "max": [-5.6482257843, -4.81015729904, -5.23943376541, -5.65594148636, -6.01800060272, -8.06827449799], "mean": [-7.64670133591, -6.38644218445, -7.00321531296, -7.2321972847, -7.47059822083, -9.7524728775], "median": [-7.38391399384, -6.22196006775, -6.87802696228, -7.11108016968, -7.34419393539, -9.67405223846], "min": [-27.4781455994, -27.3759098053, -27.0397586823, -27.1350307465, -27.3100986481, -27.2334346771], "var": [1.1694123745, 0.718144655228, 0.584559619427, 0.61100846529, 0.600740849972, 0.680337548256]}, "spectral_decrease": {"dmean": 1.62420821237e-09, "dmean2": 2.42414777141e-09, "dvar": 3.16356321285e-18, "dvar2": 6.68752570987e-18, "max": 2.27258379268e-29, "mean": -7.50338102762e-09, "median": -7.29394855625e-09, "min": -4.2050096738e-08, "var": 1.29218623232e-17}, "spectral_energy": {"dmean": 0.00663848361, "dmean2": 0.00986052211374, "dvar": 5.1531369536e-05, "dvar2": 0.000107101885078, "max": 0.161357983947, "mean": 0.0312270522118, "median": 0.0304741617292, "min": 1.06180562732e-20, "var": 0.000223435185035}, "spectral_energyband_high": {"dmean": 0.000328057736624, "dmean2": 0.000466982950456, "dvar": 2.79345272247e-07, "dvar2": 5.8357773014e-07, "max": 0.0105650043115, "mean": 0.000933823117521, "median": 0.000667592918035, "min": 7.9205177059e-21, "var": 8.2850402805e-07}, "spectral_energyband_low": {"dmean": 0.00199934840202, "dmean2": 0.00293749151751, "dvar": 2.04115840461e-05, "dvar2": 4.66125347884e-05, "max": 0.129237875342, "mean": 0.00389369064942, "median": 0.00219810102135, "min": 6.34538886232e-23, "var": 3.39503530995e-05}, "spectral_energyband_middle_high": {"dmean": 0.00392314512283, "dmean2": 0.0055554616265, "dvar": 2.33903811022e-05, "dvar2": 4.33302629972e-05, "max": 0.0772138983011, "mean": 0.0137186283246, "median": 0.00999960675836, "min": 1.28036249713e-21, "var": 0.000133336259751}, "spectral_energyband_middle_low": {"dmean": 0.00434502679855, "dmean2": 0.0068165208213, "dvar": 2.44510320044e-05, "dvar2": 5.93483091507e-05, "max": 0.0926847904921, "mean": 0.0123096928, "median": 0.0106546711177, "min": 2.70334907693e-22, "var": 6.44948886475e-05}, "spectral_entropy": {"dmean": 0.138008251786, "dmean2": 0.202224493027, "dvar": 0.0197737887502, "dvar2": 0.0389788001776, "max": 9.82161808014, "mean": 7.61694431305, "median": 7.63505840302, "min": 5.81223773956, "var": 0.122599199414}, "spectral_flux": {"dmean": 0.0246623642743, "dmean2": 0.0384752675891, "dvar": 0.000559237785637, "dvar2": 0.00133637047838, "max": 0.356243371964, "mean": 0.0960662215948, "median": 0.0913940519094, "min": 1.03043955313e-10, "var": 0.00163694110233}, "spectral_kurtosis": {"dmean": 1.10970330238, "dmean2": 1.8434984684, "dvar": 1.27932310104, "dvar2": 3.38829779625, "max": 22.6415481567, "mean": 4.15064430237, "median": 3.82189416885, "min": -1.2085351944, "var": 4.56517648697}, "spectral_rms": {"dmean": 0.000596768921241, "dmean2": 0.000878718565218, "dvar": 3.76298288529e-07, "dvar2": 7.40777807096e-07, "max": 0.0125468093902, "mean": 0.00532771134749, "median": 0.00545260403305, "min": 3.21855237774e-12, "var": 2.08107053368e-06}, "spectral_rolloff": {"dmean": 295.123657227, "dmean2": 484.066864014, "dvar": 419740.15625, "dvar2": 962804.3125, "max": 18798.4863281, "mean": 1529.98254395, "median": 1442.72460938, "min": 21.533203125, "var": 708712.125}, "spectral_skewness": {"dmean": 0.163705319166, "dmean2": 0.261252492666, "dvar": 0.0263918731362, "dvar2": 0.0601602606475, "max": 3.8460047245, "mean": 1.63194072247, "median": 1.61104083061, "min": -0.00746731599793, "var": 0.116219319403}, "spectral_spread": {"dmean": 422607.03125, "dmean2": 602496.6875, "dvar": 435519881216, "dvar2": 609543520256, "max": 40936988, "mean": 4657957.5, "median": 4414768.5