{"lowlevel": {"average_loudness": 0.874150872231, "barkbands": {"dmean": [0.00519873807207, 0.0180800575763, 0.00305486028083, 0.00104449712671, 0.00190008338541, 0.00144805700984, 0.0011198167922, 0.000863476772793, 0.000974377559032, 0.000499317480717, 0.000289664661977, 0.000219690453378, 0.000234855324379, 0.000194274121895, 0.000182151168701, 0.000261961191427, 0.000203362389584, 0.000151953368913, 0.000118217227282, 8.87034912012e-05, 0.000109477172373, 0.000129404303152, 6.02872169111e-05, 4.33207751485e-05, 2.09369568438e-06, 4.37165108451e-05, 0.000124616839457], "dmean2": [0.00829501263797, 0.0266968719661, 0.00472409650683, 0.00169704318978, 0.0029558618553, 0.00226145726629, 0.00178201531526, 0.00141257734504, 0.00156205927487, 0.000808535318356, 0.000460590264993, 0.000358025979949, 0.000370326422853, 0.000309908558847, 0.000292314478429, 0.000413375964854, 0.000337329925969, 0.000250378943747, 0.000187381447176, 0.000133581430418, 0.000156252921443, 0.00018430914497, 8.3960381744e-05, 6.02636246185e-05, 3.50326399712e-06, 6.22852166998e-05, 0.000181540817721], "dvar": [0.000322394917021, 0.00182027742267, 8.44597670948e-05, 6.39700647298e-06, 2.55844370258e-05, 4.00146127504e-05, 1.66773625097e-05, 8.07390642876e-06, 8.55491362017e-06, 3.98816018787e-06, 1.82209350896e-06, 3.08605251576e-07, 2.5110284696e-07, 2.09688494124e-07, 1.46328019923e-07, 7.06712626197e-07, 2.03987582381e-07, 1.47441213016e-07, 4.8867736524e-08, 3.56230067666e-08, 7.11014962462e-08, 6.49031832722e-08, 2.67880295723e-08, 9.86460957364e-09, 1.88908090559e-11, 1.25166952358e-08, 3.54327305274e-08], "dvar2": [0.000755199755076, 0.00390251562931, 0.000198628520593, 1.51568892761e-05, 5.71812015551e-05, 9.17462166399e-05, 3.8730489905e-05, 2.05283813557e-05, 1.96547680389e-05, 9.241412954e-06, 3.87529644286e-06, 7.25856352801e-07, 6.2139719148e-07, 4.70382957474e-07, 3.49902990138e-07, 1.58204147738e-06, 5.59031605007e-07, 4.15815662791e-07, 1.20867355236e-07, 8.01409925089e-08, 1.53927445012e-07, 1.308766997e-07, 5.22299536954e-08, 1.90014244339e-08, 4.77857163561e-11, 2.51406770957e-08, 7.94196779452e-08], "max": [0.270675331354, 0.375013291836, 0.103955738246, 0.0821377635002, 0.157002195716, 0.296441406012, 0.175844535232, 0.0987843498588, 0.11707188189, 0.0661299824715, 0.0788587704301, 0.0268562026322, 0.0185580030084, 0.0132549079135, 0.00963626615703, 0.0381908342242, 0.00765490159392, 0.00642125308514, 0.00430934270844, 0.00479883607477, 0.0125828906894, 0.0053133382462, 0.0075247422792, 0.00241271546111, 6.42574523226e-05, 0.00820315163583, 0.00544956373051], "mean": [0.00459682382643, 0.0169892273843, 0.00316218775697, 0.00133519573137, 0.0030328691937, 0.00186068646144, 0.00146115012467, 0.00113550410606, 0.00141804525629, 0.000621742685325, 0.00036194457789, 0.000316664169077, 0.000377622025553, 0.000313183933031, 0.000271442288067, 0.000405651546316, 0.000289253686788, 0.000212182247196, 0.000196343054995, 0.000150512569235, 0.000184337972314, 0.000202244278626, 9.69359534793e-05, 5.45766779396e-05, 1.97432223104e-06, 6.89172011334e-05, 0.000305455265334], "median": [0.000154423338245, 0.00137865566649, 0.000488066638354, 0.000400283344788, 0.00124972173944, 0.000520518457051, 0.000375081057427, 0.000329903763486, 0.00059869728284, 0.000153908127686, 9.18708028621e-05, 0.000110110602691, 0.000162859345437, 0.000103173952084, 8.02295398898e-05, 0.000113761350804, 7.6063151937e-05, 5.56411796424e-05, 6.1067592469e-05, 4.89667327201e-05, 4.96335342177e-05, 3.42004859704e-05, 1.57452177518e-05, 4.50975721833e-06, 5.90017293689e-07, 1.15250504678e-05, 0.000202236071345], "min": [3.58115240839e-26, 4.12289159099e-24, 1.18794741211e-24, 1.77669698543e-24, 9.02308490837e-24, 4.69325971914e-24, 1.12125951721e-23, 8.30827122087e-24, 1.03328314582e-23, 2.64517841067e-23, 2.17393972716e-23, 2.50768263702e-23, 2.28509811732e-23, 4.20416035699e-23, 4.99445351808e-23, 6.3301890904e-23, 7.22931066206e-23, 9.92190371522e-23, 1.4391040557e-22, 1.39201978817e-22, 2.289323067e-22, 2.71627099721e-22, 3.95177686903e-22, 4.9185964641e-22, 8.49699069922e-22, 1.18472246511e-21, 1.92872568479e-21], "var": [0.000295390258543, 0.00205507082865, 8.71579250088e-05, 1.2247613995e-05, 4.46066369477e-05, 5.0328886573e-05, 2.72271536232e-05, 1.08854328573e-05, 1.32330942506e-05, 4.89427156936e-06, 2.82363339466e-06, 5.91997888932e-07, 4.63071359036e-07, 4.67773702439e-07, 2.88449740538e-07, 1.50442144786e-06, 2.74226323427e-07, 1.70270581634e-07, 9.92397346522e-08, 7.48826991526e-08, 1.49814113115e-07, 1.47515152094e-07, 6.25279099609e-08, 1.7015773679e-08, 1.77648572935e-11, 3.10200931608e-08, 1.12245402306e-07]}, "barkbands_crest": {"dmean": 3.34201478958, "dmean2": 5.37095594406, "dvar": 9.68188095093, "dvar2": 21.8864784241, "max": 25.1230926514, "mean": 10.4706068039, "median": 9.32835102081, "min": 2.5477104187, "var": 21.9197120667}, "barkbands_flatness_db": {"dmean": 0.0322696790099, "dmean2": 0.0487040281296, "dvar": 0.000916040386073, "dvar2": 0.00226535787806, "max": 0.377613246441, "mean": 0.13312472403, "median": 0.12606652081, "min": 0.024986827746, "var": 0.00255717895925}, "barkbands_kurtosis": {"dmean": 6.83076238632, "dmean2": 10.7472925186, "dvar": 158.190765381, "dvar2": 384.212280273, "max": 406.629608154, "mean": 8.87969779968, "median": 4.7317700386, "min": -1.81588864326, "var": 259.877624512}, "barkbands_skewness": {"dmean": 0.89940649271, "dmean2": 1.32529735565, "dvar": 1.04572081566, "dvar2": 2.40366959572, "max": 18.5608043671, "mean": 2.12907576561, "median": 1.88273382187, "min": -2.45743703842, "var": 2.51121377945}, "barkbands_spread": {"dmean": 9.22594165802, "dmean2": 13.5675811768, "dvar": 103.287330627, "dvar2": 210.568511963, "max": 130.543502808, "mean": 26.3535079956, "median": 21.3758602142, "min": 0.782824635506, "var": 351.969512939}, "dissonance": {"dmean": 0.022651752457, "dmean2": 0.0377179943025, "dvar": 0.000583618355449, "dvar2": 0.00154449685942, "max": 0.500000059605, "mean": 0.461951047182, "median": 0.472447782755, "min": 0.170906469226, "var": 0.00117499416228}, "dynamic_complexity": 3.66293931007, "erbbands": {"dmean": [0.55357247591, 3.7885723114, 5.52386856079, 2.58320331573, 4.79598712921, 6.08007144928, 9.94487762451, 13.1275949478, 16.2171592712, 16.8106746674, 17.9690132141, 21.0858478546, 17.2895336151, 13.6036901474, 9.65254211426, 8.44970417023, 10.2793893814, 7.75525856018, 9.90923881531, 12.0353651047, 12.827246666, 11.1371107101, 8.70416641235, 6.88508272171, 5.05702543259, 4.15794420242, 4.37860155106, 4.49697637558, 4.88886499405, 3.0664126873, 1.60171985626, 1.12433302402, 0.566836714745, 0.0458438098431, 0.016156418249, 0.0595990531147, 0.099723815918, 0.0785189047456, 0.0152618139982, 0.00239749881439], "dmean2": [0.876527488232, 5.4313826561, 8.05874443054, 4.11756801605, 7.46825456619, 9.65216827393, 15.6106109619, 20.6890392303, 25.4543991089, 27.0501270294, 29.3972206116, 33.9302864075, 27.6343955994, 21.5631141663, 15.488448143, 13.6109552383, 16.1529979706, 12.1606998444, 15.7963638306, 19.2843647003, 20.527879715, 18.359746933, 14.3875370026, 10.9462337494, 7.89269971848, 6.201628685, 6.39405822754, 6.40858030319, 7.0055565834, 4.36015796661, 2.20662283897, 1.54639720917, 0.797423481941, 0.0680448487401, 0.0261941924691, 0.0839734971523, 0.139513909817, 0.113604366779, 0.0219090934843, 0.003564781975], "dvar": [2.48759102821, 105.663673401, 276.869171143, 32.4829597473, 186.534790039, 377.008331299, 754.974304199, 4559.32617188, 4676.60888672, 3226.70874023, 2535.15820312, 3933.83325195, 3866.91186523, 3608.01196289, 1393.92980957, 404.506317139, 458.306396484, 257.587677002, 650.95880127, 996.728881836, 1078.74328613, 634.751586914, 495.416290283, 192.347869873, 95.6516952515, 78.8734741211, 141.349868774, 84.7506408691, 95.1489181519, 52.5481071472, 18.6539726257, 6.32519197464, 1.82121431828, 0.00767065072432, 0.00101221434306, 0.0192199591547, 0.0734796449542, 0.0230324473232, 0.000783751311246, 1.09540997073e-05], "dvar2": [6.22900867462, 213.076721191, 595.106872559, 81.1895294189, 376.055297852, 856.202148438, 1632.84777832, 10590.1337891, 10768.5673828, 7575.12792969, 6473.83007812, 9302.60253906, 8890.32910156, 9111.80078125, 3012.62719727, 977.982543945, 1101.08972168, 618.969726562, 1546.92456055, 2234.38964844, 2585.92138672, 1753.03881836, 1394.43005371, 500.257781982, 236.704376221, 177.550308228, 313.399597168, 173.324996948, 196.21711731, 107.489639282, 31.2149181366, 12.0712566376, 3.59089708328, 0.0157520920038, 0.00247108214535, 0.0365913361311, 0.139898896217, 0.0487452223897, 0.00170197256375, 2.68455514743e-05], "max": [15.9032249451, 100.718399048, 169.499313354, 130.301757812, 478.547180176, 845.812011719, 962.96105957, 3183.84594727, 3156.61547852, 1852.8347168, 1488.96350098, 2039.3729248, 1660.40112305, 2596.40625, 2031.47192383, 838.818115234, 616.256347656, 658.09185791, 809.681884766, 1444.79663086, 1232.25061035, 410.170898438, 334.702087402, 213.806686401, 191.625579834, 204.25680542, 543.721557617, 291.945587158, 196.50680542, 304.478790283, 287.125244141, 65.3940811157, 34.1516342163, 1.29646265507, 0.458799600601, 4.89127159119, 21.2926502228, 4.98421239853, 1.14075446129, 0.128413498402], "mean": [0.484601706266, 3.6469681263, 5.58842515945, 3.42668533325, 6.90210294724, 8.86427497864, 15.8525629044, 16.0578117371, 21.5922145844, 22.335515976, 26.51197052, 30.7735004425, 22.7745895386, 17.8996505737, 13.8908777237, 13.3995313644, 17.4580764771, 13.1563425064, 15.9204368591, 19.0495910645, 20.5117034912, 16.4045944214, 12.6413984299, 11.0829133987, 8.52824401855, 7.0994310379, 7.19973039627, 7.50575017929, 7.5530872345, 4.81667804718, 2.56348705292, 1.51792240143, 0.680326640606, 0.0544999018312, 0.0172490440309, 0.0738331601024, 0.151512295008, 0.135498732328, 0.0321982391179, 0.00783539097756], "median": [0.0367838405073, 0.272653490305, 0.63012111187, 1.14640796185, 1.93429505825, 3.36707925797, 6.29035806656, 3.66956758499, 5.58136558533, 5.30253076553, 10.9060544968, 13.303606987, 6.14393520355, 5.15719032288, 4.36325979233, 5.50218772888, 8.05671787262, 4.95861577988, 5.64280128479, 5.55598068237, 6.57657670975, 4.63413667679, 3.47586417198, 3.51503539085, 2.8535618782, 2.26822686195, 2.0462141037, 1.84911692142, 1.33278858662, 0.811560332775, 0.39962553978, 0.168605342507, 0.0480088964105, 0.011417074129, 0.00584505219012, 0.00894021615386, 0.0229235477746, 0.0304389130324, 0.014529385604, 0.00682215951383], "min": [1.08800453355e-22, 3.80144396187e-22, 2.31050205117e-21, 9.01260371741e-21, 6.79450921133e-21, 2.67034629715e-20, 4.73128504946e-20, 4.68224454825e-20, 1.47886787882e-19, 1.37835716259e-19, 2.6527537488e-19, 2.89427471953e-19, 6.750025409e-19, 8.46500708229e-19, 1.45639467404e-18, 1.46918402369e-18, 1.37534731083e-18, 2.30528515876e-18, 2.7572250058e-18, 3.06409639855e-18, 4.37794851771e-18, 4.97456287427e-18, 4.89462538064e-18, 6.24410396198e-18, 7.87788451986e-18, 6.70266725098e-18, 7.25259801531e-18, 9.20696358652e-18, 9.62640123255e-18, 1.03632413145e-17, 1.37529174497e-17, 8.99421025143e-18, 9.79222530277e-18, 8.91356841352e-18, 5.59354171305e-18, 4.05467185866e-18, 2.42610419301e-18, 1.03037070579e-18, 2.47104750063e-19, 2.78710203282e-20], "var": [2.09282898903, 127.990585327, 317.016113281, 47.4206733704, 414.137329102, 542.395812988, 1429.91577148, 5455.51855469, 7997.53613281, 4432.64404297, 3467.62646484, 5658.08300781, 5194.24462891, 4103.59619141, 2552.27124023, 746.291137695, 936.131958008, 511.554199219, 1348.96862793, 2409.31445312, 1933.81262207, 836.93560791, 573.365112305, 324.03692627, 189.527160645, 168.792175293, 262.411254883, 211.709243774, 205.357376099, 112.253982544, 47.9583396912, 12.4746570587, 2.89349722862, 0.0115778138861, 0.00107808387838, 0.0332183912396, 0.172056987882, 0.0618729554117, 0.00213887635618, 3.68713335774e-05]}, "erbbands_crest": {"dmean": 2.85182404518, "dmean2": 4.62021112442, "dvar": 7.78897619247, "dvar2": 18.7763290405, "max": 32.6728858948, "mean": 8.84854698181, "median": 7.77904272079, "min": 2.29605937004, "var": 19.4291114807}, "erbbands_flatness_db": {"dmean": 0.02414784953, "dmean2": 0.0345124416053, "dvar": 0.000539146014489, "dvar2": 0.000993709429167, "max": 0.358803898096, "mean": 0.138415679336, "median": 0.131404489279, "min": 0.038845948875, "var": 0.0024724774994}, "erbbands_kurtosis": {"dmean": 1.39288389683, "dmean2": 2.22253489494, "dvar": 8.35156822205, "dvar2": 21.3892021179, "max": 125.675491333, "mean": 0.937265276909, "median": 0.00627501821145, "min": -1.8098359108, "var": 12.644109726}, "erbbands_skewness": {"dmean": 0.460994273424, "dmean2": 0.693213641644, "dvar": 0.197529762983, "dvar2": 0.432918131351, "max": 7.30811500549, "mean": 0.298753499985, "median": 0.219946622849, "min": -4.10449123383, "var": 0.898612320423}, "erbbands_spread": {"dmean": 10.4527139664, "dmean2": 15.1688346863, "dvar": 117.901908875, "dvar2": 245.586273193, "max": 143.383834839, "mean": 37.4524307251, "median": 33.8875694275, "min": 0.982931733131, "var": 413.933044434}, "gfcc": {"cov": [[19978.7480469, -114.978523254, -999.518127441, 919.513549805, -225.049331665, 109.679885864, 254.343704224, 42.0992279053, 151.902313232, -3.07617974281, -182.714065552, 203.822814941, -292.626678467], [-114.978523254, 1317.04907227, -75.3889083862, -623.525512695, 91.3208312988, -161.75352478, -166.77053833, -59.1985015869, -64.0947723389, -98.6172027588, 44.2133674622, -170.559692383, 129.978805542], [-999.518127441, -75.3889083862, 535.623718262, 99.4424514771, -97.8408355713, 155.396575928, -45.2608337402, 84.6318283081, 17.3185825348, 57.407623291, 4.31236934662, 45.9895019531, -4.49096155167], [919.513549805, -623.525512695, 99.4424514771, 652.863830566, 117.255516052, 130.048187256, 169.732696533, 49.2282218933, 46.5987243652, 49.8986129761, -19.2517795563, 102.89025116, -89.7547454834], [-225.049331665, 91.3208312988, -97.8408355713, 117.255516052, 326.116882324, 63.461555481, 47.0605354309, 10.8827171326, -7.56653261185, -39.9028816223, 19.2337799072, -24.4332084656, 13.8783311844], [109.679885864, -161.75352478, 155.396575928, 130.048187256, 63.461555481, 308.436279297, 5.12067174911, 127.004501343, 4.89648342133, 24.5533733368, 4.84828519821, 45.5038604736, -8.7744474411], [254.343704224, -166.77053833, -45.2608337402, 169.732696533, 47.0605354309, 5.12067174911, 270.568908691, -8.92967224121, 63.7356452942, 9.70606708527, -21.3820590973, 43.9879264832, -50.5281028748], [42.0992279053, -59.1985015869, 84.6318283081, 49.2282218933, 10.8827171326, 127.004501343, -8.92967224121, 203.816497803, 37.2038803101, 30.412984848, 18.9648551941, -1.1664583683, 11.6397724152], [151.902313232, -64.0947723389, 17.3185825348, 46.5987243652, -7.56653261185, 4.89648342133, 63.7356452942, 37.2038803101, 149.488723755, 46.633769989, -3.75468707085, 40.0423774719, -40.1634788513], [-3.07617974281, -98.6172027588, 57.407623291, 49.8986129761, -39.9028816223, 24.5533733368, 9.70606708527, 30.412984848, 46.633769989, 96.7428588867, 37.5325775146, 25.4922714233, 2.82974553108], [-182.714065552, 44.2133674622, 4.31236934662, -19.2517795563, 19.2337799072, 4.84828519821, -21.3820590973, 18.9648551941, -3.75468707085, 37.5325775146, 82.1015472412, 22.9507789612, 26.1617126465], [203.822814941, -170.559692383, 45.9895019531, 102.89025116, -24.4332084656, 45.5038604736, 43.9879264832, -1.1664583683, 40.0423774719, 25.4922714233, 22.9507789612, 114.77709198, -4.67735433578], [-292.626678467, 129.978805542, -4.49096155167, -89.7547454834, 13.8783311844, -8.7744474411, -50.5281028748, 11.6397724152, -40.1634788513, 2.82974553108, 26.1617126465, -4.67735433578, 108.690437317]], "icov": [[0.000109118445835, -0.00033892589272, 0.000468979444122, -0.000500020280015, 0.000440057134256, -0.000223501323489, 0.000122936122352, -0.00010756545089, 7.50759863877e-05, -0.000196322507691, 0.000368449662346, -0.000349947600625, 0.000229102835874], [-0.00033892589272, 0.00317831756547, -0.00215934286825, 0.00324079277925, -0.00236446084455, 0.00105107098352, -0.000526913965587, 0.000818125030492, -0.00128107832279, 0.00237470748834, -0.00283383158967, 0.0029880835209, -0.00179667386692], [0.000468979444122, -0.00215934286825, 0.00489810248837, -0.00320585770532, 0.00333377788775, -0.00240838737227, 0.00115875806659, -0.000669585599098, 0.000395552429836, -0.00187608355191, 0.00214471970685, -0.00202693790197, 0.000981783261523], [-0.000500020280015, 0.00324079277925, -0.00320585770532, 0.00718175014481, -0.00530688278377, 0.00216971687041, -0.00159388571046, -0.000696341798175, 0.00172393675894, -0.00168557662982, 0.000626196386293, -0.00113735056948, 0.0012439917773], [0.000440057134256, -0.00236446084455, 0.00333377788775, -0.00530688278377, 0.00876742601395, -0.00409056292847, -8.36420222186e-05, 0.00153993687127, -0.00295545929112, 0.00466061104089, -0.00392106827348, 0.00336026074365, -0.00201080366969], [-0.000223501323489, 0.00105107098352, -0.00240838737227, 0.00216971687041, -0.00409056292847, 0.00752988969907, 7.21615797374e-05, -0.00426628999412, 0.00334559613839, -0.00265123508871, 0.00299234804697, -0.00404894212261, 0.00186495226808], [0.000122936122352, -0.000526913965587, 0.00115875806659, -0.00159388571046, -8.36420222186e-05, 7.21615797374e-05, 0.00548005802557, -2.04465359275e-05, -0.00118668552022, -0.000713731627911, 0.00198129541241, -0.00195520091802, 0.00127808016259], [-0.00010756545089, 0.000818125030492, -0.000669585599098, -0.000696341798175, 0.00153993687127, -0.00426628999412, -2.04465359275e-05, 0.00941954832524, -0.00536433514208, 0.0034749514889, -0.00549482414499, 0.00646143825725, -0.00390200153925], [7.50759863877e-05, -0.00128107832279, 0.000395552429836, 0.00172393675894, -0.00295545929112, 0.00334559613839, -0.00118668552022, -0.00536433514208, 0.015294640325, -0.0111739607528, 0.00885647814721, -0.00962609425187, 0.00724094593897], [-0.000196322507691, 0.00237470748834, -0.00187608355191, -0.00168557662982, 0.00466061104089, -0.00265123508871, -0.000713731627911, 0.0034749514889, -0.0111739607528, 0.0258663631976, -0.0168703198433, 0.00974699389189, -0.00667321169749], [0.000368449662346, -0.00283383158967, 0.00214471970685, 0.000626196386293, -0.00392106827348, 0.00299234804697, 0.00198129541241, -0.00549482414499, 0.00885647814721, -0.0168703198433, 0.0279351454228, -0.013903176412, 0.00362792029046], [-0.000349947600625, 0.0029880835209, -0.00202693790197, -0.00113735056948, 0.00336026074365, -0.00404894212261, -0.00195520091802, 0.00646143825725, -0.00962609425187, 0.00974699389189, -0.013903176412, 0.0224136952311, -0.00739506259561], [0.000229102835874, -0.00179667386692, 0.000981783261523, 0.0012439917773, -0.00201080366969, 0.00186495226808, 0.00127808016259, -0.00390200153925, 0.00724094593897, -0.00667321169749, 0.00362792029046, -0.00739506259561, 0.0161109436303]], "mean": [-26.1883983612, 80.3709182739, -86.9041442871, 3.10241770744, -25.0424957275, -18.9208049774, -3.57615423203, -18.013507843, 5.01573705673, -7.89737606049, -10.7937393188, 0.724162817001, -12.9162197113]}, "hfc": {"dmean": 36.6756134033, "dmean2": 56.2449874878, "dvar": 2335.24243164, "dvar2": 5559.63769531, "max": 1019.60742188, "mean": 112.934501648, "median": 94.0846557617, "min": 1.07056163331e-16, "var": 8414.24804688}, "melbands": {"dmean": [0.00519559951499, 0.00387338502333, 0.000514796935022, 0.000379389181035, 0.000340516271535, 0.000293502846034, 0.000237442698563, 0.000187606929103, 0.000156132766278, 0.000131785855046, 8.92423850019e-05, 5.88075636188e-05, 3.67444590665e-05, 2.41770012508e-05, 2.77122962871e-05, 1.89520796994e-05, 1.5199218069e-05, 1.82897565537e-05, 1.37160341183e-05, 1.9900397092e-05, 1.4553348592e-05, 1.20637996588e-05, 1.01181376522e-05, 7.30608235244e-06, 5.77203627472e-06, 4.56956331618e-06, 3.11562939714e-06, 2.86406111627e-06, 2.9510706554e-06, 2.57942338067e-06, 2.79603773379e-06, 2.9903981158e-06, 2.45486785388e-06, 1.52275993059e-06, 9.86722284324e-07, 7.57363636694e-07, 7.12814369308e-07, 5.14880468927e-07, 1.04374784371e-07, 1.91621296608e-08], "dmean2": [0.00781772006303, 0.00548955472186, 0.000809213030152, 0.00058962526964, 0.000535833940376, 0.000460222363472, 0.000372900394723, 0.000303790759062, 0.000255080522038, 0.000211773789488, 0.000143094192026, 9.35271382332e-05, 5.81151216466e-05, 3.92874753743e-05, 4.45475161541e-05, 3.02310872939e-05, 2.39258461079e-05, 2.9309256206e-05, 2.21372210945e-05, 3.14372446155e-05, 2.35351108131e-05, 2.01218954317e-05, 1.67552771018e-05, 1.20659242384e-05, 9.21258015296e-06, 7.30314468456e-06, 4.85851796839e-06, 4.37237667938e-06, 4.40531084678e-06, 3.78053482564e-06, 4.09194217355e-06, 4.4047405936e-06, 3.56676559932e-06, 2.21081904783e-06, 1.39253529596e-06, 1.05134733985e-06, 1.00594809282e-06, 7.31722025193e-07, 1.54160929355e-07, 3.20975992452e-08], "dvar": [0.000152527514729, 0.000124584257719, 1.29970601392e-06, 1.33741298214e-06, 8.42076190111e-07, 1.978383807e-06, 8.83986615463e-07, 3.94242505308e-07, 1.60033494012e-07, 1.79746493245e-07, 1.07001952188e-07, 6.77493545709e-08, 2.39125110824e-08, 4.94258323158e-09, 3.13402592766e-09, 1.70953606826e-09, 1.004451744e-09, 2.69461319924e-09, 8.1868672952e-10, 5.60932367222e-09, 1.13980402894e-09, 7.32202964926e-10, 6.98470781213e-10, 3.35594219081e-10, 1.35871203177e-10, 8.5944605599e-11, 4.10945201479e-11, 3.93453013225e-11, 5.97470198316e-11, 5.28807067579e-11, 3.1967241354e-11, 3.65071757547e-11, 2.70250558043e-11, 2.22614218726e-11, 6.72182752168e-12, 5.03218343731e-12, 2.83455767539e-12, 1.64732626411e-12, 5.58488090572e-14, 1.6042824138e-15], "dvar2": [0.000355108699296, 0.000252879573964, 2.91253013529e-06, 2.86892691292e-06, 1.89685431451e-06, 4.56629504697e-06, 2.01715261028e-06, 9.38662537919e-07, 4.04727558134e-07, 4.17470175762e-07, 2.44398137283e-07, 1.69145849327e-07, 4.95860881244e-08, 1.14830314146e-08, 7.75293873545e-09, 4.27244462031e-09, 2.38606956415e-09, 6.35312247255e-09, 2.02084371459e-09, 1.22270291669e-08, 2.81168088812e-09, 2.02896677237e-09, 1.9343604496e-09, 9.49476386403e-10, 3.50195039633e-10, 2.21938786793e-10, 9.68923621891e-11, 9.05053046396e-11, 1.34039113142e-10, 1.22150456416e-10, 6.83197665108e-11, 7.80763856345e-11, 5.8744183129e-11, 4.95490697083e-11, 1.29589949882e-11, 7.64848861329e-12, 5.7444279368e-12, 3.31071823602e-12, 1.16763518884e-13, 4.05655598088e-15], "max": [0.110236406326, 0.104713007808, 0.0336755476892, 0.0432574823499, 0.033392354846, 0.0669203922153, 0.041040673852, 0.0186874493957, 0.0101561043411, 0.0169140025973, 0.00875618401915, 0.00960834603757, 0.00886629521847, 0.00409484701231, 0.00103481614497, 0.00180258753244, 0.00110534369014, 0.00172621640377, 0.000602677755523, 0.00395196629688, 0.000971807457972, 0.00036709770211, 0.000551951001398, 0.000272378325462, 0.000207120290725, 0.000228460485232, 0.000154000692419, 0.000147257509525, 0.000257215637248, 0.000395446666516, 0.000118028234283, 0.00011419076327, 0.000126073995489, 0.000272452802164, 0.000136974063935, 0.000192006220459, 4.43359931523e-05, 3.59886289516e-05, 2.97144515571e-06, 5.91792627347e-07], "mean": [0.00481892703101, 0.00386659079231, 0.00072789384285, 0.000555446720682, 0.000543574918993, 0.000367303204257, 0.000317911268212, 0.000246536423219, 0.000230418358115, 0.000188527352293, 0.000113002868602, 7.44529097574e-05, 4.87726356369e-05, 3.44305262843e-05, 4.44062170573e-05, 3.0294768294e-05, 2.45198607445e-05, 2.80605308944e-05, 2.05212727451e-05, 2.98695376841e-05, 2.18353361561e-05, 1.68334390764e-05, 1.40054380608e-05, 9.8841255749e-06, 8.87181886355e-06, 7.25890413378e-06, 4.99139605381e-06, 4.58592649011e-06, 4.5302926992e-06, 4.15794147557e-06, 4.41759584646e-06, 4.44231363872e-06, 3.61595175491e-06, 2.29259671869e-06, 1.51900212586e-06, 1.1070679875e-06, 8.72567625265e-07, 6.00233192927e-07, 1.16966852204e-07, 1.79209767026e-08], "median": [0.000412827066611, 0.000373060378479, 0.000252667523455, 0.000179930299055, 0.00022254306532, 8.79710205481e-05, 8.37653788039e-05, 5.69174408156e-05, 0.000101536854345, 7.6503631135e-05, 2.79906762444e-05, 2.01557340915e-05, 1.34236388476e-05, 1.14585491247e-05, 1.91469607671e-05, 1.31143497129e-05, 8.43591624289e-06, 9.01907969819e-06, 6.12200756223e-06, 7.93867820903e-06, 6.52374592391e-06, 4.48800574304e-06, 3.40480687555e-06, 2.51431242759e-06, 2.60308661382e-06, 2.13395014725e-06, 1.64288030646e-06, 1.34420997711e-06, 1.20959350625e-06, 1.03628758552e-06, 1.00208478671e-06, 7.37685240892e-07, 5.72445003399e-07, 3.86821909615e-07, 2.31454592381e-07, 1.5329925418e-07, 6.92604231745e-08, 3.55897711302e-08, 1.2711436348e-08, 5.18984188957e-09], "min": [1.05494358994e-24, 8.27387787148e-25, 1.55380995729e-24, 1.66415256666e-24, 2.04665189251e-24, 9.23471144012e-25, 2.20096353798e-24, 1.34071338324e-24, 2.09997908692e-24, 1.67705202018e-24, 3.3336488771e-24, 3.34091034173e-24, 4.83098536686e-24, 3.05534249682e-24, 3.2836648752e-24, 2.31444946223e-24, 3.8073302684e-24, 3.87909136722e-24, 4.4963004782e-24, 3.05463291644e-24, 4.3965537499e-24, 3.97681308958e-24, 3.92657448283e-24, 4.62723008922e-24, 3.58877004372e-24, 5.59436369826e-24, 5.10483882454e-24, 3.08048881868e-24, 3.20640285207e-24, 3.67923345688e-24, 4.99233266553e-24, 4.4734668993e-24, 5.37356823621e-24, 5.77083267162e-24, 6.58714948622e-24, 5.51808282088e-24, 5.59424103039e-24, 6.80403811464e-24, 6.17390470102e-24, 5.99755918439e-24], "var": [0.00015102692123, 0.000151539046783, 2.49801314567e-06, 2.34088724937e-06, 1.5334477439e-06, 2.48716037277e-06, 1.5147038539e-06, 5.46412479707e-07, 2.1757583113e-07, 2.71516341854e-07, 1.42218283372e-07, 7.58782263688e-08, 4.05952889082e-08, 9.99258364942e-09, 5.85422554877e-09, 2.81110246192e-09, 2.02521577286e-09, 5.47714451571e-09, 1.53904877731e-09, 1.26676571455e-08, 1.90057103389e-09, 9.37651178923e-10, 8.10138678364e-10, 3.81058434806e-10, 2.27609847636e-10, 1.62008587101e-10, 7.70847413678e-11, 7.78877448648e-11, 1.07266889815e-10, 9.20588119624e-11, 7.45849701445e-11, 7.24530435647e-11, 5.32496477468e-11, 3.71227354412e-11, 1.53101975542e-11, 1.22090618865e-11, 4.61473264116e-12, 2.4994732846e-12, 7.67347950047e-14, 1.50347035237e-15]}, "melbands_crest": {"dmean": 4.58013916016, "dmean2": 7.20606660843, "dvar": 19.4392910004, "dvar2": 39.0701751709, "max": 38.9810333252, "mean": 15.9132680893, "median": 14.2853088379, "min": 1.00205266476, "var": 53.37915802}, "melbands_flatness_db": {"dmean": 0.0394025146961, "dmean2": 0.0589667446911, "dvar": 0.001269474742, "dvar2": 0.00315121794119, "max": 0.508951485157, "mean": 0.229723617435, "median": 0.226473167539, "min": 2.32974088021e-07, "var": 0.00456062750891}, "melbands_kurtosis": {"dmean": 16.4986228943, "dmean2": 25.8707885742, "dvar": 1250.1048584, "dvar2": 3066.21337891, "max": 675.881591797, "mean": 19.5737133026, "median": 7.43486356735, "min": -1.87477850914, "var": 1622.91088867}, "melbands_skewness": {"dmean": 1.30790507793, "dmean2": 1.88880717754, "dvar": 3.00185108185, "dvar2": 6.45907640457, "max": 20.7285118103, "mean": 2.91802072525, "median": 2.27340340614, "min": -2.27409648895, "var": 6.16315460205}, "melbands_spread": {"dmean": 8.13275814056, "dmean2": 12.4025344849, "dvar": 108.505622864, "dvar2": 226.017837524, "max": 200.808685303, "mean": 21.047706604, "median": 15.1000185013, "min": 0.463697105646, "var": 397.31640625}, "mfcc": {"cov": [[10676.6005859, -359.61932373, -471.292480469, 937.175964355, -309.77154541, 546.238342285, -133.125350952, 555.478637695, -33.2037658691, 328.65133667, -81.501083374, 248.897109985, -134.75944519], [-359.61932373, 1821.60144043, -163.649368286, -439.577972412, 68.1002578735, -277.216827393, -34.7017669678, -235.055618286, -0.371007174253, -152.040863037, 8.9742231369, -131.81993103, 37.3398323059], [-471.292480469, -163.649368286, 596.507080078, -57.7268867493, 27.4948940277, 9.20862865448, -23.6739883423, 25.1035900116, 18.0755634308, 11.5383338928, 46.5153999329, 52.2839775085, -6.62054157257], [937.175964355, -439.577972412, -57.7268867493, 492.976348877, -52.192691803, 177.158248901, 20.6513271332, 108.855323792, 0.422952562571, 68.7299804688, 0.0237598121166, 44.7676048279, 1.19143593311], [-309.77154541, 68.1002578735, 27.4948940277, -52.192691803, 344.406402588, -3.10870265961, 91.1980056763, 15.6486768723, 30.5381317139, -17.0951709747, 8.32743644714, 28.3598937988, 8.35700893402], [546.238342285, -277.216827393, 9.20862865448, 177.158248901, -3.10870265961, 254.45892334, 33.0692138672, 116.167396545, 5.31311702728, 43.3133049011, 1.20719206333, 30.3034725189, -2.85860490799], [-133.125350952, -34.7017669678, -23.6739883423, 20.6513271332, 91.1980056763, 33.0692138672, 185.526229858, 32.5114898682, 33.7394371033, -8.94147777557, -4.9823012352, -4.7496547699, 7.79668903351], [555.478637695, -235.055618286, 25.1035900116, 108.855323792, 15.6486768723, 116.167396545, 32.5114898682, 208.694671631, 49.127986908, 61.4774513245, 23.7832946777, 50.4373321533, -18.4645023346], [-33.2037658691, -0.371007174253, 18.0755634308, 0.422952562571, 30.5381317139, 5.31311702728, 33.7394371033, 49.127986908, 108.693458557, 31.4862518311, 26.1295585632, 8.37935256958, 1.67586028576], [328.65133667, -152.040863037, 11.5383338928, 68.7299804688, -17.0951709747, 43.3133049011, -8.94147777557, 61.4774513245, 31.4862518311, 119.320533752, 34.415096283, 32.631439209, -14.4468870163], [-81.501083374, 8.9742231369, 46.5153999329, 0.0237598121166, 8.32743644714, 1.20719206333, -4.9823012352, 23.7832946777, 26.1295585632, 34.415096283, 101.351844788, 32.1074333191, 6.7601275444], [248.897109985, -131.81993103, 52.2839775085, 44.7676048279, 28.3598937988, 30.3034725189, -4.7496547699, 50.4373321533, 8.37935256958, 32.631439209, 32.1074333191, 108.453788757, 5.26645994186], [-134.75944519, 37.3398323059, -6.62054157257, 1.19143593311, 8.35700893402, -2.85860490799, 7.79668903351, -18.4645023346, 1.67586028576, -14.4468870163, 6.7601275444, 5.26645994186, 70.0041503906]], "icov": [[0.000162482945598, -0.000128851796035, 9.55146242632e-05, -0.000223705850658, 0.000106212522951, -0.000118096046208, 0.000104558159364, -0.000315367680741, 0.000144871286466, -0.000269699754426, 0.000324928667396, -0.000363610772183, 0.000218873567064], [-0.000128851796035, 0.000987745937891, 0.000200356560526, 0.000667479936965, -0.000248802214628, 0.000356604607077, 0.000132361266878, 0.000592840195168, -0.000429053994594, 0.00081227888586, -0.000813844439108, 0.000868301838636, -0.000390250410419], [9.55146242632e-05, 0.000200356560526, 0.00199438235722, 0.000357582292054, -5.7499983086e-05, -0.000252412020927, 0.000412959168898, -9.35337739065e-05, -0.000235099374549, 0.000263290101429, -0.000593196658883, -0.000840806576889, 0.000365923449863], [-0.000223705850658, 0.000667479936965, 0.000357582292054, 0.00359436543658, 0.000245875737164, -0.00134007877205, -0.00030202511698, 0.000227672033361, 2.23900897254e-05, -0.000285038375296, -0.000358309538569, 9.03506297618e-05, -0.000835965794977], [0.000106212522951, -0.000248802214628, -5.7499983086e-05, 0.000245875737164, 0.00373777467757, -0.000137975759571, -0.00173051457386, -0.000229415265494, -0.000405974540627, 0.00033142947359, 0.000314999342663, -0.00169839069713, 0.000183396419743], [-0.000118096046208, 0.000356604607077, -0.000252412020927, -0.00134007877205, -0.000137975759571, 0.0067326258868, -0.000727846578229, -0.00264793122187, 0.00113705173135, -0.000215173044126, 0.0001173901328, 0.000718708790373, -0.000881609157659], [0.000104558159364, 0.000132361266878, 0.000412959168898, -0.00030202511698, -0.00173051457386, -0.000727846578229, 0.00713242124766, -0.000778078916483, -0.00183804507833, 0.00101445172913, 0.000442792952526, 0.000906851433683, -0.000505489413626], [-0.000315367680741, 0.000592840195168, -9.35337739065e-05, 0.000227672033361, -0.000229415265494, -0.00264793122187, -0.000778078916483, 0.00944058597088, -0.00338337337598, -0.000683207181282, -0.000984029262327, -0.00155404570978, 0.00171190558467], [0.000144871286466, -0.000429053994594, -0.000235099374549, 2.23900897254e-05, -0.000405974540627, 0.00113705173135, -0.00183804507833, -0.00338337337598, 0.0126285580918, -0.0030959721189, -0.00145967956632, 0.000967113068327, -0.000980722019449], [-0.000269699754426, 0.00081227888586, 0.000263290101429, -0.000285038375296, 0.00033142947359, -0.000215173044126, 0.00101445172913, -0.000683207181282, -0.0030959721189, 0.0132126975805, -0.00379785336554, -0.000774554035161, 0.00196163193323], [0.000324928667396, -0.000813844439108, -0.000593196658883, -0.000358309538569, 0.000314999342663, 0.0001173901328, 0.000442792952526, -0.000984029262327, -0.00145967956632, -0.00379785336554, 0.0135959340259, -0.00365438940935, -0.00111891457345], [-0.000363610772183, 0.000868301838636, -0.000840806576889, 9.03506297618e-05, -0.00169839069713, 0.000718708790373, 0.000906851433683, -0.00155404570978, 0.000967113068327, -0.000774554035161, -0.00365438940935, 0.0138406101614, -0.00239430298097], [0.000218873567064, -0.000390250410419, 0.000365923449863, -0.000835965794977, 0.000183396419743, -0.000881609157659, -0.000505489413626, 0.00171190558467, -0.000980722019449, 0.00196163193323, -0.00111891457345, -0.00239430298097, 0.016129616648]], "mean": [-685.488098145, 141.541061401, -7.24545097351, 32.2715148926, -6.84689426422, 16.4007740021, -12.6102933884, 9.77983856201, -1.09332096577, 7.43679094315, 0.392213761806, 4.56258583069, -2.92000985146]}, "pitch_salience": {"dmean": 0.0953096598387, "dmean2": 0.14908798039, "dvar": 0.00862862449139, "dvar2": 0.0184711385518, "max": 0.996079266071, "mean": 0.504476249218, "median": 0.533931851387, "min": 0.0538439899683, "var": 0.0213897433132}, "silence_rate_20dB": {"dmean": 0.000584453518968, "dmean2": 0.00116902089212, "dvar": 0.000584111956414, "dvar2": 0.00155732803978, "max": 1, "mean": 0.999610424042, "median": 1, "min": 0, "var": 0.000389445951441}, "silence_rate_30dB": {"dmean": 0.105006821454, "dmean2": 0.210034102201, "dvar": 0.0939803868532, "dvar2": 0.176830634475, "max": 1, "mean": 0.875913143158, "median": 1, "min": 0, "var": 0.108689323068}, "silence_rate_60dB": {"dmean": 0.0177284236997, "dmean2": 0.0354603007436, "dvar": 0.0174141265452, "dvar2": 0.0388789512217, "max": 1, "mean": 0.0810363292694, "median": 0, "min": 0, "var": 0.0744694396853}, "spectral_centroid": {"dmean": 306.584777832, "dmean2": 451.665527344, "dvar": 133098.90625, "dvar2": 253855.1875, "max": 11589.578125, "mean": 1344.49865723, "median": 1094.71252441, "min": 191.984924316, "var": 1150488.75}, "spectral_complexity": {"dmean": 4.15838670731, "dmean2": 5.92381858826, "dvar": 25.8075656891, "dvar2": 43.82371521, "max": 63, "mean": 16.560338974, "median": 14, "min": 0, "var": 123.231460571}, "spectral_contrast_coeffs": {"dmean": [0.0572170689702, 0.0493696667254, 0.040649626404, 0.0299183353782, 0.0241626929492, 0.0433059707284], "dmean2": [0.0909279286861, 0.0810725092888, 0.0664391219616, 0.0483909919858, 0.0390151888132, 0.064951710403], "dvar": [0.00217559887096, 0.00161768344697, 0.00107198592741, 0.00060732854763, 0.000441806449089, 0.00158705899958], "dvar2": [0.00535632902756, 0.00425478676334, 0.00273040612228, 0.00151234364603, 0.00109964911826, 0.00332018686458], "max": [-0.230908110738, -0.406550139189, -0.489097565413, -0.547994971275, -0.55816501379, -0.415261596441], "mean": [-0.667464792728, -0.763204872608, -0.794892907143, -0.800302505493, -0.812397658825, -0.712406694889], "median": [-0.669635415077, -0.767944812775, -0.801201105118, -0.807299852371, -0.816303551197, -0.702597141266], "min": [-0.974615156651, -0.983444929123, -0.995110630989, -0.983904719353, -0.987819552422, -0.965278029442], "var": [0.00870290677994, 0.00473167886958, 0.00369248539209, 0.00280207814649, 0.00197343947366, 0.00729179661721]}, "spectral_contrast_valleys": {"dmean": [0.485009551048, 0.367010116577, 0.372933626175, 0.341827780008, 0.396481990814, 0.596456170082], "dmean2": [0.747710108757, 0.584960341454, 0.585129022598, 0.515806734562, 0.53902810812, 0.855310738087], "dvar": [0.210216462612, 0.112481027842, 0.13469260931, 0.141450807452, 0.204212367535, 0.258639991283], "dvar2": [0.404810070992, 0.242248699069, 0.272125124931, 0.262987554073, 0.368476957083, 0.562686920166], "max": [-4.77929115295, -4.48941326141, -4.99440431595, -5.66677713394, -5.60072374344, -8.75044441223], "mean": [-7.41700267792, -6.80899381638, -7.56629180908, -7.90688228607, -8.01222419739, -11.2657775879], "median": [-7.18697786331, -6.54449081421, -7.32431936264, -7.6703710556, -7.7360367775, -11.1141490936], "min": [-28.0678653717, -28.1932296753, -27.7805328369, -27.6774749756, -27.5027732849, -27.4528369904], "var": [3.84125423431, 3.76704478264, 3.6206843853, 3.55370330811, 3.82576847076, 2.99019932747]}, "spectral_decrease": {"dmean": 7.6598070109e-09, "dmean2": 1.09219220334e-08, "dvar": 2.20648496105e-16, "dvar2": 4.61221192362e-16, "max": 9.26081078489e-09, "mean": -8.84180550997e-09, "median": -2.39935005197e-09, "min": -1.1950704959e-07, "var": 2.88374166838e-16}, "spectral_energy": {"dmean": 0.0296129323542, "dmean2": 0.0418937467039, "dvar": 0.00316293956712, "dvar2": 0.00659689540043, "max": 0.461441874504, "mean": 0.0436145216227, "median": 0.019952505827, "min": 1.02811764674e-20, "var": 0.00428346777335}, "spectral_energyband_high": {"dmean": 0.000465411954792, "dmean2": 0.000633531541098, "dvar": 6.84335532242e-07, "dvar2": 1.2601740309e-06, "max": 0.0224656742066, "mean": 0.000944193394389, "median": 0.000356699718395, "min": 7.12246936054e-21, "var": 2.13641101254e-06}, "spectral_energyband_low": {"dmean": 0.0245577767491, "dmean2": 0.0356740579009, "dvar": 0.00302703282796, "dvar2": 0.00651216972619, "max": 0.447595566511, "mean": 0.024218313396, "median": 0.00304918223992, "min": 2.14610287686e-23, "var": 0.00346788205206}, "spectral_energyband_middle_high": {"dmean": 0.00157010310795, "dmean2": 0.00239523872733, "dvar": 1.00465222204e-05, "dvar2": 2.35113766394e-05, "max": 0.0930604562163, "mean": 0.00335606234148, "median": 0.00176019303035, "min": 1.14829511518e-21, "var": 2.30889145314e-05}, "spectral_energyband_middle_low": {"dmean": 0.00514111341909, "dmean2": 0.00775926792994, "dvar": 0.00011098489631, "dvar2": 0.000244370137807, "max": 0.334775328636, "mean": 0.0104210162535, "median": 0.0055446526967, "min": 1.75522119392e-22, "var": 0.000246347248321}, "spectral_entropy": {"dmean": 0.218158483505, "dmean2": 0.307623952627, "dvar": 0.0535892210901, "dvar2": 0.0982111021876, "max": 9.81978988647, "mean": 7.52848577499, "median": 7.57968187332, "min": 5.49934530258, "var": 0.283785164356}, "spectral_flux": {"dmean": 0.0452092029154, "dmean2": 0.0732667520642, "dvar": 0.00474397651851, "dvar2": 0.0115689225495, "max": 0.658068776131, "mean": 0.111263155937, "median": 0.0814608335495, "min": 6.53605433665e-11, "var": 0.00816286727786}, "spectral_kurtosis": {"dmean": 4.5203499794, "dmean2": 6.57122182846, "dvar": 49.3593864441, "dvar2": 114.020812988, "max": 98.9116897583, "mean": 13.8096494675, "median": 11.1232967377, "min": -1.26688706875, "var": 115.530006409}, "spectral_rms": {"dmean": 0.00166448508389, "dmean2": 0.00217688269913, "dvar": 5.81329823035e-06, "dvar2": 1.02163094198e-05, "max": 0.0212176144123, "mean": 0.00538719259202, "median": 0.00441201310605, "min": 3.16708313221e-12, "var": 1.35289092213e-05}, "spectral_rolloff": {"dmean": 4417.89355469, "dmean2": 8260.00292969, "dvar": 56703288, "dvar2": 114095632, "max": 22050, "mean": 13550.0791016, "median": 21339.4042969, "min": 43.06640625, "var": 96049144}, "spectral_skewness": {"dmean": 0.418733149767, "dmean2": 0.57487732172, "dvar": 0.26443400979, "dvar2": 0.532920718193, "max": 7.86818885803, "mean": 2.39210796356, "median": 2.17613554001, "min": -0.0817935466766, "var": 1.07210612297}, "spectral_spread": {"dmean": 607372, "dmean2": 888715.0625, "dvar": 491667619840, "dvar2": 872796127232, "max": 42549516, "mean": 4616106.5, "median": 4239500.5, "min": 1261891.625