{"lowlevel": {"average_loudness": 0.733817279339, "barkbands": {"dmean": [5.48339403394e-06, 0.00020389049314, 0.000279377185507, 0.000175852372195, 0.000775912485551, 0.00175624119584, 0.00154963345267, 0.000598587910645, 0.000324270775309, 0.000982816331089, 0.000632357026916, 0.000728996063117, 0.000511850928888, 0.000558798725251, 0.000239492655965, 9.38055236475e-05, 5.00286114402e-05, 2.96595189866e-05, 2.87171351374e-05, 1.48889839693e-05, 6.26714063401e-06, 9.68896347331e-06, 1.87013956747e-05, 2.42046808125e-05, 1.49226625581e-05, 2.51661458606e-06, 3.33506989136e-07], "dmean2": [9.07742105483e-06, 0.00030496501131, 0.00037663828698, 0.00027375415084, 0.00119475461543, 0.00257017021067, 0.00229640724137, 0.000849720905535, 0.000446786318207, 0.00143904529978, 0.000905716733541, 0.00103296979796, 0.000749576429371, 0.000785357959103, 0.0003473283723, 0.00014400787768, 7.50122853788e-05, 4.4943040848e-05, 4.32947308582e-05, 2.10681737371e-05, 9.53146536631e-06, 1.36190274134e-05, 2.48744963756e-05, 3.45108819602e-05, 2.08588116948e-05, 3.34485230269e-06, 4.4829835133e-07], "dvar": [1.21843174439e-10, 6.70998076657e-07, 2.08602909879e-06, 2.05755227967e-07, 3.64271659237e-06, 2.228939411e-05, 1.48379376697e-05, 3.48814228346e-06, 1.42940314163e-06, 9.15130294743e-06, 5.57397652301e-06, 6.25560687695e-06, 3.62579544344e-06, 3.30331636178e-06, 9.60561123975e-07, 1.44820162973e-07, 4.90974230161e-08, 1.08859650183e-08, 5.7781499585e-09, 1.5164788314e-09, 4.11365580488e-10, 7.47603046136e-09, 2.75319713694e-08, 4.98752754652e-08, 1.6476050746e-08, 3.31749017146e-10, 6.3736333919e-12], "dvar2": [2.96412255851e-10, 1.44758246279e-06, 3.31587784785e-06, 5.63636490369e-07, 7.86305645306e-06, 4.67208483315e-05, 3.40152510034e-05, 6.82133077134e-06, 2.54984229286e-06, 1.79296293936e-05, 9.4947999969e-06, 1.1234727026e-05, 7.52442838348e-06, 6.25271286481e-06, 1.77528704626e-06, 2.81247480416e-07, 9.52816776589e-08, 2.48989842078e-08, 1.27305845865e-08, 2.72365774379e-09, 8.7151202921e-10, 1.44892258191e-08, 4.85947317941e-08, 1.22079100606e-07, 2.83234484755e-08, 5.81533821098e-10, 1.07342520289e-11], "max": [0.00038237933768, 0.0240165684372, 0.0465369708836, 0.0158544313163, 0.06483528018, 0.0888429954648, 0.104247525334, 0.0626725554466, 0.0614829659462, 0.0720147117972, 0.0695458501577, 0.0732936188579, 0.0652521699667, 0.0321045741439, 0.0366532020271, 0.0184557680041, 0.0156921558082, 0.00497303251177, 0.00216744979843, 0.0016396692954, 0.000727201579139, 0.00430318759754, 0.0116566400975, 0.0149809215218, 0.0058369319886, 0.000664486724418, 0.000206390512176], "mean": [7.06070522938e-06, 0.000504446041305, 0.00075127161108, 0.000483866897412, 0.00184905715287, 0.0051347296685, 0.00413009757176, 0.00159734569024, 0.000742240983527, 0.00259447447024, 0.00126980012283, 0.00219430937432, 0.00102337205317, 0.00106431066524, 0.000372495182091, 0.000189994054381, 0.00011670729873, 6.05919194641e-05, 6.59947472741e-05, 3.90570057789e-05, 1.21395878523e-05, 1.70408075064e-05, 3.37252349709e-05, 4.44755532953e-05, 3.01912368741e-05, 5.00625219502e-06, 6.73558986364e-07], "median": [3.07806658384e-06, 8.00007037469e-05, 6.82192330714e-05, 0.000108696520329, 0.000736408866942, 0.000914696662221, 0.000732645043172, 0.000315808400046, 9.82575147646e-05, 0.000173822772922, 6.53459937894e-05, 5.56290833629e-05, 5.40495166206e-05, 3.57365788659e-05, 3.18991369568e-05, 1.56301466632e-05, 1.00631077657e-05, 8.70972689881e-06, 7.60251077736e-06, 4.73976433568e-06, 1.38037341912e-06, 7.79760625846e-07, 1.67436405718e-06, 2.35293964579e-06, 1.25458473121e-06, 3.1373491538e-07, 7.099764332e-08], "min": [4.00989330629e-09, 3.65390628865e-09, 1.83100860862e-11, 1.40217551112e-11, 1.90827798008e-10, 2.79175654816e-10, 3.34016148074e-11, 1.7288653148e-11, 7.65036575756e-11, 1.41581642243e-11, 3.67332310403e-11, 3.71226382967e-11, 3.38325478744e-11, 4.96689980811e-11, 5.95568733219e-11, 2.87248697051e-11, 2.64296015628e-11, 4.55278106881e-11, 5.47031482612e-11, 4.32338435885e-11, 9.20107323665e-11, 1.24084992281e-10, 9.04909758237e-11, 8.48639492013e-11, 1.46020903702e-10, 2.74264222444e-10, 6.9459915597e-10], "var": [1.92974622393e-10, 2.2487483875e-06, 9.32585771807e-06, 1.41498219364e-06, 1.28438732645e-05, 0.000126824088511, 8.46176917548e-05, 1.55371672008e-05, 5.89003775531e-06, 5.35449908057e-05, 1.98457364604e-05, 4.07061670558e-05, 1.49500565385e-05, 1.10407563625e-05, 2.64351228907e-06, 6.99970598816e-07, 3.42665799735e-07, 3.01485130194e-08, 1.85229005467e-08, 7.45257988655e-09, 1.12005738018e-09, 1.64698530369e-08, 7.11964105449e-08, 1.36070255508e-07, 6.46470681431e-08, 1.15803944212e-09, 2.2106129427e-11]}, "barkbands_crest": {"dmean": 2.22702336311, "dmean2": 3.37818312645, "dvar": 4.98107767105, "dvar2": 11.0644855499, "max": 26.9726924896, "mean": 14.9808158875, "median": 14.1521987915, "min": 3.87249755859, "var": 30.8452415466}, "barkbands_flatness_db": {"dmean": 0.0186390280724, "dmean2": 0.0267649199814, "dvar": 0.000436064292444, "dvar2": 0.00083410483785, "max": 0.630224049091, "mean": 0.260384082794, "median": 0.249162554741, "min": 0.0657493472099, "var": 0.00721615180373}, "barkbands_kurtosis": {"dmean": 10.3145942688, "dmean2": 15.1189393997, "dvar": 4359.85009766, "dvar2": 8474.04101562, "max": 2933.16796875, "mean": 22.0632667542, "median": 4.45168495178, "min": -1.94278144836, "var": 16292.2763672}, "barkbands_skewness": {"dmean": 0.634840428829, "dmean2": 0.926224887371, "dvar": 1.41486549377, "dvar2": 3.02429270744, "max": 44.7412719727, "mean": 1.5859143734, "median": 1.23475885391, "min": -5.22378921509, "var": 9.96918392181}, "barkbands_spread": {"dmean": 2.03230381012, "dmean2": 2.94973039627, "dvar": 25.0333709717, "dvar2": 47.4270629883, "max": 101.371200562, "mean": 8.07801437378, "median": 5.55192327499, "min": 0.0204557701945, "var": 110.242233276}, "dissonance": {"dmean": 0.0455777570605, "dmean2": 0.0767214000225, "dvar": 0.00185436091851, "dvar2": 0.00516138970852, "max": 0.499823361635, "mean": 0.368581652641, "median": 0.38545614481, "min": 0.0801207050681, "var": 0.00657847244292}, "dynamic_complexity": 4.20063018799, "erbbands": {"dmean": [0.00292497640476, 0.0592037402093, 0.309143275023, 0.368085414171, 1.15780866146, 2.95698952675, 8.47304058075, 18.9671154022, 22.534116745, 17.5371265411, 12.4404525757, 7.60244750977, 15.2383375168, 37.3997344971, 26.0285987854, 30.8431663513, 22.0916385651, 18.1156635284, 18.9067020416, 4.56762456894, 4.69673013687, 2.64339828491, 1.44976389408, 1.49361932278, 1.10970115662, 0.784924268723, 0.363306850195, 0.121551677585, 0.323397308588, 0.463599085808, 0.563024580479, 0.53234142065, 0.375216990709, 0.216292768717, 0.0773084461689, 0.0173907652497, 0.0035496102646, 0.000645818188787, 5.81842941756e-05, 7.13231429472e-06], "dmean2": [0.00444981548935, 0.0875930935144, 0.420246571302, 0.555067062378, 1.81045877934, 4.52697086334, 11.7011461258, 26.9642295837, 33.358921051, 24.6652317047, 17.3758792877, 10.3169546127, 20.2920417786, 54.3971099854, 32.5767173767, 38.1662902832, 30.5291976929, 24.327583313, 28.2307567596, 6.74658441544, 7.10512542725, 3.89296865463, 2.18862223625, 2.1834821701, 1.61308240891, 1.09440696239, 0.530686974525, 0.173181548715, 0.469822615385, 0.634027481079, 0.744057238102, 0.77193403244, 0.515633106232, 0.306365072727, 0.106063611805, 0.0227731876075, 0.00477172946557, 0.000881938089151, 7.63226780691e-05, 1.01440655271e-05], "dvar": [8.8040054834e-05, 0.0634139180183, 2.68760180473, 0.818209648132, 7.00139665604, 71.3483352661, 498.110961914, 3000.60424805, 3187.71777344, 2089.07202148, 1883.2902832, 763.790405273, 1966.4284668, 11533.4492188, 5697.22070312, 10673.8789062, 6282.69140625, 3367.30029297, 4695.34716797, 310.979278564, 472.544952393, 115.184516907, 23.881734848, 17.2367916107, 8.85601806641, 4.47471857071, 1.19765520096, 0.543755888939, 9.60867118835, 18.967168808, 24.0772647858, 29.3054237366, 10.800786972, 3.83502674103, 0.408193826675, 0.0176956672221, 0.00057716795709, 1.71819719981e-05, 2.85390314048e-07, 2.73100819737e-10], "dvar2": [0.000197160159587, 0.132242634892, 4.41767024994, 1.88136851788, 18.1413536072, 149.929992676, 913.497680664, 5965.10595703, 7458.47851562, 4306.54443359, 3738.32958984, 1385.50170898, 3195.0234375, 25004.5488281, 7948.36328125, 16328.34375, 12707.5136719, 5956.90136719, 10202.7832031, 595.003967285, 886.265136719, 231.103027344, 52.6875076294, 34.3516349792, 18.0981369019, 8.01465892792, 2.58358001709, 0.915423214436, 21.9867572784, 34.6624565125, 41.5453224182, 74.3868179321, 22.7901115417, 7.12781476974, 0.689474344254, 0.0301698744297, 0.000935483374633, 2.89179533866e-05, 5.35098195087e-07, 4.13962225609e-10], "max": [0.364680558443, 6.61367034912, 49.546962738, 26.4017467499, 79.7896194458, 381.061157227, 673.476379395, 980.599243164, 1535.19104004, 1197.49853516, 1652.81396484, 1275.65917969, 1027.96887207, 3112.04907227, 2061.6550293, 3446.06494141, 3085.37670898, 1601.84692383, 2252.4230957, 540.849975586, 1266.32434082, 452.908477783, 179.172698975, 160.168212891, 86.34400177, 82.3366394043, 28.022195816, 46.4756622314, 157.519195557, 286.410461426, 334.979797363, 437.417144775, 210.591827393, 103.233009338, 32.0394744873, 4.92496204376, 0.988184154034, 0.173324927688, 0.0480414666235, 0.00133895594627], "mean": [0.00734558049589, 0.149852469563, 0.84751534462, 1.10124289989, 2.76483416557, 6.54627656937, 21.5501747131, 49.8792686462, 59.4043006897, 47.3742637634, 33.0035858154, 17.8813514709, 32.2456932068, 103.158004761, 66.4375839233, 81.5827331543, 51.3088302612, 38.5095977783, 51.1309509277, 9.61282634735, 11.3370342255, 6.59514379501, 3.53986573219, 3.31155657768, 2.88960552216, 2.14577865601, 0.892240464687, 0.255787730217, 0.5647534132, 0.799215912819, 1.00772380829, 0.946613430977, 0.720780909061, 0.439950883389, 0.152372464538, 0.0346376523376, 0.00711637781933, 0.00135446339846, 0.000125394406496, 3.23393906001e-05], "median": [0.00113805418368, 0.0235437247902, 0.0971977263689, 0.335930228233, 1.11067891121, 2.30540752411, 5.84274101257, 8.68553829193, 12.8859014511, 12.3756132126, 7.84461784363, 3.76451659203, 5.83017158508, 8.54324913025, 7.54706382751, 4.27600955963, 4.17159128189, 2.6733622551, 2.62349224091, 1.40903139114, 0.908050000668, 0.651329040527, 0.54219186306, 0.529321312904, 0.351985692978, 0.253436684608, 0.12210919708, 0.0337298586965, 0.0280286893249, 0.0352163687348, 0.0500948727131, 0.0473167076707, 0.0377364978194, 0.0197749491781, 0.00547347636893, 0.00156736490317, 0.000514070619829, 0.000133688125061, 2.43814029091e-05, 2.60955748672e-05], "min": [2.97520415415e-07, 6.56716338199e-07, 2.46932756909e-07, 3.91042718206e-08, 1.43552696841e-07, 5.60427736218e-07, 3.02687703879e-06, 1.2480766145e-06, 4.64398681288e-07, 5.9632736793e-07, 8.65888011958e-07, 2.08793335332e-06, 6.00889393354e-07, 1.02388912637e-06, 1.3526002931e-06, 1.36066967116e-06, 1.69684403772e-06, 2.80615336123e-06, 1.93485561795e-06, 3.19881382893e-06, 1.6157579239e-06, 1.87444652511e-06, 1.8624976974e-06, 2.83240569843e-06, 2.65142057287e-06, 2.66180268227e-06, 2.51246183325e-06, 4.49993240181e-06, 3.83656833947e-06, 4.09756012232e-06, 2.4663613658e-06, 1.32945376663e-06, 1.68359690633e-06, 1.44567673033e-06, 1.12079715109e-06, 1.24977316318e-06, 6.91170839673e-07, 7.92211267253e-07, 5.11701934158e-08, 4.45106884683e-09], "var": [0.000505458912812, 0.202459782362, 11.0248317719, 5.3313627243, 24.8355674744, 216.900054932, 2279.76342773, 14311.0673828, 17739.8085938, 9995.37304688, 8246.18554688, 3282.21972656, 6210.69042969, 78138.609375, 30137.4960938, 56493.7578125, 30896.5292969, 14267.8515625, 27652.3378906, 842.470581055, 3032.86279297, 681.817138672, 97.3220596313, 45.2199325562, 35.3725357056, 24.3645954132, 4.22155094147, 1.39352834225, 17.7658958435, 42.7391738892, 63.9508056641, 68.4385986328, 34.3947525024, 14.1623277664, 1.53916251659, 0.0647480860353, 0.0021215849556, 6.4098428993e-05, 8.00436794179e-07, 1.37702227399e-09]}, "erbbands_crest": {"dmean": 2.90807700157, "dmean2": 4.37405157089, "dvar": 7.54889345169, "dvar2": 17.4295082092, "max": 34.2294235229, "mean": 17.0186195374, "median": 15.9986476898, "min": 2.02251601219, "var": 50.0041656494}, "erbbands_flatness_db": {"dmean": 0.0166863612831, "dmean2": 0.0233542881906, "dvar": 0.000364091567462, "dvar2": 0.000655128795188, "max": 0.571669757366, "mean": 0.28886950016, "median": 0.282035291195, "min": 0.02237518318, "var": 0.00642520841211}, "erbbands_kurtosis": {"dmean": 3.56899309158, "dmean2": 5.26617860794, "dvar": 67.7040252686, "dvar2": 144.105865479, "max": 279.723052979, "mean": 8.23217582703, "median": 2.65353131294, "min": -1.91122639179, "var": 380.691558838}, "erbbands_skewness": {"dmean": 0.489491373301, "dmean2": 0.704044044018, "dvar": 0.298174411058, "dvar2": 0.623561680317, "max": 13.043135643, "mean": 1.04040169716, "median": 0.791949152946, "min": -4.19000387192, "var": 3.05620265007}, "erbbands_spread": {"dmean": 3.56407999992, "dmean2": 5.23277521133, "dvar": 58.0269813538, "dvar2": 115.743743896, "max": 159.063293457, "mean": 15.7326002121, "median": 10.7202243805, "min": 0.309198439121, "var": 294.155822754}, "gfcc": {"cov": [[9413.4296875, -780.488220215, -1697.73632812, 634.77911377, -488.225860596, 475.924072266, -410.551727295, 131.188156128, -517.741088867, -71.8182525635, 119.623512268, -407.468566895, -82.0270767212], [-780.488220215, 1917.40344238, 333.442138672, -287.15222168, 296.274810791, -370.455932617, 187.62272644, -130.575408936, 139.183700562, -170.909683228, 24.0335521698, -18.6123199463, 87.5106430054], [-1697.73632812, 333.442138672, 1564.21630859, 226.997680664, -51.3498916626, 21.8952999115, -104.980682373, 6.52435398102, 147.985534668, -37.1437568665, -90.9473648071, 125.918792725, 40.6818466187], [634.77911377, -287.15222168, 226.997680664, 811.145202637, 104.614631653, -32.3580513, -157.16343689, 28.9468975067, -3.75415897369, -50.5218887329, -133.398330688, -6.64128065109, -12.3913097382], [-488.225860596, 296.274810791, -51.3498916626, 104.614631653, 393.314727783, -5.05212688446, 115.471878052, -12.9091529846, 37.8830223083, 11.7523727417, -49.6489067078, -21.8930721283, -29.4302864075], [475.924072266, -370.455932617, 21.8952999115, -32.3580513, -5.05212688446, 533.314147949, 133.116195679, 81.2999649048, -81.6034698486, 45.9746055603, -0.269147574902, -96.6057052612, -79.2199935913], [-410.551727295, 187.62272644, -104.980682373, -157.16343689, 115.471878052, 133.116195679, 358.469696045, 49.8973922729, -12.3462228775, 29.4895038605, 23.61028862, -16.044298172, -21.0911483765], [131.188156128, -130.575408936, 6.52435398102, 28.9468975067, -12.9091529846, 81.2999649048, 49.8973922729, 244.018890381, 80.4683151245, -6.75238895416, -27.5202503204, -29.4544696808, -27.9469432831], [-517.741088867, 139.183700562, 147.985534668, -3.75415897369, 37.8830223083, -81.6034698486, -12.3462228775, 80.4683151245, 273.322784424, 67.9362792969, -20.9951267242, 23.1356754303, -22.0166893005], [-71.8182525635, -170.909683228, -37.1437568665, -50.5218887329, 11.7523727417, 45.9746055603, 29.4895038605, -6.75238895416, 67.9362792969, 229.742752075, 88.6250915527, 2.77594780922, -37.434627533], [119.623512268, 24.0335521698, -90.9473648071, -133.398330688, -49.6489067078, -0.269147574902, 23.61028862, -27.5202503204, -20.9951267242, 88.6250915527, 253.613632202, 29.5566616058, 17.2010746002], [-407.468566895, -18.6123199463, 125.918792725, -6.64128065109, -21.8930721283, -96.6057052612, -16.044298172, -29.4544696808, 23.1356754303, 2.77594780922, 29.5566616058, 166.07484436, 67.781829834], [-82.0270767212, 87.5106430054, 40.6818466187, -12.3913097382, -29.4302864075, -79.2199935913, -21.0911483765, -27.9469432831, -22.0166893005, -37.434627533, 17.2010746002, 67.781829834, 143.540008545]], "icov": [[0.000355824333383, -0.000507698219735, 0.000613656186033, -0.000630239199381, 0.000803198374342, -0.000707259518094, 0.000703704718035, -0.000474120082799, 0.00057701714104, -0.000477364461403, 2.99046168948e-05, -0.000106681967736, 8.07706528576e-05], [-0.000507698219735, 0.00228483369574, -0.0014706136426, 0.00154164701235, -0.00225281110033, 0.00217738351785, -0.00199629971758, 0.00161074684002, -0.00179924129043, 0.00234505557455, -0.00091177719878, 0.00197450281121, -0.000860653875861], [0.000613656186033, -0.0014706136426, 0.00210898905061, -0.00155725271907, 0.00198434735648, -0.00203616544604, 0.00168565369677, -0.000901260238606, 0.000702357850969, -0.00118677143473, 0.000549788412172, -0.0015534744598, 0.000336312135914], [-0.000630239199381, 0.00154164701235, -0.00155725271907, 0.00308260135353, -0.00263432087377, 0.00179318955634, -0.000675104733091, 0.000644603278488, -0.000834146456327, 0.0013600657694, 0.000210108075407, 0.000863193417899, -0.000322758220136], [0.000803198374342, -0.00225281110033, 0.00198434735648, -0.00263432087377, 0.00605987105519, -0.00219729216769, 0.000658576725982, -0.00080398179125, 0.0011660795426, -0.00227072206326, 0.00115619669668, -0.00119946408086, 0.00102715997491], [-0.000707259518094, 0.00217738351785, -0.00203616544604, 0.00179318955634, -0.00219729216769, 0.00521408533677, -0.00301642995328, 0.000582146050874, -0.000334966636728, 0.00122761761304, -0.000526004470885, 0.00274490518495, 0.000133148088935], [0.000703704718035, -0.00199629971758, 0.00168565369677, -0.000675104733091, 0.000658576725982, -0.00301642995328, 0.00627906247973, -0.0025743348524, 0.00227631116286, -0.00220118789002, 0.000510993297212, -0.00193769577891, 0.000603698485065], [-0.000474120082799, 0.00161074684002, -0.000901260238606, 0.000644603278488, -0.00080398179125, 0.000582146050874, -0.0025743348524, 0.00695383921266, -0.00402813451365, 0.00282218237408, -0.000567993032746, 0.00174049974885, -0.000445448735263], [0.00057701714104, -0.00179924129043, 0.000702357850969, -0.000834146456327, 0.0011660795426, -0.000334966636728, 0.00227631116286, -0.00402813451365, 0.00774563616142, -0.00424198340625, 0.00151944800746, -0.00177789176814, 0.00149924191646], [-0.000477364461403, 0.00234505557455, -0.00118677143473, 0.0013600657694, -0.00227072206326, 0.00122761761304, -0.00220118789002, 0.00282218237408, -0.00424198340625, 0.00888854078948, -0.00331448530778, 0.00157187145669, 0.00051164632896], [2.99046168948e-05, -0.00091177719878, 0.000549788412172, 0.000210108075407, 0.00115619669668, -0.000526004470885, 0.000510993297212, -0.000567993032746, 0.00151944800746, -0.00331448530778, 0.00594292907044, -0.00179522344843, -0.000149249928654], [-0.000106681967736, 0.00197450281121, -0.0015534744598, 0.000863193417899, -0.00119946408086, 0.00274490518495, -0.00193769577891, 0.00174049974885, -0.00177789176814, 0.00157187145669, -0.00179522344843, 0.0110452668741, -0.00429017515853], [8.07706528576e-05, -0.000860653875861, 0.000336312135914, -0.000322758220136, 0.00102715997491, 0.000133148088935, 0.000603698485065, -0.000445448735263, 0.00149924191646, 0.00051164632896, -0.000149249928654, -0.00429017515853, 0.0101076122373]], "mean": [-102.962478638, 130.601898193, -119.676620483, -19.218290329, -61.8302192688, -3.68491029739, -42.9427528381, -1.8937318325, -23.4641437531, -3.51803827286, 1.04374086857, -5.44870090485, -6.75382328033]}, "hfc": {"dmean": 3.65233922005, "dmean2": 5.21044445038, "dvar": 36.3819236755, "dvar2": 68.467414856, "max": 218.179382324, "mean": 17.8930397034, "median": 11.8024768829, "min": 2.27063410421e-05, "var": 319.153930664}, "melbands": {"dmean": [4.068346243e-05, 0.000130904736579, 8.4481187514e-05, 0.000137820403324, 0.000259137596004, 0.000387954874896, 0.000345404492691, 0.000176118628588, 9.05829510884e-05, 4.69315746159e-05, 8.9860172011e-05, 0.00015860167332, 9.15911441552e-05, 8.99455044419e-05, 6.68769862386e-05, 4.3224215915e-05, 3.91690045944e-05, 3.91377761844e-05, 8.91374293133e-06, 5.07246841153e-06, 6.25876964477e-06, 3.01296972793e-06, 2.08404298974e-06, 1.37024017022e-06, 1.36147923513e-06, 1.28387648601e-06, 5.59565535241e-07, 5.59097429687e-07, 3.08264674231e-07, 1.09766105538e-07, 6.59095391597e-08, 1.66138477198e-07, 2.63382048615e-07, 2.81211015363e-07, 3.31382636887e-07, 3.50358050127e-07, 3.56294776793e-07, 2.88685896521e-07, 2.46752762223e-07, 1.74761254357e-07], "dmean2": [6.05664790783e-05, 0.000181391369551, 0.000128554762341, 0.000211485399632, 0.000365441810573, 0.000556396786124, 0.000511963269673, 0.000246118725045, 0.000127511942992, 6.37845805613e-05, 0.000118331612612, 0.000231988291489, 0.000118758391181, 0.000122976940474, 8.96600395208e-05, 6.01402025495e-05, 5.17255357408e-05, 5.93979202677e-05, 1.28757619677e-05, 7.86744840298e-06, 9.44201656239e-06, 4.42174132331e-06, 3.16996261063e-06, 2.06170466299e-06, 2.00078875423e-06, 1.88788942523e-06, 8.14068357613e-07, 7.86086332027e-07, 4.49652560519e-07, 1.6358286814e-07, 9.62562012319e-08, 2.48832293437e-07, 3.71422288481e-07, 3.93292623357e-07, 4.48098944617e-07, 4.8299153832e-07, 5.25970108356e-07, 4.12398179606e-07, 3.53434899125e-07, 2.43287161084e-07], "dvar": [2.14397104514e-08, 4.29409681146e-07, 3.87964043114e-08, 1.1821393997e-07, 4.09680978919e-07, 1.1506087958e-06, 7.15786597993e-07, 1.93024504824e-07, 1.10973708445e-07, 2.75539004946e-08, 7.49834683234e-08, 2.05570671596e-07, 7.37786933769e-08, 8.47269063797e-08, 6.011947562e-08, 2.55914844871e-08, 1.7211499781e-08, 2.09507433624e-08, 1.20567189565e-09, 5.15903431086e-10, 8.85970519171e-10, 2.023925888e-10, 6.81379813683e-11, 2.85106573766e-11, 1.4883054858e-11, 1.24803977916e-11, 2.48217917574e-12, 2.42880975748e-12, 7.92929144653e-13, 1.96380983849e-13, 1.95677838082e-13, 2.88590440607e-12, 5.0982525493e-12, 7.81427960533e-12, 8.66622312107e-12, 7.95183103391e-12, 1.62339430093e-11, 6.98994594844e-12, 4.82072411503e-12, 2.44121910187e-12], "dvar2": [4.66650753594e-08, 7.46202260871e-07, 9.85194432701e-08, 2.57909505308e-07, 7.59200702305e-07, 2.35168954532e-06, 1.67486166447e-06, 3.93540432242e-07, 2.25970481438e-07, 4.92061538182e-08, 1.14779595606e-07, 4.53481334262e-07, 1.13243338262e-07, 1.57594385541e-07, 1.03935136053e-07, 4.60449740558e-08, 2.80189222934e-08, 4.70757015592e-08, 2.33483499201e-09, 1.06095876529e-09, 1.64156954696e-09, 4.02003569322e-10, 1.59229254781e-10, 6.62082541569e-11, 2.96520238918e-11, 2.6648608667e-11, 5.19489659623e-12, 4.30215672115e-12, 1.63946146155e-12, 3.89628975785e-13, 3.37012644354e-13, 7.30094543849e-12, 9.93388791365e-12, 1.55350333292e-11, 1.54987897516e-11, 1.42404673123e-11, 4.58528076619e-11, 1.54737975905e-11, 9.79211763757e-12, 4.35365415594e-12], "max": [0.00459754932672, 0.0184411946684, 0.00537663791329, 0.013358110562, 0.0196725390851, 0.0199875365943, 0.0228923782706, 0.0106327272952, 0.0115496618673, 0.00692868884653, 0.00570987863466, 0.0132187977433, 0.00766660412773, 0.0107363462448, 0.00887374579906, 0.00407050875947, 0.00351720233448, 0.00363793200813, 0.00128627172671, 0.000687816238496, 0.00171834707726, 0.00064486253541, 0.000330346723786, 0.000313363387249, 0.000112981811981, 8.35456958157e-05, 5.92220349063e-05, 7.57304223953e-05, 2.21304726438e-05, 1.84047785297e-05, 3.0639796023e-05, 9.71392873907e-05, 9.39256278798e-05, 0.000192315375898, 0.00020427632262, 0.000205833275686, 0.000309564522468, 0.000179443464731, 0.000108715299575, 7.64003561926e-05], "mean": [0.00010309460049, 0.000356488570105, 0.000246057112236, 0.000308479560772, 0.000680418685079, 0.00107337394729, 0.000904185231775, 0.000481875787955, 0.000228552191402, 0.000105299790448, 0.000171847175807, 0.000438358169049, 0.000201679315069, 0.00027016949025, 0.0001522385719, 8.42843364808e-05, 6.90715824021e-05, 0.000102619320387, 1.44464402183e-05, 9.77503441391e-06, 1.39019812195e-05, 6.85387885824e-06, 4.31400758316e-06, 2.82536188934e-06, 2.57196961684e-06, 2.91292326438e-06, 1.36920357363e-06, 1.35482423502e-06, 6.53912536563e-07, 1.97065190832e-07, 1.17527314103e-07, 2.7184563578e-07, 4.27582108387e-07, 4.56248869796e-07, 5.63666333164e-07, 5.98817734954e-07, 5.85287864396e-07, 5.19753257322e-07, 4.60850827722e-07, 3.40737869919e-07], "median": [1.6862522898e-05, 4.43130084022e-05, 8.28817574074e-05, 0.000122862940771, 0.000201727685635, 0.000181400158908, 0.000196260865778, 0.00013058129116, 4.18105264544e-05, 1.37667702802e-05, 2.39519649767e-05, 2.84246016236e-05, 1.71649480762e-05, 7.42232532502e-06, 6.11932227912e-06, 5.87337672187e-06, 2.52329982686e-06, 3.44278441844e-06, 2.02603359867e-06, 9.7713109426e-07, 7.69984126237e-07, 5.6200610743e-07, 4.6156790745e-07, 3.82334803817e-07, 3.5678687027e-07, 2.76374237274e-07, 1.83107999874e-07, 1.44400615909e-07, 7.07263865252e-08, 2.29493686277e-08, 1.13974767402e-08, 1.32222250926e-08, 1.60028879037e-08, 1.71649894298e-08, 2.55873029431e-08, 2.79442673445e-08, 2.49695020216e-08, 2.40957582776e-08, 2.10966941694e-08, 1.23850387723e-08], "min": [2.66377830904e-09, 5.09723596664e-10, 7.26930928646e-12, 2.61728989176e-11, 9.6170856001e-11, 3.5086003547e-11, 7.64585617041e-12, 4.40085424699e-12, 8.58346900501e-12, 1.29935255264e-11, 2.52997319275e-12, 2.75256293453e-12, 4.47011785226e-12, 4.63336747442e-12, 2.59687779093e-12, 3.42160436269e-12, 5.40595866683e-12, 2.83140373127e-12, 4.67174042507e-12, 2.60602086785e-12, 1.76009825204e-12, 1.8034253561e-12, 1.69645721082e-12, 1.9901528342e-12, 2.30887791525e-12, 2.17641746639e-12, 1.17545437359e-12, 1.98888865446e-12, 1.01257229598e-12, 2.06003638627e-12, 2.26188707521e-12, 1.50135752355e-12, 3.25351703044e-12, 1.81832326973e-12, 1.52431344456e-12, 1.14842033452e-12, 6.89679487565e-13, 1.24989883894e-12, 1.26313640537e-12, 1.15683591179e-12], "var": [9.26729910589e-08, 1.6360158952e-06, 2.34620117112e-07, 3.82036830615e-07, 1.98107363758e-06, 6.06104958933e-06, 4.00956787416e-06, 9.25788128825e-07, 4.62677604673e-07, 1.19020853617e-07, 2.1280554563e-07, 1.47109938098e-06, 3.7581114043e-07, 6.29342366665e-07, 3.14365451004e-07, 8.48891943406e-08, 5.70929472588e-08, 1.18876279487e-07, 3.26877502843e-09, 1.39145517331e-09, 5.5862230397e-09, 1.21451271262e-09, 2.18780618622e-10, 6.81093792476e-11, 3.29878555028e-11, 4.45608203115e-11, 8.64531883582e-12, 1.14913304566e-11, 2.6112337119e-12, 4.28232536237e-13, 4.70949884993e-13, 4.46592112249e-12, 1.10902415723e-11, 1.55801760382e-11, 2.1095371977e-11, 2.23568264596e-11, 3.1964562941e-11, 1.86375082034e-11, 1.61531534676e-11, 8.77534590132e-12]}, "melbands_crest": {"dmean": 2.79722094536, "dmean2": 4.25320100784, "dvar": 7.33842897415, "dvar2": 17.1149673462, "max": 38.6426200867, "mean": 18.0458393097, "median": 17.0101165771, "min": 4.3274974823, "var": 45.0008926392}, "melbands_flatness_db": {"dmean": 0.0194077361375, "dmean2": 0.0269771367311, "dvar": 0.000520395231433, "dvar2": 0.000932252616622, "max": 0.725511610508, "mean": 0.33064314723, "median": 0.320919960737, "min": 0.0490044727921, "var": 0.00989626999944}, "melbands_kurtosis": {"dmean": 5.90554189682, "dmean2": 8.93747234344, "dvar": 181.423995972, "dvar2": 420.794769287, "max": 457.523651123, "mean": 13.9555072784, "median": 5.31047153473, "min": -1.93780863285, "var": 767.847412109}, "melbands_skewness": {"dmean": 0.554740309715, "dmean2": 0.805938661098, "dvar": 0.476739823818, "dvar2": 1.06163287163, "max": 15.0632572174, "mean": 1.5675586462, "median": 1.37751102448, "min": -3.9666261673, "var": 4.41087865829}, "melbands_spread": {"dmean": 2.8448638916, "dmean2": 4.07408905029, "dvar": 48.8406867981, "dvar2": 83.198677063, "max": 272.602264404, "mean": 11.7937784195, "median": 8.54281902313, "min": 0.191931903362, "var": 219.750671387}, "mfcc": {"cov": [[8384.65820312, -893.688537598, -1106.89123535, -10.2141399384, -69.9970397949, -196.474807739, 254.218887329, -28.4055252075, -366.459655762, 287.031860352, -220.517181396, -187.030700684, -91.6251220703], [-893.688537598, 2006.11657715, 146.398178101, 18.9979667664, -6.05976200104, -82.7651824951, -21.5468273163, 13.2359495163, 54.7721748352, -102.688339233, -65.5649871826, -31.3860492706, -28.2378807068], [-1106.89123535, 146.398178101, 1222.23864746, 73.2319793701, 174.880249023, 110.230010986, -114.351547241, 52.2877693176, 52.2630500793, -17.762424469, 0.648437619209, 9.89795875549, -91.787071228], [-10.2141399384, 18.9979667664, 73.2319793701, 635.246154785, 191.318954468, -2.53396606445, -114.27406311, 22.2800521851, 57.8259849548, -82.4513320923, -30.920425415, -20.2567329407, -53.5161743164], [-69.9970397949, -6.05976200104, 174.880249023, 191.318954468, 323.130432129, 38.1073532104, -65.3028335571, 26.9308242798, 31.6915893555, 32.8947143555, -0.890199959278, 6.34622240067, -52.886756897], [-196.474807739, -82.7651824951, 110.230010986, -2.53396606445, 38.1073532104, 299.446990967, 103.998649597, 12.466796875, 37.8600997925, 24.3675918579, 67.4136962891, -2.94460177422, -5.78760576248], [254.218887329, -21.5468273163, -114.351547241, -114.27406311, -65.3028335571, 103.998649597, 378.718353271, 55.7521858215, -39.3327636719, 73.4383850098, 11.833990097, -23.5322589874, 35.7530899048], [-28.4055252075, 13.2359495163, 52.2877693176, 22.2800521851, 26.9308242798, 12.466796875, 55.7521858215, 215.483322144, 101.497787476, 12.4602823257, -0.186137899756, -3.91997361183, -14.8115434647], [-366.459655762, 54.7721748352, 52.2630500793, 57.8259849548, 31.6915893555, 37.8600997925, -39.3327636719, 101.497787476, 272.36517334, 23.3198623657, 39.5660629272, 3.64126181602, -1.23140120506], [287.031860352, -102.688339233, -17.762424469, -82.4513320923, 32.8947143555, 24.3675918579, 73.4383850098, 12.4602823257, 23.3198623657, 218.817886353, 59.3970336914, 27.6604156494, 16.2589969635], [-220.517181396, -65.5649871826, 0.648437619209, -30.920425415, -0.890199959278, 67.4136962891, 11.833990097, -0.186137899756, 39.5660629272, 59.3970336914, 196.835342407, 92.6537475586, 41.660900116], [-187.030700684, -31.3860492706, 9.89795875549, -20.2567329407, 6.34622240067, -2.94460177422, -23.5322589874, -3.91997361183, 3.64126181602, 27.6604156494, 92.6537475586, 190.018035889, 94.1185073853], [-91.6251220703, -28.2378807068, -91.787071228, -53.5161743164, -52.886756897, -5.78760576248, 35.7530899048, -14.8115434647, -1.23140120506, 16.2589969635, 41.660900116, 94.1185073853, 195.705718994]], "icov": [[0.000172689076862, 5.58409810765e-05, 0.000142563862028, -6.11607101746e-05, 2.2483885914e-05, 3.61541387974e-05, -8.70635722094e-06, -9.55121213337e-05, 0.000232090183999, -0.00030070374487, 0.000183715572348, 6.35514297755e-05, 9.73230635282e-05], [5.58409810765e-05, 0.000552349083591, -3.68037108274e-05, 1.77104393515e-05, -2.42236146732e-05, 0.000231453101151, -0.000152765423991, 7.33978085918e-05, -0.000146266393131, 0.000187601937796, 0.000130879692733, 1.00407842183e-05, 7.7988494013e-05], [0.000142563862028, -3.68037108274e-05, 0.00111654773355, 6.29662681604e-05, -0.00037450453965, -0.000473048130516, 0.000374187540729, -0.000355099677108, 0.000244159513386, -0.000202540162718, 0.000313384021865, -0.000224702758715, 0.000451606843853], [-6.11607101746e-05, 1.77104393515e-05, 6.29662681604e-05, 0.00221064290963, -0.00137520604767, 4.39053728769e-05, 0.000207902587135, 3.44028594554e-05, -0.000485908647534, 0.00110308162402, -3.68615328625e-05, 7.57844682084e-05, 7.89492842159e-05], [2.2483885914e-05, -2.42236146732e-05, -0.00037450453965, -0.00137520604767, 0.0046818703413, -0.000728402403183, 0.00073811726179, -0.000504735624418, 0.000315105862683, -0.00160186120775, 0.000586522161029, -0.000682653277181, 0.000864465895575], [3.61541387974e-05, 0.000231453101151, -0.000473048130516, 4.39053728769e-05, -0.000728402403183, 0.00476077012718, -0.00181754818186, 0.000769669946749, -0.000847553543281, 0.000660823890939, -0.00179378548637, 0.000710027292371, 0.00015486466873], [-8.70635722094e-06, -0.000152765423991, 0.000374187540729, 0.000207902587135, 0.00073811726179, -0.00181754818186, 0.00428609969094, -0.00184600311331, 0.00144976074807, -0.00146300974302, 0.000243126269197, 0.000943873368669, -0.000945799401961], [-9.55121213337e-05, 7.33978085918e-05, -0.000355099677108, 3.44028594554e-05, -0.000504735624418, 0.000769669946749, -0.00184600311331, 0.00659015215933, -0.00294518028386, 0.000631203467492, 0.000346685032127, -0.000681871897541, 0.000714257708751], [0.000232090183999, -0.000146266393131, 0.000244159513386, -0.000485908647534, 0.000315105862683, -0.000847553543281, 0.00144976074807, -0.00294518028386, 0.00566113041714, -0.00128971238155, -0.00074178876821, 0.000924755004235, -0.000502525654156], [-0.00030070374487, 0.000187601937796, -0.000202540162718, 0.00110308162402, -0.00160186120775, 0.000660823890939, -0.00146300974302, 0.000631203467492, -0.00128971238155, 0.00676209107041, -0.00189824833069, -0.00025008583907, -5.08997654833e-05], [0.000183715572348, 0.000130879692733, 0.000313384021865, -3.68615328625e-05, 0.000586522161029, -0.00179378548637, 0.000243126269197, 0.000346685032127, -0.00074178876821, -0.00189824833069, 0.00836144108325, -0.00390084064566, 0.000578148232307], [6.35514297755e-05, 1.00407842183e-05, -0.000224702758715, 7.57844682084e-05, -0.000682653277181, 0.000710027292371, 0.000943873368669, -0.000681871897541, 0.000924755004235, -0.00025008583907, -0.00390084064566, 0.00944871455431, -0.00412805564702], [9.73230635282e-05, 7.7988494013e-05, 0.000451606843853, 7.89492842159e-05, 0.000864465895575, 0.00015486466873, -0.000945799401961, 0.000714257708751, -0.000502525654156, -5.08997654833e-05, 0.000578148232307, -0.00412805564702, 0.00772820971906]], "mean": [-756.112487793, 171.429748535, -2.40291619301, -8.17990493774, -1.86165320873, -15.3159980774, -3.20220184326, -8.78671741486, -18.0624427795, 0.392900586128, -8.36602497101, -2.18024849892, 3.06499218941]}, "pitch_salience": {"dmean": 0.0549311339855, "dmean2": 0.0840322375298, "dvar": 0.00305755296722, "dvar2": 0.0067160949111, "max": 0.828474581242, "mean": 0.451885998249, "median": 0.469987928867, "min": 0.0178829226643, "var": 0.0223084483296}, "silence_rate_20dB": {"dmean": 0, "dmean2": 0, "dvar": 0, "dvar2": 0, "max": 1, "mean": 1, "median": 1, "min": 1, "var": 0}, "silence_rate_30dB": {"dmean": 0, "dmean2": 0, "dvar": 0, "dvar2": 0, "max": 1, "mean": 1, "median": 1, "min": 1, "var": 0}, "silence_rate_60dB": {"dmean": 0.0187546089292, "dmean2": 0.0375131703913, "dvar": 0.0184021368623, "dvar2": 0.0424253679812, "max": 1, "mean": 0.0816477015615, "median": 0, "min": 0, "var": 0.0749742910266}, "spectral_centroid": {"dmean": 85.0004425049, "dmean2": 119.911117554, "dvar": 34158.8476562, "dvar2": 56129.9609375, "max": 11007.6552734, "mean": 783.186645508, "median": 670.389160156, "min": 178.136932373, "var": 224386.59375}, "spectral_complexity": {"dmean": 1.28374254704, "dmean2": 2.13761854172, "dvar": 1.63970279694, "dvar2": 4.05015182495, "max": 26, "mean": 9.19521713257, "median": 9, "min": 0, "var": 21.5654392242}, "spectral_contrast_coeffs": {"dmean": [0.0404471345246, 0.0397899337113, 0.0345492810011, 0.0297080054879, 0.0217545162886, 0.0129846287891], "dmean2": [0.0655200481415, 0.0625487789512, 0.0543233081698, 0.0464657284319, 0.0340071059763, 0.0206715576351], "dvar": [0.00120479939505, 0.00127787364181, 0.000984195386991, 0.000705538666807, 0.000413054891396, 0.000143310026033], "dvar2": [0.00304107996635, 0.00293671130203, 0.00215217168443, 0.00155192846432, 0.000868298055138, 0.000339105288731], "max": [-0.262825191021, -0.236130043864, -0.318833559752, -0.400849550962, -0.498673886061, -0.702446579933], "mean": [-0.601278543472, -0.592347621918, -0.645323991776, -0.693920791149, -0.749900817871, -0.825633108616], "median": [-0.60014128685, -0.598954916, -0.657283723354, -0.70500099659, -0.75890648365, -0.829128503799], "min": [-0.95735669136, -0.956397891045, -0.966701984406, -0.953761935234, -0.959077894688, -0.96062463522], "var": [0.0112695600837, 0.0139661673456, 0.0124302282929, 0.00908478628844, 0.00536259822547, 0.00148470466956]}, "spectral_contrast_valleys": {"dmean": [0.346367537975, 0.293684601784, 0.270814299583, 0.242640823126, 0.217469125986, 0.219218477607], "dmean2": [0.577522695065, 0.4810513556, 0.443460643291, 0.392297327518, 0.341001629829, 0.312869369984], "dvar": [0.104402288795, 0.0844701454043, 0.0717258751392, 0.0675836652517, 0.0736240521073, 0.0987915843725], "dvar2": [0.244380772114, 0.190518453717, 0.157010063529, 0.140035092831, 0.136145144701, 0.147536501288], "max": [-5.92536640167, -5.06062746048, -5.59881639481, -6.32945680618, -6.53810977936, -7.47189664841], "mean": [-8.67332077026, -7.55152606964, -8.51214504242, -9.28088188171, -9.61076164246, -11.8097629547], "median": [-8.50757789612, -7.34491157532, -8.39694023132, -9.15166664124, -9.48976421356, -11.6861343384], "min": [-27.5591278076, -27.1701831818, -26.9850025177, -27.3673019409, -27.4135894775, -27.250831604], "var": [1.21225845814, 1.36783671379, 1.18327784538, 0.973158955574, 1.03324580193, 1.31320440769]}, "spectral_decrease": {"dmean": 1.23279819686e-09, "dmean2": 1.81808779143e-09, "dvar": 2.76987631968e-18, "dvar2": 5.91518096808e-18, "max": -6.23726347941e-15, "mean": -6.01752647711e-09, "median": -5.21607690374e-09, "min": -2.70839137784e-08, "var": 1.95723621881e-17}, "spectral_energy": {"dmean": 0.00494172237813, "dmean2": 0.00727721164003, "dvar": 4.36247755715e-05, "dvar2": 9.31607501116e-05, "max": 0.107574231923, "mean": 0.0243344381452, "median": 0.0209051091224, "min": 2.56004017984e-08, "var": 0.000318089820212}, "spectral_energyband_high": {"dmean": 7.01874523656e-05, "dmean2": 9.17811194086e-05, "dvar": 2.35604346699e-07, "dvar2": 3.86468599345e-07, "max": 0.0258605014533, "mean": 0.000161386225955, "median": 1.63666736626e-05, "min": 1.52462720227e-09, "var": 9.21803120946e-07}, "spectral_energyband_low": {"dmean": 0.000490473408718, "dmean2": 0.000689256645273, "dvar": 4.30487443737e-06, "dvar2": 7.65179538575e-06, "max": 0.057597450912, "mean": 0.00142887467518, "median": 0.000315486511681, "min": 1.25445245303e-08, "var": 1.70804160007e-05}, "spectral_energyband_middle_high": {"dmean": 0.00195054081269, "dmean2": 0.00275583285838, "dvar": 1.42955659612e-05, "dvar2": 2.72157576546e-05, "max": 0.0818613916636, "mean": 0.00892817880958, "median": 0.00187664036639, "min": 6.49229170424e-10, "var": 0.000183155963896}, "spectral_energyband_middle_low": {"dmean": 0.00367891555652, "dmean2": 0.00548015814275, "dvar": 3.41279665008e-05, "dvar2": 7.54313587095e-05, "max": 0.105308786035, "mean": 0.014048547484, "median": 0.00922040082514, "min": 1.01920938356e-09, "var": 0.000213653489482}, "spectral_entropy": {"dmean": 0.172921434045, "dmean2": 0.245424643159, "dvar": 0.0450433306396, "dvar2": 0.0772929936647, "max": 9.81045913696, "mean": 6.11164665222, "median": 6.18367195129, "min": 2.72564339638, "var": 0.74111944437}, "spectral_flux": {"dmean": 0.0250887535512, "dmean2": 0.0407087020576, "dvar": 0.000855134392623, "dvar2": 0.00222337106243, "max": 0.309088885784, "mean": 0.0635416358709, "median": 0.0504501648247, "min": 6.38135243207e-05, "var": 0.00222083250992}, "spectral_kurtosis": {"dmean": 6.88242912292, "dmean2": 11.4356136322, "dvar": 85.4793930054, "dvar2": 219.554748535, "max": 191.124053955, "mean": 24.1559791565, "median": 15.0595798492, "min": -1.39085376263, "var": 632.288269043}, "spectral_rms": {"dmean": 0.000484917516587, "dmean2": 0.000698645308148, "dvar": 3.1714765214e-07, "dvar2": 6.34190598703e-07, "max": 0.0102445334196, "mean": 0.00447664689273, "median": 0.00451610749587, "min": 4.99759971717e-06, "var": 3.70049428966e-06}, "spectral_rolloff": {"dmean": 165.476776123, "dmean2": 277.885131836, "dvar": 388554.09375, "dvar2": 730240, "max": 11520.2636719, "mean": 1019.54437256, "median": 818.26171875, "min": 21.533203125, "var": 1423793.5}, "spectral_skewness": {"dmean": 0.499214112759, "dmean2": 0.814280986786, "dvar": 0.294371783733, "dvar2": 0.744269192219, "max": 11.3601360321, "mean": 3.50793099403, "median": 3.06625461578, "min": -0.563910663128, "var": 2.99693703651}, "spectral_spread": {"dmean": 419245.125, "dmean2": 630162.875, "dvar": 573399498752, "dv