{"lowlevel": {"average_loudness": 0.648599803448, "barkbands": {"dmean": [3.73801995011e-05, 0.00176127068698, 0.000644302403089, 0.000336619414156, 0.00129162031226, 0.00091052451171, 0.000745022553019, 0.0009624423692, 0.000990866334178, 0.00115749775432, 0.000795602041762, 0.000439703610027, 0.000579726707656, 0.000337697012583, 0.000148435705341, 6.78190117469e-05, 6.15912940702e-05, 0.000145086902194, 9.30153109948e-05, 8.12731450424e-05, 5.18812848895e-05, 6.49403882562e-05, 4.91506798426e-05, 2.60517590505e-05, 2.00790764211e-05, 3.29499016516e-06, 4.13701570778e-07], "dmean2": [6.25326501904e-05, 0.00261960271746, 0.000955743598752, 0.00056880194461, 0.0021747823339, 0.00137497717515, 0.00115424022079, 0.001499151811, 0.00153869984206, 0.00171392341144, 0.00111524923705, 0.000633602787275, 0.000847976654768, 0.000491522892844, 0.000226934207603, 0.000104291575553, 9.2879847216e-05, 0.000222625036258, 0.000141166165122, 0.00011822029046, 7.99741028459e-05, 0.00010479723278, 8.04104274721e-05, 4.27762570325e-05, 3.11116782541e-05, 5.30437455382e-06, 7.20604191429e-07], "dvar": [6.8602434844e-09, 9.33153933147e-06, 1.9820822672e-06, 3.73198588477e-07, 4.43916997028e-06, 3.89081287722e-06, 4.98892359246e-06, 1.38669356602e-05, 2.69735901384e-05, 3.98230586143e-05, 2.37193362409e-05, 3.36896800945e-06, 6.67434005663e-06, 3.33022035193e-06, 3.83668322002e-07, 6.46188667019e-08, 3.54039357831e-08, 2.32723976978e-07, 9.66021076465e-08, 6.08346226727e-08, 1.10887929949e-08, 2.83758421205e-08, 1.5584451063e-08, 3.75931419327e-09, 7.93254795184e-09, 8.28649857065e-11, 1.06158343834e-12], "dvar2": [1.65085740633e-08, 1.91848357645e-05, 4.13658381149e-06, 1.00717977602e-06, 1.20260519907e-05, 7.8672383097e-06, 1.08571493911e-05, 2.91311971523e-05, 6.54978575767e-05, 7.60325347073e-05, 3.51979870175e-05, 6.42057511868e-06, 1.41314249049e-05, 7.30628880774e-06, 8.57012764754e-07, 1.44360512877e-07, 8.31436395288e-08, 5.54290238597e-07, 1.99801320377e-07, 1.21975816114e-07, 2.50994940387e-08, 7.07116711851e-08, 3.84783689356e-08, 9.90286697089e-09, 1.41946419063e-08, 2.01400965349e-10, 3.00172018318e-12], "max": [0.00128481595311, 0.0361417382956, 0.0221957508475, 0.0117707084864, 0.0226464886218, 0.0802876353264, 0.0913189947605, 0.0865748152137, 0.148254752159, 0.199870958924, 0.194780498743, 0.0630342885852, 0.0950976088643, 0.102377057076, 0.0225392654538, 0.00955458823591, 0.00870214030147, 0.0154397385195, 0.0132907098159, 0.0102552156895, 0.00282126222737, 0.00608129194006, 0.00302518438548, 0.00143669219688, 0.0046581318602, 0.000301778869471, 1.33164658109e-05], "mean": [4.07982806792e-05, 0.00386912911199, 0.000961392826866, 0.000391355453758, 0.00182798318565, 0.00158048549201, 0.00129630544689, 0.0013712142827, 0.0012570876861, 0.0016591718886, 0.00146169622894, 0.000638554804027, 0.000849166652188, 0.000478413101519, 0.0002107918408, 0.000110910463263, 0.000108274070953, 0.000260263564996, 0.000167355363374, 0.000157211252372, 9.15073178476e-05, 0.000100480894616, 7.65237709857e-05, 3.44552063325e-05, 2.54869628407e-05, 3.76575917471e-06, 4.11047267335e-07], "median": [9.25714084588e-06, 0.00100192194805, 0.000217987515498, 0.000165210047271, 0.000971432891674, 0.000588416238315, 0.00040245836135, 0.000238127322518, 0.000161831194418, 0.000119571435789, 6.13191150478e-05, 8.05335512268e-05, 0.000119432334031, 7.04744597897e-05, 3.48888570443e-05, 3.49032779923e-05, 4.88782534376e-05, 0.000104806240415, 4.82211762574e-05, 6.02652144153e-05, 3.47755412804e-05, 3.03811775666e-05, 2.03440267796e-05, 1.00824090623e-05, 4.09327731177e-06, 7.20033369817e-07, 1.06890389873e-07], "min": [2.46734046782e-25, 3.1707974179e-24, 6.37724622112e-25, 9.58410680973e-25, 5.56207207154e-24, 8.6996827028e-24, 9.14673175551e-24, 6.08161941359e-24, 2.22586412967e-23, 1.52218363613e-23, 2.0753242254e-23, 3.29993674854e-23, 3.205562163e-23, 4.22382823708e-23, 4.96106198259e-23, 6.91561791429e-23, 6.77401485745e-23, 9.68989530537e-23, 1.43721015844e-22, 1.94809263653e-22, 2.45525042897e-22, 3.64941897962e-22, 3.73217616838e-22, 6.8968647342e-22, 9.08330443572e-22, 1.35860851223e-21, 1.93935745982e-21], "var": [9.8452632713e-09, 3.14478675136e-05, 3.76455818696e-06, 4.19390204343e-07, 5.82599477639e-06, 1.32556779135e-05, 1.42187709571e-05, 2.3362101274e-05, 3.39221514878e-05, 7.19674353604e-05, 8.29418058856e-05, 6.50247693557e-06, 1.24788393805e-05, 5.19377454111e-06, 6.25877760285e-07, 1.01970790922e-07, 5.37482343077e-08, 3.99667925421e-07, 2.41618465679e-07, 1.54942355834e-07, 2.83262124867e-08, 5.06488859742e-08, 3.3004077693e-08, 5.47486145308e-09, 1.37272833101e-08, 1.0350895141e-10, 8.20982659026e-13]}, "barkbands_crest": {"dmean": 2.95162081718, "dmean2": 4.75507164001, "dvar": 7.20036649704, "dvar2": 17.6965618134, "max": 26.309633255, "mean": 11.2959794998, "median": 10.3519382477, "min": 2.73473191261, "var": 22.94115448}, "barkbands_flatness_db": {"dmean": 0.0245184414089, "dmean2": 0.0369034335017, "dvar": 0.000615469994955, "dvar2": 0.00129685865249, "max": 0.453149348497, "mean": 0.147701233625, "median": 0.137456700206, "min": 0.030125875026, "var": 0.00344429444522}, "barkbands_kurtosis": {"dmean": 3.60012102127, "dmean2": 5.64746332169, "dvar": 90.1455764771, "dvar2": 191.211837769, "max": 392.728790283, "mean": 5.11472654343, "median": 2.42158126831, "min": -1.93228566647, "var": 137.309295654}, "barkbands_skewness": {"dmean": 0.598295152187, "dmean2": 0.903656542301, "dvar": 0.4884981215, "dvar2": 1.0465914011, "max": 17.1955814362, "mean": 1.56741774082, "median": 1.46275854111, "min": -2.74034714699, "var": 1.70113658905}, "barkbands_spread": {"dmean": 6.18719530106, "dmean2": 9.75988197327, "dvar": 68.0693435669, "dvar2": 166.985183716, "max": 113.727455139, "mean": 19.7243556976, "median": 17.346282959, "min": 0.430902063847, "var": 173.198181152}, "dissonance": {"dmean": 0.0242848061025, "dmean2": 0.0405384227633, "dvar": 0.000613545125816, "dvar2": 0.0015989652602, "max": 0.5, "mean": 0.452775239944, "median": 0.464493870735, "min": 0.144733473659, "var": 0.00172466645017}, "dynamic_complexity": 4.98412656784, "erbbands": {"dmean": [0.0479176156223, 0.413399040699, 0.787706315517, 0.810020327568, 3.08657932281, 4.51282072067, 5.74869203568, 8.71255779266, 8.80468654633, 15.1073007584, 22.2719135284, 22.7422122955, 28.9779529572, 41.0236129761, 17.9639339447, 16.6244945526, 23.472694397, 16.535949707, 11.9169740677, 5.43721532822, 3.15273094177, 3.26909589767, 7.43239688873, 6.05709123611, 3.7390871048, 3.60240149498, 2.31676912308, 2.13363742828, 2.27739644051, 1.98976826668, 1.32523810863, 0.661989986897, 0.384191691875, 0.290011048317, 0.108411677182, 0.0232435837388, 0.00505529623479, 0.000721649208572, 7.55169385229e-05, 9.16476255952e-06], "dmean2": [0.0738835036755, 0.608224868774, 1.12623107433, 1.31166887283, 5.44076395035, 7.57480478287, 8.75815582275, 13.2203092575, 13.2521972656, 23.3979415894, 33.5839767456, 34.5913162231, 43.2160301208, 58.5284996033, 23.6554203033, 23.4384860992, 33.0770874023, 23.7561016083, 17.5828704834, 7.73427867889, 4.65225601196, 4.75574398041, 11.0546712875, 9.19227027893, 5.63883256912, 5.24562835693, 3.47929382324, 3.35617017746, 3.6844599247, 3.1760327816, 2.17500734329, 1.0959726572, 0.622890472412, 0.453896850348, 0.171038478613, 0.0371711626649, 0.00829999428242, 0.00121852266602, 0.000129916938022, 1.31713914016e-05], "dvar": [0.00827576871961, 0.507833361626, 2.83424115181, 2.16508460045, 36.0960388184, 53.6310920715, 124.363105774, 374.173095703, 692.224487305, 2320.60449219, 7214.08837891, 14227.7099609, 25071.2773438, 53240.4140625, 5286.42578125, 5991.39208984, 11041.3837891, 7561.18164063, 2105.46264648, 647.834777832, 94.8089294434, 65.7454605103, 654.300720215, 361.121368408, 156.554473877, 136.3228302, 22.8086471558, 22.1405982971, 39.327545166, 26.010263443, 11.9630622864, 2.38839578629, 1.01860356331, 2.09028196335, 0.252037763596, 0.00484642153606, 0.000200579263037, 3.10049927066e-06, 3.41448753716e-08, 1.857277665e-10], "dvar2": [0.0183108020574, 1.02014398575, 5.36941242218, 5.45474910736, 101.214897156, 140.25617981, 245.150558472, 782.767211914, 1468.64465332, 5078.60449219, 15581.6601563, 33667.8710938, 56578.5117188, 98335.8515625, 7144.33203125, 11092.4511719, 22549.6074219, 14004.5449219, 4511.16210938, 1402.60058594, 184.452331543, 140.230941772, 1420.37243652, 775.46875, 361.655059814, 293.531555176, 51.3741531372, 51.3292999268, 100.402542114, 62.7924423218, 29.3154640198, 6.22130632401, 2.65284395218, 4.3205242157, 0.491240054369, 0.0108468877152, 0.000516183266882, 8.53489927977e-06, 9.65408162301e-08, 3.78196363116e-10], "max": [1.15786826611, 8.64087963104, 28.1284313202, 27.2215366364, 65.2092056274, 111.256362915, 452.309692383, 893.469970703, 967.20513916, 1220.80273438, 2249.53759766, 3213.39038086, 4753.58105469, 8010.80175781, 2723.68774414, 2992.35229492, 4094.55053711, 5646.21923828, 1218.88708496, 1054.00805664, 374.284545898, 270.609588623, 1055.39160156, 692.500915527, 334.476837158, 600.84362793, 132.700408936, 121.049865723, 232.209091187, 142.296905518, 90.9745178223, 34.2877197266, 24.2297687531, 66.016746521, 28.3896999359, 2.30669379234, 0.303193211555, 0.0251125693321, 0.0029818629846, 0.000320656574331], "mean": [0.0868224278092, 0.946152806282, 1.43331456184, 1.12490999699, 3.23857140541, 6.1123585701, 10.6622133255, 14.3196487427, 16.4601535797, 22.3117580414, 31.8378944397, 30.2050743103, 37.0851478577, 75.5238037109, 33.0462799072, 26.6507396698, 37.1767158508, 24.9973068237, 18.7349777222, 9.15064716339, 6.08491849899, 6.59531641006, 13.4122695923, 11.9122829437, 7.39525222778, 7.03389787674, 4.38502550125, 3.58249258995, 3.52232885361, 3.20728754997, 1.99092900753, 0.874238610268, 0.518634557724, 0.370243281126, 0.128871157765, 0.0274077504873, 0.00555807864293, 0.000726730620954, 8.35580794956e-05, 2.65126163868e-05], "median": [0.0194921474904, 0.232068151236, 0.458623349667, 0.54031676054, 1.34002053738, 2.93166971207, 4.65668392181, 5.50080680847, 5.59210586548, 6.75790977478, 6.05983352661, 4.65033149719, 4.50081062317, 4.26427936554, 3.94294595718, 3.86742973328, 5.91208934784, 4.783411026, 3.69786119461, 2.09328937531, 2.39559364319, 3.4003674984, 5.61560726166, 4.04828834534, 2.88154459, 2.8353805542, 1.76356935501, 1.23446202278, 1.05050897598, 0.890867948532, 0.530411839485, 0.277595221996, 0.13799393177, 0.0589842051268, 0.0204472914338, 0.00523449666798, 0.00102028320543, 0.00013756781118, 2.88890514639e-05, 1.87638943316e-05], "min": [1.42332696381e-22, 4.71321242535e-22, 1.73701304729e-21, 4.29339251606e-21, 7.84898758554e-21, 1.15079580173e-20, 3.31079298668e-20, 5.84861929515e-20, 1.36189523442e-19, 1.96945396597e-19, 2.8926506021e-19, 4.7197529885e-19, 7.38376104652e-19, 9.67199232599e-19, 8.98711469614e-19, 1.31844565989e-18, 1.87291040795e-18, 1.64268867269e-18, 2.98870095367e-18, 3.61613295793e-18, 4.30934050334e-18, 4.52993385628e-18, 4.90771220511e-18, 6.60420339318e-18, 8.32277285897e-18, 9.30733699077e-18, 9.08976781016e-18, 1.06499082004e-17, 1.22951224623e-17, 1.18579781881e-17, 1.2263735094e-17, 1.12591027333e-17, 1.09349364415e-17, 8.88744439541e-18, 6.0201803799e-18, 4.15252567076e-18, 2.07672192062e-18, 9.94228703282e-19, 2.50770116604e-19, 2.69238872177e-20], "var": [0.0199061967432, 1.83983111382, 6.2566280365, 2.88156270981, 31.0504570007, 74.3410949707, 416.826965332, 1038.24206543, 2273.5168457, 3846.13452148, 11191.7255859, 19287.1796875, 30469.3183594, 171260.984375, 18190.6191406, 11452.7871094, 21973.5976563, 16926.0820313, 3639.83422852, 1157.23071289, 206.406402588, 136.135803223, 1130.74560547, 980.104797363, 349.808990479, 325.128631592, 62.6224441528, 50.5495796204, 66.1574554443, 53.2761688232, 24.5060443878, 3.65847444534, 1.47796666622, 3.10709786415, 0.366578251123, 0.00671390863135, 0.000227416836424, 2.89195691039e-06, 2.76710920843e-08, 8.81872019853e-10]}, "erbbands_crest": {"dmean": 2.98891496658, "dmean2": 4.76431941986, "dvar": 8.97818946838, "dvar2": 20.7801837921, "max": 31.3302459717, "mean": 9.8753118515, "median": 8.02338409424, "min": 2.25316143036, "var": 31.4937744141}, "erbbands_flatness_db": {"dmean": 0.0216404795647, "dmean2": 0.0311463680118, "dvar": 0.000497613975313, "dvar2": 0.00103591301013, "max": 0.447597205639, "mean": 0.167644664645, "median": 0.160222023726, "min": 0.0278668813407, "var": 0.00280549097806}, "erbbands_kurtosis": {"dmean": 1.31647729874, "dmean2": 2.02375507355, "dvar": 6.14620351791, "dvar2": 13.9725866318, "max": 52.8772277832, "mean": 1.01694047451, "median": -0.0849406346679, "min": -1.8396910429, "var": 12.8534088135}, "erbbands_skewness": {"dmean": 0.426889508963, "dmean2": 0.650441706181, "dvar": 0.196877613664, "dvar2": 0.453321635723, "max": 6.21980142593, "mean": 0.610641300678, "median": 0.533133983612, "min": -3.86360383034, "var": 0.707395076752}, "erbbands_spread": {"dmean": 9.83107280731, "dmean2": 15.0937690735, "dvar": 149.930038452, "dvar2": 347.251586914, "max": 176.049118042, "mean": 38.2647018433, "median": 35.5505752563, "min": 2.00000905991, "var": 463.494750977}, "gfcc": {"cov": [[21229.7597656, 1317.58666992, -2598.52587891, 880.616271973, -1228.171875, 565.710693359, -370.811248779, 78.127532959, -344.13961792, 70.3297348022, -16.8138561249, 38.1103172302, -23.0147533417], [1317.58666992, 1430.43908691, -71.5802764893, -8.57901573181, 330.378509521, -74.2544326782, 164.260360718, -32.5833396912, 120.797462463, -13.0872859955, 138.468063354, -46.9810638428, 28.4755268097], [-2598.52587891, -71.5802764893, 1100.01293945, 94.2359619141, 196.549987793, 7.2077922821, -24.3079051971, 83.7776412964, 57.3959503174, 41.1754150391, -46.5965576172, 3.23988366127, -11.6671495438], [880.616271973, -8.57901573181, 94.2359619141, 451.250701904, 54.3806610107, 91.8562316895, -6.86277675629, 51.3781776428, 63.2176094055, 47.206401825, -1.6681882143, 14.9611186981, 16.2824630737], [-1228.171875, 330.378509521, 196.549987793, 54.3806610107, 439.7996521, 55.9691429138, 141.043609619, 22.5249576569, 69.111579895, 14.5328826904, 73.1902770996, -6.85613203049, 24.1013870239], [565.710693359, -74.2544326782, 7.2077922821, 91.8562316895, 55.9691429138, 273.447784424, 120.615707397, 27.0835323334, -22.3508338928, 23.1456623077, 11.3615226746, 7.73109817505, -11.1874551773], [-370.811248779, 164.260360718, -24.3079051971, -6.86277675629, 141.043609619, 120.615707397, 291.820037842, 11.3729810715, 56.4871520996, 14.6955165863, 38.2166671753, 4.59572267532, -6.16683578491], [78.127532959, -32.5833396912, 83.7776412964, 51.3781776428, 22.5249576569, 27.0835323334, 11.3729810715, 131.867950439, 35.9931335449, 9.58596229553, 9.49950313568, 1.18778467178, 14.9596681595], [-344.13961792, 120.797462463, 57.3959503174, 63.2176094055, 69.111579895, -22.3508338928, 56.4871520996, 35.9931335449, 155.691894531, 40.053653717, 20.899520874, -4.37016105652, 7.83180761337], [70.3297348022, -13.0872859955, 41.1754150391, 47.206401825, 14.5328826904, 23.1456623077, 14.6955165863, 9.58596229553, 40.053653717, 90.2741470337, 20.3572692871, -0.244484633207, -8.51861858368], [-16.8138561249, 138.468063354, -46.5965576172, -1.6681882143, 73.1902770996, 11.3615226746, 38.2166671753, 9.49950313568, 20.899520874, 20.3572692871, 106.324043274, 22.440864563, 17.1352386475], [38.1103172302, -46.9810638428, 3.23988366127, 14.9611186981, -6.85613203049, 7.73109817505, 4.59572267532, 1.18778467178, -4.37016105652, -0.244484633207, 22.440864563, 67.7017059326, 25.1307849884], [-23.0147533417, 28.4755268097, -11.6671495438, 16.2824630737, 24.1013870239, -11.1874551773, -6.16683578491, 14.9596681595, 7.83180761337, -8.51861858368, 17.1352386475, 25.1307849884, 70.7304611206]], "icov": [[0.0003417947446, -0.000874846999068, 0.000749750528485, -0.000639399280772, 0.00101825268939, -0.0010531678563, 0.000748021993786, -0.000928136170842, 0.000812190235592, -0.000837302941363, 0.000861719774548, -0.000889426330104, 0.000398740376113], [-0.000874846999068, 0.0033550336957, -0.00185373274144, 0.00150467059575, -0.00312071898952, 0.00319353933446, -0.00232169940136, 0.00287163630128, -0.0025254029315, 0.00277177290991, -0.00347037008032, 0.00348845799454, -0.00131407624576], [0.000749750528485, -0.00185373274144, 0.00287234014831, -0.00138841639273, 0.00132221926469, -0.0022223321721, 0.00206587580033, -0.00277355266735, 0.00164152192883, -0.00240919436328, 0.00307364622131, -0.00272075855173, 0.00149850617163], [-0.000639399280772, 0.00150467059575, -0.00138841639273, 0.00415640277788, -0.00223263818771, 0.000501288915984, -0.00027887057513, 0.00122448056936, -0.00287377601489, 0.000639004108962, -0.000655651558191, 0.000725956691895, -0.00114682991989], [0.00101825268939, -0.00312071898952, 0.00132221926469, -0.00223263818771, 0.00710342777893, -0.00351959094405, 0.000879489409272, -0.00232876557857, 0.00205553555861, -0.00183815229684, 0.000368567125406, -0.00111716531683, -0.000229540324653], [-0.0010531678563, 0.00319353933446, -0.0022223321721, 0.000501288915984, -0.00351959094405, 0.00947652291507, -0.00541436206549, 0.00177275622264, 0.000456799083622, 0.00129572604783, -0.0029674815014, 0.00289176730439, -0.000462239113403], [0.000748021993786, -0.00232169940136, 0.00206587580033, -0.00027887057513, 0.000879489409272, -0.00541436206549, 0.00778651889414, -0.00195990409702, -0.000860473839566, -0.0014573961962, 0.00222489773296, -0.00344316591509, 0.00212451559491], [-0.000928136170842, 0.00287163630128, -0.00277355266735, 0.00122448056936, -0.00232876557857, 0.00177275622264, -0.00195990409702, 0.0119731295854, -0.00454550096765, 0.00336824776605, -0.00412524770945, 0.0042164013721, -0.00341652799398], [0.000812190235592, -0.0025254029315, 0.00164152192883, -0.00287377601489, 0.00205553555861, 0.000456799083622, -0.000860473839566, -0.00454550096765, 0.0124546708539, -0.00609328597784, 0.00231961347163, -0.00146345316898, 0.000316584249958], [-0.000837302941363, 0.00277177290991, -0.00240919436328, 0.000639004108962, -0.00183815229684, 0.00129572604783, -0.0014573961962, 0.00336824776605, -0.00609328597784, 0.0170004870743, -0.00640267133713, 0.00345483212732, 0.00110478943679], [0.000861719774548, -0.00347037008032, 0.00307364622131, -0.000655651558191, 0.000368567125406, -0.0029674815014, 0.00222489773296, -0.00412524770945, 0.00231961347163, -0.00640267133713, 0.0175002049655, -0.00847671367228, 0.000551221601199], [-0.000889426330104, 0.00348845799454, -0.00272075855173, 0.000725956691895, -0.00111716531683, 0.00289176730439, -0.00344316591509, 0.0042164013721, -0.00146345316898, 0.00345483212732, -0.00847671367228, 0.0231743529439, -0.00826587900519], [0.000398740376113, -0.00131407624576, 0.00149850617163, -0.00114682991989, -0.000229540324653, -0.000462239113403, 0.00212451559491, -0.00341652799398, 0.000316584249958, 0.00110478943679, 0.000551221601199, -0.00826587900519, 0.0191224478185]], "mean": [-63.6221885681, 101.575271606, -119.223861694, 31.7138938904, -65.1523895264, 7.80894422531, -31.336139679, 4.76498365402, -18.3025398254, 0.826835393906, -4.5228228569, 0.678996145725, -9.82971763611]}, "hfc": {"dmean": 4.37601423264, "dmean2": 5.67542266846, "dvar": 74.6440811157, "dvar2": 102.524009705, "max": 314.617401123, "mean": 14.1015701294, "median": 7.70182514191, "min": 1.09420470515e-16, "var": 537.677856445}, "melbands": {"dmean": [0.000465418765089, 0.000438825081801, 0.000185122014955, 0.000293845951091, 0.000194643129362, 0.000186412566109, 0.000137071474455, 0.000181481969776, 0.000184834687389, 0.000141407188494, 0.00015101779718, 0.000174309214344, 8.10614874354e-05, 4.86628487124e-05, 4.95839012729e-05, 5.56524319109e-05, 3.13638120133e-05, 2.43828380917e-05, 1.08855329017e-05, 5.41595500181e-06, 4.08991081713e-06, 3.73273633159e-06, 4.98808776683e-06, 8.18722128315e-06, 5.24145843883e-06, 2.98891268358e-06, 3.15101920023e-06, 2.49205800174e-06, 1.6383825141e-06, 1.32264142394e-06, 1.32390982799e-06, 1.43422187193e-06, 1.1995676914e-06, 1.10543999199e-06, 8.65418485319e-07, 5.31441230578e-07, 3.60772872909e-07, 2.75625836821e-07, 2.57292214201e-07, 2.62195925416e-07], "dmean2": [0.000698805088177, 0.000619374390226, 0.000305891328026, 0.000508467375766, 0.000300197076285, 0.000281208340311, 0.000209036254091, 0.000278260995401, 0.000277723418549, 0.000218511631829, 0.000224340838031, 0.000246583396802, 0.000106928018795, 7.04081321601e-05, 7.07994040567e-05, 8.07207252365e-05, 4.58183858427e-05, 3.66375861631e-05, 1.62012529472e-05, 8.09713765193e-06, 6.12838402958e-06, 5.57647945243e-06, 7.40974292057e-06, 1.24332054838e-05, 7.94860807218e-06, 4.62294838144e-06, 4.79718892166e-06, 3.74996898245e-06, 2.50039579441e-06, 2.01731904781e-06, 2.15439058593e-06, 2.36656933339e-06, 1.9024911353e-06, 1.7810866666e-06, 1.41566590628e-06, 8.96476251455e-07, 6.02134548444e-07, 4.51139158031e-07, 4.21008223839e-07, 4.10551507457e-07], "dvar": [6.9090992838e-07, 6.40462360479e-07, 9.18373856962e-08, 2.9760960274e-07, 1.12076868675e-07, 1.65292078691e-07, 1.67314539112e-07, 3.52001819692e-07, 5.09998528742e-07, 5.86729470342e-07, 7.10316498953e-07, 9.01955104382e-07, 1.77876017915e-07, 4.68591174752e-08, 5.96174203338e-08, 5.58836923403e-08, 2.96113054077e-08, 1.0208707657e-08, 2.88139823112e-09, 5.9404964281e-10, 1.9622999059e-10, 1.09053127639e-10, 2.31430000164e-10, 7.84698972467e-10, 2.8583826972e-10, 1.24960167214e-10, 1.07360308144e-10, 8.96540203188e-11, 1.35216360678e-11, 9.12200436715e-12, 9.84198399862e-12, 1.41534102147e-11, 1.35366388238e-11, 8.58577965668e-12, 4.79919663038e-12, 2.10958008874e-12, 7.30841006203e-13, 4.50789037175e-13, 1.13000418484e-12, 2.32583787299e-12], "dvar2": [1.44661771628e-06, 1.1707907106e-06, 2.39978902528e-07, 8.17815987375e-07, 2.34158960666e-07, 3.41098569834e-07, 3.65035333516e-07, 7.4218081636e-07, 1.11514532364e-06, 1.44166472182e-06, 1.57307408699e-06, 1.68478766227e-06, 2.27606463454e-07, 9.07893635826e-08, 1.1441106551e-07, 1.07232459357e-07, 6.18067019786e-08, 2.21824567603e-08, 6.45577857838e-09, 1.34106159511e-09, 3.87067655705e-10, 2.52936227518e-10, 5.09418729422e-10, 1.83549575539e-09, 5.89711057764e-10, 2.8921864903e-10, 2.1835598607e-10, 2.10831921366e-10, 3.13421961995e-11, 2.05059493691e-11, 2.42316236521e-11, 3.7549467008e-11, 3.17917428494e-11, 2.17608066982e-11, 1.16349005083e-11, 5.50847258432e-12, 1.924179132e-12, 1.18127740662e-12, 2.92474833415e-12, 4.66917780481e-12], "max": [0.0101000731811, 0.0122593827546, 0.00494312448427, 0.00575429946184, 0.0123643195257, 0.0173953473568, 0.0136393317953, 0.0121702942997, 0.0161215793341, 0.0230449084193, 0.0263789836317, 0.0346740148962, 0.0180068463087, 0.00817678961903, 0.0103873051703, 0.00789839029312, 0.00983419083059, 0.00291620264761, 0.00236739218235, 0.000969193293713, 0.000647271575872, 0.000412603287259, 0.000544038368389, 0.000816992949694, 0.000659920275211, 0.000405598722864, 0.000348841102095, 0.000531490659341, 0.000119994714623, 9.78990938165e-05, 9.47858570726e-05, 0.00010528472194, 0.000162532771355, 9.19831072679e-05, 5.37726446055e-05, 3.95190072595e-05, 1.78539248736e-05, 1.73525495484e-05, 4.0685008571e-05, 7.1132897574e-05], "mean": [0.000974015682004, 0.000959712895565, 0.000245462520979, 0.00034595670877, 0.000365309271729, 0.000317403435474, 0.000254073471297, 0.00026800413616, 0.000258099258645, 0.00017686940555, 0.000187248515431, 0.000310662813717, 0.000146243386553, 6.85371487634e-05, 7.90761041571e-05, 8.17654290586e-05, 4.1938641516e-05, 3.48465291609e-05, 1.61617681442e-05, 8.21211870061e-06, 6.89855323799e-06, 6.52096287013e-06, 8.56040060171e-06, 1.36138905873e-05, 9.49919285631e-06, 5.30724992132e-06, 5.73493298361e-06, 4.46066860604e-06, 2.90179082185e-06, 2.18872855839e-06, 2.02141745831e-06, 2.0554080038e-06, 1.84278053439e-06, 1.74819183485e-06, 1.28304429836e-06, 6.79007030158e-07, 4.6633752504e-07, 3.64431826938e-07, 3.23933676327e-07, 3.16863776106e-07], "median": [0.000237162865233, 0.000307055131998, 0.000126616767375, 0.000152530963533, 0.000178858230356, 0.000119667281979, 8.33562226035e-05, 6.78182768752e-05, 4.2927586037e-05, 2.3485694328e-05, 1.90126957023e-05, 1.70314597199e-05, 1.02703234006e-05, 9.48619708652e-06, 8.11960853753e-06, 1.20796667034e-05, 6.51092705084e-06, 5.59463933314e-06, 2.51386722994e-06, 2.07049856726e-06, 2.46296986006e-06, 2.98861050396e-06, 3.70092720914e-06, 5.0027438192e-06, 2.82585551759e-06, 1.73541286586e-06, 2.06001050174e-06, 1.61960463174e-06, 1.1122901924e-06, 7.25225277165e-07, 6.54478867546e-07, 5.68010477764e-07, 5.24053859863e-07, 4.57106324347e-07, 3.12749818931e-07, 1.94515735075e-07, 1.3899105511e-07, 9.75579155238e-08, 6.59569678874e-08, 4.26613979698e-08], "min": [2.2193883705e-24, 1.5588432843e-24, 7.67059698725e-25, 1.18933768085e-24, 1.13529784922e-24, 1.59172754278e-24, 2.64445265864e-24, 1.95628708696e-24, 3.06135558907e-24, 2.93774700168e-24, 3.32441841564e-24, 3.32723543794e-24, 2.91408393554e-24, 3.34926911188e-24, 2.68683381634e-24, 2.92569537642e-24, 2.49413915745e-24, 3.9658065078e-24, 3.60579918408e-24, 3.49901778866e-24, 4.99804086304e-24, 3.62016552445e-24, 4.68422962836e-24, 4.29538312767e-24, 4.04432617243e-24, 5.20481274478e-24, 4.7489150393e-24, 5.21600194786e-24, 4.10352505577e-24, 4.52359427666e-24, 6.05770667297e-24, 6.09216885048e-24, 4.81610271703e-24, 6.06675135768e-24, 4.80864600932e-24, 5.68958512598e-24, 5.98710322752e-24, 7.1860984394e-24, 6.61758295108e-24, 6.26186032537e-24], "var": [2.18036916522e-06, 1.78531308848e-06, 1.14230864767e-07, 3.02809382902e-07, 3.77359640424e-07, 5.03204375946e-07, 5.26543374235e-07, 6.01154169999e-07, 7.95209189164e-07, 6.97500411206e-07, 8.72156761034e-07, 2.75246611636e-06, 6.34311902559e-07, 8.67369251978e-08, 1.17588442095e-07, 1.30802291665e-07, 5.37169704273e-08, 1.63817350796e-08, 4.92196461366e-09, 8.29444957162e-10, 3.7046082868e-10, 1.82323198206e-10, 3.57978424681e-10, 1.31781718871e-09, 7.50190520815e-10, 2.40352682201e-10, 2.5952903715e-10, 1.71458194864e-10, 3.11385708884e-11, 1.98800871598e-11, 1.77681133695e-11, 2.21884247087e-11, 2.25011675958e-11, 1.65645917122e-11, 1.05283412197e-11, 3.13789228976e-12, 1.0371654707e-12, 6.37847576406e-13, 1.32937074977e-12, 3.29174816745e-12]}, "melbands_crest": {"dmean": 3.48028922081, "dmean2": 5.60623216629, "dvar": 9.79388427734, "dvar2": 24.0785007477, "max": 35.7762565613, "mean": 14.2210712433, "median": 13.5471019745, "min": 1.54970800877, "var": 28.8731613159}, "melbands_flatness_db": {"dmean": 0.0303121153265, "dmean2": 0.0448711253703, "dvar": 0.00102099019568, "dvar2": 0.00210542045534, "max": 0.510641932487, "mean": 0.208415791392, "median": 0.199368238449, "min": 0.00383197050542, "var": 0.00598845910281}, "melbands_kurtosis": {"dmean": 7.94058990479, "dmean2": 12.3516407013, "dvar": 287.067596436, "dvar2": 623.434509277, "max": 379.711975098, "mean": 13.8017463684, "median": 7.92786693573, "min": -1.80544829369, "var": 480.156402588}, "melbands_skewness": {"dmean": 0.791918218136, "dmean2": 1.19160687923, "dvar": 0.871483027935, "dvar2": 1.80287373066, "max": 15.2748327255, "mean": 2.49774861336, "median": 2.30032348633, "min": -1.38522565365, "var": 3.00458455086}, "melbands_spread": {"dmean": 7.1105465889, "dmean2": 11.0937547684, "dvar": 129.843078613, "dvar2": 299.347503662, "max": 237.261062622, "mean": 22.0581245422, "median": 17.300786972, "min": 0.536802470684, "var": 421.760223389}, "mfcc": {"cov": [[11217.3789063, 210.610275269, -593.135681152, 83.8051147461, -420.431427002, 281.544830322, 64.8821258545, 82.2326660156, -162.40524292, 50.1662368774, -45.7782440186, -55.1548690796, 32.0621070862], [210.610275269, 1587.70361328, -108.478187561, 141.687973022, 133.079589844, 39.861366272, 105.236938477, 50.9756011963, -13.6888799667, 57.3477859497, 94.861656189, 33.7736701965, -2.79544138908], [-593.135681152, -108.478187561, 672.143066406, 100.396308899, 130.051269531, -9.46665859222, -29.6276836395, -6.17498016357, 84.4181137085, -21.2308731079, 15.7042331696, 49.497631073, 0.676573693752], [83.8051147461, 141.687973022, 100.396308899, 321.735992432, 133.162460327, 47.2166137695, -9.89005088806, 20.8881225586, 64.9597473145, 31.7469329834, 17.112165451, 58.4653511047, 39.4845619202], [-420.431427002, 133.079589844, 130.051269531, 133.162460327, 300.414489746, 4.43839597702, 38.8484840393, 12.1043844223, 39.5411262512, 19.7389812469, 10.142827034, 19.1912918091, 16.9455776215], [281.544830322, 39.861366272, -9.46665859222, 47.2166137695, 4.43839597702, 253.758972168, 105.937919617, 62.9209823608, 30.9789066315, 52.8104553223, 32.3515892029, 25.7967891693, 15.2209148407], [64.8821258545, 105.236938477, -29.6276836395, -9.89005088806, 38.8484840393, 105.937919617, 204.966659546, 77.6290969849, 8.58658123016, 32.40284729, 20.2799682617, 6.89826250076, 3.70277118683], [82.2326660156, 50.9756011963, -6.17498016357, 20.8881225586, 12.1043844223, 62.9209823608, 77.6290969849, 133.720062256, 37.61951828, 32.7589416504, 9.87508296967, 10.627453804, 22.01288414], [-162.40524292, -13.6888799667, 84.4181137085, 64.9597473145, 39.5411262512, 30.9789066315, 8.58658123016, 37.61951828, 118.590126038, 44.6749954224, 13.4261350632, 27.0937423706, 14.4186868668], [50.1662368774, 57.3477859497, -21.2308731079, 31.7469329834, 19.7389812469, 52.8104553223, 32.40284729, 32.7589416504, 44.6749954224, 105.524703979, 40.0989646912, 21.0931472778, 16.740945816], [-45.7782440186, 94.861656189, 15.7042331696, 17.112165451, 10.142827034, 32.3515892029, 20.2799682617, 9.87508296967, 13.4261350632, 40.0989646912, 82.5065155029, 39.6907615662, 10.5767431259], [-55.1548690796, 33.7736701965, 49.497631073, 58.4653511047, 19.1912918091, 25.7967891693, 6.89826250076, 10.627453804, 27.0937423706, 21.0931472778, 39.6907615662, 91.7238235474, 31.8301639557], [32.0621070862, -2.79544138908, 0.676573693752, 39.4845619202, 16.9455776215, 15.2209148407, 3.70277118683, 22.01288414, 14.4186868668, 16.740945816, 10.5767431259, 31.8301639557, 79.2602920532]], "icov": [[0.000105745784822, -1.34905885716e-05, 4.39389477833e-05, -0.000126222425024, 0.000170456434716, -0.000106477978989, 6.79969843986e-06, -4.26939950557e-05, 0.000175888373633, -8.36928593344e-05, 0.000104723825643, 5.88798939134e-05, -3.71429523511e-05], [-1.34905885716e-05, 0.000780138303526, 0.000185281533049, -0.000385851133615, -0.000265475508058, 0.000202158233151, -0.000292680342682, -0.000202988565434, 0.000321226892993, -1.30321150209e-05, -0.000944448227528, 9.18671212276e-05, 0.000345045526046], [4.39389477833e-05, 0.000185281533049, 0.00200456078164, -0.000169526349055, -0.000718055176549, -5.76581951464e-05, 0.000251674413448, 4.97981636727e-05, -0.0013462981442, 0.00126357434783, -0.000628533598501, -0.000678370590322, 0.000529431446921], [-0.000126222425024, -0.000385851133615, -0.000169526349055, 0.00517383590341, -0.00202793278731, -0.000970441149548, 0.00143751106225, -8.90508454177e-05, -0.00157178577501, -2.16089974856e-05, 0.00106955424417, -0.00221355329268, -0.000924301741179], [0.000170456434716, -0.000265475508058, -0.000718055176549, -0.00202793278731, 0.00508459145203, 0.000677979958709, -0.00161812070291, 0.000621373823378, -5.20982212038e-05, -0.000652172660921, 0.000360670936061, 0.000907447945792, -0.000641515885945], [-0.000106477978989, 0.000202158233151, -5.76581951464e-05, -0.000970441149548, 0.000677979958709, 0.00595968961716, -0.00276717380621, -0.00064822594868, -0.000271088269074, -0.001331916661, -0.000933419563808, -0.000274753256235, 0.000119537689898], [6.79969843986e-06, -0.000292680342682, 0.000251674413448, 0.00143751106225, -0.00161812070291, -0.00276717380621, 0.0083379233256, -0.00380145432428, 0.00101062108297, -0.000313717551762, -0.00022654197528, -0.000453096698038, 0.000906870467588], [-4.26939950557e-05, -0.000202988565434, 4.97981636727e-05, -8.90508454177e-05, 0.000621373823378, -0.00064822594868, -0.00380145432428, 0.0114242946729, -0.00312762265094, -0.00071370851947, 0.000795376719907, 0.000752861262299, -0.00263835350052], [0.000175888373633, 0.000321226892993, -0.0013462981442, -0.00157178577501, -5.20982212038e-05, -0.000271088269074, 0.00101062108297, -0.00312762265094, 0.0137042598799, -0.00547659071162, 0.00169932667632, -0.00168952811509, 0.000734746165108], [-8.36928593344e-05, -1.30321150209e-05, 0.00126357434783, -2.16089974856e-05, -0.000652172660921, -0.001331916661, -0.000313717551762, -0.00071370851947, -0.00547659071162, 0.0157014913857, -0.00667715352029, 0.00124709343072, -0.00128845230211], [0.000104723825643, -0.000944448227528, -0.000628533598501, 0.00106955424417, 0.000360670936061, -0.000933419563808, -0.00022654197528, 0.000795376719907, 0.00169932667632, -0.00667715352029, 0.0200306512415, -0.00774045521393, 0.000825423107017], [5.88798939134e-05, 9.18671212276e-05, -0.000678370590322, -0.00221355329268, 0.000907447945792, -0.000274753256235, -0.000453096698038, 0.000752861262299, -0.00168952811509, 0.00124709343072, -0.00774045521393, 0.0179399903864, -0.0053689153865], [-3.71429523511e-05, 0.000345045526046, 0.000529431446921, -0.000924301741179, -0.000641515885945, 0.000119537689898, 0.000906870467588, -0.00263835350052, 0.000734746165108, -0.00128845230211, 0.000825423107017, -0.0053689153865, 0.0160888023674]], "mean": [-695.7890625, 124.910728455, 2.34281349182, 23.8853034973, -6.84917879105, 2.47474980354, -1.88091671467, 4.15095853806, -8.74924182892, 0.519678235054, 5.26883745193, 1.63330209255, -2.24426937103]}, "pitch_salience": {"dmean": 0.0780728831887, "dmean2": 0.122660070658, "dvar": 0.00493612000719, "dvar2": 0.011457641609, "max": 0.992080152035, "mean": 0.547603368759, "median": 0.555035352707, "min": 0.116628065705, "var": 0.0188657995313}, "silence_rate_20dB": {"dmean": 0, "dmean2": 0, "dvar": 0, "dvar2": 0, "max": 1, "mean": 1, "median": 1, "min": 1, "var": 0}, "silence_rate_30dB": {"dmean": 0.00529512530193, "dmean2": 0.0105918999761, "dvar": 0.00526722194627, "dvar2": 0.0111021818593, "max": 1, "mean": 0.986141383648, "median": 1, "min": 0, "var": 0.0136656695977}, "silence_rate_60dB": {"dmean": 0.0498364754021, "dmean2": 0.0996884703636, "dvar": 0.0473533198237, "dvar2": 0.101283542812, "max": 1, "mean": 0.168016195297, "median": 0, "min": 0, "var": 0.139799550176}, "spectral_centroid": {"dmean": 277.503723145, "dmean2": 432.790435791, "dvar": 128531, "dvar2": 295326.25, "max": 11712.3291016, "mean": 1334.4095459, "median": 1171.67565918, "min": 221.615478516, "var": 1289163.5}, "spectral_complexity": {"dmean": 2.40056061745, "dmean2": 3.56448602676, "dvar": 6.31249761581, "dvar2": 12.3535776138, "max": 54, "mean": 12.1099348068, "median": 12, "min": 0, "var": 49.7348899841}, "spectral_contrast_coeffs": {"dmean": [0.0537237934768, 0.0485355518758, 0.0421134531498, 0.0326738208532, 0.0242768228054, 0.0189616028219], "dmean2": [0.0887832939625, 0.077456407249, 0.06455694139, 0.0492755658925, 0.0366373956203, 0.0297077335417], "dvar": [0.00203863857314, 0.00168409454636, 0.00141120585613, 0.000870993302669, 0.000495299813338, 0.000330717361066], "dvar2": [0.00523174460977, 0.00400884822011, 0.0029220583383, 0.00174484180752, 0.00098795152735, 0.000731587701011], "max": [-0.318871945143, -0.281281530857, -0.345422625542, -0.462701529264, -0.544732928276, -0.591030478477], "mean": [-0.662431538105, -0.73624008894, -0.758745253086, -0.769999742508, -0.793359577656, -0.76231867075], "median": [-0.669911146164, -0.747688293457, -0.779201686382, -0.781722426414, -0.800794959068, -0.761197447777], "min": [-0.978948652744, -0.982588529587, -0.996555864811, -0.974369347095, -0.966448843479, -0.964312911034], "var": [0.00873895827681, 0.00806295312941, 0.00834377482533, 0.00548823224381, 0.00292960414663, 0.00244916509837]}, "spectral_contrast_valleys": {"dmean": [0.443475276232, 0.382185429335, 0.362987935543, 0.320264369249, 0.337893545628, 0.444694250822], "dmean2": [0.69637209177, 0.609125375748, 0.561448812485, 0.473627269268, 0.472077816725, 0.627070188522], "dvar": [0.172403588891, 0.128964602947, 0.126843988895, 0.117906488478, 0.138742685318, 0.26544636488], "dvar2": [0.33167758584, 0.271644383669, 0.252676606178, 0.221600204706, 0.264929831028, 0.614023387432], "max": [-5.53564977646, -5.09535169601, -5.34956407547, -5.77136850357, -5.60069179535, -7.91653299332], "mean": [-7.93987417221, -7.13044929504, -8.00042724609, -8.5742559433, -8.28069019318, -10.8792915344], "median": [-7.50004768372, -6.75093650818, -7.68838024139, -8.21893119812, -7.90499210358, -10.6158046722], "min": [-28.1566333771, -27.9957847595, -27.6194820404, -27.6325035095, -27.5742015839, -27.4077758789], "var": [5.16896343231, 5.11895942688, 4.70468425751, 4.53356456757, 4.72420358658, 3.90620589256]}, "spectral_decrease": {"dmean": 1.48570600267e-09, "dmean2": 2.03945349497e-09, "dvar": 5.14819759742e-18, "dvar2": 8.39575004133e-18, "max": 4.34243806052e-28, "mean": -4.70324401647e-09, "median": -3.24998694623e-09, "min": -5.82748427291e-08, "var": 3.04572037445e-17}, "spectral_energy": {"dmean": 0.00591406831518, "dmean2": 0.00806095357984, "dvar": 8.41862201924e-05, "dvar2": 0.000134202768095, "max": 0.241545155644, "mean": 0.0190301369876, "median": 0.0130695737898, "min": 1.00202106777e-20, "var": 0.000515831110533}, "spectral_energyband_high": {"dmean": 0.000217305190745, "dmean2": 0.000334992510034, "dvar": 2.04539006177e-07, "dvar2": 4.81893948745e-07, "max": 0.0162789262831, "mean": 0.000406757753808, "median": 0.000171066756593, "min": 7.14707313701e-21, "var": 5.42115799362e-07}, "spectral_energyband_low": {"dmean": 0.00221537007019, "dmean2": 0.00312297884375, "dvar": 1.30932658067e-05, "dvar2": 2.42802052526e-05, "max": 0.0416160561144, "mean": 0.00505144102499, "median": 0.00175140285864, "min": 1.81724743363e-23, "var": 4.38059178123e-05}, "spectral_energyband_middle_high": {"dmean": 0.00216358830221, "dmean2": 0.00285676913336, "dvar": 5.62766326766e-05, "dvar2": 8.95771154319e-05, "max": 0.223671257496, "mean": 0.00591331999749, "median": 0.00142981274985, "min": 1.14248132391e-21, "var": 0.000274925318081}, "spectral_energyband_middle_low": {"dmean": 0.00371343409643, "dmean2": 0.00557692814618, "dvar": 5.14315615874e-05, "dvar2": 0.000110161177872, "max": 0.178619265556, "mean": 0.00799810141325, "median": 0.00479679461569, "min": 1.56173254653e-22, "var": 0.000120323682495}, "spectral_entropy": {"dmean": 0.213354319334, "dmean2": 0.322945296764, "dvar": 0.0560735315084, "dvar2": 0.126925632358, "max": 9.82922172546, "mean": 7.48467922211, "median": 7.52441310883, "min": 4.46383810043, "var": 0.295706629753}, "spectral_flux": {"dmean": 0.0227906741202, "dmean2": 0.0351638160646, "dvar": 0.000750965205953, "dvar2": 0.00161660625599, "max": 0.554829895496, "mean": 0.0702622681856, "median": 0.0577853322029, "min": 6.2896819697e-11, "var": 0.00287963310257}, "spectral_kurtosis": {"dmean": 1.94618654251, "dmean2": 3.20671415329, "dvar": 6.85794115067, "dvar2": 17.4406814575, "max": 66.5908889771, "mean": 4.36038446426, "median": 3.27328538895, "min": -1.56940686703, "var": 18.2803001404}, "spectral_rms": {"dmean": 0.000650090340059, "dmean2": 0.000867487804499, "dvar": 5.47115632799e-07, "dvar2": 8.47769513257e-07, "max": 0.0153510197997, "mean": 0.00372457341291, "median": 0.00357082672417, "min": 3.12663003127e-12, "var": 4.69355063615e-06}, "spectral_rolloff": {"dmean": 525.507446289, "dmean2": 902.538391113, "dvar": 1264420.375, "dvar2": 3011966.25, "max": 19379.8828125, "mean": 1482.86547852, "median": 925.927734375, "min": 21.533203125, "var": 4920755.5}, "spectral_skewness": {"dmean": 0.272142529488, "dmean2": 0.430513203144, "dvar": 0.0915483683348, "dvar2": 0.218372747302, "max": 6.74292850494, "mean": 1.47928130627, "median": 1.3796517849, "min": -0.104977436364, "var": 0.367021024227}, "spectral_spread": {"dmean": 689903.625, "dmean2": 1044506.625, "dvar": 1206388785150.0, "dvar2": 2678720036860.0, "max": 50274772, "mean": 4792232.5, "median": 4083543.75, "min": 1209433.375, "var": 15658804838400.0}, 