{"lowlevel": {"average_loudness": 0.855154514313, "barkbands": {"dmean": [1.67751059053e-05, 0.00112097756937, 0.000416901602875, 0.000350526534021, 0.00127981998958, 0.000847294228151, 0.000545372255147, 0.000889296759851, 0.000804250827059, 0.000534057035111, 0.000443223834736, 0.000504850002471, 0.000779862573836, 0.000751633197069, 0.000473427673569, 0.000355041469447, 0.000269991869573, 0.000236285777646, 8.20621280582e-05, 0.000147028957144, 8.64484391059e-05, 5.43982314412e-05, 7.92930513853e-05, 5.89122755628e-05, 2.75468119071e-05, 6.30442173133e-06, 8.96137464679e-07], "dmean2": [2.94288583973e-05, 0.00161520764232, 0.000681966310367, 0.000581827596761, 0.00203869887628, 0.00136016204488, 0.000827105133794, 0.0013617934892, 0.00123977905605, 0.000798885186668, 0.000665652740281, 0.000778484449256, 0.00120680476539, 0.00111103965901, 0.000706543913111, 0.000539000495337, 0.000411611166783, 0.000367199216271, 0.000119755604828, 0.000212689323234, 0.000125225589727, 7.5811840361e-05, 0.000116120412713, 8.67181806825e-05, 3.9336959162e-05, 9.26128359424e-06, 1.6301650021e-06], "dvar": [8.29138924185e-10, 5.30832039658e-06, 1.27463999888e-06, 1.63310107837e-06, 3.41086797562e-06, 1.53113251145e-06, 1.27982980302e-06, 3.44671957464e-06, 4.02154137191e-06, 1.18192701848e-06, 1.10036444312e-06, 1.41893644923e-06, 4.84200336359e-06, 3.97724625145e-06, 1.44630791965e-06, 1.27201406031e-06, 4.52069997436e-07, 2.83634136622e-07, 8.81161881239e-08, 1.24214039943e-07, 5.18784695203e-08, 6.12902510966e-08, 1.50877141891e-07, 8.11675420209e-08, 7.69269092871e-09, 2.52472986961e-10, 1.09003431281e-11], "dvar2": [2.51631360193e-09, 1.01275527413e-05, 3.36385869559e-06, 4.33698733104e-06, 8.63023797137e-06, 3.82315874958e-06, 2.87325633508e-06, 7.96993208496e-06, 9.67914456851e-06, 2.55819622907e-06, 2.23262804866e-06, 3.11543681164e-06, 1.11386325443e-05, 7.802899745e-06, 2.95185259347e-06, 2.84659950012e-06, 9.87779230854e-07, 6.2851495386e-07, 1.52094202122e-07, 2.43563050617e-07, 1.04920133026e-07, 1.08566098334e-07, 2.74014240631e-07, 1.73625309685e-07, 1.33751898446e-08, 5.29498167534e-10, 3.08046643749e-11], "max": [0.00035373022547, 0.0381683185697, 0.0235163476318, 0.0402758941054, 0.0333562269807, 0.0179307479411, 0.03161662817, 0.0351188220084, 0.0528609976172, 0.0266436636448, 0.0327442139387, 0.0324432738125, 0.0639856308699, 0.0670811757445, 0.045143853873, 0.027347555384, 0.0159478038549, 0.015232953243, 0.0212209988385, 0.00966564845294, 0.00868219230324, 0.0130270645022, 0.0146881826222, 0.00779724679887, 0.00393599597737, 0.000559698906727, 5.04900817759e-05], "mean": [2.13952826016e-05, 0.0028399375733, 0.000717007613275, 0.00043931422988, 0.00222558435053, 0.00144703441765, 0.00104572309647, 0.00177693285514, 0.00166023033671, 0.00107021199074, 0.000893955933861, 0.000965739949606, 0.00133034028113, 0.00136074668262, 0.000899301085155, 0.000640051206574, 0.000583912828006, 0.000480841263197, 0.000165936624398, 0.000355109543307, 0.000186908291653, 0.000105655155494, 0.000137516384711, 0.000100253884739, 4.92741819471e-05, 7.71153918322e-06, 5.67945505736e-07], "median": [1.08209569589e-05, 0.000896511483006, 0.000180192102562, 0.000102337166027, 0.00133375520818, 0.000874376157299, 0.000433491601143, 0.000668290362228, 0.000499728193972, 0.000336461962434, 0.000241637899308, 0.000282698194496, 0.000344701780705, 0.000333398202201, 0.000198424764676, 0.000147555532749, 0.000181558629265, 0.000165434510564, 6.06652829447e-05, 0.000120575015899, 4.59708644485e-05, 3.50656919181e-05, 3.58733523171e-05, 2.73852219834e-05, 1.50036639752e-05, 1.60600268373e-06, 1.4465823206e-08], "min": [3.45904265672e-25, 2.55769511679e-24, 6.69166251211e-25, 6.45167130322e-25, 9.90424490608e-24, 1.19012770532e-23, 8.52124236604e-24, 3.04390815522e-24, 1.6768494407e-23, 2.10791001836e-23, 1.81473633159e-23, 2.99368643009e-23, 3.41326355955e-23, 3.86752374757e-23, 4.67476164089e-23, 6.31719181812e-23, 7.27794930112e-23, 9.8493695327e-23, 1.02563151058e-22, 1.54036236771e-22, 2.6941127148e-22, 3.00738591479e-22, 4.44303223537e-22, 6.21863873104e-22, 8.97728354955e-22, 1.25387777335e-21, 1.88770087875e-21], "var": [9.90330151218e-10, 2.50204193435e-05, 2.35286688621e-06, 2.54803353528e-06, 6.7711016527e-06, 2.73802857009e-06, 3.27747306983e-06, 9.96378184936e-06, 1.08340736915e-05, 4.14256646764e-06, 3.78437334803e-06, 4.71986413686e-06, 1.35802483783e-05, 1.23522768263e-05, 5.98621227255e-06, 2.81381971945e-06, 1.42684189086e-06, 7.9716937762e-07, 2.82007334818e-07, 4.7403622716e-07, 2.04209243293e-07, 1.45447145883e-07, 3.06400352201e-07, 1.41529000075e-07, 1.83939530274e-08, 3.68263947115e-10, 6.49038461864e-12]}, "barkbands_crest": {"dmean": 2.16271257401, "dmean2": 3.43870139122, "dvar": 4.17862606049, "dvar2": 9.86673545837, "max": 25.8362236023, "mean": 8.99699020386, "median": 8.01425647736, "min": 2.85980057716, "var": 15.6482057571}, "barkbands_flatness_db": {"dmean": 0.0193013492972, "dmean2": 0.0275668743998, "dvar": 0.000342445273418, "dvar2": 0.000658629927784, "max": 0.34479534626, "mean": 0.14112380147, "median": 0.134915217757, "min": 0.0375341884792, "var": 0.00222721323371}, "barkbands_kurtosis": {"dmean": 1.43961715698, "dmean2": 2.28819465637, "dvar": 7.60040140152, "dvar2": 17.3530330658, "max": 89.2759094238, "mean": 1.92132234573, "median": 0.464251756668, "min": -1.86171722412, "var": 27.7656784058}, "barkbands_skewness": {"dmean": 0.414544135332, "dmean2": 0.631692647934, "dvar": 0.208249345422, "dvar2": 0.448219537735, "max": 8.96117210388, "mean": 0.730288088322, "median": 0.634413063526, "min": -3.15404319763, "var": 1.31391954422}, "barkbands_spread": {"dmean": 4.13585042953, "dmean2": 6.32184123993, "dvar": 29.763967514, "dvar2": 65.3892440796, "max": 102.793319702, "mean": 20.4601955414, "median": 18.7630710602, "min": 1.78199875355, "var": 125.231338501}, "dissonance": {"dmean": 0.0209164731205, "dmean2": 0.0352231301367, "dvar": 0.000401428202167, "dvar2": 0.00110847386532, "max": 0.500000059605, "mean": 0.45903801918, "median": 0.464030236006, "min": 0.269368559122, "var": 0.000763307558373}, "dynamic_complexity": 3.28067517281, "erbbands": {"dmean": [0.0293907877058, 0.265157580376, 0.441272169352, 0.864838659763, 2.34279584885, 4.82813692093, 6.77507352829, 7.37706327438, 7.26924610138, 12.7227325439, 19.9984073639, 19.5289821625, 15.1400327682, 16.5828819275, 18.5281333923, 21.587562561, 30.5668373108, 40.7069396973, 26.5018882751, 20.7079792023, 15.5790929794, 12.4617872238, 12.1016082764, 6.77730941772, 3.66454052925, 7.084004879, 5.43383407593, 1.86660277843, 1.91910219193, 2.04958295822, 2.37468385696, 1.61255693436, 0.815436303616, 0.392607271671, 0.163164168596, 0.0402860604227, 0.00993300415576, 0.00206188904122, 0.00010771642701, 7.77732839197e-06], "dmean2": [0.0450422354043, 0.373770087957, 0.689455807209, 1.40943706036, 3.89230155945, 7.71311950684, 10.8798131943, 11.918639183, 11.1137485504, 19.4330711365, 30.5756397247, 29.5763225555, 23.0597839355, 24.4522666931, 27.8303012848, 32.8084335327, 47.2725639343, 59.9850502014, 39.5142364502, 29.8736572266, 23.689283371, 18.9916133881, 18.5690498352, 9.97247409821, 5.27521657944, 10.1468219757, 7.97907876968, 2.54790210724, 2.69938969612, 2.82467627525, 3.48858547211, 2.4034717083, 1.19161331654, 0.567986190319, 0.233322739601, 0.0577043443918, 0.0149704869837, 0.00349632673897, 0.000191991595784, 1.1634263501e-05], "dvar": [0.00362863671035, 0.304465949535, 1.13783288002, 9.86362457275, 22.0117664337, 53.568397522, 96.583984375, 136.154571533, 168.82208252, 710.621337891, 2114.72753906, 2524.02148438, 1074.41491699, 1295.3458252, 1704.86303711, 2805.77929688, 6849.19335938, 11744.3173828, 4091.0090332, 3599.55932617, 2410.25708008, 821.666503906, 592.968383789, 349.423461914, 96.6258773804, 291.191467285, 197.281814575, 26.4611434937, 72.0029220581, 111.588317871, 133.479202271, 92.1203765869, 9.23392677307, 1.69400596619, 0.239811897278, 0.0130777377635, 0.000632455281448, 3.90665591112e-05, 1.43082942827e-07, 1.20523868663e-10], "dvar2": [0.00758107146248, 0.572903811932, 2.75558686256, 24.9958000183, 59.7042655945, 134.287628174, 246.018249512, 345.665924072, 377.319396973, 1562.35314941, 4998.54150391, 5942.44042969, 2534.34545898, 2805.16943359, 3587.26074219, 5911.12744141, 15386.3730469, 23744.2402344, 9164.67871094, 7261.16601562, 4963.06201172, 1834.00732422, 1280.0144043, 683.500549316, 177.777069092, 583.114868164, 419.627807617, 43.4445877075, 137.447418213, 193.877853394, 252.018951416, 197.977508545, 19.4989490509, 3.17843079567, 0.391549646854, 0.0241432897747, 0.00143452489283, 0.000105726714537, 4.03464127885e-07, 2.62723176547e-10], "max": [1.10769081116, 8.6331205368, 24.3523025513, 101.56338501, 116.849601746, 133.902923584, 158.668045044, 157.731048584, 255.792724609, 781.611572266, 979.820800781, 1317.8182373, 837.313293457, 983.078125, 1558.23596191, 1652.44909668, 2990.51660156, 3810.80615234, 1476.38867188, 1490.37585449, 1666.41784668, 695.465270996, 509.418731689, 860.337402344, 489.409576416, 429.1144104, 477.087890625, 231.427841187, 416.336212158, 555.359008789, 404.850158691, 299.476593018, 90.9582977295, 50.2408866882, 26.0236587524, 5.41298007965, 0.644007742405, 0.086983256042, 0.00508712651208, 0.000158813083544], "mean": [0.0675963386893, 0.686284542084, 0.966574072838, 1.28747534752, 3.11381340027, 8.46986484528, 11.258307457, 11.8688726425, 13.475194931, 26.6396141052, 39.2703590393, 40.3803787231, 31.6703014374, 36.5818481445, 40.1947059631, 44.4092178345, 57.2232894897, 80.5307006836, 52.031955719, 42.1564865112, 33.199924469, 29.2727432251, 27.1556243896, 14.6342105865, 8.58121585846, 17.6284141541, 12.4685373306, 4.07695865631, 3.6206176281, 4.00137662888, 3.94514799118, 2.57171630859, 1.43748402596, 0.716193318367, 0.269812613726, 0.0577071867883, 0.010848405771, 0.00160768651403, 8.68605857249e-05, 2.93387074635e-05], "median": [0.0164154469967, 0.222079694271, 0.348374038935, 0.390772253275, 1.43229329586, 4.47695970535, 7.0915722847, 6.49611997604, 6.17889785767, 10.9901151657, 15.4333095551, 13.5158147812, 11.5003700256, 12.6126613617, 15.4563493729, 16.3551998138, 19.160785675, 20.0048713684, 15.399892807, 10.2219924927, 8.69425106049, 9.87104892731, 10.4870090485, 5.1374745369, 3.91805195808, 5.77019643784, 3.50972890854, 1.34406483173, 1.20528435707, 1.17733871937, 1.01059627533, 0.627390682697, 0.42201513052, 0.220171287656, 0.078364379704, 0.014890964143, 0.00185444939416, 0.00014487747103, 2.04849839065e-05, 2.52768932114e-05], "min": [4.28756030962e-23, 3.68105545736e-22, 1.78233248783e-21, 4.77539122445e-21, 9.12655269356e-21, 1.93624418302e-20, 6.14461618383e-20, 1.09900599126e-19, 1.25114066178e-19, 1.59918517632e-19, 1.69796010574e-19, 3.5110485016e-19, 5.4214942461e-19, 7.66434846511e-19, 9.9740952293e-19, 1.3880290236e-18, 1.81888993048e-18, 1.97553808617e-18, 2.44956696429e-18, 2.68969542816e-18, 3.79201761235e-18, 3.94644313372e-18, 5.9184524674e-18, 6.88872870848e-18, 5.86366126439e-18, 7.97279522334e-18, 8.9879782727e-18, 8.76020416486e-18, 1.10848480383e-17, 1.18309484072e-17, 1.22228310127e-17, 1.13598781473e-17, 1.02928755413e-17, 8.61191797799e-18, 6.59770754383e-18, 3.92018511236e-18, 2.28636795174e-18, 1.06155924059e-18, 2.61546522226e-19, 2.77823827557e-20], "var": [0.0171535033733, 1.39231574535, 2.79596567154, 18.485490799, 24.7721099854, 122.389373779, 176.667068481, 224.317108154, 454.81338501, 2360.57739258, 5305.95410156, 6263.39111328, 3545.4987793, 5170.28027344, 5925.34619141, 9280.47753906, 18088.0429688, 44160.0898438, 12166.7763672, 11709.1328125, 6483.59033203, 3033.74975586, 2029.51660156, 1092.9005127, 363.725097656, 1153.49597168, 703.833068848, 111.59135437, 160.548095703, 254.183425903, 253.263412476, 152.328903198, 16.9324607849, 3.73645949364, 0.584023177624, 0.0237407591194, 0.000768291880377, 2.77994604403e-05, 8.81604407255e-08, 4.61694599219e-10]}, "erbbands_crest": {"dmean": 2.69984173775, "dmean2": 4.30396842957, "dvar": 6.74059867859, "dvar2": 15.9325675964, "max": 30.6729221344, "mean": 9.90947532654, "median": 8.92853927612, "min": 2.36753821373, "var": 20.2710494995}, "erbbands_flatness_db": {"dmean": 0.0192088950425, "dmean2": 0.0266234967858, "dvar": 0.000386040250305, "dvar2": 0.000706341525074, "max": 0.449214577675, "mean": 0.188640490174, "median": 0.184862822294, "min": 0.0232146698982, "var": 0.00266963033937}, "erbbands_kurtosis": {"dmean": 0.982023537159, "dmean2": 1.53157055378, "dvar": 1.84634530544, "dvar2": 4.24098396301, "max": 28.0666332245, "mean": 1.00545799732, "median": 0.411532640457, "min": -1.68049764633, "var": 5.4480805397}, "erbbands_skewness": {"dmean": 0.334651499987, "dmean2": 0.513515949249, "dvar": 0.11033077538, "dvar2": 0.240857869387, "max": 2.72931051254, "mean": 0.16997101903, "median": 0.20379832387, "min": -3.23979830742, "var": 0.503703951836}, "erbbands_spread": {"dmean": 5.94733333588, "dmean2": 9.08910942078, "dvar": 54.3279876709, "dvar2": 126.618965149, "max": 128.921920776, "mean": 27.4842967987, "median": 25.3094520569, "min": 2.30442786217, "var": 218.100769043}, "gfcc": {"cov": [[23797.9589844, 445.66305542, -2585.49145508, 840.693969727, -1777.06225586, 335.557647705, -997.821289062, 284.482299805, -428.663452148, 133.714630127, -217.806152344, -90.0401153564, -22.8185977936], [445.66305542, 1420.78588867, -81.5067138672, -140.184814453, 294.337127686, -115.01159668, 112.459716797, -72.5309066772, 62.5790061951, -95.260307312, 72.1175460815, -71.1493377686, 4.17380046844], [-2585.49145508, -81.5067138672, 1127.53259277, 163.35093689, 29.9121799469, -8.76322174072, 29.8802909851, -22.7030315399, 10.4027767181, -1.60644996166, -18.2488498688, 68.2165679932, -45.2276992798], [840.693969727, -140.184814453, 163.35093689, 479.214172363, -119.884376526, -69.6005172729, -93.542678833, 63.5574836731, 39.0567016602, -7.24871778488, -28.5458946228, 1.48330509663, 52.6517486572], [-1777.06225586, 294.337127686, 29.9121799469, -119.884376526, 510.743621826, -49.8064689636, 135.358154297, 8.39000797272, 104.615600586, -9.51359939575, 23.4367752075, 12.4371566772, 7.63234424591], [335.557647705, -115.01159668, -8.76322174072, -69.6005172729, -49.8064689636, 330.412231445, 100.546028137, -11.868519783, -36.4586753845, 56.8432197571, 34.8407516479, -17.0693397522, -10.2563648224], [-997.821289062, 112.459716797, 29.8802909851, -93.542678833, 135.358154297, 100.546028137, 255.961914062, 16.7884407043, 34.3725204468, 25.5251579285, 58.3365135193, -16.5607719421, -3.87831521034], [284.482299805, -72.5309066772, -22.7030315399, 63.5574836731, 8.39000797272, -11.868519783, 16.7884407043, 148.082366943, 71.4950790405, 28.9754543304, -6.51532840729, 8.45188140869, 23.0886497498], [-428.663452148, 62.5790061951, 10.4027767181, 39.0567016602, 104.615600586, -36.4586753845, 34.3725204468, 71.4950790405, 146.042724609, 27.4304447174, 12.7180328369, -6.01217222214, 25.9690246582], [133.714630127, -95.260307312, -1.60644996166, -7.24871778488, -9.51359939575, 56.8432197571, 25.5251579285, 28.9754543304, 27.4304447174, 100.210113525, 29.1362323761, -0.726205646992, -5.48511886597], [-217.806152344, 72.1175460815, -18.2488498688, -28.5458946228, 23.4367752075, 34.8407516479, 58.3365135193, -6.51532840729, 12.7180328369, 29.1362323761, 100.287536621, 13.7405643463, 2.90909290314], [-90.0401153564, -71.1493377686, 68.2165679932, 1.48330509663, 12.4371566772, -17.0693397522, -16.5607719421, 8.45188140869, -6.01217222214, -0.726205646992, 13.7405643463, 93.8086624146, 10.3214530945], [-22.8185977936, 4.17380046844, -45.2276992798, 52.6517486572, 7.63234424591, -10.2563648224, -3.87831521034, 23.0886497498, 25.9690246582, -5.48511886597, 2.90909290314, 10.3214530945, 90.6889419556]], "icov": [[0.000269375450443, -0.000558254425414, 0.000705878308509, -0.000669800210744, 0.000652195652947, -0.00060983246658, 0.000683718826622, -0.000748405931517, 0.000666873238515, -0.000855323218275, 0.000794484221842, -0.000840500288177, 0.000757771427743], [-0.000558254425414, 0.00220609200187, -0.00146802421659, 0.00156801519915, -0.00174753274769, 0.0015774872154, -0.0015076136915, 0.00190229900181, -0.00172795518301, 0.00289481505752, -0.0027095428668, 0.00275296717882, -0.00166428810917], [0.000705878308509, -0.00146802421659, 0.00297318329103, -0.00237418385223, 0.00167140178382, -0.00164518912788, 0.00129262555856, -0.00134705123492, 0.00141830008943, -0.00233865831979, 0.00267218798399, -0.00337262894027, 0.00292837340385], [-0.000669800210744, 0.00156801519915, -0.00237418385223, 0.00475952448323, -0.000976385374088, 0.00188889214769, -0.000842017354444, 0.000831373443361, -0.00230666343123, 0.00263520167209, -0.0023313916754, 0.00305657787248, -0.00359305273741], [0.000652195652947, -0.00174753274769, 0.00167140178382, -0.000976385374088, 0.00485828053206, -0.00094537937548, 9.25082567846e-05, -0.00102803565096, -0.000783231400419, -0.00182946468703, 0.00279981666245, -0.00327818817459, 0.00179175392259], [-0.00060983246658, 0.0015774872154, -0.00164518912788, 0.00188889214769, -0.00094537937548, 0.0058213993907, -0.00344112468883, 0.00199593720026, -0.000170508210431, -0.000101792742498, -0.00214746966958, 0.00272630155087, -0.00225927494466], [0.000683718826622, -0.0015076136915, 0.00129262555856, -0.000842017354444, 9.25082567846e-05, -0.00344112468883, 0.00854625646025, -0.00356558710337, 0.00168679107446, -0.00157463748474, -0.00125283503439, -0.000133024499519, 0.00172828743234], [-0.000748405931517, 0.00190229900181, -0.00134705123492, 0.000831373443361, -0.00102803565096, 0.00199593720026, -0.00356558710337, 0.0128645570949, -0.00702181411907, 0.00051902490668, 0.000240725086769, 0.000199380068807, -0.00253407564014], [0.000666873238515, -0.00172795518301, 0.00141830008943, -0.00230666343123, -0.000783231400419, -0.000170508210431, 0.00168679107446, -0.00702181411907, 0.0146161383018, -0.00529640680179, 0.000770830432884, 0.000159007919137, -0.000348235334968], [-0.000855323218275, 0.00289481505752, -0.00233865831979, 0.00263520167209, -0.00182946468703, -0.000101792742498, -0.00157463748474, 0.00051902490668, -0.00529640680179, 0.017685027793, -0.00717650679871, 0.00386124406941, -0.000724682933651], [0.000794484221842, -0.0027095428668, 0.00267218798399, -0.0023313916754, 0.00279981666245, -0.00214746966958, -0.00125283503439, 0.000240725086769, 0.000770830432884, -0.00717650679871, 0.0171850323677, -0.00694722449407, 0.00200207927264], [-0.000840500288177, 0.00275296717882, -0.00337262894027, 0.00305657787248, -0.00327818817459, 0.00272630155087, -0.000133024499519, 0.000199380068807, 0.000159007919137, 0.00386124406941, -0.00694722449407, 0.0168172195554, -0.00477009452879], [0.000757771427743, -0.00166428810917, 0.00292837340385, -0.00359305273741, 0.00179175392259, -0.00225927494466, 0.00172828743234, -0.00253407564014, -0.000348235334968, -0.000724682933651, 0.00200207927264, -0.00477009452879, 0.0156877357513]], "mean": [-32.0115852356, 101.968063354, -138.399169922, 22.4520816803, -61.5098152161, 17.2631778717, -39.6447181702, 9.30823516846, -19.8748664856, 3.47811746597, -6.68695402145, -3.26043558121, -4.35646915436]}, "hfc": {"dmean": 5.70450544357, "dmean2": 7.89910459518, "dvar": 80.4119873047, "dvar2": 145.093734741, "max": 245.510742188, "mean": 22.6527709961, "median": 16.330324173, "min": 1.08342528445e-16, "var": 459.115844727}, "melbands": {"dmean": [0.00029615056701, 0.000261648267042, 0.000174989079824, 0.000244240509346, 0.000242345762672, 0.000163591452292, 0.000110912405944, 0.00014660161105, 0.000166157624335, 0.000118018841022, 7.61874543969e-05, 6.85054837959e-05, 6.55247786199e-05, 5.74455334572e-05, 6.2202110712e-05, 7.50439430703e-05, 7.92492937762e-05, 4.55555855297e-05, 3.24647735397e-05, 2.63511028606e-05, 1.98523412109e-05, 1.51865842781e-05, 1.28388383018e-05, 1.27976263684e-05, 5.32441208634e-06, 2.56896169049e-06, 3.8925059016e-06, 5.3145736274e-06, 4.46725289294e-06, 1.82654332548e-06, 9.91616389001e-07, 1.11429528715e-06, 1.1832552218e-06, 1.2015050288e-06, 1.42042915741e-06, 1.35882896757e-06, 9.12466703085e-07, 6.34480045392e-07, 4.38102233602e-07, 3.19432530205e-07], "dmean2": [0.000431720312918, 0.000388503860449, 0.000285699061351, 0.000395421200665, 0.000387012900319, 0.000261780223809, 0.000169541614014, 0.000224523158977, 0.000253556034295, 0.000180163842742, 0.000116578106827, 0.000101294099295, 9.75935181486e-05, 8.82418971742e-05, 9.25792119233e-05, 0.000117077150207, 0.000116455405077, 6.8954184826e-05, 4.73149229947e-05, 3.9087539335e-05, 3.03536053252e-05, 2.3459419026e-05, 2.03111230803e-05, 1.96117707674e-05, 7.89059959061e-06, 3.69154577129e-06, 5.74867362957e-06, 7.71373015596e-06, 6.6538673309e-06, 2.64799746219e-06, 1.39781116104e-06, 1.60189108556e-06, 1.70445207459e-06, 1.69207146428e-06, 2.10722032534e-06, 2.07161656363e-06, 1.3922024209e-06, 9.52156995027e-07, 6.36037384538e-07, 4.67409961402e-07], "dvar": [3.73986779323e-07, 2.97768735891e-07, 2.59694530769e-07, 1.45370208315e-07, 1.19943706522e-07, 6.21706703896e-08, 4.12741272271e-08, 8.66788312237e-08, 1.42525294677e-07, 8.93109017852e-08, 2.76605938154e-08, 2.31869830003e-08, 2.24602079157e-08, 1.73459966391e-08, 2.38290986943e-08, 4.51782646849e-08, 4.52724968625e-08, 1.35957964886e-08, 8.74565841968e-09, 8.63721183464e-09, 4.4280716871e-09, 1.58481550105e-09, 9.57566581583e-10, 1.04617503549e-09, 2.65095889684e-10, 1.14171297416e-10, 1.44158837645e-10, 1.58912188963e-10, 1.2585577025e-10, 2.74558188684e-11, 7.87250386408e-12, 2.00627119085e-11, 4.08667023832e-11, 3.60400737032e-11, 4.02787074527e-11, 7.15397324713e-11, 2.82507333499e-11, 5.46600655363e-12, 2.63929264728e-12, 1.05450923601e-12], "dvar2": [7.13404119779e-07, 6.51269886021e-07, 6.69955625199e-07, 3.77806713914e-07, 3.01241215084e-07, 1.55580508476e-07, 9.36370057047e-08, 1.90248030663e-07, 3.3328259974e-07, 2.13194482512e-07, 6.51718252698e-08, 5.01345240878e-08, 4.45879528854e-08, 3.94020922556e-08, 4.68885055227e-08, 1.07837522023e-07, 9.05761226022e-08, 3.07723766468e-08, 1.61360649287e-08, 1.91455207244e-08, 8.93556428849e-09, 3.62186836078e-09, 2.40804665097e-09, 2.20714779786e-09, 5.22763998756e-10, 1.70463809734e-10, 3.1634780906e-10, 3.27742832873e-10, 2.72245503918e-10, 5.52980577995e-11, 1.32547514631e-11, 3.96640532918e-11, 7.91921875298e-11, 6.26771898271e-11, 7.46461573109e-11, 1.54452103884e-10, 6.39710784345e-11, 1.2312982231e-11, 5.41518262523e-12, 1.91874380967e-12], "max": [0.0109098739922, 0.00977751985192, 0.0150620993227, 0.00594061473384, 0.00663424422964, 0.00333391106687, 0.0051430221647, 0.00922610610723, 0.00835898984224, 0.00741130718961, 0.00403344165534, 0.00422902172431, 0.00497026508674, 0.0037341916468, 0.00501807639375, 0.0072415699251, 0.00689711002633, 0.0031112935394, 0.00486057810485, 0.0028258303646, 0.00192201556638, 0.00101891939994, 0.000904250482563, 0.00103596085683, 0.000808924203739, 0.000842308800202, 0.000440168951172, 0.000317722413456, 0.000321987696225, 0.000161688978551, 0.00012091564713, 0.000176887158887, 0.000367656495655, 0.000272176257567, 0.000200971975573, 0.000298426079098, 0.000165641467902, 7.13171248208e-05, 6.61222657072e-05, 4.37492999481e-05], "mean": [0.000739504466765, 0.000666848849505, 0.000257780629909, 0.000401233439334, 0.000421195931267, 0.000272466044407, 0.000206093725865, 0.000307129201246, 0.000323834858136, 0.000241302506765, 0.000152041044203, 0.000144466743222, 0.000136624323204, 0.000112203917524, 0.000114160546218, 0.000138896924909, 0.000148341408931, 8.14554005046e-05, 6.49626381346e-05, 4.81139832118e-05, 3.8757614675e-05, 3.16774749081e-05, 2.59473963524e-05, 2.49275453825e-05, 1.0350247976e-05, 5.19043032909e-06, 8.46093189466e-06, 1.24375283121e-05, 9.58766213444e-06, 3.69582971871e-06, 1.85825183507e-06, 1.95817665372e-06, 2.17246474676e-06, 2.2328315481e-06, 2.3055076781e-06, 2.04670277526e-06, 1.39391067933e-06, 1.07325070076e-06, 7.47985779981e-07, 5.59891986995e-07], "median": [0.000211412945646, 0.000269989337539, 9.75488801487e-05, 0.000224202900426, 0.000264133646851, 0.000154273788212, 9.53903945629e-05, 0.000127348976093, 0.000130276152049, 7.29358071112e-05, 4.81932474941e-05, 4.27330451203e-05, 4.35918336734e-05, 3.61263482773e-05, 3.94248054363e-05, 3.6815101339e-05, 3.29145077558e-05, 2.11129718082e-05, 1.38575014716e-05, 1.05219642137e-05, 8.69377799972e-06, 9.04086664377e-06, 9.14909651328e-06, 7.39905999581e-06, 3.10608311338e-06, 2.04716934604e-06, 2.91034257316e-06, 3.60955618817e-06, 2.39141127167e-06, 7.90721514932e-07, 5.62076195365e-07, 6.1633244286e-07, 6.05067441484e-07, 6.12285703028e-07, 6.07867093549e-07, 3.9214577896e-07, 3.33445484557e-07, 3.04913328364e-07, 2.06831245464e-07, 1.6111168577e-07], "min": [6.96978676412e-25, 5.73452870112e-25, 9.34997289306e-25, 1.392698035e-24, 2.06551690941e-24, 2.57188692169e-24, 1.97515506209e-24, 1.33996741665e-24, 1.43883042352e-24, 2.14931503958e-24, 2.67421874718e-24, 2.42534595057e-24, 3.13855174232e-24, 2.81160005711e-24, 2.08213525046e-24, 3.93279780651e-24, 2.96719458763e-24, 3.72807932971e-24, 2.85892973927e-24, 4.34945914829e-24, 3.62228598257e-24, 3.42972976877e-24, 3.52393119934e-24, 5.02766495662e-24, 5.06230265567e-24, 4.07990458812e-24, 4.33333443696e-24, 4.85861798108e-24, 5.35231316798e-24, 4.58299747498e-24, 4.48116144857e-24, 5.53393931951e-24, 4.66659030409e-24, 5.32627326393e-24, 6.48994052345e-24, 6.10694342637e-24, 6.09278455641e-24, 5.62642931634e-24, 5.69486970519e-24, 6.48666635627e-24], "var": [1.88561625691e-06, 9.51737035848e-07, 4.42221221419e-07, 2.53293819696e-07, 2.3997395715e-07, 1.10118975272e-07, 1.03874747026e-07, 3.02440270161e-07, 3.55135966856e-07, 2.34703534829e-07, 8.92823805998e-08, 9.23840133282e-08, 7.99344661573e-08, 5.79547929647e-08, 7.07828249347e-08, 1.50184391146e-07, 1.55737282626e-07, 3.46611166435e-08, 4.7467676012e-08, 1.91349993628e-08, 1.11030269423e-08, 4.58008519999e-09, 2.28525731671e-09, 2.99525959591e-09, 7.47813033719e-10, 3.77039593991e-10, 4.69973171491e-10, 5.74550018673e-10, 4.29520502498e-10, 9.89929319073e-11, 2.69166373218e-11, 4.21865320455e-11, 8.39708927391e-11, 8.17287140742e-11, 7.78428918546e-11, 1.12385031836e-10, 4.26456508995e-11, 9.14145842357e-12, 4.90930039676e-12, 2.3928847185e-12]}, "melbands_crest": {"dmean": 2.56318593025, "dmean2": 4.05855607986, "dvar": 5.41174602509, "dvar2": 13.3969039917, "max": 31.7937145233, "mean": 11.2950220108, "median": 10.3648576736, "min": 1.58213818073, "var": 21.3478679657}, "melbands_flatness_db": {"dmean": 0.0204071383923, "dmean2": 0.0289954748005, "dvar": 0.000472784828162, "dvar2": 0.000890379655175, "max": 0.433932423592, "mean": 0.18199557066, "median": 0.172648563981, "min": 0.00284220324829, "var": 0.00443225260824}, "melbands_kurtosis": {"dmean": 2.93097686768, "dmean2": 4.71718120575, "dvar": 64.7613220215, "dvar2": 157.114334106, "max": 303.164581299, "mean": 5.4135556221, "median": 2.01961135864, "min": -1.85516178608, "var": 216.181686401}, "melbands_skewness": {"dmean": 0.485261559486, "dmean2": 0.745015442371, "dvar": 0.329754978418, "dvar2": 0.742729842663, "max": 15.4551944733, "mean": 1.43740642071, "median": 1.25346112251, "min": -2.57668662071, "var": 1.95485889912}, "melbands_spread": {"dmean": 6.60193777084, "dmean2": 9.88368225098, "dvar": 138.015533447, "dvar2": 248.021209717, "max": 251.660827637, "mean": 30.5391101837, "median": 26.1267375946, "min": 1.38232910633, "var": 615.651977539}, "mfcc": {"cov": [[9452.53027344, -602.007995605, 13.3101320267, 70.1817016602, -267.191131592, -184.310028076, -192.419189453, -122.632225037, -64.8448486328, 43.863986969, -74.0613861084, -24.5991821289, -42.0611534119], [-602.007995605, 1708.91821289, -260.363067627, 18.2473316193, 145.89302063, 55.2344970703, 92.7341842651, 46.8038864136, -15.017449379, 9.48665142059, 43.0382919312, 8.14099788666, 4.32318925858], [13.3101320267, -260.363067627, 900.68927002, 153.632278442, -49.1599960327, 30.924943924, -25.4570674896, -10.337562561, -44.1588745117, -32.6237411499, -33.5843467712, 17.8543128967, -9.40172767639], [70.1817016602, 18.2473316193, 153.632278442, 470.076660156, 121.806282043, -106.825050354, -112.375175476, 13.872095108, 57.6833496094, -25.3312129974, -46.4710273743, 43.4825744629, 24.2006320953], [-267.191131592, 145.89302063, -49.1599960327, 121.806282043, 231.630371094, -6.73814964294, -50.9646987915, 16.0858631134, 52.4105453491, 0.981442689896, -8.30313587189, 7.04092550278, 9.30319786072], [-184.310028076, 55.2344970703, 30.924943924, -106.825050354, -6.73814964294, 208.957885742, 115.32938385, 14.1896467209, -15.3712158203, 34.9089202881, 41.6152572632, -22.1984195709, -13.2409667969], [-192.419189453, 92.7341842651, -25.4570674896, -112.375175476, -50.9646987915, 115.32938385, 191.840560913, 37.6513519287, -16.0391464233, 41.9501304626, 55.9773979187, -16.1975517273, -8.7254114151], [-122.632225037, 46.8038864136, -10.337562561, 13.872095108, 16.0858631134, 14.1896467209, 37.6513519287, 99.4104309082, 35.683429718, 7.53965616226, 19.7496414185, 7.32935714722, 16.02044487], [-64.8448486328, -15.017449379, -44.1588745117, 57.6833496094, 52.4105453491, -15.3712158203, -16.0391464233, 35.683429718, 134.521759033, 52.8372268677, 6.71484184265, 4.46285581589, 9.2554101944], [43.863986969, 9.48665142059, -32.6237411499, -25.3312129974, 0.981442689896, 34.9089202881, 41.9501304626, 7.53965616226, 52.8372268677, 139.004776001, 60.9337997437, -9.06129264832, -0.845454931259], [-74.0613861084, 43.0382919312, -33.5843467712, -46.4710273743, -8.30313587189, 41.6152572632, 55.9773979187, 19.7496414185, 6.71484184265, 60.9337997437, 117.611480713, 20.1409397125, -4.22898387909], [-24.5991821289, 8.14099788666, 17.8543128967, 43.4825744629, 7.04092550278, -22.1984195709, -16.1975517273, 7.32935714722, 4.46285581589, -9.06129264832, 20.1409397125, 108.784049988, 40.5651321411], [-42.0611534119, 4.32318925858, -9.40172767639, 24.2006320953, 9.30319786072, -13.2409667969, -8.7254114151, 16.02044487, 9.2554101944, -0.845454931259, -4.22898387909, 40.5651321411, 88.4704055786]], "icov": [[0.000117666430015, 2.39514629357e-05, 2.75546099147e-05, -4.93609259138e-05, 0.000160085153766, 2.28168610192e-05, 0.000130265048938, 2.07059456443e-05, 9.24349515117e-05, -0.000152657099534, 6.70613080729e-05, 1.70047144366e-06, 5.81777567277e-05], [2.39514629357e-05, 0.000697347684763, 0.000200563372346, -0.000111251560156, -0.000479027454276, 4.82712584926e-06, -0.000401391851483, -0.000176022353116, 0.000406247039791, -4.57534952147e-05, -2.25069888984e-05, -9.41430407693e-05, 7.15921778465e-05], [2.75546099147e-05, 0.000200563372346, 0.00140257179737, -0.000739956973121, 0.00051144103054, -0.000750890292693, 0.00028296027449, -0.000216732674744, 0.000640251557343, -0.000131928594783, 0.000351676600985, -0.000303198292386, 0.000343342631822], [-4.93609259138e-05, -0.000111251560156, -0.000739956973121, 0.00345142115839, -0.00153740833048, 0.00127637991682, 0.00050704512978, -0.000439058145275, -0.000852710625622, 4.28904604632e-05, 0.000604640692472, -0.000850674812682, -5.00060814375e-05], [0.000160085153766, -0.000479027454276, 0.00051144103054, -0.00153740833048, 0.00655733933672, -0.00171388150193, 0.00232057785615, -0.000403325422667, -0.00162297009956, 0.000290021649562, -0.000277251994703, 0.00037375613465, -8.17986292532e-05], [2.28168610192e-05, 4.82712584926e-06, -0.000750890292693, 0.00127637991682, -0.00171388150193, 0.00825907755643, -0.00447712745517, 0.000522552058101, 0.000366094027413, -0.000532434438355, -0.000567281909753, 0.000738260918297, 5.28001219209e-05], [0.000130265048938, -0.000401391851483, 0.00028296027449, 0.00050704512978, 0.00232057785615, -0.00447712745517, 0.0109409494326, -0.00373156415299, 0.00145428010728, -0.0016275094822, -0.00166178157087, 0.000637231743895, 0.000274286343483], [2.07059456443e-05, -0.000176022353116, -0.000216732674744, -0.000439058145275, -0.000403325422667, 0.000522552058101, -0.00373156415299, 0.0139249125496, -0.00472330208868, 0.00301531539299, -0.00244350894354, 0.000727609090973, -0.00258092419244], [9.24349515117e-05, 0.000406247039791, 0.000640251557343, -0.000852710625622, -0.00162297009956, 0.000366094027413, 0.00145428010728, -0.00472330208868, 0.012451261282, -0.00605781190097, 0.00218373700045, -0.000709717569407, 0.000618893071078], [-0.000152657099534, -4.57534952147e-05, -0.000131928594783, 4.28904604632e-05, 0.000290021649562, -0.000532434438355, -0.0016275094822, 0.00301531539299, -0.00605781190097, 0.0129897855222, -0.00650123180822, 0.00254319328815, -0.00163179647643], [6.70613080729e-05, -2.25069888984e-05, 0.000351676600985, 0.000604640692472, -0.000277251994703, -0.000567281909753, -0.00166178157087, -0.00244350894354, 0.00218373700045, -0.00650123180822, 0.0144348395988, -0.00478086108342, 0.00271931709722], [1.70047144366e-06, -9.41430407693e-05, -0.000303198292386, -0.000850674812682, 0.00037375613465, 0.000738260918297, 0.000637231743895, 0.000727609090973, -0.000709717569407, 0.00254319328815, -0.00478086108342, 0.0130986021832, -0.00592773780227], [5.81777567277e-05, 7.15921778465e-05, 0.000343342631822, -5.00060814375e-05, -8.17986292532e-05, 5.28001219209e-05, 0.000274286343483, -0.00258092419244, 0.000618893071078, -0.00163179647643, 0.00271931709722, -0.00592773780227, 0.0146560687572]], "mean": [-656.515686035, 127.515914917, -14.700422287, 6.92785596848, 1.50542747974, 1.6750446558, -1.41665494442, -0.243704378605, -4.30162000656, 4.65673732758, -1.2882515192, 4.76838493347, -0.972950100899]}, "pitch_salience": {"dmean": 0.0639329329133, "dmean2": 0.100931271911, "dvar": 0.00363736553118, "dvar2": 0.00870863348246, "max": 0.930303990841, "mean": 0.568957269192, "median": 0.572745263577, "min": 0.105377800763, "var": 0.0125803668052}, "silence_rate_20dB": {"dmean": 0, "dmean2": 0, "dvar": 0, "dvar2": 0, "max": 1, "mean": 1, "median": 1, "min": 1, "var": 0}, "silence_rate_30dB": {"dmean": 0, "dmean2": 0, "dvar": 0, "dvar2": 0, "max": 1, "mean": 1, "median": 1, "min": 1, "var": 0}, "silence_rate_60dB": {"dmean": 0.0271064657718, "dmean2": 0.0542217865586, "dvar": 0.0263707339764, "dvar2": 0.0578139200807, "max": 1, "mean": 0.0646530613303, "median": 0, "min": 0, "var": 0.0604740120471}, "spectral_centroid": {"dmean": 203.37802124, "dmean2": 301.6746521, "dvar": 83720.4375, "dvar2": 151725.515625, "max": 11793.0009766, "mean": 1527.07055664, "median": 1326.61828613, "min": 259.834442139, "var": 1509107.875}, "spectral_complexity": {"dmean": 3.15904641151, "dmean2": 4.51772022247, "dvar": 11.4141225815, "dvar2": 19.7539634705, "max": 48, "mean": 17.9604892731, "median": 18, "min": 0, "var": 63.5055656433}, "spectral_contrast_coeffs": {"dmean": [0.0508919768035, 0.0451530888677, 0.0389938317239, 0.0335547551513, 0.0242490582168, 0.0174443386495], "dmean2": [0.0830055251718, 0.0742026343942, 0.062046982348, 0.0522868745029, 0.0365591906011, 0.0271030776203], "dvar": [0.00184002611786, 0.00143451651093, 0.00101902941242, 0.000773906765971, 0.000471131817903, 0.000252504163655], "dvar2": [0.00462613767013, 0.00370095623657, 0.00238397088833, 0.00179587688763, 0.000956114905421, 0.000571830314584], "max": [-0.347671985626, -0.454518198967, -0.471319526434, -0.487897396088, -0.519217431545, -0.631518125534], "mean": [-0.652506828308, -0.723138570786, -0.735119521618, -0.738233029842, -0.762113690376, -0.785342156887], "median": [-0.651541233063, -0.724545001984, -0.737941503525, -0.742240488529, -0.767406761646, -0.786782324314], "min": [-0.976230502129, -0.977660357952, -0.982179164886, -0.970914959908, -0.967052936554, -0.963696539402], "var": [0.00870095007122, 0.00544710410759, 0.00662728073075, 0.00627237884328, 0.0047310423106, 0.00165954453405]}, "spectral_contrast_valleys": {"dmean": [0.39289239049, 0.375223696232, 0.336113512516, 0.314076662064, 0.301885962486, 0.361945331097], "dmean2": [0.618004977703, 0.586059093475, 0.522075176239, 0.466749340296, 0.410113632679, 0.454150408506], "dvar": [0.144262030721, 0.144000500441, 0.124080479145, 0.130440801382, 0.131193742156, 0.200860068202], "dvar2": [0.276068210602, 0.269003212452, 0.219703689218, 0.218552589417, 0.204247310758, 0.336813300848], "max": [-5.406437397, -4.90112161636, -5.22892093658, -6.0482134819, -5.93874073029, -7.35742139816], "mean": [-7.92439079285, -7.00288200378, -7.58797216415, -7.95919179916, -8.11727619171, -10.6099910736], "median": [-7.60569238663, -6.65720844269, -7.29861116409, -7.6735086441, -7.73217868805, -10.1658334732], "min": [-27.9688014984, -28.0398292542, -27.6664466858, -27.6265659332, -27.5212593079, -27.3644180298], "var": [5.62657022476, 5.99889612198, 5.50299024582, 5.37224912643, 5.49672937393, 4.87896680832]}, "spectral_decrease": {"dmean": 1.24553811709e-09, "dmean2": 1.78597403533e-09, "dvar": 2.18891945814e-18, "dvar2": 4.14567454734e-18, "max": 1.58213303261e-28, "mean": -5.15403897339e-09, "median": -4.48326042957e-09, "min": -2.28500027788e-08, "var": 1.32539166093e-17}, "spectral_energy": {"dmean": 0.00511095533147, "dmean2": 0.00729868141934, "dvar": 3.61111851817e-05, "dvar2": 6.79392978782e-05, "max": 0.0920694172382, "mean": 0.0215071626008, "median": 0.018805583939, "min": 1.0005128364e-20, "var": 0.000229276382015}, "spectral_energyband_high": {"dmean": 0.000330654671416, "dmean2": 0.000454432825791, "dvar": 1.00255908819e-06, "dvar2": 1.65883807313e-06, "max": 0.0364643372595, "mean": 0.000796782493126, "median": 0.000311635580147, "min": 7.0146612311e-21, "var": 3.17675426231e-06}, "spectral_energyband_low": {"dmean": 0.00146680220496, "dmean2": 0.00216043228284, "dvar": 8.61833268573e-06, "dvar2": 1.77902365976e-05, "max": 0.0706699043512, "mean": 0.00383255793713, "median": 0.00149038387462, "min": 1.68777705751e-23, "var": 3.57257995347e-05}, "spectral_energyband_middle_high": {"dmean": 0.00239632022567, "dmean2": 0.0034112338908, "dvar": 1.18916086649e-05, "dvar2": 2.40353347181e-05, "max": 0.0770036280155, "mean": 0.0083716288209, "median": 0.00536410603672, "min": 1.16688507049e-21, "var": 8.23415030027e-05}, "spectral_energyband_middle_low": {"dmean": 0.00314175570384, "dmean2": 0.00473051471636, "dvar": 1.69109025592e-05, "dvar2": 3.86325336876e-05, "max": 0.0592574886978, "mean": 0.00893043819815, "median": 0.00723246484995, "min": 1.88763332701e-22, "var": 5.55728001927e-05}, "spectral_entropy": {"dmean": 0.165052071214, "dmean2": 0.226714581251, "dvar": 0.0276265833527, "dvar2": 0.0522265248001, "max": 9.82021617889, "mean": 7.43961906433, "median": 7.40650701523, "min": 5.67285823822, "var": 0.224828526378}, "spectral_flux": {"dmean": 0.0188850834966, "dmean2": 0.0296206194907, "dvar": 0.000403868121793, "dvar2": 0.00087500497466, "max": 0.310371875763, "mean": 0.0699851512909, "median": 0.064404964447, "min": 6.31456137379e-11, "var": 0.00134173769038}, "spectral_kurtosis": {"dmean": 2.23076295853, "dmean2": 3.76914072037, "dvar": 11.4188976288, "dvar2": 33.2726745605, "max": 65.4642181396, "mean": 6.11500883102, "median": 4.54587221146, "min": -1.24092781544, "var": 31.3741474152}, "spectral_rms": {"dmean": 0.00055788224563, "dmean2": 0.000780597911216, "dvar": 3.69017215007e-07, "dvar2": 6.26801408998e-07, "max": 0.00947754271328, "mean": 0.00424595549703, "median": 0.00428332947195, "min": 3.12427601151e-12, "var": 2.95447784993e-06}, "spectral_rolloff": {"dmean": 315.871337891, "dmean2": 520.06060791, "dvar": 503338.375, "dvar2": 922728.875, "max": 19638.28125, "mean": 1912.74902344, "median": 1485.79101562, "min": 64.599609375, "var": 5138171.5}, "spectral_skewness": {"dmean": 0.25112080574, "dmean2": 0.40423849225, "dvar": 0.0840044096112, "dvar2": 0.224692821503, "max": 6.07027244568, "mean": 1.74985587597, "median": 1.68373560905, "min": -0.0991961956024, "var": 0.350339710712}, "spectral_spread": {"dmean": 509126.6875, "dmean2": 746685.375, "dvar": 745065676800, "dvar2": 1580202196990.0, "max": 42020092, "mean": 4399588, "median": 3869601, "min": 860780.3125,