{"lowlevel": {"average_loudness": 0.751914918423, "barkbands": {"dmean": [5.29663666384e-05, 0.00519232545048, 0.00895143672824, 0.00319428276271, 0.0010794675909, 0.000673193426337, 0.00037842663005, 0.000386726664146, 0.000578019709792, 0.000555892358534, 0.000272770033916, 0.000366494059563, 0.000406072475016, 0.000241795831244, 0.000179963361006, 0.000160801646416, 0.000145774989505, 0.000152663284098, 0.000139665615279, 0.00013942278747, 0.00011690093379, 0.000102342790342, 6.29298010608e-05, 3.38700119755e-05, 1.48602530317e-05, 1.96945438802e-06, 7.7483178984e-08], "dmean2": [7.66200901126e-05, 0.00863330811262, 0.0147960335016, 0.00565165607259, 0.0018056165427, 0.00107777619269, 0.00060101802228, 0.00058661546791, 0.000888108275831, 0.000850537559018, 0.000433806388173, 0.000583595596254, 0.000633072748315, 0.000374386261683, 0.000287699542241, 0.000265623239102, 0.000240629742621, 0.000252103112871, 0.000223697774345, 0.000222413698793, 0.000182676201803, 0.000156368259923, 9.90421976894e-05, 5.15417050337e-05, 2.27727687161e-05, 2.90512934953e-06, 1.24814405922e-07], "dvar": [2.81594587648e-08, 0.000215731823118, 0.000435797439422, 6.40589278191e-05, 6.20397304374e-06, 2.14455758396e-06, 9.51170306962e-07, 8.67879236921e-07, 3.39823805007e-06, 3.49033621205e-06, 6.21329945716e-07, 1.3517383195e-06, 1.56916416927e-06, 4.98580561725e-07, 2.14699483081e-07, 1.32038792344e-07, 1.55329303198e-07, 1.49351208734e-07, 9.72999316673e-08, 8.72089813697e-08, 7.74539756776e-08, 5.59294832669e-08, 3.27605107486e-08, 8.97965080071e-09, 2.17085438514e-09, 4.64161868663e-11, 6.37470707731e-13], "dvar2": [6.35836272522e-08, 0.00050358515, 0.00107440631837, 0.000173581604031, 1.64290486282e-05, 5.2693840189e-06, 2.4510370622e-06, 2.02523756343e-06, 7.481681223e-06, 7.81262497185e-06, 1.56870692081e-06, 3.38363065566e-06, 3.89212664231e-06, 1.08359915885e-06, 5.62968239137e-07, 3.4118264125e-07, 4.19680873165e-07, 3.90472024492e-07, 2.41171022708e-07, 2.14509384477e-07, 1.88131664913e-07, 1.32889752535e-07, 8.33826589997e-08, 2.12103685726e-08, 5.13990405793e-09, 1.04598656125e-10, 1.81961368716e-12], "max": [0.00149021495599, 0.164760157466, 0.345068693161, 0.116555698216, 0.0410776101053, 0.0297494903207, 0.027648165822, 0.0294684637338, 0.0729264616966, 0.0763495564461, 0.0216174591333, 0.0304326917976, 0.0390052013099, 0.0247653778642, 0.0200418643653, 0.00981242116541, 0.00817476399243, 0.0115041453391, 0.00643379380926, 0.00611401349306, 0.00883319787681, 0.00673228176311, 0.00496627762914, 0.00242314347997, 0.0016804659972, 0.00023467830033, 5.27437623532e-05], "mean": [6.4998101152e-05, 0.00585536845028, 0.00853441283107, 0.00298488046974, 0.00156895699911, 0.000950619461946, 0.000545111310203, 0.000600685889367, 0.000911029055715, 0.000871417054441, 0.000390178523958, 0.000515943625942, 0.00057922891574, 0.000346178247128, 0.000249657488894, 0.00022193575569, 0.000207551565836, 0.000229248937103, 0.000239137210883, 0.000232848731684, 0.000185502474778, 0.000172185260453, 9.16113422136e-05, 4.92241742904e-05, 2.19769171963e-05, 2.81388906842e-06, 7.89044918292e-08], "median": [2.13073544728e-05, 0.000508012424689, 0.00127815757878, 0.000404821650591, 0.000530877732672, 0.000379027740564, 0.000179206544999, 0.000202080700547, 0.000197454239242, 0.000138056479045, 8.54734826135e-05, 9.51442489168e-05, 0.000128389976453, 6.37761040707e-05, 7.45099387132e-05, 6.62577076582e-05, 5.17815205967e-05, 5.56778359169e-05, 6.01105057285e-05, 7.19278177712e-05, 5.42966954526e-05, 4.41938791482e-05, 1.62110409292e-05, 7.1914810178e-06, 2.70505870503e-06, 2.88236208235e-07, 9.06878927509e-09], "min": [4.6590263113e-25, 1.7388423116e-24, 6.67683340621e-25, 6.21626386922e-25, 5.97377384481e-24, 1.30340710579e-23, 5.31649296643e-24, 7.89523469495e-24, 7.05318247661e-24, 1.64052239602e-23, 1.95676032461e-23, 2.52481559148e-23, 2.22571203729e-23, 3.86013685405e-23, 3.4381947196e-23, 5.85302101278e-23, 6.36848039874e-23, 8.42225199758e-23, 8.26431762673e-23, 1.95429358812e-22, 2.28128552101e-22, 3.54468399983e-22, 4.38594142503e-22, 5.95393033273e-22, 8.50151535294e-22, 1.34480968154e-21, 1.92266299212e-21], "var": [3.02880174274e-08, 0.000271502329269, 0.000443008175353, 5.23891285411e-05, 7.48177399146e-06, 2.86719523501e-06, 1.20361721656e-06, 1.56067301305e-06, 6.87541751176e-06, 8.49070420372e-06, 1.01986893242e-06, 2.36929486164e-06, 2.39445625994e-06, 1.05818958218e-06, 2.5586913921e-07, 1.92774791685e-07, 2.03627777751e-07, 2.37550736415e-07, 2.19156888193e-07, 1.83919155461e-07, 1.43170453271e-07, 1.09259786996e-07, 4.94821392749e-08, 1.62322564279e-08, 3.65053809404e-09, 6.72693081794e-11, 3.881719978e-13]}, "barkbands_crest": {"dmean": 3.40725398064, "dmean2": 5.30975341797, "dvar": 10.2490882874, "dvar2": 22.7141590118, "max": 26.1616573334, "mean": 11.1272172928, "median": 10.0666923523, "min": 2.44182610512, "var": 25.109331131}, "barkbands_flatness_db": {"dmean": 0.0355737954378, "dmean2": 0.0543511249125, "dvar": 0.0016066506505, "dvar2": 0.00348922517151, "max": 0.566497921944, "mean": 0.168826699257, "median": 0.149002164602, "min": 0.0343766286969, "var": 0.00589815806597}, "barkbands_kurtosis": {"dmean": 7.87371826172, "dmean2": 12.7045106888, "dvar": 735.344665527, "dvar2": 1766.27832031, "max": 1140.53491211, "mean": 9.19097042084, "median": 1.79726171494, "min": -1.89137339592, "var": 876.643005371}, "barkbands_skewness": {"dmean": 0.897785425186, "dmean2": 1.3687530756, "dvar": 1.38102555275, "dvar2": 2.90574932098, "max": 23.7326717377, "mean": 1.82879376411, "median": 1.36052334309, "min": -4.77509498596, "var": 3.70324254036}, "barkbands_spread": {"dmean": 7.0042591095, "dmean2": 11.1261367798, "dvar": 66.1992797852, "dvar2": 158.234008789, "max": 96.5539093018, "mean": 19.7086353302, "median": 18.0426750183, "min": 0.0572860240936, "var": 173.517776489}, "dissonance": {"dmean": 0.0191469192505, "dmean2": 0.0314405150712, "dvar": 0.000459222093923, "dvar2": 0.00117067364044, "max": 0.500000119209, "mean": 0.463432878256, "median": 0.472651332617, "min": 0.0505955591798, "var": 0.00102418567985}, "dynamic_complexity": 4.29037714005, "erbbands": {"dmean": [0.115165948868, 1.45385694504, 8.18660926819, 12.3365678787, 5.5914516449, 3.11053466797, 4.45525741577, 5.68703651428, 6.06669664383, 5.10970687866, 9.2420425415, 14.8871335983, 16.7273025513, 12.3815422058, 11.765083313, 16.9439315796, 19.0548419952, 12.6932077408, 11.6895809174, 7.71528530121, 7.61164045334, 8.30091285706, 7.75049257278, 7.45326948166, 7.11179113388, 6.40889024734, 4.90507268906, 4.49141550064, 3.8703148365, 2.59814453125, 1.68334579468, 0.9304895401, 0.473102003336, 0.236580610275, 0.0704910680652, 0.0155877452344, 0.00240390794352, 0.000241126312176, 2.08500732697e-05, 1.95995708054e-05], "dmean2": [0.153252840042, 2.44224596024, 13.4823284149, 21.0181617737, 9.65880775452, 5.10593795776, 7.35620737076, 9.08287334442, 9.58654403687, 7.70060682297, 14.0963439941, 22.5047206879, 25.5305747986, 18.6552772522, 18.2819576263, 27.0213603973, 29.4439353943, 19.4975528717, 17.862033844, 12.7100515366, 12.687166214, 13.5629806519, 12.686923027, 12.1533279419, 11.1957492828, 10.2038230896, 7.73085641861, 6.94554567337, 5.9129781723, 4.0415968895, 2.63699007034, 1.42348718643, 0.724128901958, 0.365513086319, 0.106658525765, 0.0229881834239, 0.00355738657527, 0.000360351521522, 3.08623748424e-05, 2.99546773022e-05], "dvar": [0.122507244349, 15.1650829315, 344.207061768, 926.927978516, 193.726760864, 47.7657814026, 104.576431274, 158.89302063, 274.88067627, 189.710617065, 533.775024414, 2555.80957031, 3476.68188477, 1438.94458008, 1104.24133301, 2764.02392578, 3762.44775391, 1450.09484863, 906.107055664, 326.921722412, 371.304016113, 532.119873047, 392.724609375, 351.412200928, 253.786972046, 184.898071289, 140.548797607, 120.299819946, 84.5126419067, 43.5414581299, 24.7725982666, 7.01875495911, 1.84885823727, 0.542264938354, 0.0627846941352, 0.00313923414797, 6.02516665822e-05, 7.73832141476e-07, 1.15749108076e-08, 1.30558552858e-09], "dvar2": [0.235928237438, 38.3441467285, 860.180297852, 2392.44580078, 529.091674805, 123.128692627, 274.657043457, 391.032501221, 701.921569824, 449.728118896, 1255.76904297, 5596.25488281, 7989.42822266, 3102.1418457, 2740.85620117, 6855.37255859, 9385.77636719, 3116.36206055, 2193.56787109, 861.511230469, 992.786804199, 1437.4642334, 1011.72845459, 909.850830078, 609.213439941, 461.799224854, 338.601226807, 296.72064209, 200.972335815, 108.8802948, 63.4510192871, 16.75365448, 4.4344420433, 1.26541829109, 0.15536801517, 0.00709990458563, 0.000143429613672, 1.91991034626e-06, 3.09240668628e-08, 2.94592439332e-09], "max": [4.32636404037, 39.0296974182, 265.415985107, 573.711914062, 204.776947021, 131.005599976, 257.432739258, 331.160339355, 526.824951172, 420.634338379, 656.704284668, 2246.32543945, 2610.09765625, 1551.95483398, 961.252380371, 1478.53198242, 1991.01184082, 1430.9831543, 1539.08557129, 386.720031738, 537.220092773, 506.182312012, 602.656982422, 538.369506836, 410.422912598, 340.521392822, 352.901733398, 337.285797119, 280.358306885, 221.697525024, 146.314147949, 64.5047912598, 32.2731742859, 23.7214260101, 8.07808017731, 2.04322218895, 0.280434757471, 0.0264768321067, 0.00641241297126, 0.000794558902271], "mean": [0.120790101588, 1.5771239996, 8.04974079132, 12.0266981125, 6.4249124527, 4.810297966, 6.22293663025, 8.2572259903, 8.7781085968, 8.63138103485, 13.9063434601, 23.8106765747, 27.4259147644, 19.3079051971, 18.8342132568, 24.8489456177, 28.0813369751, 19.9140987396, 17.1590061188, 11.0894861221, 10.7899665833, 12.2658901215, 12.0489406586, 11.6704349518, 13.1376848221, 10.7919721603, 7.83679056168, 7.28259563446, 6.57879018784, 4.11876249313, 2.37693619728, 1.32506406307, 0.677114844322, 0.341638416052, 0.104403756559, 0.0232446268201, 0.00336536741816, 0.000293838354992, 3.09876995743e-05, 3.1985608075e-05], "median": [0.0068704681471, 0.173834532499, 1.37180781364, 1.73283076286, 1.5127415657, 1.62727999687, 2.73394799232, 2.86108064651, 2.76580047607, 3.41380786896, 4.75859165192, 5.90491008759, 4.63340091705, 4.44391536713, 5.44731473923, 6.12590789795, 6.64409923553, 4.69424819946, 5.45276069641, 3.57482671738, 3.41470241547, 3.12397742271, 3.17585229874, 2.74329662323, 3.7368388176, 3.42090940475, 2.01245546341, 2.12759542465, 1.77320027351, 0.903914749622, 0.409049898386, 0.202993154526, 0.0923405587673, 0.0415155664086, 0.0117822308093, 0.00247242860496, 0.00036292738514, 3.28582063958e-05, 1.10246382974e-05, 1.46828897414e-05], "min": [3.33741111252e-23, 6.93690857593e-22, 1.2073390694e-21, 3.54258999695e-21, 1.15866540744e-20, 3.10196736363e-20, 2.40824749616e-20, 9.347955824e-20, 1.23013389314e-19, 1.26324942273e-19, 2.04685067094e-19, 3.40487082269e-19, 4.45581154575e-19, 7.98333877762e-19, 1.10460985557e-18, 1.14188830084e-18, 1.41630650303e-18, 1.93771318471e-18, 2.25876162598e-18, 2.38639373334e-18, 3.85770402479e-18, 3.76931398607e-18, 4.72953336527e-18, 4.02252720647e-18, 6.2023718729e-18, 8.60186690637e-18, 9.53231936404e-18, 1.04847988142e-17, 1.14521683426e-17, 1.22116979888e-17, 1.19051101122e-17, 1.06840566976e-17, 9.98407578378e-18, 8.01659030088e-18, 6.51163940109e-18, 4.32048758928e-18, 2.5977532691e-18, 9.10644894118e-19, 2.38300058677e-19, 2.66744841851e-20], "var": [0.161991387606, 17.1134090424, 352.501831055, 830.871887207, 184.379043579, 68.9525146484, 114.962677002, 243.399612427, 335.124664307, 315.849151611, 867.27557373, 5153.15185547, 8062.23193359, 3972.27709961, 2011.08618164, 4854.19091797, 5725.45068359, 3086.15869141, 1348.04516602, 443.367980957, 456.925231934, 714.980529785, 623.18963623, 602.010986328, 638.800720215, 385.493164062, 275.253723145, 209.353057861, 160.983734131, 76.0992355347, 35.1264305115, 12.1451339722, 3.08227372169, 0.900613129139, 0.0925049036741, 0.00477557489648, 8.2359292719e-05, 8.15430610146e-07, 9.32074151194e-09, 2.03385464026e-09]}, "erbbands_crest": {"dmean": 3.08783435822, "dmean2": 4.95611953735, "dvar": 9.32419490814, "dvar2": 22.3544254303, "max": 32.6053962708, "mean": 9.72139453888, "median": 8.44840908051, "min": 2.25374293327, "var": 25.6921443939}, "erbbands_flatness_db": {"dmean": 0.0216703396291, "dmean2": 0.0308614540845, "dvar": 0.000543630856555, "dvar2": 0.00103642477188, "max": 0.436103880405, "mean": 0.188171952963, "median": 0.184188008308, "min": 0.0332491248846, "var": 0.00247385445982}, "erbbands_kurtosis": {"dmean": 1.31814885139, "dmean2": 2.06433725357, "dvar": 6.93684053421, "dvar2": 16.2054443359, "max": 81.2883377075, "mean": 0.858941912651, "median": -0.146750107408, "min": -1.89429795742, "var": 14.0552167892}, "erbbands_skewness": {"dmean": 0.460294395685, "dmean2": 0.707473576069, "dvar": 0.256427079439, "dvar2": 0.606043100357, "max": 7.47699451447, "mean": 0.376354157925, "median": 0.270554572344, "min": -3.60557508469, "var": 0.84261405468}, "erbbands_spread": {"dmean": 10.6704854965, "dmean2": 16.2036933899, "dvar": 144.273223877, "dvar2": 331.356018066, "max": 171.804977417, "mean": 38.5790672302, "median": 34.6176834106, "min": 2.13218021393, "var": 444.174835205}, "gfcc": {"cov": [[18624.0546875, -742.496826172, -1430.35449219, 1346.73815918, -1125.21142578, 848.867736816, -501.30682373, 201.480270386, -623.188049316, 12.960893631, -385.632232666, -120.643699646, -286.239593506], [-742.496826172, 1877.08618164, 237.593963623, -99.2330780029, 573.304443359, -369.142913818, 296.732421875, -210.256515503, 206.224914551, -205.860275269, 166.616394043, -137.998153687, 89.2250366211], [-1430.35449219, 237.593963623, 1391.74353027, 310.539703369, 222.451599121, 134.715286255, 77.9523391724, -2.91433978081, 53.0119667053, -53.6410369873, -65.8862915039, -66.884727478, -24.2572898865], [1346.73815918, -99.2330780029, 310.539703369, 678.623596191, 96.0268173218, 100.952125549, 8.43075084686, -22.6239471436, -11.118560791, -79.7756500244, -78.1510925293, -77.5362243652, -56.1712188721], [-1125.21142578, 573.304443359, 222.451599121, 96.0268173218, 633.318847656, -49.6204490662, 165.027526855, -45.907535553, 90.7967224121, -81.0444641113, 43.1484947205, -65.4350738525, 1.91316974163], [848.867736816, -369.142913818, 134.715286255, 100.952125549, -49.6204490662, 373.016357422, 35.3949279785, 93.9330444336, -54.1434822083, 44.5870094299, -60.0211715698, -2.18896389008, -45.518913269], [-501.30682373, 296.732421875, 77.9523391724, 8.43075084686, 165.027526855, 35.3949279785, 300.660858154, 32.2525672913, 71.4893798828, -19.9430599213, 48.3499794006, -28.0558166504, 21.0302886963], [201.480270386, -210.256515503, -2.91433978081, -22.6239471436, -45.907535553, 93.9330444336, 32.2525672913, 177.224945068, 27.5012683868, 65.6308670044, -4.60304021835, 28.5464172363, -12.3168144226], [-623.188049316, 206.224914551, 53.0119667053, -11.118560791, 90.7967224121, -54.1434822083, 71.4893798828, 27.5012683868, 193.240707397, 25.062789917, 64.9827880859, -10.8085708618, 30.3648471832], [12.960893631, -205.860275269, -53.6410369873, -79.7756500244, -81.0444641113, 44.5870094299, -19.9430599213, 65.6308670044, 25.062789917, 155.219894409, 25.5925960541, 42.2735671997, 7.30462646484], [-385.632232666, 166.616394043, -65.8862915039, -78.1510925293, 43.1484947205, -60.0211715698, 48.3499794006, -4.60304021835, 64.9827880859, 25.5925960541, 152.357421875, 46.8746566772, 40.4467773438], [-120.643699646, -137.998153687, -66.884727478, -77.5362243652, -65.4350738525, -2.18896389008, -28.0558166504, 28.5464172363, -10.8085708618, 42.2735671997, 46.8746566772, 119.550476074, 37.1719932556], [-286.239593506, 89.2250366211, -24.2572898865, -56.1712188721, 1.91316974163, -45.518913269, 21.0302886963, -12.3168144226, 30.3648471832, 7.30462646484, 40.4467773438, 37.1719932556, 108.173728943]], "icov": [[0.000212127735722, -0.000531934609171, 0.000395362265408, -0.000677393050864, 0.000467520818347, -0.000657323864289, 0.000465542456368, -0.000498409732245, 0.000546406081412, -0.000332243304001, 0.000206996992347, -0.000101052493847, 0.000131238688482], [-0.000531934609171, 0.00289769656956, -0.00122552423272, 0.00214776955545, -0.00180951191578, 0.00252654892392, -0.0019862819463, 0.00206570420414, -0.00185219512787, 0.0019183899276, -0.00155801651999, 0.00163481954951, -0.000829540600535], [0.000395362265408, -0.00122552423272, 0.00165633845609, -0.00161429552827, 0.000724370416719, -0.00167364336085, 0.000959324184805, -0.000923317857087, 0.000724267330952, -0.000701223441865, 0.00091498560505, -0.000443127937615, 0.000235688246903], [-0.000677393050864, 0.00214776955545, -0.00161429552827, 0.0042043752037, -0.00178750837222, 0.00184681569226, -0.0015351746697, 0.00199619308114, -0.00214408780448, 0.00213666399941, -0.000590728304815, 0.00115995458327, -0.00012845749734], [0.000467520818347, -0.00180951191578, 0.000724370416719, -0.00178750837222, 0.00351546658203, -0.00161465152632, 0.000439398485469, -0.00106055370998, 0.000825106515549, -0.000459835602669, 0.000356472388376, -0.000262820685748, 0.000772566418163], [-0.000657323864289, 0.00252654892392, -0.00167364336085, 0.00184681569226, -0.00161465152632, 0.00657371804118, -0.00282871513627, 0.000331873365212, -0.000532676116563, 0.000435065856436, -0.000407378334785, 0.000936711614486, 9.34105191845e-05], [0.000465542456368, -0.0019862819463, 0.000959324184805, -0.0015351746697, 0.000439398485469, -0.00282871513627, 0.0062566222623, -0.00276326411404, 0.000726602622308, -0.000274075166089, -0.000626629858743, 0.000632682873402, -0.000609456910752], [-0.000498409732245, 0.00206570420414, -0.000923317857087, 0.00199619308114, -0.00106055370998, 0.000331873365212, -0.00276326411404, 0.0102165872231, -0.00362054700963, -0.000980615383014, 0.000630488211755, -0.00155624805484, 0.00104725861456], [0.000546406081412, -0.00185219512787, 0.000724267330952, -0.00214408780448, 0.000825106515549, -0.000532676116563, 0.000726602622308, -0.00362054700963, 0.00967476889491, -0.00284416228533, -0.00210414896719, 0.00197932263836, -0.00118668703362], [-0.000332243304001, 0.0019183899276, -0.000701223441865, 0.00213666399941, -0.000459835602669, 0.000435065856436, -0.000274075166089, -0.000980615383014, -0.00284416228533, 0.0108053563163, -0.00219511287287, -0.000299143517623, -0.000384128361475], [0.000206996992347, -0.00155801651999, 0.00091498560505, -0.000590728304815, 0.000356472388376, -0.000407378334785, -0.000626629858743, 0.000630488211755, -0.00210414896719, -0.00219511287287, 0.0118390861899, -0.00562426028773, -7.99563622422e-06], [-0.000101052493847, 0.00163481954951, -0.000443127937615, 0.00115995458327, -0.000262820685748, 0.000936711614486, 0.000632682873402, -0.00155624805484, 0.00197932263836, -0.000299143517623, -0.00562426028773, 0.0149643495679, -0.00458896905184], [0.000131238688482, -0.000829540600535, 0.000235688246903, -0.00012845749734, 0.000772566418163, 9.34105191845e-05, -0.000609456910752, 0.00104725861456, -0.00118668703362, -0.000384128361475, -7.99563622422e-06, -0.00458896905184, 0.0124643649906]], "mean": [-72.5226364136, 113.67111969, -134.179199219, 43.3005256653, -62.5260124207, 12.9984970093, -25.8665714264, -2.1795296669, -18.955745697, -4.87943220139, -11.301858902, -10.5317220688, -9.58036231995]}, "hfc": {"dmean": 6.00229597092, "dmean2": 8.38123035431, "dvar": 120.532592773, "dvar2": 258.341461182, "max": 240.439117432, "mean": 13.9065523148, "median": 7.6418132782, "min": 1.09895742025e-16, "var": 314.600250244}, "melbands": {"dmean": [0.00113816931844, 0.00348118250258, 0.00191342330072, 0.000282652472379, 0.000145223981235, 0.000127849751152, 8.727342356e-05, 5.9439913457e-05, 7.45466750232e-05, 9.5875650004e-05, 8.39386411826e-05, 5.31350888195e-05, 3.77376418328e-05, 4.48798455182e-05, 4.22216107836e-05, 3.95005190512e-05, 2.38414922933e-05, 2.10108846659e-05, 1.01884043033e-05, 1.25216320157e-05, 8.66299888003e-06, 9.18107252801e-06, 7.82151437306e-06, 6.94007849233e-06, 6.27303506917e-06, 5.96120980845e-06, 5.28894088347e-06, 4.35871743321e-06, 3.28326609633e-06, 3.05023627334e-06, 2.62916228166e-06, 2.43226168095e-06, 1.84473412901e-06, 1.38367795444e-06, 1.05101480585e-06, 7.46693842757e-07, 5.2892784197e-07, 3.49154390733e-07, 2.72008804814e-07, 1.84221661925e-07], "dmean2": [0.00178377947304, 0.00572152901441, 0.00323321763426, 0.000478247937281, 0.000238445834839, 0.000203975054319, 0.000137767681736, 8.93076212378e-05, 0.000114905640658, 0.000144955774886, 0.000128491621581, 7.99965273472e-05, 5.93819386268e-05, 7.05839775037e-05, 6.83839680278e-05, 6.12666844972e-05, 3.66948661394e-05, 3.24058964907e-05, 1.64364191733e-05, 2.05706855922e-05, 1.45942403833e-05, 1.51887279571e-05, 1.27836328829e-05, 1.15724615171e-05, 1.03281618067e-05, 9.61866862781e-06, 8.45369595481e-06, 7.04283866071e-06, 5.21156971445e-06, 4.87226134283e-06, 4.12261260863e-06, 3.78644426746e-06, 2.87867624138e-06, 2.19428898163e-06, 1.66806330526e-06, 1.18307241337e-06, 8.15299074475e-07, 5.38583549314e-07, 4.23433021979e-07, 2.88188260811e-07], "dvar": [1.18599145935e-05, 5.81445019634e-05, 2.09530608117e-05, 4.50873557156e-07, 1.03516576644e-07, 8.22955286139e-08, 5.43003402242e-08, 2.29611156755e-08, 3.49853692683e-08, 1.11288855464e-07, 9.03893422333e-08, 3.06483372015e-08, 1.24052119688e-08, 1.828825269e-08, 1.42921416924e-08, 1.71637299928e-08, 6.27648022444e-09, 3.13022852083e-09, 7.01218971777e-10, 7.79255715511e-10, 5.62907664925e-10, 7.56061435681e-10, 3.35213024005e-10, 3.57998852785e-10, 2.54368720531e-10, 1.84260454117e-10, 1.4061500575e-10, 9.21640749829e-11, 6.29656535245e-11, 5.56798461504e-11, 4.23890297863e-11, 3.52763963873e-11, 1.85618916071e-11, 1.42583523113e-11, 9.60674421957e-12, 5.15475552867e-12, 2.30786115045e-12, 1.0093209905e-12, 7.61860626669e-13, 3.83688767607e-13], "dvar2": [2.36730211327e-05, 0.000146735008457, 5.36586667295e-05, 1.20632103062e-06, 2.70967660754e-07, 2.01887161211e-07, 1.37744777362e-07, 5.23010186271e-08, 8.25173174235e-08, 2.42392047767e-07, 2.07182054623e-07, 6.65172805725e-08, 3.1231227382e-08, 4.4491571316e-08, 3.66487888925e-08, 4.29694893e-08, 1.32470061587e-08, 7.52390505454e-09, 1.84221904398e-09, 1.9328705303e-09, 1.52330714709e-09, 2.10693240632e-09, 8.54321891008e-10, 9.53659373693e-10, 6.64840016373e-10, 4.67694161177e-10, 3.3915151243e-10, 2.39789077483e-10, 1.54657148199e-10, 1.37919065057e-10, 1.0624951613e-10, 8.51945528013e-11, 4.48955664312e-11, 3.6528929187e-11, 2.48315552148e-11, 1.29448517877e-11, 5.46910346871e-12, 2.43924281815e-12, 1.88552320458e-12, 8.84225364369e-13], "max": [0.0448615849018, 0.0974092036486, 0.0819346085191, 0.00970738381147, 0.00740154040977, 0.00749030523002, 0.00720592681319, 0.00480040721595, 0.00467454874888, 0.0146845439449, 0.0134569853544, 0.00714187929407, 0.0034650680609, 0.00398982688785, 0.00346556026489, 0.00471988320351, 0.00319975311868, 0.00285931397229, 0.0007310390356, 0.00102154666092, 0.000685384206008, 0.000643751700409, 0.000528031261638, 0.000534533406608, 0.000453768385341, 0.000370988505892, 0.000223208757234, 0.000256336934399, 0.000214967862121, 0.000206338125281, 0.000189870377653, 0.000164799086633, 0.000135391645017, 0.00012663580128, 9.02677638805e-05, 7.53330386942e-05, 4.90603415528e-05, 2.06021759368e-05, 2.36925807258e-05, 2.85255719064e-05], "mean": [0.0013688209001, 0.0035943351686, 0.00193747214507, 0.000379089295166, 0.000216833577724, 0.000182888892596, 0.000126765473397, 9.94606598397e-05, 0.000108266969619, 0.000153234752361, 0.000134273272124, 7.92973078205e-05, 5.60445078008e-05, 6.61444792058e-05, 5.73868928768e-05, 5.57744315302e-05, 3.47470013367e-05, 2.89699310088e-05, 1.39825042424e-05, 1.69107952388e-05, 1.14659815154e-05, 1.2708012946e-05, 1.18770512927e-05, 1.000580869e-05, 9.10547169042e-06, 1.00916213341e-05, 8.79408889887e-06, 6.77090338286e-06, 4.88121349917e-06, 4.51875575891e-06, 4.13002408095e-06, 3.92600259147e-06, 2.93004063678e-06, 2.04961702366e-06, 1.43879708503e-06, 1.00518661839e-06, 7.32739351861e-07, 4.78771141843e-07, 3.81402855965e-07, 2.5690479788e-07], "median": [0.000104602258943, 0.00060741067864, 0.000317410158459, 0.000106321298517, 9.93121720967e-05, 6.55988478684e-05, 3.99621712859e-05, 3.91169742215e-05, 3.49366673618e-05, 3.1927935197e-05, 2.02608662221e-05, 1.39777530421e-05, 1.28434621729e-05, 1.53803848661e-05, 1.45563326441e-05, 1.18825446407e-05, 5.89499177295e-06, 8.08688855614e-06, 3.71795113097e-06, 4.44568831881e-06, 3.33325260726e-06, 2.87813804789e-06, 3.0249534575e-06, 2.36259802477e-06, 1.83253564501e-06, 2.57350620814e-06, 2.17683941628e-06, 1.96919290829e-06, 1.08176391223e-06, 1.19099979656e-06, 1.09514780888e-06, 1.02255557977e-06, 6.56778638586e-07, 3.90206423617e-07, 2.30804971579e-07, 1.44834515936e-07, 1.01707399836e-07, 6.05362089345e-08, 4.27808757308e-08, 2.80124652363e-08], "min": [5.02230316765e-25, 6.93625573831e-25, 1.18582991222e-24, 1.71925233152e-24, 8.38792250647e-25, 2.18857013873e-24, 1.86685668715e-24, 1.68900602391e-24, 1.60212443368e-24, 1.53176612676e-24, 1.85465537552e-24, 2.58347982434e-24, 3.99368919092e-24, 3.32508894741e-24, 3.31040903483e-24, 3.84171513753e-24, 2.71054618629e-24, 3.47387876376e-24, 3.02649148694e-24, 3.8603219997e-24, 4.07819749312e-24, 3.72817004871e-24, 3.24258770458e-24, 3.33659961131e-24, 2.86759951784e-24, 4.14638426318e-24, 4.73498415014e-24, 5.08335064791e-24, 5.03251132359e-24, 4.75666678098e-24, 4.55804225467e-24, 5.54929528589e-24, 5.4720287268e-24, 6.28712911789e-24, 6.82001964772e-24, 6.14232186582e-24, 6.27093735338e-24, 6.41417319452e-24, 6.2433493098e-24, 6.48363436938e-24], "var": [1.66454010468e-05, 6.20367354713e-05, 1.94777258002e-05, 5.0846006161e-07, 1.21962173694e-07, 1.17488134777e-07, 6.81012224391e-08, 4.18071728348e-08, 5.41157483269e-08, 2.26339707865e-07, 2.07400830732e-07, 8.44078513751e-08, 2.10843058568e-08, 3.406283966e-08, 2.07511625661e-08, 2.51592329192e-08, 1.34907329752e-08, 4.61631444182e-09, 8.62526328138e-10, 1.32206656733e-09, 6.47150055766e-10, 9.17395437394e-10, 5.31673038928e-10, 5.17806408862e-10, 4.03515720837e-10, 4.07761852061e-10, 3.03347180708e-10, 1.67475214252e-10, 1.17191881199e-10, 9.30980223468e-11, 6.946553055e-11, 6.24263002402e-11, 3.41401455717e-11, 2.28044701178e-11, 1.33246625539e-11, 7.27693599822e-12, 4.03945019795e-12, 1.61333023763e-12, 1.10843864469e-12, 6.02176132309e-13]}, "melbands_crest": {"dmean": 4.05056762695, "dmean2": 6.39677000046, "dvar": 13.3140277863, "dvar2": 31.3003864288, "max": 36.3644676208, "mean": 16.0395469666, "median": 15.5110378265, "min": 1.6241106987, "var": 37.8521499634}, "melbands_flatness_db": {"dmean": 0.0450777858496, "dmean2": 0.0677262470126, "dvar": 0.0025030572433, "dvar2": 0.00535060279071, "max": 0.69818675518, "mean": 0.227523475885, "median": 0.20559489727, "min": 0.00368700176477, "var": 0.0104139111936}, "melbands_kurtosis": {"dmean": 15.5959711075, "dmean2": 25.2966480255, "dvar": 1086.52197266, "dvar2": 2590.50805664, "max": 567.137329102, "mean": 21.7081203461, "median": 7.41120529175, "min": -1.89007711411, "var": 1706.64562988}, "melbands_skewness": {"dmean": 1.17342615128, "dmean2": 1.80182480812, "dvar": 2.04840087891, "dvar2": 4.54300403595, "max": 17.3937397003, "mean": 2.98807215691, "median": 2.37611722946, "min": -2.60157012939, "var": 5.57876443863}, "melbands_spread": {"dmean": 9.15301609039, "dmean2": 14.4610929489, "dvar": 159.100219727, "dvar2": 353.049835205, "max": 238.434265137, "mean": 22.5139274597, "median": 18.8272209167, "min": 0.236312776804, "var": 425.421112061}, "mfcc": {"cov": [[11859.7373047, -1324.56860352, -476.937774658, 284.474975586, -308.339294434, 350.052398682, 9.21196269989, 149.65335083, -90.8089904785, -71.9867553711, 7.87273454666, -118.549453735, -158.16595459], [-1324.56860352, 1960.80688477, -60.6301879883, 203.844268799, 203.1378479, -41.4993896484, 106.640151978, 12.2459783554, 16.8956108093, 24.2095851898, -23.1617202759, 50.3018913269, 16.1144256592], [-476.937774658, -60.6301879883, 1074.96484375, 165.518844604, 138.374526978, 141.795578003, 34.5797615051, 50.9042129517, 72.7532958984, 42.4345359802, 25.2302360535, -47.0430145264, -1.87784600258], [284.474975586, 203.844268799, 165.518844604, 593.565795898, 186.940872192, 133.740997314, 38.563243866, 58.3185005188, 31.0979175568, 30.1484375, -36.958190918, -2.92285990715, -26.3694343567], [-308.339294434, 203.1378479, 138.374526978, 186.940872192, 389.953704834, 96.7525482178, 55.5607795715, 37.4709014893, 28.188533783, 39.6697235107, -15.1595678329, 0.0753209367394, -7.23878145218], [350.052398682, -41.4993896484, 141.795578003, 133.740997314, 96.7525482178, 249.466079712, 99.2679672241, 68.0329284668, 48.9833984375, 28.663766861, 23.5047531128, -20.4675197601, -22.1927757263], [9.21196269989, 106.640151978, 34.5797615051, 38.563243866, 55.5607795715, 99.2679672241, 206.29989624, 82.453742981, 44.5415458679, 14.0792818069, 40.2748146057, -6.44419956207, -3.9514644146], [149.65335083, 12.2459783554, 50.9042129517, 58.3185005188, 37.4709014893, 68.0329284668, 82.453742981, 156.796829224, 45.3549957275, 27.6093463898, 26.1766471863, 13.615237236, -1.07012426853], [-90.8089904785, 16.8956108093, 72.7532958984, 31.0979175568, 28.188533783, 48.9833984375, 44.5415458679, 45.3549957275, 136.015777588, 59.1004066467, 32.0588188171, -3.44361758232, 5.48711299896], [-71.9867553711, 24.2095851898, 42.4345359802, 30.1484375, 39.6697235107, 28.663766861, 14.0792818069, 27.6093463898, 59.1004066467, 128.207778931, 43.9089927673, 13.0757789612, 7.57273387909], [7.87273454666, -23.1617202759, 25.2302360535, -36.958190918, -15.1595678329, 23.5047531128, 40.2748146057, 26.1766471863, 32.0588188171, 43.9089927673, 130.405654907, 21.2664585114, 17.2742404938], [-118.549453735, 50.3018913269, -47.0430145264, -2.92285990715, 0.0753209367394, -20.4675197601, -6.44419956207, 13.615237236, -3.44361758232, 13.0757789612, 21.2664585114, 116.639511108, 48.0824012756], [-158.16595459, 16.1144256592, -1.87784600258, -26.3694343567, -7.23878145218, -22.1927757263, -3.9514644146, -1.07012426853, 5.48711299896, 7.57273387909, 17.2742404938, 48.0824012756, 99.469329834]], "icov": [[0.000108412314148, 6.35419492028e-05, 7.46029181755e-05, -8.55799589772e-05, 0.000103779042547, -0.000176503555849, 5.47092749912e-05, -0.000111020744953, 0.000103181235318, 2.38071861531e-05, -3.97500443796e-05, 7.27002261556e-05, 7.42208358133e-05], [6.35419492028e-05, 0.000641933933366, 8.75811601873e-05, -0.000253471458564, -0.000207564400625, 0.000323057349306, -0.000473757856525, 0.000121951808978, 9.00726990949e-06, -5.97500293225e-05, 0.000104429862404, -0.000201283270144, 5.41786830581e-05], [7.46029181755e-05, 8.75811601873e-05, 0.00114175048657, -0.000225656214752, -0.000180123519385, -0.000518979912158, 0.000295949081192, -0.000194637163077, -0.000260211323621, 4.87042634632e-05, -0.000265159847913, 0.000592851720285, -0.000282948720269], [-8.55799589772e-05, -0.000253471458564, -0.000225656214752, 0.00240091793239, -0.000734011118766, -0.000863968161866, 0.000362228398444, -0.000393864611397, -8.91197487363e-05, -0.000255794118857, 0.000842636742163, -0.000368585548131, 0.000357407698175], [0.000103779042547, -0.000207564400625, -0.000180123519385, -0.000734011118766, 0.00355758005753, -0.000939508492593, -0.000369863439118, -4.40867443103e-05, 0.000308939663228, -0.000893266289495, 0.000730521860532, -0.000106746279926, 1.04719838419e-05], [-0.000176503555849, 0.000323057349306, -0.000518979912158, -0.000863968161866, -0.000939508492593, 0.00687119038776, -0.00245629111305, -0.000510175770614, -0.000816422107164, -0.000200160342501, -0.000452458509244, 0.000347841298208, 0.000760482973419], [5.47092749912e-05, -0.000473757856525, 0.000295949081192, 0.000362228398444, -0.000369863439118, -0.00245629111305, 0.00795610342175, -0.00303499330766, -0.000884901324753, 0.00133476487827, -0.00185501622036, 0.00101610773709, -0.000248006312177], [-0.000111020744953, 0.000121951808978, -0.000194637163077, -0.000393864611397, -4.40867443103e-05, -0.000510175770614, -0.00303499330766, 0.00924496073276, -0.00160532584414, -0.000540137058124, -8.31799916341e-05, -0.00179686036427, 0.000570186006371], [0.000103181235318, 9.00726990949e-06, -0.000260211323621, -8.91197487363e-05, 0.000308939663228, -0.000816422107164, -0.000884901324753, -0.00160532584414, 0.0105963768438, -0.00408833613619, -0.000513591221534, 0.00120102323126, -0.000842679466587], [2.38071861531e-05, -5.97500293225e-05, 4.87042634632e-05, -0.000255794118857, -0.000893266289495, -0.000200160342501, 0.00133476487827, -0.000540137058124, -0.00408833613619, 0.0111787039787, -0.00313231279142, -0.000711838016286, 0.000180735514732], [-3.97500443796e-05, 0.000104429862404, -0.000265159847913, 0.000842636742163, 0.000730521860532, -0.000452458509244, -0.00185501622036, -8.31799916341e-05, -0.000513591221534, -0.00313231279142, 0.0102713955566, -0.00157590734307, -0.000739314535167], [7.27002261556e-05, -0.000201283270144, 0.000592851720285, -0.000368585548131, -0.000106746279926, 0.000347841298208, 0.00101610773709, -0.00179686036427, 0.00120102323126, -0.000711838016286, -0.00157590734307, 0.011892660521, -0.00533460313454], [7.42208358133e-05, 5.41786830581e-05, -0.000282948720269, 0.000357407698175, 1.04719838419e-05, 0.000760482973419, -0.000248006312177, 0.000570186006371, -0.000842679466587, 0.000180735514732, -0.000739314535167, -0.00533460313454, 0.0131585234776]], "mean": [-698.610778809, 125.403610229, -4.89468383789, 28.6876125336, -6.75425243378, 12.5106163025, 1.39032661915, 3.68977236748, -2.07660841942, 1.39408433437, 0.879578888416, -0.272638052702, -1.98153531551]}, "pitch_salience": {"dmean": 0.0998085439205, "dmean2": 0.159231409431, "dvar": 0.00977978575975, "dvar2": 0.0225155316293, "max": 0.87613171339, "mean": 0.501946032047, "median": 0.519360184669, "min": 0.0455009005964, "var": 0.0226588305086}, "silence_rate_20dB": {"dmean": 0.00117451301776, "dmean2": 0.00234925607219, "dvar": 0.00117313361261, "dvar2": 0.00332259386778, "max": 1, "mean": 0.999314963818, "median": 1, "min": 0, "var": 0.000684596248902}, "silence_rate_30dB": {"dmean": 0.0585299022496, "dmean2": 0.117071263492, "dvar": 0.0551041513681, "dvar2": 0.138800188899, "max": 1, "mean": 0.95292621851, "median": 1, "min": 0, "var": 0.0448578484356}, "silence_rate_60dB": {"dmean": 0.0612704306841, "dmean2": 0.122552856803, "dvar": 0.0575163662434, "dvar2": 0.119671478868, "max": 1, "mean": 0.160892546177, "median": 0, "min": 0, "var": 0.135006129742}, "spectral_centroid": {"dmean": 347.57510376, "dmean2": 544.147399902, "dvar": 165043.359375, "dvar2": 382218.46875, "max": 11864.8408203, "mean": 1371.39440918, "median": 1286.81054688, "min": 82.3659439087, "var": 1098399.875}, "spectral_complexity": {"dmean": 4.04423999786, "dmean2": 5.6934223175, "dvar": 34.0324935913, "dvar2": 57.8874130249, "max": 67, "mean": 15.111371994, "median": 12, "min": 0, "var": 153.4168396}, "spectral_contrast_coeffs": {"dmean": [0.0588038638234, 0.0474211573601, 0.0431369282305, 0.0351047031581, 0.0242779608816, 0.0219639576972], "dmean2": [0.0927579849958, 0.0764853358269, 0.0679925456643, 0.0550336353481, 0.0379222743213, 0.0334540456533], "dvar": [0.00264656404033, 0.00158035918139, 0.00136799109168, 0.000971648027189, 0.000534565246198, 0.000455656350823], "dvar2": [0.00618900265545, 0.00412200577557, 0.00316037447192, 0.0021890939679, 0.00114592956379, 0.00102046283428], "max": [-0.261626034975, -0.351991683245, -0.379972964525, -0.45155030489, -0.557485580444, -0.510246813297], "mean": [-0.62053412199, -0.740306675434, -0.755298852921, -0.774955034256, -0.796350419521, -0.7291187644], "median": [-0.620639801025, -0.746384143829, -0.766071379185, -0.786165356636, -0.804327607155, -0.728919625282], "min": [-0.976050853729, -0.974782526493, -0.976025164127, -0.971171021461, -0.966747939587, -0.964489459991], "var": [0.00881296489388, 0.00592374103144, 0.00735959177837, 0.00516699999571, 0.00287960516289, 0.00317127420567]}, "spectral_contrast_valleys": {"dmean": [0.521062612534, 0.454300135374, 0.428839057684, 0.467513918877, 0.449424743652, 0.49735596776], "dmean2": [0.800934612751, 0.686923325062, 0.627763867378, 0.658789873123, 0.610502779484, 0.624829351902], "dvar": [0.274419158697, 0.237099424005, 0.213176101446, 0.310382634401, 0.334548801184, 0.393374621868], "dvar2": [0.506464540958, 0.456055790186, 0.384509384632, 0.569782137871, 0.631845355034, 0.722447097301], "max": [-5.01388025284, -4.28255367279, -4.9521780014, -5.21695375443, -5.27048969269, -7.79941654205], "mean": [-8.06292438507, -7.41013336182, -7.93414497375, -8.38503932953, -8.18885135651, -11.1626358032], "median": [-7.70819616318, -7.1635723114, -7.69465112686, -8.19787025452, -8.03141689301, -10.8511371613], "min": [-28.1813430786, -27.8836460114, -27.6141242981, -27.7138233185, -27.5706138611, -27.4369411469], "var": [4.03777217865, 3.70263648033, 3.62540984154, 3.759308815, 3.97288751602, 3.84994268417]}, "spectral_decrease": {"dmean": 4.43683934037e-09, "dmean2": 6.93084967196e-09, "dvar": 6.77762478645e-17, "dvar2": 1.55599105378e-16, "max": 1.47769213877e-28, "mean": -6.71963107379e-09, "median": -2.84389978233e-09, "min": -1.30437456392e-07, "var": 9.90275483058e-17}, "spectral_energy": {"dmean": 0.0171713773161, "dmean2": 0.0266637746245, "dvar": 0.000995872425847, "dvar2": 0.00226944242604, "max": 0.505401074886, "mean": 0.0266228113323, "median": 0.0115993507206, "min": 1.01853511478e-20, "var": 0.00149254431017}, "spectral_energyband_high": {"dmean": 0.00034874046105, "dmean2": 0.00052565371152, "dvar": 6.56642100694e-07, "dvar2": 1.56075589075e-06, "max": 0.0204078201205, "mean": 0.000633882242255, "median": 0.000214463405428, "min": 7.08573656367e-21, "var": 1.34469974e-06}, "spectral_energyband_low": {"dmean": 0.0142670264468, "dmean2": 0.0232546925545, "dvar": 0.000864671601448, "dvar2": 0.0020796766039, "max": 0.453965961933, "mean": 0.0165506899357, "median": 0.00325283734128, "min": 1.60894287403e-23, "var": 0.00107650621794}, "spectral_energyband_middle_high": {"dmean": 0.00171535776462, "dmean2": 0.00251057441346, "dvar": 1.12288844321e-05, "dvar2": 2.54467177001e-05, "max": 0.0883482247591, "mean": 0.00375244230963, "median": 0.00159759621602, "min": 1.1359871685e-21, "var": 3.20990257023e-05}, "spectral_energyband_middle_low": {"dmean": 0.00528843561187, "dmean2": 0.00871731340885, "dvar": 0.000113653244625, "dvar2": 0.000294117373414, "max": 0.15317581594, "mean": 0.007926851511, "median": 0.00434704124928, "min": 1.45179133719e-22, "var": 0.00012679300562}, "spectral_entropy": {"dmean": 0.247912749648, "dmean2": 0.371165961027, "dvar": 0.0997385457158, "dvar2": 0.212864115834, "max": 9.81958389282, "mean": 7.39867353439, "median": 7.50616168976, "min": 4.38084173203, "var": 0.398759245872}, "spectral_flux": {"dmean": 0.0423074029386, "dmean2": 0.0678007751703, "dvar": 0.00341851706617, "dvar2": 0.00744437379763, "max": 0.578886330128, "mean": 0.0861952155828, "median": 0.0565483011305, "min": 6.42011860341e-11, "var": 0.00639103585854}, "spectral_kurtosis": {"dmean": 2.58613157272, "dmean2": 4.29853582382, "dvar": 24.5615730286, "dvar2": 59.326915741, "max": 158.604980469, "mean": 4.66028022766, "median": 2.73978948593, "min": -1.23876786232, "var": 43.0791282654}, "spectral_rms": {"dmean": 0.00132224836852, "dmean2": 0.00190895481501, "dvar": 3.52800566361e-06, "dvar2": 6.94386835676e-06, "max": 0.0222052745521, "mean": 0.00415870547295, "median": 0.00336399162188, "min": 3.1522894104e-12, "var": 8.67864491738e-06}, "spectral_rolloff": {"dmean": 601.56817627, "dmean2": 1001.32342529, "dvar": 897128.6875, "dvar2": 2022157.875, "max": 19530.6152344, "mean": 1458.9197998, "median": 1055.12695312, "min": 21.533203125, "var": 3674748.75}, "spectral_skewness": {"dmean": 0.326416820288, "dmean2": 0.51598918438, "dvar": 0.20215550065, "dvar2": 0.449999094009, "max": 10.6098070145, "mean": 1.38434505463, "median": 1.20509386063, "min": -0.181294381618, "var": 0.59776031971},