{"lowlevel": {"average_loudness": 0.862683773041, "barkbands": {"dmean": [0.0123974401504, 0.0145264258608, 0.00456577213481, 0.00157607730944, 0.00323483231477, 0.00159860076383, 0.0010836229194, 0.000679099350236, 0.000562168541364, 0.000292752025416, 0.00014674020349, 0.000103457095975, 7.64846554375e-05, 7.11603934178e-05, 0.000121292068798, 8.19638444227e-05, 4.34031171608e-05, 5.81353851885e-05, 8.55531034176e-05, 6.58651915728e-05, 6.9331661507e-05, 8.44862006488e-05, 7.46936566429e-05, 0.000106812331069, 1.16159844765e-05, 0.000177446272573, 0.000332340365276], "dmean2": [0.0191657524556, 0.0241994615644, 0.00763252843171, 0.00264363386668, 0.00498321652412, 0.00240876665339, 0.00168525543995, 0.0010481022764, 0.000852899858728, 0.000458976079244, 0.000231435842579, 0.000162817013916, 0.000121652214148, 0.000111587600259, 0.00018264404207, 0.000123323232401, 6.36146578472e-05, 8.27329931781e-05, 0.000119167350931, 9.06475906959e-05, 9.87700477708e-05, 0.000124712983961, 0.000114367379865, 0.000171857129317, 1.87053483387e-05, 0.000278166640783, 0.000446002435638], "dvar": [0.000662008242216, 0.000750282139052, 5.07571567141e-05, 6.27826693744e-06, 5.04454947077e-05, 3.08415910695e-05, 9.54080314841e-06, 5.07996037413e-06, 5.44166960026e-06, 1.02495573628e-06, 3.72300718254e-07, 8.02401203259e-08, 5.68090108288e-08, 3.47192781192e-08, 1.24412267155e-07, 4.77894595008e-08, 7.23816606651e-09, 5.06080013452e-08, 2.33418219864e-07, 5.99993583705e-08, 3.59860408139e-08, 5.34468647118e-08, 5.0316138811e-08, 1.35423377401e-07, 1.15187959171e-09, 3.41459440278e-07, 4.85731334265e-07], "dvar2": [0.00127599830739, 0.00199340190738, 0.000127394436277, 1.64874963957e-05, 0.000109204644104, 5.36094448762e-05, 2.17640626943e-05, 1.15146858661e-05, 1.17021727419e-05, 2.60492470261e-06, 8.67431424467e-07, 1.94961430111e-07, 1.41396114373e-07, 8.26181718594e-08, 2.82983307898e-07, 1.10423350463e-07, 1.43888572168e-08, 1.04776567866e-07, 5.11649091095e-07, 1.07686950912e-07, 6.94775934562e-08, 1.18108481217e-07, 1.13924052414e-07, 3.23345574316e-07, 2.82070278246e-09, 7.91253910393e-07, 9.34403942665e-07], "max": [0.432833909988, 0.292800962925, 0.144384235144, 0.0396409928799, 0.166698455811, 0.333646684885, 0.0860493183136, 0.0822894945741, 0.0835845842957, 0.022222135216, 0.0269429497421, 0.00921155326068, 0.00953437760472, 0.00459806388244, 0.0115074347705, 0.00891246926039, 0.00259653571993, 0.00942666921765, 0.0267924945801, 0.00760158104822, 0.00822662562132, 0.00325369043276, 0.00274241622537, 0.00580012938008, 0.000651162641589, 0.00925065297633, 0.00866753794253], "mean": [0.0160060618073, 0.0206704307348, 0.00623230449855, 0.00207674270496, 0.00478625763208, 0.00226686685346, 0.00164353859145, 0.000927304616198, 0.000717895047273, 0.000368907960365, 0.000178819420398, 0.000132033834234, 0.000105337130663, 9.83110876405e-05, 0.000179805836524, 0.000122527315398, 6.1628757976e-05, 7.43978525861e-05, 0.000109328590042, 8.85961489985e-05, 8.7238571723e-05, 8.75584883033e-05, 6.85471604811e-05, 8.49064090289e-05, 9.84360030998e-06, 0.000148036575411, 0.000494507548865], "median": [0.00490474049002, 0.00846509262919, 0.00292812287807, 0.0010349615477, 0.00183475879021, 0.000666751875542, 0.000398584175855, 0.00018158974126, 0.000110974709969, 6.12240692135e-05, 2.93024786515e-05, 3.38276513503e-05, 2.79410123767e-05, 2.7047115509e-05, 2.54463229794e-05, 2.491201667e-05, 1.94043695956e-05, 1.62164105859e-05, 1.43528268381e-05, 1.24801445054e-05, 1.47728815136e-05, 1.12398020065e-05, 6.20779337623e-06, 3.73087232219e-06, 1.24847667848e-06, 6.44238480163e-06, 6.83482940076e-05], "min": [1.64587278268e-12, 6.8793506048e-13, 3.32902352603e-13, 1.47484143496e-13, 3.67359056586e-13, 2.31399047059e-13, 9.59534237005e-14, 2.19413598618e-13, 3.82326196527e-13, 1.7273750247e-13, 2.22332148894e-13, 2.75541064574e-13, 2.38622896399e-13, 2.99340657513e-13, 3.36619458436e-13, 1.81949087416e-13, 5.84407197114e-13, 8.8245394065e-13, 9.38708962991e-13, 6.13781052893e-13, 9.60510533957e-13, 1.91754576627e-12, 1.68718229492e-12, 2.6738975617e-12, 3.34680156852e-12, 3.95470375197e-12, 4.70866444793e-12], "var": [0.000958333490416, 0.000918579869904, 9.72898124019e-05, 8.97150766832e-06, 8.87827336555e-05, 5.85313682677e-05, 2.01473521884e-05, 8.65470883582e-06, 9.74629801931e-06, 1.59877163242e-06, 6.72566898174e-07, 1.27436351249e-07, 1.39082445116e-07, 5.74509968487e-08, 2.40139314656e-07, 8.89361615464e-08, 1.44618352849e-08, 7.68475416635e-08, 3.62509553042e-07, 1.30608228233e-07, 6.01222396313e-08, 6.00120841909e-08, 4.985477986e-08, 1.15528237643e-07, 9.74538783005e-10, 3.11677126774e-07, 9.27798623707e-07]}, "barkbands_crest": {"dmean": 3.27983093262, "dmean2": 5.4020152092, "dvar": 7.70840072632, "dvar2": 20.1194324493, "max": 26.9539051056, "mean": 13.0996809006, "median": 12.5672626495, "min": 3.13927578926, "var": 22.4618186951}, "barkbands_flatness_db": {"dmean": 0.0440521650016, "dmean2": 0.0648022815585, "dvar": 0.00138988241088, "dvar2": 0.00298438104801, "max": 0.835077941418, "mean": 0.219509810209, "median": 0.211364358664, "min": 0.0380953773856, "var": 0.00779565004632}, "barkbands_kurtosis": {"dmean": 54.4703407288, "dmean2": 82.5178909302, "dvar": 161806.875, "dvar2": 318735.125, "max": 49672.6796875, "mean": 321.808868408, "median": 22.6535587311, "min": -1.85925197601, "var": 9782619}, "barkbands_skewness": {"dmean": 1.54418039322, "dmean2": 2.35222101212, "dvar": 4.66850996017, "dvar2": 9.43259811401, "max": 178.354492188, "mean": 5.72487306595, "median": 3.80149269104, "min": -1.43708646297, "var": 197.480957031}, "barkbands_spread": {"dmean": 7.39547300339, "dmean2": 10.7401514053, "dvar": 159.014541626, "dvar2": 306.005493164, "max": 126.181404114, "mean": 13.6835565567, "median": 6.80621910095, "min": 0.00681924028322, "var": 330.890167236}, "dissonance": {"dmean": 0.0268140807748, "dmean2": 0.043675146997, "dvar": 0.000746028672438, "dvar2": 0.00188426650129, "max": 0.500000119209, "mean": 0.453344553709, "median": 0.464246869087, "min": 0.177909493446, "var": 0.00154187832959}, "dynamic_complexity": 4.2960524559, "erbbands": {"dmean": [0.794120788574, 2.21648406982, 5.3205280304, 4.77942466736, 8.48658752441, 11.9166526794, 11.1675901413, 13.4304237366, 13.9770908356, 19.0311431885, 12.566195488, 12.8579282761, 9.79341602325, 7.54661512375, 4.83654356003, 4.20397424698, 3.58521318436, 3.11864948273, 4.70346879959, 6.23963403702, 3.86966013908, 2.45067882538, 2.91386079788, 4.01748132706, 3.97890043259, 3.16987466812, 2.85679626465, 2.77898931503, 3.07167100906, 2.66488456726, 2.0625872612, 2.23482990265, 1.60016202927, 0.286241829395, 0.0560103431344, 0.396920740604, 0.410624623299, 0.181268006563, 0.0411100387573, 0.00671392725781], "dmean2": [1.34219944477, 3.74630236626, 8.89350986481, 7.91048288345, 13.5922670364, 18.3844337463, 16.7541847229, 20.495885849, 21.6679935455, 29.4441547394, 19.3503952026, 19.6762332916, 15.36947155, 11.5522089005, 7.57859706879, 6.62400388718, 5.61436033249, 4.82031869888, 7.15932178497, 9.21783828735, 5.74117469788, 3.51337432861, 4.13724994659, 5.47475624084, 5.52260112762, 4.34466028214, 4.05920743942, 3.97129797935, 4.51771879196, 3.99960684776, 3.18517637253, 3.57849574089, 2.59380173683, 0.458750218153, 0.0894117206335, 0.638150036335, 0.648844957352, 0.269856780767, 0.055878944695, 0.00863673444837], "dvar": [2.59934592247, 17.6246910095, 68.7239456177, 50.1296043396, 226.429367065, 989.287780762, 2805.46777344, 1262.69421387, 1338.31274414, 4338.90039062, 1791.3236084, 3611.76367188, 1142.57458496, 650.100585938, 265.413848877, 115.532989502, 132.981323242, 59.4890823364, 153.024597168, 381.30368042, 78.9675674438, 24.4719848633, 95.6826324463, 428.325500488, 401.443969727, 139.635375977, 67.4085769653, 58.101436615, 70.8844299316, 60.1378097534, 40.4341430664, 57.8444252014, 31.1893367767, 0.850448310375, 0.0185101702809, 1.91360366344, 1.89174985886, 0.291518777609, 0.0106524182484, 0.000132031258545], "dvar2": [7.11121988297, 46.761505127, 175.16217041, 127.114456177, 520.161682129, 2137.52734375, 4789.39892578, 2572.70654297, 2905.38232422, 9754.40136719, 4152.82324219, 7640.72021484, 2879.36547852, 1533.24462891, 600.605957031, 270.727325439, 322.083770752, 133.046951294, 365.178588867, 859.98449707, 176.759475708, 48.1641273499, 191.937606812, 803.761474609, 882.453552246, 252.719604492, 127.16317749, 114.478210449, 157.219421387, 135.365753174, 92.7056045532, 137.654953003, 75.0283126831, 2.03783679008, 0.0435387827456, 4.5703253746, 4.4265704155, 0.646615803242, 0.0210777036846, 0.000236078223679], "max": [16.7685642242, 51.59948349, 137.803588867, 100.830215454, 383.612731934, 895.996459961, 3068.26293945, 1088.01782227, 938.301391602, 2051.07568359, 1563.99829102, 2590.41674805, 943.572814941, 648.139831543, 717.90625, 299.678314209, 526.635803223, 245.694274902, 445.073608398, 611.687072754, 312.918182373, 154.287521362, 417.382720947, 1117.72155762, 882.70703125, 389.086547852, 305.497497559, 357.625244141, 110.134872437, 135.531768799, 91.2377090454, 102.924819946, 102.248298645, 14.6683797836, 2.20657753944, 26.546207428, 20.8253421783, 9.16961288452, 2.0094268322, 0.274440467358], "mean": [1.07261252403, 2.94352602959, 7.23352241516, 7.15251064301, 12.083609581, 16.4557094574, 15.2184925079, 19.0285377502, 21.2872409821, 28.3611106873, 17.4813919067, 16.6724700928, 12.7249403, 9.79338932037, 6.42072057724, 5.5489449501, 5.17352962494, 4.53483247757, 7.29236793518, 9.47874546051, 6.01358032227, 3.60962080956, 3.85263681412, 5.1545009613, 5.17558526993, 4.21816253662, 3.70346093178, 3.34712767601, 3.21324300766, 2.60714030266, 1.85839664936, 1.82413423061, 1.25248670578, 0.231555953622, 0.0503898821771, 0.313082188368, 0.339298397303, 0.173757433891, 0.0507965162396, 0.0134767722338], "median": [0.37012898922, 1.37620317936, 3.49928569794, 3.99826312065, 5.44455909729, 5.2737197876, 4.54721879959, 5.64838075638, 6.26423168182, 5.00589752197, 3.61525130272, 2.62209200859, 2.34536242485, 1.69093930721, 1.2627146244, 1.4517147541, 1.35472142696, 1.41883802414, 1.47604191303, 1.33267605305, 1.40639126301, 1.1591244936, 0.945176124573, 0.81476521492, 0.666332781315, 0.598095059395, 0.62051063776, 0.546588718891, 0.42540076375, 0.27958214283, 0.160582840443, 0.103535577655, 0.0458398461342, 0.0163357779384, 0.00880681537092, 0.0113043254241, 0.0144529528916, 0.01088201534, 0.00557586178184, 0.00419987086207], "min": [1.58131025635e-11, 1.69974326281e-10, 4.29534130486e-10, 1.08917386221e-09, 2.61176058558e-09, 2.94390578581e-09, 3.04228575665e-09, 2.6839366285e-09, 2.17554152471e-09, 4.00005406576e-09, 6.66802923988e-09, 9.2447800526e-09, 5.64802915548e-09, 6.51801901341e-09, 1.0268394135e-08, 1.34685755881e-08, 1.3044656022e-08, 1.18364420487e-08, 1.96160314658e-08, 2.17434568128e-08, 1.65747540137e-08, 2.82559220466e-08, 4.62239775345e-08, 4.32740812073e-08, 3.72175783525e-08, 3.15640420467e-08, 3.88216250258e-08, 4.77082195971e-08, 5.00932628711e-08, 4.59718769719e-08, 5.39544693368e-08, 4.66234446606e-08, 4.84028745973e-08, 3.57936933426e-08, 2.64116124526e-08, 1.43959377752e-08, 7.90619392177e-09, 2.71063127499e-09, 6.12904393904e-10, 1.04088238029e-10], "var": [2.91294741631, 18.9786643982, 118.408699036, 83.1163101196, 412.752807617, 1585.24353027, 5025.42041016, 2388.75927734, 2830.14233398, 9134.98730469, 3070.49414062, 6500.45898438, 1857.24536133, 1068.07910156, 526.751220703, 188.761993408, 366.246154785, 106.845954895, 301.206390381, 743.42401123, 168.544937134, 48.9795799255, 153.655731201, 748.635681152, 673.994567871, 296.234527588, 128.980636597, 86.3446731567, 80.0157241821, 62.7617797852, 38.8090667725, 50.025554657, 26.1860637665, 0.728487551212, 0.0173736978322, 1.62801706791, 1.69312906265, 0.307045429945, 0.0161403641105, 0.000464294076664]}, "erbbands_crest": {"dmean": 2.84649968147, "dmean2": 4.56181764603, "dvar": 6.49520921707, "dvar2": 15.7645101547, "max": 32.7133598328, "mean": 8.79666042328, "median": 7.89859867096, "min": 2.08271360397, "var": 18.7292518616}, "erbbands_flatness_db": {"dmean": 0.0285552162677, "dmean2": 0.0413824431598, "dvar": 0.000691497873049, "dvar2": 0.00133409246337, "max": 0.336174488068, "mean": 0.12325887382, "median": 0.117860540748, "min": 0.0256550870836, "var": 0.00255472259596}, "erbbands_kurtosis": {"dmean": 2.37310838699, "dmean2": 3.6377260685, "dvar": 10.8866662979, "dvar2": 24.6934642792, "max": 64.7619018555, "mean": 2.54451560974, "median": 1.15457344055, "min": -1.84871709347, "var": 21.1271820068}, "erbbands_skewness": {"dmean": 0.579180717468, "dmean2": 0.841332197189, "dvar": 0.298295497894, "dvar2": 0.628904104233, "max": 6.35773324966, "mean": 0.996194422245, "median": 1.01784169674, "min": -4.20912885666, "var": 1.06531274319}, "erbbands_spread": {"dmean": 14.0256919861, "dmean2": 20.753068924, "dvar": 248.569854736, "dvar2": 493.140167236, "max": 210.885910034, "mean": 42.5445823669, "median": 35.5437660217, "min": 2.40099024773, "var": 784.962219238}, "gfcc": {"cov": [[13072.9755859, -279.1980896, -1173.47546387, -41.2382545471, -150.064071655, -355.609436035, 95.7042236328, -285.183959961, 59.5041847229, 0.993231356144, -322.931121826, 39.607585907, -50.7801437378], [-279.1980896, 1284.30749512, -12.5141963959, -379.910308838, 19.2980213165, -93.1489028931, -74.401725769, -42.1203689575, 54.3871078491, -31.7484722137, 23.4654273987, -97.7950592041, 103.521568298], [-1173.47546387, -12.5141963959, 541.342712402, 63.4007072449, -115.127197266, 95.1219940186, -25.1281414032, 58.0760002136, -40.1780471802, 15.9292411804, 38.7161102295, 14.1870889664, -51.6499671936], [-41.2382545471, -379.910308838, 63.4007072449, 496.278442383, 164.582824707, 12.4000873566, 83.8646087646, 30.3175239563, -27.2388935089, 14.831486702, 11.3230485916, 63.9091033936, -52.5417289734], [-150.064071655, 19.2980213165, -115.127197266, 164.582824707, 254.754837036, 27.3602905273, 74.6792907715, -32.5225944519, 18.9004764557, -2.32547712326, 20.6507434845, 9.87864685059, 28.0683269501], [-355.609436035, -93.1489028931, 95.1219940186, 12.4000873566, 27.3602905273, 230.102096558, 9.36621952057, 64.4950561523, -57.2044448853, 13.975859642, 13.8687877655, 20.712348938, 11.2766637802], [95.7042236328, -74.401725769, -25.1281414032, 83.8646087646, 74.6792907715, 9.36621952057, 169.513137817, 6.13317775726, 53.0073356628, 5.42678785324, 7.32922887802, 27.3204231262, -2.36163020134], [-285.183959961, -42.1203689575, 58.0760002136, 30.3175239563, -32.5225944519, 64.4950561523, 6.13317775726, 151.446487427, 22.4602336884, 29.7504749298, 16.4952640533, 6.3568353653, 17.7632522583], [59.5041847229, 54.3871078491, -40.1780471802, -27.2388935089, 18.9004764557, -57.2044448853, 53.0073356628, 22.4602336884, 122.483169556, 42.8357658386, 8.86564922333, 1.01398992538, 22.8346042633], [0.993231356144, -31.7484722137, 15.9292411804, 14.831486702, -2.32547712326, 13.975859642, 5.42678785324, 29.7504749298, 42.8357658386, 73.357635498, 35.8343849182, 11.1030693054, 8.28693389893], [-322.931121826, 23.4654273987, 38.7161102295, 11.3230485916, 20.6507434845, 13.8687877655, 7.32922887802, 16.4952640533, 8.86564922333, 35.8343849182, 76.2488861084, 25.5652503967, 0.90052229166], [39.607585907, -97.7950592041, 14.1870889664, 63.9091033936, 9.87864685059, 20.712348938, 27.3204231262, 6.3568353653, 1.01398992538, 11.1030693054, 25.5652503967, 63.970916748, 9.05887031555], [-50.7801437378, 103.521568298, -51.6499671936, -52.5417289734, 28.0683269501, 11.2766637802, -2.36163020134, 17.7632522583, 22.8346042633, 8.28693389893, 0.90052229166, 9.05887031555, 85.9352264404]], "icov": [[0.000131535416585, -8.14237282611e-05, 0.000326896551996, -6.05298737355e-05, 0.000234408027609, 3.84116101486e-05, -0.00013379714801, 0.000144156627357, 0.000178383736056, -0.000567228882574, 0.000732919783331, -0.000459020986455, 0.00026820844505], [-8.14237282611e-05, 0.00153061177116, -0.000823980139103, 0.0013195319334, -0.00139679596759, 0.00094455294311, 0.000270555203315, -0.000347572204191, -3.99864438805e-05, 0.00107907294296, -0.00137611175887, 0.00164827890694, -0.00142163201235], [0.000326896551996, -0.000823980139103, 0.00427080504596, -0.00301044993103, 0.00491286022589, -0.00316438567825, 3.50800983142e-05, 0.00190833793022, -0.0020856440533, 0.00124424649402, -0.00200137263164, 0.0011831370648, 0.000659601879306], [-6.05298737355e-05, 0.0013195319334, -0.00301044993103, 0.00968823395669, -0.0106350099668, 0.00693984050304, -0.00122904009186, -0.00662542739883, 0.00836611073464, -0.00782967079431, 0.00835846271366, -0.0093152448535, 0.00581384683028], [0.000234408027609, -0.00139679596759, 0.00491286022589, -0.0106350099668, 0.0180039666593, -0.00936815328896, -0.00118043075781, 0.00946383457631, -0.00981533620507, 0.009701365605, -0.0117230741307, 0.0113280061632, -0.00776694528759], [3.84116101486e-05, 0.00094455294311, -0.00316438567825, 0.00693984050304, -0.00936815328896, 0.0131029654294, -0.00256152777001, -0.0080857751891, 0.012847751379, -0.0104360030964, 0.00862907897681, -0.00790474377573, 0.00250278320163], [-0.00013379714801, 0.000270555203315, 3.50800983142e-05, -0.00122904009186, -0.00118043075781, -0.00256152777001, 0.0100161088631, 0.000695632770658, -0.00779135199264, 0.00533127691597, -0.00178707391024, -0.00191791681573, 0.00149490812328], [0.000144156627357, -0.000347572204191, 0.00190833793022, -0.00662542739883, 0.00946383457631, -0.0080857751891, 0.000695632770658, 0.0143592944369, -0.00912342779338, 0.0052492027171, -0.00760286161676, 0.00816361792386, -0.00624190177768], [0.000178383736056, -3.99864438805e-05, -0.0020856440533, 0.00836611073464, -0.00981533620507, 0.012847751379, -0.00779135199264, -0.00912342779338, 0.0279998127371, -0.0216353498399, 0.0135067114606, -0.0089393761009, 0.00265397131443], [-0.000567228882574, 0.00107907294296, 0.00124424649402, -0.00782967079431, 0.009701365605, -0.0104360030964, 0.00533127691597, 0.0052492027171, -0.0216353498399, 0.0386848449707, -0.0245622955263, 0.0131390988827, -0.00752137694508], [0.000732919783331, -0.00137611175887, -0.00200137263164, 0.00835846271366, -0.0117230741307, 0.00862907897681, -0.00178707391024, -0.00760286161676, 0.0135067114606, -0.0245622955263, 0.0371529981494, -0.0222791489214, 0.0109563432634], [-0.000459020986455, 0.00164827890694, 0.0011831370648, -0.0093152448535, 0.0113280061632, -0.00790474377573, -0.00191791681573, 0.00816361792386, -0.0089393761009, 0.0131390988827, -0.0222791489214, 0.0370750539005, -0.014210510999], [0.00026820844505, -0.00142163201235, 0.000659601879306, 0.00581384683028, -0.00776694528759, 0.00250278320163, 0.00149490812328, -0.00624190177768, 0.00265397131443, -0.00752137694508, 0.0109563432634, -0.014210510999, 0.0224018469453]], "mean": [-45.8978385925, 94.5876617432, -43.4470672607, 16.3405761719, -22.097568512, -10.7535734177, -9.42848300934, -10.8814287186, 0.372562676668, -3.54947900772, -7.59893798828, -1.0400493145, -8.67007827759]}, "hfc": {"dmean": 68.6507720947, "dmean2": 95.1381454468, "dvar": 14758.9501953, "dvar2": 29498.6679688, "max": 4849.08935547, "mean": 150.619888306, "median": 79.0393676758, "min": 4.61648824057e-07, "var": 49750.7148438}, "melbands": {"dmean": [0.00557069666684, 0.0026927778963, 0.000858905434143, 0.000783117371611, 0.00038939845399, 0.000300782936392, 0.00020906465943, 0.000195436747163, 0.000102832789707, 7.82373026595e-05, 4.92158178531e-05, 3.21808656736e-05, 1.88320937013e-05, 1.15524726425e-05, 1.12148027256e-05, 6.38674237052e-06, 6.05405784881e-06, 7.36686479286e-06, 9.78636035143e-06, 6.89195758241e-06, 4.34648836745e-06, 2.66263145932e-06, 2.39731593865e-06, 2.90476214104e-06, 3.3541666653e-06, 3.44228101312e-06, 2.38769030148e-06, 2.11348378798e-06, 1.79206062967e-06, 1.81375241937e-06, 1.59576472925e-06, 1.82246174063e-06, 1.52366897055e-06, 1.48460173932e-06, 1.14220495107e-06, 1.2235250324e-06, 1.45405624608e-06, 1.27880264245e-06, 6.59569877826e-07, 9.64580522123e-08], "dmean2": [0.00912703480572, 0.00449397414923, 0.00140856206417, 0.00121169502381, 0.000586195033975, 0.000455214001704, 0.000322322855936, 0.000301712017972, 0.000158440627274, 0.000119392032502, 7.78529574745e-05, 4.95292333653e-05, 2.95020017802e-05, 1.81629966391e-05, 1.80401475518e-05, 1.0007534911e-05, 9.46158525039e-06, 1.14599906738e-05, 1.47946011566e-05, 1.03981519715e-05, 6.62858565192e-06, 3.9317228584e-06, 3.47702371073e-06, 4.19557045461e-06, 4.68728194392e-06, 4.95564836456e-06, 3.36839957527e-06, 2.98711688629e-06, 2.58974432654e-06, 2.63292554337e-06, 2.338912509e-06, 2.71546514341e-06, 2.2717642878e-06, 2.25578742175e-06, 1.76721698608e-06, 1.92971037904e-06, 2.34321782955e-06, 2.08120536627e-06, 1.06795209831e-06, 1.55101545829e-07], "dvar": [0.000119953874673, 1.85478220374e-05, 1.48398169131e-06, 3.19666014548e-06, 2.27342934522e-06, 6.74937439271e-07, 3.01325229657e-07, 4.47311123253e-07, 1.36980489174e-07, 1.27208650724e-07, 2.99518809754e-08, 1.22392451729e-08, 5.6738667098e-09, 1.02794572854e-09, 1.05747577361e-09, 3.11689507537e-10, 2.42077219381e-10, 4.05852379481e-10, 9.47785072647e-10, 4.24291601853e-10, 9.79641229248e-11, 2.92540262847e-11, 3.74851018281e-11, 1.40449415986e-10, 3.33843314104e-10, 4.53451803883e-10, 1.09438402784e-10, 6.74383396349e-11, 3.0698964204e-11, 2.45699936091e-11, 2.01585779319e-11, 2.56865431703e-11, 1.8490282222e-11, 1.96407751174e-11, 1.2545816816e-11, 1.59717985365e-11, 2.56298437334e-11, 2.05898197797e-11, 5.31207933543e-12, 7.20443873287e-14], "dvar2": [0.000304256274831, 4.79185837321e-05, 3.72303748009e-06, 6.88364389134e-06, 4.0553782128e-06, 1.30343619276e-06, 6.63016237468e-07, 9.96251969809e-07, 3.1969730685e-07, 2.5953161753e-07, 7.66214611758e-08, 2.90755561849e-08, 1.28743318228e-08, 2.43736253402e-09, 2.7112132539e-09, 7.22851001278e-10, 5.4634569091e-10, 1.00190189478e-09, 2.11403783368e-09, 9.88232162769e-10, 2.30415367342e-10, 6.116687018e-11, 8.09458056139e-11, 2.91156043719e-10, 6.39607922182e-10, 1.09328590625e-09, 2.14410225685e-10, 1.34531136231e-10, 5.82576764607e-11, 5.1846499316e-11, 4.08217452896e-11, 5.77233712218e-11, 4.18779039224e-11, 4.4829653878e-11, 2.92119210765e-11, 3.73856744174e-11, 6.16906178919e-11, 4.99926489095e-11, 1.28336759622e-11, 1.74370975016e-13], "max": [0.110115528107, 0.0615114308894, 0.0170203633606, 0.047056928277, 0.0789379924536, 0.0343414284289, 0.0155978938565, 0.0208257995546, 0.014005809091, 0.0163492206484, 0.00488549983129, 0.00246961414814, 0.00327932275832, 0.00102702958975, 0.000953990209382, 0.000827793031931, 0.000495906278957, 0.00057206582278, 0.00118932512123, 0.000838616862893, 0.000257413892541, 0.000187807687325, 0.000218803616008, 0.00055168021936, 0.000961769197602, 0.00116117985453, 0.000338039768394, 0.000286116672214, 0.000215138454223, 0.00019038245955, 0.000203090603463, 7.00351665728e-05, 7.75028529461e-05, 7.07451763446e-05, 6.04655178904e-05, 5.31726145709e-05, 7.09462619852e-05, 8.63118839334e-05, 3.64731022273e-05, 4.11400333178e-06], "mean": [0.00840069446713, 0.00379246775992, 0.00136677070986, 0.0011353782611, 0.000548159936443, 0.000431813183241, 0.00032590405317, 0.000289372954285, 0.000135977228638, 0.000100165103504, 6.18715712335e-05, 4.05789724027e-05, 2.3761891498e-05, 1.49501120177e-05, 1.41668924698e-05, 9.07605863176e-06, 8.25412189442e-06, 1.07394989755e-05, 1.42773515108e-05, 1.01929654193e-05, 6.34571006231e-06, 3.76042089556e-06, 3.12022802973e-06, 3.65038840755e-06, 4.20789592681e-06, 4.27035001849e-06, 3.13362716042e-06, 2.71491694548e-06, 2.28461908591e-06, 2.20714946408e-06, 1.84493103461e-06, 1.88569231341e-06, 1.54373890382e-06, 1.40596671372e-06, 1.03168463284e-06, 1.03948764263e-06, 1.16140552109e-06, 9.91277147477e-07, 5.16207990131e-07, 8.22828027935e-08], "median": [0.00371472514234, 0.00205077650025, 0.000824678805657, 0.000426526588853, 0.00017087062588, 0.000127758918097, 9.37387303566e-05, 5.071220221e-05, 2.57322935795e-05, 1.53894816322e-05, 1.1045298379e-05, 6.65379775455e-06, 4.04329375669e-06, 3.73355442207e-06, 3.49171295966e-06, 2.54422911894e-06, 2.52013114732e-06, 2.23254028242e-06, 1.87602279311e-06, 1.68459700944e-06, 1.52220468408e-06, 1.19492779049e-06, 8.70393876085e-07, 7.53981453272e-07, 6.2269089085e-07, 5.19354671269e-07, 4.05220845323e-07, 3.76234766009e-07, 3.68238715964e-07, 3.62478886018e-07, 2.85892440388e-07, 2.46093691203e-07, 1.87618212522e-07, 1.35663199785e-07, 9.36460580192e-08, 7.08267862137e-08, 5.89120254801e-08, 3.32938938641e-08, 1.92870608373e-08, 1.09593241149e-08], "min": [2.07534266465e-13, 2.2375379544e-13, 1.107892261e-13, 7.79245984688e-14, 5.53219681166e-14, 4.00800947336e-14, 2.04025622216e-14, 3.85924846496e-14, 5.66440544101e-14, 5.66827333226e-14, 2.84051465482e-14, 2.34601563436e-14, 3.48502083854e-14, 2.75405546079e-14, 2.63336224436e-14, 3.55589072998e-14, 2.28683886335e-14, 3.32142625036e-14, 2.68976481306e-14, 1.46139864939e-14, 2.31888957363e-14, 2.80857643051e-14, 3.07580431394e-14, 3.0446650111e-14, 3.28844753077e-14, 2.81964003605e-14, 2.462909061e-14, 1.64800424284e-14, 1.79739120858e-14, 2.12118293579e-14, 2.96325464166e-14, 2.09414039251e-14, 3.21792119589e-14, 2.33322069347e-14, 3.21715141235e-14, 2.76919871582e-14, 2.84555128213e-14, 3.81816567295e-14, 2.40404975793e-14, 3.18718033736e-14], "var": [0.00015823431022, 2.65950693574e-05, 2.66587426268e-06, 5.68968971493e-06, 4.08725645684e-06, 1.32413640586e-06, 6.4339144501e-07, 9.32663795083e-07, 2.24849870278e-07, 2.38602524405e-07, 4.6009496657e-08, 1.93671993998e-08, 1.08019380107e-08, 1.82946502392e-09, 1.66596203499e-09, 8.89758877687e-10, 4.01113614545e-10, 7.31111782226e-10, 1.73866832043e-09, 7.73762776074e-10, 1.84428194938e-10, 5.49419537643e-11, 5.72801112098e-11, 2.12023426593e-10, 5.60009760786e-10, 5.87181525624e-10, 2.11581849263e-10, 1.26630039787e-10, 5.82176667985e-11, 3.70642995462e-11, 2.79836483846e-11, 2.82379258865e-11, 1.98356383402e-11, 1.97542225633e-11, 1.18382604067e-11, 1.44557091991e-11, 2.16237115019e-11, 1.70018044782e-11, 4.43456426094e-12, 6.26869094285e-14]}, "melbands_crest": {"dmean": 4.88597202301, "dmean2": 7.94393968582, "dvar": 17.635061264, "dvar2": 43.9910507202, "max": 39.9996833801, "mean": 21.1856689453, "median": 20.5091018677, "min": 3.58132791519, "var": 54.8693656921}, "melbands_flatness_db": {"dmean": 0.049914419651, "dmean2": 0.0728670731187, "dvar": 0.00172850722447, "dvar2": 0.00370356626809, "max": 0.825595080853, "mean": 0.335470020771, "median": 0.332068741322, "min": 0.0194121561944, "var": 0.00785106327385}, "melbands_kurtosis": {"dmean": 244.929611206, "dmean2": 390.451934814, "dvar": 9369394, "dvar2": 23617072, "max": 224780.75, "mean": 942.341491699, "median": 32.8111801147, "min": -1.77381694317, "var": 124646592}, "melbands_skewness": {"dmean": 2.00009012222, "dmean2": 3.10866117477, "dvar": 26.9025535583, "dvar2": 64.2360305786, "max": 457.793884277, "mean": 7.28873538971, "median": 4.33950042725, "min": -0.555025279522, "var": 789.995361328}, "melbands_spread": {"dmean": 3.40213751793, "dmean2": 5.1395368576, "dvar": 42.4827270508, "dvar2": 85.2084732056, "max": 155.22694397, "mean": 6.74532461166, "median": 4.41159152985, "min": 0.00405500363559, "var": 79.0350799561}, "mfcc": {"cov": [[10545.4921875, -386.622528076, -881.53729248, 256.46774292, -402.478546143, 178.908554077, -303.280273438, -12.1607027054, 85.0827636719, 33.6771125793, -165.79750061, -158.023468018, -45.6550674438], [-386.622528076, 1496.45654297, 22.5198516846, -258.506713867, -17.9064846039, -108.212219238, -115.833473206, -127.592941284, 24.5346374512, -40.3566513062, -19.3574409485, -17.5347919464, -15.4456167221], [-881.53729248, 22.5198516846, 593.246276855, -75.4133987427, 2.81028199196, -58.9109764099, 37.0398902893, 7.59991931915, -45.4707183838, -21.8183383942, 39.9976959229, 43.6471214294, -23.0077400208], [256.46774292, -258.506713867, -75.4133987427, 457.162658691, 49.1477050781, 73.0712738037, 15.0623512268, 55.964630127, -22.4326267242, 23.4931755066, 8.18811321259, -3.05048942566, 15.8911514282], [-402.478546143, -17.9064846039, 2.81028199196, 49.1477050781, 166.620101929, 40.1560020447, 61.9194602966, 5.47168302536, -4.50052976608, -13.2264909744, 3.27938652039, 4.25864887238, 17.5092887878], [178.908554077, -108.212219238, -58.9109764099, 73.0712738037, 40.1560020447, 164.304077148, 65.9335174561, 31.6416988373, -4.23087072372, -7.43600940704, -19.9725036621, 4.69458627701, 17.6406764984], [-303.280273438, -115.833473206, 37.0398902893, 15.0623512268, 61.9194602966, 65.9335174561, 141.285430908, 60.0410346985, -3.69542479515, -11.1000623703, 13.3236579895, 6.28815078735, 18.0770320892], [-12.1607027054, -127.592941284, 7.59991931915, 55.964630127, 5.47168302536, 31.6416988373, 60.0410346985, 101.274620056, 21.5734176636, 13.8423938751, 5.6120595932, 1.8812456131, -2.0104367733], [85.0827636719, 24.5346374512, -45.4707183838, -22.4326267242, -4.50052976608, -4.23087072372, -3.69542479515, 21.5734176636, 101.853767395, 39.4447975159, 2.00252914429, -12.0512838364, 9.51637935638], [33.6771125793, -40.3566513062, -21.8183383942, 23.4931755066, -13.2264909744, -7.43600940704, -11.1000623703, 13.8423938751, 39.4447975159, 69.0801467896, 30.5028553009, 6.58640289307, 2.06719899178], [-165.79750061, -19.3574409485, 39.9976959229, 8.18811321259, 3.27938652039, -19.9725036621, 13.3236579895, 5.6120595932, 2.00252914429, 30.5028553009, 73.5397796631, 33.0502052307, 11.102514267], [-158.023468018, -17.5347919464, 43.6471214294, -3.05048942566, 4.25864887238, 4.69458627701, 6.28815078735, 1.8812456131, -12.0512838364, 6.58640289307, 33.0502052307, 58.5551261902, 23.208574295], [-45.6550674438, -15.4456167221, -23.0077400208, 15.8911514282, 17.5092887878, 17.6406764984, 18.0770320892, -2.0104367733, 9.51637935638, 2.06719899178, 11.102514267, 23.208574295, 59.4204101562]], "icov": [[0.000135482783662, 3.85641105822e-05, 0.000135724374559, -3.46035194525e-05, 0.000292892247671, -0.00024940847652, 0.00030448360485, -5.10643476446e-05, -6.69340151944e-05, 0.000136680871947, -4.98354274896e-05, 0.000245264935074, -1.12120833364e-05], [3.85641105822e-05, 0.000857909675688, 1.6936674001e-05, 0.000324764230754, -0.000121227254567, 4.324738984e-05, 0.000589141447563, 0.000570684438571, -0.000517324602697, 0.000727781211026, -0.000264417438302, 0.00022901147895, 5.2788778703e-05], [0.000135724374559, 1.6936674001e-05, 0.00229419511743, 0.000102698650153, 0.000333411444444, 0.000773467647377, -0.000806290481705, -6.05136410741e-05, 0.000313809752697, 0.000770945451222, -0.00037581883953, -0.00176191411447, 0.00156622543], [-3.46035194525e-05, 0.000324764230754, 0.000102698650153, 0.00325448834337, -0.00136939936783, -0.00125800690148, 0.00228219223209, -0.00257723918185, 0.00212409021333, -0.00125484261662, -0.00108626508154, 0.00197780248709, -0.00164332462009], [0.000292892247671, -0.000121227254567, 0.000333411444444, -0.00136939936783, 0.00876548141241, -0.000672157504596, -0.0040378915146, 0.00282496120781, -0.00136214587837, 0.00151751143858, 8.33905942272e-05, -0.000256872182945, -0.000120397620776], [-0.00024940847652, 4.324738984e-05, 0.000773467647377, -0.00125800690148, -0.000672157504596, 0.0103301918134, -0.00596556020901, 0.000951841822825, 0.000170563260326, -0.00150793301873, 0.00563675584272, -0.00451547419652, 0.000169443694176], [0.00030448360485, 0.000589141447563, -0.000806290481705, 0.00228219223209, -0.0040378915146, -0.00596556020901, 0.0184784475714, -0.010132599622, 0.00193025858607, 0.00428754976019, -0.00710203731433, 0.00687787355855, -0.00535663543269], [-5.10643476446e-05, 0.000570684438571, -6.05136410741e-05, -0.00257723918185, 0.00282496120781, 0.000951841822825, -0.010132599622, 0.0189765561372, -0.00549261597916, -0.00142425228842, 0.00286787981167, -0.00466843880713, 0.00560130272061], [-6.69340151944e-05, -0.000517324602697, 0.000313809752697, 0.00212409021333, -0.00136214587837, 0.000170563260326, 0.00193025858607, -0.00549261597916, 0.017100609839, -0.0106373950839, 0.00178043020424, 0.00567396683618, -0.00597224431112], [0.000136680871947, 0.000727781211026, 0.000770945451222, -0.00125484261662, 0.00151751143858, -0.00150793301873, 0.00428754976019, -0.00142425228842, -0.0106373950839, 0.0282858349383, -0.0129699669778, 0.000490455538966, 0.00252765300684], [-4.98354274896e-05, -0.000264417438302, -0.00037581883953, -0.00108626508154, 8.33905942272e-05, 0.00563675584272, -0.00710203731433, 0.00286787981167, 0.00178043020424, -0.0129699669778, 0.0278377849609, -0.0140865053982, 0.00106420740485], [0.000245264935074, 0.00022901147895, -0.00176191411447, 0.00197780248709, -0.000256872182945, -0.00451547419652, 0.00687787355855, -0.00466843880713, 0.00567396683618, 0.000490455538966, -0.0140865053982, 0.0332662947476, -0.013084275648], [-1.12120833364e-05, 5.2788778703e-05, 0.00156622543, -0.00164332462009, -0.000120397620776, 0.000169443694176, -0.00535663543269, 0.00560130272061, -0.00597224431112, 0.00252765300684, 0.00106420740485, -0.013084275648, 0.0254647545516]], "mean": [-720.239257812, 153.385574341, 32.0171928406, 41.4132270813, 9.57441520691, 16.4050827026, -2.87356734276, 6.69371318817, 2.49493432045, 6.91634178162, 0.788190662861, 5.40042066574, 0.15563313663]}, "pitch_salience": {"dmean": 0.10096898675, "dmean2": 0.164442837238, "dvar": 0.00756045756862, "dvar2": 0.0189724937081, "max": 0.837582528591, "mean": 0.490351766348, "median": 0.512106537819, "min": 0.000292895827442, "var": 0.024817885831}, "silence_rate_20dB": {"dmean": 0.0032372281421, "dmean2": 0.00647511146963, "dvar": 0.00322618964128, "dvar2": 0.00865727104247, "max": 1, "mean": 0.997774660587, "median": 1, "min": 0, "var": 0.0022205717396}, "silence_rate_30dB": {"dmean": 0.107840165496, "dmean2": 0.215702146292, "dvar": 0.0962224975228, "dvar2": 0.190612360835, "max": 1, "mean": 0.820048570633, "median": 1, "min": 0, "var": 0.147568747401}, "silence_rate_60dB": {"dmean": 0.0155791603029, "dmean2": 0.0311614722013, "dvar": 0.0153378387913, "dvar2": 0.0366706773639, "max": 1, "mean": 0.0588711313903, "median": 0, "min": 0, "var": 0.0554032288492}, "spectral_centroid": {"dmean": 234.346466064, "dmean2": 342.553863525, "dvar": 125922.515625, "dvar2": 235418.390625, "max": 11504.4892578, "mean": 697.06842041, "median": 489.357727051, "min": 124.626525879, "var": 368517.8125}, "spectral_complexity": {"dmean": 3.4373292923, "dmean2": 4.93727254868, "dvar": 18.6608066559, "dvar2": 32.684223175, "max": 53, "mean": 10.2182884216, "median": 8, "min": 0, "var": 60.1833457947}, "spectral_contrast_coeffs": {"dmean": [0.0547578111291, 0.0508983694017, 0.0419058129191, 0.0336430184543, 0.0242302231491, 0.0352318286896], "dmean2": [0.0892368778586, 0.0835123434663, 0.0669755041599, 0.0527649968863, 0.0376791208982, 0.0510080605745], "dvar": [0.00191090279259, 0.00164807308465, 0.00121726095676, 0.000766696524806, 0.000436279311543, 0.000930681824684], "dvar2": [0.00479279877618, 0.00425066938624, 0.00289656734094, 0.0017995556118, 0.000991833745502, 0.00189549138304], "max": [-0.338991075754, -0.439654290676, -0.465518653393, -0.591394662857, -0.648040831089, -0.502753436565], "mean": [-0.690391778946, -0.766458451748, -0.82651668787, -0.845013618469, -0.857314229012, -0.777622103691], "median": [-0.696942806244, -0.771442770958, -0.838605880737, -0.85092997551, -0.856492042542, -0.780792236328], "min": [-0.980882942677, -0.971727967262, -0.980303406715, -0.980913937092, -0.968420386314, -0.956328928471], "var": [0.00717225205153, 0.00485160807148, 0.00439864443615, 0.00308683211915, 0.00152655842248, 0.00378909683786]}, "spectral_contrast_valleys": {"dmean": [0.428498595953, 0.471362769604, 0.527911424637, 0.501245975494, 0.526896595955, 0.624374270439], "dmean2": [0.670305192471, 0.70721322298, 0.779750466347, 0.725674748421, 0.711256802082, 0.903689444065], "dvar": [0.157448604703, 0.174725547433, 0.208113268018, 0.196275532246, 0.222701668739, 0.305606067181], "dvar2": [0.330373346806, 0.363387048244, 0.431034088135, 0.405435293913, 0.438295125961, 0.558657586575], "max": [-4.84598398209, -4.21718645096, -5.582508564, -6.11931943893, -5.52575778961, -7.87746906281], "mean": [-6.67787075043, -6.82136583328, -7.84608602524, -8.28996372223, -8.29012966156, -10.9374074936], "median": [-6.45861244202, -6.66491031647, -7.69232368469, -8.10076713562, -8.12531661987, -10.9541025162], "min": [-27.7963066101, -27.3710289001, -27.3724975586, -27.4612503052, -27.1568603516, -27.3555850983], "var": [1.43051934242, 1.45146095753, 1.40516066551, 1.44735789299, 1.5035700798, 1.27552974224]}, "spectral_decrease": {"dmean": 7.09607528293e-09, "dmean2": 1.08623234851e-08, "dvar": 1.32618492714e-16, "dvar2": 2.83725385325e-16, "max": 1.41474840731e-08, "mean": -1.32710171741e-08, "median": -8.24565038471e-09, "min": -1.38028184438e-07, "var": 2.59829685911e-16}, "spectral_energy": {"dmean": 0.0297929830849, "dmean2": 0.0442529581487, "dvar": 0.00204427517019, "dvar2": 0.00424447655678, "max": 0.541868329048, "mean": 0.063749819994, "median": 0.0442854389548, "min": 4.62558463754e-11, "var": 0.00457211490721}, "spectral_energyband_high": {"dmean": 0.000805142102763, "dmean2": 0.00115538632963, "dvar": 4.64527738586e-06, "dvar2": 9.91606157186e-06, "max": 0.0322264358401, "mean": 0.000893954187632, "median": 0.000111921544885, "min": 2.62458353661e-11, "var": 5.62832292417e-06}, "spectral_energyband_low": {"dmean": 0.022337410599, "dmean2": 0.0353446938097, "dvar": 0.00150496012066, "dvar2": 0.00352826109156, "max": 0.417896568775, "mean": 0.038811955601, "median": 0.0219461433589, "min": 1.62717810146e-12, "var": 0.00245347130112}, "spectral_energyband_middle_high": {"dmean": 0.000792912149336, "dmean2": 0.00110413471702, "dvar": 2.46642093771e-06, "dvar2": 5.03561159348e-06, "max": 0.0406026430428, "mean": 0.00141048221849, "median": 0.000408094056183, "min": 5.61259892728e-12, "var": 7.39152073947e-06}, "spectral_energyband_middle_low": {"dmean": 0.00626700092107, "dmean2": 0.00917094945908, "dvar": 0.000128899497213, "dvar2": 0.00024987681536, "max": 0.392251670361, "mean": 0.0125466659665, "median": 0.00626497808844, "min": 1.74545024701e-12, "var": 0.000364505307516}, "spectral_entropy": {"dmean": 0.351720452309, "dmean2": 0.508011519909, "dvar": 0.111115351319, "dvar2": 0.218955487013, "max": 9.78725147247, "mean": 7.26298856735, "median": 7.30427265167, "min": 4.6652302742, "var": 0.376857608557}, "spectral_flux": {"dmean": 0.0475484803319, "dmean2": 0.07519017905, "dvar": 0.00287507707253, "dvar2": 0.00678152078763, "max": 0.526071369648, "mean": 0.127700522542, "median": 0.110612489283, "min": 6.80116500007e-06, "var": 0.00686596054584}, "spectral_kurtosis": {"dmean": 5.11396074295, "dmean2": 7.76907968521, "dvar": 40.3069381714, "dvar2": 91.0217437744, "max": 97.8466873169, "mean": 13.6035680771, "median": 10.989233017, "min": -1.22038149834, "var": 86.454826355}, "spectral_rms": {"dmean": 0.00168689712882, "dmean2": 0.00240271771327, "dvar": 3.69841359316e-06, "dvar2": 6.71790076012e-06, "max": 0.0229924339801, "mean": 0.00691660586745, "median": 0.00657307449728, "min": 2.12432709645e-07, "var": 1.43552388181e-05}, "spectral_rolloff": {"dmean": 3776.13793945, "dmean2": 7191.27978516, "dvar": 54960476, "dvar2": 127543568, "max": 22028.4667969, "mean": 7702.45703125, "median": 430.6640625, "min": 21.533203125, "var": 97684960}, "spectral_skewness": {"dmean": 0.527951836586, "dmean2": 0.772701859474, "dvar": 0.315546184778, "dvar2": 0.666477620602, "max": 8.44889736176, "mean": 2.66889166832, "median": 2.50007629395, "min": 0.0132653033361, "var": 0.925844848156}, "spectral_spread": {"dmean": 908395.625, "dmean2": 1306954.125, "dvar": 1048940707840.0, "dvar2": 1772979617790.0, "max": 41417288, "mean": 5142942, "median": 4871001, "min": 1475874.625, "var": 3227331592190.0}, "spectral_strongpeak": {"dmean": 2.03368854523, "dmean2": 3.67556118965, "dvar": 144.845184326, "dvar2": 334.349151611, "max": 356.111572266, "me