{"lowlevel": {"average_loudness": 0.932369828224, "barkbands": {"dmean": [0.000170791638084, 0.00452462444082, 0.00389002589509, 0.00165082793683, 0.00190319993999, 0.000844250549562, 0.000363614904927, 0.000394622649765, 0.000504137016833, 0.000440866948338, 0.000452990876511, 0.000438706512796, 0.000274959922535, 0.000367655389709, 0.000339496589731, 0.000293103192234, 0.000356420670869, 0.0002088816982, 0.000167684789631, 0.00016732342192, 7.84838630352e-05, 4.51437554148e-05, 3.32432464347e-05, 2.85936330329e-05, 2.64189475274e-05, 2.89573126793e-05, 1.74275703557e-06], "dmean2": [0.000231226818869, 0.00745988963172, 0.0069308350794, 0.00285668834113, 0.00321815768257, 0.00137360580266, 0.000583472778089, 0.000599772378337, 0.000753148982767, 0.000668250606395, 0.000691207591444, 0.000656523916405, 0.000435203110101, 0.000556246377528, 0.000543405418284, 0.000455188768683, 0.000577731756493, 0.000330300390488, 0.000257587846136, 0.000254691869486, 0.000119530886877, 6.52939270367e-05, 4.74754378956e-05, 4.01658835472e-05, 3.78194672521e-05, 4.18958043156e-05, 2.59652870227e-06], "dvar": [1.65452277656e-07, 0.000155773217557, 0.000103129008494, 1.52355669343e-05, 2.20705496758e-05, 2.30447494687e-06, 4.51544906355e-07, 8.71201564223e-07, 1.87097055004e-06, 1.36389655836e-06, 1.646543069e-06, 1.59074556905e-06, 7.17140778761e-07, 1.28517808662e-06, 7.10009487648e-07, 5.48450771021e-07, 1.4352128801e-06, 2.85146256829e-07, 1.65865884583e-07, 8.91636133815e-08, 2.39978987793e-08, 1.39330254001e-08, 1.64901194921e-08, 1.12089804105e-08, 2.63575206105e-09, 3.69515329446e-09, 1.5143535731e-11], "dvar2": [3.01322103269e-07, 0.000407099229051, 0.000288590614218, 4.17257324443e-05, 6.09794333286e-05, 6.00030989517e-06, 1.12157511012e-06, 1.93064374798e-06, 4.23883830081e-06, 2.99328348774e-06, 3.67877441931e-06, 3.23159906657e-06, 1.62778894719e-06, 2.60153569798e-06, 1.77942717983e-06, 1.26532756894e-06, 4.13833731727e-06, 7.0074611358e-07, 3.83581266306e-07, 2.0375578913e-07, 5.54296128996e-08, 2.90887989252e-08, 3.34567360483e-08, 2.36538202358e-08, 5.34185939927e-09, 7.81076892054e-09, 3.27016295987e-11], "max": [0.00583395035937, 0.132899194956, 0.106153547764, 0.0505904629827, 0.0686090290546, 0.03050750494, 0.0198580026627, 0.0279769543558, 0.0252001173794, 0.0226896125823, 0.0304518956691, 0.0262160897255, 0.0188768841326, 0.0231757387519, 0.0213511306792, 0.0225701648742, 0.0323244743049, 0.0174210816622, 0.00965778529644, 0.00524247111753, 0.0050345142372, 0.00655625481158, 0.00625360151753, 0.00460716988891, 0.0010796780698, 0.000631125702057, 4.34160428995e-05], "mean": [0.00020860521181, 0.00537806842476, 0.00391864031553, 0.00203478173353, 0.00308087328449, 0.00148299685679, 0.000667386630084, 0.000678648939356, 0.000772297906224, 0.000648906512652, 0.000695162510965, 0.000692104571499, 0.000390387896914, 0.000567122420762, 0.000495398009662, 0.000447839178378, 0.000647279666737, 0.000388842076063, 0.000326164794387, 0.000328985624947, 0.000168116268469, 8.31099168863e-05, 5.19740278833e-05, 4.26280566899e-05, 3.35778640874e-05, 3.01044783555e-05, 1.72503166596e-06], "median": [2.49594922934e-05, 0.00248531252146, 0.00151183200069, 0.000944175058976, 0.00174618745223, 0.000827164156362, 0.000370625668438, 0.000222408532863, 0.000145452213474, 0.000142602264532, 0.000112945388537, 0.000123535195598, 7.33782799216e-05, 9.66856459854e-05, 0.000130911852466, 8.72045493452e-05, 9.25294589251e-05, 8.60877844389e-05, 9.27726068767e-05, 0.000118849493447, 4.5423170377e-05, 1.87651348824e-05, 9.36949072639e-06, 8.24205380923e-06, 4.60261480839e-06, 1.35957361636e-06, 2.46523210734e-08], "min": [1.70782627296e-24, 1.34857260722e-24, 3.28252871828e-24, 4.29113116739e-24, 1.6134682535e-23, 1.32020195446e-23, 2.15330596578e-23, 3.03256334932e-24, 2.06484610154e-23, 2.75493925485e-23, 9.80496360571e-24, 3.44427431282e-23, 3.47270706866e-23, 3.97019714982e-23, 4.47652815293e-23, 6.33360706693e-23, 8.64252405042e-23, 1.37607533155e-22, 1.80585987936e-22, 2.30663837454e-22, 2.95045110958e-22, 3.86977370509e-22, 3.93427652628e-22, 6.44003879186e-22, 9.53857184134e-22, 1.36264647032e-21, 1.85727937302e-21], "var": [2.60458932644e-07, 0.000133397654281, 7.13086628821e-05, 1.22520596051e-05, 2.00666490855e-05, 3.99719829147e-06, 1.00848217244e-06, 2.00969975594e-06, 3.76558364223e-06, 2.56651605923e-06, 3.20209505844e-06, 3.46861111211e-06, 1.16801197692e-06, 3.0205198982e-06, 1.11205883968e-06, 1.23082043046e-06, 3.70143152395e-06, 8.32549119423e-07, 5.01360318594e-07, 2.58053034941e-07, 9.75850653617e-08, 4.28977386946e-08, 4.28334701041e-08, 2.50203111563e-08, 4.58733984132e-09, 4.7563393224e-09, 1.83099924111e-11]}, "barkbands_crest": {"dmean": 2.46189808846, "dmean2": 4.01981639862, "dvar": 5.53571367264, "dvar2": 14.3606891632, "max": 25.2389717102, "mean": 9.20446777344, "median": 8.65788078308, "min": 2.97540593147, "var": 11.7403182983}, "barkbands_flatness_db": {"dmean": 0.0242156926543, "dmean2": 0.0339639298618, "dvar": 0.000552076962776, "dvar2": 0.00108393817209, "max": 0.39028570056, "mean": 0.160470813513, "median": 0.15022572875, "min": 0.0267801005393, "var": 0.00330746197142}, "barkbands_kurtosis": {"dmean": 3.51689314842, "dmean2": 5.63390827179, "dvar": 56.7099647522, "dvar2": 138.239562988, "max": 160.449630737, "mean": 5.08086776733, "median": 1.92286705971, "min": -1.94855988026, "var": 90.9053573608}, "barkbands_skewness": {"dmean": 0.607045829296, "dmean2": 0.921004712582, "dvar": 0.525334298611, "dvar2": 1.19424951077, "max": 11.6955327988, "mean": 1.52441239357, "median": 1.45187115669, "min": -2.17183709145, "var": 1.94528698921}, "barkbands_spread": {"dmean": 5.09113264084, "dmean2": 7.80773878098, "dvar": 45.1464233398, "dvar2": 94.1023330688, "max": 105.399681091, "mean": 21.08634758, "median": 18.6247119904, "min": 1.3505679369, "var": 192.435714722}, "dissonance": {"dmean": 0.0208165403455, "dmean2": 0.0346232652664, "dvar": 0.000403530459153, "dvar2": 0.00108199252281, "max": 0.500000059605, "mean": 0.455538541079, "median": 0.462860584259, "min": 0.285182744265, "var": 0.000998263829388}, "dynamic_complexity": 3.2541179657, "erbbands": {"dmean": [0.110477991402, 1.15225422382, 3.93930220604, 5.38324689865, 5.10770463943, 6.83792829514, 8.74014663696, 5.93818902969, 5.7511920929, 5.37379455566, 9.33840465546, 11.7567844391, 9.62158203125, 17.1701889038, 16.130191803, 17.6554737091, 11.8675832748, 17.2556762695, 19.6632995605, 14.3373861313, 17.7177124023, 15.016415596, 11.0146503448, 7.75735569, 8.70691108704, 8.24582386017, 4.31525754929, 2.4253911972, 1.60102593899, 1.25851464272, 0.900292217731, 0.713796675205, 0.389593839645, 0.282573223114, 0.206071957946, 0.130463674664, 0.0532717332244, 0.00802227016538, 0.000187068071682, 1.79009475687e-05], "dmean2": [0.171171367168, 1.97215604782, 6.98981761932, 9.29535770416, 8.78412723541, 11.6085166931, 14.3191823959, 9.75241279602, 9.33847904205, 8.31201076508, 13.9652824402, 17.5710449219, 14.4401597977, 25.7379417419, 23.8890304565, 26.0015945435, 18.182056427, 26.0866584778, 30.0843276978, 22.3627376556, 27.8730964661, 23.9611816406, 17.1528759003, 11.7005300522, 13.5266418457, 12.6080684662, 6.49376535416, 3.64168858528, 2.34392595291, 1.83999168873, 1.27379918098, 1.01585054398, 0.546919703484, 0.40067845583, 0.300513923168, 0.189436346292, 0.0777883976698, 0.0116539020091, 0.000270352582447, 2.65327053057e-05], "dvar": [0.0689179971814, 11.2702102661, 107.916870117, 171.246292114, 129.527328491, 353.536834717, 314.118774414, 106.804481506, 117.340141296, 122.054733276, 560.022949219, 1190.85754395, 615.627563477, 2123.79882813, 1816.28100586, 2548.99584961, 1236.21765137, 2784.22021484, 3286.64453125, 1123.76794434, 2682.25390625, 1810.70581055, 986.05456543, 323.726470947, 390.063049316, 241.64894104, 73.2938156128, 24.2662086487, 17.0054969788, 19.9021663666, 12.13463974, 9.05876064301, 1.46735548973, 0.313772469759, 0.178841203451, 0.0736904367805, 0.0129621643573, 0.000292296841508, 1.53432026195e-07, 9.99371918553e-10], "dvar2": [0.15595343709, 30.467382431, 302.007293701, 456.370819092, 362.557495117, 970.913696289, 826.807556152, 274.108886719, 306.834350586, 291.250854492, 1227.86621094, 2695.29467773, 1401.10534668, 4459.91308594, 4046.68139648, 5197.42382813, 2639.48193359, 5920.28125, 7230.78466797, 2633.54150391, 6983.39404297, 4920.21826172, 2291.80883789, 647.772644043, 973.676574707, 562.63873291, 170.255584717, 52.3605575562, 37.123840332, 44.9002418518, 23.3879566193, 19.9930400848, 2.90643024445, 0.646175920963, 0.369976729155, 0.155383110046, 0.0279096793383, 0.000607487512752, 3.14804026402e-07, 2.28821783743e-09], "max": [2.60123133659, 33.5970497131, 111.40750885, 149.933792114, 173.690689087, 268.599029541, 344.228149414, 161.493881226, 269.766571045, 279.399047852, 750.60333252, 729.861572266, 634.08190918, 861.48840332, 1233.8416748, 1227.88952637, 822.555786133, 1178.55944824, 1563.26879883, 709.483764648, 1375.02307129, 988.032165527, 1090.47045898, 507.705322266, 461.973876953, 277.133880615, 205.503936768, 201.305084229, 206.508071899, 184.42477417, 189.470733643, 149.307769775, 45.7586288452, 11.8299856186, 8.35809135437, 3.25406503677, 1.11695146561, 0.204654157162, 0.00460954010487, 0.000281291693682], "mean": [0.149103403091, 1.24094510078, 4.11143541336, 6.36656856537, 8.00315952301, 10.0056209564, 14.022813797, 10.3511991501, 10.6699466705, 10.4729766846, 16.5345249176, 18.5288448334, 15.2077322006, 26.9598045349, 29.0074195862, 28.7229385376, 19.1016616821, 27.1438121796, 30.3029117584, 22.9852790833, 32.1274375916, 29.00548172, 21.3540592194, 16.2420520782, 17.3094081879, 16.6182804108, 9.01857089996, 5.22850990295, 3.05481672287, 2.09107255936, 1.40152907372, 1.05995464325, 0.575764775276, 0.377234220505, 0.245157301426, 0.139695376158, 0.0540584996343, 0.00826982967556, 0.000202891067602, 3.46060405718e-05], "median": [0.0519452914596, 0.599520027637, 1.60489845276, 3.18030261993, 4.32870292664, 5.32752323151, 6.59915828705, 6.11443376541, 6.11371326447, 5.06318759918, 4.79737186432, 3.91644239426, 4.8563451767, 5.69245290756, 6.07947254181, 6.45104169846, 4.79267787933, 6.33610200882, 6.43636703491, 7.0601940155, 5.28793764114, 4.92224025726, 5.10421943665, 4.48196125031, 5.65305614471, 5.63903236389, 2.87058734894, 1.38643884659, 0.741815090179, 0.403367757797, 0.249558731914, 0.18964111805, 0.114666640759, 0.0612781941891, 0.0262890029699, 0.00870644208044, 0.00193038117141, 0.000216703687329, 1.86940433196e-05, 2.30461355386e-05], "min": [6.08888979235e-23, 6.33369276878e-22, 5.63378982719e-21, 8.10318971975e-21, 2.20927453124e-20, 5.22958349722e-20, 5.2213821307e-20, 1.13102796223e-19, 1.47727917505e-19, 3.32994712925e-19, 3.12989530756e-19, 4.75814088976e-19, 4.69915567426e-19, 1.02194328631e-18, 1.08881008549e-18, 1.39250520808e-18, 1.71732838468e-18, 2.40142070994e-18, 3.61992227232e-18, 4.10714116569e-18, 4.20680650333e-18, 4.63910556711e-18, 6.53318249297e-18, 7.38546224685e-18, 6.6287822379e-18, 1.09179238179e-17, 1.10528948784e-17, 1.19520319325e-17, 1.22331294113e-17, 1.20897384793e-17, 9.98578722047e-18, 1.32690093468e-17, 9.50074670724e-18, 9.32855417349e-18, 6.66841701054e-18, 4.49998040553e-18, 2.4123616211e-18, 1.05335112737e-18, 2.42212338631e-19, 2.94735147439e-20], "var": [0.0908215418458, 8.10319805145, 73.4087524414, 134.544570923, 128.563766479, 296.259063721, 479.513793945, 173.369842529, 232.701461792, 277.731719971, 1407.71850586, 2322.84912109, 1191.67407227, 4353.91259766, 4815.87011719, 5361.87939453, 2302.43334961, 5539.24560547, 5912.49902344, 2165.41235352, 6524.21044922, 5197.85205078, 2746.31567383, 1238.26879883, 1050.00244141, 721.583862305, 235.48878479, 100.580062866, 52.4566040039, 46.5967254639, 32.356803894, 20.3290405273, 3.28850746155, 0.605233609676, 0.274095624685, 0.0973151475191, 0.0160446744412, 0.000380202691304, 2.03245207331e-07, 1.32768562811e-09]}, "erbbands_crest": {"dmean": 2.61075282097, "dmean2": 4.19784116745, "dvar": 6.36153268814, "dvar2": 15.3745727539, "max": 29.7944869995, "mean": 9.34474563599, "median": 8.32768058777, "min": 2.35301303864, "var": 18.7262878418}, "erbbands_flatness_db": {"dmean": 0.0237393155694, "dmean2": 0.0302145089954, "dvar": 0.000514053564984, "dvar2": 0.00082157558063, "max": 0.334985882044, "mean": 0.172423243523, "median": 0.175992652774, "min": 0.0483141057193, "var": 0.00243189977482}, "erbbands_kurtosis": {"dmean": 1.02073562145, "dmean2": 1.57476472855, "dvar": 2.12213492393, "dvar2": 4.98402690887, "max": 35.3671569824, "mean": 0.879999876022, "median": 0.0387215390801, "min": -1.83830940723, "var": 6.9629278183}, "erbbands_skewness": {"dmean": 0.352235376835, "dmean2": 0.53118121624, "dvar": 0.116104178131, "dvar2": 0.25055167079, "max": 5.47168397903, "mean": 0.150898456573, "median": 0.218696564436, "min": -5.00681209564, "var": 0.885053396225}, "erbbands_spread": {"dmean": 8.54597759247, "dmean2": 12.5096073151, "dvar": 96.7000961304, "dvar2": 196.644546509, "max": 144.281692505, "mean": 36.8400650024, "median": 33.2300071716, "min": 4.60553789139, "var": 388.771575928}, "gfcc": {"cov": [[11676.2324219, -1631.50366211, -279.986602783, 16.5472660065, -39.6659431458, 231.122619629, -376.355560303, 561.176879883, -529.063903809, 424.429718018, -532.956298828, 298.573394775, -445.104309082], [-1631.50366211, 1873.46557617, -350.522399902, -92.1630783081, 83.2550582886, -126.214904785, 234.630050659, -286.773406982, 249.836380005, -283.90725708, 331.232452393, -294.286193848, 259.067657471], [-279.986602783, -350.522399902, 1297.63635254, -6.55446815491, -78.1179656982, 140.237945557, -49.2302246094, 85.6945724487, -53.4267578125, 100.270637512, -155.147064209, 135.276535034, -83.2513961792], [16.5472660065, -92.1630783081, -6.55446815491, 485.061431885, -12.5274038315, -76.4348068237, -13.4377574921, -37.8634490967, 94.8490753174, -31.5432529449, 10.6951684952, 6.22160816193, 30.741394043], [-39.6659431458, 83.2550582886, -78.1179656982, -12.5274038315, 332.801239014, 2.27705955505, -2.86884498596, 2.41796660423, 36.3034629822, 27.9018821716, -25.9666290283, 9.01511192322, -27.9682159424], [231.122619629, -126.214904785, 140.237945557, -76.4348068237, 2.27705955505, 229.936965942, 44.9808082581, 17.6457881927, -36.694858551, 47.6126976013, 1.94576156139, 22.8591499329, -30.3434772491], [-376.355560303, 234.630050659, -49.2302246094, -13.4377574921, -2.86884498596, 44.9808082581, 208.954620361, 7.87068843842, 22.7355823517, -51.0333633423, 62.7104568481, -22.2242012024, 24.0348320007], [561.176879883, -286.773406982, 85.6945724487, -37.8634490967, 2.41796660423, 17.6457881927, 7.87068843842, 230.645935059, -40.0264282227, 48.4940872192, -71.4814834595, 45.860874176, -26.6539878845], [-529.063903809, 249.836380005, -53.4267578125, 94.8490753174, 36.3034629822, -36.694858551, 22.7355823517, -40.0264282227, 189.880187988, -24.8233337402, 46.1281890869, -39.0004310608, 39.5581893921], [424.429718018, -283.90725708, 100.270637512, -31.5432529449, 27.9018821716, 47.6126976013, -51.0333633423, 48.4940872192, -24.8233337402, 148.310043335, -43.3036651611, 55.4376373291, -54.9497261047], [-532.956298828, 331.232452393, -155.147064209, 10.6951684952, -25.9666290283, 1.94576156139, 62.7104568481, -71.4814834595, 46.1281890869, -43.3036651611, 177.273178101, -56.2929916382, 63.4153938293], [298.573394775, -294.286193848, 135.276535034, 6.22160816193, 9.01511192322, 22.8591499329, -22.2242012024, 45.860874176, -39.0004310608, 55.4376373291, -56.2929916382, 141.959854126, -43.7299194336], [-445.104309082, 259.067657471, -83.2513961792, 30.741394043, -27.9682159424, -30.3434772491, 24.0348320007, -26.6539878845, 39.5581893921, -54.9497261047, 63.4153938293, -43.7299194336, 145.859893799]], "icov": [[0.000190271370229, -0.000360326695954, 0.000255371094681, -0.000344731553923, 0.000248697324423, -0.000421466480475, 0.000447852333309, -0.000537903339136, 0.000565036549233, -0.000467367877718, 0.000593704171479, -0.00034072555718, 0.000537359679583], [-0.000360326695954, 0.00314201973379, -0.000933417526539, 0.00189092883375, -0.00151558057405, 0.00197107065469, -0.00233992189169, 0.00253689638339, -0.00260978448205, 0.00268764817156, -0.00305820442736, 0.00284785078838, -0.00273920572363], [0.000255371094681, -0.000933417526539, 0.00143754063174, -0.000738675473258, 0.000875284837093, -0.00138220877852, 0.000944064697251, -0.0010015568696, 0.000834214442875, -0.00109089934267, 0.00190121179912, -0.00143533188384, 0.00106092076749], [-0.000344731553923, 0.00189092883375, -0.000738675473258, 0.00370628410019, -0.000779885216616, 0.00193635106552, -0.00142516416963, 0.00198379578069, -0.00302407215349, 0.00207954691723, -0.00192886881996, 0.00103301729541, -0.00201074965298], [0.000248697324423, -0.00151558057405, 0.000875284837093, -0.000779885216616, 0.00413178279996, -0.00116985104978, 0.00102477497421, -0.00116972601973, 0.000370083580492, -0.00196971255355, 0.00241091614589, -0.00158347189426, 0.00191568350419], [-0.000421466480475, 0.00197107065469, -0.00138220877852, 0.00193635106552, -0.00116985104978, 0.00731787877157, -0.0034675844945, 0.00221431092359, -0.00118045276031, -6.76105119055e-05, -0.00295902276412, 0.00189000880346, -0.00156219070777], [0.000447852333309, -0.00233992189169, 0.000944064697251, -0.00142516416963, 0.00102477497421, -0.0034675844945, 0.0085450457409, -0.00356185156852, 0.00159059732687, 0.000613834999967, 0.000346872024238, -0.00248726760037, 0.0026814462617], [-0.000537903339136, 0.00253689638339, -0.0010015568696, 0.00198379578069, -0.00116972601973, 0.00221431092359, -0.00356185156852, 0.00802928581834, -0.00206333654933, 0.00079894461669, -0.000632563605905, 0.00170903734397, -0.00319859595038], [0.000565036549233, -0.00260978448205, 0.000834214442875, -0.00302407215349, 0.000370083580492, -0.00118045276031, 0.00159059732687, -0.00206333654933, 0.00964913703501, -0.00308318808675, 0.001956010703, -0.00101662718225, 0.00172569300048], [-0.000467367877718, 0.00268764817156, -0.00109089934267, 0.00207954691723, -0.00196971255355, -6.76105119055e-05, 0.000613834999967, 0.00079894461669, -0.00308318808675, 0.0130734080449, -0.00358866504394, 1.46470147229e-05, -0.000281735265162], [0.000593704171479, -0.00305820442736, 0.00190121179912, -0.00192886881996, 0.00241091614589, -0.00295902276412, 0.000346872024238, -0.000632563605905, 0.001956010703, -0.00358866504394, 0.0128880552948, -0.00154207530431, 0.00046107993694], [-0.00034072555718, 0.00284785078838, -0.00143533188384, 0.00103301729541, -0.00158347189426, 0.00189000880346, -0.00248726760037, 0.00170903734397, -0.00101662718225, 1.46470147229e-05, -0.00154207530431, 0.0124393869191, -0.00164207210764], [0.000537359679583, -0.00273920572363, 0.00106092076749, -0.00201074965298, 0.00191568350419, -0.00156219070777, 0.0026814462617, -0.00319859595038, 0.00172569300048, -0.000281735265162, 0.00046107993694, -0.00164207210764, 0.0121392915025]], "mean": [-34.3261566162, 116.494926453, -117.742515564, 43.7831726074, -48.6603355408, 7.39009952545, -31.74700737, 3.84715247154, -26.204492569, 1.93262302876, -12.3105592728, -3.77155447006, -4.89240121841]}, "hfc": {"dmean": 5.97183418274, "dmean2": 8.4370765686, "dvar": 68.7864379883, "dvar2": 145.305603027, "max": 129.057510376, "mean": 16.8364181519, "median": 10.5619735718, "min": 1.10813039002e-16, "var": 286.21105957}, "melbands": {"dmean": [0.00110013922676, 0.00186951609794, 0.000902030151337, 0.000406622188166, 0.000307183421683, 0.000138993214932, 8.36376784719e-05, 6.15030439803e-05, 8.18587650429e-05, 7.29813764337e-05, 4.97228829772e-05, 7.10894964868e-05, 5.89856790612e-05, 5.24079223396e-05, 3.84146842407e-05, 2.56342627836e-05, 3.64676488971e-05, 3.45803164237e-05, 2.36199412029e-05, 1.93940777535e-05, 2.58792406385e-05, 1.9791394152e-05, 1.16491964945e-05, 1.01204313978e-05, 6.69585551805e-06, 7.2595362326e-06, 5.93769436819e-06, 6.06246840107e-06, 3.13059354085e-06, 2.41555039793e-06, 1.35104914989e-06, 1.00537192793e-06, 8.40256006995e-07, 7.17260718375e-07, 5.45507589322e-07, 4.88121543185e-07, 4.36828031525e-07, 2.96526252441e-07, 2.25217078764e-07, 2.55309544173e-07], "dmean2": [0.00178718927782, 0.00328003824688, 0.00155043310951, 0.00069455022458, 0.000506333832163, 0.000227257798542, 0.000135108391987, 9.4758317573e-05, 0.000122430865304, 0.000109532906208, 7.49945029384e-05, 0.000106643186882, 8.83124521351e-05, 7.55201544962e-05, 5.7502900745e-05, 4.02321493311e-05, 5.57816420041e-05, 5.25949981238e-05, 3.78841577913e-05, 2.99887797155e-05, 4.12283916376e-05, 3.16792575177e-05, 1.83507145266e-05, 1.5916670236e-05, 1.00835823105e-05, 1.14607410069e-05, 9.09330174181e-06, 9.35864409257e-06, 4.78115953229e-06, 3.71799023924e-06, 2.04190382647e-06, 1.49472441535e-06, 1.24029918425e-06, 1.07321761789e-06, 7.95378241492e-07, 7.01547605786e-07, 6.34599075511e-07, 4.23816914008e-07, 3.23239618183e-07, 3.7072462078e-07], "dvar": [8.31202851259e-06, 2.46642885031e-05, 4.42036343884e-06, 1.06560594304e-06, 4.34177877651e-07, 5.77874388341e-08, 2.33613537404e-08, 1.57788893063e-08, 4.06210460824e-08, 4.67868801479e-08, 1.70566867297e-08, 3.68581112298e-08, 2.67885695848e-08, 2.34586643444e-08, 1.35707898252e-08, 6.27466612002e-09, 1.40522953274e-08, 1.24426513537e-08, 3.08829228857e-09, 2.61473620533e-09, 7.19500325985e-09, 4.11339629025e-09, 1.15572373893e-09, 6.91261770047e-10, 2.9766855647e-10, 4.13127948518e-10, 1.18327625476e-10, 1.51089321609e-10, 4.08499137294e-11, 3.17833294405e-11, 8.76902196689e-12, 6.03263099197e-12, 6.16408356649e-12, 8.36476894694e-12, 4.66611081371e-12, 4.17505786887e-12, 3.34452756288e-12, 1.02861870497e-12, 2.68874576466e-13, 2.71203578258e-13], "dvar2": [2.06368349609e-05, 6.77994103171e-05, 1.18014095278e-05, 2.95722065857e-06, 1.16273758977e-06, 1.49830682972e-07, 6.0244772726e-08, 3.69427901603e-08, 8.78621690958e-08, 1.08089729167e-07, 3.87380332256e-08, 7.74107249413e-08, 6.04593921594e-08, 4.42607621665e-08, 2.91459389956e-08, 1.42352050148e-08, 2.99755882338e-08, 2.58702463896e-08, 7.35477101443e-09, 6.10199624163e-09, 1.94471088122e-08, 1.15435305759e-08, 2.79026735051e-09, 1.59087454321e-09, 5.65317181955e-10, 1.02609010177e-09, 2.75167472141e-10, 3.59807683648e-10, 9.63041660307e-11, 7.18452658477e-11, 1.98869601342e-11, 1.35884081764e-11, 1.3591469096e-11, 2.05572035089e-11, 9.57518179329e-12, 8.82686111703e-12, 7.56504320992e-12, 2.07949174373e-12, 5.66378107608e-13, 5.81839426899e-13], "max": [0.03051956743, 0.0529394298792, 0.0250070877373, 0.0157363954931, 0.0100774075836, 0.00353802065365, 0.00434970250353, 0.00270956894383, 0.00563527876511, 0.00427221087739, 0.00332839903422, 0.00379413110204, 0.00453074043617, 0.0034460707102, 0.00302688730881, 0.00159283983521, 0.00266301166266, 0.00332577549852, 0.00165042851586, 0.0010642107809, 0.00217776559293, 0.00160823424812, 0.00111859641038, 0.000731424021069, 0.000524443690665, 0.000629944610409, 0.000233205108088, 0.000258910062257, 0.000127774692373, 0.000154707246111, 0.000122816622024, 0.000124089594465, 0.000115719682071, 0.000126420869492, 0.000117400231829, 0.000113869791676, 7.91544152889e-05, 4.31648586527e-05, 1.51911081048e-05, 1.16809123938e-05], "mean": [0.00141280679964, 0.00202463357709, 0.00115990126505, 0.000638908764813, 0.00049318530364, 0.000245449366048, 0.000156272159074, 0.000117337389383, 0.000141592492582, 0.000111043649667, 7.38878879929e-05, 0.000107231047878, 9.55370924203e-05, 8.49807329359e-05, 5.61089655093e-05, 3.72161775886e-05, 5.23689777765e-05, 4.91992504976e-05, 3.424517854e-05, 2.88077499135e-05, 4.4079071813e-05, 3.58889847121e-05, 1.90116297745e-05, 1.88014473679e-05, 1.21298025988e-05, 1.32827917696e-05, 1.08565263872e-05, 1.12940206236e-05, 5.54751477466e-06, 4.79386426377e-06, 2.5001488666e-06, 1.8208304482e-06, 1.33924413603e-06, 1.09499501377e-06, 8.18886576326e-07, 7.11429038347e-07, 6.23284734047e-07, 4.22640908937e-07, 3.15147218544e-07, 3.23280573866e-07], "median": [0.000616863253526, 0.000927405897528, 0.000658155127894, 0.00035911030136, 0.000250741170021, 0.000144997466123, 9.00367449503e-05, 5.28943855898e-05, 3.6931836803e-05, 2.15124018723e-05, 2.05906944757e-05, 2.02846349566e-05, 1.72239379026e-05, 1.463172066e-05, 1.35622285597e-05, 7.52195774112e-06, 1.0122452295e-05, 8.00706948212e-06, 1.0239700714e-05, 6.09823655395e-06, 5.4260417528e-06, 4.80111111756e-06, 4.2063966248e-06, 3.92411311623e-06, 3.2225339055e-06, 3.59662089977e-06, 3.91080266127e-06, 3.54856661033e-06, 1.69755867319e-06, 1.0149587979e-06, 6.87015585754e-07, 4.23769620284e-07, 2.68731696451e-07, 1.93499602119e-07, 1.42739338571e-07, 1.17826580492e-07, 1.04058514694e-07, 7.53163078571e-08, 6.59769341382e-08, 4.36251426095e-08], "min": [1.01058968833e-24, 3.15552960672e-24, 2.08172247899e-24, 2.33170323074e-24, 1.82936271997e-24, 2.71134845783e-24, 3.09274870323e-24, 2.88448469108e-24, 3.53169161849e-24, 2.96509109002e-24, 2.26039158541e-24, 4.40678961458e-24, 2.48807143659e-24, 3.88595721811e-24, 4.20389340646e-24, 3.16569467113e-24, 3.58928595875e-24, 3.13693832455e-24, 4.04776047838e-24, 4.28871606973e-24, 4.5657648085e-24, 5.30733468575e-24, 3.626480356e-24, 6.499910542e-24, 5.01774739732e-24, 5.57064817287e-24, 4.86970936541e-24, 5.33827775475e-24, 4.2182565914e-24, 5.8764153929e-24, 6.48704737608e-24, 5.62998274029e-24, 6.13688148659e-24, 5.17035175057e-24, 4.60598882606e-24, 7.03718911062e-24, 7.02854398396e-24, 5.41543623989e-24, 6.25837119359e-24, 7.22025769431e-24], "var": [8.48046602187e-06, 1.70726725628e-05, 3.58052830052e-06, 9.2223831416e-07, 5.56260431495e-07, 9.52710195179e-08, 5.06176895954e-08, 3.78071050022e-08, 1.05838161346e-07, 8.92035600941e-08, 3.16391641775e-08, 7.48677635443e-08, 5.4789943249e-08, 5.58219355185e-08, 2.2896946561e-08, 1.05091100266e-08, 2.46493687683e-08, 2.17286171278e-08, 4.96043872644e-09, 5.37853450666e-09, 1.68145550816e-08, 1.12942766251e-08, 2.78486034233e-09, 2.1176669307e-09, 9.91906223824e-10, 9.88774728761e-10, 3.05847597248e-10, 3.94577120977e-10, 9.16724890443e-11, 1.16502155145e-10, 2.62937397549e-11, 1.85045485879e-11, 1.4753177846e-11, 1.62300797801e-11, 1.10591518582e-11, 1.03020439401e-11, 6.93212371186e-12, 2.14407484822e-12, 5.28181177181e-13, 4.66544066834e-13]}, "melbands_crest": {"dmean": 2.90952801704, "dmean2": 4.7530837059, "dvar": 8.06345558167, "dvar2": 18.995721817, "max": 31.0518722534, "mean": 12.7483882904, "median": 12.0208072662, "min": 1.73039829731, "var": 20.2024040222}, "melbands_flatness_db": {"dmean": 0.0269216224551, "dmean2": 0.0396920628846, "dvar": 0.000831416808069, "dvar2": 0.00173790217377, "max": 0.515571117401, "mean": 0.228541329503, "median": 0.216378524899, "min": 0.00316807162017, "var": 0.00555314589292}, "melbands_kurtosis": {"dmean": 8.48191070557, "dmean2": 13.5234270096, "dvar": 324.725769043, "dvar2": 805.096618652, "max": 348.568115234, "mean": 14.3895673752, "median": 7.87175750732, "min": -1.83138501644, "var": 475.595855713}, "melbands_skewness": {"dmean": 0.805918097496, "dmean2": 1.22364652157, "dvar": 0.96457105875, "dvar2": 2.20196437836, "max": 13.5104265213, "mean": 2.61402463913, "median": 2.44187498093, "min": -1.14709162712, "var": 3.00414419174}, "melbands_spread": {"dmean": 6.7565574646, "dmean2": 10.3826446533, "dvar": 96.0518722534, "dvar2": 218.640625, "max": 186.398971558, "mean": 24.5642642975, "median": 18.1415176392, "min": 0.88981205225, "var": 479.180969238}, "mfcc": {"cov": [[7348.83007813, -976.387145996, -743.641479492, 98.0526504517, 46.1003608704, -96.2844390869, 87.7663040161, 50.7731285095, 67.7050323486, 48.0690612793, 36.884677887, 54.4309387207, 13.2287359238], [-976.387145996, 1620.44726563, -138.749267578, -105.652893066, -5.62780666351, 16.5289478302, 72.7487792969, -16.9676265717, -41.4481773376, 62.8654975891, -19.7001419067, -58.8730163574, 1.48141038418], [-743.641479492, -138.749267578, 1068.26574707, 13.5203447342, -11.82609272, 75.5881958008, -20.2910404205, 30.599193573, 45.6308631897, -19.0625267029, 7.39780902863, -21.6134490967, -23.388671875], [98.0526504517, -105.652893066, 13.5203447342, 419.666748047, 51.4650840759, -3.07964754105, -85.1870193481, 13.8731079102, 44.6320419312, -36.8864517212, -14.2861862183, 39.5372467041, -0.834933698177], [46.1003608704, -5.62780666351, -11.82609272, 51.4650840759, 240.847061157, 28.4000701904, -37.563583374, -23.6609687805, 32.2095031738, 14.4749660492, 2.51592707634, 3.12073731422, 12.0351057053], [-96.2844390869, 16.5289478302, 75.5881958008, -3.07964754105, 28.4000701904, 243.300598145, -5.10998439789, 0.129329562187, -33.3922157288, -2.96517395973, 41.6047401428, -3.02157783508, 7.77125597], [87.7663040161, 72.7487792969, -20.2910404205, -85.1870193481, -37.563583374, -5.10998439789, 203.300811768, 30.9953212738, -13.5315351486, 17.5563659668, -3.23984098434, -2.31028485298, -2.18898463249], [50.7731285095, -16.9676265717, 30.599193573, 13.8731079102, -23.6609687805, 0.129329562187, 30.9953212738, 143.46685791, 31.5073451996, 4.5808506012, 7.48814964294, 2.20443868637, 17.4103927612], [67.7050323486, -41.4481773376, 45.6308631897, 44.6320419312, 32.2095031738, -33.3922157288, -13.5315351486, 31.5073451996, 138.30506897, 19.7859210968, -10.5855607986, -2.77239537239, -2.5431842804], [48.0690612793, 62.8654975891, -19.0625267029, -36.8864517212, 14.4749660492, -2.96517395973, 17.5563659668, 4.5808506012, 19.7859210968, 107.873886108, 15.0863170624, -1.01608276367, 1.90046679974], [36.884677887, -19.7001419067, 7.39780902863, -14.2861862183, 2.51592707634, 41.6047401428, -3.23984098434, 7.48814964294, -10.5855607986, 15.0863170624, 104.837692261, 15.6765651703, -1.02620387077], [54.4309387207, -58.8730163574, -21.6134490967, 39.5372467041, 3.12073731422, -3.02157783508, -2.31028485298, 2.20443868637, -2.77239537239, -1.01608276367, 15.6765651703, 92.110496521, 20.7852401733], [13.2287359238, 1.48141038418, -23.388671875, -0.834933698177, 12.0351057053, 7.77125597, -2.18898463249, 17.4103927612, -2.5431842804, 1.90046679974, -1.02620387077, 20.7852401733, 91.1726837158]], "icov": [[0.000168798855157, 0.000117232237244, 0.000132625747938, -3.90210916521e-05, -2.37020340137e-05, 1.76655266841e-05, -0.000114207163278, -3.07775699184e-05, -6.39161444269e-05, -8.99498772924e-05, -5.74575497012e-05, 2.80210097117e-05, 5.08409220856e-06], [0.000117232237244, 0.000754148757551, 0.000169129256392, 1.38805280585e-05, -2.40352292167e-05, -5.73692232138e-05, -0.000254766579019, 3.99247837777e-05, 0.000147283557453, -0.000453703600215, 0.000117483905342, 0.000434551824583, -7.5607211329e-05], [0.000132625747938, 0.000169129256392, 0.00111549370922, 5.25301265952e-06, 9.92381465039e-05, -0.000381276535336, -3.79346533919e-06, -0.000181736759259, -0.000467047793791, 0.000112255460408, -2.35168463405e-05, 0.000211379592656, 0.000254406302702], [-3.90210916521e-05, 1.38805280585e-05, 5.25301265952e-06, 0.00302234129049, -0.000470363040222, -0.000124059748487, 0.00113417522516, -0.000537140294909, -0.000756736495532, 0.000978538068011, 0.00056484004017, -0.00143862538971, 0.000529753509909], [-2.37020340137e-05, -2.40352292167e-05, 9.92381465039e-05, -0.000470363040222, 0.00478682620451, -0.000748832360841, 0.000489920552354, 0.00111613736954, -0.00129813572858, -0.000652365328278, -1.87007062777e-05, 0.00016099397908, -0.00080397061538], [1.76655266841e-05, -5.73692232138e-05, -0.000381276535336, -0.000124059748487, -0.000748832360841, 0.00485996250063, -1.74158703885e-05, -0.000199180300115, 0.00136256439146, 0.000189173806575, -0.00188559433445, 0.000582252396271, -0.000498256878927], [-0.000114207163278, -0.000254766579019, -3.79346533919e-06, 0.00113417522516, 0.000489920552354, -1.74158703885e-05, 0.00595163460821, -0.00150256138295, 0.000556205341127, -0.000597845879383, 0.000678823911585, -0.000651468290016, 0.000580898136832], [-3.07775699184e-05, 3.99247837777e-05, -0.000181736759259, -0.000537140294909, 0.00111613736954, -0.000199180300115, -0.00150256138295, 0.00835311599076, -0.00221084826626, 8.93248507055e-05, -0.000963059952483, 0.000498734472785, -0.00199734256603], [-6.39161444269e-05, 0.000147283557453, -0.000467047793791, -0.000756736495532, -0.00129813572858, 0.00136256439146, 0.000556205341127, -0.00221084826626, 0.0092611014843, -0.00199946528301, 0.000799838395324, 0.000495293817949, 0.000566991278902], [-8.99498772924e-05, -0.000453703600215, 0.000112255460408, 0.000978538068011, -0.000652365328278, 0.000189173806575, -0.000597845879383, 8.93248507055e-05, -0.00199946528301, 0.0107234856114, -0.00172388914507, -0.000234322258621, -0.00014852451568], [-5.74575497012e-05, 0.000117483905342, -2.35168463405e-05, 0.00056484004017, -1.87007062777e-05, -0.00188559433445, 0.000678823911585, -0.000963059952483, 0.000799838395324, -0.00172388914507, 0.0111814700067, -0.00230120704509, 0.00107768294401], [2.80210097117e-05, 0.000434551824583, 0.000211379592656, -0.00143862538971, 0.00016099397908, 0.000582252396271, -0.000651468290016, 0.000498734472785, 0.000495293817949, -0.000234322258621, -0.00230120704509, 0.0128722572699, -0.003093611449], [5.08409220856e-06, -7.5607211329e-05, 0.000254406302702, 0.000529753509909, -0.00080397061538, -0.000498256878927, 0.000580898136832, -0.00199734256603, 0.000566991278902, -0.00014852451568, 0.00107768294401, -0.003093611449, 0.012319073081]], "mean": [-674.646484375, 138.779998779, -2.78318500519, 38.3877983093, 5.09667444229, 7.66780424118, 6.07454204559, -0.974705338478, -0.887191832066, 1.41712391376, -5.8064699173, -0.981123805046, 0.778219878674]}, "pitch_salience": {"dmean": 0.0701659843326, "dmean2": 0.113860733807, "dvar": 0.00413114018738, "dvar2": 0.010813549161, "max": 0.881895899773, "mean": 0.553670883179, "median": 0.555245816708, "min": 0.182909488678, "var": 0.00974486395717}, "silence_rate_20dB": {"dmean": 0, "dmean2": 0, "dvar": 0, "dvar2": 0, "max": 1, "mean": 1, "median": 1, "min": 1, "var": 0}, "silence_rate_30dB": {"dmean": 0.011783878319, "dmean2": 0.0235707126558, "dvar": 0.011643961072, "dvar2": 0.0325403437018, "max": 1, "mean": 0.992980718613, "median": 1, "min": 0, "var": 0.00697032129392}, "silence_rate_60dB": {"dmean": 0.0198069456965, "dmean2": 0.0396188572049, "dvar": 0.0194156970829, "dvar2": 0.0485742837191, "max": 1, "mean": 0.0438706427813, "median": 0, "min": 0, "var": 0.0419444404542}, "spectral_centroid": {"dmean": 236.9324646, "dmean2": 358.712036133, "dvar": 101086.375, "dvar2": 215453.359375, "max": 11694.0878906, "mean": 1326.17492676, "median": 1176.45800781, "min": 108.518310547, "var": 813383.125}, "spectral_complexity": {"dmean": 3.37620663643, "dmean2": 5.00025081635, "dvar": 17.1533279419, "dvar2": 33.0546073914, "max": 51, "mean": 15.6700925827, "median": 14, "min": 0, "var": 74.1920394897}, "spectral_contrast_coeffs": {"dmean": [0.0485273711383, 0.044180367142, 0.0432668067515, 0.0380168296397, 0.0327726788819, 0.0238546468318], "dmean2": [0.0791804865003, 0.0719769075513, 0.0680553838611, 0.0597582757473, 0.0506274998188, 0.0358029939234], "dvar": [0.00197515171021, 0.00136150291655, 0.00137312000152, 0.00104031478986, 0.000824108254164, 0.000464945478598], "dvar2": [0.00500940904021, 0.00353921600617, 0.00315227685496, 0.00242932653055, 0.00175191171002, 0.000925744941924], "max": [-0.319096595049, -0.430044680834, -0.472485870123, -0.470823079348, -0.472967684269, -0.500191628933], "mean": [-0.650622427464, -0.709734499454, -0.737662434578, -0.743507146835, -0.754281401634, -0.742260813713], "median": [-0.659512758255, -0.712369441986, -0.74447196722, -0.748334288597, -0.764582276344, -0.753610312939], "min": [-0.977881252766, -0.975996077061, -0.977098166943, -0.97018879652, -0.968282282352, -0.96331089735], "var": [0.00627773115411, 0.00441117957234, 0.00541333667934, 0.00459425104782, 0.00514911022037, 0.00361551484093]}, "spectral_contrast_valleys": {"dmean": [0.42995133996, 0.390990614891, 0.393386006355, 0.362528264523, 0.368676513433, 0.511164426804], "dmean2": [0.670224189758, 0.601078927517, 0.602544546127, 0.544320940971, 0.520680487156, 0.601066529751], "dvar": [0.213005393744, 0.159689337015, 0.152119323611, 0.151608929038, 0.17397518456, 0.304263681173], "dvar2": [0.432421714067, 0.309122949839, 0.296997368336, 0.274680048227, 0.292735159397, 0.437175959349], "max": [-5.07795000076, -4.92744350433, -5.5281329155, -5.56121063232, -5.71640539169, -7.87675571442], "mean": [-7.14125204086, -7.14335441589, -7.89255189896, -8.31177139282, -8.11335277557, -11.0592956543], "median": [-6.92218780518, -7.01673793793, -7.78854799271, -8.19055747986, -7.98401451111, -10.9656705856], "min": [-28.3610553741, -28.0160713196, -27.8608493805, -27.5743331909, -27.4399738312, -27.3883304596], "var": [2.0815243721, 1.96313941479, 1.9270055294, 1.98408663273, 2.15083169937, 2.48212075233]}, "spectral_decrease": {"dmean": 3.05517233734e-09, "dmean2": 4.85939644079e-09, "dvar": 3.56667144505e-17, "dvar2": 8.9745377458e-17, "max": 1.27977924434e-28, "mean": -6.02362693058e-09, "median": -4.40902514498e-09, "min": -6.23101712449e-08, "var": 3.82753641698e-17}, "spectral_energy": {"dmean": 0.0119793899357, "dmean2": 0.0189605988562, "dvar": 0.000528620032128, "dvar2": 0.00132462300826, "max": 0.240493312478, "mean": 0.024261739105, "median": 0.0179189667106, "min": 1.02144155603e-20, "var": 0.000586370239034}, "spectral_energyband_high": {"dmean": 0.000280422682408, "dmean2": 0.0003981012851, "dvar": 2.67233417617e-07, "dvar2": 5.28176315129e-07, "max": 0.0188956297934, "mean": 0.00059173576301, "median": 0.000203246920137, "min": 7.15518257662e-21, "var": 9.96118274088e-07}, "spectral_energyband_low": {"dmean": 0.00840567983687, "dmean2": 0.0138490954414, "dvar": 0.000399376905989, "dvar2": 0.00103986344766, "max": 0.204446345568, "mean": 0.0106792896986, "median": 0.00540227722377, "min": 1.7127885236e-23, "var": 0.000347960158251}, "spectral_energyband_middle_high": {"dmean": 0.00196624477394, "dmean2": 0.00280606234446, "dvar": 9.53477137955e-06, "dvar2": 1.97392255359e-05, "max": 0.0447133928537, "mean": 0.00538337184116, "median": 0.00232227076776, "min": 1.17795355892e-21, "var": 4.29365209129e-05}, "spectral_energyband_middle_low": {"dmean": 0.00427242182195, "dmean2": 0.00699750380591, "dvar": 7.7853386756e-05, "dvar2": 0.000208615500014, "max": 0.119959160686, "mean": 0.00886895600706, "median": 0.00650255195796, "min": 2.1727556785e-22, "var": 8.27715703053e-05}, "spectral_entropy": {"dmean": 0.197637930512, "dmean2": 0.269072264433, "dvar": 0.0450561158359, "dvar2": 0.0773114711046, "max": 9.82189178467, "mean": 7.28028249741, "median": 7.32151794434, "min": 5.38709068298, "var": 0.245533421636}, "spectral_flux": {"dmean": 0.0328279621899, "dmean2": 0.0499098971486, "dvar": 0.00200517941266, "dvar2": 0.00396516919136, "max": 0.457199692726, "mean": 0.0855132639408, "median": 0.0673625543714, "min": 6.39244907008e-11, "var": 0.00400973111391}, "spectral_kurtosis": {"dmean": 2.35116577148, "dmean2": 3.86886668205, "dvar": 9.18156051636, "dvar2": 22.3405437469, "max": 59.9994392395, "mean": 5.72467184067, "median": 4.5486702919, "min": -1.25958061218, "var": 23.3594703674}, "spectral_rms": {"dmean": 0.00100393046159, "dmean2": 0.00150368898176, "dvar": 2.20012225327e-06, "dvar2": 5.01668409925e-06, "max": 0.0153175592422, "mean": 0.00442765979096, "median": 0.00418113870546, "min": 3.15678386209e-12, "var": 4.06582830692e-06}, "spectral_rolloff": {"dmean": 382.926513672, "dmean2": 642.649475098, "dvar": 628785.8125, "dvar2": 1371718.75, "max": 19702.8808594, "mean": 1336.75805664, "median": 925.927734375, "min": 86.1328125, "var": 2392641.25}, "spectral_skewness": {"dmean": 0.281388312578, "dmean2": 0.440649211407, "dvar": 0.0829993113875, "dvar2": 0.185669153929, "max": 5.90809392929, "mean": 1.59014856815, "median": 1.52252721786, "min": -0.208344951272, "var": 0.423347353935}, "spectral_spread": {"dmean": 675269.5, "dmean2": 886920.75, "dvar": 900069457920, "dvar2": 1509279662080.0, "max": 427972