{"lowlevel": {"average_loudness": 0.947387993336, "barkbands": {"dmean": [3.32596391672e-05, 0.00215416634455, 0.00222476245835, 0.00168391061015, 0.00291175907478, 0.00205384287983, 0.00151435052976, 0.00111879571341, 0.00107525277417, 0.000794750405475, 0.000738655100577, 0.00030281880754, 0.000324528344208, 0.000269132491667, 0.000280917651253, 0.000230192526942, 0.000222865099204, 0.000237446336541, 0.000144765319419, 8.77377242432e-05, 6.06965913903e-05, 4.05993632739e-05, 4.99938905705e-05, 0.000101347126474, 0.000149634593981, 6.45303080091e-05, 1.91127601283e-05], "dmean2": [5.33347520104e-05, 0.0035963722039, 0.00388504052535, 0.00285279517993, 0.00474303262308, 0.00305628194474, 0.00227649859153, 0.00163193966728, 0.00162348616868, 0.00124839157797, 0.00117261870764, 0.000481415045215, 0.000527877011336, 0.00043781218119, 0.000457364949398, 0.00037993612932, 0.000362181221135, 0.000383737758966, 0.000234167266171, 0.000141564945807, 9.43167251535e-05, 6.16281613475e-05, 7.22368567949e-05, 0.00014631517115, 0.000227145355893, 0.000100660363387, 3.12936135742e-05], "dvar": [3.48114848059e-09, 1.77831770998e-05, 2.41407215071e-05, 9.12754512683e-06, 3.7183654058e-05, 1.4843621102e-05, 8.97244626685e-06, 4.04200727644e-06, 3.71364671992e-06, 3.29077079186e-06, 4.00929866373e-06, 9.24228288568e-07, 5.24392589796e-07, 3.53216648818e-07, 2.35432139561e-07, 1.40713268593e-07, 1.71168778706e-07, 1.36366054448e-07, 6.53036238418e-08, 2.32121202259e-08, 1.28864483528e-08, 4.1460603839e-09, 9.17937370559e-09, 3.58388945187e-08, 8.84440893856e-08, 2.1303828035e-08, 3.34050276329e-09], "dvar2": [8.77948647116e-09, 4.73737381981e-05, 7.00027158018e-05, 2.32778329519e-05, 9.46890213527e-05, 3.42378662026e-05, 2.13165767491e-05, 9.62273043115e-06, 8.45284921525e-06, 8.22782203613e-06, 1.05430090116e-05, 2.33265586758e-06, 1.28870419758e-06, 8.59078454596e-07, 5.97309679051e-07, 3.40181088632e-07, 4.15181062863e-07, 3.51953389099e-07, 1.68036507375e-07, 6.39492938603e-08, 3.11332790659e-08, 9.33284383109e-09, 1.96173157718e-08, 7.20761050843e-08, 2.10598130934e-07, 5.20594589659e-08, 8.72405969687e-09], "max": [0.000646166445222, 0.0349171943963, 0.0393563136458, 0.0308456346393, 0.0649505704641, 0.0657073259354, 0.060093075037, 0.0350683294237, 0.0399259999394, 0.0308839585632, 0.0608038455248, 0.0248259436339, 0.0193257760257, 0.0119379358366, 0.0108385859057, 0.0123350704089, 0.0119068436325, 0.00660985987633, 0.00600640242919, 0.00347939645872, 0.0044141728431, 0.00176877970807, 0.00241841911338, 0.00370760448277, 0.00395349645987, 0.00279317167588, 0.00124876771588], "mean": [4.38340503024e-05, 0.00341379409656, 0.00356744392775, 0.00263894861564, 0.00439582858235, 0.00420386809856, 0.00315534183756, 0.00217560911551, 0.00185064866673, 0.00124696770217, 0.00112319039181, 0.000436555594206, 0.000523655849975, 0.000421057455242, 0.000461192044895, 0.000393245718442, 0.000403331650887, 0.000462431344204, 0.000283026573015, 0.000184430231457, 0.000130723856273, 9.17140714591e-05, 9.41790858633e-05, 0.000197630681214, 0.000228173521464, 8.0351397628e-05, 1.75992590812e-05], "median": [1.7304386347e-05, 0.00221953936853, 0.00274839065969, 0.00175141973887, 0.00212990585715, 0.00178047560621, 0.001718361862, 0.00116971891839, 0.00102604483254, 0.000503266695887, 0.000433249311754, 0.000150764040882, 0.000242828507908, 0.000171856750967, 0.00025201117387, 0.000241570058279, 0.000205182426726, 0.000274082267424, 0.000165627381648, 0.000120187636639, 8.17195032141e-05, 6.05010573054e-05, 4.18392446591e-05, 0.000103075421066, 9.89472318906e-05, 2.34875278693e-05, 3.31080536853e-06], "min": [1.1768290303e-17, 7.04195332904e-17, 4.44974432072e-17, 6.97333241066e-17, 1.90566398916e-16, 2.38568470721e-16, 1.8297319853e-16, 2.46839879799e-16, 5.66290441392e-16, 4.90443352586e-16, 3.65049733275e-16, 3.1880962235e-16, 2.89924634178e-16, 5.86692659295e-16, 6.05483661713e-16, 4.44295091796e-16, 7.64269569736e-16, 9.20581982735e-16, 1.18664434883e-15, 1.21966973993e-15, 1.77904638077e-15, 2.07475913518e-15, 9.96059754588e-15, 1.66331876793e-14, 2.85411817335e-14, 7.11314348894e-14, 2.65181036851e-11], "var": [4.55863347071e-09, 1.85761527973e-05, 1.97796907742e-05, 1.03025222415e-05, 4.5099426643e-05, 4.30841864727e-05, 2.50739522016e-05, 9.39358051255e-06, 7.37710070098e-06, 5.596981282e-06, 6.62840329824e-06, 1.35106222388e-06, 1.00971124084e-06, 6.47245826713e-07, 4.16861013264e-07, 2.70022297855e-07, 3.62138962373e-07, 3.17072192502e-07, 1.5708857859e-07, 4.89967995065e-08, 2.62585864164e-08, 1.06762154672e-08, 2.07607140368e-08, 9.41127211718e-08, 1.43555197951e-07, 2.48213734011e-08, 2.59783750067e-09]}, "barkbands_crest": {"dmean": 2.40157341957, "dmean2": 3.89662337303, "dvar": 5.83608293533, "dvar2": 14.5549058914, "max": 26.9431552887, "mean": 9.1246213913, "median": 7.85548496246, "min": 2.60277605057, "var": 20.5733909607}, "barkbands_flatness_db": {"dmean": 0.0189183969051, "dmean2": 0.029535677284, "dvar": 0.000378872820875, "dvar2": 0.000927660439629, "max": 0.689522325993, "mean": 0.123621046543, "median": 0.10792157799, "min": 0.0321289077401, "var": 0.00787201989442}, "barkbands_kurtosis": {"dmean": 47.4785690308, "dmean2": 85.204460144, "dvar": 136546.921875, "dvar2": 416560.09375, "max": 12698.0361328, "mean": 166.552352905, "median": 2.8729493618, "min": -1.90262651443, "var": 1166567.75}, "barkbands_skewness": {"dmean": 0.72970110178, "dmean2": 1.19644510746, "dvar": 3.94893908501, "dvar2": 11.4893198013, "max": 6.72553682327, "mean": 0.306977033615, "median": 1.5925744772, "min": -81.224822998, "var": 83.9269790649}, "barkbands_spread": {"dmean": 5.22750711441, "dmean2": 8.20953941345, "dvar": 37.0451316833, "dvar2": 91.2214889526, "max": 153.29095459, "mean": 21.053527832, "median": 19.1851882935, "min": 0.0113212252036, "var": 153.750106812}, "dissonance": {"dmean": 0.0188787318766, "dmean2": 0.0314984582365, "dvar": 0.000276025326457, "dvar2": 0.000736108690035, "max": 0.500000059605, "mean": 0.454361736774, "median": 0.458278954029, "min": 0.330477118492, "var": 0.000723585835658}, "dynamic_complexity": 3.9987654686, "erbbands": {"dmean": [0.0365188159049, 0.59481626749, 2.27093219757, 4.05189752579, 8.6134223938, 10.1460790634, 11.6065158844, 20.1112346649, 19.4135761261, 26.0785293579, 18.4956035614, 28.4049396515, 22.9389972687, 24.4280014038, 27.6542263031, 13.7829017639, 14.8968172073, 13.0591888428, 16.6095714569, 11.2681035995, 9.62726688385, 11.7757310867, 11.7568054199, 9.4363193512, 6.29628181458, 3.98897695541, 3.10394144058, 1.74168980122, 1.47719538212, 1.34783101082, 1.51048409939, 1.68802642822, 1.98422515392, 1.76008653641, 1.02898752689, 0.349801957607, 0.104523696005, 0.0268267020583, 0.00377554353327, 0.000140982694575], "dmean2": [0.0584446191788, 1.00707292557, 3.94182443619, 7.0004696846, 13.6162843704, 17.5712490082, 18.508518219, 29.4200954437, 29.2346763611, 37.7772674561, 27.8919658661, 42.1185302734, 36.1317214966, 38.0342407227, 44.1562538147, 21.8510818481, 24.0999927521, 21.2780857086, 26.9724006653, 18.2290363312, 15.7058353424, 18.9985809326, 18.9454269409, 15.3214292526, 10.17827034, 6.36769580841, 4.80199241638, 2.71872639656, 2.26383113861, 1.98595011234, 2.19833636284, 2.4415242672, 2.90812182426, 2.62253952026, 1.61957621574, 0.544173657894, 0.163871377707, 0.0434600673616, 0.00618806900457, 0.000229601166211], "dvar": [0.0037332996726, 1.47092664242, 25.6087036133, 53.2343902588, 423.246124268, 460.029296875, 414.162780762, 1584.61853027, 1650.74597168, 2754.34326172, 1526.63574219, 2505.51782227, 3873.07641602, 2634.61083984, 7568.00244141, 1698.44372559, 1042.82885742, 889.45703125, 890.538696289, 409.483764648, 292.167724609, 426.956237793, 360.271179199, 304.860198975, 114.513496399, 45.8248672485, 30.2656669617, 10.3503398895, 5.82036685944, 5.62394237518, 8.56932830811, 10.3135890961, 13.7576990128, 10.8459014893, 5.02687358856, 0.569476187229, 0.0650296732783, 0.00537630589679, 0.000138224015245, 1.9764924275e-07], "dvar2": [0.00903954170644, 3.9854953289, 72.7766113281, 149.280929565, 955.246582031, 1248.59411621, 1016.10333252, 3501.46044922, 4043.39086914, 6728.56689453, 3879.97924805, 5295.43652344, 10103.0751953, 6210.83007812, 20253.9179688, 4290.25488281, 2532.87841797, 2180.55981445, 2253.05004883, 981.376708984, 713.616577148, 1005.77337646, 949.774841309, 805.889953613, 304.174407959, 119.741798401, 68.7916564941, 24.1918525696, 13.5402650833, 12.2161655426, 18.2737236023, 21.5098991394, 27.9205646515, 24.7672233582, 12.5013532639, 1.34661781788, 0.164690956473, 0.0139262378216, 0.000360226549674, 5.22343839293e-07], "max": [0.626102924347, 9.90736675262, 39.5895843506, 64.8154525757, 230.051864624, 242.949050903, 357.03894043, 632.838378906, 858.420959473, 907.482727051, 1096.68054199, 1266.87182617, 1231.38977051, 1245.03503418, 2779.89160156, 1172.70996094, 951.494689941, 634.190734863, 557.737182617, 581.384216309, 474.275756836, 450.155212402, 338.736785889, 411.316864014, 267.847625732, 168.983032227, 168.476608276, 123.08782196, 71.6355056763, 53.3471336365, 79.5327148438, 65.8566513062, 75.8353729248, 47.5177536011, 27.1219787598, 20.2075576782, 5.91934967041, 1.37609434128, 0.265437215567, 0.0106719555333], "mean": [0.0647927671671, 0.906142175198, 3.65777420998, 6.99050188065, 12.3776550293, 14.420539856, 21.3419799805, 41.3157615662, 41.1243286133, 56.2209777832, 35.38306427, 51.3504447937, 37.263633728, 40.1126327515, 42.4118041992, 22.2909374237, 25.2555942535, 22.0364665985, 28.3017654419, 20.837310791, 18.4733276367, 23.6492424011, 24.034740448, 18.8371047974, 12.8936424255, 8.78420066833, 6.83699083328, 3.93653392792, 3.30933690071, 2.91507077217, 2.7804684639, 3.21819186211, 3.77455234528, 2.94150614738, 1.37395942211, 0.46805614233, 0.120615370572, 0.0267071425915, 0.00348202721216, 0.000165456251125], "median": [0.0487109012902, 0.578684926033, 2.57210421562, 5.37740325928, 6.48920536041, 7.20221853256, 9.93302059174, 16.7864665985, 22.6282806396, 29.4088802338, 20.2518081665, 28.8414287567, 17.0138492584, 17.4810180664, 16.4838504791, 9.7958984375, 12.2764186859, 10.2745199203, 15.0308256149, 12.0356693268, 12.0900754929, 13.7596874237, 14.5136585236, 11.1486997604, 8.12688064575, 5.92450618744, 4.08841371536, 2.78041982651, 2.28430151939, 1.55634760857, 1.21364045143, 1.65821993351, 1.87670850754, 1.36543738842, 0.520598232746, 0.148993834853, 0.0336090549827, 0.00587435625494, 0.000642318336759, 7.01582757756e-05], "min": [2.0261019628e-15, 1.59664846584e-14, 5.34871388987e-14, 1.55489133396e-13, 4.4820630497e-13, 6.68209628255e-13, 1.02352967681e-12, 2.25949163893e-12, 2.39757454341e-12, 3.41061770839e-12, 7.6533441043e-12, 1.22079421225e-11, 1.55465623014e-11, 1.66539282365e-11, 1.23115007772e-11, 1.35029756473e-11, 1.39539742608e-11, 2.69585707924e-11, 2.94686185176e-11, 2.84801123657e-11, 2.96767783958e-11, 4.34008037842e-11, 4.98534373505e-11, 5.65441860001e-11, 6.09368180915e-11, 5.9330380886e-11, 6.14845188651e-11, 7.15933423656e-11, 7.07973263347e-11, 1.04725228489e-10, 2.80962947352e-10, 2.76729583693e-10, 3.91572413383e-10, 3.07280118017e-10, 1.95067476061e-10, 1.26621171881e-10, 1.58046548071e-10, 3.64754282334e-10, 1.00416641668e-09, 7.5205924821e-10], "var": [0.00525667238981, 1.40721547604, 21.6356296539, 55.1737136841, 473.389984131, 552.478149414, 1047.05700684, 4541.33251953, 4138.39453125, 6948.71630859, 2713.04833984, 5572.78662109, 5918.18261719, 4982.59716797, 11804.3310547, 2683.53271484, 2196.27124023, 1569.67004395, 1673.78662109, 867.764221191, 574.964050293, 995.438720703, 851.769897461, 688.800476074, 256.296966553, 107.176651001, 75.3756027222, 20.1358737946, 12.9180231094, 16.5301036835, 18.5058689117, 24.2461795807, 36.2453155518, 21.3848381042, 6.41270971298, 0.80643928051, 0.0639338567853, 0.00451159616932, 0.000107543739432, 1.49424295159e-07]}, "erbbands_crest": {"dmean": 2.62591814995, "dmean2": 4.19555187225, "dvar": 6.44966316223, "dvar2": 16.2879657745, "max": 29.2211036682, "mean": 9.08311653137, "median": 8.01544952393, "min": 2.69925808907, "var": 16.5943202972}, "erbbands_flatness_db": {"dmean": 0.0178585126996, "dmean2": 0.0247983410954, "dvar": 0.000307691982016, "dvar2": 0.000565656868275, "max": 0.31435367465, "mean": 0.136304855347, "median": 0.132477790117, "min": 0.0302163455635, "var": 0.00171399326064}, "erbbands_kurtosis": {"dmean": 0.937277019024, "dmean2": 1.49447607994, "dvar": 1.52727508545, "dvar2": 3.81951212883, "max": 20.7973251343, "mean": 0.808198034763, "median": 0.0598170422018, "min": -1.67635917664, "var": 6.9440407753}, "erbbands_skewness": {"dmean": 0.335421442986, "dmean2": 0.514538407326, "dvar": 0.0830295011401, "dvar2": 0.19523409009, "max": 3.75936436653, "mean": 0.60405933857, "median": 0.634846270084, "min": -3.53658246994, "var": 0.629782259464}, "erbbands_spread": {"dmean": 8.60323429108, "dmean2": 12.5567712784, "dvar": 89.6517944336, "dvar2": 184.941894531, "max": 149.518676758, "mean": 39.9101409912, "median": 37.66639328, "min": 6.58704328537, "var": 300.809570312}, "gfcc": {"cov": [[36307.5859375, 4349.56298828, -4349.32470703, 1467.57788086, -1873.51721191, 355.112823486, -1228.30664062, 721.955200195, -1300.63720703, 541.870056152, -845.153503418, 24.2044448853, -235.776565552], [4349.56298828, 1358.51452637, -622.094970703, 333.277740479, -80.5291137695, 83.9336013794, -45.778263092, 106.915664673, -130.83039856, 96.4339294434, -98.4502410889, -25.079492569, -18.3417263031], [-4349.32470703, -622.094970703, 1222.35559082, -43.2872161865, 383.782836914, 99.4741210938, 151.202392578, -105.154411316, 137.807723999, -131.886123657, 18.1994876862, -38.2512931824, -43.6377410889], [1467.57788086, 333.277740479, -43.2872161865, 354.596130371, 39.5396575928, 69.8943099976, -7.01874637604, 57.7886886597, -14.9709272385, -22.0290164948, -47.804725647, -20.6210670471, -37.5943336487], [-1873.51721191, -80.5291137695, 383.782836914, 39.5396575928, 320.917297363, 81.1450805664, 141.540679932, -23.5038089752, 71.7100830078, -37.400177002, 5.8786687851, -17.2479934692, -18.5272426605], [355.112823486, 83.9336013794, 99.4741210938, 69.8943099976, 81.1450805664, 215.053405762, 71.0830535889, 14.0998859406, -5.03338575363, -0.143252670765, -19.2993564606, -30.6277046204, -17.7037448883], [-1228.30664062, -45.778263092, 151.202392578, -7.01874637604, 141.540679932, 71.0830535889, 182.326812744, 7.95706987381, 70.7228240967, 1.31110620499, 23.5557785034, -9.79378509521, -8.3328294754], [721.955200195, 106.915664673, -105.154411316, 57.7886886597, -23.5038089752, 14.0998859406, 7.95706987381, 129.564941406, 22.5690174103, 32.3508453369, 9.43479251862, 11.2446641922, 4.72151327133], [-1300.63720703, -130.83039856, 137.807723999, -14.9709272385, 71.7100830078, -5.03338575363, 70.7228240967, 22.5690174103, 145.697570801, 12.8744220734, 49.0343208313, 5.76638126373, 3.29077148438], [541.870056152, 96.4339294434, -131.886123657, -22.0290164948, -37.400177002, -0.143252670765, 1.31110620499, 32.3508453369, 12.8744220734, 108.707817078, 32.2183952332, 19.5215702057, 11.3642501831], [-845.153503418, -98.4502410889, 18.1994876862, -47.804725647, 5.8786687851, -19.2993564606, 23.5557785034, 9.43479251862, 49.0343208313, 32.2183952332, 118.462051392, 29.9463253021, 37.6682815552], [24.2044448853, -25.079492569, -38.2512931824, -20.6210670471, -17.2479934692, -30.6277046204, -9.79378509521, 11.2446641922, 5.76638126373, 19.5215702057, 29.9463253021, 65.3157653809, 25.3770179749], [-235.776565552, -18.3417263031, -43.6377410889, -37.5943336487, -18.5272426605, -17.7037448883, -8.3328294754, 4.72151327133, 3.29077148438, 11.3642501831, 37.6682815552, 25.3770179749, 79.4516448975]], "icov": [[0.000258992105955, -0.000181781069841, 0.00030821718974, -0.000527383817825, 0.000643414328806, -0.000692869769409, 0.000718958908692, -0.000665346393362, 0.000962841208093, -0.000813513877802, 0.00100088655017, -0.000598936749157, 0.000550197437406], [-0.000181781069841, 0.00170803198125, 0.000489487836603, -0.000870694289915, -0.00100581604056, 0.000346068991348, -0.000649039109703, 0.000307326874463, 0.000164805591339, -0.000746133155189, 3.85783314414e-05, 0.000967221218161, -0.000759375281632], [0.00030821718974, 0.000489487836603, 0.00243156217039, -0.000701777869835, -0.00121436279733, -0.0014763470972, 0.00144772219937, -0.000125975318952, 0.000300913961837, 4.10884313169e-05, 0.00110214832239, -0.000508317665663, 0.00119975581765], [-0.000527383817825, -0.000870694289915, -0.000701777869835, 0.00590560305864, -0.0020837013144, 0.000369480607333, -9.04719126993e-05, -0.000386461179005, -0.00276838266291, 0.00388519838452, -0.00206896453165, 0.000815619365312, 0.000532138568815], [0.000643414328806, -0.00100581604056, -0.00121436279733, -0.0020837013144, 0.00914151407778, -0.00196908321232, -0.00237487838604, -0.000762911746278, 0.00174644903746, -0.00157220778055, 0.00276417774148, -0.00207499042153, 0.00101823918521], [-0.000692869769409, 0.000346068991348, -0.0014763470972, 0.000369480607333, -0.00196908321232, 0.00860095024109, -0.00460270419717, 0.000994235626422, -0.00048983481247, 0.000769249221776, -0.0023278510198, 0.00392674794421, -0.0019370589871], [0.000718958908692, -0.000649039109703, 0.00144772219937, -9.04719126993e-05, -0.00237487838604, -0.00460270419717, 0.0128620844334, -0.00245132204145, -0.000806616619229, -0.00197313656099, 0.00171010335907, -0.00124672718812, 0.00255436985753], [-0.000665346393362, 0.000307326874463, -0.000125975318952, -0.000386461179005, -0.000762911746278, 0.000994235626422, -0.00245132204145, 0.0121503435075, -0.00507196458057, 0.000443551019998, -0.00236390158534, 9.33456612984e-05, -0.00185350852553], [0.000962841208093, 0.000164805591339, 0.000300913961837, -0.00276838266291, 0.00174644903746, -0.00048983481247, -0.000806616619229, -0.00507196458057, 0.0155351739377, -0.00512854196131, 0.000732746848371, -0.00109889032319, 0.00235928921029], [-0.000813513877802, -0.000746133155189, 4.10884313169e-05, 0.00388519838452, -0.00157220778055, 0.000769249221776, -0.00197313656099, 0.000443551019998, -0.00512854196131, 0.016786230728, -0.00656303856522, -0.000715296773706, -2.51890514846e-06], [0.00100088655017, 3.85783314414e-05, 0.00110214832239, -0.00206896453165, 0.00276417774148, -0.0023278510198, 0.00171010335907, -0.00236390158534, 0.000732746848371, -0.00656303856522, 0.017600055784, -0.00517293857411, -0.00273245642893], [-0.000598936749157, 0.000967221218161, -0.000508317665663, 0.000815619365312, -0.00207499042153, 0.00392674794421, -0.00124672718812, 9.33456612984e-05, -0.00109889032319, -0.000715296773706, -0.00517293857411, 0.0217938534915, -0.00555320642889], [0.000550197437406, -0.000759375281632, 0.00119975581765, 0.000532138568815, 0.00101823918521, -0.0019370589871, 0.00255436985753, -0.00185350852553, 0.00235928921029, -2.51890514846e-06, -0.00273245642893, -0.00555320642889, 0.0181101281196]], "mean": [6.90995359421, 73.6196746826, -97.6928482056, 14.1005411148, -58.3725204468, 6.6821680069, -43.4253692627, 16.6856098175, -24.4421482086, 3.19352221489, -13.6584720612, -1.83238971233, -10.0579719543]}, "hfc": {"dmean": 6.28487491608, "dmean2": 9.08885955811, "dvar": 70.4959106445, "dvar2": 153.827545166, "max": 130.039047241, "mean": 24.4862041473, "median": 21.9060230255, "min": 9.61748014561e-07, "var": 247.168411255}, "melbands": {"dmean": [0.000455585308373, 0.00102326646447, 0.000853652541991, 0.000642491271719, 0.000427438790211, 0.000425580772571, 0.000300192303257, 0.000280839391053, 0.000139735391713, 0.000182328541996, 0.000113625639642, 0.000100656805444, 9.88398096524e-05, 4.15359791077e-05, 3.64428487956e-05, 3.00283827528e-05, 2.60678843915e-05, 2.94110177492e-05, 1.64825651154e-05, 1.95041757252e-05, 1.16423207146e-05, 1.2788341337e-05, 1.48443959915e-05, 8.41324708745e-06, 8.36815888761e-06, 5.69910162085e-06, 3.72085401068e-06, 2.92085110232e-06, 2.19327489503e-06, 1.61295383805e-06, 9.94443894342e-07, 9.57347538133e-07, 8.04460739801e-07, 7.95952814769e-07, 8.98370046798e-07, 9.54364395511e-07, 1.13520263767e-06, 1.42844396578e-06, 1.51810320403e-06, 1.56170256105e-06], "dmean2": [0.000746367964894, 0.00175137026235, 0.00143481604755, 0.00105260626879, 0.000693702546414, 0.000627088593319, 0.000447908096248, 0.000405656901421, 0.000214473169763, 0.000270347751211, 0.000179897149792, 0.000156969661475, 0.000158157941769, 6.63492319291e-05, 5.87514914514e-05, 4.89603044116e-05, 4.28576167906e-05, 4.80571434309e-05, 2.67360646831e-05, 3.2247742638e-05, 1.90823320736e-05, 2.08417404792e-05, 2.40663503064e-05, 1.3541764929e-05, 1.37071829158e-05, 9.23888273974e-06, 6.0737847889e-06, 4.75221168017e-06, 3.44889076587e-06, 2.58450950241e-06, 1.5791036958e-06, 1.50931066401e-06, 1.24315840822e-06, 1.18418358852e-06, 1.3349093706e-06, 1.41117436669e-06, 1.68209476215e-06, 2.13621660805e-06, 2.26950805882e-06, 2.37906215261e-06], "dvar": [6.82779557337e-07, 4.89836929773e-06, 2.31404237638e-06, 1.98804013962e-06, 5.16104023518e-07, 6.7006305926e-07, 3.70090191382e-07, 2.98068641769e-07, 1.03209480073e-07, 1.01910714534e-07, 9.77175247385e-08, 4.78426827044e-08, 8.86863631422e-08, 1.37239117848e-08, 1.11389306667e-08, 4.5297130491e-09, 3.9400167573e-09, 3.05767255959e-09, 1.03481356817e-09, 1.19641863083e-09, 6.3794330929e-10, 6.60252741369e-10, 5.58600166123e-10, 1.79727510652e-10, 2.76855899317e-10, 9.95508189772e-11, 5.40008732175e-11, 2.89563893696e-11, 1.50214857914e-11, 1.42984122806e-11, 2.67922034385e-12, 2.47164897056e-12, 1.96664928266e-12, 2.03310675587e-12, 2.93711777989e-12, 3.77954481948e-12, 4.81812723399e-12, 7.21063053016e-12, 8.10145787261e-12, 9.05643442184e-12], "dvar2": [1.74980254997e-06, 1.35387736009e-05, 5.86412124903e-06, 5.06779042553e-06, 1.28761575979e-06, 1.50424466483e-06, 8.79760250427e-07, 7.13657641427e-07, 2.59169070205e-07, 2.18134417196e-07, 2.54022836543e-07, 1.1279895773e-07, 2.35027684425e-07, 3.52061988451e-08, 2.62967834175e-08, 1.11558460247e-08, 9.63957802469e-09, 7.6820274586e-09, 2.63175503612e-09, 2.92429302995e-09, 1.56666746243e-09, 1.60454971532e-09, 1.44288980763e-09, 4.42137410017e-10, 7.44517836271e-10, 2.52002529955e-10, 1.57194063322e-10, 7.81285314222e-11, 3.50804871263e-11, 3.6711470669e-11, 6.28149181975e-12, 5.99436689522e-12, 4.55729681423e-12, 4.57584838076e-12, 6.39364342719e-12, 8.44297548541e-12, 1.04986774482e-11, 1.53007537196e-11, 1.6961756652e-11, 2.15420077609e-11], "max": [0.00687732826918, 0.0167078282684, 0.01316662319, 0.0152562130243, 0.0128777716309, 0.0124691883102, 0.0121237477288, 0.0102134440094, 0.00984680932015, 0.00794126279652, 0.00610618153587, 0.00503724813461, 0.00952791981399, 0.00291247689165, 0.00471749296412, 0.00235471548513, 0.0013264924055, 0.00111179566011, 0.00068302109139, 0.00122289406136, 0.000832742487546, 0.000538826570846, 0.000393759895815, 0.000252825062489, 0.000408073072322, 0.000218557222979, 0.000162871190696, 0.000131066597532, 9.41866092035e-05, 0.000174899207195, 3.85263592761e-05, 5.35141552973e-05, 3.1010578823e-05, 3.12719275826e-05, 4.43237040599e-05, 3.97596049879e-05, 5.04340787302e-05, 5.64408292121e-05, 5.17235566804e-05, 5.33882266609e-05], "mean": [0.000773100007791, 0.00172402802855, 0.00141573522706, 0.00094931491185, 0.000771229679231, 0.000873463519383, 0.000634350173641, 0.000598113285378, 0.000253152742516, 0.000319896411384, 0.000173915905179, 0.00015763140982, 0.000149192535901, 6.32354203844e-05, 5.70931042603e-05, 4.84486154164e-05, 3.91155117541e-05, 4.68312791781e-05, 2.74897720374e-05, 3.13021482725e-05, 1.95902357518e-05, 2.30286659644e-05, 2.82191103906e-05, 1.65829842445e-05, 1.53147229867e-05, 1.04448763523e-05, 7.01277576809e-06, 5.70107840758e-06, 4.48250511909e-06, 3.13897021442e-06, 2.04286675398e-06, 1.94564154299e-06, 1.65964968346e-06, 1.56274211349e-06, 1.5467051071e-06, 1.66055940554e-06, 2.09499876291e-06, 2.60573301603e-06, 2.69683755505e-06, 2.45500200435e-06], "median": [0.000550227705389, 0.00135028036311, 0.00107134995051, 0.000486381846713, 0.000397454918129, 0.000361988932127, 0.00033746229019, 0.000318769627484, 0.000133943773108, 0.000174334694748, 6.53596434859e-05, 6.23407322564e-05, 5.41310037079e-05, 2.633180884e-05, 2.4187433155e-05, 2.2436846848e-05, 1.5187635654e-05, 2.2802998501e-05, 1.41722975968e-05, 1.65937963175e-05, 1.06615179902e-05, 1.15572856885e-05, 1.53113360284e-05, 1.02847880044e-05, 8.14223585621e-06, 5.92820651946e-06, 3.98480642616e-06, 3.59367481906e-06, 2.59809280578e-06, 1.78026243702e-06, 1.39853898418e-06, 1.31347167098e-06, 9.76684304987e-07, 7.43377654544e-07, 6.28756993137e-07, 7.68170707488e-07, 1.08874769467e-06, 1.27990631427e-06, 1.26316683691e-06, 1.07767198188e-06], "min": [1.94133880005e-17, 2.60212789648e-17, 3.48696729907e-17, 4.21161192638e-17, 3.45091115792e-17, 4.95910195872e-17, 3.74359776801e-17, 3.80839016365e-17, 7.1064284182e-17, 7.78931432121e-17, 7.63296858276e-17, 6.63819257542e-17, 4.48405709602e-17, 3.31453389032e-17, 3.36354301813e-17, 3.1793289031e-17, 5.36172848229e-17, 4.6492622697e-17, 4.74891172548e-17, 2.97381554904e-17, 3.56229996095e-17, 4.44794470658e-17, 4.5811088738e-17, 4.35415466739e-17, 4.58819417205e-17, 4.16107052921e-17, 4.28052103449e-17, 3.84063068607e-17, 3.2332686891e-17, 4.80963538512e-17, 3.72449353546e-17, 3.72837962997e-17, 4.35733732751e-17, 6.27581798395e-17, 1.31554725211e-16, 2.52925546828e-16, 1.37848868223e-16, 2.52047941285e-16, 3.08394716988e-16, 2.40313226243e-16], "var": [8.14493830603e-07, 4.37801054431e-06, 2.51504548032e-06, 2.13229759538e-06, 1.18739194477e-06, 1.94698122868e-06, 1.02951673853e-06, 7.71202280703e-07, 1.78393705141e-07, 2.22317623866e-07, 1.50893939121e-07, 8.88636293439e-08, 1.41641450568e-07, 1.96053111523e-08, 2.0542707091e-08, 8.41940650531e-09, 6.55056409116e-09, 5.5795350562e-09, 1.76722547707e-09, 2.20894547098e-09, 1.16731524447e-09, 1.3522257758e-09, 1.26797061739e-09, 4.25989271635e-10, 5.8847843265e-10, 2.08217706965e-10, 1.08062434001e-10, 5.7201385989e-11, 3.54972023997e-11, 2.22785435933e-11, 5.19565033358e-12, 4.91481725109e-12, 4.8097983929e-12, 5.49940431735e-12, 6.23789301463e-12, 7.04792691222e-12, 1.07047461173e-11, 1.75248392187e-11, 1.99245377142e-11, 1.54311077805e-11]}, "melbands_crest": {"dmean": 3.0166592598, "dmean2": 4.93290472031, "dvar": 9.33059501648, "dvar2": 23.6102581024, "max": 32.2814903259, "mean": 12.3314065933, "median": 11.4428873062, "min": 3.98533415794, "var": 18.5168094635}, "melbands_flatness_db": {"dmean": 0.0228175334632, "dmean2": 0.0358114279807, "dvar": 0.00056538078934, "dvar2": 0.00144685280975, "max": 0.372042685747, "mean": 0.183026075363, "median": 0.179917320609, "min": 0.0118079269305, "var": 0.00178780034184}, "melbands_kurtosis": {"dmean": 7.39732122421, "dmean2": 12.0470991135, "dvar": 172.27897644, "dvar2": 447.571136475, "max": 200.727813721, "mean": 12.7866392136, "median": 8.53301048279, "min": -1.85437595844, "var": 205.048324585}, "melbands_skewness": {"dmean": 0.754200875759, "dmean2": 1.17319273949, "dvar": 0.858623385429, "dvar2": 2.03518462181, "max": 12.3361444473, "mean": 2.49180054665, "median": 2.35772585869, "min": -3.36185979843, "var": 2.33190917969}, "melbands_spread": {"dmean": 5.63434171677, "dmean2": 8.87423419952, "dvar": 52.9607048035, "dvar2": 126.121665955, "max": 285.122467041, "mean": 20.9735889435, "median": 17.8955345154, "min": 1.74746537209, "var": 212.588012695}, "mfcc": {"cov": [[12671.7363281, 1573.47546387, 133.244522095, 102.144546509, 172.685256958, -184.756515503, 106.933639526, 5.47452402115, 1.03603518009, 13.6192302704, -77.9253387451, -34.5065994263, -99.9049835205], [1573.47546387, 941.59576416, 7.08381509781, 127.414207458, 84.665512085, 63.2163467407, 88.1502532959, 13.6123466492, 65.7051620483, 12.1416931152, 46.3242149353, -5.88286495209, 6.75146865845], [133.244522095, 7.08381509781, 414.843139648, 74.0472946167, 135.489608765, 72.5654907227, 24.9399490356, 48.0835151672, 20.3476047516, 5.66401147842, -8.74044513702, -8.91742324829, -29.6460056305], [102.144546509, 127.414207458, 74.0472946167, 251.195541382, 96.3128204346, 35.0154533386, 16.5610923767, 60.5385246277, 37.2261505127, -2.57397890091, 19.4615325928, 25.7232265472, 0.898019313812], [172.685256958, 84.665512085, 135.489608765, 96.3128204346, 181.787139893, 66.9566955566, 46.6494369507, 51.2996139526, 34.0337219238, 10.5056800842, 0.245856136084, -2.18144965172, -10.5947113037], [-184.756515503, 63.2163467407, 72.5654907227, 35.0154533386, 66.9566955566, 210.993789673, 76.4997177124, 48.3281669617, 39.0094566345, 34.3660812378, 15.7690982819, -21.147857666, 12.5005064011], [106.933639526, 88.1502532959, 24.9399490356, 16.5610923767, 46.6494369507, 76.4997177124, 138.448532104, 38.2869796753, 31.0312786102, 22.1311321259, 4.42031002045, 3.21285271645, 4.09629535675], [5.47452402115, 13.6123466492, 48.0835151672, 60.5385246277, 51.2996139526, 48.3281669617, 38.2869796753, 115.824188232, 47.5455436707, 17.3774299622, 16.0094394684, 12.5439968109, 9.23410320282], [1.03603518009, 65.7051620483, 20.3476047516, 37.2261505127, 34.0337219238, 39.0094566345, 31.0312786102, 47.5455436707, 91.8597106934, 33.5212974548, 18.541519165, 6.8686413765, 11.6059789658], [13.6192302704, 12.1416931152, 5.66401147842, -2.57397890091, 10.5056800842, 34.3660812378, 22.1311321259, 17.3774299622, 33.5212974548, 84.1686706543, 26.685836792, 6.20338344574, 12.5627765656], [-77.9253387451, 46.3242149353, -8.74044513702, 19.4615325928, 0.245856136084, 15.7690982819, 4.42031002045, 16.0094394684, 18.541519165, 26.685836792, 78.7280578613, 30.5389289856, 18.2433509827], [-34.5065994263, -5.88286495209, -8.91742324829, 25.7232265472, -2.18144965172, -21.147857666, 3.21285271645, 12.5439968109, 6.8686413765, 6.20338344574, 30.5389289856, 79.0446014404, 32.8629608154], [-99.9049835205, 6.75146865845, -29.6460056305, 0.898019313812, -10.5947113037, 12.5005064011, 4.09629535675, 9.23410320282, 11.6059789658, 12.5627765656, 18.2433509827, 32.8629608154, 76.5194702148]], "icov": [[0.000112114139483, -0.000221039663302, -3.84898303309e-05, 6.58243588987e-05, -5.57035091333e-05, 0.000187456884305, -1.56906644406e-05, -0.00011687312508, 0.000151870946866, -0.000166196492501, 0.000226298492635, -5.49156138732e-05, 0.000100686418591], [-0.000221039663302, 0.00177505414467, 0.000224516945309, -0.000763520540204, -0.000223339622607, -0.000255217630183, -0.000822295376565, 0.00105244002771, -0.00108516647015, 0.000745985715184, -0.00139646057505, 0.000847225135658, -0.000410284876125], [-3.84898303309e-05, 0.000224516945309, 0.00339730409905, -6.51311784168e-05, -0.00225707236677, -0.00081358011812, 0.000533653073944, -0.000380825280445, 0.000133612091304, -4.97460007409e-07, 0.00031369694625, -0.000463935546577, 0.00118898518849], [6.58243588987e-05, -0.000763520540204, -6.51311784168e-05, 0.00607515592128, -0.00247671804391, -0.000220570596866, 0.0012150676921, -0.00201129261404, -0.00056684674928, 0.00110986584332, -0.000189997415873, -0.00217076693662, 0.000808901968412], [-5.57035091333e-05, -0.000223339622607, -0.00225707236677, -0.00247671804391, 0.00991843361408, -0.00112565048039, -0.0013940067729, -0.00107736571226, -0.000723225297406, -0.00020413666789, 0.000954847026151, 0.000117750823847, 0.000728385697585], [0.000187456884305, -0.000255217630183, -0.00081358011812, -0.000220570596866, -0.00112565048039, 0.00800452567637, -0.00328522291966, -0.00110638688784, -3.42957609973e-05, -0.00146055535879, -0.00143518741243, 0.00412576831877, -0.00238421466202], [-1.56906644406e-05, -0.000822295376565, 0.000533653073944, 0.0012150676921, -0.0013940067729, -0.00328522291966, 0.0106197623536, -0.00193862104788, -0.000640295271296, -0.00109506852459, 0.00192138343118, -0.00252671493217, 0.00115764606744], [-0.00011687312508, 0.00105244002771, -0.000380825280445, -0.00201129261404, -0.00107736571226, -0.00110638688784, -0.00193862104788, 0.0136592993513, -0.00528359180316, 0.000783566501923, -0.00137161940802, -0.000585820875131, -0.000631048053037], [0.000151870946866, -0.00108516647015, 0.000133612091304, -0.00056684674928, -0.000723225297406, -3.42957609973e-05, -0.000640295271296, -0.00528359180316, 0.0171056073159, -0.0051868474111, -0.000138327508466, 0.000388200656744, -0.000946848304011], [-0.000166196492501, 0.000745985715184, -4.97460007409e-07, 0.00110986584332, -0.00020413666789, -0.00146055535879, -0.00109506852459, 0.000783566501923, -0.0051868474111, 0.0163564328104, -0.00502359168604, 0.000724848592654, -0.00113388104364], [0.000226298492635, -0.00139646057505, 0.00031369694625, -0.000189997415873, 0.000954847026151, -0.00143518741243, 0.00192138343118, -0.00137161940802, -0.000138327508466, -0.00502359168604, 0.0186820141971, -0.00711106415838, 0.000417446542997], [-5.49156138732e-05, 0.000847225135658, -0.000463935546577, -0.00217076693662, 0.000117750823847, 0.00412576831877, -0.00252671493217, -0.000585820875131, 0.000388200656744, 0.000724848592654, -0.00711106415838, 0.0206777658314, -0.00811548065394], [0.000100686418591, -0.000410284876125, 0.00118898518849, 0.000808901968412, 0.000728385697585, -0.00238421466202, 0.00115764606744, -0.000631048053037, -0.000946848304011, -0.00113388104364, 0.000417446542997, -0.00811548065394, 0.0179075244814]], "mean": [-629.84954834, 115.57837677, 9.46460437775, 11.4581193924, 6.38434743881, -11.5613298416, -0.211408004165, -2.32365989685, 0.459187954664, -1.33008909225, 0.785597145557, -0.265738457441, -1.7032752037]}, "pitch_salience": {"dmean": 0.0685074031353, "dmean2": 0.112481303513, "dvar": 0.00439534429461, "dvar2": 0.0117726363242, "max": 0.931467652321, "mean": 0.571826517582, "median": 0.573110163212, "min": 0.149946913123, "var": 0.00963368546218}, "silence_rate_20dB": {"dmean": 0, "dmean2": 0, "dvar": 0, "dvar2": 0, "max": 1, "mean": 1, "median": 1, "min": 1, "var": 0}, "silence_rate_30dB": {"dmean": 0, "dmean2": 0, "dvar": 0, "dvar2": 0, "max": 1, "mean": 1, "median": 1, "min": 1, "var": 0}, "silence_rate_60dB": {"dmean": 0.00234436057508, "dmean2": 0.00468933163211, "dvar": 0.00233886437491, "dvar2": 0.00570941576734, "max": 1, "mean": 0.0604245327413, "median": 0, "min": 0, "var": 0.0567734092474}, "spectral_centroid": {"dmean": 220.088699341, "dmean2": 343.628845215, "dvar": 60017.953125, "dvar2": 131229.9375, "max": 12325.6474609, "mean": 1366.73828125, "median": 1062.44262695, "min": 260.733947754, "var": 2579099.5}, "spectral_complexity": {"dmean": 2.82495450974, "dmean2": 4.4522600174, "dvar": 7.32570171356, "dvar2": 15.7167844772, "max": 53, "mean": 19.7403316498, "median": 20, "min": 0, "var": 56.4672775269}, "spectral_contrast_coeffs": {"dmean": [0.0560125857592, 0.0476564913988, 0.0397229641676, 0.0316338352859, 0.0229459442198, 0.0171748232096], "dmean2": [0.089265152812, 0.0750007629395, 0.0610780492425, 0.05049148947, 0.0359884351492, 0.0258758477867], "dvar": [0.00289210863411, 0.00162189186085, 0.00104486313649, 0.000661929894704, 0.000381837657187, 0.000258809595834], "dvar2": [0.00667475769296, 0.0041008265689, 0.00239244918339, 0.00159899622668, 0.000871760421433, 0.000535118859261], "max": [-0.257416546345, -0.398231476545, -0.48912397027, -0.566077888012, -0.590394794941, -0.643694579601], "mean": [-0.63129645586, -0.681937634945, -0.71836066246, -0.759651005268, -0.768965959549, -0.804163217545], "median": [-0.634306848049, -0.680471658707, -0.715758144855, -0.756736278534, -0.770053863525, -0.80630171299], "min": [-0.964966654778, -0.969695270061, -0.969805121422, -0.960713326931, -0.956209123135, -0.959931433201], "var": [0.00972538534552, 0.0077935885638, 0.00528420833871, 0.00317460275255, 0.00284341396764, 0.00162113248371]}, "spectral_contrast_valleys": {"dmean": [0.426679223776, 0.336539298296, 0.30237954855, 0.25566226244, 0.218859672546, 0.302646398544], "dmean2": [0.658623576164, 0.537458002567, 0.475682318211, 0.395577311516, 0.322620868683, 0.378383547068], "dvar": [0.195278555155, 0.0977152809501, 0.0812622532248, 0.0645538195968, 0.0616796277463, 0.122652508318], "dvar2": [0.37056517601, 0.218056365848, 0.169181093574, 0.123994611204, 0.108943961561, 0.193749144673], "max": [-5.59970998764, -4.4806098938, -4.96538543701, -5.71082496643, -5.52160978317, -7.57870340347], "mean": [-7.52808046341, -6.81404829025, -7.55885362625, -7.99598169327, -7.8713889122, -9.83437252045], "median": [-6.87066745758, -6.41424179077, -7.1993098259, -7.67129993439, -7.48407459259, -9.50716209412], "min": [-27.4468078613, -27.1055374146, -27.210855484, -27.4109287262, -27.2358474731, -27.2580776215], "var": [5.20172643661, 4.28850030899, 3.90584015846, 3.76100516319, 3.82049870491, 2.79305553436]}, "spectral_decrease": {"dmean": 2.18681162067e-09, "dmean2": 3.47386697186e-09, "dvar": 7.42921100226e-18, "dvar2": 1.88626164071e-17, "max": 6.35889571657e-15, "mean": -7.94968268991e-09, "median": -7.67464758411e-09, "min": -2.41847057936e-08, "var": 1.77041830464e-17}, "spectral_energy": {"dmean": 0.00859666895121, "dmean2": 0.013555499725, "dvar": 0.000112650224764, "dvar2": 0.000282410474028, "max": 0.0944654345512, "mean": 0.032224919647, "median": 0.0310023035854, "min": 4.76566251739e-11, "var": 0.000283707049675}, "spectral_energyband_high": {"dmean": 0.000418894371251, "dmean2": 0.000590452400502, "dvar": 4.82138887037e-07, "dvar2": 1.01272996744e-06, "max": 0.0112969418988, "mean": 0.000938931305427, "median": 0.000610534800217, "min": 2.1327158789e-11, "var": 1.14866224976e-06}, "spectral_energyband_low": {"dmean": 0.00411871448159, "dmean2": 0.00675332685933, "dvar": 6.64894760121e-05, "dvar2": 0.000176718982402, "max": 0.0621319226921, "mean": 0.00826315023005, "median": 0.00711586885154, "min": 1.58948803047e-16, "var": 7.36170331948e-05}, "spectral_energyband_middle_high": {"dmean": 0.00184677483048, "dmean2": 0.00279701733962, "dvar": 8.23610662337e-06, "dvar2": 1.86799752555e-05, "max": 0.0652624070644, "mean": 0.00559600116685, "median": 0.00403841538355, "min": 6.49490760856e-15, "var": 2.9635251849e-05}, "spectral_energyband_middle_low": {"dmean": 0.00672111334279, "dmean2": 0.0104784946889, "dvar": 8.06956013548e-05, "dvar2": 0.000202106617508, "max": 0.0894259214401, "mean": 0.0188328903168, "median": 0.0160780381411, "min": 1.67586548581e-15, "var": 0.000175507273525}, "spectral_entropy": {"dmean": 0.157232761383, "dmean2": 0.226814687252, "dvar": 0.0237021110952, "dvar2": 0.0512157194316, "max": 9.78831863403, "mean": 7.61454820633, "median": 7.565762043, "min": 6.1858215332, "var": 0.186709821224}, "spectral_flux": {"dmean": 0.027037743479, "dmean2": 0.0412122383714, "dvar": 0.000959339318797, "dvar2": 0.00203051813878, "max": 0.279184490442, "mean": 0.086243994534, "median": 0.077529720962, "min": 7.78828762122e-05, "var": 0.00225969566964}, "spectral_kurtosis": {"dmean": 0.935341715813, "dmean2": 1.40176022053, "dvar": 0.838828504086, "dvar2": 1.8669244051, "max": 13.5054655075, "mean": 4.06082296371, "median": 4.02130508423, "min": -1.26729273796, "var": 3.99607563019}, "spectral_rms": {"dmean": 0.000713463698048, "dmean2": 0.00110142095946, "dvar": 6.83845769345e-07, "dvar2": 1.64272898928e-06, "max": 0.00960007309914, "mean": 0.0053077111952, "median": 0.00549965025857, "min": 2.15625291844e-07, "var": 3.26714575749e-06}, "spectral_rolloff": {"dmean": 437.201416016, "dmean2": 737.747131348, "dvar": 720870.1875, "dvar2": 1619367.875, "max": 21899.2675781, "mean": 1800.16345215, "median": 947.4609375, "min": 107.666015625, "var": 12576541}, "spectral_skewness": {"dmean": 0.14692120254, "dmean2": 0.220986366272, "dvar": 0.0183566939086, "dvar2": 0.0399274937809, "max": 3.08044338226, "mean": 1.69018912315, "median": 1.71014201641, "min": -0.0522182956338, "var": 0.15708245337}, "spectral_spread": {"dmean": 830127.5, "dmean2": 1121749.75, "dvar": 939609489408, "dvar2": 1771782799360.0, "max": 41648156, "mean": 6466801.5, "median": 5271448, "min": 2554235.25, "var": 25624567611400.0}, "spectral_strongpeak": {"dmean": 0.554392397404, "dmean2": 0.9355