{"lowlevel": {"average_loudness": 0.916705667973, "barkbands": {"dmean": [0.000224162547966, 0.0121577112004, 0.00321476673707, 0.00255069276318, 0.000964399834629, 0.000288822629955, 0.000325047614751, 0.00029921202804, 0.000178754460649, 0.00014103288413, 0.000162106167409, 0.000121629651403, 0.000121167977341, 0.000164346012753, 0.000127474733745, 0.000123213249026, 0.00016915469314, 0.000186890363693, 0.000269369047601, 0.000283615634544, 0.000250327895628, 0.000206204713322, 0.000119874952361, 7.00327145751e-05, 4.90764723509e-05, 1.93940286408e-05, 1.26783652377e-06], "dmean2": [0.000330079812557, 0.0200560092926, 0.00534841464832, 0.00426253257319, 0.00165856943931, 0.000465979333967, 0.000504478171933, 0.000447097059805, 0.000281107408227, 0.000213359729969, 0.000251656660112, 0.000188432750292, 0.000188269274076, 0.000259764376096, 0.00020601824508, 0.000196941327886, 0.000278414954664, 0.000305010820739, 0.000430897431215, 0.000449342973297, 0.000364678737242, 0.000293830322335, 0.000164221943123, 9.51837937464e-05, 6.64029430482e-05, 2.61541881628e-05, 1.64226389643e-06], "dvar": [2.32279802503e-07, 0.000709228974301, 4.17191549786e-05, 3.28119567712e-05, 3.58838133252e-06, 2.59830130744e-07, 5.99299767146e-07, 7.44771341488e-07, 2.80718865042e-07, 1.76117964656e-07, 2.47141400678e-07, 8.09101621257e-08, 8.15934839693e-08, 1.62932252579e-07, 7.43069534792e-08, 4.45759091861e-08, 8.04718354175e-08, 1.16267258932e-07, 2.21688438273e-07, 2.79976234197e-07, 2.26078995524e-07, 3.99219203473e-07, 8.47400158932e-08, 2.08788453193e-08, 8.15176193214e-09, 1.28244226349e-09, 4.72054903847e-12], "dvar2": [5.07108097736e-07, 0.00165271188598, 0.000105202190753, 8.33767408039e-05, 1.01172827272e-05, 6.54355176266e-07, 1.38428185892e-06, 1.73936382453e-06, 7.03200328189e-07, 3.75342665393e-07, 6.03787611908e-07, 1.99697808512e-07, 1.99223066488e-07, 3.8938611624e-07, 1.88816969171e-07, 1.09158293071e-07, 2.13495226831e-07, 3.00408231624e-07, 5.46347393993e-07, 6.47918454888e-07, 4.60088358523e-07, 8.25662823445e-07, 1.73308734475e-07, 3.93859700409e-08, 1.59972426417e-08, 2.42560349584e-09, 7.32454114721e-12], "max": [0.00649017142132, 0.217731490731, 0.0573785081506, 0.0586146526039, 0.0248616728932, 0.00908505450934, 0.0142570165917, 0.0226299986243, 0.0165960341692, 0.0111570619047, 0.0143677014858, 0.00991446245462, 0.00847085379064, 0.0142736937851, 0.00908667128533, 0.00516568124294, 0.00546273821965, 0.00942768342793, 0.0169763453305, 0.0109599260613, 0.0166852921247, 0.0271227955818, 0.00905127823353, 0.00594012485817, 0.00148605217692, 0.000423158810008, 2.56926250586e-05], "mean": [0.000318771839375, 0.0181039236486, 0.00435882573947, 0.00348283094354, 0.00151969306171, 0.000511917402036, 0.000561566208489, 0.000534780556336, 0.000311476469506, 0.000241264904616, 0.000291273085168, 0.000217710854486, 0.000219482448301, 0.000304488989059, 0.000215882682824, 0.000229079741985, 0.00031435402343, 0.0003830397618, 0.000565815251321, 0.000560394721106, 0.00054953515064, 0.000378794939024, 0.000195808170247, 0.000123276695376, 6.74842231092e-05, 2.61655441136e-05, 1.84336022357e-06], "median": [2.11029855564e-05, 0.00716966670007, 0.00188052840531, 0.00149106234312, 0.00106758635957, 0.000278686726233, 0.00020763296925, 0.000141838332638, 8.49272109917e-05, 7.36125875846e-05, 5.55190745217e-05, 7.25105419406e-05, 6.76702766214e-05, 8.67619964993e-05, 8.06922253105e-05, 8.72596938279e-05, 0.000132882210892, 0.000164512021001, 0.00028281318373, 0.00024590967223, 0.000203506031539, 0.000124457554193, 5.6647000747e-05, 3.89376546082e-05, 1.27738421725e-05, 5.00389569424e-06, 3.02285002363e-07], "min": [2.10234956464e-25, 1.84901186461e-24, 2.06069440548e-24, 8.38172797622e-25, 6.26161696178e-24, 5.39394648554e-24, 4.64863267444e-24, 8.07892647876e-24, 2.35125735709e-23, 1.52248072115e-23, 1.27522741654e-23, 2.62722078103e-23, 1.94581251297e-23, 4.53335643036e-23, 6.31259370568e-23, 2.48819367058e-23, 5.00740440533e-23, 8.42061369125e-23, 1.26544812878e-22, 1.76879843673e-22, 2.59039858413e-22, 2.82587697222e-22, 4.09846536503e-22, 5.48912742892e-22, 8.39552273953e-22, 1.386924605e-21, 1.92036118435e-21], "var": [4.07723604212e-07, 0.000923774146941, 4.50772677141e-05, 4.0245558921e-05, 3.31766432282e-06, 5.30325905856e-07, 1.29654210923e-06, 1.64779157785e-06, 5.6651003888e-07, 3.85286313076e-07, 7.71347743012e-07, 1.971753818e-07, 2.30257214184e-07, 4.99073848914e-07, 1.86839002936e-07, 1.31041346663e-07, 1.97989223238e-07, 3.22513670881e-07, 6.58214787563e-07, 7.51190327719e-07, 7.69966675307e-07, 8.53033384374e-07, 1.82917517577e-07, 5.15318241412e-08, 1.54994168611e-08, 2.39691666515e-09, 1.09248218111e-11]}, "barkbands_crest": {"dmean": 2.84192943573, "dmean2": 4.46457195282, "dvar": 8.90640735626, "dvar2": 18.1476173401, "max": 26.9169902802, "mean": 12.3314323425, "median": 11.5305051804, "min": 2.46347808838, "var": 26.8856925964}, "barkbands_flatness_db": {"dmean": 0.0298895593733, "dmean2": 0.0448646433651, "dvar": 0.00125763448887, "dvar2": 0.00269207218662, "max": 1, "mean": 0.159312143922, "median": 0.14053593576, "min": 0.0285491980612, "var": 0.00622872402892}, "barkbands_kurtosis": {"dmean": 11.665599823, "dmean2": 19.2050476074, "dvar": 22152.125, "dvar2": 65851.734375, "max": 10239.1865234, "mean": 14.1129837036, "median": 3.14994430542, "min": -1.92983353138, "var": 12269.1523438}, "barkbands_skewness": {"dmean": 0.911226987839, "dmean2": 1.39225745201, "dvar": 3.26443529129, "dvar2": 8.17977142334, "max": 96.1056976318, "mean": 2.42221331596, "median": 1.96391904354, "min": -3.70012044907, "var": 6.38892602921}, "barkbands_spread": {"dmean": 8.27548313141, "dmean2": 13.1707687378, "dvar": 103.799537659, "dvar2": 246.718688965, "max": 151.626647949, "mean": 27.8276424408, "median": 25.8304767609, "min": 0.00306498655118, "var": 351.042297363}, "dissonance": {"dmean": 0.0117937894538, "dmean2": 0.0194894112647, "dvar": 0.00022666931909, "dvar2": 0.000587701448239, "max": 0.500000059605, "mean": 0.477901875973, "median": 0.484507977962, "min": 0.152631416917, "var": 0.000526054762304}, "dynamic_complexity": 4.31707715988, "erbbands": {"dmean": [0.35775488615, 2.90208888054, 4.22559976578, 7.09007120132, 4.90951824188, 2.60234475136, 2.12756299973, 2.48007512093, 4.1970949173, 5.37895059586, 6.00050640106, 3.86750173569, 4.84501361847, 4.05558490753, 6.16283464432, 5.55514574051, 5.82630491257, 8.15409564972, 6.39310693741, 6.31800031662, 6.67633199692, 8.18340492249, 9.27456569672, 12.1608963013, 13.7146272659, 14.2474746704, 10.5560026169, 9.44540977478, 7.4727025032, 4.96598434448, 3.26388835907, 1.96211862564, 0.948157429695, 0.499824732542, 0.379700303078, 0.140830248594, 0.0262997355312, 0.00302665494382, 0.000245188915869, 2.35295628954e-05], "dmean2": [0.516041994095, 4.91696596146, 7.07735776901, 11.974029541, 8.36070728302, 4.46903276443, 3.52869820595, 4.01163291931, 6.56866502762, 8.4859495163, 8.93275165558, 5.96848630905, 7.40308618546, 6.08309268951, 9.58068656921, 8.63838577271, 9.09789848328, 12.8511638641, 10.0891160965, 10.2082223892, 10.7698297501, 13.4288749695, 14.8421354294, 19.7988529205, 21.6702423096, 22.6292572021, 15.7195672989, 13.7851066589, 10.6577510834, 6.92679166794, 4.39790868759, 2.65403699875, 1.31658768654, 0.702375710011, 0.520182132721, 0.192541316152, 0.0353264026344, 0.00412720860913, 0.000315243349178, 3.31050214299e-05], "dvar": [0.621161162853, 40.3036231995, 74.1213912964, 241.801208496, 121.542686462, 22.4509468079, 15.1083860397, 23.2930202484, 103.239364624, 259.257781982, 377.93661499, 113.792236328, 250.239837646, 127.970680237, 353.554840088, 174.352035522, 178.189102173, 444.715484619, 201.885269165, 183.865447998, 126.988265991, 210.230895996, 290.12387085, 424.558166504, 613.072814941, 702.789001465, 353.184692383, 455.698822021, 529.116577148, 163.335647583, 69.1003723145, 21.3354091644, 3.01898956299, 0.8698143363, 0.503711938858, 0.0692144781351, 0.00223456369713, 2.79508731182e-05, 1.86409650382e-07, 1.51924284264e-09], "dvar2": [1.26091825962, 101.734977722, 184.036224365, 634.404296875, 338.385101318, 62.724899292, 40.7372093201, 56.8677940369, 244.893798828, 656.634216309, 916.709472656, 273.147796631, 565.221923828, 286.634429932, 868.69543457, 433.647033691, 451.607421875, 1060.46240234, 491.205993652, 493.405578613, 318.348876953, 552.510314941, 723.276428223, 1086.80908203, 1473.00170898, 1654.39916992, 745.524963379, 924.730163574, 1109.62219238, 320.068267822, 143.897094727, 42.3398933411, 5.46901369095, 1.72358334064, 1.00729870796, 0.137315750122, 0.00425847852603, 4.50329534942e-05, 2.79719387208e-07, 2.66149791095e-09], "max": [7.59001970291, 50.7259025574, 83.962387085, 170.867156982, 146.593414307, 57.5302772522, 60.8806381226, 96.4339065552, 230.531066895, 414.393066406, 634.932373047, 421.190155029, 477.8019104, 353.63369751, 545.893798828, 446.598297119, 433.805175781, 792.257385254, 500.681274414, 514.905822754, 215.462081909, 303.797424316, 516.560974121, 468.792358398, 1096.13122559, 532.906860352, 450.360717773, 764.115905762, 1083.86083984, 358.945831299, 244.759094238, 182.059997559, 52.7004928589, 23.4213008881, 7.83670759201, 2.99232006073, 0.511724233627, 0.0603070035577, 0.00552646582946, 0.000348627218045], "mean": [0.50177448988, 4.0555562973, 5.69027137756, 10.0414209366, 7.30410194397, 4.37649679184, 3.51896452904, 4.31523704529, 7.5650510788, 9.61769866943, 11.2142066956, 7.41507673264, 8.46614074707, 7.76740217209, 11.6344556808, 10.5263261795, 11.3694887161, 15.5892438889, 12.2443027496, 11.7694702148, 13.4900531769, 16.3224849701, 20.2799263, 25.3262825012, 28.8541679382, 28.5604896545, 22.8707141876, 20.4278087616, 13.9451284409, 8.71522045135, 5.39346790314, 3.48294115067, 1.52976310253, 0.738036513329, 0.479006886482, 0.181318044662, 0.036501660943, 0.00445973826572, 0.000365347659681, 5.39011853107e-05], "median": [0.155050590634, 1.6710985899, 2.24001550674, 5.15212154388, 4.15313911438, 3.18851327896, 2.001994133, 2.09567952156, 3.26415276527, 2.82767343521, 3.14105916023, 2.30005741119, 2.51339149475, 2.23757743835, 3.15004062653, 3.86811184883, 4.08769845963, 4.62672901154, 4.5370182991, 4.75384712219, 6.00117254257, 6.98301458359, 9.38985061646, 12.2736673355, 14.375169754, 12.624548912, 8.88780403137, 6.87780427933, 4.49567317963, 2.83611536026, 1.5745806694, 1.08224260807, 0.472639411688, 0.175202459097, 0.0700592696667, 0.0251230597496, 0.00832804478705, 0.00104914640542, 7.53132917453e-05, 2.98364793707e-05], "min": [7.77961876737e-23, 3.87899769788e-22, 1.51410877386e-21, 6.55585144874e-21, 1.59237906316e-20, 2.06777026251e-20, 3.95627012987e-20, 5.37996137829e-20, 1.26859779162e-19, 8.87898383701e-20, 2.00496715611e-19, 5.25557784184e-19, 5.58690193428e-19, 8.50914182086e-19, 7.15719007288e-19, 1.17394092919e-18, 1.2168451332e-18, 1.82688525149e-18, 2.73374341616e-18, 3.13016186651e-18, 2.51346459865e-18, 3.31591974872e-18, 5.75687348808e-18, 7.98678119314e-18, 6.76740240572e-18, 8.61155980879e-18, 8.89140907209e-18, 1.01484034843e-17, 1.08377551273e-17, 1.24898680755e-17, 9.7232632551e-18, 1.07380682829e-17, 9.7242914406e-18, 8.51599149672e-18, 6.68319128346e-18, 4.02853874157e-18, 2.43230515247e-18, 9.72325787843e-19, 2.40382770212e-19, 2.62651073301e-20], "var": [0.852412283421, 46.7843399048, 81.3178787231, 271.568634033, 117.988708496, 24.1639213562, 22.0230064392, 47.0528907776, 224.977661133, 595.475830078, 744.880065918, 281.129394531, 550.397033691, 361.462371826, 978.385559082, 427.28237915, 477.554656982, 1433.4005127, 638.536865234, 393.128204346, 374.004119873, 567.60748291, 877.244018555, 1251.42749023, 1704.72741699, 1918.58508301, 1159.11547852, 1392.6574707, 1128.09802246, 415.811676025, 141.025817871, 49.7131462097, 6.80937576294, 1.72344815731, 0.880541741848, 0.125010147691, 0.00425691949204, 5.83991859457e-05, 4.1721159505e-07, 3.77334208324e-09]}, "erbbands_crest": {"dmean": 1.9714653492, "dmean2": 3.17590880394, "dvar": 4.25410699844, "dvar2": 9.9675655365, "max": 35.7643623352, "mean": 7.20422315598, "median": 6.23716115952, "min": 2.24445366859, "var": 12.483502388}, "erbbands_flatness_db": {"dmean": 0.016947792843, "dmean2": 0.0225003380328, "dvar": 0.000354955147486, "dvar2": 0.000575787678827, "max": 0.51420301199, "mean": 0.138457626104, "median": 0.128254249692, "min": 0.0220658313483, "var": 0.00272235134616}, "erbbands_kurtosis": {"dmean": 1.04493868351, "dmean2": 1.61420440674, "dvar": 23.8163108826, "dvar2": 37.228515625, "max": 319.417999268, "mean": 0.633366584778, "median": -0.377645373344, "min": -1.87915635109, "var": 102.520996094}, "erbbands_skewness": {"dmean": 0.384033471346, "dmean2": 0.573823034763, "dvar": 0.218828454614, "dvar2": 0.433106064796, "max": 16.6241569519, "mean": -0.28226017952, "median": -0.440275073051, "min": -5.73494720459, "var": 1.18167126179}, "erbbands_spread": {"dmean": 12.3366174698, "dmean2": 18.8403491974, "dvar": 230.939712524, "dvar2": 479.797698975, "max": 176.13243103, "mean": 54.4651107788, "median": 50.5012779236, "min": 0.780645608902, "var": 635.541137695}, "gfcc": {"cov": [[28689.4296875, -1871.35009766, -1426.37304688, 2085.22192383, -1227.89038086, 1183.85302734, -514.495483398, 532.632629395, -678.33972168, 517.93371582, -445.440216064, 133.764648438, -486.828918457], [-1871.35009766, 1749.41503906, -346.473602295, -335.249511719, 103.976608276, -370.150726318, 102.238624573, -137.188873291, 190.560943604, -203.638626099, 187.611907959, -113.367271423, 136.586975098], [-1426.37304688, -346.473602295, 1396.13183594, -3.26012587547, 4.63812351227, 185.89994812, -52.5535774231, 75.1400985718, -2.40074563026, 81.8521728516, -70.171257019, 62.538269043, -29.0003471375], [2085.22192383, -335.249511719, -3.26012587547, 534.431091309, -86.5564956665, 125.547821045, -35.4271850586, 21.4770355225, 9.39124393463, 28.6286296844, -16.6435394287, -15.2052688599, -1.89431190491], [-1227.89038086, 103.976608276, 4.63812351227, -86.5564956665, 351.12713623, 23.6175174713, -0.49055480957, -37.8722076416, 37.5570487976, -12.0602960587, 3.42547607422, 14.8129310608, 47.4023017883], [1183.85302734, -370.150726318, 185.89994812, 125.547821045, 23.6175174713, 286.381744385, 21.5533237457, 36.736656189, -66.2893295288, 53.2122001648, -52.7424545288, 23.6451721191, -28.242017746], [-514.495483398, 102.238624573, -52.5535774231, -35.4271850586, -0.49055480957, 21.5533237457, 187.479751587, 24.5754985809, 24.0420742035, -32.5104446411, 38.9993972778, -16.911523819, 13.1431398392], [532.632629395, -137.188873291, 75.1400985718, 21.4770355225, -37.8722076416, 36.736656189, 24.5754985809, 140.797195435, 9.47029876709, 31.6283149719, -16.6431007385, 15.8377227783, -18.3335514069], [-678.33972168, 190.560943604, -2.40074563026, 9.39124393463, 37.5570487976, -66.2893295288, 24.0420742035, 9.47029876709, 136.572738647, -9.2335691452, 39.1315994263, -25.8694667816, 36.4831504822], [517.93371582, -203.638626099, 81.8521728516, 28.6286296844, -12.0602960587, 53.2122001648, -32.5104446411, 31.6283149719, -9.2335691452, 104.096817017, -7.32437133789, 29.168674469, -33.9505653381], [-445.440216064, 187.611907959, -70.171257019, -16.6435394287, 3.42547607422, -52.7424545288, 38.9993972778, -16.6431007385, 39.1315994263, -7.32437133789, 99.3303146362, 2.89425897598, 20.7562217712], [133.764648438, -113.367271423, 62.538269043, -15.2052688599, 14.8129310608, 23.6451721191, -16.911523819, 15.8377227783, -25.8694667816, 29.168674469, 2.89425897598, 78.3155136108, 5.29680776596], [-486.828918457, 136.586975098, -29.0003471375, -1.89431190491, 47.4023017883, -28.242017746, 13.1431398392, -18.3335514069, 36.4831504822, -33.9505653381, 20.7562217712, 5.29680776596, 82.7883911133]], "icov": [[0.000201637623832, -0.000425768957939, 0.000380687299185, -0.000676678435411, 0.000510668673087, -0.00084966380382, 0.000528291042428, -0.000675327610224, 0.000529221491888, -0.00062497833278, 0.000721531396266, -0.000642538070679, 0.000561059219763], [-0.000425768957939, 0.00231936597265, -0.000782713468652, 0.002095624106, -0.00113455974497, 0.00233241217211, -0.000996222137474, 0.0018006968312, -0.00186718534678, 0.00272911577486, -0.00325114117004, 0.00266769039445, -0.00196784362197], [0.000380687299185, -0.000782713468652, 0.0016021101037, -0.00103039864916, 0.001121211797, -0.002311588265, 0.00133026740514, -0.00141609564889, 0.000285059271846, -0.00121045042761, 0.00172484922223, -0.00180126773193, 0.001173042343], [-0.000676678435411, 0.002095624106, -0.00103039864916, 0.0051477975212, -0.000803524395451, 0.00123765144963, -0.000620922830421, 0.00234908889979, -0.00326255359687, 0.00278173410334, -0.00353162572719, 0.00339586078189, -0.00293200043961], [0.000510668673087, -0.00113455974497, 0.001121211797, -0.000803524395451, 0.00503904325888, -0.00362924835645, 0.00178773130756, -0.000611901516095, -0.000471548701171, -0.00140515284147, 0.00236181938089, -0.00262738531455, -8.5934116214e-05], [-0.00084966380382, 0.00233241217211, -0.002311588265, 0.00123765144963, -0.00362924835645, 0.0107216946781, -0.00492563378066, 0.002606960712, 0.00105886615347, 0.000206850134418, -0.00136911147274, 0.00328358379193, -0.00277965608984], [0.000528291042428, -0.000996222137474, 0.00133026740514, -0.000620922830421, 0.00178773130756, -0.00492563378066, 0.00925949122757, -0.00387859274633, 0.000158309791004, 0.00169593282044, -0.00208572251722, -0.000186587232747, 0.00132969126571], [-0.000675327610224, 0.0018006968312, -0.00141609564889, 0.00234908889979, -0.000611901516095, 0.002606960712, -0.00387859274633, 0.0117299389094, -0.00453085033223, 0.000611480383668, -0.000175741792191, -0.000209571793675, -0.000626426248346], [0.000529221491888, -0.00186718534678, 0.000285059271846, -0.00326255359687, -0.000471548701171, 0.00105886615347, 0.000158309791004, -0.00453085033223, 0.0149612948298, -0.00547739304602, -0.000432545493823, 0.00346201658249, -0.00313190720044], [-0.00062497833278, 0.00272911577486, -0.00121045042761, 0.00278173410334, -0.00140515284147, 0.000206850134418, 0.00169593282044, 0.000611480383668, -0.00547739304602, 0.0193718206137, -0.00598031375557, -0.0021165064536, 0.00419591600075], [0.000721531396266, -0.00325114117004, 0.00172484922223, -0.00353162572719, 0.00236181938089, -0.00136911147274, -0.00208572251722, -0.000175741792191, -0.000432545493823, -0.00598031375557, 0.0195963568985, -0.00721744075418, 0.00188981322572], [-0.000642538070679, 0.00266769039445, -0.00180126773193, 0.00339586078189, -0.00262738531455, 0.00328358379193, -0.000186587232747, -0.000209571793675, 0.00346201658249, -0.0021165064536, -0.00721744075418, 0.0220813080668, -0.00812201667577], [0.000561059219763, -0.00196784362197, 0.001173042343, -0.00293200043961, -8.5934116214e-05, -0.00277965608984, 0.00132969126571, -0.000626426248346, -0.00313190720044, 0.00419591600075, 0.00188981322572, -0.00812201667577, 0.0208665318787]], "mean": [-39.3983764648, 88.0919189453, -101.850379944, 67.1603012085, -46.7731819153, 16.0192012787, -23.3480739594, 8.70168781281, -19.7668457031, 3.05387973785, -12.2959451675, -3.89772439003, -12.9478979111]}, "hfc": {"dmean": 6.75648403168, "dmean2": 9.26400661469, "dvar": 126.476631165, "dvar2": 216.710601807, "max": 301.021911621, "mean": 20.3794155121, "median": 12.3674669266, "min": 1.07046038641e-16, "var": 531.964172363}, "melbands": {"dmean": [0.00321094342507, 0.00278063747101, 0.00110692414455, 0.000258729211055, 7.54248321755e-05, 5.63810826861e-05, 6.50272704661e-05, 5.7870602177e-05, 4.79010268464e-05, 2.39803939621e-05, 2.43440281338e-05, 1.61536245287e-05, 2.29814704653e-05, 1.40230458783e-05, 1.34970914587e-05, 1.26710801851e-05, 1.62222895597e-05, 1.05746030385e-05, 8.58583007357e-06, 9.24894720811e-06, 8.56105725688e-06, 8.91772197065e-06, 9.73244550551e-06, 1.04498722067e-05, 1.08411786641e-05, 1.06326551759e-05, 9.81882294582e-06, 1.05049712147e-05, 6.69362498229e-06, 7.1661097536e-06, 5.39849861525e-06, 4.90535467179e-06, 3.43894430443e-06, 2.60979436462e-06, 2.07325228985e-06, 1.55268685376e-06, 1.09938935111e-06, 7.099887398e-07, 5.29314320374e-07, 3.88258570183e-07], "dmean2": [0.00503882067278, 0.00466409511864, 0.00186410686001, 0.000445812213002, 0.00012647274707, 9.13016992854e-05, 0.000101320678368, 9.05462366063e-05, 7.18170340406e-05, 3.71288660972e-05, 3.71429305233e-05, 2.42272490141e-05, 3.57579774573e-05, 2.13999719563e-05, 2.11249334825e-05, 1.99163005163e-05, 2.55923405348e-05, 1.66823992913e-05, 1.38554960358e-05, 1.48543931573e-05, 1.39198400575e-05, 1.4834441572e-05, 1.55030011229e-05, 1.72765776369e-05, 1.78015197889e-05, 1.69180057128e-05, 1.5308314687e-05, 1.70858293131e-05, 1.04361115518e-05, 1.06775378299e-05, 8.07819014881e-06, 7.16696513337e-06, 4.93984680361e-06, 3.71447367797e-06, 2.87219086204e-06, 2.13242333302e-06, 1.53449946083e-06, 1.01244370398e-06, 7.56554413783e-07, 5.63941568998e-07], "dvar": [5.1242459449e-05, 3.20394101436e-05, 6.00474277235e-06, 2.63087059693e-07, 1.95672988923e-08, 1.14999618717e-08, 2.35394939097e-08, 3.03573806093e-08, 2.6537916753e-08, 4.44320846782e-09, 6.24028917429e-09, 2.12881268169e-09, 5.18204279487e-09, 1.08501729823e-09, 8.46479719652e-10, 9.87568027355e-10, 1.64316804607e-09, 5.65944124897e-10, 3.1591024241e-10, 3.13460590817e-10, 2.16962392496e-10, 2.615050676e-10, 3.30262261983e-10, 3.95177057744e-10, 3.55634161009e-10, 3.94190208253e-10, 3.21192794583e-10, 4.42254122213e-10, 1.68252703436e-10, 1.58280527573e-10, 1.93540419802e-10, 2.39571168459e-10, 1.16067565281e-10, 3.72603788101e-11, 2.71374242522e-11, 1.64502387406e-11, 6.43502655676e-12, 1.71813236381e-12, 9.88012081003e-13, 5.38302692352e-13], "dvar2": [0.000108789747173, 8.3044404164e-05, 1.58555285452e-05, 7.44513613427e-07, 5.37459321492e-08, 2.81266423485e-08, 5.49709362474e-08, 7.57155760311e-08, 6.46391740133e-08, 1.09085558364e-08, 1.40673712679e-08, 4.66553373712e-09, 1.26605756989e-08, 2.55320120601e-09, 2.12756301465e-09, 2.43583397896e-09, 3.89342602602e-09, 1.38471600852e-09, 7.76599451413e-10, 7.86798515229e-10, 5.61210633521e-10, 7.03404501312e-10, 8.10396361128e-10, 1.06641784292e-09, 9.20601650467e-10, 9.53377377044e-10, 7.47411743607e-10, 1.10408626686e-09, 3.90624754765e-10, 3.42052136615e-10, 4.07309325157e-10, 5.30428256873e-10, 2.38343234038e-10, 7.57900756043e-11, 5.7597947245e-11, 3.46736146739e-11, 1.31345255852e-11, 3.38883456887e-12, 1.8928461229e-12, 1.12288086815e-12], "max": [0.0615538544953, 0.04923036322, 0.0254259072244, 0.00720784021541, 0.00199518003501, 0.00188244611491, 0.0032535053324, 0.00490237399936, 0.0050114011392, 0.00239620520733, 0.00232349173166, 0.00151112640742, 0.00222138315439, 0.0014601869043, 0.00079716584878, 0.000987409614027, 0.00143276213203, 0.000704858044628, 0.000730966741685, 0.000549075135496, 0.000297952792607, 0.000322440493619, 0.000581469619647, 0.000553091871552, 0.000370063091395, 0.000674906128552, 0.000783104391303, 0.000501663191244, 0.00032659698627, 0.00034456254798, 0.000458938418888, 0.000790170161054, 0.000374959112378, 0.00017848466814, 0.000150123916683, 0.000126239348901, 0.000104159560578, 4.00458375225e-05, 3.32727831847e-05, 1.4585540157e-05], "mean": [0.00488279061392, 0.0039417501539, 0.00162056472618, 0.000412640132708, 0.000127238890855, 9.87020757748e-05, 0.000117210940516, 0.000103807804408, 8.83777465788e-05, 4.35904330516e-05, 4.1200677515e-05, 2.92046188406e-05, 4.17402188759e-05, 2.5938030376e-05, 2.58684067376e-05, 2.39007076743e-05, 2.93820830848e-05, 1.94051954168e-05, 1.50867681441e-05, 1.6547532141e-05, 1.58537623065e-05, 1.620970761e-05, 1.83299853234e-05, 1.97526060219e-05, 2.0539828256e-05, 2.10936941585e-05, 1.92324459931e-05, 1.9025097572e-05, 1.3578664948e-05, 1.4233298316e-05, 1.0899566405e-05, 8.3860813902e-06, 6.15025510342e-06, 4.21457752964e-06, 3.26155964103e-06, 2.54159181168e-06, 1.92027300727e-06, 1.11516305878e-06, 7.79681272434e-07, 5.52691460598e-07], "median": [0.00181932398118, 0.00168946292251, 0.000858329061884, 0.000285554328002, 7.91971760918e-05, 4.90920247103e-05, 4.9866950576e-05, 3.02367607219e-05, 2.46521849476e-05, 1.23408663057e-05, 1.14881959234e-05, 7.86623695603e-06, 8.66344544193e-06, 9.52588925429e-06, 9.61315345194e-06, 7.3016267379e-06, 8.05145009508e-06, 6.58734461467e-06, 6.0537590798e-06, 6.210923857e-06, 6.80950006426e-06, 6.74238708598e-06, 6.84495307723e-06, 8.44702208269e-06, 9.43212398852e-06, 1.00804036265e-05, 8.92823027243e-06, 7.63053049013e-06, 5.15182773597e-06, 5.14842940902e-06, 3.4049826354e-06, 2.48269816439e-06, 2.04504635803e-06, 1.27444184272e-06, 9.09499533464e-07, 7.44828525967e-07, 5.71355087686e-07, 3.45271331526e-07, 2.01492881047e-07, 1.25450469568e-07], "min": [7.54434522279e-25, 8.36166231302e-25, 2.44035619866e-24, 1.39086718744e-24, 1.2690103643e-24, 1.17512506974e-24, 1.66550467425e-24, 9.02351464034e-25, 1.70807259478e-24, 3.48415407148e-24, 2.65007506753e-24, 2.84575931203e-24, 2.06032245757e-24, 3.13611633149e-24, 2.20945503398e-24, 1.88858191648e-24, 2.34980896902e-24, 3.64053391303e-24, 3.64458155833e-24, 1.80442209359e-24, 2.76674029845e-24, 2.75459815139e-24, 3.31253659269e-24, 2.76825786961e-24, 2.93283693419e-24, 4.25702516058e-24, 4.42854955379e-24, 4.73139443859e-24, 4.94767248867e-24, 4.43461865516e-24, 4.99913540755e-24, 4.58109592577e-24, 4.73420081126e-24, 5.85810790344e-24, 4.64338753829e-24, 5.16768421742e-24, 5.34488328154e-24, 5.51138736395e-24, 6.00221622475e-24, 5.80625528728e-24], "var": [7.06053688191e-05, 3.66871427104e-05, 6.69065775583e-06, 2.52986609439e-07, 2.5594445674e-08, 2.38780302197e-08, 5.25096908177e-08, 7.09094933882e-08, 4.86357443208e-08, 1.07728546084e-08, 1.3673774113e-08, 5.68060620765e-09, 1.60298920804e-08, 2.84911649828e-09, 2.15448858754e-09, 3.04234570869e-09, 4.9406110314e-09, 1.80731185573e-09, 7.81172238007e-10, 7.6345674227e-10, 5.48044776227e-10, 6.19276463443e-10, 8.4709683712e-10, 9.17969811276e-10, 9.25422627418e-10, 1.00719421692e-09, 8.32062252432e-10, 9.96228322059e-10, 4.57820892308e-10, 4.78468042964e-10, 5.03876940172e-10, 4.48006187703e-10, 2.55118870474e-10, 9.02979704898e-11, 5.23026622012e-11, 3.28134637517e-11, 1.44789414833e-11, 3.5821664645e-12, 1.96181374097e-12, 9.94195285993e-13]}, "melbands_crest": {"dmean": 3.10274457932, "dmean2": 5.04273557663, "dvar": 9.62228965759, "dvar2": 21.6194038391, "max": 40, "mean": 16.4020366669, "median": 15.8723993301, "min": 1.61090767384, "var": 29.1083049774}, "melbands_flatness_db": {"dmean": 0.0361226350069, "dmean2": 0.0547192469239, "dvar": 0.00184659997467, "dvar2": 0.00394766870886, "max": 1, "mean": 0.231013938785, "median": 0.214739605784, "min": 0.00340393302031, "var": 0.0099133355543}, "melbands_kurtosis": {"dmean": 6490795.5, "dmean2": 9908295, "dvar": 152992627779000000, "dvar2": 229888210418000000, "max": 28683202560, "mean": 25634662, "median": 18.9234809875, "min": -1.87452745438, "var": 702372357150000000}, "melbands_skewness": {"dmean": 29.1968402863, "dmean2": 44.2686500549, "dvar": 2927718.5, "dvar2": 4428600.5, "max": 122920.4375, "mean": 115.890350342, "median": 3.92457985878, "min": -2.03638720512, "var": 13237255}, "melbands_spread": {"dmean": 8.7327671051, "dmean2": 13.8443832397, "dvar": 156.959823608, "dvar2": 347.160766602, "max": 205.378860474, "mean": 23.9403038025, "median": 16.0632095337, "min": 1.47383323323e-08, "var": 586.062011719}, "mfcc": {"cov": [[14961.1806641, -968.796325684, -778.775817871, 878.975524902, -253.479202271, 501.995391846, 301.685424805, 159.634918213, 42.3304481506, 172.585342407, 71.6299514771, 199.062133789, -92.5866241455], [-968.796325684, 1436.27392578, 29.3685512543, 13.2345285416, 11.6027851105, -113.768096924, -43.6945381165, 18.3553028107, -44.3205451965, 2.41459965706, 16.3608150482, -26.3544654846, 29.7886238098], [-778.775817871, 29.3685512543, 936.960571289, 40.318687439, 44.3420295715, 51.3874931335, -4.11047840118, 20.0944194794, 34.1074066162, 10.9560985565, 24.6444530487, -9.32883739471, 16.8285427094], [878.975524902, 13.2345285416, 40.318687439, 352.398010254, 37.9717292786, 32.4527893066, -21.1377449036, 17.9338722229, 14.8168087006, 30.2600669861, 7.33070421219, 20.6615638733, 17.9754161835], [-253.479202271, 11.6027851105, 44.3420295715, 37.9717292786, 293.823883057, 80.721282959, -21.2351131439, -11.1844205856, 35.5290794373, -8.76941394806, -15.2125673294, -7.40032958984, 8.1903963089], [501.995391846, -113.768096924, 51.3874931335, 32.4527893066, 80.721282959, 219.672637939, 72.5481262207, 11.9565010071, 20.7858123779, -1.1726808548, -1.66429758072, 9.06877613068, -13.2620658875], [301.685424805, -43.6945381165, -4.11047840118, -21.1377449036, -21.2351131439, 72.5481262207, 142.131713867, 53.2562446594, 8.70874214172, 9.96128940582, 9.27279853821, -0.632836997509, 0.41452601552], [159.634918213, 18.3553028107, 20.0944194794, 17.9338722229, -11.1844205856, 11.9565010071, 53.2562446594, 96.7941970825, 36.8231887817, 14.7072839737, 4.78600645065, 2.44686341286, 3.43708515167], [42.3304481506, -44.3205451965, 34.1074066162, 14.8168087006, 35.5290794373, 20.7858123779, 8.70874214172, 36.8231887817, 95.0596313477, 28.7536907196, -2.72746038437, 4.51271152496, -4.21381139755], [172.585342407, 2.41459965706, 10.9560985565, 30.2600669861, -8.76941394806, -1.1726808548, 9.96128940582, 14.7072839737, 28.7536907196, 76.2214736938, 29.2778568268, 4.3554816246, -4.37970209122], [71.6299514771, 16.3608150482, 24.6444530487, 7.33070421219, -15.2125673294, -1.66429758072, 9.27279853821, 4.78600645065, -2.72746038437, 29.2778568268, 72.002281189, 24.1529636383, -0.97833776474], [199.062133789, -26.3544654846, -9.32883739471, 20.6615638733, -7.40032958984, 9.06877613068, -0.632836997509, 2.44686341286, 4.51271152496, 4.3554816246, 24.1529636383, 79.7984619141, 16.2623538971], [-92.5866241455, 29.7886238098, 16.8285427094, 17.9754161835, 8.1903963089, -13.2620658875, 0.41452601552, 3.43708515167, -4.21381139755, -4.37970209122, -0.97833776474, 16.2623538971, 77.6667404175]], "icov": [[0.000107259846118, 4.90331804031e-05, 9.96488743112e-05, -0.000267102324869, 0.000141357377288, -0.000213838269701, -8.99617079995e-05, -7.19881572877e-05, 6.59692741465e-05, -0.000133594163344, 3.02417611238e-05, -0.000164222248713, 0.000132342916913], [4.90331804031e-05, 0.000791314581875, 1.76196735993e-05, -0.000138796967804, -0.000129367195768, 0.000264201225946, 0.000152132546646, -0.000519492430612, 0.000566520087887, -0.000167200370925, -0.000216143307625, 0.000228276287089, -0.000165024132002], [9.96488743112e-05, 1.76196735993e-05, 0.00123317493126, -0.000306171859847, 0.000136266389745, -0.000588307098951, 0.000267671857728, -0.000273367535556, -0.000348117784597, 9.3640635896e-05, -0.000665771076456, 0.000344349420629, -0.000282558030449], [-0.000267102324869, -0.000138796967804, -0.000306171859847, 0.00395109085366, -0.000573150522541, -0.000353814277332, 0.00164824933745, -0.00108751095831, 0.000501465343405, -0.00137393653858, 0.000379566918127, -0.000255921448115, -0.00106583698653], [0.000141357377288, -0.000129367195768, 0.000136266389745, -0.000573150522541, 0.0046718143858, -0.00242858729325, 0.00136564695276, 0.000599033141043, -0.00195390591398, 0.000752279069275, -1.5218273802e-05, 0.000714560155757, -0.000833305763081], [-0.000213838269701, 0.000264201225946, -0.000588307098951, -0.000353814277332, -0.00242858729325, 0.00795806013048, -0.00475240452215, 0.0019492196152, -0.000863792491145, 0.00110024784226, 0.000443085009465, -0.00106534257066, 0.00165103736799], [-8.99617079995e-05, 0.000152132546646, 0.000267671857728, 0.00164824933745, 0.00136564695276, -0.00475240452215, 0.0128596918657, -0.00708954967558, 0.00205217930488, -0.00123036280274, -0.00115495512728, 0.00149213860277, -0.00160049844999], [-7.19881572877e-05, -0.000519492430612, -0.000273367535556, -0.00108751095831, 0.000599033141043, 0.0019492196152, -0.00708954967558, 0.0170223526657, -0.00690436223522, 0.00112259760499, -0.000385425693821, 2.93727553071e-05, -0.000343740917742], [6.59692741465e-05, 0.000566520087887, -0.000348117784597, 0.000501465343405, -0.00195390591398, -0.000863792491145, 0.00205217930488, -0.00690436223522, 0.0165818016976, -0.00702361622825, 0.00378339737654, -0.00193280447274, 0.00112981058192], [-0.000133594163344, -0.000167200370925, 9.3640635896e-05, -0.00137393653858, 0.000752279069275, 0.00110024784226, -0.00123036280274, 0.00112259760499, -0.00702361622825, 0.0198385585099, -0.00857688020915, 0.00237404182553, 0.000400515302317], [3.02417611238e-05, -0.000216143307625, -0.000665771076456, 0.000379566918127, -1.5218273802e-05, 0.000443085009465, -0.00115495512728, -0.000385425693821, 0.00378339737654, -0.00857688020915, 0.0201245583594, -0.00653923628852, 0.00162018358242], [-0.000164222248713, 0.000228276287089, 0.000344349420629, -0.000255921448115, 0.000714560155757, -0.00106534257066, 0.00149213860277, 2.93727553071e-05, -0.00193280447274, 0.00237404182553, -0.00653923628852, 0.0160931851715, -0.00398829160258], [0.000132342916913, -0.000165024132002, -0.000282558030449, -0.00106583698653, -0.000833305763081, 0.00165103736799, -0.00160049844999, -0.000343740917742, 0.00112981058192, 0.000400515302317, 0.00162018358242, -0.00398829160258, 0.0147374300286]], "mean": [-669.551269531, 99.5130310059, 13.7067070007, 51.104221344, 8.10303783417, 17.0557327271, 8.17094516754, 8.74234008789, 1.41007447243, 7.11703872681, 3.04129743576, 4.29949808121, -0.21202236414]}, "pitch_salience": {"dmean": 0.0780303031206, "dmean2": 0.127398714423, "dvar": 0.00616481993347, "dvar2": 0.0146073512733, "max": 0.821965754032, "mean": 0.494259148836, "median": 0.506696343422, "min": 1.64058692462e-05, "var": 0.0157380979508}, "silence_rate_20dB": {"dmean": 0, "dmean2": 0, "dvar": 0, "dvar2": 0, "max": 1, "mean": 1, "median": 1, "min": 1, "var": 0}, "silence_rate_30dB": {"dmean": 0.0810642242432, "dmean2": 0.1621453017, "dvar": 0.0744928196073, "dvar2": 0.15456327796, "max": 1, "mean": 0.916242361069, "median": 1, "min": 0, "var": 0.0767423212528}, "silence_rate_60dB": {"dmean": 0.00353356893174, "dmean2": 0.00706787221134, "dvar": 0.00352108268999, "dvar2": 0.00805731024593, "max": 1, "mean": 0.0818871483207, "median": 0, "min": 0, "var": 0.0751816406846}, "spectral_centroid": {"dmean": 360.081756592, "dmean2": 575.108825684, "dvar": 196854.375, "dvar2": 481423.4375, "max": 11939.6103516, "mean": 1875.48425293, "median": 1893.64892578, "min": 141.244903564, "var": 1484291.375}, "spectral_complexity": {"dmean": 4.19351482391, "dmean2": 6.39580106735, "dvar": 31.7846260071, "dvar2": 65.5905609131, "max": 60, "mean": 18.9609260559, "median": 16, "min": 0, "var": 193.663024902}, "spectral_contrast_coeffs": {"dmean": [0.0469387359917, 0.0410409159958, 0.0346167311072, 0.0290665123612, 0.0233073681593, 0.0199839919806], "dmean2": [0.0772615522146, 0.0659239441156, 0.0552758388221, 0.0462133176625, 0.0372410863638, 0.0294677112252], "dvar": [0.00169886741787, 0.00114874704741, 0.000790959806181, 0.000545337796211, 0.00039062576252, 0.000333839794621], "dvar2": [0.00444292509928, 0.00298245064914, 0.00193674932234, 0.00132747227326, 0.000920491758734, 0.000678877462633], "max": [-0.408231258392, -0.473234981298, -0.516993105412, -0.559221446514, -0.568622767925, -0.544651806355], "mean": [-0.678909599781, -0.752542853355, -0.786089658737, -0.790301263332, -0.784922063351, -0.728513300419], "median": [-0.67958343029, -0.755195379257, -0.790790975094, -0.793466925621, -0.786437869072, -0.721856057644], "min": [-0.99043238163, -0.978179991245, -0.981114089489, -0.994950175285, -0.98825097084, -0.964824676514], "var": [0.00526945479214, 0.0045305704698, 0.00357236876152, 0.00301425810903, 0.00242953444831, 0.00347234029323]}, "spectral_contrast_valleys": {"dmean": [0.335548996925, 0.327379673719, 0.321014791727, 0.335634976625, 0.317340731621, 0.447735697031], "dmean2": [0.550097227097, 0.534439861774, 0.497959673405, 0.499465942383, 0.45412415266, 0.532607197762], "dvar": [0.104618772864, 0.093464627862, 0.103793330491, 0.15678319335, 0.183732569218, 0.29006883502], "dvar2": [0.249480485916, 0.2200396806, 0.216767698526, 0.308978438377, 0.35042154789, 0.45757997036], "max": [-5.26272726059, -5.33093547821, -5.5753736496, -5.84723997116, -5.17759656906, -7.49809122086], "mean": [-7.13498735428, -7.53442049026, -8.23458099365, -8.41419887543, -7.78778362274, -10.5274763107], "median": [-6.71597099304, -7.11311101913, -7.82591819763, -7.97795581818, -7.23864650726, -10.0119533539], "min": [-28.0746498108, -28.1404342651, -27.9921970367, -27.9064865112, -27.5690612793, -27.3975982666], "var": [4.93584728241, 4.63045978546, 4.55493116379, 4.8170170784, 5.49831724167, 5.27535057068]}, "spectral_decrease": {"dmean": 4.16116652247e-09, "dmean2": 6.49589004809e-09, "dvar": 5.76266491042e-17, "dvar2": 1.2674660886e-16, "max": 1.91704478696e-28, "mean": -8.67487681688e-09, "median": -5.03972019672e-09, "min": -6.70464217478e-08, "var": 1.01524455851e-16}, "spectral_energy": {"dmean": 0.0160745438188, "dmean2": 0.0248913913965, "dvar": 0.000834887032397, "dvar2": 0.00182172597852, "max": 0.255611687899, "mean": 0.0345894694328, "median": 0.0205360688269, "min": 9.81034994798e-21, "var": 0.00152841967065}, "spectral_energyband_high": {"dmean": 0.000740713789128, "dmean2": 0.00101607991382, "dvar": 2.13720068132e-06, "dvar2": 3.83462884201e-06, "max": 0.0435744300485, "mean": 0.00165376986843, "median": 0.000644818821456, "min": 7.13382047575e-21, "var": 7.06500532033e-06}, "spectral_energyband_low": {"dmean": 0.0147438989952, "dmean2": 0.0234047938138, "dvar": 0.000814447936136, "dvar2": 0.0018324891571, "max": 0.251239001751, "mean": 0.0251811407506, "median": 0.0112349921837, "min": 1.01479721602e-23, "var": 0.00128166913055}, "spectral_energyband_middle_high": {"dmean": 0.000961120822467, "dmean2": 0.00146074965596, "dvar": 2.12409031519e-06, "dvar2": 4.72976353194e-06, "max": 0.0421619862318, "mean": 0.00320063577965, "median": 0.00192398147192, "min": 1.1731745512e-21, "var": 1.48738699863e-05}, "spectral_energyband_middle_low": {"dmean": 0.00344224809669, "dmean2": 0.00566637096927, "dvar": 4.66389319627e-05, "dvar2": 0.000121309836686, "max": 0.0776681676507, "mean": 0.00702895456925, "median": 0.0046917530708, "min": 1.47372217523e-22, "var": 6.48843051749e-05}, "spectral_entropy": {"dmean": 0.178518489003, "dmean2": 0.254227072001, "dvar": 0.0580542348325, "dvar2": 0.105276964605, "max": 9.82505321503, "mean": 7.65851640701, "median": 7.79213190079, "min": 4.29838085175, "var": 0.320486336946}, "spectral_flux": {"dmean": 0.0344515033066, "dmean2": 0.0543409511447, "dvar": 0.00236965320073, "dvar2": 0.0055801672861, "max": 0.369190275669, "mean": 0.084290035069, "median": 0.0606584623456, "min": 6.46884143474e-11, "var": 0.00511546246707}, "spectral_kurtosis": {"dmean": 1.60745990276, "dmean2": 2.64848732948, "dvar": 16.1783466339, "dvar2": 45.8156890869, "max": 188.445449829, "mean": 3.95478582382, "median": 2.24404478073, "min": -1.26887071133, "var": 106.724105835}, "spectral_rms": {"dmean": 0.00107374449726, "dmean2": 0.00159853079822, "dvar": 2.61012337432e-06, "dvar2": 4.8925817282e-06, "max": 0.0157916825265, "mean": 0.00503919040784, "median": 0.00447606854141, "min": 3.0937151712e-12, "var": 8.35238643049e-06}, "spectral_rolloff": {"dmean": 624.588195801, "dmean2": 1070.36645508, "dvar": 1127209.75, "dvar2": 2480548.25, "max": 20908.7402344, "mean": 1591.32226562, "median": 602.9296875, "min": 21.533203125, "var": 5186253}, "spectral_skewness": {"dmean": 0.224123433232, "dmean2": 0.342436641455, "dvar": 0.100547485054, "dvar2": 0.247205033898, "max": 11.4883203506, "mean": 1.10909163952, "median": 0.954736828804, "min": -0.374170690775, "var": 0.704078018665}, "spectral_spread": {"dmean": 630981.5625, "dmean2": 814955.125, "dvar": 1011810697220.0, "dvar2": 1874158157820.0, "max": 43557832, "mean": 4934430, "median": 4420575, "min": 456660.53125, "var": 13324370575400.0}, "spectral_strongpeak": {"dmean": 0.1988795