{"lowlevel": {"average_loudness": 0.424473017454, "barkbands": {"dmean": [0.000101808669569, 0.00141788413748, 0.0015797537053, 0.000837436120491, 0.000922588165849, 0.000494436884765, 0.0005081477575, 0.000402591947932, 0.000607732858043, 0.000696541916113, 0.000509591889568, 0.000739216513466, 0.000870855757967, 0.00105682888534, 0.00050535047194, 0.000245585804805, 0.000211211387068, 0.000115954011562, 9.32462935452e-05, 8.12201324152e-05, 4.50542902399e-05, 3.65491359844e-05, 2.46256513492e-05, 1.9208606318e-05, 2.12010399991e-05, 9.16800308914e-06, 5.61244632991e-07], "dmean2": [0.0001506703411, 0.00219047488645, 0.00262031634338, 0.00140429055318, 0.00147684779949, 0.000811617355794, 0.000827983196359, 0.000646761851385, 0.000945206615143, 0.0010759200668, 0.000813261198346, 0.00119197997265, 0.00139673205558, 0.00167658540886, 0.000796960026491, 0.000385136547266, 0.000339591526426, 0.000185398195754, 0.000144931589602, 0.000124582977151, 6.76835697959e-05, 5.4493364587e-05, 3.73239890905e-05, 2.85199221253e-05, 3.09010538331e-05, 1.26332270156e-05, 9.07347157408e-07], "dvar": [6.21477553864e-08, 1.12624975372e-05, 1.30222388179e-05, 2.15091972677e-06, 2.07137350117e-06, 7.8224002209e-07, 1.22461153751e-06, 1.47292985275e-06, 3.44977797795e-06, 2.82656606032e-06, 1.90641060271e-06, 3.81393851967e-06, 5.57462590223e-06, 7.53878521209e-06, 1.47749415191e-06, 3.89942158563e-07, 1.28361477891e-07, 5.59874422379e-08, 2.89675874399e-08, 2.26913510204e-08, 8.8423641742e-09, 1.13735989515e-08, 6.65386101772e-09, 4.4355541462e-09, 4.53088455643e-09, 4.89155271843e-10, 3.48931929357e-12], "dvar2": [1.20847388985e-07, 2.26120810112e-05, 3.30967595801e-05, 5.59255522603e-06, 5.05145226271e-06, 1.98420639208e-06, 3.08032076646e-06, 3.64133484254e-06, 7.85979773354e-06, 6.2871240516e-06, 4.63266724182e-06, 8.90603496373e-06, 1.43938950714e-05, 1.9283450456e-05, 3.6523547351e-06, 9.40819290918e-07, 3.2095476854e-07, 1.38752440648e-07, 7.16549237723e-08, 5.17957339241e-08, 2.06667767344e-08, 2.39857698148e-08, 1.60694479945e-08, 1.02661719126e-08, 1.07340962785e-08, 9.79854530847e-10, 8.27396484659e-12], "max": [0.00354339438491, 0.0375181660056, 0.0501165166497, 0.0240375883877, 0.0223093405366, 0.0193410534412, 0.0182387325913, 0.0370431132615, 0.0525950826705, 0.0323843248188, 0.0533952191472, 0.0391483344138, 0.0440983623266, 0.0672075822949, 0.0241177044809, 0.0188912209123, 0.00522533617914, 0.00507949106395, 0.00278807082213, 0.00246407208033, 0.00212289113551, 0.00346180493943, 0.00306770461611, 0.00261856778525, 0.00211323401891, 0.000819577311631, 7.1243099228e-05], "mean": [0.000111853871203, 0.00164425664116, 0.00190264487173, 0.00114892970305, 0.0014549276093, 0.000766086101066, 0.000708456151187, 0.000577668251935, 0.00102937058546, 0.00114821502939, 0.00081588618923, 0.00120656122454, 0.00162996677682, 0.00212480593473, 0.000848461582791, 0.000428167375503, 0.000388206652133, 0.000220035537495, 0.000183559139259, 0.00014565429592, 8.02474969532e-05, 6.75023184158e-05, 4.27059821959e-05, 3.24981447193e-05, 3.35768854711e-05, 1.31347578645e-05, 5.69452026866e-07], "median": [1.64074335771e-05, 0.000385842169635, 0.000791270635091, 0.00054062838899, 0.000875467841979, 0.000373300194042, 0.00027221639175, 0.000223814640776, 0.000224380783038, 0.000264840957243, 0.000246132840402, 0.000269912910881, 0.00017459965602, 0.000358692603186, 0.000238184438786, 0.000177251989953, 0.000184235585039, 8.0805082689e-05, 6.02168256592e-05, 6.12248913967e-05, 2.72550241789e-05, 2.2176787752e-05, 1.40477095556e-05, 9.97440474748e-06, 9.30531678023e-06, 3.71481837647e-06, 9.72638005692e-08], "min": [4.9837086409e-25, 1.62717766996e-24, 9.94745515659e-25, 2.4750584857e-25, 8.64931866717e-24, 8.33530153979e-24, 5.05731468817e-24, 7.83432753332e-24, 9.49807462548e-24, 1.32200955034e-23, 9.01591100729e-24, 1.31406729875e-23, 2.4054928065e-23, 3.21771188312e-23, 4.46559170088e-23, 4.87917285637e-23, 3.86083894026e-23, 8.0127360001e-23, 1.26021918004e-22, 1.60749253748e-22, 2.18984000757e-22, 2.77140694713e-22, 3.95914546098e-22, 5.06399122822e-22, 8.49050613636e-22, 1.31745577188e-21, 1.8835946621e-21], "var": [8.13130327515e-08, 1.38545046866e-05, 1.2128646631e-05, 2.81017287307e-06, 3.09365464091e-06, 1.473252496e-06, 1.93135338122e-06, 2.02252272175e-06, 1.18948273666e-05, 8.92114803719e-06, 3.2302332329e-06, 8.16978536022e-06, 1.79393682629e-05, 2.64267782768e-05, 2.93171979138e-06, 6.14657380993e-07, 2.86531502525e-07, 1.36355382097e-07, 8.7569148377e-08, 4.79565933631e-08, 2.0001102996e-08, 2.57408085957e-08, 1.10559179589e-08, 9.26898913178e-09, 8.534954965e-09, 8.91921481116e-10, 3.85871976732e-12]}, "barkbands_crest": {"dmean": 2.15221452713, "dmean2": 3.43656158447, "dvar": 3.75732707977, "dvar2": 9.08778858185, "max": 24.167181015, "mean": 8.0373134613, "median": 7.28655529022, "min": 2.48476219177, "var": 11.2308626175}, "barkbands_flatness_db": {"dmean": 0.0187467858195, "dmean2": 0.027920467779, "dvar": 0.000372253940441, "dvar2": 0.000772498606239, "max": 0.306904494762, "mean": 0.117106735706, "median": 0.11368445307, "min": 0.0345932580531, "var": 0.00145685009193}, "barkbands_kurtosis": {"dmean": 1.97746253014, "dmean2": 3.09907603264, "dvar": 13.9848136902, "dvar2": 30.8795166016, "max": 75.6050109863, "mean": 2.2407784462, "median": 0.586673378944, "min": -1.89206850529, "var": 27.9295597076}, "barkbands_skewness": {"dmean": 0.483732372522, "dmean2": 0.725183010101, "dvar": 0.293456345797, "dvar2": 0.595597922802, "max": 7.3401927948, "mean": 0.690591156483, "median": 0.606778204441, "min": -3.02642464638, "var": 1.54007101059}, "barkbands_spread": {"dmean": 4.75532960892, "dmean2": 7.26628351212, "dvar": 32.7920265198, "dvar2": 74.8396148682, "max": 132.027053833, "mean": 20.3993225098, "median": 20.0161056519, "min": 1.94810211658, "var": 100.426200867}, "dissonance": {"dmean": 0.0161068085581, "dmean2": 0.0273441560566, "dvar": 0.000287182891043, "dvar2": 0.000775857421104, "max": 0.5, "mean": 0.47299015522, "median": 0.479490101337, "min": 0.270472288132, "var": 0.00059560110094}, "dynamic_complexity": 4.80630064011, "erbbands": {"dmean": [0.0391719974577, 0.351796120405, 1.65736365318, 2.23076057434, 3.67501807213, 2.64622020721, 2.7794137001, 4.57899332047, 6.84905529022, 7.90273427963, 9.6483631134, 14.4041633606, 19.4554042816, 17.2260799408, 22.6044425964, 29.3708705902, 37.8729820251, 49.5990447998, 35.8176345825, 16.6133880615, 11.7901325226, 10.5421876907, 6.73036718369, 5.51842784882, 3.87122821808, 3.58432769775, 2.14978861809, 1.57516682148, 1.37641501427, 1.00092172623, 0.663806498051, 0.382620602846, 0.353835493326, 0.274873107672, 0.132692217827, 0.0471062213182, 0.015400800854, 0.00291076418944, 6.08495211054e-05, 9.18197565625e-06], "dmean2": [0.0615021772683, 0.56172311306, 2.70379400253, 3.73098397255, 5.91319847107, 4.43329572678, 4.63558197021, 7.5210776329, 10.8911247253, 13.2053527832, 15.1433620453, 22.1234264374, 29.9605331421, 26.6356277466, 35.4572868347, 46.2368354797, 60.6135101318, 79.0345306396, 55.7277374268, 25.4480571747, 18.2047100067, 16.5759773254, 10.6196050644, 8.62623023987, 5.96412467957, 5.47682666779, 3.21987223625, 2.34708619118, 2.06739115715, 1.49199509621, 1.00613462925, 0.570222198963, 0.530456602573, 0.409626424313, 0.192496925592, 0.0665917918086, 0.0212687458843, 0.00426049297675, 8.8144071924e-05, 1.30727612486e-05], "dvar": [0.0097374804318, 0.715493381023, 15.0477962494, 18.0828666687, 37.2679367065, 20.2538261414, 19.7642650604, 78.5086746216, 222.321426392, 280.887207031, 1133.22314453, 2249.59130859, 2803.75415039, 1546.22412109, 4103.734375, 5312.82861328, 10131.4580078, 17943.515625, 7303.08056641, 1988.6484375, 604.748474121, 329.662231445, 174.172973633, 104.594703674, 50.9966545105, 44.3450698853, 16.9278011322, 14.0893936157, 16.6430950165, 9.12206363678, 5.46180725098, 2.26708364487, 1.52216506004, 0.817620635033, 0.149204686284, 0.011322228238, 0.00189980852883, 7.78810790507e-05, 3.03843492588e-08, 1.72223027506e-10], "dvar2": [0.023161387071, 1.50156903267, 36.4783859253, 47.7758522034, 90.0672988892, 54.8393516541, 51.6653060913, 201.755661011, 540.190551758, 734.833068848, 2861.43847656, 5193.86914063, 6462.81982422, 3415.44482422, 10038.0292969, 12254.9042969, 26133.0097656, 45253.8632813, 17768.4277344, 4447.78955078, 1397.06555176, 790.032165527, 433.085266113, 255.821563721, 123.957984924, 98.6650314331, 39.2996749878, 31.9826469421, 35.8895645142, 19.5491523743, 13.6963882446, 5.68271207809, 3.58949065208, 1.90836107731, 0.351150512695, 0.0264306496829, 0.00368476868607, 0.000157465328812, 6.25719422942e-08, 3.45601880447e-10], "max": [1.18449473381, 8.16681003571, 54.8177223206, 62.3506164551, 85.3515167236, 60.7866973877, 83.3377914429, 201.152420044, 294.168945313, 265.936279297, 1126.55908203, 1639.03613281, 1191.12768555, 956.907714844, 2538.69287109, 1299.10705566, 1851.25708008, 3735.79199219, 1838.66931152, 1089.39746094, 570.477844238, 325.354705811, 299.579956055, 192.481445313, 140.470672607, 106.898704529, 78.1389389038, 105.810241699, 125.244926453, 106.607017517, 79.3996582031, 63.7676124573, 42.5532073975, 26.2697601318, 11.5071821213, 2.35783815384, 2.05635738373, 0.368646591902, 0.00714252097532, 0.0002395518095], "mean": [0.0383431315422, 0.414297759533, 1.96304452419, 3.20196866989, 5.26355028152, 3.95501804352, 4.07358074188, 6.97245883942, 10.7753820419, 10.4587659836, 15.2478246689, 25.4897689819, 33.4654960632, 28.7702674866, 39.0158309937, 53.1238670349, 74.8368988037, 105.339302063, 72.4553527832, 31.9054832458, 22.876783371, 20.3892230988, 13.3926305771, 11.5108413696, 7.96351051331, 6.61249876022, 3.87734794617, 2.80864334106, 2.46802544594, 1.8952883482, 1.10955643654, 0.639844894409, 0.575452148914, 0.436732023954, 0.205792307854, 0.0690551549196, 0.0215950999409, 0.00375196686946, 8.67069902597e-05, 2.56040875684e-05], "median": [0.00600240053609, 0.114854544401, 0.754955112934, 1.87477731705, 2.68131613731, 2.31523799896, 2.19000005722, 3.34948730469, 4.47222185135, 4.41293144226, 4.96951293945, 6.17576599121, 7.83203220367, 8.8690032959, 11.1251096725, 12.8407592773, 10.0682182312, 15.6918649673, 18.7123565674, 10.9253168106, 10.7041330338, 9.98478603363, 5.678586483, 3.6579105854, 3.19262456894, 2.6768848896, 1.49662423134, 0.909145236015, 0.74420362711, 0.64433324337, 0.361805588007, 0.207599744201, 0.167348444462, 0.117564976215, 0.0552523434162, 0.0195773411542, 0.00592007860541, 0.000926421547774, 3.03788310703e-05, 1.64870216395e-05], "min": [9.66785390059e-23, 1.83481460868e-22, 1.58240549852e-21, 4.78565989627e-21, 1.11259500161e-20, 2.39068089413e-20, 3.49262344119e-20, 9.45096113601e-20, 8.58926188876e-20, 8.00639682494e-20, 2.68608137266e-19, 2.45436507713e-19, 3.36058615763e-19, 7.59060376254e-19, 4.92981085217e-19, 8.19997582909e-19, 1.2944670381e-18, 1.7023265337e-18, 2.27367776037e-18, 2.27800329459e-18, 3.15658429002e-18, 3.59332055741e-18, 4.03281361097e-18, 5.15201379518e-18, 7.67599041185e-18, 7.70356530475e-18, 8.37466520752e-18, 9.56524942423e-18, 1.02193929516e-17, 9.11914512961e-18, 1.03685989633e-17, 9.53593827922e-18, 8.62541508405e-18, 8.06048050418e-18, 5.72334827145e-18, 3.5794499793e-18, 2.23589008204e-18, 9.09469573866e-19, 2.18995756981e-19, 2.71578420062e-20], "var": [0.00982340238988, 0.825777411461, 14.684756279, 19.5099582672, 51.7209968567, 24.3410511017, 30.1292476654, 135.051147461, 431.741760254, 335.722412109, 1918.5513916, 8324.85644531, 8584.24121094, 3556.60375977, 7807.19042969, 13053.1083984, 32578.9140625, 65028.8125, 21780.1542969, 4252.88134766, 1204.86743164, 763.133850098, 421.361663818, 366.268951416, 140.701095581, 105.302520752, 37.2617950439, 31.088602066, 35.7533531189, 19.3365459442, 8.19388580322, 3.5194003582, 3.03159403801, 1.54036545753, 0.295496106148, 0.0203395765275, 0.00325491349213, 0.000121846249385, 4.83496762627e-08, 6.71054933843e-10]}, "erbbands_crest": {"dmean": 2.44125318527, "dmean2": 3.93892979622, "dvar": 6.04098463058, "dvar2": 14.7967605591, "max": 30.2528457642, "mean": 8.96336650848, "median": 7.82145929337, "min": 2.38850140572, "var": 19.9761562347}, "erbbands_flatness_db": {"dmean": 0.0189250968397, "dmean2": 0.0260082837194, "dvar": 0.000334819837008, "dvar2": 0.000622097577434, "max": 0.324504822493, "mean": 0.171199381351, "median": 0.168824881315, "min": 0.0498125366867, "var": 0.0021255898755}, "erbbands_kurtosis": {"dmean": 1.04419946671, "dmean2": 1.64437937737, "dvar": 2.18812417984, "dvar2": 5.09688806534, "max": 32.0591812134, "mean": 1.40729963779, "median": 0.339377015829, "min": -1.57714557648, "var": 8.01179504395}, "erbbands_skewness": {"dmean": 0.344080358744, "dmean2": 0.531735301018, "dvar": 0.11135391891, "dvar2": 0.250032603741, "max": 3.68262219429, "mean": 0.0567786768079, "median": -0.0168932303786, "min": -2.68542313576, "var": 0.511649906635}, "erbbands_spread": {"dmean": 5.915579319, "dmean2": 8.89862918854, "dvar": 49.4959564209, "dvar2": 105.625350952, "max": 114.215675354, "mean": 26.8205299377, "median": 25.1561660767, "min": 2.61578607559, "var": 214.435791016}, "gfcc": {"cov": [[47075, 2492.9753418, -4833.30322266, 780.821228027, -1621.8248291, 927.253601074, -1446.83227539, 83.6344833374, -1129.71594238, 187.632873535, -767.158447266, -82.7106628418, -672.846191406], [2492.9753418, 1094.05554199, -283.36138916, 67.1612701416, 65.4197387695, -91.2143859863, -12.0585813522, 10.310464859, -54.7164230347, -45.2967910767, -34.0525131226, -64.4035339355, 10.4720392227], [-4833.30322266, -283.36138916, 1297.88659668, 55.1068077087, 140.527923584, -61.0147476196, 141.945678711, 72.9345397949, 119.070205688, 9.18531131744, -7.24999523163, 42.8127632141, 51.522808075], [780.821228027, 67.1612701416, 55.1068077087, 293.683441162, 53.9948577881, -1.64145684242, -48.7452735901, 1.18513464928, -11.6593255997, 8.44264507294, -20.73919487, -8.44782733917, 3.80535387993], [-1621.8248291, 65.4197387695, 140.527923584, 53.9948577881, 306.420318604, -8.6306180954, 91.5042495728, -28.231803894, 34.26537323, -8.61049938202, 52.7130393982, -29.9121513367, 20.7883892059], [927.253601074, -91.2143859863, -61.0147476196, -1.64145684242, -8.6306180954, 192.556625366, 10.1228017807, -1.17848670483, -24.5202102661, -12.5875177383, -10.1529102325, 1.19563317299, -32.873374939], [-1446.83227539, -12.0585813522, 141.945678711, -48.7452735901, 91.5042495728, 10.1228017807, 173.190109253, 19.3788795471, 38.1912651062, -21.3194885254, 27.0666885376, -2.78810620308, 21.0799312592], [83.6344833374, 10.310464859, 72.9345397949, 1.18513464928, -28.231803894, -1.17848670483, 19.3788795471, 113.742042542, 21.3229846954, 13.915266037, -21.0373802185, 6.55840730667, 10.9293851852], [-1129.71594238, -54.7164230347, 119.070205688, -11.6593255997, 34.26537323, -24.5202102661, 38.1912651062, 21.3229846954, 121.960166931, 12.7046670914, 9.69742774963, 12.6987848282, 22.6705932617], [187.632873535, -45.2967910767, 9.18531131744, 8.44264507294, -8.61049938202, -12.5875177383, -21.3194885254, 13.915266037, 12.7046670914, 92.9357376099, 17.4642696381, 7.22919845581, -8.55101108551], [-767.158447266, -34.0525131226, -7.24999523163, -20.73919487, 52.7130393982, -10.1529102325, 27.0666885376, -21.0373802185, 9.69742774963, 17.4642696381, 100.371109009, 22.028087616, 13.2349100113], [-82.7106628418, -64.4035339355, 42.8127632141, -8.44782733917, -29.9121513367, 1.19563317299, -2.78810620308, 6.55840730667, 12.6987848282, 7.22919845581, 22.028087616, 77.6208343506, 19.9953517914], [-672.846191406, 10.4720392227, 51.522808075, 3.80535387993, 20.7883892059, -32.873374939, 21.0799312592, 10.9293851852, 22.6705932617, -8.55101108551, 13.2349100113, 19.9953517914, 68.3047485352]], "icov": [[0.000139169686008, -0.000272463017609, 0.00035047181882, -0.000316200603265, 0.000283635075903, -0.000529051525518, 0.000328414258547, -0.000226999924053, 0.000489503610879, -0.000454455119325, 0.000665963743813, -0.000529787968844, 0.000566650705878], [-0.000272463017609, 0.00171984860208, -0.000353286421159, 0.000395845214371, -0.000967065338045, 0.00177213794086, -0.000745771802031, -4.03845151595e-05, -0.000496399123222, 0.00138384499587, -0.000918037199881, 0.00148292211816, -0.00123757787514], [0.00035047181882, -0.000353286421159, 0.00198284140788, -0.00108797149733, 0.000225998359383, -0.000820692570414, 0.000105511324364, -0.00105003279168, 0.000842190056574, -0.00116176181473, 0.00240121479146, -0.00202278536744, 0.00144508306403], [-0.000316200603265, 0.000395845214371, -0.00108797149733, 0.0049150492996, -0.00203406019136, 0.000846192997415, 0.00120600953232, 0.000232022677665, -0.000668488733936, 0.000583450950217, -0.000479389826069, 0.00104124366771, -0.00192864262499], [0.000283635075903, -0.000967065338045, 0.000225998359383, -0.00203406019136, 0.0061985719949, -0.00151173933409, -0.00165383180138, 0.0012559031602, 1.54903191287e-05, -0.000917180383112, -0.00154281011783, 0.0018660860369, 0.000213165243622], [-0.000529051525518, 0.00177213794086, -0.000820692570414, 0.000846192997415, -0.00151173933409, 0.00857810303569, -0.00245678517967, 0.000220755988266, -0.000788552686572, 0.00283607887104, -0.00167258735746, 0.000674774579238, 0.00114344304893], [0.000328414258547, -0.000745771802031, 0.000105511324364, 0.00120600953232, -0.00165383180138, -0.00245678517967, 0.01025073044, -0.00261807977222, -0.000160593815963, 0.00122593098786, -0.000342623592587, -0.000227069875109, 0.000118617361295], [-0.000226999924053, -4.03845151595e-05, -0.00105003279168, 0.000232022677665, 0.0012559031602, 0.000220755988266, -0.00261807977222, 0.0115256812423, -0.00203135120682, -0.00196036556736, 0.00149155023973, 0.000550605531316, -0.00278439722024], [0.000489503610879, -0.000496399123222, 0.000842190056574, -0.000668488733936, 1.54903191287e-05, -0.000788552686572, -0.000160593815963, -0.00203135120682, 0.0122294398025, -0.00309617491439, 0.00299110054038, -0.00282854726538, 9.22320759855e-05], [-0.000454455119325, 0.00138384499587, -0.00116176181473, 0.000583450950217, -0.000917180383112, 0.00283607887104, 0.00122593098786, -0.00196036556736, -0.00309617491439, 0.0147775094956, -0.00573175447062, 0.00161571986973, 0.00124962441623], [0.000665963743813, -0.000918037199881, 0.00240121479146, -0.000479389826069, -0.00154281011783, -0.00167258735746, -0.000342623592587, 0.00149155023973, 0.00299110054038, -0.00573175447062, 0.0180429946631, -0.00758865149692, 0.00146314210724], [-0.000529787968844, 0.00148292211816, -0.00202278536744, 0.00104124366771, 0.0018660860369, 0.000674774579238, -0.000227069875109, 0.000550605531316, -0.00282854726538, 0.00161571986973, -0.00758865149692, 0.0198113080114, -0.00742756249383], [0.000566650705878, -0.00123757787514, 0.00144508306403, -0.00192864262499, 0.000213165243622, 0.00114344304893, 0.000118617361295, -0.00278439722024, 9.22320759855e-05, 0.00124962441623, 0.00146314210724, -0.00742756249383, 0.0223403014243]], "mean": [-66.7002868652, 95.8255233765, -130.615585327, 19.2861022949, -45.1729278564, 16.7357807159, -38.912021637, 5.97405719757, -27.7415542603, 3.34601140022, -19.4895782471, -2.7837433815, -13.5549764633]}, "hfc": {"dmean": 5.18003559113, "dmean2": 7.3900179863, "dvar": 54.8890190125, "dvar2": 113.571502686, "max": 149.787124634, "mean": 18.4002819061, "median": 9.70405578613, "min": 1.05862303479e-16, "var": 486.851654053}, "melbands": {"dmean": [0.000355959695298, 0.000720503856428, 0.000424045778345, 0.000219895198825, 0.00010062277579, 0.000102959893411, 0.000104288723378, 8.39771237224e-05, 8.74301767908e-05, 8.84091350599e-05, 9.91873021121e-05, 7.61093833717e-05, 7.23141711205e-05, 7.90005651652e-05, 8.64722096594e-05, 9.11027455004e-05, 0.000104052167444, 7.15235801181e-05, 3.19803075399e-05, 1.8927597921e-05, 1.4823708625e-05, 1.21587509057e-05, 1.00247598311e-05, 5.08322636961e-06, 4.89388412461e-06, 3.13730333801e-06, 3.27375505549e-06, 2.3964587399e-06, 1.48492119934e-06, 1.22266919789e-06, 9.03255056528e-07, 8.2986906591e-07, 7.15347994173e-07, 5.46888827557e-07, 4.27819912829e-07, 2.87619485562e-07, 2.25632291517e-07, 2.53909831827e-07, 2.63003130385e-07, 2.37603387632e-07], "dmean2": [0.000536031264346, 0.00115928042214, 0.000695496448316, 0.000354683987098, 0.000167885475093, 0.000168146347278, 0.000166509897099, 0.000139770796522, 0.000137300812639, 0.000135551206768, 0.000152917724336, 0.00011684360652, 0.000113261965453, 0.000124538579257, 0.000136895469041, 0.000148057079059, 0.000165861449204, 0.000112273824925, 5.02524781041e-05, 2.97592559946e-05, 2.35247734963e-05, 1.94102867681e-05, 1.61664320331e-05, 8.25384722702e-06, 7.69825328462e-06, 4.92085882797e-06, 5.18544720762e-06, 3.68996143152e-06, 2.27835903388e-06, 1.87251112038e-06, 1.38938014516e-06, 1.27200132738e-06, 1.08991878278e-06, 8.28112547424e-07, 6.51595996715e-07, 4.42847607474e-07, 3.41622978794e-07, 3.84908361184e-07, 3.95425900024e-07, 3.57990359134e-07], "dvar": [7.04191052137e-07, 2.8098279472e-06, 5.58226815883e-07, 1.2922636472e-07, 2.44301219254e-08, 3.69532138222e-08, 4.91401159763e-08, 3.0951088803e-08, 9.00831906847e-08, 7.64029053357e-08, 7.27449673832e-08, 3.08424610296e-08, 3.76426889659e-08, 5.20954053229e-08, 4.68632279649e-08, 7.36767518106e-08, 7.81246853876e-08, 3.33395178131e-08, 7.01614899512e-09, 3.13050407819e-09, 8.33854429949e-10, 4.59540655529e-10, 3.70627500912e-10, 1.41427564104e-10, 8.63430923981e-11, 3.63637557566e-11, 4.02833356949e-11, 1.99061687273e-11, 8.53522461042e-12, 7.05494213396e-12, 5.74495659378e-12, 6.44440750763e-12, 4.61713956998e-12, 2.65633543807e-12, 2.25195079598e-12, 1.41462481919e-12, 7.13896660971e-13, 8.11374405163e-13, 8.48527411529e-13, 5.96805970528e-13], "dvar2": [1.46296588355e-06, 6.51805157759e-06, 1.42009457704e-06, 3.19771601198e-07, 6.47502531592e-08, 9.42433402429e-08, 1.20057109143e-07, 8.03402215865e-08, 2.28428788773e-07, 1.7426667398e-07, 1.67104033721e-07, 6.60881340764e-08, 9.14031019761e-08, 1.20194769693e-07, 1.11271155845e-07, 1.9163729803e-07, 1.97440755301e-07, 8.31095903209e-08, 1.7066311031e-08, 7.48596473699e-09, 2.01723859838e-09, 1.12787157391e-09, 9.41903666174e-10, 3.7541819653e-10, 2.132781729e-10, 9.10818087618e-11, 1.00693169081e-10, 4.42094590103e-11, 2.03702506252e-11, 1.71551418904e-11, 1.34507517971e-11, 1.42424648464e-11, 1.0283748679e-11, 5.85230908873e-12, 5.73155845701e-12, 3.69113463752e-12, 1.76895737641e-12, 1.95180221811e-12, 2.07336751934e-12, 1.40397123181e-12], "max": [0.0106124766171, 0.0224752966315, 0.00982187688351, 0.00494254659861, 0.00230305292644, 0.00415448797867, 0.00411095889285, 0.00301144784316, 0.00985994935036, 0.00933107640594, 0.00580636411905, 0.00357399787754, 0.00757666816935, 0.00576141290367, 0.00476870266721, 0.00553205329925, 0.00765652069822, 0.00456876400858, 0.00181977264583, 0.00186521583237, 0.000583744200412, 0.000381255493267, 0.000258928863332, 0.000263240421191, 0.00015807026648, 0.000112622888992, 0.000105392529804, 7.45460638427e-05, 5.10950412718e-05, 6.82142126607e-05, 7.05416459823e-05, 7.04019112163e-05, 6.74903712934e-05, 5.74822952331e-05, 4.54478613392e-05, 5.10619320266e-05, 3.16753612424e-05, 3.13260425173e-05, 3.4119864722e-05, 2.27269156312e-05], "mean": [0.000397235126002, 0.000881884596311, 0.000642371363938, 0.000337561155902, 0.000151618980453, 0.000160701369168, 0.000160232288181, 0.000112218192953, 0.000143913159263, 0.000149409621372, 0.000167645979673, 0.000117631927424, 0.000120681637782, 0.000129102612846, 0.000148831197293, 0.000172985543031, 0.000204186129849, 0.000131804161356, 5.4773499869e-05, 3.23363419739e-05, 2.62078665401e-05, 2.15524287341e-05, 1.74466040335e-05, 9.34303807298e-06, 9.51745187194e-06, 5.87373233429e-06, 5.70380916542e-06, 4.07821517001e-06, 2.41663838096e-06, 2.12743225347e-06, 1.45695696574e-06, 1.40375539104e-06, 1.25789392769e-06, 9.80729623734e-07, 6.73497652315e-07, 4.55378682318e-07, 3.60998029691e-07, 3.94798718162e-07, 4.09085629371e-07, 3.57485532732e-07], "median": [8.3200087829e-05, 0.000346828572219, 0.000379533477826, 0.000195310640265, 8.43977031764e-05, 7.70797632867e-05, 6.60722944303e-05, 4.7730631195e-05, 4.20044489147e-05, 3.46616652678e-05, 3.55778538506e-05, 3.23159256368e-05, 3.49313995684e-05, 3.08847447741e-05, 2.83160225081e-05, 1.59836345119e-05, 2.98284230666e-05, 3.24433312926e-05, 1.61401585501e-05, 1.12378111226e-05, 1.21267894428e-05, 1.01578634712e-05, 7.24241454009e-06, 2.99826547234e-06, 2.74257126875e-06, 2.0305644739e-06, 2.1800756258e-06, 1.56591988798e-06, 9.38135372053e-07, 6.55944177197e-07, 4.35145551592e-07, 4.0249472022e-07, 3.60046584547e-07, 3.16355766472e-07, 2.06430442518e-07, 1.43161074107e-07, 1.1030873992e-07, 1.13699449855e-07, 1.03860692491e-07, 9.15246687327e-08], "min": [8.93231048679e-25, 6.15010999371e-25, 1.35243279946e-24, 9.85139260594e-25, 1.14727768814e-24, 1.99050846467e-24, 1.21229866079e-24, 1.00548773043e-24, 1.63757899821e-24, 1.49839691604e-24, 1.59776775212e-24, 2.11776435046e-24, 1.26079092671e-24, 1.51167709356e-24, 2.73312318818e-24, 2.56533286807e-24, 2.73949560658e-24, 3.172316764e-24, 3.20477503759e-24, 3.60430034836e-24, 3.01323132676e-24, 2.64121655399e-24, 2.07064174428e-24, 3.12330266659e-24, 3.88357288603e-24, 4.56418274796e-24, 3.69588986047e-24, 4.36629580659e-24, 4.71473172412e-24, 3.57832710305e-24, 4.5146667378e-24, 4.74606015168e-24, 4.85003635773e-24, 4.67643726034e-24, 4.28708352209e-24, 4.12439752646e-24, 5.40147221858e-24, 5.39466316568e-24, 5.48157197161e-24, 5.96086098065e-24], "var": [8.56203257626e-07, 2.93353809866e-06, 6.88439115493e-07, 1.80385328008e-07, 3.67564219061e-08, 6.71573872069e-08, 9.27826988573e-08, 4.14293204187e-08, 1.95296863126e-07, 2.6859484592e-07, 2.30136890877e-07, 6.96332662642e-08, 7.02480491555e-08, 1.06762456653e-07, 1.09382355618e-07, 2.25641386464e-07, 2.57963932881e-07, 8.75960211033e-08, 1.29870771914e-08, 4.9581396766e-09, 1.51779322444e-09, 9.17839027004e-10, 7.44118933138e-10, 2.99231889267e-10, 2.78994743974e-10, 9.36905414362e-11, 7.76021191751e-11, 4.41766276338e-11, 1.48249780507e-11, 1.67903451559e-11, 1.0343966135e-11, 1.27421241961e-11, 9.51277251415e-12, 5.33817261228e-12, 3.22320642399e-12, 1.80371635596e-12, 1.17655332092e-12, 1.46014320426e-12, 1.58338489889e-12, 1.04583464285e-12]}, "melbands_crest": {"dmean": 2.8456556797, "dmean2": 4.61180734634, "dvar": 7.107858181, "dvar2": 17.0056648254, "max": 29.3882904053, "mean": 10.8118524551, "median": 10.1553564072, "min": 1.56135189533, "var": 20.1357460022}, "melbands_flatness_db": {"dmean": 0.023113982752, "dmean2": 0.0342783927917, "dvar": 0.000692498870194, "dvar2": 0.00138357607648, "max": 0.433696299791, "mean": 0.174424260855, "median": 0.168798148632, "min": 0.0031620003283, "var": 0.00377861363813}, "melbands_kurtosis": {"dmean": 4.00204610825, "dmean2": 6.22468090057, "dvar": 64.4636993408, "dvar2": 140.93989563, "max": 150.857543945, "mean": 5.80301046371, "median": 1.83502340317, "min": -1.76729428768, "var": 136.944396973}, "melbands_skewness": {"dmean": 0.609252333641, "dmean2": 0.908698797226, "dvar": 0.496034562588, "dvar2": 0.977496743202, "max": 9.33377933502, "mean": 1.4739947319, "median": 1.25027763844, "min": -2.49994778633, "var": 2.32781744003}, "melbands_spread": {"dmean": 7.21558523178, "dmean2": 11.1430654526, "dvar": 70.6769332886, "dvar2": 154.154556274, "max": 169.592254639, "mean": 31.2105197906, "median": 27.4949169159, "min": 1.32737326622, "var": 545.004699707}, "mfcc": {"cov": [[15544.7578125, 1483.515625, -918.075927734, -49.6953430176, 85.5709838867, 381.159118652, 42.222278595, -75.3269729614, -145.33505249, -40.0660438538, 97.3099212646, -141.333251953, -100.456413269], [1483.515625, 1457.57946777, -143.666015625, 184.538101196, 76.1033630371, -2.43010783195, 73.7231445313, 10.8735380173, 34.367313385, 33.5064353943, -49.4258956909, -4.72921800613, 10.4609375], [-918.075927734, -143.666015625, 703.682373047, 77.5268325806, 18.4517021179, -44.4737091064, -37.4134712219, 36.9210968018, 85.7929992676, -14.5304937363, -11.5846481323, 12.3505430222, 6.61590480804], [-49.6953430176, 184.538101196, 77.5268325806, 327.797393799, 97.4590301514, -7.0447883606, 3.8504281044, -26.6645507813, 39.147731781, 6.90601158142, -23.5355491638, 12.2380981445, -0.686978697777], [85.5709838867, 76.1033630371, 18.4517021179, 97.4590301514, 172.812911987, 51.5519142151, 18.2568664551, -1.42687022686, 1.06723046303, 12.4362468719, 5.07455539703, -2.21650099754, -9.72622680664], [381.159118652, -2.43010783195, -44.4737091064, -7.0447883606, 51.5519142151, 149.901153564, 40.8456001282, 17.1460037231, -20.135433197, -7.16194486618, 25.8332862854, -7.600086689, -13.842877388], [42.222278595, 73.7231445313, -37.4134712219, 3.8504281044, 18.2568664551, 40.8456001282, 145.512527466, 21.9830360413, -11.1965780258, 7.47869443893, -0.389143109322, 8.9425535202, -0.2111261338], [-75.3269729614, 10.8735380173, 36.9210968018, -26.6645507813, -1.42687022686, 17.1460037231, 21.9830360413, 113.073875427, 30.491312027, 4.38941240311, -10.5373907089, -8.53291988373, 6.31932544708], [-145.33505249, 34.367313385, 85.7929992676, 39.147731781, 1.06723046303, -20.135433197, -11.1965780258, 30.491312027, 105.524848938, 32.0989151001, -9.49320411682, -0.430470317602, -3.46235489845], [-40.0660438538, 33.5064353943, -14.5304937363, 6.90601158142, 12.4362468719, -7.16194486618, 7.47869443893, 4.38941240311, 32.0989151001, 75.0800552368, 11.9833030701, -1.90136682987, -7.15269088745], [97.3099212646, -49.4258956909, -11.5846481323, -23.5355491638, 5.07455539703, 25.8332862854, -0.389143109322, -10.5373907089, -9.49320411682, 11.9833030701, 80.3996658325, 15.3234548569, -6.0463809967], [-141.333251953, -4.72921800613, 12.3505430222, 12.2380981445, -2.21650099754, -7.600086689, 8.9425535202, -8.53291988373, -0.430470317602, -1.90136682987, 15.3234548569, 67.2641601563, 25.8385238647], [-100.456413269, 10.4609375, 6.61590480804, -0.686978697777, -9.72622680664, -13.842877388, -0.2111261338, 6.31932544708, -3.46235489845, -7.15269088745, -6.0463809967, 25.8385238647, 62.9440803528]], "icov": [[8.49387943163e-05, -9.36788419494e-05, 7.42712218198e-05, 2.44341263169e-05, 2.99803832604e-05, -0.000196464519831, 6.92078465363e-05, 6.01015817665e-05, -6.31709826848e-06, 9.31686809054e-05, -0.000112186404294, 0.000143961195135, 3.95790921175e-05], [-9.36788419494e-05, 0.00091478752438, 0.000154087058036, -0.000449397630291, -0.000180247108801, 0.000331075163558, -0.000430162763223, -0.000155452129547, -0.000202390583581, -0.000284265581286, 0.000453259097412, -2.55379109149e-05, -0.000252930185525], [7.42712218198e-05, 0.000154087058036, 0.00184955331497, -0.00030956583214, -0.000321439816616, 0.000346465181792, 0.000222241986194, -0.000418355542934, -0.00149245560169, 0.0011298895115, -0.000290180469165, -8.94773911568e-05, 1.95741522475e-05], [2.44341263169e-05, -0.000449397630291, -0.00030956583214, 0.00458352547139, -0.00250949896872, 0.000327740068315, -0.000121520737594, 0.00166538648773, -0.00177274341695, 0.000663557671942, 0.00113602902275, -0.00089056417346, 0.000165539735463], [2.99803832604e-05, -0.000180247108801, -0.000321439816616, -0.00250949896872, 0.00834847614169, -0.0030056850519, 6.99353331584e-05, -0.000188463687664, 0.00127534533385, -0.00187847705092, -9.80079930741e-05, 0.000264677248197, 0.000470982544357], [-0.000196464519831, 0.000331075163558, 0.000346465181792, 0.000327740068315, -0.0030056850519, 0.0100000724196, -0.00229660794139, -0.00182176555973, 0.00063099648105, 0.0019059922779, -0.00298595242202, 0.000907731766347, 0.00110043387394], [6.92078465363e-05, -0.000430162763223, 0.000222241986194, -0.000121520737594, 6.99353331584e-05, -0.00229660794139, 0.00836815498769, -0.00177029741462, 0.00163576204795, -0.00152816937771, 0.00105688511394, -0.00205120118335, 0.000728650542442], [6.01015817665e-05, -0.000155452129547, -0.000418355542934, 0.00166538648773, -0.000188463687664, -0.00182176555973, -0.00177029741462, 0.0115304738283, -0.00416068173945, 0.000644613755867, 0.00123090960551, 0.00194955756888, -0.00224708369933], [-6.31709826848e-06, -0.000202390583581, -0.00149245560169, -0.00177274341695, 0.00127534533385, 0.00063099648105, 0.00163576204795, -0.00416068173945, 0.0150920059532, -0.00666744075716, 0.00142979458906, -0.0010857739253, 0.00157567614224], [9.31686809054e-05, -0.000284265581286, 0.0011298895115, 0.000663557671942, -0.00187847705092, 0.0019059922779, -0.00152816937771, 0.000644613755867, -0.00666744075716, 0.0178643669933, -0.0039813616313, 0.00131560815498, 0.000884253124241], [-0.000112186404294, 0.000453259097412, -0.000290180469165, 0.00113602902275, -9.80079930741e-05, -0.00298595242202, 0.00105688511394, 0.00123090960551, 0.00142979458906, -0.0039813616313, 0.016249537468, -0.00541134178638, 0.0024051675573], [0.000143961195135, -2.55379109149e-05, -8.94773911568e-05, -0.00089056417346, 0.000264677248197, 0.000907731766347, -0.00205120118335, 0.00194955756888, -0.0010857739253, 0.00131560815498, -0.00541134178638, 0.0205399561673, -0.00859007239342], [3.95790921175e-05, -0.000252930185525, 1.95741522475e-05, 0.000165539735463, 0.000470982544357, 0.00110043387394, 0.000728650542442, -0.00224708369933, 0.00157567614224, 0.000884253124241, 0.0024051675573, -0.00859007239342, 0.0204793158919]], "mean": [-684.673156738, 128.054779053, -22.3429870605, 10.7746400833, 7.93384742737, 8.35587692261, 2.30046868324, -0.566570460796, -0.630272746086, 0.220248475671, -1.48472821712, -2.9823718071, -1.42530405521]}, "pitch_salience": {"dmean": 0.0631087124348, "dmean2": 0.101990476251, "dvar": 0.00314722955227, "dvar2": 0.00786931905895, "max": 0.883442699909, "mean": 0.616401135921, "median": 0.620662391186, "min": 0.203999608755, "var": 0.00953219551593}, "silence_rate_20dB": {"dmean": 0, "dmean2": 0, "dvar": 0, "dvar2": 0, "max": 1, "mean": 1, "median": 1, "min": 1, "var": 0}, "silence_rate_30dB": {"dmean": 0.0012759170495, "dmean2": 0.00255224108696, "dvar": 0.00127427827101, "dvar2": 0.00382180325687, "max": 1, "mean": 0.999362170696, "median": 1, "min": 0, "var": 0.000637447054032}, "silence_rate_60dB": {"dmean": 0.0516746416688, "dmean2": 0.103365771472, "dvar": 0.048999864608, "dvar2": 0.107354216278, "max": 1, "mean": 0.143358319998, "median": 0, "min": 0, "var": 0.12279830873}, "spectral_centroid": {"dmean": 222.313156128, "dmean2": 340.876800537, "dvar": 86755.0859375, "dvar2": 180980.171875, "max": 11800.6855469, "mean": 1643.80163574, "median": 1377.1015625, "min": 227.819091797, "var": 2895008.25}, "spectral_complexity": {"dmean": 3.62200951576, "dmean2": 5.10416316986, "dvar": 15.6869506836, "dvar2": 28.9681415558, "max": 54, "mean": 18.4841327667, "median": 18, "min": 0, "var": 122.031845093}, "spectral_contrast_coeffs": {"dmean": [0.0495960637927, 0.0430431701243, 0.0374165177345, 0.0307382829487, 0.0206590089947, 0.0166205577552], "dmean2": [0.0809699520469, 0.0713777020574, 0.0610981695354, 0.0493431203067, 0.03361396119, 0.0262855086476], "dvar": [0.00166459497996, 0.00127863616217, 0.00096043566009, 0.000666516949423, 0.000299716746667, 0.000238209147938], "dvar2": [0.00429127505049, 0.00340066337958, 0.00243506766856, 0.0016196584329, 0.000742386851925, 0.000554101192392], "max": [-0.412698745728, -0.446351379156, -0.479139566422, -0.554252564907, -0.605867743492, -0.629816830158], "mean": [-0.66437792778, -0.772217750549, -0.778031647205, -0.774638593197, -0.79585069418, -0.778040409088], "median": [-0.660009205341, -0.775492191315, -0.781615614891, -0.775485634804, -0.796693563461, -0.777163863182], "min": [-0.981376767159, -0.978933274746, -0.984925150871, -0.983706176281, -0.979803681374, -0.972658276558], "var": [0.00791727937758, 0.0048738270998, 0.00478701572865, 0.00427877902985, 0.00283028488047, 0.00267529045232]}, "spectral_contrast_valleys": {"dmean": [0.496739953756, 0.415431946516, 0.347994744778, 0.293684959412, 0.272556364536, 0.354618817568], "dmean2": [0.775893688202, 0.654057919979, 0.545127630234, 0.44493201375, 0.376954644918, 0.437257885933], "dvar": [0.241775929928, 0.164137125015, 0.119303792715, 0.100456722081, 0.105484910309, 0.178957104683], "dvar2": [0.482191562653, 0.322515636683, 0.225481152534, 0.162858471274, 0.165011391044, 0.289350032806], "max": [-5.48103237152, -4.83778762817, -5.04540777206, -5.13257980347, -5.66242599487, -7.70097637177], "mean": [-8.26220417023, -7.57215213776, -7.86798715591, -8.07495117188, -8.39889431, -11.2071828842], "median": [-7.60521507263, -6.85636663437, -7.1446595192, -7.42685604095, -7.72501850128, -10.493224144], "min": [-28.4611606598, -28.1225032806, -27.8117198944, -27.7857437134, -27.5183868408, -27.4171695709], "var": [12.2732801437, 12.8527574539, 12.6087274551, 12.5382966995, 12.0146560669, 9.23372745514]}, "spectral_decrease": {"dmean": 1.6537101688e-09, "dmean2": 2.42068320944e-09, "dvar": 6.15425643103e-18, "dvar2": 1.26389235403e-17, "max": 2.35621784218e-28, "mean": -4.52674697726e-09, "median": -2.90645485457e-09, "min": -3.45014186109e-08, "var": 2.03252371662e-17}, "spectral_energy": {"dmean": 0.00664408504963, "dmean2": 0.0096921864897, "dvar": 9.5516370493e-05, "dvar2": 0.000195237924345, "max": 0.139383301139, "mean": 0.0187539290637, "median": 0.0119581464678, "min": 1.0084611212e-20, "var": 0.000350957474438}, "spectral_energyband_high": {"dmean": 0.000159359056852, "dmean2": 0.000224639894441, "dvar": 1.19616245797e-07, "dvar2": 2.55776797076e-07, "max": 0.0113116651773, "mean": 0.000331793271471, "median": 0.000144782185089, "min": 7.12667150268e-21, "var": 3.13924800821e-07}, "spectral_energyband_low": {"dmean": 0.00302843563259, "dmean2": 0.00466587767005, "dvar": 4.54335677205e-05, "dvar2": 9.70586697804e-05, "max": 0.0812810510397, "mean": 0.00419424287975, "median": 0.00183477904648, "min": 1.55340785517e-23, "var": 5.55836995773e-05}, "spectral_energyband_middle_high": {"dmean": 0.00258812308311, "dmean2": 0.00380274304189, "dvar": 1.7435357222e-05, "dvar2": 3.75700838049e-05, "max": 0.0865125283599, "mean": 0.00890774931759, "median": 0.00332003249787, "min": 1.06480106723e-21, "var": 0.000161804477102}, "spectral_energyband_middle_low": {"dmean": 0.00287257693708, "dmean2": 0.00443336227909, "dvar": 1.81277318916e-05, "dvar2": 4.34277317254e-05, "max": 0.0560067407787, "mean": 0.00608560023829, "median": 0.00402052560821, "min": 1.71723141977e-22, "var": 4.28593411925e-05}, "spectral_entropy": {"dmean": 0.129011854529, "dmean2": 0.188469558954, "dvar": 0.0204927828163, "dvar2": 0.0418443344533, "max": 9.82462501526, "mean": 7.62738752365, "median": 7.59298086166, "min": 5.91203594208, "var": 0.235592320561}, "spectral_flux": {"dmean": 0.0230204425752, "dmean2": 0.0357723273337, "dvar": 0.000788347970229, "dvar2": 0.001794019714, "max": 0.280048638582, "mean": 0.0744453892112, "median": 0.0647901371121, "min": 6.41116396083e-11, "var": 0.00270324689336}, "spectral_kurtosis": {"dmean": 1.81138408184, "dmean2": 3.05149197578, "dvar": 3.93552112579, "dvar2": 10.6702423096, "max": 36.9148712158, "mean": 6.18269872665, "median": 5.81442308426, "min": -1.27419674397, "var": 10.9272842407}, "spectral_rms": {"dmean": 0.000719264673535, "dmean2": 0.00100736343302, "dvar": 8.38680477955e-07, "dvar2": 1.57804197443e-06, "max": 0.0116612054408, "mean": 0.0037209035363, "median": 0.00341562344693, "min": 3.13666150345e-12, "var": 4.45136856797e-06}, "spectral_rolloff": {"dmean": 347.167144775, "dmean2": 567.165466309, "dvar": 461989.3125, "dvar2": 1004914.875, "max": 19832.0800781, "mean": 2046.97912598, "median": 1593.45703125, "min": 107.666015625, "var": 9350478}, "spectral_skewness": {"dmean": 0.213259965181, "dmean2": 0.348412662745, "dvar": 0.0455829575658, "dvar2": 0.112973347306, "max": 4.97864437103, "mean": 1.77442336082, "median": 1.79675841331, "min": -0.106233723462, "var": 0.258152633905}, "spectral_spread": {"dmean": 508152.625, "dmean2": 731756.375, "dvar": 616526118912, "dvar2": 1197187399680.0, "max": 43019080, "mean": 4840113.5, 