{"lowlevel": {"average_loudness": 0.819061040878, "barkbands": {"dmean": [0.000546692754142, 0.0114462934434, 0.0024305023253, 0.000870813964866, 0.000656851101667, 0.00122336810455, 0.000491444487125, 0.000297356629744, 0.000553002464585, 0.000412346533267, 0.0005587360356, 0.00125969969667, 0.00030403805431, 0.00011539683328, 0.000118711279356, 0.000174455650267, 0.000152129636263, 6.82403479004e-05, 7.03209516359e-05, 6.18854392087e-05, 7.40355462767e-05, 0.000104197541077, 0.000160732146469, 0.00013575363846, 8.3138293121e-05, 1.27020530272e-05, 1.66958469272e-09], "dmean2": [0.000704706821125, 0.0175102539361, 0.00385727244429, 0.00139649037737, 0.00104942475446, 0.00180489057675, 0.00074791687075, 0.000441396026872, 0.00076731631998, 0.000546951487195, 0.00076582893962, 0.0017918109661, 0.00043072286644, 0.000173767621163, 0.000178249421879, 0.000254172075074, 0.000222782313358, 0.000100329409179, 0.000101553087006, 9.14062038646e-05, 0.000101340869151, 0.000139279523864, 0.000213664679904, 0.000177825422725, 0.000109915825306, 1.7708982341e-05, 2.94538260448e-09], "dvar": [3.21562652061e-06, 0.000933422415983, 2.12101494981e-05, 2.3673871965e-06, 2.04275875149e-06, 5.3623034546e-06, 1.55491534315e-06, 1.5131914779e-06, 2.07184120882e-06, 1.90905052477e-06, 3.9479436964e-06, 2.21562204388e-05, 1.13508872346e-06, 1.14765065007e-07, 1.3757880879e-07, 1.84191364383e-07, 1.67784008909e-07, 3.37941052919e-08, 3.36273977553e-08, 3.62556917821e-08, 5.15650704358e-08, 9.39647648579e-08, 2.30616237218e-07, 1.1819913226e-07, 4.39746834502e-08, 1.68795022404e-09, 1.31748786746e-17], "dvar2": [5.64013771509e-06, 0.00237363367341, 5.53795107407e-05, 6.4314035626e-06, 4.91381115353e-06, 1.18917141663e-05, 3.42891439686e-06, 3.0015082757e-06, 3.55266502083e-06, 3.27480734086e-06, 6.14471855442e-06, 4.29807550972e-05, 1.94250924324e-06, 2.14255393871e-07, 2.85949596446e-07, 3.86234290772e-07, 3.13310920319e-07, 6.65757298179e-08, 6.78889051642e-08, 8.06357149941e-08, 9.51205052502e-08, 1.62496277767e-07, 4.30663845918e-07, 2.10912375564e-07, 7.88083411862e-08, 3.21630966305e-09, 3.90621088853e-17], "max": [0.0191601272672, 0.433479428291, 0.0913685336709, 0.0317922979593, 0.0323272533715, 0.078997887671, 0.0260516889393, 0.0412378981709, 0.0383459441364, 0.0689259469509, 0.0767880603671, 0.16331756115, 0.0379316210747, 0.0136849787086, 0.0120919626206, 0.0161368399858, 0.0167406871915, 0.00631383759901, 0.00598385883495, 0.00329042086378, 0.00293833413161, 0.00628626812249, 0.0344675667584, 0.0109721273184, 0.00928837712854, 0.0032581621781, 1.91488197743e-07], "mean": [0.000684419297613, 0.0333752445877, 0.00652859499678, 0.00272800261155, 0.0013513189042, 0.00220103748143, 0.000819636625238, 0.00056049588602, 0.0011213819962, 0.000905393040739, 0.000992188346572, 0.00270907976665, 0.000584307825193, 0.000220941292355, 0.000176123852725, 0.000292221200652, 0.000275112339295, 9.84901853371e-05, 0.000109207147034, 8.68002680363e-05, 0.000108517248009, 0.000152191307279, 0.000250091485213, 0.000214449377381, 0.000131464534206, 1.7352605937e-05, 1.47083589752e-09], "median": [2.54039550782e-05, 0.0190060175955, 0.00465920753777, 0.0022504539229, 0.000755178160034, 0.000811176316347, 0.000178235379281, 3.77538672183e-05, 0.000267776253168, 6.70694425935e-05, 5.16791187692e-05, 5.14367857249e-05, 3.92976435251e-05, 5.14899365953e-05, 2.62489520537e-05, 5.43184796697e-05, 4.42749005742e-05, 2.00731883524e-05, 2.12864779314e-05, 1.53695345944e-05, 1.66160625668e-05, 1.94972490135e-05, 2.88347400783e-05, 2.17483284359e-05, 7.21181550034e-06, 3.65868174868e-07, 4.71130245927e-10], "min": [2.0348722517e-25, 1.87557695281e-24, 2.93282066394e-25, 7.33910826716e-25, 4.76760630959e-24, 3.23708303318e-24, 7.85885479659e-24, 6.27133060054e-24, 1.13996072714e-23, 9.47927528125e-24, 1.23099219905e-23, 2.79692716539e-23, 2.95060515834e-23, 3.61378127315e-23, 4.94947424698e-23, 4.44761608521e-23, 6.24208468688e-23, 1.00068135476e-22, 9.90400982553e-23, 1.51961936487e-22, 2.15730309244e-22, 2.61537707583e-22, 4.03444721998e-22, 4.91726360472e-22, 8.96513635378e-22, 1.1830218577e-21, 1.8583371787e-21], "var": [5.38247240911e-06, 0.00171116413549, 4.78785441373e-05, 6.86567909725e-06, 4.24950621891e-06, 1.45239546328e-05, 3.37042956744e-06, 5.22563004779e-06, 9.39532947086e-06, 1.01569085018e-05, 1.49078769027e-05, 7.61377523304e-05, 4.40984422312e-06, 5.90648824073e-07, 3.43597577057e-07, 5.10939628384e-07, 5.76127320073e-07, 6.62552466224e-08, 6.81897063259e-08, 5.34270867547e-08, 9.46873868202e-08, 1.8875610408e-07, 6.01720614668e-07, 2.52907767617e-07, 9.82390631066e-08, 3.96311605755e-09, 9.70204938111e-18]}, "barkbands_crest": {"dmean": 1.90479338169, "dmean2": 2.82702255249, "dvar": 4.91873216629, "dvar2": 10.7853097916, "max": 26.9169902802, "mean": 14.263876915, "median": 14.5322914124, "min": 2.71617937088, "var": 28.2982845306}, "barkbands_flatness_db": {"dmean": 0.0241203065962, "dmean2": 0.0325843989849, "dvar": 0.000766702229157, "dvar2": 0.00141313951463, "max": 1, "mean": 0.224471926689, "median": 0.221812009811, "min": 0.0520712584257, "var": 0.00530219916254}, "barkbands_kurtosis": {"dmean": 10.2675600052, "dmean2": 14.764588356, "dvar": 2720.30761719, "dvar2": 7449.58251953, "max": 3697.55371094, "mean": 21.745508194, "median": 5.76549959183, "min": -1.86710512638, "var": 2884.10327148}, "barkbands_skewness": {"dmean": 0.837426960468, "dmean2": 1.13338041306, "dvar": 1.45648932457, "dvar2": 2.9618499279, "max": 51.6062278748, "mean": 2.98755264282, "median": 2.31554698944, "min": -2.19689464569, "var": 7.80459737778}, "barkbands_spread": {"dmean": 4.52157974243, "dmean2": 6.03980922699, "dvar": 56.0971298218, "dvar2": 85.4097747803, "max": 105.221755981, "mean": 15.0151796341, "median": 12.1924476624, "min": 0.00306499120779, "var": 179.787521362}, "dissonance": {"dmean": 0.0282029174268, "dmean2": 0.0467901192605, "dvar": 0.000858926330693, "dvar2": 0.00233213999309, "max": 0.5, "mean": 0.434840887785, "median": 0.44374281168, "min": 0, "var": 0.00169721315615}, "dynamic_complexity": 5.05499076843, "erbbands": {"dmean": [0.317835003138, 2.76342773438, 3.9192097187, 2.27313756943, 2.11599302292, 2.62993597984, 6.3223862648, 9.85292053223, 6.72218084335, 7.08722114563, 6.78945398331, 13.9914751053, 12.0350465775, 14.6404180527, 21.5507030487, 59.8079490662, 17.7684764862, 6.58081054688, 5.5503616333, 9.66908168793, 7.58089017868, 7.05693244934, 3.69094896317, 3.48349165916, 3.32165598869, 2.84665441513, 2.81167173386, 3.33409881592, 3.6915743351, 4.40047883987, 4.65538167953, 3.42598724365, 1.97834599018, 1.11344373226, 0.496516019106, 0.116571210325, 0.0123505061492, 0.000605217064731, 2.65612106887e-05, 1.88719131984e-05], "dmean2": [0.44992095232, 4.37913274765, 6.08533191681, 3.6457722187, 3.433624506, 4.23048496246, 9.48295116425, 14.5633687973, 10.0054035187, 11.0647621155, 9.58112716675, 19.4556980133, 16.1058254242, 19.725774765, 29.088891983, 84.4677429199, 24.4306411743, 9.118475914, 8.20067596436, 14.0897674561, 10.9079713821, 10.1203813553, 5.27444267273, 5.12127399445, 4.83200454712, 4.20101928711, 3.9280371666, 4.62376451492, 4.95870828629, 6.02686357498, 6.13911247253, 4.53529119492, 2.66174674034, 1.49512970448, 0.665171384811, 0.157397434115, 0.0172325801104, 0.000855276884977, 3.45339540218e-05, 2.70690361504e-05], "dvar": [1.02678215504, 50.5749778748, 55.9198303223, 19.2008705139, 14.2644557953, 39.6978187561, 223.420394897, 305.878234863, 322.222351074, 499.289733887, 742.273010254, 1252.64208984, 1756.42297363, 1967.9395752, 5001.10107422, 51911.3945312, 2640.71533203, 505.680664062, 256.265045166, 631.362854004, 313.408447266, 426.415740967, 92.3753814697, 94.9415740967, 76.0702590942, 76.5369262695, 78.6732177734, 102.720146179, 122.179840088, 165.689849854, 186.390380859, 81.3015365601, 25.8147602081, 7.57211065292, 1.75295996666, 0.143063500524, 0.00142952403985, 3.2442965221e-06, 4.25299528928e-09, 1.61434898782e-09], "dvar2": [2.02781200409, 141.28894043, 148.40763855, 51.0260391235, 38.0078697205, 94.1969451904, 500.739593506, 654.828857422, 683.703308105, 1189.29296875, 1410.7890625, 2221.31665039, 3306.47167969, 3098.37915039, 7598.49316406, 100005.15625, 4480.2265625, 884.940002441, 503.034973145, 1226.27392578, 655.449829102, 854.146484375, 171.606292725, 207.451766968, 163.52947998, 171.932617188, 155.523162842, 195.252624512, 216.910598755, 319.354492188, 345.62109375, 153.76335144, 46.5823745728, 13.4671697617, 3.27376747131, 0.2793174088, 0.00284329219721, 6.78933110976e-06, 8.07165356775e-09, 3.65641650291e-09], "max": [11.1756639481, 103.959838867, 130.978286743, 83.0886230469, 60.2760467529, 160.175033569, 606.821472168, 461.765533447, 460.619903564, 744.933044434, 1078.04614258, 1036.29272461, 2022.25024414, 1460.20776367, 2728.43945312, 7998.19628906, 1917.48168945, 956.976989746, 759.183837891, 1151.76391602, 573.714294434, 1166.11096191, 318.742370605, 400.706848145, 246.586196899, 168.002548218, 111.735984802, 151.308441162, 172.284332275, 789.436096191, 843.972290039, 478.172729492, 140.171066284, 104.932106018, 73.1286468506, 32.2539291382, 2.61099171638, 0.100368820131, 0.00392004847527, 0.000728715502191], "mean": [0.587110996246, 8.33905506134, 12.4987030029, 6.9701166153, 6.34844589233, 5.12690782547, 11.551607132, 17.8706970215, 11.9692707062, 11.3416013718, 15.4603385925, 28.3957252502, 25.6807594299, 32.018535614, 41.3599472046, 121.722496033, 41.0437583923, 14.8482475281, 9.64412403107, 15.9449138641, 14.6026735306, 13.2862024307, 6.30486154556, 5.13951539993, 5.22380161285, 4.11931562424, 4.01269245148, 4.79623699188, 5.28242349625, 6.68976688385, 7.01987218857, 5.3957490921, 3.05715155602, 1.74722063541, 0.756761193275, 0.166934922338, 0.016424736008, 0.000769639154896, 5.78341096116e-05, 6.82146055624e-05], "median": [0.198105946183, 5.10987901688, 9.12800598145, 6.07426643372, 5.40837907791, 2.95594143867, 3.86198425293, 7.06696605682, 2.83222007751, 2.57502841949, 2.14857816696, 8.01740646362, 2.76684999466, 3.00676965714, 4.67687606812, 3.48557090759, 3.58188772202, 2.14699220657, 2.49930071831, 3.1295940876, 2.83658242226, 2.06073665619, 1.34892582893, 1.02166700363, 1.08737242222, 0.816923558712, 0.599184036255, 0.7888712883, 0.632572770119, 0.831997990608, 0.766227185726, 0.599846124649, 0.280309915543, 0.10870115459, 0.0348717942834, 0.00464096339419, 0.000377131800633, 2.23553270189e-05, 2.85389432975e-05, 5.57077364647e-05], "min": [3.31353734163e-23, 5.72008722174e-22, 2.22134102843e-21, 5.77888691938e-21, 5.94373496817e-21, 1.4711709309e-20, 2.63496849321e-20, 4.71863177103e-20, 1.11602083797e-19, 1.93260552537e-19, 2.72801839575e-19, 2.95701740297e-19, 5.8735381111e-19, 5.56349582487e-19, 5.28052457514e-19, 1.21900138626e-18, 1.38216017715e-18, 1.94381240095e-18, 2.75341728665e-18, 2.25119375055e-18, 3.4911319053e-18, 4.62971293126e-18, 4.62510677602e-18, 5.5275145022e-18, 5.43287800909e-18, 8.26150938127e-18, 7.42935989477e-18, 8.09931332521e-18, 9.96744449038e-18, 1.17064502804e-17, 1.04601695115e-17, 1.04955761504e-17, 9.13212938369e-18, 7.71516568566e-18, 5.96394037005e-18, 4.22179294808e-18, 2.23566219378e-18, 9.95115130706e-19, 2.17290730943e-19, 2.62731351825e-20], "var": [1.64915704727, 93.1938171387, 156.344863892, 36.5417137146, 34.790145874, 80.632598877, 524.405639648, 910.57989502, 787.418701172, 1064.80664062, 2851.73974609, 5556.89550781, 8036.26074219, 8907.84570312, 18309.5878906, 161724.4375, 11852.1005859, 2490.84350586, 720.496276855, 1910.66455078, 1111.20556641, 1447.76281738, 239.965118408, 163.72958374, 138.591110229, 113.47303772, 133.166000366, 181.511505127, 233.776809692, 411.566009521, 446.209197998, 183.374954224, 50.8364486694, 16.121711731, 3.94865608215, 0.336556077003, 0.00295585161075, 5.83047813052e-06, 1.00019841298e-08, 4.26473256709e-09]}, "erbbands_crest": {"dmean": 2.38338255882, "dmean2": 3.55471253395, "dvar": 7.29671573639, "dvar2": 14.4946165085, "max": 35.7931404114, "mean": 10.7845849991, "median": 8.97315788269, "min": 2.19828391075, "var": 38.6178665161}, "erbbands_flatness_db": {"dmean": 0.0180330649018, "dmean2": 0.0245941784233, "dvar": 0.000504023279063, "dvar2": 0.000879408617038, "max": 0.382596880198, "mean": 0.176249355078, "median": 0.171301871538, "min": 0.0613496936858, "var": 0.00355783919804}, "erbbands_kurtosis": {"dmean": 1.17969858646, "dmean2": 1.7339733839, "dvar": 19.4303150177, "dvar2": 38.9083137512, "max": 321.819763184, "mean": 1.63999950886, "median": 0.306773781776, "min": -1.85183370113, "var": 97.4222183228}, "erbbands_skewness": {"dmean": 0.359052807093, "dmean2": 0.490402907133, "dvar": 0.194475859404, "dvar2": 0.369374483824, "max": 16.6858520508, "mean": 0.393735021353, "median": 0.436359763145, "min": -3.76108193398, "var": 1.04615604877}, "erbbands_spread": {"dmean": 10.1809244156, "dmean2": 13.9755411148, "dvar": 175.80569458, "dvar2": 317.203796387, "max": 174.387268066, "mean": 44.1030693054, "median": 36.5115280151, "min": 2.42350959778, "var": 920.502685547}, "gfcc": {"cov": [[31217.0292969, 708.761535645, 1792.82434082, 1619.53295898, -947.029296875, 1811.51452637, -1614.99707031, 822.345947266, -865.296142578, -220.286453247, -130.9427948, 545.189147949, -374.357849121], [708.761535645, 1698.97387695, -433.625152588, -82.777305603, 317.756011963, -301.332336426, 177.623062134, -358.677703857, 92.7332839966, -302.654205322, 118.642669678, -190.697479248, 121.5521698], [1792.82434082, -433.625152588, 2426.37963867, 576.156921387, 100.751358032, 432.173828125, -310.688049316, 170.707611084, -192.795013428, -48.4980125427, -95.4462585449, 107.085029602, -138.242599487], [1619.53295898, -82.777305603, 576.156921387, 472.055877686, -12.8218002319, 92.8840026855, -130.287765503, 14.5282201767, -40.2174415588, -11.0691270828, -65.2247161865, -31.8744735718, -32.481262207], [-947.029296875, 317.756011963, 100.751358032, -12.8218002319, 358.007843018, -65.6964492798, 108.21710968, -94.3490982056, 56.2914543152, -61.7803115845, 55.5103569031, -35.1435394287, 26.6594257355], [1811.51452637, -301.332336426, 432.173828125, 92.8840026855, -65.6964492798, 401.381256104, -81.8116836548, 148.747039795, -97.8062667847, 47.7571678162, 14.0591545105, 83.6842269897, -58.7462730408], [-1614.99707031, 177.623062134, -310.688049316, -130.287765503, 108.21710968, -81.8116836548, 295.492584229, -73.2223205566, 70.1630859375, -1.44327914715, 50.0619926453, -54.9961357117, 38.7739601135], [822.345947266, -358.677703857, 170.707611084, 14.5282201767, -94.3490982056, 148.747039795, -73.2223205566, 243.222686768, 16.4498157501, 61.1913070679, -24.607416153, 75.8928833008, -21.9083938599], [-865.296142578, 92.7332839966, -192.795013428, -40.2174415588, 56.2914543152, -97.8062667847, 70.1630859375, 16.4498157501, 173.023269653, 41.6521377563, 27.5205402374, -44.31690979, 50.7081298828], [-220.286453247, -302.654205322, -48.4980125427, -11.0691270828, -61.7803115845, 47.7571678162, -1.44327914715, 61.1913070679, 41.6521377563, 159.992141724, 21.8764648438, 26.7263050079, -20.4521083832], [-130.9427948, 118.642669678, -95.4462585449, -65.2247161865, 55.5103569031, 14.0591545105, 50.0619926453, -24.607416153, 27.5205402374, 21.8764648438, 132.76121521, 37.5429153442, 16.7336502075], [545.189147949, -190.697479248, 107.085029602, -31.8744735718, -35.1435394287, 83.6842269897, -54.9961357117, 75.8928833008, -44.31690979, 26.7263050079, 37.5429153442, 146.225387573, 9.76998710632], [-374.357849121, 121.5521698, -138.242599487, -32.481262207, 26.6594257355, -58.7462730408, 38.7739601135, -21.9083938599, 50.7081298828, -20.4521083832, 16.7336502075, 9.76998710632, 102.765365601]], "icov": [[0.000210976228118, -0.000738705159165, 0.000273081037449, -0.000767736695707, 0.000215819047298, -0.000725912104826, 0.000621375918854, -0.000782614573836, 0.00057330011623, -0.000463024538476, 0.000439389550593, -0.000900212267879, 0.000533745798748], [-0.000738705159165, 0.00443792017177, -0.000831736426335, 0.00271252403036, -0.00101301050745, 0.00238754460588, -0.00183492654469, 0.00403785193339, -0.00305221253075, 0.00484649604186, -0.00351057969965, 0.00459844293073, -0.00241586356424], [0.000273081037449, -0.000831736426335, 0.00123684934806, -0.00180497951806, -0.000399250391638, -0.00147928332444, 0.001139519969, -0.00110965792555, 0.000781913113315, -0.000101458179415, 0.00087843183428, -0.00170222611632, 0.00127611577045], [-0.000767736695707, 0.00271252403036, -0.00180497951806, 0.00636883312836, -0.000575375277549, 0.00224471208639, -0.00122652715072, 0.00344666675664, -0.00228734058328, 0.00131226726808, -0.00104821310379, 0.00495345937088, -0.00270064012147], [0.000215819047298, -0.00101301050745, -0.000399250391638, -0.000575375277549, 0.00486514996737, -0.000743954791687, -0.000673563743476, 0.00063257839065, -0.00165752263274, 0.0010003305506, -0.000568492279854, -0.00156651530415, 0.00122551212553], [-0.000725912104826, 0.00238754460588, -0.00147928332444, 0.00224471208639, -0.000743954791687, 0.00780043099076, -0.00257878797129, -0.000881552114151, 0.0019392403774, 1.91256440303e-05, -0.00377679429948, 0.0039265784435, -0.00202307570726], [0.000621375918854, -0.00183492654469, 0.001139519969, -0.00122652715072, -0.000673563743476, -0.00257878797129, 0.00727102486417, -0.00162245845422, 0.00116994942073, -0.00136016239412, 1.40170968734e-05, -0.000346251326846, 0.000373104616301], [-0.000782614573836, 0.00403785193339, -0.00110965792555, 0.00344666675664, 0.00063257839065, -0.000881552114151, -0.00162245845422, 0.0136615568772, -0.00946589931846, 0.00429606437683, 0.00105587043799, -0.00124152528588, 0.000298204657156], [0.00057330011623, -0.00305221253075, 0.000781913113315, -0.00228734058328, -0.00165752263274, 0.0019392403774, 0.00116994942073, -0.00946589931846, 0.0176358856261, -0.00824331771582, -0.00182493671309, 0.00433324184269, -0.0053509073332], [-0.000463024538476, 0.00484649604186, -0.000101458179415, 0.00131226726808, 0.0010003305506, 1.91256440303e-05, -0.00136016239412, 0.00429606437683, -0.00824331771582, 0.0163997281343, -0.00501652993262, 0.00155124929734, 0.00204032496549], [0.000439389550593, -0.00351057969965, 0.00087843183428, -0.00104821310379, -0.000568492279854, -0.00377679429948, 1.40170968734e-05, 0.00105587043799, -0.00182493671309, -0.00501652993262, 0.01553249266, -0.00943622086197, 0.00308164022863], [-0.000900212267879, 0.00459844293073, -0.00170222611632, 0.00495345937088, -0.00156651530415, 0.0039265784435, -0.000346251326846, -0.00124152528588, 0.00433324184269, 0.00155124929734, -0.00943622086197, 0.0204737801105, -0.00916503556073], [0.000533745798748, -0.00241586356424, 0.00127611577045, -0.00270064012147, 0.00122551212553, -0.00202307570726, 0.000373104616301, 0.000298204657156, -0.0053509073332, 0.00204032496549, 0.00308164022863, -0.00916503556073, 0.0172601360828]], "mean": [-67.373046875, 118.589286804, -106.634864807, 47.3402862549, -55.5083007812, 34.8239860535, -28.2459506989, 7.43024253845, -11.3818244934, -5.91792297363, -4.85066699982, -6.68934726715, -0.513559401035]}, "hfc": {"dmean": 7.74841165543, "dmean2": 9.76795482635, "dvar": 211.932174683, "dvar2": 343.830322266, "max": 472.564086914, "mean": 21.481426239, "median": 11.194270134, "min": 1.06415025565e-16, "var": 769.807922363}, "melbands": {"dmean": [0.00294062518515, 0.00266444543377, 0.000379857316148, 0.000152070453623, 0.000195381333469, 0.000225770840188, 9.88842730294e-05, 7.50870021875e-05, 6.52397575323e-05, 8.26201649033e-05, 6.12158328295e-05, 5.91134739807e-05, 8.00626294222e-05, 0.000123989608255, 0.000108651031042, 2.5794512112e-05, 1.13814157885e-05, 9.57666361501e-06, 9.98117593554e-06, 1.2994512872e-05, 9.99086114462e-06, 8.63431614562e-06, 4.99002726428e-06, 3.01840259453e-06, 2.92795834866e-06, 2.6956745387e-06, 2.4046123599e-06, 1.8182219037e-06, 1.84197278941e-06, 1.80373524472e-06, 1.98581460609e-06, 2.11474934986e-06, 2.28767976296e-06, 2.66658798864e-06, 2.77528351944e-06, 2.64753998636e-06, 2.00038584808e-06, 1.47130538153e-06, 1.21916787066e-06, 8.97718109627e-07], "dmean2": [0.00441924715415, 0.00413756910712, 0.00060622318415, 0.000246459530899, 0.000292638782412, 0.000332312716637, 0.00014827704581, 0.000115442664537, 9.19420490391e-05, 0.000114479742479, 8.19940760266e-05, 7.96885724412e-05, 0.000107976033178, 0.000177089677891, 0.000151634696522, 3.54369258275e-05, 1.62662581715e-05, 1.43309625855e-05, 1.48725430336e-05, 1.88933281606e-05, 1.47286536958e-05, 1.26019376694e-05, 7.14213410902e-06, 4.57421447209e-06, 4.37759217675e-06, 3.93046730096e-06, 3.65117125511e-06, 2.71434282695e-06, 2.68030339612e-06, 2.52608015217e-06, 2.80309654954e-06, 2.95724453281e-06, 3.08744779431e-06, 3.77178275812e-06, 3.76836760552e-06, 3.58285410584e-06, 2.72977922577e-06, 2.04761226996e-06, 1.68874692008e-06, 1.24260111534e-06], "dvar": [7.25779755157e-05, 3.37181336363e-05, 4.63774796344e-07, 1.08961067724e-07, 1.74959794208e-07, 1.60647076086e-07, 6.77599416576e-08, 5.85505262052e-08, 5.0659348716e-08, 4.31556905767e-08, 4.60529321344e-08, 3.33921441609e-08, 8.14276432948e-08, 2.24511921942e-07, 1.50022557932e-07, 1.06544248979e-08, 1.63785329743e-09, 7.36229133214e-10, 7.43086703281e-10, 1.30426991429e-09, 6.04235494972e-10, 6.98805402433e-10, 2.58936844189e-10, 6.32046151527e-11, 7.16516984633e-11, 5.29089758117e-11, 4.41391229122e-11, 3.32261683444e-11, 3.60252210008e-11, 3.22359638982e-11, 3.45755993281e-11, 4.0929964279e-11, 4.69800587322e-11, 6.48914394441e-11, 6.83866505091e-11, 5.93082666311e-11, 2.77046129094e-11, 1.49831622803e-11, 9.61644913006e-12, 4.98870866492e-12], "dvar2": [0.000169435967109, 9.14753763936e-05, 1.22823291804e-06, 2.74132219147e-07, 3.90393864791e-07, 3.46355761849e-07, 1.4152875849e-07, 1.34445372169e-07, 9.58318935318e-08, 7.41481898103e-08, 8.54104271752e-08, 5.06485591245e-08, 1.19421088129e-07, 4.29148116154e-07, 2.86957771323e-07, 1.6955549853e-08, 2.8234050653e-09, 1.45986056577e-09, 1.54270052288e-09, 2.59557864091e-09, 1.2819111328e-09, 1.37675593148e-09, 4.57297338885e-10, 1.40224581946e-10, 1.59276161704e-10, 1.13632540877e-10, 1.01587002699e-10, 7.59525983773e-11, 7.72510944103e-11, 6.21160067826e-11, 6.77679648509e-11, 7.91399584754e-11, 8.68689981059e-11, 1.35986083505e-10, 1.27822599727e-10, 1.1852106796e-10, 5.36860070288e-11, 2.89135364956e-11, 1.82736534238e-11, 9.27947302332e-12], "max": [0.107942640781, 0.0853737443686, 0.0139207569882, 0.00666132709011, 0.0158436391503, 0.00997733511031, 0.00590460374951, 0.00939186662436, 0.00759898638353, 0.00577619485557, 0.0103418417275, 0.0064336694777, 0.0119917113334, 0.0144478455186, 0.0150635950267, 0.00333694019355, 0.0017918566009, 0.00116318068467, 0.00119053758681, 0.00163579499349, 0.0007875302108, 0.00126983190421, 0.000576515623834, 0.000200664464501, 0.000400254619308, 0.000187467172509, 0.00014698470477, 9.34232302825e-05, 9.21680984902e-05, 8.60854270286e-05, 9.91531196632e-05, 0.000107883504825, 0.000173562308191, 0.000534353603143, 0.000388653425034, 0.000634585798252, 0.00019791458908, 0.00011981237185, 8.19572378532e-05, 9.46919244598e-05], "mean": [0.00732220197096, 0.00890138931572, 0.00128816056531, 0.000367974978872, 0.000380602636142, 0.000413230969571, 0.000171795065398, 0.000120164149848, 0.000143925281009, 0.000165755700436, 0.000126393322716, 0.000127329709358, 0.00014531618217, 0.000237868705881, 0.000237725209445, 5.46161645616e-05, 2.32944839809e-05, 1.57590002345e-05, 1.56709556904e-05, 2.06164495467e-05, 1.83433094207e-05, 1.54534209287e-05, 8.56302995089e-06, 4.19480602432e-06, 4.10389520766e-06, 4.05503351431e-06, 3.49517949871e-06, 2.47583329838e-06, 2.46494209932e-06, 2.53043413068e-06, 2.79087748822e-06, 2.87845773528e-06, 3.19970945384e-06, 3.93834170609e-06, 3.97413668907e-06, 4.02274190492e-06, 3.00504621009e-06, 2.16594730773e-06, 1.80256472504e-06, 1.37536267175e-06], "median": [0.00366305094212, 0.0062584890984, 0.00117683876306, 0.000268756935839, 0.000150837935507, 0.000163098215126, 3.25628425344e-05, 1.9352282834e-05, 2.30187415582e-05, 4.29411302321e-05, 8.85023837327e-06, 1.06860270535e-05, 9.2334466899e-06, 6.45913587505e-06, 7.99940244178e-06, 3.48006369677e-06, 3.39429789165e-06, 4.18775925937e-06, 3.05785670207e-06, 3.65424330084e-06, 2.84470934275e-06, 2.28000226343e-06, 1.07673099592e-06, 9.43342342907e-07, 7.2604603929e-07, 7.18847559256e-07, 7.01265889802e-07, 4.59447676349e-07, 3.37961239438e-07, 3.45583544004e-07, 4.93103129884e-07, 3.31876549353e-07, 3.60920239473e-07, 4.75517254017e-07, 3.87368970678e-07, 5.03898718307e-07, 2.93320169931e-07, 2.00878162104e-07, 1.19465852322e-07, 8.04282649369e-08], "min": [5.91847084966e-25, 1.2481532764e-24, 1.11280160696e-24, 7.03306918594e-25, 8.01903339782e-25, 6.85689731732e-25, 1.88104435053e-24, 1.84950095837e-24, 2.22028846079e-24, 1.62183964543e-24, 2.82602043446e-24, 1.47774424172e-24, 1.44193419675e-24, 2.58737127518e-24, 2.16673368001e-24, 2.98754956556e-24, 3.02729829443e-24, 3.56956916928e-24, 3.31329823789e-24, 2.67333265916e-24, 3.02490686259e-24, 3.82519086815e-24, 3.56403570447e-24, 4.61497631835e-24, 3.48906394175e-24, 3.40794892474e-24, 3.83361471933e-24, 4.46999117815e-24, 4.14741688211e-24, 4.36884422175e-24, 4.22925765115e-24, 4.65924600906e-24, 5.1142972668e-24, 5.88601188581e-24, 5.64447332626e-24, 5.22451572918e-24, 5.19968790991e-24, 5.28388224547e-24, 5.8978668875e-24, 5.89543404046e-24], "var": [0.00011696574802, 8.56127517181e-05, 1.09774600787e-06, 2.17028187421e-07, 4.43776173142e-07, 4.76333354982e-07, 1.64084141829e-07, 1.40028774354e-07, 1.91402293126e-07, 1.98014092234e-07, 2.14225678974e-07, 1.58780864012e-07, 3.21699189954e-07, 7.15102430604e-07, 5.44475085462e-07, 4.53547244206e-08, 8.84112427713e-09, 2.19143991842e-09, 2.04294781092e-09, 3.25825810776e-09, 2.01698058255e-09, 2.08589456818e-09, 8.46622771888e-10, 9.49809397799e-11, 1.18263968063e-10, 9.52262019238e-11, 6.74519815003e-11, 4.64316501914e-11, 5.38488559299e-11, 5.55592308271e-11, 5.93655749559e-11, 7.11120745622e-11, 8.93542115299e-11, 1.57240040433e-10, 1.50766718554e-10, 1.38574818287e-10, 5.45031068888e-11, 2.69287439569e-11, 1.777692403e-11, 1.02816808886e-11]}, "melbands_crest": {"dmean": 2.09402179718, "dmean2": 3.11227536201, "dvar": 6.39819478989, "dvar2": 13.2559089661, "max": 40, "mean": 17.7339744568, "median": 18.7140312195, "min": 1.65393674374, "var": 34.4054603577}, "melbands_flatness_db": {"dmean": 0.0282937083393, "dmean2": 0.0364909097552, "dvar": 0.00113707978744, "dvar2": 0.00199200259522, "max": 1, "mean": 0.284680336714, "median": 0.288740485907, "min": 0.00319818686694, "var": 0.00935352314264}, "melbands_kurtosis": {"dmean": 2220471.5, "dmean2": 4329614, "dvar": 23600022805300000, "dvar2": 47998617469800000, "max": 13343315968, "mean": 10437318, "median": 18.0862846375, "min": -1.84299647808, "var": 129533378969000000}, "melbands_skewness": {"dmean": 11.3864374161, "dmean2": 21.7243938446, "dvar": 575385.375, "dvar2": 1158021.25, "max": 64212.8007812, "mean": 56.3147773743, "median": 3.65583276749, "min": -1.04184496403, "var": 3186671.75}, "melbands_spread": {"dmean": 4.57678508759, "dmean2": 6.33958768845, "dvar": 55.5166969299, "dvar2": 107.904953003, "max": 167.795776367, "mean": 15.4296703339, "median": 9.65474796295, "min": 9.63296642453e-09, "var": 353.599090576}, "mfcc": {"cov": [[13690.1015625, 370.95715332, 2342.5793457, 378.92666626, 1156.29443359, 335.111450195, 113.082489014, 773.96496582, -368.975830078, -40.0895614624, -262.658874512, 60.236995697, 277.815338135], [370.95715332, 1690.17590332, -260.743865967, 253.141159058, 106.256736755, 124.709228516, 24.3531074524, 57.300994873, -58.965587616, -57.637878418, -110.425666809, -32.5884208679, -16.0189094543], [2342.5793457, -260.743865967, 1739.75378418, 307.946929932, 461.910003662, 221.391479492, 85.202041626, 225.603424072, -85.0345687866, 30.5770874023, -41.9918632507, -20.9770355225, -35.9698867798], [378.92666626, 253.141159058, 307.946929932, 457.642791748, 162.572921753, 118.625419617, -16.1433906555, 11.879360199, -22.8878440857, 10.5916128159, -34.3814315796, -48.3626937866, -62.3568649292], [1156.29443359, 106.256736755, 461.910003662, 162.572921753, 353.621307373, 93.1528701782, 0.209763422608, 103.976715088, -41.3516082764, 24.9601955414, -37.0949211121, -11.9664916992, 9.47486400604], [335.111450195, 124.709228516, 221.391479492, 118.625419617, 93.1528701782, 191.490768433, 80.253364563, 25.7047386169, -18.0013771057, 4.33801651001, -1.43876326084, 15.1498527527, -9.36730003357], [113.082489014, 24.3531074524, 85.202041626, -16.1433906555, 0.209763422608, 80.253364563, 146.498199463, 62.5441932678, -7.61659002304, -11.2099580765, 9.27894592285, 24.5814228058, 17.0088634491], [773.96496582, 57.300994873, 225.603424072, 11.879360199, 103.976715088, 25.7047386169, 62.5441932678, 170.851074219, 5.39913272858, -5.78749752045, -23.6305618286, 15.3139829636, 31.8330497742], [-368.975830078, -58.965587616, -85.0345687866, -22.8878440857, -41.3516082764, -18.0013771057, -7.61659002304, 5.39913272858, 118.627281189, 51.8479614258, 20.1958389282, -1.92690110207, -12.0239238739], [-40.0895614624, -57.637878418, 30.5770874023, 10.5916128159, 24.9601955414, 4.33801651001, -11.2099580765, -5.78749752045, 51.8479614258, 141.552536011, 64.9090042114, -13.0784025192, -9.27017593384], [-262.658874512, -110.425666809, -41.9918632507, -34.3814315796, -37.0949211121, -1.43876326084, 9.27894592285, -23.6305618286, 20.1958389282, 64.9090042114, 116.007720947, 42.4971809387, 3.69044685364], [60.236995697, -32.5884208679, -20.9770355225, -48.3626937866, -11.9664916992, 15.1498527527, 24.5814228058, 15.3139829636, -1.92690110207, -13.0784025192, 42.4971809387, 112.526687622, 58.3795585632], [277.815338135, -16.0189094543, -35.9698867798, -62.3568649292, 9.47486400604, -9.36730003357, 17.0088634491, 31.8330497742, -12.0239238739, -9.27017593384, 3.69044685364, 58.3795585632, 117.274986267]], "icov": [[0.000142306031194, -4.84430188408e-07, -7.52874548198e-05, 3.72194626834e-05, -0.000124778860481, -0.000124099024106, 0.000241338682827, -0.000492041173857, 0.000391456414945, -0.000169184888364, 0.000190885897609, -3.6496854591e-05, -0.000202830982744], [-4.84430188408e-07, 0.000866460497491, 0.000463438365841, -0.000447266444098, -0.000137628405355, -0.000637816963717, 0.000148772189277, -0.000702788238414, 0.000567827082705, -0.000219624795136, 0.000715485017281, -0.000128440806293, 0.00023546598095], [-7.52874548198e-05, 0.000463438365841, 0.00133824744262, -0.000412898283685, -0.000851906370372, -0.00077095272718, -4.32445449405e-05, -0.00105380814057, 0.000664395047352, -0.000236562322243, 0.000163757809787, -9.19035446714e-05, 0.00082214793656], [3.72194626834e-05, -0.000447266444098, -0.000412898283685, 0.00365304388106, -0.000767410674598, -0.0018153891433, 0.00134811096359, 0.000270139949862, -0.000116640061606, 0.000176824469236, -0.000109608830826, 0.000741816009395, 0.00095081271138], [-0.000124778860481, -0.000137628405355, -0.000851906370372, -0.000767410674598, 0.00656705303118, -0.00202891556546, 0.0027260761708, -0.00270493025891, 0.0016821048921, -0.00208252412267, 0.0012538456358, -9.97906113298e-07, -0.000777429202572], [-0.000124099024106, -0.000637816963717, -0.00077095272718, -0.0018153891433, -0.00202891556546, 0.0116629553959, -0.00760220130906, 0.00431661773473, -0.00103276362643, -0.00054986338364, 0.00073429197073, -0.002751321299, 0.0012286513811], [0.000241338682827, 0.000148772189277, -4.32445449405e-05, 0.00134811096359, 0.0027260761708, -0.00760220130906, 0.0142027493566, -0.00709043210372, 0.00197827164084, 0.000768365862314, -0.00183520640712, 0.000985670252703, -0.000979923992418], [-0.000492041173857, -0.000702788238414, -0.00105380814057, 0.000270139949862, -0.00270493025891, 0.00431661773473, -0.00709043210372, 0.013935899362, -0.00483616394922, 0.00128395762295, 0.000996049260721, -0.000877497892361, -0.00128991517704], [0.000391456414945, 0.000567827082705, 0.000664395047352, -0.000116640061606, 0.0016821048921, -0.00103276362643, 0.00197827164084, -0.00483616394922, 0.0136736929417, -0.00655140168965, 0.00300400704145, -0.00209025968798, 0.00192947499454], [-0.000169184888364, -0.000219624795136, -0.000236562322243, 0.000176824469236, -0.00208252412267, -0.00054986338364, 0.000768365862314, 0.00128395762295, -0.00655140168965, 0.015272423625, -0.0108159966767, 0.0065153716132, -0.00231083761901], [0.000190885897609, 0.000715485017281, 0.000163757809787, -0.000109608830826, 0.0012538456358, 0.00073429197073, -0.00183520640712, 0.000996049260721, 0.00300400704145, -0.0108159966767, 0.0195965152234, -0.00997950043529, 0.0033947925549], [-3.6496854591e-05, -0.000128440806293, -9.19035446714e-05, 0.000741816009395, -9.97906113298e-07, -0.002751321299, 0.000985670252703, -0.000877497892361, -0.00209025968798, 0.0065153716132, -0.00997950043529, 0.0181404203176, -0.00810485426337], [-0.000202830982744, 0.00023546598095, 0.00082214793656, 0.00095081271138, -0.000777429202572, 0.0012286513811, -0.000979923992418, -0.00128991517704, 0.00192947499454, -0.00231083761901, 0.0033947925549, -0.00810485426337, 0.0143934851512]], "mean": [-695.620422363, 128.532333374, 21.3051261902, 20.1348896027, 12.7947216034, 18.2068576813, 5.24578714371, 13.1311445236, 4.832924366, 5.34138822556, -1.17474937439, 4.26896905899, 3.31714844704]}, "pitch_salience": {"dmean": 0.0507462583482, "dmean2": 0.0766019001603, "dvar": 0.00310468836688, "dvar2": 0.00681939581409, "max": 0.848644852638, "mean": 0.417298585176, "median": 0.39799374342, "min": 1.64605698956e-05, "var": 0.0215570051223}, "silence_rate_20dB": {"dmean": 0.00122333515901, "dmean2": 0.00244685728103, "dvar": 0.00122203980573, "dvar2": 0.00335914781317, "max": 1, "mean": 0.999235451221, "median": 1, "min": 0, "var": 0.000764083873946}, "silence_rate_30dB": {"dmean": 0.0633075907826, "dmean2": 0.12662486732, "dvar": 0.0593048781157, "dvar2": 0.117614552379, "max": 1, "mean": 0.840366959572, "median": 1, "min": 0, "var": 0.134165436029}, "silence_rate_60dB": {"dmean": 0.00168208579998, "dmean2": 0.00336442887783, "dvar": 0.00167919532396, "dvar2": 0.00396494101733, "max": 1, "mean": 0.1598623842, "median": 0, "min": 0, "var": 0.134319335222}, "spectral_centroid": {"dmean": 183.840789795, "dmean2": 241.778594971, "dvar": 87858.125, "dvar2": 140117.4375, "max": 11814.6523438, "mean": 1037.49890137, "median": 760.668823242, "min": 134.262619019, "var": 1680507.5}, "spectral_complexity": {"dmean": 2.94120335579, "dmean2": 4.1013917923, "dvar": 26.8163261414, "dvar2": 46.0099830627, "max": 58, "mean": 11.0493879318, "median": 10, "min": 0, "var": 78.9318389893}, "spectral_contrast_coeffs": {"dmean": [0.0350531861186, 0.0479380637407, 0.0430967845023, 0.0370396450162, 0.0303861834109, 0.0227586496621], "dmean2": [0.0574766583741, 0.07452172786, 0.0649990215898, 0.0548613369465, 0.0448730476201, 0.0353500023484], "dvar": [0.000982246827334, 0.00181949301623, 0.00159731647, 0.00111504772212, 0.000751465733629, 0.000551736506168], "dvar2": [0.00260779331438, 0.00421094801277, 0.00331147224642, 0.00224749743938, 0.00151073734742, 0.00130141968839], "max": [-0.387350589037, -0.37661382556, -0.400337040424, -0.441383451223, -0.493382364511, -0.549621522427], "mean": [-0.643976509571, -0.68089556694, -0.714917719364, -0.729920268059, -0.765299499035, -0.754996299744], "median": [-0.625392794609, -0.684019327164, -0.725605964661, -0.736978411674, -0.768976569176, -0.7588352561], "min": [-0.976645171642, -0.981546878815, -0.978157579899, -0.993515133858, -0.985261499882, -0.964448153973], "var": [0.00856190174818, 0.00757418340072, 0.00793650280684, 0.00651880307123, 0.00365890096873, 0.00241199368611]}, "spectral_contrast_valleys": {"dmean": [0.310893714428, 0.363003671169, 0.359776079655, 0.387167572975, 0.38674390316, 0.469486624002], "dmean2": [0.50854152441, 0.57675909996, 0.557428538799, 0.548173546791, 0.517077744007, 0.60072940588], "dvar": [0.0995529666543, 0.127208650112, 0.127300858498, 0.152770474553, 0.184962615371, 0.382346361876], "dvar2": [0.231264159083, 0.279048919678, 0.26399871707, 0.289969027042, 0.315229088068, 0.659404098988], "max": [-5.04423379898, -5.08499670029, -5.3116736412, -6.00055170059, -5.80010271072, -7.20833539963], "mean": [-7.61995458603, -7.90936470032, -8.35935783386, -9.03325366974, -9.0302324295, -11.1645860672], "median": [-6.7904176712, -7.4154920578, -8.01745128632, -8.76155662537, -8.7585144043, -10.6920909882], "min": [-28.217508316, -27.9313545227, -27.8901500702, -27.7044734955, -27.513885498, -27.4081687927], "var": [8.02757930756, 6.57005167007, 5.88017034531, 5.78928518295, 6.15674686432, 6.88084125519]}, "spectral_decrease": {"dmean": 3.94713950413e-09, "dmean2": 5.79340930784e-09, "dvar": 7.97573965545e-17, "dvar2": 1.9029563954e-16, "max": 1.38146449354e-28, "mean": -1.45051677336e-08, "median": -1.15447047477e-08, "min": -1.24749163888e-07, "var": 1.97608816127e-16}, "spectral_energy": {"dmean": 0.0152999516577, "dmean2": 0.0223950073123, "dvar": 0.0011697326554, "dvar2": 0.00277613126673, "max": 0.475760400295, "mean": 0.0566940270364, "median": 0.0456758216023, "min": 9.97475855707e-21, "var": 0.00295937014744}, "spectral_energyband_high": {"dmean": 0.000550490512978, "dmean2": 0.000677111034747, "dvar": 2.14532929022e-06, "dvar2": 3.3421677017e-06, "max": 0.0598460324109, "mean": 0.000914994860068, "median": 0.000118880125228, "min": 7.04867176365e-21, "var": 5.42217958355e-06}, "spectral_energyband_low": {"dmean": 0.0133708128706, "dmean2": 0.0200057122856, "dvar": 0.00110394437797, "dvar2": 0.00269022257999, "max": 0.465986400843, "mean": 0.0418208502233, "median": 0.0272935051471, "min": 1.35045903003e-23, "var": 0.00227402709424}, "spectral_energyband_middle_high": {"dmean": 0.00244957162067, "dmean2": 0.00327253481373, "dvar": 3.20858962368e-05, "dvar2": 5.71925265831e-05, "max": 0.221949547529, "mean": 0.00629630871117, "median": 0.00125909387134, "min": 1.15270849534e-21, "var": 0.000146529375343}, "spectral_energyband_middle_low": {"dmean": 0.0027008629404, "dmean2": 0.00401245150715, "dvar": 1.53240034706e-05, "dvar2": 3.38339777954e-05, "max": 0.0920220389962, "mean": 0.00906270090491, "median": 0.00712279276922, "min": 1.62062662979e-22, "var": 7.06311620888e-05}, "spectral_entropy": {"dmean": 0.218937620521, "dmean2": 0.290366113186, "dvar": 0.0653514117002, "dvar2": 0.106425076723, "max": 9.82492637634, "mean": 7.15921497345, "median": 7.07715129852, "min": 5.65149927139, "var": 0.394590318203}, "spectral_flux": {"dmean": 0.0297551527619, "dmean2": 0.0460266023874, "dvar": 0.00206555449404, "dvar2": 0.00454143481329, "max": 0.516952753067, "mean": 0.0710414797068, "median": 0.0511316284537, "min": 6.27166929501e-11, "var": 0.0049377027899}, "spectral_kurtosis": {"dmean": 2.22405433655, "dmean2": 3.56664705276, "dvar": 7.38200426102, "dvar2": 19.0158481598, "max": 33.3892097473, "mean": 4.56999826431, "median": 3.59682202339, "min": -1.26349401474, "var": 17.7380905151}, "spectral_rms": {"dmean": 0.000836786755826, "dmean2": 0.00117824051995, "dvar": 2.05576361623e-06, "dvar2": 4.41634347226e-06, "max": 0.0215442907065, "mean": 0.00644318992272, "median": 0.00667546037585, "min": 3.11953067544e-12, "var": 1.37966662805e-05}, "spectral_rolloff": {"dmean": 324.846435547, "dmean2": 519.299804688, "dvar": 737063.1875, "dvar2": 1382769, "max": 19616.7480469, "mean": 1104.5625, "median": 409.130859375, "min": 21.533203125, "var": 5388082.5}, "spectral_skewness": {"dmean": 0.279626578093, "dmean2": 0.415830850601, "dvar": 0.0760328322649, "dvar2": 0.170398026705, "max": 4.10810422897, "mean": 1.63890171051, "median": 1.64870285988, "min": -0.160084217787, "var": 0.356394141912}, "spectral_spread": {"dmean": 704889.5, "dmean2": 956334.4375, "dvar": 1289082241020.0, "dvar2": 2324452868100.0, "max": 49302520, "mean": 5551325.5, "median": 4604035, "min": 1088258.875, "var": 22758119440400.0}, "spectral_strongpeak": {"