{"lowlevel": {"average_loudness": 0.925480604172, "barkbands": {"dmean": [0.00145420862827, 0.00562539650127, 0.00225544744171, 0.00133668037597, 0.00170078512747, 0.00107973453123, 0.0011138280388, 0.00115759065375, 0.00188460119534, 0.00138183217496, 0.00103891512845, 0.000901778810658, 0.000898580474313, 0.000440295523731, 0.000330895738443, 0.000233810715145, 0.000154610504978, 9.30136666284e-05, 6.66801570333e-05, 4.29142164649e-05, 2.8034164643e-05, 1.40873517012e-05, 4.63768810732e-06, 2.48136916525e-06, 2.55516647485e-06, 5.06755986862e-06, 0.000472134619486], "dmean2": [0.00252374028787, 0.00954480562359, 0.00387550285086, 0.00227618427016, 0.00280224136077, 0.00174740271177, 0.00176577479579, 0.00181129598059, 0.00298428302631, 0.00222256523557, 0.0016430959804, 0.00140448228922, 0.00140926323365, 0.000707988569047, 0.000520558387507, 0.000365114596207, 0.000235548577621, 0.000137304290547, 9.79504693532e-05, 6.22993829893e-05, 3.84654158552e-05, 1.9469018298e-05, 6.83541657054e-06, 4.13285533796e-06, 4.25357029599e-06, 7.72124894866e-06, 0.000643335923087], "dvar": [5.8946302488e-06, 5.50810618734e-05, 9.70086512098e-06, 3.0556625461e-06, 6.48420336802e-06, 5.02153852722e-06, 7.45955821913e-06, 7.63497973821e-06, 1.65286892297e-05, 1.05073704617e-05, 6.43802695777e-06, 3.93928985432e-06, 2.85329178951e-06, 8.15428620626e-07, 4.07666476576e-07, 1.63734924286e-07, 7.01885767285e-08, 2.20066098677e-08, 1.10179696478e-08, 4.98593166753e-09, 1.74710423906e-09, 4.52910320359e-10, 5.17143342038e-11, 1.58794453281e-11, 1.53327957969e-11, 5.82779588476e-11, 4.99057080106e-07], "dvar2": [1.59714709298e-05, 0.000145386438817, 2.62014491454e-05, 7.97506800154e-06, 1.55876950885e-05, 1.23382596939e-05, 1.62899068528e-05, 1.68222013599e-05, 3.9464328438e-05, 2.6305544452e-05, 1.47164410009e-05, 8.43737961986e-06, 6.29920623396e-06, 1.99297073777e-06, 9.53683638727e-07, 3.98219924591e-07, 1.59332955718e-07, 4.87775260183e-08, 2.53953160723e-08, 1.15064366923e-08, 3.65251162648e-09, 9.14265219087e-10, 1.02233450872e-10, 3.93029289669e-11, 3.81727184584e-11, 1.22701057648e-10, 9.78986349764e-07], "max": [0.0392755158246, 0.1197707057, 0.0692834183574, 0.0385736301541, 0.0626258924603, 0.075300745666, 0.103390231729, 0.0831388384104, 0.103226780891, 0.0831065326929, 0.0849800482392, 0.0488391295075, 0.0395113229752, 0.021664172411, 0.0187823995948, 0.00799642875791, 0.00578998727724, 0.00516424095258, 0.0024964120239, 0.00271408818662, 0.00119922985323, 0.000529337849002, 0.000302301981719, 9.33955961955e-05, 6.27456829534e-05, 0.000367104745237, 0.0142950965092], "mean": [0.00143135897815, 0.00703449361026, 0.00266305613331, 0.00169473176356, 0.00266105867922, 0.00160488358233, 0.00165447371546, 0.00172125792596, 0.00293734995648, 0.00211796257645, 0.00157869386021, 0.0014037960209, 0.00147201120853, 0.000698033021763, 0.000587660644669, 0.000421400851337, 0.000283000583295, 0.000169314909726, 0.000119445932796, 7.98770051915e-05, 5.2210278227e-05, 2.59179523709e-05, 8.26314135338e-06, 2.82658925244e-06, 2.76036712421e-06, 8.52304401633e-06, 0.00121230771765], "median": [0.000641980965156, 0.00435811234638, 0.00152913026977, 0.00102500384673, 0.0016186068533, 0.000744321849197, 0.000625174201559, 0.000593802717049, 0.00129170983564, 0.000889453745913, 0.000585901434533, 0.000556638464332, 0.000683521386236, 0.000313856289722, 0.000266038201516, 0.000195319429622, 0.000119728865684, 8.34825041238e-05, 6.2647552113e-05, 4.00840654038e-05, 2.43635859078e-05, 1.13789574243e-05, 3.97880467062e-06, 1.4125122334e-06, 1.31868796416e-06, 4.7214184633e-06, 0.000581629923545], "min": [2.64332439033e-24, 4.37068226766e-24, 2.91043328448e-24, 3.08025827408e-25, 1.00430686482e-23, 1.34870018575e-23, 5.5763267881e-24, 1.31735456103e-23, 3.63630419863e-23, 3.30128412296e-23, 2.20999635033e-23, 1.96396372908e-23, 4.56242122156e-23, 3.15821504702e-23, 6.08645946968e-23, 1.17512885627e-22, 6.32058959981e-23, 1.20272952162e-22, 1.77814990944e-22, 2.00284324367e-22, 3.093271789e-22, 3.27485570492e-22, 4.6855904292e-22, 7.14334022196e-22, 7.78600462795e-22, 1.49070992248e-21, 1.93354397147e-21], "var": [5.24167444382e-06, 6.57441996736e-05, 1.26673767227e-05, 4.43767339675e-06, 1.41675927807e-05, 9.57748216024e-06, 1.45649773913e-05, 1.72260042746e-05, 3.04036620946e-05, 1.74931174115e-05, 1.3028153262e-05, 8.14684062789e-06, 6.28353700449e-06, 1.48774324771e-06, 9.65122467278e-07, 4.02731927807e-07, 1.94491462935e-07, 5.6628334022e-08, 2.46887008615e-08, 1.41631497641e-08, 4.90674256781e-09, 1.40259259762e-09, 2.1786930593e-10, 1.88600714907e-11, 1.71413282873e-11, 2.15209253196e-10, 2.44321631726e-06]}, "barkbands_crest": {"dmean": 2.98514986038, "dmean2": 4.99239778519, "dvar": 6.85711956024, "dvar2": 17.8414001465, "max": 25.3433132172, "mean": 8.72918796539, "median": 7.8255147934, "min": 2.60293030739, "var": 14.5657815933}, "barkbands_flatness_db": {"dmean": 0.024511674419, "dmean2": 0.0381346642971, "dvar": 0.000438330782345, "dvar2": 0.00104982499033, "max": 0.344915956259, "mean": 0.134626895189, "median": 0.130098089576, "min": 0.0247778687626, "var": 0.0014827089617}, "barkbands_kurtosis": {"dmean": 3.2577548027, "dmean2": 5.21787977219, "dvar": 31.1906890869, "dvar2": 76.2351379395, "max": 141.671539307, "mean": 5.13149690628, "median": 3.23283481598, "min": -1.76643908024, "var": 53.9305877686}, "barkbands_skewness": {"dmean": 0.550383806229, "dmean2": 0.862095177174, "dvar": 0.314946353436, "dvar2": 0.764719426632, "max": 9.52555179596, "mean": 1.64861047268, "median": 1.49917900562, "min": -2.12019324303, "var": 1.01354789734}, "barkbands_spread": {"dmean": 7.51442670822, "dmean2": 11.4088315964, "dvar": 52.914276123, "dvar2": 115.386650085, "max": 128.443618774, "mean": 28.3073120117, "median": 24.7444114685, "min": 1.44497942924, "var": 250.789825439}, "dissonance": {"dmean": 0.0233617220074, "dmean2": 0.0397513173521, "dvar": 0.000485047814436, "dvar2": 0.00133126717992, "max": 0.500000119209, "mean": 0.465395450592, "median": 0.472555726767, "min": 0.270142972469, "var": 0.00076191208791}, "dynamic_complexity": 2.5173895359, "erbbands": {"dmean": [0.206833183765, 1.19316935539, 2.55314874649, 3.2321896553, 6.30654430389, 5.11377191544, 6.31630516052, 9.57764339447, 16.5940170288, 16.5356578827, 30.3195610046, 42.3647460938, 42.3295822144, 41.0090789795, 38.4883880615, 35.8741149902, 40.1459350586, 23.1097431183, 16.8625411987, 14.9385700226, 12.437212944, 7.47445821762, 5.15176677704, 3.79412317276, 3.00871133804, 1.98701941967, 1.4776930809, 0.912237346172, 0.566708087921, 0.255421996117, 0.115318261087, 0.0588163100183, 0.0389175191522, 0.0276418402791, 0.0187624841928, 0.0120238335803, 0.0094450507313, 0.018169760704, 0.0203797984868, 0.0140933543444], "dmean2": [0.350638508797, 2.06104278564, 4.39745855331, 5.42130947113, 10.8462133408, 8.3356590271, 10.4531965256, 15.5165519714, 26.1467075348, 26.4850444794, 46.7804260254, 66.7833099365, 66.8606338501, 65.6907806396, 59.2967567444, 55.3875274658, 62.8196258545, 36.7847213745, 26.5097789764, 23.224319458, 19.021572113, 11.2441883087, 7.53172254562, 5.49656677246, 4.46498394012, 2.8675327301, 2.07703971863, 1.24518275261, 0.782163858414, 0.358082234859, 0.170763552189, 0.0952808260918, 0.0652592256665, 0.0461396537721, 0.0311727747321, 0.0198628064245, 0.0142500596121, 0.0232651345432, 0.0253638289869, 0.0189671367407], "dvar": [0.110014431179, 2.21146941185, 10.926609993, 18.9963035583, 65.9161758423, 105.53653717, 152.040802002, 468.550292969, 2047.25366211, 1248.11022949, 5255.31884766, 9243.37402344, 13638.0068359, 9391.89160156, 8549.23339844, 5776.13525391, 5768.83300781, 2332.30859375, 1179.41760254, 753.958007812, 462.749938965, 144.939727783, 68.1978302002, 32.2293701172, 26.5523586273, 11.0103225708, 4.88653469086, 2.01796030998, 0.730919539928, 0.150411501527, 0.0337959602475, 0.00849761907011, 0.00389020284638, 0.00185425544623, 0.000807129370514, 0.00031528796535, 0.000180909701157, 0.0007236074307, 0.000802749069408, 0.000330716080498], "dvar2": [0.288719028234, 5.9727973938, 29.60297966, 49.0445175171, 182.182312012, 221.531494141, 368.693572998, 1160.2010498, 4438.98095703, 2912.69042969, 11814.8945312, 21871.3320312, 33708.0273438, 24460.8144531, 17941.6113281, 12470.8476562, 12906.1992188, 5631.36474609, 2874.07543945, 1785.01330566, 1110.60046387, 339.269927979, 148.099349976, 71.4404449463, 63.4104270935, 25.7001419067, 10.8339128494, 4.18513822556, 1.48021876812, 0.286074340343, 0.0691407322884, 0.0205480307341, 0.00970989186317, 0.00462693022564, 0.00200494751334, 0.000777879555244, 0.000384692393709, 0.00123045512009, 0.00142130709719, 0.000583095650654], "max": [4.77148532867, 21.6093139648, 61.8207511902, 106.265167236, 150.21395874, 303.269165039, 474.342651367, 788.772155762, 1814.14904785, 1053.01123047, 2090.60424805, 2874.7644043, 3732.18725586, 3170.67236328, 4002.59082031, 2429.73266602, 1815.39111328, 1305.28417969, 1166.53527832, 676.151428223, 475.205963135, 233.355987549, 311.568695068, 125.000038147, 168.349258423, 121.364318848, 47.2100982666, 47.3010292053, 20.6999721527, 14.5851202011, 8.16405677795, 2.91196155548, 1.00429618359, 0.69781267643, 0.448846489191, 0.263127356768, 0.565218627453, 0.842073500156, 0.574187397957, 0.396772354841], "mean": [0.234481990337, 1.44429922104, 3.18656563759, 4.50066995621, 8.52030754089, 7.7149977684, 8.81498718262, 14.1864032745, 24.7284545898, 25.4633083344, 48.9914207458, 66.9643554688, 65.9934234619, 65.3092041016, 64.7976760864, 62.5294570923, 68.7542648315, 39.5462799072, 30.5209827423, 27.9118251801, 23.45079422, 14.8005104065, 9.99148845673, 7.15748500824, 5.46744585037, 3.72984266281, 2.72384572029, 1.69429731369, 1.03422534466, 0.487626969814, 0.200087428093, 0.0776566937566, 0.0416210852563, 0.0296054389328, 0.0205034743994, 0.0136900180951, 0.0160369966179, 0.0372916571796, 0.0458393245935, 0.0430301204324], "median": [0.112408071756, 0.916608393192, 1.97631919384, 2.83334255219, 5.33329200745, 4.21659946442, 4.2361907959, 6.44346427917, 8.93152999878, 10.7513389587, 19.9087581635, 30.1743812561, 27.472782135, 28.9316673279, 27.0956134796, 28.009262085, 33.1772918701, 19.61743927, 14.9574737549, 13.4763727188, 10.7930412292, 7.04655265808, 4.87047863007, 3.85503578186, 2.76356482506, 1.89534950256, 1.32100534439, 0.774042785168, 0.446089029312, 0.221856921911, 0.0994737148285, 0.0421402268112, 0.0189427454025, 0.0139229428023, 0.00996934622526, 0.0069437623024, 0.00930466502905, 0.016176238656, 0.0228024497628, 0.0288583151996], "min": [1.23833479014e-22, 1.08361952714e-21, 3.79891501265e-21, 8.29738167765e-21, 5.06025477907e-21, 3.56030555611e-20, 9.49923487957e-20, 1.64276996903e-19, 1.38880277351e-19, 3.50263245585e-19, 3.85683455457e-19, 8.09422285572e-19, 9.14519408108e-19, 5.52175215525e-19, 5.52479928184e-19, 9.92834800553e-19, 2.24032707885e-18, 1.70677604161e-18, 2.76990196228e-18, 4.83979984964e-18, 5.03773217611e-18, 4.10368851381e-18, 7.19220225007e-18, 8.36105477772e-18, 8.36303587529e-18, 9.5426930361e-18, 1.36861044173e-17, 1.44396932523e-17, 1.07873070361e-17, 1.30161212083e-17, 1.51218641404e-17, 1.37587929136e-17, 1.04871711682e-17, 8.48710800409e-18, 6.22514374157e-18, 4.24923301054e-18, 2.92938858823e-18, 1.069861549e-18, 2.78828082982e-19, 2.88215122443e-20], "var": [0.115230336785, 2.6144464016, 14.9365873337, 29.5597839355, 96.3319473267, 238.777420044, 288.813568115, 877.490905762, 3812.39160156, 2601.54174805, 11527.3691406, 16390.234375, 23639.1933594, 15166.6738281, 19998.2265625, 12868.4033203, 12920.9355469, 4379.89794922, 2573.60693359, 1745.73242188, 1194.01586914, 431.194702148, 195.736068726, 80.1363983154, 58.883895874, 30.9065856934, 13.1037111282, 5.58139657974, 2.23133468628, 0.650355577469, 0.115146413445, 0.0133163575083, 0.0042602494359, 0.00204043090343, 0.000914449105039, 0.000373859482352, 0.000559568405151, 0.00327009824105, 0.00316461641341, 0.00189628882799]}, "erbbands_crest": {"dmean": 3.11249232292, "dmean2": 5.02336978912, "dvar": 8.33516120911, "dvar2": 20.3646297455, "max": 32.3731689453, "mean": 9.80047893524, "median": 8.55145072937, "min": 2.39063954353, "var": 22.2337360382}, "erbbands_flatness_db": {"dmean": 0.0238749608397, "dmean2": 0.0360844954848, "dvar": 0.000379617675208, "dvar2": 0.000893891963642, "max": 0.34813195467, "mean": 0.167201802135, "median": 0.164551585913, "min": 0.0443348288536, "var": 0.00163031113334}, "erbbands_kurtosis": {"dmean": 1.1907813549, "dmean2": 1.90512561798, "dvar": 2.68523859978, "dvar2": 6.69872617722, "max": 40.3587417603, "mean": 1.2867975235, "median": 0.713256001472, "min": -1.48685204983, "var": 5.23368930817}, "erbbands_skewness": {"dmean": 0.3971747756, "dmean2": 0.617753565311, "dvar": 0.12046161294, "dvar2": 0.286636173725, "max": 4.299888134, "mean": 0.135977506638, "median": 0.0985338389874, "min": -3.13429617882, "var": 0.442943543196}, "erbbands_spread": {"dmean": 5.09454059601, "dmean2": 7.81006336212, "dvar": 21.8782100677, "dvar2": 49.0110473633, "max": 76.6382446289, "mean": 21.0965118408, "median": 19.3836021423, "min": 1.80909490585, "var": 94.5762023926}, "gfcc": {"cov": [[8175.27832031, 148.372833252, -715.534606934, -26.9066467285, 139.393798828, -313.27545166, 248.932022095, -182.919052124, 91.7828369141, -63.5368080139, -44.7146034241, 32.8948173523, -9.61789798737], [148.372833252, 645.719360352, 51.8949203491, -177.677581787, 38.4041404724, 6.57105398178, 22.1843509674, -13.1231336594, 25.029592514, -17.5003223419, 22.3947277069, -57.9453010559, 13.3486146927], [-715.534606934, 51.8949203491, 431.923706055, 81.0008392334, -65.558883667, 159.836898804, -131.140823364, 98.1003723145, -62.9323158264, 32.6854896545, 10.3130712509, -23.5926799774, 7.21110582352], [-26.9066467285, -177.677581787, 81.0008392334, 258.799102783, 61.3692626953, -39.3754310608, 33.8596382141, -25.9400882721, -8.91065597534, -2.21515130997, -9.88262367249, 38.086315155, -14.1507825851], [139.393798828, 38.4041404724, -65.558883667, 61.3692626953, 183.519790649, -21.3395900726, 52.0350761414, -67.8394088745, 13.8849563599, -23.7455463409, 11.1690502167, 15.0716562271, 9.62567901611], [-313.27545166, 6.57105398178, 159.836898804, -39.3754310608, -21.3395900726, 229.040740967, -79.2101593018, 84.8382644653, -59.2921638489, 16.5947666168, 9.19940567017, -27.5159740448, 21.1525878906], [248.932022095, 22.1843509674, -131.140823364, 33.8596382141, 52.0350761414, -79.2101593018, 192.125778198, -34.6620635986, 49.7001609802, -19.1635799408, -11.187877655, 24.9775753021, -24.3909091949], [-182.919052124, -13.1231336594, 98.1003723145, -25.9400882721, -67.8394088745, 84.8382644653, -34.6620635986, 153.478637695, 2.89827561378, 22.9581699371, -4.22249269485, -32.0666236877, 12.6121273041], [91.7828369141, 25.029592514, -62.9323158264, -8.91065597534, 13.8849563599, -59.2921638489, 49.7001609802, 2.89827561378, 104.407150269, 21.6840667725, -8.61171627045, 4.45784187317, -13.0034217834], [-63.5368080139, -17.5003223419, 32.6854896545, -2.21515130997, -23.7455463409, 16.5947666168, -19.1635799408, 22.9581699371, 21.6840667725, 67.9790039062, 30.9485816956, 1.4639852047, 1.52031457424], [-44.7146034241, 22.3947277069, 10.3130712509, -9.88262367249, 11.1690502167, 9.19940567017, -11.187877655, -4.22249269485, -8.61171627045, 30.9485816956, 68.597618103, 25.7805538177, 10.818778038], [32.8948173523, -57.9453010559, -23.5926799774, 38.086315155, 15.0716562271, -27.5159740448, 24.9775753021, -32.0666236877, 4.45784187317, 1.4639852047, 25.7805538177, 71.9058685303, 16.7316265106], [-9.61789798737, 13.3486146927, 7.21110582352, -14.1507825851, 9.62567901611, 21.1525878906, -24.3909091949, 12.6121273041, -13.0034217834, 1.52031457424, 10.818778038, 16.7316265106, 62.5784492493]], "icov": [[0.000151097614435, -0.000150057472638, 0.000369257060811, -0.000205135977012, 4.48669052275e-05, -1.44555542647e-05, 6.24488311587e-05, -6.01397587161e-05, 0.000116104565677, -0.00013872164709, 0.000172844811459, -9.55931973294e-05, 2.3912443794e-05], [-0.000150057472638, 0.00350035168231, -0.002960518701, 0.0033968698699, -0.00116737722419, 0.00112234672997, -0.002009088872, 0.00152152264491, -0.00158458959777, 0.00228213518858, -0.00281489663757, 0.00365514215082, -0.00182531483006], [0.000369257060811, -0.002960518701, 0.00786860100925, -0.0058244690299, 0.00244750548154, -0.00350732472725, 0.00376508943737, -0.00223183073103, 0.00137325783726, -0.00183601793833, 0.00117472105194, -0.00194257614203, 0.00183708849363], [-0.000205135977012, 0.0033968698699, -0.0058244690299, 0.0109671875834, -0.00551710976288, 0.00428541796282, -0.00288835656829, -0.000182552466867, 0.00228540459648, -0.00195769360289, 0.00300771323964, -0.00268258736469, 0.00142586324364], [4.48669052275e-05, -0.00116737722419, 0.00244750548154, -0.00551710976288, 0.0112501783296, -0.00403163069859, -0.000833289930597, 0.00486495299265, -0.00470088608563, 0.00570806348696, -0.0061359689571, 0.00468734651804, -0.00425463495776], [-1.44555542647e-05, 0.00112234672997, -0.00350732472725, 0.00428541796282, -0.00403163069859, 0.0099374698475, -0.000250271870755, -0.00399813009426, 0.00523627689108, -0.00304001453333, 0.00203731376678, -0.000565386319067, 6.17994955974e-05], [6.24488311587e-05, -0.002009088872, 0.00376508943737, -0.00288835656829, -0.000833289930597, -0.000250271870755, 0.00988810323179, -0.00241387728602, -0.0013513895683, 0.000467434671009, 0.00215189554729, -0.00508215092123, 0.004599083215], [-6.01397587161e-05, 0.00152152264491, -0.00223183073103, -0.000182552466867, 0.00486495299265, -0.00399813009426, -0.00241387728602, 0.0136009836569, -0.00571666751057, 0.00237278430723, -0.00392379239202, 0.00806262064725, -0.00591966323555], [0.000116104565677, -0.00158458959777, 0.00137325783726, 0.00228540459648, -0.00470088608563, 0.00523627689108, -0.0013513895683, -0.00571666751057, 0.0198325775564, -0.0133770583197, 0.0106311114505, -0.00706417066976, 0.00478983717039], [-0.00013872164709, 0.00228213518858, -0.00183601793833, -0.00195769360289, 0.00570806348696, -0.00304001453333, 0.000467434671009, 0.00237278430723, -0.0133770583197, 0.0311741735786, -0.0197017025203, 0.00892309006304, -0.00340239820071], [0.000172844811459, -0.00281489663757, 0.00117472105194, 0.00300771323964, -0.0061359689571, 0.00203731376678, 0.00215189554729, -0.00392379239202, 0.0106311114505, -0.0197017025203, 0.03258286044, -0.0170108433813, 0.0046593719162], [-9.55931973294e-05, 0.00365514215082, -0.00194257614203, -0.00268258736469, 0.00468734651804, -0.000565386319067, -0.00508215092123, 0.00806262064725, -0.00706417066976, 0.00892309006304, -0.0170108433813, 0.0310742631555, -0.0123649341986], [2.3912443794e-05, -0.00182531483006, 0.00183708849363, 0.00142586324364, -0.00425463495776, 6.17994955974e-05, 0.004599083215, -0.00591966323555, 0.00478983717039, -0.00340239820071, 0.0046593719162, -0.0123649341986, 0.023681325838]], "mean": [0.904968440533, 110.14515686, -96.3571243286, -19.8992118835, -6.00564718246, -16.3263950348, 7.90818548203, -16.2932319641, -0.803966581821, -9.81991958618, -6.43897438049, -7.05128717422, -5.39561223984]}, "hfc": {"dmean": 150.617767334, "dmean2": 232.412322998, "dvar": 31093.1972656, "dvar2": 74515.3359375, "max": 2449.10327148, "mean": 350.812774658, "median": 300.06072998, "min": 1.11309936323e-16, "var": 63347.1484375}, "melbands": {"dmean": [0.00168328871951, 0.00134977523703, 0.000621074286755, 0.0004001687048, 0.00021677625773, 0.000221229274757, 0.000242199399509, 0.000187997022294, 0.000283892120933, 0.000255938473856, 0.000212135666516, 0.00016987210256, 0.00013490190031, 0.000113653914013, 0.000109782296931, 6.1063830799e-05, 4.59918010165e-05, 2.95965219266e-05, 2.23470306082e-05, 1.83444317372e-05, 1.50604928422e-05, 8.57665054355e-06, 6.53390861771e-06, 4.32801016359e-06, 3.16977639159e-06, 2.76795572063e-06, 1.74583556145e-06, 1.31979891194e-06, 1.05377478121e-06, 7.54670168135e-07, 4.97802147947e-07, 3.74972330519e-07, 2.10155874925e-07, 1.26953011659e-07, 7.46945687524e-08, 4.68158987132e-08, 3.24301190346e-08, 2.75723603949e-08, 2.47893634509e-08, 2.27843823808e-08], "dmean2": [0.00284159323201, 0.00231129024178, 0.00104239210486, 0.000667408807203, 0.000355438358383, 0.000356989825377, 0.000380981509807, 0.000299419945804, 0.000436610978795, 0.000404147198424, 0.000336175580742, 0.000273420097074, 0.000211746330024, 0.000175458771992, 0.000171486783074, 9.63674756349e-05, 7.39831521059e-05, 4.70978702651e-05, 3.51405833499e-05, 2.86331069219e-05, 2.32351812883e-05, 1.31403676278e-05, 9.94197034743e-06, 6.46795433568e-06, 4.70382656204e-06, 4.21250524596e-06, 2.63987635662e-06, 1.96137762032e-06, 1.5427665403e-06, 1.07716459752e-06, 7.02793670371e-07, 5.34439038802e-07, 2.99907753742e-07, 1.84804861192e-07, 1.12211395731e-07, 7.3634261355e-08, 5.39129914046e-08, 4.63006308848e-08, 4.15018810429e-08, 3.79960454211e-08], "dvar": [5.98136330154e-06, 2.55784971159e-06, 5.7831863387e-07, 3.85753992305e-07, 1.65400066976e-07, 2.34245732145e-07, 3.91660336163e-07, 1.64954514048e-07, 4.27253269208e-07, 3.3128875998e-07, 3.36735581641e-07, 1.66940040458e-07, 1.11064551334e-07, 6.56798917475e-08, 4.01452524557e-08, 1.30744854943e-08, 9.8936308035e-09, 3.6459177899e-09, 1.92820537315e-09, 1.03364994342e-09, 6.78534783916e-10, 1.98889058001e-10, 1.34526403905e-10, 4.60922619516e-11, 2.39287374637e-11, 2.43439435277e-11, 9.25147632114e-12, 5.82441169947e-12, 2.59608892543e-12, 1.4505617844e-12, 6.20646600519e-13, 3.47618797896e-13, 1.18984520587e-13, 4.64274987541e-14, 1.9845206072e-14, 4.85151715419e-15, 2.7773786824e-15, 1.99207622579e-15, 1.53026814548e-15, 1.249272165e-15], "dvar2": [1.56660298671e-05, 6.89834860168e-06, 1.5203621615e-06, 9.47402327256e-07, 3.93215486838e-07, 5.74594764657e-07, 8.46469731641e-07, 3.77637206839e-07, 9.69464281297e-07, 7.95498976913e-07, 8.31563681913e-07, 4.33562121316e-07, 2.46605679877e-07, 1.35307743676e-07, 8.90627731565e-08, 3.02516411921e-08, 2.40896564918e-08, 8.99974583746e-09, 4.53032367176e-09, 2.50850495931e-09, 1.64293267879e-09, 4.67635041801e-10, 3.04042735433e-10, 1.06621031448e-10, 5.4817223677e-11, 5.87250525985e-11, 2.28686861115e-11, 1.43821595258e-11, 6.0102604317e-12, 3.23365878345e-12, 1.32592103529e-12, 7.48326205689e-13, 2.51697371712e-13, 9.68815414178e-14, 4.29433439221e-14, 1.15324365861e-14, 6.82910826955e-15, 4.96586279042e-15, 3.8253858665e-15, 3.11609911119e-15], "max": [0.0383466668427, 0.0251317415386, 0.0159309450537, 0.0171382054687, 0.0129476673901, 0.0169273987412, 0.0248128268868, 0.0147300297394, 0.0164327472448, 0.0176119152457, 0.018123621121, 0.0134773999453, 0.0118076130748, 0.00706639513373, 0.00570193678141, 0.00342373293824, 0.00269841775298, 0.00175313884392, 0.00161565258168, 0.000813781574834, 0.000526679039467, 0.000259160704445, 0.000345061445842, 0.000153119588504, 0.00010970725998, 0.000127888852148, 8.37988700368e-05, 9.18643927434e-05, 3.53576579073e-05, 4.48742721346e-05, 2.20719848585e-05, 1.41823520607e-05, 1.26819077195e-05, 8.74519992067e-06, 6.5611611717e-06, 1.87026853382e-06, 1.48885533235e-06, 7.57581744892e-07, 6.3559997443e-07, 5.71836380914e-07], "mean": [0.00208937516436, 0.00179827888496, 0.000928335182834, 0.000601106847171, 0.000312524731271, 0.000329954578774, 0.000370759196812, 0.000284914363874, 0.000453722663224, 0.000401100231102, 0.000320910243317, 0.000259347521933, 0.000213797640754, 0.00017898362421, 0.000185394877917, 0.000104124635982, 7.17184375389e-05, 4.84424635943e-05, 3.94107337343e-05, 3.32672134391e-05, 2.61456425505e-05, 1.56213136506e-05, 1.16420251288e-05, 7.61708406571e-06, 5.54244843443e-06, 4.62180923932e-06, 3.02529474538e-06, 2.33936930272e-06, 1.82174778729e-06, 1.30094019823e-06, 8.70032920375e-07, 6.39703500838e-07, 3.76399810875e-07, 2.25590511604e-07, 1.22960827298e-07, 6.84811638507e-08, 3.74447992613e-08, 2.88595689568e-08, 2.62073651669e-08, 2.43975240011e-08], "median": [0.001208757516, 0.00120451441035, 0.000646239786875, 0.000364634266589, 0.000153293280164, 0.000148250866914, 0.000139049836434, 0.000117330317153, 0.000176642439328, 0.00018179055769, 0.000125946113258, 0.000105803912447, 8.61244043335e-05, 6.62049133098e-05, 8.32966325106e-05, 5.34897844773e-05, 3.14685166813e-05, 2.20226793317e-05, 1.87897821888e-05, 1.50359592226e-05, 1.15160619316e-05, 7.17990042176e-06, 4.76105060443e-06, 3.83774749935e-06, 2.85783517029e-06, 2.25573717216e-06, 1.48221965901e-06, 1.14166573439e-06, 8.65532456373e-07, 5.72743488192e-07, 3.77292280973e-07, 2.65421988388e-07, 1.65995970747e-07, 9.99270781676e-08, 5.85570028022e-08, 3.66129668805e-08, 1.87386390849e-08, 1.27423618324e-08, 1.1934087496e-08, 1.14757492398e-08], "min": [1.50042547186e-24, 1.53249148437e-24, 1.48114669741e-24, 1.23471650999e-24, 3.58213059591e-24, 3.59348033218e-24, 2.08334970182e-24, 3.80000727261e-24, 3.50615934643e-24, 5.49787772652e-24, 4.36238108435e-24, 1.56558528402e-24, 2.34719803664e-24, 1.72101188577e-24, 3.51831924286e-24, 3.48765740276e-24, 2.81754806834e-24, 2.93962981545e-24, 5.58537462825e-24, 7.00387078143e-24, 4.56568907786e-24, 3.77056422262e-24, 5.70899031539e-24, 6.65012267456e-24, 6.44135024156e-24, 6.5644011043e-24, 4.72424183677e-24, 5.25429049519e-24, 8.49836618865e-24, 7.11331418798e-24, 7.11525241922e-24, 5.82915591936e-24, 6.33764422038e-24, 6.25650869299e-24, 8.02009007701e-24, 8.83092943591e-24, 7.54435488634e-24, 6.51892642855e-24, 6.72802190009e-24, 6.97828250025e-24], "var": [6.73851900501e-06, 3.60108197128e-06, 9.30555131617e-07, 7.21900050848e-07, 3.6601917941e-07, 4.5141115379e-07, 7.71270549649e-07, 3.52024358108e-07, 9.0352011739e-07, 5.74584930746e-07, 5.85257907915e-07, 2.6185449542e-07, 2.27492137128e-07, 1.45426028553e-07, 9.99552014491e-08, 2.58827430599e-08, 1.74185839086e-08, 7.20109705199e-09, 4.02762845297e-09, 2.47480191895e-09, 1.59608304351e-09, 5.13747877573e-10, 3.81671583227e-10, 1.0595203187e-10, 5.25221116598e-11, 4.54495538427e-11, 2.02580799358e-11, 1.42767490538e-11, 6.2966810585e-12, 3.46370241516e-12, 1.56754557251e-12, 8.90641727036e-13, 3.54959795281e-13, 1.80312335158e-13, 5.27567728815e-14, 9.96851815097e-15, 3.50415327993e-15, 2.17297324069e-15, 1.66094754155e-15, 1.37972053284e-15]}, "melbands_crest": {"dmean": 4.16779661179, "dmean2": 6.94483995438, "dvar": 12.672958374, "dvar2": 33.1674461365, "max": 36.2672691345, "mean": 12.9954509735, "median": 12.0423717499, "min": 1.14756703377, "var": 27.3234329224}, "melbands_flatness_db": {"dmean": 0.0325822718441, "dmean2": 0.0507616512477, "dvar": 0.000734140339773, "dvar2": 0.00175346515607, "max": 0.498081326485, "mean": 0.246562749147, "median": 0.24262855947, "min": 0.000152503780555, "var": 0.00291703944094}, "melbands_kurtosis": {"dmean": 4.02023458481, "dmean2": 6.54231071472, "dvar": 53.5630950928, "dvar2": 134.681472778, "max": 169.743637085, "mean": 4.94637537003, "median": 1.90313768387, "min": -1.81333267689, "var": 91.5602340698}, "melbands_skewness": {"dmean": 0.705713868141, "dmean2": 1.11411166191, "dvar": 0.446649998426, "dvar2": 1.09715402126, "max": 10.8012533188, "mean": 1.61624705791, "median": 1.37486743927, "min": -1.7633742094, "var": 1.61059308052}, "melbands_spread": {"dmean": 5.47734642029, "dmean2": 8.63842010498, "dvar": 25.5771026611, "dvar2": 60.534828186, "max": 178.167892456, "mean": 20.8933753967, "median": 19.4152336121, "min": 0.918620526791, "var": 163.260772705}, "mfcc": {"cov": [[5080.04199219, 167.018127441, -796.812927246, 312.940063477, -292.9737854, 95.6928024292, -116.904182434, 61.7762336731, 13.7826385498, -24.9845714569, -8.06898117065, -18.9956283569, 28.8474941254], [167.018127441, 794.18762207, -23.0126934052, -124.949798584, 11.283326149, -0.263175815344, 19.983833313, -13.3327617645, 10.8776092529, 24.6386146545, 22.3770236969, 1.87694895267, -0.614774107933], [-796.812927246, -23.0126934052, 541.414306641, -125.826377869, 134.220870972, -55.3090248108, 57.9465103149, -22.5244579315, 3.49583315849, 21.5536651611, 20.1895389557, 16.8109416962, -29.8787651062], [312.940063477, -124.949798584, -125.826377869, 360.410522461, -55.3132514954, 62.5244522095, -31.2588672638, 30.1377658844, -12.1867265701, -19.7775440216, -5.25280761719, -7.97659778595, 10.93446064], [-292.9737854, 11.283326149, 134.220870972, -55.3132514954, 204.033172607, 16.5279884338, 41.2594299316, -21.0897426605, -5.26702213287, -9.85569858551, -15.195848465, 4.18470811844, -3.52577424049], [95.6928024292, -0.263175815344, -55.3090248108, 62.5244522095, 16.5279884338, 125.65826416, 20.4126300812, 12.4246177673, -14.5465488434, -20.4861965179, -14.2093048096, -0.280768305063, 12.8589525223], [-116.904182434, 19.983833313, 57.9465103149, -31.2588672638, 41.2594299316, 20.4126300812, 115.036323547, 19.0029335022, -2.6169192791, -8.72280502319, -5.68885231018, 6.73280572891, 1.59923088551], [61.7762336731, -13.3327617645, -22.5244579315, 30.1377658844, -21.0897426605, 12.4246177673, 19.0029335022, 79.8928909302, 28.0231018066, 3.52752542496, -0.613219976425, -2.15481281281, -1.89567422867], [13.7826385498, 10.8776092529, 3.49583315849, -12.1867265701, -5.26702213287, -14.5465488434, -2.6169192791, 28.0231018066, 75.8269042969, 36.5845870972, 5.54345560074, -2.27224183083, -7.51282072067], [-24.9845714569, 24.6386146545, 21.5536651611, -19.7775440216, -9.85569858551, -20.4861965179, -8.72280502319, 3.52752542496, 36.5845870972, 74.3474807739, 33.78490448, -3.2590136528, -10.1566324234], [-8.06898117065, 22.3770236969, 20.1895389557, -5.25280761719, -15.195848465, -14.2093048096, -5.68885231018, -0.613219976425, 5.54345560074, 33.78490448, 64.4482803345, 24.5051212311, -6.95513105392], [-18.9956283569, 1.87694895267, 16.8109416962, -7.97659778595, 4.18470811844, -0.280768305063, 6.73280572891, -2.15481281281, -2.27224183083, -3.2590136528, 24.5051212311, 55.1184654236, 20.7701416016], [28.8474941254, -0.614774107933, -29.8787651062, 10.93446064, -3.52577424049, 12.8589525223, 1.59923088551, -1.89567422867, -7.51282072067, -10.1566324234, -6.95513105392, 20.7701416016, 53.0190811157]], "icov": [[0.000266828050371, -6.81924066157e-05, 0.000325890287058, -0.000110696921183, 0.000134082278237, -4.01670768042e-05, 5.81474632781e-05, -3.24993197864e-05, -7.34982531867e-05, 5.46152077732e-05, -8.8978686108e-06, -7.51441693865e-05, 0.00010457393364], [-6.81924066157e-05, 0.00140257389285, 0.00013488161494, 0.000569547817577, -8.39773201733e-05, -0.000232281381614, -0.000260616652668, 0.000245522300247, -0.000153701592353, -0.000123554782476, -0.000670151959639, 0.000376964861061, -0.00020172681252], [0.000325890287058, 0.00013488161494, 0.00309485453181, 0.000260101747699, -0.00138279853854, 0.0010410877876, -0.000912688439712, 0.000174551460077, 0.000266666524112, -0.000625949993264, -0.000267919764156, -0.00103989068884, 0.00149412348401], [-0.000110696921183, 0.000569547817577, 0.000260101747699, 0.00377204362303, 0.00041545330896, -0.00166996719781, 0.00100273580756, -0.00122614030261, 0.000469210848678, 0.000634051917586, -0.000922669714782, 0.000842316774651, -0.000469016318675], [0.000134082278237, -8.39773201733e-05, -0.00138279853854, 0.00041545330896, 0.00692070508376, -0.00167822954245, -0.00141387828626, 0.00202660821378, -0.000783220573794, 0.000313750613714, 0.00196149665862, -0.000857693899889, 0.000585916102864], [-4.01670768042e-05, -0.000232281381614, 0.0010410877876, -0.00166996719781, -0.00167822954245, 0.0104168178514, -0.0018780711107, -0.00131141080055, 0.00161550962366, 0.000469576887554, 0.000817866239231, -4.73790214528e-06, -0.00124998984393], [5.81474632781e-05, -0.000260616652668, -0.000912688439712, 0.00100273580756, -0.00141387828626, -0.0018780711107, 0.0112041328102, -0.00399951497093, 0.00139259407297, 0.000290193624096, 0.000890468130819, -0.00129708659369, 2.58257841779e-06], [-3.24993197864e-05, 0.000245522300247, 0.000174551460077, -0.00122614030261, 0.00202660821378, -0.00131141080055, -0.00399951497093, 0.0175653006881, -0.0082202218473, 0.00294321100228, -0.00146786135156, 0.00112436036579, 0.000339269638062], [-7.34982531867e-05, -0.000153701592353, 0.000266666524112, 0.000469210848678, -0.000783220573794, 0.00161550962366, 0.00139259407297, -0.0082202218473, 0.0226516462862, -0.0133136343211, 0.00727629475296, -0.00456898566335, 0.00271562277339], [5.46152077732e-05, -0.000123554782476, -0.000625949993264, 0.000634051917586, 0.000313750613714, 0.000469576887554, 0.000290193624096, 0.00294321100228, -0.0133136343211, 0.0285192802548, -0.0177028868347, 0.0106663340703, -0.00343525642529], [-8.8978686108e-06, -0.000670151959639, -0.000267919764156, -0.000922669714782, 0.00196149665862, 0.000817866239231, 0.000890468130819, -0.00146786135156, 0.00727629475296, -0.0177028868347, 0.0336456149817, -0.0196863915771, 0.00965469982475], [-7.51441693865e-05, 0.000376964861061, -0.00103989068884, 0.000842316774651, -0.000857693899889, -4.73790214528e-06, -0.00129708659369, 0.00112436036579, -0.00456898566335, 0.0106663340703, -0.0196863915771, 0.0336855128407, -0.0150739131495], [0.00010457393364, -0.00020172681252, 0.00149412348401, -0.000469016318675, 0.000585916102864, -0.00124998984393, 2.58257841779e-06, 0.000339269638062, 0.00271562277339, -0.00343525642529, 0.00965469982475, -0.0150739131495, 0.0269932448864]], "mean": [-665.483703613, 181.948486328, -28.761051178, 19.7568836212, -4.05900716782, 15.1316022873, 5.48460483551, 7.64321660995, 5.93840456009, 2.8651266098, 3.40422606468, 1.38079881668, 1.78019559383]}, "pitch_salience": {"dmean": 0.0797942951322, "dmean2": 0.129975184798, "dvar": 0.00448186136782, "dvar2": 0.0116618294269, "max": 0.991521537304, "mean": 0.562106728554, "median": 0.573715806007, "min": 0.126497149467, "var": 0.0109206205234}, "silence_rate_20dB": {"dmean": 0, "dmean2": 0, "dvar": 0, "dvar2": 0, "max": 1, "mean": 1, "median": 1, "min": 1, "var": 0}, "silence_rate_30dB": {"dmean": 0.0294096544385, "dmean2": 0.0588235296309, "dvar": 0.0285405293107, "dvar2": 0.0692880898714, "max": 1, "mean": 0.971524894238, "median": 1, "min": 0, "var": 0.0276698246598}, "silence_rate_60dB": {"dmean": 0.00143461732659, "dmean2": 0.00286944047548, "dvar": 0.00143245002255, "dvar2": 0.0030045278836, "max": 1, "mean": 0.01972457394, "median": 0, "min": 0, "var": 0.0193355213851}, "spectral_centroid": {"dmean": 170.811630249, "dmean2": 251.868255615, "dvar": 35298.7929688, "dvar2": 70933.078125, "max": 11573.5146484, "mean": 995.62097168, "median": 937.746337891, "min": 179.18421936, "var": 240981.15625}, "spectral_complexity": {"dmean": 3.59687256813, "dmean2": 5.01707315445, "dvar": 10.1593055725, "dvar2": 17.3405265808, "max": 52, "mean": 20.5043029785, "median": 20, "min": 0, "var": 67.8381729126}, "spectral_contrast_coeffs": {"dmean": [0.0563958846033, 0.0521044395864, 0.0422248914838, 0.0312917381525, 0.0223058238626, 0.0453776307404], "dmean2": [0.095015309751, 0.0856014713645, 0.069086894393, 0.0512996539474, 0.0357298739254, 0.0687534660101], "dvar": [0.00191495066974, 0.00166954821907, 0.00111520127393, 0.00058017950505, 0.00035617154208, 0.00154362374451], "dvar2": [0.00540057756007, 0.00450234860182, 0.00291316932999, 0.00156364124268, 0.000865839421749, 0.00350188533776], "max": [-0.370041429996, -0.438093006611, -0.494606584311, -0.616194963455, -0.619393825531, -0.446029752493], "mean": [-0.691651046276, -0.763926684856, -0.777381777763, -0.790765583515, -0.813121974468, -0.761257112026], "median": [-0.694550693035, -0.771898806095, -0.783455967903, -0.794299125671, -0.81653547287, -0.768208861351], "min": [-0.972341835499, -0.99422878027, -0.993631660938, -0.988390862942, -0.97587031126, -0.963002860546], "var": [0.00437076063827, 0.00455254781991, 0.00361780612729, 0.00203233049251, 0.00153896142729, 0.00523055251688]}, "spectral_contrast_valleys": {"dmean": [0.422774195671, 0.371712863445, 0.327690452337, 0.285447359085, 0.329381793737, 0.623725891113], "dmean2": [0.694083571434, 0.596129417419, 0.507743835449, 0.42134398222, 0.427324652672, 1.01313054562], "dvar": [0.119528777897, 0.0991531088948, 0.0825256481767, 0.0712016299367, 0.105626903474, 0.291466504335], "dvar2": [0.298258364201, 0.225557237864, 0.169457495213, 0.127372220159, 0.182397305965, 0.729533731937], "max": [-5.26507091522, -4.39739942551, -4.87070989609, -5.44253730774, -5.87770414352, -8.98400020599], "mean": [-6.79337930679, -6.33484554291, -6.59393310547, -7.18782711029, -7.78853797913, -11.1440858841], "median": [-6.66682243347, -6.21869754791, -6.45950889587, -7.06745243073, -7.65183258057, -11.0453205109], "min": [-27.9374027252, -27.7333278656, -27.7850456238, -27.4716510773, -27.4074325562, -27.3597888947], "var": [1.15384376049, 1.16675925255, 1.17241966724, 1.14047539234, 1.1974337101, 1.038615942]}, "spectral_decrease": {"dmean": 2.76735212523e-09, "dmean2": 4.56288784534e-09, "dvar": 8.78627193469e-18, "dvar2": 2.32615496697e-17, "max": 2.22506848502e-08, "mean": -4.24876223093e-09, "median": -3.20353654715e-09, "min": -3.61476217847e-08, "var": 1.99159167662e-17}, "spectral_energy": {"dmean": 0.0158566720784, "dmean2": 0.0235919207335, "dvar": 0.000252723082667, "dvar2": 0.000568055605981, "max": 0.198344171047, "mean": 0.0478556826711, "median": 0.0439736396074, "min": 1.02996838259e-20, "var": 0.000796864682343}, "spectral_energyband_high": {"dmean": 0.000355208932888, "dmean2": 0.000457415444544, "dvar": 2.47681242627e-07, "dvar2": 4.45560829121e-07, "max": 0.0113896187395, "mean": 0.000852932280395, "median": 0.000406102597481, "min": 7.16686004043e-21, "var": 1.24001155655e-06}, "spectral_energyband_low": {"dmean": 0.00758536206558, "dmean2": 0.0126187400892, "dvar": 8.38041305542e-05, "dvar2": 0.000216571395868, "max": 0.130851998925, "mean": 0.0115071153268, "median": 0.0082051185891, "min": 2.08961586065e-23, "var": 0.000119192969578}, "spectral_energyband_middle_high": {"dmean": 0.00319781340659, "dmean2": 0.00467194709927, "dvar": 2.23173319682e-05, "dvar2": 4.9718793889e-05, "max": 0.101104423404, "mean": 0.00838540028781, "median": 0.00549657084048, "min": 1.28475295614e-21, "var": 8.06511015981e-05}, "spectral_energyband_middle_low": {"dmean": 0.00548690138385, "dmean2": 0.00839500688016, "dvar": 4.90244492539e-05, "dvar2": 0.000115871545859, "max": 0.131249144673, "mean": 0.0131082739681, "median": 0.00995012372732, "min": 2.00088434427e-22, "var": 0.000139107971336}, "spectral_entropy": {"dmean": 0.176342651248, "dmean2": 0.258692055941, "dvar": 0.0248697865754, "dvar2": 0.053363841027, "max": 9.81475257874, "mean": 7.37552118301, "median": 7.40146255493, "min": 5.68168926239, "var": 0.106647714972}, "spectral_flux": {"dmean": 0.0285478178412, "dmean2": 0.0438183695078, "dvar": 0.000695249182172, "dvar2": 0.00146558415145, "max": 0.344026327133, "mean": 0.130630850792, "median": 0.128154754639, "min": 6.57240928348e-11, "var": 0.00218455609865}, "spectral_kurtosis": {"dmean": 6.32084131241, "dmean2": 9.79407596588, "dvar": 42.0019454956, "dvar2": 104.750038147, "max": 83.7162704468, "mean": 25.7081565857, "median": 23.7897987366, "min": -1.26182162762, "var": 96.7315368652}, "spectral_rms": {"dmean": 0.00112058350351, "dmean2": 0.00163463701028, "dvar": 9.85037218015e-07, "dvar2": 2.12395730159e-06, "max": 0.0139106614515, "mean": 0.00648977980018, "median": 0.0065498938784, "min": 3.16993263236e-12, "var": 4.57127225673e-06}, "spectral_rolloff": {"dmean": 2060.79199219, "dmean2": 3987.89257812, "dvar": 31316872, "dvar2": 82635728, "max": 22050, "mean": 19940.5175781, "median": 21813.1347656, "min": 64.599609375, "var": 31458134}, "spectral_skewness": {"dmean": 0.448731660843, "dmean2": 0.66547524929, "dvar": 0.180532738566, "dvar2": 0.430465817451, "max": 7.03477668762, "mean": 3.58285975456, "median": 3.47063398361, "min": -0.0397768877447, "var": 0.592694103718}, "spectral_spread": {"dmean": 485609.40625, "dmean2": 763511.5, "dvar": 324479221760, "dvar2": 720812769280, "max": 42249428, "mean": 3629540.5, "median": 3554909, "min": 1338972.375, "var": 19356986900