{"lowlevel": {"average_loudness": 0.913073658943, "barkbands": {"dmean": [3.83710494134e-06, 0.000546826398931, 0.000763556861784, 0.000746508361772, 0.00142263818998, 0.000628528883681, 0.000645500025712, 0.000800650857855, 0.00110002863221, 0.000922437990084, 0.000580223859288, 0.000645104970317, 0.000527580734342, 0.00075881741941, 0.00049417844275, 0.000485077907797, 0.000254632468568, 0.000203020696063, 0.000107955536805, 8.6867097707e-05, 8.67082198965e-05, 8.28864940559e-05, 5.97888574703e-05, 5.15197316417e-05, 8.05732342997e-05, 2.9338094464e-05, 7.17135480954e-06], "dmean2": [6.4533846853e-06, 0.00080649019219, 0.000874711782672, 0.0011810172582, 0.00236165034585, 0.00105033663567, 0.00107609503902, 0.00125734810717, 0.00170625024475, 0.0014404526446, 0.000853148114402, 0.00100953585934, 0.000775846536271, 0.00109950557817, 0.000750174862333, 0.000736445072107, 0.000386131141568, 0.000308156129904, 0.000168621831108, 0.000138333038194, 0.000133994879434, 0.000125071572256, 9.06150744413e-05, 8.01819769549e-05, 0.000124023295939, 4.36285990872e-05, 1.22708361232e-05], "dvar": [7.39213065759e-11, 1.30509306473e-06, 4.99568523082e-06, 9.78756179393e-06, 1.37054730658e-05, 1.84230771083e-06, 1.85226383564e-06, 2.78744482785e-06, 5.27173551745e-06, 2.63863512373e-06, 1.28984345338e-06, 1.40412157634e-06, 1.42845340179e-06, 3.12383167511e-06, 2.47093544203e-06, 1.1905917745e-06, 2.10902712183e-07, 1.17819624279e-07, 2.18677467245e-08, 1.44750362807e-08, 1.99006002788e-08, 2.03744079386e-08, 1.29939365934e-08, 1.2273121186e-08, 2.931015608e-08, 4.50584280998e-09, 4.91673313174e-10], "dvar2": [1.93580179664e-10, 2.85500664177e-06, 5.19094146512e-06, 2.11378428503e-05, 3.35241238645e-05, 4.80080962006e-06, 4.62116850031e-06, 6.01848478254e-06, 1.05761328086e-05, 6.07057972957e-06, 2.28989347306e-06, 3.27155134983e-06, 2.67061659542e-06, 6.38107667328e-06, 5.14925477546e-06, 2.50510152e-06, 4.31504076914e-07, 2.54628702123e-07, 4.77363677476e-08, 3.286349326e-08, 4.16747205634e-08, 4.11996836647e-08, 2.62143018404e-08, 2.82443259891e-08, 6.74388189736e-08, 9.8646317781e-09, 1.27730814814e-09], "max": [0.000158704599016, 0.0212930478156, 0.0551457107067, 0.0523888915777, 0.0474672317505, 0.0184055417776, 0.029501400888, 0.0320319980383, 0.0427289120853, 0.0363336727023, 0.040511123836, 0.0225416626781, 0.0275364741683, 0.029805727303, 0.0475630536675, 0.0259602405131, 0.0102138947695, 0.00646451348439, 0.00280158431269, 0.00149797729682, 0.00216504605487, 0.0020496614743, 0.00322599126957, 0.00213827262633, 0.00234065344557, 0.00142364774365, 0.000489500525873], "mean": [4.37998551206e-06, 0.00105664960574, 0.00145640340634, 0.000875350320712, 0.00145345402416, 0.000871307798661, 0.00090986705618, 0.00146020879038, 0.00246787653305, 0.00200524320826, 0.0012442356674, 0.00139993103221, 0.00103394768666, 0.0015425470192, 0.00127341144253, 0.000919021840673, 0.000521736161318, 0.00042742487858, 0.000242936483119, 0.00018296163762, 0.000188607009477, 0.000169518549228, 0.000122562822071, 9.3684589956e-05, 0.000145224490552, 4.7977817303e-05, 6.06359799349e-06], "median": [1.38463747135e-06, 0.000418442039518, 0.000136397924507, 0.000115386821562, 0.000351538357791, 0.000483692419948, 0.000303963606711, 0.000408690655604, 0.000645175750833, 0.000787286669947, 0.000411591609009, 0.000469730148325, 0.000251836318057, 0.00021522481984, 0.00014607977937, 0.000314145610901, 0.000251040561125, 0.000231245387113, 0.000161667383509, 0.00013071479043, 0.000123065285152, 9.7473806818e-05, 6.49775611237e-05, 4.77584253531e-05, 7.36891161068e-05, 2.00958093046e-05, 6.67815754696e-07], "min": [1.1100052331e-23, 3.70257766545e-23, 7.63920042183e-24, 1.38828648816e-23, 2.70300286166e-23, 6.04116686303e-23, 2.10716486035e-23, 5.39404280546e-23, 9.67563206911e-23, 3.15203069306e-23, 6.18929790164e-23, 7.28162476185e-23, 1.22316202881e-22, 8.13848926364e-23, 1.4767492554e-22, 1.69604450912e-22, 2.0977804448e-22, 2.40056583372e-22, 2.41706905629e-22, 3.10981060498e-22, 5.30837099654e-22, 4.82313747881e-22, 4.52782127738e-22, 1.02991327087e-21, 1.27943767447e-21, 1.69627157484e-21, 2.35951129078e-21], "var": [1.04573433246e-10, 2.58158911493e-06, 1.80760289368e-05, 1.40409028972e-05, 1.3843279703e-05, 1.8808106006e-06, 3.26809367834e-06, 9.42735914577e-06, 2.7165051506e-05, 1.14298572953e-05, 8.68506685947e-06, 5.51359971723e-06, 4.95018730362e-06, 1.18202733574e-05, 1.62532614922e-05, 3.59666023542e-06, 6.03291823609e-07, 3.62621847216e-07, 6.72268427593e-08, 3.21644115786e-08, 4.63145717333e-08, 4.39722818157e-08, 2.84473902212e-08, 1.846075115e-08, 4.47464323372e-08, 6.87938461752e-09, 4.08840877819e-10]}, "barkbands_crest": {"dmean": 2.22422981262, "dmean2": 3.44649982452, "dvar": 4.10097646713, "dvar2": 8.75876140594, "max": 23.7489814758, "mean": 9.20494651794, "median": 8.42439365387, "min": 2.20265007019, "var": 16.9231109619}, "barkbands_flatness_db": {"dmean": 0.0173307321966, "dmean2": 0.0248705223203, "dvar": 0.00031067620148, "dvar2": 0.000577377213631, "max": 0.29006499052, "mean": 0.110318921506, "median": 0.10556384176, "min": 0.0265408176929, "var": 0.00203091022559}, "barkbands_kurtosis": {"dmean": 1.46491515636, "dmean2": 2.29281926155, "dvar": 9.51339626312, "dvar2": 21.95819664, "max": 96.1109771729, "mean": 1.92543077469, "median": 0.469897061586, "min": -1.80883276463, "var": 26.9362564087}, "barkbands_skewness": {"dmean": 0.406073242426, "dmean2": 0.612940430641, "dvar": 0.18131685257, "dvar2": 0.388573735952, "max": 8.14475440979, "mean": 0.756005346775, "median": 0.600490808487, "min": -1.96166086197, "var": 1.06731557846}, "barkbands_spread": {"dmean": 5.10756969452, "dmean2": 7.65229701996, "dvar": 35.0148620605, "dvar2": 75.83177948, "max": 117.9584198, "mean": 23.2193088531, "median": 21.719039917, "min": 1.83139634132, "var": 149.834564209}, "dissonance": {"dmean": 0.0201408769935, "dmean2": 0.0342491604388, "dvar": 0.000362898572348, "dvar2": 0.00102487683762, "max": 0.5, "mean": 0.465927779675, "median": 0.471436083317, "min": 0.296620219946, "var": 0.000610493705608}, "dynamic_complexity": 3.55492281914, "erbbands": {"dmean": [0.00896964129061, 0.156973496079, 0.834609150887, 1.32245159149, 4.8620724678, 4.39860868454, 4.17179918289, 5.51620912552, 9.44340610504, 8.36287403107, 21.8078975677, 25.5517406464, 19.3593616486, 39.3136711121, 18.9527263641, 28.0191879272, 22.090051651, 36.4691047668, 28.3381614685, 18.5356254578, 23.3869972229, 13.7636537552, 10.7720546722, 5.9387178421, 4.79145669937, 3.82377004623, 5.04994869232, 2.59129095078, 3.36956048012, 2.11919474602, 1.45437979698, 1.04756474495, 0.964352250099, 0.989640235901, 0.497971653938, 0.156889796257, 0.0491092354059, 0.00850854348391, 0.00199471088126, 6.84012265992e-05], "dmean2": [0.0138761298731, 0.221771106124, 0.976642668247, 1.92897260189, 7.83660697937, 7.67004060745, 7.04185247421, 9.24561214447, 16.1199951172, 13.5073423386, 33.8966369629, 39.1098823547, 30.5864124298, 58.3666267395, 27.9219322205, 43.2142868042, 32.0874023438, 51.3991355896, 40.71144104, 25.9247093201, 36.5001144409, 20.603849411, 16.2734622955, 8.97464942932, 7.46649360657, 6.03355884552, 7.95918512344, 3.91269207001, 5.17541313171, 3.18964648247, 2.21547031403, 1.63565123081, 1.50784349442, 1.54925131798, 0.773122727871, 0.237120136619, 0.0741174519062, 0.0129837850109, 0.00341105856933, 0.000117025636428], "dvar": [0.000430668704212, 0.100206263363, 5.32035589218, 17.5411510468, 237.168411255, 123.683677673, 131.866973877, 152.547927856, 411.588439941, 378.206665039, 2148.7421875, 3481.18774414, 1481.49902344, 5861.30126953, 1455.75952148, 2740.76342773, 2920.9855957, 6833.48486328, 7998.41162109, 3116.94287109, 2517.03198242, 633.583984375, 339.689239502, 80.8546600342, 41.5743598938, 28.2342472076, 63.2011451721, 18.4120082855, 34.2860031128, 14.8236494064, 8.06652355194, 4.5621919632, 4.39354276657, 4.47434711456, 1.17368733883, 0.117004573345, 0.0137666473165, 0.00044560659444, 3.48793255398e-05, 5.73936773662e-08], "dvar2": [0.00100794935133, 0.199715733528, 5.76921749115, 36.8004798889, 503.887023926, 342.44442749, 358.320556641, 403.793304443, 1123.8828125, 783.289550781, 4763.42529297, 6922.64257813, 3167.8605957, 11851.3466797, 2794.78344727, 6205.07324219, 5254.51513672, 13779.9560547, 15917.8574219, 5984.46630859, 5911.45800781, 1303.76904297, 752.899902344, 162.734481812, 95.7941131592, 62.8529090881, 140.044998169, 36.6026535034, 72.1099243164, 29.780380249, 16.2280235291, 10.3745126724, 10.0767154694, 10.4554100037, 2.70858931541, 0.260148227215, 0.0308055337518, 0.00103024218697, 8.87052665348e-05, 1.55070196683e-07], "max": [0.382457375526, 5.44599676132, 55.1799354553, 69.6964035034, 270.579681396, 152.485809326, 201.22442627, 177.234771729, 269.608123779, 804.880493164, 903.086486816, 1315.87561035, 956.186767578, 1663.03588867, 1364.64990234, 991.658508301, 1544.10620117, 1669.86437988, 2642.25805664, 1715.14233398, 910.588317871, 576.382873535, 402.418457031, 226.346252441, 98.0263824463, 67.0990982056, 123.133422852, 59.7132759094, 83.4134750366, 100.450828552, 79.6621704102, 33.2415542603, 39.1713142395, 27.744102478, 15.9690065384, 6.51714897156, 2.15300250053, 0.434815585613, 0.115211099386, 0.00494462670758], "mean": [0.0156959127635, 0.311932533979, 1.61129760742, 1.96042335033, 5.09213018417, 4.17656850815, 5.31368780136, 7.29427528381, 12.5532407761, 14.1480531693, 43.351020813, 58.905090332, 43.9109840393, 89.8039855957, 43.0988883972, 63.2627754211, 55.981678009, 88.2085723877, 73.0763778687, 45.1417617798, 45.0139884949, 31.5763339996, 24.2418022156, 14.1152410507, 11.1260156631, 8.56004619598, 10.2704896927, 5.70334100723, 6.61589050293, 4.4758439064, 2.97665834427, 1.94648337364, 1.72636437416, 1.7596899271, 0.862896561623, 0.260941058397, 0.0776675716043, 0.0128578022122, 0.00169399904553, 7.92174905655e-05], "median": [0.00516985869035, 0.130904823542, 0.282605528831, 0.427552223206, 0.705227136612, 1.13955760002, 2.40077781677, 3.76017475128, 4.71497344971, 4.99978923798, 12.9573001862, 15.1777248383, 17.7822723389, 32.0851249695, 19.2828102112, 24.2347831726, 21.2597351074, 19.9206237793, 11.3899211884, 11.5570812225, 19.1794471741, 16.3800354004, 13.8187627792, 8.96812534332, 8.05360412598, 6.20581150055, 6.51336717606, 3.59650230408, 3.77904176712, 2.48038387299, 1.5894317627, 1.02371227741, 0.854148626328, 0.90053665638, 0.413776099682, 0.11183090508, 0.0322325974703, 0.00541946850717, 0.000150335981743, 3.66802923963e-05], "min": [1.21821399029e-21, 7.37565205926e-21, 1.20581510625e-20, 1.90416960854e-20, 8.65480819748e-20, 8.99096858231e-20, 1.76055260419e-19, 6.7367352015e-19, 4.03772370339e-19, 5.5224201036e-19, 1.51910427026e-18, 2.50056306264e-18, 7.77395920206e-19, 1.52417333645e-18, 2.32825720514e-18, 3.78003962349e-18, 5.70869518049e-18, 4.75824232279e-18, 8.17489447214e-18, 6.05707098086e-18, 1.06733198933e-17, 1.37811648405e-17, 1.34315371022e-17, 1.1427594461e-17, 1.30624325693e-17, 1.67323947192e-17, 1.92546206081e-17, 2.26418904749e-17, 1.72941066034e-17, 1.34209144488e-17, 1.27741584715e-17, 1.74132785142e-17, 1.75985520822e-17, 1.33558748916e-17, 1.03727489285e-17, 6.029997773e-18, 3.67856772338e-18, 1.05922297235e-18, 3.49855057802e-19, 3.63444452657e-20], "var": [0.000755286891945, 0.222363308072, 18.3081417084, 28.8725376129, 303.802856445, 97.7692871094, 110.50214386, 148.383285522, 491.492767334, 1341.97265625, 8113.81640625, 19853, 7376.57275391, 26618.203125, 8318.43652344, 11123.1972656, 12301.8681641, 35563.5742188, 44513.3164063, 11532.4707031, 6020.87939453, 1918.89880371, 1053.14770508, 294.797515869, 111.337310791, 66.3598022461, 133.212921143, 42.3770103455, 69.4121932983, 34.9927825928, 16.8572120667, 7.30012226105, 6.5917840004, 6.55351161957, 1.73064768314, 0.183933779597, 0.0190698429942, 0.000573254656047, 3.05497087538e-05, 4.3031779029e-08]}, "erbbands_crest": {"dmean": 2.84916257858, "dmean2": 4.4237165451, "dvar": 6.88147592545, "dvar2": 15.3110809326, "max": 28.2513237, "mean": 11.208864212, "median": 10.2876567841, "min": 2.56932592392, "var": 29.0876541138}, "erbbands_flatness_db": {"dmean": 0.0184974446893, "dmean2": 0.0261012613773, "dvar": 0.00038292145473, "dvar2": 0.000673139933497, "max": 0.314097732306, "mean": 0.165896236897, "median": 0.16289845109, "min": 0.0569131933153, "var": 0.00229840818793}, "erbbands_kurtosis": {"dmean": 0.901901602745, "dmean2": 1.39280450344, "dvar": 1.11643743515, "dvar2": 2.49630856514, "max": 14.9086418152, "mean": 1.2467468977, "median": 0.525120735168, "min": -1.69407486916, "var": 4.94399881363}, "erbbands_skewness": {"dmean": 0.314110308886, "dmean2": 0.483999818563, "dvar": 0.0782086849213, "dvar2": 0.179328218102, "max": 3.55766868591, "mean": 0.496439129114, "median": 0.475059986115, "min": -1.87001955509, "var": 0.471207201481}, "erbbands_spread": {"dmean": 6.34615802765, "dmean2": 9.40950012207, "dvar": 60.580783844, "dvar2": 126.422142029, "max": 128.882415771, "mean": 28.341627121, "median": 24.773891449, "min": 4.73433685303, "var": 273.750244141}, "gfcc": {"cov": [[8110.11132813, -416.494140625, -438.361968994, -61.8900909424, -177.897445679, 24.9577636719, -186.89654541, -1.96134209633, -51.9885940552, -85.0805358887, -143.004165649, -5.0786151886, 5.33668756485], [-416.494140625, 982.81036377, 36.2844009399, 88.2052154541, 163.103607178, -49.2883224487, 37.7034111023, -26.1193637848, 34.8884658813, -48.0204925537, 61.001209259, -91.3644256592, -38.3844184875], [-438.361968994, 36.2844009399, 601.734130859, 280.898895264, -17.6748027802, -63.658416748, 12.2743291855, -12.3846273422, 28.1028232574, 19.8666286469, -5.09224176407, -16.4726371765, -33.4464645386], [-61.8900909424, 88.2052154541, 280.898895264, 329.78817749, 86.5230712891, 42.2511634827, 32.7507553101, 60.843875885, 57.2634544373, 40.7807846069, -7.27579784393, -4.70870447159, -12.6293230057], [-177.897445679, 163.103607178, -17.6748027802, 86.5230712891, 267.130401611, 169.349777222, 90.2203598022, 57.4561347961, 63.4430961609, 31.437669754, 24.3042068481, -14.8827486038, 13.5110254288], [24.9577636719, -49.2883224487, -63.658416748, 42.2511634827, 169.349777222, 283.297149658, 139.908096313, 72.3146820068, 13.2784471512, 67.3986968994, 40.9474639893, 22.7887935638, 1.68310892582], [-186.89654541, 37.7034111023, 12.2743291855, 32.7507553101, 90.2203598022, 139.908096313, 167.167312622, 76.5358734131, 15.7660045624, 35.3105125427, 53.8351287842, 17.109331131, -14.5986022949], [-1.96134209633, -26.1193637848, -12.3846273422, 60.843875885, 57.4561347961, 72.3146820068, 76.5358734131, 153.921569824, 83.2488327026, 37.9487876892, -7.6529135704, 26.4286346436, 9.67441082001], [-51.9885940552, 34.8884658813, 28.1028232574, 57.2634544373, 63.4430961609, 13.2784471512, 15.7660045624, 83.2488327026, 125.373214722, 47.2824134827, -19.3995342255, -11.0166339874, 15.2056999207], [-85.0805358887, -48.0204925537, 19.8666286469, 40.7807846069, 31.437669754, 67.3986968994, 35.3105125427, 37.9487876892, 47.2824134827, 109.079040527, 44.625125885, 13.2492589951, -8.09115028381], [-143.004165649, 61.001209259, -5.09224176407, -7.27579784393, 24.3042068481, 40.9474639893, 53.8351287842, -7.6529135704, -19.3995342255, 44.625125885, 103.653282166, 34.7987136841, -8.68692016602], [-5.0786151886, -91.3644256592, -16.4726371765, -4.70870447159, -14.8827486038, 22.7887935638, 17.109331131, 26.4286346436, -11.0166339874, 13.2492589951, 34.7987136841, 105.399894714, 41.8779449463], [5.33668756485, -38.3844184875, -33.4464645386, -12.6293230057, 13.5110254288, 1.68310892582, -14.5986022949, 9.67441082001, 15.2056999207, -8.09115028381, -8.68692016602, 41.8779449463, 74.1940765381]], "icov": [[0.000145035184687, 4.29519750469e-05, 0.000169125793036, -0.000183331576409, 0.000213121209526, -0.000236368141486, 0.000235439962125, 5.00910573464e-06, -0.000135730719194, 0.000258144456893, -4.75040833408e-05, 3.32224590238e-05, 0.000100703196949], [4.29519750469e-05, 0.00180017494131, 0.000408911437262, -0.000790572958067, -0.00114278378896, 0.00108869629912, -0.000352657050826, 0.00040257780347, -0.00102040800266, 0.00198829500005, -0.00250380230136, 0.00148881645873, 0.000331983115757], [0.000169125793036, 0.000408911437262, 0.00396955013275, -0.0039165681228, 0.00097638531588, 0.00128111022059, -0.00227338355035, 0.00294824270532, -0.00171897036489, 0.000440308096586, 0.000279693311313, -0.000404025195166, 0.000944661558606], [-0.000183331576409, -0.000790572958067, -0.0039165681228, 0.00772369932383, -0.0024506538175, -0.000413049769122, 0.00197907653637, -0.00365673750639, 0.00208195927553, -0.00258521549404, 0.00183864089195, -0.000875963422004, 0.000476287124911], [0.000213121209526, -0.00114278378896, 0.00097638531588, -0.0024506538175, 0.0113781839609, -0.00777916470543, 0.000523362949025, 0.00211468152702, -0.00694257486612, 0.00490612909198, -0.00331793446094, 0.00247418018989, -0.00247896974906], [-0.000236368141486, 0.00108869629912, 0.00128111022059, -0.000413049769122, -0.00777916470543, 0.0139456773177, -0.00819293502718, -0.000469193939352, 0.00716398376971, -0.00834316946566, 0.00488253636286, -0.00116240477655, -0.000513480976224], [0.000235439962125, -0.000352657050826, -0.00227338355035, 0.00197907653637, 0.000523362949025, -0.00819293502718, 0.0188528820872, -0.00949526764452, 0.000852500379551, 0.00520815746859, -0.00951135344803, 0.00234137731604, 0.0021089380607], [5.00910573464e-06, 0.00040257780347, 0.00294824270532, -0.00365673750639, 0.00211468152702, -0.000469193939352, -0.00949526764452, 0.0206305719912, -0.0133537640795, 0.0012806400191, 0.00556727359071, -0.00745764607564, 0.00371933472343], [-0.000135730719194, -0.00102040800266, -0.00171897036489, 0.00208195927553, -0.00694257486612, 0.00716398376971, 0.000852500379551, -0.0133537640795, 0.0271032918245, -0.0148313576356, 0.00714395940304, 0.00470097595826, -0.00691699422896], [0.000258144456893, 0.00198829500005, 0.000440308096586, -0.00258521549404, 0.00490612909198, -0.00834316946566, 0.00520815746859, 0.0012806400191, -0.0148313576356, 0.0255844406784, -0.0155138755217, 0.0018230372807, 0.0039064171724], [-4.75040833408e-05, -0.00250380230136, 0.000279693311313, 0.00183864089195, -0.00331793446094, 0.00488253636286, -0.00951135344803, 0.00556727359071, 0.00714395940304, -0.0155138755217, 0.0274330917746, -0.0111260209233, 0.00337911536917], [3.32224590238e-05, 0.00148881645873, -0.000404025195166, -0.000875963422004, 0.00247418018989, -0.00116240477655, 0.00234137731604, -0.00745764607564, 0.00470097595826, 0.0018230372807, -0.0111260209233, 0.0218511987478, -0.0129554057494], [0.000100703196949, 0.000331983115757, 0.000944661558606, 0.000476287124911, -0.00247896974906, -0.000513480976224, 0.0021089380607, 0.00371933472343, -0.00691699422896, 0.0039064171724, 0.00337911536917, -0.0129554057494, 0.0240944325924]], "mean": [6.68478631973, 58.5037879944, -133.810836792, 12.3273935318, -61.875377655, 17.6067428589, -36.7439079285, 14.3185625076, -27.8613529205, 4.40969753265, -20.7775287628, 2.33361244202, -11.9052667618]}, "hfc": {"dmean": 6.55101680756, "dmean2": 8.96674633026, "dvar": 78.5952758789, "dvar2": 145.896392822, "max": 139.058044434, "mean": 26.5397644043, "median": 21.693775177, "min": 1.16848883288e-16, "var": 438.72744751}, "melbands": {"dmean": [0.000117966148537, 0.000347365217749, 0.000360578676919, 0.000341757113347, 0.000146920749103, 0.000128237836179, 0.000137301190989, 9.30415699258e-05, 0.000194191205082, 0.00016035704175, 9.43798877415e-05, 0.000161115181982, 6.91725581419e-05, 7.40508185118e-05, 5.7559722336e-05, 6.13036463619e-05, 7.01443132129e-05, 4.77698049508e-05, 3.38593999913e-05, 2.80751155515e-05, 3.09473580273e-05, 1.54161807586e-05, 1.53877590492e-05, 7.21109927326e-06, 5.10003656018e-06, 4.40264375356e-06, 3.0200267247e-06, 2.55606164501e-06, 4.19928528572e-06, 2.13987186726e-06, 1.54858946644e-06, 2.15294517147e-06, 1.31674835302e-06, 1.33012451897e-06, 9.64368837231e-07, 7.21896299183e-07, 6.88691500272e-07, 6.58433577883e-07, 7.93064941718e-07, 9.19523984066e-07], "dmean2": [0.000176151268533, 0.000421318749432, 0.000542107387446, 0.000571993121412, 0.000249605858698, 0.000214855346712, 0.000232276215684, 0.000149801606312, 0.000299226056086, 0.000247269665124, 0.000149644794874, 0.000240279201535, 0.000100015924545, 0.000114927141112, 8.47559931572e-05, 8.73562821653e-05, 9.86019222182e-05, 6.88215222908e-05, 4.81158713228e-05, 4.06271719839e-05, 4.95556487294e-05, 2.30531823036e-05, 2.37626354647e-05, 1.10755245259e-05, 7.80421032687e-06, 7.03970499671e-06, 4.78344509247e-06, 4.10029133491e-06, 6.77837442709e-06, 3.36586049343e-06, 2.41128600464e-06, 3.31913793161e-06, 2.01492366614e-06, 2.05458127311e-06, 1.49207482991e-06, 1.13928308565e-06, 1.11127201308e-06, 1.04814193946e-06, 1.25757139813e-06, 1.46833065173e-06], "dvar": [6.54831282532e-08, 7.41468682008e-07, 1.53110033807e-06, 7.62085562656e-07, 1.76316973466e-07, 8.00900892273e-08, 8.17119314434e-08, 3.94359780387e-08, 1.66876546359e-07, 1.33422432214e-07, 3.6451506702e-08, 9.82421397566e-08, 2.1339420897e-08, 1.84128481351e-08, 1.41676208543e-08, 1.72524909914e-08, 2.82282357489e-08, 2.59958650162e-08, 1.04613695484e-08, 6.6443508473e-09, 4.8616803916e-09, 8.96213214752e-10, 8.61743398861e-10, 1.39249584086e-10, 6.33144023321e-11, 3.81768019975e-11, 1.61604011423e-11, 1.28317781747e-11, 4.44342097838e-11, 1.02489830858e-11, 7.15072749277e-12, 1.35919704311e-11, 5.48611763657e-12, 6.09656249095e-12, 3.52108489934e-12, 2.01528442371e-12, 2.02173889609e-12, 2.15444936197e-12, 2.66447974795e-12, 3.82313278258e-12], "dvar2": [1.45869606172e-07, 8.43167640596e-07, 3.22815571963e-06, 1.78960010544e-06, 4.8257987828e-07, 2.1177454812e-07, 2.18772044036e-07, 8.4593366978e-08, 3.69064508732e-07, 2.65716124659e-07, 7.77267459284e-08, 2.01172966285e-07, 3.60711034375e-08, 4.3824186946e-08, 2.96691222701e-08, 3.23553628334e-08, 5.42563149963e-08, 5.20951353167e-08, 1.924144577e-08, 1.28430910351e-08, 1.19466596615e-08, 1.78005765683e-09, 2.0462371797e-09, 3.14441861438e-10, 1.30002231202e-10, 9.05835476073e-11, 3.71744440786e-11, 2.97940214167e-11, 1.03380956573e-10, 2.26725149072e-11, 1.52396203296e-11, 2.90028764893e-11, 1.13808502553e-11, 1.31490877214e-11, 7.40768384133e-12, 4.4704639296e-12, 4.79318451249e-12, 5.06997525559e-12, 6.17929709137e-12, 9.05231445358e-12], "max": [0.00491247093305, 0.0201478116214, 0.0218153540045, 0.0108716925606, 0.00748093426228, 0.00381387653761, 0.00360842933878, 0.00754761276767, 0.00748364208266, 0.00775471935049, 0.00465491786599, 0.00689031928778, 0.00608161091805, 0.0027705708053, 0.00266890903004, 0.00292904279195, 0.00380625412799, 0.00364983803593, 0.00278437766246, 0.00206642481498, 0.00139649200719, 0.000746982172132, 0.000930264592171, 0.000233201993979, 0.000203961593797, 9.43694831221e-05, 6.86845523887e-05, 4.08430714742e-05, 0.000113573027193, 4.30934851465e-05, 4.10816828662e-05, 4.88532314193e-05, 4.50884617749e-05, 6.15091703366e-05, 5.78117105761e-05, 2.75742768281e-05, 2.72466440947e-05, 3.16687692248e-05, 2.77062754321e-05, 2.82471355604e-05], "mean": [0.000223215320148, 0.000694784394, 0.000479183858261, 0.000342926039593, 0.000181218289072, 0.000171959240106, 0.000189707629033, 0.000155970192282, 0.000387251668144, 0.000362605642295, 0.000196538356249, 0.000357167678885, 0.00015315359633, 0.000154180801474, 0.000126605780679, 0.000139588126331, 0.000156395224622, 0.000103870341263, 8.80463121575e-05, 5.36970946996e-05, 5.40906112292e-05, 3.16511541314e-05, 3.18463244184e-05, 1.48340086525e-05, 1.0898450455e-05, 9.11125334824e-06, 6.49922185403e-06, 5.1439874369e-06, 7.36369747756e-06, 4.45614296041e-06, 2.85337159767e-06, 4.00932640332e-06, 2.68128019343e-06, 2.55688291873e-06, 1.83483382443e-06, 1.30116143282e-06, 1.16524097393e-06, 1.09127881842e-06, 1.40167696827e-06, 1.56610144586e-06], "median": [8.38119303808e-05, 0.000190043734619, 8.78116406966e-05, 6.74740585964e-05, 8.02931172075e-05, 8.93733958947e-05, 7.21458200132e-05, 5.47422096133e-05, 0.000102352205431, 8.79665094544e-05, 6.75690316712e-05, 0.000117444855277, 5.40561159141e-05, 5.42531270185e-05, 4.78480287711e-05, 3.40191872965e-05, 2.1576650397e-05, 1.17440904432e-05, 1.23927529785e-05, 1.30715334308e-05, 2.19471694436e-05, 1.47809150803e-05, 1.41978653119e-05, 8.77132606547e-06, 6.2624903876e-06, 6.11344967183e-06, 4.80774542666e-06, 3.60150943379e-06, 4.3583399929e-06, 3.0170399441e-06, 1.62540391102e-06, 2.26432962336e-06, 1.49778088598e-06, 1.34667664042e-06, 9.68400513557e-07, 6.58789190311e-07, 5.99810618951e-07, 5.2837452813e-07, 6.68895950184e-07, 8.02297108748e-07], "min": [1.00636665953e-23, 7.66373320712e-24, 6.34785681366e-24, 6.04011428593e-24, 6.2979937047e-24, 1.35899955373e-23, 5.64348409468e-24, 7.36960720747e-24, 1.59899502247e-23, 1.3189064082e-23, 3.47734028541e-24, 5.77972747276e-24, 8.15634292142e-24, 8.45155439367e-24, 9.58447856043e-24, 1.38005235803e-23, 7.49401293881e-24, 1.35650454446e-23, 8.1208599579e-24, 8.30363350761e-24, 1.2515053436e-23, 1.60381843359e-23, 7.21751955811e-24, 1.47744638756e-23, 8.29802312885e-24, 8.58947252345e-24, 9.49561574604e-24, 1.15709376049e-23, 9.81527717319e-24, 1.44224141863e-23, 1.27508037286e-23, 1.11775531818e-23, 7.02414292897e-24, 7.28712627781e-24, 6.29955998803e-24, 9.69953629004e-24, 1.09302886754e-23, 1.17984663892e-23, 1.19911425098e-23, 1.16115954959e-23], "var": [1.26316322735e-07, 2.49962727139e-06, 2.23568667934e-06, 8.35880825889e-07, 1.42805888004e-07, 7.88850371691e-08, 1.08294941015e-07, 1.38562981533e-07, 6.47517538255e-07, 7.30636713797e-07, 1.79675282652e-07, 4.44134911959e-07, 1.58521757498e-07, 6.57828280737e-08, 4.60021851723e-08, 6.83586023342e-08, 1.33264819624e-07, 9.8302749052e-08, 6.9126507185e-08, 2.11343991197e-08, 9.90052750893e-09, 2.61684318659e-09, 2.68262434489e-09, 3.4608804711e-10, 2.20053600342e-10, 8.99047156167e-11, 3.84806735088e-11, 2.68546886117e-11, 8.0249071277e-11, 2.34504447111e-11, 1.30669277482e-11, 2.61651672551e-11, 1.21946272524e-11, 1.27503814798e-11, 6.81992917001e-12, 3.47468451581e-12, 2.79393088526e-12, 2.85956349745e-12, 4.36593382974e-12, 5.25643807994e-12]}, "melbands_crest": {"dmean": 3.09353971481, "dmean2": 4.81541633606, "dvar": 8.21123027802, "dvar2": 18.1996574402, "max": 31.1481151581, "mean": 12.7309808731, "median": 11.314043045, "min": 1.51368808746, "var": 34.4145736694}, "melbands_flatness_db": {"dmean": 0.0198268443346, "dmean2": 0.0284584015608, "dvar": 0.00046594790183, "dvar2": 0.00084740051534, "max": 0.411228150129, "mean": 0.148055389524, "median": 0.141970992088, "min": 0.00159681786317, "var": 0.00327906757593}, "melbands_kurtosis": {"dmean": 3.35523819923, "dmean2": 5.17978858948, "dvar": 57.5587882996, "dvar2": 127.790138245, "max": 201.170623779, "mean": 5.56896781921, "median": 2.14243412018, "min": -1.56484556198, "var": 139.7472229}, "melbands_skewness": {"dmean": 0.530253469944, "dmean2": 0.785097658634, "dvar": 0.379255771637, "dvar2": 0.777723610401, "max": 12.2573509216, "mean": 1.36372351646, "median": 1.08864235878, "min": -1.37685930729, "var": 2.0217294693}, "melbands_spread": {"dmean": 7.13508367538, "dmean2": 10.9991979599, "dvar": 70.4220275879, "dvar2": 156.276550293, "max": 166.365646362, "mean": 31.7842235565, "median": 30.7626686096, "min": 1.20687794685, "var": 260.048614502}, "mfcc": {"cov": [[6266.89648438, -133.545608521, -377.683898926, -266.04498291, -4.40955781937, -36.7981643677, -103.977706909, 27.3690719604, 46.1043930054, -52.2084770203, -86.8740921021, -100.927452087, -23.5312156677], [-133.545608521, 814.458496094, -62.4877166748, 94.5203933716, 69.4428100586, -2.246352911, 30.4406051636, -1.5276389122, -48.4448204041, 4.93365716934, 35.0287895203, 6.03677368164, -39.217250824], [-377.683898926, -62.4877166748, 487.597839355, 238.063568115, 19.4644680023, 15.5087766647, -25.9506587982, -28.0934257507, 2.03458380699, 4.79443645477, -12.1967658997, 39.8387031555, 30.4277381897], [-266.04498291, 94.5203933716, 238.063568115, 285.574127197, 105.352394104, 14.895198822, -20.4454479218, 8.82582855225, 43.2179718018, 38.8302459717, 11.9176006317, 28.8503036499, 30.4750213623], [-4.40955781937, 69.4428100586, 19.4644680023, 105.352394104, 186.696334839, 88.8346481323, 20.0570640564, 35.4245223999, 68.7347412109, 71.9247360229, 20.2688598633, 1.10152745247, 9.85910701752], [-36.7981643677, -2.246352911, 15.5087766647, 14.895198822, 88.8346481323, 178.566146851, 125.717506409, 42.5718154907, 16.3718738556, 58.7230186462, 53.8326683044, 18.5484447479, 9.32811069489], [-103.977706909, 30.4406051636, -25.9506587982, -20.4454479218, 20.0570640564, 125.717506409, 205.436645508, 86.7035369873, -12.0887813568, 30.17552948, 76.3380279541, 36.5481300354, 8.72804832458], [27.3690719604, -1.5276389122, -28.0934257507, 8.82582855225, 35.4245223999, 42.5718154907, 86.7035369873, 136.427978516, 75.3146209717, 20.944896698, 26.5963401794, 28.3986797333, 32.8167114258], [46.1043930054, -48.4448204041, 2.03458380699, 43.2179718018, 68.7347412109, 16.3718738556, -12.0887813568, 75.3146209717, 146.633224487, 69.1886291504, 2.45797514915, 10.3566150665, 29.52135849], [-52.2084770203, 4.93365716934, 4.79443645477, 38.8302459717, 71.9247360229, 58.7230186462, 30.17552948, 20.944896698, 69.1886291504, 125.550369263, 70.025970459, 12.2995710373, -9.096118927], [-86.8740921021, 35.0287895203, -12.1967658997, 11.9176006317, 20.2688598633, 53.8326683044, 76.3380279541, 26.5963401794, 2.45797514915, 70.025970459, 131.754821777, 59.0406227112, -9.52497959137], [-100.927452087, 6.03677368164, 39.8387031555, 28.8503036499, 1.10152745247, 18.5484447479, 36.5481300354, 28.3986797333, 10.3566150665, 12.2995710373, 59.0406227112, 92.3591766357, 39.6307182312], [-23.5312156677, -39.217250824, 30.4277381897, 30.4750213623, 9.85910701752, 9.32811069489, 8.72804832458, 32.8167114258, 29.52135849, -9.096118927, -9.52497959137, 39.6307182312, 95.4095916748]], "icov": [[0.000175357738044, 1.65396813827e-05, 7.84510775702e-05, 0.000115793147415, -5.42690977454e-05, -0.000102205383882, 0.000213553852518, -0.000135782960569, -1.90118535102e-05, 0.000111038381874, -5.34455903107e-05, 0.000124687561765, -9.84856524155e-06], [1.65396813827e-05, 0.00158716703299, 0.00073569995584, -0.00112697388977, -0.00063632754609, 0.000577961152885, -0.000358469726052, -0.000283067696728, 0.00114241952542, -0.000168026177562, 0.000255570164882, -0.000544377428014, 0.000803347211331], [7.84510775702e-05, 0.00073569995584, 0.00489632645622, -0.00508281774819, 0.00269896071404, -0.00216240622103, 0.000578435778152, 0.000444122939371, 0.000717605289537, -0.000748165359255, 0.00233047548681, -0.00236321403645, 0.00103150098585], [0.000115793147415, -0.00112697388977, -0.00508281774819, 0.0105894440785, -0.00612425617874, 0.0033805265557, -0.000205980046303, -2.0919031158e-05, -0.000677471689414, 0.000253900623647, -0.00202536070719, 0.000841606059112, -0.00218565529212], [-5.42690977454e-05, -0.00063632754609, 0.00269896071404, -0.00612425617874, 0.0145060475916, -0.00894748233259, 0.00431846175343, -0.00208526593633, -0.00143533328082, -0.00331189809367, 0.00197378965095, 0.000323067448335, 0.000709700922016], [-0.000102205383882, 0.000577961152885, -0.00216240622103, 0.0033805265557, -0.00894748233259, 0.0180146880448, -0.0119303055108, 0.00461739813909, -0.000639955629595, -0.00203658873215, -6.79386648699e-05, 0.000673613278195, -0.00179402704816], [0.000213553852518, -0.000358469726052, 0.000578435778152, -0.000205980046303, 0.00431846175343, -0.0119303055108, 0.0200919117779, -0.0144193610176, 0.00962739251554, -0.00288433302194, -0.00284060230479, -2.38406337303e-05, 0.000100889170426], [-0.000135782960569, -0.000283067696728, 0.000444122939371, -2.0919031158e-05, -0.00208526593633, 0.00461739813909, -0.0144193610176, 0.0251878481358, -0.0180401857942, 0.0100380890071, -0.00368719943799, 0.000625566346571, -0.00195418880321], [-1.90118535102e-05, 0.00114241952542, 0.000717605289537, -0.000677471689414, -0.00143533328082, -0.000639955629595, 0.00962739251554, -0.0180401857942, 0.026904059574, -0.0175499580801, 0.00890110805631, -0.00406536227092, -0.00143284199294], [0.000111038381874, -0.000168026177562, -0.000748165359255, 0.000253900623647, -0.00331189809367, -0.00203658873215, -0.00288433302194, 0.0100380890071, -0.0175499580801, 0.0283709336072, -0.0171663984656, 0.00775579595938, 0.000668116495945], [-5.34455903107e-05, 0.000255570164882, 0.00233047548681, -0.00202536070719, 0.00197378965095, -6.79386648699e-05, -0.00284060230479, -0.00368719943799, 0.00890110805631, -0.0171663984656, 0.027141565457, -0.0171701274812, 0.00677722739056], [0.000124687561765, -0.000544377428014, -0.00236321403645, 0.000841606059112, 0.000323067448335, 0.000673613278195, -2.38406337303e-05, 0.000625566346571, -0.00406536227092, 0.00775579595938, -0.0171701274812, 0.0264306738973, -0.0107158441097], [-9.84856524155e-06, 0.000803347211331, 0.00103150098585, -0.00218565529212, 0.000709700922016, -0.00179402704816, 0.000100889170426, -0.00195418880321, -0.00143284199294, 0.000668116495945, 0.00677722739056, -0.0107158441097, 0.017577778548]], "mean": [-633.392700195, 97.5351867676, -15.6406593323, 2.50068473816, -4.78024482727, -1.17245960236, 1.73053252697, 3.24155235291, 3.47706985474, -4.03068876266, 0.486703425646, 0.321997255087, 0.601207017899]}, "pitch_salience": {"dmean": 0.0643688291311, "dmean2": 0.101484842598, "dvar": 0.00380014092661, "dvar2": 0.0084775025025, "max": 0.970186471939, "mean": 0.572368621826, "median": 0.587253928185, "min": 0.0928169488907, "var": 0.0133834276348}, "silence_rate_20dB": {"dmean": 0, "dmean2": 0, "dvar": 0, "dvar2": 0, "max": 1, "mean": 1, "median": 1, "min": 1, "var": 0}, "silence_rate_30dB": {"dmean": 0, "dmean2": 0, "dvar": 0, "dvar2": 0, "max": 1, "mean": 1, "median": 1, "min": 1, "var": 0}, "silence_rate_60dB": {"dmean": 0.0308652687818, "dmean2": 0.0617412403226, "dvar": 0.0299101416022, "dvar2": 0.067297026515, "max": 1, "mean": 0.0785367563367, "median": 0, "min": 0, "var": 0.0723655000329}, "spectral_centroid": {"dmean": 208.281356812, "dmean2": 322.451782227, "dvar": 60381.0195313, "dvar2": 124030.171875, "max": 10775.6884766, "mean": 1655.42663574, "median": 1657.18115234, "min": 235.192230225, "var": 300230.78125}, "spectral_complexity": {"dmean": 3.71423625946, "dmean2": 5.26500177383, "dvar": 16.2204113007, "dvar2": 26.7314052582, "max": 53, "mean": 19.1841201782, "median": 18, "min": 0, "var": 94.216835022}, "spectral_contrast_coeffs": {"dmean": [0.0559307448566, 0.0476005747914, 0.0406828597188, 0.0321590192616, 0.0203127805144, 0.0156561043113], "dmean2": [0.0909060835838, 0.0792188495398, 0.0651111453772, 0.0492512844503, 0.0330140478909, 0.0262186359614], "dvar": [0.0026174292434, 0.00143199006561, 0.00114434177522, 0.000747438985854, 0.000274676829576, 0.000185070297448], "dvar2": [0.00633174460381, 0.00383225479163, 0.00271616969258, 0.00154428416863, 0.000672891328577, 0.000502318027429], "max": [-0.260241478682, -0.467914670706, -0.465880900621, -0.513002634048, -0.65852189064, -0.681780219078], "mean": [-0.643490493298, -0.751315832138, -0.73051649332, -0.739468753338, -0.789388239384, -0.776978075504], "median": [-0.65705871582, -0.759936511517, -0.738333582878, -0.742945551872, -0.789987802505, -0.774738490582], "min": [-0.951972603798, -0.981477320194, -0.966640651226, -0.968212246895, -0.969612300396, -0.959347188473], "var": [0.00954245217144, 0.00510963564739, 0.00648695603013, 0.00561701925471, 0.00133907457348, 0.000526114716195]}, "spectral_contrast_valleys": {"dmean": [0.420663237572, 0.39682841301, 0.337191075087, 0.284962773323, 0.219513431191, 0.261821240187], "dmean2": [0.673992335796, 0.638790547848, 0.522981345654, 0.435591667891, 0.324209272861, 0.372053295374], "dvar": [0.132284939289, 0.137860909104, 0.10405728966, 0.081317409873, 0.0671733468771, 0.127116769552], "dvar2": [0.293508887291, 0.289285182953, 0.197670936584, 0.141628265381, 0.10773460567, 0.241194039583], "max": [-6.05880641937, -4.54526901245, -5.15293884277, -5.92141294479, -5.92564058304, -7.84882831573], "mean": [-8.17708110809, -6.79100465775, -7.16499185562, -7.67258262634, -7.35182380676, -9.74415588379], "median": [-7.98782920837, -6.71077156067, -7.10703468323, -7.57695674896, -7.23758125305, -9.59921836853], "min": [-27.0758647919, -27.471075058, -27.3768043518, -27.2365055084, -27.0586566925, -27.2363319397], "var": [1.09442031384, 0.986629009247, 0.916757762432, 0.866676092148, 0.825736582279, 0.968843877316]}, "spectral_decrease": {"dmean": 1.48721435167e-09, "dmean2": 2.12341788597e-09, "dvar": 4.71914852627e-18, "dvar2": 9.59315767091e-18, "max": 5.79108627294e-30, "mean": -5.22365750655e-09, "median": -4.52123760653e-09, "min": -2.80537477693e-08, "var": 1.50264389305e-17}, "spectral_energy": {"dmean": 0.00608922215179, "dmean2": 0.00864252541214, "dvar": 7.60109833209e-05, "dvar2": 0.000153835775563, "max": 0.107779629529, "mean": 0.022122554481, "median": 0.019419092685, "min": 1.05766818945e-20, "var": 0.000259903579718}, "spectral_energyband_high": {"dmean": 0.000361981161404, "dmean2": 0.000517534790561, "dvar": 4.54830001217e-07, "dvar2": 8.60034390371e-07, "max": 0.0114375762641, "mean": 0.000869888637681, "median": 0.000528598844539, "min": 7.88900971782e-21, "var": 1.07367884539e-06}, "spectral_energyband_low": {"dmean": 0.00135869870428, "dmean2": 0.00172159366775, "dvar": 8.27168969408e-06, "dvar2": 1.04882128653e-05, "max": 0.0636316463351, "mean": 0.00275222212076, "median": 0.001048843842, "min": 4.62975996615e-23, "var": 2.662191946e-05}, "spectral_energyband_middle_high": {"dmean": 0.00261622248217, "dmean2": 0.00364243448712, "dvar": 1.18911175377e-05, "dvar2": 2.15314794332e-05, "max": 0.0759636685252, "mean": 0.0104587832466, "median": 0.00762813165784, "min": 1.49115653135e-21, "var": 0.000107470244984}, "spectral_energyband_middle_low": {"dmean": 0.00408316450194, "dmean2": 0.00635562697425, "dvar": 5.77497630729e-05, "dvar2": 0.000127644831082, "max": 0.094189889729, "mean": 0.00841308571398, "median": 0.00447357352823, "min": 2.79476303594e-22, "var": 0.000109435313789}, "spectral_entropy": {"dmean": 0.135548397899, "dmean2": 0.194171383977, "dvar": 0.0236671604216, "dvar2": 0.0457795374095, "max": 9.80048370361, "mean": 7.73194694519, "median": 7.77355861664, "min": 6.47915220261, "var": 0.132660076022}, "spectral_flux": {"dmean": 0.0228594392538, "dmean2": 0.0346876643598, "dvar": 0.000683244492393, "dvar2": 0.00147676852066, "max": 0.268483281136, "mean": 0.0752866491675, "median": 0.0675778687, "min": 1.02842998007e-10, "var": 0.00171514891554}, "spectral_kurtosis": {"dmean": 1.09029734135, "dmean2": 1.80903768539, "dvar": 1.57491266727, "dvar2": 4.21176099777, "max": 19.4426841736, "mean": 4.24067783356, "median": 3.83249282837, "min": -1.18761134148, "var": 4.38118505478}, "spectral_rms": {"dmean": 0.00063245597994, "dmean2": 0.000866254267748, "dvar": 6.35577976027e-07, "dvar2": 1.15986517812e-06, "max": 0.0102543095127, "mean": 0.00428368803114, "median": 0.00435263756663, "min": 3.21227549768e-12, "var": 3.23291965287e-06}, "spectral_rolloff": {"dmean": 474.546173096, "dmean2": 770.092895508, "dvar": 752017.3125, "dvar2": 1655800.75, "max": 18561.6210938, "mean": 2053.11352539, "median": 1787.25585938, "min": 86.1328125, "var": 1905829.625}, "spectral_skewness": {"dmean": 0.155282258987, "dmean2": 0.249846667051, "dvar": 0.0256808083504, "dvar2": 0.0649559721351, "max": 3.17389345169, "mean": 1.60938990116, "median": 1.59523463249, "min": 0.0505213886499, "var": 0.10344709456}, "spectral_spread": {"dmean": 537478.1875, "dmean2": 824788.75, "dvar": 662648520704, "dvar2": 1228671156220.0, "max": 40738796, "mean": 4935057.5, "median": 4838092.5, "min": 2323859.75, "var": 1621745598460.0}, "spectral_strongpeak": {"dmean": 0.86512953043, "dmean2": 1.40627062321, "dvar": 1.38705134392, "dvar2": 3.19978094101, "max": 15.5977706909, "mean": 