{"lowlevel": {"average_loudness": 0.826479673386, "barkbands": {"dmean": [2.82960536424e-05, 0.00230554142036, 0.00399972125888, 0.00305365910754, 0.000813654158264, 0.000392392335925, 0.000217586421059, 0.00017084510182, 0.000339439749951, 0.00020352966385, 0.000334468466463, 0.000280617154203, 0.000220967602218, 0.000219353751163, 0.000255311140791, 0.000236940686591, 0.000181318653631, 0.000136955626658, 0.000424063066021, 0.000185218377737, 7.38845046726e-05, 8.27922485769e-05, 6.8096225732e-05, 4.39355280832e-05, 4.73081090604e-05, 2.70466753136e-05, 3.05826961267e-06], "dmean2": [4.65738048661e-05, 0.00386556703597, 0.00682937866077, 0.00497724162415, 0.00137438031379, 0.000622796884272, 0.000353754381649, 0.00027816335205, 0.000536956940778, 0.000306462781737, 0.00053618446691, 0.000420404598117, 0.000346367654856, 0.000341179285897, 0.0003954131098, 0.000359604571713, 0.000276927254163, 0.000209583216929, 0.000602986023296, 0.000276906095678, 0.000117871590191, 0.000128648651298, 0.000105232320493, 6.50736837997e-05, 6.56012125546e-05, 3.72896574845e-05, 4.73057934869e-06], "dvar": [3.6279401705e-09, 2.86426493403e-05, 7.84089643275e-05, 6.20705832262e-05, 3.19706305163e-06, 6.29555586329e-07, 2.09969329035e-07, 2.44234229285e-07, 7.78270532464e-07, 4.24761509521e-07, 1.56289172537e-06, 7.76699778271e-07, 2.95404703365e-07, 2.80845085854e-07, 3.89320632621e-07, 3.29661560272e-07, 1.17671000055e-07, 6.45764259843e-08, 6.4915349185e-07, 1.67237914184e-07, 4.11470750805e-08, 4.41489405034e-08, 2.44359430468e-08, 1.13416840364e-08, 2.63215653717e-08, 4.06491018623e-09, 6.41801958801e-11], "dvar2": [9.51046086328e-09, 7.24722485757e-05, 0.000217443113797, 0.000152665917994, 8.71707925398e-06, 1.58586806265e-06, 5.45831653653e-07, 6.60993066504e-07, 1.81854136372e-06, 8.55609073369e-07, 4.09867652706e-06, 1.60668469107e-06, 7.00433190559e-07, 6.60373018491e-07, 9.00772135992e-07, 7.85887323218e-07, 2.64319538701e-07, 1.42795229863e-07, 1.27123530547e-06, 3.40850732528e-07, 1.06154686819e-07, 1.08967846302e-07, 5.72541765109e-08, 2.66273385563e-08, 5.65617384041e-08, 8.08842415267e-09, 1.51548704141e-10], "max": [0.000739060516935, 0.0694985315204, 0.101731717587, 0.0830929577351, 0.0240798275918, 0.021374322474, 0.0137892495841, 0.0135464472696, 0.0300377979875, 0.0191001165658, 0.0297144725919, 0.0217523705214, 0.0143796512857, 0.010878845118, 0.0195440780371, 0.0217981301248, 0.00710189994425, 0.00727454572916, 0.0182195529342, 0.0168309230357, 0.00385578814894, 0.00428402749822, 0.00309682334773, 0.00309060909785, 0.00605485308915, 0.00115814351011, 0.000100385805126], "mean": [4.07736042689e-05, 0.00346527667716, 0.00503346603364, 0.00366658135317, 0.00146396877244, 0.00075961049879, 0.000384333805414, 0.000265843613306, 0.000516249623615, 0.000340200145729, 0.000525737123098, 0.000449656596174, 0.000359984027455, 0.000361077021807, 0.00043226510752, 0.000421641248977, 0.000343733787304, 0.000277390005067, 0.00090267957421, 0.000360185833415, 0.000130558153614, 0.000166203826666, 0.00014332633873, 9.70581240836e-05, 0.0001064245007, 5.92233263887e-05, 5.16438740306e-06], "median": [1.68241313077e-05, 0.00176469539292, 0.0024505155161, 0.00141899310984, 0.000884392415173, 0.000424476951594, 0.000178686590516, 9.26844077185e-05, 0.000152189604705, 7.83132345532e-05, 0.000100485209259, 0.00013138486247, 0.000118029376608, 0.000103707403468, 0.000135689988383, 0.000144481498864, 0.000145639409311, 0.000133272318635, 0.00025387966889, 0.000126389233628, 4.31220396422e-05, 4.44425750175e-05, 4.60616101918e-05, 3.40064725606e-05, 2.14038118429e-05, 9.75001057668e-06, 6.26577730145e-07], "min": [1.11817394694e-24, 1.08922963453e-23, 5.15601420362e-24, 6.30988982576e-25, 1.77782978969e-23, 8.09264713648e-24, 1.74084278397e-23, 4.53132235252e-24, 1.31211723459e-23, 1.41919768718e-23, 1.77160441497e-23, 3.20404407908e-23, 2.30181581539e-23, 7.09202993189e-23, 6.40626809827e-23, 6.1287588225e-23, 1.10524713967e-22, 1.06691304351e-22, 1.53276254486e-22, 2.50066130165e-22, 3.25733516732e-22, 2.72336367717e-22, 3.77440559657e-22, 6.11027170942e-22, 9.54487667013e-22, 1.35954181672e-21, 2.03082372346e-21], "var": [5.13848030792e-09, 3.55539341399e-05, 6.84927726979e-05, 6.17738260189e-05, 3.92509446101e-06, 1.1424828017e-06, 3.48933184569e-07, 3.89939231127e-07, 1.4719300907e-06, 1.10877294901e-06, 2.99791645375e-06, 1.70334885752e-06, 6.12233577613e-07, 6.27794406682e-07, 9.70793848865e-07, 7.45203408314e-07, 2.87106132646e-07, 1.75537721248e-07, 2.41458474193e-06, 4.77527521525e-07, 6.3394530514e-08, 9.48355634023e-08, 5.90024420433e-08, 2.64493991153e-08, 6.68473774112e-08, 1.28168746727e-08, 1.13664272439e-10]}, "barkbands_crest": {"dmean": 2.35959482193, "dmean2": 3.91656517982, "dvar": 5.2013669014, "dvar2": 14.6792821884, "max": 24.1674098969, "mean": 9.076212883, "median": 8.48573493958, "min": 2.26673650742, "var": 12.1894321442}, "barkbands_flatness_db": {"dmean": 0.0194474700838, "dmean2": 0.0310469064862, "dvar": 0.000421758799348, "dvar2": 0.00110800017137, "max": 0.404233276844, "mean": 0.120176516473, "median": 0.108335584402, "min": 0.0218979455531, "var": 0.00333962962031}, "barkbands_kurtosis": {"dmean": 3.05949926376, "dmean2": 4.82129096985, "dvar": 50.5125389099, "dvar2": 125.13923645, "max": 222.794143677, "mean": 4.47048091888, "median": 1.01068544388, "min": -1.89783966541, "var": 155.067092896}, "barkbands_skewness": {"dmean": 0.572422027588, "dmean2": 0.866248369217, "dvar": 0.405117809772, "dvar2": 0.987485170364, "max": 12.1325969696, "mean": 1.54694151878, "median": 1.41501545906, "min": -4.30404949188, "var": 1.88351023197}, "barkbands_spread": {"dmean": 6.82061004639, "dmean2": 10.7289743423, "dvar": 60.8737678528, "dvar2": 149.500167847, "max": 100.577262878, "mean": 29.7179164886, "median": 28.9369239807, "min": 0.688916444778, "var": 237.340118408}, "dissonance": {"dmean": 0.0113696102053, "dmean2": 0.0191220976412, "dvar": 0.000145301310113, "dvar2": 0.000380324956495, "max": 0.5, "mean": 0.477784693241, "median": 0.483239799738, "min": 0.32353875041, "var": 0.000352393602952}, "dynamic_complexity": 5.12545585632, "erbbands": {"dmean": [0.0522673763335, 0.610436022282, 3.46481561661, 8.83451843262, 5.04950046539, 2.33760762215, 2.05195379257, 3.55382847786, 2.93446922302, 3.75952076912, 4.64975881577, 6.94833421707, 7.86932659149, 6.4501376152, 13.3581857681, 10.3337678909, 9.13742923737, 10.3199920654, 10.3469982147, 13.1360902786, 12.628695488, 9.23306369781, 6.97516584396, 15.187122345, 20.5756397247, 8.08148574829, 3.25471997261, 3.0167119503, 3.18263602257, 2.25955748558, 1.9933398962, 1.12705790997, 0.667383551598, 0.475360095501, 0.407735913992, 0.132254853845, 0.0541206113994, 0.00784926861525, 0.000499622372445, 2.40517056227e-05], "dmean2": [0.0820769369602, 1.03877961636, 5.98856782913, 14.2619543076, 8.47527599335, 3.81295657158, 3.37586760521, 5.58934926987, 4.78645849228, 6.1513543129, 7.61302757263, 11.0105581284, 11.7878723145, 10.0906057358, 20.8250770569, 15.4274501801, 14.1226291656, 16.0523910522, 15.7754583359, 19.7525844574, 18.8755455017, 13.9406757355, 10.5820360184, 21.841999054, 28.8483448029, 11.7301578522, 5.20874452591, 4.74337482452, 4.97686004639, 3.51087379456, 3.08459281921, 1.68484508991, 0.989264726639, 0.672731697559, 0.58390891552, 0.178193971515, 0.0785040557384, 0.0117617100477, 0.00075405521784, 3.50362424797e-05], "dvar": [0.0149659803137, 2.00804615021, 61.3632240295, 450.292236328, 151.47215271, 23.6860542297, 23.3875465393, 54.8945198059, 57.2221641541, 70.3428955078, 135.517791748, 357.258422852, 619.068481445, 446.77444458, 2185.47119141, 1045.07202148, 545.159606934, 630.665527344, 547.312805176, 1104.1126709, 764.548461914, 289.351379395, 142.15071106, 1059.26879883, 1489.80554199, 288.663146973, 69.3023147583, 72.428314209, 64.1974639893, 37.2587585449, 21.1616268158, 6.44319152832, 2.8287563324, 1.14213073254, 4.29794788361, 0.0949202999473, 0.017588686198, 0.000409925996792, 1.70364683072e-06, 2.68580468976e-09], "dvar2": [0.0356238000095, 5.21470403671, 172.167022705, 1094.46472168, 395.963897705, 60.3947029114, 65.0372848511, 132.814208984, 141.073181152, 202.475982666, 359.859985352, 864.757995605, 1281.53479004, 1131.77783203, 5282.60449219, 2115.12133789, 1268.76220703, 1499.53601074, 1264.3828125, 2597.65112305, 1676.45654297, 638.02935791, 318.319580078, 2182.36328125, 2889.57543945, 539.977844238, 182.900146484, 185.236831665, 160.175582886, 93.1039505005, 49.3600845337, 15.1944990158, 6.54811239243, 2.28616595268, 9.77151966095, 0.180122807622, 0.0383405908942, 0.000935441465117, 3.94820244765e-06, 5.8892202226e-09], "max": [1.53680419922, 17.1599788666, 83.7464981079, 200.192245483, 133.94140625, 80.0826568604, 134.700637817, 244.590423584, 277.599212646, 245.980758667, 260.841278076, 418.367218018, 798.082702637, 901.048461914, 1389.92993164, 1052.07727051, 621.690612793, 495.005065918, 911.422119141, 1048.48693848, 742.323730469, 278.164550781, 234.214141846, 1161.90466309, 825.64251709, 816.250183105, 154.274414062, 176.734558105, 158.131820679, 205.957839966, 101.471961975, 58.9598884583, 50.2429351807, 34.0260887146, 80.246711731, 6.04510211945, 1.81554377079, 0.284486055374, 0.015444168821, 0.000655085954349], "mean": [0.0787279605865, 0.906413078308, 4.62242794037, 11.1490316391, 7.29398870468, 4.78361988068, 3.97515630722, 6.72355651855, 5.1278758049, 6.508664608, 7.48443460464, 10.8521909714, 12.9845790863, 11.787519455, 21.6211700439, 17.690164566, 16.020116806, 18.4669723511, 19.1443500519, 23.7857131958, 24.2110099792, 18.874792099, 15.6349992752, 32.0462226868, 43.3548316956, 17.299287796, 6.07070970535, 5.54188346863, 6.21149110794, 4.50204801559, 4.12720346451, 2.45332717896, 1.47296643257, 1.06299722195, 0.854067325592, 0.295516699553, 0.10882370919, 0.0147649087012, 0.000890984141733, 5.43420283066e-05], "median": [0.0359092056751, 0.492892205715, 2.49192857742, 4.79105520248, 4.09311676025, 2.59441184998, 2.30965089798, 3.61042094231, 2.55768823624, 2.78501963615, 2.87711668015, 3.49718689919, 3.0651204586, 3.42079019547, 5.715965271, 5.61866569519, 5.46334695816, 6.15558576584, 6.59158229828, 7.72025728226, 8.91771411896, 8.49336338043, 8.20757102966, 10.4217309952, 12.3679933548, 6.56775903702, 2.52551746368, 1.6630846262, 1.70006668568, 1.29489016533, 1.32926487923, 0.885354876518, 0.470047920942, 0.254165381193, 0.135291025043, 0.0574120953679, 0.0153468074277, 0.00182128115557, 0.000125734106405, 2.87730526907e-05], "min": [4.16866464549e-22, 1.501026759e-21, 5.25417895341e-21, 1.0223138923e-20, 1.81782730067e-20, 4.05046047537e-20, 7.68679039212e-20, 1.08844522129e-19, 2.27306776637e-19, 3.62303479786e-19, 3.42012946156e-19, 2.92621190449e-19, 7.40161212112e-19, 7.22435145176e-19, 8.43090035768e-19, 1.83004073873e-18, 1.61631164071e-18, 3.31185725794e-18, 3.72957871099e-18, 3.12288515866e-18, 3.83994073473e-18, 6.38870464563e-18, 6.71148003323e-18, 7.67178502562e-18, 9.68524934287e-18, 1.18300161747e-17, 1.1478188136e-17, 1.3631639537e-17, 1.13345027277e-17, 1.22466562959e-17, 1.25619791997e-17, 1.02931286586e-17, 1.19995832371e-17, 8.49598530642e-18, 7.28774988263e-18, 4.62403185481e-18, 2.5165603221e-18, 1.11177892654e-18, 2.54748674404e-19, 3.09766150081e-20], "var": [0.020810643211, 2.3107779026, 52.7532424927, 479.730224609, 141.083267212, 42.0740852356, 30.7849254608, 101.923866272, 86.6000137329, 117.195777893, 214.680252075, 632.091552734, 1436.38903809, 914.940124512, 3972.96240234, 2500.62792969, 1154.21228027, 1445.9543457, 1486.82348633, 2584.75927734, 1972.30834961, 768.954589844, 447.397521973, 3396.45825195, 5560.16015625, 969.587463379, 101.273460388, 125.186508179, 128.277664185, 74.4881515503, 49.4532203674, 15.9497613907, 6.54358530045, 3.39147305489, 9.579246521, 0.302113354206, 0.0475307442248, 0.000900110928342, 3.18762067764e-06, 5.41382583208e-09]}, "erbbands_crest": {"dmean": 2.02615427971, "dmean2": 3.26360011101, "dvar": 4.17895317078, "dvar2": 10.37474823, "max": 26.4235496521, "mean": 7.34546613693, "median": 6.3230714798, "min": 2.1863219738, "var": 13.4470739365}, "erbbands_flatness_db": {"dmean": 0.0130745209754, "dmean2": 0.018071949482, "dvar": 0.000192806008272, "dvar2": 0.000338520942023, "max": 0.335458427668, "mean": 0.131886333227, "median": 0.124606572092, "min": 0.0314053371549, "var": 0.00225791870616}, "erbbands_kurtosis": {"dmean": 0.734010219574, "dmean2": 1.10508143902, "dvar": 1.6644128561, "dvar2": 3.19137907028, "max": 52.2612037659, "mean": 0.240582942963, "median": -0.436593770981, "min": -1.89362001419, "var": 6.28409385681}, "erbbands_skewness": {"dmean": 0.309098303318, "dmean2": 0.460832566023, "dvar": 0.108863390982, "dvar2": 0.226719081402, "max": 6.20457315445, "mean": -0.207532569766, "median": -0.247303828597, "min": -3.89241433144, "var": 0.686871290207}, "erbbands_spread": {"dmean": 9.36159706116, "dmean2": 13.702755928, "dvar": 112.319488525, "dvar2": 233.063034058, "max": 163.368743896, "mean": 48.1472244263, "median": 44.5127258301, "min": 3.8193256855, "var": 554.819946289}, "gfcc": {"cov": [[17213.7226562, -1108.42565918, -727.212402344, 1064.56750488, -571.575500488, 438.608551025, -318.009460449, 452.956665039, -224.601806641, 180.093597412, -285.548339844, -30.1643257141, -328.996185303], [-1108.42565918, 1360.79187012, -185.806289673, -152.278366089, 290.763885498, -173.754608154, 111.336898804, -80.2526931763, 62.7969703674, -110.606246948, 151.367004395, -41.3247642517, 119.368347168], [-727.212402344, -185.806289673, 1067.13903809, 67.1083602905, -31.9064712524, 148.537246704, 12.4581184387, -13.1820077896, 62.9103736877, 93.0214538574, -96.5508270264, 50.9912147522, -41.1784934998], [1064.56750488, -152.278366089, 67.1083602905, 389.507110596, -51.0964431763, 36.8579978943, -25.8812084198, 1.65432286263, 20.5646419525, 16.8041210175, -9.11932182312, -9.13331222534, 8.67435264587], [-571.575500488, 290.763885498, -31.9064712524, -51.0964431763, 292.29473877, -37.0132484436, 37.9336700439, 2.10781764984, 13.1570091248, -17.7430973053, 29.1916027069, -17.7488765717, 24.5952033997], [438.608551025, -173.754608154, 148.537246704, 36.8579978943, -37.0132484436, 191.546844482, 33.3602676392, 23.7363910675, -16.4907436371, 9.76446914673, -26.548166275, 6.73110055923, -20.3521633148], [-318.009460449, 111.336898804, 12.4581184387, -25.8812084198, 37.9336700439, 33.3602676392, 124.971336365, 15.7499933243, -1.50805795193, -21.83634758, 10.3780183792, -5.77703285217, 7.86799430847], [452.956665039, -80.2526931763, -13.1820077896, 1.65432286263, 2.10781764984, 23.7363910675, 15.7499933243, 125.157203674, 21.449464798, 16.4276828766, -9.40721988678, -13.9154596329, -30.0133838654], [-224.601806641, 62.7969703674, 62.9103736877, 20.5646419525, 13.1570091248, -16.4907436371, -1.50805795193, 21.449464798, 102.072044373, 30.8419780731, -5.79847860336, -16.3103618622, -4.72770357132], [180.093597412, -110.606246948, 93.0214538574, 16.8041210175, -17.7430973053, 9.76446914673, -21.83634758, 16.4276828766, 30.8419780731, 88.8168029785, -11.7572336197, 4.22635507584, -24.8010425568], [-285.548339844, 151.367004395, -96.5508270264, -9.11932182312, 29.1916027069, -26.548166275, 10.3780183792, -9.40721988678, -5.79847860336, -11.7572336197, 101.526626587, 16.0943431854, 28.0321063995], [-30.1643257141, -41.3247642517, 50.9912147522, -9.13331222534, -17.7488765717, 6.73110055923, -5.77703285217, -13.9154596329, -16.3103618622, 4.22635507584, 16.0943431854, 70.197303772, 16.85729599], [-328.996185303, 119.368347168, -41.1784934998, 8.67435264587, 24.5952033997, -20.3521633148, 7.86799430847, -30.0133838654, -4.72770357132, -24.8010425568, 28.0321063995, 16.85729599, 78.9108963013]], "icov": [[0.000158284572535, -0.000266497721896, 0.000250213517575, -0.000499596761074, 0.000211597784073, -0.000421866134275, 0.000453194137663, -0.000605650595389, 0.000632129900623, -0.000466963538202, 0.000661614409182, -0.000432422209997, 0.000546696828678], [-0.000266497721896, 0.00215626205318, -0.000587581424043, 0.00128408661112, -0.00127358012833, 0.00159849983174, -0.0017355021555, 0.00185553845949, -0.0024167150259, 0.00221051648259, -0.00292353867553, 0.00194470828865, -0.00195954763331], [0.000250213517575, -0.000587581424043, 0.00181998824701, -0.000962414895184, 0.000222450107685, -0.00166840769816, 0.000501137110405, -0.000358782708645, 0.00015275797341, -0.00179035344627, 0.00241821934469, -0.00223875697702, 0.00136715779081], [-0.000499596761074, 0.00128408661112, -0.000962414895184, 0.00452839070931, -0.000436794711277, 0.000898553000297, -0.000965249026194, 0.00205671275035, -0.00282798917033, 0.0016163859982, -0.00272439955734, 0.00255634705536, -0.0030186783988], [0.000211597784073, -0.00127358012833, 0.000222450107685, -0.000436794711277, 0.00478174863383, -0.000330267212121, 0.000127290652017, -0.0015307799913, 0.00129272707272, -0.00115428480785, 0.000918321602512, 0.000193926010979, 0.000149365456309], [-0.000421866134275, 0.00159849983174, -0.00166840769816, 0.000898553000297, -0.000330267212121, 0.00869907159358, -0.00384896877222, 0.000754357490223, -0.000269047857728, 0.0017257478321, -0.00196643942036, 0.00158670567907, -0.00124321063049], [0.000453194137663, -0.0017355021555, 0.000501137110405, -0.000965249026194, 0.000127290652017, -0.00384896877222, 0.0117339128628, -0.00353972008452, 0.00211515603587, 0.000422320445068, 0.00165864441078, -0.000850286683999, 0.00118560669944], [-0.000605650595389, 0.00185553845949, -0.000358782708645, 0.00205671275035, -0.0015307799913, 0.000754357490223, -0.00353972008452, 0.0125629175454, -0.00525663606822, 0.00147068395745, -0.00319366902113, 0.00231966213323, 0.000843856367283], [0.000632129900623, -0.0024167150259, 0.00015275797341, -0.00282798917033, 0.00129272707272, -0.000269047857728, 0.00211515603587, -0.00525663606822, 0.0166622456163, -0.00713590253145, 0.00376042816788, 0.00100441963878, 0.0012043796014], [-0.000466963538202, 0.00221051648259, -0.00179035344627, 0.0016163859982, -0.00115428480785, 0.0017257478321, 0.000422320445068, 0.00147068395745, -0.00713590253145, 0.0183250494301, -0.00406989362091, 0.000257917155977, 0.00164202519227], [0.000661614409182, -0.00292353867553, 0.00241821934469, -0.00272439955734, 0.000918321602512, -0.00196643942036, 0.00165864441078, -0.00319366902113, 0.00376042816788, -0.00406989362091, 0.0174817293882, -0.00668918760493, 0.000733732653316], [-0.000432422209997, 0.00194470828865, -0.00223875697702, 0.00255634705536, 0.000193926010979, 0.00158670567907, -0.000850286683999, 0.00231966213323, 0.00100441963878, 0.000257917155977, -0.00668918760493, 0.0208374969661, -0.00681195640936], [0.000546696828678, -0.00195954763331, 0.00136715779081, -0.0030186783988, 0.000149365456309, -0.00124321063049, 0.00118560669944, 0.000843856367283, 0.0012043796014, 0.00164202519227, 0.000733732653316, -0.00681195640936, 0.0205796118826]], "mean": [-31.2584342957, 77.6645050049, -105.599327087, 42.3286514282, -41.5967941284, 14.7583503723, -36.9073448181, 10.5533857346, -30.3363437653, -1.03628313541, -16.6590766907, -2.20571088791, -17.9065227509]}, "hfc": {"dmean": 5.58856487274, "dmean2": 7.51259422302, "dvar": 76.9690475464, "dvar2": 146.836776733, "max": 152.580535889, "mean": 18.4038028717, "median": 11.5579366684, "min": 1.12673844656e-16, "var": 338.392822266}, "melbands": {"dmean": [0.000553876743652, 0.00143263489008, 0.0013459053589, 0.000241561341682, 6.96920396877e-05, 7.85709780757e-05, 4.3887677748e-05, 3.87741238228e-05, 4.36382324551e-05, 4.47683887614e-05, 4.02505829697e-05, 2.54762944678e-05, 5.05732969032e-05, 3.28169480781e-05, 2.40128410951e-05, 2.11801689147e-05, 2.00475915335e-05, 1.73502303369e-05, 2.16839707718e-05, 1.55034667841e-05, 1.63271688507e-05, 1.08578306026e-05, 7.38902326702e-06, 7.21968990547e-06, 1.36477683554e-05, 1.85390726983e-05, 1.14482963909e-05, 4.81387633045e-06, 2.18076957026e-06, 1.83396093689e-06, 1.8653212237e-06, 2.02476985578e-06, 1.57046042659e-06, 1.26815200474e-06, 1.375985903e-06, 9.17593013128e-07, 6.79383106217e-07, 5.27409667939e-07, 4.36932964476e-07, 4.05228973932e-07], "dmean2": [0.000905289663933, 0.0024591749534, 0.00217318348587, 0.000404166145017, 0.000113092391985, 0.000123712525237, 7.15081187082e-05, 6.34962780168e-05, 7.17308357707e-05, 7.03465047991e-05, 6.04229499004e-05, 3.97348921979e-05, 8.03530128906e-05, 4.84527772642e-05, 3.76088464691e-05, 3.30282200594e-05, 3.12288175337e-05, 2.66803399427e-05, 3.34037285938e-05, 2.35867610172e-05, 2.45130868279e-05, 1.66829413502e-05, 1.14467429739e-05, 1.11845383799e-05, 1.99725363927e-05, 2.63316105702e-05, 1.65661858773e-05, 7.30154442863e-06, 3.54862095264e-06, 2.99327325592e-06, 2.96942857858e-06, 3.21530228575e-06, 2.49838103628e-06, 2.01813918466e-06, 2.17772526412e-06, 1.42301723827e-06, 1.03380136807e-06, 8.06591287983e-07, 6.57446321384e-07, 5.80450091547e-07], "dvar": [1.67535938544e-06, 1.01718533188e-05, 1.01477780845e-05, 3.08803464577e-07, 2.22931255678e-08, 2.60150869735e-08, 1.08583533276e-08, 8.45292991158e-09, 1.05432986786e-08, 1.56947042029e-08, 1.61615805183e-08, 6.83341783159e-09, 3.4386580694e-08, 1.15900498088e-08, 4.99492136541e-09, 2.83345880092e-09, 2.40996067546e-09, 1.62316204921e-09, 3.2754972068e-09, 1.95491756116e-09, 1.39832478929e-09, 4.58326404607e-10, 1.87352883207e-10, 1.5928378061e-10, 9.58319090749e-10, 1.35284339287e-09, 6.1930138795e-10, 1.15672131595e-10, 3.01452092455e-11, 2.51787861394e-11, 2.8258969817e-11, 2.58989444474e-11, 1.57926016014e-11, 1.13950533037e-11, 1.04672520651e-11, 4.39147719924e-12, 2.44782124258e-12, 1.89544300394e-12, 1.06180450717e-12, 8.05342121116e-13], "dvar2": [4.09556878367e-06, 2.81216034637e-05, 2.47757652687e-05, 8.20877630758e-07, 6.05098904316e-08, 6.36700505652e-08, 2.72164655257e-08, 2.43449420623e-08, 2.80047913748e-08, 3.69963331082e-08, 3.34579084438e-08, 1.6602507813e-08, 8.91861020591e-08, 2.32592007876e-08, 1.18913172642e-08, 6.63196964013e-09, 5.66617819331e-09, 3.66614649749e-09, 7.37379357574e-09, 4.7800745584e-09, 2.98278601818e-09, 1.0322007693e-09, 4.29903973531e-10, 3.60750207484e-10, 2.03257788378e-09, 2.76072786853e-09, 1.24422583347e-09, 2.35165081852e-10, 8.02724345328e-11, 6.59697019234e-11, 7.222516335e-11, 6.51963344422e-11, 4.00728235317e-11, 2.87650979425e-11, 2.48987046259e-11, 1.04256221711e-11, 6.0199015911e-12, 4.57091959769e-12, 2.42673134192e-12, 1.62832713892e-12], "max": [0.0174480397254, 0.0339141376317, 0.0293372254819, 0.0071109207347, 0.00398498121649, 0.00495544169098, 0.00365220475942, 0.00312148034573, 0.00215866300277, 0.00334947812371, 0.0039674481377, 0.00351311801933, 0.00477093225345, 0.00333210336976, 0.0018241009675, 0.00188962358516, 0.000905940309167, 0.00128970167134, 0.00218255049549, 0.00214423635043, 0.00117291184142, 0.00037499415339, 0.000277590705082, 0.000292428652756, 0.00114396272693, 0.000889041693881, 0.000735140696634, 0.000450855237432, 0.000103600279544, 8.72646196513e-05, 0.00013381773897, 0.000103181751911, 9.66942170635e-05, 0.000103206773929, 8.59753636178e-05, 5.83968903811e-05, 3.69913432223e-05, 4.65480261482e-05, 2.32314851019e-05, 3.08259586745e-05], "mean": [0.000843689660542, 0.00204855296761, 0.00180763064418, 0.000418643234298, 0.000145295533002, 0.000150650594151, 7.92110004113e-05, 6.64425533614e-05, 6.76064373692e-05, 6.83267280692e-05, 6.4989872044e-05, 4.51360610896e-05, 7.9029428889e-05, 5.27261581738e-05, 3.8441925426e-05, 3.58380784746e-05, 3.37045603374e-05, 2.92104632535e-05, 3.5727120121e-05, 2.71066437563e-05, 2.8907408705e-05, 2.02966966754e-05, 1.40435959111e-05, 1.43808838402e-05, 2.6376783353e-05, 3.71820024156e-05, 2.22105754801e-05, 8.95964149095e-06, 3.68713790522e-06, 3.0050919122e-06, 3.25827386405e-06, 3.7325021367e-06, 2.86715749098e-06, 2.34609842664e-06, 2.62836783804e-06, 1.80427082341e-06, 1.37689698931e-06, 1.07372409275e-06, 8.94992524536e-07, 8.58445957874e-07], "median": [0.000412781664636, 0.00118182797451, 0.000863201159518, 0.000244601891609, 9.49131863308e-05, 8.30341596156e-05, 4.03491649195e-05, 2.8337157346e-05, 2.28436147154e-05, 2.04837378988e-05, 1.41282180266e-05, 1.22783703773e-05, 1.76950234163e-05, 1.49081915879e-05, 1.12518337119e-05, 1.13834576041e-05, 1.05365870695e-05, 9.22301387618e-06, 1.03555084934e-05, 9.11854931473e-06, 1.00954330264e-05, 8.51839195093e-06, 6.66199048283e-06, 7.00799228071e-06, 7.62461741033e-06, 1.00569923234e-05, 6.09182779954e-06, 3.26657618643e-06, 1.46482773289e-06, 9.20838942875e-07, 8.51658796819e-07, 9.73353394329e-07, 7.40061636861e-07, 6.55892904433e-07, 8.00737325335e-07, 5.82927839332e-07, 4.77680259792e-07, 3.38771513952e-07, 2.24839908469e-07, 1.92514974628e-07], "min": [4.79649202935e-24, 2.56508891284e-24, 3.01321338018e-24, 2.60014155273e-24, 2.72849277189e-24, 2.65066414941e-24, 3.65775592988e-24, 4.17100303431e-24, 2.54251427753e-24, 1.98491327149e-24, 3.70190610816e-24, 2.3398665606e-24, 2.90924289338e-24, 2.19595308794e-24, 3.82326013109e-24, 4.69193601055e-24, 5.67323953359e-24, 5.31267211863e-24, 4.03885266104e-24, 3.71998048922e-24, 4.51983456559e-24, 6.08787271399e-24, 5.15228170824e-24, 5.65013221996e-24, 5.43856919151e-24, 5.13227580126e-24, 6.8049066505e-24, 6.90940074372e-24, 6.47679021216e-24, 6.70539026958e-24, 7.81592577499e-24, 6.58502981697e-24, 4.97881001189e-24, 6.49892249372e-24, 5.64672079097e-24, 6.46261595942e-24, 5.51140590218e-24, 7.88862167398e-24, 5.18319006737e-24, 5.87726578496e-24], "var": [2.21703453462e-06, 9.58714099397e-06, 1.09175553007e-05, 3.59403088623e-07, 3.24036122379e-08, 4.88339217952e-08, 1.72799463627e-08, 1.42540148573e-08, 1.69878564549e-08, 2.83165579873e-08, 3.77383599925e-08, 1.38714630893e-08, 6.12442576653e-08, 2.50039349226e-08, 9.72981339942e-09, 6.46672937421e-09, 5.27690469099e-09, 3.944087279e-09, 7.71457742132e-09, 4.22722568061e-09, 3.33420846488e-09, 1.0858201005e-09, 4.31311014681e-10, 4.53544701795e-10, 2.74148126422e-09, 4.58845805795e-09, 1.91004656536e-09, 3.15253850802e-10, 4.06144701204e-11, 3.63759578015e-11, 4.91015353377e-11, 4.94999145839e-11, 2.9893344744e-11, 2.12202026784e-11, 2.22931690469e-11, 9.74295383954e-12, 5.33634985159e-12, 3.82400838425e-12, 2.58031855431e-12, 2.28820066193e-12]}, "melbands_crest": {"dmean": 3.13588523865, "dmean2": 5.13425302505, "dvar": 9.32671546936, "dvar2": 24.7842540741, "max": 31.2233638763, "mean": 14.912027359, "median": 14.4617824554, "min": 1.77943825722, "var": 23.8418445587}, "melbands_flatness_db": {"dmean": 0.0260633509606, "dmean2": 0.0410440191627, "dvar": 0.000749916478526, "dvar2": 0.00191726570483, "max": 0.546602964401, "mean": 0.192918643355, "median": 0.179942324758, "min": 0.00265892199241, "var": 0.0056116739288}, "melbands_kurtosis": {"dmean": 9.72700691223, "dmean2": 15.4342947006, "dvar": 317.162261963, "dvar2": 796.274047852, "max": 428.223236084, "mean": 18.2371368408, "median": 10.3386964798, "min": -1.79251861572, "var": 726.976989746}, "melbands_skewness": {"dmean": 0.883547484875, "dmean2": 1.36162650585, "dvar": 1.04253673553, "dvar2": 2.51709914207, "max": 14.7443132401, "mean": 3.18944787979, "median": 2.98491811752, "min": -2.21805953979, "var": 3.73212718964}, "melbands_spread": {"dmean": 8.46343803406, "dmean2": 12.9805879593, "dvar": 98.1886062622, "dvar2": 217.071304321, "max": 153.390335083, "mean": 28.257484436, "median": 22.8265514374, "min": 0.584395170212, "var": 418.198760986}, "mfcc": {"cov": [[13613.3056641, -1091.27294922, -411.376678467, 504.010253906, -36.4962120056, -21.8910770416, 12.8351945877, 168.24041748, -66.2583999634, 334.670410156, 90.9858856201, -202.063827515, 12.9435720444], [-1091.27294922, 1296.32421875, -195.297195435, 23.1716175079, 116.487510681, -51.8876914978, 80.2602386475, 6.15321826935, 6.26203298569, -35.692527771, -29.7025241852, 49.0147514343, 23.3980789185], [-411.376678467, -195.297195435, 885.314208984, 16.7511138916, 3.92752027512, 161.237747192, -38.9979629517, -9.77293968201, 105.656425476, -65.6762695312, 74.3168792725, 66.0155181885, -17.8722248077], [504.010253906, 23.1716175079, 16.7511138916, 292.98651123, 60.6563873291, 19.9583969116, -23.1475505829, 0.731722295284, -0.917603731155, 27.1681995392, -10.3231153488, -20.852355957, 42.9891967773], [-36.4962120056, 116.487510681, 3.92752027512, 60.6563873291, 172.706253052, 17.8100528717, 10.72701931, 1.38389849663, 11.4833860397, 20.9548072815, -2.22218155861, 6.21933364868, 14.9622392654], [-21.8910770416, -51.8876914978, 161.237747192, 19.9583969116, 17.8100528717, 152.96270752, 23.7632274628, 3.12838935852, 31.0380191803, -27.4466743469, 2.13738036156, 9.18836784363, -9.91402339935], [12.8351945877, 80.2602386475, -38.9979629517, -23.1475505829, 10.72701931, 23.7632274628, 141.623077393, 40.812877655, 1.16244518757, -8.28267097473, -10.5697078705, 11.5763597488, -12.2634096146], [168.24041748, 6.15321826935, -9.77293968201, 0.731722295284, 1.38389849663, 3.12838935852, 40.812877655, 98.4112548828, 7.53641796112, 13.6696252823, 2.80314397812, -18.3672866821, 1.69011878967], [-66.2583999634, 6.26203298569, 105.656425476, -0.917603731155, 11.4833860397, 31.0380191803, 1.16244518757, 7.53641796112, 107.875099182, 12.9753513336, 24.5430679321, 20.3430118561, -21.7864570618], [334.670410156, -35.692527771, -65.6762695312, 27.1681995392, 20.9548072815, -27.4466743469, -8.28267097473, 13.6696252823, 12.9753513336, 116.99357605, 23.9972400665, -13.5446157455, 3.36639261246], [90.9858856201, -29.7025241852, 74.3168792725, -10.3231153488, -2.22218155861, 2.13738036156, -10.5697078705, 2.80314397812, 24.5430679321, 23.9972400665, 92.9474563599, 24.3684234619, -9.02904224396], [-202.063827515, 49.0147514343, 66.0155181885, -20.852355957, 6.21933364868, 9.18836784363, 11.5763597488, -18.3672866821, 20.3430118561, -13.5446157455, 24.3684234619, 85.6438217163, 0.0234047789127], [12.9435720444, 23.3980789185, -17.8722248077, 42.9891967773, 14.9622392654, -9.91402339935, -12.2634096146, 1.69011878967, -21.7864570618, 3.36639261246, -9.02904224396, 0.0234047789127, 78.0021591187]], "icov": [[9.54252682277e-05, 7.96112944954e-05, 5.32990707143e-05, -0.000177398978849, 4.01950674132e-05, -2.43394897552e-05, -5.68594914512e-05, -0.000103409947769, 5.48651587451e-05, -0.000156650683493, -0.000120416378195, 7.6942735177e-05, 6.08869086136e-05], [7.96112944954e-05, 0.0010210480541, 0.000276323931757, -0.000228715187404, -0.00061461905716, 0.000411829183577, -0.000485284661409, -9.91783163045e-05, -0.000319329905324, 0.000460631243186, 9.09764082735e-07, -0.000471951323561, -0.000142859411426], [5.32990707143e-05, 0.000276323931757, 0.00188226194587, -0.000240086461417, -5.91922653257e-05, -0.00147058942821, 0.000710953841917, -0.000342821906088, -0.00111649686005, 0.00107224367093, -0.00115533603821, -0.000785742362496, -7.61128903832e-05], [-0.000177398978849, -0.000228715187404, -0.000240086461417, 0.00456564268097, -0.00120079377666, -0.000696776958648, 0.000692674715538, 0.00030509851058, -0.000201956529054, -0.000628013571259, 0.000619405007455, 0.000915808777791, -0.00218703551218], [4.01950674132e-05, -0.00061461905716, -5.91922653257e-05, -0.00120079377666, 0.00706913135946, -0.00101477769203, -0.000405392289395, 0.000260705273831, -0.00031540406053, -0.00168612739071, 0.000369524816051, -0.000390619330574, -0.000700859411154], [-2.43394897552e-05, 0.000411829183577, -0.00147058942821, -0.000696776958648, -0.00101477769203, 0.00940442457795, -0.00223642936908, 0.000480550748762, -0.00158091157209, 0.00182304647751, 0.000571704527829, 0.000641893362626, 0.000501244619954], [-5.68594914512e-05, -0.000485284661409, 0.000710953841917, 0.000692674715538, -0.000405392289395, -0.00223642936908, 0.0098346658051, -0.00448878109455, 0.00072692631511, 0.000299800332868, 0.0013260114938, -0.00276142940857, 0.00171753333416], [-0.000103409947769, -9.91783163045e-05, -0.000342821906088, 0.00030509851058, 0.000260705273831, 0.000480550748762, -0.00448878109455, 0.0132075194269, -0.00150385173038, -0.000871585274581, -0.00114465644583, 0.00406559742987, -0.00169675098732], [5.48651587451e-05, -0.000319329905324, -0.00111649686005, -0.000201956529054, -0.00031540406053, -0.00158091157209, 0.00072692631511, -0.00150385173038, 0.0126300472766, -0.00249987002462, -0.000890781753697, -0.00224749161862, 0.00348170730285], [-0.000156650683493, 0.000460631243186, 0.00107224367093, -0.000628013571259, -0.00168612739071, 0.00182304647751, 0.000299800332868, -0.000871585274581, -0.00249987002462, 0.0119357993826, -0.00353316357359, 0.00157367589418, -0.000522027607076], [-0.000120416378195, 9.09764082735e-07, -0.00115533603821, 0.000619405007455, 0.000369524816051, 0.000571704527829, 0.0013260114938, -0.00114465644583, -0.000890781753697, -0.00353316357359, 0.0144195016474, -0.00420648418367, 0.0012227348052], [7.6942735177e-05, -0.000471951323561, -0.000785742362496, 0.000915808777791, -0.000390619330574, 0.000641893362626, -0.00276142940857, 0.00406559742987, -0.00224749161862, 0.00157367589418, -0.00420648418367, 0.0161413978785, -0.00210910057649], [6.08869086136e-05, -0.000142859411426, -7.61128903832e-05, -0.00218703551218, -0.000700859411154, 0.000501244619954, 0.00171753333416, -0.00169675098732, 0.00348170730285, -0.000522027607076, 0.0012227348052, -0.00210910057649, 0.0156829040498]], "mean": [-675.163757324, 108.584213257, 1.02226018906, 31.7275295258, 16.1011772156, 7.53005313873, 7.8068523407, 8.02125453949, -5.62037420273, 3.84152555466, -2.41986298561, -4.64364910126, 1.63833904266]}, "pitch_salience": {"dmean": 0.0714898183942, "dmean2": 0.119013436139, "dvar": 0.00480372132733, "dvar2": 0.0136236101389, "max": 0.867213606834, "mean": 0.546223402023, "median": 0.55012345314, "min": 0.177956938744, "var": 0.00957896281034}, "silence_rate_20dB": {"dmean": 0, "dmean2": 0, "dvar": 0, "dvar2": 0, "max": 1, "mean": 1, "median": 1, "min": 1, "var": 0}, "silence_rate_30dB": {"dmean": 0.00079999997979, "dmean2": 0.00160016003065, "dvar": 0.000799267494585, "dvar2": 0.00239730882458, "max": 1, "mean": 0.999600052834, "median": 1, "min": 0, "var": 0.000399843615014}, "silence_rate_60dB": {"dmean": 0.0140000004321, "dmean2": 0.0280028004199, "dvar": 0.0138060795143, "dvar2": 0.0300149433315, "max": 1, "mean": 0.159784018993, "median": 0, "min": 0, "var": 0.134236261249}, "spectral_centroid": {"dmean": 295.626678467, "dmean2": 450.329833984, "dvar": 120136.804688, "dvar2": 269551.625, "max": 11333.6845703, "mean": 1672.18359375, "median": 1642.7532959, "min": 139.196792603, "var": 681008.1875}, "spectral_complexity": {"dmean": 3.50500011444, "dmean2": 5.14351415634, "dvar": 18.7110042572, "dvar2": 35.9817123413, "max": 54, "mean": 17.7599239349, "median": 16, "min": 0, "var": 149.176300049}, "spectral_contrast_coeffs": {"dmean": [0.0474249720573, 0.0389676652849, 0.0329118967056, 0.0275661461055, 0.0231254380196, 0.0157783571631], "dmean2": [0.0773683786392, 0.0635397061706, 0.0519580692053, 0.0436844155192, 0.0344944819808, 0.0245314799249], "dvar": [0.0019678499084, 0.0010720040882, 0.00081484077964, 0.000559120904654, 0.000465601071483, 0.000246246025199], "dvar2": [0.00493101356551, 0.0028333789669, 0.00187925819773, 0.00126768869814, 0.000862592540216, 0.000544772483408], "max": [-0.351111263037, -0.435778319836, -0.460106700659, -0.51157104969, -0.496673047543, -0.626524865627], "mean": [-0.644114911556, -0.7600736022, -0.790384173393, -0.789647877216, -0.772600352764, -0.784261465073], "median": [-0.646950244904, -0.762758731842, -0.801770091057, -0.798487365246, -0.783898353577, -0.786178648472], "min": [-0.988671898842, -0.97347599268, -0.983976066113, -0.969564914703, -0.978872358799, -0.964145720005], "var": [0.00527545250952, 0.00395887345076, 0.0041175102815, 0.00325294281356, 0.00405028136447, 0.00181137491018]}, "spectral_contrast_valleys": {"dmean": [0.331883043051, 0.296040296555, 0.269773691893, 0.273121207952, 0.260127812624, 0.252359420061], "dmean2": [0.539840996265, 0.475687414408, 0.423217713833, 0.406760036945, 0.357863754034, 0.327941894531], "dvar": [0.0882434174418, 0.0801508873701, 0.073067843914, 0.0910137295723, 0.111386485398, 0.147359058261], "dvar2": [0.199384763837, 0.176695778966, 0.143814474344, 0.157503023744, 0.181973993778, 0.236077398062], "max": [-5.42184829712, -5.38498163223, -5.4505815506, -5.78326034546, -5.75730133057, -7.8920135498], "mean": [-7.47768497467, -7.34174728394, -7.80662345886, -8.01907348633, -7.8115978241, -10.3443775177], "median": [-7.07482862473, -7.01360654831, -7.52380657196, -7.71207809448, -7.43319892883, -10.0202465057], "min": [-28.0149745941, -28.0340709686, -27.4841632843, -27.6788349152, -27.4554443359, -27.4199829102], "var": [2.19243121147, 1.97338581085, 1.88950967789, 2.11927270889, 2.4360768795, 2.56066989899]}, "spectral_decrease": {"dmean": 2.30577157367e-09, "dmean2": 3.66017771647e-09, "dvar": 1.77535756552e-17, "dvar2": 4.28022060249e-17, "max": 1.53646863177e-28, "mean": -5.14258946538e-09, "median": -3.59778806747e-09, "min": -4.08182572187e-08, "var": 2.81236643708e-17}, "spectral_energy": {"dmean": 0.00908350106329, "dmean2": 0.0142794614658, "dvar": 0.000265840237262, "dvar2": 0.000633720133919, "max": 0.157166048884, "mean": 0.0210785679519, "median": 0.0148732643574, "min": 1.04113144345e-20, "var": 0.000447895901743}, "spectral_energyband_high": {"dmean": 0.000329875241732, "dmean2": 0.00046747433953, "dvar": 5.96158997723e-07, "dvar2": 1.33647108669e-06, "max": 0.0167609956115, "mean": 0.000829226744827, "median": 0.000340252794558, "min": 7.4502477562e-21, "var": 1.58623481639e-06}, "spectral_energyband_low": {"dmean": 0.00697911065072, "dmean2": 0.0115247694775, "dvar": 0.000198496243684, "dvar2": 0.000499859277625, "max": 0.149454504251, "mean": 0.0109812021255, "median": 0.00618002796546, "min": 3.26113772932e-23, "var": 0.000241875939537}, "spectral_energyband_middle_high": {"dmean": 0.00153300655074, "dmean2": 0.00209248345345, "dvar": 6.02101181357e-06, "dvar2": 1.1729634025e-05, "max": 0.0496654212475, "mean": 0.00461312290281, "median": 0.00207609171048, "min": 1.47483859643e-21, "var": 3.40817896358e-05}, "spectral_energyband_middle_low": {"dmean": 0.00394080625847, "dmean2": 0.00631068320945, "dvar": 7.91508282418e-05, "dvar2": 0.000188103644177, "max": 0.0992438569665, "mean": 0.00717652169988, "median": 0.00487689999864, "min": 2.1854380375e-22, "var": 9.64026694419e-05}, "spectral_entropy": {"dmean": 0.128557935357, "dmean2": 0.19107092917, "dvar": 0.0260943360627, "dvar2": 0.0543448217213, "max": 9.81740760803, "mean": 7.66240930557, "median": 7.74119472504, "min": 5.18861865997, "var": 0.238160386682}, "spectral_flux": {"dmean": 0.0234385468066, "dmean2": 0.0363948196173, "dvar": 0.0011313696159, "dvar2": 0.00243498082273, "max": 0.334957778454, "mean": 0.0693518817425, "median": 0.0586654171348, "min": 6.55415791084e-11, "var": 0.00285793072544}, "spectral_kurtosis": {"dmean": 1.26508045197, "dmean2": 2.0316028595, "dvar": 3.57372784615, "dvar2": 8.9133310318, "max": 59.4645614624, "mean": 4.75089359283, "median": 3.9290304184, "min": -1.24569785595, "var": 17.1749362946}, "spectral_rms": {"dmean": 0.000788466364611, "dmean2": 0.00119674694724, "dvar": 1.31116337343e-06, "dvar2": 2.87480020233e-06, "max": 0.0123827597126, "mean": 0.00397266726941, "median": 0.00380926509388, "min": 3.18706454457e-12, "var": 4.78242236568e-06}, "spectral_rolloff": {"dmean": 669.50012207, "dmean2": 1124.51647949, "dvar": 1058637.25, "dvar2": 2555898, "max": 19315.2832031, "mean": 1817.87341309, "median": 1421.19140625, "min": 107.666015625, "var": 2772001}, "spectral_skewness": {"dmean": 0.172873556614, "dmean2": 0.27060842514, "dvar": 0.0496411174536, "dvar2": 0.112248465419, "max": 6.24485874176, "mean": 1.47925925255, "median": 1.4215785265, "min": -0.0496039874852, "var": 0.301237910986}, "spectral_spread": {"dmean": 502296.84375, "dmean2": 659564.75, "dvar": 672701808640, "dvar2": 1281448476670.0, "max": 53598160, "mean": 4951215.5, "median": 4490