{"lowlevel": {"average_loudness": 0.720951080322, "barkbands": {"dmean": [0.000201949180337, 0.00248798332177, 0.000752789434046, 0.000409452681197, 0.00104644510429, 0.000536953739356, 0.000363465747796, 0.000380115729058, 0.00132480775937, 0.000856031489093, 0.000510445679538, 0.000789110781625, 0.00042998950812, 0.000772605882958, 0.000552727899048, 0.000328226218699, 0.000227100463235, 0.00015501503367, 0.000139584139106, 0.000166086421814, 0.000156760812388, 0.000104944985651, 6.52848611935e-05, 4.95412496093e-05, 3.44500331266e-05, 3.41850500263e-05, 2.84473640022e-06], "dmean2": [0.000297118298477, 0.00407424475998, 0.00128900306299, 0.000680889934301, 0.00178246654104, 0.000885624496732, 0.000572537595872, 0.00060580635909, 0.00208253925666, 0.00137235748116, 0.000814677448943, 0.00122581748292, 0.000677742820699, 0.00122759595979, 0.000876368314493, 0.000536593201105, 0.000371060159523, 0.000253368925769, 0.000229829587624, 0.000273711310001, 0.000259778054897, 0.000169916340383, 9.7874290077e-05, 7.24737910787e-05, 4.8633057304e-05, 4.83787880512e-05, 4.58628392153e-06], "dvar": [6.10219274222e-07, 7.73449137341e-05, 3.87136333302e-06, 9.24329469854e-07, 6.14025293544e-06, 4.86897943119e-06, 8.36638321289e-07, 1.50619314354e-06, 1.38724044518e-05, 7.28445638742e-06, 2.79066512121e-06, 5.18353908774e-06, 1.52902805439e-06, 3.5323978409e-06, 2.12966415347e-06, 5.68890811792e-07, 1.64042475603e-07, 8.29763493471e-08, 6.95652957461e-08, 1.27515107806e-07, 1.74302471123e-07, 1.01771611583e-07, 2.48260150215e-08, 1.52158552424e-08, 6.11058448285e-09, 7.8737114606e-09, 1.37911598808e-10], "dvar2": [1.26451664073e-06, 0.000194970736629, 1.11685940283e-05, 2.56135967902e-06, 1.71864321601e-05, 1.37638326123e-05, 2.01320381166e-06, 3.62084438166e-06, 3.31622140948e-05, 1.76408120751e-05, 6.55516987536e-06, 1.19946271298e-05, 3.52498000211e-06, 8.27413623483e-06, 4.74106218462e-06, 1.40148711125e-06, 4.12018749785e-07, 2.09376992188e-07, 1.81787783049e-07, 3.28734785171e-07, 4.68240898499e-07, 2.65760462526e-07, 5.10930604491e-08, 2.99889642008e-08, 1.14098348547e-08, 1.6512151646e-08, 3.70868086241e-10], "max": [0.0231241136789, 0.100874662399, 0.0375773496926, 0.0366190224886, 0.032816875726, 0.148400917649, 0.0329179354012, 0.0350547358394, 0.138079956174, 0.091358974576, 0.0449392199516, 0.0562253668904, 0.0309453513473, 0.0383243374527, 0.0327216871083, 0.0185939241201, 0.00869944877923, 0.00771648669615, 0.0069587896578, 0.0077669727616, 0.00698534445837, 0.00763701926917, 0.00311663234606, 0.00439243810251, 0.00203634658828, 0.00209449557588, 0.000412027933635], "mean": [0.000208017721889, 0.00296572945081, 0.00129248399753, 0.000761944625992, 0.00163837755099, 0.00094942265423, 0.000602459651418, 0.000525798706803, 0.00233301054686, 0.00117891363334, 0.000802857917733, 0.00133528164588, 0.000641048594844, 0.0012171267299, 0.000907396082766, 0.000579325307626, 0.000434760819189, 0.000301798077999, 0.000286008260446, 0.000331906572683, 0.000295981823001, 0.000185919518117, 0.000137670431286, 0.000112473200716, 7.51219049562e-05, 5.95155943302e-05, 3.58816032531e-06], "median": [1.12675797936e-05, 0.0013359200675, 0.000810370082036, 0.000409339554608, 0.000978947384283, 0.000444940465968, 0.000224180199439, 0.000172786181793, 0.000473070365842, 0.000187847224879, 0.000145098383655, 0.000253497302765, 0.000183605894563, 0.000418029172579, 0.000280126841972, 0.000248959375313, 0.000242187001277, 0.00017300673062, 0.000162579017342, 0.000169973020093, 0.000141812517541, 7.18888259144e-05, 5.31252808287e-05, 4.64604163426e-05, 3.20000581269e-05, 2.18606710405e-05, 1.13478961339e-06], "min": [2.98864440589e-25, 2.5345404715e-24, 7.8591243898e-25, 3.91300331425e-24, 1.14882223835e-23, 8.29038222213e-24, 1.66288754931e-23, 6.34018277477e-24, 1.95710032366e-23, 1.35834227483e-23, 2.02599501751e-23, 4.8874546337e-23, 5.78650552343e-23, 3.48954388473e-23, 6.73564844955e-23, 5.43636866401e-23, 8.8778103351e-23, 1.13881588487e-22, 1.41269135176e-22, 2.0687589463e-22, 3.10507971147e-22, 3.66425006951e-22, 4.62223265539e-22, 6.04357017511e-22, 9.15102278018e-22, 1.44468214796e-21, 2.19620229068e-21], "var": [7.21855542452e-07, 6.69691726216e-05, 3.82691223422e-06, 1.48396634359e-06, 5.89756155023e-06, 4.3827767513e-06, 1.89670197415e-06, 1.86899194432e-06, 2.92492786684e-05, 1.19887163237e-05, 5.7649590417e-06, 1.21846505863e-05, 2.78349330074e-06, 6.55937446936e-06, 4.42458576799e-06, 1.31584511109e-06, 3.78375091259e-07, 1.75602011154e-07, 1.5060028602e-07, 2.27349232773e-07, 2.28168872241e-07, 1.25909494386e-07, 5.99158909154e-08, 4.57928734932e-08, 1.70988716519e-08, 1.39505242913e-08, 1.25006796581e-10]}, "barkbands_crest": {"dmean": 2.4510846138, "dmean2": 3.98693299294, "dvar": 5.78614521027, "dvar2": 14.4959287643, "max": 26.1644992828, "mean": 8.69773864746, "median": 7.73013591766, "min": 1.9782358408, "var": 16.1523513794}, "barkbands_flatness_db": {"dmean": 0.0163814760745, "dmean2": 0.0249010268599, "dvar": 0.000283842033241, "dvar2": 0.00062662322307, "max": 0.312505751848, "mean": 0.100782230496, "median": 0.0898024588823, "min": 0.0194474346936, "var": 0.00215183128603}, "barkbands_kurtosis": {"dmean": 1.61874771118, "dmean2": 2.55718493462, "dvar": 13.832616806, "dvar2": 31.8339443207, "max": 148.852966309, "mean": 1.9205545187, "median": 0.214482307434, "min": -1.95393264294, "var": 46.7401847839}, "barkbands_skewness": {"dmean": 0.408032417297, "dmean2": 0.620259284973, "dvar": 0.203412950039, "dvar2": 0.455888986588, "max": 8.9132604599, "mean": 0.857606291771, "median": 0.698283553123, "min": -11.4685668945, "var": 1.19671928883}, "barkbands_spread": {"dmean": 5.47477436066, "dmean2": 8.24389839172, "dvar": 39.0002212524, "dvar2": 79.1196746826, "max": 105.126579285, "mean": 27.2169876099, "median": 25.5019893646, "min": 1.58932507038, "var": 201.058349609}, "dissonance": {"dmean": 0.0179436951876, "dmean2": 0.0301646422595, "dvar": 0.000376919779228, "dvar2": 0.00100865378045, "max": 0.500000119209, "mean": 0.465556651354, "median": 0.474594295025, "min": 0.226116880774, "var": 0.000904417422134}, "dynamic_complexity": 4.85772705078, "erbbands": {"dmean": [0.0921769440174, 0.508073508739, 0.894352316856, 1.10922682285, 2.63710713387, 3.9107708931, 2.81474661827, 5.3152961731, 4.90435171127, 6.53952407837, 9.22594642639, 22.4380912781, 38.8967666626, 18.7426128387, 23.713760376, 27.2013664246, 17.875207901, 36.390296936, 30.1253185272, 19.3930130005, 18.4616394043, 12.5961389542, 7.94724369049, 7.46426677704, 6.76186943054, 7.6985206604, 7.41754102707, 5.07272434235, 3.88511490822, 2.44728159904, 1.81520032883, 1.3849401474, 0.718395531178, 0.403616905212, 0.25272321701, 0.179051727057, 0.0559523589909, 0.00979214161634, 0.000359111931175, 1.60861654876e-05], "dmean2": [0.148711144924, 0.877907395363, 1.55638468266, 1.83794057369, 4.57017421722, 6.63118982315, 4.53213977814, 8.78482246399, 7.8348031044, 10.245382309, 14.4845485687, 35.2012252808, 59.88022995, 29.2912368774, 36.5309486389, 42.188457489, 27.5660877228, 57.3669662476, 47.1033401489, 30.4988021851, 30.0280246735, 20.4664554596, 12.9637441635, 12.2088689804, 10.990893364, 12.6713447571, 12.3137168884, 8.36196041107, 6.3048286438, 3.84346961975, 2.71803069115, 2.06462907791, 1.04750204086, 0.584070026875, 0.359975636005, 0.255923390388, 0.0802767425776, 0.0144802033901, 0.000574127479922, 2.41694888246e-05], "dvar": [0.113554269075, 3.37741565704, 6.86679601669, 6.98474979401, 42.6692085266, 82.4218978882, 44.9845466614, 516.987670898, 191.650894165, 274.17489624, 1048.31811523, 5596.65869141, 11615.0253906, 5134.88623047, 4540.81787109, 6175.97314453, 2330.2434082, 9398.921875, 6678.48730469, 2123.77514648, 1846.25793457, 529.275512695, 239.712966919, 189.276550293, 162.992477417, 288.444702148, 351.70135498, 220.626281738, 150.367706299, 42.4510192871, 18.4047718048, 10.871386528, 4.55047273636, 1.01075232029, 0.310466557741, 0.274690896273, 0.0175632461905, 0.000602726766374, 3.80963592761e-06, 3.10549785887e-09], "dvar2": [0.271072506905, 9.20830154419, 19.8000946045, 19.5458068848, 118.505531311, 230.748352051, 117.161643982, 1462.89929199, 487.0652771, 616.174499512, 2445.96191406, 13909.1318359, 27395.4023438, 12360.3632813, 10362.7207031, 14549.5175781, 5317.06298828, 21946.1796875, 14488.4404297, 4633.99267578, 4495.76171875, 1298.62036133, 593.84552002, 482.911254883, 414.706787109, 736.408752441, 939.815246582, 590.808654785, 395.150939941, 103.442977905, 38.1078338623, 22.3599071503, 9.69734287262, 1.95930194855, 0.596683859825, 0.602549135685, 0.0359662994742, 0.00133246497717, 1.05602139229e-05, 8.44407832545e-09], "max": [3.9250767231, 22.2473144531, 42.9623146057, 99.6010360718, 107.949188232, 131.487503052, 329.423156738, 1516.36499023, 527.772033691, 523.538757324, 1212.42321777, 3378.88598633, 1728.22021484, 3548.0859375, 1860.95825195, 2125.67041016, 1279.10742188, 2137.9777832, 2121.25927734, 1491.6036377, 1266.39465332, 610.136535645, 538.836242676, 286.49130249, 322.14654541, 379.021514893, 315.954498291, 243.983688354, 320.263549805, 134.991348267, 102.524963379, 96.0986328125, 115.058174133, 32.8894844055, 11.9849205017, 12.8529081345, 3.73075509071, 0.538166880608, 0.0774883329868, 0.00249634683132], "mean": [0.0980804637074, 0.608782470226, 1.43337416649, 2.28601551056, 3.83864426613, 5.84539890289, 5.52457904816, 8.83361434937, 8.09181404114, 11.2165527344, 14.2452507019, 37.0767593384, 63.6505203247, 33.1822433472, 43.4533233643, 46.8409729004, 31.4915733337, 60.1110572815, 51.92162323, 35.0443992615, 34.7919158936, 26.0651893616, 16.8186779022, 15.8461256027, 14.7997179031, 15.4802389145, 14.0597448349, 9.3447599411, 6.80052757263, 4.73980236053, 3.86883425713, 2.92458128929, 1.6097407341, 0.887038171291, 0.518419086933, 0.303898096085, 0.0964882969856, 0.0161638241261, 0.000474173721159, 3.90510213037e-05], "median": [0.0275122374296, 0.319109648466, 0.925409555435, 1.44370734692, 2.12885785103, 3.05743861198, 3.09529685974, 3.7434027195, 3.10502743721, 4.6042766571, 5.03463411331, 9.42769622803, 11.3570384979, 7.79385662079, 9.81472492218, 11.3945264816, 10.8787527084, 18.8411903381, 19.6388683319, 14.4764385223, 15.9641933441, 14.6172828674, 10.5045213699, 9.30280017853, 8.56328296661, 7.90494251251, 6.70341157913, 4.27721261978, 2.6721227169, 1.72855019569, 1.52894484997, 1.1656665802, 0.672104895115, 0.369850367308, 0.214694976807, 0.105187430978, 0.0368087701499, 0.00636050058529, 0.000159536823048, 2.5738561817e-05], "min": [1.50395978171e-22, 2.28988296892e-22, 1.26209697192e-21, 1.50415831212e-20, 2.28124037545e-20, 2.74318682023e-20, 6.17480439878e-20, 8.2896480236e-20, 1.24122987482e-19, 1.24459494895e-19, 1.39835089347e-19, 4.50395345741e-19, 6.45694084232e-19, 7.45519739819e-19, 1.14688095622e-18, 2.07647934991e-18, 3.01071160939e-18, 1.72161359385e-18, 3.88847018049e-18, 4.61897075023e-18, 3.04149761742e-18, 4.24494862856e-18, 6.93843605944e-18, 6.77833814701e-18, 1.09024571948e-17, 1.05845799572e-17, 1.45199744395e-17, 9.70026680689e-18, 1.22786384071e-17, 1.38657647376e-17, 1.43039231353e-17, 1.39256203539e-17, 9.7396894077e-18, 9.11543274302e-18, 7.36710297315e-18, 4.69698049944e-18, 2.80269284933e-18, 9.87748673761e-19, 2.74318526926e-19, 2.72793697015e-20], "var": [0.106892697513, 2.45337748528, 5.53216505051, 11.13697052, 41.4080734253, 85.9447784424, 70.75806427, 454.200653076, 358.58694458, 577.251403809, 1457.77819824, 8214.94824219, 23384.9121094, 11494.96875, 10795.0498047, 14254.1572266, 4874.88623047, 18322.3789063, 12862.1757813, 4769.34326172, 4642.81640625, 1384.328125, 508.560028076, 433.601989746, 354.148712158, 505.630706787, 487.853088379, 264.71182251, 175.702377319, 74.3484268188, 45.4735794067, 29.3216686249, 10.8880634308, 2.74077129364, 0.787290453911, 0.438246399164, 0.0333471409976, 0.000980619690381, 2.97796691484e-06, 3.09553205291e-09]}, "erbbands_crest": {"dmean": 2.81696605682, "dmean2": 4.56346750259, "dvar": 7.15551900864, "dvar2": 17.33162117, "max": 28.9071445465, "mean": 9.39472961426, "median": 8.34876060486, "min": 2.12469148636, "var": 22.2806930542}, "erbbands_flatness_db": {"dmean": 0.0161893293262, "dmean2": 0.0237543191761, "dvar": 0.000249638833338, "dvar2": 0.000494566455018, "max": 0.336233943701, "mean": 0.146975189447, "median": 0.140701368451, "min": 0.0330128110945, "var": 0.0018221369246}, "erbbands_kurtosis": {"dmean": 0.933372199535, "dmean2": 1.45639789104, "dvar": 1.52739548683, "dvar2": 3.45667600632, "max": 19.3266506195, "mean": 0.827991604805, "median": 0.22663269937, "min": -1.77899813652, "var": 4.04400777817}, "erbbands_skewness": {"dmean": 0.340213149786, "dmean2": 0.517326533794, "dvar": 0.110177055001, "dvar2": 0.237629801035, "max": 3.99725103378, "mean": 0.208656087518, "median": 0.126586139202, "min": -3.6787815094, "var": 0.531886041164}, "erbbands_spread": {"dmean": 6.7469534874, "dmean2": 10.3846883774, "dvar": 56.3267974854, "dvar2": 123.206054688, "max": 149.97644043, "mean": 32.9533805847, "median": 30.7485294342, "min": 3.63934850693, "var": 264.288482666}, "gfcc": {"cov": [[14019.9384766, -565.009460449, -616.25177002, 569.178283691, -194.124450684, 700.195007324, 50.4007644653, 397.686920166, -172.254226685, 476.999908447, -86.7439346313, 308.063812256, -9.55298042297], [-565.009460449, 801.45501709, -3.86869335175, -29.6681461334, 33.552406311, -70.2251358032, 28.6427536011, -40.4531974792, 10.6791553497, -101.53049469, 15.9616498947, -71.2520675659, -9.59531593323], [-616.25177002, -3.86869335175, 675.001403809, 160.431365967, 34.0705604553, 27.2304210663, -17.250295639, -2.79660844803, 45.9247322083, -9.72568035126, -3.90542531013, 39.6640625, -50.2720298767], [569.178283691, -29.6681461334, 160.431365967, 446.510406494, 63.8305625916, 26.3888263702, 0.00180389289744, 6.37461519241, 63.946018219, 82.3627700806, 5.30559682846, 63.0621604919, 9.30455207825], [-194.124450684, 33.552406311, 34.0705604553, 63.8305625916, 212.469299316, 56.5851478577, 39.4427528381, 17.6148586273, 9.34632587433, 18.7185077667, 15.4614114761, 11.2450361252, 17.4424304962], [700.195007324, -70.2251358032, 27.2304210663, 26.3888263702, 56.5851478577, 214.6118927, 92.6895065308, 33.9486465454, -16.3303108215, 20.0145111084, 21.9597053528, 19.5514087677, -9.42264842987], [50.4007644653, 28.6427536011, -17.250295639, 0.00180389289744, 39.4427528381, 92.6895065308, 166.515777588, 34.6787033081, 3.48215651512, 1.39581239223, 13.3921175003, 4.01713991165, 8.95590686798], [397.686920166, -40.4531974792, -2.79660844803, 6.37461519241, 17.6148586273, 33.9486465454, 34.6787033081, 106.794754028, 31.5579490662, 20.2398948669, -11.4585552216, 9.49377632141, 12.7641782761], [-172.254226685, 10.6791553497, 45.9247322083, 63.946018219, 9.34632587433, -16.3303108215, 3.48215651512, 31.5579490662, 97.2342834473, 24.7454395294, 5.25327396393, -3.08464288712, 8.83773517609], [476.999908447, -101.53049469, -9.72568035126, 82.3627700806, 18.7185077667, 20.0145111084, 1.39581239223, 20.2398948669, 24.7454395294, 114.601341248, 23.1910896301, 39.6778755188, 3.91357016563], [-86.7439346313, 15.9616498947, -3.90542531013, 5.30559682846, 15.4614114761, 21.9597053528, 13.3921175003, -11.4585552216, 5.25327396393, 23.1910896301, 80.3695526123, 27.1640377045, 2.47036123276], [308.063812256, -71.2520675659, 39.6640625, 63.0621604919, 11.2450361252, 19.5514087677, 4.01713991165, 9.49377632141, -3.08464288712, 39.6778755188, 27.1640377045, 88.5755615234, 21.2575187683], [-9.55298042297, -9.59531593323, -50.2720298767, 9.30455207825, 17.4424304962, -9.42264842987, 8.95590686798, 12.7641782761, 8.83773517609, 3.91357016563, 2.47036123276, 21.2575187683, 71.5342636108]], "icov": [[0.000184474658454, -0.000131982276798, 0.000238982000155, -0.000252509198617, 0.000404114252888, -0.00072794733569, 0.00039341248339, -0.000652259855997, 0.000525575014763, -0.000583224056754, 0.000487620738568, -0.000420896394644, 0.00015564491332], [-0.000131982276798, 0.00175456353463, -0.000139613315696, -8.78433056641e-05, -0.000701046839822, 0.00131350185256, -0.000910167465918, 0.000683742924593, -0.000574035919271, 0.00188451446593, -0.00141903408803, 0.00131097366102, 9.41860271269e-05], [0.000238982000155, -0.000139613315696, 0.00231677270494, -0.000849329691846, 0.000183442156413, -0.00123174069449, 0.000814585888293, -0.000606047222391, -0.000638632918708, 0.000592557422351, 0.00109944574069, -0.00225993152708, 0.00223108218051], [-0.000252509198617, -8.78433056641e-05, -0.000849329691846, 0.00378578482196, -0.00119884451851, 0.000508996949065, -0.000395595736336, 0.00212989607826, -0.00278005865403, -0.00115259946324, 0.000936830940191, -0.00147533451673, -0.000293375604087], [0.000404114252888, -0.000701046839822, 0.000183442156413, -0.00119884451851, 0.00655390089378, -0.0028538312763, 0.000486072094645, -0.00189583573956, 0.00162697630003, -0.00204589311033, 0.000356649718015, 1.88274170796e-05, -0.00155874819029], [-0.00072794733569, 0.00131350185256, -0.00123174069449, 0.000508996949065, -0.0028538312763, 0.0105945281684, -0.00532851694152, 0.000706418650225, 0.000404433725635, 0.00228895386681, -0.00384605256841, 0.0018505739281, 0.0011873007752], [0.00039341248339, -0.000910167465918, 0.000814585888293, -0.000395595736336, 0.000486072094645, -0.00532851694152, 0.00964399520308, -0.00311750359833, 0.000600489322096, -0.000728319108021, 0.000440541742137, -0.000784195202868, -0.000733685039449], [-0.000652259855997, 0.000683742924593, -0.000606047222391, 0.00212989607826, -0.00189583573956, 0.000706418650225, -0.00311750359833, 0.0155303394422, -0.00713981082663, 0.000574130448513, 0.00250434991904, -0.000771454710048, -0.00153041991871], [0.000525575014763, -0.000574035919271, -0.000638632918708, -0.00278005865403, 0.00162697630003, 0.000404433725635, 0.000600489322096, -0.00713981082663, 0.0172129012644, -0.00454136775807, -0.00186233012937, 0.00417285133153, -0.00229248241521], [-0.000583224056754, 0.00188451446593, 0.000592557422351, -0.00115259946324, -0.00204589311033, 0.00228895386681, -0.000728319108021, 0.000574130448513, -0.00454136775807, 0.0163217782974, -0.00446112314239, -0.00280012493022, 0.00218462524936], [0.000487620738568, -0.00141903408803, 0.00109944574069, 0.000936830940191, 0.000356649718015, -0.00384605256841, 0.000440541742137, 0.00250434991904, -0.00186233012937, -0.00446112314239, 0.0184266474098, -0.0075626000762, 0.00151513132732], [-0.000420896394644, 0.00131097366102, -0.00225993152708, -0.00147533451673, 1.88274170796e-05, 0.0018505739281, -0.000784195202868, -0.000771454710048, 0.00417285133153, -0.00280012493022, -0.0075626000762, 0.0210121273994, -0.00714692426845], [0.00015564491332, 9.41860271269e-05, 0.00223108218051, -0.000293375604087, -0.00155874819029, 0.0011873007752, -0.000733685039449, -0.00153041991871, -0.00229248241521, 0.00218462524936, 0.00151513132732, -0.00714692426845, 0.0187554359436]], "mean": [-8.70771408081, 70.3257827759, -122.038597107, 26.059627533, -52.3308944702, 17.2116718292, -38.667640686, 9.83379077911, -27.9181003571, 5.22657823563, -23.0793933868, 0.547918140888, -13.3895626068]}, "hfc": {"dmean": 6.50942182541, "dmean2": 9.47217082977, "dvar": 132.211669922, "dvar2": 292.224822998, "max": 324.011291504, "mean": 22.7624130249, "median": 15.4656410217, "min": 1.14589819948e-16, "var": 530.429199219}, "melbands": {"dmean": [0.000740729738027, 0.00052597373724, 0.000210916841752, 0.000253647885984, 0.000107732586912, 0.000112921494292, 7.51817642595e-05, 7.25032004993e-05, 8.09859629953e-05, 0.000171227322426, 0.000194648295292, 7.75393273216e-05, 7.86801392678e-05, 0.000102926125692, 4.51046726084e-05, 5.06028009113e-05, 7.00867749401e-05, 5.22390982951e-05, 4.08270898333e-05, 1.85022126971e-05, 2.48541964538e-05, 1.45212616189e-05, 1.00109027699e-05, 7.75747503212e-06, 6.48491823085e-06, 5.60465286981e-06, 6.16532588538e-06, 5.40192604603e-06, 5.22481468579e-06, 4.00864382755e-06, 2.8650601962e-06, 2.44920988735e-06, 1.9856884137e-06, 1.24814698665e-06, 1.10057681013e-06, 1.19521780562e-06, 7.85118174917e-07, 5.581692335e-07, 4.2338930939e-07, 3.49312330172e-07], "dmean2": [0.00119017926045, 0.000910034577828, 0.000354217510903, 0.000436798785813, 0.000174866974703, 0.000186791919987, 0.000119161522889, 0.000114186390419, 0.00012598100875, 0.000269767770078, 0.000299720122712, 0.000121656761621, 0.000122891098727, 0.000158498514793, 7.00034070178e-05, 7.84354415373e-05, 0.000111147666757, 8.19988999865e-05, 6.46668195259e-05, 2.97556889564e-05, 4.07482039009e-05, 2.37452641159e-05, 1.65405144799e-05, 1.27857547341e-05, 1.06975303424e-05, 9.26787924982e-06, 1.02986405182e-05, 8.95582343219e-06, 8.78409900906e-06, 6.68205484544e-06, 4.79199115944e-06, 4.03260492021e-06, 3.23526319335e-06, 1.96208611669e-06, 1.68846077031e-06, 1.81887423878e-06, 1.2087793948e-06, 8.32071634704e-07, 6.38551625798e-07, 5.17288071933e-07], "dvar": [6.97569930708e-06, 2.81957227344e-06, 2.03959217515e-07, 4.21061031375e-07, 5.16995442013e-08, 2.26973014605e-07, 4.00349939866e-08, 3.51384059627e-08, 8.79614034943e-08, 2.85205572936e-07, 2.84725842903e-07, 9.59816830459e-08, 5.92718798487e-08, 9.88423707327e-08, 1.82221349121e-08, 1.87374986638e-08, 3.53361855332e-08, 2.12144506406e-08, 1.09016484728e-08, 2.40642950011e-09, 3.32833072214e-09, 7.68823171793e-10, 3.85153853255e-10, 2.33244312753e-10, 1.51828993822e-10, 1.11914227885e-10, 1.65424063336e-10, 1.41234926532e-10, 1.69597211275e-10, 1.06551670265e-10, 7.58738419315e-11, 6.07587799517e-11, 3.15596715428e-11, 9.99806661073e-12, 6.83140089636e-12, 1.01178405931e-11, 3.77413421696e-12, 2.78558144433e-12, 1.45489642469e-12, 7.10552059899e-13], "dvar2": [1.69707982423e-05, 7.91961429059e-06, 5.67698236864e-07, 1.18425487017e-06, 1.34752298209e-07, 6.411497111e-07, 9.99542919544e-08, 7.99741144419e-08, 2.0439806292e-07, 7.01930105151e-07, 6.71102441174e-07, 2.30900695897e-07, 1.35928956979e-07, 2.27265431363e-07, 4.09677696211e-08, 4.24267092569e-08, 8.26305281976e-08, 4.56459900988e-08, 2.40646631511e-08, 5.72784486508e-09, 8.08875277869e-09, 1.9055814704e-09, 1.01613439885e-09, 5.85884341042e-10, 3.91066040661e-10, 2.97226659951e-10, 4.42895109476e-10, 3.63512553392e-10, 4.5435863405e-10, 2.85507673059e-10, 2.04978117813e-10, 1.61202842741e-10, 8.22551818325e-11, 2.38417272036e-11, 1.52611968202e-11, 2.13772766849e-11, 8.46519555842e-12, 6.08774402416e-12, 3.20605651402e-12, 1.44214284611e-12], "max": [0.0289194453508, 0.023977285251, 0.0141409458593, 0.00882709212601, 0.0094830757007, 0.0318843685091, 0.00776861933991, 0.00471630273387, 0.0110243270174, 0.0230681169778, 0.00851168017834, 0.0155355175957, 0.00629949709401, 0.00762685667723, 0.00489622121677, 0.00364810135216, 0.00398598844185, 0.0035808137618, 0.00286914152093, 0.00146854121704, 0.00176125066355, 0.000761373434216, 0.000495651562233, 0.000360066216672, 0.00029056071071, 0.00030148512451, 0.00025889792596, 0.000241414862103, 0.000240221677814, 0.000172532978468, 0.000149198269355, 0.000197296554688, 0.000137990646181, 7.25478239474e-05, 6.31615839666e-05, 7.66873927205e-05, 7.03913465259e-05, 8.26811810839e-05, 5.5312866607e-05, 2.30622608797e-05], "mean": [0.000844028487336, 0.000790873018559, 0.000433741806773, 0.000360276084393, 0.000211529244552, 0.000192358100321, 0.000126981263747, 0.000120391508972, 0.000120507123938, 0.000292418379104, 0.000317539932439, 0.000128151121316, 0.000133758352604, 0.000173039297806, 7.01022217982e-05, 8.21163557703e-05, 0.000109524655272, 8.10078636277e-05, 6.77788048051e-05, 3.03087927023e-05, 4.32619053754e-05, 2.68157127721e-05, 1.83303727681e-05, 1.43778406709e-05, 1.26023905977e-05, 1.10515511551e-05, 1.12255947897e-05, 9.84672988125e-06, 9.14723659662e-06, 7.14386987966e-06, 4.7426196943e-06, 3.91447792936e-06, 3.40301448887e-06, 2.32464412875e-06, 2.20362994696e-06, 2.22537096306e-06, 1.59844989867e-06, 1.16465969313e-06, 8.65868287292e-07, 7.1509521149e-07], "median": [0.000318028294714, 0.000520639528986, 0.000296459154924, 0.000199783971766, 0.00012635528401, 8.51721415529e-05, 5.06528594997e-05, 5.00169953739e-05, 3.66017047781e-05, 5.96655263507e-05, 5.35389117431e-05, 2.34625385929e-05, 2.71891749435e-05, 2.44421025855e-05, 2.14886167669e-05, 2.23345577979e-05, 3.29399008479e-05, 2.76280861726e-05, 2.02028386411e-05, 1.35289756145e-05, 1.86599172594e-05, 1.45515577969e-05, 1.05046838144e-05, 7.58674423196e-06, 7.05445154381e-06, 6.19305956207e-06, 5.70119118493e-06, 4.74733087685e-06, 4.19766911364e-06, 3.33447724188e-06, 1.97850431505e-06, 1.47297157582e-06, 1.23116262785e-06, 7.77683169417e-07, 8.46827333589e-07, 8.35545165501e-07, 6.31308409993e-07, 4.8376034556e-07, 3.33842251621e-07, 2.91870293267e-07], "min": [8.92747871374e-25, 3.88768009033e-25, 4.41640582901e-24, 2.81085576685e-24, 2.32393373968e-24, 1.68919377281e-24, 2.56034864766e-24, 1.72398411645e-24, 1.00019822084e-24, 2.52490453554e-24, 3.08345809113e-24, 1.90817189655e-24, 3.19729821393e-24, 5.11288757236e-24, 4.15350452171e-24, 5.54778698384e-24, 2.57794774003e-24, 6.09913054797e-24, 5.35593285624e-24, 5.78232440286e-24, 2.40091808378e-24, 3.78130298612e-24, 5.26123759875e-24, 6.04358409062e-24, 5.33116814585e-24, 5.95890302788e-24, 5.3082174211e-24, 6.77386418502e-24, 8.36058295408e-24, 5.55751521652e-24, 6.07628631944e-24, 6.67079635231e-24, 7.25360521136e-24, 7.04634936345e-24, 7.58001771014e-24, 6.6858131085e-24, 8.44242806186e-24, 6.03169556234e-24, 7.16448917262e-24, 6.34131557903e-24], "var": [6.43381690679e-06, 2.11301903619e-06, 3.15311240229e-07, 3.59365770919e-07, 8.4848217341e-08, 2.02626580403e-07, 8.05455613317e-08, 6.46504858537e-08, 1.27847499698e-07, 4.97506107422e-07, 5.79294692216e-07, 2.11009052009e-07, 1.34997677037e-07, 2.33262824167e-07, 3.52099043255e-08, 3.84327130121e-08, 6.45744719918e-08, 3.85465455111e-08, 2.58562788957e-08, 4.19637657956e-09, 8.08921996054e-09, 1.7221645221e-09, 7.14183989725e-10, 4.77695272227e-10, 3.16739773298e-10, 2.28274413261e-10, 2.76734357652e-10, 2.28829330484e-10, 2.23921894915e-10, 1.42095002431e-10, 8.10680203522e-11, 6.52131543211e-11, 4.24130244814e-11, 1.89312263782e-11, 1.54627890353e-11, 1.99363026088e-11, 9.70122159688e-12, 6.17706146649e-12, 3.23343500412e-12, 1.77615365991e-12]}, "melbands_crest": {"dmean": 3.02231526375, "dmean2": 4.86389827728, "dvar": 9.08047485352, "dvar2": 22.1836833954, "max": 33.9610519409, "mean": 11.7477388382, "median": 10.6852121353, "min": 1.76129102707, "var": 22.8295955658}, "melbands_flatness_db": {"dmean": 0.0195716526359, "dmean2": 0.0295946486294, "dvar": 0.00046379189007, "dvar2": 0.00102956546471, "max": 0.409917771816, "mean": 0.155597805977, "median": 0.142898023129, "min": 0.0052631222643, "var": 0.00344983767718}, "melbands_kurtosis": {"dmean": 3.81931066513, "dmean2": 6.06658267975, "dvar": 78.215423584, "dvar2": 191.095397949, "max": 251.68637085, "mean": 6.6251783371, "median": 2.65847420692, "min": -1.83508741856, "var": 192.69102478}, "melbands_skewness": {"dmean": 0.549561858177, "dmean2": 0.839261293411, "dvar": 0.439740687609, "dvar2": 0.999070882797, "max": 12.3878316879, "mean": 1.72845840454, "median": 1.4976747036, "min": -1.50780260563, "var": 2.04388356209}, "melbands_spread": {"dmean": 7.29901266098, "dmean2": 11.2708911896, "dvar": 67.8927001953, "dvar2": 146.381607056, "max": 233.795578003, "mean": 33.3777160645, "median": 31.5448513031, "min": 1.26263582706, "var": 342.170379639}, "mfcc": {"cov": [[10392, -639.137207031, -370.316680908, 124.766105652, -78.5367202759, 386.081329346, 282.404174805, 143.185028076, 219.431564331, 155.113311768, 134.351196289, 166.674545288, 142.510025024], [-639.137207031, 809.674865723, -17.7933521271, -34.8633079529, 8.00151538849, -66.5499420166, 13.9211473465, 23.3867340088, -48.3165359497, 6.5204834938, -31.9053726196, -35.2186660767, -73.3650054932], [-370.316680908, -17.7933521271, 539.205078125, 119.439620972, 64.4587402344, 61.4221420288, -41.8215065002, 57.401473999, -21.4125709534, 8.46076774597, 15.7925405502, 16.3727550507, 12.7865600586], [124.766105652, -34.8633079529, 119.439620972, 338.855529785, 83.7701950073, 66.6863632202, -49.3559494019, -5.77290010452, 44.6415023804, -9.00238513947, 20.0999469757, 38.9702301025, 55.1380615234], [-78.5367202759, 8.00151538849, 64.4587402344, 83.7701950073, 180.264007568, 39.6184425354, -0.960929334164, 10.9304466248, 12.5737323761, 13.9521713257, 1.33147764206, 14.5236177444, 14.7096557617], [386.081329346, -66.5499420166, 61.4221420288, 66.6863632202, 39.6184425354, 174.597991943, 75.7218856812, 40.2745666504, 12.5771141052, 7.62166929245, 35.6668777466, 26.2671279907, 24.9344024658], [282.404174805, 13.9211473465, -41.8215065002, -49.3559494019, -0.960929334164, 75.7218856812, 153.532150269, 58.4155845642, 12.9246730804, 11.896569252, 14.209280014, 9.03040313721, -1.20906949043], [143.185028076, 23.3867340088, 57.401473999, -5.77290010452, 10.9304466248, 40.2745666504, 58.4155845642, 110.829315186, 28.4954433441, 24.0276298523, 5.17406654358, 2.8321890831, -2.922924757], [219.431564331, -48.3165359497, -21.4125709534, 44.6415023804, 12.5737323761, 12.5771141052, 12.9246730804, 28.4954433441, 106.617904663, 32.5302314758, 12.0903024673, -0.374416768551, 8.81174564362], [155.113311768, 6.5204834938, 8.46076774597, -9.00238513947, 13.9521713257, 7.62166929245, 11.896569252, 24.0276298523, 32.5302314758, 86.3505401611, 23.3400020599, 1.01008415222, -11.5603542328], [134.351196289, -31.9053726196, 15.7925405502, 20.0999469757, 1.33147764206, 35.6668777466, 14.209280014, 5.17406654358, 12.0903024673, 23.3400020599, 72.0285339355, 29.5072574615, 7.07110118866], [166.674545288, -35.2186660767, 16.3727550507, 38.9702301025, 14.5236177444, 26.2671279907, 9.03040313721, 2.8321890831, -0.374416768551, 1.01008415222, 29.5072574615, 82.4524765015, 44.7497138977], [142.510025024, -73.3650054932, 12.7865600586, 55.1380615234, 14.7096557617, 24.9344024658, -1.20906949043, -2.922924757, 8.81174564362, -11.5603542328, 7.07110118866, 44.7497138977, 87.9241333008]], "icov": [[0.000124240192235, 7.11089669494e-05, 0.000117540279462, -4.8277193855e-05, 0.000122970610391, -0.00022903624631, -4.95741551276e-05, -7.49635146349e-05, -8.48206254886e-05, -0.00020436703926, 6.63771788822e-05, -0.000170199316926, -2.47342759394e-05], [7.11089669494e-05, 0.00152477389202, 0.000167337115272, -0.00042944031884, -0.000121383971418, 0.000661722559016, -0.000519260996953, -0.000608294736594, 0.000903289590497, -0.000393596448703, 0.000382457656087, -0.000170833707671, 0.00112120376434], [0.000117540279462, 0.000167337115272, 0.00268242764287, -0.000707989383955, -0.000286863330984, -0.000997097347863, 0.00158363522496, -0.00230427482165, 0.00139786466025, -0.000439636060037, -0.000266487244517, -5.35914950888e-05, 0.000129747495521], [-4.8277193855e-05, -0.00042944031884, -0.000707989383955, 0.00509494915605, -0.00140972412191, -0.00214918865822, 0.00252089183778, 0.000749557919335, -0.00274894014001, 0.00152151798829, -0.00039420282701, -0.00075775856385, -0.00157437415328], [0.000122970610391, -0.000121383971418, -0.000286863330984, -0.00140972412191, 0.00686441594735, -0.00137201196048, -3.53254908987e-05, 0.000136521979584, -0.000113074514957, -0.00175766239408, 0.00169249682222, -0.000927033252083, -1.41616856126e-05], [-0.00022903624631, 0.000661722559016, -0.000997097347863, -0.00214918865822, -0.00137201196048, 0.0112280286849, -0.00577233033255, -0.000770829210524, 0.00147879240103, 0.000765517295804, -0.00365910027176, 0.001112186932, -0.00096279673744], [-4.95741551276e-05, -0.000519260996953, 0.00158363522496, 0.00252089183778, -3.53254908987e-05, -0.00577233033255, 0.0127569064498, -0.00510402396321, -0.000585450557992, 0.000727687438484, -0.000207966659218, -0.00104241631925, 0.000186148987268], [-7.49635146349e-05, -0.000608294736594, -0.00230427482165, 0.000749557919335, 0.000136521979584, -0.000770829210524, -0.00510402396321, 0.0147705422714, -0.00383022520691, -0.00190727238078, 0.0019802856259, -0.000652443151921, 0.000401484692702], [-8.48206254886e-05, 0.000903289590497, 0.00139786466025, -0.00274894014001, -0.000113074514957, 0.00147879240103, -0.000585450557992, -0.00383022520691, 0.0139345349744, -0.0044539575465, -0.0011374221649, 0.00256480765529, -0.00132007373031], [-0.00020436703926, -0.000393596448703, -0.000439636060037, 0.00152151798829, -0.00175766239408, 0.000765517295804, 0.000727687438484, -0.00190727238078, -0.0044539575465, 0.0161954499781, -0.00527047971264, 0.000239116692683, 0.00201409892179], [6.63771788822e-05, 0.000382457656087, -0.000266487244517, -0.00039420282701, 0.00169249682222, -0.00365910027176, -0.000207966659218, 0.0019802856259, -0.0011374221649, -0.00527047971264, 0.0206117127091, -0.0079113105312, 0.00310490699485], [-0.000170199316926, -0.000170833707671, -5.35914950888e-05, -0.00075775856385, -0.000927033252083, 0.001112186932, -0.00104241631925, -0.000652443151921, 0.00256480765529, 0.000239116692683, -0.0079113105312, 0.0208667572588, -0.00978969223797], [-2.47342759394e-05, 0.00112120376434, 0.000129747495521, -0.00157437415328, -1.41616856126e-05, -0.00096279673744, 0.000186148987268, 0.000401484692702, -0.00132007373031, 0.00201409892179, 0.00310490699485, -0.00978969223797, 0.0187387820333]], "mean": [-649.886901855, 105.422080994, -9.94483280182, 16.2176551819, 4.75487279892, 6.79103183746, 0.851285398006, 1.32603502274, 0.37099185586, 4.37707519531, -4.43432664871, -1.68900322914, -6.0549826622]}, "pitch_salience": {"dmean": 0.0633924677968, "dmean2": 0.102419435978, "dvar": 0.00349275115877, "dvar2": 0.0087830638513, "max": 0.865751266479, "mean": 0.568443119526, "median": 0.577469646931, "min": 0.140123277903, "var": 0.00999252218753}, "silence_rate_20dB": {"dmean": 0.000202101859031, "dmean2": 0.00040424457984, "dvar": 0.000202053910471, "dvar2": 0.000606175104622, "max": 1, "mean": 0.999898970127, "median": 1, "min": 0, "var": 0.000101028737845}, "silence_rate_30dB": {"dmean": 0.00343573163263, "dmean2": 0.00687215756625, "dvar": 0.00342376553454, "dvar2": 0.00985629949719, "max": 1, "mean": 0.997979164124, "median": 1, "min": 0, "var": 0.00201671174727}, "silence_rate_60dB": {"dmean": 0.0200080834329, "dmean2": 0.0400202125311, "dvar": 0.0196046829224, "dvar2": 0.0436652339995, "max": 1, "mean": 0.137112259865, "median": 0, "min": 0, "var": 0.118312008679}, "spectral_centroid": {"dmean": 213.926818848, "dmean2": 327.515167236, "dvar": 60557.8710938, "dvar2": 125134.25, "max": 11723.9970703, "mean": 1655.39123535, "median": 1669.20947266, "min": 225.083511353, "var": 488743.40625}, "spectral_complexity": {"dmean": 3.46645116806, "dmean2": 5.28529548645, "dvar": 17.3733940125, "dvar2": 34.3181991577, "max": 59, "mean": 20.3490962982, "median": 20, "min": 0, "var": 158.771957397}, "spectral_contrast_coeffs": {"dmean": [0.044087074697, 0.0437421053648, 0.0411814749241, 0.0324135832489, 0.0216788500547, 0.0179322976619], "dmean2": [0.0730900019407, 0.071209654212, 0.0650945529342, 0.0520681589842, 0.0354967005551, 0.0290596429259], "dvar": [0.00157168798614, 0.001253424678, 0.00119818293024, 0.000691675581038, 0.000304878310999, 0.000289516407065], "dvar2": [0.00415734620765, 0.00329041900113, 0.00277588446625, 0.00169893505517, 0.00076358235674, 0.000712233537342], "max": [-0.324753403664, -0.456749081612, -0.469158291817, -0.533390700817, -0.575564861298, -0.604171454906], "mean": [-0.662701308727, -0.740552783012, -0.732526957989, -0.772160291672, -0.801676511765, -0.764947891235], "median": [-0.673417270184, -0.744703173637, -0.746616363525, -0.779281914234, -0.803685963154, -0.761387109756], "min": [-0.977342665195, -0.971086323261, -0.971728682518, -0.968459010124, -0.965076565742, -0.961598694324], "var": [0.00642005819827, 0.00454994151369, 0.0072677466087, 0.00346426386386, 0.00137225771323, 0.00171188230161]}, "spectral_contrast_valleys": {"dmean": [0.375092685223, 0.344767183065, 0.309813797474, 0.270367175341, 0.230468675494, 0.240022867918], "dmean2": [0.618079006672, 0.566703975201, 0.500031530857, 0.418165236712, 0.347238779068, 0.329024463892], "dvar": [0.150717943907, 0.117698974907, 0.0960917845368, 0.0897441059351, 0.0932100191712, 0.103136025369], "dvar2": [0.334060013294, 0.271091848612, 0.204503402114, 0.172361031175, 0.168916597962, 0.182297214866], "max": [-5.33228540421, -4.46816253662, -4.28761100769, -5.45960426331, -5.45347738266, -7.75887966156], "mean": [-7.67741394043, -7.22250890732, -7.57794904709, -7.64201974869, -7.47395038605, -10.1153764725], "median": [-7.20520925522, -7.01124286652, -7.31037330627, -7.31120061874, -7.09718847275, -9.8276348114], "min": [-27.5372829437, -27.5716228485, -27.4187335968, -27.5765399933, -27.4586772919, -27.3481903076], "var": [2.25574684143, 1.66655540466, 1.70919775963, 1.70472168922, 1.88080883026, 1.86854302883]}, "spectral_decrease": {"dmean": 1.70242919761e-09, "dmean2": 2.61017585323e-09, "dvar": 1.11350851984e-17, "dvar2": 2.57326243639e-17, "max": 8.31189831251e-16, "mean": -4.79548889487e-09, "median": -3.38431149771e-09, "min": -1.13400446367e-07, "var": 2.3483614577e-17}, "spectral_energy": {"dmean": 0.0069195269607, "dmean2": 0.0105565339327, "dvar": 0.000175623470568, "dvar2": 0.000403566082241, "max": 0.457388311625, "mean": 0.0201639086008, "median": 0.0143245374784, "min": 1.03900525e-20, "var": 0.000399882905185}, "spectral_energyband_high": {"dmean": 0.000420725089498, "dmean2": 0.000621408282313, "dvar": 1.103024033e-06, "dvar2": 2.6224058729e-06, "max": 0.0181564297527, "mean": 0.0010382134933, "median": 0.000525410519913, "min": 7.46454974131e-21, "var": 2.24312543651e-06}, "spectral_energyband_low": {"dmean": 0.00322260148823, "dmean2": 0.00513636367396, "dvar": 0.00010096715414, "dvar2": 0.000245997885941, "max": 0.133758962154, "mean": 0.00488319853321, "median": 0.00272756931372, "min": 8.8945210912e-24, "var": 0.000100065015431}, "spectral_energyband_middle_high": {"dmean": 0.00245969672687, "dmean2": 0.00372073613107, "dvar": 2.02233313757e-05, "dvar2": 4.49811232102e-05, "max": 0.111782304943, "mean": 0.00751736434177, "median": 0.00395629974082, "min": 1.24250918961e-21, "var": 9.12676259759e-05}, "spectral_energyband_middle_low": {"dmean": 0.00297317025252, "dmean2": 0.00476437341422, "dvar": 4.02828627557e-05, "dvar2": 0.000101153098512, "max": 0.31527775526, "mean": 0.00728156743571, "median": 0.0048306924291, "min": 1.87135161658e-22, "var": 7.20071111573e-05}, "spectral_entropy": {"dmean": 0.121862068772, "dmean2": 0.175918206573, "dvar": 0.0192774850875, "dvar2": 0.0349538587034, "max": 9.81514167786, "mean": 7.75448703766, "median": 7.83128166199, "min": 6.07482337952, "var": 0.15429712832}, "spectral_flux": {"dmean": 0.021919393912, "dmean2": 0.033944349736, "dvar": 0.000879672938026, "dvar2": 0.00189494597726, "max": 0.634098470211, "mean": 0.0736922249198, "median": 0.0623839050531, "min": 6.43086833785e-11, "var": 0.00264474586584}, "spectral_kurtosis": {"dmean": 1.01943302155, "dmean2": 1.67633903027, "dvar": 1.28345954418, "dvar2": 3.30428433418, "max": 20.9958362579, "mean": 4.37333536148, "median": 3.98105549812, "min": -1.23750138283, "var": 5.23312664032}, "spectral_rms": {"dmean": 0.000640180020127, "dmean2": 0.000945510575548, "dvar": 8.4717351001e-07, "dvar2": 1.79447818027e-06, "max": 0.0211242157966, "mean": 0.00393499713391, "median": 0.00373833626509, "min": 3.1838084686e-12, "var": 4.18796116719e-06}, "spectral_rolloff": {"dmean": 477.109436035, "dmean2": 772.221496582, "dvar": 674907.3125, "dvar2": 1413392.5, "max": 19939.7460938, "mean": 2066.98999023, "median": 1787.25585938, "min": 64.599609375, "var": 3343669.75}, "spectral_skewness": {"dmean": 0.162120997906, "dmean2": 0.256694018841, "dvar": 0.0308214984834, "dvar2": 0.0692324563861, "max": 3.64989209175, "mean": 1.54677081108, "median": 1.49125063419, "min": -0.223832309246, "var": 0.177778244019}, "spectral_spread": {"dmean": 439703.59375, "dmean2": 637728.5625, "dvar": 538132152320, "dvar2": 10651