{"lowlevel": {"average_loudness": 0.978279829025, "barkbands": {"dmean": [2.09730984579e-07, 0.000517518841662, 0.00140947662294, 0.00234490772709, 0.00274893874303, 0.00129808776546, 0.00116218382027, 0.000813467311673, 0.000866470043547, 0.00123797077686, 0.00116453552619, 0.00090395269217, 0.00152422941756, 0.000624320702627, 0.000672283698805, 0.000731509760953, 0.000713940360583, 0.000299020961393, 0.00027119051083, 0.000100508608739, 2.70685541182e-05, 4.39717632617e-06, 6.66307414576e-07, 1.38806768746e-07, 2.30355254871e-08, 6.94255275491e-09, 5.33589306073e-09], "dmean2": [3.59492219104e-07, 0.000776321510784, 0.00211514951661, 0.00387686188333, 0.00425262749195, 0.00185646885075, 0.00175184023101, 0.00128699338529, 0.00138154230081, 0.00178301462438, 0.00182640040293, 0.00146078772377, 0.00253736111335, 0.00101291353349, 0.0010035620071, 0.0011859802762, 0.00109278049786, 0.000467703968752, 0.000430970685557, 0.000155585235916, 4.17796218244e-05, 6.92736011842e-06, 1.02910951227e-06, 2.17553818516e-07, 3.5846447588e-08, 1.09246025559e-08, 8.64857074845e-09], "dvar": [9.25094351708e-14, 5.38170013442e-07, 6.00037128606e-06, 2.05122360057e-05, 8.80810694071e-06, 3.66233143723e-06, 3.59545447282e-06, 1.90146261048e-06, 2.24287282435e-06, 3.94978405893e-06, 3.8373600546e-06, 1.7481534087e-06, 1.07283240141e-05, 1.23714789879e-06, 1.74964463895e-06, 2.01045327231e-06, 1.84790656022e-06, 4.3879418854e-07, 2.6755586191e-07, 3.40058541326e-08, 1.99536009937e-09, 7.13726369672e-11, 2.04651031364e-12, 1.14117103354e-13, 3.69257745312e-15, 7.38164662812e-17, 2.14403279171e-17], "dvar2": [2.61967612316e-13, 1.12973509658e-06, 1.24690041048e-05, 5.76731181354e-05, 2.1724117687e-05, 7.43112832424e-06, 7.72810926719e-06, 4.2285391828e-06, 5.41030749446e-06, 8.21367302706e-06, 9.0412222562e-06, 4.27446502727e-06, 2.84558336716e-05, 3.07002846966e-06, 3.47621062247e-06, 5.06897868036e-06, 4.17015189669e-06, 1.05967990294e-06, 6.6615899641e-07, 7.12442727036e-08, 4.50292070298e-09, 1.72113476249e-10, 4.54411378317e-12, 2.77205504644e-13, 8.7195028487e-15, 1.75819674418e-16, 5.26943961047e-17], "max": [5.62758896194e-06, 0.0111941965297, 0.0300637967885, 0.0536461770535, 0.0333071090281, 0.0372006632388, 0.0409885644913, 0.0227101407945, 0.0214129108936, 0.0295743942261, 0.0370583087206, 0.016135988757, 0.0529483631253, 0.0121227530763, 0.0279518216848, 0.0204721633345, 0.0275395214558, 0.0186651200056, 0.0133727472275, 0.00393746607006, 0.000773994601332, 0.000230419929721, 3.09264141833e-05, 7.3881183198e-06, 2.07419520848e-06, 2.24856435693e-07, 8.56883701772e-08], "mean": [2.30904944942e-07, 0.000872332544532, 0.00218010577373, 0.00319435284473, 0.00606959639117, 0.00283300341107, 0.00212850514799, 0.00120315433014, 0.00128098658752, 0.00243199709803, 0.0015950241359, 0.00120063009672, 0.00165311445016, 0.000784535601269, 0.00104742171243, 0.000857257284224, 0.0010160880629, 0.000481266702991, 0.000440891366452, 0.000186489400221, 4.22861121478e-05, 6.1596492742e-06, 9.6376163583e-07, 2.13955942741e-07, 4.91924510015e-08, 3.32665628378e-08, 3.81105849101e-08], "median": [1.44538887525e-07, 0.00044152548071, 0.000769179721829, 0.000932973285671, 0.00498420419171, 0.00158235977869, 0.00103593803942, 0.000520548492204, 0.000689282431267, 0.00130600319244, 0.000821065739729, 0.000698493095115, 0.000801032176241, 0.000394816772314, 0.000407285580877, 0.000349752081092, 0.000530836055987, 0.000263263995294, 0.000249715842074, 9.48039451032e-05, 2.46340623562e-05, 3.03564956994e-06, 4.56158545603e-07, 1.07847725417e-07, 3.39112453673e-08, 3.11236973971e-08, 3.76042414985e-08], "min": [5.08124784056e-26, 1.54123048547e-24, 5.20435007786e-25, 4.40712675401e-25, 7.33887870863e-24, 1.30735882561e-23, 3.6419388743e-24, 6.31342264072e-24, 1.08463404644e-23, 1.14546105981e-23, 1.3892832928e-23, 2.24553548074e-23, 2.00684889002e-23, 2.4453365931e-23, 2.58273723013e-23, 6.33330919305e-23, 7.23142354711e-23, 8.66866690082e-23, 8.95473563295e-23, 1.50487094761e-22, 2.18648867401e-22, 2.8884557301e-22, 3.91920360319e-22, 5.040583895e-22, 9.46787475811e-22, 1.2502364419e-21, 1.84095588452e-21], "var": [8.28884216039e-14, 1.35999857775e-06, 1.31133483592e-05, 3.24722605001e-05, 2.24416380661e-05, 1.17107128972e-05, 9.80094318948e-06, 3.57069529855e-06, 3.07750133288e-06, 8.71713746164e-06, 5.30612396688e-06, 2.2313640784e-06, 8.90518731467e-06, 1.28518183828e-06, 3.29889962813e-06, 2.04149591809e-06, 2.49653271567e-06, 7.1817061098e-07, 4.80071093989e-07, 1.01219384874e-07, 2.98406055421e-09, 1.01267320918e-10, 2.87748752777e-12, 1.3988422508e-13, 4.40771635906e-15, 1.66247447725e-16, 8.32686392885e-17]}, "barkbands_crest": {"dmean": 2.40958786011, "dmean2": 3.89857959747, "dvar": 4.77795982361, "dvar2": 12.4852323532, "max": 21.8849372864, "mean": 8.44365882874, "median": 7.83325576782, "min": 2.64371085167, "var": 10.0241832733}, "barkbands_flatness_db": {"dmean": 0.0172773636878, "dmean2": 0.0263563729823, "dvar": 0.000249755044933, "dvar2": 0.000584168999922, "max": 0.410137861967, "mean": 0.205582156777, "median": 0.203253418207, "min": 0.059393581003, "var": 0.00128944346216}, "barkbands_kurtosis": {"dmean": 1.56592655182, "dmean2": 2.47535777092, "dvar": 8.3182554245, "dvar2": 22.6069431305, "max": 136.620529175, "mean": 1.14309608936, "median": 0.0963774994016, "min": -1.81046760082, "var": 15.8326101303}, "barkbands_skewness": {"dmean": 0.523337244987, "dmean2": 0.784903824329, "dvar": 0.241312339902, "dvar2": 0.563449859619, "max": 10.0274429321, "mean": 0.889054358006, "median": 0.844117999077, "min": -2.07773160934, "var": 0.871466934681}, "barkbands_spread": {"dmean": 3.84394621849, "dmean2": 5.73296260834, "dvar": 13.3260536194, "dvar2": 30.6598701477, "max": 118.656539917, "mean": 17.1538696289, "median": 16.2824058533, "min": 1.37434470654, "var": 53.36353302}, "dissonance": {"dmean": 0.0216524936259, "dmean2": 0.0361143574119, "dvar": 0.000378380442271, "dvar2": 0.00101636978798, "max": 0.499977529049, "mean": 0.451969563961, "median": 0.456655830145, "min": 0.188842535019, "var": 0.000845274422318}, "dynamic_complexity": 1.32858288288, "erbbands": {"dmean": [0.00319891609251, 0.17207723856, 1.44477689266, 4.3193693161, 9.2518119812, 10.2605390549, 7.96791791916, 10.7885026932, 18.3336544037, 13.4518175125, 18.4417037964, 18.4664440155, 21.9845371246, 42.171169281, 44.4931297302, 38.4121932983, 54.7995758057, 35.4817695618, 27.5208072662, 42.0620498657, 36.1614570618, 46.6277503967, 19.5926856995, 15.7238922119, 9.04112529755, 4.12464475632, 2.24235844612, 0.711198508739, 0.183045476675, 0.0488955676556, 0.0162006337196, 0.00539487041533, 0.00137916824315, 0.000384570972528, 0.000129704654682, 4.34508219769e-05, 1.60806521308e-05, 5.66653443457e-06, 5.83331757298e-06, 1.18048137665e-05], "dmean2": [0.00481135118753, 0.252056568861, 2.09507155418, 6.97226428986, 14.8206853867, 16.0029907227, 11.7604398727, 15.2539710999, 27.4409446716, 20.7755260468, 29.5481300354, 29.5901489258, 32.5875549316, 63.1000976563, 68.887550354, 62.0572967529, 91.0073471069, 58.5251960754, 44.1030082703, 63.7625999451, 57.5506439209, 71.19921875, 30.2650604248, 24.8890647888, 14.2100124359, 6.3781208992, 3.43300676346, 1.09218633175, 0.284375309944, 0.0769931972027, 0.0250765178353, 0.00830050930381, 0.00216402835213, 0.000600731757004, 0.000202312876354, 6.80629746057e-05, 2.51796609518e-05, 8.92346179171e-06, 8.8739734565e-06, 1.80874776561e-05], "dvar": [1.71954943653e-05, 0.0634784698486, 6.1871342659, 57.4570884705, 143.410018921, 156.998718262, 180.969619751, 272.084289551, 1006.60736084, 532.988830566, 1075.90783691, 1272.44006348, 1274.41503906, 3545.46264648, 4896.05615234, 3957.22607422, 11800.28125, 5996.75585938, 2585.19604492, 5729.66894531, 4139.20117188, 7944.09228516, 1852.16638184, 1100.98803711, 231.132492065, 45.4717941284, 20.2741622925, 1.58720481396, 0.113498985767, 0.0121799800545, 0.00124392495491, 0.00016240599507, 1.08392659968e-05, 9.07765183911e-07, 1.05060060207e-07, 4.98215557698e-09, 2.92958934889e-10, 2.94043088489e-11, 3.18374042407e-11, 1.23924648321e-10], "dvar2": [3.74778610421e-05, 0.122141562402, 11.601984024, 147.574905396, 395.351593018, 376.725067139, 443.248443604, 459.727844238, 2126.83398438, 1263.81213379, 2446.51049805, 3141.43408203, 2828.94262695, 7889.49121094, 11014.8251953, 10097.8583984, 31268.8417969, 15565.0878906, 6389.88818359, 11688.609375, 9966.48339844, 17916.2871094, 4414.07666016, 2692.29907227, 546.236999512, 92.931098938, 44.4209213257, 3.63379955292, 0.272306203842, 0.0286287330091, 0.0027654664591, 0.000387549691368, 2.62362627836e-05, 2.12564987123e-06, 2.55296129126e-07, 1.21713634726e-08, 6.79942213644e-10, 6.61454849227e-11, 7.80169123749e-11, 3.09690689759e-10], "max": [0.0678316056728, 3.89831733704, 33.4840812683, 106.442855835, 156.843200684, 169.081420898, 362.73916626, 368.935241699, 714.249755859, 547.306945801, 573.263122559, 622.427001953, 677.323913574, 914.655639648, 1707.92602539, 854.231445313, 1620.63684082, 1285.50061035, 669.690368652, 1499.62658691, 791.425109863, 1785.00195313, 1224.22961426, 978.951843262, 324.134643555, 161.432723999, 96.4875259399, 28.6109867096, 8.93224525452, 2.8795106411, 0.782681703568, 0.286662995815, 0.0831313952804, 0.0295012332499, 0.0105628035963, 0.00232792901807, 0.000378276221454, 9.98175964924e-05, 6.82607060298e-05, 0.00012072694517], "mean": [0.00615951698273, 0.296745091677, 2.38677501678, 6.46249294281, 17.359085083, 21.7002315521, 18.2231788635, 24.1156616211, 33.9953041077, 25.6000213623, 26.3936386108, 27.0772438049, 43.7868270874, 76.0684814453, 69.8832855225, 50.2759246826, 61.557800293, 42.3260421753, 37.6975898743, 64.1146774292, 46.9073143005, 66.4315643311, 33.3970298767, 27.1479759216, 14.6069383621, 7.90211200714, 4.01278400421, 1.15069460869, 0.273372590542, 0.0676813870668, 0.0240140575916, 0.00835338328034, 0.00223880168051, 0.000738716102205, 0.000321792816976, 0.000154880370246, 7.50006220187e-05, 2.85663481918e-05, 2.24073028221e-05, 3.75790914404e-05], "median": [0.0030632247217, 0.154218956828, 0.955072820187, 2.89278435707, 11.8856248856, 15.6569042206, 11.9089107513, 13.5505170822, 15.4218215942, 13.5160093307, 14.2369127274, 14.6859703064, 26.3958873749, 44.6419944763, 39.5810508728, 30.6049575806, 32.5977973938, 21.0252952576, 19.894235611, 26.7352218628, 21.5583076477, 34.5842094421, 19.7577037811, 15.5876550674, 9.29748535156, 4.35936403275, 2.03284311295, 0.666301369667, 0.150252446532, 0.0324475131929, 0.0117731932551, 0.00414585508406, 0.00120120611973, 0.000475355365779, 0.00024823989952, 0.000137517839903, 7.14041671017e-05, 2.73533096333e-05, 2.22217167902e-05, 3.71644600818e-05], "min": [3.10456871893e-23, 4.43660977164e-22, 1.37549543674e-21, 5.18543612476e-21, 1.15570217829e-20, 1.42250072226e-20, 2.57047974782e-20, 1.10433613634e-19, 9.10644428829e-20, 1.48404667569e-19, 2.29799252769e-19, 2.26807702384e-19, 5.43678002683e-19, 7.996932974e-19, 7.63154041407e-19, 1.01847522819e-18, 1.23115391023e-18, 1.63956761684e-18, 2.21907060506e-18, 2.57796979718e-18, 3.78567437782e-18, 4.74163170891e-18, 4.52498979776e-18, 6.37509669738e-18, 7.58578471169e-18, 7.96832596649e-18, 7.79293307095e-18, 9.75097959588e-18, 1.1398379269e-17, 1.09283132064e-17, 1.18011359907e-17, 9.32544976465e-18, 9.08386670367e-18, 8.52558844618e-18, 5.65741122328e-18, 3.8109546717e-18, 2.23426570611e-18, 9.74628865463e-19, 2.53023615086e-19, 2.83620198764e-20], "var": [5.35787621629e-05, 0.167794376612, 15.1672735214, 101.304893494, 288.277709961, 429.581695557, 420.205566406, 959.133789063, 2823.64599609, 1183.68273926, 1527.86376953, 1535.97009277, 2530.89233398, 6994.69580078, 8386.15039063, 4044.60229492, 9933.421875, 5248.42138672, 2935.72314453, 10434.4121094, 4873.72460938, 10743.6328125, 2962.05371094, 2231.86352539, 328.002685547, 148.053817749, 51.3237915039, 2.4086561203, 0.157532289624, 0.0150505080819, 0.00180962064769, 0.00021209003171, 1.38049481393e-05, 1.11894541988e-06, 1.22461685237e-07, 7.7609954019e-09, 7.28490268109e-10, 8.7259116599e-11, 6.75921332793e-11, 2.54550075462e-10]}, "erbbands_crest": {"dmean": 2.18165183067, "dmean2": 3.45797681808, "dvar": 4.37500810623, "dvar2": 10.5488471985, "max": 28.2572784424, "mean": 8.19444847107, "median": 7.53955698013, "min": 2.40349030495, "var": 9.60692977905}, "erbbands_flatness_db": {"dmean": 0.0124446088448, "dmean2": 0.0189940240234, "dvar": 0.000133174995426, "dvar2": 0.000302832369925, "max": 0.35930109024, "mean": 0.259585052729, "median": 0.261934250593, "min": 0.0298487581313, "var": 0.00110343203414}, "erbbands_kurtosis": {"dmean": 0.641940414906, "dmean2": 0.996020257473, "dvar": 0.549982070923, "dvar2": 1.23623764515, "max": 14.9937572479, "mean": -0.170516476035, "median": -0.402941554785, "min": -1.75033926964, "var": 1.25818538666}, "erbbands_skewness": {"dmean": 0.338451266289, "dmean2": 0.490264028311, "dvar": 0.0897076651454, "dvar2": 0.18851968646, "max": 2.74280834198, "mean": -0.131950721145, "median": -0.103502713144, "min": -3.08696317673, "var": 0.357961714268}, "erbbands_spread": {"dmean": 5.92189979553, "dmean2": 9.02325153351, "dvar": 29.9592647552, "dvar2": 66.8154602051, "max": 128.087142944, "mean": 27.986907959, "median": 26.7767181396, "min": 5.29850435257, "var": 111.203125}, "gfcc": {"cov": [[24456.1777344, 3899.33276367, -4493.15771484, 444.629302979, -595.068786621, -799.703491211, -258.608184814, -477.046661377, -440.144439697, -416.46105957, -191.537368774, -215.300674438, -95.8003234863], [3899.33276367, 1065.89099121, -450.152984619, -34.2380599976, 15.2165956497, -167.917541504, -18.6574001312, -72.6623077393, -114.11894989, -69.1441421509, -25.3765125275, -39.9284439087, -23.725019455], [-4493.15771484, -450.152984619, 1223.41418457, 5.27692365646, 169.059066772, 152.150665283, 53.5689086914, 96.4384841919, 42.5733261108, 71.8033905029, 53.1112174988, 35.0710945129, -8.44975090027], [444.629302979, -34.2380599976, 5.27692365646, 266.344299316, 29.7451114655, 6.07815551758, 7.36259317398, 3.32941889763, 9.83069324493, -4.48570966721, 11.4528522491, 0.919444620609, -8.5958480835], [-595.068786621, 15.2165956497, 169.059066772, 29.7451114655, 197.091903687, 88.6678314209, 17.112745285, 25.6776561737, 21.6155548096, 0.265489816666, -29.4530792236, 1.29787862301, 24.1170730591], [-799.703491211, -167.917541504, 152.150665283, 6.07815551758, 88.6678314209, 165.904342651, 49.857624054, 23.814037323, 34.9556808472, 6.17315244675, -20.6810722351, -11.4504041672, 8.82875061035], [-258.608184814, -18.6574001312, 53.5689086914, 7.36259317398, 17.112745285, 49.857624054, 92.7555007935, 33.8602371216, -8.22510910034, -1.74747979641, 2.81960177422, -18.0616436005, -17.7636547089], [-477.046661377, -72.6623077393, 96.4384841919, 3.32941889763, 25.6776561737, 23.814037323, 33.8602371216, 72.903213501, 29.2996997833, 2.83438372612, -3.8749165535, 1.45487487316, -4.65626001358], [-440.144439697, -114.11894989, 42.5733261108, 9.83069324493, 21.6155548096, 34.9556808472, -8.22510910034, 29.2996997833, 90.1604385376, 38.1437911987, -6.25388908386, 11.2387485504, 20.3945770264], [-416.46105957, -69.1441421509, 71.8033905029, -4.48570966721, 0.265489816666, 6.17315244675, -1.74747979641, 2.83438372612, 38.1437911987, 78.1704483032, 39.9229354858, 15.3326501846, 9.30834388733], [-191.537368774, -25.3765125275, 53.1112174988, 11.4528522491, -29.4530792236, -20.6810722351, 2.81960177422, -3.8749165535, -6.25388908386, 39.9229354858, 94.7146072388, 35.7313842773, -19.9964103699], [-215.300674438, -39.9284439087, 35.0710945129, 0.919444620609, 1.29787862301, -11.4504041672, -18.0616436005, 1.45487487316, 11.2387485504, 15.3326501846, 35.7313842773, 62.8047828674, 26.3124580383], [-95.8003234863, -23.725019455, -8.44975090027, -8.5958480835, 24.1170730591, 8.82875061035, -17.7636547089, -4.65626001358, 20.3945770264, 9.30834388733, -19.9964103699, 26.3124580383, 69.9275588989]], "icov": [[0.00291147804819, -0.00886467006058, 0.00726518733427, -0.00716993305832, 0.00734146824107, -0.00748715968803, 0.00707145407796, -0.00390279828571, 0.00407716818154, -0.00146724935621, 0.00194489804562, -0.00081054813927, 0.000794785912149], [-0.00886467006058, 0.0287235826254, -0.0216139238328, 0.0222132652998, -0.0241987407207, 0.0250398982316, -0.0225027911365, 0.012996009551, -0.0117643922567, 0.00497130025178, -0.00620691711083, 0.00324242794886, -0.00217261188664], [0.00726518733427, -0.0216139238328, 0.019479971379, -0.017735119909, 0.0171323232353, -0.019002571702, 0.0179792232811, -0.011073153466, 0.0113975461572, -0.00480878865346, 0.00455910619348, -0.00241112150252, 0.00264124502428], [-0.00716993305832, 0.0222132652998, -0.017735119909, 0.0217685513198, -0.0195255000144, 0.0194966923445, -0.018276611343, 0.0106223039329, -0.0115366987884, 0.00528882816434, -0.00640415633097, 0.00266696070321, -0.001590520842], [0.00734146824107, -0.0241987407207, 0.0171323232353, -0.0195255000144, 0.0284746065736, -0.0249990932643, 0.0200966708362, -0.0128808123991, 0.0112563343719, -0.00506372842938, 0.0077225738205, -0.00379151874222, 0.000126992948935], [-0.00748715968803, 0.0250398982316, -0.019002571702, 0.0194966923445, -0.0249990932643, 0.0339951477945, -0.0266522672027, 0.0159947611392, -0.016187665984, 0.00707395002246, -0.00528780557215, 0.00446159066632, -0.00244840513915], [0.00707145407796, -0.0225027911365, 0.0179792232811, -0.018276611343, 0.0200966708362, -0.0266522672027, 0.03788286075, -0.0217853486538, 0.0178049560636, -0.00667715165764, 0.00218091858551, 0.00269925943576, 0.00188957923092], [-0.00390279828571, 0.012996009551, -0.011073153466, 0.0106223039329, -0.0128808123991, 0.0159947611392, -0.0217853486538, 0.0316709131002, -0.0177567526698, 0.00808445829898, -0.0013744806638, -0.00195590872318, 0.00247351056896], [0.00407716818154, -0.0117643922567, 0.0113975461572, -0.0115366987884, 0.0112563343719, -0.016187665984, 0.0178049560636, -0.0177567526698, 0.0313192047179, -0.017168270424, 0.0102039808407, -0.00498824985698, 0.00100150366779], [-0.00146724935621, 0.00497130025178, -0.00480878865346, 0.00528882816434, -0.00506372842938, 0.00707395002246, -0.00667715165764, 0.00808445829898, -0.017168270424, 0.0299060735852, -0.0182512048632, 0.00970016419888, -0.00840182509273], [0.00194489804562, -0.00620691711083, 0.00455910619348, -0.00640415633097, 0.0077225738205, -0.00528780557215, 0.00218091858551, -0.0013744806638, 0.0102039808407, -0.0182512048632, 0.0325817130506, -0.0228757895529, 0.0161672290415], [-0.00081054813927, 0.00324242794886, -0.00241112150252, 0.00266696070321, -0.00379151874222, 0.00446159066632, 0.00269925943576, -0.00195590872318, -0.00498824985698, 0.00970016419888, -0.0228757895529, 0.0378481708467, -0.019293570891], [0.000794785912149, -0.00217261188664, 0.00264124502428, -0.001590520842, 0.000126992948935, -0.00244840513915, 0.00188957923092, 0.00247351056896, 0.00100150366779, -0.00840182509273, 0.0161672290415, -0.019293570891, 0.0283952131867]], "mean": [-64.3260574341, 178.355239868, -176.919555664, 16.5511512756, -26.8046550751, -34.1971282959, -15.7068881989, -17.7128505707, -25.332025528, -17.1132545471, -12.374048233, -8.74637413025, -5.69116926193]}, "hfc": {"dmean": 10.621055603, "dmean2": 16.1596374512, "dvar": 155.981155396, "dvar2": 381.799316406, "max": 136.750518799, "mean": 24.3677978516, "median": 20.9497909546, "min": 1.0705388693e-16, "var": 234.886291504}, "melbands": {"dmean": [8.01395362942e-05, 0.000559485983104, 0.000891754927579, 0.000749171013013, 0.000272076489637, 0.000245934468694, 0.000255693856161, 0.000150058142026, 0.000174705652171, 0.000105064180389, 0.00012352601334, 0.00018410460325, 0.000150605410454, 8.71384327183e-05, 0.000181899100426, 0.000112364941742, 5.79369516345e-05, 4.88963087264e-05, 6.27038971288e-05, 5.69456788071e-05, 3.45164262399e-05, 4.49341932836e-05, 3.0719107599e-05, 1.53327764565e-05, 1.39794774441e-05, 8.48221770866e-06, 4.51422192782e-06, 2.69877614301e-06, 1.96791825147e-06, 8.0222963561e-07, 3.02449080891e-07, 1.16208205725e-07, 4.80110493584e-08, 1.94036129386e-08, 1.01587476209e-08, 5.56912560512e-09, 2.47498554984e-09, 1.07161801655e-09, 4.74958072871e-10, 2.64123389826e-10], "dmean2": [0.000120876058645, 0.000814373837784, 0.00145063572563, 0.00117529230192, 0.000402454490541, 0.000347830209648, 0.000383619451895, 0.000232535487157, 0.000278736202745, 0.000167707054061, 0.0001810266549, 0.000272565026535, 0.0002342810767, 0.000139237614349, 0.000294524274068, 0.000190347258467, 9.51095644268e-05, 7.90199701441e-05, 9.27881992538e-05, 9.24215855775e-05, 5.45406328456e-05, 6.88687796355e-05, 4.68910184281e-05, 2.41273246502e-05, 2.22638518608e-05, 1.33767161969e-05, 7.1961494541e-06, 4.1625544327e-06, 3.02755211123e-06, 1.23662402984e-06, 4.74551342222e-07, 1.83096346973e-07, 7.7154723499e-08, 3.07976648628e-08, 1.59619926166e-08, 8.60737614516e-09, 3.89499810183e-09, 1.71325131859e-09, 7.49860895599e-10, 4.20827345193e-10], "dvar": [1.19354242045e-08, 8.8758702077e-07, 2.30712134908e-06, 6.40026314613e-07, 1.55588608663e-07, 1.26565126379e-07, 1.8560523074e-07, 6.94074344665e-08, 9.59600399142e-08, 4.13448759673e-08, 4.24773105578e-08, 6.76266793675e-08, 6.25776195307e-08, 1.73215646271e-08, 1.2391622306e-07, 1.18726141807e-07, 1.44707694716e-08, 1.14753504477e-08, 1.74742638137e-08, 1.20678347315e-08, 3.82718123859e-09, 7.17776282855e-09, 2.92987234474e-09, 1.3440712987e-09, 1.05032782471e-09, 2.64613775336e-10, 5.41937675291e-11, 2.92985427586e-11, 2.10056902428e-11, 2.72562549787e-12, 2.82845253295e-13, 4.9100229904e-14, 1.51297482436e-14, 2.05004101971e-15, 5.29407132858e-16, 1.63538914293e-16, 3.99671635894e-17, 7.02709782698e-18, 1.34652223783e-18, 4.64108914622e-19], "dvar2": [2.60657397888e-08, 1.66223571796e-06, 6.40802727503e-06, 1.61095624662e-06, 3.72599060938e-07, 2.23712504521e-07, 3.94117023461e-07, 1.62938121662e-07, 2.21706912384e-07, 1.00999656638e-07, 9.20432299267e-08, 1.46860884342e-07, 1.44803550484e-07, 3.962117745e-08, 3.18140791933e-07, 3.20610553217e-07, 3.7008433651e-08, 2.83851324667e-08, 3.46945974172e-08, 3.05757446029e-08, 8.764083681e-09, 1.63518176777e-08, 6.6048482239e-09, 3.33006044961e-09, 2.57998844511e-09, 6.48446074614e-10, 1.23184004663e-10, 5.72256096676e-11, 4.49836418115e-11, 6.11364648143e-12, 6.74346212551e-13, 1.17797197235e-13, 4.01145723626e-14, 4.56239473962e-15, 1.20053748911e-15, 3.73446794398e-16, 1.00057454343e-16, 1.77563119686e-17, 3.14118942485e-18, 1.10545409678e-18], "max": [0.00156219990458, 0.0127721326426, 0.0183825790882, 0.00829940196127, 0.00964233279228, 0.0071278065443, 0.00973858963698, 0.00619066692889, 0.00488164881244, 0.00348259112798, 0.00347612681799, 0.0038478076458, 0.00568097131327, 0.00192602805328, 0.00602316856384, 0.00649037957191, 0.00172180181835, 0.00141078222077, 0.0028347116895, 0.00167983642314, 0.00084736692952, 0.00168088322971, 0.000997761380859, 0.00116127391811, 0.000966422434431, 0.000394164089812, 0.000128289306303, 0.000157990521984, 0.000104385093437, 3.81096106139e-05, 1.03462916741e-05, 5.92726973991e-06, 3.47231525666e-06, 1.42959891036e-06, 5.43007899978e-07, 2.5809924864e-07, 1.43593524626e-07, 7.15214341085e-08, 3.49022464263e-08, 2.01456096249e-08], "mean": [0.000140156931593, 0.000928259687498, 0.00143417599611, 0.00156975595746, 0.000663645623717, 0.0005583371385, 0.000473061896628, 0.00027121102903, 0.000242949186941, 0.000154419234605, 0.000244485418079, 0.000337469187798, 0.000220616173465, 0.000127021965454, 0.00021026241302, 0.000113241039799, 6.93669644534e-05, 5.6603068515e-05, 9.73468195298e-05, 7.07706785761e-05, 4.45194818894e-05, 6.27017798251e-05, 4.63471660623e-05, 2.40991121245e-05, 2.25334606512e-05, 1.26557906697e-05, 6.82789914208e-06, 5.19276272826e-06, 3.46706610799e-06, 1.12720829293e-06, 4.63012781893e-07, 1.61965644452e-07, 6.08776176136e-08, 2.59006718295e-08, 1.43314702328e-08, 8.26921908725e-09, 3.652081082e-09, 1.6257988289e-09, 8.03586031051e-10, 4.94532081952e-10], "median": [6.9678768341e-05, 0.000398453179514, 0.000724270415958, 0.00128631736152, 0.000478307949379, 0.000320596271195, 0.000224734569201, 0.000131468274049, 0.000125527876662, 8.19623528514e-05, 0.000139611118357, 0.000191733794054, 0.000122152880067, 7.02414763509e-05, 0.000103129583295, 4.31102635048e-05, 3.39408834407e-05, 2.26495685638e-05, 3.27675152221e-05, 3.27379893861e-05, 1.9278122636e-05, 3.07988448185e-05, 2.6237919883e-05, 1.3171315004e-05, 1.12300840556e-05, 6.98374287822e-06, 4.09532731283e-06, 2.3238844733e-06, 1.4352301605e-06, 5.67187214529e-07, 2.61875015894e-07, 8.30847071143e-08, 2.75094826918e-08, 1.16328751076e-08, 6.9531798097e-09, 3.88995857747e-09, 1.80660075788e-09, 8.33793534216e-10, 4.72191730161e-10, 3.23861631957e-10], "min": [6.64049009126e-25, 6.38602673603e-25, 1.2737172015e-24, 1.295157159e-24, 1.11665874236e-24, 2.53468917178e-24, 1.13338288937e-24, 1.51595311409e-24, 1.4290524926e-24, 1.40739451366e-24, 2.57984928924e-24, 2.74300958748e-24, 2.59725333574e-24, 2.20403398184e-24, 2.32180677347e-24, 2.51205596355e-24, 2.56776472903e-24, 2.96150019518e-24, 2.67691093223e-24, 3.65762221796e-24, 3.04991750038e-24, 3.96431989942e-24, 3.3512018211e-24, 3.2330939608e-24, 3.91018471423e-24, 3.90679103462e-24, 3.18416072163e-24, 4.06510950184e-24, 3.95702214719e-24, 4.97021773891e-24, 4.80108793299e-24, 5.03182856447e-24, 3.48954041374e-24, 5.92709457846e-24, 5.74365601901e-24, 5.72537850626e-24, 5.2747902291e-24, 5.49513998474e-24, 6.00515394276e-24, 5.82052735878e-24], "var": [3.10108703161e-08, 2.20029050979e-06, 3.88851776734e-06, 1.55422173975e-06, 4.13064611848e-07, 4.48299772415e-07, 5.12146584697e-07, 1.53217655452e-07, 1.33033225325e-07, 5.22581835583e-08, 8.73559571346e-08, 1.43250488804e-07, 9.34405335329e-08, 2.79956147153e-08, 1.17046610626e-07, 8.94845086918e-08, 1.3272355659e-08, 1.16423279906e-08, 3.27121121302e-08, 1.22948868864e-08, 4.90459362013e-09, 9.71668256966e-09, 4.25382129521e-09, 1.92213933659e-09, 2.1045916121e-09, 3.43355066601e-10, 7.76084474463e-11, 1.15596664185e-10, 6.01262928335e-11, 3.64208012707e-12, 4.29498044118e-13, 6.67657322115e-14, 1.47810332496e-14, 2.59841904361e-15, 7.06823636435e-16, 2.48672779688e-16, 4.50609252579e-17, 8.44727677605e-18, 1.66437362604e-18, 5.31343550678e-19]}, "melbands_crest": {"dmean": 3.54359722137, "dmean2": 5.65431976318, "dvar": 10.1986837387, "dvar2": 25.9032039642, "max": 35.9865341187, "mean": 12.1689567566, "median": 11.3502960205, "min": 1.48873460293, "var": 26.0871143341}, "melbands_flatness_db": {"dmean": 0.025844193995, "dmean2": 0.0377800613642, "dvar": 0.000561256718356, "dvar2": 0.00118017115165, "max": 0.529977500439, "mean": 0.259092479944, "median": 0.256693482399, "min": 0.00259741069749, "var": 0.00351694854908}, "melbands_kurtosis": {"dmean": 3.46245408058, "dmean2": 5.43820333481, "dvar": 37.9299087524, "dvar2": 100.729614258, "max": 251.278076172, "mean": 4.61889410019, "median": 2.23528242111, "min": -1.80009424686, "var": 92.9439315796}, "melbands_skewness": {"dmean": 0.648438692093, "dmean2": 0.978304982185, "dvar": 0.390178143978, "dvar2": 0.905175149441, "max": 12.583574295, "mean": 1.68525290489, "median": 1.54819226265, "min": -0.98544293642, "var": 1.27255773544}, "melbands_spread": {"dmean": 7.01575803757, "dmean2": 10.4047384262, "dvar": 46.2962341309, "dvar2": 98.1726379395, "max": 163.286376953, "mean": 25.7265605927, "median": 22.3479976654, "min": 0.938253223896, "var": 332.205627441}, "mfcc": {"cov": [[6488.71289063, 1875.92138672, -1437.59106445, 537.5078125, -346.61831665, 43.0341148376, -112.535133362, 7.50145626068, -111.510070801, -83.661895752, -131.475692749, -3.0720307827, -52.1936721802], [1875.92138672, 1353.19970703, -242.497421265, 126.6432724, 35.8039665222, -68.4680786133, 95.7462005615, -49.2463417053, -11.4844303131, -71.2786331177, -26.5161056519, -56.833152771, -22.3227005005], [-1437.59106445, -242.497421265, 605.202514648, -4.73419523239, 106.2889328, 5.70393466949, 67.1409606934, 3.67809462547, -12.8227205276, 12.9672031403, 45.1438407898, 25.8246612549, 12.8245925903], [537.5078125, 126.6432724, -4.73419523239, 250.406448364, 27.2383499146, 7.85825061798, 6.35942840576, 8.0493888855, -17.7831878662, -17.9104995728, -7.60030984879, 32.2559738159, 5.5766749382], [-346.61831665, 35.8039665222, 106.2889328, 27.2383499146, 195.645111084, 46.2273979187, 22.8448028564, 22.7213592529, 53.2650299072, 7.56888484955, -8.97238349915, -17.3090610504, 12.3136301041], [43.0341148376, -68.4680786133, 5.70393466949, 7.85825061798, 46.2273979187, 125.82170105, 21.6013050079, 24.5991096497, 28.702911377, 25.8210029602, -2.54534697533, 3.07524943352, 6.71743059158], [-112.535133362, 95.7462005615, 67.1409606934, 6.35942840576, 22.8448028564, 21.6013050079, 133.926574707, 28.4821014404, -6.56491804123, 7.06746482849, 20.4092998505, -3.9298145771, -8.14823246002], [7.50145626068, -49.2463417053, 3.67809462547, 8.0493888855, 22.7213592529, 24.5991096497, 28.4821014404, 95.9626922607, 29.5309200287, 9.81688690186, 9.21155071259, -6.64459514618, -10.2005901337], [-111.510070801, -11.4844303131, -12.8227205276, -17.7831878662, 53.2650299072, 28.702911377, -6.56491804123, 29.5309200287, 119.47278595, 36.4743003845, -22.4062461853, -16.7971858978, -5.84208440781], [-83.661895752, -71.2786331177, 12.9672031403, -17.9104995728, 7.56888484955, 25.8210029602, 7.06746482849, 9.81688690186, 36.4743003845, 79.6502532959, 13.8499546051, -7.32964324951, 2.39916110039], [-131.475692749, -26.5161056519, 45.1438407898, -7.60030984879, -8.97238349915, -2.54534697533, 20.4092998505, 9.21155071259, -22.4062461853, 13.8499546051, 76.7279815674, 27.0320205688, -0.838222146034], [-3.0720307827, -56.833152771, 25.8246612549, 32.2559738159, -17.3090610504, 3.07524943352, -3.9298145771, -6.64459514618, -16.7971858978, -7.32964324951, 27.0320205688, 82.7565536499, 26.5445156097], [-52.1936721802, -22.3227005005, 12.8245925903, 5.5766749382, 12.3136301041, 6.71743059158, -8.14823246002, -10.2005901337, -5.84208440781, 2.39916110039, -0.838222146034, 26.5445156097, 64.2792434692]], "icov": [[0.00462503870949, -0.00610863976181, 0.00672338437289, -0.00645898655057, 0.00643446901813, -0.00730286026374, 0.00659483252093, -0.00678135920316, 0.00664092693478, -0.00551428925246, 0.0051148799248, -0.00386880082078, 0.00261714239605], [-0.00610863976181, 0.00925458408892, -0.00822193734348, 0.00786656327546, -0.00894389208406, 0.0103705227375, -0.010121374391, 0.0100933685899, -0.00929859746248, 0.00830523204058, -0.00726962694898, 0.00607986701652, -0.00360062206164], [0.00672338437289, -0.00822193734348, 0.0122471349314, -0.00944920256734, 0.00758938211948, -0.00971510820091, 0.00799430534244, -0.00900349393487, 0.0100309280679, -0.0079952320084, 0.00658851582557, -0.00600659335032, 0.00390277197585], [-0.00645898655057, 0.00786656327546, -0.00944920256734, 0.0140667324886, -0.0101035358384, 0.00990225467831, -0.00863400660455, 0.00808026175946, -0.0075022764504, 0.00706442305818, -0.00511932047084, 0.00199356512167, -0.00259493757039], [0.00643446901813, -0.00894389208406, 0.00758938211948, -0.0101035358384, 0.0172882601619, -0.0127250505611, 0.00927627459168, -0.00985418073833, 0.00535129662603, -0.0056413304992, 0.0061832848005, -0.00229734717868, 0.000837400264572], [-0.00730286026374, 0.0103705227375, -0.00971510820091, 0.00990225467831, -0.0127250505611, 0.0220338497311, -0.0125497356057, 0.00972812622786, -0.0107819717377, 0.0060782819055, -0.00676900334656, 0.00469901226461, -0.004396724049], [0.00659483252093, -0.010121374391, 0.00799430534244, -0.00863400660455, 0.00927627459168, -0.0125497356057, 0.0201541893184, -0.0133133586496, 0.0114946067333, -0.0093354107812, 0.00621211249381, -0.00558806397021, 0.00475240359083], [-0.00678135920316, 0.0100933685899, -0.00900349393487, 0.00808026175946, -0.00985418073833, 0.00972812622786, -0.0133133586496, 0.0241266544908, -0.0140079334378, 0.0103080589324, -0.0109522128478, 0.00780556816608, -0.0029177502729], [0.00664092693478, -0.00929859746248, 0.0100309280679, -0.0075022764504, 0.00535129662603, -0.0107819717377, 0.0114946067333, -0.0140079334378, 0.0242579504848, -0.0153394583613, 0.0132445245981, -0.00825243256986, 0.00650633126497], [-0.00551428925246, 0.00830523204058, -0.0079952320084, 0.00706442305818, -0.0056413304992, 0.0060782819055, -0.0093354107812, 0.0103080589324, -0.0153394583613, 0.0255462005734, -0.0129171423614, 0.00957003701478, -0.0061812098138], [0.0051148799248, -0.00726962694898, 0.00658851582557, -0.00511932047084, 0.0061832848005, -0.00676900334656, 0.00621211249381, -0.0109522128478, 0.0132445245981, -0.0129171423614, 0.0259060431272, -0.012973443605, 0.00671173818409], [-0.00386880082078, 0.00607986701652, -0.00600659335032, 0.00199356512167, -0.00229734717868, 0.00469901226461, -0.00558806397021, 0.00780556816608, -0.00825243256986, 0.00957003701478, -0.012973443605, 0.0237295683473, -0.0106008909643], [0.00261714239605, -0.00360062206164, 0.00390277197585, -0.00259493757039, 0.000837400264572, -0.004396724049, 0.00475240359083, -0.0029177502729, 0.00650633126497, -0.0061812098138, 0.00671173818409, -0.0106008909643, 0.0216039903462]], "mean": [-679.191833496, 203.703414917, -74.7375259399, 44.7720565796, -9.79782676697, -4.19020557404, 3.15807723999, -3.39491224289, -5.50107145309, -11.0982618332, -11.5943012238, -4.54277706146, -6.00330018997]}, "pitch_salience": {"dmean": 0.0751626044512, "dmean2": 0.119762800634, "dvar": 0.0039568990469, "dvar2": 0.010162522085, "max": 0.830706596375, "mean": 0.576954007149, "median": 0.576941549778, "min": 0.152615830302, "var": 0.00943681318313}, "silence_rate_20dB": {"dmean": 0, "dmean2": 0, "dvar": 0, "dvar2": 0, "max": 1, "mean": 1, "median": 1, "min": 1, "var": 0}, "silence_rate_30dB": {"dmean": 0, "dmean2": 0, "dvar": 0, "dvar2": 0, "max": 1, "mean": 1, "median": 1, "min": 1, "var": 0}, "silence_rate_60dB": {"dmean": 0.000867052003741, "dmean2": 0.00173435464967, "dvar": 0.000866268936079, "dvar2": 0.00173120130785, "max": 1, "mean": 0.0293310210109, "median": 0, "min": 0, "var": 0.0284725055099}, "spectral_centroid": {"dmean": 251.656585693, "dmean2": 370.194976807, "dvar": 76731.90625, "dvar2": 163655.203125, "max": 11783.7890625, "mean": 1379.11901855, "median": 1182.84729004, "min": 205.371170044, "var": 1851229}, "spectral_complexity": {"dmean": 3.50115609169, "dmean2": 5.36435890198, "dvar": 9.41315937042, "dvar2": 21.3974533081, "max": 40, "mean": 20.5788173676, "median": 21, "min": 0, "var": 35.6049537659}, "spectral_contrast_coeffs": {"dmean": [0.0516438037157, 0.0516302064061, 0.0505727753043, 0.0374486111104, 0.025432638824, 0.0224072150886], "dmean2": [0.0852944999933, 0.0828865095973, 0.082214564085, 0.061244353652, 0.0407843850553, 0.0347400046885], "dvar": [0.00166023231577, 0.00180145481136, 0.00179147068411, 0.000985723687336, 0.000460280716652, 0.000402973586461], "dvar2": [0.0046448498033, 0.00452120555565, 0.00460294820368, 0.00254294951446, 0.00111039576586, 0.000940790749155], "max": [-0.322616964579, -0.438760519028, -0.52320599556, -0.543403565884, -0.590617895126, -0.572042822838], "mean": [-0.546460151672, -0.707799553871, -0.71413987875, -0.724694550037, -0.735703408718, -0.679394245148], "median": [-0.538484752178, -0.707032859325, -0.706940770149, -0.721887409687, -0.731314599514, -0.670411705971], "min": [-0.981030404568, -0.979361712933, -0.984727263451, -0.984111785889, -0.983632564545, -0.977129876614], "var": [0.00785079598427, 0.00576542224735, 0.00477003818378, 0.00354007515125, 0.00243305996992, 0.0030174406711]}, "spectral_contrast_valleys": {"dmean": [0.473710983992, 0.416573017836, 0.512255489826, 0.406667917967, 0.32366296649, 0.23079714179], "dmean2": [0.775237679482, 0.666228413582, 0.821644246578, 0.629265606403, 0.487773478031, 0.347611129284], "dvar": [0.172408297658, 0.128423199058, 0.19870826602, 0.12815849483, 0.091088116169, 0.0555098243058], "dvar2": [0.410127103329, 0.302508205175, 0.497036427259, 0.29193675518, 0.180196985602, 0.100458309054], "max": [-6.05471754074, -4.83516120911, -5.24518299103, -5.91602706909, -5.82448387146, -10.7166309357], "mean": [-7.94618749619, -6.81817626953, -7.47084379196, -7.80474948883, -8.01406669617, -12.9918766022], "median": [-7.51485061646, -6.40140199661, -7.10839700699, -7.41692972183, -7.59730577469, -12.7686071396], "min": [-28.3377227783, -27.9835586548, -27.8804512024, -27.6964454651, -27.471736908, -27.3865394592], "var": [7.28941774368, 8.08747005463, 7.62323999405, 7.36942434311, 7.1631731987, 3.83087730408]}, "spectral_decrease": {"dmean": 2.38457764645e-09, "dmean2": 3.66113472872e-09, "dvar": 4.806155519e-18, "dvar2": 1.19891409091e-17, "max": 1.96324110557e-28, "mean": -7.76223174626e-09, "median": -7.68147678798e-09, "min": -2.15947455473e-08, "var": 1.09717352254e-17}, "spectral_energy": {"dmean": 0.00981818977743, "dmean2": 0.0150640849024, "dvar": 8.28743068269e-05, "dvar2": 0.000207231598324, "max": 0.0939070135355, "mean": 0.0315066054463, "median": 0.0311703011394, "min": 9.87575941647e-21, "var": 0.000180233546416}, "spectral_energyband_high": {"dmean": 8.03159273346e-05, "dmean2": 0.000121031735034, "dvar": 2.65992330384e-08, "dvar2": 5.45675788999e-08, "max": 0.00400340557098, "mean": 0.000154190434841, "median": 7.44072895031e-05, "min": 7.24812003429e-21, "var": 9.01799808162e-08}, "spectral_energyband_low": {"dmean": 0.00249740062281, "dmean2": 0.00370369991288, "dvar": 1.25173028209e-05, "dvar2": 2.58962736552e-05, "max": 0.0462542921305, "mean": 0.00434150453657, "median": 0.00235674204305, "min": 1.30370237643e-23, "var": 2.91234609904e-05}, "spectral_energyband_middle_high": {"dmean": 0.00620631873608, "dmean2": 0.0095087941736, "dvar": 5.83155160712e-05, "dvar2": 0.000146533420775, "max": 0.073655731976, "mean": 0.0115202106535, "median": 0.00911671016365, "min": 1.12715949943e-21, "var": 8.33624580991e-05}, "spectral_energyband_middle_low": {"dmean": 0.00554525153711, "dmean2": 0.00851268786937, "dvar": 3.17805279337e-05, "dvar2": 8.20725836093e-05, "max": 0.0695650056005, "mean": 0.0169355552644, "median": 0.0156460832804, "min": 1.52993463629e-22, "var": 9.52308400883e-05}, "spectral_entropy": {"dmean": 0.159240707755, "dmean2": 0.245580077171, "dvar": 0.0192419234663, "dvar2": 0.0469210781157, "max": 9.81973075867, "mean": 7.05859375, "median": 7.03691101074, "min": 4.90052461624, "var": 0.212358474731}, "spectral_flux": {"dmean": 0.0318104624748, "dmean2": 0.0509692840278, "dvar": 0.00085659918841, "dvar2": 0.00214343005791, "max": 0.267477631569, "mean": 0.0884095877409, "median": 0.0831884816289, "min": 6.396947555e-11, "var": 0.00146093824878}, "spectral_kurtosis": {"dmean": 5.70570850372, "dmean2": 10.1128664017, "dvar": 24.6390914917, "dvar2": 73.4937515259, "max": 111.0154953, "mean": 8.51193237305, "median": 6.96076869965, "min": -1.26909124851, "var": 56.399887085}, "spectral_rms": {"dmean": 0.000863190740347, "dmean2": 0.0013050569687, "dvar": 6.01676447332e-07, "dvar2": 1.4719361161e-06, "max": 0.00957165565342, "mean": 0.00535917561501, "median": 0.00551453093067, "min": 3.10401162239e-12, "var": 2.01738703254e-06}, "spectral_rolloff": {"dmean": 379.59387207, "dmean2": 608.270080566, "dvar": 229989.875, "dvar2": 452475.09375, "max": 19552.1484375, "mean": 1731.40356445, "median": 1291.9921875, "min": 129.19921875, "var": 5778200.5}, "spectral_skewness": {"dmean": 0.499819219112, "dmean2": 0.87008279562, "dvar": 0.177603706717, "dvar2": 0.525717735291, "max": 8.65400695801, "mean": 1.45333683491, "median": 1.34304511547, "min": -0.0886159315705, "var": 0.501366317272}, "spectral_spread": {"dmean": 203404.5625, "dmean2": 340758.65625, "dvar": 248391811072, "dvar2": 487720452096, "max": 42737144, "mean": 2789983.75, "median": 2055075.625, "min": 801746.9375, "var": 26030620278800.0}, "spectral_strongpeak": {"dmean": 0.915285825729, "dmean2": 1.5641040802, "dvar": 2.06742143631, "dvar2": 5.09644460678, "max": 16.553131