{"lowlevel": {"average_loudness": 0.693410694599, "barkbands": {"dmean": [4.74885528092e-05, 0.00155644631013, 0.000673383707181, 0.000886508962139, 0.00179182738066, 0.000963261176366, 0.00121018360369, 0.001581799821, 0.000821043387987, 0.000763887830544, 0.000584564171731, 0.000325054890709, 0.000353569805156, 0.000209184334381, 0.000100438381196, 3.41943559761e-05, 3.05337343889e-05, 2.95371391985e-05, 2.02466508199e-05, 2.77004910458e-05, 2.99361236102e-05, 3.5741206375e-05, 3.93572554458e-05, 3.58755351044e-05, 5.84852168686e-05, 2.69392094197e-05, 4.90355841976e-06], "dmean2": [6.9574394729e-05, 0.00264026131481, 0.00107466429472, 0.00154127425049, 0.00277095963247, 0.00145700050052, 0.00176368153188, 0.00227676727809, 0.00120146851987, 0.00116283714306, 0.000893776654266, 0.00050473381998, 0.000548146024812, 0.000321094994433, 0.000155056462972, 5.26277690369e-05, 4.80396047351e-05, 4.57741443824e-05, 3.13608215947e-05, 4.26150691055e-05, 4.40946132585e-05, 5.22113405168e-05, 5.72061326238e-05, 4.9873986427e-05, 8.16401079646e-05, 3.78520380764e-05, 6.82461541146e-06], "dvar": [1.02894155418e-08, 1.90789396584e-05, 1.61377863606e-06, 2.94988785754e-06, 9.15440796234e-06, 5.48863681615e-06, 9.1818292276e-06, 1.75895966095e-05, 4.85992904942e-06, 4.33603281635e-06, 2.8491303965e-06, 1.3100511751e-06, 1.1191931435e-06, 3.75599455538e-07, 1.63555554877e-07, 3.18334301141e-08, 6.27443386136e-09, 6.17347772902e-09, 2.35511765645e-09, 1.26819461599e-08, 1.18693970208e-08, 4.99285910394e-08, 4.43798064964e-08, 2.33882477829e-08, 5.99709224502e-08, 1.07695967699e-08, 2.86445034359e-10], "dvar2": [1.86713275951e-08, 4.97806177009e-05, 4.1508983486e-06, 8.58526072989e-06, 2.13955863728e-05, 1.09778657134e-05, 1.97778499569e-05, 3.43373467331e-05, 9.9576136563e-06, 1.03105494418e-05, 6.40680218567e-06, 2.93921698358e-06, 2.72952070191e-06, 7.98433802629e-07, 3.21339371112e-07, 7.72022019646e-08, 1.55975747873e-08, 1.21136194409e-08, 4.89978990714e-09, 3.27184821458e-08, 2.72121081224e-08, 1.20085189792e-07, 9.57364463261e-08, 4.4584595571e-08, 1.09079628885e-07, 2.21446452287e-08, 5.73265990234e-10], "max": [0.00159040675499, 0.0816789418459, 0.0183982141316, 0.0303792469203, 0.0825756937265, 0.0840298458934, 0.0852713659406, 0.0958018004894, 0.0666133910418, 0.056524656713, 0.0453878603876, 0.034842018038, 0.0333655290306, 0.030563691631, 0.031350299716, 0.0104494467378, 0.00313497148454, 0.00754406349733, 0.00276737241074, 0.00630474090576, 0.00435539335012, 0.0127903679386, 0.0112866247073, 0.00523429224268, 0.00976357702166, 0.0029915086925, 0.00026013929164], "mean": [6.27061453997e-05, 0.00243141571991, 0.00140139530413, 0.00142315472476, 0.00459656026214, 0.00204118806869, 0.00219768239185, 0.0036470098421, 0.00187050621025, 0.00151481677312, 0.00112619879656, 0.000640840036795, 0.000831450743135, 0.000421000964707, 0.000174377972144, 6.66686537443e-05, 6.20863429504e-05, 5.98894475843e-05, 3.96681971324e-05, 5.06047763338e-05, 5.043377314e-05, 5.27955598955e-05, 6.28030466032e-05, 4.92777362524e-05, 7.49744576751e-05, 3.36629818776e-05, 5.30476063432e-06], "median": [1.81408868229e-05, 0.00125600351021, 0.000783436640631, 0.000643937499262, 0.00288710743189, 0.000814699160401, 0.000472232932225, 0.000350768706994, 0.000316830264637, 0.000280276144622, 0.000185862649232, 0.000112007233838, 0.000141326658195, 0.000101493096736, 5.95919736952e-05, 2.28295957641e-05, 2.67601262749e-05, 2.56672901742e-05, 2.19402190851e-05, 2.34033614106e-05, 1.66290810739e-05, 1.23787249322e-05, 1.19803253256e-05, 6.40036205368e-06, 6.40450298306e-06, 3.97905432692e-06, 4.13950630218e-07], "min": [3.69283523327e-23, 3.72927776719e-23, 1.32311521779e-23, 7.71286583088e-24, 9.69359143425e-24, 1.60132673754e-23, 5.07340965945e-23, 3.07277573118e-23, 6.77082596613e-23, 6.96135606958e-23, 6.11358113869e-23, 1.77150037999e-22, 1.34901033431e-22, 8.96596775007e-23, 8.15207723496e-23, 1.43209089293e-22, 2.61567040587e-22, 1.88118145455e-22, 3.92510907904e-22, 3.94647875298e-22, 3.95066716262e-22, 5.03003915973e-22, 5.29584161345e-22, 8.68323154505e-22, 1.17883142857e-21, 1.66583684149e-21, 2.59064748552e-21], "var": [1.87484641145e-08, 1.91449835256e-05, 3.10391374114e-06, 4.68158077638e-06, 3.41592749464e-05, 2.01241982722e-05, 2.38737939071e-05, 6.82400568621e-05, 1.85017615877e-05, 1.24547004816e-05, 8.65814399731e-06, 4.04627735406e-06, 4.14845771957e-06, 1.39362134632e-06, 4.04099722573e-07, 9.12218354188e-08, 2.03568717438e-08, 2.51630734027e-08, 4.37439462431e-09, 1.31441835194e-08, 1.76501053772e-08, 6.52186926686e-08, 6.79107259316e-08, 4.52057058453e-08, 1.21927442365e-07, 1.70568767999e-08, 3.78716946692e-10]}, "barkbands_crest": {"dmean": 2.3092854023, "dmean2": 3.69861292839, "dvar": 4.9497795105, "dvar2": 12.2315673828, "max": 25.9890117645, "mean": 10.4497203827, "median": 9.55696678162, "min": 2.70982217789, "var": 17.8243961334}, "barkbands_flatness_db": {"dmean": 0.0191734954715, "dmean2": 0.0271639619023, "dvar": 0.00037741556298, "dvar2": 0.000691801076755, "max": 0.342210233212, "mean": 0.161401063204, "median": 0.161669313908, "min": 0.0228770617396, "var": 0.00215666578151}, "barkbands_kurtosis": {"dmean": 2.92554950714, "dmean2": 4.54056215286, "dvar": 27.6735363007, "dvar2": 63.6681671143, "max": 261.68560791, "mean": 6.05628824234, "median": 3.79617524147, "min": -1.95941996574, "var": 68.0656661987}, "barkbands_skewness": {"dmean": 0.462220877409, "dmean2": 0.696773409843, "dvar": 0.260565429926, "dvar2": 0.554504156113, "max": 11.9259614944, "mean": 1.52431464195, "median": 1.43570172787, "min": -4.11816072464, "var": 1.51303005219}, "barkbands_spread": {"dmean": 4.02870607376, "dmean2": 5.84295701981, "dvar": 57.0839385986, "dvar2": 106.269309998, "max": 156.016021729, "mean": 13.8456497192, "median": 10.1162805557, "min": 0.614594519138, "var": 202.685409546}, "dissonance": {"dmean": 0.027493884787, "dmean2": 0.0458303391933, "dvar": 0.000650386849884, "dvar2": 0.00178962934297, "max": 0.500000059605, "mean": 0.43297663331, "median": 0.440718501806, "min": 0.195580199361, "var": 0.00173408421688}, "dynamic_complexity": 5.28740406036, "erbbands": {"dmean": [0.040196929127, 0.372191995382, 0.744965076447, 1.93651127815, 3.68540120125, 6.94971513748, 9.63839054108, 7.00026655197, 13.0416955948, 30.8970470428, 23.9893054962, 18.7800807953, 25.2034454346, 15.1116456985, 23.6056194305, 14.5553684235, 16.2577648163, 10.9234933853, 5.5128121376, 4.18656539917, 1.61166036129, 1.48007071018, 1.71541023254, 0.975908100605, 1.18226540089, 1.28435790539, 1.2737121582, 1.12341654301, 1.24538350105, 1.36610996723, 1.13007235527, 0.7670814991, 0.62835329771, 0.619151830673, 0.422836124897, 0.166682273149, 0.0418572984636, 0.00741495285183, 0.00085367372958, 3.63129838661e-05], "dmean2": [0.0690139383078, 0.630319535732, 1.19931519032, 3.30713391304, 6.01331567764, 10.7657032013, 14.2797498703, 10.8075447083, 19.27617836, 44.1026382446, 34.2040901184, 27.2679710388, 37.9433479309, 22.8579139709, 35.7223014832, 22.5091171265, 25.0085830688, 16.8562164307, 8.43008804321, 6.39942407608, 2.43178868294, 2.26930713654, 2.6495950222, 1.50983142853, 1.84503376484, 1.97775995731, 1.92537987232, 1.64751207829, 1.82118332386, 1.99639236927, 1.6471452713, 1.08302855492, 0.880678057671, 0.863057732582, 0.602294504642, 0.237522751093, 0.058131929487, 0.0102371508256, 0.00118713313714, 5.25501927768e-05], "dvar": [0.0148264588788, 1.03312671185, 2.11763119698, 13.7889194489, 37.8018035889, 175.725265503, 532.347290039, 259.133666992, 1568.31347656, 5960.94384766, 4552.66796875, 2396.1484375, 5112.76171875, 2614.92041016, 5101.45410156, 2459.93457031, 2186.37744141, 868.532165527, 316.565795898, 544.045532227, 50.1660041809, 15.0674409866, 17.4801864624, 4.88103246689, 9.76418876648, 29.0098743439, 22.6726493835, 18.6220970154, 70.9351730347, 49.8852081299, 39.6842041016, 13.8769807816, 6.29876375198, 7.12606287003, 3.29007697105, 0.528692007065, 0.0217244829983, 0.000565245980397, 9.11216102395e-06, 1.29269626115e-08], "dvar2": [0.0406769737601, 2.66991734505, 5.32053852081, 39.0973167419, 102.401123047, 406.155029297, 1087.11657715, 550.686157227, 3463.03930664, 12392.359375, 8809.20996094, 5107.12548828, 12338.4179688, 6135.12402344, 11233.5322266, 5515.56103516, 5481.85498047, 1946.61401367, 656.812805176, 1041.93640137, 107.622444153, 33.9242134094, 36.4358634949, 10.9255456924, 20.8473186493, 75.9695129395, 54.4453392029, 41.1020202637, 169.000656128, 116.75239563, 89.1557312012, 27.6597728729, 12.7739992142, 13.2846651077, 6.13970279694, 1.08802807331, 0.0442345924675, 0.00112236454152, 1.82276453415e-05, 2.73577018817e-08], "max": [2.00366854668, 19.1541233063, 23.2599277496, 68.3103942871, 175.360809326, 400.747894287, 906.220581055, 597.559692383, 1480.40844727, 2271.62182617, 2629.78271484, 1472.2532959, 1945.72705078, 2085.87084961, 2185.62646484, 1421.11218262, 1503.97924805, 1305.92553711, 849.902954102, 1895.42675781, 430.782745361, 193.023468018, 330.336242676, 83.4124526978, 151.479263306, 323.317382813, 199.7137146, 160.272460938, 473.176361084, 314.049865723, 319.76763916, 150.614974976, 76.1488418579, 140.330474854, 54.4450569153, 24.5469989777, 4.85989665985, 0.454725235701, 0.0459668263793, 0.00177851866465], "mean": [0.0518010556698, 0.611221671104, 1.56726324558, 3.69558119774, 7.98033380508, 16.5333385468, 21.4521579742, 14.815404892, 25.9935626984, 70.1642074585, 56.048866272, 46.5343894958, 51.4245681763, 32.3738327026, 48.1142234802, 34.3443984985, 40.5238876343, 24.0047397614, 11.5734949112, 7.31645393372, 3.71793961525, 3.33286690712, 3.57539510727, 2.07248187065, 2.34408211708, 2.36767220497, 2.17627859116, 1.82287716866, 1.83398389816, 2.17092585564, 1.7148116827, 1.09343385696, 0.808892548084, 0.78331798315, 0.536037921906, 0.209827288985, 0.0511346049607, 0.00871568359435, 0.000910234462935, 6.40436046524e-05], "median": [0.0148649644107, 0.350830405951, 1.05935430527, 1.95651698112, 5.18937301636, 8.60479068756, 8.56724834442, 6.43698120117, 7.04346466064, 9.51640796661, 8.29148197174, 9.71465778351, 10.1861171722, 6.04574584961, 9.15716171265, 7.25436449051, 7.72868299484, 7.37040519714, 3.83016753197, 2.77192568779, 1.50358211994, 1.43415403366, 1.58518004417, 1.13757240772, 1.2658033371, 1.10164570808, 0.805296003819, 0.537506103516, 0.42950758338, 0.495410978794, 0.329064875841, 0.174326524138, 0.0834649726748, 0.0589267723262, 0.0460413098335, 0.0210202038288, 0.00624522473663, 0.000949842447881, 6.9318964961e-05, 3.65571104339e-05], "min": [1.59763715304e-21, 6.24874206708e-21, 1.35942432315e-20, 3.19438476381e-20, 1.95941477214e-20, 3.96332475265e-20, 5.99583094855e-20, 1.51398441001e-19, 5.69872124346e-19, 9.4961275239e-19, 5.80043757543e-19, 1.09431642003e-18, 2.54695610768e-18, 2.52921680585e-18, 3.45852175722e-18, 7.37603238786e-18, 6.68546603015e-18, 5.50242859576e-18, 2.93649427649e-18, 6.76040404415e-18, 8.117361579e-18, 1.46468060428e-17, 1.38167385699e-17, 1.40020551512e-17, 1.79103842839e-17, 1.92540217293e-17, 1.7990463639e-17, 1.5401348617e-17, 1.96654994163e-17, 1.40561858505e-17, 1.56428324163e-17, 1.27926385135e-17, 1.68830425067e-17, 1.4301691402e-17, 8.63414762978e-18, 6.15356035854e-18, 2.84028221111e-18, 1.62094809144e-18, 3.77940166044e-19, 3.23924089434e-20], "var": [0.0129391010851, 1.07189750671, 3.79324007034, 24.899230957, 83.8377990723, 607.246032715, 2023.41308594, 936.116088867, 4096.85253906, 23048.7460938, 17034.2480469, 10413.2763672, 14807.4140625, 7327.57568359, 16287.6914063, 8794.92480469, 9095.71679688, 2662.55834961, 1102.13061523, 1239.92358398, 246.791381836, 67.6544723511, 65.3397293091, 9.66926002502, 17.0199661255, 29.1545810699, 29.6942310333, 29.3727874756, 93.4771118164, 70.3866729736, 55.8258132935, 25.7937526703, 11.2293510437, 14.4385948181, 6.2894282341, 0.850692808628, 0.0329334624112, 0.000817508378532, 1.19128108054e-05, 1.62438826834e-08]}, "erbbands_crest": {"dmean": 2.68095159531, "dmean2": 4.19632959366, "dvar": 6.80820560455, "dvar2": 15.8220615387, "max": 32.4070777893, "mean": 11.5867977142, "median": 10.4197397232, "min": 2.15375208855, "var": 27.6314563751}, "erbbands_flatness_db": {"dmean": 0.0190973989666, "dmean2": 0.025325210765, "dvar": 0.000388425774872, "dvar2": 0.000599989434704, "max": 0.352181941271, "mean": 0.182541236281, "median": 0.183489024639, "min": 0.0217772889882, "var": 0.00283874082379}, "erbbands_kurtosis": {"dmean": 1.50374782085, "dmean2": 2.3243765831, "dvar": 5.15478563309, "dvar2": 11.7041664124, "max": 70.5738143921, "mean": 2.45581173897, "median": 1.42605292797, "min": -1.77193212509, "var": 14.2734394073}, "erbbands_skewness": {"dmean": 0.392056018114, "dmean2": 0.590579271317, "dvar": 0.153439685702, "dvar2": 0.317620337009, "max": 7.3559679985, "mean": 0.825399398804, "median": 0.785785615444, "min": -3.56277346611, "var": 0.842166781425}, "erbbands_spread": {"dmean": 6.32639598846, "dmean2": 9.0709028244, "dvar": 90.384979248, "dvar2": 170.857711792, "max": 146.511993408, "mean": 27.1724758148, "median": 21.9538974762, "min": 2.79221749306, "var": 383.893463135}, "gfcc": {"cov": [[18842.3457031, 645.984863281, -414.118438721, 350.792022705, -770.825439453, 244.109024048, -451.059326172, 64.3201217651, -264.068786621, 109.724205017, -89.8977279663, 81.6595535278, -356.628234863], [645.984863281, 1614.09619141, -389.639862061, -22.6281661987, 178.528793335, -54.3227424622, 136.383743286, -139.278091431, 75.5154800415, -91.2674407959, 114.116783142, -103.118919373, 20.7348041534], [-414.118438721, -389.639862061, 663.82220459, 216.037643433, 89.8947982788, 37.2531700134, -32.3206825256, 58.7519073486, 11.3037538528, 59.5168113708, -24.3079109192, 51.3876113892, 8.65856361389], [350.792022705, -22.6281661987, 216.037643433, 582.432250977, 124.872848511, -21.3481254578, -97.2678070068, -14.7578744888, 13.3500928879, -14.6098804474, -25.7106056213, -2.38374090195, 76.5841751099], [-770.825439453, 178.528793335, 89.8947982788, 124.872848511, 278.13659668, 35.6427841187, 55.5955238342, -15.7472448349, 26.8845787048, -6.15857839584, 26.3523921967, -21.7977905273, 45.2892875671], [244.109024048, -54.3227424622, 37.2531700134, -21.3481254578, 35.6427841187, 189.714904785, 76.7277145386, 21.8641986847, -33.1220016479, 21.929807663, 5.0628490448, -6.28538751602, -23.9380073547], [-451.059326172, 136.383743286, -32.3206825256, -97.2678070068, 55.5955238342, 76.7277145386, 197.982025146, 44.320400238, 13.6096782684, -11.7312641144, 21.7742233276, -24.858833313, -23.7775020599], [64.3201217651, -139.278091431, 58.7519073486, -14.7578744888, -15.7472448349, 21.8641986847, 44.320400238, 130.225997925, 30.1156311035, 23.0347232819, -19.9548835754, 7.26077318192, -25.8042793274], [-264.068786621, 75.5154800415, 11.3037538528, 13.3500928879, 26.8845787048, -33.1220016479, 13.6096782684, 30.1156311035, 110.430030823, 18.4535636902, 2.29225587845, -10.2325267792, 0.84857749939], [109.724205017, -91.2674407959, 59.5168113708, -14.6098804474, -6.15857839584, 21.929807663, -11.7312641144, 23.0347232819, 18.4535636902, 89.3210372925, 15.7511367798, 2.33427643776, -24.5750408173], [-89.8977279663, 114.116783142, -24.3079109192, -25.7106056213, 26.3523921967, 5.0628490448, 21.7742233276, -19.9548835754, 2.29225587845, 15.7511367798, 79.6901702881, 17.3678531647, 3.74273753166], [81.6595535278, -103.118919373, 51.3876113892, -2.38374090195, -21.7977905273, -6.28538751602, -24.858833313, 7.26077318192, -10.2325267792, 2.33427643776, 17.3678531647, 88.4219436646, 17.384355545], [-356.628234863, 20.7348041534, 8.65856361389, 76.5841751099, 45.2892875671, -23.9380073547, -23.7775020599, -25.8042793274, 0.84857749939, -24.5750408173, 3.74273753166, 17.384355545, 98.3932418823]], "icov": [[9.71227855189e-05, -0.000158438750077, 5.6873075664e-05, -0.000153202141519, 0.000271827884717, -0.000264893926214, 0.000310577830533, -0.00021709279099, 0.000226158372243, -0.000141084732604, 0.000146387756104, -0.000220982416067, 0.000324493128574], [-0.000158438750077, 0.00142306264024, 0.000389524793718, 8.64339453983e-05, -0.000899447069969, 0.000717037240975, -0.00109286548104, 0.00131446891464, -0.00124128721654, 0.001154106576, -0.00163092825096, 0.00117218459491, -0.000152731794515], [5.6873075664e-05, 0.000389524793718, 0.00244827475399, -0.000886349647772, -0.000809784221929, -0.000142036340549, -8.69491705089e-05, -0.000289669813355, 2.54091100942e-05, -0.00129518238828, 0.000744769175071, -0.00151296739932, 0.000754967797548], [-0.000153202141519, 8.64339453983e-05, -0.000886349647772, 0.0029231319204, -0.00133087660652, 8.2607002696e-05, 0.00127948564477, -0.000192406572751, -0.000493431347422, 0.001008302439, 6.27053232165e-05, 0.0011531204218, -0.0018293200992], [0.000271827884717, -0.000899447069969, -0.000809784221929, -0.00133087660652, 0.00659193377942, -0.00171847338788, -0.000716089562047, 9.93410867522e-05, -0.000374754017685, -0.000368848937796, -0.000969392538536, 0.000884903594851, -0.00152570393402], [-0.000264893926214, 0.000717037240975, -0.000142036340549, 8.2607002696e-05, -0.00171847338788, 0.00864912569523, -0.00441460171714, 0.000692249042913, 0.00267483433709, -0.00242190877907, 0.000379223696655, 0.000329051690642, 0.000146404505358], [0.000310577830533, -0.00109286548104, -8.69491705089e-05, 0.00127948564477, -0.000716089562047, -0.00441460171714, 0.0110445953906, -0.0049515501596, -0.000202482799068, 0.00343772792257, -0.00253986893222, 0.00160181126557, 0.00166775204707], [-0.00021709279099, 0.00131446891464, -0.000289669813355, -0.000192406572751, 9.93410867522e-05, 0.000692249042913, -0.0049515501596, 0.0129162119702, -0.00404557771981, -0.00168216065504, 0.00300254882313, -0.00173823360819, 0.00123251264449], [0.000226158372243, -0.00124128721654, 2.54091100942e-05, -0.000493431347422, -0.000374754017685, 0.00267483433709, -0.000202482799068, -0.00404557771981, 0.0132234049961, -0.00429999316111, 0.00133195891976, 8.58659259393e-05, -7.73971987655e-05], [-0.000141084732604, 0.001154106576, -0.00129518238828, 0.001008302439, -0.000368848937796, -0.00242190877907, 0.00343772792257, -0.00168216065504, -0.00429999316111, 0.0178705342114, -0.00715648569167, 0.00298541411757, 0.00278998469003], [0.000146387756104, -0.00163092825096, 0.000744769175071, 6.27053232165e-05, -0.000969392538536, 0.000379223696655, -0.00253986893222, 0.00300254882313, 0.00133195891976, -0.00715648569167, 0.0199887864292, -0.00726263877004, 0.000195971340872], [-0.000220982416067, 0.00117218459491, -0.00151296739932, 0.0011531204218, 0.000884903594851, 0.000329051690642, 0.00160181126557, -0.00173823360819, 8.58659259393e-05, 0.00298541411757, -0.00726263877004, 0.0168001353741, -0.00415551336482], [0.000324493128574, -0.000152731794515, 0.000754967797548, -0.0018293200992, -0.00152570393402, 0.000146404505358, 0.00166775204707, 0.00123251264449, -7.73971987655e-05, 0.00278998469003, 0.000195971340872, -0.00415551336482, 0.0156174264848]], "mean": [-53.1015625, 111.703155518, -100.878135681, 7.32095766068, -62.9273147583, 11.0959062576, -33.6250076294, -0.418472915888, -27.4436321259, 2.47500276566, -16.3903942108, -2.8818628788, -14.6511039734]}, "hfc": {"dmean": 4.23506116867, "dmean2": 5.98118877411, "dvar": 65.3376998901, "dvar2": 130.814758301, "max": 196.380172729, "mean": 15.3794336319, "median": 9.82392024994, "min": 1.18627731887e-16, "var": 269.609893799}, "melbands": {"dmean": [0.000401646713726, 0.000406382605433, 0.000359028199455, 0.00035454245517, 0.000341434584698, 0.000164209472132, 0.000207994919037, 0.000352324685082, 0.000185407450772, 0.000116460396384, 0.000125102247694, 6.20536666247e-05, 8.12011494418e-05, 4.24105237471e-05, 4.59150469396e-05, 2.46396502916e-05, 2.2937925678e-05, 9.93928370008e-06, 6.24145104666e-06, 3.98995916839e-06, 2.03452395908e-06, 1.5801022073e-06, 1.98980910682e-06, 1.40786221436e-06, 8.00546274604e-07, 8.72560178777e-07, 9.83341351457e-07, 8.69602729381e-07, 8.82758854459e-07, 7.24939013708e-07, 6.6251033104e-07, 7.03209707353e-07, 7.5239358921e-07, 7.99444194399e-07, 7.21124024494e-07, 4.99139503063e-07, 4.85767145619e-07, 4.17189255586e-07, 5.29024532625e-07, 5.33818308668e-07], "dmean2": [0.000683155783918, 0.000661088270135, 0.000607033492997, 0.000561876106076, 0.000509937643073, 0.000251397083048, 0.000304997665808, 0.000506655953359, 0.000263751280727, 0.000169412916875, 0.000188402278582, 9.4286944659e-05, 0.000123808684293, 6.49063003948e-05, 7.08722145646e-05, 3.77257129003e-05, 3.54837502528e-05, 1.51641879711e-05, 9.37951881497e-06, 6.2434019128e-06, 3.08695007334e-06, 2.45449132308e-06, 3.06641913994e-06, 2.20765605263e-06, 1.26194788663e-06, 1.38238488034e-06, 1.5364292949e-06, 1.36528933581e-06, 1.37053689286e-06, 1.09072300347e-06, 9.99443500405e-07, 1.04213324903e-06, 1.12723375878e-06, 1.17368449537e-06, 1.06644915832e-06, 7.20833384094e-07, 6.9860379881e-07, 5.93973993546e-07, 7.49636683395e-07, 7.54682787374e-07], "dvar": [1.40072268096e-06, 7.93734557192e-07, 4.18493272036e-07, 3.51127852127e-07, 5.4475088973e-07, 1.48680030065e-07, 3.56163667448e-07, 8.0002928371e-07, 2.6504460493e-07, 9.09626081125e-08, 1.25613397017e-07, 4.95551404356e-08, 5.6228692813e-08, 1.54400758845e-08, 2.45793216891e-08, 4.40712000227e-09, 4.27011759285e-09, 1.36352451552e-09, 9.59131440936e-10, 3.78688219671e-10, 1.09395069392e-10, 1.60524805254e-11, 3.63481189591e-11, 1.24022224782e-11, 3.46808584455e-12, 4.33383060341e-12, 9.78407112273e-12, 1.48234185343e-11, 1.01435578687e-11, 8.33063652783e-12, 6.3867292531e-12, 1.94487932703e-11, 3.067640586e-11, 1.54724219548e-11, 1.67988938732e-11, 8.0195459648e-12, 5.26301615136e-12, 3.32055672021e-12, 4.7667161017e-12, 5.72174122318e-12], "dvar2": [3.73332750314e-06, 1.91628760149e-06, 1.17036279335e-06, 8.93833941973e-07, 1.13327371309e-06, 3.06086946011e-07, 7.84446456237e-07, 1.6514499066e-06, 5.08767129759e-07, 1.94922932906e-07, 3.02124362861e-07, 1.16105972836e-07, 1.26798425981e-07, 3.52935423109e-08, 5.64265931757e-08, 1.07059152654e-08, 9.52219902928e-09, 2.73972800002e-09, 1.76970793575e-09, 8.05866873232e-10, 2.33846608744e-10, 3.80417884693e-11, 6.85669923617e-11, 2.82531879836e-11, 7.98854038475e-12, 9.18561320756e-12, 2.30749100383e-11, 3.96526526891e-11, 2.50672659713e-11, 1.94401734294e-11, 1.40831348319e-11, 4.47522088831e-11, 7.81005191075e-11, 3.52613806209e-11, 3.90466478595e-11, 1.80244898867e-11, 1.02930702156e-11, 7.13981955155e-12, 1.0045396806e-11, 1.0781433038e-11], "max": [0.0216892864555, 0.0167500935495, 0.0111031373963, 0.0134718753397, 0.0251928586513, 0.01423558034, 0.020548036322, 0.0247401650995, 0.0195643696934, 0.00871891528368, 0.0097186518833, 0.00924862921238, 0.00624581752345, 0.00346211111173, 0.00532741611823, 0.0019600931555, 0.0029555100482, 0.00213421089575, 0.00274560018443, 0.00113134621643, 0.000701747077983, 0.000186916222447, 0.000661749974824, 0.000158801281941, 6.9308320235e-05, 0.000117280877021, 0.00015819510736, 0.000225793715799, 0.000133554669446, 0.000120599266666, 7.82959905337e-05, 0.000231844183872, 0.000370759051293, 0.000199886664632, 0.000227166543482, 0.000156581532792, 9.47128792177e-05, 6.73893591738e-05, 8.80818042788e-05, 0.000120135184261], "mean": [0.000592999916989, 0.000845203525387, 0.000731684092898, 0.000864848901983, 0.00080450886162, 0.000345963111613, 0.000400934542995, 0.000815746607259, 0.000437940499978, 0.000270705088042, 0.000248662108788, 0.000122628378449, 0.000158511218615, 8.76157282619e-05, 0.000110024979222, 5.96729114477e-05, 4.58250578959e-05, 1.96295804926e-05, 1.06835814222e-05, 6.76674562783e-06, 4.28651355833e-06, 3.29801537191e-06, 3.85834891858e-06, 2.70023770099e-06, 1.48002573042e-06, 1.61664945608e-06, 1.75970660621e-06, 1.48398396504e-06, 1.42204737585e-06, 1.17114564091e-06, 1.00084832866e-06, 9.98198629532e-07, 1.08482140604e-06, 1.26142151657e-06, 1.0640999335e-06, 6.98832536727e-07, 6.61818376102e-07, 5.26988344518e-07, 6.37627351807e-07, 6.67176095703e-07], "median": [0.000248899596045, 0.000665288884193, 0.000497002736665, 0.000572075077798, 0.000338736746926, 0.000142619159305, 9.75367438514e-05, 9.68467720668e-05, 6.16028773948e-05, 5.15794890816e-05, 4.49656436103e-05, 1.88068352145e-05, 2.72386841971e-05, 1.90404316527e-05, 1.80966817425e-05, 1.16224618978e-05, 1.13530095405e-05, 5.62220429856e-06, 3.58689044333e-06, 2.55677332461e-06, 1.53173823492e-06, 1.41270845688e-06, 1.58412206019e-06, 1.1161380371e-06, 7.66286575526e-07, 8.51001118463e-07, 8.29526697999e-07, 6.5228874746e-07, 5.09649055402e-07, 3.81270865546e-07, 2.57856640928e-07, 2.21383643861e-07, 2.36866938508e-07, 2.66968186224e-07, 1.93411608507e-07, 1.20317992014e-07, 8.86406823497e-08, 5.25868308898e-08, 4.63419631558e-08, 4.50068533553e-08], "min": [1.41901735358e-23, 8.36709894516e-24, 4.68734602337e-24, 2.01335644028e-24, 1.97089186054e-24, 4.13293734019e-24, 8.44837133992e-24, 9.35804234847e-24, 4.49153575834e-24, 8.22391516884e-24, 1.26569474247e-23, 9.98372737545e-24, 8.6138932905e-24, 2.18930421324e-23, 1.4042279471e-23, 1.49861941426e-23, 9.44714103227e-24, 3.88642343491e-24, 7.67265285738e-24, 9.50608866341e-24, 9.02893352312e-24, 1.46828092825e-23, 1.515014626e-23, 9.52710234021e-24, 1.12944781452e-23, 1.6707408174e-23, 9.49197909726e-24, 1.41229625867e-23, 1.06099298952e-23, 1.06056077263e-23, 8.64722818577e-24, 1.07568434059e-23, 9.6542895951e-24, 6.95644446381e-24, 8.23869605562e-24, 9.62766869499e-24, 7.39319809284e-24, 1.08948885422e-23, 1.33805450784e-23, 1.20574786122e-23], "var": [1.32667923936e-06, 1.16814157991e-06, 7.49988601001e-07, 1.08605365767e-06, 2.18403988583e-06, 5.43119199392e-07, 9.45483236592e-07, 3.25089536091e-06, 1.06202605821e-06, 3.57247898819e-07, 3.63960197092e-07, 1.32526480456e-07, 1.72064460457e-07, 4.97332734994e-08, 8.7477253885e-08, 1.86112529832e-08, 1.25931700623e-08, 5.14446085731e-09, 2.31871055689e-09, 7.80608133688e-10, 5.62964452833e-10, 6.69347702265e-11, 1.63539043418e-10, 2.80365713284e-11, 5.90321368177e-12, 7.97999860636e-12, 1.30439955712e-11, 1.36976454485e-11, 1.23628034893e-11, 1.15083220731e-11, 9.94554525541e-12, 2.7141427994e-11, 3.40943245858e-11, 2.23542764161e-11, 2.1647857118e-11, 1.19805528345e-11, 9.85740569032e-12, 5.32183195082e-12, 7.91100518427e-12, 1.16778010872e-11]}, "melbands_crest": {"dmean": 2.72702074051, "dmean2": 4.40747451782, "dvar": 6.62944173813, "dvar2": 16.5294399261, "max": 37.3583908081, "mean": 13.1063547134, "median": 12.0259780884, "min": 2.20362401009, "var": 26.7416858673}, "melbands_flatness_db": {"dmean": 0.0211712885648, "dmean2": 0.0303612537682, "dvar": 0.000519963272382, "dvar2": 0.000967916799709, "max": 0.443872451782, "mean": 0.241991654038, "median": 0.242331951857, "min": 0.00745046837255, "var": 0.00317967450246}, "melbands_kurtosis": {"dmean": 5.01984596252, "dmean2": 7.78296709061, "dvar": 92.0893859863, "dvar2": 227.711227417, "max": 298.261016846, "mean": 11.4811191559, "median": 6.25872373581, "min": -1.80452156067, "var": 247.998397827}, "melbands_skewness": {"dmean": 0.544053852558, "dmean2": 0.812368452549, "dvar": 0.421858400106, "dvar2": 0.920910060406, "max": 15.1701393127, "mean": 2.05805158615, "median": 1.84728932381, "min": -1.33841514587, "var": 2.59530758858}, "melbands_spread": {"dmean": 3.7923541069, "dmean2": 5.72894906998, "dvar": 53.6804847717, "dvar2": 107.252243042, "max": 223.172943115, "mean": 15.0075941086, "median": 12.2249917984, "min": 0.685784041882, "var": 238.229812622}, "mfcc": {"cov": [[10602.7998047, 1002.5758667, 206.917266846, -58.9645996094, -231.948410034, 56.3920021057, -58.9163856506, 85.7691116333, -177.073364258, 41.5851402283, 91.8569030762, 55.2416801453, 40.9241867065], [1002.5758667, 1665.86035156, -313.529846191, -31.7601833344, -82.7337493896, 94.6030578613, 60.8633422852, 43.1382865906, -87.3716964722, 40.3679695129, 51.7948226929, 32.8910636902, 12.0209932327], [206.917266846, -313.529846191, 470.629577637, 142.237457275, 114.633575439, 30.2915306091, -2.59596538544, -7.07797908783, 36.0531005859, -19.0411949158, 5.91234350204, 10.748503685, 9.93611240387], [-58.9645996094, -31.7601833344, 142.237457275, 461.931610107, 215.699981689, 38.4923439026, -38.5890159607, -17.9512386322, 54.4141387939, -19.0004882813, -66.1605453491, 4.19173526764, 21.8063678741], [-231.948410034, -82.7337493896, 114.633575439, 215.699981689, 257.56237793, 65.7305450439, 1.94745838642, -27.981880188, 41.1756324768, -11.6824321747, -36.133480072, 0.745643615723, 6.85829114914], [56.3920021057, 94.6030578613, 30.2915306091, 38.4923439026, 65.7305450439, 152.514724731, 72.4821624756, 6.89029312134, 2.76639533043, 2.23254323006, 6.09607648849, 8.26651191711, -4.88764190674], [-58.9163856506, 60.8633422852, -2.59596538544, -38.5890159607, 1.94745838642, 72.4821624756, 177.624557495, 41.8606643677, 14.9845600128, 3.75633215904, 27.3404922485, 17.2767219543, -7.4696931839], [85.7691116333, 43.1382865906, -7.07797908783, -17.9512386322, -27.981880188, 6.89029312134, 41.8606643677, 116.20085907, 25.2906723022, 15.0167655945, 16.9458370209, 3.31708431244, 6.44410037994], [-177.073364258, -87.3716964722, 36.0531005859, 54.4141387939, 41.1756324768, 2.76639533043, 14.9845600128, 25.2906723022, 105.859375, 28.9335174561, -2.60202336311, -3.57614707947, -1.0252789259], [41.5851402283, 40.3679695129, -19.0411949158, -19.0004882813, -11.6824321747, 2.23254323006, 3.75633215904, 15.0167655945, 28.9335174561, 113.675743103, 36.8788642883, 0.562065005302, -11.6927976608], [91.8569030762, 51.7948226929, 5.91234350204, -66.1605453491, -36.133480072, 6.09607648849, 27.3404922485, 16.9458370209, -2.60202336311, 36.8788642883, 104.287658691, 34.7267341614, 0.10511571914], [55.2416801453, 32.8910636902, 10.748503685, 4.19173526764, 0.745643615723, 8.26651191711, 17.2767219543, 3.31708431244, -3.57614707947, 0.562065005302, 34.7267341614, 85.1734848022, 26.6849327087], [40.9241867065, 12.0209932327, 9.93611240387, 21.8063678741, 6.85829114914, -4.88764190674, -7.4696931839, 6.44410037994, -1.0252789259, -11.6927976608, 0.10511571914, 26.6849327087, 67.0480117798]], "icov": [[0.00011119570263, -7.33294000383e-05, -0.000134203815833, -2.14030824282e-05, 0.00013355576084, -6.05031527812e-05, 8.72154050739e-05, -8.68731949595e-05, 0.000156288704602, -6.19172133156e-05, 6.969145943e-06, -2.27526688832e-05, -2.72435972875e-05], [-7.33294000383e-05, 0.000857974227984, 0.000647049804684, -0.000310421892209, 0.000156453956151, -0.000565341440961, -9.23185652937e-05, -0.000208729703445, 0.000589867180679, -0.000219844412641, -0.000338470184943, -5.60959451832e-05, -0.000157898408361], [-0.000134203815833, 0.000647049804684, 0.00308662117459, -0.000663444050588, -0.000712463341188, -0.000468611659016, 3.86906140193e-05, -3.45783009834e-05, -0.000315486977343, 0.000646205095109, -0.00128576124553, 7.96071035438e-05, -0.000151185289724], [-2.14030824282e-05, -0.000310421892209, -0.000663444050588, 0.00422214716673, -0.00295267254114, 7.93927029008e-05, 0.000943887571339, -0.000296328624245, -0.00115334009752, 5.36554616701e-05, 0.00189234560821, -0.000833195575979, -0.000444337725639], [0.00013355576084, 0.000156453956151, -0.000712463341188, -0.00295267254114, 0.00805194675922, -0.00282418867573, 2.49668155448e-05, 0.00165259221103, -0.00135153601877, 7.38281742088e-05, 0.000592889962718, -2.33488458434e-06, -0.000237022177316], [-6.05031527812e-05, -0.000565341440961, -0.000468611659016, 7.93927029008e-05, -0.00282418867573, 0.0101300273091, -0.0040170843713, 0.000190545382793, 0.0010327110067, -0.000431378633948, 5.03270493937e-05, -3.06447400362e-05, 0.000696082483046], [8.72154050739e-05, -9.23185652937e-05, 3.86906140193e-05, 0.000943887571339, 2.49668155448e-05, -0.0040170843713, 0.00853986479342, -0.00245500542223, -0.0013091476867, 0.00107914209366, -0.000989450840279, -0.00137215503491, 0.00125841668341], [-8.68731949595e-05, -0.000208729703445, -3.45783009834e-05, -0.000296328624245, 0.00165259221103, 0.000190545382793, -0.00245500542223, 0.010849962011, -0.00297302799299, -0.00028558721533, -0.000861179316416, 0.000978895230219, -0.00176303472836], [0.000156288704602, 0.000589867180679, -0.000315486977343, -0.00115334009752, -0.00135153601877, 0.0010327110067, -0.0013091476867, -0.00297302799299, 0.0133822243661, -0.00388884381391, 0.000742988544516, 0.000358525518095, -4.32806191384e-05], [-6.19172133156e-05, -0.000219844412641, 0.000646205095109, 5.36554616701e-05, 7.38281742088e-05, -0.000431378633948, 0.00107914209366, -0.00028558721533, -0.00388884381391, 0.011674455367, -0.00457733310759, 0.000977944000624, 0.00166711874772], [6.969145943e-06, -0.000338470184943, -0.00128576124553, 0.00189234560821, 0.000592889962718, 5.03270493937e-05, -0.000989450840279, -0.000861179316416, 0.000742988544516, -0.00457733310759, 0.0153019241989, -0.00612588506192, 0.00117427087389], [-2.27526688832e-05, -5.60959451832e-05, 7.96071035438e-05, -0.000833195575979, -2.33488458434e-06, -3.06447400362e-05, -0.00137215503491, 0.000978895230219, 0.000358525518095, 0.000977944000624, -0.00612588506192, 0.0165526885539, -0.00636810762808], [-2.72435972875e-05, -0.000157898408361, -0.000151185289724, -0.000444337725639, -0.000237022177316, 0.000696082483046, 0.00125841668341, -0.00176303472836, -4.32806191384e-05, 0.00166711874772, 0.00117427087389, -0.00636810762808, 0.0183338988572]], "mean": [-698.747192383, 149.570907593, 10.9917984009, 8.13539123535, -7.57827234268, 6.47832489014, -0.450967252254, -1.31444239616, -6.96976470947, 0.553177714348, -0.943091750145, -1.93998217583, -3.19558119774]}, "pitch_salience": {"dmean": 0.0597898960114, "dmean2": 0.0965247899294, "dvar": 0.00295561808161, "dvar2": 0.0075298869051, "max": 0.828397035599, "mean": 0.565714836121, "median": 0.577381134033, "min": 0.117318145931, "var": 0.0111616337672}, "silence_rate_20dB": {"dmean": 0, "dmean2": 0, "dvar": 0, "dvar2": 0, "max": 1, "mean": 1, "median": 1, "min": 1, "var": 0}, "silence_rate_30dB": {"dmean": 0.00118303194176, "dmean2": 0.00236626388505, "dvar": 0.00118154939264, "dvar2": 0.00320554850623, "max": 1, "mean": 0.999155044556, "median": 1, "min": 0, "var": 0.000844264694024}, "silence_rate_60dB": {"dmean": 0.0196045301855, "dmean2": 0.039212372154, "dvar": 0.0192179642618, "dvar2": 0.0429084375501, "max": 1, "mean": 0.140515416861, "median": 0, "min": 0, "var": 0.120755657554}, "spectral_centroid": {"dmean": 130.719406128, "dmean2": 195.102050781, "dvar": 55377.59375, "dvar2": 101288.8125, "max": 10970.9248047, "mean": 789.272766113, "median": 696.285400391, "min": 243.031890869, "var": 227245.828125}, "spectral_complexity": {"dmean": 1.7230014801, "dmean2": 2.76988077164, "dvar": 3.114184618, "dvar2": 6.93103027344, "max": 39, "mean": 11.8524713516, "median": 12, "min": 0, "var": 26.9482383728}, "spectral_contrast_coeffs": {"dmean": [0.0460474453866, 0.0426808297634, 0.0343773588538, 0.0277241952717, 0.0185402762145, 0.0160890966654], "dmean2": [0.0752627104521, 0.0684980303049, 0.0547713749111, 0.0441607646644, 0.0292809214443, 0.024180624634], "dvar": [0.00147681694943, 0.00135214009788, 0.00080093217548, 0.000496526015922, 0.000251627352554, 0.000210503858398], "dvar2": [0.00381847843528, 0.00327018043026, 0.00197103130631, 0.00121269957162, 0.000593277567532, 0.000434322049841], "max": [-0.234081819654, -0.342336595058, -0.457987308502, -0.494201630354, -0.626367270947, -0.650526106358], "mean": [-0.618009030819, -0.693419337273, -0.721021234989, -0.73974198103, -0.800852894783, -0.783009111881], "median": [-0.617837786674, -0.700684309006, -0.726184308529, -0.743054687977, -0.801039397717, -0.781868994236], "min": [-0.950078427792, -0.965214729309, -0.970231235027, -0.958631873131, -0.961212158203, -0.960795283318], "var": [0.00769106065854, 0.00848077423871, 0.00519631616771, 0.00392443640158, 0.00161033007316, 0.00153853767551]}, "spectral_contrast_valleys": {"dmean": [0.402819365263, 0.300113856792, 0.271778732538, 0.236119925976, 0.235522076488, 0.332651346922], "dmean2": [0.651822030544, 0.485147804022, 0.432627350092, 0.356691837311, 0.311616510153, 0.381774663925], "dvar": [0.157966151834, 0.0715573951602, 0.0601728595793, 0.0524631813169, 0.0749465748668, 0.162084832788], "dvar2": [0.329616218805, 0.160206571221, 0.126824215055, 0.0947526395321, 0.101167313755, 0.189601197839], "max": [-5.17612791061, -4.81904459, -5.21833753586, -6.558614254, -6.15447282791, -7.39330148697], "mean": [-7.62108230591, -7.00468158722, -7.79309463501, -8.59331607819, -8.64958572388, -10.9978055954], "median": [-7.25612163544, -6.80130386353, -7.6530919075, -8.3820104599, -8.44086360931, -10.8602962494], "min": [-28.4313030243, -27.5482692719, -27.1186676025, -27.2671146393, -27.1660614014, -27.2206707001], "var": [2.31557393074, 1.85137963295, 1.829844594, 1.64310908318, 1.63730311394, 2.01130318642]}, "spectral_decrease": {"dmean": 1.5169024925e-09, "dmean2": 2.28960694848e-09, "dvar": 4.8414955699e-18, "dvar2": 1.03828785822e-17, "max": 5.29255269115e-17, "mean": -6.25120710751e-09, "median": -4.96367080771e-09, "min": -3.54663427515e-08, "var": 2.644648785e-17}, "spectral_energy": {"dmean": 0.00600871164352, "dmean2": 0.00904324091971, "dvar": 7.41929761716e-05, "dvar2": 0.000158874274348, "max": 0.139255568385, "mean": 0.024988507852, "median": 0.0200498849154, "min": 1.07364222646e-20, "var": 0.000420010124799}, "spectral_energyband_high": {"dmean": 0.000218296525418, "dmean2": 0.000296666345093, "dvar": 7.26988901079e-07, "dvar2": 1.42215435517e-06, "max": 0.0251584611833, "mean": 0.00035231054062, "median": 8.33212980069e-05, "min": 7.83081223029e-21, "var": 1.4124181007e-06}, "spectral_energyband_low": {"dmean": 0.00219086930156, "dmean2": 0.00360160483979, "dvar": 2.64004283963e-05, "dvar2": 6.32539595244e-05, "max": 0.0844558626413, "mean": 0.00468002585694, "median": 0.00337282312103, "min": 8.02963024525e-23, "var": 3.82346297556e-05}, "spectral_energyband_middle_high": {"dmean": 0.00132573652081, "dmean2": 0.00197152514011, "dvar": 7.67197252571e-06, "dvar2": 1.7150223357e-05, "max": 0.0711012780666, "mean": 0.00446341140196, "median": 0.0016286195023, "min": 1.71254498015e-21, "var": 4.94580344821e-05}, "spectral_energyband_middle_low": {"dmean": 0.00458189519122, "dmean2": 0.00687566539273, "dvar": 4.50183651992e-05, "dvar2": 9.69234461081e-05, "max": 0.129990339279, "mean": 0.0166489444673, "median": 0.0118842506781, "min": 1.9578655503e-22, "var": 0.000238300068304}, "spectral_entropy": {"dmean": 0.181738674641, "dmean2": 0.242226779461, "dvar": 0.0426056347787, "dvar2": 0.0654972046614, "max": 9.7972946167, "mean": 7.09445905685, "median": 7.0435385704, "min": 5.24759626389, "var": 0.27256244421}, "spectral_flux": {"dmean": 0.0184283927083, "dmean2": 0.0295777153224, "dvar": 0.000511364662088, "dvar2": 0.00122805871069, "max": 0.299345582724, "mean": 0.0627847313881, "median": 0.0552014410496, "min": 1.03616705494e-10, "var": 0.00175861315802}, "spectral_kurtosis": {"dmean": 2.34451556206, "dmean2": 3.66332101822, "dvar": 7.34387302399, "dvar2": 17.2369098663, "max": 80.1354064941, "mean": 8.04833316803, "median": 7.07282590866, "min": -1.33596968651, "var": 29.2598628998}, "spectral_rms": {"dmean": 0.000556375947781, "dmean2": 0.000823955051601, "dvar": 4.81934989693e-07, "dvar2": 9.38990638133e-07, "max": 0.0116558605805, "mean": 0.00441425014287, "median": 0.00442276662216, "min": 3.23644214727e-12, "var": 4.89339981868e-06}, "spectral_rolloff": {"dmean": 312.016876221, "dmean2": 520.495666504, "dvar": 1019741.0625, "dvar2": 2091666.875, "max": 19099.9511719, "mean": 1110.35498047, "median": 775.1953125, "min": 21.533203125, "var": 3465560.25}, "spectral_skewness": {"dmean": 0.263882994652, "dmean2": 0.39452713728, "dvar": 0.0721718817949, "dvar2": 0.14116191864, "max": 6.43141126633, "mean": 2.22182011604, "median": 2.19449424744, "min": -0.0514070093632, "var": 0.459004640579}, "spectral_spread": {"dmean": 635789.125, "dmean2": 814735.1875, "dvar": 821644689408, "dvar2": 1120444088320.0, "m