{"lowlevel": {"average_loudness": 0.655764102936, "barkbands": {"dmean": [5.2078790759e-05, 0.00124414253514, 0.00117415946443, 0.00153215613682, 0.00198216619901, 0.000697194831446, 0.00125884637237, 0.000690980115905, 0.000803921895567, 0.000452182168374, 0.000377199496143, 0.00026642892044, 0.000161842821399, 0.000131972803501, 9.45530264289e-05, 0.000147477447172, 0.000105761238956, 5.24355345988e-05, 7.26353100617e-05, 4.51452287962e-05, 2.34031431319e-05, 1.97732297238e-05, 2.59609332716e-05, 3.14078315569e-05, 1.65613582794e-05, 3.71302280655e-06, 6.54497114283e-07], "dmean2": [7.17321236152e-05, 0.00188755698036, 0.0018445153255, 0.00248396536335, 0.00323032937013, 0.00104320014361, 0.00179777864832, 0.0010001687333, 0.00101105426438, 0.000611355470028, 0.000493882340379, 0.000376358017093, 0.000242642898229, 0.000190749473404, 0.000145440120832, 0.000194552878384, 0.000149247091031, 7.20558746252e-05, 0.000100696684967, 6.94257178111e-05, 3.46293782059e-05, 2.78714014712e-05, 3.81696445402e-05, 4.87079050799e-05, 2.79126106761e-05, 6.14980399405e-06, 1.11093277155e-06], "dvar": [3.74200510578e-08, 3.94420658267e-06, 3.16729256156e-06, 1.14562462841e-05, 1.27037064885e-05, 2.80455537904e-06, 1.75521745405e-05, 7.63503066992e-06, 7.69332655182e-06, 2.1732271307e-06, 2.20429592446e-06, 9.28621545881e-07, 9.30335886551e-07, 1.83075101745e-07, 1.02098553612e-07, 1.5999455627e-07, 7.16805175216e-08, 1.67480997959e-08, 3.24755866643e-08, 1.63902136308e-08, 3.72837627438e-09, 2.08045447536e-09, 3.38693229018e-09, 6.79232670109e-09, 3.72966901807e-09, 1.96320348866e-10, 6.11391015939e-12], "dvar2": [6.08748820241e-08, 9.10684957489e-06, 7.54748043619e-06, 2.63423589786e-05, 3.38331774401e-05, 5.75599733565e-06, 3.75934432668e-05, 1.5796342268e-05, 1.10461978693e-05, 3.69316626347e-06, 3.59038403985e-06, 1.65449205269e-06, 2.27729924518e-06, 3.65161326954e-07, 2.1775323944e-07, 2.85580000536e-07, 1.41458016856e-07, 3.27224896068e-08, 5.66850815176e-08, 4.01712973996e-08, 8.6320319781e-09, 4.371386364e-09, 7.07119474086e-09, 1.68283484925e-08, 1.00499706335e-08, 5.27233257053e-10, 1.64994563151e-11], "max": [0.00685016158968, 0.0291799027473, 0.0190677698702, 0.0333858281374, 0.0580836869776, 0.0777801200747, 0.0879338309169, 0.092747323215, 0.079659871757, 0.0482728891075, 0.0452426075935, 0.0246829017997, 0.0487647131085, 0.00986574497074, 0.00745555525646, 0.0109320096672, 0.0069191432558, 0.00412498740479, 0.00544065376744, 0.0022419646848, 0.00156526034698, 0.00146401731763, 0.00171728827991, 0.00141441659071, 0.000961357203778, 0.000231645870372, 4.69773185614e-05], "mean": [7.37590016797e-05, 0.00270920712501, 0.00218260101974, 0.00187347293831, 0.00392130808905, 0.00146860454697, 0.00259235175326, 0.00125683855731, 0.00172351964284, 0.00099135923665, 0.000606478773989, 0.000444307777798, 0.000215870022657, 0.000257473700913, 0.00012695719488, 0.000287768518319, 0.000195974542294, 9.34819763643e-05, 0.00012462187442, 5.93990807829e-05, 3.4769949707e-05, 3.30854927597e-05, 4.39738651039e-05, 4.385025386e-05, 1.58389866556e-05, 3.62308946933e-06, 6.42322163458e-07], "median": [2.252610102e-05, 0.0011413868051, 0.00100245990325, 0.000558437779546, 0.00219201529399, 0.000745281460695, 0.000388224783819, 0.000225779920584, 0.000132354107336, 0.000132552202558, 6.32707233308e-05, 7.48727688915e-05, 3.4926331864e-05, 3.3162683394e-05, 1.95117172552e-05, 2.90804073302e-05, 2.52008267125e-05, 1.7018393919e-05, 1.6513016817e-05, 8.36598337628e-06, 9.36052492762e-06, 1.04547270894e-05, 1.77338606591e-05, 1.4632748389e-05, 2.96965913549e-06, 7.40500183838e-07, 1.65221962334e-07], "min": [3.12816598309e-19, 8.42303438704e-19, 1.08147557839e-18, 1.66021166678e-18, 7.03519344364e-18, 1.02500168323e-17, 1.07861919966e-17, 8.41537324701e-18, 5.73229671131e-18, 2.17811937447e-18, 4.62421507532e-18, 1.03506003404e-17, 6.70249064792e-18, 3.54467613353e-18, 2.2627638153e-17, 2.22621202752e-17, 1.20229560525e-17, 2.51996040665e-17, 3.39153381744e-17, 3.48093053496e-17, 5.5829688559e-17, 5.54556871168e-17, 1.95412155293e-16, 2.89535607827e-16, 3.43737934336e-16, 1.05875645572e-15, 1.16156894216e-13], "var": [6.76743994177e-08, 1.13970236271e-05, 8.44067380967e-06, 1.48716508193e-05, 2.29938505072e-05, 7.19427544027e-06, 3.71742899006e-05, 2.83427471004e-05, 3.29073191097e-05, 1.03713337012e-05, 5.86240594203e-06, 2.51669689533e-06, 1.03963452602e-06, 5.80734422329e-07, 1.56283547881e-07, 5.64432184547e-07, 2.36160616396e-07, 4.41033876086e-08, 9.45777642869e-08, 2.08545234415e-08, 5.14057907353e-09, 3.86102527727e-09, 5.64149393867e-09, 8.21069079393e-09, 2.80602363567e-09, 1.44416270609e-10, 4.30335758347e-12]}, "barkbands_crest": {"dmean": 2.29829955101, "dmean2": 3.65738344193, "dvar": 4.66731595993, "dvar2": 11.7836179733, "max": 26.9369907379, "mean": 11.3823471069, "median": 10.6015329361, "min": 2.57437062263, "var": 18.6748600006}, "barkbands_flatness_db": {"dmean": 0.0196957588196, "dmean2": 0.0281041171402, "dvar": 0.000402014120482, "dvar2": 0.000804207636975, "max": 0.693932652473, "mean": 0.179085850716, "median": 0.17212601006, "min": 0.0248999260366, "var": 0.00509833078831}, "barkbands_kurtosis": {"dmean": 25.9646530151, "dmean2": 43.877281189, "dvar": 65619.9921875, "dvar2": 158701.703125, "max": 10866.1298828, "mean": 95.7866592407, "median": 6.45505809784, "min": -1.93669354916, "var": 604702.875}, "barkbands_skewness": {"dmean": 0.710524559021, "dmean2": 1.05383980274, "dvar": 2.37553787231, "dvar2": 5.29403400421, "max": 7.01495504379, "mean": 1.24993669987, "median": 1.98148727417, "min": -78.4371566772, "var": 48.070930481}, "barkbands_spread": {"dmean": 3.53406119347, "dmean2": 5.30020141602, "dvar": 29.9450912476, "dvar2": 65.4591064453, "max": 137.200256348, "mean": 12.415312767, "median": 9.69772338867, "min": 0.0120827928185, "var": 93.2174301147}, "dissonance": {"dmean": 0.0264724455774, "dmean2": 0.0430464074016, "dvar": 0.000683013407979, "dvar2": 0.00174021534622, "max": 0.49988129735, "mean": 0.431924045086, "median": 0.444637358189, "min": 0.16029150784, "var": 0.00248011900112}, "dynamic_complexity": 5.19668531418, "erbbands": {"dmean": [0.0198655351996, 0.339184314013, 1.28059029579, 2.65100884438, 8.061668396, 5.43429327011, 5.96660614014, 6.90650367737, 17.2223815918, 14.7513399124, 14.8377952576, 18.2277679443, 12.6576042175, 14.0603704453, 13.211766243, 10.1896457672, 7.33676242828, 3.94165968895, 6.53899478912, 5.92789649963, 7.85508775711, 5.17015361786, 2.55253958702, 3.90626382828, 2.87737393379, 2.02043199539, 1.11609876156, 0.880905032158, 0.725696504116, 0.651089072227, 0.800785958767, 0.677916646004, 0.496421873569, 0.231989964843, 0.095839895308, 0.0250014364719, 0.00574101926759, 0.00102089042775, 0.000123468009406, 1.01102805274e-05], "dmean2": [0.0283741448075, 0.519299030304, 1.98265397549, 4.27910470963, 13.3845586777, 8.74694347382, 9.13219070435, 10.0277290344, 24.2217693329, 20.6865367889, 20.2287845612, 22.8711166382, 16.4473018646, 17.6692047119, 17.1761131287, 14.3729438782, 10.6658277512, 5.67317676544, 9.4436788559, 8.22943401337, 10.2825956345, 6.98423910141, 3.45140433311, 5.26974916458, 4.03898334503, 3.08828878403, 1.682310462, 1.26373660564, 1.03032827377, 0.910901367664, 1.20631837845, 1.01861727238, 0.799455463886, 0.389945238829, 0.16004101932, 0.0414096340537, 0.00963666662574, 0.00171033409424, 0.000208929559449, 1.46041475091e-05], "dvar": [0.00178909930401, 0.289821207523, 3.88366770744, 25.9609527588, 321.044311523, 96.8649673462, 112.545272827, 318.374908447, 3537.8359375, 3104.1640625, 3252.27148438, 4690.18359375, 1547.67858887, 2028.38220215, 2938.40942383, 1657.68115234, 1710.76513672, 118.438247681, 394.278808594, 352.83782959, 396.299804688, 150.9165802, 34.1827049255, 89.7271728516, 52.9385643005, 37.7227249146, 8.77137470245, 5.08723258972, 3.06879472733, 2.59062075615, 3.14816951752, 2.37212610245, 2.2713739872, 0.708307385445, 0.143996462226, 0.0092961192131, 0.000505050993524, 1.4068415112e-05, 2.27363400995e-07, 4.1447770216e-10], "dvar2": [0.00392845645547, 0.668948411942, 8.83287143707, 61.8530578613, 828.460693359, 249.315353394, 259.906494141, 655.488708496, 7849.56005859, 5850.98583984, 6610.4765625, 7217.81640625, 2489.71606445, 3205.00048828, 4883.94384766, 3337.90820312, 3879.61523438, 259.277740479, 772.147705078, 724.201599121, 699.610473633, 259.169952393, 65.2241287231, 160.465408325, 93.4127349854, 94.6770782471, 21.1750717163, 11.2054824829, 6.78090858459, 5.33842086792, 6.76132917404, 5.48109722137, 5.87234449387, 1.92961680889, 0.385812312365, 0.0246181301773, 0.00137231242843, 3.77934520657e-05, 6.21355184194e-07, 1.01195829494e-09], "max": [1.68704009056, 5.86167764664, 20.6736354828, 57.1877937317, 198.414840698, 199.081680298, 244.148162842, 864.048156738, 1556.83190918, 1329.88427734, 2482.98535156, 2289.95361328, 1349.76513672, 1168.9987793, 2148.39233398, 1252.66577148, 1960.91394043, 242.236450195, 394.980163574, 414.284210205, 419.231811523, 420.20715332, 159.01524353, 221.536102295, 245.485748291, 101.36870575, 42.1950035095, 70.4731063843, 51.335308075, 71.967956543, 38.1166305542, 26.5474967957, 27.7161884308, 12.115858078, 7.01446342468, 1.54986393452, 0.396581679583, 0.0596592538059, 0.0112675437704, 0.000384460407076], "mean": [0.0420794561505, 0.745664298534, 2.62899327278, 3.96651983261, 10.606338501, 11.8113164902, 13.2420692444, 15.3671398163, 35.7014579773, 28.6506214142, 33.1145973206, 38.2562522888, 28.7020950317, 29.1921806335, 22.7447757721, 16.714963913, 10.7745380402, 7.26119613647, 12.7493257523, 10.2268276215, 16.3969612122, 10.7702617645, 5.00861740112, 7.0936961174, 5.02187776566, 2.70647597313, 1.55324745178, 1.3653126955, 1.19262158871, 1.12646639347, 1.32835257053, 1.04153418541, 0.614849984646, 0.230357348919, 0.0900486931205, 0.0239866469055, 0.00561012001708, 0.00101306231227, 0.000124765690998, 2.9373981306e-05], "median": [0.0152417551726, 0.33517986536, 1.31922113895, 1.87295365334, 3.69777584076, 5.63365697861, 7.00440883636, 8.00821781158, 7.54991769791, 6.55034732819, 5.72575092316, 3.25247764587, 4.01005268097, 3.99094009399, 2.81303048134, 2.96261787415, 1.91176557541, 1.71540462971, 1.62625467777, 1.3191293478, 1.94843316078, 1.56346261501, 1.06201076508, 1.03370702267, 0.720764160156, 0.416874319315, 0.363653093576, 0.420894563198, 0.375690311193, 0.417718917131, 0.545193493366, 0.392417639494, 0.169004350901, 0.0476058013737, 0.0158162731677, 0.00436721835285, 0.00121386710089, 0.000224319388508, 3.62948594557e-05, 2.1348005248e-05], "min": [2.41259203226e-17, 1.99943556567e-16, 1.02796310232e-15, 3.76981711703e-15, 1.09073491409e-14, 2.605032211e-14, 5.31122150112e-14, 9.32733979029e-14, 1.40400725442e-13, 1.77203913977e-13, 1.79178625604e-13, 1.34586054324e-13, 7.83873562848e-14, 1.01239675009e-13, 2.62950170535e-13, 4.28332770728e-13, 3.31324621601e-13, 1.59775865498e-13, 6.89094668913e-13, 1.48948453398e-12, 9.28873297723e-13, 7.78691726985e-13, 1.48602863955e-12, 1.01664531828e-12, 1.99307974638e-12, 1.45835405384e-12, 2.1897375406e-12, 2.29619730348e-12, 2.35020098001e-12, 3.53065580244e-12, 5.03708619953e-12, 6.16839175224e-12, 4.47590532346e-12, 4.77495517084e-12, 1.89752207003e-12, 1.62349560878e-12, 1.75018138003e-12, 6.58047574764e-12, 1.31274045453e-11, 2.32870190145e-12], "var": [0.00490635307506, 0.796772778034, 11.1310176849, 36.7094116211, 364.45010376, 286.376953125, 340.767578125, 839.69317627, 7052.52978516, 7180.10742188, 16950.3320312, 16425.1171875, 6685.37451172, 7592.81591797, 7219.13427734, 3403.33618164, 2218.26025391, 289.442321777, 1184.15380859, 762.815307617, 1569.82946777, 603.334533691, 98.595413208, 268.604797363, 155.543914795, 42.6586151123, 10.9491910934, 7.49346256256, 5.22508907318, 4.45512771606, 5.09517288208, 3.48294138908, 2.30549120903, 0.540687382221, 0.106540106237, 0.00702511006966, 0.0003578744072, 1.04581686173e-05, 1.55820899295e-07, 8.00860211481e-10]}, "erbbands_crest": {"dmean": 2.50175476074, "dmean2": 3.85438323021, "dvar": 6.74224185944, "dvar2": 15.6431446075, "max": 30.5326004028, "mean": 10.9248399734, "median": 9.87645244598, "min": 2.2787194252, "var": 25.5489273071}, "erbbands_flatness_db": {"dmean": 0.0167847704142, "dmean2": 0.0221848543733, "dvar": 0.000331780523993, "dvar2": 0.000554953585379, "max": 0.361789375544, "mean": 0.171614989638, "median": 0.165715053678, "min": 0.0158568341285, "var": 0.00254095671698}, "erbbands_kurtosis": {"dmean": 1.52275061607, "dmean2": 2.23942875862, "dvar": 5.33035182953, "dvar2": 11.5930719376, "max": 35.3187942505, "mean": 2.82838320732, "median": 1.41079139709, "min": -1.7494032383, "var": 21.0586681366}, "erbbands_skewness": {"dmean": 0.385047286749, "dmean2": 0.548066198826, "dvar": 0.162879660726, "dvar2": 0.32167044282, "max": 5.00753068924, "mean": 0.944662094116, "median": 0.986223936081, "min": -3.79127788544, "var": 1.07276916504}, "erbbands_spread": {"dmean": 8.22753143311, "dmean2": 11.7658195496, "dvar": 129.910476685, "dvar2": 269.607543945, "max": 148.17729187, "mean": 34.7420463562, "median": 31.2959403992, "min": 2.24779844284, "var": 502.536437988}, "gfcc": {"cov": [[25754.2753906, 3492.47265625, -3614.94384766, 1484.61401367, -1267.015625, 141.360931396, -1026.96838379, 555.260437012, -710.892578125, 129.134246826, -572.561096191, -55.0781555176, -265.399658203], [3492.47265625, 1289.45654297, -511.801574707, 14.8477935791, -230.325683594, 46.0406646729, -29.634683609, 65.7217941284, -13.3119859695, -20.8182563782, 0.518242895603, 63.4160423279, 1.74025952816], [-3614.94384766, -511.801574707, 996.409912109, -73.5734710693, 85.7827529907, 105.174751282, 159.13835144, -114.631607056, 80.3342285156, 39.0688896179, 92.4576568604, 6.42167663574, 17.0499324799], [1484.61401367, 14.8477935791, -73.5734710693, 470.438476562, 13.1148967743, 24.3504066467, -146.383224487, 15.5232124329, -4.8936624527, 57.3205871582, -30.0519886017, -15.7687749863, -17.2815799713], [-1267.015625, -230.325683594, 85.7827529907, 13.1148967743, 330.528045654, -8.64206027985, 4.85229539871, 4.04195547104, 88.9783325195, 29.5009326935, 45.7702255249, 16.0055427551, 32.484375], [141.360931396, 46.0406646729, 105.174751282, 24.3504066467, -8.64206027985, 205.243423462, 64.255355835, -40.7218971252, -12.6638336182, 36.010181427, 15.8411016464, 14.3575983047, -2.89668607712], [-1026.96838379, -29.634683609, 159.13835144, -146.383224487, 4.85229539871, 64.255355835, 241.591812134, 54.3049926758, 23.2233543396, -36.3290023804, 39.8484992981, 28.6529045105, 23.0720157623], [555.260437012, 65.7217941284, -114.631607056, 15.5232124329, 4.04195547104, -40.7218971252, 54.3049926758, 163.14692688, 28.2928771973, -35.5848655701, -7.98914289474, 14.3254804611, 11.5503978729], [-710.892578125, -13.3119859695, 80.3342285156, -4.8936624527, 88.9783325195, -12.6638336182, 23.2233543396, 28.2928771973, 150.798492432, 46.7428627014, 43.7453613281, 10.5982017517, 27.1926879883], [129.134246826, -20.8182563782, 39.0688896179, 57.3205871582, 29.5009326935, 36.010181427, -36.3290023804, -35.5848655701, 46.7428627014, 144.079910278, 33.8465538025, -8.58842182159, -10.082280159], [-572.561096191, 0.518242895603, 92.4576568604, -30.0519886017, 45.7702255249, 15.8411016464, 39.8484992981, -7.98914289474, 43.7453613281, 33.8465538025, 90.4316101074, 34.5089225769, 10.9880971909], [-55.0781555176, 63.4160423279, 6.42167663574, -15.7687749863, 16.0055427551, 14.3575983047, 28.6529045105, 14.3254804611, 10.5982017517, -8.58842182159, 34.5089225769, 74.8568496704, 35.0093612671], [-265.399658203, 1.74025952816, 17.0499324799, -17.2815799713, 32.484375, -2.89668607712, 23.0720157623, 11.5503978729, 27.1926879883, -10.082280159, 10.9880971909, 35.0093612671, 62.9168128967]], "icov": [[0.000519955763593, -0.00072337675374, 0.000895167468116, -0.000733968685381, 0.000804010080174, -0.00105768255889, 0.00129777984694, -0.00201448216103, 0.00160788651556, -0.00133468094282, 0.000955162919126, -0.000263882771833, 0.000270451593678], [-0.00072337675374, 0.00234383437783, -0.000480933347717, 0.00104033795651, -9.00253726286e-05, 0.000768069992773, -0.00163033464924, 0.00282207853161, -0.00314005790278, 0.00224157655612, -0.00193395966198, -0.000651132606436, -0.000122112207464], [0.000895167468116, -0.000480933347717, 0.00350250070915, -0.00155661406461, 0.00184958789032, -0.00229882169515, 0.000982746249065, -0.00182283227332, 0.0015180807095, -0.00180505949538, 0.000490188831463, -0.000446368532721, 0.000543507980183], [-0.000733968685381, 0.00104033795651, -0.00155661406461, 0.00422875676304, -0.00130184891168, 0.000157594666234, 0.000859174295329, 0.000891482515726, -0.00195655901916, 0.0010365616763, -0.000836991879623, 0.000295962148812, -0.000347583380062], [0.000804010080174, -9.00253726286e-05, 0.00184958789032, -0.00130184891168, 0.00582849048078, -0.0021285165567, 0.00248993537389, -0.00303195114248, 7.3864866863e-05, -0.00155310961418, -0.000278860825347, -0.000666639534757, -0.000789701298345], [-0.00105768255889, 0.000768069992773, -0.00229882169515, 0.000157594666234, -0.0021285165567, 0.00984370615333, -0.00653499364853, 0.00679045496508, -0.00188159872778, 0.000247165589826, -0.000228248769417, -0.00125144829508, 0.000474465137813], [0.00129777984694, -0.00163033464924, 0.000982746249065, 0.000859174295329, 0.00248993537389, -0.00653499364853, 0.0128517402336, -0.010121668689, 0.00414572656155, -0.00141002400778, -0.000578705919906, 0.000129505468067, -0.000940688303672], [-0.00201448216103, 0.00282207853161, -0.00182283227332, 0.000891482515726, -0.00303195114248, 0.00679045496508, -0.010121668689, 0.0187268219888, -0.00944152660668, 0.0067763463594, -0.00171850051265, -0.00119488942437, 0.000446528720204], [0.00160788651556, -0.00314005790278, 0.0015180807095, -0.00195655901916, 7.3864866863e-05, -0.00188159872778, 0.00414572656155, -0.00944152660668, 0.0170391816646, -0.00800728518516, -5.93471631873e-05, 0.00242157955654, -0.00397578906268], [-0.00133468094282, 0.00224157655612, -0.00180505949538, 0.0010365616763, -0.00155310961418, 0.000247165589826, -0.00141002400778, 0.0067763463594, -0.00800728518516, 0.0145693765953, -0.00702102202922, 0.00275433831848, 0.000657174678054], [0.000955162919126, -0.00193395966198, 0.000490188831463, -0.000836991879623, -0.000278860825347, -0.000228248769417, -0.000578705919906, -0.00171850051265, -5.93471631873e-05, -0.00702102202922, 0.0228555146605, -0.0111182313412, 0.00547662004828], [-0.000263882771833, -0.000651132606436, -0.000446368532721, 0.000295962148812, -0.000666639534757, -0.00125144829508, 0.000129505468067, -0.00119488942437, 0.00242157955654, 0.00275433831848, -0.0111182313412, 0.0257587432861, -0.0134310740978], [0.000270451593678, -0.000122112207464, 0.000543507980183, -0.000347583380062, -0.000789701298345, 0.000474465137813, -0.000940688303672, 0.000446528720204, -0.00397578906268, 0.000657174678054, 0.00547662004828, -0.0134310740978, 0.0258287712932]], "mean": [-70.3903808594, 112.761192322, -93.3219451904, 26.6173229218, -66.2239151001, 11.6773920059, -40.9662055969, 1.82936739922, -15.0852108002, -9.94749164581, -9.51160621643, -2.77285146713, -10.0903739929]}, "hfc": {"dmean": 3.55092477798, "dmean2": 4.45312166214, "dvar": 33.8697166443, "dvar2": 58.7318763733, "max": 96.9722671509, "mean": 11.3881988525, "median": 6.1037402153, "min": 4.29019886283e-09, "var": 167.432632446}, "melbands": {"dmean": [0.000263166177319, 0.000584891415201, 0.000649425957818, 0.000472403335152, 0.000213555176742, 0.000156047128257, 0.000254670914728, 0.0001600428659, 0.000124550890177, 0.000114971699077, 6.77868811181e-05, 6.22531006229e-05, 4.78538204334e-05, 3.21276820614e-05, 2.5112169169e-05, 1.29901554828e-05, 7.56440476835e-06, 1.28982746901e-05, 7.65608001529e-06, 9.59852059168e-06, 9.75898274191e-06, 6.37572384221e-06, 2.71269163932e-06, 2.52129507317e-06, 3.50638356394e-06, 2.44255511461e-06, 2.01258171728e-06, 1.24178041006e-06, 7.47834974391e-07, 5.55909991817e-07, 5.22478501352e-07, 4.43040818254e-07, 3.62398679954e-07, 3.85857958918e-07, 5.01864292346e-07, 4.27580062023e-07, 4.38729642838e-07, 3.77213524416e-07, 2.73136208762e-07, 1.74946933384e-07], "dmean2": [0.000387617212255, 0.000906231580302, 0.00104857236147, 0.000776498869527, 0.000324823049596, 0.000227176220505, 0.000359296653187, 0.000226170595852, 0.000167567122844, 0.000144319536048, 8.95118573681e-05, 7.87915269029e-05, 6.24178428552e-05, 4.4049727876e-05, 3.7038604205e-05, 1.95828379219e-05, 1.10444570964e-05, 1.88051890291e-05, 1.14840413517e-05, 1.2545021491e-05, 1.31620736283e-05, 8.78851369635e-06, 3.79515313398e-06, 3.42206885762e-06, 4.81955112264e-06, 3.42042289958e-06, 3.00572492051e-06, 1.93805749404e-06, 1.14097338155e-06, 8.40355767195e-07, 7.51678953748e-07, 6.40531652607e-07, 5.28884811501e-07, 5.53791608127e-07, 7.71555562551e-07, 6.46447631425e-07, 6.75538558426e-07, 6.05591878866e-07, 4.58922613689e-07, 2.97886288081e-07], "dvar": [1.87976993971e-07, 7.65287609283e-07, 1.83778820428e-06, 8.38586345253e-07, 1.31765006017e-07, 1.79062737971e-07, 7.25067820895e-07, 3.42160973332e-07, 2.1439487341e-07, 1.86189623719e-07, 4.34692069007e-08, 3.70714765552e-08, 3.43907196054e-08, 1.45655496553e-08, 1.62419944161e-08, 4.12597955801e-09, 5.22077714393e-10, 1.7800415586e-09, 6.96803170719e-10, 7.51520845554e-10, 6.48027409511e-10, 2.48676690351e-10, 3.90285338769e-11, 3.44226973314e-11, 7.71407313027e-11, 4.28842829303e-11, 2.7291717497e-11, 1.67495566028e-11, 3.80580940026e-12, 2.70223904017e-12, 1.51706078255e-12, 1.20250033889e-12, 6.90544464058e-13, 9.87627622913e-13, 1.22704298978e-12, 9.51795716894e-13, 9.79267448381e-13, 1.17033271095e-12, 9.80092526234e-13, 4.23120658519e-13], "dvar2": [4.16767761635e-07, 1.74447529844e-06, 4.37292510469e-06, 2.17915453504e-06, 3.03485137465e-07, 3.80272467737e-07, 1.58859177191e-06, 6.41522490241e-07, 3.84230446571e-07, 2.80852191281e-07, 7.00956448441e-08, 5.86139101699e-08, 5.61437758506e-08, 2.6926651131e-08, 3.64265098085e-08, 9.44619404919e-09, 1.1630786334e-09, 3.4720895048e-09, 1.50172174695e-09, 1.26768706643e-09, 1.19257081987e-09, 4.41892994418e-10, 7.71849181791e-11, 6.49909639994e-11, 1.42306791351e-10, 7.08689634754e-11, 5.93507604174e-11, 4.29053181872e-11, 9.3175528057e-12, 6.37611144438e-12, 3.29559123047e-12, 2.73549433973e-12, 1.45248147277e-12, 2.11784626294e-12, 2.65204286483e-12, 2.14071295412e-12, 2.31526690181e-12, 2.97372998621e-12, 2.65865910017e-12, 1.15940698882e-12], "max": [0.0111922817305, 0.00945831928402, 0.0140821775422, 0.0157115198672, 0.0106413112953, 0.0178860463202, 0.019890865311, 0.0130782779306, 0.0177908428013, 0.0143974041566, 0.00671350723132, 0.00578977866098, 0.00660495972261, 0.00273564807139, 0.00627641705796, 0.00246550282463, 0.000575334299356, 0.000880864507053, 0.000732765067369, 0.000698110554367, 0.000575688725803, 0.000575825979467, 0.000169689505128, 0.000154718218255, 0.000210649843211, 0.00026257862919, 0.000141132404679, 7.21561154933e-05, 2.98703926092e-05, 4.68505568278e-05, 3.53141185769e-05, 2.90793268505e-05, 2.61902714556e-05, 4.65819211968e-05, 2.75799229712e-05, 2.43796093855e-05, 1.67962480191e-05, 2.07333960134e-05, 1.57046961249e-05, 1.01436862678e-05], "mean": [0.000582516775467, 0.00127083971165, 0.000935883552302, 0.000827143259812, 0.000491670332849, 0.000340518075973, 0.000534211285412, 0.000300500279991, 0.000281753338641, 0.000236979132751, 0.000148000341142, 0.000127632971271, 7.80735281296e-05, 5.36389306944e-05, 3.50851405528e-05, 1.81635950867e-05, 1.34882102429e-05, 2.50478242378e-05, 1.03544871308e-05, 1.80394490599e-05, 1.93785854208e-05, 1.22669725897e-05, 5.030673492e-06, 4.49873959951e-06, 6.03644048169e-06, 4.21354297941e-06, 2.91576702693e-06, 1.49154016071e-06, 1.01089085547e-06, 7.37889195079e-07, 8.21840387744e-07, 6.89876458182e-07, 5.86042062878e-07, 6.378174362e-07, 8.0900656485e-07, 6.59497345623e-07, 6.41612359686e-07, 4.75983483739e-07, 2.81470249774e-07, 1.63435757372e-07], "median": [0.000242138485191, 0.00078574323561, 0.000432636967162, 0.000349255831679, 0.000276299280813, 0.000167571823113, 0.000106640363811, 5.5648968555e-05, 3.8146161387e-05, 1.74327506102e-05, 2.03182498808e-05, 1.78795544343e-05, 9.14378051675e-06, 8.04042338132e-06, 5.58691499464e-06, 3.0922960832e-06, 2.92622007692e-06, 2.52693507719e-06, 1.45595595313e-06, 1.62718094998e-06, 2.16801959141e-06, 1.53976145612e-06, 9.88822648651e-07, 7.47323383621e-07, 7.75578882894e-07, 5.6525175296e-07, 3.71897641571e-07, 1.98756268333e-07, 2.33182547049e-07, 1.25819951791e-07, 2.87253243414e-07, 2.07284315934e-07, 1.77135049739e-07, 2.38680513576e-07, 3.26473809764e-07, 2.53384740745e-07, 2.34521706943e-07, 1.34744851721e-07, 6.04677907745e-08, 3.09631040807e-08], "min": [2.37852398869e-19, 4.48202024648e-19, 8.22494169094e-19, 1.28426293806e-18, 1.76269603596e-18, 2.0974328688e-18, 2.18135137592e-18, 1.9358278333e-18, 1.41473279191e-18, 7.91255383068e-19, 3.68804912606e-19, 3.67369521599e-19, 7.44565535284e-19, 1.12262274738e-18, 1.05082057508e-18, 5.27198445231e-19, 2.36616668582e-19, 8.69004105095e-19, 1.91715505815e-18, 1.93537060921e-18, 8.53375302902e-19, 5.96484334109e-19, 1.4144561e-18, 1.1289323777e-18, 6.91400672761e-19, 1.5897568683e-18, 9.9683142708e-19, 1.0152876877e-18, 1.64552724636e-18, 9.7245730956e-19, 1.40016810588e-18, 1.10864949549e-18, 1.33681072385e-18, 2.58020215086e-18, 2.77272058022e-18, 3.05478772153e-18, 4.7669244105e-18, 4.04225174176e-18, 2.00273392355e-18, 5.02401586719e-18], "var": [6.23294511115e-07, 2.01327884497e-06, 2.40890904024e-06, 1.46733896145e-06, 4.23633650826e-07, 4.1869034817e-07, 1.50769096763e-06, 8.79437322965e-07, 1.26013298996e-06, 6.73136185014e-07, 1.91110913761e-07, 1.44482527276e-07, 8.76664856264e-08, 3.69779975529e-08, 2.35213466482e-08, 5.62600321885e-09, 1.23123689022e-09, 5.67352476111e-09, 1.059976662e-09, 2.59406918168e-09, 2.37934272285e-09, 8.84160689107e-10, 1.14317458277e-10, 9.72296548829e-11, 2.15552145577e-10, 1.32410443721e-10, 5.47214842883e-11, 1.61214427224e-11, 4.64877702305e-12, 3.31623812612e-12, 2.35117676196e-12, 1.88656056922e-12, 1.32161957159e-12, 1.50937465651e-12, 1.9110821866e-12, 1.43764568392e-12, 1.37850549118e-12, 1.27568767182e-12, 7.91469103797e-13, 3.070222028e-13]}, "melbands_crest": {"dmean": 3.10532426834, "dmean2": 4.9716334343, "dvar": 8.5903301239, "dvar2": 21.2960453033, "max": 31.6926212311, "mean": 15.1351633072, "median": 14.5705299377, "min": 3.04710316658, "var": 25.8356056213}, "melbands_flatness_db": {"dmean": 0.0233777780086, "dmean2": 0.0332555770874, "dvar": 0.000557583232876, "dvar2": 0.00113296497148, "max": 0.451169013977, "mean": 0.249773874879, "median": 0.250376015902, "min": 0.0110426098108, "var": 0.00314046349376}, "melbands_kurtosis": {"dmean": 9.70980453491, "dmean2": 14.9284543991, "dvar": 255.379608154, "dvar2": 587.527404785, "max": 252.507705688, "mean": 19.2063503265, "median": 12.4908590317, "min": -1.90838551521, "var": 474.913360596}, "melbands_skewness": {"dmean": 0.812332332134, "dmean2": 1.19602501392, "dvar": 1.01545476913, "dvar2": 2.22475504875, "max": 14.0800924301, "mean": 2.78499174118, "median": 2.64847016335, "min": -3.27016830444, "var": 3.57923936844}, "melbands_spread": {"dmean": 3.79693484306, "dmean2": 5.68897867203, "dvar": 48.2432250977, "dvar2": 113.651634216, "max": 303.778747559, "mean": 13.4836626053, "median": 9.88279628754, "min": 1.53974461555, "var": 165.857910156}, "mfcc": {"cov": [[10219.0039062, 1027.37805176, -596.450744629, 415.602172852, 177.628646851, -234.188476562, -132.408599854, 139.445480347, -7.05335712433, 89.602142334, -150.084259033, -92.8163452148, -4.33642578125], [1027.37805176, 1194.42370605, 67.3667526245, -143.464797974, -64.1185760498, -13.6617860794, -13.7875261307, 136.368209839, -16.0558815002, -13.7194852829, 11.210723877, 53.9067230225, 3.71608304977], [-596.450744629, 67.3667526245, 653.086425781, -6.4125585556, -71.3398742676, 154.910202026, 40.3246307373, -25.3512573242, -36.2403411865, 21.3201560974, 25.2868709564, 37.2198371887, -39.0570869446], [415.602172852, -143.464797974, -6.4125585556, 282.838684082, 141.671173096, -26.9540958405, -51.2247009277, -9.47601127625, 4.22423124313, 40.1328201294, 1.74360346794, -15.7106685638, 40.3236351013], [177.628646851, -64.1185760498, -71.3398742676, 141.671173096, 259.036651611, 43.9324417114, -61.3833580017, -38.0077209473, -4.15915584564, 26.3621959686, -3.47219085693, 11.3871564865, 44.8138847351], [-234.188476562, -13.6617860794, 154.910202026, -26.9540958405, 43.9324417114, 227.965805054, 43.903755188, -55.9828948975, -18.2934074402, 15.5483560562, 23.7840652466, 47.4075431824, -10.7219200134], [-132.408599854, -13.7875261307, 40.3246307373, -51.2247009277, -61.3833580017, 43.903755188, 141.435424805, 57.1002693176, 11.7232303619, -9.51137638092, 8.00341701508, 8.78750038147, -5.57185459137], [139.445480347, 136.368209839, -25.3512573242, -9.47601127625, -38.0077209473, -55.9828948975, 57.1002693176, 181.169235229, 53.2637786865, -20.9062671661, -11.220615387, 1.97562658787, 10.7939949036], [-7.05335712433, -16.0558815002, -36.2403411865, 4.22423124313, -4.15915584564, -18.2934074402, 11.7232303619, 53.2637786865, 95.6161117554, 22.6276664734, 1.0452195406, 2.39564943314, 5.03454685211], [89.602142334, -13.7194852829, 21.3201560974, 40.1328201294, 26.3621959686, 15.5483560562, -9.51137638092, -20.9062671661, 22.6276664734, 88.0267715454, 37.9714546204, 2.51197338104, 10.3608980179], [-150.084259033, 11.210723877, 25.2868709564, 1.74360346794, -3.47219085693, 23.7840652466, 8.00341701508, -11.220615387, 1.0452195406, 37.9714546204, 82.6141967773, 35.216381073, 1.81554532051], [-92.8163452148, 53.9067230225, 37.2198371887, -15.7106685638, 11.3871564865, 47.4075431824, 8.78750038147, 1.97562658787, 2.39564943314, 2.51197338104, 35.216381073, 82.4932327271, 25.1038169861], [-4.33642578125, 3.71608304977, -39.0570869446, 40.3236351013, 44.8138847351, -10.7219200134, -5.57185459137, 10.7939949036, 5.03454685211, 10.3608980179, 1.81554532051, 25.1038169861, 83.124382019]], "icov": [[0.000149289771798, -0.000178230999154, 0.00019808554498, -0.0003726654395, 9.77783056442e-05, -5.71366445001e-06, -6.39162171865e-05, -1.21951470646e-05, 0.000163922988577, -0.000384601560654, 0.000497583823744, -0.00018036775873, 0.000315070763463], [-0.000178230999154, 0.00136362796184, -0.000338090758305, 0.00119391351473, -0.000143898956594, -6.58494464005e-05, 0.00101914210245, -0.00151767395437, 0.00082833081251, -0.000242881898885, -0.000418016657932, -0.000459155533463, -0.000345908221789], [0.00019808554498, -0.000338090758305, 0.00248340284452, -0.00137322675437, 0.00148721213918, -0.00173371366691, 0.000143116092659, -0.000383193138987, 0.0011627873173, -0.00138913618866, 0.00121568725444, -0.00105541339144, 0.00128730956931], [-0.0003726654395, 0.00119391351473, -0.00137322675437, 0.00733265792951, -0.00360131007619, 0.00141589425039, 0.00113308115397, -0.00128624110948, 0.000329151778715, -0.000901197956409, -0.00176336639561, 0.00189579639118, -0.0023496078793], [9.77783056442e-05, -0.000143898956594, 0.00148721213918, -0.00360131007619, 0.00775597523898, -0.00341540295631, 0.00266465870664, -0.000270969962003, 0.000524569710251, -0.000936160970014, 0.0015857135877, -0.000686417100951, -0.00169323419686], [-5.71366445001e-06, -6.58494464005e-05, -0.00173371366691, 0.00141589425039, -0.00341540295631, 0.00891599338502, -0.00429264875129, 0.00321177602746, -0.000245457718847, -0.000883172557224, 0.00076215621084, -0.00412688637152, 0.00214237207547], [-6.39162171865e-05, 0.00101914210245, 0.000143116092659, 0.00113308115397, 0.00266465870664, -0.00429264875129, 0.0120633626357, -0.00553778465837, 0.00109599693678, 0.00014313540305, -0.00155507179443, 0.00143753690645, -0.00147825316526], [-1.21951470646e-05, -0.00151767395437, -0.000383193138987, -0.00128624110948, -0.000270969962003, 0.00321177602746, -0.00553778465837, 0.0116158155724, -0.00641163857654, 0.00392729090527, -0.000103483180283, -0.000224508461542, -0.000839193002321], [0.000163922988577, 0.00082833081251, 0.0011627873173, 0.000329151778715, 0.000524569710251, -0.000245457718847, 0.00109599693678, -0.00641163857654, 0.0162447113544, -0.00782886333764, 0.0035765604116, -0.00301327556372, 0.00177360628732], [-0.000384601560654, -0.000242881898885, -0.00138913618866, -0.000901197956409, -0.000936160970014, -0.000883172557224, 0.00014313540305, 0.00392729090527, -0.00782886333764, 0.0213235914707, -0.0119456872344, 0.00668772915378, -0.00427681440488], [0.000497583823744, -0.000418016657932, 0.00121568725444, -0.00176336639561, 0.0015857135877, 0.00076215621084, -0.00155507179443, -0.000103483180283, 0.0035765604116, -0.0119456872344, 0.0229894481599, -0.0115831652656, 0.00489224400371], [-0.00018036775873, -0.000459155533463, -0.00105541339144, 0.00189579639118, -0.000686417100951, -0.00412688637152, 0.00143753690645, -0.000224508461542, -0.00301327556372, 0.00668772915378, -0.0115831652656, 0.0228650085628, -0.00874456297606], [0.000315070763463, -0.000345908221789, 0.00128730956931, -0.0023496078793, -0.00169323419686, 0.00214237207547, -0.00147825316526, -0.000839193002321, 0.00177360628732, -0.00427681440488, 0.00489224400371, -0.00874456297606, 0.0179654806852]], "mean": [-705.202148438, 139.312683105, 25.5859737396, 15.3176240921, 4.37108039856, 2.04163599014, -8.76983833313, 8.58539104462, -8.04485321045, 1.56865489483, -6.54809045792, 0.60819876194, -3.19105410576]}, "pitch_salience": {"dmean": 0.070493966341, "dmean2": 0.114544399083, "dvar": 0.00457236729562, "dvar2": 0.0121192941442, "max": 0.964865148067, "mean": 0.560681462288, "median": 0.560112297535, "min": 0.227838680148, "var": 0.0127575835213}, "silence_rate_20dB": {"dmean": 0, "dmean2": 0, "dvar": 0, "dvar2": 0, "max": 1, "mean": 1, "median": 1, "min": 1, "var": 0}, "silence_rate_30dB": {"dmean": 0.00229583471082, "dmean2": 0.00459242239594, "dvar": 0.00229072826914, "dvar2": 0.00588360894471, "max": 1, "mean": 0.997540593147, "median": 1, "min": 0, "var": 0.00245322566479}, "silence_rate_60dB": {"dmean": 0.032469663769, "dmean2": 0.0649499744177, "dvar": 0.0314141027629, "dvar2": 0.0702394172549, "max": 1, "mean": 0.105919003487, "median": 0, "min": 0, "var": 0.0947013348341}, "spectral_centroid": {"dmean": 155.400970459, "dmean2": 226.849029541, "dvar": 66964.65625, "dvar2": 131200.203125, "max": 12005.6455078, "mean": 886.617492676, "median": 619.645935059, "min": 233.374191284, "var": 1586573.125}, "spectral_complexity": {"dmean": 2.42308950424, "dmean2": 3.4800722599, "dvar": 9.17073440552, "dvar2": 17.6459617615, "max": 43, "mean": 11.2369241714, "median": 10, "min": 0, "var": 37.8842773438}, "spectral_contrast_coeffs": {"dmean": [0.0525234751403, 0.0436209030449, 0.036284185946, 0.0314439050853, 0.0238029826432, 0.0132843898609], "dmean2": [0.0856246352196, 0.0681955218315, 0.0540970601141, 0.0475880466402, 0.0343611091375, 0.0209138467908], "dvar": [0.00203534192406, 0.00146142754238, 0.00114490732085, 0.000821624998935, 0.000549817690626, 0.000156969879754], "dvar2": [0.00524875987321, 0.00328103103675, 0.0021635259036, 0.00157761585433, 0.000954515126068, 0.000353332550731], "max": [-0.327995508909, -0.326764523983, -0.41058331728, -0.527126193047, -0.577049255371, -0.645636200905], "mean": [-0.613727509975, -0.712928652763, -0.760653138161, -0.781253516674, -0.795512795448, -0.800018429756], "median": [-0.614097416401, -0.719279408455, -0.782058298588, -0.794751882553, -0.812648594379, -0.800284087658], "min": [-0.99013710022, -0.977177321911, -0.987228870392, -0.982191741467, -0.976400911808, -0.960901081562], "var": [0.00800216197968, 0.00814989488572, 0.00867466442287, 0.00472042197362, 0.00424092169851, 0.00102505879477]}, "spectral_contrast_valleys": {"dmean": [0.439029455185, 0.329857200384, 0.317222058773, 0.315673708916, 0.302603214979, 0.287682771683], "dmean2": [0.719089388847, 0.519461870193, 0.481249570847, 0.455797046423, 0.394044101238, 0.373205512762], "dvar": [0.145032316446, 0.0951283946633, 0.0984648540616, 0.101625204086, 0.110451422632, 0.153708472848], "dvar2": [0.346458286047, 0.193497255445, 0.186959728599, 0.172056019306, 0.16034860909, 0.256158649921], "max": [-5.68415355682, -4.90501213074, -5.47663784027, -6.25769948959, -6.07894420624, -8.1314458847], "mean": [-7.65742540359, -7.08250141144, -8.05343055725, -8.72060966492, -8.76644706726, -10.7842226028], "median": [-7.29207992554, -6.81859111786, -7.84279680252, -8.57956600189, -8.6444568634, -10.6931037903], "min": [-27.4336547852, -27.4503097534, -26.9217777252, -27.1534080505, -27.0515117645, -27.2966003418], "var": [3.44961190224, 3.08711338043, 2.75181937218, 2.64216351509, 2.75940918922, 1.94436430931]}, "spectral_decrease": {"dmean": 1.56308010979e-09, "dmean2": 2.20356821679e-09, "dvar": 5.15990427104e-18, "dvar2": 1.03711863843e-17, "max": 7.98340919468e-15, "mean": -5.39133804267e-09, "median": -4.21617585289e-09, "min": -3.52849731655e-08, "var": 2.26114386478e-17}, "spectral_energy": {"dmean": 0.006148384884, "dmean2": 0.00860579684377, "dvar": 8.02033027867e-05, "dvar2": 0.000158412542078, "max": 0.138060182333, "mean": 0.0213811118156, "median": 0.0165945775807, "min": 2.13824902337e-13, "var": 0.000360771839041}, "spectral_energyband_high": {"dmean": 0.0001256223768, "dmean2": 0.000180574890692, "dvar": 1.00826454741e-07, "dvar2": 2.36926751995e-07, "max": 0.00523898750544, "mean": 0.000197797067813, "median": 6.80118537275e-05, "min": 9.8594831572e-14, "var": 1.36644686677e-07}, "spectral_energyband_low": {"dmean": 0.00238536763936, "dmean2": 0.00368926906958, "dvar": 9.99381791189e-06, "dvar2": 2.42697897193e-05, "max": 0.0398486480117, "mean": 0.00557657005265, "median": 0.00436277547851, "min": 2.83688849585e-18, "var": 2.64616410277e-05}, "spectral_energyband_middle_high": {"dmean": 0.00125212548301, "dmean2": 0.00154474447481, "dvar": 7.14869838703e-06, "dvar2": 1.00076094895e-05, "max": 0.065578661859, "mean": 0.0033362552058, "median": 0.000849141739309, "min": 1.52730668006e-16, "var": 3.76466086891e-05}, "spectral_energyband_middle_low": {"dmean": 0.00464899139479, "dmean2": 0.00680172909051, "dvar": 6.77568677929e-05, "dvar2": 0.000143873825436, "max": 0.128443539143, "mean": 0.0129743730649, "median": 0.00802031904459, "min": 4.45747349636e-17, "var": 0.000226095755352}, "spectral_entropy": {"dmean": 0.185785412788, "dmean2": 0.255191087723, "dvar": 0.0377252399921, "dvar2": 0.0683446824551, "max": 9.8066778183, "mean": 7.14755249023, "median": 7.10786581039, "min": 4.99026966095, "var": 0.321897238493}, "spectral_flux": {"dmean": 0.0222208276391, "dmean2": 0.0338799543679, "dvar": 0.000658910372294, "dvar2": 0.00145371281542, "max": 0.282918900251, "mean": 0.0629129335284, "median": 0.0507079251111, "min": 9.03765321709e-05, "var": 0.00204967660829}, "spectral_kurtosis": {"dmean": 1.85918152332, "dmean2": 2.95910620689, "dvar": 4.07363986969, "dvar2": 10.1746912003, "max": 35.4224052429, "mean": 5.8185043335, "median": 5.10333442688, "min": -1.26111352444, "var": 15.6457567215}, "spectral_rms": {"dmean": 0.000634046387859, "dmean2": 0.000866014277562, "dvar": 5.94502409967e-07, "dvar2": 1.0822080867e-06, "max": 0.0116057256237, "mean": 0.00410539703444, "median": 0.00402365904301, "min": 1.44433256466e-08, "var": 4.00544649892e-06}, "spectral_rolloff": {"dmean": 227.025604248, "dmean2": 387.001098633, "dvar": 447240.6875, "dvar2": 931540.0625, "max": 21920.8007812, "mean": 1261.4017334, "median": 538.330078125, "min": 86.1328125, "var": 10784947}, "spectral_skewness": {"dmean": 0.249624744058, "dmean2": 0.370029985905, "dvar": 0.0639219433069, "dvar2": 0.129422053695, "max": 4.97475767136, "mean": 1.95099723339, "median": 1.91560125351, "min": -0.0177971813828, "var": 0.374181270599}, "spectral_spread": {"dmean": 583230.875, "dmean2": 833121.75, "dvar": 555905187840, "dvar2": 1056309313540.0, "max": 44257840, "mean": 5114721.5, "median": 43