{"lowlevel": {"average_loudness": 0.884193480015, "barkbands": {"dmean": [7.11630636943e-05, 0.00685223983601, 0.002145644743, 0.00427365349606, 0.00404405081645, 0.00139579281677, 0.000613273005001, 0.000434258487076, 0.000236146937823, 0.000269007665338, 0.00015011508367, 0.000191697356058, 0.000194590465981, 0.00015839387197, 0.000128185361973, 7.72263738327e-05, 0.000123554840684, 0.000115389324492, 0.00015542312758, 0.000127591614728, 9.9371849501e-05, 0.000118971736811, 9.31080794544e-05, 9.97321039904e-05, 9.62722479017e-05, 0.000113906186016, 7.5656316767e-05], "dmean2": [9.78249881882e-05, 0.0094736777246, 0.00348264467902, 0.00695865228772, 0.00637596938759, 0.0021211062558, 0.00091737654293, 0.000659100711346, 0.000352904782631, 0.000408756692195, 0.000225197552936, 0.000296887243167, 0.000307366339257, 0.000245988747338, 0.000199989444809, 0.00012368040916, 0.000206285403692, 0.000193562576897, 0.000267137249466, 0.000229526864132, 0.000163249249454, 0.000171858831891, 0.000132854751428, 0.000145369573147, 0.000144374309457, 0.000180667659151, 0.00012471654918], "dvar": [5.41116094155e-08, 0.000515309977345, 3.11730946123e-05, 0.000399874610594, 0.000130729182274, 8.0319814515e-06, 2.31482863455e-06, 9.59551243795e-07, 4.53220081909e-07, 7.85559734595e-07, 2.83017470792e-07, 3.02870063251e-07, 4.65946357053e-07, 2.22101675718e-07, 1.35420606284e-07, 5.8072988196e-08, 1.16544811135e-07, 9.98967166765e-08, 1.91669997207e-07, 2.83165149995e-07, 1.14519018268e-07, 1.41174709256e-07, 9.03162558075e-08, 8.30783903893e-08, 5.620332999e-08, 8.09849822758e-08, 4.26286561606e-08], "dvar2": [9.59540642498e-08, 0.000969219836406, 8.52857338032e-05, 0.00100277771708, 0.000306239293423, 1.76632111106e-05, 5.14171779287e-06, 2.29404122365e-06, 9.89948034658e-07, 1.8299281237e-06, 6.1943825358e-07, 6.86487908297e-07, 1.17358797525e-06, 4.99082034366e-07, 2.98220612649e-07, 1.36521407512e-07, 3.02916475903e-07, 2.58124117636e-07, 5.24812435287e-07, 8.1634163962e-07, 3.03875680174e-07, 2.79317447394e-07, 1.68693844671e-07, 1.6550605153e-07, 1.18408856054e-07, 1.90758129293e-07, 1.0427634578e-07], "max": [0.00349464546889, 0.25613117218, 0.112568080425, 0.333333790302, 0.236616671085, 0.0673171281815, 0.0529894195497, 0.0291887968779, 0.0226487722248, 0.0363560691476, 0.0220982134342, 0.0188886281103, 0.0319580845535, 0.0200132075697, 0.0168313458562, 0.00748990289867, 0.00981801748276, 0.00817165244371, 0.00530628347769, 0.00833164621145, 0.00730400951579, 0.00775609258562, 0.00591478636488, 0.00745677109808, 0.00676092039794, 0.00369520764798, 0.00257031572983], "mean": [8.43720044941e-05, 0.00918263942003, 0.00413258280605, 0.00491587165743, 0.00684191100299, 0.0031477548182, 0.00122080428991, 0.000842240639031, 0.000471065926831, 0.000536542385817, 0.000249024364166, 0.000347045133822, 0.000297344347928, 0.000248356285738, 0.000213358289329, 0.000114457085147, 0.00017609144561, 0.000155752626597, 0.000203250267077, 0.000113851987408, 0.000111059118353, 0.000154033550643, 0.000127438164782, 0.000142276898259, 0.000130318643642, 0.000118593910884, 6.06001813139e-05], "median": [4.74574426335e-06, 0.00226761354133, 0.00166991096921, 0.00113944988698, 0.00342226121575, 0.00161665445194, 0.00049056194257, 0.000269254611339, 0.00011255996651, 8.85102708708e-05, 3.94513554056e-05, 6.46965927444e-05, 5.0063154049e-05, 5.35115068487e-05, 3.84630620829e-05, 1.94492477021e-05, 2.84131456283e-05, 3.07155496557e-05, 2.68897929345e-05, 1.41605178214e-05, 1.49799525389e-05, 1.66042264027e-05, 1.2416701793e-05, 1.34191668621e-05, 1.28607407532e-05, 5.22760456079e-06, 2.31787623761e-07], "min": [8.57094723443e-26, 2.40085201668e-24, 9.01987799157e-25, 6.7411309934e-25, 5.61411795862e-24, 8.46399473015e-24, 6.56783343809e-24, 8.94302420396e-24, 2.05418795962e-23, 1.25887866871e-23, 1.18058919369e-23, 2.79267709838e-23, 2.62442931783e-23, 4.0890276856e-23, 4.39977135576e-23, 4.8339632379e-23, 7.17490702751e-23, 1.10664033113e-22, 1.3767599366e-22, 1.57555995291e-22, 2.16000591922e-22, 2.82433130971e-22, 4.23829645096e-22, 5.98361068786e-22, 8.53646353187e-22, 1.22947816671e-21, 1.96321968179e-21], "var": [7.98016088766e-08, 0.000674506358337, 4.33456953033e-05, 0.000340044178301, 0.000149793908349, 2.18226687139e-05, 4.81548204334e-06, 3.23210338138e-06, 1.27745090595e-06, 3.33909088113e-06, 6.88756074396e-07, 8.70725898494e-07, 8.82188373907e-07, 5.36966751952e-07, 3.4486006939e-07, 1.08292226741e-07, 1.79028234015e-07, 1.33667143132e-07, 2.26289216698e-07, 1.77633538101e-07, 1.06202399763e-07, 2.35430164253e-07, 1.67158759723e-07, 1.75761655896e-07, 1.10185879976e-07, 9.26950036728e-08, 3.72522563907e-08]}, "barkbands_crest": {"dmean": 2.45749950409, "dmean2": 3.71983456612, "dvar": 7.16242599487, "dvar2": 14.0395898819, "max": 26.4964942932, "mean": 11.3703746796, "median": 10.5902843475, "min": 2.74380755424, "var": 19.9635467529}, "barkbands_flatness_db": {"dmean": 0.0284930020571, "dmean2": 0.0391287878156, "dvar": 0.00109846913256, "dvar2": 0.00200777244754, "max": 0.598459601402, "mean": 0.192294120789, "median": 0.1797786057, "min": 0.0236482359469, "var": 0.00658737262711}, "barkbands_kurtosis": {"dmean": 7.82375717163, "dmean2": 11.8505773544, "dvar": 393.446380615, "dvar2": 872.202209473, "max": 938.368896484, "mean": 13.3769598007, "median": 7.27727508545, "min": -1.93249666691, "var": 548.895874023}, "barkbands_skewness": {"dmean": 0.791543841362, "dmean2": 1.1648696661, "dvar": 1.10207533836, "dvar2": 2.26085114479, "max": 20.4604358673, "mean": 2.46978759766, "median": 2.2191195488, "min": -2.36721968651, "var": 2.95364284515}, "barkbands_spread": {"dmean": 7.13039016724, "dmean2": 10.916062355, "dvar": 146.905166626, "dvar2": 324.098999023, "max": 124.869750977, "mean": 16.2609119415, "median": 9.96220588684, "min": 0.055058054626, "var": 301.187988281}, "dissonance": {"dmean": 0.0246558878571, "dmean2": 0.0401773191988, "dvar": 0.000566132192034, "dvar2": 0.00149114371743, "max": 0.5, "mean": 0.434785693884, "median": 0.445053309202, "min": 0.148833796382, "var": 0.00201191846281}, "dynamic_complexity": 3.66690993309, "erbbands": {"dmean": [0.188471525908, 1.58466529846, 2.40914416313, 7.29304790497, 19.2060699463, 10.739115715, 10.908205986, 11.3277692795, 9.93778991699, 9.64352893829, 8.97693824768, 5.32168769836, 7.78858137131, 6.38715648651, 5.77191257477, 8.44281005859, 8.16892147064, 9.29156589508, 5.65196609497, 6.08431577682, 4.14503145218, 6.38118171692, 6.44122171402, 7.32630681992, 7.21956157684, 5.74805402756, 4.26519680023, 3.97629976273, 4.15241289139, 3.69733905792, 2.52341151237, 2.01983952522, 1.73998904228, 1.15698814392, 0.684529840946, 0.397987008095, 0.192178606987, 0.100865609944, 0.013153674081, 0.00045020057587], "dmean2": [0.262994110584, 2.23489141464, 3.76597189903, 11.727350235, 31.0758953094, 16.9496879578, 16.0378131866, 17.7715301514, 15.032623291, 14.576587677, 13.2858076096, 7.90440702438, 11.6180410385, 9.54654788971, 8.70374107361, 13.1061229706, 12.5708770752, 14.4956445694, 8.88965892792, 9.47604560852, 6.64670801163, 10.6649551392, 10.8346195221, 12.5927906036, 12.4712238312, 10.2759857178, 7.15731525421, 6.50290679932, 6.14772748947, 5.2929353714, 3.63021588326, 2.91046929359, 2.57937955856, 1.73860669136, 1.04018378258, 0.616341769695, 0.305746018887, 0.166319832206, 0.0216925498098, 0.000740107614547], "dvar": [0.423964321613, 27.3331832886, 37.873249054, 885.453369141, 6853.47607422, 503.46875, 682.110473633, 729.614868164, 470.956512451, 597.092590332, 442.240753174, 197.409179688, 762.308166504, 518.414550781, 353.002410889, 548.731323242, 975.620239258, 719.11895752, 247.194961548, 420.084960938, 122.915901184, 351.1746521, 341.076416016, 442.035491943, 479.217651367, 561.845275879, 216.006088257, 204.991592407, 166.854705811, 152.662948608, 67.9502716064, 40.9544830322, 22.6635055542, 9.2285528183, 2.76934790611, 0.902316689491, 0.234916880727, 0.0749988555908, 0.00131998106372, 1.59687442647e-06], "dvar2": [0.800825715065, 52.3237037659, 96.3040771484, 2251.56958008, 16678.1914062, 1256.63317871, 1322.90917969, 1724.1796875, 1097.82739258, 1416.58996582, 954.272644043, 427.355072021, 1657.90563965, 1259.8659668, 747.33215332, 1318.76599121, 2510.1171875, 1687.90429688, 561.769042969, 915.855102539, 295.895233154, 916.35168457, 893.544799805, 1205.43225098, 1324.0135498, 1620.27856445, 577.79888916, 546.921630859, 343.117034912, 293.406585693, 129.719421387, 79.2849121094, 46.9537734985, 18.9210987091, 6.05778646469, 2.05848360062, 0.557069122791, 0.183900877833, 0.00322262290865, 3.92534320781e-06], "max": [8.39228057861, 57.274269104, 123.562950134, 471.863006592, 1495.92578125, 381.608184814, 849.08404541, 785.03527832, 559.992431641, 609.007141113, 817.252746582, 580.895385742, 1394.18457031, 761.989868164, 840.072692871, 843.629516602, 1504.62854004, 970.283874512, 771.002624512, 1334.95690918, 362.750305176, 664.353088379, 384.831390381, 305.621398926, 317.466125488, 365.706420898, 271.737579346, 382.385223389, 261.766357422, 238.537155151, 178.025665283, 163.367233276, 132.2784729, 119.142707825, 39.3017158508, 19.6256999969, 6.63238859177, 3.4760363102, 0.401714324951, 0.0174885690212], "mean": [0.219104379416, 2.22259616852, 4.82102012634, 10.3646869659, 24.135219574, 19.4669876099, 24.0757331848, 23.9614429474, 20.4944667816, 18.0683956146, 18.9024620056, 11.4437646866, 16.9975891113, 11.8890638351, 10.5624256134, 15.8394393921, 13.841219902, 15.4747457504, 9.8443403244, 10.2943964005, 6.97004938126, 9.11369132996, 8.9818983078, 9.91443157196, 8.87065792084, 5.29442501068, 4.56868124008, 4.54159545898, 5.33526086807, 4.87912082672, 3.43010592461, 2.86277627945, 2.43237400055, 1.57793450356, 0.887826621532, 0.480523198843, 0.193613395095, 0.084312595427, 0.0105513455346, 0.000386139698094], "median": [0.029558699578, 0.6169090271, 2.27554655075, 3.66046857834, 7.55459451675, 10.1579933167, 11.532365799, 10.5876512527, 9.06255245209, 6.89885520935, 5.93056869507, 3.50474786758, 3.49328041077, 2.66950845718, 2.23152685165, 3.28872871399, 2.87654876709, 3.63601589203, 2.42608857155, 1.69876289368, 1.36123180389, 1.56823062897, 1.82767760754, 1.3884768486, 1.40152084827, 0.746563732624, 0.633529245853, 0.556958675385, 0.58750808239, 0.4913636446, 0.31700566411, 0.252477288246, 0.225088298321, 0.155980974436, 0.0795588046312, 0.0304540395737, 0.00787225272506, 0.0011954116635, 4.87439538119e-05, 3.36920566042e-05], "min": [5.64004182123e-23, 5.44838434089e-22, 2.55323472842e-21, 3.63198083697e-21, 9.13527524849e-21, 2.03469677049e-20, 5.40917700979e-20, 7.60407039216e-20, 5.66303486237e-20, 1.66421139524e-19, 3.30934955651e-19, 4.2195863404e-19, 5.03425274426e-19, 4.61724618205e-19, 1.12440656238e-18, 1.12797305498e-18, 1.36625587212e-18, 2.24349580098e-18, 1.72931102643e-18, 2.46821740556e-18, 3.40542007061e-18, 4.51667952773e-18, 5.75815644521e-18, 5.10226219005e-18, 6.49893266611e-18, 8.0366337143e-18, 8.52004799044e-18, 1.01748765726e-17, 1.13675121972e-17, 1.17575295104e-17, 1.2107177101e-17, 1.02990984211e-17, 9.49088505998e-18, 8.32062301656e-18, 5.98056380523e-18, 4.26460533504e-18, 2.1602793634e-18, 9.90506804116e-19, 2.70099957501e-19, 2.81766280216e-20], "var": [0.537155807018, 35.0547943115, 53.0395736694, 780.012695312, 6018.93554688, 816.40826416, 1948.47033691, 1832.22692871, 1104.671875, 1082.38122559, 2032.21594238, 588.977722168, 4126.70605469, 1117.90185547, 930.990905762, 1541.79943848, 1921.10656738, 1674.93969727, 611.58581543, 975.445617676, 265.618347168, 487.59576416, 424.071350098, 551.920654297, 484.180541992, 355.624633789, 185.421112061, 195.909988403, 273.587219238, 254.331512451, 123.282615662, 84.7334518433, 47.5815582275, 19.7461853027, 4.68365383148, 1.36230278015, 0.256557971239, 0.065988086164, 0.00115790136624, 1.396219659e-06]}, "erbbands_crest": {"dmean": 2.58822321892, "dmean2": 4.07065057755, "dvar": 6.23287057877, "dvar2": 15.0795574188, "max": 30.3692302704, "mean": 10.1489114761, "median": 9.21401977539, "min": 2.5048353672, "var": 20.4631347656}, "erbbands_flatness_db": {"dmean": 0.0212278850377, "dmean2": 0.0284209884703, "dvar": 0.000571170879994, "dvar2": 0.000951502472162, "max": 0.386661678553, "mean": 0.162033706903, "median": 0.1558586061, "min": 0.0315583534539, "var": 0.00380786857568}, "erbbands_kurtosis": {"dmean": 1.60875689983, "dmean2": 2.47338533401, "dvar": 6.24857139587, "dvar2": 13.4605264664, "max": 73.5984649658, "mean": 2.2307472229, "median": 0.668888092041, "min": -1.8675481081, "var": 24.820520401}, "erbbands_skewness": {"dmean": 0.466655611992, "dmean2": 0.705261409283, "dvar": 0.258951544762, "dvar2": 0.582334160805, "max": 6.68792486191, "mean": 0.973231256008, "median": 0.925920963287, "min": -3.7114713192, "var": 1.07212221622}, "erbbands_spread": {"dmean": 11.3893251419, "dmean2": 16.5793972015, "dvar": 262.489959717, "dvar2": 535.744567871, "max": 179.167938232, "mean": 41.311088562, "median": 33.9345932007, "min": 1.83043563366, "var": 841.573181152}, "gfcc": {"cov": [[22991.0195312, -1612.8815918, -1067.33813477, 594.434631348, -775.21496582, 481.431976318, -602.730285645, 277.906921387, -377.132202148, 217.090377808, -234.148849487, 129.927108765, -389.217712402], [-1612.8815918, 2788.91748047, -316.41204834, -180.323562622, 205.981628418, -216.674316406, 220.94694519, -78.9098587036, 139.393173218, -136.775100708, 129.144134521, -109.255050659, 150.395553589], [-1067.33813477, -316.41204834, 1358.78356934, 95.1696243286, 93.3927688599, 122.036483765, 129.504211426, 20.6371250153, 10.9940290451, 10.690700531, -44.8421554565, -8.46992683411, 27.7600860596], [594.434631348, -180.323562622, 95.1696243286, 467.039031982, -16.1236972809, 99.0338668823, -8.51791858673, -4.64191579819, 19.1567459106, 41.1845664978, -27.6629581451, -16.8788566589, -20.8107299805], [-775.21496582, 205.981628418, 93.3927688599, -16.1236972809, 435.378356934, -26.3053531647, 131.347717285, 32.2743110657, 77.7282104492, 26.6336765289, 73.0113601685, 9.54105567932, 18.6313514709], [481.431976318, -216.674316406, 122.036483765, 99.0338668823, -26.3053531647, 273.207305908, 32.5055732727, 81.3542556763, -3.99528741837, 45.4454498291, 22.9918117523, 35.062297821, -6.65965461731], [-602.730285645, 220.94694519, 129.504211426, -8.51791858673, 131.347717285, 32.5055732727, 261.615997314, 47.4926109314, 44.3118972778, -11.0259923935, 44.9242668152, 12.4736156464, 25.2620487213], [277.906921387, -78.9098587036, 20.6371250153, -4.64191579819, 32.2743110657, 81.3542556763, 47.4926109314, 219.653259277, 38.1985740662, 24.170381546, 33.5021820068, 28.9622688293, -6.85423564911], [-377.132202148, 139.393173218, 10.9940290451, 19.1567459106, 77.7282104492, -3.99528741837, 44.3118972778, 38.1985740662, 162.591384888, 38.613407135, 25.6292495728, -5.79451274872, 33.4365196228], [217.090377808, -136.775100708, 10.690700531, 41.1845664978, 26.6336765289, 45.4454498291, -11.0259923935, 24.170381546, 38.613407135, 126.374900818, 35.9768409729, 35.9834442139, 10.4697751999], [-234.148849487, 129.144134521, -44.8421554565, -27.6629581451, 73.0113601685, 22.9918117523, 44.9242668152, 33.5021820068, 25.6292495728, 35.9768409729, 110.818267822, 47.3487205505, 17.5866317749], [129.927108765, -109.255050659, -8.46992683411, -16.8788566589, 9.54105567932, 35.062297821, 12.4736156464, 28.9622688293, -5.79451274872, 35.9834442139, 47.3487205505, 99.6847076416, 30.1957473755], [-389.217712402, 150.395553589, 27.7600860596, -20.8107299805, 18.6313514709, -6.65965461731, 25.2620487213, -6.85423564911, 33.4365196228, 10.4697751999, 17.5866317749, 30.1957473755, 99.1539459229]], "icov": [[6.05676577834e-05, -1.64144021255e-05, 4.76579734823e-05, -5.54343714612e-05, 3.84145787393e-05, -6.76131021464e-05, 6.68640132062e-05, -8.69230934768e-05, 8.92619864317e-05, -0.000121044147818, 0.000200946975383, -0.000173230306245, 0.000202661263756], [-1.64144021255e-05, 0.000628946640063, 0.000131214503199, 6.11341165495e-05, -2.69445099548e-05, 0.000230288729654, -0.000368365668692, 0.000173677981365, -0.000215269872569, 0.000659129058477, -0.00117311195936, 0.0012885867618, -0.00109728251118], [4.76579734823e-05, 0.000131214503199, 0.000932204187848, -9.711470193e-05, -0.000193710700842, -0.000404590799008, -0.000435565190855, 1.44093601193e-05, 0.00015371205518, -0.000101983881905, 0.00065505085513, 0.00020931311883, -0.000393121124944], [-5.54343714612e-05, 6.11341165495e-05, -9.711470193e-05, 0.00259692780674, -6.47330234642e-05, -0.000931775837671, -7.62492854847e-05, 0.000530525809154, -0.000539594213478, -0.000624715990853, 0.000552433019038, 0.000622770516202, 0.000227879863814], [3.84145787393e-05, -2.69445099548e-05, -0.000193710700842, -6.47330234642e-05, 0.00322379521094, 0.000681710545905, -0.00115189643111, -0.000107158659375, -0.000772247556597, -0.000485875149025, -0.00160107261036, 0.000267754425295, 0.000472558371257], [-6.76131021464e-05, 0.000230288729654, -0.000404590799008, -0.000931775837671, 0.000681710545905, 0.00538706080988, -0.000803848553915, -0.00151653634384, 0.000608737522271, -0.000887557747774, -0.00131343468092, -0.000239678251091, -0.000168914266396], [6.68640132062e-05, -0.000368365668692, -0.000435565190855, -7.62492854847e-05, -0.00115189643111, -0.000803848553915, 0.00562266074121, -0.000760877679568, -0.000546704279259, 0.00131219462492, -0.000706694729161, -0.00080652278848, 2.12401937461e-05], [-8.69230934768e-05, 0.000173677981365, 1.44093601193e-05, 0.000530525809154, -0.000107158659375, -0.00151653634384, -0.000760877679568, 0.00602565566078, -0.00182588666212, 0.000492902821861, -0.000897939316928, -0.000884757202584, 0.00102372188121], [8.92619864317e-05, -0.000215269872569, 0.00015371205518, -0.000539594213478, -0.000772247556597, 0.000608737522271, -0.000546704279259, -0.00182588666212, 0.00900828000158, -0.00319304550067, -0.000215150925214, 0.0026384210214, -0.00274624465965], [-0.000121044147818, 0.000659129058477, -0.000101983881905, -0.000624715990853, -0.000485875149025, -0.000887557747774, 0.00131219462492, 0.000492902821861, -0.00319304550067, 0.0120778810233, -0.00371615285985, -0.00170044391416, -0.000867625407409], [0.000200946975383, -0.00117311195936, 0.00065505085513, 0.000552433019038, -0.00160107261036, -0.00131343468092, -0.000706694729161, -0.000897939316928, -0.000215150925214, -0.00371615285985, 0.0174371916801, -0.00820601265877, 0.00270249065943], [-0.000173230306245, 0.0012885867618, 0.00020931311883, 0.000622770516202, 0.000267754425295, -0.000239678251091, -0.00080652278848, -0.000884757202584, 0.0026384210214, -0.00170044391416, -0.00820601265877, 0.0191696807742, -0.00757700623944], [0.000202661263756, -0.00109728251118, -0.000393121124944, 0.000227879863814, 0.000472558371257, -0.000168914266396, 2.12401937461e-05, 0.00102372188121, -0.00274624465965, -0.000867625407409, 0.00270249065943, -0.00757700623944, 0.0155141223222]], "mean": [-50.5654945374, 103.549934387, -75.4254302979, 24.0072689056, -52.9384346008, 5.40134525299, -42.9501876831, 1.5294522047, -27.5961341858, 1.25726294518, -14.4659051895, -0.572163820267, -14.8957338333]}, "hfc": {"dmean": 9.28455924988, "dmean2": 13.8328485489, "dvar": 358.392364502, "dvar2": 766.20892334, "max": 270.266784668, "mean": 18.0232334137, "median": 9.60720348358, "min": 1.07586491983e-16, "var": 606.42767334}, "melbands": {"dmean": [0.00187535327859, 0.00139006506652, 0.00178477389272, 0.00101716129575, 0.00039147894131, 0.000256992905634, 0.000146979349665, 0.000101070625533, 7.04039921402e-05, 3.13553573505e-05, 3.96178802475e-05, 2.66139923042e-05, 2.08277924685e-05, 2.0230841983e-05, 2.12342183659e-05, 1.87553341675e-05, 1.78956688615e-05, 9.03486215975e-06, 9.39100118558e-06, 6.76923127685e-06, 5.19553805134e-06, 6.8943277256e-06, 7.01270892023e-06, 5.23126891494e-06, 6.32201727058e-06, 6.10518509347e-06, 4.69152337246e-06, 3.71500482288e-06, 2.79488745036e-06, 2.36519031205e-06, 2.38832035393e-06, 2.23843471758e-06, 2.73136402029e-06, 1.88285446256e-06, 1.47619209656e-06, 1.43917748119e-06, 1.21144819332e-06, 1.2184696061e-06, 1.22463814023e-06, 9.33170724693e-07], "dmean2": [0.00260358070955, 0.00204200134613, 0.00288612092845, 0.00162318744697, 0.000587595452089, 0.000399345939513, 0.000222061469685, 0.000153727436555, 0.000103624217445, 4.68983198516e-05, 5.92955293541e-05, 4.00868411816e-05, 3.12368138111e-05, 3.16274017678e-05, 3.28851747327e-05, 2.94889687211e-05, 2.78450515907e-05, 1.43682573253e-05, 1.46731827044e-05, 1.06090965346e-05, 8.43147790874e-06, 1.14336626211e-05, 1.20196382341e-05, 8.7283024186e-06, 1.09416569103e-05, 1.0481229765e-05, 8.36542949401e-06, 6.67795438858e-06, 4.7588318921e-06, 3.92197034671e-06, 3.92166930396e-06, 3.42980706591e-06, 3.99135706175e-06, 2.73496880254e-06, 2.18065770241e-06, 2.08825758818e-06, 1.78040647825e-06, 1.83426811873e-06, 1.85541807696e-06, 1.42164071804e-06], "dvar": [4.03702106269e-05, 1.39167777888e-05, 6.04337874393e-05, 1.11391846076e-05, 7.19610000033e-07, 3.16681678214e-07, 1.03379981908e-07, 6.20022504449e-08, 2.83220664699e-08, 7.72332331422e-09, 1.92494784557e-08, 9.94284388156e-09, 5.09879560795e-09, 3.7303840017e-09, 5.71479619182e-09, 3.65720631557e-09, 2.82781376093e-09, 7.60580654013e-10, 8.68424776534e-10, 5.76354575177e-10, 2.23675730715e-10, 4.09114742084e-10, 5.28000254629e-10, 1.92299412505e-10, 3.34549499215e-10, 3.22136678443e-10, 3.0607549828e-10, 2.48887910281e-10, 1.10469175474e-10, 5.75352300525e-11, 8.15769465867e-11, 4.86065597494e-11, 9.26473620044e-11, 3.95434622547e-11, 2.40617751418e-11, 2.28545325026e-11, 1.51888657901e-11, 1.27439699418e-11, 1.0293365986e-11, 6.35573971924e-12], "dvar2": [7.63067000662e-05, 2.73159766948e-05, 0.000150604944793, 2.62997036771e-05, 1.50292260059e-06, 7.44722854051e-07, 2.34319983861e-07, 1.49390956494e-07, 5.92105635633e-08, 1.70031508873e-08, 4.19448795697e-08, 2.45416558187e-08, 1.06795390309e-08, 9.00239793822e-09, 1.45916061456e-08, 9.00176733154e-09, 6.4141887357e-09, 1.75803804847e-09, 1.98207206203e-09, 1.26187393867e-09, 5.295119343e-10, 1.0557991148e-09, 1.42073264264e-09, 4.86667928179e-10, 9.10924835562e-10, 8.81142214748e-10, 8.75435168801e-10, 7.17872816747e-10, 3.03676972457e-10, 1.50430501389e-10, 2.19097989751e-10, 1.0772826381e-10, 1.90805274358e-10, 7.85756598676e-11, 4.83533907358e-11, 4.60468815855e-11, 3.0618327318e-11, 2.8005514574e-11, 2.13211375638e-11, 1.34664215543e-11], "max": [0.0756724998355, 0.0547247380018, 0.124916240573, 0.065415635705, 0.0240121725947, 0.015546339564, 0.00911759864539, 0.00570473074913, 0.00662231212482, 0.00310706463642, 0.00694186333567, 0.00342952553183, 0.00358438142575, 0.00239158561453, 0.00331427901983, 0.002234315034, 0.00224035093561, 0.00148525752593, 0.00113463378511, 0.00123079482, 0.000569042633288, 0.000719587900676, 0.000690003624186, 0.000451245869044, 0.000248121155892, 0.000320661289152, 0.000299445149722, 0.000320997089148, 0.000239122004132, 0.000125346850837, 0.000257971609244, 0.000149671090185, 0.000225183335715, 0.000129284890136, 0.000106887928268, 0.000133482462843, 0.000118380623462, 0.000122342869872, 9.97004535748e-05, 0.000112452784379], "mean": [0.00233378191479, 0.00274372240528, 0.00237967330031, 0.00155036221258, 0.000853403878864, 0.000559814681765, 0.00030336366035, 0.000186181801837, 0.000149106475874, 6.47948254482e-05, 8.41022265377e-05, 4.72223073302e-05, 3.56033851858e-05, 3.60384765372e-05, 3.75898489438e-05, 2.92951353913e-05, 2.85600253846e-05, 1.44803434523e-05, 1.57768008648e-05, 1.04005839603e-05, 8.16312240204e-06, 9.85833321465e-06, 8.68755978445e-06, 7.41455460229e-06, 8.10920028016e-06, 7.56757754061e-06, 4.57196028947e-06, 3.25909809362e-06, 2.84565112452e-06, 2.58598197433e-06, 2.67639097729e-06, 2.81287020698e-06, 3.35604499924e-06, 2.46392460213e-06, 1.92686184164e-06, 1.90769219444e-06, 1.67669270468e-06, 1.66837685356e-06, 1.62560195349e-06, 1.23760810311e-06], "median": [0.000477613997646, 0.00127798877656, 0.000902267347556, 0.000709235842805, 0.000438723305706, 0.000265718554147, 0.000134260408231, 6.8573965109e-05, 4.26293336204e-05, 1.73873631866e-05, 1.54829285748e-05, 9.32537841436e-06, 6.10979077464e-06, 7.25313384464e-06, 6.65985498927e-06, 5.49290143681e-06, 5.91664911553e-06, 3.51089602191e-06, 2.38026495936e-06, 1.76426942744e-06, 1.42360659083e-06, 1.44000273394e-06, 1.51585209096e-06, 1.38102950586e-06, 9.31474573918e-07, 9.67906316873e-07, 6.82053951095e-07, 3.25455943084e-07, 3.62955347555e-07, 3.32533460323e-07, 3.03952674585e-07, 3.17664330396e-07, 3.07642721964e-07, 2.44974444286e-07, 1.7490994253e-07, 1.479206162e-07, 1.4277938476e-07, 1.53709578399e-07, 1.41625832839e-07, 1.1920396048e-07], "min": [7.17891724136e-25, 1.13427548549e-24, 8.58825866374e-25, 1.24152930998e-24, 1.6229091436e-24, 1.59359339603e-24, 8.98858683769e-25, 1.82213419028e-24, 2.98302150397e-24, 2.17277931277e-24, 2.33971273272e-24, 1.79665122202e-24, 2.51304263133e-24, 2.75809477735e-24, 2.06706426008e-24, 2.89496411656e-24, 3.25831029406e-24, 2.28348608006e-24, 2.81002568796e-24, 2.44197651896e-24, 3.36962487868e-24, 3.94008885343e-24, 3.75124659677e-24, 4.9700284123e-24, 2.94810020942e-24, 4.13928688162e-24, 4.98099436774e-24, 4.60928508135e-24, 4.5945136609e-24, 5.22048070565e-24, 4.61836565923e-24, 6.25744980405e-24, 4.92426738005e-24, 5.68012392271e-24, 6.18738396731e-24, 4.98733641499e-24, 5.53537425749e-24, 6.32894229574e-24, 6.36020524784e-24, 6.36735745524e-24], "var": [5.16010150022e-05, 2.22357575694e-05, 5.19868845004e-05, 1.1427766367e-05, 1.91034860109e-06, 8.25146059924e-07, 2.43709877168e-07, 1.12316932643e-07, 1.37265004696e-07, 2.06194901153e-08, 1.03459342427e-07, 2.06140757797e-08, 1.31265061043e-08, 9.46182954209e-09, 1.43232519179e-08, 6.65946497946e-09, 6.93620583192e-09, 1.76871539637e-09, 2.29401453389e-09, 1.17000276134e-09, 4.76861106158e-10, 6.4362110086e-10, 5.3216397955e-10, 3.11726616742e-10, 4.16835510553e-10, 3.73431369161e-10, 2.08173020488e-10, 1.58308879894e-10, 8.62498683585e-11, 5.49790490911e-11, 7.66296956445e-11, 7.47250525346e-11, 1.35119734845e-10, 6.46998912779e-11, 3.9994712403e-11, 4.23151201578e-11, 3.00598157477e-11, 2.45484483435e-11, 2.10581569543e-11, 1.2855267198e-11]}, "melbands_crest": {"dmean": 2.7988512516, "dmean2": 4.36822652817, "dvar": 9.08131790161, "dvar2": 20.0898838043, "max": 34.236492157, "mean": 15.2558078766, "median": 14.2726583481, "min": 1.62056100368, "var": 31.0451469421}, "melbands_flatness_db": {"dmean": 0.0329055897892, "dmean2": 0.0452275425196, "dvar": 0.00166664051358, "dvar2": 0.00317942071706, "max": 0.759333014488, "mean": 0.279756635427, "median": 0.267066478729, "min": 0.00241340021603, "var": 0.0102642485872}, "melbands_kurtosis": {"dmean": 15.5335063934, "dmean2": 23.9734020233, "dvar": 924.715209961, "dvar2": 2153.8034668, "max": 637.294189453, "mean": 29.0056858063, "median": 17.4133300781, "min": -1.60717403889, "var": 1429.47253418}, "melbands_skewness": {"dmean": 0.987211942673, "dmean2": 1.4695379734, "dvar": 1.79338037968, "dvar2": 3.87669229507, "max": 18.6147041321, "mean": 3.52746939659, "median": 3.10731649399, "min": -0.881333768368, "var": 4.7187628746}, "melbands_spread": {"dmean": 5.08393621445, "dmean2": 8.03011798859, "dvar": 99.0278244019, "dvar2": 233.724258423, "max": 247.163360596, "mean": 13.4298219681, "median": 7.81268405914, "min": 0.22639735043, "var": 323.34576416}, "mfcc": {"cov": [[12105.7167969, -1574.22583008, -373.367492676, 87.3382492065, -28.0388526917, 102.877883911, -38.0011062622, 26.3022117615, -68.3985061646, -4.3351764679, 191.838897705, 57.7638092041, -15.0387229919], [-1574.22583008, 2512.12133789, -126.577659607, 71.7513275146, 20.9370498657, -58.0599365234, 62.8817214966, 73.666885376, 36.3155441284, 26.8586158752, 24.7936820984, -0.516651451588, 32.2135620117], [-373.367492676, -126.577659607, 1045.2142334, 95.9145584106, 51.9515304565, 114.743965149, 78.8494796753, 19.5882053375, 91.3604049683, 19.8933029175, -30.5269031525, 3.03266739845, -13.5847091675], [87.3382492065, 71.7513275146, 95.9145584106, 350.93359375, 70.095664978, 91.9466552734, 23.1282558441, 0.466526120901, 40.6754188538, 37.2427864075, 3.09368562698, 18.9460220337, 15.3524112701], [-28.0388526917, 20.9370498657, 51.9515304565, 70.095664978, 259.362060547, 41.8803672791, 36.0940284729, 21.6392288208, 31.9506263733, 37.0643959045, 49.0865516663, 24.0771617889, 18.5103054047], [102.877883911, -58.0599365234, 114.743965149, 91.9466552734, 41.8803672791, 218.345748901, 52.9835968018, -4.56079053879, 19.7066841125, 22.6051864624, 1.47796404362, 30.1582717896, 15.7558870316], [-38.0011062622, 62.8817214966, 78.8494796753, 23.1282558441, 36.0940284729, 52.9835968018, 202.913070679, 93.0938644409, 18.5847625732, 16.9640884399, 61.7585601807, 2.90758275986, 21.0381526947], [26.3022117615, 73.666885376, 19.5882053375, 0.466526120901, 21.6392288208, -4.56079053879, 93.0938644409, 168.734603882, 45.3863945007, 29.2097930908, 58.4247436523, 1.85700345039, 22.4346103668], [-68.3985061646, 36.3155441284, 91.3604049683, 40.6754188538, 31.9506263733, 19.7066841125, 18.5847625732, 45.3863945007, 132.454589844, 60.7827453613, 8.0694694519, 25.8885536194, 22.8845806122], [-4.3351764679, 26.8586158752, 19.8933029175, 37.2427864075, 37.0643959045, 22.6051864624, 16.9640884399, 29.2097930908, 60.7827453613, 108.429573059, 40.8043861389, 19.2657966614, 16.8019294739], [191.838897705, 24.7936820984, -30.5269031525, 3.09368562698, 49.0865516663, 1.47796404362, 61.7585601807, 58.4247436523, 8.0694694519, 40.8043861389, 138.528152466, 31.6495227814, 11.3371887207], [57.7638092041, -0.516651451588, 3.03266739845, 18.9460220337, 24.0771617889, 30.1582717896, 2.90758275986, 1.85700345039, 25.8885536194, 19.2657966614, 31.6495227814, 103.765136719, 44.9003143311], [-15.0387229919, 32.2135620117, -13.5847091675, 15.3524112701, 18.5103054047, 15.7558870316, 21.0381526947, 22.4346103668, 22.8845806122, 16.8019294739, 11.3371887207, 44.9003143311, 87.0749664307]], "icov": [[9.6091265732e-05, 6.24488311587e-05, 4.0584422095e-05, -5.01528957102e-05, 3.81153004128e-05, -5.81581771257e-05, 6.17652694928e-05, -4.09842796216e-05, 5.94840867052e-06, 5.92944088567e-05, -0.000175459281309, -5.52465598957e-06, 1.94133808691e-05], [6.24488311587e-05, 0.000457652378827, 8.90108130989e-05, -0.000156413720106, 1.71925894392e-05, 0.000139664611197, -0.000103926744487, -0.000114511072752, -6.72030364512e-05, 5.18474598721e-06, -5.40074179298e-05, 1.98421348614e-05, -7.79112233431e-05], [4.0584422095e-05, 8.90108130989e-05, 0.00116551178508, -0.000142922872328, -0.000104752820334, -0.00039422721602, -0.000474484841106, 8.30705175758e-05, -0.000866979418788, 0.000267926458037, 0.000344597938238, -4.37627168139e-05, 0.000521807116456], [-5.01528957102e-05, -0.000156413720106, -0.000142922872328, 0.00348739163019, -0.000654492119793, -0.0011834311299, 1.25707592815e-05, 0.000263456953689, -0.000449194485554, -0.000592814933043, 0.00031117911567, 7.94672305346e-05, -0.000154661334818], [3.81153004128e-05, 1.71925894392e-05, -0.000104752820334, -0.000654492119793, 0.00455300556496, -0.000403218582505, -0.000109210224764, 0.00026332816924, -0.00049577455502, -0.000350060930941, -0.00157219008543, 2.15856798604e-05, -0.000445683457656], [-5.81581771257e-05, 0.000139664611197, -0.00039422721602, -0.0011834311299, -0.000403218582505, 0.00626680441201, -0.00212658755481, 0.00102395238355, 0.000429150415584, -0.00109760230407, 0.00128090463113, -0.00177904509474, 0.000136781134643], [6.17652694928e-05, -0.000103926744487, -0.000474484841106, 1.25707592815e-05, -0.000109210224764, -0.00212658755481, 0.00827432610095, -0.00365283363499, 0.000446101505077, 0.00103733176365, -0.00284802983515, 0.00165828422178, -0.00147881428711], [-4.09842796216e-05, -0.000114511072752, 8.30705175758e-05, 0.000263456953689, 0.00026332816924, 0.00102395238355, -0.00365283363499, 0.00999573431909, -0.00331291672774, 0.000339218153385, -0.00280230632052, 0.00191097834613, -0.00174758513458], [5.94840867052e-06, -6.72030364512e-05, -0.000866979418788, -0.000449194485554, -0.00049577455502, 0.000429150415584, 0.000446101505077, -0.00331291672774, 0.0128471637145, -0.00657558022067, 0.00300399330445, -0.00257476884872, -0.000427693856182], [5.92944088567e-05, 5.18474598721e-06, 0.000267926458037, -0.000592814933043, -0.000350060930941, -0.00109760230407, 0.00103733176365, 0.000339218153385, -0.00657558022067, 0.0148655967787, -0.00466222129762, 0.00119326752611, -0.00105894636363], [-0.000175459281309, -5.40074179298e-05, 0.000344597938238, 0.00031117911567, -0.00157219008543, 0.00128090463113, -0.00284802983515, -0.00280230632052, 0.00300399330445, -0.00466222129762, 0.012589238584, -0.00458074873313, 0.00233420170844], [-5.52465598957e-06, 1.98421348614e-05, -4.37627168139e-05, 7.94672305346e-05, 2.15856798604e-05, -0.00177904509474, 0.00165828422178, 0.00191097834613, -0.00257476884872, 0.00119326752611, -0.00458074873313, 0.0150436013937, -0.00731922779232], [1.94133808691e-05, -7.79112233431e-05, 0.000521807116456, -0.000154661334818, -0.000445683457656, 0.000136781134643, -0.00147881428711, -0.00174758513458, -0.000427693856182, -0.00105894636363, 0.00233420170844, -0.00731922779232, 0.0162897519767]], "mean": [-702.770507812, 141.039505005, 29.7724113464, 23.7945079803, 11.2370967865, 3.04574513435, -2.14252543449, -2.75481128693, -8.34233379364, -4.93377780914, 1.6250423193, -3.80928492546, -3.74382472038]}, "pitch_salience": {"dmean": 0.0722082704306, "dmean2": 0.110299907625, "dvar": 0.00615245429799, "dvar2": 0.0135731091723, "max": 0.986987709999, "mean": 0.533366382122, "median": 0.548889636993, "min": 0.055727250874, "var": 0.0180469974875}, "silence_rate_20dB": {"dmean": 0.00055940146558, "dmean2": 0.00111888116226, "dvar": 0.000559093838092, "dvar2": 0.00153723172843, "max": 1, "mean": 0.999650418758, "median": 1, "min": 0, "var": 0.000349460809957}, "silence_rate_30dB": {"dmean": 0.0594364032149, "dmean2": 0.118881121278, "dvar": 0.0559086240828, "dvar2": 0.112453460693, "max": 1, "mean": 0.934694468975, "median": 1, "min": 0, "var": 0.0610440932214}, "silence_rate_60dB": {"dmean": 0.0153835397214, "dmean2": 0.0307692307979, "dvar": 0.0151497814804, "dvar2": 0.0330387614667, "max": 1, "mean": 0.0907565355301, "median": 0, "min": 0, "var": 0.0825230926275}, "spectral_centroid": {"dmean": 225.332702637, "dmean2": 356.568695068, "dvar": 159179.53125, "dvar2": 379417.03125, "max": 11826.9472656, "mean": 863.889587402, "median": 574.880004883, "min": 86.5998001099, "var": 1260890.25}, "spectral_complexity": {"dmean": 2.93671774864, "dmean2": 4.70503473282, "dvar": 24.8937702179, "dvar2": 58.1874427795, "max": 57, "mean": 11.6804647446, "median": 10, "min": 0, "var": 58.062461853}, "spectral_contrast_coeffs": {"dmean": [0.0465767197311, 0.0425807572901, 0.0352232679725, 0.030079331249, 0.0221488289535, 0.0176286082715], "dmean2": [0.0727053806186, 0.0683004409075, 0.0560614988208, 0.0485534183681, 0.0353093780577, 0.0282480660826], "dvar": [0.00197462970391, 0.00130998704117, 0.000879172352143, 0.00067139766179, 0.000464684562758, 0.000424236728577], "dvar2": [0.00456137862056, 0.00335689028725, 0.00216853106394, 0.00159646349493, 0.00102079671342, 0.001028183382], "max": [-0.218257397413, -0.389897465706, -0.410094439983, -0.550568401814, -0.559407114983, -0.608954310417], "mean": [-0.584497392178, -0.680867016315, -0.753008186817, -0.772765159607, -0.789424717426, -0.799626469612], "median": [-0.592872083187, -0.682850956917, -0.761249899864, -0.781344592571, -0.801378428936, -0.800138115883], "min": [-0.981046020985, -0.98420637846, -0.984707415104, -0.972622215748, -0.967612087727, -0.966984272003], "var": [0.0116464821622, 0.00629133824259, 0.00555899506435, 0.00400397973135, 0.00349861918949, 0.00189020636026]}, "spectral_contrast_valleys": {"dmean": [0.377245515585, 0.338895350695, 0.327120840549, 0.326063632965, 0.342216402292, 0.377654880285], "dmean2": [0.564375698566, 0.540578663349, 0.517327964306, 0.50152438879, 0.494477570057, 0.453226208687], "dvar": [0.155373543501, 0.105884194374, 0.108611643314, 0.143475726247, 0.270429849625, 0.290603458881], "dvar2": [0.279932141304, 0.22799898684, 0.229401618242, 0.284661889076, 0.549087703228, 0.451677322388], "max": [-4.73592853546, -4.85231351852, -5.54907989502, -5.6314997673, -5.3045167923, -7.36073160172], "mean": [-7.57253551483, -7.28965902328, -8.35629177094, -8.82220649719, -8.75886535645, -10.7452802658], "median": [-7.0616979599, -6.9506855011, -8.01546096802, -8.46890830994, -8.47693157196, -10.4905376434], "min": [-28.0679149628, -27.8474845886, -27.8110179901, -27.6512985229, -27.5651836395, -27.4360752106], "var": [5.18649101257, 4.72085857391, 4.38499546051, 4.42616844177, 4.7466506958, 4.72949838638]}, "spectral_decrease": {"dmean": 4.08485423264e-09, "dmean2": 5.87334891833e-09, "dvar": 9.40993650349e-17, "dvar2": 2.07228476665e-16, "max": 7.02905530467e-21, "mean": -8.66504556996e-09, "median": -5.85358073124e-09, "min": -1.36099686188e-07, "var": 1.2624398745e-16}, "spectral_energy": {"dmean": 0.0158971045166, "dmean2": 0.0227876845747, "dvar": 0.00140414678026, "dvar2": 0.00308665004559, "max": 0.52709954977, "mean": 0.0343387015164, "median": 0.0234797690064, "min": 9.95489976002e-21, "var": 0.00191357941367}, "spectral_energyband_high": {"dmean": 0.000683568418026, "dmean2": 0.00101194903255, "dvar": 2.65004382527e-06, "dvar2": 5.52396204512e-06, "max": 0.0241324156523, "mean": 0.000900868559256, "median": 0.000104777151137, "min": 6.92470453169e-21, "var": 4.42427290182e-06}, "spectral_energyband_low": {"dmean": 0.0088813174516, "dmean2": 0.0121112028137, "dvar": 0.000535299652256, "dvar2": 0.00100603571627, "max": 0.261410623789, "mean": 0.0151583980769, "median": 0.00687312893569, "min": 1.62536096274e-23, "var": 0.000824274262413}, "spectral_energyband_middle_high": {"dmean": 0.00104658852797, "dmean2": 0.00164267909713, "dvar": 4.66658093501e-06, "dvar2": 1.14573540486e-05, "max": 0.0448156744242, "mean": 0.00246747280471, "median": 0.000909302150831, "min": 9.55908373949e-22, "var": 1.42960125231e-05}, "spectral_energyband_middle_low": {"dmean": 0.00906866788864, "dmean2": 0.0142541639507, "dvar": 0.000909848837182, "dvar2": 0.00219356454909, "max": 0.504247546196, "mean": 0.0177285242826, "median": 0.011843431741, "min": 1.34854812493e-22, "var": 0.000917284807656}, "spectral_entropy": {"dmean": 0.243711739779, "dmean2": 0.34060099721, "dvar": 0.0895990878344, "dvar2": 0.162234827876, "max": 9.82798576355, "mean": 7.05331802368, "median": 7.10176515579, "min": 4.04471874237, "var": 0.650063872337}, "spectral_flux": {"dmean": 0.0334017537534, "dmean2": 0.0525405481458, "dvar": 0.00289618922397, "dvar2": 0.00739345932379, "max": 0.676501095295, "mean": 0.0766136497259, "median": 0.0551286377013, "min": 6.30750174313e-11, "var": 0.00533163640648}, "spectral_kurtosis": {"dmean": 3.19639515877, "dmean2": 4.983335495, "dvar": 38.4124450684, "dvar2": 85.4813461304, "max": 169.850631714, "mean": 9.36648082733, "median": 5.35132026672, "min": -1.40596866608, "var": 186.846282959}, "spectral_rms": {"dmean": 0.00101891800296, "dmean2": 0.00137995544355, "dvar": 2.81792654278e-06, "dvar2": 5.29331555299e-06, "max": 0.0226769354194, "mean": 0.00505552161485, "median": 0.00478613562882, "min": 3.1164237857e-12, "var": 7.942974662e-06}, "spectral_rolloff": {"dmean": 582.533203125, "dmean2": 1032.51611328, "dvar": 2656157.25, "dvar2": 6648466, "max": 19401.4160156, "mean": 1191.32165527, "median": 409.130859375, "min": 64.599609375, "var": 6229011}, "spectral_skewness": {"dmean": 0.339643031359, "dmean2": 0.507412433624, "dvar": 0.207738950849, "dvar2": 0.430698573589, "max": 10.6066837311, "mean": 2.21234679222, "median": 1.96245181561, "min": -0.513238847256, "var": 1.45010781288}, "spectral_spread": {"dmean": 1007543.3125, "dmean2": 1398572.625, "dvar": 2560039583740.0, "dvar2": 4894181818370.0, "max": 42474764, "mean": 5642702, "median": 48