{"lowlevel": {"average_loudness": 0.927866697311, "barkbands": {"dmean": [0.000118659088912, 0.00227093440481, 0.0028723415453, 0.00127940869424, 0.00315163400955, 0.00151095062029, 0.000959515746217, 0.000662490027025, 0.000792031292804, 0.000335344870109, 0.000179613984074, 0.000333778269123, 0.000346727872966, 0.000358008604962, 0.000360699981684, 0.000291544158245, 0.000245787465246, 0.000208961413591, 0.000141040276503, 0.000172294661752, 0.000136293368996, 8.65107940626e-05, 6.48204731988e-05, 4.35888650827e-05, 2.57360043179e-05, 4.12610370404e-06, 3.03013791836e-07], "dmean2": [0.0001834903087, 0.00385747407563, 0.00481847627088, 0.00218049762771, 0.00533835496753, 0.00245141820051, 0.00158220413141, 0.00106080796104, 0.00119458825793, 0.000505612697452, 0.000285789603367, 0.000510902667884, 0.000531785015482, 0.000559416483156, 0.000545717484783, 0.000454028398963, 0.000381231249776, 0.000326499546645, 0.000221812209929, 0.000263771536993, 0.000202713243198, 0.000130509899464, 9.63330021477e-05, 6.18089834461e-05, 3.56553828169e-05, 5.25235782334e-06, 4.42946685553e-07], "dvar": [7.71474262251e-08, 3.33988173224e-05, 4.00169701607e-05, 3.87629506804e-06, 5.97965990892e-05, 9.60086617852e-06, 3.6693270431e-06, 2.08433652915e-06, 2.22955964091e-06, 9.01806970433e-07, 2.04185170105e-07, 9.45300030253e-07, 8.50009371334e-07, 9.81809307632e-07, 8.44322300964e-07, 5.85091129324e-07, 2.6503894901e-07, 1.76939337848e-07, 1.0287465102e-07, 1.56322087719e-07, 8.61917328621e-08, 5.1045390137e-08, 6.07750436643e-08, 4.98327281662e-08, 2.61704915516e-08, 1.30438951307e-10, 5.33959215818e-13], "dvar2": [1.76962672072e-07, 8.78982827999e-05, 0.000109488690214, 1.02520671135e-05, 0.000162200987688, 2.6688701837e-05, 9.68601761997e-06, 5.23348626302e-06, 4.95398990097e-06, 1.72371483131e-06, 4.86846829517e-07, 2.29501574722e-06, 2.01347688744e-06, 2.30023397307e-06, 1.80419976914e-06, 1.33081925924e-06, 6.17436455741e-07, 4.17793557972e-07, 2.41037952264e-07, 3.7445875023e-07, 1.87923930639e-07, 1.19281864386e-07, 1.36171408371e-07, 1.03760406489e-07, 4.96301453268e-08, 2.59410298797e-10, 1.20387174622e-12], "max": [0.00279119703919, 0.0477591715753, 0.0737409889698, 0.0490280389786, 0.107732437551, 0.0451292917132, 0.0383605360985, 0.0412330776453, 0.0440939962864, 0.0244229417294, 0.00935725774616, 0.024052394554, 0.0238132867962, 0.0174337439239, 0.0168402008712, 0.0153973996639, 0.0156287979335, 0.00759703991935, 0.00726860202849, 0.00743128592148, 0.00488970940933, 0.00467233732343, 0.00672294665128, 0.00867360364646, 0.0057430434972, 0.000478548638057, 1.22971705423e-05], "mean": [0.000120158532809, 0.00244574365206, 0.00537596130744, 0.00250358926132, 0.0047908690758, 0.0026319893077, 0.00157691654749, 0.000981601537205, 0.00147217954509, 0.000569053925574, 0.000245944858762, 0.000508366385475, 0.000521657872014, 0.000470077502541, 0.000561301538255, 0.000445224082796, 0.000418911484303, 0.000296077370876, 0.000190436796402, 0.000267036724836, 0.000223571405513, 0.000131323860842, 8.58544080984e-05, 5.7721084886e-05, 3.25439796143e-05, 6.09639346294e-06, 3.69294866687e-07], "median": [2.25637231779e-05, 0.000960428616963, 0.00398521404713, 0.00209415331483, 0.00300986482762, 0.00155553256627, 0.00063711439725, 0.000297647726256, 0.000481751951156, 9.41855250858e-05, 4.52553758805e-05, 6.97437644703e-05, 6.1164413637e-05, 9.36649739742e-05, 0.000109969565528, 9.98926989269e-05, 0.00012861682626, 8.06133830338e-05, 4.735211769e-05, 6.43660678179e-05, 5.3269766795e-05, 3.69505687559e-05, 1.83561805898e-05, 1.07250489236e-05, 5.24811866853e-06, 1.00353940979e-06, 2.49506459937e-08], "min": [1.13263021746e-25, 1.50158016701e-24, 2.37220374404e-24, 1.10685034169e-24, 7.26176518856e-24, 3.88449821987e-24, 1.59348699842e-24, 4.69980371478e-24, 1.856383612e-23, 1.58365972425e-23, 8.61045385695e-24, 2.08835857414e-23, 4.3263470226e-23, 3.65060340694e-23, 6.34738499595e-23, 6.06768584231e-23, 4.89350709011e-23, 1.00198751909e-22, 1.25069390549e-22, 1.67571575292e-22, 2.22124979824e-22, 3.04772914501e-22, 3.92229038436e-22, 5.86919127294e-22, 8.01730116972e-22, 1.25096093175e-21, 1.93130153653e-21], "var": [8.1392016682e-08, 2.8176653359e-05, 4.12373155996e-05, 5.85925226915e-06, 5.11753096362e-05, 1.19583555716e-05, 6.06003368375e-06, 3.72132171833e-06, 5.76964112042e-06, 2.92644017463e-06, 3.78708023163e-07, 2.02959608941e-06, 2.05047808777e-06, 1.48342383e-06, 1.97977965399e-06, 1.19977494251e-06, 6.63788398469e-07, 3.38226328722e-07, 1.6601563857e-07, 3.34521047307e-07, 2.01861908522e-07, 7.81376456871e-08, 7.74201396325e-08, 6.52692833114e-08, 3.71186565928e-08, 2.12351497497e-10, 7.48540064568e-13]}, "barkbands_crest": {"dmean": 2.08726978302, "dmean2": 3.39234566689, "dvar": 4.04790306091, "dvar2": 10.1014347076, "max": 26.8828582764, "mean": 8.9931268692, "median": 8.27801704407, "min": 2.3809864521, "var": 12.2676706314}, "barkbands_flatness_db": {"dmean": 0.0256095919758, "dmean2": 0.0338536836207, "dvar": 0.000608059111983, "dvar2": 0.00117642828263, "max": 0.482938468456, "mean": 0.163065060973, "median": 0.154495030642, "min": 0.0358570367098, "var": 0.00297363963909}, "barkbands_kurtosis": {"dmean": 4.12233352661, "dmean2": 6.32309341431, "dvar": 176.512237549, "dvar2": 261.622680664, "max": 1339.7019043, "mean": 7.78415727615, "median": 2.23516368866, "min": -1.90064430237, "var": 1458.78564453}, "barkbands_skewness": {"dmean": 0.61951559782, "dmean2": 0.93758803606, "dvar": 0.532413721085, "dvar2": 1.12171459198, "max": 36.0186042786, "mean": 1.82205867767, "median": 1.55477511883, "min": -2.93712306023, "var": 3.25209736824}, "barkbands_spread": {"dmean": 5.56349611282, "dmean2": 8.39750862122, "dvar": 50.0278739929, "dvar2": 111.17313385, "max": 95.3521957397, "mean": 18.7513198853, "median": 16.5159473419, "min": 0.42619240284, "var": 151.176040649}, "dissonance": {"dmean": 0.0219587571919, "dmean2": 0.0365873873234, "dvar": 0.000504375435412, "dvar2": 0.00133629201446, "max": 0.500000119209, "mean": 0.456365972757, "median": 0.465340942144, "min": 0.259506285191, "var": 0.00114330928773}, "dynamic_complexity": 4.27399682999, "erbbands": {"dmean": [0.0528669655323, 0.616028904915, 2.98770713806, 3.50857830048, 9.10132217407, 11.157740593, 7.78165578842, 14.3194084167, 10.4848680496, 18.4741649628, 14.6990070343, 15.6137876511, 14.008649826, 8.26152801514, 10.3492832184, 11.1013011932, 13.5512609482, 16.1386013031, 17.5740661621, 15.4046525955, 15.102098465, 13.1181211472, 11.5221128464, 8.49249649048, 6.01012182236, 7.89152336121, 7.49086475372, 3.8725464344, 2.87196135521, 3.02923846245, 1.65658545494, 0.973110020161, 0.708398103714, 0.381430000067, 0.134623751044, 0.029011702165, 0.00611777836457, 0.00110645696986, 3.2830361306e-05, 1.20371969388e-05], "dmean2": [0.0851283743978, 1.08705759048, 5.13596582413, 5.8451757431, 15.5991649628, 18.6502494812, 12.951089859, 23.1984100342, 17.2603321075, 30.4798755646, 23.2749652863, 23.8008899689, 20.6463069916, 12.5895805359, 16.2296085358, 16.9784526825, 20.8459262848, 24.5715370178, 26.7400875092, 23.2976856232, 23.1589603424, 20.3526344299, 17.8259944916, 13.354429245, 9.35837841034, 12.0980625153, 11.0018253326, 5.78170967102, 4.29408884048, 4.65112113953, 2.42518281937, 1.38527750969, 1.00861155987, 0.533268153667, 0.187731564045, 0.0378280803561, 0.00760295987129, 0.00143831188325, 4.33169698226e-05, 1.8668733901e-05], "dvar": [0.0139081897214, 2.88268327713, 52.2738800049, 30.9886169434, 538.025512695, 593.297241211, 265.420776367, 939.202331543, 349.990875244, 2067.06103516, 1010.25286865, 947.258544922, 788.875549316, 597.931762695, 808.492675781, 947.088806152, 1395.09692383, 1984.60839844, 1845.19641113, 1434.38220215, 1537.57678223, 721.160400391, 500.886779785, 339.451629639, 186.433883667, 318.723693848, 288.727233887, 71.5378341675, 47.2338180542, 109.187271118, 42.2509117126, 14.1677427292, 19.6732540131, 5.9209394455, 0.706450283527, 0.0136013031006, 0.000153641143697, 5.18320439369e-06, 4.91586016338e-09, 3.88793081063e-10], "dvar2": [0.0303005669266, 8.03638744354, 146.808776855, 80.1757049561, 1472.21765137, 1647.37585449, 742.206542969, 2577.52685547, 947.539916992, 5462.70849609, 2447.92504883, 2245.17871094, 1608.81384277, 1157.27575684, 1979.26965332, 2253.06982422, 3381.94018555, 4474.72851563, 4143.51904297, 3017.14233398, 3585.00878906, 1696.53808594, 1181.95080566, 782.197998047, 448.409576416, 756.265258789, 630.271606445, 157.590652466, 108.971199036, 257.954742432, 94.3247528076, 29.7427883148, 41.9519691467, 11.1655664444, 1.40094578266, 0.0258252788335, 0.000286397495074, 9.89678028418e-06, 1.03865653855e-08, 9.75993841301e-10], "max": [1.48190677166, 13.6216278076, 74.8247909546, 155.443527222, 387.56652832, 314.263946533, 216.980300903, 513.120117188, 308.029693604, 1129.6060791, 1225.20336914, 675.910095215, 610.602722168, 756.708679199, 717.723937988, 1117.94091797, 1193.00354004, 871.478515625, 872.808349609, 869.399414063, 916.419677734, 518.575744629, 471.807312012, 390.144592285, 262.846466064, 341.36328125, 359.277160645, 150.464736938, 179.817657471, 296.596435547, 186.786483765, 113.759918213, 189.871231079, 97.333404541, 28.651096344, 5.5164270401, 0.3522811234, 0.0333084687591, 0.00159473530948, 0.000206807424547], "mean": [0.0639524757862, 0.654868423939, 4.9602355957, 7.69698858261, 13.6991519928, 17.4171962738, 13.2162637711, 24.5299625397, 18.3552436829, 28.420425415, 24.7789459229, 28.3550224304, 26.9002780914, 14.6172590256, 15.5162696838, 18.3405437469, 22.3735141754, 23.8478679657, 27.9728622437, 26.0181255341, 25.5071659088, 23.910533905, 18.1379451752, 11.717628479, 8.51765918732, 12.3681507111, 13.2163848877, 6.09567308426, 4.47444343567, 4.10622739792, 2.20220375061, 1.31803381443, 0.896343410015, 0.471533983946, 0.171794041991, 0.0409270115197, 0.00923907570541, 0.00160274468362, 5.57566745556e-05, 3.33815805789e-05], "median": [0.0247943419963, 0.318881899118, 3.58867692947, 7.0770072937, 9.57327079773, 10.0981092453, 7.5232872963, 13.621260643, 10.3385658264, 9.47832202911, 8.6370382309, 10.1413679123, 8.68802928925, 3.49795651436, 3.06421089172, 2.87325525284, 3.23509192467, 5.08821964264, 6.48876857758, 6.70974063873, 6.36106109619, 7.69300365448, 5.95888090134, 3.09731507301, 2.66633009911, 2.98723840714, 2.98619437218, 1.42240190506, 1.32469701767, 0.970728576183, 0.454242289066, 0.251127809286, 0.157735139132, 0.0778302773833, 0.0258172489703, 0.0068692532368, 0.00148192362394, 0.000187677127542, 2.18263703573e-05, 3.01110485452e-05], "min": [3.13982322833e-23, 7.1053219226e-22, 2.77192847885e-21, 5.81457443137e-21, 1.09137693032e-20, 2.38743986478e-20, 2.49733436345e-20, 5.45560575284e-20, 1.01340068193e-19, 1.97502774158e-19, 2.18259256043e-19, 4.96954550687e-19, 5.86186193977e-19, 4.86232738984e-19, 8.65333956416e-19, 1.48234880993e-18, 1.94850768491e-18, 2.39707656415e-18, 3.49723112155e-18, 2.99221481691e-18, 4.43501984407e-18, 3.64816097766e-18, 5.21107200937e-18, 6.24138501931e-18, 6.98398517346e-18, 8.30051260151e-18, 7.6837319952e-18, 9.73531031354e-18, 1.03619484312e-17, 1.10020844821e-17, 1.17626845e-17, 1.08692185962e-17, 9.90991407878e-18, 7.88352506446e-18, 6.0820543169e-18, 4.35686368389e-18, 2.32038141173e-18, 8.76036174277e-19, 2.40400089306e-19, 2.57765715522e-20], "var": [0.0161766856909, 2.02414011955, 43.6003570557, 46.6740608215, 424.190795898, 592.926452637, 334.305786133, 1207.29150391, 592.234375, 2772.10864258, 2248.30151367, 2180.89477539, 2342.55737305, 1874.24633789, 1600.81335449, 2359.8112793, 3719.24389648, 3413.40722656, 3961.49487305, 3338.08227539, 3540.9597168, 1902.33605957, 997.676696777, 624.717468262, 278.887207031, 662.960998535, 822.587158203, 151.699752808, 79.1050338745, 136.991546631, 53.2369041443, 19.7605113983, 24.0342502594, 8.28490829468, 0.937062799931, 0.020173439756, 0.000321504310705, 1.01643991002e-05, 8.49289527594e-09, 6.51155684928e-10]}, "erbbands_crest": {"dmean": 2.60606026649, "dmean2": 4.16861629486, "dvar": 6.45497608185, "dvar2": 15.7358055115, "max": 29.913269043, "mean": 9.04963970184, "median": 8.1937494278, "min": 2.42106628418, "var": 16.6398277283}, "erbbands_flatness_db": {"dmean": 0.0204703900963, "dmean2": 0.0259174220264, "dvar": 0.000356508855475, "dvar2": 0.000585274770856, "max": 0.324701875448, "mean": 0.173467561603, "median": 0.17138543725, "min": 0.0259556677192, "var": 0.00194128602743}, "erbbands_kurtosis": {"dmean": 1.04799151421, "dmean2": 1.61742842197, "dvar": 1.87603771687, "dvar2": 4.11352062225, "max": 20.4103679657, "mean": 0.518873870373, "median": -0.219681113958, "min": -1.86563062668, "var": 5.33052349091}, "erbbands_skewness": {"dmean": 0.443367630243, "dmean2": 0.656887829304, "dvar": 0.187117785215, "dvar2": 0.419430732727, "max": 3.75830936432, "mean": 0.257711052895, "median": 0.219612017274, "min": -3.2695119381, "var": 0.816418886185}, "erbbands_spread": {"dmean": 9.1577167511, "dmean2": 13.5150728226, "dvar": 90.8355789185, "dvar2": 208.057937622, "max": 132.512786865, "mean": 39.5920562744, "median": 37.3485107422, "min": 4.78086090088, "var": 337.170898438}, "gfcc": {"cov": [[29960.4472656, 1077.62915039, -1929.59655762, 552.00579834, -1008.34234619, 280.258422852, -876.609130859, 111.879417419, -588.20300293, 143.747207642, -687.538452148, -17.316324234, -308.697875977], [1077.62915039, 1456.75134277, -348.410461426, -190.360305786, 140.465255737, -107.368614197, 120.932258606, -171.25994873, 82.1416854858, -187.456802368, 131.354782104, -157.917739868, 92.5868377686], [-1929.59655762, -348.410461426, 1129.46020508, -5.92354345322, 189.659072876, 88.207862854, -6.84545850754, 140.924453735, -73.0115890503, 124.262466431, -52.5996322632, 73.3621826172, -83.3862991333], [552.00579834, -190.360305786, -5.92354345322, 588.908203125, -73.8590011597, -152.708343506, -86.3201446533, 24.9156284332, 109.040557861, -6.98622369766, -35.6292457581, -26.2881717682, 72.4744415283], [-1008.34234619, 140.465255737, 189.659072876, -73.8590011597, 367.759155273, 74.5704956055, 44.4290657043, -10.0492076874, 47.3347930908, 49.5562591553, -21.3948478699, -17.680267334, 13.4560041428], [280.258422852, -107.368614197, 88.207862854, -152.708343506, 74.5704956055, 287.087493896, 57.3174743652, 15.0652570724, -99.4832458496, 54.2637825012, 3.49815869331, 13.7658510208, -65.1514816284], [-876.609130859, 120.932258606, -6.84545850754, -86.3201446533, 44.4290657043, 57.3174743652, 206.922134399, -6.04468870163, -4.69233608246, -50.1493415833, 71.2936553955, -4.62119531631, -3.91349458694], [111.879417419, -171.25994873, 140.924453735, 24.9156284332, -10.0492076874, 15.0652570724, -6.04468870163, 132.999679565, 8.13906574249, 34.8788490295, -45.8786354065, 34.0362510681, -28.9624977112], [-588.20300293, 82.1416854858, -73.0115890503, 109.040557861, 47.3347930908, -99.4832458496, -4.69233608246, 8.13906574249, 174.299713135, 4.38116264343, -10.2951316833, -44.1841888428, 56.0245857239], [143.747207642, -187.456802368, 124.262466431, -6.98622369766, 49.5562591553, 54.2637825012, -50.1493415833, 34.8788490295, 4.38116264343, 133.180404663, -42.7005348206, 14.9488210678, -28.145822525], [-687.538452148, 131.354782104, -52.5996322632, -35.6292457581, -21.3948478699, 3.49815869331, 71.2936553955, -45.8786354065, -10.2951316833, -42.7005348206, 145.458358765, 4.5103225708, 3.72972989082], [-17.316324234, -157.917739868, 73.3621826172, -26.2881717682, -17.680267334, 13.7658510208, -4.62119531631, 34.0362510681, -44.1841888428, 14.9488210678, 4.5103225708, 99.7533416748, -11.2263946533], [-308.697875977, 92.5868377686, -83.3862991333, 72.4744415283, 13.4560041428, -65.1514816284, -3.91349458694, -28.9624977112, 56.0245857239, -28.145822525, 3.72972989082, -11.2263946533, 107.90322876]], "icov": [[0.000131145832711, -0.000418113602791, 0.000279009662336, -0.000376563519239, 0.000314262142638, -0.000308127346216, 0.000310760719003, -0.000263081747107, 0.000562416098546, -0.000461866351543, 0.000730060273781, -0.000406591425417, 0.000437890848843], [-0.000418113602791, 0.00272614252754, -0.000729711609893, 0.00179636559915, -0.0017395275645, 0.00152825401165, -0.000911866081879, 0.00105578452349, -0.00172924820799, 0.00278269592673, -0.00312789063901, 0.00308023882098, -0.00186353747267], [0.000279009662336, -0.000729711609893, 0.00197647628374, -0.000973028189037, -0.000352917326381, -0.00016510100977, 0.000580861233175, -0.00186149030924, 0.00230234186165, -0.00163346889894, 0.00120986171532, -0.000835954095237, 0.00132075638976], [-0.000376563519239, 0.00179636559915, -0.000973028189037, 0.00367526710033, -0.000627922592685, 0.00154439418111, -0.00017778048641, 0.000390997534851, -0.00256063835695, 0.0019846947398, -0.00237988843583, 0.00238527008332, -0.00255222199485], [0.000314262142638, -0.0017395275645, -0.000352917326381, -0.000627922592685, 0.00540607329458, -0.00238121557049, -0.000205557502341, 0.00107752508484, -0.0010810388485, -0.00251919100992, 0.00330341537483, -0.00191232701764, 0.000301561347442], [-0.000308127346216, 0.00152825401165, -0.00016510100977, 0.00154439418111, -0.00238121557049, 0.00747813936323, -0.00260245567188, -0.000386820640415, 0.00279728090391, -0.00150495767593, -0.00222598481923, 0.00299434154294, -0.000200197784579], [0.000310760719003, -0.000911866081879, 0.000580861233175, -0.00017778048641, -0.000205557502341, -0.00260245567188, 0.00851051136851, -0.00223660306074, 0.000128807208966, 0.00248860451393, -0.00165528769139, -0.000513348146342, 0.000988449784927], [-0.000263081747107, 0.00105578452349, -0.00186149030924, 0.000390997534851, 0.00107752508484, -0.000386820640415, -0.00223660306074, 0.0134343663231, -0.00508674886078, 0.000808431650512, 0.00265978649259, -0.00359414075501, 0.00218326691538], [0.000562416098546, -0.00172924820799, 0.00230234186165, -0.00256063835695, -0.0010810388485, 0.00279728090391, 0.000128807208966, -0.00508674886078, 0.014757742174, -0.00525227049366, 0.00197892938741, 0.00319754914381, -0.00171311211307], [-0.000461866351543, 0.00278269592673, -0.00163346889894, 0.0019846947398, -0.00251919100992, -0.00150495767593, 0.00248860451393, 0.000808431650512, -0.00525227049366, 0.0152867240831, -0.00202783057466, 0.00115975760855, 0.000313535245368], [0.000730060273781, -0.00312789063901, 0.00120986171532, -0.00237988843583, 0.00330341537483, -0.00222598481923, -0.00165528769139, 0.00265978649259, 0.00197892938741, -0.00202783057466, 0.0148191256449, -0.00552236149088, 0.00356063898653], [-0.000406591425417, 0.00308023882098, -0.000835954095237, 0.00238527008332, -0.00191232701764, 0.00299434154294, -0.000513348146342, -0.00359414075501, 0.00319754914381, 0.00115975760855, -0.00552236149088, 0.0175286065787, -0.00433431891724], [0.000437890848843, -0.00186353747267, 0.00132075638976, -0.00255222199485, 0.000301561347442, -0.000200197784579, 0.000988449784927, 0.00218326691538, -0.00171311211307, 0.000313535245368, 0.00356063898653, -0.00433431891724, 0.0157148316503]], "mean": [-53.5864486694, 117.941543579, -115.386795044, 46.3928985596, -61.2008285522, 2.23199939728, -40.7376976013, 1.16352844238, -16.9298458099, -4.21661043167, -18.3532352448, -9.55456542969, -7.45851230621]}, "hfc": {"dmean": 6.08180093765, "dmean2": 8.66454410553, "dvar": 93.8574523926, "dvar2": 194.10836792, "max": 166.381011963, "mean": 17.2452030182, "median": 13.5740613937, "min": 1.0836030952e-16, "var": 259.495666504}, "melbands": {"dmean": [0.000523331749719, 0.00129330169875, 0.000724599987734, 0.000774185289629, 0.000294566969387, 0.000305874506012, 0.000171514038811, 0.000187124387594, 0.000121379373013, 0.000103356767795, 7.21886972315e-05, 3.6409815948e-05, 3.10106697725e-05, 3.73320217477e-05, 3.13115779136e-05, 3.29766007781e-05, 3.06354122586e-05, 2.95344052574e-05, 2.8507947718e-05, 1.94686017494e-05, 1.78107547981e-05, 1.48800127135e-05, 1.27888752104e-05, 1.04347245724e-05, 6.99050588082e-06, 5.01110935147e-06, 4.32312344856e-06, 5.7927504713e-06, 5.59989484827e-06, 3.34005835612e-06, 2.09312361221e-06, 1.64293203397e-06, 1.88262947631e-06, 1.63100287409e-06, 1.07951348127e-06, 6.61148988002e-07, 6.03185299042e-07, 5.43467535863e-07, 4.30487006042e-07, 2.9401979873e-07], "dmean2": [0.000866458809469, 0.00223531783558, 0.00121284718625, 0.00131718802731, 0.000487924757181, 0.000495298183523, 0.000282286579022, 0.000307954760501, 0.000191499770153, 0.000156485897605, 0.000106350285932, 5.5265478295e-05, 4.88549303554e-05, 5.76043821638e-05, 4.93293555337e-05, 4.94295345561e-05, 4.70957929792e-05, 4.53418833786e-05, 4.25760445069e-05, 2.99965104205e-05, 2.74052290479e-05, 2.33033661061e-05, 2.0041321477e-05, 1.63729346241e-05, 1.11264325824e-05, 7.92851642473e-06, 6.81957271809e-06, 8.96735855349e-06, 8.33826470625e-06, 5.06029209646e-06, 3.18082811646e-06, 2.48440710493e-06, 2.95114978144e-06, 2.52655308941e-06, 1.6314528466e-06, 9.48840693127e-07, 8.83506800164e-07, 7.84994028891e-07, 6.20840125976e-07, 4.19495762571e-07], "dvar": [1.49987192799e-06, 1.06569432319e-05, 1.37548374823e-06, 3.77393303097e-06, 3.55144607056e-07, 4.09868391671e-07, 9.47749398961e-08, 1.99229162945e-07, 6.59646133272e-08, 4.0181927119e-08, 2.09948041174e-08, 1.28428476742e-08, 6.04091443535e-09, 1.29835697749e-08, 9.45164302379e-09, 6.69612765236e-09, 7.48808837159e-09, 6.18499695904e-09, 6.42177733212e-09, 2.88589552255e-09, 2.23250817832e-09, 1.11254039314e-09, 6.07367156569e-10, 5.6253901537e-10, 2.4993418446e-10, 1.51224519018e-10, 1.06006023404e-10, 1.8586376882e-10, 1.87968349219e-10, 6.45552639122e-11, 2.2506812386e-11, 1.47391491373e-11, 3.21435690565e-11, 3.66598140733e-11, 2.12903583652e-11, 4.71434740204e-12, 6.53691076963e-12, 1.17451595325e-11, 9.78467046969e-12, 3.28983802006e-12], "dvar2": [3.57379281013e-06, 2.99911662296e-05, 3.64579000234e-06, 1.02672493085e-05, 1.00306783679e-06, 1.12977159006e-06, 2.56902666251e-07, 5.27222709934e-07, 1.57421823133e-07, 9.14689195497e-08, 4.2419312507e-08, 2.45251570163e-08, 1.47577026155e-08, 3.08919290148e-08, 2.32363905894e-08, 1.47063525802e-08, 1.72643694896e-08, 1.41440050783e-08, 1.35635609411e-08, 6.28213436826e-09, 5.17693132807e-09, 2.64324007127e-09, 1.43971456978e-09, 1.31339084053e-09, 5.89594262301e-10, 3.70020680762e-10, 2.6447316559e-10, 4.43771269731e-10, 4.27226726218e-10, 1.4305438778e-10, 5.17040472936e-11, 3.46357040271e-11, 7.98777918809e-11, 8.64680063661e-11, 4.99460646453e-11, 9.84130919118e-12, 1.40945371693e-11, 2.66899211065e-11, 2.11590918398e-11, 6.08072620034e-12], "max": [0.0112542109564, 0.0311599448323, 0.0216752681881, 0.0282258279622, 0.00781051069498, 0.0102269444615, 0.00476838229224, 0.0106623424217, 0.0103357881308, 0.00533343991265, 0.00297172530554, 0.00351628079079, 0.00151820841711, 0.00284074875526, 0.00214475230314, 0.00190079386812, 0.00160753855016, 0.0018928037025, 0.0018172969576, 0.00143049331382, 0.00142782588955, 0.000710364023689, 0.000593230361119, 0.000546933792066, 0.000360250298399, 0.000273037294392, 0.000241677364102, 0.000314505770802, 0.000331466493662, 0.000141945536598, 8.4694227553e-05, 0.000103665406641, 0.00013048062101, 0.000170111292391, 0.000135279638926, 7.28788872948e-05, 8.02630020189e-05, 0.000159108632943, 0.000125231628772, 6.55454423395e-05], "mean": [0.000618895923253, 0.00202144519426, 0.00157293607481, 0.00116865348537, 0.000523631053511, 0.000533052720129, 0.000298879051115, 0.000286045338726, 0.000203819421586, 0.000188725083717, 0.000136946197017, 6.19417551206e-05, 4.47643687949e-05, 5.60218868486e-05, 4.8641115427e-05, 5.16603286087e-05, 4.13904490415e-05, 4.35381953139e-05, 4.37252492702e-05, 2.94447800115e-05, 2.87797247438e-05, 2.49589975283e-05, 2.02621904464e-05, 1.41316540976e-05, 8.95884932106e-06, 6.70458575769e-06, 5.80955384066e-06, 8.8661126938e-06, 9.61798559729e-06, 5.1201009228e-06, 3.0172714105e-06, 2.45149385592e-06, 2.60404681285e-06, 2.09187919609e-06, 1.35032803428e-06, 8.72533803431e-07, 7.94259506165e-07, 6.75430840147e-07, 4.98491715462e-07, 3.59510238468e-07], "median": [0.000246852927376, 0.00144049664959, 0.00143625820056, 0.000746738107409, 0.000322779960698, 0.000308934599161, 0.000165109609952, 9.46511354414e-05, 6.2873121351e-05, 6.13574447925e-05, 4.1787930968e-05, 1.11880754048e-05, 8.61007811181e-06, 7.13203962732e-06, 4.97241444464e-06, 6.86511612003e-06, 8.40056509332e-06, 8.77729598869e-06, 8.2013921201e-06, 6.97105770087e-06, 6.50833999316e-06, 7.19158651918e-06, 6.45653108222e-06, 3.40171231983e-06, 1.97120721168e-06, 1.6998111505e-06, 1.69326960986e-06, 1.78619313829e-06, 2.01899297281e-06, 1.02895182863e-06, 6.68627592404e-07, 7.01434771599e-07, 6.91245190865e-07, 4.5334979859e-07, 2.56885300587e-07, 1.59100565611e-07, 1.41127941333e-07, 1.11719238305e-07, 8.27095121281e-08, 5.5398004406e-08], "min": [4.20176999012e-25, 1.21885744757e-24, 1.79805184456e-24, 1.20287650613e-24, 1.60311741235e-24, 1.06333430896e-24, 1.80087892483e-24, 2.47692285984e-24, 1.65524593261e-24, 2.52444068533e-24, 2.41253169402e-24, 1.80879415794e-24, 1.90276169125e-24, 2.86334400768e-24, 3.32763105168e-24, 3.17441809224e-24, 4.16190273491e-24, 4.90186885793e-24, 4.79518804228e-24, 3.28308111813e-24, 3.89537779504e-24, 3.18842767027e-24, 5.21028191744e-24, 3.49318376783e-24, 3.99547083328e-24, 4.43097096234e-24, 3.433253216e-24, 4.66546893831e-24, 4.41665353134e-24, 2.86755869428e-24, 5.0373880617e-24, 4.95587506437e-24, 5.70751356777e-24, 5.98912665575e-24, 5.90846247274e-24, 6.25542124823e-24, 6.00622166599e-24, 6.55214417798e-24, 6.10643973868e-24, 6.20551277977e-24], "var": [1.56314570177e-06, 8.32909427118e-06, 1.89178308574e-06, 3.12807264891e-06, 4.36263917436e-07, 5.24247354861e-07, 1.53675088654e-07, 2.63586429128e-07, 1.5583013635e-07, 9.78326255563e-08, 6.3798253791e-08, 4.06019147192e-08, 1.16898002389e-08, 2.80498060334e-08, 2.41779467558e-08, 1.64862612451e-08, 1.17833947044e-08, 1.18643912472e-08, 1.46817065172e-08, 5.78224845782e-09, 5.41325828607e-09, 2.63221799912e-09, 1.20780063728e-09, 1.11631315303e-09, 4.09524025802e-10, 2.13884257527e-10, 1.44297102045e-10, 4.10651734839e-10, 5.3444232373e-10, 1.31569935502e-10, 4.27344548637e-11, 2.47349536686e-11, 3.97935330521e-11, 4.37945478493e-11, 2.379786819e-11, 6.92471340685e-12, 8.64289455976e-12, 1.30772771084e-11, 1.15129659278e-11, 4.68540570925e-12]}, "melbands_crest": {"dmean": 2.86569547653, "dmean2": 4.70754718781, "dvar": 8.76403999329, "dvar2": 22.7643260956, "max": 39.8588752747, "mean": 12.4959840775, "median": 11.7752561569, "min": 1.45011162758, "var": 21.2709407806}, "melbands_flatness_db": {"dmean": 0.0304443445057, "dmean2": 0.0413655675948, "dvar": 0.000957226788159, "dvar2": 0.0019431830151, "max": 0.490028053522, "mean": 0.225622624159, "median": 0.219778060913, "min": 0.00302150123753, "var": 0.0052213491872}, "melbands_kurtosis": {"dmean": 8.63797473907, "dmean2": 13.711104393, "dvar": 660.769958496, "dvar2": 1259.5970459, "max": 2086.59350586, "mean": 16.7445163727, "median": 8.74424171448, "min": -1.77965450287, "var": 2282.39355469}, "melbands_skewness": {"dmean": 0.786950588226, "dmean2": 1.20406615734, "dvar": 0.93790525198, "dvar2": 2.12262296677, "max": 42.6449165344, "mean": 2.82999563217, "median": 2.57559108734, "min": -1.49873125553, "var": 3.49814224243}, "melbands_spread": {"dmean": 7.06204223633, "dmean2": 10.8101377487, "dvar": 119.983291626, "dvar2": 272.113861084, "max": 193.762008667, "mean": 21.2022132874, "median": 17.1346168518, "min": 0.367774009705, "var": 410.804992676}, "mfcc": {"cov": [[14067.9160156, 999.487304688, -372.956634521, 287.269683838, -192.00177002, 117.095909119, -330.880004883, -54.185836792, 64.9967880249, -10.1036710739, -141.015991211, 0.468270093203, -152.310516357], [999.487304688, 1837.76257324, -195.707702637, -73.8557510376, 49.8598403931, 62.0855178833, 67.9759674072, 0.0477934479713, -5.78125238419, -58.27501297, 39.3665618896, -13.1356992722, -33.0254478455], [-372.956634521, -195.707702637, 657.867919922, 110.968795776, 94.7261886597, -31.469291687, 62.0479049683, 11.8404350281, -15.2941331863, 36.2737808228, -2.82116007805, 4.85418224335, 13.747013092], [287.269683838, -73.8557510376, 110.968795776, 515.723022461, 83.4174575806, -65.3602218628, -160.083480835, -20.4201145172, 82.0696105957, 29.7630901337, -49.4638442993, -11.5735855103, 18.4878368378], [-192.00177002, 49.8598403931, 94.7261886597, 83.4174575806, 276.268890381, 69.9007110596, -23.1965885162, -49.9545173645, 82.2277755737, 36.7777404785, -0.913968741894, 11.7476215363, 14.6168003082], [117.095909119, 62.0855178833, -31.469291687, -65.3602218628, 69.9007110596, 176.552703857, 84.169342041, -16.247756958, 9.45490837097, 13.7277374268, 22.6618251801, 7.86605501175, -15.1261997223], [-330.880004883, 67.9759674072, 62.0479049683, -160.083480835, -23.1965885162, 84.169342041, 238.51902771, 72.2334442139, -80.3972396851, -7.26988744736, 43.9051208496, -1.66579151154, -9.84028053284], [-54.185836792, 0.0477934479713, 11.8404350281, -20.4201145172, -49.9545173645, -16.247756958, 72.2334442139, 129.5987854, -21.5147743225, -14.0304841995, 14.6596870422, -3.40079498291, 6.57707834244], [64.9967880249, -5.78125238419, -15.2941331863, 82.0696105957, 82.2277755737, 9.45490837097, -80.3972396851, -21.5147743225, 180.352920532, 28.4042434692, -28.2186908722, 20.0351066589, 18.5827140808], [-10.1036710739, -58.27501297, 36.2737808228, 29.7630901337, 36.7777404785, 13.7277374268, -7.26988744736, -14.0304841995, 28.4042434692, 114.589599609, 36.8943939209, -19.6305751801, -22.8717651367], [-141.015991211, 39.3665618896, -2.82116007805, -49.4638442993, -0.913968741894, 22.6618251801, 43.9051208496, 14.6596870422, -28.2186908722, 36.8943939209, 93.9469604492, 3.48533463478, -19.7333717346], [0.468270093203, -13.1356992722, 4.85418224335, -11.5735855103, 11.7476215363, 7.86605501175, -1.66579151154, -3.40079498291, 20.0351066589, -19.6305751801, 3.48533463478, 77.7269363403, 33.2719078064], [-152.310516357, -33.0254478455, 13.747013092, 18.4878368378, 14.6168003082, -15.1261997223, -9.84028053284, 6.57707834244, 18.5827140808, -22.8717651367, -19.7333717346, 33.2719078064, 89.6343460083]], "icov": [[8.79640501807e-05, -5.96284808125e-05, -6.69443988954e-06, -3.26895496983e-05, 0.000131302513182, -0.000225817813771, 0.000233155529713, -0.000109267588414, 6.8431829277e-05, -9.7658172308e-05, 0.000201802700758, -0.000133489011205, 0.000164238241268], [-5.96284808125e-05, 0.000652357877698, 0.000217013788642, -2.60455108219e-05, -0.000332621420966, 0.000238581647864, -0.000464409386041, 0.000211844744626, -0.000202284543775, 0.000640672864392, -0.000547946838196, 0.000310665578581, 0.00010856436711], [-6.69443988954e-06, 0.000217013788642, 0.0020719114691, -0.000574356759898, -0.000991528853774, 0.00128297368065, -0.00162139744498, 0.000331100833137, 0.000345972832292, -0.000575582089368, 0.000412592489738, -0.000470978469821, 9.22489780351e-05], [-3.26895496983e-05, -2.60455108219e-05, -0.000574356759898, 0.00295368232764, -0.000640296901111, 6.04563319939e-05, 0.00213482091203, -0.00105937791523, -7.8939658124e-05, -0.000599041231908, 0.000769911217503, 0.000535284751095, -0.000325248518493], [0.000131302513182, -0.000332621420966, -0.000991528853774, -0.000640296901111, 0.00601014308631, -0.00286106741987, 0.000670847250149, 0.00133760808967, -0.00182772031985, -0.000691569468472, -0.000296096055536, 0.00010302499868, -0.00100368377753], [-0.000225817813771, 0.000238581647864, 0.00128297368065, 6.04563319939e-05, -0.00286106741987, 0.0105525925756, -0.00592424115166, 0.00308939232491, -0.001562914229, 0.000140475938679, -0.000878331775311, -0.000737921567634, 0.00130564591382], [0.000233155529713, -0.000464409386041, -0.00162139744498, 0.00213482091203, 0.000670847250149, -0.00592424115166, 0.0115658398718, -0.00580877019092, 0.00332873174921, -0.000529925338924, -0.000287194881821, -3.92519214074e-05, -0.000253738922765], [-0.000109267588414, 0.000211844744626, 0.000331100833137, -0.00105937791523, 0.00133760808967, 0.00308939232491, -0.00580877019092, 0.0118251284584, -0.00205303239636, 0.00177534716204, -0.00229546055198, 0.00136214611121, -0.00127440015785], [6.8431829277e-05, -0.000202284543775, 0.000345972832292, -7.8939658124e-05, -0.00182772031985, -0.001562914229, 0.00332873174921, -0.00205303239636, 0.0091495057568, -0.00337386294268, 0.00337365828454, -0.00284029147588, -0.000405363825848], [-9.7658172308e-05, 0.000640672864392, -0.000575582089368, -0.000599041231908, -0.000691569468472, 0.000140475938679, -0.000529925338924, 0.00177534716204, -0.00337386294268, 0.0139278741553, -0.00719541218132, 0.00437646871433, 0.0012747484725], [0.000201802700758, -0.000547946838196, 0.000412592489738, 0.000769911217503, -0.000296096055536, -0.000878331775311, -0.000287194881821, -0.00229546055198, 0.00337365828454, -0.00719541218132, 0.0169104672968, -0.00465157814324, 0.0028700158], [-0.000133489011205, 0.000310665578581, -0.000470978469821, 0.000535284751095, 0.00010302499868, -0.000737921567634, -3.92519214074e-05, 0.00136214611121, -0.00284029147588, 0.00437646871433, -0.00465157814324, 0.0179165378213, -0.00636516604573], [0.000164238241268, 0.00010856436711, 9.22489780351e-05, -0.000325248518493, -0.00100368377753, 0.00130564591382, -0.000253738922765, -0.00127440015785, -0.000405363825848, 0.0012747484725, 0.0028700158, -0.00636516604573, 0.0153819993138]], "mean": [-680.423156738, 132.334091187, 6.39308786392, 37.0435752869, 3.33640599251, 3.07542085648, -11.1490736008, -1.84317743778, 1.00392985344, 0.598275363445, -3.28538703918, -2.3987133503, -6.17278862]}, "pitch_salience": {"dmean": 0.0708201676607, "dmean2": 0.114729195833, "dvar": 0.00457902159542, "dvar2": 0.011984506622, "max": 0.857268869877, "mean": 0.577336549759, "median": 0.58464050293, "min": 0.0105675542727, "var": 0.0150053072721}, "silence_rate_20dB": {"dmean": 0, "dmean2": 0, "dvar": 0, "dvar2": 0, "max": 1, "mean": 1, "median": 1, "min": 1, "var": 0}, "silence_rate_30dB": {"dmean": 0.000736015674192, "dmean2": 0.00147221202496, "dvar": 0.000735473178793, "dvar2": 0.00196077837609, "max": 1, "mean": 0.999509394169, "median": 1, "min": 0, "var": 0.000490374339279}, "silence_rate_60dB": {"dmean": 0.0171737000346, "dmean2": 0.0343516133726, "dvar": 0.0168805196881, "dvar2": 0.0395522788167, "max": 1, "mean": 0.111860662699, "median": 0, "min": 0, "var": 0.0993483662605}, "spectral_centroid": {"dmean": 280.685852051, "dmean2": 421.794555664, "dvar": 123783.835938, "dvar2": 257637.125, "max": 11565.0185547, "mean": 1230.66687012, "median": 984.89465332, "min": 182.207641602, "var": 1438182}, "spectral_complexity": {"dmean": 3.94847893715, "dmean2": 5.71610832214, "dvar": 26.52983284, "dvar2": 46.7039413452, "max": 57, "mean": 15.3618297577, "median": 14, "min": 0, "var": 99.1205673218}, "spectral_contrast_coeffs": {"dmean": [0.0485134236515, 0.0475553385913, 0.0453037507832, 0.0385753177106, 0.0293207261711, 0.0247404016554], "dmean2": [0.0794008150697, 0.0766236037016, 0.0707700401545, 0.0590538270772, 0.0452976003289, 0.0377736762166], "dvar": [0.00219608959742, 0.00165160465986, 0.00146316469181, 0.00111248285975, 0.000702963094227, 0.000558969855774], "dvar2": [0.00566370319575, 0.00417872657999, 0.00333293550648, 0.002438016003, 0.00155807519332, 0.00130258046556], "max": [-0.257591634989, -0.466375768185, -0.435636639595, -0.514309883118, -0.42280292511, -0.483031123877], "mean": [-0.606126725674, -0.72980350256, -0.746524810791, -0.757095277309, -0.782501220703, -0.74807292223], "median": [-0.597462177277, -0.727911174297, -0.756210148335, -0.76531791687, -0.792252898216, -0.754708170891], "min": [-0.97972202301, -0.979769349098, -0.97703909874, -0.972907066345, -0.968720436096, -0.965381324291], "var": [0.00795547384769, 0.00605586031452, 0.0081390850246, 0.00687071634457, 0.00413838820532, 0.00380315980874]}, "spectral_contrast_valleys": {"dmean": [0.402629852295, 0.417878121138, 0.448018312454, 0.392775028944, 0.397161215544, 0.435967117548], "dmean2": [0.643054902554, 0.66122585535, 0.694939374924, 0.580438673496, 0.541453301907, 0.482713133097], "dvar": [0.173346027732, 0.191311478615, 0.207957014441, 0.160719648004, 0.164206728339, 0.209683284163], "dvar2": [0.355243712664, 0.392901748419, 0.421756565571, 0.292441368103, 0.273110151291, 0.29770308733], "max": [-5.33197069168, -4.28529262543, -5.28175497055, -5.82432699203, -5.50644207001, -7.31416320801], "mean": [-7.57852077484, -6.98263549805, -8.19843482971, -8.47593688965, -8.20106887817, -11.0093612671], "median": [-7.03008556366, -6.53606033325, -7.85298681259, -8.11753368378, -7.89040470123, -10.6545810699], "min": [-28.3592033386, -28.0666809082, -27.8319759369, -27.5586013794, -27.5372486115, -27.4511260986], "var": [5.86513805389, 6.02251195908, 5.59346723557, 5.41210746765, 5.52304935455, 4.68352985382]}, "spectral_decrease": {"dmean": 2.57205190479e-09, "dmean2": 4.18643253397e-09, "dvar": 1.96893205636e-17, "dvar2": 5.21247962262e-17, "max": 9.92886376556e-21, "mean": -6.72094024878e-09, "median": -6.133379582e-09, "min": -4.56070843313e-08, "var": 2.67536382094e-17}, "spectral_energy": {"dmean": 0.0100778499618, "dmean2": 0.0163062270731, "dvar": 0.000296217738651, "dvar2": 0.00077948969556, "max": 0.179180473089, "mean": 0.0269305761904, "median": 0.0246524158865, "min": 9.98827213565e-21, "var": 0.000419994816184}, "spectral_energyband_high": {"dmean": 0.000407317420468, "dmean2": 0.00056829379173, "dvar": 9.02438046069e-07, "dvar2": 1.8469047518e-06, "max": 0.0192508418113, "mean": 0.000720810203347, "median": 0.000207950957702, "min": 7.04709979737e-21, "var": 1.98073939828e-06}, "spectral_energyband_low": {"dmean": 0.00497456779703, "dmean2": 0.00821894686669, "dvar": 0.000126202910906, "dvar2": 0.000335988035658, "max": 0.108790330589, "mean": 0.00897569023073, "median": 0.00688870670274, "min": 1.44608238238e-23, "var": 0.000124608239275}, "spectral_energyband_middle_high": {"dmean": 0.00171001977287, "dmean2": 0.00253586727194, "dvar": 5.73910392632e-06, "dvar2": 1.20930753837e-05, "max": 0.0341980718076, "mean": 0.00424520857632, "median": 0.00273711583577, "min": 1.19613800185e-21, "var": 2.23445422307e-05}, "spectral_energyband_middle_low": {"dmean": 0.00608230149373, "dmean2": 0.0100671667606, "dvar": 0.000170598825207, "dvar2": 0.000466182274977, "max": 0.147268310189, "mean": 0.0140986498445, "median": 0.011984708719, "min": 1.75888226582e-22, "var": 0.00018053156964}, "spectral_entropy": {"dmean": 0.20845913887, "dmean2": 0.263680279255, "dvar": 0.0394883565605, "dvar2": 0.065825343132, "max": 9.82812976837, "mean": 7.32802152634, "median": 7.34813499451, "min": 5.53158903122, "var": 0.281907916069}, "spectral_flux": {"dmean": 0.0283748432994, "dmean2": 0.0429678708315, "dvar": 0.00140542420559, "dvar2": 0.00281714275479, "max": 0.351408571005, "mean": 0.0798643231392, "median": 0.070471547544, "min": 6.31238464277e-11, "var": 0.00302147492766}, "spectral_kurtosis": {"dmean": 2.31959629059, "dmean2": 3.7695991993, "dvar": 8.26737213135, "dvar2": 21.316318512, "max": 36.5409088135, "mean": 5.05474042892, "median": 3.76997327805, "min": -1.26859033108, "var": 18.9295883179}, "spectral_rms": {"dmean": 0.000858558807522, "dmean2": 0.00132856471464, "dvar": 1.56695546139e-06, "dvar2": 3.85118801205e-06, "max": 0.0132215814665, "mean": 0.00466374168172, "median": 0.00490419613197, "min": 3.12164313496e-12, "var": 4.52315589428e-06}, "spectral_rolloff": {"dmean": 448.2862854, "dmean2": 750.944091797, "dvar": 700867.8125, "dvar2": 1509576.875, "max": 19659.8144531, "mean": 1411.37329102, "median": 796.728515625, "min": 21.533203125, "var": 4608556.5}, "spectral_skewness": {"dmean": 0.313503831625, "dmean2": 0.480713844299, "dvar": 0.100399889052, "dvar2": 0.24081119895, "max": 4.47484588623, "mean": 1.5628361702, "median": 1.49217653275, "min": -0.0771726369858, "var": 0.442889839411}, "spectral_spread": {"dmean": 529916.9375, "dmean2": 691069.75, "dvar": 496940318720, "dvar2": 813637042176, "max": 43203724, "mean": 442835