{"lowlevel": {"average_loudness": 0.7923848629, "barkbands": {"dmean": [0.000426508137025, 0.00478778034449, 0.00132355559617, 0.000718415423762, 0.00271487003192, 0.00104165042285, 0.000837920117192, 0.00136642495636, 0.000940715428442, 0.000647613371257, 0.000393991213059, 0.000481715105707, 0.000444419623818, 0.000550016120542, 0.000227134281886, 0.000129637221107, 0.000126951388665, 9.0408102551e-05, 0.000105056285975, 0.000146087011672, 0.000165725272382, 0.00021496246336, 0.000176206813194, 0.000187012046808, 0.000411280459957, 9.58039381658e-05, 1.95752199943e-05], "dmean2": [0.000680707104038, 0.00797300599515, 0.00238033058122, 0.00128287996631, 0.0046325311996, 0.00167819636408, 0.0012635209132, 0.00213510356843, 0.00146354385652, 0.000989382970147, 0.000588196329772, 0.000740450632293, 0.00069494813215, 0.000833315367345, 0.000355406664312, 0.000206125419936, 0.000201471964829, 0.000148484061356, 0.00017299906176, 0.000235381361563, 0.000263127440121, 0.000338737561833, 0.000265199516434, 0.000265121867415, 0.00062254187651, 0.000148290157085, 3.06957408611e-05], "dvar": [1.25048654809e-06, 0.00014729576651, 1.21719522213e-05, 2.72749457508e-06, 4.04032980441e-05, 4.92566823596e-06, 4.21095091951e-06, 1.03896736618e-05, 9.93243611447e-06, 3.92983884012e-06, 1.73945534243e-06, 2.50092830356e-06, 1.45503929616e-06, 2.0284655875e-06, 3.67365174725e-07, 1.18782217839e-07, 7.96328194497e-08, 3.16885753193e-08, 5.17469018746e-08, 1.0857775834e-07, 1.91490528323e-07, 4.55085199746e-07, 2.7924954793e-07, 3.18239074204e-07, 1.8409251652e-06, 6.64053274591e-08, 3.38268368871e-09], "dvar2": [3.07002596855e-06, 0.000380482320907, 3.51016460627e-05, 7.77143941377e-06, 0.000108048792754, 1.22809497043e-05, 8.95093307918e-06, 2.53551697824e-05, 2.36545183725e-05, 8.50077231007e-06, 3.39451412401e-06, 6.27074587101e-06, 3.42217549587e-06, 4.59206739833e-06, 8.5810188466e-07, 2.7341732789e-07, 1.94438072754e-07, 7.92304888364e-08, 1.35540432211e-07, 2.69450112e-07, 4.81005088204e-07, 1.18448986086e-06, 6.62360889692e-07, 6.54607845263e-07, 4.53817119705e-06, 1.61507983876e-07, 8.36732549914e-09], "max": [0.0147781735286, 0.137178137898, 0.0501355566084, 0.020811855793, 0.119811557233, 0.0449969917536, 0.0558277629316, 0.0763710439205, 0.0977991595864, 0.0713920518756, 0.0474077798426, 0.048134829849, 0.0359194464982, 0.0688114389777, 0.0278391633183, 0.0174202043563, 0.0067127905786, 0.00288496841677, 0.00379824638367, 0.00752595346421, 0.00745530892164, 0.011653855443, 0.0154265714809, 0.015985082835, 0.0249230097979, 0.00425065821037, 0.00149651127867], "mean": [0.000401451950893, 0.00759853143245, 0.00218346738257, 0.0010982551612, 0.00345862074755, 0.00147514371201, 0.00139760645106, 0.00207713688724, 0.00147251063026, 0.00108118157368, 0.000645804102533, 0.00074376759585, 0.000684847356752, 0.000923570536543, 0.000351104710717, 0.000196491630049, 0.000195209504454, 0.000137273513246, 0.000150492196553, 0.000201658971491, 0.000201765185921, 0.000261587003479, 0.000226579621085, 0.000256931001786, 0.000439005001681, 9.97214156087e-05, 1.78809477802e-05], "median": [2.98284976452e-05, 0.0055083441548, 0.00136571167968, 0.000808940618299, 0.00149447191507, 0.00052044109907, 0.000353340961738, 0.000506092095748, 0.000230069592362, 0.000280021951767, 0.000119606891531, 0.00017156303511, 0.000155454152264, 0.000278089079075, 0.000128864950966, 8.35274986457e-05, 8.02637659945e-05, 7.45468278183e-05, 6.7196553573e-05, 6.06091271038e-05, 4.20822289016e-05, 4.0223923861e-05, 2.83798290184e-05, 2.85385176539e-05, 4.27067061537e-05, 1.13782807603e-05, 1.56193277689e-06], "min": [2.21716792426e-24, 3.23702524912e-24, 7.69305092684e-25, 1.07334544689e-24, 9.171666071e-24, 9.53634463457e-24, 6.9256568004e-24, 3.33112215562e-24, 1.83408046317e-23, 1.11390283706e-23, 1.63036644295e-23, 1.3430279603e-23, 3.86349992586e-23, 3.87685187e-23, 4.22951182213e-23, 4.84463936584e-23, 7.96031777067e-23, 9.53506336669e-23, 1.39181935439e-22, 1.77801573998e-22, 2.22505829248e-22, 3.13996427666e-22, 4.12164676849e-22, 5.76112767878e-22, 8.57035552071e-22, 1.31046098641e-21, 2.03300961285e-21], "var": [1.17057254556e-06, 0.000127996288938, 9.1779493232e-06, 2.10292205338e-06, 3.81202698918e-05, 6.99920565239e-06, 9.94335186988e-06, 1.89244001376e-05, 2.53489779425e-05, 9.26747452468e-06, 5.7567795011e-06, 4.9083837439e-06, 3.04938430418e-06, 4.93385277878e-06, 7.67648202782e-07, 2.09087914982e-07, 1.26118763433e-07, 4.31600994943e-08, 5.95301372641e-08, 1.63280674315e-07, 2.10325694638e-07, 4.70616015491e-07, 4.48232299277e-07, 6.0602440044e-07, 1.74860565494e-06, 6.87886085871e-08, 3.18174375735e-09]}, "barkbands_crest": {"dmean": 2.47178506851, "dmean2": 4.02406644821, "dvar": 6.10012674332, "dvar2": 15.7007341385, "max": 23.7371692657, "mean": 10.3830375671, "median": 9.67055892944, "min": 2.66271710396, "var": 15.4424171448}, "barkbands_flatness_db": {"dmean": 0.0228659696877, "dmean2": 0.0340023860335, "dvar": 0.000640307320282, "dvar2": 0.00124610611238, "max": 0.398282438517, "mean": 0.129855722189, "median": 0.120830267668, "min": 0.0222441833466, "var": 0.00336543517187}, "barkbands_kurtosis": {"dmean": 2.8380022049, "dmean2": 4.47907161713, "dvar": 27.7965984344, "dvar2": 69.4222869873, "max": 163.21711731, "mean": 4.48443746567, "median": 2.03629302979, "min": -1.94993293285, "var": 63.4213180542}, "barkbands_skewness": {"dmean": 0.526071190834, "dmean2": 0.789527416229, "dvar": 0.338510811329, "dvar2": 0.776334106922, "max": 11.3083572388, "mean": 1.5582447052, "median": 1.4376693964, "min": -2.61017751694, "var": 1.3343116045}, "barkbands_spread": {"dmean": 7.20556735992, "dmean2": 10.5665016174, "dvar": 89.9085845947, "dvar2": 173.692825317, "max": 144.455856323, "mean": 25.2476196289, "median": 20.7494659424, "min": 1.18467831612, "var": 325.616210938}, "dissonance": {"dmean": 0.0227085612714, "dmean2": 0.0373864993453, "dvar": 0.000498345820233, "dvar2": 0.00129761267453, "max": 0.500000119209, "mean": 0.451683074236, "median": 0.460708349943, "min": 0.21853864193, "var": 0.00125660304911}, "dynamic_complexity": 4.35703229904, "erbbands": {"dmean": [0.165625289083, 1.04217779636, 1.75776910782, 1.89462459087, 3.82482743263, 12.3812017441, 12.4471883774, 7.13651418686, 9.19023418427, 18.5659236908, 29.7389316559, 20.0550365448, 20.9022331238, 18.9782733917, 17.644443512, 19.3431797028, 20.7874832153, 27.6603984833, 15.2213926315, 9.55390834808, 5.88152647018, 6.4440946579, 5.10250759125, 4.78065252304, 6.32208967209, 6.86624383926, 6.75291919708, 6.42297077179, 7.3965921402, 6.67445802689, 5.03839540482, 3.85729932785, 3.42545390129, 4.74477958679, 2.87574219704, 0.717971980572, 0.118570409715, 0.0215032733977, 0.00376397790387, 0.000190688908333], "dmean2": [0.266158401966, 1.82108211517, 3.1713681221, 3.39540600777, 6.61077547073, 21.1990356445, 20.7698173523, 11.3673877716, 14.060008049, 27.8842105865, 46.7722206116, 31.1923332214, 31.2864379883, 28.6046638489, 26.2114429474, 29.2966327667, 31.8886623383, 41.853717804, 23.3644218445, 14.9568061829, 9.33796691895, 10.215139389, 8.29752826691, 7.93871498108, 10.2018022537, 11.0708618164, 10.9518575668, 10.1439294815, 11.7877988815, 10.2693443298, 7.53861141205, 5.56925201416, 4.92006349564, 7.1824221611, 4.41371583939, 1.11861383915, 0.181726559997, 0.0326855294406, 0.0059411902912, 0.000299245177303], "dvar": [0.174103602767, 7.47216033936, 21.3335380554, 21.6740379333, 59.8057556152, 993.314208984, 780.805480957, 302.758575439, 577.029602051, 2177.69458008, 5710.80224609, 4985.22412109, 5740.06689453, 2480.33007812, 3111.23657227, 3484.55004883, 3014.49682617, 4937.28125, 1846.3515625, 819.207641602, 216.320663452, 229.508666992, 99.4641571045, 111.586425781, 191.225448608, 246.616271973, 315.499847412, 324.653198242, 532.299316406, 429.879333496, 236.906890869, 146.80430603, 105.892524719, 305.685150146, 79.0026473999, 3.89692616463, 0.0950948745012, 0.00354479020461, 0.00013958310592, 3.08731813448e-07], "dvar2": [0.417289376259, 20.82862854, 61.5892181396, 62.2791786194, 164.346923828, 2652.71337891, 2106.50732422, 730.487243652, 1235.64624023, 4774.54394531, 14228.3447266, 11834.9599609, 12375.1699219, 5441.63232422, 6168.83789062, 8333.69726562, 6968.33447266, 11398.3203125, 4210.75878906, 1801.62036133, 522.829956055, 559.703918457, 248.023971558, 292.70715332, 483.507904053, 614.59967041, 806.310180664, 822.47644043, 1395.17810059, 1093.64624023, 556.283203125, 319.836181641, 220.29119873, 765.333251953, 194.049514771, 9.67158412933, 0.224220082164, 0.00828643422574, 0.000353298470145, 7.78604714924e-07], "max": [4.1652970314, 31.1511154175, 57.2686042786, 57.4024162292, 159.347915649, 586.638183594, 474.161560059, 434.272125244, 1242.34643555, 1283.94311523, 1324.31958008, 2321.70922852, 2724.92504883, 1805.01574707, 2000.95019531, 2241.65966797, 1907.3848877, 2790.91503906, 2501.40014648, 1410.33483887, 466.709014893, 429.816162109, 186.865783691, 201.961425781, 219.909912109, 327.829620361, 340.952606201, 404.301361084, 395.247680664, 338.23425293, 500.570739746, 359.641326904, 269.387268066, 384.01651001, 156.736740112, 28.8383998871, 5.39782381058, 1.31173288822, 0.342579871416, 0.0103770513088], "mean": [0.193907782435, 1.73773884773, 3.0966758728, 3.13403701782, 5.66913986206, 14.0184135437, 15.9732398987, 10.0148677826, 15.0144119263, 32.3550376892, 44.1822090149, 31.6458263397, 36.958278656, 32.0031089783, 30.7724056244, 32.1651344299, 35.5330505371, 47.8196258545, 25.9563465118, 15.4413261414, 9.35666561127, 10.273850441, 8.41653633118, 6.85058927536, 9.12323856354, 9.55000495911, 7.9903793335, 8.22706317902, 8.95239257812, 8.14534854889, 6.53364372253, 5.2015337944, 4.5824341774, 5.10283279419, 2.99103450775, 0.738296568394, 0.126447200775, 0.0219588391483, 0.00339604844339, 0.000193192245206], "median": [0.073543690145, 1.37765610218, 2.24857449532, 2.34069299698, 3.11620759964, 5.03922367096, 5.1743555069, 3.68605208397, 4.42045402527, 9.10868263245, 11.7554683685, 6.77267932892, 6.97226524353, 9.50594425201, 7.14749526978, 9.12892341614, 10.5247116089, 15.2061233521, 9.3319272995, 6.70204734802, 4.16038417816, 4.30574178696, 4.79194927216, 3.49197769165, 3.5275015831, 2.90066599846, 1.60825479031, 1.75528264046, 1.51068246365, 1.05739593506, 0.795400738716, 0.534562468529, 0.527141809464, 0.461375296116, 0.290265619755, 0.0784290283918, 0.0164497941732, 0.00260381493717, 0.000291370728519, 4.39518153144e-05], "min": [2.15251918747e-22, 4.9360700487e-22, 2.29406082676e-21, 3.19475125975e-21, 1.5944657555e-20, 2.21074261527e-20, 3.77416082502e-20, 1.07128697507e-19, 1.83394368705e-19, 1.24150646334e-19, 2.16149169999e-19, 3.82796957011e-19, 5.43158688355e-19, 7.11560770349e-19, 9.25463007612e-19, 9.2888401983e-19, 1.70453603651e-18, 2.40122322057e-18, 2.0806820478e-18, 2.41512895384e-18, 3.35253158981e-18, 5.15210809377e-18, 4.86258660757e-18, 5.38810892638e-18, 8.49410098899e-18, 8.16089857618e-18, 1.00856982308e-17, 1.09475385382e-17, 1.27540430933e-17, 1.21885634014e-17, 1.16914716939e-17, 1.20188540639e-17, 1.07878074803e-17, 8.71202420291e-18, 6.91014482813e-18, 4.05103846782e-18, 2.31481221147e-18, 1.00668397536e-18, 2.71807025641e-19, 2.69555478788e-20], "var": [0.165694490075, 5.57655477524, 14.9814720154, 15.6223125458, 63.1665916443, 884.299072266, 909.530517578, 406.294433594, 1283.71655273, 5455.67041016, 9455.84277344, 8738.40722656, 18929.8125, 6337.35644531, 9973.81152344, 7193.953125, 6773.19824219, 11217.2080078, 5105.16992188, 1541.66503906, 344.725799561, 363.194122314, 151.469894409, 119.730789185, 245.24911499, 369.948791504, 334.999572754, 362.691497803, 544.242553711, 485.519592285, 400.010772705, 261.194732666, 189.086853027, 280.522857666, 75.6655731201, 3.81077122688, 0.105261512101, 0.00389000261202, 0.000124447775306, 2.77055789866e-07]}, "erbbands_crest": {"dmean": 2.88251376152, "dmean2": 4.48020267487, "dvar": 7.38039588928, "dvar2": 16.8902397156, "max": 31.0359458923, "mean": 9.68917369843, "median": 8.44661521912, "min": 2.18684792519, "var": 24.7441692352}, "erbbands_flatness_db": {"dmean": 0.0231981836259, "dmean2": 0.0317942723632, "dvar": 0.000544886570424, "dvar2": 0.000997996539809, "max": 0.342406481504, "mean": 0.137926980853, "median": 0.132836028934, "min": 0.0268222857267, "var": 0.00224862899631}, "erbbands_kurtosis": {"dmean": 1.20548784733, "dmean2": 1.84355258942, "dvar": 2.85567927361, "dvar2": 6.61670446396, "max": 39.6756019592, "mean": 1.17351925373, "median": 0.302186667919, "min": -1.79103672504, "var": 8.10544681549}, "erbbands_skewness": {"dmean": 0.393190979958, "dmean2": 0.584692060947, "dvar": 0.137227892876, "dvar2": 0.301920443773, "max": 5.20597410202, "mean": 0.482984423637, "median": 0.437832593918, "min": -3.71148061752, "var": 0.670323193073}, "erbbands_spread": {"dmean": 10.907708168, "dmean2": 15.9496498108, "dvar": 180.043411255, "dvar2": 360.186431885, "max": 143.566955566, "mean": 40.1845283508, "median": 35.0106430054, "min": 2.91587734222, "var": 526.304382324}, "gfcc": {"cov": [[18640.9609375, -669.339111328, -661.522460938, 380.874420166, -686.756713867, 398.232940674, -387.38684082, 193.608825684, -312.905181885, 222.371139526, -243.407226562, 78.159072876, -30.0148296356], [-669.339111328, 1682.80847168, -147.382995605, -44.1519927979, 358.137237549, -140.620361328, 179.412536621, -63.5459899902, 103.689201355, -48.1398963928, 107.578437805, -87.1845321655, -19.1167049408], [-661.522460938, -147.382995605, 936.767028809, 57.2538299561, 56.2230262756, -20.0155487061, -24.2124195099, 0.479029983282, 4.63410043716, 56.6384544373, -7.19386386871, 30.98097229, -19.0915622711], [380.874420166, -44.1519927979, 57.2538299561, 369.394897461, 27.651966095, 47.7006912231, -15.5639944077, 11.1093244553, 0.239160850644, 0.293180137873, 30.5608444214, -26.6295700073, 12.510020256], [-686.756713867, 358.137237549, 56.2230262756, 27.651966095, 405.814178467, -1.0372146368, 105.265800476, 5.09993648529, 27.0776424408, 12.4254875183, 39.1634674072, -16.7851238251, -5.75833320618], [398.232940674, -140.620361328, -20.0155487061, 47.7006912231, -1.0372146368, 212.16355896, 36.3081016541, 19.0923919678, -30.0056476593, 5.6549077034, -5.07098245621, -17.1055831909, 5.30486726761], [-387.38684082, 179.412536621, -24.2124195099, -15.5639944077, 105.265800476, 36.3081016541, 185.553237915, 18.1568260193, 2.09308099747, -15.7763319016, 17.7498855591, -11.7551488876, 1.73812747002], [193.608825684, -63.5459899902, 0.479029983282, 11.1093244553, 5.09993648529, 19.0923919678, 18.1568260193, 113.466293335, 17.4913387299, 2.85197496414, -4.87333917618, 1.18128252029, -5.97500562668], [-312.905181885, 103.689201355, 4.63410043716, 0.239160850644, 27.0776424408, -30.0056476593, 2.09308099747, 17.4913387299, 108.608039856, 14.7518234253, 2.02700996399, -6.70260763168, -1.50782883167], [222.371139526, -48.1398963928, 56.6384544373, 0.293180137873, 12.4254875183, 5.6549077034, -15.7763319016, 2.85197496414, 14.7518234253, 80.3325805664, 14.8838043213, -1.03848063946, -5.96437311172], [-243.407226562, 107.578437805, -7.19386386871, 30.5608444214, 39.1634674072, -5.07098245621, 17.7498855591, -4.87333917618, 2.02700996399, 14.8838043213, 81.5047073364, 1.76691770554, -4.66329145432], [78.159072876, -87.1845321655, 30.98097229, -26.6295700073, -16.7851238251, -17.1055831909, -11.7551488876, 1.18128252029, -6.70260763168, -1.03848063946, 1.76691770554, 70.2125930786, 18.2836093903], [-30.0148296356, -19.1167049408, -19.0915622711, 12.510020256, -5.75833320618, 5.30486726761, 1.73812747002, -5.97500562668, -1.50782883167, -5.96437311172, -4.66329145432, 18.2836093903, 67.0459518433]], "icov": [[9.00803352124e-05, -0.000109790671559, 9.47147709667e-05, -0.000166446028743, 0.000147181373904, -0.000158507158631, 0.000147577884491, -0.00021296957857, 0.000351819355274, -0.000498525449075, 0.0004580389068, -0.000343241757946, 0.000158451628522], [-0.000109790671559, 0.00124838761985, -2.11486712942e-05, 0.000441187818069, -0.000854006560985, 0.000863481138367, -0.000749853032175, 0.00090174912475, -0.00125705159735, 0.00151391990948, -0.00176264415495, 0.00174329767469, -0.000315002835123], [9.47147709667e-05, -2.11486712942e-05, 0.00130775757134, -0.000467529986054, -0.00011220540182, 3.18100683216e-05, 0.000133259585709, -9.3463320809e-05, 0.000398134929128, -0.00135563593358, 0.000924762047362, -0.00107339140959, 0.000717452319805], [-0.000166446028743, 0.000441187818069, -0.000467529986054, 0.00357383815572, -0.000624587817583, -0.000333225383656, 0.000484036863782, 5.864461491e-05, -0.000907487527002, 0.00184894411359, -0.00274089979939, 0.00255138869397, -0.00152562523726], [0.000147181373904, -0.000854006560985, -0.00011220540182, -0.000624587817583, 0.00378672545776, -0.000385751307476, -0.00122086738702, -0.000556531653274, 0.000491602520924, -0.00178939627949, 0.000535341678187, -0.000886218098458, 0.000375562405679], [-0.000158507158631, 0.000863481138367, 3.18100683216e-05, -0.000333225383656, -0.000385751307476, 0.00633370876312, -0.00195866124704, -0.000176000932697, 0.000773366831709, 0.000108114174509, -0.000640472746454, 0.002579173306, -0.00097358651692], [0.000147577884491, -0.000749853032175, 0.000133259585709, 0.000484036863782, -0.00122086738702, -0.00195866124704, 0.00780654978007, -0.00177493260708, 0.00090894033201, 0.0008216186543, -0.000270927994279, -0.000197592220502, -0.000381974707125], [-0.00021296957857, 0.00090174912475, -9.3463320809e-05, 5.864461491e-05, -0.000556531653274, -0.000176000932697, -0.00177493260708, 0.0104908728972, -0.00317915622145, 0.00136513262987, -0.000704141915776, 0.0002431608591, 0.00100594188552], [0.000351819355274, -0.00125705159735, 0.000398134929128, -0.000907487527002, 0.000491602520924, 0.000773366831709, 0.00090894033201, -0.00317915622145, 0.0125186834484, -0.00471972720698, 0.00308497832157, -0.000935954099987, 8.7406966486e-05], [-0.000498525449075, 0.00151391990948, -0.00135563593358, 0.00184894411359, -0.00178939627949, 0.000108114174509, 0.0008216186543, 0.00136513262987, -0.00471972720698, 0.0182091370225, -0.00684589752927, 0.00357424700633, -0.000521544017829], [0.0004580389068, -0.00176264415495, 0.000924762047362, -0.00274089979939, 0.000535341678187, -0.000640472746454, -0.000270927994279, -0.000704141915776, 0.00308497832157, -0.00684589752927, 0.0182300973684, -0.00516461813822, 0.00265489681624], [-0.000343241757946, 0.00174329767469, -0.00107339140959, 0.00255138869397, -0.000886218098458, 0.002579173306, -0.000197592220502, 0.0002431608591, -0.000935954099987, 0.00357424700633, -0.00516461813822, 0.0203443989158, -0.00630197813734], [0.000158451628522, -0.000315002835123, 0.000717452319805, -0.00152562523726, 0.000375562405679, -0.00097358651692, -0.000381974707125, 0.00100594188552, 8.7406966486e-05, -0.000521544017829, 0.00265489681624, -0.00630197813734, 0.0174528565258]], "mean": [-12.3499650955, 84.5741195679, -93.3274230957, 22.2580299377, -53.244430542, 22.647518158, -34.6088218689, 9.78094577789, -24.2732315063, 9.06452846527, -14.3579149246, -3.16653132439, -11.5828752518]}, "hfc": {"dmean": 14.2149791718, "dmean2": 20.6403388977, "dvar": 940.657348633, "dvar2": 2168.74755859, "max": 492.191253662, "mean": 25.7244586945, "median": 12.1904916763, "min": 1.0903764471e-16, "var": 1408.1817627}, "melbands": {"dmean": [0.00137437263038, 0.00107580726035, 0.000361047277693, 0.000557758554351, 0.00047130160965, 0.000165820485563, 0.00014671527606, 0.000226027026656, 0.000232653284911, 0.000126686689327, 0.000104988190287, 8.02752765594e-05, 6.10868009971e-05, 5.61661581742e-05, 4.79502232338e-05, 5.00614987686e-05, 5.1516428357e-05, 2.69958563877e-05, 1.53236851475e-05, 1.05929211713e-05, 7.27150199964e-06, 6.99707925378e-06, 6.96376764608e-06, 3.91239791497e-06, 4.12486815549e-06, 4.18342551711e-06, 5.40797555004e-06, 4.48617538495e-06, 4.76291916129e-06, 3.44248383044e-06, 3.90685499951e-06, 4.17368300987e-06, 4.49938852398e-06, 3.46229808201e-06, 3.03736987917e-06, 2.53212965617e-06, 2.43473209594e-06, 2.34725985138e-06, 3.0546243579e-06, 4.31755688624e-06], "dmean2": [0.00222914526239, 0.00191080465447, 0.000644618878141, 0.000957272830419, 0.000789995596278, 0.000263606838416, 0.000223173075938, 0.000344431871781, 0.000365343905287, 0.000197119792574, 0.000157462694915, 0.000121740398754, 9.04075350263e-05, 8.65660622367e-05, 7.29165185476e-05, 7.60955299484e-05, 7.83061259426e-05, 4.18081654061e-05, 2.40461831709e-05, 1.67574889929e-05, 1.16404116852e-05, 1.11968620331e-05, 1.12951565825e-05, 6.47930119158e-06, 6.92320600137e-06, 6.86679504724e-06, 8.79611616256e-06, 7.31605905457e-06, 7.8617449617e-06, 5.56187205802e-06, 6.20256150796e-06, 6.77164371155e-06, 7.16129807188e-06, 5.36686457053e-06, 4.63912783744e-06, 3.75449008061e-06, 3.58457441507e-06, 3.4503364077e-06, 4.56053476228e-06, 6.61281092107e-06], "dvar": [1.1819145584e-05, 7.94438619778e-06, 7.11093491645e-07, 1.68835833847e-06, 1.18152649975e-06, 1.50620664385e-07, 1.36504610282e-07, 2.75168673625e-07, 3.64516182572e-07, 2.00595451361e-07, 1.45198384871e-07, 4.95416756507e-08, 4.21436858744e-08, 4.10427816178e-08, 2.09083648173e-08, 1.56702757437e-08, 1.67936402562e-08, 7.94342103205e-09, 1.85035953226e-09, 9.61186574777e-10, 3.38690103741e-10, 3.07206121652e-10, 2.10701178727e-10, 6.39509903366e-11, 8.42447084315e-11, 8.06587643898e-11, 1.6194354191e-10, 1.11801796987e-10, 1.62363900102e-10, 9.64754456878e-11, 1.21396559472e-10, 1.70760058871e-10, 2.15323439634e-10, 1.12656800555e-10, 9.16487163938e-11, 6.52316881067e-11, 6.35709887509e-11, 5.50722627224e-11, 1.0695858782e-10, 2.68775834922e-10], "dvar2": [2.92277745757e-05, 2.26840675168e-05, 2.03945501198e-06, 4.52797394246e-06, 3.16168870995e-06, 3.61491544254e-07, 2.9243463473e-07, 6.31317846e-07, 9.18423666008e-07, 4.78552067307e-07, 3.12210346465e-07, 1.09165625872e-07, 8.16497660594e-08, 1.05162804687e-07, 4.85296638431e-08, 3.65697019333e-08, 3.88123595485e-08, 1.78413834817e-08, 4.06594402591e-09, 2.16789963758e-09, 8.25750023914e-10, 7.48663964156e-10, 5.03967589882e-10, 1.65346458747e-10, 2.24681162564e-10, 2.0825952074e-10, 4.02946315203e-10, 2.78780720731e-10, 4.203452586e-10, 2.48566334182e-10, 3.09429482037e-10, 4.51768511489e-10, 5.61588053838e-10, 2.8555402487e-10, 2.20166426756e-10, 1.45075423896e-10, 1.41578929136e-10, 1.17820572743e-10, 2.56695609213e-10, 6.72656041978e-10], "max": [0.0367948822677, 0.0347240827978, 0.0104086631909, 0.0258824937046, 0.0194678753614, 0.0126482835039, 0.0160038825125, 0.0127439368516, 0.010437592864, 0.0135169932619, 0.0132309868932, 0.00781703367829, 0.00777000235394, 0.00536208739504, 0.0061915460974, 0.00410511298105, 0.00477460818365, 0.00600022869185, 0.00186906044837, 0.0015409210464, 0.000514110492077, 0.000605493783951, 0.000450659077615, 0.000119516895211, 0.000180660368642, 0.000181655021152, 0.000282415188849, 0.000287626724457, 0.000221678055823, 0.000228196382523, 0.000261970679276, 0.000252774363616, 0.000294237688649, 0.000172301064595, 0.000276429462247, 0.000282249849988, 0.000252369936788, 0.000201431001187, 0.00022996730695, 0.00039799962542], "mean": [0.00195443537086, 0.00194934639148, 0.000600978615694, 0.000693632697221, 0.000597843900323, 0.000236328269239, 0.000240957451751, 0.000379130302463, 0.000339473655913, 0.000199406844331, 0.00018174079014, 0.000128472413053, 0.000104188395198, 8.7066910055e-05, 7.60506518418e-05, 8.2848870079e-05, 8.56084079714e-05, 4.27764389315e-05, 2.42447276833e-05, 1.5843555957e-05, 1.03649681478e-05, 1.02347503343e-05, 1.07995201688e-05, 5.75667263547e-06, 5.46411320101e-06, 5.77981290917e-06, 7.37047503208e-06, 5.96525887886e-06, 5.23998278368e-06, 4.15594649894e-06, 4.95162112202e-06, 4.96053053212e-06, 5.23378093931e-06, 4.15782142227e-06, 3.82864527637e-06, 3.33801858687e-06, 3.14957719638e-06, 3.0769017485e-06, 3.66883045899e-06, 4.47364800493e-06], "median": [0.00120147643611, 0.00163703865837, 0.000488767283969, 0.000298855942674, 0.000203938194318, 8.41797373141e-05, 6.6881737439e-05, 0.000106125917227, 8.41622968437e-05, 3.34496362484e-05, 2.97769511235e-05, 3.44317486451e-05, 2.13288421946e-05, 1.87761070265e-05, 2.22989310714e-05, 2.17659580812e-05, 2.60411288764e-05, 1.32620407385e-05, 9.4482120403e-06, 6.34564912616e-06, 4.28425619248e-06, 3.8804387259e-06, 4.89773356094e-06, 2.94346364171e-06, 2.52819700108e-06, 2.27066584557e-06, 2.3747556952e-06, 1.49323636833e-06, 9.11799929781e-07, 8.11851236904e-07, 1.05671688289e-06, 8.44481292006e-07, 6.77289790474e-07, 5.22065306541e-07, 4.73849297578e-07, 3.48903085978e-07, 3.02357420878e-07, 3.41415130833e-07, 3.84121221941e-07, 3.6764791389e-07], "min": [1.52857676212e-24, 1.4472349476e-24, 8.71031615337e-25, 6.69755628915e-25, 1.36780809293e-24, 2.3105891714e-24, 2.53706186817e-24, 1.11042358576e-24, 2.37294034291e-24, 2.45859663494e-24, 2.52977594885e-24, 2.47751332223e-24, 2.18564346477e-24, 1.77620355293e-24, 1.48901538773e-24, 3.84388095515e-24, 3.63461035649e-24, 2.53260598735e-24, 3.41132051625e-24, 2.92796374595e-24, 3.53737023372e-24, 4.47302671492e-24, 4.09732500349e-24, 4.13797618922e-24, 4.09397116135e-24, 5.30009215378e-24, 4.9799952754e-24, 4.50466792582e-24, 4.47464348534e-24, 4.18157377044e-24, 5.52462405551e-24, 6.71050997686e-24, 4.85056331681e-24, 5.92145737844e-24, 6.20205165255e-24, 5.58963605486e-24, 6.84931557516e-24, 6.70104127941e-24, 6.19852781089e-24, 7.38538284786e-24], "var": [1.09820975922e-05, 5.50460390514e-06, 5.06413925905e-07, 1.5510289586e-06, 1.25697431486e-06, 2.15324831743e-07, 3.14289422931e-07, 6.51855714295e-07, 5.82941027005e-07, 4.2134277578e-07, 4.73693518188e-07, 1.19884219885e-07, 1.4263075343e-07, 8.0077697362e-08, 3.90028738195e-08, 3.60185339332e-08, 3.72092294754e-08, 2.15037232465e-08, 4.05165145878e-09, 1.75508840794e-09, 4.80497808208e-10, 4.40220082609e-10, 3.59203417011e-10, 7.78364456222e-11, 8.59046653257e-11, 9.68736132978e-11, 2.20116008753e-10, 1.72092368134e-10, 1.60307767061e-10, 1.03001204788e-10, 1.33616812059e-10, 1.69551525597e-10, 2.14598921966e-10, 1.30922717112e-10, 1.42485453991e-10, 1.20443877094e-10, 1.02039598993e-10, 9.38294927866e-11, 1.2823198059e-10, 2.39375325117e-10]}, "melbands_crest": {"dmean": 2.99580454826, "dmean2": 4.84152936935, "dvar": 9.48442840576, "dvar2": 23.5212917328, "max": 33.0076789856, "mean": 13.7734737396, "median": 13.2699947357, "min": 1.67122125626, "var": 21.4460334778}, "melbands_flatness_db": {"dmean": 0.0275630354881, "dmean2": 0.0411556363106, "dvar": 0.00109127967153, "dvar2": 0.00212737894617, "max": 0.534623742104, "mean": 0.209534540772, "median": 0.200385093689, "min": 0.00386531255208, "var": 0.00624629901722}, "melbands_kurtosis": {"dmean": 7.38707256317, "dmean2": 11.6876659393, "dvar": 187.626037598, "dvar2": 466.90637207, "max": 297.042144775, "mean": 13.5525484085, "median": 8.52399635315, "min": -1.85513472557, "var": 309.092437744}, "melbands_skewness": {"dmean": 0.774811804295, "dmean2": 1.16643226147, "dvar": 0.874515891075, "dvar2": 2.0036303997, "max": 12.6989383698, "mean": 2.61984419823, "median": 2.48393344879, "min": -1.54864656925, "var": 2.54563713074}, "melbands_spread": {"dmean": 6.72923564911, "dmean2": 10.1583795547, "dvar": 111.82623291, "dvar2": 228.048950195, "max": 228.319473267, "mean": 22.881401062, "median": 18.7349529266, "min": 0.909931719303, "var": 412.246551514}, "mfcc": {"cov": [[11471.1796875, -711.87878418, -128.229934692, -164.365249634, -145.204956055, 53.3559455872, -25.4274501801, -50.8137779236, 64.8203811646, -16.4793434143, 0.697258174419, -90.7690048218, -21.849401474], [-711.87878418, 1714.85021973, -195.555969238, 179.218292236, 128.664779663, 41.2207069397, 80.9723739624, 27.3757419586, 2.90847396851, 26.8710594177, 83.4891662598, 48.385887146, 16.966506958], [-128.229934692, -195.555969238, 713.983642578, 60.5682640076, 27.6642189026, 8.26897716522, -27.6467075348, -35.1881599426, -12.6260280609, -9.91432857513, -0.744937479496, 24.453912735, -8.56157970428], [-164.365249634, 179.218292236, 60.5682640076, 305.112487793, 113.262832642, 21.345375061, 28.6281471252, 9.03771209717, -6.54378604889, 26.4021987915, 11.8338661194, -0.829661905766, 15.1761074066], [-145.204956055, 128.664779663, 27.6642189026, 113.262832642, 219.224197388, 49.4910011292, 33.0843849182, 2.85644578934, 1.95167386532, 36.6240882874, 25.1123695374, -2.71473693848, 8.06586360931], [53.3559455872, 41.2207069397, 8.26897716522, 21.345375061, 49.4910011292, 157.065704346, 69.5740432739, 5.38614416122, 12.1917266846, 12.0381555557, 10.2173547745, 3.15605783463, -13.8209438324], [-25.4274501801, 80.9723739624, -27.6467075348, 28.6281471252, 33.0843849182, 69.5740432739, 201.117355347, 42.837852478, 10.8376331329, 4.73823165894, 25.7703666687, 2.69132471085, -0.0593748353422], [-50.8137779236, 27.3757419586, -35.1881599426, 9.03771209717, 2.85644578934, 5.38614416122, 42.837852478, 108.805328369, 28.0166416168, 3.08056855202, 3.06418085098, 1.14789009094, 9.57686519623], [64.8203811646, 2.90847396851, -12.6260280609, -6.54378604889, 1.95167386532, 12.1917266846, 10.8376331329, 28.0166416168, 99.0163497925, 16.4087982178, -3.79476714134, 1.31139588356, -0.177399262786], [-16.4793434143, 26.8710594177, -9.91432857513, 26.4021987915, 36.6240882874, 12.0381555557, 4.73823165894, 3.08056855202, 16.4087982178, 84.620803833, 26.9002532959, 0.365778684616, 1.14710152149], [0.697258174419, 83.4891662598, -0.744937479496, 11.8338661194, 25.1123695374, 10.2173547745, 25.7703666687, 3.06418085098, -3.79476714134, 26.9002532959, 89.2845840454, 11.5358104706, 0.443315178156], [-90.7690048218, 48.385887146, 24.453912735, -0.829661905766, -2.71473693848, 3.15605783463, 2.69132471085, 1.14789009094, 1.31139588356, 0.365778684616, 11.5358104706, 66.326965332, 19.2529315948], [-21.849401474, 16.966506958, -8.56157970428, 15.1761074066, 8.06586360931, -13.8209438324, -0.0593748353422, 9.57686519623, -0.177399262786, 1.14710152149, 0.443315178156, 19.2529315948, 63.7441253662]], "icov": [[9.24582709558e-05, 3.66329986718e-05, 2.24383165914e-05, 6.96929646438e-06, 5.29629869561e-05, -6.43249877612e-05, 1.10143882921e-05, 6.25766333542e-05, -7.99532135716e-05, 3.01145919366e-05, -7.67035162426e-05, 0.000122871424537, -4.4086464186e-05], [3.66329986718e-05, 0.000724369718228, 0.000263253954472, -0.000379437929951, -0.000205009317142, -1.67035559571e-05, -8.49639400258e-05, 1.39668345582e-05, -7.33161577955e-05, 0.000208155019209, -0.000539970817044, -0.000526383460965, 0.000124381374917], [2.24383165914e-05, 0.000263253954472, 0.00159162585624, -0.00046543739154, -0.000182793242857, -9.25098865991e-05, 0.000185615615919, 0.000403751153499, -2.73184305115e-05, 0.000380183599191, -0.000181609779247, -0.000876161211636, 0.000463768403279], [6.96929646438e-06, -0.000379437929951, -0.00046543739154, 0.00442363321781, -0.00188684323803, 0.000155329384143, -0.000305518246023, -0.000315019133268, 0.00051752658328, -0.000757177942432, 0.000554125697818, 0.000594005163293, -0.000861027627252], [5.29629869561e-05, -0.000205009317142, -0.000182793242857, -0.00188684323803, 0.00652451859787, -0.00165179977193, -9.84489524853e-05, 0.000252560304943, 7.26968282834e-05, -0.00169989862479, -0.00080194324255, 0.00105030008126, -0.00100522895809], [-6.43249877612e-05, -1.67035559571e-05, -9.25098865991e-05, 0.000155329384143, -0.00165179977193, 0.00839388649911, -0.00281334551983, 0.000670070759952, -0.000725305057131, -0.000465675344458, 0.000530815974344, -0.00111797486898, 0.00219900277443], [1.10143882921e-05, -8.49639400258e-05, 0.000185615615919, -0.000305518246023, -9.84489524853e-05, -0.00281334551983, 0.00676308386028, -0.00239229132421, 8.13065489638e-05, 0.000814226281364, -0.00167074915953, 0.000239163331571, -0.000182799107279], [6.25766333542e-05, 1.39668345582e-05, 0.000403751153499, -0.000315019133268, 0.000252560304943, 0.000670070759952, -0.00239229132421, 0.0111886626109, -0.00306310411543, 0.000310002767947, -6.69701912557e-05, 0.000320094055496, -0.00153323472477], [-7.99532135716e-05, -7.33161577955e-05, -2.73184305115e-05, 0.00051752658328, 7.26968282834e-05, -0.000725305057131, 8.13065489638e-05, -0.00306310411543, 0.0116486605257, -0.00272643449716, 0.0015299860388, -0.000548370589968, 0.00039551089867], [3.01145919366e-05, 0.000208155019209, 0.000380183599191, -0.000757177942432, -0.00169989862479, -0.000465675344458, 0.000814226281364, 0.000310002767947, -0.00272643449716, 0.0147130414844, -0.00440893415362, 0.000427201972343, -0.000116159513709], [-7.67035162426e-05, -0.000539970817044, -0.000181609779247, 0.000554125697818, -0.00080194324255, 0.000530815974344, -0.00167074915953, -6.69701912557e-05, 0.0015299860388, -0.00440893415362, 0.013968157582, -0.00231466838159, 0.000871748256031], [0.000122871424537, -0.000526383460965, -0.000876161211636, 0.000594005163293, 0.00105030008126, -0.00111797486898, 0.000239163331571, 0.000320094055496, -0.000548370589968, 0.000427201972343, -0.00231466838159, 0.0181892886758, -0.00598695361987], [-4.4086464186e-05, 0.000124381374917, 0.000463768403279, -0.000861027627252, -0.00100522895809, 0.00219900277443, -0.000182799107279, -0.00153323472477, 0.00039551089867, -0.000116159513709, 0.000871748256031, -0.00598695361987, 0.0185463447124]], "mean": [-660.927062988, 122.512779236, 16.4696998596, 12.522567749, 7.31537485123, 10.3259449005, 6.06127595901, -0.457350969315, 1.26194798946, 3.33435368538, 7.10895347595, 0.133190974593, -0.922420859337]}, "pitch_salience": {"dmean": 0.0660843625665, "dmean2": 0.1076201424, "dvar": 0.00429507065564, "dvar2": 0.0110977012664, "max": 0.915899574757, "mean": 0.527233242989, "median": 0.521925866604, "min": 0.185017332435, "var": 0.00984970293939}, "silence_rate_20dB": {"dmean": 0, "dmean2": 0, "dvar": 0, "dvar2": 0, "max": 1, "mean": 1, "median": 1, "min": 1, "var": 0}, "silence_rate_30dB": {"dmean": 0.0183889977634, "dmean2": 0.0367808863521, "dvar": 0.0180508419871, "dvar2": 0.045016232878, "max": 1, "mean": 0.985462844372, "median": 1, "min": 0, "var": 0.014325838536}, "silence_rate_60dB": {"dmean": 0.01115913596, "dmean2": 0.0223200246692, "dvar": 0.0110346088186, "dvar2": 0.0274804402143, "max": 1, "mean": 0.0696998238564, "median": 0, "min": 0, "var": 0.0648417621851}, "spectral_centroid": {"dmean": 250.049423218, "dmean2": 384.123901367, "dvar": 97218.8984375, "dvar2": 198820.296875, "max": 11755.9804688, "mean": 1244.66577148, "median": 1113.13061523, "min": 188.049819946, "var": 779994.1875}, "spectral_complexity": {"dmean": 3.59544205666, "dmean2": 5.44278526306, "dvar": 26.7487106323, "dvar2": 54.7383956909, "max": 65, "mean": 15.8838596344, "median": 15, "min": 0, "var": 79.8552856445}, "spectral_contrast_coeffs": {"dmean": [0.0481695942581, 0.0504528768361, 0.0436139516532, 0.0359695293009, 0.0248920619488, 0.0183850452304], "dmean2": [0.0798089504242, 0.0825822800398, 0.0695871561766, 0.0561348460615, 0.039464533329, 0.0291883610189], "dvar": [0.00189485761803, 0.00186327355914, 0.00138139154296, 0.00098911114037, 0.000501725648064, 0.00032636304968], "dvar2": [0.00503072189167, 0.00497927283868, 0.00325951073319, 0.00220362120308, 0.00117403420154, 0.000780784641393], "max": [-0.254202902317, -0.365420877934, -0.379801511765, -0.485116541386, -0.567544341087, -0.631374180317], "mean": [-0.656240344048, -0.721510648727, -0.742430210114, -0.748611867428, -0.791825056076, -0.795055031776], "median": [-0.663016200066, -0.728508472443, -0.751788377762, -0.753519892693, -0.793315708637, -0.79461312294], "min": [-0.984926640987, -0.982059657574, -0.976088285446, -0.970941722393, -0.968426644802, -0.963693380356], "var": [0.00679426826537, 0.00624476186931, 0.00637766206637, 0.00484684854746, 0.0025651040487, 0.00133297301363]}, "spectral_contrast_valleys": {"dmean": [0.459185749292, 0.39019921422, 0.419429600239, 0.384330540895, 0.379162609577, 0.443074196577], "dmean2": [0.729602992535, 0.63302218914, 0.651510238647, 0.581322193146, 0.558106303215, 0.549746334553], "dvar": [0.253646314144, 0.167955115438, 0.189322456717, 0.188381239772, 0.222719088197, 0.295060276985], "dvar2": [0.56430464983, 0.381541609764, 0.377925664186, 0.367201656103, 0.43263348937, 0.527445316315], "max": [-4.68323516846, -4.04302406311, -4.88685464859, -5.23402643204, -5.35078382492, -6.94519901276], "mean": [-7.32195949554, -7.01195859909, -7.78574085236, -8.2077922821, -8.15811538696, -10.0832309723], "median": [-6.98962211609, -6.83529949188, -7.58560562134, -7.95960950851, -7.96581745148, -9.9522228241], "min": [-28.0847854614, -27.9232749939, -27.7374382019, -27.6265125275, -27.4953479767, -27.407793045], "var": [3.25725078583, 2.88335156441, 2.83284926414, 2.81432056427, 2.84219956398, 3.08705592155]}, "spectral_decrease": {"dmean": 3.04818081887e-09, "dmean2": 4.7906763001e-09, "dvar": 3.0410216577e-17, "dvar2": 7.51520122458e-17, "max": 1.69683383936e-16, "mean": -6.79467593301e-09, "median": -4.89309304186e-09, "min": -6.84130014861e-08, "var": 4.05766832043e-17}, "spectral_energy": {"dmean": 0.0125810569152, "dmean2": 0.019600559026, "dvar": 0.000515129882842, "dvar2": 0.00126345595345, "max": 0.280995994806, "mean": 0.0279779676348, "median": 0.0200704038143, "min": 1.00074741965e-20, "var": 0.00070087320637}, "spectral_energyband_high": {"dmean": 0.00120809383225, "dmean2": 0.00173422473017, "dvar": 8.90033606993e-06, "dvar2": 2.02923820325e-05, "max": 0.0436459258199, "mean": 0.00159877643455, "median": 0.000276338018011, "min": 7.04686876841e-21, "var": 1.26937293317e-05}, "spectral_energyband_low": {"dmean": 0.0060474597849, "dmean2": 0.00993301626295, "dvar": 0.000222149465117, "dvar2": 0.00056064419914, "max": 0.173605725169, "mean": 0.0107361003757, "median": 0.007921744138, "min": 1.70778083457e-23, "var": 0.000203449060791}, "spectral_energyband_middle_high": {"dmean": 0.00204198784195, "dmean2": 0.00303617282771, "dvar": 1.51746062329e-05, "dvar2": 3.35650875058e-05, "max": 0.095052883029, "mean": 0.0050391741097, "median": 0.00252194236964, "min": 1.10889972974e-21, "var": 5.61517081223e-05}, "spectral_energyband_middle_low": {"dmean": 0.00588864507154, "dmean2": 0.00939365848899, "dvar": 0.000120252683701, "dvar2": 0.00030520229484, "max": 0.192584723234, "mean": 0.0112937567756, "median": 0.00686415890232, "min": 1.63689735928e-22, "var": 0.000179027119884}, "spectral_entropy": {"dmean": 0.22454854846, "dmean2": 0.318154633045, "dvar": 0.0691967383027, "dvar2": 0.122035250068, "max": 9.81928157806, "mean": 7.57218170166, "median": 7.6043510437, "min": 5.28493499756, "var": 0.347239434719}, "spectral_flux": {"dmean": 0.0313926264644, "dmean2": 0.0474602691829, "dvar": 0.00186980911531, "dvar2": 0.00397767219692, "max": 0.465665221214, "mean": 0.0815209373832, "median": 0.0638957843184, "min": 6.11289283081e-11, "var": 0.00400174222887}, "spectral_kurtosis": {"dmean": 1.73569047451, "dmean2": 2.65945672989, "dvar": 8.27725601196, "dvar2": 18.6565933228, "max": 58.6448974609, "mean": 4.7377705574, "median": 3.77062702179, "min": -1.49232125282, "var": 21.7076530457}, "spectral_rms": {"dmean": 0.000993486260995, "dmean2": 0.00148651609197, "dvar": 2.08489814213e-06, "dvar2": 4.80310200146e-06, "max": 0.0165572464466, "mean": 0.00472458917648, "median": 0.00442502927035, "min": 3.12464225501e-12, "var": 4.97383553011e-06}, "spectral_rolloff": {"dmean": 668.072509766, "dmean2": 1098.28979492, "dvar": 1879632.5, "dvar2": 4105063, "max": 20650.3417969, "mean": 1639.26623535, "median": 1012.06054688, "min": 86.1328125, "var": 5554412}, "spectral_skewness": {"dmean": 0.259472548962, "dmean2": 0.389452457428, "dvar": 0.114671349525, "dvar2": 0.244177311659, "max": 6.09105014801, "mean": 1.72483241558, "median": 1.65763366222, "min": -0.179628744721, "var": 0.447050243616}, "spectral_spread": {"dmean": 999012.5625, "dmean2": 1285061.625, "dvar": 1376453132290.0, "dvar2": 2472867004420.0, "max": 42670352, "mean": 6028375.5, "median": 5515199.5, "min": 1104562.5, "var": 9629060825090.0}, "s