{"lowlevel": {"average_loudness": 0.820466578007, "barkbands": {"dmean": [1.94904041564e-05, 0.000647738750558, 0.0021453127265, 0.00126289855689, 0.000459696457256, 0.000533969781827, 0.0004155014758, 0.000697269511875, 0.000246392679401, 0.000161141317221, 0.000109075212094, 0.000163692937349, 0.000155407629791, 0.000193018728169, 0.00020253873663, 0.000111680121336, 0.000134564863401, 0.000164241544553, 0.000306609348627, 0.000389844877645, 0.000304482149659, 0.000150373001816, 3.02313292195e-05, 1.65794772329e-05, 7.93098752183e-06, 9.18575040032e-07, 2.38648738105e-07], "dmean2": [3.30186885549e-05, 0.000971268455032, 0.00347616942599, 0.00188184669241, 0.000739570881706, 0.000831504468806, 0.000654320348985, 0.00104757829104, 0.000382813217584, 0.00024225244124, 0.00016903753567, 0.000247839838266, 0.000236905150814, 0.000300243787933, 0.000313282653224, 0.000173735417775, 0.000212245853618, 0.000267583702225, 0.00050095980987, 0.000618830963504, 0.000483321142383, 0.00023583919392, 4.4915756007e-05, 2.46492600127e-05, 1.19784899653e-05, 1.4379595541e-06, 4.04941488341e-07], "dvar": [9.51604794963e-10, 1.0811845641e-06, 1.02217327367e-05, 3.79678363061e-06, 5.07652032411e-07, 1.07341520561e-06, 8.17197815195e-07, 3.14783505928e-06, 4.50585531553e-07, 2.2023806423e-07, 7.8285502525e-08, 2.02902441515e-07, 1.86551588399e-07, 2.36855086655e-07, 2.46067600074e-07, 4.85721933785e-08, 5.98061973278e-08, 7.89845344684e-08, 2.2092855545e-07, 3.15298109399e-07, 1.7753659165e-07, 5.12686924026e-08, 2.45548581468e-09, 1.17077125772e-09, 3.63530844316e-10, 8.89857198344e-12, 2.57021888581e-13], "dvar2": [2.77878831056e-09, 2.44505235969e-06, 2.59302178165e-05, 8.57451050251e-06, 1.34913852889e-06, 2.33077480516e-06, 1.83468659998e-06, 6.91689228915e-06, 1.00036152162e-06, 5.15285080382e-07, 1.75861629259e-07, 4.69252455559e-07, 4.06257413488e-07, 5.48404386791e-07, 5.57321413908e-07, 1.05916186044e-07, 1.42507403211e-07, 2.0480491969e-07, 5.9437809341e-07, 7.80220489105e-07, 4.34046285136e-07, 1.19941404364e-07, 5.10994135894e-09, 2.70239319811e-09, 8.90624296535e-10, 2.05954437532e-11, 7.11418066384e-13], "max": [0.000358870136552, 0.0152173358947, 0.0325003527105, 0.0224613547325, 0.00787098798901, 0.0140238758177, 0.0194221381098, 0.0423159338534, 0.0160564836115, 0.0131085347384, 0.00773191219196, 0.0136536676437, 0.00962298829108, 0.0090208305046, 0.0102981422096, 0.00763282738626, 0.00526305567473, 0.00944289099425, 0.00928182061762, 0.011002888903, 0.00613582041115, 0.00343075580895, 0.000876825710293, 0.00141485547647, 0.00041316068382, 9.06920176931e-05, 8.62172964844e-06], "mean": [2.52959398495e-05, 0.00125740282238, 0.00414627371356, 0.00195011217147, 0.000811605132185, 0.000796714331955, 0.000687600229867, 0.00135763245635, 0.000426281767432, 0.000290163909085, 0.000199980204343, 0.000322133913869, 0.000243070040597, 0.000318301666994, 0.000370847876184, 0.000229080600548, 0.000276884093182, 0.00037489659735, 0.000808130891528, 0.00106431287713, 0.000779420370236, 0.000395661394577, 7.03862460796e-05, 3.39602665917e-05, 1.07409568955e-05, 1.39903499985e-06, 3.9593294332e-07], "median": [1.18889111036e-05, 0.00051853939658, 0.00176944676787, 0.000733204360586, 0.000535525323357, 0.000325431145029, 0.000180582690518, 0.00023037797655, 0.000111479137558, 8.17443578853e-05, 4.87132783746e-05, 7.26121506887e-05, 4.78451765957e-05, 8.48830823088e-05, 9.04753542272e-05, 0.000122005418234, 0.000129269683384, 0.000254594226135, 0.000511301623192, 0.000697612704244, 0.000546915864106, 0.0002551075886, 4.21538970841e-05, 1.71470801433e-05, 2.98525833387e-06, 4.93045490657e-07, 2.22289870067e-07], "min": [2.37684678212e-25, 2.37660894055e-24, 1.15051753988e-24, 4.20414495449e-25, 8.39871096821e-24, 7.75984328665e-24, 8.49913927234e-24, 9.02833398883e-24, 3.40773396015e-23, 7.25319342597e-24, 2.41550755346e-23, 2.25039060407e-23, 2.61403654872e-23, 4.16650076847e-23, 5.84821590323e-23, 3.88711779028e-23, 8.56515131066e-23, 9.08986498166e-23, 1.028551495e-22, 1.61511684658e-22, 2.91293439954e-22, 3.55137227813e-22, 4.32847701016e-22, 6.50342534332e-22, 9.07590605639e-22, 1.32421387384e-21, 2.07494581198e-21], "var": [1.22125398683e-09, 3.20729213854e-06, 2.98401209875e-05, 8.21410048957e-06, 8.92545301667e-07, 1.75130230673e-06, 2.3352874905e-06, 1.13292098831e-05, 1.26780844312e-06, 5.77170226279e-07, 3.04617401525e-07, 7.12770599876e-07, 3.90693315921e-07, 4.69307252615e-07, 6.59365582578e-07, 1.33372438427e-07, 1.73703071482e-07, 2.16819699972e-07, 7.99593237844e-07, 1.37547681334e-06, 6.34474247363e-07, 1.85926182894e-07, 7.70734587263e-09, 3.43457107199e-09, 5.0564935572e-10, 1.66068044732e-11, 2.93487592085e-13]}, "barkbands_crest": {"dmean": 2.26424980164, "dmean2": 3.53836297989, "dvar": 4.88465452194, "dvar2": 11.5330028534, "max": 26.9254360199, "mean": 9.58678913116, "median": 8.32595443726, "min": 2.41174030304, "var": 22.5441017151}, "barkbands_flatness_db": {"dmean": 0.0188835803419, "dmean2": 0.0278119035065, "dvar": 0.000399277982069, "dvar2": 0.000836727092974, "max": 0.576478779316, "mean": 0.132073625922, "median": 0.117337830365, "min": 0.0298221427947, "var": 0.00351502583362}, "barkbands_kurtosis": {"dmean": 5.21493339539, "dmean2": 7.85261249542, "dvar": 1820.41052246, "dvar2": 4104.82470703, "max": 3478.1796875, "mean": 14.4607944489, "median": -0.418370723724, "min": -1.92679941654, "var": 23569.6816406}, "barkbands_skewness": {"dmean": 0.592546403408, "dmean2": 0.86947619915, "dvar": 0.651686608791, "dvar2": 1.32338202, "max": 57.8439178467, "mean": 1.36634194851, "median": 0.804091155529, "min": -3.68814539909, "var": 12.5260267258}, "barkbands_spread": {"dmean": 6.95877313614, "dmean2": 10.7484521866, "dvar": 46.2029762268, "dvar2": 104.211021423, "max": 98.1556243896, "mean": 36.1228713989, "median": 37.0673599243, "min": 0.163932397962, "var": 279.757019043}, "dissonance": {"dmean": 0.00905574858189, "dmean2": 0.0149631667882, "dvar": 9.14921547519e-05, "dvar2": 0.000244435534114, "max": 0.500000059605, "mean": 0.479616641998, "median": 0.484796673059, "min": 0.363296091557, "var": 0.000317468540743}, "dynamic_complexity": 4.11485338211, "erbbands": {"dmean": [0.01037538331, 0.196612820029, 1.78592169285, 4.34811592102, 1.60294532776, 1.68948245049, 3.1559419632, 4.86533164978, 5.45709323883, 7.6445684433, 15.8145885468, 5.36097669601, 4.9107298851, 5.16208124161, 4.44105577469, 6.37948799133, 5.81337881088, 8.11986446381, 12.1860809326, 7.11875867844, 5.33184242249, 7.01810073853, 9.37664604187, 10.6927833557, 16.6276493073, 13.2980461121, 17.8491439819, 9.3789024353, 6.18046998978, 2.17341136932, 0.722274363041, 0.453902125359, 0.195382803679, 0.106729708612, 0.0465028248727, 0.0071489517577, 0.00125506694894, 0.000210710335523, 4.26217884524e-05, 7.0740911724e-06], "dmean2": [0.0147994058207, 0.301683545113, 2.87365651131, 6.68768787384, 2.4643676281, 2.79103112221, 5.08603477478, 7.68714857101, 8.82326221466, 11.7239685059, 23.5579090118, 8.31831264496, 7.53187942505, 7.58142518997, 6.77084779739, 9.56679058075, 8.82817554474, 12.4170207977, 18.3775024414, 10.8732233047, 8.31032752991, 11.0239639282, 15.3699569702, 17.0684547424, 27.3236694336, 20.8608322144, 28.633398056, 14.7407979965, 9.74224853516, 3.32585263252, 1.05586802959, 0.676053345203, 0.284088492393, 0.1605335325, 0.0711061656475, 0.0109766768292, 0.00197816640139, 0.000340391270583, 7.20468306099e-05, 1.06586012407e-05], "dvar": [0.000265657028649, 0.0916672870517, 6.48644018173, 44.3354492188, 5.54481649399, 8.16053199768, 31.4031925201, 92.895614624, 131.692382812, 255.121170044, 1832.10571289, 196.031295776, 185.966217041, 192.155487061, 119.643005371, 375.861877441, 290.287689209, 452.748718262, 1025.65014648, 271.023132324, 84.2338256836, 144.078262329, 221.604049683, 249.40007019, 586.224975586, 334.194122314, 603.528137207, 218.691223145, 90.4899139404, 11.0272893906, 1.44992351532, 0.79899930954, 0.171695709229, 0.0634038671851, 0.0132203912362, 0.000446895603091, 1.84278178494e-05, 1.99738337869e-07, 8.19587597789e-09, 7.76710293304e-11], "dvar2": [0.000546531751752, 0.211171358824, 16.0109386444, 111.070907593, 13.7896146774, 22.3586215973, 78.2845916748, 210.847991943, 311.153289795, 567.65625, 3924.55249023, 453.957885742, 391.968261719, 441.431915283, 272.561798096, 909.848571777, 645.016174316, 1026.02172852, 2295.06860352, 615.782470703, 196.698196411, 352.027679443, 581.873718262, 622.332580566, 1599.07678223, 790.511474609, 1527.00744629, 519.860595703, 215.449081421, 24.5374069214, 2.98663830757, 1.89115536213, 0.374380975962, 0.156284034252, 0.0322768613696, 0.00103832909372, 4.43075914518e-05, 4.82844768612e-07, 2.29455849876e-08, 1.91723234511e-10], "max": [0.217937335372, 4.24675416946, 24.5522499084, 62.8732147217, 36.8996009827, 39.9802436829, 79.7845611572, 139.595672607, 231.023483276, 385.605133057, 1068.3704834, 318.715118408, 561.092468262, 437.063079834, 373.159484863, 705.661071777, 501.859741211, 516.750732422, 668.635620117, 429.217926025, 302.682983398, 287.826965332, 426.752380371, 334.373809814, 396.280609131, 340.61416626, 378.924346924, 206.420440674, 181.562957764, 46.4869537354, 26.1764240265, 36.0309448242, 15.4464550018, 5.48217058182, 2.18774676323, 0.610890805721, 0.163173153996, 0.0108571313322, 0.00160340091679, 0.000143794823089], "mean": [0.01980432868, 0.389854341745, 3.63452219963, 7.37039375305, 2.85674715042, 2.6463830471, 4.78629398346, 6.95058965683, 9.12408828735, 14.8300199509, 32.2885475159, 9.95357227325, 9.34493160248, 9.8215637207, 9.21509742737, 13.343837738, 10.1732301712, 15.4103689194, 22.9287757874, 14.5374689102, 12.1493587494, 16.0284824371, 22.1585235596, 28.4309158325, 47.2626876831, 39.4624443054, 47.9121780396, 23.6945590973, 15.9373340607, 5.61868619919, 1.73751056194, 0.980174660683, 0.378365576267, 0.154841944575, 0.0602215342224, 0.0104167079553, 0.00202956190333, 0.000390725152101, 8.01860733191e-05, 2.75462643913e-05], "median": [0.00990970525891, 0.210537180305, 1.78646624088, 2.9000082016, 1.73093497753, 1.53986012936, 2.464397192, 2.46682405472, 3.46856665611, 4.11805009842, 5.28938627243, 3.17517781258, 3.12711668015, 2.96498394012, 2.88633108139, 3.22550845146, 2.40423083305, 4.41259336472, 4.37202882767, 5.4175786972, 6.99418258667, 8.67170143127, 15.2698135376, 18.5999202728, 30.6668148041, 28.1880664825, 34.064868927, 15.4537162781, 10.6807441711, 3.40505599976, 1.03588676453, 0.53377187252, 0.173681482673, 0.0497412607074, 0.0150058493018, 0.00297334720381, 0.000809972349089, 0.000222172398935, 5.14764178661e-05, 2.58648797171e-05], "min": [7.89624143924e-23, 4.15561221606e-22, 1.31154605512e-21, 3.1533195277e-21, 2.11184735693e-20, 2.78538983357e-20, 2.70171211356e-20, 9.76297689424e-20, 1.07729534362e-19, 2.12788024977e-19, 4.21422259111e-19, 7.26172036991e-19, 9.62275336605e-19, 8.73185296296e-19, 1.51651529834e-18, 1.31123305854e-18, 1.53827087223e-18, 2.84586009677e-18, 2.77410073107e-18, 2.95499479128e-18, 2.63765563467e-18, 5.41168316025e-18, 5.85946787228e-18, 5.65541440928e-18, 5.94919753e-18, 8.32764577996e-18, 9.44640590408e-18, 1.23589344835e-17, 1.02105181308e-17, 1.08242977259e-17, 1.07545093248e-17, 1.27838182867e-17, 1.06750280213e-17, 7.23436778179e-18, 6.84748465596e-18, 3.87921651098e-18, 2.1710353997e-18, 9.11864675329e-19, 2.70529496884e-19, 2.88976096295e-20], "var": [0.000677699514199, 0.262946337461, 19.8227863312, 91.9760131836, 11.7920236588, 12.0801200867, 49.3781890869, 141.333435059, 273.636962891, 938.152038574, 7054.49609375, 485.14630127, 687.996032715, 478.385772705, 479.389221191, 1324.8137207, 605.812316895, 1032.48095703, 2802.53442383, 787.296203613, 261.407806396, 459.140380859, 667.354125977, 976.97479248, 2623.80297852, 1608.41809082, 2444.74462891, 678.972106934, 295.647033691, 41.3554534912, 4.81032276154, 2.30227136612, 0.537892460823, 0.0966635197401, 0.0175717063248, 0.000830404809676, 3.18893398799e-05, 3.66764425053e-07, 9.19594445037e-09, 3.27381094456e-10]}, "erbbands_crest": {"dmean": 2.07522583008, "dmean2": 3.3119597435, "dvar": 4.02467727661, "dvar2": 9.76521682739, "max": 28.3028392792, "mean": 8.46351146698, "median": 7.73136615753, "min": 2.37991857529, "var": 11.8190526962}, "erbbands_flatness_db": {"dmean": 0.0126059511676, "dmean2": 0.0186540186405, "dvar": 0.000145090758451, "dvar2": 0.000288110168185, "max": 0.309419929981, "mean": 0.169382631779, "median": 0.169698923826, "min": 0.0168099123985, "var": 0.00108266668394}, "erbbands_kurtosis": {"dmean": 1.05429327488, "dmean2": 1.64016497135, "dvar": 2.40085339546, "dvar2": 5.36719369888, "max": 28.656867981, "mean": 0.701130628586, "median": -0.247768878937, "min": -1.90138053894, "var": 8.37585830688}, "erbbands_skewness": {"dmean": 0.35037446022, "dmean2": 0.52293998003, "dvar": 0.10990165174, "dvar2": 0.238715872169, "max": 3.97204947472, "mean": -0.669135332108, "median": -0.667676329613, "min": -4.09567213058, "var": 1.02665996552}, "erbbands_spread": {"dmean": 8.73576259613, "dmean2": 13.2437858582, "dvar": 73.3982925415, "dvar2": 160.284133911, "max": 206.559692383, "mean": 47.1587867737, "median": 45.186756134, "min": 3.91001749039, "var": 439.993865967}, "gfcc": {"cov": [[22885.9160156, 1708.78100586, -3340.87548828, 1405.05297852, -1797.9005127, 52.0621452332, -528.474487305, -37.9355926514, -152.002670288, -170.624053955, -137.758804321, -611.397094727, -293.744781494], [1708.78100586, 888.467407227, 9.0704240799, 78.5250244141, 91.401260376, -59.5957946777, 12.3374195099, -98.9975738525, -42.4137802124, -106.49571991, -67.3865203857, -78.716545105, -24.0429859161], [-3340.87548828, 9.0704240799, 1079.5032959, -84.4974136353, 413.022094727, -20.4404602051, 55.8214378357, -23.9921188354, -90.6069335938, 2.28135442734, -62.4633216858, 111.982658386, 66.9144668579], [1405.05297852, 78.5250244141, -84.4974136353, 492.121368408, -98.7136154175, -39.494102478, 9.69211673737, -11.8090114594, 9.41250133514, -18.1567955017, 5.38379526138, -45.5597724915, 12.541217804], [-1797.9005127, 91.401260376, 413.022094727, -98.7136154175, 407.599151611, 20.0223579407, 59.861831665, -28.7665100098, -2.67935085297, -7.42475700378, -50.8476409912, 40.426651001, 12.3700914383], [52.0621452332, -59.5957946777, -20.4404602051, -39.494102478, 20.0223579407, 171.802688599, 18.8465156555, 44.9355430603, -6.12361764908, 12.7865562439, 18.6535758972, -14.2922344208, -7.84457874298], [-528.474487305, 12.3374195099, 55.8214378357, 9.69211673737, 59.861831665, 18.8465156555, 179.187133789, 31.915807724, 16.2769069672, -7.5476732254, 28.8158588409, 23.4061908722, -16.3990573883], [-37.9355926514, -98.9975738525, -23.9921188354, -11.8090114594, -28.7665100098, 44.9355430603, 31.915807724, 116.348831177, 51.4990730286, 30.5946540833, 23.9799690247, -12.6279993057, -13.7120037079], [-152.002670288, -42.4137802124, -90.6069335938, 9.41250133514, -2.67935085297, -6.12361764908, 16.2769069672, 51.4990730286, 133.755477905, 47.5876197815, 22.2059688568, -24.0860176086, -2.30790281296], [-170.624053955, -106.49571991, 2.28135442734, -18.1567955017, -7.42475700378, 12.7865562439, -7.5476732254, 30.5946540833, 47.5876197815, 89.3479766846, 31.6054229736, 18.6228752136, 8.02933311462], [-137.758804321, -67.3865203857, -62.4633216858, 5.38379526138, -50.8476409912, 18.6535758972, 28.8158588409, 23.9799690247, 22.2059688568, 31.6054229736, 94.3755111694, 29.3967323303, 1.43716108799], [-611.397094727, -78.716545105, 111.982658386, -45.5597724915, 40.426651001, -14.2922344208, 23.4061908722, -12.6279993057, -24.0860176086, 18.6228752136, 29.3967323303, 106.846260071, 53.7369384766], [-293.744781494, -24.0429859161, 66.9144668579, 12.541217804, 12.3700914383, -7.84457874298, -16.3990573883, -13.7120037079, -2.30790281296, 8.02933311462, 1.43716108799, 53.7369384766, 93.6528015137]], "icov": [[0.000371319125406, -0.000881931686308, 0.000943923543673, -0.000855600694194, 0.000783925876021, -0.000546679482795, 0.000664470309857, -0.000788020144682, 0.00102474854793, -0.00102878117468, 0.00148782180622, -0.000910621427465, 0.000843154499307], [-0.000881931686308, 0.00367697817273, -0.00215098191984, 0.00196529948153, -0.00238402490504, 0.00176749599632, -0.00196086685173, 0.00281828315929, -0.00221953121945, 0.00350849959068, -0.00376146426424, 0.00384700321592, -0.00252146902494], [0.000943923543673, -0.00215098191984, 0.00439465045929, -0.00230355048552, -8.55747057358e-05, -0.000536805600859, 0.00154766661581, -0.00322551676072, 0.00468879612163, -0.00357606145553, 0.00417467392981, -0.00259858043864, 0.00119114981499], [-0.000855600694194, 0.00196529948153, -0.00230355048552, 0.00444440729916, -0.00120869034436, 0.00189979432616, -0.00231791776605, 0.00220313807949, -0.00215763528831, 0.00235559442081, -0.00409327028319, 0.00437995279208, -0.00359837152064], [0.000783925876021, -0.00238402490504, -8.55747057358e-05, -0.00120869034436, 0.00744796218351, -0.00324118416756, 0.00025026264484, 0.00082869513426, -0.00132938206661, -0.00157820549794, 0.00595143064857, -0.00430847983807, 0.00346305011772], [-0.000546679482795, 0.00176749599632, -0.000536805600859, 0.00189979432616, -0.00324118416756, 0.00914840213954, -0.00173883244861, -0.00247876648791, 0.00282808812335, -0.000114917886094, -0.00484406482428, 0.00604670634493, -0.00392042845488], [0.000664470309857, -0.00196086685173, 0.00154766661581, -0.00231791776605, 0.00025026264484, -0.00173883244861, 0.00926136784256, -0.00372003018856, 1.63001404871e-05, 0.00129772059154, 0.000664383871481, -0.00595963746309, 0.00498218880966], [-0.000788020144682, 0.00281828315929, -0.00322551676072, 0.00220313807949, 0.00082869513426, -0.00247876648791, -0.00372003018856, 0.0164680536836, -0.00782656483352, 0.00152638147119, -0.00309870881028, 0.00296204769984, -0.000271650933428], [0.00102474854793, -0.00221953121945, 0.00468879612163, -0.00215763528831, -0.00132938206661, 0.00282808812335, 1.63001404871e-05, -0.00782656483352, 0.0188523232937, -0.0104456525296, 0.00120834528934, 0.00560493580997, -0.00302187539637], [-0.00102878117468, 0.00350849959068, -0.00357606145553, 0.00235559442081, -0.00157820549794, -0.000114917886094, 0.00129772059154, 0.00152638147119, -0.0104456525296, 0.0220925118774, -0.00738831376657, -0.00211207172833, -0.000263153662672], [0.00148782180622, -0.00376146426424, 0.00417467392981, -0.00409327028319, 0.00595143064857, -0.00484406482428, 0.000664383871481, -0.00309870881028, 0.00120834528934, -0.00738831376657, 0.0237540919334, -0.0123459659517, 0.00711976457387], [-0.000910621427465, 0.00384700321592, -0.00259858043864, 0.00437995279208, -0.00430847983807, 0.00604670634493, -0.00595963746309, 0.00296204769984, 0.00560493580997, -0.00211207172833, -0.0123459659517, 0.0288264844567, -0.0161643903702], [0.000843154499307, -0.00252146902494, 0.00119114981499, -0.00359837152064, 0.00346305011772, -0.00392042845488, 0.00498218880966, -0.000271650933428, -0.00302187539637, -0.000263153662672, 0.00711976457387, -0.0161643903702, 0.021466402337]], "mean": [-49.4359054565, 82.0486068726, -133.554580688, 68.6913452148, -61.2399139404, -3.54863190651, -17.1235084534, -2.50045657158, -18.7638893127, 0.963343143463, -15.3616065979, -9.96765232086, -11.1783905029]}, "hfc": {"dmean": 4.50164079666, "dmean2": 6.37125205994, "dvar": 33.630355835, "dvar2": 64.7264022827, "max": 96.013343811, "mean": 21.3466682434, "median": 18.2337760925, "min": 1.07387895844e-16, "var": 323.036560059}, "melbands": {"dmean": [0.000125655147713, 0.000708754407242, 0.000629529298749, 9.69777102e-05, 0.000103633858089, 0.000107311294414, 8.39389394969e-05, 0.000100417069916, 0.000111747940537, 3.34650285367e-05, 2.53172111115e-05, 2.19302655751e-05, 1.45050480569e-05, 2.07229313673e-05, 1.26604281832e-05, 1.63024560607e-05, 1.56223322847e-05, 2.23049719352e-05, 1.17719946502e-05, 8.15735347715e-06, 6.76371064401e-06, 7.13043118594e-06, 8.52556513564e-06, 8.97606423678e-06, 9.39808069234e-06, 1.51003378051e-05, 1.32604691316e-05, 1.03023894553e-05, 1.44767464008e-05, 8.74513989402e-06, 5.45408374819e-06, 4.22247194365e-06, 2.55361919699e-06, 9.22148899463e-07, 4.76016452922e-07, 2.96595629834e-07, 3.00044860069e-07, 1.61234282814e-07, 8.34488957935e-08, 1.06206250905e-07], "dmean2": [0.000186937657418, 0.00112973991781, 0.000964780570939, 0.000159112329129, 0.000166033089045, 0.000168609272805, 0.000134068846819, 0.000153430737555, 0.000166482874192, 5.24108290847e-05, 3.89007545891e-05, 3.24279208144e-05, 2.24412706302e-05, 3.07088303089e-05, 1.93162450159e-05, 2.4791501346e-05, 2.4087019483e-05, 3.38932877639e-05, 1.81706654985e-05, 1.27985967993e-05, 1.07115893115e-05, 1.13135574793e-05, 1.36284988912e-05, 1.49347442857e-05, 1.50309015226e-05, 2.49256154348e-05, 2.1509542421e-05, 1.62518081197e-05, 2.3399694328e-05, 1.41487935252e-05, 8.58942075865e-06, 6.72732221574e-06, 4.11518749388e-06, 1.4162487787e-06, 7.17472516953e-07, 4.49111070111e-07, 4.5970557494e-07, 2.39837191884e-07, 1.26165389247e-07, 1.64593501495e-07], "dvar": [4.00475705931e-08, 9.63954789768e-07, 8.5094637825e-07, 2.52708716175e-08, 3.05835925474e-08, 4.46669758958e-08, 3.0898565484e-08, 4.32916564819e-08, 8.7077836497e-08, 8.42431724379e-09, 4.85740159206e-09, 3.78492881481e-09, 1.38023659169e-09, 3.16420911695e-09, 1.50381440633e-09, 2.28791607881e-09, 1.83029658096e-09, 3.57340201873e-09, 7.93616450334e-10, 3.44489242687e-10, 1.56834253917e-10, 1.52151527488e-10, 2.21195770034e-10, 2.5365839984e-10, 2.0241623655e-10, 5.9382782025e-10, 3.94579785512e-10, 2.18780576988e-10, 4.43052761145e-10, 1.63340146964e-10, 7.68581795429e-11, 4.20028803405e-11, 1.53531336949e-11, 2.319853077e-12, 6.35283926159e-13, 2.77303218365e-13, 4.29897084727e-13, 1.20676567155e-13, 3.8074463016e-14, 8.29143272595e-14], "dvar2": [9.02965524574e-08, 2.38091070059e-06, 2.11665133065e-06, 6.95369735126e-08, 7.68126255934e-08, 9.89338104773e-08, 7.02247362483e-08, 1.00468014352e-07, 1.86164172078e-07, 1.99060501416e-08, 1.04056239181e-08, 8.91310758533e-09, 3.1348186269e-09, 6.72837741078e-09, 3.43216055576e-09, 4.96938667993e-09, 4.17592849189e-09, 8.05526845227e-09, 1.80042936115e-09, 7.71503805286e-10, 3.69573260883e-10, 3.7955444343e-10, 5.32375310502e-10, 6.77014000416e-10, 5.07988984211e-10, 1.63150837285e-09, 1.0600796907e-09, 5.1779186494e-10, 1.1407417233e-09, 4.33640123809e-10, 1.85498019722e-10, 1.02548039504e-10, 3.92979503105e-11, 5.1124660061e-12, 1.38449809343e-12, 6.44539434845e-13, 1.06626664963e-12, 2.64905285208e-13, 9.2879080349e-14, 2.11481046976e-13], "max": [0.00308845960535, 0.00898492801934, 0.00873489957303, 0.00177837046795, 0.00253907847218, 0.00305268936791, 0.00378093053587, 0.00387097126804, 0.00720158126205, 0.002149193082, 0.00270794751123, 0.00193928659428, 0.00109642208554, 0.00137000065297, 0.00128723436501, 0.00116803392302, 0.00116085400805, 0.00111991888843, 0.000662403122988, 0.000623567088041, 0.000477637309814, 0.000248031516094, 0.000339191348758, 0.000518474902492, 0.000250868994044, 0.000466663448606, 0.000277665967587, 0.000314652046654, 0.000377587013645, 0.000216452899622, 0.00013647909509, 0.000105808474473, 5.83477303735e-05, 2.0601459255e-05, 1.51511012518e-05, 1.39276571645e-05, 2.62321846094e-05, 1.27240527945e-05, 7.9080255091e-06, 7.07587150828e-06], "mean": [0.000246510404395, 0.00147292541806, 0.00112274079584, 0.000159330593306, 0.000163177974173, 0.0001556641364, 0.000145452984725, 0.000194055231987, 0.000230731064221, 5.57607490919e-05, 4.6736717195e-05, 4.00018652726e-05, 2.82708206214e-05, 4.05212085752e-05, 2.28930075536e-05, 2.59910284512e-05, 2.69158335868e-05, 3.91712746932e-05, 2.14377978409e-05, 1.59435694513e-05, 1.40942211146e-05, 1.52006196004e-05, 1.8871804059e-05, 1.95112206711e-05, 2.23229471885e-05, 3.55841730197e-05, 3.29193899233e-05, 2.53667894867e-05, 3.50279005943e-05, 1.9531662474e-05, 1.205843364e-05, 9.95043592411e-06, 5.78191475142e-06, 2.06224694921e-06, 1.03035063148e-06, 6.44471015221e-07, 5.7624481542e-07, 2.91277245879e-07, 1.45180209188e-07, 1.31900634415e-07], "median": [0.000115861243103, 0.000790102232713, 0.000543540518265, 0.000104532184196, 8.88551803655e-05, 5.62940331292e-05, 5.31379191671e-05, 5.04027520947e-05, 3.68268374586e-05, 1.59256178449e-05, 1.4530700355e-05, 1.08817630462e-05, 7.95758751337e-06, 9.1217489171e-06, 5.2783711908e-06, 5.15273904966e-06, 7.26646612748e-06, 6.15778571955e-06, 6.45065711069e-06, 7.28479017198e-06, 7.6037663348e-06, 7.54831762606e-06, 1.10682285595e-05, 1.29761720018e-05, 1.33916510094e-05, 2.21000846068e-05, 1.99234164029e-05, 1.73638982233e-05, 2.30042351177e-05, 1.27879065985e-05, 7.44925728213e-06, 6.63783657728e-06, 3.33748903358e-06, 1.19640480989e-06, 5.93333027155e-07, 3.48774165104e-07, 2.86541251171e-07, 1.27276024386e-07, 6.10859984818e-08, 3.31328884329e-08], "min": [1.47672217381e-24, 7.73908046763e-25, 5.89792940472e-25, 1.43057538858e-24, 1.07647959126e-24, 2.83248120527e-24, 1.79564522716e-24, 2.65951161889e-24, 2.84704436644e-24, 4.62966175297e-24, 3.62758594456e-24, 3.02261147457e-24, 4.40243234137e-24, 2.94216639769e-24, 3.62623265368e-24, 4.23767164156e-24, 4.69564089579e-24, 3.13740611907e-24, 4.77923254161e-24, 1.84984628223e-24, 2.5519340656e-24, 4.56273400491e-24, 2.93040191779e-24, 4.92751275381e-24, 3.7364645267e-24, 3.42787357906e-24, 4.60062417747e-24, 4.83356060329e-24, 4.09177181714e-24, 5.66402563822e-24, 5.7369570122e-24, 4.78497821001e-24, 6.0227605293e-24, 5.74575557231e-24, 5.26788138529e-24, 6.79355415321e-24, 7.53784283956e-24, 6.74602765025e-24, 5.18318493978e-24, 6.32563854627e-24], "var": [1.0767153924e-07, 2.90656316793e-06, 1.85406645414e-06, 3.61892737999e-08, 5.09695965434e-08, 7.07781211418e-08, 7.52035873575e-08, 1.44087778153e-07, 3.54673943548e-07, 1.77615788743e-08, 1.72738410242e-08, 9.22276033322e-09, 5.95132476633e-09, 1.12698188559e-08, 4.40477032626e-09, 4.67624294842e-09, 3.95786203811e-09, 9.14926978623e-09, 2.022483514e-09, 9.26017484915e-10, 4.12693934582e-10, 4.42361342001e-10, 6.76278699707e-10, 6.04396144244e-10, 6.88459733666e-10, 1.74594194657e-09, 1.43257727903e-09, 7.7163614387e-10, 1.52762269501e-09, 4.60575272365e-10, 2.01046415627e-10, 1.21423912591e-10, 4.71986512374e-11, 6.48807873746e-12, 1.78490284618e-12, 8.62972399703e-13, 9.61743705508e-13, 3.45209023042e-13, 9.11280870642e-14, 9.16670100828e-14]}, "melbands_crest": {"dmean": 3.46112060547, "dmean2": 5.43642044067, "dvar": 10.2282533646, "dvar2": 23.185918808, "max": 39.9805450439, "mean": 15.6010017395, "median": 15.2501878738, "min": 1.66335713863, "var": 44.1854400635}, "melbands_flatness_db": {"dmean": 0.0265072528273, "dmean2": 0.0385213978589, "dvar": 0.000717552204151, "dvar2": 0.0014996950049, "max": 0.561724722385, "mean": 0.174462661147, "median": 0.157954141498, "min": 0.00419407431036, "var": 0.00696681486443}, "melbands_kurtosis": {"dmean": 13.7389011383, "dmean2": 20.7855854034, "dvar": 8101.76806641, "dvar2": 19067.7304688, "max": 7525.48242188, "mean": 38.9737625122, "median": 5.08277606964, "min": -1.87681472301, "var": 105563.945312}, "melbands_skewness": {"dmean": 0.857768893242, "dmean2": 1.2662191391, "dvar": 1.35766780376, "dvar2": 2.97550654411, "max": 82.7561187744, "mean": 3.2030107975, "median": 2.28342819214, "min": -2.00880169868, "var": 22.1227378845}, "melbands_spread": {"dmean": 12.2986440659, "dmean2": 18.7609367371, "dvar": 192.473114014, "dvar2": 425.721679688, "max": 166.275314331, "mean": 44.6360588074, "median": 38.4535598755, "min": 0.119077198207, "var": 1038.64099121}, "mfcc": {"cov": [[12510.8798828, 56.7427139282, -748.473999023, 345.245788574, -710.285339355, -130.234329224, -326.254150391, -48.6988945007, -201.068054199, 251.103790283, 144.223632812, 112.161399841, -120.042236328], [56.7427139282, 1043.08398438, 84.0643005371, 116.678222656, 139.218704224, 85.0179138184, 61.5427322388, 14.4873666763, 38.8538742065, -74.5348205566, -65.5395889282, -72.8920059204, -46.7156944275], [-748.473999023, 84.0643005371, 422.670715332, 139.602432251, 100.268684387, 28.2300395966, 74.2303848267, -10.3437929153, 35.4087371826, -64.909942627, -53.1887207031, -30.9180278778, 28.0683250427], [345.245788574, 116.678222656, 139.602432251, 454.510742188, 17.6934280396, 51.6759719849, 10.3856191635, 8.12076473236, 30.1207714081, -12.6195030212, -38.6085128784, -35.705493927, 27.5717811584], [-710.285339355, 139.218704224, 100.268684387, 17.6934280396, 238.468795776, 59.6181182861, 18.6286697388, -11.0705347061, 41.3713722229, -3.0779941082, -24.4433879852, -37.2573547363, -23.3404865265], [-130.234329224, 85.0179138184, 28.2300395966, 51.6759719849, 59.6181182861, 119.068313599, 54.1899871826, 14.1610469818, 15.067612648, -12.6509237289, -13.466542244, -7.70325374603, -15.8359327316], [-326.254150391, 61.5427322388, 74.2303848267, 10.3856191635, 18.6286697388, 54.1899871826, 141.476043701, 59.3927345276, 0.474457025528, -20.299659729, 6.89555692673, 6.59246444702, -6.31265354156], [-48.6988945007, 14.4873666763, -10.3437929153, 8.12076473236, -11.0705347061, 14.1610469818, 59.3927345276, 89.6846008301, 17.5719985962, 15.5830230713, 13.8036842346, 8.64351177216, -4.20747947693], [-201.068054199, 38.8538742065, 35.4087371826, 30.1207714081, 41.3713722229, 15.067612648, 0.474457025528, 17.5719985962, 87.176361084, 33.6753730774, -4.69101428986, -8.53401088715, 6.01806974411], [251.103790283, -74.5348205566, -64.909942627, -12.6195030212, -3.0779941082, -12.6509237289, -20.299659729, 15.5830230713, 33.6753730774, 113.552444458, 58.6099662781, 30.8247947693, -5.27360010147], [144.223632812, -65.5395889282, -53.1887207031, -38.6085128784, -24.4433879852, -13.466542244, 6.89555692673, 13.8036842346, -4.69101428986, 58.6099662781, 91.3403091431, 52.3485946655, 3.43594241142], [112.161399841, -72.8920059204, -30.9180278778, -35.705493927, -37.2573547363, -7.70325374603, 6.59246444702, 8.64351177216, -8.53401088715, 30.8247947693, 52.3485946655, 88.297164917, 29.6392993927], [-120.042236328, -46.7156944275, 28.0683250427, 27.5717811584, -23.3404865265, -15.8359327316, -6.31265354156, -4.20747947693, 6.01806974411, -5.27360010147, 3.43594241142, 29.6392993927, 75.3773117065]], "icov": [[0.000132669840241, -8.15669045551e-05, 7.59555332479e-05, -0.000168353493791, 0.0003866488114, -8.37807747303e-05, 0.00024847468012, 2.43713893724e-05, 0.000302854139591, -0.000363949278835, 9.85994338407e-05, -0.000153516899445, 0.000324550201185], [-8.15669045551e-05, 0.00125436449889, 0.000181100112968, -0.000195845888811, -0.000749423692469, -2.92322201858e-05, -0.000516805157531, 1.87791974895e-05, -0.000887108733878, 0.00124506326392, -0.000117610870802, 0.000243329704972, 0.000438886403572], [7.59555332479e-05, 0.000181100112968, 0.00428530527279, -0.00128587335348, -0.00135777238756, 0.00183426344302, -0.00336518790573, 0.00235744379461, -0.00195401161909, 0.00174188253004, 0.000807816337328, -0.000407770246966, -0.000676089548506], [-0.000168353493791, -0.000195845888811, -0.00128587335348, 0.0032224569004, 0.000324579334119, -0.00183262047358, 0.000907367153559, -0.000953592883889, 6.1945647758e-05, -0.000713101762813, 0.000148600855027, 0.00178425433114, -0.00211433577351], [0.0003866488114, -0.000749423692469, -0.00135777238756, 0.000324579334119, 0.00756938336417, -0.00322394329123, 0.00134226318914, 0.00118087232113, -0.000733957567718, -0.00224812841043, 3.56584787369e-05, 0.00134716078173, 0.00175299483817], [-8.37807747303e-05, -2.92322201858e-05, 0.00183426344302, -0.00183262047358, -0.00322394329123, 0.0138879343867, -0.00652332091704, 0.00236910255626, -0.00254143308848, 0.00152116455138, 0.00215936661698, -0.00286630541086, 0.00267908070236], [0.00024847468012, -0.000516805157531, -0.00336518790573, 0.000907367153559, 0.00134226318914, -0.00652332091704, 0.0168730635196, -0.0105899088085, 0.00325328088365, 0.00213468074799, -0.00360857998021, -0.000436663132859, 0.00108952447772], [2.43713893724e-05, 1.87791974895e-05, 0.00235744379461, -0.000953592883889, 0.00118087232113, 0.00236910255626, -0.0105899088085, 0.019568707794, -0.00485205603763, -0.00175983621739, 0.000619297847152, -0.000569895259105, 0.00105034245644], [0.000302854139591, -0.000887108733878, -0.00195401161909, 6.1945647758e-05, -0.000733957567718, -0.00254143308848, 0.00325328088365, -0.00485205603763, 0.0196327324957, -0.0100798737258, 0.00413293205202, 0.00202499865554, -0.00337942736223], [-0.000363949278835, 0.00124506326392, 0.00174188253004, -0.000713101762813, -0.00224812841043, 0.00152116455138, 0.00213468074799, -0.00175983621739, -0.0100798737258, 0.0216900277883, -0.0117303002626, -0.00158636958804, 0.00298898410983], [9.85994338407e-05, -0.000117610870802, 0.000807816337328, 0.000148600855027, 3.56584787369e-05, 0.00215936661698, -0.00360857998021, 0.000619297847152, 0.00413293205202, -0.0117303002626, 0.0255832318217, -0.0107574751601, 0.00183918408584], [-0.000153516899445, 0.000243329704972, -0.000407770246966, 0.00178425433114, 0.00134716078173, -0.00286630541086, -0.000436663132859, -0.000569895259105, 0.00202499865554, -0.00158636958804, -0.0107574751601, 0.0230938121676, -0.00971097499132], [0.000324550201185, 0.000438886403572, -0.000676089548506, -0.00211433577351, 0.00175299483817, 0.00267908070236, 0.00108952447772, 0.00105034245644, -0.00337942736223, 0.00298898410983, 0.00183918408584, -0.00971097499132, 0.0205497033894]], "mean": [-670.272460938, 91.6487197876, -11.1689510345, 61.0071868896, -16.5620880127, 12.1472244263, 0.604133665562, -0.831823468208, 1.85838866234, 3.52854275703, -0.304888367653, 0.651742100716, -2.72010326385]}, "pitch_salience": {"dmean": 0.0748876556754, "dmean2": 0.116457119584, "dvar": 0.00521612819284, "dvar2": 0.0118842860684, "max": 0.985370576382, "mean": 0.518495500088, "median": 0.520769000053, "min": 0.00328572466969, "var": 0.0216528046876}, "silence_rate_20dB": {"dmean": 0, "dmean2": 0, "dvar": 0, "dvar2": 0, "max": 1, "mean": 1, "median": 1, "min": 1, "var": 0}, "silence_rate_30dB": {"dmean": 0, "dmean2": 0, "dvar": 0, "dvar2": 0, "max": 1, "mean": 1, "median": 1, "min": 1, "var": 0}, "silence_rate_60dB": {"dmean": 0.0362318828702, "dmean2": 0.0724757015705, "dvar": 0.0349186547101, "dvar2": 0.0738082751632, "max": 1, "mean": 0.153136834502, "median": 0, "min": 0, "var": 0.129676327109}, "spectral_centroid": {"dmean": 294.698547363, "dmean2": 446.462982178, "dvar": 97433.7734375, "dvar2": 202481.140625, "max": 11585.6337891, "mean": 2485.04272461, "median": 2540.18798828, "min": 155.195892334, "var": 1330742.25}, "spectral_complexity": {"dmean": 3.56554675102, "dmean2": 5.22648668289, "dvar": 16.1097888947, "dvar2": 29.4112663269, "max": 58, "mean": 20.9143753052, "median": 21, "min": 0, "var": 205.036758423}, "spectral_contrast_coeffs": {"dmean": [0.0519844517112, 0.0451577045023, 0.0343985557556, 0.0274499487132, 0.0200755577534, 0.0178868230432], "dmean2": [0.0836726427078, 0.0735995620489, 0.0564311034977, 0.044878564775, 0.033099424094, 0.0286689847708], "dvar": [0.00185847538523, 0.00129572069272, 0.000780752452556, 0.000527207914274, 0.000264020054601, 0.000308216665871], "dvar2": [0.00454649329185, 0.00338017684408, 0.00192734564189, 0.00130418187473, 0.000684172497131, 0.000715041242074], "max": [-0.305314749479, -0.441010773182, -0.4646243155, -0.544026613235, -0.632731378078, -0.545780420303], "mean": [-0.62515860796, -0.747938036919, -0.797682404518, -0.795574069023, -0.774357438087, -0.661965548992], "median": [-0.623326182365, -0.755164325237, -0.805639564991, -0.803977012634, -0.770647287369, -0.649733066559], "min": [-0.975208520889, -0.978876590729, -0.980201482773, -0.969011366367, -0.976626694202, -0.963745653629], "var": [0.0110299158841, 0.00626739440486, 0.0042112483643, 0.00329921464436, 0.00235635740682, 0.00373192853294]}, "spectral_contrast_valleys": {"dmean": [0.412417531013, 0.402921617031, 0.325775295496, 0.273099929094, 0.194574907422, 0.268797755241], "dmean2": [0.658652603626, 0.644517421722, 0.519453287125, 0.423974215984, 0.293354898691, 0.357941269875], "dvar": [0.145886078477, 0.168223902583, 0.121585018933, 0.101064376533, 0.0769864097238, 0.104413501918], "dvar2": [0.304304271936, 0.335422992706, 0.23445224762, 0.180105790496, 0.114278160036, 0.171936288476], "max": [-5.89737653732, -5.04312133789, -5.98502063751, -6.23703241348, -5.64007616043, -8.20518493652], "mean": [-8.10534954071, -7.42037630081, -8.07303714752, -8.2625617981, -7.38733100891, -10.8228540421], "median": [-7.72971963882, -7.01182508469, -7.72518348694, -7.86835050583, -6.88053560257, -10.4829912186], "min": [-28.1212387085, -28.1626720428, -27.8000907898, -27.6408500671, -27.525976181, -27.4537658691], "var": [4.15857696533, 4.58743476868, 4.10611438751, 4.08355808258, 4.54374885559, 3.3171877861]}, "spectral_decrease": {"dmean": 1.07845354869e-09, "dmean2": 1.5773899964e-09, "dvar": 1.50351067494e-18, "dvar2": 3.40380169175e-18, "max": 1.55100126142e-22, "mean": -4.05711242379e-09, "median": -3.78959486014e-09, "min": -1.39975515623e-08, "var": 8.36135587146e-18}, "spectral_energy": {"dmean": 0.00425282726064, "dmean2": 0.0061809537001, "dvar": 2.30043278862e-05, "dvar2": 5.03308292537e-05, "max": 0.0574636049569, "mean": 0.0172486472875, "median": 0.0163928568363, "min": 1.00559749301e-20, "var": 0.000146069898619}, "spectral_energyband_high": {"dmean": 0.000594636192545, "dmean2": 0.000892432057299, "dvar": 6.87599197136e-07, "dvar2": 1.47454750277e-06, "max": 0.0132443169132, "mean": 0.00191114621703, "median": 0.00135948893148, "min": 7.0681912874e-21, "var": 3.68673090634e-06}, "spectral_energyband_low": {"dmean": 0.00329745141789, "dmean2": 0.00508935702965, "dvar": 1.95346365217e-05, "dvar2": 4.97567270941e-05, "max": 0.0400855951011, "mean": 0.00695742480457, "median": 0.00450807251036, "min": 1.08911879957e-23, "var": 5.16070977028e-05}, "spectral_energyband_middle_high": {"dmean": 0.00097853585612, "dmean2": 0.00142148416489, "dvar": 1.65629262483e-06, "dvar2": 3.51738071913e-06, "max": 0.0243952535093, "mean": 0.00384294125251, "median": 0.00316113512963, "min": 1.12043895987e-21, "var": 1.31798742586e-05}, "spectral_energyband_middle_low": {"dmean": 0.00235148076899, "dmean2": 0.00344866863452, "dvar": 9.00551549421e-06, "dvar2": 2.02747542062e-05, "max": 0.0463689565659, "mean": 0.00610521156341, "median": 0.0044824834913, "min": 1.93572746272e-22, "var": 3.49384936271e-05}, "spectral_entropy": {"dmean": 0.104311935604, "dmean2": 0.152422651649, "dvar": 0.0141978738829, "dvar2": 0.0278483424336, "max": 9.82266044617, "mean": 7.69730854034, "median": 7.73743772507, "min": 5.54272127151, "var": 0.146622776985}, "spectral_flux": {"dmean": 0.0151462731883, "dmean2": 0.0238303821534, "dvar": 0.000249859818723, "dvar2": 0.000597076257691, "max": 0.176950365305, "mean": 0.0620763711631, "median": 0.0622865483165, "min": 6.25005186494e-11, "var": 0.00111555668991}, "spectral_kurtosis": {"dmean": 1.1454757452, "dmean2": 1.99505901337, "dvar": 1.43881845474, "dvar2": 4.22540092468, "max": 22.2818698883, "mean": 2.43559002876, "median": 1.93435811996, "min": -1.27024900913, "var": 3.78521609306}, "spectral_rms": {"dmean": 0.000509374483954, "dmean2": 0.000717102084309, "dvar": 2.82872633761e-07, "dvar2": 5.56739735202e-07, "max": 0.00748745957389, "mean": 0.00373364891857, "median": 0.00399912893772, "min": 3.132204782e-12, "var": 2.88786850433e-06}, "spectral_rolloff": {"dmean": 629.139221191, "dmean2": 1040.31835938, "dvar": 791748.5625, "dvar2": 1723242.5, "max": 20112.0117188, "mean": 2917.99511719, "median": 3337.64648438, "min": 21.533203125, "var": 4658310.5}, "spectral_skewness": {"dmean": 0.174115106463, "dmean2": 0.290391355753, "dvar": 0.0264657735825, "dvar2": 0.0727795436978, "max": 3.42598342896, "mean": 0.603500723839, "median": 0.504888415337, "min": -0.298507928848, "var": 0.21396908164}, "spectral_spread": {"dmean": 299480.4375, "dmean2": 464111.90625, "dvar": 400475979776, "dvar2": 743398047744, "max": 43081272, "mean": 4005592.5, "median": 3618687.25, "min": 1716771.75, "