{"lowlevel": {"average_loudness": 0.743162155151, "barkbands": {"dmean": [0.000791160971858, 0.00317484303378, 0.00189845554996, 0.000810026482213, 0.00184447143693, 0.0015171217965, 0.00126365514006, 0.000761954055633, 0.000808739918284, 0.000595778750721, 0.000330110051436, 0.000199873626116, 0.000223501672735, 0.00021075643599, 0.000185254102689, 0.000116231560241, 0.000122267170809, 0.000124827420223, 0.000110797831439, 8.55476246215e-05, 0.000119225282106, 0.000122150973766, 7.93618746684e-05, 2.99826315313e-05, 3.29078397954e-06, 3.10817013087e-05, 0.000495038402732], "dmean2": [0.00129337026738, 0.00519671244547, 0.00315597490408, 0.001389482175, 0.00297325127758, 0.0023951199837, 0.00208134646527, 0.00121074356139, 0.00130734324921, 0.000986995408311, 0.000530276214704, 0.000320274353726, 0.000366104563, 0.000341386970831, 0.000294745463179, 0.000183416705113, 0.000182380666956, 0.000179795068107, 0.000157055430464, 0.000118387164548, 0.000160422627232, 0.000164272918482, 0.000106602994492, 4.18293384428e-05, 5.20681987837e-06, 4.153455302e-05, 0.000678799813613], "dvar": [2.85796340904e-06, 3.15062607115e-05, 3.13730597554e-05, 3.46872730006e-06, 1.23944491861e-05, 1.36021508297e-05, 1.91990202438e-05, 6.31315879218e-06, 6.96177903592e-06, 3.68259748029e-06, 1.19754520256e-06, 1.95371143263e-07, 3.18921649978e-07, 3.6910071799e-07, 1.86691281101e-07, 5.40746292188e-08, 1.11138206194e-07, 1.3328902071e-07, 4.97830150437e-08, 2.04265191428e-08, 4.2837566383e-08, 4.99152186251e-08, 2.8236634364e-08, 5.34227329041e-09, 4.74294041541e-11, 4.58818405491e-09, 9.29724365051e-07], "dvar2": [6.98501662555e-06, 7.97704415163e-05, 7.74376167101e-05, 9.63084403338e-06, 3.19313621731e-05, 3.04727127514e-05, 5.26844996784e-05, 1.50223741002e-05, 1.72459785972e-05, 1.00687966551e-05, 3.00949750454e-06, 4.60043736439e-07, 8.81091125393e-07, 1.01985631318e-06, 4.73865554795e-07, 1.32257937935e-07, 1.97438382088e-07, 3.39153672257e-07, 1.02619132747e-07, 4.05428863814e-08, 8.23219039603e-08, 9.63582920122e-08, 5.41527462872e-08, 1.03744977054e-08, 1.05890095303e-10, 8.24904589081e-09, 1.92745255845e-06], "max": [0.0351119413972, 0.066298648715, 0.0813639685512, 0.0294554196298, 0.0595073625445, 0.149438545108, 0.172694653273, 0.110485449433, 0.101845882833, 0.06069258973, 0.0434207580984, 0.0175610557199, 0.0189138129354, 0.0179165378213, 0.0143479565158, 0.00541079835966, 0.0223694425076, 0.0208243783563, 0.00661899801344, 0.00217405194417, 0.0037943997886, 0.0028549360577, 0.00331919570453, 0.00158947170712, 0.00011041178368, 0.00107722531538, 0.0449390038848], "mean": [0.000983837293461, 0.00431967386976, 0.00189345760737, 0.000951356720179, 0.00288752210326, 0.00247081625275, 0.00197826698422, 0.00111343443859, 0.0013138698414, 0.000910756643862, 0.000477240653709, 0.000323477463098, 0.00036163761979, 0.000332410330884, 0.000320248975186, 0.000205380609259, 0.000197888497496, 0.000201257353183, 0.000179516166099, 0.000139740135637, 0.000183296127943, 0.000168119600858, 9.75582006504e-05, 3.25217515638e-05, 3.55780139216e-06, 3.7844558392e-05, 0.00113855872769], "median": [0.000307004869683, 0.00171042548027, 0.000485322845634, 0.000301249005133, 0.001223617699, 0.00068002496846, 0.0003839249257, 0.000179225229658, 0.0001954488107, 0.000149581028381, 0.000115679504233, 0.000120842189062, 0.000135504087666, 0.00011834767065, 0.000131222535856, 9.0941277449e-05, 8.12408616184e-05, 7.35731809982e-05, 6.45005784463e-05, 6.12600852037e-05, 6.99067823007e-05, 4.65106786578e-05, 1.76259854925e-05, 3.54465282726e-06, 1.04997229755e-06, 8.23470236355e-06, 0.000647172739264], "min": [3.20294488029e-25, 1.12295864471e-23, 3.14126305725e-24, 6.73603278258e-24, 1.11574380176e-23, 2.51755586234e-23, 1.65362726892e-23, 2.10306089037e-23, 4.01545378441e-23, 5.04695031805e-23, 3.51308822731e-23, 2.96523947476e-23, 2.93980123492e-23, 6.09541398758e-23, 4.65008007643e-23, 8.73690147585e-23, 5.97355706583e-23, 8.8074243786e-23, 1.29683141372e-22, 2.14878768606e-22, 2.77543531267e-22, 3.56639698604e-22, 4.38791244133e-22, 7.07475047019e-22, 9.37712318983e-22, 1.52071763596e-21, 2.01506084369e-21], "var": [3.53732662006e-06, 4.29709762102e-05, 2.84656271106e-05, 3.82366351914e-06, 2.27384953178e-05, 3.48665671481e-05, 3.24052052747e-05, 1.31200831675e-05, 1.70546227309e-05, 7.34658851798e-06, 1.68358781139e-06, 3.77137183705e-07, 5.51167033791e-07, 6.05579430157e-07, 3.45063313034e-07, 1.14162780562e-07, 2.76351812545e-07, 2.66700936891e-07, 1.07053317322e-07, 4.27921733603e-08, 8.19614243142e-08, 8.45787937465e-08, 4.1292938846e-08, 7.17913817283e-09, 5.4155676471e-11, 6.95079460655e-09, 2.82646897176e-06]}, "barkbands_crest": {"dmean": 2.88813996315, "dmean2": 4.75763368607, "dvar": 6.61925315857, "dvar2": 17.1674098969, "max": 24.1231079102, "mean": 9.55747890472, "median": 8.70207977295, "min": 2.67614293098, "var": 15.7869091034}, "barkbands_flatness_db": {"dmean": 0.024546680972, "dmean2": 0.0364831872284, "dvar": 0.000459076283732, "dvar2": 0.000990772619843, "max": 0.314842671156, "mean": 0.11528558284, "median": 0.108993776143, "min": 0.0192291140556, "var": 0.00204023509286}, "barkbands_kurtosis": {"dmean": 4.24391222, "dmean2": 6.44709205627, "dvar": 43.1880073547, "dvar2": 88.9809417725, "max": 195.794906616, "mean": 7.3153128624, "median": 3.89698076248, "min": -1.87146067619, "var": 129.887908936}, "barkbands_skewness": {"dmean": 0.645686507225, "dmean2": 0.970097005367, "dvar": 0.393141061068, "dvar2": 0.849769532681, "max": 12.2499856949, "mean": 2.12949371338, "median": 1.97504425049, "min": -2.12306237221, "var": 1.73058545589}, "barkbands_spread": {"dmean": 11.2092914581, "dmean2": 16.9365177155, "dvar": 125.115119934, "dvar2": 273.635009766, "max": 140.703125, "mean": 37.9714355469, "median": 34.2045059204, "min": 1.68711268902, "var": 493.81137085}, "dissonance": {"dmean": 0.0187393408269, "dmean2": 0.0314571559429, "dvar": 0.000377140444471, "dvar2": 0.00101046438795, "max": 0.500000059605, "mean": 0.467344224453, "median": 0.474853396416, "min": 0.176633805037, "var": 0.000729781400878}, "dynamic_complexity": 5.35830402374, "erbbands": {"dmean": [0.108004070818, 0.717675626278, 2.10585832596, 2.18158769608, 5.20039749146, 5.73178195953, 9.34332942963, 13.5938282013, 16.6706237793, 18.5875110626, 17.5255298615, 17.583158493, 20.9500408173, 14.6729373932, 11.5280303955, 7.92560958862, 10.5157518387, 10.7384786606, 8.70090579987, 7.84383821487, 6.2826333046, 6.30964517593, 6.65192651749, 6.35806655884, 4.6889796257, 4.24640274048, 4.55057621002, 4.90481185913, 4.41934633255, 3.25246858597, 2.22202944756, 0.872563719749, 0.387708336115, 0.0641600489616, 0.0186576396227, 0.0452539622784, 0.0635964423418, 0.0646886005998, 0.0332475826144, 0.0147256460041], "dmean2": [0.17595243454, 1.19034600258, 3.48633909225, 3.60272431374, 8.69800567627, 9.22344684601, 14.5425653458, 21.7698554993, 26.9710464478, 30.2347984314, 28.0973014832, 28.5594940186, 34.8079185486, 23.4541606903, 18.5277442932, 12.698513031, 17.225938797, 17.484577179, 13.8150014877, 12.3397922516, 9.64136695862, 9.26448154449, 9.64255332947, 9.17307472229, 6.60197782516, 5.85251665115, 6.2447180748, 6.61892127991, 5.9525384903, 4.44593191147, 3.0087287426, 1.19275975227, 0.553282678127, 0.0960962325335, 0.0292510055006, 0.0644369721413, 0.0844964236021, 0.0843128114939, 0.0416960082948, 0.0199627019465], "dvar": [0.0383979901671, 1.80453181267, 35.6904067993, 28.0145454407, 128.40763855, 138.543136597, 772.23046875, 1031.76452637, 2142.7355957, 4238.74414062, 3595.36108398, 3377.21435547, 6885.97265625, 3326.5949707, 994.915283203, 259.451446533, 673.329467773, 844.217163086, 495.812408447, 237.230834961, 153.601760864, 316.674835205, 502.121765137, 206.137374878, 83.0170440674, 52.6261100769, 58.8458900452, 77.0977706909, 62.5959205627, 44.4270629883, 24.3783950806, 4.11092615128, 1.03529989719, 0.0261264406145, 0.0011040790705, 0.0113247772679, 0.0185180250555, 0.0180839691311, 0.00395364081487, 0.000704821897671], "dvar2": [0.100656241179, 4.57271909714, 87.4203796387, 74.4227218628, 341.514038086, 345.216827393, 1577.37182617, 2559.30126953, 5763.23583984, 11277.3027344, 8996.65527344, 8602.109375, 17256.0957031, 8073.23046875, 2578.73022461, 628.65447998, 1874.81176758, 2287.14038086, 1326.62463379, 589.678833008, 354.329864502, 546.514953613, 1250.93701172, 462.841827393, 169.82321167, 105.419021606, 116.079200745, 149.348236084, 121.051673889, 89.0096511841, 48.2115974426, 8.0335187912, 2.05940580368, 0.0544722937047, 0.00249223574065, 0.0218824949116, 0.0334297455847, 0.0322974137962, 0.00676459865645, 0.00136891659349], "max": [2.25571370125, 16.6976394653, 84.0745162964, 96.208442688, 222.148361206, 198.10383606, 1437.44702148, 684.313537598, 1539.54589844, 1882.45239258, 2505.50366211, 1327.05957031, 3968.01098633, 2789.24145508, 747.78112793, 455.565826416, 779.473266602, 854.570617676, 678.142700195, 356.010986328, 308.202545166, 1202.90332031, 1540.19921875, 566.32232666, 184.130218506, 111.814216614, 117.973701477, 184.955627441, 95.7435302734, 116.977355957, 128.20980835, 58.0668106079, 20.1682376862, 2.91880559921, 0.547998487949, 2.21229600906, 1.93111288548, 3.58139228821, 2.31805729866, 1.35860109329], "mean": [0.148976951838, 0.881832003593, 2.19759583473, 2.71051669121, 7.11251020432, 8.73265075684, 13.7247180939, 21.4831428528, 27.4233913422, 27.8571796417, 26.5252590179, 28.6830387115, 34.3810005188, 23.038110733, 18.3193321228, 14.1742563248, 17.6023025513, 17.7543678284, 15.8424987793, 14.5843849182, 12.0565977097, 10.8470067978, 10.8701658249, 10.4197940826, 7.73054122925, 6.85665464401, 7.19485807419, 7.29992103577, 6.20551538467, 4.16819524765, 2.66461873055, 0.997342228889, 0.400006145239, 0.0680896118283, 0.0219666678458, 0.0494781583548, 0.0774488076568, 0.0891577228904, 0.0597503632307, 0.0435753464699], "median": [0.0529092699289, 0.314435482025, 0.648711800575, 0.978862285614, 2.55645990372, 3.58344912529, 3.63230705261, 5.89597272873, 6.73407173157, 4.4339632988, 4.66709089279, 4.72843074799, 4.76933383942, 4.78246212006, 5.55167102814, 5.90726900101, 7.03079414368, 6.77371788025, 6.56861448288, 7.05508613586, 5.635389328, 4.54481697083, 3.99943161011, 3.6496925354, 3.11305403709, 2.96329379082, 3.02076768875, 2.51255488396, 1.79276871681, 0.94844186306, 0.44938659668, 0.139890879393, 0.0324319563806, 0.0139577761292, 0.00828449148685, 0.00932235643268, 0.0168127380311, 0.0251819826663, 0.027249308303, 0.0302920062095], "min": [1.89168870316e-22, 2.11956529939e-21, 4.57641834032e-21, 1.63655196189e-20, 3.4465814697e-20, 1.92615080241e-20, 8.56715225571e-20, 2.6629166966e-19, 2.64723878056e-19, 4.42573319073e-19, 4.70755517639e-19, 1.19996413466e-18, 1.95158810551e-18, 1.56637691848e-18, 1.45633894275e-18, 1.99566752637e-18, 1.9045748818e-18, 3.30439340048e-18, 3.26290987917e-18, 3.88009373602e-18, 5.65677388062e-18, 3.91428566023e-18, 5.4093174237e-18, 5.99177541126e-18, 9.08850222382e-18, 1.02266555974e-17, 1.27588233701e-17, 1.3618985328e-17, 1.32695387423e-17, 1.50588693736e-17, 1.50868131891e-17, 1.58518278699e-17, 1.07964176033e-17, 8.24411708171e-18, 7.27995039663e-18, 4.27192671064e-18, 2.84712278798e-18, 1.06211686372e-18, 2.90013632815e-19, 3.05395049843e-20], "var": [0.0541107170284, 2.15146708488, 32.9451522827, 30.0695381165, 206.645629883, 240.850738525, 1856.72424316, 2278.69360352, 4075.32958984, 7464.68164062, 6945.31494141, 6703.17480469, 20092.3496094, 4647.44335938, 1750.09716797, 566.29083252, 1220.72595215, 1413.97570801, 977.027954102, 517.327758789, 370.473999023, 827.538269043, 1006.5682373, 441.392669678, 168.370147705, 105.860664368, 116.412475586, 140.666183472, 110.097557068, 64.4482650757, 33.7242507935, 5.61176967621, 1.32433855534, 0.0309396758676, 0.00144525629003, 0.0151487663388, 0.0282333120704, 0.0300400238484, 0.00886083953083, 0.00267119007185]}, "erbbands_crest": {"dmean": 2.44647049904, "dmean2": 3.96223831177, "dvar": 5.55682992935, "dvar2": 13.7370710373, "max": 28.3767910004, "mean": 7.81277370453, "median": 6.85054397583, "min": 2.04216623306, "var": 15.0597658157}, "erbbands_flatness_db": {"dmean": 0.020101826638, "dmean2": 0.0284349434078, "dvar": 0.000336453871569, "dvar2": 0.000620422884822, "max": 0.341995596886, "mean": 0.124712623656, "median": 0.117268174887, "min": 0.0204913690686, "var": 0.00199417327531}, "erbbands_kurtosis": {"dmean": 1.05099272728, "dmean2": 1.62441170216, "dvar": 2.65092301369, "dvar2": 5.73751783371, "max": 39.4469680786, "mean": 0.664983868599, "median": -0.216393709183, "min": -1.69339764118, "var": 7.60175704956}, "erbbands_skewness": {"dmean": 0.393104434013, "dmean2": 0.580604910851, "dvar": 0.131145909429, "dvar2": 0.277237683535, "max": 4.62066745758, "mean": 0.405290424824, "median": 0.330042719841, "min": -2.61676716805, "var": 0.70708322525}, "erbbands_spread": {"dmean": 9.05732917786, "dmean2": 13.1276397705, "dvar": 76.9205245972, "dvar2": 152.667770386, "max": 115.92401123, "mean": 39.318523407, "median": 37.7746276855, "min": 3.67477750778, "var": 337.435577393}, "gfcc": {"cov": [[19699.6972656, 194.140151978, -866.941650391, 681.364868164, 123.079185486, -197.337554932, 582.606750488, -176.396728516, 389.04675293, -114.565597534, 18.8157978058, 63.3433952332, -52.7664718628], [194.140151978, 1046.51989746, 29.4957180023, -358.650085449, 107.684547424, -106.68183136, 49.0678443909, -104.492584229, 15.175110817, 6.87820148468, 36.4702720642, -76.8575134277, 111.1251297], [-866.941650391, 29.4957180023, 546.274719238, 162.720367432, 2.45994114876, 162.749267578, -116.378288269, 98.7925338745, -85.381652832, 43.0228843689, 10.8605642319, -1.43929207325, 18.3231945038], [681.364868164, -358.650085449, 162.720367432, 608.743408203, 188.62739563, 83.7703475952, 96.5886459351, 28.9375324249, 25.8195571899, -3.03071331978, 5.28815507889, 65.3732299805, -50.7622261047], [123.079185486, 107.684547424, 2.45994114876, 188.62739563, 312.504058838, 41.9042015076, 99.390296936, -15.9451789856, 9.77087593079, -0.714977383614, 8.29958152771, -0.556533277035, 20.8914737701], [-197.337554932, -106.68183136, 162.749267578, 83.7703475952, 41.9042015076, 201.33303833, -16.9257583618, 76.7478790283, -36.9118385315, 21.2156562805, 2.98980689049, -0.236679702997, 11.4730548859], [582.606750488, 49.0678443909, -116.378288269, 96.5886459351, 99.390296936, -16.9257583618, 201.699188232, 3.49228954315, 81.0988082886, 1.16668426991, 9.86701774597, 27.4272499084, -11.0344667435], [-176.396728516, -104.492584229, 98.7925338745, 28.9375324249, -15.9451789856, 76.7478790283, 3.49228954315, 177.067230225, 38.6491661072, 54.3262252808, 9.25172042847, 3.02601528168, 15.0196647644], [389.04675293, 15.175110817, -85.381652832, 25.8195571899, 9.77087593079, -36.9118385315, 81.0988082886, 38.6491661072, 162.025009155, 48.4648132324, 17.3096542358, 22.1905612946, -12.5986051559], [-114.565597534, 6.87820148468, 43.0228843689, -3.03071331978, -0.714977383614, 21.2156562805, 1.16668426991, 54.3262252808, 48.4648132324, 92.6603393555, 35.192150116, 8.33383560181, 15.5284643173], [18.8157978058, 36.4702720642, 10.8605642319, 5.28815507889, 8.29958152771, 2.98980689049, 9.86701774597, 9.25172042847, 17.3096542358, 35.192150116, 64.2198181152, 36.7064552307, 11.9007158279], [63.3433952332, -76.8575134277, -1.43929207325, 65.3732299805, -0.556533277035, -0.236679702997, 27.4272499084, 3.02601528168, 22.1905612946, 8.33383560181, 36.7064552307, 82.0779800415, 10.2820634842], [-52.7664718628, 111.1251297, 18.3231945038, -50.7622261047, 20.8914737701, 11.4730548859, -11.0344667435, 15.0196647644, -12.5986051559, 15.5284643173, 11.9007158279, 10.2820634842, 80.9969024658]], "icov": [[7.02194010955e-05, -0.000138606570545, 0.000228364879149, -0.000274486083072, 0.000206908531254, -0.000121190227219, -7.94524839876e-06, -2.82854434772e-05, -5.0686965551e-05, 6.6281609179e-05, -2.68695839623e-05, 6.8034947617e-05, -4.50960505987e-05], [-0.000138606570545, 0.00419289059937, -0.00364590855315, 0.00357919954695, -0.00225112820044, 0.00227645994164, -0.00294383126311, 0.00298006716184, -0.00233502034098, 0.00225170515478, -0.00442990334705, 0.00489809270948, -0.00423615286127], [0.000228364879149, -0.00364590855315, 0.00687202019617, -0.00460192607716, 0.00248855235986, -0.00350265251473, 0.00411896733567, -0.00346383289434, 0.00321406079456, -0.00302173336968, 0.00311204488389, -0.00335318921134, 0.00281753018498], [-0.000274486083072, 0.00357919954695, -0.00460192607716, 0.00683597801253, -0.00430857297033, 0.00183988618664, -0.00294247642159, 0.00215764669701, -0.00188338733278, 0.00163091509603, -0.00144720007665, -7.92184437159e-05, -9.72891502897e-05], [0.000206908531254, -0.00225112820044, 0.00248855235986, -0.00430857297033, 0.00720785418525, -0.0024204577785, -0.00105590780731, -1.08784970507e-05, 0.00112966739107, -0.000697786861565, -3.6738536437e-05, 0.00158313778229, -0.00158413208555], [-0.000121190227219, 0.00227645994164, -0.00350265251473, 0.00183988618664, -0.0024204577785, 0.00936032552272, -0.00187872210518, -0.0014930475736, 0.00120387389325, 0.000250721728662, -0.00172952504363, 0.0020401715301, -0.00180304655805], [-7.94524839876e-06, -0.00294383126311, 0.00411896733567, -0.00294247642159, -0.00105590780731, -0.00187872210518, 0.0113410158083, -0.00304784835316, -0.0015818271786, -0.000249649689067, 0.00308470986784, -0.00544542586431, 0.00394628429785], [-2.82854434772e-05, 0.00298006716184, -0.00346383289434, 0.00215764669701, -1.08784970507e-05, -0.0014930475736, -0.00304784835316, 0.0115076415241, -0.00426622945815, -0.00150391098578, -0.00205847457983, 0.00446924008429, -0.0049461578019], [-5.0686965551e-05, -0.00233502034098, 0.00321406079456, -0.00188338733278, 0.00112966739107, 0.00120387389325, -0.0015818271786, -0.00426622945815, 0.0137260919437, -0.00855868775398, 0.00480504799634, -0.00552978599444, 0.00514865666628], [6.6281609179e-05, 0.00225170515478, -0.00302173336968, 0.00163091509603, -0.000697786861565, 0.000250721728662, -0.000249649689067, -0.00150391098578, -0.00855868775398, 0.023199763149, -0.0145258093253, 0.00799760501832, -0.00561108766124], [-2.68695839623e-05, -0.00442990334705, 0.00311204488389, -0.00144720007665, -3.6738536437e-05, -0.00172952504363, 0.00308470986784, -0.00205847457983, 0.00480504799634, -0.0145258093253, 0.0344424284995, -0.0199227258563, 0.00650634616613], [6.8034947617e-05, 0.00489809270948, -0.00335318921134, -7.92184437159e-05, 0.00158313778229, 0.0020401715301, -0.00544542586431, 0.00446924008429, -0.00552978599444, 0.00799760501832, -0.0199227258563, 0.0294186323881, -0.011435424909], [-4.50960505987e-05, -0.00423615286127, 0.00281753018498, -9.72891502897e-05, -0.00158413208555, -0.00180304655805, 0.00394628429785, -0.0049461578019, 0.00514865666628, -0.00561108766124, 0.00650634616613, -0.011435424909, 0.0219213552773]], "mean": [-30.4401035309, 72.5395126343, -85.3314056396, 1.42056572437, -25.138092041, -23.8308887482, -0.447579264641, -27.6007804871, 3.09724116325, -9.25487613678, -5.84255743027, -0.747542619705, -8.13659191132]}, "hfc": {"dmean": 250.807113647, "dmean2": 380.491271973, "dvar": 173626.09375, "dvar2": 400324.21875, "max": 5947.34570312, "mean": 559.976379395, "median": 388.981048584, "min": 1.1053139393e-16, "var": 365956.71875}, "melbands": {"dmean": [0.000911120267119, 0.00101619516499, 0.000452258100267, 0.000384074286558, 0.000313880125759, 0.000302453787299, 0.000260845205048, 0.000190985752852, 0.000145347541547, 0.000113761474495, 0.000103798374766, 6.10220413364e-05, 4.06311264669e-05, 2.45937990258e-05, 2.12818285945e-05, 2.1704881874e-05, 2.2126134354e-05, 1.44488967635e-05, 1.37463639476e-05, 9.05900742509e-06, 8.15073599369e-06, 7.37715618015e-06, 6.04855631536e-06, 6.02368345426e-06, 5.41313147551e-06, 4.08061305279e-06, 2.85449618787e-06, 2.96566281577e-06, 2.82064456769e-06, 3.14768362841e-06, 2.9038003504e-06, 2.81731877294e-06, 2.03708691515e-06, 1.71501687873e-06, 1.48020217239e-06, 7.5627303886e-07, 4.50185694945e-07, 3.17125739002e-07, 1.40078810773e-07, 2.58488874749e-08], "dmean2": [0.00147331960034, 0.00167072145268, 0.000745659868699, 0.000630452937912, 0.00048607410281, 0.000481333700009, 0.000424891477451, 0.000309730879962, 0.00023492348555, 0.000183845011634, 0.000172989632119, 9.7977295809e-05, 6.5155516495e-05, 3.93269619963e-05, 3.4833290556e-05, 3.57296230504e-05, 3.6189914681e-05, 2.31976973737e-05, 2.18729092012e-05, 1.43503293657e-05, 1.26315826492e-05, 1.1245724636e-05, 8.86670386535e-06, 8.87585338205e-06, 8.00507132226e-06, 5.94686116528e-06, 4.05837045037e-06, 4.24152676715e-06, 4.01912120651e-06, 4.3933591769e-06, 4.05979517382e-06, 3.92041101804e-06, 2.86008207695e-06, 2.36780942942e-06, 2.04587968256e-06, 1.04557705072e-06, 6.34244884168e-07, 4.55416540035e-07, 2.0911315346e-07, 4.14037373275e-08], "dvar": [2.53732923738e-06, 6.20982973487e-06, 1.00086401744e-06, 5.12599285685e-07, 6.89520732067e-07, 4.86618716877e-07, 6.339561196e-07, 4.07632086308e-07, 2.44888127554e-07, 1.39699778856e-07, 1.66682909253e-07, 5.39689821721e-08, 1.42223042232e-08, 2.70597411145e-09, 2.39077269093e-09, 3.5934692999e-09, 4.01312716392e-09, 1.55040091876e-09, 1.17809129119e-09, 3.40255518205e-10, 2.92726898277e-10, 3.65277613712e-10, 4.17864326474e-10, 4.26149920907e-10, 1.42551484505e-10, 7.33441848921e-11, 2.51717379579e-11, 2.70555383652e-11, 2.41194147987e-11, 3.22204173064e-11, 2.8512399039e-11, 2.60499087579e-11, 1.6265048336e-11, 1.30584423483e-11, 1.12018736301e-11, 2.89406714739e-12, 1.22074420884e-12, 6.82414519858e-13, 1.81198155438e-13, 2.95052153418e-15], "dvar2": [6.37986613583e-06, 1.52463526319e-05, 2.61990680883e-06, 1.35781237987e-06, 1.47958257912e-06, 1.18533989735e-06, 1.71720876097e-06, 1.06247080112e-06, 6.32140540802e-07, 3.47830109604e-07, 4.2265924094e-07, 1.31079517018e-07, 3.48478685908e-08, 6.92176183037e-09, 5.91205617795e-09, 9.95074245225e-09, 1.09779163537e-08, 4.24156754164e-09, 2.97971136654e-09, 8.54907422632e-10, 7.09142577993e-10, 7.09888037242e-10, 7.45875916586e-10, 1.18568022067e-09, 3.23377352673e-10, 1.5782962437e-10, 5.15332568285e-11, 5.7781630175e-11, 5.18441886643e-11, 6.44998290888e-11, 5.81861295257e-11, 5.27966351194e-11, 3.30069825638e-11, 2.68199837339e-11, 2.27258420415e-11, 5.69405330178e-12, 2.48523857743e-12, 1.36733864248e-12, 3.8918732603e-13, 6.73004183714e-15], "max": [0.0170582067221, 0.035587631166, 0.0165767893195, 0.0126507412642, 0.0369612574577, 0.0148883713409, 0.0299135241657, 0.0173286441714, 0.0167644694448, 0.0106223663315, 0.0192226916552, 0.0106842117384, 0.00349818263203, 0.00164509250317, 0.00125764543191, 0.00228310516104, 0.00189852411859, 0.00152808893472, 0.00126155465841, 0.000568809802644, 0.000491298094857, 0.00108442595229, 0.0016884385841, 0.00118019629735, 0.000375016359612, 0.000182551477337, 7.61224437156e-05, 8.63780733198e-05, 7.87016469985e-05, 9.01031671674e-05, 0.000104932361864, 6.45649924991e-05, 6.26439214102e-05, 6.872004451e-05, 8.52146258694e-05, 4.8156005505e-05, 2.81852044282e-05, 1.43899733303e-05, 9.56228177529e-06, 8.74616432611e-07], "mean": [0.00131471501663, 0.00117355887778, 0.000609385722782, 0.000579393876251, 0.000470083934488, 0.000486876786454, 0.000432408065535, 0.00028841313906, 0.00021287164418, 0.000184804506716, 0.000166808997164, 9.08816728042e-05, 6.19762286078e-05, 4.05427635997e-05, 3.6885146983e-05, 3.46203523804e-05, 3.3777054341e-05, 2.46994550253e-05, 2.32359743677e-05, 1.58428156283e-05, 1.41538603202e-05, 1.1826609807e-05, 9.72557609202e-06, 9.32633429329e-06, 8.45196700539e-06, 6.24039330432e-06, 4.5186798161e-06, 4.53740994999e-06, 4.30818272434e-06, 4.59299053546e-06, 4.13661791754e-06, 3.84312852475e-06, 2.65595508608e-06, 2.12234158425e-06, 1.73338980858e-06, 8.91852721452e-07, 4.82738926166e-07, 3.20575338719e-07, 1.3580344671e-07, 2.81708700811e-08], "median": [0.000529555312824, 0.000420412165113, 0.00022807456844, 0.000249518168857, 0.000136276852572, 0.000137512834044, 9.85834340099e-05, 4.46407793788e-05, 3.6817167711e-05, 2.82958499156e-05, 2.20307974814e-05, 1.72821200977e-05, 1.67805555975e-05, 1.59754890774e-05, 1.42070293805e-05, 1.31329543365e-05, 1.12535972221e-05, 9.60516626947e-06, 9.59920635069e-06, 7.33006072551e-06, 6.02201544098e-06, 4.7711573643e-06, 3.38024301527e-06, 3.35317008648e-06, 2.80341373582e-06, 2.31422700381e-06, 1.87590262613e-06, 1.89203899481e-06, 1.81116558906e-06, 1.71753049472e-06, 1.33005289626e-06, 1.10946848508e-06, 6.75984324516e-07, 4.4043571279e-07, 2.68865221642e-07, 1.46102365761e-07, 5.19072500538e-08, 1.97736387264e-08, 1.28202941596e-08, 8.7125222592e-09], "min": [2.37628254935e-24, 2.71311905613e-24, 5.29825055799e-24, 1.85994666005e-24, 3.3155831735e-24, 5.88669464493e-24, 4.12795962788e-24, 5.80547747043e-24, 3.27219996524e-24, 7.13133334877e-24, 9.45668861581e-24, 6.16711497521e-24, 4.83039372119e-24, 2.98714823258e-24, 5.56811435164e-24, 2.80532387975e-24, 6.2029343879e-24, 4.97446693818e-24, 3.81902473689e-24, 3.52782501676e-24, 6.15248357757e-24, 3.94105560247e-24, 4.00669277409e-24, 4.40845568881e-24, 3.7726156554e-24, 5.85659605152e-24, 6.47492495055e-24, 6.92831920595e-24, 8.63118038837e-24, 6.26520667333e-24, 7.70949502824e-24, 6.55700158901e-24, 5.57939151271e-24, 7.40869842077e-24, 7.47215439199e-24, 8.4164721715e-24, 9.40269503115e-24, 7.27212135453e-24, 8.11297923746e-24, 6.4823252547e-24], "var": [3.81008158001e-06, 6.11204086454e-06, 1.26145880586e-06, 9.01236830941e-07, 1.62284993621e-06, 1.13430894544e-06, 1.16245769277e-06, 7.649683198e-07, 4.31710077464e-07, 3.11500883754e-07, 4.7796021363e-07, 7.51010489353e-08, 2.44037448027e-08, 5.07122432936e-09, 5.08729369741e-09, 5.67810465313e-09, 6.27271790066e-09, 2.84195555977e-09, 2.05161043709e-09, 6.65602073457e-10, 6.19619799913e-10, 8.61596127777e-10, 1.04040998039e-09, 6.83043677174e-10, 2.88175677765e-10, 1.32431898781e-10, 5.04284079772e-11, 4.85183386523e-11, 4.31624146147e-11, 5.60729761234e-11, 4.79972762923e-11, 4.32877761414e-11, 2.44649005915e-11, 1.80774145653e-11, 1.49347253314e-11, 3.95609890333e-12, 1.56030678829e-12, 8.69557735279e-13, 2.00182237323e-13, 3.28641986095e-15]}, "melbands_crest": {"dmean": 3.87823343277, "dmean2": 6.3937458992, "dvar": 10.9607725143, "dvar2": 29.1187801361, "max": 34.5442581177, "mean": 14.1183996201, "median": 13.1843357086, "min": 1.68655979633, "var": 28.1114025116}, "melbands_flatness_db": {"dmean": 0.0336670167744, "dmean2": 0.0492812097073, "dvar": 0.000848595402204, "dvar2": 0.00176110502798, "max": 0.466658443213, "mean": 0.211985453963, "median": 0.209579199553, "min": 0.00381023925729, "var": 0.00426197564229}, "melbands_kurtosis": {"dmean": 7.58605098724, "dmean2": 12.0036029816, "dvar": 162.523971558, "dvar2": 406.936157227, "max": 393.381164551, "mean": 13.5179328918, "median": 8.88660240173, "min": -1.76054656506, "var": 269.372772217}, "melbands_skewness": {"dmean": 0.796732246876, "dmean2": 1.23106265068, "dvar": 0.637165784836, "dvar2": 1.52946448326, "max": 14.2319173813, "mean": 2.71216678619, "median": 2.49689340591, "min": -1.28809404373, "var": 2.25341320038}, "melbands_spread": {"dmean": 7.73770999908, "dmean2": 11.6312923431, "dvar": 116.985786438, "dvar2": 232.296401978, "max": 190.484329224, "mean": 20.7173404694, "median": 15.6509857178, "min": 0.702881991863, "var": 362.992340088}, "mfcc": {"cov": [[13228.8994141, 233.846420288, -856.219787598, 922.424316406, -550.294677734, 482.908355713, -282.602935791, 463.341674805, -2.68420696259, 262.648376465, -37.1935768127, 177.451873779, -34.3498649597], [233.846420288, 1495.35192871, -133.703201294, -200.248077393, -75.3830795288, -29.2015361786, -12.3864555359, -162.16003418, 22.1632652283, -56.5637435913, 26.6334667206, -82.5840148926, 35.8314247131], [-856.219787598, -133.703201294, 588.724060059, -48.5671691895, 151.961639404, -40.2056159973, 62.5808639526, -22.8049221039, -12.5914011002, 7.01900005341, -14.3601360321, 24.5535411835, -17.0624675751], [922.424316406, -200.248077393, -48.5671691895, 501.60256958, 71.8299789429, 173.937973022, 34.4142074585, 116.505836487, 9.18805217743, 28.0583782196, 11.3594226837, 44.5745735168, 17.6380119324], [-550.294677734, -75.3830795288, 151.961639404, 71.8299789429, 258.52935791, 56.0244750977, 102.930282593, 0.391718029976, 28.160779953, -9.98349094391, 7.56718063354, -1.85712254047, 9.15087223053], [482.908355713, -29.2015361786, -40.2056159973, 173.937973022, 56.0244750977, 193.852615356, 50.5401115417, 59.8525505066, -5.70264434814, 11.9151439667, -13.1375465393, 13.597869873, 7.19296264648], [-282.602935791, -12.3864555359, 62.5808639526, 34.4142074585, 102.930282593, 50.5401115417, 163.140686035, 23.3233394623, 28.0942058563, -23.223279953, 5.51547908783, -6.93262052536, 7.14372110367], [463.341674805, -162.16003418, -22.8049221039, 116.505836487, 0.391718029976, 59.8525505066, 23.3233394623, 134.201766968, 25.0305404663, 32.0890312195, 4.62307739258, 33.2041931152, -0.315166026354], [-2.68420696259, 22.1632652283, -12.5914011002, 9.18805217743, 28.160779953, -5.70264434814, 28.0942058563, 25.0305404663, 104.022102356, 45.4063415527, 37.6470413208, 6.46492099762, 12.4011974335], [262.648376465, -56.5637435913, 7.01900005341, 28.0583782196, -9.98349094391, 11.9151439667, -23.223279953, 32.0890312195, 45.4063415527, 100.491340637, 41.8837203979, 27.0632266998, -1.65955102444], [-37.1935768127, 26.6334667206, -14.3601360321, 11.3594226837, 7.56718063354, -13.1375465393, 5.51547908783, 4.62307739258, 37.6470413208, 41.8837203979, 85.3150100708, 32.0936889648, 17.4999446869], [177.451873779, -82.5840148926, 24.5535411835, 44.5745735168, -1.85712254047, 13.597869873, -6.93262052536, 33.2041931152, 6.46492099762, 27.0632266998, 32.0936889648, 75.9662704468, 25.4155960083], [-34.3498649597, 35.8314247131, -17.0624675751, 17.6380119324, 9.15087223053, 7.19296264648, 7.14372110367, -0.315166026354, 12.4011974335, -1.65955102444, 17.4999446869, 25.4155960083, 61.6743240356]], "icov": [[0.000128699772176, -8.64770627231e-05, 0.000106087565655, -0.000177865309524, 0.000197080866201, -0.000112204354082, 7.97675966169e-05, -0.000219356123125, 3.27223206114e-05, -0.000273532932624, 0.000284054462099, -0.00028879387537, 0.000200092428713], [-8.64770627231e-05, 0.000989867025055, -8.12442885945e-05, 0.000368525303202, 0.000327423156705, -0.000619815837126, 5.5334672652e-05, 0.00108592619654, -0.000633242190816, 0.000834613863844, -0.00101157266181, 0.00118184927851, -0.000778491608799], [0.000106087565655, -8.12442885945e-05, 0.00266704964451, 9.8369364423e-06, -0.00156403321307, 0.00126341194846, -0.000964025966823, 0.000337408069754, 0.00109855411574, -0.00179212051444, 0.00194077717606, -0.00238041509874, 0.00120057212189], [-0.000177865309524, 0.000368525303202, 9.8369364423e-06, 0.00372215267271, -0.000965749786701, -0.00243785907514, 0.000715913251042, -0.00143935589585, 2.28801982303e-05, 0.000930911919568, -0.00134300359059, 0.000211941674934, -0.000723412667867], [0.000197080866201, 0.000327423156705, -0.00156403321307, -0.000965749786701, 0.00730137340724, -0.0020987065509, -0.00240738247521, 0.00155918416567, -0.00211334670894, 0.00102224817965, -0.000886427995283, 0.000973459740635, -0.00048590337974], [-0.000112204354082, -0.000619815837126, 0.00126341194846, -0.00243785907514, -0.0020987065509, 0.0104383025318, -0.00316951074637, -0.00167227454949, 0.00338114378974, -0.00389326363802, 0.00374338566326, -0.00115834572352, -0.000572555407416], [7.97675966169e-05, 5.5334672652e-05, -0.000964025966823, 0.000715913251042, -0.00240738247521, -0.00316951074637, 0.0109030874446, -0.00251813605428, -0.00343838892877, 0.00537315290421, -0.00293721049093, 0.00205020979047, -0.000183580632438], [-0.000219356123125, 0.00108592619654, 0.000337408069754, -0.00143935589585, 0.00155918416567, -0.00167227454949, -0.00251813605428, 0.0139815676957, -0.00348131963983, -0.00127375603188, 0.00225265068002, -0.00442160433158, 0.0019273897633], [3.27223206114e-05, -0.000633242190816, 0.00109855411574, 2.28801982303e-05, -0.00211334670894, 0.00338114378974, -0.00343838892877, -0.00348131963983, 0.0171632450074, -0.00846118014306, -0.00239195628092, 0.00308149005286, -0.00328672700562], [-0.000273532932624, 0.000834613863844, -0.00179212051444, 0.000930911919568, 0.00102224817965, -0.00389326363802, 0.00537315290421, -0.00127375603188, -0.00846118014306, 0.0209402665496, -0.00869157724082, -0.000841176894028, 0.00335190631449], [0.000284054462099, -0.00101157266181, 0.00194077717606, -0.00134300359059, -0.000886427995283, 0.00374338566326, -0.00293721049093, 0.00225265068002, -0.00239195628092, -0.00869157724082, 0.0224008783698, -0.00955784972757, -0.000456800713437], [-0.00028879387537, 0.00118184927851, -0.00238041509874, 0.000211941674934, 0.000973459740635, -0.00115834572352, 0.00205020979047, -0.00442160433158, 0.00308149005286, -0.000841176894028, -0.00955784972757, 0.025653058663, -0.0103377401829], [0.000200092428713, -0.000778491608799, 0.00120057212189, -0.000723412667867, -0.00048590337974, -0.000572555407416, -0.000183580632438, 0.0019273897633, -0.00328672700562, 0.00335190631449, -0.000456800713437, -0.0103377401829, 0.0226277541369]], "mean": [-691.703186035, 135.393630981, -7.29967784882, 34.0990486145, -10.8423538208, 18.9097976685, -10.7331590652, 4.35293340683, -4.42926073074, 2.05914640427, -1.23184621334, 1.19772565365, -1.05457258224]}, "pitch_salience": {"dmean": 0.0842350944877, "dmean2": 0.138200506568, "dvar": 0.00505829183385, "dvar2": 0.0137042058632, "max": 0.951214194298, "mean": 0.577132105827, "median": 0.58913487196, "min": 0.162515744567, "var": 0.0128835244104}, "silence_rate_20dB": {"dmean": 0.00059005751973, "dmean2": 0.00118028919678, "dvar": 0.000589691102505, "dvar2": 0.00147389539052, "max": 1, "mean": 0.999410033226, "median": 1, "min": 0, "var": 0.000589604314882}, "silence_rate_30dB": {"dmean": 0.0731671303511, "dmean2": 0.146355852485, "dvar": 0.0678086355329, "dvar2": 0.148248061538, "max": 1, "mean": 0.8876106143, "median": 1, "min": 0, "var": 0.099759273231}, "silence_rate_60dB": {"dmean": 0.0306829921901, "dmean2": 0.0613750368357, "dvar": 0.0297403931618, "dvar2": 0.0635054931045, "max": 1, "mean": 0.121533922851, "median": 0, "min": 0, "var": 0.106764249504}, "spectral_centroid": {"dmean": 306.217407227, "dmean2": 432.785308838, "dvar": 123514.5625, "dvar2": 226694.3125, "max": 11397.3544922, "mean": 1261.90722656, "median": 1066.21020508, "min": 242.471984863, "var": 601442.5}, "spectral_complexity": {"dmean": 4.05664539337, "dmean2": 5.43405151367, "dvar": 23.0829124451, "dvar2": 35.2656364441, "max": 57, "mean": 15.7631263733, "median": 14, "min": 0, "var": 126.667449951}, "spectral_contrast_coeffs": {"dmean": [0.0538803264499, 0.0492714755237, 0.0381819680333, 0.0280264094472, 0.0190434642136, 0.0417470112443], "dmean2": [0.0890521332622, 0.0806770846248, 0.0631322860718, 0.0458207465708, 0.0305022858083, 0.061464369297], "dvar": [0.00183913356159, 0.00152076617815, 0.000903094944078, 0.000481348863104, 0.000250459997915, 0.00128440244589], "dvar2": [0.00488132145256, 0.00402402924374, 0.00243980484083, 0.00127946108114, 0.000613512296695, 0.00284835114144], "max": [-0.343826651573, -0.388720065355, -0.480042666197, -0.596196353436, -0.619486033916, -0.401084601879], "mean": [-0.675549328327, -0.754764080048, -0.798405170441, -0.811024129391, -0.830272436142, -0.702621817589], "median": [-0.684242010117, -0.760475456715, -0.804077148438, -0.814957022667, -0.829936385155, -0.693433642387], "min": [-0.973485887051, -0.981320798397, -0.978088796139, -0.967962563038, -0.964087367058, -0.961130023003], "var": [0.00802599545568, 0.00529950251803, 0.00346432300285, 0.00201863376424, 0.00137752189767, 0.00660938210785]}, "spectral_contrast_valleys": {"dmean": [0.439517229795, 0.387060970068, 0.343646287918, 0.300590455532, 0.359271973372, 0.599342465401], "dmean2": [0.701840102673, 0.59602278471, 0.515326440334, 0.431054979563, 0.431381493807, 0.851326167583], "dvar": [0.15262401104, 0.115648753941, 0.100533656776, 0.0933633595705, 0.129772648215, 0.279541283846], "dvar2": [0.327436596155, 0.232193008065, 0.184352278709, 0.152276158333, 0.18594931066, 0.548254668713], "max": [-5.20667171478, -4.51734447479, -5.26559114456, -5.6682100296, -5.53348064423, -8.5487203598], "mean": [-7.51933860779, -6.89785051346, -7.53591632843, -7.90943193436, -7.89595794678, -11.2319536209], "median": [-7.09806442261, -6.71806144714, -7.3148765564, -7.57515573502, -7.55695819855, -11.0383300781], "min": [-27.8525943756, -27.8435974121, -27.5403862, -27.5534591675, -27.4910850525, -27.3912124634], "var": [2.67478275299, 2.26075053215, 2.22157430649, 2.20136785507, 2.39201807976, 1.93417537212]}, "spectral_decrease": {"dmean": 1.12450837531e-09, "dmean2": 1.83273729526e-09, "dvar": 3.70959609534e-18, "dvar2": 9.39820360824e-18, "max": 2.83178884786e-08, "mean": 9.3193563977e-10, "median": 3.83183706987e-10, "min": -1.59786495146e-08, "var": 5.22035711175e-18}, "spectral_energy": {"dmean": 0.0199709795415, "dmean2": 0.0300215408206, "dvar": 0.00102702970617, "dvar2": 0.00233950628899, "max": 0.448360621929, "mean": 0.0472741723061, "median": 0.0323272533715, "min": 1.02868108276e-20, "var": 0.00253212987445}, "spectral_energyband_high": {"dmean": 0.000721858581528, "dmean2": 0.000905339198653, "dvar": 1.61422167366e-06, "dvar2": 2.79130654235e-06, "max": 0.0446364507079, "mean": 0.00128580105957, "median": 0.000586049398407, "min": 7.48611459837e-21, "var": 3.90208924728e-06}, "spectral_energyband_low": {"dmean": 0.00493717892095, "dmean2": 0.00785278435796, "dvar": 9.18994701351e-05, "dvar2": 0.000220879664994, "max": 0.118877999485, "mean": 0.00733488239348, "median": 0.00353061431088, "min": 2.38854129005e-23, "var": 0.000120117882034}, "spectral_energyband_middle_high": {"dmean": 0.00123083300423, "dmean2": 0.00177874870133, "dvar": 6.6520128712e-06, "dvar2": 1.62282776728e-05, "max": 0.0827030241489, "mean": 0.00329049024731, "median": 0.00174900377169, "min": 1.18717270495e-21, "var": 2.1501638912e-05}, "spectral_energyband_middle_low": {"dmean": 0.0047906851396, "dmean2": 0.00744079891592, "dvar": 6.58332573948e-05, "dvar2": 0.00016600950039, "max": 0.198870360851, "mean": 0.0111505584791, "median": 0.00513541419059, "min": 2.43550517741e-22, "var": 0.000234572449699}, "spectral_entropy": {"dmean": 0.194185361266, "dmean2": 0.262136936188, "dvar": 0.0326095111668, "dvar2": 0.0587559454143, "max": 9.80303573608, "mean": 7.6331615448, "median": 7.6928653717, "min": 5.80584669113, "var": 0.206416025758}, "spectral_flux": {"dmean": 0.0325145944953, "dmean2": 0.0516927205026, "dvar": 0.00173167255707, "dvar2": 0.00405538454652, "max": 0.540275216103, "mean": 0.112227343023, "median": 0.101904384792, "min": 6.57371934665e-11, "var": 0.005505759269}, "spectral_kurtosis": {"dmean": 3.57481980324, "dmean2": 4.84721183777, "dvar": 18.1148300171, "dvar2": 35.8357200623, "max": 75.2105484009, "mean": 14.4584035873, "median": 13.0149936676, "min": -1.26776957512, "var": 62.4894142151}, "spectral_rms": {"dmean": 0.00127119116951, "dmean2": 0.0018398493994, "dvar": 2.28909584621e-06, "dvar2": 4.70038685307e-06, "max": 0.0209147073328, "mean": 0.00585549836978, "median": 0.00561594031751, "min": 3.16795092763e-12, "var": 1.18341704365e-05}, "spectral_rolloff": {"dmean": 63.4611282349, "dmean2": 109.083374023, "dvar": 20558.7363281, "dvar2": 49172.9101562, "max": 22050, "mean": 21870.2128906, "median": 21942.3339844, "min": 15417.7734375, "var": 69290.84375}, "spectral_skewness": {"dmean": 0.366462349892, "dmean2": 0.472981333733, "dvar": 0.13911062479, "dvar2": 0.244961738586, "max": 6.82410764694, "mean": 2.53122377396, "median": 2.41324210167, "min": -0.0842029750347, "var": 0.727028548717}, "spectral_spread": {"dmean": 523244.6875, "dmean2": 730417.875, "dvar": 390274514944, "dvar2": 750857748480, "max": 42234512, "mean": 4970729.5, "median": 4768162, "min": 2194121.75, "var": 2841012862