{"lowlevel": {"average_loudness": 0.329355061054, "barkbands": {"dmean": [1.25415490402e-05, 0.000274172052741, 0.000262926332653, 0.000195962405996, 0.000202332550543, 0.000279346306343, 0.000221157577471, 0.000476401415654, 0.000850187381729, 0.00128282560036, 0.000320024963003, 0.000515629304573, 0.000576257996727, 0.000732873158995, 0.000407712417655, 0.000219183319132, 0.0002668107918, 0.000146882914123, 7.94463849161e-05, 3.99881027988e-05, 3.53172290488e-05, 2.19026642299e-05, 9.52821665123e-06, 5.72107637709e-06, 2.77699905382e-06, 7.07789752141e-07, 3.88594912692e-07], "dmean2": [2.14135525312e-05, 0.000450576422736, 0.000428948289482, 0.000297010759823, 0.000322976644384, 0.000458498921944, 0.000366397958715, 0.000757247849833, 0.00129451521207, 0.00193365430459, 0.000467892241431, 0.000787432538345, 0.000824298593216, 0.00108127144631, 0.000598038721364, 0.000320103601553, 0.000393852154957, 0.000218454370042, 0.000116765513667, 6.12923759036e-05, 5.34899518243e-05, 3.16404730256e-05, 1.41377404361e-05, 8.08642107586e-06, 3.96995892515e-06, 1.01141199593e-06, 6.45384432119e-07], "dvar": [1.83885118243e-09, 2.71587452971e-07, 4.73231239084e-07, 3.3100576502e-07, 3.31698345235e-07, 6.55122164517e-07, 6.16196018655e-07, 2.36051164393e-06, 1.90082428162e-05, 3.65213672922e-05, 4.24754352935e-06, 5.64007996218e-06, 6.85287750457e-06, 1.22872797874e-05, 2.06723530027e-06, 5.41450560831e-07, 5.48756304397e-07, 1.97648290623e-07, 3.68897303815e-08, 1.45991148059e-08, 1.36834588105e-08, 4.58617321897e-09, 9.973306625e-10, 2.73945227613e-10, 6.8953759369e-11, 3.7610600398e-12, 2.06271046251e-12], "dvar2": [5.18889775591e-09, 6.88700993123e-07, 1.41087855354e-06, 7.7323448977e-07, 8.01829742159e-07, 1.68476333329e-06, 1.58834598096e-06, 5.75421472604e-06, 3.96902833018e-05, 8.0456447904e-05, 8.31308898341e-06, 1.1979818737e-05, 1.35822456286e-05, 2.56668336078e-05, 4.26786573371e-06, 9.9025101008e-07, 1.20876507026e-06, 4.4588668402e-07, 7.7184118652e-08, 3.39295880281e-08, 3.17752189005e-08, 1.01548991438e-08, 2.30481544961e-09, 5.5144916411e-10, 1.41742312332e-10, 8.54993072869e-12, 5.35922781847e-12], "max": [0.00116595032159, 0.0101210698485, 0.019438939169, 0.0153167052194, 0.013958549127, 0.0304818674922, 0.0190562978387, 0.0406325757504, 0.113005340099, 0.225839734077, 0.109371379018, 0.0835601016879, 0.104935139418, 0.16024184227, 0.0591162294149, 0.0387437269092, 0.0126318838447, 0.0106825493276, 0.00483409361914, 0.00241570873186, 0.00215718802065, 0.00118015368935, 0.000809563382063, 0.000354787276592, 0.000275138387224, 4.77691683045e-05, 3.68620276276e-05], "mean": [2.46263625741e-05, 0.00128315074835, 0.000651934882626, 0.000627349771094, 0.00036303277011, 0.000462387484731, 0.000329911505105, 0.000748403428588, 0.00132065359503, 0.00313120801002, 0.000474920729175, 0.000827448035125, 0.000887044996489, 0.0011336466996, 0.000709723797627, 0.000441091891844, 0.000475999899209, 0.000246339477599, 0.000144670979353, 7.61563496781e-05, 6.01158280915e-05, 4.03080775868e-05, 1.69605627889e-05, 1.08260801426e-05, 5.43775422557e-06, 1.31928914016e-06, 4.48871588787e-07], "median": [3.63987010132e-06, 0.00109890510794, 0.000265468086582, 0.000184873424587, 0.000101223711681, 0.000168875732925, 4.80290545966e-05, 9.28783119889e-05, 0.000105337443529, 0.000147936530993, 3.63011349691e-05, 0.000103644859337, 9.09196096472e-05, 9.68794338405e-05, 0.000113850634079, 7.04119738657e-05, 9.73297137534e-05, 5.038981908e-05, 3.32173658535e-05, 9.09080063138e-06, 6.07264564678e-06, 5.00156147609e-06, 2.61827040049e-06, 2.35722518482e-06, 1.33712433126e-06, 4.19942892904e-07, 1.13969107929e-07], "min": [5.8140631367e-25, 2.5746264384e-24, 6.73015941732e-25, 5.4529201491e-25, 5.71887908127e-24, 7.96788010685e-24, 1.16853768675e-23, 6.72362794485e-24, 9.68386004613e-24, 1.29689711006e-23, 1.94144064583e-23, 2.64903152288e-23, 2.83026758269e-23, 2.07125149432e-23, 4.34849224148e-23, 3.6328805423e-23, 6.51436223713e-23, 7.21947577539e-23, 8.95763927217e-23, 1.55992649682e-22, 2.06550631501e-22, 3.24702898359e-22, 3.94525797495e-22, 5.33037226408e-22, 8.03299155001e-22, 1.1953594908e-21, 1.93660672078e-21], "var": [3.63605368037e-09, 1.41476630233e-06, 1.09671088921e-06, 1.42474027598e-06, 6.04576598562e-07, 1.25282929275e-06, 1.02205842722e-06, 5.09866686116e-06, 3.8134316128e-05, 0.00023574262741, 1.14065996968e-05, 9.9250664789e-06, 1.45734647958e-05, 3.81190511689e-05, 5.13051600137e-06, 2.22675203077e-06, 1.15166528758e-06, 4.01724605581e-07, 9.30954229261e-08, 3.38857795157e-08, 2.60015085018e-08, 1.18592593523e-08, 2.42292075292e-09, 8.96400453865e-10, 2.02237712688e-10, 7.32607897957e-12, 1.80423677301e-12]}, "barkbands_crest": {"dmean": 2.19489836693, "dmean2": 3.46985054016, "dvar": 4.78237581253, "dvar2": 11.4582338333, "max": 25.8081016541, "mean": 10.335392952, "median": 9.45094490051, "min": 2.59212374687, "var": 18.7523612976}, "barkbands_flatness_db": {"dmean": 0.0188418291509, "dmean2": 0.0268720909953, "dvar": 0.000401899538701, "dvar2": 0.00076405343134, "max": 0.410550564528, "mean": 0.16230109334, "median": 0.15430149436, "min": 0.0281980987638, "var": 0.00357379764318}, "barkbands_kurtosis": {"dmean": 1.84041643143, "dmean2": 2.76893305779, "dvar": 15.8891506195, "dvar2": 32.6349411011, "max": 100.138458252, "mean": 2.26472306252, "median": 0.260167509317, "min": -1.88854157925, "var": 43.7575454712}, "barkbands_skewness": {"dmean": 0.455878198147, "dmean2": 0.661827147007, "dvar": 0.271308481693, "dvar2": 0.5457457304, "max": 8.4165391922, "mean": 0.704544007778, "median": 0.533942997456, "min": -3.29656791687, "var": 1.64533185959}, "barkbands_spread": {"dmean": 4.00327730179, "dmean2": 5.93248701096, "dvar": 22.3393993378, "dvar2": 47.1359596252, "max": 106.665756226, "mean": 19.6064739227, "median": 18.3128395081, "min": 1.09091198444, "var": 117.754707336}, "dissonance": {"dmean": 0.0249224919826, "dmean2": 0.0424283482134, "dvar": 0.000755924382247, "dvar2": 0.00208248314448, "max": 0.499939471483, "mean": 0.456654369831, "median": 0.467509061098, "min": 0.172985941172, "var": 0.00143491791096}, "dynamic_complexity": 5.97147130966, "erbbands": {"dmean": [0.00821988843381, 0.0630035474896, 0.236877351999, 0.526901423931, 0.625124692917, 0.747908651829, 0.944602191448, 2.87306857109, 3.61014461517, 4.24162864685, 12.0317525864, 19.2631835938, 31.6573982239, 33.5570869446, 14.0161447525, 21.2435665131, 24.6792316437, 31.3749713898, 32.2419624329, 11.3757762909, 11.1367998123, 12.9771938324, 8.33131980896, 4.13405227661, 3.92307424545, 1.93547511101, 1.48479294777, 1.24347913265, 0.828496098518, 0.458684533834, 0.235015571117, 0.144348993897, 0.0818563401699, 0.0403070040047, 0.0149777978659, 0.00452387752011, 0.000996880582534, 0.000220658883336, 6.96362913004e-05, 9.63552247413e-06], "dmean2": [0.0135470526293, 0.102842107415, 0.39525783062, 0.802618443966, 0.971836030483, 1.21860599518, 1.47913265228, 4.81166887283, 6.06281852722, 6.97177219391, 18.8180885315, 28.393491745, 46.2944602966, 48.0210418701, 19.9748191833, 31.6639690399, 34.3316307068, 43.6910362244, 47.1403312683, 16.065114975, 16.0010662079, 18.9575481415, 12.3683252335, 5.98086166382, 5.86185789108, 2.89774537086, 2.24695801735, 1.85707092285, 1.19337260723, 0.665984511375, 0.343392521143, 0.207359924912, 0.118325874209, 0.0582054518163, 0.0215094722807, 0.00653904723004, 0.0014245447237, 0.000318827747833, 0.000116164294013, 1.47841919897e-05], "dvar": [0.000316429155646, 0.0139546524733, 0.306116193533, 2.14724063873, 2.98207116127, 6.18010282516, 5.29014825821, 76.940788269, 193.792114258, 193.553771973, 1617.51550293, 10176.0966797, 22567, 23342.7519531, 6318.28076172, 7699.28222656, 13521.5585938, 23923.1933594, 15430.7734375, 2255.40893555, 845.151062012, 1225.03356934, 661.600952148, 120.680770874, 105.577377319, 30.2996635437, 23.5723190308, 17.981672287, 6.96509456635, 1.86335909367, 0.602034687996, 0.182570889592, 0.0554130896926, 0.0154846822843, 0.00176488643046, 0.000142915916513, 8.70627354743e-06, 5.07147774442e-07, 5.81562176194e-08, 6.64607757717e-10], "dvar2": [0.000781518756412, 0.0357231386006, 0.878345429897, 5.89495611191, 6.71551465988, 15.1854906082, 11.8529748917, 199.971893311, 512.389343262, 487.41595459, 3897.22314453, 21183.8222656, 45194.5625, 43420.3359375, 11668.421875, 16726.8359375, 26017.078125, 45730.1835938, 35017.703125, 3698.45068359, 1733.19934082, 2563.08911133, 1501.66442871, 251.702178955, 227.941848755, 68.3617324829, 55.2988853455, 42.0045204163, 15.3174219131, 4.20486021042, 1.31830155849, 0.37484562397, 0.118626780808, 0.0327971801162, 0.00365280080587, 0.000327229121467, 1.98998022825e-05, 1.19610308502e-06, 1.54179758738e-07, 1.66278457669e-09], "max": [0.371821135283, 2.61338996887, 14.4505558014, 39.9448432922, 39.3601150513, 53.5643119812, 85.2421112061, 300.82635498, 486.547302246, 369.497436523, 1178.1607666, 3171.95678711, 6496.56103516, 7963.54248047, 5050.70556641, 2408.92504883, 4974.72021484, 9128.85253906, 6110.27587891, 2854.94067383, 1209.03479004, 680.480041504, 755.125244141, 295.936462402, 259.774627686, 124.613327026, 106.873008728, 76.3569030762, 43.4690933228, 27.1597976685, 19.4117870331, 8.87519931793, 5.18663883209, 4.53179216385, 0.843899309635, 0.24224627018, 0.0705973803997, 0.0188841745257, 0.00534668611363, 0.000820884888526], "mean": [0.0406842529774, 0.278939932585, 0.575389146805, 1.81556463242, 1.53667509556, 1.08080291748, 1.69504833221, 4.56690597534, 5.64123153687, 6.14093780518, 18.8605690002, 29.923286438, 68.6077575684, 79.3198699951, 25.4763774872, 36.167263031, 42.5149765015, 52.3252639771, 60.7082901001, 23.8405303955, 23.9236888885, 24.2773075104, 15.3377113342, 7.8359336853, 7.24629116058, 3.9631280899, 2.79970216751, 2.08970665932, 1.46819758415, 0.868088841438, 0.433843046427, 0.266263872385, 0.149879157543, 0.0751961618662, 0.029762448743, 0.0086176013574, 0.00180978153367, 0.000352792878402, 8.40687134769e-05, 2.34677390836e-05], "median": [0.0280196275562, 0.228068888187, 0.314018934965, 0.677579641342, 0.399017512798, 0.293654024601, 0.654218375683, 1.47882914543, 1.14821004868, 1.24397838116, 2.71433806419, 3.41802954674, 4.12962245941, 4.77323293686, 2.94773054123, 5.53075933456, 5.86131715775, 6.66651248932, 9.21967697144, 4.822453022, 4.98923110962, 5.33885192871, 3.87752699852, 1.89720034599, 1.53505420685, 0.532201290131, 0.28590580821, 0.221967622638, 0.156739398837, 0.148237511516, 0.0655866488814, 0.0571391358972, 0.0308883078396, 0.0181429982185, 0.00771565595642, 0.00286926003173, 0.00053736823611, 8.86351626832e-05, 2.49629065365e-05, 1.06317202153e-05], "min": [6.34259250818e-23, 6.42643150923e-22, 1.1204040228e-21, 3.77101624623e-21, 9.71330809119e-21, 1.92390190512e-20, 4.23153451198e-20, 7.04960024157e-20, 1.586217957e-19, 1.18299118982e-19, 1.61191613218e-19, 2.42096998634e-19, 4.71944124481e-19, 4.33344749322e-19, 1.00811065512e-18, 1.27302682682e-18, 1.61909903258e-18, 2.0580737541e-18, 2.17693526542e-18, 2.67446786026e-18, 3.17463192342e-18, 4.26686147016e-18, 3.75103412172e-18, 5.5310684837e-18, 6.5889836835e-18, 7.81541749436e-18, 8.78810083102e-18, 9.04102122948e-18, 1.09149012999e-17, 1.17855146849e-17, 1.01243548623e-17, 1.13674708382e-17, 9.34433016213e-18, 7.54755490532e-18, 6.40172943156e-18, 3.77917852847e-18, 2.15459518503e-18, 9.42631141225e-19, 2.54481727711e-19, 2.60002092012e-20], "var": [0.0019090033602, 0.0685936585069, 0.690889060497, 8.07649707794, 10.9013834, 7.72951936722, 13.4370956421, 149.344299316, 289.218841553, 296.525238037, 3313.57373047, 19749.1796875, 118755.65625, 151818.578125, 17485.7832031, 14434.2958984, 31762.6074219, 64054.78125, 49808.4101563, 9455.50976563, 3222.60766602, 2981.5546875, 1390.45703125, 270.024536133, 257.469451904, 85.1615142822, 52.711971283, 33.4298744202, 15.8076601028, 5.01266670227, 1.58910262585, 0.544419765472, 0.166671350598, 0.0402421429753, 0.00537754129618, 0.000289998279186, 1.63874337886e-05, 7.88735235346e-07, 4.96073440104e-08, 1.42210510035e-09]}, "erbbands_crest": {"dmean": 3.06465435028, "dmean2": 4.81072330475, "dvar": 9.15075111389, "dvar2": 21.1884746552, "max": 32.5447502136, "mean": 12.1199703217, "median": 10.8302698135, "min": 2.29866147041, "var": 33.2918701172}, "erbbands_flatness_db": {"dmean": 0.0198719706386, "dmean2": 0.0281616449356, "dvar": 0.000457396730781, "dvar2": 0.00083259656094, "max": 0.461377829313, "mean": 0.210080355406, "median": 0.19513617456, "min": 0.0279412865639, "var": 0.00492859445512}, "erbbands_kurtosis": {"dmean": 1.34812068939, "dmean2": 2.09050679207, "dvar": 4.28419017792, "dvar2": 9.41858291626, "max": 49.6356773376, "mean": 1.5998686552, "median": 0.651268601418, "min": -1.77619946003, "var": 10.4317855835}, "erbbands_skewness": {"dmean": 0.377126455307, "dmean2": 0.565455496311, "dvar": 0.146265938878, "dvar2": 0.310518711805, "max": 4.71141719818, "mean": -0.0319799892604, "median": -0.0632964074612, "min": -5.26608753204, "var": 0.787339389324}, "erbbands_spread": {"dmean": 5.08850717545, "dmean2": 7.62157011032, "dvar": 38.1894836426, "dvar2": 83.0352325439, "max": 132.305557251, "mean": 22.758026123, "median": 20.6825752258, "min": 1.63743162155, "var": 193.089111328}, "gfcc": {"cov": [[31150.9003906, 2136.93115234, -4146.21777344, 1216.98461914, -1092.30786133, 357.730133057, -678.341247559, 193.198944092, -329.451934814, -53.7876358032, -284.357849121, -63.5305557251, -68.2157669067], [2136.93115234, 1140.10253906, -11.1095266342, 6.5070605278, 132.655654907, 53.8559608459, 84.9850387573, 44.3422431946, 9.83823108673, -83.6979980469, 5.35455751419, -26.6496162415, -35.8872833252], [-4146.21777344, -11.1095266342, 1849.13427734, 436.452545166, 128.751419067, 251.658996582, 186.6668396, -59.9236946106, -18.7427463531, 77.1274185181, -87.5525894165, -67.9227828979, -60.2099761963], [1216.98461914, 6.5070605278, 436.452545166, 786.338928223, 61.7107887268, 94.1334381104, -28.3180942535, 6.04950523376, -26.4712905884, 87.1751098633, -95.3438949585, -107.948120117, -33.8640022278], [-1092.30786133, 132.655654907, 128.751419067, 61.7107887268, 414.614349365, 72.7854614258, 62.9927864075, 49.9084739685, 47.8362731934, -2.40350842476, 15.2130241394, -39.4284286499, -17.1492156982], [357.730133057, 53.8559608459, 251.658996582, 94.1334381104, 72.7854614258, 302.658111572, 92.7437667847, 3.09266471863, -24.891998291, 14.67603302, -33.7085418701, -2.40834736824, -15.2324314117], [-678.341247559, 84.9850387573, 186.6668396, -28.3180942535, 62.9927864075, 92.7437667847, 258.831054688, 90.4645767212, 18.5214958191, -26.6201667786, 12.3280305862, 10.8147630692, -5.80936431885], [193.198944092, 44.3422431946, -59.9236946106, 6.04950523376, 49.9084739685, 3.09266471863, 90.4645767212, 181.14781189, 66.232383728, -3.99459719658, 16.055229187, 5.3530755043, -7.70050859451], [-329.451934814, 9.83823108673, -18.7427463531, -26.4712905884, 47.8362731934, -24.891998291, 18.5214958191, 66.232383728, 148.479568481, 49.6815071106, 13.6569852829, 5.30769920349, 22.0594806671], [-53.7876358032, -83.6979980469, 77.1274185181, 87.1751098633, -2.40350842476, 14.67603302, -26.6201667786, -3.99459719658, 49.6815071106, 144.420166016, 21.8774642944, -17.4638118744, 5.20657491684], [-284.357849121, 5.35455751419, -87.5525894165, -95.3438949585, 15.2130241394, -33.7085418701, 12.3280305862, 16.055229187, 13.6569852829, 21.8774642944, 116.444595337, 59.6348609924, -5.45787000656], [-63.5305557251, -26.6496162415, -67.9227828979, -107.948120117, -39.4284286499, -2.40834736824, 10.8147630692, 5.3530755043, 5.30769920349, -17.4638118744, 59.6348609924, 133.171737671, 56.4354934692], [-68.2157669067, -35.8872833252, -60.2099761963, -33.8640022278, -17.1492156982, -15.2324314117, -5.80936431885, -7.70050859451, 22.0594806671, 5.20657491684, -5.45787000656, 56.4354934692, 126.494354248]], "icov": [[0.000264695321675, -0.000583251006901, 0.00080519792391, -0.000708885258064, 0.000774258398451, -0.000831449287944, 0.000418478943175, -0.000436318368884, 0.000386176427128, -0.000379098113626, 0.000651146518067, -0.000461939751403, 0.000350712332875], [-0.000583251006901, 0.00227853818797, -0.00172710465267, 0.00145799003076, -0.00187244964764, 0.00163011159748, -0.00109421485104, 0.00104203715455, -0.00118307047524, 0.00166273443028, -0.00187345675658, 0.00140805577394, -0.000715395726729], [0.00080519792391, -0.00172710465267, 0.00327379978262, -0.00254083354957, 0.00218419777229, -0.0027163089253, 0.000428811094025, -0.000544866139535, 0.00100325548556, -0.00155584421009, 0.00257888576016, -0.00184395408724, 0.00160089647397], [-0.000708885258064, 0.00145799003076, -0.00254083354957, 0.00386518379673, -0.00230825482868, 0.00211789412424, -0.000461894116597, 0.00018116911815, 4.70142622362e-05, -0.000423074641731, -0.000480384915136, 0.00176105869468, -0.00100859464146], [0.000774258398451, -0.00187244964764, 0.00218419777229, -0.00230825482868, 0.00543530937284, -0.00341790122911, 0.00129109399859, -0.00155181996524, -0.000214416810195, 0.000281670218101, -0.000341040751664, 0.000841768633109, 0.000233675455092], [-0.000831449287944, 0.00163011159748, -0.0027163089253, 0.00211789412424, -0.00341790122911, 0.00754284858704, -0.00310564227402, 0.00170085241552, 0.000304159737425, -0.000949657929596, 0.00104448886123, -0.00113289395813, 0.000230539910262], [0.000418478943175, -0.00109421485104, 0.000428811094025, -0.000461894116597, 0.00129109399859, -0.00310564227402, 0.00728252483532, -0.00418757461011, 0.0007762205787, 0.00104768504389, -0.000755139742978, 0.000387787265936, -0.000507797813043], [-0.000436318368884, 0.00104203715455, -0.000544866139535, 0.00018116911815, -0.00155181996524, 0.00170085241552, -0.00418757461011, 0.0100016864017, -0.00483929086477, 0.0017546126619, -0.0013173938496, -2.68197400146e-05, 0.000987297156826], [0.000386176427128, -0.00118307047524, 0.00100325548556, 4.70142622362e-05, -0.000214416810195, 0.000304159737425, 0.0007762205787, -0.00483929086477, 0.0118469046429, -0.00583074893802, 0.00300344009884, -0.00165149010718, -0.000848248950206], [-0.000379098113626, 0.00166273443028, -0.00155584421009, -0.000423074641731, 0.000281670218101, -0.000949657929596, 0.00104768504389, 0.0017546126619, -0.00583074893802, 0.013204514049, -0.00806270167232, 0.00574962748215, -0.00294753396884], [0.000651146518067, -0.00187345675658, 0.00257888576016, -0.000480384915136, -0.000341040751664, 0.00104448886123, -0.000755139742978, -0.0013173938496, 0.00300344009884, -0.00806270167232, 0.020230954513, -0.0123383682221, 0.00706898467615], [-0.000461939751403, 0.00140805577394, -0.00184395408724, 0.00176105869468, 0.000841768633109, -0.00113289395813, 0.000387787265936, -2.68197400146e-05, -0.00165149010718, 0.00574962748215, -0.0123383682221, 0.0183933209628, -0.0089492155239], [0.000350712332875, -0.000715395726729, 0.00160089647397, -0.00100859464146, 0.000233675455092, 0.000230539910262, -0.000507797813043, 0.000987297156826, -0.000848248950206, -0.00294753396884, 0.00706898467615, -0.0089492155239, 0.0130468318239]], "mean": [-108.899131775, 103.582885742, -138.10710144, 16.4049453735, -37.2661056519, 16.9646053314, -26.1675262451, 10.1909408569, -12.6982164383, 0.464320540428, -10.8614273071, -3.87067580223, -8.50239467621]}, "hfc": {"dmean": 4.85223817825, "dmean2": 6.58946180344, "dvar": 102.630264282, "dvar2": 183.097442627, "max": 325.551452637, "mean": 14.8433589935, "median": 4.90245723724, "min": 1.04704310179e-16, "var": 774.244140625}, "melbands": {"dmean": [7.33585256967e-05, 0.000105870436528, 9.03183099581e-05, 4.74656553706e-05, 3.16419791488e-05, 6.24627064099e-05, 5.28683667653e-05, 5.46437950106e-05, 0.000101535035355, 0.000129871739773, 0.000169782448211, 0.000150863503222, 4.38270981249e-05, 5.4268995882e-05, 5.37039377377e-05, 6.2609287852e-05, 6.17225305177e-05, 6.14554519416e-05, 2.16708613152e-05, 1.58218845172e-05, 1.42777589645e-05, 1.61548305186e-05, 1.02768026409e-05, 6.82250765749e-06, 3.27180600834e-06, 3.16710315929e-06, 1.88943511148e-06, 1.29443151309e-06, 9.42361737089e-07, 1.07233347535e-06, 6.91730804192e-07, 5.37290020475e-07, 3.43794170021e-07, 2.49447140277e-07, 1.44927966517e-07, 1.07101357116e-07, 8.6573407998e-08, 6.41787210043e-08, 4.34908855595e-08, 3.29106875085e-08], "dmean2": [0.000119751028251, 0.000174864107976, 0.00013582331303, 7.61222981964e-05, 4.96813481732e-05, 0.000104032202216, 8.83285538293e-05, 8.92699317774e-05, 0.000159848787007, 0.000191064449609, 0.000249269360211, 0.000218802219024, 6.39576537651e-05, 8.16254032543e-05, 7.84228541306e-05, 8.72086093295e-05, 8.79706130945e-05, 9.01345920283e-05, 3.09395363729e-05, 2.28411481658e-05, 2.03317467822e-05, 2.34788003581e-05, 1.55445613927e-05, 1.02611729744e-05, 4.76767445434e-06, 4.79791651742e-06, 2.8887454846e-06, 1.97177951122e-06, 1.45393812545e-06, 1.6851458895e-06, 1.0321297168e-06, 7.9385057461e-07, 5.02406294345e-07, 3.72265930082e-07, 2.1577103837e-07, 1.59199601057e-07, 1.26208419715e-07, 9.54637968675e-08, 6.3749588719e-08, 4.83365241166e-08], "dvar": [2.17819184911e-08, 5.07493709279e-08, 5.82513450809e-08, 2.05042791634e-08, 6.15559869743e-09, 3.79385873828e-08, 3.85380367618e-08, 3.26568709852e-08, 1.25733265577e-07, 4.74941401762e-07, 6.43833971026e-07, 4.86917429043e-07, 8.17745444692e-08, 7.64166685485e-08, 5.3817878154e-08, 8.60180975337e-08, 1.10599849279e-07, 7.07546519152e-08, 5.22005905168e-09, 3.92716792419e-09, 1.53606971587e-09, 2.19456275374e-09, 8.51432369053e-10, 5.89514825844e-10, 8.68812868871e-11, 6.76147679513e-11, 2.82347496078e-11, 1.43807864922e-11, 9.93675020738e-12, 1.33708565053e-11, 5.73789670291e-12, 3.02474213211e-12, 1.06400294391e-12, 6.52931539131e-13, 2.45713795448e-13, 1.33328732169e-13, 6.54027545554e-14, 3.55710503641e-14, 1.89599804091e-14, 1.01057569702e-14], "dvar2": [5.37141744417e-08, 1.41765809758e-07, 1.50088453665e-07, 4.97611516437e-08, 1.40657103742e-08, 9.90681172652e-08, 1.01415800202e-07, 8.20689578518e-08, 3.06090186086e-07, 9.77815375336e-07, 1.31567003336e-06, 9.44971930039e-07, 1.51631084577e-07, 1.63538246056e-07, 1.04823016045e-07, 1.78512806315e-07, 2.06613989917e-07, 1.64555459037e-07, 1.04309503257e-08, 6.75867584121e-09, 3.22048077095e-09, 4.65746108347e-09, 1.82554005246e-09, 1.39403333321e-09, 1.75486597476e-10, 1.44273995528e-10, 6.50851525452e-11, 3.29580911174e-11, 2.38770739291e-11, 3.16475769202e-11, 1.365017821e-11, 6.95481649701e-12, 2.36627557826e-12, 1.58874963966e-12, 5.4364705012e-13, 2.98145866719e-13, 1.41105280672e-13, 7.81583117996e-14, 4.18948018367e-14, 2.17106707774e-14], "max": [0.00309203751385, 0.00537564791739, 0.00610740063712, 0.0036728112027, 0.0023110138718, 0.0075370031409, 0.0064376690425, 0.00497353216633, 0.0101290373132, 0.0192866139114, 0.0323191732168, 0.0350859388709, 0.0163145549595, 0.0121645107865, 0.00747494352981, 0.0137249203399, 0.019927740097, 0.0135690076277, 0.00292069278657, 0.00346049130894, 0.00128519558348, 0.000793106388301, 0.000800318957772, 0.000827952928375, 0.000306088040816, 0.000254324433627, 0.000115363611258, 9.25759668462e-05, 6.94620321156e-05, 8.43918387545e-05, 4.82623690914e-05, 2.790491817e-05, 2.10953985516e-05, 1.96819837583e-05, 1.55628986249e-05, 1.1154988897e-05, 5.21988067703e-06, 4.71182374895e-06, 5.43104260942e-06, 3.22362257066e-06], "mean": [0.000371566275135, 0.000333254312864, 0.000305784313241, 8.86726556928e-05, 5.52650308236e-05, 9.95161317405e-05, 8.28073752928e-05, 7.84606017987e-05, 0.000152178588905, 0.00020090288308, 0.000362531049177, 0.000357065058779, 7.18561277608e-05, 8.87988280738e-05, 8.94997792784e-05, 9.48932720348e-05, 9.68309686868e-05, 0.000107646672404, 3.81026657124e-05, 3.13374912366e-05, 2.75052443612e-05, 2.77832459687e-05, 1.76085377461e-05, 1.11499975901e-05, 5.6162502915e-06, 5.64156061955e-06, 3.44913132722e-06, 2.48550077231e-06, 1.71892168055e-06, 1.69691384144e-06, 1.07824735096e-06, 8.83883444658e-07, 6.37482571619e-07, 4.26045119184e-07, 2.55202053268e-07, 1.84575952744e-07, 1.52847974277e-07, 1.12035550615e-07, 7.74396013981e-08, 5.95480500465e-08], "median": [0.000304619898088, 0.000217431021156, 0.000129580366774, 2.01597631531e-05, 2.21252303163e-05, 3.33290627168e-05, 1.64541579579e-05, 1.39434123412e-05, 1.90890059457e-05, 1.62083942996e-05, 1.85397784662e-05, 1.64305365615e-05, 6.40586677036e-06, 1.17035951916e-05, 1.08945705506e-05, 1.13172181955e-05, 9.44803286984e-06, 1.30973558043e-05, 7.19462104826e-06, 4.82805035062e-06, 4.81161305288e-06, 4.86156795887e-06, 3.80009100809e-06, 2.00241652237e-06, 1.12763621019e-06, 1.17637330277e-06, 6.38974711364e-07, 2.56995434711e-07, 1.56498813908e-07, 1.36763148362e-07, 1.15458391292e-07, 8.62554685455e-08, 8.60976498984e-08, 7.27667384126e-08, 3.21741175924e-08, 3.73860515879e-08, 3.03102609678e-08, 2.05928500918e-08, 1.92134876897e-08, 1.33849420436e-08], "min": [6.55832381849e-25, 7.99451609393e-25, 7.90037688476e-25, 1.03664418631e-24, 1.67994082882e-24, 1.57077056536e-24, 2.81108710031e-24, 1.29742523271e-24, 1.16763542709e-24, 1.50926919425e-24, 1.65219008268e-24, 1.20610876508e-24, 2.65015493969e-24, 2.7815247351e-24, 2.55237799707e-24, 2.30349040932e-24, 2.59841217241e-24, 3.27134917875e-24, 2.55770852743e-24, 1.76524824711e-24, 3.28726720853e-24, 3.67799849514e-24, 3.3621827649e-24, 3.54580867882e-24, 3.63227059504e-24, 3.94903216951e-24, 3.49096706869e-24, 4.53235142157e-24, 5.28721360507e-24, 5.20945124691e-24, 4.63224251142e-24, 5.33403368308e-24, 4.95866171551e-24, 5.99318061194e-24, 4.40342393953e-24, 4.87288689714e-24, 6.38467610755e-24, 5.18644569633e-24, 6.17289693121e-24, 6.42426706423e-24], "var": [1.29124913428e-07, 1.57681057544e-07, 2.22215319923e-07, 3.86725815815e-08, 1.32941071485e-08, 6.82312091271e-08, 6.01375802489e-08, 5.30365191764e-08, 2.28247245104e-07, 9.75499688138e-07, 3.40116253028e-06, 3.23341851072e-06, 2.09037764876e-07, 1.32973525524e-07, 1.1940331035e-07, 1.5666394404e-07, 3.08242107394e-07, 2.13852430875e-07, 1.29815855843e-08, 1.56336223966e-08, 4.65411087447e-09, 4.8084562998e-09, 1.94270999287e-09, 1.02995512119e-09, 1.7238284411e-10, 1.64803781733e-10, 5.42854303176e-11, 3.99269263485e-11, 2.09094633968e-11, 2.50374044414e-11, 9.72198623689e-12, 6.09651782182e-12, 2.88407839277e-12, 1.40398847062e-12, 5.78057296041e-13, 3.07076873695e-13, 1.78619705832e-13, 1.00580087065e-13, 4.39635781664e-14, 2.65093766979e-14]}, "melbands_crest": {"dmean": 2.63706803322, "dmean2": 4.21283626556, "dvar": 7.0993347168, "dvar2": 17.1076564789, "max": 35.4429626465, "mean": 13.8610486984, "median": 13.2361707687, "min": 1.65767765045, "var": 31.2282390594}, "melbands_flatness_db": {"dmean": 0.0213789343834, "dmean2": 0.0299011543393, "dvar": 0.000560715561733, "dvar2": 0.00102358171716, "max": 0.511238694191, "mean": 0.221290946007, "median": 0.221225813031, "min": 0.00287977000698, "var": 0.0058578196913}, "melbands_kurtosis": {"dmean": 3.71186828613, "dmean2": 5.63816595078, "dvar": 87.4011535645, "dvar2": 194.369186401, "max": 322.677581787, "mean": 6.04920578003, "median": 1.63853311539, "min": -1.90179896355, "var": 222.087402344}, "melbands_skewness": {"dmean": 0.553953111172, "dmean2": 0.815443515778, "dvar": 0.453602045774, "dvar2": 0.949885010719, "max": 13.8790645599, "mean": 1.4736096859, "median": 1.19054794312, "min": -2.72497701645, "var": 2.5766685009}, "melbands_spread": {"dmean": 6.44459915161, "dmean2": 9.61165714264, "dvar": 59.4847221375, "dvar2": 119.246147156, "max": 196.43182373, "mean": 29.0991840363, "median": 24.8788528442, "min": 0.863473594189, "var": 481.983795166}, "mfcc": {"cov": [[12012.3125, 695.175170898, -1147.6875, 631.465820313, -112.142616272, 83.876701355, -162.536636353, 70.0606842041, 54.1807403564, -47.7070541382, -80.586151123, -41.1999511719, -64.4468841553], [695.175170898, 1436.78186035, -12.8846597672, -49.7554702759, 103.862388611, 44.8017120361, 102.738288879, 151.182815552, 20.8165206909, -11.6880064011, 33.9043998718, 35.7138442993, 4.0331492424], [-1147.6875, -12.8846597672, 1294.76281738, 285.824859619, 42.7211112976, 292.278289795, 150.870483398, -32.4758872986, 95.8979187012, 41.0539207458, -11.1792879105, 40.2474212646, -10.9622592926], [631.465820313, -49.7554702759, 285.824859619, 594.712036133, 168.072647095, 75.4088821411, 50.6421127319, -39.2173309326, 75.0083236694, 103.281951904, -2.57757592201, -8.12874603271, 50.1999206543], [-112.142616272, 103.862388611, 42.7211112976, 168.072647095, 321.032684326, 109.987716675, 32.9106559753, 5.42434215546, 28.2207813263, 76.4389953613, 22.0703811646, -27.6486167908, 10.4092960358], [83.876701355, 44.8017120361, 292.278289795, 75.4088821411, 109.987716675, 283.289459229, 104.016082764, -6.78953695297, 48.8003082275, 30.8489513397, -1.23032522202, -19.9787693024, -14.421043396], [-162.536636353, 102.738288879, 150.870483398, 50.6421127319, 32.9106559753, 104.016082764, 215.173355103, 94.9879837036, 29.0586681366, 11.1685533524, 28.4664974213, 14.8742809296, -5.32555198669], [70.0606842041, 151.182815552, -32.4758872986, -39.2173309326, 5.42434215546, -6.78953695297, 94.9879837036, 207.784683228, 49.7280426025, -30.746925354, 22.8389148712, 38.0549888611, 3.62990427017], [54.1807403564, 20.8165206909, 95.8979187012, 75.0083236694, 28.2207813263, 48.8003082275, 29.0586681366, 49.7280426025, 168.037887573, 71.7434387207, -14.0892896652, -7.12796640396, 23.8255882263], [-47.7070541382, -11.6880064011, 41.0539207458, 103.281951904, 76.4389953613, 30.8489513397, 11.1685533524, -30.746925354, 71.7434387207, 169.030426025, 45.133808136, -32.1559410095, 19.4391613007], [-80.586151123, 33.9043998718, -11.1792879105, -2.57757592201, 22.0703811646, -1.23032522202, 28.4664974213, 22.8389148712, -14.0892896652, 45.133808136, 121.737419128, 53.7485466003, -6.4756860733], [-41.1999511719, 35.7138442993, 40.2474212646, -8.12874603271, -27.6486167908, -19.9787693024, 14.8742809296, 38.0549888611, -7.12796640396, -32.1559410095, 53.7485466003, 152.093795776, 52.5784873962], [-64.4468841553, 4.0331492424, -10.9622592926, 50.1999206543, 10.4092960358, -14.421043396, -5.32555198669, 3.62990427017, 23.8255882263, 19.4391613007, -6.4756860733, 52.5784873962, 154.602111816]], "icov": [[0.000150243999087, -9.98361865641e-05, 0.000279832514934, -0.000406358070904, 0.00036835501669, -0.000472851970699, 0.000306818663375, -0.000180832081242, 4.06764920626e-05, -9.46996988205e-06, 0.00010676572856, -0.000119531177916, 0.000202974551939], [-9.98361865641e-05, 0.000850727083161, -0.00019094797608, 0.000400143268052, -0.000551961362362, 0.000302356551401, -0.000347386056092, -0.000357214390533, 4.7921861551e-05, -1.07954047053e-05, -4.77348512504e-05, -2.52259596891e-05, -0.000144938836456], [0.000279832514934, -0.00019094797608, 0.00176195299719, -0.00128119671717, 0.00115677691065, -0.0020336387679, 0.000207095959922, 3.38845675287e-05, -0.000220598347369, -9.13754629437e-05, 0.000590813462622, -0.00102119043004, 0.000818860833533], [-0.000406358070904, 0.000400143268052, -0.00128119671717, 0.00366357108578, -0.00234571821056, 0.00206958432682, -0.00158574909437, 0.00123594142497, -0.000691984430887, -0.000602350162808, 0.000178429618245, 0.000165446384926, -0.00105932564475], [0.00036835501669, -0.000551961362362, 0.00115677691065, -0.00234571821056, 0.00587385334074, -0.00354927359149, 0.00174670887645, -0.00165334867779, 0.00126188690774, -0.00171726511326, -5.44017930224e-05, 0.000247302843491, 0.000319141283398], [-0.000472851970699, 0.000302356551401, -0.0020336387679, 0.00206958432682, -0.00354927359149, 0.0084070423618, -0.004123382736, 0.00283835572191, -0.00213242857717, 0.00134394399356, -0.000676631228998, 0.00119131617248, -0.000480562943267], [0.000306818663375, -0.000347386056092, 0.000207095959922, -0.00158574909437, 0.00174670887645, -0.004123382736, 0.00912723876536, -0.00500607118011, 0.00172617414501, -0.00116203550715, -0.000650532427244, 8.02521026344e-05, 0.000421809498221], [-0.000180832081242, -0.000357214390533, 3.38845675287e-05, 0.00123594142497, -0.00165334867779, 0.00283835572191, -0.00500607118011, 0.0100064259022, -0.00518174609169, 0.00443781586364, -0.00257090991363, -0.000136287679197, -0.000317060184898], [4.06764920626e-05, 4.7921861551e-05, -0.000220598347369, -0.000691984430887, 0.00126188690774, -0.00213242857717, 0.00172617414501, -0.00518174609169, 0.0114824185148, -0.0073318220675, 0.00512283248827, -0.00175370019861, 8.53301753523e-05], [-9.46996988205e-06, -1.07954047053e-05, -9.13754629437e-05, -0.000602350162808, -0.00171726511326, 0.00134394399356, -0.00116203550715, 0.00443781586364, -0.0073318220675, 0.0147916395217, -0.00936915911734, 0.00594343710691, -0.00286148744635], [0.00010676572856, -4.77348512504e-05, 0.000590813462622, 0.000178429618245, -5.44017930224e-05, -0.000676631228998, -0.000650532427244, -0.00257090991363, 0.00512283248827, -0.00936915911734, 0.0171159431338, -0.00869522709399, 0.00407085288316], [-0.000119531177916, -2.52259596891e-05, -0.00102119043004, 0.000165446384926, 0.000247302843491, 0.00119131617248, 8.02521026344e-05, -0.000136287679197, -0.00175370019861, 0.00594343710691, -0.00869522709399, 0.0131671354175, -0.00539411697537], [0.000202974551939, -0.000144938836456, 0.000818860833533, -0.00105932564475, 0.000319141283398, -0.000480562943267, 0.000421809498221, -0.000317060184898, 8.53301753523e-05, -0.00286148744635, 0.00407085288316, -0.00539411697537, 0.00926593597978]], "mean": [-735.315368652, 134.640899658, -29.6851844788, 11.2042255402, 8.1922121048, 8.83155155182, 2.06896972656, 8.25173187256, 4.18323850632, 6.88183689117, 5.27586126328, 0.325480550528, -0.948358237743]}, "pitch_salience": {"dmean": 0.0574924573302, "dmean2": 0.0915224403143, "dvar": 0.00299402861856, "dvar2": 0.00707506434992, "max": 0.877861559391, "mean": 0.50795930624, "median": 0.49590459466, "min": 0.134482115507, "var": 0.0130759561434}, "silence_rate_20dB": {"dmean": 0, "dmean2": 0, "dvar": 0, "dvar2": 0, "max": 1, "mean": 1, "median": 1, "min": 1, "var": 0}, "silence_rate_30dB": {"dmean": 0.00596760446206, "dmean2": 0.0119369048625, "dvar": 0.00593214062974, "dvar2": 0.0134996185079, "max": 1, "mean": 0.983236253262, "median": 1, "min": 0, "var": 0.0164836142212}, "silence_rate_60dB": {"dmean": 0.0605285577476, "dmean2": 0.121074318886, "dvar": 0.0568634234369, "dvar2": 0.120051078498, "max": 1, "mean": 0.227731212974, "median": 0, "min": 0, "var": 0.175875887275}, "spectral_centroid": {"dmean": 197.16343689, "dmean2": 287.242828369, "dvar": 73139.6640625, "dvar2": 138871.890625, "max": 11913.1318359, "mean": 1567.26342773, "median": 1341.89355469, "min": 180.090438843, "var": 2076776.875}, "spectral_complexity": {"dmean": 2.51747655869, "dmean2": 3.73710393906, "dvar": 13.6061983109, "dvar2": 25.5635147095, "max": 57, "mean": 11.4575929642, "median": 10, "min": 0, "var": 68.0771255493}, "spectral_contrast_coeffs": {"dmean": [0.03866147995, 0.0469199754298, 0.0393188744783, 0.0348018296063, 0.026220118627, 0.0162079744041], "dmean2": [0.0636156275868, 0.0757482647896, 0.0613713487983, 0.0529148988426, 0.0384320430458, 0.0251305345446], "dvar": [0.00109699822497, 0.00167998683173, 0.00127036252525, 0.00103034556378, 0.000704973004758, 0.000281295389868], "dvar2": [0.00283285230398, 0.0041471766308, 0.00277934689075, 0.00202618911862, 0.00124554475769, 0.000588636030443], "max": [-0.411301732063, -0.271070539951, -0.357111871243, -0.416751146317, -0.523730695248, -0.63375133276], "mean": [-0.703947842121, -0.727863848209, -0.728749275208, -0.726496756077, -0.757050514221, -0.779242813587], "median": [-0.70220887661, -0.734798967838, -0.739710867405, -0.729818940163, -0.762665092945, -0.784959197044], "min": [-0.984854757786, -0.977434337139, -0.97398763895, -0.976459801197, -0.969026565552, -0.965098440647], "var": [0.00733695318922, 0.00825609918684, 0.00968721136451, 0.00686756102368, 0.00602900190279, 0.00263310992159]}, "spectral_contrast_valleys": {"dmean": [0.358003795147, 0.387637108564, 0.34688153863, 0.319292575121, 0.283217221498, 0.280301511288], "dmean2": [0.585881650448, 0.620407283306, 0.539122700691, 0.485807687044, 0.399128675461, 0.36822411418], "dvar": [0.125652641058, 0.168728485703, 0.149218723178, 0.128389641643, 0.133259043097, 0.136008262634], "dvar2": [0.270298242569, 0.35665550828, 0.298666447401, 0.234216824174, 0.226528212428, 0.23358348012], "max": [-6.02150297165, -4.61326503754, -5.14108800888, -5.36143302917, -5.67516422272, -8.77514266968], "mean": [-8.58602619171, -8.17159557343, -8.42586040497, -8.79198551178, -9.08135795593, -11.7280054092], "median": [-7.89666843414, -7.77718019485, -8.01598072052, -8.41854667664, -8.77506828308, -11.3985214233], "min": [-28.2431755066, -27.9410438538, -27.8305778503, -27.7199554443, -27.6008529663, -27.412405014], "var": [8.38666725159, 8.38057518005, 8.12760639191, 7.93363142014, 7.78851747513, 5.77666664124]}, "spectral_decrease": {"dmean": 1.01739383584e-09, "dmean2": 1.44259371115e-09, "dvar": 4.51861099446e-18, "dvar2": 8.86997847678e-18, "max": 2.01105965905e-28, "mean": -3.4838500973e-09, "median": -1.71796721293e-09, "min": -6.62367725113e-08, "var": 3.38785815767e-17}, "spectral_energy": {"dmean": 0.00425511365756, "dmean2": 0.0059985332191, "dvar": 7.86662130849e-05, "dvar2": 0.000152663633344, "max": 0.275033921003, "mean": 0.0144952079281, "median": 0.00696032727137, "min": 9.85578672053e-21, "var": 0.000595432764385}, "spectral_energyband_high": {"dmean": 8.3695849753e-05, "dmean2": 0.000116412498755, "dvar": 6.65003341282e-08, "dvar2": 1.42874981179e-07, "max": 0.00530690560117, "mean": 0.000174024404259, "median": 2.71709977824e-05, "min": 7.11443423793e-21, "var": 1.91391677618e-07}, "spectral_energyband_low": {"dmean": 0.000531355384737, "dmean2": 0.000851520395372, "dvar": 1.29049010411e-06, "dvar2": 3.46995011569e-06, "max": 0.028590599075, "mean": 0.00235374155454, "median": 0.00183691445272, "min": 1.34048972145e-23, "var": 5.76258253204e-06}, "spectral_energyband_middle_high": {"dmean": 0.00285364990123, "dmean2": 0.00392325175926, "dvar": 5.36652332812e-05, "dvar2": 0.000101452620584, "max": 0.270751655102, "mean": 0.00830767396837, "median": 0.00195839488879, "min": 1.22196730213e-21, "var": 0.000448408856755}, "spectral_energyband_middle_low": {"dmean": 0.00194953556638, "dmean2": 0.00292499782518, "dvar": 2.84563629975e-05, "dvar2": 5.80563755648e-05, "max": 0.16647644341, "mean": 0.00440425891429, "median": 0.00190368655603, "min": 1.40710785739e-22, "var": 8.78613209352e-05}, "spectral_entropy": {"dmean": 0.170483320951, "dmean2": 0.244858637452, "dvar": 0.0335775576532, "dvar2": 0.0623638816178, "max": 9.82166862488, "mean": 7.2109670639, "median": 7.19264984131, "min": 5.32832193375, "var": 0.363499313593}, "spectral_flux": {"dmean": 0.0181057453156, "dmean2": 0.0277307797223, "dvar": 0.000619262747932, "dvar2": 0.00136965664569, "max": 0.501705944538, "mean": 0.0511905699968, "median": 0.0361823327839, "min": 6.27003240994e-11, "var": 0.00234898901545}, "spectral_kurtosis": {"dmean": 2.94875359535, "dmean2": 5.01424598694, "dvar": 15.5376062393, "dvar2": 44.958065033, "max": 62.882938385, "mean": 8.65348052979, "median": 6.80332517624, "min": -1.28298079967, "var": 46.9419212341}, "spectral_rms": {"dmean": 0.000478936650325, "dmean2": 0.000652119750157, "dvar": 4.73819994795e-07, "dvar2": 8.51415109082e-07, "max": 0.0163806527853, "mean": 0.00308465911075, "median": 0.00260587083176, "min": 3.10087112237e-12, "var": 4.6265167839e-06}, "spectral_rolloff": {"dmean": 287.243896484, "dmean2": 470.46081543, "dvar": 266049.5625, "dvar2": 521715.15625, "max": 19487.5488281, "mean": 1819.57336426, "median": 1485.79101563, "min": 64.599609375, "var": 6334467}, "spectral_skewness": {"dmean": 0.289927065372, "dmean2": 0.478686600924, "dvar": 0.106961362064, "dvar2": 0.292128682137, "max": 5.62908697128, "mean": 1.95031785965, "median": 1.89114797115, "min": -0.106639683247, "var": 0.519924938679}, "spectral_spread": {"dmean": 418441.625, "dmean2": 64