{"lowlevel": {"average_loudness": 0.638076543808, "barkbands": {"dmean": [3.6544057366e-05, 0.00189233466517, 0.00128432968631, 0.00153077591676, 0.00144203845412, 0.00214334973134, 0.00102770887315, 0.00068875629222, 0.000638411962427, 0.000601847132202, 0.000640514830593, 0.000312072370434, 0.000222047048737, 0.000133954745252, 0.000232980833971, 9.35390635277e-05, 0.000110452798253, 0.000138517934829, 0.000276112026768, 0.0001509799622, 4.66207056888e-05, 2.99850653391e-05, 3.47601053363e-05, 5.34830687684e-05, 4.41459014837e-05, 1.58319726324e-05, 3.47722107108e-06], "dmean2": [5.50441545784e-05, 0.00318834115751, 0.00221391324885, 0.00258119567297, 0.00239889859222, 0.00345576507971, 0.0016500208294, 0.00108523003291, 0.000981783843599, 0.000945183390286, 0.00101348664612, 0.000506116834003, 0.000355924916221, 0.000217889406485, 0.000363666127669, 0.000151918487973, 0.000177738183993, 0.000223219525651, 0.000440738454927, 0.000237282976741, 7.12756591383e-05, 4.2417752411e-05, 5.05123025505e-05, 7.63025891501e-05, 6.16792895016e-05, 2.17072083615e-05, 4.08855794376e-06], "dvar": [1.62963209593e-09, 1.23767440527e-05, 4.31982516602e-06, 1.16077226266e-05, 4.38408687842e-06, 1.32935219881e-05, 3.57380304195e-06, 1.63485481153e-06, 1.55138161517e-06, 2.25200460591e-06, 3.38541576639e-06, 8.16718966234e-07, 4.95384597343e-07, 1.802157783e-07, 5.62815444027e-07, 7.28178619624e-08, 1.15417982727e-07, 1.20508616419e-07, 5.80459470712e-07, 2.12474958516e-07, 2.49861429324e-08, 1.11045448392e-08, 3.16578478987e-08, 1.18955952644e-07, 8.11783280597e-08, 1.21320633539e-08, 9.37153826763e-11], "dvar2": [3.54349216636e-09, 4.0286762669e-05, 1.11456929517e-05, 2.99618495774e-05, 1.16653091027e-05, 3.31038972945e-05, 8.784109923e-06, 3.90639661418e-06, 3.41320856023e-06, 5.28821556145e-06, 8.30931639939e-06, 2.15091768041e-06, 1.27793634874e-06, 4.3306323505e-07, 1.33335254304e-06, 1.81561105705e-07, 2.73582514865e-07, 3.00447254631e-07, 1.3765093172e-06, 5.19635023011e-07, 5.72289842182e-08, 2.41012720892e-08, 7.47565707115e-08, 2.40579026922e-07, 1.58043405918e-07, 2.04647037094e-08, 1.22237012179e-10], "max": [0.000630662369076, 0.0453952886164, 0.0278670173138, 0.0415415279567, 0.0364713333547, 0.0711824595928, 0.0438890308142, 0.0260395649821, 0.0465598218143, 0.0483426116407, 0.0564870387316, 0.0294694006443, 0.0274495668709, 0.0172046702355, 0.0227224566042, 0.00716622546315, 0.0119202015921, 0.00949486717582, 0.0220707263798, 0.0130886835977, 0.00571128446609, 0.00334220379591, 0.00597173022106, 0.0137589676306, 0.0111292060465, 0.00631211744621, 0.000157650007168], "mean": [5.94785633439e-05, 0.00356226996519, 0.00128216529265, 0.00150269083679, 0.0022548509296, 0.00396331353113, 0.00176178500988, 0.00125457590912, 0.00119636196177, 0.000998031580821, 0.00105939526111, 0.000577713653911, 0.000370375695638, 0.00019440658798, 0.000381327612558, 0.000143508368637, 0.000176560686668, 0.000243688453338, 0.000527201744262, 0.000274546182482, 7.39728784538e-05, 5.01770227856e-05, 5.73331417399e-05, 9.05167835299e-05, 7.2361632192e-05, 2.51044766628e-05, 5.23790504303e-06], "median": [4.31051375926e-05, 0.00261960783973, 0.000556457904167, 0.000614137621596, 0.0014082697453, 0.00168836105149, 0.000776262837462, 0.000565992260817, 0.000508096127305, 0.000248141790507, 0.000231464087847, 0.000125781778479, 6.7432250944e-05, 5.44800641364e-05, 4.588477168e-05, 3.77512442356e-05, 4.22500161221e-05, 6.15671087871e-05, 0.000103194041003, 5.57005259907e-05, 1.38399755087e-05, 8.59982719703e-06, 1.0305354408e-05, 9.23347397475e-06, 6.57781038171e-06, 2.18095556193e-06, 1.62412788995e-07], "min": [1.06712997813e-11, 1.36023319344e-11, 1.68639611282e-13, 2.66688472521e-13, 5.39755740103e-13, 6.01481755028e-13, 3.65118281746e-13, 4.61758018974e-13, 1.38454609648e-13, 1.6821862913e-13, 1.9669106567e-13, 3.12403586073e-13, 5.11611586429e-13, 3.93320114976e-13, 4.64021995741e-13, 7.02919439235e-13, 3.93368849863e-13, 8.38469376395e-13, 7.65496769705e-13, 7.61128464942e-13, 1.11261997879e-12, 1.61325878871e-12, 2.26198638813e-12, 4.25481091332e-12, 4.18820663914e-12, 7.28120428534e-12, 1.60629200913e-11], "var": [3.24108118122e-09, 1.39154299177e-05, 4.39556242782e-06, 9.99895655696e-06, 7.17675311535e-06, 3.89497690776e-05, 7.92630817159e-06, 4.05962009609e-06, 5.03170076627e-06, 5.34379569217e-06, 8.29715918371e-06, 2.58663772001e-06, 1.22102744626e-06, 2.85643977804e-07, 1.31756189603e-06, 1.22385216628e-07, 2.13339873767e-07, 2.85987681536e-07, 1.52080804128e-06, 4.94200037338e-07, 4.99263848042e-08, 2.46978615337e-08, 5.58753043833e-08, 2.75152018503e-07, 1.99182622396e-07, 2.9448550265e-08, 2.45350323391e-10]}, "barkbands_crest": {"dmean": 2.60437989235, "dmean2": 4.23980045319, "dvar": 5.31628274918, "dvar2": 13.5869941711, "max": 26.4277706146, "mean": 9.66621780396, "median": 8.74086380005, "min": 2.33786845207, "var": 16.2080020905}, "barkbands_flatness_db": {"dmean": 0.0220654197037, "dmean2": 0.0337607748806, "dvar": 0.000452821695944, "dvar2": 0.00105265702587, "max": 0.354047179222, "mean": 0.154631242156, "median": 0.147941321135, "min": 0.0263599865139, "var": 0.00284227426164}, "barkbands_kurtosis": {"dmean": 2.60334062576, "dmean2": 4.16771316528, "dvar": 17.7055034637, "dvar2": 44.9793052673, "max": 145.106063843, "mean": 4.22692584991, "median": 2.55633187294, "min": -1.89901924133, "var": 37.6604042053}, "barkbands_skewness": {"dmean": 0.489739894867, "dmean2": 0.756938695908, "dvar": 0.232411205769, "dvar2": 0.543765723705, "max": 11.9936914444, "mean": 1.3179295063, "median": 1.23788809776, "min": -2.11138939857, "var": 1.14717698097}, "barkbands_spread": {"dmean": 4.47589921951, "dmean2": 6.91429853439, "dvar": 38.6624565125, "dvar2": 73.9345245361, "max": 133.571578979, "mean": 17.3124961853, "median": 13.2186155319, "min": 1.25140428543, "var": 191.660079956}, "dissonance": {"dmean": 0.0262686926872, "dmean2": 0.0442009977996, "dvar": 0.0006037048297, "dvar2": 0.00165361666586, "max": 0.500000059605, "mean": 0.451513141394, "median": 0.459678709507, "min": 0.264088213444, "var": 0.00126815424301}, "dynamic_complexity": 4.52581977844, "erbbands": {"dmean": [0.0358341410756, 0.488092750311, 1.23820388317, 3.8623790741, 4.67513895035, 5.03391504288, 9.87953281403, 19.7629032135, 16.164850235, 15.0395021439, 13.9470844269, 12.7521934509, 18.7475967407, 22.3895816803, 13.7429075241, 13.3008508682, 9.68568611145, 7.65672492981, 7.76960229874, 9.83920955658, 5.31013059616, 4.86794471741, 6.7777223587, 12.6821508408, 12.0251016617, 5.60293722153, 2.4502055645, 1.46680128574, 1.06513392925, 1.04764056206, 0.98629796505, 0.942321538925, 1.01701664925, 0.528421700001, 0.301042467356, 0.115047007799, 0.0201665256172, 0.00299886777066, 0.000630145601463, 4.01967190555e-05], "dmean2": [0.0536276549101, 0.835778474808, 2.1215877533, 6.48664617538, 8.08834075928, 8.36552906036, 16.0609207153, 31.8113517761, 25.9662017822, 23.6228542328, 22.2628746033, 19.6530799866, 29.7069168091, 35.8480148315, 21.7693004608, 21.5701961517, 15.5334968567, 12.2763195038, 12.3403596878, 15.4938564301, 8.31094551086, 7.66469049454, 10.7602567673, 19.9336528778, 19.1728630066, 8.85248470306, 3.72279834747, 2.2152993679, 1.51001405716, 1.48005199432, 1.43519771099, 1.35940957069, 1.44809556007, 0.75417727232, 0.429889261723, 0.15855909884, 0.0277406256646, 0.00365108344704, 0.000738769012969, 4.74827138532e-05], "dvar": [0.00247459649108, 0.952767848969, 5.40382623672, 60.4342842102, 84.7029037476, 65.4543685913, 296.543365479, 1400.54150391, 954.425476074, 760.15447998, 727.114074707, 804.822021484, 2220.55712891, 3859.64672852, 1329.6854248, 1675.90429688, 834.285095215, 501.33505249, 578.801757812, 1026.96813965, 215.374237061, 207.300338745, 351.525756836, 1188.58728027, 1307.83605957, 222.050537109, 64.5566711426, 21.0532531738, 13.6503210068, 18.5395946503, 25.6173095703, 32.3465652466, 49.3547019958, 10.9676179886, 5.0837469101, 0.641632974148, 0.0227749254555, 0.000105037892354, 3.19488481182e-06, 7.97024579668e-09], "dvar2": [0.00697250897065, 3.0810379982, 14.1842031479, 153.900283813, 232.97315979, 174.894042969, 740.465637207, 3366.92651367, 2407.79516602, 1811.48974609, 1902.85791016, 1789.7479248, 5605.50732422, 9456.50097656, 3211.90820312, 4486.90136719, 2135.27294922, 1184.05078125, 1314.87243652, 2475.18261719, 500.46762085, 500.134155273, 872.735778809, 2756.3815918, 3095.25585938, 524.430175781, 146.555114746, 46.7072563171, 30.533996582, 40.6496315002, 59.847492218, 63.395526886, 105.80770874, 21.1169528961, 10.70840168, 1.14870333672, 0.0408098734915, 0.00016824445629, 4.03118974646e-06, 1.05533093375e-08], "max": [0.788087904453, 12.4032239914, 34.2750434875, 113.413604736, 139.872238159, 196.72895813, 431.379486084, 856.903137207, 653.310424805, 560.967285156, 543.652893066, 1237.82397461, 1103.58410645, 2253.87695312, 1075.74963379, 1368.87390137, 1020.17657471, 684.788635254, 976.847961426, 1027.95300293, 495.135650635, 819.938415527, 683.417358398, 1301.90722656, 1391.49169922, 450.129394531, 392.293273926, 166.960174561, 126.559715271, 142.730712891, 180.042526245, 274.803131104, 316.749023438, 123.417060852, 114.952377319, 49.9979362488, 8.93654632568, 0.462805718184, 0.0294965580106, 0.00153303332627], "mean": [0.0875123217702, 0.858399868011, 1.42125833035, 3.96218729019, 5.21819734573, 7.84684324265, 18.1701278687, 34.9558296204, 28.8255310059, 28.1922035217, 26.8593502045, 25.3591251373, 34.4934883118, 40.8561973572, 25.3115959167, 25.6039485931, 17.5871124268, 13.0829210281, 13.317317009, 16.6801548004, 9.63679122925, 9.04770374298, 12.7393760681, 24.3733100891, 24.123128891, 11.1837654114, 4.2102689743, 2.40529036522, 1.76778650284, 1.78679585457, 1.60968315601, 1.57702064514, 1.67081284523, 0.875176370144, 0.470301777124, 0.177991449833, 0.0318293496966, 0.00494335638359, 0.000979577773251, 7.86086602602e-05], "median": [0.0706747323275, 0.615249693394, 0.732975661755, 1.78475189209, 2.82956075668, 4.452293396, 8.88485336304, 13.5820627213, 12.7972946167, 14.0404615402, 13.4523153305, 10.6986923218, 9.32824230194, 10.3507175446, 6.7305560112, 5.8212852478, 4.24177503586, 3.64894390106, 2.64009642601, 2.6161942482, 2.40705013275, 2.44478845596, 3.27709102631, 4.88607645035, 4.87110567093, 2.63465213776, 0.965937852859, 0.439442276955, 0.289073526859, 0.357368290424, 0.279034405947, 0.189835444093, 0.150465592742, 0.0864077806473, 0.0374488383532, 0.0136569505557, 0.00276440521702, 0.000321431871271, 4.40852745669e-05, 2.91340638796e-05], "min": [1.47024403763e-09, 2.6403927933e-09, 6.50485998399e-10, 6.73741618051e-10, 2.15864814912e-09, 1.3667004195e-09, 4.6551509314e-09, 5.92730797777e-09, 6.19507467547e-09, 8.39782998696e-09, 1.31589468211e-08, 2.82527912177e-09, 5.1154951386e-09, 5.53173107321e-09, 1.04016155689e-08, 1.58477710954e-08, 2.66567461438e-08, 2.92964585924e-08, 2.98347941907e-08, 3.26005107354e-08, 3.15940056339e-08, 2.35732571241e-08, 4.06395450625e-08, 3.41902754997e-08, 4.79591797387e-08, 3.83588840691e-08, 3.75819730891e-08, 4.9020915327e-08, 6.04587668818e-08, 5.16974090203e-08, 7.02147247011e-08, 8.76843202491e-08, 6.38973673972e-08, 4.81795048302e-08, 3.07583007952e-08, 2.04507699664e-08, 1.51917483038e-08, 6.16992501534e-09, 2.34709163216e-09, 2.63607691231e-10], "var": [0.0051428177394, 0.958886682987, 5.51200532913, 55.0532569885, 73.3924255371, 110.109718323, 806.409729004, 4117.8828125, 2377.81591797, 1860.65551758, 1696.53125, 2900.50927734, 6043.98583984, 11558.546875, 3756.50415039, 5080.22607422, 2139.05004883, 997.57598877, 1294.1394043, 2358.49365234, 496.02444458, 428.506317139, 826.393432617, 3272.70629883, 3391.54125977, 632.68371582, 140.995117188, 47.3421974182, 29.8313961029, 36.9412765503, 46.8772697449, 74.0846557617, 105.614067078, 26.2458820343, 11.2389068604, 1.61354088783, 0.0485840700567, 0.000257102306932, 8.52256198414e-06, 2.3580325248e-08]}, "erbbands_crest": {"dmean": 2.72391867638, "dmean2": 4.4080286026, "dvar": 5.88226604462, "dvar2": 14.5436124802, "max": 30.1532497406, "mean": 9.9502696991, "median": 8.85446453094, "min": 1.9740768671, "var": 21.3637580872}, "erbbands_flatness_db": {"dmean": 0.0191323272884, "dmean2": 0.0276268590242, "dvar": 0.000327719724737, "dvar2": 0.000632518553175, "max": 0.398021966219, "mean": 0.177925959229, "median": 0.175424128771, "min": 0.0247262828052, "var": 0.00322985043749}, "erbbands_kurtosis": {"dmean": 1.4148234129, "dmean2": 2.2208275795, "dvar": 4.07636117935, "dvar2": 9.90465736389, "max": 65.0053482056, "mean": 1.64493012428, "median": 0.734142303467, "min": -1.83124089241, "var": 11.8882055283}, "erbbands_skewness": {"dmean": 0.396828055382, "dmean2": 0.613557040691, "dvar": 0.118373095989, "dvar2": 0.285111576319, "max": 5.54078674316, "mean": 0.739134371281, "median": 0.730417430401, "min": -2.88989233971, "var": 0.756672799587}, "erbbands_spread": {"dmean": 7.2434387207, "dmean2": 10.7765207291, "dvar": 61.868183136, "dvar2": 123.011352539, "max": 124.340194702, "mean": 30.107011795, "median": 26.2055664062, "min": 2.14281630516, "var": 345.577575684}, "gfcc": {"cov": [[20367.875, -665.616821289, -852.72076416, 2941.91967773, -401.898223877, 17.9653873444, -262.200775146, 529.532958984, -544.170288086, 106.290878296, 250.149688721, -252.78175354, -182.519821167], [-665.616821289, 1523.56115723, -185.721054077, -403.525970459, 141.769226074, -99.853477478, 80.6887207031, -77.8870239258, 84.3557815552, -64.2616653442, 106.695777893, -36.9592857361, 53.5360298157], [-852.72076416, -185.721054077, 791.210510254, 46.8156318665, -110.958518982, 98.751663208, -26.9585132599, -81.9685821533, 51.9360389709, 4.85503816605, -80.6576538086, 49.2063446045, -8.12973499298], [2941.91967773, -403.525970459, 46.8156318665, 915.921508789, -33.0086174011, 31.0661506653, -5.18622779846, 114.359458923, -70.4257202148, 36.0709991455, 28.6254310608, -53.0064659119, -27.0005817413], [-401.898223877, 141.769226074, -110.958518982, -33.0086174011, 218.760772705, -22.8843193054, 73.7355194092, -24.0303230286, 26.4943370819, -9.81767654419, -18.3378601074, -16.9446868896, -1.94355630875], [17.9653873444, -99.853477478, 98.751663208, 31.0661506653, -22.8843193054, 185.28225708, 14.6240510941, 40.6708374023, -24.951593399, 29.335111618, -7.16503047943, -6.66855621338, -2.26406955719], [-262.200775146, 80.6887207031, -26.9585132599, -5.18622779846, 73.7355194092, 14.6240510941, 204.86390686, -43.3405532837, 11.0894994736, 3.44994091988, -3.16783928871, -14.7842283249, -14.2176885605], [529.532958984, -77.8870239258, -81.9685821533, 114.359458923, -24.0303230286, 40.6708374023, -43.3405532837, 194.064849854, -29.1415863037, 13.5833568573, 48.4463996887, -11.3176822662, -1.76469147205], [-544.170288086, 84.3557815552, 51.9360389709, -70.4257202148, 26.4943370819, -24.951593399, 11.0894994736, -29.1415863037, 113.329055786, 0.109824903309, -21.5346546173, 9.96597576141, 7.82687568665], [106.290878296, -64.2616653442, 4.85503816605, 36.0709991455, -9.81767654419, 29.335111618, 3.44994091988, 13.5833568573, 0.109824903309, 85.9112472534, 10.1934356689, -3.85785984993, 5.82518577576], [250.149688721, 106.695777893, -80.6576538086, 28.6254310608, -18.3378601074, -7.16503047943, -3.16783928871, 48.4463996887, -21.5346546173, 10.1934356689, 124.220420837, 8.49397659302, 3.00933218002], [-252.78175354, -36.9592857361, 49.2063446045, -53.0064659119, -16.9446868896, -6.66855621338, -14.7842283249, -11.3176822662, 9.96597576141, -3.85785984993, 8.49397659302, 71.9119949341, 19.2197208405], [-182.519821167, 53.5360298157, -8.12973499298, -27.0005817413, -1.94355630875, -2.26406955719, -14.2176885605, -1.76469147205, 7.82687568665, 5.82518577576, 3.00933218002, 19.2197208405, 62.0863304138]], "icov": [[0.000136606526212, -0.000123779129353, 0.000207907200092, -0.000470331957331, 0.000280567823211, -3.26601839333e-05, 0.000149166065967, 2.15270756598e-05, 0.000297258928185, -9.48024171521e-05, 0.000169431747054, -0.00014334206935, 0.000380952260457], [-0.000123779129353, 0.00121273309924, -0.000245144823566, 0.000869050098117, -0.000723914476112, 0.000238487002207, -0.000323774846038, 0.000300123734633, -0.00086647295393, 0.000885233341251, -0.00166554865427, 0.0016026123194, -0.0015325488057], [0.000207907200092, -0.000245144823566, 0.00226052803919, -0.00106151623186, 0.0014043195406, -0.00134135014378, 0.000455075962236, 0.000980213866569, -0.000640040670987, 1.17069348562e-05, 0.00123445829377, -0.00168040022254, 0.00132400833536], [-0.000470331957331, 0.000869050098117, -0.00106151623186, 0.00313123734668, -0.00116531841923, 0.000544695416465, -0.000747542828321, -0.000754559994675, -0.000506778771523, 0.000158940529218, -0.00127344764769, 0.00199482101016, -0.00162537524011], [0.000280567823211, -0.000723914476112, 0.0014043195406, -0.00116531841923, 0.00684012426063, -3.2787262171e-05, -0.0015214018058, 0.00012928560318, -0.000559566717129, 2.42018249992e-05, 0.00205411203206, -0.000338604906574, 0.00106785981916], [-3.26601839333e-05, 0.000238487002207, -0.00134135014378, 0.000544695416465, -3.2787262171e-05, 0.0073546175845, -0.00130294042174, -0.00219025695696, 0.00186360813677, -0.00201175245456, 0.000531896541361, 0.00116459990386, -0.000766354321968], [0.000149166065967, -0.000323774846038, 0.000455075962236, -0.000747542828321, -0.0015214018058, -0.00130294042174, 0.00639923568815, 0.001762048807, -3.83524275094e-05, -0.000478797272081, -0.000400469609303, 0.000127675302792, 0.00190219643991], [2.15270756598e-05, 0.000300123734633, 0.000980213866569, -0.000754559994675, 0.00012928560318, -0.00219025695696, 0.001762048807, 0.00757269980386, -0.000348085770383, 0.000297249149298, -0.00264360872097, 0.000744497228879, 6.12773364992e-05], [0.000297258928185, -0.00086647295393, -0.000640040670987, -0.000506778771523, -0.000559566717129, 0.00186360813677, -3.83524275094e-05, -0.000348085770383, 0.0118733961135, -0.00178963877261, 0.00230330461636, -0.00146815332118, 0.000362530641723], [-9.48024171521e-05, 0.000885233341251, 1.17069348562e-05, 0.000158940529218, 2.42018249992e-05, -0.00201175245456, -0.000478797272081, 0.000297249149298, -0.00178963877261, 0.0135635007173, -0.00233176420443, 0.00196794024669, -0.0026883201208], [0.000169431747054, -0.00166554865427, 0.00123445829377, -0.00127344764769, 0.00205411203206, 0.000531896541361, -0.000400469609303, -0.00264360872097, 0.00230330461636, -0.00233176420443, 0.0124351587147, -0.00450430205092, 0.00217900332063], [-0.00014334206935, 0.0016026123194, -0.00168040022254, 0.00199482101016, -0.000338604906574, 0.00116459990386, 0.000127675302792, 0.000744497228879, -0.00146815332118, 0.00196794024669, -0.00450430205092, 0.0197184868157, -0.00695892143995], [0.000380952260457, -0.0015325488057, 0.00132400833536, -0.00162537524011, 0.00106785981916, -0.000766354321968, 0.00190219643991, 6.12773364992e-05, 0.000362530641723, -0.0026883201208, 0.00217900332063, -0.00695892143995, 0.0207124929875]], "mean": [-48.8305625916, 118.912826538, -104.208457947, 14.4125566483, -57.3659744263, 3.78126645088, -31.0280513763, 14.298822403, -23.1633224487, 1.98058795929, -3.83211970329, -0.369152694941, -7.18212890625]}, "hfc": {"dmean": 4.4571428299, "dmean2": 6.62386894226, "dvar": 66.189163208, "dvar2": 131.961380005, "max": 218.927932739, "mean": 16.1972332001, "median": 10.5899133682, "min": 5.95543156123e-07, "var": 356.765136719}, "melbands": {"dmean": [0.000444299716037, 0.000601446197834, 0.000649230612908, 0.000315111421514, 0.000315047625918, 0.00043451829697, 0.000236632040469, 0.000162273150636, 0.000122820449178, 8.22584406706e-05, 9.35555290198e-05, 8.71060983627e-05, 6.1753722548e-05, 3.58074794349e-05, 2.69267275144e-05, 2.51574128924e-05, 1.44777568494e-05, 1.16112450996e-05, 2.10187736229e-05, 7.61002411309e-06, 7.2751308835e-06, 6.11924269833e-06, 5.64090532862e-06, 6.66878531774e-06, 1.17259660328e-05, 1.04369046312e-05, 8.70204257808e-06, 3.06811966766e-06, 1.75335674157e-06, 1.17533431876e-06, 8.1345297076e-07, 6.17616876752e-07, 5.91407342654e-07, 6.09523056028e-07, 5.82097356983e-07, 6.04493777701e-07, 6.11993698385e-07, 7.7465654158e-07, 6.5291106921e-07, 4.14944906879e-07], "dmean2": [0.000719859614037, 0.00104544020724, 0.00108589953743, 0.000530023069587, 0.000513173639774, 0.000700786535162, 0.000379063916625, 0.000253755628364, 0.000195595072, 0.0001266158215, 0.000148308346979, 0.000139691692311, 9.69505344983e-05, 5.74263831368e-05, 4.34411995229e-05, 4.00947792514e-05, 2.33611790463e-05, 1.87722271221e-05, 3.3100033761e-05, 1.23136178445e-05, 1.15031416499e-05, 9.73599344434e-06, 8.90052615432e-06, 1.08074800664e-05, 1.85129501915e-05, 1.70446819538e-05, 1.37939823617e-05, 4.87340230393e-06, 2.73232330983e-06, 1.80914491921e-06, 1.25200062939e-06, 8.91869376574e-07, 8.69545090154e-07, 8.8085647576e-07, 8.72639986937e-07, 9.01466023606e-07, 8.99725591808e-07, 1.11427448246e-06, 9.42882707022e-07, 6.07840433986e-07], "dvar": [5.07186484811e-07, 1.48250990151e-06, 1.77392951173e-06, 2.45595202841e-07, 2.54770355923e-07, 6.10521055933e-07, 1.89306717857e-07, 8.59746549509e-08, 5.6408907767e-08, 3.44466215552e-08, 5.54225820792e-08, 5.76629624049e-08, 3.1055726879e-08, 1.24124337475e-08, 5.24662802093e-09, 7.394752366e-09, 2.04800620907e-09, 1.50986678715e-09, 5.38158095864e-09, 4.64919602816e-10, 4.72344885427e-10, 3.83662518422e-10, 2.28438323813e-10, 3.27739696493e-10, 1.1105295572e-09, 1.05480701951e-09, 8.23320356336e-10, 7.55805140695e-11, 3.69254314625e-11, 1.88277969604e-11, 7.11510407883e-12, 4.74962473865e-12, 4.8773112285e-12, 7.61513335029e-12, 8.30261553952e-12, 1.34133875881e-11, 1.46221645903e-11, 3.21496405886e-11, 1.85011953674e-11, 7.34404464325e-12], "dvar2": [1.63173967849e-06, 4.23570463681e-06, 4.5611236601e-06, 6.50915467304e-07, 6.46671026061e-07, 1.49493928348e-06, 4.79990660551e-07, 2.00507329851e-07, 1.46421811564e-07, 7.53203508452e-08, 1.3906421259e-07, 1.40546575267e-07, 7.47853547978e-08, 3.17150217199e-08, 1.29240254054e-08, 1.90473929962e-08, 4.83591300338e-09, 3.50800144489e-09, 1.29104318347e-08, 1.12426157273e-09, 1.06788111687e-09, 9.11152153726e-10, 5.67130675755e-10, 8.50973014277e-10, 2.58169596812e-09, 2.69445754597e-09, 1.94695348732e-09, 1.79251280485e-10, 8.76278147266e-11, 4.30283482455e-11, 1.59715591447e-11, 1.10382415014e-11, 1.08190210263e-11, 1.77911678445e-11, 1.99264910128e-11, 3.05838791792e-11, 2.91578844402e-11, 7.24168988664e-11, 3.77306796917e-11, 1.5427215061e-11], "max": [0.00961863342673, 0.0171916894615, 0.0161885265261, 0.00807512924075, 0.0118661522865, 0.0165070239455, 0.00840146746486, 0.00610672170296, 0.00547196529806, 0.00805740989745, 0.00550933694467, 0.0083213141188, 0.0054154265672, 0.00401741825044, 0.00250205630437, 0.00367585639469, 0.00162902765442, 0.00192502897698, 0.00236272322945, 0.000618619087618, 0.000587938702665, 0.00102719001006, 0.000477723631775, 0.00061894999817, 0.00132282194681, 0.00124749832321, 0.00105095130857, 0.000266947114142, 0.000280755542917, 0.000166624304256, 0.000107857682451, 8.01624846645e-05, 7.20396783436e-05, 0.000109726424853, 0.000112668742076, 0.000134101879667, 0.000190888036741, 0.000264970498392, 0.00017716473667, 0.000105354454718], "mean": [0.000942284648772, 0.0009049528162, 0.000706788327079, 0.000441086653154, 0.000590379640926, 0.000790941063315, 0.000427891500294, 0.000300978485029, 0.000226501259021, 0.000158582741278, 0.000165917997947, 0.000155046116561, 0.000105632920167, 6.54725226923e-05, 4.82040850329e-05, 4.02216574003e-05, 2.1787967853e-05, 1.6888441678e-05, 3.34750002366e-05, 1.17831214084e-05, 1.19695732792e-05, 9.86027498584e-06, 9.84301459539e-06, 1.12876177809e-05, 2.10529724427e-05, 1.87016157724e-05, 1.56384667207e-05, 5.42724819752e-06, 2.77841354546e-06, 1.7851651819e-06, 1.25389965433e-06, 9.77201693786e-07, 9.65022422861e-07, 9.96883841253e-07, 9.14559109333e-07, 9.26995085138e-07, 9.78170987764e-07, 1.21094467431e-06, 1.04281423319e-06, 6.31661407624e-07], "median": [0.000724162266124, 0.000624331296422, 0.000346940767486, 0.000264757749392, 0.000314550416078, 0.000322442967445, 0.000192402003449, 0.000146399077494, 0.000110680048238, 6.09450507909e-05, 4.02846344514e-05, 3.66279564332e-05, 2.44922939601e-05, 1.2600543414e-05, 1.4571554857e-05, 5.17580974702e-06, 6.17438399786e-06, 3.77575588573e-06, 3.48606022271e-06, 2.88218689093e-06, 2.62692083197e-06, 2.39609607888e-06, 2.43180238613e-06, 2.88333717435e-06, 3.69671261069e-06, 3.60727926818e-06, 2.6047123356e-06, 1.30735475068e-06, 5.73065790377e-07, 3.12490101351e-07, 2.04017396754e-07, 1.46192533634e-07, 1.66277231983e-07, 1.97027844706e-07, 1.57229322895e-07, 1.21116926266e-07, 1.06181346382e-07, 1.01756207016e-07, 8.82733246499e-08, 6.18302919975e-08], "min": [9.78428883053e-12, 5.67508876264e-13, 2.04691108898e-13, 1.91853816362e-13, 1.45500080625e-13, 1.45475035555e-13, 8.41162670117e-14, 1.24230934242e-13, 1.1299583502e-13, 1.4904652626e-14, 2.51906819243e-14, 1.99359266888e-14, 3.04503736679e-14, 4.07060182003e-14, 2.97622881472e-14, 5.10564118381e-14, 4.98386156292e-14, 4.37989386784e-14, 3.48616839877e-14, 4.73856624241e-14, 3.57102144892e-14, 2.2708133388e-14, 2.52896729708e-14, 4.65103487408e-14, 2.41021293906e-14, 3.03287973349e-14, 3.57535893524e-14, 2.37626131744e-14, 1.91339203189e-14, 2.35605619351e-14, 3.28553068812e-14, 3.10758092436e-14, 3.43049461721e-14, 2.83491000721e-14, 3.75262666807e-14, 6.15071687159e-14, 4.74376871877e-14, 5.04989997843e-14, 3.99408730102e-14, 3.89188803255e-14], "var": [7.43043585771e-07, 1.50999574089e-06, 1.60058766596e-06, 3.2363428204e-07, 6.93580830102e-07, 1.80994663879e-06, 4.83507392346e-07, 2.17846277906e-07, 1.29128892468e-07, 1.28285194023e-07, 1.49803156546e-07, 1.73295930495e-07, 7.6715735986e-08, 3.62467211801e-08, 1.49221985879e-08, 1.7840225297e-08, 3.37305405829e-09, 2.74297629055e-09, 1.18265655047e-08, 9.48857881156e-10, 1.0265716055e-09, 6.64179766741e-10, 5.94242544061e-10, 6.18657902685e-10, 2.844425806e-09, 2.12124828813e-09, 1.9396282358e-09, 1.73063022246e-10, 7.26375487536e-11, 3.42605666059e-11, 1.48417042545e-11, 9.42216270283e-12, 1.01558709359e-11, 1.28284570466e-11, 1.41509789997e-11, 2.31070215045e-11, 3.28183140386e-11, 6.10127295908e-11, 4.20573194326e-11, 1.45371987018e-11]}, "melbands_crest": {"dmean": 3.12605452538, "dmean2": 5.2013502121, "dvar": 7.19101142883, "dvar2": 19.9358520508, "max": 39.4583396912, "mean": 12.1252279282, "median": 11.2094154358, "min": 3.41508674622, "var": 20.2354011536}, "melbands_flatness_db": {"dmean": 0.0267489496619, "dmean2": 0.0411442779005, "dvar": 0.000679942197166, "dvar2": 0.00160985451657, "max": 0.4656214118, "mean": 0.237089365721, "median": 0.228474184871, "min": 0.0369011349976, "var": 0.00493846926838}, "melbands_kurtosis": {"dmean": 4.72982645035, "dmean2": 7.48932218552, "dvar": 69.8873214722, "dvar2": 167.545776367, "max": 368.674163818, "mean": 8.96056747437, "median": 5.34846496582, "min": -1.64716148376, "var": 144.096374512}, "melbands_skewness": {"dmean": 0.586164712906, "dmean2": 0.905547142029, "dvar": 0.356283932924, "dvar2": 0.806145727634, "max": 18.361618042, "mean": 1.93025517464, "median": 1.73496294022, "min": -1.3532358408, "var": 1.6638379097}, "melbands_spread": {"dmean": 5.07076644897, "dmean2": 7.94792175293, "dvar": 53.6450653076, "dvar2": 113.016334534, "max": 234.610366821, "mean": 19.002828598, "median": 13.4167232513, "min": 1.53381192684, "var": 276.027740479}, "mfcc": {"cov": [[12741.8574219, -27.7496585846, -514.868041992, 1421.66308594, 351.931091309, -193.471496582, 334.995605469, 155.715255737, -360.135681152, 277.47479248, 19.9245376587, -180.994842529, 107.023361206], [-27.7496585846, 1791.25146484, -76.4379653931, -129.093383789, 29.991268158, -17.7706203461, 47.5654258728, 4.10934829712, -12.290058136, 4.78378200531, 19.5891895294, 20.0822868347, 55.1469535828], [-514.868041992, -76.4379653931, 687.823181152, -56.9433288574, 12.2484426498, 73.9422073364, -88.7824935913, -17.0478668213, 38.6469802856, -83.9674835205, -14.8925418854, 72.3459243774, -55.1114845276], [1421.66308594, -129.093383789, -56.9433288574, 479.380065918, 95.955581665, 15.0043315887, 41.551525116, 28.0074634552, -13.6371240616, 15.9470176697, 12.9263067245, -12.0159406662, 13.1393384933], [351.931091309, 29.991268158, 12.2484426498, 95.955581665, 191.81854248, -28.9484729767, 5.94441890717, 26.2601490021, 2.80032753944, 19.9555854797, 2.32585906982, -0.237427443266, 7.41506290436], [-193.471496582, -17.7706203461, 73.9422073364, 15.0043315887, -28.9484729767, 205.628479004, 5.86626672745, -24.6266784668, 63.0857200623, -28.0108985901, -2.78428816795, 11.6389818192, -24.1285037994], [334.995605469, 47.5654258728, -88.7824935913, 41.551525116, 5.94441890717, 5.86626672745, 167.446594238, 34.58801651, -25.242099762, 47.1223335266, 19.5470695496, -19.3914432526, 30.8956336975], [155.715255737, 4.10934829712, -17.0478668213, 28.0074634552, 26.2601490021, -24.6266784668, 34.58801651, 100.814331055, -4.87673997879, 14.0287313461, 8.99954319, 1.04925441742, 7.33078479767], [-360.135681152, -12.290058136, 38.6469802856, -13.6371240616, 2.80032753944, 63.0857200623, -25.242099762, -4.87673997879, 131.881500244, -13.5259866714, 0.793591022491, 10.5215358734, -15.8806095123], [277.47479248, 4.78378200531, -83.9674835205, 15.9470176697, 19.9555854797, -28.0108985901, 47.1223335266, 14.0287313461, -13.5259866714, 107.758110046, 16.1523017883, -16.4464130402, 18.1027088165], [19.9245376587, 19.5891895294, -14.8925418854, 12.9263067245, 2.32585906982, -2.78428816795, 19.5470695496, 8.99954319, 0.793591022491, 16.1523017883, 69.1263961792, 10.6407976151, 1.50286865234], [-180.994842529, 20.0822868347, 72.3459243774, -12.0159406662, -0.237427443266, 11.6389818192, -19.3914432526, 1.04925441742, 10.5215358734, -16.4464130402, 10.6407976151, 71.7684936523, 5.31454277039], [107.023361206, 55.1469535828, -55.1114845276, 13.1393384933, 7.41506290436, -24.1285037994, 30.8956336975, 7.33078479767, -15.8806095123, 18.1027088165, 1.50286865234, 5.31454277039, 65.0891647339]], "icov": [[0.00014039890084, -2.49079766945e-05, 3.40698352375e-06, -0.000394362723455, -2.89119125227e-05, 3.14000462822e-05, -6.13274387433e-05, -3.81746976927e-05, 0.000280234729871, -0.000212039929465, 8.57460036059e-05, 0.00016555764887, 3.29356516886e-05], [-2.49079766945e-05, 0.000606794375926, 7.10410458851e-05, 0.000305733032292, -0.000219165594899, -5.33473394171e-05, -0.000136801332701, 5.38544591109e-05, -1.33980129249e-05, 0.000201326940442, -0.000179932292667, -0.000174645727384, -0.000451505708043], [3.40698352375e-06, 7.10410458851e-05, 0.00196442659944, 0.000214933825191, -0.000464588491013, -0.000475826935144, 0.000329524395056, -4.94315754622e-05, 0.00012987331138, 0.000803995528258, 0.000327212037519, -0.00176412193105, 0.00122437009122], [-0.000394362723455, 0.000305733032292, 0.000214933825191, 0.0036587389186, -0.0013032166753, -0.000727488368284, -0.00012472513481, -0.000217074004468, -0.000338405690854, 0.000875170750078, -0.000689954322297, -0.000211753562326, -0.000497503089719], [-2.89119125227e-05, -0.000219165594899, -0.000464588491013, -0.0013032166753, 0.00641572475433, 0.00107344682328, 0.00033699843334, -0.00109203881584, -0.000864111585543, -0.00113002618309, 0.000363037222996, 1.94562799152e-05, -0.000173514097696], [3.14000462822e-05, -5.33473394171e-05, -0.000475826935144, -0.000727488368284, 0.00107344682328, 0.00688924454153, -0.00200420385227, 0.00169888592791, -0.00309949996881, 0.000997476046905, 0.000504321709741, -0.000764006748796, 0.00194616895169], [-6.13274387433e-05, -0.000136801332701, 0.000329524395056, -0.00012472513481, 0.00033699843334, -0.00200420385227, 0.00889051053673, -0.00265662535094, 0.00147390621714, -0.00236225663684, -0.00181897089351, 0.0020536382217, -0.00329031399451], [-3.81746976927e-05, 5.38544591109e-05, -4.94315754622e-05, -0.000217074004468, -0.00109203881584, 0.00169888592791, -0.00265662535094, 0.0115982191637, -0.000803380506113, 8.644053014e-05, -0.000482735078549, -0.00110029091593, 0.000608962785918], [0.000280234729871, -1.33980129249e-05, 0.00012987331138, -0.000338405690854, -0.000864111585543, -0.00309949996881, 0.00147390621714, -0.000803380506113, 0.0100688897073, -0.00058365566656, -0.000361207057722, -0.000176284040208, 0.000710871070623], [-0.000212039929465, 0.000201326940442, 0.000803995528258, 0.000875170750078, -0.00113002618309, 0.000997476046905, -0.00236225663684, 8.644053014e-05, -0.00058365566656, 0.0125216739252, -0.00234758853912, 0.00134584784973, -0.00138843432069], [8.57460036059e-05, -0.000179932292667, 0.000327212037519, -0.000689954322297, 0.000363037222996, 0.000504321709741, -0.00181897089351, -0.000482735078549, -0.000361207057722, -0.00234758853912, 0.016372282058, -0.00380348460749, 0.0019884747453], [0.00016555764887, -0.000174645727384, -0.00176412193105, -0.000211753562326, 1.94562799152e-05, -0.000764006748796, 0.0020536382217, -0.00110029091593, -0.000176284040208, 0.00134584784973, -0.00380348460749, 0.0180705133826, -0.00451646419242], [3.29356516886e-05, -0.000451505708043, 0.00122437009122, -0.000497503089719, -0.000173514097696, 0.00194616895169, -0.00329031399451, 0.000608962785918, 0.000710871070623, -0.00138843432069, 0.0019884747453, -0.00451646419242, 0.0199459139258]], "mean": [-689.481689453, 149.89024353, 8.28410053253, 17.7049045563, -1.97607123852, -9.2634563446, 5.77921056747, 3.29085326195, -6.09546661377, 5.19321680069, 0.00116601295304, -1.38614749908, 4.6063747406]}, "pitch_salience": {"dmean": 0.0748265683651, "dmean2": 0.123092293739, "dvar": 0.00413355929777, "dvar2": 0.0113076679409, "max": 0.843186080456, "mean": 0.578930735588, "median": 0.585671722889, "min": 0.0230996627361, "var": 0.0106935882941}, "silence_rate_20dB": {"dmean": 0, "dmean2": 0, "dvar": 0, "dvar2": 0, "max": 1, "mean": 1, "median": 1, "min": 1, "var": 0}, "silence_rate_30dB": {"dmean": 0.000155122936121, "dmean2": 0.00031026994111, "dvar": 0.000155098867253, "dvar2": 0.000310173665639, "max": 1, "mean": 0.999844908714, "median": 1, "min": 0, "var": 0.000155086847371}, "silence_rate_60dB": {"dmean": 0.00698053184897, "dmean2": 0.0139621468261, "dvar": 0.00693180412054, "dvar2": 0.0154736898839, "max": 1, "mean": 0.0800372287631, "median": 0, "min": 0, "var": 0.0736312717199}, "spectral_centroid": {"dmean": 213.588058472, "dmean2": 339.381256104, "dvar": 68721.1171875, "dvar2": 145689.1875, "max": 10772.8876953, "mean": 1076.39257812, "median": 845.296813965, "min": 267.156494141, "var": 449267.6875}, "spectral_complexity": {"dmean": 2.58140087128, "dmean2": 4.12891721725, "dvar": 8.0369052887, "dvar2": 18.4269104004, "max": 63, "mean": 15.1570501328, "median": 13, "min": 0, "var": 83.4632339478}, "spectral_contrast_coeffs": {"dmean": [0.0525345690548, 0.0469849146903, 0.0381344892085, 0.0298453029245, 0.023260070011, 0.0196735225618], "dmean2": [0.0846868753433, 0.0778200104833, 0.062633022666, 0.0487211234868, 0.037083029747, 0.0303703211248], "dvar": [0.00175056408625, 0.00138775270898, 0.000900224549696, 0.000593781995121, 0.000429377541877, 0.000376794778276], "dvar2": [0.00440534530208, 0.00368992518634, 0.00238736416213, 0.00150277477223, 0.00098310795147, 0.000852609868161], "max": [-0.42180994153, -0.434442609549, -0.499382376671, -0.56123059988, -0.528929889202, -0.616473138332], "mean": [-0.682884156704, -0.739412605762, -0.774118244648, -0.799267172813, -0.793347120285, -0.802329182625], "median": [-0.687658071518, -0.747573375702, -0.786504745483, -0.809377789497, -0.806677818298, -0.801810801029], "min": [-0.954750061035, -0.961731076241, -0.957675635815, -0.959823608398, -0.95842641592, -0.959311068058], "var": [0.00521639920771, 0.00494026625529, 0.00499968789518, 0.00295295426622, 0.0041841971688, 0.00202993652783]}, "spectral_contrast_valleys": {"dmean": [0.340687155724, 0.332171648741, 0.289468199015, 0.299064308405, 0.351844102144, 0.27917021513], "dmean2": [0.56820422411, 0.549795269966, 0.475983649492, 0.469100862741, 0.505842447281, 0.362797409296], "dvar": [0.0846208035946, 0.0808494389057, 0.0634271353483, 0.0797675102949, 0.158149078488, 0.124754287302], "dvar2": [0.206630453467, 0.196947842836, 0.151298493147, 0.160144805908, 0.328499406576, 0.210176348686], "max": [-5.33365345001, -4.63016223907, -5.27428007126, -5.87837839127, -5.36721229553, -7.3725271225], "mean": [-7.31329202652, -6.47009706497, -7.40730237961, -8.15336418152, -8.20742893219, -10.8736467361], "median": [-6.90804767609, -6.1982831955, -7.2507352829, -7.94191503525, -7.81453990936, -10.5790586472], "min": [-27.1581077576, -27.1535682678, -27.3061180115, -27.2130889893, -27.2775878906, -27.3221626282], "var": [2.62689375877, 1.74380075932, 1.37065267563, 1.61883294582, 2.6348028183, 2.40392327309]}, "spectral_decrease": {"dmean": 1.67657865369e-09, "dmean2": 2.67409649979e-09, "dvar": 4.30212004377e-18, "dvar2": 1.09843058892e-17, "max": -2.1680756234e-17, "mean": -5.48187140126e-09, "median": -4.73994354877e-09, "min": -3.34005001434e-08, "var": 1.57033704566e-17}, "spectral_energy": {"dmean": 0.00659317523241, "dmean2": 0.0104798907414, "dvar": 6.48294007988e-05, "dvar2": 0.000164744124049, "max": 0.132539942861, "mean": 0.0221589915454, "median": 0.0193510409445, "min": 1.98573213428e-10, "var": 0.00025579566136}, "spectral_energyband_high": {"dmean": 0.000228707285714, "dmean2": 0.000314312637784, "dvar": 6.96599272487e-07, "dvar2": 1.29500779167e-06, "max": 0.0216411612928, "mean": 0.000451619765954, "median": 9.35848074732e-05, "min": 3.64358716809e-11, "var": 2.21500704356e-06}, "spectral_energyband_low": {"dmean": 0.00315472250804, "dmean2": 0.00534885982051, "dvar": 2.73363348242e-05, "dvar2": 7.82320348662e-05, "max": 0.0708299353719, "mean": 0.00579242268577, "median": 0.00449980515987, "min": 5.61563087698e-11, "var": 3.43666797562e-05}, "spectral_energyband_middle_high": {"dmean": 0.00141008559149, "dmean2": 0.00218033231795, "dvar": 6.28827729088e-06, "dvar2": 1.50517234943e-05, "max": 0.071351364255, "mean": 0.00459151575342, "median": 0.00170249759685, "min": 7.60624722929e-12, "var": 4.32711058238e-05}, "spectral_energyband_middle_low": {"dmean": 0.004803606309, "dmean2": 0.00764623098075, "dvar": 3.94452436012e-05, "dvar2": 9.87418461591e-05, "max": 0.0769211947918, "mean": 0.0124905761331, "median": 0.00972180068493, "min": 6.39215807022e-12, "var": 0.000118636868137}, "spectral_entropy": {"dmean": 0.197497412562, "dmean2": 0.292964756489, "dvar": 0.0387541130185, "dvar2": 0.0838162899017, "max": 9.77908325195, "mean": 7.24988269806, "median": 7.28142261505, "min": 5.45915842056, "var": 0.258665889502}, "spectral_flux": {"dmean": 0.0188475623727, "dmean2": 0.0293885860592, "dvar": 0.000375671254005, "dvar2": 0.000823018490337, "max": 0.231113344431, "mean": 0.076437830925, "median": 0.0737372636795, "min": 9.07531557459e-06, "var": 0.00162274995819}, "spectral_kurtosis": {"dmean": 3.09446144104, "dmean2": 5.01838111877, "dvar": 26.216753006, "dvar2": 66.8497314453, "max": 101.654960632, "mean": 9.8883562088, "median": 6.03047943115, "min": -1.42308032513, "var": 163.173583984}, "spectral_rms": {"dmean": 0.000642356695607, "dmean2": 0.00100556586403, "dvar": 4.32065121458e-07, "dvar2": 1.06553773094e-06, "max": 0.0113713350147, "mean": 0.00427672406659, "median": 0.0043450044468, "min": 4.40147658765e-07, "var": 3.32815966431e-06}, "spectral_rolloff": {"dmean": 340.240631104, "dmean2": 567.085571289, "dvar": 756375.5625, "dvar2": 1501926.875, "max": 18260.15625, "mean": 1167.99511719, "median": 710.595703125, "min": 21.533203125, "var": 2106244.25}, "spectral_skewness": {"dmean": 0.35241279006, "dmean2": 0.549206972122, "dvar": 0.183289825916, "dvar2": 0.434759616852, "max": 7.7338218689, "mean": 2.14932107925, "median": 1.81831336021, "min": 0.0013004494831, "var": 1.25027561188}, "spectral_spread": {"dmean": 454950.3125, "dmean2": 621335.6875, "dvar": 417931755520, "dvar2": 639724617728, "max": 41175576, "me