{"lowlevel": {"average_loudness": 0.92998623848, "barkbands": {"dmean": [4.85419077449e-05, 0.00214203004725, 0.00374975870363, 0.00212606764399, 0.00160456052981, 0.001403974602, 0.000487036886625, 0.000664857856464, 0.000905379361939, 0.000878813443705, 0.000703918281943, 0.000447632337455, 0.000330156355631, 0.000506489712279, 0.000353903509676, 0.000391278299503, 0.000317560770782, 0.000271185330348, 0.000243858317845, 0.000128587678773, 7.11936445441e-05, 0.000133689813083, 0.000142273303936, 0.000159817122039, 0.000114071379357, 6.62216771161e-05, 2.68871553999e-05], "dmean2": [7.53005588194e-05, 0.00352814723738, 0.00614998303354, 0.00361980358139, 0.00267958384939, 0.00224958686158, 0.000784227100667, 0.00101976201404, 0.00148062361404, 0.00136950553861, 0.0011423897231, 0.000694329792168, 0.000528041855432, 0.000836476625409, 0.000580195453949, 0.000634476426058, 0.00051049789181, 0.000438290124293, 0.000382338970667, 0.000204528318136, 0.000110361972474, 0.000200648690225, 0.000221870126552, 0.000242046618951, 0.000167785619851, 9.48651650106e-05, 3.93964692194e-05], "dvar": [1.41360034789e-08, 2.28982953558e-05, 6.17050027358e-05, 3.48987559846e-05, 1.06596035039e-05, 9.96995277092e-06, 2.18528771256e-06, 3.79113271265e-06, 6.12825078861e-06, 7.65532513469e-06, 2.73035266218e-06, 1.06875415895e-06, 5.27517272531e-07, 1.34603396873e-06, 5.38058372967e-07, 5.52222388706e-07, 5.00311045926e-07, 1.91478605416e-07, 1.51312519847e-07, 4.27881161613e-08, 1.58089754621e-08, 1.14278194019e-07, 1.48035127268e-07, 2.18269647689e-07, 2.81051143247e-07, 6.1027144227e-08, 6.57031895557e-09], "dvar2": [3.23020898918e-08, 5.47606105101e-05, 0.000167301710462, 9.52631235123e-05, 2.83982171823e-05, 2.4176451916e-05, 5.57147041036e-06, 8.49513799039e-06, 1.5650952264e-05, 1.76287758222e-05, 7.09842743163e-06, 2.58934210251e-06, 1.31668150516e-06, 3.68419591723e-06, 1.380705271e-06, 1.35984828376e-06, 1.236382559e-06, 4.90317916046e-07, 3.65593137985e-07, 1.08423584777e-07, 3.80741838057e-08, 2.57029427075e-07, 3.52481890786e-07, 4.57253094055e-07, 5.25608299995e-07, 1.22238802192e-07, 1.3810087296e-08], "max": [0.00570835312828, 0.0726308226585, 0.0774901211262, 0.0763436108828, 0.044276162982, 0.0448831394315, 0.0384909175336, 0.035531565547, 0.0695079043508, 0.0914585664868, 0.0314203724265, 0.0320320166647, 0.0155872348696, 0.0232682321221, 0.0125692263246, 0.0148284928873, 0.0193952899426, 0.0117141213268, 0.00837456341833, 0.00438529858366, 0.00317752012052, 0.0054358355701, 0.00783435907215, 0.0130176544189, 0.0143477870151, 0.00742252497002, 0.0013431655243], "mean": [5.36784464202e-05, 0.00282159540802, 0.00461224047467, 0.00251883501187, 0.00228667561896, 0.00193202903029, 0.000652535585687, 0.000934507406782, 0.00122454436496, 0.00137218087912, 0.00110048893839, 0.000651917187497, 0.000488860881887, 0.000837812898681, 0.000516516447533, 0.000624915992375, 0.000511923397426, 0.000539102067705, 0.000490550301038, 0.000244889932219, 0.000135417794809, 0.000200807699002, 0.000212725921301, 0.000239655608311, 0.000179346548975, 0.000105440158222, 3.15209108521e-05], "median": [1.36623639264e-05, 0.00102797092404, 0.00151448091492, 0.000958714867011, 0.00113773322664, 0.000674367242027, 0.000227813114179, 0.000254131533438, 0.000321982515743, 0.000327367859427, 0.000260707340203, 0.000178651040187, 0.000154382767505, 0.000208330486203, 0.000181855546543, 0.000243138129008, 0.000205482559977, 0.000308847025735, 0.000269571552053, 0.000117778130516, 4.47806887678e-05, 6.0780410422e-05, 7.66885641497e-05, 6.66312698741e-05, 3.07151276502e-05, 1.7323778593e-05, 1.66841061855e-06], "min": [4.13267977711e-23, 2.41604397888e-23, 1.55618559219e-23, 1.07221974238e-23, 3.78291778439e-23, 5.14555351358e-23, 2.11366081436e-23, 6.83587859181e-23, 2.70875996854e-23, 4.07199049886e-23, 8.56543025187e-23, 5.38384756712e-23, 8.89512172989e-23, 6.52388852142e-23, 1.19397581615e-22, 8.90826857019e-23, 8.11839666084e-23, 1.15371222933e-22, 3.64712686537e-22, 4.16353995261e-22, 4.32660141447e-22, 5.5495125224e-22, 6.22232428918e-22, 8.15231578649e-22, 1.25208901547e-21, 1.5453707888e-21, 2.44972305101e-21], "var": [1.70977934033e-08, 2.83081153611e-05, 7.06365826773e-05, 3.01426953229e-05, 1.29430281959e-05, 1.30848138724e-05, 2.57275110016e-06, 6.24815265837e-06, 9.01910880202e-06, 1.53253913595e-05, 5.66150265513e-06, 1.98013776753e-06, 9.32770603868e-07, 3.0385961054e-06, 9.39056349125e-07, 1.16219257507e-06, 9.39601932259e-07, 4.62880535679e-07, 4.09468526641e-07, 1.05803934503e-07, 4.2972057912e-08, 1.74650097051e-07, 2.35565764228e-07, 4.50170091426e-07, 5.94469554471e-07, 1.24292711234e-07, 9.28151422386e-09]}, "barkbands_crest": {"dmean": 3.00041699409, "dmean2": 4.90747976303, "dvar": 7.06044912338, "dvar2": 18.7698249817, "max": 24.6846027374, "mean": 9.53255939484, "median": 8.86989784241, "min": 2.2155148983, "var": 15.9478664398}, "barkbands_flatness_db": {"dmean": 0.0219074804336, "dmean2": 0.0345410071313, "dvar": 0.000442673132056, "dvar2": 0.00102553796023, "max": 0.381050646305, "mean": 0.112229689956, "median": 0.104902476072, "min": 0.0131944222376, "var": 0.00213078921661}, "barkbands_kurtosis": {"dmean": 2.3596765995, "dmean2": 3.83984088898, "dvar": 20.4899921417, "dvar2": 51.6094093323, "max": 114.373008728, "mean": 2.51578974724, "median": 0.513097703457, "min": -1.98396873474, "var": 38.1627464294}, "barkbands_skewness": {"dmean": 0.577654480934, "dmean2": 0.892466962337, "dvar": 0.379484087229, "dvar2": 0.868340671062, "max": 8.44148921967, "mean": 1.12081491947, "median": 0.948171854019, "min": -5.24522638321, "var": 1.43938088417}, "barkbands_spread": {"dmean": 7.45769166946, "dmean2": 11.7167711258, "dvar": 85.5308990479, "dvar2": 191.850204468, "max": 155.419403076, "mean": 29.0709838867, "median": 25.7864990234, "min": 1.17254757881, "var": 382.424621582}, "dissonance": {"dmean": 0.0177819598466, "dmean2": 0.0297745801508, "dvar": 0.000321561907185, "dvar2": 0.000850040640216, "max": 0.499999970198, "mean": 0.46759468317, "median": 0.474440187216, "min": 0.283782541752, "var": 0.000663572514895}, "dynamic_complexity": 4.06904792786, "erbbands": {"dmean": [0.0570648945868, 0.567443668842, 3.19416618347, 6.80339241028, 4.29357385635, 5.67131233215, 11.1770544052, 10.9047365189, 8.3691072464, 7.34519672394, 16.0555324554, 21.8048686981, 28.8354682922, 18.0626335144, 29.2926368713, 18.6392593384, 14.3318357468, 26.1441040039, 16.9190158844, 20.6154823303, 17.2401199341, 14.4299097061, 12.9843044281, 15.287364006, 10.0538082123, 6.25908565521, 3.38239908218, 2.45059633255, 4.20843601227, 6.24392604828, 3.216578722, 2.57524514198, 3.05399489403, 1.32555913925, 0.853744745255, 0.360270261765, 0.106998436153, 0.0465743392706, 0.0033601608593, 0.000123324309243], "dmean2": [0.0837743729353, 0.959153473377, 5.36172199249, 10.8080673218, 7.45810222626, 9.42262077332, 18.1638278961, 17.2965431213, 13.2944545746, 11.4849338531, 24.9046897888, 34.9903182983, 44.9552726746, 28.5759048462, 47.6366920471, 29.2052230835, 22.7879676819, 43.0533828735, 27.3819065094, 33.0677680969, 27.5287513733, 22.9669036865, 20.9911003113, 24.1504478455, 15.998664856, 9.83032512665, 5.27373218536, 3.77070903778, 6.43125867844, 9.51467323303, 4.91290426254, 3.82571959496, 4.65564632416, 1.93128108978, 1.25516176224, 0.529429674149, 0.155456006527, 0.069157756865, 0.00496494397521, 0.000184952485142], "dvar": [0.0178100280464, 1.49592101574, 39.098815918, 287.662811279, 124.558387756, 146.867050171, 696.635314941, 654.048339844, 588.412658691, 484.5128479, 2557.41552734, 3809.0234375, 9621.71679688, 1974.38977051, 4804.75488281, 2131.38525391, 884.270019531, 3645.88696289, 1203.57629395, 1617.73901367, 1083.26342773, 820.79119873, 519.080932617, 640.962890625, 273.192901611, 112.10118103, 37.0913581848, 19.5333805084, 103.308242798, 322.976165771, 75.7895126343, 74.0766143799, 78.9112167358, 35.0302886963, 15.1330537796, 2.3909471035, 0.142086401582, 0.0175675228238, 0.000133089823066, 1.65136810892e-07], "dvar2": [0.0372399017215, 3.87475633621, 109.439804077, 709.295471191, 352.931640625, 389.744598389, 1771.89733887, 1550.87329102, 1488.27819824, 1232.10449219, 5824.14013672, 9363.82421875, 22035.5605469, 4799.83007813, 12772.6132813, 5258.6640625, 2242.42529297, 10027.4785156, 2996.94702148, 4060.30688477, 2538.5390625, 2003.39477539, 1332.67163086, 1581.18774414, 659.65612793, 283.887969971, 90.0827789307, 46.9560546875, 231.836242676, 791.289123535, 166.255477905, 152.948043823, 171.912887573, 66.8676071167, 28.8517379761, 4.87717580795, 0.286599010229, 0.0382076613605, 0.000286246882752, 3.8086707832e-07], "max": [3.82433700562, 14.4771490097, 58.5567359924, 225.448883057, 143.675872803, 216.545639038, 382.906280518, 400.599121094, 450.179046631, 870.452697754, 1121.42773438, 2154.15673828, 2868.45068359, 1241.34838867, 1298.11120605, 1638.99206543, 616.499206543, 1246.4654541, 701.962768555, 712.967590332, 820.981872559, 745.821350098, 754.59552002, 553.158630371, 352.323730469, 242.337936401, 179.902572632, 137.643600464, 167.887252808, 310.106811523, 211.956298828, 278.624725342, 200.542816162, 154.496749878, 108.576026917, 46.6897010803, 10.7304964066, 1.76262903214, 0.268463611603, 0.0102834152058], "mean": [0.0689129009843, 0.718005418777, 3.90153002739, 9.20251274109, 5.5070734024, 7.87449550629, 14.7577505112, 14.9601392746, 11.6507978439, 11.2987957001, 22.4949970245, 31.1108379364, 43.9791221619, 29.4032974243, 49.8212814331, 30.0830478668, 23.7103462219, 44.4439430237, 28.3524627686, 34.8768539429, 30.722574234, 25.6955852509, 26.4771614075, 31.6510944366, 20.2634048462, 12.2564487457, 6.56341695786, 4.66656208038, 6.52949428558, 8.51240921021, 5.30937242508, 4.31047868729, 4.20240974426, 2.05187416077, 1.28530430794, 0.552616000175, 0.168712571263, 0.0594260692596, 0.0040249414742, 0.000162138938322], "median": [0.021024575457, 0.294432222843, 1.47916460037, 3.24188685417, 2.92464756966, 3.48955750465, 4.97533369064, 5.31370544434, 4.44523525238, 4.39103794098, 6.80527877808, 9.11571502686, 11.516708374, 9.83055973053, 13.1117038727, 10.3179531097, 9.5386390686, 11.9432821274, 12.1612167358, 13.7392969131, 13.184969902, 11.6168365479, 15.4708614349, 16.9586143494, 11.5103158951, 5.69547367096, 2.49277043343, 1.57481825352, 2.00509643555, 2.51496529579, 2.08418703079, 1.41158330441, 0.985925495625, 0.39224216342, 0.194171503186, 0.0881973057985, 0.0267534255981, 0.00568449078128, 0.000160019393661, 3.8966183638e-05], "min": [6.55593343979e-22, 5.58597450648e-21, 2.2847521772e-20, 2.7552122815e-20, 3.87408101185e-20, 1.92213690848e-19, 2.18609773827e-19, 4.87303214094e-19, 4.34688581775e-19, 3.0527452058e-19, 1.7833443252e-18, 5.45556219661e-19, 1.40282397603e-18, 2.0827814322e-18, 3.26128901876e-18, 2.66189368098e-18, 3.5867717685e-18, 3.17501097894e-18, 4.35059489562e-18, 6.75105069937e-18, 4.04389410887e-18, 5.09778838371e-18, 5.07716925258e-18, 1.34648104424e-17, 2.11299068856e-17, 1.95981338272e-17, 1.21514717956e-17, 2.22917978612e-17, 1.95007994845e-17, 1.89987587554e-17, 1.70151200895e-17, 1.58997117012e-17, 1.48301605517e-17, 1.06690814198e-17, 1.05340301228e-17, 6.3949610262e-18, 2.60684439762e-18, 1.31004832911e-18, 4.01911989443e-19, 3.1488116357e-20], "var": [0.02295672521, 1.61381602287, 40.7675247192, 342.128387451, 99.1811981201, 184.443466187, 847.746643066, 868.650695801, 748.748168945, 750.088989258, 3830.09326172, 5615.63623047, 18039.875, 4419.56787109, 11229.0068359, 4119.20507813, 1661.96875, 8338.2578125, 2309.55151367, 3621.93286133, 2642.15307617, 1798.1472168, 1159.71472168, 1763.51879883, 676.089904785, 275.985046387, 100.415458679, 48.2787475586, 167.562316895, 400.488525391, 154.016921997, 177.529281616, 138.139724731, 71.4649887085, 30.6822319031, 4.56194496155, 0.295420557261, 0.0255041159689, 0.000193716259673, 2.07299265753e-07]}, "erbbands_crest": {"dmean": 2.93459224701, "dmean2": 4.8058180809, "dvar": 7.99282121658, "dvar2": 20.261838913, "max": 32.9901161194, "mean": 9.39603614807, "median": 7.9811668396, "min": 2.20721006393, "var": 26.0800533295}, "erbbands_flatness_db": {"dmean": 0.0177740044892, "dmean2": 0.0259284619242, "dvar": 0.000295702397125, "dvar2": 0.000595388293732, "max": 0.422332704067, "mean": 0.144648686051, "median": 0.140910297632, "min": 0.0357392653823, "var": 0.00230260798708}, "erbbands_kurtosis": {"dmean": 1.0451271534, "dmean2": 1.68066573143, "dvar": 2.45087218285, "dvar2": 6.0874004364, "max": 47.156211853, "mean": 0.627800107002, "median": -0.0219403319061, "min": -1.80722677708, "var": 5.77449321747}, "erbbands_skewness": {"dmean": 0.396607607603, "dmean2": 0.611998260021, "dvar": 0.152714163065, "dvar2": 0.345699489117, "max": 3.70206451416, "mean": 0.105903655291, "median": 0.0461721271276, "min": -4.19375038147, "var": 0.570672154427}, "erbbands_spread": {"dmean": 9.60263824463, "dmean2": 14.8413505554, "dvar": 124.452255249, "dvar2": 283.349456787, "max": 228.489059448, "mean": 39.9621200562, "median": 34.7550430298, "min": 2.12122511864, "var": 561.848937988}, "gfcc": {"cov": [[13860.6220703, 666.077697754, -676.230712891, 264.818634033, -898.224975586, 230.851150513, -727.775024414, 86.4165725708, -505.657562256, -129.351715088, -151.459487915, -242.46484375, -137.262069702], [666.077697754, 1527.20080566, -195.154830933, -40.0083045959, 13.2776422501, -71.6837844849, 33.4322395325, -29.4790706635, -3.79446434975, -110.344284058, 130.746871948, -51.48046875, -7.44282770157], [-676.230712891, -195.154830933, 1021.371521, 204.741226196, 63.6793632507, -24.0791740417, -5.98641204834, -72.2185211182, -7.12289190292, -18.8502655029, -80.6517333984, 13.3807144165, -39.6419487], [264.818634033, -40.0083045959, 204.741226196, 391.702850342, 97.1414871216, -4.01568078995, -18.0614032745, -3.13910079002, 20.9158840179, -13.001906395, -56.4820785522, -29.3143939972, 5.81696128845], [-898.224975586, 13.2776422501, 63.6793632507, 97.1414871216, 297.494232178, 41.5654792786, 136.521484375, -22.1422138214, 64.7398605347, 15.2441091537, -8.78210353851, -17.5201416016, -12.2648029327], [230.851150513, -71.6837844849, -24.0791740417, -4.01568078995, 41.5654792786, 208.31640625, 71.0235671997, 26.9031467438, -17.5319156647, 23.2723941803, 3.28451085091, -13.0870952606, -18.1392021179], [-727.775024414, 33.4322395325, -5.98641204834, -18.0614032745, 136.521484375, 71.0235671997, 267.406494141, -14.7520246506, 40.653678894, 12.9467782974, -5.67706251144, -14.9641952515, -23.4389190674], [86.4165725708, -29.4790706635, -72.2185211182, -3.13910079002, -22.1422138214, 26.9031467438, -14.7520246506, 199.64414978, 35.5856285095, 11.8620834351, 11.9803962708, 16.4070663452, 33.6751823425], [-505.657562256, -3.79446434975, -7.12289190292, 20.9158840179, 64.7398605347, -17.5319156647, 40.653678894, 35.5856285095, 145.427597046, 24.7267780304, 5.02681159973, -1.33011317253, 14.7006883621], [-129.351715088, -110.344284058, -18.8502655029, -13.001906395, 15.2441091537, 23.2723941803, 12.9467782974, 11.8620834351, 24.7267780304, 128.74861145, 21.6701927185, 11.7058897018, -5.33746385574], [-151.459487915, 130.746871948, -80.6517333984, -56.4820785522, -8.78210353851, 3.28451085091, -5.67706251144, 11.9803962708, 5.02681159973, 21.6701927185, 127.369468689, 41.5866889954, 16.0120010376], [-242.46484375, -51.48046875, 13.3807144165, -29.3143939972, -17.5201416016, -13.0870952606, -14.9641952515, 16.4070663452, -1.33011317253, 11.7058897018, 41.5866889954, 106.841941833, 46.6331634521], [-137.262069702, -7.44282770157, -39.6419487, 5.81696128845, -12.2648029327, -18.1392021179, -23.4389190674, 33.6751823425, 14.7006883621, -5.33746385574, 16.0120010376, 46.6331634521, 90.8420181274]], "icov": [[0.000146980237332, -9.76669180091e-05, 0.000120837998111, -0.000234642197029, 0.000380974524887, -0.000305427849526, 0.000277717976132, -3.58352954208e-05, 0.000250400073128, -4.36903792433e-05, 0.000235835745116, 9.4828188594e-05, 0.000223894079681], [-9.76669180091e-05, 0.000958769524004, 1.33268085847e-05, 9.79071119218e-05, -0.000285941467155, 0.000577277678531, -0.00041400588816, 7.43681302993e-05, -0.000106224957563, 0.000890691240784, -0.00148782471661, 0.000787243421655, -0.000199556190637], [0.000120837998111, 1.33268085847e-05, 0.00134388334118, -0.00080383621389, 0.000227786091273, -0.00014043385454, 0.000269125361228, 0.000292186188744, 0.00016620956012, 0.000160250798217, 0.000743385171518, -0.000873867131304, 0.00108551874291], [-0.000234642197029, 9.79071119218e-05, -0.00080383621389, 0.00386269274168, -0.00198957975954, 0.000390174129279, 0.000499092333484, -0.000140503703733, -0.000467431818834, 9.84613798209e-05, 0.000614618940745, 0.000851476332173, -0.00141850032378], [0.000380974524887, -0.000285941467155, 0.000227786091273, -0.00198957975954, 0.00645395182073, -0.00132004695479, -0.00169703015126, 0.000678886135574, -0.00113283656538, -0.000275991740637, 0.000245594594162, 0.00034699315438, 0.000642968399916], [-0.000305427849526, 0.000577277678531, -0.00014043385454, 0.000390174129279, -0.00132004695479, 0.00678218202665, -0.00222798017785, -0.0012687726412, 0.00136970204767, -0.000621386163402, -0.00132697925437, 0.000734245579224, 0.00016984854301], [0.000277717976132, -0.00041400588816, 0.000269125361228, 0.000499092333484, -0.00169703015126, -0.00222798017785, 0.00628870492801, 0.000341070379363, -0.000624960113782, -6.66298365104e-05, 0.00129298702814, -0.000257759849774, 0.00129499647301], [-3.58352954208e-05, 7.43681302993e-05, 0.000292186188744, -0.000140503703733, 0.000678886135574, -0.0012687726412, 0.000341070379363, 0.00608597509563, -0.00193802150898, -5.44674076082e-05, -7.89292025729e-05, -0.000260682631051, -0.001783156069], [0.000250400073128, -0.000106224957563, 0.00016620956012, -0.000467431818834, -0.00113283656538, 0.00136970204767, -0.000624960113782, -0.00193802150898, 0.00957296043634, -0.00174531631637, -4.56831767224e-05, 0.00142254098319, -0.00122406939045], [-4.36903792433e-05, 0.000890691240784, 0.000160250798217, 9.84613798209e-05, -0.000275991740637, -0.000621386163402, -6.66298365104e-05, -5.44674076082e-05, -0.00174531631637, 0.00952325668186, -0.00237262411974, -0.000565399008337, 0.00146267516539], [0.000235835745116, -0.00148782471661, 0.000743385171518, 0.000614618940745, 0.000245594594162, -0.00132697925437, 0.00129298702814, -7.89292025729e-05, -4.56831767224e-05, -0.00237262411974, 0.0124476691708, -0.00501274317503, 0.000897750258446], [9.4828188594e-05, 0.000787243421655, -0.000873867131304, 0.000851476332173, 0.00034699315438, 0.000734245579224, -0.000257759849774, -0.000260682631051, 0.00142254098319, -0.000565399008337, -0.00501274317503, 0.0157357994467, -0.00746223004535], [0.000223894079681, -0.000199556190637, 0.00108551874291, -0.00141850032378, 0.000642968399916, 0.00016984854301, 0.00129499647301, -0.001783156069, -0.00122406939045, 0.00146267516539, 0.000897750258446, -0.00746223004535, 0.0169669594616]], "mean": [-0.669848561287, 66.2981033325, -112.27155304, 27.1153373718, -47.1814041138, 14.5141534805, -37.6404266357, 11.9390096664, -25.5004959106, -4.39599609375, -16.6731567383, 2.65668964386, -17.2945289612]}, "hfc": {"dmean": 9.30128479004, "dmean2": 12.9903268814, "dvar": 250.475021362, "dvar2": 492.527191162, "max": 303.02822876, "mean": 25.9420547485, "median": 18.6651973724, "min": 1.12351151573e-16, "var": 730.375366211}, "melbands": {"dmean": [0.000520975212567, 0.00137287995312, 0.00105057819746, 0.000322314357618, 0.000365922693163, 0.000249563454418, 0.000117916875752, 9.12793475436e-05, 0.000141283308039, 0.000135375565151, 0.000144725447171, 7.44907010812e-05, 9.96174348984e-05, 5.86982641835e-05, 3.81297322747e-05, 3.21578954754e-05, 5.63021530979e-05, 2.93481880362e-05, 2.33895116253e-05, 3.43246138073e-05, 2.07086795854e-05, 1.77779547812e-05, 1.39334970299e-05, 1.26160812215e-05, 1.37662309498e-05, 8.83335724211e-06, 5.81527410759e-06, 4.10841039411e-06, 2.27216651183e-06, 2.02357068702e-06, 1.4026277313e-06, 1.67370217241e-06, 4.25723601438e-06, 3.60088097295e-06, 2.06668460123e-06, 1.44968407767e-06, 1.69374936831e-06, 2.68545704785e-06, 1.43695103816e-06, 1.0510558468e-06], "dmean2": [0.000823983107693, 0.00230274861678, 0.00168000813574, 0.000551477773115, 0.000590650306549, 0.000395237177145, 0.000187336321687, 0.000142006596434, 0.000222548973397, 0.000217867462197, 0.00022489175899, 0.000117772491649, 0.000161047821166, 9.25141575863e-05, 6.10855640844e-05, 5.15162246302e-05, 9.32628390728e-05, 4.7772347898e-05, 3.81253012165e-05, 5.55052101845e-05, 3.30679249601e-05, 2.85297282971e-05, 2.27682321565e-05, 2.05015294341e-05, 2.20095353143e-05, 1.41315858855e-05, 9.33641604206e-06, 6.56355859974e-06, 3.6276389892e-06, 3.25619998875e-06, 2.18708487409e-06, 2.57223905464e-06, 6.50283209325e-06, 5.73202805754e-06, 3.24411212205e-06, 2.1955468128e-06, 2.59620560428e-06, 4.23582150688e-06, 2.1474731966e-06, 1.57897466124e-06], "dvar": [1.44290879689e-06, 6.47797287456e-06, 6.7104710979e-06, 5.27310987763e-07, 6.54945381484e-07, 3.18948053746e-07, 1.17389511445e-07, 7.17770660685e-08, 1.92288752032e-07, 1.49690734474e-07, 2.4607385285e-07, 3.96845010187e-08, 5.84059591802e-08, 1.65998681467e-08, 7.53065343417e-09, 4.93484586528e-09, 1.86834263616e-08, 3.58610940943e-09, 2.3963031559e-09, 4.46100889562e-09, 2.11506900882e-09, 1.65906377525e-09, 5.63425472944e-10, 4.38008601611e-10, 5.69868152667e-10, 2.24836343987e-10, 8.85318346411e-11, 5.25475045421e-11, 1.72931235304e-11, 1.36236655637e-11, 7.7195489584e-12, 1.31796639574e-11, 1.48179413184e-10, 1.12843470679e-10, 2.96754669449e-11, 2.64605438255e-11, 3.25348810393e-11, 6.23397028443e-11, 3.02656927298e-11, 2.68834052242e-11], "dvar2": [3.07959635393e-06, 1.79288181243e-05, 1.68330752786e-05, 1.4842987639e-06, 1.66085055753e-06, 7.59794318128e-07, 2.9629180176e-07, 1.76881471248e-07, 4.50443138789e-07, 3.66943538666e-07, 5.62136619919e-07, 9.59652055599e-08, 1.53042151396e-07, 4.1279911045e-08, 1.91622469004e-08, 1.22490178001e-08, 5.15262286171e-08, 8.90571172363e-09, 6.14086959061e-09, 1.10503401984e-08, 4.89630735956e-09, 4.05114297664e-09, 1.4426660977e-09, 1.13997589146e-09, 1.41490030803e-09, 5.40350764133e-10, 2.24518043046e-10, 1.36221547931e-10, 4.22540370748e-11, 3.5241361912e-11, 1.9150316749e-11, 2.9733080581e-11, 3.44625550319e-10, 2.87783658015e-10, 6.88252579928e-11, 5.55570381366e-11, 6.92665855229e-11, 1.49072962308e-10, 6.20494836068e-11, 5.23757738569e-11], "max": [0.0258164722472, 0.0245461538434, 0.0355965048075, 0.0122976694256, 0.0105153080076, 0.00855524558574, 0.00711008533835, 0.00868260674179, 0.010792998597, 0.0128619018942, 0.0150918271393, 0.00593458348885, 0.00506838364527, 0.00360658951104, 0.00213155779056, 0.00188522448298, 0.00286416406743, 0.00122515880503, 0.000805376039352, 0.00157317437697, 0.00117255421355, 0.00114477053285, 0.000550960015971, 0.000535957107786, 0.000537934014574, 0.000428203464253, 0.000184546690434, 0.000131604174385, 0.000138876683195, 5.84128938499e-05, 0.000105879385956, 8.47976480145e-05, 0.00015334195632, 0.000198869034648, 0.000138684816193, 0.000183704833034, 0.000215654552449, 0.000159021408763, 0.000150058564031, 0.000140847056173], "mean": [0.000701739452779, 0.00174704042729, 0.00144405628089, 0.00044045803952, 0.000503441959154, 0.000344932894222, 0.000163078831974, 0.000136460905196, 0.000195432905457, 0.000189053840586, 0.000217112989048, 0.000113393951324, 0.000161009898875, 9.34944109758e-05, 6.00107341597e-05, 4.65988523501e-05, 9.13609037525e-05, 4.56359739474e-05, 3.55396041414e-05, 5.44976792298e-05, 3.31821647706e-05, 2.80681233562e-05, 2.4151730031e-05, 2.46033541771e-05, 2.62069424934e-05, 1.63165586855e-05, 1.09036964204e-05, 7.34697277949e-06, 4.01978331865e-06, 3.41752297572e-06, 2.4750099783e-06, 2.74743297268e-06, 5.66153994441e-06, 4.62155094283e-06, 3.17185663334e-06, 2.47246839535e-06, 2.63930496658e-06, 3.33547245646e-06, 2.14948909161e-06, 1.55986310801e-06], "median": [0.000248331780313, 0.000768384488765, 0.00058502482716, 0.000230096688028, 0.000188605074072, 0.000122775920318, 5.86238311371e-05, 4.61526506115e-05, 5.61853448744e-05, 5.17607804795e-05, 4.91696446261e-05, 2.90741245408e-05, 3.69878398487e-05, 2.90506359306e-05, 1.94725544134e-05, 1.60848176165e-05, 1.98000670935e-05, 1.73061616806e-05, 1.31445440275e-05, 1.96133951249e-05, 1.25637643578e-05, 1.07563228084e-05, 1.21109969768e-05, 1.39803669299e-05, 1.29615273181e-05, 8.78213177202e-06, 5.70616839468e-06, 2.99352382171e-06, 1.42585645335e-06, 1.07763480628e-06, 7.97868722202e-07, 8.90853300461e-07, 1.41790735597e-06, 1.35233301535e-06, 1.22127858049e-06, 9.05666524886e-07, 7.90521596628e-07, 7.07361721197e-07, 4.76763005963e-07, 2.46933382186e-07], "min": [7.78490539761e-24, 1.06979675611e-23, 4.39440213178e-24, 8.15186455806e-24, 7.7025443748e-24, 1.06788708163e-23, 6.3141373487e-24, 5.64185391362e-24, 1.29971925995e-23, 3.24865700317e-24, 6.96923426566e-24, 7.8786615162e-24, 1.0514861112e-23, 8.70915376683e-24, 8.19120189596e-24, 6.36400242981e-24, 6.07749445992e-24, 6.08430430168e-24, 1.13334202638e-23, 6.46326874182e-24, 4.0654159743e-24, 5.1984300712e-24, 4.13980713539e-24, 5.77090130252e-24, 1.09606164329e-23, 1.5065438376e-23, 1.49602784841e-23, 1.32964272623e-23, 7.52300594366e-24, 9.89742047039e-24, 1.24982917195e-23, 1.1722521961e-23, 9.92938826971e-24, 1.04897753353e-23, 9.41154999481e-24, 9.86439323087e-24, 1.00213229085e-23, 1.2116450698e-23, 7.37644268722e-24, 9.45407354191e-24], "var": [1.95065445041e-06, 6.91678087605e-06, 7.74506406742e-06, 5.18469846611e-07, 8.36035439988e-07, 4.29124611401e-07, 1.49131565763e-07, 1.22157459259e-07, 2.83794065581e-07, 2.27136482067e-07, 4.61354886738e-07, 8.98931702409e-08, 1.2195114607e-07, 3.36460459494e-08, 1.58738373557e-08, 7.42697503497e-09, 4.17399235175e-08, 6.65533184119e-09, 4.430331213e-09, 9.17148490487e-09, 4.31513891286e-09, 3.1904445752e-09, 1.10253739471e-09, 9.98064297875e-10, 1.41983380608e-09, 4.92519691697e-10, 2.13938602944e-10, 1.15750631302e-10, 4.17898250726e-11, 2.97177352171e-11, 1.62522894448e-11, 2.38891840337e-11, 1.89383772553e-10, 1.2849445119e-10, 5.24506445221e-11, 6.04033906226e-11, 7.16127226963e-11, 8.50168685451e-11, 5.90115803445e-11, 5.07124064963e-11]}, "melbands_crest": {"dmean": 3.78794741631, "dmean2": 6.27688980103, "dvar": 11.586607933, "dvar2": 29.0269145966, "max": 35.2805099487, "mean": 13.9855079651, "median": 13.5112667084, "min": 1.72196149826, "var": 29.2643985748}, "melbands_flatness_db": {"dmean": 0.0282790884376, "dmean2": 0.0438049100339, "dvar": 0.000791018421296, "dvar2": 0.00175501499325, "max": 0.493159741163, "mean": 0.175708860159, "median": 0.168839201331, "min": 0.00453842338175, "var": 0.00376310688443}, "melbands_kurtosis": {"dmean": 7.57803249359, "dmean2": 12.1948471069, "dvar": 275.384063721, "dvar2": 686.513244629, "max": 1305.17858887, "mean": 14.0081443787, "median": 4.4839720726, "min": -1.91937434673, "var": 2529.22558594}, "melbands_skewness": {"dmean": 0.856001794338, "dmean2": 1.32039880753, "dvar": 0.827741920948, "dvar2": 1.97314727306, "max": 30.6799106598, "mean": 2.42263412476, "median": 1.98405468464, "min": -3.43601870537, "var": 4.97106695175}, "melbands_spread": {"dmean": 10.1783542633, "dmean2": 15.8763685226, "dvar": 220.223999023, "dvar2": 446.688140869, "max": 277.333282471, "mean": 31.2997226715, "median": 26.8939685822, "min": 0.442497551441, "var": 611.817749023}, "mfcc": {"cov": [[10362.5654297, 517.297668457, -52.1830024719, 4.96787071228, -54.4604644775, -136.522613525, -51.8187217712, -90.9449539185, -270.148345947, 0.208605483174, -109.299049377, -199.851104736, -66.9214019775], [517.297668457, 1304.59997559, -78.8026275635, 7.47819709778, -43.5350723267, -45.1110343933, 24.1580123901, 60.3074798584, -143.425231934, 7.38533115387, 7.84455776215, 3.07504415512, -2.02602720261], [-52.1830024719, -78.8026275635, 724.532775879, 145.510025024, 88.0518417358, 28.19181633, -21.9913654327, -11.6986446381, 1.04585301876, -60.6644859314, -26.4427604675, -11.7150526047, -18.5980625153], [4.96787071228, 7.47819709778, 145.510025024, 373.449554443, 106.578987122, 51.2847747803, -18.6847267151, 2.19068002701, 65.7838287354, -14.7991142273, -24.7149410248, 10.0884885788, 3.21062064171], [-54.4604644775, -43.5350723267, 88.0518417358, 106.578987122, 213.344482422, 5.33433008194, -13.9246253967, 26.1324558258, 16.1300487518, 24.7382240295, -9.99714183807, -14.7520999908, 6.56875133514], [-136.522613525, -45.1110343933, 28.19181633, 51.2847747803, 5.33433008194, 253.840515137, 86.6991882324, -15.429731369, 46.5336456299, -11.5157270432, 44.0757980347, 23.7500724792, -13.8842525482], [-51.8187217712, 24.1580123901, -21.9913654327, -18.6847267151, -13.9246253967, 86.6991882324, 167.750854492, 37.6918525696, 9.42575740814, 13.5723972321, 30.4049930573, 8.89409732819, -4.81528902054], [-90.9449539185, 60.3074798584, -11.6986446381, 2.19068002701, 26.1324558258, -15.429731369, 37.6918525696, 140.825363159, 27.635723114, 20.8157348633, -2.09469127655, -8.27050971985, 0.0384463742375], [-270.148345947, -143.425231934, 1.04585301876, 65.7838287354, 16.1300487518, 46.5336456299, 9.42575740814, 27.635723114, 179.691055298, 28.9906902313, 10.9274597168, 26.2301311493, 1.71896064281], [0.208605483174, 7.38533115387, -60.6644859314, -14.7991142273, 24.7382240295, -11.5157270432, 13.5723972321, 20.8157348633, 28.9906902313, 122.161308289, 36.2321090698, -5.68010950089, -8.00175380707], [-109.299049377, 7.84455776215, -26.4427604675, -24.7149410248, -9.99714183807, 44.0757980347, 30.4049930573, -2.09469127655, 10.9274597168, 36.2321090698, 94.1385116577, 32.4770202637, 2.68072462082], [-199.851104736, 3.07504415512, -11.7150526047, 10.0884885788, -14.7520999908, 23.7500724792, 8.89409732819, -8.27050971985, 26.2301311493, -5.68010950089, 32.4770202637, 100.554512024, 39.2654037476], [-66.9214019775, -2.02602720261, -18.5980625153, 3.21062064171, 6.56875133514, -13.8842525482, -4.81528902054, 0.0384463742375, 1.71896064281, -8.00175380707, 2.68072462082, 39.2654037476, 84.9957199097]], "icov": [[0.000106094026705, -3.13627278956e-05, 7.99538611318e-06, -4.02758705604e-05, 4.04839374823e-05, 1.54425651999e-05, -1.20100112326e-05, 7.88226534496e-05, 0.00010954636673, -5.68035138713e-05, 6.91947061568e-05, 0.000174735643668, -5.73375973545e-06], [-3.13627278956e-05, 0.000936270516831, 9.05977212824e-05, -0.000315653625876, 0.000298404251225, 3.05810644932e-05, -1.64193170349e-05, -0.000637365505099, 0.00096910528373, -0.000212344471947, -7.45442084735e-05, -0.000358090532245, 0.000138851348311], [7.99538611318e-06, 9.05977212824e-05, 0.00163971015718, -0.000484946998768, -0.000546482449863, -1.3596352801e-05, 5.82967804803e-05, 3.41015329468e-05, 0.000153504908667, 0.000878162274603, -0.000113083398901, 2.39778692048e-05, 0.000500919122715], [-4.02758705604e-05, -0.000315653625876, -0.000484946998768, 0.00385370687582, -0.00171923963353, -0.000734516070224, 0.000442606455181, 0.000345010310411, -0.00150768540334, 0.000431069202023, 0.00107827840839, -0.00054819136858, 3.71984533558e-05], [4.04839374823e-05, 0.000298404251225, -0.000546482449863, -0.00171923963353, 0.00637190695852, -0.000457309739431, 0.000725576304831, -0.00133484893013, 0.000800047477242, -0.00202104030177, 0.000387144100387, 0.00109537690878, -0.00126576877665], [1.54425651999e-05, 3.05810644932e-05, -1.3596352801e-05, -0.000734516070224, -0.000457309739431, 0.00619927095249, -0.00324150267988, 0.00160033151042, -0.00144842860755, 0.00184353755321, -0.00255787721835, -0.000202110444661, 0.00127819285262], [-1.20100112326e-05, -1.64193170349e-05, 5.82967804803e-05, 0.000442606455181, 0.000725576304831, -0.00324150267988, 0.00856921263039, -0.00283934315667, 0.000759654736612, -0.000771228224039, -0.000873202574439, -8.84867622517e-05, -0.000132184446556], [7.88226534496e-05, -0.000637365505099, 3.41015329468e-05, 0.000345010310411, -0.00133484893013, 0.00160033151042, -0.00283934315667, 0.0091547742486, -0.00220381072722, -0.000314602890285, 0.000487664161483, 0.00107552914415, -0.000256411643932], [0.00010954636673, 0.00096910528373, 0.000153504908667, -0.00150768540334, 0.000800047477242, -0.00144842860755, 0.000759654736612, -0.00220381072722, 0.00832688156515, -0.00248924526386, 0.00091713888105, -0.00225819065236, 0.000557030609343], [-5.68035138713e-05, -0.000212344471947, 0.000878162274603, 0.000431069202023, -0.00202104030177, 0.00184353755321, -0.000771228224039, -0.000314602890285, -0.00248924526386, 0.0117789823562, -0.00547602307051, 0.00197104667313, 0.000961271813139], [6.91947061568e-05, -7.45442084735e-05, -0.000113083398901, 0.00107827840839, 0.000387144100387, -0.00255787721835, -0.000873202574439, 0.000487664161483, 0.00091713888105, -0.00547602307051, 0.0163255035877, -0.00538768991828, 0.000929753761739], [0.000174735643668, -0.000358090532245, 2.39778692048e-05, -0.00054819136858, 0.00109537690878, -0.000202110444661, -8.84867622517e-05, 0.00107552914415, -0.00225819065236, 0.00197104667313, -0.00538768991828, 0.0157844647765, -0.00685895374045], [-5.73375973545e-06, 0.000138851348311, 0.000500919122715, 3.71984533558e-05, -0.00126576877665, 0.00127819285262, -0.000132184446556, -0.000256411643932, 0.000557030609343, 0.000961271813139, 0.000929753761739, -0.00685895374045, 0.0153900738806]], "mean": [-645.992004395, 103.43396759, -4.48953819275, 18.5655078888, 11.7641363144, 2.17019915581, 1.21001076698, 12.4186191559, -6.07155275345, 3.41527891159, -2.01540398598, -5.84452915192, -2.23049545288]}, "pitch_salience": {"dmean": 0.081976428628, "dmean2": 0.134132966399, "dvar": 0.00582058308646, "dvar2": 0.01480396837, "max": 0.916226267815, "mean": 0.529364109039, "median": 0.533474445343, "min": 0.0868183597922, "var": 0.0133027415723}, "silence_rate_20dB": {"dmean": 0, "dmean2": 0, "dvar": 0, "dvar2": 0, "max": 1, "mean": 1, "median": 1, "min": 1, "var": 0}, "silence_rate_30dB": {"dmean": 0.00140421267133, "dmean2": 0.00280870706774, "dvar": 0.00140218005981, "dvar2": 0.00420492840931, "max": 1, "mean": 0.999297976494, "median": 1, "min": 0, "var": 0.000701527984347}, "silence_rate_60dB": {"dmean": 0.0154463388026, "dmean2": 0.0308957770467, "dvar": 0.0152084575966, "dvar2": 0.0355581976473, "max": 1, "mean": 0.0849463418126, "median": 0, "min": 0, "var": 0.077721439302}, "spectral_centroid": {"dmean": 293.460784912, "dmean2": 449.580200195, "dvar": 113743.867188, "dvar2": 222325.296875, "max": 10948.1728516, "mean": 1596.50817871, "median": 1555.0970459, "min": 213.757598877, "var": 468299.90625}, "spectral_complexity": {"dmean": 3.9408223629, "dmean2": 5.63707494736, "dvar": 17.7894897461, "dvar2": 32.0370254517, "max": 56, "mean": 19.2707843781, "median": 19, "min": 0, "var": 120.651351929}, "spectral_contrast_coeffs": {"dmean": [0.0541996471584, 0.0514688640833, 0.0436672754586, 0.0344685129821, 0.026411678642, 0.0215247049928], "dmean2": [0.084643535316, 0.0828414484859, 0.0694331973791, 0.0558903925121, 0.0422796458006, 0.0339897684753], "dvar": [0.0021786224097, 0.0018931045197, 0.00129185931291, 0.000788650999311, 0.000498608103953, 0.000407820072724], "dvar2": [0.00501481816173, 0.00459647923708, 0.00304701994173, 0.00194130337331, 0.0012063391041, 0.000949407694861], "max": [-0.320430696011, -0.365101099014, -0.389419138432, -0.499539077282, -0.536049723625, -0.60645121336], "mean": [-0.638047873974, -0.72240871191, -0.740547895432, -0.761795163155, -0.765297412872, -0.769100487232], "median": [-0.638522446156, -0.730931162834, -0.750177145004, -0.76930308342, -0.770928800106, -0.76905721426], "min": [-0.961477398872, -0.958701312542, -0.959902107716, -0.964024662971, -0.961580574512, -0.958984851837], "var": [0.00960133504122, 0.00755306286737, 0.00738176470622, 0.00434057414532, 0.00299535924569, 0.00209303386509]}, "spectral_contrast_valleys": {"dmean": [0.436050832272, 0.411213338375, 0.366964817047, 0.315651863813, 0.28646671772, 0.295074373484], "dmean2": [0.665821969509, 0.646063387394, 0.569555938244, 0.475405693054, 0.41795861721, 0.395090311766], "dvar": [0.159032866359, 0.148871332407, 0.123564481735, 0.0999919474125, 0.1003786847, 0.112992122769], "dvar2": [0.328733831644, 0.319027125835, 0.24827671051, 0.184187650681, 0.184927329421, 0.175895765424], "max": [-5.45624637604, -4.93090820313, -5.3462767601, -5.78699493408, -5.58654403687, -7.20720863342], "mean": [-7.59245157242, -7.20122718811, -7.52979803085, -7.77374792099, -7.6103811264, -10.121843338], "median": [-7.25151109695, -6.9500579834, -7.34465789795, -7.5861992836, -7.39619112015, -9.89253234863], "min": [-27.1175308228, -27.3648204803, -27.0283298492, -27.1698913574, -27.110622406, -27.3215465546], "var": [1.6428040266, 1.62486314774, 1.54163849354, 1.43497574329, 1.39048051834, 1.65581607819]}, "spectral_decrease": {"dmean": 2.59224264276e-09, "dmean2": 3.9881249414e-09, "dvar": 1.39421159897e-17, "dvar2": 3.26827662698e-17, "max": 1.81386685037e-20, "mean": -6.13836670382e-09, "median": -5.01553865107e-09, "min": -4.60255868973e-08, "var": 2.57441536073e-17}, "spectral_energy": {"dmean": 0.0103219589218, "dmean2": 0.0157730150968, "dvar": 0.000219639798161, "dvar2": 0.000510738813318, "max": 0.177013680339, "mean": 0.0255207587034, "median": 0.0212039109319, "min": 1.00792523095e-20, "var": 0.00042204890633}, "spectral_energyband_high": {"dmean": 0.000660913647152, "dmean2": 0.000928810855839, "dvar": 2.47324692282e-06, "dvar2": 4.86875842398e-06, "max": 0.0305090267211, "mean": 0.00120729382616, "median": 0.000409230211517, "min": 7.71857092975e-21, "var": 5.8873265516e-06}, "spectral_energyband_low": {"dmean": 0.0064478837885, "dmean2": 0.0103679560125, "dvar": 0.000136486676638, "dvar2": 0.000341953651514, "max": 0.130285531282, "mean": 0.00936831068248, "median": 0.00437366915867, "min": 6.37859296445e-23, "var": 0.000181865718332}, "spectral_energyband_middle_high": {"dmean": 0.00237569166347, "dmean2": 0.00359577359632, "dvar": 1.12848574645e-05, "dvar2": 2.6898462238e-05, "max": 0.0937551110983, "mean": 0.00694736465812, "median": 0.00475548906252, "min": 1.29066984207e-21, "var": 4.89212907269e-05}, "spectral_energyband_middle_low": {"dmean": 0.00542363617569, "dmean2": 0.00871878676116, "dvar": 8.29803902889e-05, "dvar2": 0.000216139058466, "max": 0.0957637801766, "mean": 0.0102508887649, "median": 0.00725497072563, "min": 2.2820380312e-22, "var": 0.000111462024506}, "spectral_entropy": {"dmean": 0.157987043262, "dmean2": 0.232019796968, "dvar": 0.0283677596599, "dvar2": 0.0544670112431, "max": 9.79297924042, "mean": 7.6667599678, "median": 7.69253778458, "min": 5.02218580246, "var": 0.15884527564}, "spectral_flux": {"dmean": 0.0289948154241, "dmean2": 0.0449203923345, "dvar": 0.00103836960625, "dvar2": 0.00234807864763, "max": 0.373386353254, "mean": 0.089657984674, "median": 0.0834778472781, "min": 1.00395476654e-10, "var": 0.00268592312932}, "spectral_kurtosis": {"dmean": 1.25342798233, "dmean2": 2.06782150269, "dvar": 2.15490150452, "dvar2": 5.7039437294, "max": 30.2453956604, "mean": 4.44953155518, "median": 4.11186170578, "min": -1.49448096752, "var": 6.14699888229}, "spectral_rms": {"dmean": 0.000914214760996, "dmean2": 0.00134848023299, "dvar": 1.10219627913e-06, "dvar2": 2.34748381445e-06, "max": 0.0131413955241, "mean": 0.00455023441464, "median": 0.00454826792702, "min": 3.13582796882e-12, "var": 4.19365233029e-06}, "spectral_rolloff": {"dmean": 704.525756836, "dmean2": 1164.38562012, "dvar": 1835530.75, "dvar2": 3900486.25, "max": 19745.9472656, "mean": 2240.86767578, "median": 1593.45703125, "min": 64.599609375, "var": 6690295}, "spectral_skewness": {"dmean": 0.193826779723, "dmean2": 0.309792399406, "dvar": 0.0437010377645, "dvar2": 0.104294911027, "max": 4.21115255356, "mean": 1.56004548073, "median": 1.54491853714, "min": -0.223231241107, "var": 0.156430840492}, "spectral_spread": {"dmean": 578959.3125, "dmean2": 824899.5625, "dvar": 812618809344, "dvar2": 1313851572220.0, "max": 42247788, 