{"lowlevel": {"average_loudness": 0.928302049637, "barkbands": {"dmean": [0.00305557763204, 0.0107011534274, 0.00517675979063, 0.00207485724241, 0.00171916559339, 0.00194428884424, 0.00123090331908, 0.000640052254312, 0.000941061647609, 0.000734023866244, 0.000376084382879, 0.000321654340951, 0.000278493505903, 0.000421141710831, 0.00049520022003, 0.000389463966712, 0.000302639295114, 0.000266816146905, 0.000334300217219, 0.000165290999576, 0.000109827269625, 0.00012157628953, 2.49634376814e-05, 2.01274597202e-05, 2.47677530751e-06, 2.5188039217e-05, 0.000516604690347], "dmean2": [0.00442496221513, 0.0162769556046, 0.00876849889755, 0.00325466133654, 0.00282833678648, 0.00306275160983, 0.00198690639809, 0.00103410193697, 0.00148576707579, 0.00117271649651, 0.000610929972026, 0.000526764488313, 0.00044092265307, 0.000684194499627, 0.000799442932475, 0.000620767066721, 0.000470816972665, 0.000393199996324, 0.000495176296681, 0.000233316386584, 0.00014878573711, 0.00017394151655, 3.24412649206e-05, 2.52390436799e-05, 4.21262529926e-06, 3.15900833812e-05, 0.000708460167516], "dvar": [2.53117414104e-05, 0.000277186220046, 7.50561375753e-05, 1.2433610209e-05, 6.2918866206e-06, 1.71975771082e-05, 7.58121404942e-06, 2.3774255169e-06, 3.55217957804e-06, 2.1190503503e-06, 5.73259796965e-07, 3.81562244911e-07, 2.62967120079e-07, 7.14496820819e-07, 7.89635691945e-07, 3.59140130968e-07, 2.97672329452e-07, 5.99899067311e-07, 5.59297120617e-07, 1.71204504795e-07, 1.13040229621e-07, 6.77209186506e-08, 1.86258053425e-09, 1.41142075805e-09, 1.61143303562e-11, 2.4154680478e-09, 1.02875310404e-06], "dvar2": [5.13484010298e-05, 0.000664083752781, 0.000201970120543, 2.91052783723e-05, 1.60631861945e-05, 4.01019715355e-05, 1.91679664567e-05, 5.87848353462e-06, 8.23798018246e-06, 5.25364976056e-06, 1.46278762259e-06, 9.75423745331e-07, 6.20841717591e-07, 1.82075848443e-06, 2.15418685912e-06, 8.94114009498e-07, 6.64008609874e-07, 1.16125954719e-06, 1.17622676044e-06, 3.28462562038e-07, 2.06995480312e-07, 1.41865996284e-07, 3.27032534386e-09, 2.33706964892e-09, 4.12391301663e-11, 3.92846954966e-09, 1.96626888282e-06], "max": [0.0600500665605, 0.20430354774, 0.130892753601, 0.0678716748953, 0.0505289137363, 0.0782269835472, 0.0546840839088, 0.0539783276618, 0.0494597926736, 0.0286650862545, 0.027772763744, 0.0181863978505, 0.0136767467484, 0.0212765987962, 0.0141019495204, 0.0106080835685, 0.00920816138387, 0.0273442193866, 0.0183617398143, 0.0137043725699, 0.0123012717813, 0.00536839431152, 0.000722713593859, 0.000523520226125, 6.28701673122e-05, 0.00103659078013, 0.0211213603616], "mean": [0.00415608799085, 0.016284821555, 0.00650503160432, 0.00314590195194, 0.0027116520796, 0.00280245859176, 0.00178795494139, 0.000959949509706, 0.00157953996677, 0.00110648805276, 0.000567184470128, 0.000510010111611, 0.000455849716673, 0.000683185120579, 0.000847618444823, 0.000700898235664, 0.00050272064982, 0.000429951905971, 0.000535957922693, 0.000297025340842, 0.000202048904612, 0.000188908234122, 4.6278903028e-05, 3.52734969056e-05, 2.43761996899e-06, 4.64950535388e-05, 0.00113299442455], "median": [0.00109246675856, 0.00871940329671, 0.00325417146087, 0.00170229619835, 0.00166421383619, 0.000840334920213, 0.00056610791944, 0.000359796307748, 0.000607740192208, 0.000458404480014, 0.00030585215427, 0.000258268846665, 0.00026483432157, 0.000337630714057, 0.000458647235064, 0.000443624769105, 0.000256130530033, 0.000151072614244, 0.000179269452929, 0.000103570127976, 6.94708141964e-05, 5.05517709826e-05, 1.23914933283e-05, 7.10692620487e-06, 1.0601103213e-06, 1.15698076115e-05, 0.000615599099547], "min": [5.32306969979e-25, 1.48369728193e-24, 1.45644174323e-24, 1.05974666817e-24, 6.72510074816e-24, 8.69225163307e-24, 5.83979134208e-24, 8.28583680559e-24, 2.02045642509e-23, 1.89890715909e-23, 2.03625809788e-23, 3.26687369473e-23, 3.15493622555e-23, 3.67220809832e-23, 3.1751771342e-23, 6.36587084686e-23, 5.65417757757e-23, 8.4583780405e-23, 1.39259344782e-22, 1.49508957725e-22, 2.81172897276e-22, 3.70603950265e-22, 3.67303709647e-22, 6.48937882293e-22, 8.81567737828e-22, 1.19065490107e-21, 1.92964030906e-21], "var": [4.6496745199e-05, 0.000445963843958, 0.000100592718809, 2.22342514462e-05, 1.11307335828e-05, 3.62621613021e-05, 1.26121449284e-05, 3.98084011977e-06, 8.55342932482e-06, 3.91558023694e-06, 8.21201126655e-07, 6.43907185349e-07, 4.72200611057e-07, 1.28599640448e-06, 1.50888092776e-06, 7.52057871978e-07, 5.37542689472e-07, 1.20851848351e-06, 1.16417220397e-06, 4.27367439215e-07, 2.88525029646e-07, 1.206371536e-07, 5.53601298137e-09, 4.04764088913e-09, 1.59185876286e-11, 6.79487488497e-09, 2.51270398621e-06]}, "barkbands_crest": {"dmean": 2.85636281967, "dmean2": 4.60639810562, "dvar": 5.76640558243, "dvar2": 14.9320297241, "max": 23.0704746246, "mean": 10.1545877457, "median": 9.60413742065, "min": 2.71718716621, "var": 14.4762973785}, "barkbands_flatness_db": {"dmean": 0.0237551983446, "dmean2": 0.0367019958794, "dvar": 0.000439822062617, "dvar2": 0.00104068731889, "max": 0.313864022493, "mean": 0.127359285951, "median": 0.121132940054, "min": 0.0330950170755, "var": 0.00180844508577}, "barkbands_kurtosis": {"dmean": 4.60873365402, "dmean2": 7.1508102417, "dvar": 55.9267845154, "dvar2": 128.85194397, "max": 167.110946655, "mean": 7.75625276566, "median": 4.13515949249, "min": -1.89344704151, "var": 139.681213379}, "barkbands_skewness": {"dmean": 0.66564822197, "dmean2": 1.01987826824, "dvar": 0.456003516912, "dvar2": 1.04193747044, "max": 10.4330196381, "mean": 2.16719269753, "median": 1.95310878754, "min": -4.63548755646, "var": 2.05617570877}, "barkbands_spread": {"dmean": 8.63266468048, "dmean2": 13.2496786118, "dvar": 86.4847335815, "dvar2": 189.566726685, "max": 129.412826538, "mean": 29.9166812897, "median": 26.463432312, "min": 1.2636128664, "var": 322.832336426}, "dissonance": {"dmean": 0.0165586844087, "dmean2": 0.0277182068676, "dvar": 0.00034245903953, "dvar2": 0.000936954689678, "max": 0.500000059605, "mean": 0.472202777863, "median": 0.479099482298, "min": 0.0064976583235, "var": 0.000585651141591}, "dynamic_complexity": 2.62187623978, "erbbands": {"dmean": [0.542142152786, 1.74133276939, 5.23543548584, 6.57763528824, 6.41005277634, 5.13023519516, 10.6986618042, 16.1925449371, 17.3690986633, 17.3453655243, 13.5934667587, 20.0939884186, 19.4406871796, 24.0193939209, 13.9574069977, 11.7936010361, 12.7694272995, 16.678150177, 28.0177993774, 20.7983036041, 18.5829811096, 15.8897485733, 14.8700256348, 13.6545610428, 15.3490095139, 7.75890398026, 5.74532318115, 4.04231071472, 5.25732707977, 1.2362729311, 0.66101950407, 0.510340034962, 0.267789423466, 0.0359150543809, 0.0180696491152, 0.0408668704331, 0.0612621493638, 0.0748622342944, 0.0487389974296, 0.0113089755177], "dmean2": [0.790435194969, 2.84397792816, 8.86639213562, 10.5025949478, 10.4043893814, 8.52850341797, 16.8291606903, 25.7867832184, 27.8910655975, 27.759513855, 21.8975753784, 31.4801883698, 31.3268585205, 38.0275650024, 22.6026878357, 19.1618499756, 20.0559406281, 26.979057312, 45.3328819275, 33.375453949, 29.1705551147, 24.3785076141, 21.8725204468, 19.6033267975, 22.661775589, 10.912103653, 7.89804983139, 5.42821550369, 7.61690807343, 1.61983788013, 0.863794445992, 0.650783777237, 0.343896120787, 0.0565208345652, 0.030336253345, 0.0551237352192, 0.0770499631763, 0.0993635356426, 0.0654709413648, 0.0158114768565], "dvar": [0.821044743061, 6.98960590363, 72.1130371094, 121.400840759, 102.087615967, 75.6266708374, 550.419921875, 1493.15319824, 1889.3770752, 1641.95654297, 865.843261719, 1631.32434082, 1883.08825684, 2435.43530273, 634.814147949, 474.069061279, 515.021179199, 1225.27941895, 2880.89697266, 1156.63659668, 840.719238281, 918.02746582, 1669.97937012, 1285.45739746, 1198.3059082, 425.793701172, 267.481719971, 115.914558411, 131.39112854, 4.91123151779, 1.36818408966, 0.92236250639, 0.248689442873, 0.00265706051141, 0.00080439687008, 0.00566635560244, 0.0147915761918, 0.0260138884187, 0.0142606534064, 0.000497082422953], "dvar2": [1.71375954151, 19.3684196472, 200.011260986, 291.151580811, 247.716537476, 185.73588562, 1201.23400879, 3627.93212891, 4443.28662109, 3907.57983398, 2273.63183594, 3596.49902344, 4786.41992188, 5819.57958984, 1581.79992676, 1263.52978516, 1223.81494141, 3242.86279297, 7749.03955078, 2942.83007812, 2046.29431152, 2002.43408203, 3277.49145508, 2557.41333008, 2527.88671875, 845.191955566, 509.718353271, 205.055389404, 279.47543335, 8.32638931274, 2.42555332184, 1.60143923759, 0.425712704659, 0.00616315752268, 0.002043556422, 0.0101026929915, 0.0240513570607, 0.0498071350157, 0.0251286495477, 0.000996549148113], "max": [9.6968536377, 36.2621917725, 103.440818787, 198.336730957, 304.186462402, 201.612670898, 435.624481201, 733.412963867, 949.792480469, 1225.42504883, 702.581054688, 830.33782959, 1111.77185059, 1018.9196167, 963.239135742, 506.459594727, 597.106262207, 1247.61462402, 1132.72546387, 787.748046875, 658.401062012, 616.821411133, 1573.53137207, 822.842834473, 926.922424316, 794.726623535, 474.724639893, 410.056152344, 203.569046021, 55.030960083, 19.9683456421, 16.0967388153, 7.75855922699, 0.769239127636, 0.45393833518, 1.51354706287, 2.76882338524, 4.47271585464, 3.72749328613, 0.464688956738], "mean": [0.732713341713, 2.63185834885, 6.90613079071, 10.0710859299, 10.1153373718, 7.37944316864, 14.7352752686, 23.5380535126, 25.7520389557, 26.6928672791, 22.7686691284, 34.6246757507, 31.8879394531, 37.6828346252, 24.1845016479, 20.1769809723, 21.9620304108, 29.3559093475, 47.9060630798, 40.3780975342, 35.4357414246, 27.9587936401, 24.9959659576, 23.085943222, 25.1923999786, 14.0392856598, 10.3868846893, 7.35372209549, 7.99141931534, 2.30680632591, 1.21693444252, 0.907939553261, 0.449763923883, 0.0483132451773, 0.0200181081891, 0.0670388266444, 0.112512797117, 0.130057126284, 0.0924562588334, 0.0285374633968], "median": [0.248295515776, 1.64726471901, 3.83081579208, 5.30264854431, 6.29475164413, 3.99233198166, 5.27712440491, 6.81425714493, 7.84717750549, 9.33603668213, 10.01521492, 13.1261405945, 14.1900997162, 18.2407569885, 14.7078313828, 11.4045448303, 13.0094127655, 15.9716444016, 25.2385902405, 23.8438434601, 23.4592075348, 14.4727497101, 9.54837226868, 7.86264419556, 8.70324516296, 4.89824008942, 3.39016342163, 2.51950931549, 2.12903475761, 0.665626168251, 0.324378490448, 0.195798903704, 0.0920582637191, 0.022564984858, 0.0107737537473, 0.0179624985904, 0.0260449554771, 0.037572555244, 0.034624222666, 0.0178396999836], "min": [2.49994454263e-23, 7.62396628713e-22, 2.25248207628e-21, 5.15386553268e-21, 1.1299570703e-20, 2.5918445952e-20, 7.04600200591e-20, 9.18578771114e-20, 1.45873701689e-19, 1.79685071119e-19, 3.1460082689e-19, 4.80389328342e-19, 3.560651421e-19, 8.98002369034e-19, 1.29535201796e-18, 1.44585184355e-18, 1.57879414025e-18, 2.30854238922e-18, 2.63190962454e-18, 3.09469732493e-18, 3.59029928022e-18, 4.14257137927e-18, 5.54394437711e-18, 6.41653141503e-18, 7.72530195689e-18, 6.51950464795e-18, 9.44990156935e-18, 1.10207986163e-17, 1.00697410896e-17, 1.18740966295e-17, 1.02777232469e-17, 1.21747809181e-17, 1.0439113629e-17, 8.11459465985e-18, 6.63352487794e-18, 4.27687407789e-18, 2.32866355762e-18, 1.01326750585e-18, 2.61099792997e-19, 2.69155103984e-20], "var": [1.36532521248, 9.76053905487, 86.8194885254, 245.38583374, 173.644897461, 121.748962402, 980.075744629, 3059.48339844, 3793.7199707, 3210.0300293, 1557.49597168, 4135.94873047, 3940.4362793, 4114.99658203, 1042.48632812, 797.44744873, 981.199829102, 2063.49243164, 5257.33105469, 2831.10986328, 1878.63427734, 1690.8807373, 3402.15258789, 2728.06030273, 2542.26416016, 1015.50567627, 670.039672852, 296.505249023, 222.881576538, 14.2293930054, 3.91631865501, 2.59553551674, 0.66988503933, 0.00430361321196, 0.000849853036925, 0.0140083506703, 0.0412871353328, 0.0574289858341, 0.0349003225565, 0.00120492081624]}, "erbbands_crest": {"dmean": 2.43452954292, "dmean2": 3.93854784966, "dvar": 5.57181215286, "dvar2": 13.6634187698, "max": 28.7129631042, "mean": 7.95426893234, "median": 6.98371982574, "min": 2.0851495266, "var": 13.6608057022}, "erbbands_flatness_db": {"dmean": 0.0182205587626, "dmean2": 0.0265209525824, "dvar": 0.000302438857034, "dvar2": 0.000583048386034, "max": 0.327647656202, "mean": 0.128849744797, "median": 0.122626274824, "min": 0.0286618247628, "var": 0.00145538896322}, "erbbands_kurtosis": {"dmean": 0.917842209339, "dmean2": 1.43287217617, "dvar": 2.4976143837, "dvar2": 5.28699302673, "max": 33.6847991943, "mean": 0.407279521227, "median": -0.22115957737, "min": -1.65980923176, "var": 6.98759651184}, "erbbands_skewness": {"dmean": 0.364825338125, "dmean2": 0.552602112293, "dvar": 0.116969451308, "dvar2": 0.253516554832, "max": 3.38482117653, "mean": -0.105986990035, "median": -0.121806144714, "min": -4.17964458466, "var": 0.625033974648}, "erbbands_spread": {"dmean": 7.72081851959, "dmean2": 11.867401123, "dvar": 55.4276847839, "dvar2": 128.339401245, "max": 120.950782776, "mean": 36.3118247986, "median": 35.1583976746, "min": 2.99850320816, "var": 214.650299072}, "gfcc": {"cov": [[19567.1816406, 1253.9798584, -1351.02893066, 170.021499634, 148.369491577, -472.915588379, 367.701812744, -347.815979004, 237.739273071, -122.500823975, 7.02119445801, 38.9882049561, -82.2015686035], [1253.9798584, 1043.73266602, -115.888595581, -301.661560059, 54.1637039185, -75.9592971802, -51.0528373718, -133.272415161, 76.4707183838, -10.0482444763, -57.6447257996, -99.8250274658, 85.3289642334], [-1351.02893066, -115.888595581, 336.216369629, 122.976539612, -32.9881324768, 103.636695862, -40.6018028259, 69.3980026245, -75.1371383667, 5.39544916153, -1.88965964317, 21.4000911713, -18.781578064], [170.021499634, -301.661560059, 122.976539612, 348.962097168, 34.4055404663, 38.581287384, 63.7268257141, 14.4455900192, -57.4944190979, -33.4621200562, 10.4233837128, 45.7513237, -57.0023727417], [148.369491577, 54.1637039185, -32.9881324768, 34.4055404663, 236.726776123, 45.4417533875, 79.1560287476, -52.0532798767, -11.3954954147, -36.193359375, 26.7480716705, 9.92042732239, 0.0849546417594], [-472.915588379, -75.9592971802, 103.636695862, 38.581287384, 45.4417533875, 216.447479248, 1.50634729862, 48.2446670532, -49.0009346008, 2.7868783474, 10.805557251, 7.02088832855, -7.78465270996], [367.701812744, -51.0528373718, -40.6018028259, 63.7268257141, 79.1560287476, 1.50634729862, 182.314285278, 10.4612722397, 20.0520992279, -34.1604042053, 23.048204422, 29.9105129242, -30.5373401642], [-347.815979004, -133.272415161, 69.3980026245, 14.4455900192, -52.0532798767, 48.2446670532, 10.4612722397, 138.797866821, 18.9201202393, 22.3748149872, 12.9104967117, 5.22140598297, -10.4536218643], [237.739273071, 76.4707183838, -75.1371383667, -57.4944190979, -11.3954954147, -49.0009346008, 20.0520992279, 18.9201202393, 120.215179443, 43.7694511414, 5.11769628525, -6.46316432953, -0.387274414301], [-122.500823975, -10.0482444763, 5.39544916153, -33.4621200562, -36.193359375, 2.7868783474, -34.1604042053, 22.3748149872, 43.7694511414, 90.8478393555, 29.9118080139, 1.81935715675, 10.1513872147], [7.02119445801, -57.6447257996, -1.88965964317, 10.4233837128, 26.7480716705, 10.805557251, 23.048204422, 12.9104967117, 5.11769628525, 29.9118080139, 91.6897888184, 48.0522270203, -1.34832918644], [38.9882049561, -99.8250274658, 21.4000911713, 45.7513237, 9.92042732239, 7.02088832855, 29.9105129242, 5.22140598297, -6.46316432953, 1.81935715675, 48.0522270203, 76.8317642212, 3.51446771622], [-82.2015686035, 85.3289642334, -18.781578064, -57.0023727417, 0.0849546417594, -7.78465270996, -30.5373401642, -10.4536218643, -0.387274414301, 10.1513872147, -1.34832918644, 3.51446771622, 71.6773757935]], "icov": [[0.000114835966087, -0.000312228279654, 0.000691892928444, -0.000415707676439, 6.42241284368e-05, 2.55436880252e-05, 1.70464227267e-05, -0.000277128943708, 0.000308012298774, -0.000222664690227, 0.000203865667572, -0.000521528592799, 0.000386240222724], [-0.000312228279654, 0.00280096405186, -0.00282341171987, 0.0023722560145, -0.000230347504839, -0.000172777246917, -0.000365925661754, 0.00289424438961, -0.00275252247229, 0.00199076696299, -0.00131927954499, 0.00383758707903, -0.00280783651397], [0.000691892928444, -0.00282341171987, 0.009874724783, -0.00433466397226, 0.00028100493364, -0.000867987109814, 0.00167557469103, -0.00512755429372, 0.00560124451295, -0.00367514626123, 0.00338121107779, -0.00619281642139, 0.00408435659483], [-0.000415707676439, 0.0023722560145, -0.00433466397226, 0.0068866815418, -0.000907755165827, 0.000315193843562, -0.0013376835268, 0.00222865841351, -0.000600916973781, 0.00120148970746, 0.000236916646827, 0.000601267442107, 0.000632099632639], [6.42241284368e-05, -0.000230347504839, 0.00028100493364, -0.000907755165827, 0.00730903679505, -0.00255475495942, -0.00267678196542, 0.00357926194556, -0.00149209133815, 0.0029975946527, -0.00398754701018, 0.00260051339865, -0.00184004718903], [2.55436880252e-05, -0.000172777246917, -0.000867987109814, 0.000315193843562, -0.00255475495942, 0.00707779126242, 0.000133249763167, -0.00323045765981, 0.00359160150401, -0.00242125662044, 0.00116578571033, -0.000749669328798, 0.00103656365536], [1.70464227267e-05, -0.000365925661754, 0.00167557469103, -0.0013376835268, -0.00267678196542, 0.000133249763167, 0.00956085976213, -0.00262534897774, -0.00220080651343, 0.00348106469028, -0.000444733595941, -0.00350004760548, 0.0031968082767], [-0.000277128943708, 0.00289424438961, -0.00512755429372, 0.00222865841351, 0.00357926194556, -0.00323045765981, -0.00262534897774, 0.0146470526233, -0.0068814563565, 0.00306755094789, -0.00449213571846, 0.0061812880449, -0.0035311318934], [0.000308012298774, -0.00275252247229, 0.00560124451295, -0.000600916973781, -0.00149209133815, 0.00359160150401, -0.00220080651343, -0.0068814563565, 0.019262034446, -0.0119750173762, 0.00589724443853, -0.0057711340487, 0.00526435766369], [-0.000222664690227, 0.00199076696299, -0.00367514626123, 0.00120148970746, 0.0029975946527, -0.00242125662044, 0.00348106469028, 0.00306755094789, -0.0119750173762, 0.0234336555004, -0.011689257808, 0.00725215580314, -0.00492784148082], [0.000203865667572, -0.00131927954499, 0.00338121107779, 0.000236916646827, -0.00398754701018, 0.00116578571033, -0.000444733595941, -0.00449213571846, 0.00589724443853, -0.011689257808, 0.0241086985916, -0.0165529698133, 0.00511795282364], [-0.000521528592799, 0.00383758707903, -0.00619281642139, 0.000601267442107, 0.00260051339865, -0.000749669328798, -0.00350004760548, 0.0061812880449, -0.0057711340487, 0.00725215580314, -0.0165529698133, 0.0304540861398, -0.00984816066921], [0.000386240222724, -0.00280783651397, 0.00408435659483, 0.000632099632639, -0.00184004718903, 0.00103656365536, 0.0031968082767, -0.0035311318934, 0.00526435766369, -0.00492784148082, 0.00511795282364, -0.00984816066921, 0.0215771086514]], "mean": [17.5394649506, 83.7961502075, -90.2083511353, 10.163022995, -8.13077163696, -16.2151069641, 2.58111524582, -14.0001850128, 3.73531508446, -9.12234592438, -10.1690711975, -3.15215802193, -8.09745693207]}, "hfc": {"dmean": 52.3106880188, "dmean2": 77.1563949585, "dvar": 3801.98144531, "dvar2": 9025.36914062, "max": 1340.06225586, "mean": 170.506896973, "median": 148.777160645, "min": 1.05407479874e-16, "var": 13835.8554688}, "melbands": {"dmean": [0.00374804693274, 0.00242044962943, 0.00109263532795, 0.000395377923269, 0.000323573709466, 0.000366663589375, 0.000267028226517, 0.000177288151463, 0.000113009344204, 0.000133609777549, 9.94247748167e-05, 0.000102645339211, 5.19007990079e-05, 3.98153242713e-05, 2.73201530945e-05, 2.67527466349e-05, 3.40338119713e-05, 4.88355399284e-05, 3.16681325785e-05, 2.9289170925e-05, 2.19824105443e-05, 1.72575255419e-05, 1.77316505869e-05, 1.27616549435e-05, 1.10559021778e-05, 1.62243122759e-05, 7.09460027792e-06, 5.06175001647e-06, 4.01729175792e-06, 2.79066171061e-06, 2.39619907916e-06, 4.16035982198e-06, 9.73298597273e-07, 5.89602052514e-07, 4.00667630629e-07, 3.16630945463e-07, 3.39423451123e-07, 2.35303048157e-07, 6.36631298789e-08, 2.26510188384e-08], "dmean2": [0.00553408125415, 0.00403120741248, 0.00173897482455, 0.000650267931633, 0.000510448939167, 0.0005804860848, 0.000429958396126, 0.000282714318018, 0.000179498034413, 0.000211245118408, 0.000160893134307, 0.000163077798788, 8.41825749376e-05, 6.52926610201e-05, 4.400405669e-05, 4.27378581662e-05, 5.56002596568e-05, 7.96813619672e-05, 5.07936820213e-05, 4.70640261483e-05, 3.50477093889e-05, 2.70669243037e-05, 2.76205355476e-05, 1.89343172678e-05, 1.62999731401e-05, 2.47113730438e-05, 1.04755008579e-05, 7.3803066698e-06, 5.76650063522e-06, 3.86556257581e-06, 3.35144704877e-06, 6.21137178314e-06, 1.33947526137e-06, 8.04443914149e-07, 5.48451794202e-07, 4.20803871748e-07, 4.52059168765e-07, 3.06249575033e-07, 9.45135525399e-08, 3.85773546441e-08], "dvar": [3.68275941582e-05, 1.31411443363e-05, 2.84873635792e-06, 3.76805957103e-07, 4.18669117153e-07, 7.28070176592e-07, 4.02900326435e-07, 1.64281317439e-07, 5.04726536121e-08, 7.32584979346e-08, 4.78284292171e-08, 4.60092799415e-08, 1.04564090719e-08, 6.80312206569e-09, 2.41689246394e-09, 2.10122652611e-09, 5.51157697259e-09, 9.37363253684e-09, 3.09511993812e-09, 2.17934981173e-09, 1.21287313526e-09, 1.03700881215e-09, 1.54884860493e-09, 1.57756763208e-09, 8.65568117181e-10, 1.22048382512e-09, 3.19206883148e-10, 1.9532035711e-10, 1.26625071539e-10, 8.24277104905e-11, 3.35434666154e-11, 8.90393175856e-11, 4.52526297684e-12, 1.08548174789e-12, 5.2639912828e-13, 3.42614527244e-13, 4.54905698614e-13, 2.06089255362e-13, 1.1794073205e-14, 1.36707496621e-15], "dvar2": [8.10460187495e-05, 3.63246399502e-05, 6.80660696162e-06, 9.48645151766e-07, 9.27661460537e-07, 1.74597198566e-06, 9.6396547633e-07, 3.8648431655e-07, 1.27429672148e-07, 1.69472357925e-07, 1.21742573356e-07, 1.10190264024e-07, 2.64961901308e-08, 1.73264584902e-08, 5.92920779141e-09, 5.21696419398e-09, 1.47478864676e-08, 2.48908538225e-08, 8.00249910782e-09, 5.54832091382e-09, 2.95149216178e-09, 2.36926767094e-09, 3.45872130936e-09, 3.06198888467e-09, 1.81495574125e-09, 2.73759992453e-09, 6.5990707343e-10, 4.08627631732e-10, 2.66354771572e-10, 1.45317757827e-10, 6.31426924635e-11, 1.9766557835e-10, 8.56808027305e-12, 2.04773264317e-12, 1.00804434244e-12, 6.22671835968e-13, 8.85734411163e-13, 3.72033811093e-13, 2.35779616859e-14, 3.50327914193e-15], "max": [0.0682711601257, 0.0414830856025, 0.0278777182102, 0.0135598722845, 0.0117819868028, 0.017338713631, 0.0127332732081, 0.0113261770457, 0.00468953838572, 0.00691704126075, 0.00542307645082, 0.00444161193445, 0.00436282344162, 0.0026972759515, 0.00149933132343, 0.00119256821927, 0.00260806595907, 0.00242059933953, 0.00100607611239, 0.000908430432901, 0.000721161428373, 0.000578357779887, 0.00104445731267, 0.00129072566051, 0.000669530534651, 0.000740882183891, 0.000512634054758, 0.000542749243323, 0.000318657490425, 0.000349993060809, 0.00018989641103, 0.00016326335026, 8.41936489451e-05, 1.98776760953e-05, 1.16556739158e-05, 1.21540369946e-05, 1.07897940325e-05, 6.51942036711e-06, 1.65839469446e-06, 5.77979506033e-07], "mean": [0.00553444214165, 0.00361108034849, 0.00179656140972, 0.000610175426118, 0.000460006151116, 0.000537918996997, 0.000398839212721, 0.000272834382486, 0.000188270219951, 0.000223661292694, 0.00015741858806, 0.000155612142407, 8.27577532618e-05, 6.32732844679e-05, 4.52752792626e-05, 4.58941249235e-05, 5.44938411622e-05, 7.8863275121e-05, 5.69964868191e-05, 5.20533139934e-05, 3.85156999982e-05, 2.82060245809e-05, 2.69643624051e-05, 1.98738489416e-05, 1.7566164388e-05, 2.40534955083e-05, 1.18697362268e-05, 8.62315027916e-06, 6.85865143168e-06, 4.87863917442e-06, 4.05422542826e-06, 5.90137369727e-06, 1.68812323409e-06, 1.04460775674e-06, 7.05907211795e-07, 5.56045051781e-07, 5.70910913211e-07, 3.88179074662e-07, 9.11318522867e-08, 2.20660236749e-08], "median": [0.00247521209531, 0.00224471185356, 0.00107277743518, 0.000371655856725, 0.000177378824446, 0.000158168972121, 0.000122656303574, 9.76094597718e-05, 7.92336722952e-05, 8.38526684674e-05, 6.70562440064e-05, 6.92630273988e-05, 4.67716381536e-05, 3.15416618832e-05, 2.66578208539e-05, 2.74521116808e-05, 2.69873307843e-05, 3.87727632187e-05, 3.12106712954e-05, 3.11467883876e-05, 2.41963243752e-05, 1.40673528222e-05, 1.08215217551e-05, 6.79116328683e-06, 5.87769864069e-06, 7.69660618971e-06, 4.03864578402e-06, 2.90207185571e-06, 2.19865478357e-06, 1.56445958055e-06, 1.3584451608e-06, 1.43730676427e-06, 4.93142294999e-07, 2.80894539628e-07, 1.88865570294e-07, 1.38253767545e-07, 1.10687039978e-07, 7.31727851644e-08, 2.8252070905e-08, 9.35028943161e-09], "min": [3.44944517773e-25, 1.08141194407e-24, 1.22850275125e-24, 1.74310255492e-24, 2.16893558801e-24, 2.38264352926e-24, 1.90621986024e-24, 1.49250599862e-24, 2.24415781406e-24, 2.94260934309e-24, 1.62437632628e-24, 3.19658764747e-24, 3.16143896376e-24, 3.16090214392e-24, 3.07921737212e-24, 2.42263088855e-24, 3.77563857039e-24, 2.99991397418e-24, 3.37114028048e-24, 4.31126644757e-24, 3.45243791879e-24, 3.48906788606e-24, 5.883234701e-24, 4.91585772837e-24, 4.62272963776e-24, 4.76369158734e-24, 5.12961694558e-24, 4.2679623226e-24, 5.31968548651e-24, 4.55819174381e-24, 5.82231057885e-24, 4.79044856596e-24, 5.90170548466e-24, 6.13191284617e-24, 4.94168345668e-24, 6.31128798311e-24, 6.72070127089e-24, 6.55909088711e-24, 7.12764463518e-24, 5.56514744578e-24], "var": [6.19061174802e-05, 1.78838035936e-05, 5.79724974159e-06, 6.39799679902e-07, 7.91931029198e-07, 1.58352395374e-06, 7.97286645593e-07, 3.20497406392e-07, 1.03735018797e-07, 1.75240288058e-07, 9.81308758696e-08, 7.84908209539e-08, 1.55780064404e-08, 1.09375104529e-08, 4.20897050546e-09, 3.7993754809e-09, 8.50555093024e-09, 1.64379123646e-08, 6.61557697512e-09, 4.8310102585e-09, 2.44322251319e-09, 1.78231818193e-09, 2.66674704541e-09, 3.07902547902e-09, 1.69119585003e-09, 2.22627116742e-09, 7.1086292408e-10, 4.13088840912e-10, 2.76973111113e-10, 2.02009020622e-10, 7.78750189334e-11, 1.34273217545e-10, 9.88908781252e-12, 2.93843963918e-12, 1.34915570469e-12, 9.16915957223e-13, 1.11120346865e-12, 5.22763364715e-13, 2.37731722871e-14, 1.33982326932e-15]}, "melbands_crest": {"dmean": 4.26504278183, "dmean2": 6.70406246185, "dvar": 13.0084934235, "dvar2": 30.5194377899, "max": 39.3022155762, "mean": 16.8306026459, "median": 16.0673866272, "min": 1.66367220879, "var": 40.3965606689}, "melbands_flatness_db": {"dmean": 0.0304549988359, "dmean2": 0.0467061214149, "dvar": 0.000697181385476, "dvar2": 0.00163521058857, "max": 0.459011733532, "mean": 0.232992365956, "median": 0.229065954685, "min": 0.0036144470796, "var": 0.00351317483}, "melbands_kurtosis": {"dmean": 9.82783317566, "dmean2": 15.451880455, "dvar": 277.60357666, "dvar2": 658.868286133, "max": 604.636779785, "mean": 17.2375679016, "median": 9.14539051056, "min": -1.92421269417, "var": 730.013671875}, "melbands_skewness": {"dmean": 0.936826944351, "dmean2": 1.4434555769, "dvar": 0.913438558578, "dvar2": 2.17402458191, "max": 23.5133266449, "mean": 3.12483763695, "median": 2.76990938187, "min": -3.05504107475, "var": 3.92914915085}, "melbands_spread": {"dmean": 7.12254142761, "dmean2": 11.1127519608, "dvar": 102.088142395, "dvar2": 219.056945801, "max": 312.196990967, "mean": 21.5503311157, "median": 16.5729255676, "min": 0.722772240639, "var": 586.709777832}, "mfcc": {"cov": [[8061.32080078, 688.464233398, -486.305236816, 486.826843262, -147.615386963, 190.187194824, -49.4758148193, 177.227584839, -103.861442566, 173.911636353, -26.7087421417, 137.135162354, -78.9929275513], [688.464233398, 1225.89611816, -130.970062256, -180.967254639, 44.1450958252, 10.7762651443, -96.7251205444, -133.570571899, 92.7251739502, -3.90407586098, -11.6712026596, -88.4359130859, 48.0753364563], [-486.305236816, -130.970062256, 344.87713623, 13.6446123123, 23.0721263885, -27.8889751434, 20.8345603943, 10.5337266922, -0.13416339457, -9.26704216003, -8.9694108963, 6.25394487381, -2.96090531349], [486.826843262, -180.967254639, 13.6446123123, 310.87512207, -16.0371398926, 46.4370422363, 37.518409729, 76.9933776855, -39.5480613708, -0.4856993258, -17.464427948, 36.8043327332, -38.0827865601], [-147.615386963, 44.1450958252, 23.0721263885, -16.0371398926, 154.363769531, 58.0189628601, 49.2278404236, -1.63620364666, 2.44692325592, -32.9435424805, 4.38642883301, -5.88855552673, 13.9418849945], [190.187194824, 10.7762651443, -27.8889751434, 46.4370422363, 58.0189628601, 163.38432312, 70.2258758545, 39.6823692322, -16.5305233002, -13.418466568, -11.8003854752, 13.1673803329, -14.5148067474], [-49.4758148193, -96.7251205444, 20.8345603943, 37.518409729, 49.2278404236, 70.2258758545, 166.454589844, 84.5210800171, -15.6697711945, -37.0173950195, 16.4441261292, 10.4143781662, 0.404281467199], [177.227584839, -133.570571899, 10.5337266922, 76.9933776855, -1.63620364666, 39.6823692322, 84.5210800171, 159.446380615, -7.73507976532, 4.89375829697, 14.9184589386, 29.4720172882, -16.2748603821], [-103.861442566, 92.7251739502, -0.13416339457, -39.5480613708, 2.44692325592, -16.5305233002, -15.6697711945, -7.73507976532, 91.9499816895, 22.7003154755, 10.1719846725, -27.5489025116, 4.99763917923], [173.911636353, -3.90407586098, -9.26704216003, -0.4856993258, -32.9435424805, -13.418466568, -37.0173950195, 4.89375829697, 22.7003154755, 95.2367248535, 15.9897375107, 14.8719730377, -6.07148885727], [-26.7087421417, -11.6712026596, -8.9694108963, -17.464427948, 4.38642883301, -11.8003854752, 16.4441261292, 14.9184589386, 10.1719846725, 15.9897375107, 86.8966522217, 19.9309005737, 18.4161472321], [137.135162354, -88.4359130859, 6.25394487381, 36.8043327332, -5.88855552673, 13.1673803329, 10.4143781662, 29.4720172882, -27.5489025116, 14.8719730377, 19.9309005737, 80.7698135376, 14.8672971725], [-78.9929275513, 48.0753364563, -2.96090531349, -38.0827865601, 13.9418849945, -14.5148067474, 0.404281467199, -16.2748603821, 4.99763917923, -6.07148885727, 18.4161472321, 14.8672971725, 57.3233642578]], "icov": [[0.000193179264897, -0.000191241881112, 0.000201024435228, -0.000287301751086, 9.49152308749e-05, -6.73916365486e-05, 3.73721886717e-05, -0.000176191038918, 0.000258240383118, -0.000320850376738, 5.93125951127e-05, -0.000238256092416, 0.000141914075357], [-0.000191241881112, 0.00132882432081, 0.000120509823319, 0.000550136319362, -0.000246143725235, -0.000523417664226, 0.000547560106497, 0.000510042591486, -0.000985176535323, 0.000436027970864, 4.67392146675e-06, 0.00111468543764, -0.00109652546234], [0.000201024435228, 0.000120509823319, 0.00344961555675, -0.000347126246197, -0.000791696133092, 0.00109370530117, -0.00053565093549, -6.20935534243e-05, -0.000192536434042, -0.000291208998533, 0.000810118101072, -0.00076728023123, 0.000503831892274], [-0.000287301751086, 0.000550136319362, -0.000347126246197, 0.00480604032055, 0.000201495276997, -0.000586333801039, 0.000141540207551, -0.00110798655078, 0.000303206354147, 0.000753641070332, 0.000664115999825, -0.00113265542313, 0.00193842407316], [9.49152308749e-05, -0.000246143725235, -0.000791696133092, 0.000201495276997, 0.00915460381657, -0.00334882875904, -0.00146778940689, 0.00103589158971, -0.000672824680805, 0.00190376234241, -0.000846708018798, 0.000551401346456, -0.00195052661002], [-6.73916365486e-05, -0.000523417664226, 0.00109370530117, -0.000586333801039, -0.00334882875904, 0.0100125046447, -0.00374454585835, -7.35518624424e-05, 0.000542078283615, -0.00090610224288, 0.002137998119, -0.00240061641671, 0.00316085782833], [3.73721886717e-05, 0.000547560106497, -0.00053565093549, 0.000141540207551, -0.00146778940689, -0.00374454585835, 0.0122630847618, -0.00561516452581, 0.000578688341193, 0.00377671327442, -0.00253212777898, 0.00197211420164, -0.00196165917441], [-0.000176191038918, 0.000510042591486, -6.20935534243e-05, -0.00110798655078, 0.00103589158971, -7.35518624424e-05, -0.00561516452581, 0.0111876446754, -0.00187534128781, -0.00094459526008, -0.000660531572066, -0.00266685592942, 0.0025028323289], [0.000258240383118, -0.000985176535323, -0.000192536434042, 0.000303206354147, -0.000672824680805, 0.000542078283615, 0.000578688341193, -0.00187534128781, 0.0155058475211, -0.00479472847655, -0.00157358951401, 0.00570382038131, -0.00169550848659], [-0.000320850376738, 0.000436027970864, -0.000291208998533, 0.000753641070332, 0.00190376234241, -0.00090610224288, 0.00377671327442, -0.00094459526008, -0.00479472847655, 0.015418308787, -0.00271154637448, -0.00341981370002, 0.0024997049477], [5.93125951127e-05, 4.67392146675e-06, 0.000810118101072, 0.000664115999825, -0.000846708018798, 0.002137998119, -0.00253212777898, -0.000660531572066, -0.00157358951401, -0.00271154637448, 0.0147501146421, -0.0034555636812, -0.00285403104499], [-0.000238256092416, 0.00111468543764, -0.00076728023123, -0.00113265542313, 0.000551401346456, -0.00240061641671, 0.00197211420164, -0.00266685592942, 0.00570382038131, -0.00341981370002, -0.0034555636812, 0.02076144889, -0.00870230607688], [0.000141914075357, -0.00109652546234, 0.000503831892274, 0.00193842407316, -0.00195052661002, 0.00316085782833, -0.00196165917441, 0.0025028323289, -0.00169550848659, 0.0024997049477, -0.00285403104499, -0.00870230607688, 0.0254595745355]], "mean": [-640.735168457, 145.210586548, -19.2619152069, 40.5978736877, 2.48207974434, 18.6634483337, -2.44038510323, 11.8371639252, 5.1947517395, 10.2998771667, -2.61992621422, 2.26786279678, -2.89899635315]}, "pitch_salience": {"dmean": 0.0780099779367, "dmean2": 0.123571276665, "dvar": 0.00440102210268, "dvar2": 0.01103494782, "max": 0.954973816872, "mean": 0.529588162899, "median": 0.53759598732, "min": 0.0722437947989, "var": 0.0119667695835}, "silence_rate_20dB": {"dmean": 0, "dmean2": 0, "dvar": 0, "dvar2": 0, "max": 1, "mean": 1, "median": 1, "min": 1, "var": 0}, "silence_rate_30dB": {"dmean": 0.0826746150851, "dmean2": 0.16537065804, "dvar": 0.0758406147361, "dvar2": 0.165496066213, "max": 1, "mean": 0.908914208412, "median": 1, "min": 0, "var": 0.0827910080552}, "silence_rate_60dB": {"dmean": 0.00440585706383, "dmean2": 0.00881285686046, "dvar": 0.00438611209393, "dvar2": 0.0105482824147, "max": 1, "mean": 0.0377040691674, "median": 0, "min": 0, "var": 0.036283634603}, "spectral_centroid": {"dmean": 278.855743408, "dmean2": 399.408203125, "dvar": 102449.617188, "dvar2": 194116.59375, "max": 11513.6357422, "mean": 1421.53942871, "median": 1170.49902344, "min": 206.188995361, "var": 1249188.75}, "spectral_complexity": {"dmean": 4.87443304062, "dmean2": 6.49118709564, "dvar": 25.9781551361, "dvar2": 38.7962608337, "max": 60, "mean": 24.1631259918, "median": 23, "min": 0, "var": 147.36756897}, "spectral_contrast_coeffs": {"dmean": [0.0558122470975, 0.0527646243572, 0.0409442074597, 0.0307080354542, 0.0212781131268, 0.0346531569958], "dmean2": [0.0911781340837, 0.0862119048834, 0.0671933963895, 0.0502461604774, 0.0348144806921, 0.0537141822278], "dvar": [0.00188669573981, 0.00183482945431, 0.00101851753425, 0.000589455361478, 0.000286909635179, 0.000886141264345], "dvar2": [0.00500897550955, 0.00477255461738, 0.00269576325081, 0.00154778058641, 0.000738081464078, 0.00207744375803], "max": [-0.377148807049, -0.413289159536, -0.536525726318, -0.559464454651, -0.666334569454, -0.458494067192], "mean": [-0.684134542942, -0.755977749825, -0.783088326454, -0.796007394791, -0.802707016468, -0.709114432335], "median": [-0.686787009239, -0.76465678215, -0.789644956589, -0.800084412098, -0.802162885666, -0.702991843224], "min": [-0.994398117065, -0.992823183537, -0.983569085598, -0.978522539139, -0.966101825237, -0.963306546211], "var": [0.00634475983679, 0.00607403833419, 0.00367517466657, 0.00239124591462, 0.00117088423576, 0.00369925401174]}, "spectral_contrast_valleys": {"dmean": [0.408344507217, 0.368730574846, 0.314348399639, 0.265124827623, 0.292561471462, 0.474604964256], "dmean2": [0.653342425823, 0.595371484756, 0.49362885952, 0.400981038809, 0.38593006134, 0.70904904604], "dvar": [0.125184938312, 0.102376788855, 0.082182481885, 0.0674018114805, 0.107696905732, 0.177946045995], "dvar2": [0.277038395405, 0.233907997608, 0.170036315918, 0.120740905404, 0.163343250751, 0.427724182606], "max": [-4.89012241364, -4.62722682953, -5.31284475327, -5.66760158539, -5.09226226807, -8.97510910034], "mean": [-6.78888654709, -6.68788719177, -7.09410524368, -7.33506679535, -7.40576982498, -10.956155777], "median": [-6.48374557495, -6.40261459351, -6.76898670197, -7.02662754059, -7.20320415497, -10.7474346161], "min": [-28.0801372528, -28.0091667175, -27.8238830566, -27.6588802338, -27.4224414825, -27.3978481293], "var": [4.29280567169, 4.23735284805, 4.04304599762, 3.98655986786, 3.99256896973, 2.79112386703]}, "spectral_decrease": {"dmean": 4.61066962387e-09, "dmean2": 6.96289914615e-09, "dvar": 3.28478185805e-17, "dvar2": 7.5821313858e-17, "max": 8.46442649305e-09, "mean": -1.02256709766e-08, "median": -8.02376209919e-09, "min": -6.7874836418e-08, "var": 7.18881957767e-17}, "spectral_energy": {"dmean": 0.0195254888386, "dmean2": 0.0285264011472, "dvar": 0.000541627523489, "dvar2": 0.00118948123418, "max": 0.297206908464, "mean": 0.0540595762432, "median": 0.0462427958846, "min": 9.82845017843e-21, "var": 0.00139234692324}, "spectral_energyband_high": {"dmean": 0.000730055791792, "dmean2": 0.000929297239054, "dvar": 1.97284657588e-06, "dvar2": 3.36126117872e-06, "max": 0.0296792685986, "mean": 0.00156014692038, "median": 0.000684941653162, "min": 7.1191089393e-21, "var": 5.61157639822e-06}, "spectral_energyband_low": {"dmean": 0.0156169114634, "dmean2": 0.023533301428, "dvar": 0.000466526980745, "dvar2": 0.001079336158, "max": 0.264398127794, "mean": 0.0282267238945, "median": 0.0172926150262, "min": 1.8391074004e-23, "var": 0.000959284312557}, "spectral_energyband_middle_high": {"dmean": 0.00222017429769, "dmean2": 0.00317310122773, "dvar": 8.00591988082e-06, "dvar2": 1.67016441992e-05, "max": 0.0432706177235, "mean": 0.0063355830498, "median": 0.00520065519959, "min": 1.24457633335e-21, "var": 2.7996744393e-05}, "spectral_energyband_middle_low": {"dmean": 0.00545600708574, "dmean2": 0.00843800511211, "dvar": 4.58775321022e-05, "dvar2": 0.000108262247522, "max": 0.112526938319, "mean": 0.0132456226274, "median": 0.0103849861771, "min": 1.63438385911e-22, "var": 0.000137781200465}, "spectral_entropy": {"dmean": 0.145503804088, "dmean2": 0.207380339503, "dvar": 0.0191277656704, "dvar2": 0.037625785917, "max": 9.82385540009, "mean": 7.62520122528, "median": 7.62302350998, "min": 6.19595050812, "var": 0.133450239897}, "spectral_flux": {"dmean": 0.0324767269194, "dmean2": 0.0513659976423, "dvar": 0.00109503534622, "dvar2": 0.00254008406773, "max": 0.396325618029, "mean": 0.122934117913, "median": 0.117654129863, "min": 6.38551850285e-11, "var": 0.00299406796694}, "spectral_kurtosis": {"dmean": 2.6651468277, "dmean2": 3.9135556221, "dvar": 7.78624105453, "dvar2": 16.4973602295, "max": 45.5982208252, "mean": 14.1616334915, "median": 13.5157060623, "min": -1.25501799583, "var": 35.7557830811}, "spectral_rms": {"dmean": 0.00124794326257, "dmean2": 0.00178565410897, "dvar": 1.55632096721e-06, "dvar2": 3.15079364555e-06, "max": 0.0170281529427, "mean": 0.0067820250988, "median": 0.00671676406637, "min": 3.09656770711e-12, "var": 6.74517013977e-06}, "spectral_rolloff": {"dmean": 4754.14990234, "dmean2": 8974.62890625, "dvar": 53490480, "dvar2": 124282920, "max": 22006.9335938, "mean": 9437.73730469, "median": 3337.64648438, "min": 43.06640625, "var": 86744264}, "spectral_skewness": {"dmean": 0.246881350875, "dmean2": 0.340899735689, "dvar": 0.0568054541945, "dvar2": 0.106096230447, "max": 4.73397636414, "mean": 2.41548538208, "median": 2.42515802383, "min": -0.0555209256709, "var": 0.395547091961}, "spectral_spread": {"dmean": 383110, "dmean2": 588324.125, "dvar": 369076764672, "dvar2": 821984690176, "max": 48589288, "mean": 4346315, "median": 4056237.5, "min": 1520855.25, "var": 10801800806400.0}, "spectral_strongpeak": {"dmean": 1.960