{"lowlevel": {"average_loudness": 0.81425267458, "barkbands": {"dmean": [4.23385317845e-05, 0.00363744026981, 0.00228396337479, 0.00138196523767, 0.000735173758585, 0.000441007461632, 0.000322236941429, 0.000286731752567, 0.000351376482286, 0.000411232031183, 0.000285978137981, 0.000452304113423, 0.000411264627473, 0.000777060573455, 0.000606305664405, 0.000564749760088, 0.000489874510095, 0.000344382598996, 0.000310096162139, 0.000170701969182, 0.000150755717186, 0.000250919372775, 0.000204933210625, 0.000110489178041, 6.21431900072e-05, 2.68472522293e-05, 4.37960397903e-06], "dmean2": [6.97087598382e-05, 0.00559687241912, 0.00392471347004, 0.0024666339159, 0.00123153114691, 0.000734486093279, 0.000520556117408, 0.000467520236271, 0.000554273370653, 0.000661570054945, 0.000468867365271, 0.000751328538172, 0.000653605500702, 0.00127241702285, 0.00098352774512, 0.000878976657987, 0.000771233811975, 0.000537713058293, 0.000484255055198, 0.000268224044703, 0.000227266340517, 0.000378096709028, 0.000305078283418, 0.000160643699928, 8.89214206836e-05, 4.01374418288e-05, 6.73253452987e-06], "dvar": [8.23686185925e-09, 6.77938296576e-05, 3.55366682925e-05, 1.47205491885e-05, 3.28757732859e-06, 6.23566961622e-07, 3.9410602426e-07, 5.39788345577e-07, 8.95474101981e-07, 1.29144416405e-06, 9.42543124438e-07, 1.52204722781e-06, 1.17014963052e-06, 3.42465386893e-06, 2.43610838879e-06, 1.91620279111e-06, 1.04084199393e-06, 3.82091798201e-07, 2.62175177568e-07, 7.92936276639e-08, 6.54460876603e-08, 2.44418515649e-07, 1.55046507189e-07, 4.43280860907e-08, 1.66697642356e-08, 3.49294437818e-09, 6.99544658311e-11], "dvar2": [2.1448419929e-08, 0.000123111647554, 9.57986267167e-05, 4.06042599934e-05, 8.76291596796e-06, 1.62873959653e-06, 9.52866741954e-07, 1.39629264595e-06, 2.27887221627e-06, 3.37619871971e-06, 2.56432713286e-06, 4.09168205806e-06, 2.82889845948e-06, 8.99805672816e-06, 6.24596759735e-06, 4.48375112683e-06, 2.4314899747e-06, 9.08524953047e-07, 6.2890484287e-07, 1.9661241879e-07, 1.4801322834e-07, 5.34687956133e-07, 3.2922673654e-07, 9.27615886326e-08, 3.18583737169e-08, 7.69296804037e-09, 1.58310628495e-10], "max": [0.000905888446141, 0.062011372298, 0.0459423437715, 0.050369143486, 0.0230814106762, 0.00992550607771, 0.0146198524162, 0.0146914310753, 0.0242476388812, 0.027337519452, 0.0197053756565, 0.024948656559, 0.0219500716776, 0.0417313277721, 0.0288678370416, 0.0439986176789, 0.0269339662045, 0.0124858198687, 0.0140909124166, 0.00581111945212, 0.004676154349, 0.00577222835273, 0.00560592254624, 0.00470893131569, 0.00519404234365, 0.00177677441388, 8.88083595783e-05], "mean": [4.53974171251e-05, 0.00455039646477, 0.00205620611086, 0.00120332604274, 0.00088583107572, 0.00063322589267, 0.000475257926155, 0.000395167560782, 0.000462914555101, 0.00055132858688, 0.000388355751056, 0.000631213770248, 0.000585483328905, 0.0011640881421, 0.000867726688739, 0.000857556296978, 0.000821339141112, 0.000586821231991, 0.000578101666179, 0.000300951389363, 0.000243798014708, 0.000343284395058, 0.000289158284431, 0.000151405780343, 8.69790310389e-05, 3.11559269903e-05, 4.25567850471e-06], "median": [1.44813147926e-05, 0.0011609941721, 0.000570223783143, 0.000295771926176, 0.000390272965888, 0.000327382120304, 0.000216187239857, 0.00012347867596, 0.000136883347295, 0.000133097521029, 7.97463872004e-05, 0.00013477144239, 0.000135388196213, 0.000303038803395, 0.00020429068536, 0.000266037677648, 0.000391682056943, 0.000272471137578, 0.000315002136631, 0.000169168197317, 0.000134753790917, 0.000130592175992, 0.000110222281364, 4.77845242131e-05, 2.32007587329e-05, 5.7599813772e-06, 3.61601422583e-07], "min": [3.27392411935e-25, 3.36027608809e-24, 3.1187241179e-24, 1.95452556056e-24, 1.8720825751e-23, 6.16482254542e-24, 4.69616391057e-24, 1.00715283831e-23, 1.64345727413e-23, 2.10377906934e-23, 1.0497768074e-23, 2.53481629672e-23, 2.65026940341e-23, 5.75528745751e-23, 3.3589574282e-23, 7.8293334127e-23, 6.65349899924e-23, 1.04572165213e-22, 1.41903606536e-22, 1.98535968787e-22, 2.41330145661e-22, 3.10612832849e-22, 4.43547381194e-22, 6.12308382026e-22, 7.93842921558e-22, 1.41538741328e-21, 2.05665049938e-21], "var": [7.65430119287e-09, 9.15991622605e-05, 2.56607399933e-05, 1.03006086647e-05, 2.71963585874e-06, 8.8054423486e-07, 7.15254145689e-07, 8.02684098744e-07, 1.19840569823e-06, 2.17085835175e-06, 1.41268014886e-06, 2.48982973972e-06, 1.93725168174e-06, 6.30331351203e-06, 4.13106863562e-06, 3.44191744261e-06, 1.90403682154e-06, 8.16606586795e-07, 5.97071789343e-07, 1.53977552486e-07, 1.03112888894e-07, 3.26033443798e-07, 2.33299957131e-07, 6.58463861214e-08, 3.49292790247e-08, 5.4834252694e-09, 7.99921587302e-11]}, "barkbands_crest": {"dmean": 2.89398503304, "dmean2": 4.53040122986, "dvar": 7.52109479904, "dvar2": 17.0393218994, "max": 25.7898712158, "mean": 8.35224819183, "median": 7.17875528336, "min": 2.29177951813, "var": 18.0173664093}, "barkbands_flatness_db": {"dmean": 0.0212556738406, "dmean2": 0.0325055234134, "dvar": 0.000452671491075, "dvar2": 0.000972654030193, "max": 0.399729669094, "mean": 0.0968241468072, "median": 0.0909133702517, "min": 0.0170855317265, "var": 0.0015542259207}, "barkbands_kurtosis": {"dmean": 2.19330191612, "dmean2": 3.4737432003, "dvar": 46.3199958801, "dvar2": 101.443405151, "max": 167.798995972, "mean": 1.54103446007, "median": -0.510711669922, "min": -1.8808362484, "var": 86.9063796997}, "barkbands_skewness": {"dmean": 0.598737061024, "dmean2": 0.894741654396, "dvar": 0.448983728886, "dvar2": 0.901803672314, "max": 10.8832015991, "mean": 0.600119590759, "median": 0.326325535774, "min": -2.45668792725, "var": 1.78007459641}, "barkbands_spread": {"dmean": 8.72958850861, "dmean2": 13.3011884689, "dvar": 71.310333252, "dvar2": 147.821212769, "max": 112.637413025, "mean": 35.4608345032, "median": 33.8294258118, "min": 0.504123389721, "var": 270.342773438}, "dissonance": {"dmean": 0.0118059543893, "dmean2": 0.0200888384134, "dvar": 0.000216737462324, "dvar2": 0.000599954102654, "max": 0.5, "mean": 0.481453806162, "median": 0.485284626484, "min": 0.0758904665709, "var": 0.000268442963716}, "dynamic_complexity": 4.0445432663, "erbbands": {"dmean": [0.0976918786764, 0.898891508579, 2.63628292084, 3.7175219059, 3.21428132057, 2.52076816559, 2.47146368027, 4.00882816315, 4.9020485878, 4.31801795959, 6.98414182663, 7.49716424942, 10.8823347092, 11.3809928894, 11.1640758514, 18.0295352936, 18.090045929, 28.8391056061, 34.7049560547, 31.1306972504, 26.1346549988, 27.1857471466, 18.5481281281, 17.7119560242, 12.962182045, 6.98418045044, 5.44643783569, 6.76206684113, 8.30196666718, 8.42896652222, 5.82039213181, 2.8015127182, 1.64865601063, 0.816037535667, 0.396582812071, 0.158932805061, 0.0398125834763, 0.00743913743645, 0.000688094412908, 3.56865457434e-05], "dmean2": [0.1452165097, 1.40837061405, 4.45816135406, 6.53923892975, 5.41491556168, 4.29116201401, 4.14674901962, 6.68205976486, 8.02096843719, 6.92442035675, 11.3436098099, 11.743514061, 17.4481143951, 18.2310523987, 18.1865272522, 29.5945262909, 28.4118595123, 46.9980239868, 55.4228935242, 49.5092773438, 40.4122772217, 42.5857505798, 28.753282547, 27.8530063629, 19.9522266388, 10.8378925323, 8.27260303497, 10.2133436203, 12.5838804245, 12.6811342239, 8.72605037689, 4.12986278534, 2.39746618271, 1.18561542034, 0.567150771618, 0.236305445433, 0.0592898875475, 0.0112399421632, 0.00104821997229, 4.99184643559e-05], "dvar": [0.0479714311659, 4.2861032486, 46.2128105164, 95.5235366821, 72.2744293213, 36.4015846252, 26.8532752991, 50.9902191162, 94.4786376953, 93.7775497437, 354.093658447, 377.648132324, 715.578369141, 1057.1817627, 1697.39550781, 2348.84887695, 2119.39746094, 4803.19287109, 7145.15087891, 6883.41259766, 3914.53076172, 2959.62646484, 1168.0847168, 999.849487305, 466.865539551, 125.623786926, 87.9785995483, 149.037399292, 306.179138184, 238.594207764, 130.92376709, 34.21875, 8.6569480896, 3.41453742981, 0.530558764935, 0.140996769071, 0.00617357017472, 0.000198389825528, 1.65079586623e-06, 3.16000714484e-09], "dvar2": [0.101105384529, 8.06089019775, 124.390342712, 260.747406006, 184.509552002, 100.063072205, 71.6226272583, 131.705947876, 233.950805664, 231.757965088, 932.699523926, 931.387817383, 1823.91503906, 2727.8972168, 4706.47265625, 6287.05859375, 5167.26806641, 13021.1777344, 17594.1777344, 16540.7832031, 9327.91894531, 6967.08935547, 2742.65625, 2454.86083984, 1078.60351562, 308.507141113, 205.64453125, 336.710601807, 680.000610352, 523.434814453, 282.765625, 73.2174453735, 17.7515392303, 6.63101100922, 0.98323738575, 0.302326351404, 0.0135340457782, 0.000440379080828, 3.69788858734e-06, 6.4045253545e-09], "max": [1.78589320183, 15.9479894638, 52.8947677612, 99.272895813, 117.799835205, 95.2867431641, 69.7993011475, 121.863304138, 254.831512451, 289.823516846, 384.548309326, 446.166534424, 521.87286377, 832.209289551, 1018.15625, 1194.05187988, 1132.98095703, 1417.85974121, 2312.34228516, 2420.0625, 1399.99853516, 1232.61254883, 740.307861328, 959.370239258, 530.485656738, 178.338241577, 251.863342285, 171.199127197, 214.935974121, 179.984573364, 160.412139893, 99.3276519775, 67.6645965576, 83.8992767334, 21.0754756927, 12.2196712494, 2.11654686928, 0.20085349679, 0.0144662372768, 0.000615334662143], "mean": [0.102291740477, 1.12893414497, 2.49597930908, 3.40083479881, 3.33024215698, 2.99709939957, 3.44613623619, 5.79855680466, 7.26786231995, 6.71681022644, 9.68944644928, 10.3896455765, 14.8926553726, 16.1761302948, 16.0887145996, 26.828578949, 28.4492874146, 46.2395744324, 54.191532135, 50.1421928406, 44.4500617981, 47.967010498, 33.634513855, 32.6557121277, 25.0707416534, 12.9885139465, 9.60095787048, 10.1748685837, 11.4594945908, 11.2673482895, 8.20166301727, 3.83187508583, 2.29361367226, 1.13065576553, 0.543724477291, 0.192873895168, 0.0457615070045, 0.00770457601175, 0.000695217226166, 5.23998132849e-05], "median": [0.025145933032, 0.282589435577, 0.724083542824, 0.994673907757, 1.05129277706, 1.2355774641, 1.83210813999, 2.87300658226, 3.75171256065, 2.50593471527, 3.06952667236, 3.51392555237, 4.59313631058, 3.74962973595, 4.23121023178, 5.88706064224, 7.498295784, 13.7921228409, 15.5672130585, 14.7222452164, 17.1546974182, 23.352355957, 16.0125293732, 17.6800785065, 14.0083246231, 7.60877561569, 5.49765110016, 4.99750804901, 4.28512191772, 4.52895212173, 3.13435530663, 1.21524715424, 0.71945476532, 0.266489714384, 0.172133848071, 0.0375595726073, 0.0095801204443, 0.000947732129134, 7.68632671679e-05, 2.54896749539e-05], "min": [5.86735745533e-23, 4.26529341683e-22, 4.48858169513e-21, 6.14593054474e-21, 1.435834486e-20, 7.88518126099e-20, 8.29874765658e-20, 5.72933985082e-20, 1.31685899823e-19, 1.47044575846e-19, 2.3911994976e-19, 4.65062964061e-19, 6.60871452605e-19, 5.09521078552e-19, 1.069682361e-18, 1.22081715111e-18, 1.62947766773e-18, 2.81751902783e-18, 1.74494287885e-18, 3.19150020407e-18, 5.37440916108e-18, 4.2680757713e-18, 5.18491324968e-18, 6.02243072476e-18, 6.75420225751e-18, 8.86492523041e-18, 8.25713194146e-18, 1.16932526137e-17, 1.0914256099e-17, 1.12512296282e-17, 1.11482754205e-17, 1.01251315849e-17, 9.94216171496e-18, 7.90906426587e-18, 6.03758922307e-18, 3.95387452435e-18, 2.48039060904e-18, 1.03195971974e-18, 2.58772985633e-19, 2.85991396e-20], "var": [0.0548672825098, 5.62719964981, 34.835395813, 68.2303161621, 60.8235664368, 30.0139598846, 27.9741001129, 89.4853591919, 143.465408325, 206.42338562, 500.19430542, 525.398620605, 1099.21228027, 1717.76208496, 2346.83349609, 4178.45019531, 3846.32666016, 9187.31347656, 13222.9726562, 12994.1494141, 7183.81494141, 5808.36230469, 2640.60839844, 2028.28918457, 1121.26867676, 257.184295654, 150.511901855, 216.81262207, 398.622009277, 316.099731445, 202.084228516, 46.9472465515, 14.4947280884, 6.2582154274, 1.26647758484, 0.237308904529, 0.00963743776083, 0.000252466008533, 1.96276255338e-06, 4.85293139008e-09]}, "erbbands_crest": {"dmean": 2.77979040146, "dmean2": 4.60760974884, "dvar": 7.1376748085, "dvar2": 18.2265396118, "max": 27.5426464081, "mean": 8.39497852325, "median": 7.40792036057, "min": 2.44567537308, "var": 15.3311767578}, "erbbands_flatness_db": {"dmean": 0.0224595107138, "dmean2": 0.0311782062054, "dvar": 0.000403447338613, "dvar2": 0.000745231402107, "max": 0.327128499746, "mean": 0.147476509213, "median": 0.145727112889, "min": 0.0336177386343, "var": 0.00178162462544}, "erbbands_kurtosis": {"dmean": 1.12129878998, "dmean2": 1.791441679, "dvar": 1.79450893402, "dvar2": 4.32722759247, "max": 24.6522064209, "mean": 0.857337534428, "median": 0.39138174057, "min": -1.74383366108, "var": 3.6250641346}, "erbbands_skewness": {"dmean": 0.365087687969, "dmean2": 0.557900905609, "dvar": 0.103539273143, "dvar2": 0.228754609823, "max": 3.45610666275, "mean": -0.392341405153, "median": -0.450295001268, "min": -3.44807744026, "var": 0.460864037275}, "erbbands_spread": {"dmean": 10.7760391235, "dmean2": 16.0691165924, "dvar": 136.865936279, "dvar2": 287.59375, "max": 141.395584106, "mean": 36.3901634216, "median": 31.6975631714, "min": 3.5722618103, "var": 421.848388672}, "gfcc": {"cov": [[16224.7734375, -319.764160156, -930.552124023, 498.737854004, -469.290405273, 438.849578857, -327.064605713, 189.092559814, -142.69342041, 6.36711072922, -243.284545898, -15.5221757889, -181.427963257], [-319.764160156, 1032.0267334, -286.771240234, -19.2677650452, 110.015609741, -80.0775756836, 80.2723999023, -47.6543388367, 23.0881214142, -49.5298919678, 75.8882446289, -71.622756958, 31.8875255585], [-930.552124023, -286.771240234, 1075.17480469, 140.607757568, -16.9411315918, 101.642127991, 19.2882575989, -11.5114831924, 2.25629496574, 16.8039207458, -60.5387535095, 63.3776397705, -46.9366264343], [498.737854004, -19.2677650452, 140.607757568, 319.417358398, 13.4546556473, -10.263964653, -24.4859333038, 4.76407003403, 19.2445278168, -14.4738759995, -14.2214565277, 3.95689153671, 16.7082309723], [-469.290405273, 110.015609741, -16.9411315918, 13.4546556473, 240.484237671, 13.4509983063, 51.5714263916, 11.2127695084, 20.1757640839, -2.91034984589, 12.5920667648, -20.6234874725, 23.5648384094], [438.849578857, -80.0775756836, 101.642127991, -10.263964653, 13.4509983063, 194.073455811, 51.1498451233, 0.938478946686, -15.6698436737, 5.97014570236, -8.80000019073, 10.7287044525, -23.8039798737], [-327.064605713, 80.2723999023, 19.2882575989, -24.4859333038, 51.5714263916, 51.1498451233, 155.196960449, 11.0138320923, 0.341956019402, -8.5346288681, 9.98531723022, -7.72765111923, 0.98955821991], [189.092559814, -47.6543388367, -11.5114831924, 4.76407003403, 11.2127695084, 0.938478946686, 11.0138320923, 116.246437073, 43.9279823303, 5.97836875916, -10.5710296631, -0.344635605812, 9.14240455627], [-142.69342041, 23.0881214142, 2.25629496574, 19.2445278168, 20.1757640839, -15.6698436737, 0.341956019402, 43.9279823303, 91.5790481567, 26.6189994812, 4.56856536865, -6.2345085144, 3.04689645767], [6.36711072922, -49.5298919678, 16.8039207458, -14.4738759995, -2.91034984589, 5.97014570236, -8.5346288681, 5.97836875916, 26.6189994812, 89.2293548584, 29.7054824829, 11.5504636765, -15.2966117859], [-243.284545898, 75.8882446289, -60.5387535095, -14.2214565277, 12.5920667648, -8.80000019073, 9.98531723022, -10.5710296631, 4.56856536865, 29.7054824829, 86.8289260864, 17.2605686188, 5.85036563873], [-15.5221757889, -71.622756958, 63.3776397705, 3.95689153671, -20.6234874725, 10.7287044525, -7.72765111923, -0.344635605812, -6.2345085144, 11.5504636765, 17.2605686188, 78.430480957, 19.4822692871], [-181.427963257, 31.8875255585, -46.9366264343, 16.7082309723, 23.5648384094, -23.8039798737, 0.98955821991, 9.14240455627, 3.04689645767, -15.2966117859, 5.85036563873, 19.4822692871, 76.8716964722]], "icov": [[0.000119226395327, -6.70503141009e-05, 0.00020830235735, -0.000302746455418, 0.000178780348506, -0.00039991363883, 0.000257040112047, -0.000326479232172, 0.000328128982801, -0.000216607179027, 0.000423636956839, -0.000178831935045, 0.00031604495598], [-6.70503141009e-05, 0.00147266068961, 6.81460733176e-05, 0.000175179739017, -0.000389438122511, 0.000651420268696, -0.000801677117124, 0.00101802207064, -0.000983875594102, 0.00124306080397, -0.00164463359397, 0.00121445860714, -0.000451524363598], [0.00020830235735, 6.81460733176e-05, 0.00163195270579, -0.00109613966197, 0.000193273721379, -0.000995064037852, 7.11700195097e-05, -0.000165642253705, 0.000281248328974, -0.000561657419894, 0.00172204722185, -0.00161442044191, 0.00150464149192], [-0.000302746455418, 0.000175179739017, -0.00109613966197, 0.00435057096183, -0.000649015710223, 0.00107839331031, 9.41394682741e-05, 0.000951693742536, -0.00176608026959, 0.0013947666157, -0.00117158878129, 0.000808820361272, -0.00175187038258], [0.000178780348506, -0.000389438122511, 0.000193273721379, -0.000649015710223, 0.00529152434319, -0.00110791274346, -0.000851139659062, -0.000571357377339, -0.000265045964625, -0.000544273469131, 3.40914739354e-05, 0.0014393030433, -0.00150887318887], [-0.00039991363883, 0.000651420268696, -0.000995064037852, 0.00107839331031, -0.00110791274346, 0.00790199637413, -0.00314744212665, 0.000927112414502, 6.32341616438e-05, 0.000305245979689, -0.000841546745505, -0.000493174942676, 0.000908041431103], [0.000257040112047, -0.000801677117124, 7.11700195097e-05, 9.41394682741e-05, -0.000851139659062, -0.00314744212665, 0.00892214290798, -0.00194025353994, 0.000996543210931, 0.000529094599187, -0.000291476462735, 0.000306171830744, 0.000374748749891], [-0.000326479232172, 0.00101802207064, -0.000165642253705, 0.000951693742536, -0.000571357377339, 0.000927112414502, -0.00194025353994, 0.0124607421458, -0.00694957841188, 0.00131093594246, 0.000154856286827, 0.00026406836696, -0.00203796476126], [0.000328128982801, -0.000983875594102, 0.000281248328974, -0.00176608026959, -0.000265045964625, 6.32341616438e-05, 0.000996543210931, -0.00694957841188, 0.0171661674976, -0.00609980151057, 0.00176911009476, 0.000785635667853, 0.00042472104542], [-0.000216607179027, 0.00124306080397, -0.000561657419894, 0.0013947666157, -0.000544273469131, 0.000305245979689, 0.000529094599187, 0.00131093594246, -0.00609980151057, 0.0169452279806, -0.00716308504343, -0.000744022720028, 0.00277308747172], [0.000423636956839, -0.00164463359397, 0.00172204722185, -0.00117158878129, 3.40914739354e-05, -0.000841546745505, -0.000291476462735, 0.000154856286827, 0.00176911009476, -0.00716308504343, 0.0185481105, -0.0058588697575, 0.00128021009732], [-0.000178831935045, 0.00121445860714, -0.00161442044191, 0.000808820361272, 0.0014393030433, -0.000493174942676, 0.000306171830744, 0.00026406836696, 0.000785635667853, -0.000744022720028, -0.0058588697575, 0.0188195873052, -0.00721957208589], [0.00031604495598, -0.000451524363598, 0.00150464149192, -0.00175187038258, -0.00150887318887, 0.000908041431103, 0.000374748749891, -0.00203796476126, 0.00042472104542, 0.00277308747172, 0.00128021009732, -0.00721957208589, 0.0184899251908]], "mean": [-13.7249565125, 63.9395294189, -127.742279053, 48.6975517273, -49.2389678955, 20.1980361938, -39.1531105042, 9.68713760376, -16.5022087097, 3.54116082191, -13.3747930527, 2.41526794434, -13.7154073715]}, "hfc": {"dmean": 9.76468849182, "dmean2": 13.2631387711, "dvar": 161.894332886, "dvar2": 316.821929932, "max": 172.560638428, "mean": 24.3916339874, "median": 17.0119686127, "min": 1.10800234247e-16, "var": 535.649291992}, "melbands": {"dmean": [0.00097025372088, 0.00128503260203, 0.000634126190562, 0.000197776025743, 8.53829114931e-05, 8.93492833711e-05, 7.07459839759e-05, 4.9811162171e-05, 6.10309798503e-05, 4.7532532335e-05, 5.73544311919e-05, 4.92024628329e-05, 3.64507395716e-05, 3.80382043659e-05, 6.06389476161e-05, 3.69173321815e-05, 6.2092076405e-05, 6.48806671961e-05, 4.75062006444e-05, 4.60331066279e-05, 2.95994177577e-05, 3.27709785779e-05, 1.92301049537e-05, 1.65659221238e-05, 1.56644637173e-05, 1.13031555884e-05, 8.30462431622e-06, 4.41530892203e-06, 3.37028200192e-06, 4.23988831244e-06, 3.91869980376e-06, 4.47858656116e-06, 5.8909827203e-06, 4.23230358138e-06, 3.73718489755e-06, 2.42227247327e-06, 1.53480084464e-06, 1.29316617858e-06, 8.73331373441e-07, 6.56701104162e-07], "dmean2": [0.00140293163713, 0.00206527905539, 0.00110573077109, 0.000330574112013, 0.000143171942909, 0.00014850734442, 0.000115287926747, 8.01020796644e-05, 9.85948790913e-05, 7.44270655559e-05, 9.22175531741e-05, 7.91765778558e-05, 5.92035576119e-05, 6.20503924438e-05, 9.92009445326e-05, 5.92447977397e-05, 0.000101954537968, 0.000104398095573, 7.71769409766e-05, 7.17498987797e-05, 4.63220530946e-05, 5.20857101947e-05, 3.02436546917e-05, 2.59699136222e-05, 2.50556422543e-05, 1.75651548489e-05, 1.32630812004e-05, 6.98113899489e-06, 5.28539885636e-06, 6.48391915092e-06, 6.01698502578e-06, 6.88240697855e-06, 9.03578711586e-06, 6.432536793e-06, 5.67931783735e-06, 3.66603080693e-06, 2.29269903684e-06, 1.90821674551e-06, 1.28580734327e-06, 9.75632929112e-07], "dvar": [4.53269922218e-06, 9.47261105466e-06, 2.7293021958e-06, 2.47601889214e-07, 3.20925472863e-08, 2.3927796633e-08, 1.85365358618e-08, 1.3499796836e-08, 3.0754097935e-08, 1.50591699111e-08, 2.08161434756e-08, 2.05037586909e-08, 1.70372658204e-08, 1.26724470917e-08, 3.04022336195e-08, 1.08441726709e-08, 2.40132873586e-08, 2.88355472833e-08, 1.74297678512e-08, 1.45758045633e-08, 5.62082069777e-09, 4.72040273536e-09, 1.39657230225e-09, 1.15873333151e-09, 8.79064487869e-10, 3.80876830075e-10, 2.2396878796e-10, 5.57167194326e-11, 3.70620478751e-11, 5.67864782974e-11, 5.73601895149e-11, 1.00187171059e-10, 1.26757271346e-10, 6.16370288142e-11, 5.38099564906e-11, 2.59665899893e-11, 1.09570876677e-11, 5.27329091851e-12, 4.14380856018e-12, 2.16087044091e-12], "dvar2": [8.51801542012e-06, 2.36403102463e-05, 7.35264575269e-06, 6.49187768431e-07, 8.65066454026e-08, 6.17468813857e-08, 4.58849349627e-08, 3.40608039551e-08, 8.09843427874e-08, 3.67942014634e-08, 5.34841220201e-08, 5.31524868563e-08, 4.6203659565e-08, 3.29982015046e-08, 8.10358358194e-08, 2.54512944053e-08, 6.52587104355e-08, 7.14859851314e-08, 4.58961011418e-08, 3.33805232344e-08, 1.36222055858e-08, 1.12593037116e-08, 3.37067640466e-09, 2.74021250135e-09, 2.22845830677e-09, 9.0230944938e-10, 5.5652854547e-10, 1.39328909521e-10, 9.29455332144e-11, 1.28697358326e-10, 1.31847727181e-10, 2.27761226546e-10, 2.83832068959e-10, 1.37232836206e-10, 1.2003864569e-10, 5.6955735267e-11, 2.38821306481e-11, 1.10821091887e-11, 9.00163363987e-12, 4.35787213607e-12], "max": [0.0170168038458, 0.0244208201766, 0.017725776881, 0.00652082776651, 0.00231213169172, 0.0023748788517, 0.00323932874016, 0.00314177339897, 0.00388422282413, 0.00291620241478, 0.00273773563094, 0.0039208708331, 0.00318547617644, 0.00306150293909, 0.00376181351021, 0.00249771191739, 0.00323872221634, 0.00507502676919, 0.00282953865826, 0.00395595422015, 0.00195413269103, 0.00159163190983, 0.00119749619626, 0.000751863874029, 0.000939614663366, 0.000474784959806, 0.000315832672641, 0.00013825649512, 0.000122569923406, 0.000171027058968, 0.000113360198156, 0.00012574903667, 0.000146004909766, 8.96448909771e-05, 0.000104658553028, 9.87203166005e-05, 7.30671381461e-05, 4.70062477689e-05, 9.83509162324e-05, 5.57816092623e-05], "mean": [0.00113080546726, 0.00141293450724, 0.000600977044087, 0.00022387332865, 0.000120685086586, 0.000131537381094, 0.000105606901343, 7.49866230763e-05, 8.28139600344e-05, 6.37654375168e-05, 7.66777448007e-05, 6.79604345351e-05, 5.07659606228e-05, 5.52577803319e-05, 8.55309845065e-05, 5.39585817023e-05, 9.38600060181e-05, 9.3919930805e-05, 6.87145220581e-05, 6.84249826008e-05, 4.62023526779e-05, 5.38191525266e-05, 3.26214176312e-05, 2.72291526926e-05, 2.66845509032e-05, 2.0513558411e-05, 1.42783401316e-05, 7.29326802684e-06, 5.71203372601e-06, 6.34184243609e-06, 5.54313919565e-06, 6.0654506342e-06, 7.51320158088e-06, 5.57566727366e-06, 5.07148752149e-06, 3.32320814778e-06, 1.98998100132e-06, 1.74519823304e-06, 1.1827543176e-06, 8.72861733114e-07], "median": [0.000282477791188, 0.00042659920291, 0.000188338599401, 8.60957952682e-05, 6.58546487102e-05, 6.90065062372e-05, 5.41894441994e-05, 2.52335194091e-05, 2.35809020523e-05, 1.99737296498e-05, 2.15902909986e-05, 1.42993221743e-05, 1.13829655675e-05, 1.28966203192e-05, 1.62064516189e-05, 1.32217664941e-05, 2.46487234108e-05, 2.32482343563e-05, 1.53400578711e-05, 1.92780607904e-05, 1.61047810252e-05, 2.4724044124e-05, 1.53615892486e-05, 1.17993222375e-05, 1.35443096951e-05, 1.03666861833e-05, 7.10699123374e-06, 3.934108463e-06, 3.06303923026e-06, 3.1850306641e-06, 2.48909941547e-06, 2.11591623156e-06, 2.78414154309e-06, 2.19559569814e-06, 1.98780003302e-06, 9.71299300545e-07, 5.88224281728e-07, 5.68857785765e-07, 2.8523206197e-07, 1.90615082829e-07], "min": [8.75224411048e-25, 1.6129850762e-24, 1.70891884531e-24, 2.92331380534e-24, 3.10549176507e-24, 1.15470865926e-24, 1.89897377839e-24, 1.9263872865e-24, 2.23423157729e-24, 2.9137583332e-24, 3.20256819921e-24, 1.65453635223e-24, 2.3779125332e-24, 2.16400717951e-24, 1.62612690723e-24, 2.81378816005e-24, 4.85080470825e-24, 2.36729919858e-24, 3.32684810723e-24, 4.70322579339e-24, 4.28426452764e-24, 3.88240892176e-24, 2.63969405244e-24, 6.40020996207e-24, 4.24831574176e-24, 5.2833892074e-24, 3.97636974975e-24, 4.42877082927e-24, 5.83764485156e-24, 3.19732345748e-24, 6.36954220551e-24, 5.88555395206e-24, 5.97673088991e-24, 6.2076813584e-24, 5.69189806616e-24, 6.12557750424e-24, 5.67569052443e-24, 7.05144698262e-24, 4.50029803084e-24, 5.7622423708e-24], "var": [6.00673865847e-06, 9.00993018149e-06, 2.01620537155e-06, 2.06022050975e-07, 3.19448751895e-08, 3.94400530013e-08, 2.9560899506e-08, 2.72492197695e-08, 4.33926885535e-08, 2.07935908492e-08, 3.24206830271e-08, 3.3418398715e-08, 2.5231562617e-08, 2.22021423468e-08, 5.20229583856e-08, 1.79736989736e-08, 4.30658246842e-08, 5.0991761924e-08, 2.9619769748e-08, 2.61208583652e-08, 9.40618427592e-09, 8.32802538042e-09, 2.81259038282e-09, 2.18553442011e-09, 1.57061608164e-09, 8.51849979444e-10, 4.47914288992e-10, 9.63341212357e-11, 5.84940984538e-11, 8.40144828707e-11, 7.96632551592e-11, 1.27744703704e-10, 1.57336532691e-10, 7.97657426221e-11, 7.61051291431e-11, 4.06010676468e-11, 1.40449232106e-11, 8.34298689162e-12, 6.37896202874e-12, 3.9997623269e-12]}, "melbands_crest": {"dmean": 3.52389502525, "dmean2": 5.6742811203, "dvar": 10.5627241135, "dvar2": 24.8859500885, "max": 31.5041103363, "mean": 12.1754026413, "median": 11.1245174408, "min": 1.63326907158, "var": 28.4650192261}, "melbands_flatness_db": {"dmean": 0.0286156814545, "dmean2": 0.0426458083093, "dvar": 0.000878363323864, "dvar2": 0.00175109901465, "max": 0.530628561974, "mean": 0.14184384048, "median": 0.13013844192, "min": 0.00320975854993, "var": 0.00363873201422}, "melbands_kurtosis": {"dmean": 7.37217712402, "dmean2": 11.4280967712, "dvar": 338.776550293, "dvar2": 778.809692383, "max": 467.719055176, "mean": 9.41698455811, "median": 1.83767747879, "min": -1.80481445789, "var": 618.648193359}, "melbands_skewness": {"dmean": 0.904268622398, "dmean2": 1.32833909988, "dvar": 1.231164217, "dvar2": 2.42257785797, "max": 18.3329124451, "mean": 1.99131345749, "median": 1.51769185066, "min": -2.13490819931, "var": 4.02980709076}, "melbands_spread": {"dmean": 13.4200172424, "dmean2": 20.5207538605, "dvar": 187.32661438, "dvar2": 373.904327393, "max": 217.117126465, "mean": 47.0002861023, "median": 45.7202644348, "min": 0.447963863611, "var": 706.96862793}, "mfcc": {"cov": [[9495.01757812, -210.823135376, -434.846740723, 100.288063049, 56.258228302, 95.6670913696, -63.8918266296, 138.323776245, 18.3098754883, 98.3737869263, 3.12727928162, -37.5977973938, -82.329246521], [-210.823135376, 960.375976562, -235.890563965, 41.4198913574, -5.40080785751, 20.1849136353, 49.1063232422, 11.4948692322, -26.2935619354, 31.041431427, -1.7498036623, 25.507806778, 15.5782117844], [-434.846740723, -235.890563965, 859.091491699, 79.357131958, 53.188659668, 96.3095932007, -3.16217756271, 35.9226226807, 27.2016735077, -57.4154701233, 43.3349914551, -20.1612052917, 4.28980112076], [100.288063049, 41.4198913574, 79.357131958, 288.182952881, 72.8499755859, -3.40837073326, -20.4454727173, 2.4114511013, 29.606798172, -4.67801856995, -21.6152076721, 14.3089351654, 7.56230020523], [56.258228302, -5.40080785751, 53.188659668, 72.8499755859, 182.06463623, 16.8988056183, 2.52754163742, 9.98789978027, 31.7290000916, 16.1070194244, -9.6408367157, -1.63372898102, 7.78424167633], [95.6670913696, 20.1849136353, 96.3095932007, -3.40837073326, 16.8988056183, 171.278625488, 60.4508247375, 22.790687561, -8.69032287598, -3.71949005127, 21.6408119202, -13.9390478134, -3.57605814934], [-63.8918266296, 49.1063232422, -3.16217756271, -20.4454727173, 2.52754163742, 60.4508247375, 131.435256958, 34.1776275635, 6.89681577682, 6.33699798584, 3.30123615265, 1.0794993639, -3.78335762024], [138.323776245, 11.4948692322, 35.9226226807, 2.4114511013, 9.98789978027, 22.790687561, 34.1776275635, 103.258247375, 36.7125434875, 5.68392705917, 0.963619172573, -9.67183303833, -2.03542947769], [18.3098754883, -26.2935619354, 27.2016735077, 29.606798172, 31.7290000916, -8.69032287598, 6.89681577682, 36.7125434875, 102.417610168, 28.4104709625, -4.66300535202, -4.15803909302, -5.12746143341], [98.3737869263, 31.041431427, -57.4154701233, -4.67801856995, 16.1070194244, -3.71949005127, 6.33699798584, 5.68392705917, 28.4104709625, 87.0759429932, 27.215795517, -2.42799854279, -5.98733949661], [3.12727928162, -1.7498036623, 43.3349914551, -21.6152076721, -9.6408367157, 21.6408119202, 3.30123615265, 0.963619172573, -4.66300535202, 27.215795517, 88.0322875977, 29.2806091309, -1.31694376469], [-37.5977973938, 25.507806778, -20.1612052917, 14.3089351654, -1.63372898102, -13.9390478134, 1.0794993639, -9.67183303833, -4.15803909302, -2.42799854279, 29.2806091309, 79.8222961426, 29.8016605377], [-82.329246521, 15.5782117844, 4.28980112076, 7.56230020523, 7.78424167633, -3.57605814934, -3.78335762024, -2.03542947769, -5.12746143341, -5.98733949661, -1.31694376469, 29.8016605377, 67.0703582764]], "icov": [[0.000120613949548, 5.69380026718e-05, 9.85088772723e-05, -7.13303379598e-05, -2.17274900933e-05, -0.000157834889251, 0.000171918509295, -0.000251449120697, 0.00010135302, -0.000126673912746, 2.68650092039e-05, -4.95994609082e-05, 0.000151751068188], [5.69380026718e-05, 0.00122819817625, 0.000385288905818, -0.00037716809311, 6.29997957731e-05, -0.000280945911072, -0.000260447821347, -0.000391554611269, 0.000543455360457, -0.000468993297545, 8.966326277e-05, -0.000263555295533, -0.00012781303667], [9.85088772723e-05, 0.000385288905818, 0.00174254179001, -0.000559152453206, -0.000318728823913, -0.000813297869172, 0.000329508591676, -0.000450078485301, -0.00055733777117, 0.00162174901925, -0.00172581442166, 0.00106802559458, -0.000424702157034], [-7.13303379598e-05, -0.00037716809311, -0.000559152453206, 0.00440417835489, -0.00139324099291, -9.07912108232e-05, 0.000808393990155, 0.000269781186944, -0.000904345943127, 2.84305929199e-06, 0.0017199156573, -0.00172380544245, 0.000480711634737], [-2.17274900933e-05, 6.29997957731e-05, -0.000318728823913, -0.00139324099291, 0.00667219702154, -0.000804951996543, 2.30399436987e-05, 0.000187238081708, -0.00124856911134, -0.00158659298904, 0.00117635098286, -6.71065135975e-05, -0.000858315092046], [-0.000157834889251, -0.000280945911072, -0.000813297869172, -9.07912108232e-05, -0.000804951996543, 0.00858259852976, -0.00398440379649, -0.000158651600941, 0.00113178533502, 0.00111095909961, -0.00290584028699, 0.0028276683297, -0.000872561649885], [0.000171918509295, -0.000260447821347, 0.000329508591676, 0.000808393990155, 2.30399436987e-05, -0.00398440379649, 0.0106366118416, -0.00312673393637, 6.76387662679e-06, -0.00111233256757, 0.00178448285442, -0.00233484478667, 0.0014230060624], [-0.000251449120697, -0.000391554611269, -0.000450078485301, 0.000269781186944, 0.000187238081708, -0.000158651600941, -0.00312673393637, 0.0131535604596, -0.00501118646935, 0.00142198498361, -0.00110260094516, 0.00210669450462, -0.00124061352108], [0.00010135302, 0.000543455360457, -0.00055733777117, -0.000904345943127, -0.00124856911134, 0.00113178533502, 6.76387662679e-06, -0.00501118646935, 0.014249666594, -0.00554933678359, 0.0026978768874, -0.00152039877139, 0.00151188159361], [-0.000126673912746, -0.000468993297545, 0.00162174901925, 2.84305929199e-06, -0.00158659298904, 0.00111095909961, -0.00111233256757, 0.00142198498361, -0.00554933678359, 0.017735062167, -0.00854406133294, 0.004598130472, -0.000978737021796], [2.68650092039e-05, 8.966326277e-05, -0.00172581442166, 0.0017199156573, 0.00117635098286, -0.00290584028699, 0.00178448285442, -0.00110260094516, 0.0026978768874, -0.00854406133294, 0.0196822155267, -0.0102704688907, 0.0040978603065], [-4.95994609082e-05, -0.000263555295533, 0.00106802559458, -0.00172380544245, -6.71065135975e-05, 0.0028276683297, -0.00233484478667, 0.00210669450462, -0.00152039877139, 0.004598130472, -0.0102704688907, 0.0211713220924, -0.00909740291536], [0.000151751068188, -0.00012781303667, -0.000424702157034, 0.000480711634737, -0.000858315092046, -0.000872561649885, 0.0014230060624, -0.00124061352108, 0.00151188159361, -0.000978737021796, 0.0040978603065, -0.00909740291536, 0.0193453151733]], "mean": [-646.312866211, 87.1928787231, -10.0326223373, 28.6963748932, 12.1458930969, 12.6680612564, -4.47191143036, 8.94430446625, -2.99115133286, 5.16873693466, 3.51246476173, -0.584570646286, 0.741138935089]}, "pitch_salience": {"dmean": 0.077246285975, "dmean2": 0.12271989882, "dvar": 0.0054719070904, "dvar2": 0.0126418173313, "max": 0.877498924732, "mean": 0.554289162159, "median": 0.567078649998, "min": 0.0555382557213, "var": 0.0127321081236}, "silence_rate_20dB": {"dmean": 0, "dmean2": 0, "dvar": 0, "dvar2": 0, "max": 1, "mean": 1, "median": 1, "min": 1, "var": 0}, "silence_rate_30dB": {"dmean": 0, "dmean2": 0, "dvar": 0, "dvar2": 0, "max": 1, "mean": 1, "median": 1, "min": 1, "var": 0}, "silence_rate_60dB": {"dmean": 0.0515711195767, "dmean2": 0.103154614568, "dvar": 0.0489087551832, "dvar2": 0.107859820127, "max": 1, "mean": 0.11260342598, "median": 0, "min": 0, "var": 0.099918037653}, "spectral_centroid": {"dmean": 299.687072754, "dmean2": 464.459777832, "dvar": 113739.210938, "dvar2": 246874.8125, "max": 11616.1982422, "mean": 2158.92626953, "median": 2190.2890625, "min": 130.17086792, "var": 739550.9375}, "spectral_complexity": {"dmean": 4.65027570724, "dmean2": 6.52368974686, "dvar": 24.8464164734, "dvar2": 48.5094070435, "max": 60, "mean": 20.146900177, "median": 19, "min": 0, "var": 134.40133667}, "spectral_contrast_coeffs": {"dmean": [0.0511830002069, 0.047479826957, 0.0420093350112, 0.0386399254203, 0.0275838412344, 0.0195873640478], "dmean2": [0.0833994224668, 0.0781513154507, 0.0667423307896, 0.0603482499719, 0.0426617823541, 0.0295438431203], "dvar": [0.0020156991668, 0.00147748820018, 0.00121248723008, 0.000986150233075, 0.00054480577819, 0.000298829574604], "dvar2": [0.00509548280388, 0.00393280386925, 0.00290286261588, 0.00226112338714, 0.0011942430865, 0.000637980701867], "max": [-0.395835965872, -0.476964771748, -0.436257064342, -0.508857667446, -0.573759913445, -0.586729884148], "mean": [-0.704607069492, -0.759379088879, -0.774684786797, -0.750514030457, -0.760967969894, -0.748533546925], "median": [-0.710483074188, -0.763220906258, -0.783996760845, -0.753728687763, -0.761564075947, -0.744818210602], "min": [-0.979041278362, -0.976141631603, -0.972149610519, -0.969653725624, -0.967606306076, -0.964375674725], "var": [0.00481907557696, 0.00395688740537, 0.00464888988063, 0.00457756919786, 0.00285328458995, 0.00175070099067]}, "spectral_contrast_valleys": {"dmean": [0.448337137699, 0.396183848381, 0.37274813652, 0.351425588131, 0.342602878809, 0.450563758612], "dmean2": [0.707437098026, 0.626820087433, 0.56789702177, 0.50904327631, 0.45328938961, 0.532818078995], "dvar": [0.204391226172, 0.162610709667, 0.144745409489, 0.138395905495, 0.150404036045, 0.212259292603], "dvar2": [0.412500917912, 0.347606629133, 0.290338277817, 0.262315809727, 0.264300405979, 0.337831258774], "max": [-5.37148857117, -4.97563695908, -5.30789661407, -5.45007133484, -5.52602243423, -7.75652933121], "mean": [-7.58163928986, -7.26859807968, -7.86720085144, -7.77015924454, -7.59479141235, -10.0338611603], "median": [-7.38463830948, -7.04890727997, -7.68119525909, -7.56265687943, -7.33161735535, -9.84638023376], "min": [-28.2581176758, -28.1802825928, -27.7152729034, -27.6958656311, -27.411907196, -27.3640480042], "var": [2.85235381126, 2.81817102432, 2.77350616455, 2.82238554955, 2.87660479546, 2.77148604393]}, "spectral_decrease": {"dmean": 2.18787299389e-09, "dmean2": 3.22181636925e-09, "dvar": 1.27610906721e-17, "dvar2": 2.65533198805e-17, "max": 2.01618383641e-28, "mean": -4.49849979489e-09, "median": -2.71084332759e-09, "min": -2.90751067666e-08, "var": 2.35858656812e-17}, "spectral_energy": {"dmean": 0.00899533368647, "dmean2": 0.0130401346833, "dvar": 0.000199709582375, "dvar2": 0.00041195913218, "max": 0.120199479163, "mean": 0.0191907081753, "median": 0.0119473859668, "min": 9.96620483099e-21, "var": 0.000394193339162}, "spectral_energyband_high": {"dmean": 0.000780350528657, "dmean2": 0.00112035428174, "dvar": 1.86181000572e-06, "dvar2": 3.80919800591e-06, "max": 0.0126650137827, "mean": 0.00127034937032, "median": 0.000644270388875, "min": 7.36142600676e-21, "var": 3.00447277368e-06}, "spectral_energyband_low": {"dmean": 0.00555354822427, "dmean2": 0.00868369359523, "dvar": 0.000147685568663, "dvar2": 0.000307218026137, "max": 0.088101670146, "mean": 0.00733578950167, "median": 0.00227890908718, "min": 1.39720645396e-23, "var": 0.00019394683477}, "spectral_energyband_middle_high": {"dmean": 0.00277109607123, "dmean2": 0.00402147462592, "dvar": 1.54334884428e-05, "dvar2": 3.30965340254e-05, "max": 0.0594998784363, "mean": 0.00715901562944, "median": 0.00383842270821, "min": 1.11170408608e-21, "var": 6.92517278367e-05}, "spectral_energyband_middle_low": {"dmean": 0.00278017180972, "dmean2": 0.00462524406612, "dvar": 3.19202372339e-05, "dvar2": 8.23800510261e-05, "max": 0.0659435391426, "mean": 0.00419764127582, "median": 0.00254107243381, "min": 1.91226421505e-22, "var": 3.112748891e-05}, "spectral_entropy": {"dmean": 0.17717346549, "dmean2": 0.246149271727, "dvar": 0.028402524069, "dvar2": 0.0526159144938, "max": 9.81870174408, "mean": 7.83738136292, "median": 7.82585859299, "min": 5.97726202011, "var": 0.123947054148}, "spectral_flux": {"dmean": 0.0272850077599, "dmean2": 0.0415909327567, "dvar": 0.0012323926203, "dvar2": 0.00259864609689, "max": 0.291578739882, "mean": 0.0815377607942, "median": 0.0689555332065, "min": 6.32830524094e-11, "var": 0.00290426518768}, "spectral_kurtosis": {"dmean": 1.31109201908, "dmean2": 2.05253982544, "dvar": 2.25380206108, "dvar2": 5.53090620041, "max": 37.6416244507, "mean": 3.38394570351, "median": 3.16241168976, "min": -1.24915838242, "var": 5.30197143555}, "spectral_rms": {"dmean": 0.000898231402971, "dmean2": 0.00123913539574, "dvar": 1.29770739932e-06, "dvar2": 2.36762753048e-06, "max": 0.0108290249482, "mean": 0.00380838871934, "median": 0.00341408629902, "min": 3.11819276996e-12, "var": 4.2188162297e-06}, "spectral_rolloff": {"dmean": 794.503295898, "dmean2": 1281.47058105, "dvar": 1266801.875, "dvar2": 2579263.75, "max": 20542.6757812, "mean": 2813.63671875, "median": 2519.38476562, "min": 86.1328125, "var": 4507791}, "spectral_skewness": {"dmean": 0.200232341886, "dmean2": 0.304890334606, "dvar": 0.038847643882, "dvar2": 0.0867339372635, "max": 4.12488794327, "mean": 1.2586786747, "median": 1.26408863068, "min": -0.072437748313, "var": 0.129938080907}, "spectral_spread": {"dmean": 756671.9375, "dmean2": 1012079.9375, "dvar": 742471434240, "dvar2": 1231488679940.0, "max": 41994924, "mean": 4856625, "median": 4314974, "min": 1444947.25, "var": 8567856300030.0}, "spectral_strongpeak": {"dmean": 0.776472449303, "dmean2": 1.32888269424, "dvar": 1.55316472054, "