{"lowlevel": {"average_loudness": 0.915825784206, "barkbands": {"dmean": [1.32598288474e-05, 0.000953951675911, 0.000935013289563, 0.000453588232631, 0.000799390196335, 0.000336636207066, 0.000663858663756, 0.000804631272331, 0.00107716326602, 0.000632505398244, 0.000410611537518, 0.000887033820618, 0.000740994873922, 0.000375918578357, 0.000317489146255, 0.000250551995123, 0.000203832969419, 0.000292974611511, 0.000445058685727, 0.000280595850199, 0.000114021779154, 9.129953105e-05, 9.80374679784e-05, 6.47519555059e-05, 5.55892729608e-05, 3.084115815e-05, 5.73347097088e-06], "dmean2": [1.98989037017e-05, 0.00152513664216, 0.00164118898101, 0.000797461892944, 0.00138166861143, 0.00059126742417, 0.0010744528845, 0.00124589959159, 0.00166588346474, 0.000928569643293, 0.00063602568116, 0.00135197141208, 0.00113766593859, 0.000623887113761, 0.000529661076143, 0.000408873922424, 0.000327773363097, 0.00047394289868, 0.000720159674529, 0.000466817786219, 0.00017494239728, 0.000136111542815, 0.000146646954818, 8.77215643413e-05, 7.5270254456e-05, 4.28628009104e-05, 8.50769629324e-06], "dvar": [8.97754370843e-10, 5.1679412536e-06, 4.17802675656e-06, 6.22807760919e-07, 2.02749288292e-06, 5.11406028636e-07, 1.82171390861e-06, 4.54417386209e-06, 4.32074057244e-06, 1.70794635324e-06, 6.55954920603e-07, 3.63940489478e-06, 1.74234537553e-06, 4.92565050081e-07, 4.3391366944e-07, 1.77201826546e-07, 1.0781867843e-07, 1.75082888632e-07, 3.53281507159e-07, 1.8662741752e-07, 3.30038787411e-08, 2.99454185893e-08, 3.67007082502e-08, 2.5303654283e-08, 1.68152691771e-08, 5.22580734241e-09, 2.29012503405e-10], "dvar2": [1.91096516389e-09, 1.20989834613e-05, 1.20257900562e-05, 1.77257982159e-06, 5.65035861655e-06, 1.47556784214e-06, 4.43074713985e-06, 1.02431949927e-05, 9.71769986791e-06, 3.51609423888e-06, 1.50875507643e-06, 7.85556130722e-06, 3.67416669178e-06, 1.28998590299e-06, 1.18958928397e-06, 4.52004229601e-07, 2.62221732328e-07, 4.39319137513e-07, 8.87408418748e-07, 4.95919266541e-07, 6.8956801158e-08, 6.22717450938e-08, 7.22613719972e-08, 4.50629897841e-08, 3.43602373221e-08, 1.12778755224e-08, 5.17939136024e-10], "max": [0.000496114662383, 0.0249774046242, 0.0313605852425, 0.0174188092351, 0.01622258313, 0.00907518900931, 0.0298305377364, 0.0357359908521, 0.0340059734881, 0.0329962484539, 0.0173230059445, 0.0355160161853, 0.0221756156534, 0.0112995281816, 0.0131152523682, 0.007316485513, 0.00735897244886, 0.00742405792698, 0.00955080147833, 0.00589458784088, 0.0047323978506, 0.00458502024412, 0.00536252371967, 0.00526681728661, 0.00368263735436, 0.00163445586804, 0.000382284546504], "mean": [1.79923481483e-05, 0.00138520717155, 0.00135870813392, 0.000637697230559, 0.0011313984869, 0.000471785519039, 0.00107937131543, 0.00156192260329, 0.00196264218539, 0.00127027928829, 0.000654270697851, 0.00161930161994, 0.00131589302327, 0.000603710126597, 0.000505491218064, 0.000479752983665, 0.000433281296864, 0.000671010813676, 0.00110096822027, 0.000587794696912, 0.00025996970362, 0.00020904232224, 0.000227003038162, 0.000141862910823, 0.000101030243968, 4.21178701799e-05, 6.29664555163e-06], "median": [3.85619705412e-06, 0.000695696566254, 0.000558025436476, 0.000317825673847, 0.000684793922119, 0.000254905316979, 0.000497264787555, 0.000393390830141, 0.000742473697755, 0.000485040101921, 0.000249913107837, 0.000405171653256, 0.000474741973449, 0.000284003675915, 0.000251953781117, 0.000272368779406, 0.000277428945992, 0.00046152874711, 0.00083944213111, 0.00038381817285, 0.000155075729708, 0.000102256504761, 0.000103355137981, 5.85353081988e-05, 4.13051056967e-05, 1.1228898984e-05, 8.74857619237e-07], "min": [8.95265556452e-23, 7.50221866995e-24, 2.96631863648e-23, 3.80717399505e-23, 5.3623009359e-23, 1.71405691727e-22, 2.93124682727e-23, 9.22298305061e-23, 4.62124089946e-23, 1.05676223382e-22, 1.18636135204e-22, 6.26993021466e-23, 9.48530643841e-23, 1.12573000773e-22, 1.56017943718e-22, 7.39042508899e-23, 1.91248320283e-22, 1.39116794461e-22, 3.29884969821e-22, 2.80689988184e-22, 3.76119943393e-22, 6.9564440536e-22, 6.38701370752e-22, 9.14295797116e-22, 9.69942171588e-22, 1.67624344407e-21, 2.43101172472e-21], "var": [1.2581933273e-09, 5.83566088608e-06, 4.30110640082e-06, 9.61470391303e-07, 2.12766803998e-06, 4.75259724908e-07, 4.20897185904e-06, 1.30812341013e-05, 1.05369081211e-05, 6.83871303409e-06, 1.33402761548e-06, 9.52521713771e-06, 4.45527348347e-06, 8.72673638241e-07, 6.61871979446e-07, 4.29718795658e-07, 2.83719771232e-07, 5.44945805814e-07, 1.06085735752e-06, 3.91391040466e-07, 9.675396484e-08, 8.36796587578e-08, 1.22494569155e-07, 8.81071500203e-08, 3.51382674069e-08, 8.26156654199e-09, 2.89190976721e-10]}, "barkbands_crest": {"dmean": 2.08647799492, "dmean2": 3.36387419701, "dvar": 3.71385025978, "dvar2": 8.88719749451, "max": 24.1394138336, "mean": 7.48903846741, "median": 6.61042928696, "min": 2.05737328529, "var": 12.3547229767}, "barkbands_flatness_db": {"dmean": 0.0142010515556, "dmean2": 0.020734526217, "dvar": 0.000179162569111, "dvar2": 0.000371610454749, "max": 0.273205250502, "mean": 0.0903979241848, "median": 0.0860217958689, "min": 0.0166173297912, "var": 0.00106349482667}, "barkbands_kurtosis": {"dmean": 0.704714953899, "dmean2": 1.10055732727, "dvar": 1.79541265965, "dvar2": 4.03178262711, "max": 37.3043174744, "mean": -0.0170935243368, "median": -0.489293336868, "min": -1.88115429878, "var": 4.3182721138}, "barkbands_skewness": {"dmean": 0.309264093637, "dmean2": 0.481521397829, "dvar": 0.102831140161, "dvar2": 0.224381580949, "max": 5.85376358032, "mean": 0.488249510527, "median": 0.444581151009, "min": -3.59899950027, "var": 0.446653962135}, "barkbands_spread": {"dmean": 5.24037361145, "dmean2": 7.81655883789, "dvar": 27.2002277374, "dvar2": 56.8560752869, "max": 128.387710571, "mean": 31.6220493317, "median": 29.8902339935, "min": 3.39946603775, "var": 226.594100952}, "dissonance": {"dmean": 0.0145884174854, "dmean2": 0.0245273914188, "dvar": 0.000209339865251, "dvar2": 0.000567084702197, "max": 0.499999910593, "mean": 0.471788942814, "median": 0.477578431368, "min": 0.290871471167, "var": 0.000510189274792}, "dynamic_complexity": 4.12350177765, "erbbands": {"dmean": [0.0226048417389, 0.244554802775, 0.941402852535, 1.29776346684, 2.32356595993, 2.67198944092, 3.04109668732, 2.44413161278, 6.69093513489, 14.0759925842, 15.200881958, 29.1842403412, 18.7502193451, 19.5196666718, 18.1969337463, 35.9721870422, 34.2267913818, 19.0108184814, 18.0771312714, 11.9000854492, 12.4717655182, 12.0388994217, 14.8221359253, 13.6512393951, 26.0791473389, 10.081158638, 6.0542473793, 3.86735320091, 3.3664457798, 2.6960542202, 2.94401812553, 1.72679722309, 0.939444541931, 0.577245116234, 0.434185504913, 0.162173494697, 0.0574229545891, 0.0104445982724, 0.000974861206487, 4.54932924185e-05], "dmean2": [0.0356442257762, 0.398357927799, 1.64529407024, 2.25963068008, 4.14928817749, 4.52364253998, 5.31335735321, 4.18190765381, 11.018693924, 21.641992569, 23.6324939728, 45.329536438, 27.7791042328, 30.1695098877, 27.6228103638, 53.8864135742, 52.409072876, 31.1349239349, 30.0527629852, 19.4737415314, 20.18318367, 19.2539081573, 23.8722438812, 21.6885757446, 42.5384063721, 16.4848690033, 10.1277217865, 5.58222293854, 5.07133579254, 4.00220012665, 4.34846067429, 2.3786547184, 1.28245294094, 0.818737089634, 0.606150627136, 0.223197430372, 0.081189148128, 0.0151464473456, 0.00144435465336, 6.60628866171e-05], "dvar": [0.0029877750203, 0.343149721622, 4.38927507401, 6.25889635086, 19.419834137, 21.0970211029, 39.2786178589, 22.594455719, 182.480804443, 952.871765137, 1632.32824707, 3414.18823242, 1632.15539551, 1364.92724609, 1368.49230957, 5767.74023438, 3597.36889648, 1216.34606934, 1420.3918457, 571.047363281, 455.001159668, 354.194244385, 448.80255127, 383.713409424, 1208.82019043, 248.163330078, 105.251747131, 49.7695236206, 39.2967720032, 30.1139678955, 33.0297927856, 15.9648990631, 5.65095853806, 1.80686700344, 1.36828148365, 0.146195188165, 0.0207249838859, 0.000711257336661, 6.6835468715e-06, 1.41273552856e-08], "dvar2": [0.00666881166399, 0.839338064194, 12.4536218643, 17.5724010468, 55.2990150452, 58.2132263184, 111.089981079, 63.1725616455, 452.818878174, 2022.18920898, 3805.46582031, 7681.26171875, 3421.94384766, 3135.79663086, 3031.90844727, 12225.0253906, 7568.74169922, 3193.96166992, 4006.35058594, 1450.63098145, 1138.97363281, 877.596862793, 1103.57897949, 951.806335449, 3031.81884766, 651.319702148, 267.393707275, 97.6090087891, 82.8571395874, 60.5517272949, 66.0190582275, 29.6867027283, 10.2611265182, 3.62106251717, 2.97247648239, 0.307788103819, 0.0465840138495, 0.00157661095727, 1.50738760567e-05, 3.23521476275e-08], "max": [0.708673894405, 6.22868204117, 29.2858924866, 47.3608932495, 43.6356811523, 62.1195755005, 89.2538986206, 81.2796859741, 382.433074951, 859.781433105, 762.380615234, 1076.03222656, 972.513977051, 1069.98461914, 801.701293945, 1566.34118652, 996.901062012, 664.9453125, 1238.07678223, 783.256347656, 431.969177246, 340.132720947, 353.977264404, 362.411712646, 495.198547363, 370.470062256, 166.581878662, 218.36769104, 135.577209473, 202.811981201, 174.192016602, 140.735305786, 76.5545501709, 46.0287780762, 27.9712295532, 8.69857025146, 3.59233355522, 0.593761920929, 0.0764243081212, 0.0036072677467], "mean": [0.0296181477606, 0.358715206385, 1.44264173508, 2.02490639687, 2.76731348038, 3.96028232574, 4.131316185, 3.9133746624, 11.3686313629, 25.8613948822, 30.7204303741, 53.1400680542, 39.6150894165, 40.1135406494, 34.8319702148, 69.4375610352, 63.9026908875, 34.8323936462, 31.2511119843, 22.3497409821, 24.8512020111, 28.3620376587, 34.5881233215, 35.9589958191, 65.1880264282, 24.8360614777, 12.8898305893, 9.18120384216, 7.63163661957, 6.27119731903, 6.76319742203, 3.8705432415, 1.99254488945, 1.19233357906, 0.66679006815, 0.24176377058, 0.072168417275, 0.0119930217043, 0.0011028049048, 7.1709844633e-05], "median": [0.0122153898701, 0.195980712771, 0.6774340868, 1.10605967045, 1.52436828613, 2.31264615059, 2.0107178688, 2.28617072105, 5.67878723145, 9.90036582947, 11.1234636307, 20.3965835571, 17.1224269867, 17.7710590363, 15.6473636627, 21.3375720978, 25.7522659302, 18.9378414154, 16.9471969604, 12.6268882751, 15.0574531555, 19.3026256561, 23.795124054, 26.7304859161, 48.4284591675, 17.722448349, 8.22439479828, 4.78017807007, 3.79789400101, 2.4783706665, 3.13915657997, 1.73670482635, 0.786164939404, 0.537131547928, 0.218127280474, 0.0737000405788, 0.0164018273354, 0.00189013232011, 0.000175034452695, 3.63197323168e-05], "min": [6.39287727907e-22, 1.56859758015e-21, 2.76304852533e-20, 9.69307560884e-20, 7.42951977328e-20, 3.24011815816e-19, 3.18688908574e-19, 1.85420888828e-18, 6.80279384522e-19, 1.02830895811e-18, 2.1265779573e-18, 1.32290943667e-18, 3.62803774131e-18, 1.67188825171e-18, 5.66560072493e-18, 2.84964444808e-18, 3.92661230572e-18, 5.48988192023e-18, 6.79776324293e-18, 6.80214440504e-18, 5.48224373445e-18, 1.10144053373e-17, 7.31972868511e-18, 1.51868391775e-17, 1.51733395899e-17, 1.25734918995e-17, 1.47166101603e-17, 1.99127800974e-17, 2.07457311219e-17, 2.16902373781e-17, 1.78796991919e-17, 1.80498949116e-17, 1.59055052742e-17, 1.0213248654e-17, 7.84405945025e-18, 6.16399606915e-18, 3.05767168674e-18, 1.2580773984e-18, 2.9409907786e-19, 3.58496523189e-20], "var": [0.0033182001207, 0.370126754045, 4.65973424911, 8.45696926117, 16.2799091339, 26.2760391235, 41.1910400391, 27.2527542114, 425.132568359, 2782.39672852, 4543.42285156, 8000.92285156, 6042.82519531, 4901.22900391, 3145.54394531, 15642.6230469, 9521.41210938, 2415.72583008, 2512.55297852, 973.668579102, 1055.80773926, 1076.3614502, 1391.2166748, 1271.37524414, 3785.86035156, 604.26953125, 213.290527344, 146.06362915, 104.80670929, 104.403572083, 106.009254456, 53.7850608826, 18.5276432037, 4.75735664368, 2.11552143097, 0.248907506466, 0.0291880629957, 0.000944267434534, 8.6039344751e-06, 1.83439752277e-08]}, "erbbands_crest": {"dmean": 2.37315917015, "dmean2": 3.80868673325, "dvar": 5.08424139023, "dvar2": 12.4610280991, "max": 30.1212043762, "mean": 8.65989494324, "median": 7.74814748764, "min": 2.40591669083, "var": 15.919052124}, "erbbands_flatness_db": {"dmean": 0.0157387703657, "dmean2": 0.0221199933439, "dvar": 0.000222017566557, "dvar2": 0.000426612328738, "max": 0.331221520901, "mean": 0.156547918916, "median": 0.154480367899, "min": 0.0294257737696, "var": 0.00148298661225}, "erbbands_kurtosis": {"dmean": 0.617624521255, "dmean2": 0.986856162548, "dvar": 0.640354990959, "dvar2": 1.48549592495, "max": 14.0130214691, "mean": 0.0174321457744, "median": -0.292726039886, "min": -1.81130278111, "var": 1.46014106274}, "erbbands_skewness": {"dmean": 0.286761939526, "dmean2": 0.436529815197, "dvar": 0.0704669505358, "dvar2": 0.150638177991, "max": 3.41654658318, "mean": 0.0934820771217, "median": 0.10260874033, "min": -2.89800953865, "var": 0.447077482939}, "erbbands_spread": {"dmean": 5.56986284256, "dmean2": 8.678399086, "dvar": 31.7965488434, "dvar2": 73.3919219971, "max": 109.620681763, "mean": 33.5429763794, "median": 32.1583213806, "min": 5.61589431763, "var": 152.303939819}, "gfcc": {"cov": [[26239.7832031, 1123.90576172, -1068.03100586, 305.479431152, -534.307678223, 517.838684082, -222.120574951, 229.517486572, -421.78036499, -54.3330879211, 105.223770142, -32.0815162659, -250.812484741], [1123.90576172, 982.472717285, -268.610809326, 124.160270691, 158.52772522, 46.1758079529, 165.126098633, 97.1255264282, 16.8825969696, -26.7531986237, 103.557228088, -65.3147506714, 15.8954305649], [-1068.03100586, -268.610809326, 580.451293945, 60.9855499268, 79.6670608521, 6.43468809128, 18.132390976, 4.70119905472, 88.2726364136, 70.9111633301, -58.7475013733, 80.4488677979, -19.943983078], [305.479431152, 124.160270691, 60.9855499268, 275.496063232, 104.090019226, 7.44438457489, -18.4237880707, 14.5780668259, 82.5694274902, 49.0454292297, -30.6920814514, -3.8881816864, 16.352602005], [-534.307678223, 158.52772522, 79.6670608521, 104.090019226, 330.059417725, 85.3601226807, 136.423919678, 73.9610137939, 51.1149101257, 61.0348815918, 24.1325855255, 8.11434745789, 19.7214374542], [517.838684082, 46.1758079529, 6.43468809128, 7.44438457489, 85.3601226807, 247.275802612, 111.62802887, 76.8453216553, -9.0312871933, 1.06222653389, 87.9503097534, -20.9469547272, -15.1340284348], [-222.120574951, 165.126098633, 18.132390976, -18.4237880707, 136.423919678, 111.62802887, 230.451980591, 84.905670166, 2.58484697342, -1.06841623783, 51.5945014954, -1.03707385063, 2.95142173767], [229.517486572, 97.1255264282, 4.70119905472, 14.5780668259, 73.9610137939, 76.8453216553, 84.905670166, 132.892074585, 32.2885169983, 9.50972270966, 54.8911170959, -15.1376991272, -5.23744249344], [-421.78036499, 16.8825969696, 88.2726364136, 82.5694274902, 51.1149101257, -9.0312871933, 2.58484697342, 32.2885169983, 150.929412842, 71.6832199097, -19.9418411255, -4.1711268425, -15.1348323822], [-54.3330879211, -26.7531986237, 70.9111633301, 49.0454292297, 61.0348815918, 1.06222653389, -1.06841623783, 9.50972270966, 71.6832199097, 100.693260193, -4.26284122467, 11.2437801361, -12.5910301208], [105.223770142, 103.557228088, -58.7475013733, -30.6920814514, 24.1325855255, 87.9503097534, 51.5945014954, 54.8911170959, -19.9418411255, -4.26284122467, 146.421981812, -12.8766269684, -14.0421380997], [-32.0815162659, -65.3147506714, 80.4488677979, -3.8881816864, 8.11434745789, -20.9469547272, -1.03707385063, -15.1376991272, -4.1711268425, 11.2437801361, -12.8766269684, 79.6866760254, 16.8244857788], [-250.812484741, 15.8954305649, -19.943983078, 16.352602005, 19.7214374542, -15.1340284348, 2.95142173767, -5.23744249344, -15.1348323822, -12.5910301208, -14.0421380997, 16.8244857788, 69.3498764038]], "icov": [[7.35440844437e-05, -0.000124777579913, 0.000127122184495, -0.000170776431332, 0.000227862023166, -0.000279767205939, 0.000178761809366, -0.000328823633026, 0.000427377381129, -0.000307138601784, 0.000298806553474, -0.000335078220814, 0.000392416783143], [-0.000124777579913, 0.00203922903165, 0.000615164230112, -0.000846679555252, -0.000797783723101, 0.00136508897413, -0.00165808550082, 0.000439329101937, -0.00107695034239, 0.00138520216569, -0.0016120634973, 0.00104943453334, -0.000478153815493], [0.000127122184495, 0.000615164230112, 0.00310781784356, -0.000871510186698, -0.000111640147225, -0.000595057499595, -0.000319576764014, -0.000684272032231, -0.00041584923747, -0.000441450014478, 0.00114001706243, -0.00312235625461, 0.00209925253876], [-0.000170776431332, -0.000846679555252, -0.000871510186698, 0.0064764758572, -0.00210614129901, -0.00063121371204, 0.00216455478221, 0.000840561813675, -0.00317874317989, 0.000222189177293, 0.000808387936559, 0.00113750970922, -0.00253446190618], [0.000227862023166, -0.000797783723101, -0.000111640147225, -0.00210614129901, 0.00659385556355, -0.00139773660339, -0.00221392675303, -0.00185720075388, 0.00216057873331, -0.004272071179, 0.00117356900591, -0.000942043960094, -0.000592665921431], [-0.000279767205939, 0.00136508897413, -0.000595057499595, -0.00063121371204, -0.00139773660339, 0.00820808578283, -0.00333789223805, -0.000118803887744, -0.000396801944589, 0.00137739151251, -0.00441221240908, 0.00298316078261, -0.000478837580886], [0.000178761809366, -0.00165808550082, -0.000319576764014, 0.00216455478221, -0.00221392675303, -0.00333789223805, 0.00971175357699, -0.00347715290263, 0.000862547836732, 0.000396973220631, 0.0016478569014, -0.00194032664876, 0.000714210153092], [-0.000328823633026, 0.000439329101937, -0.000684272032231, 0.000840561813675, -0.00185720075388, -0.000118803887744, -0.00347715290263, 0.0142791392282, -0.00552735477686, 0.00289931707084, -0.00455837696791, 0.00282353162766, -0.00224420730956], [0.000427377381129, -0.00107695034239, -0.00041584923747, -0.00317874317989, 0.00216057873331, -0.000396801944589, 0.000862547836732, -0.00552735477686, 0.0157246049494, -0.00960076320916, 0.00349619193003, 0.00016877084272, 0.00362289929762], [-0.000307138601784, 0.00138520216569, -0.000441450014478, 0.000222189177293, -0.004272071179, 0.00137739151251, 0.000396973220631, 0.00289931707084, -0.00960076320916, 0.019644184038, -0.00295862741768, -0.00119998503942, 0.00127322878689], [0.000298806553474, -0.0016120634973, 0.00114001706243, 0.000808387936559, 0.00117356900591, -0.00441221240908, 0.0016478569014, -0.00455837696791, 0.00349619193003, -0.00295862741768, 0.0124462582171, -0.00250671780668, 0.003230542643], [-0.000335078220814, 0.00104943453334, -0.00312235625461, 0.00113750970922, -0.000942043960094, 0.00298316078261, -0.00194032664876, 0.00282353162766, 0.00016877084272, -0.00119998503942, -0.00250671780668, 0.0190647542477, -0.00671760458499], [0.000392416783143, -0.000478153815493, 0.00209925253876, -0.00253446190618, -0.000592665921431, -0.000478837580886, 0.000714210153092, -0.00224420730956, 0.00362289929762, 0.00127322878689, 0.003230542643, -0.00671760458499, 0.0203196164221]], "mean": [-10.0655794144, 60.3822860718, -138.482467651, 26.5203533173, -62.1291694641, 10.7587690353, -31.8452796936, 15.2593898773, -28.8581199646, 0.2548571527, -14.4860782623, -5.60412979126, -19.5589981079]}, "hfc": {"dmean": 7.02543497086, "dmean2": 9.89710998535, "dvar": 101.464042664, "dvar2": 194.036071777, "max": 139.725448608, "mean": 27.9010105133, "median": 26.1491680145, "min": 1.15225901987e-16, "var": 398.437835693}, "melbands": {"dmean": [0.000236439125729, 0.000411412387621, 0.000239451022935, 0.000191409257241, 0.000101713339973, 5.60499211133e-05, 0.000115424139949, 0.00016603009135, 0.000116106988571, 0.000189681726624, 9.26047287066e-05, 8.19414053694e-05, 5.15505671501e-05, 0.000115147173346, 7.4029667303e-05, 7.01768876752e-05, 3.56884520443e-05, 3.04580589727e-05, 2.33466053032e-05, 1.58373131853e-05, 1.7097359887e-05, 1.22194269352e-05, 1.88776575669e-05, 1.14098420454e-05, 1.15654856927e-05, 2.17350370804e-05, 1.68370443134e-05, 5.8969476413e-06, 4.40159237769e-06, 2.66681945504e-06, 2.45688693212e-06, 2.22356902668e-06, 1.66795814494e-06, 1.6507511873e-06, 1.91351796275e-06, 1.4720976651e-06, 9.80217237156e-07, 6.95296250797e-07, 6.28527914159e-07, 4.62407427904e-07], "dmean2": [0.000374421942979, 0.000695259950589, 0.000419635762228, 0.000335509685101, 0.000174389293534, 9.68045205809e-05, 0.000188809601241, 0.000254417624092, 0.000181008450454, 0.000292910757707, 0.000136957023642, 0.000125902384752, 7.97064276412e-05, 0.000176322762854, 0.000111003937491, 0.000109560154669, 5.90844283579e-05, 5.07029108121e-05, 3.90192799387e-05, 2.63208403339e-05, 2.78534571407e-05, 1.98045563593e-05, 3.08129056066e-05, 1.84608215932e-05, 1.85247554327e-05, 3.55773481715e-05, 2.76204264082e-05, 9.73718306341e-06, 7.50822573536e-06, 4.21052982347e-06, 3.61674938176e-06, 3.44982004208e-06, 2.52810968959e-06, 2.56085263572e-06, 2.86439558295e-06, 2.20446577259e-06, 1.36049084176e-06, 9.57904603638e-07, 9.32410273435e-07, 6.58655608277e-07], "dvar": [3.22479195347e-07, 8.65775291459e-07, 1.72229789541e-07, 1.26801651845e-07, 3.84847673729e-08, 1.26381163312e-08, 5.48583720672e-08, 1.43544411912e-07, 8.47702992246e-08, 1.43188813695e-07, 4.19838670496e-08, 2.60998174184e-08, 1.18338574495e-08, 6.82060061763e-08, 2.25272529519e-08, 1.54959760579e-08, 4.91629581489e-09, 4.58242688239e-09, 2.37133601644e-09, 1.06216913043e-09, 8.46469283555e-10, 3.96740307274e-10, 8.53826398473e-10, 3.04823194464e-10, 2.87632945239e-10, 8.96102803072e-10, 5.6980853369e-10, 1.12628635585e-10, 6.61756274778e-11, 1.83201596254e-11, 2.26741039139e-11, 1.7459299631e-11, 9.81883584855e-12, 1.14711486837e-11, 1.43498485664e-11, 8.84346328806e-12, 6.43375283604e-12, 3.32878646522e-12, 2.4356077051e-12, 1.11100343335e-12], "dvar2": [7.37644086257e-07, 2.32966635849e-06, 4.87048794184e-07, 3.58364729891e-07, 1.07343986144e-07, 3.54941711578e-08, 1.34648544758e-07, 3.04707583609e-07, 1.9930290307e-07, 3.17869677247e-07, 8.77305623703e-08, 5.84990189623e-08, 2.70994906515e-08, 1.46852983107e-07, 4.59847164791e-08, 3.5032734047e-08, 1.29164350327e-08, 1.28959101175e-08, 6.36074881655e-09, 2.72213562802e-09, 2.14667861265e-09, 9.79460845763e-10, 2.20245177651e-09, 7.47201633899e-10, 7.23015813886e-10, 2.28602958785e-09, 1.4788573699e-09, 3.06464298383e-10, 1.76661255069e-10, 4.2129334743e-11, 4.7166170275e-11, 3.9193176482e-11, 2.10573312259e-11, 2.44709218167e-11, 3.0753906366e-11, 1.78325288563e-11, 1.2762521942e-11, 6.36145519942e-12, 4.87557303558e-12, 2.32943850841e-12], "max": [0.00633619818836, 0.0130047444254, 0.00768469274044, 0.00433278409764, 0.00340118026361, 0.00173722254112, 0.00609191926196, 0.00979605596513, 0.0055258302018, 0.0067103439942, 0.00468099303544, 0.00492348056287, 0.00263855815865, 0.00547411711887, 0.00295831006952, 0.00235691526905, 0.00140446505975, 0.00247655576095, 0.00101797562093, 0.000725508725736, 0.000673600123264, 0.000459592236439, 0.000604125438258, 0.000410634063883, 0.00028419814771, 0.0004558917135, 0.000436273781816, 0.000342068175087, 0.000166593716131, 0.000125100734294, 0.000107823492726, 8.26409159345e-05, 9.31748509174e-05, 0.000122714758618, 0.000102898156911, 8.91291711014e-05, 9.55710493145e-05, 5.82447755733e-05, 4.92394683533e-05, 3.57460448868e-05], "mean": [0.000327674526488, 0.000671854009852, 0.000370287132682, 0.000250509678153, 0.000152362321387, 8.58140992932e-05, 0.000192583567696, 0.000314896431519, 0.000225479874643, 0.00034024391789, 0.000186426696018, 0.000162186595844, 9.00880841073e-05, 0.000212695391383, 0.000134013651405, 0.000122662211652, 5.7089888287e-05, 4.97979199281e-05, 3.67984684999e-05, 2.73222758551e-05, 3.0361889003e-05, 2.5746630854e-05, 3.87101499655e-05, 2.53960006376e-05, 2.70434793492e-05, 5.05155257997e-05, 3.72020913346e-05, 1.1984534467e-05, 8.15775183582e-06, 5.86280111747e-06, 5.28906048203e-06, 4.5231868171e-06, 3.64606421499e-06, 3.39506664204e-06, 4.08607775171e-06, 3.27545535583e-06, 1.99694977709e-06, 1.38801806315e-06, 1.23999143398e-06, 9.10231619855e-07], "median": [0.000161914373166, 0.000403560174163, 0.00024244695669, 0.000146638209117, 8.22461879579e-05, 4.86529243062e-05, 9.17329307413e-05, 0.000109302323835, 8.6299754912e-05, 0.000118633863167, 6.62576494506e-05, 6.31060975138e-05, 3.89972992707e-05, 5.38428212167e-05, 4.73368054372e-05, 4.88760160806e-05, 2.56157200056e-05, 2.56470266322e-05, 1.84344880836e-05, 1.31832948682e-05, 1.79064845724e-05, 1.66411518876e-05, 2.38366610574e-05, 1.73948847078e-05, 1.8205248125e-05, 3.70579655282e-05, 2.47410680458e-05, 6.9425991569e-06, 4.76351306133e-06, 3.62577475244e-06, 2.41385919253e-06, 2.21020877689e-06, 1.50409823618e-06, 1.1259215853e-06, 1.63783067819e-06, 1.6424835394e-06, 7.66390371609e-07, 4.73514631949e-07, 5.46421063063e-07, 3.85568284855e-07], "min": [8.01674688449e-24, 9.65441502398e-24, 1.51705193817e-23, 1.36413835144e-23, 1.20711511494e-23, 3.79585289443e-23, 1.0434673401e-23, 1.24497988619e-23, 1.70995682849e-23, 7.13205910081e-24, 1.82162892487e-23, 5.730056057e-24, 1.83629164028e-23, 9.09699959746e-24, 6.59063427927e-24, 1.07942653895e-23, 9.82200379013e-24, 1.01795407959e-23, 1.33202082632e-23, 5.15254400449e-24, 6.66216700286e-24, 1.12369693963e-23, 8.01568665543e-24, 6.92153500217e-24, 1.30748393895e-23, 1.19874222418e-23, 8.32484203305e-24, 8.83807020482e-24, 8.67361321647e-24, 9.39617430691e-24, 1.32479328271e-23, 1.1869478859e-23, 1.18675950592e-23, 1.19082340175e-23, 9.43739386693e-24, 1.21883451144e-23, 1.05479814372e-23, 1.1627543108e-23, 8.88738899975e-24, 8.54183952427e-24], "var": [3.60542259159e-07, 9.55874043029e-07, 2.19802970491e-07, 1.17575673642e-07, 4.6286185551e-08, 1.41672567011e-08, 1.31505188961e-07, 4.24529787324e-07, 2.26613224186e-07, 3.39706446084e-07, 1.55961359383e-07, 9.86715420481e-08, 2.56536907273e-08, 1.7707587574e-07, 6.12624617702e-08, 3.59522047688e-08, 8.92519214091e-09, 7.95660515251e-09, 3.30067839727e-09, 2.17926299229e-09, 1.73393321923e-09, 1.00548147586e-09, 2.27067986636e-09, 7.9979117773e-10, 8.75284289492e-10, 2.42305686626e-09, 1.50575918401e-09, 2.15706993933e-10, 1.04925387823e-10, 4.79319847702e-11, 5.78770399662e-11, 3.85248187518e-11, 2.98203996218e-11, 3.57366150561e-11, 4.11454689764e-11, 2.69541593906e-11, 1.92844143432e-11, 1.00416376603e-11, 6.54243976703e-12, 2.64188757676e-12]}, "melbands_crest": {"dmean": 2.91009807587, "dmean2": 4.74902200699, "dvar": 6.85350418091, "dvar2": 17.2545948029, "max": 30.0132694244, "mean": 10.9638442993, "median": 9.98954582214, "min": 2.53572058678, "var": 20.1440982819}, "melbands_flatness_db": {"dmean": 0.017313471064, "dmean2": 0.0261038951576, "dvar": 0.000299942708807, "dvar2": 0.000611133524217, "max": 0.317082762718, "mean": 0.125331312418, "median": 0.123702190816, "min": 0.0051756282337, "var": 0.00167305197101}, "melbands_kurtosis": {"dmean": 1.76928973198, "dmean2": 2.81963706017, "dvar": 12.8601198196, "dvar2": 29.3141918182, "max": 187.244537354, "mean": 2.99948215485, "median": 1.57051944733, "min": -1.83924484253, "var": 55.9780921936}, "melbands_skewness": {"dmean": 0.407047539949, "dmean2": 0.638827264309, "dvar": 0.19137480855, "dvar2": 0.441380679607, "max": 12.6196279526, "mean": 1.34960341454, "median": 1.22441339493, "min": -2.96119117737, "var": 0.833761513233}, "melbands_spread": {"dmean": 8.54268455505, "dmean2": 13.3221902847, "dvar": 95.1809387207, "dvar2": 204.876342773, "max": 218.463439941, "mean": 44.1659049988, "median": 40.6569709778, "min": 2.8826713562, "var": 449.427825928}, "mfcc": {"cov": [[15128.8261719, 1225.90356445, -414.814239502, 118.207580566, -13.6886558533, 67.0432052612, 364.382629395, 191.045562744, -211.465133667, 201.711013794, 25.1947917938, -4.91785955429, 87.7848510742], [1225.90356445, 898.38861084, -204.936538696, 135.383239746, 0.923621892929, -12.6115894318, 195.996261597, 110.526512146, 11.8147239685, 56.3033485413, 46.0771369934, 48.0738716125, 21.8182735443], [-414.814239502, -204.936538696, 383.580230713, 14.1564292908, 21.390296936, 39.1320991516, -95.5463027954, 4.33313465118, 10.8164777756, 2.82490825653, 17.0474948883, 7.09313106537, 11.0938892365], [118.207580566, 135.383239746, 14.1564292908, 325.31842041, 71.5447235107, 44.4350395203, -83.4182815552, -29.7123775482, 108.696594238, -17.326210022, 31.3025760651, 14.4063081741, -13.7468004227], [-13.6886558533, 0.923621892929, 21.390296936, 71.5447235107, 202.133590698, 54.9678077698, 42.1615638733, 14.1245346069, 40.3186378479, 57.2721557617, 50.7427330017, 18.64103508, 25.3065853119], [67.0432052612, -12.6115894318, 39.1320991516, 44.4350395203, 54.9678077698, 149.404678345, 38.3247756958, 16.5978431702, 55.0216903687, 13.892829895, 39.4207191467, 21.7243728638, 0.622323453426], [364.382629395, 195.996261597, -95.5463027954, -83.4182815552, 42.1615638733, 38.3247756958, 317.37991333, 119.991867065, -7.43918037415, 46.6932792664, 22.9475593567, 41.2687454224, 41.361907959], [191.045562744, 110.526512146, 4.33313465118, -29.7123775482, 14.1245346069, 16.5978431702, 119.991867065, 127.67099762, 14.8777170181, 37.5502624512, 20.3005008698, 27.6418170929, 30.2713031769], [-211.465133667, 11.8147239685, 10.8164777756, 108.696594238, 40.3186378479, 55.0216903687, -7.43918037415, 14.8777170181, 151.602478027, 14.108748436, 27.0936775208, 15.5733175278, -10.8653144836], [201.711013794, 56.3033485413, 2.82490825653, -17.326210022, 57.2721557617, 13.892829895, 46.6932792664, 37.5502624512, 14.108748436, 136.171295166, 57.9351730347, 20.7162857056, 20.1367855072], [25.1947917938, 46.0771369934, 17.0474948883, 31.3025760651, 50.7427330017, 39.4207191467, 22.9475593567, 20.3005008698, 27.0936775208, 57.9351730347, 111.930580139, 43.9078865051, 20.3490791321], [-4.91785955429, 48.0738716125, 7.09313106537, 14.4063081741, 18.64103508, 21.7243728638, 41.2687454224, 27.6418170929, 15.5733175278, 20.7162857056, 43.9078865051, 75.9520111084, 28.0582351685], [87.7848510742, 21.8182735443, 11.0938892365, -13.7468004227, 25.3065853119, 0.622323453426, 41.361907959, 30.2713031769, -10.8653144836, 20.1367855072, 20.3490791321, 28.0582351685, 76.2682800293]], "icov": [[8.14138256828e-05, -8.11988284113e-05, 5.13678387506e-05, -8.82267631823e-05, 5.83396504226e-05, -0.00013903620129, -3.2266159451e-06, -5.4774194723e-05, 0.000205644158996, -0.00014664354967, 6.39497447992e-05, 0.000104741666291, -7.61674527894e-05], [-8.11988284113e-05, 0.00206892867573, 0.000742868054658, -0.00166706496384, 0.000743292970583, 0.000569191819523, -0.000999281532131, -0.0011569254566, 0.000710840162355, -0.000568117306102, -0.000414338544942, -0.000319497048622, 0.000322261941619], [5.13678387506e-05, 0.000742868054658, 0.00361415557563, -0.000357156968676, -9.74297727225e-05, -0.00111666624434, 0.00157197774388, -0.00205367500894, 0.00075932382606, -0.000217316963244, -0.000126412996906, -0.000324249645928, -0.000539118482266], [-8.82267631823e-05, -0.00166706496384, -0.000357156968676, 0.0066880392842, -0.00249680317938, -0.000301938795019, 0.00236307363957, 0.00123828276992, -0.00402840506285, 0.00235556554981, -0.000546269526239, -0.000768663769122, 0.000126483442727], [5.83396504226e-05, 0.000743292970583, -9.74297727225e-05, -0.00249680317938, 0.00770923821256, -0.00139234995004, -0.0018022514414, 0.000907065637875, 0.000290056836093, -0.00289480271749, -0.0011178960558, 0.0012926046038, -0.0020165508613], [-0.00013903620129, 0.000569191819523, -0.00111666624434, -0.000301938795019, -0.00139234995004, 0.00979795120656, -0.00200723321177, 0.000578696315642, -0.00278173573315, 0.00128324900288, -0.00244893250056, -0.000716896844096, 0.00152816658374], [-3.2266159451e-06, -0.000999281532131, 0.00157197774388, 0.00236307363957, -0.0018022514414, -0.00200723321177, 0.00737128639594, -0.00488209212199, 0.000233044775086, 0.000407184183132, 0.000893873395398, -0.00159775745124, -0.000683646183461], [-5.4774194723e-05, -0.0011569254566, -0.00205367500894, 0.00123828276992, 0.000907065637875, 0.000578696315642, -0.00488209212199, 0.0152187747881, -0.0029375187587, -0.00155794655439, 0.000395920069423, -0.000833858794067, -0.00258853682317], [0.000205644158996, 0.000710840162355, 0.00075932382606, -0.00402840506285, 0.000290056836093, -0.00278173573315, 0.000233044775086, -0.0029375187587, 0.0112494602799, -0.00159447314218, 1.92971074284e-05, -0.000683136051521, 0.00195916648954], [-0.00014664354967, -0.000568117306102, -0.000217316963244, 0.00235556554981, -0.00289480271749, 0.00128324900288, 0.000407184183132, -0.00155794655439, -0.00159447314218, 0.0117961326614, -0.00533106131479, 0.000838353706058, -9.25974454731e-05], [6.39497447992e-05, -0.000414338544942, -0.000126412996906, -0.000546269526239, -0.0011178960558, -0.00244893250056, 0.000893873395398, 0.000395920069423, 1.92971074284e-05, -0.00533106131479, 0.0159076452255, -0.00678927917033, -0.000622467021458], [0.000104741666291, -0.000319497048622, -0.000324249645928, -0.000768663769122, 0.0012926046038, -0.000716896844096, -0.00159775745124, -0.000833858794067, -0.000683136051521, 0.000838353706058, -0.00678927917033, 0.0204306337982, -0.00536955241114], [-7.61674527894e-05, 0.000322261941619, -0.000539118482266, 0.000126483442727, -0.0020165508613, 0.00152816658374, -0.000683646183461, -0.00258853682317, 0.00195916648954, -9.25974454731e-05, -0.000622467021458, -0.00536955241114, 0.0177081413567]], "mean": [-638.471740723, 91.2687149048, -19.5274028778, 15.8540391922, -6.80259466171, -4.40444374084, 5.00362110138, 6.43373680115, -6.88651657104, 6.49620056152, 2.31315946579, -1.46002244949, -2.11698317528]}, "pitch_salience": {"dmean": 0.0598367117345, "dmean2": 0.0953885838389, "dvar": 0.00272502703592, "dvar2": 0.00653912406415, "max": 0.879416644573, "mean": 0.599784612656, "median": 0.607034087181, "min": 0.172125577927, "var": 0.00927340239286}, "silence_rate_20dB": {"dmean": 0, "dmean2": 0, "dvar": 0, "dvar2": 0, "max": 1, "mean": 1, "median": 1, "min": 1, "var": 0}, "silence_rate_30dB": {"dmean": 0, "dmean2": 0, "dvar": 0, "dvar2": 0, "max": 1, "mean": 1, "median": 1, "min": 1, "var": 0}, "silence_rate_60dB": {"dmean": 0.0113960113376, "dmean2": 0.0227945204824, "dvar": 0.0112659875304, "dvar2": 0.0242467578501, "max": 1, "mean": 0.128848478198, "median": 0, "min": 0, "var": 0.112246885896}, "spectral_centroid": {"dmean": 235.753448486, "dmean2": 369.01675415, "dvar": 59680.0546875, "dvar2": 121884.53125, "max": 10893.7167969, "mean": 2170.86450195, "median": 2162.29199219, "min": 418.894744873, "var": 260922.515625}, "spectral_complexity": {"dmean": 3.79158449173, "dmean2": 5.70279455185, "dvar": 18.0714073181, "dvar2": 33.9184303284, "max": 59, "mean": 25.2569293976, "median": 26, "min": 0, "var": 165.267440796}, "spectral_contrast_coeffs": {"dmean": [0.0491273440421, 0.0438561365008, 0.0395630970597, 0.0317778810859, 0.0216254107654, 0.0161613617092], "dmean2": [0.080960445106, 0.0717231556773, 0.0633991584182, 0.0515047423542, 0.0347347147763, 0.0261395685375], "dvar": [0.00178100657649, 0.0012764314888, 0.00108094932511, 0.000711831497028, 0.000334888231009, 0.000215400024899], "dvar2": [0.00473775714636, 0.00336783495732, 0.00255915732123, 0.00178391626105, 0.000791302300058, 0.000537188199814], "max": [-0.268853932619, -0.403287023306, -0.423866271973, -0.53579056263, -0.559210658073, -0.565520823002], "mean": [-0.654099345207, -0.75291967392, -0.738433122635, -0.768458366394, -0.763054192066, -0.759288489819], "median": [-0.664600074291, -0.760907173157, -0.748672246933, -0.770408928394, -0.764654636383, -0.754038095474], "min": [-0.962678909302, -0.97088521719, -0.96186119318, -0.967063188553, -0.959154248238, -0.957418560982], "var": [0.00810523796827, 0.00571754295379, 0.00765460403636, 0.00372280855663, 0.00305114360526, 0.00161361030769]}, "spectral_contrast_valleys": {"dmean": [0.409916102886, 0.340744078159, 0.318503886461, 0.289693593979, 0.219711214304, 0.263586223125], "dmean2": [0.652576565742, 0.554538011551, 0.499954462051, 0.449211895466, 0.330985069275, 0.33928835392], "dvar": [0.161081239581, 0.103477850556, 0.100020006299, 0.0998462662101, 0.0745986029506, 0.115834921598], "dvar2": [0.336178690195, 0.226134285331, 0.189597740769, 0.190200939775, 0.125260427594, 0.184163212776], "max": [-5.64570856094, -4.88352680206, -5.13130235672, -5.67927598953, -5.35021924973, -7.47668981552], "mean": [-8.10542297363, -7.08481454849, -7.39713573456, -7.75709104538, -7.31086015701, -10.0401878357], "median": [-7.52409982681, -6.71386671066, -6.99980163574, -7.36860466003, -6.92515325546, -9.71066474915], "min": [-26.9508304596, -27.5654525757, -27.4353580475, -26.8677349091, -27.2424430847, -27.3230419159], "var": [2.90884757042, 2.46750187874, 2.59015655518, 2.53621149063, 2.41038036346, 2.41585993767]}, "spectral_decrease": {"dmean": 1.27569899089e-09, "dmean2": 1.93069693566e-09, "dvar": 2.99433281287e-18, "dvar2": 6.64359373395e-18, "max": -4.88409394068e-29, "mean": -4.58506610457e-09, "median": -4.41325775924e-09, "min": -2.40796840245e-08, "var": 9.56765403827e-18}, "spectral_energy": {"dmean": 0.00533374166116, "dmean2": 0.00798744242638, "dvar": 5.17746921105e-05, "dvar2": 0.000112878828077, "max": 0.096155166626, "mean": 0.019835786894, "median": 0.0193441156298, "min": 1.06356702119e-20, "var": 0.000172729880433}, "spectral_energyband_high": {"dmean": 0.000430493993917, "dmean2": 0.000593814067543, "dvar": 6.36602464965e-07, "dvar2": 1.15916395771e-06, "max": 0.015125897713, "mean": 0.00117191264872, "median": 0.000690692511853, "min": 7.40288116482e-21, "var": 2.16243643081e-06}, "spectral_energyband_low": {"dmean": 0.0017178064445, "dmean2": 0.00273458845913, "dvar": 1.33485082188e-05, "dvar2": 3.23765016219e-05, "max": 0.0571983791888, "mean": 0.00313379033469, "median": 0.00220092618838, "min": 9.33344187891e-23, "var": 1.79903527169e-05}, "spectral_energyband_middle_high": {"dmean": 0.00248069991358, "dmean2": 0.00370764988475, "dvar": 1.05212093331e-05, "dvar2": 2.21127102122e-05, "max": 0.0444174818695, "mean": 0.00880731455982, "median": 0.00737995421514, "min": 1.47081851077e-21, "var": 4.83977964905e-05}, "spectral_energyband_middle_low": {"dmean": 0.00278949621134, "dmean2": 0.00445149186999, "dvar": 1.569008964e-05, "dvar2": 3.78817603632e-05, "max": 0.048616822809, "mean": 0.00726223643869, "median": 0.00566538842395, "min": 4.89655228253e-22, "var": 4.104326581e-05}, "spectral_entropy": {"dmean": 0.109761670232, "dmean2": 0.151365980506, "dvar": 0.0137250386178, "dvar2": 0.0230120122433, "max": 9.80049133301, "mean": 7.78894424438, "median": 7.79654502869, "min": 6.23042297363, "var": 0.113111168146}, "spectral_flux": {"dmean": 0.0184746030718, "dmean2": 0.0279649887234, "dvar": 0.000434824964032, "dvar2": 0.000906081928406, "max": 0.239504024386, "mean": 0.0757336691022, "median": 0.0750442519784, "min": 1.03129386975e-10, "var": 0.00157144572586}, "spectral_kurtosis": {"dmean": 0.922756314278, "dmean2": 1.57522594929, "dvar": 0.835698962212, "dvar2": 2.36088252068, "max": 16.4572257996, "mean": 3.85730600357, "median": 3.6926779747, "min": -1.20918059349, "var": 2.60047626495}, "spectral_rms": {"dmean": 0.000550906523131, "dmean2": 0.00080941291526, "dvar": 4.40102468247e-07, "dvar2": 9.04639364308e-07, "max": 0.00968555174768, "mean": 0.00403410615399, "median": 0.00434422679245, "min": 3.22122081613e-12, "var": 3.07793175125e-06}, "spectral_rolloff": {"dmean": 597.251831055, "dmean2": 963.328552246, "dvar": 722307.3125, "dvar2": 1411160.375, "max": 19099.9511719, "mean": 2921.24511719, "median": 2734.71679688, "min": 86.1328125, "var": 3899547.25}, "spectral_skewness": {"dmean": 0.142429769039, "dmean2": 0.231323599815, "dvar": 0.0174534097314, "dvar2": 0.0438315682113, "max": 2.88687562943, "mean": 1.33079886436, "median": 1.3242623806, "min": -0.000254226499237, "var": 0.0671524852514}, "spectral_spread": {"dmean": 412068.65625, "dmean2": 584763.8125, "dvar": 341236154368, "dvar2": 590098792448, "max": 41361452, "mean": 4402299, "median": 4141775.25, "min": 1925119.375, "var": 1737835282430.0}, "spectral_strongpeak": {"dm