{"lowlevel": {"average_loudness": 0.459300160408, "barkbands": {"dmean": [7.2685732448e-05, 0.00591938383877, 0.00265410356224, 0.000983656616881, 0.00129040598404, 0.000377770309569, 0.00040714739589, 0.000329264177708, 0.000702060933691, 0.000774643325713, 0.000297349586617, 0.000258488522377, 0.000206564029213, 0.000312789576128, 0.000359372643288, 0.000419121672167, 0.000361054437235, 0.000278377032373, 0.00026052290923, 0.000212434621062, 0.000192981402506, 0.000133051929879, 9.78275857051e-05, 8.47166011226e-05, 5.63616886211e-05, 2.74113244814e-05, 3.38900390489e-05], "dmean2": [0.000124903410324, 0.00882922206074, 0.00460030138493, 0.00174101581797, 0.00230019493029, 0.00064105988713, 0.000671977875754, 0.000539143162314, 0.00109711184632, 0.00121507945005, 0.000457726215245, 0.000412913534092, 0.000332542782417, 0.000504689698573, 0.000571318669245, 0.000677081407048, 0.000561720924452, 0.000452499167295, 0.000426655373303, 0.000350416667061, 0.000310120027279, 0.000207173186936, 0.000150983658386, 0.000127205843455, 8.44080277602e-05, 4.01683610107e-05, 5.53356039745e-05], "dvar": [3.02600788871e-08, 0.000203160670935, 5.1056384109e-05, 5.95744404563e-06, 1.02756011984e-05, 1.39577241498e-06, 1.6137903458e-06, 1.06939955913e-06, 2.99353041555e-06, 3.92832907892e-06, 1.05551168872e-06, 5.68742393625e-07, 3.97130264673e-07, 5.87841725519e-07, 8.28587701562e-07, 9.10594849302e-07, 4.97892415297e-07, 2.32711215631e-07, 1.94653921426e-07, 1.76260613216e-07, 1.05651487559e-07, 9.02083243659e-08, 1.02673404001e-07, 4.90447753521e-08, 1.94216944749e-08, 3.26205595869e-09, 1.02965556081e-08], "dvar2": [8.64562466063e-08, 0.000402964593377, 0.000141712866025, 1.67507914739e-05, 2.89846757369e-05, 3.92622405343e-06, 4.00572525905e-06, 2.54111159848e-06, 6.4317723627e-06, 8.84536711965e-06, 2.2187682589e-06, 1.25929716432e-06, 8.82455083229e-07, 1.38609254918e-06, 1.81692166734e-06, 2.17817932935e-06, 1.06339678041e-06, 5.5364768059e-07, 4.64594648975e-07, 4.43792941951e-07, 2.52752585084e-07, 1.97319963036e-07, 2.25458350656e-07, 1.06809380895e-07, 4.05277447157e-08, 6.70037891837e-09, 2.61189825324e-08], "max": [0.00438910163939, 0.361593365669, 0.201590850949, 0.0354856178164, 0.0525002032518, 0.0556093230844, 0.06027719751, 0.0227400269359, 0.0322265625, 0.0621303729713, 0.0451031252742, 0.0314135849476, 0.03079726547, 0.0355105064809, 0.0294071491808, 0.023099636659, 0.0195304621011, 0.0172828808427, 0.0125438682735, 0.0171097181737, 0.00881719496101, 0.0130498055369, 0.0169818587601, 0.00672273337841, 0.00614023953676, 0.00116021907888, 0.00133971206378], "mean": [7.91729180492e-05, 0.00818172097206, 0.00297574931756, 0.00120985717513, 0.00144434231333, 0.000554336933419, 0.000572549819481, 0.000410961190937, 0.00144870521035, 0.0014564137673, 0.000561892695259, 0.000487393874209, 0.000330434326315, 0.000527561700437, 0.000636128068436, 0.000756096444093, 0.000760716968216, 0.000604645872954, 0.000603553315159, 0.000468887505122, 0.000503671646584, 0.000315990298986, 0.00020944669086, 0.00020122549904, 0.000125815829961, 5.81244312343e-05, 3.70009838662e-05], "median": [5.96387098994e-06, 0.000673463800922, 0.000982567784376, 0.00056283432059, 0.000685593462549, 0.000289356859867, 0.000171697058249, 8.48857380333e-05, 0.000216505024582, 0.000167237507412, 0.000102034951851, 0.000127199527924, 0.000109101791168, 0.000182109972229, 0.000204616459087, 0.000303581473418, 0.000431144144386, 0.000435929832747, 0.000483151408844, 0.000301753054373, 0.000378169410396, 0.000182089352165, 9.79152027867e-05, 0.000108807507786, 5.42360648979e-05, 2.09084246308e-05, 1.33585808726e-06], "min": [8.6072384599e-24, 1.50902291188e-23, 1.17735297071e-23, 9.57394174532e-24, 3.78227091845e-23, 6.31704540554e-23, 5.87521072341e-23, 4.0202563696e-23, 1.47328924837e-23, 6.64421947064e-23, 6.56900884084e-23, 6.52742956025e-23, 7.45913298057e-23, 4.53240821956e-23, 4.55438714655e-23, 1.19626919257e-22, 9.27124177426e-23, 1.84294113818e-22, 3.58501460827e-22, 3.43600522038e-22, 3.97511882146e-22, 4.99139027652e-22, 4.51279884139e-22, 7.41813392295e-22, 7.69944298393e-22, 1.70122557084e-21, 2.32257008317e-21], "var": [3.28854845577e-08, 0.000380344048608, 4.63274409412e-05, 4.91314267492e-06, 7.67232631915e-06, 1.29769148316e-06, 2.27515397455e-06, 1.40207987442e-06, 1.12574907689e-05, 1.46221436808e-05, 4.21975028075e-06, 2.43172553382e-06, 1.17865408811e-06, 1.34596234602e-06, 2.23130609811e-06, 1.77299898496e-06, 1.47649132032e-06, 6.18091803517e-07, 5.33262664248e-07, 4.2430809799e-07, 3.2759518831e-07, 2.43634730168e-07, 1.84589552532e-07, 1.05494777358e-07, 4.35655032049e-08, 8.81223805038e-09, 1.14724914013e-08]}, "barkbands_crest": {"dmean": 2.91949915886, "dmean2": 4.5587220192, "dvar": 7.33666467667, "dvar2": 14.9871339798, "max": 25.1932086945, "mean": 9.39705276489, "median": 8.19888210297, "min": 2.17788958549, "var": 20.7313632965}, "barkbands_flatness_db": {"dmean": 0.0184141602367, "dmean2": 0.0278763305396, "dvar": 0.000303976878058, "dvar2": 0.000589592382312, "max": 0.33202457428, "mean": 0.102783486247, "median": 0.0964307188988, "min": 0.0166514404118, "var": 0.00165359082166}, "barkbands_kurtosis": {"dmean": 1.43378806114, "dmean2": 2.25090408325, "dvar": 8.23488712311, "dvar2": 18.722743988, "max": 134.091903687, "mean": 0.808221817017, "median": -0.239839673042, "min": -1.90253150463, "var": 14.6535644531}, "barkbands_skewness": {"dmean": 0.478221684694, "dmean2": 0.727174937725, "dvar": 0.261658072472, "dvar2": 0.528048992157, "max": 10.4537754059, "mean": 0.865982055664, "median": 0.703726053238, "min": -2.25263166428, "var": 0.900691449642}, "barkbands_spread": {"dmean": 6.50674343109, "dmean2": 10.0242862701, "dvar": 49.3544769287, "dvar2": 105.29233551, "max": 113.837928772, "mean": 32.9686889648, "median": 32.4367370605, "min": 1.41198980808, "var": 262.500640869}, "dissonance": {"dmean": 0.0113390125334, "dmean2": 0.0193916652352, "dvar": 0.000151359054144, "dvar2": 0.000412574067013, "max": 0.500000178814, "mean": 0.481931656599, "median": 0.48690789938, "min": 0.284809529781, "var": 0.000271428871201}, "dynamic_complexity": 4.68442630768, "erbbands": {"dmean": [0.161022543907, 1.3886051178, 2.84583377838, 3.21086978912, 3.72027778625, 4.81495285034, 3.22197437286, 3.20453310013, 6.19988632202, 4.74346160889, 8.89708328247, 16.4273929596, 21.4034118652, 18.2937660217, 8.38279151917, 10.216925621, 8.50092506409, 12.089756012, 17.0281200409, 19.8271121979, 19.4990081787, 21.3081645966, 14.0528907776, 15.6723537445, 10.1205186844, 9.8808221817, 8.22924995422, 6.79354906082, 4.66707515717, 4.20924711227, 2.51163864136, 1.97377562523, 1.34768903255, 0.751955628395, 0.374794632196, 0.128773093224, 0.0485651269555, 0.024504173547, 0.00651329336688, 0.000297339167446], "dmean2": [0.239010855556, 2.08580112457, 4.84414815903, 5.61077451706, 6.623067379, 8.58285903931, 5.62656068802, 5.43459033966, 10.2262744904, 7.92518472672, 14.086145401, 25.4975814819, 34.3801307678, 27.3056278229, 12.8055505753, 16.2368526459, 13.7255001068, 19.2875175476, 26.8675003052, 31.0687885284, 31.1556797028, 32.7632217407, 22.7762107849, 25.4860076904, 16.5337657928, 16.4048213959, 13.4193220139, 10.8494329453, 7.24192714691, 6.50579690933, 3.84217691422, 3.01738452911, 2.03794884682, 1.14249122143, 0.561483681202, 0.189606145024, 0.0720975622535, 0.0377204790711, 0.0108294021338, 0.000499849673361], "dvar": [0.140714719892, 11.7962379456, 63.1376953125, 63.0662231445, 87.8989105225, 205.356964111, 88.5650558472, 134.134231567, 443.727935791, 252.28477478, 633.571044922, 2061.90869141, 2774.93115234, 2548.76831055, 740.717041016, 896.166992188, 534.913208008, 1078.7154541, 1925.76049805, 2218.33447266, 1971.30407715, 1908.84277344, 652.059082031, 697.489501953, 362.360351562, 461.583435059, 174.885696411, 152.371490479, 91.6025466919, 140.0362854, 57.3325157166, 26.0695457458, 14.2134990692, 3.82014155388, 0.812382340431, 0.0633093118668, 0.0113996835425, 0.0043561286293, 0.000402101868531, 8.58278781379e-07], "dvar2": [0.26664736867, 23.9779491425, 171.711685181, 175.391906738, 246.617980957, 583.476318359, 246.888763428, 373.958770752, 1137.95019531, 626.25970459, 1486.70739746, 4571.21240234, 6979.55957031, 4903.00927734, 1485.9473877, 1964.26135254, 1207.88256836, 2424.70800781, 4182.06396484, 4981.93652344, 4780.10791016, 3999.47363281, 1573.28857422, 1694.26147461, 826.795166016, 1197.7175293, 432.422790527, 360.944763184, 201.174316406, 290.1277771, 126.50541687, 58.7796936035, 30.6122264862, 8.18717861176, 1.67923748493, 0.13150447607, 0.0243348926306, 0.00980992056429, 0.00104224064853, 2.2710560188e-06], "max": [6.40148544312, 93.5081939697, 208.859817505, 126.585098267, 219.045654297, 177.517456055, 232.912246704, 606.532531738, 1280.41992188, 396.30166626, 616.557861328, 948.270996094, 1383.03894043, 1627.21862793, 1637.69665527, 1401.70812988, 1140.68713379, 1224.75134277, 1596.62341309, 1693.54724121, 1114.52575684, 1196.92272949, 968.484802246, 865.746337891, 838.722900391, 1053.48059082, 264.273040771, 286.719512939, 273.829589844, 722.027282715, 400.998962402, 178.130279541, 144.041992188, 86.1987838745, 43.3375091553, 6.24303770065, 2.08147835732, 1.17212367058, 0.255383193493, 0.0131175583228], "mean": [0.218302771449, 1.91405618191, 3.47536873817, 4.08677721024, 4.36329936981, 5.23675966263, 4.0512676239, 4.5736322403, 8.6597366333, 6.70295810699, 15.8918495178, 32.3524856567, 39.6165618896, 35.738155365, 16.8284549713, 20.5181045532, 16.8583469391, 22.543806076, 30.8859825134, 38.2933769226, 39.7643127441, 46.7151947021, 32.7172966003, 37.3341140747, 25.3818473816, 21.9302921295, 20.7482357025, 17.2849521637, 11.3080186844, 9.48506069183, 5.48039007187, 4.4902586937, 3.05194687843, 1.62384462357, 0.797833144665, 0.279062122107, 0.0981123000383, 0.0375199355185, 0.0066757099703, 0.000307401583996], "median": [0.0120249744505, 0.196417570114, 1.05923557281, 2.20639467239, 2.31650161743, 2.14455795288, 1.90448319912, 2.35942935944, 2.87639784813, 1.83441758156, 2.78731775284, 5.45642948151, 6.49480628967, 6.69586086273, 4.59066152573, 5.81413269043, 5.87181377411, 8.15845966339, 12.765422821, 14.0458574295, 19.8302059174, 26.2378463745, 24.2040576935, 29.3248291016, 19.8053340912, 14.6478376389, 15.9615373611, 12.1876096725, 6.77750062943, 4.48455429077, 2.65544271469, 2.40308213234, 1.57274281979, 0.717696428299, 0.323442101479, 0.113028094172, 0.0318835042417, 0.00543634034693, 0.000222622358706, 4.81235256302e-05], "min": [2.92350967951e-22, 4.74067952709e-21, 1.02047705051e-20, 4.3101337954e-20, 7.89805813668e-20, 7.84204056087e-20, 3.81993040853e-19, 3.91422693041e-19, 5.27422197586e-19, 1.30324869768e-18, 7.26074067787e-19, 4.64913864756e-19, 1.79518727683e-18, 1.47394837722e-18, 3.3458634801e-18, 3.29518708705e-18, 2.90190261725e-18, 3.53464408706e-18, 2.05296529343e-18, 4.07968207807e-18, 6.48187620188e-18, 5.90960990665e-18, 8.78964352287e-18, 1.57623765585e-17, 1.51872196806e-17, 1.42157539538e-17, 1.05856321309e-17, 1.58454767771e-17, 1.98035773672e-17, 1.49592536668e-17, 1.21813479049e-17, 1.66734779529e-17, 1.2313087998e-17, 7.61430010895e-18, 7.16935552155e-18, 5.87408167216e-18, 3.13823308134e-18, 1.26846037624e-18, 3.03771869449e-19, 3.8665801639e-20], "var": [0.252690494061, 21.8591537476, 67.150932312, 54.0694656372, 66.3902664185, 146.34552002, 71.8582763672, 117.608413696, 498.228485107, 429.786865234, 1571.97558594, 6707.5, 7770.32910156, 8418.13964844, 2901.38232422, 4192.85546875, 2093.61767578, 2601.77172852, 4067.27514648, 5660.61621094, 3883.66088867, 5850.27441406, 1655.69274902, 2104.06201172, 1099.11108398, 925.156677246, 497.53225708, 443.612915039, 265.035766602, 387.470092773, 109.111763, 53.6298713684, 27.628288269, 7.84708118439, 1.81036603451, 0.174744904041, 0.0282720793039, 0.00744995940477, 0.000409266533097, 7.93063009041e-07]}, "erbbands_crest": {"dmean": 2.58897542953, "dmean2": 4.19150590897, "dvar": 6.40997314453, "dvar2": 15.6099491119, "max": 31.6810970306, "mean": 8.83099079132, "median": 7.70025157928, "min": 2.37393474579, "var": 18.1735839844}, "erbbands_flatness_db": {"dmean": 0.0148833896965, "dmean2": 0.0225357804447, "dvar": 0.000181919836905, "dvar2": 0.000386292609619, "max": 0.332823693752, "mean": 0.151670202613, "median": 0.141008734703, "min": 0.0339082963765, "var": 0.00265615805984}, "erbbands_kurtosis": {"dmean": 0.850690722466, "dmean2": 1.36409211159, "dvar": 1.3030424118, "dvar2": 3.08256173134, "max": 31.7985076904, "mean": 0.530862569809, "median": 0.0652245283127, "min": -1.71302676201, "var": 3.21370720863}, "erbbands_skewness": {"dmean": 0.311758965254, "dmean2": 0.488018423319, "dvar": 0.0787003412843, "dvar2": 0.187235534191, "max": 4.42141532898, "mean": -0.188967615366, "median": -0.194933474064, "min": -4.63074064255, "var": 0.665010333061}, "erbbands_spread": {"dmean": 7.20115756989, "dmean2": 11.4698457718, "dvar": 65.7767791748, "dvar2": 157.458389282, "max": 130.186019897, "mean": 35.9487533569, "median": 34.3701171875, "min": 3.58712744713, "var": 252.780776978}, "gfcc": {"cov": [[12264.0830078, 582.063415527, 2896.60693359, 1988.53857422, 909.145629883, 103.925262451, 178.952224731, 119.375419617, -137.914474487, 6.58230543137, -71.8658752441, -53.5619010925, -168.745239258], [582.063415527, 785.392272949, 45.1955070496, 332.859680176, 93.8702316284, 52.2959747314, 104.631790161, 44.4894790649, -17.6173019409, 5.39195537567, 29.313167572, -48.0000762939, 5.97210741043], [2896.60693359, 45.1955070496, 1729.61547852, 881.216125488, 565.532226562, -108.068695068, -13.2040205002, -31.7407665253, -26.8946018219, 3.87024497986, 5.78216600418, 16.2135486603, -90.6499099731], [1988.53857422, 332.859680176, 881.216125488, 986.297485352, 368.946411133, 56.5659103394, -5.94535970688, 59.6654930115, -34.2243423462, 42.8128929138, 54.8508605957, 12.0802497864, -46.7247581482], [909.145629883, 93.8702316284, 565.532226562, 368.946411133, 389.892272949, 23.2226657867, 70.5065765381, 6.6111240387, -4.2941403389, 15.7713479996, 38.7951049805, 7.5797662735, -12.7308998108], [103.925262451, 52.2959747314, -108.068695068, 56.5659103394, 23.2226657867, 244.758483887, 110.781990051, 63.5833473206, -6.60520410538, 35.3955841064, 32.3290405273, 9.78152656555, 22.7026939392], [178.952224731, 104.631790161, -13.2040205002, -5.94535970688, 70.5065765381, 110.781990051, 228.039825439, 74.3851623535, 29.6284828186, 5.03039360046, 17.6665668488, -22.9435367584, 5.80141401291], [119.375419617, 44.4894790649, -31.7407665253, 59.6654930115, 6.6111240387, 63.5833473206, 74.3851623535, 156.236602783, 82.835357666, 26.9892406464, 5.90863513947, 7.28301477432, 9.15926361084], [-137.914474487, -17.6173019409, -26.8946018219, -34.2243423462, -4.2941403389, -6.60520410538, 29.6284828186, 82.835357666, 151.881011963, 34.2448883057, 0.71618026495, 7.04179811478, 4.53688812256], [6.58230543137, 5.39195537567, 3.87024497986, 42.8128929138, 15.7713479996, 35.3955841064, 5.03039360046, 26.9892406464, 34.2448883057, 89.9390792847, 49.8265686035, 12.3400287628, -9.38373851776], [-71.8658752441, 29.313167572, 5.78216600418, 54.8508605957, 38.7951049805, 32.3290405273, 17.6665668488, 5.90863513947, 0.71618026495, 49.8265686035, 124.198287964, 31.5276069641, 0.253044456244], [-53.5619010925, -48.0000762939, 16.2135486603, 12.0802497864, 7.5797662735, 9.78152656555, -22.9435367584, 7.28301477432, 7.04179811478, 12.3400287628, 31.5276069641, 84.6216278076, 36.2403907776], [-168.745239258, 5.97210741043, -90.6499099731, -46.7247581482, -12.7308998108, 22.7026939392, 5.80141401291, 9.15926361084, 4.53688812256, -9.38373851776, 0.253044456244, 36.2403907776, 86.2234573364]], "icov": [[0.000160744413733, -4.07737061323e-05, -0.000257041770965, -0.000122696204926, 0.000137838040246, -8.862609684e-05, -0.000116589057143, -0.00011804857786, 0.000164387602126, -5.48775460629e-05, 0.00018088008801, 4.40028961748e-05, 1.11089248094e-05], [-4.07737061323e-05, 0.00199038465507, 0.000637036398984, -0.0012811810011, 4.76986897411e-05, 0.000675874005537, -0.00116508605424, 0.000328409980284, 5.3923788073e-05, 6.21459548711e-05, -0.000332151568728, 0.00122424471192, -0.000879262341186], [-0.000257041770965, 0.000637036398984, 0.00238860817626, -0.0012680478394, -0.00184831209481, 0.00129294081125, -0.000451255211374, 0.000934204144869, -0.000457225745777, 0.000115656497655, 0.000591515330598, -0.000894475437235, 0.00100555445533], [-0.000122696204926, -0.0012811810011, -0.0012680478394, 0.00360803632066, -0.0011720911134, -0.00135378492996, 0.00234839785844, -0.00220557302237, 0.00101644499227, -0.000217924753088, -0.000716442242265, -6.70467707096e-05, 0.000683433376253], [0.000137838040246, 4.76986897411e-05, -0.00184831209481, -0.0011720911134, 0.00649150973186, -0.000234757826547, -0.00235045421869, 0.00126256328076, -0.000466518627945, -9.72073685261e-05, -0.00107616733294, 0.000396305258619, -0.0014170355862], [-8.862609684e-05, 0.000675874005537, 0.00129294081125, -0.00135378492996, -0.000234757826547, 0.00746273295954, -0.00365612353198, -0.00129754410591, 0.00239035650156, -0.00290425866842, 0.000399183598347, -0.000810306228232, -0.00131277844775], [-0.000116589057143, -0.00116508605424, -0.000451255211374, 0.00234839785844, -0.00235045421869, -0.00365612353198, 0.00913027022034, -0.00350809004158, -0.000510600279085, 0.00222464953549, -0.00184957648162, 0.00277800229378, 0.000131448512548], [-0.00011804857786, 0.000328409980284, 0.000934204144869, -0.00220557302237, 0.00126256328076, -0.00129754410591, -0.00350809004158, 0.0132976956666, -0.00683897081763, -0.000351561320713, 0.00117362709716, -0.00156927318312, -0.000137571711093], [0.000164387602126, 5.3923788073e-05, -0.000457225745777, 0.00101644499227, -0.000466518627945, 0.00239035650156, -0.000510600279085, -0.00683897081763, 0.0118647636846, -0.00457775080577, 0.00142903486267, -0.000329141010297, -0.00053767580539], [-5.48775460629e-05, 6.21459548711e-05, 0.000115656497655, -0.000217924753088, -9.72073685261e-05, -0.00290425866842, 0.00222464953549, -0.000351561320713, -0.00457775080577, 0.0181056391448, -0.00672800838947, 6.373434735e-05, 0.00273407320492], [0.00018088008801, -0.000332151568728, 0.000591515330598, -0.000716442242265, -0.00107616733294, 0.000399183598347, -0.00184957648162, 0.00117362709716, 0.00142903486267, -0.00672800838947, 0.0130158122629, -0.00537872966379, 0.00176153285429], [4.40028961748e-05, 0.00122424471192, -0.000894475437235, -6.70467707096e-05, 0.000396305258619, -0.000810306228232, 0.00277800229378, -0.00156927318312, -0.000329141010297, 6.373434735e-05, -0.00537872966379, 0.0194901134819, -0.00887555815279], [1.11089248094e-05, -0.000879262341186, 0.00100555445533, 0.000683433376253, -0.0014170355862, -0.00131277844775, 0.000131448512548, -0.000137571711093, -0.00053767580539, 0.00273407320492, 0.00176153285429, -0.00887555815279, 0.0173012819141]], "mean": [-4.24951839447, 43.3058738708, -132.602142334, 36.7836227417, -53.3972930908, 12.9788389206, -34.9617004395, 12.9297571182, -23.0075454712, -0.737962722778, -22.6709022522, -0.0824499055743, -9.13937473297]}, "hfc": {"dmean": 6.734333992, "dmean2": 10.1096754074, "dvar": 113.561851501, "dvar2": 246.560913086, "max": 201.360717773, "mean": 27.2232036591, "median": 23.0848846436, "min": 1.20270208181e-16, "var": 559.330810547}, "melbands": {"dmean": [0.0016070791753, 0.00153099815361, 0.000566617469303, 0.000309200841002, 0.00013117279741, 7.43331402191e-05, 8.84323235368e-05, 5.32242884219e-05, 8.4381979832e-05, 0.000104296676, 0.00011290571274, 8.30322314869e-05, 3.39139915013e-05, 2.12167451537e-05, 3.37520614266e-05, 1.73315584107e-05, 2.58232430497e-05, 3.03523156617e-05, 2.91752148769e-05, 3.1936524465e-05, 2.25539733947e-05, 2.59836197074e-05, 1.48172421177e-05, 1.332606098e-05, 1.45193725984e-05, 9.3785865829e-06, 8.52761604619e-06, 6.57812006466e-06, 5.33587854079e-06, 5.88738976148e-06, 3.80280175705e-06, 2.9508814805e-06, 2.69391989605e-06, 2.39008659264e-06, 1.57902400133e-06, 1.33296657623e-06, 1.30389423703e-06, 1.07885637135e-06, 7.92115372406e-07, 6.52533572065e-07], "dmean2": [0.00236825388856, 0.00248136837035, 0.000995089532807, 0.0005487393355, 0.000232336402405, 0.000125688224216, 0.000145840182086, 8.88129070518e-05, 0.000132803383167, 0.000161469986779, 0.000180775939953, 0.000123511257698, 5.24096285517e-05, 3.37697856594e-05, 5.41689842066e-05, 2.78911302303e-05, 4.13069719798e-05, 4.83281146444e-05, 4.62394455099e-05, 5.15568572155e-05, 3.62213941116e-05, 4.00408935093e-05, 2.42364458245e-05, 2.16597163671e-05, 2.37803960772e-05, 1.54702083819e-05, 1.4040431779e-05, 1.10083619802e-05, 8.79782146512e-06, 9.59622138907e-06, 6.13977226749e-06, 4.6897480388e-06, 4.22885750595e-06, 3.69593317373e-06, 2.46063791565e-06, 2.1025332444e-06, 2.02274441108e-06, 1.66261702361e-06, 1.22038557038e-06, 1.00713054962e-06], "dvar": [1.44111008922e-05, 1.60464333021e-05, 2.10109283216e-06, 4.99128702813e-07, 1.82500656365e-07, 6.92696886517e-08, 8.71732623864e-08, 3.10912149359e-08, 5.38454791865e-08, 7.98955142045e-08, 7.81529720939e-08, 4.95521881305e-08, 1.35021611669e-08, 3.39105432623e-09, 9.74982228286e-09, 3.67045083216e-09, 4.79224748773e-09, 6.90449031282e-09, 6.36354613448e-09, 5.95393023772e-09, 2.71904054827e-09, 3.13064574264e-09, 7.8175776963e-10, 6.39632569133e-10, 6.40272446173e-10, 2.77746575739e-10, 3.06308256537e-10, 1.9111372207e-10, 7.44726572077e-11, 1.08064668325e-10, 5.15730479156e-11, 3.43788608692e-11, 4.0369988602e-11, 4.97066936223e-11, 2.21265349792e-11, 1.62754774935e-11, 1.07584878506e-11, 9.56983103872e-12, 4.34330262727e-12, 2.82221728626e-12], "dvar2": [2.7444513762e-05, 4.00612916565e-05, 5.84369672652e-06, 1.39885628414e-06, 5.13485929332e-07, 1.95034246531e-07, 2.20291752839e-07, 7.62333982607e-08, 1.19739254956e-07, 1.75975742422e-07, 1.93375115032e-07, 9.47004039631e-08, 2.88484081068e-08, 7.25513649158e-09, 2.27129852703e-08, 7.5091231011e-09, 1.07957935924e-08, 1.55394683787e-08, 1.4176365859e-08, 1.3989794212e-08, 6.63766952513e-09, 6.43030739766e-09, 1.93554505756e-09, 1.53272416981e-09, 1.55779122935e-09, 6.81229572752e-10, 7.47025941106e-10, 5.02668739966e-10, 1.9021130504e-10, 2.60011900899e-10, 1.24378785049e-10, 7.8092116107e-11, 8.95262405876e-11, 1.0029406472e-10, 4.95031932113e-11, 3.83052548014e-11, 2.4788381417e-11, 2.16515364665e-11, 9.36644858895e-12, 6.17386653953e-12], "max": [0.0856639891863, 0.110397785902, 0.0254030413926, 0.0134897241369, 0.00655583664775, 0.0147720724344, 0.0172247700393, 0.0043815607205, 0.00514907389879, 0.00595893384889, 0.00725701451302, 0.00708704162389, 0.0055379755795, 0.00221845251508, 0.00403507379815, 0.00318782264367, 0.00259383162484, 0.00363043346442, 0.00318559608422, 0.00168956152629, 0.00134175922722, 0.00166718673427, 0.00109659379814, 0.000660121440887, 0.000905006367248, 0.000601992651355, 0.0006304893177, 0.000643904379103, 0.000192409977899, 0.000448701670393, 0.000152241220349, 0.000178845482878, 0.000236325591686, 0.000449243671028, 0.000230388352065, 0.000193020110601, 0.000102486505057, 0.000111010747787, 8.67521957844e-05, 6.88155705575e-05], "mean": [0.0022047299426, 0.00210939231329, 0.000721299089491, 0.00035992031917, 0.000155085042934, 0.000110119101009, 0.000123873833218, 6.91068635206e-05, 0.000160135547048, 0.000202081981115, 0.000205872885999, 0.000160092880833, 6.52250237181e-05, 3.66856511391e-05, 6.61263693473e-05, 2.87146831397e-05, 4.43815588369e-05, 4.83737603645e-05, 5.26132425875e-05, 5.54046819161e-05, 4.14218775404e-05, 5.18281012774e-05, 3.15208781103e-05, 2.74043723039e-05, 3.15577781294e-05, 2.0225004846e-05, 1.74299766513e-05, 1.32398627102e-05, 1.19007900139e-05, 1.36360968099e-05, 8.61178978084e-06, 6.47604201731e-06, 5.7336142163e-06, 4.98263261761e-06, 3.16116256727e-06, 2.69547876997e-06, 2.76182481684e-06, 2.25851908908e-06, 1.64599930486e-06, 1.28128613142e-06], "median": [0.000151736312546, 0.000531532394234, 0.000409764936194, 0.000175845503691, 7.39924435038e-05, 5.88406874158e-05, 4.07680599892e-05, 1.47222835949e-05, 2.28473236348e-05, 2.96867801808e-05, 2.67524883384e-05, 2.54783335549e-05, 1.29663876578e-05, 1.18578282127e-05, 1.5695401089e-05, 8.94041841093e-06, 1.48849539983e-05, 1.80985553015e-05, 1.54915469466e-05, 1.85642784345e-05, 2.1018082407e-05, 2.61543063971e-05, 2.26468255278e-05, 1.84370910574e-05, 2.37820386246e-05, 1.55847101269e-05, 1.02920339486e-05, 8.35356513562e-06, 8.76867306943e-06, 9.67761934589e-06, 5.53724066776e-06, 3.77978449251e-06, 2.81287339021e-06, 2.09292556974e-06, 1.41968621392e-06, 1.32606510306e-06, 1.45241119753e-06, 1.13502585464e-06, 7.74137504322e-07, 5.24441475136e-07], "min": [4.23770398486e-24, 6.15208717496e-24, 7.22356223265e-24, 8.41039794252e-24, 1.00024139126e-23, 9.97038931526e-24, 8.99511978928e-24, 1.28776304741e-23, 5.20496183949e-24, 2.73845509904e-24, 8.61223431601e-24, 5.18535272954e-24, 1.08104283606e-23, 6.65324498602e-24, 6.02596291015e-24, 8.25023077977e-24, 5.76912439333e-24, 2.87532857977e-24, 4.0714412939e-24, 5.82859582812e-24, 8.2673695718e-24, 5.91032536777e-24, 4.72686598257e-24, 1.05930632602e-23, 1.05281818173e-23, 1.5459356069e-23, 5.86225139535e-24, 7.36387218869e-24, 4.28384643136e-24, 1.17488423051e-23, 7.16510527299e-24, 1.23774618946e-23, 7.77791293455e-24, 7.86966613529e-24, 6.54710927325e-24, 8.15271337239e-24, 1.13625986509e-23, 8.34927778845e-24, 8.04234699859e-24, 5.44247247527e-24], "var": [2.66948536591e-05, 2.30897658184e-05, 1.72761087924e-06, 4.00471407147e-07, 1.31502176259e-07, 6.03336616223e-08, 1.03582543431e-07, 4.97371530628e-08, 1.74391715291e-07, 2.78017466826e-07, 2.34899928842e-07, 1.74829679622e-07, 5.40275806316e-08, 9.05281094532e-09, 4.97306658076e-08, 1.24017311975e-08, 1.1042900816e-08, 1.30021557965e-08, 1.90342213102e-08, 1.18406706662e-08, 4.95586061078e-09, 8.84478534857e-09, 1.7900663174e-09, 1.43603451352e-09, 1.71882408306e-09, 6.75840661213e-10, 7.74478092769e-10, 3.55629858895e-10, 1.72879710547e-10, 3.41370876011e-10, 1.26064089723e-10, 8.9052244745e-11, 1.02876838992e-10, 1.30297037049e-10, 4.06150772736e-11, 2.5288847405e-11, 2.10478353496e-11, 1.63103610479e-11, 8.73972595683e-12, 5.33174719652e-12]}, "melbands_crest": {"dmean": 3.46577119827, "dmean2": 5.53404760361, "dvar": 8.80222320557, "dvar2": 20.2378520966, "max": 32.1540107727, "mean": 13.4402694702, "median": 12.5283527374, "min": 1.83598101139, "var": 28.075088501}, "melbands_flatness_db": {"dmean": 0.0247041415423, "dmean2": 0.0370436497033, "dvar": 0.000623644387815, "dvar2": 0.00114889757242, "max": 0.444748729467, "mean": 0.142848879099, "median": 0.135199218988, "min": 0.00508862873539, "var": 0.00261787581258}, "melbands_kurtosis": {"dmean": 5.41129922867, "dmean2": 8.32585144043, "dvar": 122.397453308, "dvar2": 250.262634277, "max": 372.997772217, "mean": 8.08923435211, "median": 3.08753371239, "min": -1.70813715458, "var": 257.300262451}, "melbands_skewness": {"dmean": 0.720915973186, "dmean2": 1.10247516632, "dvar": 0.755049884319, "dvar2": 1.47506165504, "max": 16.4700508118, "mean": 2.13600516319, "median": 1.69787931442, "min": -1.06985580921, "var": 2.73143935204}, "melbands_spread": {"dmean": 10.6038160324, "dmean2": 16.3451557159, "dvar": 142.694244385, "dvar2": 294.375854492, "max": 179.757827759, "mean": 38.5591773987, "median": 35.5043487549, "min": 0.918787896633, "var": 486.662506104}, "mfcc": {"cov": [[9967.16210938, 261.312286377, 1813.48339844, 1758.97375488, 870.252319336, 471.783721924, 489.749328613, 236.119522095, 147.004730225, 78.7610549927, -3.86569738388, 100.381736755, 41.4567184448], [261.312286377, 501.646911621, -29.6632900238, 101.61656189, -12.8403310776, 26.2529754639, 70.3210678101, 16.6090812683, 26.3459911346, 26.7439098358, 13.3582105637, -14.5608510971, -20.2700099945], [1813.48339844, -29.6632900238, 990.984619141, 762.370239258, 475.587860107, 163.798187256, 121.526557922, 28.0794029236, 10.8592700958, -32.527381897, -10.3922338486, 80.9956665039, 53.1482391357], [1758.97375488, 101.61656189, 762.370239258, 943.732116699, 501.972106934, 163.038833618, 156.625274658, 37.3252983093, 21.8794689178, -20.2627887726, -3.01438164711, 94.8644866943, 68.9972305298], [870.252319336, -12.8403310776, 475.587860107, 501.972106934, 416.51852417, 116.698654175, 84.1199035645, 14.7422542572, 9.52095603943, -24.0346221924, -8.4693145752, 59.5867042542, 56.9157752991], [471.783721924, 26.2529754639, 163.798187256, 163.038833618, 116.698654175, 178.246643066, 128.771286011, 33.7650909424, 11.177312851, 16.2730998993, 9.05559444427, 7.21743059158, 12.8769693375], [489.749328613, 70.3210678101, 121.526557922, 156.625274658, 84.1199035645, 128.771286011, 238.916259766, 61.6529922485, 3.72863745689, 42.6487693787, 18.9818077087, 9.90361499786, 15.6245861053], [236.119522095, 16.6090812683, 28.0794029236, 37.3252983093, 14.7422542572, 33.7650909424, 61.6529922485, 128.700363159, 69.558052063, 46.9186096191, 20.1610126495, 9.18578910828, 17.255563736], [147.004730225, 26.3459911346, 10.8592700958, 21.8794689178, 9.52095603943, 11.177312851, 3.72863745689, 69.558052063, 130.683074951, 57.1242446899, 6.17235040665, -0.401461958885, -0.180141508579], [78.7610549927, 26.7439098358, -32.527381897, -20.2627887726, -24.0346221924, 16.2730998993, 42.6487693787, 46.9186096191, 57.1242446899, 126.841133118, 54.9877090454, 11.1645431519, 7.2454867363], [-3.86569738388, 13.3582105637, -10.3922338486, -3.01438164711, -8.4693145752, 9.05559444427, 18.9818077087, 20.1610126495, 6.17235040665, 54.9877090454, 101.878479004, 47.7804298401, 14.2466993332], [100.381736755, -14.5608510971, 80.9956665039, 94.8644866943, 59.5867042542, 7.21743059158, 9.90361499786, 9.18578910828, -0.401461958885, 11.1645431519, 47.7804298401, 91.21900177, 43.899646759], [41.4567184448, -20.2700099945, 53.1482391357, 68.9972305298, 56.9157752991, 12.8769693375, 15.6245861053, 17.255563736, -0.180141508579, 7.2454867363, 14.2466993332, 43.899646759, 87.2925262451]], "icov": [[0.000176844070666, -2.60318138317e-05, -0.000218177694478, -0.000218030545511, 0.000151848173118, -9.67646337813e-05, -5.7119927078e-05, -0.000162501950399, -9.20958063944e-06, -0.000106200539449, 4.94454980071e-05, 7.42849879316e-05, 0.000136123184348], [-2.60318138317e-05, 0.00242560426705, 0.000582051114179, -0.00104497710709, 0.000679439282976, 0.000119884483865, -0.000705812359229, 0.000424479367211, -0.000632908428088, 0.00015080376761, -0.000615499098785, 0.000690148386639, 0.000368479202734], [-0.000218177694478, 0.000582051114179, 0.00339164212346, -0.00163854181301, -0.00134247459937, -0.000534133927431, 0.000324391177855, -3.20127146551e-05, 0.000164898199728, 0.00023497264192, 7.8587407188e-05, -0.000421864533564, 0.000551426201127], [-0.000218030545511, -0.00104497710709, -0.00163854181301, 0.00486820982769, -0.00328273721971, 0.000491222657729, -0.000765393313486, 0.00017779560585, -0.000229132871027, 0.000224686547881, 0.000574070669245, -0.0016418864252, -0.000106708044768], [0.000151848173118, 0.000679439282976, -0.00134247459937, -0.00328273721971, 0.00845440384001, -0.00197985791601, 0.000215632011532, 0.000706336577423, -0.000814160390291, 0.000715756439604, 0.000471749401186, -0.000356611213647, -0.00185953103937], [-9.67646337813e-05, 0.000119884483865, -0.000534133927431, 0.000491222657729, -0.00197985791601, 0.0109117925167, -0.00525870546699, 0.000458358845208, -0.00110910076182, 0.000797959219199, -0.00149339879863, 0.00181797938421, -0.000196431297809], [-5.7119927078e-05, -0.000705812359229, 0.000324391177855, -0.000765393313486, 0.000215632011532, -0.00525870546699, 0.00891885533929, -0.00366888684221, 0.00363949988969, -0.00285122171044, 0.000992970308289, -0.000101379177067, 0.000167792910361], [-0.000162501950399, 0.000424479367211, -3.20127146551e-05, 0.00017779560585, 0.000706336577423, 0.000458358845208, -0.00366888684221, 0.0140157286078, -0.00747832003981, 0.000437981681898, -0.00191317358986, 0.000811104371678, -0.00273476727307], [-9.20958063944e-06, -0.000632908428088, 0.000164898199728, -0.000229132871027, -0.000814160390291, -0.00110910076182, 0.00363949988969, -0.00747832003981, 0.0145200090483, -0.00653194868937, 0.00381244905293, -0.00109943002462, 0.0019622319378], [-0.000106200539449, 0.00015080376761, 0.00023497264192, 0.000224686547881, 0.000715756439604, 0.000797959219199, -0.00285122171044, 0.000437981681898, -0.00653194868937, 0.0153281781822, -0.00851713772863, 0.0028103380464, -0.00170486222487], [4.94454980071e-05, -0.000615499098785, 7.8587407188e-05, 0.000574070669245, 0.000471749401186, -0.00149339879863, 0.000992970308289, -0.00191317358986, 0.00381244905293, -0.00851713772863, 0.019653217867, -0.0114688025787, 0.00272012944333], [7.42849879316e-05, 0.000690148386639, -0.000421864533564, -0.0016418864252, -0.000356611213647, 0.00181797938421, -0.000101379177067, 0.000811104371678, -0.00109943002462, 0.0028103380464, -0.0114688025787, 0.0227447170764, -0.00830038357526], [0.000136123184348, 0.000368479202734, 0.000551426201127, -0.000106708044768, -0.00185953103937, -0.000196431297809, 0.000167792910361, -0.00273476727307, 0.0019622319378, -0.00170486222487, 0.00272012944333, -0.00830038357526, 0.0168531332165]], "mean": [-642.355773926, 75.0635070801, -17.4968605042, 23.9035491943, 3.6933722496, 3.26878094673, -0.406637370586, 6.84532546997, 6.29035902023, 0.823867201805, -3.32304024696, -2.99483346939, -6.58193922043]}, "pitch_salience": {"dmean": 0.0710658654571, "dmean2": 0.110522672534, "dvar": 0.0042258896865, "dvar2": 0.00910523254424, "max": 0.894919037819, "mean": 0.562529921532, "median": 0.569342255592, "min": 0.0821324065328, "var": 0.0170860551298}, "silence_rate_20dB": {"dmean": 0.000143895245856, "dmean2": 0.000287811184535, "dvar": 0.000143862547702, "dvar2": 0.000431585969636, "max": 1, "mean": 0.999928057194, "median": 1, "min": 0, "var": 7.19342715456e-05}, "silence_rate_30dB": {"dmean": 0.0273400954902, "dmean2": 0.0546841286123, "dvar": 0.0265883263201, "dvar2": 0.0679551288486, "max": 1, "mean": 0.977338135242, "median": 1, "min": 0, "var": 0.0221504289657}, "silence_rate_60dB": {"dmean": 0.0218720771372, "dmean2": 0.0437473021448, "dvar": 0.0213906243443, "dvar2": 0.0478812381625, "max": 1, "mean": 0.186546757817, "median": 0, "min": 0, "var": 0.151742562652}, "spectral_centroid": {"dmean": 247.739440918, "dmean2": 385.206817627, "dvar": 62729.4609375, "dvar2": 133616.984375, "max": 11347.7460938, "mean": 2145.18554688, "median": 2142.97509766, "min": 465.388977051, "var": 260909.671875}, "spectral_complexity": {"dmean": 3.71667027473, "dmean2": 5.80803012848, "dvar": 15.4694786072, "dvar2": 32.8192901611, "max": 60, "mean": 23.1008625031, "median": 24, "min": 0, "var": 181.64302063}, "spectral_contrast_coeffs": {"dmean": [0.0516068004072, 0.0472697168589, 0.0387904532254, 0.0305642075837, 0.0200738776475, 0.0166656468064], "dmean2": [0.0857702195644, 0.0781829729676, 0.0631887465715, 0.0500984936953, 0.0327516384423, 0.0268238484859], "dvar": [0.00178106303792, 0.001480439445, 0.00105480267666, 0.000679504184518, 0.000273361132713, 0.000200436377781], "dvar2": [0.00494192447513, 0.00397329311818, 0.0026377865579, 0.00168773299083, 0.000675586983562, 0.000476360757602], "max": [-0.380136877298, -0.413555771112, -0.435854285955, -0.526605010033, -0.555790781975, -0.610597133636], "mean": [-0.667209506035, -0.749126791954, -0.767849802971, -0.778037905693, -0.788661599159, -0.744375824928], "median": [-0.670329332352, -0.756261348724, -0.786739468575, -0.789096772671, -0.790521979332, -0.741436600685], "min": [-0.967136144638, -0.972054064274, -0.967422485352, -0.959256112576, -0.964710712433, -0.960162401199], "var": [0.00661637308076, 0.00586982816458, 0.00676417071372, 0.00373365171254, 0.00155246211216, 0.00146393524483]}, "spectral_contrast_valleys": {"dmean": [0.444727033377, 0.358450502157, 0.302113413811, 0.249340102077, 0.194304093719, 0.217937722802], "dmean2": [0.739592850208, 0.593246817589, 0.488200724125, 0.398192793131, 0.293156325817, 0.303674787283], "dvar": [0.16480652988, 0.120978541672, 0.0912277922034, 0.073621250689, 0.0591418929398, 0.078707113862], "dvar2": [0.380099087954, 0.267675310373, 0.174088358879, 0.13481234014, 0.088305875659, 0.123516641557], "max": [-4.90256881714, -4.65571069717, -5.13015222549, -5.68484020233, -5.49800872803, -7.33922672272], "mean": [-8.03984546661, -7.33775568008, -7.53025054932, -7.51861286163, -7.1173377037, -9.75574970245], "median": [-7.38834953308, -7.14492416382, -7.47683334351, -7.38849925995, -6.72392559052, -9.49157428741], "min": [-28.0851478577, -27.2759437561, -27.4809551239, -27.3080863953, -27.2400436401, -27.2208003998], "var": [3.28334522247, 0.964509725571, 0.782297849655, 0.617911696434, 0.983019411564, 1.17779958248]}, "spectral_decrease": {"dmean": 2.71273048469e-09, "dmean2": 4.27280566484e-09, "dvar": 2.96140287676e-17, "dvar2": 6.87970218276e-17, "max": 4.95159230696e-22, "mean": -6.10806205614e-09, "median": -3.90763377212e-09, "min": -1.07780643077e-07, "var": 5.86081882366e-17}, "spectral_energy": {"dmean": 0.0106669720262, "dmean2": 0.0167650002986, "dvar": 0.000440639792942, "dvar2": 0.00102562503889, "max": 0.410257637501, "mean": 0.0255224891007, "median": 0.0172070525587, "min": 1.06733812468e-20, "var": 0.000910013390239}, "spectral_energyband_high": {"dmean": 0.000514587387443, "dmean2": 0.000765867298469, "dvar": 9.39869778449e-07, "dvar2": 1.9614158191e-06, "max": 0.025429725647, "mean": 0.00165301922243, "median": 0.00119362398982, "min": 7.60606467292e-21, "var": 3.60322815141e-06}, "spectral_energyband_low": {"dmean": 0.00783470273018, "dmean2": 0.0121670328081, "dvar": 0.000342927814927, "dvar2": 0.000769272563048, "max": 0.397577702999, "mean": 0.0119547368959, "median": 0.00309990067035, "min": 6.16203613093e-23, "var": 0.000601075938903}, "spectral_energyband_middle_high": {"dmean": 0.00189860293176, "dmean2": 0.00287137040868, "dvar": 7.75477201387e-06, "dvar2": 1.68783844856e-05, "max": 0.0705777481198, "mean": 0.00686823111027, "median": 0.00448872987181, "min": 1.62093684776e-21, "var": 5.44296308362e-05}, "spectral_energyband_middle_low": {"dmean": 0.00310599571094, "dmean2": 0.00531531963497, "dvar": 3.48447974829e-05, "dvar2": 9.43830018514e-05, "max": 0.118818119168, "mean": 0.00594321265817, "median": 0.00393872428685, "min": 3.13498422932e-22, "var": 4.64625481982e-05}, "spectral_entropy": {"dmean": 0.0942093804479, "dmean2": 0.141701713204, "dvar": 0.00854763481766, "dvar2": 0.0170541964471, "max": 9.80700206757, "mean": 7.90121507645, "median": 7.91849660873, "min": 6.85968112946, "var": 0.0483000129461}, "spectral_flux": {"dmean": 0.0268662478775, "dmean2": 0.0442356094718, "dvar": 0.00157372117974, "dvar2": 0.00388730200939, "max": 0.446876078844, "mean": 0.0825012922287, "median": 0.072752520442, "min": 1.04174592563e-10, "var": 0.00330832134932}, "spectral_kurtosis": {"dmean": 0.851960361004, "dmean2": 1.44719827175, "dvar": 0.70393538475, "dvar2": 2.03272843361, "max": 14.9825897217, "mean": 3.48507428169, "median": 3.25726175308, "min": -1.22487366199, "var": 2.07390260696}, "spectral_rms": {"dmean": 0.000838093459606, "dmean2": 0.00128395610955, "dvar": 1.60442630204e-06, "dvar2": 3.47533773493e-06, "max": 0.0200062822551, "mean": 0.00425821449608, "median": 0.00409723911434, "min": 3.22692653848e-12, "var": 6.76763647789e-06}, "spectral_rolloff": {"dmean": 703.709777832, "dmean2": 1130.9979248, "dvar": 1066881.25, "dvar2": 2191220.5, "max": 19056.8847656, "mean": 2619.6394043, "median": 2497.8515625, "min": 86.1328125, "var": 2380951.25}, "spectral_skewness": {"dmean": 0.13422755897, "dmean2": 0.222144067287, "dvar": 0.0146687142551, "dvar2": 0.0382007136941, "max": 2.57858347893, "mean": 1.29630887508, "median": 1.2830581665, "min": 0.0114360274747, "var": 0.0832287147641}, "spectral_spread": {"dmean": 400991.1875, "dmean2": 600082.4375, "dvar": 363770740736, "dvar2": 558331723776, "max": 41878644