{"lowlevel": {"average_loudness": 0.927118837833, "barkbands": {"dmean": [7.2152550274e-05, 0.00351821049117, 0.00147325766739, 0.000685432227328, 0.00115298200399, 0.00106128375046, 0.000855359365232, 0.000535584404133, 0.000940848665778, 0.000796890002675, 0.000518677989021, 0.000675189949106, 0.000427103514085, 0.00041934082401, 0.000406153965741, 0.000368315551896, 0.000275873346254, 0.000251519843005, 0.000270379387075, 0.000309093476972, 0.000158407157869, 0.000114438029414, 9.00131053641e-05, 7.08009683876e-05, 6.31968359812e-05, 4.27206323366e-05, 2.96141533909e-05], "dmean2": [0.000116881165013, 0.00574433431029, 0.00247324281372, 0.00113226077519, 0.00192575249821, 0.00175962247886, 0.00145801214967, 0.00089615554316, 0.00152424362022, 0.00132319843397, 0.000848094467074, 0.00111037434544, 0.000687388761435, 0.000689047737978, 0.000656020187307, 0.000604700762779, 0.00045129400678, 0.000417035247665, 0.000437860231614, 0.00048318732297, 0.000249312201049, 0.000176797810127, 0.000136095492053, 0.000105035382148, 0.000100216442661, 6.24966342002e-05, 4.73920590593e-05], "dvar": [2.13613535749e-08, 7.77864115662e-05, 1.02285357571e-05, 1.12935117613e-06, 6.12720577919e-06, 4.81556753584e-06, 5.23097696714e-06, 1.51069104959e-06, 4.67343579658e-06, 3.66595190826e-06, 2.0728052732e-06, 4.50907282357e-06, 1.29726686282e-06, 1.17620243145e-06, 1.53242206125e-06, 5.90288436797e-07, 2.13710762864e-07, 2.22478888645e-07, 3.14686019465e-07, 4.41649802951e-07, 8.97627145946e-08, 5.911544676e-08, 5.50162582158e-08, 4.53685444768e-08, 4.45882903932e-08, 1.72130114606e-08, 8.59604032399e-09], "dvar2": [5.44025127169e-08, 0.000197756555281, 2.8277929232e-05, 2.96627399621e-06, 1.65634628502e-05, 1.25122078316e-05, 1.41318723763e-05, 3.7807822082e-06, 1.20276881717e-05, 9.59316457738e-06, 5.0920166359e-06, 1.17307899927e-05, 2.96654457088e-06, 2.84976067633e-06, 3.78723689209e-06, 1.48586070736e-06, 5.5110666608e-07, 5.74805824272e-07, 7.74100158196e-07, 1.00442548501e-06, 2.07122127449e-07, 1.33682732439e-07, 1.24631895915e-07, 8.86335911332e-08, 1.03726030432e-07, 3.30957128369e-08, 2.16936708597e-08], "max": [0.00226628570817, 0.0786524713039, 0.043587051332, 0.0156247057021, 0.0331592857838, 0.0386620461941, 0.0600155331194, 0.0275459159166, 0.0576721169055, 0.0649878531694, 0.0420981757343, 0.0699681267142, 0.0317755192518, 0.0432916656137, 0.0478865988553, 0.0189997032285, 0.00965720880777, 0.00729826278985, 0.0230489838868, 0.018637785688, 0.00645267451182, 0.00566737633198, 0.00560916867107, 0.0067434059456, 0.00489521492273, 0.004162913654, 0.00143058213871], "mean": [0.000109158318082, 0.0041194059886, 0.0022979604546, 0.00113652623259, 0.00153020746075, 0.00150532869156, 0.00112163368613, 0.000735874869861, 0.00146663736086, 0.00120092544239, 0.000751421612222, 0.00105295714457, 0.000686453771777, 0.000608306901995, 0.00058826233726, 0.000601254461799, 0.000505529053044, 0.000405689235777, 0.000504795054439, 0.000616308650933, 0.000325202039676, 0.000222339833272, 0.000178491158294, 0.00012288459402, 8.52999000927e-05, 5.67049683013e-05, 2.97083297482e-05], "median": [6.49593566777e-05, 0.00189911969937, 0.00130198663101, 0.000779816065915, 0.000823449227028, 0.000639092409983, 0.000476343760965, 0.000349584006472, 0.000768156372942, 0.000528069096617, 0.000295177276712, 0.00043129286496, 0.000247653049883, 0.000247016432695, 0.000241302506765, 0.000306643196382, 0.000299879320664, 0.000239736255025, 0.000326430483256, 0.000375761184841, 0.000202908398933, 9.69754692051e-05, 8.51245858939e-05, 4.99898233102e-05, 2.50122830039e-05, 1.27091097966e-05, 2.77713934338e-06], "min": [1.59941933103e-24, 1.53658050542e-23, 1.86818481337e-23, 5.47805128539e-24, 2.55142071437e-23, 4.05908221009e-23, 4.94165631987e-23, 3.4392189766e-23, 8.29014935039e-23, 1.25393063334e-22, 9.17649389974e-23, 8.69816398779e-23, 1.13986929816e-22, 7.4027149108e-23, 9.81908232265e-23, 1.37742030784e-22, 1.05326051182e-22, 2.34232745164e-22, 4.72146151228e-22, 4.96404646428e-22, 5.37934979779e-22, 4.9222951489e-22, 6.21088088357e-22, 7.19550551103e-22, 1.19173249768e-21, 2.04086641503e-21, 2.62283765527e-21], "var": [2.42132980333e-08, 6.61564263282e-05, 1.03845704871e-05, 1.57367151132e-06, 5.91018033447e-06, 6.41322094452e-06, 6.16905435891e-06, 1.99309124582e-06, 6.20539094598e-06, 5.7849224504e-06, 3.06862489197e-06, 6.60161867927e-06, 3.23185236084e-06, 1.87112163985e-06, 1.98396128326e-06, 9.66474544839e-07, 4.13812216493e-07, 3.05483524699e-07, 5.06458661675e-07, 7.95563380507e-07, 1.67446856381e-07, 1.18220150114e-07, 9.82715562259e-08, 8.75627179653e-08, 5.7734631298e-08, 2.9289353165e-08, 7.82913822661e-09]}, "barkbands_crest": {"dmean": 2.59492254257, "dmean2": 4.2478017807, "dvar": 7.29273223877, "dvar2": 18.7643489838, "max": 25.6431217194, "mean": 7.65620231628, "median": 6.69814395905, "min": 2.22208666801, "var": 13.3196563721}, "barkbands_flatness_db": {"dmean": 0.0170078966767, "dmean2": 0.0264288000762, "dvar": 0.000318307342241, "dvar2": 0.000765953038353, "max": 0.349908322096, "mean": 0.0855586752295, "median": 0.0772789716721, "min": 0.0126495780423, "var": 0.00158449704759}, "barkbands_kurtosis": {"dmean": 1.59218800068, "dmean2": 2.57165813446, "dvar": 16.20545578, "dvar2": 41.4932518005, "max": 124.349021912, "mean": 1.43554699421, "median": -0.0112432520837, "min": -1.83198952675, "var": 33.6335067749}, "barkbands_skewness": {"dmean": 0.437166780233, "dmean2": 0.670888900757, "dvar": 0.252628952265, "dvar2": 0.58529317379, "max": 8.58528327942, "mean": 0.976687908173, "median": 0.823443889618, "min": -4.85638999939, "var": 0.981298744678}, "barkbands_spread": {"dmean": 5.99763202667, "dmean2": 9.3721075058, "dvar": 36.9601478577, "dvar2": 86.9591903687, "max": 94.9354019165, "mean": 30.5671081543, "median": 29.8103103638, "min": 1.00974845886, "var": 144.474472046}, "dissonance": {"dmean": 0.0122880320996, "dmean2": 0.0210102815181, "dvar": 0.000144936158904, "dvar2": 0.00040770805208, "max": 0.500000178814, "mean": 0.481031924486, "median": 0.484390854836, "min": 0.338076114655, "var": 0.000219195571844}, "dynamic_complexity": 4.09873914719, "erbbands": {"dmean": [0.0873303338885, 0.853245258331, 1.77568638325, 1.8583548069, 3.43047070503, 3.73595380783, 5.66425275803, 9.68960380554, 10.4572839737, 13.3713140488, 13.3797740936, 19.5725154877, 22.2770957947, 23.4247016907, 19.6524391174, 26.4555702209, 18.733133316, 17.1293334961, 21.4886207581, 18.7482051849, 19.5891075134, 15.6606693268, 13.2464237213, 12.1906023026, 15.3680992126, 14.1301794052, 8.35222911835, 5.04633712769, 4.30601406097, 3.1943488121, 2.61735153198, 1.67486178875, 1.10069561005, 0.794308960438, 0.408853173256, 0.189026996493, 0.0782866328955, 0.0277009848505, 0.00513273058459, 0.000282001914456], "dmean2": [0.142807245255, 1.40116608143, 2.9625518322, 3.05637431145, 5.73489809036, 6.37167644501, 9.48882961273, 15.9807739258, 17.5210990906, 22.9509181976, 21.8543796539, 32.1307067871, 36.4876327515, 38.0268745422, 31.8582611084, 43.1417007446, 30.1640758514, 27.8705787659, 34.8664550781, 30.0465755463, 31.8653488159, 25.8164653778, 22.1236228943, 19.8736190796, 24.4875202179, 21.9097881317, 13.1246356964, 7.95864725113, 6.71690797806, 4.88968133926, 3.98903512955, 2.47039866447, 1.68504095078, 1.28701865673, 0.639058828354, 0.27711519599, 0.116387926042, 0.0433511137962, 0.00820485502481, 0.000453956599813], "dvar": [0.0445414334536, 4.65301322937, 15.8057460785, 9.66986751556, 58.753288269, 62.6869354248, 149.675186157, 452.922027588, 859.692749023, 1252.32250977, 971.041442871, 2457.93457031, 2535.41894531, 3116.63793945, 2697.75463867, 7307.90185547, 2666.85913086, 1696.68127441, 4460.76855469, 2312.66674805, 1504.22265625, 664.158081055, 635.355773926, 465.391296387, 1182.79748535, 1030.68566895, 263.91293335, 100.057678223, 91.2245941162, 50.4251098633, 54.4801216125, 25.8924674988, 11.1076030731, 7.41262865067, 1.82855582237, 0.418635636568, 0.055701430887, 0.00674891192466, 0.00025726199965, 8.2163847992e-07], "dvar2": [0.115474179387, 11.8826084137, 43.0242500305, 25.9391613007, 160.443283081, 170.902236938, 405.625579834, 1154.04467773, 2246.75048828, 3517.17919922, 2457.68945313, 6239.70507813, 6503.625, 7534.68261719, 6492.50634766, 19106.5, 6297.88134766, 4246.62646484, 11323.6513672, 5253.4375, 3656.56835938, 1715.75097656, 1649.93676758, 1161.81762695, 2791.03369141, 2366.96142578, 608.399475098, 230.63861084, 205.704406738, 115.760940552, 125.220405579, 50.9389648438, 23.9057159424, 18.4304771423, 3.92120790482, 0.784772336483, 0.108139052987, 0.0167082287371, 0.000651151814964, 2.0686472908e-06], "max": [2.41644382477, 20.7850856781, 51.3478126526, 38.6699104309, 118.423469543, 117.040016174, 253.825271606, 477.304992676, 934.537231445, 664.922790527, 895.339599609, 1338.6550293, 1720.87792969, 1564.8729248, 1665.69592285, 2737.19482422, 1193.0135498, 1261.05053711, 3057.9543457, 1146.39685059, 880.844970703, 626.532531738, 355.342712402, 515.949645996, 1423.59838867, 965.793640137, 398.400115967, 192.875366211, 271.948608398, 133.559738159, 180.395019531, 175.358963013, 80.1377868652, 60.4226875305, 36.412109375, 23.3505554199, 6.5194196701, 1.26907408237, 0.236065670848, 0.0210382081568], "mean": [0.109976865351, 0.961385309696, 2.74125623703, 3.24175739288, 4.58584737778, 4.68511152267, 8.34256362915, 13.2513055801, 14.4398918152, 17.473526001, 20.5980396271, 29.886007309, 35.1400604248, 37.1019821167, 31.4327106476, 43.8878936768, 31.7032928467, 26.4865207672, 33.2122001648, 29.9437198639, 34.5946769714, 29.7225704193, 22.6524963379, 23.6562728882, 28.8809528351, 28.1970157623, 17.5857219696, 10.3276405334, 8.22089385986, 6.3390455246, 4.97629594803, 3.11365461349, 1.74352955818, 1.05813086033, 0.548432409763, 0.253634572029, 0.103303574026, 0.0313960015774, 0.00512879155576, 0.00028398577706], "median": [0.0502465218306, 0.429807245731, 1.45795059204, 2.3111333847, 2.751121521, 2.39618301392, 3.80281305313, 5.23063087463, 6.34000396729, 7.67943143845, 10.1752262115, 15.995967865, 17.9931716919, 16.8637695313, 14.5688762665, 18.3896903992, 12.6069068909, 11.4332828522, 15.1148357391, 14.2660713196, 18.9083900452, 18.0586204529, 13.5965824127, 16.4156799316, 17.2665634155, 17.2697849274, 11.1885509491, 6.06374359131, 3.54921722412, 2.9779651165, 2.34286260605, 1.36391234398, 0.635792970657, 0.341956675053, 0.139084041119, 0.0601280257106, 0.0225724931806, 0.00516834575683, 0.000453333021142, 4.34299727203e-05], "min": [3.10310995734e-22, 4.00861095249e-21, 1.7608899711e-20, 2.68571133859e-20, 2.85164861623e-20, 9.1832467157e-20, 1.53882154187e-19, 4.60791816968e-19, 6.40928128036e-19, 9.17899991874e-19, 6.54966158513e-19, 1.65169873751e-18, 3.48628628127e-18, 4.12750759314e-18, 3.41227657071e-18, 3.76791687802e-18, 4.76217473942e-18, 4.03442744035e-18, 4.42741185039e-18, 7.46731094128e-18, 6.02374346039e-18, 7.10039678261e-18, 1.18159995992e-17, 1.4829942176e-17, 2.64904971673e-17, 1.9932865697e-17, 3.1191793068e-17, 1.58795268399e-17, 1.75030441543e-17, 2.07653650809e-17, 1.50829138597e-17, 1.30473489308e-17, 1.34984361615e-17, 1.52677142803e-17, 7.75744784985e-18, 6.53201410035e-18, 4.39130913896e-18, 1.21432068137e-18, 3.87125386361e-19, 3.94182548843e-20], "var": [0.0385974273086, 3.90390086174, 15.4994621277, 12.3071231842, 51.3066444397, 59.3105354309, 200.169525146, 582.035766602, 1138.90979004, 1189.63012695, 1351.08850098, 2988.71069336, 3840.74902344, 5559.68261719, 3870.58691406, 11431.9580078, 5345.61230469, 2540.86865234, 6552.625, 3459.21484375, 2758.90356445, 1332.87426758, 922.528381348, 736.975158691, 1965.00732422, 1783.66430664, 495.565582275, 191.575012207, 173.089157104, 96.7029342651, 89.2259216309, 51.0227661133, 18.3198299408, 8.24914169312, 2.73126602173, 0.728901565075, 0.0941667258739, 0.00677406229079, 0.000231847006944, 7.48655565985e-07]}, "erbbands_crest": {"dmean": 2.2652463913, "dmean2": 3.70616173744, "dvar": 5.70586442947, "dvar2": 13.9191532135, "max": 34.8130264282, "mean": 7.2599029541, "median": 6.07656669617, "min": 2.27410030365, "var": 15.7698497772}, "erbbands_flatness_db": {"dmean": 0.0164204798639, "dmean2": 0.0233955923468, "dvar": 0.000312987918733, "dvar2": 0.000568102812394, "max": 0.421285450459, "mean": 0.132819741964, "median": 0.1290076226, "min": 0.0308563392609, "var": 0.00158412335441}, "erbbands_kurtosis": {"dmean": 0.659843981266, "dmean2": 1.06486904621, "dvar": 5.87657403946, "dvar2": 11.7784080505, "max": 183.405685425, "mean": -0.0555548705161, "median": -0.428998291492, "min": -1.69098961353, "var": 8.09851932526}, "erbbands_skewness": {"dmean": 0.307892054319, "dmean2": 0.480483651161, "dvar": 0.0912629291415, "dvar2": 0.206339299679, "max": 3.90860056877, "mean": 0.0408027134836, "median": 0.0492930002511, "min": -7.98493671417, "var": 0.349585086107}, "erbbands_spread": {"dmean": 6.69569349289, "dmean2": 10.3980045319, "dvar": 41.8997879028, "dvar2": 93.2363815308, "max": 149.855728149, "mean": 38.6670684814, "median": 37.8498840332, "min": 0.678668558598, "var": 168.137359619}, "gfcc": {"cov": [[13322.0380859, -410.502044678, 12.9118404388, 102.695709229, -162.347503662, -19.3155288696, -62.6466789246, 18.9705886841, 7.36662054062, -39.515083313, -8.64725780487, -12.1842947006, -31.1386356354], [-410.502044678, 1012.68878174, -268.357330322, 177.486984253, 96.0098342896, -11.922170639, 93.9633560181, -18.0129089355, 7.55761289597, -44.1892776489, 31.7421588898, -64.9554595947, 50.5916213989], [12.9118404388, -268.357330322, 796.454467773, -17.1769580841, 145.710464478, 125.492416382, 7.44304609299, 75.0144119263, 36.1487693787, 15.7320947647, -41.0723266602, 7.1112651825, -43.3240013123], [102.695709229, 177.486984253, -17.1769580841, 243.171035767, 31.3222866058, 24.3043327332, 21.0677204132, 19.6864242554, 30.2134914398, -9.84479999542, 1.995844841, -17.1162776947, 15.4430408478], [-162.347503662, 96.0098342896, 145.710464478, 31.3222866058, 286.273986816, 51.6458091736, 88.8664550781, 49.1433029175, 4.59491348267, 17.8362693787, -17.28647995, -21.0861110687, 18.3226165771], [-19.3155288696, -11.922170639, 125.492416382, 24.3043327332, 51.6458091736, 190.430648804, 71.979133606, 30.5639572144, -6.14105463028, 11.8901500702, -6.25209188461, -0.715025544167, -20.0183353424], [-62.6466789246, 93.9633560181, 7.44304609299, 21.0677204132, 88.8664550781, 71.979133606, 171.924713135, 34.6191711426, -16.9087276459, 5.27074623108, 3.6527493, -14.9343147278, -1.32059550285], [18.9705886841, -18.0129089355, 75.0144119263, 19.6864242554, 49.1433029175, 30.5639572144, 34.6191711426, 119.24760437, 14.3092794418, 12.3252592087, -15.7332792282, -0.00462798122317, 7.98522663116], [7.36662054062, 7.55761289597, 36.1487693787, 30.2134914398, 4.59491348267, -6.14105463028, -16.9087276459, 14.3092794418, 95.5370254517, 13.828291893, 0.927141308784, -5.53211975098, -0.0549049340189], [-39.515083313, -44.1892776489, 15.7320947647, -9.84479999542, 17.8362693787, 11.8901500702, 5.27074623108, 12.3252592087, 13.828291893, 71.0999908447, 15.9776096344, 7.87773942947, -5.86987018585], [-8.64725780487, 31.7421588898, -41.0723266602, 1.995844841, -17.28647995, -6.25209188461, 3.6527493, -15.7332792282, 0.927141308784, 15.9776096344, 72.7640991211, 25.688577652, 0.0915300324559], [-12.1842947006, -64.9554595947, 7.1112651825, -17.1162776947, -21.0861110687, -0.715025544167, -14.9343147278, -0.00462798122317, -5.53211975098, 7.87773942947, 25.688577652, 71.6868438721, 10.7675466537], [-31.1386356354, 50.5916213989, -43.3240013123, 15.4430408478, 18.3226165771, -20.0183353424, -1.32059550285, 7.98522663116, -0.0549049340189, -5.86987018585, 0.0915300324559, 10.7675466537, 61.9288215637]], "icov": [[7.76961678639e-05, 4.74226399092e-05, 5.33326783625e-06, -6.49863941362e-05, 3.3006999729e-05, 7.8821040006e-06, -6.0095351273e-07, -2.57671981672e-05, 6.4271557676e-06, 5.9215893998e-05, -3.61509046343e-05, 5.48578063899e-05, 1.24877742564e-05], [4.74226399092e-05, 0.00157749990467, 0.000469632446766, -0.000835672835819, -0.000532381120138, -2.92934828394e-06, -0.000450498104328, 0.000245076254942, -0.000188803503988, 0.000993396737613, -0.00113179918844, 0.00133520609234, -0.000749060127418], [5.33326783625e-06, 0.000469632446766, 0.00195646844804, 3.9431030018e-05, -0.00119239639025, -0.00102811225224, 0.000708669889718, -0.000627867178991, -0.000691660156008, 0.000590363924857, 0.000377976393793, -0.000408599735238, 0.00122024561279], [-6.49863941362e-05, -0.000835672835819, 3.9431030018e-05, 0.0052017509006, -8.30247518024e-05, -0.000887773523573, 0.000214945423068, -0.000670625886414, -0.00156845175661, 0.000678733049426, -0.00032936927164, 0.000526719726622, -0.000819053559098], [3.3006999729e-05, -0.000532381120138, -0.00119239639025, -8.30247518024e-05, 0.00545383477584, 0.00014978890249, -0.00228822790086, -0.000521130103152, 0.000234760824242, -0.00173730310053, 0.000915490905754, 0.000968508713413, -0.00224294606596], [7.8821040006e-06, -2.92934828394e-06, -0.00102811225224, -0.000887773523573, 0.00014978890249, 0.00749084725976, -0.00297249807045, -0.00035048375139, 0.00074149039574, -0.000941518286709, 0.000751699029934, -0.00101397000253, 0.00195398367941], [-6.0095351273e-07, -0.000450498104328, 0.000708669889718, 0.000214945423068, -0.00228822790086, -0.00297249807045, 0.00913714338094, -0.00199028872885, 0.00158266304061, 0.000312521064188, -0.00166002346668, 0.00133916724008, 0.000778162793722], [-2.57671981672e-05, 0.000245076254942, -0.000627867178991, -0.000670625886414, -0.000521130103152, -0.00035048375139, -0.00199028872885, 0.0106066223234, -0.00134871318005, -0.00166558346245, 0.00253262743354, -0.0010026844684, -0.00184283871204], [6.4271557676e-06, -0.000188803503988, -0.000691660156008, -0.00156845175661, 0.000234760824242, 0.00074149039574, 0.00158266304061, -0.00134871318005, 0.0122264055535, -0.00264829071239, -0.000576078542508, 0.00137660757173, -3.60703670594e-05], [5.9215893998e-05, 0.000993396737613, 0.000590363924857, 0.000678733049426, -0.00173730310053, -0.000941518286709, 0.000312521064188, -0.00166558346245, -0.00264829071239, 0.0172471944243, -0.00470555759966, -8.76692865859e-05, 0.00154769187793], [-3.61509046343e-05, -0.00113179918844, 0.000377976393793, -0.00032936927164, 0.000915490905754, 0.000751699029934, -0.00166002346668, 0.00253262743354, -0.000576078542508, -0.00470555759966, 0.0191899389029, -0.00788488797843, 0.00175920245238], [5.48578063899e-05, 0.00133520609234, -0.000408599735238, 0.000526719726622, 0.000968508713413, -0.00101397000253, 0.00133916724008, -0.0010026844684, 0.00137660757173, -8.76692865859e-05, -0.00788488797843, 0.0196330323815, -0.00534587493166], [1.24877742564e-05, -0.000749060127418, 0.00122024561279, -0.000819053559098, -0.00224294606596, 0.00195398367941, 0.000778162793722, -0.00184283871204, -3.60703670594e-05, 0.00154769187793, 0.00175920245238, -0.00534587493166, 0.0204466767609]], "mean": [9.07169628143, 72.4484176636, -122.079963684, 31.1792030334, -51.8638038635, 10.5094575882, -24.6718902588, 10.3359479904, -22.2289886475, 2.3337996006, -16.4898052216, -0.168643862009, -11.0812206268]}, "hfc": {"dmean": 9.04347324371, "dmean2": 13.5519037247, "dvar": 223.555541992, "dvar2": 502.03012085, "max": 212.461883545, "mean": 24.6779842377, "median": 19.747133255, "min": 1.24349412975e-16, "var": 473.495513916}, "melbands": {"dmean": [0.000893327174708, 0.000985779450275, 0.000351981638232, 0.000270173331955, 0.000182816802408, 0.000211715523619, 0.00016357160348, 0.000138986142701, 0.000125103804749, 0.000125829305034, 0.000116650589916, 0.000101995348814, 6.45502950647e-05, 8.14122322481e-05, 6.26080654911e-05, 3.49264773831e-05, 3.42591993103e-05, 3.79552948289e-05, 3.14726203214e-05, 2.48382239079e-05, 2.32747606788e-05, 1.79500621016e-05, 1.33034218379e-05, 1.2074492588e-05, 1.04031332739e-05, 1.10486471385e-05, 1.29174595713e-05, 9.60874513112e-06, 6.19505226496e-06, 4.0232257561e-06, 2.87257057607e-06, 2.6807094855e-06, 2.1640939849e-06, 1.7817940261e-06, 1.67796986261e-06, 1.22832852867e-06, 1.03241711713e-06, 8.51934942148e-07, 6.69565167755e-07, 6.86766497893e-07], "dmean2": [0.0014577198308, 0.00161201227456, 0.000577776343562, 0.000455839006463, 0.000305487395963, 0.000349362177076, 0.000274935096968, 0.000236623454839, 0.000203268180485, 0.000206011653063, 0.000191222774447, 0.000166829049704, 0.000104800179543, 0.000134103553137, 0.000101011064544, 5.70946067455e-05, 5.63307439734e-05, 6.19903657935e-05, 5.10842037329e-05, 4.04790043831e-05, 3.80689707526e-05, 2.9514221751e-05, 2.22508606385e-05, 2.00033337023e-05, 1.71477640833e-05, 1.78412083187e-05, 2.06585700653e-05, 1.50797213792e-05, 9.81356333796e-06, 6.4819923864e-06, 4.56114548797e-06, 4.25527741754e-06, 3.39308689945e-06, 2.76204923466e-06, 2.60455635726e-06, 1.87303305665e-06, 1.55639975219e-06, 1.31159799821e-06, 1.08016115519e-06, 1.12841632927e-06], "dvar": [4.95472568218e-06, 5.04861009176e-06, 3.2626309121e-07, 3.85238649869e-07, 1.34318796086e-07, 2.0196380035e-07, 1.96989731194e-07, 1.22437867844e-07, 8.60994120444e-08, 9.84695631701e-08, 6.9995437002e-08, 5.85542707654e-08, 3.21522755087e-08, 7.53272715315e-08, 3.32049268081e-08, 9.19623222018e-09, 7.5434769542e-09, 1.42849909679e-08, 8.23328250021e-09, 3.42604145054e-09, 2.17540341296e-09, 9.0605317693e-10, 5.97992877438e-10, 5.07881958711e-10, 3.32075728027e-10, 6.82398693108e-10, 7.4917960724e-10, 5.1027598813e-10, 1.46121587052e-10, 5.99890831454e-11, 3.38248491716e-11, 3.65810437497e-11, 2.18057516488e-11, 1.64819408122e-11, 2.12876487271e-11, 1.33830307947e-11, 9.94262311371e-12, 6.59957028262e-12, 4.59335043959e-12, 5.62478796179e-12], "dvar2": [1.25720380311e-05, 1.32501536427e-05, 8.68875247306e-07, 1.06122229226e-06, 3.57775462589e-07, 5.16915861226e-07, 5.18890374224e-07, 3.39352027368e-07, 2.21816122803e-07, 2.55379291048e-07, 1.80499014846e-07, 1.42963600069e-07, 7.7709913171e-08, 2.01315586423e-07, 8.31113524669e-08, 2.18163727084e-08, 1.8943296709e-08, 3.5698604961e-08, 1.85605859571e-08, 8.63477911395e-09, 5.26422860858e-09, 2.34461960957e-09, 1.58174195963e-09, 1.28432664503e-09, 8.41670066976e-10, 1.64166924499e-09, 1.67284686103e-09, 1.21901000405e-09, 3.40342670713e-10, 1.44547596115e-10, 7.87209464281e-11, 8.24243381881e-11, 5.18563282592e-11, 3.83009110538e-11, 5.03528121976e-11, 2.83914159543e-11, 2.00528638833e-11, 1.44752586653e-11, 1.09785106353e-11, 1.4207245623e-11], "max": [0.0222993511707, 0.0249053947628, 0.00682433322072, 0.00880041345954, 0.00768931256607, 0.00932737719268, 0.0139065431431, 0.00643497612327, 0.00846520159394, 0.00952690467238, 0.00934296008199, 0.00577312335372, 0.00570153445005, 0.00997824408114, 0.00632621347904, 0.00238217413425, 0.00252178870142, 0.00504658417776, 0.00291086942889, 0.00183436856605, 0.000991436070763, 0.000846117502078, 0.000369863555534, 0.000381481193472, 0.000431819964433, 0.00132511160336, 0.000878065417055, 0.000698588206433, 0.00031183968531, 0.000164259312442, 0.000106335864984, 0.000197338682483, 8.27504263725e-05, 8.18168773549e-05, 0.000114876420412, 0.000109251937829, 0.000113167283416, 7.20070383977e-05, 4.86933313368e-05, 5.09678720846e-05], "mean": [0.00106790277641, 0.00139340991154, 0.000612161646131, 0.000341653823853, 0.000274254765827, 0.000296702928608, 0.000224784511374, 0.000182778137969, 0.000188997073565, 0.000189987345948, 0.000179566690349, 0.000156442707521, 9.75464936346e-05, 0.000123760313727, 0.000105601415271, 5.21138535987e-05, 4.88493715238e-05, 5.54145881324e-05, 4.51771411463e-05, 3.8688438508e-05, 3.96256327804e-05, 3.19941427733e-05, 2.19913126784e-05, 1.91614162759e-05, 1.8960035959e-05, 1.93786636373e-05, 2.322853652e-05, 1.7631566152e-05, 1.20277172755e-05, 7.52151663619e-06, 5.39269967703e-06, 4.81119059259e-06, 3.91548655898e-06, 3.36445623361e-06, 3.01355885313e-06, 2.27383361562e-06, 1.76363357696e-06, 1.30689829803e-06, 9.38241782933e-07, 8.67620713052e-07], "median": [0.000489194004331, 0.00075856683543, 0.000465586956125, 0.00019209497259, 0.00013170632883, 0.000123674355564, 9.82154742815e-05, 7.95387022663e-05, 8.52616358316e-05, 0.000101256984635, 8.7333501142e-05, 6.90181477694e-05, 4.16668553953e-05, 4.86540811835e-05, 3.40892765962e-05, 2.17395754589e-05, 1.88580979739e-05, 2.29264860536e-05, 1.82376334124e-05, 1.83291267604e-05, 2.13333241845e-05, 1.86511260836e-05, 1.2393003999e-05, 1.10759647214e-05, 1.28852552734e-05, 1.11499002742e-05, 1.27768753373e-05, 1.02790281744e-05, 7.2301036198e-06, 4.63864944322e-06, 2.76593686976e-06, 1.89721413335e-06, 1.68049575677e-06, 1.55852990247e-06, 1.36500534609e-06, 1.02497926946e-06, 7.27591213945e-07, 4.52100096027e-07, 3.08303441443e-07, 2.6744578463e-07], "min": [3.6729829175e-24, 8.35616375529e-24, 4.57852778909e-24, 3.57605676137e-24, 5.92940751864e-24, 1.0152714792e-23, 9.49393705003e-24, 9.99036327338e-24, 5.97344055108e-24, 1.10917527255e-23, 1.78739946133e-23, 1.68968057887e-23, 1.1785649766e-23, 1.12996436064e-23, 7.11383799162e-24, 1.29567918771e-23, 6.27664476202e-24, 7.05951545196e-24, 7.68188884086e-24, 1.23293192913e-23, 5.24752088533e-24, 5.45929572293e-24, 1.20932676538e-23, 9.18939019782e-24, 1.08547528771e-23, 2.33667573657e-23, 1.2126120555e-23, 1.38553020815e-23, 2.32340315184e-23, 1.51705793351e-23, 7.01458982341e-24, 1.01966772214e-23, 9.84146183322e-24, 1.24480239249e-23, 9.37083451691e-24, 6.23397724781e-24, 8.44806762847e-24, 8.59867774136e-24, 1.03742395559e-23, 1.42071813769e-23], "var": [4.25883990829e-06, 4.67499648948e-06, 4.0203715912e-07, 3.26623904812e-07, 1.88273318713e-07, 2.65883016937e-07, 2.53824083529e-07, 1.22777066736e-07, 1.20569879414e-07, 1.17697254609e-07, 1.05613160883e-07, 1.01723998114e-07, 4.49020589599e-08, 1.03466774704e-07, 8.99610554939e-08, 1.23320305079e-08, 1.0721235455e-08, 2.32698340596e-08, 1.25289085773e-08, 4.89965756856e-09, 3.86350018644e-09, 1.79097536801e-09, 9.19448683856e-10, 7.09253933362e-10, 5.03931840701e-10, 1.0433913733e-09, 1.33011901493e-09, 8.13848655135e-10, 2.6771276862e-10, 9.73542288452e-11, 6.40022271292e-11, 6.84241760474e-11, 3.85949536219e-11, 2.98063518311e-11, 3.24492689663e-11, 2.53126825056e-11, 1.78583745014e-11, 1.04099706286e-11, 6.02715837308e-12, 5.91157201316e-12]}, "melbands_crest": {"dmean": 3.1081738472, "dmean2": 5.05423402786, "dvar": 8.50779056549, "dvar2": 20.7015552521, "max": 31.0774555206, "mean": 11.5075473785, "median": 10.5900774002, "min": 2.27181434631, "var": 21.4369335175}, "melbands_flatness_db": {"dmean": 0.022572113201, "dmean2": 0.0346956513822, "dvar": 0.000592158874497, "dvar2": 0.00137840153184, "max": 0.450546592474, "mean": 0.146663933992, "median": 0.135070294142, "min": 0.00666562048718, "var": 0.00309127080254}, "melbands_kurtosis": {"dmean": 4.45109033585, "dmean2": 7.09241390228, "dvar": 90.7725830078, "dvar2": 220.602249146, "max": 252.709259033, "mean": 7.4049577713, "median": 3.61179304123, "min": -1.83068919182, "var": 191.246444702}, "melbands_skewness": {"dmean": 0.615902006626, "dmean2": 0.949849963188, "dvar": 0.528115928173, "dvar2": 1.19603419304, "max": 13.0456399918, "mean": 2.03950095177, "median": 1.78633189201, "min": -2.60415887833, "var": 1.8047798872}, "melbands_spread": {"dmean": 8.92235946655, "dmean2": 13.7898082733, "dvar": 98.3818283081, "dvar2": 206.577011108, "max": 203.169418335, "mean": 34.9609107971, "median": 33.2761306763, "min": 0.769341289997, "var": 329.467803955}, "mfcc": {"cov": [[10922.4697266, 195.622024536, -241.359893799, 184.646896362, -195.456451416, -40.8074455261, -141.590499878, 17.3637809753, -111.730583191, 50.0520515442, -66.2897872925, -2.97033047676, 5.23424959183], [195.622024536, 793.892089844, -159.656341553, 151.192062378, 34.1376075745, 46.1601219177, 93.0995254517, 24.9912147522, 42.8882637024, 18.4698905945, -12.9438924789, 18.3824367523, -5.21394062042], [-241.359893799, -159.656341553, 533.527709961, -46.2372131348, 112.124557495, 46.4062232971, -8.58338832855, 51.2452278137, 16.4581489563, 22.8461151123, 60.7690849304, -19.0419235229, -13.774813652], [184.646896362, 151.192062378, -46.2372131348, 225.401046753, 49.7596435547, 2.70782518387, 17.6352901459, 12.6239309311, 39.5911178589, 20.1762466431, -13.7990884781, 14.1461849213, 12.1921405792], [-195.456451416, 34.1376075745, 112.124557495, 49.7596435547, 194.464691162, 26.6295948029, 19.0640277863, 20.1145553589, 55.6501731873, 23.6006622314, 11.2048892975, 6.49458456039, 10.5728216171], [-40.8074455261, 46.1601219177, 46.4062232971, 2.70782518387, 26.6295948029, 152.405303955, 66.7713394165, 29.4806747437, 14.9937515259, 16.2038936615, 35.7307472229, -0.620588481426, -14.7968606949], [-141.590499878, 93.0995254517, -8.58338832855, 17.6352901459, 19.0640277863, 66.7713394165, 187.607055664, 53.0174369812, 46.153011322, 13.0218372345, 22.3728580475, 11.3206644058, -3.5970826149], [17.3637809753, 24.9912147522, 51.2452278137, 12.6239309311, 20.1145553589, 29.4806747437, 53.0174369812, 97.0844116211, 34.5716094971, 15.2773790359, 9.56851673126, 0.304279178381, 6.31980466843], [-111.730583191, 42.8882637024, 16.4581489563, 39.5911178589, 55.6501731873, 14.9937515259, 46.153011322, 34.5716094971, 111.971565247, 37.4256896973, 4.6079158783, -0.513430476189, -6.17613220215], [50.0520515442, 18.4698905945, 22.8461151123, 20.1762466431, 23.6006622314, 16.2038936615, 13.0218372345, 15.2773790359, 37.4256896973, 78.8244018555, 25.7489833832, -3.98884415627, -6.97698068619], [-66.2897872925, -12.9438924789, 60.7690849304, -13.7990884781, 11.2048892975, 35.7307472229, 22.3728580475, 9.56851673126, 4.6079158783, 25.7489833832, 79.3827133179, 10.0346822739, -11.3815870285], [-2.97033047676, 18.3824367523, -19.0419235229, 14.1461849213, 6.49458456039, -0.620588481426, 11.3206644058, 0.304279178381, -0.513430476189, -3.98884415627, 10.0346822739, 63.6850585938, 26.7528743744], [5.23424959183, -5.21394062042, -13.774813652, 12.1921405792, 10.5728216171, -14.7968606949, -3.5970826149, 6.31980466843, -6.17613220215, -6.97698068619, -11.3815870285, 26.7528743744, 72.6162490845]], "icov": [[9.93227949948e-05, -1.43681800182e-05, 1.90915634448e-05, -9.51127149165e-05, 9.5251838502e-05, -2.23829702009e-05, 9.00188315427e-05, -0.000107967847725, 0.000134642134071, -0.000147688115248, 7.99133849796e-05, -2.0748910174e-05, 2.4257136829e-05], [-1.43681800182e-05, 0.00163543096278, 0.000483587558847, -0.000871582538821, -0.000290506839519, -0.000311965792207, -0.0005514913355, -0.000177265392267, 0.000116719369544, -0.00011264069326, 0.000214080588194, -0.000234817605815, 0.000442538992502], [1.90915634448e-05, 0.000483587558847, 0.00284136855043, 0.000400074757636, -0.00176043156534, -0.000290524796583, 0.000648533401545, -0.00162408524193, 0.000460772222141, 0.000171254767338, -0.00175666273572, 0.000836239021737, 0.000347977882484], [-9.51127149165e-05, -0.000871582538821, 0.000400074757636, 0.00586221786216, -0.00127689214423, 9.16807475733e-05, 0.000226353455218, -0.000158692826517, -0.00108791782986, -0.00088294793386, 0.000984368962236, -0.000881063751876, -0.000432950939285], [9.5251838502e-05, -0.000290506839519, -0.00176043156534, -0.00127689214423, 0.00764913763851, -0.000867298047524, 0.000279101077467, 0.00092203594977, -0.00318472506478, -0.000265374896117, 0.00037793937372, -0.000434611167293, -0.0015811388148], [-2.23829702009e-05, -0.000311965792207, -0.000290524796583, 9.16807475733e-05, -0.000867298047524, 0.00891170371324, -0.00258887931705, -0.00101537350565, 0.000989759224467, -0.000239485976635, -0.00273395143449, 0.000519857974723, 0.00125217216555], [9.00188315427e-05, -0.0005514913355, 0.000648533401545, 0.000226353455218, 0.000279101077467, -0.00258887931705, 0.0082093924284, -0.00321286870167, -0.00234808330424, 0.00105357030407, -0.00131350476295, -0.00103487691376, 0.000233946164371], [-0.000107967847725, -0.000177265392267, -0.00162408524193, -0.000158692826517, 0.00092203594977, -0.00101537350565, -0.00321286870167, 0.0144619513303, -0.00319072091952, -0.000531856028829, 0.000437511422206, 0.000984051730484, -0.00266174599528], [0.000134642134071, 0.000116719369544, 0.000460772222141, -0.00108791782986, -0.00318472506478, 0.000989759224467, -0.00234808330424, -0.00319072091952, 0.0146683286875, -0.00564588746056, 0.00199006358162, -0.000375377072487, 0.00225080526434], [-0.000147688115248, -0.00011264069326, 0.000171254767338, -0.00088294793386, -0.000265374896117, -0.000239485976635, 0.00105357030407, -0.000531856028829, -0.00564588746056, 0.0178758986294, -0.00632733944803, 0.00232689641416, -0.000340053142281], [7.99133849796e-05, 0.000214080588194, -0.00175666273572, 0.000984368962236, 0.00037793937372, -0.00273395143449, -0.00131350476295, 0.000437511422206, 0.00199006358162, -0.00632733944803, 0.0187923777848, -0.00535268522799, 0.00327462609857], [-2.0748910174e-05, -0.000234817605815, 0.000836239021737, -0.000881063751876, -0.000434611167293, 0.000519857974723, -0.00103487691376, 0.000984051730484, -0.000375377072487, 0.00232689641416, -0.00535268522799, 0.0207819156349, -0.0079801781103], [2.4257136829e-05, 0.000442538992502, 0.000347977882484, -0.000432950939285, -0.0015811388148, 0.00125217216555, 0.000233946164371, -0.00266174599528, 0.00225080526434, -0.000340053142281, 0.00327462609857, -0.0079801781103, 0.0182803813368]], "mean": [-631.048156738, 105.509017944, -10.9276866913, 24.4851112366, -3.74318504333, 5.1365442276, 4.8667845726, 6.50487279892, 2.53985071182, 6.20671463013, -4.27620077133, 0.811830699444, 1.2364808321]}, "pitch_salience": {"dmean": 0.0717746242881, "dmean2": 0.115962445736, "dvar": 0.00472849840298, "dvar2": 0.0119231762365, "max": 0.861989796162, "mean": 0.607435703278, "median": 0.619497835636, "min": 0.140701830387, "var": 0.0108086718246}, "silence_rate_20dB": {"dmean": 0, "dmean2": 0, "dvar": 0, "dvar2": 0, "max": 1, "mean": 1, "median": 1, "min": 1, "var": 0}, "silence_rate_30dB": {"dmean": 0, "dmean2": 0, "dvar": 0, "dvar2": 0, "max": 1, "mean": 1, "median": 1, "min": 1, "var": 0}, "silence_rate_60dB": {"dmean": 0.0164885502309, "dmean2": 0.0329804569483, "dvar": 0.0162192005664, "dvar2": 0.0363768488169, "max": 1, "mean": 0.088744148612, "median": 0, "min": 0, "var": 0.080866612494}, "spectral_centroid": {"dmean": 259.395355225, "dmean2": 398.297332764, "dvar": 67773.6796875, "dvar2": 137007.109375, "max": 11062.9804688, "mean": 1883.87768555, "median": 1904.17358398, "min": 198.961715698, "var": 332313.3125}, "spectral_complexity": {"dmean": 4.71409654617, "dmean2": 7.00936460495, "dvar": 26.1853561401, "dvar2": 52.0351524353, "max": 61, "mean": 25.8434772491, "median": 26, "min": 0, "var": 164.155349731}, "spectral_contrast_coeffs": {"dmean": [0.0480325073004, 0.047140955925, 0.038632646203, 0.0296716615558, 0.0200168155134, 0.0198416542262], "dmean2": [0.0799290239811, 0.078500777483, 0.063493989408, 0.0483721420169, 0.0321049205959, 0.0308343693614], "dvar": [0.00165697792545, 0.00142959132791, 0.000977518269792, 0.000628179463092, 0.000282241613604, 0.000385134335374], "dvar2": [0.00446888664737, 0.00383479427546, 0.00260596466251, 0.00157356995624, 0.000687727704644, 0.000847456685733], "max": [-0.33969566226, -0.448246747255, -0.446102827787, -0.513981819153, -0.60937076807, -0.555760204792], "mean": [-0.684474647045, -0.770465731621, -0.786165833473, -0.797374427319, -0.800398409367, -0.744892418385], "median": [-0.689069509506, -0.776935577393, -0.792258620262, -0.804021835327, -0.80210006237, -0.745252847672], "min": [-0.961495995522, -0.963645458221, -0.954401731491, -0.957731962204, -0.959378957748, -0.961330354214], "var": [0.00509732263163, 0.00429119728506, 0.00322525831871, 0.0026364508085, 0.00156052701641, 0.00204451661557]}, "spectral_contrast_valleys": {"dmean": [0.407463252544, 0.364696085453, 0.32125723362, 0.299138575792, 0.235263243318, 0.252878278494], "dmean2": [0.631493866444, 0.598443984985, 0.513137042522, 0.468070149422, 0.354078948498, 0.34112071991], "dvar": [0.150817111135, 0.12409132719, 0.109585024416, 0.114575110376, 0.0942727476358, 0.12830491364], "dvar2": [0.304004967213, 0.271365910769, 0.222375944257, 0.224434316158, 0.179916590452, 0.228181317449], "max": [-5.3456697464, -4.62446594238, -5.14432811737, -5.44548892975, -5.40171480179, -7.35255479813], "mean": [-7.35848617554, -6.67567253113, -6.96872282028, -7.38069677353, -7.10617780685, -10.0302991867], "median": [-7.0348405838, -6.45211029053, -6.73923206329, -7.1781539917, -6.83131599426, -9.74505996704], "min": [-27.0595207214, -27.49102211, -27.2106781006, -27.4068069458, -27.3330039978, -27.1362628937], "var": [1.56010770798, 1.29242312908, 1.24035811424, 1.23106515408, 1.28550779819, 1.45948135853]}, "spectral_decrease": {"dmean": 2.18135198793e-09, "dmean2": 3.33317506929e-09, "dvar": 1.12391345933e-17, "dvar2": 2.61287843203e-17, "max": 1.4794939666e-29, "mean": -5.38570832376e-09, "median": -4.55387283438e-09, "min": -3.12765777721e-08, "var": 1.76810087544e-17}, "spectral_energy": {"dmean": 0.00882880203426, "dmean2": 0.0134165165946, "dvar": 0.000179819471668, "dvar2": 0.000413581787143, "max": 0.123177044094, "mean": 0.0225652605295, "median": 0.0191697478294, "min": 1.12230193379e-20, "var": 0.000297545047943}, "spectral_energyband_high": {"dmean": 0.000583656830713, "dmean2": 0.000863850815222, "dvar": 1.31188960495e-06, "dvar2": 2.83615872831e-06, "max": 0.0217486862093, "mean": 0.00130504579283, "median": 0.000820036279038, "min": 8.26498107768e-21, "var": 2.74021908808e-06}, "spectral_energyband_low": {"dmean": 0.00471162656322, "dmean2": 0.0074834311381, "dvar": 0.000108927270048, "dvar2": 0.000269724812824, "max": 0.0990323647857, "mean": 0.00714427093044, "median": 0.00419783219695, "min": 4.01857136271e-23, "var": 0.000110271554149}, "spectral_energyband_middle_high": {"dmean": 0.00280448398553, "dmean2": 0.00443737627938, "dvar": 2.22433645831e-05, "dvar2": 5.22956324858e-05, "max": 0.0864755064249, "mean": 0.0071127586998, "median": 0.0050114011392, "min": 1.65683852603e-21, "var": 5.09312667418e-05}, "spectral_energyband_middle_low": {"dmean": 0.00365215633065, "dmean2": 0.00591649534181, "dvar": 3.84925551771e-05, "dvar2": 9.99505646178e-05, "max": 0.0708401277661, "mean": 0.00776843167841, "median": 0.00600968580693, "min": 2.74231501912e-22, "var": 5.5720727687e-05}, "spectral_entropy": {"dmean": 0.105389982462, "dmean2": 0.155312165618, "dvar": 0.0133945513517, "dvar2": 0.0269108843058, "max": 9.78729534149, "mean": 7.87918710709, "median": 7.91022062302, "min": 5.52745866776, "var": 0.0710953325033}, "spectral_flux": {"dmean": 0.023765956983, "dmean2": 0.035143751651, "dvar": 0.000938426004723, "dvar2": 0.00187258666847, "max": 0.298226892948, "mean": 0.0828766599298, "median": 0.0738830342889, "min": 1.05938750827e-10, "var": 0.00241468357854}, "spectral_kurtosis": {"dmean": 1.02449429035, "dmean2": 1.72561657429, "dvar": 1.60290813446, "dvar2": 4.49479532242, "max": 36.6422538757, "mean": 3.6306078434, "median": 3.32682919502, "min": -1.15906953812, "var": 2.99688792229}, "spectral_rms": {"dmean": 0.000803694943897, "dmean2": 0.00117475667503, "dvar": 1.05243168491e-06, "dvar2": 2.23102097152e-06, "max": 0.0109623325989, "mean": 0.0043127797544, "median": 0.00432460289448, "min": 3.30897071896e-12, "var": 3.41492568623e-06}, "spectral_rolloff": {"dmean": 615.029907227, "dmean2": 987.157653809, "dvar": 705231.3125, "dvar2": 1501269.625, "max": 18647.7539063, "mean": 2141.64868164, "median": 1981.0546875, "min": 86.1328125, "var": 1975635.125}, "spectral_skewness": {"dmean": 0.166420802474, "dmean2": 0.264805048704, "dvar": 0.0309488568455, "dvar2": 0.0750890523195, "max": 4.52575778961, "mean": 1.2971123457, "median": 1.26969504356, "min": 0.0254823602736, "var": 0.111091770232}, "spectral_spread": {"dmean": 471328.21875, "dmean2": 671358.0625, "dvar": 512511606784, "dvar2": 908622168064, "max": 40085692, "mean": 4501187.5, "median": 4301499, "min": 1797862.5, "var": 1702936576000.0}, "spectral_strongpeak": {"dmean": 0.58317