{"lowlevel": {"average_loudness": 0.786912739277, "barkbands": {"dmean": [4.26153565058e-05, 0.00215543340892, 0.00173093460035, 0.00134614424314, 0.00125603750348, 0.00111818069126, 0.00153183878865, 0.000561618828215, 0.000793578161392, 0.000293450546451, 0.000328673660988, 0.000397736090235, 0.00040996397729, 0.000386452506064, 0.000389362277929, 0.000231494035688, 0.000230318459217, 0.000111926237878, 0.000101111501863, 8.16429965198e-05, 5.97573816776e-05, 6.65767656756e-05, 5.12174992764e-05, 3.46076412825e-05, 4.29273313785e-05, 6.89312946633e-05, 5.42369998584e-05], "dmean2": [6.62633901811e-05, 0.00358720123768, 0.00310993962921, 0.0023087169975, 0.00201543979347, 0.00184252136387, 0.00243963859975, 0.000856049067806, 0.00118905480485, 0.000457951362478, 0.000499707297422, 0.000615621043835, 0.000652997405268, 0.000597099133302, 0.000598029233515, 0.000363388768164, 0.000357549230102, 0.000178918940946, 0.00015338420053, 0.000124431215227, 8.69977884577e-05, 9.27375149331e-05, 7.22681361367e-05, 4.8452471674e-05, 5.88531584071e-05, 9.85431252047e-05, 7.84539734013e-05], "dvar": [1.25383596838e-08, 3.65512860299e-05, 2.65275702986e-05, 1.12508751045e-05, 5.4954357438e-06, 5.22657956026e-06, 1.6207299268e-05, 5.29810131411e-06, 7.82716870162e-06, 6.01632393682e-07, 1.65967981047e-06, 2.00831391339e-06, 3.10176460516e-06, 3.96756149712e-06, 2.35893867284e-06, 5.66147832615e-07, 4.22316304594e-07, 8.9040419482e-08, 4.42197070072e-08, 3.46836337428e-08, 1.80745232115e-08, 2.54232794816e-08, 2.71598459278e-08, 1.30703030621e-08, 1.01437551692e-08, 4.23280219763e-08, 2.38116584228e-08], "dvar2": [2.7600785657e-08, 9.56396470428e-05, 7.41067779018e-05, 2.91160395136e-05, 1.40925658343e-05, 1.39669982673e-05, 3.95470015064e-05, 1.20193335533e-05, 1.58197399287e-05, 1.34161507503e-06, 3.51709968527e-06, 4.38673896497e-06, 6.96417646395e-06, 8.28020711197e-06, 4.95285485158e-06, 1.43319391555e-06, 9.40386257753e-07, 2.20207070356e-07, 1.03004197172e-07, 7.80711673087e-08, 3.82777685104e-08, 4.93408016666e-08, 5.50173488989e-08, 2.83808319068e-08, 2.01209271466e-08, 9.09255675197e-08, 5.19774872032e-08], "max": [0.00104947481304, 0.0525791347027, 0.0449874810874, 0.05852490291, 0.0438481941819, 0.0418074913323, 0.0671120136976, 0.0727300941944, 0.0946877598763, 0.0200113281608, 0.0419593192637, 0.0381668321788, 0.0692400634289, 0.121799185872, 0.0457159355283, 0.0304743498564, 0.0185747426003, 0.00939611438662, 0.00331677007489, 0.00551853561774, 0.00306118954904, 0.00439433706924, 0.00825291592628, 0.00471604475752, 0.00267512048595, 0.00563785852864, 0.00369105651043], "mean": [3.91740759369e-05, 0.0019341937732, 0.00143237155862, 0.00128709268756, 0.00230658566579, 0.00172928103711, 0.00220163003542, 0.000792173668742, 0.00127455126494, 0.000452587439213, 0.000488012330607, 0.000554803526029, 0.000614595308434, 0.000557303836104, 0.00058140134206, 0.000390331144445, 0.000411142973462, 0.000175756344106, 0.000174205284566, 0.000138854200486, 0.000101175784948, 0.000114476453746, 8.10325727798e-05, 5.16354411957e-05, 6.21832950856e-05, 7.88039615145e-05, 5.77771570534e-05], "median": [1.28108911213e-06, 0.000340176338796, 0.000227676297072, 0.000425823032856, 0.00125743658282, 0.00070694781607, 0.000315397803206, 0.000125048798509, 0.000258942367509, 0.000140997697599, 0.000103847720311, 8.19688648335e-05, 9.57204902079e-05, 0.000100629091321, 8.80164297996e-05, 0.000109278735181, 0.00013655150542, 6.03741427767e-05, 6.34187963442e-05, 4.9396428949e-05, 3.48141256836e-05, 3.4559663618e-05, 2.37693238887e-05, 1.42446042446e-05, 1.26227605506e-05, 6.17974592387e-06, 2.48667356573e-06], "min": [1.46908982622e-23, 4.21597402237e-23, 4.35463289254e-24, 4.85623167685e-24, 6.31217150732e-23, 1.51467794016e-23, 4.25884608821e-23, 4.78494058135e-23, 3.19819262443e-23, 5.43150296995e-23, 5.33323488253e-23, 1.01900444789e-22, 2.29087327334e-22, 1.71434898513e-22, 1.61263237649e-22, 2.54397746463e-22, 1.39108236898e-22, 3.04546404136e-22, 2.60455289447e-22, 3.22365446698e-22, 3.84583146107e-22, 6.91324426338e-22, 5.20269796647e-22, 9.39117374918e-22, 1.33811307287e-21, 1.93287330086e-21, 2.48097759385e-21], "var": [1.31150832416e-08, 2.898997991e-05, 1.72094587469e-05, 9.26484972297e-06, 9.77490799414e-06, 8.26904124551e-06, 3.05269240926e-05, 1.09009715743e-05, 2.02446117328e-05, 1.21533742004e-06, 3.36228799824e-06, 3.5387445223e-06, 5.76696675125e-06, 5.86087844567e-06, 4.75486240248e-06, 9.40497784541e-07, 8.91289971605e-07, 1.39162224855e-07, 8.3782296656e-08, 6.58395862274e-08, 3.38142100986e-08, 5.40906235358e-08, 4.33091784657e-08, 1.85789268414e-08, 1.93174436447e-08, 5.40295843621e-08, 2.80837610944e-08]}, "barkbands_crest": {"dmean": 2.48398590088, "dmean2": 3.99946188927, "dvar": 5.32218742371, "dvar2": 13.0392351151, "max": 26.5991573334, "mean": 9.28699684143, "median": 8.33458518982, "min": 2.24962687492, "var": 18.1500644684}, "barkbands_flatness_db": {"dmean": 0.0237880777568, "dmean2": 0.0350737124681, "dvar": 0.000513864157256, "dvar2": 0.00114515773021, "max": 0.360637307167, "mean": 0.118133597076, "median": 0.111635312438, "min": 0.0170183852315, "var": 0.00244764145464}, "barkbands_kurtosis": {"dmean": 3.64168906212, "dmean2": 5.82758808136, "dvar": 94.6883926392, "dvar2": 253.286727905, "max": 364.432525635, "mean": 6.07920026779, "median": 1.5506875515, "min": -1.89613306522, "var": 573.03137207}, "barkbands_skewness": {"dmean": 0.638437330723, "dmean2": 0.96709382534, "dvar": 0.525922954082, "dvar2": 1.27091395855, "max": 8.91431522369, "mean": 1.17301559448, "median": 1.27835059166, "min": -17.1030960083, "var": 4.02461147308}, "barkbands_spread": {"dmean": 7.73223543167, "dmean2": 11.4331197739, "dvar": 94.4668960571, "dvar2": 193.280532837, "max": 129.325378418, "mean": 23.8524227142, "median": 20.7803974152, "min": 0.620428800583, "var": 248.07661438}, "dissonance": {"dmean": 0.0175630990416, "dmean2": 0.0290166512132, "dvar": 0.00033090589568, "dvar2": 0.000847541785333, "max": 0.500000119209, "mean": 0.464601635933, "median": 0.471861183643, "min": 0.238725453615, "var": 0.000812283484265}, "dynamic_complexity": 4.90466547012, "erbbands": {"dmean": [0.0401906482875, 0.586931049824, 1.98215138912, 3.21695280075, 4.79005002975, 3.83205533028, 6.48009300232, 10.4586362839, 21.0831203461, 15.5051841736, 13.2292604446, 18.6230010986, 9.25070571899, 11.8544340134, 13.9982271194, 14.3871736526, 16.9667663574, 20.0801143646, 16.7062225342, 19.1230640411, 11.8238935471, 11.7656135559, 6.5112247467, 5.21305322647, 4.77790260315, 3.78481936455, 2.6122136116, 2.26648616791, 2.31959199905, 2.09259986877, 1.38342750072, 0.886919617653, 0.52523869276, 0.413653880358, 0.360044062138, 0.201169654727, 0.146129161119, 0.0539209656417, 0.0092153660953, 0.000521573878359], "dmean2": [0.0613577328622, 1.02862417698, 3.58205771446, 5.58623313904, 7.94397354126, 6.13499259949, 10.4640188217, 17.1617603302, 33.9591560364, 24.0647335052, 19.3965606689, 28.293794632, 13.9439134598, 18.2594871521, 20.8912143707, 22.2429943085, 26.7536354065, 30.7087154388, 25.9878845215, 28.9513645172, 18.3476467133, 17.9645595551, 10.1549291611, 7.97386074066, 7.23064613342, 5.72734260559, 3.84947872162, 3.26902866364, 3.23595094681, 2.94873166084, 1.94439053535, 1.26612114906, 0.72947704792, 0.570633947849, 0.504175364971, 0.277413487434, 0.212860286236, 0.0787341147661, 0.0133691253141, 0.000750578765292], "dvar": [0.0106242205948, 2.96013855934, 35.3774452209, 66.4130783081, 117.094070435, 50.8182640076, 163.8465271, 542.215209961, 3260.11108398, 2257.98413086, 2732.28149414, 4264.37695312, 756.618469238, 1083.92834473, 3265.35742188, 2604.60522461, 3260.99560547, 14734.4736328, 3706.12133789, 4917.70947266, 985.09161377, 1047.66918945, 306.425262451, 122.9895401, 106.00340271, 69.128036499, 35.2203712463, 27.0380382538, 32.1887741089, 29.3328914642, 19.3731994629, 9.17964172363, 2.56088352203, 1.02011442184, 0.867754817009, 0.30204680562, 0.201928764582, 0.0266275126487, 0.000710697378963, 2.06531899494e-06], "dvar2": [0.0213435795158, 8.14991664886, 99.0398406982, 177.9506073, 296.206268311, 131.135147095, 422.376831055, 1443.50524902, 8330.453125, 5358.03808594, 5924.18798828, 8930.50390625, 1567.81140137, 2507.60888672, 7055.38769531, 5997.43017578, 7490.19287109, 31135.8886719, 8473.81152344, 10451.9746094, 2439.38623047, 2348.06176758, 736.486694336, 289.801086426, 244.367721558, 154.92036438, 75.6577072144, 55.3355178833, 64.979927063, 55.795135498, 40.0230102539, 19.6168479919, 5.57404184341, 2.111754179, 1.85396838188, 0.609889626503, 0.441320329905, 0.0591855831444, 0.00156707817223, 4.53336633655e-06], "max": [1.02351713181, 13.3649187088, 43.0262908936, 92.7661895752, 266.934173584, 131.32699585, 285.147369385, 485.530517578, 797.11114502, 1262.04870605, 2031.17163086, 2289.03930664, 897.341674805, 999.859741211, 1833.80224609, 1663.26782227, 2000.98364258, 7287.62255859, 1768.15551758, 2312.63867188, 895.865112305, 983.252929688, 673.144897461, 174.009521484, 184.99432373, 287.194091797, 159.947753906, 101.809013367, 152.708557129, 248.240509033, 203.239700317, 120.136367798, 77.261505127, 23.3803138733, 25.2560977936, 16.2418899536, 12.8583955765, 4.00044107437, 0.692268311977, 0.0368336178362], "mean": [0.0427036434412, 0.481655865908, 1.58276903629, 3.12249279022, 5.97155237198, 7.21928548813, 11.9168014526, 15.4539346695, 29.2044849396, 23.8348770142, 21.0122337341, 29.1266708374, 15.7865915298, 19.5060214996, 21.8970718384, 21.5446834564, 27.2552280426, 30.9828510284, 25.0593776703, 31.2146987915, 22.9607315063, 22.0726852417, 11.1972198486, 8.92911720276, 8.4075756073, 6.57093334198, 4.39437627792, 3.80745601654, 3.98648238182, 3.41799592972, 2.17585897446, 1.32949519157, 0.774515211582, 0.610656380653, 0.493559330702, 0.253822028637, 0.160323247313, 0.0578308701515, 0.00978825800121, 0.000564938876778], "median": [0.00476739555597, 0.0938376784325, 0.314603537321, 1.01790618896, 2.59469509125, 3.69259285927, 4.69603252411, 6.27993392944, 5.02607965469, 4.72298526764, 3.67319083214, 5.66872167587, 5.67132425308, 5.39397621155, 4.99845790863, 3.89021396637, 5.0006685257, 4.89822816849, 5.21756362915, 5.68517589569, 6.9868645668, 7.81915283203, 3.93986701965, 3.19686031342, 3.17108869553, 2.46230220795, 1.61681604385, 1.22101807594, 1.19919764996, 1.08844780922, 0.60792517662, 0.322730869055, 0.238281130791, 0.153732597828, 0.0749959796667, 0.0290617570281, 0.010791208595, 0.00289910612628, 0.000426451559179, 4.80467278976e-05], "min": [1.62648366327e-21, 7.52356229255e-21, 8.75701379387e-21, 1.058560559e-20, 8.70266059592e-20, 2.97709100848e-19, 1.13428640761e-19, 1.46629525049e-19, 6.2239054522e-19, 5.34014413478e-19, 1.24261863352e-18, 6.32717326481e-19, 1.75161491768e-18, 1.33853860075e-18, 2.75939221901e-18, 4.23682902366e-18, 8.61508194384e-18, 1.13294139126e-17, 7.2636830627e-18, 8.99172126497e-18, 1.48355620411e-17, 8.99858355533e-18, 1.47595639952e-17, 1.49241133801e-17, 1.36459911207e-17, 1.56599931053e-17, 1.43001280306e-17, 1.99479948304e-17, 1.95472738001e-17, 1.93157624902e-17, 1.43566046141e-17, 1.46972888756e-17, 1.87001812958e-17, 1.01977572155e-17, 1.24206711085e-17, 7.61271109499e-18, 3.38160574757e-18, 1.34993063555e-18, 3.87600368978e-19, 3.80228076532e-20], "var": [0.0123833362013, 2.0296690464, 22.4510784149, 50.4628067017, 119.35760498, 108.083778381, 382.051208496, 740.581176758, 4888.36572266, 4987.95849609, 7223.73388672, 10215.2988281, 1819.97119141, 2603.48730469, 6158.17382812, 4310.96533203, 6932.29736328, 24142.7246094, 5729.00732422, 12321.5878906, 2566.08935547, 2209.56445312, 531.424743652, 222.416885376, 212.434173584, 135.657226562, 63.3853607178, 52.4902076721, 67.6138076782, 53.9844436646, 31.8533592224, 13.7557163239, 3.57205533981, 1.81502759457, 1.43628096581, 0.463522672653, 0.242953792214, 0.030675791204, 0.000827561947517, 2.42778355641e-06]}, "erbbands_crest": {"dmean": 2.6385948658, "dmean2": 4.1702170372, "dvar": 6.54631328583, "dvar2": 15.6551780701, "max": 32.5284500122, "mean": 9.07410144806, "median": 7.90142583847, "min": 2.28791284561, "var": 21.2814674377}, "erbbands_flatness_db": {"dmean": 0.0238337516785, "dmean2": 0.0311927311122, "dvar": 0.000543171714526, "dvar2": 0.000910983653739, "max": 0.41612803936, "mean": 0.14674782753, "median": 0.143305569887, "min": 0.0286900363863, "var": 0.00265661301091}, "erbbands_kurtosis": {"dmean": 1.10929083824, "dmean2": 1.71073555946, "dvar": 2.8813662529, "dvar2": 6.45091295242, "max": 50.0314674377, "mean": 0.775292694569, "median": -0.0361142158508, "min": -1.82578003407, "var": 6.7205915451}, "erbbands_skewness": {"dmean": 0.387578010559, "dmean2": 0.571839749813, "dvar": 0.139083117247, "dvar2": 0.300357699394, "max": 4.60971975327, "mean": 0.339142501354, "median": 0.284844219685, "min": -3.56979203224, "var": 0.729062020779}, "erbbands_spread": {"dmean": 9.04446601868, "dmean2": 13.0759925842, "dvar": 99.2192840576, "dvar2": 201.181610107, "max": 133.554397583, "mean": 37.2897377014, "median": 35.0613708496, "min": 1.40365242958, "var": 347.37588501}, "gfcc": {"cov": [[23078.7324219, 1049.28442383, -454.205230713, 260.251953125, -595.83026123, 107.911178589, -416.445831299, -31.9910163879, -417.7394104, 172.466018677, -272.482147217, 113.326461792, -511.907867432], [1049.28442383, 2067.87695312, -739.270263672, 329.471374512, -162.691986084, 4.60118627548, -42.2431907654, -18.3698158264, 12.5125417709, -84.9889984131, 114.327232361, -61.5547523499, 74.7967987061], [-454.205230713, -739.270263672, 1172.01318359, -97.1074447632, 94.1770477295, -73.1298675537, 29.6109046936, -11.2899551392, -39.8810348511, 37.54246521, -61.1425628662, 73.5663909912, -51.8507461548], [260.251953125, 329.471374512, -97.1074447632, 468.35925293, 21.8740158081, 89.9046478271, -27.3521213531, -2.64140558243, 14.3012542725, 8.95883274078, 28.544336319, -47.4783668518, 29.2536144257], [-595.83026123, -162.691986084, 94.1770477295, 21.8740158081, 400.859313965, 69.9945220947, 62.3834724426, 13.0924482346, 61.3897247314, 41.6717834473, -18.1099338531, -24.1306209564, 3.13083982468], [107.911178589, 4.60118627548, -73.1298675537, 89.9046478271, 69.9945220947, 288.770233154, 86.125541687, 15.8896789551, 14.3113641739, 23.3407402039, 19.8516712189, -20.4306373596, -24.8672981262], [-416.445831299, -42.2431907654, 29.6109046936, -27.3521213531, 62.3834724426, 86.125541687, 243.163894653, 77.7295532227, 15.2962913513, -2.46059203148, 36.2052841187, -8.81316947937, -27.5001010895], [-31.9910163879, -18.3698158264, -11.2899551392, -2.64140558243, 13.0924482346, 15.8896789551, 77.7295532227, 124.507423401, 47.7880935669, 7.92897415161, 1.63805019855, -5.99674654007, -11.0363435745], [-417.7394104, 12.5125417709, -39.8810348511, 14.3012542725, 61.3897247314, 14.3113641739, 15.2962913513, 47.7880935669, 131.196334839, 32.0270767212, 4.17463064194, -15.5442771912, 8.67532062531], [172.466018677, -84.9889984131, 37.54246521, 8.95883274078, 41.6717834473, 23.3407402039, -2.46059203148, 7.92897415161, 32.0270767212, 87.2646942139, 18.7063179016, -3.76842474937, -9.98653125763], [-272.482147217, 114.327232361, -61.1425628662, 28.544336319, -18.1099338531, 19.8516712189, 36.2052841187, 1.63805019855, 4.17463064194, 18.7063179016, 89.7636413574, 13.7409362793, 4.8048043251], [113.326461792, -61.5547523499, 73.5663909912, -47.4783668518, -24.1306209564, -20.4306373596, -8.81316947937, -5.99674654007, -15.5442771912, -3.76842474937, 13.7409362793, 79.0047302246, 13.1130504608], [-511.907867432, 74.7967987061, -51.8507461548, 29.2536144257, 3.13083982468, -24.8672981262, -27.5001010895, -11.0363435745, 8.67532062531, -9.98653125763, 4.8048043251, 13.1130504608, 87.976890564]], "icov": [[8.24918533908e-05, -8.15697057988e-05, 6.96825154591e-05, -8.26331670396e-05, 6.60480873194e-05, -1.50226260303e-05, 7.76551023591e-05, -0.000105025093944, 0.000306891190121, -0.00045906426385, 0.000531549972948, -0.000428834493505, 0.000574905017857], [-8.15697057988e-05, 0.000868367555086, 0.000292223237921, -0.000353907758836, 7.66084122006e-05, 0.000185711018275, -2.09917689062e-05, 0.000198528185138, -0.000466288183816, 0.00122780015226, -0.00136876292527, 0.000714208639693, -0.000701233395375], [6.96825154591e-05, 0.000292223237921, 0.00135978625622, -0.000399886979721, -0.000147304497659, 0.000531176279765, -0.000433138600783, 0.000256608094787, 0.000525021809153, -0.0009085033671, 0.00127367605455, -0.00167068932205, 0.00116813683417], [-8.26331670396e-05, -0.000353907758836, -0.000399886979721, 0.00305521534756, -0.000223564871703, -0.00111863634083, 0.000925434171222, -0.000483377516503, -4.98189765494e-05, 0.000407486280892, -0.00155260949396, 0.0023256347049, -0.00172178458888], [6.60480873194e-05, 7.66084122006e-05, -0.000147304497659, -0.000223564871703, 0.00330898840912, -0.000472972780699, -0.00104984035715, 0.000872351345606, -0.00114076398313, -0.00148150220048, 0.00158923515119, 0.000291699456284, -0.000349427195033], [-1.50226260303e-05, 0.000185711018275, 0.000531176279765, -0.00111863634083, -0.000472972780699, 0.00473813991994, -0.00194063968956, 0.000880885170773, -6.68286593282e-05, -0.000985206454061, 0.00025914714206, -0.000379940553103, 0.0012369469041], [7.76551023591e-05, -2.09917689062e-05, -0.000433138600783, 0.000925434171222, -0.00104984035715, -0.00194063968956, 0.00759418494999, -0.00476647121832, 0.00123054441065, 0.00216775131412, -0.00386291835457, 0.00129380717408, 0.00131425575819], [-0.000105025093944, 0.000198528185138, 0.000256608094787, -0.000483377516503, 0.000872351345606, 0.000880885170773, -0.00476647121832, 0.0126847233623, -0.00490161636844, -0.000171553416294, 0.00177270965651, -0.000631531351246, 0.000312532501994], [0.000306891190121, -0.000466288183816, 0.000525021809153, -4.98189765494e-05, -0.00114076398313, -6.68286593282e-05, 0.00123054441065, -0.00490161636844, 0.0121099520475, -0.00501398276538, 0.00175834889524, -0.000162241092767, 0.000464438460767], [-0.00045906426385, 0.00122780015226, -0.0009085033671, 0.000407486280892, -0.00148150220048, -0.000985206454061, 0.00216775131412, -0.000171553416294, -0.00501398276538, 0.0186991915107, -0.00884306058288, 0.00390966748819, -0.00143836298957], [0.000531549972948, -0.00136876292527, 0.00127367605455, -0.00155260949396, 0.00158923515119, 0.00025914714206, -0.00386291835457, 0.00177270965651, 0.00175834889524, -0.00884306058288, 0.0204327255487, -0.00789221469313, 0.00343836238608], [-0.000428834493505, 0.000714208639693, -0.00167068932205, 0.0023256347049, 0.000291699456284, -0.000379940553103, 0.00129380717408, -0.000631531351246, -0.000162241092767, 0.00390966748819, -0.00789221469313, 0.0195037517697, -0.00666921632364], [0.000574905017857, -0.000701233395375, 0.00116813683417, -0.00172178458888, -0.000349427195033, 0.0012369469041, 0.00131425575819, 0.000312532501994, 0.000464438460767, -0.00143836298957, 0.00343836238608, -0.00666921632364, 0.0179782472551]], "mean": [-42.1275367737, 73.630065918, -110.157730103, 16.3167743683, -52.1680526733, 0.09732632339, -39.0747756958, -0.175725057721, -20.0643215179, -1.8458250761, -17.4252910614, 1.42933189869, -9.70085048676]}, "hfc": {"dmean": 7.05592632294, "dmean2": 9.74476623535, "dvar": 124.002990723, "dvar2": 253.211990356, "max": 215.0052948, "mean": 16.6925125122, "median": 9.44892406464, "min": 1.22040321752e-16, "var": 379.095214844}, "melbands": {"dmean": [0.000471463776194, 0.000958459742833, 0.000613849901129, 0.000295779493172, 0.000209143370739, 0.000234887105762, 0.000317310536047, 0.000154241264681, 0.000115824099339, 0.000115396083856, 4.60587471025e-05, 4.84647607664e-05, 4.68772486784e-05, 4.78926012875e-05, 3.43155224982e-05, 4.17527007812e-05, 3.80645396945e-05, 2.75102283922e-05, 3.17684243782e-05, 1.8924334654e-05, 1.50293717525e-05, 1.41432337841e-05, 8.52845914778e-06, 5.18581509823e-06, 4.42161172032e-06, 3.9038450268e-06, 3.45787748302e-06, 2.41152201852e-06, 1.69574343545e-06, 1.58768773417e-06, 1.32688262511e-06, 1.38458051424e-06, 1.35593677442e-06, 1.12704071853e-06, 8.39547112719e-07, 7.20095556517e-07, 4.90421768973e-07, 3.61271645488e-07, 3.7710634615e-07, 3.34290717774e-07], "dmean2": [0.000741267576814, 0.00171888049226, 0.00105043593794, 0.00047777974396, 0.000335727701895, 0.000382655794965, 0.000509574718308, 0.000238825683482, 0.00017008339637, 0.000174027649336, 6.96209826856e-05, 7.50843973947e-05, 7.025776722e-05, 7.38434828236e-05, 5.44072499906e-05, 6.55361800455e-05, 5.88624025113e-05, 4.31003245467e-05, 4.84325828438e-05, 2.91372925858e-05, 2.36424748437e-05, 2.18414243136e-05, 1.33184566948e-05, 8.31385386846e-06, 6.84525593897e-06, 6.01619012741e-06, 5.35807794222e-06, 3.69621398022e-06, 2.56165026258e-06, 2.3900929591e-06, 1.94167205336e-06, 1.97637746169e-06, 1.9501708266e-06, 1.61091577411e-06, 1.20419701943e-06, 1.056719384e-06, 7.09565995294e-07, 5.16166608122e-07, 5.35954882253e-07, 4.68333070103e-07], "dvar": [1.56884141234e-06, 8.14485247247e-06, 2.17421165871e-06, 3.49664617261e-07, 1.55663300916e-07, 2.5900854439e-07, 7.05855370597e-07, 2.38330386537e-07, 2.09011687957e-07, 1.55690116799e-07, 1.9836962295e-08, 1.81910486674e-08, 3.79271405393e-08, 3.15014112573e-08, 1.17565166491e-08, 3.52726061692e-08, 5.69726950062e-08, 1.04185238214e-08, 1.80195094401e-08, 4.97733809723e-09, 1.72620528982e-09, 1.67094771353e-09, 5.08998121429e-10, 2.3513072045e-10, 9.10070352411e-11, 7.52837792106e-11, 7.1236481991e-11, 3.16692574942e-11, 1.57737226059e-11, 1.32492714716e-11, 9.9818521504e-12, 1.14538101226e-11, 1.13848201699e-11, 1.06275344428e-11, 7.34466393953e-12, 7.1334938824e-12, 2.83813185627e-12, 1.40282566379e-12, 1.01972423561e-12, 6.88118236437e-13], "dvar2": [3.77605442736e-06, 2.27163345699e-05, 5.67475308344e-06, 8.8799419018e-07, 3.98299476956e-07, 6.80905202444e-07, 1.77613026153e-06, 5.72333988202e-07, 4.49857679996e-07, 3.23056923435e-07, 4.09660003697e-08, 4.19617727232e-08, 8.0827284421e-08, 6.99387285863e-08, 2.79674132742e-08, 7.65209975384e-08, 1.19144672794e-07, 2.36083277372e-08, 3.74519295576e-08, 1.18053051779e-08, 4.17404688591e-09, 3.76392828016e-09, 1.18285414796e-09, 5.87310033939e-10, 2.15128595493e-10, 1.82603265841e-10, 1.65538541208e-10, 6.95166146869e-11, 3.43752248888e-11, 2.98902430584e-11, 2.06797721308e-11, 2.37644539464e-11, 2.34562213403e-11, 2.08534630536e-11, 1.56632866399e-11, 1.59902854846e-11, 6.27790180951e-12, 3.10460468098e-12, 2.20645203497e-12, 1.44574673414e-12], "max": [0.0122668594122, 0.0208298526704, 0.0231832638383, 0.0121630085632, 0.00896827690303, 0.00963740888983, 0.0106956344098, 0.015715232119, 0.016417644918, 0.0123990522698, 0.0045958138071, 0.00396921625361, 0.00691515859216, 0.00528748705983, 0.00357361626811, 0.00742146605626, 0.0152808213606, 0.0028218254447, 0.00438154302537, 0.00276341242716, 0.0014243084006, 0.00113554275595, 0.000557108549401, 0.000431006366853, 0.000171491803485, 0.000189038270037, 0.000221957452595, 0.000247244315688, 0.000114254718937, 8.12540383777e-05, 7.68801328377e-05, 9.20788006624e-05, 8.99757797015e-05, 0.000176455781911, 0.000141513985, 9.54270653892e-05, 6.5865846409e-05, 5.53825448151e-05, 4.15768081439e-05, 2.17973938561e-05], "mean": [0.000461324176285, 0.000785131647717, 0.000639272970147, 0.00047380203614, 0.000405225844588, 0.000351818045601, 0.000451157568023, 0.000233982311329, 0.000182521151146, 0.000179139373358, 7.47296435293e-05, 7.67421443015e-05, 7.27500664652e-05, 6.65459156153e-05, 5.14617386216e-05, 6.32364317426e-05, 5.63514367968e-05, 3.75383569917e-05, 4.72286519653e-05, 3.04071836581e-05, 2.72205925285e-05, 2.49089553108e-05, 1.35829586725e-05, 8.05142281024e-06, 7.10403037374e-06, 6.41276528768e-06, 5.7879187807e-06, 3.92921310777e-06, 2.66718575404e-06, 2.4921109798e-06, 2.10362281905e-06, 2.26146175919e-06, 2.21365917241e-06, 1.72722013758e-06, 1.2691249367e-06, 1.05544995677e-06, 7.04811156993e-07, 5.13186364515e-07, 5.45900036286e-07, 4.83345161228e-07], "median": [6.76388081047e-05, 0.000161925534485, 0.000252181547694, 0.00024297751952, 0.000176983463462, 0.000139615382068, 7.39850511309e-05, 4.51347659691e-05, 2.68942385446e-05, 3.60979429388e-05, 2.61545865214e-05, 2.00689519261e-05, 1.63442673511e-05, 8.99620044947e-06, 1.00450270111e-05, 9.55632640398e-06, 8.27087387734e-06, 8.07795549918e-06, 7.04649710315e-06, 6.94773189025e-06, 7.6022633948e-06, 8.56963197293e-06, 4.25076541433e-06, 2.40243025473e-06, 2.40685676545e-06, 2.28300723393e-06, 2.02706905839e-06, 1.40546285365e-06, 9.40661891491e-07, 8.07464516583e-07, 6.23548601197e-07, 6.59301974792e-07, 6.68483437494e-07, 5.49744754608e-07, 3.46670731233e-07, 2.42336540168e-07, 1.66578800531e-07, 1.53951120296e-07, 1.56220835379e-07, 1.14161522902e-07], "min": [1.41461219651e-23, 6.97116618602e-24, 3.67694931013e-24, 1.35171253001e-23, 6.57788747033e-24, 3.50638456622e-24, 9.75232133979e-24, 7.00712877697e-24, 9.712558017e-24, 3.83845004225e-24, 8.85958323057e-24, 4.79846970364e-24, 8.38935586674e-24, 7.57732453901e-24, 1.83724174436e-23, 2.43144270152e-23, 1.9588781006e-23, 1.16003242513e-23, 1.0676093237e-23, 1.43830973588e-23, 1.64850519506e-23, 7.84494007908e-24, 1.17560698487e-23, 1.56015798016e-23, 1.1538496489e-23, 1.07050412768e-23, 8.91112897984e-24, 1.07397030361e-23, 8.8978485065e-24, 9.94376525971e-24, 1.26460193346e-23, 1.08983161429e-23, 1.46280654911e-23, 8.80071764096e-24, 7.50520845278e-24, 9.99150475511e-24, 7.84619831222e-24, 1.15992640222e-23, 1.30214003741e-23, 7.43517417047e-24], "var": [1.4818639329e-06, 5.28652162757e-06, 1.79972607839e-06, 4.9795033874e-07, 3.8454251694e-07, 3.77878990321e-07, 1.16615490242e-06, 4.91393393531e-07, 5.81736230743e-07, 3.71661286636e-07, 4.68455105818e-08, 4.20630819065e-08, 7.48084758584e-08, 5.56961623488e-08, 2.20450608879e-08, 7.10078040811e-08, 8.80693278305e-08, 1.50762016204e-08, 3.42953114796e-08, 9.77320002704e-09, 4.13340339733e-09, 3.25584248451e-09, 9.07627972779e-10, 3.79022258024e-10, 1.51655646374e-10, 1.25919899507e-10, 1.3575764124e-10, 5.73258454595e-11, 2.63111216842e-11, 2.21488955648e-11, 1.83433459394e-11, 2.27587514806e-11, 2.21933114247e-11, 1.69567797303e-11, 1.12337387656e-11, 1.00730430941e-11, 3.96554056953e-12, 1.83950554442e-12, 1.5193584238e-12, 1.20676678286e-12]}, "melbands_crest": {"dmean": 3.20949864388, "dmean2": 5.20799255371, "dvar": 9.12728786469, "dvar2": 22.5982475281, "max": 31.7736682892, "mean": 11.9337310791, "median": 11.2208137512, "min": 1.59591531754, "var": 21.497171402}, "melbands_flatness_db": {"dmean": 0.0290793050081, "dmean2": 0.0430552959442, "dvar": 0.000885930610821, "dvar2": 0.00202593323775, "max": 0.443745613098, "mean": 0.175230979919, "median": 0.173715621233, "min": 0.00300724315457, "var": 0.00345680676401}, "melbands_kurtosis": {"dmean": 6.51426506042, "dmean2": 10.518860817, "dvar": 187.118377686, "dvar2": 497.426544189, "max": 412.137786865, "mean": 10.2674036026, "median": 5.98767709732, "min": -1.87262296677, "var": 224.516082764}, "melbands_skewness": {"dmean": 0.766777157784, "dmean2": 1.17001760006, "dvar": 0.825353085995, "dvar2": 1.97180092335, "max": 15.1365880966, "mean": 2.22731971741, "median": 2.10486316681, "min": -3.00545692444, "var": 2.24814176559}, "melbands_spread": {"dmean": 8.5218334198, "dmean2": 12.9619350433, "dvar": 134.44859314, "dvar2": 281.929168701, "max": 202.567886353, "mean": 27.1558628082, "median": 21.1606864929, "min": 1.05985081196, "var": 513.395385742}, "mfcc": {"cov": [[11415.4599609, 610.106018066, -79.7962341309, 346.211334229, -71.306854248, 251.969818115, -10.6254005432, 61.9505271912, -156.164337158, 5.94818639755, 118.817764282, 73.4990386963, 27.7059059143], [610.106018066, 1272.99816895, -161.263702393, 116.869972229, -19.6643390656, -40.9336013794, -0.227787539363, 19.292049408, -15.2738819122, -43.4800796509, -8.38010978699, 8.45319843292, 25.8203487396], [-79.7962341309, -161.263702393, 724.244689941, 67.0560684204, -21.8698062897, -15.6231088638, -4.7750544548, -15.1892271042, -21.2113456726, -71.6330108643, -5.47227668762, -17.0249786377, 23.4937515259], [346.211334229, 116.869972229, 67.0560684204, 316.804046631, 82.6026992798, 7.67455625534, 5.19257545471, -20.2985496521, 7.21786975861, 15.1107473373, -18.6313266754, -14.4887399673, 14.1698770523], [-71.306854248, -19.6643390656, -21.8698062897, 82.6026992798, 269.794189453, 99.5060806274, -18.4754867554, -32.2905197144, 45.8050231934, 35.9318962097, -5.49544286728, -7.99074268341, 2.17715167999], [251.969818115, -40.9336013794, -15.6231088638, 7.67455625534, 99.5060806274, 226.384033203, 74.9105453491, 25.2269592285, 7.99092292786, 37.7923240662, 27.9949016571, 26.276391983, -15.6077671051], [-10.6254005432, -0.227787539363, -4.7750544548, 5.19257545471, -18.4754867554, 74.9105453491, 183.104751587, 66.5056228638, 1.46686267853, 36.0912780762, 29.6373786926, 25.5833511353, -6.95528554916], [61.9505271912, 19.292049408, -15.1892271042, -20.2985496521, -32.2905197144, 25.2269592285, 66.5056228638, 138.906204224, 35.0706977844, 20.5656852722, 32.637966156, 27.3179988861, 4.34482479095], [-156.164337158, -15.2738819122, -21.2113456726, 7.21786975861, 45.8050231934, 7.99092292786, 1.46686267853, 35.0706977844, 105.283699036, 51.2788047791, 4.40984249115, 0.187194660306, 7.84992647171], [5.94818639755, -43.4800796509, -71.6330108643, 15.1107473373, 35.9318962097, 37.7923240662, 36.0912780762, 20.5656852722, 51.2788047791, 131.715682983, 43.0643081665, 7.81305503845, -16.9566402435], [118.817764282, -8.38010978699, -5.47227668762, -18.6313266754, -5.49544286728, 27.9949016571, 29.6373786926, 32.637966156, 4.40984249115, 43.0643081665, 94.8511428833, 40.8040809631, -5.45057868958], [73.4990386963, 8.45319843292, -17.0249786377, -14.4887399673, -7.99074268341, 26.276391983, 25.5833511353, 27.3179988861, 0.187194660306, 7.81305503845, 40.8040809631, 85.6679992676, 25.6360054016], [27.7059059143, 25.8203487396, 23.4937515259, 14.1698770523, 2.17715167999, -15.6077671051, -6.95528554916, 4.34482479095, 7.84992647171, -16.9566402435, -5.45057868958, 25.6360054016, 73.3548812866]], "icov": [[0.000103586316982, -3.59422265319e-05, 1.94403892237e-05, -0.000142615332152, 0.000119158561574, -0.00020460493397, 0.00015435408568, -8.44678434078e-05, 0.000179788505193, -3.44342661265e-05, -0.000124366764794, 3.54790536221e-05, -8.1422032963e-05], [-3.59422265319e-05, 0.000906544912141, 0.000296110607451, -0.000409997388488, 5.79828993068e-05, 0.000172878979356, -8.8798624347e-05, -0.000134824498673, -7.47828671592e-05, 0.000554300902877, -0.000190915583516, 4.75516135339e-05, -0.00018120072491], [1.94403892237e-05, 0.000296110607451, 0.00166568276472, -0.000593477336224, 0.000292592565529, -0.000158810827998, -0.000148399660247, 0.000179004928214, -0.000301239750115, 0.00134860712569, -0.000918450590689, 0.000736440299079, -0.000579190556891], [-0.000142615332152, -0.000409997388488, -0.000593477336224, 0.00416305428371, -0.00157628010493, 0.00077946530655, -0.000726034108084, 0.000273736281088, 0.000455275265267, -0.00120444304775, 0.00111748604104, 0.000254957587458, -0.000621544546448], [0.000119158561574, 5.79828993068e-05, 0.000292592565529, -0.00157628010493, 0.00633348431438, -0.00350320152938, 0.00142667558976, 0.00179923453834, -0.00266823451966, -3.93028894905e-05, -0.000321677798638, 0.000740829331335, -0.000765643722843], [-0.00020460493397, 0.000172878979356, -0.000158810827998, 0.00077946530655, -0.00350320152938, 0.00758335646242, -0.00290039437823, -0.000507749966346, 0.000898775004316, -0.00051356543554, 0.000208374767681, -0.00198385422118, 0.00188318185974], [0.00015435408568, -8.8798624347e-05, -0.000148399660247, -0.000726034108084, 0.00142667558976, -0.00290039437823, 0.00856144074351, -0.00353391165845, 0.00194947968703, -0.00220288382843, 0.000323054642649, -0.000657794182189, 5.84086810704e-05], [-8.44678434078e-05, -0.000134824498673, 0.000179004928214, 0.000273736281088, 0.00179923453834, -0.000507749966346, -0.00353391165845, 0.0114165004343, -0.00542931072414, 0.00187915365677, -0.00257539679296, -0.00101989856921, -2.30986188399e-05], [0.000179788505193, -7.47828671592e-05, -0.000301239750115, 0.000455275265267, -0.00266823451966, 0.000898775004316, 0.00194947968703, -0.00542931072414, 0.0159926526248, -0.00693574221805, 0.00268567260355, 0.000583923480008, -0.00257539283484], [-3.44342661265e-05, 0.000554300902877, 0.00134860712569, -0.00120444304775, -3.93028894905e-05, -0.00051356543554, -0.00220288382843, 0.00187915365677, -0.00693574221805, 0.0141252111644, -0.0064262044616, 0.00136847386602, 0.00224198959768], [-0.000124366764794, -0.000190915583516, -0.000918450590689, 0.00111748604104, -0.000321677798638, 0.000208374767681, 0.000323054642649, -0.00257539679296, 0.00268567260355, -0.0064262044616, 0.017974268645, -0.0080586001277, 0.00280852336437], [3.54790536221e-05, 4.75516135339e-05, 0.000736440299079, 0.000254957587458, 0.000740829331335, -0.00198385422118, -0.000657794182189, -0.00101989856921, 0.000583923480008, 0.00136847386602, -0.0080586001277, 0.0190635751933, -0.00776856997982], [-8.1422032963e-05, -0.00018120072491, -0.000579190556891, -0.000621544546448, -0.000765643722843, 0.00188318185974, 5.84086810704e-05, -2.30986188399e-05, -0.00257539283484, 0.00224198959768, 0.00280852336437, -0.00776856997982, 0.0181802678853]], "mean": [-682.998840332, 116.011993408, -4.11673307419, 17.5295581818, 2.40415382385, 1.30735647678, -9.21857070923, -0.525601565838, -2.52383303642, -3.37942218781, -4.09315013885, -4.5240073204, 0.107464298606]}, "pitch_salience": {"dmean": 0.072782844305, "dmean2": 0.117231555283, "dvar": 0.00455224048346, "dvar2": 0.0113093666732, "max": 0.935720980167, "mean": 0.613455176353, "median": 0.624761283398, "min": 0.097658418119, "var": 0.0132029093802}, "silence_rate_20dB": {"dmean": 0, "dmean2": 0, "dvar": 0, "dvar2": 0, "max": 1, "mean": 1, "median": 1, "min": 1, "var": 0}, "silence_rate_30dB": {"dmean": 0.0015661707148, "dmean2": 0.00313269183971, "dvar": 0.00156378292013, "dvar2": 0.00446567032486, "max": 1, "mean": 0.999105155468, "median": 1, "min": 0, "var": 0.000894046854228}, "silence_rate_60dB": {"dmean": 0.0621993504465, "dmean2": 0.124412618577, "dvar": 0.058333735913, "dvar2": 0.121701098979, "max": 1, "mean": 0.188366889954, "median": 0, "min": 0, "var": 0.1528724581}, "spectral_centroid": {"dmean": 266.054840088, "dmean2": 397.51373291, "dvar": 100526.507812, "dvar2": 198164.59375, "max": 10992.9082031, "mean": 1341.50708008, "median": 1235.10522461, "min": 194.067001343, "var": 445913.40625}, "spectral_complexity": {"dmean": 3.61002349854, "dmean2": 5.08905792236, "dvar": 22.8175468445, "dvar2": 40.084072113, "max": 60, "mean": 14.7898206711, "median": 13, "min": 0, "var": 97.0125579834}, "spectral_contrast_coeffs": {"dmean": [0.0508758239448, 0.0479237549007, 0.0389022901654, 0.0311937760562, 0.0218936298043, 0.0194813460112], "dmean2": [0.0822406560183, 0.0779046118259, 0.0617175251245, 0.0491299219429, 0.0340806953609, 0.0299176443368], "dvar": [0.00187904073391, 0.00171515229158, 0.00108750385698, 0.000697553972714, 0.000354525487637, 0.000354291754775], "dvar2": [0.00483106635511, 0.00426859268919, 0.00250925030559, 0.00158288888633, 0.000791322032455, 0.000775841996074], "max": [-0.310797661543, -0.330811977386, -0.448750644922, -0.491783469915, -0.60195595026, -0.599235355854], "mean": [-0.6364762187, -0.726911187172, -0.766271650791, -0.783826470375, -0.799642086029, -0.775068700314], "median": [-0.636726737022, -0.735743522644, -0.773902118206, -0.795581221581, -0.805397033691, -0.776980757713], "min": [-0.964540243149, -0.968242824078, -0.961743235588, -0.964432477951, -0.958506703377, -0.961107552052], "var": [0.00808278564364, 0.00744804274291, 0.00500208279118, 0.00422373507172, 0.0021103923209, 0.00174180662725]}, "spectral_contrast_valleys": {"dmean": [0.498972862959, 0.407310396433, 0.376550287008, 0.348344236612, 0.333720266819, 0.411870926619], "dmean2": [0.760614216328, 0.620979011059, 0.562074184418, 0.511360168457, 0.45595702529, 0.475152283907], "dvar": [0.251508742571, 0.158002600074, 0.134647712111, 0.126794680953, 0.135722726583, 0.182024791837], "dvar2": [0.477126449347, 0.31810259819, 0.263586103916, 0.23513700068, 0.236313968897, 0.28435382247], "max": [-5.20852231979, -4.45279455185, -5.01600646973, -5.32725000381, -5.59389543533, -7.72604703903], "mean": [-8.00812339783, -7.17137670517, -7.80359888077, -8.05471134186, -7.96604442596, -10.504281044], "median": [-7.68012952805, -6.94743299484, -7.59254217148, -7.86271190643, -7.74668216705, -10.2912149429], "min": [-27.3162307739, -27.295545578, -27.2377662659, -27.2283210754, -27.3138980865, -27.190284729], "var": [2.96059679985, 2.38282823563, 2.19032764435, 2.08559727669, 2.02846503258, 2.02374625206]}, "spectral_decrease": {"dmean": 2.26974705697e-09, "dmean2": 3.52174511775e-09, "dvar": 1.76357917534e-17, "dvar2": 4.38150986112e-17, "max": 9.088932457e-16, "mean": -4.39025571453e-09, "median": -2.54675835976e-09, "min": -3.51051774317e-08, "var": 2.67605898353e-17}, "spectral_energy": {"dmean": 0.00905281957239, "dmean2": 0.0139281684533, "dvar": 0.000269328098511, "dvar2": 0.000663328683004, "max": 0.13900886476, "mean": 0.0180838927627, "median": 0.0106775127351, "min": 1.12455042718e-20, "var": 0.000432599510532}, "spectral_energyband_high": {"dmean": 0.000362307735486, "dmean2": 0.000479594804347, "dvar": 5.13409815994e-07, "dvar2": 9.75522539193e-07, "max": 0.0174778848886, "mean": 0.00060391461011, "median": 0.000207404867979, "min": 8.40087780504e-21, "var": 1.03905415472e-06}, "spectral_energyband_low": {"dmean": 0.00418521882966, "dmean2": 0.00701475748792, "dvar": 0.000126390354126, "dvar2": 0.000334658310749, "max": 0.0805212780833, "mean": 0.00399613752961, "median": 0.00088033627253, "min": 6.22817359813e-23, "var": 9.94602087303e-05}, "spectral_energyband_middle_high": {"dmean": 0.00184281647671, "dmean2": 0.00269930949435, "dvar": 1.62380474649e-05, "dvar2": 3.40000187862e-05, "max": 0.129190161824, "mean": 0.00443727895617, "median": 0.00177861039992, "min": 1.87166577255e-21, "var": 5.54981415917e-05}, "spectral_energyband_middle_low": {"dmean": 0.00486783497036, "dmean2": 0.0076084448956, "dvar": 8.08449040051e-05, "dvar2": 0.000197373301489, "max": 0.121896959841, "mean": 0.00967697799206, "median": 0.00532368198037, "min": 2.35069568812e-22, "var": 0.000150466381456}, "spectral_entropy": {"dmean": 0.194049268961, "dmean2": 0.265900731087, "dvar": 0.0360765457153, "dvar2": 0.0682122036815, "max": 9.80317783356, "mean": 7.6426024437, "median": 7.65495061874, "min": 5.82368183136, "var": 0.176761224866}, "spectral_flux": {"dmean": 0.0272342041135, "dmean2": 0.0411390662193, "dvar": 0.00151040928904, "dvar2": 0.00305076362565, "max": 0.333580285311, "mean": 0.0727039277554, "median": 0.0557544901967, "min": 1.0604481876e-10, "var": 0.00338668539189}, "spectral_kurtosis": {"dmean": 1.58674311638, "dmean2": 2.49780106544, "dvar": 4.22609519958, "dvar2": 10.8809099197, "max": 56.8715209961, "mean": 5.04907178879, "median": 4.48954963684, "min": -1.20153081417, "var": 9.37903785706}, "spectral_rms": {"dmean": 0.000894878874533, "dmean2": 0.00129249563906, "dvar": 1.65618916981e-06, "dvar2": 3.74442743123e-06, "max": 0.0116455312818, "mean": 0.00358218373731, "median": 0.00322755100206, "min": 3.31228382396e-12, "var": 4.81057577417e-06}, "spectral_rolloff": {"dmean": 911.172424316, "dmean2": 1495.67150879, "dvar": 4253307, "dvar2": 9172788, "max": 21533.203125, "mean": 2289.11157227, "median": 1399.65820312, "min": 107.666015625, "var": 11854224}, "spectral_skewness": {"dmean": 0.228395417333, "dmean2": 0.34314712882, "dvar": 0.0525864735246, "dvar2": 0.119208857417, "max": 5.33382844925, "mean": 1.68202352524, "median": 1.66635632515, "min": 0.046176251024, "var": 0.188976466656}, "spectral_spread": {"dmean": 843075.375, "dmean2": 1110887.75, "dvar": 1063469514750.0, "dvar2": 1739715641340.0, "max": 40460224, "mean": 5111802.5, "