{"lowlevel": {"average_loudness": 0.716311454773, "barkbands": {"dmean": [0.00187924632337, 0.00654985569417, 0.00311244162731, 0.00258502736688, 0.0024509888608, 0.00176694232505, 0.000988342682831, 0.000553226622287, 0.000882868655026, 0.000599720049649, 0.000571005046368, 0.000348985340679, 0.000227798096603, 0.000105327133497, 8.66819027578e-05, 5.24557144672e-05, 4.8004079872e-05, 5.69235126022e-05, 5.20408357261e-05, 3.82938160328e-05, 2.70625860139e-05, 2.41023299168e-05, 1.32704481075e-05, 3.82818689104e-06, 2.13357134271e-06, 1.68153001141e-05, 0.000367016065866], "dmean2": [0.00313674751669, 0.0107638183981, 0.0052893939428, 0.00434087915346, 0.00387019873597, 0.00278619374149, 0.00154042686336, 0.000880427833181, 0.00138912070543, 0.000955583178438, 0.000881650776137, 0.000555877108127, 0.00036328510032, 0.000164638040587, 0.000135347116156, 8.33842568682e-05, 6.83861799189e-05, 8.40339707793e-05, 7.51815387048e-05, 5.34232167411e-05, 3.91307621612e-05, 3.54889380105e-05, 2.18774275709e-05, 6.36878939986e-06, 3.54210055775e-06, 2.64795089606e-05, 0.000479307578644], "dvar": [8.80722109287e-06, 8.64020912559e-05, 2.8038286473e-05, 5.93025397393e-05, 2.91026044579e-05, 2.4360295356e-05, 6.17862906438e-06, 2.98929876408e-06, 3.32817558046e-06, 1.32981017487e-06, 2.13841849472e-06, 5.84727899877e-07, 2.38591866264e-07, 5.99242255817e-08, 5.28127515054e-08, 2.08750190467e-08, 3.22878008774e-08, 3.72919046754e-08, 3.01470102215e-08, 1.55695225601e-08, 3.71588537718e-09, 2.20108153925e-09, 1.1435846714e-09, 7.33128072139e-11, 1.87950731367e-11, 2.58581889234e-09, 1.20527738545e-06], "dvar2": [2.33211048908e-05, 0.000222544680582, 7.56890003686e-05, 0.000165759018273, 6.79760923958e-05, 5.2174225857e-05, 1.40575330079e-05, 6.9644688665e-06, 7.66706034483e-06, 3.26019630847e-06, 4.73143154522e-06, 1.4680770164e-06, 5.50942786504e-07, 1.34690793629e-07, 1.30261469167e-07, 5.1350035335e-08, 5.06524635568e-08, 7.99088155645e-08, 6.06954273508e-08, 2.5754628652e-08, 6.71291022769e-09, 4.60913085476e-09, 2.81532908097e-09, 1.77880335461e-10, 4.49584675044e-11, 5.16885334534e-09, 1.73994214947e-06], "max": [0.0438519828022, 0.158208593726, 0.104866683483, 0.241312921047, 0.128504395485, 0.170607417822, 0.0884361341596, 0.0871652290225, 0.0450732074678, 0.0209480002522, 0.0612636357546, 0.0220881998539, 0.0112026287243, 0.0097868097946, 0.00769078731537, 0.00557614397258, 0.0107912514359, 0.00796283874661, 0.00503742462024, 0.00599943380803, 0.00225942023098, 0.000894712924492, 0.00079404131975, 0.000148825914948, 0.000142819306348, 0.00208529620431, 0.0408635549247], "mean": [0.00276438309811, 0.0114412810653, 0.00397788360715, 0.00333937769756, 0.00366851058789, 0.00260382355191, 0.00154246005695, 0.000818380212877, 0.0014890669845, 0.00094303523656, 0.000864310655743, 0.000553080462851, 0.000358080113074, 0.000169442137121, 0.000135482288897, 7.62990894145e-05, 7.08042061888e-05, 8.27634066809e-05, 7.28523591533e-05, 5.71595410293e-05, 4.39704053861e-05, 3.17727426591e-05, 1.26549757624e-05, 3.77598712475e-06, 2.23760594054e-06, 1.81408249773e-05, 0.000683445367031], "median": [0.00115529831965, 0.00583032239228, 0.00188922567759, 0.000760859227739, 0.00094099889975, 0.000527649244759, 0.000453894695966, 0.000223405004363, 0.0005475411308, 0.000365438172594, 0.000240454697632, 0.0001901788346, 0.000122202705825, 6.32052106084e-05, 4.51837804576e-05, 2.47800508077e-05, 1.76890007424e-05, 2.27591426665e-05, 1.97764329641e-05, 1.77870588232e-05, 1.97264271264e-05, 1.12805173558e-05, 2.70667783298e-06, 1.16322689792e-06, 7.97852237611e-07, 3.94930293623e-06, 0.000254649232375], "min": [3.10668905871e-25, 1.62103737389e-24, 3.21582549976e-25, 1.0090220245e-24, 4.35295774641e-24, 3.83724071848e-24, 1.09569545405e-23, 4.65703798739e-24, 1.36990303139e-23, 1.08974547068e-23, 1.70171023436e-23, 1.8762760019e-23, 2.55662356758e-23, 3.85067083873e-23, 3.36301974632e-23, 4.45374616553e-23, 7.12546627468e-23, 8.148492651e-23, 1.33303306108e-22, 1.68354832129e-22, 2.55643086464e-22, 2.10401749466e-22, 3.99818031805e-22, 5.16169739424e-22, 8.06640542604e-22, 1.27066130029e-21, 1.82616235703e-21], "var": [1.55954494403e-05, 0.000225342795602, 3.93413174606e-05, 8.21826033643e-05, 5.41925219295e-05, 5.07929253217e-05, 1.22769943118e-05, 6.14802911514e-06, 6.98066014593e-06, 2.52027848546e-06, 3.89674642065e-06, 1.10668145226e-06, 4.72052249734e-07, 1.26347487139e-07, 9.93705739916e-08, 3.30231380019e-08, 7.83676838978e-08, 6.82528309426e-08, 5.89246695881e-08, 3.96971877592e-08, 9.72772884467e-09, 3.50034956575e-09, 1.07560593765e-09, 7.17366166469e-11, 2.05342184229e-11, 4.31295799075e-09, 3.77912147087e-06]}, "barkbands_crest": {"dmean": 2.99625253677, "dmean2": 4.96417760849, "dvar": 6.63807106018, "dvar2": 17.077703476, "max": 25.0979557037, "mean": 11.1759309769, "median": 10.3288803101, "min": 3.00168538094, "var": 18.3442058563}, "barkbands_flatness_db": {"dmean": 0.0323164500296, "dmean2": 0.0494922846556, "dvar": 0.000783898169175, "dvar2": 0.00180140382145, "max": 0.440104216337, "mean": 0.171347558498, "median": 0.166036471725, "min": 0.0503899864852, "var": 0.00291543477215}, "barkbands_kurtosis": {"dmean": 9.13767528534, "dmean2": 14.3776683807, "dvar": 291.476776123, "dvar2": 682.944152832, "max": 479.336486816, "mean": 16.9871959686, "median": 9.63911533356, "min": -1.88646173477, "var": 692.48626709}, "barkbands_skewness": {"dmean": 0.86263769865, "dmean2": 1.33609163761, "dvar": 0.819327712059, "dvar2": 1.85302579403, "max": 17.3406410217, "mean": 2.88855147362, "median": 2.59842634201, "min": -2.59456062317, "var": 3.58858036995}, "barkbands_spread": {"dmean": 7.37508773804, "dmean2": 11.1984472275, "dvar": 102.617210388, "dvar2": 211.753982544, "max": 135.604568481, "mean": 19.8422603607, "median": 15.5528373718, "min": 0.472376525402, "var": 307.939971924}, "dissonance": {"dmean": 0.0272862836719, "dmean2": 0.0457911156118, "dvar": 0.000635169795714, "dvar2": 0.00170378014445, "max": 0.499999701977, "mean": 0.453720241785, "median": 0.461782366037, "min": 0.238466575742, "var": 0.00122415379155}, "dynamic_complexity": 4.19904327393, "erbbands": {"dmean": [0.292345911264, 1.20596432686, 3.21787285805, 5.69101428986, 9.13914299011, 7.27148914337, 13.023897171, 14.8295192719, 13.8160610199, 15.1399736404, 11.2599773407, 19.4013996124, 18.5757694244, 19.0111808777, 22.582988739, 12.7320709229, 10.5324010849, 5.42893218994, 4.60388851166, 4.00909137726, 2.50067806244, 2.67761278152, 3.12771940231, 2.73106145859, 2.3271689415, 1.82019245625, 1.30019450188, 1.02195012569, 0.906742811203, 0.580706954002, 0.345486581326, 0.153794214129, 0.0365664809942, 0.0235559474677, 0.0154209975153, 0.0102325091138, 0.0352812632918, 0.0700249671936, 0.0476416833699, 0.00955387111753], "dmean2": [0.476117402315, 2.01640892029, 5.51088047028, 9.39818191528, 15.0289392471, 11.5458526611, 20.3511829376, 23.3620796204, 21.5812530518, 23.4026622772, 17.9204311371, 30.8526973724, 29.1777057648, 29.5765953064, 34.7263069153, 19.9706039429, 16.6347732544, 8.35898590088, 7.20994615555, 6.17512607574, 3.78828883171, 3.76548981667, 4.52879095078, 3.90199494362, 3.30956196785, 2.55715203285, 1.89876389503, 1.46134662628, 1.31685376167, 0.926942050457, 0.568839609623, 0.251866579056, 0.0607007704675, 0.0391819998622, 0.0255358144641, 0.0167206469923, 0.0554223395884, 0.100307554007, 0.0620613507926, 0.0126603757963], "dvar": [0.216722801328, 2.73136162758, 24.6504478455, 219.358200073, 516.893554688, 400.979675293, 1287.57653809, 2129.07421875, 1299.62463379, 2162.44702148, 815.725646973, 1719.18579102, 1392.82434082, 1387.92773438, 3976.32519531, 753.467712402, 479.379180908, 159.891372681, 142.237319946, 99.3929748535, 54.2142295837, 95.9881820679, 106.3671875, 76.6398468018, 62.3745803833, 34.8968467712, 11.8986063004, 4.30097770691, 3.06578350067, 1.98871362209, 0.672838568687, 0.140810087323, 0.00522638391703, 0.00235133431852, 0.000954530725721, 0.000347588706063, 0.01104556676, 0.105420574546, 0.0431325733662, 0.000366682332242], "dvar2": [0.548476934433, 7.37913703918, 68.0123519897, 562.417358398, 1345.39855957, 980.879577637, 2900.47021484, 4730.67578125, 2973.98925781, 4817.23876953, 1932.60229492, 3964.55395508, 3353.27929688, 3321.23583984, 8859.74609375, 1863.95361328, 1102.79125977, 360.608184814, 353.717071533, 232.004364014, 110.410217285, 145.710083008, 216.414093018, 149.017288208, 118.809951782, 59.9574890137, 21.9061508179, 8.06896495819, 6.31004858017, 4.8258061409, 1.62404823303, 0.340702801943, 0.0124458968639, 0.00562775274739, 0.00228166906163, 0.000816949643195, 0.0228901598603, 0.212496757507, 0.0632015988231, 0.000562535773497], "max": [7.20099639893, 36.2411231995, 99.2019729614, 639.782043457, 492.420928955, 591.765075684, 1304.23461914, 1605.82324219, 1427.18566895, 1418.51745605, 883.517272949, 1202.69848633, 769.34387207, 1329.49182129, 2873.18725586, 955.168518066, 518.543884277, 599.588562012, 451.697784424, 273.137268066, 334.053222656, 530.742126465, 447.218963623, 213.516479492, 241.558135986, 249.871566772, 122.502471924, 65.8082046509, 40.228012085, 29.2220344543, 15.3244171143, 6.27732276917, 2.30850982666, 1.59381818771, 1.01808047295, 0.586062610149, 3.79687643051, 13.5023918152, 9.79028320312, 0.625538945198], "mean": [0.488741159439, 1.94997215271, 4.42505550385, 8.3071680069, 12.5438261032, 10.2430362701, 18.6337890625, 21.3044242859, 20.8783473969, 24.0233898163, 18.9819793701, 32.1554985046, 30.9550094604, 31.7281665802, 35.6769065857, 22.144569397, 17.467420578, 9.43050003052, 7.88310909271, 6.20129871368, 3.95717024803, 4.12523889542, 4.60168981552, 3.93708729744, 3.37847709656, 2.72293329239, 2.03622889519, 1.64350271225, 1.23091220856, 0.583509087563, 0.331512510777, 0.146464392543, 0.038453862071, 0.0245575290173, 0.0164344087243, 0.0117612741888, 0.0383255407214, 0.0944215729833, 0.080282330513, 0.0227649454027], "median": [0.169578418136, 1.08968877792, 2.45323204994, 2.6944630146, 3.21533131599, 2.59124398232, 3.23702645302, 4.32635164261, 5.79078006744, 6.38539123535, 6.42861127853, 12.1747350693, 11.9402170181, 13.504322052, 10.967048645, 8.04115581512, 6.54276323318, 3.52934265137, 3.07495069504, 2.03370928764, 1.33781707287, 1.07631587982, 1.25999498367, 1.05588626862, 0.954120337963, 0.872732758522, 0.837624430656, 0.731353461742, 0.446096867323, 0.137695580721, 0.0718533322215, 0.0359345860779, 0.0145873501897, 0.00866143219173, 0.006091281306, 0.00503088766709, 0.00843250472099, 0.021908050403, 0.0227075070143, 0.0128829209134], "min": [7.20611815145e-23, 4.92927751454e-22, 1.30599954254e-21, 4.04462642867e-21, 4.36244190237e-21, 1.56753698759e-20, 4.01854132036e-20, 3.69918077991e-20, 1.41996925878e-19, 1.85469997507e-19, 2.36857300592e-19, 3.44590027354e-19, 5.58198693047e-19, 7.65316084733e-19, 8.23409134249e-19, 9.59081075272e-19, 1.43133999367e-18, 1.58011773262e-18, 2.35065601536e-18, 2.54228543235e-18, 2.5042936472e-18, 4.67721874102e-18, 4.23684101778e-18, 6.02299610271e-18, 7.4566221134e-18, 7.81254800482e-18, 1.09417962503e-17, 9.16619433567e-18, 7.5406396754e-18, 9.61726254114e-18, 1.08105284774e-17, 8.83285874679e-18, 9.14853237523e-18, 7.51834136763e-18, 6.12414995186e-18, 3.76504656129e-18, 2.18998383279e-18, 8.9794663774e-19, 2.47723274366e-19, 2.69238759086e-20], "var": [0.489113360643, 7.1826300621, 36.1971549988, 370.849304199, 897.283996582, 552.207092285, 2578.5612793, 3966.90673828, 2662.46362305, 4318.94580078, 1690.67272949, 3495.26538086, 2770.51733398, 2862.60717773, 7244.14892578, 1629.71618652, 1015.35217285, 325.948822021, 304.442993164, 185.380584717, 113.109764099, 243.600875854, 211.229766846, 159.397689819, 133.180511475, 86.4601821899, 29.8986339569, 10.396651268, 5.11077022552, 2.02250027657, 0.663681983948, 0.135859027505, 0.00571323558688, 0.00254195393063, 0.00105571595486, 0.000424036668846, 0.017542636022, 0.190022438765, 0.128292217851, 0.00123603257816]}, "erbbands_crest": {"dmean": 3.04089164734, "dmean2": 4.90769481659, "dvar": 7.79522943497, "dvar2": 18.2533283234, "max": 32.6723861694, "mean": 9.9316072464, "median": 8.89674854279, "min": 2.55314493179, "var": 21.4494953156}, "erbbands_flatness_db": {"dmean": 0.0259278006852, "dmean2": 0.0386211611331, "dvar": 0.000482905976241, "dvar2": 0.00104180362541, "max": 0.376061558723, "mean": 0.147752195597, "median": 0.145506218076, "min": 0.0308273658156, "var": 0.00176978472155}, "erbbands_kurtosis": {"dmean": 1.69168138504, "dmean2": 2.67002367973, "dvar": 5.74776363373, "dvar2": 13.1939907074, "max": 54.1484527588, "mean": 2.19015097618, "median": 1.28599119186, "min": -1.70942461491, "var": 11.4803581238}, "erbbands_skewness": {"dmean": 0.442495644093, "dmean2": 0.683746576309, "dvar": 0.165831118822, "dvar2": 0.375935941935, "max": 5.84098577499, "mean": 0.519081354141, "median": 0.497549206018, "min": -3.54774546623, "var": 0.712434887886}, "erbbands_spread": {"dmean": 8.03549098969, "dmean2": 12.2552967072, "dvar": 77.173034668, "dvar2": 167.382888794, "max": 121.975227356, "mean": 27.1858825684, "median": 24.215883255, "min": 2.08366823196, "var": 216.371704102}, "gfcc": {"cov": [[38826.1132812, 3091.25048828, -1911.54797363, -425.976531982, -237.299713135, -797.004882812, 468.950775146, -828.346740723, 42.894657135, -212.973937988, -19.7542209625, 49.3353042603, -172.06211853], [3091.25048828, 1023.43927002, -93.8182754517, -264.497253418, 4.36125850677, -55.6882820129, 75.4961395264, -83.838760376, -20.7575778961, -10.4326124191, 21.7232723236, -77.4027175903, 83.5060958862], [-1911.54797363, -93.8182754517, 422.627838135, 142.588912964, -64.06199646, 110.869857788, -78.0201873779, 106.599029541, -13.7527942657, 58.3291015625, 20.5761375427, 2.47534203529, 28.5988845825], [-425.976531982, -264.497253418, 142.588912964, 324.95123291, 58.0366592407, -46.3609085083, 21.4095554352, 14.4420261383, 37.3923377991, 16.4300727844, -14.3077898026, 39.9325637817, -44.9235992432], [-237.299713135, 4.36125850677, -64.06199646, 58.0366592407, 226.603118896, -0.037933818996, 65.019744873, -42.7754249573, -6.4959731102, -31.7447242737, 8.76960945129, -7.83522224426, 4.89143323898], [-797.004882812, -55.6882820129, 110.869857788, -46.3609085083, -0.037933818996, 310.712036133, -15.1967563629, 81.4056930542, -55.0042076111, -4.4508061409, 0.146674931049, -24.1859149933, 26.7232723236], [468.950775146, 75.4961395264, -78.0201873779, 21.4095554352, 65.019744873, -15.1967563629, 268.167785645, -15.6228046417, 61.8477554321, -8.6861371994, -19.3334293365, 19.7410755157, -26.1021995544], [-828.346740723, -83.838760376, 106.599029541, 14.4420261383, -42.7754249573, 81.4056930542, -15.6228046417, 212.258956909, 51.2330131531, 45.1943321228, 4.37734746933, -40.6135635376, 26.1127872467], [42.894657135, -20.7575778961, -13.7527942657, 37.3923377991, -6.4959731102, -55.0042076111, 61.8477554321, 51.2330131531, 142.421966553, 61.1732177734, 10.5195541382, 21.7852935791, -26.3468322754], [-212.973937988, -10.4326124191, 58.3291015625, 16.4300727844, -31.7447242737, -4.4508061409, -8.6861371994, 45.1943321228, 61.1732177734, 112.89730072, 54.0880279541, 14.4044647217, 19.2598438263], [-19.7542209625, 21.7232723236, 20.5761375427, -14.3077898026, 8.76960945129, 0.146674931049, -19.3334293365, 4.37734746933, 10.5195541382, 54.0880279541, 86.6501235962, 35.9095687866, 22.0481529236], [49.3353042603, -77.4027175903, 2.47534203529, 39.9325637817, -7.83522224426, -24.1859149933, 19.7410755157, -40.6135635376, 21.7852935791, 14.4044647217, 35.9095687866, 93.8876266479, 5.30217409134], [-172.06211853, 83.5060958862, 28.5988845825, -44.9235992432, 4.89143323898, 26.7232723236, -26.1021995544, 26.1127872467, -26.3468322754, 19.2598438263, 22.0481529236, 5.30217409134, 93.8610839844]], "icov": [[6.56682896079e-05, -0.000289182731649, 0.000446499616373, -0.00038613457582, 0.000275675294688, -9.51537658693e-05, 4.66060300823e-05, -2.88094342977e-05, 0.000113700894872, -2.03263880394e-05, -7.75733424234e-05, -0.000146462145494, 0.000153086308273], [-0.000289182731649, 0.00322541710921, -0.00259170169011, 0.0026854260359, -0.000536616600584, 0.000770727870986, -0.00126992643345, 0.00218926230446, -0.00221840315498, 0.0017337257741, -0.00191175728105, 0.00426844367757, -0.00324893184006], [0.000446499616373, -0.00259170169011, 0.00789124891162, -0.00595603324473, 0.00346440006979, -0.00231020688079, 0.00115732464474, -0.0015987905208, 0.00216114008799, -0.00161131250206, -0.000963569851592, -0.00119216856547, 0.000343998108292], [-0.00038613457582, 0.0026854260359, -0.00595603324473, 0.0100276842713, -0.00556962145492, 0.00295212236233, -0.00049523380585, -0.00119603599887, 0.000787077355199, -0.00286895385943, 0.00532124005258, -0.00375209818594, 0.00293357553892], [0.000275675294688, -0.000536616600584, 0.00346440006979, -0.00556962145492, 0.00981905590743, -0.00205600634217, -0.00178750057239, 0.00379965500906, -0.00341494288296, 0.00630658213049, -0.00843733921647, 0.00732838455588, -0.00490373652428], [-9.51537658693e-05, 0.000770727870986, -0.00231020688079, 0.00295212236233, -0.00205600634217, 0.0053731543012, -0.000757701054681, -0.00264845904894, 0.00334842759185, -0.00139089860022, 0.00179134053178, -0.00160265574232, 0.00125522480812], [4.66060300823e-05, -0.00126992643345, 0.00115732464474, -0.00049523380585, -0.00178750057239, -0.000757701054681, 0.00569451972842, -0.00105965090916, -0.00126738811377, -0.000991121283732, 0.00330267474055, -0.00382709829137, 0.00210089981556], [-2.88094342977e-05, 0.00218926230446, -0.0015987905208, -0.00119603599887, 0.00379965500906, -0.00264845904894, -0.00105965090916, 0.0127574009821, -0.00961453095078, 0.00517058372498, -0.00664547178894, 0.0121929459274, -0.00826121866703], [0.000113700894872, -0.00221840315498, 0.00216114008799, 0.000787077355199, -0.00341494288296, 0.00334842759185, -0.00126738811377, -0.00961453095078, 0.0214503612369, -0.0149251185358, 0.00994070805609, -0.012701115571, 0.0109133981168], [-2.03263880394e-05, 0.0017337257741, -0.00161131250206, -0.00286895385943, 0.00630658213049, -0.00139089860022, -0.000991121283732, 0.00517058372498, -0.0149251185358, 0.02738622576, -0.0196230616421, 0.0126486094669, -0.010022691451], [-7.75733424234e-05, -0.00191175728105, -0.000963569851592, 0.00532124005258, -0.00843733921647, 0.00179134053178, 0.00330267474055, -0.00664547178894, 0.00994070805609, -0.0196230616421, 0.0323361009359, -0.0196681302041, 0.00742818042636], [-0.000146462145494, 0.00426844367757, -0.00119216856547, -0.00375209818594, 0.00732838455588, -0.00160265574232, -0.00382709829137, 0.0121929459274, -0.012701115571, 0.0126486094669, -0.0196681302041, 0.0314263962209, -0.0131964916363], [0.000153086308273, -0.00324893184006, 0.000343998108292, 0.00293357553892, -0.00490373652428, 0.00125522480812, 0.00210089981556, -0.00826121866703, 0.0109133981168, -0.010022691451, 0.00742818042636, -0.0131964916363, 0.022025745362]], "mean": [-63.0490074158, 104.514381409, -66.0783691406, -8.46078872681, -15.6448812485, -15.3006362915, 16.0038986206, -16.3628292084, -2.78778767586, -7.43815469742, -6.68384456635, -2.63266301155, -6.12008237839]}, "hfc": {"dmean": 91.2325744629, "dmean2": 145.507720947, "dvar": 12828.8183594, "dvar2": 32362.1660156, "max": 1590.3125, "mean": 228.734954834, "median": 181.806838989, "min": 1.05895231885e-16, "var": 36439.703125}, "melbands": {"dmean": [0.00214097159915, 0.00154236576054, 0.00108013965655, 0.000548754120246, 0.000427042599767, 0.000332418101607, 0.000203468458494, 0.000156992406119, 9.91230845102e-05, 0.000127981227706, 9.47244407143e-05, 7.92954597273e-05, 8.06305324659e-05, 4.48811442766e-05, 3.0005008739e-05, 1.86030210898e-05, 1.01411287687e-05, 8.17154977995e-06, 6.7038117777e-06, 4.44998704552e-06, 2.87617945105e-06, 2.83189319816e-06, 3.08272660732e-06, 2.69146494247e-06, 2.26109523283e-06, 2.01458601623e-06, 1.42472742937e-06, 1.22310495954e-06, 9.11202334919e-07, 6.88587647346e-07, 5.81157394208e-07, 5.69440601339e-07, 4.15158012856e-07, 2.91481313752e-07, 2.01696593649e-07, 1.65748431868e-07, 6.516867046e-08, 2.41478161911e-08, 2.13610480415e-08, 1.93028402151e-08], "dmean2": [0.00349828740582, 0.00262222089805, 0.00178476097062, 0.000879695522599, 0.000664379622322, 0.000522305315826, 0.000316942285281, 0.000243264017627, 0.000158490656759, 0.000202568757231, 0.00014987749455, 0.000124654936371, 0.000124805475934, 7.06955615897e-05, 4.71381390525e-05, 2.96383186651e-05, 1.58587645274e-05, 1.30884136524e-05, 1.04442224256e-05, 6.99784095559e-06, 4.37642029283e-06, 4.03094327339e-06, 4.52710992249e-06, 4.03149851991e-06, 3.31876890414e-06, 2.96561597679e-06, 2.00999807021e-06, 1.79095570729e-06, 1.37911956699e-06, 1.01411637843e-06, 8.4583291482e-07, 8.35019477563e-07, 6.43148553081e-07, 4.80731898733e-07, 3.34917416467e-07, 2.71218283387e-07, 1.08665126675e-07, 4.0315537575e-08, 3.56237030985e-08, 3.21087973987e-08], "dvar": [1.04857472252e-05, 4.58089516542e-06, 7.54916072765e-06, 1.42431554195e-06, 1.34385857109e-06, 9.50140645273e-07, 2.63699064362e-07, 2.29136276175e-07, 5.49155814156e-08, 7.24918578499e-08, 3.69042254533e-08, 2.37801280889e-08, 4.59111433315e-08, 1.0577061893e-08, 3.82898512896e-09, 1.69869784905e-09, 5.9605603786e-10, 4.80088302446e-10, 3.16964010594e-10, 1.22521034984e-10, 9.10651623554e-11, 1.21641891004e-10, 1.01362931937e-10, 7.87693174575e-11, 5.66427009463e-11, 4.74029496211e-11, 2.58903922606e-11, 1.54835467364e-11, 7.13995095686e-12, 2.20028205725e-12, 1.40169343146e-12, 1.23949299175e-12, 8.63076212061e-13, 6.28015868476e-13, 2.4649854098e-13, 1.67438938691e-13, 2.7782065724e-14, 2.53551033014e-15, 1.97779863843e-15, 1.57252630158e-15], "dvar2": [2.67207306024e-05, 1.27116381918e-05, 2.02495994017e-05, 3.41743429999e-06, 3.12439397021e-06, 2.10373696063e-06, 5.96165023126e-07, 5.11451162311e-07, 1.2998086163e-07, 1.68940815115e-07, 8.91227998068e-08, 5.80258436855e-08, 1.02863459972e-07, 2.57846455298e-08, 8.96000784678e-09, 3.90339760514e-09, 1.38138522843e-09, 1.21602683478e-09, 7.85266518477e-10, 2.93859242495e-10, 1.91912263858e-10, 1.86378773526e-10, 1.94452814961e-10, 1.64677660397e-10, 1.15793541422e-10, 1.01197224212e-10, 4.3309252018e-11, 2.93968599463e-11, 1.4232652383e-11, 4.32700793598e-12, 2.69575659538e-12, 2.63069015356e-12, 1.99980700402e-12, 1.59030221717e-12, 6.01800293626e-13, 4.06296686833e-13, 6.7568089253e-14, 6.08223823886e-15, 4.73820828628e-15, 3.76321237762e-15], "max": [0.0519920140505, 0.0371421575546, 0.0948307588696, 0.0237230211496, 0.0343207418919, 0.0316582508385, 0.020971365273, 0.0186854191124, 0.00591502711177, 0.0066190212965, 0.00392558984458, 0.00518605858088, 0.00891273282468, 0.00302858022042, 0.00140252686106, 0.00136216112878, 0.00116354587954, 0.000797951128334, 0.000540759647265, 0.000328162946971, 0.000422317243647, 0.000684217899106, 0.000507177319378, 0.000277766201179, 0.000183667812962, 0.000232589867665, 0.000206222190172, 0.000164278040756, 9.8797827377e-05, 5.65032496525e-05, 3.18000311381e-05, 2.6184534363e-05, 1.92272091226e-05, 1.9956361939e-05, 9.40038898989e-06, 6.83692042003e-06, 2.87162606583e-06, 1.63893253102e-06, 1.45755666381e-06, 1.30447415359e-06], "mean": [0.00379731412977, 0.00241614691913, 0.00163973751478, 0.00078788009705, 0.000620343838818, 0.000488537771162, 0.000313104217639, 0.000245201023063, 0.000162042138982, 0.000208625278901, 0.000152959823026, 0.000126691185869, 0.00012317232904, 7.18389201211e-05, 4.83638541482e-05, 2.98473678413e-05, 1.61389034474e-05, 1.29575882966e-05, 1.0180049685e-05, 6.28272209724e-06, 4.24994186687e-06, 4.17905039285e-06, 4.32434899267e-06, 3.84407985621e-06, 3.11618236992e-06, 2.72668148682e-06, 2.07352582038e-06, 1.74770070771e-06, 1.32699949518e-06, 1.08440315216e-06, 9.02313047391e-07, 7.83437883456e-07, 4.42416052238e-07, 2.71253753681e-07, 1.89648815763e-07, 1.56612458113e-07, 6.10111783317e-08, 2.45053062287e-08, 2.18855067402e-08, 2.00538643469e-08], "median": [0.0016972112935, 0.00151996372733, 0.000537722138688, 0.000218509449041, 0.000111891298729, 0.000102739111753, 9.22969047679e-05, 6.37254779576e-05, 5.07598633703e-05, 7.71682243794e-05, 5.58156680199e-05, 5.18025699421e-05, 3.55654774467e-05, 2.2431700927e-05, 1.72784439201e-05, 1.01906689451e-05, 5.68940276935e-06, 4.96569600728e-06, 3.0850778785e-06, 1.99013175006e-06, 1.30746718696e-06, 1.01285934306e-06, 1.11164013106e-06, 1.06887557649e-06, 7.93310846348e-07, 7.60995760629e-07, 5.75360218136e-07, 5.55347867248e-07, 4.88062482873e-07, 4.99184807268e-07, 3.90232600012e-07, 2.92947930802e-07, 1.11281146076e-07, 5.59514639065e-08, 4.06660980445e-08, 3.24902842408e-08, 1.60529580739e-08, 8.15129830301e-09, 7.39295691332e-09, 7.02443214706e-09], "min": [8.86483921356e-25, 7.95595509376e-25, 9.82183793212e-25, 9.96330928864e-25, 1.15848661274e-24, 6.89534048138e-25, 2.79248477409e-24, 2.13077582223e-24, 1.67293909664e-24, 2.05149806227e-24, 2.69049807525e-24, 2.36238952552e-24, 2.44343926429e-24, 1.8157256815e-24, 2.98837629179e-24, 1.94724575491e-24, 2.48408413914e-24, 2.79236230343e-24, 2.42865068612e-24, 2.79130937134e-24, 2.52237229204e-24, 4.44452556484e-24, 4.18708909146e-24, 3.3693065733e-24, 4.51800598601e-24, 4.10364101832e-24, 3.2293508158e-24, 4.31158869725e-24, 4.44804191233e-24, 4.81697559162e-24, 4.68152068001e-24, 4.11431785625e-24, 4.56869463791e-24, 5.27829277152e-24, 5.91072768683e-24, 5.77271055501e-24, 4.88581593294e-24, 6.08235305423e-24, 4.84394950698e-24, 5.66271770684e-24], "var": [2.56170133071e-05, 8.60315958562e-06, 1.28447118186e-05, 2.58818386101e-06, 2.5560116228e-06, 1.86236081845e-06, 5.48233856534e-07, 4.70984531376e-07, 1.13832328452e-07, 1.45488755265e-07, 7.11299676937e-08, 4.67175134133e-08, 8.15682952293e-08, 2.05220640481e-08, 8.12412181972e-09, 3.22396087604e-09, 1.11650477752e-09, 9.0803881081e-10, 5.7495347372e-10, 2.0138772594e-10, 1.71984093633e-10, 2.97609825672e-10, 2.09419551145e-10, 1.43648731799e-10, 1.08214860683e-10, 8.43508526915e-11, 6.26111246183e-11, 3.42795097863e-11, 1.57667420786e-11, 5.23254183038e-12, 3.17013841393e-12, 2.01998292225e-12, 9.92308448952e-13, 5.57885389361e-13, 2.34369273121e-13, 1.63867048186e-13, 2.53989622438e-14, 2.69218432032e-15, 2.11558040576e-15, 1.70260801002e-15]}, "melbands_crest": {"dmean": 4.54092884064, "dmean2": 7.55922794342, "dvar": 14.8640985489, "dvar2": 39.0890541077, "max": 38.1331367493, "mean": 17.4958896637, "median": 16.7465457916, "min": 1.00109434128, "var": 46.49741745}, "melbands_flatness_db": {"dmean": 0.0400176420808, "dmean2": 0.0615052953362, "dvar": 0.00116103212349, "dvar2": 0.00270762317814, "max": 0.588641762733, "mean": 0.292834550142, "median": 0.29368981719, "min": 1.1648695164e-07, "var": 0.00602202070877}, "melbands_kurtosis": {"dmean": 10.9463090897, "dmean2": 17.4961700439, "dvar": 403.183380127, "dvar2": 957.408630371, "max": 486.127441406, "mean": 17.6513195038, "median": 8.2622089386, "min": -1.86946702003, "var": 910.544921875}, "melbands_skewness": {"dmean": 0.982635676861, "dmean2": 1.53900671005, "dvar": 1.0454416275, "dvar2": 2.48692321777, "max": 17.1907482147, "mean": 2.84414291382, "median": 2.47035503387, "min": -1.26128160954, "var": 3.82201004028}, "melbands_spread": {"dmean": 4.51613712311, "dmean2": 7.01432847977, "dvar": 38.0967979431, "dvar2": 76.4426803589, "max": 168.683837891, "mean": 14.4816017151, "median": 9.99147891998, "min": 0.328359305859, "var": 421.32598877}, "mfcc": {"cov": [[12686.9677734, 2862.09350586, -709.226257324, 558.842346191, -425.959686279, 402.758361816, -152.516525269, 111.536560059, -236.806228638, -57.8920326233, -64.7479400635, -66.6211090088, -39.7108955383], [2862.09350586, 1872.2980957, -52.1914482117, -3.00070738792, -122.639144897, 75.638885498, 124.841323853, -54.2494697571, 75.2292251587, -41.9340515137, 30.3407287598, 0.380422353745, -20.03424263], [-709.226257324, -52.1914482117, 490.494873047, -46.8114700317, 58.8689613342, -45.0349845886, 18.7777252197, -10.0343208313, 33.2108917236, 28.075302124, 11.7871961594, 25.644947052, 12.9726896286], [558.842346191, -3.00070738792, -46.8114700317, 460.386077881, -41.213809967, 39.3006057739, -63.870426178, 25.7609882355, -12.6186342239, 23.2606010437, 26.7894363403, 9.16534423828, 2.05061984062], [-425.959686279, -122.639144897, 58.8689613342, -41.213809967, 222.592483521, -21.3262062073, 38.5908279419, -26.8131313324, -6.1970448494, -10.3013868332, -10.9506988525, -7.52226161957, -3.14463663101], [402.758361816, 75.638885498, -45.0349845886, 39.3006057739, -21.3262062073, 205.542602539, 50.7135009766, 57.4643669128, -26.5821151733, -12.7287359238, -21.6533737183, -5.83042383194, 5.24193239212], [-152.516525269, 124.841323853, 18.7777252197, -63.870426178, 38.5908279419, 50.7135009766, 177.688858032, 26.9737110138, 52.5106010437, -24.7133407593, -2.04486393929, -1.08371984959, -7.91482400894], [111.536560059, -54.2494697571, -10.0343208313, 25.7609882355, -26.8131313324, 57.4643669128, 26.9737110138, 142.448074341, 29.877571106, 35.4839553833, -8.94967460632, 3.80726408958, 6.57191753387], [-236.806228638, 75.2292251587, 33.2108917236, -12.6186342239, -6.1970448494, -26.5821151733, 52.5106010437, 29.877571106, 145.74949646, 40.7962646484, 35.2514762878, 18.4057006836, -1.75884437561], [-57.8920326233, -41.9340515137, 28.075302124, 23.2606010437, -10.3013868332, -12.7287359238, -24.7133407593, 35.4839553833, 40.7962646484, 98.8740463257, 42.1404075623, 25.2502937317, 9.04775428772], [-64.7479400635, 30.3407287598, 11.7871961594, 26.7894363403, -10.9506988525, -21.6533737183, -2.04486393929, -8.94967460632, 35.2514762878, 42.1404075623, 83.557510376, 40.7225952148, 12.5912208557], [-66.6211090088, 0.380422353745, 25.644947052, 9.16534423828, -7.52226161957, -5.83042383194, -1.08371984959, 3.80726408958, 18.4057006836, 25.2502937317, 40.7225952148, 71.6502227783, 34.9481697083], [-39.7108955383, -20.03424263, 12.9726896286, 2.05061984062, -3.14463663101, 5.24193239212, -7.91482400894, 6.57191753387, -1.75884437561, 9.04775428772, 12.5912208557, 34.9481697083, 61.0242195129]], "icov": [[0.000179448878043, -0.000304972112644, 0.000162618467584, -0.00013263602159, 3.08170456265e-05, -0.000118087002193, 0.000263934285613, -0.000262999907136, 0.000336393801263, -8.1940968812e-05, 0.000120309312479, -2.1234014639e-05, 7.00081363902e-05], [-0.000304972112644, 0.00115973700304, -0.000250756653259, 0.000195634711417, 0.000397226598579, -7.17240181984e-05, -0.000889948103577, 0.000985881197266, -0.0009025989566, 0.000308569316985, -0.000385957653634, 9.3044975074e-05, -1.13679188871e-05], [0.000162618467584, -0.000250756653259, 0.00240033166483, -8.7399757831e-06, -0.000455404195236, 0.000268036441412, -5.70940319449e-05, 3.11422991217e-05, 5.45293769392e-05, -0.000834616832435, 0.000695647962857, -0.000798080407549, -0.000104889280919], [-0.00013263602159, 0.000195634711417, -8.7399757831e-06, 0.00260167964734, 2.19471121454e-06, -0.000630705850199, 0.00105047575198, -0.000357933720807, -0.000294166442472, 0.000338662735885, -0.00132025859784, 0.000101148260001, 0.000277225568425], [3.08170456265e-05, 0.000397226598579, -0.000455404195236, 2.19471121454e-06, 0.00550949573517, 0.00053091160953, -0.00208714068867, 0.00141703372356, 0.000709141488187, -0.000812459387816, 0.00083098129835, 0.000444658449851, -0.000223014096264], [-0.000118087002193, -7.17240181984e-05, 0.000268036441412, -0.000630705850199, 0.00053091160953, 0.00715468917042, -0.00287016783841, -0.00239488948137, 0.00240682368167, -0.000210465805139, 0.000942796526942, -3.93863629142e-05, -0.000909144466277], [0.000263934285613, -0.000889948103577, -5.70940319449e-05, 0.00105047575198, -0.00208714068867, -0.00287016783841, 0.0102572832257, -0.00244242604822, -0.00363270519301, 0.00456551508978, -0.00156332598999, -0.000513206759933, 0.00142367917579], [-0.000262999907136, 0.000985881197266, 3.11422991217e-05, -0.000357933720807, 0.00141703372356, -0.00239488948137, -0.00244242604822, 0.0114778606221, -0.00236363033764, -0.00519092800096, 0.00423035072163, -0.000343968800735, -0.00109056429937], [0.000336393801263, -0.0009025989566, 5.45293769392e-05, -0.000294166442472, 0.000709141488187, 0.00240682368167, -0.00363270519301, -0.00236363033764, 0.0116937085986, -0.0038050818257, -0.00192385807168, -0.000414633745095, 0.00106966809835], [-8.1940968812e-05, 0.000308569316985, -0.000834616832435, 0.000338662735885, -0.000812459387816, -0.000210465805139, 0.00456551508978, -0.00519092800096, -0.0038050818257, 0.0184442438185, -0.00819933693856, -0.000741633761209, 0.000613618642092], [0.000120309312479, -0.000385957653634, 0.000695647962857, -0.00132025859784, 0.00083098129835, 0.000942796526942, -0.00156332598999, 0.00423035072163, -0.00192385807168, -0.00819933693856, 0.0231774188578, -0.010628214106, 0.00161625503097], [-2.1234014639e-05, 9.3044975074e-05, -0.000798080407549, 0.000101148260001, 0.000444658449851, -3.93863629142e-05, -0.000513206759933, -0.000343968800735, -0.000414633745095, -0.000741633761209, -0.010628214106, 0.0270119272172, -0.0129988444969], [7.00081363902e-05, -1.13679188871e-05, -0.000104889280919, 0.000277225568425, -0.000223014096264, -0.000909144466277, 0.00142367917579, -0.00109056429937, 0.00106966809835, 0.000613618642092, 0.00161625503097, -0.0129988444969, 0.0238611642271]], "mean": [-719.891235352, 170.772766113, 2.39904308319, 29.5568981171, -12.2837162018, 18.2286510468, 9.71877574921, 9.23241424561, 6.36319446564, 2.59874677658, 3.03949308395, 1.83270227909, -0.747230887413]}, "pitch_salience": {"dmean": 0.0814741104841, "dmean2": 0.132867708802, "dvar": 0.00495549617335, "dvar2": 0.012845124118, "max": 0.996086418629, "mean": 0.519646704197, "median": 0.533181011677, "min": 0.0912034660578, "var": 0.0168153606355}, "silence_rate_20dB": {"dmean": 0, "dmean2": 0, "dvar": 0, "dvar2": 0, "max": 1, "mean": 1, "median": 1, "min": 1, "var": 0}, "silence_rate_30dB": {"dmean": 0.0404157042503, "dmean2": 0.0808407440782, "dvar": 0.0387837812304, "dvar2": 0.0911631137133, "max": 1, "mean": 0.931185781956, "median": 1, "min": 0, "var": 0.0640796795487}, "silence_rate_60dB": {"dmean": 0.00900692865252, "dmean2": 0.0180159378797, "dvar": 0.00892625469714, "dvar2": 0.0223107356578, "max": 1, "mean": 0.0706615895033, "median": 0, "min": 0, "var": 0.065667077899}, "spectral_centroid": {"dmean": 192.381103516, "dmean2": 285.879364014, "dvar": 69989.6875, "dvar2": 134185.4375, "max": 11930.7177734, "mean": 960.393676758, "median": 652.291687012, "min": 124.79536438, "var": 2250264}, "spectral_complexity": {"dmean": 2.83371829987, "dmean2": 4.16168165207, "dvar": 10.0281705856, "dvar2": 18.9618206024, "max": 51, "mean": 12.6641263962, "median": 12, "min": 0, "var": 53.638759613}, "spectral_contrast_coeffs": {"dmean": [0.055511046201, 0.0505922883749, 0.0386040508747, 0.0298332087696, 0.0196974184364, 0.0495791547], "dmean2": [0.0915104672313, 0.0830961763859, 0.0628469511867, 0.0488576069474, 0.0316246077418, 0.0756758674979], "dvar": [0.00195723772049, 0.00167625094764, 0.000952176284045, 0.000590279465541, 0.000285908434307, 0.00194874359295], "dvar2": [0.00512601574883, 0.00445664813742, 0.00251456699334, 0.00152188143693, 0.00070101354504, 0.00432023685426], "max": [-0.34385997057, -0.437422335148, -0.554588913918, -0.642929911613, -0.678353190422, -0.487798213959], "mean": [-0.694460213184, -0.765620291233, -0.788286924362, -0.822298526764, -0.847768604755, -0.75326281786], "median": [-0.697493553162, -0.770272493362, -0.789306342602, -0.822618186474, -0.845474421978, -0.757822155952], "min": [-0.981781303883, -0.994583010674, -0.992659926414, -0.985394120216, -0.986908853054, -0.964286804199], "var": [0.00858667306602, 0.00607994850725, 0.00363817671314, 0.00232544681057, 0.00125325506087, 0.0063379239291]}, "spectral_contrast_valleys": {"dmean": [0.405893266201, 0.395340651274, 0.353887885809, 0.366931796074, 0.373207479715, 0.630581855774], "dmean2": [0.665378332138, 0.629530131817, 0.526564121246, 0.538359105587, 0.520277678967, 1.02323770523], "dvar": [0.11384922266, 0.120126135647, 0.108227625489, 0.117703326046, 0.133885115385, 0.314411312342], "dvar2": [0.277730494738, 0.268776297569, 0.197238326073, 0.226170644164, 0.251311033964, 0.788144648075], "max": [-5.05328273773, -4.25349569321, -4.8974237442, -5.51065826416, -5.60780239105, -8.55623531342], "mean": [-7.32089090347, -7.17604732513, -7.55937480927, -8.45546531677, -8.63366317749, -11.7195367813], "median": [-6.71075773239, -6.61179113388, -6.95123958588, -7.8719997406, -8.10527420044, -11.2705583572], "min": [-28.2548122406, -28.002658844, -27.9083385468, -27.648399353, -27.6323661804, -27.4045639038], "var": [9.74954319, 9.83944129944, 9.44266319275, 8.6662940979, 8.4047832489, 6.17238855362]}, "spectral_decrease": {"dmean": 3.36812133739e-09, "dmean2": 5.3802695632e-09, "dvar": 1.80557778201e-17, "dvar2": 4.58502607031e-17, "max": 7.17131909411e-09, "mean": -6.49586739954e-09, "median": -4.34253610848e-09, "min": -9.746150198e-08, "var": 5.46368742633e-17}, "spectral_energy": {"dmean": 0.0146298035979, "dmean2": 0.022631501779, "dvar": 0.000320138322422, "dvar2": 0.000763702148106, "max": 0.395485311747, "mean": 0.0452638491988, "median": 0.0374568514526, "min": 9.90358063471e-21, "var": 0.00143147108611}, "spectral_energyband_high": {"dmean": 0.00040013436228, "dmean2": 0.000521199952345, "dvar": 1.48345156958e-06, "dvar2": 2.141846835e-06, "max": 0.0446744337678, "mean": 0.000680351571646, "median": 0.000228754957789, "min": 7.10915046021e-21, "var": 4.57553187516e-06}, "spectral_energyband_low": {"dmean": 0.00956531893462, "dmean2": 0.0156479310244, "dvar": 0.000162647964316, "dvar2": 0.000416874041548, "max": 0.303606450558, "mean": 0.0192115288228, "median": 0.0125012705103, "min": 1.40443115767e-23, "var": 0.000444274774054}, "spectral_energyband_middle_high": {"dmean": 0.00137197528966, "dmean2": 0.00196763803251, "dvar": 5.48632669961e-06, "dvar2": 1.1329580957e-05, "max": 0.0695671066642, "mean": 0.00321863498539, "median": 0.00173891871236, "min": 1.10040123655e-21, "var": 1.86159195437e-05}, "spectral_energyband_middle_low": {"dmean": 0.00641291774809, "dmean2": 0.00991353858262, "dvar": 0.000137485621963, "dvar2": 0.000338662881404, "max": 0.252387911081, "mean": 0.0137123893946, "median": 0.00634153140709, "min": 1.49134482298e-22, "var": 0.000373647344531}, "spectral_entropy": {"dmean": 0.244363367558, "dmean2": 0.358694016933, "dvar": 0.0477001443505, "dvar2": 0.105675891042, "max": 9.82713699341, "mean": 7.32378387451, "median": 7.28546857834, "min": 5.67871713638, "var": 0.279900312424}, "spectral_flux": {"dmean": 0.0271325595677, "dmean2": 0.0425813123584, "dvar": 0.000764335447457, "dvar2": 0.00174153200351, "max": 0.435144037008, "mean": 0.107695572078, "median": 0.105459876359, "min": 6.35640221014e-11, "var": 0.00313962530345}, "spectral_kurtosis": {"dmean": 5.50137853622, "dmean2": 8.50013828278, "dvar": 41.1397781372, "dvar2": 103.395355225, "max": 130.539276123, "mean": 19.3324050903, "median": 17.7828578949, "min": -1.30891418457, "var": 94.023399353}, "spectral_rms": {"dmean": 0.00103075569496, "dmean2": 0.00156123598572, "dvar": 1.03427669274e-06, "dvar2": 2.28814428738e-06, "max": 0.0196427926421, "mean": 0.00598692381755, "median": 0.00604510260746, "min": 3.10838052346e-12, "var": 8.31658599054e-06}, "spectral_rolloff": {"dmean": 4873.55810547, "dmean2": 9482.09277344, "dvar": 68554544, "dvar2": 167273584, "max": 22050, "mean": 16276.4394531, "median": 21640.8691406, "min": 21.533203125, "var": 79648208}, "spectral_skewness": {"dmean": 0.461152285337, "dmean2": 0.691632866859, "dvar": 0.219941943884, "dvar2": 0.515129446983, "max": 8.61759757996, "mean": 3.14899778366, "median": 3.10667848587, "min": -0.120579667389, "var": 0.832576036453}, "spectral_spread": {"dmean": 641684.4375, "dmean2": 994082.125, "dvar": 592582082560, "dvar2": 1372547317760.0, "max": 43969128, "mean": 5076272.5, "median": 4303565, "min": 1001199.6875, "var": 262149