{"lowlevel": {"average_loudness": 0.884116411209, "barkbands": {"dmean": [0.00203160359524, 0.00420915288851, 0.000866771035362, 0.00032290891977, 0.000917571422178, 0.000995228881948, 0.00122470397037, 0.000828954041936, 0.000879071303643, 0.00103296304587, 0.000709318963345, 0.000729742343538, 0.000376800599042, 0.000475708366139, 0.000709370884579, 0.00054430559976, 0.000150678795762, 7.40410032449e-05, 0.000102296471596, 0.000154840701725, 7.53712374717e-05, 4.76921268273e-05, 2.96307043754e-05, 6.57574310026e-06, 1.56975352184e-06, 9.04539047042e-06, 0.000108143794932], "dmean2": [0.00344876386225, 0.00689093023539, 0.00148069614079, 0.000543653673958, 0.00147251156159, 0.0015657680342, 0.00196666177362, 0.00132422614843, 0.00141904246993, 0.00164772442076, 0.00111004372593, 0.00114714307711, 0.000617835612502, 0.000768691243138, 0.0011336292373, 0.000862743530888, 0.000244949944317, 0.000118961877888, 0.00015989280655, 0.000241525980528, 0.000112579706183, 6.87564679538e-05, 4.4488151616e-05, 9.73245732894e-06, 2.59491616816e-06, 1.34611655085e-05, 0.000151598404045], "dvar": [9.6027060863e-06, 3.40941478498e-05, 1.70918485765e-06, 2.03177563662e-07, 5.43222904525e-06, 9.64561331784e-06, 2.27520322369e-05, 5.68598761674e-06, 5.87602426094e-06, 5.51279526917e-06, 5.41548297406e-06, 3.72473323296e-06, 5.56572786081e-07, 7.94678442162e-07, 1.54054418999e-06, 1.50175162617e-06, 6.45227942186e-08, 2.21317293381e-08, 4.52242581161e-08, 9.09013238015e-08, 1.94856557556e-08, 1.03496349269e-08, 8.93661944446e-09, 2.19066972895e-10, 7.33754810384e-12, 9.49843981246e-10, 2.88592847397e-08], "dvar2": [2.42656969931e-05, 8.67516355356e-05, 4.76812783745e-06, 5.31041507656e-07, 1.17765866889e-05, 2.22855160246e-05, 5.6124132243e-05, 1.37789365908e-05, 1.48214430737e-05, 1.3024123291e-05, 1.2634189261e-05, 8.44340684125e-06, 1.46465185935e-06, 2.02176261155e-06, 3.80702113034e-06, 3.67523443856e-06, 1.61732018e-07, 5.51956347294e-08, 1.09686858707e-07, 2.31761191571e-07, 4.32117026605e-08, 2.18640110461e-08, 2.18795062068e-08, 4.96714169795e-10, 1.81712301456e-11, 2.43561948388e-09, 5.70136116096e-08], "max": [0.0392516963184, 0.0824177339673, 0.0176915433258, 0.0079856486991, 0.0709151625633, 0.0712849497795, 0.115841247141, 0.0632033199072, 0.0710277706385, 0.0483071580529, 0.0806420594454, 0.0626881122589, 0.0150677021593, 0.0203029513359, 0.0325024984777, 0.0320411100984, 0.00573931168765, 0.00656745443121, 0.00914994161576, 0.00909570511431, 0.00354965939187, 0.00297310412861, 0.00184784037992, 0.000462095980765, 3.94192866224e-05, 0.000959633791354, 0.00625804299489], "mean": [0.00235731014982, 0.00625756941736, 0.00103269633837, 0.000423149351263, 0.00144265079871, 0.00127239956055, 0.00149553304072, 0.00114321650472, 0.00122067786288, 0.00150726956781, 0.000958254793659, 0.00109053368215, 0.000645539315883, 0.000754526117817, 0.00129770545755, 0.000906276807655, 0.000287282135105, 0.000152337830514, 0.000223660565098, 0.000333796779159, 0.000179844515515, 0.000101442507003, 4.46625890618e-05, 1.10046721602e-05, 1.52084408001e-06, 1.37005017677e-05, 0.000359848316293], "median": [0.00125361327082, 0.00405000988394, 0.000551473116502, 0.000220421439735, 0.000595675432123, 0.000367907719919, 0.000238988097408, 0.000360600912245, 0.00031809558277, 0.00057736429153, 0.000279068161035, 0.000433721957961, 0.000304128509015, 0.000389763852581, 0.000726766884327, 0.000438530172687, 0.000143479264807, 6.13128067926e-05, 7.17135844752e-05, 0.00012538205192, 9.12255127332e-05, 4.49266262876e-05, 1.49103761942e-05, 4.34047933595e-06, 5.10597146786e-07, 4.36282925875e-06, 0.000189633574337], "min": [2.29530370946e-25, 3.88907292286e-25, 3.49857937921e-25, 3.88746749231e-24, 1.37396692723e-23, 9.30143290105e-24, 1.3009258227e-23, 4.36613961213e-24, 1.17269214382e-23, 2.00880999823e-23, 1.92397952524e-23, 1.19371599692e-23, 1.81237069551e-23, 3.46496487219e-23, 1.8580918114e-23, 7.13955469936e-23, 7.04211964905e-23, 1.25408196842e-22, 1.05652330363e-22, 1.80692048707e-22, 3.07755843708e-22, 3.58772652274e-22, 3.82446582609e-22, 5.44955362208e-22, 9.60828139695e-22, 1.44022141091e-21, 2.08566341508e-21], "var": [1.1033037481e-05, 5.23961352883e-05, 2.01587567972e-06, 3.57592028877e-07, 1.45744279507e-05, 1.33366384034e-05, 2.87604889309e-05, 8.95153880265e-06, 8.77534421306e-06, 9.39596793614e-06, 7.98536439106e-06, 6.52425705994e-06, 1.15843545245e-06, 1.33095306865e-06, 3.21648212775e-06, 2.67421114586e-06, 1.55810866431e-07, 6.44512354597e-08, 1.71765293544e-07, 3.06184205101e-07, 6.66076331868e-08, 2.46002276327e-08, 9.40363609203e-09, 3.47373740883e-10, 7.96598117331e-12, 9.22246112811e-10, 2.26997457276e-07]}, "barkbands_crest": {"dmean": 3.16382884979, "dmean2": 5.16744661331, "dvar": 7.62223672867, "dvar2": 19.1697425842, "max": 26.7966117859, "mean": 10.1220932007, "median": 9.00771617889, "min": 2.05138278008, "var": 24.0128574371}, "barkbands_flatness_db": {"dmean": 0.0246245227754, "dmean2": 0.0379689782858, "dvar": 0.000552990590222, "dvar2": 0.00128696125466, "max": 0.420283287764, "mean": 0.122816994786, "median": 0.11371242255, "min": 0.0247953813523, "var": 0.0027566854842}, "barkbands_kurtosis": {"dmean": 5.12408733368, "dmean2": 8.04741096497, "dvar": 315.18359375, "dvar2": 778.106994629, "max": 503.951751709, "mean": 6.88212108612, "median": 0.915376424789, "min": -1.89871382713, "var": 789.620117188}, "barkbands_skewness": {"dmean": 0.66569852829, "dmean2": 1.01285982132, "dvar": 0.828859388828, "dvar2": 1.77812206745, "max": 21.7336616516, "mean": 1.48199498653, "median": 0.999539315701, "min": -3.43749547005, "var": 3.7779917717}, "barkbands_spread": {"dmean": 6.97040081024, "dmean2": 10.8316040039, "dvar": 50.1288566589, "dvar2": 117.587127686, "max": 135.26449585, "mean": 29.1886920929, "median": 27.706161499, "min": 0.409232646227, "var": 236.673110962}, "dissonance": {"dmean": 0.0170873384923, "dmean2": 0.0292228590697, "dvar": 0.000375167437596, "dvar2": 0.0010015812004, "max": 0.500000238419, "mean": 0.474524945021, "median": 0.483177185059, "min": 0.229485198855, "var": 0.000709904008545}, "dynamic_complexity": 3.58192491531, "erbbands": {"dmean": [0.199380904436, 0.734880447388, 1.09598529339, 0.91496360302, 1.26102828979, 3.64416718483, 5.79275369644, 10.0438547134, 18.6094036102, 15.7267827988, 15.5598068237, 17.8235092163, 29.09557724, 29.0373764038, 35.8375854492, 20.7833576202, 16.5775279999, 17.4937515259, 31.7135047913, 35.8816452026, 21.655544281, 7.99641084671, 4.02047729492, 3.87571334839, 6.9969792366, 6.92447805405, 3.45979833603, 2.54510402679, 1.76615202427, 1.36796522141, 0.733134865761, 0.234366938472, 0.0686737075448, 0.0196688156575, 0.01108533144, 0.0104015795514, 0.0183666218072, 0.0162171199918, 0.00938906148076, 0.00216857623309], "dmean2": [0.330129832029, 1.21899163723, 1.85350835323, 1.54812896252, 2.09021854401, 5.94114971161, 9.06517410278, 15.7814846039, 29.9062633514, 25.1443004608, 24.6402568817, 28.65284729, 46.6244659424, 45.1805076599, 55.1912078857, 33.143737793, 26.804271698, 27.952545166, 50.7752914429, 55.9687423706, 33.9804992676, 12.7845058441, 6.39385414124, 6.00153589249, 10.8958892822, 10.7990312576, 5.26852989197, 3.76031303406, 2.54871630669, 1.96876609325, 1.12020277977, 0.350263208151, 0.101675614715, 0.0318069048226, 0.0182694792747, 0.015850616619, 0.0271958056837, 0.0225229393691, 0.0129726678133, 0.00298787862994], "dvar": [0.0931285321712, 1.02849423885, 2.56682181358, 1.59663617611, 3.0955286026, 83.1611175537, 288.297637939, 1104.50476074, 5852.06591797, 2591.47021484, 1970.38061523, 2192.0144043, 4868.81933594, 6151.77978516, 12271.7978516, 1579.60424805, 1148.12817383, 965.820678711, 2697.58984375, 4506.19921875, 2256.99609375, 174.312896729, 50.0419120789, 76.6634597778, 212.656936646, 176.611160278, 46.5423812866, 24.5164642334, 13.5247354507, 13.8280611038, 5.60689115524, 0.358604937792, 0.0188709553331, 0.00102618243545, 0.000361339509254, 0.00031706847949, 0.00354555808008, 0.00249090138823, 0.000339445949066, 1.13313444672e-05], "dvar2": [0.243363976479, 2.66506457329, 6.8663520813, 4.42850255966, 8.15602397919, 192.181838989, 598.768676758, 2576.8137207, 14364.5292969, 6239.43457031, 4837.37451172, 5597.66796875, 11785.3466797, 14449.3779297, 28993.3496094, 3703.85595703, 2981.17285156, 2348.87231445, 6835.25439453, 10481.4355469, 5598.91357422, 441.360656738, 124.200660706, 175.676513672, 530.056091309, 437.289550781, 107.293182373, 51.7418403625, 27.9122123718, 30.7672023773, 14.1207504272, 0.863001346588, 0.0389730520546, 0.00246641854756, 0.000892985728569, 0.000691086810548, 0.00896651111543, 0.00568224210292, 0.000680332595948, 2.22611215577e-05], "max": [4.79361057281, 14.9016084671, 18.8343601227, 23.8531188965, 26.280708313, 277.351654053, 509.978790283, 741.450195312, 1837.74230957, 1572.78942871, 1334.54345703, 1290.6784668, 1211.79077148, 2236.54296875, 4077.28100586, 963.058349609, 758.236755371, 796.764465332, 896.72869873, 2126.76586914, 1328.19445801, 267.746826172, 292.401855469, 441.817779541, 499.181488037, 415.186401367, 244.062896729, 134.250900269, 128.739532471, 82.2527923584, 42.9407196045, 15.4882688522, 3.72509384155, 0.446876376867, 0.279027760029, 0.360736429691, 1.68625736237, 1.34926152229, 0.69281744957, 0.12821406126], "mean": [0.278420239687, 1.02354121208, 1.38968586922, 1.29968464375, 1.86744916439, 5.33682060242, 8.26452350616, 12.9048061371, 22.8408908844, 21.6412563324, 22.6158218384, 25.8891086578, 41.6568222046, 43.6423988342, 51.7421798706, 34.776714325, 30.0228977203, 32.3579673767, 59.7292480469, 66.2996673584, 39.4666748047, 16.3824615479, 8.8141450882, 8.84214496613, 15.8242883682, 15.2442502975, 8.22500991821, 6.08476829529, 3.87491583824, 2.35495519638, 1.08324468136, 0.378939151764, 0.114043824375, 0.0229448806494, 0.0112075135112, 0.0156704522669, 0.0292406268418, 0.0331833213568, 0.027962256223, 0.00770430080593], "median": [0.159026145935, 0.62545466423, 0.818315327168, 0.762335717678, 1.14064288139, 2.00835323334, 2.66554927826, 3.30497312546, 3.61076307297, 6.57999229431, 7.97272634506, 7.77331972122, 15.3589324951, 17.2306270599, 15.5016202927, 17.98138237, 14.8522949219, 18.8557052612, 35.0351409912, 38.2000274658, 21.0107555389, 8.95645713806, 4.00444507599, 2.80642724037, 5.27460813522, 5.828083992, 3.87125730515, 3.16669678688, 1.77523064613, 0.849219441414, 0.363938301802, 0.140409693122, 0.0485784038901, 0.0102294897661, 0.00419075461105, 0.00721428683028, 0.00926148705184, 0.0106523213908, 0.00987972132862, 0.00452878884971], "min": [2.91293705011e-23, 3.23540761095e-22, 1.58700265171e-21, 1.10589718125e-20, 2.55426086858e-20, 5.61438436389e-20, 7.14633061316e-20, 8.0347497329e-20, 7.74805410247e-20, 3.00593505494e-19, 2.78953323296e-19, 3.28008183849e-19, 6.35939350063e-19, 1.07919090554e-18, 1.06036634275e-18, 7.51385225844e-19, 1.31205693043e-18, 2.02015724238e-18, 1.21113800057e-18, 3.61771783598e-18, 4.38269694801e-18, 4.94920896131e-18, 6.648831028e-18, 6.16199015617e-18, 7.13229783011e-18, 7.55043432103e-18, 1.04725226268e-17, 1.17783959685e-17, 1.28446392227e-17, 1.16441859141e-17, 1.02633799351e-17, 1.10473775837e-17, 9.57453204506e-18, 7.94099509187e-18, 5.82637196238e-18, 4.4109807347e-18, 2.44666645547e-18, 9.06427203573e-19, 2.90866404328e-19, 2.64603607287e-20], "var": [0.125804975629, 1.4901072979, 3.07056832314, 2.62608909607, 4.99460458755, 195.367935181, 649.015441895, 1511.42700195, 7455.58447266, 3568.44140625, 2956.64941406, 3483.95874023, 7234.89550781, 9942.24023438, 19721.1855469, 3016.90625, 2379.64257812, 1973.25976562, 5974.33447266, 9028.87792969, 4326.54980469, 449.895812988, 174.905883789, 283.787994385, 803.417297363, 642.192199707, 162.718948364, 75.0462646484, 34.8995132446, 20.0675888062, 5.54322338104, 0.465067923069, 0.0356289669871, 0.00130347709637, 0.000398140167817, 0.000558026484214, 0.0037277659867, 0.00395133160055, 0.00212749233469, 9.16012577363e-05]}, "erbbands_crest": {"dmean": 2.64233231544, "dmean2": 4.36869192123, "dvar": 6.51293182373, "dvar2": 16.6183719635, "max": 29.3709316254, "mean": 8.3643579483, "median": 7.29068231583, "min": 2.42779946327, "var": 15.5896759033}, "erbbands_flatness_db": {"dmean": 0.0195748433471, "dmean2": 0.0293174497783, "dvar": 0.00031077908352, "dvar2": 0.000637939723674, "max": 0.338326573372, "mean": 0.154805853963, "median": 0.149258434772, "min": 0.0377557016909, "var": 0.0018075829139}, "erbbands_kurtosis": {"dmean": 0.901252388954, "dmean2": 1.46906685829, "dvar": 1.80805134773, "dvar2": 4.2716126442, "max": 32.3427963257, "mean": 0.545674979687, "median": 0.174717903137, "min": -1.72590041161, "var": 3.01216506958}, "erbbands_skewness": {"dmean": 0.365015566349, "dmean2": 0.572578251362, "dvar": 0.124199345708, "dvar2": 0.290282994509, "max": 3.44735527039, "mean": -0.0972007885575, "median": -0.133731931448, "min": -4.76440763474, "var": 0.437324851751}, "erbbands_spread": {"dmean": 6.11039400101, "dmean2": 9.37975788116, "dvar": 41.5589370728, "dvar2": 90.1966094971, "max": 102.361412048, "mean": 27.7261600494, "median": 25.1988964081, "min": 2.37751173973, "var": 159.040969849}, "gfcc": {"cov": [[14531.3300781, 357.593048096, -1500.25219727, -299.875671387, -97.6109542847, -344.304656982, 298.241271973, -263.380493164, 190.899002075, -47.7366905212, -23.56092453, 4.78901958466, -98.4724655151], [357.593048096, 830.481323242, 32.1224708557, -214.228271484, 25.5777778625, 49.2021484375, -85.104927063, -9.970079422, 37.7109718323, 35.1731109619, -21.5667858124, -66.0655136108, 97.2596282959], [-1500.25219727, 32.1224708557, 497.937011719, 210.208557129, 49.14453125, 126.680282593, -59.2032470703, 97.3485717773, -57.2481765747, 16.1609363556, 6.41211795807, 7.16124868393, -11.3778619766], [-299.875671387, -214.228271484, 210.208557129, 393.755401611, 151.624069214, 17.3020915985, 96.3283081055, -13.9017591476, -41.6424217224, -36.337310791, 28.8480358124, 37.3658790588, -70.1959686279], [-97.6109542847, 25.5777778625, 49.14453125, 151.624069214, 276.420318604, 57.1640739441, 107.311317444, -21.619178772, -31.4351596832, -36.7479820251, 43.1552658081, 6.30612754822, -22.6884880066], [-344.304656982, 49.2021484375, 126.680282593, 17.3020915985, 57.1640739441, 187.818664551, -12.0682783127, 50.5319252014, -32.4819412231, 21.8822135925, 7.34198665619, 9.95882225037, 13.2965927124], [298.241271973, -85.104927063, -59.2032470703, 96.3283081055, 107.311317444, -12.0682783127, 225.514678955, -3.82850885391, 28.5663986206, -42.3324813843, 13.55909729, 17.2523918152, -46.0237121582], [-263.380493164, -9.970079422, 97.3485717773, -13.9017591476, -21.619178772, 50.5319252014, -3.82850885391, 174.562789917, 39.310634613, 29.3866558075, -6.30924129486, -18.410402298, 14.9425878525], [190.899002075, 37.7109718323, -57.2481765747, -41.6424217224, -31.4351596832, -32.4819412231, 28.5663986206, 39.310634613, 135.114807129, 38.4730453491, -9.39778804779, -3.99126577377, -1.58826744556], [-47.7366905212, 35.1731109619, 16.1609363556, -36.337310791, -36.7479820251, 21.8822135925, -42.3324813843, 29.3866558075, 38.4730453491, 91.9233932495, 28.5792732239, -0.370914280415, 26.0512962341], [-23.56092453, -21.5667858124, 6.41211795807, 28.8480358124, 43.1552658081, 7.34198665619, 13.55909729, -6.30924129486, -9.39778804779, 28.5792732239, 83.4317550659, 40.6100463867, -0.52234685421], [4.78901958466, -66.0655136108, 7.16124868393, 37.3658790588, 6.30612754822, 9.95882225037, 17.2523918152, -18.410402298, -3.99126577377, -0.370914280415, 40.6100463867, 73.1242141724, 5.98342895508], [-98.4724655151, 97.2596282959, -11.3778619766, -70.1959686279, -22.6884880066, 13.2965927124, -46.0237121582, 14.9425878525, -1.58826744556, 26.0512962341, -0.52234685421, 5.98342895508, 90.7616729736]], "icov": [[0.000127427774714, -0.000234748382354, 0.000626038585324, -0.000338655314408, 0.000122947167256, -2.41418019868e-05, 8.97895642993e-06, -0.000243849863182, 0.000208902638406, -0.000212958417251, 0.000217793916818, -0.000320632389048, 0.000372511596652], [-0.000234748382354, 0.00262069283053, -0.00238259066828, 0.00221387902275, -0.00101769238245, -0.000372916896595, 2.39092987613e-05, 0.00203515961766, -0.00207807309926, 0.00134533527307, -0.00146818277426, 0.00306877121329, -0.00280543253757], [0.000626038585324, -0.00238259066828, 0.00827391631901, -0.00549598643556, 0.00134625134524, -0.00184420612641, 0.00199886341579, -0.0043412563391, 0.00292227906175, -0.00185196229722, 0.00200652121566, -0.00284582516178, 0.00313584879041], [-0.000338655314408, 0.00221387902275, -0.00549598643556, 0.00838726200163, -0.00379044329748, 0.00220357486978, -0.00166770373471, 0.00219936016947, -0.0002550164063, -0.000771168037318, 0.00117091787979, -0.00149317353498, 0.00090196041856], [0.000122947167256, -0.00101769238245, 0.00134625134524, -0.00379044329748, 0.00875703897327, -0.003806643188, -0.00224666600116, 0.0010935862083, -0.00101752625778, 0.00505474116653, -0.00739433662966, 0.00568620720878, -0.00199748133309], [-2.41418019868e-05, -0.000372916896595, -0.00184420612641, 0.00220357486978, -0.003806643188, 0.00966343656182, -0.000404363148846, -0.00268001481891, 0.00427771313116, -0.00595770590007, 0.00569690065458, -0.00596604542807, 0.00192639685702], [8.97895642993e-06, 2.39092987613e-05, 0.00199886341579, -0.00166770373471, -0.00224666600116, -0.000404363148846, 0.00810414645821, -0.00149475946091, -0.00248115160502, 0.00298515590839, -0.00039672566345, -0.00142485427205, 0.00198946893215], [-0.000243849863182, 0.00203515961766, -0.0043412563391, 0.00219936016947, 0.0010935862083, -0.00268001481891, -0.00149475946091, 0.0107002062723, -0.00541815022007, 0.00250413897447, -0.00405530445278, 0.00680470978841, -0.0044277603738], [0.000208902638406, -0.00207807309926, 0.00292227906175, -0.0002550164063, -0.00101752625778, 0.00427771313116, -0.00248115160502, -0.00541815022007, 0.0154670532793, -0.0114670004696, 0.00916452892125, -0.0080760223791, 0.00552261248231], [-0.000212958417251, 0.00134533527307, -0.00185196229722, -0.000771168037318, 0.00505474116653, -0.00595770590007, 0.00298515590839, 0.00250413897447, -0.0114670004696, 0.0271986573935, -0.0184516571462, 0.0125370770693, -0.00820364058018], [0.000217793916818, -0.00146818277426, 0.00200652121566, 0.00117091787979, -0.00739433662966, 0.00569690065458, -0.00039672566345, -0.00405530445278, 0.00916452892125, -0.0184516571462, 0.0318793170154, -0.0211358144879, 0.00778356660157], [-0.000320632389048, 0.00306877121329, -0.00284582516178, -0.00149317353498, 0.00568620720878, -0.00596604542807, -0.00142485427205, 0.00680470978841, -0.0080760223791, 0.0125370770693, -0.0211358144879, 0.0321162492037, -0.0106740240008], [0.000372511596652, -0.00280543253757, 0.00313584879041, 0.00090196041856, -0.00199748133309, 0.00192639685702, 0.00198946893215, -0.0044277603738, 0.00552261248231, -0.00820364058018, 0.00778356660157, -0.0106740240008, 0.0196750573814]], "mean": [-12.4446907043, 85.5496368408, -114.049964905, 6.62731266022, -16.6178226471, -8.10208702087, 5.03236150742, -19.3967075348, 7.17680072784, -0.741836547852, -9.11462020874, -1.01517629623, -0.230319976807]}, "hfc": {"dmean": 9.77128410339, "dmean2": 13.6011295319, "dvar": 137.040908813, "dvar2": 278.014862061, "max": 271.131011963, "mean": 38.2399749756, "median": 31.5126285553, "min": 1.11434635454e-16, "var": 841.205566406}, "melbands": {"dmean": [0.00144825596362, 0.000660449150018, 0.000159480972798, 0.000153098080773, 0.000210835394682, 0.000225158990361, 0.000269107404165, 0.000178971502464, 0.00012957637955, 0.000119067895866, 0.000152427557623, 0.000125206293887, 0.0001071400402, 8.87522182893e-05, 4.52832027804e-05, 3.65444357158e-05, 3.55743068212e-05, 5.44468530279e-05, 5.59436957701e-05, 4.88355144626e-05, 2.13402199734e-05, 9.60317447607e-06, 5.46387627764e-06, 3.20319645652e-06, 3.33239404426e-06, 4.56380348623e-06, 7.45222769183e-06, 4.31017770097e-06, 2.14283863897e-06, 2.24633436119e-06, 1.43275951814e-06, 1.15322495731e-06, 8.4962158553e-07, 7.78013031777e-07, 4.89024159833e-07, 2.34734386595e-07, 1.13136444213e-07, 5.41997344783e-08, 2.51714560306e-08, 1.4466067455e-08], "dmean2": [0.00236790510826, 0.00110462051816, 0.000267102848738, 0.000250321056228, 0.000330584472977, 0.00035369960824, 0.000430675427197, 0.000287063419819, 0.000204899552045, 0.000191790881217, 0.000244521012064, 0.000196543420316, 0.000164973127539, 0.000139357260196, 7.33984270482e-05, 5.95367564529e-05, 5.74822370254e-05, 8.7938606157e-05, 8.92473181011e-05, 7.72119601606e-05, 3.38694771926e-05, 1.55932593771e-05, 8.95675384527e-06, 5.15447436555e-06, 5.27589145349e-06, 7.27417545932e-06, 1.18625948744e-05, 6.85311442794e-06, 3.34313676831e-06, 3.47977425008e-06, 2.17252886614e-06, 1.72388536157e-06, 1.23926417928e-06, 1.15098225706e-06, 7.64923015595e-07, 3.62000548648e-07, 1.71533855564e-07, 8.09350382269e-08, 3.92815806549e-08, 2.39221549236e-08], "dvar": [4.43853832621e-06, 7.9676436826e-07, 4.45633823176e-08, 8.91483225018e-08, 3.69934269884e-07, 5.26323049144e-07, 1.13862847684e-06, 3.04493653402e-07, 1.37793264798e-07, 1.09702604334e-07, 1.31347348997e-07, 1.08584075065e-07, 1.06610421824e-07, 6.00612679591e-08, 9.23687704102e-09, 4.80670392378e-09, 4.38874536712e-09, 8.7547453731e-09, 1.07635109714e-08, 1.17695844182e-08, 2.07500794325e-09, 2.71315331313e-10, 8.77058078941e-11, 4.66791015563e-11, 6.10742914575e-11, 9.11739364562e-11, 2.71879047054e-10, 7.82825748669e-11, 1.98182668193e-11, 1.72387226022e-11, 9.11882114957e-12, 6.20017318737e-12, 3.6439701083e-12, 5.34417822495e-12, 2.65527335362e-12, 4.5633109921e-13, 6.59765278977e-14, 1.22824893431e-14, 2.08736891467e-15, 6.24852711179e-16], "dvar2": [1.13094311018e-05, 2.08176288652e-06, 1.20020914096e-07, 2.09941632079e-07, 7.76410900016e-07, 1.2208129192e-06, 2.80200288216e-06, 7.33768047212e-07, 3.3628666074e-07, 2.82625933323e-07, 3.1684604096e-07, 2.54540140077e-07, 2.52124408462e-07, 1.37992387295e-07, 2.32101804443e-08, 1.20036922624e-08, 1.08935083176e-08, 2.24692957573e-08, 2.67475321891e-08, 2.83466619067e-08, 5.11466158315e-09, 6.95956736685e-10, 2.34806563082e-10, 1.12455059154e-10, 1.45920317496e-10, 2.33686542339e-10, 7.10107694868e-10, 1.9769418047e-10, 4.74757733127e-11, 4.05152751626e-11, 1.90277290452e-11, 1.38185357254e-11, 7.88602169677e-12, 1.24431628196e-11, 6.79448945023e-12, 1.14611781437e-12, 1.54289517902e-13, 2.60526023226e-14, 4.48494119989e-15, 1.54762745046e-15], "max": [0.0333637259901, 0.0146550014615, 0.00399041315541, 0.00920965336263, 0.0168307181448, 0.0160907339305, 0.0245390478522, 0.0140337981284, 0.0138362878934, 0.0102401198819, 0.00629304395989, 0.00826954375952, 0.00957668013871, 0.00886534992605, 0.0020879234653, 0.00174130755477, 0.00162799714599, 0.00187583744992, 0.00240951427259, 0.0025774310343, 0.00133260374423, 0.000328307738528, 0.000193829328055, 0.000340343016433, 0.000371033558622, 0.000315697106998, 0.000539974891581, 0.000283042172669, 0.000170095925569, 0.000105577484646, 0.000103094862425, 9.00789600564e-05, 4.80821145175e-05, 4.77990324725e-05, 3.00200590573e-05, 1.54203535203e-05, 6.82792688167e-06, 3.1822244182e-06, 1.47373430082e-06, 3.61377459512e-07], "mean": [0.00219554686919, 0.00094472017372, 0.000242122710915, 0.000235486440943, 0.000309728900902, 0.000288698589429, 0.000329734873958, 0.000245555711444, 0.0001846281084, 0.000166703684954, 0.000213614388485, 0.000181779076229, 0.000152197229909, 0.000133124980493, 7.23348275642e-05, 6.10386196058e-05, 5.91414864175e-05, 9.29426314542e-05, 9.83619611361e-05, 8.11361605884e-05, 3.70179768652e-05, 1.74893211806e-05, 1.03959919215e-05, 6.4493424361e-06, 6.83205462337e-06, 9.38690209296e-06, 1.46610454976e-05, 8.74824672792e-06, 4.62644356958e-06, 4.86308726977e-06, 3.06632409774e-06, 2.37153767557e-06, 1.55962015924e-06, 1.19241292396e-06, 6.80477114656e-07, 3.42452153745e-07, 1.84061704545e-07, 8.85547990492e-08, 3.33509113659e-08, 1.38853577525e-08], "median": [0.00141190830618, 0.000631429138593, 0.000153818924446, 0.00011814829486, 0.000101359255495, 7.30131141609e-05, 5.28010132257e-05, 7.53285276005e-05, 6.23500527581e-05, 4.42049495177e-05, 7.61484843679e-05, 6.761935947e-05, 4.38177776232e-05, 4.95465246786e-05, 3.42379826179e-05, 2.96395155601e-05, 3.20153521898e-05, 5.11910839123e-05, 5.36949446541e-05, 4.03232952522e-05, 1.88552767213e-05, 8.92023399501e-06, 4.68362486572e-06, 2.5067538445e-06, 2.02673231797e-06, 2.97309134112e-06, 4.83348867419e-06, 3.41915051649e-06, 2.13510998037e-06, 2.42791679739e-06, 1.57356532782e-06, 1.07400796878e-06, 6.25585926173e-07, 3.91879723338e-07, 2.2223488827e-07, 1.16922187487e-07, 6.80447485024e-08, 3.69355745988e-08, 1.4457788744e-08, 4.57410731514e-09], "min": [2.93173326848e-25, 1.4742559974e-24, 2.14966943534e-24, 1.50237119728e-24, 2.62828712375e-24, 1.8535592533e-24, 1.27545111777e-24, 2.60166957631e-24, 3.00676621722e-24, 1.9615683135e-24, 3.02501848641e-24, 3.99335944707e-24, 3.78953790511e-24, 1.47273339725e-24, 3.52017898244e-24, 1.7186821823e-24, 3.39725315416e-24, 1.89006320004e-24, 1.98309396102e-24, 4.7390791271e-24, 4.82686001876e-24, 4.20126807737e-24, 5.26363021388e-24, 5.16167033631e-24, 4.38525883946e-24, 3.6826685517e-24, 4.80736963238e-24, 4.70088918739e-24, 5.65930115026e-24, 6.75883638477e-24, 5.90070205359e-24, 5.91346306202e-24, 5.56677604912e-24, 6.32054566026e-24, 4.92809374987e-24, 5.49845675042e-24, 5.52910241887e-24, 5.92529715889e-24, 5.96883478668e-24, 6.62292275055e-24], "var": [6.5288031692e-06, 1.11063604891e-06, 7.77398057039e-08, 1.90394828792e-07, 9.08079016426e-07, 7.25120742118e-07, 1.44013085901e-06, 4.42426795644e-07, 2.05841445222e-07, 1.6546081838e-07, 1.95492447119e-07, 1.76480995151e-07, 1.66468652196e-07, 1.0656696503e-07, 1.51586387886e-08, 1.02373434174e-08, 7.9064106373e-09, 1.65119136142e-08, 2.0720831273e-08, 2.04581596108e-08, 3.96987687168e-09, 5.88318060935e-10, 2.3625426615e-10, 1.30461197401e-10, 1.875880562e-10, 3.0028610154e-10, 7.30650540071e-10, 2.26088564537e-10, 5.671858469e-11, 5.02321829965e-11, 2.31345619744e-11, 1.42455890834e-11, 6.78813862759e-12, 6.48452255433e-12, 2.45226820621e-12, 4.84544424983e-13, 9.99086880935e-14, 2.24742913082e-14, 3.39071545126e-15, 6.76672439886e-16]}, "melbands_crest": {"dmean": 4.72791814804, "dmean2": 7.70525503159, "dvar": 16.7137775421, "dvar2": 43.4566612244, "max": 39.6118087769, "mean": 16.3549804688, "median": 15.1135158539, "min": 1.68891465664, "var": 54.3652076721}, "melbands_flatness_db": {"dmean": 0.0310388337821, "dmean2": 0.0477102994919, "dvar": 0.000809410877991, "dvar2": 0.00186346867122, "max": 0.528051733971, "mean": 0.209486812353, "median": 0.202283248305, "min": 0.00324419559911, "var": 0.00445947935805}, "melbands_kurtosis": {"dmean": 9.02095413208, "dmean2": 14.0292282104, "dvar": 690.671142578, "dvar2": 1637.03405762, "max": 621.763427734, "mean": 12.6850061417, "median": 2.46941566467, "min": -1.87426972389, "var": 1425.2677002}, "melbands_skewness": {"dmean": 0.872541964054, "dmean2": 1.33725142479, "dvar": 1.24746882915, "dvar2": 2.72930669785, "max": 20.6381072998, "mean": 2.23797869682, "median": 1.60321867466, "min": -3.21918821335, "var": 5.28098773956}, "melbands_spread": {"dmean": 8.5378818512, "dmean2": 13.3286113739, "dvar": 85.7631607056, "dvar2": 194.703079224, "max": 193.880264282, "mean": 29.9245796204, "median": 27.5882987976, "min": 0.303232848644, "var": 380.165374756}, "mfcc": {"cov": [[7954.79345703, 331.947845459, -1077.89172363, 100.582481384, -565.063964844, 141.822525024, -255.866546631, 181.156860352, -148.304428101, 182.902084351, -87.5457382202, 27.8266372681, 6.8664431572], [331.947845459, 960.759521484, -19.3537120819, -221.303085327, 48.3157272339, -4.98797702789, -40.4926986694, -114.517913818, 107.32988739, -4.87849998474, 6.20857572556, -17.9163246155, 11.7430582047], [-1077.89172363, -19.3537120819, 472.619720459, 8.31492424011, 131.475982666, -32.0766906738, 18.5141620636, -20.3080158234, 29.8081569672, -6.29564666748, 20.6509628296, -7.75629520416, 10.5393028259], [100.582481384, -221.303085327, 8.31492424011, 398.951904297, 37.2440414429, 91.7440261841, 78.9537277222, 107.433578491, -54.5688781738, -4.12356185913, 27.1033725739, 11.2157611847, -21.5523643494], [-565.063964844, 48.3157272339, 131.475982666, 37.2440414429, 233.469024658, 41.5312423706, 91.9161224365, -0.282863497734, 7.32615566254, -39.9617462158, 34.0473670959, 12.8256492615, 7.09774875641], [141.822525024, -4.98797702789, -32.0766906738, 91.7440261841, 41.5312423706, 190.810623169, 68.8694000244, 40.9209403992, -35.3209724426, -25.2367973328, -0.783832013607, 19.2919483185, -5.17625761032], [-255.866546631, -40.4926986694, 18.5141620636, 78.9537277222, 91.9161224365, 68.8694000244, 189.745452881, 64.0933380127, -4.06060314178, -46.4639282227, 31.7322311401, 11.4811697006, -2.58161592484], [181.156860352, -114.517913818, -20.3080158234, 107.433578491, -0.282863497734, 40.9209403992, 64.0933380127, 159.264175415, 5.62429571152, 14.0929584503, 18.7198944092, 14.8758602142, -5.79605007172], [-148.304428101, 107.32988739, 29.8081569672, -54.5688781738, 7.32615566254, -35.3209724426, -4.06060314178, 5.62429571152, 123.132331848, 41.4952354431, 22.2415981293, -14.7235212326, 4.03407621384], [182.902084351, -4.87849998474, -6.29564666748, -4.12356185913, -39.9617462158, -25.2367973328, -46.4639282227, 14.0929584503, 41.4952354431, 112.101669312, 13.386882782, 0.0215028282255, 2.077876091], [-87.5457382202, 6.20857572556, 20.6509628296, 27.1033725739, 34.0473670959, -0.783832013607, 31.7322311401, 18.7198944092, 22.2415981293, 13.386882782, 89.3124465942, 20.3339481354, 1.80588018894], [27.8266372681, -17.9163246155, -7.75629520416, 11.2157611847, 12.8256492615, 19.2919483185, 11.4811697006, 14.8758602142, -14.7235212326, 0.0215028282255, 20.3339481354, 78.6943206787, 32.1042556763], [6.8664431572, 11.7430582047, 10.5393028259, -21.5523643494, 7.09774875641, -5.17625761032, -2.58161592484, -5.79605007172, 4.03407621384, 2.077876091, 1.80588018894, 32.1042556763, 71.7339172363]], "icov": [[0.000243189846515, -0.000185493729077, 0.000416678783949, -7.43151758797e-05, 0.000261967739789, -0.000125820486574, 0.000247317482717, -0.000376020820113, 0.00042413076153, -0.000321445171721, -1.07784271677e-05, 0.000108715772512, -0.000195865519345], [-0.000185493729077, 0.00158280262258, -7.30447354726e-05, 0.000587993767112, -0.000610978051554, -0.000468083802843, 0.000103155813122, 0.00104846071918, -0.00164169922937, 0.000602286716457, -0.00016935444728, 1.86393081094e-05, 0.000131943394081], [0.000416678783949, -7.30447354726e-05, 0.00343292718753, -0.000274797523161, -0.00134362431709, 0.00034234681516, 0.000801606103778, -0.000349916197592, 0.000133922541863, -0.000553169404157, -7.47741069063e-05, 0.000641523685772, -0.000733375258278], [-7.43151758797e-05, 0.000587993767112, -0.000274797523161, 0.00395499914885, -0.000476036133477, -0.00114684097935, -0.000313990691211, -0.00168790644966, 0.0013661441626, -0.000465548218926, -0.00101965141948, 0.000535202445462, 0.00067896960536], [0.000261967739789, -0.000610978051554, -0.00134362431709, -0.000476036133477, 0.0074223484844, -0.000932034046855, -0.00248384056613, 0.000775144668296, 2.84167890641e-05, 0.000925578584429, -0.00138369237538, -0.000509524485096, -0.000464634067612], [-0.000125820486574, -0.000468083802843, 0.00034234681516, -0.00114684097935, -0.000932034046855, 0.0073959059082, -0.00196051131934, -0.000530861201696, 0.00130141398404, 8.34289312479e-05, 0.00141549564432, -0.00159129942767, 0.000807200092822], [0.000247317482717, 0.000103155813122, 0.000801606103778, -0.000313990691211, -0.00248384056613, -0.00196051131934, 0.00989696662873, -0.003478362225, -0.00068442535121, 0.00337263382971, -0.00221538450569, 0.000775091000833, -0.000423566583777], [-0.000376020820113, 0.00104846071918, -0.000349916197592, -0.00168790644966, 0.000775144668296, -0.000530861201696, -0.003478362225, 0.010476661846, -0.0027517080307, -0.00104093912523, 0.000135594425956, -0.00186091207433, 0.00102928944398], [0.00042413076153, -0.00164169922937, 0.000133922541863, 0.0013661441626, 2.84167890641e-05, 0.00130141398404, -0.00068442535121, -0.0027517080307, 0.0137578845024, -0.00510190287605, -0.00251896935515, 0.00349638285115, -0.00166423025075], [-0.000321445171721, 0.000602286716457, -0.000553169404157, -0.000465548218926, 0.000925578584429, 8.34289312479e-05, 0.00337263382971, -0.00104093912523, -0.00510190287605, 0.0134277436882, -0.00201030704193, -0.000673442322295, 7.52461855882e-05], [-1.07784271677e-05, -0.00016935444728, -7.47741069063e-05, -0.00101965141948, -0.00138369237538, 0.00141549564432, -0.00221538450569, 0.000135594425956, -0.00251896935515, -0.00201030704193, 0.0148020265624, -0.00477893743664, 0.00186971598305], [0.000108715772512, 1.86393081094e-05, 0.000641523685772, 0.000535202445462, -0.000509524485096, -0.00159129942767, 0.000775091000833, -0.00186091207433, 0.00349638285115, -0.000673442322295, -0.00477893743664, 0.0187650993466, -0.00858884956688], [-0.000195865519345, 0.000131943394081, -0.000733375258278, 0.00067896960536, -0.000464634067612, 0.000807200092822, -0.000423566583777, 0.00102928944398, -0.00166423025075, 7.52461855882e-05, 0.00186971598305, -0.00858884956688, 0.0183096937835]], "mean": [-663.804199219, 141.678741455, -31.7242698669, 29.248878479, -7.63544178009, 28.6073207855, -4.26465559006, 5.15888404846, 8.42843151093, 14.1586809158, -6.60914850235, 2.43300223351, 5.23837041855]}, "pitch_salience": {"dmean": 0.0874280184507, "dmean2": 0.142024442554, "dvar": 0.00597744854167, "dvar2": 0.0155158061534, "max": 0.894423127174, "mean": 0.529856383801, "median": 0.549956083298, "min": 0.0231621079147, "var": 0.0187907200307}, "silence_rate_20dB": {"dmean": 0, "dmean2": 0, "dvar": 0, "dvar2": 0, "max": 1, "mean": 1, "median": 1, "min": 1, "var": 0}, "silence_rate_30dB": {"dmean": 0.00203022779897, "dmean2": 0.00406091380864, "dvar": 0.0020259541925, "dvar2": 0.00584866246209, "max": 1, "mean": 0.998872220516, "median": 1, "min": 0, "var": 0.00112643302418}, "silence_rate_60dB": {"dmean": 0.0139860138297, "dmean2": 0.0279751829803, "dvar": 0.013791019097, "dvar2": 0.0312565639615, "max": 1, "mean": 0.0563888587058, "median": 0, "min": 0, "var": 0.0532082282007}, "spectral_centroid": {"dmean": 250.909057617, "dmean2": 372.292724609, "dvar": 81316.2421875, "dvar2": 152559.453125, "max": 11735.1132812, "mean": 1620.3684082, "median": 1448.97827148, "min": 184.208084106, "var": 881507.375}, "spectral_complexity": {"dmean": 3.99233031273, "dmean2": 5.66023683548, "dvar": 14.4874639511, "dvar2": 25.8906764984, "max": 61, "mean": 22.0605621338, "median": 22, "min": 0, "var": 156.151123047}, "spectral_contrast_coeffs": {"dmean": [0.0493528731167, 0.0515251159668, 0.041575524956, 0.0315242633224, 0.0204961951822, 0.0356977954507], "dmean2": [0.0822136849165, 0.0848288089037, 0.0677705854177, 0.0510571487248, 0.0332206003368, 0.0558008700609], "dvar": [0.00155809649732, 0.00177634099964, 0.00114838196896, 0.000673610658851, 0.000288324517896, 0.000913945492357], "dvar2": [0.00420069880784, 0.00460927421227, 0.00294991745614, 0.00163239857648, 0.000742066360544, 0.00213801837526], "max": [-0.425044029951, -0.399718642235, -0.51375234127, -0.502984881401, -0.679126262665, -0.517099142075], "mean": [-0.733809113503, -0.772393345833, -0.790501952171, -0.792754352093, -0.817353069782, -0.686405539513], "median": [-0.740730047226, -0.783794939518, -0.800764143467, -0.798988699913, -0.81730389595, -0.677908778191], "min": [-0.976826786995, -0.974236428738, -0.977587461472, -0.972090184689, -0.967399358749, -0.963625371456], "var": [0.00528488866985, 0.00603373302147, 0.00440813880414, 0.002970877802, 0.00113027577754, 0.0046729366295]}, "spectral_contrast_valleys": {"dmean": [0.404437303543, 0.41164663434, 0.357075631618, 0.304584056139, 0.270497709513, 0.482323467731], "dmean2": [0.659020245075, 0.651962339878, 0.537986218929, 0.448608219624, 0.381486028433, 0.737387120724], "dvar": [0.129179850221, 0.145667046309, 0.127407982945, 0.115153647959, 0.113237865269, 0.186831980944], "dvar2": [0.296127051115, 0.303482443094, 0.232641801238, 0.196102753282, 0.19253975153, 0.428859293461], "max": [-5.37613105774, -4.55434513092, -5.1803483963, -5.52326250076, -5.34349822998, -9.30731678009], "mean": [-7.23796129227, -6.86742115021, -7.05551958084, -7.17646121979, -7.60280656815, -11.2690000534], "median": [-6.94788599014, -6.61325645447, -6.75122404099, -6.83809423447, -7.35121536255, -11.1014680862], "min": [-28.2132778168, -28.0107326508, -27.9201469421, -27.6192684174, -27.4860992432, -27.3541812897], "var": [2.95695090294, 3.06116867065, 3.07253956795, 3.04514455795, 2.9499797821, 2.00946426392]}, "spectral_decrease": {"dmean": 2.33124608506e-09, "dmean2": 3.5475649085e-09, "dvar": 7.43145679763e-18, "dvar2": 1.69865261101e-17, "max": 1.43699386866e-28, "mean": -5.99670268997e-09, "median": -4.94408824991e-09, "min": -3.53930396102e-08, "var": 2.08946021254e-17}, "spectral_energy": {"dmean": 0.00933611113578, "dmean2": 0.014081963338, "dvar": 0.000117543451779, "dvar2": 0.000265041016974, "max": 0.140688687563, "mean": 0.0261014532298, "median": 0.0221613962203, "min": 9.92214615426e-21, "var": 0.000365310697816}, "spectral_energyband_high": {"dmean": 0.000232580176089, "dmean2": 0.000311272509862, "dvar": 1.61393558074e-07, "dvar2": 3.18798669241e-07, "max": 0.0145229380578, "mean": 0.0006995475851, "median": 0.000328359019477, "min": 7.29431290163e-21, "var": 8.80408379089e-07}, "spectral_energyband_low": {"dmean": 0.00534352520481, "dmean2": 0.00867201946676, "dvar": 4.97827277286e-05, "dvar2": 0.000124842787045, "max": 0.111103735864, "mean": 0.00913377851248, "median": 0.00676438957453, "min": 1.89306548632e-23, "var": 8.15346793388e-05}, "spectral_energyband_middle_high": {"dmean": 0.00293166120537, "dmean2": 0.00427352357656, "dvar": 2.09717509279e-05, "dvar2": 4.74974876852e-05, "max": 0.118893146515, "mean": 0.00787866860628, "median": 0.00538070080802, "min": 1.3234118358e-21, "var": 7.28193554096e-05}, "spectral_energyband_middle_low": {"dmean": 0.00378168211319, "dmean2": 0.00575908692554, "dvar": 5.12775550305e-05, "dvar2": 0.000118639421999, "max": 0.11825209856, "mean": 0.0074091735296, "median": 0.00408909562975, "min": 1.80966382975e-22, "var": 0.000107954452687}, "spectral_entropy": {"dmean": 0.130189970136, "dmean2": 0.194186240435, "dvar": 0.0189002100378, "dvar2": 0.0381577275693, "max": 9.81690883636, "mean": 7.67649888992, "median": 7.74853420258, "min": 5.55752038956, "var": 0.124356031418}, "spectral_flux": {"dmean": 0.0222979281098, "dmean2": 0.0349959842861, "dvar": 0.000473054504255, "dvar2": 0.00108194060158, "max": 0.307489097118, "mean": 0.0916812047362, "median": 0.0896164476871, "min": 6.3291649699e-11, "var": 0.00170995155349}, "spectral_kurtosis": {"dmean": 2.14203000069, "dmean2": 3.2563624382, "dvar": 5.53520345688, "dvar2": 12.5300645828, "max": 36.006942749, "mean": 11.472193718, "median": 10.858420372, "min": -1.29236328602, "var": 19.9231987}, "spectral_rms": {"dmean": 0.000870578398462, "dmean2": 0.00127971044276, "dvar": 6.81721417095e-07, "dvar2": 1.43291572385e-06, "max": 0.0117156840861, "mean": 0.00468227406964, "median": 0.00464982492849, "min": 3.11129290734e-12, "var": 3.54100006916e-06}, "spectral_rolloff": {"dmean": 815.431152344, "dmean2": 1423.90844727, "dvar": 5904527, "dvar2": 16369741, "max": 22006.9335938, "mean": 2031.10839844, "median": 1722.65625, "min": 21.533203125, "var": 6598292.5}, "spectral_skewness": {"dmean": 0.214863583446, "dmean2": 0.319562405348, "dvar": 0.0481380596757, "dvar2": 0.0963965281844, "max": 4.20820522308, "mean": 2.06973099709, "median": 2.01504325867, "min": -0.0770813599229, "var": 0.274209678173}, "spectral_spread": {"dmean": 377846.625, "dmean2": 575244.75, "dvar": 388634968064, "dvar2": 794967932928, "max": 47808024, "mean": 3773979.25, "median": 3508896.75