{"lowlevel": {"average_loudness": 0.74026465416, "barkbands": {"dmean": [0.000826902745757, 0.00369430170394, 0.0023220111616, 0.00134019530378, 0.00179241038859, 0.00098324206192, 0.000727382896002, 0.000621568993665, 0.000637156015728, 0.00034430809319, 0.000226770251174, 0.000231802012422, 0.000377208401915, 0.000265097711235, 0.000445130077424, 0.000134703586809, 0.00012503103062, 0.000178221380338, 0.000149005834828, 9.47997541516e-05, 5.62856912438e-05, 1.30173766593e-05, 4.38585948359e-06, 2.16889111471e-06, 1.81174164027e-06, 4.22819994128e-06, 0.000377921678592], "dmean2": [0.00137006351724, 0.00604516733438, 0.00389631348662, 0.00213541509584, 0.00284354621544, 0.00152517936658, 0.00115203124005, 0.00100575538818, 0.00100633769762, 0.0005476984079, 0.000354274903657, 0.000363114260836, 0.000604505417868, 0.000417055067373, 0.00069450592855, 0.000208643934457, 0.000180129718501, 0.000255015998846, 0.000214761312236, 0.000137722061481, 7.96809690655e-05, 1.88569047168e-05, 6.55512849335e-06, 3.49007746081e-06, 3.01194950225e-06, 6.36300364931e-06, 0.000499670160934], "dvar": [1.28575936742e-06, 2.33295613725e-05, 1.29939935505e-05, 8.97220979823e-06, 1.30959788294e-05, 5.76693810217e-06, 2.61214654529e-06, 4.78260153614e-06, 3.57719454769e-06, 8.60287684645e-07, 3.49074355199e-07, 3.5118742403e-07, 1.36657956773e-06, 6.54260816191e-07, 1.55571740379e-06, 2.19985849981e-07, 3.98398242396e-07, 6.70543442993e-07, 7.25320717265e-07, 2.38536699726e-07, 5.97059752749e-08, 1.82219250799e-09, 1.81219858564e-10, 1.71328316118e-11, 9.31993458103e-12, 9.21946616272e-11, 1.04246885257e-06], "dvar2": [3.28994383381e-06, 6.0116944951e-05, 3.3817395888e-05, 2.00836220756e-05, 3.0193135899e-05, 1.35209820655e-05, 6.36505137663e-06, 1.14675358418e-05, 8.1717971625e-06, 2.09053155231e-06, 8.57428062773e-07, 8.1185334011e-07, 3.42183238899e-06, 1.58314981036e-06, 3.77124888473e-06, 5.19039645042e-07, 7.87697274518e-07, 1.20673882975e-06, 1.47542209561e-06, 4.70999623303e-07, 1.07314050979e-07, 3.71608854799e-09, 3.57279095198e-10, 4.0103937532e-11, 2.39184626966e-11, 1.74285280652e-10, 1.72158104306e-06], "max": [0.0160245709121, 0.0546924099326, 0.0881131589413, 0.0744214355946, 0.107619896531, 0.0726834982634, 0.0507425405085, 0.0789344906807, 0.105093553662, 0.0303394012153, 0.0183706320822, 0.0214783679694, 0.0463226698339, 0.0281874760985, 0.0323539040983, 0.0232452489436, 0.0311062317342, 0.0385500974953, 0.0424615889788, 0.0234957896173, 0.012740816921, 0.00199383450672, 0.000528180215042, 0.000105131453893, 5.46857118024e-05, 0.000323516345816, 0.0519904531538], "mean": [0.00116070336662, 0.00610739225522, 0.00325738894753, 0.00211721099913, 0.0030853273347, 0.00168161932379, 0.00140982458834, 0.000996794784442, 0.00120700767729, 0.000570838223211, 0.000376637850422, 0.000397625146434, 0.000598953512963, 0.000443409138825, 0.000743533833884, 0.000196777677047, 0.000186217832379, 0.000259077118244, 0.000212814193219, 0.000143947952893, 8.60989675857e-05, 1.92553125089e-05, 6.32554747426e-06, 2.58400405073e-06, 1.92540528587e-06, 6.31974580756e-06, 0.000694036425557], "median": [0.000709733343683, 0.00302200601436, 0.00174646498635, 0.000712113745976, 0.00109591288492, 0.000651998911053, 0.00054063112475, 0.000278762745438, 0.00040743505815, 0.000219818684855, 0.000179271999514, 0.000142916323966, 7.53076456022e-05, 4.71407838631e-05, 5.20299508935e-05, 3.17022277159e-05, 1.97234985535e-05, 3.0169114325e-05, 2.42033020186e-05, 1.44709865708e-05, 7.85959491623e-06, 2.97328915622e-06, 1.59643013831e-06, 9.37827280723e-07, 8.2705969362e-07, 2.24558493755e-06, 0.000119389493193], "min": [5.74663130652e-25, 3.71189900368e-24, 3.90305375678e-25, 6.58463923221e-25, 9.4564708902e-24, 1.2199031813e-23, 1.84236508039e-23, 7.38251612733e-24, 1.19692815964e-23, 1.54243274894e-23, 1.8478844246e-23, 4.08082826535e-23, 3.22525055348e-23, 3.54733204811e-23, 4.22516898508e-23, 6.93944908669e-23, 6.40620057178e-23, 8.6886149843e-23, 1.33396303342e-22, 1.89123444549e-22, 2.59527589022e-22, 3.27751284088e-22, 3.55261350343e-22, 5.21980350012e-22, 9.0258218455e-22, 1.2929737703e-21, 1.83120319083e-21], "var": [1.85088492799e-06, 5.07423137606e-05, 2.12239356188e-05, 1.89098118426e-05, 3.53652721969e-05, 1.06865654743e-05, 6.7146170295e-06, 1.14168688015e-05, 6.92959883963e-06, 1.51797905801e-06, 5.72073190597e-07, 8.33496187624e-07, 2.55983309216e-06, 1.39305177527e-06, 3.58414672519e-06, 3.68871468481e-07, 9.65669983088e-07, 1.41168072787e-06, 1.22083417864e-06, 5.00881185417e-07, 1.44545907688e-07, 3.40506445262e-09, 3.31532190589e-10, 2.60763390048e-11, 1.02278819095e-11, 2.17003193193e-10, 3.94086737288e-06]}, "barkbands_crest": {"dmean": 2.75474572182, "dmean2": 4.49247503281, "dvar": 6.16748905182, "dvar2": 15.436463356, "max": 24.5002574921, "mean": 10.2347917557, "median": 9.23064422607, "min": 2.65891218185, "var": 19.207485199}, "barkbands_flatness_db": {"dmean": 0.0305963624269, "dmean2": 0.0462608858943, "dvar": 0.000796821084805, "dvar2": 0.0018772179028, "max": 0.555557250977, "mean": 0.174381554127, "median": 0.164967954159, "min": 0.0488000102341, "var": 0.00408195704222}, "barkbands_kurtosis": {"dmean": 7.65671348572, "dmean2": 11.9404554367, "dvar": 294.31918335, "dvar2": 718.658508301, "max": 574.20880127, "mean": 13.9129343033, "median": 6.54203939438, "min": -1.95099341869, "var": 890.994384766}, "barkbands_skewness": {"dmean": 0.767354905605, "dmean2": 1.1766679287, "dvar": 0.70079267025, "dvar2": 1.63274919987, "max": 15.7000226974, "mean": 2.41561245918, "median": 2.09384298325, "min": -5.87171888351, "var": 3.10603165627}, "barkbands_spread": {"dmean": 6.93837690353, "dmean2": 9.80673408508, "dvar": 98.9075775146, "dvar2": 167.509262085, "max": 139.582626343, "mean": 20.565580368, "median": 14.2968940735, "min": 0.175865456462, "var": 345.287963867}, "dissonance": {"dmean": 0.027131203562, "dmean2": 0.0446522906423, "dvar": 0.000812435115222, "dvar2": 0.00217833020724, "max": 0.500000059605, "mean": 0.450198769569, "median": 0.462392032146, "min": 0, "var": 0.00181976216845}, "dynamic_complexity": 3.37791132927, "erbbands": {"dmean": [0.12325360626, 0.840137124062, 2.45710349083, 3.54521751404, 4.62689256668, 6.07122755051, 10.2057590485, 7.91961622238, 8.39604854584, 13.2740955353, 14.3377637863, 14.3030328751, 10.3156032562, 10.0768508911, 8.67591381073, 8.69994354248, 15.957567215, 11.5410146713, 23.0871677399, 14.3723268509, 5.6828622818, 7.0040640831, 8.6616973877, 9.45314979553, 6.23846149445, 4.54260349274, 3.02458548546, 1.65805077553, 0.526786625385, 0.243213906884, 0.111164152622, 0.055133998394, 0.0322447866201, 0.0198947042227, 0.0132035668939, 0.00882910285145, 0.00845488812774, 0.0180972088128, 0.0345603115857, 0.00965481810272], "dmean2": [0.196933329105, 1.40223860741, 4.17414045334, 5.61715316772, 7.50102138519, 9.79115009308, 15.7491588593, 12.4950351715, 13.6218833923, 20.7062282562, 23.0088253021, 22.4661502838, 16.4927482605, 15.7471704483, 13.4634227753, 13.5011911392, 25.428850174, 17.8768692017, 35.8222770691, 22.1474456787, 8.24258518219, 9.85356330872, 12.4356546402, 13.3056840897, 8.9361333847, 6.59410429001, 4.29772377014, 2.3604195118, 0.747553110123, 0.3538633883, 0.167114406824, 0.0866639986634, 0.0524901673198, 0.0330788046122, 0.0219197031111, 0.0143362432718, 0.0125974537805, 0.0241746306419, 0.046257879585, 0.0126477982849], "dvar": [0.0301487073302, 1.22330200672, 12.8704156876, 51.1043395996, 70.8154144287, 208.904876709, 616.710632324, 460.747711182, 498.477600098, 898.162841797, 3031.58862305, 1406.12719727, 892.740722656, 488.910797119, 451.463562012, 552.247131348, 2509.45825195, 1248.4284668, 4314.77929688, 1509.15979004, 412.976867676, 1253.52893066, 1593.14770508, 2445.33642578, 1115.27514648, 486.369934082, 271.894592285, 38.4192352295, 2.93359208107, 0.607708394527, 0.108688659966, 0.0141543373466, 0.0034680145327, 0.00115920265671, 0.000481230410514, 0.000205503180041, 0.000384199549444, 0.00333686871454, 0.0177700761706, 0.000517137348652], "dvar2": [0.0747700929642, 3.24887824059, 35.0137290955, 112.910667419, 174.835510254, 488.683258057, 1289.49230957, 1132.46276855, 1245.41101074, 1967.47180176, 7453.37695312, 3240.06347656, 2155.91894531, 1190.46118164, 1063.29821777, 1281.21618652, 6442.10693359, 2829.48193359, 10416.1679688, 3594.421875, 820.951843262, 2351.84716797, 2726.17114258, 4702.07714844, 2330.93579102, 985.062683105, 545.467224121, 70.5368347168, 5.77120780945, 1.24768531322, 0.219254598022, 0.0324789769948, 0.00824111700058, 0.00296827615239, 0.00123411219101, 0.000502874085214, 0.000721806485672, 0.00569966761395, 0.0297786612064, 0.000879315077327], "max": [2.01782751083, 13.8050699234, 80.8594055176, 211.501907349, 215.119979858, 604.660583496, 710.838806152, 682.071655273, 600.63885498, 1011.42700195, 2589.97070312, 1626.74853516, 913.856994629, 720.494750977, 670.777404785, 952.400512695, 1901.92504883, 1663.96765137, 1734.95544434, 950.131347656, 879.08972168, 1627.74438477, 1990.28259277, 2413.86523438, 1498.87329102, 1093.75476074, 914.411804199, 278.914825439, 74.4863891602, 36.0315933228, 13.4837646484, 3.4113881588, 1.51764953136, 0.62636077404, 0.403497546911, 0.447898089886, 0.753232359886, 2.57577085495, 6.58355665207, 1.31650567055], "mean": [0.199471175671, 1.2750171423, 3.5377664566, 6.04029417038, 7.32830095291, 9.40778446198, 17.306268692, 13.1727600098, 14.291135788, 26.8167285919, 25.2014961243, 26.9933185577, 18.401134491, 18.3435211182, 15.9385147095, 16.2321166992, 26.1302833557, 22.2491703033, 39.8944206238, 24.8015727997, 9.3620300293, 10.8148727417, 13.3093709946, 13.4027643204, 9.14227962494, 6.87217330933, 4.58229160309, 2.44825720787, 0.789296925068, 0.36184233427, 0.159107580781, 0.0701252371073, 0.0369056425989, 0.0211859978735, 0.0142516614869, 0.0104216905311, 0.0128320166841, 0.0303443260491, 0.0592970624566, 0.0228772200644], "median": [0.0746390521526, 0.703894972801, 2.20788693428, 2.51118469238, 3.00583720207, 3.00197958946, 4.45598077774, 5.41029691696, 5.93719577789, 8.62355041504, 7.38507843018, 8.64953231812, 7.59157657623, 9.53088188171, 7.10783195496, 5.8610906601, 3.75768661499, 2.89557123184, 2.63798189163, 2.68498778343, 1.62855267525, 1.25242447853, 1.62936663628, 1.55570650101, 0.939158737659, 0.709916234016, 0.470336019993, 0.222311466932, 0.113806247711, 0.0693105310202, 0.0423554331064, 0.023696122691, 0.0138865113258, 0.00909746810794, 0.00631478242576, 0.00477160140872, 0.00450104149058, 0.00488217035308, 0.00694984104484, 0.0114419925958], "min": [1.56842536866e-22, 6.94166345081e-22, 9.18190472825e-22, 3.47711954004e-21, 1.24372647393e-20, 2.76994772863e-20, 4.97235197559e-20, 9.53657303694e-20, 1.72971427698e-19, 1.83117301974e-19, 2.68061034839e-19, 2.74349416952e-19, 6.7284111796e-19, 6.50466864667e-19, 1.10483216036e-18, 1.94038994117e-18, 1.81916414086e-18, 1.86255886297e-18, 2.07768207052e-18, 3.2588080973e-18, 4.04203005736e-18, 3.99359118787e-18, 5.14569703043e-18, 6.61010491326e-18, 8.35235945512e-18, 9.83906192341e-18, 9.26999805792e-18, 9.80249557725e-18, 1.06826215393e-17, 1.08276304366e-17, 1.14329330847e-17, 9.76687800726e-18, 1.05994121327e-17, 8.37333758264e-18, 6.42199783811e-18, 4.77689565919e-18, 2.41598446539e-18, 9.93822971192e-19, 2.36762123123e-19, 2.91358441083e-20], "var": [0.0697049200535, 2.2152864933, 18.8799800873, 113.881355286, 164.844329834, 433.180114746, 1886.86120605, 730.395507812, 950.279663086, 2943.10668945, 6869.83496094, 3101.57324219, 1506.35351562, 917.38659668, 903.567749023, 1381.59545898, 4547.64697266, 3159.42529297, 10411.5126953, 3534.70751953, 957.799621582, 3158.76074219, 3632.00878906, 4501.62646484, 2114.33886719, 1012.97521973, 537.454284668, 87.1170654297, 5.81693077087, 1.11906158924, 0.197145849466, 0.023308372125, 0.00478686159477, 0.00127137126401, 0.000535604660399, 0.00027685664827, 0.000931605754886, 0.00942756514996, 0.0557280629873, 0.0020180249121]}, "erbbands_crest": {"dmean": 2.47269368172, "dmean2": 3.97177386284, "dvar": 5.12628316879, "dvar2": 12.6542825699, "max": 31.397605896, "mean": 9.35133075714, "median": 8.59757614136, "min": 2.35436701775, "var": 15.0992031097}, "erbbands_flatness_db": {"dmean": 0.0255198813975, "dmean2": 0.0393916070461, "dvar": 0.000487024546601, "dvar2": 0.00120662036352, "max": 0.313826203346, "mean": 0.162826806307, "median": 0.160323128104, "min": 0.0391063503921, "var": 0.00178548903205}, "erbbands_kurtosis": {"dmean": 1.40340220928, "dmean2": 2.24558615685, "dvar": 8.39180183411, "dvar2": 23.3286514282, "max": 103.797836304, "mean": 1.55112433434, "median": 0.4498462677, "min": -1.86755502224, "var": 15.4360771179}, "erbbands_skewness": {"dmean": 0.44579693675, "dmean2": 0.674206674099, "dvar": 0.190843582153, "dvar2": 0.448546916246, "max": 8.90927600861, "mean": 0.22614005208, "median": 0.222506269813, "min": -4.55792474747, "var": 0.849681735039}, "erbbands_spread": {"dmean": 6.68782281876, "dmean2": 10.3613481522, "dvar": 56.5467758179, "dvar2": 133.54574585, "max": 135.759048462, "mean": 27.1788101196, "median": 24.9180335999, "min": 2.64681220055, "var": 211.510925293}, "gfcc": {"cov": [[16108.4433594, 713.456237793, -2482.93701172, 104.425834656, 416.859558105, -1129.1484375, 100.15309906, -629.528991699, 235.297546387, 191.809310913, -83.0062942505, -245.200637817, -89.2383651733], [713.456237793, 1121.16943359, 188.554748535, -453.85168457, -60.8767166138, 111.227012634, 21.0267887115, -36.303691864, 40.9343986511, -15.8441963196, 68.8669815063, -52.3655776978, 36.3202438354], [-2482.93701172, 188.554748535, 1049.28405762, -54.4374008179, -229.029754639, 456.851623535, 23.5797214508, 278.39541626, -37.6334953308, -43.7326202393, 37.6167488098, 84.7872772217, 56.4933853149], [104.425834656, -453.85168457, -54.4374008179, 500.93057251, 189.257736206, -92.9541397095, 50.0311203003, -22.202129364, -19.2205905914, -15.8393354416, -31.650970459, 33.306224823, -19.5305042267], [416.859558105, -60.8767166138, -229.029754639, 189.257736206, 332.371704102, -73.5388031006, 24.7745475769, -109.10925293, 0.695309638977, -13.4117956161, -2.82340693474, -14.7255344391, -11.5192813873], [-1129.1484375, 111.227012634, 456.851623535, -92.9541397095, -73.5388031006, 460.279907227, -56.6202735901, 129.473205566, -65.4100341797, 1.43220496178, 23.2666492462, 26.8534107208, 37.6231231689], [100.15309906, 21.0267887115, 23.5797214508, 50.0311203003, 24.7745475769, -56.6202735901, 265.636688232, 37.5822601318, 45.4438781738, -41.7733154297, 10.5489225388, 49.1262016296, 12.3026895523], [-629.528991699, -36.303691864, 278.39541626, -22.202129364, -109.10925293, 129.473205566, 37.5822601318, 207.469573975, 30.6742401123, 3.59488749504, 16.5847053528, 27.7203502655, 28.6534118652], [235.297546387, 40.9343986511, -37.6334953308, -19.2205905914, 0.695309638977, -65.4100341797, 45.4438781738, 30.6742401123, 144.621429443, 61.297328949, 6.37204742432, -10.5998630524, -5.1176981926], [191.809310913, -15.8441963196, -43.7326202393, -15.8393354416, -13.4117956161, 1.43220496178, -41.7733154297, 3.59488749504, 61.297328949, 115.174591064, 26.6884441376, -24.1130981445, -11.6179580688], [-83.0062942505, 68.8669815063, 37.6167488098, -31.650970459, -2.82340693474, 23.2666492462, 10.5489225388, 16.5847053528, 6.37204742432, 26.6884441376, 68.7021560669, 25.9680500031, 4.212641716], [-245.200637817, -52.3655776978, 84.7872772217, 33.306224823, -14.7255344391, 26.8534107208, 49.1262016296, 27.7203502655, -10.5998630524, -24.1130981445, 25.9680500031, 79.223449707, 32.4418106079], [-89.2383651733, 36.3202438354, 56.4933853149, -19.5305042267, -11.5192813873, 37.6231231689, 12.3026895523, 28.6534118652, -5.1176981926, -11.6179580688, 4.212641716, 32.4418106079, 66.4877471924]], "icov": [[0.000138171075378, -0.000336464552674, 0.000471533945529, -0.000329568400048, 0.00019207513833, -3.00864176097e-05, -3.42154562532e-05, -0.000192901745322, 8.16300744191e-05, -0.000300826010061, 0.000365186249837, -0.000253539677942, 6.58445787849e-05], [-0.000336464552674, 0.00323726329952, -0.0021381303668, 0.00259837741032, -0.000832061807159, -2.73029831988e-06, -0.00055688910652, 0.00263052317314, -0.00171080965083, 0.00282901362516, -0.00441176164895, 0.00464113475755, -0.00243563461117], [0.000471533945529, -0.0021381303668, 0.00465427851304, -0.00261677172966, 0.00220129173249, -0.0023352089338, 0.000161321266205, -0.00279243220575, -4.30851978308e-05, -6.42547092866e-06, 0.00145456427708, -0.00272837700322, 0.00118860194925], [-0.000329568400048, 0.00259837741032, -0.00261677172966, 0.00621322495863, -0.0039602490142, 0.00170957879163, -0.000569531694055, 0.00036426121369, 0.00114226946607, -0.000949570792727, 0.00116581923794, -0.00107140408363, 0.000852566503454], [0.00019207513833, -0.000832061807159, 0.00220129173249, -0.0039602490142, 0.00696274312213, -0.00218811468221, -0.000412217865232, 0.00258401292376, -0.00245718611404, 0.00311710732058, -0.00362747674808, 0.00335485814139, -0.0019657749217], [-3.00864176097e-05, -2.73029831988e-06, -0.0023352089338, 0.00170957879163, -0.00218811468221, 0.00554762827232, 0.000602408603299, -0.00192890374456, 0.00362977385521, -0.00333786406554, 0.00194464949891, -0.00143623736221, -7.73094725446e-05], [-3.42154562532e-05, -0.00055688910652, 0.000161321266205, -0.000569531694055, -0.000412217865232, 0.000602408603299, 0.00575827714056, -0.00146955111995, -0.00240752380341, 0.00268225092441, -6.93897018209e-05, -0.00372493057512, 0.00121474580374], [-0.000192901745322, 0.00263052317314, -0.00279243220575, 0.00036426121369, 0.00258401292376, -0.00192890374456, -0.00146955111995, 0.0123981544748, -0.00540446164086, 0.00430324813351, -0.00649954890832, 0.00652423175052, -0.00518382806331], [8.16300744191e-05, -0.00171080965083, -4.30851978308e-05, 0.00114226946607, -0.00245718611404, 0.00362977385521, -0.00240752380341, -0.00540446164086, 0.0154473818839, -0.0119667062536, 0.00755746709183, -0.00475305970758, 0.00264949304983], [-0.000300826010061, 0.00282901362516, -6.42547092866e-06, -0.000949570792727, 0.00311710732058, -0.00333786406554, 0.00268225092441, 0.00430324813351, -0.0119667062536, 0.0228742342442, -0.0159283392131, 0.0120899304748, -0.00395864155143], [0.000365186249837, -0.00441176164895, 0.00145456427708, 0.00116581923794, -0.00362747674808, 0.00194464949891, -6.93897018209e-05, -0.00649954890832, 0.00755746709183, -0.0159283392131, 0.0328743979335, -0.0212111435831, 0.0091568864882], [-0.000253539677942, 0.00464113475755, -0.00272837700322, -0.00107140408363, 0.00335485814139, -0.00143623736221, -0.00372493057512, 0.00652423175052, -0.00475305970758, 0.0120899304748, -0.0212111435831, 0.0359909273684, -0.0160711761564], [6.58445787849e-05, -0.00243563461117, 0.00118860194925, 0.000852566503454, -0.0019657749217, -7.73094725446e-05, 0.00121474580374, -0.00518382806331, 0.00264949304983, -0.00395864155143, 0.0091568864882, -0.0160711761564, 0.0241859145463]], "mean": [-52.9168052673, 112.587593079, -70.966506958, -10.3092975616, -13.0659780502, -19.2380619049, 2.96673321724, -12.9168376923, -5.96079540253, -10.464015007, -3.94487380981, -9.00540065765, -4.33653640747]}, "hfc": {"dmean": 87.3617095947, "dmean2": 134.316070557, "dvar": 11341.5839844, "dvar2": 25861.9941406, "max": 1493.12182617, "mean": 247.736984253, "median": 209.63899231, "min": 1.09254809399e-16, "var": 34338.734375}, "melbands": {"dmean": [0.00104956119321, 0.00118206895422, 0.000605355773587, 0.000354265299393, 0.000344309664797, 0.000175094086444, 0.000129145031678, 0.00014027414727, 0.000122585828649, 8.75500409165e-05, 5.2761304687e-05, 4.36466871179e-05, 3.18427664752e-05, 2.77677700069e-05, 2.77506424027e-05, 3.73389229935e-05, 2.17002034333e-05, 3.7878708099e-05, 3.1879881135e-05, 1.25142760226e-05, 6.27798499409e-06, 7.47267858969e-06, 7.91297861724e-06, 8.55843154568e-06, 8.07403375802e-06, 5.29828412255e-06, 3.80309802495e-06, 2.97885685541e-06, 2.10237249121e-06, 1.41839461776e-06, 8.532616107e-07, 3.09460489234e-07, 2.0226839581e-07, 1.11793575286e-07, 6.87808778821e-08, 4.43283987295e-08, 3.02272198383e-08, 2.3657683812e-08, 1.83718960045e-08, 1.62741464749e-08], "dmean2": [0.00169094721787, 0.00199354207143, 0.000952557544224, 0.000572941964492, 0.000531550613232, 0.000274051446468, 0.000208393103094, 0.000219791487325, 0.000195830332814, 0.000138634030009, 8.44477908686e-05, 6.88231884851e-05, 4.95351123391e-05, 4.38036440755e-05, 4.42586715508e-05, 5.98237056693e-05, 3.42186103808e-05, 5.93027725699e-05, 5.00496171298e-05, 1.96277869691e-05, 9.26661596168e-06, 1.0755119547e-05, 1.1758216715e-05, 1.26005070342e-05, 1.16506125778e-05, 7.75762327976e-06, 5.50043978365e-06, 4.47975344287e-06, 3.09176539304e-06, 2.02928163162e-06, 1.2528314528e-06, 4.54732543176e-07, 2.99078067201e-07, 1.67439921483e-07, 1.04162324988e-07, 6.93930672924e-08, 4.82514970201e-08, 3.84424119204e-08, 3.04854630429e-08, 2.70832671845e-08], "dvar": [1.96324208446e-06, 2.36562914324e-06, 1.33209346131e-06, 4.75735845384e-07, 6.98647681929e-07, 2.07527406815e-07, 1.06424465685e-07, 1.22482262555e-07, 2.50528643164e-07, 4.86862141713e-08, 2.36241479712e-08, 1.02481099162e-08, 6.81947787129e-09, 5.66237812194e-09, 9.79991643391e-09, 1.17872893668e-08, 4.44802239485e-09, 1.20247145574e-08, 8.14370615387e-09, 1.6910294276e-09, 6.61314947248e-10, 1.47781353821e-09, 1.65461244706e-09, 1.59347457451e-09, 1.87438908839e-09, 9.17306230974e-10, 4.27276769521e-10, 2.39389369439e-10, 1.58867127786e-10, 3.85363997657e-11, 9.6807622682e-12, 1.06499368786e-12, 4.72381573961e-13, 1.35322918778e-13, 4.57735046156e-14, 1.47135094771e-14, 3.77647733709e-15, 1.95420940613e-15, 1.03338845422e-15, 7.7119771691e-16], "dvar2": [4.91607079312e-06, 6.43816338197e-06, 2.94232700071e-06, 1.18738159927e-06, 1.46422610214e-06, 5.07872925937e-07, 2.68021523198e-07, 2.63058694827e-07, 6.00416285579e-07, 1.15459428685e-07, 5.69487887958e-08, 2.47384459584e-08, 1.66653784106e-08, 1.28637598351e-08, 2.54623060414e-08, 2.91966006927e-08, 1.04751398666e-08, 2.88057435682e-08, 2.01583745252e-08, 4.21706225495e-09, 1.36070765766e-09, 2.91387469709e-09, 3.24773874461e-09, 3.02307801014e-09, 3.78649644972e-09, 1.94413840582e-09, 8.13620448792e-10, 5.48203371586e-10, 3.47933820644e-10, 6.64912222503e-11, 1.98533290502e-11, 2.25416820626e-12, 1.04574866561e-12, 2.76943751135e-13, 9.1528211876e-14, 3.58808848518e-14, 8.85468083676e-15, 4.56657315315e-15, 2.62269458436e-15, 1.97902556566e-15], "max": [0.0158044267446, 0.0295546576381, 0.0299411248416, 0.0212938915938, 0.025391407311, 0.0145158283412, 0.00997537281364, 0.0139866229147, 0.0260077770799, 0.00876967143267, 0.00449021719396, 0.00359092489816, 0.00255277636461, 0.00303072179668, 0.00535038486123, 0.00275373249315, 0.00285420194268, 0.00314255291596, 0.00290421699174, 0.00188510969747, 0.00101764465217, 0.00185863359366, 0.00229950062931, 0.001654910855, 0.00217582727782, 0.00163415877614, 0.00127978541423, 0.000730713712983, 0.000596001045778, 0.00033505258034, 0.00011469261517, 4.41778247477e-05, 2.96692942356e-05, 1.65782712429e-05, 1.00651614048e-05, 5.33630736754e-06, 1.79472328909e-06, 1.1135226714e-06, 7.33337913061e-07, 5.0378787364e-07], "mean": [0.0017789946869, 0.00185116648208, 0.00110149581451, 0.000564869609661, 0.000594449811615, 0.000298999861116, 0.00023209930805, 0.00027404006687, 0.000213787498069, 0.000162299897056, 8.92226089491e-05, 7.55233704695e-05, 5.43320493307e-05, 4.69921033073e-05, 4.50745828857e-05, 5.92139767832e-05, 3.76123862225e-05, 6.26186229056e-05, 5.1769457059e-05, 1.88537542272e-05, 9.24602863961e-06, 1.0859230315e-05, 1.19177429951e-05, 1.20960230561e-05, 1.09143566078e-05, 7.32066155251e-06, 5.55816177439e-06, 4.27743952969e-06, 2.99804628412e-06, 2.12377540265e-06, 1.18160801321e-06, 4.45005582606e-07, 2.85073838313e-07, 1.62263191328e-07, 9.65958051324e-08, 5.8323422536e-08, 3.62830974154e-08, 2.71377995631e-08, 1.95495850619e-08, 1.71354841427e-08], "median": [0.000824040616862, 0.00128713808954, 0.000489674741402, 0.000231799189351, 0.000152817839989, 0.000124103942653, 9.88911924651e-05, 8.96520723472e-05, 5.7118726545e-05, 5.39343964192e-05, 3.44946747646e-05, 3.69288536604e-05, 2.41292909777e-05, 1.76186222234e-05, 9.79420656222e-06, 6.72423311698e-06, 4.49017352366e-06, 3.85549083148e-06, 3.85329622077e-06, 2.75650245385e-06, 1.40590168485e-06, 1.08386802822e-06, 1.42168755701e-06, 1.28737531213e-06, 1.21209836834e-06, 7.10931203685e-07, 4.96473830935e-07, 4.17806688802e-07, 3.10746429477e-07, 1.73096992739e-07, 1.04313635063e-07, 6.4122801291e-08, 4.58114541857e-08, 3.35818590713e-08, 2.46092248801e-08, 1.8269684432e-08, 1.23728369772e-08, 9.74095026862e-09, 8.06311373225e-09, 7.26692039876e-09], "min": [1.3714834945e-24, 1.07802319484e-24, 7.86016322101e-25, 1.83449504902e-24, 1.88110627611e-24, 2.36516473819e-24, 3.08545154264e-24, 1.79760988524e-24, 2.33270587295e-24, 1.76772290377e-24, 2.92681753105e-24, 2.58179935339e-24, 3.66198304104e-24, 4.35435205806e-24, 3.04562057503e-24, 3.8758077337e-24, 2.60759116069e-24, 2.98122822592e-24, 3.68089795339e-24, 4.18662208581e-24, 4.34211327554e-24, 3.36042597166e-24, 5.5299421613e-24, 4.34362512747e-24, 4.17857254913e-24, 4.5309231889e-24, 4.51137442681e-24, 6.08763487243e-24, 4.32846637631e-24, 4.93438491559e-24, 4.90272043328e-24, 5.28186433927e-24, 5.49356660167e-24, 5.4786472698e-24, 5.44960220013e-24, 6.62324302808e-24, 5.5963212566e-24, 6.63624266693e-24, 6.74274362231e-24, 6.94032645779e-24], "var": [4.49132949143e-06, 3.83045835406e-06, 3.28634268953e-06, 9.06061018213e-07, 2.20658307626e-06, 3.47211965845e-07, 2.14300754919e-07, 3.67461638007e-07, 5.31109549229e-07, 1.03336830648e-07, 3.90628898117e-08, 1.83196835479e-08, 1.17325065219e-08, 1.2581166331e-08, 1.57158446257e-08, 2.37216273291e-08, 9.85860104663e-09, 2.76825087298e-08, 1.78010441942e-08, 2.6858750779e-09, 1.37834754721e-09, 3.4059419729e-09, 3.64108210249e-09, 2.98151570099e-09, 3.18193893456e-09, 1.48189516214e-09, 9.42883437993e-10, 3.90047244503e-10, 2.59322174845e-10, 9.52956116795e-11, 1.81921058079e-11, 1.89341294379e-12, 7.49258131667e-13, 2.3883071085e-13, 8.09893737361e-14, 2.06240494789e-14, 5.86475956503e-15, 2.81166403501e-15, 1.14636750867e-15, 8.38449856521e-16]}, "melbands_crest": {"dmean": 3.70964097977, "dmean2": 6.09864902496, "dvar": 9.542927742, "dvar2": 24.6457843781, "max": 34.2680168152, "mean": 15.3100423813, "median": 14.7739706039, "min": 1.61015415192, "var": 33.0116844177}, "melbands_flatness_db": {"dmean": 0.0395075380802, "dmean2": 0.0593943148851, "dvar": 0.00122396892402, "dvar2": 0.002845849609, "max": 0.720362067223, "mean": 0.294982105494, "median": 0.28827226162, "min": 0.00325660058297, "var": 0.00716448482126}, "melbands_kurtosis": {"dmean": 8.34654331207, "dmean2": 13.4395589828, "dvar": 257.225982666, "dvar2": 645.774536133, "max": 515.40826416, "mean": 15.1726760864, "median": 6.67769193649, "min": -1.94471359253, "var": 771.795593262}, "melbands_skewness": {"dmean": 0.811281621456, "dmean2": 1.27973175049, "dvar": 0.69740819931, "dvar2": 1.69620943069, "max": 14.3409137726, "mean": 2.64915251732, "median": 2.31802749634, "min": -2.47221398354, "var": 3.11570620537}, "melbands_spread": {"dmean": 5.22307062149, "dmean2": 7.86208152771, "dvar": 70.4991378784, "dvar2": 149.209030151, "max": 319.243499756, "mean": 15.8815927505, "median": 11.1817817688, "min": 0.194426760077, "var": 452.423522949}, "mfcc": {"cov": [[9817.71875, 29.4984970093, -2388.40600586, 883.746154785, -234.399780273, 114.450592041, -468.207702637, -588.622802734, -214.573074341, 212.092437744, 122.064712524, -108.887702942, -242.80418396], [29.4984970093, 1424.3659668, 285.851776123, -454.119659424, -29.4979095459, -21.8568134308, 43.4061050415, -16.5775737762, 0.506320476532, 21.8983592987, 60.3951683044, -2.88221740723, 35.8485412598], [-2388.40600586, 285.851776123, 1236.40356445, -404.184875488, 47.5789642334, -36.9808731079, 173.944549561, 238.097900391, 128.991714478, -28.5735759735, -3.88875675201, 84.9567489624, 117.446296692], [883.746154785, -454.119659424, -404.184875488, 629.046813965, -1.44111394882, 28.6305503845, -29.2386608124, 2.82039403915, -6.93793725967, 5.00260448456, -27.9102191925, -4.53810548782, -31.4259815216], [-234.399780273, -29.4979095459, 47.5789642334, -1.44111394882, 278.094909668, 92.6420593262, 38.4386940002, -12.7897520065, -28.6392097473, 4.95017194748, 0.382040023804, -33.11353302, -20.5022907257], [114.450592041, -21.8568134308, -36.9808731079, 28.6305503845, 92.6420593262, 182.019607544, 54.4412612915, -2.54824781418, -18.057800293, 5.54589128494, -10.7002305984, -17.8700485229, -10.5028924942], [-468.207702637, 43.4061050415, 173.944549561, -29.2386608124, 38.4386940002, 54.4412612915, 175.516784668, 110.454879761, 14.4340295792, -36.5421142578, -28.8631572723, 1.9311658144, 26.3025817871], [-588.622802734, -16.5775737762, 238.097900391, 2.82039403915, -12.7897520065, -2.54824781418, 110.454879761, 197.489868164, 72.9286880493, -29.6849575043, -32.6574478149, 23.0726356506, 43.3685302734], [-214.573074341, 0.506320476532, 128.991714478, -6.93793725967, -28.6392097473, -18.057800293, 14.4340295792, 72.9286880493, 114.878936768, 31.4063205719, -0.0515505410731, 26.9395294189, 27.3565196991], [212.092437744, 21.8983592987, -28.5735759735, 5.00260448456, 4.95017194748, 5.54589128494, -36.5421142578, -29.6849575043, 31.4063205719, 88.0124206543, 48.1404876709, 10.7058820724, -5.28762435913], [122.064712524, 60.3951683044, -3.88875675201, -27.9102191925, 0.382040023804, -10.7002305984, -28.8631572723, -32.6574478149, -0.0515505410731, 48.1404876709, 87.6084060669, 38.4551086426, 1.43169188499], [-108.887702942, -2.88221740723, 84.9567489624, -4.53810548782, -33.11353302, -17.8700485229, 1.9311658144, 23.0726356506, 26.9395294189, 10.7058820724, 38.4551086426, 85.942024231, 44.6240348816], [-242.80418396, 35.8485412598, 117.446296692, -31.4259815216, -20.5022907257, -10.5028924942, 26.3025817871, 43.3685302734, 27.3565196991, -5.28762435913, 1.43169188499, 44.6240348816, 69.0708389282]], "icov": [[0.000233273138292, -0.000132744768052, 0.000357238546712, -0.000169899751199, 0.000170803905348, -0.000180291113793, 0.000130677202833, 0.000123970414279, 1.85893823073e-05, -0.00029341224581, 1.29780419229e-05, -0.000135757596581, 0.00015747595171], [-0.000132744768052, 0.00104943476617, -0.000230743098655, 0.000699406780768, 0.000126342914882, 0.000115869348519, -0.000443879514933, 0.000154432302224, -1.97030167328e-05, 0.000119697477203, -0.000867131573614, 0.000939838180784, -0.00074580317596], [0.000357238546712, -0.000230743098655, 0.00224488717504, 0.000733182416297, -0.000413431116613, 0.000188002057257, -0.000299130013445, -0.0010497252224, -0.000701505108736, -0.000352432165528, 0.000261521403445, -0.00121261528693, -0.000400257122237], [-0.000169899751199, 0.000699406780768, 0.000733182416297, 0.00287800119258, -0.000344950443832, 4.15823560616e-05, -1.741288429e-06, -0.00130654207896, 9.74854265223e-05, -0.000548026175238, 0.00106678763404, -0.00125619932078, 0.000536365201697], [0.000170803905348, 0.000126342914882, -0.000413431116613, -0.000344950443832, 0.00506413914263, -0.00228903023526, -0.000507165153977, 0.000679822580423, 0.000860111555085, -0.000492759922054, -0.00136569200549, 0.00219734548591, 0.0002325981186], [-0.000180291113793, 0.000115869348519, 0.000188002057257, 4.15823560616e-05, -0.00228903023526, 0.00808549765497, -0.00350496196188, 0.000869500974659, 0.000783201656304, -0.0023211594671, 0.00196260237135, -0.000755945977289, 0.000303937034914], [0.000130677202833, -0.000443879514933, -0.000299130013445, -1.741288429e-06, -0.000507165153977, -0.00350496196188, 0.0120908385143, -0.00642651226372, 0.00202498072758, 0.00198873504996, -0.000144905818161, 0.000786218733992, -0.00120979128405], [0.000123970414279, 0.000154432302224, -0.0010497252224, -0.00130654207896, 0.000679822580423, 0.000869500974659, -0.00642651226372, 0.0138533953577, -0.00702949240804, 0.00349623640068, 0.000296638725558, 0.000484953750856, -0.00163863762282], [1.85893823073e-05, -1.97030167328e-05, -0.000701505108736, 9.74854265223e-05, 0.000860111555085, 0.000783201656304, 0.00202498072758, -0.00702949240804, 0.0180847793818, -0.0111424578354, 0.00583880767226, -0.00357916532084, -0.000494666222949], [-0.00029341224581, 0.000119697477203, -0.000352432165528, -0.000548026175238, -0.000492759922054, -0.0023211594671, 0.00198873504996, 0.00349623640068, -0.0111424578354, 0.0253478158265, -0.0146936075762, 0.00590932136402, -0.00135502393823], [1.29780419229e-05, -0.000867131573614, 0.000261521403445, 0.00106678763404, -0.00136569200549, 0.00196260237135, -0.000144905818161, 0.000296638725558, 0.00583880767226, -0.0146936075762, 0.0278435051441, -0.0164598748088, 0.00691790319979], [-0.000135757596581, 0.000939838180784, -0.00121261528693, -0.00125619932078, 0.00219734548591, -0.000755945977289, 0.000786218733992, 0.000484953750856, -0.00357916532084, 0.00590932136402, -0.0164598748088, 0.0293943360448, -0.0163206849247], [0.00015747595171, -0.00074580317596, -0.000400257122237, 0.000536365201697, 0.0002325981186, 0.000303937034914, -0.00120979128405, -0.00163863762282, -0.000494666222949, -0.00135502393823, 0.00691790319979, -0.0163206849247, 0.0284409634769]], "mean": [-722.187072754, 181.219909668, -1.82807838917, 28.3791389465, -1.2541372776, 8.23680019379, 8.49226474762, 5.50784158707, 2.36055374146, 4.12276601791, 0.569369852543, -1.11209011078, -0.567009091377]}, "pitch_salience": {"dmean": 0.0748313367367, "dmean2": 0.12054438144, "dvar": 0.00400199647993, "dvar2": 0.0100906500593, "max": 0.993143439293, "mean": 0.56106698513, "median": 0.576301276684, "min": 0.12139184773, "var": 0.0143017349765}, "silence_rate_20dB": {"dmean": 0, "dmean2": 0, "dvar": 0, "dvar2": 0, "max": 1, "mean": 1, "median": 1, "min": 1, "var": 0}, "silence_rate_30dB": {"dmean": 0.0120876356959, "dmean2": 0.0241772998124, "dvar": 0.0119413202628, "dvar2": 0.0289640836418, "max": 1, "mean": 0.985395312309, "median": 1, "min": 0, "var": 0.0143916392699}, "silence_rate_60dB": {"dmean": 0.00889784283936, "dmean2": 0.0177971795201, "dvar": 0.00881753861904, "dvar2": 0.0213455595076, "max": 1, "mean": 0.0400369316339, "median": 0, "min": 0, "var": 0.0384333729744}, "spectral_centroid": {"dmean": 205.407623291, "dmean2": 285.503356934, "dvar": 90756.171875, "dvar2": 142052.015625, "max": 11739.3037109, "mean": 906.331359863, "median": 651.252685547, "min": 89.5240783691, "var": 934482}, "spectral_complexity": {"dmean": 3.33232593536, "dmean2": 4.75251865387, "dvar": 19.2223491669, "dvar2": 29.3567695618, "max": 57, "mean": 15.1264057159, "median": 12, "min": 0, "var": 106.13004303}, "spectral_contrast_coeffs": {"dmean": [0.0518540255725, 0.0469031445682, 0.0355754494667, 0.0322918258607, 0.026001015678, 0.0374058000743], "dmean2": [0.0864380374551, 0.0772967338562, 0.0585237108171, 0.0519504211843, 0.0412738732994, 0.0557350590825], "dvar": [0.00166010914836, 0.00137664936483, 0.000787939294241, 0.000674721261021, 0.000524886534549, 0.001421568566], "dvar2": [0.00455679371953, 0.00374342850409, 0.00208848714828, 0.00172704691067, 0.0012807949679, 0.00280030537397], "max": [-0.343460530043, -0.453569918871, -0.54204583168, -0.526472389698, -0.618309080601, -0.471904993057], "mean": [-0.674328446388, -0.769439101219, -0.792185902596, -0.817453980446, -0.840261101723, -0.791761040688], "median": [-0.682192027569, -0.771723926067, -0.792693316936, -0.820469379425, -0.831751346588, -0.817772507668], "min": [-0.980080127716, -0.980599224567, -0.996804237366, -0.983762264252, -0.981127619743, -0.966581165791], "var": [0.0067597986199, 0.0042137936689, 0.00280101760291, 0.00392185105011, 0.00294494489208, 0.006889001932]}, "spectral_contrast_valleys": {"dmean": [0.411608666182, 0.379006415606, 0.326180756092, 0.396084576845, 0.46031922102, 0.630054712296], "dmean2": [0.684760212898, 0.613312184811, 0.511173129082, 0.59742462635, 0.646268010139, 1.00115287304], "dvar": [0.126496225595, 0.117885813117, 0.0994587242603, 0.15999469161, 0.212380722165, 0.265086025], "dvar2": [0.306129217148, 0.267250925303, 0.205257892609, 0.349826842546, 0.45061686635, 0.692187428474], "max": [-5.22711133957, -4.39134407043, -5.45001411438, -5.33069515228, -4.67831897736, -9.02493572235], "mean": [-7.09019899368, -6.79572296143, -7.38971281052, -8.10112190247, -8.32605743408, -11.4067964554], "median": [-6.85402107239, -6.52973937988, -7.15540218353, -7.90978765488, -8.13465309143, -11.2456264496], "min": [-28.1004314423, -27.975769043, -27.9032249451, -27.7623882294, -27.4924468994, -27.4041442871], "var": [2.89711284637, 3.25145506859, 2.95612502098, 3.29148650169, 3.24631857872, 2.00091123581]}, "spectral_decrease": {"dmean": 1.66846769734e-09, "dmean2": 2.66711097652e-09, "dvar": 4.57921231409e-18, "dvar2": 1.11370588514e-17, "max": 5.29801180704e-09, "mean": -3.62748897587e-09, "median": -1.94204119452e-09, "min": -4.00692883318e-08, "var": 1.98217488709e-17}, "spectral_energy": {"dmean": 0.0108875604346, "dmean2": 0.0165244136006, "dvar": 0.000137891271152, "dvar2": 0.000308349612169, "max": 0.197155296803, "mean": 0.0361615419388, "median": 0.0319027379155, "min": 1.01448685732e-20, "var": 0.000667872373015}, "spectral_energyband_high": {"dmean": 0.000400019896915, "dmean2": 0.000529108569026, "dvar": 1.63687298027e-06, "dvar2": 2.73248269878e-06, "max": 0.0536799393594, "mean": 0.000701241893694, "median": 0.000105696781247, "min": 7.23318393124e-21, "var": 5.50109825781e-06}, "spectral_energyband_low": {"dmean": 0.00573044782504, "dmean2": 0.00927874445915, "dvar": 4.41136980953e-05, "dvar2": 0.000111202461994, "max": 0.101906627417, "mean": 0.0113850198686, "median": 0.00830252282321, "min": 2.47788909612e-23, "var": 0.000111927518446}, "spectral_energyband_middle_high": {"dmean": 0.0015453454107, "dmean2": 0.00216087815352, "dvar": 1.07698169813e-05, "dvar2": 1.96959572349e-05, "max": 0.101464346051, "mean": 0.0039879353717, "median": 0.00140742189251, "min": 1.21926301121e-21, "var": 4.49714680144e-05}, "spectral_energyband_middle_low": {"dmean": 0.00376621820033, "dmean2": 0.00577880069613, "dvar": 4.00266653742e-05, "dvar2": 9.12643590709e-05, "max": 0.14837487042, "mean": 0.0106374146417, "median": 0.00617025606334, "min": 1.91190676639e-22, "var": 0.00016587144637}, "spectral_entropy": {"dmean": 0.250088095665, "dmean2": 0.377827823162, "dvar": 0.0617542378604, "dvar2": 0.152613461018, "max": 9.82229614258, "mean": 7.1684718132, "median": 7.21215438843, "min": 5.20682764053, "var": 0.250267803669}, "spectral_flux": {"dmean": 0.0231738630682, "dmean2": 0.0361767113209, "dvar": 0.000528941687662, "dvar2": 0.0012038545683, "max": 0.320638328791, "mean": 0.0947872921824, "median": 0.0902942717075, "min": 6.44381561998e-11, "var": 0.00221479428001}, "spectral_kurtosis": {"dmean": 7.79443073273, "dmean2": 12.4006290436, "dvar": 96.4312515259, "dvar2": 255.103927612, "max": 143.157913208, "mean": 24.0953807831, "median": 20.8606567383, "min": -1.2420539856, "var": 177.982330322}, "spectral_rms": {"dmean": 0.000898143392988, "dmean2": 0.00134854635689, "dvar": 7.03227726717e-07, "dvar2": 1.52746508775e-06, "max": 0.0138689093292, "mean": 0.0055039729923, "median": 0.00557894445956, "min": 3.14601860188e-12, "var": 4.98584449815e-06}, "spectral_rolloff": {"dmean": 1738.84130859, "dmean2": 3358.53564453, "dvar": 27683630, "dvar2": 72158512, "max": 22050, "mean": 19587.5234375, "median": 21920.8007812, "min": 129.19921875, "var": 39022272}, "spectral_skewness": {"dmean": 0.59014749527, "dmean2": 0.911373436451, "dvar": 0.441785752773, "dvar2": 1.14659190178, "max": 10.1429853439, "mean": 3.46942281723, "median": 3.24253511429, "min": -0.0551672615111, "var": 1.2917855978}, "spectral_spread": {"dmean": 610291.1875, "dmean2": 969571.6875, "dvar": 488321843200, "dvar2": 1170845728770.0, "max": 42666320, "mean": 4007704, "median": 3734723, "min": 1364433.75, "var": 7588