{"lowlevel": {"average_loudness": 0.665580809116, "barkbands": {"dmean": [6.35068499832e-06, 0.000573731900658, 0.000696368922945, 0.000640584155917, 0.00177888199687, 0.00104673416354, 0.000833920203149, 0.000658210599795, 0.00104060012382, 0.000737950729672, 0.000319350074278, 0.000332695315592, 0.000370561640011, 0.000557666062377, 0.000303192646243, 0.000172480635229, 0.000151404470671, 0.000177675014129, 8.31168872537e-05, 0.000118565883895, 5.86079368077e-05, 4.99190355185e-05, 3.67108659702e-05, 2.53567250184e-05, 9.86489067145e-06, 2.28782528211e-06, 1.79606502115e-07], "dmean2": [9.91445085674e-06, 0.000969499815255, 0.00120493187569, 0.00103076733649, 0.00270095281303, 0.0015438873088, 0.00126087060198, 0.00102789560333, 0.00168317905627, 0.00118253391702, 0.000515537685715, 0.000547491945326, 0.000596626487095, 0.000902772939298, 0.000483469571918, 0.000265139591647, 0.00023019836226, 0.000278791791061, 0.00013111201406, 0.000184844640899, 8.76570193213e-05, 7.21884862287e-05, 5.38550484634e-05, 3.69471599697e-05, 1.4613437088e-05, 3.33725370183e-06, 3.3001134625e-07], "dvar": [3.92698068508e-10, 9.40519157666e-07, 1.95713391804e-06, 1.22204835407e-06, 8.2035721789e-06, 5.26452140548e-06, 3.07678647005e-06, 3.54133544533e-06, 5.55924953005e-06, 4.09700260207e-06, 7.28937664007e-07, 6.79855361341e-07, 7.597336662e-07, 1.13445378247e-06, 4.8147404641e-07, 1.52518424557e-07, 1.3048298797e-07, 1.06022973512e-07, 2.04049346308e-08, 7.26629139081e-08, 1.91391613669e-08, 2.01030303515e-08, 7.6496204926e-09, 4.04337630044e-09, 5.42590694597e-10, 5.45427071563e-11, 1.10838085671e-12], "dvar2": [8.9679419446e-10, 2.51688447861e-06, 5.57940984436e-06, 3.15552006214e-06, 1.93503183255e-05, 1.19187161545e-05, 7.10665926817e-06, 9.0223575171e-06, 1.47011460285e-05, 1.0464314073e-05, 1.99924011213e-06, 1.85426324606e-06, 1.94340054804e-06, 2.94571395898e-06, 1.26281156554e-06, 3.3592519344e-07, 2.46580924568e-07, 2.52657514466e-07, 4.63980391885e-08, 1.71667181803e-07, 3.87507803623e-08, 4.20013606117e-08, 1.52247157104e-08, 7.4798647276e-09, 1.07509090519e-09, 1.27479846124e-10, 3.16793097831e-12], "max": [0.0011823164532, 0.0173443704844, 0.0171893164515, 0.0186695083976, 0.0731356218457, 0.051461648196, 0.0434116348624, 0.045168299228, 0.0360464453697, 0.0397520102561, 0.0374387875199, 0.0193106383085, 0.0279445797205, 0.0273379459977, 0.016015233472, 0.0115065760911, 0.0141385560855, 0.00781024200842, 0.00373738538474, 0.0113464752212, 0.00505861686543, 0.00478178076446, 0.00296856136993, 0.00259552942589, 0.000724436016753, 0.00022054873989, 2.73043642665e-05], "mean": [7.12786913937e-06, 0.00133674999233, 0.0011053289054, 0.00130832649302, 0.00363480043598, 0.00207533454522, 0.0014179602731, 0.00100132403895, 0.0016711873468, 0.00117915542796, 0.000521484878846, 0.000572092540096, 0.0007356601418, 0.00109375233296, 0.000586279435083, 0.000365136802429, 0.000315834768116, 0.000399615062634, 0.000193980144104, 0.000269189302344, 0.000120655684441, 0.000107846622996, 7.81268172432e-05, 5.91298266954e-05, 2.1327408831e-05, 3.55312295142e-06, 1.10096983974e-07], "median": [1.71721137576e-06, 0.000931718735956, 0.000535401457455, 0.000634660595097, 0.00188517803326, 0.000555815757252, 0.000507060438395, 0.000208393554203, 0.000497848610394, 0.000245373754296, 0.000159849660122, 0.00018871499924, 0.000313909957185, 0.000480564660393, 0.000235059458646, 0.000137896946399, 0.000139020528877, 0.000193044077605, 0.000112226363854, 0.000144860066939, 5.55759834242e-05, 4.41703086835e-05, 3.46975684806e-05, 2.68354888249e-05, 8.65235961101e-06, 8.39819222165e-07, 1.23620225168e-09], "min": [3.17058880363e-23, 1.42719673676e-23, 6.14561898886e-23, 2.1418343505e-23, 2.0194037691e-23, 4.14251687259e-23, 5.89454728192e-23, 3.83538302993e-23, 1.18305103925e-22, 7.8220910385e-23, 3.18620540966e-23, 8.8232520838e-23, 1.0978271771e-22, 1.20741182131e-22, 8.14168067931e-23, 1.99491487603e-22, 1.73865044485e-22, 3.28409837794e-22, 2.98507213211e-22, 2.84398947103e-22, 4.81196973275e-22, 6.15627555305e-22, 6.03618290294e-22, 8.30741770493e-22, 1.35363724964e-21, 1.82904618006e-21, 2.59724655312e-21], "var": [4.76881034661e-10, 2.09872769119e-06, 2.37189033214e-06, 3.45643616129e-06, 2.28173703363e-05, 1.52859884111e-05, 6.97701170793e-06, 6.56054317005e-06, 1.09030434032e-05, 8.92523439688e-06, 1.35122820666e-06, 1.30618627736e-06, 1.5350456124e-06, 2.63794186139e-06, 1.13681005587e-06, 4.55677422906e-07, 3.64871084457e-07, 3.59022351404e-07, 6.44073807621e-08, 1.83561311928e-07, 5.02918844347e-08, 6.39933688262e-08, 2.49617393422e-08, 1.61308584268e-08, 1.70541514244e-09, 8.25099016888e-11, 6.33745822747e-13]}, "barkbands_crest": {"dmean": 2.11523580551, "dmean2": 3.42100405693, "dvar": 4.01257228851, "dvar2": 10.0693101883, "max": 25.9043388367, "mean": 8.52430057526, "median": 7.83339500427, "min": 2.16298604012, "var": 12.0314188004}, "barkbands_flatness_db": {"dmean": 0.0165247395635, "dmean2": 0.0246661622077, "dvar": 0.000239379602135, "dvar2": 0.000495842366945, "max": 0.34460401535, "mean": 0.135917201638, "median": 0.13343283534, "min": 0.0363162085414, "var": 0.00126874132548}, "barkbands_kurtosis": {"dmean": 1.3215867281, "dmean2": 2.06969809532, "dvar": 4.35354948044, "dvar2": 9.53274822235, "max": 92.5529098511, "mean": 1.585039258, "median": 0.587981939316, "min": -1.8556586504, "var": 16.9482059479}, "barkbands_skewness": {"dmean": 0.366626650095, "dmean2": 0.560755372047, "dvar": 0.123846687376, "dvar2": 0.282524675131, "max": 8.39386844635, "mean": 1.11165487766, "median": 1.05264151096, "min": -1.89943504333, "var": 0.734905898571}, "barkbands_spread": {"dmean": 4.2604470253, "dmean2": 6.38607406616, "dvar": 21.8672981262, "dvar2": 42.8891677856, "max": 97.8527145386, "mean": 22.5012645721, "median": 20.6031112671, "min": 1.27103161812, "var": 107.491401672}, "dissonance": {"dmean": 0.0147584853694, "dmean2": 0.024828851223, "dvar": 0.000189711718122, "dvar2": 0.000521377951372, "max": 0.500000059605, "mean": 0.467877149582, "median": 0.472225129604, "min": 0.325045973063, "var": 0.000425333244493}, "dynamic_complexity": 3.90481233597, "erbbands": {"dmean": [0.00746488105506, 0.161913111806, 0.683378756046, 1.52477991581, 3.00772070885, 7.67219591141, 8.67411422729, 7.69879770279, 10.3503818512, 13.3133850098, 15.0542230606, 18.8006458282, 26.6488723755, 15.824877739, 9.26266384125, 13.0260095596, 16.9717960358, 20.2229595184, 24.0628108978, 11.6893568039, 10.2668800354, 7.4521985054, 9.84210586548, 4.64472103119, 4.7196059227, 5.67381858826, 3.1891450882, 1.86859989166, 1.80982220173, 1.4508702755, 1.02105486393, 0.675152540207, 0.342332988977, 0.158373311162, 0.0454665906727, 0.0131431110203, 0.00328783551231, 0.000643040111754, 2.44469611062e-05, 5.83062228543e-06], "dmean2": [0.0124267498031, 0.274113506079, 1.17969667912, 2.49089622498, 4.72954654694, 11.588804245, 13.2322692871, 11.0521821976, 15.4618062973, 20.4258213043, 23.6914081573, 30.3159656525, 43.3941688538, 25.0379772186, 14.8256158829, 21.399723053, 27.051071167, 31.9884624481, 39.2397346497, 18.0365371704, 15.5828075409, 11.3691120148, 15.3977127075, 7.32566976547, 7.32695007324, 8.87727928162, 4.84764671326, 2.74672746658, 2.65225625038, 2.13026475906, 1.50475382805, 0.990873932838, 0.509514212608, 0.237130239606, 0.067105896771, 0.0191780366004, 0.00471561821178, 0.00105302117299, 4.14452770201e-05, 8.62040542415e-06], "dvar": [0.000253740145126, 0.0718434229493, 1.64797973633, 7.67127370834, 22.5682830811, 180.605331421, 373.717529297, 282.777404785, 573.706787109, 1044.95458984, 1655.00585938, 1629.14746094, 4191.44970703, 2183.99072266, 417.840026855, 1035.10522461, 1689.78686523, 1487.12902832, 2251.38964844, 527.225769043, 641.800842285, 207.535446167, 340.472137451, 56.7553634644, 83.6800460815, 186.340133667, 52.4814987183, 24.7690372467, 27.1900787354, 13.4175243378, 6.29858207703, 3.08913326263, 0.670590281487, 0.150940194726, 0.0109777506441, 0.00139859854244, 0.000133331326651, 8.55160851643e-06, 1.62206710286e-08, 5.26087333419e-11], "dvar2": [0.000658690114506, 0.194415822625, 4.70745754242, 20.3892555237, 53.606086731, 429.201690674, 894.528686523, 568.466186523, 1276.44665527, 2540.08959961, 4200.40820313, 4260.51953125, 11068.3027344, 5243.48583984, 1082.55456543, 2823.18334961, 4424.79638672, 3719.94042969, 6044.33496094, 1226.56091309, 1379.72998047, 424.33416748, 825.069091797, 136.563186646, 194.699539185, 453.573394775, 104.493682861, 51.6684074402, 58.6479530334, 27.3367500305, 13.0419178009, 6.07439374924, 1.25267875195, 0.306783735752, 0.0217284355313, 0.00309875118546, 0.000305910798488, 2.30257828662e-05, 4.58308662132e-08, 1.14649775784e-10], "max": [0.671047031879, 4.78109312057, 15.9256925583, 40.2965431213, 103.790634155, 252.249160767, 522.364440918, 370.984008789, 470.610992432, 927.333679199, 956.713500977, 628.82421875, 1310.41906738, 1389.18884277, 735.750183105, 847.598144531, 1328.67492676, 898.280761719, 997.529968262, 723.126037598, 796.584533691, 456.422088623, 423.292053223, 170.388153076, 269.861236572, 633.363586426, 319.643432617, 184.799209595, 184.188079834, 120.96723175, 87.7300415039, 69.162071228, 36.8452568054, 12.9242315292, 2.69109010696, 1.19615471363, 0.394493848085, 0.0797377601266, 0.00397379044443, 0.000150741776451], "mean": [0.0161285996437, 0.379520744085, 1.28524971008, 3.00541472435, 6.3564825058, 15.0931243896, 16.9400177002, 15.9884366989, 18.1128807068, 21.8532714844, 25.0280990601, 31.6341342926, 43.5450363159, 29.3963928223, 17.9270019531, 24.6708469391, 36.2118988037, 44.3314094543, 47.1145362854, 25.6186199188, 22.0796337128, 17.1540699005, 22.7313156128, 11.8830127716, 11.926779747, 12.7590341568, 6.80007076263, 3.90868663788, 3.82421350479, 3.13848376274, 2.15802192688, 1.49880039692, 0.788418769836, 0.347481161356, 0.0955548286438, 0.0243569109589, 0.00478762667626, 0.000558870553505, 3.03752512991e-05, 2.53307243838e-05], "median": [0.00977451633662, 0.27454829216, 0.829027533531, 1.74853754044, 3.70809030533, 6.73994541168, 5.28385877609, 4.66200780869, 6.53005504608, 7.56799173355, 6.75732707977, 10.5778656006, 11.162103653, 7.39000892639, 7.27848434448, 8.73198509216, 16.3113937378, 20.3507728577, 20.9343357086, 12.3091602325, 7.65144014359, 8.65842819214, 11.7326126099, 6.88975143433, 7.17715644836, 6.92957830429, 3.36106681824, 1.7070068121, 1.54490947723, 1.32372331619, 0.948072731495, 0.666070342064, 0.365533649921, 0.145819485188, 0.036514647305, 0.00735744414851, 0.000867205031682, 5.50590448256e-05, 1.38184950629e-05, 1.98740290216e-05], "min": [2.36129393972e-22, 5.00909115403e-21, 5.4667112988e-20, 9.17979840652e-20, 3.84531160552e-20, 7.02485849397e-20, 1.62125577678e-19, 3.60247780868e-19, 5.87280243734e-19, 1.35722171566e-18, 6.54855884997e-19, 2.96579322058e-18, 2.82543886861e-18, 1.93990417935e-18, 1.61649692917e-18, 4.06731365996e-18, 4.9340335058e-18, 5.38335222427e-18, 7.41113710588e-18, 3.88618633482e-18, 1.18197913951e-17, 1.16510655753e-17, 1.6327374004e-17, 1.60820471236e-17, 1.56248809427e-17, 1.40016564502e-17, 1.93165450031e-17, 1.60351559091e-17, 1.8273114563e-17, 2.62247438888e-17, 1.73696215759e-17, 1.79090756841e-17, 1.27663134905e-17, 1.47019756809e-17, 1.03635217287e-17, 7.80390975768e-18, 2.86081179994e-18, 1.42488477957e-18, 3.2609243355e-19, 3.93150124041e-20], "var": [0.000435427529737, 0.154015302658, 2.15917158127, 14.332909584, 63.8428459167, 515.796508789, 867.983642578, 930.05682373, 1384.78723145, 2046.57897949, 3324.11254883, 3428.54638672, 8490.68261719, 5536.51171875, 1071.45629883, 2186.73852539, 3478.75292969, 4290.85400391, 5642.87597656, 1480.2767334, 1827.47570801, 646.132202148, 1086.01379395, 226.750747681, 256.779541016, 408.047393799, 142.428436279, 71.4673156738, 82.3748168945, 43.7193374634, 19.7817440033, 11.0008869171, 2.71442770958, 0.489581286907, 0.0316223986447, 0.00274931709282, 0.000198617970455, 6.41052747596e-06, 1.05558513042e-08, 4.03050398612e-10]}, "erbbands_crest": {"dmean": 2.13866114616, "dmean2": 3.49356102943, "dvar": 4.06436300278, "dvar2": 10.4032335281, "max": 28.1131916046, "mean": 7.93617153168, "median": 7.19183254242, "min": 2.42061376572, "var": 10.0279340744}, "erbbands_flatness_db": {"dmean": 0.013780397363, "dmean2": 0.0199184212834, "dvar": 0.000182477058843, "dvar2": 0.000354263494955, "max": 0.305921405554, "mean": 0.170979708433, "median": 0.17125672102, "min": 0.0425506234169, "var": 0.00117822829634}, "erbbands_kurtosis": {"dmean": 0.555282592773, "dmean2": 0.87469547987, "dvar": 0.423806369305, "dvar2": 0.993573307991, "max": 12.28972435, "mean": 0.0273781213909, "median": -0.25348713994, "min": -1.66994988918, "var": 1.35938930511}, "erbbands_skewness": {"dmean": 0.290344238281, "dmean2": 0.446563065052, "dvar": 0.0640397891402, "dvar2": 0.151147291064, "max": 2.93491148949, "mean": 0.0750133171678, "median": 0.0556500032544, "min": -2.74662852287, "var": 0.323626190424}, "erbbands_spread": {"dmean": 5.86617469788, "dmean2": 8.91262531281, "dvar": 34.2587432861, "dvar2": 74.5126419067, "max": 139.294815063, "mean": 35.0064697266, "median": 33.2074432373, "min": 5.5063328743, "var": 179.987945557}, "gfcc": {"cov": [[5742.73925781, -564.967651367, -331.553131104, -69.5496139526, -446.94921875, -86.1583786011, -202.623840332, 42.65234375, -131.006332397, -63.3177185059, -74.1496353149, 60.9943809509, -14.7769498825], [-564.967651367, 807.296203613, -86.5271606445, -64.2752151489, 170.982254028, -109.565338135, 152.467910767, -96.3555755615, 96.0225143433, -82.239730835, 95.2852249146, -92.4443206787, 47.025970459], [-331.553131104, -86.5271606445, 474.840301514, 88.3592147827, 27.059015274, 106.519989014, -50.1747512817, 36.8000602722, -33.9861526489, 51.4295959473, -38.927028656, 50.7252159119, -54.8905715942], [-69.5496139526, -64.2752151489, 88.3592147827, 271.694671631, 25.8174324036, 22.1350383759, 1.6034566164, -3.67900776863, 39.205280304, 2.51690125465, 0.284754246473, -5.54873514175, 17.4606437683], [-446.94921875, 170.982254028, 27.059015274, 25.8174324036, 241.272079468, 43.9151115417, 29.4661426544, 1.79176700115, 6.49186563492, 18.4853401184, 6.59783601761, 2.06882739067, 16.2969322205], [-86.1583786011, -109.565338135, 106.519989014, 22.1350383759, 43.9151115417, 203.539535522, 33.9275093079, 50.1517181396, -21.7398471832, 35.0175476074, -8.27780818939, 26.4937705994, -11.4233074188], [-202.623840332, 152.467910767, -50.1747512817, 1.6034566164, 29.4661426544, 33.9275093079, 182.020645142, 14.7113084793, 40.8563957214, -10.730922699, 27.0683231354, -18.0709342957, -5.0003361702], [42.65234375, -96.3555755615, 36.8000602722, -3.67900776863, 1.79176700115, 50.1517181396, 14.7113084793, 108.97202301, 9.18326091766, 23.3223552704, -14.0581655502, 14.4467840195, -20.4202404022], [-131.006332397, 96.0225143433, -33.9861526489, 39.205280304, 6.49186563492, -21.7398471832, 40.8563957214, 9.18326091766, 102.945526123, 3.55525875092, 15.5703754425, -18.5671291351, 8.47707843781], [-63.3177185059, -82.239730835, 51.4295959473, 2.51690125465, 18.4853401184, 35.0175476074, -10.730922699, 23.3223552704, 3.55525875092, 86.8143920898, 8.49257564545, 21.2929439545, -13.2472925186], [-74.1496353149, 95.2852249146, -38.927028656, 0.284754246473, 6.59783601761, -8.27780818939, 27.0683231354, -14.0581655502, 15.5703754425, 8.49257564545, 71.9284896851, 1.62346494198, 5.68815135956], [60.9943809509, -92.4443206787, 50.7252159119, -5.54873514175, 2.06882739067, 26.4937705994, -18.0709342957, 14.4467840195, -18.5671291351, 21.2929439545, 1.62346494198, 82.4051895142, 15.9077358246], [-14.7769498825, 47.025970459, -54.8905715942, 17.4606437683, 16.2969322205, -11.4233074188, -5.0003361702, -20.4202404022, 8.47707843781, -13.2472925186, 5.68815135956, 15.9077358246, 76.7310638428]], "icov": [[0.000246650917688, -0.000217229331611, 0.000405778875574, -0.000254226499237, 0.000545037502889, -0.000150334919454, 0.000333209725795, -0.000241018657107, 0.000385275314329, -8.47171249916e-05, 0.000432143249782, -0.000513542501722, 0.000365435058484], [-0.000217229331611, 0.00629327213392, -0.00330487638712, 0.00376743753441, -0.00481224851683, 0.00293125002645, -0.00368682108819, 0.00281101162545, -0.00413167988881, 0.00492089008912, -0.00711104413494, 0.00621322263032, -0.00460891006514], [0.000405778875574, -0.00330487638712, 0.00553784286603, -0.00338714220561, 0.00267666974105, -0.00279108877294, 0.00297130830586, -0.00127821147908, 0.002695386298, -0.00311539391987, 0.00533796939999, -0.005724593997, 0.00566083658487], [-0.000254226499237, 0.00376743753441, -0.00338714220561, 0.00688725011423, -0.0032314567361, 0.00132599461358, -0.0020548843313, 0.0021058213897, -0.00461580930278, 0.00325238937512, -0.00460780365393, 0.00490475445986, -0.00464173778892], [0.000545037502889, -0.00481224851683, 0.00267666974105, -0.0032314567361, 0.00888574216515, -0.0030697430484, 0.00239278003573, -0.00209018075839, 0.00363386468962, -0.00468934094533, 0.00561044318601, -0.00453084381297, 0.0022721493151], [-0.000150334919454, 0.00293125002645, -0.00279108877294, 0.00132599461358, -0.0030697430484, 0.00871093664318, -0.00389873306267, -0.0012157286983, 0.000468723941594, 0.000479300128063, -0.00301591050811, 0.00246361410245, -0.00300880032592], [0.000333209725795, -0.00368682108819, 0.00297130830586, -0.0020548843313, 0.00239278003573, -0.00389873306267, 0.00984260626137, -0.00237166136503, -0.000252398953307, -0.000741206516977, 0.0018860216951, -0.00331212813035, 0.00428526243195], [-0.000241018657107, 0.00281101162545, -0.00127821147908, 0.0021058213897, -0.00209018075839, -0.0012157286983, -0.00237166136503, 0.0135640893131, -0.00452516553923, 0.000433993845945, -0.000242403533775, 0.000476195651572, 0.00104949646629], [0.000385275314329, -0.00413167988881, 0.002695386298, -0.00461580930278, 0.00363386468962, 0.000468723941594, -0.000252398953307, -0.00452516553923, 0.0163924563676, -0.00532609364018, 0.00331458286382, -0.00158560287673, 0.00101465149783], [-8.47171249916e-05, 0.00492089008912, -0.00311539391987, 0.00325238937512, -0.00468934094533, 0.000479300128063, -0.000741206516977, 0.000433993845945, -0.00532609364018, 0.0190107896924, -0.00852899346501, 0.00163618975785, -0.000702788354829], [0.000432143249782, -0.00711104413494, 0.00533796939999, -0.00460780365393, 0.00561044318601, -0.00301591050811, 0.0018860216951, -0.000242403533775, 0.00331458286382, -0.00852899346501, 0.0250850096345, -0.00930183846503, 0.00595645140857], [-0.000513542501722, 0.00621322263032, -0.005724593997, 0.00490475445986, -0.00453084381297, 0.00246361410245, -0.00331212813035, 0.000476195651572, -0.00158560287673, 0.00163618975785, -0.00930183846503, 0.0234942119569, -0.01160165295], [0.000365435058484, -0.00460891006514, 0.00566083658487, -0.00464173778892, 0.0022721493151, -0.00300880032592, 0.00428526243195, 0.00104949646629, 0.00101465149783, -0.000702788354829, 0.00595645140857, -0.01160165295, 0.022391654551]], "mean": [-18.17228508, 111.368606567, -143.952545166, 40.278049469, -65.2288513184, 16.0468502045, -43.6872024536, 0.383244842291, -22.8443584442, -4.59277153015, -10.6801233292, -13.2225513458, -7.94368982315]}, "hfc": {"dmean": 3.82016301155, "dmean2": 5.3669629097, "dvar": 25.9082965851, "dvar2": 50.5594825745, "max": 111.385032654, "mean": 17.340959549, "median": 12.4550828934, "min": 1.24838455389e-16, "var": 245.463699341}, "melbands": {"dmean": [0.000113945316116, 0.000307786714984, 0.000279978878098, 0.000379983452149, 0.000309641793137, 0.000182045841939, 0.000156380134285, 0.000146760445205, 0.00013073021546, 0.000129876760184, 0.000139876778121, 7.20270545571e-05, 4.12105182477e-05, 2.45639967034e-05, 5.06829201186e-05, 3.52719507646e-05, 4.14472706325e-05, 4.88245132146e-05, 1.78735426744e-05, 1.30487096612e-05, 1.28388401208e-05, 8.51598542795e-06, 9.02223018784e-06, 1.02034482552e-05, 3.50648247149e-06, 3.60215176443e-06, 4.39493987869e-06, 3.90792592952e-06, 2.39231235355e-06, 1.40125882808e-06, 1.11446740902e-06, 1.12496070415e-06, 1.01650800843e-06, 8.0123885482e-07, 6.48612740406e-07, 5.31543719262e-07, 4.07622195553e-07, 2.64460624066e-07, 2.01161213909e-07, 1.19766895068e-07], "dmean2": [0.000190966471564, 0.000528290402144, 0.000452275620773, 0.000579257844947, 0.000470349128591, 0.000263652385911, 0.000233453916735, 0.000226275369641, 0.000207601086004, 0.000210084064747, 0.000227942393394, 0.000114132577437, 6.64024119033e-05, 3.98835582018e-05, 8.3039420133e-05, 5.58646679565e-05, 6.6145141318e-05, 8.02043941803e-05, 2.82710807369e-05, 1.9670707843e-05, 1.96376204258e-05, 1.30025227918e-05, 1.45021458593e-05, 1.59646242537e-05, 5.65104301131e-06, 5.63651929042e-06, 6.96608185535e-06, 6.10245569987e-06, 3.69883650819e-06, 2.13614316635e-06, 1.67318569311e-06, 1.68948656665e-06, 1.53357916588e-06, 1.21103823858e-06, 9.76069259195e-07, 8.07086564691e-07, 6.05175500823e-07, 4.04286993216e-07, 3.07020030732e-07, 1.82607450938e-07], "dvar": [4.02312387848e-08, 2.92068335739e-07, 2.02558879892e-07, 3.72071838228e-07, 3.99010872343e-07, 1.50177584146e-07, 1.16395121097e-07, 1.25630094772e-07, 1.11182806961e-07, 9.05195491896e-08, 1.13252880851e-07, 4.50221158133e-08, 1.01743848901e-08, 3.75992481594e-09, 1.53821400062e-08, 5.56512835814e-09, 6.55446363851e-09, 8.81931860874e-09, 1.63900970573e-09, 6.09413741692e-10, 1.10046771695e-09, 3.77014836017e-10, 2.41370645693e-10, 4.48512754714e-10, 3.19030739326e-11, 4.82920335665e-11, 1.02571520721e-10, 9.69746088986e-11, 3.10632769507e-11, 1.43335699213e-11, 1.02312030376e-11, 1.28130778557e-11, 7.98111403355e-12, 3.86839692224e-12, 2.3616954746e-12, 2.09895881058e-12, 1.08509078459e-12, 4.35376127511e-13, 2.1223786075e-13, 9.53328399295e-14], "dvar2": [1.03655416694e-07, 8.3077719637e-07, 5.27037059328e-07, 8.71176155215e-07, 9.53066034981e-07, 3.15042342436e-07, 2.59915594825e-07, 3.12079862397e-07, 2.80909176809e-07, 2.40257350015e-07, 2.99609354215e-07, 1.079034746e-07, 2.77031748652e-08, 9.68575264437e-09, 4.06753635218e-08, 1.45730210122e-08, 1.66534714907e-08, 2.36751045435e-08, 4.01799304939e-09, 1.3103720331e-09, 2.3086574874e-09, 7.62053031789e-10, 5.90220206043e-10, 1.06171660352e-09, 8.04617553141e-11, 1.11546438752e-10, 2.5589069752e-10, 2.36601765957e-10, 6.5355082457e-11, 3.17812443029e-11, 2.33075243133e-11, 3.05180533622e-11, 1.81826671775e-11, 8.11124344774e-12, 4.99551745456e-12, 4.74105650572e-12, 2.14403082961e-12, 8.6254652509e-13, 4.34243515712e-13, 2.04873092232e-13], "max": [0.00478885415941, 0.00713946530595, 0.00670059816912, 0.013412553817, 0.019616542384, 0.00842942669988, 0.006751566194, 0.00919467397034, 0.00808640010655, 0.00486628618091, 0.00654304167256, 0.00616631051525, 0.00371060846373, 0.00218998221681, 0.00343244685791, 0.0021333466284, 0.00186352198943, 0.0019089714624, 0.00107602006756, 0.000584445369896, 0.000982893165201, 0.000618527177721, 0.000308656337438, 0.000604582484812, 0.000124739119201, 0.000202585011721, 0.000414402631577, 0.000419755757321, 0.000231553043704, 0.000149657629663, 0.000137419468956, 0.000128922489239, 9.36979631661e-05, 7.66491575632e-05, 4.79262344015e-05, 5.07818367623e-05, 4.11417240684e-05, 2.74274516414e-05, 1.83656466106e-05, 1.09193697426e-05], "mean": [0.000266662769718, 0.000636813114397, 0.000597043952439, 0.000778231245931, 0.000638732861262, 0.000375079282094, 0.000271558034001, 0.000234014805756, 0.000214719519136, 0.000210453217733, 0.00022414047271, 0.000127498613438, 7.09034429747e-05, 4.42822311015e-05, 9.30418609641e-05, 7.28811282897e-05, 8.49929419928e-05, 8.85120025487e-05, 3.48115136148e-05, 2.83177378151e-05, 2.50367447734e-05, 1.71076753759e-05, 1.86803463293e-05, 2.14888441405e-05, 7.73952524469e-06, 8.24730886961e-06, 9.69754364633e-06, 8.00469115347e-06, 4.73538602819e-06, 2.62022422248e-06, 2.13674934457e-06, 2.1674495656e-06, 2.05981700674e-06, 1.61202626714e-06, 1.2875008224e-06, 1.04095863662e-06, 8.63076991209e-07, 5.65441666822e-07, 4.34967745377e-07, 2.42003807216e-07], "median": [0.000178936257726, 0.000478760513943, 0.0003833535593, 0.000407265441027, 0.000234498584177, 0.000110567212687, 9.80554759735e-05, 7.32393673388e-05, 5.32478588866e-05, 6.38411584077e-05, 5.54063808522e-05, 2.99461680697e-05, 2.52285826718e-05, 1.55584093591e-05, 3.47930108546e-05, 3.21879051626e-05, 3.71072164853e-05, 3.70348716388e-05, 1.44428631756e-05, 1.21105967992e-05, 7.41487292544e-06, 7.03339765096e-06, 1.01965779322e-05, 9.08834954316e-06, 4.2894530452e-06, 4.3703139454e-06, 5.31615569344e-06, 3.89585966332e-06, 2.18999321078e-06, 1.1728075151e-06, 8.35087746509e-07, 8.42046688376e-07, 8.17088448457e-07, 6.69291466693e-07, 5.53999200292e-07, 4.40224795284e-07, 3.82840653401e-07, 2.62349232116e-07, 1.85902109706e-07, 9.56785655148e-08], "min": [4.79704225983e-24, 2.17268827822e-23, 1.38392787388e-23, 3.70173295319e-24, 5.16908917869e-24, 8.38261426144e-24, 9.9846282546e-24, 1.39438170083e-23, 3.97559232733e-24, 2.08072050731e-23, 1.36907172977e-23, 8.02933316023e-24, 4.79010541146e-24, 9.6090641994e-24, 7.79845013935e-24, 1.25232504896e-23, 9.11379602386e-24, 1.35100460623e-23, 4.71851786204e-24, 6.26452864738e-24, 1.61883313875e-23, 1.1693024874e-23, 1.37393316399e-23, 1.36249120987e-23, 1.30143582128e-23, 1.14666746479e-23, 9.75774712509e-24, 9.00661349266e-24, 1.3173876143e-23, 1.00992663102e-23, 8.71202127622e-24, 8.70432672695e-24, 1.27868254842e-23, 1.4941019234e-23, 1.02521609643e-23, 9.59425412476e-24, 1.13232565799e-23, 7.97281127637e-24, 1.08393322241e-23, 1.32155303654e-23], "var": [9.04008388147e-08, 3.90566469832e-07, 4.68966788958e-07, 1.08031224499e-06, 1.00960232885e-06, 4.83725443701e-07, 2.84414170437e-07, 2.44170649921e-07, 2.3199527277e-07, 1.76883645508e-07, 2.27307509704e-07, 1.11769061562e-07, 2.02210586053e-08, 8.56110027314e-09, 3.03381106903e-08, 1.25640733373e-08, 1.71766743051e-08, 1.98154790354e-08, 3.69691410818e-09, 2.10834816272e-09, 2.94831203895e-09, 1.02753616726e-09, 6.17768169953e-10, 1.4349541555e-09, 1.01742850256e-10, 1.42276343484e-10, 2.44859743592e-10, 1.98608782198e-10, 7.78360223497e-11, 2.93575996846e-11, 2.74729457933e-11, 3.12238949973e-11, 2.16807075765e-11, 1.10996099464e-11, 6.86101219241e-12, 5.79705250817e-12, 3.64273888831e-12, 1.54536203712e-12, 7.65660701074e-13, 2.56752762497e-13]}, "melbands_crest": {"dmean": 2.63952040672, "dmean2": 4.29669046402, "dvar": 6.24437046051, "dvar2": 15.8219556808, "max": 33.7206306458, "mean": 11.6093673706, "median": 10.8647880554, "min": 2.03778028488, "var": 21.0269927979}, "melbands_flatness_db": {"dmean": 0.0187890678644, "dmean2": 0.0279334671795, "dvar": 0.000336657423759, "dvar2": 0.000696476083249, "max": 0.395619571209, "mean": 0.172328934073, "median": 0.16822899878, "min": 0.00573538243771, "var": 0.00228654476814}, "melbands_kurtosis": {"dmean": 3.20564031601, "dmean2": 5.02434968948, "dvar": 27.2030086517, "dvar2": 63.8291854858, "max": 162.774703979, "mean": 6.72958946228, "median": 4.31765699387, "min": -1.58478569984, "var": 84.5033721924}, "melbands_skewness": {"dmean": 0.481515109539, "dmean2": 0.741480827332, "dvar": 0.237790137529, "dvar2": 0.554777622223, "max": 10.9705533981, "mean": 2.03763532639, "median": 1.93279361725, "min": -1.22890508175, "var": 1.29271006584}, "melbands_spread": {"dmean": 6.10131120682, "dmean2": 9.23097801208, "dvar": 51.7263793945, "dvar2": 103.118507385, "max": 162.325302124, "mean": 26.7985496521, "median": 23.9422874451, "min": 1.08206701279, "var": 225.078079224}, "mfcc": {"cov": [[5427.40185547, -460.536590576, -199.375427246, -185.691436768, -240.522109985, -243.261642456, -152.309326172, -38.9233703613, -87.3089904785, -56.6204223633, -93.8456954956, -82.0637130737, -90.3867797852], [-460.536590576, 843.599731445, -181.373657227, 27.7579784393, -2.54916238785, 24.22605896, 40.22473526, 13.0599241257, -26.5601081848, 11.3163852692, 29.9581413269, -13.4380292892, 6.00381374359], [-199.375427246, -181.373657227, 424.496765137, 22.9330444336, 53.0500183105, 41.8088150024, 5.56526613235, 19.5229473114, 5.78664827347, -9.15177631378, 16.9913253784, 30.035446167, -4.51207208633], [-185.691436768, 27.7579784393, 22.9330444336, 235.607635498, 39.1078453064, 28.6080513, -29.8512840271, 2.63075399399, 11.1938800812, 18.19572258, -6.83456277847, 13.6359386444, 15.8899536133], [-240.522109985, -2.54916238785, 53.0500183105, 39.1078453064, 210.068374634, 43.4870147705, 19.7346439362, -14.3817071915, 28.4465675354, -13.4267683029, -12.7589082718, 9.26299858093, 22.7688827515], [-243.261642456, 24.22605896, 41.8088150024, 28.6080513, 43.4870147705, 143.676452637, 56.787776947, 20.3173084259, 25.0706291199, 4.60163736343, 15.6811304092, 17.4046459198, 11.0961055756], [-152.309326172, 40.22473526, 5.56526613235, -29.8512840271, 19.7346439362, 56.787776947, 133.433303833, 39.4409713745, 12.0162115097, 6.94572496414, 26.6664791107, 10.3766689301, 9.6572637558], [-38.9233703613, 13.0599241257, 19.5229473114, 2.63075399399, -14.3817071915, 20.3173084259, 39.4409713745, 101.37776947, 31.4140357971, 13.0888624191, 21.3483085632, 14.5364732742, -1.32237935066], [-87.3089904785, -26.5601081848, 5.78664827347, 11.1938800812, 28.4465675354, 25.0706291199, 12.0162115097, 31.4140357971, 87.3484268188, 21.6215381622, -0.208159580827, 10.5218553543, 8.34004211426], [-56.6204223633, 11.3163852692, -9.15177631378, 18.19572258, -13.4267683029, 4.60163736343, 6.94572496414, 13.0888624191, 21.6215381622, 85.1755981445, 33.4620361328, 4.99415111542, -3.5747821331], [-93.8456954956, 29.9581413269, 16.9913253784, -6.83456277847, -12.7589082718, 15.6811304092, 26.6664791107, 21.3483085632, -0.208159580827, 33.4620361328, 85.0438232422, 33.1784553528, -0.999034464359], [-82.0637130737, -13.4380292892, 30.035446167, 13.6359386444, 9.26299858093, 17.4046459198, 10.3766689301, 14.5364732742, 10.5218553543, 4.99415111542, 33.1784553528, 67.1178817749, 23.8416652679], [-90.3867797852, 6.00381374359, -4.51207208633, 15.8899536133, 22.7688827515, 11.0961055756, 9.6572637558, -1.32237935066, 8.34004211426, -3.5747821331, -0.999034464359, 23.8416652679, 63.6199455261]], "icov": [[0.000228818797041, 0.000137184048072, 0.000124335492728, 0.000103962105641, 0.000131329128635, 0.000179744674824, 0.000113507237984, -9.76959127001e-05, 0.000141463198815, 5.83466608077e-05, 0.000138737057569, 1.01347659438e-05, 0.000180498769623], [0.000137184048072, 0.00149801571388, 0.000742018164601, -0.000208705911064, -9.51370602706e-05, -0.000172992920852, -0.000152786480612, -0.000380396202672, 0.000716704758815, 0.000117588373541, -0.000646486529149, 0.000565983005799, -7.18087394489e-05], [0.000124335492728, 0.000742018164601, 0.0030096503906, -0.00012016686378, -0.000698072311934, -0.000648221117444, 0.000386086641811, -0.000789152691141, 0.000722886412404, 0.000433178589446, -0.000457394315163, -0.000882096588612, 0.00089092849521], [0.000103962105641, -0.000208705911064, -0.00012016686378, 0.00519996834919, -0.000812737445813, -0.00131256412715, 0.00217820634134, -0.000881878717337, 0.000687580381054, -0.00181881268509, 0.00138532440178, -0.000995534472167, -0.000766567245591], [0.000131329128635, -9.51370602706e-05, -0.000698072311934, -0.000812737445813, 0.00619970681146, -0.000751645013224, -0.00107807072345, 0.00208766199648, -0.00237392773852, 0.00130882207304, 0.000569029711187, 8.13758451841e-05, -0.00116844184231], [0.000179744674824, -0.000172992920852, -0.000648221117444, -0.00131256412715, -0.000751645013224, 0.00993292871863, -0.00397674366832, 0.000449093582574, -0.00198969757184, 0.000710913154762, -0.000487744458951, -0.000820320739876, 0.000303656444885], [0.000113507237984, -0.000152786480612, 0.000386086641811, 0.00217820634134, -0.00107807072345, -0.00397674366832, 0.011553004384, -0.00399482622743, 0.00115212844685, -0.00017799071793, -0.00223712669685, 0.00132693268824, -0.00179172225762], [-9.76959127001e-05, -0.000380396202672, -0.000789152691141, -0.000881878717337, 0.00208766199648, 0.000449093582574, -0.00399482622743, 0.0139808468521, -0.00550167215988, 0.000770383339841, -0.00170020142104, -0.0013172859326, 0.00136437907349], [0.000141463198815, 0.000716704758815, 0.000722886412404, 0.000687580381054, -0.00237392773852, -0.00198969757184, 0.00115212844685, -0.00550167215988, 0.0164256002754, -0.00511491158977, 0.00369600928389, -0.002066827612, -0.000687810010277], [5.83466608077e-05, 0.000117588373541, 0.000433178589446, -0.00181881268509, 0.00130882207304, 0.000710913154762, -0.00017799071793, 0.000770383339841, -0.00511491158977, 0.0165505893528, -0.00806158129126, 0.00322474911809, 0.000272841571132], [0.000138737057569, -0.000646486529149, -0.000457394315163, 0.00138532440178, 0.000569029711187, -0.000487744458951, -0.00223712669685, -0.00170020142104, 0.00369600928389, -0.00806158129126, 0.0211525913328, -0.0109803481027, 0.00357491080649], [1.01347659438e-05, 0.000565983005799, -0.000882096588612, -0.000995534472167, 8.13758451841e-05, -0.000820320739876, 0.00132693268824, -0.0013172859326, -0.002066827612, 0.00322474911809, -0.0109803481027, 0.0245762690902, -0.00889805518091], [0.000180498769623, -7.18087394489e-05, 0.00089092849521, -0.000766567245591, -0.00116844184231, 0.000303656444885, -0.00179172225762, 0.00136437907349, -0.000687810010277, 0.000272841571132, 0.00357491080649, -0.00889805518091, 0.0203979462385]], "mean": [-644.600830078, 125.125099182, -12.3226299286, 19.1174087524, 1.95662009716, 7.33433485031, -2.80585432053, -1.34094977379, -8.64923477173, 5.3310918808, -2.29581546783, -4.33222150803, -8.47569656372]}, "pitch_salience": {"dmean": 0.058121740818, "dmean2": 0.0939505472779, "dvar": 0.00255440920591, "dvar2": 0.00666906917468, "max": 0.86389952898, "mean": 0.580976724625, "median": 0.586228966713, "min": 0.100657261908, "var": 0.00747535098344}, "silence_rate_20dB": {"dmean": 0, "dmean2": 0, "dvar": 0, "dvar2": 0, "max": 1, "mean": 1, "median": 1, "min": 1, "var": 0}, "silence_rate_30dB": {"dmean": 0.000225657233386, "dmean2": 0.000451365369372, "dvar": 0.000225579875405, "dvar2": 0.000451179599622, "max": 1, "mean": 0.99977439642, "median": 1, "min": 0, "var": 0.000225554438657}, "silence_rate_60dB": {"dmean": 0.0196321792901, "dmean2": 0.0392687879503, "dvar": 0.0192473605275, "dvar2": 0.0436001308262, "max": 1, "mean": 0.0596796013415, "median": 0, "min": 0, "var": 0.0561172552407}, "spectral_centroid": {"dmean": 217.574493408, "dmean2": 322.901184082, "dvar": 62345.234375, "dvar2": 110057.765625, "max": 11320.7841797, "mean": 1370.0670166, "median": 1293.10827637, "min": 221.443466187, "var": 304536.21875}, "spectral_complexity": {"dmean": 2.63364553452, "dmean2": 4.06860733032, "dvar": 6.79316329956, "dvar2": 14.7244224548, "max": 46, "mean": 19.0427570343, "median": 19, "min": 0, "var": 66.0213394165}, "spectral_contrast_coeffs": {"dmean": [0.0450499206781, 0.0441549271345, 0.0377216674387, 0.0313969925046, 0.0202066358179, 0.0157073494047], "dmean2": [0.0743164718151, 0.0713040307164, 0.0611334368587, 0.0506679154932, 0.0326283611357, 0.0251075085253], "dvar": [0.00141232169699, 0.00131977931596, 0.000938237004448, 0.000651208101772, 0.00028524082154, 0.000199926595087], "dvar2": [0.00373754510656, 0.00337443547323, 0.00242440658621, 0.001699397224, 0.000678198586684, 0.000463802745799], "max": [-0.320126205683, -0.439823895693, -0.405946850777, -0.524582922459, -0.60112631321, -0.587096273899], "mean": [-0.603557407856, -0.719793438911, -0.744026303291, -0.737505018711, -0.775230884552, -0.76081097126], "median": [-0.610410094261, -0.727404952049, -0.751542508602, -0.739139020443, -0.778889536858, -0.764079809189], "min": [-0.954085171223, -0.963620722294, -0.960762321949, -0.950385332108, -0.958192169666, -0.955509483814], "var": [0.00696105835959, 0.00546945538372, 0.00422512833029, 0.00281625636853, 0.00169828801882, 0.00129641778767]}, "spectral_contrast_valleys": {"dmean": [0.369231760502, 0.317262798548, 0.285959750414, 0.260123372078, 0.206027984619, 0.244177535176], "dmean2": [0.613556683064, 0.502666532993, 0.45528113842, 0.41318705678, 0.304775387049, 0.322915107012], "dvar": [0.129433467984, 0.0918487682939, 0.0773092955351, 0.0694872289896, 0.0600241273642, 0.109296672046], "dvar2": [0.289365708828, 0.185703009367, 0.148210585117, 0.134769141674, 0.0932476520538, 0.1635889709], "max": [-5.75201892853, -4.75953626633, -5.432970047, -5.68411636353, -5.89191389084, -7.80867290497], "mean": [-7.62314128876, -6.85330438614, -7.4852643013, -7.68892621994, -7.64432668686, -10.3908491135], "median": [-7.49222707748, -6.79312992096, -7.45177602768, -7.59667110443, -7.51314306259, -10.223402977], "min": [-27.3115730286, -27.2119674683, -27.3308143616, -27.436794281, -27.2504501343, -27.4028320313], "var": [0.679281592369, 0.660784006119, 0.681339502335, 0.641716003418, 0.667473077774, 0.92453110218]}, "spectral_decrease": {"dmean": 1.18686094286e-09, "dmean2": 1.78327996814e-09, "dvar": 2.13726761235e-18, "dvar2": 4.78537674201e-18, "max": 6.72481698275e-30, "mean": -4.93032947801e-09, "median": -3.78742637253e-09, "min": -3.06971870145e-08, "var": 1.56946056509e-17}, "spectral_energy": {"dmean": 0.00473727285862, "dmean2": 0.0070858085528, "dvar": 3.37825404131e-05, "dvar2": 7.48458915041e-05, "max": 0.125605762005, "mean": 0.020181030035, "median": 0.015589999035, "min": 1.12978323313e-20, "var": 0.000262042507529}, "spectral_energyband_high": {"dmean": 0.000189213518752, "dmean2": 0.000261289882474, "dvar": 1.64313647133e-07, "dvar2": 2.86868328203e-07, "max": 0.0128423273563, "mean": 0.000504977651872, "median": 0.000261873123236, "min": 8.21261020515e-21, "var": 6.95561027442e-07}, "spectral_energyband_low": {"dmean": 0.00133769854438, "dmean2": 0.00225524650887, "dvar": 5.32874673809e-06, "dvar2": 1.45798912854e-05, "max": 0.0311363078654, "mean": 0.00308283325285, "median": 0.00234972173348, "min": 1.0701799374e-22, "var": 8.12386588223e-06}, "spectral_energyband_middle_high": {"dmean": 0.00164033763576, "dmean2": 0.0024477718398, "dvar": 7.56343615649e-06, "dvar2": 1.79144717549e-05, "max": 0.066170617938, "mean": 0.0060081933625, "median": 0.00334326270968, "min": 1.61040634985e-21, "var": 5.13290287927e-05}, "spectral_energyband_middle_low": {"dmean": 0.00369922723621, "dmean2": 0.00559055991471, "dvar": 2.42511741817e-05, "dvar2": 5.63734647585e-05, "max": 0.0954480990767, "mean": 0.0113961612806, "median": 0.00795697979629, "min": 3.25550475759e-22, "var": 0.000114394119009}, "spectral_entropy": {"dmean": 0.118415683508, "dmean2": 0.172161266208, "dvar": 0.0144314365461, "dvar2": 0.0269746184349, "max": 9.79292392731, "mean": 7.54758167267, "median": 7.54369115829, "min": 6.08136749268, "var": 0.0911913141608}, "spectral_flux": {"dmean": 0.0143964942545, "dmean2": 0.0227698460221, "dvar": 0.000222058428335, "dvar2": 0.000520039582625, "max": 0.214543491602, "mean": 0.0621403157711, "median": 0.0580723658204, "min": 1.06291260515e-10, "var": 0.00119035644457}, "spectral_kurtosis": {"dmean": 1.4717977047, "dmean2": 2.57741236687, "dvar": 2.47445130348, "dvar2": 7.49098587036, "max": 21.0697460175, "mean": 3.99347424507, "median": 3.62131118774, "min": -1.19679939747, "var": 5.38347291946}, "spectral_rms": {"dmean": 0.000497385626659, "dmean2": 0.000732455693651, "dvar": 2.62861192368e-07, "dvar2": 5.47295655906e-07, "max": 0.0110698780045, "mean": 0.00407544989139, "median": 0.0038999686949, "min": 3.3199812257e-12, "var": 3.07953018819e-06}, "spectral_rolloff": {"dmean": 370.878326416, "dmean2": 599.814575195, "dvar": 304850.90625, "dvar2": 597989.75, "max": 18776.953125, "mean": 1573.65600586, "median": 1485.79101563, "min": 150.732421875, "var": 974385.875}, "spectral_skewness": {"dmean": 0.188189774752, "dmean2": 0.310588240623, "dvar": 0.0308481864631, "dvar2": 0.0818739160895, "max": 3.30324459076, "mean": 1.43558251858, "median": 1.44076633453, "min": -0.103879705071, "var": 0.145174354315}, "spectral_spread": {"dmean": 344732.8125, "dmean2": 522268.71875, "dvar": 266137812992, "dvar2": 455147323392, "max"