{"lowlevel": {"average_loudness": 0.903216660023, "barkbands": {"dmean": [5.65106965951e-05, 0.0013593104668, 0.0016877069138, 0.00341437873431, 0.00390260200948, 0.00127598538529, 0.00109315523878, 0.000681907346006, 0.000510444515385, 0.000257950712694, 0.000161452990142, 0.000189770187717, 0.000185296245036, 0.000148019200424, 0.000177356923814, 0.000203161456739, 0.000219296431169, 0.000119829477626, 0.000123022531625, 0.000123067613458, 9.03704567463e-05, 8.7854656158e-05, 5.39982793271e-05, 3.78286131308e-05, 3.50241425622e-05, 4.57186361018e-05, 8.80189236341e-06], "dmean2": [9.76331211859e-05, 0.00212132791057, 0.00291043845937, 0.00621065124869, 0.00665433425456, 0.00207034545019, 0.00177445146255, 0.00109386537224, 0.000788859848399, 0.000414319918491, 0.00025437164004, 0.000300464860629, 0.000294378900435, 0.000241566143814, 0.000282848050119, 0.000324118096614, 0.000357284618076, 0.000193877625861, 0.000196466149646, 0.000195631320821, 0.000139086754643, 0.000131205946673, 7.65509321354e-05, 5.32811427547e-05, 4.65949124191e-05, 5.95163546677e-05, 1.20269296531e-05], "dvar": [3.25328848305e-08, 1.3837620827e-05, 2.2170952434e-05, 0.00011485194409, 4.28159692092e-05, 5.46387263967e-06, 5.98194128543e-06, 3.0170951959e-06, 2.05593119063e-06, 3.90454658827e-07, 1.77850807859e-07, 3.02305295463e-07, 2.24789829417e-07, 1.41781043794e-07, 1.38263544613e-07, 2.01925317356e-07, 1.29507625957e-07, 3.56919080957e-08, 4.89532183678e-08, 3.81826161799e-08, 2.68918061153e-08, 2.89596542302e-08, 1.18967848906e-08, 1.06770015051e-08, 3.50811357741e-09, 1.00263513048e-08, 4.67824390338e-10], "dvar2": [8.56842632402e-08, 3.46093838743e-05, 6.3301580667e-05, 0.000330171314999, 0.000114993068564, 1.3324948668e-05, 1.52132342919e-05, 7.21934384273e-06, 4.59658213003e-06, 1.02381602574e-06, 4.02278374168e-07, 6.85301245085e-07, 5.5020069567e-07, 3.55607994607e-07, 3.3939662103e-07, 4.96017662499e-07, 3.29977041247e-07, 8.72178560485e-08, 1.12996254131e-07, 8.84425119807e-08, 5.90707927017e-08, 6.11761734604e-08, 2.30016237168e-08, 2.10456398975e-08, 6.41394226619e-09, 1.97477891817e-08, 9.76724590096e-10], "max": [0.00543383974582, 0.046556673944, 0.0577882230282, 0.109579451382, 0.0909545496106, 0.0560596361756, 0.0462597161531, 0.0532189570367, 0.0457845181227, 0.0217863954604, 0.0161714386195, 0.0206542946398, 0.0131510924548, 0.00925162900239, 0.00846409611404, 0.0107063325122, 0.00894080568105, 0.0037741898559, 0.00614703865722, 0.00531944585964, 0.00532255275175, 0.00609006732702, 0.00373611436225, 0.00537025043741, 0.00110931927338, 0.00131157028954, 0.00038200741983], "mean": [5.66874477954e-05, 0.00212391023524, 0.00227799313143, 0.00332223041914, 0.00590312387794, 0.00231348630041, 0.00177401362453, 0.0010971177835, 0.000890563882422, 0.000446752354037, 0.000262072455371, 0.000298938393826, 0.000293038057862, 0.00023096941004, 0.00028920386103, 0.000412230932852, 0.000454302557046, 0.00026152699138, 0.000266354327323, 0.000294984754873, 0.000208296725759, 0.000218708722969, 0.000121663637401, 8.80885709194e-05, 8.03254952189e-05, 7.51435072743e-05, 1.19580136015e-05], "median": [1.86158049473e-05, 0.000753185362555, 0.00131770875305, 0.00164694397245, 0.00344968121499, 0.00130857899785, 0.000727757986169, 0.000294396362733, 0.000290175550617, 0.000204802083317, 0.000106749466795, 0.000107857777039, 0.000101885409094, 8.60833824845e-05, 0.000121669603686, 0.000154695531819, 0.000269824115094, 0.00015873182565, 0.000160785217304, 0.00018900577561, 0.000120530705317, 0.00010657661187, 4.82498071506e-05, 3.20781036862e-05, 2.27204800467e-05, 1.0460633348e-05, 5.05319121658e-07], "min": [1.44418195729e-25, 3.45221703773e-24, 7.57100329797e-25, 1.44724934431e-24, 5.00876148274e-24, 6.81627729159e-24, 6.89021170221e-24, 4.78478454466e-24, 1.37616090718e-23, 1.80206517442e-23, 2.2932565168e-23, 1.97449360222e-23, 3.03151893693e-23, 3.15396119347e-23, 3.40524305295e-23, 6.12558065969e-23, 8.08708771814e-23, 8.66274287096e-23, 1.4997538278e-22, 1.84362801515e-22, 2.62142189607e-22, 2.8895752815e-22, 4.36073473164e-22, 5.93684852801e-22, 8.03927517422e-22, 1.32025427172e-21, 1.90585805865e-21], "var": [2.50031266802e-08, 1.9919285478e-05, 1.6036319721e-05, 6.79978329572e-05, 5.72657263547e-05, 1.2287176105e-05, 1.20204713312e-05, 7.33703291189e-06, 5.19654713571e-06, 8.4719079041e-07, 3.37892828384e-07, 5.4101343494e-07, 4.22723672955e-07, 2.44592371246e-07, 2.56795800624e-07, 7.35384844575e-07, 3.58203664064e-07, 9.33151866889e-08, 1.11352662202e-07, 1.14265468198e-07, 7.54411573212e-08, 9.90146489244e-08, 4.31431850245e-08, 2.95122521976e-08, 1.38343425604e-08, 2.1100316161e-08, 7.56691986847e-10]}, "barkbands_crest": {"dmean": 2.52684187889, "dmean2": 4.21410179138, "dvar": 5.36538934708, "dvar2": 13.9720134735, "max": 24.1958656311, "mean": 9.39002990723, "median": 8.56711578369, "min": 2.35239577293, "var": 13.3127851486}, "barkbands_flatness_db": {"dmean": 0.0201111361384, "dmean2": 0.0315074026585, "dvar": 0.000342429091688, "dvar2": 0.000869819370564, "max": 0.291300863028, "mean": 0.113428354263, "median": 0.108592256904, "min": 0.0204214993864, "var": 0.00159374030773}, "barkbands_kurtosis": {"dmean": 2.75662589073, "dmean2": 4.50818252563, "dvar": 14.067984581, "dvar2": 36.8577423096, "max": 57.0944290161, "mean": 4.3555893898, "median": 2.81828308105, "min": -1.8889683485, "var": 31.380815506}, "barkbands_skewness": {"dmean": 0.525615751743, "dmean2": 0.842309772968, "dvar": 0.296294927597, "dvar2": 0.760143399239, "max": 6.4618024826, "mean": 1.85507428646, "median": 1.80443429947, "min": -3.28367877007, "var": 1.0531771183}, "barkbands_spread": {"dmean": 5.99007892609, "dmean2": 9.46225070953, "dvar": 42.8874855042, "dvar2": 105.952926636, "max": 113.495109558, "mean": 24.2991542816, "median": 22.5366516113, "min": 2.36681127548, "var": 170.919418335}, "dissonance": {"dmean": 0.0129965431988, "dmean2": 0.022013746202, "dvar": 0.000153276138008, "dvar2": 0.000427550141467, "max": 0.500000119209, "mean": 0.475312232971, "median": 0.479577541351, "min": 0.341395974159, "var": 0.000329730537487}, "dynamic_complexity": 4.21586894989, "erbbands": {"dmean": [0.0364110022783, 0.328358083963, 1.49934697151, 7.05296945572, 15.7426099777, 11.3708486557, 9.99317169189, 10.5739154816, 15.5847635269, 13.8164243698, 14.1240959167, 11.9061002731, 7.9190030098, 7.35110712051, 6.83596611023, 7.29396390915, 8.1242313385, 7.36203479767, 8.31018257141, 9.08114051819, 10.4604635239, 11.0320243835, 6.86335086823, 5.69312381744, 6.31653261185, 6.06296348572, 4.02461767197, 3.47393584251, 3.49304294586, 2.18089151382, 1.50394952297, 0.965653181076, 0.550285577774, 0.345696747303, 0.300017893314, 0.191546708345, 0.0904157608747, 0.0179495122284, 0.00145772716496, 5.77833197895e-05], "dmean2": [0.0580120831728, 0.515004396439, 2.52137303352, 12.6950778961, 27.6578712463, 19.2459583282, 16.4374885559, 17.0924282074, 25.4081172943, 21.803150177, 22.4276447296, 18.3323879242, 12.4309749603, 11.6274967194, 10.6119651794, 11.4457616806, 12.6984634399, 11.8452939987, 13.222158432, 14.2079248428, 16.6817893982, 17.9239711761, 11.1279459, 9.04554748535, 10.0310668945, 9.632396698, 6.31849145889, 5.3662276268, 5.32764339447, 3.15095758438, 2.14644002914, 1.40499639511, 0.774215340614, 0.474529772997, 0.408367723227, 0.24517390132, 0.123288102448, 0.0242581609637, 0.0020073170308, 8.0612138845e-05], "dvar": [0.0108093256131, 0.796796798706, 16.7686481476, 522.259155273, 869.914794922, 434.992095947, 298.084838867, 469.107299805, 1272.1105957, 1026.90771484, 1309.17895508, 1095.38989258, 404.548187256, 352.997406006, 302.128601074, 469.844024658, 383.143432617, 390.160430908, 341.020874023, 386.132446289, 491.646026611, 327.718292236, 115.161994934, 99.6116027832, 135.086837769, 100.662475586, 49.6942901611, 42.126209259, 44.3677711487, 19.793926239, 9.36615467072, 6.08935070038, 1.75530612469, 0.356295824051, 0.285577058792, 0.141276136041, 0.0450784899294, 0.00196562428027, 1.34301490107e-05, 1.60659965331e-08], "dvar2": [0.0285548288375, 1.98056709766, 46.6359176636, 1506.75939941, 2407.34960938, 1170.02844238, 737.337219238, 1122.78894043, 3309.34887695, 2267.27075195, 3239.81298828, 2426.09912109, 969.55090332, 888.815673828, 669.61730957, 1048.40893555, 916.049621582, 1008.59570313, 847.240905762, 902.842529297, 1187.40234375, 816.005187988, 291.824829102, 230.178405762, 314.719146729, 234.604660034, 112.836212158, 94.9347305298, 99.9955368042, 38.0187797546, 18.7638149261, 12.8161640167, 3.31890416145, 0.673565208912, 0.560772299767, 0.258036702871, 0.0959993004799, 0.00412948150188, 2.87942148134e-05, 3.18632231711e-08], "max": [1.6193870306, 11.3112106323, 53.0217895508, 223.750061035, 328.474334717, 385.598358154, 406.723236084, 626.901550293, 729.546142578, 1092.61340332, 933.38671875, 1007.33404541, 551.797485352, 648.838623047, 564.489013672, 786.098510742, 527.321655273, 497.168365479, 632.818908691, 562.015991211, 532.075195313, 435.133209229, 217.108947754, 340.484100342, 244.206710815, 306.953552246, 195.807144165, 155.633987427, 184.258300781, 145.398834229, 103.80872345, 122.172279358, 59.3119697571, 18.2763519287, 7.60658979416, 5.77304840088, 2.64927840233, 0.62604123354, 0.0677713602781, 0.00200446555391], "mean": [0.0516198314726, 0.536280333996, 2.27531456947, 7.44256353378, 18.3742218018, 17.7155666351, 17.4895343781, 18.6452293396, 25.5639762878, 22.8223648071, 24.5113697052, 21.2605323792, 14.2374954224, 13.2593955994, 12.4036912918, 12.5709505081, 13.7035226822, 12.3153924942, 14.3468608856, 17.5197505951, 22.7524223328, 24.4413852692, 16.0984134674, 13.3281764984, 14.1740169525, 14.2589416504, 9.41189861298, 8.158162117, 8.46980857849, 5.08111763, 3.31395721436, 2.12904047966, 1.28535437584, 0.807801127434, 0.637657344341, 0.354044795036, 0.134062588215, 0.0247361063957, 0.00200376613066, 0.000102128469734], "median": [0.011884868145, 0.233085498214, 1.41146051884, 4.02730560303, 10.0348644257, 10.1225681305, 10.1062545776, 9.75373268127, 11.1138048172, 8.68093681335, 7.50702857971, 7.294962883, 6.58126831055, 6.10525417328, 5.30549621582, 4.90687465668, 5.04319095612, 4.8348698616, 5.9709186554, 7.46549510956, 10.1268959045, 14.8076791763, 10.2028045654, 7.95524549484, 8.6581659317, 8.87772750854, 5.88072109222, 4.4142036438, 4.3198132515, 2.12176942825, 1.32429480553, 0.838691353798, 0.456095188856, 0.26867544651, 0.146392256021, 0.058406971395, 0.0158018805087, 0.00210279878229, 9.55747527769e-05, 3.4832424717e-05], "min": [9.24892016608e-23, 4.31534582086e-22, 2.6494536455e-21, 7.25125023437e-21, 5.5632815657e-21, 2.25670380741e-20, 3.78661247818e-20, 8.29429574467e-20, 1.13682934176e-19, 9.90972131985e-20, 1.53896474752e-19, 3.40425560711e-19, 5.22778870917e-19, 8.24392807094e-19, 7.26451417242e-19, 9.67779809991e-19, 1.73444637047e-18, 2.1776358874e-18, 2.22260638858e-18, 2.90303420033e-18, 3.58848196441e-18, 4.93024212346e-18, 4.51059809587e-18, 5.19663398537e-18, 8.01117392222e-18, 8.30074503926e-18, 9.30622277849e-18, 9.53158648202e-18, 1.11536719468e-17, 1.13484853888e-17, 1.24541677874e-17, 1.0724906185e-17, 9.63956663918e-18, 8.71023501124e-18, 6.15426346206e-18, 4.18542553886e-18, 2.17244160675e-18, 1.01788875714e-18, 2.48537530281e-19, 2.60643803222e-20], "var": [0.0147895310074, 1.11580955982, 13.5888195038, 310.927276611, 742.2109375, 615.637390137, 612.889404297, 1022.78088379, 2501.89990234, 2252.80834961, 3452.85888672, 2775.17236328, 853.648742676, 720.465576172, 660.512817383, 894.802368164, 794.595153809, 682.615356445, 641.215148926, 1009.60986328, 1764.17553711, 982.523010254, 331.048583984, 252.108810425, 317.071746826, 285.093994141, 135.739822388, 122.073768616, 141.544174194, 72.8336715698, 31.9110336304, 16.4633636475, 5.5070939064, 1.37019014359, 0.971159279346, 0.383822858334, 0.0777361467481, 0.0030990880914, 2.15611216845e-05, 3.29048965853e-08]}, "erbbands_crest": {"dmean": 2.1115128994, "dmean2": 3.45614099503, "dvar": 4.38650798798, "dvar2": 11.0020303726, "max": 28.0095024109, "mean": 7.04575967789, "median": 6.05404376984, "min": 1.93665933609, "var": 12.6899318695}, "erbbands_flatness_db": {"dmean": 0.0146444952115, "dmean2": 0.0203164648265, "dvar": 0.00021254857711, "dvar2": 0.000376632524421, "max": 0.302767693996, "mean": 0.130100056529, "median": 0.128038614988, "min": 0.0293589420617, "var": 0.00171335891355}, "erbbands_kurtosis": {"dmean": 0.500207424164, "dmean2": 0.801541447639, "dvar": 0.610525846481, "dvar2": 1.47742402554, "max": 18.5746631622, "mean": -0.516385376453, "median": -0.914621472359, "min": -1.81158339977, "var": 1.66261482239}, "erbbands_skewness": {"dmean": 0.299689501524, "dmean2": 0.474800378084, "dvar": 0.0754076987505, "dvar2": 0.184362903237, "max": 3.33474874496, "mean": 0.241983518004, "median": 0.220450431108, "min": -3.35741734505, "var": 0.402292907238}, "erbbands_spread": {"dmean": 7.9955201149, "dmean2": 12.4959535599, "dvar": 70.7994689941, "dvar2": 163.621124268, "max": 143.748474121, "mean": 54.2163963318, "median": 53.4919128418, "min": 7.0808339119, "var": 327.914581299}, "gfcc": {"cov": [[24508.6601563, 199.04776001, -885.437194824, 379.041046143, -821.68170166, 241.698440552, -767.877319336, 253.339996338, -534.954650879, 168.786300659, -463.234344482, 144.578323364, -299.122131348], [199.04776001, 1382.5526123, -647.800354004, 235.555465698, 3.06751251221, -198.701477051, 147.003555298, -122.78717804, 100.70489502, -133.320571899, 24.6024799347, -48.6070251465, 68.3862075806], [-885.437194824, -647.800354004, 1019.08825684, -75.8265991211, 295.088745117, 195.577529907, 44.5239067078, 151.94291687, -46.5361442566, 95.6581497192, -8.75951862335, 32.616859436, -47.3886833191], [379.041046143, 235.555465698, -75.8265991211, 302.671630859, 37.6788902283, -13.0506916046, 23.2232475281, -30.4262218475, 29.7483100891, -43.4438247681, -5.15692901611, 3.8392598629, 38.4896392822], [-821.68170166, 3.06751251221, 295.088745117, 37.6788902283, 322.461212158, 46.3194198608, 138.693115234, 60.0071640015, 32.3879165649, 29.9579277039, 3.02158403397, 22.670009613, 13.5671796799], [241.698440552, -198.701477051, 195.577529907, -13.0506916046, 46.3194198608, 187.06288147, 14.04292202, 71.3487930298, -13.7400684357, 35.3016700745, -1.91030585766, 6.81031656265, -25.4903335571], [-767.877319336, 147.003555298, 44.5239067078, 23.2232475281, 138.693115234, 14.04292202, 209.836212158, 33.4376831055, 45.3041343689, -5.45238828659, 23.0901451111, 4.81926870346, 10.4473028183], [253.339996338, -122.78717804, 151.94291687, -30.4262218475, 60.0071640015, 71.3487930298, 33.4376831055, 131.282226563, 15.2579622269, 46.4029693604, -4.00498485565, 14.1176128387, -9.81521224976], [-534.954650879, 100.70489502, -46.5361442566, 29.7483100891, 32.3879165649, -13.7400684357, 45.3041343689, 15.2579622269, 116.8279953, 4.89884662628, 23.7466373444, -5.14404439926, 21.7742671967], [168.786300659, -133.320571899, 95.6581497192, -43.4438247681, 29.9579277039, 35.3016700745, -5.45238828659, 46.4029693604, 4.89884662628, 88.7902069092, 11.1002569199, 20.8585681915, -19.2693920135], [-463.234344482, 24.6024799347, -8.75951862335, -5.15692901611, 3.02158403397, -1.91030585766, 23.0901451111, -4.00498485565, 23.7466373444, 11.1002569199, 81.8445587158, 12.3570966721, 16.4562797546], [144.578323364, -48.6070251465, 32.616859436, 3.8392598629, 22.670009613, 6.81031656265, 4.81926870346, 14.1176128387, -5.14404439926, 20.8585681915, 12.3570966721, 73.3727264404, 26.0563774109], [-299.122131348, 68.3862075806, -47.3886833191, 38.4896392822, 13.5671796799, -25.4903335571, 10.4473028183, -9.81521224976, 21.7742671967, -19.2693920135, 16.4562797546, 26.0563774109, 75.9692230225]], "icov": [[8.35598548292e-05, -8.18999687908e-05, 9.31469330681e-05, -0.000178632282768, 0.000123094810988, -0.000102707475889, 0.000226547708735, -0.000346752378391, 0.000314745586365, -0.000188554840861, 0.000326755805872, -0.000320668070344, 0.000320106541039], [-8.18999687908e-05, 0.00166790338699, 0.000854656740557, -0.000535120663699, -0.000800529494882, 0.000780898611993, -0.000967765750829, 0.000349331327016, -0.000524124421645, 0.00104404508602, -0.000659811543301, 0.000933744420763, -0.000198736306629], [9.31469330681e-05, 0.000854656740557, 0.00264203408733, -0.000280557171209, -0.00226182374172, -0.000788366887718, 0.000713483954314, -0.00131548754871, 0.00107095495332, 0.000156293011969, -0.000195425367565, -0.000116743576655, 0.00107401388232], [-0.000178632282768, -0.000535120663699, -0.000280557171209, 0.00471322610974, -0.00088547897758, -0.000748641614337, 0.000102289603092, 0.00150435196701, -0.00147648272105, 0.00162300118245, 6.08879818174e-05, 1.52951415657e-05, -0.0018809371395], [0.000123094810988, -0.000800529494882, -0.00226182374172, -0.00088547897758, 0.00746533321217, 0.000104041493614, -0.0034769277554, -0.000202824987355, -0.000252290599747, -0.00238269101828, 0.00213943351991, -0.00102798244916, -0.00124624709133], [-0.000102707475889, 0.000780898611993, -0.000788366887718, -0.000748641614337, 0.000104041493614, 0.00832288619131, -0.000891603704076, -0.00278497836553, 0.000406262173783, 0.000156209018314, -0.0011305953376, 0.000621938030235, 0.00127177475952], [0.000226547708735, -0.000967765750829, 0.000713483954314, 0.000102289603092, -0.0034769277554, -0.000891603704076, 0.00912737380713, -0.00273304665461, -0.000511873047799, 0.0019671516493, -0.00129962293431, -0.00152707693633, 0.00232084398158], [-0.000346752378391, 0.000349331327016, -0.00131548754871, 0.00150435196701, -0.000202824987355, -0.00278497836553, -0.00273304665461, 0.0143120419234, -0.00349668250419, -0.00375118362717, 0.00120383233298, 0.000624224951025, -0.00235993578099], [0.000314745586365, -0.000524124421645, 0.00107095495332, -0.00147648272105, -0.000252290599747, 0.000406262173783, -0.000511873047799, -0.00349668250419, 0.0128672905266, -0.0029897254426, -0.00129326828755, 0.00203857175075, -0.00193822034635], [-0.000188554840861, 0.00104404508602, 0.000156293011969, 0.00162300118245, -0.00238269101828, 0.000156209018314, 0.0019671516493, -0.00375118362717, -0.0029897254426, 0.0197340510786, -0.00413090502843, -0.00495026726276, 0.00577081460506], [0.000326755805872, -0.000659811543301, -0.000195425367565, 6.08879818174e-05, 0.00213943351991, -0.0011305953376, -0.00129962293431, 0.00120383233298, -0.00129326828755, -0.00413090502843, 0.0163070689887, -0.00265234988183, -0.00199919939041], [-0.000320668070344, 0.000933744420763, -0.000116743576655, 1.52951415657e-05, -0.00102798244916, 0.000621938030235, -0.00152707693633, 0.000624224951025, 0.00203857175075, -0.00495026726276, -0.00265234988183, 0.0206671971828, -0.00985472463071], [0.000320106541039, -0.000198736306629, 0.00107401388232, -0.0018809371395, -0.00124624709133, 0.00127177475952, 0.00232084398158, -0.00235993578099, -0.00193822034635, 0.00577081460506, -0.00199919939041, -0.00985472463071, 0.0220830459148]], "mean": [-18.0540962219, 81.2885437012, -108.799095154, 39.0702896118, -60.7630958557, -3.7075650692, -41.8498649597, 1.48448288441, -27.483379364, -0.694535672665, -23.5459327698, 1.03992438316, -13.3093070984]}, "hfc": {"dmean": 4.99694871902, "dmean2": 7.05701160431, "dvar": 63.0319480896, "dvar2": 125.533706665, "max": 138.064758301, "mean": 18.1463565826, "median": 13.9806652069, "min": 1.04985333211e-16, "var": 256.452941895}, "melbands": {"dmean": [0.000350360263838, 0.00062015443109, 0.0014592516236, 0.00101976038422, 0.000341486360412, 0.000236104766373, 0.00023352682183, 0.00014790451678, 0.000114393755211, 7.29305756977e-05, 4.03836565965e-05, 3.17685262416e-05, 2.29472661886e-05, 2.27212149184e-05, 1.94323711185e-05, 1.64355442394e-05, 1.44426967381e-05, 1.33307867145e-05, 1.28213887365e-05, 1.49845063788e-05, 1.2996390069e-05, 1.25125288832e-05, 1.03206066342e-05, 5.77246737521e-06, 4.95024778502e-06, 5.29606950295e-06, 4.79514301333e-06, 4.20345031671e-06, 2.92411777991e-06, 2.31975786846e-06, 2.13189105125e-06, 2.27950818044e-06, 1.70461601101e-06, 1.19494131923e-06, 9.86926693258e-07, 7.02466820712e-07, 6.334024647e-07, 4.40620397058e-07, 3.18412872957e-07, 3.11771259476e-07], "dmean2": [0.000547026924323, 0.00102782214526, 0.00262611731887, 0.00175031227991, 0.00056356517598, 0.000381162506528, 0.000379759498173, 0.000234064966207, 0.000181258132216, 0.000111968372948, 6.3714607677e-05, 5.05375282955e-05, 3.58222569048e-05, 3.59285004379e-05, 3.06726069539e-05, 2.58985182882e-05, 2.35313673329e-05, 2.14067767956e-05, 2.02572355192e-05, 2.36845789914e-05, 2.07815173781e-05, 2.04010157177e-05, 1.71388273884e-05, 9.41600592341e-06, 7.98994278739e-06, 8.53625897435e-06, 7.70161841501e-06, 6.78373180563e-06, 4.70066333946e-06, 3.67998336515e-06, 3.34927153745e-06, 3.54835651706e-06, 2.60681417785e-06, 1.77005495061e-06, 1.45033914123e-06, 1.04497553366e-06, 9.54961706157e-07, 6.41123563128e-07, 4.58951632254e-07, 4.41114337946e-07], "dvar": [9.49536001826e-07, 2.764286819e-06, 1.75220193341e-05, 3.0555909234e-06, 3.25893324771e-07, 2.14709885427e-07, 2.73959244623e-07, 1.18583486142e-07, 8.43111607196e-08, 4.40035492488e-08, 1.09257038972e-08, 6.7734888809e-09, 3.64496433036e-09, 4.59642990336e-09, 2.82096990212e-09, 1.87871096458e-09, 1.51827150852e-09, 9.82731451771e-10, 7.75456088231e-10, 1.31186927987e-09, 7.22515547391e-10, 4.41151504216e-10, 3.16156267832e-10, 9.25848425704e-11, 8.07429331728e-11, 9.97883650711e-11, 6.42316200228e-11, 5.06528777255e-11, 2.53054625865e-11, 1.94142583954e-11, 1.5984862739e-11, 1.8954997294e-11, 1.28591330292e-11, 6.69700059297e-12, 4.00755123531e-12, 2.14754169309e-12, 4.24270427818e-12, 1.32309766442e-12, 4.5150274036e-13, 2.81671468918e-13], "dvar2": [2.38384836848e-06, 7.42449537938e-06, 5.01032227476e-05, 8.2450287664e-06, 8.25568918117e-07, 5.18687443218e-07, 7.08363245394e-07, 2.59637147337e-07, 2.06551078463e-07, 9.71575460085e-08, 2.63777657494e-08, 1.71603691257e-08, 8.21994117217e-09, 1.01880450742e-08, 6.51846443489e-09, 4.58371651746e-09, 3.86436127542e-09, 2.42602671285e-09, 1.80674653016e-09, 3.13303916144e-09, 1.71318181863e-09, 1.0810954354e-09, 8.53257908773e-10, 2.32268093647e-10, 1.91698990015e-10, 2.40080483271e-10, 1.50256959652e-10, 1.21747459336e-10, 6.01706739989e-11, 4.45211159605e-11, 3.73713802959e-11, 4.40354662457e-11, 2.85208419382e-11, 1.42780813214e-11, 8.43052017085e-12, 4.65200317504e-12, 9.47146094193e-12, 2.73346731534e-12, 9.33577542529e-13, 5.69830098905e-13], "max": [0.011645774357, 0.0223790593445, 0.0415855944157, 0.0250901859254, 0.0113291814923, 0.0125787416473, 0.0105543397367, 0.0119681516662, 0.00778500316665, 0.00680824695155, 0.00303122121841, 0.00262023857795, 0.0025132924784, 0.00283888471313, 0.00179848133121, 0.00156375137158, 0.000980973360129, 0.00118898681831, 0.0005922249984, 0.000985281541944, 0.00075408880366, 0.000520931615029, 0.000371807196643, 0.000248841795838, 0.000314876087941, 0.000190515478607, 0.000167158068507, 0.000208394762012, 0.000112544999865, 0.000172778803972, 9.00937448023e-05, 9.8355107184e-05, 0.000152961409185, 0.000107480707811, 6.97697178111e-05, 5.03980118083e-05, 0.000113944748591, 5.43495334568e-05, 2.26705196837e-05, 1.34597285069e-05], "mean": [0.00053759093862, 0.00102349184453, 0.00160944752861, 0.00141505128704, 0.000620478298515, 0.000422625220381, 0.000387166393921, 0.000242987516685, 0.000197666202439, 0.000126199432998, 6.90857705195e-05, 5.41484077985e-05, 3.92866495531e-05, 3.61311213055e-05, 3.22152372974e-05, 2.62778903561e-05, 2.23606075451e-05, 2.17601136683e-05, 2.11180595215e-05, 2.83810077235e-05, 2.55691484199e-05, 2.55487702816e-05, 2.03633844649e-05, 1.19103615361e-05, 1.04157388705e-05, 1.04162027128e-05, 1.03232932815e-05, 9.16347471502e-06, 6.17380192125e-06, 4.77301500723e-06, 4.64017603008e-06, 5.14661542184e-06, 3.6650774291e-06, 2.50858261097e-06, 2.0076988676e-06, 1.44610226016e-06, 1.26358395391e-06, 9.4224537861e-07, 7.00444900303e-07, 6.7162875439e-07], "median": [0.000156948110089, 0.000643880688585, 0.000937807606533, 0.000804249080829, 0.000371285277652, 0.000222844042582, 0.00016649637837, 8.71422162163e-05, 5.98013539275e-05, 4.22478478868e-05, 3.06707079289e-05, 2.32719939959e-05, 1.64921802934e-05, 1.33252542582e-05, 1.17458148452e-05, 9.45501324168e-06, 7.91357888374e-06, 8.44640453579e-06, 9.20827096706e-06, 1.01652185549e-05, 1.16255287139e-05, 1.49464394781e-05, 1.18962070701e-05, 6.88005184202e-06, 5.89705632592e-06, 5.9727963162e-06, 6.2210001488e-06, 5.5616192185e-06, 3.6870551412e-06, 2.63795845967e-06, 2.34465210269e-06, 2.60429123955e-06, 1.65983874467e-06, 9.28673046019e-07, 7.53347819682e-07, 5.8416031834e-07, 4.42980848447e-07, 3.23441327055e-07, 2.43031195168e-07, 2.12607261574e-07], "min": [1.11015547166e-24, 1.53882189591e-24, 2.47034947914e-24, 8.01001375945e-25, 1.39857731672e-24, 1.71925095102e-24, 1.314678804e-24, 9.90635057305e-25, 1.35253475973e-24, 2.09000137697e-24, 2.50381926962e-24, 3.17944885545e-24, 3.13956444251e-24, 2.12379183942e-24, 2.4467629325e-24, 3.77518221436e-24, 3.72969886114e-24, 2.94983215353e-24, 2.40688621096e-24, 2.65093117882e-24, 3.54583313351e-24, 4.66503151494e-24, 3.40770240571e-24, 3.95699217047e-24, 2.95045811466e-24, 4.5503800487e-24, 4.36861900196e-24, 3.91143387548e-24, 4.9849027791e-24, 4.72544366636e-24, 4.95134581948e-24, 5.12170664285e-24, 5.47293749457e-24, 5.6287213517e-24, 6.42909725955e-24, 6.0928634425e-24, 6.07282716437e-24, 5.64885032099e-24, 5.08909276644e-24, 7.06589970327e-24], "var": [1.43981083056e-06, 2.63387642008e-06, 1.08140347947e-05, 3.65412256542e-06, 6.83482255681e-07, 4.80855192109e-07, 5.57130590551e-07, 2.76586405334e-07, 2.28244331879e-07, 1.08210166161e-07, 2.20309708254e-08, 1.36977043041e-08, 7.08025282847e-09, 8.04856536973e-09, 5.76231817817e-09, 3.40174488578e-09, 2.56211940552e-09, 1.74735836911e-09, 1.45114353867e-09, 4.37573621781e-09, 2.25464691361e-09, 1.19004794907e-09, 7.70315145004e-10, 2.18974685606e-10, 1.74183265034e-10, 1.97212413067e-10, 1.61741744997e-10, 1.28713234515e-10, 6.19305232097e-11, 4.49132224467e-11, 4.31629107456e-11, 5.57104050392e-11, 3.49214511475e-11, 2.1068835912e-11, 1.22345918119e-11, 6.5693778542e-12, 8.43705313947e-12, 3.44894837516e-12, 1.38769009304e-12, 9.49345203144e-13]}, "melbands_crest": {"dmean": 3.19794487953, "dmean2": 5.3573179245, "dvar": 8.33910274506, "dvar2": 22.1156711578, "max": 35.2237892151, "mean": 13.1371803284, "median": 12.5146808624, "min": 1.61432218552, "var": 18.6330451965}, "melbands_flatness_db": {"dmean": 0.0246465969831, "dmean2": 0.0387325435877, "dvar": 0.000562972389162, "dvar2": 0.00139266729821, "max": 0.371684283018, "mean": 0.181230172515, "median": 0.177744746208, "min": 0.00243784859776, "var": 0.00268196151592}, "melbands_kurtosis": {"dmean": 7.91451692581, "dmean2": 13.0151414871, "dvar": 138.669754028, "dvar2": 370.665679932, "max": 134.701782227, "mean": 17.3011322021, "median": 13.0331382751, "min": -1.74035346508, "var": 259.222076416}, "melbands_skewness": {"dmean": 0.754828512669, "dmean2": 1.21845638752, "dvar": 0.712372779846, "dvar2": 1.85587573051, "max": 10.1104793549, "mean": 3.32577610016, "median": 3.18871212006, "min": -1.28159797192, "var": 2.06862092018}, "melbands_spread": {"dmean": 6.76461744308, "dmean2": 10.81336689, "dvar": 90.737159729, "dvar2": 213.093597412, "max": 225.629867554, "mean": 22.2384757996, "median": 17.732219696, "min": 1.81900262833, "var": 388.873382568}, "mfcc": {"cov": [[12694.7255859, 613.768981934, -167.763946533, 188.349411011, -96.6566009521, -1.75843501091, -151.771316528, -10.2104101181, -65.3826828003, -48.7145195007, -93.2119750977, -41.2677612305, -8.63408756256], [613.768981934, 1014.40618896, -305.21774292, 275.907409668, -88.1501693726, 25.4753170013, -12.6756591797, 49.0982627869, 44.1759986877, -35.1059608459, 23.1543769836, -23.1815452576, 16.9611301422], [-167.763946533, -305.21774292, 512.613098145, -83.1401519775, 182.030960083, 27.3086738586, 97.9654769897, 15.2569789886, 13.8729753494, 37.7800140381, 5.46239709854, 39.8018951416, -8.00668716431], [188.349411011, 275.907409668, -83.1401519775, 342.203399658, 20.9695072174, 54.2832374573, 5.93799591064, 36.6152687073, 54.6817092896, -42.5570411682, -5.17366552353, -18.3221492767, 20.8709697723], [-96.6566009521, -88.1501693726, 182.030960083, 20.9695072174, 207.465133667, 39.7767982483, 60.0944976807, 20.4783935547, 41.4027748108, 31.6766967773, 2.91083669662, 17.0429000854, 7.8852686882], [-1.75843501091, 25.4753170013, 27.3086738586, 54.2832374573, 39.7767982483, 111.96446991, 45.1434555054, 32.6374015808, 23.0548419952, 4.28958511353, 13.7834510803, -1.3161636591, 9.70157432556], [-151.771316528, -12.6756591797, 97.9654769897, 5.93799591064, 60.0944976807, 45.1434555054, 166.953338623, 50.2074737549, 37.3947143555, 14.8921098709, 30.1686573029, 27.3490638733, 2.87433838844], [-10.2104101181, 49.0982627869, 15.2569789886, 36.6152687073, 20.4783935547, 32.6374015808, 50.2074737549, 94.7825469971, 49.6391487122, 19.4034481049, 9.47145462036, 11.5863218307, 15.347407341], [-65.3826828003, 44.1759986877, 13.8729753494, 54.6817092896, 41.4027748108, 23.0548419952, 37.3947143555, 49.6391487122, 101.737335205, 27.5282058716, 17.6969985962, 3.31985926628, 11.6571416855], [-48.7145195007, -35.1059608459, 37.7800140381, -42.5570411682, 31.6766967773, 4.28958511353, 14.8921098709, 19.4034481049, 27.5282058716, 90.4967727661, 31.8337059021, 18.9343185425, -0.538574039936], [-93.2119750977, 23.1543769836, 5.46239709854, -5.17366552353, 2.91083669662, 13.7834510803, 30.1686573029, 9.47145462036, 17.6969985962, 31.8337059021, 71.4654388428, 28.0987567902, 4.4361782074], [-41.2677612305, -23.1815452576, 39.8018951416, -18.3221492767, 17.0429000854, -1.3161636591, 27.3490638733, 11.5863218307, 3.31985926628, 18.9343185425, 28.0987567902, 66.0038833618, 20.6975631714], [-8.63408756256, 16.9611301422, -8.00668716431, 20.8709697723, 7.8852686882, 9.70157432556, 2.87433838844, 15.347407341, 11.6571416855, -0.538574039936, 4.4361782074, 20.6975631714, 59.4106216431]], "icov": [[8.33585218061e-05, -5.66660819459e-05, -2.3340464395e-05, -1.94048861886e-05, 2.06788354262e-05, -2.92507374979e-05, 6.42788727419e-05, -1.38660097946e-05, 6.13662123214e-05, -4.4073414756e-05, 0.000126192127937, -4.19149691879e-05, 2.72067209153e-05], [-5.66660819459e-05, 0.00157563376706, 0.00072345638182, -0.00105419021565, 0.000145736397826, 0.000232003687415, -0.000188163336134, -0.000558133353479, 7.22798649804e-05, 7.05453639966e-05, -0.000746722507756, 0.000201616363483, 7.78057510615e-05], [-2.3340464395e-05, 0.00072345638182, 0.0036819470115, 0.000355381402187, -0.00266612321138, -8.9263476184e-06, -0.0010987034766, -0.000226670395932, 0.000434111920185, 5.5686054111e-05, 0.000357658660505, -0.00117999431677, 0.000928172143176], [-1.94048861886e-05, -0.00105419021565, 0.000355381402187, 0.00498203001916, -0.00110622821376, -0.00163154362235, 0.000670470180921, -0.00033523273305, -0.00224873120897, 0.00282224360853, -1.62026535691e-05, 0.000311876356136, -0.000577369006351], [2.06788354262e-05, 0.000145736397826, -0.00266612321138, -0.00110622821376, 0.00870753265917, -0.00164355232846, -0.00114400906023, 0.00178044987842, -0.002327876864, -0.00247116223909, 0.00229679886252, -0.000652353919577, -0.000811078236438], [-2.92507374979e-05, 0.000232003687415, -8.9263476184e-06, -0.00163154362235, -0.00164355232846, 0.0121654728428, -0.00211154506542, -0.00279106386006, 0.00133902882226, 0.000152159234858, -0.00282471324317, 0.00324895605445, -0.0016261151759], [6.42788727419e-05, -0.000188163336134, -0.0010987034766, 0.000670470180921, -0.00114400906023, -0.00211154506542, 0.00966187752783, -0.00374124152586, -0.00114128284622, 0.00226927711628, -0.00280581368133, -0.00227204803377, 0.00192067190073], [-1.38660097946e-05, -0.000558133353479, -0.000226670395932, -0.00033523273305, 0.00178044987842, -0.00279106386006, -0.00374124152586, 0.0177910532802, -0.00647317664698, -0.00289919623174, 0.00363344699144, -0.00191395601723, -0.00231159059331], [6.13662123214e-05, 7.22798649804e-05, 0.000434111920185, -0.00224873120897, -0.002327876864, 0.00133902882226, -0.00114128284622, -0.00647317664698, 0.0167490504682, -0.00370843848214, -0.00264269625768, 0.00326459878124, -0.00160550477449], [-4.4073414756e-05, 7.05453639966e-05, 5.5686054111e-05, 0.00282224360853, -0.00247116223909, 0.000152159234858, 0.00226927711628, -0.00289919623174, -0.00370843848214, 0.0172716993839, -0.00666062673554, -0.00155783595983, 0.00185608083848], [0.000126192127937, -0.000746722507756, 0.000357658660505, -1.62026535691e-05, 0.00229679886252, -0.00282471324317, -0.00280581368133, 0.00363344699144, -0.00264269625768, -0.00666062673554, 0.0223801005632, -0.00844052806497, 0.00136652472429], [-4.19149691879e-05, 0.000201616363483, -0.00117999431677, 0.000311876356136, -0.000652353919577, 0.00324895605445, -0.00227204803377, -0.00191395601723, 0.00326459878124, -0.00155783595983, -0.00844052806497, 0.0240711681545, -0.00858222600073], [2.72067209153e-05, 7.78057510615e-05, 0.000928172143176, -0.000577369006351, -0.000811078236438, -0.0016261151759, 0.00192067190073, -0.00231159059331, -0.00160550477449, 0.00185608083848, 0.00136652472429, -0.00858222600073, 0.0212387777865]], "mean": [-654.471496582, 110.20413208, 3.29257416725, 37.2911758423, -1.32029998302, 0.511414289474, -9.37316131592, -1.67029774189, -2.88549041748, -6.32739830017, -5.45796728134, -3.75876235962, -2.42482471466]}, "pitch_salience": {"dmean": 0.0677790045738, "dmean2": 0.113491423428, "dvar": 0.00356842787005, "dvar2": 0.0097626214847, "max": 0.934658169746, "mean": 0.623089134693, "median": 0.634455561638, "min": 0.134806066751, "var": 0.00887304358184}, "silence_rate_20dB": {"dmean": 0, "dmean2": 0, "dvar": 0, "dvar2": 0, "max": 1, "mean": 1, "median": 1, "min": 1, "var": 0}, "silence_rate_30dB": {"dmean": 0.00347372982651, "dmean2": 0.00694806315005, "dvar": 0.00346142146736, "dvar2": 0.0103726834059, "max": 1, "mean": 0.998263299465, "median": 1, "min": 0, "var": 0.00173380330671}, "silence_rate_60dB": {"dmean": 0.0125054279342, "dmean2": 0.0250130277127, "dvar": 0.0123454723507, "dvar2": 0.0264768190682, "max": 1, "mean": 0.100208409131, "median": 0, "min": 0, "var": 0.0901658535004}, "spectral_centroid": {"dmean": 274.719543457, "dmean2": 444.012939453, "dvar": 88299.2890625, "dvar2": 212684.0625, "max": 11781.2695313, "mean": 1406.93139648, "median": 1250.56665039, "min": 261.667877197, "var": 1133007.875}, "spectral_complexity": {"dmean": 3.707685709, "dmean2": 5.49956560135, "dvar": 18.1640758514, "dvar2": 33.7830429077, "max": 60, "mean": 19.4961795807, "median": 18, "min": 0, "var": 139.440887451}, "spectral_contrast_coeffs": {"dmean": [0.0570906251669, 0.0458629503846, 0.0339538753033, 0.0267217550427, 0.0182686764747, 0.0184551794082], "dmean2": [0.0949822813272, 0.0761022567749, 0.0559194460511, 0.0443470329046, 0.0303066242486, 0.0278652794659], "dvar": [0.0028035256546, 0.00134073814843, 0.000746170873754, 0.000477447465528, 0.000216985456063, 0.000338581303367], "dvar2": [0.00720453122631, 0.00365916430019, 0.0019642659463, 0.00123692303896, 0.000573422468733, 0.000658941396978], "max": [-0.262911647558, -0.42040219903, -0.510177612305, -0.579005718231, -0.664053618908, -0.434159964323], "mean": [-0.593953132629, -0.741971433163, -0.801837086678, -0.807524561882, -0.811190485954, -0.739661037922], "median": [-0.59743475914, -0.744382381439, -0.805418252945, -0.813380300999, -0.811519801617, -0.742705345154], "min": [-0.977149009705, -0.978415071964, -0.976624310017, -0.970972418785, -0.968156814575, -0.965270221233], "var": [0.0106819812208, 0.00553070055321, 0.00311821419746, 0.00248294440098, 0.00128171173856, 0.00335872196592]}, "spectral_contrast_valleys": {"dmean": [0.438183605671, 0.34016725421, 0.299148887396, 0.260686695576, 0.208748102188, 0.29967674613], "dmean2": [0.687928855419, 0.548998713493, 0.472082614899, 0.397029608488, 0.30687391758, 0.367405056953], "dvar": [0.195594593883, 0.107746712863, 0.085855551064, 0.0859859734774, 0.0861085727811, 0.169012859464], "dvar2": [0.386394917965, 0.229254961014, 0.166969358921, 0.153047382832, 0.147861331701, 0.236298263073], "max": [-5.25070762634, -4.73574447632, -5.28445911407, -5.86070489883, -5.66126251221, -7.82442760468], "mean": [-7.68494844437, -6.83060455322, -7.63369846344, -7.95108222961, -7.48868703842, -10.3956098557], "median": [-7.13375329971, -6.4565782547, -7.25421047211, -7.60066795349, -7.10186481476, -9.95659065247], "min": [-28.2565307617, -27.9595565796, -27.6618843079, -27.6504001617, -27.4811019897, -27.4281539917], "var": [5.21280193329, 4.93551874161, 4.58791637421, 4.44479846954, 4.65784168243, 4.31245803833]}, "spectral_decrease": {"dmean": 2.62675059481e-09, "dmean2": 4.37558389521e-09, "dvar": 2.73658378895e-17, "dvar2": 7.36724375929e-17, "max": 3.05192819951e-17, "mean": -5.94233195983e-09, "median": -4.61964866361e-09, "min": -5.10802529163e-08, "var": 3.18795110293e-17}, "spectral_energy": {"dmean": 0.0102548524737, "dmean2": 0.0170115027577, "dvar": 0.000412974768551, "dvar2": 0.00110578339081, "max": 0.198218867183, "mean": 0.0240736678243, "median": 0.0187994539738, "min": 1.00675611132e-20, "var": 0.000503409595694}, "spectral_energyband_high": {"dmean": 0.000315178360324, "dmean2": 0.000413930858485, "dvar": 2.86983464548e-07, "dvar2": 4.94514551974e-07, "max": 0.0148952230811, "mean": 0.000947133172303, "median": 0.000571492069867, "min": 7.01485833273e-21, "var": 1.29837872009e-06}, "spectral_energyband_low": {"dmean": 0.00387838925235, "dmean2": 0.00644775014371, "dvar": 0.000131884036819, "dvar2": 0.000359267636668, "max": 0.139119029045, "mean": 0.00596154481173, "median": 0.00357099692337, "min": 1.43097048956e-23, "var": 0.000115708113299}, "spectral_energyband_middle_high": {"dmean": 0.000956335803494, "dmean2": 0.0014017947251, "dvar": 2.2797244128e-06, "dvar2": 4.77723278891e-06, "max": 0.0326149687171, "mean": 0.00330160534941, "median": 0.00225358968601, "min": 1.13694309121e-21, "var": 1.24749321913e-05}, "spectral_energyband_middle_low": {"dmean": 0.00805251952261, "dmean2": 0.0138253578916, "dvar": 0.000220217043534, "dvar2": 0.000606419169344, "max": 0.14210049808, "mean": 0.0154401119798, "median": 0.0108829196543, "min": 1.53492894623e-22, "var": 0.000250453565968}, "spectral_entropy": {"dmean": 0.12736903131, "dmean2": 0.193842276931, "dvar": 0.0159060340375, "dvar2": 0.0352641493082, "max": 9.82587909698, "mean": 7.77361059189, "median": 7.78143596649, "min": 6.28833913803, "var": 0.129714906216}, "spectral_flux": {"dmean": 0.0248778667301, "dmean2": 0.0399423353374, "dvar": 0.00169634562917, "dvar2": 0.00347743951716, "max": 0.400895237923, "mean": 0.0794151946902, "median": 0.069988489151, "min": 6.34386571052e-11, "var": 0.00315426406451}, "spectral_kurtosis": {"dmean": 0.943011760712, "dmean2": 1.58768725395, "dvar": 1.08566617966, "dvar2": 3.16635227203, "max": 14.6270866394, "mean": 3.13366293907, "median": 2.96564054489, "min": -1.27087974548, "var": 2.57272052765}, "spectral_rms": {"dmean": 0.000878202961758, "dmean2": 0.00139879435301, "dvar": 1.79868254691e-06, "dvar2": 4.486038506e-06, "max": 0.0139062665403, "mean": 0.00435609603301, "median": 0.00428263098001, "min": 3.13400867757e-12, "var": 4.51096821052e-06}, "spectral_rolloff": {"dmean": 552.399169922, "dmean2": 921.872497559, "dvar": 790032.875, "dvar2": 1789771.5, "max": 20779.5410156, "mean": 1555.1640625, "median": 925.927734375, "min": 21.533203125, "var": 4788760.5}, "spectral_skewness": {"dmean": 0.153199732304, "dmean2": 0.239470377564, "dvar": 0.0220273882151, "dvar2": 0.0527661666274, "max": 2.94132304192, "mean": 1.27947342396, "median": 1.29827046394, "min": -0.114480346441, "var": 0.121460966766}, "spectral_spread": {"dmean": 465790.15625, "dmean2": 628496.4375, "dvar": 440564252672, "dvar2": 835817242624, "max": 43597964, "mean": 5314006, "median": 4788490, "min": 2362283.25, "var": 135444845036