{"lowlevel": {"average_loudness": 0.88063788414, "barkbands": {"dmean": [0.000714780006092, 0.00298728072084, 0.00320738367736, 0.00115228909999, 0.00277181551792, 0.00191322527826, 0.00158314232249, 0.000872962933499, 0.00111274630763, 0.000980682787485, 0.000977947609499, 0.000531478726771, 0.000423485500505, 0.000204410374863, 0.000194220221601, 0.000138178191264, 6.62818347337e-05, 6.88404543325e-05, 5.90769122937e-05, 6.51273439871e-05, 5.25547802681e-05, 3.31018782163e-05, 1.74991564563e-05, 4.04932097808e-06, 1.65464496149e-06, 1.22272786029e-05, 0.000142308446812], "dmean2": [0.00126743072178, 0.00502206664532, 0.00542590068653, 0.00196619029157, 0.00447999732569, 0.00304716499522, 0.00247469451278, 0.00139164563734, 0.00176560948603, 0.00157928897534, 0.00161216803826, 0.000845286762342, 0.000676021969412, 0.000331845658366, 0.000310191884637, 0.000221940383199, 0.00010169352754, 0.000106101906567, 8.842938405e-05, 9.46603977354e-05, 7.48049060348e-05, 4.68197649752e-05, 2.48370779445e-05, 6.16621991867e-06, 2.74549188362e-06, 1.75939294422e-05, 0.000192875755602], "dvar": [1.12936845653e-06, 2.91505366476e-05, 3.79254161089e-05, 4.74609942103e-06, 3.28021087626e-05, 1.35576892717e-05, 7.70732185629e-06, 3.08901371682e-06, 5.26685789737e-06, 3.80058986593e-06, 4.85986629428e-06, 8.64097444264e-07, 5.38904089353e-07, 1.33529979962e-07, 8.87934987759e-08, 5.14334601576e-08, 1.45905847404e-08, 2.07460271184e-08, 2.37239046186e-08, 4.7237382006e-08, 1.97248155587e-08, 7.3454793359e-09, 1.8340093888e-09, 8.23453874532e-11, 1.04687569377e-11, 1.12534159769e-09, 9.19366058838e-08], "dvar2": [3.17076228384e-06, 7.35533176339e-05, 9.70574328676e-05, 1.27410030473e-05, 8.07670949143e-05, 3.2889929571e-05, 1.81956766028e-05, 7.83614723332e-06, 1.28652900457e-05, 9.47317676037e-06, 1.24572889035e-05, 2.16128864849e-06, 1.33309674766e-06, 3.24595049506e-07, 2.11935386574e-07, 1.30628777129e-07, 3.31940661624e-08, 4.56432012186e-08, 4.94650933547e-08, 9.82806724892e-08, 4.05354576571e-08, 1.45946899011e-08, 3.68829433661e-09, 1.75889150467e-10, 2.58540393955e-11, 2.38769293226e-09, 1.67423976905e-07], "max": [0.0178488753736, 0.0822379589081, 0.158824265003, 0.0511578395963, 0.15800100565, 0.102891355753, 0.0559516847134, 0.0395022965968, 0.0476151108742, 0.0325914621353, 0.0585740506649, 0.0311099514365, 0.0230618920177, 0.0116051128134, 0.00574977509677, 0.00552275357768, 0.00296047516167, 0.00330055155791, 0.00554710905999, 0.00598765071481, 0.00307998480275, 0.00154481409118, 0.00134798942599, 0.000297603866784, 6.39555364614e-05, 0.000747968791984, 0.00717599922791], "mean": [0.000761474075262, 0.00382423237897, 0.00363468029536, 0.0013154289918, 0.00353306974284, 0.00275079905987, 0.0024973640684, 0.00126462115441, 0.00165631691925, 0.00141996040475, 0.00145344808698, 0.000851741468068, 0.000717091490515, 0.000343945372151, 0.000331658375217, 0.00023660925217, 0.000104179882328, 0.000108577194624, 9.61445621215e-05, 9.72881098278e-05, 7.86855234765e-05, 4.67689351353e-05, 2.46899599006e-05, 5.05587877342e-06, 1.63546906151e-06, 1.51219346662e-05, 0.00026631882065], "median": [0.000361774320481, 0.0016595441848, 0.00120060530026, 0.00056189839961, 0.00134449708275, 0.00120387831703, 0.00103486911394, 0.000499640940689, 0.000572553952225, 0.000504556985106, 0.000424380064942, 0.000390702974983, 0.000358458986739, 0.000188751422684, 0.00018059197464, 0.00012820228585, 5.06930591655e-05, 5.38856074854e-05, 3.88406515412e-05, 2.95698609989e-05, 2.50250923273e-05, 1.44354225995e-05, 7.65141430747e-06, 1.72953366473e-06, 5.26345729668e-07, 4.18302988692e-06, 0.000110433989903], "min": [1.90977545355e-24, 6.03132282557e-24, 3.47788381058e-24, 7.85616714748e-24, 2.71412832478e-23, 2.08238531937e-23, 1.80805262869e-23, 1.15002675007e-23, 2.27078376288e-23, 2.27346762545e-23, 1.89521749887e-23, 4.02887483277e-23, 4.28320169534e-23, 6.0480861198e-23, 6.31695831529e-23, 6.46108067832e-23, 1.28932019573e-22, 1.43820260857e-22, 1.63707456899e-22, 2.21353284532e-22, 2.95150275583e-22, 3.47325510611e-22, 4.80207123233e-22, 6.58005011673e-22, 9.5840465802e-22, 1.29933009593e-21, 2.03394766313e-21], "var": [1.23460290524e-06, 3.68037071894e-05, 5.9166639403e-05, 5.29732551513e-06, 4.57509631815e-05, 2.15749259951e-05, 1.66300578712e-05, 5.44484373677e-06, 1.00600163933e-05, 6.11569339526e-06, 8.89639613888e-06, 1.59228261509e-06, 1.10037547074e-06, 2.65688726131e-07, 1.87963607345e-07, 1.06781719467e-07, 2.39309745353e-08, 3.37981767018e-08, 4.7051258889e-08, 8.19877996605e-08, 3.50142315142e-08, 1.19871206294e-08, 2.95214763746e-09, 1.2862380605e-10, 1.10006812687e-11, 1.38630418256e-09, 1.84024855798e-07]}, "barkbands_crest": {"dmean": 2.82942962646, "dmean2": 4.74327516556, "dvar": 6.12390995026, "dvar2": 16.294752121, "max": 26.5125980377, "mean": 9.09914398193, "median": 8.16230869293, "min": 2.39276599884, "var": 15.6524763107}, "barkbands_flatness_db": {"dmean": 0.0262002963573, "dmean2": 0.0405084751546, "dvar": 0.000657399359625, "dvar2": 0.00148626137525, "max": 0.607018828392, "mean": 0.138499259949, "median": 0.129797548056, "min": 0.035391099751, "var": 0.00249729608186}, "barkbands_kurtosis": {"dmean": 5.35337734222, "dmean2": 8.65703201294, "dvar": 202.344726562, "dvar2": 478.432891846, "max": 437.535186768, "mean": 8.7874584198, "median": 4.22332620621, "min": -1.78810763359, "var": 386.580871582}, "barkbands_skewness": {"dmean": 0.675510704517, "dmean2": 1.06036794186, "dvar": 0.624962806702, "dvar2": 1.43640840054, "max": 15.7775754929, "mean": 1.85034966469, "median": 1.59920287132, "min": -2.63288879395, "var": 2.1441860199}, "barkbands_spread": {"dmean": 5.50593090057, "dmean2": 8.5414056778, "dvar": 49.3067054749, "dvar2": 106.307395935, "max": 117.599578857, "mean": 18.3563461304, "median": 16.2380008698, "min": 0.170653194189, "var": 131.842376709}, "dissonance": {"dmean": 0.0237365439534, "dmean2": 0.0399906001985, "dvar": 0.000584482389968, "dvar2": 0.00156584847718, "max": 0.500000178814, "mean": 0.460443675518, "median": 0.469714224339, "min": 0.121787562966, "var": 0.00113248766866}, "dynamic_complexity": 4.4221997261, "erbbands": {"dmean": [0.0737115219235, 0.78277528286, 3.38074421883, 3.67750310898, 4.43062829971, 11.0433568954, 17.0934524536, 15.5207233429, 18.3858604431, 28.7497711182, 17.8648643494, 24.513250351, 29.2749099731, 26.8704948425, 33.3905639648, 19.7179756165, 19.0777454376, 11.3699674606, 8.89155960083, 9.96249103546, 5.7132267952, 3.58694243431, 3.56584215164, 3.14275097847, 3.0306084156, 3.009724617, 2.73710227013, 1.72629666328, 1.32638072968, 0.710839092731, 0.470554709435, 0.173839211464, 0.0315288044512, 0.0186786111444, 0.01174316369, 0.00745476409793, 0.0258608199656, 0.0322468318045, 0.0137191480026, 0.00354750687256], "dmean2": [0.125701352954, 1.31131196022, 5.72392225266, 6.16049385071, 7.38830184937, 18.1422100067, 27.4697570801, 24.8382797241, 29.033826828, 44.7027664185, 28.6290435791, 39.0314598083, 46.9359016418, 43.2808456421, 54.2608680725, 31.0919399261, 30.069360733, 18.1291160583, 13.9638757706, 15.8610801697, 8.91983032227, 5.3458313942, 5.40334558487, 4.69679641724, 4.52788686752, 4.32783412933, 3.96222090721, 2.41915774345, 1.88041388988, 1.0131136179, 0.666840076447, 0.252110481262, 0.0511141270399, 0.0309711135924, 0.0194432772696, 0.0120109030977, 0.036998514086, 0.0445744842291, 0.0184943433851, 0.00465437490493], "dvar": [0.0141151603311, 2.12730097771, 41.147228241, 44.6684265137, 75.1792907715, 570.378479004, 1216.47143555, 1128.69995117, 1325.35925293, 3148.05126953, 1196.08251953, 2652.43676758, 4234.59570312, 2254.94628906, 5559.44140625, 1188.29370117, 1195.8104248, 372.16494751, 199.296401978, 241.297897339, 92.2655334473, 44.4887542725, 62.9147148132, 41.8532218933, 77.4868087769, 96.6557312012, 74.8255004883, 19.3018741608, 12.2317619324, 3.04453802109, 1.32438087463, 0.182640150189, 0.00334674934857, 0.00133862008806, 0.00052126054652, 0.000180521325092, 0.00516115687788, 0.00832205545157, 0.00127195171081, 4.54211440228e-05], "dvar2": [0.0374299287796, 5.3852519989, 106.30871582, 115.351348877, 196.921096802, 1465.98754883, 2870.82641602, 2761.19677734, 3203.53491211, 7274.93847656, 3008.35424805, 6569.07421875, 10892.2304688, 5797.96484375, 14005.9560547, 2967.37744141, 2916.8918457, 927.433898926, 451.718597412, 605.387329102, 221.406936646, 97.726524353, 138.389724731, 84.1077346802, 173.274719238, 196.188583374, 156.388183594, 39.012588501, 24.6251716614, 6.15802192688, 2.67134189606, 0.356347858906, 0.00800739135593, 0.003307627514, 0.00128527288325, 0.000432146975072, 0.0109168887138, 0.0170316658914, 0.00235190801322, 7.98459368525e-05], "max": [1.67424273491, 22.8947925568, 156.760574341, 121.26651001, 195.304840088, 470.214508057, 1139.06054688, 988.833068848, 900.840881348, 1564.88110352, 748.368103027, 1110.60449219, 1667.88525391, 943.679931641, 2195.98876953, 1221.19018555, 1208.37548828, 457.799163818, 367.085266113, 387.032897949, 334.982421875, 163.549026489, 198.928710938, 193.222915649, 306.65927124, 209.253646851, 201.955322266, 109.700714111, 65.888092041, 36.9379806519, 32.1146659851, 14.30007267, 1.07347023487, 0.724283516407, 0.450144290924, 0.249032855034, 1.63460981846, 1.97091329098, 0.703319489956, 0.161294415593], "mean": [0.0924218446016, 0.938481211662, 3.87301945686, 4.61676073074, 5.56964588165, 12.6643362045, 22.8822650909, 21.861623764, 27.6946735382, 44.5898208618, 28.0983905792, 36.6912689209, 43.6788597107, 44.2343635559, 53.9391860962, 34.7893447876, 33.9482040405, 20.8035869598, 16.4988975525, 17.8639831543, 10.3046703339, 6.06563186646, 5.90283679962, 5.09463500977, 4.87923002243, 4.55522680283, 3.98423814774, 2.57960271835, 1.86377966404, 0.97771936655, 0.674723148346, 0.239265203476, 0.0345772244036, 0.0185768548399, 0.0118085499853, 0.00836338754743, 0.032086584717, 0.0398218743503, 0.0196017269045, 0.0094409044832], "median": [0.0397354364395, 0.382704675198, 1.44681382179, 1.93309426308, 2.7349050045, 4.1631193161, 8.33064937592, 9.88090896606, 11.9141292572, 15.1852178574, 11.6215267181, 13.29804039, 16.1076927185, 20.0279006958, 19.8152751923, 17.5857715607, 17.9494686127, 12.0302877426, 9.44940280914, 10.1953601837, 5.79035139084, 3.15702342987, 2.97757506371, 2.37094163895, 1.74073839188, 1.41361093521, 1.13594377041, 0.894294142723, 0.567319869995, 0.310122132301, 0.207774981856, 0.0780020132661, 0.013007806614, 0.00605705939233, 0.00394565053284, 0.00329765863717, 0.00868774857372, 0.00952225457877, 0.00633571436629, 0.00555419828743], "min": [1.90253169096e-22, 1.31917687705e-21, 3.51658106358e-21, 2.87204152638e-20, 5.15819522542e-20, 8.76325222202e-20, 1.15057979773e-19, 1.78064624299e-19, 1.45673097466e-19, 2.77156842102e-19, 3.96657919138e-19, 5.24719901923e-19, 9.39109626562e-19, 6.34521820987e-19, 1.20727703166e-18, 1.72663240882e-18, 2.30117696625e-18, 3.06460676899e-18, 3.06147526999e-18, 4.10602033596e-18, 4.54093039534e-18, 8.10215634498e-18, 8.04152483326e-18, 8.17237570718e-18, 6.98604485318e-18, 9.24454819202e-18, 1.33089257744e-17, 1.11536256247e-17, 1.1063280131e-17, 1.30494731306e-17, 1.17326735602e-17, 1.18392317939e-17, 1.17199779921e-17, 8.71824211957e-18, 7.16017216239e-18, 4.46499604229e-18, 2.36267019337e-18, 1.02935068869e-18, 2.85529486714e-19, 2.95167575492e-20], "var": [0.0188742857426, 2.50431084633, 58.1809043884, 65.597328186, 84.6794433594, 656.467651367, 2139.42749023, 1583.75341797, 2392.63574219, 7389.32763672, 2398.93847656, 4761.69189453, 6875.74755859, 4302.95800781, 10622.7705078, 2386.2109375, 2514.15649414, 793.67956543, 468.500457764, 519.476989746, 194.358093262, 77.3686676025, 100.747566223, 86.6284866333, 142.963943481, 173.926055908, 124.663719177, 33.1119232178, 19.7276649475, 4.84539747238, 2.1741631031, 0.318246304989, 0.00397410430014, 0.0014033151092, 0.000552767887712, 0.000212608880247, 0.00644576828927, 0.0107692405581, 0.00198336411268, 0.000134003974381]}, "erbbands_crest": {"dmean": 2.55008745193, "dmean2": 4.18198919296, "dvar": 5.52387237549, "dvar2": 13.7585277557, "max": 30.1904888153, "mean": 8.38124275208, "median": 7.49714565277, "min": 2.24444580078, "var": 14.8456096649}, "erbbands_flatness_db": {"dmean": 0.0221861097962, "dmean2": 0.0333954803646, "dvar": 0.000380866025807, "dvar2": 0.000798975932412, "max": 0.435618758202, "mean": 0.16214376688, "median": 0.158529996872, "min": 0.0325514487922, "var": 0.00186728138942}, "erbbands_kurtosis": {"dmean": 1.23415565491, "dmean2": 1.9625800848, "dvar": 4.95012807846, "dvar2": 11.9659843445, "max": 100.705947876, "mean": 1.1898059845, "median": 0.575958013535, "min": -1.81700444221, "var": 7.71626377106}, "erbbands_skewness": {"dmean": 0.389507383108, "dmean2": 0.596874594688, "dvar": 0.146978795528, "dvar2": 0.314664214849, "max": 8.66125106812, "mean": 0.379152327776, "median": 0.386879891157, "min": -4.31728172302, "var": 0.57061123848}, "erbbands_spread": {"dmean": 6.45919275284, "dmean2": 10.0046339035, "dvar": 49.0322875977, "dvar2": 113.036209106, "max": 106.342651367, "mean": 25.6515159607, "median": 22.5932235718, "min": 1.13702380657, "var": 177.693283081}, "gfcc": {"cov": [[13172.0146484, 264.460571289, -850.111328125, -427.49822998, -275.490692139, -402.234710693, 160.160476685, -433.211425781, 20.6292972565, -180.460235596, -180.047851562, -11.7941246033, -177.623031616], [264.460571289, 828.01751709, 97.5866394043, -278.863250732, 43.8790550232, 32.3884963989, -35.8507843018, 15.7833108902, 17.5282211304, 1.1494897604, 45.6082344055, -53.790473938, 74.6524810791], [-850.111328125, 97.5866394043, 519.498291016, 131.876861572, 38.8475036621, 124.538963318, -72.9724273682, 145.055923462, -13.8515062332, 48.0059280396, 11.6438016891, -8.97288322449, 24.8832092285], [-427.49822998, -278.863250732, 131.876861572, 504.379486084, 150.088562012, -49.1302757263, 49.7204246521, -6.30953931808, -5.87308692932, -18.835515976, -31.3644371033, 18.928030014, -86.2980575562], [-275.490692139, 43.8790550232, 38.8475036621, 150.088562012, 193.698974609, 44.3865089417, 46.0779380798, -5.80458498001, 11.9548501968, -13.4513349533, 8.12302017212, -1.93535768986, -11.35151577], [-402.234710693, 32.3884963989, 124.538963318, -49.1302757263, 44.3865089417, 237.066574097, -22.6641139984, 105.42578125, -33.4849090576, 39.5036659241, 16.2837600708, -12.8450374603, 44.3429603577], [160.160476685, -35.8507843018, -72.9724273682, 49.7204246521, 46.0779380798, -22.6641139984, 185.012054443, -37.9762573242, 70.1767730713, -23.0259151459, -11.7280502319, 25.549495697, -45.7049484253], [-433.211425781, 15.7833108902, 145.055923462, -6.30953931808, -5.80458498001, 105.42578125, -37.9762573242, 178.062026978, 4.27920389175, 51.0038986206, 14.5465402603, -31.6300125122, 37.5103111267], [20.6292972565, 17.5282211304, -13.8515062332, -5.87308692932, 11.9548501968, -33.4849090576, 70.1767730713, 4.27920389175, 120.113319397, 24.2108306885, -0.0313090980053, 13.4493980408, -25.8511486053], [-180.460235596, 1.1494897604, 48.0059280396, -18.835515976, -13.4513349533, 39.5036659241, -23.0259151459, 51.0038986206, 24.2108306885, 71.9940567017, 31.1128387451, -4.17679786682, 20.7199306488], [-180.047851562, 45.6082344055, 11.6438016891, -31.3644371033, 8.12302017212, 16.2837600708, -11.7280502319, 14.5465402603, -0.0313090980053, 31.1128387451, 63.8191452026, 22.3370857239, 24.4741954803], [-11.7941246033, -53.790473938, -8.97288322449, 18.928030014, -1.93535768986, -12.8450374603, 25.549495697, -31.6300125122, 13.4493980408, -4.17679786682, 22.3370857239, 68.7484283447, 3.79757261276], [-177.623031616, 74.6524810791, 24.8832092285, -86.2980575562, -11.35151577, 44.3429603577, -45.7049484253, 37.5103111267, -25.8511486053, 20.7199306488, 24.4741954803, 3.79757261276, 88.8847351074]], "icov": [[9.77720701485e-05, -8.90451847226e-05, 0.000122653160361, 5.42445268366e-05, 6.51863520034e-05, 6.44632309559e-05, -4.55434601463e-05, 4.10414686485e-05, 0.000147664773976, -0.000163836186402, 0.000358578341547, -0.000169281294802, 0.000213563806028], [-8.90451847226e-05, 0.00252824113704, -0.00138564722147, 0.00192383513786, -0.00181380659342, 0.0007667944883, -6.2625753344e-05, 0.0006863126182, -0.000912688090466, 0.00171792693436, -0.00238564377651, 0.00280297896825, -0.00111040472984], [0.000122653160361, -0.00138564722147, 0.00392134347931, -0.00216217106208, 0.0012748221634, -0.0015649573179, 0.00135307235178, -0.00197314517573, -0.000285224261461, -0.00067567586666, 0.00137066969182, -0.00207974691875, 0.000469835387776], [5.42445268366e-05, 0.00192383513786, -0.00216217106208, 0.00743483984843, -0.00712383445352, 0.00470218900591, -0.00102086295374, -0.0021356025245, 0.00483607547358, -0.00434874044731, 0.00438676169142, -0.00364079442807, 0.00480499584228], [6.51863520034e-05, -0.00181380659342, 0.0012748221634, -0.00712383445352, 0.0137381972745, -0.00662554102018, -0.000518301560078, 0.00383188761771, -0.00615541962907, 0.00772907724604, -0.00760967284441, 0.00620271777734, -0.0042051654309], [6.44632309559e-05, 0.0007667944883, -0.0015649573179, 0.00470218900591, -0.00662554102018, 0.0106478454545, -0.00218794145621, -0.00516624888405, 0.00743083050475, -0.00742263067514, 0.00557936262339, -0.00447286339477, 0.00193156232126], [-4.55434601463e-05, -6.2625753344e-05, 0.00135307235178, -0.00102086295374, -0.000518301560078, -0.00218794145621, 0.00990497972816, 0.000308496557409, -0.00656966306269, 0.00469166692346, -0.000831799465232, -0.00182511599269, 0.00188259221613], [4.10414686485e-05, 0.0006863126182, -0.00197314517573, -0.0021356025245, 0.00383188761771, -0.00516624888405, 0.000308496557409, 0.0134076876566, -0.00522532686591, 0.000855960941408, -0.00479388935491, 0.00899191666394, -0.00523176928982], [0.000147664773976, -0.000912688090466, -0.000285224261461, 0.00483607547358, -0.00615541962907, 0.00743083050475, -0.00656966306269, -0.00522532686591, 0.0214530974627, -0.0165446810424, 0.0110090151429, -0.0100072585046, 0.00766297895461], [-0.000163836186402, 0.00171792693436, -0.00067567586666, -0.00434874044731, 0.00772907724604, -0.00742263067514, 0.00469166692346, 0.000855960941408, -0.0165446810424, 0.0370229147375, -0.0220309123397, 0.0129363304004, -0.00699073122814], [0.000358578341547, -0.00238564377651, 0.00137066969182, 0.00438676169142, -0.00760967284441, 0.00557936262339, -0.000831799465232, -0.00479388935491, 0.0110090151429, -0.0220309123397, 0.0370904169977, -0.0196332149208, 0.00339922937565], [-0.000169281294802, 0.00280297896825, -0.00207974691875, -0.00364079442807, 0.00620271777734, -0.00447286339477, -0.00182511599269, 0.00899191666394, -0.0100072585046, 0.0129363304004, -0.0196332149208, 0.0312264412642, -0.00920892693102], [0.000213563806028, -0.00111040472984, 0.000469835387776, 0.00480499584228, -0.0042051654309, 0.00193156232126, 0.00188259221613, -0.00523176928982, 0.00766297895461, -0.00699073122814, 0.00339922937565, -0.00920892693102, 0.022134559229]], "mean": [-30.2833900452, 110.121704102, -96.6319198608, -9.19239616394, -24.2908859253, -17.6087398529, 0.810220599174, -23.6508369446, -0.903413295746, -8.5154504776, -6.34049320221, -0.369100928307, -10.1109838486]}, "hfc": {"dmean": 22.4552307129, "dmean2": 31.2207164764, "dvar": 919.398681641, "dvar2": 1726.43444824, "max": 605.296325684, "mean": 75.0505828857, "median": 59.756313324, "min": 1.06946922551e-16, "var": 4377.65087891}, "melbands": {"dmean": [0.000719001225661, 0.00150467304047, 0.000624162028544, 0.000505646225065, 0.00059528904967, 0.000354252610123, 0.000280623440631, 0.000285755726509, 0.00016114502796, 0.00015224982053, 0.00015278418141, 0.000112770787382, 0.000137053066283, 5.90456911596e-05, 5.62631466892e-05, 3.78379372705e-05, 2.04340012715e-05, 1.50892601596e-05, 1.54080262291e-05, 1.22206947708e-05, 6.13999782217e-06, 3.85680414183e-06, 3.90838249587e-06, 3.15119382321e-06, 2.60313481704e-06, 2.44613443101e-06, 2.07130051422e-06, 2.13246880776e-06, 1.99208284357e-06, 1.23522556805e-06, 9.65047661339e-07, 8.1480652625e-07, 5.56233146654e-07, 3.6081777921e-07, 2.89344853854e-07, 2.13854150388e-07, 6.57018119909e-08, 2.09142463348e-08, 1.7137242736e-08, 1.51976564666e-08], "dmean2": [0.00121741346084, 0.00252045062371, 0.00103345233947, 0.000829112308566, 0.000955091323704, 0.000563699402846, 0.000441047857748, 0.00044581014663, 0.00025804064353, 0.000242739595706, 0.00024577442673, 0.000182130359462, 0.000225206356845, 9.49420282268e-05, 9.02061146917e-05, 6.02340842306e-05, 3.30820585077e-05, 2.41809466388e-05, 2.46733397944e-05, 1.97653098439e-05, 9.77457602858e-06, 5.90010540691e-06, 6.13687052464e-06, 4.87488841827e-06, 3.95861025027e-06, 3.70883549294e-06, 3.09649453811e-06, 3.10813061333e-06, 2.94023152492e-06, 1.80117126547e-06, 1.38830148444e-06, 1.17192769267e-06, 8.08200525171e-07, 5.31345449417e-07, 4.15105631646e-07, 3.09472454774e-07, 9.97825253535e-08, 3.47383242172e-08, 2.84914403181e-08, 2.52371474829e-08], "dvar": [1.4592324078e-06, 7.40136511013e-06, 1.14802344342e-06, 9.4371199566e-07, 1.60911122293e-06, 5.44251122392e-07, 2.79310143014e-07, 3.07010481038e-07, 1.01551925979e-07, 1.029345853e-07, 1.11919582935e-07, 3.93105494823e-08, 1.06772731101e-07, 1.01227000116e-08, 1.23869954294e-08, 4.59621851689e-09, 1.21604171177e-09, 6.61434351734e-10, 5.89249815608e-10, 4.04017291844e-10, 1.08345672711e-10, 4.65599954425e-11, 9.58720533517e-11, 3.74710158735e-11, 2.92963500681e-11, 4.71138440761e-11, 3.71471291227e-11, 5.4815228745e-11, 4.88509961649e-11, 1.03250680575e-11, 6.22189626209e-12, 4.88903405607e-12, 1.97132371191e-12, 8.12911315953e-13, 5.19897167851e-13, 3.1298097794e-13, 2.66375717464e-14, 1.61933747153e-15, 1.13930145395e-15, 8.89506249724e-16], "dvar2": [3.76326079277e-06, 1.87405330507e-05, 2.9368907235e-06, 2.45226669904e-06, 3.83653832614e-06, 1.32380660034e-06, 6.77892387557e-07, 7.19852550901e-07, 2.54628304219e-07, 2.54191803606e-07, 2.86971783225e-07, 9.94429001366e-08, 2.69963294386e-07, 2.4439916757e-08, 3.22031965538e-08, 1.09338449406e-08, 3.07796677035e-09, 1.50012680056e-09, 1.41813705223e-09, 1.05367681247e-09, 2.61936056178e-10, 1.05066233491e-10, 2.32027452807e-10, 7.98368871013e-11, 6.13601808253e-11, 1.05228860348e-10, 8.44551026336e-11, 1.14274353868e-10, 1.06699593605e-10, 2.20466162687e-11, 1.28699672447e-11, 1.00495341215e-11, 4.03603019061e-12, 1.71987706195e-12, 1.08113626558e-12, 6.21930133261e-13, 5.64668314006e-14, 3.98930283542e-15, 2.81932057757e-15, 2.19844161559e-15], "max": [0.0157612301409, 0.0610803700984, 0.0187365114689, 0.0152139831334, 0.0425174161792, 0.0229841247201, 0.0126528646797, 0.0145928962156, 0.00769509468228, 0.00665864162147, 0.00805893633515, 0.0036960656289, 0.0095018800348, 0.00196306593716, 0.00476875854656, 0.00180894718505, 0.000759214977734, 0.000859334541019, 0.000541353481822, 0.000392421672586, 0.000347249413608, 0.000136578542879, 0.000241793051828, 0.000157316331752, 0.000161582152941, 0.000220187619561, 0.000160576440976, 0.000167358564795, 0.000198422814719, 7.44057470001e-05, 6.11137947999e-05, 4.41768825112e-05, 2.79404321191e-05, 2.4426386517e-05, 1.92684256035e-05, 2.05558881134e-05, 5.38259018867e-06, 7.63517959967e-07, 6.69281746468e-07, 5.90549404933e-07], "mean": [0.00096962612588, 0.00181612314191, 0.000835764745716, 0.000606282264926, 0.00079667463433, 0.000512575963512, 0.000435520923929, 0.000440843403339, 0.000238921871642, 0.000223975570407, 0.000220821108087, 0.000178502989002, 0.000207690740353, 9.55366704147e-05, 9.09078735276e-05, 6.4056199335e-05, 3.48617068084e-05, 2.56534513028e-05, 2.62055964413e-05, 2.04633124667e-05, 1.0046587704e-05, 6.04633987678e-06, 5.88769080423e-06, 4.95937638334e-06, 3.99159171138e-06, 3.73334273718e-06, 3.15793090522e-06, 3.029286745e-06, 2.73168370768e-06, 1.81910058927e-06, 1.37537676892e-06, 1.1077987665e-06, 7.57958503073e-07, 4.69812391657e-07, 4.07326638197e-07, 2.96927538557e-07, 8.08538018759e-08, 2.02168770613e-08, 1.66500573329e-08, 1.49056091914e-08], "median": [0.000456762383692, 0.000756261229981, 0.000390958157368, 0.000251449382631, 0.000286316761049, 0.000234713283135, 0.000194168096641, 0.00015131678083, 8.95555276657e-05, 7.98609908088e-05, 7.59776303312e-05, 7.66921511968e-05, 6.39648133074e-05, 4.30372929259e-05, 4.04823549616e-05, 3.16415134876e-05, 1.93020478036e-05, 1.39301719173e-05, 1.40976453622e-05, 1.09418469947e-05, 5.20173671248e-06, 2.99986299979e-06, 2.68943540505e-06, 2.47467232839e-06, 1.79735491201e-06, 1.37066535899e-06, 1.01689636267e-06, 8.77668981047e-07, 7.32230319045e-07, 5.7742761328e-07, 4.6379417995e-07, 3.23707354255e-07, 2.28921493317e-07, 1.43305484812e-07, 1.24168408888e-07, 8.90950175858e-08, 2.52548613133e-08, 6.01590155469e-09, 5.13014475345e-09, 4.7190593655e-09], "min": [1.93583586799e-24, 2.20584737584e-24, 8.05016618788e-24, 6.22631661956e-24, 5.02154931245e-24, 4.56611624604e-24, 2.81164798041e-24, 3.22477581698e-24, 2.86897726341e-24, 3.12977487589e-24, 4.46898893037e-24, 2.51120024668e-24, 2.88777700207e-24, 3.74961641571e-24, 4.69119290357e-24, 4.01610427912e-24, 5.55322420763e-24, 4.03660440746e-24, 5.12460176237e-24, 5.45858062052e-24, 4.10185819268e-24, 7.61269075111e-24, 6.68735612043e-24, 5.60684308335e-24, 5.92971635768e-24, 4.80646954208e-24, 4.30901819399e-24, 5.75533865458e-24, 7.63559690522e-24, 6.08408618164e-24, 5.24253804542e-24, 5.52841571545e-24, 7.6628015624e-24, 6.82003700266e-24, 5.33439695353e-24, 7.60681058193e-24, 6.91568402083e-24, 7.63268285303e-24, 8.37025044448e-24, 6.34234859239e-24], "var": [2.00428621611e-06, 1.02489429992e-05, 1.75690468041e-06, 1.05559320218e-06, 2.6846239507e-06, 8.08385550499e-07, 5.15150247793e-07, 7.04510114247e-07, 1.96453697754e-07, 1.85744937653e-07, 1.80177806897e-07, 7.22147959209e-08, 1.93282772898e-07, 1.95652383184e-08, 2.13621138556e-08, 9.55843582062e-09, 2.41088460307e-09, 1.39010836175e-09, 1.23780052874e-09, 7.7954548372e-10, 2.02572750241e-10, 7.70596572663e-11, 1.23891258363e-10, 6.67808100485e-11, 5.65501430405e-11, 8.41002406604e-11, 6.5817927497e-11, 9.0126274499e-11, 7.27872484507e-11, 1.75201745473e-11, 9.81636213288e-12, 7.57588783373e-12, 3.06900425212e-12, 1.18920715289e-12, 8.16587737099e-13, 5.13093961849e-13, 4.04017470249e-14, 1.69430549895e-15, 1.18355892544e-15, 9.29944449659e-16]}, "melbands_crest": {"dmean": 3.93094182014, "dmean2": 6.62280225754, "dvar": 11.1066675186, "dvar2": 29.3671550751, "max": 36.9284896851, "mean": 13.053355217, "median": 11.8611326218, "min": 1.00042498112, "var": 30.2032108307}, "melbands_flatness_db": {"dmean": 0.033532038331, "dmean2": 0.0517808720469, "dvar": 0.00100358517375, "dvar2": 0.00227674213238, "max": 0.753173112869, "mean": 0.245218917727, "median": 0.237445026636, "min": 1.7688766718e-07, "var": 0.0040538366884}, "melbands_kurtosis": {"dmean": 7.1017575264, "dmean2": 11.663277626, "dvar": 462.668548584, "dvar2": 1200.06201172, "max": 767.098815918, "mean": 10.6162118912, "median": 4.00512599945, "min": -1.86207044125, "var": 847.988098145}, "melbands_skewness": {"dmean": 0.767055213451, "dmean2": 1.21795547009, "dvar": 0.775923371315, "dvar2": 1.8937984705, "max": 19.9798851013, "mean": 2.00717878342, "median": 1.68152821064, "min": -2.53592348099, "var": 2.96429872513}, "melbands_spread": {"dmean": 5.78509473801, "dmean2": 8.97210025787, "dvar": 89.9123153687, "dvar2": 183.031234741, "max": 168.573196411, "mean": 17.8788814545, "median": 15.4870529175, "min": 0.146276220679, "var": 237.656219482}, "mfcc": {"cov": [[9221.81542969, 747.891235352, -1057.0579834, 156.690887451, -817.419128418, 268.718322754, -467.144897461, 86.6267623901, -258.641723633, 39.2014389038, -266.805053711, -66.8997650146, -77.9555358887], [747.891235352, 1107.57409668, 21.4069385529, -292.406433105, -5.48806142807, -49.901348114, -6.90286445618, -59.0967063904, 21.2655544281, -19.4544086456, 24.630859375, -27.1499156952, 9.08791542053], [-1057.0579834, 21.4069385529, 514.770568848, -42.4849433899, 194.051361084, -75.694190979, 87.6289215088, -14.6515760422, 74.1681594849, -6.49623537064, 73.4084472656, 22.1593532562, 0.142830252647], [156.690887451, -292.406433105, -42.4849433899, 530.250732422, 11.3000516891, 98.9387207031, -41.7342529297, 76.8258285522, -49.3425178528, 24.628786087, -8.66377258301, 7.40740060806, -28.5807743073], [-817.419128418, -5.48806142807, 194.051361084, 11.3000516891, 289.987213135, -14.9622554779, 111.282432556, -20.1181983948, 48.7075195312, -21.131155014, 48.9061317444, 2.91257882118, 7.48774147034], [268.718322754, -49.901348114, -75.694190979, 98.9387207031, -14.9622554779, 165.727020264, 8.14410305023, 57.7882270813, -16.7924041748, 10.1595449448, -23.5722579956, 14.7264509201, 3.34737896919], [-467.144897461, -6.90286445618, 87.6289215088, -41.7342529297, 111.282432556, 8.14410305023, 150.350357056, 11.3895292282, 38.8756446838, -14.6601514816, 23.4920444489, -3.49083566666, 10.8316106796], [86.6267623901, -59.0967063904, -14.6515760422, 76.8258285522, -20.1181983948, 57.7882270813, 11.3895292282, 104.758026123, 15.7658481598, 21.5097389221, -2.85652184486, 18.6049442291, -0.174209475517], [-258.641723633, 21.2655544281, 74.1681594849, -49.3425178528, 48.7075195312, -16.7924041748, 38.8756446838, 15.7658481598, 95.4347915649, 32.2832717896, 30.9483394623, 8.09341335297, 9.24192523956], [39.2014389038, -19.4544086456, -6.49623537064, 24.628786087, -21.131155014, 10.1595449448, -14.6601514816, 21.5097389221, 32.2832717896, 85.5371856689, 28.2083759308, 10.7852621078, 0.456569135189], [-266.805053711, 24.630859375, 73.4084472656, -8.66377258301, 48.9061317444, -23.5722579956, 23.4920444489, -2.85652184486, 30.9483394623, 28.2083759308, 73.7088317871, 20.7099380493, 8.79759216309], [-66.8997650146, -27.1499156952, 22.1593532562, 7.40740060806, 2.91257882118, 14.7264509201, -3.49083566666, 18.6049442291, 8.09341335297, 10.7852621078, 20.7099380493, 58.9609222412, 22.7171325684], [-77.9555358887, 9.08791542053, 0.142830252647, -28.5807743073, 7.48774147034, 3.34737896919, 10.8316106796, -0.174209475517, 9.24192523956, 0.456569135189, 8.79759216309, 22.7171325684, 48.4176292419]], "icov": [[0.00019619903469, -0.000170568338945, 0.000198833178729, -6.32747251075e-05, 0.000264794070972, -0.000165608667885, 0.000208687328268, -5.05258030898e-05, 6.83734324411e-05, -6.68000793667e-05, 0.000245166971581, -2.13111870835e-05, 0.000186633304111], [-0.000170568338945, 0.00126156618353, -0.000187094919966, 0.000706048100255, -0.00024784708512, -0.000172505941009, 0.000300101179164, 7.16969225323e-05, -0.000111671972263, 0.00043141603237, -0.0010741809383, 0.000847139162943, -0.000295754580293], [0.000198833178729, -0.000187094919966, 0.00333669525571, -7.34638888389e-05, -0.00121785595547, 0.000979307573289, -0.000127923151013, -0.000252882629866, -0.00109962199349, 0.00067250826396, -0.000971192494035, -0.00142630026676, 0.00149961572606], [-6.32747251075e-05, 0.000706048100255, -7.34638888389e-05, 0.00314632826485, -0.00120092451107, -0.00107637478504, 0.00137733621523, -0.00195396225899, 0.00191348488443, -0.000664213963319, -0.000955927884206, 0.000700378150214, 0.00105416576844], [0.000264794070972, -0.00024784708512, -0.00121785595547, -0.00120092451107, 0.00723413936794, -0.00100240646861, -0.00326240691356, 0.0023920123931, -0.00196078419685, 0.00217362376861, -0.00196903152391, 0.00029097116203, 3.15750621667e-05], [-0.000165608667885, -0.000172505941009, 0.000979307573289, -0.00107637478504, -0.00100240646861, 0.0096515705809, -0.00208814628422, -0.00362398452125, 0.00172978953924, -0.00186595867854, 0.00345687475055, -0.00272293505259, -0.000593802018557], [0.000208687328268, 0.000300101179164, -0.000127923151013, 0.00137733621523, -0.00326240691356, -0.00208814628422, 0.011990618892, -0.00288261915557, -0.00209465203807, 0.00295358570293, -0.00262633292004, 0.00398077815771, -0.00196940125898], [-5.05258030898e-05, 7.16969225323e-05, -0.000252882629866, -0.00195396225899, 0.0023920123931, -0.00362398452125, -0.00288261915557, 0.0155625427142, -0.00420772423968, -0.00127399212215, 0.00190127675887, -0.00458941562101, 0.00195704540238], [6.83734324411e-05, -0.000111671972263, -0.00109962199349, 0.00191348488443, -0.00196078419685, 0.00172978953924, -0.00209465203807, -0.00420772423968, 0.0182794965804, -0.00737984990701, -0.000933848961722, 0.000922940555029, -0.00178202381358], [-6.68000793667e-05, 0.00043141603237, 0.00067250826396, -0.000664213963319, 0.00217362376861, -0.00186595867854, 0.00295358570293, -0.00127399212215, -0.00737984990701, 0.0191947612911, -0.00884023774415, 0.00117773632519, 0.00082628778182], [0.000245166971581, -0.0010741809383, -0.000971192494035, -0.000955927884206, -0.00196903152391, 0.00345687475055, -0.00262633292004, 0.00190127675887, -0.000933848961722, -0.00884023774415, 0.0251009277999, -0.00846602395177, 0.000367744680261], [-2.13111870835e-05, 0.000847139162943, -0.00142630026676, 0.000700378150214, 0.00029097116203, -0.00272293505259, 0.00398077815771, -0.00458941562101, 0.000922940555029, 0.00117773632519, -0.00846602395177, 0.0273951888084, -0.0120420539752], [0.000186633304111, -0.000295754580293, 0.00149961572606, 0.00105416576844, 3.15750621667e-05, -0.000593802018557, -0.00196940125898, 0.00195704540238, -0.00178202381358, 0.00082628778182, 0.000367744680261, -0.0120420539752, 0.0280268434435]], "mean": [-690.418395996, 171.781845093, -16.364490509, 23.7424201965, -12.5812597275, 18.4334335327, -5.22259092331, 6.33547830582, -4.28525924683, 3.14467930794, -2.23339438438, 0.998471319675, 1.84139549732]}, "pitch_salience": {"dmean": 0.0803577750921, "dmean2": 0.133859753609, "dvar": 0.00474222097546, "dvar2": 0.0126089286059, "max": 0.99609786272, "mean": 0.615863323212, "median": 0.635308265686, "min": 0.075705178082, "var": 0.0128033356741}, "silence_rate_20dB": {"dmean": 0, "dmean2": 0, "dvar": 0, "dvar2": 0, "max": 1, "mean": 1, "median": 1, "min": 1, "var": 0}, "silence_rate_30dB": {"dmean": 0.00865888036788, "dmean2": 0.0173195041716, "dvar": 0.00858468189836, "dvar2": 0.0208476781845, "max": 1, "mean": 0.991644024849, "median": 1, "min": 0, "var": 0.00828552339226}, "silence_rate_60dB": {"dmean": 0.0285944417119, "dmean2": 0.0571946427226, "dvar": 0.0277803149074, "dvar2": 0.059360049665, "max": 1, "mean": 0.0979563072324, "median": 0, "min": 0, "var": 0.0883521586657}, "spectral_centroid": {"dmean": 208.40284729, "dmean2": 309.666412354, "dvar": 101439.234375, "dvar2": 173102.109375, "max": 11501.7294922, "mean": 932.523803711, "median": 799.439575195, "min": 74.1762237549, "var": 440778.125}, "spectral_complexity": {"dmean": 3.75533628464, "dmean2": 5.36058807373, "dvar": 18.0794849396, "dvar2": 32.4161224365, "max": 56, "mean": 17.0326194763, "median": 18, "min": 0, "var": 88.3070526123}, "spectral_contrast_coeffs": {"dmean": [0.0593765862286, 0.0497761517763, 0.0393570177257, 0.0285414364189, 0.0202264040709, 0.0518010444939], "dmean2": [0.0975166484714, 0.0821926444769, 0.0647178888321, 0.0470058917999, 0.0328026376665, 0.078590027988], "dvar": [0.00227097282186, 0.00150797236711, 0.000984712387435, 0.000497222703416, 0.000296398851788, 0.00202684244141], "dvar2": [0.00594598194584, 0.00404594745487, 0.00257823150605, 0.00133508583531, 0.000718392024282, 0.00437035178766], "max": [-0.273421168327, -0.467232137918, -0.509863555431, -0.590713322163, -0.70111823082, -0.425208032131], "mean": [-0.663258492947, -0.762661874294, -0.795829892159, -0.814698755741, -0.835206151009, -0.723485052586], "median": [-0.667362868786, -0.767065942287, -0.800881564617, -0.816723763943, -0.834548354149, -0.731029629707], "min": [-0.971603751183, -0.997566878796, -0.998534798622, -0.98692381382, -0.987678766251, -0.964919030666], "var": [0.00764544960111, 0.00439782626927, 0.00358407804742, 0.00174410408363, 0.000906036992092, 0.00747682293877]}, "spectral_contrast_valleys": {"dmean": [0.459575653076, 0.419143378735, 0.370941251516, 0.335552483797, 0.364690154791, 0.674156308174], "dmean2": [0.730452477932, 0.634208142757, 0.552990078926, 0.476301282644, 0.486137002707, 1.06711769104], "dvar": [0.161560803652, 0.152410641313, 0.135990604758, 0.129011869431, 0.162065729499, 0.326243370771], "dvar2": [0.338356524706, 0.284376144409, 0.23784147203, 0.204882383347, 0.260881990194, 0.788251399994], "max": [-5.16364908218, -4.22786092758, -4.97955799103, -5.68800973892, -5.58453798294, -8.96511268616], "mean": [-7.26698350906, -6.46338272095, -6.95362377167, -7.51785707474, -7.99858283997, -11.5797967911], "median": [-7.04790687561, -6.21141052246, -6.68359518051, -7.21948289871, -7.75733375549, -11.4374084473], "min": [-27.8816680908, -27.53997612, -27.4333000183, -27.583272934, -27.4095172882, -27.3104228973], "var": [1.67320930958, 1.83138334751, 1.81694090366, 1.71426451206, 1.66708278656, 1.45970737934]}, "spectral_decrease": {"dmean": 2.75384914872e-09, "dmean2": 4.09552836089e-09, "dvar": 1.22961754632e-17, "dvar2": 2.70499326505e-17, "max": 5.76668268693e-10, "mean": -6.15175954621e-09, "median": -4.61372140492e-09, "min": -5.98220921688e-08, "var": 3.2491571743e-17}, "spectral_energy": {"dmean": 0.0115078957751, "dmean2": 0.0166153963655, "dvar": 0.000211624457734, "dvar2": 0.000444780831458, "max": 0.238419532776, "mean": 0.0300255734473, "median": 0.0236204210669, "min": 1.01018115605e-20, "var": 0.000664636085276}, "spectral_energyband_high": {"dmean": 0.000244913244387, "dmean2": 0.000326907320414, "dvar": 3.18877283689e-07, "dvar2": 5.80951279971e-07, "max": 0.0106172161177, "mean": 0.000396395393182, "median": 0.000158412280143, "min": 7.26056651757e-21, "var": 5.98687620368e-07}, "spectral_energyband_low": {"dmean": 0.00607940508053, "dmean2": 0.0100451596081, "dvar": 9.56647199928e-05, "dvar2": 0.000235575687839, "max": 0.202308505774, "mean": 0.00865512527525, "median": 0.00463623646647, "min": 3.76629806284e-23, "var": 0.000151531363372}, "spectral_energyband_middle_high": {"dmean": 0.00221874169074, "dmean2": 0.00326780346222, "dvar": 1.06384359242e-05, "dvar2": 2.45747596637e-05, "max": 0.0689558908343, "mean": 0.00553935999051, "median": 0.00365849700756, "min": 1.08647457253e-21, "var": 3.92662695958e-05}, "spectral_energyband_middle_low": {"dmean": 0.00622600503266, "dmean2": 0.00926799699664, "dvar": 7.91656057118e-05, "dvar2": 0.000177580164745, "max": 0.187067955732, "mean": 0.013402858749, "median": 0.00844392273575, "min": 1.79824920178e-22, "var": 0.00021842836577}, "spectral_entropy": {"dmean": 0.191624715924, "dmean2": 0.287934303284, "dvar": 0.0357340760529, "dvar2": 0.0752221420407, "max": 9.81629276276, "mean": 7.36978769302, "median": 7.41433477402, "min": 5.00805711746, "var": 0.149468615651}, "spectral_flux": {"dmean": 0.0247520320117, "dmean2": 0.0375522710383, "dvar": 0.000710925436579, "dvar2": 0.00147402926814, "max": 0.332363605499, "mean": 0.0985275059938, "median": 0.0945329964161, "min": 6.44552536344e-11, "var": 0.00255210674368}, "spectral_kurtosis": {"dmean": 4.47936916351, "dmean2": 6.8165268898, "dvar": 27.7327632904, "dvar2": 62.6735267639, "max": 89.4066696167, "mean": 18.1579723358, "median": 15.9510574341, "min": -1.25377893448, "var": 78.7565155029}, "spectral_rms": {"dmean": 0.000990086817183, "dmean2": 0.0013803106267, "dvar": 1.02413082459e-06, "dvar2": 1.9021809976e-06, "max": 0.0152513748035, "mean": 0.00486336182803, "median": 0.00480044912547, "min": 3.13933536285e-12, "var": 5.6408484852e-06}, "spectral_rolloff": {"dmean": 3805.65844727, "dmean2": 7275.37792969, "dvar": 49108756, "dvar2": 122903576, "max": 21985.4003906, "mean": 5549.57080078, "median": 1399.65820312, "min": 21.533203125, "var": 63622576}, "spectral_skewness": {"dmean": 0.381725430489, "dmean2": 0.556457459927, "dvar": 0.166164249182, "dvar2": 0.336727261543, "max": 7.25093269348, "mean": 2.87046384811, "median": 2.75907421112, "min": -0.0388633459806, "var": 0.725597858429}, "spectral_spread": {"dmean": 477084.875, "dmean2": 733576.5, "dvar": 372648214528, "dvar2": 806861012992, "max": 42009232, "mean": 3572810, "median": 3418934.75, "min