{"lowlevel": {"average_loudness": 0.951939284801, "barkbands": {"dmean": [8.81657251739e-06, 0.00235567125492, 0.00181263522245, 0.00154546764679, 0.00133724196348, 0.000783763127401, 0.000551773351617, 0.000936721160542, 0.000934531330131, 0.000507862656377, 0.000551836448722, 0.000533083919436, 0.000398292002501, 0.000477075460367, 0.000547532516066, 0.000581556116231, 0.000471114268294, 0.000287912902422, 0.000183829819434, 0.000149269602844, 0.000124678670545, 6.67696585879e-05, 3.57015233021e-05, 2.27930195251e-05, 1.56299720402e-05, 2.04620414479e-06, 2.0698979597e-07], "dmean2": [1.41995360536e-05, 0.00372371659614, 0.00318804802373, 0.00263864290901, 0.00219515245408, 0.00129464420024, 0.000887884059921, 0.00143348227721, 0.0014633173123, 0.000774916668888, 0.000829120865092, 0.000830781063996, 0.000618310295977, 0.000784199917689, 0.000881705316715, 0.000993335619569, 0.000773592561018, 0.0004607544397, 0.000286966183921, 0.000228891498409, 0.000196502238396, 0.000101314326457, 5.16280160809e-05, 3.22385349136e-05, 2.20850288315e-05, 3.09970187118e-06, 3.30471806365e-07], "dvar": [3.36125960398e-10, 2.20837737288e-05, 1.9305587557e-05, 9.49105287873e-06, 5.32115200258e-06, 1.84418865956e-06, 1.25512747218e-06, 3.67548318536e-06, 6.98444910086e-06, 1.43790725815e-06, 1.22224855659e-06, 1.6756638388e-06, 1.0387122984e-06, 1.0497006997e-06, 6.79686138483e-07, 1.86177317119e-06, 6.37987056962e-07, 2.46969676709e-07, 1.53171612283e-07, 9.23192544633e-08, 1.02568677107e-07, 3.61605714261e-08, 1.73488601263e-08, 1.48781520437e-08, 1.36930653483e-08, 8.26546955879e-11, 8.20018749084e-13], "dvar2": [9.72226521512e-10, 6.0197104176e-05, 5.62425520911e-05, 2.62282937911e-05, 1.44432306115e-05, 4.84008569401e-06, 3.17483818435e-06, 8.37283641886e-06, 1.74356682692e-05, 3.41983059116e-06, 2.80069093606e-06, 3.89377510146e-06, 2.25068470172e-06, 2.72917282018e-06, 1.69969871422e-06, 5.14642169946e-06, 1.6471157096e-06, 6.18047579337e-07, 3.60974098612e-07, 2.02958503337e-07, 2.59406817804e-07, 8.68845120294e-08, 3.52407845128e-08, 2.77284932793e-08, 2.57240309054e-08, 1.73965064576e-10, 2.00764860465e-12], "max": [0.000206041368074, 0.072832480073, 0.062531709671, 0.0507484339178, 0.0494536347687, 0.0302040278912, 0.0224904790521, 0.0372578203678, 0.0705269947648, 0.0367996506393, 0.0272384248674, 0.0313982404768, 0.0264554303139, 0.0167889259756, 0.0121063739061, 0.0268079955131, 0.0159995537251, 0.0100280260667, 0.0165795329958, 0.00924165081233, 0.007386574056, 0.00550219975412, 0.00731648504734, 0.00620916159824, 0.00759094767272, 0.000624844047707, 4.20948927058e-05], "mean": [1.44028008435e-05, 0.00402385415509, 0.00284534529783, 0.00212179729715, 0.00237578619272, 0.00126213941257, 0.000911711947992, 0.00183567288332, 0.00163064873777, 0.000980589655228, 0.0011755945161, 0.00100122764707, 0.000686655926984, 0.000734492437914, 0.000981845892966, 0.000827711890452, 0.000915821874514, 0.000634874333628, 0.000403206562623, 0.000332959752996, 0.000175277164089, 8.9085639047e-05, 4.72458341392e-05, 3.38927820849e-05, 2.17252800212e-05, 3.08577705255e-06, 3.11584813062e-07], "median": [4.9263303481e-06, 0.00196697399952, 0.00128653657157, 0.000959995377343, 0.00149540277198, 0.000712502514943, 0.000442048243713, 0.000702633988112, 0.000420343276346, 0.000339226855431, 0.0004462726356, 0.000347511784639, 0.000270872726105, 0.000248535303399, 0.000555059523322, 0.000413097412093, 0.000491298502311, 0.000313388707582, 0.000190589344129, 0.000130491447635, 6.81282253936e-05, 3.12094889523e-05, 1.33530247695e-05, 7.91113870946e-06, 3.89805245504e-06, 9.05157264697e-07, 1.17613772943e-07], "min": [3.14792924745e-23, 4.65574788427e-23, 3.25413611547e-23, 2.47347952144e-23, 3.93159313702e-23, 2.58856265237e-23, 2.52453964793e-23, 3.67204811733e-23, 1.42978628312e-22, 6.8501847421e-23, 7.77728058364e-23, 9.67207967069e-23, 5.45619179193e-23, 4.47299405607e-23, 1.78692393597e-22, 1.49358392578e-22, 2.48145929125e-22, 2.71278031926e-22, 1.822264021e-22, 3.2527201417e-22, 3.79597418968e-22, 5.6257495549e-22, 6.63147677955e-22, 8.05006729627e-22, 1.09791020313e-21, 1.52007968099e-21, 2.49005355847e-21], "var": [5.08062314442e-10, 3.75974705094e-05, 1.89066340681e-05, 1.08835365609e-05, 8.07262313174e-06, 2.93703556054e-06, 2.08423512049e-06, 1.02247477116e-05, 1.54616263899e-05, 3.67112261301e-06, 3.63962658412e-06, 4.17919545725e-06, 2.44010811912e-06, 1.72075021965e-06, 1.4238996755e-06, 1.83551060218e-06, 1.43418276366e-06, 8.50165292832e-07, 3.70242617009e-07, 3.32893961286e-07, 1.06385620313e-07, 3.87006657832e-08, 2.80359984117e-08, 3.39342243194e-08, 2.5766620837e-08, 1.48348056062e-10, 9.89275718635e-13]}, "barkbands_crest": {"dmean": 2.19453430176, "dmean2": 3.53502821922, "dvar": 4.45141839981, "dvar2": 11.4681711197, "max": 26.0253314972, "mean": 8.37296295166, "median": 7.62838506699, "min": 2.12086439133, "var": 12.4473953247}, "barkbands_flatness_db": {"dmean": 0.0170420408249, "dmean2": 0.0253478735685, "dvar": 0.00027942773886, "dvar2": 0.000594722456299, "max": 0.346397578716, "mean": 0.13707433641, "median": 0.132584735751, "min": 0.0206901002675, "var": 0.00164050725289}, "barkbands_kurtosis": {"dmean": 1.32783186436, "dmean2": 2.13190054893, "dvar": 7.93090295792, "dvar2": 20.5214576721, "max": 94.6188812256, "mean": 1.0687135458, "median": -0.121879465878, "min": -1.85929584503, "var": 16.6253604889}, "barkbands_skewness": {"dmean": 0.404043257236, "dmean2": 0.62257796526, "dvar": 0.193885207176, "dvar2": 0.443302154541, "max": 9.62933826447, "mean": 0.856837809086, "median": 0.732018530369, "min": -3.7186255455, "var": 0.875834643841}, "barkbands_spread": {"dmean": 4.44466352463, "dmean2": 6.71572589874, "dvar": 24.1999187469, "dvar2": 51.7602424622, "max": 119.94669342, "mean": 23.2689971924, "median": 22.0431194305, "min": 2.00222182274, "var": 127.214149475}, "dissonance": {"dmean": 0.0165543183684, "dmean2": 0.0277894102037, "dvar": 0.000302149244817, "dvar2": 0.00080756098032, "max": 0.500000178814, "mean": 0.468182384968, "median": 0.474381178617, "min": 0.149141207337, "var": 0.000631279952358}, "dynamic_complexity": 3.05028295517, "erbbands": {"dmean": [0.0428396835923, 0.620729446411, 1.70980668068, 4.11631345749, 5.01113700867, 4.10837316513, 5.09897136688, 6.77967405319, 7.99039506912, 12.8848972321, 19.5754261017, 24.1103458405, 16.6741256714, 12.537651062, 21.6528549194, 24.0375709534, 19.0386333466, 22.4592018127, 28.9665393829, 26.0093898773, 27.7244987488, 21.5641422272, 16.9563522339, 9.02438354492, 9.57103824615, 7.17133998871, 6.23482036591, 3.52412962914, 2.45572757721, 1.64273536205, 0.933234155178, 0.535758852959, 0.385358303785, 0.230193987489, 0.0786313489079, 0.0148048419505, 0.00308767380193, 0.000502726703417, 3.6481738789e-05, 9.6697385743e-06], "dmean2": [0.0595563203096, 0.997917950153, 2.96741366386, 7.10065031052, 8.35427570343, 6.874127388, 8.39936828613, 11.2668123245, 12.9086561203, 19.9470653534, 30.2812767029, 37.3522338867, 25.6689987183, 18.912322998, 32.8323822021, 37.4999160767, 29.5517139435, 36.6258926392, 47.0970802307, 42.6136169434, 46.4667396545, 34.9384040833, 27.06183815, 13.9469518661, 14.9425792694, 10.9375896454, 9.79494285583, 5.52210950851, 3.74761009216, 2.45385956764, 1.35182702541, 0.7696570158, 0.5512393713, 0.328896403313, 0.111830815673, 0.0217620898038, 0.00473513221368, 0.000793297193013, 5.61432534596e-05, 1.47851860675e-05], "dvar": [0.0072871837765, 1.53200924397, 15.411450386, 81.0286712646, 85.6804885864, 60.7364425659, 77.8167190552, 162.125427246, 289.08493042, 792.014892578, 1759.45043945, 5081.00048828, 1836.46838379, 611.626220703, 1984.86657715, 3717.92724609, 2443.21069336, 2370.57495117, 2116.84570313, 2346.87402344, 3549.67407227, 1366.63171387, 825.387573242, 272.299804688, 460.06817627, 221.412750244, 211.021652222, 106.939186096, 51.7016677856, 21.7399024963, 13.9800481796, 7.47019720078, 5.90978336334, 3.18855524063, 0.3300319314, 0.00531569030136, 0.000149330633576, 3.9245469452e-06, 2.02174366137e-08, 1.72687322775e-10], "dvar2": [0.0151440957561, 4.29659032822, 43.4332275391, 231.784164429, 231.716247559, 164.681655884, 206.759658813, 421.402160645, 741.275512695, 1835.72473145, 4198.86572266, 12563.5146484, 4384.265625, 1390.25402832, 4573.65087891, 8666.41308594, 5235.82861328, 6194.9765625, 5490.72363281, 6005.71630859, 9585.00488281, 3485.11181641, 2062.47143555, 608.418334961, 1127.83825684, 481.411010742, 527.955200195, 271.571868896, 125.28540802, 49.2893180847, 27.2578601837, 15.7191753387, 11.0112791061, 5.62751054764, 0.668294906616, 0.0102551132441, 0.000314644887112, 9.39334131544e-06, 4.85160818187e-08, 4.06564781841e-10], "max": [1.23548555374, 18.9330177307, 56.6127128601, 130.206237793, 214.664489746, 176.586425781, 157.929626465, 308.927856445, 421.810119629, 739.641906738, 971.213195801, 2222.26489258, 1297.99743652, 918.526306152, 1350.88903809, 1500.45605469, 1378.09729004, 863.587280273, 811.696289063, 775.125244141, 1232.49658203, 744.409729004, 713.818725586, 533.915527344, 677.281677246, 557.384521484, 261.167388916, 305.968048096, 226.488494873, 149.649169922, 226.6615448, 180.867385864, 143.785949707, 105.407829285, 35.8872299194, 4.23809099197, 0.702958583832, 0.0700994729996, 0.00613073585555, 0.000210163489101], "mean": [0.078037083149, 1.04649889469, 2.93940758705, 6.03350257874, 8.24349117279, 6.72920417786, 8.224568367, 10.5570287704, 13.5938119888, 24.6871376038, 38.3087043762, 44.2236976624, 32.1667709351, 28.0133590698, 48.5796051025, 47.7072944641, 35.9129676819, 37.1294708252, 50.0755386353, 45.6277809143, 45.756275177, 45.1630554199, 39.715259552, 21.6551361084, 20.9186058044, 16.5287837982, 10.1174144745, 4.9042506218, 3.24617958069, 2.17799758911, 1.23533463478, 0.770824849606, 0.546857118607, 0.319277584553, 0.109183974564, 0.0222709104419, 0.00466863345355, 0.000723243399989, 6.90575761837e-05, 3.30835100613e-05], "median": [0.0271186418831, 0.541296541691, 1.64685118198, 2.8574347496, 4.30046272278, 4.19932889938, 4.77736377716, 5.63992357254, 7.14601802826, 9.9480676651, 15.8326225281, 12.8705434799, 12.1272420883, 12.9463005066, 23.5869960785, 17.3341960907, 16.1740474701, 15.4217510223, 28.8769798279, 25.5031776428, 25.6147594452, 25.5069599152, 21.4770355225, 10.4206151962, 9.44988059998, 6.6054816246, 4.03302335739, 2.05283474922, 1.13878750801, 0.731183826923, 0.337917506695, 0.1883315593, 0.111579366028, 0.0546169281006, 0.0211351122707, 0.00601236661896, 0.00138773943763, 0.000243838629103, 3.70076195395e-05, 3.13095006277e-05], "min": [1.39731141663e-21, 1.03451803751e-20, 3.86553584838e-20, 6.03256164516e-20, 1.31478329188e-19, 1.01413532171e-19, 1.98820524572e-19, 1.8626325079e-19, 2.79435543744e-19, 6.38981513561e-19, 1.35765877721e-18, 2.72928532625e-18, 2.97172513955e-18, 2.46694582216e-18, 2.62850102003e-18, 3.78356299931e-18, 2.69025087994e-18, 2.35513188965e-18, 3.15421524475e-18, 1.30223970277e-17, 7.72239938012e-18, 1.58081047571e-17, 1.80367807902e-17, 7.73816461541e-18, 1.34477878925e-17, 1.58068308989e-17, 1.23608568512e-17, 1.5744810551e-17, 2.24659359237e-17, 1.82950745539e-17, 2.01152788744e-17, 1.37581055265e-17, 1.5638246527e-17, 1.17155558846e-17, 7.57634823526e-18, 6.21419807412e-18, 2.89898432405e-18, 1.37686984015e-18, 3.21135657127e-19, 3.64887656643e-20], "var": [0.0176182854921, 2.4103064537, 16.4834041595, 81.9124145508, 132.645309448, 77.3274307251, 122.836997986, 239.698974609, 446.105621338, 2067.31787109, 4154.23046875, 11525.6132813, 4174.35742188, 2423.38696289, 5268.81005859, 9692.20996094, 6039.03613281, 3862.70751953, 3650.92236328, 3693.21118164, 4154.87695313, 3425.9765625, 2984.91064453, 991.276733398, 969.891662598, 944.981445313, 273.115447998, 100.715126038, 53.6933631897, 26.5270118713, 24.0602474213, 16.653842926, 11.113658905, 5.76428747177, 0.594121098518, 0.0105488467962, 0.000276278966339, 5.32994454261e-06, 2.84919785543e-08, 4.13624912099e-10]}, "erbbands_crest": {"dmean": 2.45284223557, "dmean2": 3.93344402313, "dvar": 5.76969194412, "dvar2": 13.8028917313, "max": 30.5263843536, "mean": 9.1724615097, "median": 8.0700969696, "min": 2.313372612, "var": 17.7834587097}, "erbbands_flatness_db": {"dmean": 0.0154501674697, "dmean2": 0.0221352968365, "dvar": 0.000220464877202, "dvar2": 0.00042913571815, "max": 0.336716979742, "mean": 0.185604706407, "median": 0.18606634438, "min": 0.0257458556443, "var": 0.00152542465366}, "erbbands_kurtosis": {"dmean": 0.736756145954, "dmean2": 1.16205430031, "dvar": 1.09840190411, "dvar2": 2.67751812935, "max": 29.5301876068, "mean": 0.360299438238, "median": -0.082148514688, "min": -1.81019091606, "var": 2.93458724022}, "erbbands_skewness": {"dmean": 0.309161394835, "dmean2": 0.474160403013, "dvar": 0.0866764858365, "dvar2": 0.201632574201, "max": 3.18074345589, "mean": -0.110192008317, "median": -0.12023614347, "min": -3.26969838142, "var": 0.532991051674}, "erbbands_spread": {"dmean": 5.61499786377, "dmean2": 8.65262889862, "dvar": 36.3807678223, "dvar2": 82.5714645386, "max": 143.787948608, "mean": 29.4423999786, "median": 26.97813797, "min": 1.74080562592, "var": 166.226211548}, "gfcc": {"cov": [[9114.80078125, 367.41708374, -1025.11901855, 662.081237793, -379.120147705, 185.742538452, -46.9885025024, 125.760223389, 19.7433853149, -12.5415382385, 52.1861343384, -163.582061768, 31.067155838], [367.41708374, 990.623535156, 5.91477680206, -53.4154968262, 252.628479004, -104.424507141, 124.682937622, -37.832698822, 97.9969406128, -104.43019104, 43.1470069885, -41.0030593872, 44.7196884155], [-1025.11901855, 5.91477680206, 674.538146973, 137.328582764, 23.8552131653, 167.87298584, 38.4304847717, 18.5302600861, 28.9159126282, 36.2764854431, 13.5920848846, 44.1849594116, 16.7567863464], [662.081237793, -53.4154968262, 137.328582764, 403.019561768, 38.6192626953, 103.937316895, 3.1914691925, 29.8885440826, 51.6502189636, 19.1142864227, 48.6330909729, -3.13212990761, 20.7766208649], [-379.120147705, 252.628479004, 23.8552131653, 38.6192626953, 306.692138672, -19.8409175873, 37.9390182495, -0.110253840685, 35.8995246887, -14.867064476, 18.2934303284, 11.5235233307, 14.1505937576], [185.742538452, -104.424507141, 167.87298584, 103.937316895, -19.8409175873, 226.671661377, 51.0879364014, 23.1792182922, 10.3423118591, 27.597738266, 18.8505859375, 20.624206543, 17.1721363068], [-46.9885025024, 124.682937622, 38.4304847717, 3.1914691925, 37.9390182495, 51.0879364014, 177.8565979, 61.4513015747, 15.2293148041, 12.2573289871, 20.8336410522, 8.94877815247, 13.2689838409], [125.760223389, -37.832698822, 18.5302600861, 29.8885440826, -0.110253840685, 23.1792182922, 61.4513015747, 130.718215942, 35.5572776794, 21.8732795715, 15.4737024307, -5.85254096985, 3.41590166092], [19.7433853149, 97.9969406128, 28.9159126282, 51.6502189636, 35.8995246887, 10.3423118591, 15.2293148041, 35.5572776794, 123.359962463, 26.7069225311, 7.94894886017, -12.8083763123, 4.21729660034], [-12.5415382385, -104.43019104, 36.2764854431, 19.1142864227, -14.867064476, 27.597738266, 12.2573289871, 21.8732795715, 26.7069225311, 114.12625885, 28.9957084656, 11.0590667725, -8.53544712067], [52.1861343384, 43.1470069885, 13.5920848846, 48.6330909729, 18.2934303284, 18.8505859375, 20.8336410522, 15.4737024307, 7.94894886017, 28.9957084656, 95.1674804688, 25.9066772461, 5.89349079132], [-163.582061768, -41.0030593872, 44.1849594116, -3.13212990761, 11.5235233307, 20.624206543, 8.94877815247, -5.85254096985, -12.8083763123, 11.0590667725, 25.9066772461, 79.2967376709, 21.4262046814], [31.067155838, 44.7196884155, 16.7567863464, 20.7766208649, 14.1505937576, 17.1721363068, 13.2689838409, 3.41590166092, 4.21729660034, -8.53544712067, 5.89349079132, 21.4262046814, 62.550983429]], "icov": [[0.000482538656797, -0.00126497168094, 0.0012961756438, -0.0013750604121, 0.00119657081086, -0.00132644921541, 0.00117368297651, -0.00136001792271, 0.00129775749519, -0.00118250225205, 0.00122397230007, -0.000673450762406, 0.000559465319384], [-0.00126497168094, 0.00616145180538, -0.00393151538447, 0.00443610455841, -0.00454657943919, 0.00489797629416, -0.00552756385878, 0.00591863971204, -0.00606142403558, 0.00593374902382, -0.0059556607157, 0.00444991886616, -0.00340852024965], [0.0012961756438, -0.00393151538447, 0.00552043970674, -0.00422961637378, 0.00331248599105, -0.00503231864423, 0.00357484654523, -0.00405899109319, 0.00373933115043, -0.00395848043263, 0.00434692110866, -0.00331520941108, 0.00212225387804], [-0.0013750604121, 0.00443610455841, -0.00422961637378, 0.0075530493632, -0.00420357193798, 0.00283315056004, -0.00315308803692, 0.00413739169016, -0.00535573204979, 0.00447907065973, -0.00605520932004, 0.00396370282397, -0.00306310341693], [0.00119657081086, -0.00454657943919, 0.00331248599105, -0.00420357193798, 0.00743241328746, -0.00311763142236, 0.00302584515885, -0.00382250896655, 0.00329512218013, -0.00349888764322, 0.00386810186319, -0.00359060661867, 0.00207227887586], [-0.00132644921541, 0.00489797629416, -0.00503231864423, 0.00283315056004, -0.00311763142236, 0.0109280627221, -0.00619508698583, 0.00506102200598, -0.00455634016544, 0.00383413978852, -0.00451591145247, 0.00248929788359, -0.00328967231326], [0.00117368297651, -0.00552756385878, 0.00357484654523, -0.00315308803692, 0.00302584515885, -0.00619508698583, 0.0126632172614, -0.00876697991043, 0.00568161765113, -0.00522183440626, 0.00427592406049, -0.00376527081244, 0.00205853837542], [-0.00136001792271, 0.00591863971204, -0.00405899109319, 0.00413739169016, -0.00382250896655, 0.00506102200598, -0.00876697991043, 0.0159908886999, -0.00808598008007, 0.00479051657021, -0.00638727890328, 0.00510038156062, -0.00332742417231], [0.00129775749519, -0.00606142403558, 0.00373933115043, -0.00535573204979, 0.00329512218013, -0.00455634016544, 0.00568161765113, -0.00808598008007, 0.0162232723087, -0.008225671947, 0.00617265421897, -0.00210923538543, 0.00213256874122], [-0.00118250225205, 0.00593374902382, -0.00395848043263, 0.00447907065973, -0.00349888764322, 0.00383413978852, -0.00522183440626, 0.00479051657021, -0.008225671947, 0.0165949258953, -0.00858191493899, 0.00285530951805, -0.000847585382871], [0.00122397230007, -0.0059556607157, 0.00434692110866, -0.00605520932004, 0.00386810186319, -0.00451591145247, 0.00427592406049, -0.00638727890328, 0.00617265421897, -0.00858191493899, 0.0195149164647, -0.00878981128335, 0.00388816092163], [-0.000673450762406, 0.00444991886616, -0.00331520941108, 0.00396370282397, -0.00359060661867, 0.00248929788359, -0.00376527081244, 0.00510038156062, -0.00210923538543, 0.00285530951805, -0.00878981128335, 0.0205820016563, -0.00831642001867], [0.000559465319384, -0.00340852024965, 0.00212225387804, -0.00306310341693, 0.00207227887586, -0.00328967231326, 0.00205853837542, -0.00332742417231, 0.00213256874122, -0.000847585382871, 0.00388816092163, -0.00831642001867, 0.0209971144795]], "mean": [-13.6144809723, 116.044334412, -145.543289185, 32.2585334778, -45.2715950012, 5.07285499573, -31.6051368713, 5.09949350357, -20.1410903931, -2.76163363457, -15.9038934708, -5.6926574707, -9.63880825043]}, "hfc": {"dmean": 6.80665874481, "dmean2": 10.1500167847, "dvar": 100.677536011, "dvar2": 225.932922363, "max": 139.262008667, "mean": 22.3253993988, "median": 19.1884651184, "min": 1.16518434559e-16, "var": 276.274963379}, "melbands": {"dmean": [0.000542186782695, 0.000829890370369, 0.000701808312442, 0.00032292547985, 0.000173421009094, 0.000151851098053, 0.000119034775707, 0.000156692083692, 0.000171508654603, 0.000139831390698, 8.22081856313e-05, 4.95075546496e-05, 7.92193168309e-05, 6.14033997408e-05, 5.21297879459e-05, 3.61198181054e-05, 4.68921025458e-05, 4.65781668026e-05, 3.4951048292e-05, 4.53452557849e-05, 3.30732182192e-05, 2.50149187195e-05, 2.3594175218e-05, 1.35222289828e-05, 7.37587197364e-06, 7.3888732004e-06, 6.31975717624e-06, 4.77733919979e-06, 4.11443488701e-06, 3.18340676131e-06, 1.8408759388e-06, 1.5012520862e-06, 1.17555487122e-06, 8.42291797198e-07, 5.7091887129e-07, 4.27404273751e-07, 3.02736737012e-07, 2.73898365322e-07, 2.6648029916e-07, 1.80750248546e-07], "dmean2": [0.000819375563879, 0.00139190466143, 0.00119551445823, 0.00053382240003, 0.000285116315354, 0.000250523269642, 0.000191631726921, 0.000240673558437, 0.00026549238828, 0.00021685390675, 0.000126388389617, 7.56028675823e-05, 0.000118699339509, 9.56985604716e-05, 8.06658208603e-05, 5.63622088521e-05, 7.69628313719e-05, 7.6262440416e-05, 5.54982179892e-05, 7.74430227466e-05, 5.52508499823e-05, 4.08264786529e-05, 3.85021921829e-05, 2.16750468098e-05, 1.14823515105e-05, 1.14668446258e-05, 9.93281992123e-06, 7.3282935773e-06, 6.53054803479e-06, 5.01988643009e-06, 2.93113112093e-06, 2.33695732277e-06, 1.7976625486e-06, 1.26775967146e-06, 8.4349375129e-07, 6.27778319995e-07, 4.3379512249e-07, 4.01989524335e-07, 3.89207400531e-07, 2.56635559026e-07], "dvar": [1.17085369311e-06, 2.8417402973e-06, 2.03278318622e-06, 3.44345352232e-07, 8.37724556391e-08, 7.7311227642e-08, 5.98178289124e-08, 1.17375385855e-07, 1.42723251884e-07, 1.666728906e-07, 4.63285090291e-08, 1.06197539651e-08, 2.49423646181e-08, 2.07090966597e-08, 1.68856448823e-08, 6.64130128669e-09, 1.11213163123e-08, 6.1591025613e-09, 3.19255288872e-09, 1.10914690765e-08, 4.98976859831e-09, 1.99938621215e-09, 1.62043445329e-09, 5.84498227596e-10, 1.95562108174e-10, 2.94493041064e-10, 2.04869191056e-10, 1.0005793416e-10, 8.43586589472e-11, 6.37887589972e-11, 3.54023685367e-11, 2.03764262408e-11, 1.11225672769e-11, 6.36562113784e-12, 4.46470161189e-12, 6.77031651228e-12, 2.50784896322e-12, 2.8574202466e-12, 5.61391775081e-12, 1.90206357609e-12], "dvar2": [2.95100926451e-06, 7.70229507907e-06, 5.71455166209e-06, 9.3903747711e-07, 2.21409919732e-07, 2.00933016004e-07, 1.5318336466e-07, 2.6709847134e-07, 3.49812012246e-07, 4.11566986713e-07, 1.10689157395e-07, 2.40244233396e-08, 5.60530999394e-08, 4.90376521611e-08, 3.85276948123e-08, 1.49491192758e-08, 2.91351067716e-08, 1.60606461463e-08, 7.65634222688e-09, 3.06416225726e-08, 1.33854758388e-08, 5.18744869282e-09, 4.13032141822e-09, 1.43246869921e-09, 4.44150327628e-10, 6.98148372447e-10, 4.88007578792e-10, 2.1734158917e-10, 2.10175932214e-10, 1.60862642651e-10, 9.20877055166e-11, 5.05263539341e-11, 2.62476863161e-11, 1.46963066716e-11, 9.09598351501e-12, 1.51101995499e-11, 4.90591855334e-12, 5.56639283278e-12, 1.16339585535e-11, 3.51461112817e-12], "max": [0.0165349412709, 0.0269098822027, 0.0211580842733, 0.013458433561, 0.00562000600621, 0.00701577402651, 0.00563942128792, 0.00841172132641, 0.00848386250436, 0.0139668667689, 0.00655322568491, 0.00353063084185, 0.00390715198591, 0.00344530935399, 0.00338612846099, 0.00188635138329, 0.00193776842207, 0.00152311963029, 0.00117352791131, 0.00181538029574, 0.00146039458923, 0.00104900740553, 0.00115216732956, 0.000546700961422, 0.00044975077617, 0.000751537445467, 0.000446521822596, 0.000368481385522, 0.00019180662639, 0.000166124256793, 0.000197794812266, 0.000151660919073, 0.000122439960251, 9.38660159591e-05, 9.65792423813e-05, 0.000188084610272, 0.0001100156951, 9.45906285779e-05, 0.000183545707841, 8.15464518382e-05], "mean": [0.000949857174419, 0.00155738869216, 0.00112484046258, 0.000546985771507, 0.000291416625259, 0.000241712361458, 0.000200883718207, 0.000302726402879, 0.000328146939864, 0.00025040586479, 0.000150894149556, 0.000103691505501, 0.00017540549743, 0.000119032170915, 9.73264031927e-05, 6.40221624053e-05, 7.14418347343e-05, 7.64809010434e-05, 6.47920096526e-05, 6.48033965263e-05, 5.27106858499e-05, 4.72853607789e-05, 4.68959369755e-05, 2.85690275632e-05, 1.58559760166e-05, 1.53715336637e-05, 1.32917775773e-05, 1.04151804408e-05, 6.56643032926e-06, 4.53640041087e-06, 2.30463592743e-06, 1.92160064216e-06, 1.50224138906e-06, 1.08186748093e-06, 7.2549869401e-07, 5.66100254673e-07, 4.32690740126e-07, 3.83965812034e-07, 3.4981573549e-07, 2.42959089292e-07], "median": [0.000420700758696, 0.000979169155471, 0.000632265000604, 0.000317013036693, 0.00017957824457, 0.000133188834297, 0.000102274338133, 0.000115071634355, 0.000129152787849, 6.82182653691e-05, 5.0767128414e-05, 4.40647345386e-05, 6.81411693222e-05, 4.57940295746e-05, 3.5561821278e-05, 2.86920349026e-05, 2.39469918597e-05, 3.99243617721e-05, 3.71358546545e-05, 3.06817564706e-05, 2.74665544566e-05, 2.45270330197e-05, 2.35127336055e-05, 1.25467322505e-05, 7.19179479347e-06, 6.58125281916e-06, 5.7044148889e-06, 3.69265922018e-06, 2.52258814726e-06, 1.7366320435e-06, 8.651072676e-07, 6.54872621908e-07, 4.8401489039e-07, 3.42622797689e-07, 1.86415178405e-07, 1.39329699778e-07, 1.00025033589e-07, 7.66024257359e-08, 6.197265634e-08, 3.81940168381e-08], "min": [1.33221031071e-23, 1.82098868536e-23, 1.30551431104e-23, 8.3278838807e-24, 6.21963615099e-24, 4.42352056552e-24, 4.53475586961e-24, 7.00960106704e-24, 1.41035439866e-23, 1.80023470157e-23, 1.49610152802e-23, 1.00951208462e-23, 9.76008373109e-24, 1.14000561333e-23, 7.00450423674e-24, 5.24192707265e-24, 4.16137577583e-24, 3.43152994935e-24, 1.57149138701e-23, 1.22227654822e-23, 8.89365649965e-24, 1.57331491788e-23, 1.70533000151e-23, 1.30505109192e-23, 5.14438047742e-24, 7.39711636496e-24, 1.23562588912e-23, 1.00744897669e-23, 5.91819701631e-24, 1.09310380932e-23, 7.58916218575e-24, 1.25194844677e-23, 1.14824660655e-23, 1.00148179614e-23, 1.29161978837e-23, 8.61381755985e-24, 8.29840414867e-24, 1.01278191307e-23, 1.23720747635e-23, 9.27977156945e-24], "var": [2.30945488511e-06, 3.90555760532e-06, 2.255743766e-06, 5.01194733715e-07, 1.32917463702e-07, 1.18549685624e-07, 9.66711724004e-08, 3.29053136738e-07, 3.24467691826e-07, 3.76486781306e-07, 1.03525692907e-07, 3.98735906515e-08, 7.78358000275e-08, 5.10211464189e-08, 3.95814296894e-08, 1.47769272374e-08, 1.79026287128e-08, 9.83610881633e-09, 6.89070178694e-09, 1.15499698694e-08, 5.99073102237e-09, 4.25355750622e-09, 4.25588098096e-09, 2.05161709843e-09, 6.18333884095e-10, 6.30285101888e-10, 4.72616445979e-10, 4.44585562809e-10, 1.17200193994e-10, 7.07991373861e-11, 3.01566965843e-11, 1.99981715215e-11, 1.22214651593e-11, 7.61615683714e-12, 6.96840155023e-12, 1.13943559449e-11, 5.73347836222e-12, 5.41183070579e-12, 7.48428836267e-12, 3.44136069468e-12]}, "melbands_crest": {"dmean": 2.67509484291, "dmean2": 4.32138156891, "dvar": 5.90783405304, "dvar2": 14.958776474, "max": 38.7689247131, "mean": 11.8512058258, "median": 11.3670663834, "min": 1.7723903656, "var": 17.7332954407}, "melbands_flatness_db": {"dmean": 0.0230070445687, "dmean2": 0.0336151458323, "dvar": 0.000534444465302, "dvar2": 0.00108107796405, "max": 0.457744210958, "mean": 0.191061392426, "median": 0.184074819088, "min": 0.00593684054911, "var": 0.00331722549163}, "melbands_kurtosis": {"dmean": 3.2840013504, "dmean2": 5.23318433762, "dvar": 50.5175247192, "dvar2": 121.002067566, "max": 338.710083008, "mean": 5.50601387024, "median": 2.44008922577, "min": -1.78065800667, "var": 112.281196594}, "melbands_skewness": {"dmean": 0.525422811508, "dmean2": 0.807789325714, "dvar": 0.349583059549, "dvar2": 0.792239844799, "max": 16.6421165466, "mean": 1.7787630558, "median": 1.52420496941, "min": -2.8770468235, "var": 1.60364484787}, "melbands_spread": {"dmean": 6.94532108307, "dmean2": 10.7164783478, "dvar": 68.6553115845, "dvar2": 146.909240723, "max": 202.761947632, "mean": 29.8401756287, "median": 27.3797950745, "min": 1.32206594944, "var": 273.223083496}, "mfcc": {"cov": [[7912.69140625, -170.21546936, -421.097106934, 342.552978516, -161.406494141, 32.7996444702, 2.1252207756, 45.7841873169, 4.91282224655, 123.906227112, 58.9054832458, 34.3483009338, 12.0879125595], [-170.21546936, 1123.83984375, -190.830917358, 63.5116653442, 65.5046615601, -12.8382635117, 19.8299789429, 53.3583068848, 34.1336517334, -7.23863744736, -14.3613386154, -12.0729188919, -23.0087375641], [-421.097106934, -190.830917358, 659.799499512, 17.1364517212, 41.1578903198, 133.302703857, 47.0498123169, 49.323764801, 31.0359344482, 31.8120727539, 16.2031135559, 32.1086616516, 38.6997528076], [342.552978516, 63.5116653442, 17.1364517212, 275.819763184, 100.824531555, 30.7356414795, 24.1583461761, 34.9660110474, 15.2113103867, 36.0775947571, 12.4117546082, 30.7465648651, 24.6563720703], [-161.406494141, 65.5046615601, 41.1578903198, 100.824531555, 228.464538574, 61.9243392944, -6.21329164505, 20.7280158997, 8.41749954224, 6.87901210785, -2.62701630592, 10.2118349075, 9.50814723969], [32.7996444702, -12.8382635117, 133.302703857, 30.7356414795, 61.9243392944, 186.998764038, 39.3191337585, 21.3110771179, 20.4028682709, 4.2513127327, 8.93592166901, 14.4993829727, 21.0273342133], [2.1252207756, 19.8299789429, 47.0498123169, 24.1583461761, -6.21329164505, 39.3191337585, 159.166503906, 53.1697692871, 10.0750761032, 17.6467494965, 15.6558856964, 14.7295770645, 24.5346031189], [45.7841873169, 53.3583068848, 49.323764801, 34.9660110474, 20.7280158997, 21.3110771179, 53.1697692871, 123.129333496, 36.795665741, 15.7852268219, 10.1533317566, 4.76562595367, 3.04363560677], [4.91282224655, 34.1336517334, 31.0359344482, 15.2113103867, 8.41749954224, 20.4028682709, 10.0750761032, 36.795665741, 109.603210449, 40.556060791, 13.7154121399, 5.44020605087, 3.55503129959], [123.906227112, -7.23863744736, 31.8120727539, 36.0775947571, 6.87901210785, 4.2513127327, 17.6467494965, 15.7852268219, 40.556060791, 105.245613098, 44.2930259705, 12.6286363602, 4.36569881439], [58.9054832458, -14.3613386154, 16.2031135559, 12.4117546082, -2.62701630592, 8.93592166901, 15.6558856964, 10.1533317566, 13.7154121399, 44.2930259705, 95.4873962402, 35.9661064148, 8.01100540161], [34.3483009338, -12.0729188919, 32.1086616516, 30.7465648651, 10.2118349075, 14.4993829727, 14.7295770645, 4.76562595367, 5.44020605087, 12.6286363602, 35.9661064148, 80.0013580322, 39.9761047363], [12.0879125595, -23.0087375641, 38.6997528076, 24.6563720703, 9.50814723969, 21.0273342133, 24.5346031189, 3.04363560677, 3.55503129959, 4.36569881439, 8.01100540161, 39.9761047363, 93.2678985596]], "icov": [[0.000155621542945, 4.69772676297e-05, 0.000147677405039, -0.000257655599853, 0.000249244098086, -0.000181074225111, 9.57536176429e-05, -0.000118841016956, 8.361395885e-05, -0.000181624243851, 1.83701104106e-05, -1.63465956575e-05, 3.1049073641e-06], [4.69772676297e-05, 0.00102106924169, 0.000383646984119, -0.000201329152333, -0.000192365056137, -4.41802840214e-05, -0.000107491956442, -0.000411722430727, -0.000294323748676, 0.000116526280181, 0.000127416860778, -3.10181567329e-05, 0.000219238936552], [0.000147677405039, 0.000383646984119, 0.00211449968629, -5.52848359803e-05, 0.000151229920448, -0.00141221727245, 8.18512635306e-05, -0.000794816529378, 4.52045096608e-05, -0.000710117048584, 0.000346647953847, -0.000473257125122, -0.000275290280115], [-0.000257655599853, -0.000201329152333, -5.52848359803e-05, 0.00528127280995, -0.00234904768877, 0.000278682156932, -0.000423976394814, -0.000652834889479, 0.000258391228272, -0.00139001919888, 0.000686708954163, -0.00143330090214, -0.000469451159006], [0.000249244098086, -0.000192365056137, 0.000151229920448, -0.00234904768877, 0.00630324101076, -0.00211212551221, 0.0013440650655, -0.00080717226956, 0.00046089864918, -0.000337507313816, 0.000459660601337, -9.1166504717e-05, -1.73107873707e-05], [-0.000181074225111, -4.41802840214e-05, -0.00141221727245, 0.000278682156932, -0.00211212551221, 0.00751677667722, -0.00170199561398, 0.000647911743727, -0.00132609158754, 0.00137655751314, -0.000714356254321, 0.00018694481696, -0.000560558342841], [9.57536176429e-05, -0.000107491956442, 8.18512635306e-05, -0.000423976394814, 0.0013440650655, -0.00170199561398, 0.00836188718677, -0.00359703227878, 0.00124043342657, -0.00114951585419, -0.000327311863657, 1.13928390419e-05, -0.00176660961006], [-0.000118841016956, -0.000411722430727, -0.000794816529378, -0.000652834889479, -0.00080717226956, 0.000647911743727, -0.00359703227878, 0.0113358488306, -0.00342925684527, 0.00103075057268, -0.000709871470463, 0.000490284000989, 0.000862009357661], [8.361395885e-05, -0.000294323748676, 4.52045096608e-05, 0.000258391228272, 0.00046089864918, -0.00132609158754, 0.00124043342657, -0.00342925684527, 0.0121333459392, -0.00485988613218, 0.000815985433292, -0.000313380500302, -0.000303685839754], [-0.000181624243851, 0.000116526280181, -0.000710117048584, -0.00139001919888, -0.000337507313816, 0.00137655751314, -0.00114951585419, 0.00103075057268, -0.00485988613218, 0.0147982249036, -0.00645572459325, 0.00175423314795, 2.38105417338e-06], [1.83701104106e-05, 0.000127416860778, 0.000346647953847, 0.000686708954163, 0.000459660601337, -0.000714356254321, -0.000327311863657, -0.000709871470463, 0.000815985433292, -0.00645572459325, 0.0160707179457, -0.00749400258064, 0.00202991138212], [-1.63465956575e-05, -3.10181567329e-05, -0.000473257125122, -0.00143330090214, -9.1166504717e-05, 0.00018694481696, 1.13928390419e-05, 0.000490284000989, -0.000313380500302, 0.00175423314795, -0.00749400258064, 0.0200521703809, -0.00750327389687], [3.1049073641e-06, 0.000219238936552, -0.000275290280115, -0.000469451159006, -1.73107873707e-05, -0.000560558342841, -0.00176660961006, 0.000862009357661, -0.000303685839754, 2.38105417338e-06, 0.00202991138212, -0.00750327389687, 0.0146316774189]], "mean": [-645.369506836, 140.028686523, -31.7545032501, 28.9689674377, 3.66174411774, 4.6669960022, -1.31627118587, 3.26763224602, 2.27323484421, 0.588968396187, -3.04553699493, 1.04005813599, -0.0522809736431]}, "pitch_salience": {"dmean": 0.0634165853262, "dmean2": 0.102908529341, "dvar": 0.00336950831115, "dvar2": 0.00857870653272, "max": 0.854491710663, "mean": 0.554105877876, "median": 0.555354237556, "min": 0.0637208744884, "var": 0.00906814821064}, "silence_rate_20dB": {"dmean": 0, "dmean2": 0, "dvar": 0, "dvar2": 0, "max": 1, "mean": 1, "median": 1, "min": 1, "var": 0}, "silence_rate_30dB": {"dmean": 0, "dmean2": 0, "dvar": 0, "dvar2": 0, "max": 1, "mean": 1, "median": 1, "min": 1, "var": 0}, "silence_rate_60dB": {"dmean": 0.00745636317879, "dmean2": 0.0149139901623, "dvar": 0.00740212155506, "dvar2": 0.0167261250317, "max": 1, "mean": 0.0610014386475, "median": 0, "min": 0, "var": 0.0572819001973}, "spectral_centroid": {"dmean": 222.780334473, "dmean2": 339.596282959, "dvar": 71704.859375, "dvar2": 140568.28125, "max": 11168.1689453, "mean": 1512.17675781, "median": 1490.14953613, "min": 238.686569214, "var": 338690.59375}, "spectral_complexity": {"dmean": 3.92221665382, "dmean2": 5.78476381302, "dvar": 21.3869171143, "dvar2": 41.9227104187, "max": 60, "mean": 22.840379715, "median": 23, "min": 0, "var": 100.927749634}, "spectral_contrast_coeffs": {"dmean": [0.0490906313062, 0.0444386601448, 0.0385432653129, 0.032973933965, 0.0237579960376, 0.0197893232107], "dmean2": [0.0797602236271, 0.0728192999959, 0.0607662983239, 0.0531768612564, 0.0376532711089, 0.0310514643788], "dvar": [0.00167190027423, 0.0013131868327, 0.00104928540532, 0.000771848252043, 0.000422601238824, 0.000375196308596], "dvar2": [0.00429831258953, 0.00340763223357, 0.00244447495788, 0.00197213608772, 0.000978309428319, 0.000888475566171], "max": [-0.322842657566, -0.440957158804, -0.413558840752, -0.524472534657, -0.565027356148, -0.590410530567], "mean": [-0.641865551472, -0.729153454304, -0.725408196449, -0.740814805031, -0.763045966625, -0.734992086887], "median": [-0.646852374077, -0.733193039894, -0.72821187973, -0.742618262768, -0.767030715942, -0.731398224831], "min": [-0.951163709164, -0.969542741776, -0.969586908817, -0.968793690205, -0.964855074883, -0.957080304623], "var": [0.00676527433097, 0.00435915309936, 0.00484819104895, 0.00330724753439, 0.00281885988079, 0.00169710686896]}, "spectral_contrast_valleys": {"dmean": [0.405453503132, 0.354167282581, 0.329801231623, 0.312309890985, 0.293093413115, 0.32778403163], "dmean2": [0.64158308506, 0.562409043312, 0.511725962162, 0.468067288399, 0.413186430931, 0.412578672171], "dvar": [0.145357087255, 0.113178290427, 0.102344080806, 0.107676491141, 0.109012834728, 0.136162549257], "dvar2": [0.296495109797, 0.241767019033, 0.203948259354, 0.197858646512, 0.189993545413, 0.211682349443], "max": [-5.17685985565, -4.5685210228, -5.38735055923, -5.55139160156, -5.588514328, -7.48127317429], "mean": [-7.3545217514, -6.73712778091, -7.37591457367, -7.57919645309, -7.49647140503, -10.8347215652], "median": [-7.05874681473, -6.58520746231, -7.20743465424, -7.42793226242, -7.32792663574, -10.7374410629], "min": [-27.6837539673, -27.7260608673, -27.3423290253, -27.3764533997, -27.2862358093, -27.3788871765], "var": [1.43336308002, 1.09248816967, 1.11681520939, 1.13619422913, 1.1848641634, 1.11388528347]}, "spectral_decrease": {"dmean": 1.90334903394e-09, "dmean2": 2.9601714413e-09, "dvar": 7.27924398439e-18, "dvar2": 1.78162842174e-17, "max": 2.15454264361e-29, "mean": -6.37002850468e-09, "median": -5.9838440869e-09, "min": -3.79202411693e-08, "var": 1.60815078019e-17}, "spectral_energy": {"dmean": 0.00765773234889, "dmean2": 0.0118694733828, "dvar": 0.000113369394967, "dvar2": 0.000275055877864, "max": 0.145989790559, "mean": 0.0260668527335, "median": 0.0246954634786, "min": 1.04872551077e-20, "var": 0.00025709476904}, "spectral_energyband_high": {"dmean": 0.000305350898998, "dmean2": 0.000448987411801, "dvar": 5.02465127283e-07, "dvar2": 1.11662393465e-06, "max": 0.016059178859, "mean": 0.000530340068508, "median": 0.000216492640902, "min": 7.52803423773e-21, "var": 8.55714233694e-07}, "spectral_energyband_low": {"dmean": 0.00391865801066, "dmean2": 0.00638101110235, "dvar": 5.62709319638e-05, "dvar2": 0.000147268961882, "max": 0.112124316394, "mean": 0.00805905461311, "median": 0.00494872266427, "min": 1.0124407465e-22, "var": 9.74447902991e-05}, "spectral_energyband_middle_high": {"dmean": 0.00265287002549, "dmean2": 0.00406515877694, "dvar": 1.5394311049e-05, "dvar2": 3.55472548108e-05, "max": 0.0518893525004, "mean": 0.00829292833805, "median": 0.0066619287245, "min": 1.53714048307e-21, "var": 4.69243641419e-05}, "spectral_energyband_middle_low": {"dmean": 0.0042060110718, "dmean2": 0.0067192139104, "dvar": 3.88585976907e-05, "dvar2": 0.000100439458038, "max": 0.0959521383047, "mean": 0.0106579018757, "median": 0.00850730855018, "min": 3.12482799226e-22, "var": 7.51000261516e-05}, "spectral_entropy": {"dmean": 0.142911061645, "dmean2": 0.202683001757, "dvar": 0.0213145390153, "dvar2": 0.0409032590687, "max": 9.7890996933, "mean": 7.46068906784, "median": 7.45776748657, "min": 5.48480415344, "var": 0.119356811047}, "spectral_flux": {"dmean": 0.0226170942187, "dmean2": 0.0338469259441, "dvar": 0.000669554283377, "dvar2": 0.00130359490868, "max": 0.308933526278, "mean": 0.07933511585, "median": 0.0734303444624, "min": 4.98222789247e-07, "var": 0.00187807262409}, "spectral_kurtosis": {"dmean": 2.22271084785, "dmean2": 3.79036474228, "dvar": 5.39742898941, "dvar2": 15.315328598, "max": 57.5484352112, "mean": 5.6915230751, "median": 4.88859367371, "min": -1.24290692806, "var": 14.2335739136}, "spectral_rms": {"dmean": 0.000689385225996, "dmean2": 0.00103775132447, "dvar": 6.63584785343e-07, "dvar2": 1.48786216414e-06, "max": 0.0119343651459, "mean": 0.00474284589291, "median": 0.00490847602487, "min": 3.19866659201e-12, "var": 2.93658376904e-06}, "spectral_rolloff": {"dmean": 385.677734375, "dmean2": 629.700134277, "dvar": 393176.5625, "dvar2": 790752.375, "max": 19099.9511719, "mean": 1711.72070313, "median": 1658.05664063, "min": 21.533203125, "var": 1438801.125}, "spectral_skewness": {"dmean": 0.247994706035, "dmean2": 0.4101369977, "dvar": 0.054066054523, "dvar2": 0.142133161426, "max": 5.87351465225, "mean": 1.47471010685, "median": 1.42233622074, "min": -0.0215025730431, "var": 0.195816218853}, "spectral_spread": {"dmean": 350745.5625, "dmean2": 507243.0625, "dvar": 374809395200, "dvar2": 557714178048, "max": 41897236, "mean": 3286483.25, "median": 3062216.75, "min": 1301802.625, "var": 1670515523580.0}, "spectral_strongpeak": {"dmean": 0.63566327095, "dmean2": 1.08861923218, "dvar": 1.05079972744, "dvar2": 2.543336