{"lowlevel": {"average_loudness": 0.909677088261, "barkbands": {"dmean": [0.000160439958563, 0.00541597465053, 0.00248415302485, 0.00218220520765, 0.00325919641182, 0.00135250447784, 0.000792006729171, 0.000602621235885, 0.000516157306265, 0.000510168145411, 0.000496963330079, 0.00048688944662, 0.00056733598467, 0.000306131318212, 0.000268721836619, 0.000184102260391, 0.000182738702279, 0.000136916060001, 7.83925861469e-05, 3.88200642192e-05, 3.01944855892e-05, 2.93975808745e-05, 3.18402380799e-05, 5.058894385e-05, 0.000249479257036, 0.00123335176613, 0.000815163890366], "dmean2": [0.000235175728449, 0.00806524325162, 0.00401171203703, 0.00353007297963, 0.00558574777097, 0.0022682142444, 0.00124804896768, 0.000932337483391, 0.000773376435973, 0.000884573091753, 0.000821031571832, 0.000780331902206, 0.000949355773628, 0.00047974177869, 0.000421531382017, 0.000289311516099, 0.000289706193144, 0.000214929023059, 0.000123148027342, 6.13152369624e-05, 4.58663271274e-05, 4.4063974201e-05, 4.78673609905e-05, 7.40741961636e-05, 0.000383760081604, 0.00190180563368, 0.0012425732566], "dvar": [1.56831532649e-07, 0.00012471115042, 2.78742900264e-05, 1.75426630449e-05, 5.60880325793e-05, 8.54122117744e-06, 3.54147096004e-06, 2.1216260393e-06, 1.34888546199e-06, 3.93892332795e-06, 2.69418774224e-06, 1.81625216555e-06, 4.25804728366e-06, 1.11877216113e-06, 3.47775909404e-07, 1.69393075566e-07, 2.99708233342e-07, 1.14604432611e-07, 3.29741141059e-08, 8.30037194532e-09, 4.15813206089e-09, 4.40912462096e-09, 5.61828317203e-09, 1.48985828119e-08, 2.75512519465e-07, 6.76165973346e-06, 3.16891623697e-06], "dvar2": [3.12936492719e-07, 0.000264359056018, 6.9862267992e-05, 4.68430589535e-05, 0.000154623645358, 2.18094846787e-05, 7.90541707829e-06, 4.57553733213e-06, 2.66813435701e-06, 1.0942829249e-05, 7.27644874132e-06, 4.4349703785e-06, 1.20710483316e-05, 2.58879640569e-06, 8.59130295794e-07, 4.00634803555e-07, 7.72252349179e-07, 3.01942378655e-07, 8.18180438955e-08, 1.97229113041e-08, 9.32005939092e-09, 9.62011625916e-09, 1.20658905089e-08, 2.82857506306e-08, 6.36088600459e-07, 1.5333196643e-05, 6.91048535373e-06], "max": [0.00402949610725, 0.103698894382, 0.0695062875748, 0.0696934759617, 0.0896652117372, 0.0555777288973, 0.0807734727859, 0.0406787544489, 0.054182972759, 0.0386905521154, 0.0338050238788, 0.035177949816, 0.057222828269, 0.045078150928, 0.0130816157907, 0.0140274083242, 0.0158033259213, 0.007532723248, 0.00458336714655, 0.00302781630307, 0.00199030572549, 0.00172790081706, 0.00337570626289, 0.00593553623185, 0.00649430975318, 0.025741847232, 0.0248678922653], "mean": [0.000210243393667, 0.00881064124405, 0.00409193243831, 0.00381411588751, 0.00437624659389, 0.00176466768607, 0.00132589763962, 0.00084261567099, 0.000842580164317, 0.000493645959068, 0.000648870423902, 0.000623845437076, 0.000741912750527, 0.000438401126303, 0.000405964674428, 0.000290136347758, 0.000289838993922, 0.000237797285081, 0.000135986396344, 6.35069955024e-05, 4.95341191709e-05, 4.38866882178e-05, 4.46195408585e-05, 7.57117450121e-05, 0.000293946446618, 0.0012278854847, 0.000862599350512], "median": [1.81727264135e-05, 0.00425315601751, 0.00137926382013, 0.00184585305396, 0.00202460377477, 0.000746641017031, 0.000235470521147, 0.000130483618705, 0.000211373626371, 0.000118842464872, 0.000106526480522, 0.000108471853309, 9.02167448658e-05, 7.14567358955e-05, 0.000134603789775, 9.47401640587e-05, 7.38718081266e-05, 6.71313609928e-05, 4.51937012258e-05, 2.14780229726e-05, 1.19563846965e-05, 8.59280407894e-06, 7.06073933543e-06, 8.39613494463e-06, 1.22554847621e-05, 1.08422418634e-05, 6.81046412865e-06], "min": [1.22759867721e-23, 2.41868824063e-23, 1.15430308615e-23, 1.52695482466e-23, 7.83930903217e-23, 1.35944664854e-22, 6.80956976508e-23, 6.42976416256e-23, 7.28993241382e-23, 7.2721969274e-23, 1.16521621946e-22, 8.13900360095e-23, 5.99653626846e-23, 7.9389251251e-23, 1.0230588774e-22, 1.35301408739e-22, 3.74462451968e-22, 3.37814549153e-22, 1.25875316094e-22, 2.64251994942e-22, 3.33762454673e-22, 3.3843541424e-22, 8.53579710218e-22, 6.78695230251e-22, 1.34316703332e-21, 1.48206945957e-21, 2.29360502924e-21], "var": [2.05489527616e-07, 0.000188752805116, 4.42674390797e-05, 2.82527162199e-05, 5.0154303608e-05, 9.29008001549e-06, 1.02407457234e-05, 5.5793248066e-06, 4.81346796732e-06, 2.79952291748e-06, 3.68364317183e-06, 3.16720661431e-06, 6.66944379191e-06, 1.96924406737e-06, 5.82456891607e-07, 4.07224092669e-07, 5.36704931164e-07, 2.50315196126e-07, 8.35390139287e-08, 1.92469080673e-08, 8.79100081619e-09, 8.44091196939e-09, 1.00202832698e-08, 4.12088212443e-08, 3.85413159165e-07, 7.90702142694e-06, 4.25847929364e-06]}, "barkbands_crest": {"dmean": 2.75255179405, "dmean2": 4.37814092636, "dvar": 7.39480829239, "dvar2": 16.5813884735, "max": 25.9869289398, "mean": 10.257481575, "median": 9.26877593994, "min": 2.49845433235, "var": 18.8815803528}, "barkbands_flatness_db": {"dmean": 0.030762385577, "dmean2": 0.0424151495099, "dvar": 0.00100553128868, "dvar2": 0.00189084548037, "max": 0.429943054914, "mean": 0.163545578718, "median": 0.153950214386, "min": 0.0281616803259, "var": 0.00457881018519}, "barkbands_kurtosis": {"dmean": 7.14106559753, "dmean2": 11.047826767, "dvar": 357.126068115, "dvar2": 850.149230957, "max": 682.323608398, "mean": 8.67310714722, "median": 2.07734727859, "min": -1.95692932606, "var": 474.907104492}, "barkbands_skewness": {"dmean": 0.898925185204, "dmean2": 1.31014800072, "dvar": 1.04863369465, "dvar2": 2.25258755684, "max": 22.5599060059, "mean": 1.93104600906, "median": 1.58644998074, "min": -4.57122755051, "var": 3.09444785118}, "barkbands_spread": {"dmean": 14.6286439896, "dmean2": 21.3970222473, "dvar": 406.04309082, "dvar2": 763.605529785, "max": 136.181259155, "mean": 31.4752044678, "median": 19.6998653412, "min": 0.29801517725, "var": 927.618103027}, "dissonance": {"dmean": 0.0233085360378, "dmean2": 0.0387800820172, "dvar": 0.000480098009575, "dvar2": 0.0012753480114, "max": 0.500000059605, "mean": 0.451005190611, "median": 0.457844555378, "min": 0.217805787921, "var": 0.00108692690264}, "dynamic_complexity": 4.0205540657, "erbbands": {"dmean": [0.180508896708, 1.19999504089, 2.24051713943, 5.57839632034, 7.70607376099, 12.7721576691, 11.978012085, 12.4092102051, 11.0666303635, 11.4293804169, 13.1751146317, 12.715303421, 12.3407640457, 19.3329124451, 16.6236343384, 19.7718734741, 23.2008323669, 17.3154659271, 15.4474582672, 9.72168636322, 9.44407272339, 11.3557281494, 6.94788074493, 5.8363275528, 3.21896076202, 1.63540315628, 1.2353965044, 1.23190200329, 1.08810329437, 1.09127151966, 0.838955700397, 0.893615543842, 1.01868700981, 1.16719722748, 2.9450237751, 4.54991292953, 2.38215565681, 0.707662343979, 0.14331625402, 0.00797747354954], "dmean2": [0.259222567081, 1.86800372601, 3.57204127312, 9.0620059967, 12.6264877319, 22.0918292999, 20.9316043854, 20.4101982117, 17.9348831177, 17.5587482452, 20.7317047119, 19.0601463318, 20.6794281006, 33.293712616, 27.1532802582, 31.6273822784, 38.1851272583, 27.8278141022, 23.5838470459, 15.0697507858, 14.8698196411, 17.883228302, 10.9036426544, 9.00333976746, 5.06015205383, 2.56015777588, 1.87875545025, 1.88549029827, 1.63915264606, 1.65613782406, 1.25704932213, 1.32791805267, 1.49918210506, 1.7537599802, 4.57235956192, 7.1314997673, 3.68392062187, 1.08216977119, 0.219203338027, 0.0120991664007], "dvar": [0.169389799237, 5.72882080078, 20.5557727814, 121.092514038, 213.167160034, 962.121276855, 948.383789063, 860.285217285, 563.740722656, 1005.35992432, 1062.85742188, 899.676513672, 1609.44567871, 8203.24511719, 2071.40185547, 3106.61791992, 5200.046875, 3018.87866211, 2275.89404297, 391.504943848, 418.941741943, 1384.71264648, 392.326629639, 176.937728882, 68.9481048584, 14.3624649048, 6.92696619034, 8.26240348816, 5.95460557938, 5.46892356873, 4.57694959641, 4.56865882874, 6.41589212418, 6.46605062485, 39.3910903931, 94.9211196899, 25.5723686218, 2.30895113945, 0.100212357938, 0.000304184155539], "dvar2": [0.326937109232, 13.3894538879, 50.9517936707, 317.624938965, 569.514587402, 2694.61791992, 2600.81445313, 2117.8515625, 1345.55786133, 2081.44628906, 2402.10351563, 1730.71606445, 4252.50732422, 23389.140625, 5244.77441406, 7768.29248047, 14260.2568359, 7812.48486328, 4993.70117188, 959.526672363, 998.789916992, 3558.64746094, 1049.96728516, 439.317749023, 175.949005127, 33.3578987122, 15.3130426407, 19.3954315186, 13.0370264053, 12.3065633774, 9.93621730804, 9.71301269531, 12.2531023026, 14.4396867752, 91.7526855469, 222.317565918, 57.9483985901, 5.05937194824, 0.220379412174, 0.000667141692247], "max": [3.57212877274, 24.0168533325, 61.7906951904, 167.088226318, 274.832946777, 389.816619873, 368.645477295, 623.800048828, 560.877807617, 1523.35424805, 797.709472656, 1735.41625977, 926.669799805, 1826.98486328, 1500.90148926, 1277.38696289, 1792.59643555, 1277.0526123, 2256.84667969, 536.08026123, 524.9765625, 1103.34033203, 500.368865967, 370.171905518, 263.055328369, 141.629776001, 84.3514862061, 87.5419311523, 60.4727058411, 65.4742126465, 101.786560059, 85.3389587402, 149.224731445, 105.673500061, 80.6965942383, 95.3827514648, 49.2395133972, 19.8471641541, 4.868745327, 0.219687744975], "mean": [0.242480963469, 1.98503017426, 4.33776521683, 9.60814380646, 12.7793426514, 16.1030597687, 14.5826759338, 16.2557315826, 17.4601554871, 20.2911262512, 19.1050739288, 20.4587554932, 14.2026109695, 21.4142913818, 23.3664264679, 27.8039455414, 32.5040855408, 24.3511886597, 24.9561977386, 16.7481136322, 16.0715045929, 18.7478847504, 12.2735099792, 10.7912826538, 5.57224273682, 2.75538420677, 2.06410527229, 1.95062756538, 1.61707544327, 1.49282193184, 1.22625315189, 1.29407858849, 1.52440333366, 1.65585696697, 3.20038032532, 4.30445766449, 2.36776590347, 0.743777632713, 0.151658073068, 0.00848168320954], "median": [0.0734810531139, 1.08831298351, 2.28692579269, 5.04708337784, 6.38526964188, 5.89670991898, 5.3095164299, 6.59560585022, 4.45102405548, 3.37718701363, 3.29631447792, 5.22488117218, 4.00995969772, 4.4918680191, 4.02957868576, 5.30112695694, 5.21427965164, 4.62934827805, 7.49807882309, 6.5018119812, 5.79990673065, 4.55494976044, 3.46911072731, 3.76298475266, 1.77321064472, 0.990322589874, 0.557578384876, 0.439878582954, 0.311681389809, 0.278354942799, 0.187186896801, 0.176275879145, 0.143310457468, 0.120475791395, 0.0843960568309, 0.0492943413556, 0.0182939097285, 0.00596795557067, 0.00117063580547, 0.000119089505461], "min": [4.90505380495e-22, 6.05636158624e-21, 1.44380143083e-20, 4.11378922919e-20, 2.7379687969e-20, 2.219751323e-19, 1.20838183476e-18, 9.81845292525e-19, 7.71231356691e-19, 9.12119240163e-19, 1.93488236586e-18, 1.81867341596e-18, 2.64077824148e-18, 1.54120364109e-18, 6.08795211467e-18, 2.75341749344e-18, 2.29498986206e-18, 3.9882906145e-18, 5.56564752844e-18, 4.76559471766e-18, 1.12636596713e-17, 2.1029889169e-17, 1.8348123301e-17, 1.10923472577e-17, 8.47040970906e-18, 1.27296602904e-17, 1.20251762053e-17, 1.39035147792e-17, 1.28988997894e-17, 2.30965122483e-17, 2.10605808784e-17, 1.24252876035e-17, 1.36397798214e-17, 1.05013953661e-17, 1.15647360435e-17, 5.59956606945e-18, 2.8905342605e-18, 1.12515423025e-18, 3.42877556691e-19, 3.41903829401e-20], "var": [0.247343584895, 8.01236820221, 36.0005989075, 172.760421753, 302.037445068, 821.896850586, 781.581176758, 972.679870605, 1194.42419434, 3407.77368164, 2327.61254883, 3278.24804688, 1423.62585449, 6037.18994141, 4195.17333984, 6188.59472656, 8811.29492188, 4808.85888672, 4765.86572266, 870.36340332, 939.037109375, 2567.90258789, 818.81036377, 424.062652588, 165.298156738, 32.9137039185, 15.2403497696, 15.5450668335, 11.5850753784, 8.80468940735, 8.52024936676, 9.15495204926, 18.5235710144, 13.4217891693, 48.5729866028, 100.953788757, 30.004776001, 3.03596425056, 0.135286480188, 0.000405361381127]}, "erbbands_crest": {"dmean": 2.58321976662, "dmean2": 4.14957427979, "dvar": 5.87872314453, "dvar2": 14.342499733, "max": 28.5210113525, "mean": 8.86290740967, "median": 8.00901126862, "min": 2.02245616913, "var": 15.680768013}, "erbbands_flatness_db": {"dmean": 0.0307774096727, "dmean2": 0.0379495844245, "dvar": 0.000941178528592, "dvar2": 0.001401911024, "max": 0.327529519796, "mean": 0.140541508794, "median": 0.14245480299, "min": 0.0200913567096, "var": 0.00429508695379}, "erbbands_kurtosis": {"dmean": 1.42178368568, "dmean2": 2.25294423103, "dvar": 7.5980553627, "dvar2": 16.2056369781, "max": 61.2008209229, "mean": 0.985457181931, "median": -0.130558177829, "min": -1.86572158337, "var": 20.113702774}, "erbbands_skewness": {"dmean": 0.482408314943, "dmean2": 0.723982930183, "dvar": 0.223664656281, "dvar2": 0.476402789354, "max": 6.43312168121, "mean": 0.416001290083, "median": 0.319984942675, "min": -3.2865986824, "var": 0.964627683163}, "erbbands_spread": {"dmean": 17.1310958862, "dmean2": 24.4484596252, "dvar": 514.081054688, "dvar2": 900.001586914, "max": 230.528625488, "mean": 50.4128112793, "median": 38.6261062622, "min": 2.81669998169, "var": 1392.09851074}, "gfcc": {"cov": [[19430.8105469, -1653.83288574, 749.066467285, -540.984924316, -276.751464844, -106.88079834, -373.144104004, 11.1209716797, -261.963348389, 278.688720703, -104.004066467, 289.135498047, -234.710174561], [-1653.83288574, 3314.17358398, -1415.10107422, 516.702453613, 399.390106201, -143.018920898, 130.718276978, -54.0223922729, 158.10987854, -219.812561035, 211.042510986, -182.391571045, 107.794372559], [749.066467285, -1415.10107422, 2299.37573242, -41.8252716064, 55.7118606567, 270.327819824, 49.5662994385, 84.0331726074, -101.332168579, 108.025123596, -168.822265625, 142.781845093, -50.9392662048], [-540.984924316, 516.702453613, -41.8252716064, 677.339599609, 133.805999756, 60.6788330078, -0.0671315565705, -39.5111999512, 93.8440246582, -56.9552497864, 38.3368721008, -70.334022522, 55.8182449341], [-276.751464844, 399.390106201, 55.7118606567, 133.805999756, 473.132293701, -27.2358493805, -11.313284874, 33.3834571838, 30.3278980255, -9.4187335968, -20.3940048218, -7.79833889008, 34.993976593], [-106.88079834, -143.018920898, 270.327819824, 60.6788330078, -27.2358493805, 242.389419556, 131.398193359, 35.4641265869, -5.4441819191, 15.3072757721, 5.66080904007, 21.685251236, -8.42514228821], [-373.144104004, 130.718276978, 49.5662994385, -0.0671315565705, -11.313284874, 131.398193359, 236.431411743, 65.0020675659, 1.15952157974, -4.80174970627, 23.0184116364, 12.9380788803, -9.51497745514], [11.1209716797, -54.0223922729, 84.0331726074, -39.5111999512, 33.3834571838, 35.4641265869, 65.0020675659, 152.002212524, 35.7690086365, 30.9788017273, -5.75109052658, 12.4456005096, -13.9770040512], [-261.963348389, 158.10987854, -101.332168579, 93.8440246582, 30.3278980255, -5.4441819191, 1.15952157974, 35.7690086365, 115.96056366, 25.1501197815, 16.8787441254, -31.73087883, 11.6763944626], [278.688720703, -219.812561035, 108.025123596, -56.9552497864, -9.4187335968, 15.3072757721, -4.80174970627, 30.9788017273, 25.1501197815, 102.05657196, 11.801027298, 14.6320505142, -20.0098228455], [-104.004066467, 211.042510986, -168.822265625, 38.3368721008, -20.3940048218, 5.66080904007, 23.0184116364, -5.75109052658, 16.8787441254, 11.801027298, 88.2206344604, 8.51401901245, 0.628308534622], [289.135498047, -182.391571045, 142.781845093, -70.334022522, -7.79833889008, 21.685251236, 12.9380788803, 12.4456005096, -31.73087883, 14.6320505142, 8.51401901245, 87.103515625, 10.1203660965], [-234.710174561, 107.794372559, -50.9392662048, 55.8182449341, 34.993976593, -8.42514228821, -9.51497745514, -13.9770040512, 11.6763944626, -20.0098228455, 0.628308534622, 10.1203660965, 72.8973846436]], "icov": [[6.34274329059e-05, -1.97364097403e-05, 1.32055965878e-05, -3.23183885484e-05, 4.02991427109e-05, -5.66585185879e-06, 0.00012461974984, -2.95935515169e-05, 0.000127697145217, -0.000196729437448, 0.00016298967239, -0.00027077019331, 0.000219701454625], [-1.97364097403e-05, 0.000826188945211, 0.000190568855032, -7.75313674239e-05, -0.000678879849147, 0.000378085765988, -0.000678502197843, 0.000126580765937, -0.000470246362966, 0.00146869779564, -0.0018124593189, 0.00116025470197, -0.000454400200397], [1.32055965878e-05, 0.000190568855032, 0.000862088869326, -0.000334888754878, -0.00022690622427, -0.0006617809413, 4.44672732556e-05, -8.42895897222e-05, 0.000407085521147, -0.000615029130131, 0.00143750896677, -0.00113155017607, 0.000552319455892], [-3.23183885484e-05, -7.75313674239e-05, -0.000334888754878, 0.00256363372318, -0.000530655088369, -0.0011046777945, 0.000511954654939, 0.000730923842639, -0.00194401899353, 0.00177848758176, -0.0017882254906, 0.00193051388487, -0.0013054254232], [4.02991427109e-05, -0.000678879849147, -0.00022690622427, -0.000530655088369, 0.00303404498845, 0.000342732964782, 0.000491619401146, -0.000909628346562, 0.00047590379836, -0.00140016467776, 0.0021671524737, -0.00111727335025, -0.000469843042083], [-5.66585185879e-06, 0.000378085765988, -0.0006617809413, -0.0011046777945, 0.000342732964782, 0.00779267353937, -0.00436091283336, 0.000147053186083, 0.000339221733157, -0.000486434844788, -0.000973497226369, 4.252022336e-05, -0.00018417208048], [0.00012461974984, -0.000678502197843, 4.44672732556e-05, 0.000511954654939, 0.000491619401146, -0.00436091283336, 0.00818237662315, -0.00289890030399, 0.000875938276295, 0.000574497855268, -0.0004514909524, -0.001012270106, 0.000977608957328], [-2.95935515169e-05, 0.000126580765937, -8.42895897222e-05, 0.000730923842639, -0.000909628346562, 0.000147053186083, -0.00289890030399, 0.00983375217766, -0.00435445085168, -0.000873847980984, 0.00147115834989, -0.0017878144281, 0.00175285397563], [0.000127697145217, -0.000470246362966, 0.000407085521147, -0.00194401899353, 0.00047590379836, 0.000339221733157, 0.000875938276295, -0.00435445085168, 0.0154237207025, -0.00642233155668, 3.41740960721e-05, 0.00382353831083, -0.00279479939491], [-0.000196729437448, 0.00146869779564, -0.000615029130131, 0.00177848758176, -0.00140016467776, -0.000486434844788, 0.000574497855268, -0.000873847980984, -0.00642233155668, 0.0179786216468, -0.00751623837277, 0.00137799268123, 0.0017637682613], [0.00016298967239, -0.0018124593189, 0.00143750896677, -0.0017882254906, 0.0021671524737, -0.000973497226369, -0.0004514909524, 0.00147115834989, 3.41740960721e-05, -0.00751623837277, 0.0220237784088, -0.00914631225169, 0.00366028910503], [-0.00027077019331, 0.00116025470197, -0.00113155017607, 0.00193051388487, -0.00111727335025, 4.252022336e-05, -0.001012270106, -0.0017878144281, 0.00382353831083, 0.00137799268123, -0.00914631225169, 0.0214945487678, -0.00792952161282], [0.000219701454625, -0.000454400200397, 0.000552319455892, -0.0013054254232, -0.000469843042083, -0.00018417208048, 0.000977608957328, 0.00175285397563, -0.00279479939491, 0.0017637682613, 0.00366028910503, -0.00792952161282, 0.0191518068314]], "mean": [-30.5613021851, 85.7429580688, -72.9136657715, 3.84646892548, -19.4020080566, -0.0495912581682, -33.4464225769, 4.71497344971, -24.2960319519, 0.0373341739178, -16.2830028534, 1.23772478104, -13.1978034973]}, "hfc": {"dmean": 37.2377967834, "dmean2": 55.6996459961, "dvar": 5249.83935547, "dvar2": 11444.3974609, "max": 836.71307373, "mean": 48.6334342957, "median": 14.3972845078, "min": 1.15194601472e-16, "var": 7195.14990234}, "melbands": {"dmean": [0.00155335059389, 0.00121436093468, 0.000995280919597, 0.000685356440954, 0.000475977867609, 0.00026753405109, 0.000164515513461, 0.000123138495837, 0.000105658975372, 7.82563292887e-05, 6.23102387181e-05, 7.92199934949e-05, 5.89342926105e-05, 4.53446991742e-05, 6.76663039485e-05, 5.12982041982e-05, 3.15474317176e-05, 2.65254111582e-05, 1.85896897165e-05, 1.31936258185e-05, 1.02739522845e-05, 1.41040136441e-05, 5.96322297497e-06, 6.20672835794e-06, 4.99871839565e-06, 3.02316152556e-06, 1.77886613528e-06, 1.06401978428e-06, 8.07653123047e-07, 8.06323782854e-07, 6.94315076544e-07, 6.56026600154e-07, 5.66150561099e-07, 6.76038155234e-07, 5.0676050023e-07, 4.70773869665e-07, 5.78415210839e-07, 6.66360392643e-07, 9.01591079128e-07, 9.50429807745e-07], "dmean2": [0.00226278277114, 0.00190103484783, 0.00159437686671, 0.00116208835971, 0.000829839671496, 0.000442218559328, 0.000265869690338, 0.000189273676369, 0.000165307093994, 0.000117159695947, 0.000105089886347, 0.000136787028168, 9.672948363e-05, 7.25969439372e-05, 0.000109311040433, 8.53214296512e-05, 5.06351389049e-05, 4.03493068006e-05, 2.96013477055e-05, 2.05478136195e-05, 1.63660552062e-05, 2.23726074182e-05, 9.53632843448e-06, 9.70115524979e-06, 7.80117989052e-06, 4.77880894323e-06, 2.84118914351e-06, 1.69356223978e-06, 1.25532449147e-06, 1.2386680055e-06, 1.0656917766e-06, 1.00295733318e-06, 8.66901814334e-07, 1.04114644728e-06, 7.74422289851e-07, 7.0407355679e-07, 8.76519891335e-07, 1.00701402062e-06, 1.3604239939e-06, 1.44204807384e-06], "dvar": [1.1179708963e-05, 4.89267085868e-06, 3.35813660968e-06, 1.98498105419e-06, 1.63216429883e-06, 3.61627115808e-07, 1.27485833445e-07, 1.01146717668e-07, 6.28250234058e-08, 3.58680374291e-08, 4.24472226257e-08, 1.38508596592e-07, 3.14297849968e-08, 1.87962303499e-08, 6.44533741934e-08, 4.72587373679e-08, 9.73581748553e-09, 9.33733712571e-09, 1.71876546329e-09, 1.00295072247e-09, 4.97937635568e-10, 2.24216512024e-09, 2.72041222882e-10, 1.91208271438e-10, 1.39505920704e-10, 8.30363347526e-11, 1.74562378441e-11, 7.61593999671e-12, 3.21022982502e-12, 3.36818311956e-12, 3.07909730698e-12, 2.33089936241e-12, 1.70259845719e-12, 2.14339787238e-12, 1.96468817777e-12, 1.29369843831e-12, 2.11204426344e-12, 3.0612667349e-12, 5.70936310382e-12, 4.16133403777e-12], "dvar2": [2.24416980927e-05, 1.14642652989e-05, 8.65654692461e-06, 5.46892715647e-06, 4.4823659664e-06, 9.01642010831e-07, 3.01436756445e-07, 2.13360962675e-07, 1.39878991945e-07, 6.84560319542e-08, 1.12341489e-07, 3.95381590579e-07, 8.23863359756e-08, 4.65266829508e-08, 1.72621099637e-07, 1.35040707505e-07, 2.42329090128e-08, 2.01572998293e-08, 4.51275683488e-09, 2.39362374366e-09, 1.2132924665e-09, 5.76294523214e-09, 7.3672945522e-10, 4.8144971343e-10, 3.54523105317e-10, 2.17353482435e-10, 4.412533533e-11, 1.83115762137e-11, 7.39268108535e-12, 7.69536691314e-12, 7.52556350569e-12, 5.2023463662e-12, 3.90544888096e-12, 4.95423493896e-12, 4.60731756566e-12, 2.67538270184e-12, 4.78681981206e-12, 5.84553195779e-12, 1.36744643386e-11, 9.36822841524e-12], "max": [0.0296907853335, 0.0287071466446, 0.0284512955695, 0.0167630296201, 0.0167111326009, 0.0128514543176, 0.0102977594361, 0.0132857905701, 0.00755455484614, 0.0106616327539, 0.00469078915194, 0.00772188510746, 0.00542291207239, 0.00536225084215, 0.00700797187164, 0.0070651373826, 0.0026159263216, 0.005037618801, 0.000671386776958, 0.00127373926807, 0.000512986909598, 0.00141606642865, 0.000398645439418, 0.000285582005745, 0.000323176995153, 0.000281740707578, 0.00010628785094, 0.000114799913717, 6.23693631496e-05, 5.78430845053e-05, 6.40321886749e-05, 3.73371985916e-05, 3.12467054755e-05, 4.95301101182e-05, 7.67110323068e-05, 4.98865992995e-05, 5.57186212973e-05, 9.13708427106e-05, 0.000134956862894, 7.11414249963e-05], "mean": [0.00232560420409, 0.00250814529136, 0.001833629678, 0.000999693293124, 0.000593105331063, 0.000356523494702, 0.000264219532255, 0.000210511134355, 0.000155174406245, 0.000124441998196, 6.79161457811e-05, 8.38884297991e-05, 7.99820118118e-05, 5.83893379371e-05, 9.23275874811e-05, 6.60345394863e-05, 4.20310316258e-05, 4.10950706282e-05, 2.86495123873e-05, 2.10129473999e-05, 1.61797870533e-05, 2.18960467464e-05, 9.83599966276e-06, 1.10065302579e-05, 8.60212821863e-06, 4.76825198348e-06, 2.83378381027e-06, 1.58611271672e-06, 1.25891722291e-06, 1.26766929043e-06, 1.04629509678e-06, 9.43831423683e-07, 7.81565915986e-07, 8.6429372459e-07, 7.07760079877e-07, 6.71347891057e-07, 8.05906154255e-07, 9.54110078055e-07, 1.31396200231e-06, 1.31613910526e-06], "median": [0.000941595935728, 0.00155311729759, 0.000996968359686, 0.000506364624016, 0.000215104097151, 0.000150428313646, 6.34638199699e-05, 2.77362050838e-05, 2.35943316511e-05, 3.08687631332e-05, 1.73184380401e-05, 1.63548284036e-05, 1.26533468574e-05, 1.08416506919e-05, 1.3420486539e-05, 7.43441069062e-06, 6.51585969536e-06, 1.00351880974e-05, 9.86987652141e-06, 6.39288327875e-06, 5.83224573347e-06, 4.67700010631e-06, 2.435256647e-06, 3.39527150572e-06, 2.86688236883e-06, 1.23885649828e-06, 9.03405691588e-07, 4.93456639106e-07, 3.38412490919e-07, 2.67039382607e-07, 2.29594675716e-07, 1.67315803878e-07, 1.48019026369e-07, 1.47115684968e-07, 9.97040814354e-08, 1.04409963342e-07, 9.75098828349e-08, 8.26459327641e-08, 1.07772002877e-07, 9.24715735096e-08], "min": [6.55079522583e-24, 8.26495960173e-24, 6.13173850791e-24, 5.16319165456e-24, 3.62184784922e-23, 2.16386423791e-23, 1.3809100076e-23, 9.59597699698e-24, 1.58437364337e-23, 1.09814762818e-23, 1.34337931895e-23, 5.4419108063e-24, 1.91719405928e-23, 1.01622805193e-23, 6.05385308745e-24, 5.85325246457e-24, 7.45921943972e-24, 8.59639241131e-24, 8.12310742262e-24, 4.79150721729e-24, 1.58002528429e-23, 2.28928791536e-23, 1.87124480482e-23, 1.43903501459e-23, 8.43166168823e-24, 4.84101178897e-24, 8.28766144086e-24, 8.17649200666e-24, 6.70069418061e-24, 8.57948791098e-24, 8.00961400418e-24, 7.17078743809e-24, 6.71744721966e-24, 1.60271623714e-23, 1.24856155136e-23, 8.50840681025e-24, 7.74749998007e-24, 9.5261501851e-24, 9.95604861287e-24, 8.30855994397e-24], "var": [1.67896378116e-05, 9.35456046136e-06, 5.45934562979e-06, 1.99898363462e-06, 1.34386357331e-06, 4.09408073665e-07, 3.0182008004e-07, 3.52783871449e-07, 1.57532809908e-07, 1.24844049765e-07, 3.69043391402e-08, 9.89522916939e-08, 5.46184857342e-08, 3.10402548109e-08, 1.02796363421e-07, 7.14079391173e-08, 1.50802339505e-08, 1.95911127321e-08, 2.8827780163e-09, 2.56303134272e-09, 9.34718968892e-10, 3.93579480118e-09, 5.49938428129e-10, 4.6767745232e-10, 2.92220442288e-10, 1.71129568849e-10, 3.6820626409e-11, 1.53311547485e-11, 6.55753446335e-12, 6.98524007733e-12, 4.89997452335e-12, 4.43997269506e-12, 2.67491345914e-12, 3.1192982225e-12, 3.22975890824e-12, 2.3898402788e-12, 3.89822375768e-12, 8.60428481936e-12, 1.16790223326e-11, 8.37190646669e-12]}, "melbands_crest": {"dmean": 3.11188387871, "dmean2": 4.92438840866, "dvar": 9.03348731995, "dvar2": 19.7224998474, "max": 34.5237121582, "mean": 14.2535066605, "median": 13.4884634018, "min": 3.33384084702, "var": 25.6407756805}, "melbands_flatness_db": {"dmean": 0.0377415604889, "dmean2": 0.0506226345897, "dvar": 0.00149619567674, "dvar2": 0.00276087247767, "max": 0.588186919689, "mean": 0.264771014452, "median": 0.254796802998, "min": 0.00856269989163, "var": 0.00840003415942}, "melbands_kurtosis": {"dmean": 15.8111820221, "dmean2": 23.1855621338, "dvar": 827.971496582, "dvar2": 1774.56799316, "max": 582.035095215, "mean": 27.399389267, "median": 12.7589645386, "min": -1.83589959145, "var": 1681.4309082}, "melbands_skewness": {"dmean": 1.05624246597, "dmean2": 1.51413667202, "dvar": 1.36416268349, "dvar2": 2.70273685455, "max": 17.1207885742, "mean": 3.45283770561, "median": 3.02917504311, "min": -1.21224796772, "var": 5.27732896805}, "melbands_spread": {"dmean": 5.39330482483, "dmean2": 7.96300506592, "dvar": 61.9896392822, "dvar2": 113.554580688, "max": 246.408691406, "mean": 16.3714542389, "median": 12.7637748718, "min": 0.322761237621, "var": 241.537460327}, "mfcc": {"cov": [[12036.7851563, -347.770324707, 66.8196029663, -86.3745651245, -78.5185470581, -118.435874939, -140.383178711, -149.050888062, -107.322044373, -97.4328460693, 143.97895813, 59.6340026855, -16.736623764], [-347.770324707, 2277.69262695, -694.199584961, 344.362243652, 218.630828857, -3.76824402809, 101.602767944, 124.553222656, 0.402362018824, 35.9891700745, -10.2915887833, -13.342508316, 12.9857749939], [66.8196029663, -694.199584961, 1528.03137207, -23.4808769226, 51.2465553284, 186.344696045, 123.223335266, 59.5981140137, 98.1442947388, -20.6923065186, 28.857875824, 30.1097145081, 28.9010124207], [-86.3745651245, 344.362243652, -23.4808769226, 496.359954834, 280.752838135, 93.1964187622, 0.602808952332, 29.465681076, 26.276845932, 47.9181137085, -17.3974475861, -36.5150566101, -9.98205852509], [-78.5185470581, 218.630828857, 51.2465553284, 280.752838135, 402.926055908, 65.9379806519, -11.8371744156, 8.01158618927, 34.8580741882, 53.442276001, -26.9296474457, -56.0458602905, -5.35988950729], [-118.435874939, -3.76824402809, 186.344696045, 93.1964187622, 65.9379806519, 195.380905151, 84.0214691162, 42.5371170044, 26.3074321747, 4.24357175827, 11.4051437378, 13.7041015625, -2.80828809738], [-140.383178711, 101.602767944, 123.223335266, 0.602808952332, -11.8371744156, 84.0214691162, 183.558914185, 96.5364303589, 37.9537887573, -6.49593734741, 24.4311847687, 39.9850578308, 14.0459899902], [-149.050888062, 124.553222656, 59.5981140137, 29.465681076, 8.01158618927, 42.5371170044, 96.5364303589, 138.126464844, 54.4288291931, 2.75912737846, 14.6726341248, 18.9467658997, 14.9619579315], [-107.322044373, 0.402362018824, 98.1442947388, 26.276845932, 34.8580741882, 26.3074321747, 37.9537887573, 54.4288291931, 108.869178772, 46.7668380737, 11.7407493591, 2.81448793411, 13.1434907913], [-97.4328460693, 35.9891700745, -20.6923065186, 47.9181137085, 53.442276001, 4.24357175827, -6.49593734741, 2.75912737846, 46.7668380737, 104.122970581, 35.0892829895, -5.11389827728, 0.680517911911], [143.97895813, -10.2915887833, 28.857875824, -17.3974475861, -26.9296474457, 11.4051437378, 24.4311847687, 14.6726341248, 11.7407493591, 35.0892829895, 101.093269348, 55.7138175964, 2.28952002525], [59.6340026855, -13.342508316, 30.1097145081, -36.5150566101, -56.0458602905, 13.7041015625, 39.9850578308, 18.9467658997, 2.81448793411, -5.11389827728, 55.7138175964, 97.0455093384, 21.7803535461], [-16.736623764, 12.9857749939, 28.9010124207, -9.98205852509, -5.35988950729, -2.80828809738, 14.0459899902, 14.9619579315, 13.1434907913, 0.680517911911, 2.28952002525, 21.7803535461, 61.8070106506]], "icov": [[8.9032764663e-05, 6.42153418084e-06, -5.08380480824e-06, -1.68833994394e-05, -1.52991287905e-05, 4.83078256366e-05, 3.52988026862e-05, 8.09904959169e-05, -1.69266168086e-05, 0.000187698227819, -0.000248438765993, 5.09940255142e-05, -1.15832572192e-05], [6.42153418084e-06, 0.000657964672428, 0.000318769918522, -0.000349212874426, -0.00021390717302, 0.000225415045861, -0.000503238523379, -0.000427527120337, 0.00023247563513, -2.50284779213e-06, -4.37389389845e-05, 5.46649316675e-05, -0.000199459958822], [-5.08380480824e-06, 0.000318769918522, 0.000987512408756, 6.24947351753e-05, -0.000281235581497, -0.000628953042906, -0.000410494103562, 0.000126099606859, -0.000806240364909, 0.000714597699698, -0.000429191859439, 0.000235261613852, -0.000413647881942], [-1.68833994394e-05, -0.000349212874426, 6.24947351753e-05, 0.00385683891363, -0.00216310867108, -0.00144886074122, 0.000955785100814, -0.000824904069304, 0.000343645020621, -0.000743179931305, 0.00048741188948, -0.00030560255982, 0.000416277936893], [-1.52991287905e-05, -0.00021390717302, -0.000281235581497, -0.00216310867108, 0.00468950439245, -0.000586638285313, 0.000318501726724, 0.000405338505516, -0.000401519471779, -0.00129030877724, 0.000523136346601, 0.00157684495207, -0.000442986463895], [4.83078256366e-05, 0.000225415045861, -0.000628953042906, -0.00144886074122, -0.000586638285313, 0.00815769378096, -0.00358021399006, 0.000418666604673, -1.70011098817e-05, 0.000266117684077, -0.000161560194101, -0.000627357105259, 0.00128562783357], [3.52988026862e-05, -0.000503238523379, -0.000410494103562, 0.000955785100814, 0.000318501726724, -0.00358021399006, 0.0114597268403, -0.00606763223186, -0.000191183222341, 0.000532238045707, -6.2186649302e-05, -0.0023986233864, 7.34431305318e-05], [8.09904959169e-05, -0.000427527120337, 0.000126099606859, -0.000824904069304, 0.000405338505516, 0.000418666604673, -0.00606763223186, 0.014485492371, -0.00621330598369, 0.00309919030406, -0.00180850178003, 0.00103170285001, -0.00116335134953], [-1.69266168086e-05, 0.00023247563513, -0.000806240364909, 0.000343645020621, -0.000401519471779, -1.70011098817e-05, -0.000191183222341, -0.00621330598369, 0.0166408345103, -0.00838575419039, 0.0024904734455, -0.000543309608474, -0.00145618605893], [0.000187698227819, -2.50284779213e-06, 0.000714597699698, -0.000743179931305, -0.00129030877724, 0.000266117684077, 0.000532238045707, 0.00309919030406, -0.00838575419039, 0.0179999601096, -0.00930676981807, 0.00454527465627, -0.00104571203701], [-0.000248438765993, -4.37389389845e-05, -0.000429191859439, 0.00048741188948, 0.000523136346601, -0.000161560194101, -6.2186649302e-05, -0.00180850178003, 0.0024904734455, -0.00930676981807, 0.0202843341976, -0.0118753816932, 0.00371754565276], [5.09940255142e-05, 5.46649316675e-05, 0.000235261613852, -0.00030560255982, 0.00157684495207, -0.000627357105259, -0.0023986233864, 0.00103170285001, -0.000543309608474, 0.00454527465627, -0.0118753816932, 0.0203960314393, -0.00643547717482], [-1.15832572192e-05, -0.000199459958822, -0.000413647881942, 0.000416277936893, -0.000442986463895, 0.00128562783357, 7.34431305318e-05, -0.00116335134953, -0.00145618605893, -0.00104571203701, 0.00371754565276, -0.00643547717482, 0.019215028733]], "mean": [-697.95715332, 147.482543945, 5.13766908646, 21.8190059662, 22.9999217987, 3.55138683319, 5.05273294449, 2.96843290329, -1.11394846439, -2.26906347275, 0.239113643765, -4.37659978867, -1.94860100746]}, "pitch_salience": {"dmean": 0.080406293273, "dmean2": 0.124725192785, "dvar": 0.00589869776741, "dvar2": 0.0136571228504, "max": 0.853142082691, "mean": 0.557535707951, "median": 0.566388428211, "min": 0.0481543727219, "var": 0.0151866320521}, "silence_rate_20dB": {"dmean": 0, "dmean2": 0, "dvar": 0, "dvar2": 0, "max": 1, "mean": 1, "median": 1, "min": 1, "var": 0}, "silence_rate_30dB": {"dmean": 0.0269516725093, "dmean2": 0.0539096072316, "dvar": 0.0262276884168, "dvar2": 0.0672693178058, "max": 1, "mean": 0.980369389057, "median": 1, "min": 0, "var": 0.0192453451455}, "silence_rate_60dB": {"dmean": 0.028810409829, "dmean2": 0.0576275140047, "dvar": 0.0279774032533, "dvar2": 0.0645333603024, "max": 1, "mean": 0.0861888751388, "median": 0, "min": 0, "var": 0.0787548720837}, "spectral_centroid": {"dmean": 202.510986328, "dmean2": 300.890716553, "dvar": 64327.1210938, "dvar2": 120770.664063, "max": 10670.2636719, "mean": 937.604858398, "median": 844.137207031, "min": 134.853973389, "var": 320280.96875}, "spectral_complexity": {"dmean": 3.10618019104, "dmean2": 4.63738822937, "dvar": 13.9334640503, "dvar2": 27.7974586487, "max": 48, "mean": 12.8085727692, "median": 12, "min": 0, "var": 55.9051818848}, "spectral_contrast_coeffs": {"dmean": [0.0521003045142, 0.0514774695039, 0.0440303385258, 0.0377799123526, 0.0279620904475, 0.0186596494168], "dmean2": [0.084562048316, 0.0821804404259, 0.0693924278021, 0.0575668588281, 0.0407798253, 0.0274520665407], "dvar": [0.00206344015896, 0.00179394509178, 0.00138544745278, 0.00112302449998, 0.000662221573293, 0.000315857934766], "dvar2": [0.00536693166941, 0.00432859174907, 0.00323184230365, 0.00233704899438, 0.00124335067812, 0.000643605366349], "max": [-0.328807145357, -0.395470529795, -0.445878326893, -0.467121988535, -0.522500097752, -0.662688672543], "mean": [-0.640140354633, -0.717803418636, -0.767239809036, -0.757019817829, -0.773546874523, -0.812292993069], "median": [-0.639990091324, -0.721190035343, -0.7764570117, -0.766932487488, -0.777950525284, -0.817467749119], "min": [-0.961278855801, -0.96229493618, -0.970621347427, -0.956106305122, -0.964540958405, -0.959220588207], "var": [0.00671194307506, 0.00740575883538, 0.00576944928616, 0.00646232673898, 0.00442753173411, 0.00166330102365]}, "spectral_contrast_valleys": {"dmean": [0.420499712229, 0.525164783001, 0.498672306538, 0.427149623632, 0.40472894907, 0.586557924747], "dmean2": [0.644203186035, 0.806068241596, 0.740334331989, 0.622678339481, 0.540568232536, 0.660263955593], "dvar": [0.176057696342, 0.267728716135, 0.264159411192, 0.201655566692, 0.208362132311, 0.426579833031], "dvar2": [0.329313576221, 0.560310065746, 0.544662415981, 0.38929823041, 0.365014642477, 0.651850104332], "max": [-4.89930057526, -4.66163921356, -4.94008970261, -5.42672252655, -5.81900644302, -7.5312128067], "mean": [-7.19444894791, -7.25137853622, -7.92704391479, -8.27106761932, -8.52136707306, -10.8134479523], "median": [-6.8138051033, -7.09846639633, -7.82308721542, -8.10774230957, -8.3292388916, -10.6347904205], "min": [-27.0910434723, -27.6075897217, -26.8239307404, -27.360414505, -27.1243038177, -27.2186260223], "var": [2.27897834778, 1.96179914474, 1.79072165489, 1.70407891273, 1.66548085213, 2.48081898689]}, "spectral_decrease": {"dmean": 2.99545610538e-09, "dmean2": 4.61570737187e-09, "dvar": 1.99423749653e-17, "dvar2": 4.6279924783e-17, "max": 1.50214818362e-09, "mean": -7.58964624481e-09, "median": -5.80987968846e-09, "min": -4.62480720387e-08, "var": 4.54630773107e-17}, "spectral_energy": {"dmean": 0.012964380905, "dmean2": 0.0194545332342, "dvar": 0.000359686790034, "dvar2": 0.000779597787187, "max": 0.185841754079, "mean": 0.033056229353, "median": 0.0254750605673, "min": 1.04565605677e-20, "var": 0.00083088024985}, "spectral_energyband_high": {"dmean": 0.00236649694853, "dmean2": 0.0035837192554, "dvar": 2.37196381931e-05, "dvar2": 5.23997732671e-05, "max": 0.0535213649273, "mean": 0.00260487711057, "median": 0.000142890712596, "min": 7.28696198017e-21, "var": 3.11277908622e-05}, "spectral_energyband_low": {"dmean": 0.0071861888282, "dmean2": 0.010460617952, "dvar": 0.000158954935614, "dvar2": 0.000333494768711, "max": 0.137688964605, "mean": 0.0148932849988, "median": 0.00858697108924, "min": 5.44272372747e-23, "var": 0.000337644916726}, "spectral_energyband_middle_high": {"dmean": 0.00223099277355, "dmean2": 0.00354784028605, "dvar": 2.7213460271e-05, "dvar2": 7.30650572223e-05, "max": 0.0822682827711, "mean": 0.00428120885044, "median": 0.00173545628786, "min": 1.61621660703e-21, "var": 5.0054401072e-05}, "spectral_energyband_middle_low": {"dmean": 0.0067178257741, "dmean2": 0.0109408739954, "dvar": 0.000150339197717, "dvar2": 0.000389679626096, "max": 0.135986864567, "mean": 0.0130943246186, "median": 0.00905112084001, "min": 4.63445255257e-22, "var": 0.000206649579923}, "spectral_entropy": {"dmean": 0.311210930347, "dmean2": 0.398053348064, "dvar": 0.104102812707, "dvar2": 0.167332783341, "max": 9.79907608032, "mean": 7.2823767662, "median": 7.23678636551, "min": 4.78784656525, "var": 0.45813408494}, "spectral_flux": {"dmean": 0.0348340645432, "dmean2": 0.0531015656888, "dvar": 0.00167222076561, "dvar2": 0.00335840974003, "max": 0.342758029699, "mean": 0.0907152071595, "median": 0.0756216347218, "min": 1.02257327605e-10, "var": 0.00400145212188}, "spectral_kurtosis": {"dmean": 3.47015666962, "dmean2": 4.92160081863, "dvar": 15.8645591736, "dvar2": 31.4888248444, "max": 57.4924583435, "mean": 8.71699905396, "median": 7.48204278946, "min": -1.20450818539, "var": 45.278842926}, "spectral_rms": {"dmean": 0.0010444825748, "dmean2": 0.00151257566176, "dvar": 1.70028226876e-06, "dvar2": 3.34216929332e-06, "max": 0.0134651046246, "mean": 0.00508661800995, "median": 0.00498535018414, "min": 3.19398218811e-12, "var": 6.37648236079e-06}, "spectral_rolloff": {"dmean": 2113.359375, "dmean2": 3786.45776367, "dvar": 17094468, "dvar2": 35542840, "max": 19078.4179688, "mean": 3184.66381836, "median": 1033.59375, "min": 21.533203125, "var": 24746366}, "spectral_skewness": {"dmean": 0.394267618656, "dmean2": 0.565917551517, "dvar": 0.153065785766, "dvar2": 0.297014117241, "max": 6.28070640564, "mean": 2.19995450974, "median": 2.11291885376, "min": 0.0445247367024, "var": 0.538921952248}, "spectral_spread": {"dmean": 2151164.25, "dmean2": 2656955.75, "dvar": 7384903712770.0, "dvar2": 10563989012500.0, "max": 41128212, "mean": 6628404, "median": 4426787, "min": 1415866.875, "var": 23510112010200.0}, "spectral_strongpeak": {"dmean": 0.408293485641, "dmean2": 