{"lowlevel": {"average_loudness": 0.782723784447, "barkbands": {"dmean": [1.21649782159e-05, 0.00251397117972, 0.00108901585918, 0.000780878996011, 0.000977973686531, 0.000570904579945, 0.000727473234292, 0.000235908126342, 0.000468765123514, 0.000936220516451, 0.000746174016967, 0.000590556766838, 0.000481883966131, 0.000423993973527, 0.000324671098497, 0.000249643228017, 0.000232583624893, 0.000147180850036, 9.28512599785e-05, 6.77192874718e-05, 5.67773167859e-05, 2.42561873165e-05, 1.45299736687e-05, 8.93053311302e-06, 4.90380625706e-06, 2.04191587727e-06, 5.08520727749e-08], "dmean2": [2.02984301723e-05, 0.00365234632045, 0.00178776192479, 0.00134400383104, 0.00148893229198, 0.00104256381746, 0.0012697520433, 0.000395041250158, 0.000732886546757, 0.00134660757612, 0.00109644373879, 0.000910513161216, 0.000742340809666, 0.000664094637614, 0.000503042712808, 0.000384172919439, 0.000356464763172, 0.000224036019063, 0.000139844356454, 0.000102732999949, 8.36186591187e-05, 3.48721332557e-05, 2.13539078686e-05, 1.26223503685e-05, 7.02917805029e-06, 2.99953694594e-06, 8.42299883175e-08], "dvar": [1.04543018686e-09, 2.8137332265e-05, 7.31361433282e-06, 2.7450946618e-06, 8.03296643426e-06, 6.85389522914e-06, 8.55944927025e-06, 5.01735257785e-07, 3.04849163513e-06, 1.34543433887e-05, 8.3955228547e-06, 6.47625574857e-06, 2.10502048503e-06, 1.60385411618e-06, 1.01916748463e-06, 3.84990357816e-07, 2.86080904743e-07, 1.24942459934e-07, 5.48216476659e-08, 3.08730392362e-08, 1.98285938779e-08, 2.28234653399e-09, 1.04722785998e-09, 5.89200521706e-10, 5.19777165753e-10, 1.35947850199e-10, 3.24217818662e-14], "dvar2": [2.93793078754e-09, 5.88873299421e-05, 1.91558283404e-05, 7.59618069424e-06, 1.58886869031e-05, 2.03167364816e-05, 2.4520801162e-05, 1.3468279576e-06, 7.13132794772e-06, 2.38256052398e-05, 1.5784677089e-05, 1.47762002598e-05, 4.52638323623e-06, 3.69651070287e-06, 2.36290065914e-06, 9.23576578771e-07, 6.74589955452e-07, 2.92918826972e-07, 1.21030154787e-07, 7.12279799586e-08, 4.09375147115e-08, 4.61434712662e-09, 2.32473951201e-09, 1.25492050085e-09, 1.20639298551e-09, 3.31216776228e-10, 7.9753783059e-14], "max": [0.00142506428529, 0.0985971093178, 0.0531834550202, 0.020692139864, 0.0397291481495, 0.0369004644454, 0.043667525053, 0.0153110343963, 0.0567536354065, 0.160312473774, 0.0831807404757, 0.0635820552707, 0.0392081364989, 0.0284088030457, 0.0227616094053, 0.0155399842188, 0.0141527717933, 0.00532637909055, 0.00346854026429, 0.00314201903529, 0.00323528470472, 0.000993499648757, 0.000693939451594, 0.000741389521863, 0.000796090404037, 0.000541305053048, 6.00015482632e-06], "mean": [2.03189192689e-05, 0.00463335355744, 0.0016577685019, 0.00095344154397, 0.00143072952051, 0.00055176531896, 0.000809022109024, 0.000332755589625, 0.0007417499437, 0.00169510685373, 0.00129769882187, 0.000835781334899, 0.000725477235392, 0.000627673987765, 0.000501368253026, 0.000465881486889, 0.000427312625106, 0.000268422387308, 0.000178024711204, 0.000125463848235, 0.000128685409436, 5.36877960258e-05, 3.45583575836e-05, 1.99904989131e-05, 1.00135821413e-05, 3.99104919779e-06, 6.93553374731e-08], "median": [1.49833604155e-05, 0.00155181740411, 0.000790424121078, 0.000340687518474, 0.000376390555175, 0.000152090316988, 0.000232113583479, 0.000122696481412, 0.00020368793048, 0.000114671674964, 8.12885118648e-05, 0.000122232144349, 0.000145744445035, 0.000150375723024, 9.25780914258e-05, 0.000138464107295, 0.000122994708363, 5.64383080928e-05, 3.24903558067e-05, 3.09651331918e-05, 3.02576245303e-05, 1.46347283589e-05, 1.02830890683e-05, 3.88774424209e-06, 2.03658055398e-06, 9.87241151051e-07, 1.47972532005e-08], "min": [2.06278966935e-25, 1.80732569336e-24, 1.28693821445e-24, 3.93058968623e-25, 7.8955344621e-24, 2.27336755844e-24, 7.74723176736e-24, 7.83312373158e-24, 1.81658605264e-23, 1.63924822788e-23, 7.05505207696e-24, 2.08316013855e-23, 3.48504990192e-23, 1.9952810337e-23, 5.45404672136e-23, 5.65722321175e-23, 6.35882284799e-23, 9.83216920953e-23, 1.12497017691e-22, 1.71662885625e-22, 2.57352604843e-22, 3.32635809839e-22, 3.29760291933e-22, 5.16062706776e-22, 8.60401829813e-22, 1.36308823243e-21, 1.93050444622e-21], "var": [8.83743689339e-10, 6.56661941321e-05, 8.11156769487e-06, 2.80126255348e-06, 1.34530400828e-05, 4.09280210079e-06, 6.08132586422e-06, 5.52690949007e-07, 4.22131461164e-06, 5.16850632266e-05, 2.70796426776e-05, 1.04829778138e-05, 4.11534028899e-06, 2.50593120654e-06, 1.87614421066e-06, 1.02575666006e-06, 6.33861475308e-07, 2.70449163509e-07, 1.25180136479e-07, 5.62663373671e-08, 6.34103045627e-08, 8.08380562489e-09, 3.80802767097e-09, 2.22550555762e-09, 8.9142931925e-10, 2.20364823611e-10, 5.14578139756e-14]}, "barkbands_crest": {"dmean": 2.59494233131, "dmean2": 4.03206920624, "dvar": 6.19327735901, "dvar2": 13.8016033173, "max": 25.593044281, "mean": 10.7864151001, "median": 9.6498670578, "min": 2.41152048111, "var": 25.4530448914}, "barkbands_flatness_db": {"dmean": 0.0202440544963, "dmean2": 0.0297335647047, "dvar": 0.000459859817056, "dvar2": 0.000912039075047, "max": 0.382235050201, "mean": 0.153969720006, "median": 0.14267796278, "min": 0.0134588601068, "var": 0.00370997120626}, "barkbands_kurtosis": {"dmean": 2.92576432228, "dmean2": 4.4621386528, "dvar": 29.3943691254, "dvar2": 64.8920974731, "max": 119.010742188, "mean": 4.34803628922, "median": 0.991207659245, "min": -1.81640732288, "var": 91.2669296265}, "barkbands_skewness": {"dmean": 0.567995607853, "dmean2": 0.837195456028, "dvar": 0.402212500572, "dvar2": 0.818480968475, "max": 9.45760536194, "mean": 1.207447052, "median": 1.01957833767, "min": -2.36621046066, "var": 2.39864110947}, "barkbands_spread": {"dmean": 4.81757879257, "dmean2": 7.30302095413, "dvar": 33.7467155457, "dvar2": 72.3578338623, "max": 110.236099243, "mean": 21.0982589722, "median": 20.0776500702, "min": 0.763397037983, "var": 165.611022949}, "dissonance": {"dmean": 0.0196939539164, "dmean2": 0.0335521139205, "dvar": 0.000489227590151, "dvar2": 0.00133037846535, "max": 0.500000059605, "mean": 0.465092122555, "median": 0.473943024874, "min": 0.266046106815, "var": 0.000913631462026}, "dynamic_complexity": 6.49035310745, "erbbands": {"dmean": [0.0383351296186, 0.672031700611, 1.31046831608, 1.89498329163, 3.89903211594, 2.45876526833, 2.16668796539, 5.62193250656, 8.56768798828, 10.0182847977, 5.26437854767, 10.2718801498, 21.7568054199, 31.3346824646, 26.1345882416, 23.0835571289, 22.2347602844, 17.9347343445, 20.758058548, 12.4265413284, 13.3616056442, 12.2637529373, 7.75757932663, 5.89764499664, 4.10481071472, 3.32580113411, 2.7196264267, 1.85578405857, 0.925885498524, 0.609183847904, 0.401693671942, 0.225149556994, 0.128635823727, 0.0631772130728, 0.0320237092674, 0.0131012098864, 0.00306962733157, 0.000312232761644, 9.01809744391e-06, 7.9960173025e-06], "dmean2": [0.0600807853043, 0.966458022594, 2.07325983047, 3.23707222939, 6.16158342361, 3.82271075249, 3.62310910225, 10.2623882294, 15.1474542618, 17.3102607727, 8.45142650604, 15.7892007828, 30.8739051819, 44.8739433289, 38.8531608582, 34.6948013306, 33.7032356262, 28.2968292236, 32.4897117615, 18.4062671661, 20.3665103912, 18.462884903, 11.5934753418, 8.86864948273, 6.08016967773, 5.03607702255, 4.08784723282, 2.7316634655, 1.32508254051, 0.884869158268, 0.596089065075, 0.322167515755, 0.184494242072, 0.0919497236609, 0.0464361906052, 0.0195248164237, 0.00444275327027, 0.000457215908682, 1.266586969e-05, 1.14879931061e-05], "dvar": [0.005296504125, 2.05178070068, 10.2118139267, 18.7157554626, 110.006706238, 38.4325790405, 50.7728347778, 687.607177734, 1241.76953125, 1641.31298828, 208.029830933, 912.953979492, 8727.10253906, 13170.3339844, 9348.1171875, 11676.9736328, 4091.58178711, 3060.50610352, 4002.44091797, 1180.14648438, 1286.06835938, 758.120239258, 353.369049072, 216.792312622, 113.512947083, 70.6398696899, 48.3419456482, 22.3081245422, 3.7339091301, 1.58941066265, 0.875164985657, 0.330515444279, 0.15681540966, 0.067415215075, 0.0281304437667, 0.00527977244928, 0.000308954011416, 2.12600184568e-06, 9.51677736616e-10, 2.06380634804e-10], "dvar2": [0.0126236816868, 4.24971246719, 25.0999164581, 51.564617157, 236.422058105, 84.2245254517, 137.694473267, 2034.39135742, 3539.13378906, 4734.67333984, 522.203857422, 2153.2578125, 14480.046875, 23291.6953125, 19628.0390625, 26904.6289063, 8366.17089844, 7271.81884766, 9418.54980469, 2512.39233398, 3192.76708984, 1759.33996582, 805.635620117, 487.728302002, 251.417984009, 163.569229126, 110.30316925, 44.4184799194, 7.459192276, 3.43749952316, 1.98653769493, 0.715966105461, 0.347038030624, 0.157500445843, 0.0665860250592, 0.0132691403851, 0.000701121403836, 4.27532359026e-06, 1.99887639774e-09, 4.63438204479e-10], "max": [1.0390868187, 28.4612293243, 83.5839614868, 67.1518249512, 144.894699097, 79.8130187988, 113.612937927, 355.20703125, 503.551879883, 675.61730957, 425.213470459, 836.17779541, 3571.0769043, 3961.74414063, 3262.06445313, 3155.55175781, 1948.66748047, 1394.71484375, 1440.34082031, 1642.94091797, 1032.86767578, 658.723754883, 325.105560303, 238.178115845, 201.690597534, 158.816116333, 161.861206055, 106.318862915, 44.8812408447, 26.4386196136, 17.7922954559, 15.9863052368, 15.6297960281, 7.21609592438, 7.6080737114, 3.54669737816, 0.87758398056, 0.0737040787935, 0.00138700054958, 0.000206682278076], "mean": [0.0647737011313, 1.24730682373, 2.32993888855, 2.68551826477, 5.05665779114, 3.96036624908, 2.8927924633, 5.28817367554, 8.92342853546, 12.4955587387, 8.48138904572, 16.923078537, 38.0393180847, 56.944858551, 47.4680786133, 35.7356033325, 36.2726249695, 28.8327655792, 34.0262794495, 23.2175922394, 26.4150676727, 23.7763347626, 15.1327781677, 11.433842659, 8.3080291748, 6.42810297012, 5.59490299225, 4.20985507965, 2.05025625229, 1.42904472351, 0.910589158535, 0.486110895872, 0.289629906416, 0.139308586717, 0.0595422759652, 0.0248591862619, 0.00588727975264, 0.000638037803583, 2.38755783357e-05, 2.26937590924e-05], "median": [0.0309049207717, 0.399892389774, 1.17782700062, 1.26312017441, 1.2648307085, 1.39299964905, 1.01308047771, 1.35892105103, 2.00344514847, 3.903601408, 3.39354014397, 5.17093372345, 3.93900942802, 4.85929203033, 4.73124265671, 6.45334625244, 8.70173931122, 7.83649921417, 6.17980861664, 6.19191455841, 7.97914934158, 7.20494604111, 3.97948169708, 2.33931803703, 1.63711833954, 1.58027553558, 1.40778875351, 0.980136036873, 0.56028175354, 0.4181676507, 0.255497843027, 0.0932758003473, 0.0581377223134, 0.0272166039795, 0.0109941083938, 0.00502240937203, 0.00154123594984, 0.000185939017683, 1.23872796394e-05, 1.45745716509e-05], "min": [5.0041542984e-23, 5.72322549975e-22, 3.02179296354e-21, 4.17663807286e-21, 1.052614229e-20, 2.21671915676e-20, 4.65834775271e-20, 1.72503766922e-20, 1.29579019104e-19, 1.55332188876e-19, 3.06838434775e-19, 4.01290182267e-19, 4.59467087217e-19, 6.23181226488e-19, 7.20495199844e-19, 1.2327295859e-18, 1.54148002281e-18, 1.71100562288e-18, 2.49127671949e-18, 3.36647351224e-18, 3.7608097422e-18, 3.37504537814e-18, 5.22344869929e-18, 6.1045180608e-18, 6.37751371913e-18, 7.26390391993e-18, 7.52853471431e-18, 7.87421514666e-18, 1.2190681811e-17, 1.20939016793e-17, 9.45830407001e-18, 9.46484624147e-18, 8.91158566159e-18, 8.16546213162e-18, 6.10086647198e-18, 4.11422679481e-18, 2.33617146245e-18, 9.33087131318e-19, 2.39757628464e-19, 2.76946757613e-20], "var": [0.00992168392986, 4.86384487152, 14.3277378082, 18.9880962372, 168.864532471, 64.9524078369, 48.9763526917, 409.54498291, 886.181518555, 1170.31323242, 292.819061279, 1606.17602539, 25686.8378906, 51326.7773438, 30273.2460938, 18256.234375, 9100.44433594, 4557.34863281, 7884.83935547, 2821.67773438, 3289.38574219, 1931.12597656, 775.15057373, 497.462341309, 275.141082764, 140.507064819, 109.242912292, 74.2594604492, 11.9954586029, 5.72643899918, 2.81491446495, 1.11917662621, 0.545343875885, 0.148893415928, 0.0398471876979, 0.00813197717071, 0.0005514206714, 4.86496674057e-06, 2.31162466946e-09, 6.18696816002e-10]}, "erbbands_crest": {"dmean": 2.82715630531, "dmean2": 4.56000232697, "dvar": 8.63599395752, "dvar2": 20.8994102478, "max": 32.7579803467, "mean": 9.74257850647, "median": 8.21521854401, "min": 2.63860011101, "var": 27.4393348694}, "erbbands_flatness_db": {"dmean": 0.0152270691469, "dmean2": 0.0219124257565, "dvar": 0.000264266273007, "dvar2": 0.000481604482047, "max": 0.366449534893, "mean": 0.177908495069, "median": 0.171107247472, "min": 0.0355718657374, "var": 0.00187713105697}, "erbbands_kurtosis": {"dmean": 1.1813325882, "dmean2": 1.79730892181, "dvar": 4.69143915176, "dvar2": 10.3483161926, "max": 56.2069206238, "mean": 1.45588648319, "median": 0.340289980173, "min": -1.58766496181, "var": 13.1795778275}, "erbbands_skewness": {"dmean": 0.353361845016, "dmean2": 0.534685075283, "dvar": 0.130873560905, "dvar2": 0.276650100946, "max": 4.60716295242, "mean": 0.0454024448991, "median": -0.0801638439298, "min": -2.37688469887, "var": 0.690165758133}, "erbbands_spread": {"dmean": 6.07624530792, "dmean2": 9.01278591156, "dvar": 48.1337127686, "dvar2": 97.6562271118, "max": 138.415359497, "mean": 28.7656974792, "median": 28.5676212311, "min": 1.71538555622, "var": 205.661712646}, "gfcc": {"cov": [[41097.8242188, 1668.07702637, -4089.82226563, 905.216308594, -1688.27001953, 662.650634766, -861.368896484, 304.549804688, -630.121398926, -7.8576965332, -551.257568359, 195.561294556, -241.271728516], [1668.07702637, 1434.71740723, 155.141159058, -76.4945526123, 117.418579102, -151.859390259, 80.3369216919, -36.1801338196, 13.9259738922, -37.8291358948, 54.9530334473, -110.517501831, -32.5761070251], [-4089.82226563, 155.141159058, 1063.22436523, -127.536476135, 194.287948608, -131.886199951, 120.207321167, 0.0511559396982, 65.4327011108, 13.1635551453, 88.6294403076, -48.5899925232, -22.7140197754], [905.216308594, -76.4945526123, -127.536476135, 440.059692383, -44.8854217529, -91.923614502, -104.151580811, 7.6640920639, 28.103094101, 19.1194057465, -15.6931009293, -62.185585022, -2.15451431274], [-1688.27001953, 117.418579102, 194.287948608, -44.8854217529, 314.13671875, 28.8166503906, 104.676696777, -24.2197875977, 64.7391967773, 2.02798843384, 23.2169342041, -14.967622757, 16.8109455109], [662.650634766, -151.859390259, -131.886199951, -91.923614502, 28.8166503906, 319.334442139, 67.6529693604, 4.34293699265, -1.63685655594, -2.06028413773, -31.6294822693, 59.6002616882, 13.7066440582], [-861.368896484, 80.3369216919, 120.207321167, -104.151580811, 104.676696777, 67.6529693604, 194.062911987, 11.6800317764, 21.569108963, -14.6126527786, 10.5371246338, 5.46110868454, 14.6242341995], [304.549804688, -36.1801338196, 0.0511559396982, 7.6640920639, -24.2197875977, 4.34293699265, 11.6800317764, 91.0498962402, 10.741230011, 3.61333656311, 2.03057408333, -4.81701564789, -7.11884832382], [-630.121398926, 13.9259738922, 65.4327011108, 28.103094101, 64.7391967773, -1.63685655594, 21.569108963, 10.741230011, 114.228088379, 33.6365356445, 3.02669906616, -14.093167305, 4.87373399734], [-7.8576965332, -37.8291358948, 13.1635551453, 19.1194057465, 2.02798843384, -2.06028413773, -14.6126527786, 3.61333656311, 33.6365356445, 78.8337173462, 11.3510370255, 0.778360486031, -1.83429205418], [-551.257568359, 54.9530334473, 88.6294403076, -15.6931009293, 23.2169342041, -31.6294822693, 10.5371246338, 2.03057408333, 3.02669906616, 11.3510370255, 93.6189422607, -2.57115244865, -5.89733076096], [195.561294556, -110.517501831, -48.5899925232, -62.185585022, -14.967622757, 59.6002616882, 5.46110868454, -4.81701564789, -14.093167305, 0.778360486031, -2.57115244865, 98.6136016846, 18.2437419891], [-241.271728516, -32.5761070251, -22.7140197754, -2.15451431274, 16.8109455109, 13.7066440582, 14.6242341995, -7.11884832382, 4.87373399734, -1.83429205418, -5.89733076096, 18.2437419891, 66.0264663696]], "icov": [[9.54844508669e-05, -0.000252977682976, 0.000230505072977, -0.000197158093215, 0.000250522978604, -0.000254107580986, 0.000167492980836, -0.000378214259399, 0.000346963264747, -0.000252937927144, 0.000330043840222, -0.000313514610752, 0.000291522563202], [-0.000252977682976, 0.00155811547302, -0.00050568865845, 0.000791767670307, -0.000843549030833, 0.0010876575252, -0.00079195771832, 0.0013849248644, -0.00101758178789, 0.00103830196895, -0.00123237585649, 0.00172588217538, -0.000473084655823], [0.000230505072977, -0.00050568865845, 0.00190727924928, -4.81225361e-05, 4.58716458525e-05, 0.000117625837447, -0.000170548562892, -0.000892229087185, 0.000447008234914, -0.00068032433046, 4.12795270677e-05, -0.000365393876564, 0.00120559928473], [-0.000197158093215, 0.000791767670307, -4.81225361e-05, 0.0036290443968, -0.000611778232269, 0.00115019269288, 0.000918736623134, 0.000577953469474, -0.00163947057445, 0.000402613717597, -0.000539408240002, 0.00268630404025, -0.00111035490409], [0.000250522978604, -0.000843549030833, 4.58716458525e-05, -0.000611778232269, 0.00563607411459, -0.00123488565441, -0.00140160182491, 0.000760912254918, -0.00140174874105, -0.000141409298521, 0.000199523594347, -0.000264173169853, -0.000100724420918], [-0.000254107580986, 0.0010876575252, 0.000117625837447, 0.00115019269288, -0.00123488565441, 0.0052775782533, -0.0020999321714, 0.00091475492809, -0.000993772177026, 0.000333669100655, 0.000208970290259, -0.000811092322692, -0.000205958436709], [0.000167492980836, -0.00079195771832, -0.000170548562892, 0.000918736623134, -0.00140160182491, -0.0020999321714, 0.00861320737749, -0.00246660434641, -2.29024062719e-05, 0.00107625732198, 0.000287116563413, -6.37411867501e-05, -0.00111342896707], [-0.000378214259399, 0.0013849248644, -0.000892229087185, 0.000577953469474, 0.000760912254918, 0.00091475492809, -0.00246660434641, 0.0137200746685, -0.00317847030237, 0.00117782782763, -0.00197045272216, 0.00204806448892, 0.000180569069926], [0.000346963264747, -0.00101758178789, 0.000447008234914, -0.00163947057445, -0.00140174874105, -0.000993772177026, -2.29024062719e-05, -0.00317847030237, 0.0137190083042, -0.00615976843983, 0.002332551172, -0.000379019213142, 0.000220933987293], [-0.000252937927144, 0.00103830196895, -0.00068032433046, 0.000402613717597, -0.000141409298521, 0.000333669100655, 0.00107625732198, 0.00117782782763, -0.00615976843983, 0.0164097640663, -0.00318308314309, 0.000309712486342, -0.000236874053371], [0.000330043840222, -0.00123237585649, 4.12795270677e-05, -0.000539408240002, 0.000199523594347, 0.000208970290259, 0.000287116563413, -0.00197045272216, 0.002332551172, -0.00318308314309, 0.0136133460328, -0.00217988621444, 0.00178200914524], [-0.000313514610752, 0.00172588217538, -0.000365393876564, 0.00268630404025, -0.000264173169853, -0.000811092322692, -6.37411867501e-05, 0.00204806448892, -0.000379019213142, 0.000309712486342, -0.00217988621444, 0.0154438177124, -0.00428698351607], [0.000291522563202, -0.000473084655823, 0.00120559928473, -0.00111035490409, -0.000100724420918, -0.000205958436709, -0.00111342896707, 0.000180569069926, 0.000220933987293, -0.000236874053371, 0.00178200914524, -0.00428698351607, 0.0180111080408]], "mean": [-97.7593841553, 113.549804688, -127.987998962, 34.2275505066, -40.2288589478, 20.2049541473, -25.0568675995, 8.3092508316, -16.9917068481, 2.17812371254, -16.5693473816, -1.96477007866, -11.3350563049]}, "hfc": {"dmean": 4.6416759491, "dmean2": 6.37778520584, "dvar": 78.3910293579, "dvar2": 163.436553955, "max": 160.094528198, "mean": 14.3144006729, "median": 6.7201628685, "min": 1.0607423377e-16, "var": 342.420043945}, "melbands": {"dmean": [0.000546735653188, 0.000761097471695, 0.000375338771846, 0.000248300348176, 7.33398774173e-05, 0.000126124796225, 0.000134997913847, 9.46383806877e-05, 4.57263195131e-05, 6.80298617226e-05, 0.000113795889774, 0.000134270681883, 9.72639099928e-05, 6.55453186482e-05, 6.73366666888e-05, 4.42703749286e-05, 3.6978868593e-05, 3.86220090149e-05, 2.01699185709e-05, 1.7144735466e-05, 1.6259304175e-05, 1.47930386447e-05, 9.57349766395e-06, 7.03019850334e-06, 4.81624647364e-06, 3.77611991098e-06, 2.40537792706e-06, 2.25955773203e-06, 1.98138377527e-06, 1.46782531374e-06, 1.03445745481e-06, 5.63398259601e-07, 4.54193155974e-07, 3.25942892232e-07, 2.7584812301e-07, 1.67605023194e-07, 1.31522256197e-07, 1.02328492346e-07, 7.09866512238e-08, 5.05912751692e-08], "dmean2": [0.000812481332105, 0.00112482870463, 0.000623937055934, 0.000384676153772, 0.000120177508506, 0.000231016194448, 0.000237903135712, 0.000162705415278, 7.24792771507e-05, 0.000104493148683, 0.000162446012837, 0.000192656560102, 0.000144001678564, 9.78992902674e-05, 0.000103034799395, 6.83307807776e-05, 5.89005176153e-05, 6.12377261859e-05, 3.01461368508e-05, 2.60533397523e-05, 2.50609373325e-05, 2.28841745411e-05, 1.4683642803e-05, 1.0814599591e-05, 7.34620380172e-06, 5.77200307816e-06, 3.63741014553e-06, 3.47544414581e-06, 3.04593208966e-06, 2.24006726057e-06, 1.55155476023e-06, 8.2869888729e-07, 6.7040156182e-07, 4.81371330352e-07, 4.18736220809e-07, 2.46238585078e-07, 1.91575026065e-07, 1.48129146282e-07, 1.03262991047e-07, 7.4979539022e-08], "dvar": [1.22301685224e-06, 2.86660770143e-06, 6.33629554159e-07, 5.07032609676e-07, 4.61815865549e-08, 3.51515922148e-07, 3.02781273831e-07, 1.37801222877e-07, 1.41020013444e-08, 5.15382794219e-08, 2.29886126135e-07, 2.47084784633e-07, 1.36685159191e-07, 7.64164127531e-08, 7.45925561318e-08, 1.80295476326e-08, 1.40636560175e-08, 1.4314083252e-08, 3.90291488017e-09, 1.94546023735e-09, 1.84427584315e-09, 1.33285182891e-09, 4.32008817608e-10, 2.98391172882e-10, 1.52896417749e-10, 8.93498955379e-11, 4.4968990337e-11, 3.21320296759e-11, 2.69033215844e-11, 1.35372659263e-11, 7.41538688093e-12, 1.43502245677e-12, 8.96859138604e-13, 4.82950701999e-13, 4.19553768897e-13, 1.77410291861e-13, 1.23030925725e-13, 1.03325747752e-13, 5.19551984985e-14, 5.49758026917e-14], "dvar2": [2.61980699179e-06, 6.31062766843e-06, 1.67172663623e-06, 1.04515436306e-06, 1.20390879488e-07, 1.04273340185e-06, 8.60555985582e-07, 3.95923677843e-07, 3.43296413519e-08, 1.15125608602e-07, 3.83052139341e-07, 4.33385139331e-07, 2.84666839434e-07, 1.69110165871e-07, 1.64209083664e-07, 3.97768218363e-08, 3.34305489957e-08, 3.37954801921e-08, 8.29782909051e-09, 4.2581964621e-09, 4.63851712595e-09, 3.17697956831e-09, 9.90712734072e-10, 7.04091285275e-10, 3.49077072803e-10, 1.99291139147e-10, 1.05704590914e-10, 7.55482551518e-11, 6.39062414098e-11, 2.91542449904e-11, 1.536088097e-11, 2.98906906171e-12, 1.90520082349e-12, 1.08604141305e-12, 9.62075905053e-13, 4.04546377951e-13, 2.8027737466e-13, 2.24581787086e-13, 1.15016394846e-13, 1.3363468047e-13], "max": [0.0172552000731, 0.043684259057, 0.0107814511284, 0.00988440774381, 0.00325040775351, 0.0080138463527, 0.00782162602991, 0.00622434727848, 0.00346271391027, 0.00625696964562, 0.0173674970865, 0.0197830740362, 0.0116053959355, 0.00882329698652, 0.00917687360197, 0.00448524067178, 0.0031733114738, 0.00261888094246, 0.00187050562818, 0.00155923422426, 0.0011451500468, 0.000928233203012, 0.000554548634682, 0.000284259498585, 0.000202568247914, 0.00017348874826, 0.00010836871661, 0.000103836253402, 0.000118121664855, 9.61388286669e-05, 5.95383717155e-05, 2.91220148938e-05, 2.26146585192e-05, 1.65342007676e-05, 1.38503719427e-05, 8.11279733171e-06, 1.10075889097e-05, 1.31054875965e-05, 7.20846537661e-06, 7.03529349266e-06], "mean": [0.000984912738204, 0.00147894734982, 0.000538950611372, 0.000356410018867, 0.000109386986878, 0.000117567520647, 0.00014413514873, 0.000122171477415, 7.37694354029e-05, 0.000106869418232, 0.000197818764718, 0.000237637941609, 0.000172319749254, 9.36103606364e-05, 9.77977906587e-05, 6.45324180368e-05, 5.26245530637e-05, 5.89533337916e-05, 3.20902072417e-05, 3.0732833693e-05, 2.96946946037e-05, 2.6220746804e-05, 1.66301542777e-05, 1.2749538655e-05, 8.60027466842e-06, 7.44551107346e-06, 4.22020275437e-06, 4.14145961258e-06, 3.55658016815e-06, 3.16301634484e-06, 2.17126330426e-06, 1.14379417937e-06, 9.44227224409e-07, 7.34991942863e-07, 5.98522547079e-07, 3.32329534558e-07, 2.70336727226e-07, 2.15623870758e-07, 1.62653847724e-07, 1.0012696805e-07], "median": [0.000366928055882, 0.000685500039253, 0.000233072118135, 0.000101789148175, 4.3078638555e-05, 3.01954678434e-05, 3.6755878682e-05, 4.23814271926e-05, 2.79107935057e-05, 2.91269825539e-05, 1.66131339938e-05, 1.80716015166e-05, 1.35800737553e-05, 1.22900846691e-05, 1.95324337255e-05, 1.50610530909e-05, 1.22765059132e-05, 9.74984050117e-06, 6.68827169648e-06, 8.05553736427e-06, 7.81073231337e-06, 7.46923433326e-06, 3.74639193979e-06, 2.52154381997e-06, 1.58189993726e-06, 1.14723309252e-06, 1.00719739748e-06, 9.39278663736e-07, 8.5320357357e-07, 6.73056433698e-07, 4.76352170153e-07, 2.77092340184e-07, 2.3051934761e-07, 2.20212541535e-07, 1.64338487707e-07, 6.32971151049e-08, 4.44811085742e-08, 3.8110226086e-08, 3.12374268674e-08, 1.62081281729e-08], "min": [5.06102489822e-25, 1.81387678875e-24, 8.20903794242e-25, 1.42158986844e-24, 1.33166968461e-24, 3.03696336893e-25, 2.08181556458e-24, 1.53409701352e-24, 1.79335279736e-24, 2.16533739621e-24, 1.67311501262e-24, 2.47050370144e-24, 1.34028660949e-24, 2.90754605357e-24, 3.34500965742e-24, 3.00111126782e-24, 2.60590832317e-24, 3.22895145497e-24, 3.83138776499e-24, 4.56666687095e-24, 4.04877219249e-24, 3.13441929447e-24, 3.96535725151e-24, 3.51928244202e-24, 3.88346047335e-24, 3.89535728466e-24, 3.79323332402e-24, 3.75884648273e-24, 3.80043049649e-24, 4.26360702155e-24, 4.3054241437e-24, 5.94072254503e-24, 4.33099033678e-24, 5.93341769305e-24, 4.47102498037e-24, 5.50860662926e-24, 5.27482967215e-24, 5.14191844253e-24, 5.55523264749e-24, 6.37026914084e-24], "var": [2.76456967185e-06, 5.68908262721e-06, 7.63133243709e-07, 8.09383777778e-07, 5.28838945968e-08, 2.07486976933e-07, 2.17191725937e-07, 1.00949570481e-07, 2.11793516058e-08, 8.43224157165e-08, 7.40129792121e-07, 9.66782408796e-07, 4.45664085191e-07, 1.3006366828e-07, 1.22464015817e-07, 3.10285024341e-08, 1.89283113627e-08, 2.64913015968e-08, 8.14948908356e-09, 5.05503017223e-09, 4.33293845248e-09, 2.86864088039e-09, 9.63088830908e-10, 6.54961862523e-10, 3.23189586204e-10, 2.30541780111e-10, 7.64910010331e-11, 6.30317950612e-11, 4.91200934094e-11, 4.31090510511e-11, 2.10876229673e-11, 4.0663457844e-12, 2.81147371009e-12, 1.61874571906e-12, 1.34690490098e-12, 4.66428545093e-13, 3.93334534865e-13, 3.45934950607e-13, 1.85062021588e-13, 9.47298473388e-14]}, "melbands_crest": {"dmean": 2.87182068825, "dmean2": 4.52850818634, "dvar": 7.58308410645, "dvar2": 18.1334075928, "max": 34.746711731, "mean": 13.8869247437, "median": 13.6606588364, "min": 1.53744471073, "var": 27.0225105286}, "melbands_flatness_db": {"dmean": 0.0258083697408, "dmean2": 0.0373048856854, "dvar": 0.000826280855108, "dvar2": 0.00156429840717, "max": 0.510904252529, "mean": 0.218565180898, "median": 0.203757733107, "min": 0.00321650132537, "var": 0.00803794432431}, "melbands_kurtosis": {"dmean": 6.10899972916, "dmean2": 9.40991306305, "dvar": 113.06300354, "dvar2": 254.367340088, "max": 177.248062134, "mean": 11.0257968903, "median": 4.65660667419, "min": -1.63237082958, "var": 304.576202393}, "melbands_skewness": {"dmean": 0.733200967312, "dmean2": 1.07746076584, "dvar": 0.667143404484, "dvar2": 1.35729074478, "max": 10.6892290115, "mean": 2.22218251228, "median": 2.01773238182, "min": -2.2545735836, "var": 3.45484471321}, "melbands_spread": {"dmean": 6.96419715881, "dmean2": 10.5085868835, "dvar": 68.1351699829, "dvar2": 143.162643433, "max": 176.431427002, "mean": 27.365032196, "median": 23.012960434, "min": 0.665764212608, "var": 521.858703613}, "mfcc": {"cov": [[18088.5625, 919.149169922, -1513.65002441, 335.108917236, -378.020385742, 180.536361694, -222.753631592, 194.622833252, -22.7553672791, -70.8133544922, -97.3777923584, 45.3110351563, -151.473617554], [919.149169922, 1999.62097168, 124.421463013, 131.976715088, 47.4997024536, 32.5317077637, 141.351882935, 55.7707557678, -8.44345664978, 76.5725326538, 32.9994773865, 38.9354667664, 35.0954818726], [-1513.65002441, 124.421463013, 567.570068359, 67.1384506226, 42.3888778687, -63.5335426331, 20.4730014801, -31.4334335327, -30.9711799622, 48.6243782043, 22.0206375122, 19.4709854126, 20.0643100739], [335.108917236, 131.976715088, 67.1384506226, 425.861877441, 62.7835121155, -97.3099060059, -45.4552307129, -78.0464019775, 6.44319009781, 34.6762428284, 6.15379142761, 30.8472270966, -26.4200630188], [-378.020385742, 47.4997024536, 42.3888778687, 62.7835121155, 180.202957153, 41.5967636108, 3.08885836601, -7.81725978851, 20.0691890717, 22.1390743256, 17.5480251312, 14.738111496, 8.00251960754], [180.536361694, 32.5317077637, -63.5335426331, -97.3099060059, 41.5967636108, 232.763168335, 43.837387085, 62.6648712158, 61.8181037903, -6.00143814087, 9.76832389832, -2.66135573387, 24.2914161682], [-222.753631592, 141.351882935, 20.4730014801, -45.4552307129, 3.08885836601, 43.837387085, 145.330307007, 49.8381462097, 1.24670243263, 10.2943897247, 0.0392040200531, -3.11784172058, 20.1500778198], [194.622833252, 55.7707557678, -31.4334335327, -78.0464019775, -7.81725978851, 62.6648712158, 49.8381462097, 130.844512939, 22.2937240601, 0.0797873139381, 3.77401137352, -15.8241910934, 10.4902935028], [-22.7553672791, -8.44345664978, -30.9711799622, 6.44319009781, 20.0691890717, 61.8181037903, 1.24670243263, 22.2937240601, 117.071678162, 20.4195613861, 6.06450033188, 2.65649056435, 5.41568040848], [-70.8133544922, 76.5725326538, 48.6243782043, 34.6762428284, 22.1390743256, -6.00143814087, 10.2943897247, 0.0797873139381, 20.4195613861, 96.4927520752, 23.4229431152, 2.44248342514, -1.67757332325], [-97.3777923584, 32.9994773865, 22.0206375122, 6.15379142761, 17.5480251312, 9.76832389832, 0.0392040200531, 3.77401137352, 6.06450033188, 23.4229431152, 75.5635375977, 25.6875610352, -0.103253051639], [45.3110351563, 38.9354667664, 19.4709854126, 30.8472270966, 14.738111496, -2.66135573387, -3.11784172058, -15.8241910934, 2.65649056435, 2.44248342514, 25.6875610352, 81.0314407349, 23.1071166992], [-151.473617554, 35.0954818726, 20.0643100739, -26.4200630188, 8.00251960754, 24.2914161682, 20.1500778198, 10.4902935028, 5.41568040848, -1.67757332325, -0.103253051639, 23.1071166992, 83.8322372437]], "icov": [[9.49594395934e-05, -5.70609045099e-05, 0.000245043425821, -0.000155424379045, 0.000222744958592, -0.000160026305821, 0.00021855677187, -0.000212386366911, 0.000181117386092, -0.000104815640952, 0.000150978143211, -0.000190790407942, 0.000125963240862], [-5.70609045099e-05, 0.000617892714217, -0.00019974821771, -0.000169185514096, -0.000118542717246, -1.23665167848e-05, -0.000632636016235, -9.60813267739e-05, 0.00010553526954, -0.000266909599304, -0.000137611961691, -7.50100807636e-05, -0.000179956638021], [0.000245043425821, -0.00019974821771, 0.00266586733051, -0.000477229070384, 0.000142126213177, 0.000114090464194, 0.000184583099326, -0.000239579036133, 0.000933216826525, -0.00108258624095, 6.03854568908e-05, -0.000502893293742, -0.000266337941866], [-0.000155424379045, -0.000169185514096, -0.000477229070384, 0.00362262735143, -0.00155686598737, 0.00159343529958, 7.08901425241e-05, 0.0015130561078, -0.00120064651128, -0.000369225308532, 0.000254011771176, -0.000719276256859, 0.000795171654318], [0.000222744958592, -0.000118542717246, 0.000142126213177, -0.00155686598737, 0.00727030076087, -0.00227100076154, 0.000544875918422, 1.89813963516e-05, 0.000330771319568, -0.00107184355147, -0.000429232488386, -0.000697259092703, -9.30345777306e-05], [-0.000160026305821, -1.23665167848e-05, 0.000114090464194, 0.00159343529958, -0.00227100076154, 0.00718001462519, -0.00140632537659, -0.00104765826836, -0.00341508979909, 0.00132294755895, -0.00104379211552, 0.000572722929064, -0.00111573783215], [0.00021855677187, -0.000632636016235, 0.000184583099326, 7.08901425241e-05, 0.000544875918422, -0.00140632537659, 0.00950618181378, -0.00312568596564, 0.00139641365968, -0.0012508679647, 0.00110824010335, -0.000379483914003, -0.000909671362024], [-0.000212386366911, -9.60813267739e-05, -0.000239579036133, 0.0015130561078, 1.89813963516e-05, -0.00104765826836, -0.00312568596564, 0.0112307937816, -0.00176714127883, 0.000422405602876, -0.00152301148046, 0.00241073453799, -0.00070539303124], [0.000181117386092, 0.00010553526954, 0.000933216826525, -0.00120064651128, 0.000330771319568, -0.00341508979909, 0.00139641365968, -0.00176714127883, 0.0114738782868, -0.00302297645248, 0.000791446072981, -0.000911758397706, -2.46296094701e-05], [-0.000104815640952, -0.000266909599304, -0.00108258624095, -0.000369225308532, -0.00107184355147, 0.00132294755895, -0.0012508679647, 0.000422405602876, -0.00302297645248, 0.0132272318006, -0.00410935515538, 0.00187171192374, -2.9118033126e-05], [0.000150978143211, -0.000137611961691, 6.03854568908e-05, 0.000254011771176, -0.000429232488386, -0.00104379211552, 0.00110824010335, -0.00152301148046, 0.000791446072981, -0.00410935515538, 0.017124120146, -0.00632546842098, 0.00229488685727], [-0.000190790407942, -7.50100807636e-05, -0.000502893293742, -0.000719276256859, -0.000697259092703, 0.000572722929064, -0.000379483914003, 0.00241073453799, -0.000911758397706, 0.00187171192374, -0.00632546842098, 0.0169758573174, -0.00532007683069], [0.000125963240862, -0.000179956638021, -0.000266337941866, 0.000795171654318, -9.30345777306e-05, -0.00111573783215, -0.000909671362024, -0.00070539303124, -2.46296094701e-05, -2.9118033126e-05, 0.00229488685727, -0.00532007683069, 0.0146552016959]], "mean": [-717.928039551, 135.655532837, -16.3853797913, 23.5729598999, 6.9268860817, 15.7474861145, 4.08586788177, 8.90468978882, 5.81981277466, 4.27280664444, 1.66100358963, 4.76113939285, 0.0264638569206]}, "pitch_salience": {"dmean": 0.0726315528154, "dmean2": 0.112165138125, "dvar": 0.00450834538788, "dvar2": 0.0106728114188, "max": 0.984018683434, "mean": 0.51379185915, "median": 0.518893718719, "min": 0.0978582799435, "var": 0.0188015140593}, "silence_rate_20dB": {"dmean": 0, "dmean2": 0, "dvar": 0, "dvar2": 0, "max": 1, "mean": 1, "median": 1, "min": 1, "var": 0}, "silence_rate_30dB": {"dmean": 0.00321074132808, "dmean2": 0.00642242003232, "dvar": 0.00320034683682, "dvar2": 0.00813324656337, "max": 1, "mean": 0.996497869492, "median": 1, "min": 0, "var": 0.00348972412758}, "silence_rate_60dB": {"dmean": 0.055166374892, "dmean2": 0.110348850489, "dvar": 0.05212392658, "dvar2": 0.1075251773, "max": 1, "mean": 0.202101275325, "median": 0, "min": 0, "var": 0.16125112772}, "spectral_centroid": {"dmean": 204.494552612, "dmean2": 307.152679443, "dvar": 75147.3515625, "dvar2": 149982.09375, "max": 11654.4726563, "mean": 1528.77050781, "median": 1341.97912598, "min": 166.537063599, "var": 2086730.5}, "spectral_complexity": {"dmean": 3.07209563255, "dmean2": 4.32141304016, "dvar": 20.0423812866, "dvar2": 32.7369651794, "max": 60, "mean": 14.993142128, "median": 14, "min": 0, "var": 126.393455505}, "spectral_contrast_coeffs": {"dmean": [0.0437931977212, 0.0389629453421, 0.0378590971231, 0.0300806649029, 0.0220220219344, 0.0174951590598], "dmean2": [0.0719870850444, 0.0643680244684, 0.0605168640614, 0.0475797690451, 0.0344000756741, 0.0262370966375], "dvar": [0.00149280333426, 0.00112175231334, 0.0010758638382, 0.000727072998416, 0.000446312769782, 0.000319785205647], "dvar2": [0.00393208768219, 0.00306021980941, 0.00249548093416, 0.0016592789907, 0.0009337333031, 0.000599394261371], "max": [-0.410302460194, -0.485387533903, -0.461039811373, -0.540959119797, -0.563837170601, -0.588544309139], "mean": [-0.693259239197, -0.76579362154, -0.769456386566, -0.770972788334, -0.779346704483, -0.744557857513], "median": [-0.691505670547, -0.768578767776, -0.780769944191, -0.775369167328, -0.784864187241, -0.738324284554], "min": [-0.985219061375, -0.979749977589, -0.992556929588, -0.971398711205, -0.968314170837, -0.965866744518], "var": [0.00568736623973, 0.00479617668316, 0.00660351430997, 0.00492449430749, 0.00429843831807, 0.00397047493607]}, "spectral_contrast_valleys": {"dmean": [0.418531566858, 0.393067121506, 0.344623267651, 0.295932590961, 0.306714951992, 0.259903877974], "dmean2": [0.662192106247, 0.618026852608, 0.543620407581, 0.440867036581, 0.418637871742, 0.335765480995], "dvar": [0.173891440034, 0.194152995944, 0.135915249586, 0.131504625082, 0.191669553518, 0.138413131237], "dvar2": [0.34812772274, 0.370821416378, 0.248829439282, 0.217577293515, 0.289994269609, 0.204156175256], "max": [-5.35647821426, -4.33863353729, -5.06279611588, -5.54520463943, -5.4827246666, -8.63569355011], "mean": [-8.0153093338, -7.88352775574, -8.17400550842, -8.49525642395, -8.78923034668, -11.7987470627], "median": [-7.3811249733, -7.30777549744, -7.59383010864, -7.91416692734, -8.2717256546, -11.2360858917], "min": [-28.1382522583, -27.9909934998, -27.8482627869, -27.8817157745, -27.592540741, -27.4530639648], "var": [8.7552318573, 9.17619419098, 8.93520641327, 8.66865634918, 8.59676551819, 6.49951219559]}, "spectral_decrease": {"dmean": 1.70921832243e-09, "dmean2": 2.4883837213e-09, "dvar": 9.73523669447e-18, "dvar2": 2.21123674971e-17, "max": 8.56480209272e-28, "mean": -4.56563320483e-09, "median": -2.83105583421e-09, "min": -4.84765436681e-08, "var": 2.63314154463e-17}, "spectral_energy": {"dmean": 0.00679921591654, "dmean2": 0.00986052770168, "dvar": 0.000153215019964, "dvar2": 0.000346663029632, "max": 0.185320913792, "mean": 0.0185300856829, "median": 0.0115798227489, "min": 9.88799102666e-21, "var": 0.000430272048106}, "spectral_energyband_high": {"dmean": 0.000123175195768, "dmean2": 0.000170857048943, "dvar": 7.81831559493e-08, "dvar2": 1.60854497722e-07, "max": 0.00501778861508, "mean": 0.000315789278829, "median": 0.000105106730189, "min": 7.00111049401e-21, "var": 2.71410641517e-07}, "spectral_energyband_low": {"dmean": 0.00332995015197, "dmean2": 0.00488608470187, "dvar": 4.73427317047e-05, "dvar2": 9.91336637526e-05, "max": 0.155463933945, "mean": 0.00679111806676, "median": 0.00344100245275, "min": 1.51289401011e-23, "var": 0.000105258121039}, "spectral_energyband_middle_high": {"dmean": 0.00249391421676, "dmean2": 0.0034674401395, "dvar": 2.82601977233e-05, "dvar2": 5.21970068803e-05, "max": 0.170209571719, "mean": 0.00693071167916, "median": 0.00217974092811, "min": 1.09015074008e-21, "var": 0.00015383840946}, "spectral_energyband_middle_low": {"dmean": 0.00301522365771, "dmean2": 0.00489373831078, "dvar": 6.78485885146e-05, "dvar2": 0.00017648220819, "max": 0.0989186316729, "mean": 0.00515275355428, "median": 0.00233329716139, "min": 1.68291016437e-22, "var": 8.77917627804e-05}, "spectral_entropy": {"dmean": 0.12897105515, "dmean2": 0.191176727414, "dvar": 0.0211219377816, "dvar2": 0.0398507453501, "max": 9.83030414581, "mean": 7.41368579865, "median": 7.42232656479, "min": 5.97379684448, "var": 0.234769269824}, "spectral_flux": {"dmean": 0.023309700191, "dmean2": 0.0366923734546, "dvar": 0.001088526682, "dvar2": 0.00245703198016, "max": 0.361866652966, "mean": 0.0647975876927, "median": 0.0497804991901, "min": 6.41853445393e-11, "var": 0.0029500562232}, "spectral_kurtosis": {"dmean": 2.30653452873, "dmean2": 3.93716073036, "dvar": 7.87613773346, "dvar2": 20.8525981903, "max": 38.3280792236, "mean": 6.30205106735, "median": 4.91420602798, "min": -1.25515043736, "var": 21.7569522858}, "spectral_rms": {"dmean": 0.00069653626997, "dmean2": 0.000965064449701, "dvar": 1.02638716726e-06, "dvar2": 2.03597051041e-06, "max": 0.0134462220594, "mean": 0.00359803275205, "median": 0.00336115877144, "min": 3.10593304548e-12, "var": 5.13234499522e-06}, "spectral_rolloff": {"dmean": 355.067321777, "dmean2": 583.953491211, "dvar": 432431.5, "dvar2": 989938.5625, "max": 19659.8144531, "mean": 1648.71740723, "median": 1270.45898438, "min": 21.533203125, "var": 6517649.5}, "spectral_skewness": {"dmean": 0.260836184025, "dmean2": 0.422915309668, "dvar": 0.0862674117088, "dvar2": 0.199178278446, "max": 4.88998699188, "mean": 1.69291424751, "median": 1.52845883369, "min": -0.0643330290914, "var": 0.439383685589}, "spectral_spread": {"dmean": 328215.7187