{"lowlevel": {"average_loudness": 0.865484893322, "barkbands": {"dmean": [0.00123511953279, 0.00501599628478, 0.00212670513429, 0.00148363551125, 0.00275153154507, 0.00199912884273, 0.00107867759652, 0.000452032429166, 0.000376195035642, 0.000267639145022, 0.00021065447072, 0.000214141866309, 0.000196250184672, 0.000145831043483, 0.000191283150343, 0.000176951667527, 0.000181805706234, 0.000241709742113, 0.000169364269823, 0.000139968804433, 7.50593389967e-05, 3.28603564412e-05, 1.32720670081e-05, 5.33253523827e-06, 1.63550123489e-06, 5.59641421205e-06, 4.94913074363e-05], "dmean2": [0.00208292342722, 0.00790999270976, 0.00365423806943, 0.00243082386442, 0.00433435989544, 0.00310187460855, 0.00169419741724, 0.00072835071478, 0.000598736980464, 0.000434518791735, 0.000342030456522, 0.000344395986758, 0.000316112971632, 0.000233845057664, 0.000306722824462, 0.00027628467069, 0.000282500986941, 0.000365643500118, 0.000247148738708, 0.00019990077999, 0.000104879036371, 4.50054249086e-05, 1.84805030585e-05, 7.69485450292e-06, 2.71139288088e-06, 7.77958302933e-06, 6.52743910905e-05], "dvar": [6.29596297586e-06, 0.00010055675375, 1.92241805053e-05, 8.14233408164e-06, 2.30570203712e-05, 1.39304174809e-05, 5.87383192396e-06, 1.43229760852e-06, 8.46019645451e-07, 2.73855789601e-07, 2.14968181922e-07, 1.966242138e-07, 2.1201628897e-07, 1.09011025984e-07, 1.28534964006e-07, 1.383825321e-07, 3.67824668501e-07, 9.86989107332e-07, 4.68044930813e-07, 4.57522219222e-07, 9.25941279206e-08, 1.15570770731e-08, 1.47547563056e-09, 1.89383175808e-10, 8.2048560654e-12, 2.03103436847e-10, 2.51425618103e-08], "dvar2": [1.60734653036e-05, 0.000246113253525, 5.21884503542e-05, 2.04351963475e-05, 5.53392055735e-05, 3.29892172886e-05, 1.40801594171e-05, 3.42166231349e-06, 2.03671220333e-06, 7.034356031e-07, 5.8126914837e-07, 5.02148736814e-07, 5.58817077945e-07, 2.52973876513e-07, 3.12966818683e-07, 3.32698590455e-07, 8.18543242076e-07, 2.68604776466e-06, 1.02793705992e-06, 9.07404739792e-07, 1.86252748335e-07, 2.2391910548e-08, 3.03231195709e-09, 3.55185464374e-10, 1.99971011972e-11, 3.90544846463e-10, 4.50823378628e-08], "max": [0.0386030972004, 0.132161855698, 0.0839744061232, 0.0706311017275, 0.0883360430598, 0.0671395584941, 0.0607330650091, 0.0389593094587, 0.0194123871624, 0.013569531031, 0.0112407999113, 0.011659857817, 0.0110583389178, 0.0129920560867, 0.00835133250803, 0.0135780349374, 0.01765152812, 0.0467366054654, 0.0222441423684, 0.024941785261, 0.00924713909626, 0.00385503657162, 0.00107217289042, 0.000427525606938, 4.62678872282e-05, 0.000470228667837, 0.00374261266552], "mean": [0.00141167838592, 0.00641138944775, 0.00234974571504, 0.00194624508731, 0.00493619590998, 0.00372394639999, 0.00182925583795, 0.000704056350514, 0.000641521648504, 0.00043257404468, 0.000320811785059, 0.000385675259167, 0.00032204692252, 0.000242255802732, 0.000330353097524, 0.000292839074973, 0.000283122062683, 0.000360562495189, 0.000257350649917, 0.000198743597139, 0.000111537468911, 5.26032636117e-05, 2.30223085964e-05, 9.16307908483e-06, 1.56113696903e-06, 1.00975858004e-05, 9.7590025689e-05], "median": [0.000642836093903, 0.00232039391994, 0.000908242305741, 0.00072852044832, 0.00225513149053, 0.00132470484823, 0.000506681972183, 0.000177185283974, 0.000152070570039, 0.000160964162205, 0.000107863961603, 0.000137441893457, 0.000118054740597, 9.98362229438e-05, 0.000145109879668, 0.000120718425023, 9.68274616753e-05, 0.000113550391688, 6.87219435349e-05, 3.52782080881e-05, 2.04154075618e-05, 1.28212122945e-05, 7.26112193661e-06, 2.71912335847e-06, 4.68723271752e-07, 3.39827397511e-06, 3.89995147998e-05], "min": [3.12271501452e-25, 1.82214917863e-24, 5.75733713508e-25, 1.57714850578e-24, 7.13488322285e-24, 9.46503081988e-24, 9.8772603411e-24, 4.6885470641e-24, 2.05852779901e-23, 2.02112569468e-23, 2.00474073814e-23, 1.92869502019e-23, 2.80861587519e-23, 4.65471952519e-23, 4.65927851013e-23, 4.98408031272e-23, 7.49754040923e-23, 8.25960907376e-23, 1.32824814637e-22, 1.55551455554e-22, 2.13839971323e-22, 3.10021906612e-22, 3.55769099087e-22, 6.30596373998e-22, 7.8356738349e-22, 1.25083966174e-21, 2.03770935582e-21], "var": [6.2348526626e-06, 0.000129088919493, 1.82950443559e-05, 1.24772323034e-05, 5.41076879017e-05, 4.17038536398e-05, 1.32487484734e-05, 3.05872390527e-06, 2.1611081138e-06, 6.20892592451e-07, 3.77389284267e-07, 5.50013055545e-07, 4.15859915393e-07, 1.95542043002e-07, 2.7254694146e-07, 2.58943401832e-07, 5.20793321357e-07, 1.26799136524e-06, 7.51348864014e-07, 7.93801689269e-07, 1.75488352738e-07, 2.08800052803e-08, 2.8066191593e-09, 4.7478487808e-10, 8.82415841785e-12, 4.68809546739e-10, 5.6214311428e-08]}, "barkbands_crest": {"dmean": 3.08784270287, "dmean2": 5.00496196747, "dvar": 7.14795684814, "dvar2": 18.0223293304, "max": 25.4329853058, "mean": 11.1373882294, "median": 10.1695137024, "min": 2.83457732201, "var": 21.1531066895}, "barkbands_flatness_db": {"dmean": 0.0290195345879, "dmean2": 0.0440810061991, "dvar": 0.00077770074131, "dvar2": 0.00182009697892, "max": 0.562725663185, "mean": 0.162247508764, "median": 0.148481145501, "min": 0.0335001498461, "var": 0.00452447403222}, "barkbands_kurtosis": {"dmean": 6.8512339592, "dmean2": 10.7754011154, "dvar": 237.306549072, "dvar2": 571.991394043, "max": 348.093566895, "mean": 11.6587467194, "median": 5.46721458435, "min": -1.93891882896, "var": 469.59576416}, "barkbands_skewness": {"dmean": 0.731840074062, "dmean2": 1.10825526714, "dvar": 0.707454741001, "dvar2": 1.57312738895, "max": 14.6573133469, "mean": 2.24333190918, "median": 1.98912119865, "min": -2.4102897644, "var": 2.67024087906}, "barkbands_spread": {"dmean": 4.92749071121, "dmean2": 7.50558710098, "dvar": 45.4805793762, "dvar2": 96.490234375, "max": 135.304550171, "mean": 15.1122236252, "median": 12.5553045273, "min": 0.207265168428, "var": 141.326156616}, "dissonance": {"dmean": 0.0207136888057, "dmean2": 0.0343707129359, "dvar": 0.000481356139062, "dvar2": 0.00129434710834, "max": 0.500000119209, "mean": 0.460463225842, "median": 0.468491315842, "min": 0.187470436096, "var": 0.00107288989238}, "dynamic_complexity": 3.97758221626, "erbbands": {"dmean": [0.202792704105, 0.981061041355, 2.23713421822, 3.53517651558, 8.50794696808, 8.95531463623, 8.9480342865, 19.3351860046, 19.6683063507, 9.63503360748, 10.4058818817, 8.59668922424, 6.29346227646, 8.82165908813, 8.17914676666, 8.7577047348, 8.65702533722, 7.60435009003, 7.19523382187, 11.0528812408, 8.28737449646, 10.1957235336, 12.9124059677, 10.602604866, 7.11838102341, 6.69594717026, 4.16427993774, 2.29849815369, 1.30492079258, 0.682881355286, 0.340474694967, 0.158289700747, 0.0636764466763, 0.0199735090137, 0.0115248570219, 0.00971276964992, 0.0121100246906, 0.0113329822198, 0.00738319568336, 0.000905193388462], "dmean2": [0.325272709131, 1.58664727211, 3.79241967201, 5.85793304443, 13.4359741211, 14.3943653107, 14.0777835846, 30.1539115906, 30.6119594574, 15.644744873, 16.6887149811, 13.5971860886, 10.0414075851, 14.3924026489, 13.1359701157, 14.0635929108, 13.7453632355, 12.0418710709, 11.3824186325, 17.5589580536, 12.8351669312, 15.6606912613, 19.7410297394, 15.3520965576, 10.2054662704, 9.45826148987, 5.78766918182, 3.16913986206, 1.79041218758, 0.949975430965, 0.475492328405, 0.223949760199, 0.0939668416977, 0.0324292890728, 0.0190786197782, 0.0148629657924, 0.0167338643223, 0.0150287356228, 0.00965976994485, 0.00122773076873], "dvar": [0.202791705728, 3.72715878487, 21.3090839386, 41.5965843201, 264.707763672, 312.950408936, 416.127960205, 1445.13793945, 1925.4967041, 430.307739258, 954.095214844, 414.091003418, 147.137756348, 331.034210205, 297.451416016, 344.109527588, 426.65133667, 275.729736328, 178.77053833, 489.962310791, 321.777435303, 1281.22558594, 3872.28442383, 1273.54077148, 862.24017334, 1188.61962891, 355.298156738, 68.0094146729, 18.8470993042, 4.57291173935, 0.953448295593, 0.180459588766, 0.0279631651938, 0.00115505116992, 0.000405126891565, 0.000395949638914, 0.00102691224311, 0.00114961259533, 0.000836849038024, 8.73847238836e-06], "dvar2": [0.504832684994, 9.47325325012, 56.58568573, 106.073623657, 631.836669922, 772.650756836, 1018.12493896, 3480.91552734, 4561.46337891, 1074.71435547, 2407.18066406, 981.982727051, 363.112243652, 862.520751953, 779.772094727, 882.011901855, 1079.14343262, 647.436035156, 426.828216553, 1186.84484863, 774.389526367, 2851.60424805, 11089.125, 2656.52050781, 1760.72583008, 2430.62768555, 706.278381348, 135.952011108, 35.5732803345, 9.56597518921, 2.00693249702, 0.352723389864, 0.0516750104725, 0.0027209923137, 0.000985160120763, 0.000773125095293, 0.00194727047347, 0.00217861006968, 0.00149350520223, 1.71870251506e-05], "max": [6.36367845535, 25.6519374847, 91.2673416138, 145.510162354, 423.738494873, 422.129608154, 487.200561523, 829.298950195, 1010.48144531, 668.412109375, 875.49017334, 498.558044434, 303.174194336, 499.61239624, 398.206787109, 488.447021484, 570.438964844, 422.609436035, 433.513183594, 456.647583008, 590.232666016, 1059.30078125, 3164.28735352, 1073.92810059, 900.546936035, 1473.83679199, 595.645568848, 228.752059937, 167.304382324, 88.3514175415, 26.6181335449, 16.5304527283, 6.11446332932, 0.579803347588, 0.319868713617, 0.706811368465, 1.22737407684, 1.14428961277, 0.81596404314, 0.0860474780202], "mean": [0.241521030664, 1.23112154007, 2.64637732506, 4.94612073898, 14.4741573334, 14.8249387741, 16.0002269745, 34.7109489441, 34.1031227112, 16.6503276825, 17.0650463104, 14.9780921936, 10.8075971603, 14.8889455795, 13.9899864197, 16.3096141815, 15.5511569977, 13.4649381638, 13.6775884628, 19.3732910156, 15.0595684052, 16.4411430359, 19.0072116852, 17.1640739441, 10.8327569962, 9.33589744568, 6.04212999344, 3.49154448509, 2.06071686745, 1.12688755989, 0.59649091959, 0.279843837023, 0.102555453777, 0.0225076992065, 0.0113426744938, 0.0140941189602, 0.0221284031868, 0.0198990534991, 0.0123485261574, 0.00185503787361], "median": [0.0814929679036, 0.433486431837, 1.0998994112, 2.29193925858, 5.59649848938, 6.68539524078, 6.79587841034, 12.1817741394, 9.69281673431, 5.72542381287, 4.11099147797, 3.68369555473, 4.3231511116, 5.74954366684, 5.57402944565, 6.14788770676, 5.97997570038, 5.88764333725, 6.30458021164, 8.5631275177, 6.9168844223, 5.80966329575, 6.11822891235, 5.26559925079, 2.65170383453, 1.64059138298, 1.00116896629, 0.707679152489, 0.483407109976, 0.31318718195, 0.188337519765, 0.0847424566746, 0.0314834043384, 0.00813394412398, 0.00371738779359, 0.00492168357596, 0.00703287357464, 0.0056642270647, 0.00294452812523, 0.000841020257212], "min": [4.34255685203e-23, 7.2865251658e-22, 3.72558512823e-21, 4.07157401816e-21, 1.18111948366e-20, 2.54756377524e-20, 3.79317305442e-20, 9.36360827839e-20, 1.64284247658e-19, 1.34820978968e-19, 2.67523651785e-19, 5.57828064434e-19, 6.75094771539e-19, 7.10519143163e-19, 7.70238843353e-19, 1.05040047073e-18, 1.71585341825e-18, 2.30212987831e-18, 2.39749304959e-18, 3.62948034429e-18, 3.71200277733e-18, 4.99253461385e-18, 5.57493800749e-18, 6.43032341097e-18, 8.28648692704e-18, 8.08129898583e-18, 8.04026421001e-18, 9.5519814472e-18, 1.03264069618e-17, 1.16537613569e-17, 9.20677002626e-18, 9.86367799126e-18, 1.06633747008e-17, 8.0169732855e-18, 5.68178244567e-18, 4.27617428309e-18, 2.23326440398e-18, 9.61277860184e-19, 2.71595784392e-19, 2.75716423388e-20], "var": [0.229934796691, 4.57404327393, 21.3259811401, 63.5801353455, 588.713012695, 656.88861084, 1171.24462891, 3447.13891602, 4475.19091797, 1087.79760742, 1878.17260742, 1117.68579102, 327.601318359, 742.560546875, 604.553039551, 954.658325195, 990.121887207, 554.25579834, 400.261352539, 993.447570801, 609.797058105, 1814.25671387, 4349.07666016, 2344.65356445, 1465.78173828, 1933.40405273, 677.176208496, 130.172927856, 34.4058647156, 7.8766245842, 1.82041883469, 0.41647413373, 0.0663555338979, 0.00155461044051, 0.000442060088972, 0.000899810751434, 0.00242931279354, 0.00234287325293, 0.00181922828779, 1.77012916538e-05]}, "erbbands_crest": {"dmean": 2.69650840759, "dmean2": 4.32122659683, "dvar": 6.53823947906, "dvar2": 15.306476593, "max": 33.0826187134, "mean": 9.26311016083, "median": 8.07744789124, "min": 2.46873903275, "var": 22.250043869}, "erbbands_flatness_db": {"dmean": 0.0216635428369, "dmean2": 0.0324963964522, "dvar": 0.00040423302562, "dvar2": 0.000910017755814, "max": 0.384850233793, "mean": 0.156282037497, "median": 0.152768135071, "min": 0.0341024883091, "var": 0.001639184542}, "erbbands_kurtosis": {"dmean": 1.35918307304, "dmean2": 2.07552599907, "dvar": 8.91922569275, "dvar2": 16.925863266, "max": 158.017593384, "mean": 1.00514006615, "median": -0.297440290451, "min": -1.84983348846, "var": 28.4519100189}, "erbbands_skewness": {"dmean": 0.441681146622, "dmean2": 0.657213866711, "dvar": 0.197222813964, "dvar2": 0.394194960594, "max": 9.31288719177, "mean": 0.439128369093, "median": 0.396890878677, "min": -5.14502334595, "var": 1.04131102562}, "erbbands_spread": {"dmean": 7.51129579544, "dmean2": 11.4649219513, "dvar": 58.8617401123, "dvar2": 127.86315918, "max": 108.702400208, "mean": 35.0664710999, "median": 34.1280097961, "min": 0.878622829914, "var": 215.7918396}, "gfcc": {"cov": [[19359.9238281, 181.723022461, -2307.70263672, 128.521316528, 44.6285362244, -1215.91638184, 36.4321937561, -508.635498047, 171.955429077, -294.371917725, -137.009475708, -52.4279060364, -265.481506348], [181.723022461, 1001.3762207, 202.659484863, -227.130096436, -57.6151618958, 197.326385498, -85.4483261108, -9.22108745575, -28.4619503021, 19.7489261627, 9.59891700745, -7.50747108459, 32.2308235168], [-2307.70263672, 202.659484863, 757.279174805, 151.810256958, -69.2901229858, 355.555145264, -45.7595214844, 197.255187988, -73.7980728149, 106.339103699, 6.2028131485, 20.5929012299, 51.1482620239], [128.521316528, -227.130096436, 151.810256958, 377.14050293, 143.73449707, -51.3799133301, 85.4498748779, 31.2982139587, 6.52745962143, -8.16549491882, 6.18057155609, 4.43132162094, -26.8402805328], [44.6285362244, -57.6151618958, -69.2901229858, 143.73449707, 232.928741455, -15.3468284607, 59.3361473083, -37.3678817749, 10.7428512573, -35.8747253418, 26.8608627319, -16.3038654327, -6.36915683746], [-1215.91638184, 197.326385498, 355.555145264, -51.3799133301, -15.3468284607, 432.780273438, -0.0899549648166, 99.9510192871, -82.5361175537, 86.3251953125, 4.87035083771, 24.6021633148, 44.4528198242], [36.4321937561, -85.4483261108, -45.7595214844, 85.4498748779, 59.3361473083, -0.0899549648166, 193.656494141, -5.35703039169, 32.8486404419, -14.3880968094, 10.3794469833, 16.5110206604, -13.2790231705], [-508.635498047, -9.22108745575, 197.255187988, 31.2982139587, -37.3678817749, 99.9510192871, -5.35703039169, 183.313079834, 20.9945220947, 50.823551178, 3.98722553253, -0.779281377792, 32.0793838501], [171.955429077, -28.4619503021, -73.7980728149, 6.52745962143, 10.7428512573, -82.5361175537, 32.8486404419, 20.9945220947, 143.03968811, 30.958770752, 7.41187095642, 10.8765535355, -12.7721920013], [-294.371917725, 19.7489261627, 106.339103699, -8.16549491882, -35.8747253418, 86.3251953125, -14.3880968094, 50.823551178, 30.958770752, 107.678382874, 39.9985046387, 16.6822929382, 18.7552108765], [-137.009475708, 9.59891700745, 6.2028131485, 6.18057155609, 26.8608627319, 4.87035083771, 10.3794469833, 3.98722553253, 7.41187095642, 39.9985046387, 86.1256713867, 41.5685958862, 9.41868495941], [-52.4279060364, -7.50747108459, 20.5929012299, 4.43132162094, -16.3038654327, 24.6021633148, 16.5110206604, -0.779281377792, 10.8765535355, 16.6822929382, 41.5685958862, 72.4146652222, 29.7610549927], [-265.481506348, 32.2308235168, 51.1482620239, -26.8402805328, -6.36915683746, 44.4528198242, -13.2790231705, 32.0793838501, -12.7721920013, 18.7552108765, 9.41868495941, 29.7610549927, 79.9478302002]], "icov": [[0.000189846105059, -0.000460404029582, 0.00133353914134, -0.00124781765044, 0.000743061944377, -0.000279899628367, 0.000334420532454, -0.000385146558983, 0.000264148548013, -0.00029134133365, 0.000324449996697, -0.000244254275458, 0.00013211350597], [-0.000460404029582, 0.00269286544062, -0.00415768334642, 0.00404905201867, -0.00163642852567, -1.28679482714e-06, -0.000565838185139, 0.00211630086415, -0.00194938108325, 0.00234640575945, -0.00243794964626, 0.00226164702326, -0.00108454294968], [0.00133353914134, -0.00415768334642, 0.0156385190785, -0.0161547698081, 0.0123363621533, -0.00864767935127, 0.00481566973031, -0.00302252802067, -0.00131969805807, 0.00274943280965, -0.00453594699502, 0.00541469454765, -0.00385748897679], [-0.00124781765044, 0.00404905201867, -0.0161547698081, 0.0248819384724, -0.0223781690001, 0.0151815088466, -0.00715328799561, -0.00316231162287, 0.0102071063593, -0.0142019661143, 0.0179976467043, -0.0199646744877, 0.0130434911698], [0.000743061944377, -0.00163642852567, 0.0123363621533, -0.0223781690001, 0.0298643782735, -0.0185219738632, 0.00531862257048, 0.00808004662395, -0.0171012170613, 0.0247926842421, -0.0308430287987, 0.0324757769704, -0.0189629122615], [-0.000279899628367, -1.28679482714e-06, -0.00864767935127, 0.0151815088466, -0.0185219738632, 0.018518153578, -0.00577923934907, -0.00699498318136, 0.0161845982075, -0.0216882862151, 0.0239586811513, -0.0247701667249, 0.0138469031081], [0.000334420532454, -0.000565838185139, 0.00481566973031, -0.00715328799561, 0.00531862257048, -0.00577923934907, 0.00866628065705, 0.000859226915054, -0.00517948856577, 0.00636519351974, -0.00592047767714, 0.0042284517549, -0.00260930950753], [-0.000385146558983, 0.00211630086415, -0.00302252802067, -0.00316231162287, 0.00808004662395, -0.00699498318136, 0.000859226915054, 0.0144797507674, -0.0114603890106, 0.0108880614862, -0.0145343532786, 0.0174590144306, -0.0115663930774], [0.000264148548013, -0.00194938108325, -0.00131969805807, 0.0102071063593, -0.0171012170613, 0.0161845982075, -0.00517948856577, -0.0114603890106, 0.0270253438503, -0.0276761297137, 0.0286410190165, -0.0300451293588, 0.01793131046], [-0.00029134133365, 0.00234640575945, 0.00274943280965, -0.0142019661143, 0.0247926842421, -0.0216882862151, 0.00636519351974, 0.0108880614862, -0.0276761297137, 0.0478283986449, -0.0441296771169, 0.0396218560636, -0.0229098387063], [0.000324449996697, -0.00243794964626, -0.00453594699502, 0.0179976467043, -0.0308430287987, 0.0239586811513, -0.00592047767714, -0.0145343532786, 0.0286410190165, -0.0441296771169, 0.0628303661942, -0.0555433370173, 0.0282766781747], [-0.000244254275458, 0.00226164702326, 0.00541469454765, -0.0199646744877, 0.0324757769704, -0.0247701667249, 0.0042284517549, 0.0174590144306, -0.0300451293588, 0.0396218560636, -0.0555433370173, 0.0703951567411, -0.0355891399086], [0.00013211350597, -0.00108454294968, -0.00385748897679, 0.0130434911698, -0.0189629122615, 0.0138469031081, -0.00260930950753, -0.0115663930774, 0.01793131046, -0.0229098387063, 0.0282766781747, -0.0355891399086, 0.0333848781884]], "mean": [-44.120098114, 109.559387207, -89.9802474976, 16.1409626007, -23.8194141388, -16.0333595276, -16.0036563873, -15.0208616257, -7.01003074646, -7.09579277039, -5.33270931244, 4.89412212372, -10.6763458252]}, "hfc": {"dmean": 5.19590425491, "dmean2": 7.01874303818, "dvar": 134.710037231, "dvar2": 246.780578613, "max": 254.484481812, "mean": 15.0707855225, "median": 10.6430568695, "min": 1.08105379073e-16, "var": 360.832550049}, "melbands": {"dmean": [0.0015855235979, 0.00114462384954, 0.000717543996871, 0.000665605941322, 0.000305083580315, 0.000422784418333, 0.000276113481959, 9.88693354884e-05, 8.77378479345e-05, 5.10929712618e-05, 3.2552437915e-05, 3.75234012608e-05, 2.87488255708e-05, 2.46461659117e-05, 2.10463240364e-05, 1.99331134354e-05, 1.47457712956e-05, 1.16187575259e-05, 1.50325395225e-05, 1.47465416376e-05, 9.62864942267e-06, 1.10324417619e-05, 1.13669275379e-05, 1.21391467474e-05, 8.89843977347e-06, 6.14654663877e-06, 4.92074832437e-06, 4.61611625724e-06, 3.00179408441e-06, 1.91642197933e-06, 1.19671744869e-06, 8.16458111785e-07, 5.21208676219e-07, 3.44137163211e-07, 2.2084309137e-07, 1.31753495225e-07, 8.94777087979e-08, 5.20635801138e-08, 2.41093189857e-08, 1.50269769961e-08], "dmean2": [0.00250561814755, 0.00188996666111, 0.00116481631994, 0.00104866479523, 0.000479859678308, 0.000656881020404, 0.000430521758972, 0.000160628012964, 0.000140773874591, 8.08004770079e-05, 5.21549591213e-05, 6.12058283878e-05, 4.64951590402e-05, 3.9256119635e-05, 3.40784172295e-05, 3.23741551256e-05, 2.36220294028e-05, 1.85897388292e-05, 2.40598383243e-05, 2.3302878617e-05, 1.51931535584e-05, 1.74002925633e-05, 1.74846682057e-05, 1.87079895113e-05, 1.31395154312e-05, 9.13260828383e-06, 7.17635975889e-06, 6.75262617733e-06, 4.30709087595e-06, 2.74010244539e-06, 1.70175314906e-06, 1.1452328863e-06, 7.28739394162e-07, 4.92547655995e-07, 3.16877589057e-07, 1.8848858474e-07, 1.29999975229e-07, 7.7609904281e-08, 3.80127787025e-08, 2.49382150486e-08], "dvar": [1.09818965939e-05, 4.87359784529e-06, 1.49637730829e-06, 1.40198881127e-06, 4.25933762926e-07, 6.51330253731e-07, 3.61876431043e-07, 4.76448889231e-08, 6.62153283315e-08, 1.42275258241e-08, 3.92259869031e-09, 6.13380413128e-09, 4.1444390142e-09, 2.68564703809e-09, 1.97691929493e-09, 2.34463182203e-09, 1.10389564156e-09, 5.39961575452e-10, 9.06877128948e-10, 9.52893763895e-10, 4.78942441262e-10, 1.32648381168e-09, 2.42290054686e-09, 2.57242849244e-09, 9.24920473544e-10, 6.54518383936e-10, 5.02193897578e-10, 6.70375976952e-10, 2.14820133904e-10, 6.10927211597e-11, 1.76070477642e-11, 8.08039659489e-12, 3.21047420419e-12, 1.10450743603e-12, 4.26490385976e-13, 1.29868812644e-13, 6.06660717755e-14, 2.19971966125e-14, 2.37295411965e-15, 6.95979338309e-16], "dvar2": [2.70379769063e-05, 1.24504003907e-05, 3.72753038391e-06, 3.37879714607e-06, 1.04326977635e-06, 1.55507939326e-06, 8.58259795677e-07, 1.1509773401e-07, 1.69081673107e-07, 3.31293108502e-08, 9.70978497605e-09, 1.59839963487e-08, 1.12159463939e-08, 6.86954804152e-09, 4.98173680086e-09, 6.28125951252e-09, 2.59803734082e-09, 1.28296584467e-09, 2.21444085291e-09, 2.30567120951e-09, 1.18259380066e-09, 3.07055914028e-09, 5.82354875434e-09, 7.23601045749e-09, 2.01123606658e-09, 1.44151113268e-09, 1.04184283423e-09, 1.4897184597e-09, 4.61121613116e-10, 1.31706742734e-10, 3.73028760658e-11, 1.54282784465e-11, 7.10237814741e-12, 2.35630807401e-12, 9.58994819319e-13, 2.68396741464e-13, 1.22576224886e-13, 4.16338547026e-14, 5.10762010689e-15, 1.69555455491e-15], "max": [0.0459995307028, 0.039287339896, 0.0249147508293, 0.0221770945936, 0.0128866117448, 0.0161477345973, 0.0134622212499, 0.00734536582604, 0.00715480418876, 0.00301185529679, 0.00155901769176, 0.00221113185398, 0.00174329685979, 0.00168249232229, 0.00132743117865, 0.00132792477962, 0.000820057699457, 0.00103260576725, 0.000830577337183, 0.00101633963641, 0.000556002138183, 0.00107050780207, 0.00190374965314, 0.00237869354896, 0.000975393631961, 0.000752250547521, 0.000832753314171, 0.00102138891816, 0.00050582451513, 0.000239026776399, 0.000126900544274, 0.000126470753457, 8.11979334685e-05, 3.542243212e-05, 2.10319594771e-05, 1.39073317769e-05, 9.21044374991e-06, 5.48757816432e-06, 1.75985655915e-06, 4.17366948113e-07], "mean": [0.00202332064509, 0.00147426244803, 0.00111796427518, 0.0011676318245, 0.000549890683033, 0.000784198986366, 0.000482919596834, 0.00016363132454, 0.000142454882734, 8.72709570103e-05, 5.28712516825e-05, 6.10908100498e-05, 4.58819195046e-05, 4.30151812907e-05, 3.84466329706e-05, 3.16072582791e-05, 2.41248453676e-05, 2.03859563044e-05, 2.53963917203e-05, 2.43300310103e-05, 1.606843216e-05, 1.68081296579e-05, 1.65457713592e-05, 1.74755659827e-05, 1.37323031595e-05, 8.84204109752e-06, 6.81383380652e-06, 6.06369576417e-06, 4.11437167713e-06, 2.70539089797e-06, 1.77266463197e-06, 1.2385833088e-06, 8.11269330825e-07, 5.49962919649e-07, 3.69022785662e-07, 2.2339708039e-07, 1.50009896061e-07, 8.20910344146e-08, 3.12304102579e-08, 1.42561349392e-08], "median": [0.000757103553042, 0.00063888245495, 0.000557058665436, 0.000497029453982, 0.000246915355092, 0.000275857077213, 0.000139779833262, 5.220220919e-05, 3.09352544718e-05, 2.13741877815e-05, 2.00934409804e-05, 2.23222068598e-05, 1.66907284438e-05, 1.60242543643e-05, 1.39234789458e-05, 1.17855652206e-05, 9.70166183833e-06, 8.55393227539e-06, 1.09408802018e-05, 9.90454918792e-06, 6.76337867844e-06, 5.6227377172e-06, 5.04782929056e-06, 5.22072059539e-06, 4.02322211812e-06, 2.05487913263e-06, 1.40139934501e-06, 9.46756586018e-07, 6.02046839049e-07, 4.95678136758e-07, 3.58484385288e-07, 2.74045333981e-07, 2.06642582157e-07, 1.52813882437e-07, 1.14965750697e-07, 6.9844219297e-08, 4.23368788915e-08, 2.36809079013e-08, 1.07659756665e-08, 4.23046575548e-09], "min": [7.20453352711e-25, 2.12953119694e-24, 1.30066212622e-24, 1.36799919448e-24, 1.36686145984e-24, 2.33509612149e-24, 2.62974336099e-24, 1.81990230556e-24, 2.54849206825e-24, 3.19742936206e-24, 2.9370025142e-24, 2.67594576091e-24, 2.37022685861e-24, 1.98907135732e-24, 2.39594254083e-24, 2.29721147095e-24, 4.35044246341e-24, 2.48424822221e-24, 3.3409643787e-24, 4.1865274225e-24, 3.68954544664e-24, 4.41540870883e-24, 3.38161517001e-24, 4.68617969252e-24, 4.4443307162e-24, 5.53049357507e-24, 4.58944680731e-24, 5.07679600265e-24, 4.64377999659e-24, 4.99073679992e-24, 5.29622042445e-24, 5.52308104358e-24, 6.05259051557e-24, 5.45562515314e-24, 4.73977135255e-24, 5.65582740126e-24, 5.94244107851e-24, 6.73671751385e-24, 5.72866095649e-24, 6.08599009744e-24], "var": [1.34847714435e-05, 5.62123977943e-06, 2.61178229266e-06, 3.31359319716e-06, 1.11280587589e-06, 1.72423119693e-06, 8.62918113853e-07, 1.16804478978e-07, 1.34279432018e-07, 3.98574897531e-08, 8.39358271776e-09, 1.3787088804e-08, 7.4180719345e-09, 6.30257446232e-09, 6.06451688867e-09, 4.21372492454e-09, 1.98246397076e-09, 1.0540807116e-09, 1.7745408476e-09, 1.77732883966e-09, 8.07446165485e-10, 1.79872838846e-09, 3.25727933514e-09, 3.09582737223e-09, 1.58116997273e-09, 1.02328634455e-09, 7.61962215545e-10, 9.74154645839e-10, 3.69073244189e-10, 1.03661981776e-10, 3.0966659792e-11, 1.39471854205e-11, 4.78235203175e-12, 1.87206153357e-12, 7.27256850661e-13, 2.60201338557e-13, 1.34372927282e-13, 4.8587751254e-14, 4.61022330202e-15, 7.45131072051e-16]}, "melbands_crest": {"dmean": 3.91262745857, "dmean2": 6.32950162888, "dvar": 11.3534870148, "dvar2": 28.2733364105, "max": 36.6396865845, "mean": 15.516866684, "median": 14.531504631, "min": 1.00031137466, "var": 37.8609695435}, "melbands_flatness_db": {"dmean": 0.0353352651, "dmean2": 0.0527288243175, "dvar": 0.00111927231774, "dvar2": 0.00250000553206, "max": 0.707885146141, "mean": 0.26662671566, "median": 0.255552709103, "min": 4.05547950777e-07, "var": 0.00739165395498}, "melbands_kurtosis": {"dmean": 11.0945034027, "dmean2": 17.4637069702, "dvar": 469.781555176, "dvar2": 1152.76501465, "max": 499.277984619, "mean": 20.5678539276, "median": 11.0561189651, "min": -1.91413247585, "var": 926.577087402}, "melbands_skewness": {"dmean": 0.889938235283, "dmean2": 1.35710954666, "dvar": 1.00537514687, "dvar2": 2.27637672424, "max": 19.1870708466, "mean": 3.08654403687, "median": 2.72182917595, "min": -2.84722161293, "var": 3.46109294891}, "melbands_spread": {"dmean": 5.70863485336, "dmean2": 8.57402229309, "dvar": 102.395324707, "dvar2": 183.756698608, "max": 272.153015137, "mean": 16.08710289, "median": 10.976852417, "min": 0.197803497314, "var": 418.540222168}, "mfcc": {"cov": [[10472.0351562, 0.450840383768, -1910.47558594, 814.404968262, -511.396118164, -136.273864746, -626.855957031, 36.8273277283, -261.063049316, 10.4912586212, -121.224601746, 65.9121170044, -136.564346313], [0.450840383768, 1155.53039551, 233.375442505, -274.858612061, 76.3591690063, 47.1623077393, 13.7422380447, -39.3825874329, -1.5389765501, -14.589214325, 13.2798690796, -54.7517738342, 23.1252117157], [-1910.47558594, 233.375442505, 849.377685547, -153.971115112, 144.715072632, 49.3246269226, 174.078063965, 10.06615448, 107.64100647, 16.6461982727, 56.0130271912, 7.63510704041, 44.5452194214], [814.404968262, -274.858612061, -153.971115112, 516.769287109, 15.7111692429, -16.6852226257, -28.8365783691, 60.3866996765, -23.509431839, 23.1027164459, -11.6933927536, 43.732875824, -21.8350543976], [-511.396118164, 76.3591690063, 144.715072632, 15.7111692429, 223.66242981, 37.0262908936, 69.2491531372, 0.513276934624, 16.8803043365, -3.75749969482, 14.3947935104, 1.66816902161, 24.2120494843], [-136.273864746, 47.1623077393, 49.3246269226, -16.6852226257, 37.0262908936, 195.62171936, 93.6319351196, 23.5553379059, -0.450857520103, 2.77827954292, 1.64111733437, 10.227725029, 1.58855128288], [-626.855957031, 13.7422380447, 174.078063965, -28.8365783691, 69.2491531372, 93.6319351196, 214.406402588, 40.8976249695, 25.8841571808, -13.3636760712, 16.742231369, -2.99182963371, 12.1237125397], [36.8273277283, -39.3825874329, 10.06615448, 60.3866996765, 0.513276934624, 23.5553379059, 40.8976249695, 102.557609558, 29.5449695587, 18.9637870789, -6.42250823975, 15.2195167542, -4.5113735199], [-261.063049316, -1.5389765501, 107.64100647, -23.509431839, 16.8803043365, -0.450857520103, 25.8841571808, 29.5449695587, 110.740791321, 37.9821548462, 18.2637252808, -4.17954492569, 5.86071968079], [10.4912586212, -14.589214325, 16.6461982727, 23.1027164459, -3.75749969482, 2.77827954292, -13.3636760712, 18.9637870789, 37.9821548462, 85.171585083, 27.0349502563, 14.9232435226, -0.587177276611], [-121.224601746, 13.2798690796, 56.0130271912, -11.6933927536, 14.3947935104, 1.64111733437, 16.742231369, -6.42250823975, 18.2637252808, 27.0349502563, 81.2652587891, 27.2960758209, 11.1097354889], [65.9121170044, -54.7517738342, 7.63510704041, 43.732875824, 1.66816902161, 10.227725029, -2.99182963371, 15.2195167542, -4.17954492569, 14.9232435226, 27.2960758209, 80.8468856812, 25.1425018311], [-136.564346313, 23.1252117157, 44.5452194214, -21.8350543976, 24.2120494843, 1.58855128288, 12.1237125397, -4.5113735199, 5.86071968079, -0.587177276611, 11.1097354889, 25.1425018311, 66.0107116699]], "icov": [[0.000220236761379, -0.00018065579934, 0.000403801415814, -0.000299003790133, 0.000258573738392, -8.91515010153e-05, 0.000263017078396, -6.77610587445e-05, -5.70056763536e-05, 8.28322445159e-05, -3.1347899494e-05, -0.000183248266694, 8.27578842291e-05], [-0.00018065579934, 0.00126094580628, -0.000606039830018, 0.000741134805139, -0.000537773943506, -0.000280712934909, 0.000312007614411, -0.000219432986341, 0.000549522927031, -9.07744470169e-05, -0.000316949037369, 0.00104050617665, -0.000422228273237], [0.000403801415814, -0.000606039830018, 0.00261059403419, -0.000259394495515, -0.000170554456417, 0.000175440232852, -0.00081777543528, 0.000356174394256, -0.00156520341989, 0.00014281681797, -0.000280119333183, -0.000971613975707, -9.44815565163e-06], [-0.000299003790133, 0.000741134805139, -0.000259394495515, 0.00313786650077, -0.00123615015764, 0.000430773303378, -6.1176782765e-05, -0.00142181990668, 0.00092457170831, -0.000774638610892, 0.000409535859944, -0.000912410207093, 0.000881490239408], [0.000258573738392, -0.000537773943506, -0.000170554456417, -0.00123615015764, 0.00604392960668, -0.000579945161007, -0.000883974018507, 0.000784685777035, -0.000408995110774, 0.000435013236711, -0.000369221961591, 0.000401262164814, -0.00160788849462], [-8.91515010153e-05, -0.000280712934909, 0.000175440232852, 0.000430773303378, -0.000579945161007, 0.00703849410638, -0.00356511352584, -0.000126173676108, 0.000852307071909, -0.00144421635196, 0.00129248062149, -0.0017915571807, 0.00100382766686], [0.000263017078396, 0.000312007614411, -0.00081777543528, -6.1176782765e-05, -0.000883974018507, -0.00356511352584, 0.00911411084235, -0.00375033332966, -6.30835056654e-05, 0.00301371677779, -0.0026661795564, 0.00224937684834, -0.000929383037146], [-6.77610587445e-05, -0.000219432986341, 0.000356174394256, -0.00142181990668, 0.000784685777035, -0.000126173676108, -0.00375033332966, 0.0145113850012, -0.00405545393005, -0.00225607352331, 0.00400555506349, -0.00392915075645, 0.00178419996519], [-5.70056763536e-05, 0.000549522927031, -0.00156520341989, 0.00092457170831, -0.000408995110774, 0.000852307071909, -6.30835056654e-05, -0.00405545393005, 0.0140945557505, -0.00540215941146, -0.00153839192353, 0.0034168465063, -0.00142640131526], [8.28322445159e-05, -9.07744470169e-05, 0.00014281681797, -0.000774638610892, 0.000435013236711, -0.00144421635196, 0.00301371677779, -0.00225607352331, -0.00540215941146, 0.0171815361828, -0.00521294679493, -0.00098507036455, 0.000903065432794], [-3.1347899494e-05, -0.000316949037369, -0.000280119333183, 0.000409535859944, -0.000369221961591, 0.00129248062149, -0.0026661795564, 0.00400555506349, -0.00153839192353, -0.00521294679493, 0.0176956113428, -0.00677396496758, 0.000930541951675], [-0.000183248266694, 0.00104050617665, -0.000971613975707, -0.000912410207093, 0.000401262164814, -0.0017915571807, 0.00224937684834, -0.00392915075645, 0.0034168465063, -0.00098507036455, -0.00677396496758, 0.0199686363339, -0.00795330107212], [8.27578842291e-05, -0.000422228273237, -9.44815565163e-06, 0.000881490239408, -0.00160788849462, 0.00100382766686, -0.000929383037146, 0.00178419996519, -0.00142640131526, 0.000903065432794, 0.000930541951675, -0.00795330107212, 0.0196317285299]], "mean": [-697.985900879, 158.587234497, -6.05043554306, 39.8782424927, 5.04937124252, 12.6906309128, -5.82452630997, 6.62097167969, -8.48334598541, 0.577668786049, -4.00913715363, 2.11116600037, -1.05885338783]}, "pitch_salience": {"dmean": 0.0826563686132, "dmean2": 0.132877215743, "dvar": 0.00532121770084, "dvar2": 0.0133469970897, "max": 0.996094107628, "mean": 0.560709774494, "median": 0.581996202469, "min": 0.0829776898026, "var": 0.0172135364264}, "silence_rate_20dB": {"dmean": 0, "dmean2": 0, "dvar": 0, "dvar2": 0, "max": 1, "mean": 1, "median": 1, "min": 1, "var": 0}, "silence_rate_30dB": {"dmean": 0.00312134227715, "dmean2": 0.00624329317361, "dvar": 0.00311151728965, "dvar2": 0.00854521989822, "max": 1, "mean": 0.997951805592, "median": 1, "min": 0, "var": 0.00204386771657}, "silence_rate_60dB": {"dmean": 0.026921575889, "dmean2": 0.0538484044373, "dvar": 0.0261930339038, "dvar2": 0.0618907138705, "max": 1, "mean": 0.0743197128177, "median": 0, "min": 0, "var": 0.0687960907817}, "spectral_centroid": {"dmean": 229.735275269, "dmean2": 335.898803711, "dvar": 97854.890625, "dvar2": 172778.90625, "max": 11458.2177734, "mean": 994.592773438, "median": 774.225769043, "min": 118.855377197, "var": 1083212.375}, "spectral_complexity": {"dmean": 3.50175571442, "dmean2": 4.89649772644, "dvar": 18.0063247681, "dvar2": 27.0824375153, "max": 58, "mean": 15.8498973846, "median": 15, "min": 0, "var": 114.268486023}, "spectral_contrast_coeffs": {"dmean": [0.0565921925008, 0.0515347607434, 0.0367817804217, 0.0311162602156, 0.0232928004116, 0.0340274721384], "dmean2": [0.0922016203403, 0.0835795253515, 0.0605865009129, 0.0505127795041, 0.0371013507247, 0.0519128851593], "dvar": [0.0021524685435, 0.00166332302615, 0.000834059261251, 0.000627102970611, 0.000384439365007, 0.000984597834758], "dvar2": [0.00549852894619, 0.00437859632075, 0.00221266504377, 0.00158062262926, 0.000925834581722, 0.00215240404941], "max": [-0.2886685431, -0.438310205936, -0.584194242954, -0.598308086395, -0.631421327591, -0.491791218519], "mean": [-0.658540844917, -0.73132532835, -0.809061586857, -0.811823546886, -0.818640351295, -0.744714796543], "median": [-0.663551449776, -0.735661566257, -0.811853528023, -0.810302376747, -0.811706483364, -0.741477847099], "min": [-0.985415279865, -0.99730181694, -0.998681426048, -0.987571179867, -0.988305211067, -0.965507149696], "var": [0.00954648479819, 0.00643777754158, 0.00307426229119, 0.00292577245273, 0.00339617696591, 0.00550106819719]}, "spectral_contrast_valleys": {"dmean": [0.431710600853, 0.390720754862, 0.357486367226, 0.332980185747, 0.371758669615, 0.533092677593], "dmean2": [0.682998776436, 0.616232633591, 0.553298652172, 0.497130513191, 0.511444211006, 0.823443114758], "dvar": [0.139618948102, 0.113344140351, 0.103145219386, 0.118237420917, 0.167088329792, 0.20848326385], "dvar2": [0.306470006704, 0.248932674527, 0.213503316045, 0.240161374211, 0.326790124178, 0.512456119061], "max": [-5.06856584549, -4.59061956406, -5.43233633041, -5.85824203491, -5.15078115463, -9.17878913879], "mean": [-7.16341733932, -6.90838956833, -7.61686515808, -7.95610666275, -8.03525161743, -11.4175920486], "median": [-6.91472530365, -6.64025306702, -7.31525278091, -7.57969331741, -7.69336986542, -11.2352962494], "min": [-28.5583553314, -28.0197410583, -27.8193740845, -27.7220611572, -27.587146759, -27.4095783234], "var": [3.76940751076, 4.03987312317, 3.7730050087, 3.87822246552, 4.04324626923, 2.61097598076]}, "spectral_decrease": {"dmean": 2.76259948251e-09, "dmean2": 4.17731360614e-09, "dvar": 1.3992532648e-17, "dvar2": 3.20751193918e-17, "max": 9.7091132192e-20, "mean": -6.9782402079e-09, "median": -5.72512481867e-09, "min": -4.43411281026e-08, "var": 3.17359224011e-17}, "spectral_energy": {"dmean": 0.0107367383316, "dmean2": 0.0161658711731, "dvar": 0.000205698117497, "dvar2": 0.000469870050438, "max": 0.168636634946, "mean": 0.0277044214308, "median": 0.0231224577874, "min": 9.96831559558e-21, "var": 0.000483675248688}, "spectral_energyband_high": {"dmean": 0.000234554958297, "dmean2": 0.000306324916892, "dvar": 7.94115806002e-07, "dvar2": 1.48631147567e-06, "max": 0.0276479888707, "mean": 0.000398873758968, "median": 0.000105946790427, "min": 7.09574593376e-21, "var": 1.65325354828e-06}, "spectral_energyband_low": {"dmean": 0.00718505959958, "dmean2": 0.011251620017, "dvar": 0.00015913140669, "dvar2": 0.000375394592993, "max": 0.15610563755, "mean": 0.0106052067131, "median": 0.00525828218088, "min": 1.31845368093e-23, "var": 0.000229301964282}, "spectral_energyband_middle_high": {"dmean": 0.001228883164, "dmean2": 0.00173616281245, "dvar": 5.7974284573e-06, "dvar2": 1.16350038297e-05, "max": 0.066184848547, "mean": 0.00327954324894, "median": 0.00205818470567, "min": 1.24966967374e-21, "var": 1.72851123352e-05}, "spectral_energyband_middle_low": {"dmean": 0.0054064267315, "dmean2": 0.00831496808678, "dvar": 5.57439816475e-05, "dvar2": 0.000133624198497, "max": 0.125187933445, "mean": 0.0138822076842, "median": 0.00981686357409, "min": 1.84658580178e-22, "var": 0.000191317463759}, "spectral_entropy": {"dmean": 0.216076523066, "dmean2": 0.322425991297, "dvar": 0.051277205348, "dvar2": 0.118867740035, "max": 9.82062721252, "mean": 7.29834699631, "median": 7.36231946945, "min": 4.91271209717, "var": 0.250681191683}, "spectral_flux": {"dmean": 0.0258396286517, "dmean2": 0.0412211455405, "dvar": 0.000841772183776, "dvar2": 0.00189555401448, "max": 0.306299209595, "mean": 0.0857109129429, "median": 0.0790232941508, "min": 6.40643024741e-11, "var": 0.00220469362102}, "spectral_kurtosis": {"dmean": 2.65871810913, "dmean2": 4.20049238205, "dvar": 17.1746578217, "dvar2": 43.3610076904, "max": 80.9381790161, "mean": 10.4519872665, "median": 9.29599285126, "min": -1.26535367966, "var": 33.4474906921}, "spectral_rms": {"dmean": 0.000951550027821, "dmean2": 0.00138685374986, "dvar": 1.06553318346e-06, "dvar2": 2.20958395403e-06, "max": 0.0128266736865, "mean": 0.00475432071835, "median": 0.0047495784238, "min": 3.11852301794e-12, "var": 4.42523196398e-06}, "spectral_rolloff": {"dmean": 308.199951172, "dmean2": 498.719238281, "dvar": 316227.65625, "dvar2": 617195.375, "max": 19379.8828125, "mean": 951.987426758, "median": 495.263671875, "min": 43.06640625, "var": 3281428.5}, "spectral_skewness": {"dmean": 0.293588548899, "dmean2": 0.44553488493, "dvar": 0.128958195448, "dvar2": 0.311177968979, "max": 7.65585327148, "mean": 2.13556194305, "median": 2.04672789574, "min": -0.0692258551717, "var": 0.482146054506}, "spectral_spread": {"dmean": 452820.84375, "dmean2": 704047.125, "dvar": 352263897088, "dvar2": 775872446464, "max": 42223584, "mean": 3765444, "median": 3416344, "min": 1092238.875, "var": 10167063150600.0}, "spectral_strongpe