{"lowlevel": {"average_loudness": 0.908917427063, "barkbands": {"dmean": [9.59396311373e-06, 0.00144159852061, 0.00280572660267, 0.00269832438789, 0.00180632085539, 0.000539340428077, 0.000303940032609, 0.000635411823168, 0.000569055322558, 0.000604285742156, 0.000368855311535, 0.000633892486803, 0.000585065688938, 0.000498337321915, 0.000599918421358, 0.000375361647457, 0.000254472135566, 0.000174593558768, 0.000181193274329, 0.00020871750894, 0.000179003342055, 0.0001707393385, 0.000100984652818, 6.23397863819e-05, 5.50188924535e-05, 4.10591055697e-05, 7.66981866906e-10], "dmean2": [1.4535160517e-05, 0.00237165554427, 0.00517035881057, 0.00495604798198, 0.00336661492474, 0.000966413528658, 0.00052206160035, 0.00101240188815, 0.00093283544993, 0.000967202358879, 0.000612924981397, 0.00100228923839, 0.000958922086284, 0.000831735145766, 0.000983733218163, 0.000603272230364, 0.000409807398682, 0.00028109876439, 0.000293595745461, 0.000343664374668, 0.00028378519346, 0.000269669457339, 0.000152127235197, 9.41684047575e-05, 8.35689133964e-05, 6.10007482464e-05, 1.44376821609e-09], "dvar": [6.15576423169e-10, 1.7815918909e-05, 8.7499145593e-05, 8.34442544146e-05, 3.91334724554e-05, 2.68990424956e-06, 6.93247727668e-07, 2.02903174795e-06, 2.05145329346e-06, 2.52302038461e-06, 1.20103709378e-06, 3.25003838952e-06, 2.11176916309e-06, 1.14204146939e-06, 2.24195173359e-06, 8.2248044464e-07, 2.7247278922e-07, 1.197158781e-07, 1.55928788104e-07, 2.62796561401e-07, 1.71374097135e-07, 1.29847336439e-07, 7.20804749221e-08, 3.44776367456e-08, 1.09452411579e-08, 8.81556250221e-09, 2.69828445805e-18], "dvar2": [1.35179423211e-09, 4.4521781092e-05, 0.000247695570579, 0.000230930119869, 0.000111683126306, 7.63715434005e-06, 1.9399485609e-06, 5.01583826917e-06, 5.34984292244e-06, 6.35815831629e-06, 3.26325061906e-06, 7.61042520026e-06, 5.39556776857e-06, 2.92570598504e-06, 5.72654607822e-06, 1.81940174571e-06, 6.54068344375e-07, 2.9313792993e-07, 4.08315997902e-07, 7.2088005254e-07, 4.47976816531e-07, 3.21341701692e-07, 1.57208390306e-07, 7.70851542597e-08, 2.38499495708e-08, 1.84392394686e-08, 8.918787096e-18], "max": [0.000285224115942, 0.0408833697438, 0.0970232784748, 0.0966014862061, 0.0853269994259, 0.0281517505646, 0.0120628857985, 0.0348986685276, 0.0252343919128, 0.0361464470625, 0.0245616026223, 0.0549467839301, 0.0386027172208, 0.0239901468158, 0.0381624400616, 0.042403113097, 0.0163023509085, 0.00769649725407, 0.0076008560136, 0.0101488316432, 0.00901586469263, 0.00496479636058, 0.00710461009294, 0.00688123842701, 0.00179347768426, 0.00118296500295, 2.56479033567e-08], "mean": [9.20792444958e-06, 0.00119697174523, 0.0018312195316, 0.00179393379949, 0.00126509403344, 0.000521127542015, 0.000341276114341, 0.000924899417441, 0.000795651460066, 0.000850014155731, 0.000522851420101, 0.00102251034696, 0.000878468737938, 0.000630635360721, 0.000914930540603, 0.000530663819518, 0.000382774480386, 0.000269077776466, 0.000292046839604, 0.000308687536744, 0.000289643154247, 0.000272159988526, 0.000158374430612, 9.20790989767e-05, 7.9181183537e-05, 5.64270922041e-05, 6.0046417838e-10], "median": [6.61654325995e-07, 9.07043067855e-05, 9.68650419964e-05, 0.000131026608869, 0.000227753916988, 0.000165513978573, 0.000132632470923, 0.000285980262561, 0.000185210810741, 0.000150526728248, 6.33885938441e-05, 0.000191565908608, 0.000156357724336, 0.000106024992419, 0.000198388661374, 0.000115176342661, 9.88075626083e-05, 7.81815033406e-05, 7.97273023636e-05, 9.99670737656e-05, 9.04740736587e-05, 8.22454749141e-05, 5.144449824e-05, 2.97942970064e-05, 1.90549581021e-05, 6.75952560414e-06, 1.62578117635e-10], "min": [2.60549071992e-25, 3.33923204015e-24, 1.17262063358e-24, 8.79034412005e-25, 4.76011291985e-24, 6.33161337876e-24, 6.58190435006e-24, 2.82457524128e-24, 8.66924292705e-24, 2.3036765805e-23, 1.08581954661e-23, 2.59532113929e-23, 2.84722619888e-23, 2.91057961818e-23, 4.44862488053e-23, 4.44303122563e-23, 7.4630659255e-23, 8.73494825625e-23, 1.27712970728e-22, 1.50857139945e-22, 2.48074717074e-22, 3.15067789127e-22, 3.64847588063e-22, 5.94045179219e-22, 9.06923873024e-22, 1.32912838892e-21, 1.88946368626e-21], "var": [6.8863154068e-10, 1.45672911458e-05, 5.27816446265e-05, 5.21990659763e-05, 2.26231350098e-05, 1.88260708001e-06, 5.10893698902e-07, 3.08902690449e-06, 3.41288159689e-06, 4.48319497082e-06, 2.46628155764e-06, 8.71251995704e-06, 5.00738269693e-06, 1.82418375516e-06, 4.62173147753e-06, 1.94777135221e-06, 5.86083388043e-07, 2.17147530179e-07, 2.6369403372e-07, 3.02009397046e-07, 2.71238377536e-07, 2.51653261785e-07, 1.31886451982e-07, 5.18175689024e-08, 2.17363016475e-08, 1.61051403325e-08, 1.82573753839e-18]}, "barkbands_crest": {"dmean": 2.73465013504, "dmean2": 4.44087791443, "dvar": 6.76491641998, "dvar2": 16.8704299927, "max": 26.3518047333, "mean": 9.00704097748, "median": 7.76847410202, "min": 2.09031653404, "var": 21.1847553253}, "barkbands_flatness_db": {"dmean": 0.0236926302314, "dmean2": 0.0373094305396, "dvar": 0.000542421068531, "dvar2": 0.00132718402892, "max": 0.388313829899, "mean": 0.130563870072, "median": 0.122009687126, "min": 0.0304381735623, "var": 0.00220980332233}, "barkbands_kurtosis": {"dmean": 1.87497675419, "dmean2": 3.07783770561, "dvar": 9.12935066223, "dvar2": 23.5163459778, "max": 69.1038970947, "mean": 1.50940299034, "median": 0.401952147484, "min": -1.80011892319, "var": 13.3432750702}, "barkbands_skewness": {"dmean": 0.55919700861, "dmean2": 0.849387228489, "dvar": 0.358283609152, "dvar2": 0.810228765011, "max": 5.68003225327, "mean": 0.515625238419, "median": 0.501335382462, "min": -5.92729234695, "var": 1.17223656178}, "barkbands_spread": {"dmean": 7.26029682159, "dmean2": 11.4640731812, "dvar": 62.9591331482, "dvar2": 150.647644043, "max": 103.890594482, "mean": 24.2553291321, "median": 21.7922267914, "min": 0.645990967751, "var": 192.594787598}, "dissonance": {"dmean": 0.0204805526882, "dmean2": 0.0345647521317, "dvar": 0.000539392640349, "dvar2": 0.00144707586151, "max": 0.500000059605, "mean": 0.465639412403, "median": 0.476345300674, "min": 0.222027435899, "var": 0.00113466929179}, "dynamic_complexity": 4.60797166824, "erbbands": {"dmean": [0.0230418164283, 0.419912427664, 2.60951256752, 6.89025449753, 8.61170101166, 4.66399002075, 3.90430164337, 4.4115152359, 4.59021902084, 5.76869773865, 16.2044410706, 12.9939374924, 12.1303262711, 20.2944927216, 15.6256446838, 28.2039337158, 21.2079811096, 26.809419632, 33.1049613953, 23.9032993317, 17.1158466339, 12.8345355988, 9.97267913818, 8.08761692047, 9.98467636108, 9.85896396637, 7.46392297745, 7.25662565231, 6.23295640945, 4.32493400574, 2.62528848648, 1.58651232719, 0.939597249031, 0.627306461334, 0.382115155458, 0.189452618361, 0.0808188542724, 0.00762495864183, 0.000138815157698, 1.92610805243e-05], "dmean2": [0.0354523062706, 0.707501471043, 4.76262712479, 12.6136369705, 16.0191669464, 8.71754932404, 7.00919389725, 7.95094633102, 8.10765457153, 9.41051006317, 25.7561588287, 21.2331790924, 19.7890853882, 32.6135368347, 25.5641002655, 44.5871238708, 34.2270431519, 44.2061424255, 54.5462188721, 38.5203361511, 27.3174190521, 20.6314601898, 15.9191160202, 13.1089582443, 16.2582969666, 16.0714836121, 11.8766136169, 11.6468601227, 9.90045070648, 6.6382522583, 3.97663712502, 2.4223845005, 1.41649067402, 0.958991408348, 0.58555316925, 0.283130139112, 0.12134437263, 0.011603876017, 0.000208448924241, 2.99963576254e-05], "dvar": [0.00400722865015, 1.57635653019, 72.8097763062, 512.566589355, 917.556945801, 260.49206543, 138.003738403, 195.417922974, 195.501068115, 165.996200562, 1471.62084961, 1070.07092285, 762.440185547, 2910.06445312, 1567.32214355, 7032.65917969, 2582.38623047, 3410.01904297, 5355.78125, 4426.01171875, 2116.48461914, 750.894104004, 361.686676025, 316.723602295, 581.694152832, 550.436157227, 299.491882324, 284.291534424, 177.083847046, 104.392280579, 57.0853500366, 29.7471027374, 5.25457191467, 1.49035823345, 0.547871410847, 0.152580559254, 0.0386807285249, 0.000407500949223, 1.18476073396e-07, 1.1923763088e-09], "dvar2": [0.00866638962179, 4.06211566925, 204.587493896, 1418.62695312, 2595.44995117, 745.87298584, 391.178527832, 558.389526367, 555.484375, 435.475372314, 3612.03588867, 2806.17236328, 2001.98303223, 7070.64990234, 4154.72021484, 16526.5820312, 6183.22265625, 8701.09179688, 14098.6230469, 10738.0527344, 4871.24951172, 1822.28039551, 873.723388672, 828.978149414, 1543.04406738, 1491.99365234, 787.142211914, 748.387512207, 444.108062744, 244.432891846, 124.439971924, 70.234046936, 10.9219741821, 3.24702334404, 1.2186704874, 0.322249948978, 0.0827753022313, 0.000903051462956, 2.57588709474e-07, 2.89677992704e-09], "max": [0.695529043674, 11.7908449173, 75.8876113892, 264.64050293, 352.177703857, 194.579208374, 207.13899231, 299.37310791, 241.823684692, 207.83706665, 1024.23535156, 543.988830566, 727.912414551, 1319.47851562, 1287.13842773, 2576.09472656, 1797.0892334, 1119.34008789, 1556.93701172, 2232.70874023, 2532.95581055, 890.501098633, 420.589477539, 296.350646973, 528.964294434, 567.56451416, 331.545684814, 329.046661377, 191.438568115, 227.537033081, 211.389450073, 200.956680298, 74.5964889526, 27.0292415619, 9.45028591156, 4.76985931396, 2.56858038902, 0.254663288593, 0.00430323835462, 0.000289387942757], "mean": [0.0207367632538, 0.33561950922, 1.77518439293, 4.63985872269, 5.58259248734, 3.45527410507, 3.76703500748, 4.17202711105, 4.75301027298, 7.48064613342, 24.26612854, 19.0921802521, 17.6935806274, 30.2308216095, 24.7916584015, 47.424697876, 35.5960388184, 36.5764884949, 51.9324417114, 37.1794700623, 25.4533901215, 20.3959674835, 16.2519130707, 13.3350057602, 15.7101545334, 15.0591726303, 12.0297279358, 11.3755397797, 10.0253667831, 7.0028629303, 4.06744527817, 2.27417898178, 1.40271317959, 0.904184997082, 0.537876486778, 0.267805814743, 0.105519011617, 0.0092361792922, 0.000180370974704, 2.94948149531e-05], "median": [0.00144305313006, 0.0260856598616, 0.102849163115, 0.354001939297, 0.449828177691, 0.709784865379, 1.33456039429, 1.0700571537, 1.80855798721, 2.63931941986, 8.44697952271, 5.4636964798, 4.61388015747, 6.02777576447, 6.17709255219, 10.0473308563, 8.58255195618, 9.46542739868, 12.5532684326, 7.92843961716, 7.25316667557, 5.33612060547, 4.99237632751, 4.2099609375, 4.24740982056, 5.02946662903, 3.66339969635, 3.63194966316, 3.02925443649, 2.15713644028, 1.26744747162, 0.739055216312, 0.425273299217, 0.234252482653, 0.118771880865, 0.0452908053994, 0.00945197697729, 0.000487915647682, 2.41937450483e-05, 1.54976733029e-05], "min": [6.97055166338e-23, 5.87612769533e-22, 2.16513051112e-21, 8.41071996186e-21, 8.93892728955e-21, 1.1695337852e-20, 4.83590497926e-20, 5.4373082592e-20, 8.29691687323e-20, 2.09861783088e-19, 1.1717795321e-19, 1.89224105018e-19, 5.39060525407e-19, 7.4172716841e-19, 5.65621656768e-19, 1.17817692111e-18, 1.48823326941e-18, 1.70696143346e-18, 2.11388859311e-18, 3.18146009259e-18, 3.16759261641e-18, 4.90959693614e-18, 5.2762087603e-18, 5.34153824431e-18, 6.90551054875e-18, 8.14637990207e-18, 1.00913933693e-17, 9.50951564891e-18, 1.05003274759e-17, 1.1018805111e-17, 1.07482847907e-17, 1.15453130155e-17, 1.06595175576e-17, 8.6898979487e-18, 6.62994980333e-18, 4.09331608252e-18, 2.39398518341e-18, 1.03694989358e-18, 2.50189746006e-19, 2.41457106576e-20], "var": [0.00408778432757, 1.20336520672, 45.1495246887, 321.395477295, 540.682312012, 150.459884644, 90.4216156006, 137.047225952, 127.882583618, 178.557449341, 2209.66967773, 1891.37841797, 1222.02783203, 5378.60595703, 2986.30419922, 18943.6191406, 7839.88330078, 5320.72314453, 11767.9208984, 8916.84765625, 4211.21923828, 1583.65869141, 712.554138184, 509.775115967, 855.658752441, 687.415771484, 462.264709473, 427.705230713, 344.114990234, 204.867553711, 95.5009307861, 38.7425117493, 9.53060340881, 2.91123628616, 1.04197669029, 0.309259951115, 0.0627853572369, 0.000575426616706, 1.79440277748e-07, 1.50615520056e-09]}, "erbbands_crest": {"dmean": 3.13143348694, "dmean2": 4.98783922195, "dvar": 10.3410844803, "dvar2": 24.2236309052, "max": 34.4641914368, "mean": 10.5372543335, "median": 8.68646621704, "min": 2.40339684486, "var": 40.1475868225}, "erbbands_flatness_db": {"dmean": 0.0242416933179, "dmean2": 0.0341489687562, "dvar": 0.000618099060375, "dvar2": 0.00114628078882, "max": 0.459959357977, "mean": 0.175284564495, "median": 0.165701746941, "min": 0.0483257137239, "var": 0.00346982851624}, "erbbands_kurtosis": {"dmean": 1.64750158787, "dmean2": 2.6155705452, "dvar": 12.345705986, "dvar2": 29.4224796295, "max": 105.282936096, "mean": 1.6027173996, "median": 0.251839160919, "min": -1.71978366375, "var": 24.3992404938}, "erbbands_skewness": {"dmean": 0.430288940668, "dmean2": 0.662019908428, "dvar": 0.204295665026, "dvar2": 0.457940340042, "max": 4.78532600403, "mean": 0.208317190409, "median": 0.198062121868, "min": -4.71184873581, "var": 0.763883650303}, "erbbands_spread": {"dmean": 8.76305103302, "dmean2": 13.3619146347, "dvar": 96.4219589233, "dvar2": 221.617935181, "max": 116.733345032, "mean": 30.3510246277, "median": 27.1996479034, "min": 0.450269848108, "var": 307.064178467}, "gfcc": {"cov": [[32412.1777344, 23.6405105591, -2574.16894531, 892.604858398, -1348.63793945, 521.414794922, -934.200500488, 266.545227051, -669.824645996, 341.216339111, -790.502868652, -149.269470215, -551.755493164], [23.6405105591, 2123.96533203, -291.675018311, -49.8402786255, 161.9506073, -20.8149471283, 104.805274963, -123.086997986, 160.548049927, -245.216522217, 157.167648315, -185.986038208, 106.249504089], [-2574.16894531, -291.675018311, 1095.41430664, 230.026153564, 86.3489379883, -3.42414927483, 110.337615967, 67.4810791016, 44.003276825, 67.6296539307, -24.7488594055, 57.162197113, -41.1541900635], [892.604858398, -49.8402786255, 230.026153564, 603.034301758, 8.19051647186, 58.1390380859, 3.18097686768, 71.6969223022, 33.8800048828, 21.2343292236, -49.0160560608, -13.7187852859, 0.940584182739], [-1348.63793945, 161.9506073, 86.3489379883, 8.19051647186, 364.421722412, 36.4829139709, 55.9556503296, -27.3323307037, 74.2825546265, -6.98734951019, 44.0102348328, -23.9900341034, 38.379119873], [521.414794922, -20.8149471283, -3.42414927483, 58.1390380859, 36.4829139709, 194.571411133, 71.7020874023, 15.2007637024, -25.7005710602, 22.6509056091, 12.3041381836, 5.79095411301, -20.7602767944], [-934.200500488, 104.805274963, 110.337615967, 3.18097686768, 55.9556503296, 71.7020874023, 221.699478149, 33.1452941895, 22.5512828827, -23.907283783, 51.9735107422, 1.01822662354, 8.35854911804], [266.545227051, -123.086997986, 67.4810791016, 71.6969223022, -27.3323307037, 15.2007637024, 33.1452941895, 142.075180054, 42.6871795654, 23.2643260956, -35.095905304, 13.6275281906, -2.83322286606], [-669.824645996, 160.548049927, 44.003276825, 33.8800048828, 74.2825546265, -25.7005710602, 22.5512828827, 42.6871795654, 150.471313477, 18.5432605743, 15.4409532547, -34.826210022, 31.7775096893], [341.216339111, -245.216522217, 67.6296539307, 21.2343292236, -6.98734951019, 22.6509056091, -23.907283783, 23.2643260956, 18.5432605743, 136.244720459, -10.1577558517, 19.2115631104, -41.9750061035], [-790.502868652, 157.167648315, -24.7488594055, -49.0160560608, 44.0102348328, 12.3041381836, 51.9735107422, -35.095905304, 15.4409532547, -10.1577558517, 127.433952332, 18.449716568, 15.2278079987], [-149.269470215, -185.986038208, 57.162197113, -13.7187852859, -23.9900341034, 5.79095411301, 1.01822662354, 13.6275281906, -34.826210022, 19.2115631104, 18.449716568, 98.9100036621, 9.63263511658], [-551.755493164, 106.249504089, -41.1541900635, 0.940584182739, 38.379119873, -20.7602767944, 8.35854911804, -2.83322286606, 31.7775096893, -41.9750061035, 15.2278079987, 9.63263511658, 94.3714447021]], "icov": [[0.000114918737381, -0.000171496372786, 0.00029006722616, -0.000208270241274, 0.000178173882887, -0.000244278489845, 0.000266543938778, -0.000301451626001, 0.000443310767878, -0.000427224586019, 0.000555190257728, -0.000154810244567, 0.000421602278948], [-0.000171496372786, 0.00118320307229, -0.000342780811479, 0.000266283605015, -0.000198521171114, 0.000146857244545, -0.000443630851805, 0.00102571607567, -0.00171483296435, 0.00211079558358, -0.00171496067196, 0.0013771118829, -0.000651366717648], [0.00029006722616, -0.000342780811479, 0.00203291350044, -0.00104454741813, 6.47959022899e-05, 3.69120207324e-05, -0.000295347650535, -0.000507604214363, 0.000620608916506, -0.0012458950514, 0.00197468884289, -0.00154725147877, 0.00204763142392], [-0.000208270241274, 0.000266283605015, -0.00104454741813, 0.00246095797047, -0.000198046400328, -0.000494727049954, 0.000119093871035, -0.000282286346192, -0.000904740998521, 0.000793856161181, -0.000685833685566, 0.000938812096138, -0.00137224781793], [0.000178173882887, -0.000198521171114, 6.47959022899e-05, -0.000198046400328, 0.00396046694368, -0.00151631806511, 0.000165877281688, 0.00095370382769, -0.00125302525703, -0.000504533585627, 0.000380261190003, 0.000385211227695, -0.000537977088243], [-0.000244278489845, 0.000146857244545, 3.69120207324e-05, -0.000494727049954, -0.00151631806511, 0.00796207133681, -0.00333731109276, -0.000182257048436, 0.00184266036376, -0.00137673213612, -0.00117518403567, 0.000176090645255, 2.46168874583e-05], [0.000266543938778, -0.000443630851805, -0.000295347650535, 0.000119093871035, 0.000165877281688, -0.00333731109276, 0.00794253218919, -0.00322673586197, 0.000884318258613, 0.00102195655927, -0.00189340102952, 0.000750452163629, 0.000711599888746], [-0.000301451626001, 0.00102571607567, -0.000507604214363, -0.000282286346192, 0.00095370382769, -0.000182257048436, -0.00322673586197, 0.0125766415149, -0.00707921758294, 0.00192886975128, 0.0025564446114, -0.00309754069895, 0.000244946510065], [0.000443310767878, -0.00171483296435, 0.000620608916506, -0.000904740998521, -0.00125302525703, 0.00184266036376, 0.000884318258613, -0.00707921758294, 0.0162304602563, -0.00750844180584, -0.000262333429419, 0.00511262426153, -0.00385813042521], [-0.000427224586019, 0.00211079558358, -0.0012458950514, 0.000793856161181, -0.000504533585627, -0.00137673213612, 0.00102195655927, 0.00192886975128, -0.00750844180584, 0.0151245268062, -0.00293712457642, -0.00161969626788, 0.00433891499415], [0.000555190257728, -0.00171496067196, 0.00197468884289, -0.000685833685566, 0.000380261190003, -0.00117518403567, -0.00189340102952, 0.0025564446114, -0.000262333429419, -0.00293712457642, 0.0153786763549, -0.00646157562733, 0.00283604394644], [-0.000154810244567, 0.0013771118829, -0.00154725147877, 0.000938812096138, 0.000385211227695, 0.000176090645255, 0.000750452163629, -0.00309754069895, 0.00511262426153, -0.00161969626788, -0.00646157562733, 0.017960222438, -0.00664960360155], [0.000421602278948, -0.000651366717648, 0.00204763142392, -0.00137224781793, -0.000537977088243, 2.46168874583e-05, 0.000711599888746, 0.000244946510065, -0.00385813042521, 0.00433891499415, 0.00283604394644, -0.00664960360155, 0.0183200165629]], "mean": [-59.0261535645, 62.8340759277, -140.100204468, 24.530412674, -66.7446594238, 18.4873847961, -38.7602386475, 6.22072124481, -26.7113227844, 4.75776100159, -23.7926273346, -2.92685127258, -14.8663825989]}, "hfc": {"dmean": 9.52907943726, "dmean2": 14.5480489731, "dvar": 240.058349609, "dvar2": 589.467285156, "max": 154.667297363, "mean": 20.1389560699, "median": 12.4515647888, "min": 1.05448666851e-16, "var": 487.004699707}, "melbands": {"dmean": [0.00030216309824, 0.00108619453385, 0.00126822025049, 0.000482517149067, 0.000137452720082, 9.97179522528e-05, 6.75816700095e-05, 7.46526930016e-05, 0.000132470901008, 7.94707084424e-05, 6.48894201731e-05, 8.81024534465e-05, 5.1967552281e-05, 7.6717522461e-05, 4.96705142723e-05, 5.95729034103e-05, 4.95028689329e-05, 5.60523549211e-05, 3.7535559386e-05, 3.07266891468e-05, 1.95950451598e-05, 1.44959249155e-05, 1.12131538117e-05, 8.83750271896e-06, 6.62968068355e-06, 7.66650828155e-06, 7.6981868915e-06, 6.73460908729e-06, 4.95643416798e-06, 4.53625398222e-06, 4.4887333388e-06, 3.92953461414e-06, 3.01000864056e-06, 2.32115007748e-06, 1.6381968635e-06, 1.21705522815e-06, 9.0738609515e-07, 6.96713414072e-07, 6.01056910909e-07, 5.19012246514e-07], "dmean2": [0.00048053485807, 0.00193769426551, 0.00232870271429, 0.000897115794942, 0.000249099452049, 0.000179595939699, 0.000118327232485, 0.000121041230159, 0.000212058366742, 0.000129762702272, 0.000105710918433, 0.000141135475133, 8.61555308802e-05, 0.000121730387036, 7.89133700891e-05, 9.77029048954e-05, 8.17946056486e-05, 9.32090697461e-05, 6.08999762335e-05, 4.91638093081e-05, 3.1647621654e-05, 2.35460065596e-05, 1.7947066226e-05, 1.4302985619e-05, 1.08758868009e-05, 1.25054848468e-05, 1.29149220811e-05, 1.10351111289e-05, 8.03787679615e-06, 7.27507676856e-06, 7.32350599719e-06, 6.3137390498e-06, 4.75171009384e-06, 3.60212538908e-06, 2.50780317401e-06, 1.88532419543e-06, 1.40099132295e-06, 1.06365359898e-06, 9.28378710796e-07, 7.98278676939e-07], "dvar": [7.27330359496e-07, 1.19792621263e-05, 1.68559145095e-05, 2.8320630463e-06, 1.7651855444e-07, 9.80488650271e-08, 4.02450908155e-08, 2.55981813524e-08, 1.05063904243e-07, 3.90902066272e-08, 2.26639258472e-08, 5.63592230662e-08, 2.26394707425e-08, 5.32848041246e-08, 1.56525725714e-08, 2.14300968082e-08, 1.24427739223e-08, 1.48232945918e-08, 1.14789981964e-08, 5.68182967342e-09, 2.71121902706e-09, 1.09457620745e-09, 5.63701418876e-10, 3.12197656616e-10, 2.34205488336e-10, 2.92055490902e-10, 4.78651396296e-10, 2.37192682162e-10, 1.34417948994e-10, 1.07937825344e-10, 1.11617499965e-10, 7.33560087673e-11, 4.37008797205e-11, 3.40835935864e-11, 2.2110577258e-11, 1.47843595005e-11, 1.12644945455e-11, 3.28782248822e-12, 1.49014264469e-12, 1.0057483275e-12], "dvar2": [1.70797841292e-06, 3.29963004333e-05, 4.66678939119e-05, 8.04453793535e-06, 5.03322951317e-07, 2.79683263216e-07, 1.14073507973e-07, 6.65935075972e-08, 2.59558191829e-07, 1.0110385773e-07, 5.97824723059e-08, 1.37110703236e-07, 6.15327095943e-08, 1.22716343753e-07, 3.67639501064e-08, 5.5112046482e-08, 3.13538706109e-08, 3.85730238861e-08, 2.84939662976e-08, 1.28867467808e-08, 6.50547260506e-09, 2.66414490468e-09, 1.37343703077e-09, 7.76189612584e-10, 6.20727580447e-10, 7.65878582776e-10, 1.33168465144e-09, 6.37778163615e-10, 3.57665563833e-10, 2.84309298326e-10, 2.97935065507e-10, 1.86957241355e-10, 1.05647095239e-10, 8.09882161334e-11, 4.85420662e-11, 3.31742758264e-11, 2.75060026839e-11, 7.0007554441e-12, 3.26289212663e-12, 2.26333730403e-12], "max": [0.00795071013272, 0.0303771737963, 0.0403990037739, 0.0226255133748, 0.00608457019553, 0.00646920083091, 0.00327143049799, 0.00284188217483, 0.00855445116758, 0.0034089484252, 0.00389654026367, 0.00553248217329, 0.0032365352381, 0.00727173266932, 0.00311802932993, 0.00430395966396, 0.00222905771807, 0.00263895397075, 0.00400539813563, 0.00279871351086, 0.00252945814282, 0.00129164359532, 0.000582306820434, 0.000382240570616, 0.000268606847385, 0.000358897435945, 0.000360272388207, 0.000394203525502, 0.000214251194848, 0.000254158105236, 0.000163411037647, 0.000158094597282, 0.000143248937093, 0.000145369718666, 0.000136211601784, 0.000158990427735, 0.000131745298859, 5.98275728407e-05, 2.77227318293e-05, 2.08147721423e-05], "mean": [0.00026195999817, 0.000777176639531, 0.000847675662953, 0.000327945395838, 0.000128508720081, 9.42205806496e-05, 7.12211913196e-05, 0.000100074423244, 0.000194191714399, 0.000114320733701, 9.15154087124e-05, 0.000128132931422, 7.57717061788e-05, 0.000123320147395, 8.87576316018e-05, 8.28154879855e-05, 6.32439550827e-05, 8.47206902108e-05, 5.52353776584e-05, 4.45733166998e-05, 2.66205061052e-05, 2.15035634028e-05, 1.72065538209e-05, 1.33737721626e-05, 1.00725246739e-05, 1.19006426758e-05, 1.05648150566e-05, 9.94158290268e-06, 7.40353561923e-06, 6.99421480022e-06, 6.53305005471e-06, 5.92755259277e-06, 4.7504381655e-06, 3.56203258889e-06, 2.46729177888e-06, 1.68862209193e-06, 1.25709811982e-06, 1.01027001165e-06, 8.43715270094e-07, 7.27107590137e-07], "median": [2.03527961276e-05, 5.12767401233e-05, 6.48840068607e-05, 4.29206847912e-05, 4.55757690361e-05, 2.55030754488e-05, 2.77152830677e-05, 3.53591094608e-05, 6.78678334225e-05, 2.63520196313e-05, 2.10508278542e-05, 2.25403746299e-05, 1.179494393e-05, 2.33813534578e-05, 1.57362301252e-05, 1.64403973031e-05, 1.18175412354e-05, 1.79231046786e-05, 1.08484000521e-05, 8.3281975094e-06, 7.27140923118e-06, 5.34701075594e-06, 3.72696194972e-06, 4.06833169109e-06, 2.71545650321e-06, 2.93718812827e-06, 2.7553687687e-06, 3.34356536769e-06, 2.14588771996e-06, 2.03145441446e-06, 2.04689013117e-06, 1.7558863874e-06, 1.37698623348e-06, 1.06476682049e-06, 7.34217110221e-07, 5.448215461e-07, 3.81477832434e-07, 2.97926618487e-07, 2.32344788742e-07, 1.77114884536e-07], "min": [9.8661551517e-25, 9.92706211612e-25, 1.80550303024e-24, 1.08703021144e-24, 1.40882964886e-24, 1.38910112509e-24, 1.18110157857e-24, 2.26156186057e-24, 5.36129395496e-25, 9.90731594158e-25, 2.52706739493e-24, 2.77370771518e-24, 1.67153610752e-24, 2.51799845275e-24, 4.03076407575e-24, 2.75772894311e-24, 2.96846938685e-24, 2.97883363864e-24, 3.50994508992e-24, 3.5429679907e-24, 2.69388662727e-24, 3.88848157301e-24, 3.75594229131e-24, 4.01020478284e-24, 3.39039361416e-24, 3.56182452735e-24, 4.40516613884e-24, 4.57999191493e-24, 5.33897589666e-24, 5.14280472776e-24, 3.99439522143e-24, 4.12590780067e-24, 5.30154917987e-24, 5.01279019539e-24, 5.21651391859e-24, 6.26127104627e-24, 5.46670233797e-24, 6.70131659187e-24, 6.21912851899e-24, 6.47368841108e-24], "var": [6.61581566419e-07, 7.84438543633e-06, 1.05431536213e-05, 1.65739743352e-06, 1.1093073482e-07, 6.82883154468e-08, 2.69519286888e-08, 3.02455767098e-08, 1.4646730051e-07, 7.63560876749e-08, 3.63038417106e-08, 1.03447646893e-07, 4.53262103406e-08, 1.41132574072e-07, 5.36261808293e-08, 3.94597741149e-08, 1.89295974451e-08, 3.28931797355e-08, 2.26565290973e-08, 1.34063684598e-08, 4.41879999258e-09, 2.07816719389e-09, 1.18900111978e-09, 5.50277767797e-10, 3.43783695955e-10, 4.91678531223e-10, 4.78845352259e-10, 3.14204995355e-10, 1.87736035051e-10, 1.70104763608e-10, 1.5099521633e-10, 1.26910024156e-10, 9.17101533604e-11, 6.05427166733e-11, 3.66311043998e-11, 2.03623871237e-11, 1.35887863462e-11, 5.52189153777e-12, 2.7806786821e-12, 1.89499262636e-12]}, "melbands_crest": {"dmean": 3.53818893433, "dmean2": 5.73682165146, "dvar": 10.8599243164, "dvar2": 27.7547130585, "max": 33.1097793579, "mean": 11.9057693481, "median": 10.841217041, "min": 1.00068223476, "var": 29.3799743652}, "melbands_flatness_db": {"dmean": 0.0296285711229, "dmean2": 0.0443644970655, "dvar": 0.000926596054342, "dvar2": 0.00215127901174, "max": 0.394267141819, "mean": 0.140544787049, "median": 0.132841303945, "min": 1.72573138002e-08, "var": 0.00415780534968}, "melbands_kurtosis": {"dmean": 3.9800863266, "dmean2": 6.57506513596, "dvar": 54.7765541077, "dvar2": 141.572570801, "max": 96.1494598389, "mean": 4.55907964706, "median": 1.8946018219, "min": -1.80858659744, "var": 64.1276473999}, "melbands_skewness": {"dmean": 0.713582396507, "dmean2": 1.08227181435, "dvar": 0.721188485622, "dvar2": 1.64063835144, "max": 8.14880466461, "mean": 1.24391889572, "median": 1.02784323692, "min": -4.92450809479, "var": 1.8826713562}, "melbands_spread": {"dmean": 11.8971271515, "dmean2": 18.3709354401, "dvar": 211.579162598, "dvar2": 465.918762207, "max": 219.52986145, "mean": 38.6379814148, "median": 30.606842041, "min": 1.92226922512, "var": 854.23828125}, "mfcc": {"cov": [[13772.2636719, -262.28137207, -422.515960693, 361.864837646, -91.0837860107, 255.278121948, -2.51419615746, -52.9930267334, 56.1788825989, 176.530456543, 73.8269119263, -149.916213989, -177.409133911], [-262.28137207, 1833.50732422, -186.436294556, -85.6817474365, 68.7444610596, 23.4002857208, 2.11107587814, 60.6653404236, -20.9510555267, 7.01912403107, 10.3801794052, 27.1264419556, -31.9010047913], [-422.515960693, -186.436294556, 704.169128418, 240.498504639, -16.3779468536, 35.7713050842, 27.370464325, 54.2586212158, 35.8231277466, 15.0395107269, 26.3704795837, 35.1923828125, 18.2279033661], [361.864837646, -85.6817474365, 240.498504639, 423.196105957, 107.476715088, 54.7500572205, -7.43857860565, 45.7069664001, 63.3304138184, 56.7483596802, -7.55001497269, 1.85786986351, 7.78382492065], [-91.0837860107, 68.7444610596, -16.3779468536, 107.476715088, 240.074905396, 55.8472290039, -21.0415077209, -5.79609012604, 33.2392501831, 30.0881519318, -8.81655406952, 7.09396457672, -2.96483063698], [255.278121948, 23.4002857208, 35.7713050842, 54.7500572205, 55.8472290039, 179.154525757, 80.4700775146, 15.312169075, 5.86098861694, 15.6877813339, 33.3471221924, 15.901058197, -0.772175908089], [-2.51419615746, 2.11107587814, 27.370464325, -7.43857860565, -21.0415077209, 80.4700775146, 161.925704956, 67.9745559692, -8.55569648743, -6.75619602203, 21.5839385986, 12.2703857422, 3.7445025444], [-52.9930267334, 60.6653404236, 54.2586212158, 45.7069664001, -5.79609012604, 15.312169075, 67.9745559692, 132.649719238, 37.7877616882, 9.38497638702, 3.26927089691, 2.61465573311, 2.77819728851], [56.1788825989, -20.9510555267, 35.8231277466, 63.3304138184, 33.2392501831, 5.86098861694, -8.55569648743, 37.7877616882, 128.026229858, 56.0022735596, 6.95489740372, -5.55256986618, -4.48716211319], [176.530456543, 7.01912403107, 15.0395107269, 56.7483596802, 30.0881519318, 15.6877813339, -6.75619602203, 9.38497638702, 56.0022735596, 110.48475647, 40.2439689636, -1.29709684849, -7.812541008], [73.8269119263, 10.3801794052, 26.3704795837, -7.55001497269, -8.81655406952, 33.3471221924, 21.5839385986, 3.26927089691, 6.95489740372, 40.2439689636, 90.8098220825, 39.6348953247, 5.62801361084], [-149.916213989, 27.1264419556, 35.1923828125, 1.85786986351, 7.09396457672, 15.901058197, 12.2703857422, 2.61465573311, -5.55256986618, -1.29709684849, 39.6348953247, 100.498924255, 46.049987793], [-177.409133911, -31.9010047913, 18.2279033661, 7.78382492065, -2.96483063698, -0.772175908089, 3.7445025444, 2.77819728851, -4.48716211319, -7.812541008, 5.62801361084, 46.049987793, 81.2306976318]], "icov": [[8.85143963387e-05, 1.53183154907e-05, 0.000113941125164, -0.000153298300575, 0.000157829927048, -0.000173710795934, 7.01288954588e-05, 2.38867742155e-05, 1.30018161144e-05, -6.82367244735e-05, -5.96914796915e-05, 4.83368530695e-05, 0.000159402639838], [1.53183154907e-05, 0.000616065692157, 0.000163271382917, 0.000127213425003, -0.0001605997968, -0.000186603705515, 0.00031887984369, -0.000613483833149, 0.000304294138914, -0.000165613586432, 8.02706708782e-05, -0.000409475469496, 0.000452669308288], [0.000113941125164, 0.000163271382917, 0.00212655961514, -0.00145876058377, 0.000826495583169, -0.00030226574745, 0.000106125611637, -0.00034713675268, -0.000165418096003, 0.000466611061711, -0.000659302982967, -0.000528426433448, 0.000390819390304], [-0.000153298300575, 0.000127213425003, -0.00145876058377, 0.00429619010538, -0.00162055913825, -0.000755953951739, 0.000879697268829, -0.0013111991575, -0.000124351325212, -0.00164180260617, 0.00164191657677, -2.87590755761e-05, -0.000693452195264], [0.000157829927048, -0.0001605997968, 0.000826495583169, -0.00162055913825, 0.00611929455772, -0.00255836732686, 0.00146028201561, 0.000408583233366, -0.000708085135557, -0.000984478741884, 0.00169725960586, -0.00131299765781, 0.000862147018779], [-0.000173710795934, -0.000186603705515, -0.00030226574745, -0.000755953951739, -0.00255836732686, 0.00978695135564, -0.00578093715012, 0.00227490928955, -0.000501615228131, 0.000745207595173, -0.0027786588762, 0.000291837612167, -5.30315119249e-05], [7.01288954588e-05, 0.00031887984369, 0.000106125611637, 0.000879697268829, 0.00146028201561, -0.00578093715012, 0.0122680496424, -0.00662519177422, 0.00210779742338, 0.000324058666592, -0.000677052303217, -0.000232668186072, 0.000156107867952], [2.38867742155e-05, -0.000613483833149, -0.00034713675268, -0.0013111991575, 0.000408583233366, 0.00227490928955, -0.00662519177422, 0.012688010931, -0.00412044441327, 0.000789276848081, 0.00021117576398, 0.000334881158778, -0.000433403358329], [1.30018161144e-05, 0.000304294138914, -0.000165418096003, -0.000124351325212, -0.000708085135557, -0.000501615228131, 0.00210779742338, -0.00412044441327, 0.0119871934876, -0.00579559104517, 0.00144954724237, -0.000142857868923, 0.000295403966447], [-6.82367244735e-05, -0.000165613586432, 0.000466611061711, -0.00164180260617, -0.000984478741884, 0.000745207595173, 0.000324058666592, 0.000789276848081, -0.00579559104517, 0.0162233468145, -0.00877002812922, 0.00311926449649, -0.000152761669597], [-5.96914796915e-05, 8.02706708782e-05, -0.000659302982967, 0.00164191657677, 0.00169725960586, -0.0027786588762, -0.000677052303217, 0.00021117576398, 0.00144954724237, -0.00877002812922, 0.0201426427811, -0.00875203125179, 0.00275387545116], [4.83368530695e-05, -0.000409475469496, -0.000528426433448, -2.87590755761e-05, -0.00131299765781, 0.000291837612167, -0.000232668186072, 0.000334881158778, -0.000142857868923, 0.00311926449649, -0.00875203125179, 0.0181668885052, -0.00938017293811], [0.000159402639838, 0.000452669308288, 0.000390819390304, -0.000693452195264, 0.000862147018779, -5.30315119249e-05, 0.000156107867952, -0.000433403358329, 0.000295403966447, -0.000152761669597, 0.00275387545116, -0.00938017293811, 0.0179823487997]], "mean": [-681.024169922, 91.3540115356, -16.5079917908, 8.30935001373, -7.90670442581, 7.25280952454, -5.28497266769, -0.615193605423, 0.5372184515, 1.58464074135, -0.783079147339, -2.42523145676, -2.97990441322]}, "pitch_salience": {"dmean": 0.0738139003515, "dmean2": 0.119884938002, "dvar": 0.00507428031415, "dvar2": 0.0132841365412, "max": 0.996084034443, "mean": 0.588189959526, "median": 0.603136062622, "min": 0.107286028564, "var": 0.0155355315655}, "silence_rate_20dB": {"dmean": 0, "dmean2": 0, "dvar": 0, "dvar2": 0, "max": 1, "mean": 1, "median": 1, "min": 1, "var": 0}, "silence_rate_30dB": {"dmean": 0.0111676389351, "dmean2": 0.0223380494863, "dvar": 0.0110418982804, "dvar2": 0.031521178782, "max": 1, "mean": 0.993672430515, "median": 1, "min": 0, "var": 0.00628650840372}, "silence_rate_60dB": {"dmean": 0.0694875270128, "dmean2": 0.13899230957, "dvar": 0.0646536499262, "dvar2": 0.132839158177, "max": 1, "mean": 0.238213405013, "median": 0, "min": 0, "var": 0.18147598207}, "spectral_centroid": {"dmean": 329.648651123, "dmean2": 500.555480957, "dvar": 146298.484375, "dvar2": 318686.5, "max": 11927.8847656, "mean": 1987.45361328, "median": 1787.73950195, "min": 324.612243652, "var": 1794834}, "spectral_complexity": {"dmean": 4.63233661652, "dmean2": 6.7091088295, "dvar": 39.4016342163, "dvar2": 74.4767074585, "max": 64, "mean": 16.7898254395, "median": 14, "min": 0, "var": 144.318328857}, "spectral_contrast_coeffs": {"dmean": [0.055432267487, 0.0443672053516, 0.0434608794749, 0.0369555726647, 0.0252763647586, 0.0245762318373], "dmean2": [0.0911455526948, 0.0720868930221, 0.0691194906831, 0.0574256591499, 0.0387961268425, 0.0379887185991], "dvar": [0.0029848027043, 0.00146930210758, 0.00142732437234, 0.00101265241392, 0.000472593586892, 0.000538156251423], "dvar2": [0.00720320502296, 0.0038321018219, 0.00345389754511, 0.00234115519561, 0.00104229350109, 0.00128125201445], "max": [-0.274919033051, -0.476863354445, -0.420795321465, -0.45530757308, -0.500283122063, -0.535695791245], "mean": [-0.667139589787, -0.745439946651, -0.745368361473, -0.756337702274, -0.789425969124, -0.74592012167], "median": [-0.67108631134, -0.747962832451, -0.751450061798, -0.762984216213, -0.794128060341, -0.745370209217], "min": [-0.979474484921, -0.997031569481, -0.998719155788, -0.98856317997, -0.989196956158, -0.966098248959], "var": [0.00761473085731, 0.00560706062242, 0.00666782446206, 0.00589614687487, 0.00293234013952, 0.00268718972802]}, "spectral_contrast_valleys": {"dmean": [0.520277678967, 0.435130268335, 0.416926532984, 0.433846980333, 0.395945549011, 0.502528846264], "dmean2": [0.792100548744, 0.658519208431, 0.624417662621, 0.615062177181, 0.518349051476, 0.615132033825], "dvar": [0.275284200907, 0.199761852622, 0.208176895976, 0.237363293767, 0.197898969054, 0.298837006092], "dvar2": [0.525641918182, 0.42455843091, 0.438461989164, 0.470937907696, 0.346410751343, 0.488365620375], "max": [-5.37608671188, -4.67972230911, -5.2316031456, -5.3871884346, -5.45481824875, -7.41768217087], "mean": [-8.70891571045, -7.66474294662, -8.04274082184, -8.27464962006, -8.13992214203, -10.6262102127], "median": [-8.32531929016, -7.28358745575, -7.70314121246, -7.89901828766, -7.70836925507, -10.0465679169], "min": [-28.2786846161, -28.2131614685, -27.8175697327, -27.6480751038, -27.5077934265, -27.4082641602], "var": [6.97483444214, 7.26522922516, 7.02375888824, 7.0870642662, 7.23174524307, 6.32879829407]}, "spectral_decrease": {"dmean": 2.92592883255e-09, "dmean2": 4.82946216351e-09, "dvar": 4.58347725733e-17, "dvar2": 1.19446786277e-16, "max": 1.60387490265e-19, "mean": -3.81619935652e-09, "median": -1.91645366243e-09, "min": -5.50945564726e-08, "var": 3.94903138186e-17}, "spectral_energy": {"dmean": 0.0118099451065, "dmean2": 0.0193522684276, "dvar": 0.000705402460881, "dvar2": 0.00183361431118, "max": 0.213751271367, "mean": 0.016229916364, "median": 0.00869201682508, "min": 9.76772106586e-21, "var": 0.000631026807241}, "spectral_energyband_high": {"dmean": 0.000618490506895, "dmean2": 0.000921051076148, "dvar": 1.48306764913e-06, "dvar2": 3.45905073118e-06, "max": 0.0216249991208, "mean": 0.00111484399531, "median": 0.000405015249271, "min": 7.0323284842e-21, "var": 3.30856437358e-06}, "spectral_energyband_low": {"dmean": 0.00529928924516, "dmean2": 0.00909603387117, "dvar": 0.000244911323534, "dvar2": 0.000651778536849, "max": 0.169357150793, "mean": 0.00403258018196, "median": 0.000324694439769, "min": 1.38733086206e-23, "var": 0.000176832618308}, "spectral_energyband_middle_high": {"dmean": 0.00293514621444, "dmean2": 0.00465754326433, "dvar": 1.88687390619e-05, "dvar2": 4.60571573058e-05, "max": 0.0562677159905, "mean": 0.00639681983739, "median": 0.00348754716106, "min": 1.08729539177e-21, "var": 5.32070553163e-05}, "spectral_energyband_middle_low": {"dmean": 0.00586040457711, "dmean2": 0.0102970488369, "dvar": 0.000263953086687, "dvar2": 0.000719244999345, "max": 0.14258171618, "mean": 0.00574541930109, "median": 0.00197459477931, "min": 1.47105923325e-22, "var": 0.000183328476851}, "spectral_entropy": {"dmean": 0.192550867796, "dmean2": 0.278812140226, "dvar": 0.0466181226075, "dvar2": 0.0944044739008, "max": 9.82475852966, "mean": 7.75152683258, "median": 7.82424163818, "min": 5.40167284012, "var": 0.279621660709}, "spectral_flux": {"dmean": 0.0313526801765, "dmean2": 0.0475845001638, "dvar": 0.00285182637163, "dvar2": 0.00499197328463, "max": 0.434087991714, "mean": 0.0755222141743, "median": 0.0565539523959, "min": 6.41165037729e-11, "var": 0.00527830049396}, "spectral_kurtosis": {"dmean": 1.73860967159, "dmean2": 2.83331680298, "dvar": 10.2638635635, "dvar2": 26.0992584229, "max": 69.0100097656, "mean": 4.25464773178, "median": 3.15352416039, "min": -1.27683150768, "var": 23.4360351562}, "spectral_rms": {"dmean": 0.00105002254713, "dmean2": 0.00156903429888, "dvar": 3.0468049772e-06, "dvar2": 7.16502472642e-06, "max": 0.0144408382475, "mean": 0.00327391806059, "median": 0.00291204685345, "min": 3.08698617883e-12, "var": 5.11548978466e-06}, "spectral_rolloff": {"dmean": 812.58001709, "dmean2": 1309.15063477, "dvar": 1644018.5, "dvar2": 3659251.5, "max": 19487.5488281, "mean": 2795.38964844, "median": 1937.98828125, "min": 86.1328125, "var": 7704211}, "spectral_skewness": {"dmean": 0.232230991125, "dmean2": 0.36418864131, "dvar": 0.0773090869188, "dvar2": 0.186004936695, "max": 5.95340156555, "mean": 1.42479968071, "median": 1.36663508415, "min": -0.0894386768341, "var": 0.340564966202}, "spectral_spread": {"dmean": 687801.3125, "dmean2": 1009034.875, "dvar": 820358217728, "dvar2": 1715984924670.0, "max": 42879340, "mean": 5163921, "med