{"lowlevel": {"average_loudness": 0.916249513626, "barkbands": {"dmean": [0.000273187761195, 0.00758944498375, 0.00190173159353, 0.00149385153782, 0.00124288536608, 0.00052161043277, 0.000543163041584, 0.000549689866602, 0.000558307103347, 0.000244232884143, 0.000162547672517, 0.0002982733713, 0.000291924516205, 0.000264265632723, 0.000278370076558, 0.000377868738724, 0.000314784992952, 0.000317896076012, 0.000319496990414, 0.000360904989066, 0.000269012176432, 0.000362368708011, 0.000204223571927, 0.000106892337499, 4.96623870276e-05, 9.41615962802e-06, 2.64029239361e-07], "dmean2": [0.000384373008274, 0.0129095464945, 0.0033060554415, 0.00253830594011, 0.00204771198332, 0.00078976660734, 0.000824297952931, 0.000803531438578, 0.000865337671712, 0.000366643769667, 0.000251944875345, 0.000457506772364, 0.000459903443698, 0.000420642172685, 0.000443433469627, 0.000618129852228, 0.000515899271704, 0.000540265580639, 0.000570968724787, 0.000650343543384, 0.000451061932836, 0.000598513928708, 0.000307639536913, 0.000159967385116, 6.83629405103e-05, 1.32223558467e-05, 3.73257108777e-07], "dvar": [2.35700852613e-07, 0.000210302561754, 1.13652595246e-05, 8.7910111688e-06, 5.85455018154e-06, 1.57212684826e-06, 2.32942329603e-06, 3.42137241205e-06, 3.75230956706e-06, 4.49737001418e-07, 1.94752573179e-07, 3.88641069549e-07, 4.86723763515e-07, 4.59283967302e-07, 3.65016404658e-07, 6.07886022408e-07, 6.29829344234e-07, 5.53365850919e-07, 5.90765012021e-07, 8.5518212245e-07, 5.90905813169e-07, 1.06062009309e-06, 2.74546408718e-07, 5.88763384712e-08, 6.79242884161e-09, 3.05504621601e-10, 3.57858328474e-13], "dvar2": [4.43004211093e-07, 0.000545884249732, 3.14361168421e-05, 2.37554249907e-05, 1.49961542775e-05, 3.2555949474e-06, 5.3095536714e-06, 7.10245694791e-06, 9.64522041613e-06, 9.4360092362e-07, 4.39170378286e-07, 8.43724649258e-07, 9.89058207779e-07, 1.06207983208e-06, 8.58807482018e-07, 1.53291057359e-06, 1.64848665918e-06, 1.47337618728e-06, 1.64175560258e-06, 2.40928670792e-06, 1.63844606504e-06, 2.88931778414e-06, 6.09292271747e-07, 1.37691685609e-07, 1.34325706114e-08, 6.68689381644e-10, 7.3838027706e-13], "max": [0.00958777032793, 0.148449212313, 0.0499230511487, 0.0502588301897, 0.0611189752817, 0.0299920719117, 0.0315599776804, 0.0517613105476, 0.0549531169236, 0.0193594507873, 0.012393116951, 0.0201350208372, 0.0545570701361, 0.0238589420915, 0.0127723049372, 0.0146568026394, 0.0224472545087, 0.0180514845997, 0.0111584281549, 0.0092689935118, 0.00974405091256, 0.0153901772574, 0.0144970444962, 0.00671536382288, 0.00290026236326, 0.00037498419988, 2.1992238544e-05], "mean": [0.000388214131817, 0.00960782170296, 0.00255516474135, 0.00207152939402, 0.0021080323495, 0.000965831975918, 0.000993314897642, 0.000957361247856, 0.00116743112449, 0.000444508070359, 0.00026550234179, 0.000566592498217, 0.000541749293916, 0.000401673954912, 0.000488755176775, 0.00064369343454, 0.000553149962798, 0.0004637716047, 0.000361925311154, 0.00036905426532, 0.000344953179592, 0.000472483952763, 0.000321280735079, 0.000177672001882, 8.9387234766e-05, 1.61121497513e-05, 4.20333577722e-07], "median": [0.000116234987217, 0.00504680443555, 0.0016848599771, 0.000959762895945, 0.00107413250953, 0.000388624117477, 0.000281913962681, 0.000178661663085, 0.000219300243771, 0.000157307411428, 9.45112842601e-05, 0.000250055862125, 0.000225663447054, 0.000154465029482, 0.000178354865056, 0.000311027572025, 0.000234398699831, 0.000168744300026, 0.000127104605781, 0.000107056206616, 8.19439374027e-05, 9.76641458692e-05, 8.58203929965e-05, 6.27847475698e-05, 3.61767306458e-05, 7.10550739313e-06, 1.44455157169e-07], "min": [6.46405799715e-24, 1.39977056744e-23, 6.79547692278e-23, 4.61500795168e-23, 4.06318554898e-23, 5.37237563629e-23, 3.77337067417e-23, 1.39720250965e-23, 1.78530405744e-22, 5.46265666482e-23, 9.99585153647e-23, 5.3877104612e-23, 1.18650347322e-22, 3.81612283316e-23, 1.42809420804e-22, 2.8589732844e-22, 2.02804880109e-22, 2.73410909866e-22, 1.5756687526e-22, 3.54511515964e-22, 4.51392015984e-22, 3.50349612046e-22, 5.4923601178e-22, 8.88695708263e-22, 1.46006738424e-21, 1.63064319429e-21, 2.56014984525e-21], "var": [4.23778260483e-07, 0.000206547614653, 1.02588783193e-05, 1.05433182398e-05, 1.07265232145e-05, 3.77832998311e-06, 5.3955554904e-06, 8.60173531692e-06, 1.13047208288e-05, 1.1822731949e-06, 3.90287823393e-07, 1.54202348313e-06, 3.21091511069e-06, 7.95241760443e-07, 8.69697203143e-07, 1.11552765247e-06, 1.29021361772e-06, 7.50400204197e-07, 4.91854450502e-07, 6.35733556464e-07, 5.31550199412e-07, 1.1007973626e-06, 5.36526101769e-07, 1.10273433052e-07, 1.79411738799e-08, 6.78268496923e-10, 7.48638672755e-13]}, "barkbands_crest": {"dmean": 3.18954205513, "dmean2": 5.39037132263, "dvar": 9.74872016907, "dvar2": 26.2459774017, "max": 24.8946323395, "mean": 10.5178985596, "median": 9.79051876068, "min": 2.45325183868, "var": 19.5229187012}, "barkbands_flatness_db": {"dmean": 0.0259877517819, "dmean2": 0.040410913527, "dvar": 0.000775520631578, "dvar2": 0.00182027951814, "max": 0.405626386404, "mean": 0.12967184186, "median": 0.116215310991, "min": 0.0316770598292, "var": 0.00307139870711}, "barkbands_kurtosis": {"dmean": 4.24214315414, "dmean2": 6.78874588013, "dvar": 80.6013412476, "dvar2": 195.830978394, "max": 216.766967773, "mean": 6.03361797333, "median": 1.07612133026, "min": -1.9693338871, "var": 195.066101074}, "barkbands_skewness": {"dmean": 0.689472317696, "dmean2": 1.12082099915, "dvar": 0.72597682476, "dvar2": 1.88165104389, "max": 12.7307596207, "mean": 1.68483150005, "median": 1.36053204536, "min": -5.98959255219, "var": 2.490452528}, "barkbands_spread": {"dmean": 8.78169059753, "dmean2": 14.5045757294, "dvar": 127.68952179, "dvar2": 315.257873535, "max": 126.342315674, "mean": 30.6393356323, "median": 27.3652381897, "min": 0.867937743664, "var": 427.285675049}, "dissonance": {"dmean": 0.0136035708711, "dmean2": 0.0224244482815, "dvar": 0.000255079445196, "dvar2": 0.000603424152359, "max": 0.500000238419, "mean": 0.474524527788, "median": 0.482567489147, "min": 0.173439666629, "var": 0.000677132920828}, "dynamic_complexity": 3.37531661987, "erbbands": {"dmean": [0.208034858108, 1.79516267776, 2.53046131134, 3.6026673317, 5.11996221542, 3.77337026596, 2.84491419792, 4.9357380867, 6.72232580185, 9.648645401, 11.1932268143, 10.4522418976, 10.2112674713, 7.76185941696, 7.56229877472, 11.375919342, 12.4312896729, 14.1351175308, 13.1548290253, 15.7845239639, 18.9544143677, 15.5939130783, 16.8439750671, 15.5533905029, 17.1507072449, 17.8229389191, 11.2735280991, 11.9987840652, 12.7344226837, 9.50410270691, 5.58339881897, 3.04753661156, 1.37594246864, 0.673399269581, 0.299416810274, 0.0701031312346, 0.0135827204213, 0.00122013420332, 5.52712153876e-05, 1.49621782839e-05], "dmean2": [0.344034701586, 3.10608410835, 4.38916540146, 6.16572761536, 8.53356838226, 6.21005153656, 4.65078353882, 7.36910390854, 10.160323143, 14.5355319977, 16.5263671875, 16.0892467499, 15.8281736374, 11.4652500153, 11.364159584, 17.5640201569, 19.3615970612, 22.5676555634, 20.7332286835, 25.2580375671, 30.9130821228, 25.4864692688, 28.199464798, 27.2687835693, 30.853313446, 32.2254943848, 19.6656475067, 19.8579521179, 21.1669750214, 14.9133710861, 8.40704536438, 4.72957134247, 1.97087299824, 0.940349936485, 0.418943524361, 0.0981656312943, 0.0191176086664, 0.001682625385, 7.39770111977e-05, 2.22166454478e-05], "dvar": [0.124121710658, 14.4324979782, 27.0102386475, 44.6302604675, 102.428421021, 67.4166030884, 33.5238647461, 170.551467896, 391.82824707, 943.726806641, 1422.89770508, 1396.52893066, 1398.19775391, 499.998748779, 289.206817627, 613.835388184, 1002.56256104, 1221.85522461, 866.555969238, 1090.06994629, 1660.26782227, 1462.984375, 1485.56311035, 1353.17041016, 1722.18713379, 2158.84033203, 1089.70739746, 1148.00683594, 1315.71459961, 662.855102539, 205.328384399, 64.787689209, 6.96269607544, 1.32433640957, 0.288133352995, 0.0159196034074, 0.00071022316115, 6.65024253976e-06, 1.13301066307e-08, 4.81426010168e-10], "dvar2": [0.295361965895, 38.4290046692, 71.8237609863, 121.94594574, 265.950134277, 170.069198608, 84.0911712646, 347.941162109, 839.331054688, 2217.51855469, 3015.62963867, 3427.50292969, 3778.23291016, 1071.69921875, 570.088134766, 1377.3026123, 1959.609375, 2889.25048828, 1974.40441895, 2647.75463867, 4234.06640625, 3867.23852539, 3856.43457031, 3705.52441406, 4818.22607422, 6091.53515625, 3082.34936523, 3148.40942383, 3609.9362793, 1644.90600586, 452.353942871, 156.250808716, 14.7405767441, 2.64383387566, 0.598317682743, 0.0346932262182, 0.00151760131121, 1.3930314708e-05, 2.28703509464e-08, 9.55699075433e-10], "max": [5.93599939346, 35.5643310547, 64.2088165283, 101.651359558, 161.082794189, 301.882293701, 166.358093262, 344.873199463, 500.461181641, 829.808837891, 1349.41052246, 984.998779297, 1179.27062988, 698.660766602, 594.451293945, 958.66015625, 2621.92456055, 1363.67700195, 603.449951172, 870.530822754, 745.417907715, 845.538330078, 833.100585938, 579.431518555, 519.671020508, 554.192504883, 415.63961792, 363.330993652, 553.825927734, 586.962097168, 419.700622559, 261.629730225, 60.5989532471, 31.7250480652, 20.2694950104, 2.88181614876, 0.543622851372, 0.0807717740536, 0.00339602120221, 0.000219007968553], "mean": [0.288458973169, 2.0705332756, 3.15317893028, 5.36412906647, 8.24144363403, 6.22444915771, 4.64093494415, 9.26403331757, 11.9710636139, 19.4708480835, 20.6833381653, 21.7078857422, 22.3252334595, 15.4561262131, 15.2970485687, 22.3072376251, 24.5784606934, 23.8655014038, 22.4305591583, 28.7519493103, 35.0638046265, 28.5751152039, 26.8773174286, 20.3956336975, 18.8946495056, 17.929523468, 13.3429412842, 15.3769044876, 16.3759498596, 13.5804176331, 8.79252147675, 4.7824010849, 2.39758229256, 1.21619641781, 0.509103298187, 0.120562434196, 0.0227778535336, 0.00200790166855, 0.000104606915556, 3.86169595004e-05], "median": [0.159133732319, 1.06569135189, 1.81403970718, 2.99715304375, 3.88453149796, 2.9042930603, 2.44685125351, 3.4123301506, 3.70655441284, 4.92479133606, 4.5198340416, 4.504986763, 6.28465032578, 6.0850982666, 7.21264839172, 10.3815517426, 10.7288761139, 9.3152923584, 8.30437374115, 13.8805189133, 16.7678413391, 12.7236385345, 10.0261707306, 6.92904901505, 6.98070430756, 5.01357936859, 3.43335723877, 3.29751014709, 3.36301898956, 3.07211613655, 2.42812108994, 1.50828480721, 0.900607466698, 0.46701580286, 0.210080385208, 0.0527806952596, 0.00976266991347, 0.000788540812209, 4.85179189127e-05, 2.83831395791e-05], "min": [3.13375057708e-22, 4.55884842634e-21, 6.17669011208e-20, 1.24039597337e-19, 1.74694083023e-19, 1.19950210259e-19, 3.32507296749e-19, 3.68923638873e-19, 3.49711697062e-19, 4.71506494238e-19, 6.44922066226e-19, 3.34667701223e-18, 3.3454455471e-18, 2.66039793163e-18, 3.34424282649e-18, 3.1306912621e-18, 4.73059629235e-18, 1.67674307812e-18, 7.70311780004e-18, 9.4036878157e-18, 1.35611976632e-17, 1.3017832645e-17, 1.14404174149e-17, 8.68494148247e-18, 1.23772945844e-17, 1.86339307462e-17, 1.53676658225e-17, 1.67815077409e-17, 1.4528545685e-17, 1.0827655252e-17, 1.48459067619e-17, 1.80332239136e-17, 1.60456677203e-17, 1.38024424074e-17, 1.11094599702e-17, 5.87872794566e-18, 3.26280234569e-18, 1.40184221604e-18, 3.64603119437e-19, 3.70855441646e-20], "var": [0.161473691463, 11.862783432, 21.8199882507, 51.0171012878, 169.708633423, 140.479690552, 56.4829711914, 417.619995117, 859.712524414, 2547.01513672, 3944.70776367, 3846.85961914, 4020.41943359, 1224.96728516, 1012.72253418, 2193.68701172, 7200.43261719, 2487.890625, 1829.54321289, 2149.34619141, 3410.046875, 2975.22216797, 2459.5078125, 1390.3581543, 1362.5057373, 1572.69580078, 870.631408691, 1089.55334473, 1311.84387207, 961.878417969, 394.803070068, 109.327400208, 16.1747779846, 3.51262593269, 0.641483783722, 0.035913143307, 0.00150998251047, 1.39345465868e-05, 2.67862532155e-08, 1.04293940151e-09]}, "erbbands_crest": {"dmean": 2.29475522041, "dmean2": 3.6696460247, "dvar": 5.20426511765, "dvar2": 12.4828634262, "max": 30.5683326721, "mean": 8.08944511414, "median": 7.0116186142, "min": 2.41348934174, "var": 16.3107032776}, "erbbands_flatness_db": {"dmean": 0.0167695600539, "dmean2": 0.0234598256648, "dvar": 0.000252178666415, "dvar2": 0.000497817702126, "max": 0.448424637318, "mean": 0.140545025468, "median": 0.136077731848, "min": 0.0446660742164, "var": 0.00155351602007}, "erbbands_kurtosis": {"dmean": 1.16624045372, "dmean2": 1.78879904747, "dvar": 4.43237304688, "dvar2": 9.38016700745, "max": 61.1889877319, "mean": 0.909974217415, "median": 0.0802481919527, "min": -1.83889448643, "var": 10.421128273}, "erbbands_skewness": {"dmean": 0.436465144157, "dmean2": 0.643624603748, "dvar": 0.264695733786, "dvar2": 0.557465970516, "max": 6.88479471207, "mean": -0.044880785048, "median": -0.147248983383, "min": -6.0724978447, "var": 1.12677705288}, "erbbands_spread": {"dmean": 10.0355405807, "dmean2": 15.2841882706, "dvar": 155.394989014, "dvar2": 380.972229004, "max": 168.976318359, "mean": 44.6251983643, "median": 38.5581512451, "min": 0.96084612608, "var": 573.650390625}, "gfcc": {"cov": [[18267.4765625, 964.299316406, -1064.76379395, 798.182006836, -572.53314209, 408.950469971, -385.020965576, 154.944534302, -246.03692627, 124.065338135, -133.503860474, 34.1266212463, -191.169937134], [964.299316406, 1408.82141113, -256.602996826, -206.375473022, 200.495910645, -162.720565796, 30.7368354797, -43.5077056885, 54.6476173401, -113.330787659, 99.4226531982, -90.1966934204, 54.1384086609], [-1064.76379395, -256.602996826, 1433.38391113, 284.593505859, -377.493743896, 89.9597015381, -47.7919960022, -28.5788612366, -13.4705762863, 112.799842834, 24.5091819763, 52.2564506531, -83.4465637207], [798.182006836, -206.375473022, 284.593505859, 464.769195557, -96.1126251221, 46.8124008179, -21.5081710815, -53.7311477661, 0.50049507618, 18.3967761993, -5.39625501633, 3.54768919945, 11.3099632263], [-572.53314209, 200.495910645, -377.493743896, -96.1126251221, 355.754760742, -18.814704895, 38.340877533, 4.8609495163, 10.4305295944, -55.7781791687, 16.9707622528, -13.7276687622, 61.2621841431], [408.950469971, -162.720565796, 89.9597015381, 46.8124008179, -18.814704895, 197.959350586, 22.4360580444, 12.8109178543, -26.0813999176, 17.7490997314, -18.046792984, 20.1914806366, -16.7964363098], [-385.020965576, 30.7368354797, -47.7919960022, -21.5081710815, 38.340877533, 22.4360580444, 159.488601685, 24.1765804291, 7.91545820236, -16.746629715, -5.05497074127, -27.9425048828, 12.2380809784], [154.944534302, -43.5077056885, -28.5788612366, -53.7311477661, 4.8609495163, 12.8109178543, 24.1765804291, 125.895881653, 15.6119565964, 14.761882782, -15.7921409607, -7.84336853027, -15.6849060059], [-246.03692627, 54.6476173401, -13.4705762863, 0.50049507618, 10.4305295944, -26.0813999176, 7.91545820236, 15.6119565964, 118.393844604, 9.52717494965, -10.8632516861, -12.3989934921, 15.8640871048], [124.065338135, -113.330787659, 112.799842834, 18.3967761993, -55.7781791687, 17.7490997314, -16.746629715, 14.761882782, 9.52717494965, 82.205657959, 13.087688446, 11.1842212677, -31.2595615387], [-133.503860474, 99.4226531982, 24.5091819763, -5.39625501633, 16.9707622528, -18.046792984, -5.05497074127, -15.7921409607, -10.8632516861, 13.087688446, 91.5186080933, 10.3459749222, -11.3103637695], [34.1266212463, -90.1966934204, 52.2564506531, 3.54768919945, -13.7276687622, 20.1914806366, -27.9425048828, -7.84336853027, -12.3989934921, 11.1842212677, 10.3459749222, 73.3878250122, 11.5459527969], [-191.169937134, 54.1384086609, -83.4465637207, 11.3099632263, 61.2621841431, -16.7964363098, 12.2380809784, -15.6849060059, 15.8640871048, -31.2595615387, -11.3103637695, 11.5459527969, 80.8812179565]], "icov": [[0.000246969866566, -0.000635781907476, 0.000614468357526, -0.000877669488546, 0.000753270986024, -0.000662590959109, 0.000508725119289, -0.000668817490805, 0.000708481005859, -0.000899086939171, 0.000854581012391, -0.00080392754171, 0.000598977494519], [-0.000635781907476, 0.00282955938019, -0.00170621089637, 0.00275694485754, -0.00215902202763, 0.00202600425109, -0.0011157252593, 0.0019935478922, -0.00237621273845, 0.00369796692394, -0.00377089390531, 0.00357469171286, -0.00207340763882], [0.000614468357526, -0.00170621089637, 0.00267640827224, -0.00269377301447, 0.0028311307542, -0.00191093957983, 0.00113354960922, -0.00158057000954, 0.00171966478229, -0.00292076473124, 0.0019209717866, -0.00267391325906, 0.00189732806757], [-0.000877669488546, 0.00275694485754, -0.00269377301447, 0.0060842926614, -0.00236788252369, 0.00178354559466, -0.00139727653004, 0.00349271995947, -0.00284021277912, 0.00343838427216, -0.00367332412861, 0.00443335110322, -0.00375775946304], [0.000753270986024, -0.00215902202763, 0.0028311307542, -0.00236788252369, 0.00700948294252, -0.00270825787447, 0.00126301322598, -0.00240677781403, 0.00203893799335, -0.0018370912876, 0.00101083505433, -0.00202836864628, -0.000730885192752], [-0.000662590959109, 0.00202600425109, -0.00191093957983, 0.00178354559466, -0.00270825787447, 0.00818154215813, -0.00283063482493, 0.00146290683188, -0.000696745759342, 0.00175805739127, -0.000681212986819, 9.99396943371e-05, 2.58033123828e-05], [0.000508725119289, -0.0011157252593, 0.00113354960922, -0.00139727653004, 0.00126301322598, -0.00283063482493, 0.00867595896125, -0.00272984220646, 0.0011711071711, -0.000616153818555, 0.000696700997651, 0.00198709289543, -0.000726566766389], [-0.000668817490805, 0.0019935478922, -0.00158057000954, 0.00349271995947, -0.00240677781403, 0.00146290683188, -0.00272984220646, 0.0114489244297, -0.00320100039244, 0.000817887077574, -0.000698623945937, 0.00244730315171, 0.000222648086492], [0.000708481005859, -0.00237621273845, 0.00171966478229, -0.00284021277912, 0.00203893799335, -0.000696745759342, 0.0011711071711, -0.00320100039244, 0.0121279358864, -0.00603577401489, 0.00429180357605, -0.00113918364514, -0.000999294221401], [-0.000899086939171, 0.00369796692394, -0.00292076473124, 0.00343838427216, -0.0018370912876, 0.00175805739127, -0.000616153818555, 0.000817887077574, -0.00603577401489, 0.022482668981, -0.00741792889312, 0.00211666058749, 0.00244751782157], [0.000854581012391, -0.00377089390531, 0.0019209717866, -0.00367332412861, 0.00101083505433, -0.000681212986819, 0.000696700997651, -0.000698623945937, 0.00429180357605, -0.00741792889312, 0.0182416569442, -0.00727942353114, 0.00577282253653], [-0.00080392754171, 0.00357469171286, -0.00267391325906, 0.00443335110322, -0.00202836864628, 9.99396943371e-05, 0.00198709289543, 0.00244730315171, -0.00113918364514, 0.00211666058749, -0.00727942353114, 0.0226450935006, -0.00914959609509], [0.000598977494519, -0.00207340763882, 0.00189732806757, -0.00375775946304, -0.000730885192752, 2.58033123828e-05, -0.000726566766389, 0.000222648086492, -0.000999294221401, 0.00244751782157, 0.00577282253653, -0.00914959609509, 0.0216177608818]], "mean": [-13.5883932114, 85.0058364868, -109.352767944, 54.2766342163, -54.0152397156, 28.2996673584, -35.1239852905, 13.505657196, -17.6693782806, 2.41806983948, -14.3444442749, -0.212397128344, -10.3425550461]}, "hfc": {"dmean": 10.6433372498, "dmean2": 16.1992149353, "dvar": 441.718536377, "dvar2": 1139.75305176, "max": 211.011260986, "mean": 23.5887413025, "median": 14.7878570557, "min": 1.22101572822e-16, "var": 678.862304688}, "melbands": {"dmean": [0.00197878014296, 0.00168523250613, 0.000644639949314, 0.000320223713061, 0.000104130042018, 0.000107583102363, 0.000106562889414, 0.000110083128675, 8.65063411766e-05, 7.37072259653e-05, 5.23136877746e-05, 3.30594411935e-05, 2.43678405241e-05, 3.39278522006e-05, 3.08372982545e-05, 2.9764674764e-05, 2.53691177932e-05, 2.06931981666e-05, 2.07172852242e-05, 2.63804522547e-05, 2.29895013035e-05, 1.67300713656e-05, 1.62778742379e-05, 1.83475476661e-05, 1.23548215925e-05, 1.26085133161e-05, 1.24191719806e-05, 1.22413903227e-05, 7.28083159629e-06, 6.23224696028e-06, 7.75364151195e-06, 7.51222296458e-06, 6.8565886977e-06, 4.84213387608e-06, 3.64504762729e-06, 2.37950348492e-06, 1.72211559857e-06, 1.03227864656e-06, 7.68794961914e-07, 5.37683945367e-07], "dmean2": [0.00333936605603, 0.00290101603605, 0.00108947802801, 0.000529096636456, 0.0001701618894, 0.000160843352205, 0.000159856295795, 0.000163376796991, 0.000128431929625, 0.000114094153105, 8.11601494206e-05, 4.88552323077e-05, 3.73293296434e-05, 5.18277774972e-05, 4.84681768285e-05, 4.65588091174e-05, 4.05614482588e-05, 3.27242050844e-05, 3.2655785617e-05, 4.32995293522e-05, 3.76608986699e-05, 2.75851652987e-05, 2.68481890089e-05, 3.12834963552e-05, 2.18099921767e-05, 2.25799103646e-05, 2.24863142648e-05, 2.21381960728e-05, 1.28365909404e-05, 1.0611178368e-05, 1.29425734485e-05, 1.26703862406e-05, 1.13018249976e-05, 7.54271968617e-06, 5.55713586436e-06, 3.70814132111e-06, 2.69674637821e-06, 1.51520032432e-06, 1.09476752641e-06, 7.69884081819e-07], "dvar": [1.24263515318e-05, 1.29154950628e-05, 1.37295489822e-06, 4.0236537302e-07, 4.23750563527e-08, 7.8869057063e-08, 8.85201032474e-08, 1.21394307939e-07, 8.75857466553e-08, 6.84987000454e-08, 3.53636409045e-08, 9.20143072847e-09, 3.4630946999e-09, 5.21228260553e-09, 4.51984405458e-09, 7.14773795707e-09, 4.24801527288e-09, 2.35707608987e-09, 2.23759188955e-09, 3.25597571127e-09, 2.42045272714e-09, 1.52366297357e-09, 2.13444151242e-09, 2.14312700919e-09, 8.99472996085e-10, 9.27781851345e-10, 9.49396450345e-10, 1.03111974514e-09, 4.60288834825e-10, 3.44312328648e-10, 5.13706910343e-10, 4.88249385366e-10, 3.84547726995e-10, 1.76874570545e-10, 9.21814707899e-11, 5.9816054887e-11, 2.02007299777e-11, 4.33678570486e-12, 1.81365545412e-12, 8.88092713518e-13], "dvar2": [3.13488017127e-05, 3.40490914823e-05, 3.7116758449e-06, 1.02487194908e-06, 1.06783289766e-07, 1.60890522238e-07, 1.91372976133e-07, 2.7317310014e-07, 1.91616862821e-07, 1.75268596081e-07, 9.53237488943e-08, 1.95959284355e-08, 7.37603045309e-09, 1.07948476824e-08, 9.92537696476e-09, 1.45589549305e-08, 1.01954444887e-08, 5.17937692734e-09, 5.25089927095e-09, 8.12578448972e-09, 6.19799767065e-09, 4.03954603101e-09, 5.62220492384e-09, 5.75417269388e-09, 2.48685649851e-09, 2.57463050879e-09, 2.66229571722e-09, 2.91279289577e-09, 1.30720034797e-09, 9.65102886497e-10, 1.41690958966e-09, 1.35213462649e-09, 1.02756114728e-09, 4.23206719669e-10, 2.02488248391e-10, 1.49881107525e-10, 4.9513445427e-11, 9.72648177278e-12, 3.69993445604e-12, 1.87203464536e-12], "max": [0.0421844981611, 0.0311037264764, 0.0205103624612, 0.0173317678273, 0.00602814462036, 0.00702639017254, 0.00714928191155, 0.00954077392817, 0.0112200574949, 0.00752359395847, 0.0058072838001, 0.00287718162872, 0.00182307837531, 0.00303006917238, 0.00350002199411, 0.00710562570021, 0.00252900738269, 0.00136123399716, 0.00109232217073, 0.00142469885759, 0.000864405476023, 0.000922274717595, 0.00141436152626, 0.00133120000828, 0.000494032923598, 0.000503801216837, 0.00038854975719, 0.000429558916949, 0.000267347262707, 0.000268870411674, 0.000306961941533, 0.000352937408024, 0.00034368984052, 0.000358516641427, 0.000344400701579, 0.000378222408472, 0.000151985965203, 5.30423894816e-05, 2.61134136963e-05, 2.69415832008e-05], "mean": [0.00266995537095, 0.0020985591691, 0.00104582007043, 0.000538344029337, 0.000174135522684, 0.0002004277776, 0.000193270316231, 0.000215445601498, 0.00015474166139, 0.000154391877004, 0.000112157875265, 6.23863379587e-05, 4.44992656412e-05, 6.46939879516e-05, 5.61258093512e-05, 5.44982613064e-05, 4.04308011639e-05, 3.2258205465e-05, 3.71334681404e-05, 4.28395360359e-05, 4.03970589105e-05, 2.90116768156e-05, 2.57494029938e-05, 2.56872481259e-05, 1.49969209815e-05, 1.39488975037e-05, 1.27745943246e-05, 1.18306343211e-05, 8.22960282676e-06, 7.74291584094e-06, 9.5363939181e-06, 9.28120607568e-06, 8.8537863121e-06, 6.91831110089e-06, 5.46522869627e-06, 3.63697040484e-06, 2.59029638983e-06, 1.72325644598e-06, 1.30089995309e-06, 9.31417048378e-07], "median": [0.00145923742093, 0.00116027262993, 0.00059294491075, 0.000266484770691, 9.21558093978e-05, 7.56292865844e-05, 6.07811743976e-05, 5.17577900609e-05, 3.05386347463e-05, 2.84106790787e-05, 3.11860021611e-05, 2.24151153816e-05, 1.94030017155e-05, 2.77521448879e-05, 2.38808097492e-05, 2.21032587433e-05, 1.5134242858e-05, 1.14798313007e-05, 1.34977271955e-05, 2.05409342016e-05, 1.85972730833e-05, 1.34318433993e-05, 9.41471444094e-06, 7.86819146015e-06, 4.87329407406e-06, 5.10210247739e-06, 4.16724424213e-06, 2.86182148557e-06, 2.12914301301e-06, 1.71248734659e-06, 1.90706236936e-06, 1.81616405825e-06, 1.77412914582e-06, 1.55704867666e-06, 1.44381999689e-06, 1.04941864265e-06, 8.10896779058e-07, 6.22407583251e-07, 4.74248793125e-07, 3.46733258993e-07], "min": [3.15344188634e-24, 2.33564579977e-23, 2.46022586937e-23, 1.00378243009e-23, 1.02107930984e-23, 8.61777290843e-24, 6.54361383058e-24, 4.41558462481e-24, 6.43609958338e-24, 2.48254526873e-23, 1.74301830457e-23, 1.08026572918e-23, 1.30182480859e-23, 6.97972927115e-24, 1.50420612719e-23, 5.32908042546e-24, 2.539393741e-24, 1.17094016264e-23, 8.8346220938e-24, 2.18204132866e-23, 1.39666245548e-23, 1.4298110218e-23, 1.19860519904e-23, 9.74247162252e-24, 6.32443908326e-24, 7.07109671891e-24, 1.28053471493e-23, 1.10948845032e-23, 9.56948152576e-24, 8.98899822865e-24, 1.03583968624e-23, 7.60426571665e-24, 7.7174317578e-24, 6.04787904382e-24, 7.76998646017e-24, 1.11435469659e-23, 1.15553505022e-23, 1.16854092108e-23, 1.16373107837e-23, 1.13856152456e-23], "var": [1.39946487252e-05, 1.05207600427e-05, 1.79178471171e-06, 7.58693431635e-07, 7.24553430587e-08, 1.89899083125e-07, 1.99418309421e-07, 3.15308483323e-07, 2.34610482153e-07, 2.08023237747e-07, 1.03055427303e-07, 2.27276721887e-08, 8.8532994269e-09, 2.38653807827e-08, 2.20416733754e-08, 3.08515026859e-08, 7.59677742934e-09, 4.4856913739e-09, 5.54769341576e-09, 5.2465507494e-09, 4.79930095665e-09, 2.77744005572e-09, 3.66373509308e-09, 2.93479995861e-09, 8.46236081209e-10, 7.58361873299e-10, 7.26179449906e-10, 7.49729334171e-10, 3.56291995907e-10, 2.99670482873e-10, 4.68386829322e-10, 4.54041221287e-10, 4.29710489414e-10, 2.74006817236e-10, 1.67595465284e-10, 8.80718484253e-11, 3.11038868273e-11, 9.16016047736e-12, 4.39772654057e-12, 2.17217845273e-12]}, "melbands_crest": {"dmean": 3.52460360527, "dmean2": 5.7996468544, "dvar": 9.9120759964, "dvar2": 26.5658321381, "max": 31.9248905182, "mean": 14.8536977768, "median": 14.3880147934, "min": 2.26479744911, "var": 26.1257343292}, "melbands_flatness_db": {"dmean": 0.035421654582, "dmean2": 0.0561822988093, "dvar": 0.00150411913637, "dvar2": 0.0037135318853, "max": 0.534343361855, "mean": 0.19598479569, "median": 0.184721082449, "min": 0.00820703431964, "var": 0.00578834442422}, "melbands_kurtosis": {"dmean": 12.6906499863, "dmean2": 20.9866752625, "dvar": 697.522644043, "dvar2": 1847.64892578, "max": 665.387268066, "mean": 22.0204563141, "median": 8.63312149048, "min": -1.77032840252, "var": 1374.07861328}, "melbands_skewness": {"dmean": 0.991890788078, "dmean2": 1.61261558533, "dvar": 1.57155525684, "dvar2": 4.14028024673, "max": 19.8619594574, "mean": 3.21361017227, "median": 2.69982933998, "min": -4.53753757477, "var": 5.10295152664}, "melbands_spread": {"dmean": 11.0785713196, "dmean2": 18.7336902618, "dvar": 235.166015625, "dvar2": 622.726135254, "max": 193.864730835, "mean": 29.7397880554, "median": 23.1423950195, "min": 0.695504784584, "var": 615.385864258}, "mfcc": {"cov": [[11122.9941406, -48.689994812, -787.737731934, 166.02015686, -3.16499853134, 129.371688843, -15.1482400894, 111.044807434, 5.23104381561, 14.8367185593, 50.7829208374, 25.5487937927, 0.897761106491], [-48.689994812, 1482.23352051, -361.124603271, -75.7961502075, 78.1446456909, -130.613372803, 28.4962043762, 19.7333087921, -12.5988054276, -3.07174110413, -3.04820179939, 37.701259613, 7.671002388], [-787.737731934, -361.124603271, 1587.72668457, 213.001678467, -102.879692078, 110.305671692, -67.2461166382, -47.9720535278, -93.0181350708, 13.2578773499, 61.313495636, 13.1275005341, 63.3121032715], [166.02015686, -75.7961502075, 213.001678467, 316.969390869, 29.2524833679, 37.2149162292, -16.20936203, -20.2985687256, 1.83056557178, -0.164389535785, -10.9844236374, -6.09799385071, 7.5986456871], [-3.16499853134, 78.1446456909, -102.879692078, 29.2524833679, 192.758972168, 22.6292304993, -1.07357466221, 4.29521846771, 8.35525989532, -21.6022262573, -24.0032901764, 17.8173408508, 8.77680683136], [129.371688843, -130.613372803, 110.305671692, 37.2149162292, 22.6292304993, 170.883636475, 26.8791046143, 10.5775575638, 19.0150470734, -20.433385849, -4.83680200577, 7.20685195923, 0.963645994663], [-15.1482400894, 28.4962043762, -67.2461166382, -16.20936203, -1.07357466221, 26.8791046143, 156.046615601, 36.0658569336, -11.9024715424, 15.242893219, -3.01125788689, -2.91693949699, -13.8077640533], [111.044807434, 19.7333087921, -47.9720535278, -20.2985687256, 4.29521846771, 10.5775575638, 36.0658569336, 87.8366088867, 33.9202308655, 11.2516593933, 0.0657912418246, -3.65001153946, -4.09057092667], [5.23104381561, -12.5988054276, -93.0181350708, 1.83056557178, 8.35525989532, 19.0150470734, -11.9024715424, 33.9202308655, 130.956436157, 14.088051796, -7.05040311813, -12.2540826797, -18.403963089], [14.8367185593, -3.07174110413, 13.2578773499, -0.164389535785, -21.6022262573, -20.433385849, 15.242893219, 11.2516593933, 14.088051796, 105.969245911, 34.4086837769, -6.97930002213, -13.7631444931], [50.7829208374, -3.04820179939, 61.313495636, -10.9844236374, -24.0032901764, -4.83680200577, -3.01125788689, 0.0657912418246, -7.05040311813, 34.4086837769, 82.5180664062, 14.5776014328, -4.40094423294], [25.5487937927, 37.701259613, 13.1275005341, -6.09799385071, 17.8173408508, 7.20685195923, -2.91693949699, -3.65001153946, -12.2540826797, -6.97930002213, 14.5776014328, 66.5584640503, 22.7778396606], [0.897761106491, 7.671002388, 63.3121032715, 7.5986456871, 8.77680683136, 0.963645994663, -13.8077640533, -4.09057092667, -18.403963089, -13.7631444931, -4.40094423294, 22.7778396606, 67.9374465942]], "icov": [[0.000102713282104, 6.16737679593e-06, 9.57701486186e-05, -0.000116555544082, 7.15647329343e-05, -0.000144449499203, 0.000112810601422, -0.000188251156942, 0.000130151369376, -2.43702070293e-05, -0.000110410845082, -2.08345518331e-05, -4.37170856458e-05], [6.16737679593e-06, 0.000791483733337, 0.000114269882033, 3.51697963197e-05, -0.000294837867841, 0.000617960118689, -0.000183992291568, -0.00014945390285, 4.73591862828e-05, 9.25846834434e-05, -7.3271789006e-05, -0.000423288642196, -4.81849783682e-05], [9.57701486186e-05, 0.000114269882033, 0.000999819370918, -0.000650881673209, 0.000571482698433, -0.00076924613677, 0.000545320624951, -0.000223092865781, 0.000802505586762, -0.000209308767808, -0.000645061372779, 0.000104097045551, -0.000740332121495], [-0.000116555544082, 3.51697963197e-05, -0.000650881673209, 0.00387765327469, -0.000914799980819, -0.000219494846533, -9.76139053819e-05, 0.0010828623781, -0.000577656901442, -0.000378005264793, 0.000805763527751, 0.000515427615028, -1.65897909028e-05], [7.15647329343e-05, -0.000294837867841, 0.000571482698433, -0.000914799980819, 0.00627771252766, -0.00119942601305, 0.000520560482983, -0.000492822087836, 0.000164591750945, 0.000319030252285, 0.00134142523166, -0.00172508496325, -0.000341290811775], [-0.000144449499203, 0.000617960118689, -0.00076924613677, -0.000219494846533, -0.00119942601305, 0.0079932352528, -0.00222107372247, 8.69563227752e-05, -0.00204653386027, 0.00204025278799, -0.000111284425657, -0.00110671855509, 0.000491728016641], [0.000112810601422, -0.000183992291568, 0.000545320624951, -9.76139053819e-05, 0.000520560482983, -0.00222107372247, 0.00850075855851, -0.00390041363426, 0.00287029985338, -0.00171014212538, 0.000909508555196, -0.000167900390807, 0.00152544071898], [-0.000188251156942, -0.00014945390285, -0.000223092865781, 0.0010828623781, -0.000492822087836, 8.69563227752e-05, -0.00390041363426, 0.0151822539046, -0.00452046887949, -0.000530113524292, -0.000227588257985, 0.000686706101988, -0.00128695589956], [0.000130151369376, 4.73591862828e-05, 0.000802505586762, -0.000577656901442, 0.000164591750945, -0.00204653386027, 0.00287029985338, -0.00452046887949, 0.0105120129883, -0.00181612418965, 0.000931426184252, 0.000639572215732, 0.00195426587015], [-2.43702070293e-05, 9.25846834434e-05, -0.000209308767808, -0.000378005264793, 0.000319030252285, 0.00204025278799, -0.00171014212538, -0.000530113524292, -0.00181612418965, 0.0123851140961, -0.00522349448875, 0.00131401128601, 0.00101569178514], [-0.000110410845082, -7.3271789006e-05, -0.000645061372779, 0.000805763527751, 0.00134142523166, -0.000111284425657, 0.000909508555196, -0.000227588257985, 0.000931426184252, -0.00522349448875, 0.0164260659367, -0.0048290649429, 0.00239743897691], [-2.08345518331e-05, -0.000423288642196, 0.000104097045551, 0.000515427615028, -0.00172508496325, -0.00110671855509, -0.000167900390807, 0.000686706101988, 0.000639572215732, 0.00131401128601, -0.0048290649429, 0.0193536188453, -0.0062229889445], [-4.37170856458e-05, -4.81849783682e-05, -0.000740332121495, -1.65897909028e-05, -0.000341290811775, 0.000491728016641, 0.00152544071898, -0.00128695589956, 0.00195426587015, 0.00101569178514, 0.00239743897691, -0.0062229889445, 0.0186637807637]], "mean": [-646.394226074, 103.093727112, 10.8864297867, 29.2273616791, 12.3788661957, 15.0383081436, 1.98797369003, 11.2193346024, 3.27481889725, 4.13101148605, 2.29738354683, 3.47599649429, 2.26430487633]}, "pitch_salience": {"dmean": 0.0826629474759, "dmean2": 0.138261914253, "dvar": 0.00682463170961, "dvar2": 0.0185835696757, "max": 0.867331206799, "mean": 0.536967635155, "median": 0.541942179203, "min": 0.107614502311, "var": 0.0122123323381}, "silence_rate_20dB": {"dmean": 0, "dmean2": 0, "dvar": 0, "dvar2": 0, "max": 1, "mean": 1, "median": 1, "min": 1, "var": 0}, "silence_rate_30dB": {"dmean": 0.00641554407775, "dmean2": 0.0128322644159, "dvar": 0.00637438474223, "dvar2": 0.0167005937546, "max": 1, "mean": 0.995601177216, "median": 1, "min": 0, "var": 0.0043794773519}, "silence_rate_60dB": {"dmean": 0.00219961511903, "dmean2": 0.00439963350073, "dvar": 0.00219477666542, "dvar2": 0.00529686687514, "max": 1, "mean": 0.0444464795291, "median": 0, "min": 0, "var": 0.0424709916115}, "spectral_centroid": {"dmean": 359.72958374, "dmean2": 589.551330566, "dvar": 235930.953125, "dvar2": 582191.4375, "max": 10587.4042969, "mean": 1656.14978027, "median": 1624.43688965, "min": 157.477386475, "var": 704499}, "spectral_complexity": {"dmean": 4.92035579681, "dmean2": 7.43116426468, "dvar": 41.0409469604, "dvar2": 84.8597412109, "max": 66, "mean": 20.2801494598, "median": 19, "min": 0, "var": 155.761413574}, "spectral_contrast_coeffs": {"dmean": [0.0482368767262, 0.0416833087802, 0.0334066860378, 0.0288591515273, 0.0219364222139, 0.0215064939111], "dmean2": [0.0813863351941, 0.066353738308, 0.0538796707988, 0.0469949282706, 0.0358007699251, 0.0339777395129], "dvar": [0.0016097308835, 0.00124967261218, 0.000763862277381, 0.000551269273274, 0.000387860171031, 0.000576536171138], "dvar2": [0.00448033446446, 0.00305141718127, 0.0018988676602, 0.00142441771459, 0.000948869681451, 0.00135735969525], "max": [-0.428980559111, -0.439896911383, -0.466377019882, -0.552066504955, -0.534230649471, -0.589557170868], "mean": [-0.692093133926, -0.754985630512, -0.788589179516, -0.78856998682, -0.793601214886, -0.765085279942], "median": [-0.69415640831, -0.764930605888, -0.79835164547, -0.792669057846, -0.799778163433, -0.768163919449], "min": [-0.976395010948, -0.969826936722, -0.976046741009, -0.960173249245, -0.962266683578, -0.96102386713], "var": [0.00441925786436, 0.00643230415881, 0.00451856246218, 0.00300135742873, 0.00247706356458, 0.00245691370219]}, "spectral_contrast_valleys": {"dmean": [0.34775480628, 0.331413954496, 0.33056730032, 0.34984216094, 0.359493672848, 0.373677641153], "dmean2": [0.576250374317, 0.526407778263, 0.503260612488, 0.493235319853, 0.532325088978, 0.460765719414], "dvar": [0.0893895551562, 0.0921358242631, 0.107316866517, 0.151882752776, 0.262200891972, 0.222764596343], "dvar2": [0.224206641316, 0.201223000884, 0.206922873855, 0.253498852253, 0.550890564919, 0.403592020273], "max": [-5.18651151657, -4.90284633636, -5.33815526962, -5.12290716171, -5.0025601387, -7.56121492386], "mean": [-6.99794387817, -7.08680295944, -7.5680308342, -7.79292488098, -7.57601165771, -9.87778377533], "median": [-6.74361562729, -6.8480424881, -7.25076389313, -7.42887973785, -7.31249284744, -9.60866165161], "min": [-26.7748260498, -27.3406562805, -26.9672050476, -27.2207069397, -27.2263793945, -27.1342468262], "var": [2.11773490906, 1.80071532726, 1.82287275791, 1.96631777287, 1.90627002716, 1.87851905823]}, "spectral_decrease": {"dmean": 2.85439649694e-09, "dmean2": 4.39689307186e-09, "dvar": 1.83004677715e-17, "dvar2": 4.17701294659e-17, "max": 3.29222105905e-29, "mean": -6.67628263784e-09, "median": -4.96050844845e-09, "min": -4.2586624005e-08, "var": 3.16830490164e-17}, "spectral_energy": {"dmean": 0.0112660545856, "dmean2": 0.0171691719443, "dvar": 0.000276000675512, "dvar2": 0.000607775524259, "max": 0.163863405585, "mean": 0.0273374095559, "median": 0.0204359777272, "min": 1.09507169732e-20, "var": 0.000512556696776}, "spectral_energyband_high": {"dmean": 0.00107536884025, "dmean2": 0.00169186573476, "dvar": 6.98636949892e-06, "dvar2": 1.86092420336e-05, "max": 0.0293727740645, "mean": 0.00161863362882, "median": 0.000504965952132, "min": 7.92004999342e-21, "var": 8.46881994221e-06}, "spectral_energyband_low": {"dmean": 0.00899190362543, "dmean2": 0.0149615751579, "dvar": 0.000263456488028, "dvar2": 0.000664777588099, "max": 0.152537837625, "mean": 0.0135285053402, "median": 0.00786674208939, "min": 1.05307623391e-22, "var": 0.000294016150292}, "spectral_energyband_middle_high": {"dmean": 0.001896129339, "dmean2": 0.00300945620984, "dvar": 1.19419673865e-05, "dvar2": 2.9536708098e-05, "max": 0.0768258422613, "mean": 0.00485424650833, "median": 0.0029034500476, "min": 1.63726447621e-21, "var": 3.64276893379e-05}, "spectral_energyband_middle_low": {"dmean": 0.00341889611445, "dmean2": 0.00535316159949, "dvar": 2.92823879136e-05, "dvar2": 7.11742250132e-05, "max": 0.0791594162583, "mean": 0.00835965014994, "median": 0.0052515976131, "min": 3.73720897473e-22, "var": 7.5282616308e-05}, "spectral_entropy": {"dmean": 0.163173481822, "dmean2": 0.226102948189, "dvar": 0.0398986600339, "dvar2": 0.0704559311271, "max": 9.79572486877, "mean": 7.79213237762, "median": 7.84299468994, "min": 5.36100959778, "var": 0.178413003683}, "spectral_flux": {"dmean": 0.0282543376088, "dmean2": 0.0418719016016, "dvar": 0.00114096200559, "dvar2": 0.00206982693635, "max": 0.344983786345, "mean": 0.0850445404649, "median": 0.0708889812231, "min": 1.04645674071e-10, "var": 0.00304576801136}, "spectral_kurtosis": {"dmean": 1.31749546528, "dmean2": 2.14167118073, "dvar": 4.26984643936, "dvar2": 11.826883316, "max": 42.9986801147, "mean": 3.32064414024, "median": 2.70647573471, "min": -1.15732979774, "var": 9.47840595245}, "spectral_rms": {"dmean": 0.000926555716433, "dmean2": 0.00138291495387, "dvar": 1.23477582292e-06, "dvar2": 2.52490440289e-06, "max": 0.0126438420266, "mean": 0.00476130889729, "median": 0.00446514692158, "min": 3.26858158595e-12, "var": 4.00058070227e-06}, "spectral_rolloff": {"dmean": 753.739074707, "dmean2": 1335.01916504, "dvar": 1472508.75, "dvar2": 3765327.5, "max": 18561.6210938, "mean": 1802.97167969, "median": 1281.22558594, "min": 64.599609375, "var": 3917445.25}, "spectral_skewness": {"dmean": 0.222040176392, "dmean2": 0.348096579313, "dvar": 0.0757978409529, "dvar2": 0.182727083564, "max": 4.57401657104, "mean": 1.30041575432, "median": 1.31694173813, "min": -0.573000788689, "var": 0.244159445167}, "spectral_spread": {"dmean": 661557.25, "dmean2": 943173.6875, "dvar": 632182865920, "dvar2": 1307431403520.0, "max": 40238664, "mean": 5122170.5, "median": 4902303, "min": 9