{"lowlevel": {"average_loudness": 0.925940394402, "barkbands": {"dmean": [0.000349925423507, 0.000971672823653, 0.000975303410087, 0.00103644735646, 0.00259138573892, 0.00139757385477, 0.001028314, 0.00171172921546, 0.00111703807488, 0.00120959826745, 0.000758410315029, 0.000612340925727, 0.000974942639004, 0.000410208449466, 0.000463118136395, 0.000113117872388, 8.09930206742e-05, 5.01999347762e-05, 4.26213773608e-05, 2.87487437163e-05, 1.39819458127e-05, 9.15108830668e-06, 5.2490604503e-06, 3.97396206608e-06, 1.47530147387e-06, 3.41642999047e-06, 2.01585899049e-05], "dmean2": [0.00061849236954, 0.0015519632725, 0.00162498606369, 0.00171651598066, 0.00408631656319, 0.00220304960385, 0.00157209730241, 0.00272145331837, 0.00176830554847, 0.00187112600543, 0.00119446066674, 0.000961279787589, 0.00154966476839, 0.000629895890597, 0.000736897345632, 0.000180893985089, 0.000125516016851, 8.05508243502e-05, 6.83502221364e-05, 4.40510666522e-05, 2.22321323236e-05, 1.42585004141e-05, 7.95868709247e-06, 5.65171740163e-06, 2.45956675826e-06, 4.9343129831e-06, 2.99227576761e-05], "dvar": [2.26301608564e-07, 3.19445666719e-06, 3.07931031784e-06, 5.23627477378e-06, 1.87093137356e-05, 6.29520673101e-06, 4.20722471972e-06, 1.42445787787e-05, 6.44373176328e-06, 6.77845991959e-06, 2.4035948627e-06, 1.57658519129e-06, 9.47954140429e-06, 1.73961041128e-06, 1.08871154225e-06, 4.87905751356e-08, 2.60882320191e-08, 1.35991200523e-08, 5.18133180805e-09, 3.05124592259e-09, 8.98693619522e-10, 3.14097831078e-10, 8.4094051167e-11, 4.46815535959e-11, 9.48578975785e-12, 3.26607491052e-11, 1.08873698945e-09], "dvar2": [6.42962390884e-07, 7.82641927799e-06, 7.91316688264e-06, 1.40050715345e-05, 4.51797059213e-05, 1.46644815686e-05, 8.89778675628e-06, 3.35476033797e-05, 1.70529292518e-05, 1.60751005751e-05, 5.61114848097e-06, 3.67837742488e-06, 2.30673776969e-05, 3.6604737943e-06, 2.71374528893e-06, 1.22743244901e-07, 5.66060727181e-08, 2.9173977012e-08, 1.28417054768e-08, 7.05554326075e-09, 2.1174180187e-09, 7.4778561121e-10, 1.86767920574e-10, 8.90218870842e-11, 2.32525214361e-11, 6.79443237783e-11, 2.36196173731e-09], "max": [0.00859823916107, 0.0387068092823, 0.0273827798665, 0.0733457505703, 0.0740939751267, 0.0556070283055, 0.0646564587951, 0.114202097058, 0.0921836346388, 0.0440931022167, 0.030294874683, 0.0307750254869, 0.0829838514328, 0.0830079093575, 0.0189664885402, 0.00667178723961, 0.00489517254755, 0.00534249003977, 0.00103759532794, 0.00123113603331, 0.000580430787522, 0.000247327756369, 0.000142738223076, 8.59907377162e-05, 5.6129625591e-05, 7.67514793552e-05, 0.00147628400009], "mean": [0.000438410555944, 0.00129878683947, 0.00119279918727, 0.00122019124683, 0.00399315031245, 0.00198165373877, 0.00162435590755, 0.00243618129753, 0.00177532515954, 0.00177118356805, 0.00114987476263, 0.000912595074624, 0.0012010858627, 0.000656482588965, 0.000784567790106, 0.000202940107556, 0.000148245220771, 8.5640924226e-05, 8.38433261379e-05, 5.0156184443e-05, 2.04059160751e-05, 1.61145344464e-05, 9.27824021346e-06, 5.71218924961e-06, 1.35465006679e-06, 5.34413447895e-06, 5.12795813847e-05], "median": [0.000313707947498, 0.000519352732226, 0.000528806471266, 0.00051550695207, 0.00177793391049, 0.000829274533316, 0.0006233441527, 0.000616629375145, 0.000510801619384, 0.000470261322334, 0.0002961968421, 0.000377594406018, 0.000361046288162, 0.000197657529498, 0.000156342037371, 6.6627850174e-05, 5.77540631639e-05, 3.17817357427e-05, 4.38541501353e-05, 2.67722389253e-05, 8.65204583533e-06, 8.33783360576e-06, 4.39700943389e-06, 1.84507211998e-06, 3.32016298898e-07, 2.12109625863e-06, 2.87860311801e-05], "min": [3.64109605531e-23, 6.35411208621e-24, 4.81540654728e-24, 4.59923736e-23, 6.06558810339e-23, 6.33856955422e-24, 2.7160105469e-23, 2.93005880274e-23, 4.59966618479e-23, 1.83114192474e-22, 1.75823009873e-22, 5.8454978041e-23, 7.30609522713e-23, 1.2505580952e-22, 2.21128314024e-22, 2.2196639985e-22, 1.48683897571e-22, 1.87572922663e-22, 1.87381412479e-22, 5.19836617347e-22, 4.12342467164e-22, 4.35118610681e-22, 5.7155751898e-22, 7.87032716918e-22, 1.26575516606e-21, 1.80858820213e-21, 2.62167099941e-21], "var": [2.05021464694e-07, 4.40551684733e-06, 3.90889590562e-06, 5.26872827322e-06, 3.54282892658e-05, 1.09612856249e-05, 1.05741328298e-05, 2.63918082055e-05, 1.06898169179e-05, 1.09260217869e-05, 4.95824042446e-06, 2.61564400716e-06, 9.80990353128e-06, 3.76319803763e-06, 2.42541909756e-06, 1.21457233604e-07, 6.21067357542e-08, 2.30453878203e-08, 1.01890389459e-08, 5.03002350882e-09, 1.35189792694e-09, 4.64078886431e-10, 1.49031773033e-10, 8.25951806949e-11, 9.5070383857e-12, 5.95102578327e-11, 3.88038357002e-09]}, "barkbands_crest": {"dmean": 2.68779635429, "dmean2": 4.41142082214, "dvar": 5.6412062645, "dvar2": 14.3381948471, "max": 26.9307327271, "mean": 9.18153190613, "median": 8.12657928467, "min": 3.00980424881, "var": 17.5062923431}, "barkbands_flatness_db": {"dmean": 0.0227480530739, "dmean2": 0.036139190197, "dvar": 0.000387051375583, "dvar2": 0.000915761920623, "max": 0.672037184238, "mean": 0.143425777555, "median": 0.134757056832, "min": 0.043474201113, "var": 0.00284753530286}, "barkbands_kurtosis": {"dmean": 9.58728122711, "dmean2": 10.3790254593, "dvar": 14586.9472656, "dvar2": 13478.3154297, "max": 20794.140625, "mean": 54.145866394, "median": 2.31208610535, "min": -1.64109766483, "var": 626800.8125}, "barkbands_skewness": {"dmean": 0.565108239651, "dmean2": 0.842560589314, "dvar": 0.600998163223, "dvar2": 0.804640054703, "max": 130.52104187, "mean": 1.64686667919, "median": 1.0600335598, "min": -2.98144221306, "var": 42.7192573547}, "barkbands_spread": {"dmean": 3.83386254311, "dmean2": 6.12156581879, "dvar": 17.1974620819, "dvar2": 39.0232124329, "max": 86.7961120605, "mean": 14.8876457214, "median": 13.6928119659, "min": 0.021284436807, "var": 83.3745803833}, "dissonance": {"dmean": 0.0257629547268, "dmean2": 0.0437530577183, "dvar": 0.000569594732951, "dvar2": 0.00151098484639, "max": 0.500000119209, "mean": 0.455911457539, "median": 0.463683724403, "min": 0.232945606112, "var": 0.00108551501762}, "dynamic_complexity": 3.88067054749, "erbbands": {"dmean": [0.0302584599704, 0.226612478495, 0.855541646481, 2.43274116516, 5.99053573608, 10.1266069412, 9.59846973419, 12.8902664185, 16.2054042816, 16.0473918915, 40.1828727722, 25.3132400513, 30.5570907593, 38.1416435242, 25.2036952972, 25.8364467621, 45.2782058716, 21.9631404877, 26.6072101593, 12.4134063721, 4.86399126053, 4.46104288101, 3.07956218719, 1.90983867645, 2.1754758358, 1.36310636997, 0.747715950012, 0.428077280521, 0.342414528131, 0.233812838793, 0.140821665525, 0.103928670287, 0.0552462339401, 0.0182657372206, 0.0103498268872, 0.00898531172425, 0.00764788221568, 0.00385230476968, 0.00153384904843, 0.000437090726336], "dmean2": [0.0494938343763, 0.367457479239, 1.41948568821, 3.93904948235, 9.98882961273, 15.9697237015, 15.2252941132, 20.4630508423, 24.5316734314, 25.0411491394, 64.2094039917, 39.8296699524, 47.8437690735, 57.5828132629, 39.7835655212, 40.0032119751, 71.6852340698, 33.8705749512, 40.8488922119, 19.3946151733, 7.58910036087, 6.88269996643, 4.89287948608, 3.09197282791, 3.36941838264, 2.07416462898, 1.15745949745, 0.690159738064, 0.548350274563, 0.353092491627, 0.20980244875, 0.147634625435, 0.0819902643561, 0.0300315320492, 0.0172371771187, 0.0140487570316, 0.0108378045261, 0.00576218869537, 0.0022733269725, 0.000650272588246], "dvar": [0.00300583057106, 0.188675135374, 2.66965913773, 21.7084980011, 123.385574341, 358.664703369, 372.041229248, 579.794921875, 1256.69250488, 808.960998535, 9815.43164062, 3061.08056641, 3803.83813477, 8004.89404297, 3068.80859375, 2525.23510742, 21603.3964844, 3794.99975586, 4717.20996094, 615.476745605, 89.2457122803, 90.2577819824, 48.7282905579, 11.7332296371, 13.1822462082, 6.64095592499, 2.85396385193, 0.849740445614, 0.473439276218, 0.172254651785, 0.0582299754024, 0.0302118770778, 0.00970402732491, 0.00125881098211, 0.000467050587758, 0.000243666945607, 0.000165774064953, 5.21903493791e-05, 8.48340459925e-06, 4.53490542895e-07], "dvar2": [0.00773497205228, 0.463929325342, 6.69535636902, 54.7749977112, 329.539367676, 859.801330566, 851.637145996, 1368.18774414, 2640.68310547, 1971.10852051, 21662.2011719, 7696.55078125, 9572.10058594, 17615.6035156, 7499.46386719, 5658.04248047, 52801.8945312, 8751.45605469, 10970.9667969, 1519.5213623, 219.950027466, 192.212203979, 104.341705322, 30.1104164124, 31.0182323456, 15.0303249359, 6.16950035095, 2.09243226051, 1.17305254936, 0.375746995211, 0.125399261713, 0.0593917407095, 0.0207206457853, 0.00304011395201, 0.00114476005547, 0.000548634910956, 0.000332359893946, 0.000120585144032, 1.92160732695e-05, 9.64895320976e-07], "max": [0.733826577663, 10.6393165588, 21.8129997253, 113.619110107, 263.299804688, 286.348876953, 396.132019043, 575.502197266, 1142.32800293, 568.990783691, 3650.16455078, 1820.23608398, 1219.23498535, 1819.82897949, 953.77923584, 1378.91442871, 4108.41992188, 2273.13720703, 3500.49804688, 518.080871582, 296.526916504, 333.055389404, 304.720703125, 54.6725349426, 47.1271743774, 51.1834754944, 42.8838348389, 17.6168117523, 11.5287446976, 4.94039440155, 3.89180350304, 1.98317205906, 1.23275411129, 0.635523200035, 0.39232930541, 0.214665010571, 0.163534134626, 0.0825247988105, 0.0591947361827, 0.023654229939], "mean": [0.038016948849, 0.297948867083, 1.10231053829, 3.26004266739, 7.52787065506, 14.7005052567, 14.1688766479, 18.0991363525, 25.3419857025, 25.8475494385, 59.1176261902, 42.4173088074, 51.2244338989, 59.3163986206, 38.4990463257, 41.1765518188, 57.1111946106, 35.5294837952, 46.7883491516, 24.1654701233, 9.64973640442, 8.40564441681, 5.52267694473, 3.60101079941, 4.32316589355, 2.49136590958, 1.16954648495, 0.622696340084, 0.576936125755, 0.426939874887, 0.245513573289, 0.168955147266, 0.0668662413955, 0.0183390676975, 0.00963464006782, 0.0101882219315, 0.0124650038779, 0.00703339185566, 0.00311345537193, 0.00137793784961], "median": [0.0151817332953, 0.116225659847, 0.494115978479, 1.50671422482, 3.32431292534, 5.7621049881, 5.55159378052, 7.24767541885, 8.94952201843, 11.248374939, 14.558175087, 12.423789978, 13.8540372849, 17.0751838684, 14.3194484711, 18.5332679749, 18.0167427063, 13.3035383224, 10.1831970215, 6.85022974014, 3.94093513489, 3.12517404556, 2.11142611504, 1.69271492958, 2.33342599869, 1.37135350704, 0.50083810091, 0.286289185286, 0.304094403982, 0.216311082244, 0.111229449511, 0.0623367615044, 0.0180444084108, 0.00540044112131, 0.00256846891716, 0.00302754924633, 0.0047291694209, 0.0035377277527, 0.00183654681314, 0.000915520824492], "min": [3.70807539487e-22, 1.23495318956e-21, 6.25694763413e-21, 8.15566932129e-20, 2.63192740892e-19, 1.01592448753e-19, 9.09116858882e-20, 6.96786187236e-20, 3.98114325702e-19, 2.68475064585e-19, 8.58820891369e-19, 1.03166948275e-18, 4.85738943178e-18, 6.02770400116e-18, 5.39315803684e-18, 2.24797312284e-18, 3.80988347281e-18, 6.42225674564e-18, 7.37877201005e-18, 1.21605649921e-17, 1.33755171224e-17, 8.87755875991e-18, 1.08741171598e-17, 9.25485486245e-18, 1.15806377636e-17, 2.08287403507e-17, 1.53312053554e-17, 2.28271458449e-17, 1.59908438436e-17, 1.20055496909e-17, 1.80854918021e-17, 1.63421193256e-17, 1.34863791768e-17, 1.57560519355e-17, 8.61563036458e-18, 5.12761982532e-18, 3.24578827446e-18, 1.75317332595e-18, 3.58377551352e-19, 3.88117763989e-20], "var": [0.0036924823653, 0.248757943511, 3.38957381248, 27.4368362427, 145.291641235, 646.267822266, 653.510253906, 989.319946289, 3063.33642578, 1541.76953125, 18316.7929688, 5896.25, 8120.68847656, 13297.2568359, 4660.30273438, 4789.60107422, 21663.1972656, 7961.59716797, 10493.8505859, 1750.96179199, 225.609542847, 210.683670044, 88.3840484619, 21.2282028198, 27.908323288, 11.6503620148, 5.15608501434, 1.06337833405, 0.627397239208, 0.304873496294, 0.108184821904, 0.0632026866078, 0.0140439718962, 0.00134600745514, 0.000469292514026, 0.000315964833135, 0.000331091083353, 8.41886576382e-05, 1.55527031893e-05, 1.90120272237e-06]}, "erbbands_crest": {"dmean": 3.27659583092, "dmean2": 5.355219841, "dvar": 10.4513282776, "dvar2": 24.7257614136, "max": 32.0563774109, "mean": 9.98426628113, "median": 8.889960289, "min": 2.07025671005, "var": 22.4554157257}, "erbbands_flatness_db": {"dmean": 0.0266859065741, "dmean2": 0.0399287939072, "dvar": 0.000596497906372, "dvar2": 0.00123358482961, "max": 0.38841304183, "mean": 0.187379434705, "median": 0.186395511031, "min": 0.0325035639107, "var": 0.0027414066717}, "erbbands_kurtosis": {"dmean": 1.46916913986, "dmean2": 2.33392953873, "dvar": 7.84646129608, "dvar2": 18.4078578949, "max": 67.1091918945, "mean": 1.24385356903, "median": 0.386399269104, "min": -1.71943080425, "var": 11.2597618103}, "erbbands_skewness": {"dmean": 0.41381534934, "dmean2": 0.646771430969, "dvar": 0.155740305781, "dvar2": 0.354792177677, "max": 4.05231571198, "mean": 0.296297371387, "median": 0.365615010262, "min": -4.35223531723, "var": 0.623382031918}, "erbbands_spread": {"dmean": 5.75589847565, "dmean2": 8.82710933685, "dvar": 35.5100250244, "dvar2": 75.442237854, "max": 206.826873779, "mean": 23.0446147919, "median": 19.982170105, "min": 1.00304722786, "var": 216.008743286}, "gfcc": {"cov": [[15827.1416016, 1758.77868652, -1233.08056641, -554.735717773, -301.706054688, -184.666107178, -264.491424561, -60.4360427856, -103.842689514, -166.090667725, -180.979537964, -175.229629517, -217.364074707], [1758.77868652, 905.73236084, -222.075668335, -264.518371582, 15.2614517212, -174.548416138, -6.16290473938, -137.44317627, 26.0097560883, -79.661277771, -1.2230399847, -59.488193512, -12.664978981], [-1233.08056641, -222.075668335, 561.692993164, 333.285797119, -73.1517486572, 84.2761154175, -32.5921554565, 35.7930755615, -63.5001029968, 30.4680233002, -10.3372459412, 27.0485935211, -19.7643718719], [-554.735717773, -264.518371582, 333.285797119, 420.691925049, 51.4974021912, 27.6664199829, 46.6961364746, -34.0485534668, -24.9229125977, 8.32839870453, -7.45199584961, 40.4353218079, -55.8618850708], [-301.706054688, 15.2614517212, -73.1517486572, 51.4974021912, 201.702407837, 34.5661048889, 44.5612106323, -66.4690093994, 17.0028114319, -8.01626300812, 37.1400909424, 2.85260820389, 5.09955072403], [-184.666107178, -174.548416138, 84.2761154175, 27.6664199829, 34.5661048889, 195.872756958, 14.7815723419, 48.0987319946, -54.7594261169, 12.8286752701, 7.93688488007, 16.192735672, 4.34258747101], [-264.491424561, -6.16290473938, -32.5921554565, 46.6961364746, 44.5612106323, 14.7815723419, 213.097732544, 14.5429697037, 54.8444709778, -50.8674354553, -9.88336086273, 26.5777111053, -9.71990585327], [-60.4360427856, -137.44317627, 35.7930755615, -34.0485534668, -66.4690093994, 48.0987319946, 14.5429697037, 217.455551147, 56.4022064209, 13.4183235168, -39.8404426575, -12.3722133636, 30.4871425629], [-103.842689514, 26.0097560883, -63.5001029968, -24.9229125977, 17.0028114319, -54.7594261169, 54.8444709778, 56.4022064209, 143.000335693, 21.0525588989, -9.805103302, -10.5561075211, -11.5001440048], [-166.090667725, -79.661277771, 30.4680233002, 8.32839870453, -8.01626300812, 12.8286752701, -50.8674354553, 13.4183235168, 21.0525588989, 90.837059021, 39.2418899536, -4.91134166718, -0.222769960761], [-180.979537964, -1.2230399847, -10.3372459412, -7.45199584961, 37.1400909424, 7.93688488007, -9.88336086273, -39.8404426575, -9.805103302, 39.2418899536, 80.3714904785, 31.4855575562, -0.764673948288], [-175.229629517, -59.488193512, 27.0485935211, 40.4353218079, 2.85260820389, 16.192735672, 26.5777111053, -12.3722133636, -10.5561075211, -4.91134166718, 31.4855575562, 64.8557281494, 19.8148880005], [-217.364074707, -12.664978981, -19.7643718719, -55.8618850708, 5.09955072403, 4.34258747101, -9.71990585327, 30.4871425629, -11.5001440048, -0.222769960761, -0.764673948288, 19.8148880005, 94.3976821899]], "icov": [[0.000320896389894, -0.00118372775614, 0.00245534442365, -0.00289307511412, 0.00253720139153, -0.00212582782842, 0.0011327926768, -0.000297515158309, -0.000592984142713, 0.000945035601035, -0.00126603653189, 0.00129198550712, -0.000795870553702], [-0.00118372775614, 0.0067278011702, -0.0103906029835, 0.0134035870433, -0.0106032015756, 0.00993433967233, -0.00455363746732, 0.00220028939657, 0.00221130345017, -0.00194551283494, 0.00463517475873, -0.0040447418578, 0.00402096984908], [0.00245534442365, -0.0103906029835, 0.0272827353328, -0.033375389874, 0.0293591227382, -0.0240041930228, 0.0116759268567, -0.00103455374483, -0.00996264908463, 0.0142540391535, -0.0206804946065, 0.0201179124415, -0.0142945498228], [-0.00289307511412, 0.0134035870433, -0.033375389874, 0.0466987080872, -0.0406893603504, 0.0328887030482, -0.0157934874296, -0.000229806944844, 0.0178618021309, -0.024782281369, 0.0351476147771, -0.0342305824161, 0.0245043542236], [0.00253720139153, -0.0106032015756, 0.0293591227382, -0.0406893603504, 0.0457343757153, -0.0335609130561, 0.0135528333485, 0.00579754542559, -0.0223415568471, 0.0290700867772, -0.0397502407432, 0.0379346497357, -0.0258537754416], [-0.00212582782842, 0.00993433967233, -0.0240041930228, 0.0328887030482, -0.0335609130561, 0.0338792391121, -0.0133508192375, -0.00528362905607, 0.0207482520491, -0.0229340363294, 0.027998926118, -0.0277000721544, 0.0199756547809], [0.0011327926768, -0.00455363746732, 0.0116759268567, -0.0157934874296, 0.0135528333485, -0.0133508192375, 0.0136298993602, 0.000324720575009, -0.0109361959621, 0.0146660534665, -0.0125180045143, 0.00859895069152, -0.00692755077034], [-0.000297515158309, 0.00220028939657, -0.00103455374483, -0.000229806944844, 0.00579754542559, -0.00528362905607, 0.000324720575009, 0.011825747788, -0.00982871931046, 0.00615133577958, -0.00461011240259, 0.00839652493596, -0.00758119532838], [-0.000592984142713, 0.00221130345017, -0.00996264908463, 0.0178618021309, -0.0223415568471, 0.0207482520491, -0.0109361959621, -0.00982871931046, 0.0290699899197, -0.0269767846912, 0.0276443548501, -0.0245519634336, 0.01857159473], [0.000945035601035, -0.00194551283494, 0.0142540391535, -0.024782281369, 0.0290700867772, -0.0229340363294, 0.0146660534665, 0.00615133577958, -0.0269767846912, 0.0510639883578, -0.048785559833, 0.0399849005044, -0.0227122530341], [-0.00126603653189, 0.00463517475873, -0.0206804946065, 0.0351476147771, -0.0397502407432, 0.027998926118, -0.0125180045143, -0.00461011240259, 0.0276443548501, -0.048785559833, 0.0718632638454, -0.0570144914091, 0.0310380328447], [0.00129198550712, -0.0040447418578, 0.0201179124415, -0.0342305824161, 0.0379346497357, -0.0277000721544, 0.00859895069152, 0.00839652493596, -0.0245519634336, 0.0399849005044, -0.0570144914091, 0.0685637518764, -0.0339643023908], [-0.000795870553702, 0.00402096984908, -0.0142945498228, 0.0245043542236, -0.0258537754416, 0.0199756547809, -0.00692755077034, -0.00758119532838, 0.01857159473, -0.0227122530341, 0.0310380328447, -0.0339643023908, 0.0326110571623]], "mean": [-44.7227287292, 115.984916687, -110.918579102, -12.0966959, -29.6886520386, -15.397726059, -11.2976894379, -20.4406661987, -8.87842082977, -10.0220174789, -7.82889318466, -5.26282215118, -13.3991212845]}, "hfc": {"dmean": 6.18943166733, "dmean2": 8.84912490845, "dvar": 76.9984893799, "dvar2": 160.602416992, "max": 294.30178833, "mean": 21.6682453156, "median": 16.4265575409, "min": 1.2250832069e-16, "var": 340.766418457}, "melbands": {"dmean": [0.000263338035438, 0.000380447861971, 0.000479848851683, 0.000565156165976, 0.000365265208529, 0.000288306298899, 0.000237289772485, 0.000214345796849, 0.000302974745864, 0.000165501274751, 0.000156443100423, 0.000162416850799, 9.42066762946e-05, 7.22801269148e-05, 6.77898497088e-05, 0.000106071638584, 3.63820654457e-05, 4.54493128927e-05, 3.05383873638e-05, 1.01547802842e-05, 5.29266890226e-06, 5.15500187248e-06, 3.79138236895e-06, 2.18459581447e-06, 1.64274945291e-06, 1.71237695668e-06, 1.42494900501e-06, 8.33174851778e-07, 5.14398436735e-07, 3.45544293623e-07, 2.29915684713e-07, 1.97760257947e-07, 1.93032150264e-07, 1.14543759366e-07, 8.20344752128e-08, 7.59570255582e-08, 6.0658969403e-08, 4.29051070228e-08, 2.37989166152e-08, 1.3500608631e-08], "dmean2": [0.000420672266046, 0.000621579471044, 0.000777628854848, 0.000909462629352, 0.000572627817746, 0.000454655295471, 0.000358351884643, 0.000334724638378, 0.000480814924231, 0.000262487737928, 0.000245786068263, 0.000247308664257, 0.000149341067299, 0.000113619949843, 0.000105210929178, 0.000170610146597, 5.65888040001e-05, 7.01878889231e-05, 4.8136087571e-05, 1.62389605975e-05, 8.36985054775e-06, 8.07719334261e-06, 6.04028127782e-06, 3.55252723239e-06, 2.71731232715e-06, 2.72162992587e-06, 2.24205109589e-06, 1.28218437112e-06, 7.96696326688e-07, 5.61741501315e-07, 3.75115632778e-07, 3.26433848841e-07, 2.92487982279e-07, 1.80857242071e-07, 1.24720131112e-07, 1.11873340813e-07, 8.77521841858e-08, 6.38421369104e-08, 3.80757825269e-08, 2.25222756001e-08], "dvar": [2.21316128091e-07, 5.0816112207e-07, 8.75540195011e-07, 9.10362814466e-07, 5.17174782999e-07, 2.84424629626e-07, 2.38201565139e-07, 1.45827570464e-07, 6.24226288437e-07, 1.21036464407e-07, 1.00833702277e-07, 1.47010624119e-07, 3.81293361329e-08, 2.28246541667e-08, 1.77138090862e-08, 1.47570261788e-07, 1.35378810384e-08, 1.68235860798e-08, 5.02628472177e-09, 3.6756142574e-10, 1.11020484472e-10, 1.37184860693e-10, 7.09801245558e-11, 1.88916694788e-11, 8.92344011183e-12, 8.19333663415e-12, 7.01701500724e-12, 2.65822108249e-12, 1.5769008278e-12, 5.22226522009e-13, 2.56165368865e-13, 1.65747786589e-13, 1.20546611972e-13, 4.21563012363e-14, 1.97994883157e-14, 1.6597265012e-14, 1.07813072502e-14, 6.26203538147e-15, 1.80869634557e-15, 8.04573832586e-16], "dvar2": [5.46967669379e-07, 1.23281870401e-06, 2.21969139602e-06, 2.32755837715e-06, 1.14628824122e-06, 6.55531152916e-07, 5.06741116624e-07, 3.69499616681e-07, 1.32683032916e-06, 3.15036004395e-07, 2.52154876534e-07, 3.28618540379e-07, 9.26014180891e-08, 5.21752525628e-08, 4.21144470408e-08, 3.6141250348e-07, 3.08344851874e-08, 3.90533081429e-08, 1.23954899678e-08, 9.12636466399e-10, 2.77307649066e-10, 2.93849694577e-10, 1.48094023156e-10, 4.50484788361e-11, 2.35307519997e-11, 2.01507439207e-11, 1.71538686033e-11, 5.98483285499e-12, 3.33372717452e-12, 1.27954309474e-12, 6.41901625169e-13, 4.26699121999e-13, 2.59810971565e-13, 9.77882258133e-14, 4.41104367388e-14, 3.48087918624e-14, 2.16061181126e-14, 1.34617633406e-14, 4.19924842173e-15, 1.97420679522e-15], "max": [0.00759849790484, 0.0113346809521, 0.0278757624328, 0.0122631220147, 0.0169439520687, 0.0119693009183, 0.0152238979936, 0.00625751214102, 0.0360689498484, 0.00870951637626, 0.00613251747563, 0.00770681258291, 0.00391284329817, 0.00427974713966, 0.00263172830455, 0.010545459576, 0.00481969770044, 0.00736241322011, 0.00171757384669, 0.00045722417417, 0.000306882517179, 0.000368806911865, 0.000425582984462, 9.8179843917e-05, 4.4920390792e-05, 3.79058474209e-05, 3.70166198991e-05, 3.53022769559e-05, 3.72838876501e-05, 1.38303021231e-05, 9.34851414058e-06, 6.53802953821e-06, 5.04399940837e-06, 2.65707353719e-06, 2.49895629167e-06, 1.63636377692e-06, 1.1726339153e-06, 1.1080794593e-06, 5.740295137e-07, 5.21495735484e-07], "mean": [0.000371200992959, 0.000531550496817, 0.000661528727505, 0.000806084775832, 0.000564026180655, 0.000409976288211, 0.000376535608666, 0.000327289832057, 0.000450168940006, 0.000262733723503, 0.000256372295553, 0.000244299444603, 0.000142196222441, 0.000106040592073, 0.000106777624751, 0.000121088276501, 5.76783531869e-05, 7.58221576689e-05, 5.20055109519e-05, 1.86115339602e-05, 9.40757126955e-06, 8.97487007023e-06, 6.63634227749e-06, 3.63445565199e-06, 2.75870866062e-06, 3.25171981785e-06, 2.58050590674e-06, 1.43082547766e-06, 7.71711256675e-07, 4.8770164085e-07, 3.14631790843e-07, 3.0537398743e-07, 3.45376633959e-07, 1.94499790496e-07, 1.38561503604e-07, 1.26777848664e-07, 9.32189436753e-08, 5.10704900591e-08, 2.4389001041e-08, 1.22832846117e-08], "median": [0.000158728158567, 0.000252436118899, 0.000320739141898, 0.000362859165762, 0.000217648848775, 0.000162183408975, 0.000140017174999, 0.000127436520415, 0.00011123445438, 7.21676042303e-05, 6.46943954052e-05, 6.22083825874e-05, 4.32618144259e-05, 4.44148681709e-05, 4.26516380685e-05, 3.22155610775e-05, 1.91923645616e-05, 1.53042055899e-05, 1.10584478534e-05, 5.63969160794e-06, 3.94837343265e-06, 3.14211933983e-06, 2.54251608567e-06, 1.32311060952e-06, 1.25335475332e-06, 1.65677101904e-06, 1.42463579778e-06, 7.30455326448e-07, 3.09740727289e-07, 2.10389089261e-07, 1.44194828522e-07, 1.57622878305e-07, 1.74759279048e-07, 9.67619939729e-08, 6.38565538225e-08, 5.21942986609e-08, 3.17526769322e-08, 1.27776083048e-08, 6.25267437826e-09, 2.93731972079e-09], "min": [4.30797729202e-24, 2.07605017465e-24, 2.05067815969e-23, 1.37703575393e-23, 3.43318300738e-24, 1.86496460426e-24, 5.90616018219e-24, 3.76253677405e-24, 7.09991775208e-24, 6.24844337909e-24, 2.49976815333e-23, 2.44382813327e-23, 2.2797262901e-23, 5.74825389479e-24, 6.87710635599e-24, 1.02080880944e-23, 1.15363081888e-23, 9.81897929742e-24, 1.67640688974e-23, 1.66452822222e-23, 1.51352036567e-23, 9.77357404143e-24, 8.90973032945e-24, 8.39346977636e-24, 7.47966829211e-24, 5.76687337874e-24, 1.30773503338e-23, 1.46354997163e-23, 1.11051365396e-23, 8.05746709556e-24, 1.51163909018e-23, 9.38482969823e-24, 6.82776626181e-24, 6.08691464242e-24, 9.86702171541e-24, 1.14061027521e-23, 9.63074683024e-24, 8.42098524473e-24, 1.17665151559e-23, 1.38164270161e-23], "var": [3.16632252861e-07, 7.00384134689e-07, 1.10002929432e-06, 1.4675086959e-06, 1.01159059795e-06, 5.1319858585e-07, 5.91566958974e-07, 2.68833645123e-07, 1.12335965241e-06, 2.26827495453e-07, 2.12329240412e-07, 2.34194189375e-07, 6.93516142292e-08, 3.76087854193e-08, 3.2791167115e-08, 1.42194267028e-07, 2.83622973996e-08, 3.38006955758e-08, 1.12015303699e-08, 1.00489161436e-09, 2.30425567516e-10, 2.91233370753e-10, 1.35474798046e-10, 3.44834334698e-11, 1.37815392778e-11, 1.66077464281e-11, 1.08513736191e-11, 4.70038070965e-12, 2.87462198142e-12, 6.98426451222e-13, 2.97217491504e-13, 1.9497562744e-13, 2.14068102437e-13, 6.60032128236e-14, 3.46975899889e-14, 3.25293550505e-14, 2.11339650072e-14, 8.8350508482e-15, 2.1105757116e-15, 8.02867220016e-16]}, "melbands_crest": {"dmean": 3.25031757355, "dmean2": 5.37948846817, "dvar": 7.6822719574, "dvar2": 20.1748771667, "max": 39.9941101074, "mean": 11.8056879044, "median": 10.7176151276, "min": 2.36124897003, "var": 27.5409164429}, "melbands_flatness_db": {"dmean": 0.0270886253566, "dmean2": 0.0433871075511, "dvar": 0.000546689494513, "dvar2": 0.00132868241053, "max": 0.664623200893, "mean": 0.239072620869, "median": 0.231901794672, "min": 0.0111836139113, "var": 0.00290512805805}, "melbands_kurtosis": {"dmean": 15.1290044785, "dmean2": 17.9578437805, "dvar": 50457.4570312, "dvar2": 51989.0742188, "max": 31587.0644531, "mean": 63.0583724976, "median": 2.6959528923, "min": -1.7957085371, "var": 999201.5}, "melbands_skewness": {"dmean": 0.673236310482, "dmean2": 0.997806966305, "dvar": 1.22836148739, "dvar2": 1.66176354885, "max": 168.363372803, "mean": 2.02829670906, "median": 1.40368545055, "min": -2.81016135216, "var": 50.3713874817}, "melbands_spread": {"dmean": 4.96462631226, "dmean2": 7.91176176071, "dvar": 29.0279102325, "dvar2": 63.4581947327, "max": 153.458786011, "mean": 18.0182342529, "median": 16.2308940887, "min": 0.0236266180873, "var": 117.98387146}, "mfcc": {"cov": [[8499.2734375, 1301.63830566, -802.085571289, -149.068084717, -266.547637939, -73.5634689331, -248.929290771, 157.274871826, -80.7266998291, 244.929794312, -140.929702759, -21.9173793793, -101.499450684], [1301.63830566, 1076.72290039, -294.702453613, -144.77532959, -70.5400314331, -70.1710128784, -82.1549453735, -51.7544784546, -32.1552467346, -13.8683481216, 7.14805269241, -51.3553237915, -3.53754472733], [-802.085571289, -294.702453613, 586.922973633, 170.748947144, 45.0781669617, 28.2330322266, 37.6625442505, -8.4854516983, -24.3661956787, -7.2440161705, -16.6431865692, 8.89714813232, -13.8250894547], [-149.068084717, -144.77532959, 170.748947144, 355.450897217, 23.3602256775, 87.4937210083, -10.4059896469, 24.2487735748, -39.8411979675, 22.8060398102, -23.0002117157, -0.859590709209, 1.05367314816], [-266.547637939, -70.5400314331, 45.0781669617, 23.3602256775, 172.319534302, 45.9705886841, 23.6823539734, -52.1671218872, -24.3055019379, -36.7482185364, 23.0800189972, 20.0705871582, -2.93264651299], [-73.5634689331, -70.1710128784, 28.2330322266, 87.4937210083, 45.9705886841, 195.55921936, 74.4938583374, 9.2181596756, -70.4640274048, -22.5290260315, -19.8908843994, 19.0889816284, -2.4049975872], [-248.929290771, -82.1549453735, 37.6625442505, -10.4059896469, 23.6823539734, 74.4938583374, 135.834701538, 36.8769416809, -9.35730171204, -39.1682891846, -16.2106933594, 1.29959189892, 7.84234333038], [157.274871826, -51.7544784546, -8.4854516983, 24.2487735748, -52.1671218872, 9.2181596756, 36.8769416809, 163.684448242, 56.7183265686, 47.4968109131, -27.2259731293, -22.5403118134, 1.58424139023], [-80.7266998291, -32.1552467346, -24.3661956787, -39.8411979675, -24.3055019379, -70.4640274048, -9.35730171204, 56.7183265686, 143.033554077, 49.0724143982, 6.54135322571, -32.0502815247, 6.64633512497], [244.929794312, -13.8683481216, -7.2440161705, 22.8060398102, -36.7482185364, -22.5290260315, -39.1682891846, 47.4968109131, 49.0724143982, 112.731964111, 18.5129737854, -14.0167274475, -7.51327753067], [-140.929702759, 7.14805269241, -16.6431865692, -23.0002117157, 23.0800189972, -19.8908843994, -16.2106933594, -27.2259731293, 6.54135322571, 18.5129737854, 89.1679382324, 30.3576431274, 5.4813170433], [-21.9173793793, -51.3553237915, 8.89714813232, -0.859590709209, 20.0705871582, 19.0889816284, 1.29959189892, -22.5403118134, -32.0502815247, -14.0167274475, 30.3576431274, 99.2947616577, 18.1081428528], [-101.499450684, -3.53754472733, -13.8250894547, 1.05367314816, -2.93264651299, -2.4049975872, 7.84234333038, 1.58424139023, 6.64633512497, -7.51327753067, 5.4813170433, 18.1081428528, 58.8374176025]], "icov": [[0.000207963021239, -0.000210452839383, 0.000197648740141, 1.23871332107e-05, -2.38225547946e-05, 7.76133820182e-05, 0.00011619408906, -0.000187149082194, 0.0003041922173, -0.00058939086739, 0.000573829980567, -0.000355311407475, 0.000330127048073], [-0.000210452839383, 0.001459101215, 0.000281877844827, 0.000268878153292, 0.000382091180654, 1.26504455693e-05, 0.000469269434689, 0.000317577680107, 0.00035585288424, 0.000863379740622, -0.000844188674819, 0.00125829945318, -0.000504005292896], [0.000197648740141, 0.000281877844827, 0.00256601185538, -0.00115635839757, -0.000241057219682, 0.00103609543294, -0.0010374734411, 0.000400956632802, 0.000610728748143, -0.000805278832559, 0.000921088911127, -0.000482411880512, 0.00103021948598], [1.23871332107e-05, 0.000268878153292, -0.00115635839757, 0.00440992973745, -0.000441871641669, -0.00224800710566, 0.00244312360883, -0.00112854037434, 0.000983865116723, -0.000723978097085, 0.000513727602083, 0.000797571148723, -0.00121922662947], [-2.38225547946e-05, 0.000382091180654, -0.000241057219682, -0.000441871641669, 0.00798795558512, -0.00187199329957, -0.000577975122724, 0.00235173013061, -0.00133749318775, 0.00226908433251, -0.00252547324635, -1.56094538397e-05, 0.000949405832216], [7.76133820182e-05, 1.26504455693e-05, 0.00103609543294, -0.00224800710566, -0.00187199329957, 0.0103531153873, -0.00579896010458, -0.000267662544502, 0.00452311523259, -0.00248939846642, 0.0019815012347, -0.00135251611937, 0.000931221700739], [0.00011619408906, 0.000469269434689, -0.0010374734411, 0.00244312360883, -0.000577975122724, -0.00579896010458, 0.0143755134195, -0.00466034421697, -0.000939913152251, 0.00545775331557, -0.000804135983344, 0.00138428609353, -0.00166333490051], [-0.000187149082194, 0.000317577680107, 0.000400956632802, -0.00112854037434, 0.00235173013061, -0.000267662544502, -0.00466034421697, 0.0111034493893, -0.00359161407687, -0.00374805810861, 0.00244742119685, -0.000201840914087, 3.66704625776e-07], [0.0003041922173, 0.00035585288424, 0.000610728748143, 0.000983865116723, -0.00133749318775, 0.00452311523259, -0.000939913152251, -0.00359161407687, 0.0133083760738, -0.00471721729264, 9.084429621e-05, 0.00276067480445, -0.0019515582826], [-0.00058939086739, 0.000863379740622, -0.000805278832559, -0.000723978097085, 0.00226908433251, -0.00248939846642, 0.00545775331557, -0.00374805810861, -0.00471721729264, 0.0175934080034, -0.0067962417379, 0.00234850053675, 0.000933531788178], [0.000573829980567, -0.000844188674819, 0.000921088911127, 0.000513727602083, -0.00252547324635, 0.0019815012347, -0.000804135983344, 0.00244742119685, 9.084429621e-05, -0.0067962417379, 0.0176437236369, -0.00610804464668, 0.000500816793647], [-0.000355311407475, 0.00125829945318, -0.000482411880512, 0.000797571148723, -1.56094538397e-05, -0.00135251611937, 0.00138428609353, -0.000201840914087, 0.00276067480445, 0.00234850053675, -0.00610804464668, 0.0148805333301, -0.00492270709947], [0.000330127048073, -0.000504005292896, 0.00103021948598, -0.00121922662947, 0.000949405832216, 0.000931221700739, -0.00166333490051, 3.66704625776e-07, -0.0019515582826, 0.000933531788178, 0.000500816793647, -0.00492270709947, 0.01991420798]], "mean": [-695.543884277, 173.388061523, -23.3103713989, 15.0275802612, -8.39361190796, 10.5644550323, -4.74078226089, 2.63729095459, -10.5659952164, 5.87627220154, -3.99803686142, -3.6870701313, -1.29779362679]}, "pitch_salience": {"dmean": 0.0729730650783, "dmean2": 0.120037525892, "dvar": 0.00360526191071, "dvar2": 0.00930044613779, "max": 0.851878643036, "mean": 0.634448289871, "median": 0.656267046928, "min": 0.00118365569506, "var": 0.0134475091472}, "silence_rate_20dB": {"dmean": 0, "dmean2": 0, "dvar": 0, "dvar2": 0, "max": 1, "mean": 1, "median": 1, "min": 1, "var": 0}, "silence_rate_30dB": {"dmean": 0.00164907646831, "dmean2": 0.00329869706184, "dvar": 0.00164639414288, "dvar2": 0.00394758209586, "max": 1, "mean": 0.998186290264, "median": 1, "min": 0, "var": 0.001810387359}, "silence_rate_60dB": {"dmean": 0.0451846979558, "dmean2": 0.0903842970729, "dvar": 0.0431450866163, "dvar2": 0.0980535000563, "max": 1, "mean": 0.0905193760991, "median": 0, "min": 0, "var": 0.0823178440332}, "spectral_centroid": {"dmean": 168.644836426, "dmean2": 270.387054443, "dvar": 47047.9414062, "dvar2": 95729.7265625, "max": 11184.9667969, "mean": 917.880737305, "median": 852.274108887, "min": 231.755187988, "var": 225649}, "spectral_complexity": {"dmean": 2.99835085869, "dmean2": 4.34009552002, "dvar": 8.88637828827, "dvar2": 16.6649894714, "max": 43, "mean": 16.015663147, "median": 15, "min": 0, "var": 68.4758987427}, "spectral_contrast_coeffs": {"dmean": [0.0608543716371, 0.0511356852949, 0.0422635003924, 0.0335382632911, 0.0212678536773, 0.0394618846476], "dmean2": [0.0983124449849, 0.0845338925719, 0.0683484300971, 0.0528149567544, 0.034091770649, 0.0640766248107], "dvar": [0.00228359387256, 0.00168387638405, 0.00116853439249, 0.000810984347481, 0.000322501146002, 0.0011899023084], "dvar2": [0.00580990081653, 0.00439854105935, 0.00295550725423, 0.00186871842016, 0.000800515583251, 0.00312628154643], "max": [-0.292092531919, -0.487841486931, -0.519048511982, -0.561750411987, -0.668100833893, -0.550383031368], "mean": [-0.627053380013, -0.759621679783, -0.781620025635, -0.789562702179, -0.814184248447, -0.756444096565], "median": [-0.628333687782, -0.766672849655, -0.787431538105, -0.799508690834, -0.816762089729, -0.752448856831], "min": [-0.957918822765, -0.961362242699, -0.961144208908, -0.958094477654, -0.965792119503, -0.959166824818], "var": [0.00778669910505, 0.00489033199847, 0.00412423256785, 0.00385197880678, 0.00144660414662, 0.00313520501368]}, "spectral_contrast_valleys": {"dmean": [0.446467250586, 0.385941952467, 0.343546122313, 0.286340236664, 0.295084625483, 0.658403992653], "dmean2": [0.709816515446, 0.591650664806, 0.50915491581, 0.411700576544, 0.435387581587, 1.02386009693], "dvar": [0.152816087008, 0.122816465795, 0.104930713773, 0.0849976763129, 0.1230885759, 0.334174990654], "dvar2": [0.335049331188, 0.236006975174, 0.182376027107, 0.13302500546, 0.223417729139, 0.815258085728], "max": [-5.41105651855, -4.55559539795, -5.14989471436, -5.19365501404, -6.10672712326, -9.13650131226], "mean": [-7.59891986847, -6.56388711929, -7.0404882431, -7.58657264709, -8.14519882202, -11.5988874435], "median": [-7.40137004852, -6.32167005539, -6.83420372009, -7.41600370407, -7.97403812408, -11.4327001572], "min": [-27.4111232758, -27.1408138275, -27.096818924, -27.3915424347, -27.2136573792, -27.2537937164], "var": [1.87957024574, 1.98376750946, 1.97663903236, 1.74622285366, 1.3770648241, 1.36245250702]}, "spectral_decrease": {"dmean": 2.02661420978e-09, "dmean2": 2.86884782597e-09, "dvar": 6.66459088662e-18, "dvar2": 1.35461231238e-17, "max": 2.2553236988e-29, "mean": -5.67243496619e-09, "median": -4.40873781926e-09, "min": -7.12610628284e-08, "var": 2.53269270151e-17}, "spectral_energy": {"dmean": 0.00811741128564, "dmean2": 0.0114552937448, "dvar": 0.000107084619231, "dvar2": 0.000217042936129, "max": 0.295650303364, "mean": 0.0233744941652, "median": 0.0181485693902, "min": 1.10267497349e-20, "var": 0.000419235584559}, "spectral_energyband_high": {"dmean": 5.39287902939e-05, "dmean2": 7.84979129094e-05, "dvar": 9.27149024221e-09, "dvar2": 2.01424672497e-08, "max": 0.0020799676422, "mean": 0.000106134488306, "median": 6.05294153502e-05, "min": 8.12236108447e-21, "var": 1.8252206857e-08}, "spectral_energyband_low": {"dmean": 0.00199363706633, "dmean2": 0.00313611212187, "dvar": 1.11465969894e-05, "dvar2": 2.58310392383e-05, "max": 0.0475378632545, "mean": 0.00332457618788, "median": 0.00177482899744, "min": 4.2069358852e-23, "var": 1.95936627279e-05}, "spectral_energyband_middle_high": {"dmean": 0.00301022548229, "dmean2": 0.00437830062583, "dvar": 2.69431275228e-05, "dvar2": 5.92406904616e-05, "max": 0.119756914675, "mean": 0.00677269883454, "median": 0.00363507936709, "min": 1.75289305712e-21, "var": 7.35449066269e-05}, "spectral_energyband_middle_low": {"dmean": 0.00580970710143, "dmean2": 0.00865029264241, "dvar": 6.35986361885e-05, "dvar2": 0.000144025747431, "max": 0.217381194234, "mean": 0.0135359195992, "median": 0.0095355277881, "min": 2.66579702592e-22, "var": 0.000186170844245}, "spectral_entropy": {"dmean": 0.192015662789, "dmean2": 0.301682114601, "dvar": 0.0325742214918, "dvar2": 0.0747615471482, "max": 9.78938961029, "mean": 7.26611757278, "median": 7.28889513016, "min": 4.91209030151, "var": 0.146553441882}, "spectral_flux": {"dmean": 0.0207485239953, "dmean2": 0.0321054980159, "dvar": 0.000442269258201, "dvar2": 0.000954774965066, "max": 0.410530388355, "mean": 0.0839878246188, "median": 0.0802563950419, "min": 1.05008328422e-10, "var": 0.00185875082389}, "spectral_kurtosis": {"dmean": 3.84522247314, "dmean2": 6.02653217316, "dvar": 29.9783306122, "dvar2": 73.4735412598, "max": 121.300056458, "mean": 15.3235769272, "median": 13.2870159149, "min": -1.18450593948, "var": 73.2290115356}, "spectral_rms": {"dmean": 0.000800971698482, "dmean2": 0.0010926554678, "dvar": 6.33422928331e-07, "dvar2": 1.13893793241e-06, "max": 0.0169835016131, "mean": 0.0043001784943, "median": 0.00420784018934, "min": 3.2799091134e-12, "var": 4.31283842772e-06}, "spectral_rolloff": {"dmean": 359.464660645, "dmean2": 636.744873047, "dvar": 1957534.625, "dvar2": 5290907, "max": 22050, "mean": 1340.81335449, "median": 1098.19335938, "min": 21.533203125, "var": 4477820}, "spectral_skewness": {"dmean": 0.31044998765, "dmean2": 0.484483808279, "dvar": 0.131599381566, "dvar2": 0.305244296789, "max": 8.49111461639, "mean": 2.59647965431, "median": 2.52358102798, "min": -0.0161225125194, "var": 0.463593006134}, "spectral_spread": {"dmean": 452146.1875, "dmean2": 702254.8125, "dvar": 339451478016, "dvar2": 572119515136, "max": 39933604, "mean": 3104585, "median": 3026397.5, "min": 990063.0625, "