{"lowlevel": {"average_loudness": 0.948551356792, "barkbands": {"dmean": [2.26936681429e-05, 0.00383664481342, 0.00605620443821, 0.00320580182597, 0.00412943260744, 0.000644570216537, 0.0007520475192, 0.000691291468684, 0.000580657913815, 0.000454520719359, 0.000321775238262, 0.000370406720322, 0.000374272698537, 0.00026791144046, 0.000261194742052, 0.000214213359868, 0.000212281782296, 0.000167592574144, 0.000182146366569, 0.000198913665372, 0.000212420331081, 0.000163846445503, 9.10853559617e-05, 4.60554983874e-05, 1.20900685943e-05, 1.3239598502e-06, 5.86504711464e-07], "dmean2": [3.75543495466e-05, 0.00596780981869, 0.0103279408067, 0.00566333485767, 0.0070969494991, 0.0010751466034, 0.00122815847863, 0.00110251642764, 0.000917450175621, 0.000707328494173, 0.000510897953063, 0.000612288655248, 0.000601958599873, 0.000444585894002, 0.000422133074608, 0.000352781818947, 0.000333241390763, 0.00026187862386, 0.000292937358608, 0.000320285238558, 0.000338359677698, 0.000253835838521, 0.000139340321766, 7.02466277289e-05, 1.8429785996e-05, 2.13561770579e-06, 9.89798536466e-07], "dvar": [3.79761200264e-09, 7.24838246242e-05, 0.000278877996607, 6.55093754176e-05, 0.000137685623486, 2.17495789911e-06, 4.52809808849e-06, 3.12689758175e-06, 1.52380141571e-06, 9.81298853731e-07, 6.65205561745e-07, 6.19021022885e-07, 8.09035952898e-07, 4.08723366263e-07, 3.38738203709e-07, 2.18210544745e-07, 1.76774634042e-07, 1.13946697411e-07, 1.27750126921e-07, 1.32724665036e-07, 1.57876755225e-07, 9.66294564364e-08, 2.2407476763e-08, 1.16378098269e-08, 7.2722455835e-10, 2.10986072363e-11, 5.854281903e-12], "dvar2": [9.90067228201e-09, 0.000157275979291, 0.000721879769117, 0.000180895280209, 0.000360213132808, 5.50882396055e-06, 1.08225913209e-05, 7.38809012546e-06, 3.52252641278e-06, 2.05820265364e-06, 1.54567828758e-06, 1.60461570431e-06, 2.13639509639e-06, 1.07980201847e-06, 8.21192145395e-07, 6.11756320268e-07, 4.41188575451e-07, 2.78094688611e-07, 3.02976815192e-07, 3.24346615344e-07, 3.92521712911e-07, 2.3567037033e-07, 5.0273740726e-08, 2.62094701498e-08, 1.62303459561e-09, 5.17788173449e-11, 1.54271161817e-11], "max": [0.00112057011575, 0.0860626101494, 0.146786212921, 0.0781818032265, 0.123755015433, 0.0244205910712, 0.0635048151016, 0.0389656536281, 0.0259178057313, 0.025228926912, 0.0202848743647, 0.0140092391521, 0.0183071885258, 0.0108312508091, 0.00952112022787, 0.00837120879441, 0.00640477472916, 0.00680953124538, 0.011302321218, 0.00644948985428, 0.00471975747496, 0.00930356234312, 0.00290143606253, 0.00210016104393, 0.000577174592763, 0.000101376717794, 5.71838099859e-05], "mean": [2.40385979851e-05, 0.0041115609929, 0.00531776156276, 0.00264244899154, 0.00371697288938, 0.000781043549068, 0.000879289524164, 0.000864045228809, 0.000819657056127, 0.000621687911917, 0.000398974429118, 0.000465388875455, 0.000508059107233, 0.000362742168363, 0.000381566322176, 0.000344852043781, 0.0003141547204, 0.000271427095868, 0.00031891243998, 0.000278409919702, 0.000278805353446, 0.000243344489718, 0.000143661061884, 6.52316448395e-05, 1.61357675097e-05, 1.43073384606e-06, 5.66973938021e-07], "median": [3.36342282026e-06, 0.000450191728305, 0.00050393975107, 0.000399485987145, 0.000772591214627, 0.000174056389369, 0.000187516125152, 0.000199222180527, 0.000191779603483, 0.000108140680823, 6.38661658741e-05, 0.000111187968287, 9.83156496659e-05, 8.65221954882e-05, 9.60973848123e-05, 0.00010393174307, 0.000136667440529, 0.000112676207209, 0.00014260224998, 0.000102711928776, 0.00010186486179, 9.1661058832e-05, 5.9628051531e-05, 2.49109216384e-05, 5.14733073942e-06, 2.80458721136e-07, 8.47191259368e-08], "min": [2.88265367097e-26, 8.86898664977e-25, 1.76570933631e-24, 1.04270125756e-24, 6.25823432622e-24, 9.97195993732e-24, 9.33295736055e-24, 8.74659941628e-24, 1.27614083858e-23, 1.07953327183e-23, 2.08305758663e-23, 1.81225362855e-23, 4.14431484437e-23, 2.64449225946e-23, 4.4310948135e-23, 3.72496459131e-23, 3.579556385e-23, 1.01815904143e-22, 1.14875957124e-22, 1.94741863377e-22, 2.58108775353e-22, 2.51777920464e-22, 3.2082543875e-22, 6.38235627273e-22, 8.76106750393e-22, 1.22909385892e-21, 1.92605229198e-21], "var": [3.93461219161e-09, 8.49696007208e-05, 0.000231687910855, 4.59092443634e-05, 0.000107104497147, 2.82396240436e-06, 5.98098813498e-06, 4.31045600635e-06, 2.41544807977e-06, 1.96649102691e-06, 9.89007048702e-07, 7.61247576975e-07, 1.09279096705e-06, 5.56328927814e-07, 6.43271619083e-07, 4.17072186565e-07, 2.60407546193e-07, 2.02584118369e-07, 2.45302970825e-07, 2.01894877705e-07, 1.93709567498e-07, 1.60986402875e-07, 4.64269263034e-08, 1.81372463715e-08, 1.13531428703e-09, 2.05885430232e-11, 4.96071326378e-12]}, "barkbands_crest": {"dmean": 3.41028571129, "dmean2": 5.50034856796, "dvar": 9.8935136795, "dvar2": 23.5442733765, "max": 26.4326877594, "mean": 9.86949729919, "median": 8.88554954529, "min": 2.46527290344, "var": 21.1231060028}, "barkbands_flatness_db": {"dmean": 0.0338048711419, "dmean2": 0.0509675033391, "dvar": 0.00116129906382, "dvar2": 0.00239258352667, "max": 0.564801454544, "mean": 0.143403068185, "median": 0.129155725241, "min": 0.0247453078628, "var": 0.00381077011116}, "barkbands_kurtosis": {"dmean": 6.89016675949, "dmean2": 11.258067131, "dvar": 215.750091553, "dvar2": 540.062194824, "max": 281.309143066, "mean": 6.67270898819, "median": 0.999503850937, "min": -1.97178602219, "var": 269.863464355}, "barkbands_skewness": {"dmean": 1.03471541405, "dmean2": 1.55397319794, "dvar": 1.3637663126, "dvar2": 2.95957946777, "max": 13.8206138611, "mean": 1.52796113491, "median": 1.15296983719, "min": -7.39092159271, "var": 3.52566456795}, "barkbands_spread": {"dmean": 10.0277061462, "dmean2": 15.6056089401, "dvar": 123.710083008, "dvar2": 281.476226807, "max": 153.087631226, "mean": 24.9968490601, "median": 22.3549690247, "min": 0.2714651227, "var": 272.914001465}, "dissonance": {"dmean": 0.0182125624269, "dmean2": 0.0297270342708, "dvar": 0.000427387829404, "dvar2": 0.00100554537494, "max": 0.500000059605, "mean": 0.467371791601, "median": 0.477559089661, "min": 0.137720629573, "var": 0.00114141125232}, "dynamic_complexity": 3.89178991318, "erbbands": {"dmean": [0.0485665611923, 1.10625302792, 6.05666971207, 9.62485694885, 11.8920860291, 15.8324480057, 6.44223976135, 5.49760341644, 9.23103809357, 13.1789236069, 13.8695936203, 13.4841604233, 13.736620903, 13.1355457306, 12.7824668884, 15.1078710556, 17.1061973572, 14.2243776321, 12.2770862579, 11.9504756927, 11.0858201981, 10.9481143951, 9.47945594788, 8.45802021027, 9.97014904022, 9.35344409943, 8.34152412415, 8.62344551086, 5.71301269531, 4.44065570831, 2.61082339287, 1.26670396328, 0.64813798666, 0.217005968094, 0.0420610979199, 0.0078246742487, 0.00222231214866, 0.000662580132484, 0.000109070759208, 2.13995281229e-05], "dmean2": [0.0745192915201, 1.71984255314, 10.1344776154, 16.6810340881, 20.5153656006, 27.404045105, 10.8199338913, 9.21108531952, 14.974354744, 21.5713710785, 21.7440795898, 21.0078296661, 21.3928184509, 20.2640590668, 20.5319919586, 24.8534412384, 27.183467865, 23.2759666443, 19.6600074768, 19.5405158997, 17.8299121857, 16.8950309753, 15.0123271942, 13.3467359543, 16.2389907837, 14.6692171097, 13.4555740356, 13.6203250885, 8.66887187958, 7.01891183853, 3.95523428917, 1.90906429291, 1.00938153267, 0.330637276173, 0.0638195499778, 0.0120812859386, 0.00367151456885, 0.00112010538578, 0.000182151488843, 3.2700754673e-05], "dvar": [0.0131086297333, 5.98889064789, 247.803192139, 642.760070801, 699.473999023, 2676.47827148, 217.813674927, 182.351226807, 745.304077148, 1191.06958008, 1136.52856445, 919.854858398, 926.723327637, 975.600952148, 818.569091797, 1151.04455566, 1708.36303711, 1069.74169922, 643.363586426, 853.438354492, 437.811035156, 468.863037109, 395.162261963, 331.731292725, 378.819885254, 288.098907471, 238.645751953, 353.006530762, 114.318435669, 61.7727775574, 20.8494873047, 6.90079545975, 3.67621016502, 0.269019067287, 0.00979832280427, 0.000383787759347, 9.15155687835e-05, 9.91271281237e-06, 1.78057405265e-07, 1.29003563387e-09], "dvar2": [0.0301782172173, 12.9189338684, 628.732116699, 1737.03833008, 1840.29174805, 7153.85693359, 575.673461914, 461.624603271, 1791.07385254, 2790.76098633, 2573.53930664, 2106.74804688, 2010.26416016, 2116.38647461, 2048.74487305, 3014.13500977, 4462.51416016, 2842.82470703, 1596.76098633, 2318.67016602, 1159.11657715, 1153.18371582, 990.878967285, 859.461425781, 918.020446777, 659.968688965, 616.99420166, 847.339477539, 267.616271973, 156.541305542, 47.0889167786, 14.8855381012, 8.84987735748, 0.621520102024, 0.0196538921446, 0.000856278580613, 0.00023102844716, 2.57055744441e-05, 4.67745536525e-07, 3.01420777227e-09], "max": [1.31226468086, 24.5041675568, 141.19303894, 251.722396851, 256.936248779, 569.268188477, 201.014907837, 242.479721069, 866.115722656, 719.007995605, 902.011779785, 818.047363281, 759.970581055, 1093.46801758, 635.571228027, 700.011901855, 960.644897461, 594.76965332, 406.10748291, 521.787109375, 372.624664307, 406.793548584, 315.235076904, 329.786743164, 627.019287109, 291.984069824, 198.670196533, 214.168289185, 386.743377686, 129.288696289, 97.4695587158, 70.9186401367, 22.3350086212, 9.5360956192, 2.84562849998, 0.416228711605, 0.232284456491, 0.0754740610719, 0.00941409822553, 0.000596043828409], "mean": [0.0556183122098, 1.18338382244, 5.60356664658, 8.28222560883, 10.4707670212, 13.6153535843, 7.27164411545, 6.52782964706, 11.0077676773, 16.2843456268, 18.1260108948, 19.8101787567, 20.3489303589, 16.9142093658, 17.9403781891, 20.0197067261, 23.8641681671, 20.5128879547, 18.892250061, 19.1616363525, 17.9431838989, 17.150302887, 15.2380437851, 15.1880846024, 15.76907444, 13.4740133286, 11.7315015793, 10.9678277969, 8.76305866241, 6.18121623993, 4.0834479332, 1.96029770374, 0.8302038908, 0.283822000027, 0.0603340379894, 0.0101956883445, 0.00219190632924, 0.00060778047191, 0.00011374791211, 3.45818807546e-05], "median": [0.00676085799932, 0.129566937685, 0.625753521919, 1.19401240349, 2.12918615341, 2.17499375343, 1.94470238686, 1.50689136982, 2.54364442825, 4.19916820526, 4.8498468399, 5.18127441406, 4.48920440674, 3.40792512894, 4.09149169922, 5.65115451813, 5.56805801392, 6.10910558701, 5.83818149567, 5.53554439545, 6.67481470108, 7.85618638992, 6.43008232117, 6.86886978149, 6.52595424652, 5.22134876251, 4.39792633057, 3.78248357773, 3.22841310501, 2.57638835907, 1.70414924622, 0.754847407341, 0.292752981186, 0.0972122400999, 0.0200509503484, 0.00278590293601, 0.0003629741841, 7.16889480827e-05, 2.76541031781e-05, 2.02666742553e-05], "min": [3.30775688446e-23, 3.28182671097e-22, 2.74850226346e-21, 5.01627486222e-21, 1.05374134336e-20, 2.535875487e-20, 4.05949903915e-20, 7.36473472921e-20, 1.68933325818e-19, 1.45335569002e-19, 2.53263419916e-19, 3.16791020207e-19, 4.89671742381e-19, 7.63265555693e-19, 1.09611564126e-18, 9.27352598324e-19, 1.57636719233e-18, 1.94296888352e-18, 1.93416623424e-18, 2.21693834023e-18, 2.92096933716e-18, 2.78741606418e-18, 5.74688735014e-18, 6.25894151422e-18, 6.4616388146e-18, 9.1570754966e-18, 1.00669328114e-17, 9.91179177877e-18, 8.80365678962e-18, 1.0274124184e-17, 1.04745583183e-17, 1.15184370902e-17, 1.02041761371e-17, 8.49000313623e-18, 6.34792422785e-18, 4.1685965493e-18, 2.38925267633e-18, 8.96972942761e-19, 2.35938923317e-19, 2.7594712923e-20], "var": [0.0168728996068, 7.07469081879, 220.587097168, 480.834686279, 556.524169922, 1981.53881836, 239.109054565, 223.173583984, 978.93182373, 1703.48791504, 1693.86450195, 1504.85522461, 1902.28100586, 1685.98022461, 1282.0135498, 1411.55981445, 2329.79248047, 1474.6418457, 1193.24658203, 1534.57861328, 853.206237793, 757.262390137, 657.971740723, 581.65814209, 660.016906738, 475.9815979, 302.061065674, 403.965118408, 219.061431885, 87.4374771118, 41.0722732544, 13.9398870468, 4.04541683197, 0.367081046104, 0.0190178714693, 0.000559086853173, 7.84637086326e-05, 7.98050587036e-06, 1.55085075448e-07, 1.79548831358e-09]}, "erbbands_crest": {"dmean": 2.95875501633, "dmean2": 4.87270784378, "dvar": 7.67385864258, "dvar2": 19.7745094299, "max": 29.5860233307, "mean": 8.6340007782, "median": 7.60034179688, "min": 2.49862575531, "var": 16.4184608459}, "erbbands_flatness_db": {"dmean": 0.0207395516336, "dmean2": 0.030529210344, "dvar": 0.00039522809675, "dvar2": 0.000816715299152, "max": 0.368594199419, "mean": 0.172460570931, "median": 0.167312413454, "min": 0.010706635192, "var": 0.00156524521299}, "erbbands_kurtosis": {"dmean": 1.58176422119, "dmean2": 2.55773687363, "dvar": 14.8363695145, "dvar2": 37.2335662842, "max": 111.898254395, "mean": 0.733926951885, "median": -0.193914458156, "min": -1.89566147327, "var": 18.2609081268}, "erbbands_skewness": {"dmean": 0.576531291008, "dmean2": 0.888365387917, "dvar": 0.405815571547, "dvar2": 0.877814054489, "max": 8.68741512299, "mean": 0.0683308690786, "median": 0.0628407001495, "min": -6.30340766907, "var": 1.0633033514}, "erbbands_spread": {"dmean": 13.3883390427, "dmean2": 20.8011474609, "dvar": 207.76802063, "dvar2": 478.101257324, "max": 181.396728516, "mean": 43.5721473694, "median": 38.9227981567, "min": 2.26678943634, "var": 539.814575195}, "gfcc": {"cov": [[21220.0136719, 1180.25878906, -2302.09643555, 741.764038086, -1084.33374023, 292.924713135, -465.942993164, -7.17012739182, -220.863601685, -137.617401123, -185.250610352, -228.753875732, -174.788864136], [1180.25878906, 1454.32214355, 57.1191596985, -27.8147945404, 245.315994263, -134.09526062, 59.256023407, -27.9293422699, 98.546913147, -143.125610352, 61.445930481, -64.1769790649, 27.9093475342], [-2302.09643555, 57.1191596985, 1258.03833008, 347.96005249, 117.552253723, -30.1869659424, 28.37159729, -43.8392181396, 58.9603881836, 9.43950366974, 11.9706115723, 27.1447143555, 6.78409385681], [741.764038086, -27.8147945404, 347.96005249, 795.838867188, 27.7895050049, 63.4502944946, 25.1097412109, -56.5481834412, 54.0229492188, 6.5226984024, 24.9408607483, -60.3541221619, 19.0408535004], [-1084.33374023, 245.315994263, 117.552253723, 27.7895050049, 545.047546387, 68.0726776123, 144.130142212, 24.3759593964, 34.4769744873, -17.5536384583, 12.2996482849, 2.72659850121, 4.68582725525], [292.924713135, -134.09526062, -30.1869659424, 63.4502944946, 68.0726776123, 300.218048096, 122.377609253, 57.8605003357, 21.2991104126, 38.647605896, 7.12434196472, 5.35631322861, -2.53481173515], [-465.942993164, 59.256023407, 28.37159729, 25.1097412109, 144.130142212, 122.377609253, 282.106842041, 59.5125770569, 30.9375038147, 12.9535007477, 19.8134422302, -2.9222714901, 0.826444327831], [-7.17012739182, -27.9293422699, -43.8392181396, -56.5481834412, 24.3759593964, 57.8605003357, 59.5125770569, 160.042388916, 56.5427780151, 25.4685173035, 16.3822002411, 4.65476799011, -3.86524391174], [-220.863601685, 98.546913147, 58.9603881836, 54.0229492188, 34.4769744873, 21.2991104126, 30.9375038147, 56.5427780151, 149.285140991, 46.0036239624, 42.6586380005, -6.43611621857, 8.66655921936], [-137.617401123, -143.125610352, 9.43950366974, 6.5226984024, -17.5536384583, 38.647605896, 12.9535007477, 25.4685173035, 46.0036239624, 127.025932312, 32.9846687317, 14.3821382523, -0.970044136047], [-185.250610352, 61.445930481, 11.9706115723, 24.9408607483, 12.2996482849, 7.12434196472, 19.8134422302, 16.3822002411, 42.6586380005, 32.9846687317, 87.1913070679, 20.5906448364, 12.448340416], [-228.753875732, -64.1769790649, 27.1447143555, -60.3541221619, 2.72659850121, 5.35631322861, -2.9222714901, 4.65476799011, -6.43611621857, 14.3821382523, 20.5906448364, 80.9910888672, 20.3537445068], [-174.788864136, 27.9093475342, 6.78409385681, 19.0408535004, 4.68582725525, -2.53481173515, 0.826444327831, -3.86524391174, 8.66655921936, -0.970044136047, 12.448340416, 20.3537445068, 73.1526641846]], "icov": [[0.000148671591887, -0.000343603489455, 0.000328260706738, -0.000387756939745, 0.000332638359396, -0.000309121242026, 0.00026651340886, -0.000249361793976, 0.000349952373654, -0.000288943265332, 0.000552488025278, -0.000400275021093, 0.000480668386444], [-0.000343603489455, 0.00194239523262, -0.000790287507698, 0.00115752290003, -0.00117283826694, 0.00112513685599, -0.00080939871259, 0.00103157898411, -0.00181655329652, 0.00224756659009, -0.00248550833203, 0.00204116175883, -0.00151225202717], [0.000328260706738, -0.000790287507698, 0.0017294997815, -0.001362863346, 0.00056048022816, -0.000389183842344, 0.000464084354462, -0.000344613712514, 0.00036485484452, -0.00071517546894, 0.00165247032419, -0.00186492910143, 0.00139233935624], [-0.000387756939745, 0.00115752290003, -0.001362863346, 0.00285375886597, -0.000873831915669, 0.000263912865194, -0.000676043739077, 0.00157022313215, -0.00154310883954, 0.00121976458468, -0.00245257513598, 0.00310912844725, -0.00207753432915], [0.000332638359396, -0.00117283826694, 0.00056048022816, -0.000873831915669, 0.00310361431912, -0.00102821469773, -0.000384897692129, -0.00054221029859, 0.000663645623717, -0.000552925514057, 0.00158670498058, -0.00140025862493, 0.00119263667148], [-0.000309121242026, 0.00112513685599, -0.000389183842344, 0.000263912865194, -0.00102821469773, 0.00536361243576, -0.00229871575721, -0.000441385665908, -0.000728445069399, -9.30630121729e-05, -0.000725332298316, 0.000318572478136, -0.000826248666272], [0.00026651340886, -0.00080939871259, 0.000464084354462, -0.000676043739077, -0.000384897692129, -0.00229871575721, 0.00562033103779, -0.00168198661413, 0.00094337068731, -0.000593276170548, 0.000238794178586, -0.000153261978994, 0.00075354159344], [-0.000249361793976, 0.00103157898411, -0.000344613712514, 0.00157022313215, -0.00054221029859, -0.000441385665908, -0.00168198661413, 0.0092162983492, -0.004337976221, 0.00104338570964, -0.00129808997735, 0.000729998806491, -0.000295182137052], [0.000349952373654, -0.00181655329652, 0.00036485484452, -0.00154310883954, 0.000663645623717, -0.000728445069399, 0.00094337068731, -0.004337976221, 0.0120579367504, -0.00462024100125, -0.00134890794288, 0.000671821238939, 0.000142240096466], [-0.000288943265332, 0.00224756659009, -0.00071517546894, 0.00121976458468, -0.000552925514057, -9.30630121729e-05, -0.000593276170548, 0.00104338570964, -0.00462024100125, 0.0128017161041, -0.00514988368377, 0.000810446566902, -0.000337045203196], [0.000552488025278, -0.00248550833203, 0.00165247032419, -0.00245257513598, 0.00158670498058, -0.000725332298316, 0.000238794178586, -0.00129808997735, -0.00134890794288, -0.00514988368377, 0.0189759302884, -0.00707840407267, 0.00138731603511], [-0.000400275021093, 0.00204116175883, -0.00186492910143, 0.00310912844725, -0.00140025862493, 0.000318572478136, -0.000153261978994, 0.000729998806491, 0.000671821238939, 0.000810446566902, -0.00707840407267, 0.0190721787512, -0.00640133395791], [0.000480668386444, -0.00151225202717, 0.00139233935624, -0.00207753432915, 0.00119263667148, -0.000826248666272, 0.00075354159344, -0.000295182137052, 0.000142240096466, -0.000337045203196, 0.00138731603511, -0.00640133395791, 0.0172016806901]], "mean": [-54.134475708, 91.6693954468, -134.971176147, 54.6394309998, -66.1387557983, 14.6465549469, -30.306142807, -2.23101973534, -14.4548473358, -10.7263288498, -11.4339189529, -12.3934001923, -9.58619022369]}, "hfc": {"dmean": 6.93739748001, "dmean2": 9.96535587311, "dvar": 76.7670135498, "dvar2": 166.842605591, "max": 116.193717957, "mean": 16.3548965454, "median": 12.7858829498, "min": 1.08151198261e-16, "var": 231.911437988}, "melbands": {"dmean": [0.000757188478019, 0.00254022167064, 0.00166708952747, 0.00108052918222, 0.000298388389638, 0.000123130797874, 0.000145496582263, 0.0001474210585, 0.000110062952444, 8.53811725392e-05, 6.93109468557e-05, 5.47394120076e-05, 4.22045741288e-05, 4.25261059718e-05, 4.17553746956e-05, 3.47687673639e-05, 2.75177208096e-05, 1.94043786905e-05, 2.11178539757e-05, 1.57469203259e-05, 1.32839186335e-05, 1.18357220344e-05, 1.11309209387e-05, 8.017304026e-06, 7.21606329535e-06, 7.37333766665e-06, 7.09958521838e-06, 6.40576718069e-06, 5.69774010728e-06, 4.30121826867e-06, 5.69717713006e-06, 2.98499981e-06, 3.9530000322e-06, 1.91622802959e-06, 1.65882738656e-06, 1.12990016987e-06, 6.90824379035e-07, 4.99319810388e-07, 3.24912036831e-07, 1.37098609798e-07], "dmean2": [0.00116244412493, 0.0040987492539, 0.0028612902388, 0.00186533399392, 0.000508461729623, 0.000206246797461, 0.000235643557971, 0.000241640926106, 0.000171825435245, 0.000133980400278, 0.0001084109972, 8.45400136313e-05, 6.74361435813e-05, 6.97077121004e-05, 6.83819671394e-05, 5.58623105462e-05, 4.57731512142e-05, 3.11372423312e-05, 3.47210843756e-05, 2.6120842449e-05, 2.12659688259e-05, 1.8542225007e-05, 1.7815060346e-05, 1.26444410853e-05, 1.15788161565e-05, 1.20336762848e-05, 1.18505304272e-05, 9.99394069368e-06, 9.24212781683e-06, 7.06419814378e-06, 8.96737583389e-06, 4.5176752792e-06, 6.38188430457e-06, 3.04486206915e-06, 2.54881683759e-06, 1.70921782683e-06, 1.05076617274e-06, 7.8439529716e-07, 5.13257134571e-07, 2.0817309121e-07], "dvar": [2.86650742964e-06, 3.75640302082e-05, 1.61941352417e-05, 9.77704166871e-06, 5.71851330733e-07, 8.92029774491e-08, 1.78344663482e-07, 1.45785207906e-07, 6.73149926911e-08, 3.68009125395e-08, 2.39347084374e-08, 1.69660641092e-08, 1.05032036402e-08, 8.05650834934e-09, 1.01100674499e-08, 6.94709356708e-09, 4.35399316601e-09, 1.78826464747e-09, 3.00380254004e-09, 1.42701228611e-09, 5.70546943024e-10, 4.8985959733e-10, 5.649639645e-10, 3.13729264789e-10, 2.48037285155e-10, 2.17372925215e-10, 2.28503813093e-10, 1.36393410455e-10, 1.0835132791e-10, 7.10878092502e-11, 1.91629212498e-10, 4.24648198549e-11, 7.34062810537e-11, 9.0374817005e-12, 8.14923389186e-12, 5.99920590635e-12, 2.10234152136e-12, 2.1692062209e-12, 9.51622352967e-13, 9.51537839407e-14], "dvar2": [6.31413468e-06, 9.09896043595e-05, 4.33882996731e-05, 2.56403891399e-05, 1.54144061071e-06, 2.2358113938e-07, 4.2815378265e-07, 3.44533560792e-07, 1.49935971194e-07, 8.41960527964e-08, 5.18641805058e-08, 3.63287426808e-08, 2.47406326537e-08, 2.1034447073e-08, 2.66523656478e-08, 1.83267445664e-08, 1.15529283917e-08, 4.56917215175e-09, 7.54772955247e-09, 4.0561407566e-09, 1.45870693302e-09, 1.21142795795e-09, 1.40307798713e-09, 7.97384103191e-10, 6.56569243418e-10, 4.83304118948e-10, 6.0990740236e-10, 3.01908942291e-10, 2.76345502037e-10, 1.92322519021e-10, 4.55003451583e-10, 9.99034674432e-11, 1.96338986735e-10, 2.17092281651e-11, 1.90577588433e-11, 1.31554819122e-11, 4.66939637997e-12, 5.22641045025e-12, 2.35021420728e-12, 2.07255043748e-13], "max": [0.0163505263627, 0.0552519708872, 0.0359394773841, 0.0335247889161, 0.00726808235049, 0.00558216962963, 0.0138406865299, 0.00816619303077, 0.00822478532791, 0.00515494542196, 0.00391638744622, 0.00446735695004, 0.00238987710327, 0.00145808770321, 0.00272203516215, 0.00165683380328, 0.00119595241267, 0.000836011953652, 0.00089435337577, 0.000705026381183, 0.00038962290273, 0.000367815431673, 0.000348467379808, 0.000408132793382, 0.000288408802589, 0.000528984179255, 0.000297401304124, 0.000211377831874, 0.000126194820041, 0.000119664888189, 0.000165661069332, 0.000309145776555, 0.000107590101834, 6.13546362729e-05, 4.90150887344e-05, 7.13502886356e-05, 3.92627625843e-05, 1.684621202e-05, 1.38381792567e-05, 7.82637653174e-06], "mean": [0.000822537869681, 0.00254094228148, 0.00148620980326, 0.000935062475037, 0.000313576980261, 0.000147383165313, 0.000172313884832, 0.000183003779966, 0.000144071658724, 0.000123715872178, 9.95188966044e-05, 6.80856173858e-05, 5.60489606869e-05, 5.4959928093e-05, 5.24595379829e-05, 4.86475510115e-05, 3.68007422367e-05, 2.82281689579e-05, 2.99954117509e-05, 2.48916076089e-05, 1.98362249648e-05, 1.7242577087e-05, 1.70296098077e-05, 1.20413660625e-05, 1.21697985378e-05, 1.20303620861e-05, 9.57026895776e-06, 8.90880801308e-06, 7.76326851337e-06, 5.6583658079e-06, 6.91124023433e-06, 4.68418329547e-06, 5.02888133269e-06, 2.66302618002e-06, 2.47544630838e-06, 1.73433295458e-06, 9.99407916424e-07, 6.24631070423e-07, 3.86656751061e-07, 1.84178233553e-07], "median": [9.24514461076e-05, 0.000305581110297, 0.000267705298029, 0.000169176782947, 7.75313455961e-05, 3.40687838616e-05, 3.80966448574e-05, 4.7297879064e-05, 3.57368080586e-05, 2.84278503386e-05, 1.92459083337e-05, 1.13470669021e-05, 1.06357892946e-05, 1.32657442009e-05, 1.16814990179e-05, 1.0488353837e-05, 8.72326745593e-06, 8.55279904499e-06, 7.17684042684e-06, 6.64326807964e-06, 7.53449558033e-06, 7.75762964622e-06, 5.93098411628e-06, 4.97983000969e-06, 4.99808311361e-06, 4.85275904794e-06, 3.50600794263e-06, 3.23826179738e-06, 2.77888443634e-06, 1.90410685263e-06, 1.98510997507e-06, 1.60412309924e-06, 1.73609180365e-06, 1.08093468043e-06, 9.07125638605e-07, 6.45936665933e-07, 3.76206799046e-07, 2.03095652296e-07, 1.29765808765e-07, 6.18451991841e-08], "min": [4.57308090175e-25, 1.35257154037e-24, 1.73236674964e-24, 2.18304614024e-24, 1.53666584045e-24, 1.60865058135e-24, 2.54484851695e-24, 1.82027425348e-24, 1.66676902107e-24, 1.93009611604e-24, 2.11902455575e-24, 2.56195733226e-24, 2.89770481656e-24, 2.18118857002e-24, 2.71932206665e-24, 4.43184541465e-24, 2.57239553976e-24, 2.73417986737e-24, 3.84678317442e-24, 1.56417223693e-24, 2.54817021301e-24, 2.05136139212e-24, 4.25950336712e-24, 4.02139911351e-24, 4.55619750344e-24, 4.03634487222e-24, 3.64194045202e-24, 5.22702785674e-24, 4.59777560075e-24, 4.99718534339e-24, 4.28805973746e-24, 3.93449780176e-24, 5.54693225305e-24, 5.18884265019e-24, 5.36314422821e-24, 5.54547167708e-24, 6.75374902079e-24, 6.56628332642e-24, 6.20491521763e-24, 6.41111438636e-24], "var": [3.43927899848e-06, 3.81167519663e-05, 1.26048898892e-05, 7.43078226151e-06, 5.09569758833e-07, 1.11137140379e-07, 2.35381037328e-07, 2.04594726938e-07, 1.04479894958e-07, 6.1145790653e-08, 4.87180997766e-08, 2.99080369359e-08, 1.63580899937e-08, 1.01660146967e-08, 1.19767582518e-08, 9.92585924564e-09, 5.67572966403e-09, 2.81068035513e-09, 5.20793586034e-09, 2.63989763383e-09, 1.01738617531e-09, 7.47821693459e-10, 9.08261299504e-10, 4.68604544057e-10, 4.06375377793e-10, 4.00919936139e-10, 2.87789986286e-10, 2.31494268199e-10, 1.39784031572e-10, 8.30576649125e-11, 2.07677097741e-10, 8.03215063905e-11, 8.02131625011e-11, 1.57852099447e-11, 1.50578802899e-11, 1.16228337718e-11, 3.77833875298e-12, 2.38077786652e-12, 9.45511464262e-13, 1.56176869939e-13]}, "melbands_crest": {"dmean": 4.6523194313, "dmean2": 7.47784471512, "dvar": 16.182434082, "dvar2": 40.3886795044, "max": 32.1638298035, "mean": 14.6989011765, "median": 14.2662630081, "min": 1.52562141418, "var": 38.4799957275}, "melbands_flatness_db": {"dmean": 0.0458812005818, "dmean2": 0.0675785690546, "dvar": 0.00205361749977, "dvar2": 0.00404976308346, "max": 0.678513884544, "mean": 0.185365915298, "median": 0.170274779201, "min": 0.00315511389636, "var": 0.00775999203324}, "melbands_kurtosis": {"dmean": 17.6072349548, "dmean2": 28.2652587891, "dvar": 1144.7512207, "dvar2": 2803.77539063, "max": 470.810272217, "mean": 21.5193691254, "median": 6.66513872147, "min": -1.91514480114, "var": 1586.4822998}, "melbands_skewness": {"dmean": 1.38404476643, "dmean2": 2.10132455826, "dvar": 2.57110476494, "dvar2": 5.59200334549, "max": 17.5889110565, "mean": 2.98610782623, "median": 2.3643746376, "min": -4.08262586594, "var": 6.55890226364}, "melbands_spread": {"dmean": 15.3441429138, "dmean2": 23.6526050568, "dvar": 418.753997803, "dvar2": 894.614929199, "max": 256.582763672, "mean": 32.2202796936, "median": 24.2146530151, "min": 0.265465557575, "var": 970.658874512}, "mfcc": {"cov": [[10909.9501953, 587.388793945, -781.518981934, 123.088348389, -364.869018555, 130.21156311, -120.493522644, 48.5821990967, -92.1795043945, 116.730819702, -40.6010665894, 11.698679924, -97.7625350952], [587.388793945, 1601.83349609, -166.56338501, 21.6467761993, 127.321510315, -73.599281311, 2.47091078758, 94.3165054321, 13.489695549, -44.9545669556, 19.127702713, 6.42669010162, -52.3365707397], [-781.518981934, -166.56338501, 1034.12414551, 352.164642334, 72.6169128418, 88.9827346802, -60.1570587158, -20.0041484833, 0.986696720123, -12.2308340073, -13.4185152054, 38.596321106, 44.9723548889], [123.088348389, 21.6467761993, 352.164642334, 618.589904785, 167.424713135, 128.091949463, 22.665435791, 6.84022283554, 9.34404468536, 43.3812561035, -29.3153648376, 18.5043544769, 3.6202044487], [-364.869018555, 127.321510315, 72.6169128418, 167.424713135, 315.701782227, 89.4770355225, 28.1012458801, 36.8924293518, 27.9643688202, 20.9786453247, 7.14523792267, 7.74771738052, 11.2871017456], [130.21156311, -73.599281311, 88.9827346802, 128.091949463, 89.4770355225, 274.052978516, 123.115509033, 50.8160743713, 48.0436096191, 49.2305183411, 22.9551429749, 21.6583385468, 15.6221456528], [-120.493522644, 2.47091078758, -60.1570587158, 22.665435791, 28.1012458801, 123.115509033, 220.324172974, 95.4826431274, 57.4869232178, 41.1743087769, 20.624879837, 19.9170284271, 0.551957070827], [48.5821990967, 94.3165054321, -20.0041484833, 6.84022283554, 36.8924293518, 50.8160743713, 95.4826431274, 164.631011963, 60.8036842346, 32.2496795654, 25.4491500854, 15.6703672409, 7.57244777679], [-92.1795043945, 13.489695549, 0.986696720123, 9.34404468536, 27.9643688202, 48.0436096191, 57.4869232178, 60.8036842346, 114.355926514, 59.9828643799, 27.869386673, 18.2035446167, 11.7063512802], [116.730819702, -44.9545669556, -12.2308340073, 43.3812561035, 20.9786453247, 49.2305183411, 41.1743087769, 32.2496795654, 59.9828643799, 120.293952942, 63.7643547058, 31.5160293579, 18.151058197], [-40.6010665894, 19.127702713, -13.4185152054, -29.3153648376, 7.14523792267, 22.9551429749, 20.624879837, 25.4491500854, 27.869386673, 63.7643547058, 105.072349548, 47.358291626, 16.8530502319], [11.698679924, 6.42669010162, 38.596321106, 18.5043544769, 7.74771738052, 21.6583385468, 19.9170284271, 15.6703672409, 18.2035446167, 31.5160293579, 47.358291626, 88.1725006104, 43.1622161865], [-97.7625350952, -52.3365707397, 44.9723548889, 3.6202044487, 11.2871017456, 15.6221456528, 0.551957070827, 7.57244777679, 11.7063512802, 18.151058197, 16.8530502319, 43.1622161865, 78.9307861328]], "icov": [[0.000130442029331, -6.25094326097e-05, 0.000137155788252, -8.39648710098e-05, 0.000253945851, -0.000270277843811, 0.000313512457069, -0.000191787752556, 0.000236834021052, -0.000339960242854, 0.000297905731713, -0.00022384589829, 0.000181058247108], [-6.25094326097e-05, 0.000789855781477, 9.14628762985e-05, -0.000103695187136, -0.000459688017145, 0.000431766995462, -2.02632145374e-05, -0.000406108301831, -0.000305291585391, 0.000854669837281, -0.00055031850934, -0.000261635199422, 0.000527641852386], [0.000137155788252, 9.14628762985e-05, 0.00152622885071, -0.000938807148486, 0.000398257601773, -0.00064228096744, 0.00102624273859, -0.000324855936924, -0.000219195164391, 0.00067312864121, -9.82185229077e-05, -0.000538793334272, -0.000308535643853], [-8.39648710098e-05, -0.000103695187136, -0.000938807148486, 0.00287977373227, -0.00122175272554, -0.000508491531946, -0.000189444996067, 0.000199612302822, 0.000868157541845, -0.0021516145207, 0.00222830637358, -0.00099290383514, 0.000920799269807], [0.000253945851, -0.000459688017145, 0.000398257601773, -0.00122175272554, 0.00469173304737, -0.00160101195797, 0.00106344593223, -0.000811022880953, -0.000118864300021, -0.000187113182619, -6.89179114488e-06, 0.000340380414855, -0.000568824005313], [-0.000270277843811, 0.000431766995462, -0.00064228096744, -0.000508491531946, -0.00160101195797, 0.00667849043384, -0.00391095364466, 0.000811421894468, -0.000992115819827, 0.000344071246218, -0.00139757792931, 0.000925395579543, -0.000942184007727], [0.000313512457069, -2.02632145374e-05, 0.00102624273859, -0.000189444996067, 0.00106344593223, -0.00391095364466, 0.0091975806281, -0.0040484671481, -0.000474425120046, -0.00114844995551, 0.00171170011163, -0.00232258858159, 0.00198397901841], [-0.000191787752556, -0.000406108301831, -0.000324855936924, 0.000199612302822, -0.000811022880953, 0.000811421894468, -0.0040484671481, 0.00997903570533, -0.00375487003475, 0.001130431192, -0.00169709324837, 0.00104714487679, -0.0012178880861], [0.000236834021052, -0.000305291585391, -0.000219195164391, 0.000868157541845, -0.000118864300021, -0.000992115819827, -0.000474425120046, -0.00375487003475, 0.0151839489117, -0.00789748784155, 0.00275798770599, -0.000992736546323, 0.000271044380497], [-0.000339960242854, 0.000854669837281, 0.00067312864121, -0.0021516145207, -0.000187113182619, 0.000344071246218, -0.00114844995551, 0.001130431192, -0.00789748784155, 0.0194651708007, -0.0111123239622, 0.00186465331353, -0.00223291688599], [0.000297905731713, -0.00055031850934, -9.82185229077e-05, 0.00222830637358, -6.89179114488e-06, -0.00139757792931, 0.00171170011163, -0.00169709324837, 0.00275798770599, -0.0111123239622, 0.0204151514918, -0.00933180935681, 0.00327664567158], [-0.00022384589829, -0.000261635199422, -0.000538793334272, -0.00099290383514, 0.000340380414855, 0.000925395579543, -0.00232258858159, 0.00104714487679, -0.000992736546323, 0.00186465331353, -0.00933180935681, 0.0216186828911, -0.0105252023786], [0.000181058247108, 0.000527641852386, -0.000308535643853, 0.000920799269807, -0.000568824005313, -0.000942184007727, 0.00198397901841, -0.0012178880861, 0.000271044380497, -0.00223291688599, 0.00327664567158, -0.0105252023786, 0.0192770268768]], "mean": [-673.630249023, 99.5031280518, -3.27716946602, 31.4341144562, -3.49440407753, 12.5485420227, -4.49540472031, 7.4119143486, -2.91109871864, 3.29714465141, -1.76916396618, 0.117375664413, -4.50239229202]}, "pitch_salience": {"dmean": 0.105983868241, "dmean2": 0.170604795218, "dvar": 0.00965541694313, "dvar2": 0.0242475997657, "max": 0.912242949009, "mean": 0.543504416943, "median": 0.555424809456, "min": 0.061583571136, "var": 0.0204627159983}, "silence_rate_20dB": {"dmean": 0, "dmean2": 0, "dvar": 0, "dvar2": 0, "max": 1, "mean": 1, "median": 1, "min": 1, "var": 0}, "silence_rate_30dB": {"dmean": 0.0287362355739, "dmean2": 0.0574784986675, "dvar": 0.0279089435935, "dvar2": 0.0726306810975, "max": 1, "mean": 0.980494976044, "median": 1, "min": 0, "var": 0.0191253833473}, "silence_rate_60dB": {"dmean": 0.0734137371182, "dmean2": 0.146842882037, "dvar": 0.068021453917, "dvar2": 0.153403148055, "max": 1, "mean": 0.1365352422, "median": 0, "min": 0, "var": 0.117883883417}, "spectral_centroid": {"dmean": 490.960784912, "dmean2": 742.005187988, "dvar": 300288.96875, "dvar2": 606150.3125, "max": 11756.1640625, "mean": 1771.77978516, "median": 1622.54589844, "min": 111.316093445, "var": 1600703.75}, "spectral_complexity": {"dmean": 4.87530136108, "dmean2": 6.98342752457, "dvar": 30.3652458191, "dvar2": 56.0813865662, "max": 60, "mean": 16.1834106445, "median": 14, "min": 0, "var": 153.135055542}, "spectral_contrast_coeffs": {"dmean": [0.0722668766975, 0.0545646883547, 0.046008631587, 0.0341503433883, 0.0259540919214, 0.0269949026406], "dmean2": [0.113144919276, 0.0876011922956, 0.0722556486726, 0.0534552782774, 0.0406735315919, 0.0415782481432], "dvar": [0.00414396636188, 0.00215510977432, 0.00155832129531, 0.000861118314788, 0.00050520861987, 0.000807296775747], "dvar2": [0.00930699519813, 0.00515146087855, 0.00353980390355, 0.00191918958444, 0.00113045622129, 0.00192894844804], "max": [-0.237203210592, -0.36839812994, -0.456256628036, -0.532166004181, -0.573490679264, -0.528746187687], "mean": [-0.625735163689, -0.75241881609, -0.783763468266, -0.800523459911, -0.797823011875, -0.72597515583], "median": [-0.635763168335, -0.763348579407, -0.79415678978, -0.806318759918, -0.800286233425, -0.725416898727], "min": [-0.979113817215, -0.975973248482, -0.976602554321, -0.972153484821, -0.966839432716, -0.964594781399], "var": [0.0115272039548, 0.00780018232763, 0.00580481020734, 0.00314961583354, 0.00213191192597, 0.00309561192989]}, "spectral_contrast_valleys": {"dmean": [0.563990712166, 0.513976991177, 0.484467744827, 0.435424894094, 0.396071583033, 0.404343008995], "dmean2": [0.848947227001, 0.808085262775, 0.745529592037, 0.649293601513, 0.57860648632, 0.554897964001], "dvar": [0.242179438472, 0.247859910131, 0.233199894428, 0.217000797391, 0.186169624329, 0.184317260981], "dvar2": [0.497458010912, 0.537935972214, 0.490186750889, 0.440058320761, 0.360925614834, 0.333631783724], "max": [-5.20038461685, -4.58008289337, -4.89792060852, -5.30772829056, -5.29642772675, -8.10564804077], "mean": [-8.00060558319, -7.44489240646, -7.87635660172, -8.04426860809, -7.77584218979, -10.613576889], "median": [-7.69819021225, -7.11360931396, -7.6339302063, -7.76694965363, -7.44523143768, -10.2997865677], "min": [-28.2454071045, -28.0105400085, -28.0242195129, -27.631603241, -27.524023056, -27.4476604462], "var": [4.88424348831, 4.80537128448, 4.73228311539, 4.74110507965, 4.69334077835, 3.70124483109]}, "spectral_decrease": {"dmean": 4.00587740756e-09, "dmean2": 6.11684525254e-09, "dvar": 4.75239084713e-17, "dvar2": 1.09936201083e-16, "max": 5.04259414988e-20, "mean": -6.01147975843e-09, "median": -3.10281711435e-09, "min": -5.21265803854e-08, "var": 6.30263914988e-17}, "spectral_energy": {"dmean": 0.0155529808253, "dmean2": 0.0236220750958, "dvar": 0.000691011373419, "dvar2": 0.00159404205624, "max": 0.199248254299, "mean": 0.0241721626371, "median": 0.0129713062197, "min": 1.0091768263e-20, "var": 0.000939288176596}, "spectral_energyband_high": {"dmean": 0.000576292863116, "dmean2": 0.000874247052707, "dvar": 7.90766250702e-07, "dvar2": 1.84170062312e-06, "max": 0.0125254923478, "mean": 0.000915544165764, "median": 0.00042270711856, "min": 7.01852248435e-21, "var": 1.42274791415e-06}, "spectral_energyband_low": {"dmean": 0.00997189991176, "dmean2": 0.0157552342862, "dvar": 0.000506327138282, "dvar2": 0.00118957611267, "max": 0.186291992664, "mean": 0.0110013140365, "median": 0.00182421808131, "min": 1.78540458987e-23, "var": 0.000584365508985}, "spectral_energyband_middle_high": {"dmean": 0.00182269641664, "dmean2": 0.00268250284716, "dvar": 8.03925104265e-06, "dvar2": 1.84458986041e-05, "max": 0.0528742484748, "mean": 0.00396906677634, "median": 0.00221165223047, "min": 1.14097701034e-21, "var": 2.55272134382e-05}, "spectral_energyband_middle_low": {"dmean": 0.00809676200151, "dmean2": 0.0133115407079, "dvar": 0.000264055357547, "dvar2": 0.000675253279041, "max": 0.131044104695, "mean": 0.00994888972491, "median": 0.00453709531575, "min": 1.47511094908e-22, "var": 0.000253421108937}, "spectral_entropy": {"dmean": 0.23056730628, "dmean2": 0.346576035023, "dvar": 0.0636509656906, "dvar2": 0.137387707829, "max": 9.8270406723, "mean": 7.67048311234, "median": 7.73705482483, "min": 4.4398598671, "var": 0.233361780643}, "spectral_flux": {"dmean": 0.0408657900989, "dmean2": 0.0641949251294, "dvar": 0.00264434190467, "dvar2": 0.00576858920977, "max": 0.384297758341, "mean": 0.0971706882119, "median": 0.0775840133429, "min": 6.43671296818e-11, "var": 0.00508281309158}, "spectral_kurtosis": {"dmean": 1.70391535759, "dmean2": 2.83251214027, "dvar": 4.6864233017, "dvar2": 12.6383981705, "max": 39.9493255615, "mean": 3.0384786129, "median": 2.25471162796, "min": -1.25231158733, "var": 9.36663150787}, "spectral_rms": {"dmean": 0.00134115759283, "dmean2": 0.0018959013978, "dvar": 2.90701882477e-06, "dvar2": 5.85067618886e-06, "max": 0.013942329213, "mean": 0.00409199111164, "median": 0.00355737726204, "min": 3.13777432856e-12, "var": 6.83810731061e-06}, "spectral_rolloff": {"dmean": 951.336364746, "dmean2": 1559.47583008, "dvar": 1752739.125, "dvar2": 3565054.25, "max": 21037.9394531, "mean": 2134.69995117, "median": 1528.85742188, "min": 64.599609375, "var": 5910451}, "spectral_skewness": {"dmean": 0.299573898315, "dmean2": 0.469185978174, "dvar": 0.104768022895, "dvar2": 0.258879631758, "max": 5.07262611389, "mean": 1.10642397404, "median": 1.07307779789, "min": -0.421966135502, "var": 0.318280100822}, "spectral_spread": {"dmean": 561264.25, "dmean2": 837876.875, "dvar": 536169578496, "dvar2": 1041245863940.0, "max": 42786428, "mean": 4535744.5, "median": 4129590, "min": 1335014.25, "