{"lowlevel": {"average_loudness": 0.953459501266, "barkbands": {"dmean": [1.78563841473e-05, 0.00168375531211, 0.00155108142644, 0.000641802849714, 0.000870117044542, 0.000317526428262, 0.000180686620297, 0.000530206540134, 0.000210451311432, 0.00017793099687, 0.000244166119955, 0.00031670453609, 0.000404765363783, 0.000609757204074, 0.000312502903398, 0.000310248171445, 0.000372978800442, 0.000438502756879, 0.000422947516199, 0.000313145923428, 0.000364069157513, 0.000380761688575, 0.000339866790455, 0.000312140211463, 0.000211596867302, 0.000118885596748, 0.000126141749206], "dmean2": [2.52611116593e-05, 0.00295008346438, 0.00249299616553, 0.00104224227834, 0.00138782931026, 0.000498052453622, 0.000262649118667, 0.000798396591563, 0.00033135880949, 0.000263591995463, 0.000369716261048, 0.000481815601233, 0.00061153335264, 0.000937624077778, 0.000475927430671, 0.000465983670438, 0.000573036551941, 0.000684867438395, 0.000666830688715, 0.00048173169489, 0.000540019129403, 0.000558065134101, 0.000507556658704, 0.000444844801677, 0.000318065023748, 0.000170542218257, 0.000194577442016], "dvar": [1.85936122055e-09, 1.49169673023e-05, 1.16806631922e-05, 1.8460272031e-06, 2.50814127867e-06, 2.98644977192e-07, 1.7959145282e-07, 1.14586077871e-06, 2.36821321664e-07, 2.39133299829e-07, 5.41096767392e-07, 6.00152361585e-07, 1.09128313852e-06, 2.59446164819e-06, 5.68088921682e-07, 5.22399432157e-07, 9.29919167447e-07, 7.44373210182e-07, 4.85852410748e-07, 2.62506176796e-07, 4.42545598389e-07, 3.96156423221e-07, 4.33140741052e-07, 6.46937678539e-07, 1.78075907797e-07, 5.37988498195e-08, 7.4948879103e-08], "dvar2": [3.60564000879e-09, 4.2823212425e-05, 2.81812972389e-05, 4.68798225484e-06, 6.10054075878e-06, 6.61985552597e-07, 3.99468007117e-07, 2.61175728156e-06, 5.94503660523e-07, 4.97410724165e-07, 1.16288811114e-06, 1.30757200623e-06, 2.31009630625e-06, 5.82007396588e-06, 1.28353292439e-06, 1.14177521482e-06, 2.20451761379e-06, 1.71642943769e-06, 1.22510402889e-06, 6.04277488492e-07, 1.0030357771e-06, 8.43557018015e-07, 9.02789167867e-07, 1.17531112664e-06, 3.82469607985e-07, 1.08367657958e-07, 1.76183576173e-07], "max": [0.000370607798686, 0.040310151875, 0.0348887555301, 0.0164870899171, 0.0315247885883, 0.0136388503015, 0.0089094331488, 0.0176808349788, 0.00906394422054, 0.0142288925126, 0.0159939397126, 0.0166067108512, 0.0303551908582, 0.0349429287016, 0.0146928280592, 0.0158340204507, 0.0316756740212, 0.0251691751182, 0.0170381814241, 0.00731809390709, 0.0094500221312, 0.0101224193349, 0.0200429614633, 0.020818406716, 0.00833685602993, 0.00424186559394, 0.00360006932169], "mean": [1.87725690921e-05, 0.00172986986581, 0.0016671596095, 0.000766853743698, 0.00131323561072, 0.000535058614332, 0.000261142035015, 0.000846964772791, 0.000314146629535, 0.000276703562122, 0.000360067788279, 0.000468497979455, 0.000589092262089, 0.000894124270417, 0.000420382217271, 0.000458503607661, 0.000593706441578, 0.000688679807354, 0.000692208297551, 0.000480528571643, 0.000562389846891, 0.000620480219368, 0.000537770043593, 0.000496809487231, 0.00028609650326, 0.000155088069732, 0.000115924289275], "median": [8.30618660075e-07, 0.000302772124996, 0.000493961269967, 0.000253636739217, 0.000666771142278, 0.000273036886938, 7.47338417568e-05, 0.000173289852683, 0.000105319602881, 6.3520790718e-05, 6.08493355685e-05, 0.000100406970887, 9.64025166468e-05, 0.000160815077834, 8.45881731948e-05, 0.000107787440356, 0.000137804483529, 0.000231427751714, 0.000332605734002, 0.000181557406904, 0.000205453761737, 0.000233549944824, 0.000225832045544, 0.000164100172697, 8.5147068603e-05, 4.03918784286e-05, 1.23239042296e-05], "min": [6.37233358983e-25, 1.40847199905e-24, 7.51800417109e-25, 1.40799542846e-24, 6.76073832841e-24, 6.90111139333e-24, 8.00163073182e-24, 7.05232971798e-24, 1.10953696527e-23, 1.4042478264e-23, 5.80899302905e-24, 2.59030398393e-23, 3.03306920638e-23, 3.53727470266e-23, 1.94791987599e-23, 5.50265948578e-23, 6.67754852834e-23, 1.00116539981e-22, 1.41963433747e-22, 1.89951193142e-22, 2.48446630281e-22, 2.85298273779e-22, 3.84075776016e-22, 5.5070049103e-22, 9.13068556739e-22, 1.24808801393e-21, 1.97930931406e-21], "var": [2.56957011224e-09, 1.44463538163e-05, 1.25659680634e-05, 2.03031822821e-06, 4.06165690947e-06, 6.96287031587e-07, 3.25144611679e-07, 2.66874758381e-06, 3.88595623235e-07, 5.01621343574e-07, 1.10463088276e-06, 1.13533064905e-06, 2.55719601228e-06, 5.25641371496e-06, 9.78523416961e-07, 1.25899282466e-06, 2.43440922532e-06, 1.75581544681e-06, 9.41171265367e-07, 5.00602538978e-07, 7.56054930662e-07, 8.92503010164e-07, 8.30586941447e-07, 1.43679142184e-06, 3.21804009218e-07, 9.91667548078e-08, 7.86131906239e-08]}, "barkbands_crest": {"dmean": 2.74278998375, "dmean2": 4.50581932068, "dvar": 6.11379241943, "dvar2": 15.7844676971, "max": 24.4688205719, "mean": 7.93057727814, "median": 7.06571483612, "min": 2.07110977173, "var": 12.9844350815}, "barkbands_flatness_db": {"dmean": 0.0232703648508, "dmean2": 0.0355248004198, "dvar": 0.000486844277475, "dvar2": 0.00109315419104, "max": 0.296120524406, "mean": 0.096648670733, "median": 0.0887871086597, "min": 0.0227505154908, "var": 0.00153031991795}, "barkbands_kurtosis": {"dmean": 1.94536173344, "dmean2": 3.09529709816, "dvar": 23.7905712128, "dvar2": 55.8342552185, "max": 132.159545898, "mean": 0.978606522083, "median": -0.337567687035, "min": -1.93660008907, "var": 29.5045051575}, "barkbands_skewness": {"dmean": 0.607345879078, "dmean2": 0.915693938732, "dvar": 0.44831392169, "dvar2": 0.96089720726, "max": 10.8556079865, "mean": 0.349745929241, "median": 0.295771062374, "min": -6.22206354141, "var": 1.63101840019}, "barkbands_spread": {"dmean": 11.4037904739, "dmean2": 17.3715744019, "dvar": 141.052154541, "dvar2": 311.232727051, "max": 154.391693115, "mean": 40.1164512634, "median": 37.2499885559, "min": 2.14162611961, "var": 415.738677979}, "dissonance": {"dmean": 0.0125639261678, "dmean2": 0.0207735579461, "dvar": 0.000199352420168, "dvar2": 0.000555971229915, "max": 0.500000119209, "mean": 0.47800770402, "median": 0.483754336834, "min": 0.340555399656, "var": 0.000367314903997}, "dynamic_complexity": 3.17347073555, "erbbands": {"dmean": [0.0247574783862, 0.470355033875, 1.74598610401, 1.87855279446, 2.59141492844, 2.84502792358, 3.28652000427, 2.44753599167, 1.61987483501, 8.11396312714, 9.50283432007, 4.95850896835, 4.69622373581, 6.15293169022, 9.89317131042, 13.2183408737, 18.5094394684, 30.1257095337, 18.0491752625, 14.5319833755, 16.9439220428, 18.7552547455, 21.2147445679, 22.5857524872, 18.3939743042, 13.83867836, 15.1383495331, 14.6348266602, 14.5558300018, 11.1068353653, 9.72392845154, 7.09092235565, 5.14621067047, 2.81620669365, 1.26697421074, 0.526663124561, 0.223564222455, 0.108189530671, 0.0217705909163, 0.000894786091521], "dmean2": [0.0400500819087, 0.831593453884, 2.88681960106, 3.00738382339, 4.05810642242, 4.61062431335, 5.12399721146, 3.94210863113, 2.38654756546, 11.6692533493, 14.4276590347, 7.74782037735, 7.00500965118, 9.2520980835, 15.2490253448, 19.8697738647, 27.5303058624, 45.0040168762, 27.7598266602, 22.0522460938, 25.4879016876, 28.7032566071, 32.9911575317, 35.183391571, 29.0904712677, 21.2308635712, 22.5242347717, 21.5131931305, 21.5836544037, 16.6040248871, 14.5905380249, 10.124162674, 7.50302696228, 4.26868867874, 1.90392029285, 0.760522663593, 0.325896561146, 0.164692699909, 0.0336800441146, 0.00136279640719], "dvar": [0.00339511199854, 1.17308294773, 15.442029953, 18.164981842, 24.8246440887, 28.1448383331, 33.452922821, 17.7349224091, 12.8663301468, 386.056304932, 377.205963135, 129.573562622, 162.29107666, 376.683563232, 583.535766602, 1051.34411621, 2234.23608398, 7885.58251953, 1523.32714844, 941.669189453, 1688.5546875, 1526.71716309, 1665.22802734, 1683.0916748, 952.124328613, 545.037963867, 676.258728027, 751.997619629, 641.373596191, 379.752349854, 392.165771484, 371.575500488, 159.042297363, 32.7967529297, 6.64777421951, 1.16549360752, 0.191470101476, 0.0520464219153, 0.0022355876863, 3.74115597879e-06], "dvar2": [0.00764193711802, 3.42321610451, 38.8618736267, 45.2270355225, 59.7984962463, 69.7998580933, 79.3533782959, 44.619354248, 27.7552909851, 790.760986328, 872.258911133, 312.032653809, 320.710754395, 850.926513672, 1378.98962402, 2293.09448242, 4757.12597656, 17105.7753906, 3425.8034668, 2188.64135742, 3826.79345703, 3595.17993164, 3980.61181641, 4100.49658203, 2368.54785156, 1254.35791016, 1540.27246094, 1717.76123047, 1390.0020752, 808.719482422, 837.091003418, 686.744140625, 305.947113037, 69.0464859009, 14.7843542099, 2.22290468216, 0.407163321972, 0.123818382621, 0.00524355098605, 8.63140576257e-06], "max": [0.535311102867, 11.0085134506, 38.9919433594, 52.7712059021, 87.7606964111, 112.772911072, 126.817481995, 101.891304016, 103.286300659, 401.246520996, 319.678741455, 212.727157593, 432.790771484, 453.704528809, 438.704772949, 780.345947266, 1639.85424805, 1916.18688965, 885.166320801, 809.109191895, 1107.4609375, 1045.22937012, 1039.91564941, 1204.51879883, 625.779418945, 361.395263672, 394.234771729, 348.844665527, 554.987121582, 451.119415283, 657.046691895, 609.608276367, 348.364440918, 124.418327332, 56.3251304626, 20.6090126038, 7.75960969925, 3.68670940399, 0.566570043564, 0.0236109327525], "mean": [0.0299743432552, 0.468120932579, 1.89099431038, 2.25734257698, 3.57603144646, 4.103764534, 5.31517219543, 3.88876342773, 2.74672198296, 12.3206691742, 15.0395202637, 7.9353017807, 7.79924058914, 10.3351688385, 15.1093225479, 21.3945884705, 29.9143943787, 45.9081382751, 27.9374961853, 22.0993022919, 27.2187786102, 31.2901306152, 34.5354881287, 38.8442192078, 29.9842090607, 21.7492980957, 24.4875831604, 21.5324554443, 23.5278224945, 17.1813488007, 15.5806531906, 11.5176877975, 7.55534744263, 3.85019135475, 1.70238959789, 0.719536244869, 0.278727322817, 0.107613749802, 0.0199863631278, 0.000848742958624], "median": [0.00410616258159, 0.0955229997635, 0.568234860897, 0.895827889442, 1.37096691132, 1.98787498474, 2.52028393745, 2.07785129547, 1.30670452118, 2.10692453384, 3.86306452751, 3.11973762512, 2.17374563217, 2.40575933456, 3.4283914566, 4.6859459877, 6.10416936874, 9.09819889069, 7.3889913559, 6.39741516113, 6.21223735809, 8.31816291809, 11.6262187958, 17.047077179, 13.9653768539, 8.55399608612, 9.23526191711, 7.67939949036, 8.36587524414, 7.20223617554, 6.58818626404, 4.00388622284, 2.36049318314, 1.14791846275, 0.502145409584, 0.194102078676, 0.068354614079, 0.0176781285554, 0.0021080612205, 0.000109455104393], "min": [7.85167332245e-23, 2.66528458188e-22, 1.7849347948e-21, 4.5996379625e-21, 1.55091340378e-20, 2.27588260383e-20, 6.12278378553e-20, 4.69739132386e-20, 1.32435622726e-19, 2.20646576839e-19, 3.24803298415e-19, 2.83288680284e-19, 4.82714326249e-19, 6.39315022444e-19, 5.18677916235e-19, 1.09268584025e-18, 1.4499327391e-18, 2.1741501483e-18, 2.49217524443e-18, 3.05892548575e-18, 4.01262254581e-18, 5.01712338474e-18, 6.22541340245e-18, 6.16583447806e-18, 4.83347564027e-18, 8.0695885899e-18, 8.85568562297e-18, 1.12373015611e-17, 1.02219737551e-17, 1.01290631744e-17, 1.03927369208e-17, 1.10281596966e-17, 9.77170295177e-18, 8.33753472418e-18, 6.37361190818e-18, 4.33314055752e-18, 2.10607649261e-18, 1.00301191382e-18, 2.50693524849e-19, 2.81621685168e-20], "var": [0.00466725695878, 1.05544161797, 15.8702478409, 18.2220287323, 38.5494422913, 42.9067497253, 74.1432495117, 30.4222621918, 26.3176193237, 890.771850586, 778.477172852, 229.284255981, 364.975921631, 900.67791748, 1097.07336426, 2176.60449219, 5851.20898438, 16298.2568359, 2984.14770508, 2086.75, 4340.69921875, 4226.78857422, 4121.79833984, 3449.91479492, 1818.05651855, 1044.5625, 1323.31542969, 1166.20422363, 1506.94421387, 669.014587402, 760.497924805, 819.292175293, 317.108306885, 60.0220718384, 11.3952512741, 2.37362027168, 0.315329611301, 0.056535564363, 0.00234739668667, 4.05658192904e-06]}, "erbbands_crest": {"dmean": 2.69992399216, "dmean2": 4.35069465637, "dvar": 6.81276845932, "dvar2": 16.002204895, "max": 32.3710441589, "mean": 8.31007194519, "median": 7.25004291534, "min": 2.58051371574, "var": 17.4098968506}, "erbbands_flatness_db": {"dmean": 0.0228275544941, "dmean2": 0.0324253439903, "dvar": 0.000469037680887, "dvar2": 0.000878093647771, "max": 0.346240639687, "mean": 0.138216629624, "median": 0.128377363086, "min": 0.0305926781148, "var": 0.00255323247984}, "erbbands_kurtosis": {"dmean": 1.35792887211, "dmean2": 2.11891770363, "dvar": 4.74704265594, "dvar2": 10.3160438538, "max": 52.7071685791, "mean": 1.13797044754, "median": 0.26451253891, "min": -1.88376653194, "var": 11.1670484543}, "erbbands_skewness": {"dmean": 0.44375410676, "dmean2": 0.648956000805, "dvar": 0.1798376441, "dvar2": 0.35843026638, "max": 3.60972094536, "mean": -0.416891604662, "median": -0.413565248251, "min": -5.57748794556, "var": 0.901883482933}, "erbbands_spread": {"dmean": 11.7076673508, "dmean2": 17.9680690765, "dvar": 170.495941162, "dvar2": 389.412902832, "max": 169.668960571, "mean": 42.7197875977, "median": 37.4681015015, "min": 2.77526712418, "var": 596.064208984}, "gfcc": {"cov": [[24181.3222656, 95.9973983765, -617.224304199, 522.637084961, -703.570617676, 209.522674561, -520.019775391, -64.4209136963, -425.231323242, -76.5278015137, -331.051025391, -0.0948100090027, -306.368865967], [95.9973983765, 1679.83105469, 33.1260070801, 44.3807106018, 29.0279445648, 50.7297554016, 109.977935791, -18.5344619751, 7.9389538765, -68.5274200439, 99.4898910522, -41.4300842285, -89.7458343506], [-617.224304199, 33.1260070801, 1854.36999512, 219.573669434, 202.476318359, 99.1633453369, 83.6109924316, -49.0376396179, -16.7401733398, -36.6033554077, -79.7945251465, -19.6456336975, 9.94513034821], [522.637084961, 44.3807106018, 219.573669434, 483.68637085, 61.8903617859, -8.87157440186, -57.0036964417, -2.45018148422, 22.1914196014, -12.3611564636, -84.1110458374, -3.13920545578, 44.8162002563], [-703.570617676, 29.0279445648, 202.476318359, 61.8903617859, 442.479125977, 34.9435539246, 68.6998291016, 25.3335876465, 76.6431045532, -13.6955757141, 1.401019454, 2.03535532951, 43.75831604], [209.522674561, 50.7297554016, 99.1633453369, -8.87157440186, 34.9435539246, 292.909423828, 122.100921631, -0.542995274067, -68.1416168213, 14.8818368912, 36.6024131775, -13.0510206223, -32.1029701233], [-520.019775391, 109.977935791, 83.6109924316, -57.0036964417, 68.6998291016, 122.100921631, 289.335754395, 30.4089012146, 0.189772814512, 10.7310476303, 61.0980148315, 4.88653087616, -23.6500072479], [-64.4209136963, -18.5344619751, -49.0376396179, -2.45018148422, 25.3335876465, -0.542995274067, 30.4089012146, 125.10848999, 56.6445083618, 3.88958334923, 1.53827035427, 2.68554925919, -2.87100458145], [-425.231323242, 7.9389538765, -16.7401733398, 22.1914196014, 76.6431045532, -68.1416168213, 0.189772814512, 56.6445083618, 155.121047974, 31.1672840118, -9.27400970459, -13.1426744461, 15.451508522], [-76.5278015137, -68.5274200439, -36.6033554077, -12.3611564636, -13.6955757141, 14.8818368912, 10.7310476303, 3.88958334923, 31.1672840118, 87.7627410889, 14.7652282715, -7.65712451935, -4.65229797363], [-331.051025391, 99.4898910522, -79.7945251465, -84.1110458374, 1.401019454, 36.6024131775, 61.0980148315, 1.53827035427, -9.27400970459, 14.7652282715, 115.214179993, 36.8345031738, -19.0288791656], [-0.0948100090027, -41.4300842285, -19.6456336975, -3.13920545578, 2.03535532951, -13.0510206223, 4.88653087616, 2.68554925919, -13.1426744461, -7.65712451935, 36.8345031738, 73.4654312134, 28.1783924103], [-306.368865967, -89.7458343506, 9.94513034821, 44.8162002563, 43.75831604, -32.1029701233, -23.6500072479, -2.87100458145, 15.451508522, -4.65229797363, -19.0288791656, 28.1783924103, 85.2987747192]], "icov": [[5.64384827157e-05, -1.51057247422e-05, 2.99940456898e-05, -5.51522243768e-05, 2.86218437395e-05, -7.859049947e-05, 8.78574574017e-05, -2.12223167182e-05, 9.39837482292e-05, -3.95054448745e-05, 0.000291952019325, -0.000283336383291, 0.000331232266035], [-1.51057247422e-05, 0.000777965062298, -4.16407783632e-06, -0.000280392734567, 3.15274228342e-05, 4.79316840938e-05, -0.000194465188542, 0.000285719812382, -0.000377570453566, 0.00100462615956, -0.0012278003851, 0.000930683687329, 0.000411472807173], [2.99940456898e-05, -4.16407783632e-06, 0.000660166260786, -0.000243580740062, -0.000241202971665, -0.00019766530022, -0.000192016275832, 0.000354166171746, 3.27438137901e-05, 0.000127394509036, 0.000711075321306, -0.00037294861977, 0.000445233483333], [-5.51522243768e-05, -0.000280392734567, -0.000243580740062, 0.00277113658376, -0.000210762169445, -0.000338949583238, 0.000337888282957, 5.09095707457e-06, -0.000391353620216, -0.000322095584124, 0.0019818469882, -0.000871520780493, -0.00106290483382], [2.86218437395e-05, 3.15274228342e-05, -0.000241202971665, -0.000210762169445, 0.00308812828735, -0.000738586182706, -0.000440076721134, 0.000206303098821, -0.00195399881341, 0.00130950415041, -0.00054154539248, 0.000393778813304, -0.00152794225141], [-7.859049947e-05, 4.79316840938e-05, -0.00019766530022, -0.000338949583238, -0.000738586182706, 0.00559191638604, -0.00186745775864, -0.00103101658169, 0.00345053896308, -0.00167848728597, -0.0016978722997, 0.00242788251489, 2.85939972855e-06], [8.78574574017e-05, -0.000194465188542, -0.000192016275832, 0.000337888282957, -0.000440076721134, -0.00186745775864, 0.00517232110724, -0.00109504163265, -0.000188841266208, -0.000152544293087, -0.00132478936575, -0.000444338103989, 0.000753098982386], [-2.12223167182e-05, 0.000285719812382, 0.000354166171746, 5.09095707457e-06, 0.000206303098821, -0.00103101658169, -0.00109504163265, 0.0107383914292, -0.00516129564494, 0.0017776110908, 0.00104097661097, -0.00217495299876, 0.00172700092662], [9.39837482292e-05, -0.000377570453566, 3.27438137901e-05, -0.000391353620216, -0.00195399881341, 0.00345053896308, -0.000188841266208, -0.00516129564494, 0.0125568741933, -0.00516597088426, -2.6493346013e-05, 0.00286412239075, -0.00129137944896], [-3.95054448745e-05, 0.00100462615956, 0.000127394509036, -0.000322095584124, 0.00130950415041, -0.00167848728597, -0.000152544293087, 0.0017776110908, -0.00516597088426, 0.0153176169842, -0.0039245695807, 0.00295095145702, -0.000295589416055], [0.000291952019325, -0.0012278003851, 0.000711075321306, 0.0019818469882, -0.00054154539248, -0.0016978722997, -0.00132478936575, 0.00104097661097, -2.6493346013e-05, -0.0039245695807, 0.019621482119, -0.0134132625535, 0.00653822114691], [-0.000283336383291, 0.000930683687329, -0.00037294861977, -0.000871520780493, 0.000393778813304, 0.00242788251489, -0.000444338103989, -0.00217495299876, 0.00286412239075, 0.00295095145702, -0.0134132625535, 0.0263185407966, -0.0110662169755], [0.000331232266035, 0.000411472807173, 0.000445233483333, -0.00106290483382, -0.00152794225141, 2.85939972855e-06, 0.000753098982386, 0.00172700092662, -0.00129137944896, -0.000295589416055, 0.00653822114691, -0.0110662169755, 0.0202366039157]], "mean": [-7.6798286438, 18.9180622101, -108.320121765, 37.5198669434, -55.527721405, 11.2826251984, -36.3582382202, 0.630158722401, -24.1871356964, -0.445947825909, -14.804936409, -3.5079035759, -20.170085907]}, "hfc": {"dmean": 16.7405109406, "dmean2": 22.6000576019, "dvar": 518.251953125, "dvar2": 1043.39538574, "max": 341.592407227, "mean": 35.947593689, "median": 23.8052368164, "min": 1.03818353421e-16, "var": 1361.86181641}, "melbands": {"dmean": [0.000346804619767, 0.000808155455161, 0.00033180671744, 0.000194433581783, 0.000117918025353, 5.45940929442e-05, 2.56440689554e-05, 9.89853579085e-05, 7.44700228097e-05, 2.82119435724e-05, 2.36044052144e-05, 2.45164701482e-05, 3.5023836972e-05, 2.92274289677e-05, 4.43386052211e-05, 4.22522534791e-05, 6.05692330282e-05, 3.18172969855e-05, 2.3607739422e-05, 2.2370073566e-05, 2.06526583497e-05, 2.2043912395e-05, 2.09996287595e-05, 2.07285211218e-05, 1.9871733457e-05, 1.49471907207e-05, 1.13236756079e-05, 9.72103953245e-06, 1.03342481452e-05, 9.6584617495e-06, 8.63889727043e-06, 8.8763263193e-06, 7.06870423528e-06, 6.23088544671e-06, 5.98116230321e-06, 5.02105558553e-06, 4.30681257058e-06, 3.6851661207e-06, 3.43427882399e-06, 2.08777487387e-06], "dmean2": [0.000597305537667, 0.00136789435055, 0.000519594934303, 0.000311013689497, 0.000185567158042, 8.7075153715e-05, 3.79832017643e-05, 0.000144083998748, 0.000113579437311, 4.41242409579e-05, 3.52051902155e-05, 3.668928548e-05, 5.36476145498e-05, 4.41083066107e-05, 6.76340350765e-05, 6.32374576526e-05, 9.13842814043e-05, 4.99960042362e-05, 3.60715821444e-05, 3.36720331688e-05, 3.17647318298e-05, 3.40027654602e-05, 3.2938507502e-05, 3.22516498272e-05, 3.12769261654e-05, 2.37480144278e-05, 1.79933977051e-05, 1.50956420839e-05, 1.58239017765e-05, 1.46359516293e-05, 1.29086429297e-05, 1.33495022965e-05, 1.06170818981e-05, 9.50077719608e-06, 9.20623006095e-06, 7.41202893551e-06, 6.2411277213e-06, 5.36826382813e-06, 5.21844503965e-06, 3.20922299579e-06], "dvar": [6.26217115496e-07, 3.32609965881e-06, 4.29334363616e-07, 1.55163476734e-07, 3.83866805009e-08, 8.31956725733e-09, 2.82749978986e-09, 5.21087173411e-08, 2.28850609574e-08, 4.14057943487e-09, 4.37143876653e-09, 5.92311488745e-09, 9.63603152826e-09, 4.90995599733e-09, 1.20075256405e-08, 1.21039862577e-08, 2.99621554234e-08, 4.93781993072e-09, 3.40351324901e-09, 2.8117186357e-09, 3.34084160336e-09, 2.78800715847e-09, 1.94598048786e-09, 2.23348650685e-09, 1.47502687842e-09, 6.65875410366e-10, 3.7561298516e-10, 2.90084817278e-10, 3.17678744421e-10, 3.42313760671e-10, 2.62142807461e-10, 2.52508847165e-10, 1.35078559449e-10, 1.3493733908e-10, 1.49394510651e-10, 1.43091052895e-10, 1.65499516869e-10, 1.05279458762e-10, 4.89874321663e-11, 1.88238556686e-11], "dvar2": [1.72037971424e-06, 8.74122179084e-06, 1.01491286841e-06, 3.76529754931e-07, 9.38922326554e-08, 2.00616003809e-08, 6.33225738511e-09, 1.10030633493e-07, 5.22889322951e-08, 9.99413973801e-09, 8.52889581182e-09, 1.35246427391e-08, 2.23327738524e-08, 1.00382919754e-08, 2.74206097828e-08, 2.57806593851e-08, 6.57045120533e-08, 1.1546652523e-08, 7.92182763831e-09, 6.35767438695e-09, 7.82139242261e-09, 6.70954536375e-09, 4.61240645677e-09, 5.17553511159e-09, 3.73056785463e-09, 1.62646385249e-09, 9.23401966002e-10, 6.84492240666e-10, 7.44869610436e-10, 8.16847756102e-10, 6.05160754841e-10, 5.63221413952e-10, 2.9076188679e-10, 2.97435770458e-10, 3.41322692332e-10, 2.66125788073e-10, 3.3082606099e-10, 2.0052376426e-10, 1.06843735248e-10, 4.00586508409e-11], "max": [0.00814332906157, 0.0184384584427, 0.00844410713762, 0.0088561149314, 0.00341281178407, 0.00204793247394, 0.00132904225029, 0.0044383215718, 0.00263929087669, 0.00121154496446, 0.00229169032536, 0.00175678182859, 0.0020495604258, 0.00220560422167, 0.0023496071808, 0.0023449822329, 0.00348502444103, 0.00137446145527, 0.000897165271454, 0.00131289102137, 0.00197325809859, 0.00161942909472, 0.000980170327239, 0.00174684426747, 0.00126197957434, 0.000592834781855, 0.000344059808413, 0.000231732803513, 0.000387145526474, 0.000335829128744, 0.000199179747142, 0.000337063887855, 0.000202095790883, 0.000294470257359, 0.000412279710872, 0.000347421388142, 0.000406387232943, 0.000310354487738, 0.000193695217604, 8.02766517154e-05], "mean": [0.000374502531486, 0.000882720691152, 0.000441544660134, 0.000280285108602, 0.00018948642537, 8.93827163964e-05, 4.10949214711e-05, 0.000153207103722, 0.000116337090731, 4.31103253504e-05, 3.76862335543e-05, 3.97115691158e-05, 5.14150451636e-05, 4.44961078756e-05, 6.94752889103e-05, 6.2191626057e-05, 8.88079084689e-05, 4.52856220363e-05, 3.23518215737e-05, 3.26223816955e-05, 3.19821629091e-05, 3.41415725416e-05, 3.12017909891e-05, 3.22251325997e-05, 3.2198124245e-05, 2.35033003264e-05, 1.70554158103e-05, 1.4026273675e-05, 1.58920611284e-05, 1.40970705615e-05, 1.18664638649e-05, 1.37865254146e-05, 1.10909495561e-05, 8.91947911441e-06, 9.06379682419e-06, 8.20208151708e-06, 6.5696499405e-06, 5.35584194949e-06, 4.51302821602e-06, 2.81859047391e-06], "median": [6.00372477493e-05, 0.000257029372733, 0.000189747923287, 0.000133242254378, 9.65661602095e-05, 4.76253844681e-05, 1.76860194188e-05, 2.42435489781e-05, 3.22836349369e-05, 1.55030666065e-05, 8.69125688041e-06, 8.3096583694e-06, 9.51838228502e-06, 1.10545306597e-05, 1.2607233657e-05, 1.15573348012e-05, 1.49423722178e-05, 1.12061889013e-05, 6.95153630659e-06, 7.55873497837e-06, 6.49586763757e-06, 7.83886753197e-06, 8.21595131129e-06, 1.02187696029e-05, 1.34668662213e-05, 1.10225864773e-05, 6.56230804452e-06, 4.90932325192e-06, 5.68261066292e-06, 4.90838829137e-06, 4.02069599659e-06, 4.68005555376e-06, 4.25378220825e-06, 3.67515303878e-06, 3.89206161344e-06, 2.82985251943e-06, 2.19101684706e-06, 1.62599781106e-06, 1.32317973112e-06, 8.16799570202e-07], "min": [8.91859515387e-25, 9.0054625446e-25, 9.53298862307e-25, 1.60584696969e-24, 2.13999543684e-24, 1.1175775681e-24, 2.12474734719e-24, 2.50508815239e-24, 2.40148290819e-24, 1.50055760606e-24, 1.70309192423e-24, 2.4807496241e-24, 1.47695350727e-24, 2.54790929726e-24, 2.20029576722e-24, 3.01275623528e-24, 3.66213568563e-24, 3.1183381677e-24, 2.95256516214e-24, 2.37309890396e-24, 3.64685623875e-24, 4.05377396506e-24, 5.58420119765e-24, 4.9923646144e-24, 3.44553656916e-24, 2.00114862056e-24, 4.36115795552e-24, 4.9180625946e-24, 4.82598319986e-24, 4.74614179879e-24, 4.88541716376e-24, 5.38811207029e-24, 5.47802091424e-24, 5.17322872629e-24, 4.99765905436e-24, 5.16668394179e-24, 5.92199419828e-24, 5.81382006893e-24, 6.40069037836e-24, 6.6505194716e-24], "var": [6.76295201174e-07, 3.33964021593e-06, 5.22928644386e-07, 2.34166904534e-07, 7.81238398417e-08, 1.59301869473e-08, 5.57674617596e-09, 1.24953118075e-07, 4.79526356401e-08, 7.17467463218e-09, 9.7510346464e-09, 1.38538256422e-08, 1.78454708788e-08, 9.81183401194e-09, 2.76057097182e-08, 2.51984904054e-08, 6.13113613213e-08, 8.82777317912e-09, 5.66357849507e-09, 6.79658551661e-09, 8.33585112048e-09, 6.70517152912e-09, 4.28439816957e-09, 4.9986299544e-09, 2.61637111976e-09, 1.25105137361e-09, 6.64415356066e-10, 5.1743598295e-10, 6.07762284943e-10, 5.2582177501e-10, 3.8044117856e-10, 5.50437639912e-10, 2.84814061224e-10, 2.08538436519e-10, 2.48512432854e-10, 3.32402882997e-10, 3.16306675296e-10, 2.01160518798e-10, 8.19589257572e-11, 3.41735736931e-11]}, "melbands_crest": {"dmean": 3.83553647995, "dmean2": 6.36561107635, "dvar": 11.3384199142, "dvar2": 30.292388916, "max": 31.5330524445, "mean": 12.2132091522, "median": 11.2467079163, "min": 1.52076423168, "var": 29.753282547}, "melbands_flatness_db": {"dmean": 0.0298783183098, "dmean2": 0.0475279353559, "dvar": 0.000920372840483, "dvar2": 0.00220860610716, "max": 0.413044393063, "mean": 0.123790509999, "median": 0.119278170168, "min": 0.00330469664186, "var": 0.00298420223407}, "melbands_kurtosis": {"dmean": 6.59963464737, "dmean2": 10.447353363, "dvar": 309.721710205, "dvar2": 732.605041504, "max": 490.329528809, "mean": 8.14549541473, "median": 2.14980340004, "min": -1.95813500881, "var": 467.235809326}, "melbands_skewness": {"dmean": 0.860624492168, "dmean2": 1.31913149357, "dvar": 1.06829166412, "dvar2": 2.40258288383, "max": 17.3177127838, "mean": 1.88003718853, "median": 1.53766775131, "min": -3.62666273117, "var": 3.69894313812}, "melbands_spread": {"dmean": 19.5039157867, "dmean2": 30.9606552124, "dvar": 554.182067871, "dvar2": 1207.01318359, "max": 302.768310547, "mean": 58.0161399841, "median": 47.5708770752, "min": 1.03430008888, "var": 1681.41308594}, "mfcc": {"cov": [[9265.13378906, 390.79510498, 263.123474121, 237.604141235, 96.7404785156, 155.409698486, 31.7430896759, 70.4104690552, -36.2174491882, -89.4973373413, -0.00364371109754, -59.0510025024, -87.9096755981], [390.79510498, 1417.35742188, 171.026275635, 25.4258041382, 15.6402244568, 61.9247283936, 116.421440125, 127.406097412, -123.095977783, 53.1615486145, 84.4260025024, -8.39500904083, -23.0835838318], [263.123474121, 171.026275635, 1301.91455078, 222.788421631, 129.778808594, 144.981918335, 112.965255737, 22.2197380066, 31.5058231354, -30.2330970764, -37.407169342, -38.7308731079, -10.6991233826], [237.604141235, 25.4258041382, 222.788421631, 457.030151367, 174.263000488, 15.5826530457, -82.4484024048, 3.57957077026, 105.289146423, -19.5985412598, -45.8225059509, -7.09084796906, 23.5783596039], [96.7404785156, 15.6402244568, 129.778808594, 174.263000488, 368.189422607, 44.4485702515, -34.2068977356, 12.0760469437, 77.0207061768, 7.90291690826, -25.9371204376, -30.9328365326, -10.4698476791], [155.409698486, 61.9247283936, 144.981918335, 15.5826530457, 44.4485702515, 230.450576782, 143.904663086, 22.9947853088, 8.37584972382, 21.5336399078, 15.9658489227, -15.5308818817, -16.8349208832], [31.7430896759, 116.421440125, 112.965255737, -82.4484024048, -34.2068977356, 143.904663086, 264.628936768, 90.4026641846, -24.8146743774, 3.80336380005, 41.1429023743, -2.36213994026, -0.226878941059], [70.4104690552, 127.406097412, 22.2197380066, 3.57957077026, 12.0760469437, 22.9947853088, 90.4026641846, 140.388473511, 13.5493803024, 14.9666318893, 20.1049175262, 12.518995285, 6.28698968887], [-36.2174491882, -123.095977783, 31.5058231354, 105.289146423, 77.0207061768, 8.37584972382, -24.8146743774, 13.5493803024, 158.230880737, 35.7444190979, -7.70322227478, -2.65960860252, 16.4210414886], [-89.4973373413, 53.1615486145, -30.2330970764, -19.5985412598, 7.90291690826, 21.5336399078, 3.80336380005, 14.9666318893, 35.7444190979, 115.122962952, 45.4719009399, 1.85303294659, -6.535779953], [-0.00364371109754, 84.4260025024, -37.407169342, -45.8225059509, -25.9371204376, 15.9658489227, 41.1429023743, 20.1049175262, -7.70322227478, 45.4719009399, 101.171127319, 35.8717041016, 3.49539661407], [-59.0510025024, -8.39500904083, -38.7308731079, -7.09084796906, -30.9328365326, -15.5308818817, -2.36213994026, 12.518995285, -2.65960860252, 1.85303294659, 35.8717041016, 86.0107727051, 36.1713981628], [-87.9096755981, -23.0835838318, -10.6991233826, 23.5783596039, -10.4698476791, -16.8349208832, -0.226878941059, 6.28698968887, 16.4210414886, -6.535779953, 3.49539661407, 36.1713981628, 73.7275924683]], "icov": [[0.000115550974442, -2.12240211113e-05, -3.40076667271e-06, -5.48623502254e-05, 1.78565678652e-05, -0.000112727604574, 9.07260691747e-05, -9.30269015953e-05, 1.43853922054e-05, 0.000159675022587, -0.000101521669421, 6.30072681815e-05, 0.000118044197734], [-2.12240211113e-05, 0.000970594934188, -9.8990261904e-05, -0.000307407171931, -7.00271266396e-05, -1.27336979858e-05, 4.68404650746e-05, -0.000867871451192, 0.00119775475468, -0.000540020235348, -0.000682740123011, 0.000484144024085, -9.59764074651e-05], [-3.40076667271e-06, -9.8990261904e-05, 0.000957752054092, -0.00047706119949, -0.000108552834718, -0.00021879398264, -0.000560657761525, 0.000291168194963, -2.9078548323e-05, 0.000135634385515, 0.000311941112159, 4.9057216529e-05, 0.000144218516652], [-5.48623502254e-05, -0.000307407171931, -0.00047706119949, 0.00380050833337, -0.000922769831959, -0.000914240139537, 0.00184009980876, -0.000614688789938, -0.00199225149117, 0.00125193141866, 0.000452937325463, -0.00012741953833, -0.00113228079863], [1.78565678652e-05, -7.00271266396e-05, -0.000108552834718, -0.000922769831959, 0.00372628541663, -0.000999920070171, 0.000976954353973, -0.000707925821189, -0.00104057381395, 0.000216405256651, -8.75376572367e-05, 0.000997774885036, 0.000408509949921], [-0.000112727604574, -1.27336979858e-05, -0.00021879398264, -0.000914240139537, -0.000999920070171, 0.0085362708196, -0.00605465145782, 0.00281053921208, -0.0001983273105, -0.00220972439274, 0.00101888726931, -0.000816749583464, 0.00187178968918], [9.07260691747e-05, 4.68404650746e-05, -0.000560657761525, 0.00184009980876, 0.000976954353973, -0.00605465145782, 0.0105556445196, -0.00592337641865, 0.000451945525128, 0.00272972648963, -0.00339564913884, 0.00270570185967, -0.00227831257507], [-9.30269015953e-05, -0.000867871451192, 0.000291168194963, -0.000614688789938, -0.000707925821189, 0.00281053921208, -0.00592337641865, 0.0116612901911, -0.00183233618736, -0.00139701820444, 0.00142803543713, -0.00268336269073, 0.000917835044675], [1.43853922054e-05, 0.00119775475468, -2.9078548323e-05, -0.00199225149117, -0.00104057381395, -0.0001983273105, 0.000451945525128, -0.00183233618736, 0.0105339707807, -0.00413456885144, 0.000415555550717, 0.000999036245048, -0.00223288917914], [0.000159675022587, -0.000540020235348, 0.000135634385515, 0.00125193141866, 0.000216405256651, -0.00220972439274, 0.00272972648963, -0.00139701820444, -0.00413456885144, 0.0137145174667, -0.00666546681896, 0.00226823054254, 0.000634145049844], [-0.000101521669421, -0.000682740123011, 0.000311941112159, 0.000452937325463, -8.75376572367e-05, 0.00101888726931, -0.00339564913884, 0.00142803543713, 0.000415555550717, -0.00666546681896, 0.0175374876708, -0.00816722027957, 0.00214563496411], [6.30072681815e-05, 0.000484144024085, 4.9057216529e-05, -0.00012741953833, 0.000997774885036, -0.000816749583464, 0.00270570185967, -0.00268336269073, 0.000999036245048, 0.00226823054254, -0.00816722027957, 0.0194573514163, -0.00871326122433], [0.000118044197734, -9.59764074651e-05, 0.000144218516652, -0.00113228079863, 0.000408509949921, 0.00187178968918, -0.00227831257507, 0.000917835044675, -0.00223288917914, 0.000634145049844, 0.00214563496411, -0.00871326122433, 0.0191839337349]], "mean": [-645.269348145, 55.3363418579, 3.03562402725, 24.0904769897, 3.99373483658, 9.46163368225, -0.671643733978, 2.34103965759, -9.25592517853, 1.95733034611, 2.48888063431, -0.803568124771, -6.4019780159]}, "pitch_salience": {"dmean": 0.0805189982057, "dmean2": 0.13285459578, "dvar": 0.00541623169556, "dvar2": 0.0145631916821, "max": 0.983237147331, "mean": 0.580904781818, "median": 0.584443211555, "min": 0.116701990366, "var": 0.0124680195004}, "silence_rate_20dB": {"dmean": 0, "dmean2": 0, "dvar": 0, "dvar2": 0, "max": 1, "mean": 1, "median": 1, "min": 1, "var": 0}, "silence_rate_30dB": {"dmean": 0, "dmean2": 0, "dvar": 0, "dvar2": 0, "max": 1, "mean": 1, "median": 1, "min": 1, "var": 0}, "silence_rate_60dB": {"dmean": 0.050140928477, "dmean2": 0.100296735764, "dvar": 0.0476262308657, "dvar2": 0.106563985348, "max": 1, "mean": 0.0987837463617, "median": 0, "min": 0, "var": 0.0890323147178}, "spectral_centroid": {"dmean": 403.592041016, "dmean2": 611.734924316, "dvar": 197246.328125, "dvar2": 408413.09375, "max": 11833.3457031, "mean": 2519.44262695, "median": 2455.03857422, "min": 296.279327393, "var": 1661754.125}, "spectral_complexity": {"dmean": 5.4798989296, "dmean2": 7.60860538483, "dvar": 44.3414726257, "dvar2": 83.6784744263, "max": 62, "mean": 17.9485321045, "median": 16, "min": 0, "var": 147.699905396}, "spectral_contrast_coeffs": {"dmean": [0.0505205392838, 0.0500003062189, 0.0409477986395, 0.0387013591826, 0.0278876572847, 0.0244468282908], "dmean2": [0.0828644558787, 0.0791663900018, 0.063541457057, 0.0586432479322, 0.0431737303734, 0.0374709069729], "dvar": [0.00161516945809, 0.00162180745974, 0.00110886874609, 0.00101824861486, 0.000590455834754, 0.000492535531521], "dvar2": [0.0042824386619, 0.00399393169209, 0.00257462775335, 0.00232441769913, 0.00127881730441, 0.00107143819332], "max": [-0.382553786039, -0.383146673441, -0.536931872368, -0.489852637053, -0.529798805714, -0.595902681351], "mean": [-0.648472130299, -0.719174623489, -0.771149516106, -0.75317889452, -0.775299429893, -0.755033552647], "median": [-0.646894931793, -0.725876271725, -0.775409042835, -0.758900821209, -0.783734917641, -0.755840778351], "min": [-0.978257775307, -0.976730644703, -0.977077901363, -0.972355782986, -0.968437254429, -0.964562654495], "var": [0.00697928573936, 0.00734374206513, 0.00504327518865, 0.00565837370232, 0.00354876648635, 0.00265601929277]}, "spectral_contrast_valleys": {"dmean": [0.515508234501, 0.4160605371, 0.395927280188, 0.395704776049, 0.400697529316, 0.469257295132], "dmean2": [0.810569643974, 0.634585082531, 0.58490884304, 0.569993436337, 0.555353164673, 0.603066086769], "dvar": [0.226218521595, 0.145987570286, 0.139357253909, 0.163411319256, 0.182315826416, 0.245838314295], "dvar2": [0.47165375948, 0.304269790649, 0.274681031704, 0.320671677589, 0.363591074944, 0.452922850847], "max": [-5.58323860168, -5.69963502884, -6.04445934296, -5.98109769821, -5.34542751312, -7.07896137238], "mean": [-8.28884220123, -7.85461711884, -8.27946472168, -8.18116474152, -7.52879858017, -9.55911827087], "median": [-7.85717916489, -7.46109247208, -7.98118495941, -7.93047714233, -7.27560949326, -9.24782371521], "min": [-28.1763935089, -27.8614425659, -27.8255214691, -27.7697963715, -27.5363464355, -27.4370803833], "var": [6.24700927734, 5.65550613403, 5.30254077911, 5.25086402893, 5.5790348053, 5.00331354141]}, "spectral_decrease": {"dmean": 1.47640433212e-09, "dmean2": 2.14444906277e-09, "dvar": 4.12214953072e-18, "dvar2": 9.1254987039e-18, "max": 9.60166691096e-16, "mean": -3.41519279523e-09, "median": -2.61018695547e-09, "min": -1.94985432245e-08, "var": 8.79127637739e-18}, "spectral_energy": {"dmean": 0.00665731541812, "dmean2": 0.0093612447381, "dvar": 7.26710495655e-05, "dvar2": 0.000150468345964, "max": 0.0825999155641, "mean": 0.0161502845585, "median": 0.0127322636545, "min": 9.53130977718e-21, "var": 0.000177749665454}, "spectral_energyband_high": {"dmean": 0.00170493370388, "dmean2": 0.00235415319912, "dvar": 6.66407549943e-06, "dvar2": 1.31922324726e-05, "max": 0.0380266308784, "mean": 0.00305972411297, "median": 0.00135324057192, "min": 6.67121567921e-21, "var": 1.65880737768e-05}, "spectral_energyband_low": {"dmean": 0.00321911927313, "dmean2": 0.00534764956683, "dvar": 4.92563922307e-05, "dvar2": 0.000126814615214, "max": 0.0646645650268, "mean": 0.00380506273359, "median": 0.00121749727987, "min": 1.180996877e-23, "var": 5.44892645848e-05}, "spectral_energyband_middle_high": {"dmean": 0.00230071367696, "dmean2": 0.00328851910308, "dvar": 9.475727893e-06, "dvar2": 1.8571920009e-05, "max": 0.0469075962901, "mean": 0.00562235107645, "median": 0.00308419088833, "min": 1.22362782278e-21, "var": 4.21564327553e-05}, "spectral_energyband_middle_low": {"dmean": 0.0019023999339, "dmean2": 0.00287761329673, "dvar": 6.27576173429e-06, "dvar2": 1.43323504744e-05, "max": 0.0350859202445, "mean": 0.00412635318935, "median": 0.00294153997675, "min": 1.71110783966e-22, "var": 1.59752307809e-05}, "spectral_entropy": {"dmean": 0.188120305538, "dmean2": 0.26843547821, "dvar": 0.0368409268558, "dvar2": 0.0754796862602, "max": 9.82333183289, "mean": 7.99744939804, "median": 8.0296831131, "min": 6.33145570755, "var": 0.175363108516}, "spectral_flux": {"dmean": 0.0211969297379, "dmean2": 0.0314731486142, "dvar": 0.000508664583322, "dvar2": 0.00105407333467, "max": 0.249210685492, "mean": 0.0759465917945, "median": 0.071132145822, "min": 6.21636353504e-11, "var": 0.00153861462604}, "spectral_kurtosis": {"dmean": 0.960045337677, "dmean2": 1.53139531612, "dvar": 1.24679148197, "dvar2": 3.10623311996, "max": 18.3978157043, "mean": 2.69449257851, "median": 2.30406665802, "min": -1.27996003628, "var": 4.14883041382}, "spectral_rms": {"dmean": 0.000782382383477, "dmean2": 0.00105357123539, "dvar": 6.43084035801e-07, "dvar2": 1.16371700187e-06, "max": 0.0089769307524, "mean": 0.00361324008554, "median": 0.00352444616146, "min": 3.04939970844e-12, "var": 2.7007895369e-06}, "spectral_rolloff": {"dmean": 1398.73828125, "dmean2": 2280.47290039, "dvar": 3608155.25, "dvar2": 8492715, "max": 20693.4082031, "mean": 4343.25439453, "median": 3660.64453125, "min": 86.1328125, "var": 9745770}, "spectral_skewness": {"dmean": 0.201173782349, "dmean2": 0.308702170849, "dvar": 0.0366965457797, "dvar2": 0.0835777148604, "max": 2.84885406494, "mean": 1.12175643444, "median": 1.11780762672, "min": -0.365908056498, "var": 0.160078912973}, "spectral_spread": {"dmean": 960863.1875, "dmean2": 1405415.75, "dvar": 1488428204030.0, "dvar2": 3062920642560.0, "max": 42963052, "mean": 6229152, "median": 5575180, "min": 1678957.75, "var": 18452850933800.0}, "spectral_s