{"lowlevel": {"average_loudness": 0.954689204693, "barkbands": {"dmean": [0.0110580474138, 0.0255847442895, 0.00283258128911, 0.00173558609094, 0.00219540274702, 0.0015559704043, 0.000617586891167, 0.000410463340813, 0.000511237070896, 0.000531991943717, 0.000362745311577, 0.000418855634052, 0.000388123531593, 0.000358429650078, 0.000326894776663, 0.000331558025209, 0.000379255157895, 0.000373713759473, 0.000343677587807, 0.000298954691971, 0.000235815969063, 0.000142327102367, 6.61154990667e-05, 2.75842012343e-05, 3.30672241944e-06, 4.03700287279e-05, 0.000585352478083], "dmean2": [0.0147291356698, 0.0380567274988, 0.00479445746168, 0.00281205470674, 0.00353119731881, 0.00240963883698, 0.000999892363325, 0.000697284878697, 0.000835994549561, 0.00087398244068, 0.000595570425503, 0.000714230292942, 0.00064453156665, 0.000586655398365, 0.000545897928532, 0.000547710107639, 0.000600366853178, 0.000604898261372, 0.000536887906492, 0.000464496843051, 0.000358781282557, 0.000198868277948, 9.45628053159e-05, 4.02751029469e-05, 5.5937189245e-06, 5.80749110668e-05, 0.000906168716028], "dvar": [0.000646480824798, 0.00275462842546, 3.61284328392e-05, 9.59190583671e-06, 1.27912780954e-05, 1.34080773933e-05, 1.44547163927e-06, 5.90113359067e-07, 1.29907095925e-06, 1.43658508023e-06, 7.69462246808e-07, 7.83293614859e-07, 7.64239473483e-07, 6.25784252861e-07, 3.72969338969e-07, 3.40713739888e-07, 3.23856198747e-07, 3.83812732707e-07, 2.45111124286e-07, 2.70987442264e-07, 1.44381147038e-07, 7.98863055707e-08, 1.64508282552e-08, 3.23604698593e-09, 4.35680692912e-11, 4.36651959035e-09, 1.09551615424e-06], "dvar2": [0.00117240974214, 0.00608470849693, 9.23437328311e-05, 2.26731990551e-05, 3.0718252674e-05, 2.84250600089e-05, 3.26353710989e-06, 1.54242172812e-06, 3.07658069687e-06, 3.5146774735e-06, 1.60872184551e-06, 2.08370852306e-06, 1.89889738067e-06, 1.61774948992e-06, 9.86355644272e-07, 8.60585430473e-07, 7.8060963915e-07, 9.59845920079e-07, 5.61663910048e-07, 6.34207651729e-07, 3.05455330363e-07, 1.48217111473e-07, 3.22477902159e-08, 5.68002000989e-09, 1.17889767393e-10, 8.27392021563e-09, 2.57710576079e-06], "max": [0.257447898388, 0.401801675558, 0.076184310019, 0.0459834374487, 0.106320731342, 0.132825538516, 0.0498381331563, 0.01612361148, 0.0483042597771, 0.0248206220567, 0.0414783582091, 0.0175760239363, 0.0257533341646, 0.0184999033809, 0.011247866787, 0.0106963384897, 0.0156290065497, 0.0130381509662, 0.006814152468, 0.0126551976427, 0.0079540386796, 0.00898480042815, 0.00121957901865, 0.000723826116882, 7.18388910173e-05, 0.000788428878877, 0.00886245723814], "mean": [0.0139276972041, 0.0319770760834, 0.00265259668231, 0.00192072335631, 0.00278651644476, 0.00260017625988, 0.000900707032997, 0.000490365491714, 0.000692354922649, 0.00068098976044, 0.000451517029433, 0.000451039319159, 0.000465202669147, 0.000469421676826, 0.000447902188171, 0.000443647644715, 0.000497277069371, 0.000470791012049, 0.000468976941193, 0.000405267142924, 0.000367694854503, 0.000234075574554, 9.49039458646e-05, 4.25417747465e-05, 3.02556804854e-06, 6.62388338242e-05, 0.00101585907396], "median": [0.000487239070935, 0.00272214203142, 0.000679988530464, 0.000583563814871, 0.00116449152119, 0.000513381324708, 0.000301286345348, 0.000193689003936, 0.000244526716415, 0.000189031285117, 0.000150511652464, 0.000152114487719, 0.000147383034346, 0.000161515272339, 0.000186805453268, 0.000229306344409, 0.000271792901913, 0.000244578404818, 0.000207928824238, 0.000174779561348, 0.000134254994919, 6.80773882777e-05, 3.02418775391e-05, 1.11087183541e-05, 9.25437802834e-07, 2.53799935308e-05, 0.000509855977725], "min": [2.41905572359e-22, 3.23745044515e-23, 2.28572699723e-23, 3.62860744055e-23, 1.0683632854e-22, 5.45283376883e-23, 3.16706448865e-23, 4.50040507926e-23, 4.21113704284e-23, 4.84031451482e-23, 1.06765684468e-22, 1.76732257264e-22, 1.11080261371e-22, 5.93141800954e-23, 1.183211462e-22, 1.7604540554e-22, 1.9203477043e-22, 3.08692126939e-22, 2.35185815355e-22, 2.78883029706e-22, 4.45000349385e-22, 5.24371822867e-22, 5.37366040672e-22, 8.40754573704e-22, 1.07601738188e-21, 2.03487137507e-21, 2.22316179513e-21], "var": [0.00117371976376, 0.0049364012666, 3.2854732126e-05, 1.2136724763e-05, 2.22235630645e-05, 4.38479728473e-05, 3.38775771525e-06, 8.12029327335e-07, 2.57744636656e-06, 2.55314444075e-06, 1.39111102726e-06, 7.64968433487e-07, 1.17951492484e-06, 8.84732344275e-07, 6.10388951827e-07, 4.60730888108e-07, 4.50586043144e-07, 4.47577377827e-07, 3.82757491479e-07, 4.00046928917e-07, 3.06626986912e-07, 1.85410470976e-07, 2.70477258368e-08, 6.34179198045e-09, 3.80162290536e-11, 8.64745519635e-09, 1.6682944306e-06]}, "barkbands_crest": {"dmean": 3.62086868286, "dmean2": 5.81628704071, "dvar": 12.5290937424, "dvar2": 25.0141601562, "max": 26.8569717407, "mean": 10.8824853897, "median": 9.39532661438, "min": 2.20706152916, "var": 33.9997711182}, "barkbands_flatness_db": {"dmean": 0.0435306914151, "dmean2": 0.0624216347933, "dvar": 0.00264281337149, "dvar2": 0.00488105416298, "max": 0.720140039921, "mean": 0.141648203135, "median": 0.109817050397, "min": 0.0223551634699, "var": 0.00933912396431}, "barkbands_kurtosis": {"dmean": 22.6996765137, "dmean2": 33.733543396, "dvar": 3731.4921875, "dvar2": 7980.65869141, "max": 1276.86804199, "mean": 28.3620796204, "median": 2.95991516113, "min": -1.86248648167, "var": 5907.33447266}, "barkbands_skewness": {"dmean": 1.45407295227, "dmean2": 2.12797522545, "dvar": 4.37768268585, "dvar2": 9.08677577972, "max": 27.74010849, "mean": 2.83069086075, "median": 1.7236610651, "min": -2.59523010254, "var": 11.1163654327}, "barkbands_spread": {"dmean": 11.9329662323, "dmean2": 18.2414836884, "dvar": 183.785125732, "dvar2": 382.019256592, "max": 127.984016418, "mean": 33.2595062256, "median": 27.8758049011, "min": 0.105093844235, "var": 624.58190918}, "dissonance": {"dmean": 0.0130909606814, "dmean2": 0.0222850069404, "dvar": 0.000309914292302, "dvar2": 0.000856590806507, "max": 0.500000238419, "mean": 0.481289386749, "median": 0.487774372101, "min": 0.225452020764, "var": 0.000443570752395}, "dynamic_complexity": 3.61329579353, "erbbands": {"dmean": [1.40001249313, 3.95462608337, 4.50164604187, 4.53299427032, 5.95036792755, 8.23723697662, 12.0559368134, 10.9271717072, 7.93363857269, 9.32886886597, 9.95333766937, 11.1281557083, 15.8977823257, 14.62159729, 13.5644617081, 19.0362625122, 18.0011558533, 17.2291870117, 17.3595333099, 16.5641670227, 18.629486084, 20.7017593384, 20.641242981, 18.7833003998, 16.8251056671, 14.0445146561, 10.3405704498, 8.95251846313, 5.30857658386, 3.35657668114, 1.58824586868, 0.824380576611, 0.32580062747, 0.0470015630126, 0.0243218857795, 0.0453783012927, 0.0908606350422, 0.111886680126, 0.0745312198997, 0.0117076802999], "dmean2": [1.83445501328, 6.45067358017, 7.65410470963, 7.33180046082, 9.48252677917, 13.5648069382, 19.1191291809, 17.1319046021, 12.625246048, 15.4320707321, 16.645565033, 18.2474594116, 26.1664161682, 23.8430347443, 22.1517238617, 32.9526176453, 29.9928035736, 27.8936862946, 28.5126018524, 27.4220752716, 30.4310569763, 32.3713226318, 33.2496070862, 29.981306076, 26.089641571, 21.9885082245, 16.1052589417, 13.2347154617, 7.42418813705, 4.78612089157, 2.24697256088, 1.18325924873, 0.485307663679, 0.076863899827, 0.0407238677144, 0.0693675279617, 0.130085706711, 0.168062567711, 0.116438500583, 0.0180958248675], "dvar": [9.96942806244, 87.1598205566, 130.540542603, 54.0780105591, 112.145210266, 258.750915527, 847.744750977, 598.87298584, 286.807006836, 299.56829834, 431.809539795, 808.03112793, 1845.11669922, 995.489013672, 893.315490723, 1901.41760254, 1644.01623535, 1425.77380371, 1140.98620605, 893.887329102, 1038.48864746, 912.902160645, 1026.12182617, 890.938293457, 682.752258301, 639.24420166, 323.31817627, 240.961502075, 108.677093506, 41.1048965454, 8.39189529419, 2.71851277351, 0.446767777205, 0.00609189271927, 0.00215851073153, 0.00572006776929, 0.0236177481711, 0.0357887893915, 0.0179953929037, 0.000413573317928], "dvar2": [17.9799213409, 226.046615601, 339.67199707, 131.911056519, 249.299316406, 645.697814941, 1951.84375, 1288.29394531, 620.31817627, 752.680664062, 1141.84643555, 1895.39465332, 4408.60644531, 2222.30712891, 2112.51318359, 5173.42041016, 4136.73339844, 3570.68066406, 2901.98681641, 2339.66870117, 2616.19750977, 2131.30957031, 2498.55322266, 2212.87573242, 1541.92126465, 1508.77612305, 754.833618164, 476.567626953, 200.738967896, 79.5277709961, 15.2160539627, 4.22648954391, 0.928544282913, 0.015950281173, 0.00583742186427, 0.0122617576271, 0.0416145958006, 0.0778426826, 0.0426162108779, 0.000965005427133], "max": [23.5072803497, 92.8129806519, 107.013580322, 110.324256897, 204.592651367, 479.295562744, 928.799743652, 647.438903809, 587.905883789, 599.917907715, 608.24786377, 1492.40393066, 1153.7322998, 1131.0892334, 1046.88171387, 880.563171387, 1434.83117676, 1030.33496094, 745.829284668, 652.315124512, 716.337280273, 810.49005127, 629.07989502, 537.006958008, 532.938293457, 676.937438965, 326.865325928, 286.778015137, 323.697998047, 125.951202393, 26.6361541748, 18.0327854156, 8.56815433502, 0.814476430416, 0.504865527153, 1.21424174309, 1.96172106266, 2.3140847683, 1.04054951668, 0.189252391458], "mean": [1.66171193123, 4.27565288544, 4.11949300766, 5.12002658844, 6.81818580627, 10.4684429169, 18.9953041077, 17.5656814575, 12.3285923004, 12.6151981354, 12.7250642776, 15.1838626862, 20.9025382996, 19.3225059509, 17.475522995, 19.8940181732, 21.5059299469, 23.8497467041, 24.6085834503, 23.1932640076, 25.3605155945, 28.3670406342, 26.5265140533, 23.9580001831, 23.897977829, 18.8784103394, 15.1197395325, 14.2605857849, 8.73959636688, 5.08857059479, 2.3497595787, 1.3182669878, 0.443619251251, 0.0522599630058, 0.0240489002317, 0.0644998550415, 0.15305788815, 0.181598767638, 0.115118868649, 0.0225250385702], "median": [0.0848938152194, 0.50429558754, 1.02041602135, 1.91225647926, 2.48830485344, 4.01761579514, 4.5262055397, 3.85786700249, 4.02820730209, 4.90888929367, 5.01489591599, 5.53155088425, 5.6383061409, 6.56668043137, 6.59710693359, 6.48682689667, 6.9471154213, 8.44804573059, 9.43246841431, 11.0633745193, 14.6432819366, 16.1240024567, 14.1849308014, 11.8363008499, 9.64402675629, 8.20379638672, 6.25750875473, 4.73189258575, 2.69236421585, 1.43010258675, 0.794458270073, 0.366873830557, 0.113932773471, 0.0228244177997, 0.00969204306602, 0.0241115875542, 0.0548855401576, 0.0666550919414, 0.0512524135411, 0.0119442734867], "min": [2.96071044129e-21, 2.22557830958e-21, 1.89287487733e-20, 7.67144166811e-20, 9.86284861345e-20, 4.29827654906e-19, 6.66153466105e-19, 4.61138457344e-19, 5.60807724097e-19, 4.61579809899e-19, 1.10949849299e-18, 6.38171910536e-19, 2.2088671254e-18, 2.07499745584e-18, 6.00813663018e-18, 5.17783671954e-18, 4.5078663319e-18, 4.67740237511e-18, 3.42404218095e-18, 7.5430757223e-18, 1.10636788321e-17, 1.29047810435e-17, 1.51393441211e-17, 1.32528627812e-17, 1.08433303246e-17, 1.2889266444e-17, 1.74914619714e-17, 1.72674416092e-17, 1.91876040892e-17, 1.62637605062e-17, 1.6287432761e-17, 1.61603695471e-17, 1.50507199902e-17, 1.04886071538e-17, 8.81881239281e-18, 6.61589476396e-18, 3.7760840458e-18, 1.48878344792e-18, 3.24712980632e-19, 3.26581859517e-20], "var": [17.1780776978, 101.743278503, 105.320411682, 67.0312347412, 138.185516357, 443.123718262, 2249.78881836, 1790.34179688, 794.103942871, 514.179443359, 635.919372559, 1541.66601562, 3024.56030273, 2187.625, 1411.09094238, 1625.91662598, 2385.97387695, 2277.72119141, 2092.55908203, 1320.01147461, 1342.36010742, 1390.56860352, 1303.09484863, 1069.01293945, 1143.27929688, 900.53125, 526.078735352, 558.215759277, 261.287628174, 78.6314697266, 15.2259807587, 5.76079130173, 0.717925608158, 0.00632411101833, 0.00192915182561, 0.00987798441201, 0.0499540679157, 0.0608856976032, 0.0254736673087, 0.000720455660485]}, "erbbands_crest": {"dmean": 2.445759058, "dmean2": 3.96066141129, "dvar": 7.53858661652, "dvar2": 17.5648059845, "max": 27.115819931, "mean": 6.72447443008, "median": 5.63688755035, "min": 1.75960350037, "var": 13.3439235687}, "erbbands_flatness_db": {"dmean": 0.0249572787434, "dmean2": 0.0379448123276, "dvar": 0.000792456732597, "dvar2": 0.0017479340313, "max": 0.357981026173, "mean": 0.122536852956, "median": 0.112361192703, "min": 0.0177710354328, "var": 0.00218092557043}, "erbbands_kurtosis": {"dmean": 1.71077430248, "dmean2": 2.84660625458, "dvar": 23.6688575745, "dvar2": 64.8327484131, "max": 132.190429688, "mean": 0.804886460304, "median": -0.142321109772, "min": -1.83529627323, "var": 17.5776996613}, "erbbands_skewness": {"dmean": 0.55149936676, "dmean2": 0.83612793684, "dvar": 0.481827497482, "dvar2": 1.1142488718, "max": 9.69204330444, "mean": -0.155698508024, "median": -0.243093505502, "min": -3.45307230949, "var": 1.08237588406}, "erbbands_spread": {"dmean": 12.2437086105, "dmean2": 19.0387859344, "dvar": 158.54788208, "dvar2": 366.633575439, "max": 145.506973267, "mean": 40.946598053, "median": 38.5939598083, "min": 1.87082791328, "var": 354.684631348}, "gfcc": {"cov": [[21287.34375, 276.338348389, -334.585845947, 567.802307129, -14.0846471786, -503.812225342, 151.729949951, -551.311523438, -9.48682689667, -198.457672119, -265.720397949, 37.1952171326, -274.203674316], [276.338348389, 1639.48376465, 359.360595703, -273.735443115, 187.733215332, 26.4627227783, -30.1414241791, 52.0397224426, -19.1889324188, 27.8898429871, 40.0441246033, -100.503211975, 193.458328247], [-334.585845947, 359.360595703, 961.365539551, 394.427612305, 51.6908378601, 331.212341309, -39.1379165649, 219.29107666, -43.0702705383, 86.0132827759, 51.0813713074, 24.6147861481, 57.4863395691], [567.802307129, -273.735443115, 394.427612305, 655.715454102, 202.337234497, 167.225265503, 151.886245728, 136.962905884, 19.7810955048, 69.4353561401, 41.4969062805, 59.7293548584, -33.4371681213], [-14.0846471786, 187.733215332, 51.6908378601, 202.337234497, 346.469848633, 106.16759491, 165.941345215, 68.237701416, 53.7586898804, 69.0821685791, 81.3875274658, 4.45654010773, 46.3664360046], [-503.812225342, 26.4627227783, 331.212341309, 167.225265503, 106.16759491, 352.202331543, 26.9548988342, 191.021636963, 11.6883449554, 106.268600464, 65.0630950928, 32.9219245911, 38.6082267761], [151.729949951, -30.1414241791, -39.1379165649, 151.886245728, 165.941345215, 26.9548988342, 244.632858276, 42.5371246338, 80.0666809082, 40.0619888306, 47.7303886414, 29.6122322083, -6.22969007492], [-551.311523438, 52.0397224426, 219.29107666, 136.962905884, 68.237701416, 191.021636963, 42.5371246338, 253.988098145, 36.1175956726, 87.8288497925, 64.0216293335, 13.7424583435, 57.1658210754], [-9.48682689667, -19.1889324188, -43.0702705383, 19.7810955048, 53.7586898804, 11.6883449554, 80.0666809082, 36.1175956726, 96.9797973633, 43.4973945618, 26.4835033417, 24.4726238251, 3.05428409576], [-198.457672119, 27.8898429871, 86.0132827759, 69.4353561401, 69.0821685791, 106.268600464, 40.0619888306, 87.8288497925, 43.4973945618, 109.217254639, 68.584777832, 23.8024120331, 44.444026947], [-265.720397949, 40.0441246033, 51.0813713074, 41.4969062805, 81.3875274658, 65.0630950928, 47.7303886414, 64.0216293335, 26.4835033417, 68.584777832, 88.9296722412, 33.090713501, 39.1765174866], [37.1952171326, -100.503211975, 24.6147861481, 59.7293548584, 4.45654010773, 32.9219245911, 29.6122322083, 13.7424583435, 24.4726238251, 23.8024120331, 33.090713501, 62.4785461426, 9.26022911072], [-274.203674316, 193.458328247, 57.4863395691, -33.4371681213, 46.3664360046, 38.6082267761, -6.22969007492, 57.1658210754, 3.05428409576, 44.444026947, 39.1765174866, 9.26022911072, 96.2290802002]], "icov": [[6.19781931164e-05, -0.00011830792937, 0.000118914067571, -0.000204325930099, 0.000104245285911, -7.7918457464e-06, 1.02880394479e-05, 0.00010868973186, 1.58074399224e-05, -0.000107285966806, 0.000170644852915, -0.000190140955965, 0.000159284551046], [-0.00011830792937, 0.00201309868135, -0.00196130247787, 0.00235979864374, -0.00218181987293, 0.00121731928084, -0.00045694533037, -0.000281658198219, 8.48522468004e-05, -2.98943850794e-05, 0.000663939223159, 0.00155604898464, -0.00210091960616], [0.000118914067571, -0.00196130247787, 0.00454635359347, -0.00472631771117, 0.00417786557227, -0.00387032539584, 0.00115499400999, 0.00117961748037, -0.00132624048274, 0.00265536503866, -0.00353359873407, 0.00197819713503, -0.00109867693391], [-0.000204325930099, 0.00235979864374, -0.00472631771117, 0.00909842830151, -0.0079907393083, 0.00521477451548, -0.00181186501868, -0.00466956244782, 0.00622503133491, -0.00713428016752, 0.00913423858583, -0.00855041574687, 0.00527480849996], [0.000104245285911, -0.00218181987293, 0.00417786557227, -0.0079907393083, 0.0137936482206, -0.00727949151769, -0.00248642917722, 0.00603141821921, -0.00704759079963, 0.00862069707364, -0.0137892588973, 0.0130095761269, -0.00745457177982], [-7.7918457464e-06, 0.00121731928084, -0.00387032539584, 0.00521477451548, -0.00727949151769, 0.0113704241812, 0.000136898175697, -0.00699075590819, 0.00724302511662, -0.0108905537054, 0.00967999361455, -0.0102919805795, 0.00661145010963], [1.02880394479e-05, -0.00045694533037, 0.00115499400999, -0.00181186501868, -0.00248642917722, 0.000136898175697, 0.00911530479789, -0.000618376885541, -0.00506998458877, 0.00177462538704, -0.00208457163535, -0.00143409986049, 0.00205694511533], [0.00010868973186, -0.000281658198219, 0.00117961748037, -0.00466956244782, 0.00603141821921, -0.00699075590819, -0.000618376885541, 0.012316362001, -0.00770068122074, 0.00565920071676, -0.00961492490023, 0.0115276901051, -0.00847359094769], [1.58074399224e-05, 8.48522468004e-05, -0.00132624048274, 0.00622503133491, -0.00704759079963, 0.00724302511662, -0.00506998458877, -0.00770068122074, 0.0266294330359, -0.018028056249, 0.0151808178052, -0.0176878999919, 0.0105689242482], [-0.000107285966806, -2.98943850794e-05, 0.00265536503866, -0.00713428016752, 0.00862069707364, -0.0108905537054, 0.00177462538704, 0.00565920071676, -0.018028056249, 0.0379036441445, -0.0275868065655, 0.0182539019734, -0.01480159536], [0.000170644852915, 0.000663939223159, -0.00353359873407, 0.00913423858583, -0.0137892588973, 0.00967999361455, -0.00208457163535, -0.00961492490023, 0.0151808178052, -0.0275868065655, 0.0462784543633, -0.0286617390811, 0.00895032566041], [-0.000190140955965, 0.00155604898464, 0.00197819713503, -0.00855041574687, 0.0130095761269, -0.0102919805795, -0.00143409986049, 0.0115276901051, -0.0176878999919, 0.0182539019734, -0.0286617390811, 0.0464143939316, -0.0175701491535], [0.000159284551046, -0.00210091960616, -0.00109867693391, 0.00527480849996, -0.00745457177982, 0.00661145010963, 0.00205694511533, -0.00847359094769, 0.0105689242482, -0.01480159536, 0.00895032566041, -0.0175701491535, 0.0282126031816]], "mean": [-15.5109500885, 62.1325759888, -93.0283584595, 15.5796394348, -14.380692482, -22.4060497284, 1.97652697563, -17.7782478333, 0.196293517947, -8.32339763641, -7.28047466278, 2.54596567154, -9.59223079681]}, "hfc": {"dmean": 70.6824417114, "dmean2": 106.423583984, "dvar": 15279.9980469, "dvar2": 31854.3378906, "max": 2393.67041016, "mean": 152.910171509, "median": 75.9029006958, "min": 1.16408121753e-16, "var": 46592.3398438}, "melbands": {"dmean": [0.00928263831884, 0.00332459248602, 0.000796836335212, 0.000483750220155, 0.000405113853049, 0.000256045517744, 0.000122355137137, 9.75278308033e-05, 8.78795253811e-05, 6.99917945894e-05, 8.01293281256e-05, 5.95081000938e-05, 4.67923782708e-05, 4.37169874203e-05, 4.86650606035e-05, 3.78077056666e-05, 3.37281599059e-05, 2.96976195386e-05, 2.48389187618e-05, 2.31989870372e-05, 2.2098336558e-05, 2.32964393945e-05, 1.88875455933e-05, 1.90768987522e-05, 1.53489581862e-05, 1.3178016161e-05, 1.19488013297e-05, 9.01149542187e-06, 7.0649070949e-06, 5.43891883353e-06, 5.39252869203e-06, 3.31138357978e-06, 2.34419417211e-06, 1.72189140812e-06, 9.70948576651e-07, 6.69326368552e-07, 4.85947907691e-07, 2.89774959583e-07, 6.97799720228e-08, 3.0239544202e-08], "dmean2": [0.0125255836174, 0.00557593582198, 0.00126731651835, 0.000776934844907, 0.000646620697808, 0.000398462172598, 0.000195911401534, 0.000161547286552, 0.000146574398968, 0.000114386137284, 0.000132185567054, 9.76268129307e-05, 7.64328433434e-05, 7.4102616054e-05, 8.44273963594e-05, 6.23568121227e-05, 5.5307889852e-05, 4.89614067192e-05, 4.19626885559e-05, 3.82206853828e-05, 3.62773898814e-05, 3.67741595255e-05, 3.03662673105e-05, 3.1292282074e-05, 2.4809711249e-05, 2.08749715966e-05, 1.8535012714e-05, 1.44383275256e-05, 1.12052475743e-05, 8.48089348437e-06, 7.95789856056e-06, 4.72597275802e-06, 3.41637542078e-06, 2.54192082139e-06, 1.41541875109e-06, 9.36123683459e-07, 7.25939116819e-07, 4.40384809508e-07, 1.13421904757e-07, 5.12330515789e-08], "dvar": [0.000376643089112, 7.2042857937e-05, 1.68631470387e-06, 6.02029615493e-07, 7.6554243833e-07, 3.20543136922e-07, 6.24335783073e-08, 3.11430028432e-08, 3.71891140105e-08, 3.30338671972e-08, 4.56432438511e-08, 1.67633071868e-08, 1.15915250731e-08, 7.65208429954e-09, 1.21431886768e-08, 7.85688047955e-09, 5.98658145279e-09, 3.64769481287e-09, 2.20966911435e-09, 1.77515024902e-09, 1.42670775194e-09, 1.21884480286e-09, 7.91911758391e-10, 1.08471520655e-09, 5.99214400321e-10, 4.35596725357e-10, 3.8576841721e-10, 2.81113632372e-10, 1.57188942418e-10, 7.41669295423e-11, 1.04770289666e-10, 4.36564118189e-11, 2.14963845335e-11, 1.1587510465e-11, 3.03704999517e-12, 1.54337003247e-12, 1.03947514658e-12, 3.98500731112e-13, 1.2169086031e-14, 3.7131955056e-15], "dvar2": [0.000692653178703, 0.000189826954738, 3.97316534873e-06, 1.42452392993e-06, 1.78544541996e-06, 6.78701383094e-07, 1.36225651204e-07, 7.89184966266e-08, 9.77329364105e-08, 7.63034080364e-08, 1.0934998329e-07, 3.80756404184e-08, 2.51624339143e-08, 2.01266914246e-08, 3.26205871204e-08, 1.95951042059e-08, 1.52933026243e-08, 9.2410141761e-09, 5.96090377059e-09, 4.61552751574e-09, 3.59436658215e-09, 2.88295565198e-09, 1.90247329002e-09, 2.77821454731e-09, 1.50033763191e-09, 1.03831498954e-09, 9.00671592863e-10, 6.71022848397e-10, 3.73222869277e-10, 1.6433474026e-10, 2.06751421539e-10, 8.49362802313e-11, 4.26550322841e-11, 2.37969505212e-11, 5.79613137e-12, 2.63382523256e-12, 1.78866762981e-12, 8.73377542163e-13, 2.89742154694e-14, 1.00562961753e-14], "max": [0.150466099381, 0.0794937387109, 0.0178180411458, 0.021612053737, 0.0249325390905, 0.0176758542657, 0.0081898868084, 0.00533606577665, 0.00593177694827, 0.00968949962407, 0.00555457128212, 0.0043175322935, 0.00400293199345, 0.0015503957402, 0.00204054405913, 0.00264605297707, 0.00228526513092, 0.00131836964283, 0.000931328744628, 0.000667403743137, 0.000861683685798, 0.00112528121099, 0.00056985457195, 0.000610043469351, 0.000430807442171, 0.0003281449317, 0.000550445402041, 0.000461986201117, 0.000239238579525, 0.000160571871675, 0.000200491718715, 0.000206565571716, 0.00013721047435, 4.35556212324e-05, 1.72565505636e-05, 1.23017334772e-05, 1.14601944006e-05, 7.90722060628e-06, 1.56167641308e-06, 6.63226330744e-07], "mean": [0.0122713735327, 0.00330711784773, 0.000928081572056, 0.000596174329985, 0.000634195515886, 0.000426351092756, 0.000186543999007, 0.000128910003696, 0.000111125846161, 9.4266688393e-05, 0.00010296281107, 7.67229648773e-05, 5.9087491536e-05, 4.90468009957e-05, 5.12185652042e-05, 4.54880537291e-05, 4.44917059212e-05, 4.01635188609e-05, 3.2681015e-05, 3.04507539113e-05, 2.88618775812e-05, 3.0574403354e-05, 2.42740061367e-05, 2.29447596212e-05, 1.88127687579e-05, 1.76726734935e-05, 1.62814012583e-05, 1.15120501505e-05, 9.65317940427e-06, 8.25099141366e-06, 8.45593422127e-06, 5.29522321813e-06, 3.52605025e-06, 2.45865680881e-06, 1.38821678775e-06, 9.86557438409e-07, 7.36726235573e-07, 3.7574164935e-07, 8.15032237256e-08, 2.74306284354e-08], "median": [0.00090289185755, 0.000679037650116, 0.000358229037374, 0.000246744457399, 0.000173985361471, 8.97739664651e-05, 6.27992558293e-05, 5.15847641509e-05, 4.1117429646e-05, 3.36120065185e-05, 2.6564932341e-05, 2.52502559306e-05, 2.10956204683e-05, 1.7431755623e-05, 1.5440489733e-05, 1.44571949932e-05, 1.5052017261e-05, 1.43813804243e-05, 1.41500495374e-05, 1.42016515383e-05, 1.6557314666e-05, 1.61147909239e-05, 1.3461155504e-05, 1.10261844384e-05, 8.9695367933e-06, 7.18619457984e-06, 6.10039160165e-06, 5.1706197155e-06, 3.87638465327e-06, 3.16298655889e-06, 2.54448991654e-06, 1.55828024617e-06, 1.02756348497e-06, 6.71279792641e-07, 4.76639939961e-07, 3.06127503791e-07, 1.7837356836e-07, 8.37733082903e-08, 2.89320443159e-08, 8.26886914496e-09], "min": [2.90194632443e-23, 7.23584479694e-24, 1.5086926947e-23, 1.4577295981e-23, 2.55506256962e-23, 9.61906458909e-24, 8.55667247588e-24, 5.4366262271e-24, 9.29163761519e-24, 4.53696941331e-24, 1.0811361583e-23, 7.16103396185e-24, 1.88164688249e-23, 1.87613353362e-23, 9.62465840177e-24, 1.22140209591e-23, 7.80816338368e-24, 4.52440838112e-24, 9.84620052067e-24, 8.95562231261e-24, 1.46645155981e-23, 1.37915337214e-23, 1.31812993241e-23, 1.46980690079e-23, 9.95990298725e-24, 9.65292486573e-24, 5.83168619071e-24, 9.09096796698e-24, 1.08802551725e-23, 1.02305004215e-23, 9.9910227611e-24, 9.81234418834e-24, 1.1261880046e-23, 7.85459810314e-24, 8.9928029048e-24, 1.03591983451e-23, 9.45877909721e-24, 1.02357447688e-23, 9.52462373924e-24, 8.58922876543e-24], "var": [0.000762486364692, 6.5391381213e-05, 2.14703709389e-06, 9.47581838773e-07, 1.97539725377e-06, 1.03512797978e-06, 1.63046507851e-07, 5.24278256364e-08, 5.71293696794e-08, 6.24235170221e-08, 7.43966594996e-08, 3.69324197891e-08, 1.9457596423e-08, 8.05069166887e-09, 1.22731487195e-08, 1.20399414882e-08, 8.81126815955e-09, 6.40898623061e-09, 2.99629632217e-09, 2.44461162424e-09, 1.78336934109e-09, 1.78108172655e-09, 1.09767483991e-09, 1.16827281182e-09, 6.95904112114e-10, 6.32736196771e-10, 6.2685201474e-10, 3.64144270293e-10, 2.35835018181e-10, 1.41687231392e-10, 2.36667546671e-10, 1.00934732794e-10, 4.2523054522e-11, 1.92433829288e-11, 5.18055433621e-12, 3.00805430911e-12, 2.014387138e-12, 5.77943075342e-13, 1.65447964031e-14, 3.21569324513e-15]}, "melbands_crest": {"dmean": 5.10199928284, "dmean2": 7.63863229752, "dvar": 23.7571487427, "dvar2": 45.3449668884, "max": 39.9455604553, "mean": 17.9403686523, "median": 15.3148727417, "min": 2.07028484344, "var": 103.923072815}, "melbands_flatness_db": {"dmean": 0.0550094917417, "dmean2": 0.078399002552, "dvar": 0.0035828507971, "dvar2": 0.00641859928146, "max": 0.880493879318, "mean": 0.227523356676, "median": 0.200853362679, "min": 0.00571046723053, "var": 0.0140036158264}, "melbands_kurtosis": {"dmean": 78.9241943359, "dmean2": 123.504753113, "dvar": 76751.734375, "dvar2": 192725.796875, "max": 5929.7578125, "mean": 81.0161514282, "median": 8.9276638031, "min": -1.8445186615, "var": 74933.328125}, "melbands_skewness": {"dmean": 2.3446085453, "dmean2": 3.37964129448, "dvar": 14.5069026947, "dvar2": 31.551990509, "max": 61.2341003418, "mean": 4.62267208099, "median": 2.74606990814, "min": -2.32576227188, "var": 31.0965042114}, "melbands_spread": {"dmean": 12.6104040146, "dmean2": 19.8601531982, "dvar": 299.633331299, "dvar2": 682.921691895, "max": 186.774124146, "mean": 26.064699173, "median": 19.1631031036, "min": 0.024775872007, "var": 642.847412109}, "mfcc": {"cov": [[15379.0224609, 1023.28448486, -950.659851074, 1106.21569824, -595.576904297, 544.622558594, -503.469909668, 232.663314819, -410.757507324, 94.1981582642, -353.612457275, 73.948348999, -282.04095459], [1023.28448486, 1854.70703125, 85.0155181885, -116.677955627, 128.539459229, -63.5422210693, 63.4881591797, -144.543243408, 114.648208618, -86.8156204224, 22.7935829163, -92.0366439819, 42.5896453857], [-950.659851074, 85.0155181885, 952.445861816, 64.0810852051, 272.112335205, 41.1991539001, 160.418823242, 73.106048584, 74.2590026855, 39.0043525696, 55.453289032, 27.4555110931, 22.9011917114], [1106.21569824, -116.677955627, 64.0810852051, 576.440551758, 65.0251464844, 169.773864746, 100.158073425, 133.565353394, 18.9602298737, 67.4703521729, 41.9596557617, 44.2768363953, 10.922621727], [-595.576904297, 128.539459229, 272.112335205, 65.0251464844, 310.926361084, 68.4564361572, 185.312133789, 36.231048584, 96.617149353, 36.6775970459, 89.1190185547, 30.9519863129, 67.2261199951], [544.622558594, -63.5422210693, 41.1991539001, 169.773864746, 68.4564361572, 217.296737671, 77.0087509155, 77.0889511108, 8.5020608902, 51.1854896545, 31.8785457611, 38.6048545837, 24.3054199219], [-503.469909668, 63.4881591797, 160.418823242, 100.158073425, 185.312133789, 77.0087509155, 246.85723877, 68.1144638062, 104.687110901, 47.8887481689, 109.161712646, 35.0591621399, 88.4876861572], [232.663314819, -144.543243408, 73.106048584, 133.565353394, 36.231048584, 77.0889511108, 68.1144638062, 145.530044556, 33.0131607056, 63.7905082703, 33.8958892822, 45.1302833557, 15.2304573059], [-410.757507324, 114.648208618, 74.2590026855, 18.9602298737, 96.617149353, 8.5020608902, 104.687110901, 33.0131607056, 130.873046875, 38.8677062988, 75.806022644, 14.9103794098, 57.6925811768], [94.1981582642, -86.8156204224, 39.0043525696, 67.4703521729, 36.6775970459, 51.1854896545, 47.8887481689, 63.7905082703, 38.8677062988, 89.5933151245, 46.1523132324, 39.6895980835, 26.8516674042], [-353.612457275, 22.7935829163, 55.453289032, 41.9596557617, 89.1190185547, 31.8785457611, 109.161712646, 33.8958892822, 75.806022644, 46.1523132324, 111.654693604, 33.4075431824, 64.5750656128], [73.948348999, -92.0366439819, 27.4555110931, 44.2768363953, 30.9519863129, 38.6048545837, 35.0591621399, 45.1302833557, 14.9103794098, 39.6895980835, 33.4075431824, 65.0098571777, 27.9988651276], [-282.04095459, 42.5896453857, 22.9011917114, 10.922621727, 67.2261199951, 24.3054199219, 88.4876861572, 15.2304573059, 57.6925811768, 26.8516674042, 64.5750656128, 27.9988651276, 90.8380279541]], "icov": [[0.000145241938299, -0.00019213752239, 0.000109935812361, -0.000241122834268, 0.000129521111376, -0.000248279859079, 0.000197161934921, -0.000179631795618, 0.000288650859147, -0.000267636642093, 0.000299590232316, -0.000330463662976, 0.000135627327836], [-0.00019213752239, 0.000956971838605, -0.00017944573483, 0.000293082237476, -0.00034911261173, 0.000191707658814, -0.000211075210245, 0.000834801991004, -0.00122781470418, 0.000832020072266, -0.000272845849395, 0.00111274560913, -0.000377686024876], [0.000109935812361, -0.00017944573483, 0.00157498405315, -0.000120445685752, -0.00130043679383, 0.000148889419506, -0.000123678953969, -0.000763663905673, 0.000336727767717, -0.000350116111804, 0.000532377918717, -0.000327494519297, 0.000826092960779], [-0.000241122834268, 0.000293082237476, -0.000120445685752, 0.00296749407426, -0.000185735945706, -0.000936611089855, -0.000877708429471, -0.00122295424808, -0.000114559217764, 0.000294785655569, -0.000833613215946, 0.000703491037712, 0.000596971716732], [0.000129521111376, -0.00034911261173, -0.00130043679383, -0.000185735945706, 0.0077338097617, -0.00140020099934, -0.00384604209103, 0.00175120809581, -0.00148900446948, 2.24119721679e-05, -0.00017363455845, -0.00181794178206, 0.000642888306174], [-0.000248279859079, 0.000191707658814, 0.000148889419506, -0.000936611089855, -0.00140020099934, 0.0078842882067, -0.00155108864419, -0.00133650831413, 0.00205443822779, -0.00163071358111, 0.000168960817973, -0.000259549706243, -0.0009868593188], [0.000197161934921, -0.000211075210245, -0.000123678953969, -0.000877708429471, -0.00384604209103, -0.00155108864419, 0.0131446439773, -0.00352477887645, -0.00162006181199, 0.00197110767476, -0.00463237566873, 0.001920951996, -0.00495711620897], [-0.000179631795618, 0.000834801991004, -0.000763663905673, -0.00122295424808, 0.00175120809581, -0.00133650831413, -0.00352477887645, 0.0149483503774, -0.00324924569577, -0.0049212006852, 0.00185775954742, -0.00444969953969, 0.00294851651415], [0.000288650859147, -0.00122781470418, 0.000336727767717, -0.000114559217764, -0.00148900446948, 0.00205443822779, -0.00162006181199, -0.00324924569577, 0.0179440993816, -0.00448721367866, -0.00515203783289, 0.00318617536686, -0.00331376562826], [-0.000267636642093, 0.000832020072266, -0.000350116111804, 0.000294785655569, 2.24119721679e-05, -0.00163071358111, 0.00197110767476, -0.0049212006852, -0.00448721367866, 0.0227448791265, -0.00571522302926, -0.00515088811517, -6.64794861223e-05], [0.000299590232316, -0.000272845849395, 0.000532377918717, -0.000833613215946, -0.00017363455845, 0.000168960817973, -0.00463237566873, 0.00185775954742, -0.00515203783289, -0.00571522302926, 0.024716084823, -0.00470395665616, -0.00585029972717], [-0.000330463662976, 0.00111274560913, -0.000327494519297, 0.000703491037712, -0.00181794178206, -0.000259549706243, 0.001920951996, -0.00444969953969, 0.00318617536686, -0.00515088811517, -0.00470395665616, 0.0279215443879, -0.00702337641269], [0.000135627327836, -0.000377686024876, 0.000826092960779, 0.000596971716732, 0.000642888306174, -0.0009868593188, -0.00495711620897, 0.00294851651415, -0.00331376562826, -6.64794861223e-05, -0.00585029972717, -0.00702337641269, 0.0238974522799]], "mean": [-673.295349121, 120.88873291, -17.9395542145, 45.8571052551, -3.34311556816, 17.4725818634, -3.58729434013, 10.5491838455, -1.2584682703, 5.581782341, -2.79627466202, 5.14052867889, -2.76562094688]}, "pitch_salience": {"dmean": 0.109723433852, "dmean2": 0.166994586587, "dvar": 0.0126895532012, "dvar2": 0.0246867276728, "max": 0.938835561275, "mean": 0.508365750313, "median": 0.570643305779, "min": 0.00480571296066, "var": 0.0478756800294}, "silence_rate_20dB": {"dmean": 0.0401588715613, "dmean2": 0.080323651433, "dvar": 0.0385494306684, "dvar2": 0.103156499565, "max": 1, "mean": 0.974259018898, "median": 1, "min": 0, "var": 0.0250767003745}, "silence_rate_30dB": {"dmean": 0.0823771730065, "dmean2": 0.164766460657, "dvar": 0.0755848959088, "dvar2": 0.143638670444, "max": 1, "mean": 0.816282987595, "median": 1, "min": 0, "var": 0.149935796857}, "silence_rate_60dB": {"dmean": 0.074286557734, "dmean2": 0.148584038019, "dvar": 0.0687622576952, "dvar2": 0.146523833275, "max": 1, "mean": 0.114216372371, "median": 0, "min": 0, "var": 0.10118457675}, "spectral_centroid": {"dmean": 439.754180908, "dmean2": 655.288024902, "dvar": 227154.078125, "dvar2": 430253.15625, "max": 10987.6757812, "mean": 1751.54089355, "median": 1719.29919434, "min": 50.3110733032, "var": 846635.1875}, "spectral_complexity": {"dmean": 7.92438936234, "dmean2": 11.4290552139, "dvar": 84.5287780762, "dvar2": 150.766204834, "max": 62, "mean": 22.5657863617, "median": 22, "min": 0, "var": 253.144210815}, "spectral_contrast_coeffs": {"dmean": [0.0682099089026, 0.0480882152915, 0.0371521115303, 0.0296049397439, 0.0256524067372, 0.0487460941076], "dmean2": [0.107927002013, 0.079443000257, 0.0617902241647, 0.0483126677573, 0.0396197475493, 0.0731645151973], "dvar": [0.00321322423406, 0.00142006773967, 0.000862526358105, 0.000615012540948, 0.000536877545528, 0.00215300242417], "dvar2": [0.00757979601622, 0.00381635036319, 0.00229665380903, 0.00152785785031, 0.00116110732779, 0.00437630107626], "max": [-0.313789993525, -0.455144405365, -0.539332747459, -0.597874939442, -0.591014146805, -0.389360845089], "mean": [-0.695212423801, -0.797946035862, -0.835746407509, -0.835590541363, -0.821979820728, -0.690344214439], "median": [-0.697901964188, -0.807609796524, -0.840160667896, -0.835671722889, -0.817153036594, -0.679828882217], "min": [-0.965486109257, -0.972726106644, -0.981802582741, -0.986112773418, -0.967712044716, -0.955918610096], "var": [0.0119344647974, 0.00571611896157, 0.00296019972302, 0.00219164788723, 0.00180916476529, 0.00751677760854]}, "spectral_contrast_valleys": {"dmean": [0.705959439278, 0.624970197678, 0.585437655449, 0.558285236359, 0.589674174786, 0.693078517914], "dmean2": [1.02834117413, 0.96894288063, 0.894494950771, 0.821176171303, 0.826735317707, 1.01812553406], "dvar": [0.487406998873, 0.511955440044, 0.508967101574, 0.546335995197, 0.673541128635, 0.546732008457], "dvar2": [0.835750222206, 1.02623701096, 0.968216478825, 1.00371968746, 1.13850069046, 1.05893683434], "max": [-4.72881507874, -4.45876312256, -5.27461576462, -5.1007142067, -5.21953248978, -8.89290714264], "mean": [-7.32046890259, -6.87832164764, -7.32974004745, -7.53187561035, -7.32547283173, -11.0471258163], "median": [-6.88934707642, -6.52550077438, -6.99842739105, -7.20156812668, -6.91396999359, -10.7319736481], "min": [-27.2161121368, -27.2309551239, -27.1567001343, -27.2801151276, -27.4071903229, -27.3396091461], "var": [2.74077892303, 2.05952358246, 1.87488174438, 1.94026947021, 2.14371800423, 1.79984366894]}, "spectral_decrease": {"dmean": 9.93763205059e-09, "dmean2": 1.38921620874e-08, "dvar": 2.69076135791e-16, "dvar2": 5.40253866203e-16, "max": 2.07970671795e-08, "mean": -1.49262273652e-08, "median": -4.90628160321e-09, "min": -1.30523289954e-07, "var": 6.56983317846e-16}, "spectral_energy": {"dmean": 0.0393628887832, "dmean2": 0.054780293256, "dvar": 0.00376705825329, "dvar2": 0.00771153625101, "max": 0.496193230152, "mean": 0.0702043995261, "median": 0.0391100272536, "min": 1.08575266761e-20, "var": 0.00893423892558}, "spectral_energyband_high": {"dmean": 0.00108902167995, "dmean2": 0.00160615309142, "dvar": 2.99847033602e-06, "dvar2": 6.43995099381e-06, "max": 0.0160215999931, "mean": 0.00186735496391, "median": 0.000915829965379, "min": 7.72015582073e-21, "var": 5.61122988074e-06}, "spectral_energyband_low": {"dmean": 0.0334567837417, "dmean2": 0.0472905151546, "dvar": 0.00398295838386, "dvar2": 0.00807929970324, "max": 0.477278798819, "mean": 0.0469836965203, "median": 0.00784873403609, "min": 1.63244679538e-22, "var": 0.00867302715778}, "spectral_energyband_middle_high": {"dmean": 0.00291649834253, "dmean2": 0.00456972746179, "dvar": 2.06659351534e-05, "dvar2": 5.13438171765e-05, "max": 0.0498863384128, "mean": 0.00491314893588, "median": 0.00329212029465, "min": 1.61879861819e-21, "var": 3.21103761962e-05}, "spectral_energyband_middle_low": {"dmean": 0.00528023904189, "dmean2": 0.00808115396649, "dvar": 5.12059086759e-05, "dvar2": 0.000114089962153, "max": 0.141653954983, "mean": 0.00968781486154, "median": 0.00494777504355, "min": 3.47486665427e-22, "var": 0.000159387316671}, "spectral_entropy": {"dmean": 0.183545306325, "dmean2": 0.283331513405, "dvar": 0.0719815865159, "dvar2": 0.16290782392, "max": 9.78398895264, "mean": 7.77504587173, "median": 7.88759374619, "min": 4.85941076279, "var": 0.152664095163}, "spectral_flux": {"dmean": 0.0533056929708, "dmean2": 0.0850606560707, "dvar": 0.00389074510895, "dvar2": 0.00994385406375, "max": 0.563508629799, "mean": 0.143137827516, "median": 0.125085294247, "min": 1.0419945462e-10, "var": 0.0089289676398}, "spectral_kurtosis": {"dmean": 3.06864094734, "dmean2": 4.71762228012, "dvar": 18.614982605, "dvar2": 43.67552948, "max": 78.6999511719, "mean": 12.6310281754, "median": 11.3631296158, "min": -1.22862541676, "var": 44.1055793762}, "spectral_rms": {"dmean": 0.00212798081338, "dmean2": 0.00270852027461, "dvar": 5.35426397619e-06, "dvar2": 9.35834214033e-06, "max": 0.0220020674169, "mean": 0.0067677879706, "median": 0.00617706449702, "min": 3.25464416702e-12, "var": 2.26888769248e-05}, "spectral_rolloff": {"dmean": 3568.08618164, "dmean2": 6526.75292969, "dvar": 41653720, "dvar2": 91038472, "max": 22050, "mean": 10003.8818359, "median": 4694.23828125, "min": 21.533203125, "var": 93763328}, "spectral_skewness": {"dmean": 0.295306742191, "dmean2": 0.447520583868, "dvar": 0.144439399242, "dvar2": 0.307400614023, "max": 7.51138162613, "mean": 2.19954562187, "median": 2.09893012047, "min": 0.00387215102091, "var": 0.415027529001}, "spectral_spread": {"dmean": 573057.1875, "dmean2": 890875.375, "dvar": 636519317504, "dvar2": 1482454597630.0, "max": 41737100, "mean": 4371904, "median": 4332480, "min": 1469257.25, "var": 1321577480190.0}, "spectral_strongpeak": {"dmean": 7.1622428894, "dmean2": 12.7242088318, "dvar": 416.566772461, "dvar2": 1047.83483887, "max": 282.753936768, "mean