{"lowlevel": {"average_loudness": 0.862008690834, "barkbands": {"dmean": [0.00127894862089, 0.00718114199117, 0.00203432422131, 0.0013968013227, 0.00191320304293, 0.00118185917381, 0.00103570253123, 0.000811522477306, 0.00226784381084, 0.00102713436354, 0.00110414205119, 0.00114017073065, 0.000790129997768, 0.000386650877772, 0.000304470042465, 0.000256422063103, 0.000157365269843, 0.000116299001093, 5.97628459218e-05, 4.42555683549e-05, 1.56916066771e-05, 4.27468648923e-06, 2.84228394776e-06, 2.28550652537e-06, 2.20401011575e-06, 2.63840775006e-06, 0.000116762224934], "dmean2": [0.00217207358219, 0.0120813315734, 0.00351730873808, 0.00231514568441, 0.00316202896647, 0.00190110015683, 0.00167915713973, 0.00131617079023, 0.00349422404543, 0.00166965159588, 0.00180387136061, 0.00185349339154, 0.0012807380408, 0.000645636231638, 0.000499147339724, 0.000420742668211, 0.000252582569374, 0.000186263248906, 9.42336118896e-05, 6.93495967425e-05, 2.32847833104e-05, 6.79961749483e-06, 4.64943741463e-06, 3.81733025279e-06, 3.67156053471e-06, 4.29057445217e-06, 0.000171856605448], "dvar": [3.33989601131e-06, 0.000100754165032, 7.28649774828e-06, 6.42311988486e-06, 8.7546359282e-06, 9.53214748733e-06, 5.10475638293e-06, 3.42830571753e-06, 2.36275809584e-05, 4.27382155976e-06, 5.18224351254e-06, 4.8060046538e-06, 1.83187103175e-06, 2.35962687611e-07, 2.7181621931e-07, 1.79341640205e-07, 1.28300811753e-07, 1.44061488072e-07, 2.99948048621e-08, 1.25517090055e-08, 9.14027253884e-09, 2.14735562665e-10, 7.03958349946e-11, 1.41958016522e-11, 1.30884096963e-11, 1.83061760195e-11, 2.8366740068e-08], "dvar2": [8.5903911895e-06, 0.000261258130195, 2.06452186831e-05, 1.49545812747e-05, 2.10663256439e-05, 2.19602752622e-05, 1.16032306323e-05, 8.23403024697e-06, 5.52959063498e-05, 1.033746139e-05, 1.25568867588e-05, 1.247608634e-05, 3.89581555282e-06, 6.21804076673e-07, 6.87746648964e-07, 4.55200080296e-07, 2.91300892741e-07, 3.49416609424e-07, 6.11908390624e-08, 2.2220138618e-08, 1.43432483668e-08, 3.39396594162e-10, 1.53099380396e-10, 3.56790950951e-11, 3.28461008392e-11, 4.30675495267e-11, 5.75027883087e-08], "max": [0.0297370813787, 0.125088751316, 0.0398747399449, 0.0836800336838, 0.0847512930632, 0.0794578269124, 0.0794086903334, 0.0484812147915, 0.10868190974, 0.0532903000712, 0.0655570626259, 0.0737476870418, 0.0881676748395, 0.0101033113897, 0.012971601449, 0.00927557609975, 0.0217430908233, 0.0215048752725, 0.00807858724147, 0.00588003732264, 0.00754466000944, 0.000940507336054, 0.000583035056479, 5.56219674763e-05, 5.35832405149e-05, 0.000140662275953, 0.00519946124405], "mean": [0.00151185400318, 0.00975300278515, 0.00258867931552, 0.00192977511324, 0.00307848746888, 0.00169582141098, 0.00166070461273, 0.00114066153765, 0.00379120814614, 0.00165489153005, 0.00173437281046, 0.00186839501839, 0.00136909622233, 0.000719912350178, 0.000585261848755, 0.000495871820021, 0.00030833677738, 0.000227988333791, 0.000126286497107, 0.000108837157313, 3.03162778437e-05, 6.08619347986e-06, 3.30578814101e-06, 2.47412458521e-06, 2.22373137149e-06, 3.28712258124e-06, 0.000345471780747], "median": [0.0008154703537, 0.00601257476956, 0.00153237592895, 0.000840855995193, 0.0017568662297, 0.000705082609784, 0.000764722353779, 0.000543105357792, 0.00141645933036, 0.000876886479091, 0.000902595929801, 0.00102100300137, 0.000826832721941, 0.000541115412489, 0.000402528996347, 0.000334627053235, 0.000210413971217, 0.000155284986249, 8.86879570317e-05, 8.06831158116e-05, 1.7386435502e-05, 3.17866033583e-06, 1.50960818246e-06, 1.11061160624e-06, 8.93762205578e-07, 1.79979519999e-06, 0.000243183836574], "min": [2.12266278225e-24, 4.84526927128e-24, 2.65118026165e-24, 2.40661129293e-24, 2.34027704437e-23, 9.70447219272e-24, 1.03881203524e-23, 1.49899317656e-23, 2.22845648437e-23, 3.6271966417e-23, 1.48965527225e-23, 2.95509283025e-23, 5.00477876069e-23, 5.39455777386e-23, 6.77650892009e-23, 7.66199771313e-23, 7.81779963518e-23, 1.70239629091e-22, 1.81542756307e-22, 2.05380984282e-22, 2.39026015485e-22, 4.37232404497e-22, 4.36589653253e-22, 7.33264008105e-22, 1.00566492358e-21, 1.36743880663e-21, 2.09566470723e-21], "var": [3.92614811062e-06, 0.000133051798912, 1.00871402537e-05, 1.51344129335e-05, 1.99211481231e-05, 1.96211676666e-05, 1.53776727529e-05, 5.07822778673e-06, 5.52923738724e-05, 8.56218139234e-06, 9.46618729358e-06, 8.55752296047e-06, 4.65977154818e-06, 4.66646866926e-07, 5.36014738373e-07, 3.64549379128e-07, 2.60045112555e-07, 2.59367226363e-07, 6.2637695919e-08, 3.03197644769e-08, 1.79202501727e-08, 4.15318196501e-10, 8.67262719972e-11, 1.50359238948e-11, 1.38108535025e-11, 2.35849395569e-11, 1.01188895485e-07]}, "barkbands_crest": {"dmean": 2.92877864838, "dmean2": 4.86546516418, "dvar": 6.37480401993, "dvar2": 16.8563404083, "max": 26.2688083649, "mean": 9.31744003296, "median": 8.56121444702, "min": 2.46105623245, "var": 15.5709981918}, "barkbands_flatness_db": {"dmean": 0.0220454614609, "dmean2": 0.0357552282512, "dvar": 0.000322824227624, "dvar2": 0.000846455048304, "max": 0.362137466669, "mean": 0.137208789587, "median": 0.134052559733, "min": 0.051018293947, "var": 0.00102288788185}, "barkbands_kurtosis": {"dmean": 2.25356221199, "dmean2": 3.70897841454, "dvar": 22.2198944092, "dvar2": 51.2614898682, "max": 225.521469116, "mean": 3.75488758087, "median": 2.23906230927, "min": -1.60220885277, "var": 66.4514541626}, "barkbands_skewness": {"dmean": 0.465847909451, "dmean2": 0.755045294762, "dvar": 0.198792383075, "dvar2": 0.493655204773, "max": 12.9071683884, "mean": 1.34530520439, "median": 1.20441067219, "min": -3.64988160133, "var": 0.83584856987}, "barkbands_spread": {"dmean": 4.75542354584, "dmean2": 7.63321971893, "dvar": 18.2178878784, "dvar2": 45.4836578369, "max": 99.9472808838, "mean": 21.7748222351, "median": 21.6557617188, "min": 0.772984564304, "var": 63.6148910522}, "dissonance": {"dmean": 0.0182193592191, "dmean2": 0.0313510671258, "dvar": 0.000312452699291, "dvar2": 0.000874055200256, "max": 0.500000119209, "mean": 0.4727435112, "median": 0.478546082973, "min": 0.235073909163, "var": 0.000484808027977}, "dynamic_complexity": 2.66302847862, "erbbands": {"dmean": [0.24377925694, 1.55552959442, 2.74101209641, 3.004093647, 7.19087982178, 5.56821966171, 6.54812479019, 10.6767616272, 12.6702165604, 17.698846817, 23.2959651947, 56.6015472412, 28.0184936523, 38.6808776855, 40.3336486816, 44.5691184998, 36.5783576965, 18.6308345795, 18.6827926636, 12.952627182, 12.7763357162, 8.49569320679, 6.78640174866, 3.49519443512, 2.3802344799, 1.96689069271, 1.09501719475, 0.389172911644, 0.163950279355, 0.109948888421, 0.0759951397777, 0.0519832931459, 0.0362420082092, 0.0246464200318, 0.0157047789544, 0.00912005733699, 0.00500009767711, 0.00331750535406, 0.00466695753857, 0.00479225348681], "dmean2": [0.412538737059, 2.65422487259, 4.70234632492, 4.97895622253, 11.8031301498, 9.32232189178, 11.1280536652, 17.3126678467, 20.0687828064, 29.0011501312, 36.8502426147, 87.0468978882, 44.7268447876, 62.3845901489, 65.349899292, 72.3790206909, 59.0444602966, 30.7055778503, 30.8605957031, 20.9173488617, 20.6852970123, 13.6089811325, 10.9731807709, 5.37650251389, 3.7139749527, 3.04934310913, 1.67919743061, 0.585991978645, 0.258307158947, 0.177971050143, 0.124677091837, 0.0865762010217, 0.0605394653976, 0.0411247424781, 0.0261109620333, 0.0150574073195, 0.00811576191336, 0.00502843223512, 0.00675702514127, 0.00704371230677], "dvar": [0.128579050303, 4.70316410065, 12.669054985, 28.0093517303, 155.706695557, 81.3268814087, 182.066299438, 933.898925781, 1170.8145752, 1159.65161133, 2855.5769043, 16254.6015625, 4146.69482422, 6715.54541016, 6088.97363281, 7604.39599609, 3793.96557617, 581.984313965, 706.065124512, 672.581115723, 426.077270508, 448.2605896, 533.692749023, 114.693870544, 45.9179954529, 23.1344203949, 29.5745697021, 6.00006055832, 0.358330756426, 0.164629250765, 0.0281509999186, 0.00718333292753, 0.00364126032218, 0.00166650570463, 0.000652981863823, 0.000207351738936, 5.94573757553e-05, 0.000195844855625, 0.000308550865157, 3.50476693711e-05], "dvar2": [0.333441227674, 12.3149957657, 35.3885307312, 68.7436294556, 364.529937744, 214.228622437, 458.098327637, 2164.56201172, 2515.8269043, 2891.33349609, 7080.83496094, 36727.1953125, 9878.65429688, 15943.7451172, 14812.703125, 19634.1503906, 8233.953125, 1535.93188477, 1827.97827148, 1696.89831543, 1027.46813965, 1061.86352539, 1395.42785645, 178.370956421, 89.2822113037, 39.4227790833, 47.1084785461, 11.067070961, 0.553758740425, 0.303792744875, 0.0615031309426, 0.0178807303309, 0.00916985236108, 0.00418747169897, 0.00163667439483, 0.000517880369443, 0.000140461896081, 0.000312211544951, 0.000451363535831, 7.33008200768e-05], "max": [4.95346069336, 31.1611194611, 57.9274253845, 149.244598389, 380.307617188, 221.016555786, 353.736755371, 915.234436035, 1380.14013672, 1167.79943848, 1220.87121582, 3068.10522461, 2671.06494141, 2406.65478516, 2291.08959961, 2916.37817383, 3729.29492188, 603.055480957, 627.350341797, 644.164489746, 598.855529785, 1346.07568359, 1309.31420898, 524.603942871, 338.778533936, 263.094055176, 430.188720703, 196.074691772, 38.3232688904, 32.6520423889, 7.70568752289, 1.23445510864, 0.911656320095, 0.605519294739, 0.377505987883, 0.211250066757, 0.200810983777, 0.973069965839, 1.39007651806, 0.122564390302], "mean": [0.29866784811, 2.03618741035, 3.71973371506, 4.51408481598, 10.976477623, 8.35324954987, 8.4202337265, 15.430688858, 20.6016902924, 27.2748699188, 38.4028129578, 92.9814224243, 48.4605407715, 68.1201782227, 70.8747253418, 77.497177124, 67.0620803833, 37.870929718, 38.2040100098, 26.9719142914, 25.9984169006, 18.0666408539, 13.6775350571, 7.72921848297, 5.76543045044, 4.89003515244, 2.32710623741, 0.731975495815, 0.247314363718, 0.138357281685, 0.0877413451672, 0.0577138587832, 0.0383497178555, 0.0248295199126, 0.0160630010068, 0.0100307418033, 0.0064970147796, 0.00633044028655, 0.0153017174453, 0.0181973446161], "median": [0.168589159846, 1.197021842, 2.27513337135, 2.44294095039, 5.26280593872, 4.77601766586, 4.3536567688, 6.22203922272, 8.67643642426, 13.9658050537, 18.1730308533, 33.3773460388, 25.0290660858, 38.1846008301, 39.4038696289, 45.2963409424, 41.8326187134, 28.2426776886, 28.6515541077, 18.5092983246, 18.089471817, 12.7552976608, 9.45155334473, 5.40553283691, 4.21683502197, 3.62880516052, 1.489782691, 0.424993097782, 0.133848428726, 0.06611135602, 0.0400735102594, 0.0266034975648, 0.0165504366159, 0.00988908857107, 0.00670052226633, 0.00471988553181, 0.00371519080363, 0.0042414763011, 0.0121542261913, 0.0143019435927], "min": [1.32015910354e-22, 8.22556246818e-22, 2.22048012244e-21, 1.31524908181e-20, 1.76453247385e-20, 8.10416892711e-20, 5.29803592409e-20, 9.64426872152e-20, 1.88287930435e-19, 2.48595200279e-19, 3.1555526407e-19, 6.59471449418e-19, 1.02271070312e-18, 1.1909597567e-18, 1.02492568601e-18, 1.55458463167e-18, 2.44467377737e-18, 2.62338594192e-18, 2.92687003006e-18, 4.22555124319e-18, 3.40874264834e-18, 4.51406522341e-18, 9.73890772202e-18, 8.80798377141e-18, 9.18106125282e-18, 9.71393679369e-18, 1.0182068908e-17, 1.02701140124e-17, 1.46645523756e-17, 1.44635855371e-17, 1.13716737429e-17, 1.29877522221e-17, 1.16231540199e-17, 1.13756615806e-17, 7.45841626815e-18, 4.96485011952e-18, 2.3218633058e-18, 1.08295685207e-18, 2.60250717948e-19, 3.25735550352e-20], "var": [0.147187128663, 6.70809459686, 20.5465812683, 58.5704612732, 374.197570801, 158.109695435, 229.534591675, 1910.29711914, 3463.32641602, 2296.16845703, 4765.15087891, 36843.4140625, 7498.62548828, 15564.5566406, 11916.6435547, 13179.4794922, 9300.65722656, 1246.74621582, 1471.00390625, 1319.1229248, 931.071655273, 861.013061523, 852.752929688, 304.514648438, 104.299697876, 59.7558555603, 61.3077354431, 10.0198488235, 0.714115738869, 0.246832326055, 0.0380229763687, 0.0079202465713, 0.00380875519477, 0.00174486159813, 0.000695397844538, 0.000228500168305, 7.81765193096e-05, 0.000360003905371, 0.000726138416212, 0.000206216194783]}, "erbbands_crest": {"dmean": 2.6598572731, "dmean2": 4.36687326431, "dvar": 6.00301933289, "dvar2": 14.8143968582, "max": 32.1612129211, "mean": 8.83414077759, "median": 7.80736351013, "min": 2.09562826157, "var": 15.7653436661}, "erbbands_flatness_db": {"dmean": 0.0218594186008, "dmean2": 0.0346410535276, "dvar": 0.000319383543683, "dvar2": 0.000801975140348, "max": 0.449775189161, "mean": 0.180209890008, "median": 0.177831664681, "min": 0.0379270352423, "var": 0.0012678259518}, "erbbands_kurtosis": {"dmean": 0.912403702736, "dmean2": 1.48186600208, "dvar": 3.06804871559, "dvar2": 7.81184720993, "max": 94.3037872314, "mean": 0.878657817841, "median": 0.435811519623, "min": -1.67315411568, "var": 10.6882572174}, "erbbands_skewness": {"dmean": 0.337184369564, "dmean2": 0.53456890583, "dvar": 0.0884938389063, "dvar2": 0.222479984164, "max": 5.01334428787, "mean": 0.0131640005857, "median": -0.0460136681795, "min": -2.66022896767, "var": 0.328024685383}, "erbbands_spread": {"dmean": 4.51763391495, "dmean2": 7.15657663345, "dvar": 16.3373088837, "dvar2": 41.6030006409, "max": 80.2919235229, "mean": 21.3141593933, "median": 19.7950134277, "min": 0.512446224689, "var": 82.6965408325}, "gfcc": {"cov": [[10608.0605469, 904.984375, -296.356964111, -46.4974479675, 315.589416504, -117.078598022, 58.2959289551, 30.9423980713, 38.1464653015, -77.9278182983, 7.68742990494, -183.461029053, 81.394744873], [904.984375, 511.655029297, -51.2958030701, -35.4160575867, 143.599746704, -133.340805054, 102.908546448, -55.2668762207, 40.5552825928, -31.23777771, 18.9029846191, -44.5588569641, 21.9532585144], [-296.356964111, -51.2958030701, 276.391052246, 133.00038147, -40.9586601257, 96.3667221069, -87.8115463257, 43.7954521179, -39.3664512634, 18.4402313232, -20.0978126526, 1.91249024868, -11.1034545898], [-46.4974479675, -35.4160575867, 133.00038147, 230.399139404, 63.0597877502, 2.24760603905, -18.7480487823, -13.8931446075, -20.8978710175, 5.20117282867, -16.7252979279, 2.58063077927, -2.97244715691], [315.589416504, 143.599746704, -40.9586601257, 63.0597877502, 190.984863281, -46.5863838196, 76.7027359009, -42.5292243958, 5.87656593323, -20.6812610626, 14.089922905, -24.3202800751, 18.6885814667], [-117.078598022, -133.340805054, 96.3667221069, 2.24760603905, -46.5863838196, 187.32623291, -43.3944129944, 55.6568374634, -22.4331531525, 11.491476059, -8.7970161438, 21.1001644135, -5.85343790054], [58.2959289551, 102.908546448, -87.8115463257, -18.7480487823, 76.7027359009, -43.3944129944, 143.368560791, -7.2910451889, 37.0388717651, -13.6866321564, 9.10246658325, -11.1721401215, 5.19568109512], [30.9423980713, -55.2668762207, 43.7954521179, -13.8931446075, -42.5292243958, 55.6568374634, -7.2910451889, 100.868766785, 24.0109329224, 16.5603313446, -10.9390821457, -7.96923208237, -1.74594807625], [38.1464653015, 40.5552825928, -39.3664512634, -20.8978710175, 5.87656593323, -22.4331531525, 37.0388717651, 24.0109329224, 79.3138275146, 31.2660217285, 12.9466562271, -0.338901042938, -5.81577920914], [-77.9278182983, -31.23777771, 18.4402313232, 5.20117282867, -20.6812610626, 11.491476059, -13.6866321564, 16.5603313446, 31.2660217285, 62.4839096069, 27.4208393097, 9.92464256287, -5.8623714447], [7.68742990494, 18.9029846191, -20.0978126526, -16.7252979279, 14.089922905, -8.7970161438, 9.10246658325, -10.9390821457, 12.9466562271, 27.4208393097, 57.923915863, 29.2963237762, 6.34811353683], [-183.461029053, -44.5588569641, 1.91249024868, 2.58063077927, -24.3202800751, 21.1001644135, -11.1721401215, -7.96923208237, -0.338901042938, 9.92464256287, 29.2963237762, 67.453414917, 16.4022521973], [81.394744873, 21.9532585144, -11.1034545898, -2.97244715691, 18.6885814667, -5.85343790054, 5.19568109512, -1.74594807625, -5.81577920914, -5.8623714447, 6.34811353683, 16.4022521973, 43.3512535095]], "icov": [[0.00014359196939, -0.000396898947656, 0.000542036665138, -0.000372561626136, 9.01565872482e-05, -0.000302962987917, 0.000376996671548, -0.000361801125109, 0.000148626291775, 7.3573566624e-05, -0.000267443654593, 0.000425736245234, -0.000186883597053], [-0.000396898947656, 0.00532428501174, -0.00457633053884, 0.0035434095189, -0.00247300928459, 0.00303509412333, -0.00224227528088, 0.00303156673908, -0.00362730002962, 0.00251143123023, -0.000967246713117, 0.000944573956076, -0.00137620232999], [0.000542036665138, -0.00457633053884, 0.0131842428818, -0.00871885661036, 0.00373576954007, -0.00553198764101, 0.00477953953668, -0.00540115917102, 0.00507976207882, -0.00231406837702, -0.00139595521614, 0.002476233989, 0.000567064562347], [-0.000372561626136, 0.0035434095189, -0.00871885661036, 0.0126592619345, -0.00774162262678, 0.0049744467251, -0.00170533021446, 0.00247138808481, -0.000262362038484, -0.00363893527538, 0.0078004328534, -0.00676856376231, 0.00274434010498], [9.01565872482e-05, -0.00247300928459, 0.00373576954007, -0.00774162262678, 0.0146898208186, -0.00391467567533, -0.00332848425023, 0.00317591242492, -0.00146966136526, 0.0051831533201, -0.00976327806711, 0.0102647002786, -0.00677568046376], [-0.000302962987917, 0.00303509412333, -0.00553198764101, 0.0049744467251, -0.00391467567533, 0.0113799963146, -0.00125644460786, -0.00345426239073, 0.00269091594964, -0.00226848316379, 0.00432768883184, -0.00674134260044, 0.00316281686537], [0.000376996671548, -0.00224227528088, 0.00477953953668, -0.00170533021446, -0.00332848425023, -0.00125644460786, 0.0138103999197, -0.00317374686711, -0.0038386983797, 0.00370015529916, -0.00152539880946, 0.000418452196755, 0.00106758403126], [-0.000361801125109, 0.00303156673908, -0.00540115917102, 0.00247138808481, 0.00317591242492, -0.00345426239073, -0.00317374686711, 0.0199015922844, -0.0102616334334, 0.00181853421964, -0.000288480485324, 0.0064553800039, -0.00625437824056], [0.000148626291775, -0.00362730002962, 0.00507976207882, -0.000262362038484, -0.00146966136526, 0.00269091594964, -0.0038386983797, -0.0102616334334, 0.0290422607213, -0.0181254670024, 0.00736507494003, -0.00745093543082, 0.00707026896998], [7.3573566624e-05, 0.00251143123023, -0.00231406837702, -0.00363893527538, 0.0051831533201, -0.00226848316379, 0.00370015529916, 0.00181853421964, -0.0181254670024, 0.0382809080184, -0.0237198285758, 0.0107840951532, -0.00302485702559], [-0.000267443654593, -0.000967246713117, -0.00139595521614, 0.0078004328534, -0.00976327806711, 0.00432768883184, -0.00152539880946, -0.000288480485324, 0.00736507494003, -0.0237198285758, 0.0434670932591, -0.0237241555005, 0.00652528787032], [0.000425736245234, 0.000944573956076, 0.002476233989, -0.00676856376231, 0.0102647002786, -0.00674134260044, 0.000418452196755, 0.0064553800039, -0.00745093543082, 0.0107840951532, -0.0237241555005, 0.0359873622656, -0.0159163214266], [-0.000186883597053, -0.00137620232999, 0.000567064562347, 0.00274434010498, -0.00677568046376, 0.00316281686537, 0.00106758403126, -0.00625437824056, 0.00707026896998, -0.00302485702559, 0.00652528787032, -0.0159163214266, 0.0330227687955]], "mean": [-4.04398202896, 123.478416443, -112.780731201, -17.0407276154, 1.4150159359, -17.5545539856, 5.18909740448, -7.90091514587, -6.39626598358, -8.90735244751, -0.478979706764, -12.274851799, -0.581463396549]}, "hfc": {"dmean": 32.6676712036, "dmean2": 50.5849342346, "dvar": 1011.02111816, "dvar2": 2345.78710938, "max": 666.15802002, "mean": 146.928497314, "median": 138.641433716, "min": 1.09810251255e-16, "var": 7185.08984375}, "melbands": {"dmean": [0.00204098573886, 0.00163135444745, 0.000625548476819, 0.000457454065327, 0.000225672178203, 0.000237461164943, 0.000196494627744, 0.000181573297596, 0.000245710398303, 0.000333614501869, 0.000140268122777, 0.000158468741574, 0.000152285792865, 0.000125574748381, 0.000106545456219, 7.06880309735e-05, 3.32885429088e-05, 3.4533048165e-05, 2.25836283789e-05, 1.77571509994e-05, 1.564201375e-05, 1.02303120002e-05, 7.54425673222e-06, 5.14612565894e-06, 2.98044210467e-06, 2.22416929319e-06, 1.89202967249e-06, 1.2807109897e-06, 9.09549441985e-07, 4.08745194136e-07, 1.84331398145e-07, 9.89934676454e-08, 6.94365809295e-08, 5.87583386391e-08, 4.53083899288e-08, 3.65164360971e-08, 3.00304314749e-08, 2.58579433421e-08, 2.26335288289e-08, 2.01535765854e-08], "dmean2": [0.00344442180358, 0.00276594632305, 0.0010289849015, 0.000753659638576, 0.000381911144359, 0.000381657067919, 0.00031153819873, 0.00029762860504, 0.000384510436561, 0.000514717365149, 0.000225464056712, 0.000255875755101, 0.000248122349149, 0.000205103497137, 0.000171481748112, 0.000115723421914, 5.53712670808e-05, 5.75684171054e-05, 3.67921711586e-05, 2.9181375794e-05, 2.54758379015e-05, 1.66930603882e-05, 1.23013851407e-05, 8.33175636217e-06, 4.67340350951e-06, 3.54456551577e-06, 3.03807519231e-06, 2.00271620088e-06, 1.44986063333e-06, 6.15875251242e-07, 2.87835291601e-07, 1.57717863658e-07, 1.11330237473e-07, 9.52690939471e-08, 7.43077990251e-08, 6.05397332265e-08, 5.01655605945e-08, 4.32244036119e-08, 3.780316149e-08, 3.3618764661e-08], "dvar": [8.55697180668e-06, 4.50665766039e-06, 9.96897028926e-07, 5.32765170647e-07, 1.70681005329e-07, 4.32316056731e-07, 2.52584641203e-07, 1.1491641061e-07, 2.93509941685e-07, 5.29567728336e-07, 1.03562420861e-07, 1.11011217996e-07, 9.44535969438e-08, 6.95343160828e-08, 3.94301480355e-08, 1.1587890647e-08, 1.92643367924e-09, 2.32733921024e-09, 1.56490997938e-09, 1.17457699123e-09, 6.80329070857e-10, 4.92439644617e-10, 6.65672406086e-10, 3.34267336033e-10, 7.70349409263e-11, 3.99162057574e-11, 1.98760088249e-11, 1.00206440368e-11, 1.6309387868e-11, 6.21389528374e-12, 1.33000262279e-12, 1.3944115231e-13, 3.59301415118e-14, 6.81856982443e-14, 1.06610141722e-14, 3.86179938939e-15, 2.41250865246e-15, 1.85714324202e-15, 1.42083117105e-15, 1.10893066411e-15], "dvar2": [2.21969821723e-05, 1.19702581287e-05, 2.40582653532e-06, 1.28209592276e-06, 4.33277733691e-07, 9.91187107502e-07, 5.46572039184e-07, 2.85616351903e-07, 7.40209031846e-07, 1.19913045182e-06, 2.47237892381e-07, 2.63421355839e-07, 2.30005625212e-07, 1.87705850863e-07, 8.74127010775e-08, 2.85011374501e-08, 5.10708275669e-09, 6.17289552807e-09, 3.96469257424e-09, 3.06967495867e-09, 1.6570822492e-09, 1.16722453924e-09, 1.68028169156e-09, 8.58489335176e-10, 1.27675384154e-10, 8.8667351239e-11, 3.73883771165e-11, 1.70602785371e-11, 2.75304379987e-11, 1.06041729217e-11, 2.84140267738e-12, 2.24641648599e-13, 5.88500195841e-14, 1.41607130752e-13, 2.33113495954e-14, 9.32458506974e-15, 6.05424041182e-15, 4.68081756894e-15, 3.57497921037e-15, 2.78530902837e-15], "max": [0.0356736332178, 0.0343194529414, 0.0277626831084, 0.0209585763514, 0.00959262344986, 0.0176422279328, 0.01903921552, 0.0112669700757, 0.0118631813675, 0.0186918117106, 0.0129046235234, 0.00918297003955, 0.00832588784397, 0.0109951095656, 0.00993364211172, 0.00393241550773, 0.00116977165453, 0.0010545111727, 0.000975292699877, 0.000814126979094, 0.000762194511481, 0.00136310909875, 0.0013607054716, 0.00104301609099, 0.000423987541581, 0.000285619054921, 0.000256570841884, 0.000198853405891, 0.000318538659485, 0.000163546865224, 9.30933601921e-05, 2.27022483159e-05, 1.56697424245e-05, 2.15620402741e-05, 5.31988325747e-06, 1.80658412319e-06, 7.27610370177e-07, 6.56995950976e-07, 5.58763474601e-07, 4.93855225159e-07], "mean": [0.00272581470199, 0.00231307954527, 0.00101592310239, 0.000735333422199, 0.000300315237837, 0.000348419416696, 0.000326677458361, 0.000279472296825, 0.000396598799853, 0.000551068747882, 0.000225483279792, 0.000268599018455, 0.00024759027292, 0.00020782390493, 0.000181759649422, 0.000124062993564, 6.20124628767e-05, 6.38096171315e-05, 4.26012884418e-05, 3.29716676788e-05, 2.95019999612e-05, 1.94729982468e-05, 1.42181615956e-05, 9.77887157205e-06, 5.8908885876e-06, 4.54011978945e-06, 4.14197529608e-06, 2.99414386973e-06, 1.75874026809e-06, 7.20387561159e-07, 3.08761030965e-07, 1.4288347927e-07, 9.00399399484e-08, 7.00566005207e-08, 5.17185263504e-08, 4.11261176225e-08, 3.27538458578e-08, 2.74441944725e-08, 2.30732908335e-08, 2.01498320251e-08], "median": [0.00167811464053, 0.00143441429827, 0.000559664156754, 0.000405744387535, 0.000158668801305, 0.000142907229019, 0.000141612545121, 0.000144566569361, 0.000163570832228, 0.000201323855435, 0.000109213913674, 0.000146475082147, 0.000132179106004, 0.000111106892291, 0.000103163547465, 8.0915975559e-05, 4.50695879408e-05, 4.6475452109e-05, 2.86969152512e-05, 2.09104637179e-05, 1.99068635993e-05, 1.33472858579e-05, 9.48808610701e-06, 6.57038981444e-06, 3.96584118789e-06, 3.16818318424e-06, 3.00576039081e-06, 2.19618459596e-06, 1.10808139198e-06, 3.97169657163e-07, 1.74896101157e-07, 7.59587877042e-08, 4.44421708323e-08, 3.18412141098e-08, 2.32179164783e-08, 1.91202840227e-08, 1.49044510067e-08, 1.19852074931e-08, 9.38266975226e-09, 7.92278154194e-09], "min": [1.31111443461e-24, 1.21609278592e-24, 3.35446731081e-24, 3.55533772412e-24, 2.0844452324e-24, 2.36180103529e-24, 2.40537810612e-24, 3.14037479987e-24, 1.86606092371e-24, 3.71581569807e-24, 4.67765210613e-24, 4.37332495169e-24, 2.64167764319e-24, 4.20806174749e-24, 4.23825382091e-24, 5.03781246887e-24, 4.18877685937e-24, 4.04117033438e-24, 4.17469017018e-24, 7.45080702703e-24, 3.1640234693e-24, 3.98001665371e-24, 7.12432589735e-24, 8.24209920156e-24, 6.8500531601e-24, 5.31277467055e-24, 7.59887779666e-24, 5.29260625822e-24, 5.90378255542e-24, 4.45759265131e-24, 6.41507801798e-24, 6.47432147196e-24, 7.69322950523e-24, 7.7091992054e-24, 6.18279634671e-24, 5.5536758305e-24, 7.19712592599e-24, 7.52732811256e-24, 7.86097998787e-24, 8.46073515689e-24], "var": [1.01849718703e-05, 7.83696395956e-06, 2.45927913056e-06, 1.22587482565e-06, 2.3322978393e-07, 9.26337008877e-07, 7.79021377184e-07, 2.19727880335e-07, 5.60217927159e-07, 1.2001731875e-06, 1.84993481867e-07, 2.54491681062e-07, 1.6554461979e-07, 1.21865170399e-07, 8.83749677882e-08, 2.30884751318e-08, 3.69039820924e-09, 4.37513358875e-09, 2.96019186941e-09, 2.16787499063e-09, 1.34338040692e-09, 9.34116672902e-10, 1.02647812472e-09, 5.22407506143e-10, 1.9014186059e-10, 7.68521149497e-11, 4.27959369331e-11, 2.46450897884e-11, 3.25452512162e-11, 1.0990328439e-11, 1.8635531486e-12, 2.60942119691e-13, 6.97011486072e-14, 8.37624511852e-14, 1.45235606446e-14, 4.58109256841e-15, 2.57770887629e-15, 1.93823923518e-15, 1.48191272858e-15, 1.16257950752e-15]}, "melbands_crest": {"dmean": 3.78990268707, "dmean2": 6.39656162262, "dvar": 9.93706226349, "dvar2": 27.0103435516, "max": 34.732963562, "mean": 13.3878726959, "median": 12.7465457916, "min": 1.80160999298, "var": 26.1037368774}, "melbands_flatness_db": {"dmean": 0.0290594100952, "dmean2": 0.0472644008696, "dvar": 0.000549817748833, "dvar2": 0.0014384817332, "max": 0.502858400345, "mean": 0.24804417789, "median": 0.245905578136, "min": 0.00376571435481, "var": 0.0019555457402}, "melbands_kurtosis": {"dmean": 3.39587688446, "dmean2": 5.57725000381, "dvar": 38.3752212524, "dvar2": 85.0565643311, "max": 305.784332275, "mean": 4.83978891373, "median": 1.88046360016, "min": -1.85987949371, "var": 130.989822388}, "melbands_skewness": {"dmean": 0.640654325485, "dmean2": 1.03157496452, "dvar": 0.330206513405, "dvar2": 0.828365206718, "max": 12.3108434677, "mean": 1.64000058174, "median": 1.46052825451, "min": -4.94905185699, "var": 1.65039396286}, "melbands_spread": {"dmean": 5.53610897064, "dmean2": 8.98740577698, "dvar": 26.1907558441, "dvar2": 61.8654060364, "max": 149.733657837, "mean": 21.895116806, "median": 21.5892467499, "min": 0.568558514118, "var": 97.1973571777}, "mfcc": {"cov": [[5134.66796875, 1221.78186035, -337.099761963, 133.736343384, 42.7058410645, -3.42985367775, 26.5511665344, 67.1760940552, 58.1148757935, 52.7803955078, -25.5820655823, 46.0965843201, 11.9073390961], [1221.78186035, 898.062805176, -264.884674072, 121.011749268, -22.6394348145, -10.2429790497, 49.9212837219, -2.09660434723, 28.5831298828, 33.7024383545, -17.4809494019, 34.6525039673, 0.98983502388], [-337.099761963, -264.884674072, 373.226287842, -46.7792854309, 68.169052124, 13.4675788879, -23.1881427765, 5.05317640305, -12.9358005524, -8.41110420227, 16.0460395813, -25.7898197174, 5.78152084351], [133.736343384, 121.011749268, -46.7792854309, 291.395965576, 47.932220459, 28.5985965729, 22.2080917358, -20.7992229462, 1.49316835403, 14.5783615112, -28.2841434479, -7.00995349884, -16.4399528503], [42.7058410645, -22.6394348145, 68.169052124, 47.932220459, 118.955459595, 37.2646980286, 19.3556156158, -0.505725264549, -5.55060338974, -3.71785664558, -8.50849246979, -11.6946611404, 2.67197608948], [-3.42985367775, -10.2429790497, 13.4675788879, 28.5985965729, 37.2646980286, 90.9571685791, 32.1171150208, 9.8134393692, -6.43653059006, -6.77442836761, -8.1304731369, -4.8123922348, 2.4942009449], [26.5511665344, 49.9212837219, -23.1881427765, 22.2080917358, 19.3556156158, 32.1171150208, 79.502243042, 24.2817726135, 7.4956240654, 0.35225301981, -12.7302112579, -2.86309790611, -1.01674318314], [67.1760940552, -2.09660434723, 5.05317640305, -20.7992229462, -0.505725264549, 9.8134393692, 24.2817726135, 66.5003433228, 28.5736236572, 1.52971708775, 0.626036584377, 0.0817541629076, 1.06513929367], [58.1148757935, 28.5831298828, -12.9358005524, 1.49316835403, -5.55060338974, -6.43653059006, 7.4956240654, 28.5736236572, 59.9743843079, 33.5849456787, 4.39814519882, 0.74326479435, -5.09906673431], [52.7803955078, 33.7024383545, -8.41110420227, 14.5783615112, -3.71785664558, -6.77442836761, 0.35225301981, 1.52971708775, 33.5849456787, 65.3955230713, 30.4353218079, 3.41465854645, -6.4838719368], [-25.5820655823, -17.4809494019, 16.0460395813, -28.2841434479, -8.50849246979, -8.1304731369, -12.7302112579, 0.626036584377, 4.39814519882, 30.4353218079, 60.7644958496, 27.5490646362, 0.982142746449], [46.0965843201, 34.6525039673, -25.7898197174, -7.00995349884, -11.6946611404, -4.8123922348, -2.86309790611, 0.0817541629076, 0.74326479435, 3.41465854645, 27.5490646362, 53.010848999, 23.3771820068], [11.9073390961, 0.98983502388, 5.78152084351, -16.4399528503, 2.67197608948, 2.4942009449, -1.01674318314, 1.06513929367, -5.09906673431, -6.4838719368, 0.982142746449, 23.3771820068, 45.5409202576]], "icov": [[0.000310817704303, -0.000437385227997, 5.33782367711e-05, 6.07243055128e-05, -0.000310495699523, -1.99632049771e-05, 0.000441820069682, -0.00057377392659, 0.000241375950282, -0.000268599658739, 0.000243918941123, -0.000123215999338, 3.27513553202e-05], [-0.000437385227997, 0.00217318651266, 0.000821872672532, -0.000424643163569, 0.000258915359154, 0.000421451899456, -0.00125818199012, 0.000847260467708, -0.000292079872452, -0.000595127406996, 0.000614027958363, -0.000992038403638, 0.000101874189568], [5.33782367711e-05, 0.000821872672532, 0.00422408664599, 0.000256444967818, -0.00241257506423, 0.000119363692647, 0.00103226967622, -0.000649185734801, -4.92056597068e-06, 0.000789158744738, -0.00261378102005, 0.0031117410399, -0.00173141155392], [6.07243055128e-05, -0.000424643163569, 0.000256444967818, 0.00481090694666, -0.00199980568141, -0.00092046422651, 0.000114684531582, 0.000973707064986, 0.00117955415044, -0.00341853010468, 0.00464731873944, -0.00304908142425, 0.0029553277418], [-0.000310495699523, 0.000258915359154, -0.00241257506423, -0.00199980568141, 0.0123981302604, -0.00326844188385, -0.00250344374217, 0.00175206002314, -0.000855585443787, 0.00127888249699, -0.0012739659287, 0.00250654877163, -0.00215827370994], [-1.99632049771e-05, 0.000421451899456, 0.000119363692647, -0.00092046422651, -0.00326844188385, 0.0147790070623, -0.00491952663288, -0.001649947837, 0.00230549951084, 0.000320230174111, -0.000471920327982, 0.000708714069333, -0.00109016359784], [0.000441820069682, -0.00125818199012, 0.00103226967622, 0.000114684531582, -0.00250344374217, -0.00491952663288, 0.0191303249449, -0.00817059166729, 0.00321226171218, -0.004122256767, 0.00561665743589, -0.00248181563802, 0.00178229890298], [-0.00057377392659, 0.000847260467708, -0.000649185734801, 0.000973707064986, 0.00175206002314, -0.001649947837, -0.00817059166729, 0.0266863498837, -0.0176855847239, 0.0111484341323, -0.00742293987423, 0.00402548676357, -0.00255271280184], [0.000241375950282, -0.000292079872452, -4.92056597068e-06, 0.00117955415044, -0.000855585443787, 0.00230549951084, 0.00321226171218, -0.0176855847239, 0.0387410372496, -0.0259889382869, 0.0160109419376, -0.00944412592798, 0.0059190900065], [-0.000268599658739, -0.000595127406996, 0.000789158744738, -0.00341853010468, 0.00127888249699, 0.000320230174111, -0.004122256767, 0.0111484341323, -0.0259889382869, 0.042056851089, -0.0293248724192, 0.0163292530924, -0.00636825570837], [0.000243918941123, 0.000614027958363, -0.00261378102005, 0.00464731873944, -0.0012739659287, -0.000471920327982, 0.00561665743589, -0.00742293987423, 0.0160109419376, -0.0293248724192, 0.0480033606291, -0.0311300139874, 0.0148940198123], [-0.000123215999338, -0.000992038403638, 0.0031117410399, -0.00304908142425, 0.00250654877163, 0.000708714069333, -0.00248181563802, 0.00402548676357, -0.00944412592798, 0.0163292530924, -0.0311300139874, 0.0470440126956, -0.0239873528481], [3.27513553202e-05, 0.000101874189568, -0.00173141155392, 0.0029553277418, -0.00215827370994, -0.00109016359784, 0.00178229890298, -0.00255271280184, 0.0059190900065, -0.00636825570837, 0.0148940198123, -0.0239873528481, 0.0352680943906]], "mean": [-662.66217041, 190.379501343, -45.4101028442, 22.0251598358, 3.89544057846, 5.98499727249, 15.772192955, 4.39283132553, 4.99504089355, 7.75738668442, -1.72824966908, 5.53780269623, 1.59303665161]}, "pitch_salience": {"dmean": 0.074314661324, "dmean2": 0.124424286187, "dvar": 0.00376077066176, "dvar2": 0.010308554396, "max": 0.922698199749, "mean": 0.58376544714, "median": 0.592627942562, "min": 0.118394128978, "var": 0.00996687542647}, "silence_rate_20dB": {"dmean": 0, "dmean2": 0, "dvar": 0, "dvar2": 0, "max": 1, "mean": 1, "median": 1, "min": 1, "var": 0}, "silence_rate_30dB": {"dmean": 0.0129680363461, "dmean2": 0.0259384419769, "dvar": 0.0127995656803, "dvar2": 0.0323881804943, "max": 1, "mean": 0.984019696712, "median": 1, "min": 0, "var": 0.0157268401235}, "silence_rate_60dB": {"dmean": 0.00164383556694, "dmean2": 0.00328797148541, "dvar": 0.0016410429962, "dvar2": 0.00419035367668, "max": 1, "mean": 0.0344260782003, "median": 0, "min": 0, "var": 0.0332407951355}, "spectral_centroid": {"dmean": 159.701629639, "dmean2": 251.267578125, "dvar": 29259.5410156, "dvar2": 60846.640625, "max": 11415.7626953, "mean": 1085.73266602, "median": 1061.39538574, "min": 191.967071533, "var": 210417.40625}, "spectral_complexity": {"dmean": 3.19598174095, "dmean2": 5.03498029709, "dvar": 8.19322681427, "dvar2": 17.8329753876, "max": 61, "mean": 23.7658653259, "median": 24, "min": 0, "var": 56.3985939026}, "spectral_contrast_coeffs": {"dmean": [0.0531846247613, 0.0496678464115, 0.0390236750245, 0.0283032301813, 0.0187995135784, 0.0364607870579], "dmean2": [0.0902190729976, 0.0832821726799, 0.0654177293181, 0.0479394607246, 0.0313331224024, 0.05862069875], "dvar": [0.00173909380101, 0.00155581976287, 0.000953392300289, 0.000484761636471, 0.000209866790101, 0.000968084787019], "dvar2": [0.00485506700352, 0.00436014728621, 0.00257864780724, 0.00138047267683, 0.000584769062698, 0.00248329946771], "max": [-0.398447692394, -0.458438277245, -0.549300551414, -0.629180312157, -0.663606464863, -0.480537623167], "mean": [-0.696004807949, -0.772003173828, -0.787531912327, -0.798187673092, -0.80401456356, -0.782350361347], "median": [-0.701843261719, -0.77987074852, -0.792047142982, -0.799484193325, -0.803601324558, -0.788851499557], "min": [-0.969465553761, -0.970804393291, -0.972519755363, -0.966453790665, -0.966546833515, -0.961870253086], "var": [0.00485561415553, 0.00427988311276, 0.00282380124554, 0.00119382678531, 0.00081095402129, 0.00236166152172]}, "spectral_contrast_valleys": {"dmean": [0.41776907444, 0.361989945173, 0.304395467043, 0.237004667521, 0.184453502297, 0.65036714077], "dmean2": [0.697395384312, 0.597256422043, 0.493610680103, 0.377398818731, 0.293084025383, 1.03455352783], "dvar": [0.115788549185, 0.0891127511859, 0.0689996108413, 0.0455200485885, 0.0399968959391, 0.27529489994], "dvar2": [0.306889712811, 0.226752519608, 0.165109068155, 0.103305868804, 0.0847837105393, 0.728321075439], "max": [-4.83186578751, -4.68628025055, -4.41984367371, -5.30260276794, -5.26691389084, -9.04329395294], "mean": [-6.79107666016, -6.343937397, -6.4266242981, -6.9517455101, -7.52907466888, -11.3233289719], "median": [-6.61489391327, -6.19065856934, -6.28226852417, -6.78973579407, -7.38994407654, -11.2437982559], "min": [-27.9459533691, -27.9938354492, -27.6127815247, -27.3986778259, -27.4582767487, -27.3465385437], "var": [1.66100895405, 1.43885171413, 1.42484271526, 1.41045355797, 1.25174260139, 1.31346476078]}, "spectral_decrease": {"dmean": 3.31777783025e-09, "dmean2": 5.32546451382e-09, "dvar": 1.44231893447e-17, "dvar2": 3.62504425739e-17, "max": 1.1745285855e-09, "mean": -7.69029462333e-09, "median": -6.25814067234e-09, "min": -4.34347882106e-08, "var": 3.35182583932e-17}, "spectral_energy": {"dmean": 0.0133333867416, "dmean2": 0.0210817847401, "dvar": 0.000223378519877, "dvar2": 0.000552176439669, "max": 0.191137701273, "mean": 0.0423517264426, "median": 0.0382616370916, "min": 1.00683115534e-20, "var": 0.000620982202236}, "spectral_energyband_high": {"dmean": 0.000108335421828, "dmean2": 0.000159639341291, "dvar": 6.76535023558e-08, "dvar2": 1.03508959626e-07, "max": 0.0187050662935, "mean": 0.000311378244078, "median": 0.000231309386436, "min": 7.17583785813e-21, "var": 1.77570797177e-07}, "spectral_energyband_low": {"dmean": 0.00915852561593, "dmean2": 0.0152218081057, "dvar": 0.000144493533298, "dvar2": 0.000369916058844, "max": 0.151234075427, "mean": 0.0143006416038, "median": 0.00979516468942, "min": 1.31849485947e-23, "var": 0.000214943414903}, "spectral_energyband_middle_high": {"dmean": 0.00289241503924, "dmean2": 0.0044187833555, "dvar": 1.9362758394e-05, "dvar2": 4.44821562269e-05, "max": 0.121075712144, "mean": 0.00893218349665, "median": 0.00672937324271, "min": 1.19428623607e-21, "var": 7.44815333746e-05}, "spectral_energyband_middle_low": {"dmean": 0.00564529746771, "dmean2": 0.00883622746915, "dvar": 5.61210981687e-05, "dvar2": 0.000133436595206, "max": 0.133262425661, "mean": 0.0137052405626, "median": 0.0101690115407, "min": 1.76721579242e-22, "var": 0.000169198072399}, "spectral_entropy": {"dmean": 0.122984878719, "dmean2": 0.196166738868, "dvar": 0.0120886554942, "dvar2": 0.0298809129745, "max": 9.81717681885, "mean": 7.42487049103, "median": 7.44521045685, "min": 5.69626998901, "var": 0.0519052930176}, "spectral_flux": {"dmean": 0.0240025427192, "dmean2": 0.0387858226895, "dvar": 0.000609161797911, "dvar2": 0.00145197205711, "max": 0.321433871984, "mean": 0.11405261606, "median": 0.112128376961, "min": 6.41641184629e-11, "var": 0.00193143507931}, "spectral_kurtosis": {"dmean": 5.15678405762, "dmean2": 8.19621753693, "dvar": 20.3430747986, "dvar2": 50.2358589172, "max": 64.2056884766, "mean": 25.4875926971, "median": 24.8807411194, "min": -1.26916790009, "var": 66.2049026489}, "spectral_rms": {"dmean": 0.000967139145359, "dmean2": 0.00150934129488, "dvar": 8.97109259768e-07, "dvar2": 2.1676430606e-06, "max": 0.0136556141078, "mean": 0.00610853545368, "median": 0.0061096996069, "min": 3.13412555457e-12, "var": 4.0044196794e-06}, "spectral_rolloff": {"dmean": 4617.65087891, "dmean2": 8930.74121094, "dvar": 59189200, "dvar2": 140919056, "max": 21963.8671875, "mean": 11555.6816406, "median": 18755.4199219, "min": 86.1328125, "var": 95506712}, "spectral_skewness": {"dmean": 0.311270087957, "dmean2": 0.486309528351, "dvar": 0.0729168877006, "dvar2": 0.172895222902, "max": 6.1755361557, "mean": 3.28634595871, "median": 3.27107954025, "min": -0.0606991164386, "var": 0.368129581213}, "spectral_spread": {"dmean": 376198.78125, "dmean2": 610430.25, "dvar": 198735724544, "dvar2": 458687217664, "max": 42757844, "mean": 2981952.5, "median": 2846128.75, "min": 1397678.25, "var": 198