{"lowlevel": {"average_loudness": 0.750119805336, "barkbands": {"dmean": [2.11320093513e-05, 0.000707509403583, 0.00190082460176, 0.00111754063983, 0.000579523853958, 0.00103824422695, 0.00120062939823, 0.000657433411106, 0.00102133711334, 0.00169784482569, 0.001035866444, 0.00032439280767, 0.000222385220695, 0.000153267741553, 8.36126637296e-05, 2.96142079605e-05, 2.38904467551e-05, 3.85699277103e-05, 7.49230457586e-05, 9.52717673499e-05, 0.000118724667118, 8.76159756444e-05, 0.000116316354251, 3.83890801459e-05, 2.95299541904e-05, 4.07293191529e-06, 1.82421700856e-07], "dmean2": [3.02189455397e-05, 0.00106703012716, 0.00294214696623, 0.00185762019828, 0.000925028522033, 0.00156629958656, 0.00179473881144, 0.000899817212485, 0.00159228069242, 0.00256158993579, 0.00160248961765, 0.000516581814736, 0.000354955438524, 0.000252544210525, 0.000132820438012, 4.85285272589e-05, 3.88068365282e-05, 6.36152690277e-05, 0.000120761767903, 0.000150601685164, 0.000183286436368, 0.000130605272716, 0.000167307181982, 5.2840438002e-05, 4.09059175581e-05, 5.63099865758e-06, 2.73319926691e-07], "dvar": [1.34812694341e-09, 1.87300031484e-06, 1.8186714442e-05, 7.24931260265e-06, 1.28228498397e-06, 4.50179095424e-06, 8.1796597442e-06, 4.78614902022e-06, 9.86023133009e-06, 1.98730704142e-05, 1.23319186969e-05, 1.08818449007e-06, 4.71745551067e-07, 2.7763545063e-07, 7.95070036474e-08, 7.21374160406e-09, 2.17533657754e-09, 6.27144780552e-09, 1.75064602814e-08, 2.95631696901e-08, 4.23624513246e-08, 3.27660387711e-08, 6.85395136202e-08, 1.30312374225e-08, 7.8331598985e-09, 3.28401056349e-10, 2.89509545894e-13], "dvar2": [2.47050491176e-09, 3.83869428333e-06, 4.73787440569e-05, 1.97043445951e-05, 3.43854048879e-06, 1.03507845779e-05, 1.89738784684e-05, 7.76550041337e-06, 2.53542293649e-05, 5.00596652273e-05, 2.96037469525e-05, 2.97375959235e-06, 1.21345317439e-06, 6.90546187343e-07, 1.97338934527e-07, 2.02144825323e-08, 5.63409496834e-09, 1.74552976517e-08, 4.5310521557e-08, 7.56305595928e-08, 9.80785515026e-08, 6.88347583377e-08, 1.33464624241e-07, 2.50037981431e-08, 1.71598166787e-08, 7.57806484231e-10, 6.39019165274e-13], "max": [0.000753645668738, 0.0376473404467, 0.0640921741724, 0.0600704178214, 0.0393848977983, 0.0544753447175, 0.073042832315, 0.0876423120499, 0.0809060931206, 0.100388593972, 0.0669088289142, 0.0345122925937, 0.0206065103412, 0.0209758672863, 0.00827382970601, 0.00237138778903, 0.000948630506173, 0.00183669489343, 0.00367046892643, 0.00414898945019, 0.00359265180305, 0.00359383528121, 0.00643115397543, 0.00413243379444, 0.00328277004883, 0.00081759999739, 1.62712403835e-05], "mean": [3.61812890333e-05, 0.00171406625304, 0.00384864327498, 0.00189342186786, 0.00122337404173, 0.00230178516358, 0.00257780845277, 0.00143776938785, 0.00175535923336, 0.0033545512706, 0.00168506253976, 0.000577241706196, 0.000376813404728, 0.000267968134722, 0.000154891487909, 5.35348553967e-05, 5.36780171387e-05, 8.81376836332e-05, 0.000203184550628, 0.000235356055782, 0.00033872530912, 0.000229412078625, 0.000294020486763, 9.91191045614e-05, 6.22324150754e-05, 7.68428071751e-06, 4.5806504545e-07], "median": [1.27733037516e-05, 0.000469527265523, 0.00116352783516, 0.000743795768358, 0.00063204090111, 0.000746819365304, 0.000728286860976, 0.000198451249162, 0.000297723629046, 0.000412694294937, 8.40130524011e-05, 7.98872424639e-05, 4.58726535726e-05, 3.50211230398e-05, 2.54063634202e-05, 1.25118340293e-05, 2.05878714041e-05, 3.86900355807e-05, 8.46855255077e-05, 0.000103766520624, 0.000141002121381, 6.56209231238e-05, 5.32711783308e-05, 2.0556315576e-05, 9.8916789284e-06, 1.20198751574e-06, 2.13537987293e-07], "min": [1.67364594066e-25, 6.56922025557e-24, 4.60065494305e-24, 4.11947700657e-24, 1.19340897226e-23, 1.21135863441e-23, 1.44651814914e-23, 1.83288959874e-23, 2.69191747267e-23, 3.88922499553e-23, 2.10040526902e-23, 4.03051408573e-23, 4.03164373454e-23, 3.82838046945e-23, 6.85524481149e-23, 7.27647507786e-23, 8.65624013275e-23, 8.92291298404e-23, 1.69222983022e-22, 1.92931433911e-22, 2.59046093569e-22, 3.35939534067e-22, 3.91257060826e-22, 5.90960417535e-22, 9.74505801344e-22, 1.42226426089e-21, 2.08941177918e-21], "var": [4.42452252614e-09, 8.49914704304e-06, 4.33092282037e-05, 1.2791088011e-05, 4.39067162006e-06, 2.03518065973e-05, 3.12414777e-05, 3.3521289879e-05, 2.12869908864e-05, 6.63200917188e-05, 2.71515145869e-05, 2.36790492636e-06, 9.10943015242e-07, 6.33482443391e-07, 2.14683197441e-07, 1.38637332725e-08, 7.02616897996e-09, 1.84710238216e-08, 8.50955501619e-08, 1.01354203252e-07, 2.11141667705e-07, 1.35816804914e-07, 3.09581849933e-07, 5.16058840105e-08, 1.93942852889e-08, 5.66520330647e-10, 6.71657499583e-13]}, "barkbands_crest": {"dmean": 2.40811252594, "dmean2": 3.86342144012, "dvar": 5.5378537178, "dvar2": 13.9913883209, "max": 25.1013374329, "mean": 11.0183515549, "median": 10.0023946762, "min": 2.45529866219, "var": 22.2451934814}, "barkbands_flatness_db": {"dmean": 0.0191153772175, "dmean2": 0.0288009326905, "dvar": 0.000401692057494, "dvar2": 0.000908128044102, "max": 0.439950555563, "mean": 0.162528634071, "median": 0.148572653532, "min": 0.0230963584036, "var": 0.0047346111387}, "barkbands_kurtosis": {"dmean": 4.25460481644, "dmean2": 6.43120622635, "dvar": 90.5701446533, "dvar2": 183.582977295, "max": 359.365966797, "mean": 9.84785652161, "median": 3.03631329536, "min": -1.89316880703, "var": 480.371673584}, "barkbands_skewness": {"dmean": 0.516346096992, "dmean2": 0.775178074837, "dvar": 0.388721108437, "dvar2": 0.832721054554, "max": 13.9881544113, "mean": 1.86794447899, "median": 1.47127366066, "min": -3.05240154266, "var": 3.13191604614}, "barkbands_spread": {"dmean": 4.57072067261, "dmean2": 7.00809860229, "dvar": 39.2400054932, "dvar2": 88.3489303589, "max": 103.003120422, "mean": 19.5229568481, "median": 16.2780475616, "min": 0.253792613745, "var": 235.468612671}, "dissonance": {"dmean": 0.0268597174436, "dmean2": 0.0452103614807, "dvar": 0.000660712248646, "dvar2": 0.00178388378117, "max": 0.5, "mean": 0.433934092522, "median": 0.444663643837, "min": 0.176399573684, "var": 0.00211609201506}, "dynamic_complexity": 5.19860029221, "erbbands": {"dmean": [0.0119332261384, 0.204927906394, 1.61377084255, 3.46390748024, 2.43852519989, 1.80997335911, 3.5830051899, 10.0472326279, 19.3732624054, 15.7385950089, 11.2458295822, 20.6221370697, 56.5685691833, 37.5071144104, 35.7002334595, 13.1251516342, 10.675201416, 7.99881410599, 4.67971372604, 3.12475609779, 1.05662691593, 1.19324624538, 1.87969982624, 2.68412613869, 4.13998126984, 4.85226154327, 3.91127753258, 5.06042528152, 2.83045196533, 4.603992939, 2.52058529854, 1.08951199055, 0.551711499691, 0.30867254734, 0.240237161517, 0.035611525178, 0.00483091268688, 0.000431970489444, 3.45752923749e-05, 9.24709183892e-06], "dmean2": [0.0188284050673, 0.308118969202, 2.51927423477, 5.5448513031, 4.01093387604, 2.8743057251, 5.55309009552, 15.1839361191, 28.9100093842, 22.0167942047, 15.744178772, 31.9183158875, 85.9763717651, 57.1966056824, 54.6788825989, 20.5711631775, 16.9141616821, 13.0812234879, 7.54029369354, 5.00764036179, 1.71833479404, 1.91427159309, 3.10452699661, 4.28098726273, 6.67243862152, 7.7004699707, 6.04543066025, 7.88557434082, 4.24431705475, 6.76159620285, 3.59522032738, 1.52929484844, 0.753566384315, 0.417204082012, 0.345888316631, 0.0477722585201, 0.00639830064029, 0.00060460815439, 4.90190468554e-05, 1.31383167172e-05], "dvar": [0.000379604694899, 0.162735000253, 11.6291980743, 69.5636367798, 26.9873466492, 19.1349391937, 76.6098022461, 447.510314941, 2024.05627441, 1965.39416504, 1805.34741211, 4510.03808594, 25095.7929688, 13551.6972656, 19571.2148438, 2011.40222168, 841.545288086, 872.315856934, 161.348007202, 60.5238456726, 5.44030952454, 5.43758296967, 17.7418518066, 23.902803421, 52.0795783997, 79.2528305054, 51.2753601074, 88.5190200806, 33.7274169922, 101.325027466, 38.7377281189, 8.99287509918, 2.97589802742, 0.901745319366, 0.53402453661, 0.0228675715625, 0.000353200215613, 2.73131809081e-06, 9.52561318712e-09, 1.58534074757e-10], "dvar2": [0.000928293331526, 0.332002639771, 30.4361076355, 190.631561279, 66.5700683594, 56.2363815308, 176.378921509, 1039.07531738, 4738.49609375, 3700.19604492, 3011.62524414, 12350.5136719, 62812.3515625, 32931.6484375, 46640.6054688, 5784.46533203, 2069.99975586, 2161.77734375, 427.387878418, 148.958877563, 14.5476045609, 13.1735229492, 49.4516296387, 59.8366165161, 138.244338989, 208.007125854, 121.7397995, 209.841064453, 72.3719100952, 209.852661133, 73.3369598389, 16.7897586823, 5.74524354935, 1.89200997353, 1.21921920776, 0.0539681985974, 0.000728240760509, 6.0494508034e-06, 2.00981862264e-08, 3.45024564474e-10], "max": [0.422485500574, 11.1826572418, 58.0283622742, 166.564285278, 134.989425659, 200.300064087, 234.793823242, 557.788757324, 1177.57910156, 1319.68041992, 2396.95507812, 2460.53564453, 3043.04052734, 2831.38720703, 3230.91796875, 1734.6842041, 658.505126953, 1235.03625488, 288.945617676, 193.38684082, 56.7322273254, 56.4102401733, 114.616523743, 137.294082642, 121.825157166, 214.710845947, 158.313018799, 151.799667358, 118.016029358, 211.577255249, 166.510955811, 79.8579101562, 64.5461883545, 35.3850631714, 24.2894134521, 7.19962501526, 0.67492890358, 0.0654026716948, 0.00290870922618, 0.000318125705235], "mean": [0.0253260489553, 0.501843392849, 3.39363765717, 6.63469314575, 4.4149107933, 3.79908895493, 7.43801021576, 21.7692508698, 43.6685600281, 33.4169502258, 25.3209877014, 38.4453315735, 115.474098206, 69.6085510254, 60.0389213562, 26.2429332733, 19.5753631592, 14.9452629089, 9.23986721039, 6.3252658844, 2.44066095352, 2.95501065254, 4.58422327042, 7.37076234818, 11.0438327789, 12.4225053787, 11.4684867859, 13.7827644348, 8.10796451569, 10.9470033646, 6.65455722809, 2.88623261452, 1.40251386166, 0.730235219002, 0.433828681707, 0.069281950593, 0.00907472148538, 0.000898899161257, 9.19976373552e-05, 3.63202925655e-05], "median": [0.0109922634438, 0.176240369678, 1.35947072506, 2.49854636192, 1.76862454414, 1.82789433002, 2.79720592499, 7.13920497894, 11.6563720703, 8.40533447266, 5.76429748535, 8.39461898804, 15.5354261398, 7.83445358276, 4.81059646606, 4.90860939026, 3.37349367142, 2.4133143425, 1.60574555397, 1.38149154186, 0.923479676247, 1.23270308971, 2.1256737709, 3.54124593735, 5.49888372421, 5.43817138672, 5.14122200012, 4.86507320404, 2.61719799042, 2.24897241592, 1.17794919014, 0.551756381989, 0.292276203632, 0.144668325782, 0.0497191362083, 0.0101692806929, 0.00161402625963, 0.000275898783002, 4.43385615654e-05, 3.03389206238e-05], "min": [1.83104486329e-22, 1.34110827044e-21, 7.69513926175e-21, 1.00495788206e-20, 1.83158806408e-20, 5.42570252746e-20, 1.1509500903e-19, 1.23515604268e-19, 2.46094684986e-19, 2.5785406552e-19, 2.90826467014e-19, 6.49538664622e-19, 1.02273386418e-18, 9.3385671948e-19, 1.10818699813e-18, 1.95914047129e-18, 2.04802102811e-18, 3.13610102331e-18, 3.38739270314e-18, 3.71685419163e-18, 5.91859846478e-18, 6.19347719977e-18, 4.35767101217e-18, 7.61967430139e-18, 1.10245937209e-17, 9.02620146162e-18, 1.17688784284e-17, 9.01520492256e-18, 1.05460689094e-17, 1.43305964013e-17, 1.3444116865e-17, 1.00833837794e-17, 1.16406654335e-17, 1.0374519095e-17, 6.9490359654e-18, 5.02165426654e-18, 2.5689791711e-18, 9.62854569829e-19, 3.06340627143e-19, 2.81297146024e-20], "var": [0.0013554423349, 0.678110063076, 28.008939743, 124.242858887, 66.4618988037, 66.1197891235, 235.473358154, 1758.45947266, 8399.64941406, 8784.71972656, 11358.3779297, 8641.74804688, 90436.625, 36322.9257812, 43111.9570312, 4235.63916016, 1962.95727539, 1822.2746582, 431.899810791, 182.830276489, 15.1401348114, 19.7897949219, 49.627910614, 114.35496521, 205.054367065, 280.734466553, 239.920898438, 394.936920166, 154.909484863, 377.163360596, 179.079162598, 39.4853019714, 11.1911220551, 2.77943968773, 1.02281022072, 0.0401208028197, 0.000725212623365, 4.94613595947e-06, 2.56896210971e-08, 9.58118917538e-10]}, "erbbands_crest": {"dmean": 3.20164656639, "dmean2": 5.075715065, "dvar": 10.2808103561, "dvar2": 25.4025936127, "max": 33.3875961304, "mean": 13.1778783798, "median": 11.7467975616, "min": 2.6039659977, "var": 44.5371704102}, "erbbands_flatness_db": {"dmean": 0.0172685906291, "dmean2": 0.0253736246377, "dvar": 0.000279609055724, "dvar2": 0.000634352036286, "max": 0.368767231703, "mean": 0.187373578548, "median": 0.182956084609, "min": 0.0319036245346, "var": 0.00252429302782}, "erbbands_kurtosis": {"dmean": 2.15655398369, "dmean2": 3.28079748154, "dvar": 14.4724092484, "dvar2": 33.438117981, "max": 93.9812850952, "mean": 3.2509124279, "median": 0.812666296959, "min": -1.93751966953, "var": 47.7123908997}, "erbbands_skewness": {"dmean": 0.44308963418, "dmean2": 0.665714144707, "dvar": 0.221566542983, "dvar2": 0.47991257906, "max": 7.17614936829, "mean": 1.1523257494, "median": 1.02065443993, "min": -4.00958538055, "var": 1.45381116867}, "erbbands_spread": {"dmean": 7.8380355835, "dmean2": 11.7799358368, "dvar": 82.3728866577, "dvar2": 178.813980103, "max": 152.060348511, "mean": 37.6200714111, "median": 33.7531585693, "min": 1.70083332062, "var": 531.990356445}, "gfcc": {"cov": [[16125.7197266, 277.009613037, -864.780456543, 596.002563477, -1168.47265625, 1376.46765137, -176.033004761, 160.030471802, -541.566467285, 48.5494995117, -202.426071167, -271.607757568, -181.683441162], [277.009613037, 1456.58654785, 478.120483398, 112.857574463, 331.334350586, -225.532577515, 70.1557846069, -84.1536560059, -13.7505931854, -190.939254761, 26.5887069702, -175.121963501, 1.36044406891], [-864.780456543, 478.120483398, 1270.28833008, 385.977264404, 130.67868042, -1.68069350719, -99.7080688477, 31.4342269897, 26.496887207, -101.008865356, -84.1540756226, -87.6685256958, -54.3406639099], [596.002563477, 112.857574463, 385.977264404, 518.401428223, 106.255279541, 92.7873458862, -24.3227863312, 2.16630625725, 39.7432060242, -28.2488307953, -74.4041290283, -62.344039917, -78.6295623779], [-1168.47265625, 331.334350586, 130.67868042, 106.255279541, 424.772857666, -26.8438415527, 105.176589966, -50.5125236511, 45.7832107544, -61.1807746887, -20.5328159332, -52.4970283508, -36.550983429], [1376.46765137, -225.532577515, -1.68069350719, 92.7873458862, -26.8438415527, 471.093933105, 70.5213317871, 28.1928672791, -66.0857696533, 3.69388651848, -77.513923645, -48.7200584412, -72.5760040283], [-176.033004761, 70.1557846069, -99.7080688477, -24.3227863312, 105.176589966, 70.5213317871, 200.868591309, 20.6713409424, -2.2245452404, -12.9594163895, -1.51422667503, -10.2798032761, -15.3989477158], [160.030471802, -84.1536560059, 31.4342269897, 2.16630625725, -50.5125236511, 28.1928672791, 20.6713409424, 145.293991089, 39.6908683777, 9.60800457001, -10.3526210785, 16.4228286743, 5.6129989624], [-541.566467285, -13.7505931854, 26.496887207, 39.7432060242, 45.7832107544, -66.0857696533, -2.2245452404, 39.6908683777, 147.579162598, 36.0906486511, -13.8805561066, 8.9975528717, -0.487246900797], [48.5494995117, -190.939254761, -101.008865356, -28.2488307953, -61.1807746887, 3.69388651848, -12.9594163895, 9.60800457001, 36.0906486511, 139.378692627, 51.3604774475, 49.5544624329, 1.08410894871], [-202.426071167, 26.5887069702, -84.1540756226, -74.4041290283, -20.5328159332, -77.513923645, -1.51422667503, -10.3526210785, -13.8805561066, 51.3604774475, 134.92427063, 52.756816864, 26.7089157104], [-271.607757568, -175.121963501, -87.6685256958, -62.344039917, -52.4970283508, -48.7200584412, -10.2798032761, 16.4228286743, 8.9975528717, 49.5544624329, 52.756816864, 129.539230347, 50.5982627869], [-181.683441162, 1.36044406891, -54.3406639099, -78.6295623779, -36.550983429, -72.5760040283, -15.3989477158, 5.6129989624, -0.487246900797, 1.08410894871, 26.7089157104, 50.5982627869, 105.622970581]], "icov": [[0.000444854609668, -0.00106929987669, 0.000894082069863, -0.000973796006292, 0.00139560666867, -0.00130250072107, 0.000866576039698, -0.000851626624353, 0.00117689999752, -0.000896153505892, 0.000839929212816, -0.000288580515189, 0.00021407638269], [-0.00106929987669, 0.00413414929062, -0.0026190651115, 0.00229745660909, -0.00385760446079, 0.0037801200524, -0.00275747780688, 0.00245469762012, -0.00283574149944, 0.00340081844479, -0.00347709050402, 0.0028395014815, -0.00132867775392], [0.000894082069863, -0.0026190651115, 0.00311480718665, -0.00268133287318, 0.00262175826356, -0.00270694051869, 0.00268897041678, -0.00242939754389, 0.00253453687765, -0.00164994236547, 0.0021397259552, -0.000972339883447, 0.000699816562701], [-0.000973796006292, 0.00229745660909, -0.00268133287318, 0.0051418915391, -0.00350372702815, 0.00231348956004, -0.00138914736453, 0.00204236363061, -0.00330026471056, 0.00183464109432, -0.0012128535891, 0.000496622349601, 0.000844549853355], [0.00139560666867, -0.00385760446079, 0.00262175826356, -0.00350372702815, 0.0085031427443, -0.00401312299073, 0.000464428041596, -0.000719832896721, 0.00169446296059, -0.00156700459775, 0.00245556188747, -0.00123007572256, 0.00147402496077], [-0.00130250072107, 0.0037801200524, -0.00270694051869, 0.00231348956004, -0.00401312299073, 0.0074867811054, -0.00402348302305, 0.00179210386705, -0.00110243074596, 0.00158513966016, -0.000898821745068, 0.00199818145484, 0.00036292540608], [0.000866576039698, -0.00275747780688, 0.00268897041678, -0.00138914736453, 0.000464428041596, -0.00402348302305, 0.00938258506358, -0.00389889837243, 0.00273080565967, -0.00174204306677, 0.00161145511083, -0.00148692936637, 0.0011818894418], [-0.000851626624353, 0.00245469762012, -0.00242939754389, 0.00204236363061, -0.000719832896721, 0.00179210386705, -0.00389889837243, 0.011012006551, -0.005967061501, 0.00315087661147, -0.00204016733915, -5.40075998288e-05, -0.000915397657081], [0.00117689999752, -0.00283574149944, 0.00253453687765, -0.00330026471056, 0.00169446296059, -0.00110243074596, 0.00273080565967, -0.005967061501, 0.0142346704379, -0.00720934476703, 0.0056785242632, -0.000735764682759, 0.000508343742695], [-0.000896153505892, 0.00340081844479, -0.00164994236547, 0.00183464109432, -0.00156700459775, 0.00158513966016, -0.00174204306677, 0.00315087661147, -0.00720934476703, 0.0151230553165, -0.00757334660739, -0.000735613517463, 0.00113611749839], [0.000839929212816, -0.00347709050402, 0.0021397259552, -0.0012128535891, 0.00245556188747, -0.000898821745068, 0.00161145511083, -0.00204016733915, 0.0056785242632, -0.00757334660739, 0.0149734281003, -0.00500997994095, 0.000980615266599], [-0.000288580515189, 0.0028395014815, -0.000972339883447, 0.000496622349601, -0.00123007572256, 0.00199818145484, -0.00148692936637, -5.40075998288e-05, -0.000735764682759, -0.000735613517463, -0.00500997994095, 0.015408388339, -0.00604038778692], [0.00021407638269, -0.00132867775392, 0.000699816562701, 0.000844549853355, 0.00147402496077, 0.00036292540608, 0.0011818894418, -0.000915397657081, 0.000508343742695, 0.00113611749839, 0.000980615266599, -0.00604038778692, 0.0144584979862]], "mean": [-49.8282241821, 91.1346969604, -111.994644165, 35.1455459595, -86.0030059814, 8.96286678314, -20.3353118896, 3.80855822563, -23.784910202, 0.490797698498, -10.3635015488, -6.01290225983, -9.48509502411]}, "hfc": {"dmean": 4.63890028, "dmean2": 6.3934173584, "dvar": 44.7989616394, "dvar2": 90.8006439209, "max": 135.72013855, "mean": 20.2537555695, "median": 14.0044136047, "min": 1.14206630183e-16, "var": 414.427642822}, "melbands": {"dmean": [0.000145595229696, 0.000653138733469, 0.000547338917386, 0.000129888387164, 0.000116131399409, 0.000235750485444, 0.00027617343585, 0.000167226142366, 9.18786463444e-05, 0.000148002131027, 0.000284983660094, 0.000150658350321, 0.000129135383759, 4.51513442385e-05, 3.13185737468e-05, 2.00691902137e-05, 1.62936012202e-05, 8.18866010377e-06, 6.70747158438e-06, 2.82926498585e-06, 1.18768980428e-06, 1.28978513203e-06, 1.43155432397e-06, 2.37621338783e-06, 2.4076664431e-06, 3.16976957038e-06, 3.32934700964e-06, 3.63919298252e-06, 2.58259547081e-06, 3.19665741699e-06, 3.19369064528e-06, 1.60154831974e-06, 2.25080566452e-06, 3.13451346301e-06, 1.69965994701e-06, 1.04734715478e-06, 6.08457241924e-07, 4.36346766719e-07, 3.00943497678e-07, 2.67338236881e-07], "dmean2": [0.000224267671001, 0.00100203871261, 0.000873067823704, 0.000209026547964, 0.000180613162229, 0.000352228526026, 0.000411997287301, 0.000232285572565, 0.000130788001115, 0.000229598328588, 0.000432841130532, 0.000230228193686, 0.000199277914362, 6.9893845648e-05, 5.00470778206e-05, 3.1738771213e-05, 2.67244904535e-05, 1.33796102091e-05, 1.05678054751e-05, 4.6044242481e-06, 1.9344724933e-06, 2.06638810596e-06, 2.35700554185e-06, 3.95339520765e-06, 3.83353108191e-06, 5.09411302119e-06, 5.37248297405e-06, 5.77642049393e-06, 4.01629313274e-06, 4.92743947689e-06, 5.02585862705e-06, 2.4440632842e-06, 3.44750469594e-06, 4.76235209135e-06, 2.50019161285e-06, 1.52813026943e-06, 8.92379205197e-07, 6.20490368419e-07, 4.15111315988e-07, 3.77458036382e-07], "dvar": [6.44259756655e-08, 1.74513490947e-06, 1.54003430453e-06, 6.70438353723e-08, 7.49758726215e-08, 2.24772364277e-07, 4.09112914213e-07, 2.36168219203e-07, 1.13930177292e-07, 2.29503811511e-07, 6.43802934519e-07, 2.2685669876e-07, 2.37047302676e-07, 1.8425486914e-08, 1.03242498994e-08, 4.2924965804e-09, 3.98379063071e-09, 4.92280827213e-10, 5.83265491461e-10, 6.85878714934e-11, 7.74012191146e-12, 6.60058032537e-12, 8.98781309794e-12, 3.21154908223e-11, 2.16727677471e-11, 3.17570067465e-11, 5.08876690786e-11, 4.44162415181e-11, 2.8340460187e-11, 3.87041822203e-11, 3.46362799553e-11, 1.02284543682e-11, 2.703141877e-11, 4.85716397658e-11, 1.85262569175e-11, 8.0347161216e-12, 2.87625001941e-12, 1.91750001294e-12, 8.32253916391e-13, 6.80160788802e-13], "dvar2": [1.44912675637e-07, 4.41693828179e-06, 4.11467317463e-06, 1.74907412998e-07, 1.70317278503e-07, 5.11001019277e-07, 9.54414531407e-07, 4.21251456828e-07, 1.98361732373e-07, 6.14115606368e-07, 1.61618640959e-06, 5.52287417577e-07, 5.70962413349e-07, 4.74058694522e-08, 2.80546661457e-08, 1.06852606763e-08, 9.81765069241e-09, 1.35070243878e-09, 1.42748235454e-09, 1.89591120581e-10, 2.04776612334e-11, 1.54837167393e-11, 2.4711382246e-11, 9.02589947227e-11, 5.35307353999e-11, 8.2988498018e-11, 1.22842999661e-10, 1.1728328031e-10, 6.73048630717e-11, 9.09349401335e-11, 8.4047685478e-11, 2.29864304674e-11, 6.05464983705e-11, 1.08438251434e-10, 3.87468043761e-11, 1.63690189875e-11, 5.90863902944e-12, 4.11827212957e-12, 1.52853153312e-12, 1.5347007519e-12], "max": [0.00581016391516, 0.0215907432139, 0.0241817589849, 0.00808549206704, 0.0092175938189, 0.012085259892, 0.017322268337, 0.017512852326, 0.0185369607061, 0.0157688576728, 0.0152579108253, 0.0118054877967, 0.00977400876582, 0.00392179470509, 0.00294812489301, 0.00226666452363, 0.00271584186703, 0.000485045195092, 0.000715551956091, 0.000232904567383, 9.15473065106e-05, 8.08908080216e-05, 0.000108704160084, 0.000133581052069, 0.00012798710668, 0.000156138674356, 0.000226089570788, 0.000118948832096, 0.000148191262269, 0.000119806914881, 9.79472097242e-05, 7.36797155696e-05, 0.000108061474748, 0.000133572146297, 0.000107987449155, 6.39162317384e-05, 4.37442467955e-05, 4.76736095152e-05, 3.13964446832e-05, 3.17280573654e-05], "mean": [0.000343222112861, 0.00146897684317, 0.00111015758011, 0.000255316699622, 0.000246441195486, 0.000521923939232, 0.000627928820904, 0.00035029949504, 0.000198242967599, 0.000263272697339, 0.000573495170102, 0.000272584031336, 0.000212043101783, 8.23350419523e-05, 5.57387720619e-05, 3.51989147021e-05, 2.80695730908e-05, 1.49261068145e-05, 1.24630960272e-05, 5.24455390405e-06, 2.40802069129e-06, 2.85059741145e-06, 3.24564598486e-06, 4.98868030263e-06, 5.80040978093e-06, 8.14190389065e-06, 7.67262554291e-06, 8.35123682918e-06, 6.63877881379e-06, 7.95070536697e-06, 7.87241424405e-06, 3.98330894313e-06, 5.21059473613e-06, 6.70109830025e-06, 4.0840532165e-06, 2.51475535151e-06, 1.4496570202e-06, 1.01946159248e-06, 7.08433219643e-07, 5.81340998451e-07], "median": [0.000115849252325, 0.000668444146868, 0.000460889190435, 0.000122126511997, 9.58196033025e-05, 0.000169171369635, 0.000175303284777, 7.19816162018e-05, 3.5434433812e-05, 4.7447385441e-05, 6.70670706313e-05, 2.46179770329e-05, 1.20081622299e-05, 1.08712101792e-05, 1.14259119073e-05, 4.63378273707e-06, 3.91363118979e-06, 2.26227166422e-06, 1.79248695531e-06, 1.16285764307e-06, 8.65644437908e-07, 1.08942822408e-06, 1.5062047396e-06, 1.7770106524e-06, 2.38007260123e-06, 3.42753492077e-06, 3.32409103976e-06, 3.25163864545e-06, 2.39620453613e-06, 2.96205325867e-06, 2.3681905077e-06, 1.29003171878e-06, 1.04635250864e-06, 1.15686759727e-06, 6.71892507853e-07, 4.26504811912e-07, 2.71303008503e-07, 2.06454501495e-07, 1.4214425903e-07, 1.1172654979e-07], "min": [1.98321820662e-24, 3.98997168391e-24, 2.87111054051e-24, 2.81345604961e-24, 3.59805690872e-24, 3.19603347269e-24, 3.62041046577e-24, 2.58301479083e-24, 1.89014977752e-24, 4.03642612489e-24, 5.05306233346e-24, 3.36047369775e-24, 3.05648299248e-24, 3.66998209062e-24, 3.82518574056e-24, 3.54318413859e-24, 5.26283425322e-24, 3.46341728487e-24, 6.06875821982e-24, 4.01659061186e-24, 6.43969560582e-24, 5.34236247652e-24, 6.69580008756e-24, 3.04035788671e-24, 5.44017452345e-24, 6.5097283104e-24, 5.40764071643e-24, 5.81628802027e-24, 5.50225866555e-24, 6.35969801028e-24, 5.03107165243e-24, 4.69201253005e-24, 5.93943275745e-24, 5.82693803692e-24, 7.53172049008e-24, 7.32959223806e-24, 5.66372113791e-24, 7.33253311151e-24, 8.8524314176e-24, 8.58662473559e-24], "var": [2.80711532241e-07, 4.55958979728e-06, 3.12873157782e-06, 1.90106703712e-07, 2.46520556857e-07, 9.94014271782e-07, 1.75426043825e-06, 1.25617248159e-06, 6.89554099154e-07, 4.6385403607e-07, 2.28896715271e-06, 6.08671200553e-07, 5.12150052145e-07, 4.20002201906e-08, 2.13084021539e-08, 9.09677932981e-09, 8.34991631393e-09, 1.12678344433e-09, 1.59250435061e-09, 1.48638795716e-10, 1.99076363033e-11, 2.08644455879e-11, 2.38984266404e-11, 8.5979202924e-11, 9.30066718086e-11, 1.41365974482e-10, 1.49675952188e-10, 1.37511668719e-10, 1.11383145762e-10, 1.43377490436e-10, 1.3462894688e-10, 3.82045471647e-11, 9.13525782797e-11, 1.50280662914e-10, 7.18246018216e-11, 3.04924557826e-11, 1.05726009544e-11, 6.15532364662e-12, 2.99996637775e-12, 1.7778621457e-12]}, "melbands_crest": {"dmean": 3.02107477188, "dmean2": 4.86624717712, "dvar": 8.77439785004, "dvar2": 22.1204738617, "max": 33.9260597229, "mean": 14.9081354141, "median": 13.9247999191, "min": 1.62341403961, "var": 31.1542549133}, "melbands_flatness_db": {"dmean": 0.0218810103834, "dmean2": 0.0323725380003, "dvar": 0.000554133148398, "dvar2": 0.0012065556366, "max": 0.592610478401, "mean": 0.221124827862, "median": 0.204346746206, "min": 0.00435739057139, "var": 0.00820144172758}, "melbands_kurtosis": {"dmean": 8.36683177948, "dmean2": 12.7662382126, "dvar": 326.250152588, "dvar2": 737.889282227, "max": 390.717315674, "mean": 20.7914161682, "median": 8.97966957092, "min": -1.8951972723, "var": 1341.03381348}, "melbands_skewness": {"dmean": 0.688551187515, "dmean2": 1.03289592266, "dvar": 0.685646176338, "dvar2": 1.50885272026, "max": 16.0825328827, "mean": 2.67174649239, "median": 2.18278312683, "min": -1.50062870979, "var": 4.63074731827}, "melbands_spread": {"dmean": 5.37657499313, "dmean2": 8.20350170135, "dvar": 86.009475708, "dvar2": 168.06199646, "max": 204.798675537, "mean": 21.623840332, "median": 17.0736236572, "min": 0.281233668327, "var": 434.960662842}, "mfcc": {"cov": [[12696.2392578, -527.270263672, 85.9388809204, -551.334106445, -551.543151855, 684.923034668, 328.172241211, 231.378143311, -157.088882446, 198.661590576, 19.9752063751, -76.5248565674, 74.1277770996], [-527.270263672, 1466.3560791, 174.093505859, 349.527587891, 185.351211548, -90.1349716187, 90.8618774414, -14.0768852234, -6.91091346741, -25.7223625183, -29.9607219696, -47.7078323364, -91.8621292114], [85.9388809204, 174.093505859, 991.157470703, 269.120758057, 233.986663818, 52.749546051, -37.4638824463, 50.4768753052, 23.1222515106, 24.0992832184, 0.220980808139, 1.67803490162, -59.1342277527], [-551.334106445, 349.527587891, 269.120758057, 523.355285645, 202.53477478, -0.613043367863, -43.1831550598, 17.0357456207, 38.7181243896, -17.4866676331, 29.9659023285, 26.728263855, -34.0675621033], [-551.543151855, 185.351211548, 233.986663818, 202.53477478, 298.375091553, 68.4953994751, -8.1623134613, 39.850528717, 31.4541912079, 30.7016277313, 16.6599388123, -18.2795219421, -41.6312561035], [684.923034668, -90.1349716187, 52.749546051, -0.613043367863, 68.4953994751, 345.982025146, 106.189216614, 77.6426696777, 8.52542304993, 54.3436126709, 42.5428695679, -34.207901001, -8.83973407745], [328.172241211, 90.8618774414, -37.4638824463, -43.1831550598, -8.1623134613, 106.189216614, 216.504333496, 59.7329597473, -18.7496910095, 17.6947059631, 2.80630135536, -14.7686634064, -2.35368704796], [231.378143311, -14.0768852234, 50.4768753052, 17.0357456207, 39.850528717, 77.6426696777, 59.7329597473, 156.535507202, 61.0227584839, 27.2841777802, 16.724729538, -9.97641563416, 2.56631755829], [-157.088882446, -6.91091346741, 23.1222515106, 38.7181243896, 31.4541912079, 8.52542304993, -18.7496910095, 61.0227584839, 128.899841309, 41.6552085876, 6.64395666122, -6.50830745697, 2.85860514641], [198.661590576, -25.7223625183, 24.0992832184, -17.4866676331, 30.7016277313, 54.3436126709, 17.6947059631, 27.2841777802, 41.6552085876, 108.602783203, 28.8495559692, -12.5162630081, -2.05925297737], [19.9752063751, -29.9607219696, 0.220980808139, 29.9659023285, 16.6599388123, 42.5428695679, 2.80630135536, 16.724729538, 6.64395666122, 28.8495559692, 101.780487061, 40.8777046204, 10.9182796478], [-76.5248565674, -47.7078323364, 1.67803490162, 26.728263855, -18.2795219421, -34.207901001, -14.7686634064, -9.97641563416, -6.50830745697, -12.5162630081, 40.8777046204, 116.556503296, 48.1162528992], [74.1277770996, -91.8621292114, -59.1342277527, -34.0675621033, -41.6312561035, -8.83973407745, -2.35368704796, 2.56631755829, 2.85860514641, -2.05925297737, 10.9182796478, 48.1162528992, 99.2853546143]], "icov": [[0.000117304967716, -2.05803753488e-05, -6.80389057379e-05, 1.01301166069e-05, 0.000350008805981, -0.000244223774644, 5.75767480768e-05, -0.000214990635868, 0.000274338468444, -0.000268829637207, 0.000107379251858, 4.28706380262e-06, -3.90917339246e-05], [-2.05803753488e-05, 0.00100894586649, 2.77290328086e-05, -0.000631466158666, -0.000392423535232, 0.000607607827988, -0.000899971288163, 0.00033778132638, -4.4285578042e-05, 9.87742605503e-05, 3.62559731002e-05, 0.000400209712097, 0.000413587375078], [-6.80389057379e-05, 2.77290328086e-05, 0.00139777781442, -0.000422059703851, -0.000878446560819, 1.73140979314e-05, 0.000308830203721, -0.000352079543518, 0.000232619946473, -0.000249319127761, 0.0005319234333, -0.000528099946678, 0.00059933878947], [1.01301166069e-05, -0.000631466158666, -0.000422059703851, 0.00345452758484, -0.00156262330711, -0.000199826405151, 0.000611050985754, 0.000134079658892, -0.00103079713881, 0.00141144450754, -0.000876296136994, -0.00097941653803, 0.000310124480166], [0.000350008805981, -0.000392423535232, -0.000878446560819, -0.00156262330711, 0.00681166257709, -0.00165992509574, 0.000899958657101, -0.00137249799445, 0.000914011674467, -0.00206454633735, 0.000335361983161, 0.000408622116083, 0.000777383858804], [-0.000244223774644, 0.000607607827988, 1.73140979314e-05, -0.000199826405151, -0.00165992509574, 0.00511665968224, -0.00217412388884, -0.000484145159135, 8.64913672558e-05, -0.000332265888574, -0.00207474874333, 0.00187128549442, -0.000281324872049], [5.75767480768e-05, -0.000899971288163, 0.000308830203721, 0.000611050985754, 0.000899958657101, -0.00217412388884, 0.00734652532265, -0.00325889792293, 0.00261398032308, -0.00120719114784, 0.00108999549411, -0.00072348624235, 9.05770939426e-05], [-0.000214990635868, 0.00033778132638, -0.000352079543518, 0.000134079658892, -0.00137249799445, -0.000484145159135, -0.00325889792293, 0.0108970608562, -0.00591869978234, 0.00175530114211, -0.00153519026935, 0.000813869701233, -0.000686961924657], [0.000274338468444, -4.4285578042e-05, 0.000232619946473, -0.00103079713881, 0.000914011674467, 8.64913672558e-05, 0.00261398032308, -0.00591869978234, 0.0129872299731, -0.00535952905193, 0.00159364240244, 0.000239849352511, -0.000631612958387], [-0.000268829637207, 9.87742605503e-05, -0.000249319127761, 0.00141144450754, -0.00206454633735, -0.000332265888574, -0.00120719114784, 0.00175530114211, -0.00535952905193, 0.0139993224293, -0.00452028494328, 0.00207681069151, -0.00040606156108], [0.000107379251858, 3.62559731002e-05, 0.0005319234333, -0.000876296136994, 0.000335361983161, -0.00207474874333, 0.00108999549411, -0.00153519026935, 0.00159364240244, -0.00452028494328, 0.0146990623325, -0.00636779237539, 0.00132084754296], [4.28706380262e-06, 0.000400209712097, -0.000528099946678, -0.00097941653803, 0.000408622116083, 0.00187128549442, -0.00072348624235, 0.000813869701233, 0.000239849352511, 0.00207681069151, -0.00636779237539, 0.0146618373692, -0.00635283486918], [-3.90917339246e-05, 0.000413587375078, 0.00059933878947, 0.000310124480166, 0.000777383858804, -0.000281324872049, 9.05770939426e-05, -0.000686961924657, -0.000631612958387, -0.00040606156108, 0.00132084754296, -0.00635283486918, 0.014211287722]], "mean": [-687.94329834, 111.214660645, 20.9593639374, 24.5642871857, -27.2085323334, 3.42722773552, 2.80120253563, 1.31491601467, -4.04185819626, 3.30088281631, -0.124393217266, -2.65273594856, -1.91275572777]}, "pitch_salience": {"dmean": 0.0615505725145, "dmean2": 0.0978855788708, "dvar": 0.00360878114589, "dvar2": 0.00893330108374, "max": 0.832288384438, "mean": 0.48620864749, "median": 0.488324284554, "min": 0.0517888776958, "var": 0.0145061351359}, "silence_rate_20dB": {"dmean": 0, "dmean2": 0, "dvar": 0, "dvar2": 0, "max": 1, "mean": 1, "median": 1, "min": 1, "var": 0}, "silence_rate_30dB": {"dmean": 0.00139840587508, "dmean2": 0.00279720290564, "dvar": 0.00139641773421, "dvar2": 0.00334868812934, "max": 1, "mean": 0.99874162674, "median": 1, "min": 0, "var": 0.00125687464606}, "silence_rate_60dB": {"dmean": 0.0176199134439, "dmean2": 0.0352447554469, "dvar": 0.0173104256392, "dvar2": 0.0390365794301, "max": 1, "mean": 0.132969796658, "median": 0, "min": 0, "var": 0.115290641785}, "spectral_centroid": {"dmean": 205.289871216, "dmean2": 312.131958008, "dvar": 92560.5, "dvar2": 180465.390625, "max": 11421.0625, "mean": 1315.37390137, "median": 1212.92224121, "min": 151.695907593, "var": 769757.5625}, "spectral_complexity": {"dmean": 1.78940010071, "dmean2": 2.85314679146, "dvar": 3.37410950661, "dvar2": 7.65983295441, "max": 39, "mean": 12.7740488052, "median": 11, "min": 0, "var": 64.0296707153}, "spectral_contrast_coeffs": {"dmean": [0.0477878339589, 0.0442309901118, 0.0393540970981, 0.027363717556, 0.0201419666409, 0.0156731121242], "dmean2": [0.0780612453818, 0.0712964013219, 0.0619558282197, 0.0438804812729, 0.031770631671, 0.0246857777238], "dvar": [0.00172024173662, 0.00145760341547, 0.00112940534018, 0.000492593680974, 0.000302367989207, 0.000221398469876], "dvar2": [0.00445694662631, 0.00353584252298, 0.00273199100047, 0.00122582295444, 0.000693062203936, 0.000471171370009], "max": [-0.244446843863, -0.339701235294, -0.396491885185, -0.530103385448, -0.620045602322, -0.604328334332], "mean": [-0.633441030979, -0.689162433147, -0.68569880724, -0.763983547688, -0.768752217293, -0.730893850327], "median": [-0.631440877914, -0.696184515953, -0.68738758564, -0.767629444599, -0.764514267445, -0.722060143948], "min": [-0.97166121006, -0.976397037506, -0.983735859394, -0.983414530754, -0.981267631054, -0.980747163296], "var": [0.00884063262492, 0.00945883244276, 0.00937817525119, 0.00454686116427, 0.00258833752014, 0.00219231494702]}, "spectral_contrast_valleys": {"dmean": [0.397945642471, 0.324837118387, 0.291102796793, 0.232965007424, 0.185583263636, 0.219965547323], "dmean2": [0.65072208643, 0.526291131973, 0.4608104527, 0.36263486743, 0.272396564484, 0.274078905582], "dvar": [0.134597405791, 0.100191190839, 0.0861999467015, 0.0678234025836, 0.0631923601031, 0.0926375985146], "dvar2": [0.295394480228, 0.20849840343, 0.163343787193, 0.117064975202, 0.0956649109721, 0.123454168439], "max": [-5.67854309082, -5.09145498276, -5.61370420456, -6.50270938873, -6.55431652069, -7.4994635582], "mean": [-8.03918457031, -7.21375322342, -8.11815834045, -8.90628910065, -8.38604736328, -10.5567445755], "median": [-7.60225200653, -6.94175481796, -7.90221405029, -8.67964458466, -8.0743522644, -10.3729686737], "min": [-27.9153614044, -28.0476608276, -27.7347545624, -27.496919632, -27.4214839935, -27.3345794678], "var": [2.67919683456, 2.20518445969, 2.20167183876, 2.14959597588, 2.05900931358, 2.5694539547]}, "spectral_decrease": {"dmean": 1.69135838668e-09, "dmean2": 2.50736187368e-09, "dvar": 4.84087890675e-18, "dvar2": 1.19672570188e-17, "max": 1.39843350117e-28, "mean": -6.10279249358e-09, "median": -5.28707122527e-09, "min": -3.10707228834e-08, "var": 2.46557427399e-17}, "spectral_energy": {"dmean": 0.00672115525231, "dmean2": 0.00992833357304, "dvar": 7.54778520786e-05, "dvar2": 0.00018564054335, "max": 0.125609621406, "mean": 0.0248704515398, "median": 0.021544130519, "min": 1.05878092509e-20, "var": 0.000403155718232}, "spectral_energyband_high": {"dmean": 0.000313954486046, "dmean2": 0.000414374051616, "dvar": 3.75649364059e-07, "dvar2": 5.87546878705e-07, "max": 0.0161557588726, "mean": 0.00116258743219, "median": 0.000458122405689, "min": 7.47404777807e-21, "var": 2.90368302558e-06}, "spectral_energyband_low": {"dmean": 0.00283889705315, "dmean2": 0.00433426164091, "dvar": 3.32029558194e-05, "dvar2": 8.54222162161e-05, "max": 0.103476457298, "mean": 0.00677538383752, "median": 0.0036005876027, "min": 3.48455134183e-23, "var": 8.38900814415e-05}, "spectral_energyband_middle_high": {"dmean": 0.00234033190645, "dmean2": 0.00356880878098, "dvar": 2.86421618512e-05, "dvar2": 7.13724220986e-05, "max": 0.10363406688, "mean": 0.00600336585194, "median": 0.00162428512704, "min": 1.33028514931e-21, "var": 0.000104232974991}, "spectral_energyband_middle_low": {"dmean": 0.00424129609019, "dmean2": 0.00631409604102, "dvar": 3.76119169232e-05, "dvar2": 8.97591016837e-05, "max": 0.107717931271, "mean": 0.0128874778748, "median": 0.00867814011872, "min": 2.22239686511e-22, "var": 0.000183971103979}, "spectral_entropy": {"dmean": 0.155803471804, "dmean2": 0.223659425974, "dvar": 0.0300718490034, "dvar2": 0.0610398761928, "max": 9.81294345856, "mean": 7.28454113007, "median": 7.3963842392, "min": 4.63246011734, "var": 0.44040992856}, "spectral_flux": {"dmean": 0.0183125548065, "dmean2": 0.029797995463, "dvar": 0.000437195500126, "dvar2": 0.00113075727131, "max": 0.303670525551, "mean": 0.0627917200327, "median": 0.0592009872198, "min": 6.67298230561e-11, "var": 0.00163937557954}, "spectral_kurtosis": {"dmean": 1.221124053, "dmean2": 2.03287386894, "dvar": 3.52352142334, "dvar2": 9.3603181839, "max": 51.826461792, "mean": 3.12509942055, "median": 2.05544233322, "min": -1.23936188221, "var": 12.8330516815}, "spectral_rms": {"dmean": 0.000622892286628, "dmean2": 0.000901918567251, "dvar": 4.81929134821e-07, "dvar2": 1.09583265839e-06, "max": 0.0110700484365, "mean": 0.00440799398348, "median": 0.00458461185917, "min": 3.21396490151e-12, "var": 4.83347002955e-06}, "spectral_rolloff": {"dmean": 434.717651367, "dmean2": 734.987243652, "dvar": 876801.8125, "dvar2": 1967812.375, "max": 19530.6152344, "mean": 1539.60791016, "median": 818.26171875, "min": 21.533203125, "var": 3605333.5}, "spectral_skewness": {"dmean": 0.18355345726, "dmean2": 0.288228690624, "dvar": 0.0455425269902, "dvar2": 0.102729469538, "max": 5.77994346619, "mean": 1.29619991779, "median": 1.12707841396, "min": -0.131678283215, "var": 0.417504101992}, "spectral_spread": {"dmean": 394257.46875, "dmean2": 554081.75, "dvar": 416289193984, "dvar2": 587816960000, "max": 41982028, "mean": 5039247, "median": 4783194.5