{"lowlevel": {"average_loudness": 0.970935106277, "barkbands": {"dmean": [1.39088915603e-05, 0.00032248016214, 0.0012724690605, 0.00209540850483, 0.0019173042383, 0.00132409622893, 0.000812106765807, 0.000413583562477, 0.000592438271269, 0.000403023004765, 0.000193819229025, 0.000272999808658, 0.000310271920171, 0.000379165488994, 0.000177420079126, 0.000235781277297, 0.000547944160644, 0.00041442931979, 0.000188168050954, 0.000165454068338, 0.000216113083297, 0.000275388418231, 0.000197807690711, 3.84605555155e-05, 5.9063891058e-06, 5.82723430398e-07, 1.7653862372e-08], "dmean2": [2.31059384532e-05, 0.000525596668012, 0.00200548768044, 0.00334323337302, 0.00316908839159, 0.0021308127325, 0.00131636997685, 0.000650748377666, 0.000913864409085, 0.000627106172033, 0.000308289250825, 0.000422346784035, 0.000489755824674, 0.000596759724431, 0.000276496488368, 0.000360732461559, 0.000849433126859, 0.000640296377242, 0.000291629636195, 0.000247317220783, 0.00032307652873, 0.000413345551351, 0.000295124540571, 5.77393620915e-05, 8.69485847943e-06, 8.62767649323e-07, 2.9014699976e-08], "dvar": [4.98980246011e-10, 1.97249221401e-07, 3.83705264539e-06, 1.01128662209e-05, 9.13908752409e-06, 3.82197276849e-06, 1.36581593324e-06, 4.95220263019e-07, 1.37952497425e-06, 6.00709313403e-07, 3.55522956852e-07, 6.74105024245e-07, 6.5649589942e-07, 8.78529533566e-07, 2.02589006904e-07, 2.41435571979e-07, 1.5141268932e-06, 7.91319223481e-07, 7.62663106002e-08, 7.8273814097e-08, 1.23433068211e-07, 3.64723888424e-07, 1.98543006036e-07, 6.34078078932e-09, 1.45377446192e-10, 1.78986491427e-12, 5.54948416119e-15], "dvar2": [1.21986987178e-09, 4.95677454637e-07, 9.08679339773e-06, 2.28932422033e-05, 2.56545663433e-05, 8.87774513103e-06, 3.4070944821e-06, 1.17540992051e-06, 2.86221688839e-06, 1.38198743116e-06, 8.06885395832e-07, 1.29638976887e-06, 1.50011737787e-06, 1.84685040949e-06, 4.44683081469e-07, 5.30186582637e-07, 3.51124003828e-06, 1.83210136129e-06, 1.8223721554e-07, 1.63520823548e-07, 2.67580503532e-07, 8.02782324172e-07, 3.99368815351e-07, 1.36753142144e-08, 3.06620701052e-10, 3.7186395456e-12, 1.21682000345e-14], "max": [0.000540745386388, 0.00741192977875, 0.0299628414214, 0.0408585742116, 0.0364241972566, 0.0296572390944, 0.0269842427224, 0.0154067249969, 0.0262144412845, 0.0196103900671, 0.0213535763323, 0.0257923025638, 0.0202688500285, 0.0252149496228, 0.0124217243865, 0.0135227106512, 0.028301127255, 0.0168142896146, 0.00762481242418, 0.00401862151921, 0.00510038249195, 0.0150968199596, 0.0092611964792, 0.00182171456981, 0.000420803640736, 5.52180135855e-05, 3.79785342375e-06], "mean": [1.64315697475e-05, 0.000680847209878, 0.002972046379, 0.00415855599567, 0.00307614565827, 0.00228712544776, 0.00140406901482, 0.000668930995744, 0.00105022802018, 0.000673057220411, 0.000317969097523, 0.000476168730529, 0.000502688402776, 0.00065779290162, 0.00031849721563, 0.000469891063403, 0.001073868596, 0.000726920610759, 0.000409503525589, 0.000339459278621, 0.000473160209367, 0.000593390606809, 0.000418696145061, 8.22506990517e-05, 1.23273403005e-05, 9.67894266068e-07, 1.96569445166e-08], "median": [6.85423492541e-06, 0.000361298589269, 0.0012459383579, 0.00170556805097, 0.0021175025031, 0.0012588648824, 0.000923798186705, 0.000349422654836, 0.000382028665626, 0.000221248614253, 0.000125269740238, 0.000190855236724, 0.000211783626582, 0.000234061386436, 0.000124854937894, 0.000176752204425, 0.000360168371117, 0.000223656985327, 0.000256566330791, 0.000184991658898, 0.000303778360831, 0.000359187688446, 0.000228732445976, 4.71755774925e-05, 7.10796621206e-06, 4.12041458731e-07, 2.75196931909e-09], "min": [2.11997690808e-23, 3.42068042978e-23, 4.03484745645e-23, 5.94677192488e-24, 4.65155997949e-23, 5.73715122976e-23, 3.83006957842e-23, 5.34499332764e-23, 3.86641208478e-23, 5.41106011291e-23, 1.98930273022e-23, 1.00692619857e-23, 6.44060689793e-23, 1.12633989188e-22, 1.18340116727e-22, 1.40326402218e-22, 1.2031966535e-22, 1.9252193306e-22, 1.81520529362e-22, 2.78674770427e-22, 4.26016796665e-22, 3.92474733898e-22, 4.89924425459e-22, 8.21874166125e-22, 1.13880919533e-21, 1.45814746088e-21, 2.39019028071e-21], "var": [7.5680445244e-10, 6.04024137374e-07, 1.65357341757e-05, 2.95531681331e-05, 1.12352126962e-05, 9.76424234977e-06, 3.01551904158e-06, 1.08109770736e-06, 4.19386969952e-06, 2.03187278203e-06, 7.69946723267e-07, 1.91735603039e-06, 1.13996304663e-06, 2.42786904892e-06, 4.84885163132e-07, 7.52506480239e-07, 4.87031547891e-06, 1.75699472038e-06, 2.0575878068e-07, 1.83076451776e-07, 2.71478882041e-07, 7.70445694798e-07, 5.04203910623e-07, 1.5117855412e-08, 3.41559003303e-10, 3.82749908157e-12, 6.84820843899e-15]}, "barkbands_crest": {"dmean": 2.42075419426, "dmean2": 3.85174798965, "dvar": 4.63051462173, "dvar2": 11.3577394485, "max": 26.3931102753, "mean": 9.70544433594, "median": 9.06458091736, "min": 2.27096390724, "var": 16.3517456055}, "barkbands_flatness_db": {"dmean": 0.0170901715755, "dmean2": 0.025960220024, "dvar": 0.000278266234091, "dvar2": 0.000600458180998, "max": 0.447496920824, "mean": 0.137561261654, "median": 0.131848558784, "min": 0.057448182255, "var": 0.00169433990959}, "barkbands_kurtosis": {"dmean": 2.14782762527, "dmean2": 3.31739115715, "dvar": 15.2181167603, "dvar2": 35.5333709717, "max": 148.507446289, "mean": 3.2380053997, "median": 0.746734976768, "min": -1.93895041943, "var": 71.9861831665}, "barkbands_skewness": {"dmean": 0.514470815659, "dmean2": 0.769081711769, "dvar": 0.304400533438, "dvar2": 0.661539137363, "max": 10.8097848892, "mean": 1.42840766907, "median": 1.3120496273, "min": -3.62291288376, "var": 1.72965323925}, "barkbands_spread": {"dmean": 6.08436775208, "dmean2": 9.33656024933, "dvar": 46.4428977966, "dvar2": 103.832809448, "max": 89.5325012207, "mean": 28.3567352295, "median": 27.5680866241, "min": 1.09447479248, "var": 169.986709595}, "dissonance": {"dmean": 0.0134233711287, "dmean2": 0.0226142574102, "dvar": 0.000174760556547, "dvar2": 0.000470062776003, "max": 0.499999940395, "mean": 0.475114703178, "median": 0.47924888134, "min": 0.327059268951, "var": 0.000320257066051}, "dynamic_complexity": 2.47124361992, "erbbands": {"dmean": [0.00609223870561, 0.0956988111138, 0.991623044014, 4.63529682159, 5.34650278091, 8.61693477631, 10.8614025116, 9.72412872314, 11.429063797, 11.8833618164, 9.25675868988, 13.5611782074, 13.0967350006, 7.11034297943, 7.47069787979, 11.8485784531, 13.8272323608, 14.1310195923, 12.647356987, 12.3200731277, 12.6726551056, 28.9129581451, 24.686466217, 10.6499195099, 9.30003547668, 7.66197395325, 9.22291469574, 8.52958869934, 9.51353549957, 9.46229457855, 4.79724884033, 1.39390611649, 0.396242588758, 0.103568054736, 0.0238355323672, 0.00459351018071, 0.000730699335691, 8.90214214451e-05, 6.02442787567e-06, 6.40628695692e-06], "dmean2": [0.0101493271068, 0.152381747961, 1.54284644127, 7.41739320755, 8.88188838959, 14.1785287857, 17.90666008, 15.2479867935, 18.6631984711, 19.4804649353, 14.4699754715, 20.7992630005, 20.2852592468, 11.0633764267, 11.524564743, 18.2802791595, 21.3737239838, 21.8584442139, 19.8278102875, 18.8430423737, 19.0900611877, 43.7540817261, 37.3994407654, 16.081911087, 14.6429643631, 11.5352745056, 13.8440904617, 12.7338247299, 14.2404880524, 14.2492742538, 7.19758987427, 2.08443307877, 0.5879368186, 0.152543947101, 0.0346453264356, 0.00665435288101, 0.00109520007391, 0.000135040667374, 8.2179567471e-06, 9.2767913884e-06], "dvar": [6.52523667668e-05, 0.0159664843231, 2.22153162956, 39.4474716187, 58.531955719, 205.009979248, 259.783660889, 236.722763062, 314.246582031, 346.665313721, 192.364929199, 891.05480957, 724.795166016, 199.258987427, 695.909606934, 1251.1739502, 1367.32629395, 1575.46044922, 1145.29858398, 855.526550293, 651.063293457, 4701.77246094, 2572.89746094, 336.210357666, 166.400924683, 166.265670776, 256.773193359, 197.201126099, 415.145782471, 513.808166504, 108.973114014, 9.55481243134, 0.485231101513, 0.0433335527778, 0.00201975461096, 8.7706168415e-05, 4.47007914772e-06, 5.75354519583e-08, 2.70022004756e-10, 4.76992577381e-11], "dvar2": [0.000176843415829, 0.0400134250522, 5.14166879654, 94.7885513306, 152.485229492, 564.343322754, 665.674377441, 529.434509277, 780.640869141, 888.470214844, 453.314147949, 1844.90344238, 1699.31262207, 461.129974365, 1555.5078125, 2482.21386719, 3109.60449219, 3227.09008789, 2528.48486328, 1904.50622559, 1421.08068848, 10692.0361328, 5836.29882813, 749.410339355, 406.838592529, 356.855285645, 536.459228516, 434.229827881, 913.988830566, 1098.30712891, 225.307434082, 20.0873088837, 1.02121067047, 0.0888573005795, 0.00393743580207, 0.000170055063791, 1.09027059807e-05, 1.21852025359e-07, 5.62621726985e-10, 8.86740542105e-11], "max": [0.106137275696, 2.1667072773, 22.3550262451, 71.16040802, 86.6367721558, 164.760925293, 235.893890381, 332.560791016, 403.663146973, 391.361724854, 292.69329834, 641.813964844, 586.384765625, 378.314239502, 1005.27075195, 1187.7220459, 1021.52471924, 1300.54406738, 1177.5579834, 740.920227051, 583.906677246, 1964.96203613, 1126.68200684, 429.685821533, 331.687561035, 201.321365356, 239.927581787, 232.337402344, 439.079376221, 512.340820313, 218.061828613, 81.1610794067, 13.374663353, 7.57808637619, 1.29202187061, 0.275805234909, 0.103450477123, 0.0101806549355, 0.000881941057742, 9.71328408923e-05], "mean": [0.0107071073726, 0.230730682611, 2.55072665215, 9.89570236206, 9.20385837555, 12.8878984451, 16.8706493378, 17.8211688995, 19.020160675, 20.216632843, 16.6220283508, 24.2504634857, 23.3651351929, 13.2993202209, 13.4195518494, 21.8770866394, 24.271150589, 25.4601573944, 24.050409317, 24.3324127197, 27.6074371338, 59.9744720459, 48.8701057434, 22.3547229767, 20.8034095764, 16.4471626282, 19.2404823303, 18.8989315033, 19.987154007, 19.7153778076, 10.2568502426, 3.05504918098, 0.880857288837, 0.225334122777, 0.0511611998081, 0.00884070806205, 0.00117371545639, 0.000135589609272, 2.2137992346e-05, 3.15838005918e-05], "median": [0.00703891552985, 0.179600074887, 1.41747272015, 6.53241920471, 5.66223478317, 7.74314117432, 10.4293823242, 9.90167713165, 11.6084346771, 12.1740789413, 9.89908409119, 8.95025062561, 9.32164287567, 6.09111070633, 6.12503242493, 9.6822977066, 10.7859172821, 10.7297334671, 11.0939254761, 9.53378009796, 12.2051696777, 20.9387207031, 15.9134254456, 11.8900270462, 14.0602607727, 9.44062519073, 11.5157976151, 12.4870061874, 11.766872406, 11.214056015, 5.67601394653, 1.69120001793, 0.545666754246, 0.131527766585, 0.0318477712572, 0.00467992993072, 0.000452107080491, 4.32926390204e-05, 1.89639395103e-05, 3.28563728544e-05], "min": [9.99228222487e-22, 7.67302672065e-21, 3.96753303402e-20, 4.61266638027e-20, 6.26291464365e-20, 1.55298183998e-19, 3.31884222952e-19, 3.59197028845e-19, 4.97964279721e-19, 8.13711682338e-19, 1.24999946273e-18, 1.09663231895e-18, 1.94369597528e-18, 2.63186619756e-18, 1.10944338208e-18, 6.83082544521e-19, 2.3211891536e-18, 5.91173286569e-18, 5.54598668605e-18, 9.17969475045e-18, 5.91894794859e-18, 7.16437258554e-18, 1.04014355521e-17, 9.41731313475e-18, 1.05455841816e-17, 1.53725925102e-17, 1.40111260138e-17, 1.8063832905e-17, 1.47504881695e-17, 1.2761140303e-17, 1.46225646877e-17, 1.50976889598e-17, 1.48106043477e-17, 1.23218461864e-17, 7.54410308062e-18, 5.51760198333e-18, 2.58444103791e-18, 1.16687463541e-18, 3.29582567049e-19, 2.9094139342e-20], "var": [0.000125025180751, 0.046556815505, 9.46751499176, 106.31312561, 98.2695922852, 250.240753174, 433.06149292, 614.890136719, 625.798034668, 789.67175293, 452.114562988, 2651.87255859, 2151.43554688, 566.274719238, 1325.43920898, 3333.26220703, 2538.90258789, 3393.82250977, 3257.76513672, 2295.78344727, 1982.82299805, 16299.1230469, 7237.40185547, 871.136230469, 476.383880615, 395.862243652, 536.254821777, 427.182434082, 843.379638672, 1102.36889648, 287.418365479, 24.964012146, 1.23378229141, 0.109282255173, 0.00457290234044, 0.000197052882868, 8.06414755061e-06, 1.15584604998e-07, 4.77465844639e-10, 2.22500115554e-10]}, "erbbands_crest": {"dmean": 2.18539977074, "dmean2": 3.5070297718, "dvar": 4.65227603912, "dvar2": 10.9905729294, "max": 28.9280529022, "mean": 7.67390394211, "median": 6.53342199326, "min": 1.94225943089, "var": 15.7352457047}, "erbbands_flatness_db": {"dmean": 0.0120903979987, "dmean2": 0.0178233124316, "dvar": 0.000147741637193, "dvar2": 0.000283584668068, "max": 0.388288974762, "mean": 0.167402401567, "median": 0.160044446588, "min": 0.0222528148443, "var": 0.000964493898209}, "erbbands_kurtosis": {"dmean": 0.767582178116, "dmean2": 1.22207129002, "dvar": 2.27630496025, "dvar2": 5.61570310593, "max": 36.9824447632, "mean": -0.0962968766689, "median": -0.714065074921, "min": -1.8321018219, "var": 4.79053735733}, "erbbands_skewness": {"dmean": 0.355848193169, "dmean2": 0.532576084137, "dvar": 0.13821940124, "dvar2": 0.300153106451, "max": 4.38162565231, "mean": -0.0330496802926, "median": -0.0121204257011, "min": -5.03360271454, "var": 0.655647575855}, "erbbands_spread": {"dmean": 9.00145721436, "dmean2": 13.9461622238, "dvar": 74.2111206055, "dvar2": 166.779388428, "max": 134.560974121, "mean": 51.4002151489, "median": 51.4786529541, "min": 2.41651129723, "var": 364.826965332}, "gfcc": {"cov": [[14693.2949219, 502.799499512, -1711.34277344, 768.815246582, -897.388427734, 267.038604736, -413.606567383, -40.9603233337, -109.205245972, -274.834320068, -142.137390137, -221.196060181, -135.042922974], [502.799499512, 799.740478516, -13.5906677246, -54.1394386292, 1.72748267651, -41.3320999146, 38.4843444824, -95.1100387573, -5.99482107162, -78.854850769, 23.5895595551, -99.0004501343, 14.7079000473], [-1711.34277344, -13.5906677246, 601.537475586, 66.1307220459, 18.7528324127, -12.5382471085, 52.0947875977, -19.7902126312, -24.4711303711, 68.026725769, 10.2079143524, -17.2375431061, -17.2614688873], [768.815246582, -54.1394386292, 66.1307220459, 229.546234131, -41.4106292725, 15.8008060455, -28.8892498016, -4.90057325363, -13.288523674, 6.18711328506, -9.77954101563, -33.2592887878, -19.0924720764], [-897.388427734, 1.72748267651, 18.7528324127, -41.4106292725, 247.199890137, 1.46628272533, 3.06232714653, 25.4418392181, 31.4693717957, -12.0110788345, -9.52482318878, 26.7663536072, 12.3616809845], [267.038604736, -41.3320999146, -12.5382471085, 15.8008060455, 1.46628272533, 132.588760376, 76.0855255127, -1.34823775291, -24.7303218842, 2.82190608978, -6.11031913757, -18.2161064148, -15.8386964798], [-413.606567383, 38.4843444824, 52.0947875977, -28.8892498016, 3.06232714653, 76.0855255127, 195.23008728, 10.1675930023, -43.0336990356, 9.08561229706, -4.11248064041, -40.1783905029, -14.4133424759], [-40.9603233337, -95.1100387573, -19.7902126312, -4.90057325363, 25.4418392181, -1.34823775291, 10.1675930023, 94.841835022, 25.2036151886, 3.31860136986, -25.4460754395, 1.20815610886, -3.37702822685], [-109.205245972, -5.99482107162, -24.4711303711, -13.288523674, 31.4693717957, -24.7303218842, -43.0336990356, 25.2036151886, 76.8405532837, 3.91311216354, -0.732089757919, 16.1243629456, 12.5708990097], [-274.834320068, -78.854850769, 68.026725769, 6.18711328506, -12.0110788345, 2.82190608978, 9.08561229706, 3.31860136986, 3.91311216354, 77.7674865723, 16.9046630859, -7.92355394363, -5.19310569763], [-142.137390137, 23.5895595551, 10.2079143524, -9.77954101563, -9.52482318878, -6.11031913757, -4.11248064041, -25.4460754395, -0.732089757919, 16.9046630859, 67.0195159912, 28.4400939941, 11.8779201508], [-221.196060181, -99.0004501343, -17.2375431061, -33.2592887878, 26.7663536072, -18.2161064148, -40.1783905029, 1.20815610886, 16.1243629456, -7.92355394363, 28.4400939941, 103.830947876, 25.731760025], [-135.042922974, 14.7079000473, -17.2614688873, -19.0924720764, 12.3616809845, -15.8386964798, -14.4133424759, -3.37702822685, 12.5708990097, -5.19310569763, 11.8779201508, 25.731760025, 56.5082702637]], "icov": [[0.000565490918234, -0.000905363238417, 0.00160459650215, -0.00193182192743, 0.00166720105335, -0.00170685746707, 0.00147269025911, -0.000949216424488, 0.000876421341673, -0.00029066335992, 0.00108774972614, -0.000819502281956, 0.000823122158181], [-0.000905363238417, 0.00400542514399, -0.00275335856713, 0.00383192091249, -0.00292181456462, 0.00383495236747, -0.00298111559823, 0.00373864127323, -0.00264202570543, 0.00396863091737, -0.0040548061952, 0.00524891214445, -0.0021607906092], [0.00160459650215, -0.00275335856713, 0.00668933941051, -0.00634187879041, 0.00428033666685, -0.00393163785338, 0.00324786570854, -0.00211452925578, 0.00296013173647, -0.0030190621037, 0.00365651096217, -0.00302196410485, 0.00278716161847], [-0.00193182192743, 0.00383192091249, -0.00634187879041, 0.0122458385304, -0.00507431617007, 0.00459292717278, -0.00297812186182, 0.00324663799256, -0.00250246468931, 0.00244147935882, -0.00460391258821, 0.00577835505828, -0.00246438407339], [0.00166720105335, -0.00292181456462, 0.00428033666685, -0.00507431617007, 0.00965055730194, -0.00568554922938, 0.00413080444559, -0.00366078456864, 0.000869124021847, -0.000248170050327, 0.00420920085162, -0.00382233015262, 0.00210752757266], [-0.00170685746707, 0.00383495236747, -0.00393163785338, 0.00459292717278, -0.00568554922938, 0.0163768194616, -0.00928004831076, 0.0049113589339, -0.00238637882285, 0.00141184800304, -0.00325666810386, 0.00316277774982, -0.0010608980665], [0.00147269025911, -0.00298111559823, 0.00324786570854, -0.00297812186182, 0.00413080444559, -0.00928004831076, 0.0131316678599, -0.00573166273534, 0.00666157342494, -0.00125975569244, 0.00155135768, 0.000359456957085, 0.0016959089553], [-0.000949216424488, 0.00373864127323, -0.00211452925578, 0.00324663799256, -0.00366078456864, 0.0049113589339, -0.00573166273534, 0.017877144739, -0.00756024662405, 0.00119485449977, 0.00258698826656, 0.00237586931325, -0.000840640102979], [0.000876421341673, -0.00264202570543, 0.00296013173647, -0.00250246468931, 0.000869124021847, -0.00238637882285, 0.00666157342494, -0.00756024662405, 0.020598391071, -0.00401594629511, 0.00198633386753, -0.00277094868943, -0.000877979910001], [-0.00029066335992, 0.00396863091737, -0.0030190621037, 0.00244147935882, -0.000248170050327, 0.00141184800304, -0.00125975569244, 0.00119485449977, -0.00401594629511, 0.0214029010385, -0.00958654470742, 0.00826594140381, -0.00051340891514], [0.00108774972614, -0.0040548061952, 0.00365651096217, -0.00460391258821, 0.00420920085162, -0.00325666810386, 0.00155135768, 0.00258698826656, 0.00198633386753, -0.00958654470742, 0.0261798538268, -0.0118369217962, 0.000497242785059], [-0.000819502281956, 0.00524891214445, -0.00302196410485, 0.00577835505828, -0.00382233015262, 0.00316277774982, 0.000359456957085, 0.00237586931325, -0.00277094868943, 0.00826594140381, -0.0118369217962, 0.0217782407999, -0.00639189826325], [0.000823122158181, -0.0021607906092, 0.00278716161847, -0.00246438407339, 0.00210752757266, -0.0010608980665, 0.0016959089553, -0.000840640102979, -0.000877979910001, -0.00051340891514, 0.000497242785059, -0.00639189826325, 0.02282294631]], "mean": [-9.36615371704, 100.97063446, -143.407363892, 64.8796310425, -82.4336776733, 8.8397436142, -40.6063766479, -11.1388578415, -13.7898550034, -13.9112548828, -12.1470012665, -8.94823741913, -11.0366306305]}, "hfc": {"dmean": 6.59031152725, "dmean2": 8.93650817871, "dvar": 85.3800506592, "dvar2": 153.159072876, "max": 156.335113525, "mean": 26.1135368347, "median": 21.3298721313, "min": 1.14389258428e-16, "var": 383.086242676}, "melbands": {"dmean": [7.11531320121e-05, 0.00037874976988, 0.000800179550424, 0.000451767205959, 0.000363555387594, 0.000227137948968, 0.000165863020811, 0.000120649478049, 8.50783108035e-05, 8.12622602098e-05, 6.75232658978e-05, 3.28254209307e-05, 2.72577199212e-05, 2.60137767327e-05, 4.33094901382e-05, 2.40537465288e-05, 3.02211101371e-05, 2.70261498372e-05, 1.3621845028e-05, 1.74329125002e-05, 1.67340785993e-05, 3.03410233755e-05, 3.3777225326e-05, 1.95683660422e-05, 8.49658226798e-06, 7.42467545933e-06, 5.6279745877e-06, 5.533939202e-06, 6.11018276686e-06, 5.71918326386e-06, 5.36557399755e-06, 5.63661478736e-06, 5.93788536207e-06, 5.45861576029e-06, 3.39408029504e-06, 1.47730099798e-06, 6.8765729111e-07, 3.26927221295e-07, 1.53922670165e-07, 7.02048836843e-08], "dmean2": [0.000116390881885, 0.000590028241277, 0.00128269509878, 0.000753102824092, 0.000590300420299, 0.00035891745938, 0.000269821786787, 0.000196335327928, 0.000132163622766, 0.00012526937644, 0.000104783801362, 5.09303608851e-05, 4.27396007581e-05, 3.92913461837e-05, 6.63650935167e-05, 3.80938909075e-05, 4.71093480883e-05, 4.28023304266e-05, 2.12974719034e-05, 2.67535087914e-05, 2.57338106167e-05, 4.60103947262e-05, 5.21509828104e-05, 2.99959974654e-05, 1.30215876197e-05, 1.17070230772e-05, 8.81884625414e-06, 8.45808517624e-06, 9.23586503632e-06, 8.76111334946e-06, 8.30499811855e-06, 8.59253123053e-06, 9.04791340872e-06, 8.30763929116e-06, 5.19544892086e-06, 2.25081453209e-06, 1.0437382798e-06, 4.99818497701e-07, 2.30839034998e-07, 1.06792924726e-07], "dvar": [9.26217591513e-09, 3.20624167216e-07, 1.22346341414e-06, 5.80873916078e-07, 2.32554725699e-07, 1.14734710621e-07, 6.04839627272e-08, 3.49594948545e-08, 1.72033729484e-08, 3.13054755452e-08, 1.87588078404e-08, 4.21903312287e-09, 7.5016366452e-09, 8.13705547387e-09, 1.3390195619e-08, 4.1527030703e-09, 7.08383440795e-09, 5.58635004921e-09, 1.26826160685e-09, 1.62816138349e-09, 1.30111899033e-09, 5.70389691035e-09, 6.26822771466e-09, 1.90520488275e-09, 2.13405779159e-10, 1.39803169041e-10, 6.99032706719e-11, 9.24546689207e-11, 1.18609927435e-10, 8.87936044136e-11, 8.25279497518e-11, 1.42817646598e-10, 2.08578987415e-10, 1.69949429529e-10, 5.51467933818e-11, 1.12878335151e-11, 2.15095671309e-12, 3.27107210676e-13, 8.20264402191e-14, 2.09999491483e-14], "dvar2": [2.38928574703e-08, 7.52160246975e-07, 2.85804912892e-06, 1.64520963608e-06, 6.11427367403e-07, 2.61796117229e-07, 1.50674196675e-07, 8.93924223533e-08, 3.86794170026e-08, 6.66407515837e-08, 4.38054428287e-08, 9.57134727031e-09, 1.68406213419e-08, 1.38657600957e-08, 2.6870454306e-08, 9.67222657522e-09, 1.44620564413e-08, 1.22408154724e-08, 2.7254598578e-09, 3.50551609962e-09, 2.96586799564e-09, 1.2447356923e-08, 1.49665719817e-08, 4.40867342633e-09, 4.85126605554e-10, 3.44862777224e-10, 1.63771385342e-10, 2.03433089818e-10, 2.49522374984e-10, 2.00732763744e-10, 1.90874371864e-10, 3.24834131815e-10, 4.82134665525e-10, 3.63521601709e-10, 1.20007920268e-10, 2.44401981292e-11, 4.82929191428e-12, 7.30439851399e-13, 1.7599242647e-13, 4.3506593727e-14], "max": [0.00149957032409, 0.00844035670161, 0.0136400703341, 0.00938151124865, 0.00654310919344, 0.00647600693628, 0.00534491566941, 0.00373418419622, 0.00268769054674, 0.00343479425646, 0.00308753689751, 0.00156240107026, 0.00315374857746, 0.00322383642197, 0.00447468319908, 0.00168690504506, 0.00295773986727, 0.00237834593281, 0.00109908240847, 0.00136454543099, 0.000902347557712, 0.00237081665546, 0.00176694989204, 0.00112197699491, 0.000286328053335, 0.000450841820566, 0.000251284509432, 0.00013411877444, 0.000186702891369, 0.000178624919499, 0.000170623461599, 0.000239672372118, 0.000355204712832, 0.000276990496786, 0.000169016100699, 8.86637863005e-05, 2.99900275422e-05, 9.60019497143e-06, 7.14752241038e-06, 5.57265911993e-06], "mean": [0.00014414373436, 0.000978801050223, 0.00173554115463, 0.00072792742867, 0.000605532724876, 0.000417235423811, 0.000284687470412, 0.000205881864531, 0.000148379287566, 0.00014316146553, 0.000117214891361, 5.80136256758e-05, 4.5906399464e-05, 4.40700168838e-05, 7.40252653486e-05, 3.89364395232e-05, 5.15532155987e-05, 4.67746976938e-05, 2.46529252763e-05, 3.37862693414e-05, 3.13279633701e-05, 5.91646057728e-05, 6.1680249928e-05, 3.35371878464e-05, 1.57522663358e-05, 1.5714116671e-05, 1.20522172438e-05, 1.06829902506e-05, 1.17097015391e-05, 1.15473494589e-05, 1.09703551061e-05, 1.10129058157e-05, 1.16949295261e-05, 1.07718706204e-05, 6.81129449731e-06, 2.98078157357e-06, 1.36735900469e-06, 6.64879166834e-07, 3.15928275541e-07, 1.39311580938e-07], "median": [7.74130094214e-05, 0.00057922070846, 0.00118072202895, 0.000496235734317, 0.000413417816162, 0.000238793698372, 0.000183481985005, 0.000124015030451, 8.04688388598e-05, 4.93903644383e-05, 4.14803835156e-05, 2.37100684899e-05, 1.85708649951e-05, 1.92304523807e-05, 2.92701461149e-05, 1.74098549905e-05, 1.92245879589e-05, 1.79069902515e-05, 9.94443507807e-06, 1.14900558401e-05, 1.38459545269e-05, 2.06863223866e-05, 1.66251284099e-05, 9.57491101872e-06, 7.67655637901e-06, 9.83821337286e-06, 7.55067731006e-06, 5.72228100282e-06, 6.36137838228e-06, 7.28374288883e-06, 7.19043100617e-06, 6.45590216664e-06, 6.24888980383e-06, 6.00225894232e-06, 3.66673316421e-06, 1.56002124641e-06, 7.39070060263e-07, 4.10117650063e-07, 1.77484622554e-07, 7.9728593505e-08], "min": [1.01490095123e-23, 1.65728632134e-23, 8.27503256663e-24, 9.633782367e-24, 1.08528351563e-23, 9.44952496993e-24, 6.79132719887e-24, 9.0747221655e-24, 1.04114138372e-23, 5.99726336155e-24, 9.37538308889e-24, 9.04320322803e-24, 2.33456028772e-24, 3.22267310824e-24, 1.35799949504e-24, 8.29310458111e-24, 1.06340295958e-23, 6.69430835159e-24, 1.17245343451e-23, 1.02514383677e-23, 6.34067384069e-24, 6.61169844316e-24, 9.85587905512e-24, 8.83760872119e-24, 7.12242632029e-24, 7.3499551046e-24, 8.31062202637e-24, 9.86582264683e-24, 8.46351904702e-24, 9.54928668658e-24, 1.0561610587e-23, 8.5106676856e-24, 6.85602483716e-24, 7.32499791214e-24, 8.54600392099e-24, 7.8189865553e-24, 9.37296128591e-24, 1.01429013623e-23, 9.87142987014e-24, 1.07915840513e-23], "var": [2.67489159711e-08, 1.31615388455e-06, 3.18035495184e-06, 6.7409229132e-07, 3.9299305854e-07, 3.05639900944e-07, 1.26722625282e-07, 8.18413568027e-08, 4.72130814444e-08, 8.57781969898e-08, 5.77500074428e-08, 1.23804628771e-08, 1.61618221028e-08, 1.80383832316e-08, 3.31592140412e-08, 6.39468078489e-09, 1.56985091593e-08, 1.60684940909e-08, 3.02803915275e-09, 5.22702636729e-09, 2.97317859221e-09, 1.89980990939e-08, 1.66474638519e-08, 4.38709069073e-09, 4.97535901367e-10, 3.33001737296e-10, 1.92646412711e-10, 1.91513138681e-10, 2.35623270894e-10, 1.77921358202e-10, 1.56501367421e-10, 2.46581421948e-10, 4.43656000826e-10, 3.52485873822e-10, 1.34612793135e-10, 2.78961229117e-11, 4.96710398507e-12, 7.1713051079e-13, 2.15999188479e-13, 4.66681509788e-14]}, "melbands_crest": {"dmean": 3.272108078, "dmean2": 5.20228910446, "dvar": 8.61480712891, "dvar2": 20.2265052795, "max": 39.6513595581, "mean": 14.1763458252, "median": 13.2933244705, "min": 1.99428761005, "var": 29.9951725006}, "melbands_flatness_db": {"dmean": 0.0223027504981, "dmean2": 0.033309135586, "dvar": 0.000512125261594, "dvar2": 0.00110087404028, "max": 0.429300785065, "mean": 0.163856595755, "median": 0.157767906785, "min": 0.00597760500386, "var": 0.00289738248102}, "melbands_kurtosis": {"dmean": 6.3085064888, "dmean2": 9.75797271729, "dvar": 101.277023315, "dvar2": 238.897171021, "max": 282.74420166, "mean": 13.9837713242, "median": 8.75721549988, "min": -1.83764743805, "var": 343.026245117}, "melbands_skewness": {"dmean": 0.708514034748, "dmean2": 1.08000361919, "dvar": 0.539170742035, "dvar2": 1.20610141754, "max": 13.645368576, "mean": 2.88186216354, "median": 2.74190473557, "min": -2.51960015297, "var": 2.72886347771}, "melbands_spread": {"dmean": 9.46391582489, "dmean2": 14.4172735214, "dvar": 167.451812744, "dvar2": 362.595916748, "max": 189.584060669, "mean": 31.8382167816, "median": 26.1632633209, "min": 1.07141387463, "var": 531.229553223}, "mfcc": {"cov": [[8483.52246094, 182.011199951, -464.372619629, 314.246612549, -255.931335449, 123.848190308, -215.201370239, 120.395996094, -96.0752868652, 43.644618988, -31.0401325226, 6.00240516663, -127.892982483], [182.011199951, 720.564331055, 3.19587349892, 2.68855619431, -25.2571868896, 43.9956245422, 22.1597633362, -3.37459611893, -13.3015975952, -22.1576690674, -8.6239528656, -11.1786079407, -13.3198986053], [-464.372619629, 3.19587349892, 470.756317139, 88.5132446289, -54.2089729309, 50.1465759277, 47.2658348083, -58.5082435608, -32.2531890869, 31.6702327728, -9.2853269577, -11.4545755386, 42.8774795532], [314.246612549, 2.68855619431, 88.5132446289, 176.207992554, 32.9525985718, 4.43661499023, -15.2919244766, -18.5255699158, -8.62077331543, 6.4978017807, -7.86270141602, -5.14589357376, 1.19302129745], [-255.931335449, -25.2571868896, -54.2089729309, 32.9525985718, 218.083496094, -30.2172260284, -68.7247467041, 6.7661857605, 23.3921394348, -30.9210567474, -17.4888439178, 27.0149345398, -3.14172673225], [123.848190308, 43.9956245422, 50.1465759277, 4.43661499023, -30.2172260284, 124.490638733, 61.5720939636, 4.94838666916, -14.9242105484, 14.1556472778, 6.61115884781, -21.2986469269, 4.09836435318], [-215.201370239, 22.1597633362, 47.2658348083, -15.2919244766, -68.7247467041, 61.5720939636, 167.628463745, 13.7851924896, 11.6325750351, 36.7218437195, 19.0287361145, -24.6372890472, -5.05776500702], [120.395996094, -3.37459611893, -58.5082435608, -18.5255699158, 6.7661857605, 4.94838666916, 13.7851924896, 96.3608703613, 24.106590271, -16.4896469116, 5.14529895782, 1.98100137711, -17.9933509827], [-96.0752868652, -13.3015975952, -32.2531890869, -8.62077331543, 23.3921394348, -14.9242105484, 11.6325750351, 24.106590271, 78.5310058594, 30.1095371246, 4.10554218292, -3.37834739685, -15.0185136795], [43.644618988, -22.1576690674, 31.6702327728, 6.4978017807, -30.9210567474, 14.1556472778, 36.7218437195, -16.4896469116, 30.1095371246, 94.0218963623, 19.0321750641, -17.5475769043, -7.71742963791], [-31.0401325226, -8.6239528656, -9.2853269577, -7.86270141602, -17.4888439178, 6.61115884781, 19.0287361145, 5.14529895782, 4.10554218292, 19.0321750641, 54.5662536621, 4.04417037964, -12.3860311508], [6.00240516663, -11.1786079407, -11.4545755386, -5.14589357376, 27.0149345398, -21.2986469269, -24.6372890472, 1.98100137711, -3.37834739685, -17.5475769043, 4.04417037964, 59.27293396, 18.9086112976], [-127.892982483, -13.3198986053, 42.8774795532, 1.19302129745, -3.14172673225, 4.09836435318, -5.05776500702, -17.9933509827, -15.0185136795, -7.71742963791, -12.3860311508, 18.9086112976, 71.3903656006]], "icov": [[0.000215416628635, -2.67220093519e-05, 0.000356458302122, -0.000609419425018, 0.000538328953553, -0.000460644369014, 0.000513413338922, -0.000357369979611, 0.000328344438458, -0.000447531579994, 0.000428847386502, -0.000464348559035, 0.000391541980207], [-2.67220093519e-05, 0.00146425224375, 3.29462386617e-06, 6.87018791723e-06, 0.000146463687997, -0.000521820678841, -0.000149651779793, 0.000350073445588, -0.000193741987459, 0.000649263092782, 0.000229289522395, -1.33458361233e-05, 0.000410010339692], [0.000356458302122, 3.29462386617e-06, 0.00349938194267, -0.00242011225782, 0.00142563926056, -0.00139404763468, 0.00022929024999, 0.000522135640495, 0.00099263060838, -0.00127332436386, 0.00123816437554, -0.000849039235618, -0.000620629056357], [-0.000609419425018, 6.87018791723e-06, -0.00242011225782, 0.00857542455196, -0.00300681893714, 0.00126827973872, -0.00080757541582, 0.00119357556105, 5.33858246854e-06, 0.000378889904823, -0.00084813934518, 0.00208832928911, -0.000399943994125], [0.000538328953553, 0.000146463687997, 0.00142563926056, -0.00300681893714, 0.00781463366002, -0.0018787154695, 0.00315933302045, -0.00026265415363, -0.00241262745112, 0.000873391458299, 0.00232033501379, -0.00351145328023, 0.00171459687408], [-0.000460644369014, -0.000521820678841, -0.00139404763468, 0.00126827973872, -0.0018787154695, 0.0122959604487, -0.00460147904232, -0.00107102259062, 0.00277967937291, -0.000359226076398, -0.00170046614949, 0.00409652944654, -0.00232512038201], [0.000513413338922, -0.000149651779793, 0.00022929024999, -0.00080757541582, 0.00315933302045, -0.00460147904232, 0.0103965094313, -0.00215731887147, -0.000953052192926, -0.00248177396134, -0.000570881820749, 0.000207672186662, 0.0007408085512], [-0.000357369979611, 0.000350073445588, 0.000522135640495, 0.00119357556105, -0.00026265415363, -0.00107102259062, -0.00215731887147, 0.0147689012811, -0.00620092870668, 0.00587820680812, -0.00160437857267, -0.000453368091257, 0.00188369478565], [0.000328344438458, -0.000193741987459, 0.00099263060838, 5.33858246854e-06, -0.00241262745112, 0.00277967937291, -0.000953052192926, -0.00620092870668, 0.0206502526999, -0.00945539306849, 0.00232921307907, -0.000348255998688, 0.00187807145994], [-0.000447531579994, 0.000649263092782, -0.00127332436386, 0.000378889904823, 0.000873391458299, -0.000359226076398, -0.00248177396134, 0.00587820680812, -0.00945539306849, 0.018608758226, -0.00585909467191, 0.00374242966063, -0.000542646914255], [0.000428847386502, 0.000229289522395, 0.00123816437554, -0.00084813934518, 0.00232033501379, -0.00170046614949, -0.000570881820749, -0.00160437857267, 0.00232921307907, -0.00585909467191, 0.0236197877675, -0.00667341472581, 0.00555861042812], [-0.000464348559035, -1.33458361233e-05, -0.000849039235618, 0.00208832928911, -0.00351145328023, 0.00409652944654, 0.000207672186662, -0.000453368091257, -0.000348255998688, 0.00374242966063, -0.00667341472581, 0.0242319684476, -0.00809322297573], [0.000391541980207, 0.000410010339692, -0.000620629056357, -0.000399943994125, 0.00171459687408, -0.00232512038201, 0.0007408085512, 0.00188369478565, 0.00187807145994, -0.000542646914255, 0.00555861042812, -0.00809322297573, 0.0193454734981]], "mean": [-623.444458008, 97.7117538452, 0.709449410439, 37.2942123413, -11.2767906189, 13.464427948, -19.3320808411, 5.19362354279, -11.2498321533, -4.05841016769, -4.24240493774, -0.81349915266, -6.57082653046]}, "pitch_salience": {"dmean": 0.0678425356746, "dmean2": 0.108800105751, "dvar": 0.00358798075467, "dvar2": 0.00857222266495, "max": 0.893262624741, "mean": 0.586745858192, "median": 0.596598029137, "min": 0.0232545603067, "var": 0.0123995663598}, "silence_rate_20dB": {"dmean": 0, "dmean2": 0, "dvar": 0, "dvar2": 0, "max": 1, "mean": 1, "median": 1, "min": 1, "var": 0}, "silence_rate_30dB": {"dmean": 0, "dmean2": 0, "dvar": 0, "dvar2": 0, "max": 1, "mean": 1, "median": 1, "min": 1, "var": 0}, "silence_rate_60dB": {"dmean": 0.00863609276712, "dmean2": 0.0172747578472, "dvar": 0.00856227986515, "dvar2": 0.0199542529881, "max": 1, "mean": 0.0434717871249, "median": 0, "min": 0, "var": 0.0415836945176}, "spectral_centroid": {"dmean": 308.12210083, "dmean2": 461.010772705, "dvar": 142320.078125, "dvar2": 276635.5, "max": 11528.6308594, "mean": 1651.76184082, "median": 1607.68676758, "min": 254.771209717, "var": 537856.3125}, "spectral_complexity": {"dmean": 4.32013082504, "dmean2": 6.13015651703, "dvar": 23.2453041077, "dvar2": 37.1019744873, "max": 59, "mean": 22.1716537476, "median": 21, "min": 0, "var": 129.773757935}, "spectral_contrast_coeffs": {"dmean": [0.0483530163765, 0.0477333441377, 0.0371672622859, 0.0309479236603, 0.0225066579878, 0.016946144402], "dmean2": [0.0794637650251, 0.0795027688146, 0.0600200146437, 0.0496010296047, 0.0359742790461, 0.026534570381], "dvar": [0.00163594179321, 0.00144290598109, 0.000874325458426, 0.000673084519804, 0.000392939167796, 0.000233654151089], "dvar2": [0.00431121094152, 0.00380576378666, 0.00214738748036, 0.00159998552408, 0.000881204672623, 0.000500431517139], "max": [-0.332563012838, -0.378906130791, -0.461944788694, -0.489318072796, -0.520040392876, -0.512907624245], "mean": [-0.573939561844, -0.7438159585, -0.776690661907, -0.77665156126, -0.782939076424, -0.677740573883], "median": [-0.568034172058, -0.749163091183, -0.784707486629, -0.783923208714, -0.789047718048, -0.674027681351], "min": [-0.970039308071, -0.966102361679, -0.970101714134, -0.959130704403, -0.963306844234, -0.96083009243], "var": [0.00487757381052, 0.00456085801125, 0.0040591112338, 0.00367763312533, 0.00227810349315, 0.00177979737055]}, "spectral_contrast_valleys": {"dmean": [0.412889629602, 0.358116745949, 0.300512313843, 0.264598399401, 0.235353961587, 0.23115105927], "dmean2": [0.67108386755, 0.577278971672, 0.473361670971, 0.400931090117, 0.3251478374, 0.311379909515], "dvar": [0.16843649745, 0.134543091059, 0.102029077709, 0.0930634811521, 0.0951633676887, 0.0953932777047], "dvar2": [0.346053004265, 0.267577260733, 0.178176566958, 0.145800501108, 0.118701219559, 0.125313237309], "max": [-6.15603733063, -4.85553503036, -5.60367250443, -6.11011981964, -5.52783918381, -8.05563259125], "mean": [-7.63447904587, -6.55375862122, -7.49926948547, -7.73067617416, -7.25661230087, -10.1844396591], "median": [-7.38190841675, -6.34992456436, -7.29247331619, -7.5361289978, -7.08048868179, -9.95318412781], "min": [-27.737071991, -27.5051231384, -27.0079574585, -27.4017810822, -27.6184692383, -27.2868881226], "var": [1.79243183136, 1.59027647972, 1.50669550896, 1.52062058449, 1.6673489809, 1.48837268353]}, "spectral_decrease": {"dmean": 1.30857391589e-09, "dmean2": 2.01383043574e-09, "dvar": 1.95958652844e-18, "dvar2": 4.40259312329e-18, "max": 3.13993296352e-29, "mean": -5.69452263122e-09, "median": -5.99565108672e-09, "min": -1.4107714108e-08, "var": 6.80067285073e-18}, "spectral_energy": {"dmean": 0.00516545586288, "dmean2": 0.00782573968172, "dvar": 2.97667738778e-05, "dvar2": 6.37491830275e-05, "max": 0.0545093901455, "mean": 0.0238610245287, "median": 0.0253721661866, "min": 1.02569313513e-20, "var": 0.000115841132356}, "spectral_energyband_high": {"dmean": 0.000679758144543, "dmean2": 0.000962886901107, "dvar": 1.65599794855e-06, "dvar2": 3.14887688546e-06, "max": 0.024085925892, "mean": 0.00178004882764, "median": 0.00116954068653, "min": 7.49574915224e-21, "var": 4.44468105343e-06}, "spectral_energyband_low": {"dmean": 0.00235122442245, "dmean2": 0.00371795566753, "dvar": 8.85480221768e-06, "dvar2": 2.21269638132e-05, "max": 0.0397844240069, "mean": 0.00588855519891, "median": 0.0048012835905, "min": 9.50450478849e-23, "var": 2.70822201855e-05}, "spectral_energyband_middle_high": {"dmean": 0.00171794672497, "dmean2": 0.00244428240694, "dvar": 5.55473843633e-06, "dvar2": 1.02399162643e-05, "max": 0.0408757179976, "mean": 0.00569299515337, "median": 0.0038335181307, "min": 1.35193694516e-21, "var": 3.39092694048e-05}, "spectral_energyband_middle_low": {"dmean": 0.00441120704636, "dmean2": 0.00696673290804, "dvar": 2.45982319029e-05, "dvar2": 6.0455982748e-05, "max": 0.0511523373425, "mean": 0.0128476656973, "median": 0.0117725832388, "min": 3.03165809199e-22, "var": 6.17770565441e-05}, "spectral_entropy": {"dmean": 0.117407150567, "dmean2": 0.17498703301, "dvar": 0.0151514746249, "dvar2": 0.0291430484504, "max": 9.80310153961, "mean": 7.74144124985, "median": 7.78346395493, "min": 5.83305358887, "var": 0.085548736155}, "spectral_flux": {"dmean": 0.017640484497, "dmean2": 0.0279169324785, "dvar": 0.000325763132423, "dvar2": 0.000774561369326, "max": 0.190727591515, "mean": 0.0798820406199, "median": 0.07654081285, "min": 1.01276508013e-10, "var": 0.00103961362038}, "spectral_kurtosis": {"dmean": 0.978023290634, "dmean2": 1.70256543159, "dvar": 1.4168702364, "dvar2": 4.04575157166, "max": 22.6473388672, "mean": 1.59474599361, "median": 1.15709805489, "min": -1.22287333012, "var": 3.40784335136}, "spectral_rms": {"dmean": 0.000542232766747, "dmean2": 0.000808269309346, "dvar": 3.41373720403e-07, "dvar2": 6.85277825596e-07, "max": 0.00729245459661, "mean": 0.00462597515434, "median": 0.00497527234256, "min": 3.16334675468e-12, "var": 1.87934188034e-06}, "spectral_rolloff": {"dmean": 623.384521484, "dmean2": 1002.02636719, "dvar": 877826.1875, "dvar2": 1794516.25, "max": 19143.0175781, "mean": 1988.56628418, "median": 1658.05664063, "min": 21.533203125, "var": 2314856}, "spectral_skewness": {"dmean": 0.166915357113, "dmean2": 0.266102224588, "dvar": 0.0288359187543, "dvar2": 0.0656194314361, "max": 4.20155382156, "mean": 0.879949808121, "median": 0.835007250309, "min": -0.405894309282, "var": 0.13509772718}, "spectral_spread": {"dmean": 326009.9375, "dmean2": 491321.78125, "dvar": 349789061120, "dvar2": 434975965184, "max": 39868916, "mean": 4477401, "median": 4386241, "min": 1523081, "var