{"lowlevel": {"average_loudness": 0.546478867531, "barkbands": {"dmean": [6.53826236885e-06, 0.000603554421104, 0.00119754951447, 0.00147108908277, 0.00223179743625, 0.000752082734834, 0.000667603278998, 0.000406100123655, 0.000526313320734, 0.000317105063004, 0.000458504917333, 0.000312581309117, 0.000217775028432, 0.000188171732589, 0.000171041639987, 7.42871852708e-05, 0.000112672278192, 9.54539718805e-05, 5.52632845938e-05, 5.0354119594e-05, 2.59653770627e-05, 1.79621220013e-05, 1.33225821628e-05, 1.10596465674e-05, 5.95862229602e-06, 1.9967649223e-06, 2.21573387194e-07], "dmean2": [1.08445110527e-05, 0.000985056976788, 0.00189171056263, 0.00234819808975, 0.00343401031569, 0.00112881569657, 0.00101965561043, 0.000581860542297, 0.000761345087085, 0.000474538654089, 0.000694571528584, 0.000459106755443, 0.000339798454661, 0.000290054827929, 0.000272156350547, 0.000114004134957, 0.000174900123966, 0.000150602878421, 8.48071504151e-05, 7.81454727985e-05, 3.76443458663e-05, 2.56778093899e-05, 1.86825727724e-05, 1.48590015669e-05, 7.55516111894e-06, 2.50075208896e-06, 2.97797043913e-07], "dvar": [2.04060168763e-09, 5.51794119019e-06, 9.17696524994e-06, 1.60734907695e-05, 3.89745691791e-05, 4.09632184528e-06, 4.53789471067e-06, 2.2545682441e-06, 3.45334797203e-06, 1.30728699332e-06, 2.55257077697e-06, 5.97664211455e-07, 3.16913173037e-07, 3.07103618979e-07, 1.69911302805e-07, 6.58333902948e-08, 5.77375054434e-08, 4.1742957535e-08, 1.57939776813e-08, 2.72364530929e-08, 6.61275167957e-09, 3.02857228185e-09, 2.31063301825e-09, 1.19771959017e-09, 4.67950178606e-10, 5.80582248944e-11, 7.47394333922e-13], "dvar2": [5.0546113961e-09, 1.45886742757e-05, 2.36819578276e-05, 3.86650353903e-05, 9.20609818422e-05, 8.16238389234e-06, 1.02462699942e-05, 4.37782318841e-06, 6.95587186783e-06, 2.95510653814e-06, 6.1481555349e-06, 1.34869219437e-06, 7.07824824531e-07, 7.3492554975e-07, 3.97244178885e-07, 1.33866052465e-07, 1.37256975563e-07, 1.00798906999e-07, 3.70325992094e-08, 6.39910737732e-08, 1.39666953558e-08, 6.03862515547e-09, 5.04849051453e-09, 2.00923788718e-09, 7.73581532165e-10, 9.51619061329e-11, 1.41687096084e-12], "max": [0.0011408731807, 0.0555066019297, 0.0925493389368, 0.0828343778849, 0.129483878613, 0.0702582448721, 0.0755088478327, 0.0603667274117, 0.0831863358617, 0.0448142886162, 0.0433558709919, 0.0194331388921, 0.0213033761829, 0.0173318628222, 0.0115430001169, 0.0150262545794, 0.0095435725525, 0.0115057015792, 0.00342197297141, 0.0101575860754, 0.00277599180117, 0.00199230271392, 0.0018658277113, 0.00127119570971, 0.000967821863014, 0.000382683967473, 4.02327350457e-05], "mean": [5.61376145924e-06, 0.00110938341822, 0.00238651689142, 0.00225959229283, 0.00441715028137, 0.00188342900947, 0.00121622579172, 0.000842850538902, 0.00110571680125, 0.000647034146823, 0.000833432422951, 0.000619367405307, 0.000423333520303, 0.000416075694375, 0.000327496760292, 0.000134561094455, 0.000235833300394, 0.000216259242734, 0.000128782354295, 0.000108443840872, 5.01778522448e-05, 3.69576773664e-05, 2.49184977292e-05, 2.16917396756e-05, 1.07124897113e-05, 3.19535206472e-06, 3.41637814927e-07], "median": [2.3920398462e-07, 0.000329140661051, 0.00101031037048, 0.000773692678194, 0.00190722802654, 0.000676672556438, 0.00034254201455, 0.000142352029798, 0.00013883333304, 9.38617886277e-05, 0.000110285604023, 0.000172939733602, 0.000113013498776, 5.97347752773e-05, 0.000100597048004, 3.55930678779e-05, 7.57349189371e-05, 6.93906549714e-05, 3.09532770189e-05, 2.33520968322e-05, 9.08795118448e-06, 7.07020581103e-06, 3.93679283661e-06, 3.30333682541e-06, 1.13178293759e-06, 2.71217459158e-07, 6.50820908277e-08], "min": [4.52582415988e-10, 2.06825667703e-10, 2.48044727119e-11, 3.07799901018e-12, 3.44891411437e-12, 2.17155200072e-12, 1.30561913277e-12, 8.91644342995e-13, 1.40735914676e-12, 1.1763757286e-12, 5.86946073342e-13, 5.47169026668e-13, 1.76949611647e-12, 2.02300524423e-12, 2.08110677129e-12, 1.696119265e-12, 1.80161625635e-12, 1.36644211571e-12, 1.36357689463e-12, 1.77177185683e-12, 1.53246089863e-12, 1.44160551552e-12, 1.3316753299e-12, 1.77573461577e-12, 2.78697464412e-12, 3.41186801034e-12, 9.25130597129e-11], "var": [1.6804685421e-09, 7.12375913281e-06, 1.59208484547e-05, 2.26372249017e-05, 6.29418864264e-05, 1.70225284819e-05, 1.17540530482e-05, 9.48984961724e-06, 1.6074944142e-05, 4.70396844321e-06, 7.07170738679e-06, 1.47868115619e-06, 9.1663952162e-07, 1.42570968364e-06, 4.60880045239e-07, 1.62061269293e-07, 1.88324662531e-07, 1.70221213125e-07, 5.47562137854e-08, 5.8461413488e-08, 1.69885225887e-08, 9.38245481308e-09, 5.02914110356e-09, 4.50731718615e-09, 1.65765867699e-09, 1.55980797722e-10, 1.4800038365e-12]}, "barkbands_crest": {"dmean": 1.87027728558, "dmean2": 2.94956421852, "dvar": 3.57810688019, "dvar2": 8.88317584991, "max": 26.3274841309, "mean": 10.1761169434, "median": 9.38510894775, "min": 2.88991999626, "var": 15.4891061783}, "barkbands_flatness_db": {"dmean": 0.0160132944584, "dmean2": 0.0236060451716, "dvar": 0.000280888663838, "dvar2": 0.000601223844569, "max": 0.373530387878, "mean": 0.176773548126, "median": 0.170988529921, "min": 0.0465575866401, "var": 0.00268615409732}, "barkbands_kurtosis": {"dmean": 2.24705576897, "dmean2": 3.39610981941, "dvar": 10.6026659012, "dvar2": 24.1366405487, "max": 63.8543663025, "mean": 5.34985351563, "median": 3.01089954376, "min": -1.88042390347, "var": 52.4187316895}, "barkbands_skewness": {"dmean": 0.393180936575, "dmean2": 0.585727632046, "dvar": 0.174752742052, "dvar2": 0.389791935682, "max": 6.99621009827, "mean": 1.75407648087, "median": 1.6708868742, "min": -1.8983001709, "var": 1.24314928055}, "barkbands_spread": {"dmean": 2.83660674095, "dmean2": 4.27344799042, "dvar": 12.545124054, "dvar2": 26.6962738037, "max": 81.6529159546, "mean": 14.266787529, "median": 12.8121576309, "min": 1.41379714012, "var": 75.2306518555}, "dissonance": {"dmean": 0.0199682656676, "dmean2": 0.0330976396799, "dvar": 0.000381016958272, "dvar2": 0.0010330947116, "max": 0.499999910593, "mean": 0.442875236273, "median": 0.451470553875, "min": 0.230146363378, "var": 0.00142143946141}, "dynamic_complexity": 5.28505802155, "erbbands": {"dmean": [0.00846975389868, 0.178692430258, 1.13555824757, 2.96882891655, 9.47107982635, 4.91140508652, 5.69994115829, 5.97693824768, 8.29524803162, 9.85707569122, 9.51588249207, 10.5857658386, 11.8530054092, 11.4512338638, 15.9918832779, 14.7330369949, 9.06716537476, 10.4588651657, 7.36781978607, 7.86925411224, 4.6986246109, 4.87100172043, 5.16155576706, 2.63510632515, 3.06206083298, 2.10155057907, 1.39580821991, 0.755141794682, 0.673439502716, 0.492958307266, 0.361320316792, 0.29898160696, 0.149419009686, 0.0725174844265, 0.0428551472723, 0.0141996694729, 0.00260241376236, 0.000452029547887, 3.66404674423e-05, 7.06920536686e-06], "dmean2": [0.012919427827, 0.292867422104, 1.7889893055, 4.7032418251, 14.6893377304, 7.57696676254, 8.58745765686, 9.12522697449, 12.5782308578, 14.656545639, 13.6269989014, 15.2072458267, 17.2146930695, 17.4296379089, 23.4669971466, 21.4565734863, 13.9310302734, 16.007692337, 11.5730714798, 12.6528396606, 7.12006282806, 7.37613296509, 8.06462097168, 3.99011874199, 4.70053434372, 3.25774908066, 2.05170559883, 1.09315299988, 0.978485286236, 0.682484447956, 0.508012056351, 0.41921427846, 0.199475720525, 0.0943468362093, 0.0552971661091, 0.0176068842411, 0.00329661276191, 0.000589432194829, 4.72188621643e-05, 9.59023236646e-06], "dvar": [0.00187484186608, 0.413841128349, 8.0372467041, 74.8914031982, 783.479187012, 144.284057617, 282.481811523, 312.177886963, 592.288146973, 1098.56225586, 1441.45361328, 1567.8371582, 1844.93225098, 1800.0625, 2776.11230469, 1342.35253906, 586.974487305, 734.710388184, 505.046234131, 405.288421631, 127.220481873, 104.338218689, 127.446311951, 35.7815933228, 61.249961853, 35.4007911682, 17.534828186, 5.3589015007, 4.18922996521, 2.64043784142, 1.38102376461, 1.02091562748, 0.29805034399, 0.0695452839136, 0.02821758762, 0.00306878983974, 9.01322127902e-05, 2.46724357567e-06, 2.02303027663e-08, 2.48582182616e-10], "dvar2": [0.00372745469213, 1.16034471989, 20.9475860596, 176.627380371, 1851.12280273, 341.803100586, 584.606262207, 629.138000488, 1296.98962402, 2336.88720703, 2885.89038086, 3009.87548828, 3835.54199219, 4272.80908203, 6110.59619141, 2997.79272461, 1297.86169434, 1716.17468262, 1245.72558594, 951.408996582, 260.353118896, 236.145111084, 295.540435791, 79.5102233887, 146.856430054, 84.0237350464, 38.2264938354, 11.4183082581, 8.92862606049, 4.98254203796, 2.84123826027, 2.11088728905, 0.521498441696, 0.118215724826, 0.0504555739462, 0.00499253254384, 0.000152185602929, 4.46744024885e-06, 3.70570703012e-08, 4.46853221092e-10], "max": [1.13425242901, 13.8114948273, 96.6260375977, 251.923614502, 543.890869141, 284.786651611, 632.19329834, 855.60949707, 1250.65466309, 1326.20227051, 1662.75927734, 2245.71508789, 1667.46008301, 1963.92041016, 1541.13037109, 962.305847168, 1004.82232666, 984.101318359, 650.42175293, 610.29901123, 700.450866699, 391.775268555, 733.493835449, 211.922836304, 285.804138184, 321.684967041, 136.364379883, 88.4966812134, 67.467124939, 83.1594696045, 61.7235336304, 37.6410560608, 23.5345077515, 10.5482025146, 7.98894357681, 2.88177990913, 0.480422109365, 0.0735178217292, 0.00806799903512, 0.00049884110922], "mean": [0.0143552226946, 0.339876025915, 2.39011335373, 5.33014583588, 14.4489879608, 11.1736936569, 15.3155288696, 14.1602668762, 16.9309978485, 18.5589981079, 20.912689209, 23.5088558197, 24.3177394867, 24.7719497681, 30.434129715, 30.6596755981, 19.8800048828, 24.5231590271, 15.9635734558, 15.0710735321, 10.0542068481, 11.9366044998, 12.5080080032, 6.62069177628, 7.1543712616, 4.83183002472, 2.82594037056, 1.54450559616, 1.36733734608, 0.964464604855, 0.694851458073, 0.551776647568, 0.286692559719, 0.135075986385, 0.0711683034897, 0.0229843985289, 0.00406527984887, 0.000692553410772, 6.40544240014e-05, 2.47344705713e-05], "median": [0.00244217389263, 0.113547801971, 0.978905856609, 2.33196592331, 4.88816261292, 4.98566389084, 5.23768472672, 4.52004623413, 5.55986166, 4.66586399078, 3.72066664696, 3.62035441399, 3.84569191933, 3.50028347969, 5.7812871933, 9.42941665649, 5.69894266129, 5.23967027664, 3.40841412544, 4.65974998474, 3.63611960411, 4.02942657471, 4.08452892303, 1.93063211441, 1.6182538271, 1.06341671944, 0.621010661125, 0.268133610487, 0.275355547667, 0.163218006492, 0.111379593611, 0.0863074287772, 0.0400810241699, 0.0154528440908, 0.00694534182549, 0.00182807981037, 0.000399939599447, 7.86500095273e-05, 1.81067498488e-05, 1.46123702507e-05], "min": [1.6411645376e-08, 3.27591429539e-08, 3.70878190381e-08, 2.55491396928e-08, 2.23001972444e-08, 1.54379140582e-08, 1.88480058227e-08, 1.89432256548e-08, 2.21198153127e-08, 2.16128004382e-08, 3.69303343462e-08, 3.53664830754e-08, 5.91277355966e-08, 3.67397312573e-08, 6.39407105041e-08, 3.92485972611e-08, 1.11496262889e-07, 8.43462473199e-08, 1.28076393935e-07, 9.45017859522e-08, 1.03920399397e-07, 9.27841270482e-08, 6.81966199068e-08, 7.78391111567e-08, 6.5207260036e-08, 8.17351306637e-08, 6.27912939422e-08, 6.5974170127e-08, 5.05241715132e-08, 4.91346305864e-08, 3.93399162135e-08, 2.87554726697e-08, 3.47600135342e-08, 3.07043031e-08, 1.94446396762e-08, 1.59277266931e-08, 6.59039267603e-09, 7.65822694149e-09, 1.06001492028e-08, 1.90760074403e-09], "var": [0.00265204091556, 0.529745221138, 15.5906476974, 105.604148865, 968.309753418, 382.289642334, 1325.00622559, 1315.23498535, 1782.0435791, 3629.37988281, 6179.63427734, 7294.80957031, 6444.28857422, 6692.88134766, 7086.07568359, 3404.72924805, 1856.55517578, 3895.6484375, 1781.5625, 1003.06500244, 401.354705811, 445.192077637, 571.081298828, 147.482620239, 194.396850586, 94.8577957153, 42.979598999, 15.3236093521, 12.0081272125, 8.38052558899, 3.60296058655, 2.47246813774, 1.09332156181, 0.263584911823, 0.0769533738494, 0.00869132764637, 0.000223249036935, 5.50337927052e-06, 4.34675690997e-08, 8.64976590353e-10]}, "erbbands_crest": {"dmean": 2.18725323677, "dmean2": 3.3452231884, "dvar": 5.16874313354, "dvar2": 11.9105386734, "max": 31.6425304413, "mean": 10.1979141235, "median": 8.96041107178, "min": 2.27124667168, "var": 23.9339523315}, "erbbands_flatness_db": {"dmean": 0.013858223334, "dmean2": 0.0191717464477, "dvar": 0.000235514977248, "dvar2": 0.000416914146626, "max": 0.375131100416, "mean": 0.190073490143, "median": 0.188711419702, "min": 0.0124377273023, "var": 0.00214372831397}, "erbbands_kurtosis": {"dmean": 0.75522351265, "dmean2": 1.14452946186, "dvar": 1.40429568291, "dvar2": 2.98362278938, "max": 55.0603523254, "mean": 0.75166207552, "median": -0.136621534824, "min": -1.85662686825, "var": 10.9320831299}, "erbbands_skewness": {"dmean": 0.282850205898, "dmean2": 0.419108688831, "dvar": 0.0760931074619, "dvar2": 0.163609996438, "max": 5.66692972183, "mean": 0.417343616486, "median": 0.313283026218, "min": -3.18312859535, "var": 0.747006356716}, "erbbands_spread": {"dmean": 5.08144903183, "dmean2": 7.50182819366, "dvar": 34.5779914856, "dvar2": 70.9666213989, "max": 140.451278687, "mean": 32.0162277222, "median": 30.1442813873, "min": 2.57509183884, "var": 234.060455322}, "gfcc": {"cov": [[13172.6982422, 282.558166504, -1887.11975098, 613.810791016, -727.366638184, 487.362579346, -249.332061768, 176.678649902, -331.982055664, -60.7209854126, -177.395263672, -253.072189331, -160.862701416], [282.558166504, 1055.15722656, -101.484069824, -230.855941772, 149.826782227, -162.445785522, 57.090473175, -111.393547058, 45.491607666, -53.3095016479, 65.5922164917, -12.3357467651, 9.9941034317], [-1887.11975098, -101.484069824, 828.160095215, 31.6335315704, 75.8134384155, 14.004693985, 7.87533044815, 0.165568217635, 23.2845649719, 38.1251945496, -3.03688764572, 87.128364563, 27.6760253906], [613.810791016, -230.855941772, 31.6335315704, 387.451965332, -8.17729473114, 55.6360626221, -29.1951007843, 30.1062850952, -8.34615421295, -9.22175788879, -6.64728403091, 1.48989212513, 12.0138473511], [-727.366638184, 149.826782227, 75.8134384155, -8.17729473114, 262.623168945, 13.1080875397, 36.7343482971, -15.1817064285, 21.6669979095, -2.25469326973, 19.6691665649, 25.2782840729, 10.5679655075], [487.362579346, -162.445785522, 14.004693985, 55.6360626221, 13.1080875397, 254.342758179, 60.9274597168, 28.9152584076, -44.4461288452, 17.9863357544, -13.7341117859, -8.25664234161, -5.42414236069], [-249.332061768, 57.090473175, 7.87533044815, -29.1951007843, 36.7343482971, 60.9274597168, 188.390014648, 30.2397212982, 4.87722253799, 0.0244467724115, 4.36029195786, -13.6359615326, 11.0412626266], [176.678649902, -111.393547058, 0.165568217635, 30.1062850952, -15.1817064285, 28.9152584076, 30.2397212982, 127.863311768, 39.2622375488, 12.0193920135, -9.82925319672, -13.2103271484, -10.107213974], [-331.982055664, 45.491607666, 23.2845649719, -8.34615421295, 21.6669979095, -44.4461288452, 4.87722253799, 39.2622375488, 121.753807068, 30.5527629852, 17.5181751251, -10.2416982651, -2.24846196175], [-60.7209854126, -53.3095016479, 38.1251945496, -9.22175788879, -2.25469326973, 17.9863357544, 0.0244467724115, 12.0193920135, 30.5527629852, 82.7690124512, 22.254983902, 3.71943044662, -7.10795354843], [-177.395263672, 65.5922164917, -3.03688764572, -6.64728403091, 19.6691665649, -13.7341117859, 4.36029195786, -9.82925319672, 17.5181751251, 22.254983902, 82.7986679077, 21.3345317841, 5.24676418304], [-253.072189331, -12.3357467651, 87.128364563, 1.48989212513, 25.2782840729, -8.25664234161, -13.6359615326, -13.2103271484, -10.2416982651, 3.71943044662, 21.3345317841, 90.6319046021, 30.4549198151], [-160.862701416, 9.9941034317, 27.6760253906, 12.0138473511, 10.5679655075, -5.42414236069, 11.0412626266, -10.107213974, -2.24846196175, -7.10795354843, 5.24676418304, 30.4549198151, 68.7565002441]], "icov": [[0.000440050527686, -0.000929705740418, 0.000878957274836, -0.000976646086201, 0.00116784870625, -0.00108570454177, 0.000878444756381, -0.00118739623576, 0.00112024846021, -0.0010029085679, 0.0011044961866, -0.00043272075709, 0.000441106938524], [-0.000929705740418, 0.00362882832997, -0.00172312092036, 0.00278585171327, -0.00321642169729, 0.00297257630154, -0.00243600318208, 0.003749886062, -0.00306789972819, 0.00339425401762, -0.00346736656502, 0.00151645892765, -0.000981032848358], [0.000878957274836, -0.00172312092036, 0.00321161537431, -0.00204241764732, 0.00198968988843, -0.00213507702574, 0.00154290243518, -0.00215055281296, 0.00184379366692, -0.00261499313638, 0.00289662485011, -0.00234745396301, 0.000941546924878], [-0.000976646086201, 0.00278585171327, -0.00204241764732, 0.00536313978955, -0.00290085258894, 0.00189616403077, -0.00127278431319, 0.00233022915199, -0.00273475656286, 0.0034351835493, -0.003233788535, 0.00159196474124, -0.00185517896898], [0.00116784870625, -0.00321642169729, 0.00198968988843, -0.00290085258894, 0.00781159009784, -0.00369852804579, 0.00170308351517, -0.00265573430806, 0.00182684266474, -0.00223521143198, 0.00279266713187, -0.00254981429316, 0.00149445876013], [-0.00108570454177, 0.00297257630154, -0.00213507702574, 0.00189616403077, -0.00369852804579, 0.00840105954558, -0.00407402124256, 0.00214876979589, -1.06285870061e-05, 0.000587285787333, -0.00240737828426, 0.00168293574825, -0.000744143791962], [0.000878444756381, -0.00243600318208, 0.00154290243518, -0.00127278431319, 0.00170308351517, -0.00407402124256, 0.00868685729802, -0.00446801073849, 0.00248089036904, -0.00165347300936, 0.00146790989675, 0.000879772356711, -0.00121580820996], [-0.00118739623576, 0.003749886062, -0.00215055281296, 0.00233022915199, -0.00265573430806, 0.00214876979589, -0.00446801073849, 0.0144736496732, -0.00782239623368, 0.00358520285226, -0.00203363667242, 0.000901278690435, 0.000429016363341], [0.00112024846021, -0.00306789972819, 0.00184379366692, -0.00273475656286, 0.00182684266474, -1.06285870061e-05, 0.00248089036904, -0.00782239623368, 0.015733089298, -0.00739155197516, 0.00146954122465, 0.00145163678098, -3.21229963447e-05], [-0.0010029085679, 0.00339425401762, -0.00261499313638, 0.0034351835493, -0.00223521143198, 0.000587285787333, -0.00165347300936, 0.00358520285226, -0.00739155197516, 0.01913991943, -0.00738788815215, 0.000963233411312, 0.000669072614983], [0.0011044961866, -0.00346736656502, 0.00289662485011, -0.003233788535, 0.00279266713187, -0.00240737828426, 0.00146790989675, -0.00203363667242, 0.00146954122465, -0.00738788815215, 0.0186907090247, -0.00570033164695, 0.00171626987867], [-0.00043272075709, 0.00151645892765, -0.00234745396301, 0.00159196474124, -0.00254981429316, 0.00168293574825, 0.000879772356711, 0.000901278690435, 0.00145163678098, 0.000963233411312, -0.00570033164695, 0.0172448884696, -0.00710658729076], [0.000441106938524, -0.000981032848358, 0.000941546924878, -0.00185517896898, 0.00149445876013, -0.000744143791962, -0.00121580820996, 0.000429016363341, -3.21229963447e-05, 0.000669072614983, 0.00171626987867, -0.00710658729076, 0.0187186878175]], "mean": [-71.5985641479, 126.878349304, -123.551254272, 23.7876319885, -50.0355262756, 1.09816586971, -40.2886924744, -5.58764648438, -28.6481513977, -11.1342859268, -12.8176412582, -6.40869951248, -13.9595661163]}, "hfc": {"dmean": 2.73025608063, "dmean2": 3.59332585335, "dvar": 29.1398735046, "dvar2": 48.9785995483, "max": 122.228256226, "mean": 11.4303197861, "median": 5.91171550751, "min": 2.55051168097e-06, "var": 191.235656738}, "melbands": {"dmean": [0.000118790740089, 0.000466470402898, 0.000701473560184, 0.000531976227649, 0.000193879372091, 0.000136735819979, 0.00013280416897, 0.000100917197415, 8.03825460025e-05, 6.98276708135e-05, 5.96744175709e-05, 4.57426067442e-05, 6.16335746599e-05, 3.9609563828e-05, 2.68122130365e-05, 1.92871957552e-05, 2.08624587685e-05, 1.30375910885e-05, 1.08519489004e-05, 7.47988360672e-06, 6.58462522551e-06, 5.32799322173e-06, 7.32863327357e-06, 3.66758376913e-06, 2.21709478865e-06, 2.30787713917e-06, 2.57246597357e-06, 1.19177741453e-06, 1.00339502751e-06, 7.00971554579e-07, 3.99424067155e-07, 4.32935109984e-07, 3.06525379301e-07, 2.73183360378e-07, 2.16062389313e-07, 2.29321258871e-07, 1.75523013013e-07, 1.16254760485e-07, 8.09790776657e-08, 5.83330574955e-08], "dmean2": [0.000190813952941, 0.000736870511901, 0.00109044346027, 0.000822435715236, 0.000293161050649, 0.000206776821869, 0.000202294671908, 0.00014813899179, 0.000116116214485, 0.000100581339211, 8.64592657308e-05, 7.00115488144e-05, 9.26884167711e-05, 5.74998812226e-05, 4.03259291488e-05, 2.97456845146e-05, 3.19460596074e-05, 2.05708838621e-05, 1.72524833033e-05, 1.17380022857e-05, 1.01899013316e-05, 8.14902432467e-06, 1.17307681649e-05, 5.71588589082e-06, 3.42005728271e-06, 3.62200148629e-06, 4.01273427997e-06, 1.87383750472e-06, 1.51463802922e-06, 1.04465982531e-06, 5.8981663642e-07, 6.42041129595e-07, 4.43503381575e-07, 3.85454711704e-07, 3.09681297495e-07, 3.39301237773e-07, 2.45731570203e-07, 1.61352389227e-07, 1.09949098714e-07, 7.81118956183e-08], "dvar": [2.661966505e-07, 1.47818775531e-06, 3.3145317957e-06, 2.34254207498e-06, 2.87465354631e-07, 1.47874018808e-07, 1.49795340576e-07, 1.02154949388e-07, 9.88091102272e-08, 6.30509262578e-08, 4.60463027707e-08, 3.08116909764e-08, 4.64908893605e-08, 9.45649691886e-09, 3.83538045767e-09, 2.99614821841e-09, 3.15991655064e-09, 1.89528126526e-09, 6.99001134752e-10, 5.92840998515e-10, 2.39106789923e-10, 1.44098732946e-10, 2.41144770818e-10, 1.00557236149e-10, 2.68427120809e-11, 2.8405219149e-11, 9.3734825457e-11, 8.40763569876e-12, 7.82899613194e-12, 5.84341342674e-12, 1.3821672756e-12, 1.86222435042e-12, 8.2992786905e-13, 8.71468424767e-13, 4.71138861431e-13, 1.51308338688e-12, 3.00120903607e-13, 2.07184516396e-13, 1.10788372291e-13, 4.48445195366e-14], "dvar2": [6.50929223411e-07, 3.91135199607e-06, 7.65330696595e-06, 5.60747957934e-06, 6.33797469618e-07, 3.00439808143e-07, 3.34285886083e-07, 2.12314787973e-07, 1.97168887439e-07, 1.21996251323e-07, 9.43450899626e-08, 7.27312325921e-08, 1.10366663364e-07, 2.06053947238e-08, 8.81723227764e-09, 6.25193230519e-09, 7.51866569004e-09, 4.73400296741e-09, 1.60564894713e-09, 1.21592880209e-09, 5.24636611932e-10, 3.26198679179e-10, 6.36400654397e-10, 2.26485108445e-10, 6.07437433686e-11, 7.17027479058e-11, 2.19912324462e-10, 2.0938752468e-11, 1.76333652541e-11, 1.32380694948e-11, 2.98463944531e-12, 4.09567432053e-12, 1.65142205466e-12, 1.72322930665e-12, 9.59449750551e-13, 3.86087429388e-12, 5.69366873527e-13, 4.03787680375e-13, 2.21791877399e-13, 7.89478413741e-14], "max": [0.0129675660282, 0.0390188843012, 0.0346964970231, 0.0323026366532, 0.0187745317817, 0.01663803868, 0.018142061308, 0.0120128598064, 0.0129015445709, 0.0122815184295, 0.00809930730611, 0.00830044783652, 0.0058756978251, 0.0022747782059, 0.00182767363731, 0.00285321264528, 0.002153031528, 0.00137423293199, 0.00113051547669, 0.00161430891603, 0.000714850961231, 0.000468052574433, 0.000511351972818, 0.000827007868793, 0.000190685503185, 0.00016657084052, 0.000605048961006, 9.71220506472e-05, 7.97645043349e-05, 8.64937028382e-05, 4.80902817799e-05, 5.36796142114e-05, 3.82428552257e-05, 4.8417099606e-05, 4.09902459069e-05, 6.56228367006e-05, 2.62930916506e-05, 1.84663640539e-05, 1.47974033098e-05, 7.93248727859e-06], "mean": [0.000210321610211, 0.00098362704739, 0.00124732032418, 0.000941239472013, 0.000532122852746, 0.000329144444549, 0.000265118229436, 0.000191313694813, 0.00017185973411, 0.000151762797032, 0.000118153468065, 9.46766595007e-05, 0.000112373505544, 7.93989966041e-05, 5.56617924303e-05, 4.02683253924e-05, 4.5878241508e-05, 2.50648990914e-05, 2.07548127946e-05, 1.39976282298e-05, 1.24399739434e-05, 1.16032460937e-05, 1.54350491357e-05, 8.31674879009e-06, 4.787645139e-06, 5.06500828124e-06, 5.18025262863e-06, 2.67628342954e-06, 1.92156653611e-06, 1.25118674532e-06, 7.77018954068e-07, 8.32359887681e-07, 5.91606919897e-07, 5.00706221374e-07, 4.03691444717e-07, 3.7936487729e-07, 3.17486950507e-07, 2.09657954997e-07, 1.47858216337e-07, 1.02027989612e-07], "median": [5.35394028702e-05, 0.000403242331231, 0.00054633396212, 0.00037943557254, 0.000189363039681, 0.000106397084892, 8.54738245835e-05, 4.52328495157e-05, 2.70417913271e-05, 2.09635818464e-05, 1.70831681316e-05, 1.14327194751e-05, 1.62515243574e-05, 2.33246100834e-05, 1.76969315362e-05, 1.00740389826e-05, 8.42376812216e-06, 3.87172121918e-06, 6.48708100925e-06, 4.07624111176e-06, 4.24214158556e-06, 3.59016644325e-06, 4.58622434962e-06, 2.45349770012e-06, 1.26560996705e-06, 1.13156113457e-06, 9.60197098721e-07, 5.86266423852e-07, 4.4132988819e-07, 1.63861102465e-07, 1.26444447801e-07, 1.58399387828e-07, 1.12914399608e-07, 7.60737250971e-08, 5.98636091809e-08, 5.61339668081e-08, 4.73088874742e-08, 2.79905112421e-08, 1.82185395659e-08, 1.03077582025e-08], "min": [1.40043990293e-10, 1.45581446204e-11, 5.27141394771e-12, 1.15309400483e-12, 6.39100263596e-13, 4.95537855541e-13, 3.25437620645e-13, 2.59994960674e-13, 2.20522263102e-13, 1.88696646741e-13, 2.79427116211e-13, 1.33432693605e-13, 1.42993120599e-13, 8.88443236081e-14, 1.84820041216e-13, 1.94061428168e-13, 1.26796603815e-13, 1.60651629803e-13, 1.41901315459e-13, 1.09045889994e-13, 1.32508668751e-13, 1.06058940113e-13, 6.50528825144e-14, 6.44895107368e-14, 6.41171211718e-14, 4.44511777647e-14, 4.47115794096e-14, 6.19653186726e-14, 4.32358176225e-14, 3.36532220819e-14, 3.87827485784e-14, 2.83198604948e-14, 3.05225815326e-14, 2.5804470797e-14, 2.49659454487e-14, 1.50767375337e-14, 1.80273446182e-14, 2.37038138412e-14, 2.49045525007e-14, 2.52629609398e-14], "var": [3.40076240946e-07, 2.68556937044e-06, 4.98099143442e-06, 3.1485362797e-06, 1.35191089612e-06, 6.1773920379e-07, 4.2260887767e-07, 3.54275385916e-07, 4.13456490378e-07, 3.10369330236e-07, 1.60122354487e-07, 1.16485999513e-07, 1.26846828152e-07, 2.35817747551e-08, 1.03891837355e-08, 9.34929289542e-09, 1.57270161338e-08, 5.88622306452e-09, 1.81338133398e-09, 1.50500256701e-09, 6.21517670663e-10, 5.14961961962e-10, 7.64825147659e-10, 4.05689065675e-10, 8.59230048222e-11, 8.82743600439e-11, 1.77117390199e-10, 2.64229940011e-11, 1.81552602813e-11, 1.37571828929e-11, 3.74719396137e-12, 4.72672812349e-12, 2.44969344289e-12, 2.57077649099e-12, 1.29013726785e-12, 1.73443388558e-12, 8.55896083174e-13, 6.27146067283e-13, 3.43128683019e-13, 1.55911050671e-13]}, "melbands_crest": {"dmean": 2.4187541008, "dmean2": 3.80184984207, "dvar": 5.62987470627, "dvar2": 14.1117696762, "max": 39.4561042786, "mean": 14.1903295517, "median": 13.3769664764, "min": 4.13327503204, "var": 25.5857524872}, "melbands_flatness_db": {"dmean": 0.0190412551165, "dmean2": 0.028027722612, "dvar": 0.00041162839625, "dvar2": 0.000906375353225, "max": 0.495007127523, "mean": 0.245892971754, "median": 0.238023936749, "min": 0.072153121233, "var": 0.00416300771758}, "melbands_kurtosis": {"dmean": 4.74807596207, "dmean2": 7.17352390289, "dvar": 69.0612716675, "dvar2": 155.904495239, "max": 386.43536377, "mean": 14.5610246658, "median": 8.20277786255, "min": -1.76200866699, "var": 953.452575684}, "melbands_skewness": {"dmean": 0.513109505177, "dmean2": 0.761314272881, "dvar": 0.345934033394, "dvar2": 0.747127175331, "max": 18.9931755066, "mean": 2.64778780937, "median": 2.41801333427, "min": -1.08595573902, "var": 3.64797735214}, "melbands_spread": {"dmean": 3.49939894676, "dmean2": 5.32252073288, "dvar": 20.4066143036, "dvar2": 47.2928276062, "max": 111.52117157, "mean": 15.8596448898, "median": 13.32310009, "min": 1.29152953625, "var": 120.336074829}, "mfcc": {"cov": [[10030.7958984, -579.872009277, -663.658325195, 72.4905929565, -336.95022583, 141.890762329, 111.978279114, 156.715057373, -9.51876544952, 252.988861084, -37.0285758972, -43.8557014465, -141.236373901], [-579.872009277, 1273.04504395, -120.15940094, -65.9196548462, 38.1535720825, -39.8781929016, -3.83841276169, -23.8422279358, -36.9641723633, -64.4234771729, 13.2027044296, 6.18143415451, 19.8243217468], [-663.658325195, -120.15940094, 556.837768555, 57.0135383606, 53.2623138428, 30.2493095398, -3.05578422546, -1.95466351509, 18.3362293243, -25.3047733307, -4.80031108856, -0.419563382864, 29.6038017273], [72.4905929565, -65.9196548462, 57.0135383606, 283.44317627, 65.1599578857, -8.13967514038, -28.3447875977, 14.3947029114, 2.35720038414, -11.6998062134, -13.9286661148, 6.06195735931, 10.6520061493], [-336.95022583, 38.1535720825, 53.2623138428, 65.1599578857, 214.816680908, 31.6174736023, -15.1029024124, 3.99166750908, 6.48518037796, -22.4238967896, -10.7966928482, 25.320306778, 42.2366256714], [141.890762329, -39.8781929016, 30.2493095398, -8.13967514038, 31.6174736023, 183.581222534, 85.3083190918, 20.3727855682, 9.75914287567, 1.93583071232, 3.60260558128, -16.7536354065, 8.91957378387], [111.978279114, -3.83841276169, -3.05578422546, -28.3447875977, -15.1029024124, 85.3083190918, 169.013870239, 54.2324638367, 14.1667423248, 15.1746816635, 10.3171787262, -16.9450511932, -12.0680561066], [156.715057373, -23.8422279358, -1.95466351509, 14.3947029114, 3.99166750908, 20.3727855682, 54.2324638367, 105.173782349, 37.7129898071, 7.19581890106, 6.35728406906, -0.21014264226, 0.0222019795328], [-9.51876544952, -36.9641723633, 18.3362293243, 2.35720038414, 6.48518037796, 9.75914287567, 14.1667423248, 37.7129898071, 104.791275024, 24.9122161865, 13.3904247284, 3.02536296844, -7.58633756638], [252.988861084, -64.4234771729, -25.3047733307, -11.6998062134, -22.4238967896, 1.93583071232, 15.1746816635, 7.19581890106, 24.9122161865, 121.99294281, 38.0374946594, 0.564870655537, -8.76530742645], [-37.0285758972, 13.2027044296, -4.80031108856, -13.9286661148, -10.7966928482, 3.60260558128, 10.3171787262, 6.35728406906, 13.3904247284, 38.0374946594, 91.8131256104, 19.9118461609, -5.59278488159], [-43.8557014465, 6.18143415451, -0.419563382864, 6.06195735931, 25.320306778, -16.7536354065, -16.9450511932, -0.21014264226, 3.02536296844, 0.564870655537, 19.9118461609, 89.5744628906, 33.8230552673], [-141.236373901, 19.8243217468, 29.6038017273, 10.6520061493, 42.2366256714, 8.91957378387, -12.0680561066, 0.0222019795328, -7.58633756638, -8.76530742645, -5.59278488159, 33.8230552673, 97.5703201294]], "icov": [[0.000133476278279, 4.02976293117e-05, 0.000146649923408, -8.93452670425e-05, 0.000197595581994, -0.000196941327886, 9.16354256333e-05, -0.000232205260545, 0.000130959917442, -0.000272209668765, 0.000202471783268, -0.000102233425423, 0.00012691107986], [4.02976293117e-05, 0.000889169168659, 0.000252053228905, 0.000184036282008, -0.000219994908548, 0.000261257722741, -0.000189758866327, 0.000109937143861, 0.000154471650603, 0.000497620145325, -0.000370301073417, 0.000169889914105, -0.000194446867681], [0.000146649923408, 0.000252053228905, 0.00214183889329, -0.00038209950435, -7.37957525416e-05, -0.000380612997105, 3.65291089111e-05, 0.000105336177512, -0.000365449435776, 0.000281302782241, -7.47978847357e-05, 0.000252033525612, -0.00047063731472], [-8.93452670425e-05, 0.000184036282008, -0.00038209950435, 0.00411044806242, -0.00132379529532, 0.000334457930876, 0.000714983383659, -0.000889281916898, 0.000235140818404, 0.000206544282264, 0.000215055435547, 0.000124521902762, 0.000137570954394], [0.000197595581994, -0.000219994908548, -7.37957525416e-05, -0.00132379529532, 0.00627627130598, -0.00178424816113, 0.000989389023744, -0.000485241413116, -0.000404696154874, 0.000142151024193, 0.000843414571136, -0.00135360122658, -0.00143478636164], [-0.000196941327886, 0.000261257722741, -0.000380612997105, 0.000334457930876, -0.00178424816113, 0.00823788810521, -0.00442558620125, 0.00128115399275, -0.000619779573753, 0.000825986207929, -0.000952377158683, 0.00184981664643, -0.00145739829168], [9.16354256333e-05, -0.000189758866327, 3.65291089111e-05, 0.000714983383659, 0.000989389023744, -0.00442558620125, 0.00999149493873, -0.00489671854302, 0.00100568798371, -0.00102685345337, -3.8874346501e-05, 0.000321214349242, 0.00116763124242], [-0.000232205260545, 0.000109937143861, 0.000105336177512, -0.000889281916898, -0.000485241413116, 0.00128115399275, -0.00489671854302, 0.0139495618641, -0.00472558615729, 0.00125139555894, -0.000698468298651, 0.000168607642991, -0.00116272212472], [0.000130959917442, 0.000154471650603, -0.000365449435776, 0.000235140818404, -0.000404696154874, -0.000619779573753, 0.00100568798371, -0.00472558615729, 0.0120571088046, -0.00241691130213, -0.000272244826192, -0.000702938297763, 0.00154911866412], [-0.000272209668765, 0.000497620145325, 0.000281302782241, 0.000206544282264, 0.000142151024193, 0.000825986207929, -0.00102685345337, 0.00125139555894, -0.00241691130213, 0.0110476128757, -0.00461417995393, 0.00104012014344, -0.000687872176059], [0.000202471783268, -0.000370301073417, -7.47978847357e-05, 0.000215055435547, 0.000843414571136, -0.000952377158683, -3.8874346501e-05, -0.000698468298651, -0.000272244826192, -0.00461417995393, 0.0142133021727, -0.0041561704129, 0.00190462975297], [-0.000102233425423, 0.000169889914105, 0.000252033525612, 0.000124521902762, -0.00135360122658, 0.00184981664643, 0.000321214349242, 0.000168607642991, -0.000702938297763, 0.00104012014344, -0.0041561704129, 0.0147641105577, -0.00513350358233], [0.00012691107986, -0.000194446867681, -0.00047063731472, 0.000137570954394, -0.00143478636164, -0.00145739829168, 0.00116763124242, -0.00116272212472, 0.00154911866412, -0.000687872176059, 0.00190462975297, -0.00513350358233, 0.0134463934228]], "mean": [-709.547729492, 155.453521729, -11.2501029968, 23.5349826813, 5.88919734955, 2.8589758873, -1.50903344154, 1.42047190666, -12.2514133453, -6.67658042908, -7.8325214386, -0.976990938187, -3.78093600273]}, "pitch_salience": {"dmean": 0.0528013072908, "dmean2": 0.0839234292507, "dvar": 0.00274593662471, "dvar2": 0.0070931930095, "max": 0.820897758007, "mean": 0.524534106255, "median": 0.531130611897, "min": 0.0551447086036, "var": 0.0106612304226}, "silence_rate_20dB": {"dmean": 0, "dmean2": 0, "dvar": 0, "dvar2": 0, "max": 1, "mean": 1, "median": 1, "min": 1, "var": 0}, "silence_rate_30dB": {"dmean": 0.0098515516147, "dmean2": 0.019704433158, "dvar": 0.00975494924933, "dvar2": 0.0253896266222, "max": 1, "mean": 0.9931178689, "median": 1, "min": 0, "var": 0.00683397985995}, "silence_rate_60dB": {"dmean": 0.0319838039577, "dmean2": 0.0639719292521, "dvar": 0.0309695396572, "dvar2": 0.068109922111, "max": 1, "mean": 0.165778294206, "median": 0, "min": 0, "var": 0.13828279078}, "spectral_centroid": {"dmean": 139.688293457, "dmean2": 213.423599243, "dvar": 32399.015625, "dvar2": 68003.6796875, "max": 11090.046875, "mean": 916.288818359, "median": 812.459899902, "min": 213.405059814, "var": 248239.796875}, "spectral_complexity": {"dmean": 2.1573548317, "dmean2": 3.1788918972, "dvar": 7.62710952759, "dvar2": 13.0704174042, "max": 57, "mean": 13.9539842606, "median": 12, "min": 0, "var": 74.7677078247}, "spectral_contrast_coeffs": {"dmean": [0.0443641059101, 0.0382899492979, 0.0325506441295, 0.0288441479206, 0.0218929480761, 0.01530009415], "dmean2": [0.0720948129892, 0.0607716999948, 0.0514925904572, 0.0457109287381, 0.0340089388192, 0.0235048811883], "dvar": [0.00150244287215, 0.00120315165259, 0.000834650592878, 0.000607813592069, 0.000377394579118, 0.000211590508115], "dvar2": [0.00386517168954, 0.00293173268437, 0.00198949477635, 0.00141703139525, 0.000838263309561, 0.000471334496979], "max": [-0.243653908372, -0.358277082443, -0.337232977152, -0.514171540737, -0.558888077736, -0.589962244034], "mean": [-0.581603944302, -0.682583630085, -0.722992777824, -0.736052334309, -0.751403331757, -0.771709740162], "median": [-0.583837389946, -0.684082686901, -0.726659119129, -0.734836339951, -0.750320911407, -0.769648492336], "min": [-0.957130074501, -0.956327319145, -0.979182243347, -0.9589189291, -0.960325956345, -0.959734022617], "var": [0.00647634267807, 0.00622508348897, 0.00453987624496, 0.00370157836005, 0.00291225826368, 0.00193385558669]}, "spectral_contrast_valleys": {"dmean": [0.385226041079, 0.315958768129, 0.290594160557, 0.279817521572, 0.260262280703, 0.286037951708], "dmean2": [0.625902712345, 0.501717507839, 0.450094491243, 0.427952766418, 0.360892474651, 0.361011117697], "dvar": [0.123833365738, 0.0935594886541, 0.0850295946002, 0.0907147452235, 0.0891866609454, 0.130130827427], "dvar2": [0.298286944628, 0.20449256897, 0.173778772354, 0.174792692065, 0.145618036389, 0.209238395095], "max": [-5.11274194717, -4.51764345169, -5.18288230896, -5.58326768875, -5.70286846161, -8.16019058228], "mean": [-7.84931230545, -7.44748067856, -8.09701538086, -8.68826007843, -8.70431518555, -11.5462036133], "median": [-7.66998958588, -7.35790777206, -8.00519752502, -8.56553268433, -8.59455871582, -11.5454387665], "min": [-27.2432365417, -27.5280303955, -27.5010986328, -27.4190979004, -27.2540912628, -27.2259731293], "var": [1.43105077744, 1.5040512085, 1.71596634388, 1.77085530758, 1.85082685947, 1.52916932106]}, "spectral_decrease": {"dmean": 1.43472400627e-09, "dmean2": 2.05439953938e-09, "dvar": 9.46785221582e-18, "dvar2": 1.95987459409e-17, "max": -2.48770294356e-16, "mean": -4.88266982401e-09, "median": -2.9955149472e-09, "min": -5.34888613402e-08, "var": 2.98795272745e-17}, "spectral_energy": {"dmean": 0.00561722368002, "dmean2": 0.00800245348364, "dvar": 0.000143520985148, "dvar2": 0.000294009252684, "max": 0.210078448057, "mean": 0.0194650739431, "median": 0.0118715576828, "min": 1.17025522606e-09, "var": 0.00047149398597}, "spectral_energyband_high": {"dmean": 7.7267512097e-05, "dmean2": 0.00010108272545, "dvar": 4.38791651902e-08, "dvar2": 7.06647682591e-08, "max": 0.00823301356286, "mean": 0.000186823308468, "median": 4.30633117503e-05, "min": 9.38322267108e-11, "var": 1.69295304886e-07}, "spectral_energyband_low": {"dmean": 0.00202934304252, "dmean2": 0.00315723055974, "dvar": 3.28258429363e-05, "dvar2": 7.91520942585e-05, "max": 0.138089776039, "mean": 0.00441419240087, "median": 0.00196570181288, "min": 6.42029596154e-10, "var": 5.59447289561e-05}, "spectral_energyband_middle_high": {"dmean": 0.00110088393558, "dmean2": 0.00157378311269, "dvar": 5.65166465094e-06, "dvar2": 1.20488202811e-05, "max": 0.067478440702, "mean": 0.00386453093961, "median": 0.00149649078958, "min": 2.85058088245e-11, "var": 3.82934085792e-05}, "spectral_energyband_middle_low": {"dmean": 0.00444882642478, "dmean2": 0.0065483036451, "dvar": 0.000103815546026, "dvar2": 0.000225986193982, "max": 0.193221569061, "mean": 0.011992787011, "median": 0.00656813662499, "min": 4.20132990897e-11, "var": 0.000246854149736}, "spectral_entropy": {"dmean": 0.145333901048, "dmean2": 0.21019025147, "dvar": 0.0270576123148, "dvar2": 0.0540735088289, "max": 9.79077625275, "mean": 7.00116586685, "median": 7.0224237442, "min": 5.09443759918, "var": 0.272673875093}, "spectral_flux": {"dmean": 0.0175035744905, "dmean2": 0.0277175828815, "dvar": 0.000673537433613, "dvar2": 0.00160315725952, "max": 0.344394028187, "mean": 0.0523975454271, "median": 0.0386877544224, "min": 4.38230854343e-05, "var": 0.00211821100675}, "spectral_kurtosis": {"dmean": 2.96013569832, "dmean2": 5.11824607849, "dvar": 12.7263698578, "dvar2": 36.4119949341, "max": 64.0948410034, "mean": 8.52020931244, "median": 6.47718143463, "min": -1.16209077835, "var": 47.0811424255}, "spectral_rms": {"dmean": 0.000517815526109, "dmean2": 0.000718278926797, "dvar": 6.56099985008e-07, "dvar2": 1.21830760236e-06, "max": 0.0143162347376, "mean": 0.00378838530742, "median": 0.00340323476121, "min": 1.06850939119e-06, "var": 4.63848300569e-06}, "spectral_rolloff": {"dmean": 206.76210022, "dmean2": 346.16973877, "dvar": 149593.53125, "dvar2": 325495.1875, "max": 9689.94140625, "mean": 929.414306641, "median": 753.662109375, "min": 21.533203125, "var": 487918.84375}, "spectral_skewness": {"dmean": 0.283100217581, "dmean2": 0.472080796957, "dvar": 0.0835672840476, "dvar2": 0.22534096241, "max": 6.17261743546, "mean": 2.00770044327, "median": 1.8570100069, "min": -0.00943297054619, "var": 0.550155699253}, "spectral_spread": {"dmean": 358472.4375, "dmean2": 521380.28125,