{"lowlevel": {"average_loudness": 0.353564202785, "barkbands": {"dmean": [1.68282513187e-05, 0.000601912091952, 0.000840834574774, 0.000898208701983, 0.000741765077692, 0.000418198120315, 0.000650471542031, 0.000751908752136, 0.000502608949319, 0.000696432136465, 0.000432082801126, 0.000723429955542, 0.000472423940664, 0.000358092103852, 0.000266359653324, 0.000198045716388, 0.000120208096632, 0.000106968436739, 7.56214867579e-05, 8.30883946037e-05, 2.41655507125e-05, 2.00615504582e-05, 1.68277838384e-05, 1.41876098496e-05, 1.06128172774e-05, 1.82774510904e-06, 1.88477962126e-08], "dmean2": [2.87530328933e-05, 0.000911361421458, 0.00120803830214, 0.0013083104277, 0.00118839845527, 0.000643692736048, 0.000941924692597, 0.00108846428338, 0.000735241279472, 0.000958489312325, 0.000626947788987, 0.00107468047645, 0.000721826276276, 0.000537875515874, 0.000398079049774, 0.000305005494738, 0.000185299271834, 0.000160879193572, 0.000114524103992, 0.00012149255781, 3.62112878065e-05, 2.99875227938e-05, 2.50514804065e-05, 2.03358340514e-05, 1.55141569849e-05, 2.81953725789e-06, 3.29226992335e-08], "dvar": [6.08781636213e-10, 1.41714917845e-06, 2.10962684832e-06, 2.25679013965e-06, 1.39878545724e-06, 8.07309788797e-07, 3.62232322004e-06, 7.45657325751e-06, 3.59613659384e-06, 4.80398330183e-06, 2.74014746537e-06, 4.01353918278e-06, 2.56877297033e-06, 1.95718666873e-06, 5.03281057718e-07, 2.18285066467e-07, 6.50880238595e-08, 7.33379721396e-08, 4.05224689359e-08, 3.26911226978e-08, 6.77330991294e-09, 5.75590242136e-09, 7.06452096821e-09, 4.92249663253e-09, 4.63519134186e-09, 1.31965948585e-11, 6.27503818424e-15], "dvar2": [1.6050319962e-09, 3.02215244119e-06, 4.06299159295e-06, 4.42106420451e-06, 3.43887631971e-06, 1.82562655482e-06, 5.82897519052e-06, 1.25520173242e-05, 6.39682093606e-06, 7.6781552707e-06, 5.15439296578e-06, 8.31929901324e-06, 5.52183428226e-06, 4.56326142739e-06, 1.01710838862e-06, 4.82212726638e-07, 1.47260280414e-07, 1.62933133652e-07, 9.37724351502e-08, 6.64374226744e-08, 1.42891396493e-08, 1.21394876373e-08, 1.35309106142e-08, 8.35716829073e-09, 8.9473388698e-09, 3.05921538102e-11, 1.64370114606e-14], "max": [0.000424932746682, 0.0209712460637, 0.0215953737497, 0.0259385183454, 0.0322886817157, 0.032568950206, 0.0762969329953, 0.115097299218, 0.115924865007, 0.0782951936126, 0.0652474910021, 0.0535113736987, 0.0447067320347, 0.0607231333852, 0.0310567189008, 0.0108707891777, 0.00696999998763, 0.0083796735853, 0.0113890888169, 0.00545528158545, 0.00397491734475, 0.00360483536497, 0.00482222950086, 0.00422920612618, 0.00271068746224, 0.00013129087165, 3.61776733371e-06], "mean": [1.82252151717e-05, 0.000982614932582, 0.00156496488489, 0.00151986733545, 0.00140379671939, 0.000761734670959, 0.0011894882191, 0.00189106620383, 0.00120437855367, 0.00151399394963, 0.000716594804544, 0.00142883916851, 0.000898876343854, 0.000596936326474, 0.000423815741669, 0.000304301443975, 0.000208050041692, 0.000203058065381, 0.000143620141898, 0.000167513368069, 4.62383177364e-05, 3.89118613384e-05, 3.2659216231e-05, 2.82843557216e-05, 1.76739067683e-05, 3.18920660902e-06, 1.62393689607e-08], "median": [9.73332407739e-06, 0.00024174011196, 0.000642420724034, 0.000550556636881, 0.000735998793971, 0.000294427096378, 0.000286723196041, 0.000190069375094, 9.83875070233e-05, 0.000137298804475, 8.07424803497e-05, 0.000122999452287, 5.32379744982e-05, 8.40253560455e-05, 7.48217935325e-05, 5.70154843444e-05, 5.98901206104e-05, 4.27242339356e-05, 3.97414260078e-05, 4.6757493692e-05, 1.96965065697e-05, 1.68493897945e-05, 1.57129506988e-05, 1.41554119182e-05, 8.91775653145e-06, 1.87147600172e-06, 3.58548879476e-09], "min": [4.35467430774e-24, 7.69054737815e-24, 2.58842113072e-23, 2.74228087722e-24, 1.91567266214e-23, 4.54639661667e-23, 7.82963633529e-23, 2.53147089539e-23, 1.19079487654e-22, 5.36215073679e-23, 5.95029008675e-23, 1.4758907223e-22, 1.18916313354e-22, 5.89820002346e-23, 1.1400295947e-22, 1.66858091624e-22, 1.22058504112e-22, 2.8034839248e-22, 2.96373704183e-22, 2.78758730471e-22, 3.42765566412e-22, 3.35805541309e-22, 6.24200214048e-22, 1.18249234902e-21, 1.23468247774e-21, 1.6341704249e-21, 2.29778374536e-21], "var": [6.87925438836e-10, 3.22800201502e-06, 6.19188085693e-06, 6.02365525992e-06, 4.62431398773e-06, 2.11888482227e-06, 1.49875331772e-05, 6.95262133377e-05, 3.0297675039e-05, 2.87688453682e-05, 6.69443261359e-06, 1.69193772308e-05, 9.50152298174e-06, 3.90508921555e-06, 1.06244806375e-06, 4.9007854841e-07, 1.67195040035e-07, 2.17219451315e-07, 1.01026600419e-07, 1.09267261905e-07, 1.31176181029e-08, 1.32484681004e-08, 2.03783763197e-08, 1.23914247752e-08, 6.10503558818e-09, 2.04426475747e-11, 5.80163909332e-15]}, "barkbands_crest": {"dmean": 2.45915150642, "dmean2": 3.91563677788, "dvar": 4.99508476257, "dvar2": 11.7429466248, "max": 25.872303009, "mean": 10.0482816696, "median": 9.31546401978, "min": 2.15804076195, "var": 16.6771945953}, "barkbands_flatness_db": {"dmean": 0.0204499866813, "dmean2": 0.0300891883671, "dvar": 0.000345517153619, "dvar2": 0.000695434049703, "max": 0.311430990696, "mean": 0.150122463703, "median": 0.147386848927, "min": 0.0176229234785, "var": 0.00193642254453}, "barkbands_kurtosis": {"dmean": 3.17902255058, "dmean2": 4.71286821365, "dvar": 26.3270397186, "dvar2": 53.8172798157, "max": 123.427017212, "mean": 5.31902456284, "median": 1.66930794716, "min": -1.88155663013, "var": 101.248695374}, "barkbands_skewness": {"dmean": 0.598051607609, "dmean2": 0.847479999065, "dvar": 0.378701597452, "dvar2": 0.694013357162, "max": 9.88518333435, "mean": 1.38820421696, "median": 1.09812092781, "min": -3.73057222366, "var": 2.27340984344}, "barkbands_spread": {"dmean": 4.72057294846, "dmean2": 7.14800786972, "dvar": 36.8884544373, "dvar2": 77.7074279785, "max": 104.006263733, "mean": 17.7108535767, "median": 16.178144455, "min": 1.53707003593, "var": 117.487007141}, "dissonance": {"dmean": 0.0246998108923, "dmean2": 0.0411236509681, "dvar": 0.000652444898151, "dvar2": 0.00173748214729, "max": 0.500000059605, "mean": 0.451523154974, "median": 0.461658239365, "min": 0.222047567368, "var": 0.00145807594527}, "dynamic_complexity": 4.51614761353, "erbbands": {"dmean": [0.00760144973174, 0.173810407519, 0.876104772091, 2.22228717804, 2.14426851273, 2.72392463684, 2.7999560833, 3.7505197525, 7.16891622543, 14.1958389282, 13.8579053879, 12.14864254, 23.6812896729, 14.0324449539, 19.5045318604, 28.8807983398, 21.6586284637, 17.8982830048, 13.0664510727, 13.5189819336, 8.33969974518, 5.74419498444, 6.03306865692, 3.72645998001, 3.86302161217, 3.86365270615, 1.39034926891, 0.888838410378, 0.740739762783, 0.628911554813, 0.456096500158, 0.357417047024, 0.216175302863, 0.157702952623, 0.0541557297111, 0.0134961344302, 0.00256126536988, 0.000170317303855, 5.55924543733e-06, 5.5863556554e-06], "dmean2": [0.0124092353508, 0.258557826281, 1.21395373344, 3.18177938461, 3.43239188194, 4.30394554138, 4.39572668076, 5.80475950241, 10.5354452133, 19.5726699829, 20.2745704651, 17.6308021545, 32.3300323486, 19.5841827393, 27.9809551239, 41.9029273987, 32.1233825684, 25.9525985718, 19.5044403076, 20.3052978516, 12.3483562469, 8.7579574585, 9.04911231995, 5.42655324936, 5.68783378601, 5.6784324646, 2.04696846008, 1.34528505802, 1.10788691044, 0.942098855972, 0.673608005047, 0.506447196007, 0.320098340511, 0.239693075418, 0.0796382725239, 0.0207234956324, 0.0039687063545, 0.000262459012447, 7.75818625698e-06, 7.20704383639e-06], "dvar": [0.000178069123649, 0.120937854052, 2.64338254929, 13.3346309662, 12.1315612793, 25.4506282806, 43.5345420837, 89.1420898438, 284.105438232, 2079.5402832, 2297.90576172, 2793.89746094, 5997.81494141, 2340.17749023, 5286.28564453, 5698.87060547, 4383.91650391, 5262.51123047, 1608.01367188, 897.611633301, 295.125213623, 139.934402466, 241.198440552, 85.129989624, 94.7358551025, 73.4767684937, 12.7199907303, 12.45262146, 7.18696689606, 8.85993289948, 6.35835933685, 2.91799020767, 1.26487290859, 1.20146596432, 0.11160504818, 0.00225871498697, 2.85091064143e-05, 1.84994462415e-07, 1.3904812024e-10, 5.05516704885e-11], "dvar2": [0.000441898911959, 0.248175695539, 4.80535554886, 24.9272232056, 32.2713508606, 58.8371734619, 101.770599365, 195.695510864, 528.61529541, 3314.73779297, 4063.87695313, 4848.56689453, 9214.12011719, 4620.25390625, 9816.79492188, 10937.6113281, 9365.64550781, 11821.0722656, 3384.55810547, 1853.6496582, 616.130065918, 320.336578369, 537.39276123, 192.015335083, 211.001876831, 154.574951172, 25.7209720612, 28.7138023376, 15.5157871246, 20.3359947205, 11.7321767807, 4.18961715698, 2.68409848213, 2.36311221123, 0.219020664692, 0.00527663109824, 6.43267776468e-05, 4.17948086806e-07, 2.84298085074e-10, 7.5410108713e-11], "max": [0.20042540133, 6.04960107803, 25.0465202332, 58.8110809326, 80.6808547974, 150.959182739, 229.995101929, 422.623687744, 605.263305664, 2151.86328125, 2944.99511719, 3196.32421875, 2940.16381836, 1432.49975586, 3103.875, 2373.49633789, 1413.18310547, 3540.6784668, 1576.78076172, 634.181274414, 290.335601807, 236.468994141, 572.960327148, 326.31854248, 418.824615479, 240.22114563, 120.417053223, 179.077102661, 116.675880432, 189.814804077, 125.364501953, 106.998306274, 58.3654594421, 50.3973197937, 20.6765384674, 2.90189266205, 0.23150254786, 0.0193493440747, 0.000481532275444, 0.000164813391166], "mean": [0.0112219518051, 0.291867256165, 1.65381407738, 4.15465068817, 3.60507655144, 5.05071020126, 5.50817537308, 6.71708965302, 13.0684375763, 32.634021759, 34.7527084351, 30.8990898132, 49.1475334167, 29.3566188812, 39.4147186279, 57.5970878601, 43.2350997925, 33.7189483643, 22.9334850311, 22.4899253845, 14.959651947, 10.8586378098, 11.771859169, 8.1183423996, 7.64940023422, 7.88368797302, 2.78746509552, 1.74726700783, 1.42509353161, 1.16986167431, 0.894943714142, 0.722369849682, 0.404912948608, 0.256636410952, 0.0924296751618, 0.0230514165014, 0.0043986607343, 0.000273692043265, 1.68508377101e-05, 2.11948736251e-05], "median": [0.00467724632472, 0.07066886127, 0.635648787022, 1.6219830513, 2.06295347214, 1.97733068466, 2.11953878403, 2.27478551865, 4.33092546463, 4.32488155365, 5.32527160645, 3.16519260406, 5.40456962585, 4.03233242035, 4.63462400436, 5.65434837341, 3.80959796906, 5.01600456238, 5.5893497467, 4.48411178589, 4.01226139069, 3.48385643959, 2.80640172958, 2.11826682091, 2.14539194107, 2.18300175667, 0.861164927483, 0.869648098946, 0.638714909554, 0.520811319351, 0.418426156044, 0.351652681828, 0.213248252869, 0.126212373376, 0.0499731861055, 0.0136417690665, 0.00229232059792, 0.000151512562297, 1.25970218505e-05, 1.43617962749e-05], "min": [2.86314478086e-22, 2.09323688367e-21, 1.91082308103e-20, 2.64358861992e-20, 2.85513828444e-20, 5.03137551282e-20, 1.13488068518e-19, 5.4817212665e-19, 1.00483977618e-18, 8.60647461258e-19, 1.04472942385e-18, 2.00554096096e-18, 2.88123943875e-18, 1.87427566955e-18, 2.83140614954e-18, 5.75458881523e-18, 4.55997416099e-18, 4.89826001225e-18, 5.48591848432e-18, 4.80329636921e-18, 1.01749477101e-17, 7.56643199408e-18, 1.43789781953e-17, 1.48768118839e-17, 1.4680432589e-17, 1.61469013924e-17, 1.17201756883e-17, 1.47398539355e-17, 1.3296631389e-17, 1.48333236904e-17, 1.80216003716e-17, 2.44697362899e-17, 1.68753811599e-17, 1.5339918876e-17, 8.77110557816e-18, 5.5263965676e-18, 2.87207510475e-18, 1.22793162816e-18, 3.15159897587e-19, 3.64501434383e-20], "var": [0.000280793668935, 0.292979896069, 8.15334224701, 37.4321098328, 21.3067035675, 79.6212844849, 163.757568359, 224.347854614, 968.911376953, 16663.890625, 19391.2890625, 20826.5136719, 27185.3261719, 8310.28417969, 17106.6992188, 23481.4160156, 18013.5136719, 12440.0361328, 3435.40942383, 2056.20922852, 816.66973877, 375.712402344, 725.065307617, 285.352233887, 277.065216064, 231.523986816, 35.8742294312, 21.5087451935, 15.3726005554, 19.6175441742, 18.6995124817, 9.45143890381, 2.07196116447, 1.53734564781, 0.139569401741, 0.00267487182282, 4.65377524961e-05, 2.89841921131e-07, 3.60597524063e-10, 5.05735564538e-10]}, "erbbands_crest": {"dmean": 2.91065168381, "dmean2": 4.56524753571, "dvar": 7.79701423645, "dvar2": 17.180141449, "max": 33.5580825806, "mean": 11.3471879959, "median": 9.96588897705, "min": 2.406686306, "var": 32.2920837402}, "erbbands_flatness_db": {"dmean": 0.0198057871312, "dmean2": 0.0274475328624, "dvar": 0.00036825670395, "dvar2": 0.000632645678706, "max": 0.363790690899, "mean": 0.177706778049, "median": 0.172201097012, "min": 0.0338727720082, "var": 0.00261121359654}, "erbbands_kurtosis": {"dmean": 1.30516552925, "dmean2": 1.94686365128, "dvar": 3.72339129448, "dvar2": 7.18086624146, "max": 47.9596099854, "mean": 1.65244579315, "median": 0.573297262192, "min": -1.83987390995, "var": 13.8611707687}, "erbbands_skewness": {"dmean": 0.403616607189, "dmean2": 0.599365353584, "dvar": 0.159079432487, "dvar2": 0.318857192993, "max": 5.606112957, "mean": 0.440386116505, "median": 0.401173293591, "min": -3.59374856949, "var": 0.737861037254}, "erbbands_spread": {"dmean": 8.18736362457, "dmean2": 12.1229505539, "dvar": 92.0170288086, "dvar2": 191.529647827, "max": 148.10144043, "mean": 32.8095016479, "median": 29.643497467, "min": 1.98547887802, "var": 397.325744629}, "gfcc": {"cov": [[7487.95654297, 817.780639648, -1294.3861084, -303.483428955, -166.536560059, -218.572631836, -44.4054260254, -31.9859142303, -113.629241943, -181.813919067, 70.2768173218, -202.641799927, 1.10567450523], [817.780639648, 715.493347168, 129.181427002, -27.3253860474, 25.4688587189, -26.3710079193, 91.1529998779, -14.5509576797, 6.0596280098, -81.3732147217, 40.8112106323, -109.463539124, -7.58520555496], [-1294.3861084, 129.181427002, 1031.03894043, 409.770629883, 13.1330032349, 84.4868392944, -40.608165741, 31.8856658936, 40.707649231, 35.9906539917, -63.7918357849, 19.5507850647, -18.419801712], [-303.483428955, -27.3253860474, 409.770629883, 441.404632568, 72.0247879028, -43.2603721619, -93.7033996582, 42.4371185303, 39.6443481445, 22.7168045044, -37.4722328186, -0.593255579472, 8.69846248627], [-166.536560059, 25.4688587189, 13.1330032349, 72.0247879028, 208.794143677, 90.0441970825, 23.2862071991, -4.91150856018, 1.35332751274, -1.49668598175, -13.6252393723, -13.7792711258, -9.18510150909], [-218.572631836, -26.3710079193, 84.4868392944, -43.2603721619, 90.0441970825, 295.821533203, 132.6693573, -18.0692443848, -49.3864021301, 12.2074899673, -1.69493687153, 19.830701828, -18.8551692963], [-44.4054260254, 91.1529998779, -40.608165741, -93.7033996582, 23.2862071991, 132.6693573, 232.67124939, 39.11536026, -50.301410675, -29.1625461578, 47.2342414856, -20.3624382019, -18.5211086273], [-31.9859142303, -14.5509576797, 31.8856658936, 42.4371185303, -4.91150856018, -18.0692443848, 39.11536026, 115.289031982, 38.7279624939, 3.46577525139, 3.27802395821, -1.34635162354, 3.8536875248], [-113.629241943, 6.0596280098, 40.707649231, 39.6443481445, 1.35332751274, -49.3864021301, -50.301410675, 38.7279624939, 134.693283081, 36.1995697021, -30.3895874023, -11.615606308, 12.9832134247], [-181.813919067, -81.3732147217, 35.9906539917, 22.7168045044, -1.49668598175, 12.2074899673, -29.1625461578, 3.46577525139, 36.1995697021, 88.9466247559, 12.1707754135, 11.8725137711, -0.959276795387], [70.2768173218, 40.8112106323, -63.7918357849, -37.4722328186, -13.6252393723, -1.69493687153, 47.2342414856, 3.27802395821, -30.3895874023, 12.1707754135, 96.5059814453, 15.4955940247, -3.32178020477], [-202.641799927, -109.463539124, 19.5507850647, -0.593255579472, -13.7792711258, 19.830701828, -20.3624382019, -1.34635162354, -11.615606308, 11.8725137711, 15.4955940247, 102.469161987, 29.2747993469], [1.10567450523, -7.58520555496, -18.419801712, 8.69846248627, -9.18510150909, -18.8551692963, -18.5211086273, 3.8536875248, 12.9832134247, -0.959276795387, -3.32178020477, 29.2747993469, 74.3985748291]], "icov": [[0.000334106269293, -0.00072156614624, 0.000833390280604, -0.000597313977778, 0.000698661548086, -0.000554094440304, 0.000606355955824, -0.000442253454821, 0.000458300579339, -8.73451135703e-05, 0.000355977041181, -2.30752029893e-05, 0.000261192879407], [-0.00072156614624, 0.00428612576798, -0.00289784185588, 0.00221186177805, -0.00224940176122, 0.00175566307735, -0.00182496162597, 0.0020183979068, -0.00233594398014, 0.00308314431459, -0.00350648490712, 0.00318507989869, -0.00188242120203], [0.000833390280604, -0.00289784185588, 0.00446460954845, -0.0039701834321, 0.00319703039713, -0.0026582183782, 0.00139432866126, -0.0011628906941, 0.00112741196062, -0.00138160341885, 0.00267826369964, -0.00180641293991, 0.00200589280576], [-0.000597313977778, 0.00221186177805, -0.0039701834321, 0.00668254587799, -0.00403188122436, 0.00245036720298, 0.000625464948826, -0.00109755247831, -8.79393701325e-05, 0.000560613581911, -0.0017850168515, 0.00182938599028, -0.00197103293613], [0.000698661548086, -0.00224940176122, 0.00319703039713, -0.00403188122436, 0.0087165730074, -0.00448101898655, 0.00157115550246, -0.000457635789644, 3.07551199512e-05, 0.000203464980586, 0.00141323951539, 5.18960441696e-05, 0.00141846318729], [-0.000554094440304, 0.00175566307735, -0.0026582183782, 0.00245036720298, -0.00448101898655, 0.00907572545111, -0.00638017943129, 0.00302472431213, 0.000791675236542, -0.00295770796947, 0.00238408544101, -0.00222886004485, 5.16933905601e-05], [0.000606355955824, -0.00182496162597, 0.00139432866126, 0.000625464948826, 0.00157115550246, -0.00638017943129, 0.012356473133, -0.00661466363817, 0.00260137883015, 0.00314581929706, -0.004327876959, 0.00334363686852, 0.000150415915414], [-0.000442253454821, 0.0020183979068, -0.0011628906941, -0.00109755247831, -0.000457635789644, 0.00302472431213, -0.00661466363817, 0.0141465188935, -0.00573471002281, 0.00110404158477, -0.000800110283308, -0.00084871245781, -0.000303379725665], [0.000458300579339, -0.00233594398014, 0.00112741196062, -8.79393701325e-05, 3.07551199512e-05, 0.000791675236542, 0.00260137883015, -0.00573471002281, 0.013796092011, -0.00709101650864, 0.00543750124052, 0.000399565207772, -0.0012198984623], [-8.73451135703e-05, 0.00308314431459, -0.00138160341885, 0.000560613581911, 0.000203464980586, -0.00295770796947, 0.00314581929706, 0.00110404158477, -0.00709101650864, 0.0193801615387, -0.00868928711861, 0.00293336622417, -0.000145362646435], [0.000355977041181, -0.00350648490712, 0.00267826369964, -0.0017850168515, 0.00141323951539, 0.00238408544101, -0.004327876959, -0.000800110283308, 0.00543750124052, -0.00868928711861, 0.0190306194127, -0.00672763586044, 0.00268771825358], [-2.30752029893e-05, 0.00318507989869, -0.00180641293991, 0.00182938599028, 5.18960441696e-05, -0.00222886004485, 0.00334363686852, -0.00084871245781, 0.000399565207772, 0.00293336622417, -0.00672763586044, 0.0173343289644, -0.00717127136886], [0.000261192879407, -0.00188242120203, 0.00200589280576, -0.00197103293613, 0.00141846318729, 5.16933905601e-05, 0.000150415915414, -0.000303379725665, -0.0012198984623, -0.000145362646435, 0.00268771825358, -0.00717127136886, 0.0173665750772]], "mean": [-49.739692688, 96.3423690796, -126.377578735, 29.9853153229, -65.2966766357, 19.0124111176, -43.5278015137, 8.59463310242, -27.4414405823, -0.178699582815, -16.8311538696, -8.40669345856, -11.9727506638]}, "hfc": {"dmean": 4.0535492897, "dmean2": 5.14547014236, "dvar": 36.2919578552, "dvar2": 55.5077972412, "max": 134.287353516, "mean": 14.1222324371, "median": 7.82367324829, "min": 1.12812797764e-16, "var": 310.122344971}, "melbands": {"dmean": [0.000113893751404, 0.000374345807359, 0.000357325770892, 0.000165358040249, 0.00010347814532, 8.53733872646e-05, 0.000120150034491, 0.000163109929417, 0.000105804669147, 7.95785090304e-05, 0.000118463685794, 5.74527985009e-05, 5.86636124353e-05, 8.8249653345e-05, 5.21645597473e-05, 4.86783465021e-05, 3.54992225766e-05, 2.23727201956e-05, 2.10690304812e-05, 1.78433710971e-05, 9.01597286429e-06, 7.00547661836e-06, 5.59156660529e-06, 5.32277272214e-06, 3.15931879413e-06, 2.97474070976e-06, 3.28166561303e-06, 2.67320069725e-06, 1.14872159429e-06, 5.54658356577e-07, 5.36142465535e-07, 4.51328986628e-07, 4.08719387224e-07, 3.60648328979e-07, 2.72225065601e-07, 2.77070199672e-07, 2.14893930206e-07, 1.6197276409e-07, 1.55796456625e-07, 1.33380353873e-07], "dmean2": [0.000178093803697, 0.00052378163673, 0.000515894847922, 0.000266695948085, 0.000160810057423, 0.000131486711325, 0.000174261411303, 0.000227042328333, 0.000154963025125, 0.000116077128041, 0.000162197844475, 8.16294195829e-05, 8.54407626321e-05, 0.000129549531266, 7.7233016782e-05, 7.32568732928e-05, 5.2268977015e-05, 3.40803671861e-05, 3.12857227982e-05, 2.74159283435e-05, 1.34256169986e-05, 1.09185903057e-05, 8.37073093862e-06, 8.07586002338e-06, 4.72494093628e-06, 4.51773712484e-06, 4.86870658278e-06, 3.96864470531e-06, 1.74126546426e-06, 8.54915867876e-07, 8.22138247258e-07, 6.86598127686e-07, 6.26153109806e-07, 5.54364362415e-07, 4.11561870806e-07, 4.12532813243e-07, 3.12452129947e-07, 2.47941443376e-07, 2.36396076048e-07, 2.07265813401e-07], "dvar": [4.57372060225e-08, 4.88478804073e-07, 3.16982493587e-07, 6.62753691927e-08, 5.26171071158e-08, 4.22651531551e-08, 9.41990876413e-08, 2.93161804166e-07, 1.30869338477e-07, 1.03236239113e-07, 1.5093465322e-07, 4.1297543163e-08, 5.32850421564e-08, 5.86892028309e-08, 2.43259616894e-08, 2.72184284e-08, 2.06551629134e-08, 5.53212142762e-09, 3.01810776371e-09, 1.86933313273e-09, 3.3947702982e-10, 2.31855951105e-10, 1.87914822591e-10, 2.4249616204e-10, 6.84145379237e-11, 9.334535922e-11, 6.20663034856e-11, 3.88737861345e-11, 9.98175934269e-12, 3.96401574759e-12, 5.52927799033e-12, 3.2884530602e-12, 2.20295309772e-12, 3.23559300013e-12, 2.86887072258e-12, 1.38493025641e-12, 1.01576234403e-12, 8.56087553278e-13, 7.76951853548e-13, 9.67816538716e-13], "dvar2": [1.06152022283e-07, 8.79814251675e-07, 6.17313958173e-07, 1.73094946376e-07, 1.19307159707e-07, 9.44567020156e-08, 1.55359927589e-07, 4.67531322101e-07, 2.36854049263e-07, 1.8680798064e-07, 2.32580674719e-07, 8.13119527265e-08, 1.00973622352e-07, 1.15847370807e-07, 5.22690015714e-08, 5.83656429853e-08, 4.82406967706e-08, 1.16266001271e-08, 5.97839022731e-09, 4.05491817901e-09, 7.33084315474e-10, 5.45347378367e-10, 3.9943748309e-10, 5.73405600779e-10, 1.55985460659e-10, 2.14249770703e-10, 1.28003288524e-10, 8.35915781039e-11, 2.1927546584e-11, 9.76184671292e-12, 1.28909183675e-11, 7.77950533853e-12, 4.8159258699e-12, 7.82472611011e-12, 5.54178838236e-12, 2.35875967196e-12, 1.47369714088e-12, 1.94493423103e-12, 1.68158260754e-12, 1.88926673785e-12], "max": [0.00372943771072, 0.011049461551, 0.00894512236118, 0.00486264936626, 0.00687093520537, 0.00809586513788, 0.0122710661963, 0.0266360342503, 0.0213301833719, 0.0172176640481, 0.0148024503142, 0.0061559677124, 0.00933089945465, 0.00802786462009, 0.00514715304598, 0.00473250541836, 0.00670898286626, 0.00241847406141, 0.0018643689109, 0.00095953757409, 0.00047384397476, 0.000316189136356, 0.000397621071897, 0.000643960607704, 0.000268601812422, 0.000610091839917, 0.000409473286709, 0.000212953178561, 0.000100491990452, 9.64130231296e-05, 0.000119367679872, 8.40654174681e-05, 8.20971981739e-05, 0.000114382222819, 7.96488820924e-05, 8.02220092737e-05, 6.52248781989e-05, 5.66404742131e-05, 3.62049286196e-05, 4.61120398541e-05], "mean": [0.000181763301953, 0.0007103724638, 0.000679468445014, 0.000293444172712, 0.000209813078982, 0.000151922009536, 0.00022105651442, 0.000394743721699, 0.000266113376711, 0.000185943747056, 0.000245569273829, 0.000120443539345, 0.000106251929537, 0.000184667718713, 8.67466660566e-05, 9.92163841147e-05, 5.94651282881e-05, 3.71192145394e-05, 3.54056610377e-05, 2.65692888206e-05, 1.5522893591e-05, 1.1832700693e-05, 1.02699059426e-05, 9.83107111097e-06, 6.17682644588e-06, 5.22704613104e-06, 6.1241585172e-06, 5.06106880493e-06, 2.03147783395e-06, 9.94197989712e-07, 9.62571562013e-07, 7.89322143646e-07, 7.4936775718e-07, 6.05027821621e-07, 4.84627150854e-07, 5.32302976808e-07, 4.05503698175e-07, 2.77682886463e-07, 2.63561474867e-07, 2.01127122068e-07], "median": [5.59709515073e-05, 0.000273136887699, 0.000331709947204, 0.000165901205037, 7.95421947259e-05, 5.05378338858e-05, 6.58535427647e-05, 4.65194498247e-05, 3.41006671079e-05, 1.61487969308e-05, 2.4709797799e-05, 1.37306524266e-05, 1.27281527966e-05, 1.53494529513e-05, 8.3962268036e-06, 5.83460359849e-06, 8.24546532385e-06, 7.22562981537e-06, 5.80219330004e-06, 4.61897434434e-06, 4.11032897318e-06, 3.37039637088e-06, 2.56769999396e-06, 1.912895641e-06, 1.39896792462e-06, 1.23762424664e-06, 1.57718977789e-06, 1.29773093249e-06, 5.22321556673e-07, 4.58503279788e-07, 4.36748763377e-07, 3.29351735218e-07, 3.35665504281e-07, 2.46991248787e-07, 1.8615256181e-07, 2.80949024045e-07, 1.80780148185e-07, 1.38396288207e-07, 1.36321986588e-07, 9.31187500441e-08], "min": [2.95167394653e-24, 7.85262595088e-24, 4.81629046592e-24, 2.50194000573e-24, 3.76075197625e-24, 1.08918829822e-23, 1.67952478358e-23, 8.34828619029e-24, 9.92698382167e-24, 1.46025127087e-23, 1.41867688121e-23, 6.85669142462e-24, 8.29003591219e-24, 1.52987518773e-23, 1.43195782787e-23, 1.01100113846e-23, 8.59995964033e-24, 7.47002288982e-24, 8.0260104781e-24, 6.43392587716e-24, 1.30358483615e-23, 6.42111714264e-24, 9.04265339198e-24, 1.63813072753e-23, 1.16668260145e-23, 9.53591391652e-24, 1.08885894879e-23, 1.04769760671e-23, 6.23306335245e-24, 9.03844876336e-24, 7.53366976538e-24, 7.31070375254e-24, 6.69441405895e-24, 9.46701086075e-24, 9.08564236701e-24, 1.40855658466e-23, 1.51992907166e-23, 1.04588007118e-23, 1.24562044124e-23, 1.37235780876e-23], "var": [9.1406676006e-08, 1.48241508668e-06, 8.91656895874e-07, 1.4565824813e-07, 2.21291571734e-07, 1.04987769589e-07, 3.73184775526e-07, 2.63024071501e-06, 1.15147611268e-06, 6.53734218758e-07, 7.23402990843e-07, 1.90298209191e-07, 1.37529639233e-07, 3.04014264429e-07, 5.56256267714e-08, 1.3525128395e-07, 4.31273150525e-08, 1.27325501253e-08, 7.73356134687e-09, 4.05313160812e-09, 9.10179376312e-10, 5.43803002628e-10, 5.95128446523e-10, 5.87345116987e-10, 1.99783661836e-10, 2.03655481368e-10, 2.0715541782e-10, 1.10291269173e-10, 2.45991230857e-11, 6.33897578525e-12, 8.87989941994e-12, 5.48377575987e-12, 4.9418772026e-12, 6.49531730484e-12, 7.84984230395e-12, 4.25147547375e-12, 3.03617699558e-12, 1.22647172366e-12, 1.01544423911e-12, 1.20098657581e-12]}, "melbands_crest": {"dmean": 3.42396211624, "dmean2": 5.39002323151, "dvar": 9.0116519928, "dvar2": 21.1203613281, "max": 33.1124534607, "mean": 14.5050144196, "median": 13.6526145935, "min": 1.71917068958, "var": 31.1384353638}, "melbands_flatness_db": {"dmean": 0.0236068926752, "dmean2": 0.0337182357907, "dvar": 0.000538182386663, "dvar2": 0.00103355676401, "max": 0.394451349974, "mean": 0.200357660651, "median": 0.19923684001, "min": 0.00593153061345, "var": 0.00331333605573}, "melbands_kurtosis": {"dmean": 7.44359636307, "dmean2": 11.0078620911, "dvar": 167.247665405, "dvar2": 326.992614746, "max": 356.941711426, "mean": 14.1209516525, "median": 4.6500582695, "min": -1.86178183556, "var": 680.276916504}, "melbands_skewness": {"dmean": 0.791197299957, "dmean2": 1.13191008568, "dvar": 0.739832401276, "dvar2": 1.3835041523, "max": 14.7711791992, "mean": 2.24911928177, "median": 1.85142934322, "min": -2.34246182442, "var": 4.22249555588}, "melbands_spread": {"dmean": 6.61277008057, "dmean2": 9.93225002289, "dvar": 84.0485458374, "dvar2": 166.453262329, "max": 211.089859009, "mean": 22.3950920105, "median": 19.1331501007, "min": 1.06141495705, "var": 273.835693359}, "mfcc": {"cov": [[5705.82714844, 470.430267334, -1151.23144531, -205.124603271, -259.102416992, -246.198013306, -4.01772546768, -4.27935695648, -181.544143677, 26.0010356903, -63.4356651306, -87.6098403931, 2.93286442757], [470.430267334, 669.358642578, 55.7494163513, -44.7071037292, -41.295135498, 8.59792041779, 89.7057800293, 42.1755561829, -6.83252286911, 24.1226825714, 7.93818664551, -3.45617079735, 10.1138019562], [-1151.23144531, 55.7494163513, 889.863769531, 278.141143799, 156.076965332, 92.8965454102, -0.506595551968, 10.0798997879, 89.607673645, 1.68807673454, 10.8937234879, 44.4519958496, 1.6047629118], [-205.124603271, -44.7071037292, 278.141143799, 396.225921631, 174.82522583, -54.811958313, -71.0133056641, -23.981552124, 36.1494216919, 20.6730709076, -8.20709133148, 10.2843694687, -0.323647141457], [-259.102416992, -41.295135498, 156.076965332, 174.82522583, 238.457855225, 56.5852928162, -59.5718841553, -19.6355190277, 49.6923294067, 4.37288236618, -3.2380232811, 4.38256597519, -11.5520820618], [-246.198013306, 8.59792041779, 92.8965454102, -54.811958313, 56.5852928162, 218.892929077, 96.5491333008, 26.519525528, 23.5477428436, -5.57163286209, 14.6397542953, 6.33400821686, -11.375626564], [-4.01772546768, 89.7057800293, -0.506595551968, -71.0133056641, -59.5718841553, 96.5491333008, 268.665557861, 95.7191314697, -26.191827774, 8.35845184326, 20.7016544342, 7.68890047073, 17.5334968567], [-4.27935695648, 42.1755561829, 10.0798997879, -23.981552124, -19.6355190277, 26.519525528, 95.7191314697, 124.434234619, 31.7667293549, -0.925871610641, 5.93239164352, 9.1299495697, 18.3465175629], [-181.544143677, -6.83252286911, 89.607673645, 36.1494216919, 49.6923294067, 23.5477428436, -26.191827774, 31.7667293549, 116.669937134, 33.5717506409, -4.17425060272, 0.353544473648, 9.55607318878], [26.0010356903, 24.1226825714, 1.68807673454, 20.6730709076, 4.37288236618, -5.57163286209, 8.35845184326, -0.925871610641, 33.5717506409, 107.686912537, 39.3516693115, -20.5429267883, -19.6968536377], [-63.4356651306, 7.93818664551, 10.8937234879, -8.20709133148, -3.2380232811, 14.6397542953, 20.7016544342, 5.93239164352, -4.17425060272, 39.3516693115, 99.600189209, 20.5391254425, -39.5433235168], [-87.6098403931, -3.45617079735, 44.4519958496, 10.2843694687, 4.38256597519, 6.33400821686, 7.68890047073, 9.1299495697, 0.353544473648, -20.5429267883, 20.5391254425, 93.4713821411, 39.9602546692], [2.93286442757, 10.1138019562, 1.6047629118, -0.323647141457, -11.5520820618, -11.375626564, 17.5334968567, 18.3465175629, 9.55607318878, -19.6968536377, -39.5433235168, 39.9602546692, 132.397247314]], "icov": [[0.000286037917249, -0.000244962109718, 0.000409570900956, -0.000232999198488, 0.000154608365847, -1.6260686607e-05, 0.000115872993774, -0.000122611425468, 0.000227738579269, -0.000135881098686, 0.000215412452235, -1.43467250382e-05, 5.25957075297e-05], [-0.000244962109718, 0.00183996662963, -0.000614518998191, 0.00054684933275, -0.00019712667563, 0.000335836288286, -0.000548475189134, -0.000173205698957, 9.60898687481e-05, -0.000410555599956, -1.88971662283e-05, 8.24326561997e-05, -0.000116589450045], [0.000409570900956, -0.000614518998191, 0.0023923041299, -0.00187184184324, 0.000638909230474, -0.00109161401633, 9.39295205171e-05, 0.000161828516866, -0.000884782872163, 0.000475659035146, 3.10123396048e-05, -0.000552504498046, 0.000242033987888], [-0.000232999198488, 0.00054684933275, -0.00187184184324, 0.00615441659465, -0.00452926475555, 0.00342490593903, -0.000786049466114, 0.000121595301607, 0.000624248699751, -0.00130871252622, 0.000690273009241, -0.000429418694694, 8.3462393377e-05], [0.000154608365847, -0.00019712667563, 0.000638909230474, -0.00452926475555, 0.00918713770807, -0.0043752361089, 0.00219825585373, 0.000239914937993, -0.0016997755738, 0.000740652845707, -0.000134391564643, 8.00090274424e-05, 0.000262725341599], [-1.6260686607e-05, 0.000335836288286, -0.00109161401633, 0.00342490593903, -0.0043752361089, 0.00902366638184, -0.0043219756335, 0.00178750883788, -0.00210827286355, 0.00128891377244, -0.00052849581698, -7.29977618903e-05, 0.000922646024264], [0.000115872993774, -0.000548475189134, 9.39295205171e-05, -0.000786049466114, 0.00219825585373, -0.0043219756335, 0.00863286480308, -0.00641362834722, 0.00474080536515, -0.00245534465648, 1.36590297188e-05, 0.000168174054124, -0.00115192204248], [-0.000122611425468, -0.000173205698957, 0.000161828516866, 0.000121595301607, 0.000239914937993, 0.00178750883788, -0.00641362834722, 0.014758114703, -0.00736837415025, 0.00369061389938, -0.00191885815002, 0.000248030177318, -0.00057397922501], [0.000227738579269, 9.60898687481e-05, -0.000884782872163, 0.000624248699751, -0.0016997755738, -0.00210827286355, 0.00474080536515, -0.00736837415025, 0.0158853940666, -0.00713611859828, 0.00329280947335, -0.000842973589897, -0.000906685134396], [-0.000135881098686, -0.000410555599956, 0.000475659035146, -0.00130871252622, 0.000740652845707, 0.00128891377244, -0.00245534465648, 0.00369061389938, -0.00713611859828, 0.0159643385559, -0.00826682429761, 0.00535104423761, -0.00117950513959], [0.000215412452235, -1.88971662283e-05, 3.10123396048e-05, 0.000690273009241, -0.000134391564643, -0.00052849581698, 1.36590297188e-05, -0.00191885815002, 0.00329280947335, -0.00826682429761, 0.0182013995945, -0.00835186894983, 0.00669442396611], [-1.43467250382e-05, 8.24326561997e-05, -0.000552504498046, -0.000429418694694, 8.00090274424e-05, -7.29977618903e-05, 0.000168174054124, 0.000248030177318, -0.000842973589897, 0.00535104423761, -0.00835186894983, 0.0168775152415, -0.00678779557347], [5.25957075297e-05, -0.000116589450045, 0.000242033987888, 8.3462393377e-05, 0.000262725341599, 0.000922646024264, -0.00115192204248, -0.00057397922501, -0.000906685134396, -0.00117950513959, 0.00669442396611, -0.00678779557347, 0.0118304239586]], "mean": [-686.5390625, 120.661361694, -1.31124556065, 13.0171833038, 2.79101896286, 2.77628874779, -0.212763622403, -0.143644854426, -2.36687779427, 2.35597205162, -4.18742847443, -1.38104069233, -0.917954027653]}, "pitch_salience": {"dmean": 0.0711009278893, "dmean2": 0.112216666341, "dvar": 0.00377765554003, "dvar2": 0.00889640022069, "max": 0.879303395748, "mean": 0.532290101051, "median": 0.53260999918, "min": 0.0963758900762, "var": 0.0145315676928}, "silence_rate_20dB": {"dmean": 0, "dmean2": 0, "dvar": 0, "dvar2": 0, "max": 1, "mean": 1, "median": 1, "min": 1, "var": 0}, "silence_rate_30dB": {"dmean": 0.00404098723084, "dmean2": 0.00808314047754, "dvar": 0.00402501504868, "dvar2": 0.00975043512881, "max": 1, "mean": 0.992640674114, "median": 1, "min": 0, "var": 0.00730462512001}, "silence_rate_60dB": {"dmean": 0.0510896220803, "dmean2": 0.10219399631, "dvar": 0.0484826266766, "dvar2": 0.103581145406, "max": 1, "mean": 0.139249637723, "median": 0, "min": 0, "var": 0.119860433042}, "spectral_centroid": {"dmean": 223.236282349, "dmean2": 321.679046631, "dvar": 74078.015625, "dvar2": 133121.234375, "max": 10940.4628906, "mean": 1209.79785156, "median": 1123.53417969, "min": 211.920196533, "var": 356579.125}, "spectral_complexity": {"dmean": 2.78626060486, "dmean2": 3.99249434471, "dvar": 9.98449802399, "dvar2": 18.705286026, "max": 39, "mean": 12.2624816895, "median": 11, "min": 0, "var": 53.3601226807}, "spectral_contrast_coeffs": {"dmean": [0.0512753278017, 0.047947563231, 0.0422178842127, 0.0346380360425, 0.0267154462636, 0.0179199464619], "dmean2": [0.0827056393027, 0.0766502991319, 0.0642727836967, 0.0536762401462, 0.0405862927437, 0.0286987293512], "dvar": [0.00168313982431, 0.0016070746351, 0.00142917514313, 0.000962962745689, 0.000520656583831, 0.000222181610297], "dvar2": [0.00420671142638, 0.00389978080057, 0.00287383841351, 0.00194995233323, 0.00109180819709, 0.000541192886885], "max": [-0.332473903894, -0.343521982431, -0.375405430794, -0.496287316084, -0.518623769283, -0.63953435421], "mean": [-0.616395115852, -0.724941015244, -0.745600342751, -0.763065695763, -0.775036633015, -0.781186103821], "median": [-0.617314696312, -0.736345589161, -0.768526315689, -0.773802399635, -0.783765435219, -0.782921016216], "min": [-0.9565346241, -0.959561944008, -0.963898837566, -0.96332192421, -0.962307453156, -0.959343254566], "var": [0.0067969718948, 0.00786837469786, 0.00936025939882, 0.00543881533667, 0.0028576401528, 0.000849556352478]}, "spectral_contrast_valleys": {"dmean": [0.438623696566, 0.346806257963, 0.340093761683, 0.321971029043, 0.295172721148, 0.270662724972], "dmean2": [0.712006688118, 0.563205301762, 0.530116558075, 0.471798509359, 0.419944018126, 0.382559597492], "dvar": [0.140813454986, 0.0936938896775, 0.0999324768782, 0.104827985168, 0.0958674177527, 0.0930174440145], "dvar2": [0.311989665031, 0.206290617585, 0.200036615133, 0.177126854658, 0.148186922073, 0.16340008378], "max": [-5.78363513947, -5.40618467331, -5.15238904953, -5.86564683914, -6.08183050156, -7.86268663406], "mean": [-8.010679245, -7.21378231049, -7.74659204483, -8.12515735626, -8.24777030945, -10.5907621384], "median": [-7.92500066757, -7.08926486969, -7.66881895065, -8.08778953552, -8.20280456543, -10.5311412811], "min": [-27.2760601044, -27.466375351, -27.3959732056, -27.3006153107, -27.1312046051, -27.2588195801], "var": [1.17779040337, 0.866180300713, 0.9053632617, 0.944185495377, 0.909021139145, 0.590469717979]}, "spectral_decrease": {"dmean": 1.15393483657e-09, "dmean2": 1.50477863503e-09, "dvar": 2.15648549952e-18, "dvar2": 3.22986008459e-18, "max": 7.69438277277e-18, "mean": -4.2466314909e-09, "median": -2.86072054934e-09, "min": -3.4837231766e-08, "var": 2.14526876498e-17}, "spectral_energy": {"dmean": 0.00466323830187, "dmean2": 0.00605470594019, "dvar": 3.54860349034e-05, "dvar2": 5.2778304962e-05, "max": 0.141242206097, "mean": 0.0173086989671, "median": 0.0115868020803, "min": 1.02682049183e-20, "var": 0.000357558194082}, "spectral_energyband_high": {"dmean": 0.000103926038719, "dmean2": 0.000145486003021, "dvar": 9.71049871623e-08, "dvar2": 1.79044860715e-07, "max": 0.014846874401, "mean": 0.000242728347075, "median": 0.000117578572826, "min": 7.61325565125e-21, "var": 2.87059208404e-07}, "spectral_energyband_low": {"dmean": 0.00169533712324, "dmean2": 0.00234751612879, "dvar": 7.40461655369e-06, "dvar2": 1.29627314891e-05, "max": 0.0454286746681, "mean": 0.00361233204603, "median": 0.00189222628251, "min": 3.79352228377e-23, "var": 2.48502765317e-05}, "spectral_energyband_middle_high": {"dmean": 0.00213507260196, "dmean2": 0.00280872639269, "dvar": 1.4094240214e-05, "dvar2": 2.18457371375e-05, "max": 0.0950734391809, "mean": 0.00613674428314, "median": 0.00226783752441, "min": 1.53971653676e-21, "var": 0.000111579240183}, "spectral_energyband_middle_low": {"dmean": 0.00279750162736, "dmean2": 0.00385944754817, "dvar": 1.8101911337e-05, "dvar2": 3.06281945086e-05, "max": 0.125782370567, "mean": 0.0087033752352, "median": 0.00510846916586, "min": 3.2456804732e-22, "var": 0.000154166787979}, "spectral_entropy": {"dmean": 0.164983451366, "dmean2": 0.234324589372, "dvar": 0.0270734783262, "dvar2": 0.0516285002232, "max": 9.81065940857, "mean": 7.39695692062, "median": 7.40355587006, "min": 5.69823789597, "var": 0.158221274614}, "spectral_flux": {"dmean": 0.017943052575, "dmean2": 0.0280500333756, "dvar": 0.000360246194759, "dvar2": 0.000842494075187, "max": 0.320565283298, "mean": 0.0591469146311, "median": 0.0547554418445, "min": 1.01332151003e-10, "var": 0.00119763647672}, "spectral_kurtosis": {"dmean": 1.44187355042, "dmean2": 2.40435290337, "dvar": 2.06571745872, "dvar2": 5.66413354874, "max": 25.9567489624, "mean": 4.64666938782, "median": 4.29930496216, "min": -1.23147988319, "var": 5.25533819199}, "spectral_rms": {"dmean": 0.00057142280275, "dmean2": 0.000734187604394, "dvar": 3.37579507459e-07, "dvar2": 4.95727988437e-07, "max": 0.0117387082428, "mean": 0.00362044898793, "median": 0.00336217135191, "min": 3.16508473076e-12, "var": 3.77887295144e-06}, "spectral_rolloff": {"dmean": 352.980224609, "dmean2": 577.095703125, "dvar": 514068.1875, "dvar2": 1068788.5, "max": 18712.3535156, "mean": 1348.81323242, "median": 1184.32617188, "min": 107.666015625, "var": 1703141}, "spectral_skewness": {"dmean": 0.204321920872, "dmean2": 0.324860394001, "dvar": 0.0360159724951, "dvar2": 0.0846196338534, "max": 3.83870315552, "mean": 1.67005336285, "median": 1.65172624588, "min": -0.0344084203243, "var": 0.146402552724}, "spectral_spread": {"dmean": 536141.375, "dmean2": 786196.25, "dvar": 521081192448, "dvar2": 87919