{"lowlevel": {"average_loudness": 0.947081148624, "barkbands": {"dmean": [1.29888057927e-05, 0.000881296524312, 0.0012555293506, 0.00076093635289, 0.00107404054143, 0.00076295848703, 0.000381918624043, 0.000490071368404, 0.000380357465474, 0.000607463705819, 0.00023783458164, 0.000484301097458, 0.00044474954484, 0.000617569545284, 0.000602609594353, 0.000428649858804, 0.000543181435205, 0.000559100299142, 0.000197991350433, 0.000232146805502, 0.000150777515955, 9.14873598958e-05, 7.61402770877e-05, 5.73821671424e-05, 3.90968853026e-05, 1.26235636344e-05, 8.42247175115e-07], "dmean2": [2.18849254452e-05, 0.00128912564833, 0.00216410774738, 0.00129501579795, 0.00171566195786, 0.00113450898789, 0.000627578992862, 0.000748124904931, 0.000595327466726, 0.000954063783865, 0.000367002241546, 0.000775293447077, 0.00069398683263, 0.000966042920481, 0.000905845139641, 0.000652690650895, 0.000834242964629, 0.000848295749165, 0.000304442597553, 0.000348922476405, 0.000236236766796, 0.000137243623612, 0.000115955015644, 8.60247964738e-05, 5.68474788452e-05, 1.86472861969e-05, 1.25849021515e-06], "dvar": [8.83723094702e-10, 3.30404918714e-06, 2.32653246712e-06, 1.16502599212e-06, 3.20132471643e-06, 2.20165657083e-06, 8.72512600836e-07, 1.40866814036e-06, 9.81192556537e-07, 2.67856512437e-06, 3.98669186552e-07, 2.21141499424e-06, 1.24362770748e-06, 2.49641402661e-06, 2.54277642853e-06, 1.26751206153e-06, 1.20126287584e-06, 9.29384782467e-07, 1.01752384296e-07, 1.50890230088e-07, 6.08718693229e-08, 2.94020914282e-08, 3.64216035109e-08, 4.00757862451e-08, 8.97668162025e-09, 6.49110709627e-10, 1.63271035147e-12], "dvar2": [2.23746043915e-09, 7.22137883713e-06, 6.7246000981e-06, 3.24123516293e-06, 8.08701588539e-06, 4.64187314719e-06, 2.13556950257e-06, 3.133292239e-06, 2.57350075117e-06, 6.67189624437e-06, 8.98592986687e-07, 5.36972675036e-06, 2.94835626846e-06, 5.64941638004e-06, 5.47695708519e-06, 2.80838935396e-06, 2.93716334454e-06, 2.14766487261e-06, 2.27003965847e-07, 3.16182365623e-07, 1.47755827129e-07, 6.26898710721e-08, 8.17069008008e-08, 9.0292338939e-08, 1.92782323438e-08, 1.47253986782e-09, 3.60311476835e-12], "max": [0.000659297336824, 0.0218881927431, 0.0178929641843, 0.0152291599661, 0.0328285656869, 0.0254514589906, 0.0183817278594, 0.0252690017223, 0.0201560948044, 0.044788595289, 0.0128275137395, 0.0435718111694, 0.0317405611277, 0.044791482389, 0.0313356108963, 0.0350095964968, 0.0182398092002, 0.0253222193569, 0.0060377009213, 0.00619524437934, 0.00520966248587, 0.00400965474546, 0.00523914722726, 0.00633067404851, 0.00275070243515, 0.00069834763417, 3.26864246745e-05], "mean": [1.29985119202e-05, 0.00133803754579, 0.00252873520367, 0.00154729862697, 0.00174832018092, 0.0013877217425, 0.000506254262291, 0.000704080332071, 0.000540971523151, 0.000954769551754, 0.000352525035851, 0.000812786514871, 0.00071757187834, 0.000917148950975, 0.000942395825405, 0.000715551199391, 0.000963600876275, 0.00108172628097, 0.000383076141588, 0.000480116315885, 0.000330895913066, 0.000215854612179, 0.000154281078721, 0.000101846751932, 8.00234338385e-05, 2.75229249382e-05, 1.85990927548e-06], "median": [4.11963719671e-06, 0.000527121010236, 0.00207128329203, 0.0011500956025, 0.000966495019384, 0.000459154194687, 0.00016987528943, 0.000165508594364, 9.10941307666e-05, 0.000158820374054, 9.64545251918e-05, 0.000159278512001, 0.0001924331591, 0.000213464343688, 0.000184746982995, 0.00018491136143, 0.000476302142488, 0.000508424534928, 0.000220959438593, 0.000258218729869, 0.000241349524003, 0.000147504950291, 0.000110447756015, 6.01271603955e-05, 5.35369690624e-05, 2.07840894291e-05, 1.43776594541e-06], "min": [8.81888313545e-25, 5.37014379102e-24, 1.81523086849e-24, 1.87363221346e-24, 9.96177337645e-24, 8.96635082092e-24, 1.36717530816e-23, 1.5542061824e-23, 1.82356447398e-23, 2.10840352974e-23, 1.02885866166e-23, 3.35077504735e-23, 4.43534772041e-23, 6.09850001144e-23, 3.96570316702e-23, 6.5916390514e-23, 6.68183298969e-23, 1.14789157181e-22, 1.57778277361e-22, 1.92580169927e-22, 2.30754714231e-22, 3.44173070972e-22, 4.26997054159e-22, 6.735313089e-22, 9.40509506157e-22, 1.25897484978e-21, 1.98617495353e-21], "var": [8.97374841102e-10, 4.68717007607e-06, 4.62157049697e-06, 2.04765751732e-06, 5.21881020177e-06, 6.55813391859e-06, 1.34180868372e-06, 2.64334767053e-06, 1.837450327e-06, 6.81052233631e-06, 7.91146874235e-07, 6.54548830425e-06, 2.81752568299e-06, 5.02286957271e-06, 5.39116581422e-06, 3.09844699586e-06, 2.15447244045e-06, 2.54037536251e-06, 2.26970939821e-07, 3.9500585558e-07, 1.30244018237e-07, 6.70286226523e-08, 5.22408498682e-08, 5.07111543868e-08, 1.33811894898e-08, 9.10806985388e-10, 3.09332182265e-12]}, "barkbands_crest": {"dmean": 2.27157926559, "dmean2": 3.72739982605, "dvar": 4.07522726059, "dvar2": 10.2685127258, "max": 23.4609699249, "mean": 8.56039333344, "median": 7.79815530777, "min": 2.57051682472, "var": 11.2362394333}, "barkbands_flatness_db": {"dmean": 0.0149841485545, "dmean2": 0.0230677146465, "dvar": 0.000159510425874, "dvar2": 0.000369751272956, "max": 0.31097137928, "mean": 0.103135146201, "median": 0.0948770493269, "min": 0.0269217658788, "var": 0.00141917646397}, "barkbands_kurtosis": {"dmean": 1.10063111782, "dmean2": 1.72239041328, "dvar": 2.13495993614, "dvar2": 4.98671627045, "max": 19.6689071655, "mean": 0.580750226974, "median": -0.24801659584, "min": -1.89959025383, "var": 6.03122425079}, "barkbands_skewness": {"dmean": 0.411952465773, "dmean2": 0.608914732933, "dvar": 0.141536131501, "dvar2": 0.300584286451, "max": 4.27226829529, "mean": 0.56092941761, "median": 0.582970142365, "min": -3.32617974281, "var": 1.18295586109}, "barkbands_spread": {"dmean": 5.96191263199, "dmean2": 9.17728900909, "dvar": 33.2793159485, "dvar2": 74.8367080688, "max": 137.488189697, "mean": 33.999458313, "median": 32.3911247253, "min": 3.03472995758, "var": 306.797241211}, "dissonance": {"dmean": 0.0112815946341, "dmean2": 0.0190371442586, "dvar": 0.000153542074258, "dvar2": 0.000422249548137, "max": 0.5, "mean": 0.478670448065, "median": 0.483263909817, "min": 0.352774739265, "var": 0.000288273731712}, "dynamic_complexity": 3.91220426559, "erbbands": {"dmean": [0.0157354064286, 0.24094595015, 1.1715439558, 2.02844357491, 2.73850345612, 3.86285543442, 5.35595417023, 6.93061828613, 5.72778892517, 7.01587200165, 10.0485601425, 9.05896854401, 14.2952604294, 16.0988502502, 11.559346199, 20.0516395569, 17.6520614624, 29.6004867554, 29.704044342, 26.2164554596, 20.5399799347, 26.717382431, 31.1731967926, 15.8597164154, 8.84182548523, 11.1845903397, 8.11858940125, 4.6087603569, 3.47827720642, 2.7569539547, 2.22508835793, 1.29584062099, 0.93600744009, 0.557403504848, 0.232640549541, 0.0739689394832, 0.0212686546147, 0.00282415235415, 0.000140173346153, 9.11409551918e-06], "dmean2": [0.0227749105543, 0.360574513674, 1.99468123913, 3.43058252335, 4.50527667999, 6.23537445068, 8.23505115509, 10.3036994934, 9.221616745, 11.0288219452, 15.2222614288, 14.0584821701, 22.1296253204, 24.9599742889, 17.77485466, 31.9185733795, 27.2086791992, 46.3858375549, 46.000629425, 38.3731613159, 30.707151413, 40.3743743896, 46.5006790161, 24.4426689148, 13.16680336, 16.6674251556, 12.8714036942, 7.17663049698, 5.25256681442, 4.17165756226, 3.45518612862, 1.9395159483, 1.41586661339, 0.82166749239, 0.344844520092, 0.110550247133, 0.0315845198929, 0.00414712633938, 0.000201774164452, 1.23261761473e-05], "dvar": [0.00121457153, 0.224017739296, 2.19695472717, 6.39116954803, 20.4145851135, 59.8433837891, 103.120071411, 251.500305176, 163.967010498, 354.504638672, 597.197814941, 636.295898438, 1329.20568848, 2235.1015625, 829.560058594, 4040.10693359, 1939.7701416, 5877.19580078, 4999.04345703, 6208.27636719, 2228.32519531, 3178.02172852, 3087.90673828, 641.899475098, 197.02911377, 386.300598145, 169.346664429, 53.0660896301, 49.5704231262, 33.7081489563, 30.6797046661, 20.440776825, 10.3503322601, 1.91434800625, 0.320980876684, 0.026838844642, 0.00151061837096, 1.84083783097e-05, 4.50464625601e-08, 1.21645221673e-10], "dvar2": [0.00259711476974, 0.499233156443, 6.15447187424, 17.6434345245, 53.1185798645, 153.455688477, 243.152389526, 516.530761719, 394.039916992, 817.996887207, 1315.6262207, 1661.35375977, 3078.99072266, 5678.09619141, 1899.41674805, 9810.3984375, 4435.21142578, 13619.2871094, 11773.9316406, 12749.0478516, 4978.10693359, 7768.90722656, 6878.72021484, 1489.67175293, 404.020050049, 819.517089844, 402.081695557, 123.420257568, 104.837524414, 70.5375213623, 71.5067138672, 45.4223060608, 24.2844429016, 4.06764411926, 0.747953295708, 0.0612981654704, 0.00356961227953, 3.91182293242e-05, 9.43845535062e-08, 2.23408069822e-10], "max": [0.414757728577, 6.2236084938, 21.4944572449, 33.4678459167, 74.4765777588, 157.5027771, 213.194885254, 295.472869873, 297.114807129, 371.525604248, 509.655853271, 595.866333008, 921.772888184, 1305.13842773, 692.956420898, 2183.90795898, 1266.05859375, 2517.49414062, 1699.54003906, 2065.68164062, 1572.92138672, 878.517272949, 1548.02636719, 543.036010742, 236.990066528, 338.87487793, 346.955108643, 141.440216064, 217.797424316, 183.050231934, 146.763442993, 141.872619629, 103.415931702, 42.027130127, 16.1395301819, 4.95837116241, 1.0419908762, 0.109497636557, 0.00570435868576, 0.000234069826547], "mean": [0.0193207785487, 0.396276116371, 2.4152071476, 4.98397684097, 4.57585573196, 5.56376123428, 8.8240032196, 12.2918405533, 8.87839508057, 9.66588115692, 14.9735918045, 13.5685224533, 22.297712326, 26.3174419403, 20.1184940338, 34.8321762085, 31.8696231842, 48.5382270813, 50.4116516113, 44.8934211731, 40.4364509583, 49.1826248169, 63.1992492676, 33.1451568604, 19.1984634399, 23.1789970398, 16.6768264771, 10.1533784866, 8.04718112946, 6.23482704163, 4.42642354965, 2.40700864792, 1.57404541969, 1.05457699299, 0.482799381018, 0.158309519291, 0.0441705994308, 0.00662658642977, 0.00034094878356, 3.54770891136e-05], "median": [0.00550726242363, 0.17752365768, 1.92332589626, 4.02275753021, 2.83655834198, 2.57001638412, 3.79817724228, 3.19074106216, 3.40009999275, 2.8866443634, 3.94547653198, 3.38433766365, 5.76878929138, 4.5371427536, 6.45524454117, 7.80573415756, 10.1865758896, 13.8827486038, 10.824005127, 10.71571064, 15.5179052353, 24.4137153625, 30.7953586578, 19.3358764648, 11.8478879929, 12.126408577, 11.4789152145, 7.62092685699, 5.38027715683, 4.46579885483, 3.19525098801, 1.50608932972, 0.855691969395, 0.641125917435, 0.357945531607, 0.119580090046, 0.0328648351133, 0.00522958906367, 0.000269301002845, 3.37243036483e-05], "min": [1.32316851323e-22, 1.34832822837e-21, 2.3153205398e-21, 6.42588029109e-21, 1.36402583842e-20, 3.09056131847e-20, 5.76035977002e-20, 9.75493320902e-20, 8.76571179188e-20, 1.96412937851e-19, 3.38993943715e-19, 4.97395644748e-19, 5.01314464599e-19, 9.36985013159e-19, 1.27741470977e-18, 1.48377063001e-18, 1.87776244263e-18, 2.37200802851e-18, 3.0268004791e-18, 4.12853164274e-18, 3.75928607551e-18, 4.51541973166e-18, 6.78691725073e-18, 5.44822055509e-18, 7.2409165707e-18, 8.36835795535e-18, 8.36128969702e-18, 7.32284963756e-18, 1.20666047191e-17, 1.24753618091e-17, 1.27977513169e-17, 1.25865017962e-17, 1.1340796745e-17, 9.2615087033e-18, 6.51648626589e-18, 4.21740847724e-18, 2.27491584296e-18, 9.51077275665e-19, 2.43375380421e-19, 2.83134876389e-20], "var": [0.00157179753296, 0.333981364965, 4.69819688797, 15.921415329, 32.8173484802, 80.7928543091, 211.245529175, 765.039489746, 299.342193604, 585.537414551, 1140.34411621, 1255.33679199, 2666.84277344, 6084.87841797, 2083.87329102, 12456.0292969, 5013.52001953, 12565.2001953, 12729.0478516, 14069.015625, 6942.15625, 5317.63476562, 8697.05078125, 1582.76965332, 498.919342041, 998.196899414, 388.083099365, 102.092315674, 109.99924469, 63.0344543457, 41.0140228271, 26.6552143097, 12.1572675705, 2.88795614243, 0.418321639299, 0.0353913232684, 0.00215597497299, 3.68600121874e-05, 9.29442265374e-08, 4.27544250003e-10]}, "erbbands_crest": {"dmean": 2.67928528786, "dmean2": 4.31047725677, "dvar": 6.91678380966, "dvar2": 17.2076911926, "max": 31.241394043, "mean": 9.28828716278, "median": 8.33399963379, "min": 2.30943083763, "var": 21.1392230988}, "erbbands_flatness_db": {"dmean": 0.0145689696074, "dmean2": 0.0211237911135, "dvar": 0.000176091576577, "dvar2": 0.000353496405296, "max": 0.399729073048, "mean": 0.151436820626, "median": 0.140541657805, "min": 0.034608643502, "var": 0.00320750568062}, "erbbands_kurtosis": {"dmean": 1.06745481491, "dmean2": 1.63902461529, "dvar": 2.02531433105, "dvar2": 4.32038164139, "max": 48.2556495667, "mean": 1.02628397942, "median": 0.232996940613, "min": -1.68987226486, "var": 6.98028278351}, "erbbands_skewness": {"dmean": 0.323843538761, "dmean2": 0.48432290554, "dvar": 0.0842905789614, "dvar2": 0.188276976347, "max": 3.43172907829, "mean": -0.464416027069, "median": -0.483468174934, "min": -5.28872394562, "var": 0.641396343708}, "erbbands_spread": {"dmean": 7.8984541893, "dmean2": 11.8554668427, "dvar": 65.6646881104, "dvar2": 138.133834839, "max": 118.694709778, "mean": 37.465423584, "median": 35.3401756287, "min": 2.62725305557, "var": 378.582794189}, "gfcc": {"cov": [[26046.2460938, 1442.27270508, -834.010437012, 1044.52209473, -1550.21765137, 544.726013184, -1078.01318359, 30.8326244354, -687.910766602, 423.717803955, -905.164611816, -200.942687988, -355.841827393], [1442.27270508, 706.758666992, -281.609985352, -88.4769210815, 14.9132604599, -93.8321914673, -4.71383428574, -43.3277626038, -66.6680145264, -83.1866836548, 14.216085434, -47.2600593567, -72.1338653564], [-834.010437012, -281.609985352, 1052.98681641, 184.13734436, -92.3210525513, 161.705825806, 0.301864385605, 28.7853012085, 44.057674408, 188.121673584, -106.01802063, 21.8299369812, 13.7185993195], [1044.52209473, -88.4769210815, 184.13734436, 327.039337158, -20.5370063782, -2.00872087479, -122.908065796, 29.6328239441, 30.847984314, 39.8954086304, -76.5250091553, -1.69407904148, 15.1022901535], [-1550.21765137, 14.9132604599, -92.3210525513, -20.5370063782, 277.210601807, -52.7626228333, 63.0006484985, 13.9161396027, 68.3450241089, -60.3660430908, 71.6144714355, 17.3999023438, 25.3868026733], [544.726013184, -93.8321914673, 161.705825806, -2.00872087479, -52.7626228333, 221.812179565, 84.6649551392, -4.75884389877, -53.5106124878, 63.3478240967, -29.0783557892, 1.00963556767, -8.64311122894], [-1078.01318359, -4.71383428574, 0.301864385605, -122.908065796, 63.0006484985, 84.6649551392, 227.60446167, 18.6462726593, -23.4313926697, -28.9001617432, 59.9752807617, 1.70674693584, -10.1181774139], [30.8326244354, -43.3277626038, 28.7853012085, 29.6328239441, 13.9161396027, -4.75884389877, 18.6462726593, 102.34601593, 55.2309417725, 7.18204450607, -20.4059257507, -6.56183433533, 9.35796928406], [-687.910766602, -66.6680145264, 44.057674408, 30.847984314, 68.3450241089, -53.5106124878, -23.4313926697, 55.2309417725, 130.43762207, 20.8066425323, -1.98859167099, -2.24993348122, 25.4585609436], [423.717803955, -83.1866836548, 188.121673584, 39.8954086304, -60.3660430908, 63.3478240967, -28.9001617432, 7.18204450607, 20.8066425323, 129.258605957, -23.0412025452, -0.952848017216, -2.96704673767], [-905.164611816, 14.216085434, -106.01802063, -76.5250091553, 71.6144714355, -29.0783557892, 59.9752807617, -20.4059257507, -1.98859167099, -23.0412025452, 122.493904114, 32.1762619019, 3.18322181702], [-200.942687988, -47.2600593567, 21.8299369812, -1.69407904148, 17.3999023438, 1.00963556767, 1.70674693584, -6.56183433533, -2.24993348122, -0.952848017216, 32.1762619019, 83.0497589111, 21.8171463013], [-355.841827393, -72.1338653564, 13.7185993195, 15.1022901535, 25.3868026733, -8.64311122894, -10.1181774139, 9.35796928406, 25.4585609436, -2.96704673767, 3.18322181702, 21.8171463013, 71.7781066895]], "icov": [[0.000675988267176, -0.0015448203776, 0.00157988409046, -0.00178367306944, 0.00173585477751, -0.00237446650863, 0.00219086068682, -0.00235831132159, 0.00236424827017, -0.00231811986305, 0.00232276902534, -0.00137866917066, 0.000970172462985], [-0.0015448203776, 0.0055260527879, -0.00336355366744, 0.00437246263027, -0.00433072820306, 0.00631777243689, -0.00498208543286, 0.0055862525478, -0.00437222607434, 0.00547574274242, -0.00484364153817, 0.00375107186846, -0.000668533961289], [0.00157988409046, -0.00336355366744, 0.00535843614489, -0.00491478387266, 0.00414444226772, -0.00557727040723, 0.00399471027777, -0.00484345899895, 0.00501878233626, -0.0073600737378, 0.00683055818081, -0.00408379361033, 0.00237324275076], [-0.00178367306944, 0.00437246263027, -0.00491478387266, 0.00969290733337, -0.00563246430829, 0.00571025768295, -0.0025901729241, 0.00439117662609, -0.0053932662122, 0.00651485472918, -0.00500785466284, 0.00370603171177, -0.0025286115706], [0.00173585477751, -0.00433072820306, 0.00414444226772, -0.00563246430829, 0.0109192552045, -0.00645031454042, 0.00383221753873, -0.00460457615554, 0.00130366603844, -0.00302023417316, 0.00324738794006, -0.00379023957066, 0.00156897318084], [-0.00237446650863, 0.00631777243689, -0.00557727040723, 0.00571025768295, -0.00645031454042, 0.0184677559882, -0.0130217326805, 0.00897585321218, -0.00361672579311, 0.00253505492583, -0.00405232934281, 0.0040121586062, -0.00371075677685], [0.00219086068682, -0.00498208543286, 0.00399471027777, -0.0025901729241, 0.00383221753873, -0.0130217326805, 0.0181334037334, -0.0123208751902, 0.00913813989609, -0.00346386455931, 0.00236973911524, -0.00242078257725, 0.00412141904235], [-0.00235831132159, 0.0055862525478, -0.00484345899895, 0.00439117662609, -0.00460457615554, 0.00897585321218, -0.0123208751902, 0.0239068921655, -0.0158737841994, 0.00811232160777, -0.00440020533279, 0.00406675832346, -0.00329535198398], [0.00236424827017, -0.00437222607434, 0.00501878233626, -0.0053932662122, 0.00130366603844, -0.00361672579311, 0.00913813989609, -0.0158737841994, 0.0257575698197, -0.0134688308463, 0.00885499641299, -0.00295983301476, 0.000777942768764], [-0.00231811986305, 0.00547574274242, -0.0073600737378, 0.00651485472918, -0.00302023417316, 0.00253505492583, -0.00346386455931, 0.00811232160777, -0.0134688308463, 0.0237362794578, -0.0118930395693, 0.00582729419693, -0.00161118595861], [0.00232276902534, -0.00484364153817, 0.00683055818081, -0.00500785466284, 0.00324738794006, -0.00405232934281, 0.00236973911524, -0.00440020533279, 0.00885499641299, -0.0118930395693, 0.0244853440672, -0.010534722358, 0.00415076036006], [-0.00137866917066, 0.00375107186846, -0.00408379361033, 0.00370603171177, -0.00379023957066, 0.0040121586062, -0.00242078257725, 0.00406675832346, -0.00295983301476, 0.00582729419693, -0.010534722358, 0.0187648013234, -0.00605787103996], [0.000970172462985, -0.000668533961289, 0.00237324275076, -0.0025286115706, 0.00156897318084, -0.00371075677685, 0.00412141904235, -0.00329535198398, 0.000777942768764, -0.00161118595861, 0.00415076036006, -0.00605787103996, 0.0194716267288]], "mean": [-8.24806308746, 57.7678527832, -126.21962738, 43.7005081177, -48.6851463318, 10.7800731659, -41.5692520142, 5.88070583344, -30.9061069489, -1.74899363518, -21.3919773102, -0.239951536059, -18.9074859619]}, "hfc": {"dmean": 7.05280780792, "dmean2": 9.490483284, "dvar": 74.000869751, "dvar2": 134.207214355, "max": 123.536933899, "mean": 25.1251735687, "median": 20.4043483734, "min": 1.07726437708e-16, "var": 342.289855957}, "melbands": {"dmean": [0.000197806875804, 0.000491886690725, 0.000341673759976, 0.000219548805035, 0.000191222628928, 0.000150209583808, 8.61860971781e-05, 8.4654406237e-05, 7.61074552429e-05, 5.881936886e-05, 7.4523522926e-05, 7.09172090865e-05, 3.42548410117e-05, 5.75469348405e-05, 3.91206194763e-05, 4.83320400235e-05, 5.9352205426e-05, 5.09575620526e-05, 4.1612842324e-05, 3.44807849615e-05, 2.6101270123e-05, 2.6835807148e-05, 3.66901731468e-05, 2.81108877971e-05, 1.28667497847e-05, 6.19828006165e-06, 8.22294077807e-06, 7.77086643211e-06, 5.72264934817e-06, 3.86068268199e-06, 2.47188404501e-06, 2.08729534279e-06, 1.90228934116e-06, 1.52584243551e-06, 1.49492757373e-06, 9.91596721178e-07, 7.87187502738e-07, 7.09516200459e-07, 5.62614388855e-07, 4.7919223789e-07], "dmean2": [0.000281396321952, 0.000812323880382, 0.000575076730456, 0.000357095326763, 0.000295856938465, 0.000223927141633, 0.000139238109114, 0.000131969849463, 0.000115538176033, 9.16327044251e-05, 0.000115408016427, 0.000109968525067, 5.24556962773e-05, 9.22834515222e-05, 6.21685321676e-05, 7.54414286348e-05, 9.33856936172e-05, 7.95136584202e-05, 6.12257135799e-05, 5.16991203767e-05, 3.98949123337e-05, 4.13629277318e-05, 5.49800533918e-05, 4.32463275502e-05, 2.01530474442e-05, 9.44503972278e-06, 1.2448108464e-05, 1.1691085092e-05, 9.1110714493e-06, 6.22647803539e-06, 3.84960412703e-06, 3.20481603922e-06, 2.92832464766e-06, 2.33900414059e-06, 2.3654515644e-06, 1.51539416038e-06, 1.19320122849e-06, 1.09338691345e-06, 8.44544217671e-07, 7.2105495974e-07], "dvar": [1.76440423161e-07, 4.29709785976e-07, 1.90417694057e-07, 1.45536617424e-07, 1.20044560958e-07, 1.05677429474e-07, 3.66713237554e-08, 4.64120653021e-08, 3.47235697973e-08, 2.60979042821e-08, 3.71293964463e-08, 4.5234905599e-08, 7.72617436695e-09, 3.40282859668e-08, 1.26772201625e-08, 1.59262008026e-08, 2.44785720582e-08, 1.59662096877e-08, 1.53853125795e-08, 1.02210764297e-08, 3.65211860753e-09, 3.09051939595e-09, 4.85553730556e-09, 2.38397679375e-09, 4.91111207257e-10, 1.05780821602e-10, 1.89049748078e-10, 2.07484585069e-10, 1.04091520126e-10, 6.41787109568e-11, 1.75615598452e-11, 2.41757829034e-11, 1.12952676726e-11, 1.24491259315e-11, 1.2515394103e-11, 8.28840815426e-12, 8.62446659228e-12, 6.80188978058e-12, 2.24975160029e-12, 1.38537532141e-12], "dvar2": [3.66462700185e-07, 1.13367195809e-06, 5.20974424489e-07, 3.77859919354e-07, 2.89408689014e-07, 2.19359492348e-07, 8.80153123717e-08, 1.03939186147e-07, 7.69888472973e-08, 6.79060576658e-08, 8.60730224872e-08, 1.15951955593e-07, 1.74434529043e-08, 8.22134254008e-08, 3.09875574089e-08, 3.72414064032e-08, 5.61816122513e-08, 3.84621259286e-08, 3.314526964e-08, 2.21482601148e-08, 8.49896153454e-09, 7.68346453128e-09, 1.12447802181e-08, 5.79944003931e-09, 1.15579890103e-09, 2.38854352963e-10, 3.88311716115e-10, 4.54244364345e-10, 2.52855930638e-10, 1.68794242472e-10, 3.87893467346e-11, 5.11941461445e-11, 2.48073350056e-11, 2.69160284339e-11, 3.04788520811e-11, 1.89186617761e-11, 1.95169384126e-11, 1.6212709994e-11, 5.08442723687e-12, 3.02869535007e-12], "max": [0.00463916454464, 0.0102284681052, 0.00529561331496, 0.00620790105313, 0.00654177460819, 0.00587061885744, 0.00414166273549, 0.00438111741096, 0.00361168850213, 0.00365166692063, 0.00510729290545, 0.00577950617298, 0.00173989997711, 0.00644172495231, 0.00398498307914, 0.00370449060574, 0.00432226527482, 0.00323869660497, 0.00299648987129, 0.00355108105578, 0.00164943747222, 0.00122611678671, 0.00168413796928, 0.000854132522363, 0.000463004922494, 0.000248838710831, 0.000258902116911, 0.000309267197736, 0.000339194870321, 0.000200454538572, 0.000123700097902, 0.000175291686901, 8.44607930048e-05, 0.000113785157737, 8.62720262376e-05, 7.60911425459e-05, 0.000100549739727, 8.31444485812e-05, 3.76845964638e-05, 3.7153618905e-05], "mean": [0.000274095655186, 0.00103525945451, 0.000836336170323, 0.000341561215464, 0.000309294409817, 0.000270119839115, 0.000130660555442, 0.000117235300422, 0.000111912275315, 8.55231191963e-05, 0.000113941787276, 0.000112309979158, 5.45001348655e-05, 9.64230130194e-05, 6.55349722365e-05, 8.06771422504e-05, 8.99566948647e-05, 8.07347678347e-05, 6.37467746856e-05, 5.68139548704e-05, 4.66294768557e-05, 4.56762863905e-05, 6.50294605293e-05, 5.25754840055e-05, 2.40894041781e-05, 1.14896547529e-05, 1.65888341144e-05, 1.48242543219e-05, 1.06294692159e-05, 7.87186945672e-06, 4.96538632433e-06, 4.40411986347e-06, 4.23519986725e-06, 3.15945908369e-06, 2.75538832284e-06, 1.84988323326e-06, 1.32780201056e-06, 1.12732845992e-06, 9.44365183386e-07, 8.86331292804e-07], "median": [9.81039484031e-05, 0.000819851120468, 0.000705442333128, 0.000187757250387, 0.000135293405037, 7.59322283557e-05, 4.77761896036e-05, 3.08647504426e-05, 2.6835294193e-05, 1.55959733092e-05, 2.72107263299e-05, 1.59876490216e-05, 1.63125787367e-05, 2.08280234801e-05, 1.73382177309e-05, 2.18044297071e-05, 2.17093893298e-05, 1.43873794514e-05, 1.27182083816e-05, 1.26878294395e-05, 1.83512420335e-05, 2.17894212255e-05, 2.97663209494e-05, 2.51821620623e-05, 1.27880593936e-05, 6.50221045362e-06, 9.81738776318e-06, 6.6968068495e-06, 6.59409988657e-06, 5.64854235563e-06, 3.60826265933e-06, 2.67122254627e-06, 2.9983366403e-06, 2.23837105295e-06, 1.92041511582e-06, 1.27339558276e-06, 7.53240271933e-07, 5.87762258419e-07, 4.90287618504e-07, 5.52789799713e-07], "min": [1.52464961532e-24, 1.34850279303e-24, 1.30258428443e-24, 1.93193495081e-24, 2.60913141161e-24, 2.54715968219e-24, 1.638754894e-24, 3.00855397324e-24, 2.1752833545e-24, 2.67759349413e-24, 2.4408255709e-24, 3.18367182509e-24, 2.46793714249e-24, 3.26856213317e-24, 2.48422416195e-24, 4.89788629365e-24, 3.88593000241e-24, 4.23701964803e-24, 3.3306867044e-24, 5.11601382813e-24, 3.53287609314e-24, 2.97048394039e-24, 6.2527320214e-24, 4.69780513568e-24, 3.48548685198e-24, 4.99436398236e-24, 5.34859566096e-24, 5.06076911007e-24, 4.53432751814e-24, 5.62440391597e-24, 3.43154690986e-24, 6.20713546665e-24, 5.69072108568e-24, 5.91691906165e-24, 6.94096070196e-24, 6.37315006086e-24, 7.25897814299e-24, 7.47730328712e-24, 5.78609042482e-24, 7.2016334772e-24], "var": [2.46194787223e-07, 9.0503294814e-07, 4.11077650142e-07, 2.08318070349e-07, 2.30658713463e-07, 3.22660127949e-07, 6.67426860446e-08, 8.22170136416e-08, 6.43907043241e-08, 5.13526465795e-08, 7.55223297233e-08, 1.23677637021e-07, 1.66897482501e-08, 9.28366290509e-08, 3.29498242024e-08, 3.69031880609e-08, 4.96291896468e-08, 3.87736918128e-08, 2.95236723957e-08, 2.35259349779e-08, 9.50613543438e-09, 4.98563323958e-09, 1.13602496299e-08, 5.50548273637e-09, 1.07618547407e-09, 2.19509174726e-10, 4.66007232802e-10, 5.12751896498e-10, 2.08587327966e-10, 8.71774388789e-11, 3.10943285009e-11, 4.99294598721e-11, 2.43151002804e-11, 1.99721142402e-11, 1.56211259206e-11, 1.08636745433e-11, 1.06005681663e-11, 7.58139644813e-12, 3.06932083916e-12, 1.97633858064e-12]}, "melbands_crest": {"dmean": 2.88715934753, "dmean2": 4.64541530609, "dvar": 6.63116455078, "dvar2": 15.8419322968, "max": 33.2593994141, "mean": 13.1715431213, "median": 11.9277544022, "min": 1.60762870312, "var": 29.1231803894}, "melbands_flatness_db": {"dmean": 0.0188502185047, "dmean2": 0.0286930054426, "dvar": 0.000286984170089, "dvar2": 0.000655516108964, "max": 0.419937908649, "mean": 0.147271454334, "median": 0.144759193063, "min": 0.00284391734749, "var": 0.00169958162587}, "melbands_kurtosis": {"dmean": 3.74846792221, "dmean2": 5.78728961945, "dvar": 33.1890907288, "dvar2": 77.2696380615, "max": 105.716018677, "mean": 6.45429706573, "median": 2.80383729935, "min": -1.86234414577, "var": 92.2048797607}, "melbands_skewness": {"dmean": 0.601908743382, "dmean2": 0.895125687122, "dvar": 0.360330939293, "dvar2": 0.763712465763, "max": 9.35838031769, "mean": 1.90004789829, "median": 1.71725583076, "min": -2.35330247879, "var": 2.64489865303}, "melbands_spread": {"dmean": 9.39653205872, "dmean2": 14.1696853638, "dvar": 102.382141113, "dvar2": 220.269851685, "max": 220.851608276, "mean": 40.9818878174, "median": 37.0504150391, "min": 3.79746127129, "var": 461.519042969}, "mfcc": {"cov": [[12421.9697266, 1161.47668457, 611.281066895, 521.840881348, -37.6540222168, 423.452453613, -70.0201950073, -197.172363281, 147.53364563, 236.183792114, -24.5301303864, -260.9503479, -211.848464966], [1161.47668457, 782.272583008, -163.150161743, 3.78575897217, -19.9226932526, -5.96925735474, 61.7455368042, 40.9197540283, -81.4211578369, -30.4938316345, 18.6593036652, 7.52140331268, -27.4747562408], [611.281066895, -163.150161743, 795.947143555, 105.44303894, -20.4504070282, 151.237976074, -35.5858917236, -104.49609375, 112.363235474, 51.6240272522, 22.3711528778, -4.73848390579, -8.94580745697], [521.840881348, 3.78575897217, 105.44303894, 275.271636963, 131.108840942, -17.526517868, -83.8232116699, -10.1848297119, 50.7941360474, -6.3524184227, -21.9236373901, 30.1943759918, 12.4257202148], [-37.6540222168, -19.9226932526, -20.4504070282, 131.108840942, 200.773208618, -24.6387023926, -81.4291992188, -7.48907756805, 41.7294807434, -10.5831155777, -12.5944452286, 24.7474365234, 14.099193573], [423.452453613, -5.96925735474, 151.237976074, -17.526517868, -24.6387023926, 175.532562256, 69.830657959, -14.4364938736, 5.67368793488, 21.442653656, 16.678817749, -20.5635566711, -23.1584854126], [-70.0201950073, 61.7455368042, -35.5858917236, -83.8232116699, -81.4291992188, 69.830657959, 181.289657593, 58.9223976135, -46.7346000671, 6.35538768768, 18.3017311096, -2.80816507339, -14.290605545], [-197.172363281, 40.9197540283, -104.49609375, -10.1848297119, -7.48907756805, -14.4364938736, 58.9223976135, 118.642150879, 3.80159187317, -21.641046524, -1.15915501118, 26.9000492096, 6.24513053894], [147.53364563, -81.4211578369, 112.363235474, 50.7941360474, 41.7294807434, 5.67368793488, -46.7346000671, 3.80159187317, 129.67124939, 47.9833259583, -1.52871012688, -6.13505125046, 0.434437483549], [236.183792114, -30.4938316345, 51.6240272522, -6.3524184227, -10.5831155777, 21.442653656, 6.35538768768, -21.641046524, 47.9833259583, 118.767486572, 30.2178821564, -37.6575241089, -19.3651733398], [-24.5301303864, 18.6593036652, 22.3711528778, -21.9236373901, -12.5944452286, 16.678817749, 18.3017311096, -1.15915501118, -1.52871012688, 30.2178821564, 74.9064559937, 17.5228977203, -8.30257225037], [-260.9503479, 7.52140331268, -4.73848390579, 30.1943759918, 24.7474365234, -20.5635566711, -2.80816507339, 26.9000492096, -6.13505125046, -37.6575241089, 17.5228977203, 99.9225692749, 37.8978157043], [-211.848464966, -27.4747562408, -8.94580745697, 12.4257202148, 14.099193573, -23.1584854126, -14.290605545, 6.24513053894, 0.434437483549, -19.3651733398, -8.30257225037, 37.8978157043, 68.2676010132]], "icov": [[0.000146846461575, -0.000249203148996, 1.73257521965e-05, -0.000375674600946, 0.000269529991783, -0.000384258455597, 0.000176791319973, 0.000116158094897, -0.000126552156871, -0.000172166008269, 0.000116051181976, 0.000206820681342, 0.000117682189739], [-0.000249203148996, 0.00190218084026, 0.000210019468796, 0.000175791312358, -0.000307404494379, 0.000635044008959, -0.000547401607037, -0.000435726338765, 0.000911245879252, 0.000478950503748, -0.000682533951476, -0.000333015312208, 0.000423850229708], [1.73257521965e-05, 0.000210019468796, 0.00241443328559, -0.00126794667449, 0.00145876547322, -0.00184853107203, -6.92289177096e-05, 0.00219260388985, -0.00222899694927, 0.000628103734925, -0.000589328701608, -0.000602589105256, -2.76233936347e-06], [-0.000375674600946, 0.000175791312358, -0.00126794667449, 0.00748971337453, -0.00434925686568, 0.00130292226095, 0.000954161514528, -0.00136035191827, 0.000540255743545, -0.000525390729308, 0.00190667982679, -0.00220981356688, 0.000346140150214], [0.000269529991783, -0.000307404494379, 0.00145876547322, -0.00434925686568, 0.00941652059555, -0.0020606785547, 0.00264888815582, 0.000818090687972, -0.00228804140352, 0.000488921185024, -0.000199214176973, -0.000739801034797, 7.1024071076e-05], [-0.000384258455597, 0.000635044008959, -0.00184853107203, 0.00130292226095, -0.0020606785547, 0.0106255831197, -0.00553210871294, 0.00149725051597, -0.000314059812808, 0.0011457412038, -0.00124151958153, 0.00084754312411, 0.00102437229361], [0.000176791319973, -0.000547401607037, -6.92289177096e-05, 0.000954161514528, 0.00264888815582, -0.00553210871294, 0.0131678786129, -0.00719978054985, 0.00467422325164, -0.00325843226165, 0.000420061987825, -0.00047923438251, 0.000500012363773], [0.000116158094897, -0.000435726338765, 0.00219260388985, -0.00136035191827, 0.000818090687972, 0.00149725051597, -0.00719978054985, 0.0158749427646, -0.0066236355342, 0.00357731804252, 8.38749692775e-05, -0.00288361636922, 0.000767506076954], [-0.000126552156871, 0.000911245879252, -0.00222899694927, 0.000540255743545, -0.00228804140352, -0.000314059812808, 0.00467422325164, -0.0066236355342, 0.0153799448162, -0.00700007472187, 0.00218502990901, -0.000279728410533, -0.00012852884538], [-0.000172166008269, 0.000478950503748, 0.000628103734925, -0.000525390729308, 0.000488921185024, 0.0011457412038, -0.00325843226165, 0.00357731804252, -0.00700007472187, 0.0158355943859, -0.0078088408336, 0.00588486623019, -0.000565264665056], [0.000116051181976, -0.000682533951476, -0.000589328701608, 0.00190667982679, -0.000199214176973, -0.00124151958153, 0.000420061987825, 8.38749692775e-05, 0.00218502990901, -0.0078088408336, 0.020062930882, -0.00840011518449, 0.00423562899232], [0.000206820681342, -0.000333015312208, -0.000602589105256, -0.00220981356688, -0.000739801034797, 0.00084754312411, -0.00047923438251, -0.00288361636922, -0.000279728410533, 0.00588486623019, -0.00840011518449, 0.019273839891, -0.00861528143287], [0.000117682189739, 0.000423850229708, -2.76233936347e-06, 0.000346140150214, 7.1024071076e-05, 0.00102437229361, 0.000500012363773, 0.000767506076954, -0.00012852884538, -0.000565264665056, 0.00423562899232, -0.00861528143287, 0.0206261891872]], "mean": [-638.08416748, 84.734375, -13.169585228, 31.0777435303, 10.1841278076, 6.78179121017, -0.315321743488, 4.42997312546, -4.86625528336, -5.25895404816, -1.61708271503, -0.60281252861, -5.53864622116]}, "pitch_salience": {"dmean": 0.0638880059123, "dmean2": 0.103006415069, "dvar": 0.00313474214636, "dvar2": 0.00795754604042, "max": 0.825859665871, "mean": 0.535216867924, "median": 0.533734381199, "min": 0.197045758367, "var": 0.00853708013892}, "silence_rate_20dB": {"dmean": 0, "dmean2": 0, "dvar": 0, "dvar2": 0, "max": 1, "mean": 1, "median": 1, "min": 1, "var": 0}, "silence_rate_30dB": {"dmean": 0, "dmean2": 0, "dvar": 0, "dvar2": 0, "max": 1, "mean": 1, "median": 1, "min": 1, "var": 0}, "silence_rate_60dB": {"dmean": 0.00511894002557, "dmean2": 0.01023942139, "dvar": 0.00509252399206, "dvar2": 0.0119414152578, "max": 1, "mean": 0.0632244497538, "median": 0, "min": 0, "var": 0.0592279024422}, "spectral_centroid": {"dmean": 251.547973633, "dmean2": 380.283233643, "dvar": 76565.671875, "dvar2": 170364.421875, "max": 11533.0039062, "mean": 2097.16943359, "median": 2077.71142578, "min": 385.015228271, "var": 819379.9375}, "spectral_complexity": {"dmean": 4.45739221573, "dmean2": 6.30688142776, "dvar": 22.472322464, "dvar2": 38.7489280701, "max": 56, "mean": 20.8061122894, "median": 20, "min": 0, "var": 96.7520294189}, "spectral_contrast_coeffs": {"dmean": [0.0467664375901, 0.0479242578149, 0.0398998446763, 0.0328867956996, 0.0242686383426, 0.0155883654952], "dmean2": [0.0769310072064, 0.0780726894736, 0.0625105276704, 0.0514441803098, 0.0379343554378, 0.0249807294458], "dvar": [0.00147866841871, 0.00162506219931, 0.00114403001498, 0.000745476630982, 0.000409785658121, 0.000172225249116], "dvar2": [0.00380954053253, 0.00406303815544, 0.00267432164401, 0.00173191144131, 0.000946447311435, 0.000431779568316], "max": [-0.336721152067, -0.411874562502, -0.455278515816, -0.524551808834, -0.541132152081, -0.636536061764], "mean": [-0.620751678944, -0.732188403606, -0.759696602821, -0.756224036217, -0.752719223499, -0.75569164753], "median": [-0.615407347679, -0.742553770542, -0.77288299799, -0.761662721634, -0.758547127247, -0.750941514969], "min": [-0.97519916296, -0.977754950523, -0.980052292347, -0.967525005341, -0.968458771706, -0.964064180851], "var": [0.00696846749634, 0.00712480116636, 0.00680338637903, 0.00459781009704, 0.00328566506505, 0.00136093562469]}, "spectral_contrast_valleys": {"dmean": [0.424866169691, 0.385250121355, 0.346962094307, 0.291815906763, 0.259208619595, 0.222505360842], "dmean2": [0.677116990089, 0.622524499893, 0.53077596426, 0.434409171343, 0.364378482103, 0.308710485697], "dvar": [0.150010973215, 0.140981510282, 0.114881366491, 0.0917617455125, 0.0813917443156, 0.0664318576455], "dvar2": [0.331976652145, 0.308209478855, 0.226629018784, 0.164328888059, 0.127793774009, 0.105649009347], "max": [-5.69694519043, -5.23316383362, -5.58421802521, -5.58101701736, -5.66589403152, -7.52307844162], "mean": [-7.93273591995, -7.48202705383, -7.88284540176, -7.86749601364, -7.47458362579, -9.9960308075], "median": [-7.52819824219, -7.10772609711, -7.55085754395, -7.53393411636, -7.10993909836, -9.54714107513], "min": [-28.1682472229, -27.9794769287, -27.7936172485, -27.5996170044, -27.5758571625, -27.3938026428], "var": [4.51365327835, 4.4078335762, 4.03865480423, 4.06482791901, 4.18179368973, 3.80927991867]}, "spectral_decrease": {"dmean": 1.15965792524e-09, "dmean2": 1.68918024013e-09, "dvar": 1.53527575463e-18, "dvar2": 3.02808426341e-18, "max": 2.70310395144e-16, "mean": -4.57551863065e-09, "median": -4.51389992051e-09, "min": -1.5661157704e-08, "var": 6.62786034511e-18}, "spectral_energy": {"dmean": 0.00485839601606, "dmean2": 0.006965004839, "dvar": 2.67960440397e-05, "dvar2": 5.12372025696e-05, "max": 0.0682417303324, "mean": 0.0195479281247, "median": 0.0191862676293, "min": 1.019996171e-20, "var": 0.000122460551211}, "spectral_energyband_high": {"dmean": 0.000438369112089, "dmean2": 0.000626370718237, "dvar": 5.73788156544e-07, "dvar2": 1.18237187507e-06, "max": 0.0144462678581, "mean": 0.00114139763173, "median": 0.000848810712341, "min": 7.03801454312e-21, "var": 1.30226624151e-06}, "spectral_energyband_low": {"dmean": 0.00200452748686, "dmean2": 0.00320903398097, "dvar": 6.70238614475e-06, "dvar2": 1.62061423907e-05, "max": 0.0385055392981, "mean": 0.00495141604915, "median": 0.00420558266342, "min": 1.51085559353e-23, "var": 1.51666363308e-05}, "spectral_energyband_middle_high": {"dmean": 0.00266629410908, "dmean2": 0.0037249410525, "dvar": 1.17551426229e-05, "dvar2": 2.3550917831e-05, "max": 0.0645386502147, "mean": 0.00799357797951, "median": 0.00538197439164, "min": 1.24264994764e-21, "var": 6.15012322669e-05}, "spectral_energyband_middle_low": {"dmean": 0.00249468279071, "dmean2": 0.00384284416214, "dvar": 9.45282681641e-06, "dvar2": 2.22596372623e-05, "max": 0.04073850438, "mean": 0.00668329978362, "median": 0.00560969579965, "min": 1.90534697776e-22, "var": 2.54715669143e-05}, "spectral_entropy": {"dmean": 0.115214571357, "dmean2": 0.169337943196, "dvar": 0.011987939477, "dvar2": 0.0258056353778, "max": 9.82081317902, "mean": 7.74693393707, "median": 7.79994010925, "min": 6.09154272079, "var": 0.173696026206}, "spectral_flux": {"dmean": 0.018009962514, "dmean2": 0.027099320665, "dvar": 0.000310917966999, "dvar2": 0.000670553592499, "max": 0.240460678935, "mean": 0.0736144557595, "median": 0.0737020373344, "min": 6.54077209061e-11, "var": 0.00130906223785}, "spectral_kurtosis": {"dmean": 1.20442986488, "dmean2": 2.0402007103, "dvar": 5.80249547958, "dvar2": 17.8090629578, "max": 44.0727119446, "mean": 4.25341653824, "median": 3.26668119431, "min": -1.26687073708, "var": 17.7128143311}, "spectral_rms": {"dmean": 0.000529308163095, "dmean2": 0.000747855636291, "dvar": 2.76635717e-07, "dvar2": 4.88869432047e-07, "max": 0.00815949123353, "mean": 0.00411398196593, "median": 0.00432646647096, "min": 3.15454953825e-12, "var": 2.14635792872e-06}, "spectral_rolloff": {"dmean": 531.526367188, "dmean2": 875.10925293, "dvar": 577236.1875, "dvar2": 1286096.875, "max": 21360.9375, "mean": 2766.05444336, "median": 2583.984375, "min": 150.732421875, "var": 8736673}, "spectral_skewness": {"dmean": 0.158083245158, "dmean2": 0.25942927599, "dvar": 0.0422881282866, "dvar2": 0.127182602882, "max": 4.26806545258, "mean": 1.33281338215, "median": 1.30785930157, "min": -0.0748198926449, "var": 0.124115668237}, "spectral_spread": {"dmean": 388374.5, "dmean2": 576700.9375, "dvar": 359686897664, "dvar2": 736556679168, "max": 42722016, "mean": 4878988.5, "median": 4711092, "min": 1084041.625, "var": 10138462191600.0}, "spectral_strongpeak": {"dmean": 0.847272276878, "dmean2": 1.45134651661, "dvar"