{"lowlevel": {"average_loudness": 0.885282456875, "barkbands": {"dmean": [0.000110622218926, 0.00472101336345, 0.00220606103539, 0.00148904498201, 0.0019675930962, 0.00067433557706, 0.000536689476576, 0.000790113990661, 0.000698657997418, 0.000610978633631, 0.000752874126192, 0.000458298600279, 0.000607054273132, 0.000362728635082, 0.000196661392692, 0.000151613145135, 0.000212274797377, 0.000115192422527, 0.000139207782922, 0.000102040932688, 7.2521106631e-05, 7.76593660703e-05, 4.57828864455e-05, 1.3482621398e-05, 3.353661441e-06, 6.46133514692e-07, 5.21857934643e-08], "dmean2": [0.000181399009307, 0.0074075339362, 0.00396033842117, 0.00260138977319, 0.00337756169029, 0.00105828279629, 0.000843694200739, 0.00121008255519, 0.00105609127786, 0.000926824519411, 0.00116451631766, 0.000709663261659, 0.000953515933361, 0.000556403480005, 0.000309261755319, 0.000240245339228, 0.000329920992954, 0.000179303300683, 0.000215176303755, 0.000156682843226, 0.000106342085928, 0.000116246315883, 6.87087376718e-05, 2.07786924875e-05, 5.1262204579e-06, 9.29650241233e-07, 8.15449112679e-08], "dvar": [6.05003123155e-08, 0.000137566254125, 4.76786881336e-05, 1.39036264954e-05, 2.42681326199e-05, 2.05344122151e-06, 1.85395401786e-06, 4.88130672238e-06, 3.83901033274e-06, 3.15100373882e-06, 5.39258735444e-06, 1.49385232362e-06, 3.51443895852e-06, 1.13097655685e-06, 3.16601216355e-07, 2.39348821651e-07, 2.83213495322e-07, 5.94716169644e-08, 6.9099755251e-08, 4.40396910051e-08, 4.30839826038e-08, 6.12559531987e-08, 1.9436614096e-08, 3.0565032727e-09, 2.42581982279e-10, 3.01733573023e-12, 4.36927241349e-14], "dvar2": [1.62209445875e-07, 0.000333756062901, 0.000138614021125, 3.87433392461e-05, 6.65454572299e-05, 5.12094493388e-06, 4.35457786807e-06, 1.13627638711e-05, 8.52123685036e-06, 6.81872825226e-06, 1.31072429213e-05, 3.50064419763e-06, 8.55274265632e-06, 2.53069447353e-06, 7.02357795035e-07, 5.34595187673e-07, 6.17662522018e-07, 1.33902361199e-07, 1.5970609013e-07, 9.19409472999e-08, 8.8424194189e-08, 1.30824588496e-07, 4.19655421524e-08, 6.71968258814e-09, 5.94001514642e-10, 6.8752078683e-12, 1.18439546365e-13], "max": [0.00316378870048, 0.11716144532, 0.0882860571146, 0.0868067070842, 0.111753515899, 0.0396084859967, 0.0223874393851, 0.0550127476454, 0.0567692406476, 0.0579273104668, 0.0646864399314, 0.0248039383441, 0.0424588210881, 0.0282102562487, 0.0176811944693, 0.0181566812098, 0.0238262768835, 0.00699200294912, 0.00443399790674, 0.00451777037233, 0.00426028715447, 0.00422952277586, 0.00296073243953, 0.00187205639668, 0.000811948091723, 3.96705654566e-05, 7.75112857809e-06], "mean": [0.000197432469577, 0.00859376695007, 0.00303421611898, 0.0019317480037, 0.00328350812197, 0.00143443001434, 0.000981222721748, 0.0014266789658, 0.00115400122013, 0.00110685545951, 0.00138689042069, 0.000739201612305, 0.00105585961137, 0.000715200498234, 0.00030671141576, 0.000248666387051, 0.000451614498161, 0.000216401938815, 0.00030570657691, 0.000198536072276, 0.000103694888821, 0.000109328837425, 5.74067271373e-05, 1.54523149831e-05, 3.74223782273e-06, 7.77097397986e-07, 5.35203561469e-08], "median": [3.09176830342e-05, 0.00537804188207, 0.00165985734202, 0.00093490735162, 0.00190385431051, 0.000712213746738, 0.000345696345903, 0.000349587993696, 0.000330988783389, 0.000260336732026, 0.000214522704482, 0.00018095773703, 0.000181717492524, 0.000125140009914, 0.000100537341496, 8.16253523226e-05, 0.00012831458298, 8.6164662207e-05, 0.000128504630993, 6.25272077741e-05, 2.3431104637e-05, 1.78722766577e-05, 6.91664945407e-06, 2.21314030568e-06, 4.47322918262e-07, 8.22470838102e-08, 3.40551076228e-09], "min": [2.60396747882e-25, 1.71999346634e-24, 1.58876083413e-24, 1.7846790745e-24, 7.55523012278e-24, 7.95996309881e-24, 7.82621409891e-24, 1.04974399078e-23, 1.02117460424e-23, 1.54053364519e-23, 1.03273299422e-23, 3.21747648703e-23, 1.81172824719e-23, 3.34901336317e-23, 4.29920957638e-23, 5.90153217192e-23, 7.36001039902e-23, 1.02385941344e-22, 1.10871509842e-22, 1.68888493376e-22, 2.06101006029e-22, 3.06535822986e-22, 3.68238150099e-22, 5.32708050529e-22, 8.03974268475e-22, 1.28202645091e-21, 2.02909484328e-21], "var": [1.08040254077e-07, 0.000159946284839, 3.29988870362e-05, 1.15943676064e-05, 2.27174987231e-05, 4.67690824735e-06, 4.41630436399e-06, 1.31338720166e-05, 7.39737788535e-06, 8.88230988494e-06, 1.42404860526e-05, 3.11532448904e-06, 8.26990617497e-06, 3.16347291118e-06, 6.00293446951e-07, 4.09576188076e-07, 1.50140715505e-06, 1.37701505309e-07, 2.0551519242e-07, 1.34536151108e-07, 6.55195293575e-08, 9.20750053979e-08, 2.69220432614e-08, 4.21926715788e-09, 2.50980930483e-10, 3.95736308306e-12, 3.5022654129e-14]}, "barkbands_crest": {"dmean": 2.3471391201, "dmean2": 3.72996354103, "dvar": 5.6105761528, "dvar2": 13.9643564224, "max": 25.5649700165, "mean": 10.2284183502, "median": 9.52759075165, "min": 2.54356598854, "var": 15.6711330414}, "barkbands_flatness_db": {"dmean": 0.0191536173224, "dmean2": 0.0281397793442, "dvar": 0.000415278540459, "dvar2": 0.000876869249623, "max": 0.420120507479, "mean": 0.17352847755, "median": 0.171719759703, "min": 0.0330454595387, "var": 0.00281693227589}, "barkbands_kurtosis": {"dmean": 2.19399929047, "dmean2": 3.42207455635, "dvar": 17.8185176849, "dvar2": 41.9899978638, "max": 137.051895142, "mean": 3.50763440132, "median": 1.31099224091, "min": -1.90011703968, "var": 45.2360801697}, "barkbands_skewness": {"dmean": 0.466698199511, "dmean2": 0.70403945446, "dvar": 0.28404083848, "dvar2": 0.625799357891, "max": 10.6447114944, "mean": 1.37298285961, "median": 1.25000476837, "min": -2.16402673721, "var": 1.43473899364}, "barkbands_spread": {"dmean": 4.14699077606, "dmean2": 6.31815481186, "dvar": 30.4825210571, "dvar2": 67.869972229, "max": 112.668693542, "mean": 19.2323741913, "median": 17.7247886658, "min": 0.816639602184, "var": 133.160552979}, "dissonance": {"dmean": 0.0205309148878, "dmean2": 0.0346881300211, "dvar": 0.000427764782216, "dvar2": 0.00119168765377, "max": 0.5, "mean": 0.45822134614, "median": 0.465627968311, "min": 0.175183206797, "var": 0.000988217652775}, "dynamic_complexity": 4.42241811752, "erbbands": {"dmean": [0.124919578433, 1.14634156227, 2.51352620125, 3.72764396667, 7.8593287468, 5.23228502274, 4.67370605469, 5.84047269821, 7.02294540405, 11.5608434677, 16.4626712799, 17.0832633972, 18.4275875092, 18.2347164154, 28.0403690338, 21.2799663544, 27.7491798401, 17.4526901245, 12.6559123993, 9.28022670746, 7.75430059433, 8.85760402679, 7.06756401062, 5.12182760239, 7.63675117493, 4.6855969429, 2.66442942619, 3.49008250237, 2.749969244, 1.49090087414, 1.43917012215, 0.443910032511, 0.17268499732, 0.0525473542511, 0.0169942900538, 0.00480189640075, 0.000917925965041, 0.000171842286363, 1.06934548967e-05, 1.16212668217e-05], "dmean2": [0.194430485368, 1.80910921097, 4.45467662811, 6.53505563736, 13.7604923248, 8.86564254761, 7.29033184052, 9.36054706573, 10.9529542923, 18.1487312317, 25.0653743744, 25.7691230774, 28.3972167969, 27.3503856659, 42.4781608582, 32.8664665222, 43.5765686035, 26.6404533386, 19.1859912872, 14.3670043945, 11.7111597061, 13.5502872467, 10.8507299423, 7.9183678627, 11.6618919373, 7.20518636703, 3.95444536209, 5.09365987778, 4.08303117752, 2.20715475082, 2.18244361877, 0.677774548531, 0.265142560005, 0.0808932632208, 0.0258626490831, 0.00711717782542, 0.00129458971787, 0.000242472087848, 1.60949566634e-05, 1.7785709133e-05], "dvar": [0.0924542546272, 8.50634860992, 57.2240180969, 98.1708908081, 491.733917236, 135.233016968, 100.025924683, 159.495437622, 311.548156738, 818.227172852, 2610.62036133, 2681.73876953, 4412.63085938, 2705.42211914, 5246.12158203, 3084.38085938, 8045.12988281, 1785.62402344, 1512.26525879, 951.663696289, 461.263427734, 439.163665771, 201.797073364, 110.59438324, 225.338821411, 91.497795105, 50.8991966248, 124.701210022, 77.1553344727, 19.4160881042, 21.9529857635, 2.36687278748, 0.756883740425, 0.0802145451307, 0.0042567527853, 0.000195330896531, 5.90965646552e-06, 2.19184741468e-07, 1.3702801116e-09, 4.84828399649e-10], "dvar2": [0.219194948673, 21.5512371063, 163.303573608, 280.426818848, 1359.69396973, 370.093505859, 245.859634399, 397.06262207, 751.140686035, 1861.30566406, 6308.9921875, 5910.86425781, 10618.2089844, 6065.31884766, 12471.8271484, 7334.65283203, 19406.5449219, 4121.48291016, 3222.59790039, 2060.92456055, 962.863830566, 870.508056641, 451.515533447, 252.868515015, 519.44329834, 197.336929321, 104.563926697, 265.644866943, 162.498947144, 41.3689155579, 48.9197845459, 5.22354984283, 1.67975258827, 0.194058820605, 0.0103302877396, 0.000456938258139, 1.29864038172e-05, 4.94943321883e-07, 3.70339270361e-09, 1.11385045631e-09], "max": [3.49312567711, 28.3643684387, 95.7071228027, 173.04649353, 494.530639648, 251.016403198, 279.323425293, 283.934753418, 373.72869873, 585.956115723, 1448.69067383, 1708.44970703, 2335.52954102, 1363.92163086, 2062.90185547, 1268.92224121, 2222.45263672, 871.02154541, 1166.38122559, 1512.58813477, 800.202575684, 1147.67150879, 474.955444336, 281.542236328, 283.131866455, 194.985092163, 121.410423279, 230.121063232, 160.710037231, 136.464324951, 92.5740356445, 63.7641716003, 35.7599487305, 14.9166316986, 3.11289715767, 0.338093012571, 0.0567410923541, 0.0107389772311, 0.00142884207889, 0.000306593865389], "mean": [0.240336075425, 1.9382032156, 3.54972076416, 5.43935585022, 10.6493167877, 9.03228473663, 9.8400144577, 11.8371400833, 13.3815011978, 22.9019870758, 29.8952560425, 29.7432613373, 33.9307785034, 35.3338699341, 53.9397468567, 38.0614929199, 51.373550415, 37.5781555176, 22.8960704803, 15.5205383301, 16.1305770874, 20.2450199127, 14.771531105, 11.3337240219, 17.056886673, 9.55335044861, 4.12141036987, 5.00087881088, 3.89931726456, 1.98049712181, 1.78487026691, 0.519934594631, 0.197670176625, 0.0586456358433, 0.0190439559519, 0.00549069046974, 0.00115684908815, 0.000210180267459, 2.17648812395e-05, 3.39031612384e-05], "median": [0.141157716513, 1.14042115211, 2.02610945702, 3.15100598335, 5.18121814728, 4.83653116226, 4.60305738449, 5.80090093613, 5.92376089096, 6.80978822708, 7.84801864624, 9.36995601654, 8.96741199493, 7.97628068924, 11.2159070969, 10.9009523392, 10.4156198502, 8.30402565002, 6.64713048935, 5.63022136688, 5.21323013306, 6.36693096161, 5.96253442764, 5.62340497971, 5.46129989624, 3.43410921097, 1.19801306725, 0.870257616043, 0.649717628956, 0.340530693531, 0.201846510172, 0.0740253701806, 0.0261433627456, 0.00698921550065, 0.00234185019508, 0.000671810586937, 0.000113508074719, 1.75165714609e-05, 1.42748849612e-05, 2.87074999505e-05], "min": [5.85177335037e-23, 5.80442743345e-22, 2.57031087858e-21, 6.45528438083e-21, 7.82234816929e-21, 2.38382951221e-20, 2.7521584987e-20, 8.58224442448e-20, 1.01162586253e-19, 1.50737911432e-19, 3.34257895268e-19, 2.7866047551e-19, 4.89037656743e-19, 4.8044955743e-19, 1.026248658e-18, 1.41459506634e-18, 1.06075098173e-18, 2.01864763777e-18, 1.79207873209e-18, 2.92328813122e-18, 3.81468649703e-18, 4.78695665698e-18, 6.04395437789e-18, 5.95225396236e-18, 5.88770492326e-18, 8.51907936194e-18, 8.0668282882e-18, 7.4871665847e-18, 1.1660301874e-17, 1.08868160366e-17, 1.06948737385e-17, 9.94144206783e-18, 1.01949729256e-17, 8.12450593795e-18, 6.51206084961e-18, 4.22878138348e-18, 2.48320984736e-18, 9.14077486865e-19, 2.61554354593e-19, 2.75928291484e-20], "var": [0.117032960057, 9.02731895447, 42.2726211548, 75.5264129639, 384.327880859, 170.557388306, 236.316665649, 383.512481689, 623.440673828, 2829.24829102, 6187.14648438, 4735.54150391, 10661.6601562, 7300.86816406, 14866.7304688, 6957.01416016, 18626.1777344, 5826.69384766, 3355.91992188, 1731.87719727, 1717.77197266, 2281.43237305, 575.10559082, 269.215179443, 763.903076172, 266.970428467, 81.2703933716, 185.075439453, 115.725379944, 28.6005554199, 28.8501472473, 3.35651516914, 0.962797343731, 0.0826128944755, 0.00472227530554, 0.000232571386732, 8.44758596941e-06, 2.97242024772e-07, 1.19032550483e-09, 9.24555987325e-10]}, "erbbands_crest": {"dmean": 2.47577214241, "dmean2": 3.96035027504, "dvar": 5.47038078308, "dvar2": 13.5096750259, "max": 29.8632888794, "mean": 9.46361160278, "median": 8.62902164459, "min": 2.56376671791, "var": 18.0737361908}, "erbbands_flatness_db": {"dmean": 0.0174593199044, "dmean2": 0.0239973329008, "dvar": 0.000338436773745, "dvar2": 0.000595666409936, "max": 0.33240750432, "mean": 0.196785762906, "median": 0.198519974947, "min": 0.0476778000593, "var": 0.00202972441912}, "erbbands_kurtosis": {"dmean": 0.737542629242, "dmean2": 1.14644443989, "dvar": 0.794713556767, "dvar2": 1.88780832291, "max": 18.9943199158, "mean": 0.531363487244, "median": 0.0461797714233, "min": -1.71761095524, "var": 3.07455801964}, "erbbands_skewness": {"dmean": 0.300220698118, "dmean2": 0.462417811155, "dvar": 0.0795847326517, "dvar2": 0.186493426561, "max": 3.17605686188, "mean": 0.165549010038, "median": 0.18166795373, "min": -3.58429145813, "var": 0.472886651754}, "erbbands_spread": {"dmean": 6.7359046936, "dmean2": 10.1759986877, "dvar": 66.8078613281, "dvar2": 148.982559204, "max": 113.270530701, "mean": 31.6864147186, "median": 29.7599983215, "min": 3.46986556053, "var": 232.316131592}, "gfcc": {"cov": [[31108.3066406, 2750.07006836, -2681.58056641, 1257.58349609, -1155.36096191, 350.9375, -463.968505859, 65.2440567017, -324.83782959, -222.508575439, -33.2909164429, -206.067840576, -169.326324463], [2750.07006836, 1677.64318848, -343.475158691, -6.70405817032, 239.766815186, -218.327346802, 119.406555176, -115.399108887, 125.295188904, -135.162200928, 190.968292236, -139.182357788, 103.11870575], [-2681.58056641, -343.475158691, 916.533874512, 59.9918174744, 164.096878052, 55.7864875793, -0.746651649475, 26.8538284302, 72.7826080322, 107.166259766, -17.0398445129, 66.8783874512, 13.2759866714], [1257.58349609, -6.70405817032, 59.9918174744, 358.993255615, 18.759519577, 33.8726730347, -61.2456588745, 22.6427230835, 56.1308364868, 42.5910224915, -16.1079750061, 13.2032747269, 11.5655813217], [-1155.36096191, 239.766815186, 164.096878052, 18.759519577, 430.314056396, -13.1618022919, 85.4992752075, 52.2086906433, 85.8519363403, 38.1274375916, 82.8568954468, -25.6339263916, 53.6331291199], [350.9375, -218.327346802, 55.7864875793, 33.8726730347, -13.1618022919, 265.037200928, 57.7252883911, 31.9147224426, -26.4265575409, 50.0409889221, -15.854057312, 23.8804111481, -32.7870521545], [-463.968505859, 119.406555176, -0.746651649475, -61.2456588745, 85.4992752075, 57.7252883911, 202.080215454, 44.4695243835, 21.4730930328, -8.06074047089, 54.1380195618, -9.60436534882, -2.60680055618], [65.2440567017, -115.399108887, 26.8538284302, 22.6427230835, 52.2086906433, 31.9147224426, 44.4695243835, 165.078948975, 13.9974946976, 21.5176429749, 12.9499168396, 10.7047510147, -11.2621479034], [-324.83782959, 125.295188904, 72.7826080322, 56.1308364868, 85.8519363403, -26.4265575409, 21.4730930328, 13.9974946976, 140.017822266, 43.4518089294, 26.191991806, -12.6505737305, 16.9761199951], [-222.508575439, -135.162200928, 107.166259766, 42.5910224915, 38.1274375916, 50.0409889221, -8.06074047089, 21.5176429749, 43.4518089294, 113.363708496, 2.42707037926, 19.235874176, -21.4173030853], [-33.2909164429, 190.968292236, -17.0398445129, -16.1079750061, 82.8568954468, -15.854057312, 54.1380195618, 12.9499168396, 26.191991806, 2.42707037926, 119.23589325, -2.98029303551, 11.7750692368], [-206.067840576, -139.182357788, 66.8783874512, 13.2032747269, -25.6339263916, 23.8804111481, -9.60436534882, 10.7047510147, -12.6505737305, 19.235874176, -2.98029303551, 91.8843383789, 1.29807138443], [-169.326324463, 103.11870575, 13.2759866714, 11.5655813217, 53.6331291199, -32.7870521545, -2.60680055618, -11.2621479034, 16.9761199951, -21.4173030853, 11.7750692368, 1.29807138443, 88.3503952026]], "icov": [[0.000145774756675, -0.000463686825242, 0.00024811484036, -0.000479207054013, 0.000413025700254, -0.000433959561633, 0.000423596560722, -0.00051870662719, 0.000507803983055, -0.000298309605569, 0.000148494160385, -1.9979353965e-05, 0.000191248385818], [-0.000463686825242, 0.00280235521495, -0.000410397333326, 0.00123008189257, -0.00174839736428, 0.00186430255417, -0.0018421378918, 0.00267935870215, -0.00252771261148, 0.00213488074951, -0.00186805892736, 0.00100825470872, -0.000981044606306], [0.00024811484036, -0.000410397333326, 0.00194522656966, -0.00086378044216, -2.02913870453e-05, -0.00071941135684, 0.00064210628625, -0.000478598900372, 0.000228930512094, -0.00099251139909, 0.000502992479596, -0.000799086235929, 0.000138689487358], [-0.000479207054013, 0.00123008189257, -0.00086378044216, 0.00512800272554, -0.00134175550193, 0.000408240739489, 0.000308994582156, 0.00089236482745, -0.00316067319363, 0.00062684022123, -1.15125612865e-05, -0.00042375861085, -0.00103969883639], [0.000413025700254, -0.00174839736428, -2.02913870453e-05, -0.00134175550193, 0.00508661800995, -0.00111365737393, 0.000363856932381, -0.00258979969658, 0.0011206457857, -0.00234521413222, -0.000856650178321, 0.00117232976481, -0.00149647169746], [-0.000433959561633, 0.00186430255417, -0.00071941135684, 0.000408240739489, -0.00111365737393, 0.00693421298638, -0.00402499642223, 0.00178907020018, 0.000447984202765, -0.00160017225426, 0.000116182709462, -2.47046136792e-05, -8.34240418044e-05], [0.000423596560722, -0.0018421378918, 0.00064210628625, 0.000308994582156, 0.000363856932381, -0.00402499642223, 0.00935812946409, -0.00336819770746, -0.000221832771786, 0.00131690327544, -0.0016041516792, -0.00021395047952, 0.00153596140444], [-0.00051870662719, 0.00267935870215, -0.000478598900372, 0.00089236482745, -0.00258979969658, 0.00178907020018, -0.00336819770746, 0.0096373166889, -0.00242730020545, 0.00133455789182, -0.00138031400274, -0.000207745601074, 0.000175848210347], [0.000507803983055, -0.00252771261148, 0.000228930512094, -0.00316067319363, 0.0011206457857, 0.000447984202765, -0.000221832771786, -0.00242730020545, 0.0136249214411, -0.00682252272964, 0.000712154491339, 0.00139350257814, -0.000914411735721], [-0.000298309605569, 0.00213488074951, -0.00099251139909, 0.00062684022123, -0.00234521413222, -0.00160017225426, 0.00131690327544, 0.00133455789182, -0.00682252272964, 0.016432242468, -0.00212007388473, -0.00155868858565, 0.00364219862968], [0.000148494160385, -0.00186805892736, 0.000502992479596, -1.15125612865e-05, -0.000856650178321, 0.000116182709462, -0.0016041516792, -0.00138031400274, 0.000712154491339, -0.00212007388473, 0.0127709768713, -0.00218680733815, 0.000409980595578], [-1.9979353965e-05, 0.00100825470872, -0.000799086235929, -0.00042375861085, 0.00117232976481, -2.47046136792e-05, -0.00021395047952, -0.000207745601074, 0.00139350257814, -0.00155868858565, -0.00218680733815, 0.0138239683583, -0.00235041673295], [0.000191248385818, -0.000981044606306, 0.000138689487358, -0.00103969883639, -0.00149647169746, -8.34240418044e-05, 0.00153596140444, 0.000175848210347, -0.000914411735721, 0.00364219862968, 0.000409980595578, -0.00235041673295, 0.0149291148409]], "mean": [-70.6556091309, 143.711715698, -140.261352539, 42.8042182922, -49.6535148621, 8.53224754333, -17.4502811432, -3.37948393822, -13.5320100784, -8.41947174072, -3.5745112896, -6.92383718491, -7.91498851776]}, "hfc": {"dmean": 4.95254945755, "dmean2": 7.31436872482, "dvar": 68.0280303955, "dvar2": 137.959960938, "max": 128.713989258, "mean": 16.5854511261, "median": 11.1685857773, "min": 1.08616272289e-16, "var": 281.4559021}, "melbands": {"dmean": [0.00122032070067, 0.00134612713009, 0.000767796067521, 0.000486435717903, 0.000167086487636, 0.000131181717734, 0.000107212064904, 0.000137396957143, 0.000136801972985, 0.000103662736365, 9.22020844882e-05, 7.32407424948e-05, 0.000108055966848, 5.40936089237e-05, 6.97319337633e-05, 4.62405660073e-05, 3.60267222277e-05, 2.34686740441e-05, 1.27121566038e-05, 1.31643009809e-05, 1.01116220321e-05, 9.94186393655e-06, 1.06202760435e-05, 5.20598860021e-06, 4.32521119365e-06, 6.06006096859e-06, 4.74236958325e-06, 3.02912644656e-06, 1.75493880761e-06, 1.51129677306e-06, 2.58286945609e-06, 1.86365525678e-06, 1.05139224615e-06, 7.49288858515e-07, 9.68663812273e-07, 4.58939354075e-07, 2.12204554373e-07, 1.32392187879e-07, 7.66433601029e-08, 3.34465966034e-08], "dmean2": [0.00189481303096, 0.00226556346752, 0.00134912144858, 0.000846159062348, 0.00026191296638, 0.00020755820151, 0.000167392485309, 0.000213989376789, 0.000206390381209, 0.000156193826115, 0.000142362347106, 0.000109585525934, 0.000164642129675, 8.40574357426e-05, 0.000109186170448, 7.15880232747e-05, 5.56327759114e-05, 3.55547126674e-05, 1.97502904484e-05, 2.08524379559e-05, 1.54737172124e-05, 1.50507594299e-05, 1.67960552062e-05, 8.15984003566e-06, 6.78278047417e-06, 9.34212221182e-06, 7.16531894795e-06, 4.73808267998e-06, 2.66881625066e-06, 2.27840200751e-06, 3.87199543184e-06, 2.81247071143e-06, 1.6020867406e-06, 1.13119847356e-06, 1.48222227381e-06, 7.12574092177e-07, 3.33217201387e-07, 2.04689726502e-07, 1.21049410495e-07, 5.14197822099e-08], "dvar": [8.90505543794e-06, 1.38001296364e-05, 3.90734703615e-06, 1.67994255662e-06, 1.04887512009e-07, 7.59664615657e-08, 6.91970214461e-08, 1.13307493166e-07, 1.58524869676e-07, 9.56459231816e-08, 1.08924481879e-07, 4.39747758207e-08, 1.06498973196e-07, 1.83166815049e-08, 3.84113789664e-08, 1.7626662796e-08, 8.38434210948e-09, 6.64125376915e-09, 1.76528103246e-09, 1.87043713851e-09, 1.01647101847e-09, 8.18615286668e-10, 4.75488537433e-10, 1.26908719644e-10, 8.44903452757e-11, 1.55146617775e-10, 9.92755738727e-11, 4.16124981695e-11, 2.30274358609e-11, 1.57502066944e-11, 8.38153227378e-11, 4.04989271285e-11, 9.6996750909e-12, 5.19968313198e-12, 1.0507088255e-11, 2.79941521353e-12, 6.35733978481e-13, 4.36946160677e-13, 2.28134107742e-13, 2.77896653036e-14], "dvar2": [2.08458568522e-05, 3.74862429453e-05, 1.09940056063e-05, 4.63859305455e-06, 2.61345206809e-07, 1.87940358387e-07, 1.64926049706e-07, 2.52763527442e-07, 3.75073227588e-07, 2.12562483171e-07, 2.60774868366e-07, 9.65115560803e-08, 2.55695312035e-07, 4.40209078079e-08, 9.28820185209e-08, 4.10150242658e-08, 1.94287430588e-08, 1.41099283368e-08, 4.02179045622e-09, 4.21714529963e-09, 2.08793626832e-09, 1.51317747221e-09, 1.12023912369e-09, 3.0204777568e-10, 1.97701854887e-10, 3.76448733297e-10, 2.02927105675e-10, 9.49208767143e-11, 4.94837885945e-11, 3.27061780436e-11, 1.87390797324e-10, 8.70623503846e-11, 2.15242355189e-11, 1.12970093349e-11, 2.35808438748e-11, 6.59499971994e-12, 1.41643944837e-12, 9.43791269095e-13, 5.53081506375e-13, 6.76518167658e-14], "max": [0.0319983065128, 0.0434267893434, 0.0400163419545, 0.0300070531666, 0.00873892568052, 0.00590764451772, 0.00523752626032, 0.00754469260573, 0.0105256931856, 0.0108001763001, 0.0114412019029, 0.00575382076204, 0.00978687778115, 0.00293370126747, 0.00412407750264, 0.00300281541422, 0.00198780652136, 0.00267372699454, 0.00131353945471, 0.00178187154233, 0.00143333792221, 0.00170199689455, 0.000509858364239, 0.000240427951212, 0.000247560848948, 0.00025757815456, 0.000283827423118, 0.000108683510916, 8.92504685908e-05, 6.29209607723e-05, 0.000192705687368, 0.000136503818794, 6.70034933137e-05, 8.19500128273e-05, 5.9567970311e-05, 7.07150466042e-05, 2.96393172903e-05, 3.04849090753e-05, 2.66084589384e-05, 8.2544693214e-06], "mean": [0.00232050474733, 0.00216986984015, 0.00111734785605, 0.000738310802262, 0.000358314107871, 0.000272337318165, 0.000202982046176, 0.000264627858996, 0.000242807160248, 0.000175180612132, 0.000164254495758, 0.000133520603413, 0.0002003913105, 9.22561375774e-05, 0.00012278239592, 8.09854827821e-05, 7.35994035495e-05, 3.9714268496e-05, 1.97106037376e-05, 2.0751658667e-05, 2.02692735911e-05, 2.18692221097e-05, 1.9829676603e-05, 9.49988589127e-06, 8.5469782789e-06, 1.26240829559e-05, 1.04159771581e-05, 5.35660592504e-06, 2.51595702139e-06, 2.16642251871e-06, 3.47449281435e-06, 2.58151817434e-06, 1.37712834203e-06, 9.3933624612e-07, 1.18145226224e-06, 5.38149834028e-07, 2.35966965079e-07, 1.49715347675e-07, 8.27297483852e-08, 3.68564379016e-08], "median": [0.00138745142613, 0.00144894781988, 0.000679832824972, 0.000404870137572, 0.000176225337782, 0.000136255082907, 8.4075909399e-05, 7.55287474021e-05, 5.99041522946e-05, 5.33193087904e-05, 3.80036981369e-05, 2.72729921562e-05, 3.37589299306e-05, 2.57655283349e-05, 2.46340005106e-05, 1.74795932253e-05, 1.29806185214e-05, 1.04398259282e-05, 6.69541304887e-06, 7.05668708179e-06, 5.24019924342e-06, 5.76218144488e-06, 6.2491862991e-06, 3.65393884749e-06, 3.91995672544e-06, 4.14323039877e-06, 2.9206612453e-06, 1.67191819855e-06, 6.37160212591e-07, 4.98378085467e-07, 4.55738330629e-07, 3.77057858714e-07, 2.54406529621e-07, 1.41755322147e-07, 1.31750383048e-07, 5.809974013e-08, 3.33969332189e-08, 1.89061939437e-08, 9.52987910807e-09, 3.85477960663e-09], "min": [7.11473255988e-25, 1.46827140275e-24, 2.0010312775e-24, 1.52371008198e-24, 1.35676118064e-24, 1.50203267735e-24, 1.79992302263e-24, 1.5124651656e-24, 2.88023056144e-24, 1.52527182936e-24, 2.08577170202e-24, 1.19961407325e-24, 1.95473815857e-24, 3.52215152913e-24, 2.40205384627e-24, 1.95641429078e-24, 3.01301557331e-24, 2.20597536853e-24, 3.54609069659e-24, 2.58933159453e-24, 2.92220427248e-24, 3.77125684249e-24, 2.0972588973e-24, 3.61206076751e-24, 4.05680319094e-24, 3.88403436965e-24, 4.60526938491e-24, 5.47187292678e-24, 4.67151319057e-24, 4.16186131971e-24, 3.61818548358e-24, 5.13999401635e-24, 5.13734620473e-24, 4.94390962216e-24, 4.98423737492e-24, 6.17104231923e-24, 5.29630877688e-24, 5.71688641862e-24, 5.92480569855e-24, 6.0631612517e-24], "var": [1.11956242108e-05, 1.20569629871e-05, 3.02455714518e-06, 1.39645214858e-06, 2.75128968497e-07, 1.825916911e-07, 1.46741768958e-07, 3.81568668217e-07, 3.71256533072e-07, 1.71656409975e-07, 2.61713012151e-07, 1.18490248724e-07, 2.85139179823e-07, 3.93312582503e-08, 9.6491483248e-08, 3.77598183832e-08, 2.68431410433e-08, 1.37204718698e-08, 2.85466850158e-09, 3.07400838118e-09, 4.08347400338e-09, 4.23273505135e-09, 1.19150456168e-09, 2.75056921684e-10, 1.781803316e-10, 4.19911660998e-10, 4.05769640111e-10, 9.57749712871e-11, 3.40943696886e-11, 2.53129323058e-11, 1.12795328633e-10, 5.88627757647e-11, 1.34143633701e-11, 7.25904579502e-12, 1.33576569944e-11, 3.42690762919e-12, 9.04888306213e-13, 5.90863621051e-13, 2.24075966115e-13, 2.90998406198e-14]}, "melbands_crest": {"dmean": 2.66685581207, "dmean2": 4.23250293732, "dvar": 6.89386510849, "dvar2": 16.7393856049, "max": 32.3826751709, "mean": 13.2698154449, "median": 12.8836116791, "min": 1.562702775, "var": 21.2624549866}, "melbands_flatness_db": {"dmean": 0.0229859296232, "dmean2": 0.0336221903563, "dvar": 0.000671500223689, "dvar2": 0.00140665774234, "max": 0.538089871407, "mean": 0.235145062208, "median": 0.236812323332, "min": 0.00311242276803, "var": 0.00544488150626}, "melbands_kurtosis": {"dmean": 5.41523790359, "dmean2": 8.5373544693, "dvar": 121.947715759, "dvar2": 311.469940186, "max": 290.369812012, "mean": 10.4608240128, "median": 5.50527381897, "min": -1.70657992363, "var": 215.867248535}, "melbands_skewness": {"dmean": 0.636330366135, "dmean2": 0.96344846487, "dvar": 0.58806091547, "dvar2": 1.35622787476, "max": 12.185883522, "mean": 2.35548090935, "median": 2.14093756676, "min": -0.928746759892, "var": 2.28483748436}, "melbands_spread": {"dmean": 5.55402851105, "dmean2": 8.52902317047, "dvar": 56.4770202637, "dvar2": 125.272972107, "max": 163.35723877, "mean": 23.0999259949, "median": 18.6679439545, "min": 0.768534123898, "var": 408.366699219}, "mfcc": {"cov": [[12966.8134766, 1525.92773438, -599.539550781, 721.118713379, -367.657714844, 302.697235107, -56.869052887, 329.719787598, -227.99861145, 196.843765259, 0.869483709335, -13.908914566, -110.349052429], [1525.92773438, 1875.96594238, -279.339691162, 232.515884399, 101.213668823, -19.3746891022, 88.7345733643, 29.6707420349, -32.9835700989, 22.8067741394, 28.5986022949, 10.5333461761, 57.8379325867], [-599.539550781, -279.339691162, 553.875244141, 15.0617599487, 42.1977348328, 84.7158126831, -48.3807258606, -34.4905281067, 40.9577903748, -28.9433250427, -11.7542705536, 35.2562332153, 31.6879844666], [721.118713379, 232.515884399, 15.0617599487, 349.444030762, 126.493927002, 8.38786888123, -46.5980834961, 7.12169361115, 31.7518768311, 21.6087245941, 2.54304814339, 48.0051193237, 34.4302940369], [-367.657714844, 101.213668823, 42.1977348328, 126.493927002, 296.493041992, 20.7826061249, 25.017621994, -36.1296348572, 56.7584762573, 36.2877883911, 24.0551433563, 45.7889289856, 30.1337757111], [302.697235107, -19.3746891022, 84.7158126831, 8.38786888123, 20.7826061249, 211.061843872, 19.6574382782, 3.66648817062, 19.124124527, 16.6431427002, 34.4017982483, 21.640001297, -24.3427047729], [-56.869052887, 88.7345733643, -48.3807258606, -46.5980834961, 25.017621994, 19.6574382782, 195.025085449, 61.2797012329, 7.17471790314, 28.952922821, 35.8975753784, 10.4620037079, 6.67011976242], [329.719787598, 29.6707420349, -34.4905281067, 7.12169361115, -36.1296348572, 3.66648817062, 61.2797012329, 132.612380981, 8.23875808716, 15.8820133209, 18.0832824707, 8.04450416565, 6.88878107071], [-227.99861145, -32.9835700989, 40.9577903748, 31.7518768311, 56.7584762573, 19.124124527, 7.17471790314, 8.23875808716, 110.210220337, 34.7365722656, 4.55987644196, 10.8600797653, 4.24858808517], [196.843765259, 22.8067741394, -28.9433250427, 21.6087245941, 36.2877883911, 16.6431427002, 28.952922821, 15.8820133209, 34.7365722656, 111.238227844, 52.0167961121, 9.1326675415, -12.1316871643], [0.869483709335, 28.5986022949, -11.7542705536, 2.54304814339, 24.0551433563, 34.4017982483, 35.8975753784, 18.0832824707, 4.55987644196, 52.0167961121, 119.799919128, 41.5981216431, -15.4516429901], [-13.908914566, 10.5333461761, 35.2562332153, 48.0051193237, 45.7889289856, 21.640001297, 10.4620037079, 8.04450416565, 10.8600797653, 9.1326675415, 41.5981216431, 99.5888214111, 32.3133468628], [-110.349052429, 57.8379325867, 31.6879844666, 34.4302940369, 30.1337757111, -24.3427047729, 6.67011976242, 6.88878107071, 4.24858808517, -12.1316871643, -15.4516429901, 32.3133468628, 93.9563827515]], "icov": [[0.000146149264765, -7.65222430346e-05, 9.48772431002e-05, -0.000344364350894, 0.000263238674961, -0.000295612437185, 9.64146238402e-05, -0.000286676571704, 0.000391342880903, -0.000410041655414, 0.000285222398816, -5.99522791163e-05, 0.000162991098478], [-7.65222430346e-05, 0.000726745813154, 0.000295653677313, -0.00034870574018, -0.000188239791896, 4.97614419146e-05, -0.000410998996813, 0.000278349878499, 4.24365061917e-05, 0.000322903302731, -0.000383619626518, 0.000387716776459, -0.000583797984291], [9.48772431002e-05, 0.000295653677313, 0.00244061159901, -0.000269937328994, 1.82051353477e-05, -0.00122309627477, 0.000462157797301, 0.000191857572645, -0.000481273920741, 0.000494299281854, 0.000139231706271, -0.000300502520986, -0.000952546019107], [-0.000344364350894, -0.00034870574018, -0.000269937328994, 0.00524412700906, -0.00234852498397, 0.000563225185033, 0.00180027284659, -0.000772876723204, -0.00108993321192, 0.000215950247366, 0.000190057253349, -0.00139729282819, -0.000603471649811], [0.000263238674961, -0.000188239791896, 1.82051353477e-05, -0.00234852498397, 0.00577497063205, -0.000536847917829, -0.00144094612915, 0.0020815692842, -0.00125349278096, -0.00132605794352, 0.000107911648229, -0.000991823733784, -0.000517732987646], [-0.000295612437185, 4.97614419146e-05, -0.00122309627477, 0.000563225185033, -0.000536847917829, 0.0063604908064, -0.000859918422066, 0.000585580826737, -0.00129482185002, 0.000801869260613, -0.00141564803198, -0.000941082835197, 0.00191942322999], [9.64146238402e-05, -0.000410998996813, 0.000462157797301, 0.00180027284659, -0.00144094612915, -0.000859918422066, 0.0076496177353, -0.00379141489975, 0.000454697117675, -0.00104747386649, -0.000725257268641, -3.33533025696e-05, -0.000738678034395], [-0.000286676571704, 0.000278349878499, 0.000191857572645, -0.000772876723204, 0.0020815692842, 0.000585580826737, -0.00379141489975, 0.0109279435128, -0.00213428027928, 0.000489713740535, -0.00139455264434, -0.000120101001812, -0.00136577570811], [0.000391342880903, 4.24365061917e-05, -0.000481273920741, -0.00108993321192, -0.00125349278096, -0.00129482185002, 0.000454697117675, -0.00213428027928, 0.0128881260753, -0.00501555157825, 0.00272636348382, -0.00054829189321, 0.000592513359152], [-0.000410041655414, 0.000322903302731, 0.000494299281854, 0.000215950247366, -0.00132605794352, 0.000801869260613, -0.00104747386649, 0.000489713740535, -0.00501555157825, 0.0147876776755, -0.00671119662002, 0.00211295858026, 5.11132384418e-05], [0.000285222398816, -0.000383619626518, 0.000139231706271, 0.000190057253349, 0.000107911648229, -0.00141564803198, -0.000725257268641, -0.00139455264434, 0.00272636348382, -0.00671119662002, 0.0149720236659, -0.00685966713354, 0.00403844565153], [-5.99522791163e-05, 0.000387716776459, -0.000300502520986, -0.00139729282819, -0.000991823733784, -0.000941082835197, -3.33533025696e-05, -0.000120101001812, -0.00054829189321, 0.00211295858026, -0.00685966713354, 0.0161185245961, -0.00598419783637], [0.000162991098478, -0.000583797984291, -0.000952546019107, -0.000603471649811, -0.000517732987646, 0.00191942322999, -0.000738678034395, -0.00136577570811, 0.000592513359152, 5.11132384418e-05, 0.00403844565153, -0.00598419783637, 0.0152543885633]], "mean": [-687.902282715, 154.28678894, -18.5155830383, 34.2430686951, -4.72637748718, 14.2381496429, 2.25137782097, 10.6003084183, -6.19056367874, 4.37712192535, 0.671421587467, 1.00288128853, -0.400085777044]}, "pitch_salience": {"dmean": 0.0657557845116, "dmean2": 0.105831421912, "dvar": 0.00426507508382, "dvar2": 0.0111965117976, "max": 0.945638000965, "mean": 0.534202635288, "median": 0.52996635437, "min": 0.121404476464, "var": 0.0127414483577}, "silence_rate_20dB": {"dmean": 0, "dmean2": 0, "dvar": 0, "dvar2": 0, "max": 1, "mean": 1, "median": 1, "min": 1, "var": 0}, "silence_rate_30dB": {"dmean": 0.0205625146627, "dmean2": 0.0411298908293, "dvar": 0.0201402045786, "dvar2": 0.0507794171572, "max": 1, "mean": 0.98369371891, "median": 1, "min": 0, "var": 0.0160400010645}, "silence_rate_60dB": {"dmean": 0.015835499391, "dmean2": 0.0316747426987, "dvar": 0.015584894456, "dvar2": 0.0328020453453, "max": 1, "mean": 0.119933828712, "median": 0, "min": 0, "var": 0.105549044907}, "spectral_centroid": {"dmean": 209.755020142, "dmean2": 324.929077148, "dvar": 81489.4453125, "dvar2": 175395.046875, "max": 11695.3330078, "mean": 1373.8470459, "median": 1173.8494873, "min": 196.880661011, "var": 1752104.5}, "spectral_complexity": {"dmean": 2.94114875793, "dmean2": 4.4614109993, "dvar": 14.9651670456, "dvar2": 26.9373588562, "max": 54, "mean": 16.3699626923, "median": 16, "min": 0, "var": 81.0937957764}, "spectral_contrast_coeffs": {"dmean": [0.0469165667892, 0.0413510464132, 0.0372790470719, 0.0301293991506, 0.0239394921809, 0.0197218693793], "dmean2": [0.0768071785569, 0.0668858885765, 0.0593045949936, 0.0480790622532, 0.0368857830763, 0.0306450407952], "dvar": [0.00192271987908, 0.00129415665288, 0.00102340313606, 0.00065660738619, 0.000452876003692, 0.00038057641359], "dvar2": [0.00492036156356, 0.00331008527428, 0.00248193927109, 0.00160732446238, 0.000951135531068, 0.000816463842057], "max": [-0.303748786449, -0.437295913696, -0.436185359955, -0.508625566959, -0.528727173805, -0.566066861153], "mean": [-0.677181661129, -0.737716138363, -0.742110908031, -0.755502998829, -0.760969877243, -0.708306789398], "median": [-0.689188718796, -0.743735790253, -0.749043345451, -0.759391486645, -0.761594235897, -0.706379950047], "min": [-0.980452656746, -0.977387726307, -0.976492464542, -0.969121456146, -0.968413412571, -0.966221094131], "var": [0.00940777827054, 0.00652699125931, 0.00660071196035, 0.00459532206878, 0.00387247349136, 0.00323438551277]}, "spectral_contrast_valleys": {"dmean": [0.379929929972, 0.343430608511, 0.317779541016, 0.277685493231, 0.271988034248, 0.395931899548], "dmean2": [0.596245586872, 0.550320148468, 0.502051353455, 0.425731956959, 0.377363592386, 0.493353188038], "dvar": [0.158489108086, 0.119177870452, 0.0990679040551, 0.0859961360693, 0.113560818136, 0.243571162224], "dvar2": [0.312585055828, 0.260254263878, 0.203107848763, 0.156437411904, 0.170679152012, 0.396734327078], "max": [-4.98290872574, -4.68000984192, -5.13150119781, -5.69280910492, -5.70767498016, -8.00130367279], "mean": [-7.40302848816, -7.2394194603, -7.84043598175, -8.35876369476, -8.43779563904, -11.9342107773], "median": [-6.69324827194, -6.75764656067, -7.39885759354, -7.90511703491, -8.01587104797, -11.676399231], "min": [-28.1990146637, -27.9028739929, -27.8616008759, -27.7501659393, -27.6087245941, -27.4162845612], "var": [7.89015674591, 7.45272159576, 6.98215818405, 6.6643371582, 6.74695825577, 5.20894145966]}, "spectral_decrease": {"dmean": 2.57759213973e-09, "dmean2": 3.99333766055e-09, "dvar": 2.55740356425e-17, "dvar2": 5.96034254798e-17, "max": 2.23855218927e-28, "mean": -7.30075599975e-09, "median": -6.29461283097e-09, "min": -6.79998137798e-08, "var": 4.47205404358e-17}, "spectral_energy": {"dmean": 0.010093674995, "dmean2": 0.0155969876796, "dvar": 0.000382807542337, "dvar2": 0.000888906652108, "max": 0.265451967716, "mean": 0.0290590953082, "median": 0.0249863527715, "min": 9.96470314275e-21, "var": 0.000694468792062}, "spectral_energyband_high": {"dmean": 0.000229551296798, "dmean2": 0.000326502806274, "dvar": 3.75269110009e-07, "dvar2": 7.16578369975e-07, "max": 0.00828316062689, "mean": 0.000361969519872, "median": 8.40377178974e-05, "min": 6.94412146566e-21, "var": 6.75852732002e-07}, "spectral_energyband_low": {"dmean": 0.00638895668089, "dmean2": 0.00998983904719, "dvar": 0.000240917346673, "dvar2": 0.000579241022933, "max": 0.168836712837, "mean": 0.0127720711753, "median": 0.00935524702072, "min": 1.45443499941e-23, "var": 0.00029852084117}, "spectral_energyband_middle_high": {"dmean": 0.00200555706397, "dmean2": 0.0029547016602, "dvar": 1.37501119752e-05, "dvar2": 3.03555862047e-05, "max": 0.0883959308267, "mean": 0.00639391690493, "median": 0.00331495003775, "min": 1.17149343181e-21, "var": 7.49424652895e-05}, "spectral_energyband_middle_low": {"dmean": 0.00459789857268, "dmean2": 0.007555489894, "dvar": 9.13382609724e-05, "dvar2": 0.000241497473326, "max": 0.210905715823, "mean": 0.010741436854, "median": 0.00771947298199, "min": 1.66388435395e-22, "var": 0.000129693478812}, "spectral_entropy": {"dmean": 0.141576081514, "dmean2": 0.200520768762, "dvar": 0.0260692704469, "dvar2": 0.047982852906, "max": 9.82699680328, "mean": 7.31079101562, "median": 7.26952934265, "min": 5.87545204163, "var": 0.259892493486}, "spectral_flux": {"dmean": 0.026894563809, "dmean2": 0.0411711074412, "dvar": 0.00152804283425, "dvar2": 0.00290724029765, "max": 0.460694670677, "mean": 0.0754357352853, "median": 0.0588804371655, "min": 6.33901403591e-11, "var": 0.00371920177713}, "spectral_kurtosis": {"dmean": 2.76444077492, "dmean2": 4.81509017944, "dvar": 9.17084503174, "dvar2": 26.8739433289, "max": 45.0805931091, "mean": 5.13371801376, "median": 4.07062578201, "min": -1.27126967907, "var": 17.9130573273}, "spectral_rms": {"dmean": 0.000793502258603, "dmean2": 0.00118464534171, "dvar": 1.55162967985e-06, "dvar2": 3.33791172125e-06, "max": 0.0160927791148, "mean": 0.0047536152415, "median": 0.00493729999289, "min": 3.11795793177e-12, "var": 5.75342482989e-06}, "spectral_rolloff": {"dmean": 332.157958984, "dmean2": 551.563781738, "dvar": 406989.03125, "dvar2": 895212.125, "max": 19638.28125, "mean": 1428.4050293, "median": 1033.59375, "min": 86.1328125, "var": 5593279}, "spectral_skewness": {"dmean": 0.292147278786, "dmean2": 0.488063633442, "dvar": 0.0777017399669, "dvar2": 0.209664672613, "max": 4.74595546722, "mean": 1.42590689659, "median": 1.38064885139, "min": -0.0755662694573, "var": 0.314093530178}, "spectral_spread": {"dmean": 396093.53125, "dmean2": 584493.25, "dvar": 473879183360, "dvar2": 927621775360, "max": 4