{"lowlevel": {"average_loudness": 0.850240528584, "barkbands": {"dmean": [0.0001018816547, 0.00413170643151, 0.00112043903209, 0.00122133386321, 0.00125108356588, 0.000989068998024, 0.000306784262648, 0.000288406532491, 0.000626944703981, 0.000334618001943, 0.000324006192386, 0.000365288986359, 0.00036968869972, 0.000304312590742, 0.000438019982539, 0.000487082928885, 0.000328193360474, 0.000320254970575, 0.000369341985788, 0.000221753842197, 0.000222083268454, 0.000217355598579, 0.000232203237829, 0.000232431746554, 0.000198895300855, 7.41887633922e-05, 1.42150047395e-05], "dmean2": [0.000149611078086, 0.00650587165728, 0.00196597771719, 0.00206312839873, 0.00209098565392, 0.00165019673295, 0.000499065034091, 0.000462841329863, 0.00107747490983, 0.000533373036887, 0.000522989779711, 0.000572056800593, 0.000597515900154, 0.000480395596242, 0.000689818465617, 0.000768729893025, 0.000536733597983, 0.000521616311744, 0.000581903965212, 0.000353846029611, 0.000340679835062, 0.000329676491674, 0.000343809864717, 0.000337581586791, 0.000289818504825, 0.000109659646114, 2.25877611228e-05], "dvar": [3.84551945842e-08, 9.36248325161e-05, 7.24033907318e-06, 9.91575052467e-06, 6.82145082465e-06, 5.44167642147e-06, 5.40623716461e-07, 6.72011935876e-07, 2.02789101422e-06, 7.40085681628e-07, 1.02808473912e-06, 1.58153534358e-06, 1.36722644584e-06, 6.15475983068e-07, 1.19651394925e-06, 1.67122357198e-06, 4.5252761538e-07, 3.86539824149e-07, 4.14285153738e-07, 1.6173916606e-07, 1.78861228051e-07, 3.03496676679e-07, 3.04087052427e-07, 3.60173345371e-07, 1.93283071326e-07, 2.98973361623e-08, 2.54183962767e-09], "dvar2": [7.84355762562e-08, 0.000204268842936, 1.95579996216e-05, 2.51450401265e-05, 1.78519148903e-05, 1.44766918311e-05, 1.17815181966e-06, 1.69971724517e-06, 5.52881920157e-06, 1.79043070148e-06, 2.62368803305e-06, 3.69303916159e-06, 3.5899120121e-06, 1.43514193951e-06, 2.83989379568e-06, 3.98587326345e-06, 1.15599016226e-06, 9.60807824413e-07, 1.01887371784e-06, 4.04419836286e-07, 4.02621168405e-07, 6.78239416629e-07, 6.8870525638e-07, 7.37841446607e-07, 3.92795499238e-07, 5.70594274052e-08, 5.67255087347e-09], "max": [0.0025835132692, 0.0933853983879, 0.0354134142399, 0.0361136943102, 0.0334788747132, 0.0457392334938, 0.0440829098225, 0.0333517976105, 0.0267614144832, 0.0444281771779, 0.0265940278769, 0.0412919782102, 0.0431194715202, 0.0241027772427, 0.0269737355411, 0.0299371555448, 0.0190432425588, 0.0115753589198, 0.0111480047926, 0.00741595914587, 0.0146613297984, 0.021727623418, 0.0275011174381, 0.0210653785616, 0.0111207254231, 0.00375805934891, 0.00106702081393], "mean": [0.000133790657856, 0.00434185843915, 0.00114718324039, 0.00117032940034, 0.00139621482231, 0.00107723427936, 0.000433972629253, 0.000403191108489, 0.000624378095381, 0.000473244639579, 0.000451019557659, 0.000548665702809, 0.000549835152924, 0.000440200499725, 0.000625081476755, 0.000670375942718, 0.000419546093326, 0.000426143640652, 0.000550498487428, 0.000317960162647, 0.000329222442815, 0.000284645473585, 0.000316900841426, 0.00030846107984, 0.00024492412922, 8.32927398733e-05, 1.25321275846e-05], "median": [2.90704410872e-05, 0.000802131951787, 0.000408323045122, 0.000259643362369, 0.000484709569719, 0.000379206991056, 0.000192092484212, 0.000141623197123, 0.000158316543093, 0.000137855298817, 7.31775944587e-05, 9.61992191151e-05, 9.73965215962e-05, 0.000105248931504, 0.00013268784096, 0.000132251501782, 0.000111061730422, 0.000120633412735, 0.000188578356756, 0.000111909364932, 0.000100814446341, 6.76426716382e-05, 8.89135917532e-05, 6.5007545345e-05, 4.24649115303e-05, 9.84087546385e-06, 2.61881780261e-07], "min": [1.53524764604e-23, 2.74407411583e-23, 3.77483196011e-24, 3.53417495262e-24, 1.11688528349e-23, 1.21344651257e-23, 1.02789782907e-23, 9.5525363202e-23, 5.82623697624e-23, 2.7189681442e-23, 2.11154903371e-23, 4.7314595985e-23, 1.18417715396e-22, 1.08437665691e-22, 5.72353422835e-23, 1.05770823582e-22, 1.95465393978e-22, 1.55875809915e-22, 2.01291365266e-22, 3.23504688063e-22, 3.81425430567e-22, 4.5817914802e-22, 6.56922719754e-22, 9.24776312802e-22, 9.70940402488e-22, 1.71587308964e-21, 2.38642252956e-21], "var": [6.07865118241e-08, 9.9639124528e-05, 5.60760918233e-06, 8.29532564239e-06, 6.31595639788e-06, 4.74415401186e-06, 1.01651880868e-06, 9.47719854594e-07, 1.77122069545e-06, 1.43886438764e-06, 1.99692840397e-06, 3.59726595889e-06, 2.64010736828e-06, 1.1512902347e-06, 2.21551817958e-06, 2.89218155558e-06, 6.25808866062e-07, 5.66335756957e-07, 7.40337554817e-07, 2.52195661687e-07, 3.38058754323e-07, 5.39957909496e-07, 4.57353195316e-07, 6.45924956189e-07, 3.35592773126e-07, 5.08201729588e-08, 2.97519298087e-09]}, "barkbands_crest": {"dmean": 3.20142412186, "dmean2": 5.16978120804, "dvar": 9.66652202606, "dvar2": 22.3692874908, "max": 26.1830997467, "mean": 9.04518318176, "median": 7.93050050735, "min": 1.79714024067, "var": 20.0243797302}, "barkbands_flatness_db": {"dmean": 0.0256300996989, "dmean2": 0.0381419919431, "dvar": 0.000634850526694, "dvar2": 0.00125759001821, "max": 0.428943127394, "mean": 0.10661187768, "median": 0.0945792794228, "min": 0.0190208163112, "var": 0.00266055460088}, "barkbands_kurtosis": {"dmean": 2.59668183327, "dmean2": 4.09482860565, "dvar": 34.2723197937, "dvar2": 71.4624633789, "max": 289.589416504, "mean": 2.41805243492, "median": 0.120926737785, "min": -1.93794643879, "var": 74.2144470215}, "barkbands_skewness": {"dmean": 0.657245695591, "dmean2": 0.973595738411, "dvar": 0.482230782509, "dvar2": 0.998731553555, "max": 15.9422216415, "mean": 0.979874312878, "median": 0.843419194221, "min": -5.76562261581, "var": 1.73576509953}, "barkbands_spread": {"dmean": 9.61939144135, "dmean2": 14.7122173309, "dvar": 111.922653198, "dvar2": 240.699462891, "max": 114.015357971, "mean": 32.5610771179, "median": 30.78175354, "min": 0.57147693634, "var": 319.4347229}, "dissonance": {"dmean": 0.0157168302685, "dmean2": 0.0263106450438, "dvar": 0.000284618610749, "dvar2": 0.000760365044698, "max": 0.500000178814, "mean": 0.473638266325, "median": 0.479891777039, "min": 0.0881593972445, "var": 0.000545050075743}, "dynamic_complexity": 3.99096822739, "erbbands": {"dmean": [0.120788350701, 0.954991102219, 1.42699992657, 2.66004133224, 4.48623895645, 3.45743227005, 7.70362997055, 6.64550638199, 4.35566473007, 5.12172985077, 6.55299472809, 13.5855970383, 10.8855342865, 12.9999828339, 13.4215259552, 14.6931304932, 17.2752494812, 14.17882061, 19.0589809418, 22.9884738922, 23.4228553772, 17.0673885345, 16.604932785, 19.6560688019, 15.8908500671, 10.6060638428, 8.90419769287, 8.89057350159, 7.74761152267, 7.06687641144, 6.78614664078, 4.93451547623, 4.04431867599, 2.46851420403, 1.26422548294, 0.433122158051, 0.114914812148, 0.0218764729798, 0.00225460366346, 0.000174926171894], "dmean2": [0.195882841945, 1.51371598244, 2.38209295273, 4.48175859451, 7.46842908859, 5.71509647369, 13.3046073914, 10.9191656113, 7.19626665115, 8.17156505585, 10.5627269745, 23.2187194824, 17.9356384277, 20.7223854065, 20.88722229, 22.8819313049, 27.654718399, 22.0073680878, 29.5293560028, 36.2019577026, 37.2746620178, 27.7491130829, 26.918138504, 31.1637916565, 24.9874629974, 16.7851657867, 13.7287902832, 13.5078344345, 11.753616333, 10.7331237793, 10.0624856949, 7.20211458206, 5.92786693573, 3.61044788361, 1.85770952702, 0.641310870647, 0.170018047094, 0.0324276983738, 0.00362551747821, 0.000283510977169], "dvar": [0.0841423869133, 5.0729598999, 10.5513887405, 39.1424980164, 100.524017334, 47.7314109802, 433.831634521, 209.405410767, 82.0523376465, 206.377593994, 416.435516357, 920.259765625, 498.110931396, 1498.18811035, 1765.27722168, 2752.75976563, 3195.99121094, 1358.28405762, 2447.87548828, 3849.57910156, 3753.5090332, 1301.79711914, 1078.1862793, 1304.02270508, 799.627624512, 360.408172607, 233.274887085, 384.199462891, 388.865600586, 393.005340576, 231.694320679, 163.502075195, 117.187652588, 33.3528251648, 7.58503675461, 0.978416383266, 0.0713382363319, 0.00312064308673, 7.9841382103e-05, 4.2043214421e-07], "dvar2": [0.200612217188, 11.2699480057, 27.2439479828, 99.5035552979, 260.803039551, 123.895439148, 1212.23486328, 539.960449219, 203.766555786, 433.146575928, 1063.00976563, 2505.59545898, 1287.45996094, 3554.8737793, 4320.36621094, 6413.58691406, 8367.74804688, 3154.13452148, 5666.76953125, 9123.51464844, 9720.75195313, 3323.24267578, 2726.31054688, 3204.08789063, 1981.2902832, 902.509277344, 548.867553711, 861.020324707, 857.422119141, 937.886413574, 511.938995361, 331.780700684, 254.036621094, 71.0458145142, 15.0029153824, 1.89755260944, 0.136217951775, 0.00593434553593, 0.000183347437996, 9.87419412013e-07], "max": [2.41965031624, 24.0537395477, 47.3514289856, 69.0318374634, 119.443473816, 103.254234314, 414.904815674, 298.565307617, 182.318984985, 968.776916504, 925.938598633, 613.61126709, 414.872680664, 2436.51196289, 1443.6138916, 2088.34936523, 2177.39355469, 1382.42260742, 1694.52368164, 1983.05578613, 1928.15319824, 1151.40820313, 600.637878418, 707.035827637, 507.654785156, 337.860992432, 417.125, 685.986999512, 787.671813965, 1089.26123047, 657.726989746, 508.738006592, 443.276153564, 188.7550354, 61.5171432495, 21.2896461487, 6.12365674973, 1.14612448215, 0.190305203199, 0.0125794867054], "mean": [0.113831482828, 0.996790766716, 1.58144617081, 2.70138120651, 4.74358224869, 3.98838877678, 7.45027685165, 7.7007894516, 6.12151908875, 7.5441942215, 9.42327213287, 13.9827690125, 12.6961174011, 19.3855743408, 20.8072490692, 23.5038089752, 27.2562255859, 21.462436676, 30.0776443481, 35.9664306641, 32.9687194824, 22.8088169098, 22.5846385956, 28.9232635498, 23.5821609497, 15.741733551, 14.0653877258, 12.0984630585, 10.159070015, 9.21691703796, 9.3228597641, 6.78131914139, 5.13162946701, 3.04316449165, 1.52586770058, 0.499578177929, 0.127205684781, 0.0229976195842, 0.00196869648062, 0.000157798698638], "median": [0.0206685792655, 0.170464932919, 0.572061777115, 0.814151406288, 1.3898832798, 1.48422932625, 2.27740168571, 2.96608161926, 2.940772295, 2.89026641846, 3.76201248169, 3.86178278923, 3.99446344376, 4.93225002289, 4.4409160614, 4.92453861237, 5.14472389221, 5.871509552, 7.4230427742, 6.61954021454, 8.28047943115, 6.37812566757, 6.95975017548, 9.8318567276, 8.3326625824, 5.86543655396, 4.85048294067, 3.2587287426, 2.35669803619, 2.30748820305, 2.57870817184, 1.73605418205, 0.888985872269, 0.5246976614, 0.260844290257, 0.071441411972, 0.0128993280232, 0.00156911020167, 5.57704552193e-05, 1.92731822608e-05], "min": [5.26743959163e-22, 6.67721798931e-21, 8.23070235767e-21, 1.0206590464e-20, 1.77339299993e-20, 4.23695189876e-20, 1.18800416283e-19, 1.28694310665e-19, 1.47256863996e-19, 4.0493711819e-19, 1.62524932723e-18, 1.36174846156e-18, 1.50490664562e-18, 7.54030032455e-19, 1.68197210036e-18, 2.2743804503e-18, 5.18089108395e-18, 7.32488532905e-18, 4.99765899774e-18, 4.80664396915e-18, 9.2580825212e-18, 9.70686109073e-18, 8.87193475892e-18, 1.19579404836e-17, 9.47274416196e-18, 1.22766407659e-17, 1.41418354399e-17, 1.69371020685e-17, 1.56365805853e-17, 1.60757142288e-17, 1.58739102835e-17, 1.80073430866e-17, 1.50927027151e-17, 9.45342453158e-18, 7.54347607772e-18, 5.94260779565e-18, 2.93391430016e-18, 1.29733797521e-18, 3.254119224e-19, 3.43775971771e-20], "var": [0.0789509043097, 5.25551986694, 9.41338729858, 33.1101264954, 88.3886795044, 46.1122283936, 308.301147461, 209.264892578, 103.253395081, 486.789611816, 563.408813477, 840.052734375, 581.157226563, 3007.25170898, 3790.46972656, 6094.05517578, 6279.79638672, 2560.94628906, 5120.57861328, 9439.69921875, 5802.25585938, 1796.15039063, 1515.94873047, 2232.26586914, 1349.20141602, 580.432006836, 489.028656006, 665.477661133, 715.508789063, 544.701782227, 368.17489624, 299.936981201, 189.425613403, 55.1494979858, 13.313044548, 1.65592372417, 0.119120515883, 0.00520565407351, 8.96136407391e-05, 4.24368380436e-07]}, "erbbands_crest": {"dmean": 2.61426830292, "dmean2": 4.23160600662, "dvar": 6.6463136673, "dvar2": 16.1618728638, "max": 31.435092926, "mean": 8.0891122818, "median": 6.92691612244, "min": 1.98040902615, "var": 17.4171180725}, "erbbands_flatness_db": {"dmean": 0.023648628965, "dmean2": 0.0318203866482, "dvar": 0.000474292901345, "dvar2": 0.000839814485516, "max": 0.380427718163, "mean": 0.142027288675, "median": 0.139118045568, "min": 0.0422879345715, "var": 0.0019487264799}, "erbbands_kurtosis": {"dmean": 1.16414213181, "dmean2": 1.84016978741, "dvar": 4.08017492294, "dvar2": 8.84420490265, "max": 66.9725036621, "mean": 0.651361107826, "median": -0.106942869723, "min": -1.85186362267, "var": 8.13475799561}, "erbbands_skewness": {"dmean": 0.433774411678, "dmean2": 0.665311515331, "dvar": 0.185342222452, "dvar2": 0.41036593914, "max": 7.39960336685, "mean": -0.0789048671722, "median": -0.121411189437, "min": -5.99471616745, "var": 0.699513077736}, "erbbands_spread": {"dmean": 11.4430398941, "dmean2": 17.0220508575, "dvar": 143.703994751, "dvar2": 312.800598145, "max": 154.278869629, "mean": 40.7220840454, "median": 37.4866523743, "min": 2.74147248268, "var": 407.681365967}, "gfcc": {"cov": [[9381.59082031, -2491.27490234, 19.1469573975, 159.075714111, -117.899345398, 325.067901611, 22.9470996857, 278.114990234, -174.079772949, 183.502197266, -336.303833008, 151.327590942, -108.138168335], [-2491.27490234, 1950.12365723, -73.7474594116, -125.144096375, 269.645355225, -164.94694519, 57.6147689819, -127.049819946, 126.629089355, -95.6320343018, 156.150680542, -117.584518433, 55.2502937317], [19.1469573975, -73.7474594116, 1018.33898926, 162.012863159, -8.25110816956, 52.3835754395, 42.2500686646, 76.1427383423, 62.5030975342, 38.2831306458, 25.7475719452, 10.719452858, -9.77994918823], [159.075714111, -125.144096375, 162.012863159, 366.484283447, -4.56941795349, -29.1781806946, 4.00263929367, 64.5314483643, 29.2752819061, 13.8607673645, 8.18156051636, 6.30610466003, 4.550116539], [-117.899345398, 269.645355225, -8.25110816956, -4.56941795349, 278.738250732, 55.6601142883, 54.0785903931, 12.0365810394, 48.8276252747, 0.141424193978, 13.1119709015, -16.5620822906, 17.0027580261], [325.067901611, -164.94694519, 52.3835754395, -29.1781806946, 55.6601142883, 241.334320068, 88.6484069824, 31.9548816681, 11.6843481064, 48.3449668884, 3.89017415047, 11.1406898499, -6.82255887985], [22.9470996857, 57.6147689819, 42.2500686646, 4.00263929367, 54.0785903931, 88.6484069824, 168.108306885, 51.5182304382, 28.2821140289, 26.0212402344, 26.5176887512, 2.22904324532, -1.3526494503], [278.114990234, -127.049819946, 76.1427383423, 64.5314483643, 12.0365810394, 31.9548816681, 51.5182304382, 177.798126221, 52.371307373, 29.200138092, 12.8797664642, 22.0679225922, 2.97605228424], [-174.079772949, 126.629089355, 62.5030975342, 29.2752819061, 48.8276252747, 11.6843481064, 28.2821140289, 52.371307373, 136.981674194, 38.3591766357, 27.38007164, 0.922932446003, 17.7376880646], [183.502197266, -95.6320343018, 38.2831306458, 13.8607673645, 0.141424193978, 48.3449668884, 26.0212402344, 29.200138092, 38.3591766357, 117.295349121, 44.2417869568, 19.0090522766, -8.62739086151], [-336.303833008, 156.150680542, 25.7475719452, 8.18156051636, 13.1119709015, 3.89017415047, 26.5176887512, 12.8797664642, 27.38007164, 44.2417869568, 124.796539307, 18.0992546082, 6.82481622696], [151.327590942, -117.584518433, 10.719452858, 6.30610466003, -16.5620822906, 11.1406898499, 2.22904324532, 22.0679225922, 0.922932446003, 19.0090522766, 18.0992546082, 81.6994018555, 18.181936264], [-108.138168335, 55.2502937317, -9.77994918823, 4.550116539, 17.0027580261, -6.82255887985, -1.3526494503, 2.97605228424, 17.7376880646, -8.62739086151, 6.82481622696, 18.181936264, 75.0893707275]], "icov": [[0.000181932482519, 0.000177986265044, 1.65610654221e-05, -1.12257484943e-05, -0.000136679940624, -1.9109213099e-05, -3.05238572764e-05, -0.000160635361681, 0.000167060134117, -0.00025821372401, 0.000368261709809, -0.000106916108052, 9.21978935366e-05], [0.000177986265044, 0.0013469196856, -7.88598572399e-06, 0.000379359174985, -0.000984128331766, 0.000913039315492, -0.000671148591209, 0.000707365339622, -0.000913040013984, 0.000970065244474, -0.00139091850724, 0.00125290383585, -0.000342895102222], [1.65610654221e-05, -7.88598572399e-06, 0.0011126002064, -0.00046479672892, 0.000159868533956, -0.000296413578326, -3.93054760934e-05, -0.000170796454768, -0.000360519974492, 2.4646295671e-08, -5.02929397044e-05, -7.32170447009e-05, 0.00025312154321], [-1.12257484943e-05, 0.000379359174985, -0.00046479672892, 0.00330945663154, -0.000314412813168, 0.000969650573097, -0.000148876744788, -0.000750116247218, -0.000400629243813, 0.000124273981783, -0.000531612895429, 0.000553603924345, -0.000346845132299], [-0.000136679940624, -0.000984128331766, 0.000159868533956, -0.000314412813168, 0.00504534319043, -0.00157798838336, -0.000387171050534, -0.000209202204132, -0.000871788011864, 0.000170451166923, 0.000620552687906, 0.00010551327432, -0.00057377142366], [-1.9109213099e-05, 0.000913039315492, -0.000296413578326, 0.000969650573097, -0.00157798838336, 0.00671681994572, -0.00319889863022, 0.000487233570311, -2.63081819867e-05, -0.00143913622014, -0.000149241037434, 0.000436595582869, -0.000157318965648], [-3.05238572764e-05, -0.000671148591209, -3.93054760934e-05, -0.000148876744788, -0.000387171050534, -0.00319889863022, 0.0088297277689, -0.00229664845392, 0.000264386413619, -0.000323819171172, -0.000687203602865, -3.61272868759e-05, 0.000472420040751], [-0.000160635361681, 0.000707365339622, -0.000170796454768, -0.000750116247218, -0.000209202204132, 0.000487233570311, -0.00229664845392, 0.00834720395505, -0.00335056777112, 0.000850585289299, -0.00105014559813, -0.000874007935636, 0.000187117868336], [0.000167060134117, -0.000913040013984, -0.000360519974492, -0.000400629243813, -0.000871788011864, -2.63081819867e-05, 0.000264386413619, -0.00335056777112, 0.0114304684103, -0.00446220207959, 0.0012246503029, 0.000301158899674, -0.00217474391684], [-0.00025821372401, 0.000970065244474, 2.4646295671e-08, 0.000124273981783, 0.000170451166923, -0.00143913622014, -0.000323819171172, 0.000850585289299, -0.00446220207959, 0.0140974912792, -0.005969340913, -0.00048467432498, 0.00203164829873], [0.000368261709809, -0.00139091850724, -5.02929397044e-05, -0.000531612895429, 0.000620552687906, -0.000149241037434, -0.000687203602865, -0.00105014559813, 0.0012246503029, -0.005969340913, 0.0133758215234, -0.0038178153336, 0.000188185425941], [-0.000106916108052, 0.00125290383585, -7.32170447009e-05, 0.000553603924345, 0.00010551327432, 0.000436595582869, -3.61272868759e-05, -0.000874007935636, 0.000301158899674, -0.00048467432498, -0.0038178153336, 0.016436861828, -0.00482897320762], [9.21978935366e-05, -0.000342895102222, 0.00025312154321, -0.000346845132299, -0.00057377142366, -0.000157318965648, 0.000472420040751, 0.000187117868336, -0.00217474391684, 0.00203164829873, 0.000188185425941, -0.00482897320762, 0.0157725643367]], "mean": [-19.0498847961, 66.5136413574, -117.482589722, 41.0552368164, -58.6915550232, 19.3977813721, -42.3824195862, 13.2887449265, -25.470495224, 2.97751760483, -13.8509864807, 0.178026258945, -10.2532424927]}, "hfc": {"dmean": 13.1362142563, "dmean2": 18.2058143616, "dvar": 472.666564941, "dvar2": 892.816711426, "max": 630.676147461, "mean": 25.1054000854, "median": 12.4748878479, "min": 1.16362990779e-16, "var": 1106.94274902}, "melbands": {"dmean": [0.00113992707338, 0.000879056868143, 0.00052207877161, 0.000289932650048, 0.000234603561694, 0.000157956485054, 6.56576521578e-05, 5.62271852687e-05, 5.4752916185e-05, 9.39217352425e-05, 5.47435774934e-05, 5.31192963535e-05, 4.56666639366e-05, 4.25675862061e-05, 4.07404950238e-05, 3.37975397997e-05, 2.75749989669e-05, 3.07980590151e-05, 3.13237978844e-05, 3.44382315234e-05, 2.69797910732e-05, 1.7337166355e-05, 1.84966847883e-05, 1.59773444466e-05, 1.69242739503e-05, 1.42243188748e-05, 8.89053444553e-06, 7.17985312804e-06, 5.77659329792e-06, 5.90469471717e-06, 5.35272602065e-06, 4.58854856333e-06, 4.15029262513e-06, 3.96220639232e-06, 3.98247811972e-06, 3.73619263883e-06, 2.85464329863e-06, 3.08695371132e-06, 2.3792574666e-06, 2.04341790777e-06], "dmean2": [0.00180552597158, 0.00136487616692, 0.000876601552591, 0.000474548432976, 0.000401738245273, 0.000259459135123, 0.00010783358448, 8.98994549061e-05, 8.88608701644e-05, 0.000162087293575, 9.01882376638e-05, 8.48647323437e-05, 7.2771399573e-05, 6.64256440359e-05, 6.42462036922e-05, 5.38322638022e-05, 4.3173393351e-05, 4.7999110393e-05, 4.8845056881e-05, 5.34907776455e-05, 4.33319655713e-05, 2.83066292468e-05, 3.03928009089e-05, 2.61566401605e-05, 2.70607088169e-05, 2.2478734536e-05, 1.44277310028e-05, 1.13713722385e-05, 8.97865447769e-06, 9.16871067602e-06, 8.2595679487e-06, 7.1113317972e-06, 6.36279628452e-06, 6.13898646407e-06, 6.02903855906e-06, 5.46221326658e-06, 4.24046356784e-06, 4.55699864688e-06, 3.53746349901e-06, 3.03243405142e-06], "dvar": [7.25977997718e-06, 3.64353491022e-06, 1.49000379679e-06, 3.58479894658e-07, 3.70204077171e-07, 1.20093488931e-07, 1.95752996035e-08, 2.29942180852e-08, 3.00352098748e-08, 4.785952612e-08, 1.26274963819e-08, 2.53341827516e-08, 2.16147597598e-08, 2.24243503766e-08, 1.43283314102e-08, 1.2605026356e-08, 5.76216541148e-09, 7.18611792294e-09, 6.10360517683e-09, 9.45988176682e-09, 4.87768669899e-09, 1.51642520763e-09, 1.49647594316e-09, 1.00570785033e-09, 1.0311802523e-09, 6.74388100919e-10, 3.01314778683e-10, 1.65523650342e-10, 1.01998048896e-10, 1.25382287886e-10, 1.6043273654e-10, 1.39140005073e-10, 1.19606005655e-10, 1.37074421258e-10, 8.22668391742e-11, 7.19428822071e-11, 7.20603368642e-11, 8.56169579677e-11, 2.91013688841e-11, 2.40786141026e-11], "dvar2": [1.6397667423e-05, 8.23128721095e-06, 3.78154663849e-06, 9.07220453428e-07, 1.0251525282e-06, 3.10335565246e-07, 4.71790571055e-08, 5.13595139751e-08, 7.7134870935e-08, 1.31587285068e-07, 3.25339932772e-08, 6.011091358e-08, 5.51830510176e-08, 5.18782421466e-08, 3.67362176235e-08, 3.12184091911e-08, 1.32978241751e-08, 1.65251066164e-08, 1.42091387545e-08, 2.14085300598e-08, 1.25529275863e-08, 3.91208399009e-09, 3.62130148091e-09, 2.55049870113e-09, 2.53420884277e-09, 1.66638036703e-09, 7.64860286218e-10, 4.11773171116e-10, 2.44537917693e-10, 2.88500057177e-10, 3.74652059376e-10, 3.11212583481e-10, 2.77599804255e-10, 3.35955763209e-10, 1.88781060229e-10, 1.50056050918e-10, 1.53259682723e-10, 1.96006794129e-10, 6.22424889407e-11, 5.22996194963e-11], "max": [0.0242133941501, 0.0254089813679, 0.0137600759044, 0.00908447615802, 0.011592073366, 0.00680898921564, 0.00396183645353, 0.00854109693319, 0.0072115897201, 0.0035994797945, 0.00214665406384, 0.00990515761077, 0.00425819633529, 0.00501786870882, 0.00392676889896, 0.00531821744516, 0.00270812795497, 0.0032928569708, 0.00213647866622, 0.00313702272251, 0.00227292953059, 0.00123242521659, 0.00122614263091, 0.000697260897141, 0.000723097822629, 0.000640769314487, 0.000436087051639, 0.000206524404348, 0.000217192369746, 0.000313671102049, 0.000443985889433, 0.000458025693661, 0.000386883155443, 0.000661789847072, 0.000372258335119, 0.000303516542772, 0.000445377663709, 0.00045145736658, 0.00015736297064, 0.000145446523675], "mean": [0.00114627287257, 0.00103073660284, 0.000536402396392, 0.000332790659741, 0.000235280356719, 0.000181697643711, 9.28360896069e-05, 8.24695744086e-05, 7.8037410276e-05, 9.10304370336e-05, 6.21199505986e-05, 7.70777478465e-05, 6.74639522913e-05, 6.48342174827e-05, 6.28271736787e-05, 4.83223848278e-05, 3.88036605727e-05, 4.64718214062e-05, 4.5455453801e-05, 4.96128668601e-05, 3.55068223143e-05, 2.14799256355e-05, 2.37990443566e-05, 2.0643850803e-05, 2.37505119003e-05, 2.03180316021e-05, 1.19681672004e-05, 1.00378483694e-05, 8.75893147168e-06, 8.1027556007e-06, 6.77644675307e-06, 5.82230404689e-06, 5.21958281752e-06, 4.98554618389e-06, 5.31463638254e-06, 5.06159312863e-06, 3.73433545064e-06, 3.81428685614e-06, 2.88080036626e-06, 2.46657145908e-06], "median": [0.000212811661186, 0.000302898522932, 0.000180098664714, 0.000106499326648, 7.88549950812e-05, 6.91590466886e-05, 4.43862954853e-05, 3.15064717142e-05, 3.02919470414e-05, 2.24642371904e-05, 1.80136412382e-05, 1.82953554031e-05, 1.26647973957e-05, 1.19117012218e-05, 1.13132227852e-05, 1.06902725747e-05, 9.36965261644e-06, 1.04338496385e-05, 8.93294418347e-06, 8.14943632577e-06, 8.67838025442e-06, 5.40758628631e-06, 5.94782977714e-06, 5.83413293498e-06, 7.36252786737e-06, 6.62123147777e-06, 3.9465357986e-06, 3.35430036102e-06, 2.87377861241e-06, 2.16581520363e-06, 1.62796027325e-06, 1.18736011245e-06, 1.2068835531e-06, 1.15845296023e-06, 1.43464080793e-06, 1.35090817821e-06, 8.45801196192e-07, 6.28508246336e-07, 4.71234130828e-07, 4.09570844795e-07], "min": [6.82057816124e-24, 6.04179732067e-24, 2.25884896791e-24, 2.51589416628e-24, 3.63679786778e-24, 2.49703151596e-24, 2.18588110912e-24, 5.36500396779e-24, 1.2521206551e-23, 8.71697374498e-24, 6.76411780853e-24, 3.13923785409e-24, 4.31102426727e-24, 4.11376368146e-24, 9.45891320356e-24, 1.29811329692e-23, 1.07128186565e-23, 9.62518536086e-24, 4.96496076984e-24, 5.02492879257e-24, 1.29330937066e-23, 1.18329538102e-23, 6.09456225446e-24, 9.28927182134e-24, 9.69086986413e-24, 6.03362906042e-24, 9.43839572028e-24, 6.99316751667e-24, 8.37956058088e-24, 8.89321315982e-24, 1.07623362443e-23, 8.77857273763e-24, 8.3245059783e-24, 8.97794786509e-24, 9.60139883798e-24, 7.42322923864e-24, 1.14974094576e-23, 1.12366893507e-23, 8.17089819398e-24, 7.37466143929e-24], "var": [7.38394419386e-06, 4.03754756917e-06, 1.25390647554e-06, 3.68739961232e-07, 2.70274853165e-07, 1.17642088071e-07, 2.6970731426e-08, 4.96909997594e-08, 4.15266576681e-08, 3.93348926764e-08, 1.47497525305e-08, 5.07755864021e-08, 4.33161808644e-08, 5.15908702425e-08, 3.11223757876e-08, 2.10097876874e-08, 1.02579242878e-08, 1.40109150948e-08, 1.20159100447e-08, 2.01612415651e-08, 7.44146610998e-09, 1.87311832711e-09, 2.3991719722e-09, 1.35803523982e-09, 1.70871894412e-09, 1.1088524543e-09, 4.2604639261e-10, 2.56997367831e-10, 2.09945338892e-10, 2.11936482253e-10, 2.57752236221e-10, 2.48757653365e-10, 1.90366986064e-10, 1.7084261783e-10, 1.22739943209e-10, 1.20656706848e-10, 1.23538360097e-10, 1.20806809001e-10, 4.91101846689e-11, 3.80393008759e-11]}, "melbands_crest": {"dmean": 3.94160628319, "dmean2": 6.23671150208, "dvar": 12.6784744263, "dvar2": 31.0918960571, "max": 32.2240180969, "mean": 13.1076107025, "median": 12.213596344, "min": 1.69637215137, "var": 30.2768363953}, "melbands_flatness_db": {"dmean": 0.0340023599565, "dmean2": 0.0499107949436, "dvar": 0.00114246679004, "dvar2": 0.00220841728151, "max": 0.561371088028, "mean": 0.157273516059, "median": 0.144464612007, "min": 0.00638406584039, "var": 0.00543960463256}, "melbands_kurtosis": {"dmean": 7.5381770134, "dmean2": 11.5739450455, "dvar": 197.45803833, "dvar2": 428.789093018, "max": 436.167236328, "mean": 10.5595417023, "median": 4.53867053986, "min": -1.90071988106, "var": 375.737335205}, "melbands_skewness": {"dmean": 0.921602666378, "dmean2": 1.35009133816, "dvar": 0.945193946362, "dvar2": 1.98411619663, "max": 15.4917421341, "mean": 2.29958319664, "median": 2.04899644852, "min": -3.24871706963, "var": 3.051456213}, "melbands_spread": {"dmean": 14.461810112, "dmean2": 22.1410312653, "dvar": 328.030853271, "dvar2": 685.145812988, "max": 263.629364014, "mean": 39.9089851379, "median": 33.1655540466, "min": 0.572608411312, "var": 923.977172852}, "mfcc": {"cov": [[8865.59375, -2167.50708008, -220.790863037, -147.938018799, -112.261680603, 51.3424987793, 106.823638916, 106.807128906, 176.742919922, 113.378753662, -74.6237564087, -66.8557357788, -71.4468154907], [-2167.50708008, 1755.4239502, -152.765274048, 20.7912139893, 122.797355652, 22.9083557129, -8.20864295959, -21.5964260101, -45.3646888733, -2.05591630936, 25.0735969543, 31.4877262115, 19.5979366302], [-220.790863037, -152.765274048, 872.249328613, 140.835250854, 58.2579460144, -3.15371489525, 36.2458953857, 15.8881616592, 44.0158843994, 5.29492950439, 70.0232772827, 31.2123413086, 21.2079563141], [-147.938018799, 20.7912139893, 140.835250854, 344.69229126, 63.4915313721, -55.3051719666, -15.5501317978, 17.2059421539, 15.2073230743, 1.79381740093, 16.831609726, -4.92138671875, 15.3580465317], [-112.261680603, 122.797355652, 58.2579460144, 63.4915313721, 199.635467529, 26.3198299408, 6.72737455368, 19.9796543121, 33.6909713745, 28.7297668457, 8.27097702026, 6.93315124512, 6.4491019249], [51.3424987793, 22.9083557129, -3.15371489525, -55.3051719666, 26.3198299408, 198.045196533, 54.7033309937, 2.02194237709, 15.3836660385, 22.5867900848, 16.4208316803, 17.64336586, -5.64643383026], [106.823638916, -8.20864295959, 36.2458953857, -15.5501317978, 6.72737455368, 54.7033309937, 158.317123413, 43.7492485046, 7.85765838623, 33.200050354, 16.5839176178, 23.734621048, 12.6027793884], [106.807128906, -21.5964260101, 15.8881616592, 17.2059421539, 19.9796543121, 2.02194237709, 43.7492485046, 122.164962769, 54.234172821, 21.5736446381, 13.2739553452, 2.03245997429, 14.8803539276], [176.742919922, -45.3646888733, 44.0158843994, 15.2073230743, 33.6909713745, 15.3836660385, 7.85765838623, 54.234172821, 123.79611969, 43.794254303, 10.6760921478, -4.08061981201, 0.78163599968], [113.378753662, -2.05591630936, 5.29492950439, 1.79381740093, 28.7297668457, 22.5867900848, 33.200050354, 21.5736446381, 43.794254303, 122.11933136, 32.3549194336, 14.4546308517, 13.6715650558], [-74.6237564087, 25.0735969543, 70.0232772827, 16.831609726, 8.27097702026, 16.4208316803, 16.5839176178, 13.2739553452, 10.6760921478, 32.3549194336, 105.010017395, 44.1179962158, 15.2194356918], [-66.8557357788, 31.4877262115, 31.2123413086, -4.92138671875, 6.93315124512, 17.64336586, 23.734621048, 2.03245997429, -4.08061981201, 14.4546308517, 44.1179962158, 103.860168457, 37.2612991333], [-71.4468154907, 19.5979366302, 21.2079563141, 15.3580465317, 6.4491019249, -5.64643383026, 12.6027793884, 14.8803539276, 0.78163599968, 13.6715650558, 15.2194356918, 37.2612991333, 86.4672775269]], "icov": [[0.000175820852746, 0.00021970103262, 8.56420519995e-05, 2.70786258625e-05, -2.90145344479e-05, -1.01381983768e-05, -9.83173740678e-05, -2.5007449949e-05, -0.000149957049871, -9.8125434306e-05, 6.80515731801e-05, -7.55130758989e-06, 9.7949829069e-05], [0.00021970103262, 0.000904715387151, 0.000259221356828, 1.61806583492e-05, -0.000509081466589, -3.87282816519e-05, -0.000105663290014, 3.93998961954e-05, 7.78573521529e-05, -3.40114711435e-05, -0.000142063829117, -8.52821249282e-05, 2.05178439501e-05], [8.56420519995e-05, 0.000259221356828, 0.00142800202593, -0.000453651795397, -0.000338611775078, 9.10967864911e-05, -0.000502650858834, 0.000390352855902, -0.00063044478884, 0.000479508016724, -0.000892046024092, -2.89083109237e-05, -0.00012101775792], [2.70786258625e-05, 1.61806583492e-05, -0.000453651795397, 0.00354470103048, -0.00110555102583, 0.00103754247539, 0.000180132119567, -0.000274087913567, -9.80629374681e-06, 0.000142694916576, -0.000525397423189, 0.00056096969638, -0.000500234367792], [-2.90145344479e-05, -0.000509081466589, -0.000338611775078, -0.00110555102583, 0.00622193468735, -0.00101650611032, 0.000427620747359, -0.000482056901092, -0.000970287539531, -0.00106960744597, 0.000742050004192, -0.000375545118004, 7.01316603227e-05], [-1.01381983768e-05, -3.87282816519e-05, 9.10967864911e-05, 0.00103754247539, -0.00101650611032, 0.00628508254886, -0.00221302267164, 0.00112630939111, -0.000968801788986, -1.98022844415e-05, -0.000719764619134, -0.000490961363539, 0.000758882553782], [-9.83173740678e-05, -0.000105663290014, -0.000502650858834, 0.000180132119567, 0.000427620747359, -0.00221302267164, 0.00873642414808, -0.00366947078146, 0.00210348307155, -0.00207604537718, 0.000653130933642, -0.00135219120421, -7.29600378691e-06], [-2.5007449949e-05, 3.93998961954e-05, 0.000390352855902, -0.000274087913567, -0.000482056901092, 0.00112630939111, -0.00366947078146, 0.0121241956949, -0.00537568237633, 0.0011338632321, -0.00135468284134, 0.00117870396934, -0.00191897689365], [-0.000149957049871, 7.78573521529e-05, -0.00063044478884, -9.80629374681e-06, -0.000970287539531, -0.000968801788986, 0.00210348307155, -0.00537568237633, 0.0124597614631, -0.00378580368124, 0.00046520459, 0.000433018256444, 0.000859916908666], [-9.8125434306e-05, -3.40114711435e-05, 0.000479508016724, 0.000142694916576, -0.00106960744597, -1.98022844415e-05, -0.00207604537718, 0.0011338632321, -0.00378580368124, 0.0111797573045, -0.00319597334601, 0.000497645756695, -0.0014157370897], [6.80515731801e-05, -0.000142063829117, -0.000892046024092, -0.000525397423189, 0.000742050004192, -0.000719764619134, 0.000653130933642, -0.00135468284134, 0.00046520459, -0.00319597334601, 0.0134340217337, -0.00526538211852, 0.000841683766339], [-7.55130758989e-06, -8.52821249282e-05, -2.89083109237e-05, 0.00056096969638, -0.000375545118004, -0.000490961363539, -0.00135219120421, 0.00117870396934, 0.000433018256444, 0.000497645756695, -0.00526538211852, 0.0141857089475, -0.00535812834278], [9.7949829069e-05, 2.05178439501e-05, -0.00012101775792, -0.000500234367792, 7.01316603227e-05, 0.000758882553782, -7.29600378691e-06, -0.00191897689365, 0.000859916908666, -0.0014157370897, 0.000841683766339, -0.00535812834278, 0.014512415044]], "mean": [-659.642150879, 93.7387313843, 2.14991617203, 22.1260051727, 8.76582527161, 3.99052190781, 1.09704649448, 4.18085384369, -3.13393712044, 4.02317667007, -1.93183374405, -1.09477436543, -1.02321648598]}, "pitch_salience": {"dmean": 0.0865961164236, "dmean2": 0.136087834835, "dvar": 0.00653014564887, "dvar2": 0.0154059613124, "max": 0.958435833454, "mean": 0.567350804806, "median": 0.574462890625, "min": 0.0669555068016, "var": 0.0144361611456}, "silence_rate_20dB": {"dmean": 0, "dmean2": 0, "dvar": 0, "dvar2": 0, "max": 1, "mean": 1, "median": 1, "min": 1, "var": 0}, "silence_rate_30dB": {"dmean": 0, "dmean2": 0, "dvar": 0, "dvar2": 0, "max": 1, "mean": 1, "median": 1, "min": 1, "var": 0}, "silence_rate_60dB": {"dmean": 0.0941688269377, "dmean2": 0.188350871205, "dvar": 0.0853002890944, "dvar2": 0.176462054253, "max": 1, "mean": 0.168116748333, "median": 0, "min": 0, "var": 0.13987994194}, "spectral_centroid": {"dmean": 391.583404541, "dmean2": 589.447875977, "dvar": 185379.671875, "dvar2": 384432.96875, "max": 11258.2382813, "mean": 1893.05102539, "median": 1939.03820801, "min": 151.056137085, "var": 714118.5}, "spectral_complexity": {"dmean": 5.69798612595, "dmean2": 8.00098228455, "dvar": 53.1114044189, "dvar2": 94.0109405518, "max": 68, "mean": 17.8286552429, "median": 15, "min": 0, "var": 156.045333862}, "spectral_contrast_coeffs": {"dmean": [0.0536663196981, 0.0478822551668, 0.0459338650107, 0.03657919541, 0.0331567563117, 0.0256331600249], "dmean2": [0.0859112665057, 0.0774393677711, 0.0745521336794, 0.0566781163216, 0.0499462857842, 0.0392171964049], "dvar": [0.00218707462773, 0.00154791760724, 0.00153043575119, 0.000965569575783, 0.000810870609712, 0.000533641898073], "dvar2": [0.0052408836782, 0.00403777882457, 0.0040226355195, 0.00218415772542, 0.00170876458287, 0.00127330620307], "max": [-0.310023248196, -0.388457924128, -0.461847275496, -0.481617182493, -0.540729284286, -0.507830262184], "mean": [-0.672109901905, -0.754387617111, -0.769676804543, -0.765345692635, -0.764922261238, -0.771974086761], "median": [-0.682713985443, -0.760233700275, -0.779583096504, -0.775220811367, -0.768843650818, -0.775907874107], "min": [-0.966166615486, -0.972318947315, -0.964489519596, -0.980824053288, -0.958995819092, -0.96161788702], "var": [0.00677171070129, 0.00425699120387, 0.00493032019585, 0.00500042689964, 0.00313841737807, 0.0018666931428]}, "spectral_contrast_valleys": {"dmean": [0.501887083054, 0.455340743065, 0.442335188389, 0.433535665274, 0.492977172136, 0.598818182945], "dmean2": [0.74862653017, 0.703237056732, 0.648000776768, 0.61104363203, 0.661413788795, 0.706926643848], "dvar": [0.240643322468, 0.205350413918, 0.186999693513, 0.202219516039, 0.277372598648, 0.367391914129], "dvar2": [0.428784400225, 0.408082932234, 0.330519080162, 0.350903719664, 0.507615208626, 0.577876865864], "max": [-5.269759655, -5.00725364685, -5.2763800621, -5.47891712189, -5.25879049301, -6.76263332367], "mean": [-7.68429374695, -7.14802598953, -7.7342171669, -8.00975131989, -7.790102005, -9.99882888794], "median": [-7.58164262772, -7.03382015228, -7.65388441086, -7.94765758514, -7.66188049316, -9.83384513855], "min": [-27.3628330231, -27.2841777802, -27.2998065948, -27.0553150177, -27.4753017426, -27.3043670654], "var": [1.02905631065, 0.773039340973, 0.854107260704, 0.975783467293, 1.31567955017, 1.83183252811]}, "spectral_decrease": {"dmean": 2.21787810339e-09, "dmean2": 3.06178304932e-09, "dvar": 1.2290486115e-17, "dvar2": 2.22011008157e-17, "max": 9.50824383141e-24, "mean": -4.1077394819e-09, "median": -2.2293913382e-09, "min": -3.29418554657e-08, "var": 2.31586020794e-17}, "spectral_energy": {"dmean": 0.0093241808936, "dmean2": 0.0127674490213, "dvar": 0.000206383425393, "dvar2": 0.000364434265066, "max": 0.129140168428, "mean": 0.0177806783468, "median": 0.00978921353817, "min": 1.05827928528e-20, "var": 0.000412584544392}, "spectral_energyband_high": {"dmean": 0.00113564066123, "dmean2": 0.00158831407316, "dvar": 4.97853852721e-06, "dvar2": 9.59845783655e-06, "max": 0.0863388106227, "mean": 0.00174790015444, "median": 0.000572602264583, "min": 7.71580908354e-21, "var": 1.04720211311e-05}, "spectral_energyband_low": {"dmean": 0.00495854392648, "dmean2": 0.00739795994014, "dvar": 0.000104727514554, "dvar2": 0.000206070326385, "max": 0.107763715088, "mean": 0.00618228269741, "median": 0.00192087912001, "min": 3.57508638357e-23, "var": 0.00013776589185}, "spectral_energyband_middle_high": {"dmean": 0.00242429156788, "dmean2": 0.00363496993668, "dvar": 1.47879509313e-05, "dvar2": 3.35140975949e-05, "max": 0.0607995428145, "mean": 0.00525728333741, "median": 0.00213086046278, "min": 1.59752163856e-21, "var": 4.91551290907e-05}, "spectral_energyband_middle_low": {"dmean": 0.00383303803392, "dmean2": 0.00608342094347, "dvar": 5.54664475203e-05, "dvar2": 0.000137276947498, "max": 0.0851736590266, "mean": 0.00520213088021, "median": 0.0027045099996, "min": 3.18223914324e-22, "var": 5.56182822038e-05}, "spectral_entropy": {"dmean": 0.218683615327, "dmean2": 0.297319501638, "dvar": 0.0519531294703, "dvar2": 0.0922495648265, "max": 9.79602432251, "mean": 7.74440670013, "median": 7.77159643173, "min": 5.3254032135, "var": 0.21149790287}, "spectral_flux": {"dmean": 0.0288368277252, "dmean2": 0.0417828261852, "dvar": 0.0011948508909, "dvar2": 0.00201297691092, "max": 0.308337002993, "mean": 0.0805643573403, "median": 0.0643456280231, "min": 6.97996729859e-11, "var": 0.00336740142666}, "spectral_kurtosis": {"dmean": 1.54450643063, "dmean2": 2.36617040634, "dvar": 4.47076034546, "dvar2": 9.8785533905, "max": 57.2297172546, "mean": 3.76562976837, "median": 3.06040525436, "min": -1.44090855122, "var": 10.7354211807}, "spectral_rms": {"dmean": 0.00098132272251, "dmean2": 0.0012899414869, "dvar": 1.4576379499e-06, "dvar2": 2.2419292236e-06, "max": 0.0112245446071, "mean": 0.0035862417426, "median": 0.00309038069099, "min": 3.2132033579e-12, "var": 4.48577975476e-06}, "spectral_rolloff": {"dmean": 993.61706543, "dmean2": 1611.69140625, "dvar": 2056059.875, "dvar2": 4453725, "max": 19315.2832031, "mean": 2542.57617188, "median": 2088.72070313, "min": 86.1328125, "var": 4564973}, "spectral_skewness": {"dmean": 0.236839339137, "dmean2": 0.355515629053, "dvar": 0.0709474757314, "dvar2": 0.146096870303, "max": 5.99711513519, "mean": 1.41355347633, "median": 1.34415090084, "min": -0.377596050501, "var": 0.242162853479}, "spectral_spread": {"dmean": 933951.6875, "dmean2": 1293406, "dvar": 1117447520260.0, "dvar2": 2174280925180.0, "max": 42765796, "mean": 5177427.5, "median": 4839395, "min": 1591280.125, "var": 3381172633600.0}, "spectral_strongpeak": {"dmean": 0.600851655006, "dmean2": 1.02077281475, "dvar":