{"lowlevel": {"average_loudness": 0.874888598919, "barkbands": {"dmean": [0.000101291523606, 0.00350075913593, 0.00225470843725, 0.000941635516938, 0.00100438972004, 0.00034582108492, 0.000348423840478, 0.0003065027704, 0.00036533724051, 0.000299012317555, 0.00030868378235, 0.00021447952895, 0.000217488122871, 0.000366005289834, 0.000307844398776, 0.000348686589859, 0.000270800024737, 0.000279319501715, 0.000299285369692, 0.000241876463406, 0.000261338689597, 0.000301327527268, 0.00018334647757, 5.65226655453e-05, 2.82706987491e-05, 6.6712559601e-06, 3.42390734431e-07], "dmean2": [0.000142402073834, 0.00612204242498, 0.00395542848855, 0.00153290783055, 0.0017227785429, 0.000553292629775, 0.000547429255676, 0.000484201707877, 0.00055733678164, 0.000465038610855, 0.000491653510835, 0.000335443473887, 0.000346020853613, 0.00059291702928, 0.000493751897011, 0.000555104052182, 0.000440335134044, 0.000450967927463, 0.000492629245855, 0.000397724856157, 0.000418326177169, 0.000474044849398, 0.000273308105534, 8.36884210003e-05, 3.78839104087e-05, 9.67809683061e-06, 5.14449141065e-07], "dvar": [3.56221612208e-08, 6.93523761583e-05, 2.85363112198e-05, 5.53296649741e-06, 9.50052981352e-06, 6.55689802898e-07, 1.13011810754e-06, 8.73394640166e-07, 5.24172264704e-07, 3.44399666119e-07, 5.69925930449e-07, 2.42138099793e-07, 2.46251744329e-07, 6.17792807134e-07, 4.64777201614e-07, 5.53050369945e-07, 2.359553406e-07, 3.41876216226e-07, 3.33033909783e-07, 2.71457878398e-07, 3.89333195017e-07, 5.91303660258e-07, 2.02693726692e-07, 2.37875710241e-08, 4.91467355701e-09, 1.98013383468e-10, 3.60903933691e-13], "dvar2": [6.64600463551e-08, 0.000197864588699, 8.10487981653e-05, 1.29486134028e-05, 2.64217997028e-05, 1.6004862573e-06, 2.61416039393e-06, 2.16060152525e-06, 1.20718675589e-06, 8.4853388671e-07, 1.45164949572e-06, 5.71545058392e-07, 5.92381866227e-07, 1.55105715294e-06, 1.13417604553e-06, 1.33394667046e-06, 5.64838387618e-07, 8.4006222778e-07, 8.10286451269e-07, 7.14734028406e-07, 9.89271029539e-07, 1.44812076996e-06, 4.41623626557e-07, 5.79063730299e-08, 1.02012025494e-08, 4.00927513411e-10, 7.76146996066e-13], "max": [0.00397375319153, 0.091272726655, 0.0692418441176, 0.0345421247184, 0.0492398515344, 0.0271128397435, 0.0263970401138, 0.0251436382532, 0.0164057351649, 0.0135094216093, 0.0181812662631, 0.0100867161527, 0.0131644308567, 0.0161832999438, 0.0135797513649, 0.0201302487403, 0.0228025652468, 0.0217056367546, 0.0195339024067, 0.00855074822903, 0.0106379529461, 0.0158871654421, 0.0103691695258, 0.00739330751821, 0.00272575882263, 0.000498740875628, 8.04884984973e-06], "mean": [0.000190691454918, 0.00513696251437, 0.00306417304091, 0.00126564328093, 0.00129692966584, 0.000572794582695, 0.000533465528861, 0.000466750963824, 0.000654148694593, 0.000496385386214, 0.000493454455864, 0.000358539953595, 0.000357535784133, 0.000620248785708, 0.00052748050075, 0.00064312381437, 0.000531151366886, 0.000560142449103, 0.000588408554904, 0.000471515959362, 0.000473243591841, 0.000554783444386, 0.000357121753041, 0.000109175081889, 4.81933384435e-05, 8.8943497758e-06, 3.78709330562e-07], "median": [8.52745215525e-05, 0.00295884115621, 0.00209182011895, 0.000682768062688, 0.000556203303859, 0.000243906775722, 0.000159882518346, 0.000168595521245, 0.000217312684981, 0.000217933673412, 0.000164492841577, 0.000111113971798, 0.000117835428682, 0.000183083364391, 0.000197451838176, 0.000238219072344, 0.000277693383396, 0.000231511949096, 0.000317043217365, 0.000232236794545, 0.000215742329601, 0.000183627998922, 9.62120248005e-05, 3.79986922781e-05, 1.39064168252e-05, 2.02372166314e-06, 7.15221375458e-08], "min": [4.00439300789e-23, 6.64929721051e-23, 4.96781684075e-23, 7.98432075698e-24, 2.80335827503e-23, 9.37521111721e-23, 2.29769054618e-23, 2.55895717591e-23, 8.03477740488e-23, 1.36211713203e-23, 2.72591611551e-23, 5.50337514039e-23, 1.21204211927e-22, 1.17189818688e-22, 9.29088504189e-23, 3.13541437939e-22, 1.6037114325e-22, 1.39693306632e-22, 1.9755433552e-22, 4.38798009404e-22, 3.71487045338e-22, 5.31176221491e-22, 4.04739741304e-22, 9.85462107441e-22, 9.93713920676e-22, 1.74030803725e-21, 2.56490350844e-21], "var": [8.18157133153e-08, 6.1487138737e-05, 2.1242769435e-05, 5.90017452851e-06, 8.09690482129e-06, 1.16397939109e-06, 1.96570636035e-06, 1.2455536762e-06, 1.52526320107e-06, 7.14041561878e-07, 1.07136941097e-06, 5.10654956543e-07, 5.60489695545e-07, 1.51343124344e-06, 9.4579678489e-07, 1.1851805084e-06, 8.07434219041e-07, 7.97118559603e-07, 7.30261945137e-07, 4.76124483839e-07, 5.43003864095e-07, 1.00856868812e-06, 4.68028360956e-07, 3.98036554827e-08, 1.04793009825e-08, 4.16094741995e-10, 5.25677320683e-13]}, "barkbands_crest": {"dmean": 2.12070345879, "dmean2": 3.57156729698, "dvar": 4.54531669617, "dvar2": 12.9169054031, "max": 23.9083251953, "mean": 8.23107433319, "median": 7.47156143188, "min": 2.31327652931, "var": 12.7469215393}, "barkbands_flatness_db": {"dmean": 0.0175900552422, "dmean2": 0.0281626395881, "dvar": 0.000404851190979, "dvar2": 0.00109066150617, "max": 0.398526757956, "mean": 0.108038343489, "median": 0.0959329903126, "min": 0.0316933430731, "var": 0.00254053017125}, "barkbands_kurtosis": {"dmean": 1.8725976944, "dmean2": 3.0803129673, "dvar": 28.2491188049, "dvar2": 72.4300003052, "max": 161.051925659, "mean": 2.00482559204, "median": -0.472525596619, "min": -1.90429365635, "var": 83.5459213257}, "barkbands_skewness": {"dmean": 0.464713335037, "dmean2": 0.751583278179, "dvar": 0.35329669714, "dvar2": 0.944991052151, "max": 10.3110055923, "mean": 1.00138127804, "median": 0.804289937019, "min": -3.87250041962, "var": 1.52355992794}, "barkbands_spread": {"dmean": 6.78500461578, "dmean2": 10.9493904114, "dvar": 62.0599021912, "dvar2": 164.581466675, "max": 127.89012146, "mean": 38.5247268677, "median": 37.2570266724, "min": 0.864618062973, "var": 411.931732178}, "dissonance": {"dmean": 0.0113119399175, "dmean2": 0.0188667140901, "dvar": 0.000175502689672, "dvar2": 0.000467806705274, "max": 0.500000178814, "mean": 0.479546248913, "median": 0.485380589962, "min": 0.271791636944, "var": 0.00038462417433}, "dynamic_complexity": 4.78723526001, "erbbands": {"dmean": [0.0742876157165, 0.914052188396, 2.72648835182, 2.47554087639, 3.90323758125, 2.90439271927, 1.74271190166, 3.16362571716, 4.66143131256, 5.83711957932, 6.63050842285, 8.92997360229, 9.71337509155, 7.85118436813, 11.3478593826, 8.9657125473, 10.126288414, 15.4842672348, 15.5432281494, 17.6361045837, 17.3164672852, 13.053194046, 13.4693822861, 16.8314685822, 13.0802545547, 11.897778511, 9.37275028229, 11.7319736481, 10.8821868896, 8.60495567322, 4.6115489006, 1.84563291073, 0.636070549488, 0.391786783934, 0.159829765558, 0.0449650771916, 0.00970620382577, 0.00123303721193, 5.87243266637e-05, 1.12567686301e-05], "dmean2": [0.122278347611, 1.62063872814, 4.85158395767, 4.05040740967, 6.613925457, 4.86360692978, 2.82099556923, 5.05769109726, 7.30684614182, 9.16965961456, 10.4285078049, 13.5611515045, 14.9999303818, 12.2114601135, 17.9453105927, 14.1286764145, 16.1320991516, 24.8930511475, 24.7817955017, 28.0454216003, 27.4588527679, 20.9011459351, 21.4946594238, 27.5035839081, 21.5722541809, 19.6101493835, 15.2028160095, 18.8674507141, 17.3402442932, 13.001449585, 6.88469552994, 2.75471711159, 0.901863753796, 0.530409812927, 0.220157235861, 0.0631141886115, 0.0144704729319, 0.00184357143007, 8.501677803e-05, 1.63745698956e-05], "dvar": [0.0236045718193, 5.33684253693, 46.8213272095, 28.7491779327, 154.967163086, 69.8343887329, 13.1312484741, 66.907913208, 204.066390991, 329.50680542, 422.512268066, 336.178344727, 370.789886475, 374.58972168, 721.980895996, 429.903381348, 488.905670166, 1211.65600586, 1210.76794434, 1419.52575684, 1236.33239746, 639.722106934, 700.816223145, 1156.32165527, 742.833679199, 639.784423828, 481.975646973, 865.771484375, 795.650024414, 442.460601807, 129.369094849, 25.5701808929, 2.55312943459, 0.87774759531, 0.199494749308, 0.0120546119288, 0.000367520842701, 5.03744877278e-06, 1.0047758181e-08, 4.28585861245e-10], "dvar2": [0.0600621625781, 15.2908153534, 133.200714111, 69.1180267334, 422.515899658, 186.59866333, 33.2708778381, 163.572967529, 473.31817627, 793.265075684, 1083.60351562, 779.916625977, 882.57623291, 943.216369629, 1792.72265625, 1043.25012207, 1164.80761719, 2997.51171875, 2788.3203125, 3318.14746094, 2913.20288086, 1485.5579834, 1667.31835938, 2827.61279297, 1836.52636719, 1678.6854248, 1237.47351074, 2238.52563477, 1995.0378418, 986.453063965, 281.580291748, 61.4288063049, 5.82284355164, 1.88088953495, 0.401413887739, 0.0232130009681, 0.000772520841565, 1.05820181489e-05, 2.0695308578e-08, 9.29445687081e-10], "max": [2.20892310143, 24.3745079041, 77.0319747925, 72.2280654907, 191.05607605, 148.026199341, 96.078163147, 318.01373291, 332.450531006, 564.471679688, 605.376281738, 415.907806396, 400.583587646, 675.508911133, 743.153808594, 460.59487915, 650.087097168, 918.988952637, 780.088500977, 858.797058105, 934.85949707, 1461.57995605, 799.392333984, 1466.49914551, 1031.45019531, 430.18536377, 331.347045898, 539.272766113, 501.713287354, 362.083007812, 282.119049072, 219.869415283, 64.2897109985, 34.4468650818, 17.2433586121, 4.41405344009, 0.716749727726, 0.0662122666836, 0.00160741864238, 0.000219995665248], "mean": [0.143611609936, 1.164894104, 3.6053378582, 3.90401744843, 4.82908678055, 3.79858207703, 2.92401909828, 5.12203216553, 7.41874551773, 9.06577014923, 11.2965831757, 16.2252082825, 16.8687839508, 13.9899682999, 19.7436656952, 16.0685024261, 18.08776474, 27.6254425049, 28.0670700073, 34.557384491, 33.7763214111, 28.5055179596, 29.3999919891, 34.0107650757, 25.7716083527, 23.2074890137, 18.3592205048, 20.34973526, 19.6071472168, 16.1617298126, 9.07908058167, 3.59815502167, 1.22954976559, 0.678467988968, 0.259447365999, 0.0656829252839, 0.0119517082348, 0.00141584849916, 8.13167644083e-05, 2.98588838632e-05], "median": [0.0788833647966, 0.677157878876, 2.34833931923, 2.7035946846, 2.12226009369, 1.47255837917, 1.28329610825, 2.06078720093, 2.69332098961, 2.88805818558, 4.36369800568, 6.06447982788, 6.99862909317, 5.21303844452, 7.72947406769, 5.8172492981, 6.93682384491, 9.06040859222, 9.15805244446, 14.0738363266, 14.4037895203, 14.7084197998, 13.6018028259, 16.6513977051, 13.8241577148, 11.7506322861, 8.97492313385, 8.35540866852, 6.54187107086, 4.4710521698, 2.64762949944, 1.1811259985, 0.437470257282, 0.209775805473, 0.0687717348337, 0.0155722182244, 0.00260660517961, 0.000277084182017, 2.88286937575e-05, 2.27201744565e-05], "min": [9.58063971083e-22, 1.87073018604e-20, 5.70726576069e-20, 4.42200480337e-20, 6.94975178682e-20, 7.93546802612e-20, 5.22715953491e-19, 6.82466967049e-19, 4.92790161591e-19, 3.96649156193e-19, 6.59464159889e-19, 1.75194558313e-18, 9.36748956492e-19, 8.53079327339e-19, 1.03492402487e-18, 2.45568520569e-18, 6.26541751124e-18, 6.20980367711e-18, 4.56016730767e-18, 8.64605324033e-18, 1.84103587159e-17, 8.76224399225e-18, 8.21961516478e-18, 7.38191612356e-18, 1.3790308495e-17, 1.99329599956e-17, 1.3901640388e-17, 1.66342861354e-17, 1.80435239666e-17, 1.72591813836e-17, 1.27874628444e-17, 2.06720905406e-17, 1.47226254177e-17, 1.08381496924e-17, 7.31870959859e-18, 5.57940643715e-18, 3.45733371906e-18, 1.23573917916e-18, 3.19270649189e-19, 4.02178315751e-20], "var": [0.0375433862209, 4.00451993942, 33.7331123352, 31.3261871338, 126.808830261, 73.817565918, 25.1268768311, 113.93132019, 350.908630371, 576.799743652, 605.515625, 893.581481934, 850.948364258, 747.201782227, 1470.69812012, 893.194763184, 1208.47131348, 3064.16162109, 2767.6105957, 3647.49682617, 2864.31079102, 2659.95288086, 1968.57910156, 2516.64404297, 1568.8404541, 1125.94995117, 738.859924316, 1134.93261719, 1275.1418457, 936.507080078, 293.946990967, 44.6317901611, 4.98821687698, 1.7680811882, 0.449825614691, 0.0299168284982, 0.000624937994871, 7.77069453761e-06, 1.74985697043e-08, 8.41413494435e-10]}, "erbbands_crest": {"dmean": 2.05782675743, "dmean2": 3.36816835403, "dvar": 4.18076848984, "dvar2": 10.4808273315, "max": 28.2783050537, "mean": 7.29335689545, "median": 6.47075653076, "min": 2.5107998848, "var": 10.5654010773}, "erbbands_flatness_db": {"dmean": 0.0142193222418, "dmean2": 0.0207653194666, "dvar": 0.000167383041116, "dvar2": 0.000338484242093, "max": 0.327717155218, "mean": 0.147985607386, "median": 0.144302248955, "min": 0.0407228656113, "var": 0.0013557280181}, "erbbands_kurtosis": {"dmean": 0.801324248314, "dmean2": 1.2849817276, "dvar": 1.55229902267, "dvar2": 3.92333626747, "max": 35.6187858582, "mean": 0.586228609085, "median": 0.0422768294811, "min": -1.76622462273, "var": 4.77707672119}, "erbbands_skewness": {"dmean": 0.311115324497, "dmean2": 0.481929391623, "dvar": 0.0963313505054, "dvar2": 0.223861411214, "max": 5.08479309082, "mean": -0.290106862783, "median": -0.371097326279, "min": -4.90078449249, "var": 0.59438931942}, "erbbands_spread": {"dmean": 7.3750576973, "dmean2": 11.5690259933, "dvar": 74.2950668335, "dvar2": 179.03225708, "max": 141.019165039, "mean": 39.1516952515, "median": 37.4340591431, "min": 2.95395088196, "var": 279.610778809}, "gfcc": {"cov": [[32549.7636719, 1670.30895996, -2214.75170898, 2767.06518555, -753.936462402, 596.464599609, -493.280853271, 131.574569702, -107.968353271, -42.2329864502, -263.075134277, -229.208908081, -328.826904297], [1670.30895996, 1485.69702148, -64.5773010254, -99.6609191895, 110.968986511, -49.5487289429, 129.213470459, -25.0413513184, 13.7682094574, -121.193702698, 48.3561668396, -104.779380798, 32.24426651], [-2214.75170898, -64.5773010254, 892.404968262, -135.753631592, 53.0578193665, -27.40001297, -2.11054253578, 17.2797985077, -52.8393745422, 19.0755977631, -38.7012023926, 40.9206466675, -39.0490188599], [2767.06518555, -99.6609191895, -135.753631592, 607.373718262, -4.58312416077, 77.6742401123, -90.3376541138, -22.6582565308, 28.6993408203, -14.4500484467, -41.2084312439, -31.2284240723, -13.4276294708], [-753.936462402, 110.968986511, 53.0578193665, -4.58312416077, 282.753540039, 40.8459281921, 52.6080703735, -2.5910422802, 7.38010120392, -10.4620714188, -5.61808633804, -10.0112438202, 24.6936779022], [596.464599609, -49.5487289429, -27.40001297, 77.6742401123, 40.8459281921, 174.95791626, 55.4933700562, 6.66602611542, -27.5856246948, -3.45041537285, -16.2727603912, -13.6320676804, -5.62432003021], [-493.280853271, 129.213470459, -2.11054253578, -90.3376541138, 52.6080703735, 55.4933700562, 166.943252563, 28.4363155365, -20.8835773468, -31.1564846039, 9.03919887543, -20.1239929199, 2.8435959816], [131.574569702, -25.0413513184, 17.2797985077, -22.6582565308, -2.5910422802, 6.66602611542, 28.4363155365, 103.482879639, 17.6170825958, 0.356413245201, -10.2634000778, 4.16946792603, -7.9624876976], [-107.968353271, 13.7682094574, -52.8393745422, 28.6993408203, 7.38010120392, -27.5856246948, -20.8835773468, 17.6170825958, 89.098739624, 19.5974235535, 3.62793302536, -8.99626350403, 11.5859365463], [-42.2329864502, -121.193702698, 19.0755977631, -14.4500484467, -10.4620714188, -3.45041537285, -31.1564846039, 0.356413245201, 19.5974235535, 82.0892333984, 10.9918193817, 14.1020174026, -19.0480003357], [-263.075134277, 48.3561668396, -38.7012023926, -41.2084312439, -5.61808633804, -16.2727603912, 9.03919887543, -10.2634000778, 3.62793302536, 10.9918193817, 75.3281784058, 15.9204692841, 1.6468102932], [-229.208908081, -104.779380798, 40.9206466675, -31.2284240723, -10.0112438202, -13.6320676804, -20.1239929199, 4.16946792603, -8.99626350403, 14.1020174026, 15.9204692841, 67.206741333, 14.2521123886], [-328.826904297, 32.24426651, -39.0490188599, -13.4276294708, 24.6936779022, -5.62432003021, 2.8435959816, -7.9624876976, 11.5859365463, -19.0480003357, 1.6468102932, 14.2521123886, 68.3963623047]], "icov": [[0.000203500676434, -0.00053642608691, 0.000488407618832, -0.000804716080893, 0.000479056412587, -0.000500906957313, 0.000564631423913, -0.000734791683499, 0.000901126710232, -0.000695380440447, 0.00081988243619, -0.000729672552552, 0.000814947939944], [-0.00053642608691, 0.00240402249619, -0.00133881624788, 0.00221966905519, -0.00152285199147, 0.00172887009103, -0.00185414589942, 0.00213535595685, -0.00260715326294, 0.0030328463763, -0.00311272754334, 0.00345854111947, -0.00238269381225], [0.000488407618832, -0.00133881624788, 0.0025592262391, -0.00166072673164, 0.000715782807674, -0.000887702452019, 0.00143787276465, -0.00187817320693, 0.00283582392149, -0.00190126476809, 0.00308621372096, -0.00287052616477, 0.00301846978255], [-0.000804716080893, 0.00221966905519, -0.00166072673164, 0.00557800615206, -0.00202719960362, 0.00037657507346, -0.000362782040611, 0.00330086215399, -0.00473680905998, 0.00421823654324, -0.0026643066667, 0.00337301683612, -0.00226763868704], [0.000479056412587, -0.00152285199147, 0.000715782807674, -0.00202719960362, 0.00535659026355, -0.00204925751314, 0.000149556799443, -0.00122003443539, 0.00128083711024, -0.00214776257053, 0.0022624800913, -0.00158034171909, 0.000240768524236], [-0.000500906957313, 0.00172887009103, -0.000887702452019, 0.00037657507346, -0.00204925751314, 0.00981617625803, -0.00501311151311, 0.00142586731818, 0.000955108669586, -0.000366644031601, -0.000863465305883, 0.00274903769605, -0.00255058589391], [0.000564631423913, -0.00185414589942, 0.00143787276465, -0.000362782040611, 0.000149556799443, -0.00501311151311, 0.0121048968285, -0.00497822789475, 0.0037248681765, 0.00111185049172, -4.33227251051e-05, 0.000713288551196, 0.0023203974124], [-0.000734791683499, 0.00213535595685, -0.00187817320693, 0.00330086215399, -0.00122003443539, 0.00142586731818, -0.00497822789475, 0.0146979475394, -0.00779076199979, 0.0037396743428, -0.000335062621161, -0.000541507091839, -5.69281337448e-06], [0.000901126710232, -0.00260715326294, 0.00283582392149, -0.00473680905998, 0.00128083711024, 0.000955108669586, 0.0037248681765, -0.00779076199979, 0.0208159424365, -0.00918321497738, 0.00253020459786, 0.00152977532707, -0.00165847304743], [-0.000695380440447, 0.0030328463763, -0.00190126476809, 0.00421823654324, -0.00214776257053, -0.000366644031601, 0.00111185049172, 0.0037396743428, -0.00918321497738, 0.0214278511703, -0.00567506300285, 1.87769796867e-06, 0.00376349012367], [0.00081988243619, -0.00311272754334, 0.00308621372096, -0.0026643066667, 0.0022624800913, -0.000863465305883, -4.33227251051e-05, -0.000335062621161, 0.00253020459786, -0.00567506300285, 0.0208082310855, -0.00950525514781, 0.00519361812621], [-0.000729672552552, 0.00345854111947, -0.00287052616477, 0.00337301683612, -0.00158034171909, 0.00274903769605, 0.000713288551196, -0.000541507091839, 0.00152977532707, 1.87769796867e-06, -0.00950525514781, 0.0264459811151, -0.0109516596422], [0.000814947939944, -0.00238269381225, 0.00301846978255, -0.00226763868704, 0.000240768524236, -0.00255058589391, 0.0023203974124, -5.69281337448e-06, -0.00165847304743, 0.00376349012367, 0.00519361812621, -0.0109516596422, 0.0240323189646]], "mean": [-40.7925338745, 79.2347183228, -128.991333008, 60.0457687378, -55.2378883362, 25.5317440033, -25.723323822, 11.4543838501, -15.0597953796, -0.382540643215, -15.8634490967, -2.41247439384, -10.7698135376]}, "hfc": {"dmean": 7.95055961609, "dmean2": 11.3798627853, "dvar": 254.921386719, "dvar2": 579.007080078, "max": 193.878646851, "mean": 23.8444976807, "median": 15.0804576874, "min": 1.19636971643e-16, "var": 661.904052734}, "melbands": {"dmean": [0.000812133133877, 0.00133567966986, 0.00046917932923, 0.000266072398517, 6.55663097859e-05, 7.23156481399e-05, 7.09381129127e-05, 6.3280131144e-05, 5.81641215831e-05, 5.42987982044e-05, 4.85289092467e-05, 3.13083764922e-05, 4.25178550358e-05, 2.47478565143e-05, 2.32521033467e-05, 2.07250723179e-05, 3.37184646924e-05, 2.83380268229e-05, 2.20986039494e-05, 2.57739848166e-05, 2.12696995732e-05, 1.44653495227e-05, 1.61339357874e-05, 1.31856877488e-05, 1.50034820763e-05, 1.07624382508e-05, 8.87002806849e-06, 8.34747152112e-06, 5.87070553593e-06, 7.0080095611e-06, 7.21052310837e-06, 6.71375028105e-06, 5.74001478526e-06, 4.67931295134e-06, 3.0771634556e-06, 1.71987232989e-06, 9.78260345619e-07, 4.71586560025e-07, 3.8575174699e-07, 3.19746732202e-07], "dmean2": [0.00139274192043, 0.00236416538246, 0.000760896829888, 0.000453500804724, 0.000105969258584, 0.000115027083666, 0.000110486646008, 9.94927759166e-05, 9.15315977181e-05, 8.23782029329e-05, 7.50188919483e-05, 4.86236240249e-05, 6.73598478897e-05, 3.90696986869e-05, 3.66847889381e-05, 3.32127820002e-05, 5.45502480236e-05, 4.54051187262e-05, 3.53259201802e-05, 4.08589949075e-05, 3.41460108757e-05, 2.34063936659e-05, 2.63600613835e-05, 2.13226521737e-05, 2.46815470746e-05, 1.78725840669e-05, 1.46374250107e-05, 1.38777677421e-05, 9.64815626503e-06, 1.14667054731e-05, 1.17390572996e-05, 1.09256225187e-05, 8.96268102224e-06, 7.18416322343e-06, 4.72535384688e-06, 2.58260070041e-06, 1.49066784161e-06, 6.91815273512e-07, 5.47214483504e-07, 4.39927987372e-07], "dvar": [3.24718189404e-06, 1.17794870675e-05, 1.20024435546e-06, 6.99475890542e-07, 1.97490344078e-08, 3.25318758598e-08, 4.41019700759e-08, 3.65489114529e-08, 2.75674363337e-08, 1.235809588e-08, 9.42666122938e-09, 6.1444134225e-09, 1.06521467202e-08, 2.89040880119e-09, 3.20645399121e-09, 2.66725530551e-09, 5.95186655516e-09, 4.45941905625e-09, 2.82415024699e-09, 3.12524184309e-09, 1.92021532008e-09, 9.91267512518e-10, 9.98103377725e-10, 7.86262055463e-10, 9.19546327971e-10, 5.21639453854e-10, 3.55675405794e-10, 3.08688491435e-10, 1.78178152788e-10, 2.72906142129e-10, 3.29394900245e-10, 3.21209114862e-10, 2.01201527661e-10, 1.36902295056e-10, 5.91587057119e-11, 2.04745994464e-11, 7.55529232926e-12, 1.39140500337e-12, 9.54972212419e-13, 5.68734837871e-13], "dvar2": [9.12374616746e-06, 3.33963798766e-05, 2.93825746667e-06, 1.91678896044e-06, 5.06381354626e-08, 7.93448364789e-08, 1.01732510416e-07, 8.71134702152e-08, 6.97642903447e-08, 2.85445018733e-08, 2.24199645515e-08, 1.53872719011e-08, 2.68943356474e-08, 6.77794886883e-09, 7.76644792921e-09, 6.40356345727e-09, 1.4913362989e-08, 1.01910888617e-08, 6.94368562648e-09, 7.54479767551e-09, 4.53755655272e-09, 2.31623187297e-09, 2.48947928938e-09, 1.92130089616e-09, 2.2580532999e-09, 1.29115629299e-09, 9.3040086746e-10, 8.1464113233e-10, 4.56797127901e-10, 7.12319148111e-10, 8.66042182412e-10, 8.33794366883e-10, 4.6845810564e-10, 3.13854220391e-10, 1.34329602997e-10, 4.71198496887e-11, 1.90069522621e-11, 3.22752480124e-12, 2.23985565338e-12, 1.19784141373e-12], "max": [0.0208133347332, 0.0351517833769, 0.0151306930929, 0.0131055610254, 0.00413091247901, 0.00632121087983, 0.00501298718154, 0.00552851660177, 0.00450696889311, 0.00268692406826, 0.00192846462596, 0.00278154225089, 0.00272032176144, 0.00105302163865, 0.00168384658173, 0.00169093220029, 0.00203020125628, 0.0015943502076, 0.00120002531912, 0.00150218815543, 0.00151188275777, 0.00209791748784, 0.000944877334405, 0.00105428730603, 0.00127930927556, 0.00100832467433, 0.000527973985299, 0.000261463632341, 0.000220828573219, 0.000302915694192, 0.00030947412597, 0.000418829469709, 0.000247960007982, 0.000199091038667, 0.000210182144656, 0.000142571894685, 0.000130553264171, 4.37457420048e-05, 3.50441114279e-05, 2.50827488344e-05], "mean": [0.00133203249425, 0.00179518712685, 0.000722244323697, 0.000328384019667, 0.000109882224933, 0.0001186521622, 0.000113052687084, 9.73609276116e-05, 0.000100643039332, 9.6811207186e-05, 8.1062586105e-05, 5.26240837644e-05, 6.9939509558e-05, 4.27217128163e-05, 4.06889885198e-05, 3.44080690411e-05, 5.60456319363e-05, 4.73202780995e-05, 3.93156333303e-05, 4.82877621835e-05, 3.77838623535e-05, 2.86819195026e-05, 2.98599843518e-05, 2.61346485786e-05, 2.82558921754e-05, 1.95335142052e-05, 1.65251731232e-05, 1.51626200022e-05, 1.10196515379e-05, 1.16704986795e-05, 1.17812187455e-05, 1.1358330994e-05, 1.01996074591e-05, 8.38485539134e-06, 5.77416267333e-06, 3.16802766065e-06, 1.78842242349e-06, 8.74944873885e-07, 6.54723294247e-07, 5.34010894171e-07], "median": [0.000778420944698, 0.00111817952711, 0.000475951703265, 0.000138668314321, 4.92871076858e-05, 4.80796443298e-05, 3.995699808e-05, 3.130636469e-05, 3.64589941455e-05, 3.4933367715e-05, 3.06337678921e-05, 1.77262227226e-05, 2.44666771323e-05, 1.5291141608e-05, 1.57527792908e-05, 1.08674003059e-05, 1.69585873664e-05, 1.38249652082e-05, 1.48416202137e-05, 1.84933596756e-05, 1.58133661898e-05, 1.32140812639e-05, 1.48331801029e-05, 1.05199324025e-05, 1.3407685401e-05, 1.03001548268e-05, 7.88872421253e-06, 7.31955833544e-06, 5.09098208568e-06, 5.35578601557e-06, 4.36619848188e-06, 3.77390347239e-06, 2.91559103971e-06, 2.18027116716e-06, 1.6247994381e-06, 9.52288132794e-07, 5.81616745876e-07, 2.93929247164e-07, 2.24546141681e-07, 1.53471773956e-07], "min": [1.55712970092e-23, 2.96403788183e-23, 8.36449412645e-24, 5.5037578957e-24, 1.36398278807e-23, 1.60152221727e-23, 6.94742936138e-24, 4.87640600564e-24, 7.11406202811e-24, 1.06985615733e-23, 4.20025360225e-24, 3.11818552312e-24, 3.25647461474e-24, 5.92940357433e-24, 9.32726099595e-24, 1.33349299854e-23, 1.10049590932e-23, 7.36405047126e-24, 6.42569648019e-24, 1.96722740442e-23, 1.99742515765e-23, 9.14819509249e-24, 6.05995019339e-24, 8.03212178353e-24, 5.45074407629e-24, 8.05711841904e-24, 1.31416985067e-23, 1.36621242453e-23, 8.95764968514e-24, 8.01998752509e-24, 9.63188594539e-24, 9.19555593466e-24, 1.21974288477e-23, 8.63805925547e-24, 7.39580843358e-24, 8.47716318524e-24, 1.43500724858e-23, 1.06351884325e-23, 9.44421199173e-24, 8.82019225013e-24], "var": [3.51374433194e-06, 8.58006387716e-06, 1.25952703911e-06, 5.84457382047e-07, 3.77894338044e-08, 5.81142280964e-08, 7.73974235813e-08, 6.42776853965e-08, 4.6091663819e-08, 3.28595994858e-08, 2.13505888524e-08, 1.19229728313e-08, 2.08060217943e-08, 6.77367495427e-09, 6.53075105106e-09, 6.10977002324e-09, 1.40094007506e-08, 9.54763557104e-09, 5.52424284095e-09, 7.01316826834e-09, 3.95236687822e-09, 4.06342337556e-09, 2.2793189558e-09, 1.79919934507e-09, 1.88723614514e-09, 9.94762827666e-10, 6.84207079882e-10, 5.19439047331e-10, 2.95524327232e-10, 3.41218803213e-10, 4.22102047759e-10, 4.63618587965e-10, 3.70981106945e-10, 2.74144179579e-10, 1.24423304992e-10, 3.91139898248e-11, 1.15248392427e-11, 2.70183007911e-12, 1.58346892456e-12, 1.18397457637e-12]}, "melbands_crest": {"dmean": 2.90851831436, "dmean2": 4.89712190628, "dvar": 8.55164813995, "dvar2": 23.5847415924, "max": 30.8624992371, "mean": 13.7180480957, "median": 13.079451561, "min": 2.85658574104, "var": 24.8051662445}, "melbands_flatness_db": {"dmean": 0.0241382084787, "dmean2": 0.0391698479652, "dvar": 0.000811968871858, "dvar2": 0.00225284509361, "max": 0.548971354961, "mean": 0.159915462136, "median": 0.146500319242, "min": 0.00790085084736, "var": 0.00560299772769}, "melbands_kurtosis": {"dmean": 6.38501596451, "dmean2": 10.6201515198, "dvar": 244.532470703, "dvar2": 648.730712891, "max": 318.82723999, "mean": 11.1926832199, "median": 4.46841430664, "min": -1.83566105366, "var": 568.377563477}, "melbands_skewness": {"dmean": 0.71766769886, "dmean2": 1.16082215309, "dvar": 0.861720860004, "dvar2": 2.29751515388, "max": 13.8593358994, "mean": 2.46199274063, "median": 2.12325429916, "min": -1.67449498177, "var": 3.06902647018}, "melbands_spread": {"dmean": 10.6101570129, "dmean2": 17.4156589508, "dvar": 169.269714355, "dvar2": 460.521118164, "max": 210.244354248, "mean": 42.1777076721, "median": 37.3845024109, "min": 0.654773652554, "var": 765.432617188}, "mfcc": {"cov": [[18824.8828125, 489.262878418, -811.946228027, 1287.24401855, 1.03951394558, 538.640441895, -236.955963135, 240.940139771, -19.5318241119, 150.275924683, 65.9617462158, 16.0543441772, -10.3683376312], [489.262878418, 1298.98608398, 64.0667724609, 31.2387237549, 32.223651886, 4.89338064194, 124.471061707, 76.4461135864, 28.5961151123, 15.7177677155, -1.90147984028, 17.104177475, 2.97382044792], [-811.946228027, 64.0667724609, 598.301818848, 20.2535743713, 17.8526382446, -26.5435237885, 8.9603843689, -6.98532056808, -13.7113037109, -29.8478851318, 6.98884630203, -14.6400547028, 6.26766681671], [1287.24401855, 31.2387237549, 20.2535743713, 337.364074707, 100.674850464, 60.149597168, -52.1535568237, 17.9804782867, 19.7426891327, 0.723534107208, -2.65025234222, 1.7042671442, 15.231127739], [1.03951394558, 32.223651886, 17.8526382446, 100.674850464, 203.830337524, 60.1983642578, -5.53477478027, -1.15186452866, 31.2620639801, -1.82870709896, -5.32232522964, -3.39848780632, 2.49489593506], [538.640441895, 4.89338064194, -26.5435237885, 60.149597168, 60.1983642578, 176.843261719, 54.9791412354, 10.8437576294, 21.5894126892, -5.54965353012, 7.17314577103, -0.144899010658, -13.5234518051], [-236.955963135, 124.471061707, 8.9603843689, -52.1535568237, -5.53477478027, 54.9791412354, 170.034194946, 61.5364074707, 17.1630496979, -0.952243208885, -0.101252749562, 1.74773550034, -8.28562545776], [240.940139771, 76.4461135864, -6.98532056808, 17.9804782867, -1.15186452866, 10.8437576294, 61.5364074707, 107.363296509, 32.7272491455, 10.9187774658, -9.92874908447, -4.19446802139, 6.3459353447], [-19.5318241119, 28.5961151123, -13.7113037109, 19.7426891327, 31.2620639801, 21.5894126892, 17.1630496979, 32.7272491455, 100.173355103, 21.7355060577, -9.11641407013, -4.84604167938, -4.99168014526], [150.275924683, 15.7177677155, -29.8478851318, 0.723534107208, -1.82870709896, -5.54965353012, -0.952243208885, 10.9187774658, 21.7355060577, 71.6990814209, 22.0042190552, -5.82119941711, -9.19704151154], [65.9617462158, -1.90147984028, 6.98884630203, -2.65025234222, -5.32232522964, 7.17314577103, -0.101252749562, -9.92874908447, -9.11641407013, 22.0042190552, 62.672039032, 19.4792003632, -3.9646229744], [16.0543441772, 17.104177475, -14.6400547028, 1.7042671442, -3.39848780632, -0.144899010658, 1.74773550034, -4.19446802139, -4.84604167938, -5.82119941711, 19.4792003632, 56.6556892395, 24.8719654083], [-10.3683376312, 2.97382044792, 6.26766681671, 15.231127739, 2.49489593506, -13.5234518051, -8.28562545776, 6.3459353447, -4.99168014526, -9.19704151154, -3.9646229744, 24.8719654083, 61.1200637817]], "icov": [[0.000104145547084, -5.27789597982e-05, 0.000124745070934, -0.000370467314497, 0.000252970639849, -0.000348011672031, 0.000274340272881, -0.000299570034258, 0.000209334582905, -0.000167684964254, -3.00019455608e-05, -8.00996804173e-06, 7.39074239391e-05], [-5.27789597982e-05, 0.000896911660675, -0.000151064334204, 2.3368957045e-06, -0.000286114605842, 0.000484788615722, -0.000847393763252, -5.55664519197e-05, -9.83565405477e-05, -0.000172612257302, 0.000201658651349, -0.000441821146524, 0.00013102068624], [0.000124745070934, -0.000151064334204, 0.0019840488676, -0.000660661433358, 0.000100560762803, 0.000172685235157, -8.91257514013e-05, -8.2370628661e-05, 0.000167284131749, 0.000977610936388, -0.00113250722643, 0.00122096936684, -0.000389285414713], [-0.000370467314497, 2.3368957045e-06, -0.000660661433358, 0.00561403343454, -0.0024175089784, -0.000520351401065, 0.00166103686206, -0.000893829856068, -0.00054481375264, 0.000487391633214, 0.000130940781673, -9.41335820244e-05, -0.00101705535781], [0.000252970639849, -0.000286114605842, 0.000100560762803, -0.0024175089784, 0.00711731147021, -0.00252408115193, 0.000825120660011, 0.00037722630077, -0.00125708896667, -0.000173771404661, 0.000253171019722, 0.000522519578226, -0.000452374195447], [-0.000348011672031, 0.000484788615722, 0.000172685235157, -0.000520351401065, -0.00252408115193, 0.00957237649709, -0.00479964772239, 0.00241889595054, -0.00187322311103, 0.00220663379878, -0.00164227688219, 0.000267891737167, 0.00131207087543], [0.000274340272881, -0.000847393763252, -8.91257514013e-05, 0.00166103686206, 0.000825120660011, -0.00479964772239, 0.011430026032, -0.0068132551387, 0.000945030362345, 0.000248973403359, -0.00016995111946, -0.00117605668493, 0.00142641784623], [-0.000299570034258, -5.55664519197e-05, -8.2370628661e-05, -0.000893829856068, 0.00037722630077, 0.00241889595054, -0.0068132551387, 0.015594615601, -0.00412427354604, -0.00111032102723, 0.00153684581164, 0.00181495153811, -0.00298267742619], [0.000209334582905, -9.83565405477e-05, 0.000167284131749, -0.00054481375264, -0.00125708896667, -0.00187322311103, 0.000945030362345, -0.00412427354604, 0.0135724917054, -0.00500852800906, 0.00354331848212, -0.00166537752375, 0.00161442940589], [-0.000167684964254, -0.000172612257302, 0.000977610936388, 0.000487391633214, -0.000173771404661, 0.00220663379878, 0.000248973403359, -0.00111032102723, -0.00500852800906, 0.0200133789331, -0.00966525170952, 0.00505251903087, 0.000322076753946], [-3.00019455608e-05, 0.000201658651349, -0.00113250722643, 0.000130940781673, 0.000253171019722, -0.00164227688219, -0.00016995111946, 0.00153684581164, 0.00354331848212, -0.00966525170952, 0.0242578256875, -0.0112185999751, 0.00448606256396], [-8.00996804173e-06, -0.000441821146524, 0.00122096936684, -9.41335820244e-05, 0.000522519578226, 0.000267891737167, -0.00117605668493, 0.00181495153811, -0.00166537752375, 0.00505251903087, -0.0112185999751, 0.0277082305402, -0.0117704598233], [7.39074239391e-05, 0.00013102068624, -0.000389285414713, -0.00101705535781, -0.000452374195447, 0.00131207087543, 0.00142641784623, -0.00298267742619, 0.00161442940589, 0.000322076753946, 0.00448606256396, -0.0117704598233, 0.0227337349206]], "mean": [-658.674316406, 88.5434494019, -4.34095001221, 34.9764862061, 2.88187932968, 17.308298111, 1.46483874321, 14.4044141769, 4.88509750366, 7.62296247482, 2.44465327263, -0.223001927137, 0.365994215012]}, "pitch_salience": {"dmean": 0.0639805048704, "dmean2": 0.108113862574, "dvar": 0.00425275694579, "dvar2": 0.0125712435693, "max": 0.855991721153, "mean": 0.550882399082, "median": 0.555036664009, "min": 0.169036760926, "var": 0.00972191430628}, "silence_rate_20dB": {"dmean": 0, "dmean2": 0, "dvar": 0, "dvar2": 0, "max": 1, "mean": 1, "median": 1, "min": 1, "var": 0}, "silence_rate_30dB": {"dmean": 0.00190254731569, "dmean2": 0.00380549672991, "dvar": 0.00189892761409, "dvar2": 0.00527093047276, "max": 1, "mean": 0.998837471008, "median": 1, "min": 0, "var": 0.00116119335871}, "silence_rate_60dB": {"dmean": 0.0135292252526, "dmean2": 0.0270613115281, "dvar": 0.0133461849764, "dvar2": 0.0290774106979, "max": 1, "mean": 0.12005918473, "median": 0, "min": 0, "var": 0.105644978583}, "spectral_centroid": {"dmean": 264.320404053, "dmean2": 421.500549316, "dvar": 98172.15625, "dvar2": 246222.515625, "max": 10732.6894531, "mean": 2130.8984375, "median": 2235.20141602, "min": 169.167404175, "var": 616423.3125}, "spectral_complexity": {"dmean": 4.21477651596, "dmean2": 6.19957733154, "dvar": 28.1166439056, "dvar2": 53.4166183472, "max": 66, "mean": 22.2398014069, "median": 21, "min": 0, "var": 210.39112854}, "spectral_contrast_coeffs": {"dmean": [0.0452101975679, 0.0436765998602, 0.0382374860346, 0.0307768397033, 0.0198164302856, 0.018420657143], "dmean2": [0.0747943744063, 0.0708325728774, 0.0609288215637, 0.0504274480045, 0.0326307117939, 0.029021833092], "dvar": [0.00164956739172, 0.00131605134811, 0.000967736705206, 0.000650114438031, 0.000270202493994, 0.000314595090458], "dvar2": [0.00434657745063, 0.00347578153014, 0.00244396156631, 0.00167160562705, 0.000693496898748, 0.000729724823032], "max": [-0.374010682106, -0.431531131268, -0.485241860151, -0.588205933571, -0.584250092506, -0.563636243343], "mean": [-0.699757695198, -0.76472389698, -0.771313667297, -0.774183988571, -0.794082701206, -0.724166154861], "median": [-0.698681473732, -0.768474578857, -0.770583987236, -0.769855082035, -0.790098786354, -0.709834337234], "min": [-0.953081488609, -0.964786231518, -0.95779967308, -0.964518904686, -0.958513200283, -0.958868563175], "var": [0.0050865970552, 0.00594039820135, 0.00463479803875, 0.00367027171887, 0.00213839090429, 0.00364755862392]}, "spectral_contrast_valleys": {"dmean": [0.344808846712, 0.357245504856, 0.334982931614, 0.295460045338, 0.23951472342, 0.287087798119], "dmean2": [0.555805206299, 0.575522661209, 0.529786884785, 0.463905900717, 0.361311644316, 0.37325578928], "dvar": [0.104650691152, 0.104739114642, 0.101147308946, 0.102567836642, 0.101732954383, 0.125006645918], "dvar2": [0.232301712036, 0.228735789657, 0.219268605113, 0.218242928386, 0.200602710247, 0.209581807256], "max": [-5.34312438965, -5.22710895538, -5.3882727623, -5.57809638977, -5.27325534821, -7.3419303894], "mean": [-7.52740573883, -7.51233959198, -7.84308958054, -8.01289272308, -7.53606033325, -10.2748985291], "median": [-7.0022687912, -7.13159370422, -7.49801778793, -7.63259124756, -7.03932714462, -9.8869972229], "min": [-27.6325492859, -27.5427951813, -27.1872348785, -27.1813964844, -27.23320961, -27.2918224335], "var": [3.51516222954, 2.78332233429, 2.67292928696, 2.96452927589, 3.36491394043, 2.84998416901]}, "spectral_decrease": {"dmean": 1.9473471724e-09, "dmean2": 3.08307823715e-09, "dvar": 1.56538967842e-17, "dvar2": 3.90400827199e-17, "max": 9.04781364682e-29, "mean": -4.82709694438e-09, "median": -3.83312670493e-09, "min": -4.24946726696e-08, "var": 2.17777613588e-17}, "spectral_energy": {"dmean": 0.00785669218749, "dmean2": 0.0122050503269, "dvar": 0.000241924033617, "dvar2": 0.000583909859415, "max": 0.167853266001, "mean": 0.0203813500702, "median": 0.0163025222719, "min": 1.05099403744e-20, "var": 0.00037321812124}, "spectral_energyband_high": {"dmean": 0.000821067776997, "dmean2": 0.00121944886632, "dvar": 3.77399123863e-06, "dvar2": 8.86287580215e-06, "max": 0.0260496642441, "mean": 0.00180624029599, "median": 0.000753187690862, "min": 7.52456314878e-21, "var": 7.57601674195e-06}, "spectral_energyband_low": {"dmean": 0.00544678559527, "dmean2": 0.00937008485198, "dvar": 0.000167612175574, "dvar2": 0.000464899523649, "max": 0.129870012403, "mean": 0.00907583720982, "median": 0.00589099526405, "min": 1.30400474681e-22, "var": 0.000151881657075}, "spectral_energyband_middle_high": {"dmean": 0.00162154692225, "dmean2": 0.0024816475343, "dvar": 6.86754037815e-06, "dvar2": 1.55543330038e-05, "max": 0.0531272776425, "mean": 0.00529261725023, "median": 0.00324973184615, "min": 1.44686066624e-21, "var": 3.18669699482e-05}, "spectral_energyband_middle_low": {"dmean": 0.00236628460698, "dmean2": 0.00373465381563, "dvar": 2.77011768048e-05, "dvar2": 6.96230199537e-05, "max": 0.0796756893396, "mean": 0.00505258608609, "median": 0.00338668655604, "min": 2.63373797117e-22, "var": 3.80079618481e-05}, "spectral_entropy": {"dmean": 0.105097390711, "dmean2": 0.15911398828, "dvar": 0.0158897247165, "dvar2": 0.0325371511281, "max": 9.7844953537, "mean": 7.87363481522, "median": 7.92352962494, "min": 5.47876596451, "var": 0.159314841032}, "spectral_flux": {"dmean": 0.0199977960438, "dmean2": 0.0294335745275, "dvar": 0.000918470439501, "dvar2": 0.00167381507345, "max": 0.342210650444, "mean": 0.0718535557389, "median": 0.0631879270077, "min": 1.02518001033e-10, "var": 0.00267085316591}, "spectral_kurtosis": {"dmean": 1.13061690331, "dmean2": 1.94679272175, "dvar": 4.60194444656, "dvar2": 13.8173408508, "max": 77.9729690552, "mean": 3.19525170326, "median": 2.15222740173, "min": -1.22149002552, "var": 25.6689300537}, "spectral_rms": {"dmean": 0.000687972467858, "dmean2": 0.00102124654222, "dvar": 1.14011891128e-06, "dvar2": 2.53359871749e-06, "max": 0.0127968462184, "mean": 0.00398149387911, "median": 0.00398809462786, "min": 3.20212432958e-12, "var": 4.03194962928e-06}, "spectral_rolloff": {"dmean": 678.140014648, "dmean2": 1148.22277832, "dvar": 885327.875, "dvar2": 2465295, "max": 19358.3496094, "mean": 2602.16308594, "median": 2260.98632812, "min": 86.1328125, "var": 4558652.5}, "spectral_skewness": {"dmean": 0.164946332574, "dmean2": 0.269726514816, "dvar": 0.0356421805918, "dvar2": 0.0933037176728, "max": 7.39330053329, "mean": 1.09364807606, "median": 0.973149657249, "min": -0.231330022216, "var": 0.403927773237}, "spectral_spread": {"dmean": 410692.125, "dmean2": 605752.0625, "dvar": 317372432384, "dvar2": 524099125248, "max": 40445576, "mean": 4413919.5, "m