{"lowlevel": {"average_loudness": 0.921712756157, "barkbands": {"dmean": [4.19128846261e-05, 0.0104724559933, 0.00394491292536, 0.00283219059929, 0.00116556184366, 0.00061531807296, 0.000517315871548, 0.000703191384673, 0.000650440808386, 0.000587062328123, 0.000544807815459, 0.000760523718782, 0.000426691054599, 0.000381715391995, 0.000295133067993, 0.000233746730373, 0.000175057211891, 0.000137387061841, 0.000201217248105, 0.000138785588206, 9.44216590142e-05, 0.000106491577753, 0.000149097642861, 0.000287058326649, 0.000106105733721, 0.000168897546246, 3.08405797114e-05], "dmean2": [6.58858698444e-05, 0.0164742469788, 0.00720605067909, 0.00523080676794, 0.00200487999246, 0.000990375760011, 0.000796103908215, 0.0011198669672, 0.00100462231785, 0.000912874529604, 0.000855251564644, 0.00114291568752, 0.000674976385199, 0.000592302996665, 0.000465057208203, 0.000374978844775, 0.00028729083715, 0.000215167994611, 0.000329156231601, 0.000221378606511, 0.000140923031722, 0.000152578271809, 0.000224466682994, 0.000445147190476, 0.000152968903421, 0.00027322745882, 4.81293536723e-05], "dvar": [1.28093606833e-08, 0.000812334299553, 0.000165518926224, 0.000131776541821, 1.26099466797e-05, 1.1992204918e-06, 1.16076284939e-06, 3.12622796628e-06, 3.15560487252e-06, 3.7119159515e-06, 3.96310770157e-06, 6.17192335994e-06, 2.72169813798e-06, 1.42106046042e-06, 7.38402434308e-07, 3.25695566517e-07, 1.17693438995e-07, 8.40877945052e-08, 2.3183250164e-07, 8.19225505211e-08, 4.67478074029e-08, 9.00471377463e-08, 2.16889205262e-07, 1.06586298898e-06, 1.65281306863e-07, 1.38382290515e-07, 3.46828077369e-09], "dvar2": [3.01894758081e-08, 0.00189896684606, 0.00046628981363, 0.000374048744561, 3.38671416102e-05, 2.81174357042e-06, 2.74125636679e-06, 8.03026796348e-06, 7.42682959753e-06, 9.07534104044e-06, 9.28746521822e-06, 1.30739299493e-05, 6.20532455287e-06, 2.89918580165e-06, 1.83842496426e-06, 7.5816961953e-07, 2.99711444995e-07, 1.73124334424e-07, 5.76481284043e-07, 1.99126802158e-07, 9.80717231869e-08, 1.79253618171e-07, 4.85233897507e-07, 2.47206889981e-06, 3.25828040104e-07, 3.70014561213e-07, 8.49886561127e-09], "max": [0.00133913953323, 0.250103741884, 0.129467815161, 0.127439051867, 0.0460996478796, 0.0281788352877, 0.0273614097387, 0.0365721322596, 0.042732283473, 0.0603829473257, 0.0607603639364, 0.0642375200987, 0.051202300936, 0.0420965440571, 0.0406293421984, 0.0214056875557, 0.00797921791673, 0.0103780487552, 0.0189083684236, 0.00532139325514, 0.00508466549218, 0.00529161468148, 0.0193951427937, 0.0420256443322, 0.0310086142272, 0.00435426598415, 0.00157596473582], "mean": [4.18137606175e-05, 0.0105287954211, 0.00327764404938, 0.00207287445664, 0.00147411250509, 0.00119225855451, 0.00116279546637, 0.00116517324932, 0.00121963024139, 0.000954759889282, 0.000866485293955, 0.00134754413739, 0.000656677759252, 0.000619849306531, 0.000454745109892, 0.000313570519211, 0.000248208787525, 0.000220360976527, 0.000300243584206, 0.000223624680075, 0.000150983236381, 0.000141656040796, 0.000209844947676, 0.000394714646973, 0.000171836407389, 0.000184865901247, 3.97175499529e-05], "median": [6.5704057306e-06, 0.00199315021746, 0.000756520661525, 0.000394591479562, 0.000702144345269, 0.000652183429338, 0.000598693615757, 0.000330223236233, 0.000392681977246, 0.000211747857975, 0.000183055381058, 0.000220609799726, 0.000146969876369, 0.000211375765502, 0.000125399310491, 9.96240996756e-05, 0.000106664127088, 8.4034021711e-05, 9.4839342637e-05, 8.31920042401e-05, 4.14594178437e-05, 2.98298109556e-05, 3.95177703467e-05, 8.05337040219e-05, 4.20353026129e-05, 2.85340029222e-05, 5.76645015826e-06], "min": [8.36316805127e-25, 1.68395179209e-24, 1.78738210639e-24, 2.16690663776e-24, 7.45402873497e-24, 6.8599525756e-24, 8.00036461007e-24, 1.21450626831e-23, 1.59495163702e-23, 1.56088720318e-23, 2.35143627074e-23, 2.12595947141e-23, 3.75128856417e-23, 4.24102004056e-23, 3.87591628097e-23, 6.04041902289e-23, 5.0618465363e-23, 1.1126412276e-22, 1.37991727349e-22, 2.23471066829e-22, 2.2460985381e-22, 3.02721648955e-22, 4.416913745e-22, 5.82419969562e-22, 9.61083503436e-22, 1.34475222722e-21, 1.95867099621e-21], "var": [1.2943656813e-08, 0.000777006091084, 0.0001013220608, 7.75939406594e-05, 9.76273713604e-06, 3.03571664517e-06, 2.94628353004e-06, 5.90325907979e-06, 7.23114135326e-06, 6.8794965955e-06, 7.70051428844e-06, 1.79340750037e-05, 4.82097448185e-06, 2.45433011514e-06, 1.15804527923e-06, 5.17684384249e-07, 1.90289370039e-07, 2.28538510783e-07, 4.63717157118e-07, 1.46936130818e-07, 9.12362452254e-08, 1.3911143526e-07, 4.24012796429e-07, 1.84015493687e-06, 3.08377593683e-07, 1.40698176665e-07, 6.06667027725e-09]}, "barkbands_crest": {"dmean": 2.8722345829, "dmean2": 4.41852283478, "dvar": 9.4674282074, "dvar2": 19.7163391113, "max": 25.9477787018, "mean": 10.0576114655, "median": 8.98377227783, "min": 2.47629165649, "var": 21.5131263733}, "barkbands_flatness_db": {"dmean": 0.0227190293372, "dmean2": 0.034295655787, "dvar": 0.000566959031858, "dvar2": 0.00126561673824, "max": 0.498849660158, "mean": 0.126492217183, "median": 0.111114822328, "min": 0.0231072474271, "var": 0.00579106528312}, "barkbands_kurtosis": {"dmean": 2.95539402962, "dmean2": 4.68844556808, "dvar": 37.4553108215, "dvar2": 88.8040466309, "max": 110.075630188, "mean": 3.46037697792, "median": 1.38074421883, "min": -1.88490068913, "var": 47.463508606}, "barkbands_skewness": {"dmean": 0.614478647709, "dmean2": 0.917446017265, "dvar": 0.629175007343, "dvar2": 1.35807490349, "max": 9.73618507385, "mean": 1.20398449898, "median": 1.07040929794, "min": -4.65562820435, "var": 1.6204264164}, "barkbands_spread": {"dmean": 8.52368736267, "dmean2": 13.3725681305, "dvar": 121.542037964, "dvar2": 285.715148926, "max": 113.00692749, "mean": 26.015581131, "median": 22.2281913757, "min": 0.719571173191, "var": 299.060638428}, "dissonance": {"dmean": 0.0219391994178, "dmean2": 0.0369794815779, "dvar": 0.000537260435522, "dvar2": 0.00142532738391, "max": 0.500000059605, "mean": 0.451052337885, "median": 0.465346515179, "min": 0.0537610650063, "var": 0.00289819063619}, "dynamic_complexity": 3.72183728218, "erbbands": {"dmean": [0.189546272159, 2.74678945541, 5.26061630249, 6.64087247849, 7.74550104141, 2.70440244675, 3.70104598999, 5.41475439072, 5.02639389038, 12.6917476654, 15.3735275269, 13.0770759583, 16.6499710083, 18.8751277924, 22.8190002441, 26.944683075, 18.1960697174, 18.441034317, 13.9076814651, 15.1734580994, 11.676363945, 9.95758724213, 6.96728086472, 9.32865428925, 8.85107326508, 5.87123775482, 4.17822599411, 3.49853563309, 3.60642766953, 4.30379343033, 4.15909194946, 3.64778804779, 6.82348442078, 1.57745885849, 0.7110414505, 0.234797552228, 0.290038019419, 0.137154638767, 0.006438087672, 0.0002372241579], "dmean2": [0.286008834839, 4.3991560936, 9.2236995697, 12.2052783966, 14.0376157761, 4.54912948608, 5.99700689316, 8.72559738159, 7.66965818405, 19.7331829071, 24.1873569489, 20.1189689636, 25.6151733398, 29.4347190857, 33.9442253113, 40.230178833, 27.4273777008, 28.0194339752, 21.8940696716, 24.3336372375, 18.5810909271, 16.1435108185, 10.9706964493, 15.0146064758, 14.316034317, 9.21233940125, 6.2782793045, 5.18308830261, 5.19300031662, 6.2615852356, 6.21755361557, 5.38500261307, 10.6722555161, 2.27564740181, 1.05558812618, 0.339509367943, 0.473796874285, 0.223850056529, 0.0100449733436, 0.000359400408342], "dvar": [0.251127660275, 57.3005104065, 258.125915527, 596.773132324, 982.420715332, 35.9435424805, 49.5695571899, 110.879203796, 125.426574707, 777.442382813, 1541.72961426, 1548.24780273, 2301.52050781, 4397.30517578, 5974.50146484, 7768.36083984, 3574.72412109, 4386.59814453, 1582.45202637, 1402.30578613, 723.811401367, 341.285247803, 189.914916992, 495.959106445, 398.913665771, 147.473999023, 83.1763000488, 76.9672851563, 100.465446472, 130.255889893, 205.552688599, 534.155517578, 355.970245361, 35.05311203, 4.9727025032, 0.359324634075, 0.420272260904, 0.100299105048, 0.000152305306983, 1.91470618915e-07], "dvar2": [0.519483625889, 138.343490601, 700.458312988, 1692.140625, 2734.17675781, 96.0185852051, 121.285202026, 255.095031738, 280.163604736, 1902.50170898, 3875.63842773, 3692.03222656, 5704.84863281, 10890.4248047, 12886.5205078, 16007.4443359, 7840.37646484, 9032.72753906, 3865.46240234, 3442.53540039, 1591.37548828, 839.351379395, 404.032440186, 1188.98950195, 984.750854492, 345.388214111, 172.537124634, 159.222488403, 202.142776489, 275.079803467, 459.035339355, 1231.33850098, 858.053710938, 68.2978439331, 10.0791559219, 0.692192196846, 1.13574707508, 0.270650714636, 0.000380592449801, 4.29908084243e-07], "max": [4.63973665237, 67.3583526611, 145.265213013, 264.620788574, 421.981903076, 91.5598907471, 142.607177734, 337.499786377, 276.039978027, 644.953552246, 841.898193359, 1189.57336426, 2063.04711914, 2110.87890625, 2323.72558594, 3221.54907227, 1893.85412598, 2418.09790039, 1830.16052246, 995.976501465, 1271.72277832, 518.684570313, 586.175842285, 853.397338867, 514.207824707, 263.682983398, 328.640380859, 199.326599121, 189.389038086, 240.907104492, 680.511108398, 1232.4152832, 596.8671875, 432.51461792, 159.988494873, 31.8340950012, 8.60994148254, 3.52847409248, 0.278635978699, 0.0051259463653], "mean": [0.201231256127, 2.68261528015, 4.6605386734, 5.229845047, 6.25689554214, 4.2070555687, 7.01556539536, 10.5178699493, 11.8488750458, 25.3922386169, 27.5905914307, 24.2710418701, 29.9698352814, 32.5493354797, 38.3407974243, 49.2992897034, 33.2567863464, 31.4205245972, 23.8110675812, 24.2751560211, 16.5798149109, 15.3175115585, 11.5927600861, 14.7170410156, 14.2646303177, 10.1108760834, 7.41779613495, 5.08078813553, 4.85751104355, 5.8023519516, 5.91070127487, 5.60733413696, 8.24402713776, 2.52239155769, 1.09313070774, 0.376985639334, 0.30899515748, 0.134436652064, 0.00821660738438, 0.000321151106618], "median": [0.0293099284172, 0.520411491394, 1.35561132431, 1.27751278877, 1.56203496456, 2.3755300045, 3.47379589081, 5.68302440643, 6.54773235321, 11.6594610214, 9.00317573547, 8.6380815506, 9.6806640625, 9.77133846283, 9.46246814728, 9.15591144562, 8.65364837646, 10.2647972107, 8.14189624786, 8.0585975647, 5.91706943512, 6.95497655869, 5.24372339249, 4.97752857208, 4.82044649124, 3.79769873619, 2.25432658195, 1.25875282288, 1.11642551422, 1.09786891937, 1.09370303154, 1.08243894577, 1.43831515312, 0.605850100517, 0.251734793186, 0.0750222355127, 0.0479929633439, 0.0155924316496, 0.00120969233103, 6.61558588035e-05], "min": [7.58736326735e-23, 5.27563465737e-22, 2.05150707579e-21, 5.54713498399e-21, 1.41051145014e-20, 2.91755746271e-20, 6.34580201844e-20, 8.23109332976e-20, 1.75100939562e-19, 2.25099755365e-19, 3.47766969593e-19, 4.3130073433e-19, 5.65678990724e-19, 8.82818951902e-19, 1.38157856578e-18, 7.46946057689e-19, 1.76210687657e-18, 2.13187646271e-18, 2.81200152635e-18, 3.02326118005e-18, 3.56806838767e-18, 3.29492962709e-18, 5.2720443195e-18, 7.28459584295e-18, 8.79579774662e-18, 1.07132536917e-17, 1.13564503109e-17, 1.0836929601e-17, 1.08852303313e-17, 1.28299030001e-17, 1.13809050785e-17, 1.06854016933e-17, 9.27765361449e-18, 8.04082503846e-18, 6.17733477012e-18, 4.61961346957e-18, 2.47348530529e-18, 8.67773673933e-19, 2.47761712415e-19, 2.88362399366e-20], "var": [0.28182476759, 51.6781082153, 176.71774292, 354.916687012, 609.275634766, 39.2583732605, 128.108596802, 276.860137939, 310.964416504, 1687.85424805, 3079.93383789, 3320.18383789, 4374.31542969, 7403.49169922, 12590.1435547, 22917.6269531, 7793.30224609, 8218.77734375, 2539.17529297, 2458.62890625, 1228.08874512, 672.924316406, 472.533935547, 1153.27368164, 755.726745605, 287.437194824, 229.603912354, 120.031158447, 156.179794312, 221.073791504, 415.893127441, 880.921142578, 530.762634277, 67.0907821655, 9.27265930176, 0.876536726952, 0.40291711688, 0.0894296392798, 0.000249890988925, 3.44443151334e-07]}, "erbbands_crest": {"dmean": 2.65897488594, "dmean2": 4.23745727539, "dvar": 7.08401489258, "dvar2": 16.8927936554, "max": 31.0030345917, "mean": 9.88743114471, "median": 8.52486991882, "min": 2.38890981674, "var": 26.7351837158}, "erbbands_flatness_db": {"dmean": 0.020906502381, "dmean2": 0.029252436012, "dvar": 0.000398624717491, "dvar2": 0.000742105883546, "max": 0.532560944557, "mean": 0.147665664554, "median": 0.13345643878, "min": 0.0348919779062, "var": 0.00611834134907}, "erbbands_kurtosis": {"dmean": 1.23049032688, "dmean2": 1.90070462227, "dvar": 4.76365089417, "dvar2": 11.0641908646, "max": 77.5714111328, "mean": 1.54453837872, "median": 0.171959519386, "min": -1.85789036751, "var": 24.4488430023}, "erbbands_skewness": {"dmean": 0.399024933577, "dmean2": 0.60807287693, "dvar": 0.157515347004, "dvar2": 0.339323669672, "max": 6.42496919632, "mean": 0.472962379456, "median": 0.429438501596, "min": -4.62679815292, "var": 0.714508831501}, "erbbands_spread": {"dmean": 10.53058815, "dmean2": 15.678771019, "dvar": 155.691467285, "dvar2": 343.069946289, "max": 144.920135498, "mean": 38.6868667603, "median": 34.3640785217, "min": 0.620023429394, "var": 576.675048828}, "gfcc": {"cov": [[18530.1425781, -2086.8425293, -696.519775391, 1048.21520996, 563.214172363, 1100.30419922, -365.148010254, 271.4609375, -281.671508789, 96.7738723755, -156.118301392, 120.2918396, -102.918930054], [-2086.8425293, 2276.49169922, -127.019035339, -54.6413574219, -91.7972488403, -431.25881958, 174.962585449, 30.8772201538, 55.0038032532, -142.490936279, 52.8259010315, -105.970825195, 20.7628612518], [-696.519775391, -127.019035339, 1002.80456543, 56.240322113, -51.7085838318, -23.7281761169, 3.67270874977, -16.239862442, 102.993499756, -25.3970394135, -52.925327301, 41.753692627, -57.0436668396], [1048.21520996, -54.6413574219, 56.240322113, 618.409851074, 253.763717651, 118.497337341, -41.7978286743, 12.9484157562, 15.8374195099, -36.6784477234, -36.7550468445, 22.3252983093, -9.84877300262], [563.214172363, -91.7972488403, -51.7085838318, 253.763717651, 343.644470215, 142.772033691, -7.7132563591, 16.5514736176, -16.3310260773, -13.3184986115, -1.23384463787, 22.2353610992, -2.56019163132], [1100.30419922, -431.25881958, -23.7281761169, 118.497337341, 142.772033691, 353.168426514, 35.495388031, -7.39274930954, -27.0973091125, 34.0805435181, -9.56370544434, 24.5929660797, 15.7094116211], [-365.148010254, 174.962585449, 3.67270874977, -41.7978286743, -7.7132563591, 35.495388031, 204.225738525, -1.28062093258, 15.2855930328, 3.67372655869, -18.3642597198, -21.5556755066, 7.03893899918], [271.4609375, 30.8772201538, -16.239862442, 12.9484157562, 16.5514736176, -7.39274930954, -1.28062093258, 149.003082275, 33.0191764832, -13.333940506, 17.3736381531, -4.21292448044, 7.86745548248], [-281.671508789, 55.0038032532, 102.993499756, 15.8374195099, -16.3310260773, -27.0973091125, 15.2855930328, 33.0191764832, 127.42552948, 25.6255645752, -15.7912406921, 9.19048881531, -8.78426074982], [96.7738723755, -142.490936279, -25.3970394135, -36.6784477234, -13.3184986115, 34.0805435181, 3.67372655869, -13.333940506, 25.6255645752, 120.238044739, 33.1178321838, -5.29686117172, 1.43203353882], [-156.118301392, 52.8259010315, -52.925327301, -36.7550468445, -1.23384463787, -9.56370544434, -18.3642597198, 17.3736381531, -15.7912406921, 33.1178321838, 106.417320251, 15.715092659, 10.1413640976], [120.2918396, -105.970825195, 41.753692627, 22.3252983093, 22.2353610992, 24.5929660797, -21.5556755066, -4.21292448044, 9.19048881531, -5.29686117172, 15.715092659, 94.8047180176, 18.6529769897], [-102.918930054, 20.7628612518, -57.0436668396, -9.84877300262, -2.56019163132, 15.7094116211, 7.03893899918, 7.86745548248, -8.78426074982, 1.43203353882, 10.1413640976, 18.6529769897, 79.6002960205]], "icov": [[9.57991869655e-05, -1.0246477359e-05, 6.86936473357e-05, -0.000132301749545, 0.000103119702544, -0.000269895448582, 0.000177617068402, -0.000326987705193, 0.000318757578498, -0.000237984131672, 0.000321125029586, -0.000213155624806, 0.000281082437141], [-1.0246477359e-05, 0.000875592697412, 0.000117932977446, -0.000137416718644, -0.000170054932823, 0.00105736381374, -0.000934454437811, 0.000420548545662, -0.000801378628239, 0.00133961334359, -0.00120774994139, 0.00100312242284, -0.000540931650903], [6.86936473357e-05, 0.000117932977446, 0.00128971401136, -0.000251170888077, 0.000381640333217, -0.00014275945432, -3.44967083947e-05, 7.72400817368e-05, -0.000835936691146, 0.00042206409853, 0.000317375728628, -0.000666418985929, 0.00100297364406], [-0.000132301749545, -0.000137416718644, -0.000251170888077, 0.0027437438257, -0.00188300001901, -0.000113000169222, 0.000521775626112, 0.000480688526295, -0.000971770728938, 0.000726716185454, 0.000301640247926, 0.000237904590904, -0.000322137610056], [0.000103119702544, -0.000170054932823, 0.000381640333217, -0.00188300001901, 0.00508841266856, -0.00187940523028, 0.000240252265939, -0.000890626688488, 0.000849474279676, -3.92405308958e-05, 3.58658835466e-05, -0.00105447031092, 0.00115652463865], [-0.000269895448582, 0.00105736381374, -0.00014275945432, -0.000113000169222, -0.00187940523028, 0.00602378649637, -0.00248194974847, 0.00102962995879, -0.000160429743119, 4.84827796754e-05, -0.00104620878119, 0.000535706465598, -0.00188342214096], [0.000177617068402, -0.000934454437811, -3.44967083947e-05, 0.000521775626112, 0.000240252265939, -0.00248194974847, 0.00679515302181, -0.00070945173502, 0.000188137084479, -0.0013356206473, 0.00235199299641, 0.000205866366741, 0.000176908579306], [-0.000326987705193, 0.000420548545662, 7.72400817368e-05, 0.000480688526295, -0.000890626688488, 0.00102962995879, -0.00070945173502, 0.00948521960527, -0.00498096551746, 0.00399004202336, -0.00425108056515, 0.00279466994107, -0.00225898297504], [0.000318757578498, -0.000801378628239, -0.000835936691146, -0.000971770728938, 0.000849474279676, -0.000160429743119, 0.000188137084479, -0.00498096551746, 0.0135045824572, -0.00667524104938, 0.00541787547991, -0.00407436257228, 0.00231141177937], [-0.000237984131672, 0.00133961334359, 0.00042206409853, 0.000726716185454, -3.92405308958e-05, 4.84827796754e-05, -0.0013356206473, 0.00399004202336, -0.00667524104938, 0.0145521285012, -0.00743488036096, 0.00432314537466, -0.00161610019859], [0.000321125029586, -0.00120774994139, 0.000317375728628, 0.000301640247926, 3.58658835466e-05, -0.00104620878119, 0.00235199299641, -0.00425108056515, 0.00541787547991, -0.00743488036096, 0.0154810072854, -0.00513732107356, 0.00137794564944], [-0.000213155624806, 0.00100312242284, -0.000666418985929, 0.000237904590904, -0.00105447031092, 0.000535706465598, 0.000205866366741, 0.00279466994107, -0.00407436257228, 0.00432314537466, -0.00513732107356, 0.0148852001876, -0.00478043034673], [0.000281082437141, -0.000540931650903, 0.00100297364406, -0.000322137610056, 0.00115652463865, -0.00188342214096, 0.000176908579306, -0.00225898297504, 0.00231141177937, -0.00161610019859, 0.00137794564944, -0.00478043034673, 0.0155915189534]], "mean": [-9.57499599457, 71.9714355469, -97.2837677002, 11.1057367325, -50.4463348389, 11.7825174332, -31.7814788818, 13.6691474915, -19.3101081848, 5.432264328, -9.30752468109, -0.800774097443, -13.242307663]}, "hfc": {"dmean": 10.6809158325, "dmean2": 14.6511697769, "dvar": 366.412384033, "dvar2": 696.065612793, "max": 556.528076172, "mean": 25.6347885132, "median": 15.0303974152, "min": 1.10874369482e-16, "var": 998.510742188}, "melbands": {"dmean": [0.00239703152329, 0.00304898037575, 0.00127015844919, 0.000338838784955, 0.000118140516861, 0.000119360673125, 8.19563938421e-05, 0.000145557904034, 0.000122954821563, 8.51926815812e-05, 8.7819811597e-05, 8.16722749732e-05, 7.87443932495e-05, 8.14977538539e-05, 6.37472548988e-05, 3.93753289245e-05, 3.60686135537e-05, 2.50458706432e-05, 2.53153193626e-05, 1.70468538272e-05, 1.39474905154e-05, 1.15083012133e-05, 6.72413307257e-06, 7.03059095031e-06, 8.07791911939e-06, 7.76620527176e-06, 5.97642701905e-06, 3.81592371923e-06, 3.07885579787e-06, 2.35375591728e-06, 2.02291676032e-06, 1.95682810045e-06, 2.35315428654e-06, 2.73049545285e-06, 2.70610712505e-06, 2.16197213376e-06, 2.29513398153e-06, 5.12728774993e-06, 2.9042450933e-06, 1.10595624392e-06], "dmean2": [0.00369146489538, 0.00502096163109, 0.00233086571097, 0.000597296340857, 0.000192994310055, 0.000191610452021, 0.000125999038573, 0.00022755243117, 0.000193295374629, 0.000130815344164, 0.000134657035233, 0.000126718718093, 0.000121216973639, 0.000122639947222, 9.51766996877e-05, 6.11782961641e-05, 5.45893017261e-05, 3.94476701331e-05, 4.00063072448e-05, 2.74385620287e-05, 2.25359035539e-05, 1.88339217857e-05, 1.08946715045e-05, 1.08768663267e-05, 1.31561055241e-05, 1.2743802472e-05, 9.73378155322e-06, 6.01834381087e-06, 4.75636352348e-06, 3.53828818334e-06, 3.06290098706e-06, 2.87892771667e-06, 3.42241696671e-06, 4.142117632e-06, 4.15394151787e-06, 3.27471184391e-06, 3.51010521626e-06, 8.12462167232e-06, 4.377764526e-06, 1.61523860243e-06], "dvar": [4.12686167692e-05, 7.40632895031e-05, 2.24815394176e-05, 1.40175916385e-06, 4.51307045068e-08, 5.15236706633e-08, 2.79081060484e-08, 9.63977200286e-08, 9.4294783537e-08, 6.68417854399e-08, 6.27113436735e-08, 8.1330348678e-08, 7.47196935436e-08, 8.83108413063e-08, 4.11124361221e-08, 2.48687470616e-08, 1.82362658308e-08, 4.79439021817e-09, 5.16701792463e-09, 1.97709582039e-09, 1.14740894563e-09, 5.06600428274e-10, 1.6873685782e-10, 2.52961901426e-10, 4.00041527682e-10, 3.49068302041e-10, 1.75101683153e-10, 6.81847911466e-11, 5.61891713713e-11, 3.28973931429e-11, 2.92948894309e-11, 3.20008707033e-11, 4.46878853366e-11, 5.42867417685e-11, 7.29100807506e-11, 1.50410850441e-10, 2.77290579387e-10, 2.28800131619e-10, 6.33202101863e-11, 3.16713912041e-11], "dvar2": [9.15815326152e-05, 0.000186827004654, 6.34107782389e-05, 3.82268171961e-06, 1.12898042914e-07, 1.195181909e-07, 6.36300825363e-08, 2.40979005639e-07, 2.3440959751e-07, 1.58314804821e-07, 1.53281646931e-07, 2.00524553406e-07, 1.70542207911e-07, 1.88503648246e-07, 8.13858420656e-08, 5.28795460752e-08, 3.63028043182e-08, 1.11549525172e-08, 1.2640126279e-08, 4.78366235512e-09, 2.5602580056e-09, 1.24760635156e-09, 4.04532324305e-10, 4.64227267738e-10, 9.61074886341e-10, 8.71901495447e-10, 4.27869351061e-10, 1.57645493881e-10, 1.29095262258e-10, 7.24097101723e-11, 6.31467794721e-11, 6.70516905887e-11, 9.23450552137e-11, 1.27473073763e-10, 1.7429256649e-10, 3.31171007284e-10, 6.6531047338e-10, 5.72280112188e-10, 1.37306735426e-10, 7.12260667113e-11], "max": [0.0559765808284, 0.0709014683962, 0.0515505559742, 0.0151638640091, 0.00414435379207, 0.00673127593473, 0.00377561571077, 0.00591312721372, 0.00581454811618, 0.00814080424607, 0.0100599583238, 0.00925679784268, 0.00732725532725, 0.00935099180788, 0.00498344702646, 0.00551282893866, 0.00475212745368, 0.00230664620176, 0.0028039291501, 0.00152939721011, 0.00129112275317, 0.000712126435246, 0.000440410425654, 0.000793562328909, 0.000774658052251, 0.000729745312128, 0.000324996595737, 0.000217743392568, 0.000332332740072, 0.000184785836609, 0.000140659569297, 0.000101242796518, 0.000148697305121, 0.000181855662959, 0.00033559644362, 0.000721548276488, 0.000781075970735, 0.000584420107771, 0.000289353687549, 0.000467633886728], "mean": [0.00248379795812, 0.00297125917859, 0.000995412352495, 0.000351152819348, 0.00023280827736, 0.000237831147388, 0.000192987543414, 0.000280320295133, 0.00022289348999, 0.000152153879753, 0.000154789304361, 0.000136331727845, 0.00012833494111, 0.000133184075821, 0.0001163801644, 6.36345357634e-05, 5.67109673284e-05, 3.85771381843e-05, 3.81988247682e-05, 2.43119211518e-05, 1.7651307644e-05, 1.66851314134e-05, 9.90370517684e-06, 1.13032519948e-05, 1.19376545626e-05, 1.17251838674e-05, 9.18447130971e-06, 6.10735105511e-06, 4.98908184454e-06, 3.52927509084e-06, 2.66279675998e-06, 2.51941992246e-06, 3.04656509797e-06, 3.49889182871e-06, 3.56415853275e-06, 3.1103843412e-06, 3.35842514687e-06, 6.04759998168e-06, 3.79796892958e-06, 1.69783436377e-06], "median": [0.000425667647505, 0.00087986321887, 0.000243058253545, 0.000144003133755, 0.000123575446196, 0.000131506298203, 0.000107870815555, 0.000120932709251, 7.17092625564e-05, 4.75675333291e-05, 4.54196961073e-05, 3.75661620637e-05, 2.89687050099e-05, 2.057655729e-05, 1.93736595975e-05, 1.68327787833e-05, 1.74018896359e-05, 1.13908317871e-05, 1.05077106127e-05, 7.58683427193e-06, 5.42705583939e-06, 7.01311455487e-06, 4.3659633775e-06, 4.42650980403e-06, 3.61020556738e-06, 3.66171298083e-06, 3.20995354741e-06, 1.91515118786e-06, 1.44673174418e-06, 7.83665200288e-07, 6.05609784543e-07, 5.26337089468e-07, 6.2605374751e-07, 6.36714162283e-07, 6.3575492959e-07, 4.73444401905e-07, 5.44328941032e-07, 1.00194426977e-06, 7.50940671423e-07, 4.01968350161e-07], "min": [9.17282234387e-25, 1.17382325203e-24, 1.10121915672e-24, 1.36258869336e-24, 3.59530575632e-24, 2.03617779184e-24, 2.57500055568e-24, 2.20085230859e-24, 2.66813998226e-24, 2.25137155261e-24, 2.58189283341e-24, 2.86055972312e-24, 3.84370227815e-24, 2.30303661709e-24, 2.59298382331e-24, 4.63509108815e-24, 3.8990207547e-24, 4.38325158289e-24, 2.88340848759e-24, 4.59800831471e-24, 3.08789484208e-24, 3.03793904196e-24, 2.46800064579e-24, 4.60966570674e-24, 4.92658150351e-24, 5.72300955697e-24, 5.91865376678e-24, 6.28818303605e-24, 5.12361963054e-24, 5.18188726359e-24, 5.39865559072e-24, 6.22625982158e-24, 5.78750209141e-24, 6.99630402763e-24, 5.13864348648e-24, 6.78941894435e-24, 6.00558505524e-24, 6.08188802073e-24, 5.60823463399e-24, 6.76446569619e-24], "var": [4.26063779742e-05, 6.12266521784e-05, 1.34942547447e-05, 9.52333834903e-07, 1.16420110885e-07, 1.2737385191e-07, 6.98664166521e-08, 2.05557199706e-07, 2.09974174936e-07, 1.3636042695e-07, 1.25021827557e-07, 1.3296281054e-07, 1.44639358268e-07, 2.12996738469e-07, 1.45887923964e-07, 4.90857630098e-08, 3.04832710185e-08, 8.07508548917e-09, 8.49115355805e-09, 3.14576475979e-09, 1.78586578858e-09, 1.03754982383e-09, 2.96981134129e-10, 7.59041440812e-10, 8.78901507129e-10, 7.15864700851e-10, 2.98474800431e-10, 1.36772121406e-10, 1.2968412455e-10, 5.99744490182e-11, 4.00798179367e-11, 4.56997772957e-11, 6.77327291476e-11, 8.1487983028e-11, 1.31110206025e-10, 2.62214416846e-10, 4.12424455698e-10, 3.13848225186e-10, 1.14695065945e-10, 4.2925801802e-11]}, "melbands_crest": {"dmean": 3.03563714027, "dmean2": 4.84402608871, "dvar": 10.4489574432, "dvar2": 23.0151672363, "max": 31.5075931549, "mean": 13.2667455673, "median": 12.3299674988, "min": 1.490904212, "var": 28.0237560272}, "melbands_flatness_db": {"dmean": 0.028109613806, "dmean2": 0.0419626794755, "dvar": 0.00105292303488, "dvar2": 0.00228108791634, "max": 0.594946444035, "mean": 0.197114855051, "median": 0.180797502398, "min": 0.00239767832682, "var": 0.00861050840467}, "melbands_kurtosis": {"dmean": 9.54084682465, "dmean2": 14.873087883, "dvar": 523.151550293, "dvar2": 1191.02124023, "max": 389.871398926, "mean": 12.8645458221, "median": 5.20164489746, "min": -1.85939264297, "var": 644.304321289}, "melbands_skewness": {"dmean": 0.90530538559, "dmean2": 1.31840240955, "dvar": 1.69636940956, "dvar2": 3.39551258087, "max": 15.8766508102, "mean": 2.24302840233, "median": 1.84783959389, "min": -3.36174941063, "var": 4.36864280701}, "melbands_spread": {"dmean": 8.98288536072, "dmean2": 14.0276708603, "dvar": 198.044647217, "dvar2": 436.307952881, "max": 248.365097046, "mean": 26.9604320526, "median": 22.7750759125, "min": 1.13627362251, "var": 536.250610352}, "mfcc": {"cov": [[11137.1992188, -1186.1739502, -793.117858887, 15.0526647568, 867.389770508, 693.855407715, 573.60736084, 260.953979492, 106.927726746, 160.510055542, -45.7617950439, 16.2728691101, 57.4688644409], [-1186.1739502, 1508.79748535, -32.6741218567, 210.937789917, -155.814880371, -237.883056641, -47.1091957092, 47.0674133301, -21.2652893066, 5.38414144516, 26.3911590576, 4.91043901443, 4.12961053848], [-793.117858887, -32.6741218567, 856.052307129, 75.4389266968, -62.4917907715, -30.5153064728, -126.084815979, 10.1600313187, 41.5532226563, -31.8768177032, 51.397190094, 17.4821014404, -13.9626893997], [15.0526647568, 210.937789917, 75.4389266968, 450.894470215, 154.463928223, 60.6296386719, -37.8866615295, 79.6060562134, 22.2540187836, -39.1297569275, 15.5353050232, 16.1757965088, -2.50633430481], [867.389770508, -155.814880371, -62.4917907715, 154.463928223, 357.832427979, 116.509780884, 58.0188827515, 68.665435791, 5.21855831146, -13.662522316, -2.69662499428, 12.9708776474, 17.262178421], [693.855407715, -237.883056641, -30.5153064728, 60.6296386719, 116.509780884, 332.670074463, 94.5561981201, 39.2179946899, 39.7347068787, 1.09110784531, -12.1281280518, 32.6303062439, 6.24690628052], [573.60736084, -47.1091957092, -126.084815979, -37.8866615295, 58.0188827515, 94.5561981201, 194.900009155, 36.7470703125, -2.81638669968, 36.1940765381, -26.720331192, -9.87044811249, 20.0091972351], [260.953979492, 47.0674133301, 10.1600313187, 79.6060562134, 68.665435791, 39.2179946899, 36.7470703125, 161.033233643, 53.3462371826, -9.64622974396, 4.0544719696, -6.82863855362, 0.251090228558], [106.927726746, -21.2652893066, 41.5532226563, 22.2540187836, 5.21855831146, 39.7347068787, -2.81638669968, 53.3462371826, 122.945068359, 23.7156486511, 8.02462768555, 4.98173904419, -10.4632234573], [160.510055542, 5.38414144516, -31.8768177032, -39.1297569275, -13.662522316, 1.09110784531, 36.1940765381, -9.64622974396, 23.7156486511, 117.909553528, 23.9860038757, -5.27788066864, 2.12492132187], [-45.7617950439, 26.3911590576, 51.397190094, 15.5353050232, -2.69662499428, -12.1281280518, -26.720331192, 4.0544719696, 8.02462768555, 23.9860038757, 107.60634613, 22.4438076019, -2.9498231411], [16.2728691101, 4.91043901443, 17.4821014404, 16.1757965088, 12.9708776474, 32.6303062439, -9.87044811249, -6.82863855362, 4.98173904419, -5.27788066864, 22.4438076019, 110.046676636, 20.0600643158], [57.4688644409, 4.12961053848, -13.9626893997, -2.50633430481, 17.262178421, 6.24690628052, 20.0091972351, 0.251090228558, -10.4632234573, 2.12492132187, -2.9498231411, 20.0600643158, 84.0763320923]], "icov": [[0.000141036638524, 6.4642255893e-05, 8.16242900328e-05, 4.14407659264e-05, -0.000242629670538, -9.36901342357e-05, -0.000185547687579, -9.85823717201e-05, -3.98204101657e-05, -0.000124908649013, -2.6293882911e-05, -1.09836610136e-05, 1.63416007126e-05], [6.4642255893e-05, 0.000998227624223, 0.000170838786289, -0.000751683081035, 0.000550572061911, 0.000705816724803, -0.000381321355235, -0.000440130592324, 0.000181902796612, -0.000231775979046, -7.65328659327e-05, -0.000298586935969, -6.36195181869e-05], [8.16242900328e-05, 0.000170838786289, 0.00142853951547, -0.000247437652433, 0.000211616716115, -5.36250336154e-05, 0.000572498422116, -0.000210000653169, -0.0003758452076, 0.000197192610358, -0.000514663930517, -3.67041466234e-05, -7.0462054282e-05], [4.14407659264e-05, -0.000751683081035, -0.000247437652433, 0.00365796894766, -0.0017619188875, -0.000977188465185, 0.00129729742184, -0.00090799620375, -6.25464645054e-06, 0.000487368990434, -0.000132075889269, 0.000107634528831, 0.000161461066455], [-0.000242629670538, 0.000550572061911, 0.000211616716115, -0.0017619188875, 0.00481550581753, -0.000250105542364, -0.000488515011966, -0.00104127859231, 0.000788190343883, 0.000275918864645, -0.000158940601978, -0.000248676195042, -0.000584449619055], [-9.36901342357e-05, 0.000705816724803, -5.36250336154e-05, -0.000977188465185, -0.000250105542364, 0.00491778692231, -0.002373683732, 0.000313795288093, -0.0014030393213, 0.000603134627454, 0.000197512898012, -0.00151185726281, 0.000419064308517], [-0.000185547687579, -0.000381321355235, 0.000572498422116, 0.00129729742184, -0.000488515011966, -0.002373683732, 0.00893588550389, -0.00234133680351, 0.0019472806016, -0.00282045919448, 0.00185343215708, 0.000831165059935, -0.00138333626091], [-9.85823717201e-05, -0.000440130592324, -0.000210000653169, -0.00090799620375, -0.00104127859231, 0.000313795288093, -0.00234133680351, 0.00955742225051, -0.0044589182362, 0.00234541646205, -0.0010767740896, 0.0011819624342, -0.000187769488548], [-3.98204101657e-05, 0.000181902796612, -0.0003758452076, -6.25464645054e-06, 0.000788190343883, -0.0014030393213, 0.0019472806016, -0.0044589182362, 0.0114714317024, -0.00342780048959, 0.000732741376851, -0.000767106364947, 0.00117096235044], [-0.000124908649013, -0.000231775979046, 0.000197192610358, 0.000487368990434, 0.000275918864645, 0.000603134627454, -0.00282045919448, 0.00234541646205, -0.00342780048959, 0.0113952420652, -0.0033928307239, 0.00107037671842, -0.000382200727472], [-2.6293882911e-05, -7.65328659327e-05, -0.000514663930517, -0.000132075889269, -0.000158940601978, 0.000197512898012, 0.00185343215708, -0.0010767740896, 0.000732741376851, -0.0033928307239, 0.0113176070154, -0.00245871511288, 0.000673052272759], [-1.09836610136e-05, -0.000298586935969, -3.67041466234e-05, 0.000107634528831, -0.000248676195042, -0.00151185726281, 0.000831165059935, 0.0011819624342, -0.000767106364947, 0.00107037671842, -0.00245871511288, 0.0108169270679, -0.00280829286203], [1.63416007126e-05, -6.36195181869e-05, -7.0462054282e-05, 0.000161461066455, -0.000584449619055, 0.000419064308517, -0.00138333626091, -0.000187769488548, 0.00117096235044, -0.000382200727472, 0.000673052272759, -0.00280829286203, 0.0131466975436]], "mean": [-659.143493652, 116.578598022, 8.67469215393, 9.15252494812, 5.56699132919, -2.73616337776, 4.73372602463, 2.34211778641, -1.09004604816, 7.05566883087, 2.59234428406, 2.4225165844, 3.34158658981]}, "pitch_salience": {"dmean": 0.0770259648561, "dmean2": 0.119605742395, "dvar": 0.00665421690792, "dvar2": 0.0145669272169, "max": 0.984953999519, "mean": 0.532727301121, "median": 0.544954538345, "min": 0.0906446203589, "var": 0.014816547744}, "silence_rate_20dB": {"dmean": 0, "dmean2": 0, "dvar": 0, "dvar2": 0, "max": 1, "mean": 1, "median": 1, "min": 1, "var": 0}, "silence_rate_30dB": {"dmean": 0.0791675746441, "dmean2": 0.158346667886, "dvar": 0.072907589376, "dvar2": 0.146208703518, "max": 1, "mean": 0.922875463963, "median": 1, "min": 0, "var": 0.0711635500193}, "silence_rate_60dB": {"dmean": 0.0165902636945, "dmean2": 0.0331829413772, "dvar": 0.016314515844, "dvar2": 0.037609860301, "max": 1, "mean": 0.082799769938, "median": 0, "min": 0, "var": 0.0759306177497}, "spectral_centroid": {"dmean": 275.168914795, "dmean2": 439.47479248, "dvar": 120938.726563, "dvar2": 308098.5625, "max": 11735.4257813, "mean": 1432.74145508, "median": 1350.42236328, "min": 261.736907959, "var": 627816.8125}, "spectral_complexity": {"dmean": 3.96390891075, "dmean2": 6.00407505035, "dvar": 29.3974208832, "dvar2": 60.0737533569, "max": 59, "mean": 17.1129226685, "median": 16, "min": 0, "var": 83.6455383301}, "spectral_contrast_coeffs": {"dmean": [0.0512247569859, 0.040952231735, 0.0396728888154, 0.0326720550656, 0.0244934577495, 0.018494579941], "dmean2": [0.0845462232828, 0.0665394440293, 0.063158467412, 0.052316352725, 0.0382957756519, 0.0290975831449], "dvar": [0.00238379160874, 0.0011648167856, 0.00111864786595, 0.000748035905417, 0.000443519384135, 0.000320126564475], "dvar2": [0.00585586531088, 0.00303421076387, 0.00263541634195, 0.00175580941141, 0.00100340729114, 0.000757457921281], "max": [-0.371573388577, -0.416330039501, -0.408869922161, -0.49325633049, -0.532335877419, -0.574829876423], "mean": [-0.684031665325, -0.720246255398, -0.73868471384, -0.758762478828, -0.774064540863, -0.799152553082], "median": [-0.690244555473, -0.724434971809, -0.750998497009, -0.765706896782, -0.776918411255, -0.799723744392], "min": [-0.981232643127, -0.976184248924, -0.977823019028, -0.97177696228, -0.96765089035, -0.964088320732], "var": [0.0049790921621, 0.00522582791746, 0.00644297199324, 0.00418381718919, 0.00284317741171, 0.00143087876495]}, "spectral_contrast_valleys": {"dmean": [0.432914286852, 0.310917198658, 0.322614341974, 0.318947285414, 0.323139339685, 0.374955952168], "dmean2": [0.679951310158, 0.50704318285, 0.513583242893, 0.487144500017, 0.464869618416, 0.475793153048], "dvar": [0.157577946782, 0.079567655921, 0.0930295959115, 0.106840535998, 0.149987861514, 0.152270898223], "dvar2": [0.322048723698, 0.18531049788, 0.215047433972, 0.223155885935, 0.300922811031, 0.237847477198], "max": [-5.17087936401, -4.72329282761, -5.22468948364, -5.75349140167, -5.43621873856, -7.19984006882], "mean": [-7.56320953369, -6.91440486908, -7.66341400146, -8.0891046524, -8.06996536255, -10.1651611328], "median": [-7.21430873871, -6.70393657684, -7.41009235382, -7.83629989624, -7.8492193222, -9.82321357727], "min": [-27.9726524353, -28.1649951935, -27.892906189, -27.4850578308, -27.4190788269, -27.3631420135], "var": [2.91262960434, 2.23706388474, 2.41662621498, 2.69444417953, 2.86353230476, 2.97912573814]}, "spectral_decrease": {"dmean": 4.42152892077e-09, "dmean2": 6.41100594834e-09, "dvar": 9.64799378982e-17, "dvar2": 2.06996786684e-16, "max": 1.11887465861e-28, "mean": -7.23580040329e-09, "median": -3.69819863622e-09, "min": -9.1214040765e-08, "var": 1.22362882486e-16}, "spectral_energy": {"dmean": 0.0173613708466, "dmean2": 0.0248427838087, "dvar": 0.00140756275505, "dvar2": 0.00298147904687, "max": 0.354780882597, "mean": 0.0296347402036, "median": 0.015694078058, "min": 1.02349189766e-20, "var": 0.00187076011207}, "spectral_energyband_high": {"dmean": 0.000807967153378, "dmean2": 0.00115482031833, "dvar": 3.50796085513e-06, "dvar2": 6.81940582581e-06, "max": 0.0632082298398, "mean": 0.00139581121039, "median": 0.000421044154791, "min": 7.06046554973e-21, "var": 8.56605493027e-06}, "spectral_energyband_low": {"dmean": 0.0134201133624, "dmean2": 0.0202952325344, "dvar": 0.00120103894733, "dvar2": 0.00267398147844, "max": 0.302412092686, "mean": 0.0148494467139, "median": 0.00413007289171, "min": 2.14107751735e-23, "var": 0.00128223747015}, "spectral_energyband_middle_high": {"dmean": 0.00230730860494, "dmean2": 0.00341078173369, "dvar": 1.89933070942e-05, "dvar2": 4.15300637542e-05, "max": 0.0789294168353, "mean": 0.0060435924679, "median": 0.00288561335765, "min": 1.17019369196e-21, "var": 7.05346319592e-05}, "spectral_energyband_middle_low": {"dmean": 0.00522752525285, "dmean2": 0.00898975040764, "dvar": 0.000217655033339, "dvar2": 0.000602904881816, "max": 0.177430257201, "mean": 0.00842566974461, "median": 0.00514922477305, "min": 2.02855253611e-22, "var": 0.000163084070664}, "spectral_entropy": {"dmean": 0.181372627616, "dmean2": 0.263712763786, "dvar": 0.033565543592, "dvar2": 0.0683544874191, "max": 9.81798458099, "mean": 7.53559398651, "median": 7.6516623497, "min": 4.18139028549, "var": 0.558259606361}, "spectral_flux": {"dmean": 0.0364666767418, "dmean2": 0.0528859235346, "dvar": 0.00312587991357, "dvar2": 0.00554359750822, "max": 0.531259179115, "mean": 0.0921634733677, "median": 0.0623032450676, "min": 6.55162521457e-11, "var": 0.0076544797048}, "spectral_kurtosis": {"dmean": 2.1623980999, "dmean2": 3.38269472122, "dvar": 29.449180603, "dvar2": 66.9934616089, "max": 186.550827026, "mean": 8.5527639389, "median": 4.30443286896, "min": -1.45955133438, "var": 427.182800293}, "spectral_rms": {"dmean": 0.00113492785022, "dmean2": 0.0014995659003, "dvar": 3.44603404301e-06, "dvar2": 6.12101257502e-06, "max": 0.0186045076698, "mean": 0.00455649662763, "median": 0.00391296483576, "min": 3.15995038296e-12, "var": 8.15031125967e-06}, "spectral_rolloff": {"dmean": 1034.16162109, "dmean2": 1772.234375, "dvar": 4888751.5, "dvar2": 12046345, "max": 19530.6152344, "mean": 2055.69750977, "median": 1248.92578125, "min": 64.599609375, "var": 7305801.5}, "spectral_skewness": {"dmean": 0.243311882019, "dmean2": 0.371922880411, "dvar": 0.115557037294, "dvar2": 0.246070802212, "max": 11.594830513, "mean": 1.9430141449, "median": 1.70279633999, "min": -0.280985087156, "var": 2.10960221291}, "spectral_spread": {"dmean": 1047564.9375, "dmean2": 1568119.5, "dvar": 1603072557060.0, "dvar2": 3484053929980.0, "max": 42242436, "mean": 5621523.5, "median": 5136925, "min": 517368, "var": 9034058956800.0}, "spectral_strongpeak": {"dmean": 0