{"lowlevel": {"average_loudness": 0.937992334366, "barkbands": {"dmean": [5.73745319343e-06, 0.00133604882285, 0.000827944255434, 0.000647147069685, 0.0022804744076, 0.00211263354868, 0.00158385885879, 0.0006735190982, 0.000739888986573, 0.000446358812042, 0.000461741146864, 0.000186488381587, 0.000205111078685, 0.000244255672442, 8.67543931236e-05, 6.61367521388e-05, 9.22107647057e-05, 0.000103924969153, 5.18970700796e-05, 7.07328945282e-05, 4.18012496084e-05, 6.04560591455e-05, 5.10033241881e-05, 3.93554801121e-05, 5.73011056986e-05, 2.10848811548e-05, 8.05299123385e-07], "dmean2": [9.22614344745e-06, 0.00188569980673, 0.00125601131003, 0.000957088137511, 0.00338072073646, 0.0032013177406, 0.00219786632806, 0.000963778991718, 0.00108879967593, 0.000678679964039, 0.000709877465852, 0.000287071656203, 0.000310482108034, 0.000359887373634, 0.000126187995193, 9.54425922828e-05, 0.000134662870551, 0.000155845249537, 7.63649004512e-05, 0.000103494094219, 6.27768022241e-05, 8.81557207322e-05, 7.47057274566e-05, 5.65096561331e-05, 8.46141119837e-05, 3.27834059135e-05, 1.37083225127e-06], "dvar": [2.61532107082e-09, 1.02413760033e-05, 3.17828039442e-06, 1.51890219513e-06, 1.22258516058e-05, 1.16588398669e-05, 8.17350064608e-06, 2.46754325417e-06, 2.93627977044e-06, 1.22645064948e-06, 1.30754619931e-06, 3.53969824118e-07, 2.67434103307e-07, 3.80733922611e-07, 4.6959389266e-08, 2.94091169195e-08, 1.13092369247e-07, 4.47750423405e-08, 1.21421894761e-08, 2.58602508296e-08, 4.29553494996e-08, 1.32758671612e-07, 3.579294372e-08, 3.85663092572e-08, 7.8959139671e-08, 2.6215902782e-09, 4.29951950778e-12], "dvar2": [5.96629945449e-09, 2.33613791352e-05, 7.332637324e-06, 3.43471128872e-06, 2.88431128865e-05, 2.65564121946e-05, 1.49701563714e-05, 5.09427900397e-06, 6.35962123852e-06, 2.72939973911e-06, 2.94433129966e-06, 7.9121247154e-07, 5.97216228471e-07, 8.10744722912e-07, 9.18913301007e-08, 5.80187382582e-08, 2.49236620675e-07, 9.80027863307e-08, 2.53432261843e-08, 5.55174253236e-08, 9.94275524135e-08, 2.96832610047e-07, 7.45196970797e-08, 8.34948039596e-08, 1.67290906461e-07, 5.76517944495e-09, 1.14635167678e-11], "max": [0.00197014189325, 0.0687506645918, 0.0253435596824, 0.0334646515548, 0.0857607200742, 0.0654442459345, 0.0544075481594, 0.0373821184039, 0.03828221187, 0.0247789863497, 0.0305314380676, 0.0171341691166, 0.01027341187, 0.00913446955383, 0.00622621085495, 0.0060793319717, 0.0146864773706, 0.00723550375551, 0.00327339489013, 0.00475174281746, 0.0059714904055, 0.0196279454976, 0.00478435726836, 0.00653364602476, 0.00791079271585, 0.00159629399423, 4.13607522205e-05], "mean": [6.23625919616e-06, 0.00315492739901, 0.00148223049473, 0.00178020214662, 0.00627090176567, 0.00489778257906, 0.00392336025834, 0.00154659384862, 0.00174475682434, 0.0010149924783, 0.000786436838098, 0.000348472502083, 0.000350758753484, 0.000377631222364, 0.000171594874701, 0.000148905412061, 0.000257891486399, 0.000312387826853, 0.000131438937387, 0.000174547283677, 5.99475351919e-05, 8.86225461727e-05, 7.66866505728e-05, 5.76940874453e-05, 8.06378229754e-05, 2.56626753981e-05, 7.07387584953e-07], "median": [1.38983909892e-06, 0.000676971685607, 0.000409672880778, 0.000336132216034, 0.00399205787107, 0.00248977425508, 0.0012361878762, 0.000308013986796, 0.000398719974328, 0.000163243414136, 0.000149006198626, 6.18469930487e-05, 7.81658454798e-05, 0.000112625901238, 3.54786498065e-05, 3.67812353943e-05, 3.84289633075e-05, 9.48294400587e-05, 4.20582691731e-05, 5.22455084138e-05, 1.05651906779e-05, 1.09982538561e-05, 2.09884437936e-05, 1.63987388078e-05, 1.70127041201e-05, 7.46839805288e-06, 1.25579092014e-07], "min": [8.46938028355e-25, 2.53924669733e-23, 6.47594218669e-24, 8.90555015551e-24, 1.12912737922e-23, 1.84920623994e-23, 3.71273945609e-23, 3.10011985897e-23, 1.7110462454e-23, 2.65050637723e-23, 7.11441401785e-23, 5.99452057107e-23, 6.58450080684e-23, 5.30728893182e-23, 1.40269528503e-22, 1.03433106864e-22, 1.31238585751e-22, 2.0491998659e-22, 1.90874400214e-22, 2.8795659619e-22, 4.0333996127e-22, 4.80801002966e-22, 4.42156360672e-22, 7.714989476e-22, 1.33283505068e-21, 1.48310282949e-21, 2.1420597249e-21], "var": [2.90953305893e-09, 3.67139728041e-05, 6.32331148154e-06, 9.93868434307e-06, 5.26899202669e-05, 4.63437754661e-05, 4.56125308119e-05, 1.18478983495e-05, 1.33180983539e-05, 6.12487383478e-06, 3.4299298477e-06, 1.02127887658e-06, 6.29182750345e-07, 5.70785459786e-07, 1.9470635948e-07, 1.19519910413e-07, 7.49662831367e-07, 3.35805964369e-07, 5.79974184234e-08, 1.09947102089e-07, 6.4141339351e-08, 2.52540928614e-07, 6.64882549017e-08, 5.75510199496e-08, 1.3856724479e-07, 4.6764907502e-09, 3.59303559128e-12]}, "barkbands_crest": {"dmean": 2.3188149929, "dmean2": 3.55606269836, "dvar": 4.20955467224, "dvar2": 9.89389419556, "max": 24.8552894592, "mean": 11.5091581345, "median": 10.9519672394, "min": 3.50242137909, "var": 15.3092689514}, "barkbands_flatness_db": {"dmean": 0.0211606808007, "dmean2": 0.0302329212427, "dvar": 0.000450658699265, "dvar2": 0.000912341522053, "max": 0.441439419985, "mean": 0.185604169965, "median": 0.181443929672, "min": 0.050010740757, "var": 0.00233846670017}, "barkbands_kurtosis": {"dmean": 4.10154151917, "dmean2": 6.31785202026, "dvar": 42.9337844849, "dvar2": 106.969833374, "max": 142.353988647, "mean": 9.31725311279, "median": 5.77671575546, "min": -1.95130205154, "var": 134.751922607}, "barkbands_skewness": {"dmean": 0.544991612434, "dmean2": 0.814465284348, "dvar": 0.378299325705, "dvar2": 0.849458932877, "max": 11.1157541275, "mean": 2.1426987648, "median": 1.96952819824, "min": -2.38019752502, "var": 1.6818048954}, "barkbands_spread": {"dmean": 4.1472568512, "dmean2": 6.04484796524, "dvar": 55.6640968323, "dvar2": 106.211410522, "max": 102.866897583, "mean": 13.2198123932, "median": 10.0084428787, "min": 0.492248654366, "var": 147.571792603}, "dissonance": {"dmean": 0.0277131348848, "dmean2": 0.0460953600705, "dvar": 0.000641411112156, "dvar2": 0.00173911137972, "max": 0.499727487564, "mean": 0.427938193083, "median": 0.436188042164, "min": 0.168007731438, "var": 0.00190525897779}, "dynamic_complexity": 3.03564667702, "erbbands": {"dmean": [0.0206634737551, 0.35990935564, 0.967254340649, 1.45633161068, 4.83153390884, 8.16274166107, 10.1988229752, 23.1897239685, 26.060087204, 13.8271064758, 14.3466281891, 17.1141986847, 13.756901741, 16.2754192352, 12.2689065933, 6.77517175674, 7.77557992935, 8.03734970093, 10.7658977509, 3.67961287498, 3.1538875103, 5.59153366089, 5.51272106171, 3.05067563057, 3.29421138763, 2.95074391365, 1.49517452717, 1.89494371414, 2.11147212982, 1.87428200245, 1.48369419575, 0.817297756672, 0.712412536144, 0.689682483673, 0.38106405735, 0.117653243244, 0.0356247425079, 0.00553809525445, 0.000111363115138, 9.51896163315e-06], "dmean2": [0.0281869284809, 0.511745274067, 1.48933756351, 2.15132880211, 7.29600524902, 12.1768417358, 14.819196701, 34.9852561951, 36.5743560791, 19.4316768646, 20.6745738983, 25.0649757385, 20.7854709625, 25.0391845703, 18.6608886719, 10.4318475723, 11.6965742111, 11.4118499756, 16.0933628082, 5.21568870544, 4.57421207428, 7.97152423859, 8.2155456543, 4.50716495514, 4.73405742645, 4.3515791893, 2.27406358719, 2.84752321243, 3.04206895828, 2.71301579475, 2.18390154839, 1.21669197083, 1.02146708965, 1.00768911839, 0.575792431831, 0.178699910641, 0.0562338717282, 0.00909158680588, 0.000180538947461, 1.42001426866e-05], "dvar": [0.00320328352973, 0.727766692638, 5.0727148056, 7.00319814682, 69.8698043823, 202.732650757, 340.196472168, 1665.9498291, 2104.05297852, 747.448364258, 1128.43774414, 1937.52514648, 1245.65209961, 1789.06604004, 1046.85656738, 495.065582275, 362.632751465, 328.567779541, 901.304016113, 75.3993682861, 57.2799453735, 497.358520508, 161.032028198, 35.3380279541, 52.8784942627, 45.5808029175, 40.1990013123, 120.195625305, 191.865615845, 61.1964988708, 31.0570640564, 12.1879425049, 16.201757431, 15.6554718018, 2.72798061371, 0.134895399213, 0.00618541799486, 0.00015112037363, 6.06022965144e-08, 1.79668863121e-10], "dvar2": [0.00658411672339, 1.69815599918, 12.2223300934, 15.9821329117, 157.893325806, 508.261169434, 723.336120605, 3857.59472656, 3906.12426758, 1419.92077637, 2371.49731445, 4184.45703125, 2855.24511719, 4193.66064453, 2309.12646484, 1158.0123291, 796.397277832, 621.695739746, 2019.93737793, 147.425979614, 120.699569702, 1108.80847168, 379.40838623, 78.8066864014, 105.760093689, 100.402175903, 90.3341751099, 295.388977051, 406.30645752, 130.721466064, 68.1489562988, 27.1071052551, 33.9250984192, 33.853679657, 5.66767120361, 0.281859099865, 0.0139998318627, 0.000375159783289, 1.47129441075e-07, 3.95056765079e-10], "max": [1.78728699684, 15.7714195251, 27.6314659119, 47.5030441284, 223.277267456, 315.559906006, 607.801513672, 842.121582031, 877.67388916, 724.542175293, 873.31842041, 1169.47155762, 975.098510742, 937.168029785, 1466.32543945, 641.221740723, 434.40057373, 299.542358398, 478.529388428, 213.304870605, 211.855545044, 1050.31115723, 512.341491699, 175.341629028, 203.862167358, 232.937103271, 209.708404541, 390.136413574, 738.697570801, 366.940093994, 154.965393066, 141.761642456, 150.773162842, 131.167800903, 60.878364563, 14.2171602249, 1.82421970367, 0.235276281834, 0.0042606908828, 0.000393093010643], "mean": [0.0538367889822, 0.842225134373, 1.87152278423, 3.81579971313, 13.4217777252, 20.4503135681, 25.2938194275, 52.8722457886, 65.1204528809, 36.198261261, 35.6709289551, 41.6283988953, 32.7591171265, 31.4910964966, 24.9828395844, 14.3993682861, 14.7191619873, 15.3677473068, 17.2245311737, 8.41602897644, 8.62741184235, 16.6484870911, 16.3715667725, 9.48653888702, 9.4130153656, 7.5659031868, 2.41219425201, 2.71856880188, 3.04545497894, 2.8772752285, 2.17937541008, 1.22185182571, 1.01396477222, 0.948101580143, 0.53073990345, 0.158281221986, 0.0395682118833, 0.00549793802202, 0.000128983025206, 3.88873013435e-05], "median": [0.00648047123104, 0.206665471196, 0.70465773344, 1.4440536499, 6.87917661667, 10.9494800568, 13.0975313187, 26.56483078, 27.0427799225, 12.042719841, 10.0564928055, 9.26914787292, 6.51270961761, 6.84807062149, 5.79102373123, 2.76948904991, 3.76533842087, 4.80102205276, 5.43816614151, 2.15429329872, 2.25082993507, 2.79232192039, 5.16859912872, 3.04875516891, 2.70680069923, 2.3992960453, 0.757994651794, 0.372347325087, 0.307016015053, 0.590053856373, 0.623781979084, 0.363676816225, 0.23917260766, 0.1626188308, 0.122180268168, 0.0483219474554, 0.0106674656272, 0.00126047921367, 4.60860574094e-05, 3.80232304451e-05], "min": [7.19863621597e-22, 5.84595317248e-21, 8.13458946349e-21, 1.55959395345e-20, 2.0617609246e-20, 4.49649047882e-20, 6.40195659604e-20, 1.25518156832e-19, 3.81042920522e-19, 5.88976170785e-19, 1.04411214032e-18, 5.29092637135e-19, 8.38956665946e-19, 1.36655220957e-18, 3.74630637093e-18, 2.10192714786e-18, 2.38232235036e-18, 3.14679398709e-18, 2.83556128456e-18, 8.06654870115e-18, 7.46660783776e-18, 7.95879353711e-18, 9.33195884889e-18, 7.34001032655e-18, 1.17005615816e-17, 1.5300000794e-17, 1.79269278961e-17, 1.56211867541e-17, 1.48346223639e-17, 1.52036259808e-17, 1.21564166813e-17, 1.4917939304e-17, 1.22732906844e-17, 1.29391181379e-17, 1.01991485333e-17, 4.72820739474e-18, 2.9697645147e-18, 1.10971966041e-18, 2.84277884899e-19, 2.91393208518e-20], "var": [0.0140057997778, 2.41276431084, 8.79916572571, 30.9881572723, 367.947113037, 714.79095459, 1449.30969238, 6172.96191406, 10708.4765625, 4812.96826172, 5664.99169922, 9557.26074219, 5487.09814453, 5232.00390625, 4543.38330078, 1631.64538574, 1021.97070313, 807.582519531, 1275.71325684, 326.762145996, 290.372253418, 3450.64770508, 948.305236816, 310.332885742, 334.325836182, 191.794113159, 66.1528625488, 166.308258057, 404.714416504, 112.489707947, 53.4077262878, 19.4956798553, 24.3360385895, 24.5278205872, 5.31508541107, 0.277813762426, 0.00885024946183, 0.000162064621691, 7.27412654555e-08, 6.40655084538e-10]}, "erbbands_crest": {"dmean": 2.97670817375, "dmean2": 4.61179018021, "dvar": 7.44871139526, "dvar2": 17.2857685089, "max": 29.0572166443, "mean": 12.3289041519, "median": 11.3145132065, "min": 1.95017838478, "var": 24.3772277832}, "erbbands_flatness_db": {"dmean": 0.0200772639364, "dmean2": 0.0287473835051, "dvar": 0.000432577013271, "dvar2": 0.000854938814882, "max": 0.315775811672, "mean": 0.18528085947, "median": 0.185784637928, "min": 0.0316689796746, "var": 0.00179289095104}, "erbbands_kurtosis": {"dmean": 1.73820960522, "dmean2": 2.69153475761, "dvar": 6.50071763992, "dvar2": 14.9095306396, "max": 49.8596000671, "mean": 2.5948445797, "median": 1.32326483727, "min": -1.92377352715, "var": 20.8200817108}, "erbbands_skewness": {"dmean": 0.431689560413, "dmean2": 0.628313183784, "dvar": 0.199277535081, "dvar2": 0.396858036518, "max": 5.9223446846, "mean": 1.07002294064, "median": 1.06702399254, "min": -3.60895991325, "var": 1.00450396538}, "erbbands_spread": {"dmean": 8.06128883362, "dmean2": 12.2623004913, "dvar": 135.077102661, "dvar2": 309.985412598, "max": 165.08656311, "mean": 31.8242530823, "median": 25.8997955322, "min": 3.00320696831, "var": 422.906768799}, "gfcc": {"cov": [[6360.44824219, -419.137298584, -903.977416992, 89.3937911987, -166.320800781, -73.5647659302, -9.02820682526, 291.121856689, 10.9782829285, -83.9297714233, -50.6670036316, 128.022018433, -84.2705688477], [-419.137298584, 1027.49157715, -16.0278453827, -296.222808838, 206.75970459, -15.2334346771, 113.180114746, 6.7485704422, 67.2938766479, -23.3673057556, 101.095352173, -132.961074829, 4.71960878372], [-903.977416992, -16.0278453827, 821.682067871, 300.198242188, 56.8482513428, 108.713699341, -3.37982797623, -54.7422828674, 44.4473876953, 94.9851150513, -9.65430259705, 25.2164154053, -11.6372499466], [89.3937911987, -296.222808838, 300.198242188, 653.03704834, 122.892593384, -23.7996273041, -13.9135770798, 47.0809173584, 55.8330879211, 23.3814849854, 15.9671173096, 105.602973938, 12.5848722458], [-166.320800781, 206.75970459, 56.8482513428, 122.892593384, 323.519317627, 106.75088501, 40.1305389404, 20.1118984222, 66.6255340576, 78.2550430298, 17.2337112427, -27.6861190796, -23.3424358368], [-73.5647659302, -15.2334346771, 108.713699341, -23.7996273041, 106.75088501, 391.23135376, 188.270507813, -38.7116470337, -7.06784534454, 115.855957031, 27.2650318146, -21.306634903, -27.1881465912], [-9.02820682526, 113.180114746, -3.37982797623, -13.9135770798, 40.1305389404, 188.270507813, 327.887054443, 75.3686141968, -35.7158927917, 15.9124336243, 75.2322311401, 38.0805511475, -32.0702896118], [291.121856689, 6.7485704422, -54.7422828674, 47.0809173584, 20.1118984222, -38.7116470337, 75.3686141968, 198.128356934, 61.3221168518, -33.4340896606, 15.3581314087, 37.6333465576, 5.45702886581], [10.9782829285, 67.2938766479, 44.4473876953, 55.8330879211, 66.6255340576, -7.06784534454, -35.7158927917, 61.3221168518, 144.131561279, 57.5776557922, -13.6725511551, -25.0419788361, 8.24154663086], [-83.9297714233, -23.3673057556, 94.9851150513, 23.3814849854, 78.2550430298, 115.855957031, 15.9124336243, -33.4340896606, 57.5776557922, 177.350646973, 5.38407659531, -36.7364387512, -25.1411762238], [-50.6670036316, 101.095352173, -9.65430259705, 15.9671173096, 17.2337112427, 27.2650318146, 75.2322311401, 15.3581314087, -13.6725511551, 5.38407659531, 112.9894104, 40.0173377991, 6.20841026306], [128.022018433, -132.961074829, 25.2164154053, 105.602973938, -27.6861190796, -21.306634903, 38.0805511475, 37.6333465576, -25.0419788361, -36.7364387512, 40.0173377991, 145.496414185, 38.4996414185], [-84.2705688477, 4.71960878372, -11.6372499466, 12.5848722458, -23.3424358368, -27.1881465912, -32.0702896118, 5.45702886581, 8.24154663086, -25.1411762238, 6.20841026306, 38.4996414185, 102.788131714]], "icov": [[0.000268873467576, -0.000357677898137, 0.000500041351188, -0.000434920541011, 0.000571878976189, -0.000526877469383, 0.000554395024665, -0.000610567629337, 0.000317500933306, -0.000366920547094, 0.000548741896637, -0.000647356442641, 0.000636738201138], [-0.000357677898137, 0.00451502669603, -0.00192065839656, 0.00325423618779, -0.00447782920673, 0.00350499385968, -0.00384791847318, 0.00294113624841, -0.00359347835183, 0.00349275674671, -0.00493289390579, 0.0047024814412, -0.00288388994522], [0.000500041351188, -0.00192065839656, 0.00299695995636, -0.00245627923869, 0.00252238265239, -0.00230456306599, 0.00200346601196, -0.00115260423627, 0.00106063333806, -0.0019693642389, 0.00256146723405, -0.00257175834849, 0.00202952302061], [-0.000434920541011, 0.00325423618779, -0.00245627923869, 0.0049593700096, -0.00440869433805, 0.0031487448141, -0.00275325006805, 0.00217439839616, -0.00302506098524, 0.00255828606896, -0.0035076031927, 0.00159597501624, -0.00205169431865], [0.000571878976189, -0.00447782920673, 0.00252238265239, -0.00440869433805, 0.00901839695871, -0.00484296120703, 0.00415056105703, -0.00344815757126, 0.00219565047882, -0.0040234089829, 0.00419897632673, -0.00380708533339, 0.00375707633793], [-0.000526877469383, 0.00350499385968, -0.00230456306599, 0.0031487448141, -0.00484296120703, 0.00855232588947, -0.00688948202878, 0.00440818397328, -0.0024951400701, 0.000288371607894, -0.00294904434122, 0.00417507486418, -0.0035756258294], [0.000554395024665, -0.00384791847318, 0.00200346601196, -0.00275325006805, 0.00415056105703, -0.00688948202878, 0.010801714845, -0.00686154607683, 0.00565168587491, -0.00278685102239, 0.0013391696848, -0.0049658967182, 0.00469413632527], [-0.000610567629337, 0.00294113624841, -0.00115260423627, 0.00217439839616, -0.00344815757126, 0.00440818397328, -0.00686154607683, 0.0124320890754, -0.00890806037933, 0.00502543058246, -0.00267390930094, 0.00138003379107, -0.00186220230535], [0.000317500933306, -0.00359347835183, 0.00106063333806, -0.00302506098524, 0.00219565047882, -0.0024951400701, 0.00565168587491, -0.00890806037933, 0.0168944727629, -0.00784741621464, 0.00433339644223, -0.000882871332578, -0.00021440324781], [-0.000366920547094, 0.00349275674671, -0.0019693642389, 0.00255828606896, -0.0040234089829, 0.000288371607894, -0.00278685102239, 0.00502543058246, -0.00784741621464, 0.0129267442971, -0.00510987173766, 0.00413521472365, -0.00042033410864], [0.000548741896637, -0.00493289390579, 0.00256146723405, -0.0035076031927, 0.00419897632673, -0.00294904434122, 0.0013391696848, -0.00267390930094, 0.00433339644223, -0.00510987173766, 0.0172825232148, -0.00815060269088, 0.00254081818275], [-0.000647356442641, 0.0047024814412, -0.00257175834849, 0.00159597501624, -0.00380708533339, 0.00417507486418, -0.0049658967182, 0.00138003379107, -0.000882871332578, 0.00413521472365, -0.00815060269088, 0.0169460549951, -0.00738876592368], [0.000636738201138, -0.00288388994522, 0.00202952302061, -0.00205169431865, 0.00375707633793, -0.0035756258294, 0.00469413632527, -0.00186220230535, -0.00021440324781, -0.00042033410864, 0.00254081818275, -0.00738876592368, 0.0148634500802]], "mean": [-23.6091690063, 102.326858521, -95.8393707275, 16.8461608887, -68.4924468994, -0.592015326023, -51.9957351685, 9.91878509521, -32.1580276489, 2.158598423, -11.3156719208, 0.940524876118, -14.3445825577]}, "hfc": {"dmean": 4.01128292084, "dmean2": 5.62716627121, "dvar": 62.5810699463, "dvar2": 128.986831665, "max": 290.465209961, "mean": 17.1123027802, "median": 14.6337108612, "min": 1.11862638556e-16, "var": 233.031646729}, "melbands": {"dmean": [0.000289249408524, 0.000493183499202, 0.000325850502122, 0.000458162394352, 0.000378332362743, 0.000489547033794, 0.000368893786799, 0.000145948200952, 0.000124222540762, 0.000107893371023, 7.01035605744e-05, 6.7322893301e-05, 4.70668746857e-05, 2.45687588176e-05, 1.38346504173e-05, 2.42864607571e-05, 1.37745610118e-05, 2.19646954065e-05, 7.33779279471e-06, 4.74972011943e-06, 3.91315961679e-06, 6.601449968e-06, 4.77134972243e-06, 5.37176674698e-06, 2.4154987841e-06, 2.14982264879e-06, 3.26801045958e-06, 1.77093068032e-06, 9.38986659094e-07, 1.04145851765e-06, 1.20254662761e-06, 1.20857362162e-06, 1.25418068819e-06, 9.8540806448e-07, 9.07064077182e-07, 7.01735359598e-07, 4.47939470405e-07, 4.86384521992e-07, 5.69738972445e-07, 6.0897275489e-07], "dmean2": [0.000395090755774, 0.000749938131776, 0.000486606935738, 0.000686576822773, 0.000549481657799, 0.000735560257453, 0.000518599466886, 0.000206114229513, 0.000178682457772, 0.000158673501574, 0.000106242529, 0.000103526523162, 7.17509756214e-05, 3.87618929381e-05, 2.10348061955e-05, 3.67290194845e-05, 1.95727207029e-05, 3.31129231199e-05, 1.05710805656e-05, 6.77812204231e-06, 5.81493532081e-06, 9.70116616372e-06, 6.80970924805e-06, 8.25602000987e-06, 3.62571245205e-06, 3.1796237181e-06, 4.781980806e-06, 2.66670076599e-06, 1.43631245919e-06, 1.58913496762e-06, 1.85565238553e-06, 1.7832840058e-06, 1.91371259461e-06, 1.44519231071e-06, 1.34631204673e-06, 1.06351160412e-06, 6.75812032114e-07, 7.10793983671e-07, 8.25160384466e-07, 9.06354898689e-07], "dvar": [5.0525414963e-07, 1.3210732277e-06, 2.66453810127e-07, 5.71416364892e-07, 4.27208391329e-07, 6.48449770324e-07, 3.96922018808e-07, 9.49796685745e-08, 8.81803572383e-08, 7.81258080451e-08, 3.27419726887e-08, 2.76215335049e-08, 1.27294752517e-08, 5.82969805762e-09, 2.52021159497e-09, 3.75483422133e-09, 9.69068492118e-10, 4.34790292658e-09, 3.95258076269e-10, 2.02251090875e-10, 1.01687290532e-10, 8.03338950917e-10, 1.21275711695e-10, 1.44481066e-10, 2.42708544235e-11, 2.23392138121e-11, 5.90078680363e-11, 2.00803974143e-11, 1.72715470398e-11, 2.49958491405e-11, 6.46303149887e-11, 6.70853858575e-11, 6.72170305527e-11, 1.34529644369e-11, 1.24090711665e-11, 6.42752908189e-12, 4.69013760121e-12, 7.91238428943e-12, 1.0911598014e-11, 1.23408288796e-11], "dvar2": [1.06651202714e-06, 3.25749897456e-06, 6.11963059782e-07, 1.38309064823e-06, 9.42546364513e-07, 1.48912488385e-06, 7.4212761092e-07, 1.82510120794e-07, 1.78472248535e-07, 1.70525183307e-07, 7.46757535808e-08, 6.45119584419e-08, 2.75261680116e-08, 1.36122961791e-08, 5.38413713613e-09, 8.45616376921e-09, 1.78519021787e-09, 9.80146896978e-09, 7.53074158588e-10, 3.61877083854e-10, 2.3439830632e-10, 1.8018966319e-09, 2.47347448079e-10, 3.5895963979e-10, 5.49968126595e-11, 4.71882567743e-11, 1.24845744853e-10, 4.62568594539e-11, 4.10664002803e-11, 5.7160966932e-11, 1.68498506814e-10, 1.36889555247e-10, 1.67147837238e-10, 2.68200982256e-11, 2.72914347371e-11, 1.45064628712e-11, 1.07371975894e-11, 1.74348417648e-11, 2.34896217061e-11, 2.70311134587e-11], "max": [0.0183673333377, 0.0153696350753, 0.0124212456867, 0.0239192433655, 0.0174819622189, 0.0161957051605, 0.0114105762914, 0.00762757752091, 0.00781601667404, 0.00765948370099, 0.00471710180864, 0.00355982454494, 0.0043904222548, 0.00229963683523, 0.00180286692921, 0.000978494761512, 0.00066010048613, 0.0010534231551, 0.000613930518739, 0.00056900375057, 0.000282555905869, 0.00125452631619, 0.000369448214769, 0.000381200166885, 0.000137198527227, 0.000135022535687, 0.000206124357646, 0.00013518241758, 0.000139323266922, 0.000132877758006, 0.000342079845723, 0.000413314002799, 0.000496103719342, 0.000104927035864, 9.5881667221e-05, 7.69107209635e-05, 9.38340381254e-05, 0.000108555490442, 0.000115057751827, 0.000118259886221], "mean": [0.000727114733309, 0.00106113415677, 0.000931995513383, 0.00126230926253, 0.000939897669014, 0.00114909280092, 0.00092365744058, 0.000364464969607, 0.000302164640743, 0.000254010577919, 0.000159092858667, 0.000129275678773, 8.88435824891e-05, 4.78988440591e-05, 2.90096122626e-05, 3.94947746827e-05, 2.61442291958e-05, 3.19140053762e-05, 1.44719233504e-05, 9.88371448329e-06, 9.41836697166e-06, 1.83676711458e-05, 1.34227002491e-05, 1.49597481141e-05, 6.7097853389e-06, 5.42292173122e-06, 8.53724759509e-06, 4.02359228246e-06, 1.35827065151e-06, 1.42473606957e-06, 1.62307196661e-06, 1.70718806203e-06, 1.75553236659e-06, 1.50522714648e-06, 1.30555747546e-06, 9.74522777142e-07, 6.52534254186e-07, 6.69593930525e-07, 7.58154669711e-07, 8.24854851089e-07], "median": [0.000125482096337, 0.00039766181726, 0.000460384821054, 0.000763337593526, 0.00050843966892, 0.000619865953922, 0.000383548525861, 7.63287243899e-05, 6.9567176979e-05, 5.31971163582e-05, 2.90608240903e-05, 2.82023502223e-05, 1.93320738617e-05, 8.13674796518e-06, 4.87095485369e-06, 1.00581119113e-05, 7.3446526585e-06, 8.03590137366e-06, 2.69944325737e-06, 2.08891788134e-06, 2.43457202487e-06, 2.39237510868e-06, 3.19875493915e-06, 4.64277854917e-06, 1.94239532902e-06, 1.63022150446e-06, 2.12591908166e-06, 1.28176532144e-06, 3.79490643354e-07, 2.60241193928e-07, 1.722172982e-07, 1.34457607714e-07, 2.38192242819e-07, 3.22939484931e-07, 3.57216833891e-07, 2.82116019434e-07, 1.80703665364e-07, 1.59514002007e-07, 1.34145594188e-07, 1.25967886788e-07], "min": [8.05744027428e-24, 6.63161599773e-24, 4.47526668546e-24, 2.53322346822e-24, 2.11900621474e-24, 2.9401045125e-24, 7.45135528536e-24, 6.4166040694e-24, 1.04079112948e-23, 2.77386627622e-24, 3.19330578889e-24, 4.83686435276e-24, 1.04742639633e-23, 8.26988524923e-24, 5.16481552474e-24, 6.13161584004e-24, 5.74261314489e-24, 3.36681377284e-24, 1.25571367987e-23, 7.87989608351e-24, 8.63434450946e-24, 7.92076933359e-24, 6.94880434594e-24, 9.6156685429e-24, 5.09722907782e-24, 5.98163484373e-24, 8.07220065068e-24, 1.00027539116e-23, 1.09657290404e-23, 1.05462948525e-23, 9.22901941426e-24, 8.81813884519e-24, 7.99973509907e-24, 8.51059432154e-24, 6.40584795096e-24, 7.3564403301e-24, 9.94032740389e-24, 7.69334152348e-24, 9.21125505553e-24, 1.13811731698e-23], "var": [2.20415176955e-06, 2.60988281298e-06, 1.5636187527e-06, 2.52641984844e-06, 1.76659727913e-06, 2.4510163712e-06, 2.0507507088e-06, 5.78346998736e-07, 4.60336991637e-07, 3.84853564128e-07, 1.44986643136e-07, 9.04015706737e-08, 4.78403663351e-08, 1.73244654178e-08, 1.05068682643e-08, 6.82815048947e-09, 2.6969277922e-09, 5.41020472866e-09, 1.54969082011e-09, 7.78370645715e-10, 3.59225982294e-10, 5.27522026061e-09, 8.13134337641e-10, 7.60597973493e-10, 1.77729747586e-10, 1.09972142504e-10, 3.06172004416e-10, 6.27020171895e-11, 2.48707131278e-11, 3.63825324035e-11, 7.38574132408e-11, 1.58224155999e-10, 8.92343837711e-11, 2.60755670528e-11, 2.08734609458e-11, 1.03472473645e-11, 6.92633060281e-12, 1.09189957423e-11, 1.65576840433e-11, 1.88356778091e-11]}, "melbands_crest": {"dmean": 2.72900080681, "dmean2": 4.25152730942, "dvar": 6.2751121521, "dvar2": 15.4627695084, "max": 31.2841262817, "mean": 14.6227931976, "median": 13.945189476, "min": 2.11070990562, "var": 23.5047931671}, "melbands_flatness_db": {"dmean": 0.0234650988132, "dmean2": 0.032860763371, "dvar": 0.000632634328213, "dvar2": 0.00123365269974, "max": 0.56366288662, "mean": 0.256829887629, "median": 0.253909349442, "min": 0.00500090606511, "var": 0.00382872251794}, "melbands_kurtosis": {"dmean": 6.91069841385, "dmean2": 10.7839918137, "dvar": 143.490615845, "dvar2": 350.634918213, "max": 267.018463135, "mean": 16.5862045288, "median": 10.6280059814, "min": -1.74718296528, "var": 433.751190186}, "melbands_skewness": {"dmean": 0.644932508469, "dmean2": 0.981633782387, "dvar": 0.598283886909, "dvar2": 1.41535067558, "max": 14.4392642975, "mean": 2.66161203384, "median": 2.3772213459, "min": -1.17225658894, "var": 2.61795282364}, "melbands_spread": {"dmean": 4.26997089386, "dmean2": 6.18567705154, "dvar": 89.9884414673, "dvar2": 177.778335571, "max": 211.340515137, "mean": 13.6491737366, "median": 10.2136650085, "min": 0.592907726765, "var": 203.570785522}, "mfcc": {"cov": [[5663.43505859, -492.067962646, -745.124511719, 0.127611011267, -164.824386597, -289.523376465, -115.109352112, 277.184753418, 32.0263748169, -32.3104476929, 99.6842346191, -122.859855652, 200.623443604], [-492.067962646, 1286.68518066, -191.360961914, -256.673736572, 8.60264587402, -31.3599834442, 96.9358901978, -30.0163154602, -37.9420852661, 190.585601807, -26.1970176697, 40.564453125, -27.6942558289], [-745.124511719, -191.360961914, 727.893920898, 185.158447266, 65.9695129395, 180.11932373, 25.8906364441, -27.7286186218, 16.1650867462, -12.7683830261, 9.41980648041, 55.3131523132, -37.4929199219], [0.127611011267, -256.673736572, 185.158447266, 564.839538574, 189.076080322, -33.6835136414, -69.3648147583, 78.9211120605, 22.6293849945, -73.0161819458, 35.1119537354, 20.5896587372, 88.6878509521], [-164.824386597, 8.60264587402, 65.9695129395, 189.076080322, 323.686431885, 57.5920944214, -83.9961395264, -35.4830665588, 57.7215843201, 50.9023933411, -1.12687408924, 33.9442176819, 20.5736846924], [-289.523376465, -31.3599834442, 180.11932373, -33.6835136414, 57.5920944214, 402.340515137, 177.101745605, -49.4747848511, 39.7263183594, 66.8877487183, 114.378517151, 38.035446167, -59.5681877136], [-115.109352112, 96.9358901978, 25.8906364441, -69.3648147583, -83.9961395264, 177.101745605, 314.844665527, 98.9482040405, -6.95393228531, 28.7662906647, 93.9081268311, 32.7028045654, -8.95070838928], [277.184753418, -30.0163154602, -27.7286186218, 78.9211120605, -35.4830665588, -49.4747848511, 98.9482040405, 228.742095947, 19.5120391846, -16.9917144775, 25.3933677673, 6.1418671608, 75.0136260986], [32.0263748169, -37.9420852661, 16.1650867462, 22.6293849945, 57.7215843201, 39.7263183594, -6.95393228531, 19.5120391846, 145.289108276, 51.3683357239, 14.0654687881, 12.9617300034, 18.316204071], [-32.3104476929, 190.585601807, -12.7683830261, -73.0161819458, 50.9023933411, 66.8877487183, 28.7662906647, -16.9917144775, 51.3683357239, 228.132293701, 42.4583930969, 18.7575283051, -3.61617064476], [99.6842346191, -26.1970176697, 9.41980648041, 35.1119537354, -1.12687408924, 114.378517151, 93.9081268311, 25.3933677673, 14.0654687881, 42.4583930969, 161.610137939, 22.8982009888, -8.85080814362], [-122.859855652, 40.564453125, 55.3131523132, 20.5896587372, 33.9442176819, 38.035446167, 32.7028045654, 6.1418671608, 12.9617300034, 18.7575283051, 22.8982009888, 96.2978668213, 26.1534824371], [200.623443604, -27.6942558289, -37.4929199219, 88.6878509521, 20.5736846924, -59.5681877136, -8.95070838928, 75.0136260986, 18.316204071, -3.61617064476, -8.85080814362, 26.1534824371, 136.979934692]], "icov": [[0.000252142432146, 0.000108701540739, 0.000231541795074, 4.6472196118e-05, 8.76186459209e-05, -3.17678059218e-05, 0.000237656917307, -0.00028464620118, 2.30890600506e-05, -6.50783695164e-05, -0.000255085527897, 0.000183667449164, -0.000225949595915], [0.000108701540739, 0.00116639351472, 0.000276902777841, 0.000343994266586, -0.000369725778, 0.000481614057207, -0.00059939554194, 6.54358082102e-05, 0.000500610563904, -0.000942060898524, 0.00029857782647, -0.000436060130596, 0.000130392974825], [0.000231541795074, 0.000276902777841, 0.00226820982061, -0.000988824525848, 0.000642343715299, -0.00125669746194, 0.000500754278619, -0.000406264240155, 0.000119942022138, -0.000348232162651, 0.000948233180679, -0.00119255366735, 0.000853871344589], [4.6472196118e-05, 0.000343994266586, -0.000988824525848, 0.0038010282442, -0.00241838255897, 0.000905917317141, 0.000332040537614, -0.000933110539336, 0.000355403753929, 0.00124602322467, -0.00200735684484, 0.000768015102949, -0.00173124333378], [8.76186459209e-05, -0.000369725778, 0.000642343715299, -0.00241838255897, 0.00591239985079, -0.00211096438579, 0.00218651257455, 5.71207565372e-05, -0.00106894876808, -0.00125263188966, 0.0012964803027, -0.00159414787777, 0.000342119077686], [-3.17678059218e-05, 0.000481614057207, -0.00125669746194, 0.000905917317141, -0.00211096438579, 0.00655892910436, -0.00425915792584, 0.00275773927569, -0.00118671427481, -0.000183525626198, -0.00251247501001, 0.000361313228495, 0.000516710279044], [0.000237656917307, -0.00059939554194, 0.000500754278619, 0.000332040537614, 0.00218651257455, -0.00425915792584, 0.00856476463377, -0.00475201103836, 0.00119639455806, 0.000123728867038, -0.00144952256233, -0.00146316387691, 0.00046320760157], [-0.00028464620118, 6.54358082102e-05, -0.000406264240155, -0.000933110539336, 5.71207565372e-05, 0.00275773927569, -0.00475201103836, 0.00884503033012, -0.00171726476401, 0.00035046794801, -0.000427792372648, 0.00107095425483, -0.0030337672215], [2.30890600506e-05, 0.000500610563904, 0.000119942022138, 0.000355403753929, -0.00106894876808, -0.00118671427481, 0.00119639455806, -0.00171726476401, 0.00877044908702, -0.00196615280584, 0.000175065288204, -0.0004556143831, -0.000593141361605], [-6.50783695164e-05, -0.000942060898524, -0.000348232162651, 0.00124602322467, -0.00125263188966, -0.000183525626198, 0.000123728867038, 0.00035046794801, -0.00196615280584, 0.0066637978889, -0.00204792479053, 0.000378381868359, -0.000838459585793], [-0.000255085527897, 0.00029857782647, 0.000948233180679, -0.00200735684484, 0.0012964803027, -0.00251247501001, -0.00144952256233, -0.000427792372648, 0.000175065288204, -0.00204792479053, 0.0103934258223, -0.0021080931183, 0.00184199446812], [0.000183667449164, -0.000436060130596, -0.00119255366735, 0.000768015102949, -0.00159414787777, 0.000361313228495, -0.00146316387691, 0.00107095425483, -0.0004556143831, 0.000378381868359, -0.0021080931183, 0.0137910535559, -0.00416478142142], [-0.000225949595915, 0.000130392974825, 0.000853871344589, -0.00173124333378, 0.000342119077686, 0.000516710279044, 0.00046320760157, -0.0030337672215, -0.000593141361605, -0.000838459585793, 0.00184199446812, -0.00416478142142, 0.0118485661224]], "mean": [-677.299377441, 140.909423828, 18.763502121, 17.9627876282, 1.99465858936, -13.1023082733, -4.62646055222, -2.55147886276, -17.1318435669, 0.50365126133, -4.34235525131, -6.48919487, -2.75087594986]}, "pitch_salience": {"dmean": 0.0602735131979, "dmean2": 0.0950856283307, "dvar": 0.00308646238409, "dvar2": 0.00773306423798, "max": 0.873847901821, "mean": 0.544975817204, "median": 0.552050054073, "min": 0.118215821683, "var": 0.0113067198545}, "silence_rate_20dB": {"dmean": 0, "dmean2": 0, "dvar": 0, "dvar2": 0, "max": 1, "mean": 1, "median": 1, "min": 1, "var": 0}, "silence_rate_30dB": {"dmean": 0, "dmean2": 0, "dvar": 0, "dvar2": 0, "max": 1, "mean": 1, "median": 1, "min": 1, "var": 0}, "silence_rate_60dB": {"dmean": 0.0143061513081, "dmean2": 0.0286163967103, "dvar": 0.0141024654731, "dvar2": 0.0309459175915, "max": 1, "mean": 0.0467744246125, "median": 0, "min": 0, "var": 0.0445855818689}, "spectral_centroid": {"dmean": 155.553634644, "dmean2": 220.517623901, "dvar": 80415.953125, "dvar2": 140277.875, "max": 11337.2089844, "mean": 838.239318848, "median": 699.735717773, "min": 158.490737915, "var": 313224.625}, "spectral_complexity": {"dmean": 1.95679545403, "dmean2": 3.09257411957, "dvar": 4.02268886566, "dvar2": 8.79138565063, "max": 45, "mean": 12.9393501282, "median": 13, "min": 0, "var": 32.1768569946}, "spectral_contrast_coeffs": {"dmean": [0.0449029356241, 0.0473276078701, 0.0394537784159, 0.0300983153284, 0.0220458004624, 0.0151336332783], "dmean2": [0.0715435966849, 0.0753421410918, 0.0631847977638, 0.0475348643959, 0.0342769026756, 0.0240522157401], "dvar": [0.00143005768768, 0.00145530176815, 0.00104568025563, 0.000662667269353, 0.000380811223295, 0.00018286932027], "dvar2": [0.00344883883372, 0.0036713660229, 0.00254589668475, 0.00151992205065, 0.000834218750242, 0.000416454626247], "max": [-0.22905023396, -0.362642109394, -0.459764808416, -0.538771271706, -0.551367163658, -0.649528682232], "mean": [-0.551452338696, -0.635549962521, -0.724635660648, -0.744805693626, -0.763031482697, -0.803335785866], "median": [-0.556853711605, -0.633330345154, -0.733294010162, -0.744961440563, -0.774726867676, -0.80528730154], "min": [-0.969695329666, -0.971627771854, -0.970022201538, -0.965803921223, -0.957842826843, -0.963732719421], "var": [0.0103740142658, 0.00754860648885, 0.00589607702568, 0.00369443651289, 0.00374007131904, 0.00103009783197]}, "spectral_contrast_valleys": {"dmean": [0.39926815033, 0.339970171452, 0.308334350586, 0.27475464344, 0.247580423951, 0.325267672539], "dmean2": [0.636525452137, 0.558888375759, 0.498829752207, 0.426781386137, 0.36227285862, 0.428986668587], "dvar": [0.14528696239, 0.0944286286831, 0.0836590453982, 0.0779651328921, 0.0760506987572, 0.158043414354], "dvar2": [0.304655492306, 0.222880363464, 0.183155938983, 0.150524973869, 0.128796488047, 0.269115239382], "max": [-5.5059094429, -5.1099562645, -5.19038391113, -6.46012973785, -6.05037546158, -7.21211242676], "mean": [-7.77328395844, -6.88050031662, -7.89782238007, -8.55468559265, -8.31251525879, -10.4933023453], "median": [-7.7052989006, -6.77442646027, -7.84093618393, -8.42847728729, -8.20276927948, -10.4906082153], "min": [-27.998922348, -27.3269786835, -27.7703647614, -27.4300060272, -27.4198532104, -27.2562274933], "var": [1.13461005688, 0.80896538496, 1.02156209946, 0.859261870384, 0.875965058804, 0.902432143688]}, "spectral_decrease": {"dmean": 1.52273493814e-09, "dmean2": 2.2270580935e-09, "dvar": 2.7871081462e-18, "dvar2": 6.26616031943e-18, "max": 1.18901797606e-19, "mean": -7.34449656647e-09, "median": -7.36954319791e-09, "min": -2.53090028934e-08, "var": 1.82895043197e-17}, "spectral_energy": {"dmean": 0.0059564653784, "dmean2": 0.00871983822435, "dvar": 4.18507006543e-05, "dvar2": 9.4175178674e-05, "max": 0.0978941768408, "mean": 0.0292719714344, "median": 0.0293323416263, "min": 1.01521039801e-20, "var": 0.000283638219116}, "spectral_energyband_high": {"dmean": 0.00025900741457, "dmean2": 0.000365462619811, "dvar": 1.03685920294e-06, "dvar2": 2.076445071e-06, "max": 0.0388590432703, "mean": 0.000433129956946, "median": 0.000127074017655, "min": 7.5708949566e-21, "var": 2.33289711105e-06}, "spectral_energyband_low": {"dmean": 0.0021276155021, "dmean2": 0.00313130044378, "dvar": 2.01717721211e-05, "dvar2": 4.74414518976e-05, "max": 0.0775864347816, "mean": 0.00531606189907, "median": 0.00223305774853, "min": 4.86005591674e-23, "var": 6.20196151431e-05}, "spectral_energyband_middle_high": {"dmean": 0.00117981468793, "dmean2": 0.00169206794817, "dvar": 3.4130421227e-06, "dvar2": 7.15902706361e-06, "max": 0.0443610399961, "mean": 0.00390100292861, "median": 0.00219187187031, "min": 1.50025885024e-21, "var": 2.49312943197e-05}, "spectral_energyband_middle_low": {"dmean": 0.00484105432406, "dmean2": 0.00707173720002, "dvar": 2.96962298307e-05, "dvar2": 6.53416718706e-05, "max": 0.096064247191, "mean": 0.0204465631396, "median": 0.0187423303723, "min": 2.36134518412e-22, "var": 0.000204968600883}, "spectral_entropy": {"dmean": 0.213012754917, "dmean2": 0.297011226416, "dvar": 0.0555078461766, "dvar2": 0.099487811327, "max": 9.8108587265, "mean": 6.97690677643, "median": 6.95771217346, "min": 4.94332790375, "var": 0.270210087299}, "spectral_flux": {"dmean": 0.0178356971592, "dmean2": 0.0291689466685, "dvar": 0.000350152113242, "dvar2": 0.000837546831463, "max": 0.222534120083, "mean": 0.0629115849733, "median": 0.0578822381794, "min": 6.58740215154e-11, "var": 0.000976413139142}, "spectral_kurtosis": {"dmean": 2.09121346474, "dmean2": 3.30128026009, "dvar": 5.35639286041, "dvar2": 12.0879888535, "max": 37.6482467651, "mean": 7.27617502213, "median": 6.50279045105, "min": -1.38098859787, "var": 19.163898468}, "spectral_rms": {"dmean": 0.000555130362045, "dmean2": 0.00079636008013, "dvar": 3.12335288299e-07, "dvar2": 6.51080256375e-07, "max": 0.00977274309844, "mean": 0.0050451643765, "median": 0.0053494782187, "min": 3.14714031745e-12, "var": 3.1042777664e-06}, "spectral_rolloff": {"dmean": 307.323760986, "dmean2": 511.014953613, "dvar": 921565.875, "dvar2": 1801515, "max": 20435.0097656, "mean": 939.856933594, "median": 581.396484375, "min": 86.1328125, "var": 1724965.875}, "spectral_skewness": {"dmean": 0.265827745199, "dmean2": 0.399283826351, "dvar": 0.0814640894532, "dvar2": 0.159289345145, "max": 5.16418266296, "mean": 2.13162708282, "median": 2.09388232231, "min": -0.0370210595429, "var": 0.449011147022}, "spectral_spread": {"dmean": 691060.625, "dmean2": 993157.9375, "dvar": 1021566582780.0, "dvar2": 2035217203200.0, "max": 40713756, "mean": 4623112, "median": 4199531.5, "min": 1848853.5, "var": 3093224488960.0}, "spectral_strongpeak": {"dmean": 0.478443980217, "dmean2": 0.786862909794, "dvar": 0.47