{"lowlevel": {"average_loudness": 0.915026783943, "barkbands": {"dmean": [2.186333586e-05, 0.000521913752891, 0.000953926763032, 0.000946089043282, 0.000978344702162, 0.000581823580433, 0.000540643872228, 0.000542124558706, 0.00152068107855, 0.00125442340504, 0.000500971509609, 0.000456370791653, 0.00035891920561, 0.000534672406502, 0.000625063490588, 0.000529941171408, 0.000223606781219, 0.000211777252844, 0.000358405726729, 0.000236798179685, 8.81816013134e-05, 6.11803989159e-05, 4.54694527434e-05, 4.57305031887e-05, 4.48707651231e-05, 1.34735619213e-05, 2.56633097706e-06], "dmean2": [3.15934739774e-05, 0.000818961882032, 0.00161948078312, 0.00159372377675, 0.00162388943136, 0.00090991880279, 0.000848248659167, 0.000849482894409, 0.00233514420688, 0.00189289753325, 0.000764295400586, 0.000702612334862, 0.000553526100703, 0.000822199101094, 0.000984351150692, 0.000819795299321, 0.000361759943189, 0.000334183801897, 0.000556564191356, 0.000380376935937, 0.000139240291901, 9.33039336815e-05, 6.5591193561e-05, 6.50583751849e-05, 6.3869265432e-05, 1.80433053174e-05, 3.59656746696e-06], "dvar": [3.69857655613e-09, 1.41888688177e-06, 5.35271283297e-06, 2.75166962638e-06, 2.25196504289e-06, 1.397861638e-06, 1.47729701894e-06, 4.48946457254e-06, 2.48944124905e-05, 1.85715598491e-05, 3.48460730493e-06, 2.63967240244e-06, 1.06282095658e-06, 2.76010541711e-06, 2.09520771932e-06, 1.47990772348e-06, 2.99703401652e-07, 1.24322966144e-07, 4.42153236691e-07, 1.21400688613e-07, 1.4976365037e-08, 9.7267891519e-09, 7.95693555489e-09, 1.87435755805e-08, 2.87003043553e-08, 7.66037067113e-10, 3.303479712e-11], "dvar2": [7.412165548e-09, 3.23664130519e-06, 1.41278396768e-05, 7.09156665835e-06, 5.89430146647e-06, 3.18863703797e-06, 3.50663685822e-06, 1.06113302536e-05, 5.70295342186e-05, 4.15305657953e-05, 7.83767518442e-06, 6.06486401011e-06, 2.4004577881e-06, 5.96852396484e-06, 4.87691841045e-06, 3.57031535714e-06, 7.8188321595e-07, 2.86893794055e-07, 1.06344396045e-06, 3.01200145714e-07, 3.58865435146e-08, 2.16363247318e-08, 1.56443622501e-08, 3.74330824116e-08, 6.14060695625e-08, 1.47903733705e-09, 6.33659652527e-11], "max": [0.000649977941066, 0.0184695757926, 0.0296725202352, 0.0252693034708, 0.0255855824798, 0.0316707789898, 0.0314875096083, 0.0620571151376, 0.113733381033, 0.0912143662572, 0.0623025111854, 0.0621127858758, 0.0259755589068, 0.0448687896132, 0.0327083654702, 0.029987167567, 0.0198862366378, 0.00941833667457, 0.0131036043167, 0.00683830864727, 0.0021783595439, 0.00331126106903, 0.00370596721768, 0.00333962636068, 0.00375742278993, 0.000648610875942, 9.84711077763e-05], "mean": [2.30553068832e-05, 0.00075637944974, 0.00117653864436, 0.00127129070461, 0.001801225706, 0.00102471199352, 0.00089537340682, 0.000703877885826, 0.00197908305563, 0.00179804500658, 0.000684564525727, 0.0006732053007, 0.000516937230714, 0.000752799911425, 0.000902651983779, 0.000902945757844, 0.000392276677303, 0.000417141942307, 0.000732042826712, 0.000543477130122, 0.000219917477807, 0.000156834503287, 0.000112705696665, 9.16508652153e-05, 7.85193260526e-05, 3.15577599395e-05, 4.97508244734e-06], "median": [2.04453408514e-06, 0.000331908813678, 0.00045883905841, 0.000723985140212, 0.00122642132919, 0.000569563591853, 0.000467827921966, 0.000231923608226, 0.000324585591443, 0.000238101463765, 0.000203723466257, 0.000168695289176, 0.000205351418117, 0.000179071095772, 0.000344061816577, 0.000382518948754, 0.000239471890382, 0.00028176989872, 0.000434311339632, 0.000387754727853, 0.00016487344692, 0.000110010369099, 7.25216959836e-05, 4.32557717431e-05, 3.35686017934e-05, 1.54226545419e-05, 1.72245574959e-06], "min": [1.26939877969e-24, 1.21810378958e-24, 1.43845840165e-25, 1.75046814919e-24, 1.16320790582e-23, 6.39823228778e-24, 9.12626002616e-24, 7.84846549847e-24, 2.08200335292e-23, 7.92862323277e-24, 1.51309232974e-23, 4.17508641502e-23, 4.05403760238e-23, 3.81918992436e-23, 6.6942345142e-23, 6.46959722066e-23, 4.02211113936e-23, 8.89898714833e-23, 1.4908051159e-22, 1.93318480625e-22, 2.30103834564e-22, 3.04299749419e-22, 4.42880497117e-22, 6.13590047494e-22, 9.06595202016e-22, 1.17378776749e-21, 1.96810885235e-21], "var": [4.78723638508e-09, 1.75094123733e-06, 5.15723468197e-06, 3.08272365146e-06, 3.65392384083e-06, 2.59045486928e-06, 2.34306526181e-06, 5.45457987755e-06, 3.70783563994e-05, 3.42611092492e-05, 4.99461339132e-06, 5.34697710464e-06, 1.68924725585e-06, 5.10200879944e-06, 3.50450000042e-06, 3.01885643239e-06, 4.67011972205e-07, 2.59963144345e-07, 1.03422655684e-06, 3.23592246332e-07, 4.31473381468e-08, 2.79958580762e-08, 2.00377865411e-08, 3.31308314117e-08, 4.15160847922e-08, 2.07882067116e-09, 7.43279882087e-11]}, "barkbands_crest": {"dmean": 2.5373506546, "dmean2": 4.11436605453, "dvar": 6.04522037506, "dvar2": 14.8773469925, "max": 25.3359889984, "mean": 8.17484951019, "median": 7.07758426666, "min": 2.35689139366, "var": 15.6019191742}, "barkbands_flatness_db": {"dmean": 0.0179984848946, "dmean2": 0.0275562144816, "dvar": 0.000334936368745, "dvar2": 0.000765881268308, "max": 0.340889036655, "mean": 0.0992093682289, "median": 0.0910204127431, "min": 0.0220225118101, "var": 0.00159525510389}, "barkbands_kurtosis": {"dmean": 1.36997675896, "dmean2": 2.21600151062, "dvar": 8.06088352203, "dvar2": 19.4493541718, "max": 103.635856628, "mean": 0.694050252438, "median": -0.360296994448, "min": -1.9449300766, "var": 16.3635101318}, "barkbands_skewness": {"dmean": 0.45425978303, "dmean2": 0.705328524113, "dvar": 0.239593818784, "dvar2": 0.556388616562, "max": 8.72556972504, "mean": 0.740642488003, "median": 0.67767727375, "min": -7.49081134796, "var": 0.850288927555}, "barkbands_spread": {"dmean": 6.00269412994, "dmean2": 9.21763515472, "dvar": 40.8268966675, "dvar2": 92.9625473022, "max": 139.08644104, "mean": 30.1318893433, "median": 29.6416778564, "min": 2.02738714218, "var": 172.270111084}, "dissonance": {"dmean": 0.0143173569813, "dmean2": 0.0237673819065, "dvar": 0.000240927358391, "dvar2": 0.000637778954115, "max": 0.500000119209, "mean": 0.475382685661, "median": 0.481629133224, "min": 0.288634181023, "var": 0.000471995619591}, "dynamic_complexity": 2.94824099541, "erbbands": {"dmean": [0.015808833763, 0.124273866415, 0.799109518528, 2.19453120232, 3.75212740898, 3.39324498177, 3.22295737267, 5.4894695282, 7.23347520828, 9.40013980865, 13.5648965836, 33.8428611755, 40.0758743286, 30.4315319061, 20.6745853424, 16.3794879913, 16.9912490845, 18.9106311798, 30.3905544281, 33.4547309875, 25.018825531, 11.5432100296, 9.08030986786, 16.3986129761, 15.2183561325, 12.1174573898, 4.02834701538, 3.1376144886, 2.42747211456, 1.53381717205, 1.32797765732, 0.859903812408, 0.881445229053, 0.65708309412, 0.234143123031, 0.0701791569591, 0.0255409702659, 0.00463389512151, 0.000424998725066, 2.08051060326e-05], "dmean2": [0.0245812982321, 0.201488792896, 1.34999418259, 3.684435606, 6.36752223969, 5.63399267197, 5.19561433792, 8.56071281433, 11.5251073837, 14.6519966125, 21.0851993561, 52.6968002319, 60.3315353394, 45.6693649292, 31.6706924438, 24.8533973694, 26.0214271545, 28.6079788208, 47.2449836731, 53.1624336243, 38.5861358643, 18.4632091522, 14.2327203751, 25.2146377563, 23.5121479034, 19.6530303955, 6.30675554276, 4.96471309662, 3.73806858063, 2.26009726524, 1.94791185856, 1.21600210667, 1.27737176418, 0.953843653202, 0.328975647688, 0.0957828015089, 0.0353889130056, 0.00637053512037, 0.000589332543314, 2.86586855509e-05], "dvar": [0.00200002035126, 0.0689485818148, 3.4409096241, 18.6577339172, 43.7686729431, 26.183391571, 28.0008029938, 158.889984131, 252.945632935, 714.065002441, 2903.30761719, 15827.8574219, 18313.1738281, 13331.7871094, 5259.76367188, 3332.51171875, 2257.56274414, 4083.96435547, 7808.14160156, 4463.75146484, 3604.77026367, 900.277893066, 251.356124878, 913.157226563, 757.977661133, 312.498321533, 30.5574760437, 18.6334571838, 14.6127147675, 10.1222753525, 6.22451353073, 3.95596933365, 9.54055118561, 6.62511205673, 0.735026419163, 0.0262677054852, 0.00244113081135, 0.000102708007034, 8.99979113456e-07, 1.25275001484e-09], "dvar2": [0.00439578061923, 0.164801463485, 9.06479549408, 48.3187484741, 115.407279968, 69.7306747437, 69.5911407471, 371.166992188, 610.738708496, 1681.68310547, 6469.51171875, 37000.2304688, 41532.5234375, 27235.65625, 12144.7216797, 7552.43701172, 5146.36816406, 8345.04394531, 17697.1347656, 10556.6572266, 8751.53222656, 2339.54296875, 574.409179688, 2177.17456055, 1788.09545898, 806.532287598, 71.2614593506, 44.5816307068, 33.9270591736, 21.1491756439, 12.4766426086, 7.79920244217, 19.755197525, 14.0667657852, 1.62100696564, 0.0549829937518, 0.00467822654173, 0.000194088250282, 1.71425529061e-06, 2.37914554724e-09], "max": [0.533470034599, 4.11018610001, 24.8328361511, 77.7657165527, 91.9828720093, 77.6820297241, 130.06072998, 376.768188477, 380.815765381, 929.064147949, 1944.39428711, 3324.51782227, 2608.21899414, 3250.51831055, 3000.54980469, 2424.3581543, 1319.64941406, 2552.91625977, 2110.94433594, 1480.96960449, 1737.1385498, 1375.79626465, 422.284606934, 771.465087891, 649.194030762, 318.967712402, 113.831481934, 79.9924545288, 106.909385681, 146.948104858, 81.1313323975, 41.4772109985, 81.572013855, 60.5869560242, 25.7596263885, 4.48602390289, 0.999152243137, 0.175058797002, 0.0135441012681, 0.000482809671666], "mean": [0.0178174618632, 0.196124687791, 1.10880875587, 2.97100424767, 5.31359910965, 6.53726673126, 5.86974954605, 9.56144618988, 11.7023668289, 15.2621002197, 17.875213623, 42.935344696, 55.4926872253, 47.336555481, 30.9991359711, 25.9740085602, 26.0528049469, 29.2311859131, 46.475151062, 53.9848670959, 45.2756500244, 22.5292243958, 19.2590484619, 34.8983726501, 33.7685432434, 28.1089057922, 10.7619485855, 8.21058940887, 6.11579465866, 3.86817574501, 3.17920732498, 1.89655482769, 1.59208893776, 1.1002664566, 0.420846968889, 0.156106516719, 0.0585182979703, 0.00957850459963, 0.000847680901643, 5.61972992728e-05], "median": [0.00471932627261, 0.0975893437862, 0.497973144054, 1.69508612156, 3.19604229927, 4.1887254715, 3.82630395889, 4.98820066452, 5.77707862854, 7.41525030136, 5.73952054977, 7.28762197495, 8.93222332001, 10.5893096924, 10.7838287354, 8.02974414825, 11.1163644791, 8.77001285553, 13.3372774124, 23.0159492493, 21.9876976013, 13.8491125107, 13.6639719009, 22.6253967285, 21.0457191467, 19.3725547791, 8.63754653931, 6.11112642288, 4.25538778305, 2.55774211884, 1.97220540047, 1.03728580475, 0.650649130344, 0.438106149435, 0.192324772477, 0.0824474915862, 0.0267515499145, 0.00363906542771, 0.000305456254864, 3.8604659494e-05], "min": [1.72295630958e-23, 5.31455617091e-22, 4.81706287119e-22, 7.34964433758e-21, 1.11045297541e-20, 4.15451430343e-20, 3.80018308699e-20, 3.18206526568e-20, 1.47406880955e-19, 2.4751616902e-19, 1.90112393599e-19, 4.88022912926e-19, 5.6358343204e-19, 7.23639365051e-19, 6.32408477919e-19, 1.81775731343e-18, 1.98394244799e-18, 2.14121326388e-18, 2.98599834781e-18, 3.18505874184e-18, 4.0019779721e-18, 3.20686467035e-18, 5.92125743686e-18, 7.37592237284e-18, 9.06124414109e-18, 1.00455956875e-17, 9.43770313685e-18, 8.75649095109e-18, 1.13089751068e-17, 1.08499734121e-17, 1.23382814379e-17, 1.16575390908e-17, 9.71566063809e-18, 8.89784619161e-18, 6.43400477829e-18, 4.12108288132e-18, 2.51645258182e-18, 9.75184834232e-19, 2.69774746273e-19, 2.81446684769e-20], "var": [0.00214142445475, 0.0890891179442, 3.59072828293, 18.6305904388, 49.8440513611, 54.081161499, 54.5930252075, 257.400909424, 448.620300293, 971.566467285, 3454.91210938, 21470.4179688, 30205.6738281, 27817.6933594, 8248.015625, 6786.69970703, 3671.42773438, 8044.43505859, 14509.3193359, 8717.99707031, 7086.44091797, 1520.16540527, 493.500335693, 2043.84448242, 1999.86340332, 835.262634277, 89.5206756592, 61.9373703003, 42.5454521179, 22.8809928894, 16.0219478607, 8.41868400574, 14.7303609848, 9.34763240814, 1.04867231846, 0.0571283847094, 0.0069731278345, 0.000252756522968, 2.06276399695e-06, 3.24243298877e-09]}, "erbbands_crest": {"dmean": 3.03465485573, "dmean2": 4.91148233414, "dvar": 9.48108100891, "dvar2": 22.5090293884, "max": 32.1809043884, "mean": 9.08604621887, "median": 7.6641497612, "min": 2.34350252151, "var": 25.9378376007}, "erbbands_flatness_db": {"dmean": 0.0174683071673, "dmean2": 0.0252812355757, "dvar": 0.000330033071805, "dvar2": 0.000647458597086, "max": 0.375575453043, "mean": 0.155361145735, "median": 0.146849259734, "min": 0.0302423331887, "var": 0.00215735612437}, "erbbands_kurtosis": {"dmean": 0.938755452633, "dmean2": 1.50937914848, "dvar": 3.50342750549, "dvar2": 8.77409744263, "max": 57.2161483765, "mean": 0.2258477211, "median": -0.371954590082, "min": -1.7903085947, "var": 5.11929988861}, "erbbands_skewness": {"dmean": 0.372020155191, "dmean2": 0.571403622627, "dvar": 0.153768092394, "dvar2": 0.346032291651, "max": 4.62077140808, "mean": -0.153420761228, "median": -0.220728948712, "min": -5.75641536713, "var": 0.62345457077}, "erbbands_spread": {"dmean": 7.65103578568, "dmean2": 11.6774435043, "dvar": 58.642036438, "dvar2": 136.505142212, "max": 128.293716431, "mean": 37.6861114502, "median": 36.3550300598, "min": 2.53227615356, "var": 265.67956543}, "gfcc": {"cov": [[12151.9453125, -146.337890625, -994.430847168, -141.71572876, -590.907531738, 236.447601318, -433.703796387, 154.402786255, -279.150024414, 99.378944397, -233.272247314, -13.451171875, -188.839950562], [-146.337890625, 1075.85498047, -276.418670654, 167.96282959, 176.242599487, -107.769607544, 147.400344849, -58.3995780945, 83.9471206665, -57.8265075684, 49.3348350525, -50.4346008301, 78.1327972412], [-994.430847168, -276.418670654, 733.197570801, 91.3015594482, 28.553237915, 22.6725845337, -57.1147880554, 39.7927322388, -14.3011064529, 56.3485450745, -34.7517051697, 45.5044517517, -49.4990463257], [-141.71572876, 167.96282959, 91.3015594482, 460.027984619, 58.7222328186, -7.95675230026, -4.03923797607, -57.2767524719, 27.707567215, -10.906126976, -21.5540313721, 8.69342899323, 12.739074707], [-590.907531738, 176.242599487, 28.553237915, 58.7222328186, 247.168167114, 15.3320999146, 85.4581680298, -4.53132486343, 30.8107700348, 4.66604328156, 21.8497104645, 11.2460508347, 25.2863998413], [236.447601318, -107.769607544, 22.6725845337, -7.95675230026, 15.3320999146, 198.011459351, 46.2510032654, 5.43967103958, -31.5962219238, 5.33038139343, 12.1205530167, -15.8681783676, -10.4961338043], [-433.703796387, 147.400344849, -57.1147880554, -4.03923797607, 85.4581680298, 46.2510032654, 183.612380981, 16.4011058807, 21.4800415039, -17.8352527618, 20.9127807617, -1.32779300213, 10.7534284592], [154.402786255, -58.3995780945, 39.7927322388, -57.2767524719, -4.53132486343, 5.43967103958, 16.4011058807, 138.684829712, 34.8852386475, 1.18356573582, -15.8721008301, -3.65165710449, 5.37250375748], [-279.150024414, 83.9471206665, -14.3011064529, 27.707567215, 30.8107700348, -31.5962219238, 21.4800415039, 34.8852386475, 101.535720825, 14.1244688034, 8.50554084778, -4.50545310974, 13.4002723694], [99.378944397, -57.8265075684, 56.3485450745, -10.906126976, 4.66604328156, 5.33038139343, -17.8352527618, 1.18356573582, 14.1244688034, 101.992271423, 36.3684272766, 15.2750329971, -21.9317798615], [-233.272247314, 49.3348350525, -34.7517051697, -21.5540313721, 21.8497104645, 12.1205530167, 20.9127807617, -15.8721008301, 8.50554084778, 36.3684272766, 103.552146912, 20.3611087799, 1.66973185539], [-13.451171875, -50.4346008301, 45.5044517517, 8.69342899323, 11.2460508347, -15.8681783676, -1.32779300213, -3.65165710449, -4.50545310974, 15.2750329971, 20.3611087799, 92.6158065796, 16.5092411041], [-188.839950562, 78.1327972412, -49.4990463257, 12.739074707, 25.2863998413, -10.4961338043, 10.7534284592, 5.37250375748, 13.4002723694, -21.9317798615, 1.66973185539, 16.5092411041, 86.8143234253]], "icov": [[0.000226685515372, -0.000279039959423, 0.000505985401105, -8.04109004093e-05, 0.000296825310215, -0.000599366379902, 0.000706179300323, -0.000706516904756, 0.000663900107611, -0.000665047438815, 0.000855938007589, -0.000684873899445, 0.000685143808369], [-0.000279039959423, 0.00209956010804, -0.000248994503636, -0.00045650723041, -0.00107381818816, 0.00195756973699, -0.00193514511921, 0.00139461609069, -0.00123818882275, 0.0013131002197, -0.00197488162667, 0.00222701649182, -0.00173138792161], [0.000505985401105, -0.000248994503636, 0.00300037907436, -0.000709164829459, 1.3890741684e-05, -0.0013740909053, 0.00197676150128, -0.00230208970606, 0.00182831974234, -0.00223031523637, 0.00257158023305, -0.00230751396157, 0.00241064745933], [-8.04109004093e-05, -0.00045650723041, -0.000709164829459, 0.0028631479945, -0.000351268448867, -0.00038923235843, 0.000283665547613, 0.00171201408375, -0.00151139590889, 0.000540003005881, 0.00073914474342, -0.000415384449298, -0.000239878499997], [0.000296825310215, -0.00107381818816, 1.3890741684e-05, -0.000351268448867, 0.00610798597336, -0.00127095857169, -0.00118556874804, -0.000463615288027, 6.55333060422e-05, -0.00154787814245, 0.000961624085903, -0.00142124528065, -0.000235006969888], [-0.000599366379902, 0.00195756973699, -0.0013740909053, -0.00038923235843, -0.00127095857169, 0.00864091143012, -0.00450732139871, 0.00143434933852, 0.000850913696922, 0.00124154391233, -0.00377455563284, 0.00442849844694, -0.00249471585266], [0.000706179300323, -0.00193514511921, 0.00197676150128, 0.000283665547613, -0.00118556874804, -0.00450732139871, 0.0107091590762, -0.00339387287386, 0.000839649874251, -0.000175926485099, 0.00196324265562, -0.00354498601519, 0.00350941042416], [-0.000706516904756, 0.00139461609069, -0.00230208970606, 0.00171201408375, -0.000463615288027, 0.00143434933852, -0.00339387287386, 0.0119535671547, -0.00639406871051, 0.00230377633125, -0.000937086180784, 0.00244529941119, -0.00324472156353], [0.000663900107611, -0.00123818882275, 0.00182831974234, -0.00151139590889, 6.55333060422e-05, 0.000850913696922, 0.000839649874251, -0.00639406871051, 0.0161224268377, -0.00501250615343, 0.00160122709349, -0.000259864027612, 0.0004619465617], [-0.000665047438815, 0.0013131002197, -0.00223031523637, 0.000540003005881, -0.00154787814245, 0.00124154391233, -0.000175926485099, 0.00230377633125, -0.00501250615343, 0.0160073582083, -0.00755780562758, 0.000692742760293, 0.00133211584762], [0.000855938007589, -0.00197488162667, 0.00257158023305, 0.00073914474342, 0.000961624085903, -0.00377455563284, 0.00196324265562, -0.000937086180784, 0.00160122709349, -0.00755780562758, 0.0168865174055, -0.00592943653464, 0.00272170826793], [-0.000684873899445, 0.00222701649182, -0.00230751396157, -0.000415384449298, -0.00142124528065, 0.00442849844694, -0.00354498601519, 0.00244529941119, -0.000259864027612, 0.000692742760293, -0.00592943653464, 0.016358692199, -0.00629334757105], [0.000685143808369, -0.00173138792161, 0.00241064745933, -0.000239878499997, -0.000235006969888, -0.00249471585266, 0.00350941042416, -0.00324472156353, 0.0004619465617, 0.00133211584762, 0.00272170826793, -0.00629334757105, 0.0169197004288]], "mean": [2.53369808197, 66.3506546021, -132.69631958, 33.2387962341, -56.7592163086, 1.3655025959, -37.7060470581, 5.30230665207, -29.961265564, -1.16162717342, -20.9314155579, -4.30281448364, -11.515048027]}, "hfc": {"dmean": 6.7716460228, "dmean2": 9.69773006439, "dvar": 68.2690124512, "dvar2": 143.215713501, "max": 108.099761963, "mean": 23.5561389923, "median": 19.7619171143, "min": 1.08300236355e-16, "var": 292.118713379}, "melbands": {"dmean": [0.000140994932735, 0.000324759341311, 0.000430407730164, 0.000243431917625, 0.000117269424663, 0.000120099415653, 0.000107716194179, 0.000106741172203, 0.00012451580551, 0.000226517135161, 0.000203228599275, 0.000133018897031, 7.22802578821e-05, 5.55471051484e-05, 4.39753603132e-05, 3.27109737555e-05, 3.74160517822e-05, 5.37064370292e-05, 4.475318201e-05, 4.11577384511e-05, 3.01166746794e-05, 1.36862227009e-05, 8.5275632955e-06, 1.12521065603e-05, 1.47503551489e-05, 1.47625842146e-05, 9.69270968199e-06, 8.27414623927e-06, 2.97597534882e-06, 2.95148333862e-06, 1.71026556472e-06, 1.68536212186e-06, 1.05558149244e-06, 9.36387948514e-07, 8.97501934105e-07, 5.92386982134e-07, 5.51922255454e-07, 6.49511719075e-07, 6.373592214e-07, 5.60316152587e-07], "dmean2": [0.00021997053409, 0.000541512854397, 0.000722249678802, 0.000405635277275, 0.000190200473298, 0.000187240351806, 0.000171373001649, 0.000167135032825, 0.000193633750314, 0.000350911635906, 0.000305278343149, 0.000199694492039, 0.000110261622467, 8.47146657179e-05, 6.65671177558e-05, 5.03025403304e-05, 5.68672221561e-05, 8.38622217998e-05, 7.04474077793e-05, 6.45702311886e-05, 4.66330093332e-05, 2.21118007175e-05, 1.3880438928e-05, 1.78434238478e-05, 2.28124008572e-05, 2.3136017262e-05, 1.53095534188e-05, 1.35546088131e-05, 4.79713344248e-06, 4.78905440104e-06, 2.72379929811e-06, 2.65559719992e-06, 1.62186574926e-06, 1.42240526202e-06, 1.36090579872e-06, 8.57679992805e-07, 7.99260590156e-07, 9.48139529555e-07, 9.4381158533e-07, 8.18511750822e-07], "dvar": [1.27463579247e-07, 5.41081305983e-07, 5.78946355745e-07, 1.50795500531e-07, 3.02580680511e-08, 6.76210518691e-08, 5.35557944659e-08, 1.02918903622e-07, 2.45177290026e-07, 6.46778460123e-07, 4.72505888638e-07, 2.60620623749e-07, 6.38541237663e-08, 4.16116989754e-08, 2.38241870676e-08, 8.84360229492e-09, 1.74309970902e-08, 2.93018409536e-08, 1.28431576485e-08, 9.30351706785e-09, 5.8203606379e-09, 1.37072253548e-09, 3.03120278877e-10, 3.67014779679e-10, 8.1310780331e-10, 8.9597157471e-10, 2.6050284152e-10, 1.61104310448e-10, 1.9695474418e-11, 2.40050149897e-11, 5.09536987256e-12, 7.2764060402e-12, 4.1229524135e-12, 3.77992645864e-12, 2.69076471174e-12, 1.44822619608e-12, 1.78795736896e-12, 4.52199909462e-12, 6.45465755497e-12, 5.0158484137e-12], "dvar2": [2.86246688574e-07, 1.38686402806e-06, 1.48310675741e-06, 3.97201091573e-07, 7.67993526551e-08, 1.55984579919e-07, 1.29489677647e-07, 2.45219638373e-07, 5.33937509317e-07, 1.50541643507e-06, 1.0714727523e-06, 5.3823299595e-07, 1.46878647911e-07, 1.01401376185e-07, 5.0581039801e-08, 1.9832272713e-08, 3.58524800959e-08, 6.62755681446e-08, 2.98599616144e-08, 2.19710916127e-08, 1.40331302134e-08, 3.56209373109e-09, 7.67904573262e-10, 8.64339322337e-10, 1.96215799164e-09, 2.10289186064e-09, 6.29855056999e-10, 4.21431167741e-10, 4.84090406649e-11, 6.00052924016e-11, 1.24311177671e-11, 1.7941479899e-11, 9.03379107631e-12, 8.3411715035e-12, 5.72965329695e-12, 2.85872736074e-12, 3.67151274661e-12, 9.39724513482e-12, 1.38871336305e-11, 1.08974383337e-11], "max": [0.00510657671839, 0.00954453088343, 0.0115715591237, 0.00665594451129, 0.00373442447744, 0.0074313073419, 0.00516784656793, 0.00879259686917, 0.0180164128542, 0.0183030273765, 0.012812608853, 0.0137740187347, 0.0086468718946, 0.00763981416821, 0.00769301410764, 0.00293401675299, 0.00469585834071, 0.00463210884482, 0.00282234326005, 0.00271886703558, 0.00191749131773, 0.001775675104, 0.000626955006737, 0.000417369563365, 0.000723631470464, 0.000850471726153, 0.000409463391406, 0.00025874725543, 0.000115318056487, 0.000108582520625, 3.83868500649e-05, 5.26336552866e-05, 8.14067170722e-05, 9.22334074858e-05, 5.55261285626e-05, 2.4871153073e-05, 2.93704597425e-05, 5.39611355634e-05, 6.00465791649e-05, 5.15375613759e-05], "mean": [0.000183532800293, 0.000477140769362, 0.000609110575169, 0.000427419989137, 0.000230504796491, 0.000212245548028, 0.000177962661837, 0.000165710574947, 0.00015559719759, 0.000287455186481, 0.000278491032077, 0.000201136455871, 0.000102982252429, 8.12968573882e-05, 6.43666717224e-05, 4.82982977701e-05, 5.3451723943e-05, 7.72880302975e-05, 6.62477614242e-05, 6.70465960866e-05, 5.05437783431e-05, 2.38241900661e-05, 1.49803317981e-05, 2.12887007365e-05, 2.88987284875e-05, 2.89251875074e-05, 2.05200303753e-05, 1.79707276402e-05, 6.51065556667e-06, 6.1433238443e-06, 4.16973853135e-06, 3.78497975362e-06, 2.37871381614e-06, 2.08470260077e-06, 1.9905580757e-06, 1.28950148337e-06, 1.09866778075e-06, 1.13078135655e-06, 1.0448991361e-06, 8.94501056337e-07], "median": [6.930436939e-05, 0.000226537857088, 0.000376444775611, 0.000285756890662, 0.00015589252871, 0.000113457186671, 9.28067456698e-05, 7.57431625971e-05, 4.13843408751e-05, 4.38108727394e-05, 4.12349108956e-05, 3.72565918951e-05, 3.31674855261e-05, 1.90551309061e-05, 2.1920830477e-05, 1.95504599105e-05, 1.42920644066e-05, 1.67939106177e-05, 2.55558734352e-05, 2.57220144704e-05, 2.3431271984e-05, 1.34515839818e-05, 9.9477601907e-06, 1.42199060065e-05, 1.77873171197e-05, 1.61828975251e-05, 1.35589834827e-05, 1.15822722364e-05, 5.07864933752e-06, 3.8764051169e-06, 3.22325195157e-06, 2.53412008533e-06, 1.60073523148e-06, 1.33136848035e-06, 1.22286223814e-06, 7.29501323349e-07, 5.59042064197e-07, 4.47031567319e-07, 4.12415971596e-07, 3.39583721143e-07], "min": [2.23373015758e-25, 3.35641283902e-25, 1.64872333482e-24, 1.22592741621e-24, 2.26873832544e-24, 7.79699222579e-25, 2.04985407614e-24, 2.4578241429e-24, 1.56183237687e-24, 2.79324247499e-24, 2.19219850446e-24, 2.42386032827e-24, 1.8115123754e-24, 3.46657706722e-24, 3.53598854384e-24, 3.5216900455e-24, 3.35250028615e-24, 3.64276757268e-24, 4.38038762337e-24, 4.22395058941e-24, 3.91516518756e-24, 2.26128043444e-24, 4.6624586451e-24, 4.04626282595e-24, 5.62150919087e-24, 3.51353795691e-24, 5.39798269237e-24, 5.79443815092e-24, 4.27501395024e-24, 4.83914100533e-24, 5.51343011926e-24, 6.07914475693e-24, 4.59328974321e-24, 6.31620929187e-24, 7.14357015914e-24, 6.10756662649e-24, 5.42620931885e-24, 6.19927762318e-24, 6.88184977661e-24, 7.21641041968e-24], "var": [1.43985872114e-07, 5.9669713437e-07, 6.31367527149e-07, 2.22851426201e-07, 6.56332801441e-08, 1.17001214051e-07, 9.26880048269e-08, 1.38279460771e-07, 2.92441967531e-07, 9.03031491362e-07, 7.82139522926e-07, 5.43391138308e-07, 9.58256691774e-08, 8.03738089417e-08, 4.27304556183e-08, 1.48639527353e-08, 3.21189865815e-08, 5.41061382364e-08, 2.14089510564e-08, 1.89441706766e-08, 1.06865476468e-08, 2.20265139461e-09, 4.68806327092e-10, 7.17711556852e-10, 1.65793989648e-09, 1.96686111842e-09, 6.72794819856e-10, 3.99430710729e-10, 3.96263855063e-11, 5.43123671037e-11, 1.5027886921e-11, 1.85654512597e-11, 8.45952301265e-12, 7.61100817787e-12, 6.41096334006e-12, 3.28339547391e-12, 3.41697286785e-12, 7.10769550855e-12, 8.81828637889e-12, 6.78378490535e-12]}, "melbands_crest": {"dmean": 3.28393959999, "dmean2": 5.4089012146, "dvar": 9.44255447388, "dvar2": 23.7141590118, "max": 37.048210144, "mean": 11.6523923874, "median": 10.7202615738, "min": 1.78085231781, "var": 23.1657409668}, "melbands_flatness_db": {"dmean": 0.0219799056649, "dmean2": 0.0336799360812, "dvar": 0.000473824562505, "dvar2": 0.00110739131924, "max": 0.394388318062, "mean": 0.14134824276, "median": 0.134213164449, "min": 0.00427512591705, "var": 0.00237825769}, "melbands_kurtosis": {"dmean": 3.66220092773, "dmean2": 5.92026042938, "dvar": 57.4087982178, "dvar2": 135.897796631, "max": 234.811141968, "mean": 5.588514328, "median": 2.91726851463, "min": -1.92621445656, "var": 125.100021362}, "melbands_skewness": {"dmean": 0.581101000309, "dmean2": 0.906973958015, "dvar": 0.410028427839, "dvar2": 0.972935259342, "max": 11.6707363129, "mean": 1.80040478706, "median": 1.65474164486, "min": -2.19650602341, "var": 1.61334109306}, "melbands_spread": {"dmean": 10.3041219711, "dmean2": 16.1536502838, "dvar": 166.299819946, "dvar2": 366.521759033, "max": 302.571014404, "mean": 39.1675376892, "median": 36.2450447083, "min": 1.18599557877, "var": 494.713775635}, "mfcc": {"cov": [[6210.23095703, 53.1078643799, -237.044387817, -308.992828369, -152.45098877, -75.5152816772, -67.2686080933, -52.4403877258, -25.6619129181, 78.7973022461, -45.2062072754, -82.5112762451, 3.06631422043], [53.1078643799, 893.215026855, -256.545928955, 146.108093262, -8.02546787262, 3.12290167809, 36.5854301453, 26.8095550537, 40.7666130066, 13.4598436356, 17.6852607727, 17.9645671844, 27.4105224609], [-237.044387817, -256.545928955, 527.18347168, 47.1779708862, 67.1816558838, 5.29570865631, -22.1211414337, -21.9520378113, 12.7330217361, -42.1604957581, 32.6097183228, 51.6399803162, -34.1078071594], [-308.992828369, 146.108093262, 47.1779708862, 395.882873535, 67.8154830933, 62.7848930359, -45.4486846924, 13.9615125656, 58.6292648315, -60.7205696106, -14.8985767365, 66.6762008667, 37.9769477844], [-152.45098877, -8.02546787262, 67.1816558838, 67.8154830933, 161.614562988, 23.9697666168, 10.4114255905, -0.0806439071894, 24.8195724487, -2.48373699188, 1.2759064436, 13.034995079, 14.375295639], [-75.5152816772, 3.12290167809, 5.29570865631, 62.7848930359, 23.9697666168, 194.866195679, 66.1126861572, 9.38124847412, -10.702255249, -9.11720275879, -1.53565311432, 12.1246576309, 22.3302459717], [-67.2686080933, 36.5854301453, -22.1211414337, -45.4486846924, 10.4114255905, 66.1126861572, 147.551315308, 40.5493659973, -2.94007015228, 24.4446334839, 13.1444377899, -11.8401927948, 7.87604093552], [-52.4403877258, 26.8095550537, -21.9520378113, 13.9615125656, -0.0806439071894, 9.38124847412, 40.5493659973, 114.077209473, 44.0522994995, 6.8856139183, -8.40727615356, 4.89875364304, 4.49230623245], [-25.6619129181, 40.7666130066, 12.7330217361, 58.6292648315, 24.8195724487, -10.702255249, -2.94007015228, 44.0522994995, 123.992530823, 10.6839895248, -12.4576282501, 12.8217344284, 1.72811555862], [78.7973022461, 13.4598436356, -42.1604957581, -60.7205696106, -2.48373699188, -9.11720275879, 24.4446334839, 6.8856139183, 10.6839895248, 114.754547119, 33.9093551636, -35.6330718994, -6.35864496231], [-45.2062072754, 17.6852607727, 32.6097183228, -14.8985767365, 1.2759064436, -1.53565311432, 13.1444377899, -8.40727615356, -12.4576282501, 33.9093551636, 90.8675231934, 34.6649551392, -5.49107599258], [-82.5112762451, 17.9645671844, 51.6399803162, 66.6762008667, 13.034995079, 12.1246576309, -11.8401927948, 4.89875364304, 12.8217344284, -35.6330718994, 34.6649551392, 116.210502625, 38.0765953064], [3.06631422043, 27.4105224609, -34.1078071594, 37.9769477844, 14.375295639, 22.3302459717, 7.87604093552, 4.49230623245, 1.72811555862, -6.35864496231, -5.49107599258, 38.0765953064, 89.2877349854]], "icov": [[0.000175825916813, -3.01810523524e-05, 2.9581680792e-05, 0.000153477114509, 9.67101368587e-05, -4.30638065154e-05, 0.000141895623528, 6.47673150524e-05, -5.11422258569e-05, -9.43008562899e-05, 0.000115811890282, -1.43180432133e-06, -6.93199690431e-05], [-3.01810523524e-05, 0.00155069865286, 0.000854051904753, -0.000826246163342, 8.22779184091e-05, 0.00040849117795, -0.000746775360312, 0.000196025968762, -0.000355046999175, 0.000117674877401, -0.000683100661263, -7.2007846029e-05, 0.00014721446496], [2.9581680792e-05, 0.000854051904753, 0.00282519566827, -0.000337671401212, -0.000916524324566, 8.30848512123e-05, -0.000210715734283, 0.000510759069584, -0.000505792035256, 0.000886099936906, -0.00106972944923, -0.000965894025285, 0.00149832246825], [0.000153477114509, -0.000826246163342, -0.000337671401212, 0.0043917670846, -0.00109546410386, -0.00183137948625, 0.00230218470097, -0.000436283822637, -0.00146082357969, 0.00132172019221, 0.000255940336501, -0.00081008329289, -0.000811711710412], [9.67101368587e-05, 8.22779184091e-05, -0.000916524324566, -0.00109546410386, 0.00746696349233, -0.000197513800231, -0.000969137065113, 0.000885028159246, -0.00123468262609, -0.000495101383422, 3.45137268596e-05, 0.000524958013557, -0.00125768454745], [-4.30638065154e-05, 0.00040849117795, 8.30848512123e-05, -0.00183137948625, -0.000197513800231, 0.00724404957145, -0.00410642335191, 0.000619985687081, 0.00116679212078, 1.78609097929e-05, 0.000603776890785, -0.000368359062122, -0.000589188421145], [0.000141895623528, -0.000746775360312, -0.000210715734283, 0.00230218470097, -0.000969137065113, -0.00410642335191, 0.0111565971747, -0.00401004543528, 0.00043319692486, -0.000405200466048, -0.00186285853852, 0.0016362380702, -0.00128422561102], [6.47673150524e-05, 0.000196025968762, 0.000510759069584, -0.000436283822637, 0.000885028159246, 0.000619985687081, -0.00401004543528, 0.0120221283287, -0.00406997138634, -0.000370916794054, 0.00154396262951, -0.00132315838709, 0.000481155584566], [-5.11422258569e-05, -0.000355046999175, -0.000505792035256, -0.00146082357969, -0.00123468262609, 0.00116679212078, 0.00043319692486, -0.00406997138634, 0.0116288997233, -0.00352752488106, 0.00357279903255, -0.0025957650505, 0.00146280904301], [-9.43008562899e-05, 0.000117674877401, 0.000886099936906, 0.00132172019221, -0.000495101383422, 1.78609097929e-05, -0.000405200466048, -0.000370916794054, -0.00352752488106, 0.0151419276372, -0.00930034648627, 0.00749810459092, -0.00274982233532], [0.000115811890282, -0.000683100661263, -0.00106972944923, 0.000255940336501, 3.45137268596e-05, 0.000603776890785, -0.00186285853852, 0.00154396262951, 0.00357279903255, -0.00930034648627, 0.0203523822129, -0.0106567423791, 0.00468303496018], [-1.43180432133e-06, -7.2007846029e-05, -0.000965894025285, -0.00081008329289, 0.000524958013557, -0.000368359062122, 0.0016362380702, -0.00132315838709, -0.0025957650505, 0.00749810459092, -0.0106567423791, 0.0180438160896, -0.00783832557499], [-6.93199690431e-05, 0.00014721446496, 0.00149832246825, -0.000811711710412, -0.00125768454745, -0.000589188421145, -0.00128422561102, 0.000481155584566, 0.00146280904301, -0.00274982233532, 0.00468303496018, -0.00783832557499, 0.0159199479967]], "mean": [-632.403808594, 97.1665115356, -17.8994102478, 28.6668663025, -1.92537951469, -1.28935074806, -0.545610010624, -1.62770593166, -3.0848197937, 1.2806122303, -7.47314357758, -9.20851421356, -0.599678337574]}, "pitch_salience": {"dmean": 0.0693350657821, "dmean2": 0.11201749742, "dvar": 0.00383495702408, "dvar2": 0.00981503725052, "max": 0.904548883438, "mean": 0.589507699013, "median": 0.602535188198, "min": 0.128050044179, "var": 0.0105771282688}, "silence_rate_20dB": {"dmean": 0, "dmean2": 0, "dvar": 0, "dvar2": 0, "max": 1, "mean": 1, "median": 1, "min": 1, "var": 0}, "silence_rate_30dB": {"dmean": 0, "dmean2": 0, "dvar": 0, "dvar2": 0, "max": 1, "mean": 1, "median": 1, "min": 1, "var": 0}, "silence_rate_60dB": {"dmean": 0.0194902550429, "dmean2": 0.0389841608703, "dvar": 0.0191119071096, "dvar2": 0.0404683463275, "max": 1, "mean": 0.0612761154771, "median": 0, "min": 0, "var": 0.0575203038752}, "spectral_centroid": {"dmean": 284.281097412, "dmean2": 444.625579834, "dvar": 99378.4453125, "dvar2": 221299.75, "max": 11718.7080078, "mean": 2028.96838379, "median": 1990.06225586, "min": 236.156860352, "var": 710885.5625}, "spectral_complexity": {"dmean": 4.19321584702, "dmean2": 6.24121427536, "dvar": 19.1727561951, "dvar2": 35.8797721863, "max": 55, "mean": 23.0703639984, "median": 24, "min": 0, "var": 101.84185791}, "spectral_contrast_coeffs": {"dmean": [0.0496088564396, 0.0469714514911, 0.0435864217579, 0.0344097614288, 0.0231471676379, 0.01791440323], "dmean2": [0.0826417803764, 0.0761230140924, 0.0676124915481, 0.0537707358599, 0.0365171395242, 0.0282553248107], "dvar": [0.00171981274616, 0.00152853759937, 0.0014227074571, 0.000842397159431, 0.000400328601245, 0.000308533723], "dvar2": [0.00443961285055, 0.00385635532439, 0.00312969973311, 0.00190389412455, 0.000903909269255, 0.000700321164913], "max": [-0.330033332109, -0.30721065402, -0.317526876926, -0.401122540236, -0.487861812115, -0.598685443401], "mean": [-0.621510982513, -0.750821352005, -0.74522036314, -0.753580391407, -0.773399412632, -0.745122075081], "median": [-0.625610768795, -0.757859766483, -0.761047959328, -0.760504841805, -0.77759706974, -0.742781639099], "min": [-0.979669570923, -0.979436159134, -0.975698888302, -0.971650540829, -0.96813249588, -0.963955461979], "var": [0.00654667243361, 0.00538629665971, 0.00861962419003, 0.00538060395047, 0.00245838821866, 0.00191861274652]}, "spectral_contrast_valleys": {"dmean": [0.416958272457, 0.35800743103, 0.337807476521, 0.305905103683, 0.224631771445, 0.248974069953], "dmean2": [0.670823037624, 0.560039699078, 0.50903147459, 0.45584666729, 0.335864841938, 0.305185288191], "dvar": [0.163425415754, 0.131501361728, 0.126660972834, 0.130501240492, 0.10304993391, 0.120515562594], "dvar2": [0.337575048208, 0.247948035598, 0.223101660609, 0.225902810693, 0.179593428969, 0.179387703538], "max": [-5.67147922516, -5.16313648224, -5.38412475586, -5.69968938828, -5.69594430923, -7.77463674545], "mean": [-7.87456130981, -6.94625663757, -7.49009895325, -7.69864749908, -7.18813514709, -10.05727005], "median": [-7.6667342186, -6.692507267, -7.29750871658, -7.48745584488, -6.93209505081, -9.7420091629], "min": [-27.7625846863, -27.8925056458, -27.6242809296, -27.5101890564, -27.5405082703, -27.4127960205], "var": [2.53584694862, 2.65631532669, 2.51274180412, 2.47196555138, 2.48446774483, 2.3798930645]}, "spectral_decrease": {"dmean": 1.55482571262e-09, "dmean2": 2.33779728909e-09, "dvar": 4.24114607928e-18, "dvar2": 9.28916962298e-18, "max": 3.72705911884e-18, "mean": -4.37369340744e-09, "median": -3.5159151146e-09, "min": -3.02616918191e-08, "var": 1.09865343138e-17}, "spectral_energy": {"dmean": 0.00635809218511, "dmean2": 0.00950019899756, "dvar": 6.93267356837e-05, "dvar2": 0.00015116702707, "max": 0.122392274439, "mean": 0.018643874675, "median": 0.0151681406423, "min": 9.98218217995e-21, "var": 0.000190195903997}, "spectral_energyband_high": {"dmean": 0.000295460689813, "dmean2": 0.000414409150835, "dvar": 2.00942338324e-07, "dvar2": 4.06879166803e-07, "max": 0.00953794457018, "mean": 0.000931952090468, "median": 0.000707116676494, "min": 6.84163588803e-21, "var": 7.45235979593e-07}, "spectral_energyband_low": {"dmean": 0.0016149309231, "dmean2": 0.00259483442642, "dvar": 1.24029502331e-05, "dvar2": 2.95986155834e-05, "max": 0.0509094707668, "mean": 0.00250091403723, "median": 0.00134862225968, "min": 9.64436256946e-24, "var": 1.46617639984e-05}, "spectral_energyband_middle_high": {"dmean": 0.00290298392065, "dmean2": 0.00426631560549, "dvar": 2.71549597528e-05, "dvar2": 5.94681805524e-05, "max": 0.0944545269012, "mean": 0.00780282402411, "median": 0.00469415728003, "min": 1.3017571117e-21, "var": 8.82138920133e-05}, "spectral_energyband_middle_low": {"dmean": 0.00387538434006, "dmean2": 0.00598480273038, "dvar": 3.99320269935e-05, "dvar2": 9.03032560018e-05, "max": 0.115557551384, "mean": 0.00816437974572, "median": 0.00585204781964, "min": 1.59972774804e-22, "var": 7.49471437302e-05}, "spectral_entropy": {"dmean": 0.126608416438, "dmean2": 0.183959901333, "dvar": 0.0192396566272, "dvar2": 0.0365222543478, "max": 9.82727813721, "mean": 7.75603723526, "median": 7.78598642349, "min": 5.65157222748, "var": 0.126894876361}, "spectral_flux": {"dmean": 0.0190738514066, "dmean2": 0.03061767295, "dvar": 0.000464815122541, "dvar2": 0.00115327176172, "max": 0.278932720423, "mean": 0.0760604068637, "median": 0.0700150430202, "min": 6.25966500856e-11, "var": 0.00136159092654}, "spectral_kurtosis": {"dmean": 1.09269011021, "dmean2": 1.82831132412, "dvar": 1.46222758293, "dvar2": 4.19798135757, "max": 22.4960670471, "mean": 3.86016488075, "median": 3.56684565544, "min": -1.2685226202, "var": 3.92288303375}, "spectral_rms": {"dmean": 0.000680448079947, "dmean2": 0.00099132489413, "dvar": 5.5812699884e-07, "dvar2": 1.11882138754e-06, "max": 0.0109273549169, "mean": 0.00397148216143, "median": 0.0038468411658, "min": 3.12069142229e-12, "var": 2.41662246481e-06}, "spectral_rolloff": {"dmean": 644.362365723, "dmean2": 1051.39440918, "dvar": 952347.5625, "dvar2": 1932001.5, "max": 20391.9433594, "mean": 2631.70458984, "median": 2325.5859375, "min": 43.06640625, "var": 3468993.5}, "spectral_skewness": {"dmean": 0.160356849432, "dmean2": 0.258615791798, "dvar": 0.0261209271848, "dvar2": 0.0664383769035, "max": 2.77208447456, "mean": 1.26340591908, "median": 1.25660562515, "min": -0.417868256569, "var": 0.12383800745}, "spectral_spread": {"dmean": 441545.03125, "dmean2": 623502.875, "dvar": 659055771648, "dvar2": 1261948108800.0, "max": 51910552, "mean": 4480041, "median": 4169637.5, "min": 1783711.875, "var": 7844556963840.0}, "spect