{"lowlevel": {"average_loudness": 0.793039023876, "barkbands": {"dmean": [6.55476333122e-06, 0.000938402255997, 0.000716971990187, 0.000744156131987, 0.00197301548906, 0.00119206553791, 0.00156540446915, 0.000815488980152, 0.00101773347706, 0.000671318324748, 0.000351420196239, 0.000272405450232, 0.000295274716336, 0.000313946453389, 0.000167828780832, 0.000129825653858, 0.000210407059058, 9.32678158279e-05, 8.08690456324e-05, 5.49718606635e-05, 5.24570859852e-05, 6.74331822665e-05, 6.86837447574e-05, 8.12354264781e-05, 5.41697372682e-05, 2.19744670176e-05, 1.75366369604e-06], "dmean2": [1.03410429801e-05, 0.00159411248751, 0.0012015766697, 0.00120114476886, 0.00316442339681, 0.00180770596489, 0.00232016597874, 0.00123695051298, 0.00143033312634, 0.000983515987173, 0.000519699300639, 0.000419177813455, 0.00044555097702, 0.000494442414492, 0.000267705327133, 0.000197644127184, 0.000315257435432, 0.000141347394674, 0.000125001126435, 8.42877925606e-05, 7.85853262641e-05, 9.95039881673e-05, 0.000100493169157, 0.000112801855721, 7.35837529646e-05, 3.27910893247e-05, 2.84698307951e-06], "dvar": [4.42107433996e-10, 1.38978666655e-05, 6.58188082525e-06, 2.34980916503e-06, 2.98003287753e-05, 4.56433690488e-06, 9.52524169406e-06, 3.73861234948e-06, 6.14707914792e-06, 4.49627304988e-06, 1.83774875495e-06, 4.73136054779e-07, 6.18316448708e-07, 1.2911716567e-06, 2.51556571129e-07, 1.50167792867e-07, 2.86810859507e-07, 5.15374871668e-08, 4.55237127994e-08, 2.88953483363e-08, 1.7442699729e-08, 3.56954643621e-08, 4.53330848416e-08, 4.04569995283e-08, 1.70379479414e-08, 3.69447339388e-09, 9.95026144812e-11], "dvar2": [1.02703434646e-09, 3.69169174519e-05, 1.69395134435e-05, 6.40392499918e-06, 7.90059275459e-05, 1.09267521111e-05, 2.08037636185e-05, 8.3663926489e-06, 1.14588237921e-05, 8.94800905371e-06, 4.06926847063e-06, 1.0641111885e-06, 1.33552009629e-06, 3.35628601533e-06, 6.10989616234e-07, 3.24332859236e-07, 6.38543269815e-07, 1.05862568489e-07, 9.89710216004e-08, 6.61109851308e-08, 4.00857658178e-08, 8.32196818124e-08, 1.06857243054e-07, 8.42659559908e-08, 3.5214377192e-08, 8.34969426933e-09, 2.77579598196e-10], "max": [0.000398113421397, 0.0806703343987, 0.0746568292379, 0.0300811976194, 0.0802082940936, 0.0522099770606, 0.0811578258872, 0.0382936298847, 0.0520009659231, 0.0669092983007, 0.0425649881363, 0.0133468639106, 0.0206458494067, 0.0479897856712, 0.0157591030002, 0.0115717872977, 0.0230800844729, 0.00651925615966, 0.00925819575787, 0.00785360392183, 0.00395516911522, 0.00432280497625, 0.00564756430686, 0.00402176054195, 0.00384198175743, 0.00188986351714, 0.000532140606083], "mean": [8.45197610033e-06, 0.00138617691118, 0.0011801016517, 0.00152709672693, 0.00327103608288, 0.00243390793912, 0.00329950312153, 0.00144820509013, 0.00207053637132, 0.00124121480621, 0.00070849864278, 0.000507662422024, 0.000540158187505, 0.000545247050468, 0.000300379586406, 0.000275719678029, 0.000474472210044, 0.000198521112907, 0.000173119653482, 0.000111743698653, 0.000107132262201, 0.000111043118523, 9.8159413028e-05, 0.000111755573016, 7.57591551519e-05, 2.54833212239e-05, 1.55193799856e-06], "median": [8.89774014468e-07, 0.000436306931078, 0.000424266268965, 0.000702970894054, 0.0017309517134, 0.00127477466594, 0.00133753928822, 0.000384165730793, 0.000480682530906, 0.000145640966366, 4.79140289826e-05, 0.000102325037005, 9.12775794859e-05, 6.94756236044e-05, 6.42450104351e-05, 6.18764897808e-05, 0.000113426031021, 5.30073448317e-05, 5.01215763506e-05, 3.7999041524e-05, 3.78250151698e-05, 3.47611749021e-05, 1.85244880413e-05, 1.69435788848e-05, 1.12153793452e-05, 2.91188644042e-06, 8.79379626895e-08], "min": [9.42065778839e-25, 4.04670024932e-24, 2.44586994196e-24, 2.65437435946e-24, 6.87501824117e-24, 4.74424853261e-24, 2.01254730565e-23, 6.56594648281e-24, 1.9421225372e-23, 2.72683371852e-23, 1.7991615352e-23, 3.27796539461e-23, 2.19059826067e-23, 6.43085215952e-23, 8.36313854787e-23, 7.46169583188e-23, 1.13554899098e-22, 1.04523363122e-22, 1.58871903633e-22, 1.82218160082e-22, 3.42384767476e-22, 3.41338801025e-22, 4.35639940454e-22, 6.20354763259e-22, 9.34402889713e-22, 1.44630025945e-21, 1.94340208221e-21], "var": [5.90292259517e-10, 1.17375984701e-05, 6.90250681146e-06, 4.69277119919e-06, 2.96836424241e-05, 1.07071873572e-05, 2.9946471841e-05, 9.07330195332e-06, 1.80067672773e-05, 1.35936097649e-05, 7.69604594097e-06, 1.49418508499e-06, 2.03687841349e-06, 2.74480703411e-06, 6.15602800735e-07, 5.72186991121e-07, 1.18909861158e-06, 1.80540666861e-07, 1.35761894171e-07, 5.99934679713e-08, 3.87659433443e-08, 5.74060621261e-08, 6.5108764602e-08, 6.831788113e-08, 3.32164766803e-08, 5.82003689686e-09, 6.65348401374e-11]}, "barkbands_crest": {"dmean": 2.16813158989, "dmean2": 3.489995718, "dvar": 4.22675800323, "dvar2": 10.9852552414, "max": 24.8023300171, "mean": 9.56980323792, "median": 8.90548706055, "min": 3.07296133041, "var": 12.3840322495}, "barkbands_flatness_db": {"dmean": 0.0190069265664, "dmean2": 0.0268918275833, "dvar": 0.000318158505252, "dvar2": 0.000665582949296, "max": 0.321034908295, "mean": 0.150556638837, "median": 0.148258775473, "min": 0.0409465357661, "var": 0.00198859185912}, "barkbands_kurtosis": {"dmean": 2.492872715, "dmean2": 3.84682631493, "dvar": 14.055103302, "dvar2": 35.2295951843, "max": 117.473442078, "mean": 4.86923313141, "median": 2.95806741714, "min": -1.8964818716, "var": 44.5208091736}, "barkbands_skewness": {"dmean": 0.457031786442, "dmean2": 0.678041994572, "dvar": 0.230407342315, "dvar2": 0.528326869011, "max": 10.2375888824, "mean": 1.62184429169, "median": 1.54331254959, "min": -3.55356645584, "var": 1.14470672607}, "barkbands_spread": {"dmean": 5.10078525543, "dmean2": 7.45862960815, "dvar": 52.3111305237, "dvar2": 109.376907349, "max": 95.8413009644, "mean": 18.9225578308, "median": 14.9176063538, "min": 1.81415247917, "var": 185.867416382}, "dissonance": {"dmean": 0.0233201663941, "dmean2": 0.0382175669074, "dvar": 0.00048395054182, "dvar2": 0.00125223235227, "max": 0.499999940395, "mean": 0.439408361912, "median": 0.448946386576, "min": 0.216461747885, "var": 0.00168753543403}, "dynamic_complexity": 4.40849876404, "erbbands": {"dmean": [0.0141842067242, 0.255911827087, 0.808000922203, 1.61451995373, 4.47074079514, 7.71203327179, 7.17542219162, 11.0831050873, 22.3622493744, 17.2456073761, 18.7555294037, 21.7644519806, 20.4500675201, 17.5471839905, 12.9557971954, 9.87116527557, 12.5188598633, 15.7703018188, 11.2216749191, 6.13762140274, 7.61269664764, 10.7536325455, 5.54976463318, 3.79227685928, 3.41987752914, 2.9188144207, 2.26705026627, 2.02098727226, 2.21896910667, 2.9629805088, 1.67269384861, 1.48409616947, 1.43658924103, 0.716526031494, 0.337876975536, 0.144276618958, 0.029635483399, 0.00396211026236, 0.000278014485957, 1.71433875948e-05], "dmean2": [0.0239628311247, 0.436825543642, 1.35755968094, 2.61660575867, 7.24033164978, 12.5479383469, 10.7369232178, 16.8957767487, 33.7316322327, 24.9724845886, 27.698381424, 30.8502254486, 28.7396583557, 25.8208427429, 18.9033813477, 14.9564580917, 18.856388092, 24.5817966461, 17.6739025116, 9.26146316528, 11.3325252533, 15.9101266861, 8.11950588226, 5.68684339523, 5.31367731094, 4.50955915451, 3.40117120743, 3.02047920227, 3.21882605553, 4.51857614517, 2.40312600136, 2.06661891937, 2.01082158089, 0.98876708746, 0.46187505126, 0.212205320597, 0.0448901951313, 0.00607259012759, 0.000448015372967, 2.59748030658e-05], "dvar": [0.00341408699751, 0.995948433876, 8.24666404724, 12.0500526428, 144.856231689, 487.676940918, 217.398666382, 470.958343506, 2216.69042969, 1573.75, 1789.84631348, 3231.23266602, 3819.72631836, 3788.47412109, 1661.09265137, 643.952941895, 1211.94885254, 3242.49121094, 975.512512207, 244.016296387, 517.686035156, 775.758483887, 171.270935059, 133.624404907, 67.7813034058, 91.4532852173, 31.3141918182, 29.8945655823, 33.8950538635, 135.775039673, 24.1743354797, 17.2597255707, 11.3091974258, 2.83811020851, 0.754587233067, 0.155647337437, 0.00737440166995, 0.000258906569798, 1.88641092791e-06, 1.00083905608e-08], "dvar2": [0.00892719067633, 2.65647721291, 21.5436458588, 31.7863368988, 389.655212402, 1297.84606934, 532.842041016, 1126.93322754, 4991.41650391, 3090.54150391, 3930.79125977, 6109.85839844, 6714.0703125, 8930.21289062, 3601.5, 1478.85058594, 2597.88330078, 8408.26757812, 2424.65625, 546.001342773, 1100.45996094, 1722.97668457, 329.740509033, 290.63293457, 156.954360962, 217.057067871, 67.9773178101, 69.0963058472, 71.54347229, 348.382110596, 55.2758140564, 38.5601768494, 23.3707962036, 5.76311063766, 1.59506928921, 0.348470062017, 0.0179315824062, 0.000692234141752, 5.07240883962e-06, 2.83579471017e-08], "max": [0.988005042076, 22.0411891937, 76.3397598267, 78.620803833, 212.179122925, 271.209777832, 252.871078491, 616.343933105, 1347.88464355, 917.234436035, 1043.79260254, 1396.56030273, 1509.59130859, 2418.46484375, 1183.52954102, 600.69543457, 1031.01074219, 2242.99633789, 946.090393066, 441.072784424, 793.272338867, 713.325134277, 388.767944336, 427.844482422, 322.313690186, 486.959442139, 163.896240234, 161.546737671, 213.00982666, 258.256500244, 155.745239258, 103.129669189, 55.6613311768, 35.3829498291, 31.3771152496, 14.935585022, 2.89359068871, 0.836692035198, 0.0633862391114, 0.00583171844482], "mean": [0.019731445238, 0.385978639126, 1.32841014862, 3.46025872231, 7.6895813942, 11.8088674545, 14.5514812469, 22.3481426239, 47.2190704346, 35.4186592102, 36.5089607239, 44.6404380798, 42.1764678955, 34.9743690491, 28.5266876221, 19.6397838593, 24.5028953552, 29.7869739532, 21.2697715759, 12.8946809769, 17.9944763184, 25.8277301788, 13.5111160278, 8.51088809967, 7.51371765137, 6.05619668961, 4.96942615509, 3.80646014214, 3.89959549904, 3.83563542366, 2.45628833771, 2.06900691986, 1.94458580017, 0.987195491791, 0.468491315842, 0.1742323488, 0.0326516404748, 0.00415562139824, 0.000256927422015, 3.63728649972e-05], "median": [0.00535900844261, 0.140860542655, 0.556491732597, 1.85390746593, 3.98186063766, 5.55803823471, 8.06296348572, 11.0152902603, 18.166387558, 14.1557807922, 12.3107280731, 12.59948349, 6.42536306381, 4.92157411575, 3.63035011292, 4.6741528511, 4.82942485809, 3.81832337379, 4.84530925751, 3.42017126083, 4.56389284134, 6.49151134491, 3.95797467232, 2.71743488312, 2.41282725334, 2.2783138752, 1.72013533115, 1.37230324745, 1.29167807102, 0.796559393406, 0.456497400999, 0.310543477535, 0.296635687351, 0.141938209534, 0.0642595291138, 0.019538955763, 0.00417223712429, 0.000447079073638, 2.77875733445e-05, 2.53413600149e-05], "min": [1.46161410697e-22, 1.13935273942e-21, 3.78945696167e-21, 7.29226352935e-21, 2.06284029837e-20, 1.68335794454e-20, 2.81105989754e-20, 6.59896322985e-20, 2.7831272361e-19, 1.9482239878e-19, 2.23678297181e-19, 3.40175933112e-19, 7.26750391335e-19, 1.10774269874e-18, 1.24133795114e-18, 1.20946875009e-18, 1.0502052561e-18, 2.23081843091e-18, 5.15877847823e-18, 4.30430793649e-18, 5.79999813573e-18, 6.89410951836e-18, 5.58156496496e-18, 1.03957098079e-17, 8.52415576936e-18, 8.70452250193e-18, 1.33539293628e-17, 1.40196195044e-17, 1.35073755023e-17, 1.16180329447e-17, 1.28924982386e-17, 1.29261504275e-17, 1.06657288568e-17, 9.67597416666e-18, 6.27930835526e-18, 4.43877979354e-18, 2.6887421025e-18, 1.198840203e-18, 2.54385929856e-19, 2.89901246111e-20], "var": [0.00284294923767, 0.839541018009, 7.99935626984, 21.5464839935, 156.0831604, 461.520172119, 411.849914551, 1047.81030273, 7033.58935547, 4648.67089844, 4560.84570312, 9457.7578125, 12103.6162109, 10727.1826172, 7350.70166016, 1978.90893555, 4282.88623047, 7546.99414062, 2359.16113281, 860.741455078, 2167.85986328, 3345.19165039, 697.014526367, 370.449859619, 211.906036377, 175.457305908, 86.3575286865, 57.2068557739, 69.2988891602, 135.906097412, 38.8985099792, 26.4341182709, 19.5894260406, 5.44010972977, 1.46371328831, 0.254229038954, 0.00839553866535, 0.000208367608138, 1.42678311477e-06, 6.77703893004e-09]}, "erbbands_crest": {"dmean": 2.52077198029, "dmean2": 3.94455814362, "dvar": 5.62436437607, "dvar2": 13.4411382675, "max": 29.882024765, "mean": 10.343296051, "median": 9.45882511139, "min": 2.25229930878, "var": 20.2282466888}, "erbbands_flatness_db": {"dmean": 0.0192927028984, "dmean2": 0.0251888819039, "dvar": 0.000332504569087, "dvar2": 0.000557229446713, "max": 0.314735293388, "mean": 0.170198827982, "median": 0.169591382146, "min": 0.0288498997688, "var": 0.00231785513461}, "erbbands_kurtosis": {"dmean": 1.13147711754, "dmean2": 1.72798073292, "dvar": 2.57092428207, "dvar2": 5.56741952896, "max": 33.9250602722, "mean": 1.15954661369, "median": 0.226219415665, "min": -1.83270263672, "var": 9.4106388092}, "erbbands_skewness": {"dmean": 0.364234358072, "dmean2": 0.537064015865, "dvar": 0.124600090086, "dvar2": 0.258224308491, "max": 5.10033082962, "mean": 0.728646874428, "median": 0.744674921036, "min": -4.36012744904, "var": 0.77228564024}, "erbbands_spread": {"dmean": 8.31549453735, "dmean2": 11.8440952301, "dvar": 103.768035889, "dvar2": 208.181869507, "max": 129.315643311, "mean": 38.7330207825, "median": 34.0080604553, "min": 4.63122367859, "var": 517.745178223}, "gfcc": {"cov": [[11083.9296875, -414.950836182, -846.805969238, -391.730133057, -501.579864502, 316.457611084, -372.821289062, 150.722671509, -394.626068115, -198.327987671, -316.411376953, -19.841342926, -15.4976215363], [-414.950836182, 1388.79992676, -412.196960449, -206.559326172, 241.244125366, -238.665298462, 149.635528564, -51.2983551025, 184.969467163, -126.891845703, 72.3449630737, -98.9688568115, 97.157119751], [-846.805969238, -412.196960449, 901.164367676, 204.968307495, -70.7583847046, 131.439743042, -64.0883026123, 9.17520809174, -30.102853775, 92.7331390381, 4.54054164886, 88.9882965088, -64.35546875], [-391.730133057, -206.559326172, 204.968307495, 460.016418457, 62.6189079285, -32.4839706421, -42.0034294128, -3.51271224022, 32.2233772278, 49.6290817261, 20.0302124023, 23.6779499054, -3.30972146988], [-501.579864502, 241.244125366, -70.7583847046, 62.6189079285, 299.202270508, -60.1817741394, -16.3733558655, 30.8730278015, 98.452796936, 13.5246067047, 7.38597202301, -21.0008602142, 11.4842815399], [316.457611084, -238.665298462, 131.439743042, -32.4839706421, -60.1817741394, 271.4637146, 73.4044570923, 7.10419464111, -82.9689407349, 28.4444789886, 4.91478681564, 11.5861024857, -19.1596240997], [-372.821289062, 149.635528564, -64.0883026123, -42.0034294128, -16.3733558655, 73.4044570923, 251.003814697, 6.02363157272, -27.0061511993, -18.9606170654, 41.9365539551, -1.99144029617, 32.401599884], [150.722671509, -51.2983551025, 9.17520809174, -3.51271224022, 30.8730278015, 7.10419464111, 6.02363157272, 145.878616333, 42.6778335571, 0.783749818802, -21.5107212067, 19.0464267731, 19.2300662994], [-394.626068115, 184.969467163, -30.102853775, 32.2233772278, 98.452796936, -82.9689407349, -27.0061511993, 42.6778335571, 164.58114624, 25.5794849396, 3.12999296188, -14.6723279953, 15.6799211502], [-198.327987671, -126.891845703, 92.7331390381, 49.6290817261, 13.5246067047, 28.4444789886, -18.9606170654, 0.783749818802, 25.5794849396, 118.545974731, 28.2109394073, 6.38507413864, -18.6431598663], [-316.411376953, 72.3449630737, 4.54054164886, 20.0302124023, 7.38597202301, 4.91478681564, 41.9365539551, -21.5107212067, 3.12999296188, 28.2109394073, 99.4971389771, 23.961227417, 12.7490053177], [-19.841342926, -98.9688568115, 88.9882965088, 23.6779499054, -21.0008602142, 11.5861024857, -1.99144029617, 19.0464267731, -14.6723279953, 6.38507413864, 23.961227417, 99.7454071045, 17.844209671], [-15.4976215363, 97.157119751, -64.35546875, -3.30972146988, 11.4842815399, -19.1596240997, 32.401599884, 19.2300662994, 15.6799211502, -18.6431598663, 12.7490053177, 17.844209671, 93.5193328857]], "icov": [[0.000187721874681, -0.000244457478402, 0.000312290881993, -0.000153000059072, 0.00039852084592, -0.000476888963021, 0.000598626385909, -0.000444031116785, 0.000531287922058, -0.000170765328221, 0.000520760833751, -0.000263211986749, 8.79314757185e-05], [-0.000244457478402, 0.00249539338984, -0.000536819919944, 0.00127314263955, -0.00175717717502, 0.00180704717059, -0.00198575574905, 0.00186439766549, -0.00264278729446, 0.00245868274942, -0.0024610417895, 0.00188052945305, -0.00115676922724], [0.000312290881993, -0.000536819919944, 0.00222464464605, -0.00100013415795, 0.00110295752529, -0.00165543786716, 0.00136887677945, -0.000798322667833, 0.000744968419895, -0.0010656893719, 0.00133530772291, -0.00196692976169, 0.00117615133058], [-0.000153000059072, 0.00127314263955, -0.00100013415795, 0.00334320357069, -0.00154987559654, 0.00153373042122, -0.00096631917404, 0.00119764450938, -0.00129570718855, 0.000587777059991, -0.00155367702246, 0.000893809308764, -0.000949188834056], [0.00039852084592, -0.00175717717502, 0.00110295752529, -0.00154987559654, 0.00595463393256, -0.0016949577257, 0.00208516092971, -0.00214826711453, -2.76706796285e-05, -0.00155536527745, 0.00163587043062, -0.00083037832519, 0.000866538437549], [-0.000476888963021, 0.00180704717059, -0.00165543786716, 0.00153373042122, -0.0016949577257, 0.00757880834863, -0.00389462360181, 0.000794107501861, 0.000499836984091, -0.00029082573019, -0.00185542320833, 0.00194562051911, -0.000354442105163], [0.000598626385909, -0.00198575574905, 0.00136887677945, -0.00096631917404, 0.00208516092971, -0.00389462360181, 0.00797496549785, -0.00273511977866, 0.0029932311736, -0.000473471212899, -0.000157861184562, -0.000647917506285, -0.00063573627267], [-0.000444031116785, 0.00186439766549, -0.000798322667833, 0.00119764450938, -0.00214826711453, 0.000794107501861, -0.00273511977866, 0.0106461662799, -0.0052377297543, 0.00159197417088, 0.000854740093928, -0.00115660019219, -0.00203277170658], [0.000531287922058, -0.00264278729446, 0.000744968419895, -0.00129570718855, -2.76706796285e-05, 0.000499836984091, 0.0029932311736, -0.0052377297543, 0.0135833043605, -0.00513002555817, 0.00249972078018, -0.000120872340631, -0.000171649895492], [-0.000170765328221, 0.00245868274942, -0.0010656893719, 0.000587777059991, -0.00155536527745, -0.00029082573019, -0.000473471212899, 0.00159197417088, -0.00513002555817, 0.0141111742705, -0.00621960451826, 0.00231112586334, 0.000753040716518], [0.000520760833751, -0.0024610417895, 0.00133530772291, -0.00155367702246, 0.00163587043062, -0.00185542320833, -0.000157861184562, 0.000854740093928, 0.00249972078018, -0.00621960451826, 0.0171291511506, -0.00611206982285, -2.29945580941e-05], [-0.000263211986749, 0.00188052945305, -0.00196692976169, 0.000893809308764, -0.00083037832519, 0.00194562051911, -0.000647917506285, -0.00115660019219, -0.000120872340631, 0.00231112586334, -0.00611206982285, 0.0151964761317, -0.00394170964137], [8.79314757185e-05, -0.00115676922724, 0.00117615133058, -0.000949188834056, 0.000866538437549, -0.000354442105163, -0.00063573627267, -0.00203277170658, -0.000171649895492, 0.000753040716518, -2.29945580941e-05, -0.00394170964137, 0.0140784615651]], "mean": [-30.5050849915, 98.2075958252, -110.878036499, 27.0204620361, -72.0969924927, 3.19905805588, -47.5777359009, 6.13624811172, -23.7869510651, 2.46248936653, -16.566368103, -2.6540453434, -13.3381023407]}, "hfc": {"dmean": 5.16644191742, "dmean2": 6.90184116364, "dvar": 61.2472190857, "dvar2": 119.729782104, "max": 171.095474243, "mean": 17.5865783691, "median": 12.0332098007, "min": 1.1206867932e-16, "var": 290.789916992}, "melbands": {"dmean": [0.000198423396796, 0.000395005074097, 0.000330577575369, 0.000472785031889, 0.000253801001236, 0.000246266834438, 0.000330708484398, 0.000179036724148, 0.00016048894031, 0.000138193514431, 0.000105956292828, 7.79549081926e-05, 4.94600717502e-05, 3.22669257002e-05, 2.88923547487e-05, 2.68184521701e-05, 3.15842407872e-05, 1.97806512006e-05, 1.02574049379e-05, 8.50711694511e-06, 1.00793176898e-05, 1.23592517411e-05, 9.1801812232e-06, 3.85099383493e-06, 3.2639982237e-06, 3.15734064316e-06, 1.85135911579e-06, 2.13839894059e-06, 1.51351389377e-06, 1.37530855682e-06, 1.18853165532e-06, 1.35065420181e-06, 1.37524011734e-06, 1.79917174137e-06, 1.02441788385e-06, 7.75156024702e-07, 1.03448496702e-06, 1.17876948025e-06, 7.10815641014e-07, 5.94802997966e-07], "dmean2": [0.000335660995916, 0.00066213007085, 0.000534805003554, 0.000766217126511, 0.000387302716263, 0.000372630282072, 0.000496405235026, 0.000261745328316, 0.000235453611822, 0.000194095657207, 0.000150162522914, 0.000115859955258, 7.27931692381e-05, 4.85165437567e-05, 4.39385948994e-05, 4.03244011977e-05, 4.94801279274e-05, 3.10235409415e-05, 1.59827432071e-05, 1.31048846015e-05, 1.51294116222e-05, 1.83949814527e-05, 1.36290118462e-05, 5.89334240431e-06, 4.96355414725e-06, 4.92485514769e-06, 2.8908002605e-06, 3.34898459187e-06, 2.32304410019e-06, 2.11238807424e-06, 1.81134032573e-06, 1.98468865165e-06, 2.09362224268e-06, 2.77510321212e-06, 1.50826110712e-06, 1.11335737074e-06, 1.47658147398e-06, 1.68037524872e-06, 1.00805004877e-06, 8.38031269268e-07], "dvar": [6.52648111554e-07, 1.87859029666e-06, 4.34668947946e-07, 2.04201614906e-06, 2.67974371582e-07, 2.09025017739e-07, 4.5375364266e-07, 1.67493780623e-07, 1.27734665512e-07, 1.30368789542e-07, 1.01161283794e-07, 7.12375651801e-08, 3.33752439019e-08, 7.43516581636e-09, 6.36494945638e-09, 4.97914243169e-09, 1.57284443247e-08, 2.94835977854e-09, 8.08191513713e-10, 7.17870818345e-10, 1.00867048047e-09, 1.19561693879e-09, 4.69685235149e-10, 9.62060292542e-11, 1.15635626075e-10, 6.9002088765e-11, 2.52769749576e-11, 6.13605416477e-11, 1.47241004111e-11, 1.29837859214e-11, 1.02574043009e-11, 1.35396823961e-11, 1.92241483149e-11, 5.10555139832e-11, 9.1444204639e-12, 4.84872125089e-12, 9.40355779355e-12, 8.19888514719e-12, 2.86051477644e-12, 2.04258138181e-12], "dvar2": [1.72517195551e-06, 4.8915512707e-06, 1.13975374916e-06, 5.44023396287e-06, 6.68956658956e-07, 4.99513362229e-07, 1.01779085071e-06, 3.3397492416e-07, 2.74747378626e-07, 2.42535833195e-07, 1.79974776415e-07, 1.64774675682e-07, 7.52670956672e-08, 1.62136704063e-08, 1.40169671425e-08, 1.08492441697e-08, 4.13005096789e-08, 7.31749283389e-09, 1.95056881758e-09, 1.71213709876e-09, 2.12098472119e-09, 2.76305645031e-09, 1.00685160209e-09, 2.15656048574e-10, 2.59464394414e-10, 1.51336831955e-10, 5.93053245401e-11, 1.53884557874e-10, 3.2821197149e-11, 3.09170397617e-11, 2.387750761e-11, 2.95661758964e-11, 4.8116659962e-11, 1.30829930223e-10, 2.14983517099e-11, 1.09171205062e-11, 2.12522690418e-11, 1.74615027299e-11, 6.02283891163e-12, 4.23755475154e-12], "max": [0.0161958187819, 0.029190717265, 0.0134552400559, 0.0220048036426, 0.00856877956539, 0.0122428163886, 0.0190071817487, 0.00837362278253, 0.0080363964662, 0.00862652156502, 0.00759388320148, 0.00982783082873, 0.00598161807284, 0.00187724933494, 0.00219184579328, 0.00162009755149, 0.00521241314709, 0.00142288324423, 0.000915905053262, 0.000691676046699, 0.00143312592991, 0.000952906673774, 0.000532234611455, 0.000302998465486, 0.000385985564208, 0.000342043291312, 0.000183957861736, 0.000423244724516, 0.000123330377392, 9.52622212935e-05, 9.10793169169e-05, 0.000131942841108, 0.000100956276583, 0.000146914942889, 8.62241504365e-05, 5.1903003623e-05, 8.49274656503e-05, 5.33672391612e-05, 2.95093614113e-05, 3.18232669088e-05], "mean": [0.0002911426418, 0.000650672998745, 0.000702249351889, 0.000753697822802, 0.000502705341205, 0.000506293086801, 0.000701720127836, 0.000358675752068, 0.000309429713525, 0.000277527899016, 0.000211859107367, 0.000147715079947, 0.000104546823422, 6.10393253737e-05, 5.24520037288e-05, 5.09772726218e-05, 5.64508154639e-05, 3.51758681063e-05, 1.91155468201e-05, 1.65829133039e-05, 2.19850226131e-05, 2.79552205029e-05, 1.97903027583e-05, 7.98295604909e-06, 6.63720493321e-06, 6.5912959144e-06, 3.67110465049e-06, 4.08379401051e-06, 3.11672215503e-06, 2.66456277132e-06, 2.04242337531e-06, 2.32539537137e-06, 1.94708013623e-06, 2.22580570153e-06, 1.44458249451e-06, 1.11283839033e-06, 1.37704421377e-06, 1.54001907049e-06, 9.72268935584e-07, 7.92758669377e-07], "median": [8.39262575028e-05, 0.00028882312472, 0.000420117896283, 0.000375179864932, 0.000288961309707, 0.000256351282587, 0.000287433795165, 0.000129995984025, 9.69875836745e-05, 6.69420478516e-05, 2.77707404166e-05, 1.9422153855e-05, 9.9827793747e-06, 1.15370148706e-05, 1.09306947707e-05, 8.50731066748e-06, 5.96093013883e-06, 7.15925716577e-06, 4.46930107501e-06, 3.57755175173e-06, 4.98143572258e-06, 5.86395708524e-06, 4.19672733187e-06, 2.12802228816e-06, 1.82983069408e-06, 1.81838856861e-06, 1.39886367378e-06, 1.25860105982e-06, 9.04322121187e-07, 9.11749566512e-07, 6.35254366443e-07, 7.3160674674e-07, 4.91373782552e-07, 4.00593535232e-07, 2.70650133416e-07, 1.77506251475e-07, 1.89587908039e-07, 2.17180897266e-07, 1.58069198619e-07, 1.01978493205e-07], "min": [2.12964518734e-24, 1.5799542868e-24, 1.9201935451e-24, 1.49760706906e-24, 9.50736839302e-25, 1.38728151881e-24, 4.68152146887e-24, 2.03001244944e-24, 1.76929766735e-24, 2.64616133136e-24, 2.94295940011e-24, 4.87492846916e-24, 2.93783436803e-24, 3.59958729888e-24, 3.17498153614e-24, 2.56639999966e-24, 4.31464158895e-24, 8.10535647453e-24, 5.67058541108e-24, 6.58468626804e-24, 4.91161207897e-24, 7.66259014767e-24, 4.50540708849e-24, 4.59612530373e-24, 7.84015642655e-24, 5.00260284566e-24, 7.80769716688e-24, 4.10977993389e-24, 6.64478603054e-24, 5.39329212542e-24, 7.36165391183e-24, 6.5176382187e-24, 6.34401072232e-24, 6.41235920887e-24, 7.5928114563e-24, 7.79742698676e-24, 7.96626925289e-24, 7.39703432343e-24, 6.94768021915e-24, 7.49532402563e-24], "var": [5.45792147477e-07, 1.78094944658e-06, 7.60839100167e-07, 1.92269067156e-06, 4.49623826171e-07, 5.001899126e-07, 1.40395059134e-06, 4.90168304168e-07, 3.31342903337e-07, 3.76740842967e-07, 3.2081644008e-07, 2.00442201503e-07, 1.45970616927e-07, 2.41390853972e-08, 1.90458635529e-08, 1.58916400039e-08, 3.41228982847e-08, 6.76406664013e-09, 2.2877686412e-09, 2.09347827962e-09, 3.91017662693e-09, 4.72724570599e-09, 1.73140635162e-09, 2.73421091324e-10, 2.92303597993e-10, 2.08795647438e-10, 4.93902141407e-11, 1.03650019123e-10, 4.00116155486e-11, 2.62381782967e-11, 1.84827673999e-11, 2.70563068477e-11, 2.32933984601e-11, 5.06926306487e-11, 1.3985342398e-11, 8.27861303815e-12, 1.30006613114e-11, 1.30774028759e-11, 5.06533400293e-12, 3.76844866076e-12]}, "melbands_crest": {"dmean": 2.73128271103, "dmean2": 4.3856253624, "dvar": 6.78306865692, "dvar2": 17.1498699188, "max": 36.5297431946, "mean": 12.6615066528, "median": 11.7540121078, "min": 1.79992234707, "var": 22.4899463654}, "melbands_flatness_db": {"dmean": 0.0213649664074, "dmean2": 0.0305174738169, "dvar": 0.00046876660781, "dvar2": 0.000992525951006, "max": 0.439302325249, "mean": 0.208091333508, "median": 0.205396428704, "min": 0.00460602529347, "var": 0.00329969916493}, "melbands_kurtosis": {"dmean": 5.57224702835, "dmean2": 8.6102104187, "dvar": 104.346435547, "dvar2": 261.160827637, "max": 376.663269043, "mean": 13.0565471649, "median": 8.35449790955, "min": -1.75243580341, "var": 294.939575195}, "melbands_skewness": {"dmean": 0.58564466238, "dmean2": 0.868369936943, "dvar": 0.467918843031, "dvar2": 1.07771885395, "max": 15.6475257874, "mean": 2.42506957054, "median": 2.21957492828, "min": -1.4683817625, "var": 2.38452386856}, "melbands_spread": {"dmean": 5.26907920837, "dmean2": 7.97782802582, "dvar": 79.3193969727, "dvar2": 172.206069946, "max": 197.523696899, "mean": 19.6659240723, "median": 15.7157592773, "min": 1.15341973305, "var": 247.512954712}, "mfcc": {"cov": [[7766.51367188, -54.4840583801, -493.576812744, -613.281799316, -185.245254517, -177.648300171, -4.87882423401, 127.308731079, 44.6160430908, -118.991920471, -82.6503143311, -167.494995117, -346.141296387], [-54.4840583801, 1398.34191895, -455.78503418, -42.9042472839, -15.9818382263, -105.208396912, -59.041431427, 38.7749862671, 49.2888450623, -2.25822067261, 43.1419181824, -17.7916812897, -73.3919677734], [-493.576812744, -455.78503418, 824.246704102, 59.8577194214, 20.8659152985, 113.499420166, 48.203125, -7.9911532402, -52.2795715332, -10.9045133591, -30.354516983, 35.5288276672, 103.165748596], [-613.281799316, -42.9042472839, 59.8577194214, 450.598999023, 151.740432739, 3.09130740166, -79.287727356, -26.5542144775, 14.4377241135, 27.6477050781, -22.3797245026, 18.8126869202, 102.211753845], [-185.245254517, -15.9818382263, 20.8659152985, 151.740432739, 317.371459961, -9.42698001862, -108.369422913, -30.3771266937, 21.2222995758, 42.1783485413, 26.1826114655, 0.77732104063, 29.7669029236], [-177.648300171, -105.208396912, 113.499420166, 3.09130740166, -9.42698001862, 189.837982178, 91.1371765137, -16.0470714569, -31.9524307251, 15.0950584412, 17.8576412201, 17.8597221375, 12.5404024124], [-4.87882423401, -59.041431427, 48.203125, -79.287727356, -108.369422913, 91.1371765137, 229.138214111, 51.8161430359, -10.5224323273, 0.381457239389, -0.941839873791, 7.4730257988, -17.4196224213], [127.308731079, 38.7749862671, -7.9911532402, -26.5542144775, -30.3771266937, -16.0470714569, 51.8161430359, 140.233139038, 40.9660186768, -14.2821512222, -6.84141874313, -9.9968919754, -4.50880908966], [44.6160430908, 49.2888450623, -52.2795715332, 14.4377241135, 21.2222995758, -31.9524307251, -10.5224323273, 40.9660186768, 122.852012634, 39.8092079163, -3.53616809845, -4.9250869751, -10.1288394928], [-118.991920471, -2.25822067261, -10.9045133591, 27.6477050781, 42.1783485413, 15.0950584412, 0.381457239389, -14.2821512222, 39.8092079163, 112.098258972, 37.7297477722, -8.66856956482, 0.0748597681522], [-82.6503143311, 43.1419181824, -30.354516983, -22.3797245026, 26.1826114655, 17.8576412201, -0.941839873791, -6.84141874313, -3.53616809845, 37.7297477722, 101.944343567, 26.045124054, -20.3988304138], [-167.494995117, -17.7916812897, 35.5288276672, 18.8126869202, 0.77732104063, 17.8597221375, 7.4730257988, -9.9968919754, -4.9250869751, -8.66856956482, 26.045124054, 97.5463790894, 39.8473014832], [-346.141296387, -73.3919677734, 103.165748596, 102.211753845, 29.7669029236, 12.5404024124, -17.4196224213, -4.50880908966, -10.1288394928, 0.0748597681522, -20.3988304138, 39.8473014832, 144.167282104]], "icov": [[0.000166836762219, 5.70857519051e-05, 7.94777952251e-05, 0.000178570655407, -2.11550868698e-05, 3.8373607822e-05, 8.65466790856e-05, -0.000132374494569, -2.22146212536e-07, 7.32722546672e-05, 0.000174675704329, 5.93810000282e-05, 0.000261750479694], [5.70857519051e-05, 0.000921045488212, 0.000464620068669, 3.29320318997e-05, 6.91897294018e-05, 0.000156130947289, 0.000187678742805, -0.00026454316685, -0.000115193957754, 0.000181746756425, -0.000305949768517, 4.07965599152e-05, 0.000173896114575], [7.94777952251e-05, 0.000464620068669, 0.00173602893483, 0.000137223818456, -0.000146777485497, -0.000685824314132, 5.89422270423e-05, -0.000340207945555, 0.000418688374339, 1.35977879836e-05, 0.000467914243927, -0.000174180007889, -0.000682033598423], [0.000178570655407, 3.29320318997e-05, 0.000137223818456, 0.00340977916494, -0.00121983978897, -0.000288070994429, 0.000597461650614, -4.26047881774e-05, -0.00015249750868, -0.000504469440784, 0.00119572330732, -0.000130409782287, -0.00152759253979], [-2.11550868698e-05, 6.91897294018e-05, -0.000146777485497, -0.00121983978897, 0.00464528193697, -0.000535226950888, 0.0019906880334, -5.08616324169e-07, -0.000483363255626, -0.000774379295763, -0.00129594886675, 0.000450401537819, -5.91696552874e-05], [3.8373607822e-05, 0.000156130947289, -0.000685824314132, -0.000288070994429, -0.000535226950888, 0.00806341599673, -0.00365621387027, 0.00147740659304, 0.00122126715723, -0.000699537515175, -0.00116290908772, -0.000281669810647, -0.000120356729894], [8.65466790856e-05, 0.000187678742805, 5.89422270423e-05, 0.000597461650614, 0.0019906880334, -0.00365621387027, 0.00794706214219, -0.00337093463168, 0.000973118178081, -0.00162989203818, 0.00128806487191, -0.0011743895011, 0.00117545807734], [-0.000132374494569, -0.00026454316685, -0.000340207945555, -4.26047881774e-05, -5.08616324169e-07, 0.00147740659304, -0.00337093463168, 0.0104038743302, -0.00457537081093, 0.00343781430274, -0.00200293096714, 0.00217184773646, -0.0015961099416], [-2.22146212536e-07, -0.000115193957754, 0.000418688374339, -0.00015249750868, -0.000483363255626, 0.00122126715723, 0.000973118178081, -0.00457537081093, 0.0126028712839, -0.00635892990977, 0.0035477608908, -0.00252102175727, 0.00180492422078], [7.32722546672e-05, 0.000181746756425, 1.35977879836e-05, -0.000504469440784, -0.000774379295763, -0.000699537515175, -0.00162989203818, 0.00343781430274, -0.00635892990977, 0.0148606859148, -0.00683007016778, 0.0044650696218, -0.00190733000636], [0.000174675704329, -0.000305949768517, 0.000467914243927, 0.00119572330732, -0.00129594886675, -0.00116290908772, 0.00128806487191, -0.00200293096714, 0.0035477608908, -0.00683007016778, 0.0159810874611, -0.00650736037642, 0.00385543284938], [5.93810000282e-05, 4.07965599152e-05, -0.000174180007889, -0.000130409782287, 0.000450401537819, -0.000281669810647, -0.0011743895011, 0.00217184773646, -0.00252102175727, 0.0044650696218, -0.00650736037642, 0.0148454094306, -0.00496543943882], [0.000261750479694, 0.000173896114575, -0.000682033598423, -0.00152759253979, -5.91696552874e-05, -0.000120356729894, 0.00117545807734, -0.0015961099416, 0.00180492422078, -0.00190733000636, 0.00385543284938, -0.00496543943882, 0.0113850105554]], "mean": [-672.346496582, 126.630386353, 11.9441919327, 19.5508499146, -2.20938014984, -4.95509910583, -10.4916620255, -5.15082263947, -4.63478040695, -4.01687049866, -0.38649430871, 1.43388938904, -2.39421796799]}, "pitch_salience": {"dmean": 0.0591853149235, "dmean2": 0.0942100137472, "dvar": 0.00286159291863, "dvar2": 0.00732947513461, "max": 0.843132793903, "mean": 0.588445901871, "median": 0.595787644386, "min": 0.0949060842395, "var": 0.00991805363446}, "silence_rate_20dB": {"dmean": 0, "dmean2": 0, "dvar": 0, "dvar2": 0, "max": 1, "mean": 1, "median": 1, "min": 1, "var": 0}, "silence_rate_30dB": {"dmean": 0.000246913579758, "dmean2": 0.000493888161145, "dvar": 0.000246862182394, "dvar2": 0.000740626594052, "max": 1, "mean": 0.999876558781, "median": 1, "min": 0, "var": 0.000123423800687}, "silence_rate_60dB": {"dmean": 0.0217283945531, "dmean2": 0.0434621572495, "dvar": 0.021257115528, "dvar2": 0.0472558178008, "max": 1, "mean": 0.128626093268, "median": 0, "min": 0, "var": 0.112076506019}, "spectral_centroid": {"dmean": 187.806930542, "dmean2": 277.26361084, "dvar": 70783.5859375, "dvar2": 138474.125, "max": 11278.7353516, "mean": 1105.32006836, "median": 957.007629395, "min": 214.768508911, "var": 469873.15625}, "spectral_complexity": {"dmean": 2.23975300789, "dmean2": 3.42511415482, "dvar": 6.37729930878, "dvar2": 13.5538492203, "max": 46, "mean": 13.9140844345, "median": 13, "min": 0, "var": 54.677066803}, "spectral_contrast_coeffs": {"dmean": [0.0461461134255, 0.0432805679739, 0.0380693897605, 0.0297224987298, 0.0244828071445, 0.0210395287722], "dmean2": [0.0752106681466, 0.0688520669937, 0.0593297742307, 0.0469765067101, 0.0369900912046, 0.0300521813333], "dvar": [0.00163934740704, 0.0013881722698, 0.00106615631375, 0.000620788778178, 0.000472311279736, 0.000382731406717], "dvar2": [0.00419932324439, 0.00342939863913, 0.00236376398243, 0.00145829701796, 0.000964511244092, 0.000763021933381], "max": [-0.309335142374, -0.412416994572, -0.421053081751, -0.528713524342, -0.52477055788, -0.597647190094], "mean": [-0.598324656487, -0.675234258175, -0.721090972424, -0.751959443092, -0.756594121456, -0.769968986511], "median": [-0.601601362228, -0.676026046276, -0.729577422142, -0.756819486618, -0.761174499989, -0.774514317513], "min": [-0.969296395779, -0.974601209164, -0.968138158321, -0.969732761383, -0.96610480547, -0.964038491249], "var": [0.0071905143559, 0.00542439054698, 0.0065904208459, 0.003895328613, 0.00328431394883, 0.00207425607368]}, "spectral_contrast_valleys": {"dmean": [0.399615526199, 0.341107755899, 0.321965306997, 0.290298312902, 0.270745515823, 0.448389977217], "dmean2": [0.654170155525, 0.542386233807, 0.504542410374, 0.449825286865, 0.376967728138, 0.499619364738], "dvar": [0.148114830256, 0.106739968061, 0.107025377452, 0.0863275378942, 0.0895129367709, 0.198708370328], "dvar2": [0.333265990019, 0.236523881555, 0.219062209129, 0.172216057777, 0.156363025308, 0.321670740843], "max": [-5.36475324631, -4.61542844772, -5.21936655045, -6.17740488052, -6.04480981827, -7.63902330399], "mean": [-7.82764101028, -6.88376235962, -8.02980136871, -8.43355846405, -8.32004451752, -10.5274419785], "median": [-7.69574546814, -6.69469213486, -7.8341460228, -8.20369529724, -8.14534282684, -10.4818887711], "min": [-27.7761230469, -27.8820667267, -27.5697555542, -27.5313892365, -27.4229335785, -27.2971572876], "var": [1.48495328426, 1.61798489094, 1.82271945477, 1.69982218742, 1.61179566383, 2.07057833672]}, "spectral_decrease": {"dmean": 1.60947299932e-09, "dmean2": 2.36879249549e-09, "dvar": 7.02632441311e-18, "dvar2": 1.56886119001e-17, "max": 1.37140509728e-19, "mean": -5.46799805434e-09, "median": -4.42359171515e-09, "min": -3.20446069679e-08, "var": 2.15500468079e-17}, "spectral_energy": {"dmean": 0.00643395539373, "dmean2": 0.00938885938376, "dvar": 0.000108719228592, "dvar2": 0.0002392991737, "max": 0.12692655623, "mean": 0.0222326461226, "median": 0.0179106239229, "min": 1.02876937459e-20, "var": 0.000351961673005}, "spectral_energyband_high": {"dmean": 0.000332280120347, "dmean2": 0.00045053451322, "dvar": 5.75761362143e-07, "dvar2": 1.1800611901e-06, "max": 0.0191547665745, "mean": 0.000598877901211, "median": 0.000193025218323, "min": 7.18275014768e-21, "var": 1.23402128338e-06}, "spectral_energyband_low": {"dmean": 0.00172887253575, "dmean2": 0.00281962868758, "dvar": 2.90984116873e-05, "dvar2": 7.2970688052e-05, "max": 0.108708895743, "mean": 0.00330127542838, "median": 0.00178108701948, "min": 1.41889097806e-23, "var": 3.15111865348e-05}, "spectral_energyband_middle_high": {"dmean": 0.00153701775707, "dmean2": 0.00217951810919, "dvar": 8.76200829225e-06, "dvar2": 1.76859921339e-05, "max": 0.0952419415116, "mean": 0.00486920215189, "median": 0.00197556079365, "min": 1.36480136063e-21, "var": 5.33074344276e-05}, "spectral_energyband_middle_low": {"dmean": 0.00485509168357, "dmean2": 0.00720644835383, "dvar": 7.10342137609e-05, "dvar2": 0.000168675585883, "max": 0.119732879102, "mean": 0.0143453627825, "median": 0.0110506555066, "min": 2.12091855557e-22, "var": 0.000181204290129}, "spectral_entropy": {"dmean": 0.19675026834, "dmean2": 0.257842600346, "dvar": 0.0399787165225, "dvar2": 0.0701953619719, "max": 9.81550979614, "mean": 7.28657722473, "median": 7.25543928146, "min": 5.54303455353, "var": 0.239235758781}, "spectral_flux": {"dmean": 0.0202373899519, "dmean2": 0.0311011876911, "dvar": 0.000650894769933, "dvar2": 0.00139285961632, "max": 0.289572298527, "mean": 0.0647981911898, "median": 0.0557397305965, "min": 6.63015475855e-11, "var": 0.00206721853465}, "spectral_kurtosis": {"dmean": 1.99907267094, "dmean2": 3.16351819038, "dvar": 5.3276181221, "dvar2": 14.3962450027, "max": 49.4117546082, "mean": 5.13517570496, "median": 4.32436037064, "min": -1.21915650368, "var": 17.2511253357}, "spectral_rms": {"dmean": 0.000608692702372, "dmean2": 0.00086084502982, "dvar": 6.31552666164e-07, "dvar2": 1.2592524854e-06, "max": 0.0111279282719, "mean": 0.004192836117, "median": 0.00418016500771, "min": 3.16808688658e-12, "var": 4.11045994042e-06}, "spectral_rolloff": {"dmean": 460.602722168, "dmean2": 770.263000488, "dvar": 1062729.75, "dvar2": 2385190.75, "max": 19229.1503906, "mean": 1362.90576172, "median": 839.794921875, "min": 43.06640625, "var": 2376384.75}, "spectral_skewness": {"dmean": 0.251789391041, "dmean2": 0.380179136992, "dvar": 0.0587966293097, "dvar2": 0.138750404119, "max": 5.45908021927, "mean": 1.70704960823, "median": 1.6649479866, "min": -0.0520975664258, "var": 0.33972799778}, "spectral_spread": {"dmean": 828423.1875, "dmean2": 1069460.125, "dvar": 1010113052670.0, "dvar2": 17978637680