{"lowlevel": {"average_loudness": 0.844969749451, "barkbands": {"dmean": [1.366347351e-05, 0.00178334349766, 0.00173296709545, 0.000344492727891, 0.00116572738625, 0.000736690417398, 0.000968606269453, 0.000772893312387, 0.000926229928154, 0.000584994093515, 0.000561468536034, 0.000633397081401, 0.000601645850111, 0.000330158945872, 0.000257004459854, 0.000188606994925, 0.00011239755986, 0.000202710434678, 0.000100283352367, 8.87003479875e-05, 6.71209418215e-05, 8.39031054056e-05, 0.000123167643324, 9.94941001409e-05, 4.59266266262e-05, 1.10902583401e-05, 5.68679581647e-07], "dmean2": [2.34528160945e-05, 0.00269717373885, 0.00266778189689, 0.000579001323786, 0.00182039348874, 0.00111108657438, 0.00142043211963, 0.0011498297099, 0.00130843056832, 0.000865852751303, 0.000822044152301, 0.000940290279686, 0.000896907120477, 0.000515332620125, 0.000391780631617, 0.000285157351755, 0.000173445572727, 0.000308268063236, 0.000153847897309, 0.000130409898702, 0.000104193393781, 0.000120622898976, 0.000174033761141, 0.000143812168972, 6.64052859065e-05, 1.58875918714e-05, 8.42880353957e-07], "dvar": [6.00060778844e-10, 1.34628326123e-05, 9.25055428525e-06, 5.48516197796e-07, 7.20439675206e-06, 2.77067215393e-06, 4.84273778056e-06, 2.64727555077e-06, 6.27077588433e-06, 2.23379015551e-06, 2.77455592368e-06, 4.44736951977e-06, 1.8396364112e-06, 7.29084774775e-07, 4.29249894296e-07, 2.85712104642e-07, 1.37483056051e-07, 2.66486637202e-07, 6.22030640329e-08, 6.06789427593e-08, 1.73415116933e-07, 1.09027240569e-07, 3.52845631824e-07, 3.54031755023e-07, 4.43556338325e-08, 7.97570509636e-10, 2.17412242723e-12], "dvar2": [1.54297363775e-09, 2.69908359769e-05, 1.95121338038e-05, 1.43751924497e-06, 1.75657078216e-05, 6.02135514782e-06, 8.59091596794e-06, 5.4063348216e-06, 1.12853913379e-05, 4.86332646688e-06, 5.66223661735e-06, 9.84518283076e-06, 3.48689923158e-06, 1.63408208209e-06, 9.814865507e-07, 6.1945405605e-07, 2.98718447311e-07, 6.30869806173e-07, 1.48641191799e-07, 1.28193974547e-07, 4.94796381645e-07, 2.52006572055e-07, 6.79887989463e-07, 7.71785892084e-07, 9.58022638997e-08, 1.67906488713e-09, 5.05524832065e-12], "max": [0.000549488060642, 0.0631837546825, 0.0340598076582, 0.00908859726042, 0.0398189276457, 0.0442955605686, 0.0698487311602, 0.0369517542422, 0.05598019436, 0.0373258665204, 0.0368816740811, 0.0582331307232, 0.0259161759168, 0.0236897226423, 0.0144683392718, 0.0150601724163, 0.011803987436, 0.0121694132686, 0.00719993887469, 0.0109918611124, 0.0175062995404, 0.00775359896943, 0.0150960655883, 0.0179660599679, 0.00555007858202, 0.000547418603674, 2.66847073362e-05], "mean": [1.58883922268e-05, 0.0040201805532, 0.00425044633448, 0.000529136625119, 0.00190552754793, 0.00239690509625, 0.00186691049021, 0.00150704337284, 0.00188719702419, 0.00117998651695, 0.00111648498569, 0.00130494323093, 0.00109866599087, 0.000531587866135, 0.000477004708955, 0.000408786494518, 0.000235451821936, 0.00048130430514, 0.000196880253498, 0.00016621821851, 9.21547325561e-05, 0.000130978529342, 0.000157820177265, 0.000120515702292, 5.52409073862e-05, 1.24533153212e-05, 6.24918868652e-07], "median": [7.04142212271e-06, 0.00105600652751, 0.00222221133299, 0.000186191697139, 0.00104005343746, 0.000408632360632, 0.000610052491538, 0.000515339779668, 0.000494969077408, 0.000315225217491, 0.000210214886465, 0.000274908874417, 0.000325406144839, 0.000133115056087, 0.000159845993039, 7.76827291702e-05, 4.92742910865e-05, 0.000135766749736, 6.83048929204e-05, 4.97684959555e-05, 2.4519258659e-05, 3.17106932926e-05, 1.75553668669e-05, 1.56323294505e-05, 7.75038552092e-06, 1.51451695274e-06, 9.32761068384e-08], "min": [3.47834065965e-25, 1.54379438202e-24, 6.8089503515e-25, 1.26664900779e-24, 8.89945147186e-24, 9.87488823635e-24, 5.86267225264e-24, 6.46958830653e-24, 1.3622879993e-23, 1.0096471376e-23, 1.10119712778e-23, 1.243353255e-23, 2.35983259067e-23, 2.40253773355e-23, 3.12967942372e-23, 4.83284873521e-23, 5.34398547895e-23, 7.08146866209e-23, 1.30501032359e-22, 1.51521007418e-22, 2.35961625345e-22, 2.96276390302e-22, 3.49666950751e-22, 6.28111096115e-22, 8.7966952392e-22, 1.2228748582e-21, 1.87470772118e-21], "var": [8.1355672199e-10, 3.38722711604e-05, 2.70800937869e-05, 7.45365412058e-07, 8.84007295099e-06, 3.36214907293e-05, 1.8463939341e-05, 8.15338717075e-06, 2.16085627471e-05, 7.20994739822e-06, 9.74160047917e-06, 1.28831643451e-05, 5.06792775923e-06, 1.75595505425e-06, 9.69462462308e-07, 1.2050420537e-06, 4.8428557875e-07, 1.04114667465e-06, 1.18268452809e-07, 1.44947691183e-07, 1.25675597928e-07, 1.56895964665e-07, 6.42209784019e-07, 5.13124234658e-07, 5.98648881578e-08, 1.14062626011e-09, 2.52533172325e-12]}, "barkbands_crest": {"dmean": 2.21808981895, "dmean2": 3.44464707375, "dvar": 5.16045856476, "dvar2": 11.6669282913, "max": 26.9184684753, "mean": 10.7394151688, "median": 9.85468769073, "min": 2.77073764801, "var": 20.2062644958}, "barkbands_flatness_db": {"dmean": 0.0209777262062, "dmean2": 0.0291409492493, "dvar": 0.000711400061846, "dvar2": 0.00127222074661, "max": 1, "mean": 0.156554222107, "median": 0.150393277407, "min": 0.0325980074704, "var": 0.00381212239154}, "barkbands_kurtosis": {"dmean": 32.3465995789, "dmean2": 60.6692276001, "dvar": 1107174, "dvar2": 3039312, "max": 46204.2382812, "mean": 25.0864925385, "median": 1.31327915192, "min": -1.93427371979, "var": 715958.375}, "barkbands_skewness": {"dmean": 0.600947380066, "dmean2": 0.917594850063, "dvar": 11.9607372284, "dvar2": 31.690120697, "max": 161.626541138, "mean": 1.37303876877, "median": 1.05742681026, "min": -4.03913211823, "var": 13.1882839203}, "barkbands_spread": {"dmean": 4.77454948425, "dmean2": 7.10264205933, "dvar": 67.5209655762, "dvar2": 144.347412109, "max": 104.64364624, "mean": 19.2745685577, "median": 16.6353855133, "min": 0.00306499260478, "var": 192.362014771}, "dissonance": {"dmean": 0.0249680932611, "dmean2": 0.0411367639899, "dvar": 0.00071711424971, "dvar2": 0.00180183444172, "max": 0.499999016523, "mean": 0.441579401493, "median": 0.453145802021, "min": 0, "var": 0.00203974638134}, "dynamic_complexity": 3.61499667168, "erbbands": {"dmean": [0.019039683044, 0.506457686424, 1.9207804203, 1.48325741291, 1.90249574184, 5.09101009369, 5.24762582779, 6.07613706589, 11.8468294144, 15.1186819077, 16.4030742645, 21.3847923279, 15.6534042358, 19.8675727844, 23.9715805054, 18.9339942932, 25.1552429199, 17.199634552, 13.4378328323, 11.9650564194, 9.14834213257, 5.46086597443, 9.44081687927, 6.11455488205, 4.92734909058, 4.12492847443, 3.24382901192, 2.22025728226, 2.98040556908, 3.445094347, 3.62015247345, 2.38354897499, 1.42159175873, 0.646923661232, 0.272763073444, 0.0807140693069, 0.0148974973708, 0.00165486242622, 9.52305344981e-05, 9.80602453637e-06], "dmean2": [0.02885071747, 0.760534226894, 2.94244122505, 2.32877182961, 3.11597657204, 8.15409374237, 7.82670736313, 9.15752506256, 17.3675708771, 22.1456565857, 24.2990970612, 30.3776721954, 22.6810302734, 29.269569397, 35.1072120667, 27.7284221649, 36.7641029358, 26.1246986389, 20.2724819183, 18.0114841461, 13.520275116, 7.99673128128, 14.2616977692, 9.12057495117, 7.3125834465, 6.08576154709, 5.27549266815, 3.19285416603, 4.32085943222, 4.9221663475, 5.16782522202, 3.38325572014, 2.13216400146, 0.952875673771, 0.390661686659, 0.114783912897, 0.0215299651027, 0.00241413223557, 0.000136958420626, 1.34633555717e-05], "dvar": [0.00191991077736, 1.02917850018, 10.8699073792, 7.90076684952, 21.1598758698, 155.940643311, 97.7293319702, 256.713409424, 1051.58361816, 903.768981934, 1361.36132812, 3673.19311523, 1243.38793945, 4113.37646484, 5848.85009766, 2864.65576172, 3597.84936523, 1586.98034668, 1140.14868164, 964.760986328, 593.51373291, 173.455551147, 528.801208496, 241.683898926, 163.721160889, 114.666915894, 654.627563477, 42.8161811829, 135.356170654, 247.48374939, 318.429199219, 185.485855103, 91.3340835571, 10.9915513992, 1.31387138367, 0.0550846680999, 0.00138478714507, 1.66818736034e-05, 5.68251223854e-08, 2.68863126207e-10], "dvar2": [0.00384218245745, 2.07189941406, 23.0615444183, 18.8252468109, 53.2415237427, 381.684020996, 213.115509033, 540.213500977, 1834.16760254, 1729.9498291, 2704.88769531, 6856.29492188, 2559.1784668, 9026.61914062, 12625.3212891, 5800.80664062, 6650.70458984, 3523.8347168, 2355.43115234, 2248.26245117, 1132.23413086, 343.041046143, 1217.55358887, 472.900085449, 318.751556396, 264.877197266, 1900.08227539, 98.531539917, 330.096984863, 467.626434326, 639.012573242, 378.98324585, 212.925354004, 24.2693405151, 2.68231129646, 0.11119081825, 0.00300564360805, 3.75508607249e-05, 1.24472677498e-07, 5.22320853236e-10], "max": [0.846884012222, 17.4568080902, 34.0712623596, 37.6471099854, 56.5649299622, 215.094116211, 340.206420898, 545.61706543, 1236.77819824, 1088.05053711, 988.711547852, 1433.99987793, 663.299255371, 1815.59289551, 2073.45214844, 1384.7076416, 1421.24157715, 960.638427734, 957.189025879, 771.877258301, 800.141235352, 429.134674072, 655.077880859, 509.221282959, 650.262573242, 283.082000732, 1019.15045166, 203.506881714, 332.094146729, 398.846984863, 514.435913086, 375.770019531, 363.486572266, 105.578056335, 30.0858478546, 6.44729995728, 0.780068933964, 0.0579681657255, 0.00402962882072, 0.000280914275208], "mean": [0.0380778685212, 1.18541681767, 4.95144701004, 3.17302823067, 2.59485220909, 7.63942909241, 16.8078918457, 17.7348709106, 24.182516098, 30.369052887, 33.8772888184, 43.3797721863, 34.9724655151, 40.0296859741, 62.5295410156, 39.9213485718, 47.2821655273, 33.2624511719, 24.9945983887, 24.4393672943, 23.1265258789, 15.6123142242, 25.2611312866, 13.7126102448, 10.0610818863, 7.86367559433, 4.27594280243, 3.56548500061, 4.70709848404, 4.81474781036, 4.51998615265, 2.9498360157, 1.68794620037, 0.766440033913, 0.325153499842, 0.0921258106828, 0.0162523705512, 0.00179624767043, 0.00012279675866, 3.58447578037e-05], "median": [0.0134177869186, 0.395690888166, 3.17037177086, 1.50076532364, 1.17627370358, 3.81054902077, 5.36601638794, 3.08492088318, 7.35713911057, 12.1775341034, 13.9766931534, 11.856253624, 10.1823377609, 12.9892616272, 10.5674619675, 11.5585479736, 14.6748323441, 10.397149086, 8.70266628265, 6.9323797226, 4.90883255005, 3.41736745834, 6.89237260818, 4.9547533989, 3.64847278595, 2.56161379814, 1.14340531826, 1.06929647923, 1.20078754425, 0.769816100597, 0.484666824341, 0.332315981388, 0.232546627522, 0.109941020608, 0.0433452799916, 0.0118147321045, 0.00184751092456, 0.000226262083743, 3.35538024956e-05, 3.09467941406e-05], "min": [6.01343934885e-23, 5.89116022874e-22, 1.90487456998e-21, 4.81751806286e-21, 1.57069432953e-20, 2.60035066146e-20, 6.43361822645e-20, 4.46606574192e-20, 1.08460684475e-19, 1.73426415809e-19, 2.3160139498e-19, 3.45932257145e-19, 3.95862300635e-19, 7.18874753024e-19, 6.64739142354e-19, 1.00064566028e-18, 1.39958411637e-18, 1.92325096567e-18, 2.18249247157e-18, 3.66924705224e-18, 3.87315741299e-18, 3.91555496888e-18, 4.32599082189e-18, 4.81891147122e-18, 5.85113485479e-18, 6.90994671837e-18, 9.08676100863e-18, 6.57157525392e-18, 8.44044260983e-18, 1.08339443062e-17, 9.67595845023e-18, 8.8537218962e-18, 9.35569810529e-18, 7.9293889207e-18, 5.97821998897e-18, 4.09409900897e-18, 2.34969090238e-18, 9.06475697036e-19, 2.33076594054e-19, 2.77592216985e-20], "var": [0.00428238371387, 2.61786913872, 30.7927627563, 19.3065242767, 21.3741722107, 173.839813232, 1286.32873535, 2068.50610352, 4837.11474609, 2899.35083008, 3859.96313477, 11583.2138672, 4378.63623047, 9794.58984375, 29915.7695312, 8236.68945312, 9772.95703125, 3991.61010742, 3210.16699219, 2448.59790039, 3508.19482422, 1397.35070801, 2843.19750977, 641.958984375, 449.487213135, 241.965179443, 426.317749023, 61.2274436951, 177.776870728, 447.069641113, 548.022277832, 298.890380859, 112.513023376, 14.1180534363, 1.98124504089, 0.0829581022263, 0.00186820793897, 2.128878441e-05, 7.74717676677e-08, 8.51122339274e-10]}, "erbbands_crest": {"dmean": 2.34204912186, "dmean2": 3.65535616875, "dvar": 5.89054918289, "dvar2": 13.3088502884, "max": 35.7714004517, "mean": 10.2217159271, "median": 9.05291175842, "min": 2.14660334587, "var": 26.6978816986}, "erbbands_flatness_db": {"dmean": 0.0192745663226, "dmean2": 0.0257523413748, "dvar": 0.000441623560619, "dvar2": 0.00078000582289, "max": 0.340057551861, "mean": 0.180029511452, "median": 0.18171222508, "min": 0.0322560109198, "var": 0.00265670916997}, "erbbands_kurtosis": {"dmean": 1.21357655525, "dmean2": 1.84461307526, "dvar": 41.8161773682, "dvar2": 82.313369751, "max": 319.896057129, "mean": 1.85431420803, "median": 0.410689592361, "min": -1.80846333504, "var": 111.084014893}, "erbbands_skewness": {"dmean": 0.346053510904, "dmean2": 0.510737419128, "dvar": 0.223699361086, "dvar2": 0.443822681904, "max": 16.6365280151, "mean": 0.369056820869, "median": 0.331653386354, "min": -4.29343080521, "var": 1.32480144501}, "erbbands_spread": {"dmean": 6.97194814682, "dmean2": 10.2042541504, "dvar": 92.7446670532, "dvar2": 202.516387939, "max": 147.364151001, "mean": 30.1605606079, "median": 27.2327518463, "min": 2.92869281769, "var": 304.99395752}, "gfcc": {"cov": [[49639.578125, 3440.22460938, -5457.36132812, 1138.64147949, -2599.93188477, 908.451293945, -1352.65588379, 503.673675537, -890.57800293, -96.6054534912, -499.148590088, -385.292633057, -767.588012695], [3440.22460938, 1659.02612305, -614.933166504, -228.856933594, 74.2825164795, -126.740379333, 79.5090103149, -13.8685464859, 16.5842056274, -76.2709960938, 70.5220947266, -77.6624603271, 13.5080575943], [-5457.36132812, -614.933166504, 1440.29382324, 124.306137085, 200.205413818, 63.065952301, 111.302185059, -58.2610778809, 74.3271102905, 91.9030914307, -11.0775623322, 111.187034607, 59.8586044312], [1138.64147949, -228.856933594, 124.306137085, 511.708709717, 21.7416706085, 87.1444396973, -76.7671051025, 35.4602661133, 32.5239639282, -5.16377067566, -65.5917053223, -25.1282062531, -42.9711837769], [-2599.93188477, 74.2825164795, 200.205413818, 21.7416706085, 427.41317749, -52.4537162781, 109.109741211, 13.3520364761, 100.83026123, -26.4886741638, 2.14166283607, -27.9208240509, 37.9768638611], [908.451293945, -126.740379333, 63.065952301, 87.1444396973, -52.4537162781, 230.620452881, 71.3760910034, 46.3548927307, -29.0105304718, 18.367767334, -11.9094982147, -35.2244148254, -52.3048934937], [-1352.65588379, 79.5090103149, 111.302185059, -76.7671051025, 109.109741211, 71.3760910034, 308.753051758, 46.7918586731, -3.58533978462, 3.27456521988, 61.013885498, -55.3737297058, -9.20015716553], [503.673675537, -13.8685464859, -58.2610778809, 35.4602661133, 13.3520364761, 46.3548927307, 46.7918586731, 123.16153717, 19.9052810669, -8.37675285339, -3.11795353889, -34.5181465149, -28.9497814178], [-890.57800293, 16.5842056274, 74.3271102905, 32.5239639282, 100.83026123, -29.0105304718, -3.58533978462, 19.9052810669, 139.188705444, -0.0601757839322, 3.14774394035, 1.75371396542, 13.1573371887], [-96.6054534912, -76.2709960938, 91.9030914307, -5.16377067566, -26.4886741638, 18.367767334, 3.27456521988, -8.37675285339, -0.0601757839322, 110.956069946, 27.3918190002, 19.6801548004, 2.57162928581], [-499.148590088, 70.5220947266, -11.0775623322, -65.5917053223, 2.14166283607, -11.9094982147, 61.013885498, -3.11795353889, 3.14774394035, 27.3918190002, 124.664909363, 16.6904506683, 9.35310268402], [-385.292633057, -77.6624603271, 111.187034607, -25.1282062531, -27.9208240509, -35.2244148254, -55.3737297058, -34.5181465149, 1.75371396542, 19.6801548004, 16.6904506683, 122.339897156, 53.1404533386], [-767.588012695, 13.5080575943, 59.8586044312, -42.9711837769, 37.9768638611, -52.3048934937, -9.20015716553, -28.9497814178, 13.1573371887, 2.57162928581, 9.35310268402, 53.1404533386, 115.402435303]], "icov": [[0.00032864199602, -0.000825159018859, 0.000773943902459, -0.000844466732815, 0.00106620218139, -0.00119513622485, 0.000969932880253, -0.00109982362483, 0.00107758294325, -0.000759994843975, 0.000950788904447, -0.000609622802585, 0.000573241908569], [-0.000825159018859, 0.00291382265277, -0.001582196448, 0.00230098911561, -0.00281742541119, 0.00323467026465, -0.00269542867318, 0.00311089097522, -0.0029357005842, 0.00217497511767, -0.00266130152158, 0.00182906305417, -0.00153362180572], [0.000773943902459, -0.001582196448, 0.00301907374524, -0.00220163515769, 0.00203476473689, -0.00305084069259, 0.00150118302554, -0.00176131806802, 0.0020641933661, -0.00244716275483, 0.00272923661396, -0.00259623420425, 0.00136620725971], [-0.000844466732815, 0.00230098911561, -0.00220163515769, 0.00480727059767, -0.00309543381445, 0.00203039729968, -0.001348803984, 0.00234169047326, -0.00321169500239, 0.00216889381409, -0.00198693084531, 0.00213829730637, -0.00104116590228], [0.00106620218139, -0.00281742541119, 0.00203476473689, -0.00309543381445, 0.00729103852063, -0.00276062591001, 0.00170339888427, -0.00351083045825, 0.00133775814902, -0.00168672041036, 0.00349337421358, -0.000841281784233, 0.000807319069281], [-0.00119513622485, 0.00323467026465, -0.00305084069259, 0.00203039729968, -0.00276062591001, 0.0110644120723, -0.00553868757561, 0.00261194771156, -0.00301077403128, 0.00186152197421, -0.00257730856538, 0.00259298994206, -0.00053584278794], [0.000969932880253, -0.00269542867318, 0.00150118302554, -0.001348803984, 0.00170339888427, -0.00553868757561, 0.00907957181334, -0.0050709922798, 0.00451393099502, -0.00178637658246, -0.000225507392315, 0.00101993896533, 0.00094063335564], [-0.00109982362483, 0.00311089097522, -0.00176131806802, 0.00234169047326, -0.00351083045825, 0.00261194771156, -0.0050709922798, 0.0144596491009, -0.0060296729207, 0.00294171087444, -0.00272666127421, 0.00261417776346, -0.000692592642736], [0.00107758294325, -0.0029357005842, 0.0020641933661, -0.00321169500239, 0.00133775814902, -0.00301077403128, 0.00451393099502, -0.0060296729207, 0.013285738416, -0.00295450817794, 0.00225307838991, -0.00191573938355, 0.00153755280189], [-0.000759994843975, 0.00217497511767, -0.00244716275483, 0.00216889381409, -0.00168672041036, 0.00186152197421, -0.00178637658246, 0.00294171087444, -0.00295450817794, 0.0125938151032, -0.00493545783684, 0.00107344961725, -0.00127643614542], [0.000950788904447, -0.00266130152158, 0.00272923661396, -0.00198693084531, 0.00349337421358, -0.00257730856538, -0.000225507392315, -0.00272666127421, 0.00225307838991, -0.00493545783684, 0.0137261562049, -0.00449766078964, 0.00227207643911], [-0.000609622802585, 0.00182906305417, -0.00259623420425, 0.00213829730637, -0.000841281784233, 0.00259298994206, 0.00101993896533, 0.00261417776346, -0.00191573938355, 0.00107344961725, -0.00449766078964, 0.0152076315135, -0.00638065533713], [0.000573241908569, -0.00153362180572, 0.00136620725971, -0.00104116590228, 0.000807319069281, -0.00053584278794, 0.00094063335564, -0.000692592642736, 0.00153755280189, -0.00127643614542, 0.00227207643911, -0.00638065533713, 0.0135612376034]], "mean": [-61.8632926941, 104.904495239, -118.929718018, 21.3407497406, -57.4931373596, 15.4487943649, -32.694316864, 9.04183769226, -19.7391719818, 0.745789706707, -9.83929824829, -2.87062716484, -12.5085353851]}, "hfc": {"dmean": 6.0027589798, "dmean2": 8.05550289154, "dvar": 158.675247192, "dvar2": 304.305541992, "max": 262.842315674, "mean": 20.2203292847, "median": 14.337518692, "min": 1.01385026286e-16, "var": 485.101501465}, "melbands": {"dmean": [0.000334446143825, 0.000890879309736, 0.000242988258833, 0.000274595717201, 0.000178971458809, 0.000139673633385, 0.000181678187801, 0.000166938683833, 0.000138344752486, 0.000137603346957, 8.3382394223e-05, 8.40713837533e-05, 7.55941146053e-05, 7.08626466803e-05, 4.77702742501e-05, 6.07700785622e-05, 3.18180100294e-05, 2.52178961091e-05, 1.91058225028e-05, 1.53035598487e-05, 9.66509651334e-06, 5.32257627128e-06, 1.07681516965e-05, 8.31244688015e-06, 5.13270515512e-06, 3.65096275345e-06, 3.66692506759e-06, 2.7041373869e-06, 2.21528421207e-06, 1.55015777636e-06, 1.30573789647e-06, 1.70089924723e-06, 1.77000447366e-06, 2.12511781683e-06, 2.33986565945e-06, 1.54170618316e-06, 1.52840686951e-06, 1.15762929909e-06, 6.47492413464e-07, 5.34645778316e-07], "dmean2": [0.00050375238061, 0.00132875773124, 0.000379221426556, 0.000445621903054, 0.000268942880211, 0.000210813945159, 0.000266215327429, 0.000245299102971, 0.00020257406868, 0.000194960128283, 0.000120901837363, 0.000124554106151, 0.000111713314254, 0.000105439423351, 6.85885315761e-05, 9.01149323909e-05, 4.95279746247e-05, 3.8543206756e-05, 2.90683346975e-05, 2.33907485381e-05, 1.42522649185e-05, 7.96123640612e-06, 1.633861757e-05, 1.25273172671e-05, 7.77609784564e-06, 5.72415819988e-06, 5.21896663486e-06, 4.0805853132e-06, 3.6824462768e-06, 2.42343207901e-06, 1.89467493783e-06, 2.53387543125e-06, 2.60812157649e-06, 3.07902337227e-06, 3.35294657816e-06, 2.22355947699e-06, 2.22211838263e-06, 1.76209675828e-06, 9.59967337621e-07, 7.91771412878e-07], "dvar": [5.00190935782e-07, 2.26238375944e-06, 1.89449735899e-07, 5.43155465493e-07, 9.26290013581e-08, 1.14716101507e-07, 1.99933367639e-07, 1.02694983184e-07, 1.07333093524e-07, 1.63535233355e-07, 3.51424631617e-08, 7.08528702376e-08, 4.64575684589e-08, 6.29170173738e-08, 1.98351770564e-08, 1.98173406574e-08, 6.43254738364e-09, 4.47908288237e-09, 2.67461408576e-09, 2.25725527159e-09, 6.29041818634e-10, 1.62168084517e-10, 1.13857112627e-09, 3.73777980789e-10, 1.93504823276e-10, 9.79932732181e-11, 1.08704038826e-10, 5.4458815929e-11, 2.96750624074e-10, 8.55069140493e-11, 1.20474550475e-11, 5.30661244114e-11, 5.68505902077e-11, 1.05699199393e-10, 1.42132972059e-10, 6.83870876594e-11, 8.5097061342e-11, 6.76327258087e-11, 1.64453450857e-11, 7.27232900635e-12], "dvar2": [9.90976218418e-07, 4.68435928269e-06, 4.50032871413e-07, 1.36427672714e-06, 2.06485310628e-07, 2.4818390898e-07, 3.48381831827e-07, 1.9798392259e-07, 1.9682356367e-07, 3.03747498265e-07, 7.30243456815e-08, 1.57076712526e-07, 1.00837745265e-07, 1.4258120018e-07, 3.29909894958e-08, 3.65743559883e-08, 1.45999798917e-08, 9.18431997121e-09, 6.24394891346e-09, 5.46229461662e-09, 1.18643583846e-09, 3.50816153905e-10, 2.742371219e-09, 7.42949146648e-10, 3.86166987276e-10, 2.50951481817e-10, 1.69202665767e-10, 1.33678138003e-10, 8.59256832353e-10, 2.42919351301e-10, 2.67971565077e-11, 1.3935212706e-10, 1.25881319257e-10, 2.03829786383e-10, 2.93731150514e-10, 1.38626193857e-10, 1.86736542895e-10, 1.65858243806e-10, 3.48309332765e-11, 1.70277472678e-11], "max": [0.0124722160399, 0.019544346258, 0.00538801774383, 0.0101465350017, 0.00880363583565, 0.0109584340826, 0.0165914986283, 0.010017350316, 0.0109559111297, 0.0099489800632, 0.00378682673909, 0.00701490230858, 0.00475973961875, 0.00794908963144, 0.00440765032545, 0.0030755167827, 0.00200829980895, 0.00207535666414, 0.0010876810411, 0.00128749629948, 0.000766493030824, 0.000317952974001, 0.0011023490224, 0.000496329856105, 0.000489890691824, 0.000280132109765, 0.000652423361316, 0.000209232297493, 0.000626835215371, 0.000418415758759, 7.29359235265e-05, 0.000260530418018, 0.000185990182217, 0.000263056601398, 0.000363307335647, 0.000232528691413, 0.000265499926172, 0.000330636918079, 0.000119686577818, 8.29005584819e-05], "mean": [0.000724109762814, 0.00234121829271, 0.000538677268196, 0.000360242847819, 0.000541521818377, 0.000427438411862, 0.000365141371731, 0.00033428700408, 0.000284604495391, 0.000272927107289, 0.000177107955096, 0.000162709475262, 0.000182651521754, 0.00015946374333, 8.65062538651e-05, 0.000110192202555, 5.51637931494e-05, 4.23295496148e-05, 3.58939942089e-05, 3.05293760903e-05, 2.35289771808e-05, 1.19607166198e-05, 2.89080562652e-05, 1.84187392733e-05, 1.02165531644e-05, 6.74472175888e-06, 7.24413393982e-06, 4.68869211545e-06, 2.70877876574e-06, 2.05820060728e-06, 2.07051630241e-06, 2.61999662143e-06, 2.63151946456e-06, 2.74441708825e-06, 2.82346786662e-06, 1.93941991711e-06, 1.78570621756e-06, 1.32010120524e-06, 7.70563929109e-07, 6.04060915066e-07], "median": [0.000201614806429, 0.00177264667582, 0.000298671220662, 0.000162119889865, 0.000218824046897, 7.35335779609e-05, 0.000112514891953, 0.000123914680444, 0.000105092927697, 6.54902323731e-05, 4.95578533446e-05, 5.23337803315e-05, 3.55011652573e-05, 2.85639780486e-05, 2.72272100119e-05, 3.01643540297e-05, 1.58968505275e-05, 1.15720131362e-05, 1.05983763206e-05, 6.6045663516e-06, 5.06933884026e-06, 2.7553514883e-06, 4.07763855037e-06, 6.69076143822e-06, 3.22193545799e-06, 2.26001134251e-06, 2.31058197642e-06, 1.30402622744e-06, 6.21155209046e-07, 5.01587635426e-07, 5.99452562255e-07, 6.67339179472e-07, 5.34588082246e-07, 3.5306055679e-07, 2.86361938606e-07, 1.78400725304e-07, 1.91426877905e-07, 1.64476020359e-07, 1.00545769044e-07, 8.33812805467e-08], "min": [6.63996155446e-25, 7.77542131738e-25, 1.21312627448e-24, 1.30796076593e-24, 2.17572807484e-24, 1.05237732681e-24, 1.56211183085e-24, 1.58503849534e-24, 2.00080822708e-24, 2.01675228927e-24, 1.7262345394e-24, 2.1094404874e-24, 1.85151689241e-24, 9.4072678606e-25, 3.09406570651e-24, 3.02669087153e-24, 2.76763743051e-24, 2.82466043826e-24, 2.8707153212e-24, 3.06144334985e-24, 3.54381483288e-24, 2.89253619991e-24, 4.08054829862e-24, 3.75605904272e-24, 2.84899423339e-24, 4.62316114468e-24, 3.8709428285e-24, 4.45654425516e-24, 5.07939332718e-24, 4.53614268708e-24, 3.23875719324e-24, 4.01531817922e-24, 5.00111860386e-24, 5.37356823621e-24, 4.24935033284e-24, 5.29295493474e-24, 5.3174601099e-24, 5.28832432122e-24, 5.39090937106e-24, 5.77119870308e-24], "var": [1.20149968552e-06, 6.25956863587e-06, 4.55689871615e-07, 5.19176865055e-07, 9.67247160588e-07, 1.07048845166e-06, 9.02465728814e-07, 3.59999233979e-07, 3.51020872813e-07, 5.0999750556e-07, 1.18491371381e-07, 1.73587210384e-07, 2.22508361958e-07, 1.93725654185e-07, 6.17576390027e-08, 5.62855326791e-08, 1.43559697463e-08, 1.2041095232e-08, 5.89500404047e-09, 5.93583626696e-09, 3.50754647549e-09, 7.10746517196e-10, 7.31402316489e-09, 1.18051535214e-09, 4.60818244674e-10, 1.56428967002e-10, 3.52091272804e-10, 9.14737174895e-11, 1.91046692355e-10, 6.3582687726e-11, 1.9010472016e-11, 5.68834736259e-11, 8.59609883275e-11, 1.82683021488e-10, 2.2825955015e-10, 1.16148361762e-10, 1.21415405507e-10, 7.43830066985e-11, 2.2932971494e-11, 8.09697447979e-12]}, "melbands_crest": {"dmean": 2.78412389755, "dmean2": 4.36705684662, "dvar": 9.2971534729, "dvar2": 20.0101528168, "max": 40, "mean": 15.1973924637, "median": 14.6683940887, "min": 1.58608853817, "var": 40.4030227661}, "melbands_flatness_db": {"dmean": 0.0246523413807, "dmean2": 0.0336614362895, "dvar": 0.00101982546039, "dvar2": 0.00185018195771, "max": 1, "mean": 0.217182740569, "median": 0.212231829762, "min": 0.00226277089678, "var": 0.00675588287413}, "melbands_kurtosis": {"dmean": 10190639, "dmean2": 19677630, "dvar": 213948401371000000, "dvar2": 437586523840000000, "max": 24202039296, "mean": 22589256, "median": 4.31557273865, "min": -1.84947502613, "var": 524887162970000000}, "melbands_skewness": {"dmean": 41.2274971008, "dmean2": 79.4490966797, "dvar": 3664890.75, "dvar2": 7305039.5, "max": 99748.28125, "mean": 97.1646957397, "median": 1.81839954853, "min": -1.22802972794, "var": 9221787}, "melbands_spread": {"dmean": 6.60524511337, "dmean2": 9.93817234039, "dvar": 175.004501343, "dvar2": 371.150115967, "max": 256.526519775, "mean": 25.4548988342, "median": 19.5486965179, "min": 1.19930305686e-08, "var": 719.895629883}, "mfcc": {"cov": [[15664.3925781, 1292.76550293, -537.303405762, 147.110717773, -122.94304657, 101.094673157, 47.2998466492, 266.386260986, -161.647674561, 261.682800293, 187.206588745, -53.0729751587, -185.475982666], [1292.76550293, 2180.81469727, -371.861724854, -14.7308883667, -41.6434898376, -51.8516731262, 84.1608123779, 25.4996585846, 10.13078022, -18.861082077, 65.4705047607, -18.4659023285, 43.1724128723], [-537.303405762, -371.861724854, 875.075500488, 95.5699615479, 43.2268943787, 142.911117554, 8.99172496796, -10.1071071625, 30.4444847107, -27.0970001221, 0.418642550707, 11.8213853836, 44.5837936401], [147.110717773, -14.7308883667, 95.5699615479, 332.942657471, 152.593704224, 46.8315505981, -28.5501060486, 26.9360198975, 51.4382095337, 17.6889781952, -3.44184088707, 11.1444044113, 3.88130402565], [-122.94304657, -41.6434898376, 43.2268943787, 152.593704224, 272.151367188, 32.0582389832, -83.1324539185, 23.4130916595, 60.9579658508, 5.65428447723, -33.150062561, 24.2788734436, 8.99428844452], [101.094673157, -51.8516731262, 142.911117554, 46.8315505981, 32.0582389832, 161.537139893, 58.3499450684, 15.1155729294, 30.679901123, 23.1992759705, 16.5502910614, 13.2053976059, 2.37494945526], [47.2998466492, 84.1608123779, 8.99172496796, -28.5501060486, -83.1324539185, 58.3499450684, 258.927612305, 52.6723022461, 2.65714502335, 72.2793655396, 44.9856033325, 13.2686738968, 1.61242330074], [266.386260986, 25.4996585846, -10.1071071625, 26.9360198975, 23.4130916595, 15.1155729294, 52.6723022461, 150.130661011, 31.947145462, 39.7646217346, 17.1638717651, 12.5101499557, 8.11750984192], [-161.647674561, 10.13078022, 30.4444847107, 51.4382095337, 60.9579658508, 30.679901123, 2.65714502335, 31.947145462, 134.188796997, 28.6387710571, -36.768535614, 22.0260887146, 8.76389503479], [261.682800293, -18.861082077, -27.0970001221, 17.6889781952, 5.65428447723, 23.1992759705, 72.2793655396, 39.7646217346, 28.6387710571, 146.655197144, 44.485370636, 16.2408847809, -21.0053310394], [187.206588745, 65.4705047607, 0.418642550707, -3.44184088707, -33.150062561, 16.5502910614, 44.9856033325, 17.1638717651, -36.768535614, 44.485370636, 152.358566284, 13.6959171295, -25.3428936005], [-53.0729751587, -18.4659023285, 11.8213853836, 11.1444044113, 24.2788734436, 13.2053976059, 13.2686738968, 12.5101499557, 22.0260887146, 16.2408847809, 13.6959171295, 83.0974655151, 20.8769454956], [-185.475982666, 43.1724128723, 44.5837936401, 3.88130402565, 8.99428844452, 2.37494945526, 1.61242330074, 8.11750984192, 8.76389503479, -21.0053310394, -25.3428936005, 20.8769454956, 97.4368667603]], "icov": [[7.98274049885e-05, -5.4287018429e-05, 2.9677294151e-05, -6.64162507746e-05, 9.55499490374e-05, -0.000142574397614, 0.000126785133034, -0.000173552703927, 0.000194001346244, -0.000167250909726, 6.26227629255e-05, -1.97756817215e-05, 0.000139111012686], [-5.4287018429e-05, 0.000581022934057, 0.000247537303949, -1.34951951622e-05, -8.86930210982e-05, 0.000182312374818, -0.000337387959007, 0.000167837759363, -0.000444532488473, 0.000436577538494, -0.000498374633025, 0.000338453712175, -0.000546203751583], [2.9677294151e-05, 0.000247537303949, 0.00156466150656, -0.000340323313139, 0.000148584033013, -0.00129022053443, 6.28102570772e-05, 0.000141624288517, -0.000192531573703, 0.000441095471615, -0.000343867141055, 0.000244787806878, -0.000780150701758], [-6.64162507746e-05, -1.34951951622e-05, -0.000340323313139, 0.00432566693053, -0.00232879235409, -0.000260923814494, -8.78909995663e-05, -7.37264053896e-05, -0.000710960302968, -5.53241225134e-05, -0.000468257756438, 0.000465838471428, -7.76937158662e-05], [9.55499490374e-05, -8.86930210982e-05, 0.000148584033013, -0.00232879235409, 0.00641781976447, -0.00133913569152, 0.0024601679761, -0.00109376409091, -0.000744745251723, -0.000803488888778, 0.00102257810067, -0.00142260466237, 0.000201136776013], [-0.000142574397614, 0.000182312374818, -0.00129022053443, -0.000260923814494, -0.00133913569152, 0.00905677396804, -0.00256149237975, 0.000754065520596, -0.00175567495171, 0.000428912841016, -0.00103128247429, -6.49277571938e-05, 0.000127064282424], [0.000126785133034, -0.000337387959007, 6.28102570772e-05, -8.78909995663e-05, 0.0024601679761, -0.00256149237975, 0.00646841432899, -0.00191675079986, 0.000731332635041, -0.0027395458892, 0.000103857775684, -0.000664048828185, -0.000233498736634], [-0.000173552703927, 0.000167837759363, 0.000141624288517, -7.37264053896e-05, -0.00109376409091, 0.000754065520596, -0.00191675079986, 0.00849113799632, -0.00205172691494, -0.000546951952856, -0.00116378022358, 0.000329487607814, -0.00136635522358], [0.000194001346244, -0.000444532488473, -0.000192531573703, -0.000710960302968, -0.000744745251723, -0.00175567495171, 0.000731332635041, -0.00205172691494, 0.0112678138539, -0.00283609633334, 0.00389321730472, -0.00245527317747, 0.000866838905495], [-0.000167250909726, 0.000436577538494, 0.000441095471615, -5.53241225134e-05, -0.000803488888778, 0.000428912841016, -0.0027395458892, -0.000546951952856, -0.00283609633334, 0.0103680733591, -0.00277956016362, -0.000527784228325, 0.00132354150992], [6.26227629255e-05, -0.000498374633025, -0.000343867141055, -0.000468257756438, 0.00102257810067, -0.00103128247429, 0.000103857775684, -0.00116378022358, 0.00389321730472, -0.00277956016362, 0.00955736264586, -0.00266484427266, 0.00264941318892], [-1.97756817215e-05, 0.000338453712175, 0.000244787806878, 0.000465838471428, -0.00142260466237, -6.49277571938e-05, -0.000664048828185, 0.000329487607814, -0.00245527317747, -0.000527784228325, -0.00266484427266, 0.0146620813757, -0.00392929976806], [0.000139111012686, -0.000546203751583, -0.000780150701758, -7.76937158662e-05, 0.000201136776013, 0.000127064282424, -0.000233498736634, -0.00136635522358, 0.000866838905495, 0.00132354150992, 0.00264941318892, -0.00392929976806, 0.0129643278196]], "mean": [-679.854919434, 133.832321167, -4.34721803665, 11.1683950424, -0.805107474327, 3.98834013939, 0.951075077057, 5.90983629227, -3.77021956444, 2.70189738274, 4.80958461761, -1.52555859089, -0.314653664827]}, "pitch_salience": {"dmean": 0.0652509480715, "dmean2": 0.100320361555, "dvar": 0.00455371849239, "dvar2": 0.00954684335738, "max": 0.834594190121, "mean": 0.503479361534, "median": 0.501927316189, "min": 1.64387674886e-05, "var": 0.0193770024925}, "silence_rate_20dB": {"dmean": 0, "dmean2": 0, "dvar": 0, "dvar2": 0, "max": 1, "mean": 1, "median": 1, "min": 1, "var": 0}, "silence_rate_30dB": {"dmean": 0.00116731517483, "dmean2": 0.00233508460224, "dvar": 0.00116594939027, "dvar2": 0.00349712837487, "max": 1, "mean": 0.999416470528, "median": 1, "min": 0, "var": 0.000583187909797}, "silence_rate_60dB": {"dmean": 0.0198443587869, "dmean2": 0.0396964401007, "dvar": 0.0194519180804, "dvar2": 0.0443456172943, "max": 1, "mean": 0.0935615673661, "median": 0, "min": 0, "var": 0.0848086774349}, "spectral_centroid": {"dmean": 210.871231079, "dmean2": 310.825439453, "dvar": 144137.40625, "dvar2": 293578.4375, "max": 12113.8076172, "mean": 1485.23657227, "median": 1123.75415039, "min": 185.973754883, "var": 3222136.5}, "spectral_complexity": {"dmean": 2.81478595734, "dmean2": 3.99727582932, "dvar": 13.6006736755, "dvar2": 23.2336368561, "max": 53, "mean": 15.7885627747, "median": 15, "min": 0, "var": 75.6922302246}, "spectral_contrast_coeffs": {"dmean": [0.0449205040932, 0.044479701668, 0.0372665002942, 0.0300734192133, 0.0223927702755, 0.0179921500385], "dmean2": [0.0733884572983, 0.0710969045758, 0.0580701306462, 0.0467570126057, 0.0345352105796, 0.0276473928243], "dvar": [0.00148612982593, 0.00148388033267, 0.00108211534098, 0.000731229665689, 0.000440544157755, 0.000294345925795], "dvar2": [0.00383416353725, 0.00353587931022, 0.0024180659093, 0.00156981940381, 0.000883744389284, 0.000650847039651], "max": [-0.360389351845, -0.373949825764, -0.437798470259, -0.53788292408, -0.531554937363, -0.603874146938], "mean": [-0.623068153858, -0.699041545391, -0.729035079479, -0.746821463108, -0.775026738644, -0.782048761845], "median": [-0.613375604153, -0.702242016792, -0.73518705368, -0.743173241615, -0.775341868401, -0.778098285198], "min": [-0.982177376747, -0.996762275696, -0.996928870678, -0.994318842888, -0.986961603165, -0.965835392475], "var": [0.0102936718613, 0.00999145396054, 0.00842551514506, 0.00578918168321, 0.0045347395353, 0.00251306407154]}, "spectral_contrast_valleys": {"dmean": [0.430169522762, 0.361187249422, 0.346392303705, 0.31230443716, 0.293178677559, 0.387921720743], "dmean2": [0.690196871758, 0.579412400723, 0.529729783535, 0.460084795952, 0.406059980392, 0.479570150375], "dvar": [0.212410911918, 0.17830054462, 0.163955017924, 0.158628955483, 0.16675272584, 0.256261885166], "dvar2": [0.432444125414, 0.36516982317, 0.306842714548, 0.284762531519, 0.28316667676, 0.435421973467], "max": [-5.52870416641, -4.59399366379, -4.91045665741, -5.39098501205, -5.82425308228, -7.08055686951], "mean": [-8.37664699554, -7.57950401306, -8.21520614624, -8.61087608337, -8.74356842041, -11.0795164108], "median": [-7.6878619194, -6.82622861862, -7.51582050323, -7.90577316284, -7.99923324585, -10.4769325256], "min": [-28.1685562134, -28.1018638611, -28.0636615753, -27.6612052917, -27.5404586792, -27.421749115], "var": [12.4469366074, 13.5751552582, 12.8201360703, 12.4028949738, 12.2541618347, 9.8967666626]}, "spectral_decrease": {"dmean": 1.46295553449e-09, "dmean2": 1.96459715163e-09, "dvar": 3.43594468958e-18, "dvar2": 5.9088654441e-18, "max": 2.25597487377e-28, "mean": -6.44165876196e-09, "median": -5.86071458031e-09, "min": -3.08300798224e-08, "var": 2.08132588383e-17}, "spectral_energy": {"dmean": 0.0058879153803, "dmean2": 0.00789670273662, "dvar": 5.50308504899e-05, "dvar2": 9.4009192253e-05, "max": 0.127401053905, "mean": 0.0261463280767, "median": 0.0239245016128, "min": 9.80364849254e-21, "var": 0.000340373051586}, "spectral_energyband_high": {"dmean": 0.000421385833761, "dmean2": 0.000580025138333, "dvar": 2.4294031391e-06, "dvar2": 4.74598255096e-06, "max": 0.032859519124, "mean": 0.00063903973205, "median": 0.000161300500622, "min": 6.93596840519e-21, "var": 4.53841903436e-06}, "spectral_energyband_low": {"dmean": 0.00324253132567, "dmean2": 0.00474567525089, "dvar": 2.78437801171e-05, "dvar2": 5.5842087022e-05, "max": 0.075725607574, "mean": 0.00864944979548, "median": 0.00737442169338, "min": 1.66504871265e-23, "var": 7.72853818489e-05}, "spectral_energyband_middle_high": {"dmean": 0.0020702551119, "dmean2": 0.00289624999277, "dvar": 1.32013210532e-05, "dvar2": 2.37348122027e-05, "max": 0.0791900977492, "mean": 0.00703308358788, "median": 0.00360592035577, "min": 1.22119333492e-21, "var": 8.23862937978e-05}, "spectral_energyband_middle_low": {"dmean": 0.00302586564794, "dmean2": 0.00435597961769, "dvar": 1.94711174117e-05, "dvar2": 3.84393642889e-05, "max": 0.0783032923937, "mean": 0.0103552807122, "median": 0.00760078011081, "min": 1.57281307613e-22, "var": 9.7158990684e-05}, "spectral_entropy": {"dmean": 0.186147138476, "dmean2": 0.244387328625, "dvar": 0.0495941750705, "dvar2": 0.0856452956796, "max": 9.8303527832, "mean": 7.37088394165, "median": 7.30751037598, "min": 5.52062129974, "var": 0.456623226404}, "spectral_flux": {"dmean": 0.0214086808264, "dmean2": 0.032931368798, "dvar": 0.000580347608775, "dvar2": 0.00125373760238, "max": 0.281128525734, "mean": 0.0654367357492, "median": 0.0581059120595, "min": 6.39456473883e-11, "var": 0.00188250711653}, "spectral_kurtosis": {"dmean": 2.18355488777, "dmean2": 3.54949736595, "dvar": 8.33509540558, "dvar2": 21.8353061676, "max": 57.1311340332, "mean": 6.11411762238, "median": 5.10836791992, "min": -1.26567697525, "var": 26.2658252716}, "spectral_rms": {"dmean": 0.000567437557038, "dmean2": 0.00075549306348, "dvar": 4.57407224985e-07, "dvar2": 7.36452363981e-07, "max": 0.0111487088725, "mean": 0.0046220193617, "median": 0.00483125029132, "min": 3.09265829092e-12, "var": 4.14550913774e-06}, "spectral_rolloff": {"dmean": 377.145446777, "dmean2": 624.113952637, "dvar": 985632.6875, "dvar2": 2073218.875, "max": 19896.6796875, "mean": 1835.39880371, "median": 1098.19335938, "min": 21.533203125, "var": 10387882}, "spectral_skewness": {"dmean": 0.259539067745, "dmean2": 0.397064417601, "dvar": 0.0838228836656, "dvar2": 0.183635890484, "max": 5.95955991745, "mean": 1.76975858212, "median": 1.71706271172, "min": -0.101885356009, "var": 0.5049020648}, "spectral_spread": {"dmean": 660598.1875, "dmean2": 943672.875, "dvar": 1762069053440.0, "dvar2": 3503413788670.0, "max": 49273748, "mean": 5303399.5, "median": 3834486, "min": 1310105.5, "var": 42723339927600.0}, "spectral_strongpeak": {"dmean": 0.