{"lowlevel": {"average_loudness": 0.832127809525, "barkbands": {"dmean": [0.00625128578395, 0.014626850374, 0.00174246379174, 0.00101730739698, 0.001677352353, 0.00164751510601, 0.000618386839051, 0.000439752591774, 0.000486722070491, 0.000380504410714, 0.000458115828224, 0.000336535187671, 0.000364189560059, 0.000217758628423, 0.000308665185003, 0.000251320539974, 9.40077370615e-05, 0.000115455230116, 0.000131533422973, 8.89381117304e-05, 8.92914249562e-05, 5.03209521412e-05, 3.06196452584e-05, 1.70828388946e-05, 3.43845840689e-06, 1.87938185263e-05, 0.000346382963471], "dmean2": [0.0103453397751, 0.0230338461697, 0.00286433263682, 0.00167349015828, 0.00267604016699, 0.00256239436567, 0.00098080735188, 0.000681844190694, 0.000779376598075, 0.000622760213446, 0.00073136278661, 0.000551795412321, 0.000592626514845, 0.000348364003003, 0.000490280915983, 0.000408441264881, 0.000146304431837, 0.000180368035217, 0.000203518633498, 0.000134096073452, 0.000134044545121, 7.49936807551e-05, 4.51620217063e-05, 2.57946321653e-05, 5.44111890122e-06, 2.72935358225e-05, 0.000516833912116], "dvar": [0.000358948658686, 0.00130351132248, 1.69751638168e-05, 4.42191731054e-06, 1.23635782074e-05, 1.79650251084e-05, 2.56611451732e-06, 1.16535886718e-06, 2.82672567664e-06, 9.78572188615e-07, 1.87802038454e-06, 6.36395157017e-07, 6.45713441827e-07, 2.37509766521e-07, 5.12730821356e-07, 3.37008003726e-07, 3.65505137268e-08, 7.56782654321e-08, 1.15818011182e-07, 1.18062835952e-07, 1.26930927991e-07, 2.16595772429e-08, 8.28024493416e-09, 1.56298329834e-09, 5.82242101754e-11, 5.53394885472e-09, 9.92938225863e-07], "dvar2": [0.000903040578123, 0.00302541209385, 4.29457140854e-05, 1.12966645247e-05, 2.88387636829e-05, 4.30785221397e-05, 6.02153295404e-06, 2.60444062405e-06, 6.61949525238e-06, 2.36994878833e-06, 4.42888131147e-06, 1.68587382632e-06, 1.58098202974e-06, 5.69203450596e-07, 1.22181461393e-06, 8.83513962435e-07, 8.789790229e-08, 1.84332705544e-07, 2.77291832163e-07, 2.36388260078e-07, 2.52191085792e-07, 4.9576254213e-08, 2.09098889314e-08, 3.48611228773e-09, 1.26164301228e-10, 1.45941534413e-08, 2.04457228392e-06], "max": [0.312480807304, 0.505933105946, 0.0791755393147, 0.0724012702703, 0.084486797452, 0.126029714942, 0.0496718585491, 0.0420812778175, 0.0830456838012, 0.0445064343512, 0.0605277344584, 0.0191836785525, 0.0201736744493, 0.0200215280056, 0.030457066372, 0.0145875867456, 0.00425401562825, 0.0123222880065, 0.0126262363046, 0.0283571481705, 0.0307348035276, 0.00844327919185, 0.00423964345828, 0.00169207016006, 0.000457295769593, 0.00514096114784, 0.0486866831779], "mean": [0.00643046619371, 0.0158837884665, 0.00212819478475, 0.00144652638119, 0.00273160007782, 0.00274412333965, 0.00095365132438, 0.000729018473066, 0.000759448274039, 0.000558799889404, 0.00065585039556, 0.000531402416527, 0.000604765140451, 0.000377674296033, 0.000554022146389, 0.000465064571472, 0.000173039268702, 0.000230999256019, 0.000223214636208, 0.000174675224116, 0.000194864915102, 9.5102157502e-05, 4.75440938317e-05, 2.1318481231e-05, 4.17357023252e-06, 3.07768896164e-05, 0.00108892843127], "median": [0.0017330738483, 0.00376366381533, 0.000798374530859, 0.000521050882526, 0.00115526991431, 0.00077517691534, 0.000302016764181, 0.000209127872949, 0.000185095501365, 0.000155614383402, 0.000172044776264, 0.00017412006855, 0.000222730595851, 0.000133124965942, 0.000204294192372, 0.000161500531249, 6.31987859379e-05, 5.68104478589e-05, 4.35202455265e-05, 3.63974359061e-05, 4.11726541643e-05, 2.38782213273e-05, 8.7139515017e-06, 3.36802759193e-06, 1.09830386918e-06, 4.97832888868e-06, 0.000240785404458], "min": [8.27165860854e-24, 3.37580055516e-23, 1.43350730846e-23, 9.08658111149e-24, 2.92697624987e-23, 4.40835889558e-23, 1.70789995257e-23, 5.05147711747e-23, 4.53353818392e-23, 9.79652026967e-23, 1.37417897304e-23, 5.12195331965e-23, 4.30502001026e-23, 9.85568673083e-23, 1.52832207838e-22, 8.61060295166e-23, 1.40845068797e-22, 7.45771681747e-23, 1.28798228763e-22, 2.00739882073e-22, 2.91231138875e-22, 4.6761942754e-22, 4.51932581341e-22, 8.04360343313e-22, 1.2125962909e-21, 1.64851128507e-21, 2.53409729102e-21], "var": [0.000331576593453, 0.00140566739719, 1.84558448382e-05, 8.11227801023e-06, 2.56384118984e-05, 4.05685277656e-05, 5.08516859554e-06, 3.28369765157e-06, 5.90226773056e-06, 1.87437944987e-06, 2.97891710943e-06, 1.06580068859e-06, 1.3235443248e-06, 5.10297866185e-07, 1.12396753593e-06, 8.11855272786e-07, 9.45062765823e-08, 2.35027499684e-07, 2.33902099467e-07, 3.40152695344e-07, 5.20062883425e-07, 5.45222214043e-08, 1.86064443852e-08, 2.20264939621e-09, 1.1206155448e-10, 1.65063251956e-08, 6.51846403343e-06]}, "barkbands_crest": {"dmean": 3.25101709366, "dmean2": 5.17641067505, "dvar": 8.46345424652, "dvar2": 19.5747127533, "max": 26.6312847137, "mean": 11.3816375732, "median": 10.4763774872, "min": 2.53580236435, "var": 24.6998825073}, "barkbands_flatness_db": {"dmean": 0.032071493566, "dmean2": 0.0506495125592, "dvar": 0.00097783410456, "dvar2": 0.00253408798017, "max": 0.539533793926, "mean": 0.150342687964, "median": 0.140785902739, "min": 0.0254020504653, "var": 0.00342658301815}, "barkbands_kurtosis": {"dmean": 9.24938488007, "dmean2": 14.8105201721, "dvar": 320.610168457, "dvar2": 821.072570801, "max": 402.833770752, "mean": 14.4008932114, "median": 5.5554933548, "min": -1.88233685493, "var": 644.796447754}, "barkbands_skewness": {"dmean": 0.939585506916, "dmean2": 1.45399093628, "dvar": 1.21475732327, "dvar2": 3.03327655792, "max": 18.4928245544, "mean": 2.64906668663, "median": 2.2274274826, "min": -4.29387426376, "var": 4.27868413925}, "barkbands_spread": {"dmean": 9.41593074799, "dmean2": 14.9169425964, "dvar": 130.081604004, "dvar2": 318.08013916, "max": 130.345352173, "mean": 28.5682945251, "median": 22.4589576721, "min": 0.463858664036, "var": 497.105682373}, "dissonance": {"dmean": 0.017713829875, "dmean2": 0.0297650583088, "dvar": 0.000335526041454, "dvar2": 0.000923997198697, "max": 0.500000119209, "mean": 0.469995081425, "median": 0.476176798344, "min": 0.250882327557, "var": 0.000601750856731}, "dynamic_complexity": 5.73812294006, "erbbands": {"dmean": [0.574405789375, 2.73768305779, 2.70047664642, 2.54142427444, 4.70741939545, 5.9329867363, 8.87559700012, 14.9624729156, 10.1155757904, 9.62678527832, 8.26737308502, 9.34745979309, 12.9283895493, 14.7895174026, 16.935218811, 13.5592184067, 16.8436431885, 11.341709137, 13.420873642, 15.4734344482, 9.96813583374, 5.09089326859, 6.12486410141, 6.10931062698, 6.45552921295, 4.13130044937, 3.94171643257, 3.6445081234, 1.79859924316, 1.35200726986, 0.820023357868, 0.414125591516, 0.249390512705, 0.070908613503, 0.0179533995688, 0.038882214576, 0.0392496995628, 0.0399825982749, 0.0226281601936, 0.00733262905851], "dmean2": [0.960316836834, 4.15774536133, 4.21144485474, 4.13224029541, 7.53131055832, 9.55765533447, 14.1285648346, 23.3096942902, 15.963634491, 14.9979448318, 12.963766098, 14.9373435974, 20.9210643768, 23.94008255, 27.0949668884, 22.0130195618, 27.3901348114, 18.1851158142, 21.1594982147, 24.9653244019, 15.9112634659, 7.81090736389, 9.42953968048, 9.30130767822, 10.1709327698, 6.11949491501, 5.96614456177, 5.56051063538, 2.66433310509, 2.02669739723, 1.20876014233, 0.619133234024, 0.381996482611, 0.110228434205, 0.0287586785853, 0.0577646754682, 0.0580045357347, 0.0591379292309, 0.0333234071732, 0.0108357938007], "dvar": [2.02046704292, 66.6271133423, 55.2586250305, 28.2703170776, 90.573677063, 224.843276978, 737.349914551, 1722.13964844, 618.258605957, 713.02331543, 502.425292969, 1144.76184082, 2254.33105469, 1310.65002441, 2549.16308594, 966.863525391, 1452.72375488, 630.565856934, 1100.68457031, 987.936523438, 698.358642578, 104.114234924, 222.224624634, 197.532958984, 355.364501953, 272.824920654, 302.240783691, 207.094894409, 31.5042934418, 16.6351451874, 6.87148809433, 0.992359638214, 0.35390868783, 0.0240644458681, 0.00124392891303, 0.0083001088351, 0.0298498738557, 0.0188017934561, 0.0136055266485, 0.000351917464286], "dvar2": [5.41954708099, 146.46434021, 122.35736084, 70.4174804688, 218.042953491, 524.155395508, 1795.63208008, 4157.64013672, 1469.41992188, 1665.70812988, 1158.96459961, 2708.14648438, 5270.53808594, 3229.77075195, 6011.93847656, 2523.36474609, 3568.41333008, 1530.62145996, 2514.15649414, 2527.9152832, 1929.70996094, 244.366958618, 536.241516113, 428.82131958, 893.340209961, 499.579406738, 696.535339355, 419.175811768, 68.4460830688, 39.8330001831, 17.5570278168, 2.23545598984, 0.826401114464, 0.0534897781909, 0.00295912707224, 0.0175672117621, 0.0822750553489, 0.0440255217254, 0.0255547370762, 0.00074247532757], "max": [20.3490772247, 125.685424805, 130.243179321, 192.732788086, 381.870330811, 407.512817383, 652.503723145, 1178.82702637, 747.940002441, 1322.93798828, 887.955993652, 1499.76733398, 3127.11352539, 1111.68188477, 2256.47363281, 648.750366211, 962.139221191, 672.024658203, 1437.28271484, 960.786560059, 909.503479004, 262.158355713, 543.053833008, 391.999542236, 1090.04968262, 1405.6730957, 1372.16870117, 1087.57470703, 326.084716797, 210.803390503, 147.057754517, 46.1636199951, 18.9645557404, 7.22731733322, 1.18608283997, 5.00144100189, 11.3057126999, 6.86653423309, 6.66110658646, 0.860490143299], "mean": [0.598945438862, 2.99991178513, 3.30023121834, 3.84348940849, 7.68236255646, 8.7806854248, 13.4817562103, 24.1642780304, 16.4916496277, 16.7498435974, 13.315782547, 15.0079374313, 20.8231430054, 22.0742549896, 26.1507492065, 23.5884685516, 29.024684906, 21.0708751678, 25.1534824371, 29.8243618011, 19.6839179993, 10.5258331299, 12.4183483124, 11.8170547485, 10.5533294678, 8.37063121796, 8.19559764862, 7.12224531174, 3.49754738808, 2.35472512245, 1.29913198948, 0.586804509163, 0.292333632708, 0.0880997925997, 0.021267099306, 0.0529230833054, 0.0658232942224, 0.0921811535954, 0.0721940994263, 0.0263665914536], "median": [0.173626586795, 0.566978514194, 1.04386270046, 1.67373239994, 2.95426225662, 3.26898550987, 3.60942864418, 6.79319524765, 6.02275276184, 4.73065423965, 4.41614532471, 4.0627989769, 5.09545040131, 6.88123369217, 8.12800502777, 8.38866329193, 11.3553781509, 8.48231124878, 9.73810100555, 11.7671413422, 7.29429244995, 4.00129079819, 3.27985191345, 2.67554283142, 2.04919672012, 1.72373867035, 1.73419809341, 1.51200604439, 0.901493489742, 0.515211224556, 0.230614900589, 0.0993590429425, 0.0438638776541, 0.0180047117174, 0.00699213705957, 0.00987463723868, 0.0107051432133, 0.0134399859235, 0.0124488985166, 0.00710144080222], "min": [7.10568088587e-22, 8.48141805484e-21, 1.8968514835e-20, 2.49943721167e-20, 5.28885454241e-20, 9.69225618304e-20, 1.67375020942e-19, 4.55880690575e-19, 4.02339977862e-19, 4.68687772903e-19, 1.5531281734e-18, 1.51393614919e-18, 2.62516231228e-18, 2.49832098959e-18, 1.14533423187e-18, 2.23173432664e-18, 2.2427949722e-18, 3.07383045321e-18, 8.66899095872e-18, 7.98075766392e-18, 5.82011144591e-18, 7.46150661492e-18, 4.52684929977e-18, 4.92747809944e-18, 7.4994841312e-18, 1.101618543e-17, 1.55286120086e-17, 1.13695569877e-17, 1.52067312169e-17, 1.51620618094e-17, 1.38180959733e-17, 1.54886409871e-17, 1.29493884124e-17, 1.51866820132e-17, 7.61271853962e-18, 4.97621764908e-18, 3.17795884385e-18, 1.22579491724e-18, 3.67105004748e-19, 3.56140609407e-20], "var": [1.69113945961, 75.0741119385, 64.0392913818, 51.7943687439, 196.966369629, 430.923431396, 1369.38146973, 3619.22094727, 1207.7623291, 1969.58605957, 1056.67480469, 2475.43774414, 5078.31738281, 2112.42211914, 4224.51025391, 1842.39489746, 2986.77197266, 1421.01086426, 2425.92578125, 2444.05981445, 1615.28381348, 326.297821045, 683.449279785, 539.984130859, 630.372680664, 815.70916748, 939.661499023, 701.489746094, 82.6746673584, 39.9024620056, 18.0190162659, 1.94402861595, 0.445616483688, 0.0414015129209, 0.00170415209141, 0.0165196508169, 0.0800867974758, 0.0856277570128, 0.0914910882711, 0.0025337273255]}, "erbbands_crest": {"dmean": 2.5877468586, "dmean2": 4.24183034897, "dvar": 6.37227725983, "dvar2": 16.3085899353, "max": 34.4412841797, "mean": 8.24770355225, "median": 7.12652826309, "min": 1.99076390266, "var": 17.2685279846}, "erbbands_flatness_db": {"dmean": 0.020962452516, "dmean2": 0.030928555876, "dvar": 0.000411138840718, "dvar2": 0.00083179975627, "max": 0.41109803319, "mean": 0.130517691374, "median": 0.127672180533, "min": 0.0185988750309, "var": 0.0020992460195}, "erbbands_kurtosis": {"dmean": 0.982108533382, "dmean2": 1.56184601784, "dvar": 3.61271381378, "dvar2": 7.99539995193, "max": 91.9514541626, "mean": 0.464161902666, "median": -0.175410270691, "min": -1.81139874458, "var": 8.9128112793}, "erbbands_skewness": {"dmean": 0.395373791456, "dmean2": 0.614961326122, "dvar": 0.141812250018, "dvar2": 0.327544003725, "max": 6.06003808975, "mean": 0.115866594017, "median": 0.0816085785627, "min": -7.5921664238, "var": 0.634983956814}, "erbbands_spread": {"dmean": 8.6954832077, "dmean2": 13.0096664429, "dvar": 85.0325088501, "dvar2": 181.150588989, "max": 180.964172363, "mean": 38.6008110046, "median": 34.6238937378, "min": 1.08232676983, "var": 401.235351562}, "gfcc": {"cov": [[16203.671875, 595.855957031, -1533.5645752, -76.7976303101, 150.732940674, -519.81640625, 387.934906006, -409.162200928, 214.526260376, -83.4821624756, 46.7012214661, -38.2603187561, -81.9526672363], [595.855957031, 1495.13366699, -75.902923584, -301.920623779, 202.573989868, -42.2877006531, -50.0731582642, -61.8272857666, -8.49355506897, -48.6052017212, 74.8093109131, -118.229774475, 146.234100342], [-1533.5645752, -75.902923584, 793.061889648, 286.757110596, -119.612915039, 281.833618164, -112.857879639, 188.117095947, -31.5614376068, 76.983833313, 5.96375370026, 24.1350002289, -23.6408615112], [-76.7976303101, -301.920623779, 286.757110596, 553.561706543, -21.6157131195, 40.0592346191, 38.6639099121, 89.4560928345, -60.613948822, 20.0039463043, -28.9460830688, 58.3870925903, -89.0065307617], [150.732940674, 202.573989868, -119.612915039, -21.6157131195, 273.25491333, -31.8034877777, 55.688243866, -43.4642601013, 56.673210144, -18.8371639252, 21.1020202637, -39.4592514038, 40.6008758545], [-519.81640625, -42.2877006531, 281.833618164, 40.0592346191, -31.8034877777, 375.305664062, -79.2476119995, 157.505386353, -12.745382309, 47.5580787659, 15.0113124847, 6.27107095718, 24.8135910034], [387.934906006, -50.0731582642, -112.857879639, 38.6639099121, 55.688243866, -79.2476119995, 188.651153564, -42.834526062, 33.9633140564, -22.8714981079, -13.0463266373, 20.9295578003, -21.356464386], [-409.162200928, -61.8272857666, 188.117095947, 89.4560928345, -43.4642601013, 157.505386353, -42.834526062, 214.651702881, 10.1250829697, 41.9019393921, 7.047935009, -6.10908031464, -0.632407844067], [214.526260376, -8.49355506897, -31.5614376068, -60.613948822, 56.673210144, -12.745382309, 33.9633140564, 10.1250829697, 156.798187256, 49.6902694702, 9.171251297, -9.31983661652, 0.807023704052], [-83.4821624756, -48.6052017212, 76.983833313, 20.0039463043, -18.8371639252, 47.5580787659, -22.8714981079, 41.9019393921, 49.6902694702, 92.7062835693, 37.8258056641, 11.6947584152, -0.299568325281], [46.7012214661, 74.8093109131, 5.96375370026, -28.9460830688, 21.1020202637, 15.0113124847, -13.0463266373, 7.047935009, 9.171251297, 37.8258056641, 89.7194519043, 23.9664020538, 20.8554286957], [-38.2603187561, -118.229774475, 24.1350002289, 58.3870925903, -39.4592514038, 6.27107095718, 20.9295578003, -6.10908031464, -9.31983661652, 11.6947584152, 23.9664020538, 86.7192993164, 3.36145377159], [-81.9526672363, 146.234100342, -23.6408615112, -89.0065307617, 40.6008758545, 24.8135910034, -21.356464386, -0.632407844067, 0.807023704052, -0.299568325281, 20.8554286957, 3.36145377159, 95.9317703247]], "icov": [[9.24279302126e-05, -7.63323623687e-05, 0.000264865055215, -0.000221927490202, 0.000218587985728, -0.000128492436488, -6.16734541836e-05, 0.000145037120092, -0.000258635438513, 9.46555228438e-05, -0.000183544514584, 0.00015568001254, 1.95504799194e-05], [-7.63323623687e-05, 0.00115701241884, -0.00053729332285, 0.000481467577629, -0.00055676267948, 0.000359910540283, -8.98592134035e-06, 1.49689940372e-05, 0.000441701471573, 0.000586273905355, -0.00105376192369, 0.00139895791654, -0.00119578104932], [0.000264865055215, -0.00053729332285, 0.00338637037203, -0.00214364402927, 0.00166112370789, -0.0018203080399, 0.000657186261378, 0.000221005073399, -0.00129972724244, -0.00022484389774, -0.00054659601301, 0.000674713402987, -8.80973748281e-05], [-0.000221927490202, 0.000481467577629, -0.00214364402927, 0.00487875752151, -0.00300602801144, 0.00152868346777, -0.00061371573247, -0.00218880898319, 0.00361533113755, -0.0023902177345, 0.00286231772043, -0.00382122886367, 0.00327430316247], [0.000218587985728, -0.00055676267948, 0.00166112370789, -0.00300602801144, 0.00779183534905, -0.0015867210459, -0.00152193731628, 0.00227931700647, -0.00447478750721, 0.00364333763719, -0.00436469959095, 0.00546641414985, -0.00374895334244], [-0.000128492436488, 0.000359910540283, -0.0018203080399, 0.00152868346777, -0.0015867210459, 0.00531121483073, 0.000625445798505, -0.00315783894621, 0.00180412351619, -0.00145970459562, 0.00114305387251, -0.00147431774531, -0.000489059952088], [-6.16734541836e-05, -8.98592134035e-06, 0.000657186261378, -0.00061371573247, -0.00152193731628, 0.000625445798505, 0.0078664040193, -3.8383212086e-05, -0.0019903711509, 0.00189776939806, 0.00108611292671, -0.00328360125422, 0.00168848468456], [0.000145037120092, 1.49689940372e-05, 0.000221005073399, -0.00218880898319, 0.00227931700647, -0.00315783894621, -3.8383212086e-05, 0.00867464579642, -0.00233608996496, 0.000146542894072, -0.00193059968296, 0.00370970717631, -0.00166464608628], [-0.000258635438513, 0.000441701471573, -0.00129972724244, 0.00361533113755, -0.00447478750721, 0.00180412351619, -0.0019903711509, -0.00233608996496, 0.01281032525, -0.0093500316143, 0.0043663228862, -0.00208539841697, 0.00209536217153], [9.46555228438e-05, 0.000586273905355, -0.00022484389774, -0.0023902177345, 0.00364333763719, -0.00145970459562, 0.00189776939806, 0.000146542894072, -0.0093500316143, 0.0227968767285, -0.010699365288, 0.0027624911163, -0.00144777423702], [-0.000183544514584, -0.00105376192369, -0.00054659601301, 0.00286231772043, -0.00436469959095, 0.00114305387251, 0.00108611292671, -0.00193059968296, 0.0043663228862, -0.010699365288, 0.0204818230122, -0.0095684863627, 0.00156357802916], [0.00015568001254, 0.00139895791654, 0.000674713402987, -0.00382122886367, 0.00546641414985, -0.00147431774531, -0.00328360125422, 0.00370970717631, -0.00208539841697, 0.0027624911163, -0.0095684863627, 0.0218467768282, -0.00667651742697], [1.95504799194e-05, -0.00119578104932, -8.80973748281e-05, 0.00327430316247, -0.00374895334244, -0.000489059952088, 0.00168848468456, -0.00166464608628, 0.00209536217153, -0.00144777423702, 0.00156357802916, -0.00667651742697, 0.0172297488898]], "mean": [-32.7853355408, 85.0545883179, -83.439201355, 7.95159769058, -14.7545337677, -10.8419790268, -3.51604819298, -19.5419082642, -0.403793632984, -4.03507518768, -3.45847988129, 0.783353090286, -3.50436425209]}, "hfc": {"dmean": 33.307559967, "dmean2": 48.9897537231, "dvar": 4127.58349609, "dvar2": 9108.01074219, "max": 1635.80285645, "mean": 117.083030701, "median": 56.6895446777, "min": 1.16946106788e-16, "var": 25214.3554688}, "melbands": {"dmean": [0.00485576922074, 0.0021960013546, 0.000476285204059, 0.000382046040613, 0.000288805022137, 0.000322904146742, 0.000152331151185, 0.000102589430753, 6.55139592709e-05, 6.59935176373e-05, 6.39606223558e-05, 5.84622139286e-05, 6.3077568484e-05, 3.99717137043e-05, 4.06600920542e-05, 3.26481094817e-05, 2.12871727854e-05, 2.05817686947e-05, 2.37641688727e-05, 2.04908465093e-05, 1.09985976451e-05, 5.64814172321e-06, 5.54380403628e-06, 6.01461943006e-06, 5.22580330653e-06, 5.62912600799e-06, 3.68882706425e-06, 2.8099964311e-06, 2.86055728793e-06, 2.23784854825e-06, 2.05660126085e-06, 1.13577800676e-06, 9.04282671854e-07, 6.99310533037e-07, 4.85953648877e-07, 3.86927638374e-07, 2.2222192797e-07, 1.71335017285e-07, 1.57171953674e-07, 3.27745901529e-08], "dmean2": [0.0078356070444, 0.00332133192569, 0.000770121521782, 0.00061191682471, 0.00045806428534, 0.000502596492879, 0.000239527827944, 0.000159055445693, 0.00010351210949, 0.000105712781078, 0.000103633989056, 9.50798712438e-05, 0.000100392171589, 6.54975519865e-05, 6.59215365886e-05, 5.32833910256e-05, 3.43122374034e-05, 3.26757181028e-05, 3.79418270313e-05, 3.3317868656e-05, 1.76385219675e-05, 8.90316005098e-06, 8.80200059328e-06, 9.22701747186e-06, 8.06275056675e-06, 9.04683656699e-06, 5.85378393225e-06, 4.19800744567e-06, 4.49863728136e-06, 3.44066211255e-06, 3.17838407682e-06, 1.7368134877e-06, 1.35858863359e-06, 1.06385641629e-06, 7.24823564724e-07, 5.81872257044e-07, 3.4115387848e-07, 2.64081194246e-07, 2.46246202096e-07, 5.22747782838e-08], "dvar": [0.000131499706185, 4.31081462011e-05, 8.34268860217e-07, 6.34193668247e-07, 6.66415303385e-07, 7.43129760394e-07, 1.37204992257e-07, 7.69008821067e-08, 3.72231134804e-08, 5.7714654389e-08, 5.44211040676e-08, 2.09451762601e-08, 4.28331397018e-08, 1.03007966601e-08, 9.23081344695e-09, 5.38280975348e-09, 2.38584441092e-09, 2.47979814461e-09, 2.91241808448e-09, 2.09214623403e-09, 1.13395393075e-09, 1.29261726323e-10, 1.8147922054e-10, 2.02831723639e-10, 1.45845321931e-10, 2.44434056329e-10, 1.48495146735e-10, 1.66603814078e-10, 1.93354693367e-10, 8.08979550015e-11, 6.17984136086e-11, 1.59500277569e-11, 5.03920082745e-12, 5.20437946211e-12, 2.11456047984e-12, 2.42865580077e-12, 2.78479252462e-13, 1.68446108299e-13, 1.5706414034e-13, 4.52226485968e-15], "dvar2": [0.000329038564814, 9.27853398025e-05, 2.07403718377e-06, 1.48210096995e-06, 1.61041089086e-06, 1.7847747813e-06, 3.19675933724e-07, 1.76185039891e-07, 8.63045173105e-08, 1.34345711444e-07, 1.27157051111e-07, 5.20853618013e-08, 1.00735135788e-07, 2.72224021103e-08, 2.33462547072e-08, 1.37587763405e-08, 5.83520565201e-09, 5.69446712007e-09, 7.24260296181e-09, 5.27683674534e-09, 3.15245740623e-09, 3.17487314216e-10, 4.53167753323e-10, 4.85315065912e-10, 3.25588139782e-10, 6.3018923413e-10, 3.52776113877e-10, 3.22820936649e-10, 5.11750086751e-10, 1.65048849587e-10, 1.23933779905e-10, 3.71393540921e-11, 1.14508732357e-11, 1.28439394537e-11, 5.30262812826e-12, 6.59023400087e-12, 6.23122755651e-13, 3.8898514943e-13, 3.73410232856e-13, 1.03787395955e-14], "max": [0.140157744288, 0.110441066325, 0.0278011802584, 0.0225104186684, 0.0198186952621, 0.025246148929, 0.0113195627928, 0.0139270266518, 0.00846633780748, 0.012316307053, 0.0150723243132, 0.00423018774018, 0.00967967696488, 0.00281782913953, 0.00355416955426, 0.0017086553853, 0.00153992278501, 0.00217782799155, 0.0020207259804, 0.0013761613518, 0.00132211949676, 0.000249967706623, 0.000485409953399, 0.000599566730671, 0.000290352065349, 0.000559130741749, 0.00101268780418, 0.00112166663166, 0.00110358174425, 0.000765017059166, 0.000628746463917, 0.000210989062907, 8.6290317995e-05, 0.000121606135508, 7.57645684644e-05, 9.7723052022e-05, 2.69120846497e-05, 1.48696835822e-05, 1.59933260875e-05, 2.82366454485e-06], "mean": [0.00530774891376, 0.00259169610217, 0.000780482543632, 0.000611571012996, 0.00044472765876, 0.000530721037649, 0.000248310447205, 0.000178966554813, 0.00010088919953, 0.000103956430394, 0.000101025558251, 8.32653895486e-05, 9.20813836274e-05, 6.30968934274e-05, 6.70379959047e-05, 5.50595068489e-05, 3.62008904631e-05, 3.62190730812e-05, 4.30715372204e-05, 3.68571163563e-05, 1.95812226593e-05, 1.0215232578e-05, 1.03714091892e-05, 1.15177090265e-05, 9.28340341488e-06, 8.62962860992e-06, 6.03666649113e-06, 5.38746371603e-06, 5.31762680112e-06, 4.52388894701e-06, 3.77909123017e-06, 2.01765715246e-06, 1.60708896146e-06, 1.11309930162e-06, 7.34288164495e-07, 5.85165651046e-07, 2.78540710497e-07, 1.9864349099e-07, 1.76390457796e-07, 3.88238206028e-08], "median": [0.00149262335617, 0.00070765579585, 0.000356625590939, 0.000248249736615, 0.000128881656565, 0.000151330968947, 8.88578288141e-05, 4.85881719214e-05, 3.14138960675e-05, 2.51601522905e-05, 2.30226996791e-05, 2.34505914705e-05, 2.58177751675e-05, 2.10067119042e-05, 2.17755496124e-05, 2.19455178012e-05, 1.27518051158e-05, 1.27586763483e-05, 1.60449690156e-05, 1.3005666915e-05, 6.19273714619e-06, 3.77620972358e-06, 2.82502060145e-06, 2.6538025395e-06, 1.95136180992e-06, 1.55049269779e-06, 1.16334217637e-06, 1.05059814359e-06, 1.07002244931e-06, 8.86125121724e-07, 8.15234329821e-07, 4.89645060497e-07, 3.76008216563e-07, 2.21539323775e-07, 1.28138296418e-07, 8.24431438673e-08, 4.68150105348e-08, 2.89239245888e-08, 2.29680523489e-08, 1.01162500599e-08], "min": [9.03285968384e-24, 1.09554170506e-23, 5.79280836429e-24, 5.12858511551e-24, 7.68178865552e-24, 9.75403868998e-24, 5.84931999296e-24, 5.47789785194e-24, 1.27304850383e-23, 8.52424950381e-24, 1.32278460618e-23, 1.06371913503e-23, 2.55246063025e-24, 6.78976604314e-24, 5.0718009354e-24, 4.0209806228e-24, 6.37962424231e-24, 1.40360443144e-23, 1.17572783836e-23, 6.17065893283e-24, 7.11170175629e-24, 8.29869918265e-24, 5.87814023727e-24, 2.87651660429e-24, 3.86720007794e-24, 6.13090152649e-24, 5.63818452712e-24, 7.25244243039e-24, 8.49465696467e-24, 6.87939089717e-24, 6.56452692761e-24, 8.92334606867e-24, 9.27145224235e-24, 7.52215870705e-24, 6.29452902761e-24, 6.29250362723e-24, 1.12521739014e-23, 9.22335381524e-24, 9.07055776878e-24, 1.31949410957e-23], "var": [0.000127395542222, 5.00813075632e-05, 1.64487039456e-06, 1.40288750572e-06, 1.23017241549e-06, 1.62656726843e-06, 2.78251775399e-07, 2.29301207355e-07, 7.40087813256e-08, 1.25080674707e-07, 1.22674791214e-07, 3.25549613933e-08, 6.68433912665e-08, 1.68804472622e-08, 1.86436466265e-08, 1.03059001333e-08, 4.99145924593e-09, 5.27938004424e-09, 6.32567553893e-09, 4.80237760669e-09, 2.37179831331e-09, 3.15741321977e-10, 4.87370144242e-10, 6.05907268802e-10, 3.47419731872e-10, 4.04199451687e-10, 2.70187289209e-10, 4.38341085651e-10, 4.27461538388e-10, 3.04739677937e-10, 1.89566445874e-10, 3.33501941341e-11, 1.30575350879e-11, 1.04742256535e-11, 4.99289325162e-12, 5.56608795513e-12, 3.90169748723e-13, 2.1263733504e-13, 2.00347239341e-13, 7.67005867321e-15]}, "melbands_crest": {"dmean": 4.73550987244, "dmean2": 7.81829690933, "dvar": 19.7987709045, "dvar2": 51.4471969604, "max": 39.373664856, "mean": 17.7866573334, "median": 17.0645694733, "min": 1.91052377224, "var": 53.6043281555}, "melbands_flatness_db": {"dmean": 0.0387215353549, "dmean2": 0.0609125569463, "dvar": 0.00131143815815, "dvar2": 0.00337714864872, "max": 0.71449393034, "mean": 0.2507802248, "median": 0.246363565326, "min": 0.00599509384483, "var": 0.00563884340227}, "melbands_kurtosis": {"dmean": 18.2022018433, "dmean2": 29.6903038025, "dvar": 1685.54638672, "dvar2": 4530.68994141, "max": 1067.97949219, "mean": 27.4923915863, "median": 10.7424573898, "min": -1.94132483006, "var": 2548.66186523}, "melbands_skewness": {"dmean": 1.24246096611, "dmean2": 1.92217218876, "dvar": 2.39256691933, "dvar2": 5.86967086792, "max": 28.9310665131, "mean": 3.49625301361, "median": 2.83246898651, "min": -6.75537633896, "var": 7.29476928711}, "melbands_spread": {"dmean": 6.89221858978, "dmean2": 10.8859891891, "dvar": 101.484893799, "dvar2": 231.505111694, "max": 245.450286865, "mean": 18.711643219, "median": 13.5734386444, "min": 0.345650106668, "var": 390.4375}, "mfcc": {"cov": [[13740.0273438, 797.429199219, -1502.90661621, 394.126434326, -553.473632812, 202.922134399, -258.294403076, 28.2706356049, -190.471740723, 93.4493255615, -60.2986946106, 19.3578567505, -34.8243789673], [797.429199219, 1637.94348145, -286.077606201, -209.342163086, 100.120056152, -23.5129489899, -4.34885025024, -126.457733154, 10.7959756851, -34.6421470642, -41.0524978638, -60.5084724426, 32.0347251892], [-1502.90661621, -286.077606201, 974.727050781, 4.42829179764, 191.056030273, 12.1259832382, 96.9622344971, 71.7526397705, 33.4289970398, 52.4269256592, 39.6898612976, 66.203666687, -2.73331236839], [394.126434326, -209.342163086, 4.42829179764, 518.060424805, -55.4788551331, 26.0211029053, 17.9548816681, 42.2837486267, -32.2353935242, -15.5715103149, 11.2906570435, -3.29753303528, -22.4083652496], [-553.473632812, 100.120056152, 191.056030273, -55.4788551331, 287.371520996, 22.4828205109, 59.8876533508, 7.40073823929, 45.7683372498, 44.6440200806, 23.3641757965, 21.4990139008, 18.6399269104], [202.922134399, -23.5129489899, 12.1259832382, 26.0211029053, 22.4828205109, 149.300796509, 16.8948612213, 21.6043357849, 7.77749013901, 6.97724580765, -1.61408889294, 9.29780578613, 1.9130910635], [-258.294403076, -4.34885025024, 96.9622344971, 17.9548816681, 59.8876533508, 16.8948612213, 141.968292236, 47.5422973633, 5.71356916428, -5.54980039597, -10.5266494751, -1.29219329357, 1.33705091476], [28.2706356049, -126.457733154, 71.7526397705, 42.2837486267, 7.40073823929, 21.6043357849, 47.5422973633, 113.365325928, 29.7630596161, 19.3181095123, 5.88124799728, 10.5063076019, -3.82872653008], [-190.471740723, 10.7959756851, 33.4289970398, -32.2353935242, 45.7683372498, 7.77749013901, 5.71356916428, 29.7630596161, 109.823944092, 45.0573577881, 15.1959705353, 7.28338718414, 12.9970149994], [93.4493255615, -34.6421470642, 52.4269256592, -15.5715103149, 44.6440200806, 6.97724580765, -5.54980039597, 19.3181095123, 45.0573577881, 103.929458618, 37.5331077576, 20.2205066681, 9.21530056], [-60.2986946106, -41.0524978638, 39.6898612976, 11.2906570435, 23.3641757965, -1.61408889294, -10.5266494751, 5.88124799728, 15.1959705353, 37.5331077576, 89.5980148315, 38.5446815491, 6.39538002014], [19.3578567505, -60.5084724426, 66.203666687, -3.29753303528, 21.4990139008, 9.29780578613, -1.29219329357, 10.5063076019, 7.28338718414, 20.2205066681, 38.5446815491, 73.7371673584, 22.9138889313], [-34.8243789673, 32.0347251892, -2.73331236839, -22.4083652496, 18.6399269104, 1.9130910635, 1.33705091476, -3.82872653008, 12.9970149994, 9.21530056, 6.39538002014, 22.9138889313, 68.0378952026]], "icov": [[0.000115190588986, -8.37277257233e-05, 0.000153880057042, -8.36851031636e-05, 0.000135065172799, -0.000150198698975, 0.000130056927446, -0.000211439939449, 0.000270405842457, -0.000364624953363, 0.000197754226974, -0.000292339449516, 0.000107364750875], [-8.37277257233e-05, 0.000848103722092, 0.000122320780065, 0.000266753777396, -0.000480964314193, 0.000129643216496, -0.000316904654028, 0.00088172784308, -0.000394363363739, 0.00046678079525, -0.00012970501848, 0.000709609477781, -0.000380116485758], [0.000153880057042, 0.000122320780065, 0.0016115111066, -7.72457351559e-05, -0.000678338692524, 8.43328962219e-06, -0.000366036227206, -0.000566275324672, 0.000427015474997, -0.000656199175864, 0.000377354794182, -0.00138370587956, 0.000659240351524], [-8.36851031636e-05, 0.000266753777396, -7.72457351559e-05, 0.00226305262186, 0.000182948380825, -0.000247914838837, -0.000302304310026, -0.000530649849679, 0.00044932262972, 0.000522042741068, -0.000821245834231, 0.000635057280306, 0.000213513994822], [0.000135065172799, -0.000480964314193, -0.000678338692524, 0.000182948380825, 0.00534184044227, -0.000805286457762, -0.00187734304927, 0.000986729748547, -0.000945757201407, -0.00174491258804, -0.000390672677895, -0.000547616626136, -0.000381667894544], [-0.000150198698975, 0.000129643216496, 8.43328962219e-06, -0.000247914838837, -0.000805286457762, 0.00731887761503, -0.000452397565823, -0.00076318642823, -0.000429550564149, 0.000214962477912, 0.000663768325467, -0.000833819038235, 3.29020876961e-05], [0.000130056927446, -0.000316904654028, -0.000366036227206, -0.000302304310026, -0.00187734304927, -0.000452397565823, 0.0100773200393, -0.00470965728164, 0.00124043878168, 0.00112164311577, 0.00123236665968, 0.000563014182262, -0.000528837263118], [-0.000211439939449, 0.00088172784308, -0.000566275324672, -0.000530649849679, 0.000986729748547, -0.00076318642823, -0.00470965728164, 0.0137557080016, -0.00407064892352, -0.000701759010553, 7.85509109846e-05, -0.000729985302314, 0.00100798299536], [0.000270405842457, -0.000394363363739, 0.000427015474997, 0.00044932262972, -0.000945757201407, -0.000429550564149, 0.00124043878168, -0.00407064892352, 0.013278959319, -0.00504619209096, 8.29749478726e-05, 0.000696146395057, -0.00158844213001], [-0.000364624953363, 0.00046678079525, -0.000656199175864, 0.000522042741068, -0.00174491258804, 0.000214962477912, 0.00112164311577, -0.000701759010553, -0.00504619209096, 0.0153573350981, -0.00506629515439, 0.000871502386872, -0.000783752882853], [0.000197754226974, -0.00012970501848, 0.000377354794182, -0.000821245834231, -0.000390672677895, 0.000663768325467, 0.00123236665968, 7.85509109846e-05, 8.29749478726e-05, -0.00506629515439, 0.0171232074499, -0.00867099594325, 0.00195657857694], [-0.000292339449516, 0.000709609477781, -0.00138370587956, 0.000635057280306, -0.000547616626136, -0.000833819038235, 0.000563014182262, -0.000729985302314, 0.000696146395057, 0.000871502386872, -0.00867099594325, 0.0223205834627, -0.007161967922], [0.000107364750875, -0.000380116485758, 0.000659240351524, 0.000213513994822, -0.000381667894544, 3.29020876961e-05, -0.000528837263118, 0.00100798299536, -0.00158844213001, -0.000783752882853, 0.00195657857694, -0.007161967922, 0.0178368669003]], "mean": [-696.087585449, 144.269866943, -6.37138652802, 32.9955749512, 3.80029845238, 22.2553958893, 0.162745729089, 4.01822376251, 0.764991521835, 2.80088019371, -0.474681705236, 3.07747387886, 2.43730139732]}, "pitch_salience": {"dmean": 0.0943575650454, "dmean2": 0.151652723551, "dvar": 0.00758579559624, "dvar2": 0.018838243559, "max": 0.842027723789, "mean": 0.504519701004, "median": 0.52230912447, "min": 0.0311080887914, "var": 0.0215630475432}, "silence_rate_20dB": {"dmean": 0.00125829328317, "dmean2": 0.00251673045568, "dvar": 0.00125688803382, "dvar2": 0.00365497497842, "max": 1, "mean": 0.99931371212, "median": 1, "min": 0, "var": 0.00068561086664}, "silence_rate_30dB": {"dmean": 0.0801875963807, "dmean2": 0.160384371877, "dvar": 0.0737614035606, "dvar2": 0.144257366657, "max": 1, "mean": 0.903746068478, "median": 1, "min": 0, "var": 0.0869985073805}, "silence_rate_60dB": {"dmean": 0.0213909856975, "dmean2": 0.0427844189107, "dvar": 0.02093353495, "dvar2": 0.0467885993421, "max": 1, "mean": 0.113926224411, "median": 0, "min": 0, "var": 0.100965969265}, "spectral_centroid": {"dmean": 259.360809326, "dmean2": 396.366088867, "dvar": 98391.09375, "dvar2": 213089.40625, "max": 11479.3876953, "mean": 1204.2980957, "median": 1039.63537598, "min": 122.013183594, "var": 557243.4375}, "spectral_complexity": {"dmean": 3.31754755974, "dmean2": 4.84035921097, "dvar": 16.8702411652, "dvar2": 26.9196033478, "max": 61, "mean": 16.8440380096, "median": 16, "min": 0, "var": 158.442810059}, "spectral_contrast_coeffs": {"dmean": [0.0529664121568, 0.0502796843648, 0.0378036238253, 0.0284129194915, 0.0210541002452, 0.0336334072053], "dmean2": [0.087115213275, 0.0825412943959, 0.0626662895083, 0.0467297285795, 0.0341247916222, 0.0523825474083], "dvar": [0.00185907469131, 0.00160932936706, 0.000960901728831, 0.000538208289072, 0.000321093510138, 0.000951323483605], "dvar2": [0.00484216073528, 0.0042590321973, 0.00256678764708, 0.00141507061198, 0.000812779879197, 0.00228034099564], "max": [-0.372523665428, -0.381558805704, -0.492108732462, -0.562976539135, -0.603485286236, -0.445639431477], "mean": [-0.709686875343, -0.754252016544, -0.809755206108, -0.81066262722, -0.823320090771, -0.73318862915], "median": [-0.717304348946, -0.760169506073, -0.816513478756, -0.812942385674, -0.823741078377, -0.734896719456], "min": [-0.95943158865, -0.979554057121, -0.984332382679, -0.982872247696, -0.971685707569, -0.962286949158], "var": [0.00739214988425, 0.00638432707638, 0.00383331160992, 0.00295997876674, 0.00198676227592, 0.00584438303486]}, "spectral_contrast_valleys": {"dmean": [0.432141721249, 0.398419976234, 0.354633867741, 0.295231819153, 0.321405261755, 0.531565546989], "dmean2": [0.673830866814, 0.629135429859, 0.554800927639, 0.448157310486, 0.452458173037, 0.794689118862], "dvar": [0.164479583502, 0.133755683899, 0.117297843099, 0.098087079823, 0.141966372728, 0.238947406411], "dvar2": [0.324394017458, 0.279472887516, 0.230708733201, 0.181737720966, 0.235990211368, 0.50701123476], "max": [-4.73617982864, -4.64163684845, -5.19888830185, -5.55934429169, -5.2280125618, -8.54723358154], "mean": [-7.09897994995, -7.00907993317, -7.47790670395, -7.70782089233, -7.98354387283, -11.1766252518], "median": [-6.84470367432, -6.69469690323, -7.15270137787, -7.33620643616, -7.7507815361, -11.0332689285], "min": [-27.5560836792, -27.189239502, -27.335515976, -27.2679615021, -27.3300647736, -27.2207298279], "var": [1.64782047272, 1.66693496704, 1.69875729084, 1.81901800632, 1.76978099346, 1.29153847694]}, "spectral_decrease": {"dmean": 6.1049854061e-09, "dmean2": 9.40560695994e-09, "dvar": 1.60393417738e-16, "dvar2": 3.74208568185e-16, "max": 1.16179519338e-08, "mean": -8.74345928992e-09, "median": -4.19896384329e-09, "min": -1.45502994542e-07, "var": 1.96845189456e-16}, "spectral_energy": {"dmean": 0.0237768236548, "dmean2": 0.0361495614052, "dvar": 0.00232336902991, "dvar2": 0.00537163857371, "max": 0.577415108681, "mean": 0.043619889766, "median": 0.0275475308299, "min": 1.02602271491e-20, "var": 0.00318231200799}, "spectral_energyband_high": {"dmean": 0.000353132141754, "dmean2": 0.000495912274346, "dvar": 1.04546882085e-06, "dvar2": 1.74378249085e-06, "max": 0.0617911629379, "mean": 0.00109195359983, "median": 0.000378214230295, "min": 7.77269956108e-21, "var": 8.57248869579e-06}, "spectral_energyband_low": {"dmean": 0.0193199645728, "dmean2": 0.0305884480476, "dvar": 0.00199356069788, "dvar2": 0.00474106427282, "max": 0.546365380287, "mean": 0.0229800269008, "median": 0.00791991781443, "min": 5.9760101077e-23, "var": 0.00212910701521}, "spectral_energyband_middle_high": {"dmean": 0.00146836275235, "dmean2": 0.00217819772661, "dvar": 5.93698314333e-06, "dvar2": 1.34471983984e-05, "max": 0.0691022872925, "mean": 0.00431748759001, "median": 0.00239204033278, "min": 1.10990533176e-21, "var": 2.87206676148e-05}, "spectral_energyband_middle_low": {"dmean": 0.00404397491366, "dmean2": 0.00620047748089, "dvar": 4.35242400272e-05, "dvar2": 0.000102366124338, "max": 0.131025031209, "mean": 0.00956355873495, "median": 0.00582234747708, "min": 3.46064469122e-22, "var": 0.000145487196278}, "spectral_entropy": {"dmean": 0.18635211885, "dmean2": 0.280085921288, "dvar": 0.0360566563904, "dvar2": 0.0777941420674, "max": 9.80203151703, "mean": 7.56353139877, "median": 7.58456659317, "min": 4.66905117035, "var": 0.158355116844}, "spectral_flux": {"dmean": 0.03792469576, "dmean2": 0.0620881095529, "dvar": 0.00336997979321, "dvar2": 0.00817832443863, "max": 0.597271978855, "mean": 0.105491511524, "median": 0.088864274323, "min": 1.01292779719e-10, "var": 0.00665655406192}, "spectral_kurtosis": {"dmean": 3.73514723778, "dmean2": 5.40074205399, "dvar": 26.764957428, "dvar2": 56.1033287048, "max": 88.121307373, "mean": 14.3493328094, "median": 12.6010007858, "min": -1.20059895515, "var": 82.0143737793}, "spectral_rms": {"dmean": 0.00139535113703, "dmean2": 0.00200277310796, "dvar": 4.21452705268e-06, "dvar2": 8.69856921781e-06, "max": 0.0237346123904, "mean": 0.00553459441289, "median": 0.005184172187, "min": 3.16385481182e-12, "var": 1.19241476568e-05}, "spectral_rolloff": {"dmean": 2990.94042969, "dmean2": 5632.00244141, "dvar": 40455444, "dvar2": 94565520, "max": 22050, "mean": 8488.74414062, "median": 1765.72265625, "min": 21.533203125, "var": 93871888}, "spectral_skewness": {"dmean": 0.353761404753, "dmean2": 0.501577436924, "dvar": 0.188783168793, "dvar2": 0.367812544107, "max": 8.24927616119, "mean": 2.5133395195, "median": 2.37027549744, "min": -0.0221097357571, "var": 0.834264814854}, "spectral_spread": {"dmean": 517860.71875, "dmean2": 775753, "dvar": 407667671040, "dvar2": 708872306688, "max": 44038312, "mean": 4518548, "media