{"lowlevel": {"average_loudness": 0.526294887066, "barkbands": {"dmean": [1.67895941559e-05, 0.00142224680167, 0.0010103849927, 0.000959141761996, 0.0015168847749, 0.00117268459871, 0.000684298982378, 0.000614000135101, 0.0010109290015, 0.00102394702844, 0.000224698174861, 0.000272990379017, 0.000273757206742, 0.000266096438281, 0.000303747743601, 0.000191389786778, 0.000161511459737, 0.000122302168165, 8.44001406222e-05, 9.15613636607e-05, 9.02786850929e-05, 5.90542658756e-05, 5.5363165302e-05, 8.05855597719e-05, 6.94954651408e-05, 3.78220502171e-05, 1.1620872101e-05], "dmean2": [2.66520873993e-05, 0.00231172842905, 0.00174295168836, 0.00168517767452, 0.00240243901499, 0.00177309138235, 0.00103085488081, 0.00097024673596, 0.00163076107856, 0.00163969502319, 0.000344764994225, 0.000440374104073, 0.000425775127951, 0.000425181846367, 0.000489386497065, 0.000305988185573, 0.000261336273979, 0.000195859072846, 0.000133595807711, 0.000142703618621, 0.000135331181809, 8.6794148956e-05, 7.9973731772e-05, 0.000112971094495, 9.53787312028e-05, 5.29129829374e-05, 1.68463411683e-05], "dvar": [2.44286679774e-09, 2.05855394597e-05, 1.39234352901e-05, 1.07542155092e-05, 1.27843986775e-05, 1.04145692603e-05, 4.37821381638e-06, 2.01781972464e-06, 5.36815377927e-06, 9.07880894374e-06, 4.6331567205e-07, 6.44044064302e-07, 7.76516458245e-07, 3.52992287844e-07, 1.75951822712e-06, 2.848238978e-07, 1.90008691447e-07, 1.13475138619e-07, 2.86779808789e-08, 5.08978139635e-08, 4.85570978981e-08, 2.24172609364e-08, 2.63497206276e-08, 7.61290124274e-08, 6.17206055153e-08, 1.36991085142e-08, 1.74258762975e-09], "dvar2": [6.04935390669e-09, 5.01826943946e-05, 3.84495542676e-05, 2.96590023936e-05, 3.17740850733e-05, 2.39799519477e-05, 9.0998091764e-06, 4.93026163895e-06, 1.37309298225e-05, 2.2513402655e-05, 1.03137801943e-06, 1.75507943823e-06, 1.83856775493e-06, 8.31494446629e-07, 4.88607565785e-06, 6.88327133958e-07, 4.93835386806e-07, 2.77827524542e-07, 7.05575189386e-08, 1.13016653813e-07, 1.05575821863e-07, 4.53474697792e-08, 5.33383683887e-08, 1.39178922609e-07, 9.62384021364e-08, 2.87301364921e-08, 4.1603294143e-09], "max": [0.000749078637455, 0.0524626560509, 0.0431671217084, 0.0390413478017, 0.107813201845, 0.0805921182036, 0.0548221617937, 0.0272074751556, 0.0493838377297, 0.0734215080738, 0.0243846345693, 0.0198589637876, 0.0191135648638, 0.0132432850078, 0.0428453609347, 0.0120901502669, 0.0129245780408, 0.0092040784657, 0.00411555171013, 0.00934417452663, 0.00604642787948, 0.00493793189526, 0.0061840461567, 0.0126506350935, 0.0115413749591, 0.00317525537685, 0.000978636089712], "mean": [2.55799313891e-05, 0.00180729012936, 0.00123034778517, 0.000972469511908, 0.0025019121822, 0.00210090423934, 0.00110146868974, 0.000890040886588, 0.00160350778606, 0.00156092632096, 0.000354703428457, 0.000435776513768, 0.000412915862398, 0.000420891941758, 0.000493530649692, 0.000333140749717, 0.000308199436404, 0.000238245382207, 0.000179110546014, 0.000207463395782, 0.000206865777727, 0.000126718485262, 0.000112868161523, 0.000175959605258, 0.000153371147462, 6.47630222375e-05, 1.5039146092e-05], "median": [3.13455575451e-06, 0.000180882401764, 0.000158791764989, 0.000149538798723, 0.001042077085, 0.000528936332557, 0.000223568291403, 0.000286986556603, 0.000627706118394, 0.000332526309649, 9.97964089038e-05, 0.000123246674775, 0.000121808450785, 0.000141508979141, 0.000133194291266, 9.85576043604e-05, 0.000108342319436, 7.48108359403e-05, 7.04529375071e-05, 6.95698181516e-05, 5.46333794773e-05, 2.48746600846e-05, 2.19867069973e-05, 4.36456502939e-05, 2.50979610428e-05, 7.33249726181e-06, 8.20427942472e-07], "min": [1.76780289426e-23, 3.20938214305e-23, 2.8549715508e-23, 4.10525266115e-24, 2.31818262814e-23, 1.59221239641e-23, 9.52596306729e-23, 7.44728239651e-23, 2.56875047384e-22, 7.09153326507e-23, 4.56216594617e-23, 1.25994907407e-22, 1.28700574094e-22, 1.22916406123e-22, 1.45136825531e-22, 1.52539117613e-22, 1.97029900791e-22, 1.05856714757e-22, 3.08473492561e-22, 2.58709773766e-22, 3.2374273473e-22, 5.34228418997e-22, 7.93232229621e-22, 8.87764928126e-22, 1.00574994385e-21, 1.61839522628e-21, 2.63026450932e-21], "var": [3.85349974152e-09, 2.2763177185e-05, 1.11783510874e-05, 7.63265688875e-06, 2.17962297029e-05, 2.2961612558e-05, 1.01283403637e-05, 3.30247030433e-06, 9.44812381931e-06, 1.62147989613e-05, 8.18314106255e-07, 1.24538519231e-06, 1.18895991363e-06, 7.12212511189e-07, 3.01360159938e-06, 5.9917647377e-07, 4.52826128594e-07, 2.87240624175e-07, 8.12490696944e-08, 1.43198789715e-07, 1.5763492911e-07, 7.24336643998e-08, 7.89609089225e-08, 2.82899804915e-07, 2.84574952047e-07, 3.19984998498e-08, 2.07245154371e-09]}, "barkbands_crest": {"dmean": 2.76292276382, "dmean2": 4.44364309311, "dvar": 6.28135824203, "dvar2": 15.3004550934, "max": 25.1698875427, "mean": 9.86385917664, "median": 8.98215198517, "min": 1.98232066631, "var": 17.9913196564}, "barkbands_flatness_db": {"dmean": 0.0194855201989, "dmean2": 0.0295794717968, "dvar": 0.00031558360206, "dvar2": 0.000706438790075, "max": 0.297337114811, "mean": 0.116227135062, "median": 0.109296508133, "min": 0.0157393217087, "var": 0.00247194268741}, "barkbands_kurtosis": {"dmean": 2.20820593834, "dmean2": 3.48013734818, "dvar": 12.0248537064, "dvar2": 28.2322483063, "max": 80.9698104858, "mean": 3.06870865822, "median": 1.60020923615, "min": -1.90446031094, "var": 25.2810688019}, "barkbands_skewness": {"dmean": 0.472650259733, "dmean2": 0.723035693169, "dvar": 0.236251026392, "dvar2": 0.526802301407, "max": 8.55920982361, "mean": 1.28828275204, "median": 1.21320033073, "min": -5.2666015625, "var": 0.99075460434}, "barkbands_spread": {"dmean": 5.52562665939, "dmean2": 8.53039264679, "dvar": 43.3333053589, "dvar2": 95.0445251465, "max": 117.352142334, "mean": 22.889755249, "median": 18.8806171417, "min": 1.42731249332, "var": 262.620941162}, "dissonance": {"dmean": 0.0207168608904, "dmean2": 0.0347885414958, "dvar": 0.000373733870219, "dvar2": 0.00101780204568, "max": 0.500000119209, "mean": 0.456138759851, "median": 0.463228732347, "min": 0.243610113859, "var": 0.000916371471249}, "dynamic_complexity": 5.58456754684, "erbbands": {"dmean": [0.0313461869955, 0.357076317072, 1.01576256752, 2.23060703278, 4.00103092194, 4.84950208664, 10.6289300919, 8.55459022522, 10.5503139496, 7.05555772781, 16.6685695648, 22.7487258911, 21.4383926392, 27.3345088959, 9.043800354, 10.0000944138, 12.5874948502, 9.39885997772, 17.8399047852, 10.8800706863, 9.50348758698, 8.15719604492, 6.26511240005, 5.82437562943, 3.47410058975, 4.28561496735, 4.6927485466, 2.72133922577, 2.16388607025, 1.92615926266, 1.52883911133, 1.50269675255, 1.54252171516, 0.96048283577, 0.405929684639, 0.168916121125, 0.0725498646498, 0.0172485746443, 0.00194492528681, 7.95555242803e-05], "dmean2": [0.0507049039006, 0.583993136883, 1.72542989254, 3.88336396217, 6.82039928436, 7.71576499939, 15.9853248596, 13.0264759064, 15.9811382294, 10.7538080215, 26.126159668, 36.3482398987, 34.0976638794, 43.0919570923, 13.8461790085, 16.1804428101, 19.7108154297, 14.7204608917, 28.6680355072, 17.4801769257, 15.1511487961, 13.2701931, 9.84186077118, 9.14480876923, 5.4253692627, 6.64189624786, 7.03647661209, 4.07558202744, 3.20819783211, 2.82717490196, 2.20502996445, 2.1857509613, 2.17975211143, 1.33861422539, 0.55827319622, 0.231176406145, 0.104197815061, 0.0248671043664, 0.00281875743531, 0.00011436657951], "dvar": [0.0115250395611, 1.27901518345, 12.7835054398, 55.8337936401, 205.719970703, 117.179603577, 716.088989258, 722.48425293, 1157.75463867, 285.942626953, 1383.77368164, 2923.37548828, 3056.11401367, 7889.99414062, 621.27130127, 1054.82788086, 1620.46655273, 549.158691406, 3968.73388672, 763.642456055, 792.876831055, 538.379333496, 253.226531982, 198.202987671, 47.660949707, 112.246833801, 160.530654907, 44.0837287903, 32.645275116, 26.5495052338, 20.1522884369, 19.9336738586, 33.5683174133, 11.7748060226, 2.53418898582, 0.305761992931, 0.0547167733312, 0.00359525508247, 4.8548601626e-05, 6.92488342224e-08], "dvar2": [0.0276087187231, 3.15027689934, 34.6804046631, 155.00642395, 548.755126953, 296.814788818, 1516.73620605, 1772.8314209, 2429.41455078, 683.984802246, 3294.27514648, 7403.86181641, 7561.29003906, 19279.5039062, 1423.40600586, 3009.48583984, 3962.01928711, 1313.68981934, 11019.2275391, 1941.1348877, 1930.15625, 1429.08898926, 620.752990723, 490.359436035, 113.577674866, 245.349594116, 353.742279053, 97.6762390137, 66.6373748779, 54.4622421265, 40.3360328674, 39.2727127075, 63.058139801, 19.8804721832, 4.02116203308, 0.547059059143, 0.124718166888, 0.008404918015, 0.000116521812743, 1.63708946843e-07], "max": [1.70924460888, 13.386677742, 42.9911155701, 103.924682617, 212.510543823, 317.78515625, 806.840637207, 803.465026855, 946.880981445, 441.327301025, 791.608032227, 1163.43725586, 1477.84985352, 2179.35009766, 1226.70495605, 975.208374023, 981.705505371, 593.555114746, 1865.03369141, 663.596862793, 734.588745117, 740.485412598, 522.602233887, 325.971679688, 166.833816528, 427.149963379, 433.156433105, 181.813552856, 207.378097534, 191.746734619, 149.526977539, 149.029403687, 281.446685791, 167.373916626, 84.5995254517, 22.9606399536, 4.82161712646, 1.23261117935, 0.153363734484, 0.00549704022706], "mean": [0.0403804853559, 0.451519757509, 1.31350803375, 2.47970533371, 4.45885467529, 8.18371772766, 19.371553421, 15.3736333847, 16.7554702759, 12.616230011, 26.0260105133, 36.2825622559, 35.5708351135, 43.1521987915, 16.4509983063, 17.2307834625, 20.1878032684, 17.9366645813, 30.2030124664, 19.5046958923, 17.5773353577, 16.3563041687, 13.5830249786, 12.2913799286, 8.01305007935, 9.90851211548, 10.4076662064, 6.13926124573, 4.61098527908, 3.98057055473, 3.13790202141, 3.17739462852, 3.24402856827, 2.07758593559, 0.868565261364, 0.323826849461, 0.113254845142, 0.023471230641, 0.00256293267012, 0.000123873076518], "median": [0.00264207948931, 0.051968883723, 0.212863355875, 0.556422591209, 1.29991769791, 3.37804341316, 5.24811506271, 3.80622410774, 3.09345245361, 5.34865856171, 9.48722553253, 14.7184200287, 12.0465106964, 10.8346042633, 6.53071117401, 5.53943395615, 7.09318351746, 6.15226078033, 9.15490722656, 7.64022397995, 5.90043640137, 5.66123199463, 4.91639852524, 4.67888689041, 3.12969303131, 3.49081492424, 2.99838995934, 1.48094522953, 0.891483426094, 0.675675630569, 0.645989179611, 0.796466529369, 0.755600750446, 0.378294080496, 0.126030310988, 0.0454315431416, 0.0106404013932, 0.00139171245974, 0.000152499473188, 2.52216796071e-05], "min": [1.21292688042e-21, 6.31897406317e-21, 2.83562716174e-20, 2.61025550306e-20, 3.40737698607e-20, 8.18711898668e-20, 1.25740190203e-19, 1.33974811975e-19, 6.62924618283e-19, 1.89932373248e-18, 3.35940463352e-18, 4.61409658847e-18, 3.72988394064e-18, 1.6061320459e-18, 3.39181977378e-18, 4.19495217797e-18, 5.7791358135e-18, 4.7333123399e-18, 9.35272687253e-18, 7.05464459574e-18, 9.38629965205e-18, 1.02486544658e-17, 7.24755883102e-18, 1.08016338043e-17, 1.63796898691e-17, 1.14885700799e-17, 9.97783222452e-18, 1.73836902637e-17, 1.68335076229e-17, 1.85598914639e-17, 2.3970994357e-17, 1.90442387998e-17, 1.52639886589e-17, 7.84226446832e-18, 9.41818002004e-18, 5.64697923498e-18, 3.46522791724e-18, 1.04807609321e-18, 3.08614598346e-19, 4.67447389725e-20], "var": [0.0127095142379, 1.39973413944, 11.2457399368, 39.9772453308, 157.048309326, 221.554870605, 1770.31774902, 1542.38671875, 2665.95141602, 517.565917969, 2389.48144531, 4922.76464844, 5767.37060547, 13524.7333984, 1163.58618164, 1954.9720459, 2432.63354492, 1644.50549316, 7077.76611328, 1555.37780762, 1637.20275879, 1321.85253906, 789.499389648, 517.860717773, 142.988998413, 324.852844238, 451.117645264, 143.301727295, 100.964233398, 81.3965911865, 61.9539680481, 66.8763961792, 115.96270752, 51.5875358582, 10.7235660553, 1.07292890549, 0.0925058871508, 0.00481497636065, 5.7442997786e-05, 8.95246827781e-08]}, "erbbands_crest": {"dmean": 3.09148025513, "dmean2": 4.98894691467, "dvar": 8.35483360291, "dvar2": 20.2633724213, "max": 32.5004081726, "mean": 10.0914115906, "median": 8.93173027039, "min": 2.19888353348, "var": 26.8652572632}, "erbbands_flatness_db": {"dmean": 0.0181612055749, "dmean2": 0.0263299494982, "dvar": 0.000266404269496, "dvar2": 0.000547421514057, "max": 0.399560958147, "mean": 0.158356934786, "median": 0.149277299643, "min": 0.0296554490924, "var": 0.00344968191348}, "erbbands_kurtosis": {"dmean": 1.18316841125, "dmean2": 1.87847673893, "dvar": 3.50279283524, "dvar2": 8.13535785675, "max": 56.2936668396, "mean": 1.08221793175, "median": 0.142259597778, "min": -1.84635078907, "var": 9.51716709137}, "erbbands_skewness": {"dmean": 0.375569850206, "dmean2": 0.582857966423, "dvar": 0.118066325784, "dvar2": 0.277588605881, "max": 4.83674907684, "mean": 0.575422763824, "median": 0.52339476347, "min": -4.3077788353, "var": 0.620715200901}, "erbbands_spread": {"dmean": 7.5609536171, "dmean2": 11.3980646133, "dvar": 66.0739212036, "dvar2": 139.969528198, "max": 122.012908936, "mean": 35.1388320923, "median": 32.7435455322, "min": 1.18740296364, "var": 352.341247559}, "gfcc": {"cov": [[21600.7421875, 155.961517334, 615.746398926, 1055.68078613, -302.744750977, 352.875793457, -430.508178711, 171.808563232, -410.907073975, 217.782653809, 137.352661133, 217.404876709, -0.459073722363], [155.961517334, 1238.14099121, -331.30368042, -8.61620330811, 143.327590942, -68.4254074097, 127.872329712, -24.9761734009, 60.0731048584, -103.446151733, 14.8424510956, -135.422042847, 14.7065505981], [615.746398926, -331.30368042, 1019.34698486, 393.137664795, 198.934814453, 199.661758423, 23.2062664032, 84.4569396973, -17.3083591461, 66.3169708252, -22.8011894226, 129.381698608, -19.8338890076], [1055.68078613, -8.61620330811, 393.137664795, 502.768707275, 208.188735962, 130.50227356, 55.5771484375, 15.5003566742, 38.2875938416, 49.9727935791, 12.9250125885, 74.7126693726, -30.2963809967], [-302.744750977, 143.327590942, 198.934814453, 208.188735962, 369.047302246, 110.325912476, 161.653274536, 10.4333686829, 66.9058761597, 24.7306118011, -8.24818992615, 48.5990829468, -38.31873703], [352.875793457, -68.4254074097, 199.661758423, 130.50227356, 110.325912476, 230.200531006, 105.160690308, 52.7592468262, 14.4025449753, 29.2997627258, 9.05916309357, 20.6690788269, -24.5689220428], [-430.508178711, 127.872329712, 23.2062664032, 55.5771484375, 161.653274536, 105.160690308, 249.326538086, 42.6045150757, 68.1460189819, 3.44213795662, -17.5074481964, 6.89806890488, -39.9720306396], [171.808563232, -24.9761734009, 84.4569396973, 15.5003566742, 10.4333686829, 52.7592468262, 42.6045150757, 167.573883057, 49.7462882996, 15.7402477264, -0.39299249649, 13.360496521, 21.8736133575], [-410.907073975, 60.0731048584, -17.3083591461, 38.2875938416, 66.9058761597, 14.4025449753, 68.1460189819, 49.7462882996, 144.586624146, 38.1718673706, -4.34886074066, 9.01132011414, -11.1258764267], [217.782653809, -103.446151733, 66.3169708252, 49.9727935791, 24.7306118011, 29.2997627258, 3.44213795662, 15.7402477264, 38.1718673706, 104.189796448, 47.983039856, 33.5669441223, -9.5456867218], [137.352661133, 14.8424510956, -22.8011894226, 12.9250125885, -8.24818992615, 9.05916309357, -17.5074481964, -0.39299249649, -4.34886074066, 47.983039856, 121.525672913, 34.9090118408, 15.524348259], [217.404876709, -135.422042847, 129.381698608, 74.7126693726, 48.5990829468, 20.6690788269, 6.89806890488, 13.360496521, 9.01132011414, 33.5669441223, 34.9090118408, 125.999206543, 27.8082904816], [-0.459073722363, 14.7065505981, -19.8338890076, -30.2963809967, -38.31873703, -24.5689220428, -39.9720306396, 21.8736133575, -11.1258764267, -9.5456867218, 15.524348259, 27.8082904816, 97.496055603]], "icov": [[7.95306114014e-05, -0.000130532775074, 8.40745706228e-05, -0.000229376761126, 0.00019367627101, -0.000174466491444, 0.00018089794321, -0.000209168138099, 0.000397693278501, -0.000350816408172, 0.000234122664551, -0.000300942308968, 0.000178730580956], [-0.000130532775074, 0.00170396256726, 8.57213817653e-05, 5.19752575201e-06, -0.00113948911894, 0.00101601250935, -0.000973778427579, 0.000466026744107, -0.00124100537505, 0.0022118347697, -0.00181641301606, 0.00253009097651, -0.00129167677369], [8.40745706228e-05, 8.57213817653e-05, 0.00210913317278, -0.0012865314493, -0.000362607272109, -0.000995210604742, 0.000876387523022, -0.0012064530747, 0.00149205490015, -0.000975652306806, 0.0013785174815, -0.00141450262163, 0.000512113329023], [-0.000229376761126, 5.19752575201e-06, -0.0012865314493, 0.00435767741874, -0.0016611861065, -0.000523603928741, 0.000338084995747, 0.00113698083442, -0.00187189283315, 0.000690303568263, -0.000790642690845, -0.00015179014008, 0.000212383238249], [0.00019367627101, -0.00113948911894, -0.000362607272109, -0.0016611861065, 0.0062131267041, -0.0011104864534, -0.00196781312115, 0.000607644033153, 4.4721087761e-05, -0.0013990792213, 0.00141655595507, -0.00266104959883, 0.0012033758685], [-0.000174466491444, 0.00101601250935, -0.000995210604742, -0.000523603928741, -0.0011104864534, 0.00821476336569, -0.00361437164247, -0.00105937407352, 0.000500569876749, 0.000377279298846, -0.00210777949542, 0.00266567803919, -0.000460384821054], [0.00018089794321, -0.000973778427579, 0.000876387523022, 0.000338084995747, -0.00196781312115, -0.00361437164247, 0.00865856744349, -0.00167931616306, -0.000854960642755, -2.21178761421e-05, 0.00172675366048, -0.00247787870467, 0.00300558144227], [-0.000209168138099, 0.000466026744107, -0.0012064530747, 0.00113698083442, 0.000607644033153, -0.00105937407352, -0.00167931616306, 0.00899037532508, -0.00440988736227, 0.00121430156287, -0.000895132718142, 0.00148657220416, -0.00336288800463], [0.000397693278501, -0.00124100537505, 0.00149205490015, -0.00187189283315, 4.4721087761e-05, 0.000500569876749, -0.000854960642755, -0.00440988736227, 0.0134170763195, -0.00734264636412, 0.00389237701893, -0.00245930510573, 0.00158736179583], [-0.000350816408172, 0.0022118347697, -0.000975652306806, 0.000690303568263, -0.0013990792213, 0.000377279298846, -2.21178761421e-05, 0.00121430156287, -0.00734264636412, 0.0191041361541, -0.00861906632781, 0.00154860981274, 0.000907690613531], [0.000234122664551, -0.00181641301606, 0.0013785174815, -0.000790642690845, 0.00141655595507, -0.00210777949542, 0.00172675366048, -0.000895132718142, 0.00389237701893, -0.00861906632781, 0.0141105735675, -0.00542692979798, 0.000145566897118], [-0.000300942308968, 0.00253009097651, -0.00141450262163, -0.00015179014008, -0.00266104959883, 0.00266567803919, -0.00247787870467, 0.00148657220416, -0.00245930510573, 0.00154860981274, -0.00542692979798, 0.0159311033785, -0.006250357721], [0.000178730580956, -0.00129167677369, 0.000512113329023, 0.000212383238249, 0.0012033758685, -0.000460384821054, 0.00300558144227, -0.00336288800463, 0.00158736179583, 0.000907690613531, 0.000145566897118, -0.006250357721, 0.0149959446862]], "mean": [-42.1581192017, 68.2352981567, -122.799369812, 9.30386066437, -65.6775588989, 5.29091501236, -40.9371757507, 8.96435165405, -25.9117565155, -1.06498789787, -20.7872676849, -5.52235364914, -5.9510807991]}, "hfc": {"dmean": 5.30757045746, "dmean2": 7.39375352859, "dvar": 96.8099212646, "dvar2": 172.89465332, "max": 300.866455078, "mean": 18.5413455963, "median": 9.92638683319, "min": 1.16362951074e-16, "var": 564.039428711}, "melbands": {"dmean": [0.000350204063579, 0.000495763320941, 0.00045098157716, 0.000294329802273, 0.000339595833793, 0.000197171641048, 0.00015222276852, 8.40243519633e-05, 0.000151189684402, 0.000137873648782, 0.000116814822832, 0.000127274106489, 3.28556343447e-05, 2.89804356726e-05, 3.24443317368e-05, 2.27501877816e-05, 1.81934283319e-05, 3.01509408018e-05, 1.99917085411e-05, 1.4336627828e-05, 1.11964754979e-05, 8.70547410159e-06, 8.06383377494e-06, 6.68324400976e-06, 5.00093574374e-06, 3.18523098031e-06, 2.53216467172e-06, 3.25252040057e-06, 3.44042496181e-06, 2.24659174819e-06, 1.63941967912e-06, 1.23226936921e-06, 1.33335277042e-06, 1.09874895315e-06, 9.26203654217e-07, 9.31929264425e-07, 9.92297259472e-07, 1.13366161258e-06, 1.06223728835e-06, 8.08139191122e-07], "dmean2": [0.000564727408346, 0.000809918681625, 0.000779192429036, 0.000486873846967, 0.000512678408995, 0.000299185077893, 0.000230015255511, 0.000130061453092, 0.000238237058511, 0.000220940841245, 0.00018636418099, 0.000201624294277, 5.03003138874e-05, 4.65079538117e-05, 5.19817185705e-05, 3.53685973096e-05, 2.87382026727e-05, 4.85527525598e-05, 3.21543411701e-05, 2.30085643125e-05, 1.80126007763e-05, 1.42264952956e-05, 1.29319487314e-05, 1.08861704575e-05, 7.9401770563e-06, 5.10515565111e-06, 4.01216448154e-06, 5.15395959155e-06, 5.2804830375e-06, 3.39308667208e-06, 2.51470419244e-06, 1.8535649815e-06, 2.00400063477e-06, 1.65520987139e-06, 1.37788367738e-06, 1.37909626119e-06, 1.4788123508e-06, 1.64976449923e-06, 1.52265420184e-06, 1.14908380056e-06], "dvar": [1.32184004542e-06, 2.60071715275e-06, 2.20008382712e-06, 6.17580383278e-07, 6.9711705919e-07, 3.45217188169e-07, 2.34360200579e-07, 3.64810652798e-08, 1.10177111878e-07, 1.04452283267e-07, 9.43419564692e-08, 1.63991558111e-07, 8.78331984921e-09, 6.89189372238e-09, 1.25805170725e-08, 3.80022457946e-09, 2.01068850458e-09, 7.73445840707e-09, 8.15556866485e-09, 1.51711443408e-09, 1.18941367866e-09, 7.36733174467e-10, 4.16705753237e-10, 3.83883508315e-10, 1.46756912178e-10, 4.02305307123e-11, 2.84809831969e-11, 7.19443740693e-11, 9.12201980618e-11, 3.18707837899e-11, 1.92607856747e-11, 1.05669414191e-11, 1.2244010493e-11, 9.39862510735e-12, 7.3725929875e-12, 8.60245295137e-12, 8.31632592652e-12, 1.81544831251e-11, 1.47531917238e-11, 9.44113797557e-12], "dvar2": [3.19698801832e-06, 6.62957563691e-06, 6.0026659412e-06, 1.62686706062e-06, 1.4957138319e-06, 8.31997283512e-07, 4.87089153012e-07, 8.96771084058e-08, 2.64107939074e-07, 2.63640799858e-07, 2.33834384744e-07, 4.01384596671e-07, 1.97309404371e-08, 1.73737433329e-08, 3.38680479217e-08, 9.01073970994e-09, 4.80091966182e-09, 2.11486241852e-08, 2.24595684273e-08, 3.60177643266e-09, 2.9551874281e-09, 2.0308053017e-09, 1.03190567202e-09, 9.72232849783e-10, 3.67729208195e-10, 9.8541286242e-11, 6.82261538931e-11, 1.6256980484e-10, 2.10206893558e-10, 7.0250485984e-11, 4.59650650875e-11, 2.18584299966e-11, 2.69395564884e-11, 2.01513996462e-11, 1.57027654768e-11, 1.75190487117e-11, 1.73462702535e-11, 3.52135889892e-11, 3.08395878279e-11, 1.77032104254e-11], "max": [0.0156786330044, 0.0193337742239, 0.0171246416867, 0.0121439313516, 0.028471481055, 0.0159127227962, 0.013119394891, 0.00476370891556, 0.00731560494751, 0.00645704846829, 0.00866039004177, 0.00996488239616, 0.00355731602758, 0.00195207109209, 0.00250455108471, 0.00139901624061, 0.00105309009086, 0.00231679226272, 0.00308089959435, 0.00121422775555, 0.00084646709729, 0.00096293882234, 0.0008000813541, 0.00054036360234, 0.000285966234514, 0.000166140234796, 0.000184159187484, 0.000360231235391, 0.000317043130053, 0.000142472650623, 0.000109831191367, 0.000139885334647, 0.000130438536871, 0.000128407526063, 8.70730364113e-05, 0.00010006786033, 0.00010416101577, 0.000200342328753, 0.000189528247574, 0.000134975052788], "mean": [0.000443803408416, 0.000679127406329, 0.000499990768731, 0.000414409296354, 0.000640482350718, 0.000356761913281, 0.000241958929109, 0.000141698124935, 0.000235225466895, 0.000217509877984, 0.000186013596249, 0.000195667729713, 5.53415193281e-05, 4.63159267383e-05, 4.99699053762e-05, 3.75925556e-05, 3.1714389479e-05, 4.89797566843e-05, 3.28139940393e-05, 2.40496210608e-05, 1.90822047443e-05, 1.62212345458e-05, 1.50509340529e-05, 1.22974906844e-05, 9.74525846686e-06, 6.4592554736e-06, 5.35063054485e-06, 6.84656106387e-06, 7.03359137333e-06, 4.71261819257e-06, 3.24886104863e-06, 2.44129660132e-06, 2.58686804955e-06, 2.08224446396e-06, 1.79504922926e-06, 1.76264154561e-06, 1.99861028705e-06, 2.28157227866e-06, 2.1226435365e-06, 1.64960397342e-06], "median": [3.86020401493e-05, 0.000106750740088, 0.000129045874928, 0.000168002501596, 0.000201273374842, 8.73466633493e-05, 4.56665075035e-05, 6.31638831692e-05, 8.77024576766e-05, 8.54738827911e-05, 5.71675591345e-05, 4.50609004474e-05, 1.92299339687e-05, 1.26274262584e-05, 1.30946964418e-05, 1.24293037516e-05, 9.83273639577e-06, 1.32047907755e-05, 8.78224454937e-06, 6.94668506185e-06, 6.175991075e-06, 5.12781753059e-06, 5.38176618647e-06, 3.56546729563e-06, 3.56701934834e-06, 2.53678445006e-06, 1.8660157366e-06, 2.2596616418e-06, 1.92408515431e-06, 1.25710505472e-06, 6.44813155759e-07, 5.04542072122e-07, 4.13852177417e-07, 3.47727592498e-07, 3.46328562273e-07, 3.68280296925e-07, 5.0820284514e-07, 5.14012583608e-07, 4.33727990412e-07, 2.63436675141e-07], "min": [1.03923178813e-23, 1.3072931135e-23, 4.46030238851e-24, 4.76513362508e-24, 4.12458014776e-24, 2.85260761076e-24, 1.31146926424e-23, 1.80275826761e-23, 3.39583068018e-23, 2.99239869355e-23, 1.84741852335e-23, 6.02724914785e-24, 9.18483373723e-24, 1.54274561117e-23, 8.95746114738e-24, 1.3397975749e-23, 7.88653513689e-24, 1.62116075173e-23, 9.26535040325e-24, 8.54828609559e-24, 1.17219902687e-23, 1.01816233887e-23, 1.01500476533e-23, 4.88055146969e-24, 8.28964384832e-24, 1.43319618172e-23, 8.84350387874e-24, 7.24468003908e-24, 6.74132446154e-24, 4.92165743374e-24, 1.27716643664e-23, 8.8735539572e-24, 1.16174220226e-23, 9.4858946131e-24, 1.32872370328e-23, 1.2489276617e-23, 1.22767385565e-23, 1.28123948327e-23, 6.79443373312e-24, 6.22053190254e-24], "var": [1.4478656567e-06, 2.70490977528e-06, 1.60959734785e-06, 6.50762672194e-07, 1.76174523858e-06, 7.59163185649e-07, 5.45416980913e-07, 6.2237731413e-08, 1.93695058215e-07, 1.79165070335e-07, 1.75141735781e-07, 2.83713518456e-07, 1.61604614135e-08, 1.31590738306e-08, 2.12665600685e-08, 7.88861687084e-09, 5.35292254966e-09, 1.4169764917e-08, 1.41980791568e-08, 3.00993385771e-09, 2.22348228718e-09, 1.59670110467e-09, 9.69560209896e-10, 8.40423675097e-10, 3.43797268432e-10, 9.90426005099e-11, 8.21178819388e-11, 1.77729511663e-10, 2.19210233299e-10, 9.44713959838e-11, 5.19996164183e-11, 2.88683764393e-11, 3.43455437701e-11, 2.50662338108e-11, 2.10144991686e-11, 2.2130181368e-11, 2.70326937918e-11, 5.96004148812e-11, 4.7953967186e-11, 3.62378529961e-11]}, "melbands_crest": {"dmean": 3.2385532856, "dmean2": 5.20736312866, "dvar": 8.87714195251, "dvar2": 21.0740127563, "max": 32.5901222229, "mean": 12.8195962906, "median": 11.7052164078, "min": 3.07308340073, "var": 27.4515457153}, "melbands_flatness_db": {"dmean": 0.0234841797501, "dmean2": 0.0352908298373, "dvar": 0.000521368114278, "dvar2": 0.00111293699592, "max": 0.390336096287, "mean": 0.170617431402, "median": 0.166529923677, "min": 0.00927962735295, "var": 0.00310065085068}, "melbands_kurtosis": {"dmean": 4.85787630081, "dmean2": 7.63866090775, "dvar": 74.9815826416, "dvar2": 178.155838013, "max": 240.626220703, "mean": 8.60910415649, "median": 5.51306629181, "min": -1.75028562546, "var": 124.404388428}, "melbands_skewness": {"dmean": 0.624314546585, "dmean2": 0.949507713318, "dvar": 0.47001427412, "dvar2": 1.04373478889, "max": 12.6127586365, "mean": 2.02812671661, "median": 1.88873696327, "min": -3.72382378578, "var": 1.75291025639}, "melbands_spread": {"dmean": 7.087641716, "dmean2": 10.8827152252, "dvar": 95.1993637085, "dvar2": 199.588500977, "max": 240.245910645, "mean": 25.4238815308, "median": 20.8595466614, "min": 1.46609818935, "var": 382.660858154}, "mfcc": {"cov": [[14920.4550781, 186.16494751, 683.662658691, 617.675292969, 409.836273193, 157.563034058, 293.770935059, -10.4428262711, -131.66104126, -140.143875122, -67.0980377197, 146.95010376, 64.8871383667], [186.16494751, 1144.73291016, -302.79498291, 37.6254577637, -24.1562709808, -33.0498313904, 43.7763175964, 28.5221576691, 38.3450584412, 85.2409439087, -16.7744178772, -33.7961654663, -43.9604263306], [683.662658691, -302.79498291, 707.390686035, 177.099334717, 207.767990112, 109.11076355, 77.7629165649, 58.0504417419, 42.7223510742, -26.2934741974, -13.3977375031, 32.9552345276, 53.2918624878], [617.675292969, 37.6254577637, 177.099334717, 398.99017334, 179.762741089, 173.243988037, 46.3914718628, 82.2807540894, 43.4985237122, -12.8865089417, 33.0487098694, 34.0465507507, 60.572555542], [409.836273193, -24.1562709808, 207.767990112, 179.762741089, 245.379638672, 108.030158997, 58.9672813416, 54.772403717, 35.988117218, -0.0904657393694, 12.8879051208, 29.6700935364, 37.9921455383], [157.563034058, -33.0498313904, 109.11076355, 173.243988037, 108.030158997, 306.453674316, 96.3593521118, 95.6243133545, 30.9905662537, 10.3590307236, 72.3996658325, 3.88063788414, 54.0271873474], [293.770935059, 43.7763175964, 77.7629165649, 46.3914718628, 58.9672813416, 96.3593521118, 178.810668945, 69.8447952271, 21.4054203033, 15.8796577454, 12.9735965729, 25.016204834, 20.215297699], [-10.4428262711, 28.5221576691, 58.0504417419, 82.2807540894, 54.772403717, 95.6243133545, 69.8447952271, 166.719299316, 94.711517334, 23.8822727203, 29.6168956757, 12.1002960205, 46.5737953186], [-131.66104126, 38.3450584412, 42.7223510742, 43.4985237122, 35.988117218, 30.9905662537, 21.4054203033, 94.711517334, 160.106735229, 55.6798553467, 16.034576416, -7.86113977432, 24.9751548767], [-140.143875122, 85.2409439087, -26.2934741974, -12.8865089417, -0.0904657393694, 10.3590307236, 15.8796577454, 23.8822727203, 55.6798553467, 110.457687378, 45.6248893738, 2.90304541588, -5.6707816124], [-67.0980377197, -16.7744178772, -13.3977375031, 33.0487098694, 12.8879051208, 72.3996658325, 12.9735965729, 29.6168956757, 16.034576416, 45.6248893738, 117.310066223, 35.1239089966, 23.446931839], [146.95010376, -33.7961654663, 32.9552345276, 34.0465507507, 29.6700935364, 3.88063788414, 25.016204834, 12.1002960205, -7.86113977432, 2.90304541588, 35.1239089966, 101.707633972, 38.6943969727], [64.8871383667, -43.9604263306, 53.2918624878, 60.572555542, 37.9921455383, 54.0271873474, 20.215297699, 46.5737953186, 24.9751548767, -5.6707816124, 23.446931839, 38.6943969727, 100.263031006]], "icov": [[7.84956209827e-05, -2.57974243141e-05, -5.23525341123e-05, -0.000112022287794, -2.04492735065e-05, 5.18771557836e-05, -0.000126650033053, 6.78363139741e-05, 6.13752854406e-05, 5.70842639718e-05, 1.52567372425e-05, -4.61899617221e-05, 9.4097604233e-06], [-2.57974243141e-05, 0.00119718257338, 0.000652771617752, -0.000489861587994, -0.000117359755677, 0.00028879463207, -0.000468152429676, -0.000219155044761, 9.92218847387e-05, -0.00105056015309, 0.000567015085835, 0.000301569118164, 0.000242508773226], [-5.23525341123e-05, 0.000652771617752, 0.00235072383657, -0.000315952143865, -0.00143624993507, -2.21479931497e-05, -0.000536599603947, 0.000100274504803, -0.000413343368564, -0.000112847345008, 0.000779138877988, -5.0144171837e-05, -0.000186986901099], [-0.000112022287794, -0.000489861587994, -0.000315952143865, 0.00499053718522, -0.00228671031073, -0.00202081329189, 0.00137147190981, -0.00058233278105, -0.000561900844332, 0.00118121330161, -8.59657811816e-05, -0.000974166323431, -0.00043707669829], [-2.04492735065e-05, -0.000117359755677, -0.00143624993507, -0.00228671031073, 0.00764925125986, -0.00085268728435, -0.000667737331241, 0.000225129944738, -0.00060140498681, -0.000361459155101, 0.000702889170498, -0.00116110534873, 0.000110791756015], [5.18771557836e-05, 0.00028879463207, -2.21479931497e-05, -0.00202081329189, -0.00085268728435, 0.00718199461699, -0.00282813375816, -0.00158424128313, 0.00131541187875, 0.000548789801542, -0.0041616759263, 0.00372424069792, -0.00167584815063], [-0.000126650033053, -0.000468152429676, -0.000536599603947, 0.00137147190981, -0.000667737331241, -0.00282813375816, 0.00889830850065, -0.00322815799154, 0.001189546776, -0.00141227687709, 0.00206329324283, -0.00272353109904, 0.00100815610494], [6.78363139741e-05, -0.000219155044761, 0.000100274504803, -0.00058233278105, 0.000225129944738, -0.00158424128313, -0.00322815799154, 0.0130086531863, -0.00693500740454, 0.00182444346137, -0.0010540712392, -9.71870904323e-05, -0.0023502910044], [6.13752854406e-05, 9.92218847387e-05, -0.000413343368564, -0.000561900844332, -0.00060140498681, 0.00131541187875, 0.001189546776, -0.00693500740454, 0.0126870125532, -0.00602954160422, 0.00129491381813, 0.00224022427574, -0.00160509790294], [5.70842639718e-05, -0.00105056015309, -0.000112847345008, 0.00118121330161, -0.000361459155101, 0.000548789801542, -0.00141227687709, 0.00182444346137, -0.00602954160422, 0.0157617162913, -0.00680962530896, 6.58489225316e-05, 0.00208776677027], [1.52567372425e-05, 0.000567015085835, 0.000779138877988, -8.59657811816e-05, 0.000702889170498, -0.0041616759263, 0.00206329324283, -0.0010540712392, 0.00129491381813, -0.00680962530896, 0.0154038937762, -0.00539628975093, -0.000301022111671], [-4.61899617221e-05, 0.000301569118164, -5.0144171837e-05, -0.000974166323431, -0.00116110534873, 0.00372424069792, -0.00272353109904, -9.71870904323e-05, 0.00224022427574, 6.58489225316e-05, -0.00539628975093, 0.0153068071231, -0.00539498450235], [9.4097604233e-06, 0.000242508773226, -0.000186986901099, -0.00043707669829, 0.000110791756015, -0.00167584815063, 0.00100815610494, -0.0023502910044, -0.00160509790294, 0.00208776677027, -0.000301022111671, -0.00539498450235, 0.0148573648185]], "mean": [-681.049804688, 107.529541016, -6.44525146484, 4.46626520157, -4.98828792572, -9.15981674194, -3.77696919441, -4.03209209442, 1.96570837498, 2.3582777977, -6.52832221985, -5.29256486893, -8.89440917969]}, "pitch_salience": {"dmean": 0.0673730373383, "dmean2": 0.108225308359, "dvar": 0.00350626208819, "dvar2": 0.00870352331549, "max": 0.814231455326, "mean": 0.546055316925, "median": 0.556044876575, "min": 0.114251360297, "var": 0.010860289447}, "silence_rate_20dB": {"dmean": 0, "dmean2": 0, "dvar": 0, "dvar2": 0, "max": 1, "mean": 1, "median": 1, "min": 1, "var": 0}, "silence_rate_30dB": {"dmean": 0.0018355359789, "dmean2": 0.00367140886374, "dvar": 0.00183227169327, "dvar2": 0.00475970981643, "max": 1, "mean": 0.998715221882, "median": 1, "min": 0, "var": 0.00128315377515}, "silence_rate_60dB": {"dmean": 0.0433186478913, "dmean2": 0.0866452530026, "dvar": 0.0414312668145, "dvar2": 0.0936404764652, "max": 1, "mean": 0.209598973393, "median": 0, "min": 0, "var": 0.165680795908}, "spectral_centroid": {"dmean": 228.67767334, "dmean2": 349.860656738, "dvar": 66738, "dvar2": 139643.796875, "max": 11174.7470703, "mean": 1372.13366699, "median": 1269.42749023, "min": 283.998352051, "var": 351733.0625}, "spectral_complexity": {"dmean": 2.67437601089, "dmean2": 4.09637451172, "dvar": 9.96432304382, "dvar2": 19.9580936432, "max": 58, "mean": 16.0602912903, "median": 14, "min": 0, "var": 115.065155029}, "spectral_contrast_coeffs": {"dmean": [0.0495520532131, 0.045462846756, 0.0404730662704, 0.0310011841357, 0.0204536803067, 0.0151510601863], "dmean2": [0.0791622772813, 0.0724891349673, 0.0648889690638, 0.0495711788535, 0.0328823514283, 0.0237290281802], "dvar": [0.00187373056542, 0.00143433781341, 0.00103824073449, 0.000615584896877, 0.000284364621621, 0.000175262073753], "dvar2": [0.00449798535556, 0.00362035888247, 0.00264245225117, 0.00157058809418, 0.000687239109538, 0.000401482102461], "max": [-0.241159603, -0.414484739304, -0.467063605785, -0.478871017694, -0.538668096066, -0.68205010891], "mean": [-0.615719020367, -0.713596343994, -0.714885473251, -0.750186145306, -0.790690302849, -0.789788663387], "median": [-0.62726521492, -0.719954133034, -0.717143774033, -0.753915429115, -0.79140996933, -0.788069307804], "min": [-0.974208891392, -0.971943318844, -0.970874905586, -0.954685986042, -0.965542674065, -0.957433223724], "var": [0.0116605199873, 0.00631712609902, 0.00476661557332, 0.00352271250449, 0.00178991688881, 0.00139293330722]}, "spectral_contrast_valleys": {"dmean": [0.430260837078, 0.331790685654, 0.289229124784, 0.243135586381, 0.211660414934, 0.253159105778], "dmean2": [0.696498930454, 0.537226080894, 0.468617618084, 0.385423481464, 0.311058759689, 0.329972803593], "dvar": [0.175356760621, 0.088046438992, 0.0658842176199, 0.0547456890345, 0.0542993433774, 0.0800602585077], "dvar2": [0.390887528658, 0.207204684615, 0.147259697318, 0.111871138215, 0.0934158265591, 0.126228451729], "max": [-5.29422283173, -4.62264633179, -5.36214065552, -5.7733836174, -5.47906494141, -7.17782115936], "mean": [-8.47461605072, -7.24926233292, -7.85804843903, -8.31094264984, -8.0322227478, -10.3426208496], "median": [-8.21796798706, -7.00021600723, -7.65692424774, -8.10642910004, -7.82203817368, -10.0666818619], "min": [-27.1609516144, -27.0270366669, -26.919965744, -27.4033870697, -27.0473899841, -27.3513946533], "var": [3.08484697342, 1.99885702133, 1.85149908066, 1.83096623421, 1.969186306, 2.48724508286]}, "spectral_decrease": {"dmean": 1.59627355778e-09, "dmean2": 2.44943176853e-09, "dvar": 8.67803286999e-18, "dvar2": 2.00147714669e-17, "max": -1.40669712489e-29, "mean": -4.33260805011e-09, "median": -2.83425438674e-09, "min": -3.90900183334e-08, "var": 2.24307890195e-17}, "spectral_energy": {"dmean": 0.00634965812787, "dmean2": 0.0096934158355, "dvar": 0.000133492736495, "dvar2": 0.000304575893097, "max": 0.159290239215, "mean": 0.0180340465158, "median": 0.0117717674002, "min": 1.06075541491e-20, "var": 0.000375602132408}, "spectral_energyband_high": {"dmean": 0.000364083389286, "dmean2": 0.000485249940539, "dvar": 8.18116689061e-07, "dvar2": 1.34855361011e-06, "max": 0.0297428388149, "mean": 0.000981522840448, "median": 0.000265915936325, "min": 7.76468786449e-21, "var": 3.92979791286e-06}, "spectral_energyband_low": {"dmean": 0.00237524649128, "dmean2": 0.00376799656078, "dvar": 5.23128073837e-05, "dvar2": 0.00012257398339, "max": 0.0781722813845, "mean": 0.0034998266492, "median": 0.000653266441077, "min": 7.32148432567e-23, "var": 6.25220854999e-05}, "spectral_energyband_middle_high": {"dmean": 0.00173464184627, "dmean2": 0.00260195345618, "dvar": 1.38561445056e-05, "dvar2": 3.17017183988e-05, "max": 0.0803822129965, "mean": 0.00477180816233, "median": 0.00234765955247, "min": 1.51172073413e-21, "var": 5.04253221152e-05}, "spectral_energyband_middle_low": {"dmean": 0.0041493116878, "dmean2": 0.00651010731235, "dvar": 6.08663685853e-05, "dvar2": 0.000150062725879, "max": 0.123907580972, "mean": 0.0093053476885, "median": 0.00567116215825, "min": 5.04914802142e-22, "var": 0.000127172272187}, "spectral_entropy": {"dmean": 0.151983708143, "dmean2": 0.220200553536, "dvar": 0.0218812152743, "dvar2": 0.0428020432591, "max": 9.79092693329, "mean": 7.59587001801, "median": 7.64317989349, "min": 5.81992149353, "var": 0.212927281857}, "spectral_flux": {"dmean": 0.0182572081685, "dmean2": 0.0291118528694, "dvar": 0.00064718304202, "dvar2": 0.00136733381078, "max": 0.31074655056, "mean": 0.0633114278316, "median": 0.0500183850527, "min": 1.02992982198e-10, "var": 0.00233838497661}, "spectral_kurtosis": {"dmean": 1.21860718727, "dmean2": 1.96401226521, "dvar": 2.48095798492, "dvar2": 6.66484689713, "max": 27.253484726, "mean": 4.52087545395, "median": 3.87624645233, "min": -1.33393764496, "var": 8.5078420639}, "spectral_rms": {"dmean": 0.000616765464656, "dmean2": 0.000914492062293, "dvar": 7.14873863217e-07, "dvar2": 1.5249217995e-06, "max": 0.0124661587179, "mean": 0.00360849290155, "median": 0.00338890100829, "min": 3.21696033527e-12, "var": 4.57288115285e-06}, "spectral_rolloff": {"dmean": 556.05859375, "dmean2": 910.60333252, "dvar": 1018990.4375, "dvar2": 2124115.75, "max": 18841.5527344, "mean": 1855.4744873, "median": 1335.05859375, "min": 107.666015625, "var": 3575743.75}, "spectral_skewness": {"dmean": 0.177212238312, "dmean2": 0.271385788918, "dvar": 0.0334690660238, "dvar2": 0.0762413218617, "max": 3.93946933746, "mean": 1.63419425488, "median": 1.60162639618, "min": 0.0103781940416, "var": 0.188547164202}, "spectral_spread": {"dmean": 536349.6875, "dmean2": 747945.1875, "dvar": 487575420928, "dvar2": 769300365312, "max": 42167404, "mean": 5150859.5, "median": 4951942.5, "min": 1662325.875, "var": 3327531941890.0}, "spectral_strongpeak": {"dmea