{"lowlevel": {"average_loudness": 0.954392910004, "barkbands": {"dmean": [0.00192301010247, 0.00489568477497, 0.00122577149887, 0.00050319643924, 0.000642254250124, 0.00120403128676, 0.000835759623442, 0.0010069134878, 0.000659149547573, 0.000562884146348, 0.000472842773888, 0.000925295811612, 0.000869271287229, 0.00072098558303, 0.000979327596724, 0.000670348876156, 0.000318074395182, 0.000323533604387, 0.000319849699736, 0.000103008962469, 5.26058611285e-05, 4.31547523476e-05, 8.36825165607e-06, 2.10325492844e-06, 1.7389460254e-06, 7.78990215622e-06, 0.000599864579272], "dmean2": [0.00297618377954, 0.00836304668337, 0.00210890336893, 0.000851994380355, 0.00109054043423, 0.00196417490952, 0.00136073760223, 0.00163189659361, 0.00107063027099, 0.000906200089958, 0.000772578641772, 0.00151702691801, 0.00140905054286, 0.00116757221986, 0.00159376999363, 0.00105034105945, 0.000511673337314, 0.000517119013239, 0.000511112622917, 0.00016050064005, 8.24036760605e-05, 6.66767955408e-05, 1.28951523948e-05, 3.46126989825e-06, 2.90267553282e-06, 1.19371088658e-05, 0.000893036019988], "dvar": [1.32582354126e-05, 7.46029400034e-05, 8.43882844492e-06, 6.83548819325e-07, 1.15836269288e-06, 9.78482239589e-06, 4.95503354614e-06, 4.79763002659e-06, 2.28902490562e-06, 1.29545617256e-06, 5.69296844333e-07, 1.45316994349e-06, 1.33300432026e-06, 9.58893679126e-07, 1.71444139596e-06, 1.37127892685e-06, 2.93263980211e-07, 3.38621390483e-07, 3.76411350089e-07, 2.79144138915e-08, 5.93693449957e-09, 5.68396751888e-09, 2.9490271336e-10, 1.20729762992e-11, 9.9225749145e-12, 2.19726667416e-10, 5.90482841289e-07], "dvar2": [2.86884715024e-05, 0.000201248316444, 2.28905264521e-05, 1.8334141032e-06, 3.11835151479e-06, 2.5601919333e-05, 1.22660749184e-05, 1.17765512186e-05, 5.84823965255e-06, 3.27143243339e-06, 1.39231269713e-06, 3.76342381969e-06, 3.40880251315e-06, 2.38663619712e-06, 4.15763724959e-06, 3.08368839796e-06, 7.19059642051e-07, 8.22593392513e-07, 9.00725922293e-07, 6.38605612835e-08, 1.32536648323e-08, 1.31670514492e-08, 7.05647318355e-10, 3.01657240853e-11, 2.50670491309e-11, 5.03966146592e-10, 1.25525866679e-06], "max": [0.0529577359557, 0.102060101926, 0.0673540085554, 0.0227618701756, 0.0304469875991, 0.0745506584644, 0.0604087263346, 0.0597198717296, 0.035932354629, 0.0214447341859, 0.0138071328402, 0.0283893235028, 0.0206798501313, 0.0184841454029, 0.0357595309615, 0.0351499393582, 0.00842427741736, 0.0129955103621, 0.0100055402145, 0.00274187512696, 0.000898918719031, 0.00200705160387, 0.000593937584199, 5.3452746215e-05, 4.99375455547e-05, 0.000357883080142, 0.014106628485], "mean": [0.00242269225419, 0.00563067710027, 0.00127685419284, 0.00070482067531, 0.000972779118456, 0.00173370994162, 0.00120318564586, 0.00148246518802, 0.000947927008383, 0.000824679620564, 0.000721641350538, 0.00159631331917, 0.00154536415357, 0.00122569676023, 0.00179175985977, 0.00117004697677, 0.000502784736454, 0.00058259209618, 0.000614935706835, 0.000208032535738, 0.000104774699139, 7.68993268139e-05, 1.51602462211e-05, 2.47757384386e-06, 1.75019795279e-06, 1.42375156429e-05, 0.00183123070747], "median": [0.000987898092717, 0.00291170133278, 0.000588157447055, 0.000384712067898, 0.000633815245237, 0.000659246812575, 0.000431508815382, 0.000543306290638, 0.000376987329219, 0.000301387335639, 0.000427797465818, 0.00113711156882, 0.00111781619489, 0.000840731547214, 0.00125593645498, 0.000697242445312, 0.000300763524137, 0.0003642278607, 0.000362717953976, 0.000140676769661, 6.97191208019e-05, 5.50951081095e-05, 9.68032236415e-06, 1.29230261336e-06, 6.8062797709e-07, 9.06884997676e-06, 0.00153078185394], "min": [2.35125736695e-25, 2.55867803748e-24, 5.16741610332e-25, 2.51957316703e-25, 5.36711850945e-24, 1.12871977479e-23, 3.81079810094e-24, 6.23341005682e-24, 1.43933919936e-23, 1.66530714348e-23, 7.79717455127e-24, 2.86197979108e-23, 2.24940168804e-23, 2.91053165544e-23, 6.15428446813e-23, 5.46682500584e-23, 7.82412629964e-23, 1.07894222568e-22, 1.20372739912e-22, 1.73465943976e-22, 2.10102815359e-22, 3.16323731419e-22, 3.62971638965e-22, 5.75954137417e-22, 9.14078803569e-22, 1.37743030429e-21, 1.90080611768e-21], "var": [1.7441025193e-05, 6.79825097905e-05, 6.56805150356e-06, 9.39060782912e-07, 1.57685883551e-06, 1.50039286382e-05, 8.8753122327e-06, 8.27104850032e-06, 3.67834195458e-06, 2.27381701734e-06, 9.37055062877e-07, 2.58309205492e-06, 2.47879802373e-06, 1.70463954419e-06, 3.53378277396e-06, 2.54893257079e-06, 4.06594523383e-07, 5.24694485193e-07, 6.39690540538e-07, 5.63838042922e-08, 1.23846266575e-08, 8.67748628508e-09, 3.94182297914e-10, 1.33246226552e-11, 9.86792765556e-12, 3.33796129626e-10, 1.71897409018e-06]}, "barkbands_crest": {"dmean": 2.48273849487, "dmean2": 4.1421046257, "dvar": 5.5023598671, "dvar2": 14.506187439, "max": 24.4358043671, "mean": 7.18767309189, "median": 6.35423183441, "min": 2.26683044434, "var": 10.9687700272}, "barkbands_flatness_db": {"dmean": 0.0179094932973, "dmean2": 0.0288230944425, "dvar": 0.000254616810707, "dvar2": 0.000644134008326, "max": 0.314141303301, "mean": 0.106049977243, "median": 0.0984920710325, "min": 0.0368550233543, "var": 0.00116660050116}, "barkbands_kurtosis": {"dmean": 1.02481997013, "dmean2": 1.65870404243, "dvar": 5.37718248367, "dvar2": 12.6471729279, "max": 140.047653198, "mean": 0.800270140171, "median": 0.232426524162, "min": -1.83348202705, "var": 7.91333055496}, "barkbands_skewness": {"dmean": 0.354971587658, "dmean2": 0.574053406715, "dvar": 0.14081569016, "dvar2": 0.350917369127, "max": 10.5637102127, "mean": 0.870317995548, "median": 0.777905225754, "min": -2.07579278946, "var": 0.41438883543}, "barkbands_spread": {"dmean": 8.04305362701, "dmean2": 12.7117891312, "dvar": 49.0565643311, "dvar2": 121.300201416, "max": 127.924606323, "mean": 47.3236732483, "median": 46.8690452576, "min": 2.40333890915, "var": 212.411315918}, "dissonance": {"dmean": 0.0105753056705, "dmean2": 0.0181349944323, "dvar": 0.000117672658234, "dvar2": 0.000322193460306, "max": 0.500000119209, "mean": 0.484856814146, "median": 0.488492369652, "min": 0.333544105291, "var": 0.000176910529262}, "dynamic_complexity": 2.34542417526, "erbbands": {"dmean": [0.205019518733, 0.935944020748, 1.4860060215, 1.5911012888, 1.50647652149, 2.22343015671, 6.56588983536, 10.8638525009, 12.8553676605, 11.4898519516, 23.9916954041, 15.4985141754, 12.1028299332, 20.3707561493, 23.0676803589, 38.8465957642, 37.182674408, 30.7284317017, 52.3166694641, 40.8741188049, 29.079410553, 16.8638877869, 16.9248142242, 17.1830844879, 13.2242164612, 4.83871841431, 2.82027196884, 1.71291136742, 2.07960677147, 0.415488690138, 0.215584442019, 0.060519721359, 0.0286986399442, 0.0194336995482, 0.0124167846516, 0.0074000088498, 0.0124702453613, 0.0345796458423, 0.0309665426612, 0.0137301376089], "dmean2": [0.348994255066, 1.618013978, 2.55296349525, 2.68950200081, 2.57792019844, 3.78684830666, 10.8174266815, 17.7272853851, 20.9576797485, 18.6121520996, 38.8411216736, 25.1223945618, 19.4590473175, 32.9071121216, 37.5758972168, 63.414806366, 60.3758392334, 49.6406440735, 84.4937667847, 64.8469543457, 45.2011680603, 26.5521087646, 26.9412937164, 27.3576908112, 21.0068416595, 7.50872182846, 4.41375684738, 2.62412285805, 3.23920845985, 0.631389856339, 0.329392105341, 0.0967150405049, 0.0479583255947, 0.0324887596071, 0.0206842962652, 0.0121930930763, 0.0187425650656, 0.0501591004431, 0.0439589060843, 0.0200699586421], "dvar": [0.120781369507, 3.05306887627, 11.6595277786, 7.44513607025, 4.11209392548, 17.1530685425, 254.128860474, 1025.02868652, 1176.44262695, 713.508422852, 2599.14868164, 1525.35424805, 684.698974609, 1807.85681152, 1114.59436035, 2752.79248047, 2488.01147461, 1610.18249512, 5046.60986328, 3518.89404297, 2786.15844727, 931.788879395, 1003.15686035, 1047.55603027, 587.665283203, 61.7574081421, 17.39037323, 6.37975358963, 14.5992898941, 0.539601385593, 0.224303215742, 0.00941626448184, 0.00276565155946, 0.00126032752451, 0.000496928754728, 0.000162106516655, 0.00046269595623, 0.00341596454382, 0.00248004030436, 0.000333609321387], "dvar2": [0.326434880495, 8.28665733337, 31.3774223328, 20.3703517914, 11.0561199188, 46.917427063, 646.139099121, 2677.35522461, 2862.05615234, 1853.64916992, 6317.84033203, 3857.38305664, 1750.89477539, 4442.59082031, 2747.22607422, 6948.40039062, 6392.32226562, 4047.35327148, 12373.1513672, 8410.23144531, 6110.52490234, 2234.83959961, 2468.86523438, 2524.23974609, 1394.60900879, 139.152099609, 39.5921630859, 13.7685346603, 34.0854949951, 1.26086103916, 0.530831038952, 0.0224279128015, 0.00698174117133, 0.00318623776548, 0.00125357799698, 0.000405314349337, 0.000994989764877, 0.00722944736481, 0.00482826074585, 0.000700706557836], "max": [4.1005730629, 18.8563652039, 66.6990966797, 52.2050361633, 45.5298919678, 95.3661804199, 396.622711182, 881.782104492, 1019.16333008, 787.608032227, 1013.28375244, 1045.54040527, 697.178527832, 949.461608887, 770.412597656, 1386.27990723, 812.906066895, 630.845703125, 1713.140625, 1250.87841797, 1784.44555664, 491.344482422, 740.010742188, 519.465454102, 432.432647705, 123.904663086, 51.6709136963, 34.0531692505, 106.65120697, 17.0445919037, 15.7060422897, 2.29523468018, 0.831779956818, 0.563396275043, 0.352800399065, 0.198775500059, 0.427094131708, 1.05733156204, 0.939753472805, 0.355640560389], "mean": [0.240807533264, 0.969191610813, 1.57068884373, 2.22702240944, 2.21057224274, 3.19291996956, 8.90227890015, 15.4860210419, 18.3511943817, 17.8716201782, 35.9941940308, 23.2063827515, 18.2928905487, 31.7042999268, 40.3453826904, 70.5596313477, 69.8508224487, 58.3532028198, 95.8286895752, 79.024559021, 52.7389526367, 28.4730930328, 30.7089710236, 32.8530540466, 25.30676651, 10.2644338608, 5.71786785126, 3.58744263649, 3.55523514748, 0.807569742203, 0.388552069664, 0.0916583687067, 0.0297062061727, 0.0194742046297, 0.0127196405083, 0.0084767928347, 0.0243891440332, 0.0770534798503, 0.0877379328012, 0.0462192930281], "median": [0.121789053082, 0.446618586779, 0.733250379562, 1.22618603706, 1.50263547897, 1.92273366451, 3.65572404861, 5.67951011658, 6.46746110916, 8.18001747131, 12.5710039139, 9.10001564026, 8.24488735199, 12.8450164795, 27.6812057495, 51.8232574463, 52.7092018127, 43.1230163574, 67.2864074707, 55.3092956543, 33.5504379272, 17.384929657, 18.7685089111, 20.2337303162, 15.1833343506, 7.04194355011, 3.93918061256, 2.41792321205, 2.49041104317, 0.569248795509, 0.244495332241, 0.0570507496595, 0.012003146112, 0.00743672903627, 0.00516186561435, 0.00411966256797, 0.0157166160643, 0.0553058758378, 0.0637322366238, 0.0390237048268], "min": [9.79950027063e-23, 6.26272507469e-22, 1.84362483446e-21, 3.31582194592e-21, 1.45410790739e-20, 2.19695923364e-20, 3.91193777269e-20, 1.26302918589e-19, 9.91353022808e-20, 1.99427132305e-19, 3.36598428661e-19, 2.83420874086e-19, 5.9407749702e-19, 6.21508770687e-19, 9.36368143217e-19, 1.51616767568e-18, 1.28842799924e-18, 1.53676643749e-18, 2.95122905154e-18, 3.53349513319e-18, 3.77364923966e-18, 5.11733466159e-18, 6.7635804177e-18, 6.89932447853e-18, 8.18397277937e-18, 8.31972304405e-18, 6.75677023972e-18, 9.79576977169e-18, 9.82874780835e-18, 1.05491203787e-17, 1.03709646999e-17, 7.99710275282e-18, 9.7865491894e-18, 8.73483701702e-18, 6.13387552792e-18, 4.26666418759e-18, 2.5005221172e-18, 1.02196262166e-18, 2.24101761956e-19, 2.66982866303e-20], "var": [0.122705131769, 2.48172998428, 9.06799221039, 8.95756530762, 5.92384386063, 22.0871734619, 391.617889404, 1466.4453125, 1965.63061523, 1105.46691895, 4950.58203125, 2484.97607422, 991.751708984, 3195.86181641, 1993.68786621, 5046.86425781, 4561.76025391, 2965.8112793, 9905.34960938, 7081.49414062, 4935.26220703, 1294.10620117, 1511.89929199, 1694.89758301, 1050.01696777, 132.12159729, 36.395198822, 14.2792129517, 20.9445037842, 0.82416510582, 0.298195898533, 0.013057725504, 0.00273975240998, 0.00124459387735, 0.000498975452501, 0.000171844149008, 0.000853838922922, 0.0072009479627, 0.00754898739979, 0.00100469659083]}, "erbbands_crest": {"dmean": 2.28079128265, "dmean2": 3.74849414825, "dvar": 4.66987133026, "dvar2": 11.3816690445, "max": 28.1736087799, "mean": 8.39429950714, "median": 7.62487983704, "min": 2.76497197151, "var": 11.25735569}, "erbbands_flatness_db": {"dmean": 0.0187699757516, "dmean2": 0.0292730312794, "dvar": 0.00025069018011, "dvar2": 0.000587802671362, "max": 0.339335978031, "mean": 0.1726282686, "median": 0.16597366333, "min": 0.0380238927901, "var": 0.00167546782177}, "erbbands_kurtosis": {"dmean": 0.966346859932, "dmean2": 1.56431436539, "dvar": 1.34441792965, "dvar2": 3.20703434944, "max": 37.3966445923, "mean": 1.35234022141, "median": 0.837350010872, "min": -1.65280508995, "var": 5.27995634079}, "erbbands_skewness": {"dmean": 0.32107925415, "dmean2": 0.507327258587, "dvar": 0.0791013240814, "dvar2": 0.185191303492, "max": 3.36020040512, "mean": -0.483717679977, "median": -0.476661801338, "min": -4.4912352562, "var": 0.392750352621}, "erbbands_spread": {"dmean": 4.23201799393, "dmean2": 6.73044586182, "dvar": 16.170955658, "dvar2": 38.899597168, "max": 76.5220947266, "mean": 21.0181732178, "median": 19.7445297241, "min": 2.60355401039, "var": 83.5023956299}, "gfcc": {"cov": [[14156.8447266, 680.70489502, -1205.18591309, 292.455963135, -86.2561416626, -755.980957031, 417.412689209, -85.2250900269, 107.490791321, 101.028274536, -6.8700709343, -51.7557067871, -210.394363403], [680.70489502, 645.253356934, -108.403549194, -309.658081055, 150.251495361, 47.4412727356, -70.961151123, -44.036190033, 71.9736251831, -18.4790897369, 49.4849357605, -38.539691925, 78.5556259155], [-1205.18591309, -108.403549194, 295.609222412, 92.7923049927, -39.4107627869, 118.923881531, -70.8916397095, 47.6475715637, -41.7794723511, 22.8790397644, -1.91051399708, 6.92684030533, 14.6595001221], [292.455963135, -309.658081055, 92.7923049927, 476.645050049, -8.75374984741, -144.128967285, 183.369857788, -18.0297584534, -13.3214902878, 13.2573032379, -39.1188240051, 62.1279602051, -104.949546814], [-86.2561416626, 150.251495361, -39.4107627869, -8.75374984741, 239.293014526, 63.4552955627, -16.2806682587, -16.4187812805, 21.792591095, -45.6453971863, 20.0544567108, -1.56255984306, 38.3723526001], [-755.980957031, 47.4412727356, 118.923881531, -144.128967285, 63.4552955627, 317.473022461, -119.621864319, 62.4859199524, -39.0174980164, -7.55582094193, 12.151597023, -24.9183254242, 83.3327026367], [417.412689209, -70.961151123, -70.8916397095, 183.369857788, -16.2806682587, -119.621864319, 273.615325928, -28.3649311066, 32.6834182739, -0.971763432026, -32.8781204224, 36.4338798523, -91.3793869019], [-85.2250900269, -44.036190033, 47.6475715637, -18.0297584534, -16.4187812805, 62.4859199524, -28.3649311066, 152.783187866, 12.5054597855, 25.033624649, 6.26869678497, -39.8359336853, 28.3578472137], [107.490791321, 71.9736251831, -41.7794723511, -13.3214902878, 21.792591095, -39.0174980164, 32.6834182739, 12.5054597855, 98.806640625, 22.8010253906, -5.41513681412, -0.890316128731, -22.9647827148], [101.028274536, -18.4790897369, 22.8790397644, 13.2573032379, -45.6453971863, -7.55582094193, -0.971763432026, 25.033624649, 22.8010253906, 74.1638412476, 28.9864959717, -1.79129016399, -6.38095855713], [-6.8700709343, 49.4849357605, -1.91051399708, -39.1188240051, 20.0544567108, 12.151597023, -32.8781204224, 6.26869678497, -5.41513681412, 28.9864959717, 70.3519058228, 18.5285797119, 27.8901062012], [-51.7557067871, -38.539691925, 6.92684030533, 62.1279602051, -1.56255984306, -24.9183254242, 36.4338798523, -39.8359336853, -0.890316128731, -1.79129016399, 18.5285797119, 76.8661956787, 4.24231529236], [-210.394363403, 78.5556259155, 14.6595001221, -104.949546814, 38.3723526001, 83.3327026367, -91.3793869019, 28.3578472137, -22.9647827148, -6.38095855713, 27.8901062012, 4.24231529236, 106.440826416]], "icov": [[0.000240792913246, -0.000812451820821, 0.00157143198885, -0.00103646714706, 0.000524958595634, -0.000225403418881, 0.000562783738133, -0.000609918148257, 0.000855310237966, -0.000763874908444, 0.0005544864689, -0.000362271559425, 0.000477949040942], [-0.000812451820821, 0.00653241248801, -0.00634163292125, 0.0058457814157, -0.00339604611509, 0.00156471284572, -0.0033648207318, 0.00435979571193, -0.00572449620813, 0.00336504238658, -0.00420894334093, 0.00411121034995, -0.00393500970677], [0.00157143198885, -0.00634163292125, 0.0172965284437, -0.0105500174686, 0.00572509737685, -0.00506503786892, 0.00672128656879, -0.00520424544811, 0.00645699445158, -0.0057234922424, 0.00430362857878, -0.00388590269722, 0.00413749273866], [-0.00103646714706, 0.0058457814157, -0.0105500174686, 0.0134053071961, -0.00819860398769, 0.00535683846101, -0.00530255073681, 0.000765749602579, 0.00094837351935, -0.0027066601906, 0.00346027151681, -0.00414629280567, 0.00161389890127], [0.000524958595634, -0.00339604611509, 0.00572509737685, -0.00819860398769, 0.0123769985512, -0.00503554707393, 0.00178624142427, 0.00166733318474, -0.0057365540415, 0.00964487530291, -0.0085243396461, 0.00579967023805, -0.003415602725], [-0.000225403418881, 0.00156471284572, -0.00506503786892, 0.00535683846101, -0.00503554707393, 0.00787072442472, -0.00115860148799, -0.00172005000059, 0.00317922164686, -0.00301595171914, 0.00378941115923, -0.00203024968505, -0.000910918111913], [0.000562783738133, -0.0033648207318, 0.00672128656879, -0.00530255073681, 0.00178624142427, -0.00115860148799, 0.00954046472907, -0.0036187870428, 0.00266705313697, -0.00252547836863, 0.00437651900575, -0.00579917291179, 0.00636790134013], [-0.000609918148257, 0.00435979571193, -0.00520424544811, 0.000765749602579, 0.00166733318474, -0.00172005000059, -0.0036187870428, 0.0148932849988, -0.010076366365, 0.00516146887094, -0.00867909938097, 0.0131495296955, -0.00939498655498], [0.000855310237966, -0.00572449620813, 0.00645699445158, 0.00094837351935, -0.0057365540415, 0.00317922164686, 0.00266705313697, -0.010076366365, 0.0269158035517, -0.0188676454127, 0.017136303708, -0.0140951219946, 0.011262155138], [-0.000763874908444, 0.00336504238658, -0.0057234922424, -0.0027066601906, 0.00964487530291, -0.00301595171914, -0.00252547836863, 0.00516146887094, -0.0188676454127, 0.0372999757528, -0.0261311400682, 0.0142523059621, -0.00608859863132], [0.0005544864689, -0.00420894334093, 0.00430362857878, 0.00346027151681, -0.0085243396461, 0.00378941115923, 0.00437651900575, -0.00867909938097, 0.017136303708, -0.0261311400682, 0.039022076875, -0.0205824673176, 0.00592348258942], [-0.000362271559425, 0.00411121034995, -0.00388590269722, -0.00414629280567, 0.00579967023805, -0.00203024968505, -0.00579917291179, 0.0131495296955, -0.0140951219946, 0.0142523059621, -0.0205824673176, 0.0334775187075, -0.0144142610952], [0.000477949040942, -0.00393500970677, 0.00413749273866, 0.00161389890127, -0.003415602725, -0.000910918111913, 0.00636790134013, -0.00939498655498, 0.011262155138, -0.00608859863132, 0.00592348258942, -0.0144142610952, 0.0252667609602]], "mean": [7.73015069962, 87.0000076294, -121.496810913, -9.44784736633, 8.37536430359, -25.9725112915, 9.01509380341, -26.8284130096, 7.448595047, -3.60868525505, 0.415850698948, -0.47759398818, -8.92918205261]}, "hfc": {"dmean": 33.2958183289, "dmean2": 48.5194969177, "dvar": 1659.53991699, "dvar2": 3449.59741211, "max": 607.663635254, "mean": 126.536712646, "median": 113.373062134, "min": 1.0733043657e-16, "var": 5378.59570312}, "melbands": {"dmean": [0.00158188701607, 0.00091345643159, 0.00025774675305, 0.000122410099721, 0.000198194815312, 0.000237652682699, 0.000187540863408, 0.000139688971103, 0.000189748505363, 9.33623305173e-05, 6.23031955911e-05, 8.55934849824e-05, 6.84652841301e-05, 0.000102999998489, 0.000107731073513, 7.70229817135e-05, 5.96737008891e-05, 8.71194861247e-05, 7.06355131115e-05, 5.37518390047e-05, 3.31765440933e-05, 1.86139532161e-05, 1.63682307175e-05, 1.65887886396e-05, 1.49144379975e-05, 1.32899613163e-05, 5.6334247347e-06, 3.09000756715e-06, 1.96999144464e-06, 1.43499744354e-06, 9.50785590703e-07, 1.55112934408e-06, 3.50931344428e-07, 2.13439406593e-07, 1.58389894978e-07, 5.85329118508e-08, 2.87132948529e-08, 2.02484695677e-08, 1.78238508397e-08, 1.58811399587e-08], "dmean2": [0.00265138735995, 0.001567538362, 0.000434806017438, 0.000207529403269, 0.000326641806168, 0.00038702780148, 0.000305594148813, 0.000226474279771, 0.000307152688038, 0.000151913773152, 0.000100472869235, 0.000138858580613, 0.000110977751319, 0.000169932594872, 0.00017602131993, 0.000126053026179, 9.72057168838e-05, 0.000141020704177, 0.000114484522783, 8.50784999784e-05, 5.20901558048e-05, 2.98864633805e-05, 2.6419022106e-05, 2.67128143605e-05, 2.40929766733e-05, 2.14571555262e-05, 8.9907034635e-06, 4.89416606797e-06, 3.11607118419e-06, 2.28659405366e-06, 1.48899664509e-06, 2.43963427238e-06, 5.42284965377e-07, 3.35393735895e-07, 2.46571204343e-07, 9.21912288732e-08, 4.72944137186e-08, 3.39664580906e-08, 2.98584197367e-08, 2.65439297209e-08], "dvar": [7.20355046724e-06, 3.39922303283e-06, 1.84635595701e-07, 3.34057617124e-08, 2.04541706239e-07, 4.32622186963e-07, 2.48208124276e-07, 1.0356048108e-07, 1.53866707819e-07, 5.82055257325e-08, 1.79424581859e-08, 3.26910054582e-08, 1.05636077663e-08, 1.87786142192e-08, 1.99023375558e-08, 1.05453308308e-08, 6.50584031092e-09, 1.43394567331e-08, 8.81883810422e-09, 8.14099543334e-09, 4.31508606624e-09, 1.11644382628e-09, 9.80081016344e-10, 8.046227018e-10, 7.9057799196e-10, 6.53743670309e-10, 9.14649397887e-11, 2.47687408778e-11, 8.67104044816e-12, 4.59309326684e-12, 2.11270887937e-12, 8.21919615701e-12, 3.4956957576e-13, 1.65060510832e-13, 1.45315047972e-13, 8.81943748989e-15, 2.33090443953e-15, 1.40076326647e-15, 1.07299169143e-15, 8.38515078058e-16], "dvar2": [1.8946988348e-05, 9.08999845706e-06, 4.98947770211e-07, 8.93505216482e-08, 5.27751183199e-07, 1.13190139928e-06, 6.07990614299e-07, 2.6675479603e-07, 3.76820594283e-07, 1.48030707692e-07, 4.59816149601e-08, 8.06607260984e-08, 2.55276084715e-08, 4.93503939936e-08, 5.10148794319e-08, 2.69217110827e-08, 1.64689826221e-08, 3.56563205628e-08, 2.15200390841e-08, 1.92291693679e-08, 9.43954869825e-09, 2.72062283813e-09, 2.48594766994e-09, 1.96545379971e-09, 1.95336635755e-09, 1.61705226986e-09, 2.16590398394e-10, 5.92484047934e-11, 2.04190084979e-11, 1.08147891684e-11, 4.90228257294e-12, 1.94226995598e-11, 8.15194320467e-13, 4.09798443009e-13, 3.5374174835e-13, 1.9673908905e-14, 5.83814706038e-15, 3.54209421498e-15, 2.71407398102e-15, 2.12009085621e-15], "max": [0.0317747481167, 0.0260007511824, 0.00835882965475, 0.00317042460665, 0.0107929268852, 0.017346508801, 0.0144123472273, 0.0111963730305, 0.00775012653321, 0.00673947390169, 0.00340600428171, 0.00402728188783, 0.00192341511138, 0.00222570425831, 0.00266908179037, 0.00151158950757, 0.00137818150688, 0.00242832745425, 0.00231466675177, 0.00184327969328, 0.00230190041475, 0.000608185946476, 0.000792240723968, 0.000476816436276, 0.000470536149805, 0.000472799350973, 0.000153996108565, 8.69126306497e-05, 4.05971004511e-05, 2.88833089144e-05, 2.19392204599e-05, 7.8561490227e-05, 1.50068244693e-05, 1.118399814e-05, 1.3079481505e-05, 1.63645063367e-06, 1.06350887563e-06, 5.88539137425e-07, 5.19153331879e-07, 4.59640972394e-07], "mean": [0.0019973278977, 0.000995939015411, 0.000375641509891, 0.000184920427273, 0.000276188569842, 0.000344706961187, 0.000272323261015, 0.000214105981286, 0.000285616348265, 0.000133632929646, 8.95413832041e-05, 0.000127982915728, 0.000112670961244, 0.000173849752173, 0.000189866928849, 0.000134364847327, 0.000102249912743, 0.000149928295286, 0.000128857049276, 9.22882536543e-05, 5.46631417819e-05, 2.85013047687e-05, 2.64963382506e-05, 2.88062328764e-05, 2.63564324996e-05, 2.32428956224e-05, 1.05491781142e-05, 5.99369923293e-06, 3.78583490601e-06, 2.60664000962e-06, 1.82645919722e-06, 2.52527206612e-06, 6.6111670094e-07, 3.6173787521e-07, 2.63469047468e-07, 9.91846178522e-08, 3.42143238186e-08, 1.97791543144e-08, 1.75605681108e-08, 1.58340203171e-08], "median": [0.00106393219903, 0.000494926993269, 0.000228947232245, 0.000122568948427, 0.000123234844068, 0.000129213702166, 9.60973848123e-05, 9.4560396974e-05, 9.84068610705e-05, 5.1470084145e-05, 3.81919526262e-05, 4.66717392555e-05, 7.29821476853e-05, 0.000122374884086, 0.000136334521812, 9.74086578935e-05, 7.08067091182e-05, 0.000102246085589, 9.05690976651e-05, 5.45578368474e-05, 3.26476219925e-05, 1.62855321832e-05, 1.51172471305e-05, 1.80694005394e-05, 1.5581594198e-05, 1.32685372591e-05, 6.63056835037e-06, 3.98777956434e-06, 2.57906481238e-06, 1.66239033206e-06, 1.2104533198e-06, 1.72081081473e-06, 4.78657739222e-07, 2.36585520952e-07, 1.61963555456e-07, 5.71812961425e-08, 1.81547612499e-08, 7.09963732248e-09, 6.46957243333e-09, 6.01483574059e-09], "min": [1.10281157107e-24, 1.37661947203e-24, 7.43338306179e-25, 1.34211006147e-24, 1.50059162569e-24, 2.39804840502e-24, 1.39282523882e-24, 2.31896450763e-24, 2.61026579359e-24, 1.80309167967e-24, 2.54073894606e-24, 2.21389434872e-24, 2.02577153321e-24, 3.36883325676e-24, 2.47208497313e-24, 2.37930743649e-24, 2.48882046002e-24, 3.87611893933e-24, 4.43250726895e-24, 3.22094964438e-24, 4.23208926737e-24, 4.56073029821e-24, 3.95249448002e-24, 4.87262105101e-24, 4.57252692418e-24, 4.5182805096e-24, 6.17956753903e-24, 5.14582764275e-24, 3.3700098428e-24, 4.86665450156e-24, 5.07882455847e-24, 4.86367615721e-24, 6.29899476919e-24, 5.42614542111e-24, 5.90594009e-24, 4.33183007921e-24, 5.16025078111e-24, 7.03601291901e-24, 5.78932002137e-24, 6.2367993977e-24], "var": [7.64422657085e-06, 2.74132480627e-06, 2.21234429887e-07, 4.77732093884e-08, 3.17985325182e-07, 6.44884380563e-07, 4.32978396248e-07, 1.563403913e-07, 3.01828350757e-07, 8.82837554173e-08, 2.55989593967e-08, 5.76697232191e-08, 1.87102777716e-08, 3.21603970121e-08, 3.81983333853e-08, 1.81529369314e-08, 1.11633600142e-08, 2.61549910618e-08, 1.81894055373e-08, 1.52754857652e-08, 6.99627067391e-09, 1.49050871645e-09, 1.2725663856e-09, 1.27008836781e-09, 1.19152865352e-09, 1.00655506152e-09, 1.67294678111e-10, 4.79257085406e-11, 1.72220761957e-11, 8.43201116568e-12, 3.94876926296e-12, 1.13063586271e-11, 5.61703082051e-13, 2.02691785882e-13, 1.70013227671e-13, 1.5664500472e-14, 2.54836384335e-15, 1.36756021021e-15, 1.05234526334e-15, 8.28604421998e-16]}, "melbands_crest": {"dmean": 4.36790466309, "dmean2": 7.17519330978, "dvar": 15.0428791046, "dvar2": 38.7939567566, "max": 36.8307189941, "mean": 12.9847917557, "median": 11.747376442, "min": 1.00024664402, "var": 38.7388038635}, "melbands_flatness_db": {"dmean": 0.0263079907745, "dmean2": 0.0428004227579, "dvar": 0.000519906345289, "dvar2": 0.00134547776543, "max": 0.472135692835, "mean": 0.195374786854, "median": 0.190071821213, "min": -5.17719165316e-08, "var": 0.00237823347561}, "melbands_kurtosis": {"dmean": 2.06691932678, "dmean2": 3.42443490028, "dvar": 17.5390148163, "dvar2": 42.3743171692, "max": 214.958618164, "mean": 1.64190518856, "median": 0.248776197433, "min": -1.92844414711, "var": 27.0855312347}, "melbands_skewness": {"dmean": 0.561942815781, "dmean2": 0.900697529316, "dvar": 0.310527056456, "dvar2": 0.779203116894, "max": 12.675412178, "mean": 1.17015826702, "median": 1.03923428059, "min": -1.67837893963, "var": 0.975584566593}, "melbands_spread": {"dmean": 8.52290725708, "dmean2": 13.8857622147, "dvar": 62.7476882935, "dvar2": 167.755203247, "max": 165.881973267, "mean": 39.9792366028, "median": 38.8060531616, "min": 0.953050971031, "var": 260.663269043}, "mfcc": {"cov": [[6187.86425781, 428.475067139, -571.078063965, 959.075622559, -594.106872559, -53.6019821167, -92.8505096436, 104.023078918, -40.0116615295, 170.557601929, 222.644332886, -32.991859436, -3.82195234299], [428.475067139, 984.66595459, -219.053512573, -326.007965088, 175.488937378, 23.5829639435, -47.7411384583, -53.9952926636, 29.0890922546, -16.6811943054, -4.27021694183, 42.1353721619, 34.5530433655], [-571.078063965, -219.053512573, 341.461883545, -88.319694519, 45.6489181519, -9.90263080597, 34.4038162231, -33.7307510376, 3.24398565292, -7.33641290665, -5.22228622437, -4.2092499733, -5.73228883743], [959.075622559, -326.007965088, -88.319694519, 728.606567383, -276.199401855, 53.3393363953, -28.2615852356, 97.1529312134, -60.308391571, 52.2153244019, 57.0614280701, -40.2313270569, -4.37869310379], [-594.106872559, 175.488937378, 45.6489181519, -276.199401855, 387.563171387, 8.16766166687, 39.6995925903, -34.6641197205, 44.5116882324, -52.4887733459, -53.4166641235, 44.3515052795, 13.2624292374], [-53.6019821167, 23.5829639435, -9.90263080597, 53.3393363953, 8.16766166687, 163.994155884, 26.0531673431, 39.7051506042, -15.7201099396, -7.77835226059, -17.2392520905, -8.51310443878, 13.7484054565], [-92.8505096436, -47.7411384583, 34.4038162231, -28.2615852356, 39.6995925903, 26.0531673431, 125.936080933, 26.1105823517, 14.3059530258, -4.71260595322, -10.947010994, -2.24970960617, 0.0840306654572], [104.023078918, -53.9952926636, -33.7307510376, 97.1529312134, -34.6641197205, 39.7051506042, 26.1105823517, 100.517440796, 25.0629367828, 18.7130737305, 0.179172739387, -6.28837537766, -5.05568552017], [-40.0116615295, 29.0890922546, 3.24398565292, -60.308391571, 44.5116882324, -15.7201099396, 14.3059530258, 25.0629367828, 83.3678283691, 29.3028888702, 5.39449453354, 3.96342420578, -2.74902534485], [170.557601929, -16.6811943054, -7.33641290665, 52.2153244019, -52.4887733459, -7.77835226059, -4.71260595322, 18.7130737305, 29.3028888702, 79.8277587891, 39.5828018188, 0.0584984980524, -8.50568294525], [222.644332886, -4.27021694183, -5.22228622437, 57.0614280701, -53.4166641235, -17.2392520905, -10.947010994, 0.179172739387, 5.39449453354, 39.5828018188, 85.1219940186, 19.6425514221, -0.692882061005], [-32.991859436, 42.1353721619, -4.2092499733, -40.2313270569, 44.3515052795, -8.51310443878, -2.24970960617, -6.28837537766, 3.96342420578, 0.0584984980524, 19.6425514221, 59.8896598816, 18.5915164948], [-3.82195234299, 34.5530433655, -5.73228883743, -4.37869310379, 13.2624292374, 13.7484054565, 0.0840306654572, -5.05568552017, -2.74902534485, -8.50568294525, -0.692882061005, 18.5915164948, 41.895488739]], "icov": [[0.000296688114759, -0.00027219374897, 0.000216374071897, -0.000412373570725, 0.000239845336182, 0.000228676552069, -0.000196235516341, 0.000106430139567, -0.000111739318527, -6.07525471423e-05, -0.000302131986246, 4.04543498007e-05, 5.77160753892e-05], [-0.00027219374897, 0.00203417427838, 0.00118060491513, 0.00123036361765, -0.000694934919011, -0.000878884049598, 0.000786770018749, 0.000491577025969, -2.6241177693e-05, -0.000184610194992, -0.000431816733908, 0.000255027378444, -0.00100574712269], [0.000216374071897, 0.00118060491513, 0.00445320503786, 0.000540542125236, -0.00032173038926, -0.000387464300729, -0.000727116072085, 0.00177237135358, -0.000270643155091, -0.000309646362439, -0.000982758356258, 0.000729232735466, -0.000264306145255], [-0.000412373570725, 0.00123036361765, 0.000540542125236, 0.00344181666151, 0.000265975890215, -0.000740594696254, 0.000975622213446, -0.00233886088245, 0.00234612962231, -0.000830507546198, -0.00107763707638, 0.00137564342003, -0.00138697831426], [0.000239845336182, -0.000694934919011, -0.00032173038926, 0.000265975890215, 0.00516077456996, -0.000687616528012, -0.00117285433225, 0.00158277002629, -0.00332525209524, 0.00234418339096, 0.00212502898648, -0.00393513264135, 0.00140323187225], [0.000228676552069, -0.000878884049598, -0.000387464300729, -0.000740594696254, -0.000687616528012, 0.00847117137164, -0.00122897187248, -0.00410180399194, 0.00336407613941, -0.000876547419466, 0.000662407896016, 0.00203846557997, -0.00329029397108], [-0.000196235516341, 0.000786770018749, -0.000727116072085, 0.000975622213446, -0.00117285433225, -0.00122897187248, 0.00979538913816, -0.00302035920322, -0.000211780323298, 0.000422004202846, -0.00028232880868, 0.000994743430056, -0.00064816896338], [0.000106430139567, 0.000491577025969, 0.00177237135358, -0.00233886088245, 0.00158277002629, -0.00410180399194, -0.00302035920322, 0.0179462954402, -0.00829277839512, 5.71021082578e-05, 0.0023853671737, -0.00302889640443, 0.00347005343065], [-0.000111739318527, -2.6241177693e-05, -0.000270643155091, 0.00234612962231, -0.00332525209524, 0.00336407613941, -0.000211780323298, -0.00829277839512, 0.0216296054423, -0.0092065948993, -0.000557636027224, 0.00317450775765, -0.00269980751909], [-6.07525471423e-05, -0.000184610194992, -0.000309646362439, -0.000830507546198, 0.00234418339096, -0.000876547419466, 0.000422004202846, 5.71021082578e-05, -0.0092065948993, 0.0220938846469, -0.00754934782162, -0.000337109580869, 0.00347533612512], [-0.000302131986246, -0.000431816733908, -0.000982758356258, -0.00107763707638, 0.00212502898648, 0.000662407896016, -0.00028232880868, 0.0023853671737, -0.000557636027224, -0.00754934782162, 0.0203015096486, -0.0092376312241, 0.00234559504315], [4.04543498007e-05, 0.000255027378444, 0.000729232735466, 0.00137564342003, -0.00393513264135, 0.00203846557997, 0.000994743430056, -0.00302889640443, 0.00317450775765, -0.000337109580869, -0.0092376312241, 0.0268908143044, -0.0116997985169], [5.77160753892e-05, -0.00100574712269, -0.000264306145255, -0.00138697831426, 0.00140323187225, -0.00329029397108, -0.00064816896338, 0.00347005343065, -0.00269980751909, 0.00347533612512, 0.00234559504315, -0.0116997985169, 0.0313372276723]], "mean": [-648.949401855, 158.874511719, -60.265537262, 33.560710907, -0.607243061066, 23.7993774414, -1.69582676888, 3.76250839233, -2.29301714897, 4.89005231857, 7.88063383102, 1.08510684967, 7.77128314972]}, "pitch_salience": {"dmean": 0.0696820616722, "dmean2": 0.11406634748, "dvar": 0.00392552511767, "dvar2": 0.0101473527029, "max": 0.996096491814, "mean": 0.612792611122, "median": 0.628487586975, "min": 0.122709482908, "var": 0.0102814985439}, "silence_rate_20dB": {"dmean": 0, "dmean2": 0, "dvar": 0, "dvar2": 0, "max": 1, "mean": 1, "median": 1, "min": 1, "var": 0}, "silence_rate_30dB": {"dmean": 0.00255077006295, "dmean2": 0.00510204071179, "dvar": 0.00254422565922, "dvar2": 0.00703867198899, "max": 1, "mean": 0.998332381248, "median": 1, "min": 0, "var": 0.00166489230469}, "silence_rate_60dB": {"dmean": 0.00019621309184, "dmean2": 0.000392464688048, "dvar": 0.000196174587472, "dvar2": 0.000392278656363, "max": 1, "mean": 0.024818520993, "median": 0, "min": 0, "var": 0.0242026168853}, "spectral_centroid": {"dmean": 206.90763855, "dmean2": 319.080810547, "dvar": 46804.6054688, "dvar2": 98054.296875, "max": 11722.8466797, "mean": 1810.99414062, "median": 1736.2722168, "min": 452.499389648, "var": 725093.5625}, "spectral_complexity": {"dmean": 4.45030879974, "dmean2": 6.45388555527, "dvar": 17.7988376617, "dvar2": 30.567363739, "max": 59, "mean": 29.4661560059, "median": 29, "min": 0, "var": 101.584114075}, "spectral_contrast_coeffs": {"dmean": [0.0495003126562, 0.0494272373617, 0.0379224121571, 0.0293117482215, 0.0235652457923, 0.0481798648834], "dmean2": [0.0842584446073, 0.0825748667121, 0.063589386642, 0.0486400835216, 0.0384532548487, 0.0766938999295], "dvar": [0.00152651499957, 0.00156087521464, 0.000884530425537, 0.000521307287272, 0.000431733817095, 0.00170238898136], "dvar2": [0.00437156343833, 0.00420925579965, 0.00244662864134, 0.00140653224662, 0.00105465902016, 0.00427658157423], "max": [-0.402400553226, -0.450166016817, -0.577413499355, -0.607028663158, -0.561875998974, -0.44507420063], "mean": [-0.728818774223, -0.771959364414, -0.79805880785, -0.791014313698, -0.783842086792, -0.694614171982], "median": [-0.731195807457, -0.780319571495, -0.801589727402, -0.793757557869, -0.785961747169, -0.684948265553], "min": [-0.982079982758, -0.997536122799, -0.998520314693, -0.986758410931, -0.987516701221, -0.96481180191], "var": [0.00388583308086, 0.00437868852168, 0.0022274244111, 0.00166134687606, 0.00169543502852, 0.00773140136153]}, "spectral_contrast_valleys": {"dmean": [0.39701294899, 0.362230032682, 0.32435965538, 0.263012349606, 0.267505556345, 0.655923008919], "dmean2": [0.643718063831, 0.580954372883, 0.502903580666, 0.401292681694, 0.390169262886, 1.05786347389], "dvar": [0.115567110479, 0.0939375087619, 0.0811992511153, 0.0681286081672, 0.0999000146985, 0.321874290705], "dvar2": [0.269808888435, 0.213622778654, 0.167873874307, 0.126312449574, 0.183080688119, 0.79631280899], "max": [-5.34659671783, -4.71906709671, -5.07790184021, -5.20999193192, -5.60651874542, -9.07533836365], "mean": [-7.18929338455, -6.57803821564, -6.85692119598, -6.67293548584, -7.32241868973, -11.4793767929], "median": [-6.97057294846, -6.3598856926, -6.65759277344, -6.44583702087, -6.96944284439, -11.3312149048], "min": [-28.1320991516, -27.8060951233, -27.6953296661, -27.5204162598, -27.5216236115, -27.3928718567], "var": [3.12189888954, 3.35754990578, 3.18097496033, 3.14078593254, 3.37793493271, 2.30414056778]}, "spectral_decrease": {"dmean": 2.52923504362e-09, "dmean2": 3.90784959947e-09, "dvar": 1.13908759136e-17, "dvar2": 2.76151087671e-17, "max": 1.75193942063e-15, "mean": -5.53487788935e-09, "median": -4.21603818523e-09, "min": -3.72822235306e-08, "var": 2.00073086434e-17}, "spectral_energy": {"dmean": 0.0114356484264, "dmean2": 0.0170251205564, "dvar": 0.000214296553168, "dvar2": 0.000496077234857, "max": 0.168733909726, "mean": 0.0323671884835, "median": 0.0270856022835, "min": 9.91864679253e-21, "var": 0.00044039671775}, "spectral_energyband_high": {"dmean": 0.000455663626781, "dmean2": 0.000644060724881, "dvar": 4.72352098768e-07, "dvar2": 9.15375949262e-07, "max": 0.0131015591323, "mean": 0.00132550287526, "median": 0.00104353646748, "min": 7.15382548343e-21, "var": 1.35111531563e-06}, "spectral_energyband_low": {"dmean": 0.00653267046437, "dmean2": 0.0107418578118, "dvar": 0.000116690418508, "dvar2": 0.00029829912819, "max": 0.1190309003, "mean": 0.00918915029615, "median": 0.00545286526904, "min": 1.09324162332e-23, "var": 0.000129857391585}, "spectral_energyband_middle_high": {"dmean": 0.00364071666263, "dmean2": 0.00545285176486, "dvar": 1.93650048459e-05, "dvar2": 4.30659056292e-05, "max": 0.0507517307997, "mean": 0.0106155760586, "median": 0.00909069180489, "min": 1.20839566338e-21, "var": 5.06865362695e-05}, "spectral_energyband_middle_low": {"dmean": 0.00317393057048, "dmean2": 0.00496977800503, "dvar": 2.31041522056e-05, "dvar2": 5.84636291023e-05, "max": 0.0956359282136, "mean": 0.0071917953901, "median": 0.00457956455648, "min": 1.75180864475e-22, "var": 5.8985191572e-05}, "spectral_entropy": {"dmean": 0.0998517945409, "dmean2": 0.153121009469, "dvar": 0.00936956517398, "dvar2": 0.020122371614, "max": 9.82016944885, "mean": 7.64102745056, "median": 7.69631910324, "min": 6.48975515366, "var": 0.0976241081953}, "spectral_flux": {"dmean": 0.0229734461755, "dmean2": 0.0344183668494, "dvar": 0.00067197548924, "dvar2": 0.00130634335801, "max": 0.336052507162, "mean": 0.106644198298, "median": 0.0999361798167, "min": 6.36876731908e-11, "var": 0.00193166686222}, "spectral_kurtosis": {"dmean": 4.96819353104, "dmean2": 7.81396579742, "dvar": 54.5692520142, "dvar2": 134.146896362, "max": 121.833366394, "mean": 26.8401699066, "median": 22.5218505859, "min": -1.2621152401, "var": 246.377090454}, "spectral_rms": {"dmean": 0.00091311353026, "dmean2": 0.00131365051493, "dvar": 9.38445793963e-07, "dvar2": 2.01142734113e-06, "max": 0.0128303719684, "mean": 0.00532339792699, "median": 0.00514052296057, "min": 3.1107440842e-12, "var": 3.23907806887e-06}, "spectral_rolloff": {"dmean": 4124.04052734, "dmean2": 7770.74316406, "dvar": 42754456, "dvar2": 98849440, "max": 21985.4003906, "mean": 12735.3310547, "median": 18744.6523438, "min": 64.599609375, "var": 73812976}, "spectral_skewness": {"dmean": 0.32912376523, "dmean2": 0.508364439011, "dvar": 0.168294459581, "dvar2": 0.389708310366, "max": 9.10882854462, "mean": 3.33132648468, "median": 3.04014062881, "min": -0.0782969817519, "var": 1.33661139011}, "spectral_spread": {"dmean": 308421.78125, "dmean2": 495421.28125, "dvar": 266849222656, "dvar2": 566691627008, "max": 43404616, "mean": 