{"lowlevel": {"average_loudness": 0.78900873661, "barkbands": {"dmean": [2.01040093089e-05, 0.00321599771269, 0.0013117530616, 0.000474213418784, 0.000575682031922, 0.000309452938382, 0.000274413643638, 0.000525465002283, 0.000684730417561, 0.000328200287186, 0.000235581101151, 0.000291515869321, 0.000349795969669, 0.000373219139874, 0.00037627882557, 0.000355866621248, 0.000335557706421, 0.000275901344139, 0.000209342280868, 0.00020313441928, 0.00025503593497, 0.000110175962618, 4.82109280711e-05, 2.78330116998e-05, 1.60478102771e-05, 2.22229255087e-06, 5.87457407164e-08], "dmean2": [3.46351698681e-05, 0.00502266874537, 0.00205426802859, 0.000778654648457, 0.00090957491193, 0.000501733040437, 0.000428915955126, 0.00079357548384, 0.00105147319846, 0.000516819942277, 0.000372727023205, 0.000469178514322, 0.000561976630706, 0.000580240041018, 0.000579057494178, 0.000554685131647, 0.000504513736814, 0.000418677751441, 0.000324878521496, 0.000302127649775, 0.000378449680284, 0.000162261450896, 7.27068691049e-05, 4.28492930951e-05, 2.51037781709e-05, 3.38029485647e-06, 1.00736627928e-07], "dvar": [3.15252512983e-09, 3.60513477062e-05, 3.55457268597e-06, 3.86075925007e-07, 6.68565292017e-07, 7.57367956794e-07, 7.94578852492e-07, 1.80703943897e-06, 5.23857306689e-06, 2.05148990062e-06, 1.70963721757e-06, 1.26583745441e-06, 1.23925781281e-06, 1.42407441217e-06, 1.10463099645e-06, 2.81668849311e-06, 9.17162537917e-07, 5.46993078387e-07, 2.25936844345e-07, 1.82298492746e-07, 3.86582257761e-07, 5.18479339462e-08, 1.39607596594e-08, 4.40541159108e-09, 1.12066944613e-09, 2.2517571141e-11, 2.29770815953e-14], "dvar2": [6.79311895624e-09, 8.17779728095e-05, 8.2707429101e-06, 1.02699186755e-06, 1.77836216153e-06, 1.8824802055e-06, 1.70728924331e-06, 3.86161946153e-06, 1.1234136764e-05, 4.70050781587e-06, 3.78938511858e-06, 3.11897451866e-06, 3.05902199216e-06, 3.37785490956e-06, 2.4774042231e-06, 7.10983567842e-06, 1.92989568859e-06, 1.18523337278e-06, 5.00981400364e-07, 3.66295950016e-07, 7.4981716125e-07, 1.0812843243e-07, 3.56310110305e-08, 1.15510987442e-08, 2.80834622224e-09, 5.39232131169e-11, 5.96936915046e-14], "max": [0.00287991110235, 0.0883354991674, 0.0250058919191, 0.0113401524723, 0.0116561502218, 0.0239537023008, 0.0333900339901, 0.0268352292478, 0.057970829308, 0.0390393435955, 0.0433971807361, 0.0412571206689, 0.0281141661108, 0.0479525476694, 0.0338079631329, 0.0747041925788, 0.0234971214086, 0.0210375413299, 0.013318343088, 0.00798828154802, 0.0172619149089, 0.00594365224242, 0.00526395440102, 0.00258147041313, 0.000372192327632, 7.35878711566e-05, 2.99642942991e-06], "mean": [2.60634733422e-05, 0.00483057880774, 0.00249402294867, 0.000894287251867, 0.00112362916116, 0.000490049424116, 0.000472945015645, 0.000760813360102, 0.00104280177038, 0.00049212545855, 0.000299238978187, 0.000363322731573, 0.000469575199531, 0.000534329563379, 0.000556447543204, 0.000507943797857, 0.000536550884135, 0.000468704296509, 0.000407034211094, 0.000407607643865, 0.000527034513652, 0.000193967862288, 8.136589895e-05, 4.07751795137e-05, 2.01257935259e-05, 2.8259426017e-06, 5.56693535714e-08], "median": [1.61528932949e-05, 0.00177359685767, 0.000913688447326, 0.000623547239229, 0.000717972579878, 0.000246701994911, 0.000178505608346, 0.000204438169021, 0.000203409261303, 0.000114354414109, 5.40855835425e-05, 8.91712479643e-05, 7.25013233023e-05, 0.000108731910586, 0.000105059465568, 9.76447263383e-05, 0.000116699549835, 0.000123483216157, 0.000174041459104, 0.000129498163005, 0.000164702214533, 7.20975585864e-05, 3.16026671499e-05, 1.18049701996e-05, 3.54334792974e-06, 5.05759146563e-07, 1.33243185374e-08], "min": [5.22874609439e-25, 1.5263227893e-24, 8.55627725656e-25, 2.72306575398e-25, 6.67068196747e-24, 8.37545298215e-24, 6.65974125558e-24, 7.41650419943e-24, 1.76066496525e-23, 6.96759422384e-24, 9.06306043474e-24, 2.45166657077e-23, 3.47318227847e-23, 3.46514189258e-23, 4.26742763268e-23, 6.13330518567e-23, 4.73170446093e-23, 7.88989079341e-23, 1.33213249747e-22, 1.47409691571e-22, 2.33540264129e-22, 2.58663729533e-22, 3.74267268847e-22, 6.22995036533e-22, 9.04692141347e-22, 1.2912320664e-21, 1.99377770463e-21], "var": [3.85536225167e-09, 6.29480782663e-05, 9.34635136218e-06, 8.58577664076e-07, 1.4934379351e-06, 9.36652668315e-07, 2.20683864427e-06, 3.14689054903e-06, 1.0105288311e-05, 3.65867958863e-06, 2.46930630965e-06, 1.36905543968e-06, 1.70976522895e-06, 2.49570348387e-06, 2.0321442662e-06, 2.9497136893e-06, 1.70679891198e-06, 1.17012177725e-06, 5.35572553417e-07, 5.33527781954e-07, 1.39041526381e-06, 1.20021013572e-07, 1.95168556871e-08, 5.167398065e-09, 1.32691269084e-09, 2.94510700549e-11, 2.12647706111e-14]}, "barkbands_crest": {"dmean": 2.82592272758, "dmean2": 4.56219816208, "dvar": 7.15191364288, "dvar2": 17.8328399658, "max": 26.3133583069, "mean": 9.88995265961, "median": 9.1529378891, "min": 2.2222225666, "var": 19.7080097198}, "barkbands_flatness_db": {"dmean": 0.023460265249, "dmean2": 0.0338467173278, "dvar": 0.000527498254087, "dvar2": 0.00103173055686, "max": 0.490227520466, "mean": 0.141997307539, "median": 0.133131027222, "min": 0.0335479229689, "var": 0.00345029286109}, "barkbands_kurtosis": {"dmean": 4.14909791946, "dmean2": 5.96458101273, "dvar": 348.061920166, "dvar2": 594.341003418, "max": 1653.92114258, "mean": 6.26059293747, "median": 0.758704960346, "min": -1.90504705906, "var": 1068.39440918}, "barkbands_skewness": {"dmean": 0.639353811741, "dmean2": 0.92761272192, "dvar": 0.602003097534, "dvar2": 1.1491638422, "max": 35.2092208862, "mean": 1.43881618977, "median": 1.1463778019, "min": -2.1677210331, "var": 3.43658733368}, "barkbands_spread": {"dmean": 6.90441656113, "dmean2": 10.3278369904, "dvar": 59.6344871521, "dvar2": 134.584960938, "max": 108.007904053, "mean": 27.6810684204, "median": 26.4910907745, "min": 0.150350615382, "var": 237.885421753}, "dissonance": {"dmean": 0.0141294104978, "dmean2": 0.0234016031027, "dvar": 0.000321343599353, "dvar2": 0.000860063999426, "max": 0.499975293875, "mean": 0.473800957203, "median": 0.482348412275, "min": 0.0500307902694, "var": 0.00066967040766}, "dynamic_complexity": 4.26701211929, "erbbands": {"dmean": [0.0554179400206, 0.84516274929, 1.60271465778, 1.54788267612, 1.57185900211, 2.31691050529, 2.00323438644, 2.8835272789, 3.93859148026, 4.55350923538, 14.722117424, 16.3524894714, 10.5708713531, 9.626953125, 9.46355724335, 12.0279903412, 15.6015853882, 16.1940498352, 19.0964374542, 19.3025836945, 17.0526390076, 17.40026474, 14.9412927628, 11.7118225098, 8.88941574097, 9.84953594208, 11.9070558548, 7.57987308502, 4.07585096359, 2.16982316971, 1.30339694023, 0.655844926834, 0.443152397871, 0.240534603596, 0.0892008394003, 0.0165419690311, 0.00313255493529, 0.000334388198098, 1.05475965029e-05, 8.07260767033e-06], "dmean2": [0.0807666480541, 1.33168303967, 2.53091716766, 2.46098327637, 2.59097075462, 3.57334756851, 3.22234392166, 4.6449213028, 6.17065668106, 6.94694566727, 22.1431045532, 25.0776576996, 16.1069355011, 14.7800827026, 14.5282535553, 19.3831539154, 24.6367359161, 25.061296463, 28.9095020294, 28.8684005737, 25.8526325226, 25.6818771362, 22.4285736084, 17.9251041412, 13.6178750992, 14.7532939911, 17.7020893097, 11.1433458328, 5.99116134644, 3.23517346382, 1.97371602058, 0.995272040367, 0.695638656616, 0.378645986319, 0.140510380268, 0.0253506284207, 0.00475473655388, 0.000513599428814, 1.49235729623e-05, 1.07633786683e-05], "dvar": [0.0134774046019, 2.38730835915, 5.51006889343, 4.51581144333, 5.91859340668, 9.17836475372, 12.2835664749, 88.5153656006, 225.266357422, 120.223213196, 1562.24279785, 2966.59399414, 1711.11376953, 1999.51867676, 2532.01416016, 2362.66601563, 2362.28051758, 2420.11572266, 3001.46533203, 3452.32568359, 7056.83251953, 2784.77075195, 1611.71777344, 836.981140137, 382.933013916, 443.67300415, 666.164489746, 449.775115967, 65.9975204468, 18.2808074951, 12.6133680344, 2.262165308, 1.16293489933, 0.273620665073, 0.0400042012334, 0.00121730635874, 4.6580167691e-05, 5.60151647733e-07, 3.39431482921e-10, 1.04897472653e-10], "dvar2": [0.0270124208182, 5.56396198273, 13.2396917343, 11.3171701431, 16.2540378571, 23.3190689087, 29.5581302643, 221.762069702, 488.43560791, 242.022338867, 3482.63232422, 6271.10986328, 3509.87304688, 4319.00878906, 5967.78466797, 6183.33837891, 5748.80957031, 5710.09667969, 6923.79589844, 7035.22314453, 18365.4550781, 5774.25439453, 3449.23242188, 1858.80456543, 852.30078125, 899.632141113, 1294.08886719, 848.254211426, 139.306671143, 40.3100814819, 33.4438514709, 5.79457473755, 3.09813952446, 0.708978652954, 0.100584931672, 0.00295786978677, 0.000109382424853, 1.29868783461e-06, 7.26379123517e-10, 1.84112433632e-10], "max": [2.34016919136, 21.9544658661, 27.3035488129, 26.9072399139, 36.5605926514, 64.9697875977, 126.54334259, 277.346008301, 589.437744141, 326.912872314, 1019.33148193, 1386.23388672, 1288.59216309, 1707.79980469, 1853.35583496, 1977.73193359, 1101.63391113, 2022.08984375, 1817.99047852, 1729.29516602, 4165.37402344, 1524.61828613, 1237.68566895, 683.610046387, 580.527526855, 346.681304932, 574.922973633, 801.063415527, 206.664779663, 120.770248413, 170.858932495, 56.6290016174, 41.3464355469, 9.76669788361, 3.04402804375, 0.438232302666, 0.139819204807, 0.0187456477433, 0.000353590148734, 0.000213986335439], "mean": [0.0847889855504, 1.27625513077, 2.96027326584, 3.16848373413, 2.77222847939, 4.47657728195, 3.71350884438, 4.49015808105, 6.41214609146, 8.21529006958, 21.2414093018, 25.7297286987, 16.6575984955, 15.0439052582, 12.4393234253, 16.1612358093, 22.2502937317, 25.4405536652, 28.4446563721, 30.7217121124, 26.4257793427, 29.3675060272, 26.5323028564, 22.978263855, 17.364616394, 20.0221710205, 24.7744846344, 16.011882782, 7.36270713806, 3.88827133179, 2.16458535194, 0.995966672897, 0.632614314556, 0.308484554291, 0.10578174144, 0.0203746035695, 0.00413627270609, 0.00045518920524, 2.24810992222e-05, 2.3365877496e-05], "median": [0.021262107417, 0.508517980576, 1.42979311943, 2.0481004715, 1.89885258675, 2.71778917313, 2.4174861908, 2.00291824341, 2.18079209328, 3.58631205559, 5.50647926331, 5.09638738632, 4.3115363121, 3.54876589775, 2.78598308563, 4.30060005188, 4.04286623001, 4.95355701447, 6.72062587738, 6.09081792831, 5.88669586182, 6.77252244949, 7.28719806671, 8.62633705139, 6.13258934021, 6.34544038773, 8.2702999115, 5.33092403412, 2.76249885559, 1.57582294941, 0.815364658833, 0.3341345191, 0.16460287571, 0.0591207072139, 0.0151797644794, 0.00327105564065, 0.00079861615086, 0.000118692893011, 1.40140973599e-05, 1.82678086276e-05], "min": [8.44924303122e-23, 4.40368562047e-22, 1.10199572007e-21, 4.22461091332e-21, 1.06451327058e-20, 2.02332336019e-20, 3.65284671026e-20, 8.46509109282e-20, 1.17581190834e-19, 1.96640270348e-19, 2.37463081144e-19, 3.670601302e-19, 3.04865324671e-19, 5.29027238167e-19, 7.38613195295e-19, 1.27153604056e-18, 1.5909260881e-18, 2.54569362327e-18, 2.1700715275e-18, 3.35319933136e-18, 3.11377128267e-18, 4.69889500897e-18, 5.91116790133e-18, 5.87237602574e-18, 6.62219498509e-18, 7.19338677271e-18, 8.19347956615e-18, 1.07364445274e-17, 9.87467370314e-18, 1.14002660679e-17, 9.94646884441e-18, 1.13903382462e-17, 9.74739707665e-18, 8.46248283725e-18, 6.25234516243e-18, 4.03417142795e-18, 2.05072177281e-18, 9.49698365584e-19, 2.59940576917e-19, 2.67834975425e-20], "var": [0.0265972148627, 4.04429626465, 12.048169136, 11.3167724609, 9.0295753479, 28.3916549683, 22.5396060944, 104.816223145, 605.05078125, 255.326278687, 2558.95117188, 6045.20751953, 3976.23339844, 3756.15063477, 3089.35131836, 2267.97412109, 3350.89404297, 4893.86474609, 5522.36914063, 6536.82226563, 7009.46435547, 5349.80273438, 3539.52905273, 1810.60681152, 933.644775391, 1288.21691895, 2382.72631836, 1667.65087891, 167.176345825, 38.9295654297, 15.152879715, 2.94271636009, 1.2908103466, 0.310730844736, 0.0429269187152, 0.00148924859241, 6.58506978652e-05, 8.14596660348e-07, 6.90633661371e-10, 4.18820922388e-10]}, "erbbands_crest": {"dmean": 2.33586096764, "dmean2": 3.74761819839, "dvar": 6.05030345917, "dvar2": 14.2996168137, "max": 28.5224456787, "mean": 8.05490684509, "median": 6.87976837158, "min": 2.41480183601, "var": 17.014913559}, "erbbands_flatness_db": {"dmean": 0.0167562644929, "dmean2": 0.0238649845123, "dvar": 0.000321103347233, "dvar2": 0.000613984826487, "max": 0.3273242414, "mean": 0.163257166743, "median": 0.161260306835, "min": 0.0443584695458, "var": 0.001682134578}, "erbbands_kurtosis": {"dmean": 0.918209373951, "dmean2": 1.4075255394, "dvar": 1.76374983788, "dvar2": 3.61477422714, "max": 28.8419055939, "mean": 0.490031421185, "median": -0.181742176414, "min": -1.83385968208, "var": 5.66273212433}, "erbbands_skewness": {"dmean": 0.368038058281, "dmean2": 0.545575678349, "dvar": 0.146948963404, "dvar2": 0.302979290485, "max": 4.29818964005, "mean": -0.108577758074, "median": -0.23155811429, "min": -3.60318088531, "var": 0.833837628365}, "erbbands_spread": {"dmean": 8.73382282257, "dmean2": 13.2892389297, "dvar": 107.810371399, "dvar2": 231.654785156, "max": 148.504379272, "mean": 42.1544532776, "median": 39.0325279236, "min": 5.00079059601, "var": 395.112365723}, "gfcc": {"cov": [[36182.7890625, 1762.37597656, -4389.91748047, 1670.64367676, -1424.97143555, 588.508850098, -818.270568848, 167.858978271, -279.076080322, 13.8094806671, -474.035827637, -254.579421997, -181.783966064], [1762.37597656, 1349.49743652, 5.48286533356, -93.8846588135, 134.931884766, -163.989349365, 258.665557861, -72.2705764771, 13.6644906998, -32.3353500366, 37.3747253418, -40.2684936523, -9.66007137299], [-4389.91748047, 5.48286533356, 1484.78063965, -22.8129444122, 221.499832153, 58.3747291565, 151.190917969, 59.0046272278, -31.6101837158, 39.5957832336, 43.3250808716, 45.0936813354, 20.5704345703], [1670.64367676, -93.8846588135, -22.8129444122, 517.673339844, 29.414276123, 79.8529052734, -20.9900817871, 15.6930217743, -7.90318059921, 20.6850681305, -20.841299057, -44.8640632629, 4.07723522186], [-1424.97143555, 134.931884766, 221.499832153, 29.414276123, 426.743621826, 20.8412742615, 123.264045715, -12.7186422348, 53.745639801, 24.4494628906, 43.1163444519, -21.6344776154, 5.04185962677], [588.508850098, -163.989349365, 58.3747291565, 79.8529052734, 20.8412742615, 254.637023926, -20.3286838531, 48.042175293, -26.5365142822, 0.0423555150628, 1.47193336487, -9.06590843201, -19.0160522461], [-818.270568848, 258.665557861, 151.190917969, -20.9900817871, 123.264045715, -20.3286838531, 256.83114624, 6.51174592972, 31.0994205475, -5.59744358063, 50.8920593262, -4.83390378952, 7.05371522903], [167.858978271, -72.2705764771, 59.0046272278, 15.6930217743, -12.7186422348, 48.042175293, 6.51174592972, 121.45816803, 25.8312320709, 23.9044361115, -13.3156509399, 6.05166912079, 6.22468566895], [-279.076080322, 13.6644906998, -31.6101837158, -7.90318059921, 53.745639801, -26.5365142822, 31.0994205475, 25.8312320709, 159.187698364, 17.5612258911, 8.60683345795, -4.69647741318, 13.6765108109], [13.8094806671, -32.3353500366, 39.5957832336, 20.6850681305, 24.4494628906, 0.0423555150628, -5.59744358063, 23.9044361115, 17.5612258911, 105.921134949, 25.0206108093, 2.32070183754, -0.581587791443], [-474.035827637, 37.3747253418, 43.3250808716, -20.841299057, 43.1163444519, 1.47193336487, 50.8920593262, -13.3156509399, 8.60683345795, 25.0206108093, 95.0479507446, 24.3237094879, -1.51155793667], [-254.579421997, -40.2684936523, 45.0936813354, -44.8640632629, -21.6344776154, -9.06590843201, -4.83390378952, 6.05166912079, -4.69647741318, 2.32070183754, 24.3237094879, 77.51222229, 23.4441986084], [-181.783966064, -9.66007137299, 20.5704345703, 4.07723522186, 5.04185962677, -19.0160522461, 7.05371522903, 6.22468566895, 13.6765108109, -0.581587791443, -1.51155793667, 23.4441986084, 64.7885284424]], "icov": [[0.000167912745383, -0.000484258722281, 0.000439606199507, -0.000516046537086, 0.000361658487236, -0.000562255911063, 0.000377912976546, -0.000327400572132, 0.000145976693602, -0.000352759670932, 0.00048651517136, -0.000363303668564, 0.000197799294256], [-0.000484258722281, 0.00245117745362, -0.00119958084542, 0.00159044051543, -0.00115330482367, 0.002167847706, -0.00212349183857, 0.00126388226636, -0.00023340259213, 0.00113919842988, -0.00134712131694, 0.00149411824532, -0.000389276538044], [0.000439606199507, -0.00119958084542, 0.00197816872969, -0.00129761977587, 0.000530657009222, -0.00154612376355, 0.000545502232853, -0.00121720146853, 0.000825055991299, -0.00116447440814, 0.0014170166105, -0.00148251606151, 0.000455537636299], [-0.000516046537086, 0.00159044051543, -0.00129761977587, 0.00380618893541, -0.00123496667948, 0.00109354325105, -0.00113503646571, 0.00105022429489, -0.000249587639701, 0.000560499436688, -0.00127287080977, 0.00253754295409, -0.0014887858415], [0.000361658487236, -0.00115330482367, 0.000530657009222, -0.00123496667948, 0.00402429467067, -0.00179205113091, -0.000199263813556, 0.000318863632856, -0.000753973901737, -0.0013535983162, 0.00044166322914, 0.000313491444103, -5.2205130487e-05], [-0.000562255911063, 0.002167847706, -0.00154612376355, 0.00109354325105, -0.00179205113091, 0.00715766567737, -0.000987313687801, -0.00130843720399, 0.00066164782038, 0.00226190080866, -0.00276348553598, 0.00178351381328, 0.000812013342511], [0.000377912976546, -0.00212349183857, 0.000545502232853, -0.00113503646571, -0.000199263813556, -0.000987313687801, 0.00741127273068, -0.00230708229356, -0.000198344539967, 0.000839415122755, -0.0022819719743, 0.000427643477451, -0.000376123731257], [-0.000327400572132, 0.00126388226636, -0.00121720146853, 0.00105022429489, 0.000318863632856, -0.00130843720399, -0.00230708229356, 0.0119259720668, -0.00250897579826, -0.00236656609923, 0.00249157194048, -0.000851061427966, -0.000838809763081], [0.000145976693602, -0.00023340259213, 0.000825055991299, -0.000249587639701, -0.000753973901737, 0.00066164782038, -0.000198344539967, -0.00250897579826, 0.00775879900903, -0.000882178603206, -0.000201351649594, 0.000727973063476, -0.00126982433721], [-0.000352759670932, 0.00113919842988, -0.00116447440814, 0.000560499436688, -0.0013535983162, 0.00226190080866, 0.000839415122755, -0.00236656609923, -0.000882178603206, 0.0124376853928, -0.00542744295672, 0.00186124327593, -8.25171737233e-05], [0.00048651517136, -0.00134712131694, 0.0014170166105, -0.00127287080977, 0.00044166322914, -0.00276348553598, -0.0022819719743, 0.00249157194048, -0.000201351649594, -0.00542744295672, 0.017358712852, -0.00741639034823, 0.00304043851793], [-0.000363303668564, 0.00149411824532, -0.00148251606151, 0.00253754295409, 0.000313491444103, 0.00178351381328, 0.000427643477451, -0.000851061427966, 0.000727973063476, 0.00186124327593, -0.00741639034823, 0.0197622068226, -0.00741237355396], [0.000197799294256, -0.000389276538044, 0.000455537636299, -0.0014887858415, -5.2205130487e-05, 0.000812013342511, -0.000376123731257, -0.000838809763081, -0.00126982433721, -8.25171737233e-05, 0.00304043851793, -0.00741237355396, 0.0192652381957]], "mean": [-67.2043075562, 98.2099533081, -128.540100098, 56.9456977844, -56.9106063843, 10.5813550949, -24.6410694122, 5.43925762177, -18.4676322937, 2.10857367516, -16.7103309631, -8.43487358093, -9.17136287689]}, "hfc": {"dmean": 6.27556419373, "dmean2": 8.37170886993, "dvar": 125.937698364, "dvar2": 211.062942505, "max": 282.084411621, "mean": 17.8176784515, "median": 9.91307258606, "min": 1.03393334787e-16, "var": 525.145324707}, "melbands": {"dmean": [0.000729884020984, 0.000931132060941, 0.000252002442721, 0.000132123735966, 7.76020679041e-05, 6.39659265289e-05, 5.70495030843e-05, 5.56769336981e-05, 0.000130741027533, 0.000101049758086, 5.33845413884e-05, 4.1231578507e-05, 3.28110436385e-05, 2.98705781461e-05, 3.79136581614e-05, 3.3932243241e-05, 3.22976593452e-05, 3.28241621901e-05, 2.79977921309e-05, 2.87156781269e-05, 1.92418665392e-05, 1.9734738089e-05, 1.7707605366e-05, 1.3781562302e-05, 9.97796450974e-06, 7.76813612902e-06, 6.53610459267e-06, 6.8110302891e-06, 8.0490090113e-06, 6.47366414341e-06, 4.0093559619e-06, 2.56541306953e-06, 1.77645017629e-06, 1.11141298476e-06, 8.38366645439e-07, 5.39181598924e-07, 3.79378775506e-07, 3.26321668354e-07, 2.82702501408e-07, 1.85439304801e-07], "dmean2": [0.00110322528053, 0.00145722588059, 0.000396621820983, 0.000211200109334, 0.00012108595547, 0.000102555015474, 8.8978347776e-05, 8.45051472425e-05, 0.000196700289962, 0.000153675631736, 8.28787015053e-05, 6.36309923721e-05, 5.12003753101e-05, 4.75764936709e-05, 6.10930728726e-05, 5.40577493666e-05, 5.05093266838e-05, 5.07297263539e-05, 4.33437344327e-05, 4.45208061137e-05, 2.97740152746e-05, 2.98870436382e-05, 2.70847449428e-05, 2.09480058402e-05, 1.55234520207e-05, 1.21262946777e-05, 9.97427105176e-06, 1.03078000393e-05, 1.20569220599e-05, 9.73431360762e-06, 5.9939111452e-06, 3.86276997233e-06, 2.66895881396e-06, 1.71400643012e-06, 1.29470413412e-06, 8.26429356948e-07, 5.89009232499e-07, 5.15465558237e-07, 4.5398675752e-07, 2.95301447295e-07], "dvar": [2.00556564778e-06, 2.11094993574e-06, 1.02582660588e-07, 4.05795432812e-08, 1.27318005028e-08, 4.12611669276e-08, 4.25270521021e-08, 1.76963492748e-08, 1.3432469359e-07, 1.22751416143e-07, 4.5283496064e-08, 3.65018522075e-08, 3.25584075256e-08, 1.46476022422e-08, 1.7592075352e-08, 1.29090205192e-08, 1.06779909359e-08, 1.100526692e-08, 7.50052464582e-09, 1.53963632954e-08, 7.36107308441e-09, 4.02463307125e-09, 3.08782688307e-09, 1.44810607949e-09, 6.31637853132e-10, 3.43031131278e-10, 1.8484128117e-10, 2.09499639858e-10, 3.15211134971e-10, 2.56164006673e-10, 1.25295884779e-10, 3.10830007566e-11, 1.12328514545e-11, 5.39384249071e-12, 6.16816537083e-12, 1.46555402362e-12, 7.17541748674e-13, 5.80039326032e-13, 5.03440171495e-13, 1.616171796e-13], "dvar2": [4.23269830208e-06, 5.06782771481e-06, 2.52113608212e-07, 1.11991766971e-07, 3.02440028577e-08, 1.03321127654e-07, 9.27855268174e-08, 3.541020277e-08, 3.08812730054e-07, 2.55253183923e-07, 9.39033242275e-08, 8.07029820749e-08, 7.33540304054e-08, 3.31212035576e-08, 4.57282425259e-08, 3.2551131568e-08, 2.53418317442e-08, 2.63030202063e-08, 1.66721090267e-08, 3.72625805767e-08, 1.95112725976e-08, 8.94717278044e-09, 7.16611836538e-09, 3.12861869745e-09, 1.43579259593e-09, 7.96772481326e-10, 4.03979544261e-10, 4.35461028347e-10, 6.37811137238e-10, 4.86820972423e-10, 2.40846786959e-10, 6.59652471535e-11, 2.51021755465e-11, 1.25013055463e-11, 1.67675560936e-11, 3.75558742091e-12, 1.83533179973e-12, 1.53571187884e-12, 1.35948370616e-12, 4.19574666894e-13], "max": [0.0230249296874, 0.0156954582781, 0.00409917254001, 0.00279067410156, 0.0034486958757, 0.00602553319186, 0.00790242198855, 0.00368380174041, 0.00994548387825, 0.00880173873156, 0.00640162080526, 0.00721999118105, 0.00655450485647, 0.00382178626023, 0.00341718597338, 0.00356403295882, 0.00427990825847, 0.00328344688751, 0.00303642963991, 0.004666026216, 0.0040674530901, 0.00182091747411, 0.0019488845719, 0.000933999719564, 0.000611458381172, 0.000573341152631, 0.00029281352181, 0.000309892027872, 0.000484452990349, 0.000423081044573, 0.00042544057942, 0.000161204792676, 6.5465712396e-05, 7.05852362444e-05, 0.000124060112284, 4.82377763547e-05, 2.53400212387e-05, 2.68602689175e-05, 2.39204237005e-05, 5.03932733409e-06], "mean": [0.00111146399286, 0.00168134237174, 0.00054953439394, 0.000250228098594, 0.000156546302605, 0.00010103808745, 9.41878097365e-05, 9.47106454987e-05, 0.000184441247256, 0.000154205030412, 7.99746703706e-05, 6.17847035755e-05, 4.19905518356e-05, 3.80036581191e-05, 4.91513237648e-05, 4.67340360046e-05, 4.70434461022e-05, 4.52898384538e-05, 4.16118600697e-05, 4.10471948271e-05, 2.84310026473e-05, 3.09919960273e-05, 2.72652468993e-05, 2.26975389523e-05, 1.82345047506e-05, 1.47044784171e-05, 1.1520548469e-05, 1.32825089167e-05, 1.5828780306e-05, 1.32687409859e-05, 7.79109905125e-06, 4.29138663094e-06, 3.00874307868e-06, 1.84238274414e-06, 1.32925674734e-06, 8.22885112939e-07, 5.27784550286e-07, 4.6137620302e-07, 3.61934468174e-07, 2.2611932593e-07], "median": [0.000362728780601, 0.00090354483109, 0.000414469162934, 0.000160922718351, 0.000102743055322, 4.64148251922e-05, 3.34034157277e-05, 4.01089600928e-05, 4.39452705905e-05, 2.89876625175e-05, 1.84843320312e-05, 1.44423020174e-05, 8.38080904941e-06, 9.13709300221e-06, 9.67570485955e-06, 7.8515995483e-06, 8.27390704217e-06, 9.68806034507e-06, 8.07472861197e-06, 6.75851651977e-06, 6.28278939985e-06, 6.62627962811e-06, 5.59735644856e-06, 5.94956964051e-06, 6.92104822519e-06, 6.47892557026e-06, 3.13242958327e-06, 3.83982705898e-06, 5.28239115738e-06, 3.90141212847e-06, 2.42621194957e-06, 1.50745859173e-06, 1.12868440283e-06, 7.1695853876e-07, 4.84801944367e-07, 2.80390537455e-07, 1.5949875376e-07, 1.19274773169e-07, 7.55143290121e-08, 3.91502439356e-08], "min": [9.81064005157e-25, 1.03118950897e-24, 8.5548750563e-25, 9.97316216134e-25, 1.37711280591e-24, 2.17682261934e-24, 1.51469892386e-24, 2.13532676079e-24, 1.56565125252e-24, 2.65902706108e-24, 1.17440375505e-24, 1.86198941536e-24, 1.7202480712e-24, 2.97578311352e-24, 3.09302441011e-24, 3.84611777025e-24, 3.98750057712e-24, 1.84359041804e-24, 3.48760849338e-24, 3.11173500749e-24, 2.98217584508e-24, 2.74337778831e-24, 2.95310178477e-24, 3.7816524515e-24, 3.3494221509e-24, 2.88420937863e-24, 4.8623575762e-24, 3.84700799978e-24, 3.7887813875e-24, 5.84346033415e-24, 5.60727853457e-24, 4.90456557894e-24, 5.1843366767e-24, 6.06300032408e-24, 4.99855480592e-24, 6.02003501487e-24, 6.64879659938e-24, 5.54299228726e-24, 5.89464951829e-24, 5.31788491149e-24], "var": [3.82954340239e-06, 4.1279213292e-06, 2.80041575706e-07, 7.65751622112e-08, 3.24778106631e-08, 5.05080990365e-08, 1.15826843228e-07, 3.53270159792e-08, 2.05347319593e-07, 2.46494948897e-07, 1.00797464597e-07, 6.53905587455e-08, 4.42528609312e-08, 1.80119563709e-08, 1.75431207339e-08, 1.76223053927e-08, 1.96122478258e-08, 1.75375785005e-08, 1.29932997694e-08, 1.83596284842e-08, 7.36687821856e-09, 6.87282986078e-09, 5.03077846048e-09, 3.18670845267e-09, 1.25305055221e-09, 7.26112225902e-10, 4.47420545058e-10, 5.93215865319e-10, 1.01942077002e-09, 9.36762889481e-10, 4.41286368558e-10, 7.14450859585e-11, 2.43170050068e-11, 9.87846610068e-12, 6.4522380494e-12, 2.01083854429e-12, 8.75482087e-13, 6.74314824898e-13, 4.94827269437e-13, 1.77324626337e-13]}, "melbands_crest": {"dmean": 3.26769804955, "dmean2": 5.2227230072, "dvar": 9.59408760071, "dvar2": 22.2805137634, "max": 36.484161377, "mean": 14.1327362061, "median": 14.1338434219, "min": 1.57400035858, "var": 30.3755645752}, "melbands_flatness_db": {"dmean": 0.0320928059518, "dmean2": 0.0448066778481, "dvar": 0.00103058025707, "dvar2": 0.00196826294996, "max": 0.609314858913, "mean": 0.191894605756, "median": 0.182237103581, "min": 0.00274740369059, "var": 0.00799397192895}, "melbands_kurtosis": {"dmean": 9.94088077545, "dmean2": 14.8473329544, "dvar": 540.052368164, "dvar2": 1169.35791016, "max": 620.59588623, "mean": 18.3284187317, "median": 6.65126895905, "min": -1.80854451656, "var": 1400.52075195}, "melbands_skewness": {"dmean": 0.886478126049, "dmean2": 1.31070697308, "dvar": 1.12363517284, "dvar2": 2.29267787933, "max": 18.4049987793, "mean": 2.87912893295, "median": 2.40964412689, "min": -1.1834924221, "var": 4.90659618378}, "melbands_spread": {"dmean": 10.4149599075, "dmean2": 15.7564268112, "dvar": 166.05670166, "dvar2": 371.266387939, "max": 184.279296875, "mean": 33.2577629089, "median": 25.5205039978, "min": 0.295074671507, "var": 785.998535156}, "mfcc": {"cov": [[14915.0849609, 100.397438049, -1220.41711426, 440.316040039, -27.2690162659, 268.275024414, -275.21685791, 117.343605042, 109.497200012, 122.143531799, 22.9744129181, 116.506393433, -83.3910446167], [100.397438049, 1839.73840332, 45.2561340332, 217.027603149, -115.800460815, 51.4145050049, 139.48878479, 30.6475086212, 30.6765556335, 40.9131469727, 40.2435150146, 0.22328184545, -8.43784713745], [-1220.41711426, 45.2561340332, 900.452758789, 78.118888855, 62.1697654724, 27.5346393585, 118.44896698, 35.4562835693, 30.4535236359, -12.3694629669, -1.0381667614, -27.9054927826, 23.9031925201], [440.316040039, 217.027603149, 78.118888855, 444.427612305, 64.5836639404, 85.5749511719, 59.1165542603, -9.2102355957, 56.7592811584, 43.1435279846, 4.33037614822, 19.6920204163, -11.0186300278], [-27.2690162659, -115.800460815, 62.1697654724, 64.5836639404, 274.969604492, 84.1139526367, 36.0637016296, 4.90768098831, 33.7885932922, 30.7579708099, 7.74499034882, 15.0320606232, 16.6456356049], [268.275024414, 51.4145050049, 27.5346393585, 85.5749511719, 84.1139526367, 169.055023193, 84.524269104, 25.3628005981, 6.35281324387, 28.0637607574, 17.625831604, 13.6229114532, 1.12177038193], [-275.21685791, 139.48878479, 118.44896698, 59.1165542603, 36.0637016296, 84.524269104, 216.844024658, 36.2346343994, -3.92215585709, 17.4729175568, 22.0648384094, -6.73579788208, -1.35055971146], [117.343605042, 30.6475086212, 35.4562835693, -9.2102355957, 4.90768098831, 25.3628005981, 36.2346343994, 125.172340393, 27.987695694, 7.26990509033, 0.762246012688, 0.17131729424, 10.7942886353], [109.497200012, 30.6765556335, 30.4535236359, 56.7592811584, 33.7885932922, 6.35281324387, -3.92215585709, 27.987695694, 118.006591797, 36.7382888794, -2.02995491028, 14.6709680557, 2.71370792389], [122.143531799, 40.9131469727, -12.3694629669, 43.1435279846, 30.7579708099, 28.0637607574, 17.4729175568, 7.26990509033, 36.7382888794, 102.078933716, 38.0026931763, 1.79309284687, 3.32247209549], [22.9744129181, 40.2435150146, -1.0381667614, 4.33037614822, 7.74499034882, 17.625831604, 22.0648384094, 0.762246012688, -2.02995491028, 38.0026931763, 89.234588623, 21.3983745575, -1.91592407227], [116.506393433, 0.22328184545, -27.9054927826, 19.6920204163, 15.0320606232, 13.6229114532, -6.73579788208, 0.17131729424, 14.6709680557, 1.79309284687, 21.3983745575, 87.3849487305, 27.4584827423], [-83.3910446167, -8.43784713745, 23.9031925201, -11.0186300278, 16.6456356049, 1.12177038193, -1.35055971146, 10.7942886353, 2.71370792389, 3.32247209549, -1.91592407227, 27.4584827423, 84.318107605]], "icov": [[8.73833487276e-05, 3.10723794428e-06, 0.000109433036414, -9.36328215175e-05, 4.9326899898e-05, -0.000187234196346, 0.000162478798302, -0.00013176711218, -1.92429233721e-05, -2.95170084428e-05, 2.84473117063e-07, -4.59824113932e-05, 7.24621349946e-05], [3.10723794428e-06, 0.000643668463454, 2.95220452244e-05, -0.000310361909214, 0.000429540581536, -4.4666503527e-05, -0.000361866637832, -4.97240725963e-05, -0.000149695071741, -3.99199052481e-05, -0.000223915674724, 8.87610367499e-05, -9.2677444627e-05], [0.000109433036414, 2.95220452244e-05, 0.00143610034138, -0.000329795235302, -0.000165179706528, 3.11786061502e-05, -0.000523428781889, -0.00026717709261, -0.000503398361616, 0.000626593711786, -0.000322527979733, 0.000684643571731, -0.000519791152328], [-9.36328215175e-05, -0.000310361909214, -0.000329795235302, 0.00309112132527, -0.000277959741652, -0.000963093771134, -0.000390882894862, 0.00102474051528, -0.00106392148882, -0.000673053902574, 0.00075432943413, -0.000693728681654, 0.000607834313996], [4.9326899898e-05, 0.000429540581536, -0.000165179706528, -0.000277959741652, 0.00491788797081, -0.0024279106874, -1.863261474e-07, 0.000541837944183, -0.00118513952475, -0.000555450445972, 6.26976252533e-05, -7.26826110622e-05, -0.000820534827653], [-0.000187234196346, -4.4666503527e-05, 3.11786061502e-05, -0.000963093771134, -0.0024279106874, 0.00991822220385, -0.00313432142138, -0.0012165895896, 0.00154051254503, -0.00129326386377, 6.5700027335e-05, -0.00131508940831, 0.000559690699447], [0.000162478798302, -0.000361866637832, -0.000523428781889, -0.000390882894862, -1.863261474e-07, -0.00313432142138, 0.00709602702409, -0.00159221165814, 0.000980941113085, -0.000164226032211, -0.00107031245716, 0.000754975830205, 0.000285733869532], [-0.00013176711218, -4.97240725963e-05, -0.00026717709261, 0.00102474051528, 0.000541837944183, -0.0012165895896, -0.00159221165814, 0.00971968006343, -0.00297864503227, 0.000577989732847, -2.19766006921e-05, 0.000767748744693, -0.00146365421824], [-1.92429233721e-05, -0.000149695071741, -0.000503398361616, -0.00106392148882, -0.00118513952475, 0.00154051254503, 0.000980941113085, -0.00297864503227, 0.0120816491544, -0.00493646180257, 0.00280251656659, -0.00290128472261, 0.00139433902223], [-2.95170084428e-05, -3.99199052481e-05, 0.000626593711786, -0.000673053902574, -0.000555450445972, -0.00129326386377, -0.000164226032211, 0.000577989732847, -0.00493646180257, 0.0151178054512, -0.00703875813633, 0.00354516226798, -0.00199979706667], [2.84473117063e-07, -0.000223915674724, -0.000322527979733, 0.00075432943413, 6.26976252533e-05, 6.5700027335e-05, -0.00107031245716, -2.19766006921e-05, 0.00280251656659, -0.00703875813633, 0.0159135088325, -0.00536464666948, 0.00243607023731], [-4.59824113932e-05, 8.87610367499e-05, 0.000684643571731, -0.000693728681654, -7.26826110622e-05, -0.00131508940831, 0.000754975830205, 0.000767748744693, -0.00290128472261, 0.00354516226798, -0.00536464666948, 0.0156547147781, -0.0056419163011], [7.24621349946e-05, -9.2677444627e-05, -0.000519791152328, 0.000607834313996, -0.000820534827653, 0.000559690699447, 0.000285733869532, -0.00146365421824, 0.00139433902223, -0.00199979706667, 0.00243607023731, -0.0056419163011, 0.0144221046939]], "mean": [-683.161987305, 110.373657227, -7.17273950577, 42.6783752441, -3.94952249527, 12.70952034, 1.81561148167, 2.64314341545, 5.09376144409, 5.64861011505, 2.15255689621, 1.34894752502, -6.07590675354]}, "pitch_salience": {"dmean": 0.080489769578, "dmean2": 0.127495869994, "dvar": 0.00539930304512, "dvar2": 0.0131499143317, "max": 0.989031732082, "mean": 0.54287648201, "median": 0.548433840275, "min": 0.0665574893355, "var": 0.0183853320777}, "silence_rate_20dB": {"dmean": 0, "dmean2": 0, "dvar": 0, "dvar2": 0, "max": 1, "mean": 1, "median": 1, "min": 1, "var": 0}, "silence_rate_30dB": {"dmean": 0.000869565235917, "dmean2": 0.001739382511, "dvar": 0.000868934672326, "dvar2": 0.00202615838498, "max": 1, "mean": 0.998985648155, "median": 1, "min": 0, "var": 0.00101327570155}, "silence_rate_60dB": {"dmean": 0.0507246367633, "dmean2": 0.101463980973, "dvar": 0.0481516122818, "dvar2": 0.105375625193, "max": 1, "mean": 0.118968263268, "median": 0, "min": 0, "var": 0.104820311069}, "spectral_centroid": {"dmean": 307.293762207, "dmean2": 445.810577393, "dvar": 125302.296875, "dvar2": 243687.328125, "max": 11915.7734375, "mean": 2015.37353516, "median": 1881.7947998, "min": 136.905197144, "var": 2307620.25}, "spectral_complexity": {"dmean": 3.97188401222, "dmean2": 5.63675880432, "dvar": 23.2395515442, "dvar2": 40.2039794922, "max": 58, "mean": 18.1530208588, "median": 16, "min": 0, "var": 158.142684937}, "spectral_contrast_coeffs": {"dmean": [0.0446750223637, 0.0455421321094, 0.0379670970142, 0.0319934226573, 0.0240034367889, 0.0275747459382], "dmean2": [0.0738410130143, 0.0739305391908, 0.0606945008039, 0.050706859678, 0.0378850772977, 0.0412755385041], "dvar": [0.00147829658817, 0.00148044282105, 0.00104946224019, 0.000777646841016, 0.000526627292857, 0.000872095406521], "dvar2": [0.00389624550007, 0.00383352022618, 0.00257388991304, 0.00177161197644, 0.00117517809849, 0.00182473252062], "max": [-0.337028592825, -0.433090627193, -0.505980908871, -0.541967093945, -0.507382154465, -0.414722621441], "mean": [-0.674918889999, -0.761921525002, -0.779765486717, -0.788343131542, -0.782968759537, -0.709030032158], "median": [-0.671734333038, -0.76826685667, -0.784475266933, -0.793997049332, -0.781863570213, -0.711744964123], "min": [-0.992950260639, -0.979754030704, -0.982345402241, -0.974867999554, -0.967952549458, -0.965648949146], "var": [0.00608869222924, 0.00556809036061, 0.00459581520408, 0.00393262179568, 0.00323125720024, 0.00578364776447]}, "spectral_contrast_valleys": {"dmean": [0.432832866907, 0.365629076958, 0.35396194458, 0.339711070061, 0.330075651407, 0.47047317028], "dmean2": [0.665078997612, 0.584344506264, 0.54868298769, 0.492192089558, 0.440789908171, 0.606593310833], "dvar": [0.174748823047, 0.13134239614, 0.138934925199, 0.13951048255, 0.169629469514, 0.341244608164], "dvar2": [0.337107598782, 0.269644975662, 0.25352832675, 0.216793775558, 0.256669282913, 0.609450995922], "max": [-5.65155744553, -5.39195013046, -5.11542081833, -4.7976808548, -5.21600389481, -8.00005912781], "mean": [-7.84421062469, -7.60092401505, -8.21639919281, -8.38155841827, -8.09188842773, -11.1526184082], "median": [-7.22937250137, -7.04846429825, -7.71107244492, -7.83375787735, -7.49413633347, -10.7217092514], "min": [-28.1279201508, -28.1439533234, -27.9076633453, -27.5842590332, -27.5572013855, -27.4210109711], "var": [9.0355758667, 9.01338100433, 8.65122413635, 8.80957317352, 9.02210426331, 6.93803834915]}, "spectral_decrease": {"dmean": 1.59360535879e-09, "dmean2": 2.18286655418e-09, "dvar": 4.18876900289e-18, "dvar2": 8.0647032612e-18, "max": 7.17901460868e-28, "mean": -4.35269820187e-09, "median": -3.42332184822e-09, "min": -4.25781969682e-08, "var": 1.42059121588e-17}, "spectral_energy": {"dmean": 0.00645205378532, "dmean2": 0.00874918326735, "dvar": 6.81260280544e-05, "dvar2": 0.000127253995743, "max": 0.175664544106, "mean": 0.018044218421, "median": 0.0141937518492, "min": 9.81581063249e-21, "var": 0.000245569099206}, "spectral_energyband_high": {"dmean": 0.000475361390272, "dmean2": 0.000672811642289, "dvar": 9.53883954935e-07, "dvar2": 1.75420052528e-06, "max": 0.025492887944, "mean": 0.00109647819772, "median": 0.000477898662211, "min": 6.98370577382e-21, "var": 3.7121267269e-06}, "spectral_energyband_low": {"dmean": 0.00410502078012, "dmean2": 0.00612154277042, "dvar": 4.23909841629e-05, "dvar2": 9.23848347156e-05, "max": 0.0915827378631, "mean": 0.00786983687431, "median": 0.00438713142648, "min": 1.35423751599e-23, "var": 9.58432428888e-05}, "spectral_energyband_middle_high": {"dmean": 0.00194620504044, "dmean2": 0.00268405885436, "dvar": 1.67606012837e-05, "dvar2": 2.95852041745e-05, "max": 0.106885336339, "mean": 0.00474618934095, "median": 0.00175751873758, "min": 1.12653800325e-21, "var": 5.88006732869e-05}, "spectral_energyband_middle_low": {"dmean": 0.00191800657194, "dmean2": 0.00282152928412, "dvar": 9.7472257039e-06, "dvar2": 2.09952104342e-05, "max": 0.0639613568783, "mean": 0.00492465915158, "median": 0.00366878183559, "min": 1.79916629992e-22, "var": 2.60001597781e-05}, "spectral_entropy": {"dmean": 0.16337479651, "dmean2": 0.219300985336, "dvar": 0.037981223315, "dvar2": 0.0675403773785, "max": 9.83108520508, "mean": 7.63251876831, "median": 7.69380712509, "min": 5.51115894318, "var": 0.289329022169}, "spectral_flux": {"dmean": 0.0218181461096, "dmean2": 0.0328016579151, "dvar": 0.000529701414052, "dvar2": 0.00112396676559, "max": 0.302978515625, "mean": 0.0686323791742, "median": 0.0613853558898, "min": 6.3932262262e-11, "var": 0.0019763649907}, "spectral_kurtosis": {"dmean": 1.50981628895, "dmean2": 2.53448152542, "dvar": 3.13369631767, "dvar2": 8.10978794098, "max": 35.8084716797, "mean": 3.12099289894, "median": 2.3816742897, "min": -1.27317929268, "var": 8.1497335434}, "spectral_rms": {"dmean": 0.00072680413723, "dmean2": 0.000955424271524, "dvar": 5.9421165588e-07, "dvar2": 9.91636852632e-07, "max": 0.0130912205204, "mean": 0.00376861332916, "median": 0.00372123136185, "min": 3.09457602772e-12, "var": 3.40165797752e-06}, "spectral_rolloff": {"dmean": 640.18737793, "dmean2": 1021.6541748, "dvar": 850299.1875, "dvar2": 1831109.5, "max": 19616.7480469, "mean": 2184.02539063, "median": 1571.92382813, "min": 43.06640625, "var": 7791527}, "spectral_skewness": {"dmean": 0.227550804615, "dmean2": 0.354465186596, "dvar": 0.0569122135639, "dvar2": 0.125615373254, "max": 4.50290203094, "mean": 1.07085907459, "median": 0.993077754974, "min": -0.432828366756, "var": 0.296191364527}, "spectral_spread": {"dmean": 485302.09375, "dmean2": 723037.5, "dvar": 551849754624, "dvar2": 1077942616060.0, "max": 42096892, "mean"