{"lowlevel": {"average_loudness": 0.951799094677, "barkbands": {"dmean": [3.01027794194e-05, 0.00330329686403, 0.00153531820979, 0.00104194926098, 0.00418146280572, 0.000468082900625, 0.000615557248238, 0.00071666855365, 0.000729806895833, 0.00108602142427, 0.000512842845637, 0.000636447453871, 0.000268035277259, 0.00093744287733, 0.000723492412362, 0.000362656312063, 0.000397272524424, 0.000284073641524, 0.000131028325995, 0.000115793438454, 6.08907575952e-05, 3.89608176192e-05, 3.23104322888e-05, 2.99853873003e-05, 3.19278078678e-05, 4.71647581435e-06, 2.68771486844e-07], "dmean2": [3.96561517846e-05, 0.00456849997863, 0.0021669450216, 0.0016708560288, 0.00654133129865, 0.000706012186129, 0.000939395453315, 0.00111004209612, 0.00117163395043, 0.00172418251168, 0.000789013225585, 0.000987847102806, 0.000412506837165, 0.00146533863153, 0.00116731680464, 0.000556918617804, 0.000627405068371, 0.00044577542576, 0.000196528082597, 0.00016860741016, 8.63429813762e-05, 5.03759983985e-05, 4.28086532338e-05, 4.04518068535e-05, 4.45631267212e-05, 6.36705317447e-06, 3.92876444266e-07], "dvar": [7.86675968811e-09, 5.36710103916e-05, 1.68034384842e-05, 8.12089274405e-06, 0.000141504482599, 9.87080056802e-07, 2.35684160543e-06, 3.03397814605e-06, 3.63865478903e-06, 5.86215128351e-06, 2.17168371819e-06, 2.3433633487e-06, 6.66613914291e-07, 7.2522402661e-06, 2.54718588621e-06, 1.00496788491e-06, 1.75046136519e-06, 3.01390940649e-07, 6.95708735066e-08, 3.95960242372e-08, 1.43171776656e-08, 1.44988643314e-08, 3.77990128086e-09, 1.10247944107e-08, 3.50993474285e-08, 4.47990367025e-10, 6.02178192293e-13], "dvar2": [1.34970248311e-08, 0.000107506544737, 3.55344345735e-05, 1.86112065421e-05, 0.000297892751405, 1.95387724489e-06, 5.52441588297e-06, 7.74090858613e-06, 9.21796254261e-06, 1.47132150232e-05, 5.16868522027e-06, 5.5613272707e-06, 1.4156372572e-06, 1.65434375958e-05, 6.52261178402e-06, 2.43420845436e-06, 4.43420140073e-06, 7.3799577649e-07, 1.57298771342e-07, 8.37852525137e-08, 2.59996930652e-08, 2.27249294937e-08, 6.49519416029e-09, 2.1331715061e-08, 7.10118044367e-08, 7.85195242159e-10, 1.24154538646e-12], "max": [0.00119177252054, 0.102891385555, 0.0809727460146, 0.053184889257, 0.139224261045, 0.0311984233558, 0.0436155684292, 0.0350314602256, 0.037915084511, 0.0436154641211, 0.0252569690347, 0.0288933012635, 0.0198509022593, 0.0539882816374, 0.0263935793191, 0.0263180173934, 0.035923153162, 0.00975351966918, 0.00702235102654, 0.00489672925323, 0.00545601686463, 0.00561895640567, 0.00149114709347, 0.00472237961367, 0.00629783701152, 0.000847283983603, 1.87326277228e-05], "mean": [3.56780874426e-05, 0.00709503283724, 0.00305066350847, 0.00113026192412, 0.00435812631622, 0.000841427769046, 0.00086352461949, 0.00101075263228, 0.00103065848816, 0.00149865855929, 0.000709238054696, 0.00101302436087, 0.00039998034481, 0.00140282139182, 0.00120210635941, 0.000579597370233, 0.000611250172369, 0.000505872245412, 0.000243303424213, 0.000233930870309, 0.000113615358714, 6.61238373141e-05, 6.44601896056e-05, 5.31272999069e-05, 4.95405438414e-05, 6.91051354806e-06, 3.48765524905e-07], "median": [1.35176287586e-06, 0.00128910678905, 0.000737988972105, 0.000177579815499, 0.000844128779136, 0.000426461396273, 0.000284408451989, 0.000353643641574, 0.000276352540823, 0.000332380383043, 7.01486787875e-05, 0.000154004985234, 0.000114104746899, 0.000277564395219, 0.000339908991009, 0.000140605916386, 0.000125299891806, 0.000249695935054, 0.000126898055896, 0.000104198283225, 5.85145244258e-05, 1.90975188161e-05, 3.56050841219e-05, 2.14071533264e-05, 1.02756812339e-05, 1.26995212213e-06, 8.94002880614e-08], "min": [5.01077643071e-25, 1.01876968288e-24, 1.47144715954e-24, 1.38237726917e-24, 7.67034622809e-24, 5.44669327554e-24, 2.74665905524e-24, 5.22226865889e-24, 1.57805534083e-23, 9.98185461966e-24, 9.93041773319e-24, 1.72950275068e-23, 2.83930666648e-23, 3.15214586676e-23, 4.85924370555e-23, 4.35451314345e-23, 5.77227825923e-23, 7.78855372152e-23, 1.26412738629e-22, 1.83979995716e-22, 2.45801131592e-22, 3.44997626255e-22, 4.25254441486e-22, 5.93681672114e-22, 8.19119034703e-22, 1.26676864407e-21, 1.71409776133e-21], "var": [1.25754544555e-08, 0.000141041571624, 4.83999756398e-05, 8.44273199618e-06, 0.000150062143803, 2.1034504698e-06, 3.30336911247e-06, 3.90755349144e-06, 5.32480407855e-06, 9.38929952099e-06, 4.29448755312e-06, 5.80909909331e-06, 1.30535090648e-06, 1.24106436488e-05, 5.80871255806e-06, 2.18643367589e-06, 3.04974355458e-06, 5.93349454903e-07, 1.67106435356e-07, 1.27122987692e-07, 4.69828336236e-08, 5.25861949541e-08, 9.55630419242e-09, 2.72328133377e-08, 7.9164941269e-08, 9.65489355131e-10, 1.00134852667e-12]}, "barkbands_crest": {"dmean": 2.86507368088, "dmean2": 4.57843923569, "dvar": 7.41380310059, "dvar2": 16.9142246246, "max": 25.8797054291, "mean": 11.2708005905, "median": 10.4309778214, "min": 2.91074824333, "var": 22.4949302673}, "barkbands_flatness_db": {"dmean": 0.0221619326621, "dmean2": 0.0325236953795, "dvar": 0.00050808355445, "dvar2": 0.00102010648698, "max": 0.491304725409, "mean": 0.159026995301, "median": 0.15087787807, "min": 0.0527021437883, "var": 0.00281579745933}, "barkbands_kurtosis": {"dmean": 3.80983018875, "dmean2": 5.9599571228, "dvar": 192.981521606, "dvar2": 490.149810791, "max": 596.93737793, "mean": 4.70891284943, "median": 0.598297834396, "min": -1.9529761076, "var": 497.833862305}, "barkbands_skewness": {"dmean": 0.670492649078, "dmean2": 0.983244240284, "dvar": 0.636305570602, "dvar2": 1.31002998352, "max": 18.4988174438, "mean": 1.07117938995, "median": 0.893018901348, "min": -8.77583503723, "var": 3.02829694748}, "barkbands_spread": {"dmean": 5.92106246948, "dmean2": 8.95937728882, "dvar": 44.0005531311, "dvar2": 86.8665771484, "max": 122.965690613, "mean": 21.8719081879, "median": 20.9164657593, "min": 0.175972983241, "var": 136.066482544}, "dissonance": {"dmean": 0.0214133355767, "dmean2": 0.0362346209586, "dvar": 0.000439916970208, "dvar2": 0.00121912243776, "max": 0.499992161989, "mean": 0.458857774734, "median": 0.463915497065, "min": 0.29662373662, "var": 0.000739671755582}, "dynamic_complexity": 3.21824765205, "erbbands": {"dmean": [0.0534473843873, 0.883598327637, 2.08575057983, 2.44118452072, 14.8460121155, 9.61240005493, 4.012362957, 3.74598789215, 6.13955879211, 13.985657692, 15.8650331497, 16.5737113953, 32.3811683655, 23.9818134308, 17.0513916016, 28.9595737457, 12.5054321289, 48.2639884949, 24.7628536224, 40.0678367615, 22.129404068, 15.3349399567, 12.8445320129, 11.5695505142, 5.33227777481, 5.37653064728, 3.43841123581, 1.56616508961, 1.40303659439, 1.26471543312, 0.875317692757, 0.672227799892, 0.504958927631, 0.426895797253, 0.212897971272, 0.0393327511847, 0.00558029767126, 0.0005707173259, 5.2195689932e-05, 1.45532103488e-05], "dmean2": [0.0798823088408, 1.20693981647, 2.79416131973, 3.91721582413, 23.2483959198, 15.2223348618, 6.27891016006, 5.6911687851, 9.32699966431, 21.5438556671, 24.6125488281, 26.1633319855, 51.0510902405, 37.4130249023, 26.5879974365, 44.7240371704, 19.0960178375, 75.2177658081, 38.3591117859, 65.0584716797, 33.8341178894, 23.6697769165, 19.5971736908, 18.1783809662, 7.6372551918, 7.81208515167, 5.00154924393, 2.03656435013, 1.81019163132, 1.63683104515, 1.16759085655, 0.89553964138, 0.711781680584, 0.629563212395, 0.28691855073, 0.0526477843523, 0.00749273877591, 0.000769685779233, 7.45430297684e-05, 2.07686007343e-05], "dvar": [0.0162938795984, 3.82224297523, 28.1267757416, 35.0335731506, 1958.85644531, 686.178833008, 92.7147674561, 70.6920394897, 211.757400513, 1106.99645996, 1929.20959473, 1933.11096191, 6250.65185547, 2746.91113281, 1671.15808105, 4969.54638672, 1229.27832031, 20576.3242188, 3625.56396484, 7542.86572266, 4003.87963867, 2615.46557617, 760.076049805, 496.797393799, 147.903625488, 97.5283355713, 34.368888855, 23.8643684387, 20.8560466766, 10.0845584869, 2.37472462654, 3.23409891129, 6.34022808075, 9.09960365295, 2.10722661018, 0.0361069999635, 0.000323786400259, 2.38327129409e-06, 1.93487572631e-08, 5.12903775007e-10], "dvar2": [0.0380760841072, 7.51855945587, 54.7246856689, 82.7823867798, 4215.39599609, 1491.27368164, 175.817428589, 148.055084229, 462.502349854, 2687.74707031, 4978.61083984, 4807.75097656, 15658.1962891, 6805.55859375, 4112.64990234, 11574.4501953, 2678.15673828, 47065.3320312, 8429.51074219, 19595.8847656, 10254.9599609, 6167.09326172, 1841.4309082, 1212.16381836, 302.854370117, 203.19241333, 74.404624939, 33.074798584, 34.1031837463, 16.7830085754, 4.04504871368, 5.87035322189, 13.7835569382, 21.0532226562, 4.33479547501, 0.0636164471507, 0.000605299312156, 4.3464965529e-06, 3.95617263393e-08, 1.01309149958e-09], "max": [1.91856455803, 28.2143783569, 100.757926941, 98.2123184204, 451.421112061, 357.566375732, 408.059295654, 231.643539429, 414.182128906, 965.376464844, 862.83380127, 786.221435547, 1616.546875, 770.593078613, 714.993591309, 1424.24914551, 884.942687988, 2832.69360352, 1725.53466797, 1321.49169922, 1796.80175781, 1325.17346191, 574.053466797, 460.25692749, 354.005340576, 282.694274902, 157.919311523, 311.781005859, 214.20741272, 98.7637634277, 36.7439346313, 67.1870040894, 125.352142334, 87.9405212402, 54.7198410034, 6.95379638672, 0.63996219635, 0.0457740351558, 0.00306704617105, 0.000326338747982], "mean": [0.0984729975462, 1.9293204546, 4.48498392105, 3.21822285652, 13.9710731506, 10.9774084091, 6.64291095734, 6.63262844086, 9.57370471954, 19.5189552307, 22.8010349274, 24.4681377411, 44.9943771362, 35.3551063538, 27.4840564728, 47.0556564331, 21.415851593, 74.1144256592, 41.8989715576, 68.4140167236, 38.6618156433, 28.2374668121, 24.3006343842, 22.3088321686, 11.1244716644, 10.9434146881, 6.82536363602, 2.95255565643, 2.3959441185, 2.17629885674, 1.79964959621, 1.27832007408, 0.810294866562, 0.630373358727, 0.305077910423, 0.0593597441912, 0.00822065491229, 0.000826326897368, 8.15129606053e-05, 3.69781919289e-05], "median": [0.0204197149724, 0.352245032787, 1.35479283333, 0.858690559864, 1.44533443451, 2.82615375519, 3.27723407745, 3.14732503891, 3.96799588203, 6.97368717194, 8.53155231476, 7.93157339096, 12.2863149643, 7.1288022995, 6.55512952805, 8.73773384094, 8.87861442566, 16.0351047516, 16.0398139954, 21.3384399414, 11.0189771652, 6.63801431656, 10.3010406494, 13.1387491226, 5.24779653549, 4.67237281799, 4.15293836594, 1.21485972404, 0.686249017715, 0.856720268726, 1.03414988518, 0.632367968559, 0.234766498208, 0.13772444427, 0.0564736612141, 0.0104901427403, 0.00165199872572, 0.000199983944185, 3.29471622535e-05, 2.92748827633e-05], "min": [5.21489848923e-23, 3.90182190511e-22, 1.91188359282e-21, 8.49408748914e-21, 9.39289273389e-21, 2.25402613329e-20, 5.06622534289e-20, 5.8868137137e-20, 9.63348629299e-20, 2.32169409567e-19, 2.31680158084e-19, 3.96052009339e-19, 4.77691944063e-19, 6.00781950982e-19, 7.6162391237e-19, 7.46627489756e-19, 1.41119907634e-18, 1.6289966622e-18, 2.43166946417e-18, 3.31869783481e-18, 3.96350042514e-18, 3.3480311069e-18, 5.579011872e-18, 5.83971810797e-18, 5.01144230829e-18, 1.02309618997e-17, 1.02003462908e-17, 1.0643792027e-17, 1.15614207036e-17, 1.2543271683e-17, 1.03868291969e-17, 1.02951312629e-17, 9.88117616994e-18, 8.38265246352e-18, 6.17078887634e-18, 4.21081336622e-18, 2.3357853759e-18, 9.15923133607e-19, 2.33648046611e-19, 2.54236513896e-20], "var": [0.0312384143472, 10.4345378876, 88.2674102783, 39.232006073, 2005.10168457, 724.559753418, 177.792251587, 140.470214844, 341.133544922, 1507.86315918, 2421.3125, 2889.64135742, 8506.28222656, 5468.34619141, 3510.38769531, 12385.9511719, 2404.86499023, 35798.2460938, 7128.42773438, 17835.734375, 8677.21972656, 5757.68457031, 1817.89379883, 1050.72058105, 385.984619141, 307.115570068, 85.546081543, 92.5039520264, 77.6037445068, 25.5025215149, 6.56374740601, 8.11051845551, 12.295331955, 14.047088623, 3.94941401482, 0.081632219255, 0.000748191960156, 5.08471975991e-06, 3.3626321283e-08, 1.11451925466e-09]}, "erbbands_crest": {"dmean": 3.46427035332, "dmean2": 5.72071886063, "dvar": 10.601644516, "dvar2": 25.4363021851, "max": 32.0202484131, "mean": 11.4595251083, "median": 10.3678894043, "min": 2.58733105659, "var": 28.1104240417}, "erbbands_flatness_db": {"dmean": 0.0214850325137, "dmean2": 0.0306300390512, "dvar": 0.000427853694418, "dvar2": 0.000774882617407, "max": 0.421250134706, "mean": 0.188333332539, "median": 0.184378623962, "min": 0.0426897145808, "var": 0.00262997858226}, "erbbands_kurtosis": {"dmean": 1.59846460819, "dmean2": 2.52085399628, "dvar": 9.04466438293, "dvar2": 19.1224746704, "max": 60.6507263184, "mean": 1.44929897785, "median": 0.249675512314, "min": -1.79671299458, "var": 20.1227912903}, "erbbands_skewness": {"dmean": 0.502198338509, "dmean2": 0.768775463104, "dvar": 0.240808799863, "dvar2": 0.537316024303, "max": 5.69229364395, "mean": -0.0826813131571, "median": -0.0435614623129, "min": -7.01091337204, "var": 1.01196110249}, "erbbands_spread": {"dmean": 8.27016830444, "dmean2": 12.2783355713, "dvar": 94.0019989014, "dvar2": 182.180297852, "max": 187.013092041, "mean": 31.3078250885, "median": 27.1680278778, "min": 1.40064466, "var": 381.362182617}, "gfcc": {"cov": [[39248.171875, 2636.31713867, -4233.25, 1270.99951172, -1705.32324219, 645.836486816, -1083.6550293, 331.899078369, -658.918395996, -134.190765381, -425.019226074, -461.398223877, -336.845306396], [2636.31713867, 1176.91210938, -182.276031494, 76.5493392944, 199.291091919, 103.263923645, 89.8646392822, -39.4813766479, 72.7541503906, 17.6490879059, 37.3901405334, -129.099319458, -47.6010513306], [-4233.25, -182.276031494, 1571.23693848, 170.637329102, 212.011886597, 42.8353805542, 57.4469032288, -38.5438804626, 90.6071090698, 105.973815918, -28.3303489685, 49.6560592651, -60.6006202698], [1270.99951172, 76.5493392944, 170.637329102, 455.477539062, 27.43983078, -62.3412055969, -37.2318878174, 82.8234329224, 70.8726806641, -8.17965888977, -36.5892944336, 22.2929897308, -1.05487561226], [-1705.32324219, 199.291091919, 212.011886597, 27.43983078, 543.275512695, 141.546707153, 194.914978027, 42.5188102722, 131.891479492, 11.3249149323, 37.9003639221, 32.5091743469, 33.268699646], [645.836486816, 103.263923645, 42.8353805542, -62.3412055969, 141.546707153, 396.078552246, 140.812362671, 0.97941505909, -13.5133638382, 44.0859832764, 15.6296739578, -13.338470459, -26.1474590302], [-1083.6550293, 89.8646392822, 57.4469032288, -37.2318878174, 194.914978027, 140.812362671, 326.879699707, 56.598400116, 22.6880474091, -18.0842857361, 74.7251434326, 11.9310073853, 22.2299995422], [331.899078369, -39.4813766479, -38.5438804626, 82.8234329224, 42.5188102722, 0.97941505909, 56.598400116, 248.520767212, 88.2189254761, -12.5435695648, 10.8307189941, 49.9553604126, 53.2013969421], [-658.918395996, 72.7541503906, 90.6071090698, 70.8726806641, 131.891479492, -13.5133638382, 22.6880474091, 88.2189254761, 217.734069824, 47.6658210754, -5.35197544098, 19.3711853027, 33.9851989746], [-134.190765381, 17.6490879059, 105.973815918, -8.17965888977, 11.3249149323, 44.0859832764, -18.0842857361, -12.5435695648, 47.6658210754, 140.41835022, 40.5928268433, -9.9173374176, -17.567899704], [-425.019226074, 37.3901405334, -28.3303489685, -36.5892944336, 37.9003639221, 15.6296739578, 74.7251434326, 10.8307189941, -5.35197544098, 40.5928268433, 148.068511963, 19.8673191071, 14.1906738281], [-461.398223877, -129.099319458, 49.6560592651, 22.2929897308, 32.5091743469, -13.338470459, 11.9310073853, 49.9553604126, 19.3711853027, -9.9173374176, 19.8673191071, 124.153671265, 55.4036903381], [-336.845306396, -47.6010513306, -60.6006202698, -1.05487561226, 33.268699646, -26.1474590302, 22.2299995422, 53.2013969421, 33.9851989746, -17.567899704, 14.1906738281, 55.4036903381, 101.526626587]], "icov": [[0.000192810955923, -0.000444672128651, 0.000472991698189, -0.000681899313349, 0.000453511835076, -0.000659534882288, 0.000539992994163, -0.000511557678692, 0.000623722036835, -0.000258925458184, 0.000391923531424, -0.000173625725438, 0.000324203225318], [-0.000444672128651, 0.00222193612717, -0.000868857954629, 0.00119592912961, -0.00145791028626, 0.00132516934536, -0.0012898411369, 0.00151107099373, -0.00189093220979, 0.000779123569373, -0.00138474430423, 0.00166796962731, -0.000579023151658], [0.000472991698189, -0.000868857954629, 0.00203860620968, -0.00202173017897, 0.000755130429752, -0.00148106995039, 0.000992452725768, -0.000918560835999, 0.00142910017166, -0.00140547193587, 0.00140894192737, -0.000952805508859, 0.00159434380475], [-0.000681899313349, 0.00119592912961, -0.00202173017897, 0.00520303705707, -0.00159060815349, 0.00271558715031, -0.00150503811892, 0.000778364541475, -0.00255865999497, 0.00124994292855, -0.000923362968024, -2.68605913334e-06, -0.000508823664859], [0.000453511835076, -0.00145791028626, 0.000755130429752, -0.00159060815349, 0.00433414196596, -0.00233511463739, 3.80123892683e-05, -0.000627646048088, -0.000424003257649, 0.000197388857487, 0.000641544058453, -0.00111602048855, 0.000249708449701], [-0.000659534882288, 0.00132516934536, -0.00148106995039, 0.00271558715031, -0.00233511463739, 0.00600725784898, -0.00343762245029, 0.00132694502827, -0.000812158396002, -0.00129067280795, 7.60595939937e-05, 0.000136327449582, -8.95585326361e-05], [0.000539992994163, -0.0012898411369, 0.000992452725768, -0.00150503811892, 3.80123892683e-05, -0.00343762245029, 0.00710361916572, -0.00247835321352, 0.00166689953767, 0.00165535672568, -0.00184822746087, 0.00049724848941, 0.00032454583561], [-0.000511557678692, 0.00151107099373, -0.000918560835999, 0.000778364541475, -0.000627646048088, 0.00132694502827, -0.00247835321352, 0.00741653097793, -0.00419865688309, 0.00155882921536, -0.00140055362135, -0.000584761495702, -0.00213520391844], [0.000623722036835, -0.00189093220979, 0.00142910017166, -0.00255865999497, -0.000424003257649, -0.000812158396002, 0.00166689953767, -0.00419865688309, 0.0104096997529, -0.00492075784132, 0.00342760561034, -0.000408052379498, -0.000818242377136], [-0.000258925458184, 0.000779123569373, -0.00140547193587, 0.00124994292855, 0.000197388857487, -0.00129067280795, 0.00165535672568, 0.00155882921536, -0.00492075784132, 0.0121309598908, -0.00554288038984, 0.00146411405876, 0.000825975439511], [0.000391923531424, -0.00138474430423, 0.00140894192737, -0.000923362968024, 0.000641544058453, 7.60595939937e-05, -0.00184822746087, -0.00140055362135, 0.00342760561034, -0.00554288038984, 0.0111111085862, -0.00265290262178, 0.000218620742089], [-0.000173625725438, 0.00166796962731, -0.000952805508859, -2.68605913334e-06, -0.00111602048855, 0.000136327449582, 0.00049724848941, -0.000584761495702, -0.000408052379498, 0.00146411405876, -0.00265290262178, 0.0134573122486, -0.00634740898386], [0.000324203225318, -0.000579023151658, 0.00159434380475, -0.000508823664859, 0.000249708449701, -8.95585326361e-05, 0.00032454583561, -0.00213520391844, -0.000818242377136, 0.000825975439511, 0.000218620742089, -0.00634740898386, 0.0163931772113]], "mean": [-53.0693588257, 96.6320419312, -130.610549927, 33.3538360596, -50.8211784363, 16.5307483673, -37.0659942627, 10.8692340851, -17.2538356781, -0.805640339851, -11.1695737839, -9.28069400787, -7.06359052658]}, "hfc": {"dmean": 6.60815238953, "dmean2": 9.50351238251, "dvar": 64.4239807129, "dvar2": 128.444976807, "max": 113.754577637, "mean": 20.5006332397, "median": 19.2134342194, "min": 1.0304413222e-16, "var": 229.821868896}, "melbands": {"dmean": [0.000711847911589, 0.00114431744441, 0.00074165512342, 0.00103326025419, 0.000156931928359, 8.57571285451e-05, 0.00010155410564, 0.000151348038344, 0.000132650107844, 0.000103180085716, 0.000165141624166, 0.000102071047877, 6.64159088046e-05, 7.85886659287e-05, 4.53869361081e-05, 2.53870930464e-05, 0.000105945720861, 4.04660204367e-05, 5.5110132962e-05, 3.67064603779e-05, 3.10499417537e-05, 2.03947365662e-05, 1.35864393087e-05, 1.32606501211e-05, 9.87554358289e-06, 4.11276187151e-06, 4.64615186502e-06, 3.41797544934e-06, 2.47791149377e-06, 1.46766785747e-06, 8.38806442971e-07, 8.35149762679e-07, 7.77892637416e-07, 7.15089299774e-07, 5.35187837158e-07, 4.71460225526e-07, 4.0618445496e-07, 3.41781657198e-07, 4.23634958224e-07, 3.67821030522e-07], "dmean2": [0.00100931210909, 0.00152796250768, 0.00115186243784, 0.00162642460782, 0.000249909644481, 0.000129846695927, 0.00015445164172, 0.000234016755712, 0.000207880773814, 0.000163477874594, 0.000260931934463, 0.00015976758732, 0.000102687285107, 0.000121828648844, 6.97269279044e-05, 3.94844901166e-05, 0.000165132223628, 6.31217335467e-05, 8.8817847427e-05, 5.82677312195e-05, 4.85223026772e-05, 3.22167034028e-05, 2.1129999368e-05, 2.07934008358e-05, 1.56853056978e-05, 6.07525043961e-06, 6.9282664299e-06, 5.02672673974e-06, 3.67389520761e-06, 2.09575750887e-06, 1.10547762233e-06, 1.11951806048e-06, 1.01829664345e-06, 9.5823816082e-07, 7.28965233066e-07, 6.60271950892e-07, 5.55348606213e-07, 4.99809459598e-07, 6.17339651399e-07, 5.38734809652e-07], "dvar": [2.57568376583e-06, 6.90776187184e-06, 3.68003111362e-06, 9.12677023734e-06, 1.10935928888e-07, 3.27131353117e-08, 5.73832643624e-08, 1.12915031991e-07, 1.35908962307e-07, 6.91291575095e-08, 1.60282482398e-07, 5.42266427317e-08, 3.40015056111e-08, 3.71172745872e-08, 1.25064554268e-08, 4.26384483276e-09, 1.06900436947e-07, 1.16548939388e-08, 1.75177117256e-08, 6.15676931659e-09, 1.0043297749e-08, 4.7093093869e-09, 1.95790383906e-09, 6.99407365357e-10, 3.98483274155e-10, 1.05366403103e-10, 8.93471824304e-11, 3.8357275689e-11, 1.84570188994e-11, 7.34792868912e-12, 1.00177886819e-11, 8.44788388549e-12, 4.99453126426e-12, 2.98659426183e-12, 8.8427046718e-13, 8.88739169064e-13, 1.73730734659e-12, 2.59006900129e-12, 9.77989130652e-12, 6.89752812158e-12], "dvar2": [5.31751538801e-06, 1.33908979478e-05, 8.10954225017e-06, 1.91018443729e-05, 2.36542419429e-07, 6.84515626403e-08, 1.27462712385e-07, 2.76203678595e-07, 3.50940553062e-07, 1.72862101522e-07, 4.01394260052e-07, 1.35050029826e-07, 8.16363225908e-08, 8.90568188083e-08, 2.71693245679e-08, 9.5864809424e-09, 2.43565693836e-07, 2.69694258037e-08, 4.70494292415e-08, 1.45846827948e-08, 2.66523851877e-08, 1.14787166439e-08, 4.8127408725e-09, 1.68961156177e-09, 9.81013048573e-10, 2.15053058694e-10, 1.93867047416e-10, 8.17615142257e-11, 4.13987247261e-11, 1.39963570248e-11, 1.36964129274e-11, 1.52419691452e-11, 8.09741943636e-12, 5.44252967347e-12, 1.53858306304e-12, 1.77275295138e-12, 3.37461395633e-12, 6.23725333534e-12, 2.42161447145e-11, 1.57712645027e-11], "max": [0.0216648355126, 0.0464008152485, 0.024733806029, 0.0363038443029, 0.0108939735219, 0.0048060961999, 0.00644612358883, 0.00858468655497, 0.00705145485699, 0.00432493072003, 0.00815775804222, 0.00400606263429, 0.00308236782439, 0.00357885868289, 0.00266460422426, 0.0017261049943, 0.00644338363782, 0.00304560735822, 0.00264064199291, 0.0014191842638, 0.00222068279982, 0.00210817297921, 0.00168676499743, 0.000580626889132, 0.000383428414352, 0.000315035023959, 0.000246365176281, 0.00016755265824, 0.000110427848995, 0.000106962404971, 0.000212494764128, 0.000138836185215, 9.54420102062e-05, 4.84823503939e-05, 2.52233367064e-05, 3.21802690451e-05, 5.65706650377e-05, 6.00979547016e-05, 0.000142604636494, 7.98158798716e-05], "mean": [0.00148015934974, 0.00254475232214, 0.000855436373968, 0.0010436741868, 0.000250957062235, 0.000152583612362, 0.000154508408741, 0.000213024002733, 0.000188592646737, 0.000149304323713, 0.000226240881602, 0.000146131991642, 9.61614423431e-05, 0.000124679791043, 7.17742950656e-05, 3.94985072489e-05, 0.000157140006195, 6.03625558142e-05, 9.11498063942e-05, 6.00989624218e-05, 4.81176393805e-05, 3.23011081491e-05, 2.27927266678e-05, 2.32913316722e-05, 1.77716956387e-05, 7.49267883293e-06, 8.83305801835e-06, 6.54593259242e-06, 4.65337188871e-06, 2.61823720393e-06, 1.44278919834e-06, 1.36576159093e-06, 1.24129576307e-06, 1.19599667414e-06, 1.04980824744e-06, 9.29044631448e-07, 7.1257863965e-07, 5.38639881142e-07, 5.71881116684e-07, 5.13423401571e-07], "median": [0.000273115787422, 0.000766426790506, 0.000169873252162, 0.000165381250554, 0.000127228689962, 7.49791870476e-05, 6.08611735515e-05, 7.98977853265e-05, 7.00620439602e-05, 4.26592341682e-05, 5.64862275496e-05, 2.2263473511e-05, 1.2135423276e-05, 1.70011044247e-05, 2.01818402275e-05, 1.53137007146e-05, 2.71038406936e-05, 1.59200262715e-05, 2.44922212005e-05, 1.92865027202e-05, 9.85282986221e-06, 6.08731397733e-06, 5.95383789914e-06, 1.17825220514e-05, 9.45982083067e-06, 3.4919544305e-06, 2.71450608125e-06, 2.86684849016e-06, 2.70552982329e-06, 1.29195018417e-06, 4.25928760706e-07, 3.61062120646e-07, 3.5622622363e-07, 5.0342856639e-07, 5.87929889662e-07, 5.20575099472e-07, 3.12510280764e-07, 1.53926976054e-07, 1.27927435756e-07, 1.05979147236e-07], "min": [5.23940508434e-25, 8.18502008608e-25, 1.86700657072e-24, 1.34121578903e-24, 1.5922407954e-24, 1.14423633353e-24, 1.20032621743e-24, 1.88566352556e-24, 2.04159726626e-24, 2.22689517087e-24, 1.93531107827e-24, 2.13206600424e-24, 2.10550150769e-24, 2.59683563389e-24, 2.18317492178e-24, 3.26121527435e-24, 2.90873486695e-24, 3.09471809448e-24, 3.74851832133e-24, 3.97566293038e-24, 3.72129907023e-24, 3.71869780139e-24, 3.83116570065e-24, 2.04778982437e-24, 4.04928021892e-24, 4.87843535031e-24, 2.63470667659e-24, 5.47059260553e-24, 6.22703093311e-24, 4.89809652509e-24, 5.78131899964e-24, 6.0372152221e-24, 4.70125758543e-24, 6.14182725003e-24, 5.66487326926e-24, 5.07286786978e-24, 5.40008421782e-24, 5.95689419359e-24, 5.65724301216e-24, 6.54865977936e-24], "var": [6.2927961153e-06, 2.07795292226e-05, 3.98841575588e-06, 9.62544527283e-06, 1.87615327718e-07, 6.7404208437e-08, 8.97501806207e-08, 1.5655670893e-07, 1.73662684233e-07, 1.04584941596e-07, 2.20650875349e-07, 1.08889643968e-07, 6.88565293672e-08, 9.05837822529e-08, 2.76571299196e-08, 7.51502859941e-09, 1.83190223879e-07, 2.18847002742e-08, 3.91409251677e-08, 1.24520411759e-08, 1.91050464338e-08, 8.84265194401e-09, 4.52018067421e-09, 1.34658484363e-09, 7.99505461835e-10, 2.40347491909e-10, 2.56139165433e-10, 1.14221923586e-10, 4.18607995489e-11, 2.09698942238e-11, 3.91552033852e-11, 2.82995259171e-11, 1.51713901858e-11, 6.25975183147e-12, 2.30970798043e-12, 2.14421796291e-12, 3.67403676926e-12, 4.79617040527e-12, 1.22662019431e-11, 1.01022671131e-11]}, "melbands_crest": {"dmean": 3.30320215225, "dmean2": 5.2208442688, "dvar": 9.9418296814, "dvar2": 23.2167758942, "max": 31.2875270844, "mean": 14.589881897, "median": 13.9810628891, "min": 1.48427593708, "var": 34.8236846924}, "melbands_flatness_db": {"dmean": 0.0265883859247, "dmean2": 0.0382067896426, "dvar": 0.000831703713629, "dvar2": 0.00157392967958, "max": 0.608750939369, "mean": 0.206297188997, "median": 0.197257459164, "min": 0.00297219934873, "var": 0.00553964497522}, "melbands_kurtosis": {"dmean": 8.07863044739, "dmean2": 12.3536939621, "dvar": 397.347137451, "dvar2": 790.483764648, "max": 452.341949463, "mean": 12.0874671936, "median": 3.4645113945, "min": -1.91119730473, "var": 912.013549805}, "melbands_skewness": {"dmean": 0.85527741909, "dmean2": 1.25656604767, "dvar": 1.03917813301, "dvar2": 2.01182389259, "max": 17.7917823792, "mean": 2.1546292305, "median": 1.79646623135, "min": -3.87596106529, "var": 4.17931747437}, "melbands_spread": {"dmean": 8.74477863312, "dmean2": 13.3178243637, "dvar": 129.220581055, "dvar2": 269.158691406, "max": 278.304107666, "mean": 29.967010498, "median": 25.362985611, "min": 0.326121777296, "var": 653.310241699}, "mfcc": {"cov": [[13296.1123047, 1389.53771973, -642.004699707, 286.497009277, -114.684341431, 48.4252319336, 14.264834404, 117.129310608, -96.4972610474, 273.587005615, -89.8077774048, -148.051879883, -127.089263916], [1389.53771973, 1396.0534668, -74.3942489624, 43.5005874634, 175.638458252, 216.223815918, 119.658332825, 20.9173755646, 24.6772346497, 165.846496582, 78.2042922974, 45.2084693909, -17.5060482025], [-642.004699707, -74.3942489624, 948.691345215, 147.092666626, 85.330291748, 86.6780776978, -29.7974586487, -89.2022781372, 24.5914421082, -47.2680358887, 91.5399169922, 45.3310470581, -28.1049976349], [286.497009277, 43.5005874634, 147.092666626, 486.685516357, 138.538299561, -65.7860107422, -66.3563537598, 50.9353866577, 81.0878448486, -26.5280151367, 10.1181125641, 72.6965255737, 42.1936340332], [-114.684341431, 175.638458252, 85.330291748, 138.538299561, 323.469146729, 88.380279541, -22.3084049225, 63.5283813477, 109.128227234, 25.7432346344, 43.3850440979, 55.4511566162, 43.2805252075], [48.4252319336, 216.223815918, 86.6780776978, -65.7860107422, 88.380279541, 359.921600342, 122.808937073, 22.3859539032, 11.3762187958, 59.889175415, 59.9543762207, -12.4824857712, 4.09391832352], [14.264834404, 119.658332825, -29.7974586487, -66.3563537598, -22.3084049225, 122.808937073, 293.834899902, 100.501548767, -34.8376846313, 57.2437400818, 30.9093475342, -28.1419029236, 32.6077003479], [117.129310608, 20.9173755646, -89.2022781372, 50.9353866577, 63.5283813477, 22.3859539032, 100.501548767, 242.645309448, 113.966842651, 16.6207695007, -10.6746072769, 19.7903499603, 48.9393997192], [-96.4972610474, 24.6772346497, 24.5914421082, 81.0878448486, 109.128227234, 11.3762187958, -34.8376846313, 113.966842651, 200.861343384, 33.7859458923, 1.47438108921, 50.7627639771, 25.6391639709], [273.587005615, 165.846496582, -47.2680358887, -26.5280151367, 25.7432346344, 59.889175415, 57.2437400818, 16.6207695007, 33.7859458923, 168.069641113, 56.8734817505, 3.56424736977, -1.61486661434], [-89.8077774048, 78.2042922974, 91.5399169922, 10.1181125641, 43.3850440979, 59.9543762207, 30.9093475342, -10.6746072769, 1.47438108921, 56.8734817505, 125.126922607, 48.3725852966, -12.3081045151], [-148.051879883, 45.2084693909, 45.3310470581, 72.6965255737, 55.4511566162, -12.4824857712, -28.1419029236, 19.7903499603, 50.7627639771, 3.56424736977, 48.3725852966, 150.225723267, 42.1472549438], [-127.089263916, -17.5060482025, -28.1049976349, 42.1936340332, 43.2805252075, 4.09391832352, 32.6077003479, 48.9393997192, 25.6391639709, -1.61486661434, -12.3081045151, 42.1472549438, 119.693099976]], "icov": [[9.90984190139e-05, -9.80677359621e-05, 3.61455822713e-05, -0.000115924070997, 9.90299740806e-05, -3.62679456885e-05, 0.000128565196064, -0.000160999668879, 0.000164848039276, -0.000174993794644, 0.000113841175335, 6.5337822889e-05, 8.74930774444e-05], [-9.80677359621e-05, 0.00107268267311, 0.000116857023386, -5.66980597796e-05, -0.000613012758549, -0.000355771393515, -0.000465609948151, 0.00034812928061, 9.70735927694e-05, -0.00062741705915, 0.000284272595309, -0.000624122330919, 0.000538265856449], [3.61455822713e-05, 0.000116857023386, 0.00145764974877, -0.000508726865519, -7.07619910827e-05, -0.000378314725822, -0.000370020861737, 0.000984110170975, -0.000727789592929, 0.000835136452224, -0.00105540500954, 7.09149826434e-05, 0.000347693508957], [-0.000115924070997, -5.66980597796e-05, -0.000508726865519, 0.00297771394253, -0.00104296242353, 0.000845384143759, 0.000268841453362, -0.000420109601691, -0.000250582757872, 0.00048042886192, -0.000131815497298, -0.000534314254764, -0.00061902415473], [9.90299740806e-05, -0.000613012758549, -7.07619910827e-05, -0.00104296242353, 0.00533913774416, -0.00123060354963, 0.00126715458464, -0.000635804841295, -0.00168379920069, 0.000347858585883, -0.00155318528414, 0.000566247792449, -0.0016009574756], [-3.62679456885e-05, -0.000355771393515, -0.000378314725822, 0.000845384143759, -0.00123060354963, 0.00430409796536, -0.00164830393624, 0.00056327827042, -0.000646432687063, 0.000104791404738, -0.00117626576684, 0.000869608309586, -0.000248170748819], [0.000128565196064, -0.000465609948151, -0.000370020861737, 0.000268841453362, 0.00126715458464, -0.00164830393624, 0.00728139840066, -0.00476568983868, 0.00364456069656, -0.00181363732554, -0.00116378103849, 0.0013710455969, -0.0019577681087], [-0.000160999668879, 0.00034812928061, 0.000984110170975, -0.000420109601691, -0.000635804841295, 0.00056327827042, -0.00476568983868, 0.00971473380923, -0.00633595092222, 0.00194781005848, 1.22994770209e-05, 8.04482697276e-05, -0.00084759312449], [0.000164848039276, 9.70735927694e-05, -0.000727789592929, -0.000250582757872, -0.00168379920069, -0.000646432687063, 0.00364456069656, -0.00633595092222, 0.0115364929661, -0.00391456345096, 0.00271890801378, -0.00238243327476, 0.000929856381845], [-0.000174993794644, -0.00062741705915, 0.000835136452224, 0.00048042886192, 0.000347858585883, 0.000104791404738, -0.00181363732554, 0.00194781005848, -0.00391456345096, 0.010013256222, -0.00524521479383, 0.00184155418538, -0.000896730576642], [0.000113841175335, 0.000284272595309, -0.00105540500954, -0.000131815497298, -0.00155318528414, -0.00117626576684, -0.00116378103849, 1.22994770209e-05, 0.00271890801378, -0.00524521479383, 0.0151747865602, -0.00612039770931, 0.00393739109859], [6.5337822889e-05, -0.000624122330919, 7.09149826434e-05, -0.000534314254764, 0.000566247792449, 0.000869608309586, 0.0013710455969, 8.04482697276e-05, -0.00238243327476, 0.00184155418538, -0.00612039770931, 0.0112543450668, -0.00451495172456], [8.74930774444e-05, 0.000538265856449, 0.000347693508957, -0.00061902415473, -0.0016009574756, -0.000248170748819, -0.0019577681087, -0.00084759312449, 0.000929856381845, -0.000896730576642, 0.00393739109859, -0.00451495172456, 0.012076921761]], "mean": [-673.141296387, 118.83190918, -12.5020980835, 19.800655365, 9.87266921997, 3.50873470306, -0.514227449894, 4.03421640396, -0.929900825024, 11.515411377, -2.19512009621, 0.151140734553, -2.88577008247]}, "pitch_salience": {"dmean": 0.0747540816665, "dmean2": 0.118275359273, "dvar": 0.00487032486126, "dvar2": 0.0111258272082, "max": 0.984078466892, "mean": 0.483306199312, "median": 0.481153011322, "min": 0.0589110404253, "var": 0.0187471602112}, "silence_rate_20dB": {"dmean": 0, "dmean2": 0, "dvar": 0, "dvar2": 0, "max": 1, "mean": 1, "median": 1, "min": 1, "var": 0}, "silence_rate_30dB": {"dmean": 0.0163370594382, "dmean2": 0.032681144774, "dvar": 0.0160702839494, "dvar2": 0.0427935123444, "max": 1, "mean": 0.989254236221, "median": 1, "min": 0, "var": 0.0106300581247}, "silence_rate_60dB": {"dmean": 0.0223559755832, "dmean2": 0.0447215661407, "dvar": 0.0218578875065, "dvar2": 0.0508907549083, "max": 1, "mean": 0.0937029868364, "median": 0, "min": 0, "var": 0.0849211364985}, "spectral_centroid": {"dmean": 283.067321777, "dmean2": 425.102508545, "dvar": 130796.273438, "dvar2": 245788.015625, "max": 11915.5957031, "mean": 1704.16918945, "median": 1489.29724121, "min": 106.026687622, "var": 2599458.25}, "spectral_complexity": {"dmean": 3.17024946213, "dmean2": 4.5504193306, "dvar": 13.2635555267, "dvar2": 22.4184303284, "max": 55, "mean": 16.3739528656, "median": 17, "min": 0, "var": 68.9728927612}, "spectral_contrast_coeffs": {"dmean": [0.0519602261484, 0.0458588898182, 0.0431185774505, 0.0383334979415, 0.0282981172204, 0.0177503488958], "dmean2": [0.0818285644054, 0.0727312266827, 0.0660721808672, 0.0575738213956, 0.0408660918474, 0.0257077794522], "dvar": [0.00265060784295, 0.00154478545301, 0.001358131296, 0.00106099224649, 0.000674715323839, 0.000267705123406], "dvar2": [0.00548118399456, 0.00368116446771, 0.00294638471678, 0.00224931468256, 0.00122644240037, 0.000508944154717], "max": [-0.248004585505, -0.37356877327, -0.365582346916, -0.407303988934, -0.511172235012, -0.62794482708], "mean": [-0.651549518108, -0.720279216766, -0.707263827324, -0.711983323097, -0.750693380833, -0.783570230007], "median": [-0.658061861992, -0.72211766243, -0.704244017601, -0.706305623055, -0.749597787857, -0.778399407864], "min": [-0.984058737755, -0.983483612537, -0.980767190456, -0.970951318741, -0.969348728657, -0.965655505657], "var": [0.0113497069106, 0.0066311461851, 0.00964892376214, 0.00794873014092, 0.0054179080762, 0.00217688572593]}, "spectral_contrast_valleys": {"dmean": [0.43550491333, 0.386042892933, 0.367198556662, 0.337823063135, 0.338100790977, 0.337252050638], "dmean2": [0.668265879154, 0.589742183685, 0.546993792057, 0.481099665165, 0.434566825628, 0.404712885618], "dvar": [0.229943156242, 0.176040738821, 0.164498463273, 0.146324664354, 0.170517548919, 0.185386165977], "dvar2": [0.418470561504, 0.316473305225, 0.27527821064, 0.227509856224, 0.236766859889, 0.261158823967], "max": [-5.37252235413, -4.81797838211, -5.25189590454, -5.84071588516, -5.71271371841, -8.14234924316], "mean": [-8.08901786804, -7.70273447037, -8.37003421783, -8.59547805786, -8.4643239975, -10.8769826889], "median": [-7.39905881882, -7.05497074127, -7.77556228638, -7.98841142654, -7.87302160263, -10.3290328979], "min": [-28.2364654541, -28.268245697, -27.7089195251, -27.6545391083, -27.5579032898, -27.4234027863], "var": [10.7022094727, 10.8139724731, 10.1031808853, 9.86142253876, 10.1225271225, 7.95981931686]}, "spectral_decrease": {"dmean": 2.83211942786e-09, "dmean2": 4.08466904744e-09, "dvar": 1.97159872122e-17, "dvar2": 3.9882278315e-17, "max": 4.04968757848e-20, "mean": -6.97110458248e-09, "median": -5.27173948939e-09, "min": -4.7356810029e-08, "var": 4.19151110662e-17}, "spectral_energy": {"dmean": 0.0111576281488, "dmean2": 0.0160796511918, "dvar": 0.000294518045848, "dvar2": 0.000593863369431, "max": 0.181937977672, "mean": 0.0281700305641, "median": 0.0221497640014, "min": 9.75881433399e-21, "var": 0.000637903460301}, "spectral_energyband_high": {"dmean": 0.000206216820516, "dmean2": 0.000262597750407, "dvar": 1.70443072989e-07, "dvar2": 2.61306297489e-07, "max": 0.0151972910389, "mean": 0.000445723213488, "median": 0.000252034136793, "min": 6.94287584798e-21, "var": 6.33982040199e-07}, "spectral_energyband_low": {"dmean": 0.00481911702082, "dmean2": 0.00654139649123, "dvar": 9.77591698756e-05, "dvar2": 0.000194943713723, "max": 0.166944921017, "mean": 0.0106602469459, "median": 0.00378100923263, "min": 1.87810505479e-23, "var": 0.000280097709037}, "spectral_energyband_middle_high": {"dmean": 0.0029630844947, "dmean2": 0.00446509104222, "dvar": 1.58086841111e-05, "dvar2": 3.66115782526e-05, "max": 0.0564945191145, "mean": 0.00791652221233, "median": 0.00596143770963, "min": 1.10074252933e-21, "var": 5.62559871469e-05}, "spectral_energyband_middle_low": {"dmean": 0.00680177193135, "dmean2": 0.0104235680774, "dvar": 0.00022428749071, "dvar2": 0.000460722134449, "max": 0.16068983078, "mean": 0.009929722175, "median": 0.0050202072598, "min": 1.34722889706e-22, "var": 0.000274266436463}, "spectral_entropy": {"dmean": 0.179128855467, "dmean2": 0.251448363066, "dvar": 0.0359386466444, "dvar2": 0.0682696774602, "max": 9.82479095459, "mean": 7.38369894028, "median": 7.3697052002, "min": 5.27785158157, "var": 0.313725620508}, "spectral_flux": {"dmean": 0.030829526484, "dmean2": 0.0513615608215, "dvar": 0.00152981746942, "dvar2": 0.00413297722116, "max": 0.357792317867, "mean": 0.0821177810431, "median": 0.0735870227218, "min": 6.43324699068e-11, "var": 0.00268653407693}, "spectral_kurtosis": {"dmean": 1.95278680325, "dmean2": 3.16254615784, "dvar": 6.11721229553, "dvar2": 14.96849823, "max": 42.5635223389, "mean": 5.36121463776, "median": 4.75163793564, "min": -1.42034316063, "var": 14.422826767}, "spectral_rms": {"dmean": 0.000947120890487, "dmean2": 0.00132343964651, "dvar": 1.44452815221e-06, "dvar2": 2.57829401562e-06, "max": 0.0133229298517, "mean": 0.00469307694584, "median": 0.00464860443026, "min": 3.08557845073e-12, "var": 5.45803732166e-06}, "spectral_rolloff": {"dmean": 473.86050415, "dmean2": 802.70526123, "dvar": 900822.3125, "dvar2": 1807240.375, "max": 19509.0820312, "mean": 2008.62841797, "median": 1571.92382812, "min": 86.1328125, "var": 8791354}, "spectral_skewness": {"dmean": 0.243572860956, "dmean2": 0.376090973616, "dvar": 0.0714318007231, "dvar2": 0.154683962464, "max": 4.50894832611, "mean": 1.59300374985, "median": 1.57071149349, "min": -0.523274064064, "var": 0.30270549655}, "spectral_spread": {"dmean": 546760.1875, "dmean2": 734474.125, "dvar": 980300660736, "dvar2": 1495709384700.0, "max": 42630112, "mean": 4960692, "median": 370755