{"lowlevel": {"average_loudness": 0.749095439911, "barkbands": {"dmean": [0.00223742122762, 0.00678686052561, 0.00150881172158, 0.000756154709961, 0.0011099523399, 0.00115878845099, 0.00150293763727, 0.00144159421325, 0.00102281023283, 0.00106220762245, 0.000758117821533, 0.000459220987977, 0.000264935690211, 0.00023785092344, 0.000126620769151, 0.000133093111799, 7.85587326391e-05, 0.000102302234154, 0.000104466795165, 7.24828496459e-05, 6.55118492432e-05, 5.57295825274e-05, 2.91423802992e-05, 9.4830420494e-06, 3.21939728565e-06, 2.98661507259e-05, 9.84881116892e-05], "dmean2": [0.00382923986763, 0.0113945445046, 0.00230121263303, 0.00125373795163, 0.00176100747194, 0.00180564355105, 0.00233962619677, 0.00215839128941, 0.00162854290102, 0.00160489731934, 0.00120481674094, 0.000724398880266, 0.000411481538322, 0.000381615944207, 0.000199214497115, 0.000205918651773, 0.000118069860036, 0.000140986958286, 0.00014615971304, 9.99434487312e-05, 9.15671334951e-05, 8.08094118838e-05, 4.18552772317e-05, 1.43553133967e-05, 5.21120273334e-06, 4.41531410615e-05, 0.000141020995216], "dvar": [6.66926061967e-05, 0.000337981415214, 1.04584969449e-05, 2.89800436803e-06, 8.13196675153e-06, 1.46677748489e-05, 2.54805981967e-05, 2.06497134059e-05, 1.34239990075e-05, 1.06589595816e-05, 4.76224568047e-06, 2.22728317567e-06, 3.87073868069e-07, 3.21568194295e-07, 7.87744411923e-08, 7.92767593794e-08, 3.14867101281e-08, 6.19873148366e-08, 5.32016422028e-08, 2.74645923781e-08, 2.25139906718e-08, 1.32569262234e-08, 3.07789194132e-09, 3.73400727005e-10, 4.52341115953e-11, 3.33757044224e-09, 2.82267649254e-08], "dvar2": [0.000173213746166, 0.000887628586497, 2.36454088736e-05, 7.3028109e-06, 1.93163268705e-05, 3.42184866895e-05, 6.06553294347e-05, 4.24782811024e-05, 3.34985270456e-05, 2.30022706091e-05, 1.17198560474e-05, 5.58920328331e-06, 9.50450271375e-07, 8.27797293823e-07, 1.88190853123e-07, 1.96265574459e-07, 7.02802580577e-08, 1.20831174399e-07, 1.0762290259e-07, 5.01965899957e-08, 4.41857146427e-08, 2.86272587857e-08, 6.41040376337e-09, 7.8215800503e-10, 1.03253683381e-10, 7.14723080719e-09, 6.09659522866e-08], "max": [0.0869889929891, 0.193208500743, 0.0821662843227, 0.0313148014247, 0.132112562656, 0.141943827271, 0.193071216345, 0.174989521503, 0.109297044575, 0.105383403599, 0.0592504031956, 0.0525410398841, 0.012285284698, 0.0122542474419, 0.00909045431763, 0.00597461219877, 0.00354379741475, 0.00332690868527, 0.00684704165906, 0.00724488217384, 0.00523873791099, 0.00289940042421, 0.000759011658374, 0.000314933393383, 0.000143036668305, 0.000796318985522, 0.00235437275842], "mean": [0.00182688073255, 0.00558829307556, 0.00188293901738, 0.000981620047241, 0.00165641109925, 0.00160460209008, 0.00203706161119, 0.00208503962494, 0.00139336194843, 0.00154911004938, 0.00100168189965, 0.000646600790787, 0.000377244898118, 0.000348513480276, 0.000184721269761, 0.000203162431717, 0.000111137713247, 0.000146250211401, 0.000160122130183, 0.000118118157843, 0.000100872559415, 6.82512982166e-05, 3.31863666361e-05, 9.34005583986e-06, 2.94420578939e-06, 3.10109535349e-05, 0.000181155861355], "median": [0.000226240517804, 0.000716257258318, 0.000355634489097, 0.000230416742852, 0.000635949312709, 0.00038036837941, 0.000309001654387, 0.000237111671595, 0.000156678637723, 0.000204803422093, 0.000144382545841, 0.000127263949253, 8.0585014075e-05, 6.73088361509e-05, 4.67328973173e-05, 4.4711814553e-05, 2.42983078351e-05, 2.67418072326e-05, 4.24425161327e-05, 2.81789689325e-05, 2.09374302358e-05, 1.14679187391e-05, 5.86512760492e-06, 1.40907093282e-06, 4.46507726792e-07, 4.515951332e-06, 9.23806146602e-05], "min": [3.15954397196e-25, 1.21090119369e-24, 7.69346655793e-25, 2.40296719928e-25, 5.44096930081e-24, 5.52268464097e-24, 5.5423193889e-24, 7.25236906632e-24, 1.39117829446e-23, 1.0904275987e-23, 1.38568671816e-23, 1.75359582491e-23, 2.42108338011e-23, 1.60769789375e-23, 3.56797054266e-23, 3.52882537128e-23, 6.96540765918e-23, 8.74021153621e-23, 1.05172879637e-22, 1.78544693592e-22, 2.67159269233e-22, 2.98990475713e-22, 3.56293962957e-22, 5.32392910064e-22, 9.00374585706e-22, 1.24353640011e-21, 1.88533565919e-21], "var": [5.04353702127e-05, 0.000253961683484, 1.50006699187e-05, 5.65506024941e-06, 1.72564450622e-05, 2.64302070718e-05, 4.10175925936e-05, 4.75153210573e-05, 2.20043839363e-05, 2.29415818467e-05, 7.47479634811e-06, 3.99525060857e-06, 6.93819004027e-07, 5.72588589876e-07, 1.32438827904e-07, 1.45345381952e-07, 5.15584233085e-08, 1.14287509234e-07, 1.10083973937e-07, 7.43852694995e-08, 5.64502826705e-08, 2.11247019877e-08, 4.11678513501e-09, 4.39797864793e-10, 4.64060560812e-11, 3.964113926e-09, 5.61790649556e-08]}, "barkbands_crest": {"dmean": 3.28752493858, "dmean2": 5.36520862579, "dvar": 8.53279876709, "dvar2": 21.9258289337, "max": 26.5712528229, "mean": 10.4198827744, "median": 9.56186008453, "min": 2.17558240891, "var": 19.0840377808}, "barkbands_flatness_db": {"dmean": 0.0305025391281, "dmean2": 0.0465709529817, "dvar": 0.000792760110926, "dvar2": 0.00190640601795, "max": 0.391597628593, "mean": 0.139161124825, "median": 0.132431507111, "min": 0.02491520904, "var": 0.00284008588642}, "barkbands_kurtosis": {"dmean": 6.81918668747, "dmean2": 10.8445215225, "dvar": 191.683761597, "dvar2": 444.660644531, "max": 673.345825195, "mean": 10.3961353302, "median": 5.26157093048, "min": -1.89148843288, "var": 336.416900635}, "barkbands_skewness": {"dmean": 0.831722319126, "dmean2": 1.26788854599, "dvar": 0.878521382809, "dvar2": 2.12163472176, "max": 19.5323905945, "mean": 2.02422761917, "median": 1.75749444962, "min": -2.33406019211, "var": 2.90834593773}, "barkbands_spread": {"dmean": 7.61699104309, "dmean2": 11.6626081467, "dvar": 95.828666687, "dvar2": 208.91078186, "max": 143.465515137, "mean": 20.7141399384, "median": 16.804725647, "min": 0.212629199028, "var": 247.435791016}, "dissonance": {"dmean": 0.0279612764716, "dmean2": 0.0467884168029, "dvar": 0.000807062024251, "dvar2": 0.00215147132985, "max": 0.500000059605, "mean": 0.453646510839, "median": 0.464938759804, "min": 0.182049363852, "var": 0.00164388876874}, "dynamic_complexity": 5.22740650177, "erbbands": {"dmean": [0.282867670059, 1.18326199055, 2.02161288261, 1.92020487785, 2.9182882309, 4.22710466385, 5.12324762344, 11.2481937408, 17.9663333893, 28.6364955902, 28.2956962585, 21.3251285553, 33.4992027283, 28.7439136505, 23.325170517, 17.3998241425, 10.4669351578, 11.7612543106, 7.90018606186, 6.62903928757, 6.82221746445, 4.1057767868, 5.17160415649, 6.04551935196, 4.3855638504, 3.41774654388, 2.88584089279, 2.4124276638, 2.04441022873, 1.47369873524, 0.731156468391, 0.273278951645, 0.131869852543, 0.0550984442234, 0.0132096866146, 0.0299985706806, 0.0546538755298, 0.0618653520942, 0.0135839739814, 0.00166708405595], "dmean2": [0.485501855612, 1.96806657314, 3.10646247864, 3.11658143997, 4.75043773651, 6.70678520203, 8.08746147156, 17.6514606476, 28.1836490631, 43.0942687988, 42.8301048279, 33.3555450439, 51.4702148438, 44.8505592346, 36.5137557983, 27.1386756897, 15.9488773346, 18.3687343597, 12.4308748245, 10.1796789169, 10.2482271194, 5.9883928299, 7.08871507645, 8.39221477509, 6.08830499649, 4.70524263382, 4.00137329102, 3.39675188065, 2.9521009922, 2.12784409523, 1.05274856091, 0.399180412292, 0.20566996932, 0.0880748853087, 0.021601838991, 0.0470059476793, 0.0800522491336, 0.0914654359221, 0.0193362701684, 0.00237590819597], "dvar": [0.928504168987, 9.65038013458, 21.1659946442, 14.9535360336, 63.6038627625, 151.640274048, 190.259475708, 1580.94360352, 3235.58276367, 11123.9814453, 9405.47070312, 5639.73974609, 9828.02636719, 6775.39306641, 4802.48339844, 2784.93554688, 553.205810547, 759.875183105, 300.9453125, 205.315490723, 222.28036499, 81.5744476318, 155.673248291, 200.49369812, 85.5029373169, 65.7503890991, 47.4938621521, 28.0265274048, 19.5566444397, 8.03640174866, 1.93323266506, 0.2590970397, 0.0906320214272, 0.015019023791, 0.000652193964925, 0.00455534923822, 0.0105305192992, 0.0155422175303, 0.000686379091348, 6.72663099976e-06], "dvar2": [2.51608610153, 24.3346042633, 48.6505813599, 37.0973091125, 171.480545044, 325.754852295, 446.79510498, 3664.28540039, 8075.45361328, 23740.5585938, 21289.0078125, 14014.7978516, 22405.5996094, 14568.4785156, 11245.6582031, 7065.81591797, 1295.1550293, 1952.41882324, 739.56048584, 482.186157227, 530.969909668, 173.257492065, 300.613250732, 396.521972656, 164.259338379, 124.025428772, 90.4257888794, 56.4072151184, 42.7216949463, 17.2015190125, 4.00293254852, 0.522360086441, 0.194396302104, 0.033474303782, 0.00152881466784, 0.00981942005455, 0.0217025503516, 0.0351471379399, 0.00149038725067, 1.37260240081e-05], "max": [10.3749847412, 32.4760665894, 107.707290649, 69.9920654297, 248.904602051, 687.809936523, 407.215545654, 1383.32312012, 1638.84289551, 5119.86328125, 3604.38647461, 2230.18139648, 2989.35400391, 3670.2409668, 2004.45776367, 1718.30126953, 584.952636719, 712.638793945, 481.801727295, 480.574493408, 370.875579834, 168.50579834, 237.13420105, 386.879699707, 233.253372192, 367.358947754, 268.118865967, 152.585830688, 128.829315186, 47.7953453064, 19.2092208862, 8.65374279022, 4.4589381218, 2.71833395958, 0.490630328655, 1.21153604984, 1.58171153069, 1.7180378437, 0.330601543188, 0.0340821258724], "mean": [0.22284694016, 1.01025509834, 2.3337290287, 2.71768951416, 4.10054588318, 6.11370897293, 7.34495830536, 15.5429096222, 24.8866996765, 40.3893890381, 42.359703064, 31.3591880798, 49.1191635132, 43.024559021, 33.7362060547, 25.5006580353, 16.5457706451, 17.925775528, 12.8890476227, 10.6813230515, 10.6129045486, 6.22462272644, 7.58466100693, 8.92036533356, 7.09025382996, 5.57532691956, 4.59037685394, 3.507635355, 2.55067539215, 1.69880712032, 0.831743597984, 0.295686334372, 0.119883090258, 0.0491957291961, 0.0131138442084, 0.0273813605309, 0.0574308820069, 0.0682956501842, 0.0201774518937, 0.00442025065422], "median": [0.0229351706803, 0.142354041338, 0.425472140312, 0.835835456848, 1.20078539848, 2.11125326157, 2.52298784256, 3.49245214462, 4.40357208252, 6.30105781555, 4.67140483856, 3.92805671692, 6.48967456818, 7.03304386139, 6.01846885681, 5.63243103027, 4.00327110291, 4.05669021606, 3.04932332039, 2.79844427109, 2.35323858261, 1.47769618034, 1.48267173767, 2.12548542023, 1.93030261993, 1.31058621407, 0.96647310257, 0.697968304157, 0.438691794872, 0.273182094097, 0.151254534721, 0.0553608946502, 0.0128990225494, 0.00580666866153, 0.00299686565995, 0.00330502074212, 0.00853386987001, 0.0102718602866, 0.00595603883266, 0.00285447807983], "min": [7.16439624481e-23, 1.70749144883e-22, 1.23280203529e-21, 3.09735215626e-21, 1.0634480332e-20, 1.74885804748e-20, 2.17238534554e-20, 6.31224304249e-20, 1.02430408563e-19, 1.75048025852e-19, 2.08481554687e-19, 3.73302888132e-19, 4.41784033672e-19, 8.24933317925e-19, 6.04739544923e-19, 1.07357652053e-18, 1.17625982664e-18, 1.55481986116e-18, 1.54574238111e-18, 1.83107306014e-18, 3.06998923324e-18, 3.67504476116e-18, 5.08354764229e-18, 4.63813652502e-18, 5.8056399211e-18, 8.2806735017e-18, 8.3847692187e-18, 9.25834060155e-18, 9.6227467486e-18, 1.05594394568e-17, 1.05009362808e-17, 9.24865431658e-18, 7.26703397137e-18, 7.66090346466e-18, 6.23169666639e-18, 4.12991138e-18, 2.04867987747e-18, 9.07214162528e-19, 2.12796684524e-19, 2.50423534389e-20], "var": [0.643389642239, 7.8369436264, 24.928812027, 29.4266796112, 107.075325012, 336.938598633, 299.8621521, 2936.96118164, 5237.25683594, 19840.3300781, 21616.6542969, 9597.375, 19248.2480469, 13465.8447266, 8577.17382812, 4754.70849609, 1161.13378906, 1290.21264648, 632.352783203, 383.293792725, 407.294769287, 143.805526733, 295.799102783, 376.386108398, 217.843841553, 166.531402588, 125.734207153, 64.0200576782, 31.4465255737, 11.2504205704, 2.57774424553, 0.342402517796, 0.0980437323451, 0.0153806814924, 0.000710134627298, 0.00485925003886, 0.0133798569441, 0.018806418404, 0.00124290934764, 2.1845482479e-05]}, "erbbands_crest": {"dmean": 3.13223361969, "dmean2": 5.03751802444, "dvar": 9.03174781799, "dvar2": 21.3441638947, "max": 32.3025093079, "mean": 9.49907398224, "median": 8.25466346741, "min": 2.19424128532, "var": 23.9726524353}, "erbbands_flatness_db": {"dmean": 0.0296131111681, "dmean2": 0.0407231114805, "dvar": 0.000686690793373, "dvar2": 0.00120410369709, "max": 0.384876519442, "mean": 0.157208770514, "median": 0.153105914593, "min": 0.0412638299167, "var": 0.00320140481927}, "erbbands_kurtosis": {"dmean": 1.69615232944, "dmean2": 2.64928865433, "dvar": 9.02410316467, "dvar2": 18.6643867493, "max": 154.02041626, "mean": 1.69146716595, "median": 0.454207897186, "min": -1.75641226768, "var": 18.8185043335}, "erbbands_skewness": {"dmean": 0.473269343376, "dmean2": 0.70038485527, "dvar": 0.202166676521, "dvar2": 0.434778183699, "max": 10.3030385971, "mean": 0.51867878437, "median": 0.459899246693, "min": -4.46417331696, "var": 0.929101169109}, "erbbands_spread": {"dmean": 9.61303138733, "dmean2": 13.9899959564, "dvar": 127.681968689, "dvar2": 245.867980957, "max": 140.749969482, "mean": 30.1063404083, "median": 26.243221283, "min": 1.17732727528, "var": 366.021606445}, "gfcc": {"cov": [[38283.484375, 1661.36462402, -2651.31274414, 243.909866333, -803.960571289, -525.54486084, 369.607757568, -377.342376709, 131.130325317, -29.0654144287, -327.857055664, 185.38899231, -557.356628418], [1661.36462402, 1276.43066406, -184.539321899, -407.226257324, 78.4085235596, -110.571151733, -40.7457695007, -82.6467819214, 25.6065883636, -70.8243484497, 66.9617233276, -121.347328186, 63.1054801941], [-2651.31274414, -184.539321899, 917.754272461, 360.880554199, 74.8176269531, 286.540527344, -100.536743164, 159.427185059, -58.8449363708, 47.1092948914, 18.6235256195, -0.277623027563, 2.62401270866], [243.909866333, -407.226257324, 360.880554199, 662.496765137, 166.393707275, 82.2395858765, 104.338752747, -4.81628608704, -36.7120780945, 15.3385868073, -25.2346076965, 71.7169189453, -100.55859375], [-803.960571289, 78.4085235596, 74.8176269531, 166.393707275, 319.474395752, 43.3697433472, 62.3982887268, -63.3588943481, -17.8158340454, -41.1907539368, 39.0982017517, 1.5069309473, -0.201577991247], [-525.54486084, -110.571151733, 286.540527344, 82.2395858765, 43.3697433472, 312.869476318, -31.2803421021, 120.751052856, -38.515083313, 37.4988861084, 4.32822179794, 16.7621116638, 10.6151256561], [369.607757568, -40.7457695007, -100.536743164, 104.338752747, 62.3982887268, -31.2803421021, 222.689682007, -31.5058994293, 58.4251213074, -15.7082109451, -18.8340568542, 44.9033279419, -44.108581543], [-377.342376709, -82.6467819214, 159.427185059, -4.81628608704, -63.3588943481, 120.751052856, -31.5058994293, 238.206222534, 51.5342063904, 47.2204437256, -7.25263643265, -16.1986923218, 26.4521179199], [131.130325317, 25.6065883636, -58.8449363708, -36.7120780945, -17.8158340454, -38.515083313, 58.4251213074, 51.5342063904, 152.898651123, 38.8230743408, -9.40319156647, 26.7679634094, -13.6686983109], [-29.0654144287, -70.8243484497, 47.1092948914, 15.3385868073, -41.1907539368, 37.4988861084, -15.7082109451, 47.2204437256, 38.8230743408, 97.1009979248, 31.7905044556, 11.8187198639, 6.31950998306], [-327.857055664, 66.9617233276, 18.6235256195, -25.2346076965, 39.0982017517, 4.32822179794, -18.8340568542, -7.25263643265, -9.40319156647, 31.7905044556, 92.6758422852, 26.7106971741, 21.4701519012], [185.38899231, -121.347328186, -0.277623027563, 71.7169189453, 1.5069309473, 16.7621116638, 44.9033279419, -16.1986923218, 26.7679634094, 11.8187198639, 26.7106971741, 108.089859009, -4.22950363159], [-557.356628418, 63.1054801941, 2.62401270866, -100.55859375, -0.201577991247, 10.6151256561, -44.108581543, 26.4521179199, -13.6686983109, 6.31950998306, 21.4701519012, -4.22950363159, 104.87664032]], "icov": [[7.59504255257e-05, -0.0002693424467, 0.000394659116864, -0.000397955998778, 0.000303566717776, -0.000178607820999, 0.000151261032443, -8.81298838067e-05, 0.000128634157591, -0.000159084607731, 0.00027728677378, -0.000293897290248, 0.000236491279793], [-0.0002693424467, 0.00235568592325, -0.00150032935198, 0.00187874631956, -0.000996521790512, 0.000281077955151, -0.000689907290507, 0.00114641501568, -0.00192319182679, 0.00234951754101, -0.00312931090593, 0.00322901480831, -0.00124095717911], [0.000394659116864, -0.00150032935198, 0.00459450855851, -0.00419323192909, 0.00245817634277, -0.00301993009634, 0.00208678282797, -0.000630591704976, -0.000585024594329, 0.000673463160638, -0.000470723141916, 0.000100586585177, 0.000195284228539], [-0.000397955998778, 0.00187874631956, -0.00419323192909, 0.00769383274019, -0.00562508404255, 0.00391858164221, -0.0022886027582, -0.00129671487957, 0.0041278032586, -0.00429816218093, 0.00400147028267, -0.00351923354901, 0.00302958209068], [0.000303566717776, -0.000996521790512, 0.00245817634277, -0.00562508404255, 0.00954038556665, -0.00501354411244, -0.000291840493446, 0.00359517382458, -0.0054146614857, 0.00748729985207, -0.00786639936268, 0.00575000979006, -0.00306040514261], [-0.000178607820999, 0.000281077955151, -0.00301993009634, 0.00391858164221, -0.00501354411244, 0.00894434377551, -0.000903104199097, -0.00473202439025, 0.00680645462126, -0.00657225074247, 0.0061053019017, -0.00601858273149, 0.0024037619587], [0.000151261032443, -0.000689907290507, 0.00208678282797, -0.0022886027582, -0.000291840493446, -0.000903104199097, 0.00775399012491, 2.34553517657e-05, -0.00265421229415, 0.00115026638377, 0.00139028823469, -0.00233608274721, 0.00152440741658], [-8.81298838067e-05, 0.00114641501568, -0.000630591704976, -0.00129671487957, 0.00359517382458, -0.00473202439025, 2.34553517657e-05, 0.00988093670458, -0.00773868570104, 0.00405722763389, -0.00508312974125, 0.00701189460233, -0.00431185076013], [0.000128634157591, -0.00192319182679, -0.000585024594329, 0.0041278032586, -0.0054146614857, 0.00680645462126, -0.00265421229415, -0.00773868570104, 0.0193195100874, -0.0141553552821, 0.0128404991701, -0.0123244291171, 0.00619472842664], [-0.000159084607731, 0.00234951754101, 0.000673463160638, -0.00429816218093, 0.00748729985207, -0.00657225074247, 0.00115026638377, 0.00405722763389, -0.0141553552821, 0.0269397608936, -0.0186799298972, 0.011772708036, -0.0054264459759], [0.00027728677378, -0.00312931090593, -0.000470723141916, 0.00400147028267, -0.00786639936268, 0.0061053019017, 0.00139028823469, -0.00508312974125, 0.0128404991701, -0.0186799298972, 0.0297520514578, -0.0171365570277, 0.00445601018146], [-0.000293897290248, 0.00322901480831, 0.000100586585177, -0.00351923354901, 0.00575000979006, -0.00601858273149, -0.00233608274721, 0.00701189460233, -0.0123244291171, 0.011772708036, -0.0171365570277, 0.0243223533034, -0.00683909794316], [0.000236491279793, -0.00124095717911, 0.000195284228539, 0.00302958209068, -0.00306040514261, 0.0024037619587, 0.00152440741658, -0.00431185076013, 0.00619472842664, -0.0054264459759, 0.00445601018146, -0.00683909794316, 0.0158642791212]], "mean": [-75.6768722534, 91.5834197998, -92.2503128052, -6.05040454865, -26.9612598419, -19.2490882874, 2.16210794449, -17.9304466248, -2.94511342049, -6.69322681427, -6.79499673843, 0.612773001194, -11.1931018829]}, "hfc": {"dmean": 13.4168977737, "dmean2": 19.1083679199, "dvar": 316.247497559, "dvar2": 646.413269043, "max": 240.077301025, "mean": 39.9668731689, "median": 29.3663253784, "min": 1.07597086512e-16, "var": 1294.50817871}, "melbands": {"dmean": [0.00225272309035, 0.00123913097195, 0.000353915093001, 0.000244620838203, 0.000181355673703, 0.000251936464338, 0.000281602027826, 0.000316217803629, 0.000228170174523, 0.000139246112667, 0.000173635125975, 0.000120965240058, 9.05851702555e-05, 5.34349637746e-05, 3.45546577591e-05, 2.69240281341e-05, 2.28115277423e-05, 1.51810872921e-05, 1.01066070783e-05, 9.8078216979e-06, 7.63091702538e-06, 4.47401771453e-06, 4.34083494838e-06, 5.24588404005e-06, 5.21051106261e-06, 3.73600050807e-06, 2.77850062957e-06, 2.30758723774e-06, 1.90370178643e-06, 1.64945504366e-06, 1.38867449095e-06, 1.20012407478e-06, 1.06284733192e-06, 7.48050752009e-07, 4.6853918434e-07, 2.6453716373e-07, 1.29133297833e-07, 8.86586519755e-08, 9.60580308629e-08, 2.76425389245e-08], "dmean2": [0.00381113914773, 0.0019528035773, 0.000565756694414, 0.000391560723074, 0.000286478665657, 0.000393606955186, 0.000439730036305, 0.00047560420353, 0.000345800886862, 0.000220415866352, 0.000267014693236, 0.000188635240193, 0.000142219054396, 8.4390390839e-05, 5.34211940248e-05, 4.24965146522e-05, 3.61265447282e-05, 2.41609232035e-05, 1.57595513883e-05, 1.53771834448e-05, 1.15217062557e-05, 6.76931676935e-06, 6.16230363448e-06, 7.4658187259e-06, 7.46736668589e-06, 5.41757390238e-06, 4.00177577831e-06, 3.25731798512e-06, 2.72676811619e-06, 2.38735037783e-06, 2.00107911041e-06, 1.76785113126e-06, 1.57040517479e-06, 1.09552604499e-06, 6.86203350142e-07, 3.82521449183e-07, 1.95476872022e-07, 1.40105257174e-07, 1.53641877887e-07, 4.49177370854e-08], "dvar": [4.65220691694e-05, 8.7908556452e-06, 4.93954075864e-07, 4.8690822041e-07, 1.99171779514e-07, 7.22003562714e-07, 7.56184363127e-07, 1.20277661608e-06, 6.96823747148e-07, 2.53512411064e-07, 2.69166406497e-07, 1.2241169145e-07, 7.05769096498e-08, 3.42242181262e-08, 7.88730947221e-09, 4.60947990888e-09, 3.04867864287e-09, 1.36510758253e-09, 5.90940296696e-10, 4.26854912527e-10, 2.90163199024e-10, 1.02825768733e-10, 1.07823319717e-10, 1.75555167625e-10, 1.52173273982e-10, 6.72285907499e-11, 4.02337711758e-11, 3.13843881439e-11, 2.14309889279e-11, 1.50664584975e-11, 9.62014409106e-12, 7.80234037101e-12, 4.56993817788e-12, 2.16929187287e-12, 8.41878487496e-13, 2.50661579167e-13, 6.93669703926e-14, 4.43525323076e-14, 5.44521533712e-14, 3.42594143396e-15], "dvar2": [0.00012420877465, 2.08285837289e-05, 1.26633835862e-06, 1.17264676192e-06, 4.6235766149e-07, 1.66423933479e-06, 1.86129329904e-06, 2.52228915087e-06, 1.63324637015e-06, 6.30171825833e-07, 6.1022490172e-07, 2.5789108804e-07, 1.71936875404e-07, 8.42530809564e-08, 1.92147329159e-08, 1.14629736814e-08, 7.90027598896e-09, 3.36658478872e-09, 1.42467027064e-09, 1.08057429671e-09, 6.88647694425e-10, 2.32657393351e-10, 2.19004633872e-10, 3.66503438709e-10, 3.1353497576e-10, 1.4053433417e-10, 8.17049899959e-11, 6.13706654939e-11, 4.22544117751e-11, 3.0829085812e-11, 2.01981174841e-11, 1.75327079244e-11, 1.02122208259e-11, 4.74849109686e-12, 1.80853780302e-12, 5.1549991489e-13, 1.46651638858e-13, 9.80875740331e-14, 1.20703238528e-13, 7.94942453877e-15], "max": [0.0739810690284, 0.0537282861769, 0.0162687636912, 0.0354472883046, 0.010616036132, 0.0312545225024, 0.0233436431736, 0.047010909766, 0.0338894948363, 0.0142056830227, 0.015511199832, 0.014925586991, 0.00920983403921, 0.00671692704782, 0.00223692739382, 0.00146202009637, 0.00137588416692, 0.00107183284126, 0.00091848737793, 0.000462124298792, 0.000388394255424, 0.000191230021301, 0.000194052918232, 0.000188175748917, 0.000339302932844, 0.000189957150724, 0.000195993881789, 0.000251061748713, 0.000157895148732, 0.000128336745547, 9.07655630726e-05, 8.69105424499e-05, 4.59364491689e-05, 2.0837826014e-05, 1.3872038835e-05, 7.88592569734e-06, 4.84635165776e-06, 3.03713613903e-06, 4.03018430006e-06, 1.50685048084e-06], "mean": [0.00183382502291, 0.00128092011437, 0.000522487971466, 0.000367520493455, 0.00026486106799, 0.000349060981534, 0.000391882931581, 0.000446917139925, 0.00033409302705, 0.000193403378944, 0.000249457923928, 0.000176336441655, 0.000124304511701, 7.67570891185e-05, 4.73630279885e-05, 3.80529963877e-05, 3.32646086463e-05, 2.30685254792e-05, 1.45510166476e-05, 1.50048263095e-05, 1.13429741759e-05, 6.3120478444e-06, 6.09177959632e-06, 7.23354105503e-06, 7.35061075829e-06, 5.6011176639e-06, 4.396003078e-06, 3.51949142896e-06, 2.92771687782e-06, 2.44560555984e-06, 1.89125489669e-06, 1.46679815316e-06, 1.21752930227e-06, 8.3361481984e-07, 5.20289290762e-07, 2.94531133704e-07, 1.28809475086e-07, 7.83716060937e-08, 8.24113257636e-08, 2.519515796e-08], "median": [0.00024353095796, 0.000235371480812, 0.000169713079231, 0.00013303590822, 9.51175024966e-05, 7.79280817369e-05, 6.67745771352e-05, 6.53084352962e-05, 3.31613046001e-05, 2.29903507716e-05, 3.05967987515e-05, 2.68310268439e-05, 1.97442495846e-05, 1.45211433846e-05, 1.08568328869e-05, 7.68772770243e-06, 6.92566072757e-06, 4.60880983155e-06, 3.5342090996e-06, 3.58728902938e-06, 2.32333150052e-06, 1.45042668009e-06, 1.13199939733e-06, 1.33117464429e-06, 1.67865255207e-06, 1.42979297379e-06, 1.10634459816e-06, 7.27818758151e-07, 5.79453285354e-07, 5.05521768446e-07, 3.37869892064e-07, 2.41599536821e-07, 1.84118619018e-07, 1.34528491458e-07, 9.31263031134e-08, 5.46655698486e-08, 2.02644656611e-08, 6.76917633058e-09, 5.50532774923e-09, 3.84056964009e-09], "min": [7.63931174983e-25, 5.02440498892e-25, 9.40776188474e-25, 1.10492167538e-24, 1.11516059689e-24, 1.42339172535e-24, 1.28477486202e-24, 1.40683728204e-24, 1.64537018294e-24, 2.06432474337e-24, 1.61003098932e-24, 2.70548741852e-24, 1.74393539482e-24, 2.60095526276e-24, 2.92658028114e-24, 2.74737928525e-24, 2.23361094097e-24, 1.96272221979e-24, 2.58076377624e-24, 1.63254014918e-24, 3.46238821581e-24, 3.33373091863e-24, 3.65926462636e-24, 3.04376971013e-24, 2.68002870774e-24, 3.93921124567e-24, 3.45542770162e-24, 4.45574356134e-24, 4.2943615528e-24, 3.5857467343e-24, 4.85454114793e-24, 3.94439563954e-24, 4.28686145774e-24, 4.32523165217e-24, 5.28225521985e-24, 5.1930173021e-24, 5.1285732826e-24, 4.93868499638e-24, 5.24973048473e-24, 5.7996627767e-24], "var": [3.35249096679e-05, 8.65520814841e-06, 9.7645556707e-07, 1.07133564597e-06, 3.26937566797e-07, 1.34620972858e-06, 1.25565020426e-06, 2.31679518947e-06, 1.59887144946e-06, 4.01241578629e-07, 5.28606051375e-07, 2.5065793352e-07, 1.10907841133e-07, 6.51650822192e-08, 1.25910952775e-08, 8.0399855662e-09, 4.89836660122e-09, 2.71412758934e-09, 9.45361677829e-10, 7.65721264173e-10, 5.05032515807e-10, 1.62398886006e-10, 1.90960317004e-10, 2.90806767556e-10, 2.65503424801e-10, 1.39130457155e-10, 9.74701638845e-11, 7.26776763771e-11, 5.36076877333e-11, 3.54568839567e-11, 1.91095351348e-11, 1.18659040926e-11, 6.38788067581e-12, 2.79501573795e-12, 1.05887076451e-12, 3.30445984161e-13, 8.25461186492e-14, 4.58444927528e-14, 5.46394831778e-14, 3.43312977907e-15]}, "melbands_crest": {"dmean": 4.56822395325, "dmean2": 7.36552762985, "dvar": 18.2776966095, "dvar2": 43.5990142822, "max": 36.0839042664, "mean": 15.1693706512, "median": 13.9375305176, "min": 1.00035309792, "var": 48.1951713562}, "melbands_flatness_db": {"dmean": 0.0372628830373, "dmean2": 0.0564717166126, "dvar": 0.00115984212607, "dvar2": 0.00273914402351, "max": 0.531831681728, "mean": 0.237449884415, "median": 0.233217507601, "min": -4.74574505915e-07, "var": 0.00576640525833}, "melbands_kurtosis": {"dmean": 11.2754144669, "dmean2": 18.2151298523, "dvar": 611.492004395, "dvar2": 1567.38586426, "max": 384.742370605, "mean": 15.002784729, "median": 5.41580438614, "min": -1.85976839066, "var": 823.753356934}, "melbands_skewness": {"dmean": 1.06296741962, "dmean2": 1.61009919643, "dvar": 1.7009036541, "dvar2": 3.95954561234, "max": 17.1449451447, "mean": 2.34286952019, "median": 1.81202685833, "min": -2.50319838524, "var": 4.72982597351}, "melbands_spread": {"dmean": 7.33956289291, "dmean2": 11.2240381241, "dvar": 125.604492188, "dvar2": 253.376495361, "max": 182.634490967, "mean": 20.4825286865, "median": 14.1325817108, "min": 0.379819273949, "var": 587.690917969}, "mfcc": {"cov": [[14649.7871094, 1316.62866211, -961.067993164, 843.77520752, -854.443725586, 424.647705078, -309.608337402, 351.425170898, -98.3021240234, 352.819580078, 17.5495147705, -13.7976360321, 50.4726066589], [1316.62866211, 1929.53234863, -209.162231445, -220.46711731, -1.32351219654, -94.8830184937, -12.5547494888, -93.3239135742, -22.8924865723, 3.00746536255, -6.32524490356, -52.5141410828, 34.5943183899], [-961.067993164, -209.162231445, 795.02545166, 22.7097473145, 244.047851562, 15.7891569138, 104.367645264, 29.2058887482, 57.5979881287, 8.74033641815, 47.8712463379, 34.321811676, -3.49487376213], [843.77520752, -220.46711731, 22.7097473145, 613.857849121, 3.56082034111, 196.437683105, 30.5779418945, 96.5387115479, -45.5929489136, 16.1254787445, 3.88756275177, 17.8740348816, 1.9130051136], [-854.443725586, -1.32351219654, 244.047851562, 3.56082034111, 351.288421631, 39.1757011414, 120.595115662, -1.75309586525, 14.8262491226, -45.0917015076, 19.8744430542, 26.1417217255, 0.0125447697937], [424.647705078, -94.8830184937, 15.7891569138, 196.437683105, 39.1757011414, 256.776885986, 71.5972595215, 69.9007873535, -30.6249465942, -12.8676490784, -11.7310600281, 24.7766799927, 14.4598464966], [-309.608337402, -12.5547494888, 104.367645264, 30.5779418945, 120.595115662, 71.5972595215, 177.12322998, 24.3878002167, 1.31755793095, -31.9148483276, -1.14387655258, 7.21171188354, 7.09852743149], [351.425170898, -93.3239135742, 29.2058887482, 96.5387115479, -1.75309586525, 69.9007873535, 24.3878002167, 164.274459839, 40.6263160706, 30.8902816772, 18.0990943909, 17.9645023346, -1.76067852974], [-98.3021240234, -22.8924865723, 57.5979881287, -45.5929489136, 14.8262491226, -30.6249465942, 1.31755793095, 40.6263160706, 122.345298767, 51.1104660034, 20.0134410858, -0.159414559603, -6.37295103073], [352.819580078, 3.00746536255, 8.74033641815, 16.1254787445, -45.0917015076, -12.8676490784, -31.9148483276, 30.8902816772, 51.1104660034, 118.075515747, 39.2043647766, -2.13097500801, -1.54184556007], [17.5495147705, -6.32524490356, 47.8712463379, 3.88756275177, 19.8744430542, -11.7310600281, -1.14387655258, 18.0990943909, 20.0134410858, 39.2043647766, 81.8516159058, 29.2741107941, 5.22051954269], [-13.7976360321, -52.5141410828, 34.321811676, 17.8740348816, 26.1417217255, 24.7766799927, 7.21171188354, 17.9645023346, -0.159414559603, -2.13097500801, 29.2741107941, 80.1521530151, 25.5278892517], [50.4726066589, 34.5943183899, -3.49487376213, 1.9130051136, 0.0125447697937, 14.4598464966, 7.09852743149, -1.76067852974, -6.37295103073, -1.54184556007, 5.22051954269, 25.5278892517, 63.6730384827]], "icov": [[0.00011572612857, -0.000101154320873, 4.88909536216e-05, -0.000112061599793, 0.000197516623302, -0.000148796054418, 8.87720816536e-05, -0.000170886778506, 0.000108699183329, -0.000261538516497, 3.03446049656e-05, -5.18071392435e-05, 1.12334009827e-05], [-0.000101154320873, 0.0006786675076, 0.00013688179024, 0.000269796262728, -0.00034099270124, 0.000194844193175, -0.000135231675813, 0.000283192144707, 5.9990263253e-05, 5.19632340001e-05, -0.000170246465132, 0.000531834026333, -0.00050241407007], [4.88909536216e-05, 0.00013688179024, 0.00177747791167, -0.000106190964289, -0.00100426084828, 0.00014352404105, -0.000370607303921, -5.62311179237e-05, -0.000386499101296, -0.000422645214712, -0.000399976386689, -0.00019421945035, 5.67358765693e-05], [-0.000112061599793, 0.000269796262728, -0.000106190964289, 0.00251416745596, -0.000243592716288, -0.00139017298352, 0.000173761261976, -0.00070140772732, 0.00107086810749, -0.000420352182118, -0.000173408130649, 0.000307221111143, 0.000125913109514], [0.000197516623302, -0.00034099270124, -0.00100426084828, -0.000243592716288, 0.00518557988107, -0.000559824693482, -0.00214488478377, 0.000479161186377, -0.000812612008303, 0.00147539412137, -0.00117390486412, -0.000919312355109, 0.000778589397669], [-0.000148796054418, 0.000194844193175, 0.00014352404105, -0.00139017298352, -0.000559824693482, 0.00687579996884, -0.00220912974328, -0.00175486912485, 0.00150323752314, -0.000279675849015, 0.00183658918831, -0.00144281145185, -0.00073030492058], [8.87720816536e-05, -0.000135231675813, -0.000370607303921, 0.000173761261976, -0.00214488478377, -0.00220912974328, 0.00875359401107, -0.00100458599627, -0.00044488653657, 0.00163943669759, -0.000375838688342, 0.00138163520023, -0.0010519583011], [-0.000170886778506, 0.000283192144707, -5.62311179237e-05, -0.00070140772732, 0.000479161186377, -0.00175486912485, -0.00100458599627, 0.00909777451307, -0.00353067577817, -0.000230482473853, -0.000924573279917, -0.00120797834825, 0.000962726189755], [0.000108699183329, 5.9990263253e-05, -0.000386499101296, 0.00107086810749, -0.000812612008303, 0.00150323752314, -0.00044488653657, -0.00353067577817, 0.0127174798399, -0.00557214440778, 0.000864461821038, 1.92500483536e-05, 0.000497956585605], [-0.000261538516497, 5.19632340001e-05, -0.000422645214712, -0.000420352182118, 0.00147539412137, -0.000279675849015, 0.00163943669759, -0.000230482473853, -0.00557214440778, 0.0151081178337, -0.00686402386054, 0.00291065941565, -0.000753438624088], [3.03446049656e-05, -0.000170246465132, -0.000399976386689, -0.000173408130649, -0.00117390486412, 0.00183658918831, -0.000375838688342, -0.000924573279917, 0.000864461821038, -0.00686402386054, 0.018767863512, -0.00716376630589, 0.000904834247194], [-5.18071392435e-05, 0.000531834026333, -0.00019421945035, 0.000307221111143, -0.000919312355109, -0.00144281145185, 0.00138163520023, -0.00120797834825, 1.92500483536e-05, 0.00291065941565, -0.00716376630589, 0.0186252966523, -0.00693489145488], [1.12334009827e-05, -0.00050241407007, 5.67358765693e-05, 0.000125913109514, 0.000778589397669, -0.00073030492058, -0.0010519583011, 0.000962726189755, 0.000497956585605, -0.000753438624088, 0.000904834247194, -0.00693489145488, 0.0190159771591]], "mean": [-722.503356934, 151.50491333, -11.9510612488, 25.1243515015, -13.5968017578, 12.705657959, -2.11285924911, 6.07420444489, -2.98445153236, 4.00580596924, -0.33703482151, -0.578203380108, 2.8921353817]}, "pitch_salience": {"dmean": 0.091043882072, "dmean2": 0.147446975112, "dvar": 0.00726534659043, "dvar2": 0.0188907962292, "max": 0.996096432209, "mean": 0.560277998447, "median": 0.576707243919, "min": 0.0794799998403, "var": 0.0161090958863}, "silence_rate_20dB": {"dmean": 0, "dmean2": 0, "dvar": 0, "dvar2": 0, "max": 1, "mean": 1, "median": 1, "min": 1, "var": 0}, "silence_rate_30dB": {"dmean": 0.0284120813012, "dmean2": 0.0568301416934, "dvar": 0.0276043079793, "dvar2": 0.0712843984365, "max": 1, "mean": 0.978324890137, "median": 1, "min": 0, "var": 0.0212064925581}, "silence_rate_60dB": {"dmean": 0.0667157769203, "dmean2": 0.133445590734, "dvar": 0.0622687637806, "dvar2": 0.128699481487, "max": 1, "mean": 0.181607738137, "median": 0, "min": 0, "var": 0.148616343737}, "spectral_centroid": {"dmean": 269.804473877, "dmean2": 382.078674316, "dvar": 129915.757812, "dvar2": 233294.453125, "max": 11745.2587891, "mean": 1293.79870605, "median": 922.893066406, "min": 139.906661987, "var": 2375462.75}, "spectral_complexity": {"dmean": 3.74344944954, "dmean2": 5.05977678299, "dvar": 26.1990470886, "dvar2": 37.1969947815, "max": 57, "mean": 13.4115104675, "median": 11, "min": 0, "var": 115.854301453}, "spectral_contrast_coeffs": {"dmean": [0.0553881041706, 0.051537219435, 0.0424536466599, 0.0313411988318, 0.0251226015389, 0.0507088787854], "dmean2": [0.089145667851, 0.083048529923, 0.068327344954, 0.0501697473228, 0.0385383404791, 0.0760735943913], "dvar": [0.00208498770371, 0.00179581018165, 0.00125154352281, 0.000664572871756, 0.000438963004854, 0.00207785121165], "dvar2": [0.00512118637562, 0.00462317746133, 0.00311895599589, 0.00160406995565, 0.00100695341825, 0.00442849798128], "max": [-0.286190032959, -0.371899098158, -0.485805124044, -0.607891023159, -0.614080071449, -0.388458758593], "mean": [-0.682176232338, -0.759634792805, -0.786952972412, -0.805447995663, -0.820322275162, -0.72928249836], "median": [-0.681131124496, -0.768161296844, -0.79693877697, -0.809138059616, -0.819840908051, -0.734248280525], "min": [-0.985072314739, -0.996570646763, -0.998861253262, -0.987795829773, -0.988493561745, -0.964985907078], "var": [0.00914523564279, 0.00692615425214, 0.00551772862673, 0.0029684191104, 0.00211716792546, 0.00864828471094]}, "spectral_contrast_valleys": {"dmean": [0.531203746796, 0.421359956264, 0.393657654524, 0.382686555386, 0.457613915205, 0.723757684231], "dmean2": [0.801226198673, 0.641385734081, 0.581211388111, 0.531130194664, 0.581241250038, 1.09790968895], "dvar": [0.260122358799, 0.149350374937, 0.144699022174, 0.154537931085, 0.24141843617, 0.394453078508], "dvar2": [0.473855942488, 0.294236123562, 0.26429194212, 0.258220911026, 0.374170899391, 0.858789801598], "max": [-5.07195568085, -4.24442338943, -5.00612211227, -5.87059259415, -5.55179166794, -8.93639087677], "mean": [-8.05814838409, -7.29685878754, -7.8189702034, -8.45654582977, -8.62768363953, -11.9549808502], "median": [-7.50669527054, -6.78412771225, -7.32662439346, -7.97921466827, -8.10614204407, -11.5592517853], "min": [-28.2252960205, -28.1392765045, -27.9673938751, -27.7570419312, -27.4982910156, -27.418510437], "var": [9.20101356506, 9.6522808075, 9.17908191681, 8.67033958435, 8.79594326019, 6.30218410492]}, "spectral_decrease": {"dmean": 3.73651776187e-09, "dmean2": 5.85286397126e-09, "dvar": 5.00814648986e-17, "dvar2": 1.25735807387e-16, "max": 3.8850891948e-10, "mean": -5.77607739416e-09, "median": -2.86084289591e-09, "min": -6.81332181784e-08, "var": 6.28919250184e-17}, "spectral_energy": {"dmean": 0.014938893728, "dmean2": 0.0231487434357, "dvar": 0.000759655318689, "dvar2": 0.00189218961168, "max": 0.263546735048, "mean": 0.02542536892, "median": 0.0137889031321, "min": 1.00376178213e-20, "var": 0.00102909374982}, "spectral_energyband_high": {"dmean": 0.000289081712253, "dmean2": 0.000390342029277, "dvar": 2.54560887925e-07, "dvar2": 4.78463618947e-07, "max": 0.00895847845823, "mean": 0.000451014493592, "median": 0.000137330644066, "min": 7.12873379966e-21, "var": 5.8427372096e-07}, "spectral_energyband_low": {"dmean": 0.00976110063493, "dmean2": 0.0159116033465, "dvar": 0.000606822606642, "dvar2": 0.00156600424089, "max": 0.246014967561, "mean": 0.00934860855341, "median": 0.00211548502557, "min": 1.01524363241e-23, "var": 0.000489764090162}, "spectral_energyband_middle_high": {"dmean": 0.00218040798791, "dmean2": 0.00313011324033, "dvar": 1.84479449672e-05, "dvar2": 3.93962800445e-05, "max": 0.116995885968, "mean": 0.00456794491038, "median": 0.00131191778928, "min": 1.15930251422e-21, "var": 5.87095601077e-05}, "spectral_energyband_middle_low": {"dmean": 0.00508463568985, "dmean2": 0.00757945748046, "dvar": 8.98925136426e-05, "dvar2": 0.000209184086998, "max": 0.244873806834, "mean": 0.0103500671685, "median": 0.00456675887108, "min": 1.57393590919e-22, "var": 0.000254123820923}, "spectral_entropy": {"dmean": 0.248245388269, "dmean2": 0.342865824699, "dvar": 0.0610056705773, "dvar2": 0.11100127548, "max": 9.82450962067, "mean": 7.41768693924, "median": 7.40562295914, "min": 4.87892007828, "var": 0.344751775265}, "spectral_flux": {"dmean": 0.0347994938493, "dmean2": 0.0564127415419, "dvar": 0.00238522654399, "dvar2": 0.00552453612909, "max": 0.465554833412, "mean": 0.0876277759671, "median": 0.0704233497381, "min": 6.29998206381e-11, "var": 0.00471419421956}, "spectral_kurtosis": {"dmean": 4.77473068237, "dmean2": 6.70449829102, "dvar": 31.2855701447, "dvar2": 66.2855911255, "max": 75.640953064, "mean": 15.0895624161, "median": 12.9922657013, "min": -1.26157569885, "var": 89.9599380493}, "spectral_rms": {"dmean": 0.00121180550195, "dmean2": 0.00173191656359, "dvar": 2.83958547698e-06, "dvar2": 6.15611361354e-06, "max": 0.0160349234939, "mean": 0.00414676871151, "median": 0.00366777693853, "min": 3.12934465667e-12, "var": 7.6095498116e-06}, "spectral_rolloff": {"dmean": 2774.88378906, "dmean2": 5109.2734375, "dvar": 35685516, "dvar2": 77405592, "max": 21985.4003906, "mean": 6059.08007812, "median": 1335.05859375, "min": 43.06640625, "var": 71175072}, "spectral_skewness": {"dmean": 0.444176286459, "dmean2": 0.58938986063, "dvar": 0.224935367703, "dvar2": 0.415100544691, "max": 6.85968875885, "mean": 2.53680348396, "median": 2.44073867798, "min": -0.071855738759, "var": 0.974301636219}, "spectral_spread": {"dmean": 664244.8125, "dmean2": 935314.375, "dvar": 550436339712, "dvar2": 1023582666750.0, "max": 42702748, "mean": 4689118.5, "median": 3738951.25, "min": 1336451.125, "var":