{"lowlevel": {"average_loudness": 0.838077187538, "barkbands": {"dmean": [0.010594651103, 0.0188530702144, 0.00195738743059, 0.000732922635507, 0.000769152364228, 0.00126009434462, 0.000871915370226, 0.000817349064164, 0.00119174900465, 0.00112044170965, 0.000934392621275, 0.00054678140441, 0.000469968246762, 0.000300652522128, 0.000336961762514, 0.000207793709706, 0.000174357614014, 0.000170839150087, 0.000127671490191, 8.62282031449e-05, 8.1520738604e-05, 7.63785283198e-05, 0.000105550243461, 0.00013960643264, 1.19338983495e-05, 4.6836630645e-05, 0.000105451821582], "dmean2": [0.0182884093374, 0.0320514291525, 0.00322040263563, 0.00118488667067, 0.00127436534967, 0.00204681511968, 0.00138661416713, 0.00134845497087, 0.00196610507555, 0.00181610567961, 0.00152186839841, 0.00091757910559, 0.000776605389547, 0.000503957853653, 0.000564063258935, 0.000341247563483, 0.000284132402157, 0.000278112973319, 0.000206834083656, 0.000134082423756, 0.000124033351312, 0.000118123054563, 0.000167333899299, 0.000223325390834, 1.90250520973e-05, 7.42542251828e-05, 0.000159076225827], "dvar": [0.000621684012003, 0.00165130826645, 1.46765296449e-05, 1.8438687448e-06, 2.18444802158e-06, 1.42045219036e-05, 1.02758267531e-05, 7.28962595531e-06, 1.70288822119e-05, 1.19192991406e-05, 1.52672255354e-05, 1.60148601935e-06, 9.5313635029e-07, 5.25679354269e-07, 5.91148250351e-07, 2.98712194535e-07, 2.16543682541e-07, 3.05706691961e-07, 1.49116033299e-07, 3.05916287857e-08, 2.28614194242e-08, 2.45851019542e-08, 5.83953188027e-08, 9.97036835315e-08, 7.11204872772e-10, 1.17286207413e-08, 4.59613538339e-08], "dvar2": [0.00159379048273, 0.00435277167708, 3.74329392798e-05, 4.47745014753e-06, 5.43734722669e-06, 3.6934241507e-05, 2.49744407483e-05, 1.94498115889e-05, 4.43546341558e-05, 3.0212368074e-05, 3.61820093531e-05, 4.29953661296e-06, 2.50911193689e-06, 1.41585212532e-06, 1.58073294187e-06, 7.6665008919e-07, 5.54316159196e-07, 8.19007141217e-07, 3.93914376673e-07, 7.3693634306e-08, 5.14325151357e-08, 5.68185818395e-08, 1.38311222031e-07, 2.36641710671e-07, 1.68218616814e-09, 2.78179435043e-08, 1.04305378557e-07], "max": [0.192974358797, 0.406381696463, 0.067872710526, 0.0281291343272, 0.0617588199675, 0.0934084504843, 0.118461988866, 0.0834250599146, 0.125498861074, 0.105112761259, 0.207017883658, 0.0192975644022, 0.017616186291, 0.0144021622837, 0.0199586879462, 0.00942599214613, 0.0100236972794, 0.0103016002104, 0.00919031072408, 0.00251405802555, 0.00195344910026, 0.00248929392546, 0.00443247426301, 0.00299694784917, 0.000417235132772, 0.0013610329479, 0.00315158697776], "mean": [0.00764516508207, 0.0160637795925, 0.0018794630887, 0.000764845055528, 0.000971252447926, 0.00169718416873, 0.00114684854634, 0.00108135922346, 0.00154979911167, 0.0014596960973, 0.00116360979155, 0.00069098075619, 0.000605806591921, 0.000379330856958, 0.00043678493239, 0.000247348332778, 0.000215134656173, 0.000212881233892, 0.000153397137183, 0.000102931146102, 9.40936661209e-05, 7.71056947997e-05, 9.17635989026e-05, 0.000114775983093, 1.03767360997e-05, 3.92930414819e-05, 0.000109925465949], "median": [0.000367262749933, 0.00337178725749, 0.000529063632712, 0.000228507764405, 0.000409655855037, 0.00032349297544, 0.000156282330863, 0.000131391730974, 0.000202503128094, 0.000194848384126, 0.00018959978479, 0.000187508339877, 0.000171999985469, 0.000100253120763, 0.000103714490251, 5.73735160287e-05, 4.854378858e-05, 4.76452041767e-05, 3.25750843331e-05, 2.46253766818e-05, 1.97174467758e-05, 1.05267090476e-05, 6.87955207468e-06, 5.78084973313e-06, 9.67018650044e-07, 2.52925201494e-06, 1.96545370272e-05], "min": [7.23071582055e-25, 3.23236465889e-24, 4.97808425986e-24, 1.06460368477e-24, 3.04646154019e-23, 2.52279957855e-23, 2.60815685285e-23, 1.41272287465e-23, 3.04500309415e-23, 2.05511518673e-23, 3.09351015122e-23, 4.18509453555e-23, 3.54360767801e-23, 5.52986824503e-23, 6.45239121768e-23, 1.56120369418e-22, 6.86717175729e-23, 7.4007900902e-23, 1.99720837867e-22, 2.53892951214e-22, 2.76276128404e-22, 4.53206471796e-22, 4.21286332294e-22, 8.50333995666e-22, 1.11247401433e-21, 1.30413283258e-21, 2.19687619246e-21], "var": [0.000470926868729, 0.00129103078507, 1.38202303788e-05, 2.08000733437e-06, 3.35009031005e-06, 2.11738733924e-05, 1.6037523892e-05, 1.08059730337e-05, 2.41833022301e-05, 1.91549788724e-05, 2.5313358492e-05, 2.01190482585e-06, 1.32447621581e-06, 6.53287202113e-07, 8.56664598814e-07, 3.16736901596e-07, 2.43410681833e-07, 2.90489623467e-07, 1.46530709344e-07, 3.89693717295e-08, 3.21757909205e-08, 2.85989738558e-08, 5.59170523218e-08, 9.06338897266e-08, 6.61568355653e-10, 1.0719174881e-08, 5.21683531929e-08]}, "barkbands_crest": {"dmean": 4.15373945236, "dmean2": 6.98136138916, "dvar": 10.8688516617, "dvar2": 28.4131298065, "max": 25.8558559418, "mean": 12.1682024002, "median": 11.8873205185, "min": 2.77211070061, "var": 21.2974720001}, "barkbands_flatness_db": {"dmean": 0.0389906615019, "dmean2": 0.0629826784134, "dvar": 0.00108313071541, "dvar2": 0.00287182116881, "max": 0.383415102959, "mean": 0.143512666225, "median": 0.139322042465, "min": 0.0231346562505, "var": 0.00280178827234}, "barkbands_kurtosis": {"dmean": 8.8041973114, "dmean2": 14.6680011749, "dvar": 241.915649414, "dvar2": 625.855834961, "max": 394.946777344, "mean": 9.98986053467, "median": 3.90296888351, "min": -1.87452983856, "var": 338.961334229}, "barkbands_skewness": {"dmean": 1.16500532627, "dmean2": 1.83597099781, "dvar": 1.45819270611, "dvar2": 3.60858345032, "max": 16.0101642609, "mean": 2.15295171738, "median": 1.76007390022, "min": -3.83822107315, "var": 3.3857395649}, "barkbands_spread": {"dmean": 8.40447902679, "dmean2": 13.6301259995, "dvar": 85.5146179199, "dvar2": 221.023544312, "max": 126.79183197, "mean": 19.8148021698, "median": 16.0835094452, "min": 0.473506301641, "var": 260.243530273}, "dissonance": {"dmean": 0.0204388778657, "dmean2": 0.0347842276096, "dvar": 0.000584277266171, "dvar2": 0.00161579286214, "max": 0.500000119209, "mean": 0.46999412775, "median": 0.481100440025, "min": 0.209956675768, "var": 0.00107254111208}, "dynamic_complexity": 7.30460929871, "erbbands": {"dmean": [0.990135192871, 2.65855765343, 2.70023560524, 2.45570874214, 1.98908567429, 2.70017409325, 5.6534743309, 12.1160430908, 14.4529857635, 10.6532735825, 19.607635498, 25.2988605499, 38.8409957886, 33.3485679626, 27.3529033661, 23.2270851135, 21.572227478, 14.6647443771, 18.3574676514, 14.0571336746, 10.5399208069, 9.73812484741, 9.62860012054, 7.85008049011, 5.0785112381, 4.06911182404, 3.48643922806, 3.21824598312, 2.78535032272, 2.5575261116, 3.15789842606, 3.09630513191, 2.07668042183, 0.333767235279, 0.0236804485321, 0.0121524287388, 0.0848776623607, 0.0946709364653, 0.0145748909563, 0.00124396674801], "dmean2": [1.73471653461, 4.43986797333, 4.38358592987, 3.89402651787, 3.30373859406, 4.48535442352, 9.42074394226, 19.676317215, 22.6790008545, 17.1264305115, 32.5862045288, 41.4396858215, 63.5250740051, 54.2385787964, 44.6884155273, 38.7345085144, 35.565788269, 24.2646121979, 30.608631134, 23.1183395386, 17.207649231, 15.6949510574, 15.652223587, 12.6932849884, 8.16986370087, 6.32864999771, 5.38278913498, 4.89933824539, 4.29271221161, 4.01371908188, 5.02690124512, 4.95857810974, 3.33054232597, 0.532271265984, 0.037705026567, 0.0193694084883, 0.134638488293, 0.150543436408, 0.0224591270089, 0.00183715810999], "dvar": [5.03001594543, 34.4242935181, 30.0738697052, 21.1943531036, 13.8358564377, 37.1293945312, 188.687408447, 1601.85217285, 2650.39453125, 1053.10473633, 4257.45849609, 10079.6787109, 14465.9462891, 14401.6796875, 7957.18359375, 2901.52539062, 1991.09777832, 1153.36853027, 1773.25109863, 1077.06433105, 802.590515137, 721.444213867, 957.975585938, 694.313537598, 197.3697052, 71.1911849976, 43.6529045105, 37.9133300781, 31.8977794647, 30.8747959137, 53.6001281738, 50.3648948669, 22.6970100403, 0.558757007122, 0.00237267115153, 0.000645608990453, 0.0382159389555, 0.0494561493397, 0.00101992918644, 5.92528886045e-06], "dvar2": [13.6151351929, 88.6183319092, 73.7569122314, 49.9435958862, 36.3054733276, 86.1461791992, 505.509033203, 4125.22949219, 6500.29882812, 2744.08959961, 11246.9570312, 26099.4140625, 37633.1757812, 35751.1757812, 19096.4082031, 7696.09814453, 5220.87988281, 3072.85961914, 4746.11914062, 2831.05932617, 2078.92993164, 1838.52392578, 2571.15625, 1858.12524414, 517.30456543, 172.055725098, 100.805526733, 85.6386566162, 73.4125823975, 72.8354797363, 127.476333618, 120.322402954, 54.128692627, 1.31365168095, 0.00551675492898, 0.00152277143206, 0.090319648385, 0.117577560246, 0.00236161169596, 1.2991152289e-05], "max": [21.1159114838, 66.4615936279, 85.7895126343, 68.6687240601, 64.4392776489, 370.422119141, 430.7215271, 991.369262695, 1993.49707031, 768.265686035, 2220.68310547, 3830.2578125, 2720.06445312, 4548.61376953, 3648.5456543, 945.937866211, 844.770202637, 780.45526123, 724.062744141, 640.922729492, 532.820739746, 586.237548828, 629.348327637, 904.889038086, 278.655670166, 131.823471069, 82.1999130249, 112.189865112, 102.521034241, 80.1063766479, 136.865982056, 81.0052947998, 49.6091537476, 7.26569747925, 0.983043968678, 0.543611228466, 2.6289498806, 2.86811232567, 0.481468439102, 0.0393796041608], "mean": [0.756142199039, 2.45922708511, 2.71881866455, 2.58984827995, 2.30362844467, 3.26125097275, 7.334877491, 15.7473087311, 19.346113205, 14.9004678726, 26.8233261108, 34.6716575623, 51.860496521, 45.250579834, 36.76197052, 30.6935081482, 28.9299545288, 20.0355072021, 23.8692779541, 18.3435935974, 12.9857549667, 12.2348661423, 12.1427688599, 9.61498832703, 6.19804668427, 4.88367509842, 4.06417798996, 3.59091520309, 2.85544586182, 2.37212586403, 2.71732258797, 2.56691670418, 1.69364905357, 0.280195862055, 0.0230272598565, 0.0119969304651, 0.0715444460511, 0.0797613412142, 0.0139724947512, 0.00151552841999], "median": [0.11145516485, 0.599908471107, 0.783880233765, 0.775780916214, 0.976866841316, 1.26201665401, 1.94616818428, 2.55631184578, 2.39508724213, 2.50845479965, 3.33624911308, 4.75674295425, 6.10512638092, 7.46165513992, 8.32528305054, 8.44199943542, 8.50335884094, 6.02095603943, 6.00959062576, 4.8095459938, 3.19437384605, 2.79815983772, 2.81302928925, 2.00179362297, 1.48141956329, 1.15780842304, 0.916971385479, 0.677594065666, 0.413299888372, 0.24970062077, 0.197199419141, 0.145260006189, 0.0770936235785, 0.0168265141547, 0.00452062115073, 0.00271501298994, 0.00446415320039, 0.00509346742183, 0.00189265341032, 0.000385043589631], "min": [4.46413432769e-22, 1.44705534449e-21, 6.92757785341e-21, 4.61490081805e-21, 2.69471710595e-20, 1.37640204366e-19, 1.78776128873e-19, 1.261819305e-19, 2.33991559209e-19, 6.10405163433e-19, 4.66329274181e-19, 5.01794229354e-19, 1.07087432826e-18, 1.04055774522e-18, 1.50358388042e-18, 1.5100829351e-18, 1.97143919944e-18, 2.20791710847e-18, 2.91786637589e-18, 3.80614048054e-18, 7.70482510082e-18, 4.83429703062e-18, 4.88346960931e-18, 7.28045414962e-18, 1.0559591658e-17, 1.1985288729e-17, 1.13474621663e-17, 1.23552237512e-17, 1.60309306705e-17, 1.4348213694e-17, 1.39466042717e-17, 1.63758534054e-17, 1.2849833917e-17, 9.91321701097e-18, 6.07762724626e-18, 4.60607748602e-18, 2.07282693391e-18, 9.24271040349e-19, 3.25522299313e-19, 3.23494634063e-20], "var": [3.53198170662, 29.9552955627, 30.3746891022, 23.4963092804, 15.471780777, 64.8578262329, 271.017150879, 2257.55444336, 4136.21240234, 1731.97802734, 6403.61669922, 13833.3486328, 24007.6308594, 23508.75, 13542.6318359, 3881.94165039, 2860.13037109, 1623.76306152, 2398.87280273, 1384.34753418, 854.476623535, 810.667907715, 914.717407227, 654.278747559, 198.359558105, 90.3972549438, 58.8046760559, 51.5092964172, 38.3419418335, 31.6296749115, 50.2921638489, 45.6512985229, 20.3581676483, 0.516928672791, 0.00250137457624, 0.00067383912392, 0.0351128131151, 0.0451210103929, 0.00105742074084, 8.08812001196e-06]}, "erbbands_crest": {"dmean": 3.06004118919, "dmean2": 4.95450401306, "dvar": 9.99963188171, "dvar2": 23.6437397003, "max": 33.4284973145, "mean": 8.69860935211, "median": 6.9086356163, "min": 1.92777729034, "var": 27.7784423828}, "erbbands_flatness_db": {"dmean": 0.0285353325307, "dmean2": 0.0406522490084, "dvar": 0.0007100731018, "dvar2": 0.0012827651808, "max": 0.375579714775, "mean": 0.140845611691, "median": 0.134611308575, "min": 0.033382024616, "var": 0.00322855357081}, "erbbands_kurtosis": {"dmean": 1.76252353191, "dmean2": 2.79045915604, "dvar": 13.0298728943, "dvar2": 30.4265155792, "max": 159.053741455, "mean": 1.69750845432, "median": 0.472794771194, "min": -1.81098759174, "var": 29.3788032532}, "erbbands_skewness": {"dmean": 0.47983288765, "dmean2": 0.744990229607, "dvar": 0.226108759642, "dvar2": 0.51136225462, "max": 10.4487361908, "mean": 0.278361856937, "median": 0.161452174187, "min": -3.60446166992, "var": 0.95111989975}, "erbbands_spread": {"dmean": 11.6527862549, "dmean2": 17.5333137512, "dvar": 192.185760498, "dvar2": 391.630187988, "max": 163.912231445, "mean": 34.2195930481, "median": 29.8520393372, "min": 1.04953193665, "var": 487.263916016}, "gfcc": {"cov": [[21079.9863281, 455.179595947, -1341.6829834, 24.1468830109, -279.936889648, 58.9824981689, 450.839477539, 109.786979675, 267.117095947, 134.578704834, 9.57096195221, -135.923309326, -201.023376465], [455.179595947, 1240.60778809, -336.808532715, -385.758270264, 54.2267341614, -199.444000244, -80.9700546265, 0.064829185605, -87.3014907837, 43.9994468689, -46.0523147583, -13.9815034866, 26.8100147247], [-1341.6829834, -336.808532715, 748.978149414, 322.295928955, -17.6698474884, 188.485107422, -61.7138519287, 7.74283075333, -5.74414587021, 17.1620292664, 2.38001275063, 31.8609848022, -6.19587039948], [24.1468830109, -385.758270264, 322.295928955, 523.776733398, 224.229705811, 155.133468628, 48.0003242493, -25.0199165344, 27.3240184784, -59.2316665649, 14.6607275009, -11.8917789459, -23.928943634], [-279.936889648, 54.2267341614, -17.6698474884, 224.229705811, 368.485626221, 118.557632446, 18.9599628448, -15.0297679901, -28.1630840302, -52.5842666626, -22.9380741119, -11.8420944214, -5.67357635498], [58.9824981689, -199.444000244, 188.485107422, 155.133468628, 118.557632446, 272.794067383, 56.5011138916, 20.2347984314, -1.66677343845, -18.7704734802, -7.65395498276, 5.49655389786, -14.5921792984], [450.839477539, -80.9700546265, -61.7138519287, 48.0003242493, 18.9599628448, 56.5011138916, 172.444335938, 12.3006620407, 44.4759750366, -25.9378204346, 9.21544075012, -15.1422023773, -2.57637143135], [109.786979675, 0.064829185605, 7.74283075333, -25.0199165344, -15.0297679901, 20.2347984314, 12.3006620407, 146.875137329, 34.5902175903, 41.1348648071, -3.5174806118, 0.149550065398, -15.1064395905], [267.117095947, -87.3014907837, -5.74414587021, 27.3240184784, -28.1630840302, -1.66677343845, 44.4759750366, 34.5902175903, 128.790283203, 34.4008865356, 27.5907554626, -14.5597200394, -15.5676727295], [134.578704834, 43.9994468689, 17.1620292664, -59.2316665649, -52.5842666626, -18.7704734802, -25.9378204346, 41.1348648071, 34.4008865356, 97.6755447388, 17.6897392273, 7.54832267761, -0.00856096018106], [9.57096195221, -46.0523147583, 2.38001275063, 14.6607275009, -22.9380741119, -7.65395498276, 9.21544075012, -3.5174806118, 27.5907554626, 17.6897392273, 70.5281295776, 30.997253418, 7.13224029541], [-135.923309326, -13.9815034866, 31.8609848022, -11.8917789459, -11.8420944214, 5.49655389786, -15.1422023773, 0.149550065398, -14.5597200394, 7.54832267761, 30.997253418, 60.6601028442, 31.712430954], [-201.023376465, 26.8100147247, -6.19587039948, -23.928943634, -5.67357635498, -14.5921792984, -2.57637143135, -15.1064395905, -15.5676727295, -0.00856096018106, 7.13224029541, 31.712430954, 61.327999115]], "icov": [[9.17018260225e-05, -0.000154645880684, 0.000456094334368, -0.000554658938199, 0.000537240994163, -0.000353067967808, -1.95103457372e-05, 5.42724883417e-05, -5.13952654728e-05, -0.000297220569337, 0.000351228023646, -0.00036356257624, 0.000310154806357], [-0.000154645880684, 0.00179213599768, -0.00115891685709, 0.0025956525933, -0.00253584608436, 0.00173674849793, -0.000237986270804, -0.000103437858343, 0.000779006222729, -0.000116288239951, -0.000750416365918, 0.00142521003727, -0.000703469908331], [0.000456094334368, -0.00115891685709, 0.00592109560966, -0.00625247787684, 0.00563616398722, -0.00429443316534, 0.00199649157003, 0.00027559971204, -7.36417641747e-05, -0.00265257502906, 0.00365481572226, -0.00386240752414, 0.00136473751627], [-0.000554658938199, 0.0025956525933, -0.00625247787684, 0.0110183721408, -0.0087405461818, 0.0041297157295, -0.00163734273519, 8.15493694972e-05, -0.000431259308243, 0.00372238946147, -0.00540077453479, 0.0051976875402, -0.00132857821882], [0.000537240994163, -0.00253584608436, 0.00563616398722, -0.0087405461818, 0.0108713246882, -0.00584317557514, 0.00183812703472, 0.000137957118568, 4.23314922955e-05, -0.0012501841411, 0.00431732693687, -0.00356285925955, 0.0011060256511], [-0.000353067967808, 0.00173674849793, -0.00429443316534, 0.0041297157295, -0.00584317557514, 0.0090004876256, -0.0033242572099, -0.000754940789193, 0.00110487092752, 0.000731952663045, -0.000753203523345, -3.24929715134e-05, 0.000921273138374], [-1.95103457372e-05, -0.000237986270804, 0.00199649157003, -0.00163734273519, 0.00183812703472, -0.0033242572099, 0.00934032443911, -0.00104302307591, -0.0028181578964, 0.00311520905234, -0.00149575003888, 0.00270049320534, -0.0028199153021], [5.42724883417e-05, -0.000103437858343, 0.00027559971204, 8.15493694972e-05, 0.000137957118568, -0.000754940789193, -0.00104302307591, 0.00891448836774, -0.00194997421931, -0.00378064345568, 0.00344390491955, -0.00369021715596, 0.00328009552322], [-5.13952654728e-05, 0.000779006222729, -7.36417641747e-05, -0.000431259308243, 4.23314922955e-05, 0.00110487092752, -0.0028181578964, -0.00194997421931, 0.0129518192261, -0.00422743568197, -0.00548877613619, 0.00568315200508, -2.9898563298e-05], [-0.000297220569337, -0.000116288239951, -0.00265257502906, 0.00372238946147, -0.0012501841411, 0.000731952663045, 0.00311520905234, -0.00378064345568, -0.00422743568197, 0.0175587274134, -0.00531183974817, 0.00261712493375, -0.00228708283976], [0.000351228023646, -0.000750416365918, 0.00365481572226, -0.00540077453479, 0.00431732693687, -0.000753203523345, -0.00149575003888, 0.00344390491955, -0.00548877613619, -0.00531183974817, 0.0280484743416, -0.0202567949891, 0.00656567653641], [-0.00036356257624, 0.00142521003727, -0.00386240752414, 0.0051976875402, -0.00356285925955, -3.24929715134e-05, 0.00270049320534, -0.00369021715596, 0.00568315200508, 0.00261712493375, -0.0202567949891, 0.0399164780974, -0.0181516371667], [0.000310154806357, -0.000703469908331, 0.00136473751627, -0.00132857821882, 0.0011060256511, 0.000921273138374, -0.0028199153021, 0.00328009552322, -2.9898563298e-05, -0.00228708283976, 0.00656567653641, -0.0181516371667, 0.0268750991672]], "mean": [-60.47813797, 89.943359375, -95.6698760986, 10.8399543762, -26.2370147705, 7.69035005569, -6.30358934402, -5.57556581497, -1.7355479002, -6.59584665298, -0.198794275522, 0.632351398468, -5.8778963089]}, "hfc": {"dmean": 10.941617012, "dmean2": 16.2329559326, "dvar": 274.974700928, "dvar2": 576.350585938, "max": 211.150039673, "mean": 17.6125774384, "median": 8.10486221313, "min": 1.13231748201e-16, "var": 538.317871094}, "melbands": {"dmean": [0.00737924128771, 0.00204806029797, 0.000398689124268, 0.00015344574058, 0.000180459057447, 0.000266884075245, 0.000211998951272, 0.000127036837512, 0.000160664858413, 0.000172701315023, 0.000195383210666, 0.000136123562697, 0.000113338894153, 6.22587613179e-05, 5.68991199543e-05, 4.26263504778e-05, 2.70398904831e-05, 3.06555266434e-05, 2.40688932536e-05, 1.59380197147e-05, 1.22004785226e-05, 1.03665788629e-05, 9.57600877882e-06, 8.1884145402e-06, 6.5125054789e-06, 4.40050462203e-06, 2.91801234198e-06, 2.77299341178e-06, 2.35488937506e-06, 1.95975167117e-06, 1.83789541097e-06, 1.59674004863e-06, 1.51802134951e-06, 1.37620656915e-06, 1.69007523709e-06, 2.11599694921e-06, 1.8533551156e-06, 1.64079949627e-06, 8.59356134697e-07, 9.01177799051e-08], "dmean2": [0.0126712247729, 0.00331019773148, 0.000633103831206, 0.00025486148661, 0.000299682898913, 0.00043123026262, 0.000333550298819, 0.000205676697078, 0.000265046663117, 0.000283696746919, 0.000319999788189, 0.000222081274842, 0.00018485666078, 0.000103869024315, 9.58256350714e-05, 7.01287426637e-05, 4.53043357993e-05, 5.15077808814e-05, 4.02821060561e-05, 2.6322379199e-05, 2.01277980523e-05, 1.68557271536e-05, 1.56772257469e-05, 1.34273450385e-05, 1.06367169792e-05, 7.2045959314e-06, 4.69021279059e-06, 4.37506923845e-06, 3.69400981981e-06, 3.01973727801e-06, 2.83628673969e-06, 2.47306707024e-06, 2.39587507167e-06, 2.18147670239e-06, 2.69285192189e-06, 3.40212500305e-06, 2.98394570564e-06, 2.63303422798e-06, 1.3821589846e-06, 1.42888694654e-07], "dvar": [0.000263300724328, 1.83564570762e-05, 5.17514706644e-07, 9.35661716994e-08, 1.75265000735e-07, 7.23865923646e-07, 5.53692473204e-07, 1.44731046703e-07, 2.58763435568e-07, 4.30492548276e-07, 3.68043657772e-07, 2.33816535911e-07, 1.97889306719e-07, 2.07679118347e-08, 1.55495829546e-08, 7.89974130555e-09, 4.17073264813e-09, 5.18334397626e-09, 3.34805361213e-09, 1.61211677341e-09, 1.13522535816e-09, 8.049149125e-10, 8.25192081333e-10, 6.85981715876e-10, 5.1734583284e-10, 1.79184445059e-10, 4.73785490007e-11, 3.37498258507e-11, 2.1760494448e-11, 1.41148473118e-11, 1.31442573839e-11, 1.0667484257e-11, 1.12665510602e-11, 9.38370041392e-12, 1.55230307775e-11, 2.55387534037e-11, 1.83741060561e-11, 1.44560474702e-11, 4.03850867678e-12, 3.79397881655e-14], "dvar2": [0.00070181832416, 4.46813719464e-05, 1.23145787256e-06, 2.27428017752e-07, 4.70650235229e-07, 1.86271267921e-06, 1.35741697704e-06, 3.84707988133e-07, 6.77040929986e-07, 1.11108863621e-06, 9.59693011282e-07, 5.76225602344e-07, 4.59704722289e-07, 5.51648327018e-08, 4.1918433169e-08, 2.03188665893e-08, 1.13027498472e-08, 1.39814986255e-08, 9.01008423426e-09, 4.17707823885e-09, 3.01685365578e-09, 2.07132622165e-09, 2.17298978811e-09, 1.84968096395e-09, 1.40325884246e-09, 4.7756232302e-10, 1.22172091888e-10, 8.15304768143e-11, 5.20689914796e-11, 3.22303433942e-11, 3.02288298559e-11, 2.46958946348e-11, 2.71169857402e-11, 2.23224026069e-11, 3.70331508515e-11, 6.17595696806e-11, 4.41905262383e-11, 3.46634769499e-11, 9.71031675207e-12, 8.92805523522e-14], "max": [0.144057780504, 0.0588595494628, 0.0103902714327, 0.015289622359, 0.0129485027865, 0.0212935004383, 0.0279543288052, 0.008032027632, 0.016121212393, 0.023336822167, 0.0134304324165, 0.0170067958534, 0.0221498887986, 0.00262837391347, 0.00184553128202, 0.00170144974254, 0.00151762622409, 0.00119743449613, 0.00191327370703, 0.000765245582443, 0.000692715868354, 0.000588090450037, 0.000793878920376, 0.000468452373752, 0.000828157993965, 0.000255507853581, 0.000130950109451, 0.000105536171759, 6.42369850539e-05, 5.99268205406e-05, 7.46170699131e-05, 5.45050133951e-05, 5.21441143064e-05, 4.18739691668e-05, 7.97676548245e-05, 7.63867428759e-05, 4.0810326027e-05, 4.04006059398e-05, 2.01863913389e-05, 2.05424726119e-06], "mean": [0.00591622618958, 0.0020796537865, 0.000440510775661, 0.000184805918252, 0.000234478895436, 0.000354130228516, 0.000285472662654, 0.000172456595465, 0.000215328298509, 0.000228749559028, 0.000255896477029, 0.0001792612602, 0.000145186219015, 7.96940730652e-05, 7.32306871214e-05, 5.5594391597e-05, 3.46285960404e-05, 3.8215333916e-05, 3.09278293571e-05, 1.9237619199e-05, 1.43683146234e-05, 1.26203312902e-05, 1.17552599477e-05, 9.94624952e-06, 7.67609253671e-06, 5.19035575053e-06, 3.46614820046e-06, 3.22814753417e-06, 2.64995878752e-06, 2.22083053814e-06, 2.00496856451e-06, 1.63280253673e-06, 1.44325383644e-06, 1.24559926462e-06, 1.46783008859e-06, 1.74961292032e-06, 1.52430004619e-06, 1.3324494148e-06, 6.97290545304e-07, 7.90585588106e-08], "median": [0.00102559430525, 0.000587677466683, 0.0001532232709, 8.05407617008e-05, 6.74405018799e-05, 5.91512362007e-05, 3.62521677744e-05, 2.7290019716e-05, 2.65298167506e-05, 2.98630093312e-05, 2.89974595944e-05, 2.77209328488e-05, 2.65595645033e-05, 2.20741640078e-05, 2.06782005989e-05, 1.55839825311e-05, 9.56825715548e-06, 9.15309556149e-06, 7.42771999285e-06, 4.70166787636e-06, 3.22450114254e-06, 2.77165895568e-06, 2.6169038847e-06, 2.1091416329e-06, 1.45527542372e-06, 1.12490874926e-06, 8.74619161095e-07, 6.95294886555e-07, 5.78509798288e-07, 4.47730485575e-07, 3.50682682893e-07, 2.34944607769e-07, 1.66934995605e-07, 1.19337443039e-07, 1.12630253568e-07, 1.01207049852e-07, 8.2325840367e-08, 6.01890874918e-08, 2.84676513473e-08, 8.09670108737e-09], "min": [4.74002812677e-24, 2.63208608066e-24, 1.27276968094e-24, 4.37167268252e-24, 7.39896308834e-24, 3.66846629439e-24, 4.23137495382e-24, 5.39428214586e-24, 4.21819111594e-24, 3.33094268976e-24, 5.12571918384e-24, 4.06468233366e-24, 4.59298879277e-24, 6.50450999551e-24, 2.35609914866e-24, 3.17246230884e-24, 4.01228224803e-24, 4.81950270753e-24, 5.04400226596e-24, 6.05856495364e-24, 7.58356048447e-24, 4.24536500754e-24, 4.93196981792e-24, 3.85294772796e-24, 5.59657408652e-24, 6.62938352136e-24, 7.31671092833e-24, 6.97971191621e-24, 6.87109129158e-24, 7.39435219635e-24, 6.27112825771e-24, 6.53245420979e-24, 7.3711604746e-24, 5.7596221693e-24, 6.73533306296e-24, 7.99953946156e-24, 8.97392309675e-24, 8.67003257682e-24, 7.99009285222e-24, 7.45491857007e-24], "var": [0.000194878011825, 1.85356257134e-05, 5.88904356391e-07, 1.41826077993e-07, 2.50630534993e-07, 1.0658939118e-06, 8.82086112597e-07, 2.30364477716e-07, 3.98218475084e-07, 5.99229394993e-07, 6.02816101036e-07, 3.81429941854e-07, 3.36172234938e-07, 2.76101896901e-08, 1.90906028763e-08, 1.13222613507e-08, 5.511280321e-09, 6.4230745167e-09, 4.63170701792e-09, 1.6933969782e-09, 1.1388455734e-09, 8.83421225062e-10, 8.33399960154e-10, 6.44841180453e-10, 4.63992400057e-10, 1.68083380547e-10, 5.02252545109e-11, 4.28175342404e-11, 2.67144431576e-11, 1.90766413083e-11, 1.72642334456e-11, 1.27310887527e-11, 1.16826947422e-11, 9.25452943445e-12, 1.45324802539e-11, 2.29125139001e-11, 1.63516353235e-11, 1.28426731055e-11, 3.56791462694e-12, 3.61651220039e-14]}, "melbands_crest": {"dmean": 5.99897432327, "dmean2": 9.81740379333, "dvar": 26.2705097198, "dvar2": 64.0665740967, "max": 38.1200447083, "mean": 18.7544250488, "median": 17.9941883087, "min": 1.81806468964, "var": 54.9830131531}, "melbands_flatness_db": {"dmean": 0.0470066443086, "dmean2": 0.075467094779, "dvar": 0.00157587637659, "dvar2": 0.00413583545014, "max": 0.523385286331, "mean": 0.24184538424, "median": 0.237871736288, "min": 0.00510394619778, "var": 0.00433299457654}, "melbands_kurtosis": {"dmean": 24.3877334595, "dmean2": 41.3053016663, "dvar": 2847.93286133, "dvar2": 7714.64794922, "max": 1190.98388672, "mean": 26.7232055664, "median": 9.44488620758, "min": -1.8308467865, "var": 2905.83618164}, "melbands_skewness": {"dmean": 1.77728283405, "dmean2": 2.79116129875, "dvar": 4.68356466293, "dvar2": 11.6669816971, "max": 32.1176071167, "mean": 3.36276507378, "median": 2.67570018768, "min": -3.33530163765, "var": 8.90856933594}, "melbands_spread": {"dmean": 8.59798812866, "dmean2": 14.2190942764, "dvar": 106.075592041, "dvar2": 273.276763916, "max": 160.008728027, "mean": 17.1035232544, "median": 14.1486530304, "min": 0.367028176785, "var": 197.267166138}, "mfcc": {"cov": [[18290.0761719, 794.341918945, -1052.1439209, -4.65163707733, -588.09765625, 149.422637939, -109.612297058, 285.139465332, -44.409488678, 444.352508545, 53.2987060547, 332.068389893, -166.823318481], [794.341918945, 1611.98852539, -483.848449707, -173.382461548, -151.082977295, -165.484680176, -100.205444336, -114.580162048, -46.8161010742, -67.8301315308, 10.7175149918, -58.7644767761, -35.5808677673], [-1052.1439209, -483.848449707, 800.371765137, 68.7346343994, 100.429946899, 82.4426651001, 31.4362373352, 6.90658712387, 8.71334648132, 26.1700687408, -6.71735858917, 22.816078186, 24.2040367126], [-4.65163707733, -173.382461548, 68.7346343994, 312.465087891, 161.921783447, 88.1067352295, 44.296081543, 40.5860519409, 9.3027639389, 6.23615932465, -15.9364280701, 15.2803821564, 4.01509523392], [-588.09765625, -151.082977295, 100.429946899, 161.921783447, 365.305786133, 154.51751709, 86.8034820557, 60.2376480103, 18.3986701965, 0.11466383189, -14.2012042999, -9.14819335938, 14.9869623184], [149.422637939, -165.484680176, 82.4426651001, 88.1067352295, 154.51751709, 248.783737183, 105.943138123, 70.5950393677, 19.8667411804, 14.1927728653, -37.5405807495, 7.06503486633, -2.7997648716], [-109.612297058, -100.205444336, 31.4362373352, 44.296081543, 86.8034820557, 105.943138123, 138.97769165, 78.8299331665, 23.0985889435, -3.07135868073, -20.3367996216, -8.74085903168, 7.20566749573], [285.139465332, -114.580162048, 6.90658712387, 40.5860519409, 60.2376480103, 70.5950393677, 78.8299331665, 123.521537781, 39.0850448608, 27.6431827545, -6.05264139175, 14.9040575027, 2.15104722977], [-44.409488678, -46.8161010742, 8.71334648132, 9.3027639389, 18.3986701965, 19.8667411804, 23.0985889435, 39.0850448608, 83.4500656128, 39.0470619202, 18.5211677551, 11.6234827042, 4.20708179474], [444.352508545, -67.8301315308, 26.1700687408, 6.23615932465, 0.11466383189, 14.1927728653, -3.07135868073, 27.6431827545, 39.0470619202, 96.2038345337, 40.8818511963, 32.3818893433, -1.98719120026], [53.2987060547, 10.7175149918, -6.71735858917, -15.9364280701, -14.2012042999, -37.5405807495, -20.3367996216, -6.05264139175, 18.5211677551, 40.8818511963, 77.3874664307, 35.1632385254, 6.85081624985], [332.068389893, -58.7644767761, 22.816078186, 15.2803821564, -9.14819335938, 7.06503486633, -8.74085903168, 14.9040575027, 11.6234827042, 32.3818893433, 35.1632385254, 73.3728561401, 19.7693157196], [-166.823318481, -35.5808677673, 24.2040367126, 4.01509523392, 14.9869623184, -2.7997648716, 7.20566749573, 2.15104722977, 4.20708179474, -1.98719120026, 6.85081624985, 19.7693157196, 53.8927078247]], "icov": [[9.76748051471e-05, -5.50491640752e-05, 0.000110058084829, -5.53238169232e-05, 0.000176790883415, -0.000129819120048, 0.000109017855721, -0.000273407902569, 0.000334923126502, -0.000523460155819, 0.000285270973109, -0.000428252998972, 0.000236511215917], [-5.50491640752e-05, 0.000895275035873, 0.000393743917812, 0.000289248506306, -0.000148533625179, 0.000212092840229, 1.49555353346e-05, 0.000618185324129, -0.000196902299649, 0.00062677229289, -0.000401526893256, 0.00052913906984, 0.00014335825108], [0.000110058084829, 0.000393743917812, 0.00172718556132, -1.27273642647e-05, -8.1352169218e-05, -0.00029637166881, -3.99663549615e-05, 0.000464858516352, 0.000405684520956, -0.00098814710509, 0.000639689271338, -0.000714542111382, -6.74121401971e-05], [-5.53238169232e-05, 0.000289248506306, -1.27273642647e-05, 0.00450457027182, -0.00203266344033, 0.000138982926728, -0.000119065043691, 0.000145806145156, -0.000171259103809, 0.00022794319375, 0.00118170655333, -0.00159938295837, 0.000730666215532], [0.000176790883415, -0.000148533625179, -8.1352169218e-05, -0.00203266344033, 0.0052694324404, -0.00279698963277, 0.00018331897445, -0.00144453498069, 0.000638564291876, -0.000120971577417, -0.00185347546358, 0.00201531709172, -0.00149834016338], [-0.000129819120048, 0.000212092840229, -0.00029637166881, 0.000138982926728, -0.00279698963277, 0.00892381183803, -0.00525566283613, 0.00125306006521, -0.000515349849593, -0.00171849958133, 0.00498728919774, -0.00345539837144, 0.00236544176005], [0.000109017855721, 1.49555353346e-05, -3.99663549615e-05, -0.000119065043691, 0.00018331897445, -0.00525566283613, 0.0165903680027, -0.0089865392074, -0.000455038272776, 0.00294262962416, -0.00220095762052, 0.00453642662615, -0.00304964650422], [-0.000273407902569, 0.000618185324129, 0.000464858516352, 0.000145806145156, -0.00144453498069, 0.00125306006521, -0.0089865392074, 0.0175569076091, -0.00489745475352, -0.0021162442863, 0.00336047122255, -0.00369639997371, 0.00154279801063], [0.000334923126502, -0.000196902299649, 0.000405684520956, -0.000171259103809, 0.000638564291876, -0.000515349849593, -0.000455038272776, -0.00489745475352, 0.0181221105158, -0.00724203465506, -0.00155196583364, 0.000623910455033, -0.000924032181501], [-0.000523460155819, 0.00062677229289, -0.00098814710509, 0.00022794319375, -0.000120971577417, -0.00171849958133, 0.00294262962416, -0.0021162442863, -0.00724203465506, 0.0216134879738, -0.00981848221272, -2.1566522264e-05, 0.00147397967521], [0.000285270973109, -0.000401526893256, 0.000639689271338, 0.00118170655333, -0.00185347546358, 0.00498728919774, -0.00220095762052, 0.00336047122255, -0.00155196583364, -0.00981848221272, 0.0256685465574, -0.0119947744533, 0.00207344419323], [-0.000428252998972, 0.00052913906984, -0.000714542111382, -0.00159938295837, 0.00201531709172, -0.00345539837144, 0.00453642662615, -0.00369639997371, 0.000623910455033, -2.1566522264e-05, -0.0119947744533, 0.0267993565649, -0.0100906444713], [0.000236511215917, 0.00014335825108, -6.74121401971e-05, 0.000730666215532, -0.00149834016338, 0.00236544176005, -0.00304964650422, 0.00154279801063, -0.000924032181501, 0.00147397967521, 0.00207344419323, -0.0100906444713, 0.0238081496209]], "mean": [-712.628662109, 136.553146362, -3.28244137764, 17.2564468384, 5.56546926498, 17.093580246, 6.91736507416, 12.4394721985, 1.44359195232, 8.13717937469, -0.453918904066, 7.38772392273, -1.31759881973]}, "pitch_salience": {"dmean": 0.131326213479, "dmean2": 0.216982781887, "dvar": 0.0118985110894, "dvar2": 0.0310283750296, "max": 0.972254216671, "mean": 0.499265491962, "median": 0.513802111149, "min": 0.0455985292792, "var": 0.0221786107868}, "silence_rate_20dB": {"dmean": 0.000191424202058, "dmean2": 0.000382885045838, "dvar": 0.000191372047993, "dvar2": 0.000574118923396, "max": 1, "mean": 0.99990427494, "median": 1, "min": 0, "var": 9.56899020821e-05}, "silence_rate_30dB": {"dmean": 0.120214395225, "dmean2": 0.240451797843, "dvar": 0.105765677989, "dvar2": 0.213089078665, "max": 1, "mean": 0.886113524437, "median": 1, "min": 0, "var": 0.100925058126}, "silence_rate_60dB": {"dmean": 0.0740811675787, "dmean2": 0.148176506162, "dvar": 0.0685963481665, "dvar2": 0.157048925757, "max": 1, "mean": 0.193702742457, "median": 0, "min": 0, "var": 0.15617865324}, "spectral_centroid": {"dmean": 310.151000977, "dmean2": 465.489807129, "dvar": 120217.53125, "dvar2": 253295.9375, "max": 11356.6171875, "mean": 1229.38427734, "median": 1070.89440918, "min": 150.575057983, "var": 463215.65625}, "spectral_complexity": {"dmean": 4.90352201462, "dmean2": 6.71178340912, "dvar": 36.7940292358, "dvar2": 62.1379241943, "max": 65, "mean": 14.9273614883, "median": 13, "min": 0, "var": 154.277755737}, "spectral_contrast_coeffs": {"dmean": [0.0536478124559, 0.0499525554478, 0.0386945866048, 0.0271876249462, 0.0216672047973, 0.0256845150143], "dmean2": [0.0889393314719, 0.0833081975579, 0.0638921931386, 0.0448972284794, 0.0353797189891, 0.0402472540736], "dvar": [0.00185750238597, 0.00167741777841, 0.001078852918, 0.000518251094036, 0.000354010699084, 0.000567165843677], "dvar2": [0.00503898272291, 0.00455428380519, 0.00284656300209, 0.00137351872399, 0.000890985305887, 0.00136117101647], "max": [-0.365656107664, -0.407051950693, -0.475514531136, -0.598684251308, -0.661087393761, -0.549838721752], "mean": [-0.743297934532, -0.785944223404, -0.814160883427, -0.828344166279, -0.828879773617, -0.775714576244], "median": [-0.746699750423, -0.798098146915, -0.831292867661, -0.833721935749, -0.828971028328, -0.774332523346], "min": [-0.963552892208, -0.974410235882, -0.974279105663, -0.963530898094, -0.97347009182, -0.963534832001], "var": [0.00482487911358, 0.00593560328707, 0.00496534071863, 0.00208761589602, 0.00139351503458, 0.00248827459291]}, "spectral_contrast_valleys": {"dmean": [0.557165563107, 0.472229987383, 0.432833582163, 0.429774880409, 0.460788279772, 0.619886696339], "dmean2": [0.827069282532, 0.741962432861, 0.663136839867, 0.635869860649, 0.621937274933, 0.798472225666], "dvar": [0.237593740225, 0.174460843205, 0.181399211287, 0.211700201035, 0.234972804785, 0.320890158415], "dvar2": [0.461960017681, 0.378028720617, 0.370474398136, 0.415797501802, 0.426144689322, 0.513945639133], "max": [-4.79670619965, -4.38600873947, -4.62390327454, -5.05353355408, -5.31394767761, -8.10909080505], "mean": [-7.3579454422, -7.18922281265, -7.37338590622, -7.83835172653, -8.1862783432, -11.0002298355], "median": [-7.05914926529, -6.87959527969, -6.97499656677, -7.52026367188, -7.88669872284, -10.9673995972], "min": [-28.5947780609, -27.5585689545, -27.5890350342, -27.6097640991, -27.3018779755, -27.2884979248], "var": [2.1608068943, 2.40641093254, 2.43287372589, 2.35719561577, 2.26475524902, 1.99338066578]}, "spectral_decrease": {"dmean": 8.79900685646e-09, "dmean2": 1.42838141315e-08, "dvar": 2.76533996194e-16, "dvar2": 6.94638008697e-16, "max": 1.55093957629e-20, "mean": -9.91164572639e-09, "median": -4.1813361662e-09, "min": -1.46487380448e-07, "var": 2.61459165543e-16}, "spectral_energy": {"dmean": 0.0340460687876, "dmean2": 0.0550017207861, "dvar": 0.00406085141003, "dvar2": 0.0101472418755, "max": 0.561071336269, "mean": 0.0390063822269, "median": 0.0167072173208, "min": 1.04682703433e-20, "var": 0.00392528856173}, "spectral_energyband_high": {"dmean": 0.000595229212195, "dmean2": 0.000906863657292, "dvar": 1.36388825922e-06, "dvar2": 3.09266124532e-06, "max": 0.0119138853624, "mean": 0.000590563227888, "median": 8.87570276973e-05, "min": 7.58562103333e-21, "var": 1.52933148456e-06}, "spectral_energyband_low": {"dmean": 0.0276331417263, "dmean2": 0.046095430851, "dvar": 0.00331791257486, "dvar2": 0.0085941394791, "max": 0.50032377243, "mean": 0.023805655539, "median": 0.00503180921078, "min": 4.64921359162e-23, "var": 0.00268054637127}, "spectral_energyband_middle_high": {"dmean": 0.00320790219121, "dmean2": 0.00505213998258, "dvar": 4.36661430285e-05, "dvar2": 0.000106532643258, "max": 0.213601246476, "mean": 0.00526229664683, "median": 0.00173842546064, "min": 1.25271757984e-21, "var": 8.86948109837e-05}, "spectral_energyband_middle_low": {"dmean": 0.00412654550746, "dmean2": 0.00640849256888, "dvar": 5.89458904869e-05, "dvar2": 0.000149359810166, "max": 0.164022117853, "mean": 0.00784628093243, "median": 0.00293270801194, "min": 2.5821181952e-22, "var": 0.000165985315107}, "spectral_entropy": {"dmean": 0.232494056225, "dmean2": 0.326377421618, "dvar": 0.0498186387122, "dvar2": 0.0946496725082, "max": 9.81068325043, "mean": 7.63823604584, "median": 7.67834424973, "min": 4.71748781204, "var": 0.2140378654}, "spectral_flux": {"dmean": 0.0583165287971, "dmean2": 0.0941043943167, "dvar": 0.00651728920639, "dvar2": 0.0141251636669, "max": 0.649801373482, "mean": 0.118247963488, "median": 0.0891052260995, "min": 6.82010975472e-11, "var": 0.0112272324041}, "spectral_kurtosis": {"dmean": 2.52279376984, "dmean2": 3.73713827133, "dvar": 7.80733537674, "dvar2": 17.0346698761, "max": 46.0160102844, "mean": 8.43687725067, "median": 8.10589408875, "min": -1.23144304752, "var": 20.6458835602}, "spectral_rms": {"dmean": 0.00211914768443, "dmean2": 0.00311322556809, "dvar": 8.17220825411e-06, "dvar2": 1.79837406904e-05, "max": 0.0233962964267, "mean": 0.00480350945145, "median": 0.00403729174286, "min": 3.19577003749e-12, "var": 1.49813531607e-05}, "spectral_rolloff": {"dmean": 562.765625, "dmean2": 961.694763184, "dvar": 1334583.625, "dvar2": 3370829.5, "max": 19552.1484375, "mean": 1006.87384033, "median": 732.12890625, "min": 21.533203125, "var": 2954494.25}, "spectral_skewness": {"dmean": 0.322672009468, "dmean2": 0.469428420067, "dvar": 0.105577930808, "dvar2": 0.210297778249, "max": 5.49072885513, "mean": 1.99454402924, "median": 1.97662127018, "min": -0.0181124079973, "var": 0.359968155622}, "spectral_spread": {"dmean": 797477.9375, "dmean2": 1145389, "dvar": 745782116352, "dvar2": 1296317677570.0, "max": 41251656, "mean": 4249776.5, "median": 3811618, "min": 1332740.5, "var