{"lowlevel": {"average_loudness": 0.919699966908, "barkbands": {"dmean": [0.00179962720722, 0.00599758001044, 0.00179374485742, 0.000583135464694, 0.0012001573341, 0.00107595801819, 0.000629865797237, 0.000582578068133, 0.00101307139266, 0.000767322315369, 0.0004020879569, 0.000408973486628, 0.000396596762585, 0.000362942053471, 0.000264401547611, 0.000305471010506, 0.000195711720153, 0.000210127982427, 0.000379375036573, 0.000180178292794, 0.000161772099091, 0.00043026523781, 5.07511758769e-05, 1.62586820807e-05, 1.52475979576e-06, 4.44555589638e-05, 0.000660986173898], "dmean2": [0.00293887034059, 0.00974632240832, 0.0031095368322, 0.00101416686084, 0.00196117209271, 0.00176283263136, 0.00101197743788, 0.000941938138567, 0.00163453246932, 0.00124026404228, 0.000639464240521, 0.000642299070023, 0.000633178919088, 0.000574385747313, 0.000410924170865, 0.000454422843177, 0.000293658085866, 0.000309215392917, 0.000564010173548, 0.000267524039373, 0.000241238216404, 0.000641524966341, 7.63371936046e-05, 2.48053584073e-05, 2.53347866419e-06, 6.63382961648e-05, 0.000921065977309], "dvar": [2.2321497454e-05, 0.00017637675046, 1.82567328011e-05, 1.57725355621e-06, 1.09547600005e-05, 4.83519170302e-06, 2.38637244365e-06, 1.89517629678e-06, 4.87118995807e-06, 3.57469980372e-06, 8.34130105432e-07, 7.42532733966e-07, 6.09190863088e-07, 1.14301553822e-06, 3.53552451315e-07, 7.5225011642e-07, 1.315756748e-07, 1.48273500145e-07, 4.65213645384e-07, 1.0037769016e-07, 1.03629368198e-07, 7.12070800546e-07, 1.09636388856e-08, 1.11452369556e-09, 7.36676605134e-12, 8.32734858847e-09, 1.24149300973e-06], "dvar2": [5.42793641216e-05, 0.000445775745902, 4.80210073874e-05, 4.32183014709e-06, 2.63055953837e-05, 1.22641185953e-05, 5.74492287342e-06, 4.6833365559e-06, 1.26039230963e-05, 8.74489614944e-06, 1.96680434783e-06, 1.68061330896e-06, 1.46042816596e-06, 2.91580431622e-06, 7.9491400129e-07, 1.80894937785e-06, 2.78722041003e-07, 3.12725632057e-07, 1.03213426428e-06, 2.17218470766e-07, 2.44390122361e-07, 1.57857982686e-06, 2.61985562133e-08, 2.54007881395e-09, 1.82318674047e-11, 1.93787617064e-08, 2.58495629168e-06], "max": [0.0401216000319, 0.129008710384, 0.0612822771072, 0.0162961520255, 0.0429546833038, 0.0330598764122, 0.061464317143, 0.0269549507648, 0.0395322032273, 0.0537571012974, 0.0232841167599, 0.0217925719917, 0.0137749454007, 0.0411902107298, 0.0229404065758, 0.0230163577944, 0.00643426878378, 0.00495296390727, 0.0103059271351, 0.00378613802604, 0.00469162687659, 0.00981666240841, 0.00162750936579, 0.000465022167191, 4.48394421255e-05, 0.00129158003256, 0.0114558842033], "mean": [0.00153472577222, 0.00687481276691, 0.00179626024328, 0.000588530208915, 0.0012609497644, 0.00145849504042, 0.000836634950247, 0.000799918023404, 0.00135070714168, 0.00105720153078, 0.000573551282287, 0.000598294194788, 0.000577503815293, 0.000510841025971, 0.00039997586282, 0.000438898539869, 0.000313627999276, 0.000300688465359, 0.000471560982987, 0.00022075403831, 0.000176759422175, 0.000507522083353, 5.19137247466e-05, 1.60381077876e-05, 1.48413300849e-06, 4.49738799944e-05, 0.000964928593021], "median": [0.00016526618856, 0.00254015158862, 0.000691946595907, 0.000226716860197, 0.000346969492966, 0.00036214129068, 0.000254505546764, 0.000217132474063, 0.000353408890078, 0.000281314598396, 0.000225808660616, 0.000209123871173, 0.000232314429013, 0.000197207948077, 0.000140239382745, 9.93086432572e-05, 0.000135055714054, 0.00012322384282, 0.000200289941859, 8.29489872558e-05, 5.87065114814e-05, 0.000188157515367, 1.74417491507e-05, 4.85472583023e-06, 4.99504039908e-07, 1.44114546856e-05, 0.0005069077597], "min": [1.54969062425e-24, 1.07153714104e-23, 6.3584263665e-24, 2.18931955659e-24, 1.13080891512e-23, 1.29854685487e-23, 1.47744686088e-23, 8.81830371712e-24, 1.30742359109e-23, 1.2836961539e-23, 1.87765319527e-23, 4.37506423221e-23, 5.37560113076e-23, 4.27498081808e-23, 5.45157411573e-23, 5.96892045698e-23, 8.04289320588e-23, 9.82495586541e-23, 1.70243314649e-22, 2.03981481927e-22, 3.28867276145e-22, 4.41797245944e-22, 4.53699175385e-22, 6.86840869119e-22, 9.40565344887e-22, 1.30584727345e-21, 2.02477799446e-21], "var": [1.96444907488e-05, 0.000163812946994, 1.46274787767e-05, 1.36118001137e-06, 1.0478473996e-05, 7.75882108428e-06, 3.38812992595e-06, 3.2336613458e-06, 7.44138787923e-06, 5.58480360269e-06, 1.51379913405e-06, 1.3288952232e-06, 9.28150370783e-07, 1.20506251733e-06, 6.09574328791e-07, 1.08867152449e-06, 2.36064977344e-07, 2.27561784527e-07, 5.95682024596e-07, 1.37697426794e-07, 1.10059154679e-07, 8.93302399163e-07, 1.09766888912e-08, 1.14818810015e-09, 7.46252625666e-12, 8.63326210521e-09, 1.84439943496e-06]}, "barkbands_crest": {"dmean": 3.05624485016, "dmean2": 4.91069173813, "dvar": 7.64549350739, "dvar2": 18.4988956451, "max": 24.7831897736, "mean": 9.54088973999, "median": 8.35225772858, "min": 2.28237581253, "var": 21.9069271088}, "barkbands_flatness_db": {"dmean": 0.0243131816387, "dmean2": 0.0371117778122, "dvar": 0.000510765530635, "dvar2": 0.00115859229118, "max": 0.349170953035, "mean": 0.103808969259, "median": 0.0962022915483, "min": 0.0280349571258, "var": 0.00170216383412}, "barkbands_kurtosis": {"dmean": 3.26255965233, "dmean2": 5.20591688156, "dvar": 55.1970977783, "dvar2": 137.08265686, "max": 244.437103271, "mean": 3.08502030373, "median": 1.01115703583, "min": -1.79715514183, "var": 77.0601882935}, "barkbands_skewness": {"dmean": 0.667765676975, "dmean2": 1.00385034084, "dvar": 0.574014484882, "dvar2": 1.27609968185, "max": 13.0081357956, "mean": 1.36866748333, "median": 1.20082652569, "min": -2.00304532051, "var": 1.38463413715}, "barkbands_spread": {"dmean": 13.4939775467, "dmean2": 20.1530303955, "dvar": 170.493911743, "dvar2": 363.280731201, "max": 120.74370575, "mean": 43.5478858948, "median": 39.6342430115, "min": 1.0360070467, "var": 527.999328613}, "dissonance": {"dmean": 0.0151753323153, "dmean2": 0.0257257632911, "dvar": 0.000249063683441, "dvar2": 0.000693147885613, "max": 0.500000178814, "mean": 0.477750688791, "median": 0.483964473009, "min": 0.327943563461, "var": 0.00041844137013}, "dynamic_complexity": 4.50308847427, "erbbands": {"dmean": [0.285366117954, 1.00100600719, 2.04237818718, 1.89045155048, 2.45535302162, 3.65864181519, 7.73114585876, 10.166970253, 10.7450037003, 7.29179525375, 15.0934762955, 22.7692508698, 23.3846645355, 19.5653190613, 16.3338279724, 17.0637016296, 17.1696777344, 18.4304924011, 16.0473690033, 12.3965044022, 16.0696086884, 10.7912540436, 10.6476230621, 13.0289802551, 20.4972133636, 8.81430339813, 5.04073286057, 9.55966281891, 21.9729804993, 3.51806426048, 1.38704526424, 0.450481891632, 0.251695662737, 0.0391482897103, 0.0117418849841, 0.058000087738, 0.0895383432508, 0.285342633724, 0.089277304709, 0.00899511668831], "dmean2": [0.463310629129, 1.675365448, 3.49500846863, 3.22425580025, 4.1841840744, 6.07227039337, 12.7232818604, 16.5346660614, 17.1831760406, 11.7523889542, 24.3783740997, 37.0901298523, 37.3842430115, 31.239402771, 25.9206390381, 26.6297912598, 27.0248622894, 28.8549613953, 24.7673091888, 18.3045196533, 24.0492954254, 15.8898334503, 15.5818405151, 18.6771373749, 30.9619178772, 12.9960165024, 7.19045639038, 14.3109998703, 33.1688423157, 5.11591053009, 2.0862288475, 0.687859535217, 0.383359879255, 0.0606029517949, 0.0189005564898, 0.0864992365241, 0.132934987545, 0.419653624296, 0.126559555531, 0.0124150309712], "dvar": [0.495795458555, 4.16657066345, 19.9636325836, 17.2383270264, 36.2853736877, 112.249031067, 454.25869751, 485.778564453, 694.629943848, 271.345489502, 1413.08776855, 2884.81420898, 3194.69726562, 2948.17138672, 1227.16894531, 1398.03503418, 1057.33862305, 2623.33227539, 1664.46691895, 685.699707031, 2711.97119141, 402.09375, 401.359130859, 503.677001953, 1440.72033691, 233.32875061, 76.4679641724, 401.841308594, 1858.05700684, 47.691204071, 8.25126361847, 0.787851333618, 0.312027722597, 0.00499475235119, 0.000398576346925, 0.0144418664277, 0.0316202268004, 0.301724642515, 0.0262337196618, 0.000205035030376], "dvar2": [1.23820316792, 11.2007732391, 52.6847000122, 44.9074172974, 93.9350509644, 282.212860107, 1134.34863281, 1217.38378906, 1668.10473633, 676.273376465, 3515.28808594, 7732.66357422, 7888.90820312, 6835.52978516, 2984.78686523, 3121.48779297, 2522.41601562, 6526.74365234, 3881.34033203, 1507.24365234, 6695.93164062, 829.315673828, 846.87701416, 1035.79577637, 3273.38378906, 503.692047119, 161.026489258, 933.12121582, 4190.92822266, 108.587059021, 19.5422534943, 1.85856485367, 0.707857549191, 0.0109528228641, 0.000955433992203, 0.0317309051752, 0.0725710764527, 0.659737288952, 0.0562194138765, 0.000421412667492], "max": [6.12598562241, 23.4299163818, 62.4442100525, 55.1951789856, 84.8608093262, 164.232940674, 322.656768799, 390.571472168, 1056.40942383, 367.23828125, 687.552368164, 1196.35351562, 1447.0333252, 1923.71350098, 840.132446289, 1047.19873047, 544.769226074, 1693.61169434, 1550.09460449, 386.202362061, 1589.32226562, 309.476989746, 265.571655273, 359.778564453, 642.412414551, 185.134689331, 99.5796737671, 302.582397461, 535.14465332, 93.908782959, 47.8987541199, 11.0258302689, 8.58060741425, 0.867497622967, 0.315526902676, 1.39769935608, 2.29003953934, 6.27432632446, 1.83574402332, 0.175432726741], "mean": [0.272191852331, 1.24826681614, 2.23091387749, 2.06422829628, 2.55065202713, 3.77714943886, 8.25263118744, 14.0474843979, 14.5714511871, 10.4792881012, 21.0229759216, 30.7954235077, 33.6454429626, 29.0019264221, 24.8192405701, 25.8934364319, 26.5259666443, 26.7541942596, 25.4589500427, 19.5945091248, 23.7610588074, 18.1546058655, 16.240945816, 17.1376438141, 25.1155109406, 10.8779535294, 6.22876548767, 10.4147615433, 25.6409492493, 4.01641702652, 1.41476082802, 0.443022012711, 0.246044486761, 0.0424938648939, 0.0127569241449, 0.0594836659729, 0.0925252139568, 0.337530612946, 0.110894486308, 0.0162617135793], "median": [0.0700108930469, 0.516824901104, 1.01367974281, 0.875512123108, 0.825850307941, 1.09137284756, 1.92252480984, 3.33204364777, 4.49705600739, 3.50843262672, 5.86898326874, 8.4248046875, 9.90636634827, 8.44006729126, 11.0064926147, 9.55875110626, 11.3709821701, 10.8350191116, 10.4103746414, 6.00559568405, 5.98529052734, 7.90184354782, 7.0671453476, 6.85062456131, 10.5333499908, 4.14857912064, 2.31373119354, 3.47308373451, 9.59419155121, 1.57780218124, 0.458151698112, 0.139974489808, 0.0668970197439, 0.0166250225157, 0.00523342378438, 0.0180608816445, 0.0306761544198, 0.127392888069, 0.0476048439741, 0.00890410970896], "min": [1.68484886894e-22, 1.86503459516e-21, 7.65374630379e-21, 7.35475443969e-21, 1.1605735774e-20, 5.03729082355e-20, 5.81225953735e-20, 1.8092722498e-19, 2.17566414732e-19, 2.55290348459e-19, 4.03694150072e-19, 3.88498299383e-19, 5.55112482182e-19, 1.2247171009e-18, 1.31629137138e-18, 1.92392863339e-18, 2.19993109325e-18, 2.0312625557e-18, 2.10952769692e-18, 3.85622585304e-18, 3.59108882411e-18, 5.18470810889e-18, 7.2744777697e-18, 7.11824072278e-18, 1.10703930571e-17, 8.13977238334e-18, 1.21136952842e-17, 1.10582690709e-17, 1.3703250217e-17, 1.34912785676e-17, 1.32291524761e-17, 1.27035445441e-17, 1.12883840998e-17, 9.15785966382e-18, 7.28971939966e-18, 4.23794819903e-18, 2.42028001431e-18, 9.84607972373e-19, 2.73159181599e-19, 2.8546148342e-20], "var": [0.4293577075, 3.91957449913, 16.3552494049, 15.4156808853, 33.2782173157, 99.793006897, 420.720733643, 829.752624512, 1013.91131592, 404.665161133, 2285.40893555, 4251.04833984, 5220.78710938, 4852.51855469, 2028.703125, 2504.58129883, 1733.02429199, 2837.70776367, 2738.56396484, 1220.02526855, 3784.82006836, 761.59979248, 639.885559082, 746.865966797, 1744.63513184, 320.66015625, 108.255355835, 430.950561523, 2282.98388672, 55.220615387, 8.35467433929, 0.788319170475, 0.321830660105, 0.00583506561816, 0.000442463177023, 0.0161242559552, 0.0340681895614, 0.384013026953, 0.0348069109023, 0.000405038881581]}, "erbbands_crest": {"dmean": 2.88835501671, "dmean2": 4.78871107101, "dvar": 7.61647701263, "dvar2": 19.3545055389, "max": 28.8467998505, "mean": 8.30455780029, "median": 7.43695640564, "min": 2.6434109211, "var": 14.9067020416}, "erbbands_flatness_db": {"dmean": 0.0203282535076, "dmean2": 0.0309146270156, "dvar": 0.000345679523889, "dvar2": 0.000765532720834, "max": 0.317053973675, "mean": 0.12914198637, "median": 0.122664324939, "min": 0.0358299724758, "var": 0.00136199872941}, "erbbands_kurtosis": {"dmean": 1.07407331467, "dmean2": 1.70370650291, "dvar": 2.03991317749, "dvar2": 4.73473215103, "max": 25.3366336823, "mean": 0.528320550919, "median": -0.0817105770111, "min": -1.6444195509, "var": 4.25856637955}, "erbbands_skewness": {"dmean": 0.430742293596, "dmean2": 0.649183630943, "dvar": 0.146391063929, "dvar2": 0.319979041815, "max": 3.86886763573, "mean": -0.101501211524, "median": -0.117548234761, "min": -3.4387383461, "var": 0.628745615482}, "erbbands_spread": {"dmean": 9.17967891693, "dmean2": 14.1532764435, "dvar": 73.4712753296, "dvar2": 168.058319092, "max": 112.226776123, "mean": 36.2982597351, "median": 35.4863624573, "min": 3.14858651161, "var": 232.775085449}, "gfcc": {"cov": [[28496.9101562, 2370.1394043, -1367.72106934, -570.845458984, 20.2328567505, -890.325195312, 405.547424316, -725.23638916, 341.990356445, -393.473449707, 76.2942199707, 61.5826301575, -328.571777344], [2370.1394043, 1483.59094238, -383.876159668, -425.684936523, 274.650177002, -79.7599182129, -33.6493606567, -75.9112854004, 78.4941177368, -58.878364563, 41.1141929626, -122.233467102, 113.700752258], [-1367.72106934, -383.876159668, 478.695983887, 277.47869873, -83.2084350586, 143.399688721, 32.0449256897, 105.404724121, -36.3099517822, 60.9014816284, 12.6658649445, 42.6769104004, -42.866153717], [-570.845458984, -425.684936523, 277.47869873, 375.346282959, 26.0998954773, 45.7612800598, 77.0402450562, 41.6971588135, -17.2267608643, 18.8506202698, 2.13315296173, 40.8053474426, -42.9248886108], [20.2328567505, 274.650177002, -83.2084350586, 26.0998954773, 256.833831787, 58.8951072693, 43.3797874451, 13.169005394, 15.4431715012, -37.0946502686, 13.9970588684, -35.0326194763, 60.4115066528], [-890.325195312, -79.7599182129, 143.399688721, 45.7612800598, 58.8951072693, 245.626907349, 45.9139709473, 96.6177139282, -42.7425765991, 22.0057296753, 9.88970088959, 4.56973838806, 32.6280632019], [405.547424316, -33.6493606567, 32.0449256897, 77.0402450562, 43.3797874451, 45.9139709473, 185.279922485, 2.95396876335, 32.3673858643, -13.8264293671, 5.82840013504, 35.399307251, -31.0905742645], [-725.23638916, -75.9112854004, 105.404724121, 41.6971588135, 13.169005394, 96.6177139282, 2.95396876335, 141.480789185, 19.5304298401, 37.9059295654, 12.6270618439, -14.9492521286, 27.8613529205], [341.990356445, 78.4941177368, -36.3099517822, -17.2267608643, 15.4431715012, -42.7425765991, 32.3673858643, 19.5304298401, 106.094467163, 39.0138092041, 12.8303174973, 8.55992984772, -10.9790239334], [-393.473449707, -58.878364563, 60.9014816284, 18.8506202698, -37.0946502686, 22.0057296753, -13.8264293671, 37.9059295654, 39.0138092041, 88.8213729858, 36.0798225403, 9.21098995209, 0.899268448353], [76.2942199707, 41.1141929626, 12.6658649445, 2.13315296173, 13.9970588684, 9.88970088959, 5.82840013504, 12.6270618439, 12.8303174973, 36.0798225403, 60.2742881775, 20.2056827545, 15.56224823], [61.5826301575, -122.233467102, 42.6769104004, 40.8053474426, -35.0326194763, 4.56973838806, 35.399307251, -14.9492521286, 8.55992984772, 9.21098995209, 20.2056827545, 80.2294387817, 3.77902150154], [-328.571777344, 113.700752258, -42.866153717, -42.9248886108, 60.4115066528, 32.6280632019, -31.0905742645, 27.8613529205, -10.9790239334, 0.899268448353, 15.56224823, 3.77902150154, 101.150131226]], "icov": [[7.03271070961e-05, -0.000197741013835, 0.000312104064506, -0.000381442892831, 0.000446456717327, -0.000189119979041, 8.30472981761e-06, 0.000111414046842, -0.000325595930917, 0.000541364250239, -0.000398063624743, -4.15019094362e-05, 0.000209981997614], [-0.000197741013835, 0.00284962193109, -0.00260185543448, 0.00425272993743, -0.00351852411404, 0.00137325958349, -0.000693576061167, 0.00165559619199, -0.00100010889582, -0.000104623439256, -0.00123169261497, 0.00324652157724, -0.00219362112693], [0.000312104064506, -0.00260185543448, 0.00972955208272, -0.00898864120245, 0.00696737412363, -0.0051469868049, 0.00186508661136, -0.00276685203426, -0.000148189428728, 0.00149043020792, -0.0015393930953, -0.00273774657398, 0.00339149544016], [-0.000381442892831, 0.00425272993743, -0.00898864120245, 0.0152045367286, -0.0122263999656, 0.00806598737836, -0.00365780876018, -0.00131539255381, 0.00626563280821, -0.00751105882227, 0.0046084523201, -0.00160694995429, 0.000659785524476], [0.000446456717327, -0.00351852411404, 0.00696737412363, -0.0122263999656, 0.0192207787186, -0.0105238743126, 0.00125083059538, 0.00489594973624, -0.0123630147427, 0.0152365006506, -0.0109614795074, 0.00877450313419, -0.00599812390283], [-0.000189119979041, 0.00137325958349, -0.0051469868049, 0.00806598737836, -0.0105238743126, 0.0153413899243, -0.00522872060537, -0.00852058362216, 0.0142982965335, -0.01255432982, 0.00839712563902, -0.00615888834, 0.00176195241511], [8.30472981761e-06, -0.000693576061167, 0.00186508661136, -0.00365780876018, 0.00125083059538, -0.00522872060537, 0.0103697553277, 0.000959167140536, -0.00645355274901, 0.00633438909426, -0.0027078888379, -0.00327797676437, 0.00368977920152], [0.000111414046842, 0.00165559619199, -0.00276685203426, -0.00131539255381, 0.00489594973624, -0.00852058362216, 0.000959167140536, 0.0203326474875, -0.0149863054976, 0.00811719242483, -0.00856149196625, 0.0138421002775, -0.00960993394256], [-0.000325595930917, -0.00100010889582, -0.000148189428728, 0.00626563280821, -0.0123630147427, 0.0142982965335, -0.00645355274901, -0.0149863054976, 0.034700371325, -0.0272255092859, 0.0169388968498, -0.0158329550177, 0.00957242958248], [0.000541364250239, -0.000104623439256, 0.00149043020792, -0.00751105882227, 0.0152365006506, -0.01255432982, 0.00633438909426, 0.00811719242483, -0.0272255092859, 0.0429132506251, -0.027482656762, 0.0137032717466, -0.00563909672201], [-0.000398063624743, -0.00123169261497, -0.0015393930953, 0.0046084523201, -0.0109614795074, 0.00839712563902, -0.0027078888379, -0.00856149196625, 0.0169388968498, -0.027482656762, 0.0391079820693, -0.0174262411892, 0.0034757910762], [-4.15019094362e-05, 0.00324652157724, -0.00273774657398, -0.00160694995429, 0.00877450313419, -0.00615888834, -0.00327797676437, 0.0138421002775, -0.0158329550177, 0.0137032717466, -0.0174262411892, 0.0330924987793, -0.0140961194411], [0.000209981997614, -0.00219362112693, 0.00339149544016, 0.000659785524476, -0.00599812390283, 0.00176195241511, 0.00368977920152, -0.00960993394256, 0.00957242958248, -0.00563909672201, 0.0034757910762, -0.0140961194411, 0.0226276256144]], "mean": [-22.7889785767, 62.2663002014, -98.783531189, 6.2733464241, -16.5485954285, -18.3170757294, 13.3983459473, -17.5801925659, 3.77109789848, -4.73317861557, -8.68059921265, 6.00740242004, -14.4971532822]}, "hfc": {"dmean": 32.8582572937, "dmean2": 45.9538650513, "dvar": 1754.79064941, "dvar2": 3579.22631836, "max": 452.438262939, "mean": 78.9044723511, "median": 62.6320114136, "min": 1.10615236957e-16, "var": 4285.14453125}, "melbands": {"dmean": [0.00209019612521, 0.00111212418415, 0.00033986067865, 0.000194104577531, 0.000265626964392, 0.000220905785682, 0.000152149630594, 8.39124113554e-05, 0.000134371919557, 0.000147831437062, 0.000119041127618, 8.52634620969e-05, 5.41271328984e-05, 4.74581465824e-05, 4.18035269831e-05, 3.98280535592e-05, 3.58958968718e-05, 2.8202401154e-05, 1.84322634595e-05, 1.94972471945e-05, 1.88271078514e-05, 1.17710887935e-05, 1.13201849672e-05, 9.49880904955e-06, 9.94992842607e-06, 1.92651896214e-05, 8.6305090008e-06, 5.27857628185e-06, 3.26614645019e-06, 2.85039300252e-06, 5.98962606091e-06, 1.59232367878e-05, 3.93823120248e-06, 1.23088261716e-06, 8.58736598275e-07, 4.62534842427e-07, 2.06205953646e-07, 1.82194355602e-07, 1.121986557e-07, 1.3748409522e-08], "dmean2": [0.00336722889915, 0.00187294580974, 0.000574497855268, 0.00032306855428, 0.000435480527813, 0.000359433091944, 0.000243650836637, 0.00013649011089, 0.000218447530642, 0.000239383065491, 0.000191099839867, 0.000137333685416, 8.63299064804e-05, 7.51468032831e-05, 6.6718486778e-05, 6.27643530606e-05, 5.71825330553e-05, 4.41355696239e-05, 2.87836883217e-05, 2.91142441711e-05, 2.88756891678e-05, 1.79152884812e-05, 1.72177133209e-05, 1.40156353154e-05, 1.46641250467e-05, 2.95214849757e-05, 1.29390009533e-05, 7.93711478764e-06, 4.76879631606e-06, 4.21736922362e-06, 9.20040656638e-06, 2.42336500378e-05, 5.83544533583e-06, 1.85751321169e-06, 1.30706030177e-06, 7.05889078745e-07, 3.27478744566e-07, 2.83244077082e-07, 1.7045240952e-07, 2.29356391657e-08], "dvar": [2.42083297053e-05, 4.43154522145e-06, 5.58688213914e-07, 2.46236339763e-07, 5.41208407867e-07, 2.12993896298e-07, 1.31948354465e-07, 3.63090215671e-08, 1.13083245878e-07, 1.1911192388e-07, 8.15734892967e-08, 5.79691317171e-08, 1.48093555197e-08, 9.7202370597e-09, 7.13458447876e-09, 6.72394984136e-09, 1.12534879193e-08, 5.99158722636e-09, 1.55408275138e-09, 2.24032148388e-09, 4.09095068932e-09, 5.09590647457e-10, 4.35463221038e-10, 3.17457199417e-10, 3.15742959556e-10, 1.38758260437e-09, 2.34421482226e-10, 8.71702016125e-11, 3.49440476555e-11, 2.90150577176e-11, 1.78278128371e-10, 1.04181840932e-09, 5.40968450591e-11, 6.85402646097e-12, 3.40750236187e-12, 9.32811336854e-13, 1.81501894677e-13, 1.81582762607e-13, 5.45315711803e-14, 6.22501083019e-16], "dvar2": [6.01917527092e-05, 1.16133860502e-05, 1.44175771766e-06, 6.2312716409e-07, 1.32932166252e-06, 5.35298227078e-07, 3.20105016272e-07, 9.01802366116e-08, 2.83595937844e-07, 3.1611830309e-07, 2.02268097382e-07, 1.35275783464e-07, 3.58230103359e-08, 2.22543938833e-08, 1.68344058693e-08, 1.60946154182e-08, 2.87663493026e-08, 1.44478864428e-08, 3.68909081061e-09, 5.18963227947e-09, 1.01423429655e-08, 1.10352205152e-09, 9.62111723624e-10, 6.80685008358e-10, 6.65628441254e-10, 3.19133985904e-09, 5.25462950929e-10, 1.90652896248e-10, 7.46526798712e-11, 6.66638480529e-11, 4.26746249449e-10, 2.3734529897e-09, 1.23610510716e-10, 1.65538659169e-11, 8.22670837702e-12, 2.21703645026e-12, 4.43014982338e-13, 4.24646998337e-13, 1.19373342591e-13, 1.54041750601e-15], "max": [0.0442405380309, 0.0239597279578, 0.00920351222157, 0.00584254320711, 0.0106856981292, 0.00805630162358, 0.0140611566603, 0.00385063001886, 0.00621699215844, 0.00779345724732, 0.00697545474395, 0.00860590208322, 0.00250305281952, 0.00251934537664, 0.00171389942989, 0.00183684832882, 0.00377640640363, 0.00275774905458, 0.000634201976936, 0.000781342736445, 0.002015898237, 0.000335175922373, 0.000315616693115, 0.000238816821366, 0.000301371968817, 0.000619865953922, 0.000189693921129, 0.00011375539907, 7.85153024481e-05, 6.33334057056e-05, 0.000201233720873, 0.000404167629313, 8.9376771939e-05, 4.46629164799e-05, 3.33459720423e-05, 1.33922594614e-05, 5.09541041538e-06, 6.95042808729e-06, 3.48013531948e-06, 4.12832463326e-07], "mean": [0.00222403323278, 0.0013540906366, 0.000382527068723, 0.000207747638342, 0.000283434434095, 0.000309049413772, 0.000207418954233, 0.000118836069305, 0.000179934082553, 0.00019833035185, 0.00016716614482, 0.000119856391393, 7.89910918684e-05, 7.07295985194e-05, 6.1420709244e-05, 5.70495394641e-05, 4.87991928821e-05, 4.27176528319e-05, 2.76295086223e-05, 2.76964965451e-05, 2.70422078756e-05, 1.85007174878e-05, 1.71506380866e-05, 1.29535183078e-05, 1.24962325572e-05, 2.27108012041e-05, 1.07850746645e-05, 6.25773236607e-06, 3.97885514758e-06, 3.25355244968e-06, 6.05389459452e-06, 1.83288757398e-05, 4.57517671748e-06, 1.28551698708e-06, 8.63423736064e-07, 4.58335676967e-07, 1.89883053281e-07, 1.70845041225e-07, 1.14498590165e-07, 1.31544908299e-08], "median": [0.000702814897522, 0.000670021865517, 0.000163547258126, 6.71824382152e-05, 6.61088197376e-05, 7.67377423472e-05, 6.46189873805e-05, 3.76415991923e-05, 4.94023770443e-05, 5.10788922838e-05, 4.66949095426e-05, 3.16193254548e-05, 3.2937292417e-05, 2.78510397038e-05, 2.46095787588e-05, 2.1808571546e-05, 1.86070465134e-05, 1.65549317899e-05, 9.11397637537e-06, 6.71961515764e-06, 6.59152374283e-06, 7.66466018831e-06, 7.95792220742e-06, 4.81500137539e-06, 4.59662760477e-06, 9.02868305275e-06, 4.4530879677e-06, 2.23027109314e-06, 1.44340981478e-06, 1.09225970846e-06, 1.73855630692e-06, 6.50855236017e-06, 1.87740670299e-06, 4.46268984433e-07, 2.77336312138e-07, 1.37254914989e-07, 5.3892041052e-08, 4.0805360868e-08, 3.43403812053e-08, 4.15952472466e-09], "min": [3.07657863239e-24, 3.66046921696e-24, 2.33134903219e-24, 2.20523521978e-24, 2.61643231929e-24, 3.92926292079e-24, 3.24929676936e-24, 1.95152867798e-24, 4.1707308773e-24, 1.92906744142e-24, 2.29087356522e-24, 4.39568521405e-24, 2.36510005159e-24, 4.41664288172e-24, 3.60029332939e-24, 4.91820735057e-24, 2.86926105612e-24, 2.38690298372e-24, 4.47654779557e-24, 3.86083909803e-24, 4.08631921057e-24, 4.81693378199e-24, 5.16873143027e-24, 5.44307674272e-24, 5.32653003815e-24, 5.60534109219e-24, 5.26230453313e-24, 4.16816510721e-24, 6.75199459414e-24, 7.64114654169e-24, 5.64254890008e-24, 7.50094150414e-24, 8.30626120329e-24, 6.15885796811e-24, 7.33059566913e-24, 5.91371194764e-24, 6.97943818147e-24, 6.74302918995e-24, 6.67912120144e-24, 7.69716828773e-24], "var": [2.19912599277e-05, 4.03204285249e-06, 5.08913842623e-07, 2.30103282206e-07, 5.06822232182e-07, 3.67422586578e-07, 1.93760499201e-07, 5.66695277371e-08, 1.68804078271e-07, 1.81718263548e-07, 1.31767833977e-07, 9.18330940181e-08, 2.47245015572e-08, 1.71436127516e-08, 1.19002008248e-08, 1.01763948379e-08, 1.11616511589e-08, 9.12345310411e-09, 2.46290277062e-09, 3.34065997087e-09, 5.65664848295e-09, 8.81283990228e-10, 6.79330036668e-10, 4.68785066321e-10, 4.46611414517e-10, 1.61122759579e-09, 3.04449687683e-10, 1.15746787155e-10, 4.83438011845e-11, 3.3307360342e-11, 1.75567629879e-10, 1.24968191351e-09, 6.44478637124e-11, 6.75667551422e-12, 3.28930112314e-12, 9.30596745496e-13, 1.63472818723e-13, 1.74860587164e-13, 6.10597930182e-14, 6.24358996849e-16]}, "melbands_crest": {"dmean": 4.53407859802, "dmean2": 7.2084608078, "dvar": 18.1782283783, "dvar2": 40.5236549377, "max": 36.6854972839, "mean": 14.9829263687, "median": 13.7793512344, "min": 1.6433249712, "var": 45.53282547}, "melbands_flatness_db": {"dmean": 0.035290800035, "dmean2": 0.0522776581347, "dvar": 0.000993717228994, "dvar2": 0.00217060605064, "max": 0.508567214012, "mean": 0.190384432673, "median": 0.184577539563, "min": 0.00359884742647, "var": 0.00366709753871}, "melbands_kurtosis": {"dmean": 8.15981864929, "dmean2": 13.0717477798, "dvar": 307.90322876, "dvar2": 765.864929199, "max": 275.964080811, "mean": 10.5711183548, "median": 4.40232229233, "min": -1.83423006535, "var": 416.13482666}, "melbands_skewness": {"dmean": 0.954363644123, "dmean2": 1.45364069939, "dvar": 1.28353846073, "dvar2": 2.86814785004, "max": 14.5739526749, "mean": 2.40480232239, "median": 1.95569622517, "min": -1.13748788834, "var": 3.33816671371}, "melbands_spread": {"dmean": 12.0827693939, "dmean2": 18.1692199707, "dvar": 192.81854248, "dvar2": 420.73449707, "max": 175.099472046, "mean": 33.5550918579, "median": 27.7674217224, "min": 0.602863550186, "var": 611.079406738}, "mfcc": {"cov": [[13673.6826172, 2091.17529297, -840.272094727, 661.575622559, -676.203308105, 362.597991943, -335.343353271, 212.786224365, -234.696334839, 86.8729858398, 37.0247306824, 8.13847827911, -102.260765076], [2091.17529297, 1723.04858398, -518.141845703, -141.953109741, 48.0478858948, 27.8469486237, -27.2495231628, -73.935043335, 93.4080886841, -9.254737854, -14.857416153, 6.09827375412, 64.0595932007], [-840.272094727, -518.141845703, 537.811889648, 76.9929351807, -2.78333568573, 15.1099824905, 64.2408676147, 50.0022735596, -27.1079654694, 25.7954673767, 77.7424545288, 15.1298704147, -28.9646034241], [661.575622559, -141.953109741, 76.9929351807, 340.478363037, -24.7726154327, 70.2654342651, -4.53876304626, 58.4128646851, -23.2263336182, 31.7081985474, 16.160194397, 14.8376722336, -2.58388757706], [-676.203308105, 48.0478858948, -2.78333568573, -24.7726154327, 220.042602539, -2.92029190063, 75.3296890259, -16.6729335785, 67.2110977173, 4.51007699966, -31.4447021484, 23.171289444, 27.9045295715], [362.597991943, 27.8469486237, 15.1099824905, 70.2654342651, -2.92029190063, 145.83366394, 71.6248703003, 73.2181930542, -0.0896011590958, 10.9770402908, 7.41565322876, -0.20985108614, -0.157539024949], [-335.343353271, -27.2495231628, 64.2408676147, -4.53876304626, 75.3296890259, 71.6248703003, 167.519592285, 63.6945915222, 41.3903045654, 8.35006332397, -12.387087822, 10.1895828247, 8.72400474548], [212.786224365, -73.935043335, 50.0022735596, 58.4128646851, -16.6729335785, 73.2181930542, 63.6945915222, 127.276885986, 26.5652961731, 17.7879734039, 13.5668487549, 1.49360954762, -3.91233825684], [-234.696334839, 93.4080886841, -27.1079654694, -23.2263336182, 67.2110977173, -0.0896011590958, 41.3903045654, 26.5652961731, 96.5641784668, 25.4445133209, 2.04251909256, 7.31697034836, 22.5435199738], [86.8729858398, -9.254737854, 25.7954673767, 31.7081985474, 4.51007699966, 10.9770402908, 8.35006332397, 17.7879734039, 25.4445133209, 74.9872589111, 29.5253696442, 28.6572170258, -0.903161525726], [37.0247306824, -14.857416153, 77.7424545288, 16.160194397, -31.4447021484, 7.41565322876, -12.387087822, 13.5668487549, 2.04251909256, 29.5253696442, 102.181175232, 20.866443634, 3.98002958298], [8.13847827911, 6.09827375412, 15.1298704147, 14.8376722336, 23.171289444, -0.20985108614, 10.1895828247, 1.49360954762, 7.31697034836, 28.6572170258, 20.866443634, 69.6488418579, 21.9686069489], [-102.260765076, 64.0595932007, -28.9646034241, -2.58388757706, 27.9045295715, -0.157539024949, 8.72400474548, -3.91233825684, 22.5435199738, -0.903161525726, 3.98002958298, 21.9686069489, 59.8218650818]], "icov": [[0.000177717665792, -0.00025641641696, 0.000120901648188, -0.000298753468087, 0.000332708033966, -0.000169095306774, 0.000249674601946, -0.000399535318138, 0.000400216755224, -0.000184541786439, 0.000126245096908, -0.000204637675779, 0.000318973645335], [-0.00025641641696, 0.00131872366183, 0.000686428509653, 0.000597206293605, -0.000367455242667, -0.000487618992338, -0.000382255297154, 0.00137875322253, -0.00151935114991, 0.000537030224223, -0.000769867736381, 0.000142854565638, -0.000596853205934], [0.000120901648188, 0.000686428509653, 0.00355453928933, -0.000615070050117, -0.000198213470867, 0.000653612310998, -0.00163523468655, -0.000405326136388, 0.00124042364769, -0.000106350620626, -0.00284219533205, -1.20214726849e-05, 0.00119669141714], [-0.000298753468087, 0.000597206293605, -0.000615070050117, 0.00446888478473, -0.00105608464219, -0.00163305702154, 0.00136967084836, -0.000882681575604, 0.000642384169623, -0.00134969991632, 0.000439917348558, 0.000113414011139, -0.00135751091875], [0.000332708033966, -0.000367455242667, -0.000198213470867, -0.00105608464219, 0.00902813952416, -0.000632899289485, -0.0028237211518, 0.00348238856532, -0.00535673787817, 0.00113988562953, 0.00257795560174, -0.00317141832784, 0.000276242237305], [-0.000169095306774, -0.000487618992338, 0.000653612310998, -0.00163305702154, -0.000632899289485, 0.0136671010405, -0.00549458572641, -0.00538882939145, 0.00465873070061, -0.00137959118001, -0.00151590013411, 0.00237879739143, -0.00129004905466], [0.000249674601946, -0.000382255297154, -0.00163523468655, 0.00136967084836, -0.0028237211518, -0.00549458572641, 0.0130315991119, -0.00432478031144, -0.0016670555342, 0.000299406296108, 0.00285160122439, -0.00171936291736, 0.000297378050163], [-0.000399535318138, 0.00137875322253, -0.000405326136388, -0.000882681575604, 0.00348238856532, -0.00538882939145, -0.00432478031144, 0.0173186752945, -0.00862547662109, 0.00158790277783, -0.000775105610956, -0.000633114017546, 0.00128947582562], [0.000400216755224, -0.00151935114991, 0.00124042364769, 0.000642384169623, -0.00535673787817, 0.00465873070061, -0.0016670555342, -0.00862547662109, 0.0234776642174, -0.00909588206559, -0.00116258102935, 0.00533948326483, -0.00573879852891], [-0.000184541786439, 0.000537030224223, -0.000106350620626, -0.00134969991632, 0.00113988562953, -0.00137959118001, 0.000299406296108, 0.00158790277783, -0.00909588206559, 0.0220583770424, -0.00387013074942, -0.00897911004722, 0.00584019161761], [0.000126245096908, -0.000769867736381, -0.00284219533205, 0.000439917348558, 0.00257795560174, -0.00151590013411, 0.00285160122439, -0.000775105610956, -0.00116258102935, -0.00387013074942, 0.0148767782375, -0.00295059499331, -0.00151651201304], [-0.000204637675779, 0.000142854565638, -1.20214726849e-05, 0.000113414011139, -0.00317141832784, 0.00237879739143, -0.00171936291736, -0.000633114017546, 0.00533948326483, -0.00897911004722, -0.00295059499331, 0.0225435514003, -0.00903892889619], [0.000318973645335, -0.000596853205934, 0.00119669141714, -0.00135751091875, 0.000276242237305, -0.00129004905466, 0.000297378050163, 0.00128947582562, -0.00573879852891, 0.00584019161761, -0.00151651201304, -0.00903892889619, 0.0240012817085]], "mean": [-675.991149902, 126.893890381, -24.9901733398, 37.0242958069, -13.6098165512, 21.3579540253, -2.38126182556, 14.4247016907, 0.95305621624, 4.29514074326, 8.93953323364, -0.717886090279, 1.03009533882]}, "pitch_salience": {"dmean": 0.0848989337683, "dmean2": 0.133968442678, "dvar": 0.0060008270666, "dvar2": 0.0137052545324, "max": 0.986019074917, "mean": 0.541740775108, "median": 0.560590744019, "min": 0.0934225022793, "var": 0.0188327785581}, "silence_rate_20dB": {"dmean": 0, "dmean2": 0, "dvar": 0, "dvar2": 0, "max": 1, "mean": 1, "median": 1, "min": 1, "var": 0}, "silence_rate_30dB": {"dmean": 0.00694259023294, "dmean2": 0.0138870347291, "dvar": 0.00689465180039, "dvar2": 0.0201045069844, "max": 1, "mean": 0.996262192726, "median": 1, "min": 0, "var": 0.00372378039174}, "silence_rate_60dB": {"dmean": 0.0293724965304, "dmean2": 0.0587528385222, "dvar": 0.0285118054599, "dvar2": 0.0694541335106, "max": 1, "mean": 0.100787609816, "median": 0, "min": 0, "var": 0.0906316488981}, "spectral_centroid": {"dmean": 423.156677246, "dmean2": 610.458312988, "dvar": 171564.609375, "dvar2": 349755.34375, "max": 11453.2011719, "mean": 1920.22167969, "median": 1753.07373047, "min": 224.553100586, "var": 883079.6875}, "spectral_complexity": {"dmean": 5.13297748566, "dmean2": 6.83642673492, "dvar": 33.0403404236, "dvar2": 49.4123535156, "max": 61, "mean": 19.3508205414, "median": 18, "min": 0, "var": 156.477584839}, "spectral_contrast_coeffs": {"dmean": [0.0525872968137, 0.0479823984206, 0.0395967774093, 0.0278060287237, 0.0221367664635, 0.0440447330475], "dmean2": [0.0865850076079, 0.0803824141622, 0.0659971535206, 0.0460920147598, 0.0361909344792, 0.0663200691342], "dvar": [0.00187415338587, 0.00151828536764, 0.000997886410914, 0.00050524470862, 0.000320552644553, 0.00123211287428], "dvar2": [0.00479197641835, 0.00412877788767, 0.00270765367895, 0.00134268263355, 0.000820811721496, 0.00290923379362], "max": [-0.41034129262, -0.514568388462, -0.546049058437, -0.621838271618, -0.63901245594, -0.479047358036], "mean": [-0.725568056107, -0.782182514668, -0.798491060734, -0.816045403481, -0.804510056973, -0.663230776787], "median": [-0.732074022293, -0.788036108017, -0.804026186466, -0.819782793522, -0.804690122604, -0.648966908455], "min": [-0.976973474026, -0.979504883289, -0.974141359329, -0.976328611374, -0.965354263783, -0.964944839478], "var": [0.00542354164645, 0.00519217085093, 0.00387052842416, 0.00212503853254, 0.00126443535555, 0.00596763379872]}, "spectral_contrast_valleys": {"dmean": [0.471228539944, 0.387766987085, 0.332655251026, 0.290768772364, 0.381215780973, 0.612810492516], "dmean2": [0.738067865372, 0.619580209255, 0.516178309917, 0.420048564672, 0.507815659046, 0.915379464626], "dvar": [0.184595495462, 0.121683493257, 0.097378231585, 0.0951419100165, 0.135260105133, 0.267952382565], "dvar2": [0.372777998447, 0.252974331379, 0.183810427785, 0.151389122009, 0.233801305294, 0.582730948925], "max": [-5.21939516068, -4.78125238419, -5.10261821747, -5.43173742294, -5.44985342026, -9.06601905823], "mean": [-7.54568052292, -7.0587272644, -7.32365608215, -7.67096233368, -7.63916158676, -11.4546937943], "median": [-7.14435100555, -6.71585512161, -6.95760154724, -7.35124826431, -7.33955049515, -11.2199707031], "min": [-27.8476543427, -27.905834198, -27.5114383698, -27.6227169037, -27.4179039001, -27.3188247681], "var": [4.06496191025, 3.89674186707, 3.79217076302, 3.64576482773, 3.35847401619, 2.3049557209]}, "spectral_decrease": {"dmean": 3.14023584913e-09, "dmean2": 4.78768047429e-09, "dvar": 2.64136984105e-17, "dvar2": 6.12693473811e-17, "max": 4.6159309014e-11, "mean": -4.92382357109e-09, "median": -3.03962721659e-09, "min": -4.44671393041e-08, "var": 3.35312252764e-17}, "spectral_energy": {"dmean": 0.0139816123992, "dmean2": 0.0204556323588, "dvar": 0.00044969242299, "dvar2": 0.00101172039285, "max": 0.193005144596, "mean": 0.0257405322045, "median": 0.0182155966759, "min": 1.03044659638e-20, "var": 0.000667019921821}, "spectral_energyband_high": {"dmean": 0.0013613931369, "dmean2": 0.00191803649068, "dvar": 5.71906139157e-06, "dvar2": 1.21116945593e-05, "max": 0.024425432086, "mean": 0.00176036218181, "median": 0.000827188428957, "min": 7.17461808984e-21, "var": 7.78625962994e-06}, "spectral_energyband_low": {"dmean": 0.00872365571558, "dmean2": 0.0138848358765, "dvar": 0.000296707439702, "dvar2": 0.00071562489029, "max": 0.155045211315, "mean": 0.0102573791519, "median": 0.00443816697225, "min": 3.88154590793e-23, "var": 0.000297213206068}, "spectral_energyband_middle_high": {"dmean": 0.00247498019598, "dmean2": 0.00342069729231, "dvar": 1.58198308782e-05, "dvar2": 3.06662623188e-05, "max": 0.0606186650693, "mean": 0.00517646921799, "median": 0.00280955550261, "min": 1.27705024059e-21, "var": 4.00462013204e-05}, "spectral_energyband_middle_low": {"dmean": 0.00360105955042, "dmean2": 0.00558157637715, "dvar": 4.33438981418e-05, "dvar2": 0.000100045341242, "max": 0.0799022242427, "mean": 0.0066390177235, "median": 0.00315778329968, "min": 1.80696781873e-22, "var": 7.72191851866e-05}, "spectral_entropy": {"dmean": 0.141489028931, "dmean2": 0.214385539293, "dvar": 0.0173614379019, "dvar2": 0.0384514071047, "max": 9.81835079193, "mean": 7.79882717133, "median": 7.83012056351, "min": 6.51052236557, "var": 0.0754493996501}, "spectral_flux": {"dmean": 0.0318592973053, "dmean2": 0.0498977899551, "dvar": 0.00170762836933, "dvar2": 0.00375481136143, "max": 0.391271293163, "mean": 0.094680391252, "median": 0.0809779688716, "min": 6.40224540049e-11, "var": 0.00357938627712}, "spectral_kurtosis": {"dmean": 2.60271382332, "dmean2": 3.93326377869, "dvar": 9.15409469604, "dvar2": 20.7129268646, "max": 61.5562820435, "mean": 12.1052007675, "median": 10.3569831848, "min": -1.25406241417, "var": 38.7472610474}, "spectral_rms": {"dmean": 0.00117570417933, "dmean2": 0.00162579491735, "dvar": 2.09752465707e-06, "dvar2": 4.19852722189e-06, "max": 0.0137221608311, "mean": 0.00441389437765, "median": 0.00421560369432, "min": 3.17066837195e-12, "var": 5.63024741496e-06}, "spectral_rolloff": {"dmean": 4891.109375, "dmean2": 8827.37695312, "dvar": 40992284, "dvar2": 88442432, "max": 22006.9335938, "mean": 10223.6484375, "median": 5706.29882812, "min": 64.599609375, "var": 70174288}, "spectral_skewness": {"dmean": 0.263674259186, "dmean2": 0.387317508459, "dvar": 0.0676636174321, "dvar2": 0.141634598374, "max": 5.54413604736, "mean": 2.12223911285, "median": 1.98082494736, "min": -0.0487836375833, "var": 0.344800293446}, "spectral_spread": {"dmean": 493643.53125, "dmean2": 729394.6875, "dvar": 397538295808, "dvar2": 690795511808, "max": 42374632, "mean": 4431759, "median": 4363803.5, "min": 1614318.625, "var": 5091200335870.0}, "spectral_strongpeak": {"dmean": 0.69326120615, "dmean2