{"lowlevel": {"average_loudness": 0.457678347826, "barkbands": {"dmean": [5.05108118887e-06, 0.000168911457877, 0.000246264156885, 0.000712916778866, 0.00205504382029, 0.0010135632474, 0.000565318390727, 0.00068248482421, 0.00107608304825, 0.0011347461259, 0.00103878113441, 0.000677662435919, 0.00054701109184, 0.000355650845449, 0.000286545284325, 0.000121695891721, 0.000159585979418, 0.000108856482257, 9.50022149482e-05, 5.79542902415e-05, 2.77048275166e-05, 3.71114801965e-05, 2.6398591217e-05, 1.82043004315e-05, 1.20197018987e-05, 3.08858489007e-06, 2.45288617862e-07], "dmean2": [8.75907517184e-06, 0.000284911890049, 0.000370322872186, 0.00113391864579, 0.00329679949209, 0.00158329994883, 0.000885935383849, 0.00105468486436, 0.00166191102471, 0.00180188054219, 0.00162392738275, 0.00105090695433, 0.000887129514012, 0.0005579519202, 0.000439332972746, 0.000188762933249, 0.000247721822234, 0.000173656328116, 0.000151707936311, 9.05999404495e-05, 4.23736710218e-05, 5.54101134185e-05, 4.00438948418e-05, 2.92232471111e-05, 1.9322073058e-05, 5.0403127716e-06, 4.15528404574e-07], "dvar": [2.17768220123e-10, 4.10095339021e-07, 3.91959162016e-07, 2.48455080509e-06, 1.17679337563e-05, 3.45516991729e-06, 1.56463738676e-06, 2.17182537199e-06, 5.62363720746e-06, 7.85932024883e-06, 5.97779444433e-06, 2.78280140265e-06, 1.50746120653e-06, 8.32775640447e-07, 9.21913169805e-07, 1.32990138013e-07, 1.45265971696e-07, 5.00374461865e-08, 3.05300176251e-08, 2.379101538e-08, 6.12873218842e-09, 1.15936575895e-08, 7.21891080246e-09, 5.33326671714e-09, 1.90078330853e-09, 1.86250195822e-10, 8.40600158925e-13], "dvar2": [5.81357850749e-10, 1.11229780941e-06, 9.35849413963e-07, 6.42556551611e-06, 3.0929903005e-05, 8.84979544935e-06, 3.76857428819e-06, 5.23378002981e-06, 1.30718672153e-05, 2.0427569325e-05, 1.4769392692e-05, 6.23253799859e-06, 3.81919880965e-06, 2.08070468943e-06, 1.87461250789e-06, 2.96766074825e-07, 3.43438813388e-07, 1.2464361987e-07, 7.62332419413e-08, 5.65129667507e-08, 1.24356223097e-08, 2.55661696258e-08, 1.48719729864e-08, 1.36355513547e-08, 5.00864993924e-09, 4.83193540735e-10, 2.25206463721e-12], "max": [0.000491345650516, 0.016200074926, 0.0204002037644, 0.029065085575, 0.0511189363897, 0.0426215641201, 0.0241268221289, 0.0271965209395, 0.0682383626699, 0.0790400952101, 0.0632192790508, 0.0339943021536, 0.022295018658, 0.0211123377085, 0.0378226563334, 0.00998103898019, 0.00781532842666, 0.00422349479049, 0.00306771928445, 0.00442055333406, 0.00307254027575, 0.00305529730394, 0.0031184903346, 0.00143489881884, 0.0010388221126, 0.000493428495247, 2.00777103601e-05], "mean": [7.03309433447e-06, 0.000354505900759, 0.000606986810453, 0.00127295288257, 0.00415220297873, 0.00188768736552, 0.000919565034565, 0.0011111771455, 0.00199054274708, 0.00229279045016, 0.00185499747749, 0.00121391459834, 0.000999374780804, 0.000626031833235, 0.000525568961166, 0.000205132600968, 0.000315942597808, 0.000219304929487, 0.000209176636417, 0.000120132099255, 6.49192515993e-05, 9.12031027838e-05, 5.58074061701e-05, 3.2687185012e-05, 1.95109660126e-05, 3.89096112485e-06, 3.2691534102e-07], "median": [1.79652010956e-06, 0.000221761074499, 0.000216540749534, 0.000386503466871, 0.00196996424347, 0.000719083822332, 0.000283190398477, 0.000256091181654, 0.000431498105172, 0.000330586568452, 0.000245797185926, 0.000151426793309, 0.000119426389574, 8.09642006061e-05, 0.000100091128843, 4.74908811157e-05, 0.000106512830826, 6.94554837537e-05, 7.53947679186e-05, 4.1839077312e-05, 2.17571650865e-05, 2.43520080403e-05, 1.51576878125e-05, 5.71757664147e-06, 2.32642423725e-06, 4.30225327364e-07, 9.2096271942e-08], "min": [4.4039210205e-25, 1.89513892832e-24, 4.12120411891e-25, 1.53359993254e-24, 6.77186363376e-24, 1.04319423646e-23, 5.51287042245e-24, 1.17719866952e-23, 8.91022178979e-24, 1.64594439479e-23, 5.15994509751e-24, 2.54090188528e-23, 2.07518207267e-23, 3.52093991767e-23, 6.05929362446e-23, 5.94817593952e-23, 7.2276408013e-23, 8.46111128577e-23, 1.0607595498e-22, 1.74361054979e-22, 2.02106353244e-22, 3.29971277515e-22, 4.04302144382e-22, 6.2570674905e-22, 9.61113391798e-22, 1.24739664361e-21, 1.98465993669e-21], "var": [2.86895979196e-10, 4.4573388891e-07, 9.57101633503e-07, 5.98493670623e-06, 3.187112452e-05, 8.01086025604e-06, 3.24876350533e-06, 4.57703708889e-06, 1.63788408827e-05, 2.59283569903e-05, 1.45676731336e-05, 6.64155322738e-06, 3.83453425457e-06, 2.00814861273e-06, 2.11370411307e-06, 2.53697209018e-07, 4.23922557502e-07, 1.27838575281e-07, 9.29283459072e-08, 5.65032074462e-08, 1.82467285725e-08, 4.12301943697e-08, 2.24310792163e-08, 8.11283484836e-09, 2.78951417521e-09, 1.91272567229e-10, 9.35701928266e-13]}, "barkbands_crest": {"dmean": 2.48747348785, "dmean2": 3.99047541618, "dvar": 4.80886602402, "dvar2": 12.294593811, "max": 25.7855319977, "mean": 10.7170810699, "median": 10.0316257477, "min": 2.78840565681, "var": 18.2339954376}, "barkbands_flatness_db": {"dmean": 0.0193909034133, "dmean2": 0.0293828230351, "dvar": 0.000359212775948, "dvar2": 0.000771646853536, "max": 0.369600951672, "mean": 0.165160268545, "median": 0.161415427923, "min": 0.0223177392036, "var": 0.00281889922917}, "barkbands_kurtosis": {"dmean": 3.10945487022, "dmean2": 4.82519245148, "dvar": 28.0169582367, "dvar2": 63.6036872864, "max": 123.021003723, "mean": 5.93740701675, "median": 2.59490871429, "min": -1.92241513729, "var": 95.9866790771}, "barkbands_skewness": {"dmean": 0.500874400139, "dmean2": 0.76266169548, "dvar": 0.297516137362, "dvar2": 0.649668097496, "max": 7.85155439377, "mean": 1.45473945141, "median": 1.18384838104, "min": -7.38381052017, "var": 2.15410065651}, "barkbands_spread": {"dmean": 3.47821784019, "dmean2": 5.3840007782, "dvar": 26.9601974487, "dvar2": 57.3403663635, "max": 95.9772644043, "mean": 13.704331398, "median": 11.4983034134, "min": 0.569672703743, "var": 98.3695144653}, "dissonance": {"dmean": 0.0289198718965, "dmean2": 0.0483787059784, "dvar": 0.000712848675903, "dvar2": 0.00194518896751, "max": 0.499999850988, "mean": 0.438888251781, "median": 0.445924043655, "min": 0.24853529036, "var": 0.00166094535962}, "dynamic_complexity": 3.72626757622, "erbbands": {"dmean": [0.00327074504457, 0.0452408380806, 0.225490763783, 1.37183320522, 4.00984096527, 8.01127052307, 11.1672286987, 7.76010322571, 5.9466676712, 10.1580848694, 17.2424125671, 24.0123672485, 35.272277832, 38.4220695496, 29.6987228394, 24.1203403473, 24.4446296692, 17.6391429901, 14.3107500076, 10.3291683197, 6.65389966965, 8.9752368927, 6.30825614929, 5.21672725677, 3.76484560966, 2.32590317726, 1.20264470577, 1.087438941, 1.41970789433, 1.1060847044, 0.696085631847, 0.437781333923, 0.292008936405, 0.164643496275, 0.0720571801066, 0.0220537185669, 0.00425291946158, 0.000519241613802, 4.21356417064e-05, 7.49655828258e-06], "dmean2": [0.00566157093272, 0.0757326707244, 0.340815097094, 2.1189892292, 6.54823875427, 12.7918395996, 17.6884307861, 11.9128494263, 9.24116611481, 16.1219825745, 26.3897418976, 36.9454307556, 55.4432945251, 59.377407074, 45.4125480652, 36.6520347595, 39.0497970581, 27.8748912811, 21.4414272308, 15.7372169495, 10.1840000153, 13.9222984314, 10.0875549316, 8.29170608521, 5.88782453537, 3.53951001167, 1.82816207409, 1.64755475521, 2.15469431877, 1.65930187702, 1.0556037426, 0.68340086937, 0.476269990206, 0.269859403372, 0.114613369107, 0.0351068042219, 0.00710510322824, 0.00087665108731, 7.04157500877e-05, 1.16934725156e-05], "dvar": [0.000189390950254, 0.0266478545964, 0.373247802258, 8.96343803406, 57.6567268372, 218.265914917, 460.319458008, 225.472946167, 149.92199707, 530.744812012, 1399.29040527, 3167.61816406, 7751.04785156, 9920.8828125, 4432.25830078, 3653.37255859, 2942.82324219, 1699.87231445, 1393.99951172, 1190.09558105, 463.739196777, 479.800933838, 184.247146606, 108.620727539, 60.022567749, 42.2076339722, 10.382853508, 10.4744520187, 16.5485839844, 14.5700092316, 5.24389266968, 2.57903289795, 1.47111082077, 0.363649725914, 0.0764016658068, 0.00789318885654, 0.000431171531091, 4.59858620161e-06, 2.56418140054e-08, 1.36872888024e-10], "dvar2": [0.000522796413861, 0.0714180991054, 0.89158987999, 21.4940662384, 160.556488037, 570.254638672, 1222.06091309, 535.85168457, 393.763671875, 1307.92541504, 3430.2331543, 7513.84570313, 20595.828125, 24469.7675781, 10705.9775391, 8085.14648438, 7522.33837891, 4494.12646484, 2988.23461914, 2404.09741211, 1079.89685059, 1108.09216309, 475.051330566, 265.857788086, 134.001098633, 97.7375335693, 22.627532959, 19.0165729523, 38.5304412842, 32.1927452087, 10.5496578217, 6.07975578308, 3.91368579865, 0.970918595791, 0.201357826591, 0.0200301129371, 0.00117079960182, 1.26308368635e-05, 6.93252175665e-08, 3.47887080254e-10], "max": [0.34654250741, 4.33566999435, 24.2513542175, 60.2014160156, 122.084465027, 287.399383545, 444.165802002, 255.19241333, 322.291290283, 487.049621582, 591.523681641, 1908.22949219, 2794.32592773, 2115.89453125, 1144.62536621, 1310.6550293, 928.395568848, 776.056213379, 1073.12561035, 1353.29870605, 700.075378418, 548.709350586, 298.734588623, 296.099609375, 158.594604492, 198.865264893, 118.078056335, 159.012969971, 109.934715271, 151.060546875, 59.4837913513, 41.0640335083, 30.3724060059, 11.9710512161, 8.66112232208, 3.36339116096, 0.543498873711, 0.046276923269, 0.00357795041054, 0.00033655873267], "mean": [0.00617512688041, 0.100542612374, 0.622769892216, 2.79240036011, 6.73076152802, 15.361451149, 20.5657424927, 14.3370132446, 10.6176338196, 18.15102005, 31.3916225433, 45.1890258789, 71.8256607056, 78.0926055908, 57.2024765015, 48.4074020386, 47.8529052734, 34.3249053955, 28.7743053436, 20.2180118561, 13.0863428116, 18.1522445679, 13.5928382874, 11.8504095078, 8.77933692932, 5.24073839188, 2.86570739746, 2.67223095894, 3.40968465805, 2.48624420166, 1.44061601162, 0.846008241177, 0.477140277624, 0.267577141523, 0.110448993742, 0.0302341878414, 0.00500858156011, 0.000645159452688, 6.62961465423e-05, 2.81526845356e-05], "median": [0.00345933018252, 0.0664368271828, 0.272042512894, 1.01053071022, 3.3490228653, 7.75804710388, 6.82416820526, 5.02567577362, 4.69012737274, 4.87972354889, 8.07517623901, 10.6602745056, 13.5613155365, 13.6802616119, 12.3031873703, 7.33652973175, 6.57712173462, 5.63041400909, 5.91872167587, 4.76868724823, 3.94188642502, 6.51035451889, 4.69694137573, 4.4366350174, 3.15130138397, 1.8695884943, 0.91162955761, 0.873147845268, 0.862810015678, 0.725605487823, 0.369441509247, 0.164916574955, 0.0728559046984, 0.0351010411978, 0.0113174868748, 0.00311531079933, 0.000618529389612, 0.000110381130071, 2.51490237133e-05, 2.25733529078e-05], "min": [6.84732780345e-23, 6.77458902197e-22, 1.06267485359e-21, 5.34460780816e-21, 7.90946305093e-21, 3.89133645179e-20, 5.20702085355e-20, 1.06966796289e-19, 1.16903484343e-19, 2.00662035411e-19, 3.27945809261e-19, 1.70213013e-19, 4.11141593169e-19, 6.60989067348e-19, 5.11082640453e-19, 1.01091117848e-18, 1.65947371828e-18, 2.45382839201e-18, 1.88791298272e-18, 3.8923781953e-18, 3.622948099e-18, 5.34690375135e-18, 5.18232872386e-18, 5.90942337742e-18, 7.31811816445e-18, 7.8920946556e-18, 9.07416883816e-18, 8.09220453503e-18, 1.08897641083e-17, 1.15205968588e-17, 1.16832569632e-17, 1.00983739465e-17, 1.06255915719e-17, 8.2891554117e-18, 6.26004455957e-18, 3.77075989779e-18, 2.12826002907e-18, 9.96973598748e-19, 2.19881072881e-19, 2.84450319745e-20], "var": [0.000176655157702, 0.0312792956829, 0.925348997116, 25.4808368683, 103.928184509, 505.708435059, 1009.57659912, 577.610961914, 300.814178467, 1347.41601563, 3257.87304688, 8719.87109375, 23079.6308594, 30587.8339844, 11638.7441406, 9892.28125, 8017.50292969, 4305.16894531, 3830.75976563, 2906.3347168, 943.74798584, 1364.05371094, 478.068572998, 327.489471436, 191.238525391, 104.548217773, 31.4418506622, 32.0866622925, 59.5341415405, 40.4890022278, 16.1138401031, 5.41974067688, 1.83568656445, 0.513062953949, 0.102295897901, 0.00989750493318, 0.000352987059159, 4.10959773944e-06, 2.64129802474e-08, 5.72626113193e-10]}, "erbbands_crest": {"dmean": 2.96375656128, "dmean2": 4.82704639435, "dvar": 7.26307106018, "dvar2": 18.3993816376, "max": 29.219789505, "mean": 11.1630153656, "median": 10.294801712, "min": 2.50600504875, "var": 20.8303947449}, "erbbands_flatness_db": {"dmean": 0.0182332545519, "dmean2": 0.027377160266, "dvar": 0.000343835563399, "dvar2": 0.000734676606953, "max": 0.374207347631, "mean": 0.205487549305, "median": 0.206124842167, "min": 0.0313432775438, "var": 0.00212854030542}, "erbbands_kurtosis": {"dmean": 1.44467806816, "dmean2": 2.26584219933, "dvar": 4.78365802765, "dvar2": 11.5493068695, "max": 71.9169158936, "mean": 1.91535615921, "median": 0.978512048721, "min": -1.88307631016, "var": 13.5200042725}, "erbbands_skewness": {"dmean": 0.408126890659, "dmean2": 0.624925255775, "dvar": 0.161390170455, "dvar2": 0.343721926212, "max": 5.56422042847, "mean": 0.770106732845, "median": 0.736543416977, "min": -6.14893722534, "var": 0.856921970844}, "erbbands_spread": {"dmean": 6.04826021194, "dmean2": 9.36343288422, "dvar": 63.0468940735, "dvar2": 144.81867981, "max": 138.789413452, "mean": 26.5454483032, "median": 22.8183784485, "min": 2.2604830265, "var": 252.598098755}, "gfcc": {"cov": [[19502.5761719, 1300.30126953, -2759.13989258, 326.037353516, -1226.87109375, 352.993530273, -438.36605835, -44.2317619324, -551.803527832, -250.521606445, -231.545455933, -149.708618164, -191.381652832], [1300.30126953, 1459.35498047, 119.08177948, 41.9974746704, 140.845077515, -298.981445313, -28.3101177216, -165.83531189, 13.7649526596, -167.364517212, 6.30458641052, -96.5059890747, -49.9806060791], [-2759.13989258, 119.08177948, 1377.87011719, 257.316253662, 208.827529907, -107.006607056, -170.399215698, 5.33668661118, 46.8271789551, 7.84054517746, -66.7872314453, 23.9944190979, 6.33117628098], [326.037353516, 41.9974746704, 257.316253662, 442.628723145, 25.0939216614, -103.904014587, -104.743980408, -7.97523355484, 13.5731668472, -31.445438385, -41.9144096375, -4.52122592926, 10.016617775], [-1226.87109375, 140.845077515, 208.827529907, 25.0939216614, 357.063110352, -8.25027084351, 31.6702442169, 12.8009996414, 18.8969669342, 22.7318706512, -12.2675237656, -12.7698144913, 13.4310274124], [352.993530273, -298.981445313, -107.006607056, -103.904014587, -8.25027084351, 389.631347656, 137.137634277, 79.4002990723, -26.6909484863, 53.7322731018, -13.3655939102, -24.2375488281, -52.158744812], [-438.36605835, -28.3101177216, -170.399215698, -104.743980408, 31.6702442169, 137.137634277, 310.68347168, 67.0967102051, 19.586479187, 14.2994813919, 29.887512207, -22.8397102356, -57.1164016724], [-44.2317619324, -165.83531189, 5.33668661118, -7.97523355484, 12.8009996414, 79.4002990723, 67.0967102051, 200.327819824, 62.126335144, 37.7008361816, -17.357460022, -10.8174753189, -44.6806411743], [-551.803527832, 13.7649526596, 46.8271789551, 13.5731668472, 18.8969669342, -26.6909484863, 19.586479187, 62.126335144, 178.460327148, 29.3723678589, -3.72564673424, -9.55342578888, -26.0899753571], [-250.521606445, -167.364517212, 7.84054517746, -31.445438385, 22.7318706512, 53.7322731018, 14.2994813919, 37.7008361816, 29.3723678589, 109.930366516, 17.3799514771, 5.81344032288, -3.49945211411], [-231.545455933, 6.30458641052, -66.7872314453, -41.9144096375, -12.2675237656, -13.3655939102, 29.887512207, -17.357460022, -3.72564673424, 17.3799514771, 107.396263123, 27.3812541962, 12.2255802155], [-149.708618164, -96.5059890747, 23.9944190979, -4.52122592926, -12.7698144913, -24.2375488281, -22.8397102356, -10.8174753189, -9.55342578888, 5.81344032288, 27.3812541962, 97.2894439697, 52.4751091003], [-191.381652832, -49.9806060791, 6.33117628098, 10.016617775, 13.4310274124, -52.158744812, -57.1164016724, -44.6806411743, -26.0899753571, -3.49945211411, 12.2255802155, 52.4751091003, 136.19342041]], "icov": [[0.000528779346496, -0.00129581452347, 0.00126695097424, -0.00109859672375, 0.0015306386631, -0.00134068215266, 0.00145108846482, -0.0011955400696, 0.00161034357734, -0.00120104628149, 0.00148906081449, -0.00118893082254, 0.000443403056124], [-0.00129581452347, 0.00444110948592, -0.00316773098893, 0.00288210436702, -0.00430843466893, 0.00405806023628, -0.00367809156887, 0.00370410340838, -0.0042467135936, 0.00453036185354, -0.00412377947941, 0.00406057713553, -0.000495569896884], [0.00126695097424, -0.00316773098893, 0.004020486027, -0.00304620340466, 0.00310221896507, -0.00322891608812, 0.00394952716306, -0.0029161751736, 0.0037181111984, -0.0030612477567, 0.00395344989374, -0.00345082185231, 0.00142040697392], [-0.00109859672375, 0.00288210436702, -0.00304620340466, 0.00512896152213, -0.00325175910257, 0.00336378137581, -0.00251666735858, 0.00234376406297, -0.00346668902785, 0.00327630154788, -0.00259531266056, 0.00289879227057, -0.000863136956468], [0.0015306386631, -0.00430843466893, 0.00310221896507, -0.00325175910257, 0.00803987774998, -0.00395504431799, 0.00336815742776, -0.00379661237821, 0.00476956367493, -0.0049642608501, 0.00481966417283, -0.00300708995201, 3.62477876479e-05], [-0.00134068215266, 0.00405806023628, -0.00322891608812, 0.00336378137581, -0.00395504431799, 0.00771820312366, -0.00510685378686, 0.00259251706302, -0.00286652706563, 0.00214767805301, -0.0028985447716, 0.00390974339098, -0.000177438530955], [0.00145108846482, -0.00367809156887, 0.00394952716306, -0.00251666735858, 0.00336815742776, -0.00510685378686, 0.00892860721797, -0.00430607702583, 0.00395221682265, -0.00237522390671, 0.00244483514689, -0.00319471629336, 0.00244213966653], [-0.0011955400696, 0.00370410340838, -0.0029161751736, 0.00234376406297, -0.00379661237821, 0.00259251706302, -0.00430607702583, 0.0101122735068, -0.00582714146003, 0.00220682821237, -0.00224126782268, 0.00246589630842, 0.00071296072565], [0.00161034357734, -0.0042467135936, 0.0037181111984, -0.00346668902785, 0.00476956367493, -0.00286652706563, 0.00395221682265, -0.00582714146003, 0.0120395505801, -0.005886354018, 0.0048724967055, -0.00356729561463, 0.00205634348094], [-0.00120104628149, 0.00453036185354, -0.0030612477567, 0.00327630154788, -0.0049642608501, 0.00214767805301, -0.00237522390671, 0.00220682821237, -0.005886354018, 0.016320919618, -0.00648964149877, 0.00375047908165, -0.00065464474028], [0.00148906081449, -0.00412377947941, 0.00395344989374, -0.00259531266056, 0.00481966417283, -0.0028985447716, 0.00244483514689, -0.00224126782268, 0.0048724967055, -0.00648964149877, 0.0162290800363, -0.00707684224471, 0.00132736866362], [-0.00118893082254, 0.00406057713553, -0.00345082185231, 0.00289879227057, -0.00300708995201, 0.00390974339098, -0.00319471629336, 0.00246589630842, -0.00356729561463, 0.00375047908165, -0.00707684224471, 0.018180353567, -0.00592685444281], [0.000443403056124, -0.000495569896884, 0.00142040697392, -0.000863136956468, 3.62477876479e-05, -0.000177438530955, 0.00244213966653, 0.00071296072565, 0.00205634348094, -0.00065464474028, 0.00132736866362, -0.00592685444281, 0.0115092685446]], "mean": [-56.2237129211, 106.027000427, -135.762756348, 16.9483680725, -66.2953109741, 4.77176761627, -36.6002388, -2.06109809875, -26.1743774414, -13.33598423, -15.3286619186, -3.29325556755, -8.69599723816]}, "hfc": {"dmean": 4.04301834106, "dmean2": 5.98535871506, "dvar": 32.9282951355, "dvar2": 74.4242935181, "max": 158.66494751, "mean": 17.5671291351, "median": 10.8391475677, "min": 1.09788929847e-16, "var": 326.911987305}, "melbands": {"dmean": [3.78404511139e-05, 9.44975472521e-05, 0.000296884041745, 0.000413506350014, 0.000388641608879, 0.000172643587575, 9.8593212897e-05, 0.000113227331894, 0.000153497268911, 0.000156255613547, 0.000180607079528, 0.000156183639774, 0.00011126321624, 7.93546569184e-05, 5.81067797611e-05, 5.31782388862e-05, 3.53847826773e-05, 2.50102566497e-05, 2.40499884967e-05, 8.78103946889e-06, 8.58701787365e-06, 1.06387433334e-05, 6.88709542374e-06, 4.98296367368e-06, 4.80970129502e-06, 3.1604531614e-06, 2.97737801702e-06, 1.41632017403e-06, 8.18711725969e-07, 7.16890554031e-07, 6.78393632825e-07, 8.72277325925e-07, 7.77235641181e-07, 6.20833475296e-07, 4.57414358834e-07, 3.34742480845e-07, 2.72648009059e-07, 2.2579344261e-07, 1.66387096101e-07, 1.37600977723e-07], "dmean2": [6.45601830911e-05, 0.000145688070916, 0.000470693572424, 0.000674299022648, 0.000614433374722, 0.000266980583547, 0.000153044209583, 0.000179790411494, 0.000236708598095, 0.000240178836975, 0.000283943052636, 0.000239954184508, 0.000170379149495, 0.000118704119814, 9.14280171855e-05, 8.69042851264e-05, 5.60455700906e-05, 3.73482689611e-05, 3.70280213247e-05, 1.33722287501e-05, 1.3331471564e-05, 1.65466008184e-05, 1.10641421998e-05, 7.91440288594e-06, 7.69845246396e-06, 5.00818259752e-06, 4.73138015877e-06, 2.18391278395e-06, 1.26557677049e-06, 1.09942868676e-06, 1.04412288238e-06, 1.35271682211e-06, 1.15594423278e-06, 9.57760676101e-07, 7.06028401964e-07, 5.16885904744e-07, 4.37342833948e-07, 3.7303303202e-07, 2.70122768598e-07, 2.26870469078e-07], "dvar": [2.31915322502e-08, 7.00262177133e-08, 3.5880299265e-07, 5.3171493164e-07, 5.03790943185e-07, 1.01443475842e-07, 4.1385963101e-08, 6.22898639335e-08, 1.155669338e-07, 1.38157091101e-07, 2.03123221354e-07, 1.55646787903e-07, 5.87677959629e-08, 3.72847779317e-08, 2.452658876e-08, 1.67934572914e-08, 7.87808129843e-09, 4.49989334683e-09, 8.27561841277e-09, 7.57030771403e-10, 9.69530344896e-10, 7.42750472238e-10, 1.95794283564e-10, 1.3636546059e-10, 9.76824524046e-11, 4.42757532026e-11, 6.76257660981e-11, 1.4455004034e-11, 4.24327630325e-12, 4.06086839502e-12, 4.01489258506e-12, 5.86265975003e-12, 7.06255670266e-12, 4.26790330507e-12, 2.28953835057e-12, 1.39500899981e-12, 1.19267464828e-12, 9.04732723201e-13, 3.96911426252e-13, 2.60401346753e-13], "dvar2": [6.38084216575e-08, 1.69695766772e-07, 9.4440082421e-07, 1.43116551499e-06, 1.30663056552e-06, 2.45970824153e-07, 1.04129163958e-07, 1.55784221079e-07, 2.82919216943e-07, 3.25051615846e-07, 5.39707912139e-07, 3.7983107859e-07, 1.41944724419e-07, 8.19156298348e-08, 5.80951216023e-08, 4.5304727081e-08, 2.09403356877e-08, 9.67752278314e-09, 1.6203021147e-08, 1.58176238774e-09, 2.32470753758e-09, 1.75181458228e-09, 4.85924800397e-10, 3.45465850371e-10, 2.44295028651e-10, 1.09797240744e-10, 1.6190088159e-10, 3.25940559265e-11, 8.87746560291e-12, 8.92751410991e-12, 7.46539288721e-12, 1.44315896039e-11, 1.56068907797e-11, 9.67956444164e-12, 4.9691388157e-12, 3.00727693615e-12, 3.09510446786e-12, 2.45124081623e-12, 1.03337791883e-12, 7.09503799028e-13], "max": [0.00403779558837, 0.0104575511068, 0.0101946247742, 0.0112369256094, 0.0123766027391, 0.0058451932855, 0.00415887869895, 0.00454118754715, 0.00624535232782, 0.0128329545259, 0.0141546530649, 0.00785497575998, 0.00518761575222, 0.0047174487263, 0.00439020944759, 0.00259919394739, 0.00177646707743, 0.0022031632252, 0.00419299583882, 0.00103583023883, 0.00113726977725, 0.000652703456581, 0.000333974516252, 0.000324990745867, 0.000271762663033, 0.000140167510835, 0.000248723052209, 0.00010918553744, 7.16610447853e-05, 6.96043716744e-05, 0.000101611338323, 6.05724817433e-05, 9.38880912145e-05, 8.84786713868e-05, 3.43192987202e-05, 3.56905329681e-05, 2.63378497039e-05, 2.20220572373e-05, 1.4261007891e-05, 1.032630189e-05], "mean": [7.58852766012e-05, 0.000253231293755, 0.000565340102185, 0.000782833667472, 0.000756234221626, 0.000319809943903, 0.000171375533682, 0.000201535425731, 0.000279687723378, 0.000286426191451, 0.000354301999323, 0.000307444890495, 0.000207981633139, 0.000143551398651, 0.000109962798888, 9.74492359092e-05, 6.15072131041e-05, 4.51520063507e-05, 4.31060252595e-05, 1.56062342285e-05, 1.48973358591e-05, 1.98475845536e-05, 1.42694507304e-05, 9.75971306616e-06, 9.88508872979e-06, 6.65575180392e-06, 5.72639783059e-06, 2.90166008199e-06, 1.81677717137e-06, 1.5162827367e-06, 1.53258110913e-06, 1.96224527826e-06, 1.70957139289e-06, 1.25756650959e-06, 8.55201108152e-07, 6.4086839302e-07, 4.69272237069e-07, 3.48014481233e-07, 2.657138225e-07, 2.10556024172e-07], "median": [4.87840952701e-05, 0.000130552216433, 0.000253239122685, 0.000414521782659, 0.000281759304926, 0.000120508280816, 6.69336004648e-05, 4.96064967592e-05, 6.06857138337e-05, 5.84032022743e-05, 5.76883394388e-05, 4.52907115687e-05, 3.79520861316e-05, 1.90211285371e-05, 1.47914788613e-05, 1.0055344319e-05, 8.07584547147e-06, 8.03736838861e-06, 7.76506203692e-06, 3.84663508157e-06, 3.77352330361e-06, 6.26232667855e-06, 4.51848973171e-06, 3.29849444825e-06, 3.39588928e-06, 1.90015884982e-06, 1.75734157892e-06, 8.88471106464e-07, 5.32581452717e-07, 4.4984460601e-07, 4.78210381516e-07, 4.77390130982e-07, 4.0810880364e-07, 3.65584270412e-07, 2.11060552147e-07, 1.37654353694e-07, 7.87722171935e-08, 5.1021380898e-08, 3.60871510452e-08, 2.44473596922e-08], "min": [1.1131985026e-24, 6.18656572133e-25, 1.35579403717e-24, 5.24100252767e-25, 1.95165923446e-24, 2.85869288379e-24, 1.39784170392e-24, 1.68473572262e-24, 2.32844720735e-24, 9.90247627993e-25, 2.11055376735e-24, 2.00863846043e-24, 1.09902227771e-24, 2.91399696362e-24, 2.41795550718e-24, 1.85611752921e-24, 3.69619869951e-24, 1.85287590254e-24, 3.90126782499e-24, 3.81365417184e-24, 2.85569698728e-24, 4.62590638063e-24, 4.00386234116e-24, 3.93393494951e-24, 4.11353175635e-24, 4.0684830655e-24, 3.865265791e-24, 4.53366526941e-24, 4.15816787295e-24, 3.21900036908e-24, 4.75822320355e-24, 6.04171409584e-24, 5.07101799095e-24, 5.40236323697e-24, 6.49009632348e-24, 4.94333217597e-24, 5.63300526085e-24, 6.86592346379e-24, 6.83064165981e-24, 6.18977066598e-24], "var": [2.2181319892e-08, 1.51380433522e-07, 8.34571892483e-07, 1.18789716907e-06, 1.25734118228e-06, 2.55119971371e-07, 8.79473773807e-08, 1.64062925023e-07, 2.81269706193e-07, 3.84780861395e-07, 5.81700646762e-07, 4.79838490719e-07, 1.5218095939e-07, 9.11033453121e-08, 5.59442057124e-08, 4.20074464103e-08, 1.78724945954e-08, 1.13558682457e-08, 1.86756707876e-08, 1.61034341417e-09, 1.63324309632e-09, 1.96401961361e-09, 5.96785121321e-10, 2.81925982559e-10, 2.65075850159e-10, 1.17407333855e-10, 1.46467671325e-10, 3.51103555951e-11, 1.26769003281e-11, 1.13090014783e-11, 1.13535595855e-11, 2.03570407059e-11, 1.90883021195e-11, 1.09039192606e-11, 6.06258359487e-12, 3.49912611906e-12, 1.79546286692e-12, 1.04100061904e-12, 5.40982677492e-13, 3.46080423434e-13]}, "melbands_crest": {"dmean": 3.0976729393, "dmean2": 5.04895877838, "dvar": 7.63063383102, "dvar2": 19.6655750275, "max": 32.7316207886, "mean": 13.4588079453, "median": 12.8508234024, "min": 1.5705370903, "var": 26.9942245483}, "melbands_flatness_db": {"dmean": 0.0211250986904, "dmean2": 0.0313351005316, "dvar": 0.000446670601377, "dvar2": 0.000912412127946, "max": 0.444508731365, "mean": 0.216055080295, "median": 0.210506349802, "min": 0.00363978999667, "var": 0.00490702595562}, "melbands_kurtosis": {"dmean": 5.20256757736, "dmean2": 8.2230014801, "dvar": 88.3619003296, "dvar2": 213.635848999, "max": 141.348068237, "mean": 11.1453828812, "median": 4.56586027145, "min": -1.84106230736, "var": 274.41229248}, "melbands_skewness": {"dmean": 0.590879142284, "dmean2": 0.911529958248, "dvar": 0.450498342514, "dvar2": 1.05565345287, "max": 10.0706510544, "mean": 1.97903239727, "median": 1.55663371086, "min": -4.18243074417, "var": 2.98335766792}, "melbands_spread": {"dmean": 4.94933605194, "dmean2": 7.47534799576, "dvar": 76.4854888916, "dvar2": 154.708251953, "max": 250.843856812, "mean": 19.9267501831, "median": 15.6625757217, "min": 0.860962092876, "var": 395.914489746}, "mfcc": {"cov": [[9338.19433594, 315.00970459, -923.145751953, -284.183380127, -510.45993042, 79.9145278931, 61.5511245728, 108.162452698, -161.336196899, -116.584014893, 49.0894050598, -102.379302979, -164.17817688], [315.00970459, 1611.1685791, 86.5562896729, 232.337814331, 106.994621277, -44.1767272949, -54.7569847107, -7.45710468292, -69.8020019531, -57.8340415955, -25.2479782104, -66.2761154175, -34.3857803345], [-923.145751953, 86.5562896729, 923.335510254, 263.913208008, 234.111083984, -28.5645046234, -117.048149109, -30.8535118103, 17.3410072327, -37.4725837708, -63.2473831177, -0.582380354404, -0.00136871857103], [-284.183380127, 232.337814331, 263.913208008, 529.27911377, 173.299102783, -76.2571411133, -123.169448853, -43.4400558472, 9.37305450439, -56.7400131226, -79.0471572876, -15.0266332626, 9.79530334473], [-510.45993042, 106.994621277, 234.111083984, 173.299102783, 351.181518555, -9.17493247986, -59.0405387878, -61.1416702271, 43.0222091675, -14.0735559464, -56.7073516846, -13.0938138962, 0.448826521635], [79.9145278931, -44.1767272949, -28.5645046234, -76.2571411133, -9.17493247986, 200.554794312, 91.7049789429, 12.6433048248, 3.29426074028, 25.0422763824, 12.1373577118, -22.2033119202, -2.51926136017], [61.5511245728, -54.7569847107, -117.048149109, -123.169448853, -59.0405387878, 91.7049789429, 254.693344116, 60.7394828796, 3.26222634315, 38.5749397278, 38.8611030579, 3.16540074348, -3.4014942646], [108.162452698, -7.45710468292, -30.8535118103, -43.4400558472, -61.1416702271, 12.6433048248, 60.7394828796, 158.792678833, 46.4206047058, 27.217092514, 62.2250137329, 43.392162323, -1.25234293938], [-161.336196899, -69.8020019531, 17.3410072327, 9.37305450439, 43.0222091675, 3.29426074028, 3.26222634315, 46.4206047058, 138.942443848, 52.8285217285, 21.6652851105, 18.9790744781, 6.44952583313], [-116.584014893, -57.8340415955, -37.4725837708, -56.7400131226, -14.0735559464, 25.0422763824, 38.5749397278, 27.217092514, 52.8285217285, 135.095977783, 66.5784835815, 18.7186145782, 3.18338918686], [49.0894050598, -25.2479782104, -63.2473831177, -79.0471572876, -56.7073516846, 12.1373577118, 38.8611030579, 62.2250137329, 21.6652851105, 66.5784835815, 162.605163574, 70.2688140869, -5.35551166534], [-102.379302979, -66.2761154175, -0.582380354404, -15.0266332626, -13.0938138962, -22.2033119202, 3.16540074348, 43.392162323, 18.9790744781, 18.7186145782, 70.2688140869, 124.625541687, 37.7826385498], [-164.17817688, -34.3857803345, -0.00136871857103, 9.79530334473, 0.448826521635, -2.51926136017, -3.4014942646, -1.25234293938, 6.44952583313, 3.18338918686, -5.35551166534, 37.7826385498, 102.300765991]], "icov": [[0.000133261855808, -2.64616046479e-05, 0.000113862544822, -5.56447230338e-06, 0.000119810239994, -7.49775063014e-05, 7.22762561054e-05, -9.36018186621e-05, 5.94565935899e-05, 0.000130030690343, -1.42059689097e-05, 5.10066056449e-05, 0.00017701491015], [-2.64616046479e-05, 0.000728268176317, 2.65174039669e-05, -0.000295111414744, -0.000270471238764, 0.000119003052532, 2.95133522741e-05, -0.000323192507494, 0.000489911413752, 7.46185396565e-05, -0.000328112917487, 0.000539253407624, -1.78262089321e-05], [0.000113862544822, 2.65174039669e-05, 0.00153632136062, -0.000437735841842, -0.00065659446409, -0.000249194825301, 0.000471242936328, -0.000438141665654, 0.0002704965882, 9.07865978661e-05, 0.000211098027648, -0.000174419532414, 0.000296220125165], [-5.56447230338e-06, -0.000295111414744, -0.000437735841842, 0.00285094743595, -0.000786185963079, 0.000557109131478, 0.000599363236688, -0.000117776355182, -0.000272732198937, 0.000416850467445, 0.000648672110401, -7.99937697593e-05, -0.000277727667708], [0.000119810239994, -0.000270471238764, -0.00065659446409, -0.000786185963079, 0.00457151746377, -0.000478556350572, -7.83602590673e-05, 0.00185288558714, -0.00200198823586, 0.000193364190636, 0.00073696160689, -0.000708519248292, 0.000585325295106], [-7.49775063014e-05, 0.000119003052532, -0.000249194825301, 0.000557109131478, -0.000478556350572, 0.0064462646842, -0.00212451210245, 6.7966451752e-05, 4.41369957116e-05, -0.000471554667456, -0.000565298018046, 0.00179872324225, -0.000724660523701], [7.22762561054e-05, 2.95133522741e-05, 0.000471242936328, 0.000599363236688, -7.83602590673e-05, -0.00212451210245, 0.0057594338432, -0.00209284480661, 0.000897766556591, -0.0008314436418, 0.000134336922201, 0.000235911691561, 7.16136564733e-05], [-9.36018186621e-05, -0.000323192507494, -0.000438141665654, -0.000117776355182, 0.00185288558714, 6.7966451752e-05, -0.00209284480661, 0.0100631685928, -0.0039644096978, 0.00114582618698, -0.00191746524069, -0.00221823831089, 0.000732728047296], [5.94565935899e-05, 0.000489911413752, 0.0002704965882, -0.000272732198937, -0.00200198823586, 4.41369957116e-05, 0.000897766556591, -0.0039644096978, 0.0108652971685, -0.00412553735077, 0.000879291794263, -3.0725463148e-05, -0.000221844544285], [0.000130030690343, 7.46185396565e-05, 9.07865978661e-05, 0.000416850467445, 0.000193364190636, -0.000471554667456, -0.0008314436418, 0.00114582618698, -0.00412553735077, 0.011675355956, -0.00488600879908, 0.00162517419085, -0.000791458995081], [-1.42059689097e-05, -0.000328112917487, 0.000211098027648, 0.000648672110401, 0.00073696160689, -0.000565298018046, 0.000134336922201, -0.00191746524069, 0.000879291794263, -0.00488600879908, 0.012415073812, -0.00678171124309, 0.00301987398416], [5.10066056449e-05, 0.000539253407624, -0.000174419532414, -7.99937697593e-05, -0.000708519248292, 0.00179872324225, 0.000235911691561, -0.00221823831089, -3.0725463148e-05, 0.00162517419085, -0.00678171124309, 0.0146062262356, -0.00549930054694], [0.00017701491015, -1.78262089321e-05, 0.000296220125165, -0.000277727667708, 0.000585325295106, -0.000724660523701, 7.16136564733e-05, 0.000732728047296, -0.000221844544285, -0.000791458995081, 0.00301987398416, -0.00549930054694, 0.0122984815389]], "mean": [-687.30279541, 134.109283447, -13.1884469986, 10.9721813202, -9.31109142303, 0.0503378212452, -5.84059524536, 6.44170427322, -8.8766002655, -5.86013412476, -5.99867582321, -10.7274913788, -6.94478797913]}, "pitch_salience": {"dmean": 0.0640643388033, "dmean2": 0.102788187563, "dvar": 0.00309008685872, "dvar2": 0.00776453921571, "max": 0.88597869873, "mean": 0.564522147179, "median": 0.565618693829, "min": 0.155152097344, "var": 0.0102717718109}, "silence_rate_20dB": {"dmean": 0, "dmean2": 0, "dvar": 0, "dvar2": 0, "max": 1, "mean": 1, "median": 1, "min": 1, "var": 0}, "silence_rate_30dB": {"dmean": 0.00145327718928, "dmean2": 0.00290697673336, "dvar": 0.00145115191117, "dvar2": 0.00318920076825, "max": 1, "mean": 0.997529804707, "median": 1, "min": 0, "var": 0.00246409489773}, "silence_rate_60dB": {"dmean": 0.0264496430755, "dmean2": 0.0529069751501, "dvar": 0.0257519949228, "dvar2": 0.0556330084801, "max": 1, "mean": 0.0972101166844, "median": 0, "min": 0, "var": 0.0877664089203}, "spectral_centroid": {"dmean": 173.82723999, "dmean2": 260.202270508, "dvar": 78906.671875, "dvar2": 144826.640625, "max": 11690.5634766, "mean": 1182.5246582, "median": 1015.64758301, "min": 195.402908325, "var": 1354983.875}, "spectral_complexity": {"dmean": 2.13050436974, "dmean2": 3.27819776535, "dvar": 4.92811489105, "dvar2": 10.4055643082, "max": 50, "mean": 14.1432723999, "median": 13, "min": 0, "var": 72.6632537842}, "spectral_contrast_coeffs": {"dmean": [0.0457178205252, 0.0484950058162, 0.0407085716724, 0.0328703783453, 0.0243410170078, 0.0194513667375], "dmean2": [0.0734760537744, 0.0776264294982, 0.0645743757486, 0.0526742525399, 0.0382384955883, 0.029163364321], "dvar": [0.00153614080045, 0.00168666418176, 0.00126127712429, 0.00083242560504, 0.000474913453218, 0.000381584832212], "dvar2": [0.00384050374851, 0.00401745596901, 0.00284761795774, 0.00188323506154, 0.0010384703055, 0.000800267851446], "max": [-0.264951437712, -0.315310239792, -0.364578336477, -0.435874164104, -0.529111862183, -0.569586992264], "mean": [-0.577627122402, -0.683855831623, -0.702455818653, -0.728529512882, -0.752940177917, -0.759730815887], "median": [-0.568383097649, -0.687100887299, -0.704716444016, -0.726027131081, -0.74995970726, -0.75702726841], "min": [-0.975855231285, -0.979166567326, -0.97588956356, -0.971674919128, -0.967418193817, -0.96379750967], "var": [0.0128932185471, 0.00905292853713, 0.00800875388086, 0.00509448722005, 0.00349238701165, 0.00293902447447]}, "spectral_contrast_valleys": {"dmean": [0.355102837086, 0.350322365761, 0.320604890585, 0.287826240063, 0.257883667946, 0.293549895287], "dmean2": [0.582243323326, 0.560118794441, 0.50388944149, 0.443326592445, 0.370829552412, 0.39877307415], "dvar": [0.138760328293, 0.132675513625, 0.109581135213, 0.0988425016403, 0.0906677022576, 0.158476024866], "dvar2": [0.303530067205, 0.285424798727, 0.218809857965, 0.178533792496, 0.145612776279, 0.283339828253], "max": [-5.75987815857, -4.79373884201, -4.94938087463, -5.60727262497, -5.61606216431, -8.08891773224], "mean": [-8.35805225372, -7.42207717896, -7.88425302505, -8.52991962433, -8.54287147522, -11.0688409805], "median": [-7.91233158112, -7.11663722992, -7.72702789307, -8.35207557678, -8.31066799164, -10.9913845062], "min": [-27.9511394501, -27.7210655212, -27.7775821686, -27.7429027557, -27.6599197388, -27.4035701752], "var": [4.76226234436, 5.0964846611, 5.00108623505, 4.61010932922, 4.59674739838, 3.69301009178]}, "spectral_decrease": {"dmean": 1.34085265113e-09, "dmean2": 2.07394545981e-09, "dvar": 2.65231492948e-18, "dvar2": 6.43867338567e-18, "max": 1.68963206246e-28, "mean": -5.18250065085e-09, "median": -4.3684149631e-09, "min": -4.04446254265e-08, "var": 1.71600057368e-17}, "spectral_energy": {"dmean": 0.00537815596908, "dmean2": 0.00829567015171, "dvar": 4.27296727139e-05, "dvar2": 0.000103156969999, "max": 0.167038455606, "mean": 0.0211532823741, "median": 0.0175839662552, "min": 9.92512691252e-21, "var": 0.000292071839795}, "spectral_energyband_high": {"dmean": 0.000108522814116, "dmean2": 0.000158462833497, "dvar": 7.88302685351e-08, "dvar2": 1.57911671295e-07, "max": 0.00758223189041, "mean": 0.000311266863719, "median": 0.000105089595309, "min": 7.14930426284e-21, "var": 3.32335105213e-07}, "spectral_energyband_low": {"dmean": 0.000629602407571, "dmean2": 0.000956455012783, "dvar": 2.14130386667e-06, "dvar2": 5.09522851644e-06, "max": 0.0436290763319, "mean": 0.00162563635968, "median": 0.000870015937835, "min": 8.65081908061e-24, "var": 5.53170002604e-06}, "spectral_energyband_middle_high": {"dmean": 0.00237802765332, "dmean2": 0.00359373469837, "dvar": 1.87128352991e-05, "dvar2": 4.55237968708e-05, "max": 0.108068525791, "mean": 0.00811471417546, "median": 0.00272134528495, "min": 1.09977368192e-21, "var": 0.000123498495668}, "spectral_energyband_middle_low": {"dmean": 0.00413752626628, "dmean2": 0.00647733267397, "dvar": 2.64084610535e-05, "dvar2": 6.57364435028e-05, "max": 0.0902660489082, "mean": 0.0122817512602, "median": 0.0104526095092, "min": 1.82898259156e-22, "var": 0.000106554638478}, "spectral_entropy": {"dmean": 0.174805805087, "dmean2": 0.260567039251, "dvar": 0.0339434482157, "dvar2": 0.0693833604455, "max": 9.8265209198, "mean": 7.15116071701, "median": 7.18542814255, "min": 5.1787571907, "var": 0.336078166962}, "spectral_flux": {"dmean": 0.0194131731987, "dmean2": 0.0315074697137, "dvar": 0.000376327399863, "dvar2": 0.000931456219405, "max": 0.258683681488, "mean": 0.0709709227085, "median": 0.066316947341, "min": 6.32726718242e-11, "var": 0.00157459068578}, "spectral_kurtosis": {"dmean": 2.25052118301, "dmean2": 3.79536104202, "dvar": 6.1944937706, "dvar2": 16.5732288361, "max": 48.4126548767, "mean": 6.30124044418, "median": 5.28579044342, "min": -1.26863634586, "var": 21.0940380096}, "spectral_rms": {"dmean": 0.000571912212763, "dmean2": 0.000860346597619, "dvar": 3.35310744504e-07, "dvar2": 7.31690249722e-07, "max": 0.0127657493576, "mean": 0.00414137542248, "median": 0.00414187042043, "min": 3.11175998163e-12, "var": 3.48634830516e-06}, "spectral_rolloff": {"dmean": 273.780639648, "dmean2": 462.208465576, "dvar": 440114.4375, "dvar2": 924387.25, "max": 19961.2792969, "mean": 1398.85949707, "median": 1055.12695313, "min": 129.19921875, "var": 4281418}, "spectral_skewness": {"dmean": 0.257571071386, "dmean2": 0.415864735842, "dvar": 0.0639090016484, "dvar2": 0.150204837322, "max": 5.48890590668, "mean": 1.82067203522, "median": 1.75940573215, "min": -0.464874655008, "var": 0.392790168524}, "spectral_spread": {"dmean": 501760.3125, "dmean2": 766355.125, "dvar": 787638255616, "dvar2": 1677245939