{"lowlevel": {"average_loudness": 0.533572137356, "barkbands": {"dmean": [3.52069146174e-05, 0.000939885212574, 0.000963941449299, 0.00112650147639, 0.00109209923539, 0.000717001850717, 0.000564120942727, 0.00071745866444, 0.000657797208987, 0.000750058097765, 0.000882248627022, 0.000588181428611, 0.00113161548506, 0.000554330006707, 0.000356689939508, 0.00022172628087, 0.000108247739263, 0.000125599326566, 9.9960314401e-05, 0.000105158345832, 5.33010388608e-05, 4.49616454716e-05, 3.33163006871e-05, 2.43206068262e-05, 1.65042201843e-05, 4.54520977655e-06, 3.9132808638e-07], "dmean2": [5.74801997573e-05, 0.00150097708683, 0.00156312051695, 0.00184923701454, 0.00177366333082, 0.00107208895497, 0.000864144705702, 0.00106716714799, 0.00102838827297, 0.00121163588483, 0.00141814840026, 0.000954787596129, 0.00171892310027, 0.000908426998649, 0.000563013774808, 0.000360593374353, 0.000175923443749, 0.000206761600566, 0.000160745446919, 0.000165845296578, 8.55572870933e-05, 7.15222122381e-05, 5.16262189194e-05, 3.64476727555e-05, 2.41789584834e-05, 6.73938939144e-06, 6.22789116278e-07], "dvar": [3.79683910978e-08, 1.38326922752e-05, 9.48052274907e-06, 1.18621055663e-05, 5.32666535946e-06, 2.47276011578e-06, 4.01309580411e-06, 7.26365396986e-06, 2.15205864151e-06, 3.55485121872e-06, 6.45868294669e-06, 3.30719490194e-06, 9.99306757876e-06, 2.63891070063e-06, 1.01331636415e-06, 4.98693964346e-07, 5.77971874804e-08, 7.26537123796e-08, 5.4251579229e-08, 5.94820157573e-08, 2.89650667895e-08, 2.6440760692e-08, 1.35984290495e-08, 7.62150964562e-09, 2.42968667408e-09, 2.49812032171e-10, 4.36023959993e-12], "dvar2": [9.22989045193e-08, 3.42176717822e-05, 2.49438471656e-05, 3.10270152113e-05, 1.4024129996e-05, 5.5685877669e-06, 9.49362311076e-06, 1.52143838932e-05, 5.12301994604e-06, 8.34177171782e-06, 1.68822080013e-05, 8.50855303725e-06, 2.09376376006e-05, 7.35213916414e-06, 2.34831327361e-06, 1.36238134019e-06, 1.47875979906e-07, 1.90957194945e-07, 1.26940875589e-07, 1.31177756657e-07, 7.59043743415e-08, 6.94178439176e-08, 3.35836283227e-08, 1.76531980145e-08, 5.28433785618e-09, 5.2739945744e-10, 9.05118688332e-12], "max": [0.00304285879247, 0.0521936640143, 0.0707140117884, 0.0877919644117, 0.0406237915158, 0.0593509338796, 0.0789756774902, 0.109916575253, 0.0394940041006, 0.0729593485594, 0.0962547138333, 0.0437279827893, 0.11772993207, 0.0469443947077, 0.0282137095928, 0.0293089728802, 0.00576963415369, 0.00584978656843, 0.0082797370851, 0.00979787670076, 0.00440391385928, 0.00384419038892, 0.0025822983589, 0.00195872667246, 0.00158237584401, 0.000497394648846, 9.89792461041e-05], "mean": [2.87547318294e-05, 0.00143376213964, 0.00194108649157, 0.00176324218046, 0.00205876142718, 0.00154215854127, 0.00100368470885, 0.00113376264926, 0.00113971927203, 0.0011748818215, 0.00145027041435, 0.000964662642218, 0.00196766597219, 0.00089932809351, 0.00059416302247, 0.000373236718588, 0.000204171257792, 0.000237935251789, 0.000207214441616, 0.00023934894125, 9.8208351119e-05, 8.57338600326e-05, 6.3156185206e-05, 4.77907888126e-05, 3.37162491633e-05, 7.25432346371e-06, 3.84256679808e-07], "median": [1.01098271443e-06, 0.000414744194131, 0.000547534204088, 0.00054631207604, 0.000961302954238, 0.000685801205691, 0.000352401402779, 0.000331624061801, 0.000455987668829, 0.000313222612021, 0.00026762066409, 0.000181319977855, 0.00051533424994, 0.000165008153999, 0.000147790211486, 9.22184699448e-05, 8.18109183456e-05, 8.53945675772e-05, 7.0296744525e-05, 8.39963468025e-05, 3.23832573486e-05, 2.01034090423e-05, 1.78337413672e-05, 1.49141542352e-05, 1.08068552436e-05, 1.44547777836e-06, 1.48494541108e-08], "min": [6.12514875834e-24, 3.78377196298e-23, 2.12820409623e-23, 1.0868773302e-23, 1.1322487756e-22, 3.56333645816e-23, 8.38359591995e-23, 4.96036841608e-23, 1.01876311956e-22, 1.8371293159e-22, 6.53036854044e-23, 2.20536302314e-22, 1.2332772451e-22, 7.62289356252e-23, 5.44528910313e-23, 9.24800634961e-23, 2.25406767408e-22, 1.57393262752e-22, 2.86636030413e-22, 2.40690246938e-22, 4.2479440305e-22, 7.48453051518e-22, 6.92221834504e-22, 9.02761817644e-22, 1.2700758519e-21, 1.79918285968e-21, 2.69933893723e-21], "var": [3.1502569442e-08, 1.36381731863e-05, 1.59287610586e-05, 1.48503158925e-05, 1.05666385934e-05, 7.15359556125e-06, 8.28017255117e-06, 1.45834674186e-05, 4.1851790229e-06, 6.72168607707e-06, 1.42881872307e-05, 6.67239191898e-06, 2.42607948167e-05, 4.89185094921e-06, 2.25655708164e-06, 9.31834279072e-07, 1.29557108153e-07, 1.51216909217e-07, 1.67046181332e-07, 2.24294296913e-07, 3.96610104758e-08, 3.45277406666e-08, 1.92956814971e-08, 1.28153541112e-08, 6.27239327144e-09, 4.60872007224e-10, 6.64299604908e-12]}, "barkbands_crest": {"dmean": 2.16344261169, "dmean2": 3.53773403168, "dvar": 4.43625974655, "dvar2": 11.2657642365, "max": 25.3181095123, "mean": 8.93773269653, "median": 8.02027320862, "min": 2.58693933487, "var": 14.0648412704}, "barkbands_flatness_db": {"dmean": 0.0159838479012, "dmean2": 0.024410828948, "dvar": 0.000230282617849, "dvar2": 0.000505995820276, "max": 0.368290841579, "mean": 0.14268052578, "median": 0.135393857956, "min": 0.0411983467638, "var": 0.00204694550484}, "barkbands_kurtosis": {"dmean": 1.50915050507, "dmean2": 2.37183260918, "dvar": 5.90017414093, "dvar2": 13.8762779236, "max": 71.8049240112, "mean": 2.3393073082, "median": 0.971549272537, "min": -1.82582342625, "var": 18.6273803711}, "barkbands_skewness": {"dmean": 0.385911822319, "dmean2": 0.587206244469, "dvar": 0.148138195276, "dvar2": 0.322037726641, "max": 6.63832044601, "mean": 1.06601512432, "median": 1.00346708298, "min": -2.32510113716, "var": 0.972363173962}, "barkbands_spread": {"dmean": 3.82524228096, "dmean2": 5.93394708633, "dvar": 23.9023399353, "dvar2": 52.3871650696, "max": 110.690155029, "mean": 19.1339588165, "median": 16.8620529175, "min": 1.44051027298, "var": 183.778244019}, "dissonance": {"dmean": 0.0191299952567, "dmean2": 0.032531067729, "dvar": 0.000330129289068, "dvar2": 0.000929978850763, "max": 0.499999850988, "mean": 0.461471706629, "median": 0.466370582581, "min": 0.30509853363, "var": 0.000653917319141}, "dynamic_complexity": 4.80812978745, "erbbands": {"dmean": [0.0230460967869, 0.235044702888, 0.90361893177, 2.4909119606, 3.91055989265, 3.60968518257, 4.37891483307, 6.86461353302, 8.48906040192, 9.84358119965, 14.2183380127, 17.0211048126, 21.6820888519, 22.1325492859, 37.836643219, 21.644285202, 52.806350708, 26.7389163971, 23.840467453, 13.717924118, 8.94249725342, 5.51413202286, 7.22058773041, 5.30597305298, 4.63178443909, 4.97187328339, 2.73315525055, 1.77906477451, 1.59372580051, 1.3974622488, 0.916474938393, 0.556412577629, 0.392965972424, 0.240269467235, 0.0921096727252, 0.0280561503023, 0.00688908575103, 0.00101061584428, 6.72409660183e-05, 8.12559119368e-06], "dmean2": [0.036224834621, 0.38482427597, 1.45319843292, 4.08503198624, 6.48064231873, 5.85118627548, 6.72117471695, 10.3305587769, 12.7723703384, 14.6510028839, 21.6414756775, 26.4315643311, 35.2522125244, 35.2147636414, 60.8589515686, 34.4654083252, 79.6719512939, 42.8033790588, 38.628326416, 21.624540329, 14.4598894119, 8.94058609009, 11.8412218094, 8.60949802399, 7.3848361969, 7.78922462463, 4.44537401199, 2.81032156944, 2.55514168739, 2.21086883545, 1.42046737671, 0.846259534359, 0.584348917007, 0.355259895325, 0.135549917817, 0.040743727237, 0.0105208354071, 0.00160559348296, 0.000104504892079, 1.20489876281e-05], "dvar": [0.0123811047524, 0.789989590645, 8.27600765228, 57.7884788513, 91.73097229, 66.5629119873, 116.27722168, 238.157180786, 916.795593262, 821.79901123, 3655.26074219, 1390.84069824, 2791.95385742, 4296.41845703, 11040.0800781, 2756.05419922, 23222.0234375, 4548.89355469, 5012.21386719, 1498.1048584, 937.473144531, 147.327728271, 248.554214478, 137.583526611, 148.679046631, 137.929718018, 62.7060508728, 34.1452980042, 32.0346870422, 27.1963233948, 9.98363018036, 4.61153316498, 1.62463879585, 0.542072713375, 0.0803627818823, 0.00747445365414, 0.000741514435504, 2.32255242736e-05, 1.15351312502e-07, 2.42099756909e-10], "dvar2": [0.0293391980231, 2.0690677166, 21.1420707703, 148.343109131, 246.625808716, 173.35874939, 250.943099976, 555.047241211, 2203.74560547, 1844.30957031, 8536.20507812, 3300.62915039, 7146.45019531, 10593.4853516, 28692.4960938, 6953.5859375, 47936.1523438, 12202.3447266, 12917.2705078, 3614.43310547, 2869.0012207, 383.942260742, 649.492858887, 350.364257812, 339.573486328, 286.311523438, 165.677764893, 86.0814437866, 85.3667068481, 70.5004882812, 24.2626819611, 11.281419754, 3.58883309364, 1.16843521595, 0.179666206241, 0.0153434397653, 0.00161260610912, 5.07371114509e-05, 2.2679336098e-07, 4.77249739728e-10], "max": [1.6617436409, 13.6528425217, 68.4488296509, 166.04776001, 143.477737427, 151.303253174, 527.067504883, 565.716003418, 1240.37182617, 849.240783691, 1835.17382812, 927.02545166, 1423.2401123, 2446.66870117, 2566.14257812, 1274.96643066, 5862.81982422, 1378.49780273, 1807.5715332, 1291.93432617, 1663.79968262, 305.061157227, 273.228759766, 249.779144287, 516.55682373, 531.737670898, 245.117889404, 124.433059692, 125.15209198, 121.115470886, 73.1149902344, 56.8369827271, 28.537361145, 32.9366226196, 7.0022559166, 2.50834083557, 0.716270387173, 0.175944760442, 0.0130639867857, 0.000379137753043], "mean": [0.0257323868573, 0.393634229898, 1.9800632, 4.35249090195, 6.41559791565, 6.65441799164, 9.22265529633, 13.8994960785, 16.0801353455, 17.0938549042, 23.0649547577, 30.0474586487, 34.990940094, 38.6396179199, 63.8919219971, 42.1234855652, 94.5519943237, 48.7206916809, 41.5403900146, 26.425037384, 17.1219596863, 11.6350374222, 13.9180192947, 11.1227722168, 10.5458612442, 11.3730430603, 5.47472763062, 3.45248365402, 3.0060801506, 2.58214116096, 1.72442412376, 1.05319178104, 0.76924020052, 0.477575808764, 0.183065801859, 0.0519972853363, 0.00958702620119, 0.00115749507677, 8.03836446721e-05, 2.71122698905e-05], "median": [0.00525827612728, 0.132557436824, 0.673318207264, 1.59883356094, 2.49425125122, 2.90968728065, 3.98682069778, 6.29217529297, 5.90455532074, 6.29006958008, 7.49640893936, 12.3958377838, 10.4345550537, 11.767742157, 10.5928134918, 13.4859342575, 26.3362960815, 14.0633907318, 10.0175609589, 7.52104711533, 5.23948955536, 4.76440238953, 5.37235736847, 3.58241486549, 3.98488903046, 4.06004619598, 1.94707000256, 1.12006759644, 0.671650886536, 0.660616874695, 0.505888044834, 0.32906165719, 0.230836585164, 0.152223452926, 0.0540878437459, 0.0124465767294, 0.00159559748136, 0.000133128065499, 1.49475208673e-05, 1.87799414562e-05], "min": [1.77365597712e-21, 6.08597731789e-21, 1.56502684986e-20, 4.80549187458e-20, 3.56045192831e-20, 4.91470446623e-19, 6.39571396735e-19, 2.27502715045e-19, 5.2954251999e-19, 2.29851737378e-18, 6.86872220799e-19, 2.19219323221e-18, 7.41959916354e-18, 2.39851441085e-18, 4.86012243652e-18, 7.79560155561e-18, 5.72288711826e-18, 3.42219508664e-18, 3.85885008353e-18, 4.24476375369e-18, 6.07467958815e-18, 1.32909246699e-17, 9.82469710489e-18, 6.42206690769e-18, 1.78816546468e-17, 1.3227938175e-17, 1.67248260166e-17, 1.99304370947e-17, 2.43531170584e-17, 2.56277924562e-17, 1.74485958177e-17, 2.2644524218e-17, 1.26287426013e-17, 1.56650554507e-17, 8.17775238116e-18, 6.29809445416e-18, 3.35371156296e-18, 1.37681659039e-18, 4.04522002769e-19, 3.8078742511e-20], "var": [0.0112908035517, 0.772958755493, 15.403875351, 75.9173736572, 135.410934448, 132.861190796, 366.736968994, 581.318359375, 1951.2166748, 1807.07055664, 6010.07714844, 2864.04418945, 4841.34472656, 7541.04394531, 26514.8398438, 6231.10693359, 57910.890625, 9768.00292969, 10858.9873047, 3512.4465332, 1889.62158203, 362.68762207, 513.767333984, 357.652435303, 544.414123535, 546.971191406, 105.580284119, 49.499130249, 42.0098114014, 33.6582183838, 14.6071453094, 6.55093336105, 3.20990467072, 1.58659768105, 0.160759598017, 0.0164978336543, 0.00113527197391, 3.2509182347e-05, 1.93134269466e-07, 8.88919937658e-10]}, "erbbands_crest": {"dmean": 2.82286310196, "dmean2": 4.52500391006, "dvar": 7.38719272614, "dvar2": 18.3923778534, "max": 30.687959671, "mean": 10.0200824738, "median": 8.85426139832, "min": 2.29070973396, "var": 24.1427764893}, "erbbands_flatness_db": {"dmean": 0.0161906834692, "dmean2": 0.0239029973745, "dvar": 0.00025404439657, "dvar2": 0.000503431016114, "max": 0.347795397043, "mean": 0.181806921959, "median": 0.180813133717, "min": 0.0419666282833, "var": 0.00170378619805}, "erbbands_kurtosis": {"dmean": 0.957147717476, "dmean2": 1.50366783142, "dvar": 1.62634766102, "dvar2": 3.85724139214, "max": 28.6247177124, "mean": 0.977037131786, "median": 0.426900625229, "min": -1.69136250019, "var": 4.50675296783}, "erbbands_skewness": {"dmean": 0.312868505716, "dmean2": 0.488919734955, "dvar": 0.083830177784, "dvar2": 0.199907451868, "max": 4.90708780289, "mean": 0.355116575956, "median": 0.355831861496, "min": -3.00467824936, "var": 0.388329654932}, "erbbands_spread": {"dmean": 6.07350444794, "dmean2": 9.29915142059, "dvar": 51.3113594055, "dvar2": 109.841934204, "max": 120.262512207, "mean": 28.4579715729, "median": 25.7672080994, "min": 2.90186190605, "var": 209.653198242}, "gfcc": {"cov": [[22815.953125, 404.943725586, -1723.13684082, 317.44821167, -1118.64587402, 886.517578125, -507.097686768, 109.452728271, -418.452178955, -9.41692066193, -135.271774292, -119.757659912, -116.044326782], [404.943725586, 1731.14221191, -48.8226890564, -55.8571739197, 276.553253174, -345.845123291, 175.827163696, -137.558883667, 99.9779510498, -75.2415161133, 86.5939178467, -98.9464492798, 9.2287273407], [-1723.13684082, -48.8226890564, 670.783935547, 79.7921142578, 115.512817383, 13.9918603897, -12.2832727432, 66.8193130493, 6.96268892288, 28.7221927643, -17.6162185669, 3.97814822197, -18.8331890106], [317.44821167, -55.8571739197, 79.7921142578, 248.41645813, 6.45455980301, -0.26927292347, 17.4984474182, 22.2190971375, 29.4233798981, -0.466113656759, -24.343963623, 4.86137485504, 6.69445943832], [-1118.64587402, 276.553253174, 115.512817383, 6.45455980301, 317.213165283, -29.9865455627, 104.932670593, -22.1645774841, 38.9549789429, -11.8253326416, -3.21976971626, 6.40426158905, -5.87934064865], [886.517578125, -345.845123291, 13.9918603897, -0.26927292347, -29.9865455627, 316.333496094, -1.59673750401, 50.8749427795, -75.2892684937, 13.9777975082, -6.29265880585, 13.740691185, -16.0540466309], [-507.097686768, 175.827163696, -12.2832727432, 17.4984474182, 104.932670593, -1.59673750401, 202.386062622, -5.9261341095, 32.5582466125, -13.3805189133, 10.3838949203, 21.1255321503, -12.1356525421], [109.452728271, -137.558883667, 66.8193130493, 22.2190971375, -22.1645774841, 50.8749427795, -5.9261341095, 122.355567932, -2.56290793419, 14.7670793533, -8.01402568817, -7.7041592598, 7.41541576385], [-418.452178955, 99.9779510498, 6.96268892288, 29.4233798981, 38.9549789429, -75.2892684937, 32.5582466125, -2.56290793419, 123.989967346, 27.108089447, 0.867307901382, 10.3170051575, -3.21391534805], [-9.41692066193, -75.2415161133, 28.7221927643, -0.466113656759, -11.8253326416, 13.9777975082, -13.3805189133, 14.7670793533, 27.108089447, 73.7825241089, 15.9314994812, 4.29180192947, -8.07172203064], [-135.271774292, 86.5939178467, -17.6162185669, -24.343963623, -3.21976971626, -6.29265880585, 10.3838949203, -8.01402568817, 0.867307901382, 15.9314994812, 88.0016937256, 0.824006199837, 5.61449718475], [-119.757659912, -98.9464492798, 3.97814822197, 4.86137485504, 6.40426158905, 13.740691185, 21.1255321503, -7.7041592598, 10.3170051575, 4.29180192947, 0.824006199837, 104.095794678, 13.3873167038], [-116.044326782, 9.2287273407, -18.8331890106, 6.69445943832, -5.87934064865, -16.0540466309, -12.1356525421, 7.41541576385, -3.21391534805, -8.07172203064, 5.61449718475, 13.3873167038, 68.501701355]], "icov": [[0.000182418414624, -0.000478985486552, 0.00052265136037, -0.00053154095076, 0.00053579377709, -0.000747657963075, 0.000600000261329, -0.000411021930631, 0.000459009170299, -0.000464363984065, 0.000613051874097, -0.000434397341451, 0.000592211959884], [-0.000478985486552, 0.00243028742261, -0.00137698231265, 0.00158665026538, -0.00204680138268, 0.00285232788883, -0.00222036987543, 0.00175041588955, -0.0015821699053, 0.00216632219963, -0.00269630621187, 0.00239101261832, -0.00182776083238], [0.00052265136037, -0.00137698231265, 0.00340423500165, -0.00211546733044, 0.000529144832399, -0.0019335077377, 0.00232947082259, -0.0023214800749, 0.00181507237721, -0.00204314780422, 0.00185856106691, -0.00158911780454, 0.00247247470543], [-0.00053154095076, 0.00158665026538, -0.00211546733044, 0.00614223629236, -0.00123204139527, 0.00207551312633, -0.0023896289058, 0.00100158527493, -0.0027459457051, 0.00199746969156, -0.000810710538644, 0.0015799603425, -0.00258295796812], [0.00053579377709, -0.00204680138268, 0.000529144832399, -0.00123204139527, 0.00640334514901, -0.00274115661159, -0.000151738116983, -0.000396812189138, 0.000473949243315, -0.00117210333701, 0.0027598796878, -0.00151357823052, 0.00132624688558], [-0.000747657963075, 0.00285232788883, -0.0019335077377, 0.00207551312633, -0.00274115661159, 0.00816176831722, -0.00337981944904, 0.000409199943533, 0.00116384297144, 0.000871615950018, -0.00295283575542, 0.00167200306896, -0.00127821462229], [0.000600000261329, -0.00222036987543, 0.00232947082259, -0.0023896289058, -0.000151738116983, -0.00337981944904, 0.00921551883221, -0.0024230228737, 0.000165621444467, -1.65365127032e-05, 0.00114396237768, -0.00351533829235, 0.00387837947346], [-0.000411021930631, 0.00175041588955, -0.0023214800749, 0.00100158527493, -0.000396812189138, 0.000409199943533, -0.0024230228737, 0.0115623641759, -0.0020431408193, 8.67380658747e-05, -0.000963546452112, 0.00326295546256, -0.00393163878471], [0.000459009170299, -0.0015821699053, 0.00181507237721, -0.0027459457051, 0.000473949243315, 0.00116384297144, 0.000165621444467, -0.0020431408193, 0.0137574523687, -0.00722480751574, 0.00280480179936, -0.00268242065795, 0.00241054035723], [-0.000464363984065, 0.00216632219963, -0.00204314780422, 0.00199746969156, -0.00117210333701, 0.000871615950018, -1.65365127032e-05, 8.67380658747e-05, -0.00722480751574, 0.0201324578375, -0.00629330193624, 0.00134259846527, 0.000542633817531], [0.000613051874097, -0.00269630621187, 0.00185856106691, -0.000810710538644, 0.0027598796878, -0.00295283575542, 0.00114396237768, -0.000963546452112, 0.00280480179936, -0.00629330193624, 0.0158831141889, -0.00216419436038, 0.000354989344487], [-0.000434397341451, 0.00239101261832, -0.00158911780454, 0.0015799603425, -0.00151357823052, 0.00167200306896, -0.00351533829235, 0.00326295546256, -0.00268242065795, 0.00134259846527, -0.00216419436038, 0.0130257662386, -0.00469925859943], [0.000592211959884, -0.00182776083238, 0.00247247470543, -0.00258295796812, 0.00132624688558, -0.00127821462229, 0.00387837947346, -0.00393163878471, 0.00241054035723, 0.000542633817531, 0.000354989344487, -0.00469925859943, 0.0187731068581]], "mean": [-51.4064941406, 110.925201416, -136.095230103, 23.9071750641, -61.7510299683, 14.5213222504, -38.3270301819, 2.43672919273, -30.1648712158, -0.793156266212, -12.1631259918, -9.1496629715, -11.0675888062]}, "hfc": {"dmean": 5.00865840912, "dmean2": 7.42039012909, "dvar": 75.5760040283, "dvar2": 170.666763306, "max": 187.714294434, "mean": 18.0990524292, "median": 10.7566175461, "min": 1.24567934241e-16, "var": 410.184661865}, "melbands": {"dmean": [0.00023330609838, 0.000400428485591, 0.000466809229692, 0.000254139478784, 0.000153536224389, 0.000148991370224, 0.00012648369011, 0.000121617078548, 0.000113078138384, 0.000107801577542, 0.000110765082354, 9.05709894141e-05, 0.000121755583677, 8.00325142336e-05, 8.94927143236e-05, 0.000102147299913, 5.11762336828e-05, 4.51838423032e-05, 2.01437305805e-05, 2.08051551454e-05, 9.0604135039e-06, 6.11678387941e-06, 7.81588187238e-06, 5.12478300152e-06, 4.72822512165e-06, 3.70682846551e-06, 4.03238982472e-06, 3.48749267687e-06, 2.08915730582e-06, 1.32751210913e-06, 1.01250464013e-06, 9.86130885394e-07, 9.09741800115e-07, 7.76873946506e-07, 5.96530355779e-07, 4.07248165857e-07, 3.51124555209e-07, 3.12992483487e-07, 2.32169568903e-07, 2.09531364703e-07], "dmean2": [0.000369821151253, 0.000639469071757, 0.000763862626627, 0.000416402122937, 0.000238455788349, 0.0002236168948, 0.000190119739273, 0.000180343180546, 0.000173413805896, 0.000167957798112, 0.000180347051355, 0.000144829056808, 0.000195438333321, 0.000131205379148, 0.00013248657342, 0.000157718546689, 8.28500342323e-05, 7.38167655072e-05, 3.13592609018e-05, 3.34852629749e-05, 1.48404169522e-05, 1.00500619737e-05, 1.29167283376e-05, 8.38897994981e-06, 7.76728211349e-06, 5.97655844103e-06, 6.54920404486e-06, 5.51928133063e-06, 3.43903980138e-06, 2.15110594581e-06, 1.61995365033e-06, 1.5991707869e-06, 1.47663627104e-06, 1.2350541283e-06, 9.38565506203e-07, 6.32834940006e-07, 5.46780484001e-07, 4.72370004445e-07, 3.49297579305e-07, 3.14390291578e-07], "dvar": [1.02257763501e-06, 1.54048223067e-06, 1.72116199337e-06, 3.32039718387e-07, 1.26556841451e-07, 1.0995858446e-07, 2.0528143807e-07, 1.4183284236e-07, 2.18130935536e-07, 5.59280692869e-08, 7.28221820623e-08, 7.47123820588e-08, 1.17383741838e-07, 5.60676660655e-08, 7.85582017215e-08, 6.61670611635e-08, 2.12711235292e-08, 2.01853040949e-08, 2.92238344635e-09, 4.08275235841e-09, 1.06825426283e-09, 1.99291846914e-10, 2.78059381076e-10, 1.21690379995e-10, 1.1149984408e-10, 9.8136318516e-11, 1.07439543373e-10, 7.36131433587e-11, 3.22548099341e-11, 1.75569888489e-11, 1.18829789758e-11, 1.03195334222e-11, 1.32423490576e-11, 7.70943118372e-12, 3.87666071119e-12, 2.04339605132e-12, 1.86051174467e-12, 1.06293066796e-12, 4.82935685799e-13, 4.40769003327e-13], "dvar2": [2.47122579822e-06, 3.89846854887e-06, 4.45187652076e-06, 8.68633264872e-07, 2.90883747311e-07, 2.55146630934e-07, 4.85220084556e-07, 2.86671735239e-07, 5.22877598996e-07, 1.33638422994e-07, 1.85959137866e-07, 1.78379522708e-07, 3.00438955492e-07, 1.4780123081e-07, 1.52706007839e-07, 1.56576405175e-07, 5.81720982495e-08, 5.40610294308e-08, 6.58206733561e-09, 1.02453077133e-08, 3.34848460071e-09, 5.28130095212e-10, 7.35678518105e-10, 3.07470604533e-10, 2.85650253451e-10, 2.22718135601e-10, 2.65316407733e-10, 1.57000787371e-10, 8.61704665955e-11, 4.6047242408e-11, 3.01064798092e-11, 2.75191727045e-11, 3.57427941411e-11, 2.01340714934e-11, 9.47167691501e-12, 4.95137394627e-12, 4.66236684676e-12, 2.35064832182e-12, 1.11483706381e-12, 9.37079840807e-13], "max": [0.0147378910333, 0.0248718596995, 0.0296472236514, 0.00968160759658, 0.0145521834493, 0.0120017463341, 0.0185339637101, 0.0157211087644, 0.0140308933333, 0.00602090591565, 0.00739659601822, 0.0110890381038, 0.010792917572, 0.00539490999654, 0.011017899029, 0.00737051013857, 0.00309803616256, 0.00355068547651, 0.00131642853376, 0.00295875431038, 0.00185054854956, 0.000369630521163, 0.000344817817677, 0.000235183921177, 0.000225649855565, 0.000405021128245, 0.000270193908364, 0.000419292220613, 0.000170979867107, 0.000106451327156, 8.85999688762e-05, 7.40824398235e-05, 0.000106204242911, 6.58534263493e-05, 4.54474793514e-05, 4.33578643424e-05, 3.64847655874e-05, 2.71378085017e-05, 2.01361526706e-05, 3.29563408741e-05], "mean": [0.000313948781695, 0.000875171215739, 0.000843452580739, 0.000463833130198, 0.000325796572724, 0.000307530775899, 0.000236025152844, 0.000205427670153, 0.000180882096174, 0.000187160490896, 0.000171993466211, 0.000149093015352, 0.000204731928534, 0.000131235079607, 0.000163054952282, 0.000174760032678, 8.36386025185e-05, 7.32093540137e-05, 3.47669811163e-05, 3.50917798642e-05, 1.62927699421e-05, 1.13189107651e-05, 1.43699517139e-05, 9.65553863352e-06, 9.00631948753e-06, 7.36830543246e-06, 8.31735633255e-06, 7.37024402042e-06, 3.83620999855e-06, 2.29181478062e-06, 1.85014107501e-06, 1.76986088718e-06, 1.53619635057e-06, 1.36957839914e-06, 1.05328263089e-06, 7.2789839578e-07, 6.11684299656e-07, 5.76064962843e-07, 4.42433872649e-07, 3.91234522112e-07], "median": [8.42768640723e-05, 0.000335431104759, 0.000342941173585, 0.000202665483812, 0.0001515855256, 0.000140140022268, 8.54458194226e-05, 6.92658577464e-05, 5.73139768676e-05, 7.36979272915e-05, 4.54702349089e-05, 4.05152604799e-05, 3.48109933839e-05, 2.46466770477e-05, 4.04275924666e-05, 4.90925594931e-05, 1.63384065672e-05, 1.37085917231e-05, 9.70370547293e-06, 8.35267928778e-06, 4.91446235173e-06, 4.31402668255e-06, 5.42272618986e-06, 3.72060208065e-06, 2.60871797764e-06, 2.4466216928e-06, 2.77466438092e-06, 2.5164906674e-06, 1.22048163576e-06, 7.55182156809e-07, 5.35259459866e-07, 3.6728744135e-07, 3.54442192929e-07, 3.35294316756e-07, 2.89306569812e-07, 2.21880199547e-07, 1.8041629346e-07, 1.59848298154e-07, 1.31713946416e-07, 1.1473278505e-07], "min": [1.32699262691e-23, 8.37406143151e-24, 7.05314618901e-24, 1.47601649829e-23, 2.5993624737e-23, 5.66633463409e-24, 1.00886064328e-23, 2.25877651104e-23, 4.67959230953e-24, 1.5731429462e-23, 3.68890796814e-23, 9.27403576181e-24, 1.13240186195e-23, 3.15188554266e-23, 1.13163548358e-23, 1.07535412341e-23, 5.94185179942e-24, 6.99191322783e-24, 4.27199064082e-24, 6.30964005268e-24, 7.45559304614e-24, 1.62250954611e-23, 8.18452892156e-24, 7.83060410985e-24, 4.14833551063e-24, 1.26602716846e-23, 1.06599965302e-23, 8.05031922689e-24, 9.52329450862e-24, 1.10233608516e-23, 1.19810545566e-23, 1.4537488482e-23, 1.4178001412e-23, 1.40992604719e-23, 1.00177249139e-23, 1.03195296856e-23, 1.5003552238e-23, 7.57568765263e-24, 9.37945755546e-24, 1.48772082754e-23], "var": [9.61166506386e-07, 2.63042420556e-06, 2.36227788264e-06, 5.94057837588e-07, 3.65354821952e-07, 2.82936525764e-07, 4.38410211245e-07, 3.3668769106e-07, 3.47312436588e-07, 1.13612216524e-07, 1.25850021959e-07, 1.28808025579e-07, 2.80103535033e-07, 1.15898032504e-07, 1.98732564627e-07, 1.45629513781e-07, 4.07981097794e-08, 3.95729422564e-08, 6.37661745628e-09, 7.60656959642e-09, 2.12316186854e-09, 4.21635254488e-10, 5.71362401836e-10, 2.55569398977e-10, 2.66239225111e-10, 3.20603321669e-10, 3.19139270566e-10, 2.60188565138e-10, 5.39404007571e-11, 2.44918234998e-11, 1.62997601527e-11, 1.43535912323e-11, 1.42029348352e-11, 9.51014440809e-12, 5.60765323065e-12, 2.9135485257e-12, 2.47859111707e-12, 1.98678703697e-12, 1.10165403275e-12, 1.27116925926e-12]}, "melbands_crest": {"dmean": 2.73952364922, "dmean2": 4.43316364288, "dvar": 6.7671084404, "dvar2": 17.0939922333, "max": 30.9739971161, "mean": 12.3842182159, "median": 11.4218683243, "min": 2.1691968441, "var": 24.2573509216}, "melbands_flatness_db": {"dmean": 0.0180777944624, "dmean2": 0.0272854454815, "dvar": 0.00036052527139, "dvar2": 0.000760563125368, "max": 0.511053621769, "mean": 0.192035540938, "median": 0.182793170214, "min": 0.00911650247872, "var": 0.00427068723366}, "melbands_kurtosis": {"dmean": 3.11582112312, "dmean2": 4.893409729, "dvar": 28.6371974945, "dvar2": 67.3396682739, "max": 159.453659058, "mean": 6.41782617569, "median": 3.2329325676, "min": -1.71622002125, "var": 88.1965255737}, "melbands_skewness": {"dmean": 0.502588033676, "dmean2": 0.766633570194, "dvar": 0.265860468149, "dvar2": 0.582886576653, "max": 9.49955654144, "mean": 1.74235498905, "median": 1.60754883289, "min": -1.65868031979, "var": 1.58525371552}, "melbands_spread": {"dmean": 5.01951313019, "dmean2": 7.77604579926, "dvar": 38.0688819885, "dvar2": 85.3511962891, "max": 175.910522461, "mean": 24.5718631744, "median": 22.1381893158, "min": 1.29485797882, "var": 280.055755615}, "mfcc": {"cov": [[13090.9960938, -291.038879395, -742.66619873, -269.728973389, -330.648132324, 343.755126953, 109.063850403, 164.627593994, -83.5841293335, 15.2298145294, -22.5231552124, -132.504516602, -0.506973683834], [-291.038879395, 1296.74633789, -44.788105011, 186.135223389, 65.7753295898, -13.1342496872, 48.9731292725, -25.2294864655, -14.9330673218, 1.71909379959, 31.1388530731, 39.7491760254, -31.5373363495], [-742.66619873, -44.788105011, 511.63067627, 37.532207489, 118.575569153, -13.7139902115, 12.7649536133, -2.47055387497, 22.0573577881, 30.0698757172, -4.75796747208, 35.6178283691, 3.72848844528], [-269.728973389, 186.135223389, 37.532207489, 326.060211182, 23.109708786, -12.1449670792, -39.7733879089, 10.3983240128, 54.1071166992, -3.40735340118, 1.62565767765, 24.9580135345, 16.6007423401], [-330.648132324, 65.7753295898, 118.575569153, 23.109708786, 201.878845215, 13.0171842575, 21.7754402161, -6.01278066635, 20.7225151062, 27.3530807495, -9.06995010376, 3.38262009621, 0.253777056932], [343.755126953, -13.1342496872, -13.7139902115, -12.1449670792, 13.0171842575, 185.560546875, 45.6725387573, 57.4477806091, 7.76941871643, -13.0491437912, 33.6209106445, -4.21170711517, -3.04605579376], [109.063850403, 48.9731292725, 12.7649536133, -39.7733879089, 21.7754402161, 45.6725387573, 181.255325317, 47.285118103, -3.04582667351, 21.6413288116, 2.73980426788, -11.4403047562, -1.35547780991], [164.627593994, -25.2294864655, -2.47055387497, 10.3983240128, -6.01278066635, 57.4477806091, 47.285118103, 124.185646057, 29.1093063354, -6.35812854767, 7.83955192566, -9.90597343445, 8.52469539642], [-83.5841293335, -14.9330673218, 22.0573577881, 54.1071166992, 20.7225151062, 7.76941871643, -3.04582667351, 29.1093063354, 96.6991348267, 17.4742240906, 4.72455501556, -3.08007574081, 0.63454413414], [15.2298145294, 1.71909379959, 30.0698757172, -3.40735340118, 27.3530807495, -13.0491437912, 21.6413288116, -6.35812854767, 17.4742240906, 94.6887435913, 15.7070302963, 3.96820950508, 3.49630308151], [-22.5231552124, 31.1388530731, -4.75796747208, 1.62565767765, -9.06995010376, 33.6209106445, 2.73980426788, 7.83955192566, 4.72455501556, 15.7070302963, 88.8832092285, 24.8296890259, -5.18562221527], [-132.504516602, 39.7491760254, 35.6178283691, 24.9580135345, 3.38262009621, -4.21170711517, -11.4403047562, -9.90597343445, -3.08007574081, 3.96820950508, 24.8296890259, 78.2236099243, 19.3897018433], [-0.506973683834, -31.5373363495, 3.72848844528, 16.6007423401, 0.253777056932, -3.04605579376, -1.35547780991, 8.52469539642, 0.63454413414, 3.49630308151, -5.18562221527, 19.3897018433, 61.8318099976]], "icov": [[9.29116504267e-05, 7.15320311429e-06, 0.000105271865323, 3.18621059705e-05, 0.000110491018859, -0.000187575933523, 1.19866681416e-05, -6.24543899903e-05, 7.24266574252e-05, -0.000147302154801, 0.0001215732118, 4.85194868816e-05, -8.74611214385e-06], [7.15320311429e-06, 0.00096843362553, 0.000254786427831, -0.000683460617438, -0.000391834444599, 0.000165163306519, -0.000495447777212, 0.000164687182405, 0.000462195341242, 8.82817621459e-05, -0.000271328230156, -0.000492297695018, 0.000760208116844], [0.000105271865323, 0.000254786427831, 0.00256516668014, -0.0002143321326, -0.00128255726304, 7.90185513324e-05, -0.000189655431313, -0.000240893263253, 2.07745397347e-05, -0.000474578991998, 0.000419858261012, -0.00129118608311, 0.000538625812624], [3.18621059705e-05, -0.000683460617438, -0.0002143321326, 0.00414031604305, 8.50088053994e-06, 4.57000496681e-05, 0.00103322416544, -0.000376595417038, -0.00230762199499, 0.00041057614726, 0.000308371934807, -0.000643073988613, -0.00114223943092], [0.000110491018859, -0.000391834444599, -0.00128255726304, 8.50088053994e-06, 0.00654708733782, -0.00129413965624, -0.000406815699534, 0.000936092983466, -0.00104561576154, -0.00156290398445, 0.00141203333624, 0.000322210864397, -0.000236008039792], [-0.000187575933523, 0.000165163306519, 7.90185513324e-05, 4.57000496681e-05, -0.00129413965624, 0.00770381372422, -0.00121618551202, -0.00255108228885, 8.49693606142e-06, 0.00207424419932, -0.00335458409972, 0.000416478666011, 0.000246235955274], [1.19866681416e-05, -0.000495447777212, -0.000189655431313, 0.00103322416544, -0.000406815699534, -0.00121618551202, 0.00725907739252, -0.00276628695428, 0.00101337768137, -0.00212238845415, 0.000729856663384, 0.000623202184215, -6.09023918514e-05], [-6.24543899903e-05, 0.000164687182405, -0.000240893263253, -0.000376595417038, 0.000936092983466, -0.00255108228885, -0.00276628695428, 0.0116968974471, -0.00357468379661, 0.00164338003378, -0.000593997072428, 0.00143931841012, -0.00216108863242], [7.24266574252e-05, 0.000462195341242, 2.07745397347e-05, -0.00230762199499, -0.00104561576154, 8.49693606142e-06, 0.00101337768137, -0.00357468379661, 0.0136390170082, -0.00281672924757, -0.000332745665219, 0.000870491901878, 0.00109282508492], [-0.000147302154801, 8.82817621459e-05, -0.000474578991998, 0.00041057614726, -0.00156290398445, 0.00207424419932, -0.00212238845415, 0.00164338003378, -0.00281672924757, 0.0132176643237, -0.00354792946018, 0.000557797262445, -0.0013932561269], [0.0001215732118, -0.000271328230156, 0.000419858261012, 0.000308371934807, 0.00141203333624, -0.00335458409972, 0.000729856663384, -0.000593997072428, -0.000332745665219, -0.00354792946018, 0.0151943918318, -0.00552927237004, 0.00289358315058], [4.85194868816e-05, -0.000492297695018, -0.00129118608311, -0.000643073988613, 0.000322210864397, 0.000416478666011, 0.000623202184215, 0.00143931841012, 0.000870491901878, 0.000557797262445, -0.00552927237004, 0.0174768492579, -0.0061504887417], [-8.74611214385e-06, 0.000760208116844, 0.000538625812624, -0.00114223943092, -0.000236008039792, 0.000246235955274, -6.09023918514e-05, -0.00216108863242, 0.00109282508492, -0.0013932561269, 0.00289358315058, -0.0061504887417, 0.0193834416568]], "mean": [-676.942260742, 133.521209717, -11.4722423553, 11.223031044, -1.82257330418, 3.99696183205, 3.84335207939, -2.72298622131, -7.44707107544, 0.718964934349, -2.79333090782, -2.37475681305, -3.16885137558]}, "pitch_salience": {"dmean": 0.0586651973426, "dmean2": 0.0950793027878, "dvar": 0.00264147459529, "dvar2": 0.00673165451735, "max": 0.836642026901, "mean": 0.561756849289, "median": 0.570564329624, "min": 0.183496907353, "var": 0.00982908997685}, "silence_rate_20dB": {"dmean": 0, "dmean2": 0, "dvar": 0, "dvar2": 0, "max": 1, "mean": 1, "median": 1, "min": 1, "var": 0}, "silence_rate_30dB": {"dmean": 0.0063634221442, "dmean2": 0.0127283437178, "dvar": 0.00632289564237, "dvar2": 0.0158657021821, "max": 1, "mean": 0.993401646614, "median": 1, "min": 0, "var": 0.00655467854813}, "silence_rate_60dB": {"dmean": 0.0259250532836, "dmean2": 0.0518562160432, "dvar": 0.0252522826195, "dvar2": 0.0550568662584, "max": 1, "mean": 0.174030870199, "median": 0, "min": 0, "var": 0.14373524487}, "spectral_centroid": {"dmean": 172.522460938, "dmean2": 264.121643066, "dvar": 42819.6796875, "dvar2": 85039.484375, "max": 11153.5615234, "mean": 1230.91918945, "median": 1176.75915527, "min": 204.205123901, "var": 340163.6875}, "spectral_complexity": {"dmean": 2.54395484924, "dmean2": 3.96676492691, "dvar": 9.56043338776, "dvar2": 19.3774604797, "max": 59, "mean": 17.0488986969, "median": 16, "min": 0, "var": 99.1990432739}, "spectral_contrast_coeffs": {"dmean": [0.043924625963, 0.0411355979741, 0.0372849553823, 0.0304289702326, 0.019681468606, 0.0156981367618], "dmean2": [0.0728025659919, 0.0673909708858, 0.0608862265944, 0.0487895943224, 0.0314984843135, 0.0247401800007], "dvar": [0.00145880808122, 0.00114349729847, 0.000946375308558, 0.000633125542663, 0.000290649244562, 0.000254293729085], "dvar2": [0.00393130304292, 0.00297995540313, 0.00246521201916, 0.00156087998766, 0.000681131670717, 0.000564421585295], "max": [-0.32448515296, -0.386918723583, -0.490012258291, -0.482143968344, -0.606799244881, -0.582376718521], "mean": [-0.621469736099, -0.728127658367, -0.737991929054, -0.74392157793, -0.783401787281, -0.775879442692], "median": [-0.622893214226, -0.732688426971, -0.7405834198, -0.746654868126, -0.78496670723, -0.772156357765], "min": [-0.963493347168, -0.962890625, -0.956816971302, -0.972269058228, -0.958557426929, -0.96319258213], "var": [0.00630412111059, 0.00515489419922, 0.00451250141487, 0.00416944175959, 0.00200851238333, 0.00230853050016]}, "spectral_contrast_valleys": {"dmean": [0.384659558535, 0.308834850788, 0.27398827672, 0.236007645726, 0.202030301094, 0.222577914596], "dmean2": [0.624717593193, 0.50136423111, 0.446109890938, 0.373273611069, 0.308439522982, 0.301175266504], "dvar": [0.15480671823, 0.0777092054486, 0.0649072602391, 0.0594839826226, 0.0679033398628, 0.109883539379], "dvar2": [0.334620118141, 0.169138863683, 0.136902689934, 0.110315293074, 0.117285355926, 0.171576172113], "max": [-5.22425317764, -4.774122715, -5.05599021912, -5.58540534973, -5.4177904129, -7.89762878418], "mean": [-7.94765710831, -7.10284900665, -7.59067153931, -8.01611804962, -8.12370014191, -10.8378162384], "median": [-7.67862558365, -6.82813930511, -7.31802463531, -7.71666097641, -7.80984592438, -10.3734617233], "min": [-27.1443481445, -27.4688014984, -27.3125801086, -26.9829025269, -27.1899108887, -27.194272995], "var": [2.36531615257, 2.297996521, 2.3529727459, 2.17002058029, 2.17455124855, 2.55655574799]}, "spectral_decrease": {"dmean": 1.46268697154e-09, "dmean2": 2.18752882475e-09, "dvar": 6.2467654156e-18, "dvar2": 1.32844180672e-17, "max": -3.30729567384e-29, "mean": -5.04801667134e-09, "median": -3.62211149962e-09, "min": -5.36939737117e-08, "var": 2.66509900585e-17}, "spectral_energy": {"dmean": 0.00590980984271, "dmean2": 0.0088323969394, "dvar": 9.97853276203e-05, "dvar2": 0.000211686114199, "max": 0.214815378189, "mean": 0.0206940118223, "median": 0.0148613769561, "min": 1.142351047e-20, "var": 0.000444893667009}, "spectral_energyband_high": {"dmean": 0.000185398355825, "dmean2": 0.000278646883089, "dvar": 3.30114659164e-07, "dvar2": 8.05813158422e-07, "max": 0.0139822978526, "mean": 0.000447699334472, "median": 0.000184250005987, "min": 8.38482048451e-21, "var": 6.17197315478e-07}, "spectral_energyband_low": {"dmean": 0.00201330450363, "dmean2": 0.00307480175979, "dvar": 3.36900557159e-05, "dvar2": 7.71874838392e-05, "max": 0.104812562466, "mean": 0.00425895489752, "median": 0.00173090118915, "min": 7.54626487636e-23, "var": 5.60929147468e-05}, "spectral_energyband_middle_high": {"dmean": 0.00273579196073, "dmean2": 0.00416647875682, "dvar": 2.59124353761e-05, "dvar2": 6.04847846262e-05, "max": 0.131389677525, "mean": 0.00798916723579, "median": 0.00349924480543, "min": 1.54351064217e-21, "var": 0.000116838287795}, "spectral_energyband_middle_low": {"dmean": 0.00330938352272, "dmean2": 0.00505306804553, "dvar": 3.94415146729e-05, "dvar2": 8.98914295249e-05, "max": 0.119401104748, "mean": 0.00907528121024, "median": 0.00600322848186, "min": 5.15986622719e-22, "var": 0.000116572657134}, "spectral_entropy": {"dmean": 0.124206528068, "dmean2": 0.185997486115, "dvar": 0.0183847397566, "dvar2": 0.0369897522032, "max": 9.81258106232, "mean": 7.43596220016, "median": 7.46722650528, "min": 5.36823558807, "var": 0.173156216741}, "spectral_flux": {"dmean": 0.0162509288639, "dmean2": 0.0255441479385, "dvar": 0.000474149215734, "dvar2": 0.00103318656329, "max": 0.368828564882, "mean": 0.0637482777238, "median": 0.0560685545206, "min": 1.06880823636e-10, "var": 0.0021065089386}, "spectral_kurtosis": {"dmean": 1.86367857456, "dmean2": 3.15414237976, "dvar": 8.23114776611, "dvar2": 23.2717475891, "max": 77.7426071167, "mean": 5.70413970947, "median": 4.51761436462, "min": -1.20540761948, "var": 32.200717926}, "spectral_rms": {"dmean": 0.000556775601581, "dmean2": 0.000813956197817, "dvar": 5.32524040864e-07, "dvar2": 1.05951232854e-06, "max": 0.0144767398015, "mean": 0.00392556237057, "median": 0.0038077426143, "min": 3.33839596592e-12, "var": 4.77912544739e-06}, "spectral_rolloff": {"dmean": 304.907806396, "dmean2": 514.010375977, "dvar": 426547.71875, "dvar2": 1006872.75, "max": 18647.7539062, "mean": 1424.54821777, "median": 1313.52539062, "min": 107.666015625, "var": 1685416.5}, "spectral_skewness": {"dmean": 0.215986728668, "dmean2": 0.351355314255, "dvar": 0.0570370405912, "dvar2": 0.147996470332, "max": 6.60205125809, "mean": 1.7149643898, "median": 1.63020730019, "min": -0.00295540923253, "var": 0.296156138182}, "spectral_spread": {"dmean": 381798.15625, "dmean2": 556126.625, "dvar": 445035413504, "dvar2": 696480301056, "max": 40295596, "mean": 3