{"lowlevel": {"average_loudness": 0.908047199249, "barkbands": {"dmean": [0.000573659257498, 0.0022271682974, 0.00176067370921, 0.00133554288186, 0.0011207802454, 0.00144049827941, 0.000801908550784, 0.000988766201772, 0.00159499666188, 0.00121203751769, 0.000833923986647, 0.000803554954473, 0.0008403576212, 0.000592877506278, 0.000443743047072, 0.000300736544887, 0.000102130288724, 9.56621224759e-05, 6.45676846034e-05, 5.46926130482e-05, 3.78070217266e-05, 1.69570721482e-05, 4.96021175422e-06, 1.86078636943e-06, 1.90965192814e-06, 5.80140840611e-06, 0.000554903235752], "dmean2": [0.000963256636169, 0.0036909468472, 0.00286656431854, 0.0020864973776, 0.00172721629497, 0.00222905748524, 0.00124394218437, 0.00152922328562, 0.00250455294736, 0.00196169945411, 0.00132083764765, 0.00129557331093, 0.00133375218138, 0.000951830821577, 0.000689253967721, 0.000474775471957, 0.000162178708706, 0.000149631523527, 9.95955560938e-05, 8.31440702314e-05, 5.48548559891e-05, 2.45388091571e-05, 7.51402876631e-06, 3.05184926219e-06, 3.13395707963e-06, 8.65720448928e-06, 0.000785898475442], "dvar": [1.35953621339e-06, 1.38283085107e-05, 7.84220264904e-06, 7.21954256733e-06, 6.37222865407e-06, 1.36184999064e-05, 4.86663384436e-06, 1.15700277092e-05, 1.72121326614e-05, 9.73127316684e-06, 4.69831957162e-06, 4.3198538151e-06, 3.02720059153e-06, 1.53902794864e-06, 7.49873720451e-07, 3.51801730858e-07, 3.70038186759e-08, 4.16354026811e-08, 1.95894678257e-08, 1.33524489243e-08, 8.18336420849e-09, 1.38663169835e-09, 1.09802333892e-10, 1.22909616512e-11, 1.20248463964e-11, 1.41342978988e-10, 1.0825363006e-06], "dvar2": [3.17231206282e-06, 3.75570562028e-05, 1.96582914214e-05, 1.63264558068e-05, 1.46211741594e-05, 3.30323528033e-05, 1.12416546472e-05, 2.40939843934e-05, 4.20149772253e-05, 2.41537163674e-05, 1.14242466225e-05, 1.1099286894e-05, 7.41873736843e-06, 3.75198374059e-06, 1.74995966518e-06, 8.34086051782e-07, 7.96981467488e-08, 9.29961672114e-08, 4.3233907121e-08, 2.89731030279e-08, 1.44338674346e-08, 2.82651479999e-09, 2.4242338692e-10, 2.94088225994e-11, 2.87261030935e-11, 2.68247479784e-10, 2.29199986279e-06], "max": [0.0382772013545, 0.0571834072471, 0.0553833805025, 0.0516588166356, 0.0539152733982, 0.0660906434059, 0.0549370869994, 0.105413898826, 0.0814340636134, 0.061537925154, 0.0378500968218, 0.0404570512474, 0.0262079965323, 0.028422659263, 0.0149862933904, 0.0164999496192, 0.00679916981608, 0.0120164016262, 0.00586117245257, 0.00373738422059, 0.00514416955411, 0.00101258291397, 0.000183403361007, 7.04594567651e-05, 7.01922544977e-05, 0.000591479765717, 0.0193029791117], "mean": [0.000728076149244, 0.00363571173511, 0.00240206997842, 0.00194642017595, 0.00163248775061, 0.00187848275527, 0.00113498861901, 0.00151664949954, 0.00231056963094, 0.00172794843093, 0.0011232662946, 0.00121391157154, 0.00134579697624, 0.000891388684977, 0.000721784890629, 0.000472898158478, 0.000178683287231, 0.000179574708454, 0.000123526027892, 0.000103800208308, 6.83424514136e-05, 2.9160426493e-05, 7.07385652277e-06, 1.94701078726e-06, 2.02924934456e-06, 9.30294208956e-06, 0.00132951536216], "median": [0.000347664346918, 0.00205732882023, 0.00116310408339, 0.00073075434193, 0.000645201303996, 0.000400004500989, 0.000223345050472, 0.000179212423973, 0.00033538104617, 0.000248397991527, 0.000196851178771, 0.000248541531619, 0.00032569776522, 0.000281236309092, 0.000274605641607, 0.000176644272869, 0.000113078916911, 0.000106748440885, 6.92950197845e-05, 6.05990644544e-05, 3.43592582794e-05, 1.51753365571e-05, 3.17867466038e-06, 7.14077543762e-07, 7.71551299295e-07, 4.97845121572e-06, 0.000872764619999], "min": [4.91515219089e-25, 1.97539566466e-24, 6.89596935143e-26, 5.61507050817e-25, 4.29316958397e-24, 5.03561430796e-24, 3.89228151599e-24, 6.80998849245e-24, 1.13342493566e-23, 1.43814928157e-23, 1.38026361498e-23, 1.86996621906e-23, 1.89607435958e-23, 3.4295084144e-23, 3.76990441936e-23, 4.76332894799e-23, 5.9184914192e-23, 8.67636113454e-23, 8.99794249137e-23, 1.45172040282e-22, 2.33340183759e-22, 3.06424877589e-22, 3.36883945721e-22, 5.44779919542e-22, 8.03126438639e-22, 1.33277497103e-21, 1.86035403728e-21], "var": [1.93044866137e-06, 2.23203951464e-05, 1.2226245417e-05, 1.28771926029e-05, 9.87136354524e-06, 2.02462160814e-05, 9.17559646041e-06, 3.2135641959e-05, 3.33535972459e-05, 1.84011405508e-05, 8.12324742583e-06, 7.81603466748e-06, 6.50547144687e-06, 2.95320728583e-06, 1.49510549363e-06, 7.08652237336e-07, 7.17835320074e-08, 8.78572237184e-08, 4.15458032421e-08, 2.84562879926e-08, 1.85558164389e-08, 2.36531416675e-09, 1.53548757043e-10, 1.35354201805e-11, 1.35644395022e-11, 2.80732909141e-10, 2.52807626566e-06]}, "barkbands_crest": {"dmean": 2.84237480164, "dmean2": 4.67334318161, "dvar": 6.23880529404, "dvar2": 16.1556491852, "max": 25.0526866913, "mean": 9.39147853851, "median": 8.44407558441, "min": 2.4932243824, "var": 15.7914533615}, "barkbands_flatness_db": {"dmean": 0.0228953398764, "dmean2": 0.0362850241363, "dvar": 0.000438728660811, "dvar2": 0.0011221076129, "max": 0.412901490927, "mean": 0.130943372846, "median": 0.126910120249, "min": 0.0422269031405, "var": 0.0016390637029}, "barkbands_kurtosis": {"dmean": 3.45275998116, "dmean2": 5.54680871964, "dvar": 94.3806381226, "dvar2": 259.342773438, "max": 335.853607178, "mean": 5.55435037613, "median": 2.73632645607, "min": -1.83886623383, "var": 152.813659668}, "barkbands_skewness": {"dmean": 0.543617606163, "dmean2": 0.845117509365, "dvar": 0.364447295666, "dvar2": 0.865593314171, "max": 13.6054210663, "mean": 1.6827852726, "median": 1.52004218102, "min": -2.24228262901, "var": 1.79861748219}, "barkbands_spread": {"dmean": 9.00917816162, "dmean2": 14.0247526169, "dvar": 86.9864730835, "dvar2": 190.882675171, "max": 127.670394897, "mean": 36.5481300354, "median": 32.0271606445, "min": 0.741806983948, "var": 407.658355713}, "dissonance": {"dmean": 0.0209344197065, "dmean2": 0.0355984158814, "dvar": 0.000511938123964, "dvar2": 0.00138302682899, "max": 0.500000119209, "mean": 0.466220617294, "median": 0.477104097605, "min": 0.264730125666, "var": 0.00101398827974}, "dynamic_complexity": 3.50472664833, "erbbands": {"dmean": [0.0859865471721, 0.468073636293, 1.70340967178, 3.47007703781, 3.82873439789, 3.57775616646, 8.38765239716, 11.9898862839, 9.38208580017, 17.1229496002, 21.9281978607, 34.0396995544, 41.6253128052, 30.0904541016, 31.9250679016, 30.1123733521, 33.1976776123, 36.65417099, 17.8158512115, 24.0143203735, 11.6807918549, 5.92344284058, 5.27448654175, 3.76002573967, 3.11672306061, 2.45012378693, 1.94979119301, 1.12671613693, 0.66977751255, 0.333596408367, 0.120020657778, 0.0452469177544, 0.029626654461, 0.020860677585, 0.0139157176018, 0.00872229784727, 0.0101648671553, 0.0424300096929, 0.0411256290972, 0.0138641837984], "dmean2": [0.143080756068, 0.779398262501, 2.75365519524, 5.49886083603, 5.85703516006, 5.55254030228, 13.2193098068, 18.704164505, 14.6570577621, 26.2525215149, 33.4745101929, 52.8357925415, 66.4141311646, 47.7172966003, 50.8258972168, 48.045791626, 52.3301429749, 58.7963447571, 27.5899734497, 37.5650444031, 18.2830467224, 9.29477310181, 8.21067047119, 5.8153963089, 4.75915336609, 3.69032645226, 2.83360242844, 1.64447426796, 0.972238779068, 0.487590253353, 0.181492820382, 0.0729679614305, 0.048673003912, 0.0342564284801, 0.022805986926, 0.0142289232463, 0.0148693369702, 0.0583542659879, 0.0551090426743, 0.0197612866759], "dvar": [0.0218911152333, 0.587885260582, 7.46287441254, 43.7847709656, 51.7278137207, 116.933898926, 653.166992188, 1097.73474121, 646.965270996, 2501.8828125, 5330.65576172, 9179.60449219, 12532.0458984, 4162.26806641, 6764.02441406, 5455.18408203, 4993.25927734, 5910.33105469, 1203.88598633, 2195.28320312, 459.577026367, 120.271316528, 146.174377441, 70.7585449219, 37.0426902771, 27.7208194733, 19.7473239899, 8.01909446716, 2.24095702171, 0.514564812183, 0.0627274885774, 0.00668613053858, 0.0031521320343, 0.00149003660772, 0.000616914068814, 0.000219578432734, 0.000411218468798, 0.0116349468008, 0.00859712343663, 0.000639320816845], "dvar2": [0.0585260465741, 1.59343767166, 18.4376049042, 101.295539856, 113.469070435, 269.561187744, 1571.62097168, 2659.8125, 1514.91833496, 5774.86181641, 10840.2978516, 22472.4375, 30059.8886719, 9669.97363281, 17115.1894531, 13939.4511719, 12119.3466797, 14470.8037109, 2924.29272461, 5268.48193359, 1106.74499512, 257.299987793, 313.758270264, 162.6615448, 76.6134567261, 57.9629936218, 36.3384590149, 15.0375022888, 4.46227741241, 1.11192595959, 0.139066487551, 0.0157210417092, 0.00753370439634, 0.00355958007276, 0.00147424091119, 0.000525820010807, 0.000699853058904, 0.0196115411818, 0.0139994192868, 0.00136659282725], "max": [2.91200709343, 11.7456769943, 66.7151565552, 121.695861816, 137.550003052, 225.137161255, 577.91986084, 686.855651855, 619.136230469, 1183.16711426, 2555.53662109, 2137.77612305, 1931.60205078, 1185.73364258, 1677.65283203, 1644.59375, 1288.20495605, 1719.85314941, 776.119018555, 957.369689941, 414.450805664, 394.9715271, 761.478881836, 393.987670898, 169.739456177, 189.581939697, 227.116729736, 149.142669678, 48.0486564636, 11.8555011749, 5.03126859665, 1.55646717548, 1.13288426399, 0.78181630373, 0.501698553562, 0.292888015509, 1.15794849396, 4.49130296707, 4.1205368042, 0.454514592886], "mean": [0.134854182601, 0.711187779903, 2.45448255539, 5.19022512436, 6.00996160507, 4.85861587524, 10.4355754852, 15.6287565231, 13.1916923523, 25.9928970337, 36.2115631104, 50.8511505127, 63.3222236633, 44.5040779114, 48.3325462341, 50.5548744202, 56.068862915, 58.675327301, 32.425113678, 39.7331161499, 20.0282917023, 11.1775255203, 9.92372512817, 7.30693483353, 6.36643981934, 4.72246217728, 3.53833961487, 1.98134171963, 1.1504650116, 0.546188950539, 0.171308472753, 0.0529677122831, 0.0308177955449, 0.0219526067376, 0.0149857457727, 0.00995560269803, 0.0176560338587, 0.082349576056, 0.0936448723078, 0.0378272607923], "median": [0.0662027597427, 0.417156755924, 1.28236603737, 2.35931181908, 2.42122364044, 1.77791595459, 2.23744153976, 3.14146661758, 3.30446457863, 3.83050918579, 5.22622871399, 7.56470680237, 8.42825317383, 11.2776269913, 9.18389606476, 11.5112228394, 14.6544647217, 18.0568809509, 14.391500473, 14.4801626205, 9.23958969116, 7.38724040985, 5.98870277405, 4.15112304688, 3.77804136276, 2.76498699188, 1.73874771595, 1.02197301388, 0.600383162498, 0.26826441288, 0.0772717222571, 0.0231546219438, 0.0110115651041, 0.00808283407241, 0.00593113806099, 0.0043974770233, 0.00999694503844, 0.0448153838515, 0.0547910816967, 0.0267082341015], "min": [9.68649436823e-23, 3.47590365926e-22, 5.96337242978e-22, 4.13498985214e-21, 6.11617748818e-21, 1.82743810541e-20, 4.4295647818e-20, 3.85816004688e-20, 5.35545195212e-20, 1.06832631471e-19, 2.60668470006e-19, 3.66140925744e-19, 4.10750207493e-19, 5.34888950181e-19, 9.93373812119e-19, 8.9693075655e-19, 9.4186723993e-19, 1.80302439954e-18, 1.87987940461e-18, 2.3310665173e-18, 3.74389389867e-18, 4.20293447088e-18, 5.34095177325e-18, 5.03852337436e-18, 5.28461705122e-18, 6.74892525879e-18, 9.45034907406e-18, 7.81150658442e-18, 1.04057459903e-17, 9.35750466774e-18, 9.95044510161e-18, 1.01411375298e-17, 1.03036528775e-17, 7.15472104215e-18, 6.0831681156e-18, 4.01402420336e-18, 2.39152514827e-18, 9.55301066668e-19, 2.4448517246e-19, 2.51091418111e-20], "var": [0.0402843244374, 0.852152884007, 11.6151924133, 79.2146606445, 113.102020264, 158.344284058, 872.941711426, 1616.08520508, 995.720031738, 5116.03710938, 15488.4765625, 16997.375, 24914.8007812, 7864.66455078, 12356.4423828, 11702.8232422, 11113.2353516, 11886.953125, 2607.73901367, 4582.20117188, 901.039855957, 249.672470093, 295.309265137, 144.502502441, 90.5303726196, 61.5261039734, 46.3897743225, 16.0173950195, 3.90452647209, 0.806343078613, 0.0880074948072, 0.00795314274728, 0.00346345757134, 0.00166177516803, 0.00070400943514, 0.000260059547145, 0.00094222050393, 0.0275035500526, 0.0263579040766, 0.00151815125719]}, "erbbands_crest": {"dmean": 2.8148291111, "dmean2": 4.60296678543, "dvar": 7.12455034256, "dvar2": 17.8853435516, "max": 30.5497684479, "mean": 9.49958610535, "median": 8.61059093475, "min": 2.42744660378, "var": 21.1617393494}, "erbbands_flatness_db": {"dmean": 0.0212613735348, "dmean2": 0.0325216129422, "dvar": 0.000328125432134, "dvar2": 0.000752695719711, "max": 0.320937126875, "mean": 0.158585444093, "median": 0.15551443398, "min": 0.0217819623649, "var": 0.00220996048301}, "erbbands_kurtosis": {"dmean": 1.31888782978, "dmean2": 2.07860994339, "dvar": 2.84425139427, "dvar2": 6.72355222702, "max": 35.1458625793, "mean": 1.61677050591, "median": 0.621304392815, "min": -1.63649880886, "var": 8.60130405426}, "erbbands_skewness": {"dmean": 0.387588739395, "dmean2": 0.601964592934, "dvar": 0.122050441802, "dvar2": 0.288300454617, "max": 5.01091384888, "mean": -0.100214734674, "median": -0.1846960783, "min": -3.65264439583, "var": 0.679835855961}, "erbbands_spread": {"dmean": 5.71861886978, "dmean2": 8.93190097809, "dvar": 28.6672801971, "dvar2": 67.0139770508, "max": 101.327697754, "mean": 25.0903530121, "median": 23.4391613007, "min": 2.48770260811, "var": 158.787033081}, "gfcc": {"cov": [[44209.2148438, 2922.2734375, -4139.32568359, -715.868469238, 80.183380127, -1314.15454102, 435.050292969, -1038.23339844, 82.2431945801, -273.586120605, -395.132202148, -217.039093018, -224.46131897], [2922.2734375, 804.210021973, -220.671432495, -259.597381592, -8.54280853271, -72.9610900879, 36.3694839478, -107.757606506, 25.8678970337, -15.152589798, -6.09028673172, -85.8424682617, 2.78615474701], [-4139.32568359, -220.671432495, 676.06451416, 172.230484009, -72.7482147217, 229.00088501, -133.141906738, 172.430099487, -53.8679924011, 28.6571788788, 39.1891441345, 5.31793546677, 37.1437416077], [-715.868469238, -259.597381592, 172.230484009, 366.407836914, 124.912223816, -12.1407308578, 48.5526313782, -8.94747447968, -19.3015651703, -27.217628479, -15.5046205521, 77.2304992676, -34.7137756348], [80.183380127, -8.54280853271, -72.7482147217, 124.912223816, 282.220336914, 67.5549697876, 108.389968872, -119.076065063, -47.3930702209, -28.7107372284, 31.6349849701, 38.3233757019, -24.9139957428], [-1314.15454102, -72.9610900879, 229.00088501, -12.1407308578, 67.5549697876, 370.074676514, -55.0728111267, 44.0008773804, -135.068618774, -5.88636684418, 80.6228637695, -12.3688879013, 29.3997917175], [435.050292969, 36.3694839478, -133.141906738, 48.5526313782, 108.389968872, -55.0728111267, 219.062973022, -51.2684936523, 41.8303260803, -38.8378639221, -22.592546463, 52.3450508118, -43.2227668762], [-1038.23339844, -107.757606506, 172.430099487, -8.94747447968, -119.076065063, 44.0008773804, -51.2684936523, 241.727386475, 82.6610183716, 35.6264915466, -11.2141504288, -42.268157959, 31.5793437958], [82.2431945801, 25.8678970337, -53.8679924011, -19.3015651703, -47.3930702209, -135.068618774, 41.8303260803, 82.6610183716, 178.999603271, 47.3218765259, -35.3840255737, -12.271692276, -7.73885774612], [-273.586120605, -15.152589798, 28.6571788788, -27.217628479, -28.7107372284, -5.88636684418, -38.8378639221, 35.6264915466, 47.3218765259, 75.3340606689, 35.6404266357, -7.34642457962, 12.8070783615], [-395.132202148, -6.09028673172, 39.1891441345, -15.5046205521, 31.6349849701, 80.6228637695, -22.592546463, -11.2141504288, -35.3840255737, 35.6404266357, 99.0771789551, 35.401260376, 16.1349163055], [-217.039093018, -85.8424682617, 5.31793546677, 77.2304992676, 38.3233757019, -12.3688879013, 52.3450508118, -42.268157959, -12.271692276, -7.34642457962, 35.401260376, 107.529212952, 11.932934761], [-224.46131897, 2.78615474701, 37.1437416077, -34.7137756348, -24.9139957428, 29.3997917175, -43.2227668762, 31.5793437958, -7.73885774612, 12.8070783615, 16.1349163055, 11.932934761, 75.2392807007]], "icov": [[0.000143534241943, -0.000601471110713, 0.0012837103568, -0.000933881266974, 0.000557275721803, -0.000452856096672, 0.000335703574819, -0.000267133145826, 0.000356776581611, -0.000444626202807, 0.000482801959151, -0.000262346176896, 0.000102779915323], [-0.000601471110713, 0.00476778531447, -0.00580425513908, 0.00504779396579, -0.00213906634599, 0.00246967328712, -0.00240728398785, 0.00300924712792, -0.00282708648592, 0.00400594435632, -0.00420583644882, 0.00419395929202, -0.00183174817357], [0.0012837103568, -0.00580425513908, 0.0152144124731, -0.0112605663016, 0.00681906845421, -0.00662604765967, 0.00403651595116, -0.00367029896006, 0.00326561741531, -0.0051024290733, 0.00461757509038, -0.00288317794912, 0.000716215465218], [-0.000933881266974, 0.00504779396579, -0.0112605663016, 0.0148445088416, -0.00954648666084, 0.00616589235142, -0.000594186305534, -0.00071286392631, -5.05006537423e-05, 0.00249226787128, 0.00124982616398, -0.00451259594411, 0.00384067813866], [0.000557275721803, -0.00213906634599, 0.00681906845421, -0.00954648666084, 0.0131354900077, -0.00583155127242, -0.00334616866894, 0.00498304050416, -0.00205283495598, 0.000427494756877, -0.00407125242054, 0.00572141632438, -0.0037329851184], [-0.000452856096672, 0.00246967328712, -0.00662604765967, 0.00616589235142, -0.00583155127242, 0.0099074896425, -0.0017884480767, -0.00266832555644, 0.00477580213919, 0.00200952007435, -0.00477185519412, 0.00227471441031, -0.000224648785661], [0.000335703574819, -0.00240728398785, 0.00403651595116, -0.000594186305534, -0.00334616866894, -0.0017884480767, 0.0124339479953, -0.00312848226167, -0.00229493365623, 0.00228289607912, 0.00531929824501, -0.00991096161306, 0.00667714281008], [-0.000267133145826, 0.00300924712792, -0.00367029896006, -0.00071286392631, 0.00498304050416, -0.00266832555644, -0.00312848226167, 0.0141552612185, -0.010292975232, 0.00554648926482, -0.00604763440788, 0.00949791353196, -0.00668338127434], [0.000356776581611, -0.00282708648592, 0.00326561741531, -5.05006537423e-05, -0.00205283495598, 0.00477580213919, -0.00229493365623, -0.010292975232, 0.0212956704199, -0.0165822207928, 0.0100375171751, -0.0057342289947, 0.00375940208323], [-0.000444626202807, 0.00400594435632, -0.0051024290733, 0.00249226787128, 0.000427494756877, 0.00200952007435, 0.00228289607912, 0.00554648926482, -0.0165822207928, 0.0366244465113, -0.0217635221779, 0.0101683679968, -0.00435143709183], [0.000482801959151, -0.00420583644882, 0.00461757509038, 0.00124982616398, -0.00407125242054, -0.00477185519412, 0.00531929824501, -0.00604763440788, 0.0100375171751, -0.0217635221779, 0.0331523902714, -0.0195771753788, 0.0067361658439], [-0.000262346176896, 0.00419395929202, -0.00288317794912, -0.00451259594411, 0.00572141632438, 0.00227471441031, -0.00991096161306, 0.00949791353196, -0.0057342289947, 0.0101683679968, -0.0195771753788, 0.0302318334579, -0.0131880650297], [0.000102779915323, -0.00183174817357, 0.000716215465218, 0.00384067813866, -0.0037329851184, -0.000224648785661, 0.00667714281008, -0.00668338127434, 0.00375940208323, -0.00435143709183, 0.0067361658439, -0.0131880650297, 0.0223508924246]], "mean": [-46.8570976257, 91.4053268433, -95.3276443481, -12.1598825455, 3.6425485611, -22.0819664001, 12.3686246872, -21.8990478516, 0.0602549165487, -7.97988605499, -9.18699264526, -6.72220945358, -7.32563447952]}, "hfc": {"dmean": 85.9566040039, "dmean2": 130.032669067, "dvar": 14364.1679688, "dvar2": 31952.1835938, "max": 2599.22485352, "mean": 237.008026123, "median": 189.216796875, "min": 1.06374639298e-16, "var": 39655.7382812}, "melbands": {"dmean": [0.000669647823088, 0.000757988425903, 0.000587151793297, 0.000243557107751, 0.000260225933744, 0.000266903953161, 0.000151333748363, 0.000199022790184, 0.000187152967555, 0.000226880336413, 0.000213531413465, 0.000127627616166, 0.000112279776658, 0.000104652121081, 6.65157203912e-05, 8.55439720908e-05, 6.67626300128e-05, 2.92369095405e-05, 3.55094343831e-05, 2.72826237051e-05, 1.24460248117e-05, 6.76212039252e-06, 5.29608132638e-06, 4.83644225824e-06, 3.15797797157e-06, 2.51015217145e-06, 2.3763052468e-06, 1.57211377427e-06, 1.36329742872e-06, 9.68507833932e-07, 6.00788951033e-07, 4.09484357533e-07, 3.01191221297e-07, 1.48704032199e-07, 7.69780967858e-08, 3.90105832082e-08, 2.39803661373e-08, 2.09327346568e-08, 1.88128339573e-08, 1.71535798899e-08], "dmean2": [0.00110731949098, 0.00122989108786, 0.000913614756428, 0.000371969275875, 0.000407802202972, 0.000414597394411, 0.000235793108004, 0.000305124965962, 0.000286945694825, 0.000353096140316, 0.000341088772984, 0.000204316907912, 0.000177995112608, 0.000168257480254, 0.000106506086013, 0.000136667033075, 0.000107704254333, 4.63344549644e-05, 5.54822545382e-05, 4.2911960918e-05, 2.00393842533e-05, 1.08625445137e-05, 8.29789678392e-06, 7.67951496528e-06, 4.99154975842e-06, 3.9201272557e-06, 3.73156308342e-06, 2.39775999944e-06, 2.01921625376e-06, 1.43994827795e-06, 9.03414047571e-07, 6.07142510489e-07, 4.47387293434e-07, 2.24338009502e-07, 1.18194286358e-07, 6.18281603693e-08, 3.93317272085e-08, 3.44364927685e-08, 3.09283834099e-08, 2.81681327152e-08], "dvar": [1.2786069874e-06, 1.36561607178e-06, 1.08078438643e-06, 2.58863337876e-07, 5.52526671527e-07, 4.93574475513e-07, 1.59115245424e-07, 3.41929279557e-07, 2.98440056667e-07, 3.98397872914e-07, 3.27501879838e-07, 7.63872876064e-08, 8.54480290968e-08, 7.98887356268e-08, 1.98501055593e-08, 3.44192940815e-08, 2.02150651774e-08, 3.31649996355e-09, 4.88674789523e-09, 3.22208482118e-09, 5.7457399949e-10, 1.46608017393e-10, 1.24746601937e-10, 1.18749413081e-10, 5.65521934837e-11, 2.56540691468e-11, 2.24064811843e-11, 1.20558476396e-11, 9.29896611102e-12, 6.20900770035e-12, 2.28332240268e-12, 8.69071199554e-13, 4.41792408863e-13, 1.04877193627e-13, 2.844802505e-14, 5.86194572158e-15, 2.06532636452e-15, 1.58970116513e-15, 1.24695203588e-15, 9.98144048561e-16], "dvar2": [3.43894498656e-06, 3.4145450627e-06, 2.47897332883e-06, 5.67929532735e-07, 1.3257615592e-06, 1.19455103231e-06, 3.75069305392e-07, 7.7812114796e-07, 6.27244844509e-07, 9.67335040514e-07, 7.9122543184e-07, 1.81076302397e-07, 2.11749792811e-07, 2.07737883784e-07, 5.02514936329e-08, 8.70633130035e-08, 4.92369558458e-08, 8.30661406326e-09, 1.14592655365e-08, 7.69854135996e-09, 1.42019684901e-09, 3.32806893155e-10, 2.44319203757e-10, 2.82889545122e-10, 1.38562744612e-10, 5.56961803067e-11, 5.18889861634e-11, 2.56822028921e-11, 1.80411432321e-11, 1.1958571286e-11, 4.86786002132e-12, 1.77391695083e-12, 9.6640111278e-13, 2.35110487936e-13, 6.49131830645e-14, 1.38052055546e-14, 4.94357396544e-15, 3.80073509015e-15, 2.97962092757e-15, 2.38441024026e-15], "max": [0.0202741920948, 0.0276497360319, 0.0178188160062, 0.0119934920222, 0.0162446275353, 0.0151041392237, 0.00913985911757, 0.0127244479954, 0.0172290913761, 0.0128438519314, 0.00933076627553, 0.00437036622316, 0.0055815433152, 0.00554920500144, 0.00224735424854, 0.00311997532845, 0.00341158290394, 0.00168010091875, 0.00131576054264, 0.00173012528103, 0.000528278469574, 0.000380997662432, 0.000621515966486, 0.000623685482424, 0.000358501682058, 0.000133568988531, 0.000119910931971, 0.000121380828205, 0.000131656546728, 0.000155456611537, 7.19644740457e-05, 3.35263503075e-05, 1.23797090055e-05, 5.52435994905e-06, 3.40825317835e-06, 2.26532802117e-06, 9.12416680876e-07, 8.04287708434e-07, 7.14335442353e-07, 6.39984307327e-07], "mean": [0.0011121716816, 0.00117967359256, 0.000950269517489, 0.000370157096768, 0.000331214803737, 0.000350788497599, 0.000214368716115, 0.000304756627884, 0.000301145628328, 0.000326771434629, 0.000317427708069, 0.000180356262717, 0.000158399823704, 0.000156021749717, 0.000108445354272, 0.000135889087687, 0.000103096477687, 4.79355549032e-05, 5.72363423998e-05, 4.33940876974e-05, 1.93083142221e-05, 1.14303429655e-05, 9.04947137315e-06, 8.63962850417e-06, 5.55730775886e-06, 4.66047731607e-06, 4.41682323071e-06, 2.76985520031e-06, 2.33860805565e-06, 1.64025641425e-06, 9.66868128671e-07, 6.65378991016e-07, 4.92350068271e-07, 2.22519503268e-07, 1.04870707673e-07, 4.92867506807e-08, 2.49730209845e-08, 2.14433661938e-08, 1.95301588235e-08, 1.80606516409e-08], "median": [0.000602140906267, 0.000706062244717, 0.00045771227451, 0.000154016772285, 7.76029846747e-05, 7.44330754969e-05, 4.99261150253e-05, 4.05066821259e-05, 4.37315902673e-05, 4.78051952086e-05, 3.98456977564e-05, 3.99595955969e-05, 2.77817871392e-05, 2.85967198579e-05, 2.68297517323e-05, 3.38233294315e-05, 3.04554869217e-05, 1.94190361071e-05, 2.18725836021e-05, 1.30569924295e-05, 8.84563633008e-06, 7.15860187483e-06, 5.17952776136e-06, 5.09361416334e-06, 2.93159359899e-06, 2.61357058662e-06, 2.64456593868e-06, 1.50481469063e-06, 1.09985887775e-06, 7.95650862528e-07, 4.84182294258e-07, 3.38233917319e-07, 2.484845254e-07, 1.02126094248e-07, 4.51018067338e-08, 2.26293952466e-08, 9.10219455363e-09, 7.37789385141e-09, 6.96624580243e-09, 6.666571295e-09], "min": [1.00059413041e-24, 3.81930606441e-25, 8.89003345872e-25, 8.4466768667e-25, 1.42996264087e-24, 9.53383270424e-25, 7.49230998533e-25, 1.10475088699e-24, 2.08840511693e-24, 1.49056687991e-24, 1.73600359563e-24, 1.88703811568e-24, 2.97800060152e-24, 1.69420796994e-24, 1.66413600058e-24, 1.65294768497e-24, 2.75213710258e-24, 2.67673501625e-24, 2.73418815041e-24, 2.22150764532e-24, 2.85765454562e-24, 4.08623559131e-24, 3.46462542534e-24, 4.19479586807e-24, 3.85392197118e-24, 3.12595461974e-24, 4.11106774932e-24, 3.9096727435e-24, 3.95864286192e-24, 4.85846336435e-24, 4.44311350382e-24, 5.31343928586e-24, 4.83679769401e-24, 5.50667707548e-24, 5.20763765568e-24, 4.68168200207e-24, 5.51631498359e-24, 6.41296623733e-24, 5.84980869229e-24, 5.83203802268e-24], "var": [2.24949621952e-06, 2.14213173422e-06, 2.10507005249e-06, 4.62537940393e-07, 7.48334286982e-07, 7.39631616398e-07, 2.5875931442e-07, 7.56695555992e-07, 8.48655474783e-07, 7.13966642252e-07, 6.42095187686e-07, 1.37532211397e-07, 1.50916235953e-07, 1.39150856171e-07, 4.34907825309e-08, 6.5561053475e-08, 3.95204047265e-08, 6.52919096567e-09, 9.70228519748e-09, 6.68757227373e-09, 9.28998378225e-10, 2.69297639743e-10, 2.784928399e-10, 2.11873671385e-10, 9.60061127819e-11, 5.63236818296e-11, 4.35144628663e-11, 2.52168581155e-11, 2.07083534348e-11, 1.22508600486e-11, 3.88728285672e-12, 1.4452681673e-12, 6.61133365935e-13, 1.49874416263e-13, 3.69887768418e-14, 7.20349005597e-15, 2.26485429261e-15, 1.7382929787e-15, 1.37696322884e-15, 1.11597331955e-15]}, "melbands_crest": {"dmean": 3.8509683609, "dmean2": 6.28999710083, "dvar": 10.8874788284, "dvar2": 27.9651660919, "max": 35.266910553, "mean": 14.1951618195, "median": 13.4300765991, "min": 1.61840164661, "var": 35.7056350708}, "melbands_flatness_db": {"dmean": 0.0300928000361, "dmean2": 0.0473042391241, "dvar": 0.000759874004871, "dvar2": 0.00190272089094, "max": 0.572763860226, "mean": 0.234160795808, "median": 0.233978629112, "min": 0.00241973926313, "var": 0.004354509525}, "melbands_kurtosis": {"dmean": 5.15606546402, "dmean2": 8.23732757568, "dvar": 96.0208969116, "dvar2": 239.209457397, "max": 228.846710205, "mean": 7.96996021271, "median": 2.84772181511, "min": -1.80017769337, "var": 263.690063477}, "melbands_skewness": {"dmean": 0.738974094391, "dmean2": 1.14374029636, "dvar": 0.523466825485, "dvar2": 1.22074770927, "max": 11.8267364502, "mean": 1.94517815113, "median": 1.58311605453, "min": -1.59979236126, "var": 2.8270945549}, "melbands_spread": {"dmean": 6.78043317795, "dmean2": 10.7185144424, "dvar": 47.698841095, "dvar2": 112.504333496, "max": 161.264892578, "mean": 25.6357898712, "median": 21.0219497681, "min": 0.426417708397, "var": 491.336181641}, "mfcc": {"cov": [[12186.8857422, 2593.22119141, -1561.95214844, 623.269287109, -473.990753174, 178.854141235, -272.071136475, -162.425048828, 6.44327831268, 12.0655078888, 0.134462505579, -217.667327881, -37.2662162781], [2593.22119141, 1510.47961426, -253.278610229, -12.1558895111, -85.2658081055, 72.1369476318, -4.14060354233, -72.9103393555, 27.41456604, 52.2243003845, 51.8908348083, -56.4445419312, -39.4904136658], [-1561.95214844, -253.278610229, 624.208984375, -167.341766357, 136.418914795, -108.163970947, 39.5368995667, 10.1553888321, 14.0782575607, 29.585521698, -3.43070912361, 30.5061244965, -28.3667373657], [623.269287109, -12.1558895111, -167.341766357, 507.700897217, -51.5608825684, 70.7798614502, -69.9113845825, 71.6110992432, 26.2893447876, -25.8470458984, -0.105764597654, -17.476020813, 42.4272499084], [-473.990753174, -85.2658081055, 136.418914795, -51.5608825684, 229.909164429, 77.9031677246, 114.55506897, -7.25517654419, -28.7955188751, -20.7746562958, -16.2293128967, 41.224571228, 8.60727977753], [178.854141235, 72.1369476318, -108.163970947, 70.7798614502, 77.9031677246, 282.59387207, 158.038192749, 44.7924766541, -75.3001251221, -97.2136611938, -39.1815872192, 22.7721195221, 48.2661209106], [-272.071136475, -4.14060354233, 39.5368995667, -69.9113845825, 114.55506897, 158.038192749, 225.391036987, 54.5423812866, -51.9231185913, -74.3037872314, -32.5577011108, 40.5589561462, 17.961183548], [-162.425048828, -72.9103393555, 10.1553888321, 71.6110992432, -7.25517654419, 44.7924766541, 54.5423812866, 135.314468384, 36.9686279297, -8.46577739716, -0.723677158356, 12.122253418, 23.4891605377], [6.44327831268, 27.41456604, 14.0782575607, 26.2893447876, -28.7955188751, -75.3001251221, -51.9231185913, 36.9686279297, 118.509597778, 77.0690231323, 23.413684845, -13.7270545959, -20.9731311798], [12.0655078888, 52.2243003845, 29.585521698, -25.8470458984, -20.7746562958, -97.2136611938, -74.3037872314, -8.46577739716, 77.0690231323, 126.21987915, 56.891708374, -12.1049308777, -27.5911464691], [0.134462505579, 51.8908348083, -3.43070912361, -0.105764597654, -16.2293128967, -39.1815872192, -32.5577011108, -0.723677158356, 23.413684845, 56.891708374, 76.2941818237, 21.2702045441, -5.21042108536], [-217.667327881, -56.4445419312, 30.5061244965, -17.476020813, 41.224571228, 22.7721195221, 40.5589561462, 12.122253418, -13.7270545959, -12.1049308777, 21.2702045441, 77.5863876343, 39.0471878052], [-37.2662162781, -39.4904136658, -28.3667373657, 42.4272499084, 8.60727977753, 48.2661209106, 17.961183548, 23.4891605377, -20.9731311798, -27.5911464691, -5.21042108536, 39.0471878052, 78.8452529907]], "icov": [[0.000201808754355, -0.000306006579194, 0.000365603889804, -0.000168637707247, 1.18613525046e-05, 0.000118332987768, 0.000107833468064, -3.13147902489e-05, 0.000228130113101, -0.000167953621713, 0.000432239117799, -0.000117663825222, 0.000164175740792], [-0.000306006579194, 0.00132081843913, -0.000380169076379, 0.000310786737828, 0.000367780652596, -0.000697934767231, -0.000670811976306, 0.000984244630672, -0.00102648523171, 0.00020036996284, -0.00160465983208, 0.000988302053884, -0.000338828976965], [0.000365603889804, -0.000380169076379, 0.00319562852383, 0.000172389933141, -0.00167050550226, 0.0017755550798, 0.000136538961669, -0.00125505623873, 0.00105036958121, -0.000661849742755, 0.00147331447806, -0.000815292529296, 0.00102649361361], [-0.000168637707247, 0.000310786737828, 0.000172389933141, 0.00332314707339, -0.00076191307744, -0.00153703638352, 0.00278420932591, -0.00193579890765, -0.00124421040528, 0.00207868032157, -0.00153168221004, 0.00114053930156, -0.000953300739639], [1.18613525046e-05, 0.000367780652596, -0.00167050550226, -0.00076191307744, 0.00841010641307, -0.00187917728908, -0.00405185017735, 0.00360892317258, -0.000569090072531, -0.00280424626544, 0.00190936098807, -0.00289247184992, 0.000504866417032], [0.000118332987768, -0.000697934767231, 0.0017755550798, -0.00153703638352, -0.00187917728908, 0.0100842760876, -0.00540789263323, -0.00125956593547, 0.00310836359859, 0.00119665940292, 0.000443098164396, 0.00189236004371, -0.00285092974082], [0.000107833468064, -0.000670811976306, 0.000136538961669, 0.00278420932591, -0.00405185017735, -0.00540789263323, 0.0151081085205, -0.00693205650896, 0.00186998723075, 0.00281991669908, 0.00221365061589, -0.00488383183256, 0.00469140475616], [-3.13147902489e-05, 0.000984244630672, -0.00125505623873, -0.00193579890765, 0.00360892317258, -0.00125956593547, -0.00693205650896, 0.0154627664015, -0.00866250321269, 0.00205808877945, -0.00324457953684, 0.00229758280329, -0.00451837806031], [0.000228130113101, -0.00102648523171, 0.00105036958121, -0.00124421040528, -0.000569090072531, 0.00310836359859, 0.00186998723075, -0.00866250321269, 0.0216882508248, -0.0132618024945, 0.00742483930662, -0.00345905032009, 0.00428715115413], [-0.000167953621713, 0.00020036996284, -0.000661849742755, 0.00207868032157, -0.00280424626544, 0.00119665940292, 0.00281991669908, 0.00205808877945, -0.0132618024945, 0.0266599990427, -0.0168392788619, 0.00710555305704, -0.00184766564053], [0.000432239117799, -0.00160465983208, 0.00147331447806, -0.00153168221004, 0.00190936098807, 0.000443098164396, 0.00221365061589, -0.00324457953684, 0.00742483930662, -0.0168392788619, 0.0309683363885, -0.0158597491682, 0.00672066863626], [-0.000117663825222, 0.000988302053884, -0.000815292529296, 0.00114053930156, -0.00289247184992, 0.00189236004371, -0.00488383183256, 0.00229758280329, -0.00345905032009, 0.00710555305704, -0.0158597491682, 0.0293815229088, -0.0149148050696], [0.000164175740792, -0.000338828976965, 0.00102649361361, -0.000953300739639, 0.000504866417032, -0.00285092974082, 0.00469140475616, -0.00451837806031, 0.00428715115413, -0.00184766564053, 0.00672066863626, -0.0149148050696, 0.0237650815398]], "mean": [-694.915161133, 162.679870605, -35.8877983093, 30.5457115173, -3.35377407074, 20.17029953, 5.62159585953, 4.57481145859, 6.25251293182, 3.47978067398, 4.55342626572, -2.59994220734, 1.25553095341]}, "pitch_salience": {"dmean": 0.0741250813007, "dmean2": 0.119246654212, "dvar": 0.00390695501119, "dvar2": 0.0098713664338, "max": 0.924699306488, "mean": 0.551385641098, "median": 0.558533012867, "min": 0.11211117357, "var": 0.0131060732529}, "silence_rate_20dB": {"dmean": 0, "dmean2": 0, "dvar": 0, "dvar2": 0, "max": 1, "mean": 1, "median": 1, "min": 1, "var": 0}, "silence_rate_30dB": {"dmean": 0.0155490767211, "dmean2": 0.0311024710536, "dvar": 0.01530875545, "dvar2": 0.0376310162246, "max": 1, "mean": 0.986396431923, "median": 1, "min": 0, "var": 0.0134174665436}, "silence_rate_60dB": {"dmean": 0.00610856572166, "dmean2": 0.0122188283131, "dvar": 0.00607179198414, "dvar2": 0.0145699605346, "max": 1, "mean": 0.0706551894546, "median": 0, "min": 0, "var": 0.0656604543328}, "spectral_centroid": {"dmean": 207.06137085, "dmean2": 311.883239746, "dvar": 57274.4257812, "dvar2": 109310.664062, "max": 11866.859375, "mean": 1478.86413574, "median": 1125.83093262, "min": 145.909011841, "var": 2910937.75}, "spectral_complexity": {"dmean": 3.61543798447, "dmean2": 5.10330486298, "dvar": 16.1530380249, "dvar2": 27.0166893005, "max": 52, "mean": 16.8929767609, "median": 17, "min": 0, "var": 86.8687896729}, "spectral_contrast_coeffs": {"dmean": [0.0525953024626, 0.0489504449069, 0.042667619884, 0.0309660229832, 0.01881634444, 0.0462111122906], "dmean2": [0.0853938683867, 0.079303175211, 0.0694423988461, 0.0498699471354, 0.0308802090585, 0.0716526955366], "dvar": [0.00181316619273, 0.00163351406809, 0.00124216428958, 0.000655119365547, 0.000233523125644, 0.00158404081594], "dvar2": [0.00467061903328, 0.00420790864155, 0.00319337542169, 0.00161615689285, 0.000611688068602, 0.00380053534172], "max": [-0.38888156414, -0.441035509109, -0.485665798187, -0.582012295723, -0.684637725353, -0.447393983603], "mean": [-0.693061053753, -0.773703992367, -0.771767497063, -0.786450207233, -0.822910785675, -0.739585280418], "median": [-0.694335103035, -0.785538196564, -0.783368706703, -0.790360689163, -0.818442463875, -0.737451195717], "min": [-0.982503294945, -0.981948792934, -0.978398323059, -0.974010109901, -0.96990531683, -0.964839339256], "var": [0.00843446236104, 0.00726190116256, 0.00697059743106, 0.0040250341408, 0.00155999884009, 0.00697624497116]}, "spectral_contrast_valleys": {"dmean": [0.379909723997, 0.399766921997, 0.334445059299, 0.291907787323, 0.258289992809, 0.643200993538], "dmean2": [0.625364780426, 0.629043519497, 0.513772249222, 0.429757535458, 0.367072433233, 1.03408682346], "dvar": [0.108382843435, 0.12852486968, 0.104347221553, 0.0933767557144, 0.103212080896, 0.325703531504], "dvar2": [0.262964755297, 0.28377699852, 0.208400785923, 0.176627650857, 0.194808423519, 0.798912763596], "max": [-5.43494367599, -4.52120780945, -5.01140022278, -5.46092939377, -5.63373708725, -8.91114425659], "mean": [-7.71421146393, -7.38939571381, -7.60059738159, -7.94157791138, -8.2441072464, -11.8237552643], "median": [-7.07274341583, -6.74873828888, -6.94760656357, -7.26533794403, -7.49941539764, -11.3094758987], "min": [-28.1966571808, -28.05427742, -27.7429904938, -27.6838436127, -27.5419387817, -27.4251537323], "var": [11.9131622314, 12.6104354858, 12.2215051651, 11.991314888, 11.6385974884, 7.9216542244]}, "spectral_decrease": {"dmean": 1.87974147359e-09, "dmean2": 2.93420621134e-09, "dvar": 5.01213631282e-18, "dvar2": 1.20630379163e-17, "max": 1.67066698253e-08, "mean": -3.75711994849e-09, "median": -2.76338774086e-09, "min": -2.67971209666e-08, "var": 1.72580498005e-17}, "spectral_energy": {"dmean": 0.0107696186751, "dmean2": 0.0157262124121, "dvar": 0.000173532404006, "dvar2": 0.000358125573257, "max": 0.236477315426, "mean": 0.0356775298715, "median": 0.0311334617436, "min": 9.88348676973e-21, "var": 0.000714874593541}, "spectral_energyband_high": {"dmean": 0.000428337458288, "dmean2": 0.000589426723309, "dvar": 7.34056584406e-07, "dvar2": 1.39340568239e-06, "max": 0.0244919359684, "mean": 0.00102132826578, "median": 0.000648357439786, "min": 7.07838160325e-21, "var": 1.87773696325e-06}, "spectral_energyband_low": {"dmean": 0.00398728623986, "dmean2": 0.00644157733768, "dvar": 3.34010983352e-05, "dvar2": 8.3004051703e-05, "max": 0.102252185345, "mean": 0.00764553481713, "median": 0.00527061149478, "min": 1.43229830024e-23, "var": 6.36057520751e-05}, "spectral_energyband_middle_high": {"dmean": 0.00319559429772, "dmean2": 0.00474712625146, "dvar": 2.3820774004e-05, "dvar2": 5.44822214579e-05, "max": 0.0680326446891, "mean": 0.00775217404589, "median": 0.00390595709905, "min": 1.02398164271e-21, "var": 8.63940149429e-05}, "spectral_energyband_middle_low": {"dmean": 0.0048068179749, "dmean2": 0.00712814368308, "dvar": 5.5031690863e-05, "dvar2": 0.000123904974316, "max": 0.117923893034, "mean": 0.0110690286383, "median": 0.00559308426455, "min": 1.43880832752e-22, "var": 0.000193166153622}, "spectral_entropy": {"dmean": 0.147618532181, "dmean2": 0.222455114126, "dvar": 0.02298396267, "dvar2": 0.0558988824487, "max": 9.82704353333, "mean": 7.5396065712, "median": 7.50331497192, "min": 5.45466661453, "var": 0.2586119771}, "spectral_flux": {"dmean": 0.0226046387106, "dmean2": 0.0351776666939, "dvar": 0.000574306177441, "dvar2": 0.00122090731747, "max": 0.29254513979, "mean": 0.101359799504, "median": 0.0974948480725, "min": 6.33663538308e-11, "var": 0.00262576085515}, "spectral_kurtosis": {"dmean": 4.16005277634, "dmean2": 6.58122634888, "dvar": 26.7351360321, "dvar2": 68.2398147583, "max": 112.034545898, "mean": 22.2798690796, "median": 20.8973884583, "min": -1.32631468773, "var": 86.4161376953}, "spectral_rms": {"dmean": 0.000853816047311, "dmean2": 0.00122269743588, "dvar": 7.67597100548e-07, "dvar2": 1.46207457874e-06, "max": 0.0151891270652, "mean": 0.00538525218144, "median": 0.00551127130166, "min": 3.10522549514e-12, "var": 5.80646747039e-06}, "spectral_rolloff": {"dmean": 2047.42077637, "dmean2": 3901.81982422, "dvar": 28199972, "dvar2": 73279848, "max": 22028.4667969, "mean": 19466.7714844, "median": 21856.2011719, "min": 21.533203125, "var": 35783988}, "spectral_skewness": {"dmean": 0.296003848314, "dmean2": 0.462984979153, "dvar": 0.115076683462, "dvar2": 0.28532859683, "max": 8.68359088898, "mean": 3.24757099152, "median": 3.18652439117, "min": -0.104220770299, "var": 0.78358823061}, "spectral_spread": {"dmean": 426935.6875, "dmean2": 682200.6875, "dvar": 509339893760, "dvar2": 1212123447300.0, "max": 48381324, "mean": 4965356.5, "median": 3906183, "min": 1838868.75, "var": 37893