{"lowlevel": {"average_loudness": 0.911345422268, "barkbands": {"dmean": [2.21869759116e-05, 0.00260884757154, 0.00139570212923, 0.00132683885749, 0.00125204038341, 0.000733243767172, 0.000492087274324, 0.00118123099674, 0.00102054327726, 0.00070457829861, 0.000611783121713, 0.000411488465033, 0.000604074273724, 0.00031042585033, 0.00050349754747, 0.000226016767556, 0.000146703634528, 0.000108540159999, 0.000129646330606, 0.000139330295497, 0.000107869193016, 0.000134005269501, 0.000172458574525, 0.000129059742903, 7.8232071246e-05, 6.17083715042e-05, 7.77373206802e-05], "dmean2": [3.50775007973e-05, 0.00438153697178, 0.00244823796675, 0.002228241181, 0.00201299157925, 0.00114662235137, 0.000744274118915, 0.00167149840854, 0.00147777295206, 0.000952932634391, 0.000844185124151, 0.000601994921453, 0.000823915237561, 0.000459152593976, 0.000715220114216, 0.000332174124196, 0.000211559017771, 0.000162377211382, 0.000204521566047, 0.000219262743485, 0.000166657206137, 0.000198698253371, 0.000253496080404, 0.000188496516785, 0.000114056841994, 9.4957104011e-05, 0.000123590230942], "dvar": [2.41680719881e-09, 5.62861678191e-05, 1.41354121297e-05, 1.76829416887e-05, 4.73872478324e-06, 2.00610793399e-06, 2.48284959525e-06, 1.77098809218e-05, 2.02075061679e-05, 6.11608447798e-06, 1.76323510459e-06, 1.93773257706e-06, 2.37045810536e-06, 8.71792110502e-07, 2.4140097139e-06, 2.19351491637e-07, 8.01081512236e-08, 5.60314212805e-08, 8.08099613891e-08, 6.43083239993e-08, 6.79351970234e-08, 1.19957974221e-07, 3.17490446378e-07, 2.81099829635e-07, 7.97483181714e-08, 2.37576145423e-08, 4.74571280051e-08], "dvar2": [5.35673372326e-09, 0.000141429161886, 3.96820869355e-05, 4.44105899078e-05, 1.23362460727e-05, 4.7339935918e-06, 5.39176244274e-06, 3.59246878361e-05, 4.65315170004e-05, 1.18197922347e-05, 3.43405781678e-06, 3.96866016672e-06, 4.80563130623e-06, 1.84630425792e-06, 5.5413793234e-06, 4.38967788341e-07, 1.47530144545e-07, 1.08560854528e-07, 1.77193015816e-07, 1.56843952936e-07, 1.64654665014e-07, 2.52207286167e-07, 6.28211921594e-07, 5.92182971104e-07, 1.65730213553e-07, 5.34536717112e-08, 1.11066242425e-07], "max": [0.000702061806805, 0.0930826812983, 0.060585565865, 0.0461091473699, 0.0370878987014, 0.0342923402786, 0.0551126338542, 0.110621020198, 0.151518762112, 0.0862380489707, 0.0587219297886, 0.0524075552821, 0.0581299290061, 0.0340575501323, 0.0458874031901, 0.012668132782, 0.0116071235389, 0.00986381620169, 0.00902387592942, 0.0049332161434, 0.00475010601804, 0.0109252743423, 0.022929366678, 0.0153764477, 0.00662870891392, 0.00213185511529, 0.00255364202894], "mean": [2.81671091216e-05, 0.0028678199742, 0.00172848510556, 0.00168295111507, 0.00275078811683, 0.00162652379368, 0.000915247015655, 0.00227099074982, 0.00182778656017, 0.00160476821475, 0.0013841096079, 0.00082340836525, 0.00129563594237, 0.000537719868589, 0.00090885150712, 0.000426578044426, 0.000327775400365, 0.000210014593904, 0.000247425981797, 0.000274286721833, 0.000195233340492, 0.000221258043894, 0.000259138294496, 0.00020818496705, 0.000116619405162, 6.74519324093e-05, 6.67615240673e-05], "median": [8.60132695379e-06, 0.00087384681683, 0.000829497934319, 0.000826607807539, 0.00197123363614, 0.000675120099913, 0.00031369383214, 0.000541577464901, 0.000384223589208, 0.000290219439194, 0.000492388266139, 0.000210955593502, 0.000312784308335, 0.000121679579024, 0.000222281640163, 0.000132896966534, 0.000130833883304, 6.37011034996e-05, 8.44592432259e-05, 0.000120805394545, 5.92386677454e-05, 6.70146691846e-05, 6.22268416919e-05, 4.93816769449e-05, 2.54248989222e-05, 7.8040666267e-06, 2.04481784749e-06], "min": [1.09191747592e-25, 1.4502748231e-24, 5.22210536469e-25, 1.67524118998e-24, 8.39346504319e-24, 1.47892266186e-23, 6.88179771179e-24, 6.82261026693e-24, 2.75164307844e-23, 2.16183418326e-23, 1.63932427408e-23, 3.07158392013e-23, 2.65436485369e-23, 3.45245006724e-23, 4.67897415813e-23, 5.5796258044e-23, 7.89464667803e-23, 8.3216028124e-23, 1.14526422323e-22, 1.74598584153e-22, 2.70895465942e-22, 3.16783466933e-22, 2.8889507561e-22, 6.61631398943e-22, 8.98185667088e-22, 1.15607719646e-21, 2.01354279763e-21], "var": [3.28793769988e-09, 4.76878303743e-05, 1.08635704237e-05, 1.47444616232e-05, 9.00611485122e-06, 6.3791762841e-06, 4.71759085485e-06, 3.38998906955e-05, 2.93277371384e-05, 1.83032043424e-05, 5.71115833736e-06, 4.67325617137e-06, 7.0226533353e-06, 2.1285090952e-06, 4.41146403318e-06, 6.40603389002e-07, 3.69691605329e-07, 1.86014929682e-07, 2.20174740662e-07, 1.56241853233e-07, 1.27690967133e-07, 2.1772115133e-07, 5.92733670146e-07, 5.20991704889e-07, 1.40815060945e-07, 3.11106731488e-08, 4.6110560703e-08]}, "barkbands_crest": {"dmean": 2.35788178444, "dmean2": 3.80750727654, "dvar": 6.12950897217, "dvar2": 16.1521434784, "max": 24.9067687988, "mean": 8.9054889679, "median": 8.09066772461, "min": 2.27443480492, "var": 13.5126619339}, "barkbands_flatness_db": {"dmean": 0.0187029261142, "dmean2": 0.028069825843, "dvar": 0.00040979887126, "dvar2": 0.000904811546206, "max": 0.337995648384, "mean": 0.120414480567, "median": 0.1155705899, "min": 0.0240331552923, "var": 0.00186491082422}, "barkbands_kurtosis": {"dmean": 2.1435687542, "dmean2": 3.39826416969, "dvar": 22.3000450134, "dvar2": 54.8170700073, "max": 132.406555176, "mean": 2.94161105156, "median": 0.916479349136, "min": -1.92487919331, "var": 39.2072410583}, "barkbands_skewness": {"dmean": 0.479415893555, "dmean2": 0.70821416378, "dvar": 0.377014964819, "dvar2": 0.804708898067, "max": 10.2342185974, "mean": 1.06970000267, "median": 0.901469290257, "min": -6.01399469376, "var": 1.37236058712}, "barkbands_spread": {"dmean": 6.25819969177, "dmean2": 9.36962795258, "dvar": 88.9315414429, "dvar2": 177.317871094, "max": 119.189979553, "mean": 24.1673583984, "median": 20.303024292, "min": 1.59687578678, "var": 262.377532959}, "dissonance": {"dmean": 0.0203156825155, "dmean2": 0.0335434302688, "dvar": 0.000446210149676, "dvar2": 0.00118229410145, "max": 0.499996870756, "mean": 0.45403200388, "median": 0.461925655603, "min": 0.221376538277, "var": 0.00113159359898}, "dynamic_complexity": 3.29824471474, "erbbands": {"dmean": [0.044645614922, 0.696155071259, 1.67263710499, 3.23091673851, 3.59237790108, 4.83605384827, 5.25810861588, 6.8998503685, 6.04863739014, 15.4014902115, 21.9979362488, 25.9066047668, 22.2014579773, 16.3097419739, 30.8864040375, 13.663228035, 25.550485611, 17.4665412903, 29.7930545807, 11.5253343582, 8.58110618591, 7.2666721344, 6.18921852112, 6.40324783325, 6.75256919861, 6.43730115891, 4.88100099564, 3.80411863327, 4.16494941711, 6.11662626266, 4.62287712097, 3.26638007164, 1.9096455574, 1.01839113235, 0.492712110281, 0.221261173487, 0.122528545558, 0.0526697300375, 0.0156228095293, 0.000726045807824], "dmean2": [0.0722732916474, 1.18663620949, 2.92206168175, 5.4363451004, 5.85176038742, 7.8058590889, 8.31106472015, 10.85587883, 8.95091915131, 22.2698993683, 31.5283470154, 36.6221504211, 29.0594348907, 23.1391067505, 42.0011253357, 19.240196228, 34.7853775024, 24.7706642151, 41.9856109619, 16.7085647583, 12.4304914474, 10.3855829239, 8.86836051941, 9.89046096802, 10.7166099548, 10.0542507172, 7.41094446182, 5.84594964981, 6.24526023865, 8.90611362457, 6.72429180145, 4.79421329498, 2.77167487144, 1.47932088375, 0.725677251816, 0.331273525953, 0.19079451263, 0.0833574980497, 0.0249039698392, 0.00116229616106], "dvar": [0.0140449730679, 4.17256975174, 21.7193775177, 83.2272949219, 75.9270172119, 79.1950302124, 102.076797485, 195.581665039, 299.919219971, 2321.34130859, 9376.2421875, 13281.1855469, 7958.82666016, 3260.56640625, 4878.59033203, 1891.34924316, 3845.61108398, 1978.25744629, 8892.84667969, 771.455200195, 314.062072754, 176.314376831, 187.125839233, 237.045883179, 203.058395386, 142.686538696, 122.715774536, 102.784393311, 110.661590576, 294.627502441, 254.757064819, 158.363983154, 74.6385803223, 17.1833114624, 2.72753334045, 0.365160733461, 0.0978901609778, 0.0206633917987, 0.00191539060324, 4.44438410341e-06], "dvar2": [0.0334892980754, 10.7207918167, 59.5394172668, 208.445632935, 192.435653687, 202.954879761, 240.808639526, 476.484924316, 584.779602051, 4599.86572266, 21153.7910156, 30104.09375, 15570.1953125, 7233.53320312, 9383.57519531, 3742.76586914, 7152.20800781, 4025.98217773, 19876.5058594, 1677.96716309, 625.20892334, 339.491210938, 317.08102417, 496.332305908, 489.278045654, 340.506835938, 282.740631104, 250.65335083, 235.503387451, 588.217346191, 503.624481201, 326.979919434, 165.45135498, 36.2710762024, 5.86463022232, 0.797443330288, 0.225712686777, 0.0482205487788, 0.00450741685927, 1.04751907202e-05], "max": [1.45001065731, 24.3349761963, 58.4112701416, 96.6000061035, 116.14175415, 205.550735474, 284.293151855, 357.999908447, 563.691711426, 1489.41430664, 2629.53051758, 4394.32421875, 4302.02246094, 1508.12316895, 3016.76660156, 1323.36352539, 2480.56884766, 1827.15991211, 2870.76416016, 926.175476074, 626.362854004, 462.736968994, 714.991882324, 563.860229492, 327.268768311, 232.320495605, 345.690704346, 196.759796143, 265.077423096, 722.016906738, 605.680236816, 398.716705322, 317.040100098, 111.447715759, 41.5913619995, 11.6212892532, 4.16752910614, 2.30385780334, 0.471506774426, 0.0211891494691], "mean": [0.0508778914809, 0.749381780624, 2.03754353523, 4.04532766342, 6.44846725464, 9.96671009064, 11.4792556763, 15.1023635864, 13.4450626373, 32.0295906067, 38.936794281, 50.0855407715, 50.0125541687, 37.3673782349, 74.0875473022, 33.574382782, 58.0010375977, 37.0815963745, 55.5625991821, 24.3548202515, 19.0135650635, 17.3417320251, 14.2939414978, 12.549279213, 12.5640916824, 12.8014688492, 9.96267414093, 6.29419898987, 7.06829452515, 9.26613044739, 6.99535369873, 5.05505561829, 3.08181619644, 1.5765029192, 0.673399806023, 0.267765581608, 0.126899600029, 0.04971864447, 0.0132882874459, 0.000623791012913], "median": [0.0189691372216, 0.222615092993, 0.944860935211, 2.01553177834, 4.55381393433, 6.42135620117, 5.84617900848, 6.46578407288, 5.12175941467, 10.4980449677, 8.73037719727, 12.8637752533, 11.3171024323, 10.3610830307, 25.7450675964, 11.6119747162, 16.3849105835, 14.5380496979, 15.5381441116, 9.01686191559, 7.11547470093, 7.19824790955, 5.05649089813, 4.38447809219, 4.5493311882, 5.53109073639, 3.6615486145, 1.63353490829, 2.19377017021, 2.32426548004, 1.65868926048, 1.18044543266, 0.711742222309, 0.359189867973, 0.120408453047, 0.0392948426306, 0.0124159958214, 0.00299744028598, 0.000408807973145, 4.69545266242e-05], "min": [6.73745147004e-23, 3.62263481686e-22, 3.14958711752e-21, 8.55284881658e-21, 1.36186725245e-20, 3.2555453997e-20, 5.10818343322e-20, 1.07765413321e-19, 6.74214237777e-20, 1.61442442814e-19, 2.9044648092e-19, 5.41783242092e-19, 6.87022715972e-19, 1.11257715583e-18, 1.06769237124e-18, 1.40144847807e-18, 1.46228554417e-18, 1.83559401577e-18, 3.02121576919e-18, 2.34959846495e-18, 3.91348122708e-18, 4.93133069314e-18, 4.24531879188e-18, 5.4574274889e-18, 6.5886805218e-18, 8.69740130404e-18, 1.05741467281e-17, 9.65000979441e-18, 8.96287830419e-18, 9.44848791768e-18, 9.57906830354e-18, 1.22073561178e-17, 8.5994250692e-18, 8.73798774797e-18, 6.38285606511e-18, 4.34444480777e-18, 2.25388891178e-18, 8.71692855676e-19, 2.62593784581e-19, 2.71751966431e-20], "var": [0.0136174308136, 3.3601706028, 16.7072792053, 71.1800460815, 79.2941055298, 151.987503052, 305.993560791, 558.298217773, 833.493286133, 5515.10058594, 13468.0634766, 19823.2070312, 18562.1582031, 11552.6611328, 17361.8066406, 7112.23681641, 13555.578125, 5389.23339844, 16545.4296875, 1834.67541504, 1056.92102051, 831.101257324, 824.410583496, 705.610717773, 427.117950439, 342.023986816, 293.302246094, 159.673187256, 206.542510986, 531.633666992, 475.307678223, 299.893249512, 124.857849121, 29.7996711731, 4.37873125076, 0.540333211422, 0.118632487953, 0.0223075263202, 0.00183356285561, 4.11746395912e-06]}, "erbbands_crest": {"dmean": 2.56682419777, "dmean2": 3.91391158104, "dvar": 6.55953931808, "dvar2": 15.0656585693, "max": 31.3271751404, "mean": 10.2934617996, "median": 9.27017593384, "min": 2.43075156212, "var": 22.1309700012}, "erbbands_flatness_db": {"dmean": 0.0213556028903, "dmean2": 0.0281038433313, "dvar": 0.000527466123458, "dvar2": 0.000925398024265, "max": 0.332113087177, "mean": 0.158114016056, "median": 0.157747492194, "min": 0.0363156273961, "var": 0.00248751672916}, "erbbands_kurtosis": {"dmean": 1.06598675251, "dmean2": 1.57995641232, "dvar": 2.89908671379, "dvar2": 6.15122509003, "max": 47.761100769, "mean": 1.28612017632, "median": 0.524343013763, "min": -1.76720798016, "var": 8.81644153595}, "erbbands_skewness": {"dmean": 0.364574462175, "dmean2": 0.530183494091, "dvar": 0.167521551251, "dvar2": 0.33245152235, "max": 5.94647598267, "mean": 0.380593419075, "median": 0.409369528294, "min": -4.96566009521, "var": 0.773343622684}, "erbbands_spread": {"dmean": 8.947681427, "dmean2": 13.04545784, "dvar": 149.764007568, "dvar2": 322.500152588, "max": 166.947937012, "mean": 34.8623695374, "median": 28.7942733765, "min": 3.26407909393, "var": 487.66494751}, "gfcc": {"cov": [[16277.4833984, -403.009002686, -902.002746582, 275.820526123, -781.161682129, 38.6687049866, -251.07043457, 133.378982544, -203.398208618, -54.0065803528, -155.253067017, -109.511894226, -210.490783691], [-403.009002686, 1856.39746094, -466.592895508, -162.160430908, 206.776382446, -53.5767860413, 24.0533638, -26.4211292267, 49.8739547729, -39.8236427307, 69.7043762207, -61.646194458, 53.2476272583], [-902.002746582, -466.592895508, 1307.81616211, 180.746963501, 113.378967285, -56.03074646, 16.8980464935, -42.248714447, 38.9202232361, 9.93564510345, -54.3206977844, 53.510433197, -72.5594863892], [275.820526123, -162.160430908, 180.746963501, 518.105773926, 3.94905972481, -40.8823661804, -42.9361724854, -26.0107555389, -21.9956436157, -11.5003900528, -11.6466503143, 1.18500089645, 4.75463962555], [-781.161682129, 206.776382446, 113.378967285, 3.94905972481, 400.73324585, 1.6898496151, 76.6502304077, -50.5423774719, 42.8628883362, 4.82821846008, -46.1614379883, 13.0437250137, 18.0026950836], [38.6687049866, -53.5767860413, -56.03074646, -40.8823661804, 1.6898496151, 263.34173584, 24.0957527161, 4.16156768799, -30.6774711609, 6.82454776764, 13.8717927933, 9.04181957245, 0.718056261539], [-251.07043457, 24.0533638, 16.8980464935, -42.9361724854, 76.6502304077, 24.0957527161, 231.518768311, 2.61569905281, -7.84673881531, 1.97499239445, 2.4587688446, 4.76909208298, -26.2146034241], [133.378982544, -26.4211292267, -42.248714447, -26.0107555389, -50.5423774719, 4.16156768799, 2.61569905281, 156.740005493, 19.9967498779, 0.31279233098, 0.0329702049494, -25.706035614, 7.36005401611], [-203.398208618, 49.8739547729, 38.9202232361, -21.9956436157, 42.8628883362, -30.6774711609, -7.84673881531, 19.9967498779, 126.88809967, 24.8626422882, -11.721321106, -0.676267623901, 0.939209342003], [-54.0065803528, -39.8236427307, 9.93564510345, -11.5003900528, 4.82821846008, 6.82454776764, 1.97499239445, 0.31279233098, 24.8626422882, 85.5423660278, 19.9076309204, -1.49813604355, -6.95708465576], [-155.253067017, 69.7043762207, -54.3206977844, -11.6466503143, -46.1614379883, 13.8717927933, 2.4587688446, 0.0329702049494, -11.721321106, 19.9076309204, 111.170394897, 18.1596641541, -8.07520484924], [-109.511894226, -61.646194458, 53.510433197, 1.18500089645, 13.0437250137, 9.04181957245, 4.76909208298, -25.706035614, -0.676267623901, -1.49813604355, 18.1596641541, 85.4750518799, 18.3086776733], [-210.490783691, 53.2476272583, -72.5594863892, 4.75463962555, 18.0026950836, 0.718056261539, -26.2146034241, 7.36005401611, 0.939209342003, -6.95708465576, -8.07520484924, 18.3086776733, 86.6172103882]], "icov": [[8.15470484667e-05, -1.29201071104e-05, 7.70727128838e-05, -6.7511558882e-05, 0.000133669644129, -1.30411908685e-05, 6.89890439389e-05, -6.70339650242e-05, 9.83286081464e-05, -4.80145754409e-05, 0.00027010429767, -0.00012098433217, 0.000319115322782], [-1.29201071104e-05, 0.000779122114182, 0.000211081031011, 0.000189149533981, -0.000542969151866, 0.000193853542442, 1.70261432686e-06, 0.000262836576439, -0.000385945953894, 0.000685207080096, -0.00097265385557, 0.000868055853061, -0.000469437072752], [7.70727128838e-05, 0.000211081031011, 0.00110329221934, -0.000340163736837, -0.000250218639849, 0.000179633047082, 0.000139384879731, -5.70600823266e-05, -0.000168888655026, -2.04914613278e-05, 0.000570530130062, -0.000848713039886, 0.00133076019119], [-6.7511558882e-05, 0.000189149533981, -0.000340163736837, 0.00223172665574, -0.000251060671872, 0.000327053276123, 0.000310716772219, 0.000360203353921, 0.000335853575962, 0.000327862013364, -0.000469179096399, 0.000589049479458, -0.000720460375305], [0.000133669644129, -0.000542969151866, -0.000250218639849, -0.000251060671872, 0.00383901596069, -0.000324018241372, -0.00116151280235, 0.000976868788712, -0.000814976112451, -0.000650762754958, 0.00213582883589, -0.000622040592134, -0.000479793117847], [-1.30411908685e-05, 0.000193853542442, 0.000179633047082, 0.000327053276123, -0.000324018241372, 0.00412833085284, -0.000260905886535, -0.000253210571827, 0.00107895233668, -0.000425332982559, -0.000420054187998, -0.000340485683409, -5.57155290153e-05], [6.89890439389e-05, 1.70261432686e-06, 0.000139384879731, 0.000310716772219, -0.00116151280235, -0.000260905886535, 0.00516934273764, -0.000777478562668, 0.000884635781404, -5.24786591996e-05, 3.48957182723e-05, -0.000813744729385, 0.00230189738795], [-6.70339650242e-05, 0.000262836576439, -5.70600823266e-05, 0.000360203353921, 0.000976868788712, -0.000253210571827, -0.000777478562668, 0.00769789936021, -0.00196461426094, 0.000721863703802, -0.000773055304307, 0.00298297777772, -0.00210571032949], [9.83286081464e-05, -0.000385945953894, -0.000168888655026, 0.000335853575962, -0.000814976112451, 0.00107895233668, 0.000884635781404, -0.00196461426094, 0.0100114746019, -0.00337207922712, 0.00177219801117, -0.00124331226107, 0.000960031524301], [-4.80145754409e-05, 0.000685207080096, -2.04914613278e-05, 0.000327862013364, -0.000650762754958, -0.000425332982559, -5.24786591996e-05, 0.000721863703802, -0.00337207922712, 0.013997794129, -0.00386340706609, 0.00186734599993, -0.000105536426418], [0.00027010429767, -0.00097265385557, 0.000570530130062, -0.000469179096399, 0.00213582883589, -0.000420054187998, 3.48957182723e-05, -0.000773055304307, 0.00177219801117, -0.00386340706609, 0.0130438879132, -0.0047505190596, 0.00328450719826], [-0.00012098433217, 0.000868055853061, -0.000848713039886, 0.000589049479458, -0.000622040592134, -0.000340485683409, -0.000813744729385, 0.00298297777772, -0.00124331226107, 0.00186734599993, -0.0047505190596, 0.0159986037761, -0.0055997017771], [0.000319115322782, -0.000469437072752, 0.00133076019119, -0.000720460375305, -0.000479793117847, -5.57155290153e-05, 0.00230189738795, -0.00210571032949, 0.000960031524301, -0.000105536426418, 0.00328450719826, -0.0055997017771, 0.0162101890892]], "mean": [-2.71440196037, 78.7396011353, -110.044792175, 17.4937705994, -55.613609314, 14.8263082504, -34.0487823486, -0.336004942656, -21.8066806793, -1.72648608685, -14.0043430328, -3.56437897682, -11.6034002304]}, "hfc": {"dmean": 8.73299694061, "dmean2": 12.1945934296, "dvar": 247.226531982, "dvar2": 483.47076416, "max": 354.80166626, "mean": 26.1427268982, "median": 19.5258979797, "min": 1.08298813604e-16, "var": 659.33001709}, "melbands": {"dmean": [0.000576658465434, 0.000896670331713, 0.000560009619221, 0.000284097710392, 0.000194156178623, 0.000147090584505, 9.38618031796e-05, 0.000199375514057, 0.000177992900717, 0.000165851975908, 0.000110407199827, 6.90689557814e-05, 8.55699108797e-05, 6.3694693381e-05, 3.52223250957e-05, 6.6007298301e-05, 3.15315373882e-05, 4.8097645049e-05, 2.62912653852e-05, 1.98114412342e-05, 8.05610125099e-06, 8.7535890998e-06, 7.32739090381e-06, 5.0202716011e-06, 5.86412033954e-06, 4.85175860376e-06, 5.46036199012e-06, 4.27175837103e-06, 3.37484948432e-06, 2.55393115367e-06, 2.23892220674e-06, 2.17470642383e-06, 3.31163255396e-06, 3.60291028301e-06, 2.81086227005e-06, 2.45782030106e-06, 1.9306885406e-06, 1.46173920257e-06, 1.07008634131e-06, 8.2424816128e-07], "dmean2": [0.000950677029323, 0.00152969511691, 0.000934253155719, 0.000458257738501, 0.000307851209072, 0.000230397781706, 0.000139508774737, 0.000283692759695, 0.000256778788753, 0.000235454936046, 0.00014485612337, 9.83620120678e-05, 0.000117260933621, 8.81849118741e-05, 4.73062391393e-05, 9.05556516955e-05, 4.57040732726e-05, 6.8583402026e-05, 3.78458826162e-05, 2.90791340376e-05, 1.18338693937e-05, 1.25765964185e-05, 1.04860691863e-05, 7.57731459089e-06, 9.06006243895e-06, 7.67458550399e-06, 8.83106804395e-06, 6.62546244712e-06, 5.10934023623e-06, 4.00828366764e-06, 3.48611570189e-06, 3.33697721544e-06, 4.9838022278e-06, 5.32765079697e-06, 4.1631374188e-06, 3.67404686585e-06, 2.8984270557e-06, 2.15144746107e-06, 1.5675349232e-06, 1.22380004086e-06], "dvar": [2.59314788309e-06, 6.24484937362e-06, 2.35510606217e-06, 3.13183136313e-07, 1.14469301593e-07, 8.57499742324e-08, 7.50956843376e-08, 4.19847253852e-07, 7.18826697721e-07, 5.4253973758e-07, 1.98698913323e-07, 6.09374737337e-08, 3.53587523705e-08, 2.90740906905e-08, 1.3979265745e-08, 2.7217820886e-08, 8.14566369911e-09, 2.31671020146e-08, 5.46402345591e-09, 1.74642733608e-09, 2.78719658464e-10, 2.81627998699e-10, 2.90280383064e-10, 1.25343971313e-10, 2.16626647176e-10, 1.19736012771e-10, 1.15669647471e-10, 6.88922252579e-11, 6.43557221403e-11, 4.26721505353e-11, 3.78928624589e-11, 2.97924011849e-11, 8.10614214641e-11, 1.12573686484e-10, 9.0067217573e-11, 8.93690885184e-11, 5.99667052126e-11, 4.43739940625e-11, 2.5024853717e-11, 1.04638814974e-11], "dvar2": [6.33259014649e-06, 1.63347558555e-05, 5.90451281823e-06, 8.06868911241e-07, 2.7865948482e-07, 2.0454687899e-07, 1.51729182107e-07, 8.28489476135e-07, 1.68904682596e-06, 1.22226992971e-06, 3.82563058565e-07, 1.354406578e-07, 6.93674948593e-08, 5.89455950717e-08, 2.51387941574e-08, 5.50498988616e-08, 1.64122102575e-08, 5.12521509677e-08, 1.26823263003e-08, 3.54112605905e-09, 5.71283631512e-10, 5.6453480779e-10, 4.92791918383e-10, 2.47884601734e-10, 4.49715154005e-10, 2.720818848e-10, 2.90378027179e-10, 1.68524319499e-10, 1.44099565613e-10, 1.05926344085e-10, 9.37599789474e-11, 6.66857610798e-11, 1.77687226044e-10, 2.33998515009e-10, 1.75913769662e-10, 1.9476316393e-10, 1.30178687274e-10, 9.94517107555e-11, 5.68004462909e-11, 2.2434656563e-11], "max": [0.0203114617616, 0.0262492988259, 0.0159274991602, 0.00986379291862, 0.00900076609105, 0.00777928624302, 0.0072063007392, 0.0213689021766, 0.0260947812349, 0.0289179049432, 0.0209600869566, 0.006418148987, 0.00800921116024, 0.00638899672776, 0.00600147014484, 0.00591825554147, 0.00355644151568, 0.00445902114734, 0.00180874892976, 0.000959160795901, 0.000561861437745, 0.000531180412509, 0.000741181254853, 0.000464548385935, 0.000567382550798, 0.000351548747858, 0.000228013275773, 0.00017542167916, 0.000348863453837, 0.000141124794027, 0.000152769382112, 0.000125410035253, 0.000262052490143, 0.000452936365036, 0.000407828134485, 0.000266837188974, 0.000224228890147, 0.000226948803174, 0.000205372969504, 8.75719051692e-05], "mean": [0.000643232662696, 0.0010872912826, 0.000780503614806, 0.000585915753618, 0.000436489324784, 0.00032624983578, 0.000197444736841, 0.000402707781177, 0.000298258877592, 0.00031311440398, 0.000242365742452, 0.000144647012348, 0.000201279966859, 0.000142701057484, 7.7212236647e-05, 0.000139580224641, 5.83565961279e-05, 8.64091998665e-05, 4.77581124869e-05, 3.63801009371e-05, 1.70997845998e-05, 1.89506827155e-05, 1.5940879166e-05, 9.79956712399e-06, 1.03410538941e-05, 8.37984862301e-06, 9.61778005149e-06, 8.06008574727e-06, 6.69425253363e-06, 4.36341542809e-06, 3.40282190336e-06, 3.52432698492e-06, 5.11000962433e-06, 5.13920122103e-06, 4.11183918914e-06, 3.56748842023e-06, 2.88805654236e-06, 2.29554120779e-06, 1.63692288879e-06, 1.22070184716e-06], "median": [0.000217609689571, 0.000462999043521, 0.000447255966719, 0.000427988125011, 0.000244281429332, 0.000134612579131, 6.96857023286e-05, 0.000120431432151, 5.56621525902e-05, 7.26598955225e-05, 5.0685415772e-05, 2.6268473448e-05, 7.21465039533e-05, 4.3532330892e-05, 1.69507020473e-05, 3.18679594784e-05, 1.72429499798e-05, 2.35736297327e-05, 1.3759932699e-05, 1.12242596515e-05, 6.28963107374e-06, 6.90462093189e-06, 4.87783245262e-06, 3.18974571201e-06, 3.19415244121e-06, 2.65876315098e-06, 3.57267344953e-06, 3.27033239955e-06, 2.33439413933e-06, 1.15086459118e-06, 7.20516368347e-07, 1.03653701444e-06, 1.3737962945e-06, 1.21699463307e-06, 9.43240252127e-07, 7.93401227384e-07, 6.1410133867e-07, 4.85272437345e-07, 3.81013535389e-07, 2.51137379337e-07], "min": [8.2233991552e-25, 1.24148907808e-24, 1.68660394245e-24, 1.03199059722e-24, 1.4833342087e-24, 3.18243686334e-24, 1.26723108853e-24, 1.43326106553e-24, 2.62008770351e-24, 3.42267025253e-24, 3.17032942617e-24, 3.73094486694e-24, 3.22788629553e-24, 3.89685572595e-24, 3.8272340179e-24, 2.43046822164e-24, 2.80033196794e-24, 4.5744233458e-24, 3.32143376041e-24, 2.97828893018e-24, 4.28193659911e-24, 4.10573149972e-24, 3.68413070538e-24, 3.83112428545e-24, 3.83706914123e-24, 3.47802817212e-24, 3.80561922909e-24, 3.44164354059e-24, 5.5604667396e-24, 4.5953076494e-24, 4.49278294743e-24, 4.38538742379e-24, 4.8430703215e-24, 4.86293423353e-24, 4.94066977042e-24, 5.54589253437e-24, 6.82928008589e-24, 5.87025162822e-24, 5.54411483632e-24, 6.67701809826e-24], "var": [2.33052969634e-06, 5.1343481573e-06, 2.06657136914e-06, 4.74215710256e-07, 3.38914531994e-07, 2.63468791672e-07, 1.87288264897e-07, 9.70186533777e-07, 9.17063118777e-07, 8.12851794763e-07, 4.68979180823e-07, 2.14684106936e-07, 1.2307442887e-07, 8.02096380426e-08, 4.56128965709e-08, 8.03176973818e-08, 2.14144275645e-08, 4.23088728496e-08, 1.04663842038e-08, 4.82154938197e-09, 8.79881056903e-10, 1.06687425561e-09, 1.43695599863e-09, 3.93388044362e-10, 5.90400284217e-10, 2.65467869909e-10, 2.28946847591e-10, 1.52319698521e-10, 1.5102558093e-10, 7.37544469942e-11, 5.42902840739e-11, 5.11896983135e-11, 1.37007738488e-10, 1.88887336328e-10, 1.64877403397e-10, 1.5514313445e-10, 1.03064168311e-10, 7.27330556893e-11, 3.84500487005e-11, 1.76207728964e-11]}, "melbands_crest": {"dmean": 2.92904853821, "dmean2": 4.67296075821, "dvar": 10.2534151077, "dvar2": 25.2824306488, "max": 31.196516037, "mean": 11.9974718094, "median": 11.0359745026, "min": 1.61860609055, "var": 23.4069671631}, "melbands_flatness_db": {"dmean": 0.0224283766001, "dmean2": 0.0337179228663, "dvar": 0.000721293967217, "dvar2": 0.00155904109124, "max": 0.464004606009, "mean": 0.181527465582, "median": 0.173408031464, "min": 0.00307895289734, "var": 0.00403872318566}, "melbands_kurtosis": {"dmean": 5.70041942596, "dmean2": 9.17928504944, "dvar": 199.943191528, "dvar2": 519.373840332, "max": 267.06439209, "mean": 9.22354125977, "median": 3.69307470322, "min": -1.9266397953, "var": 274.442626953}, "melbands_skewness": {"dmean": 0.667922377586, "dmean2": 0.992412090302, "dvar": 0.847481846809, "dvar2": 1.94064056873, "max": 13.6733369827, "mean": 1.94881534576, "median": 1.5799703598, "min": -3.11952972412, "var": 2.65471673012}, "melbands_spread": {"dmean": 7.89766597748, "dmean2": 11.9838342667, "dvar": 237.85269165, "dvar2": 493.945007324, "max": 264.510620117, "mean": 29.4745903015, "median": 24.7096977234, "min": 1.12178814411, "var": 637.258422852}, "mfcc": {"cov": [[7989.99902344, -361.406494141, -223.767776489, 35.0599403381, -279.05065918, -154.269454956, -24.0625686646, 65.7864837646, -96.1675491333, 134.143737793, -35.1238288879, -51.3850898743, -71.802482605], [-361.406494141, 1822.00610352, -367.601593018, -89.8394165039, 88.6821136475, 16.6492080688, 22.0385189056, 3.41843104362, 23.5921630859, 43.2120628357, 6.62560510635, 18.8260688782, 27.3279132843], [-223.767776489, -367.601593018, 902.137512207, 178.744308472, 68.6070480347, 33.3659095764, -33.0539627075, 26.5941333771, -61.1266479492, 10.1087865829, 19.2398357391, -23.1791400909, 10.4694318771], [35.0599403381, -89.8394165039, 178.744308472, 521.583190918, 84.7300262451, 26.9109420776, -28.4037380219, -4.84915018082, 16.6784381866, -19.9214572906, 7.24664497375, -38.6856193542, -12.5559892654], [-279.05065918, 88.6821136475, 68.6070480347, 84.7300262451, 270.365478516, 62.5233688354, -34.6212463379, -7.72431659698, 31.8453960419, 11.4542675018, -23.1255588531, -27.1091766357, 16.0304508209], [-154.269454956, 16.6492080688, 33.3659095764, 26.9109420776, 62.5233688354, 259.867736816, 51.2712440491, 9.31715774536, 26.2412166595, -47.8038330078, 26.8218383789, 3.51031374931, -6.1439409256], [-24.0625686646, 22.0385189056, -33.0539627075, -28.4037380219, -34.6212463379, 51.2712440491, 194.619247437, 37.351524353, 5.97020578384, -19.2924442291, 18.5321063995, 27.7214164734, -11.1580200195], [65.7864837646, 3.41843104362, 26.5941333771, -4.84915018082, -7.72431659698, 9.31715774536, 37.351524353, 113.807502747, 25.2643699646, 0.962842702866, 9.01500415802, 1.28805160522, 5.36913824081], [-96.1675491333, 23.5921630859, -61.1266479492, 16.6784381866, 31.8453960419, 26.2412166595, 5.97020578384, 25.2643699646, 145.442749023, 10.6257038116, -2.19788527489, -15.4872350693, -3.66476130486], [134.143737793, 43.2120628357, 10.1087865829, -19.9214572906, 11.4542675018, -47.8038330078, -19.2924442291, 0.962842702866, 10.6257038116, 137.905105591, 15.0976114273, -16.7906169891, -6.85723495483], [-35.1238288879, 6.62560510635, 19.2398357391, 7.24664497375, -23.1255588531, 26.8218383789, 18.5321063995, 9.01500415802, -2.19788527489, 15.0976114273, 107.779312134, 23.5539550781, -9.77792644501], [-51.3850898743, 18.8260688782, -23.1791400909, -38.6856193542, -27.1091766357, 3.51031374931, 27.7214164734, 1.28805160522, -15.4872350693, -16.7906169891, 23.5539550781, 112.621124268, 22.6069869995], [-71.802482605, 27.3279132843, 10.4694318771, -12.5559892654, 16.0304508209, -6.1439409256, -11.1580200195, 5.36913824081, -3.66476130486, -6.85723495483, -9.77792644501, 22.6069869995, 90.5106658936]], "icov": [[0.000140531526995, 3.19036880683e-05, 6.35729011265e-05, -5.54502366867e-05, 0.000140033094794, -1.42463668453e-05, 3.91822213714e-05, -0.000141965036164, 0.000136204558657, -0.000183417185326, 0.000101861376606, 3.5369721445e-05, 6.80777447997e-05], [3.19036880683e-05, 0.000639305566438, 0.000301796593703, 2.57799547398e-05, -0.000268221978331, -4.19377429353e-05, -5.42194211448e-05, -0.00011830299627, 0.000139981799293, -0.000264085829258, -7.89636251284e-05, -3.99975033361e-05, -0.00016693706857], [6.35729011265e-05, 0.000301796593703, 0.00146526284516, -0.000422960671131, -0.000289415911539, -0.000221262642299, 0.000206808850635, -0.000647622335237, 0.000903294421732, -0.000379572302336, -0.000209345249459, 0.000186153076356, -0.000229994169786], [-5.54502366867e-05, 2.57799547398e-05, -0.000422960671131, 0.00227560172789, -0.000667006708682, 0.000132437475258, 0.000116366391012, 0.000235706174863, -0.000393746013287, 0.000691779481713, -0.000517245265655, 0.00057025969727, 0.000278474006336], [0.000140033094794, -0.000268221978331, -0.000289415911539, -0.000667006708682, 0.0050003263168, -0.0014471221948, 0.0007924096426, 0.000251804711297, -0.000691643566824, -0.00101271260064, 0.00137376633938, 0.000508343277033, -0.000851365446579], [-1.42463668453e-05, -4.19377429353e-05, -0.000221262642299, 0.000132437475258, -0.0014471221948, 0.00509503111243, -0.00129459041636, 0.000260311877355, -0.000842782028485, 0.00206719199196, -0.00168731575832, 0.000285680318484, 0.000341299048159], [3.91822213714e-05, -5.42194211448e-05, 0.000206808850635, 0.000116366391012, 0.0007924096426, -0.00129459041636, 0.00636008055881, -0.0020492754411, 0.000127013903693, 0.000261755223619, -0.000103908736492, -0.00133702461608, 0.00106477690861], [-0.000141965036164, -0.00011830299627, -0.000647622335237, 0.000235706174863, 0.000251804711297, 0.000260311877355, -0.0020492754411, 0.0102917421609, -0.00218659150414, 0.000215511681745, -0.0007340759621, 0.000452461652458, -0.00112388527486], [0.000136204558657, 0.000139981799293, 0.000903294421732, -0.000393746013287, -0.000691643566824, -0.000842782028485, 0.000127013903693, -0.00218659150414, 0.00821919646114, -0.00105542328674, 0.000277735991403, 0.000818472646642, 0.000195743166842], [-0.000183417185326, -0.000264085829258, -0.000379572302336, 0.000691779481713, -0.00101271260064, 0.00206719199196, 0.000261755223619, 0.000215511681745, -0.00105542328674, 0.00900093559176, -0.00235020136461, 0.00134008890018, 0.000463853328256], [0.000101861376606, -7.89636251284e-05, -0.000209345249459, -0.000517245265655, 0.00137376633938, -0.00168731575832, -0.000103908736492, -0.0007340759621, 0.000277735991403, -0.00235020136461, 0.0112384390086, -0.00269777001813, 0.00145111209713], [3.5369721445e-05, -3.99975033361e-05, 0.000186153076356, 0.00057025969727, 0.000508343277033, 0.000285680318484, -0.00133702461608, 0.000452461652458, 0.000818472646642, 0.00134008890018, -0.00269777001813, 0.0110698370263, -0.00308630079962], [6.80777447997e-05, -0.00016693706857, -0.000229994169786, 0.000278474006336, -0.000851365446579, 0.000341299048159, 0.00106477690861, -0.00112388527486, 0.000195743166842, 0.000463853328256, 0.00145111209713, -0.00308630079962, 0.0125606562942]], "mean": [-646.477478027, 115.979354858, 2.82137751579, 9.24730491638, 2.20721483231, 8.89950656891, -0.881483376026, 1.5245847702, -4.40618991852, 4.01775312424, -4.95700645447, -3.68581628799, 0.0591718889773]}, "pitch_salience": {"dmean": 0.0636926218867, "dmean2": 0.101512499154, "dvar": 0.00432163011283, "dvar2": 0.0112984431908, "max": 0.961601614952, "mean": 0.559444069862, "median": 0.560794830322, "min": 0.11404813081, "var": 0.0104102548212}, "silence_rate_20dB": {"dmean": 0, "dmean2": 0, "dvar": 0, "dvar2": 0, "max": 1, "mean": 1, "median": 1, "min": 1, "var": 0}, "silence_rate_30dB": {"dmean": 0.00335868820548, "dmean2": 0.0067180399783, "dvar": 0.00334752188064, "dvar2": 0.00845155492425, "max": 1, "mean": 0.997530639172, "median": 1, "min": 0, "var": 0.00246315146796}, "silence_rate_60dB": {"dmean": 0.0118541931733, "dmean2": 0.0237107295543, "dvar": 0.0117117287591, "dvar2": 0.0257185660303, "max": 1, "mean": 0.0539312511683, "median": 0, "min": 0, "var": 0.0510260127485}, "spectral_centroid": {"dmean": 233.966659546, "dmean2": 351.410919189, "dvar": 125458.765625, "dvar2": 247043.609375, "max": 11768.5595703, "mean": 1433.01635742, "median": 1270.89916992, "min": 234.000183105, "var": 1098957.625}, "spectral_complexity": {"dmean": 2.7444434166, "dmean2": 4.3299741745, "dvar": 14.3137559891, "dvar2": 31.9634361267, "max": 54, "mean": 16.8265514374, "median": 16, "min": 0, "var": 63.1809234619}, "spectral_contrast_coeffs": {"dmean": [0.0449769757688, 0.0418866425753, 0.038146905601, 0.0346349291503, 0.0253181941807, 0.019151750952], "dmean2": [0.0728901997209, 0.0666007548571, 0.0565486736596, 0.0515752322972, 0.0373641476035, 0.0298151224852], "dvar": [0.00174485240132, 0.00151446566451, 0.0012711136369, 0.00100802234374, 0.000533895916305, 0.000399367447244], "dvar2": [0.0043385149911, 0.00346950441599, 0.002522531664, 0.00200408441015, 0.00104195380118, 0.000936818134505], "max": [-0.304390698671, -0.363665282726, -0.392634391785, -0.474127531052, -0.562040030956, -0.553074240685], "mean": [-0.646903634071, -0.690175831318, -0.688075065613, -0.702304244041, -0.75550699234, -0.770096361637], "median": [-0.649230837822, -0.696070432663, -0.689485311508, -0.702026367188, -0.757709205151, -0.772304832935], "min": [-0.978014945984, -0.982179760933, -0.987494707108, -0.973776400089, -0.967693686485, -0.964942753315], "var": [0.006537434645, 0.00710384640843, 0.00810701586306, 0.0067067691125, 0.00329438783228, 0.00239995331503]}, "spectral_contrast_valleys": {"dmean": [0.37240499258, 0.325651854277, 0.305468440056, 0.295695453882, 0.324541211128, 0.380893498659], "dmean2": [0.593681752682, 0.514921367168, 0.470390498638, 0.447287857533, 0.465329527855, 0.483586341143], "dvar": [0.170916095376, 0.104734063148, 0.0939558818936, 0.0951903611422, 0.162761360407, 0.215144380927], "dvar2": [0.334383040667, 0.212121009827, 0.186180025339, 0.180181562901, 0.314911454916, 0.355656564236], "max": [-5.28670597076, -5.23607873917, -5.29558706284, -5.86637830734, -5.83278274536, -7.03283119202], "mean": [-7.48127985001, -7.25778388977, -7.84992265701, -8.31669521332, -8.22055339813, -10.313832283], "median": [-7.19535255432, -7.01679039001, -7.64764785767, -8.10725975037, -8.00553607941, -10.1065578461], "min": [-28.2255363464, -27.9898853302, -27.6957855225, -27.8898715973, -27.5041790009, -27.4361724854], "var": [3.62320399284, 3.50873661041, 3.28607678413, 3.16420269012, 3.48137164116, 3.33699440956]}, "spectral_decrease": {"dmean": 1.92334481675e-09, "dmean2": 2.89169133083e-09, "dvar": 1.04432106546e-17, "dvar2": 2.33749577861e-17, "max": 9.94441681779e-12, "mean": -5.9621996229e-09, "median": -4.90838658607e-09, "min": -4.58271642856e-08, "var": 2.22021033586e-17}, "spectral_energy": {"dmean": 0.00782921072096, "dmean2": 0.0116957640275, "dvar": 0.000166066587553, "dvar2": 0.000368541979697, "max": 0.184183880687, "mean": 0.0248739309609, "median": 0.0207176059484, "min": 1.00291279109e-20, "var": 0.000368985492969}, "spectral_energyband_high": {"dmean": 0.000701943587046, "dmean2": 0.000981408404186, "dvar": 2.86725867227e-06, "dvar2": 5.42806583326e-06, "max": 0.0467401668429, "mean": 0.00126228085719, "median": 0.000475447770441, "min": 7.02012757017e-21, "var": 6.14701866652e-06}, "spectral_energyband_low": {"dmean": 0.00420711748302, "dmean2": 0.00680380454287, "dvar": 0.000100588760688, "dvar2": 0.000242598252953, "max": 0.10191757232, "mean": 0.00545052578673, "median": 0.00240606837906, "min": 9.89256187607e-24, "var": 9.82198325801e-05}, "spectral_energyband_middle_high": {"dmean": 0.00212849513628, "dmean2": 0.00285861897282, "dvar": 1.30458274725e-05, "dvar2": 2.36339928961e-05, "max": 0.0826397165656, "mean": 0.00759991398081, "median": 0.00480119790882, "min": 1.24429663483e-21, "var": 7.29271923774e-05}, "spectral_energyband_middle_low": {"dmean": 0.00419020606205, "dmean2": 0.00633277976885, "dvar": 6.23653904768e-05, "dvar2": 0.000143346100231, "max": 0.155302926898, "mean": 0.0118374088779, "median": 0.0091759134084, "min": 1.7159869128e-22, "var": 0.0001279245771}, "spectral_entropy": {"dmean": 0.19537460804, "dmean2": 0.263438284397, "dvar": 0.053379803896, "dvar2": 0.0926698818803, "max": 9.82093238831, "mean": 7.42029237747, "median": 7.37007236481, "min": 5.41557264328, "var": 0.28518819809}, "spectral_flux": {"dmean": 0.0258140936494, "dmean2": 0.0391509570181, "dvar": 0.00110011373181, "dvar2": 0.00227112858556, "max": 0.415033489466, "mean": 0.0735721737146, "median": 0.0592713430524, "min": 6.1620104852e-11, "var": 0.00284701213241}, "spectral_kurtosis": {"dmean": 1.63612544537, "dmean2": 2.56379795074, "dvar": 5.76667928696, "dvar2": 14.0278367996, "max": 54.4623832703, "mean": 5.14795732498, "median": 4.1421880722, "min": -1.24565756321, "var": 20.5254669189}, "spectral_rms": {"dmean": 0.000695883238222, "dmean2": 0.00100690533873, "dvar": 9.56678036346e-07, "dvar2": 1.97723466044e-06, "max": 0.0134049095213, "mean": 0.00455264560878, "median": 0.0044958088547, "min": 3.12802084582e-12, "var": 3.54072494702e-06}, "spectral_rolloff": {"dmean": 609.321044922, "dmean2": 1003.37304688, "dvar": 1846246.625, "dvar2": 3833705.75, "max": 19853.6132812, "mean": 2036.73779297, "median": 1421.19140625, "min": 86.1328125, "var": 5618543}, "spectral_skewness": {"dmean": 0.236855253577, "dmean2": 0.354367643595, "dvar": 0.0770549848676, "dvar2": 0.167780399323, "max": 5.56761980057, "mean": 1.69217658043, "median": 1.67143332958, "min": -0.179228797555, "var": 0.419771581888}, "spectral_spread": {"dmean": 764047, "dmean2": 1068151.625, "dvar": 1213676519420.0, "dvar2": 2327552458750.0, "max": 42147856, "mean": 527