{"lowlevel": {"average_loudness": 0.808507323265, "barkbands": {"dmean": [0.000542170077097, 0.0133434291929, 0.0036057268735, 0.00139593996573, 0.00126415828709, 0.000604539818596, 0.000669866392855, 0.000480491056805, 0.000537525047548, 0.000290738389594, 0.000312017742544, 0.000283527479041, 0.000241215806454, 0.000240973036853, 0.000205447897315, 0.000104020975414, 9.10949747777e-05, 9.8382748547e-05, 0.000134920963319, 0.000106134888483, 3.90586901631e-05, 3.14952412737e-05, 2.74038520729e-05, 2.48101769103e-05, 1.2433856682e-05, 5.29579574504e-06, 1.75351624421e-06], "dmean2": [0.000835270620883, 0.0214988794178, 0.00617365399376, 0.00241055106744, 0.00211033807136, 0.000971508910879, 0.00104663928505, 0.000721457239706, 0.000800203066319, 0.000449464860139, 0.000463317235699, 0.000424878817284, 0.000362142396625, 0.000373618211597, 0.000315755867632, 0.000166849975358, 0.000139261261211, 0.000155588131747, 0.000197975576157, 0.000161579213454, 6.15545577602e-05, 4.96501234011e-05, 4.11473411077e-05, 3.49812726199e-05, 1.76548292075e-05, 7.56644976718e-06, 2.41808061219e-06], "dvar": [2.09943391383e-06, 0.000881195708644, 4.77249705e-05, 1.2488624634e-05, 5.31431260242e-06, 1.38798611715e-06, 2.48454239227e-06, 3.42471662407e-06, 1.39550593303e-06, 6.88011482453e-07, 1.34005483687e-06, 6.67775509555e-07, 5.95074595822e-07, 1.35166237669e-06, 8.42657527755e-07, 8.79756854033e-08, 9.58205887969e-08, 1.08102867102e-07, 1.64255041568e-07, 7.90654368643e-08, 1.43729996793e-08, 1.14092904013e-08, 6.79638567647e-09, 1.32679609521e-08, 2.29759500314e-09, 7.44956651921e-10, 5.84172640816e-11], "dvar2": [4.67409608973e-06, 0.00224973540753, 0.000135353126097, 3.35888616974e-05, 1.40830406963e-05, 3.46679689756e-06, 5.92186279391e-06, 7.30518240744e-06, 3.05844514514e-06, 1.59128558153e-06, 3.03785736833e-06, 1.4606411014e-06, 1.31448780394e-06, 3.82660527976e-06, 1.91361482393e-06, 2.0544736401e-07, 2.33300667674e-07, 2.7072718467e-07, 3.22466519265e-07, 1.64421351201e-07, 3.7238727657e-08, 2.93120603345e-08, 1.43473446457e-08, 2.57933905345e-08, 4.45150316608e-09, 1.48885037632e-09, 1.08900846674e-10], "max": [0.0233672186732, 0.386779844761, 0.100288838148, 0.0679872184992, 0.0344216413796, 0.0287670399994, 0.0357407107949, 0.0868714749813, 0.0279047172517, 0.021533459425, 0.0615040697157, 0.0254353955388, 0.0302392803133, 0.0442252457142, 0.0455423519015, 0.00982911605388, 0.0125790638849, 0.0112307164818, 0.0118347341195, 0.007709747646, 0.00341880018823, 0.00331501942128, 0.00193106685765, 0.00471150502563, 0.00121509889141, 0.00119697663467, 0.000256919855019], "mean": [0.000735302106477, 0.0230125933886, 0.00590837467462, 0.00167816097382, 0.0023205964826, 0.00121681159362, 0.00134022778366, 0.000892475130968, 0.00116211397108, 0.000570400559809, 0.000642170547508, 0.000636661716271, 0.00048720074119, 0.000435535795987, 0.000407390383771, 0.000191072656889, 0.000178402551683, 0.000237820611801, 0.000333960400894, 0.000240870911512, 7.03382902429e-05, 5.3240230045e-05, 5.03968403791e-05, 4.27603590651e-05, 2.19588382606e-05, 9.21484934224e-06, 2.77524441117e-06], "median": [0.000129883672344, 0.014131039381, 0.00256179203279, 0.00058893323876, 0.00132779683918, 0.000522539834492, 0.00040967160021, 0.000106255080027, 0.000336579862051, 7.76714005042e-05, 5.95659876126e-05, 7.25561767467e-05, 4.1360839532e-05, 3.81418940378e-05, 2.73990717687e-05, 3.32826493832e-05, 3.30598413711e-05, 2.42861642619e-05, 2.73711702903e-05, 3.75187155441e-05, 1.57993999892e-05, 9.22317030927e-06, 9.34463059821e-06, 6.84040014676e-06, 3.68313772015e-06, 1.47455637034e-06, 2.337413747e-07], "min": [1.36332460198e-24, 5.03244569036e-23, 1.08650972102e-23, 7.87010000879e-24, 5.70278592437e-23, 2.27212703523e-23, 3.899118889e-23, 4.73340587613e-23, 6.70544012559e-23, 5.32579687083e-23, 5.46921872537e-23, 7.00353109792e-23, 4.52968759607e-23, 7.53031284668e-23, 6.31488581992e-23, 1.05021203773e-22, 1.60915760197e-22, 1.3799344391e-22, 1.67256649397e-22, 2.70396729145e-22, 2.95379184085e-22, 3.35052324295e-22, 5.59911963022e-22, 1.01353505435e-21, 1.27039422354e-21, 1.58345542821e-21, 2.0453024134e-21], "var": [3.0813785088e-06, 0.00111366505735, 7.66001394368e-05, 1.21492475955e-05, 8.82207768882e-06, 3.48368098457e-06, 6.62857019051e-06, 7.60344391892e-06, 4.47845468443e-06, 2.27714144785e-06, 5.36799961992e-06, 2.99887369692e-06, 2.47260572905e-06, 2.43461477112e-06, 2.25100643547e-06, 2.36869027503e-07, 2.26230682188e-07, 4.83727603751e-07, 7.5201518257e-07, 3.06994024868e-07, 2.8111566408e-08, 1.61303077562e-08, 1.47458658617e-08, 3.05141760748e-08, 4.36774749701e-09, 1.19232423934e-09, 1.11615328091e-10]}, "barkbands_crest": {"dmean": 2.59835910797, "dmean2": 4.21548652649, "dvar": 6.94474220276, "dvar2": 18.119846344, "max": 26.7810897827, "mean": 14.4699897766, "median": 14.1649227142, "min": 3.06645011902, "var": 30.4222068787}, "barkbands_flatness_db": {"dmean": 0.0235122647136, "dmean2": 0.0357449352741, "dvar": 0.00066891888855, "dvar2": 0.00156132772099, "max": 0.592935264111, "mean": 0.210732072592, "median": 0.203854396939, "min": 0.0316948629916, "var": 0.00718995416537}, "barkbands_kurtosis": {"dmean": 11.158952713, "dmean2": 16.8894329071, "dvar": 1915.52734375, "dvar2": 3798.70507813, "max": 4870.13574219, "mean": 27.5320262909, "median": 7.18207788467, "min": -1.8742903471, "var": 24951.7167969}, "barkbands_skewness": {"dmean": 0.814771652222, "dmean2": 1.25156056881, "dvar": 1.10396504402, "dvar2": 2.52531647682, "max": 55.2951850891, "mean": 3.02329182625, "median": 2.34127378464, "min": -3.72327136993, "var": 9.61176300049}, "barkbands_spread": {"dmean": 3.59820270538, "dmean2": 5.54359340668, "dvar": 33.6482086182, "dvar2": 73.1531677246, "max": 131.431228638, "mean": 16.3058280945, "median": 9.0576210022, "min": 0.040152721107, "var": 464.675415039}, "dissonance": {"dmean": 0.0230679195374, "dmean2": 0.0380530133843, "dvar": 0.000547100091353, "dvar2": 0.00145126960706, "max": 0.49993544817, "mean": 0.441596597433, "median": 0.453788369894, "min": 0.171344190836, "var": 0.00205817702226}, "dynamic_complexity": 6.33788061142, "erbbands": {"dmean": [0.423838287592, 2.96668958664, 4.41755247116, 4.16028642654, 4.61663484573, 4.22941112518, 3.79829573631, 5.43258285522, 9.4676027298, 7.01541280746, 12.8081989288, 10.3180551529, 10.4889678955, 10.4890546799, 9.86725234985, 9.73268318176, 10.8549947739, 11.3761930466, 9.62988185883, 8.62744808197, 4.72430324554, 4.95131444931, 5.37859725952, 4.37087345123, 7.70050191879, 4.42485284805, 1.8370705843, 1.46114003658, 1.16954302788, 0.973884940147, 0.752856314182, 0.557430505753, 0.382763624191, 0.188221141696, 0.0663070976734, 0.0277155265212, 0.00894016772509, 0.00238366099074, 0.000282084220089, 2.78860625258e-05], "dmean2": [0.645899415016, 4.9856262207, 7.53635025024, 7.08903169632, 7.83824777603, 6.91559410095, 6.1255698204, 8.77053356171, 14.9706077576, 10.689868927, 19.1879749298, 15.2846050262, 15.7821073532, 16.0427360535, 14.715927124, 14.4580068588, 16.0138092041, 17.3856334686, 14.3609390259, 13.372677803, 7.44685554504, 7.47952270508, 8.35315608978, 6.63687992096, 10.9627771378, 6.62706136703, 2.85628247261, 2.31157875061, 1.85904586315, 1.48045194149, 1.11832940578, 0.794711053371, 0.544269680977, 0.271905422211, 0.094781793654, 0.0397881828249, 0.0127814207226, 0.00337896333076, 0.000388824613765, 4.07995357818e-05], "dvar": [0.990890264511, 42.7585639954, 61.0047874451, 107.045257568, 94.6099014282, 65.6770477295, 57.5365104675, 134.974777222, 511.167236328, 359.556732178, 1877.37255859, 514.272338867, 806.561584473, 763.531616211, 1454.7779541, 763.029968262, 1303.98547363, 3736.85351563, 1076.53186035, 1781.40197754, 215.608230591, 199.3931427, 300.461181641, 176.508804321, 480.588684082, 165.559494019, 30.6147899628, 20.1145534515, 16.6174926758, 8.70148086548, 5.17296123505, 5.51296710968, 3.79288625717, 0.516929149628, 0.0786885917187, 0.0212289523333, 0.00212595728226, 0.000104284350527, 1.62713490681e-06, 4.22234736064e-09], "dvar2": [2.23280882835, 115.955467224, 170.552505493, 285.969024658, 260.153015137, 167.860076904, 153.485198975, 332.897735596, 1264.88061523, 784.665283203, 4116.57763672, 1156.6776123, 1844.92236328, 1683.68481445, 3378.26660156, 1599.90942383, 2831.45361328, 10887.4287109, 2100.38452148, 4521.38427734, 500.409912109, 441.674072266, 717.19708252, 399.104888916, 894.527038574, 334.129455566, 77.835723877, 51.6315956116, 43.295009613, 19.7177944183, 10.6383752823, 10.4114246368, 7.65652990341, 1.00918424129, 0.15994374454, 0.0426617525518, 0.00439264299348, 0.000203991730814, 3.05782600662e-06, 8.18949974501e-09], "max": [13.2750911713, 92.5192108154, 89.7866516113, 205.88949585, 223.39553833, 157.082901001, 188.570892334, 279.12109375, 609.293029785, 706.015808105, 1428.43078613, 422.469818115, 732.639648438, 846.204162598, 1824.01855469, 1040.88256836, 1548.71533203, 2444.10717773, 1008.675354, 2775.47729492, 438.20123291, 393.202423096, 728.114807129, 510.798706055, 647.87701416, 421.661468506, 187.550933838, 124.476760864, 133.268554688, 71.8108596802, 50.6724586487, 87.6469039917, 78.3435287476, 21.0453090668, 8.91513252258, 6.62273168564, 1.88136935234, 0.251720011234, 0.0516631864011, 0.00260161142796], "mean": [0.736621022224, 4.81327486038, 7.73468494415, 6.03434991837, 7.19554424286, 7.54399585724, 7.6118478775, 10.9353303909, 19.339509964, 14.1445007324, 25.5464057922, 22.3844871521, 22.1873092651, 24.0079536438, 22.096031189, 23.7948608398, 23.8683261871, 22.6350326538, 20.4700870514, 17.894411087, 9.56430530548, 10.7973794937, 13.4189414978, 12.3107910156, 20.2280635834, 10.4708509445, 3.67933011055, 2.51767921448, 1.95189511776, 1.74097490311, 1.38589370251, 0.999915242195, 0.628380179405, 0.31798774004, 0.117234446108, 0.0484772361815, 0.0149133233353, 0.00379949598573, 0.000461754592834, 6.77437492413e-05], "median": [0.360334783792, 3.1158850193, 4.10773944855, 2.98792719841, 3.24636673927, 3.88989973068, 3.93411588669, 4.27700328827, 6.11203479767, 5.0921869278, 4.34682846069, 6.80617380142, 5.1368522644, 3.23724102974, 2.44367408752, 2.89126038551, 2.60247898102, 2.28991866112, 1.59572815895, 2.00824379921, 1.71697938442, 2.02357316017, 1.57954359055, 1.17623174191, 1.78238046169, 1.71587491035, 0.855655193329, 0.552063763142, 0.336113274097, 0.299457669258, 0.24792458117, 0.152964681387, 0.0982367992401, 0.0510995388031, 0.0196346510202, 0.00769302202389, 0.00230862526223, 0.000459591072286, 5.70803313167e-05, 4.50787920272e-05], "min": [5.29485812478e-22, 1.52822054378e-20, 2.03911265481e-20, 3.0204994437e-20, 9.96856100326e-20, 2.37961535011e-19, 7.36381384454e-20, 1.79967773018e-19, 2.64380494704e-19, 5.34279628262e-19, 8.78307508842e-19, 1.15650820118e-18, 2.25135980706e-18, 2.11231612277e-18, 1.98767737525e-18, 3.01006434056e-18, 2.10734166536e-18, 3.26021492473e-18, 3.05050850943e-18, 5.02773321686e-18, 5.06482234117e-18, 9.33767632128e-18, 7.60011396144e-18, 5.97515983429e-18, 1.00362675717e-17, 1.24473344484e-17, 1.40906528123e-17, 1.1289401532e-17, 1.06650629764e-17, 1.53694409521e-17, 1.43835955175e-17, 1.70697934192e-17, 1.90288482773e-17, 1.22789428095e-17, 9.71009950283e-18, 6.56169582227e-18, 3.20407128142e-18, 1.06101505914e-18, 2.84640009062e-19, 2.86473810319e-20], "var": [1.56085789204, 45.1168708801, 97.495552063, 118.099906921, 124.418174744, 113.975212097, 109.756019592, 331.419006348, 1477.77868652, 839.499633789, 4520.21630859, 1536.95776367, 2464.72338867, 3223.12817383, 5340.72314453, 4287.1015625, 5552.34814453, 6397.39941406, 3645.56396484, 3223.75048828, 554.169372559, 695.873046875, 1471.45495605, 1027.21313477, 2476.6315918, 601.69140625, 72.642288208, 36.2902107239, 22.374130249, 16.5100193024, 11.8550376892, 15.0421190262, 6.77944421768, 0.984526872635, 0.132497251034, 0.0333647578955, 0.00323651125655, 0.000180687085958, 3.08913104163e-06, 9.91507498327e-09]}, "erbbands_crest": {"dmean": 2.21474885941, "dmean2": 3.50860333443, "dvar": 5.22273302078, "dvar2": 12.7516174316, "max": 30.6825695038, "mean": 9.38830661774, "median": 8.43347358704, "min": 1.9857275486, "var": 19.5520210266}, "erbbands_flatness_db": {"dmean": 0.0148004908115, "dmean2": 0.0209349151701, "dvar": 0.000265326263616, "dvar2": 0.000483104144223, "max": 0.322232842445, "mean": 0.161489978433, "median": 0.164463952184, "min": 0.0214988701046, "var": 0.00279235327616}, "erbbands_kurtosis": {"dmean": 1.02874302864, "dmean2": 1.59312725067, "dvar": 2.50753569603, "dvar2": 5.73455429077, "max": 73.5883560181, "mean": 1.31763398647, "median": 0.361170113087, "min": -1.88559091091, "var": 14.7074079514}, "erbbands_skewness": {"dmean": 0.314875215292, "dmean2": 0.481513142586, "dvar": 0.112999036908, "dvar2": 0.250183820724, "max": 7.2428278923, "mean": 0.505362570286, "median": 0.453787505627, "min": -3.41319894791, "var": 0.851761341095}, "erbbands_spread": {"dmean": 7.84402990341, "dmean2": 11.6441478729, "dvar": 111.314880371, "dvar2": 230.788894653, "max": 188.794052124, "mean": 38.8986053467, "median": 32.4361228943, "min": 3.69216537476, "var": 584.295043945}, "gfcc": {"cov": [[25559.6777344, 1586.2232666, -2837.72851563, 922.709472656, -779.219360352, 605.205871582, -295.105682373, 580.054321289, -193.678237915, 240.732284546, 290.480072021, 3.29853510857, -210.799179077], [1586.2232666, 2001.83483887, -107.999450684, -266.922851563, 55.074634552, -166.383956909, 153.280609131, -88.7786178589, 66.0030670166, -71.6929473877, 79.9964675903, -103.036346436, 65.3206863403], [-2837.72851563, -107.999450684, 1132.07836914, 10.1898641586, 22.9916038513, -11.3070449829, -28.7752666473, -77.8952484131, 58.6085662842, 4.92094135284, 10.9087409973, 38.9926185608, 59.7108421326], [922.709472656, -266.922851563, 10.1898641586, 549.635925293, 46.6013183594, 22.613073349, -33.051486969, -12.3583202362, 93.9036941528, 6.35298776627, 9.89720153809, 22.9271297455, 35.5875053406], [-779.219360352, 55.074634552, 22.9916038513, 46.6013183594, 319.797546387, -12.304189682, 66.2582626343, -15.760307312, 64.266494751, -8.29511356354, -6.45257520676, 10.5125989914, 32.4130706787], [605.205871582, -166.383956909, -11.3070449829, 22.613073349, -12.304189682, 183.109924316, 30.1163921356, 36.4043731689, -14.0153236389, 22.5881443024, 32.3462524414, 12.7023324966, -13.2871780396], [-295.105682373, 153.280609131, -28.7752666473, -33.051486969, 66.2582626343, 30.1163921356, 240.856872559, 27.98279953, -24.0130939484, -22.7414703369, 40.3020896912, 2.33262634277, -9.42342948914], [580.054321289, -88.7786178589, -77.8952484131, -12.3583202362, -15.760307312, 36.4043731689, 27.98279953, 151.554595947, 0.691062152386, 16.1724300385, 31.7985191345, 7.79166126251, -9.34836292267], [-193.678237915, 66.0030670166, 58.6085662842, 93.9036941528, 64.266494751, -14.0153236389, -24.0130939484, 0.691062152386, 168.058029175, 24.2793731689, -9.61060142517, 9.45721626282, 46.2940711975], [240.732284546, -71.6929473877, 4.92094135284, 6.35298776627, -8.29511356354, 22.5881443024, -22.7414703369, 16.1724300385, 24.2793731689, 100.15397644, 40.2024765015, -4.6095533371, -7.96000242233], [290.480072021, 79.9964675903, 10.9087409973, 9.89720153809, -6.45257520676, 32.3462524414, 40.3020896912, 31.7985191345, -9.61060142517, 40.2024765015, 146.224960327, 20.3440303802, -16.8067207336], [3.29853510857, -103.036346436, 38.9926185608, 22.9271297455, 10.5125989914, 12.7023324966, 2.33262634277, 7.79166126251, 9.45721626282, -4.6095533371, 20.3440303802, 92.9159164429, 23.2584609985], [-210.799179077, 65.3206863403, 59.7108421326, 35.5875053406, 32.4130706787, -13.2871780396, -9.42342948914, -9.34836292267, 46.2940711975, -7.96000242233, -16.8067207336, 23.2584609985, 96.0801849365]], "icov": [[0.000185292752576, -0.000458416296169, 0.00034826103365, -0.000614269403741, 0.000283419183688, -0.000734452158213, 0.000516253872775, -0.000702858436853, 0.00055920163868, -0.000642471713945, 0.000443407974672, -0.000690281623974, 0.000436336908024], [-0.000458416296169, 0.00204199971631, -0.000687601161189, 0.00206535495818, -0.000574346398935, 0.00243045948446, -0.00177266227547, 0.00240961555392, -0.00220531434752, 0.00255188974552, -0.00239081913605, 0.00301369233057, -0.00201498507522], [0.00034826103365, -0.000687601161189, 0.00165772356559, -0.000961041485425, 0.000591482908931, -0.00132309284527, 0.000933538540266, -0.000642428465653, 0.0006162126665, -0.0010248121107, 0.000358452409273, -0.00133295869455, 0.000207396864425], [-0.000614269403741, 0.00206535495818, -0.000961041485425, 0.00446002976969, -0.000983213540167, 0.00236253999174, -0.00167700252496, 0.00302578206174, -0.00350002618507, 0.00309440609999, -0.00263204029761, 0.00283374404535, -0.00222182879224], [0.000283419183688, -0.000574346398935, 0.000591482908931, -0.000983213540167, 0.00425680587068, -0.000833114259876, -0.000617461046204, -0.000452708045486, -0.000676564057358, -0.000766418408602, 0.000734757166356, -0.00109941710252, 1.01651367004e-05], [-0.000734452158213, 0.00243045948446, -0.00132309284527, 0.00236253999174, -0.000833114259876, 0.00957194808871, -0.00314468261786, 0.00211356207728, -0.00207210634835, 0.00178674282506, -0.00290559232235, 0.00277957459912, -0.00184924574569], [0.000516253872775, -0.00177266227547, 0.000933538540266, -0.00167700252496, -0.000617461046204, -0.00314468261786, 0.00699935434386, -0.00305837299675, 0.00256796577014, -0.000351817434421, 0.000167399237398, -0.00215391512029, 0.001825355459], [-0.000702858436853, 0.00240961555392, -0.000642428465653, 0.00302578206174, -0.000452708045486, 0.00211356207728, -0.00305837299675, 0.0108534796163, -0.00351329427212, 0.00259143044241, -0.00369063485414, 0.00298411212862, -0.00216113054194], [0.00055920163868, -0.00220531434752, 0.0006162126665, -0.00350002618507, -0.000676564057358, -0.00207210634835, 0.00256796577014, -0.00351329427212, 0.0110792350024, -0.00540674431249, 0.00331543106586, -0.0031540193595, -0.000951438094489], [-0.000642471713945, 0.00255188974552, -0.0010248121107, 0.00309440609999, -0.000766418408602, 0.00178674282506, -0.000351817434421, 0.00259143044241, -0.00540674431249, 0.0164802428335, -0.00695964787155, 0.00541754858568, -0.0014888625592], [0.000443407974672, -0.00239081913605, 0.000358452409273, -0.00263204029761, 0.000734757166356, -0.00290559232235, 0.000167399237398, -0.00369063485414, 0.00331543106586, -0.00695964787155, 0.0122226057574, -0.00584270851687, 0.00373633927666], [-0.000690281623974, 0.00301369233057, -0.00133295869455, 0.00283374404535, -0.00109941710252, 0.00277957459912, -0.00215391512029, 0.00298411212862, -0.0031540193595, 0.00541754858568, -0.00584270851687, 0.0169339831918, -0.00610295077786], [0.000436336908024, -0.00201498507522, 0.000207396864425, -0.00222182879224, 1.01651367004e-05, -0.00184924574569, 0.001825355459, -0.00216113054194, -0.000951438094489, -0.0014888625592, 0.00373633927666, -0.00610295077786, 0.0156048610806]], "mean": [-72.7418823242, 121.091575623, -85.7706985474, 36.5415153503, -41.1255378723, 12.8755378723, -18.9876937866, 11.1819610596, -14.5400304794, 2.84567403793, -7.95907640457, -4.10392332077, -8.03399085999]}, "hfc": {"dmean": 3.52017760277, "dmean2": 5.12426614761, "dvar": 33.697177887, "dvar2": 71.0686340332, "max": 118.884590149, "mean": 14.6474399567, "median": 8.43015480042, "min": 1.13437484563e-16, "var": 268.301818848}, "melbands": {"dmean": [0.00374971027486, 0.00272624054924, 0.000707228668034, 0.000319481507177, 0.000133093097247, 0.000121472148749, 0.000141272554174, 7.94298975961e-05, 0.000108362713945, 6.72802998452e-05, 5.41607696505e-05, 4.32438428106e-05, 3.77260876121e-05, 3.02640128211e-05, 2.61790883087e-05, 2.66572951659e-05, 2.18896639126e-05, 1.6295871319e-05, 1.80167244253e-05, 8.51895856613e-06, 5.42640373169e-06, 5.50035338165e-06, 5.24362803844e-06, 5.24110782862e-06, 3.64157131116e-06, 5.90294484937e-06, 5.51618268219e-06, 2.67456243819e-06, 1.33510354772e-06, 1.02731019069e-06, 8.0462683627e-07, 6.81346705278e-07, 6.57211671751e-07, 5.72226781514e-07, 4.95287054036e-07, 3.68347798485e-07, 3.59121941074e-07, 3.04801744733e-07, 2.04720805641e-07, 1.52630335037e-07], "dmean2": [0.00588378263637, 0.00462839240208, 0.00119686697144, 0.000533950398676, 0.000214542335016, 0.000195307176909, 0.000222881819354, 0.000118721487524, 0.000162275668117, 9.96449889499e-05, 8.17159307189e-05, 6.62908933009e-05, 5.60604203201e-05, 4.4738415454e-05, 3.99353848479e-05, 3.99305354222e-05, 3.35368822562e-05, 2.44912334892e-05, 2.76737628155e-05, 1.36621338243e-05, 8.52720222611e-06, 8.44447731652e-06, 7.86601503933e-06, 8.35917762743e-06, 5.62778905078e-06, 8.59680585563e-06, 8.12880625745e-06, 4.12022245655e-06, 2.12892587115e-06, 1.6476650444e-06, 1.28627937102e-06, 1.11092867883e-06, 1.02698209048e-06, 8.95194148143e-07, 7.4426526453e-07, 5.47407182694e-07, 5.18548688433e-07, 4.43222234026e-07, 3.02615234204e-07, 2.25943622922e-07], "dvar": [7.26829239284e-05, 2.62670255324e-05, 2.63009337687e-06, 3.45570811078e-07, 6.57739320786e-08, 6.13548323258e-08, 1.07510423675e-07, 5.94198787951e-08, 1.10964435862e-07, 2.34269901256e-08, 2.14230784223e-08, 1.2237209468e-08, 2.50690419534e-08, 1.03982253918e-08, 5.0186241829e-09, 1.01057082702e-08, 1.31182176233e-08, 3.18218162931e-09, 7.05315894578e-09, 9.33544574977e-10, 3.85592613394e-10, 2.86745627243e-10, 3.31831839784e-10, 3.67622793318e-10, 1.34342967306e-10, 3.45603073937e-10, 2.24401455751e-10, 6.04856928432e-11, 1.92105203273e-11, 1.02228260579e-11, 6.63342254389e-12, 6.17772673295e-12, 4.2679388669e-12, 3.09341853348e-12, 2.26573881185e-12, 1.66226429323e-12, 2.70975342859e-12, 3.06958581817e-12, 6.85874425831e-13, 3.36817975854e-13], "dvar2": [0.000178288115421, 7.11420070729e-05, 7.00601594872e-06, 9.21607977489e-07, 1.7333475455e-07, 1.51572706386e-07, 2.64785114723e-07, 1.25221575331e-07, 2.48855883456e-07, 5.15855127503e-08, 4.88966236389e-08, 2.72323266159e-08, 5.79383900856e-08, 2.18759890203e-08, 1.09151025995e-08, 2.41906938925e-08, 3.67049324268e-08, 6.43205044781e-09, 1.65413034381e-08, 2.30825714098e-09, 9.45486910986e-10, 6.90234536194e-10, 6.83371526033e-10, 9.8945651672e-10, 3.05803188327e-10, 6.63832433467e-10, 4.59874777148e-10, 1.29774843649e-10, 4.86554789514e-11, 2.71647426775e-11, 1.71004113647e-11, 1.64574898848e-11, 1.06697185809e-11, 7.04464828485e-12, 4.85201982758e-12, 3.3113997655e-12, 5.25189136971e-12, 6.40950660602e-12, 1.44213612406e-12, 6.71510427559e-13], "max": [0.107926540077, 0.0606084726751, 0.0299280453473, 0.00953632034361, 0.00540225114673, 0.00586494477466, 0.0080899130553, 0.0125683574006, 0.00937648210675, 0.00356371048838, 0.00365184340626, 0.00314125791192, 0.00894843228161, 0.00329395476729, 0.00219726050273, 0.00375951477326, 0.00439672823995, 0.00180463376455, 0.00392337562516, 0.00151721341535, 0.000660960562527, 0.000638327619527, 0.000638749392238, 0.000589555071201, 0.000427583843702, 0.000470911356388, 0.000370590685634, 0.000223286726396, 0.000164724857314, 0.000140165095218, 5.26863950654e-05, 8.88901922735e-05, 4.76962886751e-05, 4.12760709878e-05, 3.62352875527e-05, 4.05333412345e-05, 6.4923951868e-05, 7.74715881562e-05, 2.5786795959e-05, 1.5138202798e-05], "mean": [0.00650554988533, 0.00493825273588, 0.00111337623093, 0.000551987730432, 0.000273309589829, 0.000253109377809, 0.000287502276478, 0.000153941844474, 0.000216419459321, 0.00014367987751, 0.00011051956244, 9.59547978709e-05, 8.2318794739e-05, 6.55460025882e-05, 5.64416732232e-05, 5.30131765117e-05, 4.0691884351e-05, 3.10354553221e-05, 3.50932168658e-05, 1.58641250891e-05, 9.39722121984e-06, 1.08292661025e-05, 1.10784449134e-05, 1.23441323012e-05, 9.12148425414e-06, 1.4366063624e-05, 1.38997020258e-05, 5.20944604432e-06, 2.37171093431e-06, 1.75035904704e-06, 1.28085639517e-06, 1.05145102225e-06, 1.08044366698e-06, 9.55420546234e-07, 8.5171717501e-07, 6.43011958346e-07, 5.99351949404e-07, 4.69755121912e-07, 3.38496732866e-07, 2.4410527999e-07], "median": [0.00368966045789, 0.00338930473663, 0.000598565675318, 0.000294900964946, 0.000152337524923, 0.000103298370959, 9.6738593129e-05, 4.11121618527e-05, 3.67190150428e-05, 4.20913493144e-05, 2.29154484259e-05, 1.21245238915e-05, 8.26729501568e-06, 5.94228686168e-06, 7.74316322349e-06, 3.70482894141e-06, 3.74295814254e-06, 2.25336316362e-06, 2.16564149014e-06, 2.61603918261e-06, 1.66837321558e-06, 1.87761827419e-06, 1.72876923443e-06, 1.00120371371e-06, 8.24720132186e-07, 1.12246004846e-06, 1.32333798319e-06, 9.30765622797e-07, 4.38895398247e-07, 3.70721181753e-07, 2.47959917488e-07, 1.75824382609e-07, 1.61382729402e-07, 1.56093946657e-07, 1.40622489653e-07, 1.12009061581e-07, 7.74484476551e-08, 6.66087700552e-08, 5.45439746702e-08, 3.57835538978e-08], "min": [9.17163767201e-24, 2.00826221322e-23, 5.06271601879e-24, 1.48017111313e-23, 3.48003621756e-24, 4.66329680981e-24, 5.2200720757e-24, 7.12799883373e-24, 7.65102229136e-24, 8.11881128613e-24, 1.0842514489e-23, 8.07634611474e-24, 6.86204936789e-24, 6.6842472196e-24, 4.98981501595e-24, 3.4633620646e-24, 6.61745515562e-24, 4.50125925785e-24, 5.0919973523e-24, 8.78121778824e-24, 5.39500789789e-24, 1.00077300462e-23, 6.05316322859e-24, 7.00666413789e-24, 4.24838082278e-24, 6.67624264799e-24, 7.45243129163e-24, 8.34212991979e-24, 9.59241213455e-24, 5.55771203732e-24, 7.75076744194e-24, 6.00454454771e-24, 6.10318055985e-24, 9.22695733185e-24, 8.26041970722e-24, 7.71664605234e-24, 1.07813580474e-23, 1.41433656851e-23, 8.87467966171e-24, 1.08615126262e-23], "var": [0.000100488963653, 3.35702716256e-05, 3.14445242111e-06, 5.53809798021e-07, 1.24659138123e-07, 1.62900093414e-07, 2.95539535955e-07, 1.31909644097e-07, 2.81430885707e-07, 7.13073760039e-08, 6.63596466666e-08, 5.06390556154e-08, 9.90563719938e-08, 4.15997831738e-08, 2.02202077304e-08, 3.67030921211e-08, 2.45935680709e-08, 9.5864605143e-09, 1.85040978096e-08, 2.01760719243e-09, 7.18930026622e-10, 7.31883609273e-10, 1.11668108094e-09, 1.60572499741e-09, 6.2095867337e-10, 1.51391410519e-09, 1.15737075479e-09, 1.63984145707e-10, 3.7831997951e-11, 2.11941263151e-11, 9.43577681267e-12, 7.22311446766e-12, 6.85007736298e-12, 5.45358333146e-12, 4.63361684092e-12, 3.97844951427e-12, 6.85566794306e-12, 4.83310136704e-12, 1.22984597766e-12, 5.95021536383e-13]}, "melbands_crest": {"dmean": 2.97363996506, "dmean2": 4.82529592514, "dvar": 8.34073257446, "dvar2": 21.1427249908, "max": 34.6700134277, "mean": 19.0106487274, "median": 18.8389644623, "min": 2.44456553459, "var": 31.6212558746}, "melbands_flatness_db": {"dmean": 0.0286289136857, "dmean2": 0.0432018637657, "dvar": 0.000959206023254, "dvar2": 0.00221176678315, "max": 0.754748106003, "mean": 0.309648841619, "median": 0.303918480873, "min": 0.00542039889842, "var": 0.0107277408242}, "melbands_kurtosis": {"dmean": 17.1669807434, "dmean2": 26.9736557007, "dvar": 1008.7197876, "dvar2": 2413.76757813, "max": 647.541992188, "mean": 38.8674468994, "median": 17.3546981812, "min": -1.52123022079, "var": 3307.48608398}, "melbands_skewness": {"dmean": 0.984836637974, "dmean2": 1.51864039898, "dvar": 1.41784441471, "dvar2": 3.26883459091, "max": 20.0804729462, "mean": 4.10068750381, "median": 3.42520093918, "min": -0.632978618145, "var": 7.29283046722}, "melbands_spread": {"dmean": 3.7346675396, "dmean2": 5.81235170364, "dvar": 35.194442749, "dvar2": 83.5202255249, "max": 155.469619751, "mean": 12.9575977325, "median": 7.46701335907, "min": 0.212880089879, "var": 203.983032227}, "mfcc": {"cov": [[17921.4941406, 720.618896484, -1172.84741211, 439.819213867, -62.1782150269, 53.9917182922, 190.598953247, 261.557037354, -356.768554688, 404.697723389, 185.398666382, -239.355117798, 166.168746948], [720.618896484, 2317.28393555, 148.197311401, -14.0146903992, -39.8220596313, -50.0517272949, 82.0116195679, -11.225189209, 12.512966156, -14.4235029221, -7.27894687653, 78.2028274536, 17.2931156158], [-1172.84741211, 148.197311401, 882.00579834, 71.520149231, 45.8634338379, 33.9742546082, -37.2043647766, -63.2273368835, 33.3077735901, -64.2464828491, -41.739402771, 114.644966125, 0.646304190159], [439.819213867, -14.0146903992, 71.520149231, 446.348510742, 116.855743408, 86.1683654785, -47.3789138794, 27.0221424103, 49.4513702393, 4.50885820389, -7.19379758835, 9.00579357147, 36.1870040894], [-62.1782150269, -39.8220596313, 45.8634338379, 116.855743408, 245.038284302, 53.8608016968, -70.6305084229, -16.9534797668, 45.7360839844, 22.4843864441, -7.45539999008, -4.48522090912, 6.50992965698], [53.9917182922, -50.0517272949, 33.9742546082, 86.1683654785, 53.8608016968, 181.293395996, 5.82354593277, 4.01900100708, 35.5353431702, -14.8193044662, 12.2190113068, 9.4806728363, -6.42219161987], [190.598953247, 82.0116195679, -37.2043647766, -47.3789138794, -70.6305084229, 5.82354593277, 240.165283203, 69.2659225464, -55.5110015869, 31.1653900146, 28.099149704, 4.17233896255, 11.9062786102], [261.557037354, -11.225189209, -63.2273368835, 27.0221424103, -16.9534797668, 4.01900100708, 69.2659225464, 153.495056152, 13.34471035, 5.53880310059, 9.04299926758, -12.7349319458, 14.9517612457], [-356.768554688, 12.512966156, 33.3077735901, 49.4513702393, 45.7360839844, 35.5353431702, -55.5110015869, 13.34471035, 148.526687622, 4.04049730301, -24.6795825958, -3.24061918259, -13.2941246033], [404.697723389, -14.4235029221, -64.2464828491, 4.50885820389, 22.4843864441, -14.8193044662, 31.1653900146, 5.53880310059, 4.04049730301, 127.394042969, 23.6097221375, -5.53382444382, 24.1592559814], [185.398666382, -7.27894687653, -41.739402771, -7.19379758835, -7.45539999008, 12.2190113068, 28.099149704, 9.04299926758, -24.6795825958, 23.6097221375, 113.133522034, 15.8172693253, -4.24645137787], [-239.355117798, 78.2028274536, 114.644966125, 9.00579357147, -4.48522090912, 9.4806728363, 4.17233896255, -12.7349319458, -3.24061918259, -5.53382444382, 15.8172693253, 116.856803894, 32.3906364441], [166.168746948, 17.2931156158, 0.646304190159, 36.1870040894, 6.50992965698, -6.42219161987, 11.9062786102, 14.9517612457, -13.2941246033, 24.1592559814, -4.24645137787, 32.3906364441, 117.945236206]], "icov": [[7.88875840954e-05, -4.17965420638e-05, 6.93493275321e-05, -9.67922314885e-05, 6.37179255136e-05, -0.00010006800585, 9.55661816988e-05, -0.000123865364003, 0.000263935566181, -0.000250123208389, -2.11114293052e-05, 0.000130444648676, -3.42073726642e-05], [-4.17965420638e-05, 0.00048109079944, -7.07469880581e-05, 1.9506263925e-05, -3.06687470584e-05, 0.000264302856522, -0.00031591890729, 0.000194998414372, -0.000328509078827, 0.000243508751737, 3.17162921419e-05, -0.000335017102771, 1.22458768601e-05], [6.93493275321e-05, -7.07469880581e-05, 0.00152908056043, -0.000280232081423, -0.000189157406567, -6.35162214166e-05, -0.000126736980747, 0.00040844103205, -1.33119992825e-05, 0.000380005367333, 0.000541645102203, -0.00137437449303, 0.00027586624492], [-9.67922314885e-05, 1.9506263925e-05, -0.000280232081423, 0.00304725393653, -0.00103380961809, -0.000973493268248, 0.000430244108429, -0.000651904323604, -0.000490463338792, 0.00022336076654, 4.51834603155e-05, 1.06152865555e-05, -0.000858951651026], [6.37179255136e-05, -3.06687470584e-05, -0.000189157406567, -0.00103380961809, 0.00558851240203, -0.0013565471163, 0.00153329176828, 9.85882434179e-05, -0.000225285140914, -0.00174298905768, 0.000103795115137, 0.000637330056634, -0.000156309441081], [-0.00010006800585, 0.000264302856522, -6.35162214166e-05, -0.000973493268248, -0.0013565471163, 0.00724875275046, -0.00165462202858, 0.000835703394841, -0.00216701044701, 0.00198779045604, -0.00121334567666, -0.000651476555504, 0.000415724702179], [9.55661816988e-05, -0.00031591890729, -0.000126736980747, 0.000430244108429, 0.00153329176828, -0.00165462202858, 0.00671082362533, -0.00329870497808, 0.00292538665235, -0.00247281370685, -0.000163645891007, 3.19586542901e-05, 0.000167960053659], [-0.000123865364003, 0.000194998414372, 0.00040844103205, -0.000651904323604, 9.85882434179e-05, 0.000835703394841, -0.00329870497808, 0.00890927016735, -0.00271907867864, 0.00164469447918, -0.000741448777262, 0.000750056991819, -0.00128871272318], [0.000263935566181, -0.000328509078827, -1.33119992825e-05, -0.000490463338792, -0.000225285140914, -0.00216701044701, 0.00292538665235, -0.00271907867864, 0.0100280959159, -0.00264918082394, 0.00201139203273, 4.09889580624e-05, 0.001504807733], [-0.000250123208389, 0.000243508751737, 0.000380005367333, 0.00022336076654, -0.00174298905768, 0.00198779045604, -0.00247281370685, 0.00164469447918, -0.00264918082394, 0.0108587425202, -0.00223943474703, 0.000328277092194, -0.00220198393799], [-2.11114293052e-05, 3.17162921419e-05, 0.000541645102203, 4.51834603155e-05, 0.000103795115137, -0.00121334567666, -0.000163645891007, -0.000741448777262, 0.00201139203273, -0.00223943474703, 0.0106498356909, -0.00256847310811, 0.00182120176032], [0.000130444648676, -0.000335017102771, -0.00137437449303, 1.06152865555e-05, 0.000637330056634, -0.000651476555504, 3.19586542901e-05, 0.000750056991819, 4.09889580624e-05, 0.000328277092194, -0.00256847310811, 0.0119546297938, -0.00373747386038], [-3.42073726642e-05, 1.22458768601e-05, 0.00027586624492, -0.000858951651026, -0.000156309441081, 0.000415724702179, 0.000167960053659, -0.00128871272318, 0.001504807733, -0.00220198393799, 0.00182120176032, -0.00373747386038, 0.010677237995]], "mean": [-717.173034668, 148.817459106, 18.7482395172, 33.3161315918, 8.29474544525, 9.54993534088, 10.123913765, 8.96029186249, 3.85374712944, 10.0934181213, 2.96576094627, 2.9291176796, 3.44923496246]}, "pitch_salience": {"dmean": 0.0718095898628, "dmean2": 0.117778278887, "dvar": 0.00488019362092, "dvar2": 0.0128627624363, "max": 0.868456304073, "mean": 0.411043196917, "median": 0.414194613695, "min": 0.0357592925429, "var": 0.0171473380178}, "silence_rate_20dB": {"dmean": 0.000243072441663, "dmean2": 0.000486203964101, "dvar": 0.000243007758399, "dvar2": 0.000729047227651, "max": 1, "mean": 0.999878466129, "median": 1, "min": 0, "var": 0.00012150528346}, "silence_rate_30dB": {"dmean": 0.0561497323215, "dmean2": 0.112313114107, "dvar": 0.0529933087528, "dvar2": 0.11380521208, "max": 1, "mean": 0.930732786655, "median": 1, "min": 0, "var": 0.0644687563181}, "silence_rate_60dB": {"dmean": 0.00802139006555, "dmean2": 0.0160447303206, "dvar": 0.00795730017126, "dvar2": 0.0184631068259, "max": 1, "mean": 0.12115688622, "median": 0, "min": 0, "var": 0.106480360031}, "spectral_centroid": {"dmean": 169.639602661, "dmean2": 260.339569092, "dvar": 66948.9453125, "dvar2": 131811.953125, "max": 10813.796875, "mean": 984.928649902, "median": 739.034545898, "min": 74.1481552124, "var": 546571.5}, "spectral_complexity": {"dmean": 2.19859027863, "dmean2": 3.41242241859, "dvar": 10.3472146988, "dvar2": 22.8554401398, "max": 54, "mean": 12.5027341843, "median": 10, "min": 0, "var": 89.2629470825}, "spectral_contrast_coeffs": {"dmean": [0.0446571148932, 0.0415834970772, 0.0351980924606, 0.0288440864533, 0.0213511120528, 0.0162990111858], "dmean2": [0.0753867402673, 0.0673060789704, 0.0557232834399, 0.046371627599, 0.0335463024676, 0.0256024319679], "dvar": [0.00137678463943, 0.00129935343284, 0.00092946208315, 0.000642562576104, 0.00040634200559, 0.000321976200212], "dvar2": [0.00393159361556, 0.00331201334484, 0.00217991997488, 0.00149770616554, 0.000851519405842, 0.000749326834921], "max": [-0.381098628044, -0.389918804169, -0.448245972395, -0.502134263515, -0.493409335613, -0.591375887394], "mean": [-0.677945911884, -0.712755262852, -0.745891869068, -0.771082758904, -0.786545038223, -0.781913220882], "median": [-0.681815385818, -0.7137337327, -0.748402059078, -0.777502954006, -0.795507907867, -0.78108972311], "min": [-0.973914861679, -0.966471254826, -0.962319731712, -0.960041284561, -0.962279260159, -0.958785057068], "var": [0.00634311512113, 0.00718319043517, 0.007237568032, 0.00512587232515, 0.00420971028507, 0.00245193671435]}, "spectral_contrast_valleys": {"dmean": [0.367012888193, 0.32255011797, 0.322570323944, 0.2986536026, 0.250181615353, 0.248664394021], "dmean2": [0.597693264484, 0.524637281895, 0.514550149441, 0.45927259326, 0.365877151489, 0.327194601297], "dvar": [0.119829058647, 0.110152743757, 0.117664054036, 0.114372193813, 0.112253330648, 0.127983734012], "dvar2": [0.256259769201, 0.233637243509, 0.239510893822, 0.219741806388, 0.20347109437, 0.200309246778], "max": [-4.84378528595, -4.7524189949, -5.53833913803, -5.76659440994, -5.57693576813, -7.84148931503], "mean": [-7.10980272293, -7.42424297333, -8.28685569763, -8.75553798676, -8.66825675964, -11.221370697], "median": [-6.67349243164, -7.10573863983, -8.0293006897, -8.48147296906, -8.27446079254, -10.8722820282], "min": [-27.5094242096, -27.2826766968, -27.4995365143, -27.2696437836, -27.2601051331, -27.335943222], "var": [2.70356488228, 2.56543850899, 2.66143369675, 2.75111794472, 2.86620402336, 2.5515768528]}, "spectral_decrease": {"dmean": 4.3765679969e-09, "dmean2": 6.97080926315e-09, "dvar": 7.25527129762e-17, "dvar2": 1.78999449337e-16, "max": 1.66500745318e-18, "mean": -1.10089217742e-08, "median": -8.85253115257e-09, "min": -1.16841803788e-07, "var": 1.22213156178e-16}, "spectral_energy": {"dmean": 0.0167098380625, "dmean2": 0.0266042184085, "dvar": 0.00104816013481, "dvar2": 0.00258199078962, "max": 0.444365531206, "mean": 0.0428787767887, "median": 0.0346956253052, "min": 1.03084500016e-20, "var": 0.00180420232937}, "spectral_energyband_high": {"dmean": 0.000144920952152, "dmean2": 0.000208856785321, "dvar": 1.55699240167e-07, "dvar2": 3.27469933836e-07, "max": 0.00812982488424, "mean": 0.000314350036206, "median": 7.87068129284e-05, "min": 7.47012190133e-21, "var": 4.21890263169e-07}, "spectral_energyband_low": {"dmean": 0.0156830046326, "dmean2": 0.025232674554, "dvar": 0.00102378090378, "dvar2": 0.00255870097317, "max": 0.417680829763, "mean": 0.0305592622608, "median": 0.0212766397744, "min": 1.22081273793e-22, "var": 0.00146044965368}, "spectral_energyband_middle_high": {"dmean": 0.00116151035763, "dmean2": 0.00167574023362, "dvar": 6.03390571996e-06, "dvar2": 1.35770278575e-05, "max": 0.0707079917192, "mean": 0.00424074567854, "median": 0.000839295506012, "min": 1.31725554005e-21, "var": 5.04039817315e-05}, "spectral_energyband_middle_low": {"dmean": 0.00322421686724, "dmean2": 0.00519043486565, "dvar": 3.18213278661e-05, "dvar2": 8.01757050795e-05, "max": 0.0908497571945, "mean": 0.00873087905347, "median": 0.00667231436819, "min": 2.87988731228e-22, "var": 7.59270915296e-05}, "spectral_entropy": {"dmean": 0.170571908355, "dmean2": 0.249778240919, "dvar": 0.0434250496328, "dvar2": 0.0852545425296, "max": 9.81272506714, "mean": 7.11502313614, "median": 7.17283248901, "min": 4.8611664772, "var": 0.462775826454}, "spectral_flux": {"dmean": 0.0281184520572, "dmean2": 0.0449394211173, "dvar": 0.00178334326483, "dvar2": 0.00428396183997, "max": 0.496218621731, "mean": 0.0803462341428, "median": 0.0672823414207, "min": 6.81525599844e-11, "var": 0.00463302060962}, "spectral_kurtosis": {"dmean": 2.59227275848, "dmean2": 4.2597823143, "dvar": 15.4967803955, "dvar2": 39.5469207764, "max": 83.5628204346, "mean": 7.83971595764, "median": 5.51925849915, "min": -1.24879169464, "var": 62.2718505859}, "spectral_rms": {"dmean": 0.00102749199141, "dmean2": 0.00159730960149, "dvar": 2.33819378082e-06, "dvar2": 5.52134133613e-06, "max": 0.020821319893, "mean": 0.00570979667827, "median": 0.0058180228807, "min": 3.17128116302e-12, "var": 9.23092102312e-06}, "spectral_rolloff": {"dmean": 264.187011719, "dmean2": 447.684631348, "dvar": 561767.1875, "dvar2": 1490340.875, "max": 18927.6855469, "mean": 1141.41210938, "median": 387.59765625, "min": 64.599609375, "var": 8278524.5}, "spectral_skewness": {"dmean": 0.284158080816, "dmean2": 0.44410443306, "dvar": 0.119847171009, "dvar2": 0.274819910526, "max": 7.55051612854, "mean": 1.98340904713, "median": 1.76332890987, "min": 0.0028697156813, "var": 0.852393507957}, "spectral_spread": {"dmean": 449349.34375, "dmean2": 638682.125, "dvar": 640880410624, "dvar