{"lowlevel": {"average_loudness": 0.634734988213, "barkbands": {"dmean": [5.00811911479e-05, 0.00204071868211, 0.00163487531245, 0.00187575258315, 0.00109715352301, 0.000605689419899, 0.000515705381986, 0.000823574955575, 0.000814411381725, 0.000658686622046, 0.00036376377102, 0.000551637029275, 0.000377064716304, 0.000310400646413, 0.000305560475681, 0.000237229265622, 0.000202678449568, 0.000162463984452, 9.93492431007e-05, 0.000132846282213, 5.86066889809e-05, 5.3562107496e-05, 3.62702085113e-05, 2.19510111492e-05, 2.30242858379e-05, 2.25418443733e-05, 8.55441273373e-10], "dmean2": [8.27931289678e-05, 0.00307514704764, 0.00261010718532, 0.0029208897613, 0.0017887307331, 0.000998229370452, 0.000807776290458, 0.00124591041822, 0.00120598240755, 0.000962149875704, 0.000559083651751, 0.00085489806952, 0.000566493894439, 0.000477660476463, 0.000461589224869, 0.000351188558852, 0.000313974538585, 0.000252203666605, 0.00015463535965, 0.000202726208954, 8.98778671399e-05, 7.8384844528e-05, 5.30580546183e-05, 3.11912408506e-05, 3.04591158056e-05, 3.04902296193e-05, 1.57200452655e-09], "dvar": [1.28786945552e-08, 3.64544284821e-05, 1.74037522811e-05, 4.03895137424e-05, 4.59443026557e-06, 1.63662025443e-06, 2.19385378841e-06, 7.34223158361e-06, 5.67980032429e-06, 4.52835774922e-06, 1.8503882302e-06, 4.12282952311e-06, 1.35505104026e-06, 8.13825522528e-07, 9.51499089297e-07, 4.11703155123e-07, 2.44072566602e-07, 1.16291360541e-07, 4.19152428321e-08, 7.84948070987e-08, 2.68586788366e-08, 2.02478691591e-08, 9.00363517076e-09, 3.96997812402e-09, 3.39860850573e-09, 4.39288516674e-09, 1.03963119954e-17], "dvar2": [3.27543006051e-08, 7.76141459937e-05, 4.30874970334e-05, 8.43200687086e-05, 1.19403766803e-05, 4.09715312344e-06, 5.27415113538e-06, 1.54325753101e-05, 1.20576314657e-05, 8.79114577401e-06, 3.9237565943e-06, 1.04739237941e-05, 2.79589198726e-06, 1.88429385162e-06, 2.00493377633e-06, 7.76801471147e-07, 5.77782543587e-07, 2.5361276812e-07, 1.03802740625e-07, 1.74563353994e-07, 6.38983266299e-08, 4.00491835251e-08, 1.62278759319e-08, 7.54241025192e-09, 6.03646554964e-09, 8.32322122335e-09, 3.11463576913e-17], "max": [0.00178485212382, 0.101035475731, 0.0715239644051, 0.123913139105, 0.039600212127, 0.0412411019206, 0.0475886166096, 0.062218606472, 0.0604268275201, 0.0650067776442, 0.0397770963609, 0.0584358163178, 0.0319517143071, 0.0245932526886, 0.0323913395405, 0.0258442610502, 0.0148537494242, 0.0088550625369, 0.0031229571905, 0.00563381239772, 0.00714210281149, 0.00550666078925, 0.00377040519379, 0.00123965204693, 0.00191651633941, 0.00227185012773, 1.84083461363e-07], "mean": [6.02775908192e-05, 0.00279133045115, 0.00244160555303, 0.0024867055472, 0.00193460204173, 0.00106629077345, 0.000843859335873, 0.00155908206943, 0.00155032495968, 0.0018385334406, 0.000632001494523, 0.00115309818648, 0.000661786703859, 0.000579207960982, 0.000512482074555, 0.000408263120335, 0.00043021485908, 0.000341878825566, 0.000197077068151, 0.000290633266559, 0.000116130366223, 0.000108223430288, 7.41718904465e-05, 4.48551836598e-05, 5.16516265634e-05, 4.94373671245e-05, 6.94613477847e-10], "median": [1.7454580302e-05, 0.000765030505136, 0.000748676597141, 0.000432684319094, 0.000943602120969, 0.00039800175, 0.000240109628066, 0.000199287111172, 0.000201581191504, 0.000171200488694, 0.000113371912448, 0.000118724216009, 0.000116418748803, 0.000107562016638, 0.000114099791972, 9.77384115686e-05, 0.000104720311356, 0.000124849277199, 7.4095587479e-05, 9.7871554317e-05, 4.11264772993e-05, 2.95837980957e-05, 1.91282415472e-05, 5.18558499607e-06, 5.5061632338e-06, 3.41859413311e-06, 1.77717215943e-10], "min": [2.07014505774e-25, 4.98465034361e-24, 6.47205546901e-25, 3.61864065632e-24, 8.51823680599e-24, 1.3753793038e-23, 2.08622107663e-23, 8.46059631737e-24, 2.27877839484e-23, 2.24675979287e-23, 1.44937792769e-23, 2.61326283394e-23, 3.28946919541e-23, 2.87316457654e-23, 4.81681434845e-23, 6.77140593666e-23, 8.69308183029e-23, 1.28983453304e-22, 1.54290098521e-22, 2.14626131168e-22, 2.90606638717e-22, 3.99784053988e-22, 4.55651864872e-22, 5.52696044063e-22, 8.73325113245e-22, 1.40959139346e-21, 2.04217867568e-21], "var": [1.50788697084e-08, 4.79074005852e-05, 2.46217769018e-05, 5.65138579987e-05, 8.875347703e-06, 4.04226011597e-06, 4.69273072667e-06, 2.17115939449e-05, 1.79515736818e-05, 3.80812416552e-05, 5.37920595889e-06, 1.64674002008e-05, 3.96165296479e-06, 2.98344252769e-06, 1.9074489046e-06, 1.3145822777e-06, 1.15293835279e-06, 3.77837807264e-07, 1.01889305881e-07, 2.40324055767e-07, 4.85318167875e-08, 5.48915757292e-08, 2.89501702611e-08, 1.36972344578e-08, 1.25402088713e-08, 1.63219056049e-08, 5.93909145086e-18]}, "barkbands_crest": {"dmean": 2.40620827675, "dmean2": 3.81536459923, "dvar": 5.65003204346, "dvar2": 12.9612817764, "max": 25.8720703125, "mean": 10.1162509918, "median": 9.18173599243, "min": 2.28376936913, "var": 20.3355560303}, "barkbands_flatness_db": {"dmean": 0.0193779356778, "dmean2": 0.0288618542254, "dvar": 0.000395100738388, "dvar2": 0.000807919714134, "max": 0.494339108467, "mean": 0.163380369544, "median": 0.152268782258, "min": 0.0380859822035, "var": 0.0038203233853}, "barkbands_kurtosis": {"dmean": 2.5586066246, "dmean2": 3.94309878349, "dvar": 22.2715988159, "dvar2": 49.0223045349, "max": 93.0491943359, "mean": 4.15876436234, "median": 1.54058980942, "min": -1.92598056793, "var": 62.0692634583}, "barkbands_skewness": {"dmean": 0.501304686069, "dmean2": 0.744267523289, "dvar": 0.338055431843, "dvar2": 0.683986842632, "max": 8.24720954895, "mean": 1.26970481873, "median": 1.16819298267, "min": -4.44111537933, "var": 1.61953401566}, "barkbands_spread": {"dmean": 4.88917350769, "dmean2": 7.23810958862, "dvar": 38.0176620483, "dvar2": 78.4209213257, "max": 119.766571045, "mean": 20.3525123596, "median": 18.5775909424, "min": 0.523604273796, "var": 157.459747314}, "dissonance": {"dmean": 0.0231474675238, "dmean2": 0.0387616306543, "dvar": 0.000633511983324, "dvar2": 0.00174636591692, "max": 0.499999910593, "mean": 0.451355397701, "median": 0.462743014097, "min": 0.110187657177, "var": 0.00162716419436}, "dynamic_complexity": 5.26924228668, "erbbands": {"dmean": [0.0573294684291, 0.482546806335, 1.38733386993, 5.18908786774, 3.75063204765, 4.24332523346, 3.95853042603, 5.75823402405, 6.89925956726, 11.1822462082, 17.9444618225, 18.8620414734, 19.6267147064, 16.8756484985, 16.7828292847, 21.0252475739, 17.2026329041, 14.560962677, 16.1318969727, 12.5006141663, 11.0627765656, 10.3332996368, 9.23695468903, 5.30665493011, 5.43003320694, 6.35060930252, 3.07769846916, 1.77698278427, 1.64549088478, 2.02388930321, 0.905439555645, 0.495244055986, 0.355901747942, 0.23575681448, 0.185646504164, 0.148213610053, 0.0305983796716, 0.000605299021117, 2.36424548348e-05, 9.30228816287e-06], "dmean2": [0.0858299061656, 0.735860347748, 2.20301818848, 7.95370721817, 6.27869796753, 6.85792684555, 6.24677944183, 9.55193519592, 10.8025188446, 17.2709960938, 26.9428005219, 27.8599243164, 28.03424263, 23.9769420624, 24.758687973, 32.0358657837, 25.8401412964, 21.7440414429, 24.1211700439, 18.6352558136, 16.1972885132, 15.5980100632, 14.1741418839, 8.185297966, 8.28757953644, 9.6516456604, 4.66351890564, 2.67078471184, 2.41671943665, 2.95959496498, 1.2980761528, 0.708945572376, 0.505414366722, 0.323877096176, 0.248849824071, 0.199880152941, 0.0430358499289, 0.00084949383745, 3.13364507747e-05, 1.26172990349e-05], "dvar": [0.0339499413967, 1.8959158659, 10.2531795502, 281.602386475, 109.78730011, 71.9441146851, 76.0477828979, 160.576309204, 305.761810303, 1549.83813477, 3537.86865234, 3424.26904297, 4061.76220703, 2890.48681641, 3755.13916016, 6046.99707031, 2590.08764648, 1935.24829102, 2836.70166016, 1244.21203613, 831.488830566, 663.875244141, 401.086242676, 159.614501953, 122.134666443, 211.894104004, 51.2202377319, 34.2752571106, 21.733751297, 25.8156700134, 5.51427936554, 2.02652812004, 1.01578247547, 0.354152292013, 0.232283338904, 0.191764727235, 0.00782650057226, 2.97594806398e-06, 3.8187271123e-09, 2.31380414828e-10], "dvar2": [0.0727907270193, 4.20380735397, 25.664484024, 584.153320312, 282.523742676, 186.46383667, 182.773422241, 400.279876709, 728.463745117, 3383.74804688, 7479.31738281, 7186.42041016, 7721.6015625, 5576.73339844, 7848.37548828, 14662.8134766, 5735.67822266, 4406.72167969, 5927.28173828, 2795.52539062, 1525.63195801, 1441.26782227, 864.877258301, 418.256103516, 287.427764893, 461.937194824, 117.951499939, 79.1243515015, 43.3848838806, 50.1966438293, 10.0338077545, 3.89695763588, 1.94335353374, 0.678437411785, 0.421231657267, 0.352324604988, 0.0157037004828, 5.95944175075e-06, 7.04600155998e-09, 4.26812529764e-10], "max": [3.47280573845, 21.8398914337, 45.9140281677, 326.70526123, 170.487930298, 167.818450928, 212.611404419, 518.23260498, 806.852233887, 1279.64428711, 1391.30627441, 1681.13452148, 1966.36450195, 2315.52905273, 1854.33728027, 2386.30053711, 1592.67114258, 1433.61108398, 2024.13891602, 963.124755859, 1642.08544922, 757.392150879, 605.450622559, 286.414550781, 208.828918457, 319.479553223, 269.465393066, 263.706970215, 205.58001709, 167.257278442, 71.6534805298, 36.7743034363, 21.9733314514, 19.6106319427, 14.5812444687, 15.5848398209, 2.95274806023, 0.0541429892182, 0.00203338963911, 0.000234550621826], "mean": [0.0697090625763, 0.68060696125, 2.26632523537, 7.14524316788, 5.33218002319, 7.38443422318, 6.98104333878, 9.89239406586, 12.671336174, 19.4172439575, 35.7217597961, 37.8959236145, 50.6241645813, 43.1698417664, 33.6258239746, 47.123260498, 33.5631866455, 28.6027336121, 31.2216281891, 23.9322128296, 22.6908855438, 22.7204914093, 20.5615119934, 11.2706623077, 11.8712425232, 13.8179616928, 6.60131978989, 3.56674146652, 3.30810189247, 4.06466627121, 1.87007582188, 1.00434803963, 0.721834242344, 0.498328655958, 0.410622745752, 0.329630613327, 0.0626159980893, 0.00125516403932, 5.95969540882e-05, 3.10251525661e-05], "median": [0.0145407905802, 0.213499754667, 0.856094717979, 1.64340019226, 2.03167724609, 3.30207467079, 2.68535375595, 3.59592533112, 3.7686214447, 5.15361642838, 4.64096593857, 6.2690076828, 7.78540229797, 6.93408918381, 6.83408308029, 6.92987108231, 7.44012975693, 7.2937374115, 7.75566673279, 6.56832504272, 6.33660745621, 6.66391468048, 7.60561084747, 5.01634168625, 4.50436449051, 4.67222929001, 2.80146980286, 1.28307116032, 0.950432658195, 1.05565023422, 0.470394134521, 0.146883532405, 0.0788490027189, 0.0512663908303, 0.0422774031758, 0.0253260042518, 0.00359381432645, 7.91557613411e-05, 1.82812655112e-05, 2.17961951421e-05], "min": [1.53070027313e-22, 1.11408818782e-21, 3.16744097094e-21, 8.63194392369e-21, 2.41711496926e-20, 2.32719575147e-20, 7.49244818461e-20, 1.01700867574e-19, 1.62295330649e-19, 4.00259256729e-19, 3.14357428995e-19, 4.6329367643e-19, 5.65091899284e-19, 7.87288069754e-19, 1.19488731365e-18, 9.35381006554e-19, 1.54345419274e-18, 2.04954304044e-18, 2.83247610767e-18, 3.45258094606e-18, 3.53332183885e-18, 5.29899096873e-18, 6.14918540028e-18, 7.6861597703e-18, 8.60232268289e-18, 9.86865430983e-18, 1.0533582618e-17, 1.22489583395e-17, 1.31843275587e-17, 1.09769696243e-17, 1.43442845861e-17, 1.20717779066e-17, 9.78353328889e-18, 7.63050954023e-18, 6.63251406323e-18, 4.21112728126e-18, 2.65274113429e-18, 1.04392250916e-18, 2.77163588794e-19, 2.98707423837e-20], "var": [0.0415554605424, 2.44288730621, 15.1757736206, 404.544647217, 122.280410767, 151.645629883, 172.555999756, 390.980560303, 1004.80737305, 3368.97753906, 10919.7841797, 10898.0771484, 27702.9238281, 24321.5488281, 13075.0410156, 23667.640625, 8435.06054688, 7224.71240234, 7348.20166016, 2911.31030273, 3394.4050293, 2801.82543945, 1416.59204102, 352.053344727, 352.28326416, 615.811828613, 117.478187561, 57.4526786804, 53.9875640869, 75.2721939087, 18.2601528168, 6.90817642212, 3.49509167671, 1.1846985817, 0.822904586792, 0.744732022285, 0.0256148967892, 9.86308259598e-06, 1.50105599062e-08, 1.02189767759e-09]}, "erbbands_crest": {"dmean": 2.68164587021, "dmean2": 4.2241897583, "dvar": 6.86703968048, "dvar2": 16.239692688, "max": 32.8423538208, "mean": 10.7385931015, "median": 9.28218078613, "min": 2.34582018852, "var": 33.4591331482}, "erbbands_flatness_db": {"dmean": 0.0159376822412, "dmean2": 0.0223428625613, "dvar": 0.000283153727651, "dvar2": 0.000509169010911, "max": 0.397312730551, "mean": 0.178573563695, "median": 0.167890608311, "min": 0.037862315774, "var": 0.00374530465342}, "erbbands_kurtosis": {"dmean": 1.11808240414, "dmean2": 1.72731590271, "dvar": 5.64726161957, "dvar2": 11.9976997375, "max": 111.407463074, "mean": 1.39354717731, "median": 0.0665822029114, "min": -1.85662710667, "var": 20.3938274384}, "erbbands_skewness": {"dmean": 0.362715780735, "dmean2": 0.546021044254, "dvar": 0.153721913695, "dvar2": 0.316025733948, "max": 8.31568241119, "mean": 0.363092571497, "median": 0.304389476776, "min": -4.71052694321, "var": 0.95587015152}, "erbbands_spread": {"dmean": 6.61254930496, "dmean2": 9.98403644562, "dvar": 64.0569152832, "dvar2": 137.459518433, "max": 129.850524902, "mean": 32.6376304626, "median": 30.7384147644, "min": 1.48396968842, "var": 303.220458984}, "gfcc": {"cov": [[18887.6132812, -770.276672363, -1844.32177734, 648.634277344, -674.515686035, -135.450912476, -373.746124268, 490.578582764, -148.901382446, 66.1494750977, -439.437225342, -16.1917858124, -238.99949646], [-770.276672363, 1612.46875, 111.453918457, -266.915618896, 258.060394287, -146.462005615, 118.780860901, -204.85383606, 48.7148780823, -132.745132446, 156.732559204, -94.7345275879, 55.7714424133], [-1844.32177734, 111.453918457, 1260.5604248, 54.4076690674, 80.2749023438, 134.876541138, -155.939346313, 45.8222770691, -78.9414291382, 106.776313782, -6.09026432037, 44.5795478821, -82.3632125854], [648.634277344, -266.915618896, 54.4076690674, 444.157562256, -41.6516647339, -63.6086082458, -80.2848052979, 15.1686210632, 46.5986595154, 3.20316624641, -41.5162734985, 31.6821613312, -9.69481086731], [-674.515686035, 258.060394287, 80.2749023438, -41.6516647339, 324.617767334, 42.3826980591, 21.2625808716, -22.8299293518, 7.42083835602, -2.0636985302, -2.6720969677, -3.58975505829, 24.5258102417], [-135.450912476, -146.462005615, 134.876541138, -63.6086082458, 42.3826980591, 288.965820312, 52.8797836304, 11.8356590271, -45.5759162903, 45.1202888489, 0.392175644636, 13.5198106766, -28.0442829132], [-373.746124268, 118.780860901, -155.939346313, -80.2848052979, 21.2625808716, 52.8797836304, 262.9453125, -5.22292423248, 4.70351457596, -34.4276771545, 59.3824195862, -24.9087219238, 31.9828624725], [490.578582764, -204.85383606, 45.8222770691, 15.1686210632, -22.8299293518, 11.8356590271, -5.22292423248, 187.972930908, 12.1968889236, 40.552028656, -53.5192146301, 5.21098613739, -15.0074901581], [-148.901382446, 48.7148780823, -78.9414291382, 46.5986595154, 7.42083835602, -45.5759162903, 4.70351457596, 12.1968889236, 154.335113525, -6.01973056793, 7.78919649124, -7.13554286957, 19.4070301056], [66.1494750977, -132.745132446, 106.776313782, 3.20316624641, -2.0636985302, 45.1202888489, -34.4276771545, 40.552028656, -6.01973056793, 138.685180664, -0.984852790833, 22.6029510498, -16.5968208313], [-439.437225342, 156.732559204, -6.09026432037, -41.5162734985, -2.6720969677, 0.392175644636, 59.3824195862, -53.5192146301, 7.78919649124, -0.984852790833, 130.13949585, 23.2888412476, 11.3069353104], [-16.1917858124, -94.7345275879, 44.5795478821, 31.6821613312, -3.58975505829, 13.5198106766, -24.9087219238, 5.21098613739, -7.13554286957, 22.6029510498, 23.2888412476, 107.724403381, 18.5851631165], [-238.99949646, 55.7714424133, -82.3632125854, -9.69481086731, 24.5258102417, -28.0442829132, 31.9828624725, -15.0074901581, 19.4070301056, -16.5968208313, 11.3069353104, 18.5851631165, 96.2946777344]], "icov": [[0.000124423400848, -0.000223520910367, 0.000330639013555, -0.000288112176349, 0.000268173927907, -0.000223022871069, 0.000247306772508, -0.00043800190906, 0.000325335218804, -0.000172718835529, 0.000310078845359, -0.000177550769877, 0.000310934294248], [-0.000223520910367, 0.00177973508835, -0.00099717953708, 0.00122518511489, -0.00140083860606, 0.00133861391805, -0.000705513695721, 0.00165050686337, -0.00102165911812, 0.00107389222831, -0.0016896390589, 0.00132677599322, -0.000743596814573], [0.000330639013555, -0.00099717953708, 0.00204469822347, -0.00113524566405, 0.00063589157071, -0.00127965479624, 0.00140468310565, -0.00171152991243, 0.00142129242886, -0.00101906806231, 0.000657264434267, -0.000823106383905, 0.00138443650212], [-0.000288112176349, 0.00122518511489, -0.00113524566405, 0.00372613337822, -0.00078638776904, 0.00150253565516, -0.000479193462525, 0.00170811754651, -0.00192891818006, 0.000885355984792, -0.000223140261369, -0.000205020041903, -0.000350179587258], [0.000268173927907, -0.00140083860606, 0.00063589157071, -0.00078638776904, 0.00461417576298, -0.0015513371909, 0.000438345450675, -0.000913516792934, 0.000499670219142, -0.000839498650748, 0.00204710103571, -0.000914024771191, -0.000282679364318], [-0.000223022871069, 0.00133861391805, -0.00127965479624, 0.00150253565516, -0.0015513371909, 0.00568282185122, -0.00232412689365, 0.00173797016032, -0.000177331428858, -0.000505200878251, -0.000258249929175, -0.000147880346049, 0.000828394200653], [0.000247306772508, -0.000705513695721, 0.00140468310565, -0.000479193462525, 0.000438345450675, -0.00232412689365, 0.0065237460658, -0.00247228727676, 0.00100433640182, 0.000865305017214, -0.00260870577767, 0.00156923185568, -0.00121476850472], [-0.00043800190906, 0.00165050686337, -0.00171152991243, 0.00170811754651, -0.000913516792934, 0.00173797016032, -0.00247228727676, 0.00918502546847, -0.00254241749644, -0.000925121887121, 0.00205334764905, -5.29644639755e-05, -0.000221473921556], [0.000325335218804, -0.00102165911812, 0.00142129242886, -0.00192891818006, 0.000499670219142, -0.000177331428858, 0.00100433640182, -0.00254241749644, 0.00856903661042, -0.000869762210641, -0.000268726696959, 0.000402815378038, -0.000411149376305], [-0.000172718835529, 0.00107389222831, -0.00101906806231, 0.000885355984792, -0.000839498650748, -0.000505200878251, 0.000865305017214, -0.000925121887121, -0.000869762210641, 0.00970245152712, -0.00226137903519, -0.000237740008743, -3.90763707401e-05], [0.000310078845359, -0.0016896390589, 0.000657264434267, -0.000223140261369, 0.00204710103571, -0.000258249929175, -0.00260870577767, 0.00205334764905, -0.000268726696959, -0.00226137903519, 0.0135384416208, -0.00505022285506, 0.00192718894687], [-0.000177550769877, 0.00132677599322, -0.000823106383905, -0.000205020041903, -0.000914024771191, -0.000147880346049, 0.00156923185568, -5.29644639755e-05, 0.000402815378038, -0.000237740008743, -0.00505022285506, 0.013092815876, -0.00432960828766], [0.000310934294248, -0.000743596814573, 0.00138443650212, -0.000350179587258, -0.000282679364318, 0.000828394200653, -0.00121476850472, -0.000221473921556, -0.000411149376305, -3.90763707401e-05, 0.00192718894687, -0.00432960828766, 0.014103744179]], "mean": [-52.3969841003, 103.394927979, -122.717315674, 30.740146637, -53.5032691956, 15.0921106339, -34.6218795776, 10.6761407852, -29.6869735718, 5.01262664795, -20.3285121918, 0.519785523415, -13.8923463821]}, "hfc": {"dmean": 4.42006111145, "dmean2": 5.99265909195, "dvar": 45.3765258789, "dvar2": 88.1695327759, "max": 123.312133789, "mean": 18.2977409363, "median": 12.5756845474, "min": 1.12860205139e-16, "var": 340.83996582}, "melbands": {"dmean": [0.000553118530661, 0.000670347013511, 0.000796932901721, 0.000257988052908, 0.000150896725245, 0.00012568575039, 0.000104403021396, 0.000138129413244, 0.000145270154462, 0.000120233678899, 9.98564428301e-05, 7.29595849407e-05, 5.01392896695e-05, 6.34842726868e-05, 5.32468729944e-05, 3.21472471114e-05, 2.95133340842e-05, 2.86855756713e-05, 1.95396296476e-05, 1.90350765479e-05, 1.39554013003e-05, 1.24000289361e-05, 1.10322798719e-05, 7.00021155353e-06, 4.49762774224e-06, 3.68225641978e-06, 5.34565197086e-06, 4.27366649092e-06, 2.23464689952e-06, 1.50181472236e-06, 1.01143223219e-06, 9.32183525038e-07, 1.27318764953e-06, 1.07418065909e-06, 6.02497323143e-07, 3.82951185429e-07, 3.03544481994e-07, 2.72788071243e-07, 2.27618727422e-07, 2.03042816338e-07], "dmean2": [0.00082841666881, 0.0010419273749, 0.00124337535817, 0.000424101337558, 0.000238925480517, 0.000207891047467, 0.00016425071226, 0.000207875942579, 0.0002172744571, 0.000176074536284, 0.00014303039643, 0.000103440594103, 7.44197095628e-05, 9.39502569963e-05, 8.12092548585e-05, 4.84281117679e-05, 4.40029762103e-05, 4.29519423051e-05, 2.94609853881e-05, 2.80109161395e-05, 2.02461724257e-05, 1.8822884158e-05, 1.66107947734e-05, 1.06792849692e-05, 7.10442236596e-06, 5.7163792917e-06, 8.17869658931e-06, 6.52335529594e-06, 3.41577901963e-06, 2.33104560721e-06, 1.55673183144e-06, 1.41636041917e-06, 1.8986768282e-06, 1.59092383001e-06, 8.95576192761e-07, 5.64131994452e-07, 4.5017264938e-07, 3.97636739535e-07, 3.25125910194e-07, 2.85320169269e-07], "dvar": [2.9152361094e-06, 2.19289813685e-06, 6.30653357803e-06, 2.76728371773e-07, 1.05515411519e-07, 7.40213934591e-08, 7.20026847034e-08, 2.10204404993e-07, 2.13252576486e-07, 1.39585225156e-07, 1.06226387686e-07, 5.66104638722e-08, 3.52055700148e-08, 5.56279822206e-08, 4.17422683086e-08, 1.04987938343e-08, 8.75977068659e-09, 8.67486438239e-09, 3.81174425357e-09, 3.34516414568e-09, 1.42452116769e-09, 1.23481758152e-09, 6.03690542e-10, 2.21420909385e-10, 1.33290822824e-10, 6.19716084005e-11, 1.36057387579e-10, 1.04228931042e-10, 2.70749273695e-11, 1.91936484067e-11, 1.26306690801e-11, 7.88385589451e-12, 1.0117336656e-11, 7.37862809047e-12, 2.61334552089e-12, 1.2677126059e-12, 8.39596079293e-13, 6.11937854989e-13, 4.19359317237e-13, 2.50672095928e-13], "dvar2": [6.17269051872e-06, 5.22630716659e-06, 1.33818921313e-05, 7.26048313027e-07, 2.54175262171e-07, 1.86776816236e-07, 1.72089670514e-07, 4.40588109996e-07, 4.50545798003e-07, 2.87158997025e-07, 2.02166120289e-07, 1.07361167068e-07, 7.21275128512e-08, 1.34761165782e-07, 1.15637284637e-07, 2.23166036761e-08, 1.95712512863e-08, 1.86840640737e-08, 8.62754312436e-09, 6.47504716511e-09, 2.59843058181e-09, 2.66482991229e-09, 1.29161448204e-09, 4.78383110902e-10, 3.53025636501e-10, 1.50650422692e-10, 3.13638032212e-10, 2.29619712133e-10, 6.11146619423e-11, 4.53740517381e-11, 2.9868985757e-11, 1.69485103035e-11, 2.06740666253e-11, 1.43313043724e-11, 5.31538615206e-12, 2.71998092452e-12, 1.79428542336e-12, 1.22999624808e-12, 8.28448746236e-13, 5.05181833865e-13], "max": [0.0288449116051, 0.022710647434, 0.0471269935369, 0.007441398222, 0.00802824366838, 0.0100907413289, 0.01148854848, 0.0155227789655, 0.0108421267942, 0.0104178935289, 0.0103907873854, 0.0104268491268, 0.00627622660249, 0.00886562280357, 0.0060595064424, 0.00398476282135, 0.00324942939915, 0.00310990377329, 0.00211049406789, 0.00211450783536, 0.00171729142312, 0.00110183563083, 0.000718007038813, 0.000472435029224, 0.000265573558863, 0.00017232040409, 0.000297333026538, 0.000229279627092, 0.000134988862555, 0.000192285195226, 0.000158833296155, 0.000116981427709, 0.00010449266847, 9.73962523858e-05, 5.26164767507e-05, 3.16548794217e-05, 2.16370262933e-05, 1.51037356773e-05, 1.7130309061e-05, 1.60285853781e-05], "mean": [0.000720440235455, 0.00112066860311, 0.00114511023276, 0.000432272616308, 0.000278621533653, 0.000220567701035, 0.0001885688107, 0.000244008391746, 0.000288175797323, 0.000233106315136, 0.000255134131294, 0.00018278346397, 9.2859758297e-05, 0.000129440348246, 0.000112206384074, 5.22498849023e-05, 5.44465692656e-05, 5.19048444403e-05, 3.25676992361e-05, 3.27147135977e-05, 2.5441247999e-05, 2.46348827204e-05, 2.19881476369e-05, 1.425028222e-05, 8.44409896672e-06, 7.16730619388e-06, 1.08538943095e-05, 8.58241946844e-06, 4.39119412476e-06, 2.83970507553e-06, 1.78525363026e-06, 1.69611928413e-06, 2.43058957494e-06, 2.06752588383e-06, 1.14138640583e-06, 7.12590065177e-07, 5.66069672914e-07, 5.17807563938e-07, 4.41865296352e-07, 4.09540490409e-07], "median": [0.0001805130305, 0.000447414873634, 0.000313911732519, 0.000219198525883, 0.000113063033496, 7.96775057097e-05, 5.51732118765e-05, 5.18275664945e-05, 3.16541772918e-05, 3.33304778906e-05, 3.15938304993e-05, 2.24439136218e-05, 1.64112734637e-05, 1.68528476934e-05, 1.65565397765e-05, 1.07346095319e-05, 9.96844664769e-06, 1.04290420495e-05, 7.85667634773e-06, 6.87946339895e-06, 6.1507398641e-06, 5.4433958212e-06, 7.22584809409e-06, 5.07765753355e-06, 3.20125604958e-06, 2.67290056399e-06, 3.20661524711e-06, 2.69482234216e-06, 1.6204825215e-06, 8.65738911671e-07, 5.40154019291e-07, 4.21676560336e-07, 6.27555436949e-07, 5.33126467417e-07, 2.81441657535e-07, 1.2156391449e-07, 6.38205790437e-08, 5.26913694898e-08, 4.2548890633e-08, 4.32574971398e-08], "min": [1.97443147942e-24, 3.07163464388e-24, 2.76926011739e-24, 1.57934745555e-24, 2.11697115082e-24, 2.40821208892e-24, 3.08259428844e-24, 4.01745323126e-24, 3.16724300787e-24, 2.78417432167e-24, 2.88879246327e-24, 3.00183287833e-24, 2.67831273806e-24, 3.41534134029e-24, 3.08715351004e-24, 3.58005865274e-24, 3.6870179363e-24, 3.10069450469e-24, 3.98831547044e-24, 5.45354532136e-24, 3.6928957389e-24, 5.22694463191e-24, 2.80110406555e-24, 5.7061681655e-24, 5.00275746239e-24, 5.84138089681e-24, 6.15192545848e-24, 5.80658029797e-24, 5.76917172499e-24, 5.89930379763e-24, 6.5190163587e-24, 6.76224741933e-24, 8.08826580302e-24, 5.15907616722e-24, 6.99112436692e-24, 6.71584109885e-24, 7.2680318996e-24, 6.20043764314e-24, 5.93764953738e-24, 5.46843940969e-24], "var": [3.72912631974e-06, 3.35590584655e-06, 8.99797487364e-06, 4.26741735282e-07, 2.64664834049e-07, 1.89852727317e-07, 2.15788134028e-07, 5.28998668869e-07, 6.77495108903e-07, 4.32528594274e-07, 7.30577482955e-07, 4.95521817356e-07, 1.11180249007e-07, 2.08393373669e-07, 1.63125790209e-07, 2.30190124739e-08, 3.49944535571e-08, 2.3261950588e-08, 6.52532872181e-09, 8.57281445832e-09, 4.70315120182e-09, 4.96407137618e-09, 1.88181181748e-09, 6.45590247927e-10, 2.64459038002e-10, 1.50780027353e-10, 3.85860537966e-10, 2.7047353246e-10, 6.13888731515e-11, 3.60965077273e-11, 1.92135040517e-11, 1.69452958609e-11, 2.61007986058e-11, 2.1092988467e-11, 7.2010088864e-12, 3.55578739196e-12, 2.40429746425e-12, 1.92005764586e-12, 1.27897161178e-12, 7.71452129608e-13]}, "melbands_crest": {"dmean": 3.08172631264, "dmean2": 4.81070661545, "dvar": 9.4074716568, "dvar2": 21.4067993164, "max": 38.0882301331, "mean": 13.8433761597, "median": 12.7005767822, "min": 1.66618919373, "var": 32.1961593628}, "melbands_flatness_db": {"dmean": 0.0246891137213, "dmean2": 0.0351317413151, "dvar": 0.000685561448336, "dvar2": 0.00130219617859, "max": 0.637985050678, "mean": 0.215440988541, "median": 0.202808707952, "min": 0.00409131636843, "var": 0.00672404933721}, "melbands_kurtosis": {"dmean": 5.30878400803, "dmean2": 8.16449832916, "dvar": 99.4398345947, "dvar2": 222.020294189, "max": 204.943450928, "mean": 10.0782089233, "median": 5.20771312714, "min": -1.86621594429, "var": 225.818725586}, "melbands_skewness": {"dmean": 0.647431731224, "dmean2": 0.965308248997, "dvar": 0.582700669765, "dvar2": 1.19934475422, "max": 11.6541118622, "mean": 2.10457444191, "median": 1.93067169189, "min": -2.16202259064, "var": 2.56449818611}, "melbands_spread": {"dmean": 6.51130628586, "dmean2": 9.74810695648, "dvar": 101.52306366, "dvar2": 185.016082764, "max": 249.467300415, "mean": 24.8789768219, "median": 20.7179870605, "min": 0.592294692993, "var": 490.353942871}, "mfcc": {"cov": [[13261.0107422, -1403.13671875, -1080.66601562, 410.327209473, -312.282623291, -362.789306641, -327.752655029, 141.999267578, 163.856796265, 158.287612915, 89.7823638916, -166.942367554, -3.06687879562], [-1403.13671875, 1809.2388916, 25.0625209808, -69.7696304321, 114.289970398, 53.1065406799, 115.004020691, -29.4350032806, -96.1121902466, -13.9289302826, -19.7260780334, 11.4379825592, 17.3766460419], [-1080.66601562, 25.0625209808, 944.463378906, -16.2329349518, 148.080673218, 39.8784637451, 57.5883712769, -46.6134567261, -23.2600975037, -43.1026954651, 66.7347793579, 38.9636154175, 31.4484024048], [410.327209473, -69.7696304321, -16.2329349518, 396.235198975, 41.4873008728, -40.5109786987, -95.2603912354, 10.3620100021, 13.0464782715, -20.0380153656, -17.2332000732, -14.5439758301, 36.8411865234], [-312.282623291, 114.289970398, 148.080673218, 41.4873008728, 289.60345459, 35.6421470642, -17.779258728, -22.7757854462, 42.1359786987, -32.716999054, 12.7073450089, 6.95090866089, -0.792794346809], [-362.789306641, 53.1065406799, 39.8784637451, -40.5109786987, 35.6421470642, 213.950958252, 65.8518218994, 5.4425034523, -11.8211889267, -20.9399871826, 11.8712310791, 18.1858901978, -14.3336172104], [-327.752655029, 115.004020691, 57.5883712769, -95.2603912354, -17.779258728, 65.8518218994, 228.633239746, 18.3031711578, -3.40890145302, 6.5186882019, 14.9267244339, 4.36773109436, -18.9775886536], [141.999267578, -29.4350032806, -46.6134567261, 10.3620100021, -22.7757854462, 5.4425034523, 18.3031711578, 131.408401489, 7.40045404434, 19.2870674133, -1.37215733528, -9.34114933014, 5.08176136017], [163.856796265, -96.1121902466, -23.2600975037, 13.0464782715, 42.1359786987, -11.8211889267, -3.40890145302, 7.40045404434, 155.71282959, 24.3467597961, 2.04034304619, 6.90031099319, -7.90265703201], [158.287612915, -13.9289302826, -43.1026954651, -20.0380153656, -32.716999054, -20.9399871826, 6.5186882019, 19.2870674133, 24.3467597961, 139.381469727, 13.9883546829, -9.92055130005, -12.4067773819], [89.7823638916, -19.7260780334, 66.7347793579, -17.2332000732, 12.7073450089, 11.8712310791, 14.9267244339, -1.37215733528, 2.04034304619, 13.9883546829, 104.724212646, 25.7741336823, 5.85272407532], [-166.942367554, 11.4379825592, 38.9636154175, -14.5439758301, 6.95090866089, 18.1858901978, 4.36773109436, -9.34114933014, 6.90031099319, -9.92055130005, 25.7741336823, 90.6218643188, 23.1134929657], [-3.06687879562, 17.3766460419, 31.4484024048, 36.8411865234, -0.792794346809, -14.3336172104, -18.9775886536, 5.08176136017, -7.90265703201, -12.4067773819, 5.85272407532, 23.1134929657, 101.040931702]], "icov": [[0.000102203361166, 5.97311773163e-05, 0.000105453022115, -7.40356263123e-05, 4.18568706664e-05, 9.64317732723e-05, 4.69131482532e-05, -4.12098961533e-05, -5.19832356076e-05, -1.9923567379e-05, -0.000214117506403, 0.00016203787527, -1.92814659385e-05], [5.97311773163e-05, 0.000672464433592, 0.00014150289644, 2.36859232245e-05, -0.000390301283915, 7.6543801697e-05, -0.000352996139554, 0.000115548376925, 0.000481234892504, -0.000148004211951, 0.000106196515844, -1.69383092725e-05, -0.000213639999856], [0.000105453022115, 0.00014150289644, 0.00140100484714, -4.61593735963e-05, -0.000663337472361, 0.000150102001498, -0.00039108080091, 0.000316758960253, 0.000324187916704, 0.000150998763274, -0.000837874948047, -2.49950389843e-05, -0.000415506394347], [-7.40356263123e-05, 2.36859232245e-05, -4.61593735963e-05, 0.00306245917454, -0.000460416689748, 0.000135924507049, 0.000995308859274, -0.000365344807506, -0.000129779116833, 0.00035952127655, 0.000385214108974, 0.000485801458126, -0.000987039762549], [4.18568706664e-05, -0.000390301283915, -0.000663337472361, -0.000460416689748, 0.00461895158514, -0.000806037918665, 0.000802043301519, 0.000361364946002, -0.00179727887735, 0.000956017465796, -0.000565429509152, 0.000442674587248, 0.00040539985639], [9.64317732723e-05, 7.6543801697e-05, 0.000150102001498, 0.000135924507049, -0.000806037918665, 0.00566658237949, -0.00143749907147, -0.000460448703961, 0.000577422557399, 0.000698439776897, -0.000393140711822, -0.000994461821392, 0.000825366470963], [4.69131482532e-05, -0.000352996139554, -0.00039108080091, 0.000995308859274, 0.000802043301519, -0.00143749907147, 0.00576028693467, -0.000927362008952, -0.000539323023986, 3.72826946204e-07, -0.000573432480451, 0.000347588269506, 0.000663426762912], [-4.12098961533e-05, 0.000115548376925, 0.000316758960253, -0.000365344807506, 0.000361364946002, -0.000460448703961, -0.000927362008952, 0.00828737765551, -0.00029049924342, -0.000963174970821, 2.7324522307e-05, 0.000835549668409, -0.00097367510898], [-5.19832356076e-05, 0.000481234892504, 0.000324187916704, -0.000129779116833, -0.00179727887735, 0.000577422557399, -0.000539323023986, -0.00029049924342, 0.00768195139244, -0.00151795637794, 0.000481816765387, -0.00132259295788, 0.000532278441824], [-1.9923567379e-05, -0.000148004211951, 0.000150998763274, 0.00035952127655, 0.000956017465796, 0.000698439776897, 3.72826946204e-07, -0.000963174970821, -0.00151795637794, 0.00830713845789, -0.0016123005189, 0.000946556509007, 0.000780027417932], [-0.000214117506403, 0.000106196515844, -0.000837874948047, 0.000385214108974, -0.000565429509152, -0.000393140711822, -0.000573432480451, 2.7324522307e-05, 0.000481816765387, -0.0016123005189, 0.0115713477135, -0.00329914712347, -0.000149577594129], [0.00016203787527, -1.69383092725e-05, -2.49950389843e-05, 0.000485801458126, 0.000442674587248, -0.000994461821392, 0.000347588269506, 0.000835549668409, -0.00132259295788, 0.000946556509007, -0.00329914712347, 0.0136145539582, -0.00318635534495], [-1.92814659385e-05, -0.000213639999856, -0.000415506394347, -0.000987039762549, 0.00040539985639, 0.000825366470963, 0.000663426762912, -0.00097367510898, 0.000532278441824, 0.000780027417932, -0.000149577594129, -0.00318635534495, 0.0115911569446]], "mean": [-692.73626709, 133.014358521, -9.32552909851, 25.2468700409, 0.829830288887, 8.29988479614, 1.97694170475, 5.40589046478, -2.34040522575, 1.66622388363, -0.777860403061, -3.09694623947, 2.27505517006]}, "pitch_salience": {"dmean": 0.0662949755788, "dmean2": 0.1043234393, "dvar": 0.00423512049019, "dvar2": 0.0102308075875, "max": 0.966637551785, "mean": 0.531164169312, "median": 0.536113023758, "min": 0.0608030818403, "var": 0.0136779407039}, "silence_rate_20dB": {"dmean": 0, "dmean2": 0, "dvar": 0, "dvar2": 0, "max": 1, "mean": 1, "median": 1, "min": 1, "var": 0}, "silence_rate_30dB": {"dmean": 0.00650364207104, "dmean2": 0.0130089763552, "dvar": 0.0064610298723, "dvar2": 0.017521712929, "max": 1, "mean": 0.995708167553, "median": 1, "min": 0, "var": 0.00427401158959}, "silence_rate_60dB": {"dmean": 0.0327783562243, "dmean2": 0.0655652433634, "dvar": 0.0317016802728, "dvar2": 0.0690729692578, "max": 1, "mean": 0.179347112775, "median": 0, "min": 0, "var": 0.147180646658}, "spectral_centroid": {"dmean": 236.770324707, "dmean2": 345.40814209, "dvar": 99038.7421875, "dvar2": 182406.625, "max": 11763.9082031, "mean": 1352.14501953, "median": 1264.56835938, "min": 142.805725098, "var": 754147.4375}, "spectral_complexity": {"dmean": 2.63163375854, "dmean2": 3.91153907776, "dvar": 10.9860963821, "dvar2": 20.8907775879, "max": 60, "mean": 14.6165952682, "median": 13, "min": 0, "var": 92.6213912964}, "spectral_contrast_coeffs": {"dmean": [0.0463633239269, 0.0445937439799, 0.0374193973839, 0.0321498699486, 0.0252843052149, 0.0214406698942], "dmean2": [0.0749432966113, 0.0721711963415, 0.0589867718518, 0.0501621551812, 0.0383973903954, 0.0319523066282], "dvar": [0.00174459745176, 0.00148745242041, 0.00119338126387, 0.00082969100913, 0.000544733309653, 0.000437219656305], "dvar2": [0.0041752285324, 0.00369761721231, 0.00245726411231, 0.00175692117773, 0.00105240452103, 0.000870007090271], "max": [-0.317613750696, -0.316770106554, -0.336052268744, -0.446087986231, -0.525807857513, -0.494189977646], "mean": [-0.653706073761, -0.721169471741, -0.733344495296, -0.750587642193, -0.763030588627, -0.748633861542], "median": [-0.664230763912, -0.732572972775, -0.75331902504, -0.762644231319, -0.771713852882, -0.750898420811], "min": [-0.973085165024, -0.975175142288, -0.97321587801, -0.980908513069, -0.968660473824, -0.962458491325], "var": [0.00853700377047, 0.00797550566494, 0.0103884432465, 0.00642147613689, 0.00550090800971, 0.00429306132719]}, "spectral_contrast_valleys": {"dmean": [0.381686478853, 0.360910922289, 0.31724318862, 0.292535543442, 0.278460890055, 0.282375156879], "dmean2": [0.596642255783, 0.587270438671, 0.507402896881, 0.450608283281, 0.401163876057, 0.382527261972], "dvar": [0.137426808476, 0.117177307606, 0.0999483764172, 0.0965884998441, 0.102854855359, 0.103454247117], "dvar2": [0.271636128426, 0.262780994177, 0.209249168634, 0.183518990874, 0.173410445452, 0.158052325249], "max": [-5.47606611252, -4.72158575058, -5.2080783844, -5.46913051605, -5.38270998001, -8.26400661469], "mean": [-7.70693159103, -7.38585424423, -7.90959405899, -8.34637451172, -8.35248470306, -11.1829166412], "median": [-7.43990802765, -7.15618610382, -7.68098831177, -8.07575035095, -8.03290462494, -11.0662946701], "min": [-27.9297809601, -27.7847251892, -27.7336883545, -27.4714794159, -27.4364013672, -27.3862419128], "var": [2.64101362228, 2.6502737999, 2.48952293396, 2.67211103439, 2.99957466125, 2.64137220383]}, "spectral_decrease": {"dmean": 1.82656545444e-09, "dmean2": 2.59610088982e-09, "dvar": 1.00754155486e-17, "dvar2": 2.03969735776e-17, "max": 1.93348308052e-28, "mean": -5.44855005558e-09, "median": -3.82114295761e-09, "min": -4.72053258704e-08, "var": 3.10830519047e-17}, "spectral_energy": {"dmean": 0.00719136605039, "dmean2": 0.0101688634604, "dvar": 0.000150163163198, "dvar2": 0.000302603177261, "max": 0.181395500898, "mean": 0.0222237184644, "median": 0.0156918149441, "min": 1.02465924015e-20, "var": 0.00049780117115}, "spectral_energyband_high": {"dmean": 0.000220558271394, "dmean2": 0.000300651503494, "dvar": 2.23084725803e-07, "dvar2": 4.06485327176e-07, "max": 0.0164792016149, "mean": 0.000565905414987, "median": 0.000228137869271, "min": 7.28616549571e-21, "var": 8.24594565074e-07}, "spectral_energyband_low": {"dmean": 0.00436816737056, "dmean2": 0.00638337759301, "dvar": 9.95188747765e-05, "dvar2": 0.00020709905948, "max": 0.143508046865, "mean": 0.00699416780844, "median": 0.00262151286006, "min": 2.62434522525e-23, "var": 0.000162315671332}, "spectral_energyband_middle_high": {"dmean": 0.00186885695439, "dmean2": 0.00270312209614, "dvar": 1.18955704238e-05, "dvar2": 2.61376790149e-05, "max": 0.0676006674767, "mean": 0.00662721134722, "median": 0.00291610811837, "min": 1.15519357127e-21, "var": 9.13976400625e-05}, "spectral_energyband_middle_low": {"dmean": 0.00408475520089, "dmean2": 0.00614084815606, "dvar": 6.69587243465e-05, "dvar2": 0.000140182251926, "max": 0.137731656432, "mean": 0.0101038143039, "median": 0.00551474373788, "min": 2.32416724251e-22, "var": 0.000170887884451}, "spectral_entropy": {"dmean": 0.154316827655, "dmean2": 0.221692800522, "dvar": 0.0292615573853, "dvar2": 0.0535765327513, "max": 9.81924247742, "mean": 7.28959274292, "median": 7.41194629669, "min": 4.74526309967, "var": 0.375904589891}, "spectral_flux": {"dmean": 0.0233749765903, "dmean2": 0.0361940301955, "dvar": 0.000858689134475, "dvar2": 0.0020599430427, "max": 0.347839415073, "mean": 0.0696631297469, "median": 0.0595160759985, "min": 6.39320402174e-11, "var": 0.00267614144832}, "spectral_kurtosis": {"dmean": 2.08867120743, "dmean2": 3.47570061684, "dvar": 9.69962692261, "dvar2": 25.0345668793, "max": 85.5088882446, "mean": 6.56785774231, "median": 4.60836315155, "min": -1.24515581131, "var": 44.659526825}, "spectral_rms": {"dmean": 0.000664342427626, "dmean2": 0.000908464833628, "dvar": 7.98097858024e-07, "dvar2": 1.46976162796e-06, "max": 0.0133030535653, "mean": 0.00404032226652, "median": 0.00391268311068, "min": 3.16175211013e-12, "var": 5.3574881349e-06}, "spectral_rolloff": {"dmean": 398.741638184, "dmean2": 641.145568848, "dvar": 456323.5625, "dvar2": 906382.125, "max": 20025.8789062, "mean": 1460.6126709, "median": 1162.79296875, "min": 21.533203125, "var": 2402922.75}, "spectral_skewness": {"dmean": 0.252536445856, "dmean2": 0.396348595619, "dvar": 0.0924440324306, "dvar2": 0.203783541918, "max": 7.74770784378, "mean": 1.78539228439, "median": 1.61671054363, "min": -0.27933382988, "var": 0.639671802521}, "spectral_spread": {"dmean": 407602.9375, "