{"lowlevel": {"average_loudness": 0.856863677502, "barkbands": {"dmean": [0.000199787027668, 0.00299402023666, 0.00247496063821, 0.0015030791983, 0.00223176460713, 0.00066289678216, 0.000490822363645, 0.000390398898162, 0.000558951986022, 0.000912092975341, 0.000862564833369, 0.00056418805616, 0.000328376714606, 0.000317211699439, 0.000332159543177, 0.000191775761778, 0.00016399526794, 0.00018617886235, 0.000192112012883, 0.000214698462514, 0.000259178952547, 0.000169210499735, 0.000101669051219, 0.000126318627736, 7.27096412447e-05, 6.48283821647e-05, 8.65000583872e-06], "dmean2": [0.000310261879349, 0.00488422764465, 0.00452887592837, 0.00261997571215, 0.00403329636902, 0.00110280583613, 0.000830777571537, 0.000605832377914, 0.000868922448717, 0.00141466932837, 0.00133517966606, 0.000893305812497, 0.000528200587723, 0.000513324281201, 0.000524462957401, 0.000307998911012, 0.000270984048257, 0.000303417444229, 0.000316183897667, 0.000349568552338, 0.000403540267143, 0.000260273722233, 0.000150037449203, 0.0001814126299, 0.000101461926533, 8.51144723129e-05, 1.32671311803e-05], "dvar": [3.11808662445e-07, 6.70831868774e-05, 6.19372003712e-05, 1.25053165903e-05, 6.25857501291e-05, 2.8739177651e-06, 1.63752497429e-06, 8.27121368729e-07, 2.48719402407e-06, 6.67886433803e-06, 5.68144741919e-06, 1.88781268662e-06, 6.73559782172e-07, 4.8988852086e-07, 4.56846976249e-07, 1.68855592619e-07, 8.62310045591e-08, 1.06473507344e-07, 9.55076089326e-08, 1.94608247739e-07, 3.76802688606e-07, 2.63361300767e-07, 6.36870822746e-08, 1.19235338047e-07, 3.60513041642e-08, 1.36541915552e-08, 3.30198535181e-10], "dvar2": [7.22524532648e-07, 0.000166723315488, 0.000178264541319, 3.43219762726e-05, 0.000181522205821, 7.83162067819e-06, 4.57746727989e-06, 1.99182773031e-06, 5.20473759025e-06, 1.5523581169e-05, 1.32808136186e-05, 4.39540463049e-06, 1.60059721566e-06, 1.16205956147e-06, 1.0274163742e-06, 3.88949075614e-07, 2.20585192778e-07, 2.61977703531e-07, 2.38785702322e-07, 4.93480854402e-07, 8.83067741597e-07, 6.25750885774e-07, 1.27168561903e-07, 2.24579480346e-07, 6.92721613405e-08, 2.62690402764e-08, 7.8192413655e-10], "max": [0.00648405682296, 0.0907309800386, 0.0772249698639, 0.0512875802815, 0.0981784388423, 0.0256068184972, 0.0239339191467, 0.0260968264192, 0.0493773594499, 0.0712999626994, 0.0725503712893, 0.0336089059711, 0.0225747358054, 0.0191885288805, 0.0126175945625, 0.0101046292111, 0.00758078601211, 0.00765494070947, 0.00709064863622, 0.0136348577216, 0.0218640230596, 0.0260970145464, 0.00811488274485, 0.0132134724408, 0.0072716679424, 0.00331889139488, 0.000338512472808], "mean": [0.000206502503715, 0.00313080078922, 0.00212417822331, 0.00157255120575, 0.00230235932395, 0.000948059838265, 0.00067529338412, 0.000647299282718, 0.000865381618496, 0.00150355510414, 0.00139565882273, 0.000925857922994, 0.000527184805833, 0.000494167965371, 0.000544856418855, 0.000331189192366, 0.000313085038215, 0.00037558900658, 0.000399115204345, 0.000417994451709, 0.000546755036339, 0.000353526236722, 0.000206862852792, 0.000226446471061, 0.000142184682772, 0.000113869456982, 1.05235940282e-05], "median": [4.83994990645e-05, 0.00110667466652, 0.000609961280134, 0.000570835138205, 0.000843545421958, 0.00051454664208, 0.000341844919603, 0.000343291379977, 0.000314107164741, 0.000454598222859, 0.000351691240212, 0.000299958279356, 0.000195966349565, 0.000212143262615, 0.0002254784049, 0.0001643782889, 0.000195744214579, 0.000231627331232, 0.000280512758764, 0.00024561479222, 0.00021650470444, 0.000144109537359, 7.22234763089e-05, 8.02830327302e-05, 6.18595950073e-05, 4.01915967814e-05, 2.03554418476e-06], "min": [8.65343809881e-24, 2.20381941167e-23, 1.03624105867e-23, 3.36964144476e-23, 7.9060662285e-23, 2.19011957987e-23, 6.66390186577e-23, 4.91837261693e-23, 1.07427040208e-22, 4.04110564778e-23, 1.01720634989e-22, 1.13923593752e-22, 1.03461518479e-22, 6.41180463965e-23, 4.14896565272e-23, 1.12341075667e-22, 2.30360208047e-22, 2.33075505149e-22, 3.33479701681e-22, 3.74251138219e-22, 5.06455920807e-22, 4.69338715173e-22, 6.54991790207e-22, 1.0518312347e-21, 1.23638611437e-21, 1.59066316826e-21, 2.57972470286e-21], "var": [3.15277276286e-07, 5.78315448365e-05, 3.68758301192e-05, 1.00344668681e-05, 4.14032183471e-05, 2.5139936497e-06, 1.42733938446e-06, 1.21006564768e-06, 4.94333608003e-06, 1.61098614626e-05, 1.44455643749e-05, 4.61147283204e-06, 1.38205223266e-06, 9.55278551373e-07, 9.72359089246e-07, 3.3888269968e-07, 1.74848750589e-07, 2.57968252981e-07, 2.01254565013e-07, 3.30389809733e-07, 9.71827148533e-07, 7.44887529436e-07, 1.86383942946e-07, 2.84612553969e-07, 8.27152106808e-08, 3.06060670141e-08, 4.23153123652e-10]}, "barkbands_crest": {"dmean": 2.50050163269, "dmean2": 4.02862071991, "dvar": 5.87002038956, "dvar2": 14.5363321304, "max": 26.7159233093, "mean": 8.23520088196, "median": 7.24391841888, "min": 2.02691221237, "var": 16.31615448}, "barkbands_flatness_db": {"dmean": 0.0188001506031, "dmean2": 0.0282696466893, "dvar": 0.000413707050029, "dvar2": 0.000957797979936, "max": 0.47910168767, "mean": 0.0946072638035, "median": 0.077188231051, "min": 0.0135095901787, "var": 0.00337374513038}, "barkbands_kurtosis": {"dmean": 2.58687996864, "dmean2": 3.8995642662, "dvar": 85.9520263672, "dvar2": 163.076675415, "max": 707.802978516, "mean": 3.56191682816, "median": 0.222554549575, "min": -1.86114358902, "var": 287.275726318}, "barkbands_skewness": {"dmean": 0.489549130201, "dmean2": 0.741394579411, "dvar": 0.400144338608, "dvar2": 0.853567123413, "max": 18.3786563873, "mean": 1.14030086994, "median": 0.837387740612, "min": -4.70671653748, "var": 1.81059074402}, "barkbands_spread": {"dmean": 6.54983186722, "dmean2": 9.92055606842, "dvar": 52.2970962524, "dvar2": 121.189437866, "max": 117.488815308, "mean": 29.9476146698, "median": 28.982219696, "min": 0.290483951569, "var": 241.625228882}, "dissonance": {"dmean": 0.0168848317116, "dmean2": 0.0281544439495, "dvar": 0.000320754537825, "dvar2": 0.0008585145697, "max": 0.500000119209, "mean": 0.468778640032, "median": 0.477309942245, "min": 0.231704488397, "var": 0.000809355697129}, "dynamic_complexity": 3.7900326252, "erbbands": {"dmean": [0.0885075852275, 0.730276405811, 2.49628853798, 4.28694343567, 7.6007399559, 6.78580951691, 5.72225093842, 5.36865377426, 6.45327425003, 7.27136611938, 8.73530101776, 12.8778181076, 23.5214710236, 30.0921573639, 30.2093887329, 23.6181869507, 14.7412776947, 16.3469696045, 16.126619339, 13.5254478455, 8.68061733246, 7.93909597397, 9.46461009979, 10.2133169174, 9.4101190567, 9.90248203278, 10.1895360947, 9.5788898468, 5.95400905609, 3.69331479073, 3.07344555855, 3.03061532974, 1.82912266254, 0.957621991634, 0.454351603985, 0.291092842817, 0.11909275502, 0.0259672235698, 0.000885030138306, 2.83599256363e-05], "dmean2": [0.140535622835, 1.25547552109, 4.54289674759, 7.66349506378, 13.5146427155, 12.2890672684, 9.68002128601, 8.97171401978, 10.7620801926, 11.9022407532, 13.4741458893, 19.9469547272, 36.216342926, 46.0306816101, 46.4477577209, 37.5155105591, 23.2084999084, 26.2946834564, 25.4530029297, 21.3893985748, 13.879160881, 12.864481926, 15.3424453735, 16.7335414886, 15.468296051, 16.0760631561, 16.0877742767, 14.6752843857, 9.12296676636, 5.66893720627, 4.52721357346, 4.39520597458, 2.66372823715, 1.3853687048, 0.630579650402, 0.394965112209, 0.160743534565, 0.0360458120704, 0.00130681227893, 3.98082302127e-05], "dvar": [0.0551997311413, 4.55054283142, 62.5800514221, 124.444961548, 577.69354248, 647.543579102, 253.818130493, 174.288528442, 239.221572876, 310.439147949, 462.397125244, 1353.31018066, 5351.46582031, 7471.4140625, 5999.06152344, 3466.33154297, 1352.22912598, 1263.72009277, 992.679443359, 937.013427734, 262.098510742, 193.79624939, 268.88482666, 276.916870117, 271.803009033, 443.083618164, 497.753875732, 591.704284668, 253.771240234, 69.9206085205, 67.7132873535, 71.2726745605, 24.1117229462, 7.18084907532, 1.30815064907, 0.302671134472, 0.0471103526652, 0.00235200976022, 3.47819491253e-06, 2.2329411653e-09], "dvar2": [0.122595570982, 12.3356142044, 179.288024902, 355.159667969, 1624.75793457, 1876.50756836, 703.632629395, 476.310791016, 660.66595459, 830.799987793, 1096.57739258, 2998.59130859, 12750.8271484, 17079.453125, 13629.921875, 8587.18261719, 3177.25, 3075.66381836, 2256.43286133, 2172.09228516, 615.987487793, 478.95501709, 654.064697266, 694.663879395, 694.322753906, 1111.93469238, 1175.44042969, 1255.39282227, 571.983581543, 163.049179077, 132.638336182, 139.179046631, 45.595615387, 14.3717021942, 2.47797417641, 0.583459436893, 0.0932479649782, 0.00496402801946, 8.06881325843e-06, 4.7329540287e-09], "max": [2.88954114914, 24.0120811462, 83.8173675537, 123.224502563, 351.213806152, 312.366119385, 254.911956787, 191.947814941, 347.266418457, 480.573699951, 775.335876465, 1097.19238281, 2516.60498047, 1981.52453613, 2073.97607422, 1707.94384766, 1185.31970215, 994.538146973, 677.249816895, 665.036682129, 510.393829346, 374.967498779, 373.85635376, 320.585266113, 350.659942627, 681.954650879, 560.517700195, 1111.44348145, 580.75189209, 268.893463135, 358.056396484, 366.547790527, 216.210845947, 118.666946411, 50.5316352844, 20.3466472626, 5.80189418793, 1.00141346455, 0.0325583554804, 0.000778537010774], "mean": [0.0917571112514, 0.693154096603, 2.20393466949, 4.2973818779, 7.38432741165, 6.69823026657, 7.46885871887, 7.72109651566, 9.5376996994, 10.7652807236, 14.918305397, 21.1969852448, 37.289806366, 53.2244148254, 52.6931648254, 41.2747650146, 25.8968448639, 27.6518287659, 27.9024238586, 24.5463905334, 17.7573547363, 16.7955856323, 20.0445404053, 20.8446044922, 20.260969162, 19.7898674011, 21.1319217682, 20.9440231323, 13.0465202332, 7.74286031723, 6.13285636902, 5.30388402939, 3.30908226967, 1.79581284523, 0.878469288349, 0.518801391125, 0.203219726682, 0.0398400910199, 0.00116889725905, 5.6604614656e-05], "median": [0.0269911196083, 0.241514399648, 0.701334476471, 1.66407608986, 2.03972434998, 2.49633717537, 3.50592088699, 4.09448289871, 5.12323760986, 5.56864500046, 7.53580570221, 8.63968372345, 13.2562847137, 15.2437553406, 17.1690101624, 15.2015953064, 11.0109624863, 13.5197162628, 13.5606412888, 10.5654087067, 10.4558410645, 11.0207862854, 12.9026384354, 14.0603981018, 14.1115398407, 11.5985012054, 9.3720741272, 8.08178901672, 5.43631505966, 3.059694767, 2.17214632034, 1.78050804138, 1.22631525993, 0.746784985065, 0.377648532391, 0.192511349916, 0.0698958188295, 0.0113033708185, 0.000281706423266, 3.48610010406e-05], "min": [8.49805698673e-22, 4.36594813035e-21, 1.34078852556e-20, 5.03401570531e-20, 1.1865291964e-19, 2.97705042494e-19, 4.78376953008e-19, 1.30942212753e-19, 9.08840192817e-19, 1.12183506465e-18, 1.11188614983e-18, 2.51204660429e-18, 1.60718256528e-18, 1.58791639144e-18, 6.0950162371e-18, 3.75089639615e-18, 5.31465776953e-18, 2.91843237423e-18, 2.38595491402e-18, 2.65125448394e-18, 9.27997385611e-18, 1.36773288582e-17, 1.34760170853e-17, 1.53165626042e-17, 1.2915761039e-17, 2.26399035871e-17, 1.53923919053e-17, 2.26276960556e-17, 1.63774018875e-17, 2.03022365821e-17, 1.97501861674e-17, 2.17716319504e-17, 1.76326633563e-17, 1.17833607066e-17, 1.00957145608e-17, 6.13088527e-18, 2.91146255038e-18, 1.05631036601e-18, 3.48448540568e-19, 4.11387130102e-20], "var": [0.0558341778815, 3.20695137978, 37.6718826294, 82.6119613647, 440.137817383, 398.387268066, 208.398620605, 164.679153442, 233.264282227, 331.025878906, 722.83581543, 2685.50488281, 9090.39941406, 19563.4414063, 15074.3642578, 8478.94140625, 2836.21533203, 2357.93188477, 2145.66552734, 2329.0703125, 662.152709961, 432.201416016, 681.715148926, 589.546081543, 543.002624512, 769.774414063, 1123.11865234, 2164.02172852, 871.377868652, 162.219299316, 201.992446899, 164.301132202, 57.3650360107, 15.4518604279, 2.95872497559, 0.683289408684, 0.0991882160306, 0.00420542899519, 4.66920437248e-06, 4.07264133528e-09]}, "erbbands_crest": {"dmean": 2.63843941689, "dmean2": 4.19059801102, "dvar": 7.02976846695, "dvar2": 16.4685764313, "max": 32.885093689, "mean": 8.44467353821, "median": 6.95177698135, "min": 2.16724824905, "var": 23.9463844299}, "erbbands_flatness_db": {"dmean": 0.0177862457931, "dmean2": 0.0238159708679, "dvar": 0.000323141401168, "dvar2": 0.000555247243028, "max": 0.386834323406, "mean": 0.134093075991, "median": 0.127911895514, "min": 0.0302258562297, "var": 0.00206327205524}, "erbbands_kurtosis": {"dmean": 0.821590006351, "dmean2": 1.27158796787, "dvar": 2.37955570221, "dvar2": 5.71390628815, "max": 90.7850189209, "mean": 0.363728314638, "median": -0.309912651777, "min": -1.84827411175, "var": 5.78740692139}, "erbbands_skewness": {"dmean": 0.321815043688, "dmean2": 0.483533769846, "dvar": 0.103014819324, "dvar2": 0.225727379322, "max": 8.36802768707, "mean": 0.284131556749, "median": 0.208852022886, "min": -3.62491869926, "var": 0.483107686043}, "erbbands_spread": {"dmean": 8.47158718109, "dmean2": 12.7650022507, "dvar": 91.5644073486, "dvar2": 196.839569092, "max": 188.063491821, "mean": 40.0416603088, "median": 37.8527755737, "min": 1.75585722923, "var": 316.510681152}, "gfcc": {"cov": [[12012.8710938, -2515.07128906, -843.380615234, 260.120727539, -370.174285889, 151.540176392, -240.23059082, 103.127807617, -184.727584839, 214.566177368, -300.206573486, 300.889160156, -312.579071045], [-2515.07128906, 1453.85192871, -18.2859115601, -37.1693000793, 140.867324829, -98.8902206421, 120.706787109, -68.8893585205, 68.1323394775, -126.817886353, 116.474365234, -171.339813232, 134.768173218], [-843.380615234, -18.2859115601, 783.974121094, 67.8300552368, 173.855010986, 105.304931641, -10.7791290283, 45.1845741272, -0.114202745259, -4.41329860687, -22.0967788696, -2.59508037567, -71.1884918213], [260.120727539, -37.1693000793, 67.8300552368, 291.362030029, 29.5278739929, 30.0844249725, -6.41954040527, -8.34420776367, 25.2290859222, -15.8540678024, -2.14323115349, -22.2363204956, -10.9921274185], [-370.174285889, 140.867324829, 173.855010986, 29.5278739929, 253.51171875, 51.3110580444, 62.415802002, 32.0433578491, 22.3247966766, 10.774356842, -13.2764549255, -4.22026157379, -7.19118928909], [151.540176392, -98.8902206421, 105.304931641, 30.0844249725, 51.3110580444, 207.333740234, 63.5901947021, 10.5155897141, -6.65773439407, 14.5382041931, -7.42185163498, 3.27983093262, -10.7887248993], [-240.23059082, 120.706787109, -10.7791290283, -6.41954040527, 62.415802002, 63.5901947021, 149.5390625, 7.32692670822, 12.275384903, 6.20039224625, -3.85884785652, -6.52098608017, 15.3376588821], [103.127807617, -68.8893585205, 45.1845741272, -8.34420776367, 32.0433578491, 10.5155897141, 7.32692670822, 121.513511658, 40.7497825623, 16.7183189392, 0.481340944767, 8.76813697815, -1.78168690205], [-184.727584839, 68.1323394775, -0.114202745259, 25.2290859222, 22.3247966766, -6.65773439407, 12.275384903, 40.7497825623, 91.5190048218, 16.7634963989, 7.19471168518, -9.81679916382, 9.39070701599], [214.566177368, -126.817886353, -4.41329860687, -15.8540678024, 10.774356842, 14.5382041931, 6.20039224625, 16.7183189392, 16.7634963989, 83.7505493164, 10.4068164825, 26.5076656342, -11.1876325607], [-300.206573486, 116.474365234, -22.0967788696, -2.14323115349, -13.2764549255, -7.42185163498, -3.85884785652, 0.481340944767, 7.19471168518, 10.4068164825, 87.4643936157, 4.83000278473, 14.878537178], [300.889160156, -171.339813232, -2.59508037567, -22.2363204956, -4.22026157379, 3.27983093262, -6.52098608017, 8.76813697815, -9.81679916382, 26.5076656342, 4.83000278473, 81.9028930664, 4.09467172623], [-312.579071045, 134.768173218, -71.1884918213, -10.9921274185, -7.19118928909, -10.7887248993, 15.3376588821, -1.78168690205, 9.39070701599, -11.1876325607, 14.878537178, 4.09467172623, 90.1837768555]], "icov": [[0.000194936365006, 7.01218450558e-05, 0.000337170233252, -0.000293324148515, 9.12802133826e-05, -0.000231444573728, 0.00025840147282, -0.000343021820299, 0.000391747424146, -0.000270111777354, 0.00058969220845, -0.000496586668305, 0.000581092492212], [7.01218450558e-05, 0.00263002375141, -0.000195997112314, 0.000847932533361, -0.00158717180602, 0.00141663663089, -0.00164560251869, 0.00180767371785, -0.0016671436606, 0.00276759290136, -0.00349835166708, 0.00423998292536, -0.00247848453], [0.000337170233252, -0.000195997112314, 0.00243019941263, -0.000781245995313, -0.000861732347403, -0.00138685642742, 0.00149807007983, -0.00126968370751, 0.00103862257674, -0.000266270304564, 0.00144937215373, -0.00151519128121, 0.00245864829049], [-0.000293324148515, 0.000847932533361, -0.000781245995313, 0.00465408945456, -0.00106476002838, 0.000152652850375, -0.0003818423138, 0.00205498700961, -0.00289365858771, 0.0023731905967, -0.00235412246548, 0.00287484424189, -0.00144075241406], [9.12802133826e-05, -0.00158717180602, -0.000861732347403, -0.00106476002838, 0.00660225050524, -0.000985879218206, -0.00108600314707, -0.00201231008396, 0.000755367567763, -0.00251081911847, 0.0031777122058, -0.00282994098961, 0.0016457575839], [-0.000231444573728, 0.00141663663089, -0.00138685642742, 0.000152652850375, -0.000985879218206, 0.00752575881779, -0.00419983360916, 0.00107980263419, -8.75784680829e-05, 0.000724717625417, -0.00262821628712, 0.00302125653252, -0.00204256316647], [0.00025840147282, -0.00164560251869, 0.00149807007983, -0.0003818423138, -0.00108600314707, -0.00419983360916, 0.0107154892758, -0.00146067002788, 0.000754923734348, -0.00234187650494, 0.00356826861389, -0.0027492006775, 0.00121748598758], [-0.000343021820299, 0.00180767371785, -0.00126968370751, 0.00205498700961, -0.00201231008396, 0.00107980263419, -0.00146067002788, 0.0124848373234, -0.00695304153487, 0.00222978438251, -0.00358615303412, 0.00275166193023, -0.00271091819741], [0.000391747424146, -0.0016671436606, 0.00103862257674, -0.00289365858771, 0.000755367567763, -8.75784680829e-05, 0.000754923734348, -0.00695304153487, 0.0172208268195, -0.00613937387243, 0.00312205054797, -0.0010195117211, 0.00107672251761], [-0.000270111777354, 0.00276759290136, -0.000266270304564, 0.0023731905967, -0.00251081911847, 0.000724717625417, -0.00234187650494, 0.00222978438251, -0.00613937387243, 0.0190630182624, -0.00674388790503, 0.000354715273716, -0.000563506851904], [0.00058969220845, -0.00349835166708, 0.00144937215373, -0.00235412246548, 0.0031777122058, -0.00262821628712, 0.00356826861389, -0.00358615303412, 0.00312205054797, -0.00674388790503, 0.0192623604089, -0.00789060350507, 0.00340880756266], [-0.000496586668305, 0.00423998292536, -0.00151519128121, 0.00287484424189, -0.00282994098961, 0.00302125653252, -0.0027492006775, 0.00275166193023, -0.0010195117211, 0.000354715273716, -0.00789060350507, 0.0234773661941, -0.00785924308002], [0.000581092492212, -0.00247848453, 0.00245864829049, -0.00144075241406, 0.0016457575839, -0.00204256316647, 0.00121748598758, -0.00271091819741, 0.00107672251761, -0.000563506851904, 0.00340880756266, -0.00785924308002, 0.0178101994097]], "mean": [6.78766298294, 67.805519104, -114.589096069, 29.3110256195, -58.237159729, 19.3033065796, -30.828994751, 11.3930597305, -32.0571327209, 5.82976675034, -19.8736190796, 3.07528018951, -12.0917701721]}, "hfc": {"dmean": 8.31385326385, "dmean2": 11.8797206879, "dvar": 193.122802734, "dvar2": 420.896240234, "max": 234.243133545, "mean": 25.9318122864, "median": 19.4149131775, "min": 1.18437387701e-16, "var": 637.151672363}, "melbands": {"dmean": [0.000784627860412, 0.00119884870946, 0.000830527162179, 0.000543835922144, 0.000210770027479, 0.000119772026665, 0.000100375109469, 7.76756205596e-05, 7.06815917511e-05, 8.75026889844e-05, 0.000120996352052, 0.000124984857393, 0.000113253176096, 6.79212462273e-05, 4.53161301266e-05, 3.4010863601e-05, 3.29306712956e-05, 2.7081112421e-05, 2.23311963055e-05, 1.70956736838e-05, 1.0654259313e-05, 9.28040844883e-06, 9.38978791964e-06, 9.35769094212e-06, 9.15286273084e-06, 7.5139441833e-06, 7.40044742997e-06, 7.14189718565e-06, 6.85557779434e-06, 6.82395739204e-06, 6.05177592661e-06, 3.92972424379e-06, 2.95623817692e-06, 1.91855156118e-06, 1.83127792752e-06, 1.85956639598e-06, 1.98815382646e-06, 1.42049646001e-06, 1.08689448552e-06, 7.73690089773e-07], "dmean2": [0.00124912033789, 0.00213406328112, 0.00147060072049, 0.000985178980045, 0.000362489401596, 0.000199306901777, 0.000167798571056, 0.000125863763969, 0.000108672727947, 0.000135878275614, 0.000185672804946, 0.000191180341062, 0.000174106928171, 0.000106362516817, 7.14858979336e-05, 5.40339788131e-05, 5.33241291123e-05, 4.28992243542e-05, 3.46788765455e-05, 2.7407260859e-05, 1.74024353328e-05, 1.52022576003e-05, 1.54021545313e-05, 1.52994598466e-05, 1.50916193888e-05, 1.24563130157e-05, 1.22545779959e-05, 1.16794535643e-05, 1.10716919153e-05, 1.07190135168e-05, 9.33053161134e-06, 6.10975621385e-06, 4.69509859613e-06, 2.97214978673e-06, 2.74305602943e-06, 2.77369122159e-06, 2.93673110718e-06, 2.12501777241e-06, 1.6158330709e-06, 1.1393819932e-06], "dvar": [4.31078615293e-06, 1.34972870001e-05, 4.03285594075e-06, 3.85594557883e-06, 3.90095522107e-07, 8.4451045268e-08, 6.21165270331e-08, 3.43363986133e-08, 3.28292628637e-08, 6.46120525971e-08, 1.4068895382e-07, 1.29269949412e-07, 1.00870096276e-07, 2.41902462506e-08, 1.42054235042e-08, 7.6814883343e-09, 5.44880141007e-09, 3.03131830748e-09, 2.68689004379e-09, 1.4342009802e-09, 4.28715118961e-10, 2.89777479789e-10, 2.64315791476e-10, 3.29582056091e-10, 2.25733834402e-10, 1.66518257516e-10, 2.25653495889e-10, 2.44620407264e-10, 2.42225739466e-10, 2.88156665196e-10, 3.35341310276e-10, 1.53722728991e-10, 4.60437625527e-11, 2.14094904999e-11, 2.3410421171e-11, 2.71728022028e-11, 3.36295366554e-11, 1.44414506395e-11, 1.0905663525e-11, 4.03549025793e-12], "dvar2": [9.98462928692e-06, 3.80121600756e-05, 1.12292627819e-05, 1.11628296509e-05, 1.09814072857e-06, 2.29900692261e-07, 1.72286860334e-07, 9.07536801265e-08, 7.77707214183e-08, 1.3826266354e-07, 3.31919494556e-07, 2.93810217045e-07, 2.35277951788e-07, 5.56317090172e-08, 3.24766489257e-08, 1.77138890223e-08, 1.32330377767e-08, 6.72748390329e-09, 5.86416026849e-09, 3.34180683126e-09, 1.03435071619e-09, 7.25114412958e-10, 6.39998110064e-10, 8.24424029044e-10, 5.71610203615e-10, 4.24111468167e-10, 5.94082227856e-10, 6.21510898302e-10, 6.02092153912e-10, 6.55869858424e-10, 7.00909663642e-10, 3.54997919949e-10, 1.07294097218e-10, 5.10019353139e-11, 4.78313985641e-11, 5.5594293058e-11, 6.99834634688e-11, 2.92735072294e-11, 2.21223352137e-11, 8.36380617542e-12], "max": [0.0225017294288, 0.0381570011377, 0.0243576038629, 0.0246035605669, 0.009760431014, 0.00429246854037, 0.00529947225004, 0.00535366125405, 0.00650602579117, 0.00819967221469, 0.0125459451228, 0.00834441930056, 0.0103514753282, 0.00349609833211, 0.00483878422529, 0.00214100256562, 0.0016919207992, 0.0012985242065, 0.00110813975334, 0.00104736816138, 0.00058186595561, 0.000399083655793, 0.000485862867208, 0.000603239168413, 0.000300420564599, 0.000369509507436, 0.000304679822875, 0.000505097210407, 0.000516750384122, 0.000534843362402, 0.00104803137947, 0.00049587484682, 0.000255284510786, 0.000198282796191, 0.000214137748117, 0.000211791862966, 0.000267543131486, 0.000179698443389, 0.000159278846695, 7.12264954927e-05], "mean": [0.000839036540128, 0.00110819784459, 0.000851413467899, 0.00052211509319, 0.000266850809567, 0.000174124827026, 0.000146251288243, 0.000118085277791, 0.000115874150652, 0.000138978968607, 0.000186898658285, 0.000212939179619, 0.000188631180208, 0.000113901369332, 7.44675344322e-05, 5.41281551705e-05, 5.09911915287e-05, 4.36974223703e-05, 3.63493491022e-05, 2.84682519123e-05, 1.97005319933e-05, 1.74640499608e-05, 1.76848152478e-05, 1.80106071639e-05, 1.66979571077e-05, 1.47106502482e-05, 1.41133714351e-05, 1.27403272927e-05, 1.2512653484e-05, 1.37669749165e-05, 1.18541120173e-05, 7.74925774749e-06, 5.64092351851e-06, 3.67055235984e-06, 3.47616833096e-06, 3.34470428243e-06, 3.2217651551e-06, 2.39800829149e-06, 1.92070160665e-06, 1.3783559325e-06], "median": [0.000283304660115, 0.000397796160541, 0.000313618220389, 0.000167246966157, 0.000127590203192, 9.47498338064e-05, 7.87168828538e-05, 6.29128771834e-05, 5.5096228607e-05, 5.17893349752e-05, 6.1191880377e-05, 5.51357734366e-05, 4.97826476931e-05, 4.36368281953e-05, 2.73862024187e-05, 2.01891070901e-05, 2.19707126234e-05, 2.00563008548e-05, 1.42540084198e-05, 1.26400718727e-05, 1.11828212539e-05, 1.06212673927e-05, 1.11390145321e-05, 1.0653575373e-05, 1.0710389688e-05, 9.91451815935e-06, 8.87603255251e-06, 6.78051310388e-06, 5.478019375e-06, 5.15177453053e-06, 4.25637881563e-06, 3.07294681079e-06, 2.32641423281e-06, 1.31893534672e-06, 1.19412209187e-06, 1.11577105599e-06, 1.02729131868e-06, 8.49359480526e-07, 7.22255094843e-07, 5.67784411487e-07], "min": [7.72065741004e-24, 6.275351819e-24, 1.24397424631e-23, 1.23664699068e-23, 1.76415330817e-23, 3.49274318902e-24, 1.33719622717e-23, 1.22242327635e-23, 1.09424182006e-23, 1.53498227323e-23, 7.34204914061e-24, 5.42664279791e-24, 1.72194136113e-23, 1.34341734204e-23, 1.24771265814e-23, 8.04811514952e-24, 5.70285534413e-24, 4.56011616999e-24, 3.00870720947e-24, 4.35340463611e-24, 1.24068240864e-23, 1.3267873653e-23, 1.84249618908e-23, 7.14102687158e-24, 1.36923833719e-23, 9.53908592622e-24, 7.11100598097e-24, 1.80266281544e-23, 9.31952069275e-24, 1.05865275476e-23, 1.26407308111e-23, 8.57398402844e-24, 9.58585827815e-24, 1.16761006521e-23, 1.26349705488e-23, 8.46090476198e-24, 1.50086214581e-23, 1.3401191146e-23, 9.04553746745e-24, 1.01666634305e-23], "var": [4.18746503783e-06, 8.57072427607e-06, 2.98804138765e-06, 2.5329957225e-06, 2.89543208964e-07, 7.94360062173e-08, 5.78704941745e-08, 3.88585199573e-08, 5.03147283837e-08, 1.31555864868e-07, 2.49168095934e-07, 3.45294836279e-07, 2.53810100048e-07, 5.83092969464e-08, 2.9627853948e-08, 1.541892658e-08, 9.75926273128e-09, 6.30456797879e-09, 5.41412248367e-09, 3.04489988778e-09, 9.44639699796e-10, 5.74328862246e-10, 5.36541922003e-10, 7.88783094396e-10, 4.23556995033e-10, 3.13299886034e-10, 3.64067331837e-10, 3.84638570994e-10, 4.26319951563e-10, 6.92709167804e-10, 1.17359388874e-09, 4.21436718856e-10, 1.08056563697e-10, 4.07735373242e-11, 6.62745622271e-11, 7.05967923009e-11, 6.5699092e-11, 3.07247699505e-11, 2.31039735954e-11, 8.14958170392e-12]}, "melbands_crest": {"dmean": 3.35105395317, "dmean2": 5.3349237442, "dvar": 9.99996471405, "dvar2": 23.5518074036, "max": 39.3148155212, "mean": 12.2483758926, "median": 11.1684560776, "min": 1.73776161671, "var": 27.8375396729}, "melbands_flatness_db": {"dmean": 0.0237289946526, "dmean2": 0.0365237854421, "dvar": 0.000706233840901, "dvar2": 0.0016432015691, "max": 0.623572289944, "mean": 0.154044568539, "median": 0.13134868443, "min": 0.00618188688532, "var": 0.00597752444446}, "melbands_kurtosis": {"dmean": 6.94349479675, "dmean2": 10.773525238, "dvar": 400.848236084, "dvar2": 857.993652344, "max": 1181.89160156, "mean": 10.9955654144, "median": 3.85241985321, "min": -1.78267240524, "var": 921.94317627}, "melbands_skewness": {"dmean": 0.73391610384, "dmean2": 1.10568070412, "dvar": 0.967152535915, "dvar2": 2.0895190239, "max": 25.9371204376, "mean": 2.16474699974, "median": 1.7723275423, "min": -2.04675936699, "var": 3.07871866226}, "melbands_spread": {"dmean": 8.7284860611, "dmean2": 13.6434135437, "dvar": 111.174293518, "dvar2": 252.688980103, "max": 226.435409546, "mean": 33.9672241211, "median": 32.1833992004, "min": 0.166934266686, "var": 453.814056396}, "mfcc": {"cov": [[9614.91210938, -1685.13354492, -695.730895996, -44.3308296204, -326.029022217, 51.6002540588, -196.353622437, -48.1611709595, -81.7872695923, -98.945854187, -2.59362626076, -89.3376846313, -32.9614562988], [-1685.13354492, 1139.66540527, -2.87787914276, 21.5683746338, 63.2025108337, -26.3041572571, 100.964447021, 7.15304851532, 35.3025550842, 18.3066253662, -2.82739567757, 16.7195281982, -10.7108163834], [-695.730895996, -2.87787914276, 518.66583252, 50.6427650452, 141.161422729, 55.207069397, 32.1800765991, 42.9247589111, -14.1636323929, 26.7724056244, 3.62853860855, 20.1736774445, -1.59587478638], [-44.3308296204, 21.5683746338, 50.6427650452, 221.000366211, 74.3378295898, 12.1967935562, -5.79677724838, 8.96048927307, 17.6137638092, 5.07641983032, 8.67698287964, 14.9745178223, -10.2388715744], [-326.029022217, 63.2025108337, 141.161422729, 74.3378295898, 209.942077637, 23.4607276917, 27.4503040314, 35.1810836792, 22.0980854034, 32.584941864, 8.22690200806, 21.0322265625, 3.81439495087], [51.6002540588, -26.3041572571, 55.207069397, 12.1967935562, 23.4607276917, 197.760910034, 70.9036254883, 27.3510036469, 26.0789680481, 0.646038532257, 9.67172908783, 2.60544419289, 12.3543367386], [-196.353622437, 100.964447021, 32.1800765991, -5.79677724838, 27.4503040314, 70.9036254883, 130.076080322, 36.1222686768, 18.9300003052, 10.1302137375, 6.86193847656, 8.28900432587, 8.15444660187], [-48.1611709595, 7.15304851532, 42.9247589111, 8.96048927307, 35.1810836792, 27.3510036469, 36.1222686768, 88.8666915894, 34.193359375, 17.1549472809, 7.6227555275, 2.69262361526, 8.65154647827], [-81.7872695923, 35.3025550842, -14.1636323929, 17.6137638092, 22.0980854034, 26.0789680481, 18.9300003052, 34.193359375, 111.407569885, 29.4249610901, 2.08631777763, 4.86307239532, -0.627751410007], [-98.945854187, 18.3066253662, 26.7724056244, 5.07641983032, 32.584941864, 0.646038532257, 10.1302137375, 17.1549472809, 29.4249610901, 79.4683685303, 21.7222881317, 5.10903406143, 1.48037612438], [-2.59362626076, -2.82739567757, 3.62853860855, 8.67698287964, 8.22690200806, 9.67172908783, 6.86193847656, 7.6227555275, 2.08631777763, 21.7222881317, 73.9620513916, 22.0992012024, 4.22990179062], [-89.3376846313, 16.7195281982, 20.1736774445, 14.9745178223, 21.0322265625, 2.60544419289, 8.28900432587, 2.69262361526, 4.86307239532, 5.10903406143, 22.0992012024, 65.5136032104, 20.1870098114], [-32.9614562988, -10.7108163834, -1.59587478638, -10.2388715744, 3.81439495087, 12.3543367386, 8.15444660187, 8.65154647827, -0.627751410007, 1.48037612438, 4.22990179062, 20.1870098114, 65.1361083984]], "icov": [[0.000167090489413, 0.000235277038882, 0.000234984763665, -5.4434138292e-05, 4.97585569974e-05, -0.0001106425334, 5.94920093135e-05, -0.000110693268653, 0.000118047180877, 2.80798740278e-05, -7.80243044574e-06, 4.39940522483e-05, 0.000133141322294], [0.000235277038882, 0.0013455755543, 0.000394478382077, -0.00013463968935, -0.000195544911548, 0.000362345046597, -0.00101840461139, 0.000220574336709, -0.000128294603201, 3.68647997675e-05, 0.000100365978142, -9.24268024391e-05, 0.000389799242839], [0.000234984763665, 0.000394478382077, 0.00290420348756, -0.0001194617289, -0.0014466206776, -0.000800608482677, 0.000168969549122, -0.00106534000952, 0.00138564826921, -0.000593302829657, 0.000524884555489, -0.000600016675889, 0.000771778635681], [-5.4434138292e-05, -0.00013463968935, -0.0001194617289, 0.00541912997141, -0.00192569661885, -0.000366966763977, 0.00093733612448, 7.76031592977e-05, -0.000725456746295, 0.000745194149204, -0.000454200955573, -0.000935993681196, 0.00114960072096], [4.97585569974e-05, -0.000195544911548, -0.0014466206776, -0.00192569661885, 0.0072507429868, -1.46005231727e-05, -0.00042599500739, -0.00131019938271, -0.000190534075955, -0.00193229783326, 0.000603177584708, -0.00120431266259, -0.00016345345648], [-0.0001106425334, 0.000362345046597, -0.000800608482677, -0.000366966763977, -1.46005231727e-05, 0.0071178372018, -0.00403369124979, 0.000379031494958, -0.00172370346263, 0.00134535855614, -0.00110149104148, 0.00109330134001, -0.00128274562303], [5.94920093135e-05, -0.00101840461139, 0.000168969549122, 0.00093733612448, -0.00042599500739, -0.00403369124979, 0.0118638984859, -0.0035710670054, 0.0005274596042, -0.000507518649101, 0.000132653323817, -0.00106735678855, 0.000132003609906], [-0.000110693268653, 0.000220574336709, -0.00106534000952, 7.76031592977e-05, -0.00131019938271, 0.000379031494958, -0.0035710670054, 0.0155041199178, -0.00425644218922, -0.000331635674229, -0.0013105609687, 0.00176547584124, -0.00213657901622], [0.000118047180877, -0.000128294603201, 0.00138564826921, -0.000725456746295, -0.000190534075955, -0.00172370346263, 0.0005274596042, -0.00425644218922, 0.0122186262161, -0.00428184913471, 0.0019267325988, -0.00146512244828, 0.00133998703677], [2.80798740278e-05, 3.68647997675e-05, -0.000593302829657, 0.000745194149204, -0.00193229783326, 0.00134535855614, -0.000507518649101, -0.000331635674229, -0.00428184913471, 0.0165746510029, -0.00513067981228, 0.00159288570285, -0.000490008387715], [-7.80243044574e-06, 0.000100365978142, 0.000524884555489, -0.000454200955573, 0.000603177584708, -0.00110149104148, 0.000132653323817, -0.0013105609687, 0.0019267325988, -0.00513067981228, 0.0169373005629, -0.00602943170816, 0.00118900230154], [4.39940522483e-05, -9.24268024391e-05, -0.000600016675889, -0.000935993681196, -0.00120431266259, 0.00109330134001, -0.00106735678855, 0.00176547584124, -0.00146512244828, 0.00159288570285, -0.00602943170816, 0.0201062001288, -0.00628257635981], [0.000133141322294, 0.000389799242839, 0.000771778635681, 0.00114960072096, -0.00016345345648, -0.00128274562303, 0.000132003609906, -0.00213657901622, 0.00133998703677, -0.000490008387715, 0.00118900230154, -0.00628257635981, 0.0180976241827]], "mean": [-635.377258301, 100.778533936, -0.328011631966, 17.7120075226, -2.46767616272, 7.43336248398, 8.68223190308, 3.56374740601, 1.82109868526, -0.149146735668, -2.78773927689, -0.770481109619, -3.16208839417]}, "pitch_salience": {"dmean": 0.0670747458935, "dmean2": 0.107110112906, "dvar": 0.00372301531024, "dvar2": 0.00915497913957, "max": 0.961529612541, "mean": 0.589416027069, "median": 0.604760050774, "min": 0.028695255518, "var": 0.0113914152607}, "silence_rate_20dB": {"dmean": 0, "dmean2": 0, "dvar": 0, "dvar2": 0, "max": 1, "mean": 1, "median": 1, "min": 1, "var": 0}, "silence_rate_30dB": {"dmean": 0.000707063591108, "dmean2": 0.00141422718298, "dvar": 0.000706727441866, "dvar2": 0.00211925711483, "max": 1, "mean": 0.999646484852, "median": 1, "min": 0, "var": 0.000353389157681}, "silence_rate_60dB": {"dmean": 0.0299794953316, "dmean2": 0.0599632300436, "dvar": 0.0290721002966, "dvar2": 0.0634436756372, "max": 1, "mean": 0.0856900438666, "median": 0, "min": 0, "var": 0.0783375501633}, "spectral_centroid": {"dmean": 265.498596191, "dmean2": 417.179077148, "dvar": 83856.8515625, "dvar2": 196684.8125, "max": 10871.3369141, "mean": 1759.9185791, "median": 1829.96166992, "min": 116.312156677, "var": 541319.5}, "spectral_complexity": {"dmean": 4.06307029724, "dmean2": 6.16164636612, "dvar": 21.2724952698, "dvar2": 41.4643249512, "max": 62, "mean": 22.4663467407, "median": 22, "min": 0, "var": 157.406219482}, "spectral_contrast_coeffs": {"dmean": [0.0546068921685, 0.0432928912342, 0.0394231490791, 0.0311654414982, 0.0212171617895, 0.019448865205], "dmean2": [0.0899663865566, 0.070622831583, 0.0625952854753, 0.0504210665822, 0.034581836313, 0.0303865373135], "dvar": [0.00258960970677, 0.00118969765026, 0.0010050496785, 0.000631927046925, 0.000309916911647, 0.000330070412019], "dvar2": [0.00713412603363, 0.00314416456968, 0.00247091543861, 0.00158586201724, 0.00075831101276, 0.000720260897651], "max": [-0.242559120059, -0.457564264536, -0.403116941452, -0.525386035442, -0.58082729578, -0.510795176029], "mean": [-0.66855597496, -0.751325488091, -0.756994903088, -0.784919381142, -0.798938393593, -0.750225782394], "median": [-0.676668047905, -0.753797888756, -0.765090703964, -0.790063917637, -0.802076280117, -0.750648975372], "min": [-0.968242883682, -0.977635681629, -0.967864990234, -0.960996627808, -0.960916399956, -0.961094379425], "var": [0.00589120667428, 0.00353829050437, 0.00468163285404, 0.00263210944831, 0.00152798986528, 0.00252719386481]}, "spectral_contrast_valleys": {"dmean": [0.467866897583, 0.36006256938, 0.32022574544, 0.298147708178, 0.255910307169, 0.315585404634], "dmean2": [0.7173640728, 0.576886236668, 0.502813279629, 0.448952674866, 0.375971645117, 0.40879380703], "dvar": [0.223812922835, 0.123134143651, 0.103958636522, 0.11517059058, 0.123646445572, 0.172303318977], "dvar2": [0.454332023859, 0.259129792452, 0.203891351819, 0.200570896268, 0.219972133636, 0.291806221008], "max": [-5.05828619003, -4.76223945618, -5.13248538971, -5.89273834229, -5.45175647736, -7.01948070526], "mean": [-7.38443183899, -6.96572589874, -7.16767024994, -7.64715385437, -7.37372207642, -9.88129997253], "median": [-7.24844455719, -6.79640722275, -6.95874595642, -7.36969995499, -7.00155448914, -9.57963562012], "min": [-27.6079483032, -27.3391094208, -27.043806076, -27.5675773621, -27.1832103729, -27.2617664337], "var": [0.915591299534, 0.986136198044, 1.07576155663, 1.29770672321, 1.52182626724, 1.85041236877]}, "spectral_decrease": {"dmean": 2.68633026934e-09, "dmean2": 4.39822178677e-09, "dvar": 2.98632086554e-17, "dvar2": 7.90571186828e-17, "max": -2.61011354787e-29, "mean": -5.02055774732e-09, "median": -3.46563000519e-09, "min": -4.49928094781e-08, "var": 2.97247088423e-17}, "spectral_energy": {"dmean": 0.010766278021, "dmean2": 0.0174634624273, "dvar": 0.00046077099978, "dvar2": 0.00121495861094, "max": 0.181606590748, "mean": 0.0213007777929, "median": 0.0150734158233, "min": 1.08411228122e-20, "var": 0.00048721654457}, "spectral_energyband_high": {"dmean": 0.000708849984221, "dmean2": 0.000987268635072, "dvar": 1.84903046829e-06, "dvar2": 3.71247074327e-06, "max": 0.0333849154413, "mean": 0.00181788287591, "median": 0.000947574502788, "min": 8.13374855038e-21, "var": 6.64806202622e-06}, "spectral_energyband_low": {"dmean": 0.00563078559935, "dmean2": 0.00930057093501, "dvar": 0.00023454008624, "dvar2": 0.000610939983744, "max": 0.149066209793, "mean": 0.00623816344887, "median": 0.002579072956, "min": 4.92351283459e-23, "var": 0.000191904007806}, "spectral_energyband_middle_high": {"dmean": 0.00225359504111, "dmean2": 0.00345106632449, "dvar": 1.36140679388e-05, "dvar2": 3.20535036735e-05, "max": 0.0767772346735, "mean": 0.0068119559437, "median": 0.00416897330433, "min": 1.45328090853e-21, "var": 6.10578281339e-05}, "spectral_energyband_middle_low": {"dmean": 0.00485664186999, "dmean2": 0.0083743520081, "dvar": 0.00016048103862, "dvar2": 0.000448918086477, "max": 0.14823512733, "mean": 0.0074628922157, "median": 0.00467297900468, "min": 3.76952652343e-22, "var": 0.000129349878989}, "spectral_entropy": {"dmean": 0.130684167147, "dmean2": 0.187000900507, "dvar": 0.0230211913586, "dvar2": 0.0454179085791, "max": 9.80450248718, "mean": 7.83004903793, "median": 7.93194723129, "min": 4.88607978821, "var": 0.191380009055}, "spectral_flux": {"dmean": 0.0291059091687, "dmean2": 0.0453530922532, "dvar": 0.00196970161051, "dvar2": 0.00378435780294, "max": 0.385682702065, "mean": 0.0858011469245, "median": 0.0700977891684, "min": 1.04120712052e-10, "var": 0.0037556970492}, "spectral_kurtosis": {"dmean": 1.03001797199, "dmean2": 1.69290304184, "dvar": 2.98917770386, "dvar2": 8.44267940521, "max": 66.9395980835, "mean": 3.76145482063, "median": 3.14247274399, "min": -1.21632814407, "var": 13.387556076}, "spectral_rms": {"dmean": 0.000926911423448, "dmean2": 0.00141335139051, "dvar": 2.15025556827e-06, "dvar2": 5.25498535353e-06, "max": 0.0133107909933, "mean": 0.00409568520263, "median": 0.00383481057361, "min": 3.25218476281e-12, "var": 4.00656062993e-06}, "spectral_rolloff": {"dmean": 667.734436035, "dmean2": 1100.83703613, "dvar": 977232.3125, "dvar2": 2312025.75, "max": 19056.8847656, "mean": 2277.50219727, "median": 1937.98828125, "min": 21.533203125, "var": 2836335.5}, "spectral_skewness": {"dmean": 0.160632744431, "dmean2": 0.251029938459, "dvar": 0.0372743457556, "dvar2": 0.0927133634686, "max": 6.53713274002, "mean": 1.41769826412, "median": 1.34212195873, "min": -0.00124313414562, "var": 0.249480322003}, "spectral_spread": {"dmean": 541764.125, "dmean2": 725253.25, "dvar": 494401978368, "dvar2": 853107015680, "max": 41195812, "mean": 5125979.5, "median": 5005541.5, "min": 1220439.375, "var": 1965308116990.0}, "spectral_strongpeak": {"dm