{"lowlevel": {"average_loudness": 0.849710285664, "barkbands": {"dmean": [5.61886281503e-06, 0.000515290768817, 0.000634519441519, 0.000724382291082, 0.000911830516998, 0.000510088575538, 0.000455969246104, 0.000236662395764, 0.000481320574181, 0.00102379603777, 0.00124239607248, 0.00109659356531, 0.00114526425023, 0.000924343010411, 0.000866032438353, 0.000380543060601, 0.000225991228945, 0.000286429945845, 0.000114268092148, 7.19414820196e-05, 6.25744141871e-05, 4.87039651489e-05, 2.60950855591e-05, 2.05197247851e-05, 1.17072258945e-05, 5.00316264151e-06, 1.74739489012e-06], "dmean2": [9.42298083828e-06, 0.000847836839966, 0.000993858091533, 0.00112260400783, 0.00146544654854, 0.000831760116853, 0.000722175289411, 0.000370849331375, 0.000758028181735, 0.00155093893409, 0.0018499881262, 0.00166607415304, 0.00176659727003, 0.00138546386734, 0.00131149659865, 0.0005626725615, 0.000347966852132, 0.000441842072178, 0.000174543558387, 0.00011111042113, 9.06454806682e-05, 6.89976004651e-05, 3.68694527424e-05, 2.82587170659e-05, 1.48750714288e-05, 6.44052215648e-06, 2.32090746977e-06], "dvar": [4.03211387889e-11, 1.45628939663e-06, 1.85276439879e-06, 1.50446783209e-06, 2.14776628127e-06, 1.08901576823e-06, 9.70688120105e-07, 4.05157123851e-07, 1.26771431042e-06, 6.22918059889e-06, 9.93509547698e-06, 7.49447644921e-06, 8.78345599631e-06, 7.70909809944e-06, 7.26301595932e-06, 2.1086830202e-06, 4.00616215757e-07, 3.83250295499e-07, 7.14289924986e-08, 4.56426150208e-08, 2.78285359201e-08, 1.90769107178e-08, 4.98104890667e-09, 3.99549948682e-09, 1.44927125856e-09, 3.84324100322e-10, 4.95832645775e-11], "dvar2": [1.0755116242e-10, 3.87337922803e-06, 4.56066527477e-06, 3.39145526596e-06, 5.45055263501e-06, 2.76890159512e-06, 2.41811517299e-06, 9.61105342867e-07, 3.13495297632e-06, 1.25966935229e-05, 2.01361144718e-05, 1.65730543813e-05, 1.92748830159e-05, 1.59543415066e-05, 1.59372484632e-05, 4.0373183765e-06, 8.99714393654e-07, 8.7685100425e-07, 1.56073838298e-07, 1.11696905947e-07, 5.95262896752e-08, 3.85430887206e-08, 9.75538672066e-09, 7.4514252546e-09, 2.35365971157e-09, 6.83434975279e-10, 9.53150544603e-11], "max": [0.00011788460688, 0.0173265226185, 0.0227457433939, 0.0175847802311, 0.0225693900138, 0.0194676406682, 0.0201188884676, 0.0146427890286, 0.0255288667977, 0.0609714686871, 0.0949758216739, 0.0513542965055, 0.0529316999018, 0.0399630218744, 0.0646716207266, 0.0439572483301, 0.0175474993885, 0.0111011583358, 0.00646273838356, 0.0066652810201, 0.00589223206043, 0.00371668324806, 0.00222040922381, 0.00166364375036, 0.000656833755784, 0.000405790517107, 0.00013108974963], "mean": [2.30566292885e-05, 0.000880248204339, 0.001279040589, 0.00144627480768, 0.00181959627662, 0.000900749641005, 0.000812385696918, 0.000391596608097, 0.000804329873063, 0.00202779960819, 0.00224163755774, 0.001728006755, 0.0020006254781, 0.00124036031775, 0.00129593291786, 0.000562634028029, 0.000349689042196, 0.000468908459879, 0.000209963560337, 0.000114346483315, 0.000105915140011, 8.34959573695e-05, 4.50892439403e-05, 3.2109550375e-05, 1.83288648259e-05, 7.14065026841e-06, 2.2328263185e-06], "median": [2.32518286793e-05, 0.000538434193004, 0.000492093036883, 0.000712642911822, 0.00107383169234, 0.000366223452147, 0.0003009478678, 0.000137826267746, 0.000326715933625, 0.000315967830829, 0.000387814565329, 0.000336781289661, 0.000283309549559, 0.000137022216222, 0.000222323506023, 0.000108679785626, 9.31698959903e-05, 0.000144871286466, 6.36554686935e-05, 3.64733969036e-05, 2.89062299998e-05, 1.70275743585e-05, 9.45644387684e-06, 4.78716310681e-06, 1.80795575488e-06, 3.69373367448e-07, 7.71062147464e-08], "min": [1.71968768414e-25, 1.8088221625e-24, 1.1914819034e-24, 8.03656829663e-25, 6.69306589566e-24, 5.60135773905e-24, 7.32430233404e-25, 1.61188116397e-24, 2.18012613216e-23, 1.27168976981e-23, 1.51446794539e-23, 1.86770865692e-23, 3.56527200728e-23, 3.88314130022e-23, 3.99473545714e-23, 6.33539431019e-23, 6.25055894627e-23, 7.23485919413e-23, 1.10888410398e-22, 1.57167471829e-22, 2.50260101595e-22, 3.55632203321e-22, 3.45719541269e-22, 5.44912801584e-22, 9.64883465349e-22, 1.27995122923e-21, 2.02165970934e-21], "var": [1.12241563266e-10, 1.72744432803e-06, 3.86676538255e-06, 3.60063495464e-06, 4.86535373057e-06, 2.15356135413e-06, 1.98382736016e-06, 7.10587528374e-07, 2.35447578234e-06, 2.41128200287e-05, 3.53512950824e-05, 1.60774325195e-05, 2.42963578785e-05, 1.41680920933e-05, 1.42966555359e-05, 3.93233585783e-06, 7.1088624054e-07, 7.96949393589e-07, 1.7390820517e-07, 6.86591405952e-08, 5.73770186918e-08, 4.31268567525e-08, 1.17360130503e-08, 8.89259688108e-09, 3.44062334179e-09, 7.50128348326e-10, 8.0470262398e-11]}, "barkbands_crest": {"dmean": 2.4118180275, "dmean2": 3.86429190636, "dvar": 5.14677333832, "dvar2": 12.5805969238, "max": 26.0924339294, "mean": 9.73947525024, "median": 8.75425434113, "min": 2.59063863754, "var": 17.8964290619}, "barkbands_flatness_db": {"dmean": 0.0195654369891, "dmean2": 0.0273902658373, "dvar": 0.00039745887625, "dvar2": 0.000743307173252, "max": 0.488976746798, "mean": 0.149620175362, "median": 0.146355450153, "min": 0.0187484398484, "var": 0.0028505763039}, "barkbands_kurtosis": {"dmean": 2.06139039993, "dmean2": 3.13765645027, "dvar": 15.6153230667, "dvar2": 33.8310012817, "max": 109.396484375, "mean": 3.27290081978, "median": 0.952247619629, "min": -1.88032329082, "var": 54.0674476624}, "barkbands_skewness": {"dmean": 0.47538086772, "dmean2": 0.7065513134, "dvar": 0.243829369545, "dvar2": 0.501634478569, "max": 8.41666412354, "mean": 0.732583284378, "median": 0.595048367977, "min": -4.21924209595, "var": 1.72771477699}, "barkbands_spread": {"dmean": 3.91382336617, "dmean2": 5.7909321785, "dvar": 22.1167182922, "dvar2": 45.6083259583, "max": 87.6728897095, "mean": 16.4747905731, "median": 15.1951284409, "min": 0.97446000576, "var": 91.9027862549}, "dissonance": {"dmean": 0.0253811813891, "dmean2": 0.0431227758527, "dvar": 0.000628078414593, "dvar2": 0.00173943571281, "max": 0.5, "mean": 0.451565951109, "median": 0.460141211748, "min": 0.178756162524, "var": 0.00123255874496}, "dynamic_complexity": 4.36608552933, "erbbands": {"dmean": [0.00660116923973, 0.144146412611, 0.602227389812, 1.65851151943, 3.26526427269, 3.01295876503, 2.32468867302, 5.30022478104, 6.27468919754, 5.24899578094, 4.86468172073, 8.78496456146, 17.7558574677, 48.8323249817, 42.576625824, 36.4487037659, 45.0899467468, 47.1871871948, 44.677116394, 30.4538402557, 16.6103286743, 12.4035291672, 16.9560985565, 7.10388994217, 4.6452703476, 3.01022696495, 2.89678168297, 2.29991531372, 1.73609471321, 1.17202210426, 0.716403841972, 0.49828633666, 0.293604135513, 0.147845908999, 0.0774952024221, 0.0290921926498, 0.00779864704236, 0.00171894161031, 0.00032450753497, 2.14503033931e-05], "dmean2": [0.0109188044444, 0.234907373786, 0.947572171688, 2.54935646057, 5.15790843964, 4.87172031403, 3.76554107666, 8.62001991272, 9.99003982544, 8.29873371124, 7.53783845901, 13.7889966965, 27.1567001343, 71.8908920288, 64.1223220825, 54.3858222961, 66.9640426636, 68.3462142944, 66.3471603394, 45.4006576538, 24.4414749146, 18.5579185486, 25.774805069, 10.6546792984, 7.07435274124, 4.51854133606, 4.27799892426, 3.33363127708, 2.46161746979, 1.64838027954, 1.00170052052, 0.694934844971, 0.402420431376, 0.194882914424, 0.0991734266281, 0.0379131548107, 0.0102572860196, 0.00228852080181, 0.000431207881775, 2.83755107375e-05], "dvar": [0.000162741620443, 0.116883695126, 1.83164393902, 8.53287220001, 26.45129776, 32.8453598022, 21.3335094452, 132.967514038, 201.651199341, 155.823196411, 169.658950806, 417.785064697, 1946.65087891, 12919.1582031, 10224.4091797, 9266.76171875, 15468.6982422, 16314.1835938, 19127.4824219, 9904.30175781, 3569.17407227, 1206.14208984, 1375.7199707, 213.855239868, 179.162017822, 85.6567459106, 66.4637069702, 45.1197891235, 25.9293212891, 9.97907829285, 3.8960108757, 2.19477033615, 0.873351335526, 0.217879593372, 0.0729930326343, 0.0121625773609, 0.00105628487654, 5.29318967892e-05, 1.68518329247e-06, 4.49833548188e-09], "dvar2": [0.000431151333032, 0.307748109102, 4.57300901413, 19.0203456879, 62.2388954163, 85.2385101318, 54.3627853394, 337.830322266, 508.442626953, 392.332672119, 398.589294434, 986.808227539, 4033.6171875, 26887.1542969, 22087.9609375, 20056.5839844, 33309.3203125, 33369.9101562, 40875.890625, 20827.4453125, 7431.64697266, 2629.01489258, 3069.12329102, 444.35949707, 397.47946167, 205.117340088, 149.182449341, 101.295120239, 53.8522949219, 18.9987163544, 7.48731231689, 4.11204862595, 1.65421557426, 0.373790383339, 0.122281193733, 0.0215923245996, 0.00201250961982, 0.000108576510684, 3.21117886415e-06, 8.23401613559e-09], "max": [0.166006237268, 4.86592531204, 21.541349411, 40.7295722961, 78.0671234131, 103.255409241, 107.573783875, 210.445785522, 329.524414062, 286.385864258, 302.833587646, 551.188049316, 976.33404541, 2888.91381836, 2111.73242188, 1709.66931152, 2796.86889648, 2059.42285156, 3397.36572266, 2363.5065918, 2251.08496094, 1095.7598877, 718.618225098, 313.163909912, 489.088012695, 304.347015381, 362.131195068, 277.992675781, 177.495910645, 84.4752807617, 45.4647140503, 43.090637207, 22.1277141571, 7.91369819641, 5.4248456955, 2.20903229713, 0.860720694065, 0.203889831901, 0.0249827504158, 0.00136761006434], "mean": [0.0133583080024, 0.250704407692, 1.22355794907, 3.51107430458, 6.45901441574, 5.60532808304, 4.3454246521, 9.05905056, 11.2854690552, 9.81274700165, 8.72316169739, 15.2661476135, 36.1282691956, 108.943717957, 82.1650161743, 59.7684631348, 85.3727111816, 76.7683258057, 69.4653244019, 47.2765769958, 28.2083415985, 21.8820762634, 28.4242191315, 13.9350728989, 8.70822429657, 5.13983440399, 4.82696962357, 3.86324930191, 3.03304576874, 1.99126076698, 1.23641836643, 0.800431549549, 0.450689136982, 0.231252536178, 0.118320479989, 0.0423542223871, 0.0107716005296, 0.00225982465781, 0.000425769540016, 4.59068614873e-05], "median": [0.00766088627279, 0.153458088636, 0.592793107033, 1.75793719292, 3.46481275558, 2.85816645622, 2.11088180542, 3.30090737343, 4.31880474091, 4.58758306503, 3.68570804596, 6.89760351181, 11.20677948, 20.904914856, 19.5751895905, 16.0811519623, 14.860502243, 13.9575395584, 11.3919324875, 9.26467609406, 7.38704109192, 6.68620252609, 9.05151557922, 4.92581415176, 2.92138624191, 1.75490570068, 1.44720709324, 0.976133048534, 0.628741919994, 0.42559620738, 0.241677716374, 0.128312051296, 0.0639687851071, 0.0271060243249, 0.00921128131449, 0.00243701483123, 0.000535786733963, 0.000113508685899, 2.93165649055e-05, 2.44178390858e-05], "min": [4.35775189079e-23, 2.3532263539e-22, 2.67343501702e-21, 6.29239321195e-21, 1.18363576062e-20, 2.07659750749e-20, 4.92736627496e-20, 6.51159098518e-20, 5.51554920539e-20, 1.81120216557e-19, 7.56579196308e-20, 4.63835789924e-19, 6.39178537643e-19, 6.78809381176e-19, 7.45693913037e-19, 8.85713153468e-19, 1.55720617382e-18, 1.5784418647e-18, 2.60172373604e-18, 2.26295977438e-18, 3.05654610072e-18, 4.42872003653e-18, 5.02319695838e-18, 6.34174022559e-18, 6.92958564047e-18, 8.43920928354e-18, 9.56349414697e-18, 1.00811967139e-17, 1.00202756889e-17, 1.0120057659e-17, 9.77333001604e-18, 1.00919153202e-17, 9.24438027435e-18, 7.45598435715e-18, 6.91655465069e-18, 4.13767736518e-18, 2.42938996119e-18, 9.60752497097e-19, 2.52486774869e-19, 2.89763178035e-20], "var": [0.000272443227004, 0.14218069613, 3.39958333969, 20.5745182037, 64.8642120361, 71.9155426025, 44.6873016357, 259.285522461, 394.443908691, 273.991119385, 288.292663574, 764.445007324, 5697.13720703, 60078.7773438, 31458.4003906, 18031.5351562, 45035.59375, 35268.4179688, 35902.515625, 17158.9628906, 7026.07324219, 2358.82421875, 2860.68188477, 575.927307129, 379.058410645, 131.955444336, 110.567985535, 92.5989608765, 58.1148147583, 22.8945178986, 9.22850608826, 5.138651371, 1.82342910767, 0.502714574337, 0.16501507163, 0.0244860108942, 0.00189701514319, 8.07834367151e-05, 2.78860306935e-06, 8.3823659125e-09]}, "erbbands_crest": {"dmean": 3.23731088638, "dmean2": 5.16893005371, "dvar": 9.98638248444, "dvar2": 24.633852005, "max": 32.7979316711, "mean": 11.5968875885, "median": 10.3279066086, "min": 2.48160076141, "var": 33.9282569885}, "erbbands_flatness_db": {"dmean": 0.0202926024795, "dmean2": 0.0282629020512, "dvar": 0.000413371686591, "dvar2": 0.000760789320339, "max": 0.392316311598, "mean": 0.205579847097, "median": 0.20297460258, "min": 0.0421051606536, "var": 0.00337010109797}, "erbbands_kurtosis": {"dmean": 1.53327822685, "dmean2": 2.36753058434, "dvar": 5.63186120987, "dvar2": 12.8714380264, "max": 61.6390914917, "mean": 1.91389036179, "median": 0.690582036972, "min": -1.77028095722, "var": 14.1352968216}, "erbbands_skewness": {"dmean": 0.407292693853, "dmean2": 0.610040485859, "dvar": 0.168894931674, "dvar2": 0.361387491226, "max": 4.66982221603, "mean": 0.259525418282, "median": 0.19921451807, "min": -4.18883180618, "var": 0.860052883625}, "erbbands_spread": {"dmean": 5.77999353409, "dmean2": 8.67981243134, "dvar": 47.8167572021, "dvar2": 104.593727112, "max": 120.239830017, "mean": 24.2343254089, "median": 21.427400589, "min": 1.31443107128, "var": 225.619766235}, "gfcc": {"cov": [[26569.2988281, 1180.3581543, -3572.84985352, 475.036499023, -1021.56195068, 462.564971924, -726.508605957, -162.938339233, -513.522460938, -132.388717651, -185.391769409, 6.85751152039, -242.132171631], [1180.3581543, 1479.41833496, -135.194488525, 49.5551872253, 249.412185669, -88.8988189697, 13.3311014175, -113.956718445, -11.7360277176, -150.661392212, 23.835735321, -99.5266571045, -14.6937980652], [-3572.84985352, -135.194488525, 1718.44921875, 229.486968994, 84.4406814575, -6.98497200012, 82.7908477783, 88.5225830078, -3.03320527077, 37.4915618896, -174.552383423, -65.9162368774, -43.2243423462], [475.036499023, 49.5551872253, 229.486968994, 371.156280518, -0.487457185984, 21.7311763763, -42.3861923218, -6.48405170441, 14.6392555237, -19.3560276031, -59.2403831482, -38.6592674255, -5.28044557571], [-1021.56195068, 249.412185669, 84.4406814575, -0.487457185984, 376.814300537, 3.05486249924, 17.4638614655, -39.164276123, 37.7402458191, -15.7131299973, 21.7662448883, -29.714723587, 7.06332540512], [462.564971924, -88.8988189697, -6.98497200012, 21.7311763763, 3.05486249924, 182.834960938, 70.8818740845, 6.64642953873, -24.8349819183, 0.135065540671, -9.782787323, -7.94690036774, -29.3679847717], [-726.508605957, 13.3311014175, 82.7908477783, -42.3861923218, 17.4638614655, 70.8818740845, 219.438552856, 47.9508934021, -28.2773857117, -33.4095611572, 8.45961666107, -8.14697933197, -8.77998828888], [-162.938339233, -113.956718445, 88.5225830078, -6.48405170441, -39.164276123, 6.64642953873, 47.9508934021, 130.270751953, 28.1005706787, -3.39291930199, -42.7254981995, -7.49776887894, 5.3820309639], [-513.522460938, -11.7360277176, -3.03320527077, 14.6392555237, 37.7402458191, -24.8349819183, -28.2773857117, 28.1005706787, 135.082748413, 35.3422279358, -4.28503227234, -11.4693450928, 17.8757648468], [-132.388717651, -150.661392212, 37.4915618896, -19.3560276031, -15.7131299973, 0.135065540671, -33.4095611572, -3.39291930199, 35.3422279358, 115.809272766, 32.3721008301, 10.3789997101, -18.2580547333], [-185.391769409, 23.835735321, -174.552383423, -59.2403831482, 21.7662448883, -9.782787323, 8.45961666107, -42.7254981995, -4.28503227234, 32.3721008301, 145.044281006, 52.1791648865, -9.97992229462], [6.85751152039, -99.5266571045, -65.9162368774, -38.6592674255, -29.714723587, -7.94690036774, -8.14697933197, -7.49776887894, -11.4693450928, 10.3789997101, 52.1791648865, 94.1976928711, 26.4781150818], [-242.132171631, -14.6937980652, -43.2243423462, -5.28044557571, 7.06332540512, -29.3679847717, -8.77998828888, 5.3820309639, 17.8757648468, -18.2580547333, -9.97992229462, 26.4781150818, 87.9570083618]], "icov": [[0.00017407926498, -0.000298958912026, 0.000444194418378, -0.000343810126651, 0.00030980174779, -0.000548613315914, 0.000599445949774, -0.000436937058112, 0.000765172531828, -0.000516309868544, 0.000770232873037, -0.000502203183714, 0.000481327500893], [-0.000298958912026, 0.00160894205328, -0.000698457006365, 0.000481469352962, -0.00100083893631, 0.00159126974177, -0.00121054810006, 0.00151480769273, -0.00149673677515, 0.00232885451987, -0.00182255869731, 0.00197149254382, -0.000483059935505], [0.000444194418378, -0.000698457006365, 0.00201919698156, -0.00144365942106, 0.000352819828549, -0.000774482439738, 0.000820611428935, -0.00130682182498, 0.00232621771283, -0.00223406404257, 0.00331554887816, -0.00176641566213, 0.00185812381096], [-0.000343810126651, 0.000481469352962, -0.00144365942106, 0.00413452880457, -0.000214239727939, 9.82129313343e-06, 1.27925250126e-05, 0.00132963131182, -0.00223717396148, 0.00213032821193, -0.00145475880709, 0.00190453685354, -0.00122837466188], [0.00030980174779, -0.00100083893631, 0.000352819828549, -0.000214239727939, 0.00408142153174, -0.00171075190883, 0.00103203719482, 0.000264778384008, -4.89618032589e-05, -0.000302722590277, 0.000134280955535, 0.000312962918542, -9.78432435659e-05], [-0.000548613315914, 0.00159126974177, -0.000774482439738, 9.82129313343e-06, -0.00171075190883, 0.00948935747147, -0.00503610260785, 0.00229812716134, -0.00159316405188, 0.000801757734735, -0.000458847294794, 0.000817666354124, 0.0012300289236], [0.000599445949774, -0.00121054810006, 0.000820611428935, 1.27925250126e-05, 0.00103203719482, -0.00503610260785, 0.00953248888254, -0.00478235725313, 0.00368215539493, 0.000724246550817, -0.000541524321306, 8.82763051777e-05, 0.000645769061521], [-0.000436937058112, 0.00151480769273, -0.00130682182498, 0.00132963131182, 0.000264778384008, 0.00229812716134, -0.00478235725313, 0.012902633287, -0.00548936286941, 0.00229785148986, 0.00145414087456, 0.000551319157239, -0.000441338255769], [0.000765172531828, -0.00149673677515, 0.00232621771283, -0.00223717396148, -4.89618032589e-05, -0.00159316405188, 0.00368215539493, -0.00548936286941, 0.0139854857698, -0.00652500148863, 0.00310289440677, -0.000291429139907, -0.000716314127203], [-0.000516309868544, 0.00232885451987, -0.00223406404257, 0.00213032821193, -0.000302722590277, 0.000801757734735, 0.000724246550817, 0.00229785148986, -0.00652500148863, 0.0162474140525, -0.00690797250718, 0.00291487877257, 0.00125888397451], [0.000770232873037, -0.00182255869731, 0.00331554887816, -0.00145475880709, 0.000134280955535, -0.000458847294794, -0.000541524321306, 0.00145414087456, 0.00310289440677, -0.00690797250718, 0.0179024618119, -0.0107191735879, 0.00624441122636], [-0.000502203183714, 0.00197149254382, -0.00176641566213, 0.00190453685354, 0.000312962918542, 0.000817666354124, 8.82763051777e-05, 0.000551319157239, -0.000291429139907, 0.00291487877257, -0.0107191735879, 0.020408693701, -0.00827957224101], [0.000481327500893, -0.000483059935505, 0.00185812381096, -0.00122837466188, -9.78432435659e-05, 0.0012300289236, 0.000645769061521, -0.000441338255769, -0.000716314127203, 0.00125888397451, 0.00624441122636, -0.00827957224101, 0.017570765689]], "mean": [-58.7596931458, 109.259902954, -140.143875122, 19.2685470581, -48.613948822, 12.3379411697, -28.7293586731, -2.83606815338, -23.8010845184, -9.90281772614, -13.6618185043, -3.24006223679, -8.45626068115]}, "hfc": {"dmean": 6.15139818192, "dmean2": 8.53543949127, "dvar": 85.2923660278, "dvar2": 154.249282837, "max": 157.241592407, "mean": 21.8340244293, "median": 12.5402574539, "min": 1.0836631816e-16, "var": 507.457214355}, "melbands": {"dmean": [0.000102615638752, 0.000265923968982, 0.000323485553963, 0.000232317004702, 8.36648396216e-05, 0.000111121837108, 9.78667303571e-05, 5.57667008252e-05, 3.84057420888e-05, 6.70124209137e-05, 9.43849299802e-05, 0.000198239751626, 0.000151271087816, 0.000126341023133, 9.20291568036e-05, 0.000114157090138, 9.20082820812e-05, 7.6568692748e-05, 6.89402659191e-05, 3.21593906847e-05, 1.79177386599e-05, 1.30234539029e-05, 1.74103715835e-05, 1.37587849167e-05, 5.96134304942e-06, 3.88305761589e-06, 3.16399814437e-06, 1.92970878743e-06, 2.01912143893e-06, 1.60083482115e-06, 1.40109352742e-06, 1.10589473934e-06, 7.9015319443e-07, 6.19169952643e-07, 4.42811312951e-07, 3.54771003686e-07, 2.93501585702e-07, 2.22686779239e-07, 1.61604290838e-07, 1.18009950256e-07], "dmean2": [0.000169695878867, 0.000416842842242, 0.000496103428304, 0.000372943264665, 0.000135680442327, 0.000180666087545, 0.000155270987307, 8.81621745066e-05, 5.93260047026e-05, 0.000104982762423, 0.000144486242789, 0.000294217839837, 0.000222994320211, 0.00019293098012, 0.000133627239848, 0.000173766398802, 0.000133703215397, 0.000114671587653, 0.000103562029835, 4.85631644551e-05, 2.69084739557e-05, 1.9761690055e-05, 2.67061477643e-05, 2.10998532566e-05, 9.16747012525e-06, 5.93757022216e-06, 4.90975799039e-06, 2.95961217489e-06, 3.07543928102e-06, 2.37323229157e-06, 2.09037693821e-06, 1.60868376042e-06, 1.14500016934e-06, 8.88462352577e-07, 6.39358404442e-07, 4.97520829867e-07, 4.17838180056e-07, 3.14357265552e-07, 2.22958391305e-07, 1.57353412078e-07], "dvar": [5.07112503101e-08, 3.54238380851e-07, 2.7810298775e-07, 1.45030597309e-07, 2.25252705377e-08, 5.61225235174e-08, 4.47891146393e-08, 1.79336900885e-08, 1.05898543268e-08, 2.38995472301e-08, 5.56544108576e-08, 2.14667252862e-07, 1.33674291192e-07, 1.1125212751e-07, 8.20812928737e-08, 9.10783555241e-08, 7.23600237507e-08, 6.2727195882e-08, 5.419573057e-08, 1.69594489563e-08, 4.11359080132e-09, 1.65708691213e-09, 1.93773175283e-09, 1.06234065989e-09, 1.82637294177e-10, 1.10052612856e-10, 1.19298626533e-10, 3.84798477804e-11, 4.11786126031e-11, 1.71645111319e-11, 1.89693139668e-11, 1.12409742972e-11, 4.93482858743e-12, 2.79130408024e-12, 1.53328565122e-12, 9.99753773691e-13, 8.11098692551e-13, 5.28472393884e-13, 2.70194809452e-13, 1.42495851273e-13], "dvar2": [1.36551022933e-07, 8.69526616043e-07, 6.16401678144e-07, 3.68389692085e-07, 5.71632163826e-08, 1.42929749813e-07, 1.1243966469e-07, 4.39436895761e-08, 2.49122322771e-08, 5.7370229456e-08, 1.12337751546e-07, 4.46522392394e-07, 2.73197002798e-07, 2.52093315112e-07, 1.72078202354e-07, 1.98268551799e-07, 1.46482392438e-07, 1.30563549305e-07, 1.14101133875e-07, 3.27890390395e-08, 9.00349128585e-09, 3.64025809496e-09, 4.16003631543e-09, 2.4317108327e-09, 3.85080134446e-10, 2.48334769415e-10, 2.78767869899e-10, 9.6635865976e-11, 9.89664947215e-11, 3.68801933437e-11, 4.47306254536e-11, 2.43649562331e-11, 1.01057183455e-11, 5.57770800033e-12, 3.13454449029e-12, 1.89036286624e-12, 1.5982322887e-12, 1.05227545427e-12, 5.26107532105e-13, 2.53389540253e-13], "max": [0.00313296122476, 0.00902496930212, 0.00747056445107, 0.00612200424075, 0.00290002045222, 0.00491613242775, 0.00440416811034, 0.0031225879211, 0.00279953540303, 0.00410085357726, 0.00488330284134, 0.0119140576571, 0.00940834823996, 0.00697270734236, 0.00573934428394, 0.00608018552884, 0.00470536295325, 0.00581034645438, 0.00661037769169, 0.00413359701633, 0.0022593291942, 0.00158949650358, 0.00102967699058, 0.000709743646439, 0.000323902291711, 0.000312039075652, 0.000448728504125, 0.000206558266655, 0.000318226142554, 0.000168414160726, 0.00016321822477, 0.000111584748083, 5.45618459e-05, 4.855717998e-05, 2.34256549447e-05, 3.09787901642e-05, 2.30596160691e-05, 1.48359340528e-05, 1.32481236506e-05, 7.29258681531e-06], "mean": [0.000186082397704, 0.000551956065465, 0.000709276646376, 0.000458654540125, 0.000159898248967, 0.000191848565009, 0.000179133363417, 0.000104103397462, 6.55358235235e-05, 0.000112818590424, 0.000180857081432, 0.000437054026406, 0.000283747067442, 0.000211445658351, 0.000138880262966, 0.000210201658774, 0.000130984743009, 0.000106636784039, 9.9036769825e-05, 4.34111607319e-05, 2.82072796836e-05, 2.02010742214e-05, 2.74614212685e-05, 2.15363834286e-05, 1.02579169834e-05, 6.8846816248e-06, 5.06084779772e-06, 2.9708501188e-06, 3.11824214805e-06, 2.52794507105e-06, 2.21878394768e-06, 1.84262421499e-06, 1.30135356358e-06, 1.0077862953e-06, 7.38160792935e-07, 5.62153616102e-07, 4.52262696626e-07, 3.24497108295e-07, 2.45365953333e-07, 1.7791151663e-07], "median": [0.000119840893603, 0.000294894125545, 0.000408254622016, 0.000267781608272, 8.40627617436e-05, 7.31570980861e-05, 7.15232017683e-05, 4.57324604213e-05, 2.55893555732e-05, 4.56732595921e-05, 4.96533575642e-05, 7.44613134884e-05, 5.92867691012e-05, 3.60107587767e-05, 2.15368745557e-05, 3.07086738758e-05, 1.85625722224e-05, 1.35404698085e-05, 1.68404894794e-05, 7.31166983314e-06, 7.48870934331e-06, 5.50427421331e-06, 7.57065936341e-06, 5.99671784585e-06, 3.15822899211e-06, 1.94694894162e-06, 1.57130659773e-06, 8.44203157158e-07, 8.53385017763e-07, 6.67616120609e-07, 4.82505981836e-07, 3.4990802078e-07, 2.62295031916e-07, 2.05638599482e-07, 1.37953804824e-07, 9.51274401473e-08, 6.32881764773e-08, 4.4062609561e-08, 2.9992659023e-08, 1.90755109486e-08], "min": [6.47263922608e-25, 1.35878165063e-24, 1.15999639391e-24, 1.21960410441e-24, 1.58916009635e-24, 1.60884809239e-24, 6.30913350537e-25, 1.46069380211e-24, 7.08208505828e-25, 2.54090125419e-24, 2.92054470635e-24, 2.14051845162e-24, 2.28992456555e-24, 1.29716826127e-24, 2.23960608664e-24, 1.78299288431e-24, 2.50627874071e-24, 4.11596973098e-24, 2.78754394102e-24, 3.55871365437e-24, 2.3860322785e-24, 3.93740041546e-24, 3.62986693587e-24, 4.21296727903e-24, 4.15208812196e-24, 4.20636530211e-24, 4.1085911205e-24, 5.09416869194e-24, 4.55555024307e-24, 5.01485582767e-24, 5.38236600746e-24, 5.09030682338e-24, 5.53734640976e-24, 4.78968021544e-24, 4.90398063858e-24, 6.38608146325e-24, 4.99769139766e-24, 5.66876393125e-24, 5.81129413631e-24, 5.90693011044e-24], "var": [6.31688266139e-08, 6.25336951998e-07, 6.97036512065e-07, 3.30198020038e-07, 4.90365010819e-08, 1.0860495081e-07, 9.02696584149e-08, 3.30622746958e-08, 1.74124288321e-08, 4.59633326955e-08, 1.66881633845e-07, 9.85590759228e-07, 4.52035891385e-07, 2.59017667759e-07, 1.65766536497e-07, 2.75056123655e-07, 1.39796597409e-07, 1.07434829033e-07, 9.61622035334e-08, 2.75240132908e-08, 7.48768425041e-09, 2.79283396409e-09, 3.90133436667e-09, 1.97997840345e-09, 4.23678703232e-10, 2.38545516673e-10, 1.95850058393e-10, 4.85699085118e-11, 5.45533583585e-11, 3.57431757803e-11, 3.41934258685e-11, 2.30880366908e-11, 1.05407826564e-11, 5.98195278034e-12, 3.33131569205e-12, 2.28995490105e-12, 1.83967099367e-12, 9.90329129466e-13, 5.65751113492e-13, 3.09737017935e-13]}, "melbands_crest": {"dmean": 2.87610268593, "dmean2": 4.63393735886, "dvar": 7.12545681, "dvar2": 17.446149826, "max": 37.6794204712, "mean": 12.5317678452, "median": 11.7485513687, "min": 1.50520396233, "var": 25.5474510193}, "melbands_flatness_db": {"dmean": 0.0226138848811, "dmean2": 0.0313372015953, "dvar": 0.000597318983637, "dvar2": 0.00108520768117, "max": 0.629071652889, "mean": 0.205191031098, "median": 0.198018833995, "min": 0.00280092936009, "var": 0.00533353537321}, "melbands_kurtosis": {"dmean": 3.79478025436, "dmean2": 5.79214906693, "dvar": 72.7365112305, "dvar2": 157.565841675, "max": 341.262969971, "mean": 6.92451047897, "median": 2.04995012283, "min": -1.77751255035, "var": 236.203155518}, "melbands_skewness": {"dmean": 0.574563145638, "dmean2": 0.852308213711, "dvar": 0.398830473423, "dvar2": 0.837146401405, "max": 12.1073656082, "mean": 1.37708115578, "median": 1.09401154518, "min": -3.11483669281, "var": 2.61723136902}, "melbands_spread": {"dmean": 6.15371704102, "dmean2": 9.27214336395, "dvar": 60.472869873, "dvar2": 129.945465088, "max": 182.458679199, "mean": 26.1367778778, "median": 23.3051109314, "min": 0.85923153162, "var": 406.570251465}, "mfcc": {"cov": [[10393.7929688, 151.389266968, -1250.01074219, -163.913070679, -160.077056885, 226.310394287, -99.650642395, 42.2386665344, -286.061279297, -146.076919556, -28.6608543396, 45.9073791504, -17.9849071503], [151.389266968, 1600.52697754, -122.645469666, 166.80027771, 176.644378662, 53.0725822449, 76.4441833496, 36.8511123657, -43.0274848938, -18.5872020721, -28.8169784546, -36.9088516235, -26.1319141388], [-1250.01074219, -122.645469666, 1114.28637695, 238.182388306, 35.0281143188, 24.7286243439, 53.5247039795, 8.50350952148, 149.072753906, 59.1936721802, -26.0215187073, -25.9657440186, -9.7275094986], [-163.913070679, 166.80027771, 238.182388306, 306.728088379, 126.696052551, 29.1356334686, -12.5316076279, -1.44337904453, 40.3672447205, 14.1572875977, -29.2413959503, -25.7917346954, -4.94710445404], [-160.077056885, 176.644378662, 35.0281143188, 126.696052551, 284.238952637, 54.7202568054, -40.4972038269, -33.3047180176, 22.09034729, 9.29881572723, -16.3246040344, -0.789960741997, -7.9359793663], [226.310394287, 53.0725822449, 24.7286243439, 29.1356334686, 54.7202568054, 168.812423706, 52.4034614563, 10.0875558853, -16.2354488373, 1.75749051571, 9.36215305328, 6.95503854752, 0.444977641106], [-99.650642395, 76.4441833496, 53.5247039795, -12.5316076279, -40.4972038269, 52.4034614563, 190.506271362, 65.5807571411, -7.59414196014, -7.35774087906, 11.9185228348, -4.67413759232, -9.52411842346], [42.2386665344, 36.8511123657, 8.50350952148, -1.44337904453, -33.3047180176, 10.0875558853, 65.5807571411, 135.888458252, 39.9484291077, 1.7744654417, -6.19280529022, -15.5712976456, -15.3129758835], [-286.061279297, -43.0274848938, 149.072753906, 40.3672447205, 22.09034729, -16.2354488373, -7.59414196014, 39.9484291077, 171.342758179, 58.3214492798, -26.7635498047, -30.1218738556, -24.3130207062], [-146.076919556, -18.5872020721, 59.1936721802, 14.1572875977, 9.29881572723, 1.75749051571, -7.35774087906, 1.7744654417, 58.3214492798, 121.127876282, 16.1231098175, -14.2583684921, -5.5294713974], [-28.6608543396, -28.8169784546, -26.0215187073, -29.2413959503, -16.3246040344, 9.36215305328, 11.9185228348, -6.19280529022, -26.7635498047, 16.1231098175, 100.394615173, 33.9559288025, -1.42122578621], [45.9073791504, -36.9088516235, -25.9657440186, -25.7917346954, -0.789960741997, 6.95503854752, -4.67413759232, -15.5712976456, -30.1218738556, -14.2583684921, 33.9559288025, 91.6774291992, 30.245464325], [-17.9849071503, -26.1319141388, -9.7275094986, -4.94710445404, -7.9359793663, 0.444977641106, -9.52411842346, -15.3129758835, -24.3130207062, -5.5294713974, -1.42122578621, 30.245464325, 90.837638855]], "icov": [[0.000125725171529, -1.39298811064e-06, 0.000138990013511, -8.02103022579e-05, 0.000154135574121, -0.000262872432359, 0.000158592127264, -8.90716910362e-05, 0.000103132391814, 2.55628547166e-05, 0.000124085010611, -7.61630653869e-05, 0.000107834239316], [-1.39298811064e-06, 0.000765991746448, 0.000173486230779, -0.000412196968682, -0.000427302817116, 0.000104695944174, -0.000429946521763, -0.000177881869604, 0.000313733762596, -5.55433070986e-05, 0.000138678908115, 0.000179957947694, 0.00012614420848], [0.000138990013511, 0.000173486230779, 0.00147284765262, -0.00122046109755, 0.000466871162644, -0.000357299111784, -0.000498634995893, 0.00044781411998, -0.000931660120841, -4.6599732741e-05, 0.000150986612425, -0.000234100458329, 6.25394677627e-05], [-8.02103022579e-05, -0.000412196968682, -0.00122046109755, 0.0053286422044, -0.0019727833569, -5.81461572438e-05, 0.000542411580682, -0.000422153534601, 0.000110205124656, 3.21670177073e-06, 0.000363390136044, 0.00102756393608, -0.000468074460514], [0.000154135574121, -0.000427302817116, 0.000466871162644, -0.0019727833569, 0.00555312773213, -0.00216045649722, 0.00130406941753, 0.00118557689711, -0.000930952839553, 8.74338948051e-05, 0.000557792896871, -0.000942355778534, 0.000761109695304], [-0.000262872432359, 0.000104695944174, -0.000357299111784, -5.81461572438e-05, -0.00216045649722, 0.00797603931278, -0.00268118968233, -9.4115275715e-05, 0.000898813072126, -0.000634818803519, -0.000524408183992, -0.000223808063311, -0.000319914106512], [0.000158592127264, -0.000429946521763, -0.000498634995893, 0.000542411580682, 0.00130406941753, -0.00268118968233, 0.00803851149976, -0.00353000801988, 0.00110925186891, 0.000386357132811, -0.000612991920207, 0.000278027378954, 0.000476918241475], [-8.90716910362e-05, -0.000177881869604, 0.00044781411998, -0.000422153534601, 0.00118557689711, -9.4115275715e-05, -0.00353000801988, 0.0105071021244, -0.00344500341453, 0.000982516910881, -5.44454414921e-05, 0.00050190417096, 0.000431091844803], [0.000103132391814, 0.000313733762596, -0.000931660120841, 0.000110205124656, -0.000930952839553, 0.000898813072126, 0.00110925186891, -0.00344500341453, 0.0101293176413, -0.00431858375669, 0.0026495535858, 0.000299573439406, 0.00185670692008], [2.55628547166e-05, -5.55433070986e-05, -4.6599732741e-05, 3.21670177073e-06, 8.74338948051e-05, -0.000634818803519, 0.000386357132811, 0.000982516910881, -0.00431858375669, 0.0110810073093, -0.00361573253758, 0.00218258006498, -0.00106349517591], [0.000124085010611, 0.000138678908115, 0.000150986612425, 0.000363390136044, 0.000557792896871, -0.000524408183992, -0.000612991920207, -5.44454414921e-05, 0.0026495535858, -0.00361573253758, 0.0135462153703, -0.00541865080595, 0.00258348323405], [-7.61630653869e-05, 0.000179957947694, -0.000234100458329, 0.00102756393608, -0.000942355778534, -0.000223808063311, 0.000278027378954, 0.00050190417096, 0.000299573439406, 0.00218258006498, -0.00541865080595, 0.0154119599611, -0.00490322243422], [0.000107834239316, 0.00012614420848, 6.25394677627e-05, -0.000468074460514, 0.000761109695304, -0.000319914106512, 0.000476918241475, 0.000431091844803, 0.00185670692008, -0.00106349517591, 0.00258348323405, -0.00490322243422, 0.0133434562013]], "mean": [-684.795166016, 138.384887695, -24.8802204132, 13.1372108459, -1.67006218433, 10.4311418533, 1.95794141293, 7.44023990631, -3.04293584824, -4.11025381088, -4.50764513016, -4.6263756752, -6.42512845993]}, "pitch_salience": {"dmean": 0.0624744035304, "dmean2": 0.0995311811566, "dvar": 0.00300554395653, "dvar2": 0.00742104742676, "max": 0.986762225628, "mean": 0.554810702801, "median": 0.560045480728, "min": 0.0562708377838, "var": 0.0114794354886}, "silence_rate_20dB": {"dmean": 0, "dmean2": 0, "dvar": 0, "dvar2": 0, "max": 1, "mean": 1, "median": 1, "min": 1, "var": 0}, "silence_rate_30dB": {"dmean": 0.000242424241151, "dmean2": 0.000484907272039, "dvar": 0.000242336973315, "dvar2": 0.000727011705749, "max": 1, "mean": 0.999878823757, "median": 1, "min": 0, "var": 0.000121175617096}, "silence_rate_60dB": {"dmean": 0.0339393950999, "dmean2": 0.0678870156407, "dvar": 0.0327833965421, "dvar2": 0.0732326731086, "max": 1, "mean": 0.113440796733, "median": 0, "min": 0, "var": 0.10057964921}, "spectral_centroid": {"dmean": 203.667877197, "dmean2": 298.251495361, "dvar": 66063.21875, "dvar2": 128689.632812, "max": 11833.7539062, "mean": 1422.3458252, "median": 1279.29614258, "min": 174.738021851, "var": 1840949.625}, "spectral_complexity": {"dmean": 2.61963629723, "dmean2": 3.99054431915, "dvar": 8.95895290375, "dvar2": 17.0466690063, "max": 53, "mean": 15.6490125656, "median": 16, "min": 0, "var": 74.3449630737}, "spectral_contrast_coeffs": {"dmean": [0.0440355502069, 0.0417192913592, 0.0391754098237, 0.0347594432533, 0.0246429350227, 0.0181383807212], "dmean2": [0.0723662227392, 0.0678357258439, 0.0620971918106, 0.0537728220224, 0.038173738867, 0.0280663128942], "dvar": [0.00139229197521, 0.00126858660951, 0.00106631428935, 0.000982629135251, 0.000482659204863, 0.000287908187602], "dvar2": [0.00371936173178, 0.00336788664572, 0.00258483737707, 0.00207725889049, 0.00105219427496, 0.000649605877697], "max": [-0.345712870359, -0.437368541956, -0.427814155817, -0.487708181143, -0.566439449787, -0.555405080318], "mean": [-0.633952558041, -0.725731670856, -0.715824723244, -0.729328870773, -0.767818808556, -0.75434333086], "median": [-0.627918660641, -0.728227972984, -0.721301138401, -0.734443485737, -0.770641326904, -0.754121482372], "min": [-0.976119577885, -0.988965213299, -0.987328648567, -0.970734894276, -0.966360032558, -0.965320944786], "var": [0.0065320157446, 0.00553247798234, 0.00715348124504, 0.00661330437288, 0.00348259322345, 0.0023775016889]}, "spectral_contrast_valleys": {"dmean": [0.406337291002, 0.328465431929, 0.288219153881, 0.264943659306, 0.24049270153, 0.311783313751], "dmean2": [0.6440538764, 0.533504784107, 0.465521514416, 0.415778070688, 0.346017092466, 0.396370261908], "dvar": [0.171178683639, 0.0946844741702, 0.0756167918444, 0.0714189484715, 0.0734009966254, 0.142107531428], "dvar2": [0.360515654087, 0.215342149138, 0.160598620772, 0.137997090816, 0.119178421795, 0.230044662952], "max": [-5.62039279938, -4.85238552094, -5.23453617096, -5.43326425552, -5.8909201622, -8.0572385788], "mean": [-8.13227558136, -7.62948513031, -7.74700927734, -8.26166343689, -8.40801906586, -11.2444829941], "median": [-7.60930538177, -7.20698881149, -7.25423192978, -7.71989393234, -7.97224378586, -11.0352020264], "min": [-28.335226059, -28.6821670532, -27.8149776459, -27.6824970245, -27.5696239471, -27.4362792969], "var": [7.06511735916, 7.17079401016, 7.30921936035, 7.02246332169, 6.809009552, 5.31609916687]}, "spectral_decrease": {"dmean": 1.26757160324e-09, "dmean2": 1.82658732584e-09, "dvar": 2.32716119083e-18, "dvar2": 4.72268348261e-18, "max": 4.20283037537e-21, "mean": -5.01057106916e-09, "median": -4.11346512408e-09, "min": -2.46299993734e-08, "var": 1.53848165853e-17}, "spectral_energy": {"dmean": 0.00527247134596, "dmean2": 0.00755148101598, "dvar": 4.11575711041e-05, "dvar2": 8.21396461106e-05, "max": 0.10233001411, "mean": 0.0208914764225, "median": 0.0166938323528, "min": 9.98033717944e-21, "var": 0.000277482671663}, "spectral_energyband_high": {"dmean": 0.000182442527148, "dmean2": 0.000239251341554, "dvar": 2.16390318997e-07, "dvar2": 3.85366092814e-07, "max": 0.0114525305107, "mean": 0.000346827291651, "median": 9.96414819383e-05, "min": 6.73893220613e-21, "var": 5.55856388473e-07}, "spectral_energyband_low": {"dmean": 0.00123242347036, "dmean2": 0.00187528389506, "dvar": 5.88963484915e-06, "dvar2": 1.33147350425e-05, "max": 0.0367664210498, "mean": 0.00285682105459, "median": 0.00163261406124, "min": 1.38622882337e-23, "var": 1.29922673295e-05}, "spectral_energyband_middle_high": {"dmean": 0.00362924905494, "dmean2": 0.00528002204373, "dvar": 3.17243975587e-05, "dvar2": 6.32034862065e-05, "max": 0.100023664534, "mean": 0.0120779471472, "median": 0.00483589386567, "min": 1.22382936727e-21, "var": 0.000200884489459}, "spectral_energyband_middle_low": {"dmean": 0.0022667166777, "dmean2": 0.00348126841709, "dvar": 9.16559656616e-06, "dvar2": 2.18025033973e-05, "max": 0.0408691391349, "mean": 0.00639837048948, "median": 0.00517801521346, "min": 1.24979990521e-22, "var": 2.78113457171e-05}, "spectral_entropy": {"dmean": 0.166807278991, "dmean2": 0.231390818954, "dvar": 0.0319242440164, "dvar2": 0.0590907968581, "max": 9.82399559021, "mean": 7.29306936264, "median": 7.28193807602, "min": 4.30783033371, "var": 0.311313897371}, "spectral_flux": {"dmean": 0.0243713743985, "dmean2": 0.0385371744633, "dvar": 0.000678426236846, "dvar2": 0.00174096843693, "max": 0.316450834274, "mean": 0.0770404785872, "median": 0.066407635808, "min": 6.32960628355e-11, "var": 0.00261479755864}, "spectral_kurtosis": {"dmean": 2.72274231911, "dmean2": 4.6330075264, "dvar": 10.3756866455, "dvar2": 29.346736908, "max": 84.3869247437, "mean": 6.99803113937, "median": 5.82649040222, "min": -1.26650905609, "var": 24.2628440857}, "spectral_rms": {"dmean": 0.000563834968489, "dmean2": 0.00079127389472, "dvar": 3.56179299388e-07, "dvar2": 6.64289018459e-07, "max": 0.00999170448631, "mean": 0.00408265041187, "median": 0.00403567403555, "min": 3.12040280767e-12, "var": 3.71387136511e-06}, "spectral_rolloff": {"dmean": 306.546966553, "dmean2": 504.262512207, "dvar": 322372.5625, "dvar2": 652165.3125, "max": 19638.28125, "mean": 1686.90893555, "median": 1356.59179688, "min": 21.533203125, "var": 5652573.5}, "spectral_skewness": {"dmean": 0.283688604832, "dmean2": 0.460337042809, "dvar": 0.0817905068398, "dvar2": 0.216109514236, "max": 7.85678434372, "mean": 1.78518617153, "median": 1.73580646515, "min": -0.148838058114, "var": 0.358196824789}, "spectral_spread": {"