{"lowlevel": {"average_loudness": 0.871514081955, "barkbands": {"dmean": [1.39629692057e-05, 0.001872713794, 0.000688803382218, 0.000508810160682, 0.00160741282161, 0.00101727398578, 0.000804161885753, 0.000699894560967, 0.000567957409658, 0.000486887554871, 0.000233671496972, 0.000326889858115, 0.000259232823737, 0.000167248610524, 0.000271098542726, 0.000161267176736, 0.000215804248, 0.000118419287901, 8.69858413353e-05, 8.45416070661e-05, 2.33319315157e-05, 1.67303878698e-05, 8.97965310287e-06, 8.91672334546e-06, 1.06894303826e-05, 2.20457150135e-06, 1.7630141258e-07], "dmean2": [2.30114728765e-05, 0.0030127549544, 0.000957558862865, 0.000770853366703, 0.00247497530654, 0.0014777717879, 0.0011840389343, 0.00107582286, 0.000833382480778, 0.000733313267119, 0.000340348837199, 0.000474348431453, 0.0003773997596, 0.000247062474955, 0.000387186504668, 0.000235881656408, 0.000313316180836, 0.000178018352017, 0.00012600242917, 0.000124942613184, 3.55192132702e-05, 2.44178791036e-05, 1.31787282953e-05, 1.28614447021e-05, 1.54200479301e-05, 3.17938474836e-06, 2.8110073913e-07], "dvar": [2.2267410138e-09, 2.76822065644e-05, 2.72284205494e-06, 9.82308506536e-07, 5.20940375281e-06, 3.11524013341e-06, 2.95911854664e-06, 3.15716397381e-06, 1.83556414868e-06, 1.63286597399e-06, 7.56220515541e-07, 1.19735784665e-06, 7.98023791049e-07, 2.98226552786e-07, 6.75726369082e-07, 2.21099128339e-07, 2.92552272185e-07, 9.44791125335e-08, 3.6647666235e-08, 4.47615136068e-08, 1.2604732369e-08, 4.75306105585e-09, 9.26421217518e-10, 1.60726132403e-09, 3.61004448557e-09, 1.51778561941e-10, 6.13073773605e-13], "dvar2": [5.33267785485e-09, 7.17710936442e-05, 4.96965139973e-06, 2.79594314634e-06, 1.29243417177e-05, 6.51243180982e-06, 5.82237271374e-06, 7.29473549654e-06, 3.84607392334e-06, 3.59922705684e-06, 1.5751495539e-06, 2.30497789744e-06, 1.62200421983e-06, 6.33854313037e-07, 1.23528570839e-06, 4.33157367752e-07, 6.37471430309e-07, 2.11941994621e-07, 7.15586381261e-08, 9.47839140508e-08, 2.98335578464e-08, 9.01467522851e-09, 1.89876203649e-09, 3.14034132032e-09, 7.37734184852e-09, 2.81968032256e-10, 1.44546614261e-12], "max": [0.000748424441554, 0.0869066119194, 0.0384899973869, 0.0219970345497, 0.0415342859924, 0.0448945686221, 0.0419024080038, 0.042533904314, 0.0316657871008, 0.0389811247587, 0.0377851948142, 0.0376212485135, 0.0267716087401, 0.0176809281111, 0.0219193324447, 0.0135701335967, 0.0190017614514, 0.00870563834906, 0.00617379136384, 0.00456287804991, 0.00437009474263, 0.00351274944842, 0.0010036600288, 0.00191620434634, 0.0025385688059, 0.000581969739869, 2.20496312977e-05], "mean": [1.51197473315e-05, 0.00495762983337, 0.00193596351892, 0.00105891621206, 0.00383145967498, 0.00294372229837, 0.00173182843719, 0.00131639197934, 0.0012877342524, 0.00106141145807, 0.000506012176629, 0.000790237914771, 0.00051093561342, 0.000284778594505, 0.000530363991857, 0.00030214979779, 0.000578180712182, 0.00026886627893, 0.000209719248232, 0.000190379665582, 4.07611769333e-05, 3.42907987942e-05, 1.73880835064e-05, 1.63037602761e-05, 1.97849531105e-05, 4.13542556998e-06, 2.512016124e-07], "median": [2.83426174974e-06, 0.000547050847672, 0.000495286600199, 0.000472406914923, 0.00245640147477, 0.00120667903684, 0.000544428592548, 0.000292658398394, 0.000278686406091, 0.000167601101566, 4.58235845144e-05, 6.04449378443e-05, 6.58365752315e-05, 4.27507366112e-05, 7.89944024291e-05, 6.03203370702e-05, 8.47267438076e-05, 5.74730947847e-05, 6.24932290521e-05, 3.88926418964e-05, 7.81103335612e-06, 6.23039250058e-06, 4.1614039219e-06, 3.33266984853e-06, 2.71450971923e-06, 1.02229955701e-06, 8.87979538788e-08], "min": [2.01697817959e-23, 4.17314960372e-23, 9.80678824099e-24, 8.46602052495e-24, 2.58522561296e-23, 1.59605304461e-23, 4.94650497453e-23, 2.03510541433e-23, 7.08141880608e-23, 2.05325836593e-23, 4.50682924693e-23, 1.59445853584e-22, 1.51911007627e-22, 1.41284129844e-22, 1.77010592635e-22, 1.95442119426e-22, 2.28919482977e-22, 2.42663333212e-22, 3.08777879275e-22, 2.42631071957e-22, 5.63022119716e-22, 3.96979066558e-22, 6.72889567398e-22, 9.26416739588e-22, 1.05099486543e-21, 1.33072549778e-21, 2.74120869534e-21], "var": [2.40386044403e-09, 9.82571873465e-05, 1.44129398905e-05, 2.52315840044e-06, 1.70337334566e-05, 2.18513960135e-05, 1.18490497698e-05, 9.55983705353e-06, 7.11954362487e-06, 5.98495080339e-06, 4.49531944469e-06, 7.11656366548e-06, 2.53132066064e-06, 7.95004609699e-07, 2.65143376055e-06, 6.51420577924e-07, 2.27402597375e-06, 3.43374267686e-07, 1.31891638944e-07, 1.61393245435e-07, 1.93644442703e-08, 1.36310012167e-08, 2.34386576814e-09, 3.92083654432e-09, 8.0570163874e-09, 3.40863948178e-10, 1.01988773329e-12]}, "barkbands_crest": {"dmean": 2.23412442207, "dmean2": 3.50083446503, "dvar": 4.54866170883, "dvar2": 11.3208799362, "max": 24.6462612152, "mean": 11.8372945786, "median": 11.0953550339, "min": 2.84752416611, "var": 19.6014156342}, "barkbands_flatness_db": {"dmean": 0.0178528297693, "dmean2": 0.0264933817089, "dvar": 0.000370135996491, "dvar2": 0.000776016851887, "max": 0.421783179045, "mean": 0.192394763231, "median": 0.18420740962, "min": 0.0500088706613, "var": 0.00296153849922}, "barkbands_kurtosis": {"dmean": 3.50488996506, "dmean2": 5.41241312027, "dvar": 48.720867157, "dvar2": 116.936355591, "max": 261.75402832, "mean": 8.0344581604, "median": 3.33591961861, "min": -1.89818143845, "var": 224.142379761}, "barkbands_skewness": {"dmean": 0.477624326944, "dmean2": 0.721408843994, "dvar": 0.308915525675, "dvar2": 0.708730876446, "max": 13.620010376, "mean": 1.82169604301, "median": 1.61682963371, "min": -2.41217374802, "var": 2.14395570755}, "barkbands_spread": {"dmean": 3.16337680817, "dmean2": 4.60125637054, "dvar": 22.7178688049, "dvar2": 43.2456245422, "max": 93.3036499023, "mean": 13.6829109192, "median": 10.8529014587, "min": 0.345696240664, "var": 119.091033936}, "dissonance": {"dmean": 0.0238166935742, "dmean2": 0.0398580655456, "dvar": 0.000498947978485, "dvar2": 0.00137422885746, "max": 0.500000059605, "mean": 0.445780009031, "median": 0.451976746321, "min": 0.245622858405, "var": 0.00115723314229}, "dynamic_complexity": 3.40625405312, "erbbands": {"dmean": [0.042218323797, 0.465784341097, 0.80203461647, 1.28576552868, 2.5717587471, 6.36734628677, 9.10913276672, 8.8106174469, 10.158000946, 12.4726657867, 15.4455566406, 12.497961998, 12.7824478149, 11.1047258377, 10.38484478, 11.0342636108, 11.0663852692, 7.48168945313, 9.65784549713, 13.1030502319, 9.23748588562, 11.3152513504, 6.93498754501, 3.14974808693, 5.55875444412, 3.01257944107, 1.15508842468, 0.777766227722, 0.577121555805, 0.455658018589, 0.240416020155, 0.152293086052, 0.173362478614, 0.14258877933, 0.0637109726667, 0.0151004893705, 0.00335984490812, 0.000479398178868, 2.80311014649e-05, 5.9005105868e-06], "dmean2": [0.0702483728528, 0.739957094193, 1.13566243649, 1.87608671188, 3.97661566734, 9.9734992981, 13.5118436813, 12.5421600342, 14.9547195435, 18.5348434448, 23.5077781677, 18.4233226776, 19.173078537, 16.2414684296, 14.9622459412, 15.2730350494, 15.8339948654, 10.824215889, 14.1234951019, 18.2237892151, 13.2503738403, 16.5111026764, 10.1825027466, 4.63293886185, 7.85195064545, 4.3800945282, 1.72553646564, 1.20626223087, 0.861555635929, 0.663640916348, 0.35245770216, 0.22517503798, 0.250039130449, 0.206160321832, 0.0943584665656, 0.0219465028495, 0.00483349431306, 0.000680641969666, 4.41632000729e-05, 8.56495717017e-06], "dvar": [0.0182319562882, 1.57719504833, 3.4617857933, 5.735227108, 15.0124149323, 94.0817337036, 274.841827393, 319.277954102, 511.919128418, 802.702575684, 1643.78552246, 940.265686035, 1139.46398926, 956.350891113, 1082.82800293, 1480.91760254, 1940.38781738, 540.923034668, 792.790405273, 1928.81994629, 579.400756836, 962.413574219, 279.824493408, 37.0521697998, 158.415481567, 57.7173995972, 22.6412467957, 27.8051490784, 7.57345533371, 2.6252989769, 0.710501849651, 0.411235928535, 0.659754037857, 0.661454379559, 0.125442758203, 0.00636022305116, 0.000431306019891, 6.58459293845e-06, 1.5781541407e-08, 5.87666443286e-11], "dvar2": [0.0479081198573, 4.06747484207, 7.12776422501, 14.6485176086, 39.3345527649, 244.512512207, 626.525024414, 625.453125, 1014.06414795, 1720.86853027, 3889.88842773, 2071.18701172, 2614.98120117, 1883.9041748, 2163.94165039, 2638.37060547, 3849.54077148, 1142.3815918, 1615.63537598, 3446.58544922, 1152.81140137, 2123.05029297, 596.867126465, 75.1633300781, 294.295288086, 113.851844788, 47.8873901367, 73.941078186, 15.2872638702, 5.19392061234, 1.42536437511, 0.773634970188, 1.23756563663, 1.30743443966, 0.267674446106, 0.0116700576618, 0.000855748425238, 1.27653611344e-05, 3.67705332849e-08, 1.29481717015e-10], "max": [2.20912742615, 20.315530777, 39.9558067322, 62.4265327454, 58.1566429138, 226.82321167, 446.194580078, 572.150695801, 734.059814453, 743.79486084, 1187.05114746, 648.629821777, 820.078063965, 1050.38049316, 1082.02087402, 1577.16113281, 1485.96948242, 858.729675293, 898.765991211, 1412.38525391, 583.976196289, 1319.73693848, 551.914367676, 132.869384766, 361.873901367, 291.386901855, 152.747741699, 265.730194092, 130.636489868, 77.8398971558, 29.610584259, 32.3899345398, 32.6083526611, 33.1842346191, 13.4479932785, 3.00625705719, 1.04921174049, 0.0989548042417, 0.00505601987243, 0.000121217686683], "mean": [0.0829224288464, 1.30864298344, 2.49941110611, 3.22180938721, 5.46111249924, 13.8766050339, 22.7964000702, 25.8387794495, 23.9397392273, 25.9443397522, 32.5633392334, 28.9682064056, 29.9202976227, 27.3718528748, 25.3154220581, 29.3122825623, 23.0773239136, 15.0160589218, 19.322971344, 27.2693557739, 20.8992652893, 32.6728973389, 18.6593666077, 8.37426757813, 14.9388036728, 7.48370265961, 2.10483288765, 1.41504693031, 1.16438806057, 0.955645024776, 0.476932495832, 0.284304559231, 0.315976113081, 0.258907705545, 0.117083467543, 0.0281464699656, 0.00620765751228, 0.000925964850467, 4.9308353482e-05, 2.95268291666e-05], "median": [0.00689609535038, 0.205532729626, 0.738235712051, 1.57893335819, 3.58881354332, 8.23163318634, 11.5060520172, 8.72427558899, 8.92309856415, 8.47227859497, 10.0710754395, 6.9374423027, 5.67195892334, 5.03694248199, 3.02131795883, 2.54632019997, 2.87872934341, 2.46867895126, 4.09761238098, 3.62094783783, 4.62199258804, 4.92587471008, 4.04997014999, 3.22812628746, 2.88563728333, 1.97460973263, 0.557525277138, 0.272113472223, 0.234314844012, 0.176819562912, 0.113286189735, 0.0685244873166, 0.0529726147652, 0.0303448867053, 0.0167254861444, 0.00563179282472, 0.00160151161253, 0.000331580231432, 2.52511017607e-05, 2.58200379903e-05], "min": [1.36191198402e-21, 8.52292733507e-21, 1.40911283636e-20, 2.03642900302e-20, 4.10455130196e-20, 9.42495664551e-20, 1.42596269931e-19, 1.23266506581e-19, 4.08550941039e-19, 7.54232174717e-19, 8.31975726865e-19, 1.34663183926e-18, 1.00068836348e-18, 8.77192882966e-19, 2.57184783347e-18, 7.40228544614e-18, 5.50672166314e-18, 8.17469760316e-18, 8.91914774675e-18, 8.1741541455e-18, 1.28713174519e-17, 1.30927189602e-17, 1.33011982531e-17, 1.49157753995e-17, 1.35657322674e-17, 1.11277265997e-17, 2.38634856928e-17, 1.8793904168e-17, 1.44570243405e-17, 1.62849197863e-17, 1.94405741185e-17, 2.12315855808e-17, 1.3917006095e-17, 1.16402030395e-17, 7.93160824628e-18, 4.85143207701e-18, 2.69196934766e-18, 1.1647971713e-18, 3.94464649743e-19, 3.9927342546e-20], "var": [0.0334093682468, 6.47327709198, 15.8303251266, 21.5971698761, 36.2233695984, 285.551513672, 1040.9765625, 2401.93212891, 2120.73266602, 2667.31591797, 5200.44921875, 3439.85888672, 4224.79394531, 5820.87744141, 5159.67578125, 10240.75, 5931.69873047, 1708.38354492, 2319.82617188, 8177.57666016, 1977.42614746, 8139.84277344, 1667.72070313, 163.689300537, 747.518981934, 199.299972534, 48.534034729, 28.2689189911, 19.7023277283, 7.10825872421, 1.81728482246, 1.03962612152, 1.66656970978, 1.51879441738, 0.262319564819, 0.0148799521849, 0.000830577511806, 1.38778241308e-05, 2.5136014159e-08, 4.30906949012e-10]}, "erbbands_crest": {"dmean": 2.49220561981, "dmean2": 3.88740825653, "dvar": 5.0745434761, "dvar2": 12.2730836868, "max": 30.701587677, "mean": 11.0198926926, "median": 10.2486181259, "min": 2.20111489296, "var": 18.1793460846}, "erbbands_flatness_db": {"dmean": 0.0147878257558, "dmean2": 0.021185958758, "dvar": 0.000220953312237, "dvar2": 0.000418418319896, "max": 0.339271962643, "mean": 0.199393212795, "median": 0.200807467103, "min": 0.0290454681963, "var": 0.0014914451167}, "erbbands_kurtosis": {"dmean": 1.12887334824, "dmean2": 1.71390330791, "dvar": 3.24255442619, "dvar2": 6.4756193161, "max": 45.9483909607, "mean": 1.44017291069, "median": 0.293849229813, "min": -1.87779712677, "var": 14.5538949966}, "erbbands_skewness": {"dmean": 0.359854519367, "dmean2": 0.528668105602, "dvar": 0.120232373476, "dvar2": 0.238541230559, "max": 6.0768404007, "mean": 0.669042944908, "median": 0.635309755802, "min": -3.42369580269, "var": 1.04531550407}, "erbbands_spread": {"dmean": 5.70470571518, "dmean2": 8.45643615723, "dvar": 51.4852294922, "dvar2": 103.940299988, "max": 153.141235352, "mean": 30.4338855743, "median": 26.5896644592, "min": 3.18172192574, "var": 319.534759521}, "gfcc": {"cov": [[5855.60058594, -232.177261353, -1401.78833008, 103.204101563, -536.162475586, -175.932266235, -170.451431274, 292.007110596, -6.82723045349, -150.169219971, 3.202678442, -103.986434937, 16.2353096008], [-232.177261353, 1097.71936035, 357.341156006, -244.100967407, 236.849990845, -27.423034668, 129.307632446, -67.861946106, 52.4020233154, -9.44760799408, 115.003433228, -83.3098220825, -14.5683488846], [-1401.78833008, 357.341156006, 1318.87890625, 261.21295166, 187.181503296, 78.7164993286, -62.0272979736, -90.7810440063, 100.283538818, 129.429885864, 46.8381538391, 95.8745651245, 40.3180236816], [103.204101563, -244.100967407, 261.21295166, 594.22064209, 137.441238403, -43.6197662354, -67.2084579468, 49.8694610596, 123.98575592, 55.5636253357, -37.1697883606, 101.23249054, 85.7425842285], [-536.162475586, 236.849990845, 187.181503296, 137.441238403, 370.018432617, 58.9239387512, 51.8903083801, 20.807636261, 92.3422393799, 46.5368843079, 3.15438318253, -7.10170650482, 37.8212509155], [-175.932266235, -27.423034668, 78.7164993286, -43.6197662354, 58.9239387512, 313.568511963, 196.536254883, 18.93567276, -7.149559021, 24.6429748535, 20.4198551178, -26.0827598572, -16.4918251038], [-170.451431274, 129.307632446, -62.0272979736, -67.2084579468, 51.8903083801, 196.536254883, 388.952819824, 62.2892913818, -34.6979560852, -20.6866512299, 49.2789039612, -0.815781354904, -20.9976463318], [292.007110596, -67.861946106, -90.7810440063, 49.8694610596, 20.807636261, 18.93567276, 62.2892913818, 165.447219849, 57.3924179077, -2.00176095963, 3.17227506638, -3.06015992165, 11.04063797], [-6.82723045349, 52.4020233154, 100.283538818, 123.98575592, 92.3422393799, -7.149559021, -34.6979560852, 57.3924179077, 163.383392334, 66.3632354736, -11.6979293823, -5.26326179504, 27.395772934], [-150.169219971, -9.44760799408, 129.429885864, 55.5636253357, 46.5368843079, 24.6429748535, -20.6866512299, -2.00176095963, 66.3632354736, 123.828742981, 23.6585006714, 1.77139079571, 9.11935329437], [3.202678442, 115.003433228, 46.8381538391, -37.1697883606, 3.15438318253, 20.4198551178, 49.2789039612, 3.17227506638, -11.6979293823, 23.6585006714, 124.231254578, 29.4865379333, -15.758234024], [-103.986434937, -83.3098220825, 95.8745651245, 101.23249054, -7.10170650482, -26.0827598572, -0.815781354904, -3.06015992165, -5.26326179504, 1.77139079571, 29.4865379333, 137.077011108, 52.3841590881], [16.2353096008, -14.5683488846, 40.3180236816, 85.7425842285, 37.8212509155, -16.4918251038, -20.9976463318, 11.04063797, 27.395772934, 9.11935329437, -15.758234024, 52.3841590881, 107.663497925]], "icov": [[0.000537713640369, -0.00100094743539, 0.000889959279448, -0.00112986343447, 0.00134513061494, -0.000973606074695, 0.00104313460179, -0.0012228541309, 0.000666858279146, -0.000389499968151, 0.000150708583533, -0.000128927713376, 5.28381860931e-06], [-0.00100094743539, 0.00510638719425, -0.00287331687286, 0.00399646582082, -0.00428918283433, 0.00425409618765, -0.0039692549035, 0.00427930662408, -0.00393646629527, 0.00343046127819, -0.00357449660078, 0.003298538737, -0.00173642649315], [0.000889959279448, -0.00287331687286, 0.00301213259809, -0.00286145345308, 0.0025654733181, -0.00298330024816, 0.00274868728593, -0.00199482776225, 0.00171855813824, -0.00213767332025, 0.00120315898675, -0.00204669008963, 0.000925981090404], [-0.00112986343447, 0.00399646582082, -0.00286145345308, 0.00625678012148, -0.00450154021382, 0.0036761702504, -0.00313836219721, 0.00303079257719, -0.00403652247041, 0.00204288889654, -0.00096333649708, -2.80661897705e-05, -0.00125181372277], [0.00134513061494, -0.00428918283433, 0.0025654733181, -0.00450154021382, 0.00812446977943, -0.00401461822912, 0.00294838054106, -0.00359732960351, 0.00146236515138, -0.00224724784493, 0.00166745169554, -0.000611665833276, -0.000324136461131], [-0.000973606074695, 0.00425409618765, -0.00298330024816, 0.0036761702504, -0.00401461822912, 0.00889963284135, -0.00618365872651, 0.0036619133316, -0.00261457962915, 0.00125753111206, -0.00222877995111, 0.00366450194269, -0.00144642905798], [0.00104313460179, -0.0039692549035, 0.00274868728593, -0.00313836219721, 0.00294838054106, -0.00618365872651, 0.0080297915265, -0.00528913736343, 0.00397572061047, -0.00155728473328, 0.00116698548663, -0.00303621566854, 0.00166948128026], [-0.0012228541309, 0.00427930662408, -0.00199482776225, 0.00303079257719, -0.00359732960351, 0.0036619133316, -0.00528913736343, 0.0128800217062, -0.00759022822604, 0.00431002350524, -0.00336876744404, 0.00259289471433, -0.00161928113084], [0.000666858279146, -0.00393646629527, 0.00171855813824, -0.00403652247041, 0.00146236515138, -0.00261457962915, 0.00397572061047, -0.00759022822604, 0.0154389189556, -0.0080294245854, 0.00405537895858, -0.00100882549305, 0.000413387315348], [-0.000389499968151, 0.00343046127819, -0.00213767332025, 0.00204288889654, -0.00224724784493, 0.00125753111206, -0.00155728473328, 0.00431002350524, -0.0080294245854, 0.0151484552771, -0.00611261837184, 0.00352995190769, -0.00191929016728], [0.000150708583533, -0.00357449660078, 0.00120315898675, -0.00096333649708, 0.00166745169554, -0.00222877995111, 0.00116698548663, -0.00336876744404, 0.00405537895858, -0.00611261837184, 0.0143899265677, -0.00719281798229, 0.0045478423126], [-0.000128927713376, 0.003298538737, -0.00204669008963, -2.80661897705e-05, -0.000611665833276, 0.00366450194269, -0.00303621566854, 0.00259289471433, -0.00100882549305, 0.00352995190769, -0.00719281798229, 0.0157149136066, -0.00756850652397], [5.28381860931e-06, -0.00173642649315, 0.000925981090404, -0.00125181372277, -0.000324136461131, -0.00144642905798, 0.00166948128026, -0.00161928113084, 0.000413387315348, -0.00191929016728, 0.0045478423126, -0.00756850652397, 0.0144920879975]], "mean": [-48.8444595337, 122.48236084, -113.182830811, 23.5842075348, -51.0107917786, -6.34659910202, -43.048740387, 10.1643838882, -24.9934444427, -1.99705719948, -13.4617137909, -2.76713395119, -9.16905021667]}, "hfc": {"dmean": 2.86122107506, "dmean2": 3.88681483269, "dvar": 18.1423797607, "dvar2": 29.1681118011, "max": 91.5353546143, "mean": 14.7774143219, "median": 9.06943893433, "min": 1.14199192175e-16, "var": 216.122467041}, "melbands": {"dmean": [0.00047226852621, 0.000484694639454, 0.000229555662372, 0.000315098906867, 0.000313082360663, 0.000192679319298, 0.000157362461323, 0.00014090865443, 0.00012414540106, 7.79856345616e-05, 6.90386805218e-05, 5.1161783631e-05, 3.19157115882e-05, 4.18942945544e-05, 2.41411435127e-05, 2.31587782764e-05, 1.48418330355e-05, 1.73443531821e-05, 2.05739233934e-05, 1.25288515846e-05, 1.10942655738e-05, 1.30476746563e-05, 9.5803907243e-06, 5.53591780772e-06, 2.36440723711e-06, 3.9765945985e-06, 4.45152272732e-06, 1.59595560945e-06, 9.09456389309e-07, 4.23922443815e-07, 5.0896483117e-07, 3.2992738852e-07, 3.56818048886e-07, 2.24501249591e-07, 1.55688923087e-07, 1.00611117659e-07, 9.76055929414e-08, 1.27425622054e-07, 1.28833747226e-07, 1.28098960772e-07], "dmean2": [0.000775163411163, 0.000715460220817, 0.000338887708494, 0.00049099593889, 0.000470983126434, 0.000276235543424, 0.000230469478993, 0.000210415644688, 0.000187829384231, 0.000114395807032, 0.00010400476458, 7.53653075662e-05, 4.60913834104e-05, 5.98588339926e-05, 3.30484072038e-05, 3.46190463461e-05, 2.17307024286e-05, 2.56230014202e-05, 2.88796745735e-05, 1.7874119294e-05, 1.61054704222e-05, 1.90477203432e-05, 1.42412000059e-05, 8.50412561704e-06, 3.59908290193e-06, 5.74146815779e-06, 6.44517695036e-06, 2.36553023569e-06, 1.40184715747e-06, 6.53837901154e-07, 8.04156002232e-07, 4.9617364084e-07, 5.26147402979e-07, 3.37629444402e-07, 2.33200367461e-07, 1.48071634953e-07, 1.48643422904e-07, 1.89214929947e-07, 1.8534153412e-07, 1.873084301e-07], "dvar": [1.97580015993e-06, 1.18729792575e-06, 1.53737019559e-07, 2.15608523035e-07, 2.88184082819e-07, 1.32998621893e-07, 1.09246144575e-07, 9.33116837132e-08, 1.01389879603e-07, 3.7952109011e-08, 3.26170841447e-08, 1.94399287778e-08, 1.0222760416e-08, 2.14027782164e-08, 6.25126839182e-09, 6.87566803492e-09, 2.53351672974e-09, 2.50531306811e-09, 4.78712491869e-09, 1.56763402259e-09, 8.21360313097e-10, 1.39903133523e-09, 7.31257498998e-10, 1.90604046435e-10, 2.13080594835e-11, 1.07945666294e-10, 1.21823523491e-10, 1.95105494261e-11, 1.90964084823e-11, 3.25342118697e-12, 1.27108696832e-11, 2.52883000998e-12, 2.18762117796e-12, 5.9636280289e-13, 2.86915917457e-13, 1.37966759328e-13, 2.04113242692e-13, 3.80553363344e-13, 4.50462502586e-13, 5.94591433381e-13], "dvar2": [5.22781874679e-06, 2.7313026294e-06, 4.07705471162e-07, 5.41622512173e-07, 6.64379854243e-07, 2.65118075049e-07, 2.14137088506e-07, 2.06352865462e-07, 2.41484855223e-07, 8.18145622361e-08, 7.44137267361e-08, 3.89923293653e-08, 2.06017016779e-08, 4.13605256711e-08, 1.12388507389e-08, 1.50786210185e-08, 5.33423927251e-09, 5.19418641431e-09, 8.4637701292e-09, 2.93307489407e-09, 1.64229219113e-09, 3.01422398152e-09, 1.59527469012e-09, 4.38152569782e-10, 4.77885994665e-11, 2.1613234813e-10, 2.38027292321e-10, 3.93058363635e-11, 4.31956623248e-11, 7.57076519531e-12, 3.39406280858e-11, 4.69792477489e-12, 4.79138517057e-12, 1.22806333245e-12, 6.04228418601e-13, 2.64215190525e-13, 3.96366804396e-13, 8.22266137557e-13, 8.37569597012e-13, 1.28026061974e-12], "max": [0.0235923025757, 0.0174172520638, 0.00889761652797, 0.00879128370434, 0.0124374479055, 0.0110339168459, 0.0101288575679, 0.00654507940635, 0.0106402123347, 0.00495738722384, 0.00395199051127, 0.00449268426746, 0.00365216610953, 0.00552755407989, 0.001903234981, 0.00234165345319, 0.00196801661514, 0.00132019515149, 0.00184664910194, 0.00136611424387, 0.00072613573866, 0.00142069335561, 0.00127290131059, 0.000334376469254, 0.000104421829747, 0.000423043151386, 0.000257466861513, 0.000197215063963, 0.000154609471792, 6.4185813244e-05, 0.000178434202098, 9.13835392566e-05, 8.13489459688e-05, 2.73246096185e-05, 2.01564344025e-05, 1.25258202388e-05, 2.75757793133e-05, 2.84873658529e-05, 3.14074895869e-05, 3.49987058144e-05], "mean": [0.00112860416993, 0.00154561200179, 0.000586250040215, 0.000683942285832, 0.000796380452812, 0.000564954592846, 0.00036806211574, 0.000287435454084, 0.000263350346358, 0.000174805449205, 0.000157545000548, 0.000121137258247, 7.3266637628e-05, 0.00010568738071, 5.00180831295e-05, 4.55851077277e-05, 2.58067793766e-05, 3.00064239127e-05, 4.12874796893e-05, 2.54308706644e-05, 2.36450050579e-05, 3.45059816027e-05, 2.50896664511e-05, 1.22087076306e-05, 5.44444856132e-06, 9.53731432674e-06, 1.15356433525e-05, 3.2648524666e-06, 1.40035467666e-06, 7.37097138881e-07, 8.52200571444e-07, 6.19694731085e-07, 6.94599009421e-07, 4.43852854914e-07, 2.9067041396e-07, 1.79883372198e-07, 1.70759463458e-07, 2.15976086793e-07, 2.26055561825e-07, 2.19563062842e-07], "median": [0.000102883270301, 0.000416082883021, 0.000330219161697, 0.000434237881564, 0.000424793572165, 0.000206866228837, 0.000138184303069, 8.36008475744e-05, 7.71236373112e-05, 3.63162253052e-05, 2.79321066046e-05, 2.18273326027e-05, 9.03691761778e-06, 6.84416500008e-06, 6.18761623628e-06, 5.23554035681e-06, 3.82528287446e-06, 6.20864693701e-06, 4.57159012512e-06, 4.36515210822e-06, 4.98429062645e-06, 4.53071425e-06, 3.53176483259e-06, 3.03124556922e-06, 1.90498860775e-06, 2.17488218368e-06, 1.83114173069e-06, 9.69900725067e-07, 2.37143069626e-07, 1.33427136007e-07, 1.35144347269e-07, 1.07171253205e-07, 1.2547511119e-07, 7.96312065177e-08, 6.36446415569e-08, 4.23782822168e-08, 3.64058045932e-08, 3.60706913227e-08, 2.97624254131e-08, 2.14486313155e-08], "min": [1.40333164334e-23, 9.63314260081e-24, 4.40832158246e-24, 4.14433795799e-24, 5.26031975909e-24, 2.73445024944e-24, 8.11696219617e-24, 7.05007988667e-24, 8.64267566948e-24, 8.53427671478e-24, 4.85071320038e-24, 3.21838209935e-24, 7.03669370597e-24, 1.58743158378e-23, 1.38271713017e-23, 1.58083118459e-23, 1.48499341984e-23, 1.44321503076e-23, 1.36170865985e-23, 8.74684159658e-24, 1.74514160258e-23, 1.38504963409e-23, 1.14583868752e-23, 1.17083895178e-23, 1.20057388032e-23, 1.23915848714e-23, 6.98359074528e-24, 7.33075817447e-24, 1.31864024653e-23, 1.54785443217e-23, 9.4361876986e-24, 7.92855775731e-24, 8.17418616623e-24, 9.52108964239e-24, 1.14712137535e-23, 1.14107507206e-23, 1.33111947385e-23, 1.00957503572e-23, 8.36452804747e-24, 1.03480612068e-23], "var": [5.39413485967e-06, 5.68964287595e-06, 5.46408614355e-07, 5.9523102891e-07, 1.12540271857e-06, 9.89540694718e-07, 4.60004230263e-07, 2.98748204841e-07, 3.08655558001e-07, 1.45389151385e-07, 1.20073934795e-07, 1.08917276975e-07, 5.80901406977e-08, 1.407793917e-07, 2.18211226866e-08, 2.08515871236e-08, 6.86446144371e-09, 6.41997655038e-09, 2.0355299668e-08, 6.03247762854e-09, 2.60496624271e-09, 9.40573574582e-09, 4.39167369137e-09, 6.75274947071e-10, 6.99122426617e-11, 3.38773092912e-10, 5.69754798896e-10, 4.95739005402e-11, 3.56131270307e-11, 5.29872196467e-12, 1.27679464224e-11, 6.88492882497e-12, 5.02010715983e-12, 1.48627009137e-12, 6.88258423778e-13, 3.2800287009e-13, 5.01040723667e-13, 7.98366201708e-13, 1.07741376584e-12, 1.19501825969e-12]}, "melbands_crest": {"dmean": 2.49464201927, "dmean2": 3.8632235527, "dvar": 5.7998790741, "dvar2": 13.6462116241, "max": 33.6879234314, "mean": 14.2352457047, "median": 13.7017745972, "min": 1.7162810564, "var": 24.6231784821}, "melbands_flatness_db": {"dmean": 0.0212577022612, "dmean2": 0.0307954996824, "dvar": 0.000600230530836, "dvar2": 0.00118687422946, "max": 0.5625846982, "mean": 0.265779614449, "median": 0.255430489779, "min": 0.00614734785631, "var": 0.00594625575468}, "melbands_kurtosis": {"dmean": 5.95830106735, "dmean2": 9.28946685791, "dvar": 147.856246948, "dvar2": 371.645629883, "max": 337.32043457, "mean": 14.8077192307, "median": 8.06312465668, "min": -1.77836322784, "var": 485.620574951}, "melbands_skewness": {"dmean": 0.562173306942, "dmean2": 0.851018726826, "dvar": 0.431089252234, "dvar2": 0.985429525375, "max": 15.5779838562, "mean": 2.48365998268, "median": 2.26498675346, "min": -1.72522974014, "var": 2.859603405}, "melbands_spread": {"dmean": 3.88108491898, "dmean2": 5.70070362091, "dvar": 38.6371612549, "dvar2": 75.8781661987, "max": 176.687347412, "mean": 15.7904987335, "median": 12.3778505325, "min": 0.427232146263, "var": 172.984237671}, "mfcc": {"cov": [[6052.65917969, -670.646606445, -1091.82678223, -190.770553589, -385.788360596, -503.838500977, -170.345703125, 145.208480835, -101.698425293, 23.5574321747, 35.4830360413, -215.414093018, 101.945289612], [-670.646606445, 1398.94848633, 140.122802734, -132.090332031, 67.3268585205, 32.6542015076, 133.816345215, -36.0731887817, -91.6972503662, 127.297355652, 17.9430580139, 17.3912620544, -59.9248504639], [-1091.82678223, 140.122802734, 943.145507813, 223.34777832, 173.406707764, 182.629684448, -15.7123603821, -36.548324585, 18.9891490936, -22.9778594971, 13.3662719727, 96.3351745605, -35.22057724], [-190.770553589, -132.090332031, 223.34777832, 576.625183105, 244.496765137, 36.3254814148, -139.809829712, 9.26041698456, 84.4125671387, -17.6711120605, -34.9783172607, 63.9691352844, 39.6499824524], [-385.788360596, 67.3268585205, 173.406707764, 244.496765137, 395.277130127, 64.8883209229, -118.293792725, -56.7193527222, 65.9583816528, 64.2062835693, -10.3612747192, 16.9539909363, 16.994644165], [-503.838500977, 32.6542015076, 182.629684448, 36.3254814148, 64.8883209229, 273.683410645, 114.314804077, 6.91654920578, 76.0956878662, 15.8458595276, 39.1210098267, 49.6998634338, -14.8420610428], [-170.345703125, 133.816345215, -15.7123603821, -139.809829712, -118.293792725, 114.314804077, 318.170806885, 116.054946899, 21.5802440643, 16.6614227295, 57.521270752, 31.4981803894, 5.15807008743], [145.208480835, -36.0731887817, -36.548324585, 9.26041698456, -56.7193527222, 6.91654920578, 116.054946899, 191.085708618, 44.6021614075, -7.36644172668, 25.033536911, 9.25751686096, 36.5157318115], [-101.698425293, -91.6972503662, 18.9891490936, 84.4125671387, 65.9583816528, 76.0956878662, 21.5802440643, 44.6021614075, 211.051483154, 48.3330039978, 2.48848104477, 14.3640556335, 9.36478042603], [23.5574321747, 127.297355652, -22.9778594971, -17.6711120605, 64.2062835693, 15.8458595276, 16.6614227295, -7.36644172668, 48.3330039978, 177.899810791, 44.2596511841, -2.10992693901, 11.5295724869], [35.4830360413, 17.9430580139, 13.3662719727, -34.9783172607, -10.3612747192, 39.1210098267, 57.521270752, 25.033536911, 2.48848104477, 44.2596511841, 119.822570801, 30.7637939453, 0.551794588566], [-215.414093018, 17.3912620544, 96.3351745605, 63.9691352844, 16.9539909363, 49.6998634338, 31.4981803894, 9.25751686096, 14.3640556335, -2.10992693901, 30.7637939453, 132.205566406, 18.1631507874], [101.945289612, -59.9248504639, -35.22057724, 39.6499824524, 16.994644165, -14.8420610428, 5.15807008743, 36.5157318115, 9.36478042603, 11.5295724869, 0.551794588566, 18.1631507874, 116.680938721]], "icov": [[0.000257839506958, 7.71049089963e-05, 0.000198146139155, -6.90089800628e-05, 0.000179394395673, 0.000208652360016, 0.000167121557752, -0.000184741744306, 7.9489145719e-05, -0.00013268229668, -0.000234513223404, 0.000225302748731, -7.88079632912e-05], [7.71049089963e-05, 0.000986953498796, -9.52659247559e-05, 0.000152030668687, -0.000340945378412, 0.000270815275144, -0.000610025948845, 2.96050857287e-05, 0.000662671984173, -0.000872640754096, 0.000404108606745, -0.00017444822879, 0.000519188237377], [0.000198146139155, -9.52659247559e-05, 0.00163880013861, -0.000433762557805, -0.000130683620228, -0.000749116530642, 0.000362932652934, -0.000165960169397, 0.000356812670361, 0.000211902239243, -0.000228809542023, -0.00046290201135, 0.000403230515076], [-6.90089800628e-05, 0.000152030668687, -0.000433762557805, 0.00322746508755, -0.00159289769363, -0.000112748115498, 0.00118407502305, -0.00114150426816, -0.000592678610701, 0.000583877554163, 0.000708532752469, -0.0013743705349, -0.000366278603906], [0.000179394395673, -0.000340945378412, -0.000130683620228, -0.00159289769363, 0.00488225091249, -0.00111834728159, 0.00163100135978, 0.000559208507184, -0.000487798912218, -0.00150193925947, -0.000191623723367, 0.000761540373787, -0.000860540778376], [0.000208652360016, 0.000270815275144, -0.000749116530642, -0.000112748115498, -0.00111834728159, 0.00690161902457, -0.0032367752865, 0.00169935449958, -0.00196387758479, 0.000642849190626, -0.00128612655681, -0.000452532927739, 0.000591653573792], [0.000167121557752, -0.000610025948845, 0.000362932652934, 0.00118407502305, 0.00163100135978, -0.0032367752865, 0.00752063421533, -0.00405556475744, 0.000229854747886, -0.000429792620707, -0.000864468049258, -0.000772227649577, -0.000316347315675], [-0.000184741744306, 2.96050857287e-05, -0.000165960169397, -0.00114150426816, 0.000559208507184, 0.00169935449958, -0.00405556475744, 0.00906335748732, -0.00214928365313, 0.00134309008718, -0.00137833401095, 0.000852830999065, -0.0020944471471], [7.9489145719e-05, 0.000662671984173, 0.000356812670361, -0.000592678610701, -0.000487798912218, -0.00196387758479, 0.000229854747886, -0.00214928365313, 0.00712912809104, -0.00262150657363, 0.00149780337233, -0.00030798613443, 0.000791410333477], [-0.00013268229668, -0.000872640754096, 0.000211902239243, 0.000583877554163, -0.00150193925947, 0.000642849190626, -0.000429792620707, 0.00134309008718, -0.00262150657363, 0.00858708750457, -0.00341899204068, 0.000819363922346, -0.00131697684992], [-0.000234513223404, 0.000404108606745, -0.000228809542023, 0.000708532752469, -0.000191623723367, -0.00128612655681, -0.000864468049258, -0.00137833401095, 0.00149780337233, -0.00341899204068, 0.0116583034396, -0.00287475250661, 0.00104647525586], [0.000225302748731, -0.00017444822879, -0.00046290201135, -0.0013743705349, 0.000761540373787, -0.000452532927739, -0.000772227649577, 0.000852830999065, -0.00030798613443, 0.000819363922346, -0.00287475250661, 0.010140796192, -0.00198159739375], [-7.88079632912e-05, 0.000519188237377, 0.000403230515076, -0.000366278603906, -0.000860540778376, 0.000591653573792, -0.000316347315675, -0.0020944471471, 0.000791410333477, -0.00131697684992, 0.00104647525586, -0.00198159739375, 0.0103922430426]], "mean": [-697.277832031, 157.630462646, -4.71987295151, 28.811252594, 7.81476354599, -10.9543018341, -4.42295503616, 0.439923077822, -5.96816062927, 0.744946658611, -3.00329113007, -6.28279781342, 1.56309652328]}, "pitch_salience": {"dmean": 0.0597949698567, "dmean2": 0.0943640694022, "dvar": 0.00326867355034, "dvar2": 0.00811372045428, "max": 0.84927380085, "mean": 0.534938097, "median": 0.543788671494, "min": 0.103809796274, "var": 0.0147506268695}, "silence_rate_20dB": {"dmean": 0, "dmean2": 0, "dvar": 0, "dvar2": 0, "max": 1, "mean": 1, "median": 1, "min": 1, "var": 0}, "silence_rate_30dB": {"dmean": 0.000554477388505, "dmean2": 0.00110910856165, "dvar": 0.000554164987989, "dvar2": 0.00166241277475, "max": 1, "mean": 0.999722778797, "median": 1, "min": 0, "var": 0.000277128390735}, "silence_rate_60dB": {"dmean": 0.0144164124504, "dmean2": 0.0288368221372, "dvar": 0.0142070734873, "dvar2": 0.0313290208578, "max": 1, "mean": 0.0510048493743, "median": 0, "min": 0, "var": 0.0483983829618}, "spectral_centroid": {"dmean": 154.839828491, "dmean2": 221.674713135, "dvar": 49336.3203125, "dvar2": 84842.015625, "max": 10877.1064453, "mean": 990.673156738, "median": 858.919128418, "min": 137.604919434, "var": 355934.96875}, "spectral_complexity": {"dmean": 2.03520941734, "dmean2": 3.10494947433, "dvar": 4.44391441345, "dvar2": 8.78525733948, "max": 43, "mean": 13.462231636, "median": 12, "min": 0, "var": 42.9031066895}, "spectral_contrast_coeffs": {"dmean": [0.0449457988143, 0.0425101742148, 0.0357154607773, 0.0309087224305, 0.0243714656681, 0.0160590447485], "dmean2": [0.0729116946459, 0.0674559101462, 0.0569723285735, 0.0481229871511, 0.0370843522251, 0.0251021701843], "dvar": [0.00147171609569, 0.00125533947721, 0.000868648581672, 0.000675576273352, 0.000514652871061, 0.000244694179855], "dvar2": [0.00375927635469, 0.00312226545066, 0.0020700620953, 0.0015020071296, 0.000984821468592, 0.000537295825779], "max": [-0.292435646057, -0.412332773209, -0.477422744036, -0.456645309925, -0.528163552284, -0.607935845852], "mean": [-0.598327815533, -0.685805737972, -0.733591258526, -0.738755524158, -0.740207433701, -0.791747093201], "median": [-0.59911775589, -0.689850747585, -0.745942831039, -0.746976196766, -0.746526539326, -0.794813096523], "min": [-0.951239645481, -0.969609618187, -0.990639209747, -0.963471472263, -0.964618861675, -0.958860039711], "var": [0.0079655693844, 0.00686838012189, 0.00617722095922, 0.00473997555673, 0.0047483406961, 0.00200763647445]}, "spectral_contrast_valleys": {"dmean": [0.373419165611, 0.328982949257, 0.298039287329, 0.265698820353, 0.250384867191, 0.25646841526], "dmean2": [0.602946996689, 0.529964745045, 0.485631346703, 0.413151025772, 0.365821987391, 0.356034010649], "dvar": [0.134154602885, 0.100070074201, 0.094161182642, 0.0774565264583, 0.0887380540371, 0.107130132616], "dvar2": [0.274673581123, 0.214289173484, 0.198388651013, 0.142659068108, 0.147573709488, 0.181536614895], "max": [-5.29526472092, -4.81745243073, -5.55698299408, -6.10138607025, -6.12418460846, -8.00853252411], "mean": [-7.56255483627, -6.8941245079, -7.97896194458, -8.51632499695, -8.48791122437, -11.1873559952], "median": [-7.52850580215, -6.8099527359, -7.95414972305, -8.44289684296, -8.43193244934, -11.2154541016], "min": [-27.3031654358, -27.4778804779, -27.0500259399, -27.0350017548, -27.2151050568, -27.2461547852], "var": [0.917881786823, 0.937928855419, 0.98822426796, 0.810744941235, 0.82962679863, 0.688433051109]}, "spectral_decrease": {"dmean": 1.25711829835e-09, "dmean2": 1.83708448454e-09, "dvar": 2.85953401268e-18, "dvar2": 6.54220579268e-18, "max": -2.68208886008e-29, "mean": -6.1216125502e-09, "median": -5.33856070462e-09, "min": -2.88332646647e-08, "var": 1.96179249506e-17}, "spectral_energy": {"dmean": 0.00492792343721, "dmean2": 0.00717366719618, "dvar": 4.26934748248e-05, "dvar2": 9.65337894741e-05, "max": 0.110192477703, "mean": 0.0244446955621, "median": 0.0212319754064, "min": 1.04594298505e-20, "var": 0.0003089204547}, "spectral_energyband_high": {"dmean": 7.36949732527e-05, "dmean2": 0.000105445353256, "dvar": 6.16232611605e-08, "dvar2": 1.19505259022e-07, "max": 0.0078793624416, "mean": 0.000168242462678, "median": 4.89536323585e-05, "min": 7.61183312678e-21, "var": 1.71917506009e-07}, "spectral_energyband_low": {"dmean": 0.00248991325498, "dmean2": 0.00382509361953, "dvar": 3.30552829837e-05, "dvar2": 8.12030411907e-05, "max": 0.091710306704, "mean": 0.00753254117444, "median": 0.00243055587634, "min": 7.484401142e-23, "var": 0.000132263390697}, "spectral_energyband_middle_high": {"dmean": 0.00123359658755, "dmean2": 0.00168308941647, "dvar": 5.07969707542e-06, "dvar2": 8.61669104779e-06, "max": 0.0557698085904, "mean": 0.00513178715482, "median": 0.00176465138793, "min": 1.76398608228e-21, "var": 5.9970694565e-05}, "spectral_energyband_middle_low": {"dmean": 0.00313863204792, "dmean2": 0.00459992466494, "dvar": 1.40022202686e-05, "dvar2": 3.19093742291e-05, "max": 0.0654386654496, "mean": 0.0124112041667, "median": 0.0106021640822, "min": 1.97580260645e-22, "var": 8.74103716342e-05}, "spectral_entropy": {"dmean": 0.160717964172, "dmean2": 0.230527758598, "dvar": 0.0344888493419, "dvar2": 0.0655274614692, "max": 9.79602718353, "mean": 6.8884062767, "median": 6.9075627327, "min": 5.12335968018, "var": 0.219408005476}, "spectral_flux": {"dmean": 0.0168524757028, "dmean2": 0.0265691522509, "dvar": 0.000364239269402, "dvar2": 0.000845721224323, "max": 0.246607095003, "mean": 0.0582733862102, "median": 0.0511797219515, "min": 1.0227135111e-10, "var": 0.00115871534217}, "spectral_kurtosis": {"dmean": 2.78644895554, "dmean2": 4.65335845947, "dvar": 7.71470785141, "dvar2": 19.8868083954, "max": 51.9302558899, "mean": 9.12700462341, "median": 7.9265294075, "min": -1.20322644711, "var": 29.1558628082}, "spectral_rms": {"dmean": 0.000489794707391, "dmean2": 0.000695123395417, "dvar": 3.16138709877e-07, "dvar2": 6.40167684196e-07, "max": 0.0103684552014, "mean": 0.00453371601179, "median": 0.00455127703026, "min": 3.19442042263e-12, "var": 3.29386170961e-06}, "spectral_rolloff": {"dmean": 250.503997803, "dmean2": 416.965606689, "dvar": 427784.65625, "dvar2": 798032.25, "max": 19444.4824219, "mean": 1045.61315918, "median": 645.99609375, "min": 43.06640625, "var": 1184983}, "spectral_skewness": {"dmean": 0.293650895357, "dmean2": 0.471658021212, "dvar": 0.0841193050146, "dvar2": 0.187822580338, "max": 6.11956119537, "mean": 2.1440308094, "median": 2.03790235519, "min": 0.0126089211553, "var": 0.546210467815}, "spectral_spread": {"dmean": 382434.78125, "dmean2": 558520.9375, "dvar": 450426535936, "dvar2": 681294561280, "max": 40566572, "mean": 3389739.25, "m