{"lowlevel": {"average_loudness": 0.56694996357, "barkbands": {"dmean": [2.79561863863e-05, 0.000818535103463, 0.000478497211589, 0.000149893545313, 0.000487728451844, 0.000500010210089, 0.000207081771805, 0.000404902733862, 0.000802310416475, 0.000649214314763, 0.000332364201313, 0.000323429703712, 0.000184087126399, 0.000183829324669, 0.000152879525558, 0.000175270979526, 0.000115687616926, 8.57187915244e-05, 9.66325605987e-05, 8.14871673356e-05, 5.01951690239e-05, 1.49829465954e-05, 1.19742417155e-05, 2.69165248028e-05, 2.1879472115e-05, 2.8477484193e-06, 9.68361177911e-07], "dmean2": [4.83834737679e-05, 0.00118361553177, 0.000721290824004, 0.000242963491473, 0.000723475415725, 0.00072787044337, 0.000311704381602, 0.000612772419117, 0.00119190523401, 0.000943231396377, 0.000467901903903, 0.000465890509076, 0.000261943758233, 0.000262408226263, 0.000214474173845, 0.000245752569754, 0.000164334691362, 0.0001203461361, 0.000129527630634, 0.000113552072435, 7.29164603399e-05, 2.24884170166e-05, 1.74717679329e-05, 3.74427945644e-05, 3.13480377372e-05, 4.05939726988e-06, 1.40008035032e-06], "dvar": [7.1757026987e-09, 6.7514206421e-06, 2.92999789053e-06, 1.23538697494e-07, 1.59921671639e-06, 1.26600377826e-06, 6.01950716828e-07, 2.79392088487e-06, 1.03760849015e-05, 8.04510000307e-06, 2.7051107736e-06, 1.64445521023e-06, 7.36400465939e-07, 9.21563071188e-07, 4.12938788941e-07, 6.04186425335e-07, 3.31774430151e-07, 1.55396122636e-07, 1.27148524598e-07, 7.42175600976e-08, 3.73012980504e-08, 9.71264135785e-09, 5.99797900236e-09, 3.07243830378e-08, 2.5606766485e-08, 2.82616263725e-10, 1.96300788124e-11], "dvar2": [1.60825521789e-08, 1.44052346513e-05, 6.63965556669e-06, 3.27880457007e-07, 3.58337911166e-06, 2.47358161687e-06, 1.30896535211e-06, 6.15615408606e-06, 2.24216128117e-05, 1.71153351403e-05, 4.34635421698e-06, 3.0139322007e-06, 1.41567727496e-06, 1.80935671779e-06, 7.63182242736e-07, 1.12242616979e-06, 6.46175635666e-07, 2.90889943244e-07, 2.16382275653e-07, 1.3115968045e-07, 7.31311615709e-08, 1.89608684309e-08, 1.20030243522e-08, 5.22717442664e-08, 4.73795864764e-08, 5.13061759744e-10, 3.83790811631e-11], "max": [0.00447164662182, 0.036743029952, 0.0253204107285, 0.00914602540433, 0.0470791272819, 0.0342232473195, 0.0264460686594, 0.0376517176628, 0.0705503225327, 0.0883283615112, 0.0776537433267, 0.0467882566154, 0.0340204276145, 0.0442645177245, 0.0180373322219, 0.033561501652, 0.0206468459219, 0.0186628419906, 0.0155843831599, 0.00837193895131, 0.00568744307384, 0.00398585665971, 0.00276421592571, 0.00747369835153, 0.00739091122523, 0.00065260543488, 0.000141353797517], "mean": [5.40093824384e-05, 0.00177568232175, 0.00087155343499, 0.000254215323366, 0.00104896584526, 0.00115706049837, 0.000382732716389, 0.000627275905572, 0.0012552854605, 0.00106517667882, 0.000638530182187, 0.000690400716849, 0.000334911921527, 0.000399152981117, 0.000270160177024, 0.000330822309479, 0.000230496108998, 0.000197730856598, 0.000222259652219, 0.0001750405645, 9.67789019342e-05, 2.25661842705e-05, 1.82010699064e-05, 4.42817618023e-05, 3.51236121787e-05, 4.22273933509e-06, 1.45756473557e-06], "median": [4.59618786408e-05, 0.000172133935848, 0.000126875296701, 8.22295696707e-05, 0.000273758225376, 0.000392768240999, 0.000108448279207, 7.29659077479e-05, 0.000100888690213, 7.5743177149e-05, 2.83125391434e-05, 4.45846599177e-05, 2.1156432922e-05, 1.81542181963e-05, 2.09539775824e-05, 1.92253173736e-05, 1.68221122294e-05, 1.35725267683e-05, 1.48301078298e-05, 1.24676244013e-05, 8.28268275654e-06, 2.8117246984e-06, 1.45666149365e-06, 1.7141430817e-06, 1.35650248012e-06, 3.85108592127e-07, 1.48261534605e-07], "min": [2.24978144568e-23, 2.28170759315e-23, 2.18655866175e-23, 3.41155709564e-23, 3.68272550745e-23, 8.63258755846e-23, 5.46730841981e-23, 2.9682933131e-23, 1.11270357916e-22, 9.16843868327e-23, 1.0798705572e-22, 9.9277924041e-23, 5.10414336477e-23, 1.06181536123e-22, 9.94994172505e-23, 1.41266699174e-22, 1.621416248e-22, 2.04317675512e-22, 3.31175823941e-22, 3.31219545768e-22, 6.12384112673e-22, 4.89619685336e-22, 5.94404697844e-22, 9.43931622629e-22, 1.02052034825e-21, 1.59413607475e-21, 2.26593971516e-21], "var": [8.9427416583e-09, 1.62215092132e-05, 5.73854049435e-06, 2.53164586184e-07, 6.57706732454e-06, 5.64910942558e-06, 1.35518121169e-06, 5.41152030564e-06, 1.9868630261e-05, 1.72189138539e-05, 1.10578266685e-05, 6.91096693117e-06, 2.58060504166e-06, 4.67167546958e-06, 1.12623729365e-06, 1.7697043404e-06, 1.24090490772e-06, 6.21035269432e-07, 6.41280962554e-07, 3.06238604253e-07, 1.09738337528e-07, 1.72088903128e-08, 1.06867306116e-08, 6.77332963051e-08, 4.30529283335e-08, 5.21775844753e-10, 3.40303028812e-11]}, "barkbands_crest": {"dmean": 2.39439082146, "dmean2": 3.76860022545, "dvar": 5.33864021301, "dvar2": 12.5529270172, "max": 25.4655532837, "mean": 11.5886697769, "median": 10.6389160156, "min": 2.13050460815, "var": 23.5399169922}, "barkbands_flatness_db": {"dmean": 0.0217733755708, "dmean2": 0.0313938297331, "dvar": 0.000591642106883, "dvar2": 0.00114917918108, "max": 0.381361633539, "mean": 0.169253915548, "median": 0.161556556821, "min": 0.0113963996992, "var": 0.00392969232053}, "barkbands_kurtosis": {"dmean": 3.15146589279, "dmean2": 4.81454372406, "dvar": 43.6155471802, "dvar2": 99.6906051636, "max": 248.304718018, "mean": 5.75985193253, "median": 2.38085699081, "min": -1.81367564201, "var": 152.858673096}, "barkbands_skewness": {"dmean": 0.519703686237, "dmean2": 0.759326517582, "dvar": 0.351808667183, "dvar2": 0.721637606621, "max": 12.9707756042, "mean": 1.40264046192, "median": 1.23727226257, "min": -3.73763155937, "var": 2.18480396271}, "barkbands_spread": {"dmean": 4.10678386688, "dmean2": 6.15227127075, "dvar": 37.4020767212, "dvar2": 74.6153793335, "max": 95.6987838745, "mean": 16.7090320587, "median": 12.5507411957, "min": 0.612857580185, "var": 217.342376709}, "dissonance": {"dmean": 0.0277713909745, "dmean2": 0.0460744053125, "dvar": 0.000737973372452, "dvar2": 0.00199283380061, "max": 0.49997895956, "mean": 0.441845118999, "median": 0.452785134315, "min": 0.189044266939, "var": 0.00195746170357}, "dynamic_complexity": 5.79850721359, "erbbands": {"dmean": [0.0148416310549, 0.217722520232, 0.610377073288, 0.415138930082, 0.994028270245, 1.67887735367, 3.38242149353, 4.48354673386, 3.50893783569, 3.39006447792, 10.5391941071, 15.2046489716, 25.3162326813, 13.9796886444, 12.0083847046, 11.1602983475, 7.90893220901, 8.79759311676, 7.40085220337, 7.89831256866, 8.72930431366, 6.01906347275, 4.17462921143, 4.79884529114, 3.7747836113, 3.35856986046, 3.21680784225, 0.892226278782, 0.558054745197, 0.408034622669, 0.342776358128, 0.370440304279, 0.561146616936, 0.374887377024, 0.082952901721, 0.0179659221321, 0.00455963099375, 0.00112681556493, 0.000172085099621, 1.17089721243e-05], "dmean2": [0.0210755132139, 0.319288015366, 0.91441655159, 0.642033755779, 1.5950807333, 2.5224571228, 4.85974693298, 6.49567317963, 5.16318416595, 5.16374635696, 15.8225860596, 22.5068397522, 37.9710006714, 19.6222610474, 16.3145160675, 16.0196380615, 10.7845907211, 12.2397813797, 10.3362255096, 10.9339551926, 11.93907547, 8.10281848907, 5.76163578033, 6.3699760437, 5.01512527466, 4.44881439209, 4.32643175125, 1.28530502319, 0.839206278324, 0.617474138737, 0.509782731533, 0.540459096432, 0.782311797142, 0.533051550388, 0.118803136051, 0.0254714880139, 0.00659514404833, 0.00162622542121, 0.000246094597969, 1.62780506798e-05], "dvar": [0.00242521078326, 0.478968560696, 4.73139858246, 0.905294775963, 6.74069452286, 23.3950157166, 83.8465805054, 122.897369385, 119.338775635, 223.089523315, 1882.73693848, 3338.92285156, 12833.1142578, 4133.34277344, 2968.22143555, 1746.22570801, 1124.04138184, 2277.80859375, 950.697143555, 1384.07336426, 1259.25463867, 853.801147461, 357.259674072, 299.638702393, 197.986099243, 140.939315796, 131.598297119, 15.4642696381, 13.445807457, 8.4311466217, 4.67153167725, 4.68667316437, 14.9290237427, 7.76638031006, 0.376433879137, 0.0154321650043, 0.000635470321868, 2.76519913314e-05, 6.86566920649e-07, 1.70117797627e-09], "dvar2": [0.00515772914514, 1.02055025101, 10.4495239258, 2.22749614716, 17.055398941, 47.4621238708, 179.40663147, 233.93081665, 248.76991272, 519.815124512, 4194.66552734, 7179.98095703, 29441.4003906, 7702.45410156, 4853.77246094, 3035.47167969, 2150.12353516, 4186.52832031, 1888.5793457, 2319.18994141, 2192.02514648, 1568.90649414, 689.372192383, 492.346618652, 368.933258057, 225.982788086, 239.206192017, 30.8122024536, 27.0052165985, 16.1846027374, 9.6447725296, 8.99958992004, 25.2109794617, 14.3662967682, 0.721882760525, 0.0294305831194, 0.00116615835577, 4.94131891173e-05, 1.34841445742e-06, 3.18565840374e-09], "max": [0.857390582561, 9.78370571136, 32.2969017029, 16.3248195648, 84.686340332, 161.609039307, 322.13571167, 388.933807373, 343.630401611, 629.083007813, 1032.92932129, 1425.88830566, 3767.25732422, 2739.84301758, 2116.87353516, 1929.12609863, 1145.71618652, 2646.81640625, 1538.78942871, 1909.46130371, 1667.08618164, 1326.64831543, 1032.29296875, 782.537475586, 472.110717773, 489.775878906, 305.836456299, 166.805908203, 145.745773315, 115.425216675, 67.1061477661, 84.5264968872, 154.675552368, 137.238967896, 27.0685005188, 5.18573904037, 1.01407456398, 0.162947803736, 0.0284243486822, 0.00164103100542], "mean": [0.0318406410515, 0.46604424715, 1.14661157131, 0.8233756423, 1.83924388885, 3.44148135185, 7.28886127472, 9.79256534576, 7.30927848816, 5.97166633606, 17.0276374817, 25.2041072845, 43.2456741333, 27.5443305969, 25.064371109, 26.5037631989, 16.764251709, 19.2743663788, 15.34907341, 16.1719799042, 18.5826473236, 13.5999193192, 10.5094652176, 12.0320034027, 9.22499465942, 8.12601089478, 7.41612529755, 1.70879518986, 0.852639436722, 0.62364345789, 0.520510852337, 0.600480318069, 0.92486423254, 0.602272212505, 0.126046031713, 0.0256352704018, 0.00691040139645, 0.00169665098656, 0.000260693603195, 2.78603674815e-05], "median": [0.00324923172593, 0.0495205074549, 0.188285976648, 0.299904644489, 0.519911885262, 0.867140650749, 1.7402318716, 3.41919231415, 2.59986591339, 1.40753555298, 2.27520799637, 2.69547057152, 3.08960223198, 2.91416215897, 2.17620849609, 1.89777898788, 1.31122505665, 1.16973626614, 1.30974292755, 1.21233916283, 1.31887578964, 1.07224845886, 0.830099999905, 0.800990343094, 0.777704596519, 0.577616453171, 0.43490678072, 0.224777668715, 0.114488758147, 0.0694543868303, 0.0395222790539, 0.0327577777207, 0.0280980914831, 0.0177540723234, 0.00671455636621, 0.0019470572006, 0.000635017640889, 0.000150792620843, 2.95792087854e-05, 1.11866338557e-05], "min": [8.75909951685e-22, 4.45135937535e-21, 1.70982255427e-20, 1.01135412077e-19, 4.97620450467e-20, 1.7690128524e-19, 1.93907394851e-19, 1.10907900902e-18, 6.47280409851e-19, 8.55473860116e-19, 1.09087090258e-18, 2.72437145982e-18, 2.46352811866e-18, 2.99238666369e-18, 5.70211247717e-18, 3.16646372167e-18, 1.87503481456e-18, 4.68610472875e-18, 6.66296878544e-18, 5.2837476844e-18, 7.46836146065e-18, 9.21999168117e-18, 1.00599290731e-17, 1.483531885e-17, 1.86927929186e-17, 1.52863672032e-17, 1.89328820914e-17, 2.64684279886e-17, 1.94008744122e-17, 2.07399160422e-17, 1.61989674488e-17, 1.47715862382e-17, 1.75412301201e-17, 1.17176974552e-17, 7.04330560391e-18, 4.54503941503e-18, 3.69479659341e-18, 1.31766190626e-18, 2.84846752516e-19, 3.40130399404e-20], "var": [0.00590633554384, 1.13168156147, 9.21601581573, 2.00347590446, 20.4598522186, 87.3856430054, 322.671203613, 458.526702881, 328.877319336, 399.6640625, 3753.51049805, 7068.33691406, 29089.1542969, 12057.5097656, 11224.3486328, 10370.6953125, 4815.76074219, 9915.06640625, 4069.70166016, 4350.4296875, 5169.34472656, 4160.96923828, 1853.6340332, 1768.0637207, 968.402038574, 680.625427246, 551.483886719, 33.5614891052, 23.0739421844, 15.8315572739, 7.85319137573, 9.44152069092, 32.4415550232, 13.1190500259, 0.617045104504, 0.0261630211025, 0.00119991332758, 5.46160481463e-05, 1.15518162147e-06, 3.44577300027e-09]}, "erbbands_crest": {"dmean": 2.98169088364, "dmean2": 4.66840600967, "dvar": 7.94595956802, "dvar2": 18.922492981, "max": 32.849357605, "mean": 11.4475469589, "median": 10.242483139, "min": 2.56120204926, "var": 30.0328884125}, "erbbands_flatness_db": {"dmean": 0.0198525302112, "dmean2": 0.0279946085066, "dvar": 0.000452564563602, "dvar2": 0.000852388504427, "max": 0.476558327675, "mean": 0.193587943912, "median": 0.192605048418, "min": 0.0298161897808, "var": 0.00315066543408}, "erbbands_kurtosis": {"dmean": 1.4974925518, "dmean2": 2.24515724182, "dvar": 6.69802379608, "dvar2": 14.3563709259, "max": 69.6779022217, "mean": 1.8210773468, "median": 0.355623066425, "min": -1.84303689003, "var": 21.598274231}, "erbbands_skewness": {"dmean": 0.412230789661, "dmean2": 0.606766581535, "dvar": 0.178235813975, "dvar2": 0.378646910191, "max": 6.16833925247, "mean": 0.539496004581, "median": 0.489991307259, "min": -4.55860137939, "var": 0.942722856998}, "erbbands_spread": {"dmean": 6.55998134613, "dmean2": 9.71298408508, "dvar": 67.0075454712, "dvar2": 143.162765503, "max": 147.020812988, "mean": 28.9264545441, "median": 25.2562580109, "min": 0.885693371296, "var": 359.410705566}, "gfcc": {"cov": [[22109.2929688, 1036.47131348, -2398.47802734, 150.54750061, -976.349365234, -86.5362243652, -467.796936035, 352.38885498, -626.772399902, -172.589553833, 58.5064315796, -564.771850586, 301.633483887], [1036.47131348, 2365.88989258, 455.336181641, -122.749610901, 327.945831299, -118.117523193, 203.020523071, -139.879089355, 110.037727356, -58.7758369446, 34.9302215576, -5.28842592239, -103.807884216], [-2398.47802734, 455.336181641, 1407.24633789, 250.516662598, 80.1333694458, 42.4464607239, 13.707901001, -74.4187850952, 173.537307739, 28.8116798401, 2.19113659859, 112.713066101, -126.082351685], [150.54750061, -122.749610901, 250.516662598, 517.954650879, 35.1966590881, -30.6873474121, -54.1814041138, 42.5035324097, 96.5748901367, -5.25814962387, -26.880771637, 43.5723495483, -7.03116083145], [-976.349365234, 327.945831299, 80.1333694458, 35.1966590881, 429.44619751, 77.0909729004, 127.940437317, -7.55082130432, 75.5435409546, 28.2751293182, 0.000638038967736, 28.9458732605, -23.1651706696], [-86.5362243652, -118.117523193, 42.4464607239, -30.6873474121, 77.0909729004, 295.811431885, 154.966018677, -3.89833903313, -11.5057058334, 29.8793029785, 9.71027088165, -21.4595375061, -0.208671763539], [-467.796936035, 203.020523071, 13.707901001, -54.1814041138, 127.940437317, 154.966018677, 332.414093018, 36.9551506042, 4.74390983582, 9.11769485474, -10.5123138428, 12.2457752228, -6.96405601501], [352.38885498, -139.879089355, -74.4187850952, 42.5035324097, -7.55082130432, -3.89833903313, 36.9551506042, 179.024780273, 21.9758396149, -21.2745494843, -3.76028943062, -14.7289657593, 36.7474975586], [-626.772399902, 110.037727356, 173.537307739, 96.5748901367, 75.5435409546, -11.5057058334, 4.74390983582, 21.9758396149, 185.551376343, 27.284992218, -28.0441532135, 43.9996261597, -27.0006122589], [-172.589553833, -58.7758369446, 28.8116798401, -5.25814962387, 28.2751293182, 29.8793029785, 9.11769485474, -21.2745494843, 27.284992218, 137.936294556, 61.3738708496, -9.52482509613, -6.61426639557], [58.5064315796, 34.9302215576, 2.19113659859, -26.880771637, 0.000638038967736, 9.71027088165, -10.5123138428, -3.76028943062, -28.0441532135, 61.3738708496, 136.971237183, 5.12962770462, 4.06034898758], [-564.771850586, -5.28842592239, 112.713066101, 43.5723495483, 28.9458732605, -21.4595375061, 12.2457752228, -14.7289657593, 43.9996261597, -9.52482509613, 5.12962770462, 129.750686646, 1.6083958149], [301.633483887, -103.807884216, -126.082351685, -7.03116083145, -23.1651706696, -0.208671763539, -6.96405601501, 36.7474975586, -27.0006122589, -6.61426639557, 4.06034898758, 1.6083958149, 106.589241028]], "icov": [[0.000139114985359, -0.000322634848999, 0.000307392823743, -0.000307240814436, 0.000408774212701, -0.000480785121908, 0.000468715501484, -0.000522461021319, 0.000497068976983, -0.000353175390046, 0.000274460122455, -5.1415492635e-05, 2.84130819637e-05], [-0.000322634848999, 0.00156816723756, -0.000984137644991, 0.000971248140559, -0.00144695374183, 0.00208648014814, -0.00199762848206, 0.00219117524102, -0.001937211724, 0.00200137752108, -0.00162853370421, 0.0011639080476, -0.000178170099389], [0.000307392823743, -0.000984137644991, 0.00176907039713, -0.00113761983812, 0.00115995528176, -0.00164108001627, 0.00131709128618, -0.00112014077604, 0.000730503117666, -0.00106031796895, 0.000686854473315, -0.0010038416367, 0.00101856281981], [-0.000307240814436, 0.000971248140559, -0.00113761983812, 0.00318046403117, -0.00125193223357, 0.00132014986593, -0.000693826936185, 0.000676068884786, -0.00196052459069, 0.00110440910794, -0.000491539365612, 3.10803516186e-05, -0.000278266466921], [0.000408774212701, -0.00144695374183, 0.00115995528176, -0.00125193223357, 0.00444762641564, -0.00227293139324, 0.000849217060022, -0.00161796470638, 0.000720559677575, -0.00179388641845, 0.00108772667591, -0.000922143575735, 0.00034267018782], [-0.000480785121908, 0.00208648014814, -0.00164108001627, 0.00132014986593, -0.00227293139324, 0.0076675019227, -0.00497363135219, 0.00355297117494, -0.00230655656196, 0.0019828833174, -0.00230241427198, 0.00265246094204, -0.00090391933918], [0.000468715501484, -0.00199762848206, 0.00131709128618, -0.000693826936185, 0.000849217060022, -0.00497363135219, 0.00746093178168, -0.00449707359076, 0.00324911368079, -0.00296786567196, 0.00301719270647, -0.00263061723672, 0.00101661891676], [-0.000522461021319, 0.00219117524102, -0.00112014077604, 0.000676068884786, -0.00161796470638, 0.00355297117494, -0.00449707359076, 0.0106367208064, -0.00514073763043, 0.00482086604461, -0.00374533771537, 0.0034226521384, -0.00288553861901], [0.000497068976983, -0.001937211724, 0.000730503117666, -0.00196052459069, 0.000720559677575, -0.00230655656196, 0.00324911368079, -0.00514073763043, 0.0115067074075, -0.00586090562865, 0.00522572966293, -0.00388751085848, 0.00198886892758], [-0.000353175390046, 0.00200137752108, -0.00106031796895, 0.00110440910794, -0.00179388641845, 0.0019828833174, -0.00296786567196, 0.00482086604461, -0.00586090562865, 0.0136672649533, -0.00780824013054, 0.00396030722186, -0.00087357359007], [0.000274460122455, -0.00162853370421, 0.000686854473315, -0.000491539365612, 0.00108772667591, -0.00230241427198, 0.00301719270647, -0.00374533771537, 0.00522572966293, -0.00780824013054, 0.0124659854919, -0.00348168984056, 0.000554460624699], [-5.1415492635e-05, 0.0011639080476, -0.0010038416367, 3.10803516186e-05, -0.000922143575735, 0.00265246094204, -0.00263061723672, 0.0034226521384, -0.00388751085848, 0.00396030722186, -0.00348168984056, 0.0114478683099, -0.00223254202865], [2.84130819637e-05, -0.000178170099389, 0.00101856281981, -0.000278266466921, 0.00034267018782, -0.00090391933918, 0.00101661891676, -0.00288553861901, 0.00198886892758, -0.00087357359007, 0.000554460624699, -0.00223254202865, 0.0119104711339]], "mean": [-114.875717163, 105.957069397, -113.420028687, 14.4506721497, -49.8934707642, -0.00798062887043, -29.6990242004, 7.84994029999, -24.4985466003, -0.0122182574123, -10.8043375015, -2.58651971817, -1.44137716293]}, "hfc": {"dmean": 3.16976690292, "dmean2": 4.1967716217, "dvar": 54.9497795105, "dvar2": 91.4575653076, "max": 157.691635132, "mean": 11.0896558762, "median": 2.9693479538, "min": 1.12668405116e-16, "var": 376.228271484}, "melbands": {"dmean": [0.000182626245078, 0.000312494899845, 8.47735500429e-05, 9.62539052125e-05, 0.000107169114926, 9.7819880466e-05, 5.07275690325e-05, 4.61341587652e-05, 8.80264124135e-05, 0.000109676744614, 0.000126920407638, 5.69215881114e-05, 4.19358257204e-05, 3.65388114005e-05, 2.56694838754e-05, 1.62185860972e-05, 1.79113121703e-05, 1.29916970764e-05, 1.18259904411e-05, 1.146372324e-05, 1.07456417027e-05, 7.32223497835e-06, 4.46769126938e-06, 4.0126001295e-06, 4.34954017692e-06, 3.67708980775e-06, 1.97057988771e-06, 2.6962402444e-06, 2.66637744062e-06, 1.04048569938e-06, 4.23007008976e-07, 3.51929344333e-07, 2.68537348802e-07, 2.22938311367e-07, 2.02955078521e-07, 1.9275043428e-07, 2.54753217632e-07, 4.06654947938e-07, 4.29826286563e-07, 2.92222097187e-07], "dmean2": [0.000261826178757, 0.000461257033749, 0.000132312052301, 0.000149832485477, 0.000153009212227, 0.000141496348078, 7.47402591514e-05, 6.96675197105e-05, 0.000131492197397, 0.000162065509357, 0.000190363658476, 8.05870513432e-05, 5.61971319257e-05, 5.23610542587e-05, 3.53864816134e-05, 2.27157670452e-05, 2.52479258052e-05, 1.83874290087e-05, 1.67832386069e-05, 1.59874889505e-05, 1.46467591549e-05, 9.88709143712e-06, 6.14175223745e-06, 5.55758742848e-06, 5.79445213589e-06, 4.86561202706e-06, 2.81405755231e-06, 3.62612036042e-06, 3.63948242921e-06, 1.46743673213e-06, 6.39484653675e-07, 5.32997773917e-07, 4.02742159622e-07, 3.29174241642e-07, 3.07555211521e-07, 2.8638910976e-07, 3.75605708314e-07, 5.80624487156e-07, 6.22647235105e-07, 4.12365608327e-07], "dvar": [3.43694864569e-07, 1.03544880403e-06, 3.44371180461e-08, 7.14955419312e-08, 8.53230588405e-08, 5.35630668708e-08, 2.56667895826e-08, 3.55806371033e-08, 1.24389941902e-07, 1.86692773241e-07, 3.18546170774e-07, 7.0168717059e-08, 3.88647336536e-08, 2.29692940223e-08, 1.23605623514e-08, 6.19875129004e-09, 1.0324685995e-08, 3.93986177016e-09, 2.86282864081e-09, 3.14447290428e-09, 2.24294338658e-09, 1.25456156574e-09, 6.79501011014e-10, 2.91462770585e-10, 2.73909728232e-10, 1.89571691678e-10, 7.80079612017e-11, 1.0291593272e-10, 8.9922090607e-11, 2.42227817665e-11, 5.03036631447e-12, 5.27898384728e-12, 3.53522376303e-12, 2.62459867208e-12, 1.82546035579e-12, 1.16782256608e-12, 2.19674148663e-12, 7.55939061348e-12, 9.33699211697e-12, 4.83763159739e-12], "dvar2": [7.3889327723e-07, 2.21652680921e-06, 8.46502885565e-08, 1.64986204254e-07, 1.80976556408e-07, 1.01882065451e-07, 5.38166879949e-08, 7.86469271929e-08, 2.73188732081e-07, 3.9776068661e-07, 7.29788212084e-07, 1.33016840209e-07, 5.60749739975e-08, 4.11156442226e-08, 2.38252155782e-08, 1.16224239122e-08, 1.94972997747e-08, 7.8310113949e-09, 5.20687715166e-09, 5.88036686011e-09, 3.9538825547e-09, 2.25543939081e-09, 1.51602153053e-09, 5.52223711203e-10, 4.64097954511e-10, 3.02362107574e-10, 1.93295782158e-10, 1.73487488264e-10, 1.640519387e-10, 4.63051055832e-11, 1.13206145846e-11, 1.13183178108e-11, 7.12224029753e-12, 5.22874712278e-12, 3.88643934743e-12, 2.48394750949e-12, 4.29422946854e-12, 1.3769553206e-11, 1.65064212299e-11, 9.3314080421e-12], "max": [0.00925302971154, 0.0149203948677, 0.00406953785568, 0.00839644018561, 0.0111046331003, 0.00801068171859, 0.0048707970418, 0.00632391357794, 0.00842463318259, 0.00921338237822, 0.0184031073004, 0.011292597279, 0.010707709007, 0.00530818570405, 0.00528935529292, 0.00321664544754, 0.0056283227168, 0.0035350562539, 0.00183969328646, 0.00293942517601, 0.00211533810943, 0.00149398192298, 0.00169043440837, 0.000883341825102, 0.000803218455985, 0.000458770344267, 0.000329766015057, 0.000446257938165, 0.000304559915094, 0.000233767626924, 0.000105819017335, 9.15229902603e-05, 7.9946104961e-05, 6.91015229677e-05, 4.44381366833e-05, 3.40630795108e-05, 5.16013751621e-05, 9.97928873403e-05, 0.000113914182293, 0.000113776557555], "mean": [0.000405967002735, 0.00062854681164, 0.000172493135324, 0.000189127400517, 0.000237721891608, 0.000219900059165, 0.000104847022158, 7.65201475588e-05, 0.000141493335832, 0.000176845176611, 0.000214015439269, 0.000107012092485, 8.46137772896e-05, 7.52923078835e-05, 5.69526710024e-05, 3.03758406517e-05, 3.74771261704e-05, 2.55072282016e-05, 2.14328520087e-05, 2.17290817091e-05, 2.13074781641e-05, 1.4404774447e-05, 1.00307333923e-05, 9.21819719224e-06, 9.88892861642e-06, 8.23251957627e-06, 4.39297218691e-06, 5.94385801378e-06, 5.90528816247e-06, 1.91396088667e-06, 6.53888491797e-07, 4.98402016547e-07, 3.81910410852e-07, 3.24161902654e-07, 2.91736967029e-07, 2.92502335242e-07, 3.98672938218e-07, 6.53774179682e-07, 6.75231319747e-07, 4.4847260483e-07], "median": [4.04418096878e-05, 0.000105208499008, 6.20477076154e-05, 4.81715687783e-05, 5.74104233237e-05, 7.90718841017e-05, 3.54863295797e-05, 1.37218075906e-05, 1.57536105689e-05, 1.38187551784e-05, 1.30855187308e-05, 9.21939499676e-06, 5.34341415914e-06, 5.32022113475e-06, 2.72917850452e-06, 2.07328184842e-06, 1.7638560621e-06, 1.66726363204e-06, 1.58832699526e-06, 1.23991344481e-06, 1.37302322401e-06, 9.41645794228e-07, 7.39164647712e-07, 6.34218338291e-07, 5.47989259303e-07, 5.3601070249e-07, 4.54857428167e-07, 3.11698101996e-07, 2.67184873337e-07, 1.45032629462e-07, 8.23512067427e-08, 5.49160681373e-08, 4.11517859789e-08, 2.96844682168e-08, 2.08479296049e-08, 1.78308141585e-08, 1.85383655094e-08, 1.92034512736e-08, 1.65616889092e-08, 1.39168756519e-08], "min": [8.59173182109e-24, 8.48222530567e-24, 1.44827778228e-23, 7.36118532845e-24, 7.53769926688e-24, 2.13986393373e-23, 1.1220269211e-23, 8.88036734884e-24, 1.13147337266e-23, 1.61084339773e-23, 1.22113703865e-23, 1.1568271255e-23, 1.69440822228e-23, 1.49804591238e-23, 3.33815563945e-24, 5.6818101129e-24, 9.0536824563e-24, 1.13981202686e-23, 6.40156285852e-24, 8.50908049746e-24, 8.94798298361e-24, 9.58383090562e-24, 9.14950302387e-24, 9.20395178127e-24, 1.22324913483e-23, 1.33167136094e-23, 1.24652061042e-23, 9.26666543438e-24, 9.22024728099e-24, 1.72161067064e-23, 1.30468127393e-23, 1.08711375181e-23, 1.03021305695e-23, 1.21722665514e-23, 9.28153467358e-24, 8.83629763437e-24, 8.55668194221e-24, 1.22899590764e-23, 1.21293635622e-23, 8.87037563661e-24], "var": [8.37897914607e-07, 2.16656621888e-06, 8.96104950243e-08, 2.3439262975e-07, 3.55199688329e-07, 2.16996255631e-07, 7.11571104262e-08, 6.96579292025e-08, 2.62404256546e-07, 3.86325012869e-07, 7.22773393136e-07, 1.92832743551e-07, 1.73910933654e-07, 8.23739014777e-08, 7.71225359131e-08, 1.95331448793e-08, 4.51887984809e-08, 1.83635631146e-08, 8.10035238885e-09, 8.07683253612e-09, 9.29345667089e-09, 5.18973841679e-09, 3.09782466346e-09, 1.27989219223e-09, 1.39233180541e-09, 8.40449432271e-10, 2.32812533141e-10, 4.38996505814e-10, 3.69216129892e-10, 5.96317717427e-11, 7.45628905841e-12, 8.3976627735e-12, 5.94489344904e-12, 4.7688263928e-12, 2.86642628036e-12, 2.04672585304e-12, 4.23278426198e-12, 1.57001286971e-11, 1.78950222696e-11, 7.56514469125e-12]}, "melbands_crest": {"dmean": 2.93942403793, "dmean2": 4.55680847168, "dvar": 7.71450471878, "dvar2": 18.2229785919, "max": 33.4715499878, "mean": 14.8554592133, "median": 13.944475174, "min": 1.97941339016, "var": 33.4000587463}, "melbands_flatness_db": {"dmean": 0.0256160590798, "dmean2": 0.0362087637186, "dvar": 0.000898800615687, "dvar2": 0.00165013456717, "max": 0.528539836407, "mean": 0.246373012662, "median": 0.239055261016, "min": 0.00359587767161, "var": 0.00807254668325}, "melbands_kurtosis": {"dmean": 5.72768497467, "dmean2": 8.78500366211, "dvar": 130.519058228, "dvar2": 282.349822998, "max": 329.02545166, "mean": 12.025182724, "median": 5.13184261322, "min": -1.82610070705, "var": 472.09677124}, "melbands_skewness": {"dmean": 0.628457665443, "dmean2": 0.925983905792, "dvar": 0.541832387447, "dvar2": 1.11030471325, "max": 15.116774559, "mean": 2.12116742134, "median": 1.78703927994, "min": -3.28230524063, "var": 3.3577849865}, "melbands_spread": {"dmean": 5.79083824158, "dmean2": 8.61098194122, "dvar": 109.796569824, "dvar2": 204.039245605, "max": 257.757171631, "mean": 21.3269081116, "median": 14.7738342285, "min": 0.546876370907, "var": 512.785888672}, "mfcc": {"cov": [[11960.5146484, -606.784362793, -1313.47973633, -187.494949341, -308.355316162, -654.075927734, 345.9034729, -343.053314209, -4.63848352432, 128.376754761, -335.494445801, -37.473323822, -76.8165206909], [-606.784362793, 2399.23632813, 244.21697998, 127.053314209, 57.6377182007, 176.24130249, 51.6482849121, 99.3004608154, -13.9620018005, 5.26706075668, 105.418701172, 11.5764865875, 40.9714698792], [-1313.47973633, 244.21697998, 1089.60742188, 198.571243286, 103.649986267, 128.291442871, -144.173370361, 54.9831809998, -31.0072631836, -46.4673728943, 98.7883987427, 43.3677597046, 21.7325935364], [-187.494949341, 127.053314209, 198.571243286, 461.317749023, 136.491638184, 14.7997751236, -105.174095154, 70.2264556885, 40.1804428101, -22.5117912292, 35.203163147, 37.2348136902, 11.6056604385], [-308.355316162, 57.6377182007, 103.649986267, 136.491638184, 290.722351074, 24.3565731049, -40.7596740723, -1.08156228065, 12.5177030563, 17.1285820007, 4.25625658035, 36.4536552429, 13.7656841278], [-654.075927734, 176.24130249, 128.291442871, 14.7997751236, 24.3565731049, 355.724853516, 54.8986587524, 70.0343551636, 34.7855644226, 23.4909820557, 76.9588165283, -2.41017889977, 28.1639156342], [345.9034729, 51.6482849121, -144.173370361, -105.174095154, -40.7596740723, 54.8986587524, 317.733734131, 16.8954429626, 2.88074421883, 61.7791557312, 3.46259236336, -13.024389267, -3.35018348694], [-343.053314209, 99.3004608154, 54.9831809998, 70.2264556885, -1.08156228065, 70.0343551636, 16.8954429626, 232.373336792, 87.9266281128, -8.31468200684, 21.3379611969, 0.461821109056, 6.01549863815], [-4.63848352432, -13.9620018005, -31.0072631836, 40.1804428101, 12.5177030563, 34.7855644226, 2.88074421883, 87.9266281128, 165.706253052, 38.9679031372, -3.21586871147, -7.83818674088, 2.70135235786], [128.376754761, 5.26706075668, -46.4673728943, -22.5117912292, 17.1285820007, 23.4909820557, 61.7791557312, -8.31468200684, 38.9679031372, 146.246704102, 28.0412521362, -14.9265413284, -9.29905891418], [-335.494445801, 105.418701172, 98.7883987427, 35.203163147, 4.25625658035, 76.9588165283, 3.46259236336, 21.3379611969, -3.21586871147, 28.0412521362, 140.854431152, 42.8273925781, 5.25287437439], [-37.473323822, 11.5764865875, 43.3677597046, 37.2348136902, 36.4536552429, -2.41017889977, -13.024389267, 0.461821109056, -7.83818674088, -14.9265413284, 42.8273925781, 116.363197327, 35.7777519226], [-76.8165206909, 40.9714698792, 21.7325935364, 11.6056604385, 13.7656841278, 28.1639156342, -3.35018348694, 6.01549863815, 2.70135235786, -9.29905891418, 5.25287437439, 35.7777519226, 102.756515503]], "icov": [[0.000116036753752, 3.7434836031e-07, 8.59437568579e-05, -8.62345405039e-05, 0.000123755133245, 0.000133022549562, -0.000117238596431, 0.000142381337355, -4.92986619065e-05, -9.98382383841e-05, 0.000194833424757, -0.000115557639219, 3.54983167199e-05], [3.7434836031e-07, 0.000457859248854, -5.04887721036e-05, -8.91556264833e-05, -5.401940507e-05, -0.000104808757897, -0.000106634703116, -0.000149879822857, 0.000158256851137, 2.33045648201e-05, -0.000243165064603, 0.000159316827194, -0.00016536306066], [8.59437568579e-05, -5.04887721036e-05, 0.00124298105948, -0.000331908697262, -0.000125410588225, -0.000238402833929, 0.000372305046767, -0.000101437792182, 0.000376417418011, 0.00013218865206, -0.000406681094319, -5.64554575249e-05, 1.71291219431e-06], [-8.62345405039e-05, -8.91556264833e-05, -0.000331908697262, 0.00309939286672, -0.00130823988002, 0.000174971835804, 0.000744574528653, -0.000796625332441, -0.000481234106701, 0.000470278493594, -0.000707886414602, -0.000103775026218, 1.69646427821e-05], [0.000123755133245, -5.401940507e-05, -0.000125410588225, -0.00130823988002, 0.00455292640254, -0.000346769986209, 0.00016728969058, 0.000576304388233, -3.43591818819e-05, -0.00129590427969, 0.00146601325832, -0.00165453460068, 0.000129928448587], [0.000133022549562, -0.000104808757897, -0.000238402833929, 0.000174971835804, -0.000346769986209, 0.00400773156434, -0.000860245083459, -0.000437632203102, -0.000661566795316, 0.000177229216206, -0.00195807591081, 0.00124571600463, -0.00118274288252], [-0.000117238596431, -0.000106634703116, 0.000372305046767, 0.000744574528653, 0.00016728969058, -0.000860245083459, 0.00422977283597, -0.000890277733561, 0.000828113930766, -0.00167841662187, 0.000288452749373, -0.000297059770674, 0.000110454122478], [0.000142381337355, -0.000149879822857, -0.000101437792182, -0.000796625332441, 0.000576304388233, -0.000437632203102, -0.000890277733561, 0.00648815650493, -0.0035788055975, 0.00153248943388, -0.000445535290055, 0.000119381635159, 0.000125495556858], [-4.92986619065e-05, 0.000158256851137, 0.000376417418011, -0.000481234106701, -3.43591818819e-05, -0.000661566795316, 0.000828113930766, -0.0035788055975, 0.00900113862008, -0.00304818991572, 0.00136458780617, -0.000126841288875, -0.000240850786213], [-9.98382383841e-05, 2.33045648201e-05, 0.00013218865206, 0.000470278493594, -0.00129590427969, 0.000177229216206, -0.00167841662187, 0.00153248943388, -0.00304818991572, 0.00965557061136, -0.0033832245972, 0.00220634113066, 0.000174264307134], [0.000194833424757, -0.000243165064603, -0.000406681094319, -0.000707886414602, 0.00146601325832, -0.00195807591081, 0.000288452749373, -0.000445535290055, 0.00136458780617, -0.0033832245972, 0.0114780468866, -0.00506512774155, 0.00161911861505], [-0.000115557639219, 0.000159316827194, -5.64554575249e-05, -0.000103775026218, -0.00165453460068, 0.00124571600463, -0.000297059770674, 0.000119381635159, -0.000126841288875, 0.00220634113066, -0.00506512774155, 0.0125234909356, -0.0041612056084], [3.54983167199e-05, -0.00016536306066, 1.71291219431e-06, 1.69646427821e-05, 0.000129928448587, -0.00118274288252, 0.000110454122478, 0.000125495556858, -0.000240850786213, 0.000174264307134, 0.00161911861505, -0.0041612056084, 0.0115131372586]], "mean": [-754.945007324, 143.528488159, -4.35459470749, 19.6291007996, 1.07481491566, -6.637342453, 6.40918493271, -2.03906750679, 1.91964614391, -0.463925391436, -6.24453258514, -0.923061788082, -0.344940572977]}, "pitch_salience": {"dmean": 0.0662831068039, "dmean2": 0.103349864483, "dvar": 0.00392686855048, "dvar2": 0.00928478967398, "max": 0.859296321869, "mean": 0.529735326767, "median": 0.541386842728, "min": 0.101479932666, "var": 0.0186174288392}, "silence_rate_20dB": {"dmean": 0, "dmean2": 0, "dvar": 0, "dvar2": 0, "max": 1, "mean": 1, "median": 1, "min": 1, "var": 0}, "silence_rate_30dB": {"dmean": 0.000294594210573, "dmean2": 0.000589275208768, "dvar": 0.000294521305477, "dvar2": 0.000883620989043, "max": 1, "mean": 0.999852716923, "median": 1, "min": 0, "var": 0.000147244427353}, "silence_rate_60dB": {"dmean": 0.0580350570381, "dmean2": 0.116087213159, "dvar": 0.0546643584967, "dvar2": 0.113520778716, "max": 1, "mean": 0.339322537184, "median": 0, "min": 0, "var": 0.224177882075}, "spectral_centroid": {"dmean": 200.009353638, "dmean2": 289.264923096, "dvar": 85326.6875, "dvar2": 151290.109375, "max": 11056.4023438, "mean": 1189.14855957, "median": 974.894042969, "min": 167.959365845, "var": 606242.6875}, "spectral_complexity": {"dmean": 1.60318160057, "dmean2": 2.54419565201, "dvar": 3.09726905823, "dvar2": 6.73708295822, "max": 39, "mean": 9.20898342133, "median": 8, "min": 0, "var": 30.6478233337}, "spectral_contrast_coeffs": {"dmean": [0.0404761880636, 0.0426532924175, 0.0382299423218, 0.0297925919294, 0.0233384035528, 0.0157512649894], "dmean2": [0.0659335255623, 0.0692441314459, 0.0602876543999, 0.0463730320334, 0.0349695980549, 0.0245573800057], "dvar": [0.00112125568558, 0.0013973203022, 0.00114698475227, 0.000761284667533, 0.000522337446455, 0.000221497481107], "dvar2": [0.00290829804726, 0.00342700188048, 0.00248344405554, 0.00156962138135, 0.000971189292613, 0.000486593082314], "max": [-0.298392534256, -0.386731564999, -0.358228713274, -0.445116221905, -0.521497786045, -0.627996444702], "mean": [-0.669606804848, -0.717258393764, -0.731807112694, -0.75492221117, -0.778258919716, -0.789639830589], "median": [-0.680680632591, -0.72327876091, -0.749932706356, -0.770576834679, -0.798504292965, -0.793432116508], "min": [-0.973775982857, -0.957538664341, -0.963876903057, -0.963148832321, -0.958979666233, -0.957407355309], "var": [0.00791990384459, 0.00797517877072, 0.0105483420193, 0.00767432013527, 0.00642116134986, 0.002007949166]}, "spectral_contrast_valleys": {"dmean": [0.378211528063, 0.331580519676, 0.312822669744, 0.297628253698, 0.274485141039, 0.322580128908], "dmean2": [0.623795866966, 0.547945678234, 0.500442564487, 0.462407976389, 0.39432272315, 0.413544118404], "dvar": [0.138829186559, 0.106629446149, 0.101374857128, 0.1195358634, 0.123406402767, 0.178202107549], "dvar2": [0.293674856424, 0.245160400867, 0.19999152422, 0.213987529278, 0.209573611617, 0.281143695116], "max": [-5.59441184998, -5.43652534485, -5.58141279221, -6.07896947861, -6.06420230865, -7.42994976044], "mean": [-8.36362934113, -7.7267036438, -8.43003082275, -9.14054298401, -8.97804832458, -11.6650724411], "median": [-8.17922782898, -7.49399900436, -8.21858978271, -8.94247531891, -8.75864505768, -11.5328273773], "min": [-26.591173172, -27.6048946381, -27.2504673004, -27.178937912, -27.2946491241, -27.2998466492], "var": [2.47208809853, 2.22621297836, 2.14878249168, 1.86150300503, 1.95698034763, 1.99190759659]}, "spectral_decrease": {"dmean": 8.99555430145e-10, "dmean2": 1.26875832063e-09, "dvar": 2.40442523672e-18, "dvar2": 4.87930516852e-18, "max": -5.70543866368e-29, "mean": -2.96702906688e-09, "median": -1.50551338063e-09, "min": -3.27555582658e-08, "var": 1.25196283795e-17}, "spectral_energy": {"dmean": 0.00363338412717, "dmean2": 0.00510838255286, "dvar": 3.89490596717e-05, "dvar2": 7.79343608883e-05, "max": 0.137434482574, "mean": 0.0122041143477, "median": 0.00615515979007, "min": 1.04346887491e-20, "var": 0.000217496184632}, "spectral_energyband_high": {"dmean": 0.000153727989527, "dmean2": 0.000205861011636, "dvar": 3.88898484971e-07, "dvar2": 6.88975489993e-07, "max": 0.0208020098507, "mean": 0.000348371861037, "median": 3.03069828078e-05, "min": 7.50503312371e-21, "var": 1.09663949388e-06}, "spectral_energyband_low": {"dmean": 0.00125439779367, "dmean2": 0.0018095303094, "dvar": 1.36273174576e-05, "dvar2": 2.83737226709e-05, "max": 0.049502518028, "mean": 0.00278336042538, "median": 0.000535365310498, "min": 8.62454433267e-23, "var": 3.23549138557e-05}, "spectral_energyband_middle_high": {"dmean": 0.00131531152874, "dmean2": 0.00171398115344, "dvar": 1.16562468975e-05, "dvar2": 1.8938069843e-05, "max": 0.0815496444702, "mean": 0.00410732533783, "median": 0.000696451461408, "min": 1.5752218913e-21, "var": 7.98695327831e-05}, "spectral_energyband_middle_low": {"dmean": 0.00207324675284, "dmean2": 0.00305058457889, "dvar": 2.03524905373e-05, "dvar2": 4.56533562101e-05, "max": 0.10691768676, "mean": 0.00527556380257, "median": 0.00210350914858, "min": 3.83663599349e-22, "var": 6.47040069452e-05}, "spectral_entropy": {"dmean": 0.203523635864, "dmean2": 0.279308140278, "dvar": 0.0514546632767, "dvar2": 0.0926970541477, "max": 9.79616832733, "mean": 7.04721546173, "median": 7.00697231293, "min": 5.09056568146, "var": 0.34848639369}, "spectral_flux": {"dmean": 0.0150826405734, "dmean2": 0.023677084595, "dvar": 0.000456744368421, "dvar2": 0.00104955397546, "max": 0.283330351114, "mean": 0.0445463061333, "median": 0.0330887958407, "min": 1.02150322923e-10, "var": 0.00149932852946}, "spectral_kurtosis": {"dmean": 2.73000335693, "dmean2": 4.41786766052, "dvar": 12.7496805191, "dvar2": 31.5729255676, "max": 72.8392486572, "mean": 8.66933250427, "median": 6.61350822449, "min": -1.23425412178, "var": 51.3316879272}, "spectral_rms": {"dmean": 0.000455477595096, "dmean2": 0.000619374739472, "dvar": 3.69211534235e-07, "dvar2": 6.62212471525e-07, "max": 0.0115793962032, "mean": 0.00290289567783, "median": 0.00245051691309, "min": 3.19064024333e-12, "var": 3.4796419186e-06}, "spectral_rolloff": {"dmean": 335.015533447, "dmean2": 549.999572754, "dvar": 567665.875, "dvar2": 1047046.0625, "max": 18841.5527344, "mean": 1306.46386719, "median": 882.861328125, "min": 21.533203125, "var": 1904407}, "spectral_skewness": {"dmean": 0.293588131666, "dmean2": 0.452057778835, "dvar": 0.106776036322, "dvar2": 0.229606539011, "max": 6.2824511528, "mean": 2.06890630722, "median": 1.88011956215, "min": -0.2010281533, "var": 0.683384478092}, "spectral_spread": {"dmean": 470671.7187