{"lowlevel": {"average_loudness": 0.961253225803, "barkbands": {"dmean": [4.64275535705e-06, 0.00340187549591, 0.00504744425416, 0.00623603072017, 0.00294977752492, 0.00141818227712, 0.000988234765828, 0.000794327061158, 0.000737239955924, 0.000423254619818, 0.00059198011877, 0.000440596952103, 0.000495080545079, 0.000487271609018, 0.000287791190203, 0.000223827591981, 0.000112385445391, 9.07013454707e-05, 6.70794543112e-05, 8.27133189887e-05, 8.45961840241e-05, 0.000111902256322, 8.20182685857e-05, 7.99667104729e-05, 4.17861774622e-05, 2.72997240245e-05, 4.43708631792e-06], "dmean2": [8.00418638391e-06, 0.00549402972683, 0.00847163051367, 0.0106619670987, 0.00506133725867, 0.00223942194134, 0.00154163187835, 0.00125893868972, 0.0011614515679, 0.000644076848403, 0.000874431978446, 0.000678814714774, 0.00076619972242, 0.000754901848268, 0.000458228110801, 0.000352982024197, 0.000182773917913, 0.00015125090431, 0.000112465240818, 0.000136308954097, 0.000141846729093, 0.000186434801435, 0.000135953523568, 0.00013536993356, 7.09445448592e-05, 4.79661393911e-05, 7.88861962064e-06], "dvar": [1.22111640244e-10, 1.64136145031e-05, 4.66692945338e-05, 9.88910833257e-05, 1.81327850441e-05, 1.04130285763e-05, 6.23031519353e-06, 7.64841115597e-06, 3.85188104701e-06, 9.83060090221e-07, 2.39209953179e-06, 1.07747598577e-06, 1.27107978187e-06, 9.72302018454e-07, 3.52080832045e-07, 1.92717450886e-07, 4.86169646763e-08, 3.85806551151e-08, 2.52450984561e-08, 3.83516649549e-08, 3.72902633217e-08, 5.27500603198e-08, 2.78991905134e-08, 4.13043252934e-08, 9.1152179138e-09, 6.2888125818e-09, 2.09670572571e-10], "dvar2": [3.04627018055e-10, 4.70273007522e-05, 0.000121402321383, 0.000255424936768, 5.14605344506e-05, 2.40519002546e-05, 1.4349427147e-05, 1.70233433892e-05, 8.88697741175e-06, 1.91703247765e-06, 4.18493527832e-06, 2.19419121095e-06, 2.68702456196e-06, 2.16960256694e-06, 8.65998345034e-07, 4.52030718634e-07, 1.20437576356e-07, 1.02788973777e-07, 7.04387659312e-08, 1.00092087507e-07, 1.01148032172e-07, 1.39636469498e-07, 7.29885059059e-08, 1.0632895453e-07, 2.39766997367e-08, 1.70906027108e-08, 5.70790914534e-10], "max": [0.000511134916451, 0.044097084552, 0.0762159004807, 0.0981111377478, 0.0495167635381, 0.0875277370214, 0.0662723332644, 0.0667351260781, 0.0598492994905, 0.0422539561987, 0.0514717884362, 0.0349230617285, 0.0302743185312, 0.0209684222937, 0.0167239233851, 0.00727352732792, 0.00633926643059, 0.00339375808835, 0.00281624263152, 0.00359741365537, 0.0035848733969, 0.00468900380656, 0.00233200681396, 0.00580328190699, 0.00176886760164, 0.00125306588598, 0.000250453565968], "mean": [4.3757554522e-06, 0.00527222035453, 0.0071606230922, 0.00779009470716, 0.00442393263802, 0.0025966942776, 0.00161690637469, 0.00115335267037, 0.00129398994613, 0.000704885984305, 0.00105108099524, 0.00104868016206, 0.000884111272171, 0.000886963156518, 0.000488228426548, 0.000396499293856, 0.000191638377146, 0.000132092725835, 9.76469455054e-05, 0.00011701254698, 9.72217530943e-05, 0.000112523761345, 8.00698544481e-05, 6.89793741913e-05, 3.54439398507e-05, 1.94352560356e-05, 3.23714289152e-06], "median": [1.72563227352e-06, 0.00327075063251, 0.00421656807885, 0.00328824273311, 0.00297184381634, 0.00106020446401, 0.000657380791381, 0.000304942775983, 0.000563956447877, 0.000244046386797, 0.000330173788825, 0.00027057249099, 0.000328685448039, 0.000289775925921, 0.000201573842787, 0.000146051956108, 9.12009127205e-05, 5.12240330863e-05, 4.17947085225e-05, 4.8521978897e-05, 4.46791600552e-05, 4.20009237132e-05, 2.63018773694e-05, 1.63250097103e-05, 6.93281162967e-06, 1.49088668877e-06, 3.86350421877e-07], "min": [1.41492062511e-09, 5.6686900507e-08, 1.00079347476e-07, 5.30109467434e-08, 1.4768235701e-07, 1.87470476476e-07, 4.23390424942e-08, 2.80054379687e-08, 3.04421980957e-08, 4.12100176206e-09, 7.24731474833e-09, 8.20427370485e-09, 8.15780598629e-09, 8.36008950955e-09, 3.76026187965e-09, 7.48289874508e-09, 4.01091071467e-09, 2.47392861752e-09, 3.38241146203e-09, 3.72556785422e-09, 5.24786969436e-09, 3.59340712741e-09, 4.5003432092e-09, 3.87869425467e-09, 3.53233398087e-09, 3.25053028938e-09, 2.15226680922e-08], "var": [1.22380661161e-10, 3.31242990796e-05, 6.85916020302e-05, 0.000120983393572, 2.26791016757e-05, 2.69365173153e-05, 1.11312929221e-05, 1.70070870809e-05, 7.60190732763e-06, 2.73696059594e-06, 6.88263071424e-06, 1.17919598779e-05, 2.88061937681e-06, 3.14133171742e-06, 8.41982455313e-07, 5.49541766759e-07, 9.80648735549e-08, 5.39375086817e-08, 2.53481058365e-08, 5.38735882571e-08, 2.9945173452e-08, 4.26225383876e-08, 2.35217711975e-08, 3.60884335748e-08, 7.26546467433e-09, 4.19762624659e-09, 1.37142575074e-10]}, "barkbands_crest": {"dmean": 2.90006017685, "dmean2": 4.84490633011, "dvar": 6.07298803329, "dvar2": 16.2688541412, "max": 25.1014022827, "mean": 10.393445015, "median": 9.91792488098, "min": 2.63340258598, "var": 13.0390892029}, "barkbands_flatness_db": {"dmean": 0.0294854026288, "dmean2": 0.0436554476619, "dvar": 0.000628225505352, "dvar2": 0.00136332097463, "max": 0.343075245619, "mean": 0.16070318222, "median": 0.160393118858, "min": 0.022283975035, "var": 0.00217064353637}, "barkbands_kurtosis": {"dmean": 4.39369058609, "dmean2": 7.07152032852, "dvar": 43.9580497742, "dvar2": 105.45791626, "max": 171.215103149, "mean": 6.82966899872, "median": 3.79393911362, "min": -1.81623935699, "var": 98.1870727539}, "barkbands_skewness": {"dmean": 0.682250380516, "dmean2": 1.07186388969, "dvar": 0.416396379471, "dvar2": 1.0190423727, "max": 10.3230371475, "mean": 1.96121132374, "median": 1.85209417343, "min": -2.72568082809, "var": 1.6622287035}, "barkbands_spread": {"dmean": 5.3165769577, "dmean2": 8.5351228714, "dvar": 45.5895118713, "dvar2": 112.299530029, "max": 89.9012832642, "mean": 15.2873086929, "median": 13.678314209, "min": 0.849055528641, "var": 87.8137207031}, "dissonance": {"dmean": 0.0187128093094, "dmean2": 0.0314214229584, "dvar": 0.000308004411636, "dvar2": 0.000817128864583, "max": 0.499863922596, "mean": 0.462492883205, "median": 0.468156278133, "min": 0.292463243008, "var": 0.000642016297206}, "dynamic_complexity": 2.34462690353, "erbbands": {"dmean": [0.0250695683062, 1.00818574429, 5.21475124359, 13.9641284943, 12.8912410736, 12.1137704849, 9.08080101013, 12.5200500488, 10.9861955643, 19.3644523621, 14.6339673996, 18.1730461121, 11.5983085632, 15.7091474533, 20.5258769989, 18.5579452515, 22.404466629, 20.6402225494, 19.3955974579, 14.6153945923, 10.2533216476, 6.14133834839, 4.84555721283, 3.76546621323, 3.36738610268, 3.90201187134, 3.54686832428, 3.66802191734, 3.58223819733, 3.38362216949, 2.10629343987, 1.46684634686, 1.4941971302, 0.627153337002, 0.23914116621, 0.140232428908, 0.0447266474366, 0.00736652733758, 0.000695615657605, 5.19413260918e-05], "dmean2": [0.0372746437788, 1.64198124409, 8.77261257172, 23.7179985046, 22.1239471436, 20.6541538239, 14.5259599686, 19.7067432404, 17.2490215302, 29.6391372681, 23.0945148468, 28.5815563202, 17.4837341309, 23.49061203, 30.2728939056, 28.0313835144, 34.2821159363, 31.7739715576, 30.1882343292, 23.1069316864, 16.1078357697, 9.89607429504, 8.01957893372, 6.29996585846, 5.5763835907, 6.44729471207, 5.95161151886, 6.12277889252, 5.97689723969, 5.57337808609, 3.49838209152, 2.4604818821, 2.53980612755, 1.06439459324, 0.410940438509, 0.244873434305, 0.078947417438, 0.0130595033988, 0.0012332459446, 8.84934270289e-05], "dvar": [0.000856608501635, 1.43058907986, 45.8868331909, 399.975250244, 482.985687256, 270.742553711, 225.226776123, 1218.54516602, 820.002868652, 4101.87890625, 1845.23815918, 2952.95507813, 855.119689941, 1066.16833496, 2727.34082031, 2158.33984375, 2596.44995117, 1887.73193359, 1607.91870117, 784.720947266, 381.882354736, 149.993438721, 105.945663452, 74.2717819214, 64.1520843506, 88.1384124756, 68.4241867065, 66.6292266846, 56.5517730713, 45.6865501404, 18.5714130402, 12.4149084091, 16.627702713, 2.23199272156, 0.364227443933, 0.156972691417, 0.0171160306782, 0.000524033908732, 5.16901855008e-06, 1.59944111289e-08], "dvar2": [0.00203423341736, 4.13932752609, 121.655387878, 1032.12866211, 1322.01611328, 756.037231445, 535.264404297, 2744.66723633, 1921.08154297, 8725.70605469, 4012.57495117, 6796.52539063, 1753.22546387, 2086.89282227, 4974.12646484, 4180.15039063, 5374.14599609, 4079.58666992, 3824.29077148, 1799.79138184, 866.48840332, 378.695953369, 280.602813721, 204.564987183, 175.973052979, 231.462738037, 185.775985718, 179.232208252, 150.315216064, 120.38306427, 48.7956237793, 31.5307922363, 43.4334220886, 5.93601560593, 0.973538577557, 0.425450176001, 0.0465818606317, 0.00142493052408, 1.41051605169e-05, 4.28782271911e-08], "max": [0.444842875004, 12.1401720047, 67.8113327026, 214.931213379, 222.296905518, 219.02305603, 458.017089844, 1091.30395508, 748.364501953, 1779.45410156, 1353.32128906, 1887.61865234, 1055.14978027, 860.080322266, 2060.18701172, 1652.60754395, 1529.37451172, 1221.68005371, 949.697937012, 600.415588379, 435.916687012, 421.358459473, 156.092880249, 149.970474243, 151.831268311, 158.169708252, 148.474761963, 112.835540771, 167.389801025, 107.262741089, 68.7649688721, 134.239868164, 115.763504028, 39.7812385559, 9.06572055817, 6.07064056396, 1.96427941322, 0.346617251635, 0.040572989732, 0.0019428615924], "mean": [0.0493230074644, 1.60512173176, 7.96333122253, 18.2751083374, 17.7952404022, 17.5123519897, 16.9852428436, 21.2618694305, 18.4551124573, 30.1636390686, 24.3709278107, 32.3004112244, 20.1014156342, 31.3984966278, 38.7693710327, 49.4546127319, 42.692691803, 43.8078231812, 33.963054657, 26.1481819153, 18.8502540588, 10.9518270493, 7.70708084106, 5.45696210861, 5.29015302658, 5.46965408325, 4.33768129349, 3.97798228264, 3.66267490387, 3.3906955719, 2.04309749603, 1.34693408012, 1.23336422443, 0.529789209366, 0.194741606712, 0.102906100452, 0.0314596071839, 0.00507167726755, 0.000498063687701, 7.64730430092e-05], "median": [0.0321694463491, 1.08174729347, 5.41113710403, 10.3975048065, 10.4986057281, 10.8807029724, 9.55724906921, 8.54062461853, 7.78651237488, 9.84187316895, 9.66045284271, 13.5632762909, 9.01928329468, 12.5569782257, 16.4827575684, 13.0504789352, 17.4187774658, 15.7822389603, 13.0947618484, 11.0604534149, 7.84254169464, 5.16889572144, 3.27892017365, 2.3318734169, 2.20558834076, 2.29372310638, 2.03886222839, 1.66827070713, 1.39060103893, 1.23499679565, 0.664082884789, 0.369691878557, 0.270639240742, 0.11703902483, 0.0294895432889, 0.00928885489702, 0.00226436369121, 0.000286499969661, 4.41189404228e-05, 5.13255617989e-05], "min": [3.19155378747e-06, 2.70107157121e-05, 0.000115154070954, 0.000199534610147, 0.000241110188654, 0.000478224334074, 0.00217579258606, 0.0013580393279, 0.000742141564842, 0.000644251529593, 0.000772661762312, 0.000708257663064, 0.000438784220023, 0.000257666804828, 0.000448857550509, 0.000395438808482, 0.000432041939348, 0.000359510304406, 0.00032459947397, 0.000352961127646, 0.000428956904216, 0.000295919744531, 0.000166116922628, 0.00014380562061, 0.000147669270518, 0.000181743613211, 0.000184240285307, 0.000176756453584, 0.000125127204228, 0.000138084127684, 0.000121349003166, 9.11616662052e-05, 6.53493625578e-05, 3.55155934813e-05, 2.39123528445e-05, 1.20646227515e-05, 5.47086074221e-06, 2.87605689664e-06, 8.0021999338e-07, 5.56508723548e-07], "var": [0.0027814398054, 2.70983481407, 69.5453338623, 488.936401367, 494.836334229, 392.860778809, 588.302307129, 2379.66796875, 1578.31750488, 7538.81103516, 5321.79833984, 5799.91259766, 1920.17443848, 3973.36132813, 7024.07275391, 29584.6621094, 6062.13671875, 9223.05078125, 3809.44897461, 2019.56188965, 1161.73876953, 291.853546143, 160.560714722, 79.7080917358, 77.9681854248, 113.066558838, 63.5123672485, 52.3027381897, 45.3418884277, 37.9973220825, 15.639081955, 10.9446544647, 13.9071092606, 1.77058887482, 0.267040252686, 0.106558136642, 0.0113506577909, 0.000344943982782, 3.36524271916e-06, 1.15004636925e-08]}, "erbbands_crest": {"dmean": 2.66545391083, "dmean2": 4.27033281326, "dvar": 6.63943529129, "dvar2": 15.54159832, "max": 31.8464183807, "mean": 9.40245246887, "median": 7.68933773041, "min": 2.35513114929, "var": 28.504201889}, "erbbands_flatness_db": {"dmean": 0.0243122149259, "dmean2": 0.0339743942022, "dvar": 0.000470796017908, "dvar2": 0.000881388608832, "max": 0.327913105488, "mean": 0.16088283062, "median": 0.159415230155, "min": 0.053648520261, "var": 0.00170153053477}, "erbbands_kurtosis": {"dmean": 1.08985471725, "dmean2": 1.72003889084, "dvar": 2.25632381439, "dvar2": 5.1047296524, "max": 29.5615615845, "mean": 0.903245210648, "median": 0.172810912132, "min": -1.82960784435, "var": 6.23090553284}, "erbbands_skewness": {"dmean": 0.394823402166, "dmean2": 0.618752002716, "dvar": 0.130965769291, "dvar2": 0.313663959503, "max": 4.02995634079, "mean": 0.370238244534, "median": 0.373729586601, "min": -2.75089001656, "var": 0.57377332449}, "erbbands_spread": {"dmean": 10.3155736923, "dmean2": 15.9064893723, "dvar": 133.440353394, "dvar2": 306.467346191, "max": 133.547866821, "mean": 35.9931411743, "median": 33.6408233643, "min": 2.24677968025, "var": 298.828338623}, "gfcc": {"cov": [[3214.63598633, -488.534576416, -84.7620010376, 23.7766418457, -12.4794712067, 39.7020492554, -128.418441772, 186.275192261, -88.8596191406, 117.810585022, -107.322097778, 57.0748825073, -150.190536499], [-488.534576416, 1140.97387695, -154.072372437, 110.178703308, 174.161727905, -38.3172874451, 97.5811920166, -20.8217792511, 144.420471191, -119.883888245, 141.644760132, -119.465324402, 118.438201904], [-84.7620010376, -154.072372437, 671.208129883, 95.6731109619, -69.251159668, 106.323135376, -20.3488464355, 8.96372699738, -8.52016639709, 44.572479248, -79.7339172363, 45.6248283386, -14.8177499771], [23.7766418457, 110.178703308, 95.6731109619, 222.741348267, 61.4526062012, 25.618938446, -8.5865020752, 12.9645614624, 42.2481231689, -22.0632476807, 13.8355855942, -43.249004364, 23.5185050964], [-12.4794712067, 174.161727905, -69.251159668, 61.4526062012, 250.477386475, 17.199798584, 43.7104263306, -10.2410078049, -2.53438830376, -16.8491325378, 7.52746105194, -16.687166214, 5.44794178009], [39.7020492554, -38.3172874451, 106.323135376, 25.618938446, 17.199798584, 185.698577881, 49.9073982239, 10.3077936172, -14.3987350464, 4.77489566803, -10.7020149231, -5.99646759033, -3.32501840591], [-128.418441772, 97.5811920166, -20.3488464355, -8.5865020752, 43.7104263306, 49.9073982239, 136.505493164, 20.7741851807, -11.3174266815, -15.4664163589, 5.24200534821, -11.9489603043, 1.5288823843], [186.275192261, -20.8217792511, 8.96372699738, 12.9645614624, -10.2410078049, 10.3077936172, 20.7741851807, 100.843269348, 48.3414230347, 19.4479885101, -4.37255525589, -1.79161989689, -8.57075595856], [-88.8596191406, 144.420471191, -8.52016639709, 42.2481231689, -2.53438830376, -14.3987350464, -11.3174266815, 48.3414230347, 125.266571045, 21.5400295258, 23.1143608093, -31.9537353516, 22.7661495209], [117.810585022, -119.883888245, 44.572479248, -22.0632476807, -16.8491325378, 4.77489566803, -15.4664163589, 19.4479885101, 21.5400295258, 83.4070205688, 3.20112538338, 18.4585056305, -24.847700119], [-107.322097778, 141.644760132, -79.7339172363, 13.8355855942, 7.52746105194, -10.7020149231, 5.24200534821, -4.37255525589, 23.1143608093, 3.20112538338, 98.7696762085, 2.85440063477, 17.8763484955], [57.0748825073, -119.465324402, 45.6248283386, -43.249004364, -16.687166214, -5.99646759033, -11.9489603043, -1.79161989689, -31.9537353516, 18.4585056305, 2.85440063477, 83.2787017822, 4.55318117142], [-150.190536499, 118.438201904, -14.8177499771, 23.5185050964, 5.44794178009, -3.32501840591, 1.5288823843, -8.57075595856, 22.7661495209, -24.847700119, 17.8763484955, 4.55318117142, 66.4355926514]], "icov": [[0.000595521822106, -0.000416690309066, 0.000529589597136, -0.000678717566188, 0.00023045760463, -0.000443460710812, 0.00110704731196, -0.00168050650973, 0.00151295564137, -0.00121951941401, 0.00110482610762, -0.000750221079215, 0.000943725521211], [-0.000416690309066, 0.00308513361961, -0.00122144655325, 0.00163140101358, -0.00184043310583, 0.00123604142573, -0.00218242662959, 0.002103877021, -0.00389021867886, 0.0043059270829, -0.00442112376913, 0.00354126142338, -0.00286707282066], [0.000529589597136, -0.00122144655325, 0.00331275258213, -0.0029501626268, 0.00175968592521, -0.00191582588013, 0.00115809624549, -0.000834080914501, 0.00155889475718, -0.00322251021862, 0.00444669649005, -0.00405551400036, 0.00212556123734], [-0.000678717566188, 0.00163140101358, -0.0029501626268, 0.00895046722144, -0.00325889582746, 0.000637843215372, 0.000187254758202, 0.000377752265194, -0.00312569271773, 0.00482261087745, -0.00526463380083, 0.00663362257183, -0.00408889213577], [0.00023045760463, -0.00184043310583, 0.00175968592521, -0.00325889582746, 0.00622190115973, -0.00103289878462, -0.000674052105751, 0.000257020466961, 0.00192443560809, -0.00284371012822, 0.00353217101656, -0.00325615680777, 0.00238461676054], [-0.000443460710812, 0.00123604142573, -0.00191582588013, 0.000637843215372, -0.00103289878462, 0.00765926484019, -0.00366683793254, 0.000773693551309, -0.000322570296703, 0.000853918259963, -0.00237054680474, 0.00319008529186, -0.00235781050287], [0.00110704731196, -0.00218242662959, 0.00115809624549, 0.000187254758202, -0.000674052105751, -0.00366683793254, 0.012977194041, -0.00750398961827, 0.00663768034428, -0.00234942673706, 0.00213607773185, -0.000211588368984, 0.00147688016295], [-0.00168050650973, 0.002103877021, -0.000834080914501, 0.000377752265194, 0.000257020466961, 0.000773693551309, -0.00750398961827, 0.0207813642919, -0.0137160150334, 0.0042835152708, -0.00138707202859, -0.00196319585666, 0.00181181496009], [0.00151295564137, -0.00389021867886, 0.00155889475718, -0.00312569271773, 0.00192443560809, -0.000322570296703, 0.00663768034428, -0.0137160150334, 0.0242500267923, -0.0133139807731, 0.00326956762001, 0.00432828487828, -0.00475235423073], [-0.00121951941401, 0.0043059270829, -0.00322251021862, 0.00482261087745, -0.00284371012822, 0.000853918259963, -0.00234942673706, 0.0042835152708, -0.0133139807731, 0.0260894838721, -0.00872729718685, -0.000320309743984, 0.00471376162022], [0.00110482610762, -0.00442112376913, 0.00444669649005, -0.00526463380083, 0.00353217101656, -0.00237054680474, 0.00213607773185, -0.00138707202859, 0.00326956762001, -0.00872729718685, 0.0204706005752, -0.00915086455643, 0.0033329827711], [-0.000750221079215, 0.00354126142338, -0.00405551400036, 0.00663362257183, -0.00325615680777, 0.00319008529186, -0.000211588368984, -0.00196319585666, 0.00432828487828, -0.000320309743984, -0.00915086455643, 0.0254734382033, -0.0119703579694], [0.000943725521211, -0.00286707282066, 0.00212556123734, -0.00408889213577, 0.00238461676054, -0.00235781050287, 0.00147688016295, 0.00181181496009, -0.00475235423073, 0.00471376162022, 0.0033329827711, -0.0119703579694, 0.0274197980762]], "mean": [1.81808519363, 116.57824707, -110.931739807, 30.8678245544, -55.5615081787, 22.3114814758, -36.4818992615, -7.47246026993, -21.1826477051, -4.89487171173, -17.7185173035, -9.49723720551, -10.5746269226]}, "hfc": {"dmean": 6.98490095139, "dmean2": 10.6255626678, "dvar": 86.8836746216, "dvar2": 206.745193481, "max": 131.89302063, "mean": 18.4808502197, "median": 15.0255184174, "min": 0.00126978009939, "var": 192.385223389}, "melbands": {"dmean": [0.000567507406231, 0.00220617139712, 0.002367840847, 0.000800366629846, 0.000344349333318, 0.000273258396192, 0.000173783890205, 0.000204902025871, 0.000120698707178, 0.000107590021798, 5.89035553276e-05, 6.41598235234e-05, 8.53876044857e-05, 4.65234879812e-05, 5.43542664673e-05, 4.77472458442e-05, 4.04186503147e-05, 3.64957741112e-05, 1.98356883629e-05, 1.85958488146e-05, 1.16868304758e-05, 6.69920018481e-06, 5.93519735048e-06, 3.92783476855e-06, 3.11682720167e-06, 2.52951463153e-06, 2.57909096035e-06, 2.74936883216e-06, 2.2606739094e-06, 2.23955748879e-06, 2.24891618927e-06, 2.12104805541e-06, 2.08933988688e-06, 1.82124404091e-06, 1.27382008941e-06, 9.752080814e-07, 8.80437539763e-07, 1.19427363643e-06, 7.31458897008e-07, 4.63884504143e-07], "dmean2": [0.000887929811142, 0.00371139287017, 0.00402791053057, 0.00136849563569, 0.000557858729735, 0.000428131752415, 0.000272497389233, 0.000316458492307, 0.00019115525356, 0.0001691107027, 8.88626673259e-05, 9.64488426689e-05, 0.000125762177049, 7.14887064532e-05, 8.29395721667e-05, 7.27300066501e-05, 6.26304172329e-05, 5.68901414226e-05, 3.17393823934e-05, 2.9558854294e-05, 1.8467890186e-05, 1.08410977191e-05, 9.79013566393e-06, 6.56318798065e-06, 5.25112182004e-06, 4.25197822551e-06, 4.20338028562e-06, 4.58649810753e-06, 3.8227785808e-06, 3.80488359042e-06, 3.77385549655e-06, 3.57642079507e-06, 3.47166519532e-06, 3.00919259644e-06, 2.12310487768e-06, 1.64383106949e-06, 1.48911772158e-06, 2.03152330869e-06, 1.24590928863e-06, 7.90300077824e-07], "dvar": [4.46084129635e-07, 7.58548912927e-06, 1.2497548596e-05, 1.3769825955e-06, 2.36999596837e-07, 5.09121093728e-07, 1.88614379226e-07, 4.80421533666e-07, 1.03671929708e-07, 1.05809213835e-07, 2.21800213751e-08, 1.89412450169e-08, 5.17222709107e-08, 1.32220190352e-08, 1.40126541481e-08, 1.28748576245e-08, 7.52997397768e-09, 6.082653492e-09, 1.60329183263e-09, 1.34433608689e-09, 5.1973170212e-10, 1.97639585253e-10, 1.81134593435e-10, 6.96428262281e-11, 5.0920895972e-11, 4.01396485494e-11, 3.93204774296e-11, 4.6697465339e-11, 3.21663459757e-11, 3.09348484329e-11, 2.38570153216e-11, 2.19250555211e-11, 1.77849714122e-11, 1.39576275884e-11, 7.1535173618e-12, 4.61377290539e-12, 5.32594324545e-12, 1.10545374937e-11, 3.81258523016e-12, 1.23225626751e-12], "dvar2": [1.20658603464e-06, 2.08555575227e-05, 3.25362889271e-05, 3.8946946006e-06, 5.79455900152e-07, 1.15452371574e-06, 4.45013768058e-07, 1.03086722447e-06, 2.29640278349e-07, 2.45058942028e-07, 4.48793429086e-08, 3.67945460766e-08, 9.14801887575e-08, 2.68062478881e-08, 2.95564710484e-08, 2.84930372629e-08, 1.64507696354e-08, 1.42857565777e-08, 3.95501320583e-09, 3.13437964472e-09, 1.18959686546e-09, 5.01538643949e-10, 4.4434089741e-10, 1.87660456619e-10, 1.39947678446e-10, 1.12836046062e-10, 1.01961682153e-10, 1.22552246129e-10, 8.58800669468e-11, 8.53330808792e-11, 6.36807134802e-11, 5.87807857944e-11, 4.72666454587e-11, 3.68201268086e-11, 1.89475345136e-11, 1.19911190352e-11, 1.36418853644e-11, 2.87371480778e-11, 1.01770545116e-11, 3.30964032222e-12], "max": [0.00846322719008, 0.0282960571349, 0.0331391356885, 0.0141845420003, 0.0122598549351, 0.0212799273431, 0.0107408221811, 0.0199459753931, 0.00916283670813, 0.0109815476462, 0.00510271359235, 0.00445115054026, 0.00849282089621, 0.00524233002216, 0.00298730679788, 0.00305965868756, 0.00230246596038, 0.00150280748494, 0.00121961103287, 0.000690797285642, 0.00051852496108, 0.000573686673306, 0.000320914172335, 0.000129647276481, 0.000119686796097, 0.000109496737423, 0.00013677230163, 0.000106578634586, 0.000124541766127, 0.000108781241579, 6.99119700585e-05, 0.000102535617771, 7.90298363427e-05, 5.12685764988e-05, 4.99790803588e-05, 4.41003212472e-05, 9.83285426628e-05, 8.34124875837e-05, 6.6466316639e-05, 2.42056594288e-05], "mean": [0.000963755184785, 0.00350417173468, 0.00324559095316, 0.00121402344666, 0.000646342989057, 0.000482932082377, 0.00028968823608, 0.000320286402712, 0.000202118011657, 0.000188256424735, 9.61476616794e-05, 0.00012370175682, 0.000151275322423, 0.000112762485514, 0.000105492748844, 9.59176250035e-05, 7.7929602412e-05, 5.90392955928e-05, 3.34254436893e-05, 3.18059319397e-05, 1.98279140022e-05, 1.11306089821e-05, 9.16051612876e-06, 5.63468438486e-06, 4.2303504415e-06, 3.72454996977e-06, 3.91909952668e-06, 3.57132921636e-06, 2.74990156868e-06, 2.42483974944e-06, 2.32693378166e-06, 2.11654310078e-06, 2.07481730286e-06, 1.7999686861e-06, 1.22871188069e-06, 9.08603510652e-07, 7.90022170349e-07, 9.69485199676e-07, 6.11777295489e-07, 3.87038028293e-07], "median": [0.000605924928095, 0.00262342183851, 0.00193804642186, 0.000810153316706, 0.000410898763221, 0.000194586726138, 0.000119440643175, 9.82120618573e-05, 8.70771691552e-05, 7.83235882409e-05, 3.90197274101e-05, 4.7213412472e-05, 5.31771147507e-05, 2.7689475246e-05, 3.76577663701e-05, 3.06141155306e-05, 2.66414754151e-05, 1.92140032595e-05, 1.41792770592e-05, 1.22270394058e-05, 7.92148512119e-06, 5.14620205649e-06, 3.62158152711e-06, 2.23110782827e-06, 1.68111591847e-06, 1.49356674228e-06, 1.57863860295e-06, 1.42804265124e-06, 1.21183711599e-06, 1.04176933746e-06, 8.96030940112e-07, 7.76288118232e-07, 7.84810310961e-07, 6.23990445092e-07, 4.05621506161e-07, 2.58617887994e-07, 2.06335812436e-07, 1.98267372298e-07, 1.41326182757e-07, 7.84054705605e-08], "min": [2.65669513055e-08, 5.07347408529e-08, 3.55662201912e-08, 2.04118535407e-08, 7.2523583583e-08, 3.20504796036e-08, 1.20966738848e-08, 7.36792760136e-09, 6.35887209555e-09, 4.26698809619e-09, 1.6857467644e-09, 8.47535708282e-10, 1.37678368706e-09, 8.1879331093e-10, 8.57144855093e-10, 6.61661447854e-10, 7.24670323748e-10, 5.54170820344e-10, 3.45034112392e-10, 4.53801884959e-10, 4.94393859185e-10, 2.96977942238e-10, 2.06521411084e-10, 1.19026968837e-10, 8.28797724894e-11, 1.31067684483e-10, 7.71223224172e-11, 1.1136220418e-10, 1.03236759419e-10, 1.12121610607e-10, 9.89137105556e-11, 6.72563532644e-11, 7.39438302255e-11, 7.69068211892e-11, 6.80098685701e-11, 6.99243579705e-11, 5.20677043148e-11, 4.4623048312e-11, 4.33048458204e-11, 2.62887732416e-11], "var": [1.10936434794e-06, 1.14400472739e-05, 1.48557155626e-05, 1.73827652361e-06, 5.80578557674e-07, 1.09817369776e-06, 3.57702163001e-07, 9.12615689685e-07, 2.69956359489e-07, 2.0577191151e-07, 5.14834574972e-08, 6.68199291454e-08, 1.41351605976e-07, 1.45212595726e-07, 5.59768125186e-08, 4.0580587779e-08, 2.90987820506e-08, 1.35095525877e-08, 3.49398643351e-09, 3.41599126763e-09, 1.46628342801e-09, 3.41885714183e-10, 3.39325456622e-10, 8.87087486801e-11, 5.3660648841e-11, 4.13576395353e-11, 6.40967764975e-11, 5.5349922562e-11, 3.39566604002e-11, 2.24352394301e-11, 1.89652928778e-11, 1.69667405125e-11, 1.43490124296e-11, 1.15106370616e-11, 5.85361490182e-12, 3.90333728881e-12, 4.5399738656e-12, 9.20292488049e-12, 3.09577515532e-12, 9.35481184704e-13]}, "melbands_crest": {"dmean": 4.22655010223, "dmean2": 7.06900167465, "dvar": 11.7756023407, "dvar2": 31.4316978455, "max": 30.7916183472, "mean": 15.8336668015, "median": 15.4085655212, "min": 2.89395475388, "var": 26.6671829224}, "melbands_flatness_db": {"dmean": 0.0352465361357, "dmean2": 0.0530237145722, "dvar": 0.00089354836382, "dvar2": 0.00201463210396, "max": 0.45757356286, "mean": 0.232769012451, "median": 0.232111006975, "min": 0.0189087782055, "var": 0.0034571334254}, "melbands_kurtosis": {"dmean": 10.3052282333, "dmean2": 16.5325469971, "dvar": 241.918518066, "dvar2": 588.028503418, "max": 315.325958252, "mean": 17.4638462067, "median": 10.5700874329, "min": -1.70090532303, "var": 469.492797852}, "melbands_skewness": {"dmean": 0.95526945591, "dmean2": 1.51414489746, "dvar": 0.900581896305, "dvar2": 2.17139315605, "max": 12.5727519989, "mean": 2.99846720695, "median": 2.78180885315, "min": -2.53457427025, "var": 2.92863273621}, "melbands_spread": {"dmean": 5.79887533188, "dmean2": 9.30767536163, "dvar": 64.5904769897, "dvar2": 159.33996582, "max": 179.891555786, "mean": 15.8556232452, "median": 12.8115491867, "min": 0.65869820118, "var": 148.278823853}, "mfcc": {"cov": [[3231.15063477, -346.478485107, -255.092330933, -6.96288442612, 56.2989463806, -123.854057312, -16.4101810455, 6.06042432785, -12.5285863876, 71.4300308228, 59.3675460815, -9.18630027771, 1.47611236572], [-346.478485107, 805.041687012, -128.361419678, 97.3759002686, 64.742225647, 15.3009986877, 39.1162948608, 46.7897605896, 12.971985817, 46.3305969238, 12.4047136307, -13.4713878632, 7.69716501236], [-255.092330933, -128.361419678, 650.587280273, -5.90653371811, 19.0732326508, 68.1149673462, -21.9463253021, 6.82090616226, 59.0288276672, -10.6499614716, 6.64209318161, 15.3802042007, 7.81842708588], [-6.96288442612, 97.3759002686, -5.90653371811, 206.65612793, 88.2160186768, -4.19434738159, 4.00561189651, 8.72379398346, 11.7299900055, 21.7505683899, -8.6771812439, 4.71058082581, 4.52919721603], [56.2989463806, 64.742225647, 19.0732326508, 88.2160186768, 178.924957275, 45.1478881836, 3.00960803032, 10.7034130096, 18.6016368866, 25.1735267639, 5.41737222672, -3.27705073357, 7.38102674484], [-123.854057312, 15.3009986877, 68.1149673462, -4.19434738159, 45.1478881836, 138.049087524, 68.9508743286, 15.2476577759, 19.5743350983, -4.23952102661, 7.35446834564, -11.6964254379, -18.64037323], [-16.4101810455, 39.1162948608, -21.9463253021, 4.00561189651, 3.00960803032, 68.9508743286, 132.420089722, 46.8829917908, 3.10051965714, -2.10850811005, 7.32257127762, -1.08551383018, -9.52690029144], [6.06042432785, 46.7897605896, 6.82090616226, 8.72379398346, 10.7034130096, 15.2476577759, 46.8829917908, 77.0354919434, 34.953453064, 9.20485115051, 6.08828210831, -2.94149303436, 0.466712146997], [-12.5285863876, 12.971985817, 59.0288276672, 11.7299900055, 18.6016368866, 19.5743350983, 3.10051965714, 34.953453064, 90.5676956177, 42.6687850952, 8.43967342377, -4.32622241974, -6.16837406158], [71.4300308228, 46.3305969238, -10.6499614716, 21.7505683899, 25.1735267639, -4.23952102661, -2.10850811005, 9.20485115051, 42.6687850952, 93.3283157349, 35.0079460144, 7.77672719955, 1.68672931194], [59.3675460815, 12.4047136307, 6.64209318161, -8.6771812439, 5.41737222672, 7.35446834564, 7.32257127762, 6.08828210831, 8.43967342377, 35.0079460144, 65.5985107422, 23.5155391693, 2.75623846054], [-9.18630027771, -13.4713878632, 15.3802042007, 4.71058082581, -3.27705073357, -11.6964254379, -1.08551383018, -2.94149303436, -4.32622241974, 7.77672719955, 23.5155391693, 67.1682662964, 31.7305488586], [1.47611236572, 7.69716501236, 7.81842708588, 4.52919721603, 7.38102674484, -18.64037323, -9.52690029144, 0.466712146997, -6.16837406158, 1.68672931194, 2.75623846054, 31.7305488586, 68.1611022949]], "icov": [[0.000382058293326, 0.000232284350204, 0.000135658498039, 5.61809101782e-05, -0.000324560067384, 0.000500026391819, -0.00020731096447, -7.73428328102e-05, 6.071621101e-05, -0.000191045473912, -0.000411419023294, 0.000311974901706, -2.87268758257e-05], [0.000232284350204, 0.00160323490854, 0.000358155899448, -0.000559632084332, -0.000251940306043, -2.10387370316e-05, -3.74470509996e-05, -0.000959467375651, 0.000468753569294, -0.0007574519841, -0.000399478914915, 0.000707792525645, -0.000419283809606], [0.000135658498039, 0.000358155899448, 0.00198044138961, -0.000181923809578, 7.03736295691e-05, -0.00124231842346, 0.000997836701572, -0.000196346736629, -0.00138430239167, 0.000802278402261, -0.000472676707432, -0.000375690520741, -0.000416135066189], [5.61809101782e-05, -0.000559632084332, -0.000181923809578, 0.0069812675938, -0.00376416463405, 0.00217053270899, -0.00135342939757, 0.000480850518215, -0.00028287715395, -0.000977842602879, 0.00223915535025, -0.0015466749901, 0.00105575856287], [-0.000324560067384, -0.000251940306043, 7.03736295691e-05, -0.00376416463405, 0.00921136606485, -0.00512077659369, 0.00302293547429, -0.00166339857969, 0.000878885155544, -0.0016716303071, 2.0616902475e-05, 0.000858308922034, -0.00196594255976], [0.000500026391819, -2.10387370316e-05, -0.00124231842346, 0.00217053270899, -0.00512077659369, 0.0155657287687, -0.00954856630415, 0.00516281090677, -0.00436649145558, 0.00314711802639, -0.00270473049022, 0.00202682288364, 0.00212402734905], [-0.00020731096447, -3.74470509996e-05, 0.000997836701572, -0.00135342939757, 0.00302293547429, -0.00954856630415, 0.0162472315133, -0.0106135196984, 0.0052002700977, -0.00178384501487, 0.000887920090463, -0.00204326910898, 0.000819140172098], [-7.73428328102e-05, -0.000959467375651, -0.000196346736629, 0.000480850518215, -0.00166339857969, 0.00516281090677, -0.0106135196984, 0.0241913609207, -0.011511605233, 0.00465158233419, -0.00286924163811, 0.00219160714187, -0.00201757112518], [6.071621101e-05, 0.000468753569294, -0.00138430239167, -0.00028287715395, 0.000878885155544, -0.00436649145558, 0.0052002700977, -0.011511605233, 0.0219092294574, -0.011072232388, 0.00397559255362, -0.000278339430224, 0.00186522654258], [-0.000191045473912, -0.0007574519841, 0.000802278402261, -0.000977842602879, -0.0016716303071, 0.00314711802639, -0.00178384501487, 0.00465158233419, -0.011072232388, 0.0204719305038, -0.0102588059381, 0.001261712634, -0.000858004379552], [-0.000411419023294, -0.000399478914915, -0.000472676707432, 0.00223915535025, 2.0616902475e-05, -0.00270473049022, 0.000887920090463, -0.00286924163811, 0.00397559255362, -0.0102588059381, 0.0247746706009, -0.00962861068547, 0.00345546077006], [0.000311974901706, 0.000707792525645, -0.000375690520741, -0.0015466749901, 0.000858308922034, 0.00202682288364, -0.00204326910898, 0.00219160714187, -0.000278339430224, 0.001261712634, -0.00962861068547, 0.0239341240376, -0.0105890091509], [-2.87268758257e-05, -0.000419283809606, -0.000416135066189, 0.00105575856287, -0.00196594255976, 0.00212402734905, 0.000819140172098, -0.00201757112518, 0.00186522654258, -0.000858004379552, 0.00345546077006, -0.0105890091509, 0.0205984637141]], "mean": [-639.640869141, 141.13722229, 8.50078487396, 15.2720975876, 5.97633886337, 20.5848464966, -1.80038404465, 0.400799542665, -0.906422317028, -0.337910652161, -3.84571695328, -2.57912492752, -3.13453197479]}, "pitch_salience": {"dmean": 0.0869187265635, "dmean2": 0.144117370248, "dvar": 0.00532481120899, "dvar2": 0.0143378535286, "max": 0.919740974903, "mean": 0.546612143517, "median": 0.551171660423, "min": 0.125486373901, "var": 0.0132361119613}, "silence_rate_20dB": {"dmean": 0, "dmean2": 0, "dvar": 0, "dvar2": 0, "max": 1, "mean": 1, "median": 1, "min": 1, "var": 0}, "silence_rate_30dB": {"dmean": 0.00673232786357, "dmean2": 0.0134663339704, "dvar": 0.00668729702011, "dvar2": 0.0187723878771, "max": 1, "mean": 0.996010959148, "median": 1, "min": 0, "var": 0.00397280417383}, "silence_rate_60dB": {"dmean": 0.0159581098706, "dmean2": 0.0319201983511, "dvar": 0.0157006923109, "dvar2": 0.0336420051754, "max": 1, "mean": 0.034530043602, "median": 0, "min": 0, "var": 0.0333355851471}, "spectral_centroid": {"dmean": 215.671447754, "dmean2": 340.983337402, "dvar": 71871.828125, "dvar2": 166638.359375, "max": 4222.68701172, "mean": 831.026977539, "median": 740.823852539, "min": 177.874679565, "var": 195869.046875}, "spectral_complexity": {"dmean": 4.1083407402, "dmean2": 6.17718219757, "dvar": 18.9307880402, "dvar2": 42.9519729614, "max": 51, "mean": 17.8347053528, "median": 17, "min": 0, "var": 56.9128074646}, "spectral_contrast_coeffs": {"dmean": [0.057685777545, 0.0493143722415, 0.0401362664998, 0.0305370632559, 0.0202986709774, 0.0190691147], "dmean2": [0.0961178094149, 0.0807472392917, 0.0641157478094, 0.0490472130477, 0.0326972976327, 0.0301358141005], "dvar": [0.00214261841029, 0.00157436728477, 0.0010526139522, 0.000616537116002, 0.000285506277578, 0.000268569536274], "dvar2": [0.0056486367248, 0.00406894180924, 0.00258259684779, 0.00153974280693, 0.000711268512532, 0.000679242308252], "max": [-0.328326433897, -0.412875592709, -0.456929445267, -0.565987050533, -0.610283374786, -0.59609824419], "mean": [-0.597405135632, -0.737114191055, -0.771912336349, -0.786607027054, -0.816199421883, -0.766044795513], "median": [-0.600494980812, -0.746970295906, -0.781714439392, -0.794818580151, -0.822643995285, -0.76867377758], "min": [-0.89184319973, -0.920180022717, -0.956885993481, -0.922676503658, -0.937107920647, -0.877163887024], "var": [0.00476252986118, 0.00588102638721, 0.00439278315753, 0.00274716317654, 0.00131166214123, 0.000771267805248]}, "spectral_contrast_valleys": {"dmean": [0.438708424568, 0.384083509445, 0.354123950005, 0.351185679436, 0.371063560247, 0.539407551289], "dmean2": [0.726935505867, 0.612199306488, 0.540013313293, 0.516415417194, 0.523928940296, 0.710706949234], "dvar": [0.129242286086, 0.103226132691, 0.0893651917577, 0.0981572121382, 0.141193419695, 0.230418130755], "dvar2": [0.335496366024, 0.249888569117, 0.192078754306, 0.198072806001, 0.305899858475, 0.444803744555], "max": [-5.43400382996, -4.89078807831, -5.38091516495, -5.61672449112, -5.43695878983, -7.76314163208], "mean": [-6.88573694229, -6.52646780014, -7.03186702728, -7.33331251144, -7.75519609451, -10.1941728592], "median": [-6.71057891846, -6.47386980057, -6.97885942459, -7.29372262955, -7.72552633286, -10.2800617218], "min": [-11.5865297318, -11.8742389679, -12.4305114746, -13.2371692657, -13.1861619949, -15.1741065979], "var": [0.667764425278, 0.361398905516, 0.329166889191, 0.358986139297, 0.426165789366, 0.630412936211]}, "spectral_decrease": {"dmean": 3.76728603868e-09, "dmean2": 6.17529494207e-09, "dvar": 1.90257480044e-17, "dvar2": 4.90994857062e-17, "max": -8.87972638128e-13, "mean": -9.55210932574e-09, "median": -8.73211813968e-09, "min": -4.36922853453e-08, "var": 3.58195079445e-17}, "spectral_energy": {"dmean": 0.0146576231346, "dmean2": 0.0239448547363, "dvar": 0.000285613758024, "dvar2": 0.000732838117983, "max": 0.169772669673, "mean": 0.0377279929817, "median": 0.0346767939627, "min": 3.46658362105e-06, "var": 0.000547786126845}, "spectral_energyband_high": {"dmean": 0.000448392645922, "dmean2": 0.000739728449844, "dvar": 7.51416166622e-07, "dvar2": 1.95265647562e-06, "max": 0.0101608810946, "mean": 0.000478756730445, "median": 0.00018633712898, "min": 4.84077595786e-08, "var": 6.68909422075e-07}, "spectral_energyband_low": {"dmean": 0.00964995101094, "dmean2": 0.0162322930992, "dvar": 0.000120558586787, "dvar2": 0.000321237515891, "max": 0.109576568007, "mean": 0.0166378896683, "median": 0.0135577451438, "min": 4.04674068477e-07, "var": 0.000190208360436}, "spectral_energyband_middle_high": {"dmean": 0.00196765223518, "dmean2": 0.00286213215441, "dvar": 7.32778971724e-06, "dvar2": 1.42871776916e-05, "max": 0.0545580163598, "mean": 0.00586880045012, "median": 0.00333382003009, "min": 9.58883461522e-08, "var": 4.29540377809e-05}, "spectral_energyband_middle_low": {"dmean": 0.00922598782927, "dmean2": 0.0151064991951, "dvar": 0.000163043630891, "dvar2": 0.000415221729781, "max": 0.136083975434, "mean": 0.0190014224499, "median": 0.0144461430609, "min": 7.82543963851e-07, "var": 0.000278778665233}, "spectral_entropy": {"dmean": 0.24996265769, "dmean2": 0.363733559847, "dvar": 0.0506547316909, "dvar2": 0.103442363441, "max": 8.64793300629, "mean": 7.41784572601, "median": 7.40698814392, "min": 5.99947118759, "var": 0.145994886756}, "spectral_flux": {"dmean": 0.033169683069, "dmean2": 0.0521420910954, "dvar": 0.00112150621135, "dvar2": 0.00263331760652, "max": 0.328567385674, "mean": 0.0994058921933, "median": 0.0907463282347, "min": 0.00200278498232, "var": 0.00224942713976}, "spectral_kurtosis": {"dmean": 2.18564558029, "dmean2": 3.47662186623, "dvar": 3.88370370865, "dvar2": 9.9983215332, "max": 21.314950943, "mean": 4.98404693604, "median": 4.48285198212, "min": -1.04640543461, "var": 7.8107047081}, "spectral_rms": {"dmean": 0.00115111505147, "dmean2": 0.00183125515468, "dvar": 1.29882323563e-06, "dvar2": 3.19701302942e-06, "max": 0.0128698050976, "mean": 0.00573488604277, "median": 0.00581644382328, "min": 5.81552485528e-05, "var": 3.91884168494e-06}, "spectral_rolloff": {"dmean": 371.077758789, "dmean2": 639.571411133, "dvar": 630908.5625, "dvar2": 1551465, "max": 11821.7285156, "mean": 902.789794922, "median": 667.529296875, "min": 86.1328125, "var": 872115}, "spectral_skewness": {"dmean": 0.300152927637, "dmean2": 0.468571633101, "dvar": 0.0681288093328, "dvar2": 0.16323722899, "max": 3.57030200958, "mean": 1.75396585464, "median": 1.73148798943, "min": 0.186839133501, "var": 0.166757807136}, "spectral_spread": {"dmean": 907522.125, "dmean2": 1350972, "dvar": 931068182528, "dvar2": 1989674663940.0, "max": 13312757, "mean": 4389602, "median": 4067285.75, "min": 1812534.5, "var": 1992083374080.0}, "spectral_strongpeak": {"dmean": 0.5467487