{"lowlevel": {"average_loudness": 0.932495713234, "barkbands": {"dmean": [0.000191073282622, 0.00192207004875, 0.00220818025991, 0.00165484240279, 0.00162608781829, 0.000926822714973, 0.000354709889507, 0.000471938488772, 0.000739944691304, 0.000523068651091, 0.000569401483517, 0.000727599603124, 0.000429570674896, 0.000644050072879, 0.000478740286781, 0.000342312618159, 0.000353548821295, 0.000351118011167, 0.000227877084399, 0.000156032911036, 0.000155695946887, 0.000113894842798, 8.28225893201e-05, 5.94076809648e-05, 3.25333385263e-05, 3.09034148813e-05, 1.39043650051e-05], "dmean2": [0.000278815539787, 0.00319196167402, 0.00392960011959, 0.00295510492288, 0.00268827402033, 0.00154951005243, 0.000592544791289, 0.000749048485886, 0.00116529234219, 0.000819067645352, 0.00090724992333, 0.00117118074559, 0.000680074328557, 0.00100436364301, 0.000747162674088, 0.00053516641492, 0.000556295271963, 0.000571102020331, 0.000357758661266, 0.000233394530369, 0.000232478254475, 0.000171750289155, 0.000123325764434, 8.64593093866e-05, 4.65778612124e-05, 4.48886530648e-05, 2.10465459531e-05], "dvar": [1.16261688277e-07, 1.22973242469e-05, 4.25930447818e-05, 3.0650269764e-05, 1.75217446667e-05, 6.2717090259e-06, 1.24349867292e-06, 2.19715434469e-06, 4.69155975225e-06, 1.54882570769e-06, 2.65253788712e-06, 3.23317567563e-06, 1.02888793663e-06, 1.7052137764e-06, 8.92357945759e-07, 6.2887193053e-07, 2.9271578228e-07, 4.39170321442e-07, 1.27755100721e-07, 7.10315433139e-08, 9.0673616171e-08, 7.52567430595e-08, 5.65216211612e-08, 2.34226753548e-08, 6.2227187847e-09, 6.54178000659e-09, 2.25697194267e-09], "dvar2": [2.41864256623e-07, 3.14868957503e-05, 0.000121308854432, 8.67220878717e-05, 4.45089717687e-05, 1.65110141097e-05, 3.30919920088e-06, 5.01975637235e-06, 1.0739402569e-05, 3.29204181071e-06, 6.48435570838e-06, 8.5862884589e-06, 2.4324729111e-06, 3.89782553611e-06, 2.10687289837e-06, 1.57577380833e-06, 7.00711780155e-07, 1.13786757083e-06, 3.05269708178e-07, 1.5638744344e-07, 1.97365011445e-07, 1.61136057386e-07, 1.1836515057e-07, 4.7523773361e-08, 1.2648076364e-08, 1.38576989883e-08, 4.94350915758e-09], "max": [0.00440798560157, 0.0385347828269, 0.141201093793, 0.127343982458, 0.0708841979504, 0.0340218991041, 0.0284524150193, 0.0298400595784, 0.0499753430486, 0.0299304760993, 0.0422062240541, 0.0435181967914, 0.026312764734, 0.0311893932521, 0.0222606603056, 0.0209198519588, 0.00850513856858, 0.0103056868538, 0.00845598708838, 0.00562402559444, 0.00768915610388, 0.00649520754814, 0.00549874873832, 0.00521149532869, 0.00207612942904, 0.00130807701498, 0.000639481237158], "mean": [0.00029814383015, 0.00308362557553, 0.00241477508098, 0.00179938040674, 0.0022998189088, 0.00122972694226, 0.000472832936794, 0.000672924390528, 0.00114986125845, 0.000818140339106, 0.000863750989083, 0.00123348878697, 0.000689722422976, 0.00105973624159, 0.000846825481858, 0.000603761698585, 0.000690587970894, 0.00063952547498, 0.000458587455796, 0.000302670814563, 0.000300779531244, 0.00018182801432, 0.000125845093862, 9.14471238502e-05, 5.0315655244e-05, 3.52709757863e-05, 1.3298507838e-05], "median": [0.000137360912049, 0.00213283067569, 0.00103445863351, 0.000753692816943, 0.0010962728411, 0.000420732540078, 0.0001771148236, 0.000165091245435, 0.0002565983159, 0.000259961001575, 0.000193130457774, 0.000353908806574, 0.000284276524326, 0.000423758174293, 0.000326472974848, 0.00024153283448, 0.000351945112925, 0.000286085094558, 0.00027673447039, 0.000149682426127, 0.000112189627544, 5.99514969508e-05, 3.15958895953e-05, 2.71941571555e-05, 1.29412383103e-05, 6.17833757133e-06, 2.40871969481e-07], "min": [6.86654509294e-13, 1.06932713552e-12, 2.9312831459e-13, 4.72963682108e-13, 7.29398800473e-13, 9.93110216459e-13, 4.99179365378e-13, 6.1266703516e-13, 1.00065398675e-12, 7.4932974322e-13, 4.48704333238e-13, 9.31111741528e-13, 1.30065879941e-12, 1.28816271885e-12, 1.65774913328e-12, 1.40761664477e-12, 1.05956335286e-12, 1.22654154628e-12, 7.00522756122e-13, 5.44205392555e-12, 3.74437980621e-12, 6.02324180116e-12, 1.99792461221e-12, 1.69499917574e-12, 3.96840720007e-12, 2.99886938199e-12, 2.6862544307e-12], "var": [1.71890974343e-07, 1.43000570461e-05, 2.79958003375e-05, 1.99818787223e-05, 1.6434578356e-05, 7.5120051406e-06, 1.29611203192e-06, 4.05127502745e-06, 1.05346007331e-05, 3.93420032196e-06, 5.52477331439e-06, 6.76278841638e-06, 1.89257002603e-06, 3.39976645591e-06, 1.97850863515e-06, 1.27424664242e-06, 8.20937088974e-07, 9.14554505016e-07, 3.13972378763e-07, 1.70738744032e-07, 2.33221399526e-07, 1.39781278108e-07, 1.10549081e-07, 4.61544651387e-08, 1.2244328218e-08, 8.6362916818e-09, 2.63125188305e-09]}, "barkbands_crest": {"dmean": 2.11499214172, "dmean2": 3.50624847412, "dvar": 4.00606393814, "dvar2": 10.3958644867, "max": 23.5372238159, "mean": 7.52999448776, "median": 6.87786436081, "min": 2.13534069061, "var": 9.17864894867}, "barkbands_flatness_db": {"dmean": 0.016641292721, "dmean2": 0.0251548849046, "dvar": 0.000243711911025, "dvar2": 0.000572929624468, "max": 0.241869956255, "mean": 0.101229153574, "median": 0.0989805757999, "min": 0.0119268987328, "var": 0.00102102267556}, "barkbands_kurtosis": {"dmean": 1.30130255222, "dmean2": 2.08933591843, "dvar": 4.16139936447, "dvar2": 10.3435163498, "max": 34.5887565613, "mean": 0.792737543583, "median": -0.153297036886, "min": -1.91238951683, "var": 8.64683055878}, "barkbands_skewness": {"dmean": 0.463689178228, "dmean2": 0.70050317049, "dvar": 0.23093560338, "dvar2": 0.513163626194, "max": 5.18881559372, "mean": 0.652613818645, "median": 0.489017665386, "min": -2.93732190132, "var": 0.921738505363}, "barkbands_spread": {"dmean": 5.85023546219, "dmean2": 8.95578575134, "dvar": 42.8417625427, "dvar2": 88.9624176025, "max": 97.5002212524, "mean": 29.3478527069, "median": 27.4576435089, "min": 3.53814888, "var": 184.891677856}, "dissonance": {"dmean": 0.0132538322359, "dmean2": 0.0223814435303, "dvar": 0.000231160622207, "dvar2": 0.000644046929665, "max": 0.500000059605, "mean": 0.478038072586, "median": 0.484659194946, "min": 0.318261325359, "var": 0.000462419877294}, "dynamic_complexity": 3.09760499001, "erbbands": {"dmean": [0.0634070113301, 0.451442956924, 2.07409787178, 4.61664390564, 5.21622276306, 5.14419412613, 7.65318012238, 7.35858297348, 5.60076904297, 5.2091383934, 13.0944299698, 16.9741230011, 16.2220458984, 17.0616645813, 20.6367702484, 32.2823524475, 19.8564567566, 33.4631881714, 24.4940071106, 22.4886360168, 17.665927887, 16.8320579529, 15.4996442795, 12.7913198471, 11.7699804306, 8.05051422119, 6.86143445969, 5.80555105209, 4.28270959854, 3.24175429344, 2.17432379723, 1.26625657082, 0.96666431427, 0.420367151499, 0.211280807853, 0.094632267952, 0.076697640121, 0.0175957735628, 0.00261193304323, 9.62914054981e-05], "dmean2": [0.100503399968, 0.764033377171, 3.69671988487, 8.22439575195, 8.73579692841, 8.551030159, 12.8215847015, 12.4597816467, 9.56061935425, 8.36156368256, 20.4842033386, 26.8175354004, 24.6578941345, 26.9371604919, 32.1389541626, 51.9031906128, 31.0049724579, 52.0899276733, 37.7507095337, 34.481918335, 28.0968513489, 25.854932785, 24.9431972504, 20.4139099121, 18.5564613342, 12.0287351608, 10.3154745102, 8.58599662781, 6.49167203903, 4.81754016876, 3.25245833397, 1.81702649593, 1.41339862347, 0.610991239548, 0.305173903704, 0.135999038815, 0.114273793995, 0.0263076163828, 0.0039411149919, 0.00014518199896], "dvar": [0.0137869035825, 0.814977407455, 32.9330368042, 245.999191284, 175.911911011, 197.961242676, 430.894989014, 495.243164063, 285.10647583, 347.022918701, 1670.31262207, 2978.75341797, 1704.01049805, 1884.87805176, 3143.51831055, 6849.13964844, 2263.89624023, 4847.04541016, 2461.67895508, 2423.81347656, 1765.81542969, 692.257568359, 717.825927734, 400.33770752, 389.332580566, 187.383712769, 166.628479004, 138.655471802, 105.779273987, 70.9370346069, 41.6891059875, 13.3189353943, 5.9881772995, 1.183203578, 0.274639517069, 0.0664072185755, 0.0367328301072, 0.00300701986998, 7.89539553807e-05, 9.54949541665e-08], "dvar2": [0.0343685373664, 2.17345809937, 93.4167175293, 702.086853027, 460.738922119, 491.389129639, 1144.46008301, 1307.30700684, 772.558227539, 840.727661133, 3716.34399414, 6872.14550781, 3539.02685547, 4511.73242188, 7264.83251953, 18424.328125, 5337.14306641, 11246.3046875, 5696.69189453, 5503.22265625, 4699.01318359, 1554.18334961, 1822.35522461, 988.952758789, 955.588867188, 403.086181641, 374.000640869, 293.137298584, 228.176773071, 155.494186401, 85.3086700439, 26.0195293427, 12.6916952133, 2.45960402489, 0.57108181715, 0.136487707496, 0.0810907185078, 0.0066832001321, 0.000171704159584, 2.04178888907e-07], "max": [1.45286440849, 11.6880674362, 114.508666992, 257.710449219, 180.293777466, 265.759857178, 349.075653076, 389.83694458, 330.562316895, 731.403076172, 826.448608398, 1153.10864258, 1076.95776367, 1070.15246582, 1741.79321289, 2227.00366211, 1430.89685059, 1867.66723633, 1330.88818359, 1689.68859863, 1222.41088867, 493.617126465, 601.729003906, 417.755157471, 470.03314209, 312.242828369, 341.710510254, 264.268676758, 248.280914307, 170.787338257, 187.66078186, 91.1705245972, 92.3606414795, 29.666841507, 20.3718357086, 4.27491521835, 2.79308009148, 0.820665061474, 0.131859987974, 0.00445059780031], "mean": [0.0933237150311, 0.689641952515, 2.39325332642, 5.15696573257, 7.06805419922, 6.96213102341, 10.0676307678, 8.84590816498, 7.33186674118, 7.50535964966, 19.7981872559, 27.1837654114, 26.9492607117, 28.285402298, 36.6183357239, 55.9349403381, 36.6207504272, 57.5691833496, 45.4534416199, 41.4178886414, 34.7534942627, 35.604057312, 31.0599899292, 26.7799625397, 23.1059093475, 16.0034732819, 13.3895750046, 10.3508796692, 6.8462767601, 4.95001411438, 3.26172351837, 1.96768701077, 1.45435869694, 0.652916431427, 0.312186211348, 0.12393631041, 0.0817684531212, 0.0175501573831, 0.00251549715176, 0.000112102774438], "median": [0.0434847585857, 0.5003708601, 1.26012992859, 2.48265218735, 3.51026773453, 3.13721942902, 3.27527141571, 2.74418473244, 2.84280109406, 2.85612916946, 4.51107406616, 6.09335803986, 9.17278862, 8.75817108154, 10.7946634293, 16.8045120239, 17.3950309753, 25.2904319763, 18.7482452393, 16.2025680542, 16.9590110779, 18.5253219604, 15.5813016891, 15.2365541458, 13.0381946564, 7.65697669983, 5.39264822006, 3.83127498627, 2.32048678398, 1.42790806293, 0.760493755341, 0.535089373589, 0.441726446152, 0.172435164452, 0.076155602932, 0.0214537866414, 0.0144127681851, 0.00142012746073, 5.97284379182e-05, 2.82160945062e-05], "min": [4.67198155163e-11, 1.82863071907e-10, 3.47169931691e-10, 9.74110903051e-10, 2.24914042946e-09, 1.99625849184e-09, 6.604988112e-09, 7.42413730492e-09, 4.42852510218e-09, 8.99010732525e-09, 2.35210340094e-08, 1.9148540531e-08, 1.29016379802e-08, 3.60500358454e-08, 1.47512659865e-08, 4.58495001965e-08, 5.71435272434e-08, 6.37484731669e-08, 7.72320021269e-08, 8.33334041772e-08, 7.48409334506e-08, 5.5390820819e-08, 6.79293989947e-08, 3.78159370484e-08, 1.20437718465e-07, 2.6526274155e-07, 1.98470146984e-07, 1.12203167646e-07, 1.91470107325e-07, 1.60773169e-07, 5.00672676651e-08, 2.56384922181e-08, 3.61754075584e-08, 3.74936668379e-08, 3.10191765607e-08, 1.33236301991e-08, 5.12631670446e-09, 1.78334980117e-09, 4.20348478247e-10, 3.78786238486e-11], "var": [0.0178454946727, 0.771385848522, 22.0336055756, 155.080322266, 157.519592285, 185.72857666, 521.155883789, 533.893127441, 276.240325928, 415.673400879, 3439.04980469, 6556.43017578, 4646.91064453, 4056.96313477, 7827.47607422, 13497.3066406, 4461.25097656, 9678.7421875, 5649.40332031, 5349.47753906, 3761.08081055, 2227.34643555, 1692.95300293, 1048.00219727, 907.07623291, 499.848358154, 416.811218262, 316.278503418, 191.964950562, 129.078857422, 82.189781189, 28.2830467224, 10.657002449, 2.29991841316, 0.493676006794, 0.101186878979, 0.0442235246301, 0.00347376009449, 9.31389440666e-05, 1.1535833977e-07]}, "erbbands_crest": {"dmean": 2.75262856483, "dmean2": 4.46712684631, "dvar": 7.1748623848, "dvar2": 17.5127887726, "max": 30.4561519623, "mean": 9.0955991745, "median": 7.88709068298, "min": 2.49459815025, "var": 19.1080951691}, "erbbands_flatness_db": {"dmean": 0.0200320258737, "dmean2": 0.0280075669289, "dvar": 0.000362291873898, "dvar2": 0.000641391670797, "max": 0.324999213219, "mean": 0.161119684577, "median": 0.158375889063, "min": 0.0452497452497, "var": 0.00198107911274}, "erbbands_kurtosis": {"dmean": 0.985250413418, "dmean2": 1.5362547636, "dvar": 1.48326599598, "dvar2": 3.52018404007, "max": 25.7133846283, "mean": 0.930650234222, "median": 0.454129487276, "min": -1.68693602085, "var": 3.8596997261}, "erbbands_skewness": {"dmean": 0.348085016012, "dmean2": 0.532050430775, "dvar": 0.100559063256, "dvar2": 0.225449308753, "max": 3.970952034, "mean": -0.167178854346, "median": -0.224055558443, "min": -3.06376409531, "var": 0.569740712643}, "erbbands_spread": {"dmean": 7.54746103287, "dmean2": 11.4043874741, "dvar": 82.7729568481, "dvar2": 184.448776245, "max": 127.806037903, "mean": 30.1801376343, "median": 25.6239948273, "min": 4.01536273956, "var": 265.625640869}, "gfcc": {"cov": [[3642.08959961, -215.348358154, 619.393188477, 339.545288086, -23.3018856049, -113.808662415, -64.4901809692, -237.094024658, 48.0912399292, 136.06237793, -112.140106201, -42.4337501526, -31.2998809814], [-215.348358154, 1131.9909668, 186.077392578, 89.2747879028, 166.339492798, -63.1758422852, -34.9578323364, -89.568901062, 23.7146091461, -50.325466156, 35.0264091492, -82.1717147827, 19.9336700439], [619.393188477, 186.077392578, 1139.03356934, 191.723861694, 68.263961792, -78.2318115234, -156.758560181, -144.783935547, -3.56606221199, 20.8000717163, -50.6150093079, -17.0730819702, -71.6320495605], [339.545288086, 89.2747879028, 191.723861694, 456.661437988, 46.0616111755, -13.6820373535, -75.4822769165, -42.9379348755, 2.89585161209, 29.7225589752, -7.14264726639, -43.9183578491, -15.9040346146], [-23.3018856049, 166.339492798, 68.263961792, 46.0616111755, 330.791015625, 20.6602020264, 30.3769016266, 14.3374872208, -4.31922674179, 5.48431015015, 5.95146131516, 2.75399708748, -18.0887775421], [-113.808662415, -63.1758422852, -78.2318115234, -13.6820373535, 20.6602020264, 174.177810669, 72.1333465576, 19.5807666779, -20.2793502808, -14.8770704269, 8.71629810333, 6.03326320648, 3.95104885101], [-64.4901809692, -34.9578323364, -156.758560181, -75.4822769165, 30.3769016266, 72.1333465576, 177.233856201, 59.6278038025, -13.2899036407, -24.8192234039, 4.58192682266, 11.7925596237, 12.3093166351], [-237.094024658, -89.568901062, -144.783935547, -42.9379348755, 14.3374872208, 19.5807666779, 59.6278038025, 133.456161499, 25.284034729, -2.81606435776, 0.894686877728, 9.92510509491, -0.101276889443], [48.0912399292, 23.7146091461, -3.56606221199, 2.89585161209, -4.31922674179, -20.2793502808, -13.2899036407, 25.284034729, 103.534095764, 37.7214889526, -10.7556304932, -16.6334819794, 1.02141606808], [136.06237793, -50.325466156, 20.8000717163, 29.7225589752, 5.48431015015, -14.8770704269, -24.8192234039, -2.81606435776, 37.7214889526, 83.1516265869, 14.3369646072, -7.73362588882, -7.89659070969], [-112.140106201, 35.0264091492, -50.6150093079, -7.14264726639, 5.95146131516, 8.71629810333, 4.58192682266, 0.894686877728, -10.7556304932, 14.3369646072, 70.9434127808, 23.7495727539, 3.08074951172], [-42.4337501526, -82.1717147827, -17.0730819702, -43.9183578491, 2.75399708748, 6.03326320648, 11.7925596237, 9.92510509491, -16.6334819794, -7.73362588882, 23.7495727539, 72.837097168, 21.0085716248], [-31.2998809814, 19.9336700439, -71.6320495605, -15.9040346146, -18.0887775421, 3.95104885101, 12.3093166351, -0.101276889443, 1.02141606808, -7.89659070969, 3.08074951172, 21.0085716248, 66.5278167725]], "icov": [[0.000425309990533, 0.00012903190509, -0.000119577845908, -0.000258237530943, 2.00292215595e-05, 0.000277967541479, -0.000549378513824, 0.000861123146024, -0.000182435687748, -0.000623112893663, 0.000638077035546, -0.000162306794664, 1.33948169605e-05], [0.00012903190509, 0.00165242282674, -0.000316199992085, -5.03232367919e-05, -0.000937828561291, 0.00072379183257, -0.000272240140475, 0.00116905476898, -0.00120096548926, 0.00210296013393, -0.00234639365226, 0.00285890256055, -0.00155882001854], [-0.000119577845908, -0.000316199992085, 0.00138768681791, -0.000276672857581, -0.000109090280603, -1.83309803106e-05, 0.000679850752931, 0.000784174073488, 5.5032374803e-05, -0.000240107488935, 0.0013438006863, -0.00141124508809, 0.00166740792338], [-0.000258237530943, -5.03232367919e-05, -0.000276672857581, 0.00285474094562, -0.000421664473834, -0.000467220670544, 0.00126638822258, -0.000577864062507, 0.000571780488826, -0.00027185404906, -0.00074468011735, 0.00191073014867, -0.000653906725347], [2.00292215595e-05, -0.000937828561291, -0.000109090280603, -0.000421664473834, 0.00384380784817, -0.000519328983501, -0.000794446852524, -0.000858581974171, 0.000749559665564, -0.00162168755196, 0.00124068011064, -0.00207520811819, 0.0016876864247], [0.000277967541479, 0.00072379183257, -1.83309803106e-05, -0.000467220670544, -0.000519328983501, 0.00753043033183, -0.00319782155566, 0.00107559910975, 0.000291062897304, 0.000740684219636, -0.00111933378503, 0.00109132064972, -0.000421982374974], [-0.000549378513824, -0.000272240140475, 0.000679850752931, 0.00126638822258, -0.000794446852524, -0.00319782155566, 0.0097184907645, -0.00402863975614, 0.00123227317818, 0.00185112096369, -0.000548430834897, 0.000482148054289, -0.000898594676983], [0.000861123146024, 0.00116905476898, 0.000784174073488, -0.000577864062507, -0.000858581974171, 0.00107559910975, -0.00402863975614, 0.0131914634258, -0.0046229865402, 0.000807553064078, 0.000809845863841, -0.0012893039966, 0.00176568073221], [-0.000182435687748, -0.00120096548926, 5.5032374803e-05, 0.000571780488826, 0.000749559665564, 0.000291062897304, 0.00123227317818, -0.0046229865402, 0.0147942854092, -0.00783832930028, 0.00385596812703, 0.000910165894311, -0.00120206340216], [-0.000623112893663, 0.00210296013393, -0.000240107488935, -0.00027185404906, -0.00162168755196, 0.000740684219636, 0.00185112096369, 0.000807553064078, -0.00783832930028, 0.0208766739815, -0.00937564950436, 0.00504601141438, -0.000633957970422], [0.000638077035546, -0.00234639365226, 0.0013438006863, -0.00074468011735, 0.00124068011064, -0.00111933378503, -0.000548430834897, 0.000809845863841, 0.00385596812703, -0.00937564950436, 0.0232797972858, -0.0112697007135, 0.00408737873659], [-0.000162306794664, 0.00285890256055, -0.00141124508809, 0.00191073014867, -0.00207520811819, 0.00109132064972, 0.000482148054289, -0.0012893039966, 0.000910165894311, 0.00504601141438, -0.0112697007135, 0.0249190963805, -0.00947821326554], [1.33948169605e-05, -0.00155882001854, 0.00166740792338, -0.000653906725347, 0.0016876864247, -0.000421982374974, -0.000898594676983, 0.00176568073221, -0.00120206340216, -0.000633957970422, 0.00408737873659, -0.00947821326554, 0.0205436013639]], "mean": [6.6607298851, 78.0694046021, -134.315231323, 35.57837677, -42.1356201172, 19.1371822357, -32.1592903137, 8.27498340607, -27.4891223907, 1.34588742256, -16.4986667633, -0.560524821281, -12.6271066666]}, "hfc": {"dmean": 7.36699771881, "dmean2": 10.6668434143, "dvar": 112.488014221, "dvar2": 241.340072632, "max": 168.217102051, "mean": 23.2786140442, "median": 18.3900508881, "min": 2.67510017693e-07, "var": 371.131561279}, "melbands": {"dmean": [0.000526571006048, 0.000898158526979, 0.000792376406025, 0.00036511439248, 0.000254869606579, 0.000164528129972, 8.30345379654e-05, 5.87916838413e-05, 0.000117804986075, 0.000106251318357, 8.16453757579e-05, 6.88071595505e-05, 7.70654150983e-05, 7.97488100943e-05, 6.18099147687e-05, 5.08463526785e-05, 6.48627319606e-05, 3.97071235057e-05, 3.22191663145e-05, 2.62997054961e-05, 2.38109660131e-05, 2.12229151657e-05, 1.12912312034e-05, 2.18221957766e-05, 9.74668910203e-06, 1.07633168227e-05, 5.76569618715e-06, 5.61528941034e-06, 4.7606959015e-06, 4.27771419709e-06, 3.23372501043e-06, 2.68571898232e-06, 2.02447836273e-06, 1.85263195362e-06, 1.386337658e-06, 9.25532276597e-07, 8.02937961453e-07, 8.69523319125e-07, 4.18542640546e-07, 3.49702702351e-07], "dmean2": [0.000854104815517, 0.00157881097402, 0.00139408337418, 0.000600988743827, 0.000426356476964, 0.000277128012385, 0.000140610791277, 9.44040875765e-05, 0.000182948424481, 0.000167472564499, 0.000124581158161, 0.000108576292405, 0.000121351607959, 0.00012819377298, 9.86603554338e-05, 7.97313041403e-05, 0.000101520759927, 6.12049407209e-05, 4.98068366142e-05, 4.05288556067e-05, 3.8552130718e-05, 3.29641152348e-05, 1.77639794856e-05, 3.59389014193e-05, 1.56012283696e-05, 1.70058829099e-05, 9.0242801889e-06, 8.51086588227e-06, 7.2520078902e-06, 6.54134464639e-06, 4.8649708333e-06, 4.13988618675e-06, 3.09219853989e-06, 2.81248958345e-06, 2.11915084947e-06, 1.38060738664e-06, 1.18506000035e-06, 1.30365629047e-06, 6.20725245426e-07, 5.21428034972e-07], "dvar": [8.84423911884e-07, 5.39923894394e-06, 6.37819221083e-06, 8.44994474392e-07, 4.92498315907e-07, 2.28828213267e-07, 6.21883202712e-08, 3.80169353775e-08, 1.28003577515e-07, 1.14465976253e-07, 4.34375770908e-08, 3.10059178332e-08, 4.80453685725e-08, 4.04100717333e-08, 1.99125320677e-08, 1.08500541884e-08, 2.03315746461e-08, 6.38730579539e-09, 4.35981029057e-09, 3.49473983086e-09, 3.11680214971e-09, 1.19087784078e-09, 4.09081324371e-10, 2.18377493866e-09, 2.30726604489e-10, 3.37793515381e-10, 9.59664153699e-11, 9.42633818224e-11, 8.08151878751e-11, 7.26194868128e-11, 4.74851789833e-11, 4.08140292396e-11, 2.74019123364e-11, 2.49506457162e-11, 1.70362925156e-11, 9.72926687132e-12, 4.44008285e-12, 4.36372335835e-12, 1.6570488471e-12, 8.23419945509e-13], "dvar2": [2.2084993816e-06, 1.52188031279e-05, 1.79507496796e-05, 2.08707865568e-06, 1.32572040457e-06, 6.06861135566e-07, 1.67896573089e-07, 9.18537566008e-08, 2.81892141629e-07, 2.59518998291e-07, 8.96522251992e-08, 7.27745046447e-08, 1.12602748459e-07, 1.05953830598e-07, 5.05588140243e-08, 2.55746570588e-08, 4.69458463215e-08, 1.43223424232e-08, 9.92769333408e-09, 7.99080623892e-09, 8.40994296425e-09, 2.74224198904e-09, 9.20633569379e-10, 5.72375524754e-09, 5.64928492874e-10, 8.28977941847e-10, 2.25403237741e-10, 2.06823419502e-10, 1.85688631138e-10, 1.68123168165e-10, 1.01996848467e-10, 9.13789321988e-11, 6.04959554673e-11, 5.69140116979e-11, 3.62455343517e-11, 1.99851159927e-11, 9.07095405733e-12, 9.84481246524e-12, 3.35078536098e-12, 1.78309027699e-12], "max": [0.0106876632199, 0.0437727533281, 0.0428787581623, 0.0138826658949, 0.0117525318637, 0.00769331818447, 0.00534444022924, 0.00672371219844, 0.00795093830675, 0.00718417391181, 0.0053957332857, 0.00412272941321, 0.00701432442293, 0.00612285640091, 0.00302148563787, 0.00234003108926, 0.00410728342831, 0.00212516565807, 0.00194828794338, 0.00210440391675, 0.00168321584351, 0.000655199401081, 0.000522881106008, 0.000728181272279, 0.000366468273569, 0.000450291583547, 0.000367986824131, 0.000214121508179, 0.00023771332053, 0.000193652784219, 0.000162405049196, 0.000156459529535, 0.000114445239888, 0.000106865118141, 0.000113862733997, 9.82251222013e-05, 5.90735107835e-05, 7.1678427048e-05, 3.9785503759e-05, 2.44064231083e-05], "mean": [0.000854456156958, 0.00115750753321, 0.000945308594964, 0.000516918604262, 0.00033157679718, 0.000203737276024, 0.000110375898657, 8.18892513053e-05, 0.00017505910364, 0.000168894985109, 0.000131000531837, 0.000108608379378, 0.00012443982996, 0.000135072870762, 0.000104804166767, 8.50616488606e-05, 0.000105879567855, 6.89361404511e-05, 5.78973958909e-05, 4.58144022559e-05, 4.18692288804e-05, 4.14751957578e-05, 2.16316075239e-05, 3.70964698959e-05, 1.89041129488e-05, 1.97533936444e-05, 1.09148541014e-05, 1.0317901797e-05, 8.46303555591e-06, 7.57706538934e-06, 5.27263182448e-06, 4.04956153943e-06, 3.03406000057e-06, 2.66531446869e-06, 1.98716656996e-06, 1.35749144192e-06, 1.18803382065e-06, 1.22178391848e-06, 6.37747803012e-07, 5.16796092143e-07], "median": [0.000547253875993, 0.000720321375411, 0.000543495989405, 0.000249607663136, 0.000121586897876, 6.64158214931e-05, 4.32896449638e-05, 3.02877560898e-05, 3.52431197825e-05, 3.78867553081e-05, 4.18370982516e-05, 3.13611963065e-05, 2.96002617688e-05, 4.0022056055e-05, 3.83652695746e-05, 3.81103163818e-05, 4.28573475801e-05, 2.66535444098e-05, 2.19274297706e-05, 1.7516384105e-05, 1.90269602172e-05, 1.91495346371e-05, 1.14378435683e-05, 1.38480700116e-05, 1.0725840184e-05, 1.04560858745e-05, 6.0437700995e-06, 4.49435810879e-06, 3.27809812006e-06, 2.62106777882e-06, 1.83154133993e-06, 1.3045837477e-06, 9.04920852918e-07, 7.26847588339e-07, 4.40113154809e-07, 2.9490183806e-07, 3.43940939729e-07, 3.85409350656e-07, 1.60713895525e-07, 1.33129177016e-07], "min": [3.88300096287e-13, 2.01838112196e-13, 2.17197204774e-13, 1.47140451407e-13, 2.00680523089e-13, 1.66406195464e-13, 8.23468558424e-14, 8.6452431314e-14, 2.29845575081e-13, 1.07699697142e-13, 6.10774045272e-14, 1.47241322867e-13, 4.92965856937e-14, 8.81700989346e-14, 1.45893198781e-13, 1.08831963352e-13, 1.1780462402e-13, 1.14697503882e-13, 1.47098980674e-13, 7.73734442944e-14, 9.93542609838e-14, 5.48826290675e-14, 5.74047374306e-14, 6.78498666214e-14, 2.22829177663e-14, 4.17185308922e-14, 1.73899469044e-13, 1.73417351442e-13, 1.09294782155e-13, 1.01906750725e-13, 5.14819815196e-14, 1.09800792861e-13, 1.23979954992e-13, 7.09988301874e-14, 3.08085466318e-14, 1.38002427885e-14, 1.63480103207e-14, 2.61885036768e-14, 2.42511970249e-14, 3.38828865952e-14], "var": [1.15895807085e-06, 3.81963809559e-06, 4.21441609433e-06, 8.34927504911e-07, 5.13735756158e-07, 2.49617357895e-07, 6.20457427658e-08, 4.6167340173e-08, 2.67167990842e-07, 2.58796944763e-07, 1.18387021075e-07, 6.74917188803e-08, 1.12049590939e-07, 8.71007372893e-08, 3.66099186522e-08, 2.09209307656e-08, 3.79832698627e-08, 1.46567726844e-08, 9.57915613498e-09, 7.03032210225e-09, 6.28580609785e-09, 3.66098396043e-09, 1.02578745498e-09, 4.21105905701e-09, 5.43896760963e-10, 7.3188155536e-10, 2.05903405437e-10, 2.3761739798e-10, 1.79053993854e-10, 1.61847743541e-10, 9.60503135361e-11, 6.80765652183e-11, 4.8140266079e-11, 4.14449689845e-11, 3.12396150615e-11, 1.89305654485e-11, 8.60728849306e-12, 6.70625360799e-12, 3.08478763367e-12, 1.48101160242e-12]}, "melbands_crest": {"dmean": 2.89249539375, "dmean2": 4.80034637451, "dvar": 7.57059812546, "dvar2": 19.9711647034, "max": 31.0425014496, "mean": 11.3177061081, "median": 10.7439727783, "min": 2.65430140495, "var": 17.3786487579}, "melbands_flatness_db": {"dmean": 0.0210512243211, "dmean2": 0.0320568867028, "dvar": 0.00045855762437, "dvar2": 0.00104206637479, "max": 0.35303413868, "mean": 0.158683106303, "median": 0.155042514205, "min": 0.0182080753148, "var": 0.00233212788589}, "melbands_kurtosis": {"dmean": 3.84929203987, "dmean2": 6.18684959412, "dvar": 46.5911254883, "dvar2": 118.007141113, "max": 111.512619019, "mean": 5.25984334946, "median": 1.77609729767, "min": -1.80352580547, "var": 80.9892196655}, "melbands_skewness": {"dmean": 0.650058627129, "dmean2": 0.998725235462, "dvar": 0.537201285362, "dvar2": 1.23495697975, "max": 8.86835956573, "mean": 1.71730411053, "median": 1.39677774906, "min": -1.38729023933, "var": 1.79356336594}, "melbands_spread": {"dmean": 9.18399143219, "dmean2": 13.9518756866, "dvar": 125.50390625, "dvar2": 250.129089355, "max": 215.99432373, "mean": 37.6467819214, "median": 33.3583450317, "min": 2.99708175659, "var": 511.114562988}, "mfcc": {"cov": [[3366.34301758, -420.227783203, 294.417358398, 303.516723633, -61.5915565491, 179.554824829, -142.521026611, -212.695205688, 27.0572566986, -31.6726951599, -2.8156645298, 31.2552452087, 5.36575508118], [-420.227783203, 997.924804688, 90.3941879272, 69.0414962769, 164.606903076, 7.16747236252, 16.9034843445, -35.8932685852, -17.8370246887, -18.4384269714, -18.4136791229, -7.58762025833, -42.0900650024], [294.417358398, 90.3941879272, 890.041015625, 224.097351074, 129.41619873, 61.1777992249, -119.20098114, -127.471473694, -62.2140769958, -39.1672363281, -21.5349445343, -24.0569248199, -40.3570213318], [303.516723633, 69.0414962769, 224.097351074, 384.414978027, 155.858184814, 39.3497161865, -41.8762741089, -75.7860336304, -17.9940319061, 8.4725561142, -17.8937988281, 29.1979732513, -15.2414474487], [-61.5915565491, 164.606903076, 129.41619873, 155.858184814, 253.519439697, 56.8788490295, -11.1628160477, -35.6515350342, -18.7329120636, 15.6996469498, -7.45989608765, 4.75958299637, -5.69103717804], [179.554824829, 7.16747236252, 61.1777992249, 39.3497161865, 56.8788490295, 147.631622314, 42.2779006958, -8.95531082153, -4.02913951874, -3.75945425034, -6.18480157852, -0.597748160362, -1.98187017441], [-142.521026611, 16.9034843445, -119.20098114, -41.8762741089, -11.1628160477, 42.2779006958, 173.776412964, 82.5098953247, 3.46240091324, -9.11599731445, -11.684633255, 9.07660865784, 4.31442594528], [-212.695205688, -35.8932685852, -127.471473694, -75.7860336304, -35.6515350342, -8.95531082153, 82.5098953247, 141.678436279, 34.5953941345, 1.18320870399, -0.247837603092, -5.90078306198, 3.72113394737], [27.0572566986, -17.8370246887, -62.2140769958, -17.9940319061, -18.7329120636, -4.02913951874, 3.46240091324, 34.5953941345, 99.7518081665, 26.7220020294, 7.1570110321, 2.57888913155, -1.95120120049], [-31.6726951599, -18.4384269714, -39.1672363281, 8.4725561142, 15.6996469498, -3.75945425034, -9.11599731445, 1.18320870399, 26.7220020294, 87.8954086304, 30.2852840424, -0.974957287312, -0.558810412884], [-2.8156645298, -18.4136791229, -21.5349445343, -17.8937988281, -7.45989608765, -6.18480157852, -11.684633255, -0.247837603092, 7.1570110321, 30.2852840424, 75.6725997925, 18.4132003784, 0.542973816395], [31.2552452087, -7.58762025833, -24.0569248199, 29.1979732513, 4.75958299637, -0.597748160362, 9.07660865784, -5.90078306198, 2.57888913155, -0.974957287312, 18.4132003784, 78.090171814, 14.2187662125], [5.36575508118, -42.0900650024, -40.3570213318, -15.2414474487, -5.69103717804, -1.98187017441, 4.31442594528, 3.72113394737, -1.95120120049, -0.558810412884, 0.542973816395, 14.2187662125, 62.8472862244]], "icov": [[0.000440862902906, 0.000158222072059, 4.57143596577e-06, -0.000388631859096, 0.000417433475377, -0.00063441664679, 0.000196885535843, 0.000539450498763, -0.000372263923055, 0.000290839700028, -0.000100953264337, 2.46604631684e-05, -6.43303719698e-05], [0.000158222072059, 0.00126726576127, -1.07060477603e-05, 5.16601467098e-05, -0.000823658250738, 0.000225679425057, -0.000404200720368, 0.000672305934131, -0.000304081389913, 0.000516652129591, 4.99727093484e-07, 6.8354223913e-05, 0.000741014955565], [4.57143596577e-06, -1.07060477603e-05, 0.00165262795053, -0.000659163750242, -0.000209319405258, -0.000628143141512, 0.000901499763131, 0.000409381318605, 0.000459308037534, 0.000817041727714, -0.000139375042636, 0.000595076940954, 0.000657015130855], [-0.000388631859096, 5.16601467098e-05, -0.000659163750242, 0.00467055710033, -0.00252771773376, 0.000607447582297, -0.000153916262207, 0.000700865115505, 9.07702342374e-05, -0.00101928040385, 0.00160575832706, -0.00213561276905, 0.000999563606456], [0.000417433475377, -0.000823658250738, -0.000209319405258, -0.00252771773376, 0.00697870925069, -0.00263400399126, 0.000744440359995, -0.000100215671409, 0.000718197319657, -0.00145298044663, 0.000227207434364, 0.000154809516971, -0.000858581217472], [-0.00063441664679, 0.000225679425057, -0.000628143141512, 0.000607447582297, -0.00263400399126, 0.00988326780498, -0.00409000040963, 0.00137139903381, -0.000552531098947, 0.000210295183933, -0.000298566039419, 0.000754684035201, 3.8541318645e-05], [0.000196885535843, -0.000404200720368, 0.000901499763131, -0.000153916262207, 0.000744440359995, -0.00409000040963, 0.0105467746034, -0.00586596690118, 0.00197528582066, 3.29994254571e-05, 0.00177965324838, -0.00207335874438, 0.000331106450176], [0.000539450498763, 0.000672305934131, 0.000409381318605, 0.000700865115505, -0.000100215671409, 0.00137139903381, -0.00586596690118, 0.0133993914351, -0.00441107852384, 0.00140040949918, -0.000875195022672, 0.00180194969289, -4.40628245997e-05], [-0.000372263923055, -0.000304081389913, 0.000459308037534, 9.07702342374e-05, 0.000718197319657, -0.000552531098947, 0.00197528582066, -0.00441107852384, 0.0130619360134, -0.00427224580199, 0.00116962066386, -0.00132188596763, 0.000974780065008], [0.000290839700028, 0.000516652129591, 0.000817041727714, -0.00101928040385, -0.00145298044663, 0.000210295183933, 3.29994254571e-05, 0.00140040949918, -0.00427224580199, 0.0159085076302, -0.0066028861329, 0.00268318504095, -0.000152668872033], [-0.000100953264337, 4.99727093484e-07, -0.000139375042636, 0.00160575832706, 0.000227207434364, -0.000298566039419, 0.00177965324838, -0.000875195022672, 0.00116962066386, -0.0066028861329, 0.0176611766219, -0.00541409384459, 0.00129960244521], [2.46604631684e-05, 6.8354223913e-05, 0.000595076940954, -0.00213561276905, 0.000154809516971, 0.000754684035201, -0.00207335874438, 0.00180194969289, -0.00132188596763, 0.00268318504095, -0.00541409384459, 0.0161759424955, -0.003648764221], [-6.43303719698e-05, 0.000741014955565, 0.000657015130855, 0.000999563606456, -0.000858581217472, 3.8541318645e-05, 0.000331106450176, -4.40628245997e-05, 0.000974780065008, -0.000152668872033, 0.00129960244521, -0.003648764221, 0.0178241916001]], "mean": [-631.630310059, 108.85219574, -23.3811626434, 22.9532432556, 9.06699562073, 12.3827171326, 8.69141387939, 6.08771705627, -0.368183195591, 1.84781205654, 0.11004601419, -0.439040005207, -4.88075494766]}, "pitch_salience": {"dmean": 0.0633552446961, "dmean2": 0.103047534823, "dvar": 0.0032808596734, "dvar2": 0.00858464743942, "max": 0.917605817318, "mean": 0.596569776535, "median": 0.596830666065, "min": 0.237186014652, "var": 0.0107321478426}, "silence_rate_20dB": {"dmean": 0, "dmean2": 0, "dvar": 0, "dvar2": 0, "max": 1, "mean": 1, "median": 1, "min": 1, "var": 0}, "silence_rate_30dB": {"dmean": 0.00266590504907, "dmean2": 0.00533231766894, "dvar": 0.00265878695063, "dvar2": 0.0072077466175, "max": 1, "mean": 0.998286366463, "median": 1, "min": 0, "var": 0.00171068764757}, "silence_rate_60dB": {"dmean": 0.0260877851397, "dmean2": 0.051990095526, "dvar": 0.0254098810256, "dvar2": 0.0557652674615, "max": 1, "mean": 0.0674028918147, "median": 0, "min": 0, "var": 0.0628548413515}, "spectral_centroid": {"dmean": 248.710006714, "dmean2": 371.036743164, "dvar": 74703.078125, "dvar2": 151192.1875, "max": 4738.1015625, "mean": 1826.9251709, "median": 1783.58520508, "min": 280.603820801, "var": 442526.65625}, "spectral_complexity": {"dmean": 4.00685501099, "dmean2": 5.89640045166, "dvar": 19.6289386749, "dvar2": 34.5850906372, "max": 57, "mean": 22.188785553, "median": 22, "min": 0, "var": 108.2449646}, "spectral_contrast_coeffs": {"dmean": [0.0480579324067, 0.0460323728621, 0.0385232046247, 0.0311081279069, 0.0222085602582, 0.0195813942701], "dmean2": [0.0787235945463, 0.0753708258271, 0.0627363994718, 0.0499712005258, 0.0360072143376, 0.0302747767419], "dvar": [0.00186879048124, 0.00142973137554, 0.000985012971796, 0.000637651712168, 0.000312331685564, 0.0003059671144], "dvar2": [0.00473890639842, 0.00365483993664, 0.00247654365376, 0.00154218345415, 0.000775191991124, 0.000678801734466], "max": [-0.374465256929, -0.443687856197, -0.493437975645, -0.544275701046, -0.604823827744, -0.593272864819], "mean": [-0.675169944763, -0.75835621357, -0.774715960026, -0.766371667385, -0.771656632423, -0.74809473753], "median": [-0.678373157978, -0.767585933208, -0.787340641022, -0.775308132172, -0.778011143208, -0.749055206776], "min": [-0.965118944645, -0.939037203789, -0.964882552624, -0.948795735836, -0.927096009254, -0.892820119858], "var": [0.00495137227699, 0.00501070730388, 0.00477102072909, 0.00378990825266, 0.00179460772779, 0.00152554351371]}, "spectral_contrast_valleys": {"dmean": [0.421175837517, 0.387183576822, 0.294566214085, 0.245442152023, 0.230614885688, 0.308056265116], "dmean2": [0.659456312656, 0.622820973396, 0.475183397532, 0.384985178709, 0.332813084126, 0.393300443888], "dvar": [0.163669273257, 0.126544505358, 0.0647894367576, 0.0532738342881, 0.0702967047691, 0.134141147137], "dvar2": [0.341184675694, 0.299245387316, 0.144732043147, 0.104405812919, 0.117539100349, 0.234775453806], "max": [-5.2609462738, -4.50111532211, -5.18126440048, -5.54849910736, -5.62370634079, -7.64415979385], "mean": [-7.32616615295, -7.03281497955, -7.0933842659, -7.30287790298, -7.24824762344, -10.1131477356], "median": [-7.04302597046, -6.96909809113, -7.11474990845, -7.28744029999, -7.20233440399, -10.1363191605], "min": [-16.8696327209, -16.6420154572, -16.4051151276, -16.2992305756, -16.0862617493, -18.0215702057], "var": [1.08846354485, 0.498217523098, 0.319583803415, 0.253585487604, 0.373023062944, 0.622644066811]}, "spectral_decrease": {"dmean": 2.23428031632e-09, "dmean2": 3.57208151947e-09, "dvar": 2.08445213024e-17, "dvar2": 5.47853399484e-17, "max": -5.80144487462e-18, "mean": -5.38262145966e-09, "median": -4.27883417586e-09, "min": -6.82922163264e-08, "var": 2.48369101833e-17}, "spectral_energy": {"dmean": 0.0089604081586, "dmean2": 0.0142369735986, "dvar": 0.000322016450809, "dvar2": 0.000841156521346, "max": 0.264474749565, "mean": 0.0224267337471, "median": 0.0180713217705, "min": 4.61599786172e-11, "var": 0.00040494982386}, "spectral_energyband_high": {"dmean": 0.000475662207464, "dmean2": 0.000668333144858, "dvar": 9.07524565719e-07, "dvar2": 1.792539706e-06, "max": 0.0192842148244, "mean": 0.000966203166172, "median": 0.000410572363762, "min": 2.56307856883e-11, "var": 2.26033125728e-06}, "spectral_energyband_low": {"dmean": 0.00454007647932, "dmean2": 0.00781552959234, "dvar": 0.000127974984935, "dvar2": 0.000358991761459, "max": 0.207946285605, "mean": 0.00675179390237, "median": 0.00446602748707, "min": 1.93746949907e-12, "var": 9.99062249321e-05}, "spectral_energyband_middle_high": {"dmean": 0.00241847615689, "dmean2": 0.00356496172026, "dvar": 1.04260752778e-05, "dvar2": 2.24636751227e-05, "max": 0.0637937039137, "mean": 0.00791312009096, "median": 0.00554672349244, "min": 1.37156553476e-11, "var": 5.60630469408e-05}, "spectral_energyband_middle_low": {"dmean": 0.00468271458521, "dmean2": 0.00759424362332, "dvar": 0.000125979946461, "dvar2": 0.000332778930897, "max": 0.146079108119, "mean": 0.00794620811939, "median": 0.0046501760371, "min": 4.41638132315e-12, "var": 0.000125349935843}, "spectral_entropy": {"dmean": 0.11835937947, "dmean2": 0.169885665178, "dvar": 0.0138341616839, "dvar2": 0.0261166915298, "max": 8.70416069031, "mean": 7.70517349243, "median": 7.70595550537, "min": 6.61522579193, "var": 0.069925814867}, "spectral_flux": {"dmean": 0.0237725432962, "dmean2": 0.0362816937268, "dvar": 0.00122249126434, "dvar2": 0.00240405742079, "max": 0.424309015274, "mean": 0.081417106092, "median": 0.0689775422215, "min": 6.79411368765e-06, "var": 0.00252390280366}, "spectral_kurtosis": {"dmean": 1.36309731007, "dmean2": 2.27598643303, "dvar": 1.84452140331, "dvar2": 5.12218952179, "max": 23.1804447174, "mean": 4.78315830231, "median": 4.62808275223, "min": -0.735323250294, "var": 4.65804195404}, "spectral_rms": {"dmean": 0.000799185421783, "dmean2": 0.00120348180644, "dvar": 1.45458398038e-06, "dvar2": 3.44454883816e-06, "max": 0.0160631295294, "mean": 0.0042917993851, "median": 0.0041988757439, "min": 2.12212455608e-07, "var": 3.46013894159e-06}, "spectral_rolloff": {"dmean": 477.237640381, "dmean2": 783.455932617, "dvar": 597309.5625, "dvar2": 1239642.5, "max": 11498.7304688, "mean": 2066.109375, "median": 1808.7890625, "min": 107.666015625, "var": 1668098}, "spectral_skewness": {"dmean": 0.195203781128, "dmean2": 0.309505999088, "dvar": 0.0330753028393, "dvar2": 0.0773583725095, "max": 3.50704431534, "mean": 1.47868299484, "median": 1.49530720711, "min": 0.123280897737, "var": 0.140226587653}, "spectral_spread": {"dmean": 498268.78125, "dmean2": 690695.4375, "dvar": 342770876416, "dvar2": 63510