{"lowlevel": {"average_loudness": 0.91769605875, "barkbands": {"dmean": [6.69297660352e-05, 0.00702735455707, 0.00260279234499, 0.00163437856827, 0.00145913241431, 0.00131758174393, 0.000537264393643, 0.000425177626312, 0.000730914412998, 0.000481105933432, 0.00026061249082, 0.000321616389556, 0.000287760718493, 0.000248597527388, 0.0002634722332, 0.00023218653223, 0.000212625032873, 0.000221631795284, 0.000187092737178, 0.000198332607397, 0.000143352925079, 0.000145212659845, 0.000102249978227, 5.34491737199e-05, 2.88237843051e-05, 1.31477536343e-05, 1.38622897339e-06], "dmean2": [0.000112436217023, 0.0117882974446, 0.00472517916933, 0.00277312891558, 0.00231531448662, 0.00197666301392, 0.000823977985419, 0.000629869347904, 0.00103800895158, 0.00069415406324, 0.000412256631535, 0.000508452532813, 0.000443850905867, 0.000375963980332, 0.000394894159399, 0.000346950488165, 0.000326385226799, 0.000333023868734, 0.000292391778203, 0.000309010181809, 0.000219045992708, 0.000218871951802, 0.000151769461809, 7.94637962827e-05, 4.2359897634e-05, 1.97228873731e-05, 2.18382342609e-06], "dvar": [2.64587622922e-08, 0.000299790030112, 4.04104212066e-05, 2.13113580685e-05, 6.84691804054e-06, 5.73019997319e-06, 1.15565592296e-06, 9.33186697694e-07, 2.95928794003e-06, 1.47117384586e-06, 5.3184777471e-07, 8.11231814168e-07, 4.97674875533e-07, 4.35042665003e-07, 4.69682305493e-07, 2.66745956878e-07, 2.28270593539e-07, 1.54535356955e-07, 1.09459932673e-07, 1.65588119216e-07, 9.59855839255e-08, 1.21756329463e-07, 6.98108308939e-08, 1.64779816458e-08, 4.74242067838e-09, 1.28032207058e-09, 1.8580179062e-11], "dvar2": [6.64816610652e-08, 0.000761817209423, 0.000114872309496, 5.54168072995e-05, 1.63217664522e-05, 1.22419614854e-05, 2.59606940745e-06, 1.74555998456e-06, 5.70814245293e-06, 2.48165065386e-06, 1.20359482025e-06, 1.91634035218e-06, 1.19269020615e-06, 9.23439131384e-07, 9.96181597657e-07, 5.88042894378e-07, 5.05470438839e-07, 3.34767094046e-07, 2.56144943478e-07, 3.95137192299e-07, 2.18410662001e-07, 2.69525259e-07, 1.54677309183e-07, 3.50796440785e-08, 1.08180211456e-08, 2.98539148957e-09, 4.45688069783e-11], "max": [0.0015500682639, 0.123674958944, 0.0648677572608, 0.0567335449159, 0.045525893569, 0.0368043594062, 0.0276062041521, 0.0287715736777, 0.0370779633522, 0.0326179265976, 0.0186749733984, 0.0193413998932, 0.016862925142, 0.0185218080878, 0.0208147559315, 0.0126525051892, 0.0171689763665, 0.00978525634855, 0.00736323418096, 0.00765158608556, 0.00474311551079, 0.00663144467399, 0.00665110489354, 0.00295768491924, 0.0014483849518, 0.000483568612253, 6.19533093413e-05], "mean": [5.49509168195e-05, 0.00586846889928, 0.00277083180845, 0.00191859551705, 0.00309067731723, 0.00286111212336, 0.000980016775429, 0.000806223892141, 0.0016694405349, 0.00113079627044, 0.00046304037096, 0.000616442237515, 0.000484392192448, 0.000476843386423, 0.000434760528151, 0.000421263743192, 0.000392705987906, 0.000428778643254, 0.000416014489019, 0.000370488414774, 0.000275543570751, 0.00026304248604, 0.000181734780199, 0.000114712624054, 5.55006336072e-05, 1.96555138245e-05, 1.75715047135e-06], "median": [5.57631392439e-06, 0.000954811228439, 0.000742648728192, 0.000862669723574, 0.00154188775923, 0.00119865452871, 0.000404072779929, 0.000260452274233, 0.000435382622527, 0.000230946578085, 0.000111985609692, 0.000114086629765, 0.000165262288647, 0.00012760804384, 0.000133220222779, 0.000132399160066, 0.00016090196732, 0.000199271758902, 0.000180399583769, 0.000133525012643, 7.21843534848e-05, 5.68542600377e-05, 4.41361771664e-05, 2.62828270934e-05, 1.25445076264e-05, 3.61251250069e-06, 1.66612835528e-07], "min": [5.33838898414e-24, 1.93306956945e-23, 8.98179277314e-24, 1.03633998182e-23, 1.18512119959e-23, 5.94243050778e-23, 1.62007149259e-23, 5.27660350478e-23, 7.52099734602e-23, 4.07978760004e-23, 1.22468938974e-22, 1.32089735113e-22, 5.88110761645e-23, 6.14283588758e-23, 1.24431284119e-22, 1.14859157542e-22, 2.51370413853e-22, 6.83163262688e-23, 2.04704835822e-22, 3.14949901754e-22, 6.37627358717e-22, 5.35039847635e-22, 1.07838441898e-21, 6.85965119918e-22, 1.14528386271e-21, 1.5630263289e-21, 2.28145096723e-21], "var": [2.24446434771e-08, 0.00023613688245, 2.92838267342e-05, 1.82205949386e-05, 2.02899973374e-05, 1.95582342712e-05, 3.01229601973e-06, 3.56479631591e-06, 1.31486567625e-05, 9.95109894575e-06, 1.48513106524e-06, 2.73963382824e-06, 1.02983517536e-06, 1.57869703798e-06, 1.04086620922e-06, 7.24766209714e-07, 5.10087602379e-07, 4.17974149514e-07, 4.02744007033e-07, 3.6211463339e-07, 2.28029691129e-07, 2.77853899888e-07, 1.35093145559e-07, 5.6746706889e-08, 1.01624424431e-08, 1.79214876272e-09, 2.36327346581e-11]}, "barkbands_crest": {"dmean": 3.01374959946, "dmean2": 4.81832742691, "dvar": 10.1902484894, "dvar2": 25.0708370209, "max": 26.4266281128, "mean": 10.3295049667, "median": 9.2120923996, "min": 2.28149819374, "var": 24.0621452332}, "barkbands_flatness_db": {"dmean": 0.0233278926462, "dmean2": 0.0353177189827, "dvar": 0.000736129586585, "dvar2": 0.00168905139435, "max": 0.468187659979, "mean": 0.134623661637, "median": 0.124856188893, "min": 0.0250556692481, "var": 0.00297949602827}, "barkbands_kurtosis": {"dmean": 4.5900683403, "dmean2": 7.54930591583, "dvar": 310.74621582, "dvar2": 838.449035645, "max": 820.7734375, "mean": 5.01925802231, "median": 1.28544318676, "min": -1.92579722404, "var": 267.543609619}, "barkbands_skewness": {"dmean": 0.684344291687, "dmean2": 1.05097913742, "dvar": 0.965552568436, "dvar2": 2.21757459641, "max": 22.0077056885, "mean": 1.56669592857, "median": 1.30284452438, "min": -3.5658261776, "var": 2.17351150513}, "barkbands_spread": {"dmean": 5.97736883163, "dmean2": 9.15066719055, "dvar": 55.4493370056, "dvar2": 126.756721497, "max": 108.182121277, "mean": 24.0461845398, "median": 21.0683460236, "min": 0.169706404209, "var": 217.409393311}, "dissonance": {"dmean": 0.0156405661255, "dmean2": 0.0257061831653, "dvar": 0.000254876504187, "dvar2": 0.000654311326798, "max": 0.500000119209, "mean": 0.464659869671, "median": 0.472172737122, "min": 0.27498409152, "var": 0.000772971834522}, "dynamic_complexity": 3.80222344398, "erbbands": {"dmean": [0.155229240656, 1.74577355385, 3.23970961571, 4.38727760315, 3.72993588448, 6.10027503967, 9.42409229279, 11.2478752136, 7.48147106171, 8.18077468872, 9.54063415527, 17.6930160522, 16.3894348145, 9.85284137726, 11.3259744644, 11.5695676804, 13.4043121338, 10.8585939407, 12.529299736, 13.2555847168, 11.1455459595, 10.9429883957, 10.6156816483, 10.1969766617, 9.38647460938, 9.07575893402, 6.27566337585, 5.87745571136, 5.28962755203, 4.11423540115, 2.67502427101, 1.60354578495, 0.666157662868, 0.389797836542, 0.176533848047, 0.0703374519944, 0.0232759099454, 0.00350071792491, 0.000224872957915, 2.0835250325e-05], "dmean2": [0.254158705473, 2.98086905479, 5.82573223114, 7.50779676437, 6.27110528946, 9.53516197205, 14.030667305, 16.5112113953, 11.5576095581, 12.2807254791, 14.0019388199, 24.8920249939, 23.6875934601, 14.6902732849, 17.1918449402, 17.937128067, 20.7353038788, 16.1295509338, 18.6483306885, 19.4360771179, 16.4700107574, 16.7060337067, 16.0001907349, 15.3589344025, 14.6558694839, 14.1863460541, 9.55173206329, 9.12226772308, 8.05231285095, 6.15017414093, 3.98057603836, 2.36713433266, 0.984650969505, 0.585906147957, 0.257802844048, 0.10251826793, 0.0365793593228, 0.00549613963813, 0.000348245026544, 3.13321397698e-05], "dvar": [0.142726495862, 19.154258728, 65.8273620605, 109.726203918, 88.5212249756, 143.539382935, 315.991607666, 530.706970215, 253.40411377, 251.028930664, 468.022766113, 1915.1081543, 1786.06506348, 427.551208496, 867.163513184, 983.081604004, 1031.13415527, 771.201293945, 1174.36437988, 1144.1965332, 604.908081055, 634.870727539, 386.024291992, 336.055297852, 324.205810547, 346.608154297, 188.272186279, 186.435409546, 178.011795044, 97.9995040894, 53.2051010132, 17.041677475, 2.33722710609, 0.904314696789, 0.183358669281, 0.0298881009221, 0.00515789026394, 0.000117391922686, 4.60781535594e-07, 1.42606271236e-09], "dvar2": [0.345132470131, 49.9445610046, 184.631011963, 284.248382568, 236.90864563, 321.751220703, 636.624389648, 1122.92492676, 564.750305176, 543.715270996, 894.82208252, 3594.72119141, 3232.06518555, 889.225097656, 1909.7833252, 2472.71972656, 2437.58618164, 1629.22924805, 2554.69165039, 2430.46875, 1257.82849121, 1467.67797852, 838.455322266, 732.465209961, 788.977111816, 823.470825195, 409.24307251, 450.920837402, 409.287841797, 219.232788086, 117.496154785, 35.8104705811, 5.13385725021, 2.09602808952, 0.411412656307, 0.0650312751532, 0.0128110507503, 0.000287085684249, 1.09601705844e-06, 3.32796457059e-09], "max": [2.72563481331, 31.3386592865, 63.3881149292, 108.336723328, 126.023246765, 240.782745361, 291.534057617, 409.240600586, 462.692016602, 617.973571777, 598.412658691, 1100.265625, 1186.16796875, 898.617675781, 928.567871094, 946.178527832, 802.481811523, 1021.25671387, 1201.19030762, 1346.40112305, 836.284362793, 886.200561523, 581.170776367, 449.612030029, 414.262176514, 327.179443359, 300.994873047, 198.654937744, 278.77520752, 298.349487305, 178.880615234, 104.666038513, 41.2143669128, 25.9448490143, 6.88591527939, 2.55481004715, 1.08864414692, 0.146698176861, 0.010083864443, 0.000468277925393], "mean": [0.130262956023, 1.44635629654, 3.18212485313, 5.3235707283, 5.54524612427, 12.8061542511, 19.8536930084, 24.2513694763, 14.8510580063, 15.781794548, 19.5987358093, 39.6701049805, 42.5621566772, 21.4541606903, 22.8646030426, 24.0751590729, 24.2558956146, 22.4916477203, 23.4676494598, 25.0779361725, 22.9400520325, 21.8751144409, 21.5315723419, 23.2755031586, 21.1600456238, 17.602022171, 12.5163106918, 10.5634393692, 9.61176776886, 7.35268497467, 4.76646232605, 3.1481795311, 1.44213581085, 0.75201523304, 0.337791830301, 0.118728265166, 0.0304908230901, 0.00453307153657, 0.000302917265799, 4.29248721048e-05], "median": [0.0158359836787, 0.27112236619, 1.10420870781, 2.6451587677, 3.4259121418, 5.65232610703, 8.08089542389, 9.96753406525, 5.89114093781, 7.40068006516, 7.82592630386, 10.8333435059, 9.23173522949, 7.64795160294, 6.20732736588, 5.57498693466, 8.66959285736, 7.0823097229, 8.66093921661, 8.10074520111, 8.82645511627, 9.69863033295, 11.1356582642, 10.4215860367, 9.09397792816, 6.35260009766, 3.66816782951, 2.45444178581, 1.96553063393, 1.69940853119, 1.13129007816, 0.716130435467, 0.346547752619, 0.165894448757, 0.0744570717216, 0.0236465968192, 0.00497611192986, 0.000573638244532, 4.84822667204e-05, 2.90768239211e-05], "min": [3.48507842713e-22, 4.81555350891e-21, 1.47070774207e-20, 2.13028766847e-20, 4.78908914152e-20, 2.48002544758e-20, 1.70722827676e-19, 5.9536345268e-19, 2.03505856508e-19, 8.75496542325e-19, 8.89033249652e-19, 1.01209022104e-18, 2.68994854543e-18, 2.05200266199e-18, 5.6948237752e-18, 5.02315146345e-18, 2.86457030184e-18, 2.9798637696e-18, 5.00447372522e-18, 5.84080419612e-18, 8.7125279559e-18, 1.30299657303e-17, 5.59945770879e-18, 7.56459482594e-18, 1.09312124744e-17, 1.37959482124e-17, 1.72715129921e-17, 3.17222011291e-17, 1.75502943653e-17, 2.68775051974e-17, 2.91783064169e-17, 1.93845673736e-17, 1.0776713334e-17, 1.05105067605e-17, 9.19865869317e-18, 6.27544831694e-18, 2.86276498016e-18, 1.04032520407e-18, 3.35868777813e-19, 3.49490949699e-20], "var": [0.123387567699, 14.2834997177, 44.68983078, 96.2222976685, 81.600944519, 454.809997559, 1004.48608398, 1646.09619141, 837.942810059, 677.912109375, 1693.04650879, 7689.25439453, 12116.7861328, 2063.62182617, 3505.3815918, 3664.52392578, 2343.70800781, 3152.42333984, 2797.96240234, 2802.75195313, 1844.74389648, 1415.97143555, 960.917419434, 1217.98474121, 1094.95666504, 795.330993652, 472.679321289, 360.922912598, 391.75668335, 222.608474731, 96.4858703613, 45.6251792908, 8.68728256226, 1.99018287659, 0.378140300512, 0.0546864420176, 0.00561494193971, 0.000142776028952, 6.02622890256e-07, 2.13426210038e-09]}, "erbbands_crest": {"dmean": 2.45584654808, "dmean2": 3.84526181221, "dvar": 6.10375404358, "dvar2": 13.9396858215, "max": 30.2982006073, "mean": 9.18067741394, "median": 7.98755311966, "min": 2.09635543823, "var": 21.6021900177}, "erbbands_flatness_db": {"dmean": 0.0171825233847, "dmean2": 0.0233854595572, "dvar": 0.000347776309354, "dvar2": 0.000623038387857, "max": 0.3597394526, "mean": 0.158919513226, "median": 0.15496173501, "min": 0.0302913971245, "var": 0.00231155566871}, "erbbands_kurtosis": {"dmean": 0.833700299263, "dmean2": 1.29648268223, "dvar": 3.43507838249, "dvar2": 8.16521835327, "max": 69.8394393921, "mean": 0.206508606672, "median": -0.383027732372, "min": -1.82377672195, "var": 5.34763288498}, "erbbands_skewness": {"dmean": 0.352817833424, "dmean2": 0.519207715988, "dvar": 0.152149274945, "dvar2": 0.313984304667, "max": 7.70799541473, "mean": 0.224524006248, "median": 0.244025170803, "min": -3.59387421608, "var": 0.767605483532}, "erbbands_spread": {"dmean": 8.47334289551, "dmean2": 12.6311674118, "dvar": 91.1664123535, "dvar2": 204.91178894, "max": 132.097747803, "mean": 41.7513084412, "median": 39.7053909302, "min": 3.92690062523, "var": 311.062744141}, "gfcc": {"cov": [[16064.9814453, 114.713691711, -568.88848877, 537.024169922, -692.151123047, 585.430664063, -120.287818909, -49.6349639893, -266.413818359, 13.0482301712, -241.488754272, -127.552406311, -255.845535278], [114.713691711, 1211.23522949, -183.213775635, -103.35585022, 256.765655518, -151.000900269, 126.630905151, -76.1433334351, 49.4752120972, -84.2672119141, 100.140892029, -98.2228469849, 54.4962997437], [-568.88848877, -183.213775635, 920.850830078, 75.9448165894, 83.9088973999, 181.843841553, -20.1761608124, 24.3749370575, -40.8124656677, 49.2513389587, -47.2848396301, 92.3014602661, -74.2643661499], [537.024169922, -103.35585022, 75.9448165894, 490.083496094, 6.74640226364, 45.2591781616, 41.1806907654, -20.3344326019, 19.7202701569, 13.0827026367, -21.4714584351, -42.5477027893, -1.64994442463], [-692.151123047, 256.765655518, 83.9088973999, 6.74640226364, 319.060211182, 5.34476470947, 111.604690552, 43.1978111267, 36.7463798523, 2.5523955822, 17.1195793152, -7.78678894043, 12.0414838791], [585.430664063, -151.000900269, 181.843841553, 45.2591781616, 5.34476470947, 309.524475098, 90.8563995361, 25.4020175934, -40.2610931396, 40.5924415588, -15.6325082779, -15.2773923874, -49.472026825], [-120.287818909, 126.630905151, -20.1761608124, 41.1806907654, 111.604690552, 90.8563995361, 242.595062256, 28.8847751617, 2.55925679207, 16.0855140686, 6.53856468201, -35.8287277222, -8.99424266815], [-49.6349639893, -76.1433334351, 24.3749370575, -20.3344326019, 43.1978111267, 25.4020175934, 28.8847751617, 153.319824219, 42.3429412842, 11.9776706696, -8.5996761322, 14.1833620071, 10.0286178589], [-266.413818359, 49.4752120972, -40.8124656677, 19.7202701569, 36.7463798523, -40.2610931396, 2.55925679207, 42.3429412842, 120.716743469, 18.794424057, 24.1977939606, -1.35328888893, 17.0086975098], [13.0482301712, -84.2672119141, 49.2513389587, 13.0827026367, 2.5523955822, 40.5924415588, 16.0855140686, 11.9776706696, 18.794424057, 107.174736023, 19.833152771, 6.36645650864, -17.3435955048], [-241.488754272, 100.140892029, -47.2848396301, -21.4714584351, 17.1195793152, -15.6325082779, 6.53856468201, -8.5996761322, 24.1977939606, 19.833152771, 109.520584106, 20.766998291, 18.0521392822], [-127.552406311, -98.2228469849, 92.3014602661, -42.5477027893, -7.78678894043, -15.2773923874, -35.8287277222, 14.1833620071, -1.35328888893, 6.36645650864, 20.766998291, 98.509727478, 18.9943122864], [-255.845535278, 54.4962997437, -74.2643661499, -1.64994442463, 12.0414838791, -49.472026825, -8.99424266815, 10.0286178589, 17.0086975098, -17.3435955048, 18.0521392822, 18.9943122864, 93.0073471069]], "icov": [[0.000123894453282, -0.000277207611362, 0.000237379339524, -0.000256144121522, 0.000310150062433, -0.000409089087043, 0.000244475028012, -0.000236492895056, 0.000230975056184, -0.000199073139811, 0.000454437220469, -0.000525619951077, 0.00041939978837], [-0.000277207611362, 0.0023612275254, -0.000767446996178, 0.00112376897596, -0.00176065182313, 0.00164881558158, -0.00120947742835, 0.00156898761634, -0.000932082417421, 0.00172369682696, -0.0026609969791, 0.00339693087153, -0.00160545785911], [0.000237379339524, -0.000767446996178, 0.00229589804076, -0.00094893714413, -0.00014111494238, -0.00186793797184, 0.00125090614893, -0.000514701823704, 0.000746315869037, -0.000931965711061, 0.00199444917962, -0.00355498818681, 0.00214883498847], [-0.000256144121522, 0.00112376897596, -0.00094893714413, 0.00302546587773, -0.000745072320569, 0.000914375763386, -0.00109873211477, 0.00140533701051, -0.00138127396349, 0.000637649034616, -0.00106799020432, 0.00297194556333, -0.0017701908946], [0.000310150062433, -0.00176065182313, -0.00014111494238, -0.000745072320569, 0.00585624529049, -0.000648441142403, -0.00125763879623, -0.00187022297177, -0.000110566601506, -0.000783579424024, 0.00138980231714, -0.00174758338835, 0.000697071605828], [-0.000409089087043, 0.00164881558158, -0.00186793797184, 0.000914375763386, -0.000648441142403, 0.00671152118593, -0.00299592898227, 6.94460613886e-05, 0.000760908355005, 2.59400603682e-05, -0.00258842902258, 0.00382397253998, -0.000622870575171], [0.000244475028012, -0.00120947742835, 0.00125090614893, -0.00109873211477, -0.00125763879623, -0.00299592898227, 0.00703695835546, -0.00152864167467, 0.00121173472144, -0.0013165368, 0.00109590601642, -0.000688166648615, 0.00123582186643], [-0.000236492895056, 0.00156898761634, -0.000514701823704, 0.00140533701051, -0.00187022297177, 6.94460613886e-05, -0.00152864167467, 0.00947826635092, -0.00414585042745, 0.000827740819659, 0.000244968512561, 0.000530644261744, -0.00209006969817], [0.000230975056184, -0.000932082417421, 0.000746315869037, -0.00138127396349, -0.000110566601506, 0.000760908355005, 0.00121173472144, -0.00414585042745, 0.0119602419436, -0.00279240077361, -0.000988558516838, -0.000279549480183, 0.000277209386695], [-0.000199073139811, 0.00172369682696, -0.000931965711061, 0.000637649034616, -0.000783579424024, 2.59400603682e-05, -0.0013165368, 0.000827740819659, -0.00279240077361, 0.0124669130892, -0.00415238877758, 0.00181546795648, 0.000878873863257], [0.000454437220469, -0.0026609969791, 0.00199444917962, -0.00106799020432, 0.00138980231714, -0.00258842902258, 0.00109590601642, 0.000244968512561, -0.000988558516838, -0.00415238877758, 0.014796664007, -0.00736991036683, 0.00094526191242], [-0.000525619951077, 0.00339693087153, -0.00355498818681, 0.00297194556333, -0.00174758338835, 0.00382397253998, -0.000688166648615, 0.000530644261744, -0.000279549480183, 0.00181546795648, -0.00736991036683, 0.0202679373324, -0.0064046815969], [0.00041939978837, -0.00160545785911, 0.00214883498847, -0.0017701908946, 0.000697071605828, -0.000622870575171, 0.00123582186643, -0.00209006969817, 0.000277209386695, 0.000878873863257, 0.00094526191242, -0.0064046815969, 0.0156916417181]], "mean": [-19.4435005188, 91.2272186279, -122.765838623, 39.3129501343, -62.1836090088, 6.31491661072, -39.0937461853, 7.38680744171, -23.3419513702, -1.64660453796, -13.9884548187, -1.25844109058, -8.8991317749]}, "hfc": {"dmean": 5.84099674225, "dmean2": 7.99334526062, "dvar": 86.1697616577, "dvar2": 177.884155273, "max": 123.830322266, "mean": 21.1212368011, "median": 15.6419553757, "min": 1.18194434829e-16, "var": 385.246032715}, "melbands": {"dmean": [0.00172543828376, 0.00192629313096, 0.000732784566935, 0.000307111506118, 0.000319265847793, 0.000243564907578, 0.000111380904855, 8.9847460913e-05, 8.43207526486e-05, 0.000112316876766, 8.33536541904e-05, 4.3899170123e-05, 3.73255606974e-05, 3.32768177032e-05, 3.48344074155e-05, 2.67592695309e-05, 2.16257358261e-05, 2.20821766561e-05, 1.94847289094e-05, 1.75402528839e-05, 1.39013764056e-05, 1.36723165269e-05, 8.96643177839e-06, 1.17272356874e-05, 8.87913301995e-06, 7.46465548218e-06, 7.34146715331e-06, 6.32265164313e-06, 4.66605524707e-06, 3.57272961082e-06, 3.69172653336e-06, 3.22077403325e-06, 2.74329272543e-06, 2.3418906494e-06, 1.75209254394e-06, 1.23426536902e-06, 9.59779526966e-07, 5.09004678406e-07, 3.81538711736e-07, 3.47739444351e-07], "dmean2": [0.00285918498412, 0.00334212952293, 0.00124886422418, 0.00048920197878, 0.000475766137242, 0.000361229613191, 0.000172067680978, 0.000134127098136, 0.00012284454715, 0.000158624156029, 0.000120556091133, 6.4956730057e-05, 5.73250763409e-05, 5.04108975292e-05, 5.49619071535e-05, 4.10300090152e-05, 3.21182305925e-05, 3.32707968482e-05, 2.84694433503e-05, 2.60651377175e-05, 2.06531385629e-05, 2.10071430047e-05, 1.38816885737e-05, 1.76583089342e-05, 1.35099162435e-05, 1.17798681458e-05, 1.14809117804e-05, 9.973800843e-06, 7.21708192941e-06, 5.56933991902e-06, 5.82342181588e-06, 4.95551557833e-06, 4.16805642089e-06, 3.58600846084e-06, 2.68086273536e-06, 1.84155874194e-06, 1.45498609072e-06, 7.7467848314e-07, 5.85007455811e-07, 5.33745264875e-07], "dvar": [1.77587862709e-05, 2.22292837861e-05, 3.0727342164e-06, 3.47604213857e-07, 3.17931494465e-07, 2.25158345302e-07, 5.37327231598e-08, 3.06756184898e-08, 3.44570025845e-08, 7.66512897599e-08, 4.63962415154e-08, 9.24460330509e-09, 8.77301520319e-09, 7.45589368023e-09, 9.98972993216e-09, 3.83720388797e-09, 3.41425332451e-09, 3.87953891234e-09, 2.79783751722e-09, 1.81634429719e-09, 9.93409243755e-10, 1.22399546054e-09, 2.77723288811e-10, 5.13546261072e-10, 2.86909995761e-10, 1.98878052915e-10, 2.52223547603e-10, 1.92156443535e-10, 1.08941300425e-10, 7.03096469934e-11, 7.94553867145e-11, 6.51252524131e-11, 4.44326693494e-11, 3.31170750545e-11, 2.46351307409e-11, 1.36272442983e-11, 6.58314505339e-12, 1.33063536318e-12, 9.28759781756e-13, 6.76780083798e-13], "dvar2": [4.40649055236e-05, 5.98532351432e-05, 7.95530468167e-06, 8.5342770717e-07, 6.59222166632e-07, 4.79968889522e-07, 1.22081857512e-07, 6.39576143158e-08, 6.59490666521e-08, 1.46510629406e-07, 8.37434441792e-08, 1.82487713829e-08, 1.87474871183e-08, 1.47517535964e-08, 2.71549396302e-08, 8.71049277151e-09, 7.12878467368e-09, 8.42460767814e-09, 5.69346481072e-09, 4.0137204671e-09, 2.03212890959e-09, 2.7878270803e-09, 6.34163499491e-10, 1.10849396329e-09, 6.34587438153e-10, 4.81973239097e-10, 6.3775673631e-10, 4.59047494461e-10, 2.45347603345e-10, 1.65615174352e-10, 1.98424970899e-10, 1.51535492487e-10, 1.00560844374e-10, 7.71449362724e-11, 5.66345338682e-11, 2.86823845924e-11, 1.52576319634e-11, 3.02831175934e-12, 2.19893808023e-12, 1.60961337575e-12], "max": [0.0287326686084, 0.0334257632494, 0.0193934235722, 0.0103607103229, 0.00949487276375, 0.00792840775102, 0.00664754537866, 0.00682885898277, 0.00459059840068, 0.00635723629966, 0.00603965995833, 0.00420737359673, 0.00279846414924, 0.00210791151039, 0.00202471320517, 0.00179285521153, 0.00196638517082, 0.00223191804253, 0.00122879643459, 0.00144574628212, 0.000919691112358, 0.0012896952685, 0.000454572873423, 0.000636006298009, 0.000450254505267, 0.000392758083763, 0.000476613262435, 0.000258025276707, 0.000246585492278, 0.000171013991348, 0.00012992520351, 0.000170973798959, 0.000164870623848, 0.000201154602109, 0.000135640279041, 0.000145778467413, 6.94277478033e-05, 3.00367028103e-05, 3.40689366567e-05, 1.94038420886e-05], "mean": [0.00144688016735, 0.00183104595635, 0.000944483326748, 0.000590922369156, 0.000724781071767, 0.000538851716556, 0.000215968189877, 0.000173307256773, 0.000173072563484, 0.000250276003499, 0.000211986844079, 9.11344395718e-05, 7.26607613615e-05, 6.56891133985e-05, 6.26731271041e-05, 4.59794355265e-05, 4.2174338887e-05, 3.89250490116e-05, 3.2266445487e-05, 3.19476348523e-05, 2.61445002252e-05, 2.45967312367e-05, 1.65054025274e-05, 2.18993609451e-05, 1.84034524864e-05, 1.56007299665e-05, 1.39221256177e-05, 1.09954016807e-05, 8.42825647851e-06, 6.26705468676e-06, 6.07613083048e-06, 5.55465157959e-06, 4.73022873848e-06, 3.85972953154e-06, 2.84225984615e-06, 2.21905952458e-06, 1.79851747362e-06, 1.03143975139e-06, 7.18205342309e-07, 6.22209938683e-07], "median": [0.000210942744161, 0.000625591666903, 0.000520008441526, 0.000321154802805, 0.000320905761328, 0.000224971343414, 8.48139534355e-05, 7.32265179977e-05, 6.30693684798e-05, 6.11379437032e-05, 3.93858717871e-05, 2.86391514237e-05, 1.79107137228e-05, 1.35329555633e-05, 1.51434451254e-05, 1.58510447363e-05, 1.07540763565e-05, 1.2315240383e-05, 9.75627699518e-06, 9.33449700824e-06, 9.16953194974e-06, 9.39508481679e-06, 8.31804027257e-06, 9.55843825068e-06, 7.29490056983e-06, 6.60788782625e-06, 5.12587257617e-06, 3.71879355043e-06, 2.43044610215e-06, 1.44518492107e-06, 1.33484491016e-06, 1.02268938917e-06, 9.93086587187e-07, 8.59499778016e-07, 6.17414798398e-07, 5.49520052573e-07, 3.6803564285e-07, 2.50709319971e-07, 1.53903826572e-07, 1.30863384129e-07], "min": [4.31040106715e-24, 7.56542930542e-24, 4.58356229939e-24, 2.62664629307e-24, 5.12721762513e-24, 1.24853780664e-23, 3.04196795182e-24, 1.01336961444e-23, 6.43314056612e-24, 8.72955686528e-24, 1.32816171877e-23, 7.06163038805e-24, 1.62060649806e-23, 1.92284009455e-23, 6.82860718753e-24, 6.45077712938e-24, 5.07187784934e-24, 6.66540054371e-24, 1.1475470447e-23, 6.06983107066e-24, 1.10385046143e-23, 1.44464744439e-23, 8.03216201544e-24, 3.86285779308e-24, 6.29347865931e-24, 7.40599105014e-24, 6.99667084795e-24, 1.04125111428e-23, 1.11428535572e-23, 1.35779669863e-23, 1.81639262395e-23, 9.63584997144e-24, 1.03109358349e-23, 1.64628534047e-23, 1.56462987486e-23, 1.91732816563e-23, 8.85780198264e-24, 7.32207676021e-24, 6.92552506063e-24, 9.78824843199e-24], "var": [1.46327711263e-05, 1.61736679729e-05, 2.74824833468e-06, 7.52001028559e-07, 1.10577184387e-06, 7.48308139009e-07, 1.66137397173e-07, 9.64448929608e-08, 1.25059173683e-07, 3.17668281014e-07, 3.18230718221e-07, 4.90540301712e-08, 3.56587968042e-08, 3.3391099663e-08, 2.34173320734e-08, 8.28094393057e-09, 1.42648781676e-08, 9.51494705248e-09, 6.28246565881e-09, 4.76230255231e-09, 2.74473554995e-09, 2.47046805235e-09, 5.64754354393e-10, 1.25369870041e-09, 9.37001143342e-10, 6.33253116611e-10, 5.83636139417e-10, 3.59149626705e-10, 2.38138730957e-10, 1.49317502807e-10, 1.2981925257e-10, 1.30937635734e-10, 1.0555901292e-10, 6.46540321281e-11, 3.83742100596e-11, 2.53780399473e-11, 1.64294879784e-11, 4.53934979883e-12, 2.21546869392e-12, 1.3949944715e-12]}, "melbands_crest": {"dmean": 3.49011683464, "dmean2": 5.59951019287, "dvar": 12.4629554749, "dvar2": 28.3217525482, "max": 34.4660873413, "mean": 13.6529502869, "median": 12.5150985718, "min": 1.72758126259, "var": 31.153011322}, "melbands_flatness_db": {"dmean": 0.0299260951579, "dmean2": 0.044724766165, "dvar": 0.00127753138077, "dvar2": 0.00279037491418, "max": 0.592110216618, "mean": 0.189489752054, "median": 0.180470019579, "min": 0.00395867228508, "var": 0.0050073438324}, "melbands_kurtosis": {"dmean": 10.5828523636, "dmean2": 17.1766548157, "dvar": 520.063415527, "dvar2": 1273.66625977, "max": 484.756652832, "mean": 15.2507658005, "median": 7.22185850143, "min": -1.82953774929, "var": 726.298522949}, "melbands_skewness": {"dmean": 0.924114227295, "dmean2": 1.429261446, "dvar": 1.54967105389, "dvar2": 3.55677652359, "max": 16.6126289368, "mean": 2.74353384972, "median": 2.38208842278, "min": -1.09935224056, "var": 3.47592306137}, "melbands_spread": {"dmean": 8.22877311707, "dmean2": 12.539853096, "dvar": 152.470932007, "dvar2": 308.926513672, "max": 246.516906738, "mean": 26.7056541443, "median": 21.620798111, "min": 0.315203756094, "var": 488.387786865}, "mfcc": {"cov": [[10999.5742188, -34.747795105, 23.2751102448, 215.568939209, -263.78616333, 354.479827881, 112.747245789, 110.11101532, 29.1228790283, 99.9297866821, 40.8917541504, -27.2660293579, -13.137547493], [-34.747795105, 1321.38830566, -206.902160645, 27.6316509247, 86.5949020386, -20.5576915741, 83.3054504395, 19.7270832062, -27.4531841278, 17.1040019989, 42.6486434937, -3.55470585823, -22.5026130676], [23.2751102448, -206.902160645, 676.154663086, 11.1245584488, 76.1249847412, 131.852966309, 20.4224891663, 35.7790222168, -13.7157917023, -23.1122512817, 5.0128827095, 22.7834949493, -8.08218383789], [215.568939209, 27.6316509247, 11.1245584488, 381.940307617, 45.6097335815, 36.2783737183, -0.925995886326, 3.38807988167, 50.0720291138, -0.259121358395, -10.4558238983, 25.0037708282, 26.2257537842], [-263.78616333, 86.5949020386, 76.1249847412, 45.6097335815, 205.932678223, -5.74991035461, -5.31725692749, 34.3283081055, 8.19980430603, 26.2429027557, -0.17924888432, -7.26759052277, 3.21136331558], [354.479827881, -20.5576915741, 131.852966309, 36.2783737183, -5.74991035461, 236.212631226, 116.758964539, 14.7773351669, 25.9649391174, 10.3152770996, 42.8174743652, 20.534412384, -1.66327142715], [112.747245789, 83.3054504395, 20.4224891663, -0.925995886326, -5.31725692749, 116.758964539, 215.815795898, 49.2383880615, 47.4240875244, 13.0290079117, 46.1714439392, 13.509894371, 7.57206630707], [110.11101532, 19.7270832062, 35.7790222168, 3.38807988167, 34.3283081055, 14.7773351669, 49.2383880615, 115.391357422, 35.4184913635, 18.2172241211, 5.7373509407, -0.142566949129, 7.51803970337], [29.1228790283, -27.4531841278, -13.7157917023, 50.0720291138, 8.19980430603, 25.9649391174, 47.4240875244, 35.4184913635, 134.526702881, 31.7578792572, 16.3456420898, 4.21826648712, 15.6675214767], [99.9297866821, 17.1040019989, -23.1122512817, -0.259121358395, 26.2429027557, 10.3152770996, 13.0290079117, 18.2172241211, 31.7578792572, 109.562362671, 31.2367515564, -4.77930021286, -6.11510705948], [40.8917541504, 42.6486434937, 5.0128827095, -10.4558238983, -0.17924888432, 42.8174743652, 46.1714439392, 5.7373509407, 16.3456420898, 31.2367515564, 94.9606399536, 34.3288803101, 5.68907022476], [-27.2660293579, -3.55470585823, 22.7834949493, 25.0037708282, -7.26759052277, 20.534412384, 13.509894371, -0.142566949129, 4.21826648712, -4.77930021286, 34.3288803101, 85.895149231, 33.7554893494], [-13.137547493, -22.5026130676, -8.08218383789, 26.2257537842, 3.21136331558, -1.66327142715, 7.57206630707, 7.51803970337, 15.6675214767, -6.11510705948, 5.68907022476, 33.7554893494, 80.5847320557]], "icov": [[0.000105046543467, -9.06251443666e-06, 9.67390224105e-06, -7.73294086684e-05, 0.000193186860997, -0.000186751873116, 7.71236373112e-05, -0.000167795558809, 7.53982967581e-05, -0.000120991855511, -1.7472689251e-06, 0.000103317906905, -2.94095480058e-05], [-9.06251443666e-06, 0.000910216476768, 0.000345024804119, -0.000115755530715, -0.000535713857971, 0.000184172386071, -0.000509325473104, -5.48008283658e-05, 0.000433296954725, 0.000125373655465, -0.000394433329348, -3.47321583831e-05, 0.00037075515138], [9.67390224105e-06, 0.000345024804119, 0.00203228741884, 0.000117255622172, -0.000951322726905, -0.00135160703212, 0.000406933046179, -0.000677765812725, 0.000377976772143, 0.000647940090857, 0.000107954685518, -0.000609048409387, 0.000521776033565], [-7.73294086684e-05, -0.000115755530715, 0.000117255622172, 0.00314902025275, -0.000889982504304, -0.000686282815877, 0.00047809604439, 0.000466335593956, -0.00138183659874, 0.000292529934086, 0.0010477140313, -0.00112575129606, -0.000436676025856], [0.000193186860997, -0.000535713857971, -0.000951322726905, -0.000889982504304, 0.00645232154056, 0.000232615624554, 0.000617475307081, -0.00176961300895, 0.000355935189873, -0.0017272895202, -3.43862993759e-05, 0.00113228941336, -0.000741271825973], [-0.000186751873116, 0.000184172386071, -0.00135160703212, -0.000686282815877, 0.000232615624554, 0.00755432620645, -0.00388907780871, 0.00129212031607, -0.0001030963831, -0.000207152741496, -0.0014103804715, -0.000414249312598, 0.000777724431828], [7.71236373112e-05, -0.000509325473104, 0.000406933046179, 0.00047809604439, 0.000617475307081, -0.00388907780871, 0.00823879707605, -0.0028275612276, -0.00160541641526, 0.00084572751075, -0.00204165978357, 0.000614007818513, -0.000596420257352], [-0.000167795558809, -5.48008283658e-05, -0.000677765812725, 0.000466335593956, -0.00176961300895, 0.00129212031607, -0.0028275612276, 0.0114107904956, -0.00219428702258, -0.000944448460359, 0.00105469021946, -0.000124652360682, -0.00063136726385], [7.53982967581e-05, 0.000433296954725, 0.000377976772143, -0.00138183659874, 0.000355935189873, -0.0001030963831, -0.00160541641526, -0.00219428702258, 0.0099710887298, -0.00234347069636, -0.000601743580773, 0.000844656315167, -0.00146761361975], [-0.000120991855511, 0.000125373655465, 0.000647940090857, 0.000292529934086, -0.0017272895202, -0.000207152741496, 0.00084572751075, -0.000944448460359, -0.00234347069636, 0.011917764321, -0.00443382747471, 0.0016141225351, 0.00105515262112], [-1.7472689251e-06, -0.000394433329348, 0.000107954685518, 0.0010477140313, -3.43862993759e-05, -0.0014103804715, -0.00204165978357, 0.00105469021946, -0.000601743580773, -0.00443382747471, 0.0163719505072, -0.00690214848146, 0.0011410395382], [0.000103317906905, -3.47321583831e-05, -0.000609048409387, -0.00112575129606, 0.00113228941336, -0.000414249312598, 0.000614007818513, -0.000124652360682, 0.000844656315167, 0.0016141225351, -0.00690214848146, 0.0177270639688, -0.00676731672138], [-2.94095480058e-05, 0.00037075515138, 0.000521776033565, -0.000436676025856, -0.000741271825973, 0.000777724431828, -0.000596420257352, -0.00063136726385, -0.00146761361975, 0.00105515262112, 0.0011410395382, -0.00676731672138, 0.0159825757146]], "mean": [-653.911071777, 113.276573181, -1.86879658699, 29.2946739197, 0.356889486313, 0.572783350945, -4.05286169052, 3.36667013168, -5.24812173843, 1.66518867016, -3.01228642464, -3.84036111832, -3.65887761116]}, "pitch_salience": {"dmean": 0.0821986198425, "dmean2": 0.129138633609, "dvar": 0.00712088728324, "dvar2": 0.017006278038, "max": 0.843585133553, "mean": 0.542984604836, "median": 0.558153271675, "min": 0.0619386434555, "var": 0.0169987604022}, "silence_rate_20dB": {"dmean": 0, "dmean2": 0, "dvar": 0, "dvar2": 0, "max": 1, "mean": 1, "median": 1, "min": 1, "var": 0}, "silence_rate_30dB": {"dmean": 0.00106837612111, "dmean2": 0.00213698041625, "dvar": 0.00106713245623, "dvar2": 0.00320049491711, "max": 1, "mean": 0.999465882778, "median": 1, "min": 0, "var": 0.000533864833415}, "silence_rate_60dB": {"dmean": 0.0284188035876, "dmean2": 0.0568436793983, "dvar": 0.0276116263121, "dvar2": 0.0608816407621, "max": 1, "mean": 0.105116978288, "median": 0, "min": 0, "var": 0.0940664410591}, "spectral_centroid": {"dmean": 256.068725586, "dmean2": 389.334320068, "dvar": 100675.617188, "dvar2": 205797.84375, "max": 10968.9091797, "mean": 1486.23461914, "median": 1379.19213867, "min": 127.141075134, "var": 555701.75}, "spectral_complexity": {"dmean": 3.7064101696, "dmean2": 5.33283472061, "dvar": 21.6543312073, "dvar2": 38.976650238, "max": 57, "mean": 18.1782932281, "median": 17, "min": 0, "var": 116.895347595}, "spectral_contrast_coeffs": {"dmean": [0.0497781001031, 0.0458619259298, 0.0387106090784, 0.0316458679736, 0.0237041581422, 0.0177159812301], "dmean2": [0.0807526111603, 0.0724928304553, 0.0612182468176, 0.0489327125251, 0.0364284962416, 0.0279509648681], "dvar": [0.00191345519852, 0.00155288400128, 0.00106128409971, 0.000706017250195, 0.000441212323494, 0.000323552842019], "dvar2": [0.00478451000527, 0.00369454384781, 0.00241543119773, 0.00157623074483, 0.000906859815586, 0.000733234919608], "max": [-0.274471461773, -0.344725281, -0.425462752581, -0.518429279327, -0.562572300434, -0.579072594643], "mean": [-0.639870882034, -0.712314426899, -0.753653049469, -0.765023767948, -0.77169072628, -0.752746403217], "median": [-0.646519124508, -0.722794413567, -0.768124222755, -0.771046042442, -0.777914345264, -0.757386624813], "min": [-0.962878406048, -0.961202502251, -0.970021903515, -0.962296485901, -0.955728292465, -0.960556089878], "var": [0.00758685357869, 0.00816940050572, 0.00687543163076, 0.00401195185259, 0.00286768609658, 0.00258021010086]}, "spectral_contrast_valleys": {"dmean": [0.45385569334, 0.355348259211, 0.360614418983, 0.301230400801, 0.277712374926, 0.30732780695], "dmean2": [0.696786284447, 0.56209808588, 0.552334308624, 0.457826346159, 0.400776714087, 0.393616586924], "dvar": [0.190013438463, 0.117042005062, 0.11509770155, 0.0884252488613, 0.108222357929, 0.186329394579], "dvar2": [0.369421213865, 0.250982165337, 0.233801499009, 0.169949442148, 0.191754281521, 0.324012666941], "max": [-5.18202543259, -4.79782915115, -5.20400238037, -5.63197660446, -5.62727308273, -8.01696109772], "mean": [-7.51156377792, -6.98917341232, -7.62159919739, -8.02389240265, -7.70058107376, -10.3738470078], "median": [-7.17820215225, -6.69855880737, -7.40316343307, -7.80489587784, -7.50122308731, -10.2496423721], "min": [-27.1202926636, -27.3562488556, -26.9867668152, -27.1952838898, -27.3707332611, -27.222869873], "var": [1.9766023159, 1.81076788902, 1.72292363644, 1.50282490253, 1.58649623394, 1.83324372768]}, "spectral_decrease": {"dmean": 3.18739501459e-09, "dmean2": 4.96083352175e-09, "dvar": 3.04102628991e-17, "dvar2": 7.35490354804e-17, "max": 1.32008275372e-18, "mean": -6.53166409847e-09, "median": -4.99637131668e-09, "min": -4.03771416302e-08, "var": 3.82250285751e-17}, "spectral_energy": {"dmean": 0.0124161243439, "dmean2": 0.0192042700946, "dvar": 0.000443685567006, "dvar2": 0.00106866238639, "max": 0.155321285129, "mean": 0.0265677906573, "median": 0.0206315238029, "min": 1.06065823734e-20, "var": 0.000589055649471}, "spectral_energyband_high": {"dmean": 0.000485931755975, "dmean2": 0.000685771286953, "dvar": 1.08097867724e-06, "dvar2": 2.24842756325e-06, "max": 0.0132224205881, "mean": 0.00109670718666, "median": 0.000347621913534, "min": 8.02139658213e-21, "var": 3.05923981614e-06}, "spectral_energyband_low": {"dmean": 0.00963565241545, "dmean2": 0.0158941373229, "dvar": 0.000441582029453, "dvar2": 0.00110040325671, "max": 0.137972518802, "mean": 0.00973984319717, "median": 0.00326807331294, "min": 3.69617337708e-23, "var": 0.00038223376032}, "spectral_energyband_middle_high": {"dmean": 0.00147884374019, "dmean2": 0.00210606865585, "dvar": 4.72787723993e-06, "dvar2": 9.75466446107e-06, "max": 0.0478000342846, "mean": 0.00526663055643, "median": 0.00317827891558, "min": 1.23828634777e-21, "var": 3.87228574255e-05}, "spectral_energyband_middle_low": {"dmean": 0.00397358043119, "dmean2": 0.00604500668123, "dvar": 4.11120199715e-05, "dvar2": 9.80030235951e-05, "max": 0.0880399346352, "mean": 0.0117599572986, "median": 0.00918940268457, "min": 2.48563482669e-22, "var": 0.00010407344962}, "spectral_entropy": {"dmean": 0.154698327184, "dmean2": 0.214204132557, "dvar": 0.0337801724672, "dvar2": 0.0603362470865, "max": 9.80848312378, "mean": 7.51723718643, "median": 7.56917476654, "min": 4.8674826622, "var": 0.232048660517}, "spectral_flux": {"dmean": 0.0332575663924, "dmean2": 0.0494981892407, "dvar": 0.00190019397996, "dvar2": 0.00379525194876, "max": 0.364656627178, "mean": 0.0858879387379, "median": 0.067545004189, "min": 1.0298826375e-10, "var": 0.00399591401219}, "spectral_kurtosis": {"dmean": 1.51130247116, "dmean2": 2.54067492485, "dvar": 4.67691278458, "dvar2": 13.2809381485, "max": 45.8575706482, "mean": 4.0970621109, "median": 3.38037753105, "min": -1.17256605625, "var": 10.9854488373}, "spectral_rms": {"dmean": 0.00101375882514, "dmean2": 0.00146499485709, "dvar": 2.07693437915e-06, "dvar2": 4.52060112366e-06, "max": 0.0123098725453, "mean": 0.00456598354504, "median": 0.00448645930737, "min": 3.21681288377e-12, "var": 5.07157938046e-06}, "spectral_rolloff": {"dmean": 558.295166016, "dmean2": 918.905639648, "dvar": 820123.8125, "dvar2": 1708105.25, "max": 19336.8164063, "mean": 1759.6048584, "median": 1313.52539063, "min": 64.599609375, "var": 2916787.25}, "spectral_skewness": {"dmean": 0.2110209167, "dmean2": 0.334531396627, "dvar": 0.0608314499259, "dvar2": 0.151118963957, "max": 4.98484277725, "mean": 1.39411246777, "median": 1.38029825687, "min": -0.146184489131, "var": 0.272154450417}, "spectral_spread": {"dmean": 443433.71875, "dmean2": 634519, "dvar": 395081187328, "dvar2": 640241893376, "max": 39819300, "mean": 4487656.5, "median":