{"lowlevel": {"average_loudness": 0.766712784767, "barkbands": {"dmean": [2.02280825761e-05, 0.00312720378861, 0.00343086244538, 0.00133849505801, 0.0012057662243, 0.000838932290208, 0.00040308944881, 0.000616372388322, 0.000996928429231, 0.000421213946538, 0.000380340934498, 0.000181743846042, 0.000340112426784, 0.000212313840166, 0.000225815630984, 0.000186104953173, 0.000134846428409, 0.000146701873746, 0.000132455737912, 0.000127838298795, 9.27461369429e-05, 7.80183036113e-05, 4.40513467765e-05, 6.20249120402e-05, 0.000138439543662, 9.4455514045e-05, 1.47056898641e-05], "dmean2": [3.16660807584e-05, 0.00547519698739, 0.00608125841245, 0.00226992624812, 0.00188993779011, 0.00129130634014, 0.000598987389822, 0.000854256446473, 0.00145613506902, 0.00062052794965, 0.000588010821957, 0.000279548781691, 0.000543350121006, 0.000332737341523, 0.000355258467607, 0.000297887308989, 0.000222576738452, 0.000235575687839, 0.000211034741369, 0.000186775330803, 0.000128174680867, 0.000103187099739, 5.88340008107e-05, 8.42052904773e-05, 0.000188623380382, 0.00014464186097, 2.24165032705e-05], "dvar": [1.97824623349e-09, 0.000111534602183, 9.70916516962e-05, 2.7838475944e-05, 4.68128155262e-06, 3.29571480506e-06, 8.47338696985e-07, 2.50286416303e-06, 6.56604015603e-06, 1.24927726119e-06, 1.15615671348e-06, 2.67226397455e-07, 7.50773722302e-07, 3.6132254877e-07, 4.132274114e-07, 2.8289971965e-07, 8.98337546573e-08, 9.19925753351e-08, 7.6590488618e-08, 1.03709972166e-07, 6.8337300263e-08, 8.26584383162e-08, 2.25669243292e-08, 3.93125780818e-08, 1.97829251647e-07, 1.2346863798e-07, 2.59535570812e-09], "dvar2": [5.18080733869e-09, 0.000307395297568, 0.000269835843937, 7.47492522351e-05, 1.13439828056e-05, 7.72206931288e-06, 1.87284922504e-06, 4.94698451803e-06, 1.41493510455e-05, 2.55877216659e-06, 2.56132852883e-06, 5.76859861212e-07, 1.99740679818e-06, 8.63547427343e-07, 1.0582006098e-06, 6.52489461572e-07, 2.39922258061e-07, 2.20225231828e-07, 1.87984809941e-07, 2.14314013647e-07, 1.14128532402e-07, 1.58943961992e-07, 4.15948271382e-08, 7.04029190501e-08, 3.98886584208e-07, 3.00605933035e-07, 6.0136291502e-09], "max": [0.000836762250401, 0.137174382806, 0.151237249374, 0.117279045284, 0.0609397739172, 0.0630072578788, 0.0283830724657, 0.0585890337825, 0.0634220764041, 0.0401913635433, 0.0414298735559, 0.0333352349699, 0.0231134928763, 0.0166227519512, 0.0272544398904, 0.0310404710472, 0.0124914953485, 0.0072017731145, 0.0042067640461, 0.00695722643286, 0.00518314680085, 0.00559016317129, 0.00545976916328, 0.00518697313964, 0.013813065365, 0.0103435683995, 0.0011503015412], "mean": [4.15717368014e-05, 0.00410188548267, 0.00364026729949, 0.00176483136602, 0.00272747431882, 0.00180242897477, 0.000835667713545, 0.00114044407383, 0.00192236714065, 0.000732803426217, 0.000677475181874, 0.000309604976792, 0.000563137757126, 0.000365151587175, 0.000391780253267, 0.000314253789838, 0.000229520708672, 0.000274233461823, 0.000244462571573, 0.00023076038633, 0.000153996326844, 0.00010995118646, 6.98256553733e-05, 0.000108034721052, 0.000186032659258, 9.25093845581e-05, 1.36137905429e-05], "median": [1.89080510609e-05, 0.00178034463897, 0.00136711320374, 0.00071713340003, 0.00143801071681, 0.000811040983535, 0.000336689641699, 0.000395245151594, 0.000414267648011, 0.000223995564738, 0.000178825022886, 0.000102454810985, 0.000186615536222, 9.31955437409e-05, 9.99073381536e-05, 8.1239217252e-05, 6.7787754233e-05, 6.38650381006e-05, 6.97012146702e-05, 4.54858964076e-05, 2.38647826336e-05, 1.24514554045e-05, 1.04673817987e-05, 2.23140232265e-05, 1.8764179913e-05, 5.77509854338e-06, 3.45747196207e-07], "min": [6.65249310297e-25, 1.81290432047e-24, 3.60432361976e-24, 3.96089782082e-24, 1.56007877852e-23, 1.11576517989e-23, 1.14948054278e-23, 2.18082790282e-23, 3.50347769267e-23, 1.68169241557e-23, 1.67987298678e-23, 3.95521889005e-23, 3.58723010834e-23, 5.6865700996e-23, 5.10362176994e-23, 8.55952704795e-23, 1.13888038213e-22, 1.29075352444e-22, 1.52963663619e-22, 1.92740214027e-22, 3.00944225429e-22, 3.96660341509e-22, 4.01023840409e-22, 5.89839755423e-22, 8.46461786715e-22, 1.28216286705e-21, 2.07899669477e-21], "var": [3.6517102675e-09, 8.75891564647e-05, 7.02549878042e-05, 2.12768864003e-05, 1.44568211908e-05, 9.72062753135e-06, 2.61429840975e-06, 6.73868908052e-06, 2.1323623514e-05, 3.34434821525e-06, 3.38221684615e-06, 6.37670723336e-07, 1.40772203849e-06, 9.04539263047e-07, 1.03637216853e-06, 7.48873048906e-07, 1.86640306765e-07, 2.70592607876e-07, 1.86876491171e-07, 2.66998853249e-07, 1.84061150321e-07, 1.51076207544e-07, 4.82317581429e-08, 8.65546141426e-08, 3.44945476627e-07, 1.25562422681e-07, 2.75396283556e-09]}, "barkbands_crest": {"dmean": 2.23106336594, "dmean2": 3.58864665031, "dvar": 4.97660732269, "dvar2": 13.3665771484, "max": 25.6871414185, "mean": 9.68164730072, "median": 8.77390384674, "min": 2.05653309822, "var": 16.8518066406}, "barkbands_flatness_db": {"dmean": 0.0200801696628, "dmean2": 0.0310395713896, "dvar": 0.000509971869178, "dvar2": 0.00136245298199, "max": 0.417741090059, "mean": 0.139919489622, "median": 0.129222303629, "min": 0.0128922294825, "var": 0.00345297995955}, "barkbands_kurtosis": {"dmean": 2.77353715897, "dmean2": 4.52543210983, "dvar": 33.3977165222, "dvar2": 94.114616394, "max": 146.298080444, "mean": 4.80842447281, "median": 2.2336268425, "min": -1.92295575142, "var": 69.4520492554}, "barkbands_skewness": {"dmean": 0.492624878883, "dmean2": 0.77186614275, "dvar": 0.371143519878, "dvar2": 0.983820080757, "max": 11.2832136154, "mean": 1.62648713589, "median": 1.4559545517, "min": -2.1223628521, "var": 1.37581050396}, "barkbands_spread": {"dmean": 5.86780548096, "dmean2": 9.02329730988, "dvar": 77.1219711304, "dvar2": 175.873886108, "max": 128.390884399, "mean": 21.0300712585, "median": 17.8068885803, "min": 1.0643632412, "var": 230.647033691}, "dissonance": {"dmean": 0.0189769249409, "dmean2": 0.0315203145146, "dvar": 0.000357831362635, "dvar2": 0.000939245743211, "max": 0.499988675117, "mean": 0.459262430668, "median": 0.466690719128, "min": 0.1506203264, "var": 0.00091769604478}, "dynamic_complexity": 4.89776802063, "erbbands": {"dmean": [0.0476461611688, 0.865720927715, 3.39162182808, 4.98382282257, 2.44407963753, 5.05959653854, 7.01293754578, 7.1661272049, 5.17514562607, 9.64845943451, 11.9074935913, 27.8684921265, 13.2140493393, 11.8306503296, 15.3341293335, 8.86932277679, 15.5277080536, 11.3801412582, 10.339214325, 11.1379499435, 7.82890176773, 5.87487411499, 7.49819993973, 8.2908706665, 5.62555456161, 5.68367671967, 4.80105400085, 3.2252600193, 3.17929196358, 1.72223699093, 1.22092103958, 1.05090820789, 1.25840544701, 1.38585805893, 1.06808269024, 0.528423368931, 0.144005328417, 0.0334533490241, 0.00226947432384, 6.86718121869e-05], "dmean2": [0.0804534852505, 1.52291214466, 6.03975248337, 8.61371612549, 4.04230642319, 8.02418899536, 10.3609619141, 11.4440536499, 7.58348369598, 13.8030376434, 17.0385761261, 40.6420478821, 19.2948188782, 17.6946544647, 23.8418827057, 13.7129535675, 24.8604927063, 17.8679618835, 16.3245944977, 17.5004520416, 12.4696044922, 9.54839324951, 12.0188846588, 13.4171438217, 8.67876148224, 8.49297904968, 7.07516765594, 4.26476955414, 4.27661085129, 2.45292687416, 1.66144514084, 1.36923789978, 1.69619846344, 1.84288942814, 1.52106261253, 0.801203429699, 0.22023165226, 0.0514084324241, 0.00346314674243, 0.000103039528767], "dvar": [0.0229990705848, 8.52589511871, 96.0286026001, 370.676544189, 35.5463638306, 108.594047546, 188.126754761, 285.777679443, 114.904647827, 561.124206543, 1243.03833008, 5388.13232422, 1090.3581543, 1538.57788086, 1647.87731934, 529.302856445, 1721.17797852, 932.857543945, 677.921630859, 1496.08691406, 407.478668213, 175.06312561, 232.061553955, 306.384063721, 180.841308594, 215.210098267, 168.337081909, 107.878417969, 151.756561279, 38.1230812073, 17.522233963, 11.6688461304, 15.1687316895, 20.1986179352, 12.2477293015, 4.22362852097, 0.258667856455, 0.0137686980888, 6.23641681159e-05, 4.48145769383e-08], "dvar2": [0.0618088208139, 23.6111221313, 271.089813232, 1002.0211792, 97.7251205444, 265.608978271, 396.140472412, 722.713806152, 252.074996948, 1195.80883789, 2486.29760742, 11464.7802734, 2279.86523438, 3258.84448242, 3780.20556641, 1156.49975586, 4637.03173828, 2318.38208008, 1615.38098145, 3768.05541992, 863.777709961, 457.727081299, 554.997741699, 776.174438477, 401.725952148, 454.924743652, 331.108856201, 184.170150757, 297.037078857, 81.8157806396, 31.3005523682, 20.705329895, 26.6586036682, 40.1603126526, 25.8841152191, 10.2726345062, 0.619413435459, 0.0327657833695, 0.000145153026097, 1.01704422661e-07], "max": [2.34785509109, 36.7734375, 113.787536621, 421.634918213, 158.946182251, 353.924194336, 435.004455566, 562.694274902, 314.543151855, 752.744140625, 1566.34399414, 1908.41381836, 1208.82324219, 1672.9666748, 2179.02246094, 1491.85913086, 1177.25732422, 886.301696777, 1047.35339355, 1783.97143555, 1632.57946777, 699.669433594, 367.869689941, 349.89074707, 254.423355103, 427.435638428, 301.329345703, 198.893798828, 231.011230469, 267.595336914, 124.480522156, 103.046615601, 93.7221908569, 157.551010132, 84.1749801636, 63.7819023132, 11.6608457565, 2.80439448357, 0.169277280569, 0.00413636676967], "mean": [0.0738784745336, 1.09212970734, 3.70401096344, 6.1570315361, 4.72120332718, 10.5477046967, 15.8691682816, 14.313334465, 11.7356433868, 19.5268383026, 23.4888000488, 53.8318214417, 25.6656799316, 21.9139289856, 27.5100746155, 16.8121585846, 26.4494800568, 21.0903244019, 19.4075813293, 21.0187244415, 14.7415018082, 11.0523519516, 14.8437194824, 15.2176532745, 11.0785007477, 10.6637573242, 8.36684703827, 4.98953676224, 4.34208726883, 2.52840924263, 1.96906852722, 1.78323948383, 2.15849375725, 2.00940799713, 1.30559384823, 0.546876430511, 0.138317242265, 0.0307610314339, 0.00210518506356, 8.61311273184e-05], "median": [0.0336267799139, 0.467430561781, 1.56598722935, 2.60505533218, 2.53552675247, 4.82919311523, 6.77938938141, 6.34431362152, 5.69138765335, 7.43209791183, 8.98078250885, 12.0657501221, 9.03102588654, 6.92432022095, 8.70469284058, 6.81849956512, 9.03199386597, 7.11278438568, 6.08776044846, 5.25411987305, 4.60882806778, 3.51668691635, 4.20850849152, 3.89487171173, 3.02001190186, 2.20608472824, 1.42740106583, 0.780839562416, 0.493017762899, 0.331871628761, 0.329922735691, 0.317596405745, 0.430082440376, 0.244863212109, 0.106086298823, 0.0385526530445, 0.00799636822194, 0.000971395056695, 7.85613665357e-05, 2.90734278678e-05], "min": [1.09228874246e-22, 5.35596417402e-22, 3.54566890213e-21, 1.07736324674e-20, 3.62667710675e-20, 5.6344518948e-20, 5.68138534727e-20, 1.47084125419e-19, 1.7118514409e-19, 3.29709978712e-19, 4.93982645842e-19, 8.77801377704e-19, 7.92780807515e-19, 6.76888150806e-19, 9.11244910255e-19, 1.06688504296e-18, 2.10093742626e-18, 2.55932142386e-18, 2.64236684185e-18, 3.0328628858e-18, 4.66632105004e-18, 6.80867499598e-18, 8.37684069253e-18, 7.81955836051e-18, 8.12852769009e-18, 9.54385191614e-18, 1.1898976568e-17, 1.1969144645e-17, 1.3180083295e-17, 1.28968467271e-17, 1.29074147866e-17, 1.1498522717e-17, 1.14854532633e-17, 7.8959005136e-18, 6.71108836321e-18, 4.14873883792e-18, 2.38945595597e-18, 1.0589393528e-18, 2.66103201727e-19, 2.64426506625e-20], "var": [0.0218404792249, 6.42712688446, 66.5654830933, 270.654174805, 50.4200592041, 290.680450439, 764.91607666, 664.520263672, 368.742004395, 1462.31884766, 3354.08935547, 17380.7265625, 3124.92211914, 3934.02880859, 4259.87744141, 1426.48974609, 3185.76831055, 2432.46655273, 1891.63684082, 3941.1640625, 1422.60998535, 400.132232666, 720.426513672, 764.81854248, 428.830566406, 583.672302246, 435.004333496, 243.315658569, 258.526275635, 67.118270874, 38.052154541, 25.9417533875, 33.7204818726, 38.1387138367, 18.6252555847, 4.54068517685, 0.268198013306, 0.0139101278037, 6.50660222163e-05, 5.06619528551e-08]}, "erbbands_crest": {"dmean": 2.57149004936, "dmean2": 4.01081991196, "dvar": 6.2940659523, "dvar2": 14.5028038025, "max": 31.109462738, "mean": 9.29640197754, "median": 7.95872783661, "min": 2.18297195435, "var": 22.9885311127}, "erbbands_flatness_db": {"dmean": 0.0181295666844, "dmean2": 0.024942483753, "dvar": 0.000411065149819, "dvar2": 0.000735085690394, "max": 0.363655716181, "mean": 0.152889639139, "median": 0.153297454119, "min": 0.0284951291978, "var": 0.0021866930183}, "erbbands_kurtosis": {"dmean": 0.936720967293, "dmean2": 1.43753910065, "dvar": 2.03964829445, "dvar2": 4.51426792145, "max": 39.1089286804, "mean": 0.74085611105, "median": -0.0102759581059, "min": -1.82256567478, "var": 7.06290340424}, "erbbands_skewness": {"dmean": 0.337479650974, "dmean2": 0.517289996147, "dvar": 0.102650605142, "dvar2": 0.247277081013, "max": 4.50114202499, "mean": 0.421777307987, "median": 0.378893315792, "min": -2.20863580704, "var": 0.512541353703}, "erbbands_spread": {"dmean": 8.35013389587, "dmean2": 12.4096593857, "dvar": 122.099975586, "dvar2": 264.177978516, "max": 178.651931763, "mean": 37.6879768372, "median": 33.3425445557, "min": 2.58247065544, "var": 434.881652832}, "gfcc": {"cov": [[16997.9824219, -1948.48022461, -740.651245117, 243.975784302, -975.522460938, 480.494415283, -536.153564453, 835.180664062, -624.436401367, 127.110031128, -262.080200195, -42.2771224976, -143.476821899], [-1948.48022461, 1649.05175781, -222.488830566, -140.42326355, 222.556930542, -109.843711853, 192.733230591, -198.791259766, 210.477157593, -82.5110855103, 144.648483276, -109.808036804, 81.2653656006], [-740.651245117, -222.488830566, 962.042724609, -69.5770950317, 78.6729507446, 90.4599075317, 27.4328804016, 6.91434669495, -12.1566286087, 82.0474014282, -86.5341491699, 81.8570404053, -55.0051460266], [243.975784302, -140.42326355, -69.5770950317, 414.391479492, -39.1149749756, -19.4583244324, -18.6254882812, -29.7560863495, 35.3839416504, -39.4685020447, 15.3153066635, 4.97486019135, 11.4743070602], [-975.522460938, 222.556930542, 78.6729507446, -39.1149749756, 347.227996826, 0.546410262585, 72.6216125488, -47.6160240173, 74.40625, 26.8488426208, 12.898267746, 37.9785423279, -15.7010097504], [480.494415283, -109.843711853, 90.4599075317, -19.4583244324, 0.546410262585, 197.019454956, 26.6910419464, 29.1229610443, -9.57985782623, 26.3603649139, -10.5431976318, 3.28593730927, -7.76327085495], [-536.153564453, 192.733230591, 27.4328804016, -18.6254882812, 72.6216125488, 26.6910419464, 217.635772705, -39.4402618408, 29.5552024841, 25.2597408295, 7.91537332535, -15.7796916962, 2.39471316338], [835.180664062, -198.791259766, 6.91434669495, -29.7560863495, -47.6160240173, 29.1229610443, -39.4402618408, 179.362960815, -25.2886562347, 15.159318924, -9.58794116974, 4.35597085953, -1.06787061691], [-624.436401367, 210.477157593, -12.1566286087, 35.3839416504, 74.40625, -9.57985782623, 29.5552024841, -25.2886562347, 151.304931641, 0.426196396351, 17.5809631348, -2.45212507248, 10.1201353073], [127.110031128, -82.5110855103, 82.0474014282, -39.4685020447, 26.8488426208, 26.3603649139, 25.2597408295, 15.159318924, 0.426196396351, 102.318641663, 1.96380138397, 10.5117588043, -4.8402671814], [-262.080200195, 144.648483276, -86.5341491699, 15.3153066635, 12.898267746, -10.5431976318, 7.91537332535, -9.58794116974, 17.5809631348, 1.96380138397, 93.2058410645, 8.33503818512, 21.1670188904], [-42.2771224976, -109.808036804, 81.8570404053, 4.97486019135, 37.9785423279, 3.28593730927, -15.7796916962, 4.35597085953, -2.45212507248, 10.5117588043, 8.33503818512, 98.1638870239, 3.65294599533], [-143.476821899, 81.2653656006, -55.0051460266, 11.4743070602, -15.7010097504, -7.76327085495, 2.39471316338, -1.06787061691, 10.1201353073, -4.8402671814, 21.1670188904, 3.65294599533, 75.4828186035]], "icov": [[0.000153717919602, -0.00016431271797, 0.000231268146308, -0.000255051127169, 0.000279787345789, -0.000396497896872, 0.000258981221123, -0.000592174299527, 0.000524886418134, -0.000515976105817, 0.000624154577963, -0.000324645370711, 0.000414434354752], [-0.00016431271797, 0.00184711092152, -0.000376397976652, 0.00120259705, -0.000921683677007, 0.000966033898294, -0.00107775302604, 0.00168869830668, -0.002075714292, 0.0022114792373, -0.00285538844764, 0.00234092306346, -0.00168478221167], [0.000231268146308, -0.000376397976652, 0.0017773876898, -0.000363541039405, 0.000390410627006, -0.00106675655115, 0.000350970280124, -0.00082088628551, 0.000847849878483, -0.00174488138873, 0.00239433255047, -0.00185265939217, 0.00133670913056], [-0.000255051127169, 0.00120259705, -0.000363541039405, 0.00360654643737, -0.000330129580107, 0.000953431765083, -0.000755327986553, 0.00198499741964, -0.00250608869828, 0.00257582240738, -0.00246513844468, 0.00116413948126, -0.00137513480149], [0.000279787345789, -0.000921683677007, 0.000390410627006, -0.000330129580107, 0.004655898083, -0.000794976542238, -0.000203039904591, -0.00076749821892, -0.000276447506621, -0.00199551694095, 0.00167321017943, -0.00301450490952, 0.00232685636729], [-0.000396497896872, 0.000966033898294, -0.00106675655115, 0.000953431765083, -0.000794976542238, 0.00684751942754, -0.00171428045724, 0.000936906028073, -0.00160791829694, 0.00104797782842, -0.00220402539708, 0.00159490550868, -0.00128580420278], [0.000258981221123, -0.00107775302604, 0.000350970280124, -0.000755327986553, -0.000203039904591, -0.00171428045724, 0.00636718375608, -0.000410813401686, 0.00120346411131, -0.00278025912121, 0.00176189071499, -2.10165999306e-05, 0.000764115422498], [-0.000592174299527, 0.00168869830668, -0.00082088628551, 0.00198499741964, -0.00076749821892, 0.000936906028073, -0.000410813401686, 0.00933487154543, -0.00266599864699, 0.00194322213065, -0.00333751738071, 0.00210291496478, -0.00244560022838], [0.000524886418134, -0.002075714292, 0.000847849878483, -0.00250608869828, -0.000276447506621, -0.00160791829694, 0.00120346411131, -0.00266599864699, 0.0111838616431, -0.00323274661787, 0.00318089826033, -0.00190093787387, 0.00142571120523], [-0.000515976105817, 0.0022114792373, -0.00174488138873, 0.00257582240738, -0.00199551694095, 0.00104797782842, -0.00278025912121, 0.00194322213065, -0.00323274661787, 0.0149750281125, -0.00549068301916, 0.002651483519, -0.00241126050241], [0.000624154577963, -0.00285538844764, 0.00239433255047, -0.00246513844468, 0.00167321017943, -0.00220402539708, 0.00176189071499, -0.00333751738071, 0.00318089826033, -0.00549068301916, 0.0184435453266, -0.00586502207443, 0.000731581938453], [-0.000324645370711, 0.00234092306346, -0.00185265939217, 0.00116413948126, -0.00301450490952, 0.00159490550868, -2.10165999306e-05, 0.00210291496478, -0.00190093787387, 0.002651483519, -0.00586502207443, 0.0154750328511, -0.00377628277056], [0.000414434354752, -0.00168478221167, 0.00133670913056, -0.00137513480149, 0.00232685636729, -0.00128580420278, 0.000764115422498, -0.00244560022838, 0.00142571120523, -0.00241126050241, 0.000731581938453, -0.00377628277056, 0.016957513988]], "mean": [-35.9478797913, 103.482940674, -101.840240479, 21.6768836975, -49.2068214417, 11.1819114685, -36.6429977417, 12.1495962143, -27.7510223389, 4.16343975067, -13.3148555756, -5.44987297058, -9.18698787689]}, "hfc": {"dmean": 7.07300329208, "dmean2": 9.53850841522, "dvar": 246.638778687, "dvar2": 446.967132568, "max": 292.870605469, "mean": 18.3428897858, "median": 10.3526916504, "min": 1.07295827333e-16, "var": 651.931152344}, "melbands": {"dmean": [0.000661457132082, 0.00158963329159, 0.000755142304115, 0.000234266772168, 0.000250628509093, 0.000155981411808, 8.11988429632e-05, 0.00011323318904, 0.000104527374788, 0.00017326651141, 6.20011414867e-05, 4.82657815155e-05, 4.99312445754e-05, 2.83346307697e-05, 2.81880838884e-05, 3.09006936732e-05, 2.32616275753e-05, 1.70764906215e-05, 1.44409532368e-05, 1.77589699888e-05, 8.7602666099e-06, 6.62070351609e-06, 6.97079576639e-06, 7.60363491281e-06, 7.2992997957e-06, 4.60674618807e-06, 4.41857991973e-06, 3.94543258153e-06, 3.46115984939e-06, 2.49175832323e-06, 1.61474849847e-06, 1.96216956283e-06, 1.37799077038e-06, 8.51077288644e-07, 7.43602925013e-07, 6.2044415472e-07, 6.67777442231e-07, 8.44778355713e-07, 1.02286685433e-06, 1.24715211314e-06], "dmean2": [0.00114815216511, 0.00280224974267, 0.00129601650406, 0.000377827585908, 0.000375428877305, 0.000245783739956, 0.000119260366773, 0.000160550247529, 0.000151189902681, 0.000251266086707, 9.09185400815e-05, 7.2269969678e-05, 7.72339699324e-05, 4.37488306488e-05, 4.48809514637e-05, 4.91591636091e-05, 3.65616215277e-05, 2.68488220172e-05, 2.23218030442e-05, 2.84518555418e-05, 1.42455810419e-05, 1.09432567115e-05, 1.12612024168e-05, 1.21988841784e-05, 1.19189489851e-05, 7.38006838219e-06, 6.78600008541e-06, 6.05400464337e-06, 5.17205444339e-06, 3.4652020986e-06, 2.18990066969e-06, 2.65712219516e-06, 2.02734054255e-06, 1.24717098515e-06, 1.04719163119e-06, 8.54333791267e-07, 9.07170203845e-07, 1.19391950193e-06, 1.38013376727e-06, 1.70201417404e-06], "dvar": [4.81289316667e-06, 2.17180386244e-05, 7.42609017834e-06, 2.19461455231e-07, 2.03629042517e-07, 1.25765453163e-07, 2.96845907855e-08, 7.7427429801e-08, 9.28334742412e-08, 2.11465376765e-07, 2.63367478937e-08, 2.64276138751e-08, 1.93309031005e-08, 5.40135314253e-09, 5.93239946056e-09, 5.35585398254e-09, 4.48234382944e-09, 2.17963114224e-09, 2.15436757323e-09, 2.77803824389e-09, 4.9264231583e-10, 2.83404494317e-10, 1.85943330178e-10, 2.96289048851e-10, 2.5273208526e-10, 1.08936588916e-10, 1.61359509088e-10, 1.09007858295e-10, 8.74683450669e-11, 5.14372502924e-11, 2.80280607751e-11, 5.75815124748e-11, 2.97814342631e-11, 9.33998798441e-12, 6.51969840962e-12, 4.53216110474e-12, 4.66230960089e-12, 7.66428934207e-12, 8.80464451347e-12, 1.87665889773e-11], "dvar2": [1.31329124997e-05, 6.07420442975e-05, 1.98558664124e-05, 5.4815365047e-07, 4.44342646233e-07, 3.11538286724e-07, 6.51294129739e-08, 1.60988534503e-07, 1.86638160926e-07, 4.43267992978e-07, 5.50144498845e-08, 5.58808288531e-08, 4.26424655586e-08, 1.1620232776e-08, 1.53322936569e-08, 1.41708289547e-08, 1.10081197491e-08, 5.06722930282e-09, 5.4696007723e-09, 6.7615695265e-09, 1.13814691005e-09, 7.6474609978e-10, 4.59832338873e-10, 7.01351032806e-10, 6.5417238293e-10, 2.66147354155e-10, 3.7012257148e-10, 2.40871628199e-10, 1.84792653402e-10, 9.00018670702e-11, 4.82746689845e-11, 1.11811893078e-10, 6.79277883942e-11, 2.04367200246e-11, 1.21132999464e-11, 8.67254358605e-12, 8.29622221615e-12, 1.42635122463e-11, 1.55143502212e-11, 3.92837914975e-11], "max": [0.0290679968894, 0.0543240942061, 0.0595017336309, 0.0157055221498, 0.0116550894454, 0.0119150197133, 0.00483043817803, 0.00970887858421, 0.012389851734, 0.0126172117889, 0.00597688835114, 0.00711535662413, 0.00594531325623, 0.00466258917004, 0.00204754900187, 0.00216334010474, 0.00202156347223, 0.00223476323299, 0.00219511333853, 0.00195124291349, 0.00153184519149, 0.000964320614003, 0.000347737688571, 0.000449267186923, 0.000294587749522, 0.000206537399208, 0.000320514984196, 0.000373816554202, 0.000202247101697, 0.00015672959853, 9.93781723082e-05, 0.000138786854222, 0.000134168949444, 0.00016137768398, 8.60292057041e-05, 4.71995663247e-05, 6.79998629494e-05, 7.55929359002e-05, 7.48623569962e-05, 0.000148528371938], "mean": [0.000930999231059, 0.0018571135588, 0.00100393616594, 0.000506378302816, 0.000575440411922, 0.000317253085086, 0.000179393435246, 0.000224834730034, 0.000199120200705, 0.000332376046572, 0.000114815906272, 8.41493092594e-05, 9.03711115825e-05, 4.9876391131e-05, 4.83625917695e-05, 5.10659447173e-05, 3.89782362618e-05, 3.02826083498e-05, 2.57261308434e-05, 2.95871104754e-05, 1.49565512402e-05, 1.11297213152e-05, 1.2377987332e-05, 1.42369499372e-05, 1.21868997667e-05, 8.46575767355e-06, 7.2725811151e-06, 7.1294512054e-06, 5.69637040826e-06, 3.9058359107e-06, 2.45350793193e-06, 2.67648829322e-06, 1.75862533069e-06, 1.2631280697e-06, 1.15505508802e-06, 9.90236230791e-07, 1.12550037557e-06, 1.43933402796e-06, 1.64168193351e-06, 1.71221881828e-06], "median": [0.000427003891673, 0.000875559169799, 0.000485794851556, 0.000256509636529, 0.00026584189618, 0.000141975659062, 7.92703722254e-05, 8.18628905108e-05, 6.58668141114e-05, 6.994260184e-05, 3.77508476959e-05, 2.22522721742e-05, 2.49948934652e-05, 1.92201805476e-05, 1.63510449056e-05, 1.73558182723e-05, 1.02580388557e-05, 9.06733293959e-06, 6.00436942477e-06, 6.96789811627e-06, 4.36364553025e-06, 3.20103936247e-06, 3.92424954043e-06, 3.02234457195e-06, 2.88658156933e-06, 2.22464450417e-06, 1.52520260599e-06, 1.30861531034e-06, 9.24994424167e-07, 6.01575720793e-07, 3.43283574011e-07, 2.79668597614e-07, 1.62904868262e-07, 1.74065633018e-07, 1.80896648772e-07, 1.36473374823e-07, 1.83454588409e-07, 2.81580327055e-07, 2.79206744835e-07, 1.53144924298e-07], "min": [1.55444291956e-24, 1.72978500512e-24, 2.44576147358e-24, 3.65666769626e-24, 2.53864787302e-24, 3.44903240626e-24, 2.45797560419e-24, 3.539407467e-24, 2.98981004649e-24, 4.88272083718e-24, 3.52857246247e-24, 2.64122582311e-24, 2.77257747471e-24, 2.49839486482e-24, 2.15249336016e-24, 4.93118805677e-24, 3.6038696303e-24, 3.34180845987e-24, 3.68522879976e-24, 5.14754657066e-24, 4.06972078826e-24, 5.31942555684e-24, 5.73761137232e-24, 5.87712812873e-24, 5.13315143686e-24, 4.61489230467e-24, 5.74807442894e-24, 6.02274199107e-24, 5.65510283252e-24, 4.37059746511e-24, 6.24567960491e-24, 6.66104129835e-24, 5.29085380372e-24, 5.95402037331e-24, 6.68760855592e-24, 7.72548997195e-24, 5.67236705343e-24, 6.84052372037e-24, 7.03754725347e-24, 5.24246586465e-24], "var": [4.02714067604e-06, 1.55005327542e-05, 5.68203358853e-06, 5.59791260457e-07, 8.00178611371e-07, 3.13457945822e-07, 9.72660103571e-08, 2.03060182002e-07, 2.5516501978e-07, 6.88355783041e-07, 7.30725631115e-08, 6.7001117543e-08, 5.71726488374e-08, 1.26095942576e-08, 1.22131877944e-08, 9.85592585323e-09, 1.11232392186e-08, 5.95623461663e-09, 5.41146549793e-09, 6.90187151875e-09, 1.51082690802e-09, 4.92562879373e-10, 4.66457206194e-10, 8.72827254916e-10, 5.44444322959e-10, 2.50462595108e-10, 2.88372353774e-10, 2.98103763896e-10, 2.02645622505e-10, 1.27140201145e-10, 6.2813622359e-11, 9.95740226384e-11, 4.2022468838e-11, 1.6197779229e-11, 1.34500362237e-11, 8.97823135282e-12, 1.0579356835e-11, 1.61511845564e-11, 1.93205191429e-11, 3.23358458065e-11]}, "melbands_crest": {"dmean": 2.74460840225, "dmean2": 4.42621517181, "dvar": 7.53342151642, "dvar2": 20.2587966919, "max": 31.1990146637, "mean": 13.2492227554, "median": 12.5659608841, "min": 1.6934286356, "var": 20.5478439331}, "melbands_flatness_db": {"dmean": 0.0236289594322, "dmean2": 0.0373312085867, "dvar": 0.000771940744016, "dvar2": 0.00210876576602, "max": 0.559367120266, "mean": 0.222476691008, "median": 0.208956852555, "min": 0.0035126209259, "var": 0.00612788740546}, "melbands_kurtosis": {"dmean": 7.03438997269, "dmean2": 11.5977058411, "dvar": 283.35333252, "dvar2": 797.098266602, "max": 495.552246094, "mean": 13.4938240051, "median": 7.39551830292, "min": -1.61918950081, "var": 396.382781982}, "melbands_skewness": {"dmean": 0.690409302711, "dmean2": 1.07688367367, "dvar": 0.844558656216, "dvar2": 2.14596819878, "max": 16.3681373596, "mean": 2.5974817276, "median": 2.31998038292, "min": -1.31352579594, "var": 2.60780644417}, "melbands_spread": {"dmean": 5.27731752396, "dmean2": 8.34171199799, "dvar": 52.2667160034, "dvar2": 126.649925232, "max": 160.720611572, "mean": 19.7275047302, "median": 16.815202713, "min": 0.870977878571, "var": 195.115570068}, "mfcc": {"cov": [[12370.9882812, -1321.07922363, -428.885314941, -29.6530799866, -229.719116211, -495.773956299, 225.539794922, 39.6977500916, 27.5492248535, 47.531414032, -76.4336853027, -167.915908813, -105.77796936], [-1321.07922363, 1436.05505371, -91.4183197021, -90.6521530151, 60.0308952332, 47.5397605896, 38.0599975586, -11.0816679001, -3.60300683975, 67.2222290039, 31.4768867493, 35.6715965271, 5.2423415184], [-428.885314941, -91.4183197021, 719.883666992, -23.6103420258, 33.6972541809, 91.5677719116, -2.65277981758, 5.34738254547, 28.5088310242, -4.46348237991, 20.5966949463, -12.4963378906, 15.6951160431], [-29.6530799866, -90.6521530151, -23.6103420258, 314.325134277, 17.7254104614, 15.642209053, -34.8990097046, 12.0055360794, 2.10486078262, -35.8433113098, -2.23585295677, 26.2514152527, 11.9518461227], [-229.719116211, 60.0308952332, 33.6972541809, 17.7254104614, 236.610855103, 27.1113433838, -43.0219955444, 31.4655685425, 5.95265102386, -13.4205951691, 21.4412574768, 22.7383918762, 11.2224826813], [-495.773956299, 47.5397605896, 91.5677719116, 15.642209053, 27.1113433838, 239.337860107, 24.7944355011, 11.1158914566, 35.133441925, -16.2357559204, 45.9610671997, 15.3127689362, 24.7810764313], [225.539794922, 38.0599975586, -2.65277981758, -34.8990097046, -43.0219955444, 24.7944355011, 157.412796021, 2.69217348099, 5.81671667099, 28.8543815613, -4.4251704216, 7.6684179306, 0.802780210972], [39.6977500916, -11.0816679001, 5.34738254547, 12.0055360794, 31.4655685425, 11.1158914566, 2.69217348099, 108.364044189, 15.3240890503, -11.2935352325, 17.6859493256, 5.67253351212, 1.45560204983], [27.5492248535, -3.60300683975, 28.5088310242, 2.10486078262, 5.95265102386, 35.133441925, 5.81671667099, 15.3240890503, 98.9713897705, 23.1834926605, 16.1446094513, 2.48426914215, 10.388256073], [47.531414032, 67.2222290039, -4.46348237991, -35.8433113098, -13.4205951691, -16.2357559204, 28.8543815613, -11.2935352325, 23.1834926605, 111.579536438, 9.73535728455, -9.26593208313, -10.9124097824], [-76.4336853027, 31.4768867493, 20.5966949463, -2.23585295677, 21.4412574768, 45.9610671997, -4.4251704216, 17.6859493256, 16.1446094513, 9.73535728455, 93.8801879883, 12.2079324722, 2.55321598053], [-167.915908813, 35.6715965271, -12.4963378906, 26.2514152527, 22.7383918762, 15.3127689362, 7.6684179306, 5.67253351212, 2.48426914215, -9.26593208313, 12.2079324722, 85.5733413696, 26.1145648956], [-105.77796936, 5.2423415184, 15.6951160431, 11.9518461227, 11.2224826813, 24.7810764313, 0.802780210972, 1.45560204983, 10.388256073, -10.9124097824, 2.55321598053, 26.1145648956, 76.584274292]], "icov": [[0.00010881160415, 9.70554319792e-05, 5.63283829251e-05, -4.9421228141e-06, 3.76651701117e-06, 0.000229658093303, -0.000226989301154, -2.85029072984e-05, -0.000107616295281, 3.19003775076e-05, -8.31449287944e-05, 0.000174219982, 2.34381059272e-05], [9.70554319792e-05, 0.000856215541717, 0.000177542257006, 0.000208270299481, -0.000220943489694, -6.60402247377e-06, -0.000275493104709, 6.4991749241e-05, 0.000104327846202, -0.000451110099675, -0.000164605589816, -0.000159983013873, 2.43315862463e-05], [5.63283829251e-05, 0.000177542257006, 0.00154117925558, 0.000169997554622, -0.000204436451895, -0.000439993833425, -5.93404438405e-05, 4.18262352468e-05, -0.000261900218902, -5.54910684514e-06, -0.000101025492768, 0.000431648804806, -0.000213658684515], [-4.9421228141e-06, 0.000208270299481, 0.000169997554622, 0.00353604997508, -2.04054358619e-05, -0.00032923289109, 0.000741875206586, -0.000256088300375, -0.000181493160198, 0.000666897220071, 0.000328456342686, -0.0011063569691, -1.51968442879e-05], [3.76651701117e-06, -0.000220943489694, -0.000204436451895, -2.04054358619e-05, 0.00496160797775, -0.000379422097467, 0.00151348533109, -0.00133986561559, 0.000100639059383, 3.57528479071e-05, -0.000373165355995, -0.00112383079249, -0.000142179822433], [0.000229658093303, -6.60402247377e-06, -0.000439993833425, -0.00032923289109, -0.000379422097467, 0.00602283701301, -0.00180276297033, 0.000363558938261, -0.0018647267716, 0.0016806818312, -0.0026383488439, 0.000580437772442, -0.00103961653076], [-0.000226989301154, -0.000275493104709, -5.93404438405e-05, 0.000741875206586, 0.00151348533109, -0.00180276297033, 0.00812088605016, -0.000922052771784, 0.000586066686083, -0.00215879827738, 0.00138465524651, -0.00178276211955, 7.03195109963e-05], [-2.85029072984e-05, 6.4991749241e-05, 4.18262352468e-05, -0.000256088300375, -0.00133986561559, 0.000363558938261, -0.000922052771784, 0.0103473179042, -0.00171974301338, 0.00162810017355, -0.00181600789074, 5.69304538658e-05, 0.000385666789953], [-0.000107616295281, 0.000104327846202, -0.000261900218902, -0.000181493160198, 0.000100639059383, -0.0018647267716, 0.000586066686083, -0.00171974301338, 0.0121258748695, -0.00329800904728, -0.000525091832969, -3.15163706546e-05, -0.001545089297], [3.19003775076e-05, -0.000451110099675, -5.54910684514e-06, 0.000666897220071, 3.57528479071e-05, 0.0016806818312, -0.00215879827738, 0.00162810017355, -0.00329800904728, 0.0114561989903, -0.00183550908696, 0.00105353852268, 0.00119629723486], [-8.31449287944e-05, -0.000164605589816, -0.000101025492768, 0.000328456342686, -0.000373165355995, -0.0026383488439, 0.00138465524651, -0.00181600789074, -0.000525091832969, -0.00183550908696, 0.0129624679685, -0.00192830781452, 0.000829343160149], [0.000174219982, -0.000159983013873, 0.000431648804806, -0.0011063569691, -0.00112383079249, 0.000580437772442, -0.00178276211955, 5.69304538658e-05, -3.15163706546e-05, 0.00105353852268, -0.00192830781452, 0.0145882396027, -0.00442552939057], [2.34381059272e-05, 2.43315862463e-05, -0.000213658684515, -1.51968442879e-05, -0.000142179822433, -0.00103961653076, 7.03195109963e-05, 0.000385666789953, -0.001545089297, 0.00119629723486, 0.000829343160149, -0.00442552939057, 0.0153450025246]], "mean": [-682.534484863, 138.183502197, 6.5216088295, 18.0347976685, 10.095448494, -1.11294150352, 8.23923206329, -2.5557847023, 0.771774053574, 2.29340600967, 0.618676424026, 0.177285596728, -2.96150040627]}, "pitch_salience": {"dmean": 0.0641270577908, "dmean2": 0.104243271053, "dvar": 0.00455679744482, "dvar2": 0.0128583535552, "max": 0.875484645367, "mean": 0.534586191177, "median": 0.542922198772, "min": 0.109897516668, "var": 0.010760567151}, "silence_rate_20dB": {"dmean": 0, "dmean2": 0, "dvar": 0, "dvar2": 0, "max": 1, "mean": 1, "median": 1, "min": 1, "var": 0}, "silence_rate_30dB": {"dmean": 0.0155888767913, "dmean2": 0.0311798118055, "dvar": 0.0153458630666, "dvar2": 0.0406449399889, "max": 1, "mean": 0.989630103111, "median": 1, "min": 0, "var": 0.0102623468265}, "silence_rate_60dB": {"dmean": 0.0101724024862, "dmean2": 0.0203461479396, "dvar": 0.0100689250976, "dvar2": 0.023103011772, "max": 1, "mean": 0.166974902153, "median": 0, "min": 0, "var": 0.139094278216}, "spectral_centroid": {"dmean": 211.535842896, "dmean2": 332.351776123, "dvar": 86806.4765625, "dvar2": 208002, "max": 11569.7509766, "mean": 1133.39355469, "median": 1022.42956543, "min": 156.622573853, "var": 483369.875}, "spectral_complexity": {"dmean": 2.87297701836, "dmean2": 4.4024310112, "dvar": 17.8493118286, "dvar2": 34.1997871399, "max": 60, "mean": 16.1840820312, "median": 15, "min": 0, "var": 112.178993225}, "spectral_contrast_coeffs": {"dmean": [0.0433476790786, 0.0391247719526, 0.0361376702785, 0.0292847137898, 0.0211076997221, 0.0158589407802], "dmean2": [0.0712965428829, 0.0624313540757, 0.0568388178945, 0.0471388325095, 0.0337080024183, 0.0258159078658], "dvar": [0.00144965946674, 0.00103432312608, 0.000928957830183, 0.000598040525801, 0.000339539110428, 0.000279494648566], "dvar2": [0.00382651621476, 0.00266708759591, 0.00225335545838, 0.00145911262371, 0.000800727168098, 0.000675364746712], "max": [-0.316556841135, -0.42910438776, -0.441002011299, -0.527158498764, -0.550527751446, -0.630217790604], "mean": [-0.652719318867, -0.723979055882, -0.743061125278, -0.763632833958, -0.782430648804, -0.792139172554], "median": [-0.655392050743, -0.72887468338, -0.749738574028, -0.769402980804, -0.786753594875, -0.791326880455], "min": [-0.973603367805, -0.984219789505, -0.974627375603, -0.980914831161, -0.965280473232, -0.963527917862], "var": [0.0055691213347, 0.00459323637187, 0.00540703022853, 0.00352752604522, 0.00272351596504, 0.00144564802758]}, "spectral_contrast_valleys": {"dmean": [0.341510921717, 0.290742814541, 0.274320334196, 0.259964257479, 0.261483281851, 0.297833561897], "dmean2": [0.558753430843, 0.469712227583, 0.437501579523, 0.404756963253, 0.385824203491, 0.37988999486], "dvar": [0.111447267234, 0.0781975835562, 0.0764274001122, 0.0959766879678, 0.153863191605, 0.177276745439], "dvar2": [0.257337331772, 0.180507153273, 0.160721361637, 0.188005194068, 0.308295100927, 0.276003956795], "max": [-5.21452951431, -4.96813058853, -5.61848640442, -5.79387521744, -5.62786912918, -7.3258934021], "mean": [-7.32049417496, -7.03163957596, -7.73432445526, -8.23787498474, -8.23957443237, -10.699640274], "median": [-7.00086116791, -6.76447916031, -7.444272995, -8.01618003845, -8.0109462738, -10.4264364243], "min": [-28.4985466003, -27.7344760895, -27.567401886, -27.7347393036, -27.3835067749, -27.3634853363], "var": [1.82410347462, 1.82334947586, 1.92823660374, 1.933552742, 2.34879946709, 2.73376011848]}, "spectral_decrease": {"dmean": 2.34422281586e-09, "dmean2": 3.83153642147e-09, "dvar": 2.8547078274e-17, "dvar2": 7.42644871532e-17, "max": 1.69026761934e-28, "mean": -5.66481972442e-09, "median": -4.32578239895e-09, "min": -7.61848752973e-08, "var": 3.64407933764e-17}, "spectral_energy": {"dmean": 0.00928968563676, "dmean2": 0.0150015987456, "dvar": 0.000437666079961, "dvar2": 0.00111685867887, "max": 0.305243372917, "mean": 0.0230441000313, "median": 0.0174995325506, "min": 1.01045443261e-20, "var": 0.000598612590693}, "spectral_energyband_high": {"dmean": 0.000532699283212, "dmean2": 0.000684692175128, "dvar": 2.11993528865e-06, "dvar2": 3.59703335562e-06, "max": 0.0258159786463, "mean": 0.000860987813212, "median": 0.000182011106517, "min": 7.29804733129e-21, "var": 4.80958942717e-06}, "spectral_energyband_low": {"dmean": 0.00686645554379, "dmean2": 0.0119463326409, "dvar": 0.000377648451831, "dvar2": 0.00102522724774, "max": 0.255463570356, "mean": 0.00898574572057, "median": 0.00485681369901, "min": 1.41209036597e-23, "var": 0.000294522702461}, "spectral_energyband_middle_high": {"dmean": 0.00129322288558, "dmean2": 0.00191511155572, "dvar": 5.04236641063e-06, "dvar2": 1.10908231363e-05, "max": 0.0569921657443, "mean": 0.00403438787907, "median": 0.00210188957863, "min": 1.29169109509e-21, "var": 2.87293569272e-05}, "spectral_energyband_middle_low": {"dmean": 0.00363525771536, "dmean2": 0.00549795897678, "dvar": 4.62803982373e-05, "dvar2": 0.000112779111078, "max": 0.127949982882, "mean": 0.0105358147994, "median": 0.00791198201478, "min": 2.41511924457e-22, "var": 0.000111840905447}, "spectral_entropy": {"dmean": 0.168659552932, "dmean2": 0.238743901253, "dvar": 0.044096108526, "dvar2": 0.0871669352055, "max": 9.8190612793, "mean": 7.36867666245, "median": 7.39527654648, "min": 4.96825265884, "var": 0.279417186975}, "spectral_flux": {"dmean": 0.0220902506262, "dmean2": 0.0351414941251, "dvar": 0.00145264249295, "dvar2": 0.00298415543512, "max": 0.461155384779, "mean": 0.0670230537653, "median": 0.0547766424716, "min": 6.56829868273e-11, "var": 0.00323353125714}, "spectral_kurtosis": {"dmean": 1.93054425716, "dmean2": 3.14523291588, "dvar": 8.08046150208, "dvar2": 20.7707252502, "max": 126.953536987, "mean": 6.75064897537, "median": 5.30444431305, "min": -1.49809169769, "var": 41.4333343506}, "spectral_rms": {"dmean": 0.000741661235224, "dmean2": 0.00114625296555, "dvar": 1.57994907113e-06, "dvar2": 3.72852764485e-06, "max": 0.0172568373382, "mean": 0.00418316060677, "median": 0.00413191411644, "min": 3.13975993642e-12, "var": 4.98321651321e-06}, "spectral_rolloff": {"dmean": 507.525878906, "dmean2": 868.706420898, "dvar": 1552731, "dvar2": 3821014.75, "max": 19466.015625, "mean": 1333.68896484, "median": 861.328125, "min": 86.1328125, "var": 2925440.25}, "spectral_skewness": {"dmean": 0.235567554832, "dmean2": 0.369900405407, "dvar": 0.0759773775935, "dvar2": 0.173267439008, "max": 9.51731395721, "mean": 1.92536020279, "median": 1.82233548164, "min": -0.0624378323555, "var": 0.546585977077}, "spectral_spread": {"dmean": 746238.75, "dmean2": 1049403.75, "dvar": 1614817132540.0, "dvar2": 3280316399620.0, "max": 42286612, "mean": 4774933, "median": 4216065, "min": 976756.0625, "var": 6621793615870.0}, "