{"lowlevel": {"average_loudness": 0.0848868787289, "barkbands": {"dmean": [5.13892359777e-07, 7.6591175457e-05, 4.16013754148e-05, 7.41704789107e-05, 0.000348476285581, 0.00047479418572, 0.000289583258564, 0.000602062849794, 0.000197758650756, 0.000211070713704, 0.000235200976022, 0.000208091383683, 0.000122952638776, 0.000120377422718, 0.000105025726953, 0.000158467184519, 0.000140208168887, 0.000102366611827, 6.05009081482e-05, 6.84432525304e-05, 1.34355959744e-05, 4.31842590842e-06, 5.99915074417e-06, 7.07009394318e-06, 3.50332516064e-06, 5.79869436024e-07, 2.99967375383e-08], "dmean2": [8.68246274877e-07, 0.000126905710204, 6.54079558444e-05, 0.00011826181435, 0.000519931141753, 0.000727779523004, 0.000444595905719, 0.000918202800676, 0.000292000448098, 0.0003029157524, 0.000366036081687, 0.000315446057357, 0.000186529490747, 0.00018586605438, 0.000162594587891, 0.000241196554271, 0.00020859981305, 0.000152135471581, 9.08162110136e-05, 0.000103394617327, 2.10007219721e-05, 6.07756419413e-06, 8.52463563206e-06, 9.84328198683e-06, 4.69677252113e-06, 7.9920079088e-07, 4.12495815283e-08], "dvar": [4.9125048647e-13, 7.07814962198e-08, 2.06213197629e-08, 6.15442417029e-08, 4.57086116512e-07, 1.12171494493e-06, 6.0970597815e-07, 2.46313516072e-06, 4.24974274438e-07, 5.01953707044e-07, 1.05738627099e-06, 1.91363778868e-06, 4.81240192585e-07, 3.41107011081e-07, 3.33373350259e-07, 8.14249574432e-07, 5.72430792545e-07, 1.57510328336e-07, 5.05296995357e-08, 6.98915272324e-08, 2.4740425264e-09, 6.53895326774e-10, 1.14463860612e-09, 1.93061122644e-09, 6.02038363606e-10, 1.64941428571e-11, 2.59001465565e-14], "dvar2": [1.31806577371e-12, 1.86225150856e-07, 5.39562954316e-08, 1.52881369786e-07, 1.08729875592e-06, 2.69074803327e-06, 1.43137992836e-06, 5.89858063904e-06, 8.78484684108e-07, 1.03834338461e-06, 2.68631333711e-06, 4.73610361951e-06, 1.00497879885e-06, 8.15761097783e-07, 8.3099183712e-07, 1.64371181199e-06, 1.22205642583e-06, 3.37943902196e-07, 1.10803973996e-07, 1.53659087232e-07, 5.59013990653e-09, 1.15759968278e-09, 2.07126582552e-09, 3.51610962568e-09, 1.12977605049e-09, 2.95527075034e-11, 4.31885633484e-14], "max": [1.39471685543e-05, 0.0112325698137, 0.0042360057123, 0.00800969544798, 0.0142201874405, 0.0277113523334, 0.017537208274, 0.0372803471982, 0.024202728644, 0.0274552945048, 0.042514692992, 0.0570410341024, 0.0359729975462, 0.0254190787673, 0.0243670810014, 0.0339166074991, 0.0294281896204, 0.011402245611, 0.00914775952697, 0.0141433477402, 0.00139033840969, 0.000798968714662, 0.00190548715182, 0.00182423007209, 0.00126461312175, 0.000165673394804, 6.32310184301e-06], "mean": [7.9794284602e-07, 0.000183953437954, 8.5439060058e-05, 0.000161240779562, 0.000970677298028, 0.00131515436806, 0.000673231086694, 0.00129736971576, 0.000455328758107, 0.000515545310918, 0.000540765817277, 0.000443594937678, 0.000298919912893, 0.000258057669271, 0.000206326207262, 0.000333110830979, 0.000327310524881, 0.00024836618104, 0.000168385799043, 0.000205760909012, 2.91352516797e-05, 8.24667768029e-06, 1.2934860024e-05, 1.40711881613e-05, 6.47410706733e-06, 1.09897757739e-06, 6.42127133688e-08], "median": [3.90628514424e-07, 1.39796920848e-05, 4.78247739011e-06, 8.60444288264e-06, 0.000368639884982, 0.000461773917777, 0.000179547758307, 0.000323552230839, 6.40007056063e-05, 0.000104798549728, 2.57259325736e-05, 1.30513008116e-05, 9.80709046416e-06, 1.263204922e-05, 8.40626762511e-06, 7.93332492321e-06, 7.17940065442e-06, 5.26543908563e-06, 8.19979140942e-06, 6.96295956004e-06, 1.10311782464e-06, 3.57278992169e-07, 8.27187079722e-07, 1.97650660994e-06, 5.84816518767e-07, 1.42913648915e-07, 1.45738354718e-08], "min": [3.93128289775e-25, 1.06778894733e-23, 3.96918815728e-25, 1.82472697886e-24, 1.78241228269e-23, 1.42170626486e-23, 1.73539159734e-23, 1.06538079164e-23, 1.80884748494e-23, 3.47750018752e-23, 2.20366416385e-23, 5.22634486096e-23, 2.43712076454e-23, 6.47128727626e-23, 4.9678925714e-23, 9.49903261816e-23, 1.07419984636e-22, 1.55476545323e-22, 1.80019787755e-22, 2.35138357483e-22, 3.46508402174e-22, 4.64815929479e-22, 4.59861277149e-22, 5.8033515534e-22, 9.33755645118e-22, 1.43579288463e-21, 2.16680991395e-21], "var": [1.22467010491e-12, 4.137015992e-07, 6.47804441201e-08, 2.35165146023e-07, 2.19803973778e-06, 4.34268031313e-06, 1.80374252068e-06, 7.06546143192e-06, 1.63328411418e-06, 2.31314515986e-06, 5.11280131832e-06, 7.82366623753e-06, 2.69077463599e-06, 1.1967640603e-06, 9.66498078014e-07, 2.70524515145e-06, 1.99087139663e-06, 6.91897412253e-07, 3.20179850632e-07, 3.81798713533e-07, 8.30300983523e-09, 1.87056237166e-09, 4.26497370754e-09, 5.45418732401e-09, 1.32255362217e-09, 3.82345925753e-11, 6.14294991827e-14]}, "barkbands_crest": {"dmean": 1.95931732655, "dmean2": 3.07530546188, "dvar": 3.76084518433, "dvar2": 8.94804477692, "max": 26.4825439453, "mean": 12.2196683884, "median": 11.2543716431, "min": 2.49097323418, "var": 25.8657817841}, "barkbands_flatness_db": {"dmean": 0.0158066693693, "dmean2": 0.0235257167369, "dvar": 0.000260590750258, "dvar2": 0.000526086310856, "max": 0.429004222155, "mean": 0.20905841887, "median": 0.206914737821, "min": 0.0314872823656, "var": 0.00359752494842}, "barkbands_kurtosis": {"dmean": 3.64618730545, "dmean2": 5.68294811249, "dvar": 62.4396972656, "dvar2": 144.737091064, "max": 279.83996582, "mean": 9.11772441864, "median": 4.35627746582, "min": -1.92315077782, "var": 265.518585205}, "barkbands_skewness": {"dmean": 0.493620067835, "dmean2": 0.750782370567, "dvar": 0.361869454384, "dvar2": 0.795261859894, "max": 14.0838756561, "mean": 1.52390623093, "median": 1.31891465187, "min": -5.44418954849, "var": 2.96645545959}, "barkbands_spread": {"dmean": 2.5159702301, "dmean2": 3.84534907341, "dvar": 23.561756134, "dvar2": 50.0770187378, "max": 98.8777923584, "mean": 11.3932361603, "median": 7.61375522614, "min": 0.283196568489, "var": 111.525238037}, "dissonance": {"dmean": 0.0261774994433, "dmean2": 0.0441238693893, "dvar": 0.000784508069046, "dvar2": 0.00217230408452, "max": 0.500000059605, "mean": 0.42151093483, "median": 0.436054497957, "min": 0.150387018919, "var": 0.00358374183998}, "dynamic_complexity": 7.21697282791, "erbbands": {"dmean": [0.00102581479587, 0.0208287928253, 0.0495375879109, 0.123674027622, 0.611417710781, 1.27416992188, 2.64628410339, 4.15677165985, 4.57236146927, 10.0213251114, 8.56950473785, 5.01395511627, 7.13200044632, 4.65809822083, 9.82283306122, 9.25136375427, 6.11258459091, 5.93044424057, 4.55823755264, 6.19203615189, 7.26866006851, 5.5748925209, 4.81864213943, 3.63909268379, 2.77679562569, 3.41427302361, 1.13016104698, 0.191049396992, 0.148974373937, 0.156029969454, 0.188189104199, 0.165050074458, 0.103135116398, 0.0507389008999, 0.0191865824163, 0.00466240709648, 0.000690716784447, 7.93323488324e-05, 5.6473541008e-06, 2.31834428632e-06], "dmean2": [0.00171665789094, 0.0343301855028, 0.0779085606337, 0.196911990643, 0.970486760139, 1.88392615318, 3.88475084305, 6.54918575287, 6.95129871368, 15.6113157272, 13.0042657852, 7.2877368927, 10.250243187, 6.87526941299, 15.3505363464, 13.7394142151, 9.03395938873, 9.15452003479, 6.79578733444, 9.56024932861, 10.4969911575, 7.84113550186, 7.0212225914, 5.43483924866, 4.15440511703, 5.10522079468, 1.71724295616, 0.278504878283, 0.209477618337, 0.217155069113, 0.270947217941, 0.231967017055, 0.145810142159, 0.0679766833782, 0.0270267706364, 0.00633570412174, 0.000926435459405, 0.000105567778519, 7.64517426433e-06, 3.28982696374e-06], "dvar": [9.75834245764e-06, 0.00539022870362, 0.0298603884876, 0.191482082009, 3.35769820213, 6.50662946701, 27.0059890747, 96.6236419678, 179.468505859, 689.545410156, 537.702331543, 275.598602295, 591.957275391, 322.936279297, 1906.96875, 4181.16015625, 1103.98571777, 832.060424805, 581.561889648, 1013.35986328, 1848.96765137, 577.687438965, 391.512145996, 186.201751709, 109.649078369, 182.939117432, 18.4975280762, 0.556348264217, 0.786687672138, 0.841803491116, 1.24209189415, 1.12222409248, 0.374194681644, 0.13031385839, 0.020106986165, 0.00108208029997, 2.0625140678e-05, 1.86923429624e-07, 8.01333444045e-10, 1.88546990521e-11], "dvar2": [2.79983123619e-05, 0.0140876052901, 0.0747747048736, 0.487775087357, 8.10117912292, 15.6907062531, 59.73878479, 240.321990967, 420.226013184, 1731.33618164, 1278.75280762, 567.259765625, 1190.81262207, 743.495117188, 4733.18603516, 10262.5224609, 2226.39526367, 1921.15539551, 1278.54992676, 2430.4453125, 3509.78417969, 1107.43493652, 859.928161621, 419.290405273, 244.596450806, 375.483642578, 42.9419555664, 1.16012060642, 1.38554811478, 1.45732557774, 2.56109404564, 2.00729560852, 0.703172504902, 0.249845653772, 0.0400045663118, 0.00192125653848, 3.52359311364e-05, 2.96401481137e-07, 1.23437582378e-09, 3.85727179364e-11], "max": [0.115986905992, 3.16499304771, 6.5011920929, 19.9257526398, 67.8188858032, 63.2310256958, 144.822113037, 262.553619385, 368.318908691, 705.37689209, 562.376220703, 765.958251953, 1058.34619141, 572.488220215, 1644.58227539, 2569.42602539, 1839.37304688, 1677.21826172, 868.753967285, 1320.21154785, 2198.11279297, 946.144226074, 663.44543457, 534.629211426, 433.610351563, 879.757263184, 164.353591919, 26.9758872986, 32.8004570007, 41.2201690674, 62.2824440002, 44.8875198364, 25.1890163422, 18.5689792633, 7.05628061295, 1.38792026043, 0.170790657401, 0.014954498969, 0.00113905244507, 0.000125261300127], "mean": [0.00276851211675, 0.049118898809, 0.115874379873, 0.313814342022, 1.48679065704, 3.27200031281, 7.35231876373, 10.8259801865, 11.133190155, 20.6427745819, 20.3246307373, 12.7174787521, 18.0640144348, 12.2345094681, 21.9826698303, 21.0100212097, 15.6048698425, 13.9850330353, 11.0368051529, 13.8815221786, 19.1368541718, 16.4207267761, 13.7746610641, 10.0325746536, 8.77344036102, 10.2386016846, 3.33413052559, 0.477186530828, 0.289921343327, 0.311477392912, 0.395898938179, 0.336600571871, 0.203018724918, 0.0953936725855, 0.0337645299733, 0.00844174716622, 0.00137505633757, 0.000171202147612, 1.67132129718e-05, 1.12151228677e-05], "median": [0.000374130671844, 0.00319977779873, 0.007204615511, 0.0246272422373, 0.184040054679, 1.10378980637, 3.53353214264, 3.26344585419, 2.70328521729, 4.28005361557, 6.13513088226, 2.87102031708, 3.75758552551, 1.79344558716, 1.30864024162, 0.829690515995, 0.679027915001, 0.728110671043, 0.597420454025, 0.56831073761, 0.426044464111, 0.367628872395, 0.312830865383, 0.431812822819, 0.3529266119, 0.330115735531, 0.121083050966, 0.0252278689295, 0.0140299964696, 0.0131140779704, 0.0268975999206, 0.0353232510388, 0.0295416936278, 0.00966623052955, 0.00248382776044, 0.000792640261352, 0.000209095320315, 3.60654485121e-05, 5.9100721046e-06, 4.68646612717e-06], "min": [1.0094874406e-22, 6.80298599507e-22, 1.50649097761e-21, 6.85869083361e-21, 1.02461578085e-20, 6.34453216695e-20, 1.11903565281e-19, 1.21950035712e-19, 2.91713075383e-19, 2.5284765826e-19, 2.66051709734e-19, 3.71619187845e-19, 8.26089923217e-19, 1.12322834699e-18, 2.26534805161e-18, 1.72936169125e-18, 1.37235653593e-18, 3.10885390073e-18, 3.01479188455e-18, 4.01370780678e-18, 7.51502520055e-18, 6.33170280244e-18, 8.04014757754e-18, 6.92315803352e-18, 1.15112919041e-17, 1.181642477e-17, 1.23773913645e-17, 1.20917170953e-17, 1.38766363724e-17, 1.57469579118e-17, 1.2966121449e-17, 1.15948363188e-17, 1.0373543849e-17, 9.52085960383e-18, 6.6512372964e-18, 4.73385662474e-18, 2.65217803109e-18, 1.15767535302e-18, 3.09456435565e-19, 2.95108348067e-20], "var": [7.49552855268e-05, 0.0308979265392, 0.139356985688, 0.728083729744, 12.0719490051, 27.3736953735, 124.33467865, 319.838928223, 475.432830811, 1989.95605469, 1483.515625, 1093.67932129, 3063.81616211, 1689.94628906, 7702.16943359, 17064.3164063, 6150.85839844, 3689.65625, 2297.73876953, 3266.87036133, 10161.2636719, 3972.10864258, 2064.66064453, 962.551269531, 722.483032227, 1032.7923584, 101.081321716, 1.98323214054, 2.16398286819, 2.7706515789, 4.08541202545, 3.34010791779, 1.01802587509, 0.287448704243, 0.0384845212102, 0.00252968189307, 5.02443363075e-05, 4.8079851922e-07, 2.18244688988e-09, 2.64535227057e-10]}, "erbbands_crest": {"dmean": 2.22027826309, "dmean2": 3.39464569092, "dvar": 4.89685630798, "dvar2": 11.3518066406, "max": 33.1230125427, "mean": 13.3518352509, "median": 12.1519508362, "min": 2.83267807961, "var": 34.604763031}, "erbbands_flatness_db": {"dmean": 0.0137906828895, "dmean2": 0.0200213771313, "dvar": 0.000210021360544, "dvar2": 0.000397268915549, "max": 0.460064083338, "mean": 0.248146653175, "median": 0.244642645121, "min": 0.0321586243808, "var": 0.00270295888186}, "erbbands_kurtosis": {"dmean": 1.79788696766, "dmean2": 2.69075417519, "dvar": 8.67522144318, "dvar2": 17.7763195038, "max": 107.719772339, "mean": 5.30473136902, "median": 1.85717272758, "min": -1.92000758648, "var": 95.5803909302}, "erbbands_skewness": {"dmean": 0.351823538542, "dmean2": 0.526840567589, "dvar": 0.150771677494, "dvar2": 0.294025152922, "max": 7.54204320908, "mean": 1.16028428078, "median": 1.0517783165, "min": -6.07544136047, "var": 1.87094521523}, "erbbands_spread": {"dmean": 4.10840129852, "dmean2": 6.14425849915, "dvar": 46.30676651, "dvar2": 94.147644043, "max": 131.557113647, "mean": 21.7119560242, "median": 17.785741806, "min": 0.606002271175, "var": 282.626434326}, "gfcc": {"cov": [[16136.6269531, -105.458366394, -3753.68920898, 597.243469238, 435.532409668, -488.439331055, -783.763366699, 44.4586791992, -942.962463379, -312.155426025, 421.614837646, -610.970031738, 178.78843689], [-105.458366394, 1726.30554199, 169.681640625, -429.743774414, 308.855407715, -220.561172485, 46.7272720337, -223.086151123, 3.89705300331, -96.9786148071, 63.1512413025, -180.357345581, -29.8061199188], [-3753.68920898, 169.681640625, 1737.55737305, -119.016479492, -307.206390381, 102.06073761, -66.535697937, -89.7643280029, 92.0161209106, 70.5410461426, -66.9927520752, 183.773864746, -61.6933937073], [597.243469238, -429.743774414, -119.016479492, 774.802246094, 59.3837127686, -101.647171021, -48.2728652954, 23.2472705841, -12.489610672, -63.8247718811, -23.9372692108, 47.080821991, -33.9757385254], [435.532409668, 308.855407715, -307.206390381, 59.3837127686, 378.907501221, -41.2117424011, 11.7146511078, 15.9678030014, 30.4502067566, -27.7094631195, -2.09745788574, -61.1802406311, 11.0596971512], [-488.439331055, -220.561172485, 102.06073761, -101.647171021, -41.2117424011, 374.164154053, 205.996185303, 13.9688158035, 76.5755310059, 81.2406692505, -73.390045166, 3.33634734154, -27.0543651581], [-783.763366699, 46.7272720337, -66.535697937, -48.2728652954, 11.7146511078, 205.996185303, 447.871307373, 46.8297233582, 98.2615737915, 47.5557441711, -56.1679077148, 7.88927364349, -52.4289627075], [44.4586791992, -223.086151123, -89.7643280029, 23.2472705841, 15.9678030014, 13.9688158035, 46.8297233582, 245.518356323, 89.3696517944, 11.3729848862, -8.63894748688, 32.1946640015, 21.7357311249], [-942.962463379, 3.89705300331, 92.0161209106, -12.489610672, 30.4502067566, 76.5755310059, 98.2615737915, 89.3696517944, 303.953979492, 60.8436279297, -97.8994979858, 35.5595092773, -17.3110160828], [-312.155426025, -96.9786148071, 70.5410461426, -63.8247718811, -27.7094631195, 81.2406692505, 47.5557441711, 11.3729848862, 60.8436279297, 140.010559082, 4.02955389023, 23.9832134247, 4.07872533798], [421.614837646, 63.1512413025, -66.9927520752, -23.9372692108, -2.09745788574, -73.390045166, -56.1679077148, -8.63894748688, -97.8994979858, 4.02955389023, 167.240859985, 14.2859659195, 30.6487388611], [-610.970031738, -180.357345581, 183.773864746, 47.080821991, -61.1802406311, 3.33634734154, 7.88927364349, 32.1946640015, 35.5595092773, 23.9832134247, 14.2859659195, 174.451309204, 49.3620071411], [178.78843689, -29.8061199188, -61.6933937073, -33.9757385254, 11.0596971512, -27.0543651581, -52.4289627075, 21.7357311249, -17.3110160828, 4.07872533798, 30.6487388611, 49.3620071411, 139.873901367]], "icov": [[0.000332043418894, -0.000586982700042, 0.000901370658539, -0.000523436290678, 0.000698553281836, -0.000819382723421, 0.00103521416895, -0.000716476875823, 0.000908357964363, -0.000427799357567, 0.00015648714907, -8.09031334938e-05, 0.000125719307107], [-0.000586982700042, 0.00327158882283, -0.00244087702595, 0.00221304409206, -0.00321160862222, 0.00344792497344, -0.00330323399976, 0.00322750024498, -0.00274240411818, 0.00229372736067, -0.00160004466306, 0.00225215801038, -0.000760931347031], [0.000901370658539, -0.00244087702595, 0.00364761939272, -0.00172395654954, 0.0031004473567, -0.00316725228913, 0.00374913704582, -0.00230724341236, 0.00267718057148, -0.00181548006367, 0.00120753468946, -0.00209814962, 0.00128399650566], [-0.000523436290678, 0.00221304409206, -0.00172395654954, 0.00311678508297, -0.00248664151877, 0.00274042668752, -0.00230011926033, 0.00213460554369, -0.0018883254379, 0.00195983075537, -0.000498919107486, 0.000259262043983, 0.000397129013436], [0.000698553281836, -0.00321160862222, 0.0031004473567, -0.00248664151877, 0.00657395692542, -0.00325933098793, 0.00333171221428, -0.00304926768877, 0.00203838432208, -0.00180928653572, 0.00124727271032, -0.000998260104097, 0.000142691817018], [-0.000819382723421, 0.00344792497344, -0.00316725228913, 0.00274042668752, -0.00325933098793, 0.00824551936239, -0.00560626061633, 0.00348095642403, -0.00289918296039, 0.000474712171126, 2.47847892751e-05, 0.00239859777503, -0.000963549304288], [0.00103521416895, -0.00330323399976, 0.00374913704582, -0.00230011926033, 0.00333171221428, -0.00560626061633, 0.00763417361304, -0.00378542114049, 0.00309763103724, -0.00230641453527, 0.00144279247615, -0.00254486850463, 0.00220232200809], [-0.000716476875823, 0.00322750024498, -0.00230724341236, 0.00213460554369, -0.00304926768877, 0.00348095642403, -0.00378542114049, 0.00826812535524, -0.00468860240653, 0.00267249415629, -0.00205936096609, 0.00133380515035, -0.00136256718542], [0.000908357964363, -0.00274240411818, 0.00267718057148, -0.0018883254379, 0.00203838432208, -0.00289918296039, 0.00309763103724, -0.00468860240653, 0.00873187370598, -0.0042173853144, 0.00428657839075, -0.00237280968577, 0.0012461701408], [-0.000427799357567, 0.00229372736067, -0.00181548006367, 0.00195983075537, -0.00180928653572, 0.000474712171126, -0.00230641453527, 0.00267249415629, -0.0042173853144, 0.011293807067, -0.00336564145982, 0.00103711092379, -0.000813839025795], [0.00015648714907, -0.00160004466306, 0.00120753468946, -0.000498919107486, 0.00124727271032, 2.47847892751e-05, 0.00144279247615, -0.00205936096609, 0.00428657839075, -0.00336564145982, 0.00981518719345, -0.0027288494166, 7.84233343438e-05], [-8.09031334938e-05, 0.00225215801038, -0.00209814962, 0.000259262043983, -0.000998260104097, 0.00239859777503, -0.00254486850463, 0.00133380515035, -0.00237280968577, 0.00103711092379, -0.0027288494166, 0.0112554645166, -0.00459546875209], [0.000125719307107, -0.000760931347031, 0.00128399650566, 0.000397129013436, 0.000142691817018, -0.000963549304288, 0.00220232200809, -0.00136256718542, 0.0012461701408, -0.000813839025795, 7.84233343438e-05, -0.00459546875209, 0.0101113552228]], "mean": [-161.036727905, 113.704612732, -128.268890381, -0.749093592167, -75.7636947632, -11.3365182877, -41.5380477905, 12.1707782745, -20.496547699, -1.43096637726, -1.23264753819, -8.20737838745, -2.13912391663]}, "hfc": {"dmean": 1.81314766407, "dmean2": 2.50740742683, "dvar": 18.7852268219, "dvar2": 35.4301338196, "max": 148.882476807, "mean": 8.84884357452, "median": 2.16207480431, "min": 1.12876841396e-16, "var": 279.812591553}, "melbands": {"dmean": [1.56519472512e-05, 2.68284657068e-05, 3.50711015926e-05, 5.98214319325e-05, 8.82813328644e-05, 9.55817231443e-05, 6.47506749374e-05, 0.000121772820421, 6.41397273284e-05, 2.94063429465e-05, 3.53983596142e-05, 1.80119404831e-05, 3.54743206117e-05, 2.31474459724e-05, 2.05771921173e-05, 1.19163887575e-05, 1.23066774904e-05, 7.83616451372e-06, 7.70448241383e-06, 1.00976340036e-05, 9.67720916378e-06, 7.54649181545e-06, 5.31682508154e-06, 4.83405483465e-06, 3.22946925735e-06, 1.97107374333e-06, 2.58581530943e-06, 2.40127997131e-06, 1.01152727439e-06, 2.3659247006e-07, 9.21907954421e-08, 8.89689033556e-08, 9.02513761503e-08, 9.11622848321e-08, 1.13056621842e-07, 1.15039910042e-07, 1.04524950473e-07, 7.94570027551e-08, 6.01321090699e-08, 4.09365732423e-08], "dmean2": [2.61879977188e-05, 4.25392390753e-05, 5.55945225642e-05, 9.08981819521e-05, 0.000129483451019, 0.000148844861542, 9.90084372461e-05, 0.000188736259588, 9.68925232883e-05, 4.27680715802e-05, 5.09635647177e-05, 2.61656077782e-05, 5.524815424e-05, 3.61474703823e-05, 2.88889041258e-05, 1.7269359887e-05, 1.91436683963e-05, 1.16690125651e-05, 1.17892714115e-05, 1.54206936713e-05, 1.40064394145e-05, 1.04704249679e-05, 7.89845398685e-06, 7.19125364412e-06, 4.84024030811e-06, 2.9901450489e-06, 3.9323922465e-06, 3.64680818166e-06, 1.56845612764e-06, 3.6770327938e-07, 1.36766672654e-07, 1.28795377918e-07, 1.27450803689e-07, 1.29351249711e-07, 1.68139294487e-07, 1.684397688e-07, 1.49248180037e-07, 1.15996620309e-07, 8.27406481108e-08, 5.69597133904e-08], "dvar": [2.74610711948e-09, 8.72548611142e-09, 1.22192584939e-08, 1.75653305234e-08, 2.70541988812e-08, 5.06417201507e-08, 3.47183721772e-08, 1.05843113829e-07, 3.12868628782e-08, 1.00766630595e-08, 1.47452325905e-08, 5.17431120173e-09, 2.61795438661e-08, 2.18057962798e-08, 1.61434243751e-08, 5.54887069626e-09, 3.46020057052e-09, 1.80585468801e-09, 2.00563698982e-09, 2.57165821971e-09, 3.99603150569e-09, 1.35803646106e-09, 4.98736552057e-10, 4.38948960513e-10, 1.62277816185e-10, 5.35978275651e-11, 1.0920920418e-10, 9.22720441721e-11, 1.68204807721e-11, 9.45963251307e-13, 1.83267287522e-13, 2.94272229197e-13, 3.20589258265e-13, 2.69501164007e-13, 4.44997635745e-13, 4.65098012187e-13, 4.90123729362e-13, 2.1531962411e-13, 1.36451424161e-13, 1.1710311811e-13], "dvar2": [7.56816209702e-09, 2.21810676493e-08, 3.0560666886e-08, 4.34837659213e-08, 6.00520166927e-08, 1.24081068975e-07, 8.17556724542e-08, 2.62818559804e-07, 7.52938262849e-08, 2.04781880342e-08, 2.96754922857e-08, 1.17138316824e-08, 6.64531043526e-08, 5.68389282307e-08, 3.25537357071e-08, 9.25901399995e-09, 8.31395929879e-09, 3.82340603622e-09, 4.92853180489e-09, 5.65319924206e-09, 7.60909912856e-09, 2.43972375635e-09, 1.05610364898e-09, 9.74658354025e-10, 3.74006020598e-10, 1.13858179829e-10, 2.6501850714e-10, 1.92094465334e-10, 4.19008265584e-11, 2.21426869895e-12, 3.81421185868e-13, 5.8462463386e-13, 5.59702403782e-13, 5.02084376679e-13, 9.97590898777e-13, 8.96366910818e-13, 8.97452251403e-13, 4.17535418133e-13, 2.40685834978e-13, 2.61339479788e-13], "max": [0.00192054163199, 0.00400139437988, 0.00363601767458, 0.00351159484126, 0.00418502511457, 0.00549551704898, 0.00494797341526, 0.00801956932992, 0.00433074031025, 0.00466481503099, 0.00527164340019, 0.00229004980065, 0.00669403327629, 0.00562223233283, 0.00579361617565, 0.0045077977702, 0.00281718443148, 0.00193007709458, 0.00238845543936, 0.00234497012571, 0.0034401556477, 0.00130822812207, 0.000852836994454, 0.000720933720004, 0.00044882693328, 0.000290081516141, 0.000461759133032, 0.000604858912993, 0.000142065720866, 4.20722062699e-05, 1.86320194189e-05, 2.17231408897e-05, 1.95287011593e-05, 2.29965880862e-05, 3.68804576283e-05, 3.47291279468e-05, 3.51917005901e-05, 1.79478302016e-05, 1.68659371411e-05, 1.98464367713e-05], "mean": [3.90936111216e-05, 6.49993889965e-05, 8.89962248039e-05, 0.00015630236885, 0.000254211452557, 0.000255448423559, 0.000157518385095, 0.000249438598985, 0.000152939392137, 7.16529102647e-05, 8.72039599926e-05, 4.32143133366e-05, 7.9658224422e-05, 5.06515898451e-05, 4.39380855823e-05, 2.88454084512e-05, 2.6234663892e-05, 1.74442066054e-05, 1.49688685269e-05, 2.19151843339e-05, 2.41798425122e-05, 1.81878658623e-05, 1.41233613249e-05, 1.15039520097e-05, 7.74943782744e-06, 5.67145207242e-06, 7.20839125279e-06, 6.67515951136e-06, 2.69750944426e-06, 5.09737731136e-07, 1.72795793674e-07, 1.5682390142e-07, 1.62952275673e-07, 1.7214746606e-07, 2.21441567305e-07, 2.35808130356e-07, 1.957022846e-07, 1.4884088273e-07, 1.13937268509e-07, 6.89286068223e-08], "median": [3.77922174266e-06, 4.24784866482e-06, 6.09180460742e-06, 4.72975843877e-05, 0.00012773439812, 7.93814615463e-05, 3.77321921405e-05, 5.08022676513e-05, 4.64037620986e-05, 1.22366473079e-05, 1.55761626957e-05, 5.82159009355e-06, 3.98554857384e-06, 1.84208442988e-06, 1.65917560935e-06, 1.03982324617e-06, 1.20666641124e-06, 9.15457121664e-07, 6.1383565253e-07, 7.00480313753e-07, 4.00100418574e-07, 3.65882726783e-07, 2.82789756056e-07, 2.43728010219e-07, 3.43730278018e-07, 2.61745071839e-07, 2.25295195833e-07, 1.98346441493e-07, 8.57594244508e-08, 1.83525532549e-08, 7.46421413567e-09, 6.8185679325e-09, 5.17705522896e-09, 6.61581900374e-09, 1.30573241108e-08, 1.87875102142e-08, 2.0615480878e-08, 1.94078033644e-08, 1.21042180723e-08, 5.07084640944e-09], "min": [1.95038857675e-24, 5.21068611005e-25, 1.71662207205e-24, 2.6443666728e-24, 4.15557094285e-24, 3.2520315529e-24, 4.37111298571e-24, 3.65989413736e-24, 1.88273152679e-24, 2.68895388003e-24, 3.80706718328e-24, 4.8094565639e-24, 5.65356889249e-24, 7.22199871033e-24, 4.04100940675e-24, 3.04005516134e-24, 5.8447871982e-24, 4.87168072881e-24, 3.95510284861e-24, 5.96574284636e-24, 7.85863391553e-24, 6.6098998403e-24, 5.01159112681e-24, 7.15906023187e-24, 5.01670570649e-24, 8.02552138434e-24, 6.3871984903e-24, 6.85626070657e-24, 4.86710020797e-24, 9.43660500602e-24, 5.83412613749e-24, 6.62320279617e-24, 7.18645737111e-24, 8.61769796664e-24, 5.99987606887e-24, 9.07826651755e-24, 6.52851069412e-24, 5.18185215928e-24, 7.2571637629e-24, 8.24301112477e-24], "var": [1.64971432071e-08, 4.75553925128e-08, 4.86877027583e-08, 6.73943532092e-08, 1.32040682388e-07, 1.75206281483e-07, 9.64727320252e-08, 3.07739554728e-07, 8.48103880458e-08, 3.95338233261e-08, 7.4863237387e-08, 2.36402026843e-08, 1.14799767914e-07, 8.18221010945e-08, 5.56550858732e-08, 3.14759525111e-08, 1.30964989964e-08, 6.27555918342e-09, 5.05001596096e-09, 9.37416455571e-09, 2.22583373954e-08, 6.13869710619e-09, 2.75893818902e-09, 1.65341063063e-09, 6.88579526731e-10, 3.57502111248e-10, 4.51974124793e-10, 4.81106210426e-10, 7.4612011014e-11, 3.09918952481e-12, 4.64702278394e-13, 6.80369877191e-13, 8.92859950471e-13, 8.24182464897e-13, 1.24698092564e-12, 1.59459164623e-12, 1.25389878602e-12, 5.74097681286e-13, 3.42167077007e-13, 1.90325836688e-13]}, "melbands_crest": {"dmean": 2.44561100006, "dmean2": 3.84204435349, "dvar": 5.63487625122, "dvar2": 14.0643367767, "max": 33.266368866, "mean": 14.7256584167, "median": 13.802740097, "min": 1.80455458164, "var": 34.8426208496}, "melbands_flatness_db": {"dmean": 0.0171266496181, "dmean2": 0.0248847063631, "dvar": 0.000347971916199, "dvar2": 0.000638556492049, "max": 0.49096557498, "mean": 0.265170603991, "median": 0.268237799406, "min": 0.00572166312486, "var": 0.00690201064572}, "melbands_kurtosis": {"dmean": 5.14947223663, "dmean2": 8.06226825714, "dvar": 139.605957031, "dvar2": 330.650848389, "max": 428.789154053, "mean": 13.2787733078, "median": 5.74639987946, "min": -1.88619971275, "var": 609.637268066}, "melbands_skewness": {"dmean": 0.522490143776, "dmean2": 0.796558380127, "dvar": 0.411982446909, "dvar2": 0.909995734692, "max": 16.6651058197, "mean": 1.83579778671, "median": 1.51782536507, "min": -3.73240447044, "var": 3.7794137001}, "melbands_spread": {"dmean": 4.03102636337, "dmean2": 6.01005792618, "dvar": 85.9374008179, "dvar2": 139.572601318, "max": 256.731018066, "mean": 17.1492786407, "median": 9.61683082581, "min": 0.499224454165, "var": 472.970947266}, "mfcc": {"cov": [[14260.7265625, 127.815086365, -3194.73657227, 645.885375977, 286.347106934, -481.127868652, 350.346191406, -318.259246826, -822.060852051, 142.112335205, -821.517150879, 163.098632813, 11.3558206558], [127.815086365, 1991.53356934, -40.4718589783, -276.566253662, 112.777992249, -131.509002686, 63.4467544556, -201.830993652, -126.692489624, -1.10601949692, -57.1176719666, -46.7821159363, -33.3148765564], [-3194.73657227, -40.4718589783, 1509.38757324, -130.545120239, -78.0932846069, 115.930839539, -147.343566895, -7.7149939537, 57.9471092224, -126.058952332, 174.165847778, -55.602809906, -39.9710464478], [645.885375977, -276.566253662, -130.545120239, 641.969299316, 147.908432007, -67.1177215576, -40.4622535706, 65.8517074585, -92.4520111084, -82.2823028564, -82.9156799316, 66.6074295044, 25.3205108643], [286.347106934, 112.777992249, -78.0932846069, 147.908432007, 373.492156982, -95.059173584, -91.4394378662, -49.0565910339, -35.4120025635, -15.5808839798, -89.5379943848, 49.7726974487, -1.29176163673], [-481.127868652, -131.509002686, 115.930839539, -67.1177215576, -95.059173584, 398.488067627, 59.2847061157, 38.1851882935, 123.08102417, 6.74993085861, 99.4150619507, -11.2990980148, -12.9074087143], [350.346191406, 63.4467544556, -147.343566895, -40.4622535706, -91.4394378662, 59.2847061157, 278.052154541, 23.7140293121, -49.9309806824, 31.2756538391, -3.71635365486, -12.5451488495, -9.35810661316], [-318.259246826, -201.830993652, -7.7149939537, 65.8517074585, -49.0565910339, 38.1851882935, 23.7140293121, 236.826049805, 122.552467346, 31.7711544037, 68.6561737061, 14.705622673, 0.874629020691], [-822.060852051, -126.692489624, 57.9471092224, -92.4520111084, -35.4120025635, 123.08102417, -49.9309806824, 122.552467346, 346.77911377, 77.0486984253, 111.201370239, 19.345293045, 7.13098907471], [142.112335205, -1.10601949692, -126.058952332, -82.2823028564, -15.5808839798, 6.74993085861, 31.2756538391, 31.7711544037, 77.0486984253, 169.899078369, 38.9185028076, 9.61637115479, 14.0132408142], [-821.517150879, -57.1176719666, 174.165847778, -82.9156799316, -89.5379943848, 99.4150619507, -3.71635365486, 68.6561737061, 111.201370239, 38.9185028076, 184.730697632, 7.38090085983, 6.75974464417], [163.098632813, -46.7821159363, -55.602809906, 66.6074295044, 49.7726974487, -11.2990980148, -12.5451488495, 14.705622673, 19.345293045, 9.61637115479, 7.38090085983, 119.036109924, 30.3267002106], [11.3558206558, -33.3148765564, -39.9710464478, 25.3205108643, -1.29176163673, -12.9074087143, -9.35810661316, 0.874629020691, 7.13098907471, 14.0132408142, 6.75974464417, 30.3267002106, 120.447738647]], "icov": [[0.000189741826034, 1.13737869469e-05, 0.000330604641931, -6.19959682808e-05, 0.000100436780485, -6.23195519438e-05, 4.21565637225e-05, 7.52300620661e-05, 0.000310956820613, -0.00018985310453, 0.000419232412241, -0.000215920706978, 0.000139645431773], [1.13737869469e-05, 0.000624990963843, 3.79064476874e-05, 0.000287472095806, -0.000304386776406, 0.000206769924262, -0.000264971662546, 0.000386541389162, 6.02265463385e-05, 9.18218065635e-05, -0.000134368077852, 0.000128779662191, 8.03099246696e-05], [0.000330604641931, 3.79064476874e-05, 0.0015038207639, 4.54519322375e-05, 0.000152403576067, -0.000189523954759, 0.000510597368702, 0.000228149088798, 0.000612884119619, 0.000505697971676, -0.00030317416531, -4.62483585579e-05, 0.000421687233029], [-6.19959682808e-05, 0.000287472095806, 4.54519322375e-05, 0.00246917386539, -0.000837950734422, -5.10552054038e-05, 0.000205414311495, -0.00128309987485, 0.000718034571037, 0.00107732368633, 0.000366925174603, -0.000760128197726, -0.000404864404118], [0.000100436780485, -0.000304386776406, 0.000152403576067, -0.000837950734422, 0.00405355915427, 0.000162014810485, 0.00117538217455, 0.000546022492927, -0.000149348241393, -0.000641624152195, 0.00179380725604, -0.0015415805392, 0.000652222603094], [-6.23195519438e-05, 0.000206769924262, -0.000189523954759, -5.10552054038e-05, 0.000162014810485, 0.00351399346255, -0.00117669254541, 0.000731889274903, -0.00143562362064, 0.000793223211076, -0.00149281858467, 0.000348203175236, 0.000281288579572], [4.21565637225e-05, -0.000264971662546, 0.000510597368702, 0.000205414311495, 0.00117538217455, -0.00117669254541, 0.00507459091023, -0.0011952946661, 0.00169126037508, -0.00105050567072, 0.00066599866841, -0.000291324366117, 0.00039651649422], [7.52300620661e-05, 0.000386541389162, 0.000228149088798, -0.00128309987485, 0.000546022492927, 0.000731889274903, -0.0011952946661, 0.00680996989831, -0.00229838863015, -0.000185929529835, -0.00162417523097, 7.95685118646e-05, 0.000616058299784], [0.000310956820613, 6.02265463385e-05, 0.000612884119619, 0.000718034571037, -0.000149348241393, -0.00143562362064, 0.00169126037508, -0.00229838863015, 0.00585742387921, -0.00182510958984, -0.000374874158297, -0.000951153866481, 0.000158507798915], [-0.00018985310453, 9.18218065635e-05, 0.000505697971676, 0.00107732368633, -0.000641624152195, 0.000793223211076, -0.00105050567072, -0.000185929529835, -0.00182510958984, 0.00846099760383, -0.0021588942036, 0.000138102463097, -0.0008074407815], [0.000419232412241, -0.000134368077852, -0.00030317416531, 0.000366925174603, 0.00179380725604, -0.00149281858467, 0.00066599866841, -0.00162417523097, -0.000374874158297, -0.0021588942036, 0.0107421940193, -0.00198468193412, -0.000161427858984], [-0.000215920706978, 0.000128779662191, -4.62483585579e-05, -0.000760128197726, -0.0015415805392, 0.000348203175236, -0.000291324366117, 7.95685118646e-05, -0.000951153866481, 0.000138102463097, -0.00198468193412, 0.010648583062, -0.00233151204884], [0.000139645431773, 8.03099246696e-05, 0.000421687233029, -0.000404864404118, 0.000652222603094, 0.000281288579572, 0.00039651649422, 0.000616058299784, 0.000158507798915, -0.0008074407815, -0.000161427858984, -0.00233151204884, 0.00928057450801]], "mean": [-798.587402344, 145.504043579, -6.63474464417, 4.03953170776, -9.42807292938, -29.2323169708, -5.39106321335, -7.65268325806, -10.4671878815, 9.62517547607, -9.49901485443, 1.99926364422, 0.742089211941]}, "pitch_salience": {"dmean": 0.0520002432168, "dmean2": 0.0823768004775, "dvar": 0.00246992334723, "dvar2": 0.00596570177004, "max": 0.865698456764, "mean": 0.533460199833, "median": 0.547558605671, "min": 0.0684173479676, "var": 0.0165063552558}, "silence_rate_20dB": {"dmean": 0, "dmean2": 0, "dvar": 0, "dvar2": 0, "max": 1, "mean": 1, "median": 1, "min": 1, "var": 0}, "silence_rate_30dB": {"dmean": 0, "dmean2": 0, "dvar": 0, "dvar2": 0, "max": 1, "mean": 1, "median": 1, "min": 1, "var": 0}, "silence_rate_60dB": {"dmean": 0.0460907071829, "dmean2": 0.0921911150217, "dvar": 0.0439710244536, "dvar2": 0.0929480493069, "max": 1, "mean": 0.460542917252, "median": 0, "min": 0, "var": 0.248464569449}, "spectral_centroid": {"dmean": 126.468429565, "dmean2": 183.544067383, "dvar": 57879.6796875, "dvar2": 95303.1484375, "max": 11807.5039063, "mean": 1060.03381348, "median": 749.530395508, "min": 261.531494141, "var": 649102.25}, "spectral_complexity": {"dmean": 1.15184676647, "dmean2": 1.84866344929, "dvar": 2.41392254829, "dvar2": 5.32822465897, "max": 45, "mean": 8.88404846191, "median": 6, "min": 0, "var": 75.7667617798}, "spectral_contrast_coeffs": {"dmean": [0.0422076359391, 0.0347067974508, 0.0298286471516, 0.0244635399431, 0.0174043737352, 0.0119302188978], "dmean2": [0.0690850839019, 0.0564003400505, 0.0479361824691, 0.0393829196692, 0.0275346655399, 0.0190546363592], "dvar": [0.00120371498633, 0.000925199943595, 0.000684851605911, 0.000437119830167, 0.000236583437072, 0.000121571007185], "dvar2": [0.00317133916542, 0.00232766545378, 0.00165772985201, 0.00105166295543, 0.000518472574186, 0.000280934851617], "max": [-0.324266791344, -0.377462208271, -0.437285900116, -0.469041854143, -0.575945019722, -0.619838356972], "mean": [-0.643847286701, -0.674244761467, -0.723056077957, -0.765914201736, -0.793026864529, -0.821353554726], "median": [-0.635150194168, -0.679864764214, -0.730552554131, -0.773008108139, -0.801135361195, -0.832443118095], "min": [-0.967362821102, -0.970939695835, -0.970768630505, -0.962500393391, -0.962446153164, -0.96395111084], "var": [0.0148311397061, 0.00686608720571, 0.0061269113794, 0.00456740520895, 0.00434751436114, 0.00190289353486]}, "spectral_contrast_valleys": {"dmean": [0.383633613586, 0.293055444956, 0.26576384902, 0.223209992051, 0.171748206019, 0.172716364264], "dmean2": [0.645010232925, 0.477413773537, 0.435754776001, 0.360035389662, 0.26304936409, 0.232803657651], "dvar": [0.104333311319, 0.0818722322583, 0.069025285542, 0.0497515574098, 0.0369752123952, 0.0653189197183], "dvar2": [0.281569212675, 0.185615345836, 0.157138630748, 0.113166682422, 0.073429197073, 0.0974883064628], "max": [-6.20517492294, -4.94486856461, -5.48593139648, -6.08845329285, -5.83717250824, -8.1993637085], "mean": [-9.28391647339, -7.85869169235, -8.85442066193, -9.53353309631, -9.22509098053, -11.9791526794], "median": [-9.47905540466, -7.6872177124, -8.67304515839, -9.42724990845, -9.15809249878, -11.8738298416], "min": [-27.8104419708, -27.8699913025, -27.4011135101, -27.604637146, -27.4005355835, -27.3749542236], "var": [1.46067678928, 2.40778255463, 2.52159523964, 2.70787501335, 2.60771608353, 1.5524982214]}, "spectral_decrease": {"dmean": 4.46800874077e-10, "dmean2": 6.4871014116e-10, "dvar": 6.909808786e-19, "dvar2": 1.4832672906e-18, "max": 8.67850935775e-29, "mean": -2.10870765294e-09, "median": -9.01785091045e-10, "min": -2.10224406771e-08, "var": 8.96866939566e-18}, "spectral_energy": {"dmean": 0.00182762730401, "dmean2": 0.00263996538706, "dvar": 1.19031874419e-05, "dvar2": 2.52341906162e-05, "max": 0.0925153121352, "mean": 0.00876135285944, "median": 0.00362448161468, "min": 1.02780446518e-20, "var": 0.00016170500021}, "spectral_energyband_high": {"dmean": 6.34927200736e-05, "dmean2": 9.36290889513e-05, "dvar": 5.49858718557e-08, "dvar2": 1.16187614196e-07, "max": 0.0127670764923, "mean": 0.000169455408468, "median": 1.21863058666e-05, "min": 7.62232313404e-21, "var": 2.24064763188e-07}, "spectral_energyband_low": {"dmean": 0.000112865760457, "dmean2": 0.000178494970896, "dvar": 1.4084756117e-07, "dvar2": 3.58785996468e-07, "max": 0.0147678619251, "mean": 0.000323283020407, "median": 2.91951873805e-05, "min": 2.40818503099e-23, "var": 9.0188706281e-07}, "spectral_energyband_middle_high": {"dmean": 0.000797759625129, "dmean2": 0.00113605475053, "dvar": 5.42264024261e-06, "dvar2": 1.18533489513e-05, "max": 0.0654752478004, "mean": 0.00329042901285, "median": 0.000390988832805, "min": 1.47891169354e-21, "var": 5.93421355006e-05}, "spectral_energyband_middle_low": {"dmean": 0.0013765230542, "dmean2": 0.00205389480107, "dvar": 5.88020748182e-06, "dvar2": 1.34989886647e-05, "max": 0.0483353026211, "mean": 0.00522589264438, "median": 0.00292201037519, "min": 1.65688166725e-22, "var": 3.96603609261e-05}, "spectral_entropy": {"dmean": 0.133535772562, "dmean2": 0.192164853215, "dvar": 0.0261865332723, "dvar2": 0.0430271364748, "max": 9.81720638275, "mean": 6.75030517578, "median": 6.80212163925, "min": 4.48663282394, "var": 0.454759120941}, "spectral_flux": {"dmean": 0.00878921244293, "dmean2": 0.0139244608581, "dvar": 0.000150437816046, "dvar2": 0.000361823389539, "max": 0.217122301459, "mean": 0.0326909907162, "median": 0.020787127316, "min": 6.67423477596e-11, "var": 0.00114639347885}, "spectral_kurtosis": {"dmean": 3.58424425125, "dmean2": 6.13029432297, "dvar": 24.5992393494, "dvar2": 71.2893295288, "max": 101.451225281, "mean": 11.0969171524, "median": 7.81222820282, "min": -1.21716749668, "var": 119.19934845}, "spectral_rms": {"dmean": 0.000259295804426, "dmean2": 0.000365874671843, "dvar": 1.11835092298e-07, "dvar2": 2.17515676582e-07, "max": 0.00950046535581, "mean": 0.00233084103093, "median": 0.00188044668175, "min": 3.16660087908e-12, "var": 3.11486155624e-06}, "spectral_rolloff": {"dmean": 219.320220947, "dmean2": 363.963348389, "dvar": 476906.84375, "dvar2": 914988.625, "max": 19272.2167969, "mean": 1295.86816406, "median": 796.728515625, "min": 64.599609375, "var": 2149570.25}, "spectral_skewness": {"dmean": 0.327296793461, "dmean2": 0.536348760128, "dvar": 0.12826615572, "dvar2": 0.339190453291, "max": 8.1160736084, "mean": 2.28598451614, "median": 2.07012796402, "min": -0.53374427557, "var": 1.32798874378}, "spectral_spread": {"dmean": 328134.