{"lowlevel": {"average_loudness": 0.968146145344, "barkbands": {"dmean": [0.000320413120789, 0.00264315144159, 0.00113096204586, 0.000822854985017, 0.00121489982121, 0.00110203400254, 0.00100202136673, 0.000851875520311, 0.000807906093542, 0.000520470901392, 0.000294400349958, 0.00041136846994, 0.000330728013068, 0.00042210801621, 0.000407134793932, 0.000344632338965, 0.00038324930938, 0.000407407118473, 0.000225767784286, 0.000294304889394, 0.000245161849307, 0.000166534329765, 9.96982198558e-05, 7.57396264817e-05, 8.26252871775e-05, 4.05539940402e-05, 5.40352993994e-06], "dmean2": [0.000481389317429, 0.004275332205, 0.00191091478337, 0.0013274801895, 0.0020123065915, 0.00176475173794, 0.00160637195222, 0.00135872722603, 0.00125787325669, 0.000841114087962, 0.000478535104776, 0.000656375603285, 0.000528432370629, 0.000666275445838, 0.000642349128611, 0.000546863477211, 0.000604282715358, 0.000625196436886, 0.000352991977707, 0.000463963107904, 0.00037663243711, 0.000241768371779, 0.000143103345181, 0.000105034094304, 0.000107944237243, 5.26247313246e-05, 7.19455829312e-06], "dvar": [3.47118344735e-07, 2.3970116672e-05, 2.32362231145e-06, 1.67048449384e-06, 3.21014158544e-06, 3.47209629581e-06, 4.26266478826e-06, 5.69852863919e-06, 3.53422387889e-06, 1.08495430595e-06, 4.76797083593e-07, 8.56133056004e-07, 6.8663393904e-07, 7.29390364995e-07, 4.74382574112e-07, 3.44382470985e-07, 3.43202799513e-07, 3.70215644807e-07, 1.21725449276e-07, 2.34420824086e-07, 1.87240033256e-07, 9.14783058192e-08, 5.11455340302e-08, 8.9419202709e-08, 1.04949734236e-07, 4.28534807639e-09, 9.09433015006e-11], "dvar2": [7.73514102548e-07, 5.48320822418e-05, 6.33028867014e-06, 4.08149617215e-06, 8.56677615957e-06, 8.37139305077e-06, 9.95554728433e-06, 1.38035038617e-05, 8.0242898548e-06, 2.69379916062e-06, 1.11078634291e-06, 2.0864349608e-06, 1.63415325005e-06, 1.67752102698e-06, 1.14212662083e-06, 8.41214841785e-07, 8.17926036234e-07, 8.4154828528e-07, 2.93183092026e-07, 5.27989016064e-07, 4.23450927656e-07, 1.97582991746e-07, 1.09733136355e-07, 1.68912407617e-07, 1.73337724618e-07, 7.73998642956e-09, 1.70182798409e-10], "max": [0.00730281881988, 0.0504342317581, 0.0174128580838, 0.0178984422237, 0.0248577650636, 0.0323783047497, 0.0408635959029, 0.0527855977416, 0.0359286554158, 0.0299575794488, 0.0178324077278, 0.0204291418195, 0.0202259831131, 0.0192358698696, 0.0152614880353, 0.00835549179465, 0.00994580984116, 0.00736283883452, 0.00642524613068, 0.0109160710126, 0.0092112030834, 0.00618987157941, 0.00780077744275, 0.00875865388662, 0.0120855905116, 0.000964109261986, 0.000163610326126], "mean": [0.000347342371242, 0.00385787663981, 0.00182897946797, 0.00105739641003, 0.00175705098081, 0.00189767964184, 0.00151841505431, 0.00124748959206, 0.00126056361478, 0.000822177738883, 0.000453151908005, 0.000632592011243, 0.00048109414638, 0.000675043324009, 0.000673865899444, 0.000570842530578, 0.000662667036522, 0.000697685522027, 0.000419472053181, 0.000563297537155, 0.00052987068193, 0.000306104571791, 0.000175873254193, 0.000128454630612, 0.000144393678056, 6.71550369589e-05, 8.10122219264e-06], "median": [6.86243583914e-05, 0.00204657181166, 0.00124476011842, 0.000526923919097, 0.000986529747024, 0.000843051064294, 0.000668594555464, 0.00038797367597, 0.000368644017726, 0.000280822161585, 0.000156250665896, 0.000275643367786, 0.000199458532734, 0.00029762473423, 0.000333349773427, 0.000265568145551, 0.000391304900404, 0.000366633496014, 0.000252456142334, 0.000359428668162, 0.00027917267289, 0.000176944493433, 7.76177839725e-05, 4.0804137825e-05, 4.64180193376e-05, 2.11146962101e-05, 2.15688282879e-06], "min": [5.41057488457e-24, 1.37914248586e-23, 2.13050930557e-23, 2.92263877707e-23, 2.42977568065e-23, 1.32921989679e-23, 1.84826481333e-23, 5.44716154338e-23, 4.75653590896e-23, 8.45443689142e-23, 4.32785311584e-23, 1.07496750268e-22, 4.21747064928e-23, 7.00840815158e-23, 2.19261881744e-22, 2.72609023289e-22, 2.16432610019e-22, 1.73158162005e-22, 3.08925074409e-22, 2.56433562956e-22, 4.12118152988e-22, 5.44964904269e-22, 5.61011016657e-22, 8.71153562189e-22, 1.25582899871e-21, 1.98467952569e-21, 2.47585355731e-21], "var": [4.39893398152e-07, 3.04213881464e-05, 3.56310556526e-06, 2.22141170525e-06, 5.01302611156e-06, 9.05705837795e-06, 8.15635394247e-06, 9.96377093543e-06, 8.37900643091e-06, 2.27412897402e-06, 9.62409671956e-07, 1.48697517943e-06, 1.04718083094e-06, 1.39870826388e-06, 9.41192638493e-07, 6.55465782984e-07, 6.48321531571e-07, 7.82505935604e-07, 2.42098622039e-07, 4.61473035784e-07, 5.88005320878e-07, 1.76293383447e-07, 9.8895448275e-08, 2.04180366836e-07, 2.68022461114e-07, 1.03081889691e-08, 1.88675422508e-10]}, "barkbands_crest": {"dmean": 2.44365000725, "dmean2": 4.01412391663, "dvar": 5.07991170883, "dvar2": 12.8164873123, "max": 25.9190368652, "mean": 8.05715560913, "median": 7.31147432327, "min": 2.18857049942, "var": 12.8510036469}, "barkbands_flatness_db": {"dmean": 0.0188782606274, "dmean2": 0.0267052017152, "dvar": 0.000334318057867, "dvar2": 0.000612498959526, "max": 0.415429443121, "mean": 0.0914527028799, "median": 0.0874458625913, "min": 0.0144328149036, "var": 0.00158308562823}, "barkbands_kurtosis": {"dmean": 1.38754737377, "dmean2": 2.17544388771, "dvar": 10.6774673462, "dvar2": 23.3179702759, "max": 197.799850464, "mean": 0.983922421932, "median": -0.410587072372, "min": -1.8857319355, "var": 46.7069091797}, "barkbands_skewness": {"dmean": 0.430653333664, "dmean2": 0.660488545895, "dvar": 0.187955603004, "dvar2": 0.409470498562, "max": 11.7922525406, "mean": 0.898910284042, "median": 0.764328718185, "min": -2.07871651649, "var": 0.798097252846}, "barkbands_spread": {"dmean": 6.65233469009, "dmean2": 10.1045780182, "dvar": 45.3072319031, "dvar2": 94.0956497192, "max": 130.332199097, "mean": 35.4735107422, "median": 36.0712013245, "min": 0.418592244387, "var": 233.81867981}, "dissonance": {"dmean": 0.0135593190789, "dmean2": 0.0228214263916, "dvar": 0.000222976348596, "dvar2": 0.000587680726312, "max": 0.500000119209, "mean": 0.476055085659, "median": 0.482760816813, "min": 0.254087507725, "var": 0.000493617088068}, "dynamic_complexity": 3.13068270683, "erbbands": {"dmean": [0.11565580219, 0.492512196302, 1.20558214188, 2.06335401535, 3.53781294823, 4.16312170029, 6.94121456146, 9.18965530396, 12.8585071564, 15.9936618805, 20.697271347, 16.4901008606, 17.1652774811, 13.2011156082, 9.93632411957, 16.1976165771, 15.1051959991, 17.8310775757, 20.6476917267, 19.2652988434, 18.3869037628, 21.147315979, 25.069437027, 10.7894716263, 12.4749612808, 12.6055688858, 9.82482624054, 9.22374343872, 5.93231010437, 4.3220500946, 2.80054569244, 1.61306869984, 1.35456967354, 1.04016554356, 0.538688361645, 0.1828032583, 0.0804966390133, 0.0148952351883, 0.000746437639464, 3.77776123059e-05], "dmean2": [0.184673070908, 0.821755647659, 2.05409693718, 3.35078477859, 6.02272224426, 6.86423158646, 10.9912004471, 15.0302886963, 20.8642120361, 25.3435592651, 32.3202896118, 25.5489940643, 27.5057201385, 21.0232582092, 16.0057525635, 25.7821559906, 23.9771728516, 28.2176055908, 32.1501083374, 30.3895359039, 29.1352882385, 33.1735267639, 38.5283737183, 16.6143989563, 19.461648941, 20.0075435638, 15.0396280289, 13.7164173126, 8.72997570038, 6.27398777008, 4.03750705719, 2.27469658852, 1.88479983807, 1.38485300541, 0.730406403542, 0.243868976831, 0.107223451138, 0.0199221950024, 0.000970490043983, 4.71637395094e-05], "dvar": [0.0569655150175, 0.754089176655, 2.65947914124, 9.68821048737, 27.0285835266, 46.3874778748, 145.989990234, 283.46774292, 568.702392578, 2119.84399414, 3145.37329102, 1578.71179199, 996.944030762, 789.520690918, 731.86138916, 1312.31774902, 1303.35681152, 1565.79748535, 1335.51257324, 1007.3638916, 981.782836914, 947.768981934, 1417.35217285, 282.985015869, 396.599578857, 470.017059326, 313.064483643, 316.093078613, 114.389984131, 87.3661956787, 40.21641922, 25.046207428, 36.2585639954, 26.8369750977, 2.31975984573, 0.100948177278, 0.0180957708508, 0.000649332941975, 1.71831095486e-06, 4.46040537838e-09], "dvar2": [0.129392266273, 1.90256226063, 7.3237156868, 23.3961811066, 72.6030578613, 121.286720276, 337.625244141, 713.393432617, 1300.00708008, 5130.15478516, 7600.80419922, 3379.73413086, 2467.8972168, 1883.03588867, 1829.0324707, 3240.48876953, 3148.01464844, 3603.09716797, 3100.76025391, 2371.76342773, 2425.37036133, 2250.45043945, 3248.09204102, 665.036010742, 916.124633789, 1101.88500977, 652.641540527, 667.226318359, 246.975326538, 191.100799561, 87.4174194336, 47.7151412964, 68.5362930298, 45.3746147156, 3.77758979797, 0.182669892907, 0.0346303805709, 0.00121897517238, 3.1305930861e-06, 7.70719843501e-09], "max": [2.33695197105, 9.3056230545, 16.0146160126, 38.9770317078, 73.9838562012, 121.879264832, 219.800491333, 287.526702881, 718.920532227, 1498.29455566, 1244.24926758, 1048.3125, 586.934814453, 863.544677734, 711.214904785, 958.809814453, 1035.2512207, 919.38873291, 710.177978516, 583.66973877, 476.593658447, 605.168762207, 521.725585938, 281.855834961, 453.120330811, 497.159088135, 579.584594727, 371.618438721, 214.737503052, 288.092468262, 202.402481079, 198.780639648, 167.443496704, 192.863327026, 75.6259155273, 8.19233703613, 1.96719276905, 0.365873813629, 0.0173194669187, 0.00132649880834], "mean": [0.127319321036, 0.799029350281, 2.11948251724, 3.0745267868, 4.36596918106, 6.01539087296, 11.5010538101, 15.134352684, 20.081319809, 22.7621498108, 33.575378418, 25.8483028412, 27.8094367981, 22.5993385315, 15.319978714, 26.0135631561, 24.5047187805, 28.4074954987, 37.0113258362, 34.9861526489, 33.3302383423, 40.0637435913, 43.2466125488, 20.5347919464, 24.8876914978, 25.4124202728, 22.9656600952, 19.1466808319, 11.0549888611, 7.52939271927, 4.90456676483, 2.83387041092, 2.20414471626, 1.74315929413, 0.938483417034, 0.320333361626, 0.125013619661, 0.0223386399448, 0.00118191633373, 7.88729885244e-05], "median": [0.0400521345437, 0.505900800228, 1.52489638329, 1.81414532661, 2.36400389671, 3.15978169441, 5.17957448959, 6.5269036293, 10.2694339752, 8.27696704865, 10.2018184662, 8.68475818634, 9.8364944458, 8.72342205048, 6.7472448349, 11.9471540451, 11.739109993, 13.6622800827, 19.6833515167, 19.2184123993, 17.635187149, 25.8907623291, 22.5370445251, 13.3790206909, 15.825214386, 16.3194961548, 12.4397573471, 10.1191167831, 6.57137584686, 3.4506418705, 2.12470293045, 1.08232116699, 0.638294994831, 0.496725440025, 0.310353010893, 0.107791230083, 0.0366743132472, 0.00625639036298, 0.000337329518516, 4.35699621448e-05], "min": [8.92238892796e-22, 1.67869580436e-21, 1.85839873257e-20, 5.33849507268e-20, 1.55166791528e-19, 3.83532178403e-20, 4.33018193926e-20, 1.55658046339e-19, 3.41539876393e-19, 5.01807671039e-19, 9.49027522107e-19, 7.29603802557e-19, 3.56189058926e-18, 1.66965258931e-18, 2.10238271758e-18, 3.76980615854e-18, 2.24582638235e-18, 3.22874918102e-18, 8.15825738848e-18, 9.71508988347e-18, 1.74132801686e-17, 1.26567327389e-17, 9.94474251847e-18, 1.38393495519e-17, 1.17574203226e-17, 1.31402983891e-17, 1.554789028e-17, 1.73187466595e-17, 2.02402311234e-17, 1.89256790026e-17, 1.32040301737e-17, 1.67123819114e-17, 1.53729895569e-17, 1.57904361792e-17, 9.21690795185e-18, 6.03202601986e-18, 4.04681488361e-18, 1.54784900334e-18, 3.33348694528e-19, 3.46619114321e-20], "var": [0.0610561408103, 1.00147974491, 4.05634498596, 14.4581632614, 34.2636833191, 74.402923584, 339.369384766, 644.424377441, 1085.21899414, 3330.62939453, 6834.93994141, 3839.13623047, 2209.12744141, 1818.37329102, 997.901245117, 2336.21655273, 2113.98266602, 2738.91259766, 2714.88500977, 2128.671875, 1981.32727051, 1996.31811523, 3037.31933594, 531.456542969, 850.123779297, 899.218078613, 1257.44006348, 1003.831604, 215.074249268, 159.016723633, 77.1143188477, 54.8774032593, 80.9128799438, 64.4866409302, 6.14045381546, 0.254265218973, 0.0388141125441, 0.00133801181801, 3.77283640773e-06, 1.09013820193e-08]}, "erbbands_crest": {"dmean": 2.55652070045, "dmean2": 4.13030719757, "dvar": 6.1615729332, "dvar2": 15.0942249298, "max": 27.8575820923, "mean": 8.22508430481, "median": 7.26308965683, "min": 2.11513566971, "var": 15.2433490753}, "erbbands_flatness_db": {"dmean": 0.018667023629, "dmean2": 0.0256829150021, "dvar": 0.000339056918165, "dvar2": 0.000573949713726, "max": 0.299373924732, "mean": 0.138047546148, "median": 0.134800210595, "min": 0.0209339987487, "var": 0.00147918367293}, "erbbands_kurtosis": {"dmean": 0.957911550999, "dmean2": 1.51073753834, "dvar": 1.55025959015, "dvar2": 3.62027359009, "max": 20.8226604462, "mean": 0.557668566704, "median": -0.0486807823181, "min": -1.76373505592, "var": 4.01515674591}, "erbbands_skewness": {"dmean": 0.348909288645, "dmean2": 0.532035052776, "dvar": 0.105634309351, "dvar2": 0.228092506528, "max": 3.77027988434, "mean": -0.236022889614, "median": -0.361082404852, "min": -3.29802417755, "var": 0.756905436516}, "erbbands_spread": {"dmean": 8.06039714813, "dmean2": 12.4300289154, "dvar": 58.6473808289, "dvar2": 138.134246826, "max": 124.705039978, "mean": 38.7181282043, "median": 37.6511611938, "min": 5.59429359436, "var": 218.421279907}, "gfcc": {"cov": [[13896.8857422, -378.75201416, -542.758728027, -139.666671753, -898.775024414, 253.807037354, -339.200195312, 199.661682129, -177.887893677, 119.26108551, -279.997955322, 172.882629395, -144.631774902], [-378.75201416, 936.187133789, -237.432098389, 20.761220932, 44.2437896729, -89.9215774536, 164.135925293, -65.3497390747, 43.2797317505, -55.0801925659, 67.9566116333, -80.5896682739, 43.2214508057], [-542.758728027, -237.432098389, 576.978515625, -68.8860244751, 8.06414699554, 129.375030518, -49.1688232422, 59.9625091553, 14.543879509, 0.401692032814, -27.0731868744, 59.0383720398, -41.9557533264], [-139.666671753, 20.761220932, -68.8860244751, 387.168609619, 191.628341675, -99.86328125, -28.2919197083, -60.1340942383, 28.6888790131, 51.9154510498, 1.007568717, -22.6656723022, 57.7031784058], [-898.775024414, 44.2437896729, 8.06414699554, 191.628341675, 348.378967285, -83.6321792603, -29.0767917633, -44.8064537048, 30.6150417328, 45.9638710022, -0.576607227325, 0.100357599556, 22.653924942], [253.807037354, -89.9215774536, 129.375030518, -99.86328125, -83.6321792603, 190.221466064, 45.1592788696, 48.2645187378, -1.98659098148, -30.8554992676, 2.84652352333, 11.6002731323, -32.49766922], [-339.200195312, 164.135925293, -49.1688232422, -28.2919197083, -29.0767917633, 45.1592788696, 206.871368408, 38.3423233032, 1.81250596046, -37.3418884277, 9.52835178375, -28.0626430511, -14.2294082642], [199.661682129, -65.3497390747, 59.9625091553, -60.1340942383, -44.8064537048, 48.2645187378, 38.3423233032, 107.790206909, 12.4840593338, -17.9590492249, -12.193157196, 8.47595596313, -28.9626598358], [-177.887893677, 43.2797317505, 14.543879509, 28.6888790131, 30.6150417328, -1.98659098148, 1.81250596046, 12.4840593338, 74.0761566162, 19.4659576416, 9.38796901703, -5.8084321022, 1.53318715096], [119.26108551, -55.0801925659, 0.401692032814, 51.9154510498, 45.9638710022, -30.8554992676, -37.3418884277, -17.9590492249, 19.4659576416, 99.9003295898, 10.0453557968, 3.05684971809, 12.3771028519], [-279.997955322, 67.9566116333, -27.0731868744, 1.007568717, -0.576607227325, 2.84652352333, 9.52835178375, -12.193157196, 9.38796901703, 10.0453557968, 77.8010864258, 3.28186178207, 9.43164348602], [172.882629395, -80.5896682739, 59.0383720398, -22.6656723022, 0.100357599556, 11.6002731323, -28.0626430511, 8.47595596313, -5.8084321022, 3.05684971809, 3.28186178207, 73.8248138428, 4.1252989769], [-144.631774902, 43.2214508057, -41.9557533264, 57.7031784058, 22.653924942, -32.49766922, -14.2294082642, -28.9626598358, 1.53318715096, 12.3771028519, 9.43164348602, 4.1252989769, 81.2357711792]], "icov": [[0.00020778340695, -0.000299428997096, 0.000448273000075, -0.000436039234046, 0.000644799554721, -0.000671730493195, 0.000699600786902, -0.000598990591243, 0.000552957702894, -0.000793057552073, 0.00102435564622, -0.000867279595695, 0.000566454196814], [-0.000299428997096, 0.00237420410849, -0.000466499652248, 0.00114337261766, -0.00118029187433, 0.00197686790489, -0.00250700674951, 0.00218531326391, -0.00232041417621, 0.00252573587932, -0.00272207055241, 0.00242393906228, -0.00153750623576], [0.000448273000075, -0.000466499652248, 0.0035172845237, -0.000802914961241, 0.000837614119519, -0.00314965844154, 0.00221168994904, -0.00186952913646, 0.000618100457359, -0.0017872635508, 0.00289095751941, -0.00317266839556, 0.00174659863114], [-0.000436039234046, 0.00114337261766, -0.000802914961241, 0.00534675177187, -0.00323846447282, 0.00236849160865, -0.00193088687956, 0.00230745179579, -0.00231828563847, 0.00126216188073, -0.0020439978689, 0.0032289463561, -0.00333739095367], [0.000644799554721, -0.00118029187433, 0.000837614119519, -0.00323846447282, 0.00642860075459, -0.00098025763873, 0.00202057952993, -0.00105589802843, 0.000829215103295, -0.00315654766746, 0.00350405857898, -0.00352968065999, 0.00253921747208], [-0.000671730493195, 0.00197686790489, -0.00314965844154, 0.00236849160865, -0.00098025763873, 0.0110305584967, -0.00457829376683, 0.00165340886451, -0.00271972338669, 0.00421274406835, -0.00506206508726, 0.00322141707875, -0.00124963501003], [0.000699600786902, -0.00250700674951, 0.00221168994904, -0.00193088687956, 0.00202057952993, -0.00457829376683, 0.00990614853799, -0.00527680385858, 0.00307828257792, -0.00200399337336, 0.00329681299627, -0.0016095105093, 0.00249831099063], [-0.000598990591243, 0.00218531326391, -0.00186952913646, 0.00230745179579, -0.00105589802843, 0.00165340886451, -0.00527680385858, 0.0159394089133, -0.00604063086212, 0.00384658086114, -0.00155506678857, 0.00130290538073, 0.000523015798535], [0.000552957702894, -0.00232041417621, 0.000618100457359, -0.00231828563847, 0.000829215103295, -0.00271972338669, 0.00307828257792, -0.00604063086212, 0.018721729517, -0.00585444178432, 0.0013859156752, -0.00118471041787, 0.00168921798468], [-0.000793057552073, 0.00252573587932, -0.0017872635508, 0.00126216188073, -0.00315654766746, 0.00421274406835, -0.00200399337336, 0.00384658086114, -0.00585444178432, 0.0164008680731, -0.00625690119341, 0.00386764365248, -0.00284777884372], [0.00102435564622, -0.00272207055241, 0.00289095751941, -0.0020439978689, 0.00350405857898, -0.00506206508726, 0.00329681299627, -0.00155506678857, 0.0013859156752, -0.00625690119341, 0.0201760493219, -0.00673717772588, 0.00216465629637], [-0.000867279595695, 0.00242393906228, -0.00317266839556, 0.0032289463561, -0.00352968065999, 0.00322141707875, -0.0016095105093, 0.00130290538073, -0.00118471041787, 0.00386764365248, -0.00673717772588, 0.0208224505186, -0.00515242991969], [0.000566454196814, -0.00153750623576, 0.00174659863114, -0.00333739095367, 0.00253921747208, -0.00124963501003, 0.00249831099063, 0.000523015798535, 0.00168921798468, -0.00284777884372, 0.00216465629637, -0.00515242991969, 0.0172374658287]], "mean": [13.9598846436, 71.5275421143, -117.83669281, 40.5777587891, -50.1030273438, 7.08089208603, -33.3575019836, 9.12479400635, -20.5220966339, 10.5684394836, -19.1287155151, 3.827917099, -12.5337963104]}, "hfc": {"dmean": 8.53363895416, "dmean2": 11.1908006668, "dvar": 137.624755859, "dvar2": 250.955810547, "max": 242.194442749, "mean": 26.5438098907, "median": 21.8189201355, "min": 1.23574986634e-16, "var": 445.135742188}, "melbands": {"dmean": [0.000836874882225, 0.000588755647186, 0.00036207732046, 0.000288042763714, 0.000211710867006, 0.000210287325899, 0.000196129578399, 0.000172003390617, 0.000176695975824, 0.000103079706605, 8.87706482899e-05, 5.65942391404e-05, 3.73021321138e-05, 3.49297988578e-05, 5.03410592501e-05, 3.20492399624e-05, 3.61184211215e-05, 3.60761769116e-05, 3.44920590578e-05, 2.38424727286e-05, 2.29796660278e-05, 2.54347924056e-05, 2.43416798185e-05, 1.69340673892e-05, 8.81799769559e-06, 9.62154354056e-06, 1.13070318548e-05, 8.8323813543e-06, 7.29456041881e-06, 5.96874133407e-06, 5.24480674358e-06, 3.7793734009e-06, 3.06540619022e-06, 2.22636435865e-06, 1.8512415636e-06, 1.22879100672e-06, 9.73173428065e-07, 9.77683384917e-07, 9.87649627859e-07, 8.79142646681e-07], "dmean2": [0.00134129065555, 0.00100162532181, 0.000583508925047, 0.000488043529913, 0.000333713425789, 0.000340638303896, 0.000317206606269, 0.000273221783573, 0.000276115111774, 0.000160093026352, 0.00014277464652, 9.04849875951e-05, 6.07304791629e-05, 5.53799036425e-05, 8.02709473646e-05, 5.08773919137e-05, 5.76272250328e-05, 5.65305090277e-05, 5.48706993868e-05, 3.78632066713e-05, 3.68191394955e-05, 4.02690311603e-05, 3.7806785258e-05, 2.58853542618e-05, 1.39257281262e-05, 1.50952537297e-05, 1.77421570697e-05, 1.41078808156e-05, 1.1324330444e-05, 9.20474758459e-06, 7.81049675425e-06, 5.73419993088e-06, 4.57294299849e-06, 3.2588745853e-06, 2.74187527793e-06, 1.7973878812e-06, 1.40338079291e-06, 1.42117744417e-06, 1.36247649607e-06, 1.20674201298e-06], "dvar": [2.70924260803e-06, 7.21627145595e-07, 2.60446284983e-07, 2.04327264441e-07, 1.22121917911e-07, 1.33624197929e-07, 1.2804737537e-07, 2.35878999888e-07, 2.2219249729e-07, 6.41856985339e-08, 2.71980020727e-08, 1.48817571599e-08, 9.22473919474e-09, 8.85355344593e-09, 1.22882628517e-08, 6.23200291372e-09, 7.01056190877e-09, 4.89862106434e-09, 3.56956775249e-09, 1.73820713378e-09, 1.6504928535e-09, 1.51387324898e-09, 1.39088485174e-09, 7.09442671276e-10, 2.01884287065e-10, 2.57968285622e-10, 4.30256941186e-10, 2.41006603563e-10, 2.30463634288e-10, 1.16077751577e-10, 1.01053942991e-10, 4.29032781524e-11, 3.68829237984e-11, 2.74220784968e-11, 1.69235597758e-11, 8.64682544316e-12, 1.12382507814e-11, 1.88507525561e-11, 2.94741522855e-11, 1.88216994074e-11], "dvar2": [6.11203631706e-06, 1.9487129066e-06, 6.16909687778e-07, 5.62370018997e-07, 2.78651924646e-07, 3.29791930653e-07, 2.97440607255e-07, 5.66728544982e-07, 5.36203060619e-07, 1.40921528669e-07, 6.72989841632e-08, 3.58723717397e-08, 2.25479794835e-08, 2.1287256402e-08, 3.06944194506e-08, 1.44184850726e-08, 1.61496451767e-08, 1.13476792407e-08, 8.86620377116e-09, 4.13249789943e-09, 4.08159994691e-09, 3.66983865518e-09, 3.34527383572e-09, 1.60860269549e-09, 4.91203633324e-10, 6.13769146618e-10, 9.92788296017e-10, 5.76613423675e-10, 4.79446427004e-10, 2.83788187394e-10, 2.05168618206e-10, 9.55059503704e-11, 8.13126024846e-11, 6.21853263327e-11, 3.87763675336e-11, 1.75786000339e-11, 2.19215288283e-11, 3.85771067868e-11, 5.86893381116e-11, 3.12892906029e-11], "max": [0.0171040724963, 0.00979460310191, 0.00644666654989, 0.00691956374794, 0.00671153329313, 0.00601888122037, 0.00952471420169, 0.0153752230108, 0.00974208395928, 0.00603645574301, 0.00299935671501, 0.00411066552624, 0.00259986007586, 0.00230468437076, 0.00306073669344, 0.00222243065946, 0.00206199008971, 0.00168905232567, 0.00143654539715, 0.000710625259671, 0.000702273566276, 0.00088260526536, 0.000533968559466, 0.000362838589353, 0.000248270283919, 0.000366191321518, 0.000654289906379, 0.000298189668683, 0.000514271203429, 0.000287190487143, 0.000191542480025, 0.000126888669911, 0.000172187777935, 0.000182510411832, 0.000134582456667, 7.6717173215e-05, 0.000138598348713, 0.00012406334281, 0.000237433225266, 0.000189997765119], "mean": [0.00109195942059, 0.00111173873302, 0.000564796908293, 0.000376735115424, 0.000368018110748, 0.000357177836122, 0.000305692781694, 0.0002412518661, 0.000286877155304, 0.000155865913257, 0.000139412790304, 9.4539624115e-05, 5.6086013501e-05, 5.13573795615e-05, 7.87724202382e-05, 4.56132002e-05, 5.40629080206e-05, 5.94403099967e-05, 5.6757897255e-05, 3.87823674828e-05, 3.81439822377e-05, 4.34158646385e-05, 4.09519889217e-05, 2.8595497497e-05, 1.49531733769e-05, 1.72495583683e-05, 1.95867251023e-05, 1.6036503439e-05, 1.53665678226e-05, 1.24720572785e-05, 9.88967622106e-06, 6.61067178953e-06, 4.99712859892e-06, 3.7162415083e-06, 3.06558058583e-06, 2.02768796953e-06, 1.62473168075e-06, 1.53361804678e-06, 1.51300685047e-06, 1.45610283653e-06], "median": [0.000473252614029, 0.000852721219417, 0.000356705888407, 0.000206927405088, 0.000177735608304, 0.000159843752044, 0.000153291795868, 8.1463585957e-05, 7.83761424827e-05, 4.93767474836e-05, 4.63703472633e-05, 3.38604695571e-05, 2.23115785047e-05, 2.09060872294e-05, 3.50150330632e-05, 1.72326690517e-05, 2.39678156504e-05, 2.56532894127e-05, 2.77116905636e-05, 1.76230532816e-05, 1.72472373379e-05, 2.50967987085e-05, 2.17588512896e-05, 1.46169104482e-05, 9.00854411157e-06, 9.49787954596e-06, 1.01121240732e-05, 8.46300554258e-06, 6.88151840222e-06, 5.98457654633e-06, 5.04292938786e-06, 3.87732688978e-06, 2.37298513639e-06, 1.6078409999e-06, 1.30638261453e-06, 8.29027896998e-07, 5.60249077353e-07, 4.26961804578e-07, 3.87336200447e-07, 4.13073905747e-07], "min": [5.81440264271e-24, 6.83495515124e-24, 1.44666945266e-23, 6.78231367417e-24, 1.26068235972e-24, 3.46060341802e-24, 4.4610845441e-24, 7.56968994317e-24, 6.73467515297e-24, 5.89254759841e-24, 1.81723560071e-23, 6.60052817274e-24, 6.12593525266e-24, 1.13155004994e-23, 7.16828438243e-24, 4.44498625961e-24, 6.31169937407e-24, 1.01350955837e-23, 2.003125151e-23, 1.11894492043e-23, 2.31668079475e-23, 1.32590936311e-23, 1.05068131531e-23, 6.89166793944e-24, 1.17949425475e-23, 1.26318987244e-23, 5.40378713091e-24, 9.47170221656e-24, 7.50575986655e-24, 1.19565470148e-23, 9.66902867225e-24, 1.13489963223e-23, 1.02049973373e-23, 1.04978296051e-23, 5.8279233242e-24, 1.09904385305e-23, 9.97772572168e-24, 1.17695806694e-23, 1.02769264635e-23, 1.41195894174e-23], "var": [3.19088985634e-06, 1.03586057776e-06, 4.02495345497e-07, 2.64939899353e-07, 2.92813666647e-07, 3.21082040955e-07, 2.43318311277e-07, 3.61085085387e-07, 5.09627909651e-07, 1.49094077528e-07, 5.87730291102e-08, 3.29539275867e-08, 1.48827874469e-08, 1.3285721856e-08, 2.34248123121e-08, 9.87517267959e-09, 1.1997248528e-08, 9.81727055205e-09, 7.07427316726e-09, 3.28240923331e-09, 3.12997183727e-09, 2.97874569455e-09, 2.6855131452e-09, 1.38495315216e-09, 3.33450295154e-10, 5.07976494202e-10, 8.10283784514e-10, 4.6683795718e-10, 9.16705045206e-10, 3.83016285355e-10, 2.66707489427e-10, 7.76289518778e-11, 6.57527365888e-11, 4.55051656079e-11, 2.94588901883e-11, 1.7112429529e-11, 2.37696407696e-11, 3.82084502926e-11, 5.51901371826e-11, 4.65216441758e-11]}, "melbands_crest": {"dmean": 3.46475124359, "dmean2": 5.66505336761, "dvar": 9.35796070099, "dvar2": 23.1934013367, "max": 31.3169136047, "mean": 12.9819755554, "median": 12.314412117, "min": 2.42555904388, "var": 24.224697113}, "melbands_flatness_db": {"dmean": 0.0240040849894, "dmean2": 0.0349613912404, "dvar": 0.000552551297005, "dvar2": 0.00103926484007, "max": 0.558633506298, "mean": 0.155861631036, "median": 0.152303725481, "min": 0.00822516251355, "var": 0.00288616586477}, "melbands_kurtosis": {"dmean": 4.11016654968, "dmean2": 6.60041856766, "dvar": 62.4380722046, "dvar2": 155.246459961, "max": 266.7059021, "mean": 6.76845502853, "median": 3.71425104141, "min": -1.72011756897, "var": 129.717224121}, "melbands_skewness": {"dmean": 0.594687461853, "dmean2": 0.933422207832, "dvar": 0.4046690166, "dvar2": 0.95880061388, "max": 13.1491775513, "mean": 2.10732913017, "median": 1.92235004902, "min": -0.671194434166, "var": 1.36379754543}, "melbands_spread": {"dmean": 10.0699090958, "dmean2": 15.4543390274, "dvar": 114.163002014, "dvar2": 246.20022583, "max": 187.888305664, "mean": 38.2982292175, "median": 35.34765625, "min": 0.52203977108, "var": 430.322937012}, "mfcc": {"cov": [[9303.94628906, 14.6286449432, -205.593856812, -193.172744751, -332.531402588, -126.564666748, -202.569580078, -9.66988945007, -34.6569442749, -39.7395935059, -0.952228069305, -16.4932746887, -115.767196655], [14.6286449432, 836.201599121, -121.280540466, 32.5061607361, -98.1811294556, -3.96344184875, 42.4545440674, 32.7515983582, 13.0397672653, -16.0326900482, 35.3899116516, 24.5190200806, -19.9524936676], [-205.593856812, -121.280540466, 488.655822754, -199.363006592, 6.52549266815, 7.79492712021, 6.04560852051, 79.520149231, 5.52816200256, -2.83842301369, 28.9302196503, 8.2949962616, -5.18006372452], [-193.172744751, 32.5061607361, -199.363006592, 490.708618164, 146.881958008, 69.3679885864, -22.3786144257, -102.368560791, 30.4814300537, 24.6079998016, -47.8190231323, -8.18812847137, 57.1105575562], [-332.531402588, -98.1811294556, 6.52549266815, 146.881958008, 280.749664307, 46.7734031677, -57.851940155, -60.9352722168, -6.32444047928, 5.70958995819, -16.4093208313, -20.388885498, 30.5905132294], [-126.564666748, -3.96344184875, 7.79492712021, 69.3679885864, 46.7734031677, 113.903678894, 18.96459198, -10.6787080765, 8.76379871368, 8.86208152771, 2.11802577972, -3.1844933033, 14.0114526749], [-202.569580078, 42.4545440674, 6.04560852051, -22.3786144257, -57.851940155, 18.96459198, 116.707672119, 52.4839363098, 13.8419265747, 10.2197313309, 4.7380194664, 12.1945743561, 2.01085662842], [-9.66988945007, 32.7515983582, 79.520149231, -102.368560791, -60.9352722168, -10.6787080765, 52.4839363098, 165.533401489, 15.929605484, 4.06576299667, 29.0683422089, -3.99841403961, -8.70989608765], [-34.6569442749, 13.0397672653, 5.52816200256, 30.4814300537, -6.32444047928, 8.76379871368, 13.8419265747, 15.929605484, 76.0116119385, 22.9101753235, -7.20672988892, 6.35558462143, -1.83921194077], [-39.7395935059, -16.0326900482, -2.83842301369, 24.6079998016, 5.70958995819, 8.86208152771, 10.2197313309, 4.06576299667, 22.9101753235, 75.6479110718, 12.6463956833, -5.34350442886, 7.06320381165], [-0.952228069305, 35.3899116516, 28.9302196503, -47.8190231323, -16.4093208313, 2.11802577972, 4.7380194664, 29.0683422089, -7.20672988892, 12.6463956833, 79.8760299683, 27.588476181, -9.63294696808], [-16.4932746887, 24.5190200806, 8.2949962616, -8.18812847137, -20.388885498, -3.1844933033, 12.1945743561, -3.99841403961, 6.35558462143, -5.34350442886, 27.588476181, 68.7544555664, 5.86063575745], [-115.767196655, -19.9524936676, -5.18006372452, 57.1105575562, 30.5905132294, 14.0114526749, 2.01085662842, -8.70989608765, -1.83921194077, 7.06320381165, -9.63294696808, 5.86063575745, 65.9541244507]], "icov": [[0.000124424841488, 1.54345216288e-05, 6.23757805442e-05, 1.0287934856e-05, 0.000195104134036, -3.19919709e-05, 0.000334415322868, -6.11588984611e-05, 3.25926739606e-05, -1.75214499905e-05, 5.13536033395e-05, -2.44746079261e-05, 0.000129551088321], [1.54345216288e-05, 0.00138071586844, 0.000329701171722, -0.000255647028098, 0.000443613331299, -1.24234875329e-05, -0.000220579444431, -0.000193931657122, -0.000272018893156, 0.000586618087254, -0.000776696950197, -4.24086683779e-05, 0.000289969000733], [6.23757805442e-05, 0.000329701171722, 0.0028990553692, 0.00134405400604, -0.000569118943531, -0.000803607981652, 0.00052923563635, -0.00101224589162, -0.000626718683634, 0.000106185216282, -0.000100747463875, -0.000506868760567, -0.000440563337179], [1.0287934856e-05, -0.000255647028098, 0.00134405400604, 0.00392629951239, -0.00143025629222, -0.00142142886762, 0.000101563382486, 0.00103637599386, -0.00155270029791, -0.000614033953752, 0.0011278744787, -0.000230945050134, -0.00204672664404], [0.000195104134036, 0.000443613331299, -0.000569118943531, -0.00143025629222, 0.00578917050734, -0.00152576260734, 0.00265934155323, 0.000513504608534, 0.000503681891132, 8.43068773975e-05, -0.00044855455053, 0.00120547122788, -0.000871406402439], [-3.19919709e-05, -1.24234875329e-05, -0.000803607981652, -0.00142142886762, -0.00152576260734, 0.0112151661888, -0.00342580699362, 0.00124113052152, -0.000983291422017, 0.000503779272549, -0.00231136358343, 0.00180355831981, -0.0008779685013], [0.000334415322868, -0.000220579444431, 0.00052923563635, 0.000101563382486, 0.00265934155323, -0.00342580699362, 0.0133153125644, -0.00413390109316, 0.000301282445434, -0.00202594813891, 0.00274789542891, -0.00314632314257, -7.73747160565e-05], [-6.11588984611e-05, -0.000193931657122, -0.00101224589162, 0.00103637599386, 0.000513504608534, 0.00124113052152, -0.00413390109316, 0.00979240238667, -0.00293049751781, 0.00140883773565, -0.00421753805131, 0.00400711223483, -0.00143021089025], [3.25926739606e-05, -0.000272018893156, -0.000626718683634, -0.00155270029791, 0.000503681891132, -0.000983291422017, 0.000301282445434, -0.00293049751781, 0.0173626821488, -0.0060774423182, 0.00505470996723, -0.00449622049928, 0.00312211667188], [-1.75214499905e-05, 0.000586618087254, 0.000106185216282, -0.000614033953752, 8.43068773975e-05, 0.000503779272549, -0.00202594813891, 0.00140883773565, -0.0060774423182, 0.0171441081911, -0.00629470124841, 0.00482896855101, -0.00256551639177], [5.13536033395e-05, -0.000776696950197, -0.000100747463875, 0.0011278744787, -0.00044855455053, -0.00231136358343, 0.00274789542891, -0.00421753805131, 0.00505470996723, -0.00629470124841, 0.0202253721654, -0.00991413649172, 0.00357900676318], [-2.44746079261e-05, -4.24086683779e-05, -0.000506868760567, -0.000230945050134, 0.00120547122788, 0.00180355831981, -0.00314632314257, 0.00400711223483, -0.00449622049928, 0.00482896855101, -0.00991413649172, 0.0209435559809, -0.00416435301304], [0.000129551088321, 0.000289969000733, -0.000440563337179, -0.00204672664404, -0.000871406402439, -0.0008779685013, -7.73747160565e-05, -0.00143021089025, 0.00312211667188, -0.00256551639177, 0.00357900676318, -0.00416435301304, 0.0188736189157]], "mean": [-626.722595215, 102.983573914, -6.96368741989, 34.2437057495, 1.9413163662, 8.07619190216, -3.17632555962, 1.13539385796, 3.55147051811, 0.74359023571, 2.86252593994, 2.47181105614, 0.278891861439]}, "pitch_salience": {"dmean": 0.0743022039533, "dmean2": 0.119521819055, "dvar": 0.00425137579441, "dvar2": 0.0100452629849, "max": 0.848985850811, "mean": 0.561158001423, "median": 0.562909245491, "min": 0.0955193638802, "var": 0.0112686082721}, "silence_rate_20dB": {"dmean": 0, "dmean2": 0, "dvar": 0, "dvar2": 0, "max": 1, "mean": 1, "median": 1, "min": 1, "var": 0}, "silence_rate_30dB": {"dmean": 0, "dmean2": 0, "dvar": 0, "dvar2": 0, "max": 1, "mean": 1, "median": 1, "min": 1, "var": 0}, "silence_rate_60dB": {"dmean": 0.00567874545231, "dmean2": 0.0113590266556, "dvar": 0.00564657198265, "dvar2": 0.0125827640295, "max": 1, "mean": 0.0494795180857, "median": 0, "min": 0, "var": 0.0470320805907}, "spectral_centroid": {"dmean": 283.794677734, "dmean2": 428.685028076, "dvar": 85239.734375, "dvar2": 162212.4375, "max": 11253.1660156, "mean": 1984.69799805, "median": 2070.39355469, "min": 137.852859497, "var": 455726.5}, "spectral_complexity": {"dmean": 5.31963205338, "dmean2": 7.37579441071, "dvar": 33.6553421021, "dvar2": 54.3464889526, "max": 62, "mean": 23.4432868958, "median": 22, "min": 0, "var": 148.750091553}, "spectral_contrast_coeffs": {"dmean": [0.0497716069221, 0.0500429347157, 0.0391587279737, 0.0334058105946, 0.0253953617066, 0.0203229673207], "dmean2": [0.0828350409865, 0.0824465751648, 0.0643303543329, 0.0523558631539, 0.0399278029799, 0.0302773043513], "dvar": [0.00155061401892, 0.00161918590311, 0.000970055640209, 0.000790681224316, 0.000482776347781, 0.000343868974596], "dvar2": [0.00424701347947, 0.00419898005202, 0.00254987203516, 0.00181341753341, 0.00102672458161, 0.00070083909668], "max": [-0.380987554789, -0.448091298342, -0.556052029133, -0.52348613739, -0.583983659744, -0.582341492176], "mean": [-0.678467750549, -0.745333433151, -0.788817167282, -0.769833922386, -0.765093803406, -0.732959389687], "median": [-0.680632531643, -0.754974782467, -0.799921393394, -0.776586711407, -0.76787674427, -0.735303223133], "min": [-0.959218323231, -0.956203877926, -0.965461492538, -0.955906867981, -0.960131466389, -0.95843398571], "var": [0.00451533636078, 0.00580313196406, 0.00443698558956, 0.00331378472038, 0.00226843194105, 0.00218068226241]}, "spectral_contrast_valleys": {"dmean": [0.413492530584, 0.407822787762, 0.411647260189, 0.363772898912, 0.336319595575, 0.368733435869], "dmean2": [0.649118602276, 0.646793663502, 0.626864731312, 0.512055635452, 0.451765745878, 0.445222318172], "dvar": [0.133095011115, 0.152321502566, 0.166691303253, 0.144309937954, 0.142932802439, 0.191321343184], "dvar2": [0.282300561666, 0.300336360931, 0.322694063187, 0.242820307612, 0.220366388559, 0.293340951204], "max": [-5.44418668747, -4.58726787567, -5.35126209259, -5.48558616638, -5.51080608368, -7.28362083435], "mean": [-7.26153230667, -6.64596033096, -7.4015879631, -7.53357458115, -7.35945415497, -9.99969291687], "median": [-7.09592247009, -6.45873212814, -7.22091770172, -7.35464286804, -7.15156316757, -9.71838092804], "min": [-26.9156322479, -27.3857154846, -26.7548542023, -27.6127853394, -27.4269504547, -27.3369503021], "var": [1.28559195995, 1.46132540703, 1.5060107708, 1.46270501614, 1.52034246922, 1.69983375072]}, "spectral_decrease": {"dmean": 1.82923420855e-09, "dmean2": 2.63117971855e-09, "dvar": 4.13152727732e-18, "dvar2": 8.07116685051e-18, "max": 6.9714824164e-29, "mean": -5.39902123009e-09, "median": -4.74805750272e-09, "min": -2.07338999303e-08, "var": 1.10789097087e-17}, "spectral_energy": {"dmean": 0.00750139402226, "dmean2": 0.0106252552941, "dvar": 6.75535775372e-05, "dvar2": 0.000130883054226, "max": 0.0836851671338, "mean": 0.0227847956121, "median": 0.0201820973307, "min": 1.09455058969e-20, "var": 0.000189846803551}, "spectral_energyband_high": {"dmean": 0.000671746151056, "dmean2": 0.000917158497032, "dvar": 1.36237383686e-06, "dvar2": 2.61844274974e-06, "max": 0.0301727633923, "mean": 0.00164559553377, "median": 0.00107558001764, "min": 8.00992349009e-21, "var": 3.90845889342e-06}, "spectral_energyband_low": {"dmean": 0.00364318513311, "dmean2": 0.00567839667201, "dvar": 3.3219504985e-05, "dvar2": 7.15263086022e-05, "max": 0.0552744269371, "mean": 0.00662306975573, "median": 0.00428467569873, "min": 4.62918756868e-23, "var": 5.22172013007e-05}, "spectral_energyband_middle_high": {"dmean": 0.0022282237187, "dmean2": 0.00325947417878, "dvar": 7.95206960902e-06, "dvar2": 1.66568279383e-05, "max": 0.0384930074215, "mean": 0.00627467036247, "median": 0.0050861001946, "min": 1.62068713858e-21, "var": 2.39177243202e-05}, "spectral_energyband_middle_low": {"dmean": 0.00383478705771, "dmean2": 0.00585281010717, "dvar": 2.10507969314e-05, "dvar2": 4.75428787468e-05, "max": 0.0723133012652, "mean": 0.00897844787687, "median": 0.00694601517171, "min": 2.35395993144e-22, "var": 5.99122904532e-05}, "spectral_entropy": {"dmean": 0.169992357492, "dmean2": 0.2277276963, "dvar": 0.0314412526786, "dvar2": 0.0518400520086, "max": 9.79555034637, "mean": 7.74729204178, "median": 7.79731273651, "min": 5.94389867783, "var": 0.135081633925}, "spectral_flux": {"dmean": 0.0223999582231, "dmean2": 0.0342209860682, "dvar": 0.000534817168955, "dvar2": 0.00112318410538, "max": 0.266681909561, "mean": 0.0843737497926, "median": 0.0813825204968, "min": 1.0462077038e-10, "var": 0.00150968448725}, "spectral_kurtosis": {"dmean": 1.08470845222, "dmean2": 1.77585268021, "dvar": 1.42179882526, "dvar2": 3.75160861015, "max": 17.7323532104, "mean": 3.70662164688, "median": 3.5254278183, "min": -1.1840672493, "var": 3.23601365089}, "spectral_rms": {"dmean": 0.0007471551653, "dmean2": 0.00104371691123, "dvar": 5.71729515286e-07, "dvar2": 1.0421766774e-06, "max": 0.00903571024537, "mean": 0.0044434312731, "median": 0.00443732459098, "min": 3.26780399615e-12, "var": 2.48494825428e-06}, "spectral_rolloff": {"dmean": 621.162475586, "dmean2": 997.171630859, "dvar": 837970.5625, "dvar2": 1709386.25, "max": 19272.2167969, "mean": 2426.84667969, "median": 2368.65234375, "min": 64.599609375, "var": 2957098.5}, "spectral_skewness": {"dmean": 0.186644420028, "dmean2": 0.287015616894, "dvar": 0.0359172485769, "dvar2": 0.0791842415929, "max": 3.3960108757, "mean": 1.32001233101, "median": 1.33117258549, "min": -0.0735871344805, "var": 0.14408108592}, "spectral_spread": {"dmean": 546818.3125, "dmean2": 746100.4375, "dvar": 472571117568, "dvar2": 739952820224, "max": 41260016, "mean": 4713276.5, "median": 4539771, "min": 2110495, "var": 2010056097790.0}, "spectral_strongpeak": {"dmean": 0.620910346508, "dmean2": 1.08916127682, "dvar": 1.6