{"lowlevel": {"average_loudness": 0.649054765701, "barkbands": {"dmean": [0.000812525977381, 0.00302136060782, 0.00161093717907, 0.00116332049947, 0.00179729517549, 0.00115095207002, 0.000937112199608, 0.000601418898441, 0.00155265443027, 0.00127603684086, 0.00095007836353, 0.000881798216142, 0.000592194497585, 0.000243663816946, 0.000167142847204, 6.04184861004e-05, 3.46500382875e-05, 3.29433278239e-05, 2.56385756074e-05, 1.47346918311e-05, 7.03059868101e-06, 3.82218922823e-06, 2.17817773773e-06, 1.87515672678e-06, 1.86857027984e-06, 2.4058354029e-06, 0.000130770902615], "dmean2": [0.00137705390807, 0.00507079204544, 0.00270850164816, 0.00188084342517, 0.00281514343806, 0.00172736425884, 0.00147484778427, 0.000973288377281, 0.00231569493189, 0.00193654501345, 0.00146289367694, 0.00135444942862, 0.000908125541173, 0.00038273257087, 0.000260727130808, 9.45336578297e-05, 5.41645713383e-05, 5.18695414939e-05, 4.01806537411e-05, 2.36642426898e-05, 1.10647588372e-05, 6.22759080215e-06, 3.65068922292e-06, 3.14484486807e-06, 3.1267477425e-06, 3.9582437239e-06, 0.000198749010451], "dvar": [2.50665789281e-06, 2.95132813335e-05, 8.41302789922e-06, 3.75327772417e-06, 9.64292394201e-06, 7.90797730588e-06, 5.42972020412e-06, 2.13876319322e-06, 1.41775508382e-05, 8.15036491986e-06, 5.03781302541e-06, 4.17023511545e-06, 2.03575132218e-06, 3.80281022672e-07, 4.35913193542e-07, 3.76274407188e-08, 9.43146538646e-09, 1.05006874307e-08, 6.65232002817e-09, 2.2932071797e-09, 3.62014751509e-10, 9.74621841565e-11, 1.78291773706e-11, 1.25655276115e-11, 1.21238470652e-11, 1.79943959039e-11, 1.71711747043e-07], "dvar2": [6.70532608638e-06, 7.93435538071e-05, 2.38101001742e-05, 9.01168823475e-06, 2.17533761315e-05, 1.65204346558e-05, 1.2821305063e-05, 5.4112097132e-06, 3.10377399728e-05, 1.83335596375e-05, 1.14441127153e-05, 9.49283185037e-06, 4.43503131464e-06, 9.05811418761e-07, 9.4907352377e-07, 8.45466630039e-08, 2.29342287383e-08, 2.47145486298e-08, 1.52280286159e-08, 5.86191051255e-09, 8.29668167501e-10, 2.46007908489e-10, 4.4840443858e-11, 3.14593698314e-11, 3.02761322957e-11, 4.41850167565e-11, 3.85753594401e-07], "max": [0.0278972610831, 0.0778112709522, 0.0554803013802, 0.0398631542921, 0.0653430595994, 0.0793122127652, 0.0627846941352, 0.0488445237279, 0.100529506803, 0.0622491054237, 0.0528299286962, 0.0602256469429, 0.0416935309768, 0.0208757352084, 0.0319913625717, 0.00724986568093, 0.00247139669955, 0.00269253528677, 0.00194685335737, 0.00152638775762, 0.000613890471868, 0.000258127838606, 8.59689243953e-05, 8.24532617116e-05, 8.11578865978e-05, 8.56944679981e-05, 0.010371234268], "mean": [0.00121406069957, 0.00469915894791, 0.00249386229552, 0.00191760447342, 0.0036199844908, 0.00204768613912, 0.00147246639244, 0.000928530120291, 0.0026916929055, 0.00217154622078, 0.0015556900762, 0.00146940920968, 0.000975553644821, 0.000416072143707, 0.000258854444837, 9.04830594664e-05, 5.37051855645e-05, 4.72299507237e-05, 3.94558846892e-05, 2.21686459554e-05, 1.03298962131e-05, 4.91728860652e-06, 2.33847208619e-06, 1.89377271909e-06, 1.92743414118e-06, 2.7933583624e-06, 0.000245260423981], "median": [0.000388103711884, 0.00264753680676, 0.00106893654447, 0.000831278041005, 0.00166729209013, 0.000608541013207, 0.000488282355946, 0.000296883750707, 0.000610522693023, 0.000456776790088, 0.000328571186401, 0.000329048780259, 0.000183959244168, 0.000102809324744, 5.0648854085e-05, 2.04901225516e-05, 1.47198870764e-05, 1.10965702333e-05, 9.86808663583e-06, 6.0010688685e-06, 2.92004165203e-06, 1.5550332364e-06, 7.61933392823e-07, 5.73237286972e-07, 6.20680566499e-07, 1.07144489903e-06, 8.03637958597e-05], "min": [7.67966504197e-24, 1.11820048817e-22, 3.26613216548e-23, 1.2176380461e-23, 5.92812561967e-23, 5.23131720902e-23, 2.17782360495e-23, 5.75654837278e-23, 9.90637640825e-23, 8.47716870726e-23, 4.34332930463e-23, 1.5131589096e-22, 1.27460522616e-22, 8.05790680662e-23, 6.77586584068e-23, 2.05077481092e-22, 2.04400676301e-22, 1.52356379562e-22, 2.98571180365e-22, 4.73185024242e-22, 3.91000712587e-22, 4.92957084458e-22, 6.84522299633e-22, 7.45901282128e-22, 1.06283207041e-21, 1.89179437265e-21, 2.21004484319e-21], "var": [3.71143073608e-06, 3.94201088056e-05, 1.54268545884e-05, 9.91789602267e-06, 3.16471596307e-05, 2.22558246605e-05, 1.0385780115e-05, 4.37831022282e-06, 3.58877405233e-05, 2.14466454054e-05, 1.07085907075e-05, 9.63960155786e-06, 4.77083312944e-06, 9.10906123863e-07, 7.90106412296e-07, 6.94888413477e-08, 1.46682213042e-08, 1.41424409961e-08, 9.84825820893e-09, 2.7457582874e-09, 5.36397204431e-10, 1.19541057608e-10, 2.06016904924e-11, 1.42242008103e-11, 1.38746531625e-11, 2.27478574172e-11, 2.73098976322e-07]}, "barkbands_crest": {"dmean": 2.57407164574, "dmean2": 4.22004270554, "dvar": 5.32688331604, "dvar2": 13.7451581955, "max": 25.6544132233, "mean": 9.80244350433, "median": 8.95564651489, "min": 2.90405035019, "var": 15.2937145233}, "barkbands_flatness_db": {"dmean": 0.0304754097015, "dmean2": 0.0486855842173, "dvar": 0.000758590351325, "dvar2": 0.00200367369689, "max": 0.476208359003, "mean": 0.186004161835, "median": 0.180970460176, "min": 0.0191881321371, "var": 0.0030231392011}, "barkbands_kurtosis": {"dmean": 4.7740354538, "dmean2": 7.71130657196, "dvar": 81.5100860596, "dvar2": 202.316833496, "max": 227.053756714, "mean": 9.2801361084, "median": 4.46639680862, "min": -1.87387943268, "var": 214.123626709}, "barkbands_skewness": {"dmean": 0.612912654877, "dmean2": 0.958408236504, "dvar": 0.423383384943, "dvar2": 1.03210449219, "max": 11.7936210632, "mean": 1.72051525116, "median": 1.50723958015, "min": -2.094602108, "var": 2.28144264221}, "barkbands_spread": {"dmean": 3.94070482254, "dmean2": 6.13624429703, "dvar": 36.7747383118, "dvar2": 86.3622207642, "max": 135.892440796, "mean": 15.1564865112, "median": 12.8537664413, "min": 0.373006224632, "var": 158.949188232}, "dissonance": {"dmean": 0.0340623892844, "dmean2": 0.0578077398241, "dvar": 0.00103185616899, "dvar2": 0.0028750707861, "max": 0.500000178814, "mean": 0.442942887545, "median": 0.453381359577, "min": 0.179396569729, "var": 0.00192394980695}, "dynamic_complexity": 4.96581315994, "erbbands": {"dmean": [0.12723223865, 0.588398516178, 1.56418156624, 2.97069048882, 5.65056180954, 5.87884235382, 6.64280414581, 10.9220657349, 11.8935852051, 15.038064003, 13.5481557846, 33.3975715637, 31.3419284821, 46.2768440247, 37.6996307373, 35.434627533, 28.2911891937, 14.8182010651, 10.665687561, 3.82960057259, 3.14974355698, 1.90507757664, 1.76561057568, 1.46425437927, 1.12347781658, 0.696867465973, 0.377997785807, 0.227311104536, 0.145898506045, 0.0895339474082, 0.0590091086924, 0.0418835580349, 0.0299816392362, 0.0207133051008, 0.0134221399203, 0.00798043329269, 0.00458871852607, 0.00413406919688, 0.00631234887987, 0.00431005004793], "dmean2": [0.214688405395, 0.986402690411, 2.61319231987, 4.86828279495, 9.04421615601, 9.26727390289, 10.1010751724, 16.5004768372, 18.5549049377, 24.1181812286, 21.5782642365, 50.7846183777, 46.8600502014, 69.3274002075, 57.0381355286, 54.230266571, 42.8521957397, 22.8050537109, 16.4516544342, 5.93187952042, 4.84136724472, 2.92917370796, 2.77001142502, 2.26766109467, 1.78150546551, 1.11920177937, 0.594226956367, 0.361008197069, 0.23704841733, 0.14786426723, 0.0988860428333, 0.0703198462725, 0.0502515658736, 0.0346875116229, 0.0224321763963, 0.0132719604298, 0.0075264479965, 0.00647324789315, 0.00967747252434, 0.00639930088073], "dvar": [0.053669296205, 1.19528543949, 7.43639659882, 25.3039035797, 101.095024109, 146.011672974, 268.412963867, 819.29864502, 862.012634277, 1697.15881348, 1145.1685791, 7113.47509766, 5243.33642578, 11165.0087891, 8668.18847656, 6749.0234375, 4743.60986328, 1290.08911133, 1617.05981445, 89.170715332, 143.775604248, 27.8802528381, 29.0726394653, 22.3029117584, 12.3319444656, 5.10074043274, 1.10008692741, 0.399384796619, 0.148542776704, 0.0366127379239, 0.0130026740953, 0.00625365879387, 0.00321658188477, 0.00151487637777, 0.000616036937572, 0.000206430879189, 6.55950207147e-05, 0.000142294768011, 0.000511232006829, 0.000126316823298], "dvar2": [0.149652376771, 3.22709918022, 20.5539245605, 65.3822631836, 224.423294067, 342.281311035, 558.995239258, 1734.59411621, 1991.01843262, 4360.90039062, 2757.38525391, 15871.15625, 11221.5947266, 24561.0976562, 19689.8554688, 15533.8310547, 10265.3193359, 3018.27929688, 3541.73144531, 204.078369141, 310.517486572, 65.3482589722, 67.9563522339, 49.9135665894, 29.8352813721, 12.8225393295, 2.60497808456, 0.926139175892, 0.375391334295, 0.0923845246434, 0.032698687166, 0.0156484507024, 0.00805340521038, 0.00378777086735, 0.00153666140977, 0.000512373168021, 0.0001612349879, 0.00033733935561, 0.0011688740924, 0.000269803218544], "max": [3.53704667091, 15.0754518509, 46.6658821106, 105.482475281, 279.054443359, 351.330444336, 715.972167969, 933.688049316, 1032.11254883, 1825.2824707, 1274.09448242, 2855.69140625, 1522.31018066, 2377.87304688, 2673.51000977, 1753.7355957, 2197.24829102, 1152.58911133, 1926.94287109, 258.158721924, 499.516876221, 137.210662842, 124.976142883, 113.145576477, 72.7184371948, 70.2074127197, 22.1522483826, 28.1914348602, 10.0866184235, 4.61378765106, 2.39340901375, 1.81126999855, 1.32634675503, 0.909690737724, 0.576545894146, 0.328049510717, 0.16046911478, 0.445006787777, 0.507166087627, 0.280497431755], "mean": [0.177978217602, 0.91503983736, 2.56643509865, 5.32138252258, 10.2266778946, 11.2351570129, 11.9231462479, 19.1650867462, 19.3916320801, 23.3460693359, 24.0278987885, 57.7057609558, 57.0618782043, 82.7237625122, 66.8760070801, 62.9800300598, 49.479385376, 27.626083374, 18.1297168732, 7.05883646011, 4.87202644348, 3.05774760246, 2.6263449192, 2.29786419868, 1.72697556019, 1.04595148563, 0.592625617981, 0.321501523256, 0.188595160842, 0.105498023331, 0.0627507567406, 0.0425997786224, 0.0303110256791, 0.0211967211217, 0.0139825148508, 0.00856589060277, 0.00542839290574, 0.00640050508082, 0.0115648079664, 0.0110794035718], "median": [0.0834919661283, 0.521386563778, 1.27267324924, 2.52111387253, 4.60608291626, 4.59073877335, 4.38865995407, 5.3578042984, 6.92948436737, 7.54339551926, 8.049659729, 13.5274610519, 15.5811433792, 17.7310523987, 17.7197589874, 15.3138942719, 10.2859535217, 7.16858100891, 3.88821053505, 2.06540608406, 1.10363435745, 0.850537776947, 0.680819034576, 0.579247415066, 0.429649174213, 0.28257226944, 0.166964307427, 0.0946320295334, 0.0586417466402, 0.0360129252076, 0.0202651619911, 0.0129316551611, 0.00924789719284, 0.00668878993019, 0.00459746737033, 0.00296143838204, 0.00215303176083, 0.00234102550894, 0.00351793318987, 0.00652265874669], "min": [3.95027856343e-21, 2.27285192393e-20, 3.48687453594e-20, 4.33186570417e-20, 6.0788010414e-20, 2.69715757956e-19, 3.7616074545e-19, 4.10318729406e-19, 3.79078702609e-19, 5.21476475042e-19, 1.69837757345e-18, 2.64264539492e-18, 1.8465281027e-18, 2.12923899733e-18, 3.33603926276e-18, 6.09120541602e-18, 5.42862423279e-18, 3.62737847836e-18, 4.56958765407e-18, 6.21251889747e-18, 1.10795094146e-17, 1.29088689701e-17, 9.29773259668e-18, 1.18343886514e-17, 1.63355482029e-17, 2.06888740353e-17, 1.56744025916e-17, 1.92960243065e-17, 1.8532215655e-17, 1.78048757424e-17, 1.89541671029e-17, 1.29536053792e-17, 1.44582651114e-17, 1.23515568596e-17, 7.54716613043e-18, 7.89114587944e-18, 3.59703790708e-18, 9.92412214657e-19, 3.16671027319e-19, 3.36977031812e-20], "var": [0.064954392612, 1.55217659473, 13.2931404114, 74.4186782837, 313.702331543, 407.694732666, 802.740661621, 2094.99243164, 1702.94897461, 3262.92407227, 2660.48144531, 17620.1367188, 13949.1220703, 31340.8339844, 18681.0488281, 16469.8925781, 11289.203125, 3551.07861328, 3078.49316406, 223.455947876, 265.601074219, 45.5528907776, 40.1773719788, 33.8584976196, 17.4044914246, 6.19433546066, 1.67935359478, 0.551492214203, 0.182069063187, 0.0440260954201, 0.0149262091145, 0.00710256304592, 0.00364111363888, 0.00172356178518, 0.000709759769961, 0.000244067632593, 8.34906459204e-05, 0.000199526024517, 0.000749344413634, 0.000255116814515]}, "erbbands_crest": {"dmean": 2.90432047844, "dmean2": 4.67786169052, "dvar": 7.13405799866, "dvar2": 17.1240272522, "max": 32.3517608643, "mean": 10.6047010422, "median": 9.62666606903, "min": 1.98987174034, "var": 22.4742050171}, "erbbands_flatness_db": {"dmean": 0.0311649125069, "dmean2": 0.048662096262, "dvar": 0.000716457085218, "dvar2": 0.00178522255737, "max": 0.396035641432, "mean": 0.197780191898, "median": 0.200263589621, "min": 0.0325692743063, "var": 0.0031116057653}, "erbbands_kurtosis": {"dmean": 1.60106372833, "dmean2": 2.50064945221, "dvar": 6.12293434143, "dvar2": 14.1662597656, "max": 65.4472732544, "mean": 2.16396069527, "median": 1.02431106567, "min": -1.6942050457, "var": 17.0617198944}, "erbbands_skewness": {"dmean": 0.415473371744, "dmean2": 0.64458668232, "dvar": 0.146193131804, "dvar2": 0.335971713066, "max": 6.71258068085, "mean": 0.122940838337, "median": 0.0690139010549, "min": -4.35617542267, "var": 0.852597594261}, "erbbands_spread": {"dmean": 4.50074720383, "dmean2": 6.94690608978, "dvar": 23.4418067932, "dvar2": 53.4344558716, "max": 75.8410186768, "mean": 18.6342639923, "median": 16.1315402985, "min": 1.33824813366, "var": 130.635345459}, "gfcc": {"cov": [[23253.2128906, 3476.14892578, -1699.60900879, -1277.17871094, 537.769042969, -551.982788086, 743.592956543, -301.589233398, -155.552154541, -401.359771729, 266.527679443, -183.952178955, 248.695175171], [3476.14892578, 1701.91088867, -30.4179821014, -523.703491211, 166.375061035, -112.807174683, 204.900222778, -161.9400177, 37.6306533813, -160.247055054, 41.6318778992, -100.001922607, 62.7211875916], [-1699.60900879, -30.4179821014, 709.034973145, 273.5753479, -154.463989258, 128.976623535, -151.768371582, 118.214279175, 13.5893573761, 1.11984539032, -69.0996322632, 2.78673005104, -14.8890705109], [-1277.17871094, -523.703491211, 273.5753479, 493.265991211, 13.3443546295, -65.5238647461, -69.0389328003, 68.9390869141, -4.25952386856, 36.8370628357, -28.6324768066, 25.4610404968, -38.2845916748], [537.769042969, 166.375061035, -154.463989258, 13.3443546295, 288.528015137, -68.1921768188, 95.7254714966, -59.4542160034, 30.0092487335, -24.4938583374, 31.26978302, -8.16292572021, 26.657289505], [-551.982788086, -112.807174683, 128.976623535, -65.5238647461, -68.1921768188, 312.912963867, -81.1509628296, 53.4312171936, -12.0706996918, 12.6805028915, -29.7868461609, 12.9317560196, 11.9595785141], [743.592956543, 204.900222778, -151.768371582, -69.0389328003, 95.7254714966, -81.1509628296, 213.597015381, -14.6683034897, 8.56105422974, -41.4393310547, 18.8111419678, -7.16021776199, 1.8165345192], [-301.589233398, -161.9400177, 118.214279175, 68.9390869141, -59.4542160034, 53.4312171936, -14.6683034897, 153.044937134, 51.8985595703, 17.1915588379, -25.1719989777, 1.36301612854, 12.907491684], [-155.552154541, 37.6306533813, 13.5893573761, -4.25952386856, 30.0092487335, -12.0706996918, 8.56105422974, 51.8985595703, 126.751480103, 41.5630340576, -14.4074630737, -7.82744646072, 10.4123487473], [-401.359771729, -160.247055054, 1.11984539032, 36.8370628357, -24.4938583374, 12.6805028915, -41.4393310547, 17.1915588379, 41.5630340576, 98.4307250977, 32.5472068787, 8.821434021, -16.7243671417], [266.527679443, 41.6318778992, -69.0996322632, -28.6324768066, 31.26978302, -29.7868461609, 18.8111419678, -25.1719989777, -14.4074630737, 32.5472068787, 86.9629058838, 29.486076355, 8.1355676651], [-183.952178955, -100.001922607, 2.78673005104, 25.4610404968, -8.16292572021, 12.9317560196, -7.16021776199, 1.36301612854, -7.82744646072, 8.821434021, 29.486076355, 75.5885162354, 29.1629257202], [248.695175171, 62.7211875916, -14.8890705109, -38.2845916748, 26.657289505, 11.9595785141, 1.8165345192, 12.907491684, 10.4123487473, -16.7243671417, 8.1355676651, 29.1629257202, 74.2222976685]], "icov": [[0.000119316362543, -0.000514851300977, 0.000638694153167, -0.000491052225698, 0.000175947716343, -0.000122773868497, 0.00013290924835, -0.000558025552891, 0.000471117527923, -0.000218592438614, 0.000143182987813, -0.000120239048556, -0.00012330248137], [-0.000514851300977, 0.00511387689039, -0.00537395710126, 0.00546619528905, -0.00153413391672, 0.0017146570608, -0.00186911423225, 0.00506330933422, -0.00451307138428, 0.0047351163812, -0.0041524306871, 0.00407395046204, -0.000860415690113], [0.000638694153167, -0.00537395710126, 0.00875464361161, -0.00789345428348, 0.00345632014796, -0.00322753330693, 0.00276783364825, -0.00521645648405, 0.00260794092901, -0.00156049209181, 0.00235437648371, -0.00248243985698, 0.000203805888304], [-0.000491052225698, 0.00546619528905, -0.00789345428348, 0.0116343330592, -0.00544841121882, 0.00506091490388, -0.000958964868914, 0.00157985766418, -1.85672306543e-05, 0.000198846973944, 0.000626563793048, -0.000384916784242, 0.00246389233507], [0.000175947716343, -0.00153413391672, 0.00345632014796, -0.00544841121882, 0.00845563132316, -0.00270334468223, -0.00150416011456, 0.00324932206422, -0.00467106234282, 0.00400618975982, -0.00470598787069, 0.00367367034778, -0.00390928890556], [-0.000122773868497, 0.0017146570608, -0.00322753330693, 0.00506091490388, -0.00270334468223, 0.00641111237928, 0.000765978358686, -0.00160088820849, 0.00267137237824, -0.00234664976597, 0.00306338211522, -0.00177153816912, 0.000579732761253], [0.00013290924835, -0.00186911423225, 0.00276783364825, -0.000958964868914, -0.00150416011456, 0.000765978358686, 0.00863868370652, -0.00424246490002, 0.000714060908649, 0.00233634351753, -2.57104657067e-05, -0.00295388372615, 0.00372760090977], [-0.000558025552891, 0.00506330933422, -0.00521645648405, 0.00157985766418, 0.00324932206422, -0.00160088820849, -0.00424246490002, 0.018045483157, -0.0116872834042, 0.0069574280642, -0.00649954890832, 0.00758991204202, -0.00564636057243], [0.000471117527923, -0.00451307138428, 0.00260794092901, -1.85672306543e-05, -0.00467106234282, 0.00267137237824, 0.000714060908649, -0.0116872834042, 0.0231445021927, -0.0188480261713, 0.0150378579274, -0.00666993297637, -0.000510511861648], [-0.000218592438614, 0.0047351163812, -0.00156049209181, 0.000198846973944, 0.00400618975982, -0.00234664976597, 0.00233634351753, 0.0069574280642, -0.0188480261713, 0.0331338569522, -0.0221051108092, 0.00808854587376, 0.00354772130959], [0.000143182987813, -0.0041524306871, 0.00235437648371, 0.000626563793048, -0.00470598787069, 0.00306338211522, -2.57104657067e-05, -0.00649954890832, 0.0150378579274, -0.0221051108092, 0.0317694842815, -0.015217746608, 0.00155867193826], [-0.000120239048556, 0.00407395046204, -0.00248243985698, -0.000384916784242, 0.00367367034778, -0.00177153816912, -0.00295388372615, 0.00758991204202, -0.00666993297637, 0.00808854587376, -0.015217746608, 0.0279895476997, -0.0125890541822], [-0.00012330248137, -0.000860415690113, 0.000203805888304, 0.00246389233507, -0.00390928890556, 0.000579732761253, 0.00372760090977, -0.00564636057243, -0.000510511861648, 0.00354772130959, 0.00155867193826, -0.0125890541822, 0.0237729549408]], "mean": [-79.8073501587, 130.619506836, -76.4645462036, -26.7864665985, -17.4457950592, -7.62540435791, -0.227086991072, -14.0657176971, -11.3548336029, -10.8352050781, -3.01610994339, -9.35047245026, -3.68954157829]}, "hfc": {"dmean": 60.9900436401, "dmean2": 96.6830825806, "dvar": 11643.2089844, "dvar2": 27883.28125, "max": 1792.86437988, "mean": 156.717376709, "median": 127.039726257, "min": 1.18274413268e-16, "var": 23873.5}, "melbands": {"dmean": [0.000955766474362, 0.000750396109652, 0.000553936697543, 0.000418101582909, 0.000229935409152, 0.000236164196394, 0.000182525502169, 0.000154849738465, 0.000124649915961, 0.000224530085688, 0.000160538154887, 0.000196233086172, 0.00013090777793, 9.69444445218e-05, 8.33328231238e-05, 5.34658793185e-05, 2.74380308838e-05, 1.77710771823e-05, 8.91354284249e-06, 4.07824200011e-06, 3.71585224457e-06, 1.9581405013e-06, 1.95980692297e-06, 1.51903157075e-06, 1.20894173961e-06, 1.0297743529e-06, 6.23959635959e-07, 4.59025159216e-07, 2.71371732197e-07, 1.84278803772e-07, 1.19113423125e-07, 8.85912783133e-08, 6.40270485519e-08, 4.49607213682e-08, 3.49144961831e-08, 2.87407821986e-08, 2.43837430247e-08, 2.12971240643e-08, 1.88830195924e-08, 1.69820513207e-08], "dmean2": [0.00159820704721, 0.00125049229246, 0.000906226807274, 0.000654124480207, 0.000354761665221, 0.000356612639735, 0.000283627188765, 0.000249463832006, 0.000197092522285, 0.000338045763783, 0.000240847090026, 0.000294339086395, 0.000199427100597, 0.000148695558892, 0.000127787090605, 8.1603473518e-05, 4.27194609074e-05, 2.76290957117e-05, 1.39864087032e-05, 6.41296583126e-06, 5.76000138608e-06, 3.04519494421e-06, 3.14672979584e-06, 2.402170594e-06, 1.89149227481e-06, 1.63439688095e-06, 1.01621685644e-06, 7.45343527342e-07, 4.32751221524e-07, 2.93503120474e-07, 1.91085945289e-07, 1.44950845993e-07, 1.05047938348e-07, 7.51015036826e-08, 5.86603690067e-08, 4.82091024878e-08, 4.09545890534e-08, 3.5724600167e-08, 3.16355688312e-08, 2.8447294298e-08], "dvar": [2.99572957374e-06, 1.63310005519e-06, 7.2698776421e-07, 5.66643166167e-07, 2.53961587759e-07, 3.46337202473e-07, 1.95674928705e-07, 1.6452742102e-07, 1.00034121431e-07, 2.94452064509e-07, 1.3678823052e-07, 2.07283065379e-07, 1.01898883997e-07, 4.60446152317e-08, 4.44369909758e-08, 1.8023202486e-08, 4.80195083696e-09, 3.77918896177e-09, 8.52739767687e-10, 1.05102593295e-10, 2.22074816869e-10, 3.12678147263e-11, 3.50382604875e-11, 2.41213628932e-11, 1.53106260309e-11, 1.02026226009e-11, 4.71833292923e-12, 2.0706129953e-12, 5.51142410789e-13, 2.66547959919e-13, 1.11253325617e-13, 6.13033048261e-14, 2.32839785728e-14, 8.5365259444e-15, 4.67746713012e-15, 2.96677715523e-15, 2.13307100085e-15, 1.62704483607e-15, 1.27192108486e-15, 1.01491614795e-15], "dvar2": [8.17008367449e-06, 4.43738554168e-06, 1.83616793947e-06, 1.25112137539e-06, 5.61843762625e-07, 7.35518597139e-07, 4.47511155244e-07, 4.2323353e-07, 2.36580959267e-07, 6.50811387004e-07, 2.94387945132e-07, 4.57142903088e-07, 2.30884481311e-07, 1.03862582534e-07, 9.90235164977e-08, 4.05324804831e-08, 1.12008731179e-08, 8.43457215183e-09, 1.89985160937e-09, 2.55871684951e-10, 4.82604289864e-10, 7.35708508004e-11, 8.5530083016e-11, 5.77778901112e-11, 3.4523869874e-11, 2.495253483e-11, 1.22677623268e-11, 5.23653126069e-12, 1.35253852389e-12, 6.29586823214e-13, 2.63793625615e-13, 1.57847408646e-13, 5.92815862588e-14, 2.1603607507e-14, 1.18030373547e-14, 7.44092186142e-15, 5.34513492156e-15, 4.07510092023e-15, 3.18235847525e-15, 2.53739497844e-15], "max": [0.0271402318031, 0.0194353088737, 0.0159388333559, 0.0169055275619, 0.0186962019652, 0.0180901307613, 0.0139363380149, 0.0172414593399, 0.00920763704926, 0.0155981779099, 0.00774705177173, 0.00995456799865, 0.00730242067948, 0.00679268920794, 0.00486646220088, 0.00309724151157, 0.0026353248395, 0.00280079152435, 0.00131533318199, 0.00023246773344, 0.000614988501184, 0.000142598160892, 0.000117919305922, 0.000145535712363, 9.54578645178e-05, 8.00443231128e-05, 6.49158610031e-05, 4.17662231484e-05, 1.4507440028e-05, 1.78292575583e-05, 1.49772831719e-05, 6.8518261287e-06, 3.16641489917e-06, 1.82495114132e-06, 1.40767042467e-06, 1.20627305478e-06, 1.06832635538e-06, 9.42703422879e-07, 8.34577861042e-07, 7.43706209505e-07], "mean": [0.00151347881183, 0.00130774429999, 0.00105001800694, 0.000822018308099, 0.000432204862591, 0.000419018877437, 0.000298697472317, 0.000241575238761, 0.000215093401494, 0.000383376842365, 0.000281947141048, 0.000337395467795, 0.000221679540118, 0.000169335384271, 0.000139795811265, 8.96009369171e-05, 4.64147742605e-05, 2.92162931146e-05, 1.45010917549e-05, 6.55420717521e-06, 5.34826313014e-06, 3.06737319988e-06, 2.68439089268e-06, 2.20273250306e-06, 1.80817914952e-06, 1.51178153374e-06, 8.72612190506e-07, 6.6711868385e-07, 4.06350608273e-07, 2.64004086148e-07, 1.56690759923e-07, 1.12920318429e-07, 7.71863213345e-08, 5.06836848047e-08, 3.69008006373e-08, 2.95253421712e-08, 2.45119355924e-08, 2.14387263497e-08, 1.91746849509e-08, 1.73817280569e-08], "median": [0.000838533393107, 0.00078649824718, 0.000551139994059, 0.00036155199632, 0.000163935401361, 0.00012049722136, 0.000106741652417, 7.52725754865e-05, 6.41701481072e-05, 8.55516409501e-05, 7.03828045516e-05, 6.47139459033e-05, 5.20507928741e-05, 4.30984728155e-05, 2.73827481578e-05, 1.74998567672e-05, 1.09958245957e-05, 5.82360553381e-06, 3.3856194932e-06, 1.79231028596e-06, 1.06222591967e-06, 8.35821310829e-07, 6.67824849643e-07, 5.18403908245e-07, 4.42945008672e-07, 3.44974864674e-07, 2.27875503356e-07, 1.70991214077e-07, 1.07503879576e-07, 7.05211675722e-08, 4.55379840503e-08, 3.42486430327e-08, 2.44343816291e-08, 1.70489080631e-08, 1.16886029744e-08, 9.08212083317e-09, 7.2890777858e-09, 6.4570704339e-09, 5.93309490426e-09, 5.47587841737e-09], "min": [3.40395058325e-23, 2.22409424134e-23, 8.19777231844e-24, 1.00934926372e-23, 1.40094833677e-23, 9.05708796882e-24, 5.88752531546e-24, 6.2312402949e-24, 1.67170417434e-23, 1.47163390264e-23, 9.55186073972e-24, 9.64838891552e-24, 8.50019792367e-24, 1.22616863016e-23, 2.23773333085e-23, 8.02849065678e-24, 6.3012576167e-24, 7.57691669792e-24, 5.98067361672e-24, 1.19262587004e-23, 1.28166191828e-23, 1.33133009971e-23, 1.1454395239e-23, 5.65460072256e-24, 9.95471070477e-24, 1.1167014789e-23, 1.15577249736e-23, 1.56842524245e-23, 1.09160134484e-23, 1.00055449015e-23, 1.0831432571e-23, 1.13415936516e-23, 8.71435788222e-24, 1.04828144266e-23, 1.14837148323e-23, 8.91277769913e-24, 7.20140470754e-24, 9.81629638148e-24, 1.02027238402e-23, 1.04951522112e-23], "var": [4.04826778322e-06, 2.74437343251e-06, 2.13077510125e-06, 1.84790860658e-06, 7.59305066822e-07, 9.21374294194e-07, 3.97789079898e-07, 3.28925892745e-07, 2.36405355736e-07, 7.24937194718e-07, 3.59249440862e-07, 5.64647166357e-07, 2.16328828628e-07, 1.11534902203e-07, 9.47679268393e-08, 4.34461782106e-08, 1.18790497439e-08, 7.36466976292e-09, 1.70518088538e-09, 2.03133690424e-10, 3.90803001071e-10, 5.07438986663e-11, 4.4314614478e-11, 3.11660142138e-11, 2.25862627212e-11, 1.44439156816e-11, 5.06504040099e-12, 2.53326374634e-12, 8.11206462246e-13, 3.77440266541e-13, 1.42163434887e-13, 7.08333877122e-14, 2.84327513519e-14, 9.95147838917e-15, 5.29291068168e-15, 3.37011942164e-15, 2.40443621671e-15, 1.83779997412e-15, 1.44145314107e-15, 1.15485107303e-15]}, "melbands_crest": {"dmean": 3.45863676071, "dmean2": 5.72566747665, "dvar": 9.71878242493, "dvar2": 26.2510967255, "max": 36.2356338501, "mean": 13.8986339569, "median": 12.9455089569, "min": 1.78314137459, "var": 33.3860588074}, "melbands_flatness_db": {"dmean": 0.0377025492489, "dmean2": 0.0604447573423, "dvar": 0.00113152700942, "dvar2": 0.00301693193614, "max": 0.655115246773, "mean": 0.305507212877, "median": 0.302820533514, "min": 0.00542195141315, "var": 0.00599440839142}, "melbands_kurtosis": {"dmean": 4.75785017014, "dmean2": 7.7542014122, "dvar": 109.735565186, "dvar2": 294.920654297, "max": 358.067047119, "mean": 7.7202539444, "median": 2.37796926498, "min": -1.85116660595, "var": 270.285797119}, "melbands_skewness": {"dmean": 0.633762896061, "dmean2": 0.992046177387, "dvar": 0.432891219854, "dvar2": 1.08115708828, "max": 15.9392795563, "mean": 1.73685491085, "median": 1.49243617058, "min": -2.66787481308, "var": 2.38541793823}, "melbands_spread": {"dmean": 3.55231499672, "dmean2": 5.56357955933, "dvar": 17.0109519958, "dvar2": 40.6956825256, "max": 190.200286865, "mean": 16.8997592926, "median": 13.8724899292, "min": 0.509448587894, "var": 383.385650635}, "mfcc": {"cov": [[12708.5966797, 2482.56762695, -1918.89001465, -4.0428776741, -431.604736328, 79.3595809937, 229.058456421, -37.2632217407, -164.675491333, -51.0653533936, 66.3830566406, -23.951341629, -49.5891914368], [2482.56762695, 2056.93457031, -228.029510498, -227.479873657, -65.24269104, 72.6476211548, 87.6176071167, -17.2784290314, -11.4194507599, 8.23198127747, -5.53468084335, -39.5684738159, -11.7723999023], [-1918.89001465, -228.029510498, 950.36932373, 0.870393931866, 135.487426758, -21.9894580841, -76.5459136963, 43.9670906067, 49.3246765137, 33.0539932251, -22.3170471191, 3.47445011139, -4.89423513412], [-4.0428776741, -227.479873657, 0.870393931866, 541.0546875, 47.9997138977, -66.2244567871, 1.48643398285, -4.96180772781, -1.93402016163, -15.5843992233, 21.3226928711, 19.5599422455, 2.91990423203], [-431.604736328, -65.24269104, 135.487426758, 47.9997138977, 205.186904907, 47.8767242432, -22.0906410217, 7.84093570709, 25.8517723083, 14.3578443527, -16.1762771606, 8.78907966614, 12.7266750336], [79.3595809937, 72.6476211548, -21.9894580841, -66.2244567871, 47.8767242432, 128.885574341, 39.208656311, -1.15793609619, -9.44026374817, -15.0129165649, -5.61391925812, -1.0438477993, 5.61379861832], [229.058456421, 87.6176071167, -76.5459136963, 1.48643398285, -22.0906410217, 39.208656311, 121.632553101, 34.1917037964, -26.1120891571, -25.4528541565, -12.8665904999, -2.56820464134, 1.20211529732], [-37.2632217407, -17.2784290314, 43.9670906067, -4.96180772781, 7.84093570709, -1.15793609619, 34.1917037964, 94.0903244019, 59.094329834, 1.6293694973, -13.9301319122, -2.78151202202, 0.467349499464], [-164.675491333, -11.4194507599, 49.3246765137, -1.93402016163, 25.8517723083, -9.44026374817, -26.1120891571, 59.094329834, 115.482688904, 53.0556983948, -1.30237424374, -4.22630786896, -4.53057575226], [-51.0653533936, 8.23198127747, 33.0539932251, -15.5843992233, 14.3578443527, -15.0129165649, -25.4528541565, 1.6293694973, 53.0556983948, 93.4377746582, 41.9562263489, -4.73857116699, -6.93034648895], [66.3830566406, -5.53468084335, -22.3170471191, 21.3226928711, -16.1762771606, -5.61391925812, -12.8665904999, -13.9301319122, -1.30237424374, 41.9562263489, 75.8326339722, 30.061416626, -1.99240958691], [-23.951341629, -39.5684738159, 3.47445011139, 19.5599422455, 8.78907966614, -1.0438477993, -2.56820464134, -2.78151202202, -4.22630786896, -4.73857116699, 30.061416626, 59.1501274109, 27.0141658783], [-49.5891914368, -11.7723999023, -4.89423513412, 2.91990423203, 12.7266750336, 5.61379861832, 1.20211529732, 0.467349499464, -4.53057575226, -6.93034648895, -1.99240958691, 27.0141658783, 50.7284469604]], "icov": [[0.000172753760125, -0.000198087611352, 0.000330897280946, -0.000173516702489, 0.000263656751486, -0.000293657853035, 0.000458696711576, -0.000762584735639, 0.000834456877783, -0.000736941990908, 0.000628117821179, -0.000609188806266, 0.000450249266578], [-0.000198087611352, 0.000783176685218, -0.000318592967233, 0.000448473729193, -0.000319874205161, 0.000358285702532, -0.00116039067507, 0.0014948170865, -0.00151878898032, 0.00116837781388, -0.00115657574497, 0.00129096279852, -0.000723033619579], [0.000330897280946, -0.000318592967233, 0.00200114259496, -0.000344339030562, -0.000110340770334, -0.000622776453383, 0.00223791250028, -0.00326030072756, 0.00310323829763, -0.00296222325414, 0.00275911088102, -0.00236184266396, 0.00177459453698], [-0.000173516702489, 0.000448473729193, -0.000344339030562, 0.00282360450365, -0.00201470940374, 0.00299349660054, -0.00268275104463, 0.00312493438832, -0.00363745330833, 0.00460061337799, -0.00453263381496, 0.00274537759833, -0.00138867902569], [0.000263656751486, -0.000319874205161, -0.000110340770334, -0.00201470940374, 0.00871749222279, -0.00598200364038, 0.00442223763093, -0.00399835500866, 0.00445287581533, -0.00773852644488, 0.00861374195665, -0.00630102166906, 0.00173006672412], [-0.000293657853035, 0.000358285702532, -0.000622776453383, 0.00299349660054, -0.00598200364038, 0.0145499585196, -0.00872233137488, 0.00830298475921, -0.00878721661866, 0.0109456786886, -0.0102750938386, 0.0077239270322, -0.00422167917714], [0.000458696711576, -0.00116039067507, 0.00223791250028, -0.00268275104463, 0.00442223763093, -0.00872233137488, 0.0208482928574, -0.0189436003566, 0.0182607602328, -0.0130666950718, 0.0126237068325, -0.0092287985608, 0.00534184044227], [-0.000762584735639, 0.0014948170865, -0.00326030072756, 0.00312493438832, -0.00399835500866, 0.00830298475921, -0.0189436003566, 0.0370038747787, -0.0313675105572, 0.0222137887031, -0.0157514307648, 0.0126152299345, -0.00780397001654], [0.000834456877783, -0.00151878898032, 0.00310323829763, -0.00363745330833, 0.00445287581533, -0.00878721661866, 0.0182607602328, -0.0313675105572, 0.0420457608998, -0.0331697911024, 0.025528550148, -0.0187623538077, 0.0109012341127], [-0.000736941990908, 0.00116837781388, -0.00296222325414, 0.00460061337799, -0.00773852644488, 0.0109456786886, -0.0130666950718, 0.0222137887031, -0.0331697911024, 0.0477977208793, -0.0389618314803, 0.0282260775566, -0.0131585206836], [0.000628117821179, -0.00115657574497, 0.00275911088102, -0.00453263381496, 0.00861374195665, -0.0102750938386, 0.0126237068325, -0.0157514307648, 0.025528550148, -0.0389618314803, 0.0521266534925, -0.0370398312807, 0.0184238422662], [-0.000609188806266, 0.00129096279852, -0.00236184266396, 0.00274537759833, -0.00630102166906, 0.0077239270322, -0.0092287985608, 0.0126152299345, -0.0187623538077, 0.0282260775566, -0.0370398312807, 0.049373742193, -0.0254203528166], [0.000450249266578, -0.000723033619579, 0.00177459453698, -0.00138867902569, 0.00173006672412, -0.00422167917714, 0.00534184044227, -0.00780397001654, 0.0109012341127, -0.0131585206836, 0.0184238422662, -0.0254203528166, 0.0336512625217]], "mean": [-743.059082031, 199.138153076, -1.86378240585, 6.24475479126, -2.04494047165, 10.0694770813, 13.1520814896, 4.35075759888, 0.264381706715, 1.135420084, 0.458548814058, -1.84081828594, -1.21936929226]}, "pitch_salience": {"dmean": 0.0735383406281, "dmean2": 0.120704606175, "dvar": 0.00402793148533, "dvar2": 0.0109162349254, "max": 0.973437905312, "mean": 0.548982858658, "median": 0.555708408356, "min": 0.104140900075, "var": 0.0141009250656}, "silence_rate_20dB": {"dmean": 0, "dmean2": 0, "dvar": 0, "dvar2": 0, "max": 1, "mean": 1, "median": 1, "min": 1, "var": 0}, "silence_rate_30dB": {"dmean": 0.0211378894746, "dmean2": 0.0422799549997, "dvar": 0.020690234378, "dvar2": 0.0493889190257, "max": 1, "mean": 0.972839534283, "median": 1, "min": 0, "var": 0.0264200568199}, "silence_rate_60dB": {"dmean": 0.0134334256873, "dmean2": 0.0268695056438, "dvar": 0.0132552590221, "dvar2": 0.0318737775087, "max": 1, "mean": 0.113382719457, "median": 0, "min": 0, "var": 0.100524604321}, "spectral_centroid": {"dmean": 105.844230652, "dmean2": 162.666610718, "dvar": 22071.3164062, "dvar2": 42524.9257812, "max": 10792.7578125, "mean": 730.585327148, "median": 643.773132324, "min": 136.701919556, "var": 303085.9375}, "spectral_complexity": {"dmean": 2.33721852303, "dmean2": 3.63706421852, "dvar": 7.53915977478, "dvar2": 15.0169153214, "max": 48, "mean": 13.1117038727, "median": 13, "min": 0, "var": 54.2952079773}, "spectral_contrast_coeffs": {"dmean": [0.0502426102757, 0.0467978939414, 0.0391890704632, 0.0331025905907, 0.02644296363, 0.0284350179136], "dmean2": [0.0838911756873, 0.0768883377314, 0.0637893527746, 0.0532076656818, 0.043061748147, 0.0468072071671], "dvar": [0.00161552999634, 0.00140769884456, 0.00102514657192, 0.000717848364729, 0.000548008771148, 0.00102702481672], "dvar2": [0.00441357819363, 0.00372291379608, 0.00267627742141, 0.00182093551848, 0.00137434958015, 0.00254940381274], "max": [-0.356984019279, -0.480965912342, -0.526318430901, -0.574127733707, -0.619928538799, -0.565027952194], "mean": [-0.670658826828, -0.768969416618, -0.774782478809, -0.794762849808, -0.849312901497, -0.827266395092], "median": [-0.671606719494, -0.775050103664, -0.778338015079, -0.794903516769, -0.842192947865, -0.843794047832], "min": [-0.968906223774, -0.982791185379, -0.968369483948, -0.986452877522, -0.969492971897, -0.961268663406], "var": [0.00731652369723, 0.00540730729699, 0.00475794356316, 0.00460880901664, 0.00245063961484, 0.00274990615435]}, "spectral_contrast_valleys": {"dmean": [0.375508546829, 0.355700165033, 0.322233766317, 0.341671675444, 0.447407484055, 0.710076749325], "dmean2": [0.621407985687, 0.57217168808, 0.504058301449, 0.524177253246, 0.705447256565, 1.16269886494], "dvar": [0.101223006845, 0.0929665639997, 0.0897585302591, 0.116790384054, 0.220016285777, 0.387178868055], "dvar2": [0.252485245466, 0.205772712827, 0.188861936331, 0.260741472244, 0.533117771149, 0.986334204674], "max": [-5.14789247513, -4.5929350853, -4.65516662598, -5.74555397034, -5.9715385437, -8.83459949493], "mean": [-7.24261713028, -6.83861732483, -7.18348169327, -8.22226810455, -8.80376243591, -11.5967626572], "median": [-6.88094902039, -6.49346256256, -6.80168914795, -7.89403629303, -8.50692749023, -11.3981466293], "min": [-27.1473903656, -27.5386123657, -27.3697719574, -27.4429321289, -27.0649108887, -27.2381725311], "var": [2.70130729675, 2.59952569008, 3.10749602318, 2.37191200256, 2.07070875168, 1.59371304512]}, "spectral_decrease": {"dmean": 1.92436977464e-09, "dmean2": 3.01654989876e-09, "dvar": 6.52958301653e-18, "dvar2": 1.6576371912e-17, "max": 8.98771457258e-09, "mean": -5.44846434636e-09, "median": -4.170672252e-09, "min": -3.87460339368e-08, "var": 2.73619782648e-17}, "spectral_energy": {"dmean": 0.00967844948173, "dmean2": 0.0145025607198, "dvar": 0.000160906143719, "dvar2": 0.000361514976248, "max": 0.199287250638, "mean": 0.0347785018384, "median": 0.029389128089, "min": 1.07709514006e-20, "var": 0.000855547143146}, "spectral_energyband_high": {"dmean": 0.000106691382825, "dmean2": 0.000163368851645, "dvar": 1.26743955775e-07, "dvar2": 2.88279778715e-07, "max": 0.0100553557277, "mean": 0.000185229480849, "median": 5.565428728e-05, "min": 7.509817685e-21, "var": 1.86278541037e-07}, "spectral_energyband_low": {"dmean": 0.00450985273346, "dmean2": 0.00745427189395, "dvar": 4.9948303058e-05, "dvar2": 0.000132138069603, "max": 0.114286594093, "mean": 0.00916803255677, "median": 0.00668194890022, "min": 1.55387978331e-22, "var": 9.79764154181e-05}, "spectral_energyband_middle_high": {"dmean": 0.00261631188914, "dmean2": 0.00375051354058, "dvar": 2.16286152863e-05, "dvar2": 4.51745581813e-05, "max": 0.0951008275151, "mean": 0.00688257720321, "median": 0.00250271963887, "min": 1.57024810436e-21, "var": 9.93975772872e-05}, "spectral_energyband_middle_low": {"dmean": 0.00454615103081, "dmean2": 0.00684377318248, "dvar": 4.1314309783e-05, "dvar2": 9.34946729103e-05, "max": 0.116552069783, "mean": 0.0130610717461, "median": 0.00919265858829, "min": 3.09163297781e-22, "var": 0.000180507762707}, "spectral_entropy": {"dmean": 0.26152780652, "dmean2": 0.41003036499, "dvar": 0.0660006329417, "dvar2": 0.169292464852, "max": 9.79382610321, "mean": 6.94256734848, "median": 6.92921924591, "min": 4.17401838303, "var": 0.290983706713}, "spectral_flux": {"dmean": 0.0203371886164, "dmean2": 0.0314399078488, "dvar": 0.000515676336363, "dvar2": 0.00109706982039, "max": 0.293955028057, "mean": 0.0866549313068, "median": 0.0815578773618, "min": 1.03783197314e-10, "var": 0.00273891654797}, "spectral_kurtosis": {"dmean": 13.3626594543, "dmean2": 21.8078842163, "dvar": 262.446899414, "dvar2": 696.917541504, "max": 176.828155518, "mean": 32.8942146301, "median": 27.7332248688, "min": -1.20811092854, "var": 449.951660156}, "spectral_rms": {"dmean": 0.000753462314606, "dmean2": 0.00112092215568, "dvar": 6.38206302028e-07, "dvar2": 1.38003474603e-06, "max": 0.0139436936006, "mean": 0.00519964331761, "median": 0.00535465404391, "min": 3.24164241457e-12, "var": 6.89375838192e-06}, "spectral_rolloff": {"dmean": 4547.96337891, "dmean2": 8897.34375, "dvar": 65183060, "dvar2": 158928304, "max": 22050, "mean": 13506.65625, "median": 21102.5390625, "min": 21.533203125, "var": 98791232}, "spectral_skewness": {"dmean": 0.803240001202, "dmean2": 1.29231202602, "dvar": 0.760533988476, "dvar2": 2.02961039543, "max": 11.0090713501, "mean": 4.1299071312, "median": 3.92360186577, "min": 0.013901617378, "var": 1.81239449978}, "spectral_spread": {"dmean": 675370.625, "dmean2": 1086310.5, "dvar": 467273056256, "dvar2": 1072430579710.0, "max": 39607016, "mean": 3229288.5, "median": 2951683, "min": 806216.562