{"lowlevel": {"average_loudness": 0.778710484505, "barkbands": {"dmean": [2.29743782256e-05, 0.00129169458523, 0.000939460122027, 0.000598147395067, 0.000981090473942, 0.000387554639019, 0.00042961872532, 0.000355679367203, 0.000701784389094, 0.000597839883994, 0.000599949504249, 0.00115783140063, 0.000612946576439, 0.00054164865287, 0.000315352983307, 0.000343560939655, 0.000179391965503, 0.000150630512508, 0.000122625380754, 8.70803996804e-05, 0.00010998241487, 7.96771273599e-05, 7.80628906796e-05, 3.67273132724e-05, 7.68319441704e-05, 3.18760357914e-05, 7.46353009617e-07], "dmean2": [4.09476633649e-05, 0.00202219886705, 0.00165458081756, 0.000992200453766, 0.00157961144578, 0.00060468853917, 0.00066308688838, 0.00055670767324, 0.00106968416367, 0.000883828208316, 0.000904396758415, 0.00173748459201, 0.00095787626924, 0.000853901146911, 0.000480662827613, 0.00054291181732, 0.000277312501566, 0.000238000706304, 0.000186109769857, 0.000133892215672, 0.000165430275956, 0.000118781135825, 0.000115911083412, 5.06745564053e-05, 0.00011185832409, 4.53110224043e-05, 1.25494466374e-06], "dvar": [2.29676522245e-09, 1.10114315248e-05, 5.92204469285e-06, 1.63479819548e-06, 4.30984619015e-06, 8.49454522722e-07, 1.48626247665e-06, 1.26054032989e-06, 4.72863803225e-06, 5.72273620492e-06, 6.54281257084e-06, 2.21713344217e-05, 4.29805550084e-06, 4.24384688813e-06, 1.25563792608e-06, 7.57531438467e-07, 1.46069467633e-07, 1.37109594789e-07, 4.78896460265e-08, 2.2776109887e-08, 6.1076775637e-08, 2.52471394901e-08, 3.53707214629e-08, 5.41775291296e-09, 3.48661792771e-08, 5.5636362184e-09, 4.58789863739e-12], "dvar2": [6.54013687651e-09, 2.26104348258e-05, 1.66220088431e-05, 4.1923203753e-06, 1.10693472379e-05, 1.94794256458e-06, 3.30126090375e-06, 2.84530506178e-06, 9.77273248282e-06, 1.04306946014e-05, 1.33825878947e-05, 4.79293994431e-05, 9.7593974715e-06, 1.0021097296e-05, 2.82000701191e-06, 1.80939616712e-06, 3.51596582959e-07, 3.17562523833e-07, 1.21218732829e-07, 4.93121561362e-08, 1.55636385557e-07, 5.94134199616e-08, 8.0248817369e-08, 1.10447082591e-08, 8.0084298304e-08, 1.08630882067e-08, 1.18702981472e-11], "max": [0.000629255431704, 0.0461423993111, 0.0279866233468, 0.0178246740252, 0.0257014948875, 0.0338145010173, 0.0349673591554, 0.0367832146585, 0.0556034781039, 0.0820783376694, 0.0636313185096, 0.115950122476, 0.0690544769168, 0.0431525334716, 0.0523135438561, 0.0242239870131, 0.0105805536732, 0.0155073590577, 0.0046527995728, 0.00511018093675, 0.0114247566089, 0.00329225882888, 0.00371379079297, 0.00248107663356, 0.00278850109316, 0.00137438753154, 5.28667333128e-05], "mean": [2.33960945479e-05, 0.00144758482929, 0.00109560356941, 0.000791629834566, 0.00135515606962, 0.000620785634965, 0.00067822629353, 0.000521223992109, 0.000986626371741, 0.00107583159115, 0.000744932505768, 0.00152168015484, 0.000892223964911, 0.000794467166997, 0.000512935046572, 0.00062615290517, 0.000332937052008, 0.000289348565275, 0.000287265807856, 0.000202878203709, 0.000217925655306, 0.000142234377563, 0.000123552672449, 7.61397241149e-05, 0.000120979049825, 6.06866378803e-05, 8.44774717734e-07], "median": [1.16883875307e-05, 0.000198567286134, 0.00029398247716, 0.00032405150705, 0.000574958743528, 0.000248075113632, 7.29624298401e-05, 9.44310668274e-05, 0.000150284307892, 0.000142860997585, 7.26736761862e-05, 0.000104293518234, 0.000124952450278, 0.000105728897324, 0.00012270125444, 0.000196847075131, 0.00015738500224, 0.000131125780172, 0.000143428551382, 0.000122427736642, 0.000124114594655, 6.59002835164e-05, 5.55668048037e-05, 3.37228375429e-05, 3.82728248951e-05, 1.14479353215e-05, 2.08732355844e-08], "min": [4.02161412741e-25, 3.93344743347e-24, 5.83227497677e-25, 1.63948961932e-24, 1.18166993313e-23, 1.03595596434e-23, 4.4868025929e-24, 6.38963370391e-24, 1.71554133261e-23, 1.00046448112e-23, 9.27306309632e-24, 2.02170456081e-23, 3.43251492108e-23, 2.84145173706e-23, 2.81524609333e-23, 4.58989882461e-23, 5.90053442065e-23, 8.70770226276e-23, 1.03718724999e-22, 1.87186620633e-22, 2.43276726209e-22, 3.33187330897e-22, 3.86354132528e-22, 5.70143880238e-22, 8.40363046259e-22, 1.19453311798e-21, 2.00377536171e-21], "var": [1.69819358575e-09, 1.25562992253e-05, 4.85148348162e-06, 1.72066097548e-06, 4.67804829896e-06, 1.80985909992e-06, 3.6039709812e-06, 2.15881641452e-06, 8.20941477286e-06, 2.1821442715e-05, 1.0049409866e-05, 3.20813051076e-05, 7.80161826697e-06, 7.77589411882e-06, 1.85253873042e-06, 1.83717952495e-06, 2.80488194448e-07, 2.8862436352e-07, 1.67873466239e-07, 6.64515624749e-08, 9.8698407669e-08, 4.23840411656e-08, 4.82378439415e-08, 1.35300712856e-08, 4.98403416316e-08, 1.45982923527e-08, 7.68501581816e-12]}, "barkbands_crest": {"dmean": 2.48975372314, "dmean2": 3.98830533028, "dvar": 5.92215585709, "dvar2": 13.944393158, "max": 24.9362277985, "mean": 8.3939743042, "median": 7.47178173065, "min": 2.06407403946, "var": 16.4369239807}, "barkbands_flatness_db": {"dmean": 0.0205006599426, "dmean2": 0.0304454192519, "dvar": 0.00041342980694, "dvar2": 0.000809617864434, "max": 0.314260989428, "mean": 0.100449308753, "median": 0.092415727675, "min": 0.0202063526958, "var": 0.00189595133997}, "barkbands_kurtosis": {"dmean": 1.82504487038, "dmean2": 2.7968184948, "dvar": 10.2367591858, "dvar2": 22.7090682983, "max": 73.2883071899, "mean": 1.72610807419, "median": 0.282984644175, "min": -1.87195491791, "var": 22.6478557587}, "barkbands_skewness": {"dmean": 0.499887466431, "dmean2": 0.735738813877, "dvar": 0.298596203327, "dvar2": 0.622586250305, "max": 7.26466798782, "mean": 0.807133257389, "median": 0.698609888554, "min": -3.97016954422, "var": 1.33640992641}, "barkbands_spread": {"dmean": 7.34040880203, "dmean2": 11.0144138336, "dvar": 66.6417922974, "dvar2": 146.538146973, "max": 120.032737732, "mean": 30.5457038879, "median": 28.6430473328, "min": 1.32494318485, "var": 244.797164917}, "dissonance": {"dmean": 0.0158058349043, "dmean2": 0.0266707595438, "dvar": 0.000343741150573, "dvar2": 0.00095555500593, "max": 0.500000059605, "mean": 0.472405016422, "median": 0.479940533638, "min": 0.233319208026, "var": 0.000635443662759}, "dynamic_complexity": 6.34721517563, "erbbands": {"dmean": [0.0313173346221, 0.331537157297, 1.00886464119, 1.58684229851, 3.53961396217, 2.70374178886, 2.9132232666, 3.25712275505, 6.71895074844, 3.95428967476, 9.29230308533, 17.25507164, 16.248796463, 19.0568332672, 31.5554199219, 43.7415809631, 26.5334720612, 27.5401687622, 17.0799846649, 18.6921138763, 14.1763267517, 9.1119966507, 9.67412185669, 5.57467317581, 6.33938741684, 3.76913666725, 4.91625022888, 3.96217060089, 3.00279426575, 2.03090429306, 2.53081178665, 0.824896752834, 0.632190942764, 0.467442721128, 0.838449656963, 0.200328394771, 0.0589677095413, 0.0057700057514, 0.000120962991787, 1.23088138935e-05], "dmean2": [0.0482663027942, 0.525308430195, 1.77889657021, 2.65817117691, 5.80246305466, 4.38479948044, 4.50201177597, 5.14668464661, 10.4435815811, 6.15661239624, 14.1508293152, 26.0349502563, 23.6105308533, 27.3774795532, 47.7699508667, 63.544960022, 39.8931159973, 42.1643409729, 26.2101230621, 28.657125473, 21.9925575256, 13.7830572128, 15.3144636154, 8.66190052032, 9.55026245117, 5.66639471054, 7.40626621246, 6.06160974503, 4.510866642, 2.94449710846, 3.82020711899, 1.16181397438, 0.880445361137, 0.655589580536, 1.25702655315, 0.286611497402, 0.0865889489651, 0.00858573336154, 0.000177529567736, 1.65966321219e-05], "dvar": [0.00625608302653, 0.746435523033, 7.50294733047, 10.9232225418, 71.7729644775, 30.0752849579, 30.3179740906, 79.8721618652, 363.677429199, 142.705505371, 810.962890625, 2971.53515625, 3947.80517578, 5778.88623047, 16877.1992188, 35387.5664063, 7668.19384766, 10056.6054688, 2689.80200195, 5817.24169922, 1138.02990723, 400.1925354, 587.069030762, 141.648696899, 109.639465332, 44.100643158, 169.526443481, 79.3338851929, 37.2196311951, 13.3418512344, 45.209903717, 2.56686782837, 1.70630705357, 1.03602719307, 5.57653093338, 0.209894701838, 0.0208013448864, 0.000211205318919, 8.4723019711e-08, 4.55203041927e-10], "dvar2": [0.0138458963484, 1.62163877487, 20.8908462524, 29.2191390991, 185.488037109, 77.3341903687, 70.9207763672, 188.555633545, 831.791564941, 335.551239014, 1788.35217285, 6151.51123047, 7870.46240234, 10198.6582031, 41510.7109375, 73682.109375, 15410.3701172, 24354.1171875, 6435.55908203, 13752.4375, 2749.55249023, 971.774597168, 1335.01367188, 378.773834229, 264.643768311, 94.410774231, 418.634796143, 199.521743774, 88.5600662231, 28.4850902557, 105.134391785, 5.34735584259, 3.41306138039, 2.01018643379, 13.4445133209, 0.427652388811, 0.0437804572284, 0.000429102889029, 1.7379414885e-07, 8.4755441554e-10], "max": [0.887987613678, 11.8881206512, 30.0289726257, 39.6407852173, 118.139938354, 76.9413452148, 156.695297241, 299.214935303, 529.749145508, 360.309417725, 992.707519531, 1534.68737793, 1502.81018066, 3238.58374023, 2948.58056641, 5695.19189453, 3788.06835938, 2494.10180664, 1510.93713379, 4048.34985352, 1079.49816895, 616.167602539, 1101.11328125, 308.791473389, 232.997146606, 203.824691772, 726.740234375, 155.81993103, 149.605361938, 82.2386779785, 136.530960083, 59.0818557739, 40.7515029907, 30.4167289734, 37.7398376465, 7.57317018509, 2.80951809883, 0.325535953045, 0.00610113563016, 0.000372108275769], "mean": [0.0299443658441, 0.371442705393, 1.12841427326, 2.290756464, 4.03635072708, 3.93737006187, 4.75540733337, 5.09773015976, 10.650844574, 6.44153308868, 14.4392318726, 25.146654129, 26.5808238983, 33.9725036621, 44.8799514771, 59.9727745056, 42.9967803955, 44.1427841187, 28.0551185608, 34.0269927979, 28.1339797974, 18.2755565643, 18.8558864594, 12.6329565048, 14.9834480286, 9.22915744781, 10.3635807037, 6.93531608582, 5.27323579788, 3.84310173988, 3.74438309669, 1.62888634205, 1.28942871094, 0.914713203907, 1.15058386326, 0.365592718124, 0.102899111807, 0.0102904262021, 0.000221649155719, 2.98120849038e-05], "median": [0.00366556597874, 0.0565630421042, 0.272373378277, 1.04007458687, 1.09196329117, 1.76556003094, 2.22824835777, 1.78338587284, 1.39516663551, 1.50154459476, 2.72575211525, 4.25003671646, 3.97318315506, 5.32473611832, 4.40896654129, 4.93751573563, 6.31151294708, 7.19052267075, 6.62219285965, 8.86079597473, 10.7657785416, 8.82561397552, 8.92477893829, 5.74120283127, 8.0854139328, 5.75553274155, 6.32452774048, 3.63048672676, 2.5325653553, 1.86131763458, 1.57456612587, 0.727597177029, 0.557771980762, 0.336938023567, 0.303863227367, 0.0785631909966, 0.0193108804524, 0.00139919412322, 4.42307828052e-05, 1.65100100276e-05], "min": [8.33330761497e-23, 5.68685257491e-22, 1.50235477162e-21, 5.02333659358e-21, 1.26166320697e-20, 3.07307581892e-20, 3.88596494769e-20, 7.41707652117e-20, 9.77188007182e-20, 1.59768358502e-19, 2.24987568995e-19, 3.46006212262e-19, 3.30837503435e-19, 5.32580185693e-19, 9.91449790014e-19, 1.28523973497e-18, 1.74428258193e-18, 1.92067760679e-18, 2.03604407323e-18, 3.37748369979e-18, 3.25506345067e-18, 4.20570800748e-18, 5.05354331993e-18, 5.31795449786e-18, 6.17642818017e-18, 8.25333931836e-18, 8.35084406024e-18, 1.04335326414e-17, 1.05031853849e-17, 1.10659022935e-17, 1.19568916186e-17, 1.0758622894e-17, 1.06036026297e-17, 7.61238932173e-18, 5.66625378403e-18, 4.467722016e-18, 1.97839082531e-18, 8.6518015252e-19, 2.51051358012e-19, 2.84318003159e-20], "var": [0.0064607616514, 0.809898674488, 6.01846790314, 11.9314842224, 65.6770782471, 36.8181304932, 60.4807624817, 162.04826355, 864.815368652, 302.887939453, 1586.47583008, 5325.44238281, 8935.90136719, 23940.6835938, 26701.8027344, 51903.4375, 17286.9003906, 19375.1953125, 4632.76904297, 9066.13378906, 3059.41503906, 824.601013184, 1120.4609375, 485.43862915, 368.136260986, 138.53565979, 276.260498047, 107.759239197, 59.7644729614, 28.680721283, 55.0751724243, 6.24819278717, 4.00377893448, 2.46472454071, 6.29136371613, 0.486713677645, 0.0428128913045, 0.000490253907628, 1.97408127178e-07, 1.33040789496e-09]}, "erbbands_crest": {"dmean": 2.75384116173, "dmean2": 4.41063404083, "dvar": 8.54702758789, "dvar2": 19.4481468201, "max": 31.6132488251, "mean": 8.78891468048, "median": 7.05014038086, "min": 2.38019633293, "var": 26.7702274323}, "erbbands_flatness_db": {"dmean": 0.0187932476401, "dmean2": 0.0265739895403, "dvar": 0.000382196507417, "dvar2": 0.000661499914713, "max": 0.359532982111, "mean": 0.146831586957, "median": 0.136745363474, "min": 0.0442383624613, "var": 0.00223700935021}, "erbbands_kurtosis": {"dmean": 1.05042469501, "dmean2": 1.60000193119, "dvar": 3.2231426239, "dvar2": 7.02544641495, "max": 38.2470932007, "mean": 0.738243460655, "median": -0.112755902112, "min": -1.8614937067, "var": 7.64388990402}, "erbbands_skewness": {"dmean": 0.375614345074, "dmean2": 0.555203437805, "dvar": 0.150096729398, "dvar2": 0.321734338999, "max": 5.36174106598, "mean": 0.104427210987, "median": -0.00874231103808, "min": -4.03800296783, "var": 0.679568827152}, "erbbands_spread": {"dmean": 8.78474617004, "dmean2": 13.1200637817, "dvar": 91.1581192017, "dvar2": 196.723495483, "max": 135.442947388, "mean": 39.700050354, "median": 37.0443840027, "min": 1.99024927616, "var": 428.93069458}, "gfcc": {"cov": [[46383.15625, 1925.58984375, -3220.2421875, 986.859985352, -668.480163574, 990.146728516, -925.767883301, 557.999267578, -1097.14660645, 155.337280273, -908.281860352, -279.837158203, -779.74609375], [1925.58984375, 1216.25390625, -242.923416138, 201.574203491, 212.551605225, -14.9711360931, 61.6920967102, -30.4837207794, -48.3695373535, -131.961975098, 23.2199268341, -132.939880371, -23.0046005249], [-3220.2421875, -242.923416138, 1023.80212402, 161.416870117, 96.9256057739, -71.5497512817, 37.3086204529, 3.24974393845, 31.5003147125, 17.6965026855, -15.4647855759, 46.6185150146, 11.976348877], [986.859985352, 201.574203491, 161.416870117, 495.40020752, 200.619842529, -14.4771432877, -49.6748123169, 7.29001903534, -71.0932159424, -22.6613578796, -62.6639900208, -56.0063819885, -20.1361141205], [-668.480163574, 212.551605225, 96.9256057739, 200.619842529, 469.273620605, 41.2174110413, 114.78490448, -7.78649187088, 10.3379659653, -52.5916633606, 20.0075397491, -91.5761947632, -24.7329235077], [990.146728516, -14.9711360931, -71.5497512817, -14.4771432877, 41.2174110413, 199.197250366, 57.1746253967, 23.0844402313, -36.0041732788, -16.9638252258, -20.4387187958, 0.540578246117, -25.0649433136], [-925.767883301, 61.6920967102, 37.3086204529, -49.6748123169, 114.78490448, 57.1746253967, 198.290649414, 48.954826355, 36.0540618896, -35.9577445984, 24.7200031281, -19.8815555573, 4.75866651535], [557.999267578, -30.4837207794, 3.24974393845, 7.29001903534, -7.78649187088, 23.0844402313, 48.954826355, 132.045532227, 28.1396560669, 20.1565952301, -30.7290096283, -14.6428928375, -21.5063915253], [-1097.14660645, -48.3695373535, 31.5003147125, -71.0932159424, 10.3379659653, -36.0041732788, 36.0540618896, 28.1396560669, 132.080856323, 37.9282112122, 31.0363349915, -3.66766190529, 19.6834945679], [155.337280273, -131.961975098, 17.6965026855, -22.6613578796, -52.5916633606, -16.9638252258, -35.9577445984, 20.1565952301, 37.9282112122, 96.3223342896, 20.7754821777, 23.3254051208, -10.8625049591], [-908.281860352, 23.2199268341, -15.4647855759, -62.6639900208, 20.0075397491, -20.4387187958, 24.7200031281, -30.7290096283, 31.0363349915, 20.7754821777, 115.453987122, 27.0965232849, 20.515455246], [-279.837158203, -132.939880371, 46.6185150146, -56.0063819885, -91.5761947632, 0.540578246117, -19.8815555573, -14.6428928375, -3.66766190529, 23.3254051208, 27.0965232849, 108.764480591, 42.0367889404], [-779.74609375, -23.0046005249, 11.976348877, -20.1361141205, -24.7329235077, -25.0649433136, 4.75866651535, -21.5063915253, 19.6834945679, -10.8625049591, 20.515455246, 42.0367889404, 82.3245620728]], "icov": [[9.12101750146e-05, -0.000182270683581, 0.000227394484682, -7.05391503288e-05, 2.76590180874e-05, -0.000303947279463, 0.000323786807712, -0.000375831936253, 0.000468021404231, -0.000476698944112, 0.000464494194603, -0.00023789005354, 0.000392427726183], [-0.000182270683581, 0.00166058132891, -0.000110159322503, -0.000487911049277, 9.26912252908e-06, 0.000893722288311, -0.000902601284906, 0.000817555177491, -0.000997882103547, 0.00254251644947, -0.00190920790192, 0.00138912803959, -0.000484512536786], [0.000227394484682, -0.000110159322503, 0.00189227832016, -0.000849522592034, -0.00011679698946, -2.44632101385e-05, 1.37468050525e-05, -0.000536187726539, 0.000669257016852, -0.0010059933411, 0.0015934543917, -0.00177036307286, 0.001670672209], [-7.05391503288e-05, -0.000487911049277, -0.000849522592034, 0.00411799317226, -0.00212066713721, 0.000531918427441, 0.00175604457036, -0.00108394178096, 0.0020435131155, -0.00109949032776, 0.00125520362053, 0.000819331442472, -0.00189831561875], [2.76590180874e-05, 9.26912252908e-06, -0.00011679698946, -0.00212066713721, 0.00446937372908, -0.00096671609208, -0.00223153596744, 0.00139057426713, -0.00113161746413, 0.000948705826886, -0.00163753377274, 0.00241649150848, 0.000873434648383], [-0.000303947279463, 0.000893722288311, -2.44632101385e-05, 0.000531918427441, -0.00096671609208, 0.00809796247631, -0.0036205847282, 0.00102826068178, 0.000536165200174, 0.00138833001256, 0.000148746868945, -0.00145440467168, 0.000918126665056], [0.000323786807712, -0.000902601284906, 1.37468050525e-05, 0.00175604457036, -0.00223153596744, -0.0036205847282, 0.0117888813838, -0.00632445653901, 0.000139018171467, 0.00275388592854, -0.00125021091662, -0.000146518010297, -0.000147822807776], [-0.000375831936253, 0.000817555177491, -0.000536187726539, -0.00108394178096, 0.00139057426713, 0.00102826068178, -0.00632445653901, 0.0136485267431, -0.004548500292, -0.00145312130917, 0.00226564123295, 0.000716293405276, 0.00110898294952], [0.000468021404231, -0.000997882103547, 0.000669257016852, 0.0020435131155, -0.00113161746413, 0.000536165200174, 0.000139018171467, -0.004548500292, 0.0160431470722, -0.00896470900625, 0.00143451848999, 0.00269248033874, -0.00356752471998], [-0.000476698944112, 0.00254251644947, -0.0010059933411, -0.00109949032776, 0.000948705826886, 0.00138833001256, 0.00275388592854, -0.00145312130917, -0.00896470900625, 0.0229048356414, -0.00789341703057, -0.00212583946995, 0.00445992965251], [0.000464494194603, -0.00190920790192, 0.0015934543917, 0.00125520362053, -0.00163753377274, 0.000148746868945, -0.00125021091662, 0.00226564123295, 0.00143451848999, -0.00789341703057, 0.0168493911624, -0.00546191073954, 0.00136423693039], [-0.00023789005354, 0.00138912803959, -0.00177036307286, 0.000819331442472, 0.00241649150848, -0.00145440467168, -0.000146518010297, 0.000716293405276, 0.00269248033874, -0.00212583946995, -0.00546191073954, 0.0195223614573, -0.0104600088671], [0.000392427726183, -0.000484512536786, 0.001670672209, -0.00189831561875, 0.000873434648383, 0.000918126665056, -0.000147822807776, 0.00110898294952, -0.00356752471998, 0.00445992965251, 0.00136423693039, -0.0104600088671, 0.0223040152341]], "mean": [-66.0530090332, 55.0557289124, -124.817459106, 31.9751682281, -58.7191085815, 16.5704898834, -42.0387840271, 9.22331619263, -33.4068946838, 4.88830184937, -24.5070762634, 3.16105151176, -11.8065509796]}, "hfc": {"dmean": 6.82002162933, "dmean2": 8.9893283844, "dvar": 136.097076416, "dvar2": 229.663757324, "max": 234.827667236, "mean": 19.3028125763, "median": 10.5926465988, "min": 1.05467050113e-16, "var": 575.334899902}, "melbands": {"dmean": [0.00032645140891, 0.000489908503368, 0.000320608349284, 0.000234647348407, 9.78796233539e-05, 7.40599061828e-05, 9.90338085103e-05, 4.56931520603e-05, 7.72685962147e-05, 0.000114152091555, 8.37991610751e-05, 7.93533472461e-05, 9.09854134079e-05, 0.000128425046569, 9.01732564671e-05, 5.59345098736e-05, 5.57414241484e-05, 3.12239426421e-05, 2.33615173784e-05, 3.06122310576e-05, 1.49678326125e-05, 1.03025085991e-05, 1.06392762973e-05, 7.02294300936e-06, 4.85978125653e-06, 4.72367537441e-06, 4.2589072109e-06, 2.54052815762e-06, 3.63384424418e-06, 2.31609669754e-06, 2.66045481112e-06, 1.92606353266e-06, 1.26589418414e-06, 1.15247485155e-06, 2.0369241156e-06, 5.52429696654e-07, 5.02056707319e-07, 4.7268582648e-07, 4.36587242802e-07, 3.72332578991e-07], "dmean2": [0.0005017456715, 0.000828145304695, 0.00052653538296, 0.000381154357456, 0.000152008244186, 0.000116975345009, 0.000153286629939, 7.15413843864e-05, 0.000118940835819, 0.000172616695636, 0.000121640776342, 0.000115740804176, 0.000138294519274, 0.000193566374946, 0.000131062188302, 8.666470967e-05, 8.64457906573e-05, 4.8423447879e-05, 3.54206822522e-05, 4.87396973767e-05, 2.3447761123e-05, 1.5983445337e-05, 1.67720845639e-05, 1.12410243673e-05, 7.7389395301e-06, 7.26974667487e-06, 6.48255672786e-06, 3.93810387322e-06, 5.6238891375e-06, 3.54168423655e-06, 4.17148839915e-06, 2.94490860142e-06, 1.93691062123e-06, 1.72190641479e-06, 3.14488147524e-06, 8.00122506917e-07, 7.3207428386e-07, 6.73726901823e-07, 6.23861581062e-07, 5.37323671779e-07], "dvar": [6.7725648023e-07, 1.69426550656e-06, 4.7731612085e-07, 2.85687605128e-07, 2.95786932725e-08, 4.18374916933e-08, 7.67159988868e-08, 1.91613924727e-08, 5.8209590037e-08, 1.32908368755e-07, 1.10379417606e-07, 1.01161084842e-07, 1.45502696114e-07, 2.65428695911e-07, 1.6351154386e-07, 2.66834589979e-08, 4.65430609609e-08, 1.19867014092e-08, 8.08463340718e-09, 7.69341212958e-09, 1.36172695342e-09, 6.16490802852e-10, 4.99287777789e-10, 2.98137375898e-10, 1.1731401961e-10, 7.83215020617e-11, 4.35995649306e-11, 2.28165420585e-11, 1.02602940033e-10, 1.6708421105e-11, 4.61534421792e-11, 1.59161798324e-11, 5.73977801052e-12, 4.45972425656e-12, 3.491039402e-11, 1.01386639969e-12, 1.03707049458e-12, 8.9384765865e-13, 8.76221621302e-13, 7.3445259206e-13], "dvar2": [1.37650920351e-06, 4.41803240392e-06, 1.23058100598e-06, 7.39857284771e-07, 6.94376254273e-08, 9.84638077739e-08, 1.75786013301e-07, 4.63420484209e-08, 1.25631800074e-07, 2.73935683026e-07, 2.19587334982e-07, 1.78044658128e-07, 3.39155889151e-07, 5.9466788116e-07, 3.2039196185e-07, 5.88000546031e-08, 1.12683643749e-07, 2.85851218251e-08, 1.70209784045e-08, 1.82726189735e-08, 3.50660211978e-09, 1.56133161955e-09, 1.12581843847e-09, 7.43656636271e-10, 3.1880650897e-10, 1.93233318235e-10, 1.02046600337e-10, 5.09354849965e-11, 2.44078868228e-10, 4.11781928e-11, 1.18853121789e-10, 3.83210303767e-11, 1.3550397783e-11, 9.72176505964e-12, 8.34941629724e-11, 2.16324484367e-12, 2.29215908407e-12, 1.89078852401e-12, 1.74808540039e-12, 1.46842347309e-12], "max": [0.0109675144777, 0.0146046383306, 0.00810597836971, 0.00666804565117, 0.0043732537888, 0.00760442856699, 0.0069135716185, 0.00483281444758, 0.00825349334627, 0.0105577334762, 0.00818695407361, 0.0140717625618, 0.0101711582392, 0.0130349788815, 0.01024819538, 0.00565905077383, 0.00551532907411, 0.00363369821571, 0.0042229196988, 0.00337563222274, 0.000930407550186, 0.000863055000082, 0.000797635526396, 0.000629065965768, 0.000267689785687, 0.000225720039452, 0.000129613094032, 0.000123124496895, 0.000567131501157, 0.000113085472549, 0.000115859620564, 8.6314874352e-05, 5.64481306355e-05, 4.95568201586e-05, 0.000120232107292, 3.51677954313e-05, 3.80679921363e-05, 2.73107852991e-05, 2.75372913165e-05, 3.09399729304e-05], "mean": [0.000347523688106, 0.00057909230236, 0.000443122320576, 0.000303498876747, 0.000162242533406, 0.000116393850476, 0.000159355462529, 7.1762719017e-05, 0.000116542250908, 0.000162989526871, 0.000132673856569, 0.000138840448926, 0.000122285855468, 0.000170958199305, 0.000125753213069, 8.67162452778e-05, 8.263997006e-05, 4.58824979432e-05, 3.89389861084e-05, 5.17096013937e-05, 2.81040829577e-05, 1.85626759048e-05, 1.91781400645e-05, 1.32286040753e-05, 9.82088022283e-06, 1.03475185824e-05, 9.60191755439e-06, 5.29272801941e-06, 7.12881092113e-06, 4.62514481114e-06, 3.93560867451e-06, 3.21753486787e-06, 2.21058689931e-06, 2.07315429179e-06, 2.72477564067e-06, 1.02514161426e-06, 9.39059361826e-07, 9.18963053209e-07, 8.37661843889e-07, 7.06444950538e-07], "median": [4.7864705266e-05, 0.000134351692395, 0.00018765067216, 9.94317815639e-05, 8.26430696179e-05, 4.12237714045e-05, 2.00127233256e-05, 1.64985667652e-05, 1.99252299353e-05, 2.4095421395e-05, 1.82566436706e-05, 1.9650462491e-05, 1.15003349492e-05, 1.35190039146e-05, 1.09567763502e-05, 1.35045438583e-05, 1.17021527331e-05, 9.52513892116e-06, 8.03734656074e-06, 1.42969465742e-05, 1.08199383249e-05, 8.82009135239e-06, 8.34338788991e-06, 5.91636671743e-06, 3.91339153794e-06, 4.85104601466e-06, 5.38869926459e-06, 2.87839657176e-06, 4.25134385296e-06, 2.46756530942e-06, 1.76855883183e-06, 1.4628514009e-06, 1.03302852494e-06, 9.85893962024e-07, 1.02743683783e-06, 4.55225944052e-07, 4.1040158294e-07, 3.94632735379e-07, 3.2671349004e-07, 2.46903283596e-07], "min": [1.23780509765e-24, 6.29263694473e-25, 1.17299475087e-24, 1.83734993663e-24, 1.10505164021e-24, 1.90204856099e-24, 1.6080723463e-24, 2.08178026305e-24, 1.96710769478e-24, 2.18770396945e-24, 1.36943896424e-24, 1.71698455364e-24, 2.4174985595e-24, 3.1082107714e-24, 2.70518311543e-24, 2.68196378354e-24, 2.76518979234e-24, 3.44781085515e-24, 2.66869731249e-24, 3.38052930297e-24, 3.11559135403e-24, 3.20841740561e-24, 3.52729095793e-24, 3.46457257166e-24, 3.44937595518e-24, 3.33627183961e-24, 5.45755944008e-24, 4.3163325123e-24, 4.96579065151e-24, 4.99199266648e-24, 4.7962206612e-24, 5.71078024078e-24, 5.81732852781e-24, 5.14701566727e-24, 5.67081970277e-24, 6.0770538811e-24, 4.84314092455e-24, 6.3827844191e-24, 6.68109887573e-24, 5.75836866932e-24], "var": [7.70538235884e-07, 1.54416636633e-06, 5.01711383549e-07, 2.89430431621e-07, 5.82589478881e-08, 8.82477735331e-08, 1.88410254509e-07, 3.90526793126e-08, 1.17896647112e-07, 2.3822850892e-07, 2.45121526632e-07, 4.51586572581e-07, 2.26669868653e-07, 3.74018497951e-07, 2.76129782151e-07, 5.8609082032e-08, 8.21715246957e-08, 1.84307697992e-08, 1.28607755556e-08, 1.5194054015e-08, 3.12043302308e-09, 9.91300375119e-10, 1.02485675502e-09, 6.08467887186e-10, 3.43869682728e-10, 2.31709915144e-10, 1.42988731966e-10, 5.61940355359e-11, 1.65580146816e-10, 4.04598160531e-11, 4.94617610758e-11, 2.39714654376e-11, 1.06387971349e-11, 8.75138156387e-12, 3.82133977239e-11, 2.35269703025e-12, 2.30557890488e-12, 2.01235751153e-12, 1.95180070023e-12, 1.69608392001e-12]}, "melbands_crest": {"dmean": 3.15438842773, "dmean2": 5.0185790062, "dvar": 8.33527374268, "dvar2": 19.9383907318, "max": 32.9568939209, "mean": 11.9877462387, "median": 11.4387321472, "min": 1.69465827942, "var": 24.4353237152}, "melbands_flatness_db": {"dmean": 0.0251394733787, "dmean2": 0.0366096720099, "dvar": 0.000730333849788, "dvar2": 0.00139658583794, "max": 0.354781359434, "mean": 0.138654515147, "median": 0.133221939206, "min": 0.00331724295393, "var": 0.00353984977119}, "melbands_kurtosis": {"dmean": 5.18498182297, "dmean2": 7.95076227188, "dvar": 107.06337738, "dvar2": 239.645309448, "max": 227.027542114, "mean": 8.21781921387, "median": 3.03234863281, "min": -1.86988258362, "var": 237.320541382}, "melbands_skewness": {"dmean": 0.701053440571, "dmean2": 1.04321527481, "dvar": 0.676419377327, "dvar2": 1.40263950825, "max": 13.1727132797, "mean": 1.92906522751, "median": 1.58790290356, "min": -2.14413428307, "var": 2.92680335045}, "melbands_spread": {"dmean": 11.0850400925, "dmean2": 16.5063266754, "dvar": 208.607711792, "dvar2": 419.987365723, "max": 215.538894653, "mean": 39.8665885925, "median": 33.0652694702, "min": 1.39694941044, "var": 847.582824707}, "mfcc": {"cov": [[19645.9824219, 2122.49682617, -852.686584473, 200.000762939, 227.113143921, 319.905334473, 271.721466064, 133.528442383, 173.921264648, 120.615402222, 1.37871408463, 68.6460800171, 1.03772807121], [2122.49682617, 1189.2434082, -168.733016968, 221.228668213, 63.3384895325, 74.9997253418, 86.0460739136, 74.8230209351, -13.5757322311, 5.73517847061, -28.6183242798, -15.5077781677, -7.62944078445], [-852.686584473, -168.733016968, 578.691833496, 111.667686462, -3.64816474915, -28.1984462738, -54.2080192566, -8.427485466, -7.74394226074, -16.0434494019, -14.342089653, -22.7377986908, -21.0395755768], [200.000762939, 221.228668213, 111.667686462, 534.09375, 210.367660522, 58.7516212463, 43.6570091248, 8.97718906403, 9.35884189606, 40.1720123291, -40.6967010498, -43.5661468506, -0.586452901363], [227.113143921, 63.3384895325, -3.64816474915, 210.367660522, 237.564544678, 84.5585327148, 56.6845169067, 0.588944137096, 3.67186784744, 26.4114322662, -6.58190250397, -19.8646278381, -13.6483297348], [319.905334473, 74.9997253418, -28.1984462738, 58.7516212463, 84.5585327148, 163.614822388, 67.0107879639, 38.3328857422, -6.52834606171, -11.0620241165, -0.934963166714, -23.3767871857, -10.7739753723], [271.721466064, 86.0460739136, -54.2080192566, 43.6570091248, 56.6845169067, 67.0107879639, 170.676849365, 71.2308959961, 15.1007509232, 12.320104599, -0.909539163113, 7.90840005875, -0.537724792957], [133.528442383, 74.8230209351, -8.427485466, 8.97718906403, 0.588944137096, 38.3328857422, 71.2308959961, 118.980300903, 47.263381958, 10.2009716034, -1.57597351074, -7.22049093246, 2.40018510818], [173.921264648, -13.5757322311, -7.74394226074, 9.35884189606, 3.67186784744, -6.52834606171, 15.1007509232, 47.263381958, 99.4686660767, 53.0129127502, 7.20760631561, -3.88021349907, -10.2703485489], [120.615402222, 5.73517847061, -16.0434494019, 40.1720123291, 26.4114322662, -11.0620241165, 12.320104599, 10.2009716034, 53.0129127502, 93.0201721191, 33.6239089966, 8.08298301697, -7.49159908295], [1.37871408463, -28.6183242798, -14.342089653, -40.6967010498, -6.58190250397, -0.934963166714, -0.909539163113, -1.57597351074, 7.20760631561, 33.6239089966, 77.5586166382, 34.529083252, 1.58709049225], [68.6460800171, -15.5077781677, -22.7377986908, -43.5661468506, -19.8646278381, -23.3767871857, 7.90840005875, -7.22049093246, -3.88021349907, 8.08298301697, 34.529083252, 76.8191680908, 37.0116691589], [1.03772807121, -7.62944078445, -21.0395755768, -0.586452901363, -13.6483297348, -10.7739753723, -0.537724792957, 2.40018510818, -10.2703485489, -7.49159908295, 1.58709049225, 37.0116691589, 82.180557251]], "icov": [[7.00501259416e-05, -0.000125571765238, 4.83124931634e-05, 3.4332562791e-05, -2.28435783356e-05, -0.000119265336252, -1.65918499988e-05, 0.000128447631141, -0.000216236847336, 7.30504325475e-06, 4.71167622891e-05, -0.00011639722652, 1.93586856767e-06], [-0.000125571765238, 0.00131425843574, 0.000360086734872, -0.000729604740627, 0.000429575855378, 3.79649077331e-06, 9.26610664465e-05, -0.00112415326294, 0.00115924538113, -0.000249368109507, 0.000278149411315, -0.000231548387092, 0.000536911538802], [4.83124931634e-05, 0.000360086734872, 0.00219401298091, -0.000949360546656, 0.000465669494588, 0.000160935014719, 0.000715996022336, -0.000716440030374, 0.000236857071286, 0.000569427735172, -8.58040875755e-05, -0.000285483751213, 0.000923533865716], [3.4332562791e-05, -0.000729604740627, -0.000949360546656, 0.00393765885383, -0.00313782924786, 0.000268427917035, -0.000106378887722, 0.000261500041233, 0.000205212287256, -0.00189351907466, 0.0016123354435, 0.00130933709443, -0.00154517684132], [-2.28435783356e-05, 0.000429575855378, 0.000465669494588, -0.00313782924786, 0.00862144958228, -0.00332906865515, -0.00152888696175, 0.00206734263338, -8.421374514e-05, -0.00126538041513, 1.60407416843e-05, -0.000377656921046, 0.00110589433461], [-0.000119265336252, 3.79649077331e-06, 0.000160935014719, 0.000268427917035, -0.00332906865515, 0.0102443890646, -0.00229128100909, -0.00233478820883, 0.00128663191572, 0.00281944219023, -0.0031611204613, 0.00397276645526, -0.000422008306487], [-1.65918499988e-05, 9.26610664465e-05, 0.000715996022336, -0.000106378887722, -0.00152888696175, -0.00229128100909, 0.0103729739785, -0.00652916030958, 0.00252231024206, -0.0021258899942, 0.00249200314283, -0.00426955940202, 0.00189180078451], [0.000128447631141, -0.00112415326294, -0.000716440030374, 0.000261500041233, 0.00206734263338, -0.00233478820883, -0.00652916030958, 0.0174298882484, -0.00996265839785, 0.00362716452219, -0.0020271516405, 0.00327393156476, -0.00315182004124], [-0.000216236847336, 0.00115924538113, 0.000236857071286, 0.000205212287256, -8.421374514e-05, 0.00128663191572, 0.00252231024206, -0.00996265839785, 0.0215672962368, -0.0124109983444, 0.00414085760713, -0.000893103482667, 0.00252082198858], [7.30504325475e-06, -0.000249368109507, 0.000569427735172, -0.00189351907466, -0.00126538041513, 0.00281944219023, -0.0021258899942, 0.00362716452219, -0.0124109983444, 0.023019598797, -0.0106461085379, 0.00182649120688, 7.90986596257e-05], [4.71167622891e-05, 0.000278149411315, -8.58040875755e-05, 0.0016123354435, 1.60407416843e-05, -0.0031611204613, 0.00249200314283, -0.0020271516405, 0.00414085760713, -0.0106461085379, 0.0230011697859, -0.0113970544189, 0.00391419697553], [-0.00011639722652, -0.000231548387092, -0.000285483751213, 0.00130933709443, -0.000377656921046, 0.00397276645526, -0.00426955940202, 0.00327393156476, -0.000893103482667, 0.00182649120688, -0.0113970544189, 0.0258280877024, -0.0111064203084], [1.93586856767e-06, 0.000536911538802, 0.000923533865716, -0.00154517684132, 0.00110589433461, -0.000422008306487, 0.00189180078451, -0.00315182004124, 0.00252082198858, 7.90986596257e-05, 0.00391419697553, -0.0111064203084, 0.017924984917]], "mean": [-687.547180176, 86.0172195435, -11.3359155655, 18.8139247894, 1.49299502373, 7.02459526062, -0.0761560201645, 1.36665952206, -0.348341107368, -2.21353244781, -5.18511962891, -3.45851159096, -2.98535728455]}, "pitch_salience": {"dmean": 0.0658185258508, "dmean2": 0.105740949512, "dvar": 0.0040233861655, "dvar2": 0.0100547829643, "max": 0.887453079224, "mean": 0.600107371807, "median": 0.609830439091, "min": 0.143401756883, "var": 0.0107807805762}, "silence_rate_20dB": {"dmean": 0, "dmean2": 0, "dvar": 0, "dvar2": 0, "max": 1, "mean": 1, "median": 1, "min": 1, "var": 0}, "silence_rate_30dB": {"dmean": 0.00484809326008, "dmean2": 0.00969775300473, "dvar": 0.00482456898317, "dvar2": 0.0125129064545, "max": 1, "mean": 0.996122181416, "median": 1, "min": 0, "var": 0.00386296724901}, "silence_rate_60dB": {"dmean": 0.0723981931806, "dmean2": 0.144819781184, "dvar": 0.0671622008085, "dvar2": 0.140665173531, "max": 1, "mean": 0.241396024823, "median": 0, "min": 0, "var": 0.18312934041}, "spectral_centroid": {"dmean": 306.6902771, "dmean2": 451.923431396, "dvar": 138024.734375, "dvar2": 275925.125, "max": 11781.9316406, "mean": 2033.22961426, "median": 1800.38378906, "min": 317.845794678, "var": 2064057.375}, "spectral_complexity": {"dmean": 3.66677451134, "dmean2": 4.93647956848, "dvar": 16.9912071228, "dvar2": 26.9663715363, "max": 54, "mean": 16.4648571014, "median": 15, "min": 0, "var": 149.091125488}, "spectral_contrast_coeffs": {"dmean": [0.0486704260111, 0.0479030609131, 0.0403716601431, 0.0320302583277, 0.0216976236552, 0.019067838788], "dmean2": [0.0789821669459, 0.0771865323186, 0.064181484282, 0.0511462762952, 0.0341518223286, 0.029897807166], "dvar": [0.00170534686185, 0.00156485242769, 0.00121928576846, 0.000719795527402, 0.000320198916597, 0.000302910950268], "dvar2": [0.00421644747257, 0.00398237025365, 0.00283983186819, 0.00171450187918, 0.000761113711633, 0.000707254803274], "max": [-0.360618978739, -0.362230986357, -0.468795597553, -0.530185222626, -0.61463958025, -0.612851440907], "mean": [-0.666354417801, -0.753032803535, -0.771100878716, -0.783890366554, -0.799396634102, -0.763171136379], "median": [-0.660502016544, -0.760399460793, -0.781164646149, -0.785361588001, -0.79527837038, -0.760407090187], "min": [-0.982400238514, -0.976287603378, -0.97580832243, -0.978776812553, -0.969326972961, -0.965626001358], "var": [0.00688777072355, 0.00721863145009, 0.00662717083469, 0.00420468812808, 0.00229688105173, 0.00232097203843]}, "spectral_contrast_valleys": {"dmean": [0.520450472832, 0.444603323936, 0.39034318924, 0.340012341738, 0.276150226593, 0.374084979296], "dmean2": [0.808401763439, 0.690504193306, 0.592931628227, 0.492914885283, 0.38186866045, 0.47252458334], "dvar": [0.286515176296, 0.174304097891, 0.147193595767, 0.123985528946, 0.106669209898, 0.201793178916], "dvar2": [0.540989637375, 0.374064594507, 0.280375480652, 0.22825923562, 0.175028473139, 0.347750008106], "max": [-5.23676729202, -4.99237823486, -5.23294067383, -5.20135498047, -5.69903707504, -7.70507574081], "mean": [-8.59532642365, -7.98802423477, -8.20203876495, -8.31805706024, -8.11732959747, -10.6467409134], "median": [-7.90269708633, -7.3555316925, -7.58630514145, -7.71754932404, -7.42417430878, -9.95657348633], "min": [-28.2898025513, -28.1921367645, -27.8359966278, -27.5205841064, -27.5696659088, -27.4063339233], "var": [9.82698345184, 9.3970413208, 9.3438577652, 9.3132982254, 9.25694847107, 7.5900645256]}, "spectral_decrease": {"dmean": 1.54837742627e-09, "dmean2": 2.18957607601e-09, "dvar": 7.15695939289e-18, "dvar2": 1.38375190012e-17, "max": 2.3665198822e-28, "mean": -3.6543670312e-09, "median": -1.91359994517e-09, "min": -4.01359905311e-08, "var": 2.09537008715e-17}, "spectral_energy": {"dmean": 0.00638931756839, "dmean2": 0.00893905200064, "dvar": 0.000119511481898, "dvar2": 0.000226293996093, "max": 0.167968288064, "mean": 0.0155432606116, "median": 0.00829163845628, "min": 9.89360276857e-21, "var": 0.000370281661162}, "spectral_energyband_high": {"dmean": 0.000382189755328, "dmean2": 0.000518431712408, "dvar": 5.5700871826e-07, "dvar2": 1.14029944598e-06, "max": 0.0209957528859, "mean": 0.000839838758111, "median": 0.000439580006059, "min": 6.98835058683e-21, "var": 1.25948963614e-06}, "spectral_energyband_low": {"dmean": 0.00216252519749, "dmean2": 0.00335305021144, "dvar": 2.69731244771e-05, "dvar2": 6.07113906881e-05, "max": 0.066900216043, "mean": 0.00300382450223, "median": 0.000964155478869, "min": 1.41150692445e-23, "var": 3.20111576002e-05}, "spectral_energyband_middle_high": {"dmean": 0.00282605970278, "dmean2": 0.00382782053202, "dvar": 4.1796341975e-05, "dvar2": 7.5032665336e-05, "max": 0.125216513872, "mean": 0.00708589097485, "median": 0.00222025997937, "min": 1.15781910231e-21, "var": 0.00016586088168}, "spectral_energyband_middle_low": {"dmean": 0.00257890368812, "dmean2": 0.00389679241925, "dvar": 1.94851909328e-05, "dvar2": 4.46099256806e-05, "max": 0.0637653693557, "mean": 0.00522060040385, "median": 0.00302835647017, "min": 1.13810098756e-22, "var": 4.2933937948e-05}, "spectral_entropy": {"dmean": 0.142793476582, "dmean2": 0.204496338964, "dvar": 0.0251383390278, "dvar2": 0.046317268163, "max": 9.82379055023, "mean": 7.8640537262, "median": 7.85221672058, "min": 5.94417190552, "var": 0.168752387166}, "spectral_flux": {"dmean": 0.0220081899315, "dmean2": 0.0333475545049, "dvar": 0.000826680043247, "dvar2": 0.00173774454743, "max": 0.32868295908, "mean": 0.0673613995314, "median": 0.0517051592469, "min": 6.40351799364e-11, "var": 0.00280254916288}, "spectral_kurtosis": {"dmean": 0.97820430994, "dmean2": 1.60804450512, "dvar": 1.2418102026, "dvar2": 3.38306260109, "max": 16.3257694244, "mean": 3.43215942383, "median": 3.25948762894, "min": -1.27303826809, "var": 3.6068251133}, "spectral_rms": {"dmean": 0.000708449631929, "dmean2": 0.000949487963226, "dvar": 8.89801412995e-07, "dvar2": 1.6092064925e-06, "max": 0.0128012308851, "mean": 0.00323720928282, "median": 0.00284418766387, "min": 3.106814285e-12, "var": 4.68459484182e-06}, "spectral_rolloff": {"dmean": 800.626281738, "dmean2": 1247.3984375, "dvar": 1542714.75, "dvar2": 3293376.25, "max": 19487.5488281, "mean": 2908.28320313, "median": 2110.25390625, "min": 43.06640625, "var": 8964281}, "spectral_skewness": {"dmean": 0.15583191812, "dmean2": 0.248036056757, "dvar": 0.0228221025318, "dvar2": 0.0553168319166, "max": 3.16216301918, "mean": 1.35548329353, "median": 1.36324226856, "min": -0.0961207896471, "var": 0.131623312831}, "spectral_spread": {"dmean": 582001.6875, "dmean2": 832334.75, "dvar": 674051194880, "dvar2": 1347230367740.0, "max": 42800700, "mean": 5727332, "median": 4920918.5, "min": 1674295.875, "var"