{"lowlevel": {"average_loudness": 0.668068706989, "barkbands": {"dmean": [0.000232333768508, 0.00135377270635, 0.00140212848783, 0.000712053733878, 0.00288325571455, 0.00168401212431, 0.000964382488746, 0.000746922334656, 0.000565595692024, 0.000347940891515, 0.000355117896106, 0.000291633914458, 0.000170206825715, 7.7503893408e-05, 7.81660492066e-05, 4.85858872707e-05, 6.24519379926e-05, 2.58348882198e-05, 4.34034700447e-05, 4.06894505431e-05, 6.32186056464e-05, 0.000102096848423, 1.62843334692e-05, 6.65688958179e-06, 1.20786535263e-06, 3.83897213396e-06, 3.71248170268e-05], "dmean2": [0.000398030388169, 0.00222104252316, 0.0023354459554, 0.00113455951214, 0.00419132504612, 0.00259139039554, 0.00146652816329, 0.00119057134725, 0.000915309705306, 0.00054517906392, 0.00056810118258, 0.000462574069388, 0.000267462251941, 0.000120311473438, 0.000118982738059, 7.55675937398e-05, 0.000101959842141, 4.08701198467e-05, 6.39043209958e-05, 5.65070513403e-05, 8.93816686585e-05, 0.000156337788212, 2.48002961598e-05, 9.24369942368e-06, 2.01329248739e-06, 5.62968034501e-06, 5.08440934937e-05], "dvar": [1.19239459195e-07, 4.21983213528e-06, 5.19604964211e-06, 2.21035975301e-06, 6.17326732026e-05, 3.12192169076e-05, 1.36207690957e-05, 8.9193781605e-06, 5.23427888766e-06, 1.28358828988e-06, 1.24612154195e-06, 9.11467679998e-07, 1.3986560532e-07, 3.44059110091e-08, 3.2194819255e-08, 9.7770582741e-09, 1.46977550131e-08, 2.67675193122e-09, 8.56089954482e-09, 9.79616565644e-09, 1.64416569248e-08, 3.43510393463e-08, 8.50569781274e-10, 1.05429331931e-10, 5.46503207272e-12, 3.42463835068e-11, 2.94948154789e-09], "dvar2": [3.08582684738e-07, 1.09186385089e-05, 1.3794350707e-05, 4.7821613407e-06, 0.000115198708954, 6.2803257606e-05, 2.92751155939e-05, 2.27380842261e-05, 1.36140997711e-05, 2.84082352664e-06, 3.06370179715e-06, 2.22421977014e-06, 3.30201686438e-07, 7.37203791346e-08, 6.83507366261e-08, 2.33524932725e-08, 3.77834439291e-08, 6.43169606462e-09, 1.72321854564e-08, 2.0366131892e-08, 3.7255851737e-08, 8.22724501859e-08, 2.07813477537e-09, 2.20146012531e-10, 1.34235123017e-11, 7.92016452422e-11, 6.15318862529e-09], "max": [0.00608770595863, 0.0295956209302, 0.045739300549, 0.0466480962932, 0.176333039999, 0.166690200567, 0.106505848467, 0.0635549798608, 0.065822519362, 0.0341243781149, 0.0286101065576, 0.0283838622272, 0.00757782440633, 0.0077362046577, 0.00504324445501, 0.00328573514707, 0.00241903867573, 0.00135211111046, 0.00320220738649, 0.0051487525925, 0.00461284257472, 0.00360260414891, 0.0009724557749, 0.0001570663444, 4.35421861766e-05, 6.41625592834e-05, 0.000754822569434], "mean": [0.000252305355389, 0.00251970207319, 0.00217597233132, 0.00103612616658, 0.00493400357664, 0.00235253223218, 0.00135488738306, 0.000940206053201, 0.000749134575017, 0.000439199415268, 0.000469386024633, 0.000428918923717, 0.000275944010355, 0.000123780453578, 0.000123114310554, 7.78272442403e-05, 7.16686117812e-05, 3.44446634699e-05, 6.73529066262e-05, 6.80449302308e-05, 9.6340685559e-05, 0.000112089204777, 2.01619277505e-05, 9.22083654586e-06, 1.18103048408e-06, 5.12510177941e-06, 5.94182274654e-05], "median": [0.000128066196339, 0.00153263378888, 0.000982566038147, 0.000390939181671, 0.000949255540036, 0.000207674966077, 0.000141515542055, 8.54676472954e-05, 7.00511445757e-05, 7.70582846599e-05, 6.50667207083e-05, 6.47825872875e-05, 6.13887095824e-05, 4.16068796767e-05, 4.35277906945e-05, 3.25305227307e-05, 2.86284048343e-05, 1.45882986544e-05, 2.78439983958e-05, 2.48231262958e-05, 3.51216294803e-05, 2.76804657915e-05, 6.04050637776e-06, 3.23131689584e-06, 3.52517417923e-07, 2.03419358513e-06, 2.80688291241e-05], "min": [1.24521558304e-25, 1.83696580081e-23, 4.84208377205e-23, 5.39317221857e-24, 1.20474308909e-23, 2.94366065801e-23, 3.44381866676e-23, 4.97379609087e-23, 1.1741332507e-22, 9.54994885643e-23, 7.88294755527e-23, 3.00276735507e-22, 1.08655189352e-22, 6.85427861466e-23, 1.34527656098e-22, 1.31576899794e-22, 1.55183038579e-22, 2.12111671743e-22, 3.27882272864e-22, 3.46041547979e-22, 3.92242392273e-22, 4.67519412599e-22, 8.07065391533e-22, 6.78196872108e-22, 1.16687800229e-21, 1.49913743082e-21, 2.63933037652e-21], "var": [1.26123509858e-07, 9.22155504668e-06, 1.0010798178e-05, 4.77269077237e-06, 0.000192062914721, 5.84063818678e-05, 2.72339002549e-05, 1.32685154313e-05, 8.66276786837e-06, 1.873328074e-06, 1.69129395999e-06, 1.76266985363e-06, 3.57766055004e-07, 6.20658866524e-08, 5.93724429621e-08, 1.69625220536e-08, 1.47471412859e-08, 3.7255398766e-09, 1.82116899339e-08, 2.54748719897e-08, 3.43561161742e-08, 4.08161540122e-08, 1.49809176175e-09, 1.91008972528e-10, 6.08666329144e-12, 5.23325063839e-11, 5.57049339989e-09]}, "barkbands_crest": {"dmean": 3.20276117325, "dmean2": 5.16840934753, "dvar": 7.6693444252, "dvar2": 19.2314167023, "max": 25.6979408264, "mean": 11.7771320343, "median": 11.0057468414, "min": 2.54116868973, "var": 21.8444499969}, "barkbands_flatness_db": {"dmean": 0.033099539578, "dmean2": 0.0481519885361, "dvar": 0.000824723159894, "dvar2": 0.00179405324161, "max": 0.423188239336, "mean": 0.155242979527, "median": 0.148430973291, "min": 0.0288287121803, "var": 0.00325391627848}, "barkbands_kurtosis": {"dmean": 9.44179725647, "dmean2": 14.4392356873, "dvar": 370.067901611, "dvar2": 872.527282715, "max": 417.492767334, "mean": 15.0176076889, "median": 6.38572692871, "min": -1.91643881798, "var": 722.045349121}, "barkbands_skewness": {"dmean": 0.948634505272, "dmean2": 1.40813291073, "dvar": 1.0905739069, "dvar2": 2.34943580627, "max": 15.7543373108, "mean": 2.60617542267, "median": 2.16992139816, "min": -4.74432229996, "var": 4.07498073578}, "barkbands_spread": {"dmean": 7.86942672729, "dmean2": 11.697719574, "dvar": 100.08429718, "dvar2": 227.838882446, "max": 132.18170166, "mean": 19.8069095612, "median": 14.1013841629, "min": 0.34937697649, "var": 363.355743408}, "dissonance": {"dmean": 0.0227856468409, "dmean2": 0.037412237376, "dvar": 0.000660672842059, "dvar2": 0.00175839627627, "max": 0.500000178814, "mean": 0.460566312075, "median": 0.473237097263, "min": 0.227189704776, "var": 0.00148486869875}, "dynamic_complexity": 5.65553760529, "erbbands": {"dmean": [0.0390283465385, 0.340820103884, 1.46094107628, 1.7971585989, 4.75794887543, 12.0167446136, 10.8186836243, 16.3094825745, 13.9215526581, 15.3468751907, 15.2111406326, 13.1579942703, 10.6574316025, 13.1480436325, 11.6929187775, 10.9196128845, 8.17928695679, 3.97665309906, 4.11409091949, 3.23491430283, 2.59700727463, 3.54750418663, 1.55788052082, 2.04316544533, 1.9701602459, 1.98921024799, 2.47298693657, 3.14017224312, 4.02618789673, 0.939225792885, 0.47546800971, 0.217049583793, 0.077557630837, 0.0167019218206, 0.00824140198529, 0.00685847876593, 0.0087905023247, 0.0143965091556, 0.00519490754232, 0.000711196276825], "dmean2": [0.0626138746738, 0.562780857086, 2.43321228027, 2.89822149277, 7.32488298416, 17.3453674316, 15.8653993607, 25.2661151886, 21.2503452301, 23.2868423462, 24.1179904938, 21.2794742584, 16.6157016754, 20.7003288269, 18.4951934814, 17.1487045288, 12.6952066422, 6.05785274506, 6.17815351486, 4.82492113113, 3.99162149429, 5.80483531952, 2.47748088837, 3.08113431931, 2.80363941193, 2.78647542, 3.47513604164, 4.50795936584, 6.16431474686, 1.39276456833, 0.733675420284, 0.317779332399, 0.106847777963, 0.0264695696533, 0.0137308370322, 0.010488753207, 0.0128379231319, 0.020937891677, 0.006935515441, 0.00100422778632], "dvar": [0.00324629270472, 0.274909198284, 5.72671794891, 9.03724575043, 118.611190796, 1288.04931641, 1422.58068848, 3749.50195312, 2671.31176758, 3934.23486328, 4115.14941406, 3225.23901367, 1630.87353516, 1675.37451172, 923.674987793, 1225.7479248, 350.561920166, 64.9998626709, 115.540519714, 63.8762969971, 20.5857009888, 48.867641449, 8.80839061737, 19.0278396606, 21.9191570282, 25.5632553101, 31.8789081573, 28.9708194733, 52.6562309265, 2.68827915192, 0.812925636768, 0.128226429224, 0.0125675452873, 0.000769677048083, 0.00026734842686, 0.000108328051283, 0.000190810445929, 0.000600370462053, 6.21506260359e-05, 1.06256709387e-06], "dvar2": [0.00813240837306, 0.721588790417, 15.3738899231, 20.7170028687, 228.877807617, 2358.81689453, 2710.57128906, 7659.58496094, 5925.47558594, 8292.03125, 10525.4238281, 8461.36328125, 3830.28759766, 3858.68676758, 2242.1328125, 3004.74536133, 812.498840332, 139.874984741, 243.237472534, 142.082473755, 48.2074508667, 125.942253113, 21.2587738037, 40.1483802795, 47.1543083191, 55.7490310669, 70.8442001343, 63.5741767883, 126.830123901, 5.91078662872, 2.08579206467, 0.296938240528, 0.0244875345379, 0.00185303937178, 0.00065478309989, 0.000251165853115, 0.000438184099039, 0.00137181719765, 0.000122121011373, 2.24884615818e-06], "max": [0.751218914986, 7.20263814926, 45.4849205017, 69.0897369385, 344.054595947, 778.699584961, 1125.23608398, 2116.31152344, 1517.03710938, 2123.96044922, 1730.55993652, 1649.78430176, 1649.66552734, 821.256225586, 504.524902344, 1228.10400391, 415.931121826, 186.117797852, 394.440551758, 270.637145996, 89.6108474731, 134.971176147, 58.242401123, 140.483657837, 174.360580444, 268.673675537, 228.017654419, 145.082107544, 156.718093872, 52.5945625305, 28.7294788361, 5.81871509552, 1.47048187256, 0.500431537628, 0.305120795965, 0.185062795877, 0.156985968351, 0.327240467072, 0.178273618221, 0.0166651755571], "mean": [0.0664697811007, 0.598631381989, 2.3627808094, 2.96474862099, 7.9919757843, 19.6520614624, 17.4610862732, 21.9790649414, 20.8922119141, 20.7907238007, 20.1124324799, 17.5921936035, 13.9731559753, 17.9105358124, 17.6469554901, 17.0081520081, 13.8778705597, 7.0221657753, 6.94485425949, 5.34338569641, 4.23949956894, 4.13917541504, 2.01835036278, 2.98642969131, 3.19871211052, 3.29677152634, 3.87657761574, 4.25260877609, 4.4743847847, 1.20727181435, 0.564264893532, 0.280724585056, 0.110450357199, 0.0199627000839, 0.00821043178439, 0.00900892727077, 0.011668256484, 0.0175917129964, 0.00765089737251, 0.00155028153677], "median": [0.0407766140997, 0.33674621582, 1.03184890747, 1.55974805355, 2.46047925949, 2.76203250885, 1.92902052402, 1.75484526157, 2.03852343559, 2.10947132111, 1.90033459663, 1.65757274628, 2.29138207436, 3.28832817078, 2.97926831245, 2.94469881058, 3.00160217285, 2.39918923378, 2.62744355202, 2.02220058441, 1.95477962494, 1.69830358028, 0.892484545708, 1.2051820755, 1.3264439106, 1.21456801891, 1.37815785408, 1.40560865402, 1.1623364687, 0.367318272591, 0.160767614841, 0.0903483480215, 0.0421582199633, 0.00868991389871, 0.00252761691809, 0.00418995786458, 0.00438656099141, 0.00550964847207, 0.00266783661209, 0.000823323614895], "min": [7.19928447031e-22, 4.64799773608e-21, 4.43636672675e-20, 4.10759991488e-20, 2.54550293229e-20, 5.1228603961e-20, 6.16459905797e-20, 3.08026602177e-19, 5.31294023239e-19, 6.70519066884e-19, 1.12488363879e-18, 2.11918771891e-18, 4.4480359446e-18, 1.55991394956e-18, 5.59492848135e-18, 1.24368284274e-17, 5.51404345233e-18, 4.76787690897e-18, 5.94197252094e-18, 5.90278442583e-18, 8.45282054052e-18, 8.2312494601e-18, 1.06633887629e-17, 1.40002849847e-17, 1.66178947244e-17, 1.58133110318e-17, 1.85265809007e-17, 1.44872908791e-17, 1.66765451386e-17, 1.65503322664e-17, 2.22844094839e-17, 1.58462791423e-17, 1.36412017449e-17, 1.06181262669e-17, 8.76970929728e-18, 5.02735974482e-18, 2.73733586156e-18, 1.39156077462e-18, 3.64285843974e-19, 3.92350828462e-20], "var": [0.00589127093554, 0.594279646873, 11.3001022339, 20.5323104858, 382.063537598, 3873.03979492, 5181.52050781, 6135.57226562, 5983.43457031, 7290.14892578, 6113.27392578, 5119.38476562, 2407.63549805, 2442.05688477, 1700.97924805, 2427.11767578, 977.071716309, 156.332275391, 200.360580444, 110.908370972, 40.7990379333, 48.2337760925, 11.1310720444, 35.53647995, 47.6597480774, 59.2828903198, 69.888999939, 52.3025932312, 63.2881813049, 5.16248178482, 1.19069695473, 0.195910573006, 0.024495402351, 0.000991966109723, 0.000298251892673, 0.000161134710652, 0.00028499981272, 0.000767895602621, 0.000123713864014, 3.36425773639e-06]}, "erbbands_crest": {"dmean": 3.17411756516, "dmean2": 5.14781475067, "dvar": 8.76923370361, "dvar2": 21.2003269196, "max": 32.560344696, "mean": 9.79216384888, "median": 8.56791114807, "min": 2.35957956314, "var": 24.5505924225}, "erbbands_flatness_db": {"dmean": 0.0248971097171, "dmean2": 0.0367613844573, "dvar": 0.000536778941751, "dvar2": 0.00111409032252, "max": 0.375627964735, "mean": 0.144609510899, "median": 0.13367754221, "min": 0.0402372814715, "var": 0.00257111876272}, "erbbands_kurtosis": {"dmean": 2.0325088501, "dmean2": 3.15728354454, "dvar": 14.3945131302, "dvar2": 31.8198509216, "max": 132.776031494, "mean": 1.95002889633, "median": 0.365805983543, "min": -1.86838829517, "var": 35.420375824}, "erbbands_skewness": {"dmean": 0.542411565781, "dmean2": 0.780917942524, "dvar": 0.281650543213, "dvar2": 0.582054078579, "max": 8.95431423187, "mean": 0.516287505627, "median": 0.393546789885, "min": -4.74609613419, "var": 1.443598032}, "erbbands_spread": {"dmean": 12.6102352142, "dmean2": 18.7298774719, "dvar": 159.187759399, "dvar2": 352.074554443, "max": 143.971008301, "mean": 42.7716178894, "median": 37.6812515259, "min": 0.995966017246, "var": 672.831726074}, "gfcc": {"cov": [[21722.5253906, 2541.0378418, -1090.34936523, -552.667175293, -192.454223633, -431.633483887, 203.380187988, -859.90246582, -121.64818573, -139.478546143, -22.4270782471, -160.033859253, 241.956069946], [2541.0378418, 1371.01086426, -80.1078643799, -489.260986328, -64.5921173096, -66.6933288574, -93.8110427856, -144.448059082, -48.2479362488, 7.89875793457, 6.12063455582, -123.107063293, 67.7091903687], [-1090.34936523, -80.1078643799, 599.424560547, 415.978363037, 7.94530963898, -28.6988239288, -73.1995010376, 144.035461426, 37.8013725281, 1.72737908363, -29.6477546692, 26.0210590363, -58.5810203552], [-552.667175293, -489.260986328, 415.978363037, 782.821960449, 205.034973145, -10.7266778946, 85.3262939453, 67.8316879272, 39.894569397, -64.6380004883, -33.9439849854, 59.2974205017, -77.6352081299], [-192.454223633, -64.5921173096, 7.94530963898, 205.034973145, 279.244903564, 154.251434326, 95.2746963501, -15.1014499664, -31.6065788269, -59.0555267334, -4.53569078445, 13.5198221207, -14.4565229416], [-431.633483887, -66.6933288574, -28.6988239288, -10.7266778946, 154.251434326, 260.357452393, 95.4232940674, 37.8105239868, -66.9417495728, -15.658949852, 8.22591018677, 15.5121545792, 6.37279272079], [203.380187988, -93.8110427856, -73.1995010376, 85.3262939453, 95.2746963501, 95.4232940674, 234.514572144, 20.9910812378, 31.5798988342, -40.7967758179, 7.29508256912, 19.5298538208, -17.5780258179], [-859.90246582, -144.448059082, 144.035461426, 67.8316879272, -15.1014499664, 37.8105239868, 20.9910812378, 208.405899048, 80.6604232788, 49.6519546509, 2.49067044258, 6.7685418129, -8.82087516785], [-121.64818573, -48.2479362488, 37.8013725281, 39.894569397, -31.6065788269, -66.9417495728, 31.5798988342, 80.6604232788, 188.172470093, 50.5153770447, 6.63377571106, 8.10946369171, -30.2479858398], [-139.478546143, 7.89875793457, 1.72737908363, -64.6380004883, -59.0555267334, -15.658949852, -40.7967758179, 49.6519546509, 50.5153770447, 121.198127747, 38.3904953003, -19.7339477539, 10.232219696], [-22.4270782471, 6.12063455582, -29.6477546692, -33.9439849854, -4.53569078445, 8.22591018677, 7.29508256912, 2.49067044258, 6.63377571106, 38.3904953003, 68.8463745117, 23.1973686218, 5.90237379074], [-160.033859253, -123.107063293, 26.0210590363, 59.2974205017, 13.5198221207, 15.5121545792, 19.5298538208, 6.7685418129, 8.10946369171, -19.7339477539, 23.1973686218, 95.1308288574, 19.8281078339], [241.956069946, 67.7091903687, -58.5810203552, -77.6352081299, -14.4565229416, 6.37279272079, -17.5780258179, -8.82087516785, -30.2479858398, 10.232219696, 5.90237379074, 19.8281078339, 95.5341033936]], "icov": [[9.42178667174e-05, -0.000285770831397, 0.000377980584744, -0.000414830778027, 0.000376680894988, -0.000127360908664, -4.33230416093e-05, 0.000142531076563, -3.33152602252e-05, -4.50801016996e-05, 0.000126014099806, -0.000114787260827, -6.04142333032e-05], [-0.000285770831397, 0.00266313389875, -0.00319070206024, 0.00358940288424, -0.00285846786574, 0.00168262340594, -0.000717138173059, 0.00109122903086, -0.000340171071002, 0.000735970912501, -0.00142846175004, 0.00262905820273, -0.00142326159403], [0.000377980584744, -0.00319070206024, 0.00835201703012, -0.00718857999891, 0.00545887416229, -0.00345239625312, 0.00347601529211, -0.00336240697652, 0.000258705200395, 0.000133583351271, 0.00164791755378, -0.00290945544839, 0.00253886962309], [-0.000414830778027, 0.00358940288424, -0.00718857999891, 0.00949539337307, -0.00852917786688, 0.00624092994258, -0.00348571152426, 0.00100524455775, 0.00128985696938, -0.00112834421452, 0.00054198311409, 0.000361199869076, -1.96922828763e-05], [0.000376680894988, -0.00285846786574, 0.00545887416229, -0.00852917786688, 0.0145396487787, -0.0101933386177, 0.0025599936489, 0.00136535137426, -0.0033012276981, 0.00451034680009, -0.00231736758724, 0.00167295814026, -0.000767031975556], [-0.000127360908664, 0.00168262340594, -0.00345239625312, 0.00624092994258, -0.0101933386177, 0.0138167720288, -0.00523399887607, -0.00302338297479, 0.00666540395468, -0.00482960371301, 0.00268616271205, -0.00302845146507, 0.0014685865026], [-4.33230416093e-05, -0.000717138173059, 0.00347601529211, -0.00348571152426, 0.0025599936489, -0.00523399887607, 0.00897025875747, -0.00142242305446, -0.00364906364121, 0.00482607912272, -0.00296293292195, 0.000901592953596, 0.000496189924888], [0.000142531076563, 0.00109122903086, -0.00336240697652, 0.00100524455775, 0.00136535137426, -0.00302338297479, -0.00142242305446, 0.0108235552907, -0.00468602310866, -0.00123191939201, -0.000271668774076, 0.00262493803166, -0.0031131231226], [-3.33152602252e-05, -0.000340171071002, 0.000258705200395, 0.00128985696938, -0.0033012276981, 0.00666540395468, -0.00364906364121, -0.00468602310866, 0.0121472366154, -0.0072619440034, 0.00465499609709, -0.00562269659713, 0.00498727196828], [-4.50801016996e-05, 0.000735970912501, 0.000133583351271, -0.00112834421452, 0.00451034680009, -0.00482960371301, 0.00482607912272, -0.00123191939201, -0.0072619440034, 0.0208653975278, -0.0141173573211, 0.0102724088356, -0.00525744259357], [0.000126014099806, -0.00142846175004, 0.00164791755378, 0.00054198311409, -0.00231736758724, 0.00268616271205, -0.00296293292195, -0.000271668774076, 0.00465499609709, -0.0141173573211, 0.0268332213163, -0.0128239197657, 0.00503376265988], [-0.000114787260827, 0.00262905820273, -0.00290945544839, 0.000361199869076, 0.00167295814026, -0.00302845146507, 0.000901592953596, 0.00262493803166, -0.00562269659713, 0.0102724088356, -0.0128239197657, 0.0217476561666, -0.0088016288355], [-6.04142333032e-05, -0.00142326159403, 0.00253886962309, -1.96922828763e-05, -0.000767031975556, 0.0014685865026, 0.000496189924888, -0.0031131231226, 0.00498727196828, -0.00525744259357, 0.00503376265988, -0.0088016288355, 0.0164177902043]], "mean": [-76.5331420898, 86.8558654785, -82.9342575073, 22.3829994202, -32.8166275024, -9.34164810181, -2.86650300026, -23.0026454926, -5.65997362137, -8.82284355164, -11.613861084, 0.602308571339, -10.6250123978]}, "hfc": {"dmean": 8.97132778168, "dmean2": 12.7838468552, "dvar": 180.011062622, "dvar2": 397.602294922, "max": 299.071899414, "mean": 21.693775177, "median": 12.6799373627, "min": 1.21174918778e-16, "var": 676.732299805}, "melbands": {"dmean": [0.000345663458575, 0.000634067400824, 0.00036896718666, 0.000585081172176, 0.000439411407569, 0.000351103546564, 0.000210206882912, 0.000168770246091, 0.000118400326755, 8.21994108264e-05, 5.36468760401e-05, 5.39759494131e-05, 4.4163876737e-05, 3.85412895412e-05, 1.97862027562e-05, 1.56694550242e-05, 7.16485874364e-06, 7.02712804923e-06, 5.83006794841e-06, 3.47401896761e-06, 3.21516631629e-06, 4.17555611421e-06, 2.11012979889e-06, 1.10479732029e-06, 1.81835480362e-06, 1.60851755027e-06, 1.30849343805e-06, 1.41187024383e-06, 1.51473909682e-06, 1.62588275998e-06, 2.2104418349e-06, 2.785615834e-06, 1.18795446724e-06, 3.1928780686e-07, 2.76256344023e-07, 2.15375308699e-07, 1.10759941663e-07, 6.20459346123e-08, 2.73200821965e-08, 1.08163149548e-08], "dmean2": [0.000560079177376, 0.00104824837763, 0.000584627036005, 0.0008565611206, 0.000641333637759, 0.000543126545381, 0.000320285733324, 0.000259227090282, 0.000187219615327, 0.000133262466989, 8.3802107838e-05, 8.52470984682e-05, 7.02159595676e-05, 6.09828166489e-05, 3.0920815334e-05, 2.43977356149e-05, 1.11514409582e-05, 1.07102596303e-05, 8.86395901034e-06, 5.35212257091e-06, 5.01877866554e-06, 6.85803433953e-06, 3.51516655428e-06, 1.72905572526e-06, 2.78732591141e-06, 2.34920275943e-06, 1.92661809706e-06, 2.02866294785e-06, 2.16474541048e-06, 2.37012568505e-06, 3.30438138008e-06, 4.30838099419e-06, 1.86560293969e-06, 4.76455454645e-07, 4.33732964211e-07, 3.39837782803e-07, 1.5915941276e-07, 8.58166586681e-08, 4.10501499459e-08, 1.80838402031e-08], "dvar": [2.63946844825e-07, 9.88196461549e-07, 4.51373068699e-07, 2.03494573725e-06, 2.31602962231e-06, 1.57079716701e-06, 5.63334197068e-07, 4.12606709688e-07, 2.27436046885e-07, 1.2076334599e-07, 4.16818899396e-08, 2.86799508586e-08, 1.59689310664e-08, 1.82772801338e-08, 1.85937076846e-09, 1.3247903885e-09, 2.31561422814e-10, 4.13804462918e-10, 1.973198549e-10, 7.01410526882e-11, 3.17574334885e-11, 7.17863962718e-11, 1.65998256807e-11, 5.09601345497e-12, 1.57801462869e-11, 1.26187454583e-11, 1.35095268305e-11, 1.21920277693e-11, 1.44441117053e-11, 1.20738523346e-11, 1.60422283096e-11, 2.61529513323e-11, 5.24804158464e-12, 3.38641197332e-13, 3.02728491147e-13, 1.64752732941e-13, 3.49854456657e-14, 8.52448960622e-15, 1.67100468137e-15, 4.62942045674e-16], "dvar2": [6.69983194257e-07, 2.65286689682e-06, 9.29965835894e-07, 3.67355437447e-06, 4.39370342065e-06, 3.19932473758e-06, 1.24950383906e-06, 9.03985721834e-07, 5.71396185478e-07, 3.1832479408e-07, 9.73050120479e-08, 6.5361220436e-08, 3.93839165724e-08, 4.455469238e-08, 4.54937465477e-09, 3.04301717158e-09, 5.18958598317e-10, 8.87992568366e-10, 4.26170460033e-10, 1.66328562035e-10, 7.50221967882e-11, 1.86221454923e-10, 4.29682713021e-11, 1.18533681134e-11, 3.44001112318e-11, 2.50361623794e-11, 3.10078664134e-11, 2.75343341877e-11, 3.21835023909e-11, 2.91804219676e-11, 3.73938484344e-11, 6.33171501341e-11, 1.29930389364e-11, 7.3949798108e-13, 7.90576480149e-13, 4.25492486297e-13, 7.67787797316e-14, 1.6717633476e-14, 3.78888509922e-15, 1.13508577097e-15], "max": [0.00703521911055, 0.0168540477753, 0.0215092021972, 0.0315994508564, 0.0394042804837, 0.0408057644963, 0.0232894085348, 0.0197562482208, 0.0141705712304, 0.00911790784448, 0.00795889738947, 0.00382193853147, 0.00285734073259, 0.00392307946458, 0.000884170469362, 0.000930718728341, 0.000426848884672, 0.0008345398237, 0.000423557095928, 0.000297271675663, 0.000125002756249, 0.000179168360773, 4.83796247863e-05, 6.09707640251e-05, 0.00013007283269, 0.000106700688775, 0.000160555136972, 0.000175988010596, 0.000189778831555, 0.00012289971346, 7.7947282989e-05, 0.000104447324702, 4.87739125674e-05, 2.6703295589e-05, 1.94296499103e-05, 6.84758060743e-06, 3.69475924344e-06, 1.28987369408e-06, 7.65851154938e-07, 3.97209902303e-07], "mean": [0.000645240419544, 0.00110442738514, 0.00065128179267, 0.000993045629002, 0.000718754949048, 0.000479811336845, 0.000314307282679, 0.00022550180438, 0.000154131645104, 0.000106740699266, 6.7951688834e-05, 7.11219763616e-05, 6.16707620793e-05, 5.4944819567e-05, 3.26519111695e-05, 2.51170076808e-05, 1.14980821309e-05, 1.11315694085e-05, 8.96739948075e-06, 5.55727865503e-06, 4.85205146106e-06, 4.69075712317e-06, 2.33954278883e-06, 1.52482800786e-06, 2.52117683885e-06, 2.50788389167e-06, 2.04346633836e-06, 2.23423353418e-06, 2.32282263823e-06, 2.37686344917e-06, 2.65291328105e-06, 3.00153669741e-06, 1.31844933549e-06, 4.28414068665e-07, 3.24476474134e-07, 2.46018885264e-07, 1.45780219896e-07, 8.77033485835e-08, 3.5198681303e-08, 1.03740847024e-08], "median": [0.00041716452688, 0.000552485871594, 0.000329234695528, 0.000215811189264, 7.70728947828e-05, 3.9120677684e-05, 3.13618402288e-05, 2.30294317589e-05, 1.40079409903e-05, 9.93678349914e-06, 1.07293753899e-05, 1.2109079762e-05, 9.49287641561e-06, 7.35035382604e-06, 6.57250438962e-06, 5.60704120289e-06, 3.87391810364e-06, 3.95523238694e-06, 3.14842304761e-06, 1.94926087715e-06, 2.12971963265e-06, 1.76989055944e-06, 9.91257707028e-07, 6.42690338282e-07, 9.73553369477e-07, 1.06015227175e-06, 7.79068727752e-07, 7.74088903199e-07, 7.83350174061e-07, 8.21728008304e-07, 7.57743237045e-07, 7.23604898667e-07, 3.57737519607e-07, 1.36425484243e-07, 9.32892376682e-08, 7.08373164571e-08, 4.71770249533e-08, 3.21383666346e-08, 1.43944847153e-08, 2.79442957662e-09], "min": [5.7654546124e-24, 1.67889464149e-23, 6.59949160951e-24, 3.10192611378e-24, 1.94898795422e-24, 6.78333840449e-24, 7.69476541741e-24, 8.75399814271e-24, 8.38833034756e-24, 1.62467544261e-23, 2.29809412742e-23, 6.10191009937e-24, 1.27200618192e-23, 3.42375730286e-23, 1.86787936642e-23, 1.32370954559e-23, 7.89968071501e-24, 8.16891815311e-24, 9.65034686829e-24, 6.9231143017e-24, 1.12155881104e-23, 8.32992229728e-24, 9.6130029819e-24, 9.93455373092e-24, 1.0671391626e-23, 1.53517680633e-23, 9.56019821063e-24, 1.02169272808e-23, 1.14169385455e-23, 1.07812263076e-23, 7.13650906517e-24, 9.59455625849e-24, 9.64268624004e-24, 8.43510269949e-24, 1.2262619524e-23, 1.4905561514e-23, 7.48887035457e-24, 9.62718117895e-24, 8.99176634157e-24, 9.07794150685e-24], "var": [5.35866263363e-07, 2.07083803616e-06, 1.29194825149e-06, 6.5936824285e-06, 7.65376626077e-06, 2.70811506198e-06, 1.25264261897e-06, 7.53887775318e-07, 3.507752524e-07, 1.84718473406e-07, 6.0834544513e-08, 4.13754897011e-08, 2.39817392611e-08, 3.49537678801e-08, 4.42755831997e-09, 3.28733862354e-09, 4.72212546843e-10, 6.38697039701e-10, 3.38810063338e-10, 1.15457761407e-10, 5.83442252844e-11, 6.96845844916e-11, 1.57042434612e-11, 7.93971138835e-12, 2.74263250999e-11, 2.70319443912e-11, 2.59027330834e-11, 2.72283567221e-11, 2.97079132128e-11, 2.19000737683e-11, 2.19357969289e-11, 2.96825272694e-11, 6.3970911901e-12, 7.92935270395e-13, 4.54173835042e-13, 1.82226616067e-13, 5.66879679862e-14, 1.63209831934e-14, 2.46281859788e-15, 5.10879292988e-16]}, "melbands_crest": {"dmean": 3.85870027542, "dmean2": 6.252617836, "dvar": 11.0646572113, "dvar2": 28.3525161743, "max": 36.0633163452, "mean": 16.6079921722, "median": 15.8474903107, "min": 2.55640220642, "var": 35.5999298096}, "melbands_flatness_db": {"dmean": 0.0397192761302, "dmean2": 0.0568626560271, "dvar": 0.00117779173888, "dvar2": 0.00256058294326, "max": 0.563684999943, "mean": 0.253221273422, "median": 0.25047570467, "min": 0.00797755457461, "var": 0.00540842209011}, "melbands_kurtosis": {"dmean": 20.0451850891, "dmean2": 30.5074672699, "dvar": 1366.17626953, "dvar2": 3057.14868164, "max": 678.587280273, "mean": 35.7275657654, "median": 14.7980966568, "min": -1.81660735607, "var": 3590.46362305}, "melbands_skewness": {"dmean": 1.26119482517, "dmean2": 1.88891112804, "dvar": 1.82649326324, "dvar2": 3.93830037117, "max": 19.8909072876, "mean": 3.83490395546, "median": 3.1559574604, "min": -2.45179748535, "var": 8.57485961914}, "melbands_spread": {"dmean": 7.16687202454, "dmean2": 11.1700363159, "dvar": 140.050048828, "dvar2": 342.116912842, "max": 179.218353271, "mean": 17.2725791931, "median": 11.0415744781, "min": 0.391679018736, "var": 502.923919678}, "mfcc": {"cov": [[12092.7666016, 1860.03125, -884.011291504, 61.5984077454, -792.118164062, 419.083068848, -245.511032104, -234.90296936, -223.922088623, 117.556816101, -410.1980896, 51.162815094, -101.034133911], [1860.03125, 1589.30859375, -132.769897461, -419.109802246, -136.300598145, -31.3468952179, -58.4978752136, -202.378295898, -33.5753097534, -21.7966651917, -1.35765445232, -86.2118453979, 29.156419754], [-884.011291504, -132.769897461, 557.911254883, 300.279052734, 134.442474365, -103.586662292, -52.0086631775, 40.657409668, 33.9065361023, -10.8695487976, 82.412361145, 34.4043045044, -28.9301929474], [61.5984077454, -419.109802246, 300.279052734, 677.496643066, 148.506530762, 83.4854660034, -14.4070854187, 136.289993286, 26.565820694, 24.4766483307, 3.61157655716, 67.8067932129, -51.0007781982], [-792.118164062, -136.300598145, 134.442474365, 148.506530762, 262.404541016, 58.304977417, 62.685256958, 55.579498291, 21.3165473938, -28.5769805908, 29.897983551, -5.64586734772, -0.898961544037], [419.083068848, -31.3468952179, -103.586662292, 83.4854660034, 58.304977417, 245.091400146, 132.72984314, 86.5680999756, -5.14408159256, -21.5307769775, -47.404460907, 10.9297780991, -8.95324230194], [-245.511032104, -58.4978752136, -52.0086631775, -14.4070854187, 62.685256958, 132.72984314, 236.004470825, 87.1321258545, 17.0434169769, -20.7089233398, -35.5503005981, -3.38901925087, 19.8852996826], [-234.90296936, -202.378295898, 40.657409668, 136.289993286, 55.579498291, 86.5680999756, 87.1321258545, 224.967697144, 63.7531852722, -13.4809513092, 29.812292099, 26.6527862549, -7.05498695374], [-223.922088623, -33.5753097534, 33.9065361023, 26.565820694, 21.3165473938, -5.14408159256, 17.0434169769, 63.7531852722, 106.849281311, 47.2312812805, 30.968585968, 1.54084193707, 7.78609848022], [117.556816101, -21.7966651917, -10.8695487976, 24.4766483307, -28.5769805908, -21.5307769775, -20.7089233398, -13.4809513092, 47.2312812805, 133.382522583, 32.8688735962, 26.0283317566, 2.81783652306], [-410.1980896, -1.35765445232, 82.412361145, 3.61157655716, 29.897983551, -47.404460907, -35.5503005981, 29.812292099, 30.968585968, 32.8688735962, 142.019805908, 34.0797080994, 10.2534208298], [51.162815094, -86.2118453979, 34.4043045044, 67.8067932129, -5.64586734772, 10.9297780991, -3.38901925087, 26.6527862549, 1.54084193707, 26.0283317566, 34.0797080994, 87.1846542358, 21.1512317657], [-101.034133911, 29.156419754, -28.9301929474, -51.0007781982, -0.898961544037, -8.95324230194, 19.8852996826, -7.05498695374, 7.78609848022, 2.81783652306, 10.2534208298, 21.1512317657, 65.0625991821]], "icov": [[0.000224241870455, -0.000308620772557, 0.000247203017352, -0.000312036834657, 0.000496720022056, -0.000374317110982, 0.000308773800498, -7.56382287364e-05, 0.000199058296857, -0.000200517271878, 0.000443237368017, -0.000351041409886, 0.000233755796216], [-0.000308620772557, 0.00131360802334, -0.000631015922409, 0.000866989023052, -0.00026222737506, -0.000258594256593, -0.000154993715114, 0.000805425457656, -0.000526816467755, 0.000437568523921, -0.00101109663956, 0.00128279672936, -0.000786979740951], [0.000247203017352, -0.000631015922409, 0.00416405685246, -0.0021791937761, -0.000686689163558, 0.0024476822, -0.000613082898781, 0.0004703970626, -0.00093790597748, 0.00146397028584, -0.000784032221418, -0.00187371182255, 0.00215723924339], [-0.000312036834657, 0.000866989023052, -0.0021791937761, 0.00402029324323, -0.00171696918551, -0.00124389049597, 0.0013004343491, -0.00139996653888, 0.000389979948523, -0.00127129186876, 0.00122900702991, -0.000980329932645, 0.000698586343788], [0.000496720022056, -0.00026222737506, -0.000686689163558, -0.00171696918551, 0.00740508921444, -0.00274933478795, -0.000567777082324, 0.00102504622191, -0.000521204550751, 0.00111079507042, -0.00152249692474, 0.0021041596774, -0.00118354707956], [-0.000374317110982, -0.000258594256593, 0.0024476822, -0.00124389049597, -0.00274933478795, 0.010327112861, -0.00455514527857, -0.00170705013443, 0.000660543795675, 0.000897588208318, 0.000802192662377, -0.00243106298149, 0.00278412899934], [0.000308773800498, -0.000154993715114, -0.000613082898781, 0.0013004343491, -0.000567777082324, -0.00455514527857, 0.0087228231132, -0.00277234450914, 0.000607882393524, -0.00133788073435, 0.00281928549521, 0.000623469299171, -0.00296735437587], [-7.56382287364e-05, 0.000805425457656, 0.0004703970626, -0.00139996653888, 0.00102504622191, -0.00170705013443, -0.00277234450914, 0.0102490233257, -0.00682743964717, 0.0045745447278, -0.00340668065473, -0.00162888981868, 0.00205662474036], [0.000199058296857, -0.000526816467755, -0.00093790597748, 0.000389979948523, -0.000521204550751, 0.000660543795675, 0.000607882393524, -0.00682743964717, 0.017613966018, -0.00807699933648, 0.000279398373095, 0.00428867852315, -0.00360487820581], [-0.000200517271878, 0.000437568523921, 0.00146397028584, -0.00127129186876, 0.00111079507042, 0.000897588208318, -0.00133788073435, 0.0045745447278, -0.00807699933648, 0.0130304954946, -0.00317955506034, -0.00358216883615, 0.00225860252976], [0.000443237368017, -0.00101109663956, -0.000784032221418, 0.00122900702991, -0.00152249692474, 0.000802192662377, 0.00281928549521, -0.00340668065473, 0.000279398373095, -0.00317955506034, 0.0125986728817, -0.00502381986007, 0.000366444612155], [-0.000351041409886, 0.00128279672936, -0.00187371182255, -0.000980329932645, 0.0021041596774, -0.00243106298149, 0.000623469299171, -0.00162888981868, 0.00428867852315, -0.00358216883615, -0.00502381986007, 0.0207191761583, -0.00969620421529], [0.000233755796216, -0.000786979740951, 0.00215723924339, 0.000698586343788, -0.00118354707956, 0.00278412899934, -0.00296735437587, 0.00205662474036, -0.00360487820581, 0.00225860252976, 0.000366444612155, -0.00969620421529, 0.022516971454]], "mean": [-728.763000488, 134.149597168, 6.79668807983, 39.0875968933, -8.32883453369, 24.7382297516, -2.89849734306, 6.73982954025, -0.742816984653, -1.78505432606, -3.18297815323, 2.28815746307, -3.90363311768]}, "pitch_salience": {"dmean": 0.0888794437051, "dmean2": 0.142810001969, "dvar": 0.00579030206427, "dvar2": 0.0144221624359, "max": 0.99315905571, "mean": 0.546176791191, "median": 0.566322922707, "min": 0.121346227825, "var": 0.0173200126737}, "silence_rate_20dB": {"dmean": 0, "dmean2": 0, "dvar": 0, "dvar2": 0, "max": 1, "mean": 1, "median": 1, "min": 1, "var": 0}, "silence_rate_30dB": {"dmean": 0.00893231015652, "dmean2": 0.0178671125323, "dvar": 0.00885272119194, "dvar2": 0.0203402340412, "max": 1, "mean": 0.986882507801, "median": 1, "min": 0, "var": 0.0129465162754}, "silence_rate_60dB": {"dmean": 0.056664340198, "dmean2": 0.113344497979, "dvar": 0.0534492395818, "dvar2": 0.113328456879, "max": 1, "mean": 0.156154066324, "median": 0, "min": 0, "var": 0.13177588582}, "spectral_centroid": {"dmean": 323.938354492, "dmean2": 461.255889893, "dvar": 155129.5625, "dvar2": 298179.78125, "max": 11311.4042969, "mean": 1120.97875977, "median": 854.953857422, "min": 152.13458252, "var": 678058}, "spectral_complexity": {"dmean": 2.79385900497, "dmean2": 4.01256275177, "dvar": 10.5046920776, "dvar2": 18.3454532623, "max": 40, "mean": 9.72760295868, "median": 9, "min": 0, "var": 49.024520874}, "spectral_contrast_coeffs": {"dmean": [0.0562405101955, 0.0494886375964, 0.0407290384173, 0.0295604616404, 0.0211994219571, 0.0382239259779], "dmean2": [0.0888673663139, 0.0804054364562, 0.0658380687237, 0.0476528629661, 0.034763481468, 0.0578566305339], "dvar": [0.00207496271469, 0.00168768141884, 0.00113974499982, 0.000575399782974, 0.000321998988511, 0.00107219454367], "dvar2": [0.00485811335966, 0.00422704406083, 0.0028936129529, 0.00146904797293, 0.000854975834955, 0.00237032165751], "max": [-0.23306055367, -0.351197361946, -0.486945837736, -0.630085706711, -0.6846139431, -0.500838756561], "mean": [-0.658102214336, -0.77617162466, -0.811451077461, -0.827498078346, -0.837962687016, -0.709855437279], "median": [-0.664079666138, -0.791203141212, -0.818626046181, -0.826907515526, -0.8373093009, -0.702169835567], "min": [-0.999162137508, -0.999334156513, -0.989499986172, -0.980249166489, -0.964746236801, -0.959778487682], "var": [0.0105297481641, 0.00714602088556, 0.00465991673991, 0.00239730044268, 0.000946390267927, 0.00394441373646]}, "spectral_contrast_valleys": {"dmean": [0.451159447432, 0.460197269917, 0.439201593399, 0.408695667982, 0.414588302374, 0.489108681679], "dmean2": [0.695385336876, 0.690333425999, 0.640115380287, 0.576109468937, 0.538010776043, 0.718876898289], "dvar": [0.157220453024, 0.163635075092, 0.177744194865, 0.168662756681, 0.168044343591, 0.188023120165], "dvar2": [0.32240986824, 0.323822587729, 0.324895620346, 0.308745056391, 0.293609291315, 0.415249407291], "max": [-5.67548418045, -4.68061971664, -5.48872709274, -6.08371925354, -5.71165657043, -9.21381187439], "mean": [-7.61213493347, -7.36294269562, -7.89707231522, -8.40760993958, -8.30559253693, -11.4250936508], "median": [-7.21766757965, -7.12599754333, -7.57119464874, -8.0517244339, -8.00839996338, -11.2267026901], "min": [-26.9679889679, -27.1275672913, -27.0670986176, -27.3586025238, -27.0335903168, -27.3256855011], "var": [2.75277709961, 2.5972661972, 2.62264752388, 2.33626890182, 1.9204416275, 1.37477254868]}, "spectral_decrease": {"dmean": 1.81339776528e-09, "dmean2": 2.64752908485e-09, "dvar": 8.07835422285e-18, "dvar2": 1.57146780156e-17, "max": 2.15012799232e-11, "mean": -4.60502924682e-09, "median": -2.80244027984e-09, "min": -4.89423079841e-08, "var": 3.22000104294e-17}, "spectral_energy": {"dmean": 0.00733796320856, "dmean2": 0.0106188114733, "dvar": 0.000126395374537, "dvar2": 0.00024456778192, "max": 0.190235599875, "mean": 0.0193481892347, "median": 0.0121246110648, "min": 1.08108572106e-20, "var": 0.000525236246176}, "spectral_energyband_high": {"dmean": 0.000229566168855, "dmean2": 0.000315652490826, "dvar": 1.30072777438e-07, "dvar2": 2.74371700471e-07, "max": 0.00753054395318, "mean": 0.000335326592904, "median": 0.000123109581182, "min": 7.43236886119e-21, "var": 2.75093725577e-07}, "spectral_energyband_low": {"dmean": 0.00255580036901, "dmean2": 0.00415016151965, "dvar": 1.30519829327e-05, "dvar2": 3.37017263519e-05, "max": 0.0550048686564, "mean": 0.00526971416548, "median": 0.00366282276809, "min": 7.19058579577e-23, "var": 3.04027198581e-05}, "spectral_energyband_middle_high": {"dmean": 0.000998943112791, "dmean2": 0.00145239348058, "dvar": 3.87353702536e-06, "dvar2": 8.30603494251e-06, "max": 0.0375899150968, "mean": 0.00207346188836, "median": 0.000835615675896, "min": 1.75695787435e-21, "var": 1.09569264168e-05}, "spectral_energyband_middle_low": {"dmean": 0.00542987789959, "dmean2": 0.00786658469588, "dvar": 0.000115956871014, "dvar2": 0.00022374803666, "max": 0.188508197665, "mean": 0.011480611749, "median": 0.0034685456194, "min": 2.95746275774e-22, "var": 0.000428410829045}, "spectral_entropy": {"dmean": 0.246615752578, "dmean2": 0.350938677788, "dvar": 0.0570521019399, "dvar2": 0.116610102355, "max": 9.80635452271, "mean": 7.4627866745, "median": 7.54307746887, "min": 4.69964838028, "var": 0.262933939695}, "spectral_flux": {"dmean": 0.0214502196759, "dmean2": 0.0333712734282, "dvar": 0.000597223290242, "dvar2": 0.0014360838104, "max": 0.343976259232, "mean": 0.067848958075, "median": 0.060934253037, "min": 1.03975272836e-10, "var": 0.00194618839305}, "spectral_kurtosis": {"dmean": 2.29726529121, "dmean2": 3.38981604576, "dvar": 9.53245639801, "dvar2": 20.4727592468, "max": 48.5393676758, "mean": 7.96602249146, "median": 6.16149044037, "min": -1.26501703262, "var": 29.0826683044}, "spectral_rms": {"dmean": 0.000766435055993, "dmean2": 0.00107148068491, "dvar": 7.33502588446e-07, "dvar2": 1.3251431028e-06, "max": 0.0136233512312, "mean": 0.00372578133829, "median": 0.00343931512907, "min": 3.24764195571e-12, "var": 4.99486304761e-06}, "spectral_rolloff": {"dmean": 1224.26269531, "dmean2": 2193.93579102, "dvar": 10617089, "dvar2": 27374234, "max": 22006.9335938, "mean": 1808.21643066, "median": 753.662109375, "min": 21.533203125, "var": 12471047}, "spectral_skewness": {"dmean": 0.322659909725, "dmean2": 0.446154385805, "dvar": 0.107109710574, "dvar2": 0.208431735635, "max": 5.29948186874, "mean": 1.81609797478, "median": 1.67614459991, "min": -0.0260183569044, "var": 0.506417751312}, "spectral_spread": {"dmean": 503169.34375, "dmean2": 752603.6875, "dvar": 377642647552, "dvar2": 604862545920, "max": 42265680, "mean": 4458380.5, "median": 4505082