{"lowlevel": {"average_loudness": 0.555492162704, "barkbands": {"dmean": [1.75609238795e-05, 0.000381188729079, 0.000309146736981, 0.000112680667371, 0.000723369827028, 0.000899139326066, 0.000496116117574, 0.00069521588739, 0.00179685500916, 0.00125825987197, 0.000469325837912, 0.000350914197043, 0.00056092889281, 0.00017426739214, 0.000215085063246, 0.000118458701763, 0.000124534199131, 0.000113142115879, 8.33836820675e-05, 8.83767861524e-05, 4.60386399936e-05, 1.4469315829e-05, 1.82953026524e-05, 2.80892327282e-05, 1.49030074681e-05, 2.93760786008e-06, 6.11745520018e-07], "dmean2": [2.85475853161e-05, 0.000567851297092, 0.000404183811042, 0.000172505227965, 0.00106854073238, 0.00130476639606, 0.000740346382372, 0.00104797969107, 0.00281923729926, 0.0018568088999, 0.000696174742188, 0.000510819372721, 0.000830052071251, 0.00023865752155, 0.000327270332491, 0.000175522480276, 0.000181460025487, 0.000163556294865, 0.000120497912576, 0.00012703021639, 6.81923702359e-05, 2.25992462219e-05, 2.64446716756e-05, 3.82355101465e-05, 2.03548479476e-05, 4.27795066571e-06, 1.01095326954e-06], "dvar": [1.72174523527e-08, 1.19150490718e-06, 7.90488229541e-07, 1.79536371547e-07, 2.89550189336e-06, 3.98135625801e-06, 3.37752931046e-06, 3.55637098437e-06, 2.5252078558e-05, 1.58643470058e-05, 1.58912780535e-06, 1.34234096549e-06, 2.90051457341e-06, 5.40074665878e-07, 7.0262490226e-07, 1.9549827357e-07, 2.36418344457e-07, 1.10860909786e-07, 5.26676373624e-08, 5.79951624502e-08, 2.1093336855e-08, 2.74231770625e-09, 1.32493012117e-08, 4.05524289704e-08, 1.72463572312e-08, 4.89637219658e-10, 4.89994373201e-12], "dvar2": [3.62138301568e-08, 2.7705273169e-06, 1.43439194744e-06, 3.56893622211e-07, 5.67758206671e-06, 7.5808920883e-06, 6.33936679151e-06, 7.695268323e-06, 5.91658208577e-05, 3.28744317812e-05, 3.16683031087e-06, 2.64008394879e-06, 6.25722759651e-06, 9.17753652629e-07, 1.63910249285e-06, 3.67804091184e-07, 4.69147096283e-07, 2.2611416739e-07, 9.96856641677e-08, 1.16407612438e-07, 4.52483135405e-08, 5.79986059179e-09, 2.25250271768e-08, 5.85251882512e-08, 2.88408088522e-08, 8.59801618791e-10, 1.1991650728e-11], "max": [0.00886907055974, 0.0239251572639, 0.0204558894038, 0.0182904135436, 0.0613726079464, 0.0501816496253, 0.0678321570158, 0.0810877978802, 0.0873658508062, 0.135926917195, 0.0349463298917, 0.0354556404054, 0.0444673858583, 0.0386982262135, 0.0248000267893, 0.0134402941912, 0.0201646797359, 0.00965907424688, 0.00949549861252, 0.0121975429356, 0.00483703520149, 0.00243350164965, 0.00543355476111, 0.0127527648583, 0.00961575563997, 0.00182776490692, 4.34164394392e-05], "mean": [2.82992605207e-05, 0.00098332867492, 0.000812814047094, 0.00021316378843, 0.00164986797608, 0.00198119576089, 0.000855452672113, 0.00121641997248, 0.00321608921513, 0.00282948929816, 0.000941389182117, 0.000607433845289, 0.00127357814927, 0.000287673610728, 0.0003935873101, 0.000207613178645, 0.000267045455985, 0.000256537285168, 0.000165865640156, 0.000205862685107, 7.6719574281e-05, 2.26395932259e-05, 2.95846875815e-05, 4.7669520427e-05, 2.48959167948e-05, 5.11635334988e-06, 8.15312944269e-07], "median": [2.06930999411e-05, 8.78288992681e-05, 7.95965315774e-05, 3.33823045366e-05, 0.000449835089967, 0.000523727270775, 0.000206919357879, 0.000311128475005, 0.000442042684881, 0.000272123143077, 0.000125743346871, 7.78550165705e-05, 0.000116068498755, 3.66976455553e-05, 5.92407377553e-05, 4.05708342441e-05, 4.45475889137e-05, 3.60705744242e-05, 5.21756810485e-05, 4.66141827928e-05, 2.22311100515e-05, 7.20096841178e-06, 7.2771563282e-06, 8.43765883474e-06, 3.8379439502e-06, 1.50876439875e-06, 9.02438941353e-08], "min": [2.7085866558e-24, 3.68091373061e-24, 3.88511195365e-24, 1.65361212279e-23, 3.97849438883e-23, 2.06017430949e-23, 9.76609958436e-24, 5.38596802524e-23, 6.85284982978e-23, 5.39428261918e-23, 4.42667845461e-23, 1.01748907764e-22, 9.2696779364e-23, 5.54022125555e-23, 1.12143166243e-22, 1.45104816711e-22, 1.56575182439e-22, 1.29521191384e-22, 3.7082392255e-22, 2.03992235679e-22, 5.26836502014e-22, 4.51799093454e-22, 6.00993668021e-22, 9.83454538479e-22, 1.09732778397e-21, 1.4807153956e-21, 2.33905290895e-21], "var": [2.04427710315e-08, 4.6016612032e-06, 4.50825018561e-06, 6.66329810883e-07, 1.11955596367e-05, 1.56197293109e-05, 8.21615140012e-06, 7.6746518971e-06, 5.98722181167e-05, 8.17058171378e-05, 6.46301077722e-06, 4.05722539654e-06, 1.22253395602e-05, 1.56859823619e-06, 1.80410449957e-06, 5.06982814841e-07, 9.76713181444e-07, 4.47361202305e-07, 1.42854005958e-07, 2.25561990419e-07, 3.88471512736e-08, 5.77113423716e-09, 3.05229193032e-08, 1.03175722188e-07, 4.05211686427e-08, 9.67220081804e-10, 5.78345748029e-12]}, "barkbands_crest": {"dmean": 2.68415999413, "dmean2": 4.315305233, "dvar": 5.85814237595, "dvar2": 14.6823978424, "max": 25.9450511932, "mean": 11.4504127502, "median": 10.6661205292, "min": 2.50584197044, "var": 19.9517154694}, "barkbands_flatness_db": {"dmean": 0.0208231862634, "dmean2": 0.0315273962915, "dvar": 0.000412541587139, "dvar2": 0.000892116571777, "max": 0.364940524101, "mean": 0.164825469255, "median": 0.168377608061, "min": 0.0236132107675, "var": 0.00278765754774}, "barkbands_kurtosis": {"dmean": 2.48367762566, "dmean2": 3.90959596634, "dvar": 27.7066822052, "dvar2": 67.8181762695, "max": 248.994232178, "mean": 4.40973377228, "median": 2.50255870819, "min": -1.88540184498, "var": 53.6840438843}, "barkbands_skewness": {"dmean": 0.46301817894, "dmean2": 0.705800354481, "dvar": 0.229257017374, "dvar2": 0.518077731133, "max": 12.1806097031, "mean": 1.29367780685, "median": 1.14245164394, "min": -2.2942173481, "var": 1.19340074062}, "barkbands_spread": {"dmean": 3.64422893524, "dmean2": 5.50715351105, "dvar": 31.4603557587, "dvar2": 63.3403968811, "max": 104.492553711, "mean": 14.6954956055, "median": 11.3907794952, "min": 0.730593085289, "var": 125.787284851}, "dissonance": {"dmean": 0.0333939157426, "dmean2": 0.0563669689, "dvar": 0.000947580556385, "dvar2": 0.00261389254592, "max": 0.500000059605, "mean": 0.428244233131, "median": 0.436309039593, "min": 0.207690402865, "var": 0.00208732997999}, "dynamic_complexity": 4.6838517189, "erbbands": {"dmean": [0.00544086052105, 0.105961687863, 0.388721525669, 0.263473302126, 1.0201677084, 2.59018516541, 6.26883506775, 7.61531925201, 6.6626996994, 10.4612178802, 16.2465991974, 48.632900238, 27.7065086365, 40.2026023865, 19.1251888275, 13.0691184998, 26.5663928986, 12.3967075348, 11.6681585312, 6.41589689255, 6.03456163406, 5.85532045364, 5.05787277222, 5.86042690277, 2.46077036858, 3.53135514259, 3.07167029381, 0.683178007603, 0.513862729073, 0.504662454128, 0.570162773132, 0.62769651413, 0.429186224937, 0.209282487631, 0.083814278245, 0.0196567568928, 0.00449870061129, 0.000912613468245, 0.000109525593871, 1.00800752989e-05], "dmean2": [0.00841573346406, 0.156061351299, 0.501730561256, 0.384729236364, 1.47887253761, 3.80867600441, 9.04221534729, 11.1557426453, 9.96388626099, 15.3502168655, 24.907579422, 76.2974777222, 41.5108108521, 56.0235404968, 28.0151596069, 18.885559082, 39.4730110168, 16.8264503479, 17.4032001495, 9.3385515213, 8.88861274719, 8.29527282715, 7.22501659393, 8.16648483276, 3.60998153687, 5.00920057297, 4.19878101349, 1.03940522671, 0.797656655312, 0.770034909248, 0.823588728905, 0.859560966492, 0.584650039673, 0.284385144711, 0.117053739727, 0.028840886429, 0.00662419339642, 0.0014068884775, 0.000182018746273, 1.55602519953e-05], "dvar": [0.000379492790671, 0.0876410007477, 1.20706152916, 0.472398579121, 18.3254795074, 45.3471870422, 178.001693726, 385.080627441, 652.812011719, 1168.33813477, 1875.5559082, 19391.0664063, 5594.44482422, 21251.7871094, 2531.88061523, 2177.37988281, 6630.43212891, 1859.31176758, 1626.90844727, 1001.37762451, 585.015686035, 616.350219727, 238.289199829, 265.852478027, 34.8306083679, 74.3154830933, 87.5224380493, 4.09331274033, 3.23822164536, 6.50083255768, 12.7718601227, 17.657409668, 9.82411956787, 2.02672147751, 1.12650680542, 0.0579924806952, 0.00039565449697, 7.86361033533e-06, 1.61994904602e-07, 5.44292555471e-10], "dvar2": [0.000911622366402, 0.195900171995, 2.10899424553, 0.933308899403, 29.531206131, 89.1917419434, 330.777679443, 747.620361328, 1177.71350098, 2569.97949219, 4191.39013672, 46237.7421875, 11369.6396484, 37814.4140625, 4907.72167969, 4286.47167969, 14472.3164063, 3088.88256836, 3695.4296875, 2169.08203125, 1161.65649414, 1103.39855957, 464.522949219, 512.047119141, 69.8361740112, 145.786697388, 168.693496704, 8.45418071747, 6.98730802536, 11.9398059845, 21.7309646606, 25.0439090729, 14.5215139389, 2.76540112495, 2.18146276474, 0.117264531553, 0.000536203733645, 1.69604645635e-05, 4.06024497579e-07, 1.40919431679e-09], "max": [0.913731515408, 5.69295597076, 27.7184429169, 25.7659053802, 258.567596436, 247.441848755, 384.334655762, 593.755371094, 1196.07458496, 1579.49487305, 1976.99084473, 2574.19873047, 2132.29345703, 5146.16113281, 1725.8269043, 1676.91943359, 2322.22998047, 1916.98425293, 1370.41748047, 1472.40942383, 925.982666016, 1423.63208008, 628.155944824, 668.746826172, 227.291885376, 344.778198242, 504.52456665, 101.860618591, 76.1780090332, 126.007698059, 158.783950806, 255.507980347, 180.79977417, 69.777015686, 84.7586288452, 19.7668704987, 1.41324567795, 0.047531016171, 0.00818909797817, 0.000446644262411], "mean": [0.0125519391149, 0.278989464045, 1.05573797226, 0.626460909843, 2.23673391342, 5.64034748077, 14.8064775467, 15.4150257111, 12.5620508194, 18.2517051697, 29.9812221527, 87.0908355713, 57.6417999268, 85.5782623291, 46.485408783, 27.481388092, 57.3063697815, 24.7678451538, 23.594669342, 12.6276330948, 12.4328575134, 14.0294704437, 13.4878501892, 13.3293428421, 6.0934844017, 9.16100215912, 7.18421411514, 1.22370183468, 0.799252092838, 0.781777083874, 0.933883666992, 1.01268458366, 0.732873737812, 0.378987014294, 0.123728267848, 0.031029779464, 0.00817248690873, 0.00163977767807, 0.000146083839354, 2.76339433185e-05], "median": [0.00132593163289, 0.0246497448534, 0.107223942876, 0.166783809662, 0.355512797832, 1.58130788803, 4.02325057983, 3.73649406433, 3.72677326202, 5.26279258728, 11.3226633072, 14.5962848663, 10.5408058167, 10.7914810181, 7.78570079803, 5.07243108749, 5.83685779572, 3.7665143013, 3.81252288818, 3.05565857887, 2.74110794067, 2.25399875641, 2.36897230148, 2.89989042282, 2.58408498764, 2.25722455978, 1.64104986191, 0.513705015182, 0.281358659267, 0.199361339211, 0.23003000021, 0.181440383196, 0.120782837272, 0.0601712912321, 0.0184981189668, 0.00697050895542, 0.00257321307436, 0.000435059104348, 2.83298177237e-05, 2.02014362003e-05], "min": [2.17757366226e-22, 5.31364184957e-22, 4.95697352478e-21, 3.55964478097e-20, 1.0057411187e-19, 1.4131204618e-19, 1.38075740808e-19, 2.04205922725e-19, 1.28610481079e-19, 8.19196975473e-19, 9.82329916966e-19, 1.43272448722e-18, 1.67987736886e-18, 2.18195149545e-18, 2.06098501626e-18, 4.09835733476e-18, 4.51156507e-18, 2.71866143205e-18, 5.94145801459e-18, 4.54721159132e-18, 9.34798878198e-18, 9.30413332026e-18, 7.04066607057e-18, 1.19331407816e-17, 2.31395868515e-17, 9.65865714054e-18, 1.93119177548e-17, 2.03873898631e-17, 1.75621495178e-17, 1.76226577796e-17, 1.49284279541e-17, 1.81059446699e-17, 1.65758789124e-17, 1.24482691625e-17, 7.29614162994e-18, 5.00273581875e-18, 2.9425010553e-18, 1.18995617982e-18, 2.86961000312e-19, 3.46950115813e-20], "var": [0.001114625833, 0.381743103266, 7.71507072449, 1.88487708569, 70.0682983398, 167.904800415, 846.586730957, 1272.5333252, 1748.95898438, 2298.18212891, 3895.20703125, 44918.8007813, 19463.65625, 97504.4453125, 13231.9648438, 7210.03515625, 24402.8261719, 5788.28808594, 5226.15771484, 2066.62475586, 1745.83532715, 2984.91992188, 1382.24597168, 914.381225586, 124.329170227, 355.099517822, 354.114044189, 7.55422258377, 6.25721883774, 15.3721418381, 29.0534572601, 45.0352478027, 25.2796192169, 6.21426343918, 2.0155210495, 0.0971885323524, 0.000966519466601, 1.27858165797e-05, 1.80862997468e-07, 8.59534610154e-10]}, "erbbands_crest": {"dmean": 3.35259366035, "dmean2": 5.3410859108, "dvar": 8.635638237, "dvar2": 21.0089988708, "max": 32.3137054443, "mean": 12.6597003937, "median": 11.7792263031, "min": 2.25843262672, "var": 28.4488220215}, "erbbands_flatness_db": {"dmean": 0.0191248841584, "dmean2": 0.0283815916628, "dvar": 0.000347381515894, "dvar2": 0.00070886145113, "max": 0.395775973797, "mean": 0.210425898433, "median": 0.210029363632, "min": 0.0220851413906, "var": 0.00335345207714}, "erbbands_kurtosis": {"dmean": 1.59450984001, "dmean2": 2.53017187119, "dvar": 5.21081256866, "dvar2": 12.7892274857, "max": 45.8663406372, "mean": 2.19418716431, "median": 1.2967247963, "min": -1.82789254189, "var": 12.8390760422}, "erbbands_skewness": {"dmean": 0.421124130487, "dmean2": 0.649549424648, "dvar": 0.154596358538, "dvar2": 0.358699649572, "max": 5.9323849678, "mean": 0.892975568771, "median": 0.862977385521, "min": -3.20033407211, "var": 0.800479888916}, "erbbands_spread": {"dmean": 5.70739555359, "dmean2": 8.65811634064, "dvar": 51.139831543, "dvar2": 103.591949463, "max": 144.569778442, "mean": 25.0930423737, "median": 21.4846534729, "min": 3.01372098923, "var": 272.768341064}, "gfcc": {"cov": [[5792.07617188, 60.0207748413, -1017.09729004, 98.9530944824, -244.805282593, 119.852661133, -33.9389419556, 31.0794773102, -205.697799683, -184.658981323, 102.744468689, -256.452667236, 151.337936401], [60.0207748413, 1361.98083496, 329.48626709, 18.5942878723, 241.587799072, -79.8422317505, 134.194763184, -1.11944198608, -30.5292243958, -80.0345077515, 32.0896186829, -217.813858032, -98.8897628784], [-1017.09729004, 329.48626709, 1175.48132324, 390.500640869, 137.55657959, 35.2123527527, -101.139518738, -14.2783756256, 163.567398071, 4.70157623291, -184.97203064, 63.5398025513, -189.720199585], [98.9530944824, 18.5942878723, 390.500640869, 514.004150391, 132.215362549, 35.9615707397, -98.2607040405, 93.1988449097, 107.152427673, -3.17818665504, -49.8880233765, 44.2892112732, -15.6249504089], [-244.805282593, 241.587799072, 137.55657959, 132.215362549, 292.93737793, 34.632850647, 73.7259140015, 37.9388046265, 33.8943099976, 15.7939500809, -34.090839386, 1.60667014122, -24.0814170837], [119.852661133, -79.8422317505, 35.2123527527, 35.9615707397, 34.632850647, 287.336151123, 159.444229126, 33.4628677368, -27.1299667358, 18.0114631653, 2.23502492905, -30.0589694977, -18.8131885529], [-33.9389419556, 134.194763184, -101.139518738, -98.2607040405, 73.7259140015, 159.444229126, 309.1980896, 22.0230941772, -66.9060211182, 10.9728155136, 18.6433048248, -56.2854385376, -24.9884624481], [31.0794773102, -1.11944198608, -14.2783756256, 93.1988449097, 37.9388046265, 33.4628677368, 22.0230941772, 162.519775391, 61.2159118652, 11.2591657639, 16.9249649048, -5.8478140831, 42.3791618347], [-205.697799683, -30.5292243958, 163.567398071, 107.152427673, 33.8943099976, -27.1299667358, -66.9060211182, 61.2159118652, 170.847473145, 43.2725982666, -51.168762207, 42.5892448425, -14.8964300156], [-184.658981323, -80.0345077515, 4.70157623291, -3.17818665504, 15.7939500809, 18.0114631653, 10.9728155136, 11.2591657639, 43.2725982666, 114.793960571, 27.8009033203, 23.9125823975, -1.55516350269], [102.744468689, 32.0896186829, -184.97203064, -49.8880233765, -34.090839386, 2.23502492905, 18.6433048248, 16.9249649048, -51.168762207, 27.8009033203, 200.903503418, -14.4651641846, 60.0400428772], [-256.452667236, -217.813858032, 63.5398025513, 44.2892112732, 1.60667014122, -30.0589694977, -56.2854385376, -5.8478140831, 42.5892448425, 23.9125823975, -14.4651641846, 182.345123291, 32.2044487], [151.337936401, -98.8897628784, -189.720199585, -15.6249504089, -24.0814170837, -18.8131885529, -24.9884624481, 42.3791618347, -14.8964300156, -1.55516350269, 60.0400428772, 32.2044487, 155.856185913]], "icov": [[0.000303782697301, -0.00022539665224, 0.000506064621732, -0.000484110147227, 0.000400438031647, -0.000389023247408, 0.000249701173743, 0.000147790706251, 6.34260795778e-05, 0.000161350049893, 0.000252730562352, 9.11684401217e-05, 3.57363605872e-05], [-0.00022539665224, 0.00197143456899, -0.00128964229953, 0.000801651971415, -0.001694628736, 0.00166078913026, -0.00115685397759, -1.83061765711e-05, -0.000290048657916, 0.00120006839279, -0.00143342511728, 0.00204641162418, -0.000148029037518], [0.000506064621732, -0.00128964229953, 0.00301363086328, -0.0020221802406, 0.00119083747268, -0.00163868360687, 0.00115618866403, 0.000793356855866, -0.000572364893742, -0.000220677116886, 0.00153880158905, -0.00130727223586, 0.00173229968641], [-0.000484110147227, 0.000801651971415, -0.0020221802406, 0.00475258380175, -0.00241462490521, -0.000130528293084, 0.00118947331794, -0.00211886013858, -0.000349248264683, 0.000799914647359, -0.00101371877827, 7.13531553629e-05, -0.00027799649979], [0.000400438031647, -0.001694628736, 0.00119083747268, -0.00241462490521, 0.00631694961339, -0.000741769152228, -0.00103775190655, 5.0332488172e-05, 4.77076209791e-05, -0.00146771187428, 0.00183380243834, -0.00146580173168, 3.62366627087e-05], [-0.000389023247408, 0.00166078913026, -0.00163868360687, -0.000130528293084, -0.000741769152228, 0.00712294550613, -0.00427533639595, -0.000705274462234, 0.000688207743224, -0.000340939383022, -0.000930718902964, 0.00173430226278, -0.000262259389274], [0.000249701173743, -0.00115685397759, 0.00115618866403, 0.00118947331794, -0.00103775190655, -0.00427533639595, 0.00757075846195, -0.00186129217036, 0.00227082869969, -0.00105434586294, 0.000937997479923, -0.000739728100598, 0.00159171456471], [0.000147790706251, -1.83061765711e-05, 0.000793356855866, -0.00211886013858, 5.0332488172e-05, -0.000705274462234, -0.00186129217036, 0.0106402346864, -0.00520016625524, 0.00120745657478, -0.00102933868766, 0.00159423612058, -0.00308865122497], [6.34260795778e-05, -0.000290048657916, -0.000572364893742, -0.000349248264683, 4.77076209791e-05, 0.000688207743224, 0.00227082869969, -0.00520016625524, 0.0120675545186, -0.00483568292111, 0.00291004334576, -0.00148822518531, 0.0011827776907], [0.000161350049893, 0.00120006839279, -0.000220677116886, 0.000799914647359, -0.00146771187428, -0.000340939383022, -0.00105434586294, 0.00120745657478, -0.00483568292111, 0.0127556333318, -0.00371406716295, 0.000252381607424, 0.000694738002494], [0.000252730562352, -0.00143342511728, 0.00153880158905, -0.00101371877827, 0.00183380243834, -0.000930718902964, 0.000937997479923, -0.00102933868766, 0.00291004334576, -0.00371406716295, 0.00821770634502, -0.000829415570479, -0.00153533369303], [9.11684401217e-05, 0.00204641162418, -0.00130727223586, 7.13531553629e-05, -0.00146580173168, 0.00173430226278, -0.000739728100598, 0.00159423612058, -0.00148822518531, 0.000252381607424, -0.000829415570479, 0.00934106111526, -0.00269382540137], [3.57363605872e-05, -0.000148029037518, 0.00173229968641, -0.00027799649979, 3.62366627087e-05, -0.000262259389274, 0.00159171456471, -0.00308865122497, 0.0011827776907, 0.000694738002494, -0.00153533369303, -0.00269382540137, 0.0107054049149]], "mean": [-56.253868103, 93.568939209, -135.818237305, 3.4079284668, -68.0237503052, 0.603659629822, -32.0814704895, 11.3807878494, -27.3443431854, 1.37448060513, -9.4882478714, -3.92957901955, -5.82574224472]}, "hfc": {"dmean": 4.18800497055, "dmean2": 5.70739459991, "dvar": 50.2367210388, "dvar2": 85.4370651245, "max": 213.780105591, "mean": 16.2109928131, "median": 8.70543670654, "min": 1.1820940349e-16, "var": 353.054199219}, "melbands": {"dmean": [7.80970367487e-05, 0.000180361632374, 6.47544147796e-05, 0.000124452737509, 0.000199303452973, 0.000166492987773, 0.000101164339867, 0.000126109225675, 0.000150728417793, 0.000308530317852, 0.000143352794112, 0.000175999040948, 6.22000588919e-05, 4.75054621347e-05, 3.82330290449e-05, 6.35741598671e-05, 2.11695187318e-05, 2.00907452381e-05, 1.26965342133e-05, 8.45676549943e-06, 7.68578956922e-06, 6.97648101777e-06, 5.83147493671e-06, 5.09767778567e-06, 5.39488746654e-06, 2.1695009309e-06, 1.77180481842e-06, 2.83111967292e-06, 2.90664297609e-06, 6.15638782619e-07, 3.88202124668e-07, 3.13375494443e-07, 2.84497815528e-07, 2.8720162959e-07, 3.42954109556e-07, 3.63154100569e-07, 4.07637401167e-07, 3.31978640133e-07, 2.51560066999e-07, 1.64021443538e-07], "dmean2": [0.000118447132991, 0.000241348869167, 9.40080062719e-05, 0.000180703224032, 0.000289035029709, 0.000244261551416, 0.000151085914695, 0.000184462536708, 0.000233070706599, 0.000482766656205, 0.000213196297409, 0.000247367075644, 9.12012837944e-05, 6.87805804773e-05, 5.36046027264e-05, 9.54285351327e-05, 2.88291575998e-05, 2.97477599815e-05, 1.88004651136e-05, 1.22269566418e-05, 1.14572176244e-05, 9.74610065896e-06, 8.26024552225e-06, 7.30316469344e-06, 7.58285432312e-06, 3.2576722333e-06, 2.6170498586e-06, 4.05140826842e-06, 4.01823035645e-06, 9.43278791965e-07, 6.17654393409e-07, 4.91019761739e-07, 4.40900578269e-07, 4.3527271032e-07, 5.00241867485e-07, 5.16536147188e-07, 5.65777099837e-07, 4.51252645917e-07, 3.69571324654e-07, 2.24739864052e-07], "dvar": [5.510282719e-08, 2.39271628288e-07, 4.29833484361e-08, 1.41986518543e-07, 1.57102135745e-07, 1.63921356489e-07, 1.42185925256e-07, 1.44005952052e-07, 1.69531105598e-07, 7.64969684042e-07, 1.52200627213e-07, 4.00795244104e-07, 2.66341793065e-08, 2.18056115386e-08, 1.4235390644e-08, 4.24515711472e-08, 7.64893659522e-09, 4.54909665493e-09, 3.80658038424e-09, 9.65680535536e-10, 1.03404285134e-09, 9.38022548524e-10, 4.62358096254e-10, 2.25965315903e-10, 2.4321369918e-10, 3.18525206211e-11, 1.66631066584e-11, 5.71802605265e-11, 9.66127247648e-11, 2.91333363683e-12, 1.38065633145e-12, 1.06965922664e-12, 1.56840187539e-12, 2.58018476376e-12, 4.43032546413e-12, 6.50076303552e-12, 7.29938158528e-12, 7.18145985387e-12, 2.58294644354e-12, 1.38477760075e-12], "dvar2": [1.33163013061e-07, 4.27806241987e-07, 7.30331208842e-08, 2.69494762506e-07, 3.05409145085e-07, 3.18503225571e-07, 2.60782030637e-07, 3.12837812544e-07, 3.81502644586e-07, 1.81112841346e-06, 3.13536105523e-07, 7.38211156204e-07, 5.15817148994e-08, 4.24068744564e-08, 2.75757443546e-08, 9.46080191966e-08, 1.23823484799e-08, 9.8866426157e-09, 8.76450290122e-09, 1.80176884523e-09, 2.0754975516e-09, 1.58262691841e-09, 9.28127907862e-10, 4.17752860082e-10, 4.64088351082e-10, 6.55186668808e-11, 3.58373851428e-11, 1.13538560498e-10, 1.8830315085e-10, 6.42440484491e-12, 2.95322512105e-12, 2.46092642792e-12, 3.47578541469e-12, 4.69154879876e-12, 8.56095923318e-12, 1.07732251939e-11, 9.86407223263e-12, 1.22871634742e-11, 4.14127543022e-12, 2.02481694606e-12], "max": [0.00757918553427, 0.0121557712555, 0.0113245416433, 0.0149508789182, 0.0100520756096, 0.0114492597058, 0.0162809118629, 0.0154140749946, 0.0132894571871, 0.0158121269196, 0.0103756478056, 0.0221290420741, 0.00520666129887, 0.0049867327325, 0.00449892226607, 0.00573610467836, 0.00441653653979, 0.00228989333846, 0.00223366473801, 0.000957901822403, 0.00125640328042, 0.00183746428229, 0.000734555302188, 0.000775188091211, 0.000651218986604, 0.000194169217139, 0.000123045785585, 0.000336368830176, 0.000540344219189, 6.79253571434e-05, 5.10763129569e-05, 3.98328083975e-05, 6.46791231702e-05, 7.66925004427e-05, 9.30100140977e-05, 0.000115589726192, 0.000178614034667, 0.000155202360475, 7.78552130214e-05, 5.68072937313e-05], "mean": [0.000193287967704, 0.00050074129831, 0.000152305903612, 0.000272374949418, 0.000474010972539, 0.000346640852513, 0.000186446864973, 0.000217484339373, 0.000264531263383, 0.000545240356587, 0.000283260917058, 0.000369822315406, 0.00013955909526, 9.48024753598e-05, 6.9435001933e-05, 0.000135185342515, 3.38413447025e-05, 3.7744994188e-05, 2.18016939471e-05, 1.48775743583e-05, 1.46824177136e-05, 1.4480732716e-05, 1.39897920235e-05, 1.17558593047e-05, 1.10622404463e-05, 4.55227609564e-06, 3.94177186536e-06, 6.85285931468e-06, 6.38969140709e-06, 1.08214612737e-06, 5.45253271866e-07, 4.68393011488e-07, 3.99500208914e-07, 4.23772291924e-07, 5.34523678652e-07, 5.58210103918e-07, 6.45372665531e-07, 5.19768207141e-07, 4.50834249932e-07, 2.78538209386e-07], "median": [1.89929596672e-05, 5.24379574927e-05, 3.49793263013e-05, 5.67362367292e-05, 0.000149694649735, 8.72101081768e-05, 4.88208024763e-05, 6.12619915046e-05, 8.49599891808e-05, 7.44911812944e-05, 4.18397103203e-05, 3.46746455762e-05, 2.08346464206e-05, 1.38774594234e-05, 1.01198402263e-05, 1.09065440483e-05, 4.32896285929e-06, 5.25062841916e-06, 3.64645484296e-06, 3.3642049857e-06, 2.85531768895e-06, 2.27897839977e-06, 1.80259394256e-06, 1.8717189505e-06, 2.09260315387e-06, 1.7025673742e-06, 1.45891499415e-06, 1.42577459883e-06, 1.15271336654e-06, 3.49402284883e-07, 1.64257016877e-07, 1.5673560938e-07, 9.43452391766e-08, 8.95664413747e-08, 1.31276010507e-07, 1.00993311491e-07, 1.02825616466e-07, 7.84397684583e-08, 7.10102483481e-08, 3.81417386563e-08], "min": [1.79130728104e-24, 1.54295138554e-24, 7.90491954029e-24, 8.581858438e-24, 4.70618914938e-24, 4.39056905665e-24, 1.88799756776e-24, 1.16912570367e-23, 7.88171677448e-24, 9.16437620738e-24, 8.96169496386e-24, 8.42105781994e-24, 6.26373347559e-24, 8.4978889278e-24, 1.1918695102e-23, 6.88189000852e-24, 4.36448339866e-24, 8.48933215356e-24, 7.60667332013e-24, 4.93222422557e-24, 1.11618075181e-23, 9.45334463443e-24, 7.99309289025e-24, 6.10224654854e-24, 8.74668066895e-24, 1.72584117391e-23, 1.07199862466e-23, 4.90358502483e-24, 1.24763661195e-23, 1.22854120822e-23, 1.08775856672e-23, 8.87642619975e-24, 8.42500291332e-24, 1.06599302659e-23, 7.5702058582e-24, 7.73060731264e-24, 1.1852396865e-23, 9.60332050315e-24, 1.17780120148e-23, 9.75140783886e-24], "var": [1.78921226279e-07, 1.50364394358e-06, 1.69556258811e-07, 5.44448425899e-07, 7.34668617497e-07, 5.78775086524e-07, 3.80842664072e-07, 2.97434382901e-07, 3.49512674802e-07, 1.81729649285e-06, 5.39234918051e-07, 1.91326216736e-06, 1.33436884653e-07, 7.73921868813e-08, 4.18993906237e-08, 1.64244212897e-07, 2.14898374651e-08, 1.43564378163e-08, 8.2037487914e-09, 2.34467134597e-09, 3.20913118301e-09, 3.95920363161e-09, 2.47657694352e-09, 9.87306236766e-10, 7.60676632794e-10, 9.78764638782e-11, 5.54067382252e-11, 2.5605267906e-10, 3.5995245673e-10, 5.71805276739e-12, 2.3338590175e-12, 1.82069333568e-12, 3.06584835644e-12, 5.79834661188e-12, 8.73740663154e-12, 1.39838331886e-11, 1.90221068064e-11, 1.57876541701e-11, 6.6953109723e-12, 4.04252412795e-12]}, "melbands_crest": {"dmean": 3.35134553909, "dmean2": 5.29954338074, "dvar": 9.05533790588, "dvar2": 22.1241321564, "max": 36.5632209778, "mean": 15.2837247849, "median": 14.386636734, "min": 1.80315279961, "var": 32.9060134888}, "melbands_flatness_db": {"dmean": 0.0234787501395, "dmean2": 0.0349984131753, "dvar": 0.000555590959266, "dvar2": 0.00117041298654, "max": 0.480744451284, "mean": 0.221406847239, "median": 0.224228382111, "min": 0.00625160615891, "var": 0.00331276073121}, "melbands_kurtosis": {"dmean": 4.20549821854, "dmean2": 6.5086517334, "dvar": 110.619842529, "dvar2": 263.395507813, "max": 592.56652832, "mean": 8.43587398529, "median": 4.63048696518, "min": -1.76272916794, "var": 242.159194946}, "melbands_skewness": {"dmean": 0.544758319855, "dmean2": 0.830864429474, "dvar": 0.349555641413, "dvar2": 0.773206889629, "max": 16.9902667999, "mean": 1.73545444012, "median": 1.5220130682, "min": -1.34944283962, "var": 1.91360533237}, "melbands_spread": {"dmean": 4.95349311829, "dmean2": 7.46269989014, "dvar": 62.3722229004, "dvar2": 120.918128967, "max": 246.182846069, "mean": 18.8122406006, "median": 14.8633594513, "min": 0.455168306828, "var": 239.235977173}, "mfcc": {"cov": [[5179.48291016, -328.054595947, -594.353027344, -190.023910522, -114.515800476, -197.515960693, 256.259887695, -30.3484630585, -109.280082703, 124.53679657, -199.40296936, -39.9389801025, -284.606536865], [-328.054595947, 1394.37463379, 124.355194092, 145.413223267, 45.8859786987, 19.0358505249, 141.77305603, -8.99982070923, -34.1285362244, 92.7320404053, 64.4158935547, -31.4369564056, -42.2836303711], [-594.353027344, 124.355194092, 866.083618164, 257.205566406, 195.00479126, 146.870727539, -175.29057312, 76.3435974121, 51.9228057861, -14.124458313, 71.1800003052, 60.7691001892, 33.9200401306], [-190.023910522, 145.413223267, 257.205566406, 431.864837646, 246.471405029, 26.7205581665, -118.056274414, 57.6330604553, 74.1046295166, -13.1464385986, 15.2351989746, 65.3478240967, 36.6474990845], [-114.515800476, 45.8859786987, 195.00479126, 246.471405029, 324.165649414, -3.50455021858, -87.8742904663, 29.1080799103, 63.4539108276, 23.1034946442, -3.00554585457, 60.7059211731, 6.81406450272], [-197.515960693, 19.0358505249, 146.870727539, 26.7205581665, -3.50455021858, 281.755096436, 59.2517738342, 64.5856018066, 45.1496009827, 11.3551416397, 67.0576934814, -38.1450805664, 30.4438343048], [256.259887695, 141.77305603, -175.29057312, -118.056274414, -87.8742904663, 59.2517738342, 401.547363281, 31.2160835266, -32.1998100281, 71.3620986938, 4.98622465134, -12.033780098, -14.3019304276], [-30.3484630585, -8.99982070923, 76.3435974121, 57.6330604553, 29.1080799103, 64.5856018066, 31.2160835266, 155.90145874, 70.1863250732, -3.382335186, 8.67602443695, 5.44957065582, 33.4745826721], [-109.280082703, -34.1285362244, 51.9228057861, 74.1046295166, 63.4539108276, 45.1496009827, -32.1998100281, 70.1863250732, 194.156906128, 21.484457016, 20.1187152863, -5.96070957184, 30.2920589447], [124.53679657, 92.7320404053, -14.124458313, -13.1464385986, 23.1034946442, 11.3551416397, 71.3620986938, -3.382335186, 21.484457016, 168.069656372, 32.3718490601, -2.1789958477, -40.8945999146], [-199.40296936, 64.4158935547, 71.1800003052, 15.2351989746, -3.00554585457, 67.0576934814, 4.98622465134, 8.67602443695, 20.1187152863, 32.3718490601, 134.630828857, 13.4852209091, 9.60950183868], [-39.9389801025, -31.4369564056, 60.7691001892, 65.3478240967, 60.7059211731, -38.1450805664, -12.033780098, 5.44957065582, -5.96070957184, -2.1789958477, 13.4852209091, 140.618972778, 29.4345550537], [-284.606536865, -42.2836303711, 33.9200401306, 36.6474990845, 6.81406450272, 30.4438343048, -14.3019304276, 33.4745826721, 30.2920589447, -40.8945999146, 9.60950183868, 29.4345550537, 145.393615723]], "icov": [[0.000256586819887, 7.83068462624e-05, 0.000115830662253, -8.99588558241e-05, 6.18939375272e-05, 4.42404561909e-05, -0.000106582716398, -0.00012646583491, 7.25167192286e-05, -0.000150973210111, 0.000281366839772, -6.00004932494e-05, 0.000463137606857], [7.83068462624e-05, 0.000920657417737, -0.000144184698001, -0.000603102787863, 0.00015589420218, 0.00030765531119, -0.000524584145751, 0.000134358153446, 0.000274616584647, -0.00035274005495, -0.000343567022355, 0.000531642523129, 0.000211073143873], [0.000115830662253, -0.000144184698001, 0.00190050317906, -0.000365764368325, -0.000493517145514, -0.00103547342587, 0.00082672748249, -0.000645591178909, 0.000393036025343, -3.02407788695e-05, -0.000218170986045, -0.000661274883896, 0.00036142123281], [-8.99588558241e-05, -0.000603102787863, -0.000365764368325, 0.0051219468005, -0.00310214073397, -0.000335289747454, 0.000822573318146, -0.00080932182027, -0.000512459781021, 0.000789764802903, -9.34036434046e-05, -0.000917198543902, -0.000553578545805], [6.18939375272e-05, 0.00015589420218, -0.000493517145514, -0.00310214073397, 0.00628345971927, 0.000223957933486, 0.000233770420891, 0.000316898367601, -0.000915562151931, -0.001351884217, 0.00116845953744, -0.00124630937353, 0.00065780087607], [4.42404561909e-05, 0.00030765531119, -0.00103547342587, -0.000335289747454, 0.000223957933486, 0.00570929702371, -0.00137480103876, -0.00110842112917, -0.000312906282488, 0.000164693730767, -0.00239309691824, 0.00245038233697, -0.000810230674688], [-0.000106582716398, -0.000524584145751, 0.00082672748249, 0.000822573318146, 0.000233770420891, -0.00137480103876, 0.00398434093222, -0.0013881677296, 0.000820249435492, -0.00141916144639, 0.00052319932729, -0.000965442915913, -0.0001821492624], [-0.00012646583491, 0.000134358153446, -0.000645591178909, -0.00080932182027, 0.000316898367601, -0.00110842112917, -0.0013881677296, 0.00924648437649, -0.00295987306163, 0.000712906301487, 0.000564833171666, -0.000207901670365, -0.00108008738607], [7.25167192286e-05, 0.000274616584647, 0.000393036025343, -0.000512459781021, -0.000915562151931, -0.000312906282488, 0.000820249435492, -0.00295987306163, 0.00734211411327, -0.00151971448213, -0.000657698779833, 0.00121172482613, -0.00102911517024], [-0.000150973210111, -0.00035274005495, -3.02407788695e-05, 0.000789764802903, -0.001351884217, 0.000164693730767, -0.00141916144639, 0.000712906301487, -0.00151971448213, 0.00816909968853, -0.00209419219755, -0.000134313348099, 0.00191495101899], [0.000281366839772, -0.000343567022355, -0.000218170986045, -9.34036434046e-05, 0.00116845953744, -0.00239309691824, 0.00052319932729, 0.000564833171666, -0.000657698779833, -0.00209419219755, 0.0100913811475, -0.00205791462213, 0.000190694772755], [-6.00004932494e-05, 0.000531642523129, -0.000661274883896, -0.000917198543902, -0.00124630937353, 0.00245038233697, -0.000965442915913, -0.000207901670365, 0.00121172482613, -0.000134313348099, -0.00205791462213, 0.00976260844618, -0.00220978725702], [0.000463137606857, 0.000211073143873, 0.00036142123281, -0.000553578545805, 0.00065780087607, -0.000810230674688, -0.0001821492624, -0.00108008738607, -0.00102911517024, 0.00191495101899, 0.000190694772755, -0.00220978725702, 0.00945843569934]], "mean": [-699.31048584, 132.576431274, -16.978187561, 5.35347557068, -12.8897190094, -13.9698486328, 3.98030757904, -2.36379027367, -4.5166258812, 5.62952327728, -7.2216591835, 0.50600039959, -2.71147966385]}, "pitch_salience": {"dmean": 0.0679613053799, "dmean2": 0.108351930976, "dvar": 0.00372804887593, "dvar2": 0.00914330035448, "max": 0.850818514824, "mean": 0.53846013546, "median": 0.541211724281, "min": 0.0953213870525, "var": 0.013868143782}, "silence_rate_20dB": {"dmean": 0, "dmean2": 0, "dvar": 0, "dvar2": 0, "max": 1, "mean": 1, "median": 1, "min": 1, "var": 0}, "silence_rate_30dB": {"dmean": 0.00199288246222, "dmean2": 0.00398633256555, "dvar": 0.00198886916041, "dvar2": 0.00482462905347, "max": 1, "mean": 0.998149752617, "median": 1, "min": 0, "var": 0.00184691848699}, "silence_rate_60dB": {"dmean": 0.0424199290574, "dmean2": 0.0848519355059, "dvar": 0.0406215041876, "dvar2": 0.0935997143388, "max": 1, "mean": 0.147025331855, "median": 0, "min": 0, "var": 0.12540346384}, "spectral_centroid": {"dmean": 183.659729004, "dmean2": 274.462310791, "dvar": 58451.6171875, "dvar2": 117421.414063, "max": 10965.8242188, "mean": 1169.81896973, "median": 1066.6237793, "min": 233.422348022, "var": 325812.625}, "spectral_complexity": {"dmean": 1.78021347523, "dmean2": 2.88211846352, "dvar": 2.69932556152, "dvar2": 6.23297309875, "max": 33, "mean": 11.4000854492, "median": 11, "min": 0, "var": 23.0177001953}, "spectral_contrast_coeffs": {"dmean": [0.0432765856385, 0.0454081334174, 0.0414357595146, 0.0333393402398, 0.0271098203957, 0.0193837694824], "dmean2": [0.0703326314688, 0.0721116736531, 0.0667203441262, 0.0520229935646, 0.0412377081811, 0.0304859969765], "dvar": [0.00129636959173, 0.00143361650407, 0.00124102539849, 0.000795941858087, 0.000630731054116, 0.000284815003397], "dvar2": [0.00323094520718, 0.00345659093, 0.0029833081644, 0.00175898266025, 0.00122155237477, 0.000666399137117], "max": [-0.239708170295, -0.373075187206, -0.384117513895, -0.466423928738, -0.518184959888, -0.613475441933], "mean": [-0.629927992821, -0.666326224804, -0.679584085941, -0.718655645847, -0.745876669884, -0.773304224014], "median": [-0.630560040474, -0.673286318779, -0.692549347878, -0.7292355299, -0.755868077278, -0.773045897484], "min": [-0.962996125221, -0.97351872921, -0.964658081532, -0.962570846081, -0.960720658302, -0.959948182106], "var": [0.0107552977279, 0.00807157438248, 0.00909712631255, 0.00673689926043, 0.00511277792975, 0.00171751854941]}, "spectral_contrast_valleys": {"dmean": [0.381047815084, 0.31127512455, 0.30833107233, 0.289309114218, 0.281037151814, 0.33259293437], "dmean2": [0.626113295555, 0.513522744179, 0.51112139225, 0.464816749096, 0.432147055864, 0.478581905365], "dvar": [0.122433289886, 0.074123442173, 0.0757789388299, 0.075581908226, 0.0804437622428, 0.137319713831], "dvar2": [0.28557741642, 0.182998523116, 0.17914943397, 0.170968860388, 0.168454542756, 0.25836867094], "max": [-5.68674707413, -5.55864810944, -5.33099031448, -6.45042419434, -6.08446836472, -7.22898674011], "mean": [-8.58879566193, -7.35921955109, -7.8202419281, -8.64703941345, -8.49583244324, -11.2432050705], "median": [-8.53437232971, -7.21717834473, -7.76166820526, -8.5812959671, -8.42493534088, -11.2840566635], "min": [-27.7711868286, -27.349571228, -27.538356781, -27.3192749023, -27.2075996399, -27.3293819427], "var": [1.1087654829, 0.797191083431, 0.805945456028, 0.657348334789, 0.699839949608, 0.796785056591]}, "spectral_decrease": {"dmean": 1.19152687716e-09, "dmean2": 1.6939978309e-09, "dvar": 2.91816746963e-18, "dvar2": 5.79969828276e-18, "max": 5.22312923142e-29, "mean": -4.53860415917e-09, "median": -3.17231974023e-09, "min": -3.58153720015e-08, "var": 1.86246630146e-17}, "spectral_energy": {"dmean": 0.00482212752104, "dmean2": 0.00683418707922, "dvar": 4.79150112369e-05, "dvar2": 9.49369641603e-05, "max": 0.147959589958, "mean": 0.018600108102, "median": 0.0129122883081, "min": 1.05248110462e-20, "var": 0.000314323639031}, "spectral_energyband_high": {"dmean": 0.000146801146911, "dmean2": 0.000198861933313, "dvar": 2.53555924701e-07, "dvar2": 3.59222241286e-07, "max": 0.0232664495707, "mean": 0.000350332353264, "median": 0.000113656467875, "min": 7.55444424061e-21, "var": 9.15087468911e-07}, "spectral_energyband_low": {"dmean": 0.000662062491756, "dmean2": 0.000918765435927, "dvar": 2.8972799555e-06, "dvar2": 5.53377867618e-06, "max": 0.037654619664, "mean": 0.00187549402472, "median": 0.000303491717204, "min": 2.47452192224e-23, "var": 1.60217823577e-05}, "spectral_energyband_middle_high": {"dmean": 0.0021385406144, "dmean2": 0.00300367269665, "dvar": 2.06496388273e-05, "dvar2": 4.04935162805e-05, "max": 0.143519297242, "mean": 0.0070772706531, "median": 0.00202523358166, "min": 1.54999924399e-21, "var": 0.000145839163451}, "spectral_energyband_middle_low": {"dmean": 0.00347064225934, "dmean2": 0.0050968080759, "dvar": 3.27907691826e-05, "dvar2": 7.02978795744e-05, "max": 0.0931079238653, "mean": 0.00961122661829, "median": 0.00600581942126, "min": 2.28778548243e-22, "var": 0.000113007437903}, "spectral_entropy": {"dmean": 0.19723726809, "dmean2": 0.289350122213, "dvar": 0.0392808318138, "dvar2": 0.075900554657, "max": 9.80228805542, "mean": 7.02756023407, "median": 6.95332193375, "min": 5.53476810455, "var": 0.221859112382}, "spectral_flux": {"dmean": 0.0201326683164, "dmean2": 0.0331443585455, "dvar": 0.000521466718055, "dvar2": 0.0013679562835, "max": 0.304736077785, "mean": 0.0603908039629, "median": 0.0511495433748, "min": 6.7241205659e-11, "var": 0.00152285431977}, "spectral_kurtosis": {"dmean": 2.33152461052, "dmean2": 3.91102385521, "dvar": 5.29604530334, "dvar2": 14.4893770218, "max": 29.5087203979, "mean": 6.98501682281, "median": 6.28084850311, "min": -1.2707310915, "var": 14.0668678284}, "spectral_rms": {"dmean": 0.000519594468642, "dmean2": 0.000728040933609, "dvar": 3.41074212429e-07, "dvar2": 6.22476989065e-07, "max": 0.0120146088302, "mean": 0.00378477526829, "median": 0.0035492752213, "min": 3.20438901108e-12, "var": 3.82197140425e-06}, "spectral_rolloff": {"dmean": 304.267822266, "dmean2": 506.418792725, "dvar": 557527.4375, "dvar2": 1083176.125, "max": 18992.2851563, "mean": 1324.05285645, "median": 1033.59375, "min": 21.533203125, "var": 1502807.75}, "spectral_skewness": {"dmean": 0.27386829257, "dmean2": 0.438242077827, "dvar": 0.0640119463205, "dvar2": 0.151963815093, "max": 4.22562789917, "mean": 1.90811300278, "median": 1.85710716248, "min": -0.330039560795, "var": 0.279698103666}, "spectral_spread": {"dmean": 433020.5625, "dmean2": 642557.0625, "dvar": 510554996736, "dvar2