{"lowlevel": {"average_loudness": 0.944318592548, "barkbands": {"dmean": [7.85471565905e-05, 0.00621020654216, 0.000677675940096, 0.000382131896913, 0.00120614597108, 0.000974179187324, 0.00074232625775, 0.00100231694523, 0.000615638622548, 0.000831792363897, 0.000387587351725, 0.000513087783474, 0.000311408628477, 0.000641188351437, 0.000392607063986, 0.000318825565046, 0.000269845913863, 0.000429099920439, 0.000260401749983, 0.000240551991737, 0.000203374394914, 0.000242991358391, 0.000215209234739, 0.000127240142319, 4.48022256023e-05, 5.58027522857e-06, 5.98475025981e-07], "dmean2": [0.000116299932415, 0.00872026011348, 0.00118541170377, 0.000629666843452, 0.00185903976671, 0.00152329250704, 0.00112272659317, 0.00152609904762, 0.000926145119593, 0.00125194620341, 0.000591820047703, 0.000750224047806, 0.000477256457089, 0.00100259867031, 0.000591828720644, 0.000479866546812, 0.000423177116318, 0.000654360745102, 0.000376719981432, 0.000374137802282, 0.000319615588523, 0.000387343810871, 0.000336162484018, 0.000193171552382, 6.55157418805e-05, 8.14630220702e-06, 8.80961522398e-07], "dvar": [3.04902414427e-08, 0.000163594711921, 3.01035333905e-06, 5.02868203967e-07, 3.82971211366e-06, 2.57205942944e-06, 1.91876256395e-06, 3.75051718038e-06, 1.88877640994e-06, 2.60223851001e-06, 6.53926235827e-07, 1.0850454828e-06, 6.29142164144e-07, 2.34434651247e-06, 7.90127728578e-07, 5.6665004422e-07, 2.26913655865e-07, 5.35129856871e-07, 2.66398615167e-07, 3.38435228286e-07, 4.89149385885e-07, 7.57939972118e-07, 2.73769387604e-06, 3.90272674622e-07, 4.35779377028e-08, 2.83792933597e-10, 3.43170804273e-12], "dvar2": [6.33367136516e-08, 0.000318579666782, 8.61413627717e-06, 1.38300038088e-06, 9.12878113013e-06, 6.40646749162e-06, 4.60026785731e-06, 8.94924323802e-06, 4.50658535556e-06, 6.15052249486e-06, 1.40836039009e-06, 2.24117070502e-06, 1.58799400651e-06, 5.64596302866e-06, 1.78352524927e-06, 1.23242875816e-06, 5.32098908934e-07, 1.19952198929e-06, 5.61639410535e-07, 9.03135287444e-07, 1.33499008825e-06, 1.80949143669e-06, 6.61994818074e-06, 9.20488957945e-07, 9.36028996534e-08, 6.26696139427e-10, 6.9554379617e-12], "max": [0.0016272055218, 0.0907348319888, 0.0230701137334, 0.0138592449948, 0.031525939703, 0.0272850990295, 0.0248743090779, 0.0504410415888, 0.0235226787627, 0.0365382470191, 0.0173634625971, 0.0193514339626, 0.0241726581007, 0.0381727516651, 0.0157372280955, 0.0151633229107, 0.00754726585001, 0.0172938071191, 0.00612296164036, 0.0173211619258, 0.0193436816335, 0.0201601423323, 0.0442792437971, 0.0116625446826, 0.00843492243439, 0.000401501689339, 2.41393463511e-05], "mean": [8.90266383067e-05, 0.00786039978266, 0.00131261185743, 0.000788548320998, 0.0024432472419, 0.00177493388765, 0.00129611650482, 0.00181018689182, 0.00104201317299, 0.0014593830565, 0.000592362135649, 0.000967429426964, 0.000526982883457, 0.00100608367939, 0.000609143986367, 0.000510897254571, 0.000466307392344, 0.000751683255658, 0.000408538733609, 0.000420738680987, 0.000297206075629, 0.000331092189299, 0.000223948882194, 0.000136156668304, 5.16190157214e-05, 6.16694842392e-06, 7.35129617624e-07], "median": [1.3628450688e-05, 0.00231976551004, 0.00091380655067, 0.000495536543895, 0.00145640061237, 0.000950939022005, 0.000516918429639, 0.000621163286269, 0.000326746550854, 0.000494468375109, 0.000239924309426, 0.000314830220304, 0.000123893667478, 0.000253129692283, 0.000163381861057, 0.000146181642776, 0.000175960973138, 0.00029288692167, 0.000149528525071, 0.00016891026462, 7.17496586731e-05, 7.05491256667e-05, 2.69860829576e-05, 1.16531937238e-05, 2.9008126603e-06, 3.61608613275e-07, 7.83719684705e-08], "min": [5.47945681365e-26, 1.30363189171e-24, 7.86698292353e-25, 1.02712036721e-24, 7.38348011535e-24, 9.8169598135e-24, 9.23871293706e-24, 2.09525242959e-24, 2.05001725202e-23, 9.14080267695e-24, 9.89664659784e-24, 2.40551142361e-23, 2.59839296365e-23, 2.71752263548e-23, 4.54905476238e-23, 7.75017090532e-23, 7.07963282499e-23, 9.50866176992e-23, 8.51638329841e-23, 1.51992771482e-22, 2.68203342418e-22, 3.41151468648e-22, 3.79961809597e-22, 6.49743504915e-22, 8.51285071617e-22, 1.32323896798e-21, 1.898230064e-21], "var": [3.50130129334e-08, 0.000224055649596, 2.54489577856e-06, 9.82652181847e-07, 9.38679386309e-06, 5.31909336132e-06, 4.2679616854e-06, 8.91997115104e-06, 3.99878399548e-06, 5.92901278651e-06, 1.21946970921e-06, 3.06765764435e-06, 1.38737266298e-06, 4.82142468172e-06, 1.49639890878e-06, 1.27140015138e-06, 5.49649655568e-07, 1.27544899442e-06, 4.54734220057e-07, 4.55197550764e-07, 5.3492948382e-07, 9.47536307194e-07, 2.38847633227e-06, 3.89977003579e-07, 6.16568058831e-08, 3.60769886187e-10, 4.20586612412e-12]}, "barkbands_crest": {"dmean": 3.09128975868, "dmean2": 4.75710678101, "dvar": 9.9278678894, "dvar2": 20.2576751709, "max": 26.7437438965, "mean": 9.75708198547, "median": 8.30459976196, "min": 2.31578350067, "var": 23.1947574615}, "barkbands_flatness_db": {"dmean": 0.0221887230873, "dmean2": 0.0325246341527, "dvar": 0.000586272566579, "dvar2": 0.00118029583246, "max": 0.521968960762, "mean": 0.145459979773, "median": 0.140225857496, "min": 0.0379724539816, "var": 0.00241655739956}, "barkbands_kurtosis": {"dmean": 3.73636102676, "dmean2": 5.2535815239, "dvar": 1598.8684082, "dvar2": 2582.88305664, "max": 2378.07080078, "mean": 3.95211076736, "median": 0.504430055618, "min": -1.9328186512, "var": 2527.67236328}, "barkbands_skewness": {"dmean": 0.565456330776, "dmean2": 0.791308879852, "dvar": 0.831946969032, "dvar2": 1.24871063232, "max": 42.3023948669, "mean": 1.01411581039, "median": 0.8881534338, "min": -6.55448007584, "var": 2.79968047142}, "barkbands_spread": {"dmean": 6.77978563309, "dmean2": 9.96212482452, "dvar": 74.1884536743, "dvar2": 148.900756836, "max": 143.874664307, "mean": 24.6577358246, "median": 21.5653705597, "min": 0.0920841023326, "var": 223.153427124}, "dissonance": {"dmean": 0.0198635254055, "dmean2": 0.0329261831939, "dvar": 0.000433896697359, "dvar2": 0.00115634175017, "max": 0.499999910593, "mean": 0.456865280867, "median": 0.463894665241, "min": 0, "var": 0.00102071801666}, "dynamic_complexity": 3.36759638786, "erbbands": {"dmean": [0.19113817811, 1.38933587074, 1.09100413322, 0.862420499325, 2.815980196, 4.26763439178, 6.31958961487, 7.56015920639, 12.5961122513, 10.4310121536, 24.2458057404, 13.3229866028, 29.4381923676, 14.6712560654, 12.649638176, 22.8388633728, 13.5685930252, 30.9804458618, 15.7512207031, 27.34715271, 11.6715173721, 14.1675252914, 23.1423797607, 16.4998226166, 11.3244552612, 10.9874792099, 8.45653057098, 8.36308860779, 8.79305458069, 7.11881065369, 6.08322525024, 3.33030962944, 1.80280256271, 0.73118019104, 0.200286537409, 0.0410064123571, 0.00761409243569, 0.00113031477667, 0.000111786124762, 1.51580779857e-05], "dmean2": [0.266989171505, 1.99989557266, 1.79443728924, 1.42809867859, 4.4025015831, 6.55223846436, 9.72551631927, 11.9625806808, 18.8019618988, 16.0747261047, 36.6449394226, 19.6560401917, 44.6702690125, 21.6454029083, 19.7534942627, 33.1768798828, 20.2358798981, 48.0535888672, 23.7113628387, 41.1858558655, 17.5553207397, 21.6567649841, 34.9972114563, 23.7869606018, 16.993719101, 16.9756183624, 13.2399673462, 13.1038284302, 14.0159311295, 10.9722452164, 9.83807659149, 5.2400097847, 2.69885373116, 1.0762732029, 0.291994392872, 0.0596195273101, 0.0112028736621, 0.00165205809753, 0.00016178592341, 2.02819592232e-05], "dvar": [0.158543154597, 8.4173784256, 6.39962530136, 2.40783429146, 26.2956562042, 67.4418792725, 162.262023926, 208.801055908, 605.235412598, 552.111572266, 2362.8137207, 777.904602051, 3257.56616211, 1204.80834961, 788.323425293, 2332.08886719, 991.645385742, 5653.03417969, 1408.92272949, 4727.86962891, 581.279541016, 647.437927246, 1453.00952148, 1211.56018066, 470.115814209, 758.470153809, 742.827270508, 809.054443359, 965.496826172, 1129.21325684, 2788.75244141, 416.242584229, 73.2338180542, 11.9495859146, 0.860819816589, 0.0187204685062, 0.000499565037899, 1.12574589366e-05, 1.12503293792e-07, 6.35818842021e-10], "dvar2": [0.293598204851, 17.7699775696, 16.7286128998, 6.71253871918, 63.8314170837, 158.765060425, 390.689575195, 539.391235352, 1411.4753418, 1316.46191406, 5686.0625, 1794.73449707, 8063.56933594, 2410.89599609, 1923.73925781, 4667.63964844, 2424.05786133, 13488.3017578, 3376.42773438, 10847.0185547, 1241.86889648, 1467.88500977, 3222.05297852, 2568.15087891, 1088.59350586, 2025.49523926, 2001.02026367, 2197.21923828, 2384.75952148, 2077.76538086, 7220.92236328, 1069.70922852, 158.598327637, 25.7081203461, 1.91214859486, 0.0398956686258, 0.00104480190203, 2.26924967137e-05, 2.29349240044e-07, 1.11359854671e-09], "max": [3.0417611599, 21.3543872833, 29.5933914185, 25.8485603333, 99.0503387451, 169.678497314, 216.615447998, 326.09463501, 511.714202881, 517.883361816, 1453.80578613, 517.396362305, 1390.49084473, 1396.35180664, 763.553649902, 817.725463867, 1008.29992676, 2136.05737305, 868.473266602, 974.924560547, 588.10357666, 504.256286621, 912.135131836, 458.023040771, 354.752441406, 816.280761719, 753.05480957, 807.833679199, 693.6015625, 850.149902344, 1352.41577148, 457.171386719, 178.317825317, 118.718582153, 44.8396873474, 4.49156904221, 0.332916408777, 0.043683513999, 0.00516237597913, 0.000502776529174], "mean": [0.232276558876, 1.7259708643, 1.80532085896, 2.28438639641, 5.44464445114, 8.2378578186, 11.551574707, 13.3499078751, 22.3239555359, 18.8135986328, 44.1583976746, 25.3888702393, 51.7120819092, 27.248298645, 22.7366695404, 44.0828933716, 27.7027702332, 52.8003005981, 28.2589740753, 41.8598632813, 22.4653930664, 27.8333950043, 43.1509399414, 25.4078083038, 20.3983039856, 19.2949943542, 12.915391922, 12.0369243622, 12.0276460648, 9.16392326355, 5.97653770447, 3.38213801384, 2.00619673729, 0.832767248154, 0.232801258564, 0.0478545203805, 0.00815654918551, 0.00129476410802, 0.000144059027662, 3.97871372115e-05], "median": [0.064126893878, 0.506398260593, 1.35316419601, 1.9124982357, 3.10763502121, 4.47748184204, 6.06567192078, 6.36905288696, 8.14981842041, 7.21610927582, 16.5513210297, 11.100561142, 19.8184928894, 10.9302310944, 9.80505466461, 14.5278043747, 9.38351249695, 14.9711084366, 9.65671539307, 10.6543369293, 7.66031360626, 11.7123889923, 18.439245224, 9.29766368866, 7.90080833435, 8.10419654846, 3.58493614197, 2.79297447205, 2.49950790405, 1.54446315765, 0.642245054245, 0.336135774851, 0.133192971349, 0.0485860556364, 0.0122762806714, 0.00262459088117, 0.000460240466055, 9.73787391558e-05, 2.88796545647e-05, 2.98848863167e-05], "min": [1.03912115828e-22, 2.06209553289e-22, 1.55470292496e-21, 4.40340672974e-21, 7.3179982168e-21, 2.81539064042e-20, 2.87495733804e-20, 8.60764985528e-20, 1.36721426425e-19, 1.90645214235e-19, 1.77845938425e-19, 4.38829654717e-19, 3.71007642878e-19, 3.87725531745e-19, 8.73029062558e-19, 7.97506490355e-19, 1.37906176537e-18, 2.2811902147e-18, 2.65108243037e-18, 2.21503996073e-18, 3.75287914807e-18, 3.92677567389e-18, 4.61370946795e-18, 5.58018357334e-18, 5.87862330731e-18, 6.5187601854e-18, 1.02549302851e-17, 1.01226483887e-17, 1.07475196486e-17, 1.22738821185e-17, 1.16787124329e-17, 1.19847361723e-17, 1.06820722913e-17, 8.87222509932e-18, 6.36256780623e-18, 4.55681763978e-18, 2.26952200498e-18, 8.79202001276e-19, 2.4858235313e-19, 2.61944787073e-20], "var": [0.217196539044, 10.6761455536, 5.67866420746, 4.3669667244, 57.2482032776, 167.571334839, 309.963104248, 401.87399292, 1382.16052246, 1185.14990234, 5157.95410156, 1791.97497559, 7215.81201172, 3014.08911133, 1744.88635254, 6691.39794922, 2758.29150391, 12587.7226563, 3020.32714844, 7151.45410156, 1889.9206543, 1759.42102051, 3923.23828125, 1877.01220703, 978.343017578, 949.023681641, 836.799499512, 923.608825684, 1152.13476563, 1565.32250977, 2139.7565918, 329.299865723, 89.2700500488, 16.3837509155, 1.17406189442, 0.0271267723292, 0.000614805845544, 1.38000486913e-05, 1.35819789193e-07, 1.29516397607e-09]}, "erbbands_crest": {"dmean": 2.87590456009, "dmean2": 4.57791233063, "dvar": 6.50203561783, "dvar2": 16.1312942505, "max": 28.4142475128, "mean": 10.0285596848, "median": 9.17146110535, "min": 2.679053545, "var": 17.1425800323}, "erbbands_flatness_db": {"dmean": 0.0175421666354, "dmean2": 0.0246905963868, "dvar": 0.000341088190908, "dvar2": 0.000583117420319, "max": 0.382792830467, "mean": 0.184797629714, "median": 0.185884296894, "min": 0.0220873765647, "var": 0.00189688499086}, "erbbands_kurtosis": {"dmean": 0.973575770855, "dmean2": 1.5293763876, "dvar": 1.97416758537, "dvar2": 4.32909679413, "max": 46.7796592712, "mean": 0.598476171494, "median": 0.0450813323259, "min": -1.75576376915, "var": 5.30233669281}, "erbbands_skewness": {"dmean": 0.389668941498, "dmean2": 0.563658893108, "dvar": 0.129351422191, "dvar2": 0.255551576614, "max": 4.42363452911, "mean": 0.0738917514682, "median": 0.124994337559, "min": -6.2739109993, "var": 0.690045893192}, "erbbands_spread": {"dmean": 7.04996681213, "dmean2": 10.5967884064, "dvar": 65.9661636353, "dvar2": 139.465362549, "max": 140.293228149, "mean": 32.7588844299, "median": 30.6205692291, "min": 1.59694433212, "var": 237.557098389}, "gfcc": {"cov": [[26430.9804688, 1703.49536133, -2573.29101563, 1395.65905762, -1486.41625977, 588.194091797, -632.77355957, 405.020294189, -341.951263428, 104.985153198, -295.592376709, 33.9170837402, -127.666763306], [1703.49536133, 1851.38269043, -167.615158081, -98.154258728, 117.046554565, -112.89390564, 155.625579834, -125.614738464, 48.3183441162, -145.040557861, 65.6342773438, -159.264099121, -8.07740974426], [-2573.29101563, -167.615158081, 1109.67297363, 143.8097229, 256.836181641, 121.445663452, 45.8006248474, 117.074043274, 13.8049373627, 27.2213516235, 52.7899551392, 27.2932910919, -7.09379720688], [1395.65905762, -98.154258728, 143.8097229, 606.830505371, 91.0715484619, 97.2460861206, -31.5040817261, 118.146903992, 21.2592144012, 47.0815696716, -3.34794950485, 79.0378799438, 47.9989509583], [-1486.41625977, 117.046554565, 256.836181641, 91.0715484619, 490.54296875, 37.5185813904, 132.984771729, 17.6051235199, 100.59337616, 62.141292572, 51.8890914917, 47.9127006531, 53.3814506531], [588.194091797, -112.89390564, 121.445663452, 97.2460861206, 37.5185813904, 330.540435791, 78.5473022461, 68.4002227783, -20.8984966278, 46.6238746643, 39.8129501343, 39.087310791, -8.49332904816], [-632.77355957, 155.625579834, 45.8006248474, -31.5040817261, 132.984771729, 78.5473022461, 289.038116455, 22.0893783569, 45.6612434387, -4.6109662056, 71.2674407959, 6.52413129807, -23.8053913116], [405.020294189, -125.614738464, 117.074043274, 118.146903992, 17.6051235199, 68.4002227783, 22.0893783569, 176.558151245, 19.7579574585, 46.7936935425, 9.06095314026, 26.799200058, 6.2598195076], [-341.951263428, 48.3183441162, 13.8049373627, 21.2592144012, 100.59337616, -20.8984966278, 45.6612434387, 19.7579574585, 129.498260498, 34.0296440125, 13.5547866821, 5.05640268326, 30.6030883789], [104.985153198, -145.040557861, 27.2213516235, 47.0815696716, 62.141292572, 46.6238746643, -4.6109662056, 46.7936935425, 34.0296440125, 117.943450928, 33.1445884705, 35.0284996033, 5.24439811707], [-295.592376709, 65.6342773438, 52.7899551392, -3.34794950485, 51.8890914917, 39.8129501343, 71.2674407959, 9.06095314026, 13.5547866821, 33.1445884705, 126.506324768, 31.7711601257, -13.5136470795], [33.9170837402, -159.264099121, 27.2932910919, 79.0378799438, 47.9127006531, 39.087310791, 6.52413129807, 26.799200058, 5.05640268326, 35.0284996033, 31.7711601257, 108.017356873, 33.3844528198], [-127.666763306, -8.07740974426, -7.09379720688, 47.9989509583, 53.3814506531, -8.49332904816, -23.8053913116, 6.2598195076, 30.6030883789, 5.24439811707, -13.5136470795, 33.3844528198, 94.882850647]], "icov": [[0.00018800473481, -0.000378792698029, 0.000413705827668, -0.000416088907514, 0.000442896853201, -0.000437911861809, 0.000341589620803, -0.00046818057308, 0.00016495930322, -0.000491006823722, 0.00055144628277, -0.000534891383722, 0.000531026860699], [-0.000378792698029, 0.00161040050443, -0.000642941799015, 0.00067809218308, -0.00123491801787, 0.000970449764282, -0.000852494209539, 0.00113106134813, -0.000470026046969, 0.00201142881997, -0.00210589217022, 0.00255826860666, -0.00143017712981], [0.000413705827668, -0.000642941799015, 0.00216022622772, -0.000993486843072, 5.31609948666e-05, -0.00124647491612, 0.00118207093328, -0.00183012033813, 0.000524381059222, -0.000191284983885, 0.00055247702403, -0.000709765998181, 0.00161168945488], [-0.000416088907514, 0.00067809218308, -0.000993486843072, 0.0031508912798, -0.0012851099018, 0.000504897441715, -0.00013282886357, -0.000207693126868, -0.000519977824297, 0.00120649905875, -0.000717989401892, -0.000216678512516, -0.00134678278118], [0.000442896853201, -0.00123491801787, 5.31609948666e-05, -0.0012851099018, 0.00484724203125, -0.000770301383454, -0.000888891809154, 8.77690617926e-05, -0.000898366910405, -0.00332630285993, 0.00184205709957, -0.00217657815665, -0.000378168711904], [-0.000437911861809, 0.000970449764282, -0.00124647491612, 0.000504897441715, -0.000770301383454, 0.00513782026246, -0.00230435607955, 0.000508054508828, 0.00128191139083, -0.000431561638834, -0.0014681663597, 0.000991411390714, -0.00152113323566], [0.000341589620803, -0.000852494209539, 0.00118207093328, -0.00013282886357, -0.000888891809154, -0.00230435607955, 0.00661714654416, -0.00211719074287, -0.00171933672391, 0.0020665738266, -0.0013750520302, -0.00144462171011, 0.00338907819241], [-0.00046818057308, 0.00113106134813, -0.00183012033813, -0.000207693126868, 8.77690617926e-05, 0.000508054508828, -0.00211719074287, 0.00939860101789, -0.00128184864298, -0.00151276041288, -0.000568470684811, 0.00126038014423, -0.00174794427585], [0.00016495930322, -0.000470026046969, 0.000524381059222, -0.000519977824297, -0.000898366910405, 0.00128191139083, -0.00171933672391, -0.00128184864298, 0.0118042146787, -0.00407469831407, 0.00049911881797, 0.00149521778803, -0.00327949924394], [-0.000491006823722, 0.00201142881997, -0.000191284983885, 0.00120649905875, -0.00332630285993, -0.000431561638834, 0.0020665738266, -0.00151276041288, -0.00407469831407, 0.0160794649273, -0.00544871157035, 0.000495542830322, 0.000812083482742], [0.00055144628277, -0.00210589217022, 0.00055247702403, -0.000717989401892, 0.00184205709957, -0.0014681663597, -0.0013750520302, -0.000568470684811, 0.00049911881797, -0.00544871157035, 0.0139941358939, -0.00654012244195, 0.00392639497295], [-0.000534891383722, 0.00255826860666, -0.000709765998181, -0.000216678512516, -0.00217657815665, 0.000991411390714, -0.00144462171011, 0.00126038014423, 0.00149521778803, 0.000495542830322, -0.00654012244195, 0.0178677011281, -0.00730553455651], [0.000531026860699, -0.00143017712981, 0.00161168945488, -0.00134678278118, -0.000378168711904, -0.00152113323566, 0.00338907819241, -0.00174794427585, -0.00327949924394, 0.000812083482742, 0.00392639497295, -0.00730553455651, 0.0171186104417]], "mean": [-32.505531311, 105.769523621, -138.941238403, 43.8172111511, -59.0641288757, 8.94453811646, -26.3353557587, 3.3325688839, -12.9107217789, -3.89944672585, -6.26075983047, -3.58060002327, -6.05720949173]}, "hfc": {"dmean": 9.23929595947, "dmean2": 12.767988205, "dvar": 466.86126709, "dvar2": 952.316711426, "max": 510.858734131, "mean": 24.7883300781, "median": 18.2556495667, "min": 1.04863234735e-16, "var": 801.707763672}, "melbands": {"dmean": [0.00176709832158, 0.000976107199676, 0.000196444700123, 0.000251199147897, 0.000210482816328, 0.000190298087546, 0.000177499648998, 0.000125826933072, 0.000201236485736, 8.18643602543e-05, 0.000148641585838, 5.89542360103e-05, 4.48489226983e-05, 4.92365579703e-05, 4.86968456244e-05, 3.3645221265e-05, 6.62897000439e-05, 2.84014204226e-05, 3.13176969939e-05, 3.36271041306e-05, 1.20766144391e-05, 1.45660042108e-05, 2.42207606789e-05, 1.80896859092e-05, 1.44051709867e-05, 8.20197237772e-06, 9.33161391004e-06, 7.26274538465e-06, 5.58841520615e-06, 5.08589391757e-06, 5.14552084496e-06, 5.24300185134e-06, 4.61407171315e-06, 3.90707918996e-06, 3.72876434085e-06, 2.70850978268e-06, 1.86775753264e-06, 1.42228714139e-06, 8.58066186993e-07, 5.45257535123e-07], "dmean2": [0.00246191537008, 0.00144510017708, 0.000322066014633, 0.000386789470213, 0.00032421949436, 0.000296783866361, 0.000266146264039, 0.000194348016521, 0.0003030221269, 0.000120661185065, 0.000225552677875, 8.71781739988e-05, 6.9425906986e-05, 7.28297818569e-05, 7.20651150914e-05, 5.02804468852e-05, 0.000103431557363, 4.3725289288e-05, 4.67924801342e-05, 5.06088945258e-05, 1.843613245e-05, 2.27769360208e-05, 3.73021648556e-05, 2.71170320048e-05, 2.13046405406e-05, 1.2306753888e-05, 1.46001848407e-05, 1.14248841783e-05, 8.74093257153e-06, 8.20744207886e-06, 8.18559601612e-06, 8.4528055595e-06, 7.32188345864e-06, 6.02272166361e-06, 6.06900266575e-06, 4.45561045126e-06, 2.89841523227e-06, 2.1674927666e-06, 1.26643999465e-06, 8.28401766739e-07], "dvar": [1.33000785354e-05, 4.10564280173e-06, 1.10666086073e-07, 1.87714704225e-07, 1.69522508031e-07, 1.17642869668e-07, 1.10443274082e-07, 7.85535974046e-08, 1.72025664824e-07, 3.18361053075e-08, 8.3967798048e-08, 1.9993262157e-08, 8.30876523139e-09, 1.06171587078e-08, 1.17338743166e-08, 6.22640872194e-09, 2.52640255383e-08, 4.64134863876e-09, 5.03935027041e-09, 6.99992863673e-09, 6.87037482461e-10, 7.8215073307e-10, 1.99965621839e-09, 1.02880493014e-09, 1.02968344962e-09, 2.68733701958e-10, 3.48856388221e-10, 3.97956279041e-10, 2.70859390472e-10, 3.79434678122e-10, 3.03736119589e-10, 3.25138804769e-10, 3.2981969933e-10, 4.45050024611e-10, 1.03921038441e-09, 5.74544078979e-10, 9.44324757279e-11, 5.03627139992e-11, 1.5133541989e-11, 8.05073455817e-12], "dvar2": [2.51371802733e-05, 9.18228852242e-06, 3.00251656427e-07, 4.37726640712e-07, 4.10344085822e-07, 2.93794272466e-07, 2.60533255414e-07, 1.848013369e-07, 4.14599384158e-07, 7.22167854406e-08, 2.0749823193e-07, 4.01208986034e-08, 1.94291498445e-08, 2.42409257112e-08, 2.6966072042e-08, 1.39565949908e-08, 6.06472170261e-08, 1.10614992721e-08, 1.10683444632e-08, 1.5551202992e-08, 1.52552892541e-09, 1.78346626356e-09, 4.74648764737e-09, 2.27925434082e-09, 2.25454321878e-09, 5.92021431878e-10, 8.9101320766e-10, 1.07915820724e-09, 7.16309900284e-10, 1.06115749521e-09, 8.29555035775e-10, 8.41210434643e-10, 7.3737366213e-10, 8.52964476827e-10, 2.68127697822e-09, 1.56100388171e-09, 2.330635962e-10, 1.11328751773e-10, 3.14224340991e-11, 1.88480429181e-11], "max": [0.0260000601411, 0.0164990760386, 0.00584346149117, 0.00856208708137, 0.00634597195312, 0.00650299945846, 0.00652536936104, 0.00693897856399, 0.0122042270377, 0.0035335351713, 0.00700526731089, 0.00574234873056, 0.00206744601019, 0.00267648184672, 0.00309446454048, 0.00224917661399, 0.00376497860998, 0.0014723232016, 0.00141756318044, 0.00150890776422, 0.00077377416892, 0.000593149627093, 0.00130808330141, 0.00050021026982, 0.000434628047515, 0.000207378296182, 0.000306902162265, 0.00060327060055, 0.00045917564421, 0.000580634921789, 0.00044653218356, 0.000423573888838, 0.000441675976617, 0.000576123420615, 0.000798449967988, 0.000599414575845, 0.000198425972485, 0.000174300992512, 9.02236206457e-05, 0.000112229783554], "mean": [0.00220587127842, 0.00144200026989, 0.00047908135457, 0.000502117269207, 0.000392903748434, 0.000343196210451, 0.000315951590892, 0.000221522292122, 0.000359098630724, 0.000148796738358, 0.00025680611725, 0.000105451057607, 7.32552289264e-05, 9.4603143225e-05, 9.00229570107e-05, 6.08872724115e-05, 0.000106120205601, 4.6095738071e-05, 4.89768681291e-05, 5.084987788e-05, 2.15972031583e-05, 2.51594537986e-05, 4.42140590167e-05, 3.04743552988e-05, 1.99273308681e-05, 1.32244203996e-05, 1.62251690199e-05, 1.19271044241e-05, 8.24982089398e-06, 6.88713271302e-06, 7.05370530341e-06, 7.07153321855e-06, 5.87152680964e-06, 4.77175672131e-06, 3.61538877769e-06, 2.53457665167e-06, 1.90183368431e-06, 1.53563905769e-06, 9.81032940217e-07, 6.03509363373e-07], "median": [0.000634859548882, 0.0008067850722, 0.000388217740692, 0.00029068312142, 0.000211126258364, 0.000165576551808, 0.000119740361697, 7.07054859959e-05, 0.000130453379825, 5.37165615242e-05, 9.3399110483e-05, 3.60187186743e-05, 3.11163894366e-05, 3.27031266352e-05, 2.88213504973e-05, 1.06171082734e-05, 2.79545420199e-05, 1.27692155729e-05, 1.35312493512e-05, 1.21011617011e-05, 6.5266067395e-06, 9.17646320886e-06, 1.90300197573e-05, 1.1171987353e-05, 6.05475361226e-06, 4.77560342915e-06, 6.05013883614e-06, 4.62452135253e-06, 2.04408388527e-06, 1.5125264099e-06, 1.52484471982e-06, 1.44346677189e-06, 1.04013929558e-06, 7.05675574864e-07, 3.508873192e-07, 2.28994778695e-07, 1.7815077058e-07, 9.23276388676e-08, 5.84428647699e-08, 3.20593613878e-08], "min": [1.20586480985e-24, 5.42764751088e-25, 1.38356657559e-24, 1.19290037391e-24, 9.69439548073e-25, 1.75499167483e-24, 1.94911101652e-24, 2.58501179222e-24, 1.29607825272e-24, 2.86803989944e-24, 1.40087033815e-24, 1.32173013581e-24, 2.34439481941e-24, 2.39316358108e-24, 1.70079988887e-24, 3.20924827336e-24, 2.40501168023e-24, 3.31909557669e-24, 2.81581079941e-24, 4.54244726344e-24, 3.2673060694e-24, 3.43664058473e-24, 3.1944936162e-24, 4.56253560639e-24, 4.05893114323e-24, 3.03709653852e-24, 4.97096676234e-24, 3.03579176258e-24, 5.29369488627e-24, 5.02195360366e-24, 4.87305413565e-24, 4.13536703178e-24, 6.12627722387e-24, 6.26039777725e-24, 6.2969082321e-24, 5.62080434366e-24, 6.78172518394e-24, 6.23710665902e-24, 5.14577123919e-24, 6.59337872636e-24], "var": [1.84372802323e-05, 4.92404433317e-06, 2.08150680692e-07, 4.74748929946e-07, 3.27930251842e-07, 2.46009562943e-07, 2.5565881856e-07, 1.75756170506e-07, 3.59995112831e-07, 7.9889254323e-08, 1.85105633932e-07, 5.0753836689e-08, 1.63982800672e-08, 2.86233792224e-08, 2.87440737878e-08, 1.8150590364e-08, 5.29133998839e-08, 9.20655285341e-09, 9.19428533308e-09, 1.26308998816e-08, 2.08166262006e-09, 1.7926240492e-09, 5.21189846836e-09, 2.21577312054e-09, 1.447695408e-09, 4.67845095997e-10, 7.5852296666e-10, 4.47260034564e-10, 3.29703070401e-10, 3.59331453481e-10, 3.38366668018e-10, 3.64199198577e-10, 4.16972845141e-10, 5.59918666987e-10, 8.01642474624e-10, 3.94494825695e-10, 8.34664004579e-11, 5.80040807052e-11, 2.15718571478e-11, 9.66660952673e-12]}, "melbands_crest": {"dmean": 3.53885936737, "dmean2": 5.14117527008, "dvar": 11.8843345642, "dvar2": 22.1146717072, "max": 37.2115020752, "mean": 12.5842237473, "median": 10.9603061676, "min": 1.61050069332, "var": 33.4438514709}, "melbands_flatness_db": {"dmean": 0.0284664165229, "dmean2": 0.0405393913388, "dvar": 0.00099055073224, "dvar2": 0.00186059623957, "max": 0.635482251644, "mean": 0.192722663283, "median": 0.190031707287, "min": 0.00322536914609, "var": 0.00452511291951}, "melbands_kurtosis": {"dmean": 5.62731599808, "dmean2": 8.19900989532, "dvar": 218.928359985, "dvar2": 361.92376709, "max": 592.344909668, "mean": 8.65829467773, "median": 3.64410090446, "min": -1.83542585373, "var": 530.635681152}, "melbands_skewness": {"dmean": 0.714509546757, "dmean2": 1.00515663624, "dvar": 0.742394506931, "dvar2": 1.38355267048, "max": 18.2163677216, "mean": 2.01948595047, "median": 1.71071219444, "min": -5.19014263153, "var": 2.59228873253}, "melbands_spread": {"dmean": 9.81729125977, "dmean2": 14.5536289215, "dvar": 180.347106934, "dvar2": 402.160980225, "max": 232.484451294, "mean": 30.6092643738, "median": 25.5567722321, "min": 0.214849591255, "var": 514.63458252}, "mfcc": {"cov": [[11750.8007813, 665.125976563, -138.43057251, 357.667938232, -270.397399902, 162.961151123, -122.319641113, 185.759597778, 18.4402503967, 79.6702957153, 21.1766872406, -25.5317497253, -41.3651275635], [665.125976563, 1941.29663086, -128.070663452, 52.7364196777, -45.7782554626, 26.902633667, 67.1470718384, 31.0677452087, -45.2429962158, 46.4522209167, -2.29608082771, 13.123550415, -16.6959762573], [-138.43057251, -128.070663452, 734.712341309, 89.462097168, 150.555923462, 10.2766914368, 106.030067444, 74.5401687622, -5.98573684692, 14.8460578918, 23.3478965759, 30.4588394165, 8.37613391876], [357.667938232, 52.7364196777, 89.462097168, 496.982727051, 184.419418335, 37.958240509, 6.28487110138, 55.9130592346, 79.1047897339, 7.73990106583, -14.9273395538, 45.1529083252, 56.6245269775], [-270.397399902, -45.7782554626, 150.555923462, 184.419418335, 345.792541504, 75.6237487793, 32.5629348755, 6.25978040695, 87.5788650513, 21.2538528442, -1.81228339672, 26.7427597046, 37.713848114], [162.961151123, 26.902633667, 10.2766914368, 37.958240509, 75.6237487793, 232.087799072, 97.7221069336, 62.7242584229, 23.6924266815, 21.2306880951, 48.4409255981, 9.10989665985, 16.42669487], [-122.319641113, 67.1470718384, 106.030067444, 6.28487110138, 32.5629348755, 97.7221069336, 224.309158325, 102.995254517, -5.00339317322, 35.047996521, 66.1485824585, 38.435508728, 43.695098877], [185.759597778, 31.0677452087, 74.5401687622, 55.9130592346, 6.25978040695, 62.7242584229, 102.995254517, 147.091247559, 31.9855937958, 20.0222396851, 31.7466411591, 23.3162689209, 33.3017044067], [18.4402503967, -45.2429962158, -5.98573684692, 79.1047897339, 87.5788650513, 23.6924266815, -5.00339317322, 31.9855937958, 145.32611084, 29.3632640839, -3.38742113113, 0.423386693001, 1.53252971172], [79.6702957153, 46.4522209167, 14.8460578918, 7.73990106583, 21.2538528442, 21.2306880951, 35.047996521, 20.0222396851, 29.3632640839, 127.433113098, 44.5961380005, -3.58560562134, -9.77725410461], [21.1766872406, -2.29608082771, 23.3478965759, -14.9273395538, -1.81228339672, 48.4409255981, 66.1485824585, 31.7466411591, -3.38742113113, 44.5961380005, 130.290466309, 30.679605484, -8.59668540955], [-25.5317497253, 13.123550415, 30.4588394165, 45.1529083252, 26.7427597046, 9.10989665985, 38.435508728, 23.3162689209, 0.423386693001, -3.58560562134, 30.679605484, 111.476715088, 55.4999694824], [-41.3651275635, -16.6959762573, 8.37613391876, 56.6245269775, 37.713848114, 16.42669487, 43.695098877, 33.3017044067, 1.53252971172, -9.77725410461, -8.59668540955, 55.4999694824, 123.759101868]], "icov": [[9.96694725472e-05, -2.86471858999e-05, -1.10265682451e-05, -9.9076765764e-05, 0.000141208991408, -0.000128265892272, 0.000189630212844, -0.0001583811827, 2.39787314058e-05, -7.54034990678e-05, -7.89922432887e-06, 5.40726205145e-06, 1.59583232744e-05], [-2.86471858999e-05, 0.000567796698306, 0.000163952121511, -0.000109453765617, -1.65531364473e-05, 3.24311149598e-05, -0.000314309290843, -5.47936579096e-05, 0.000311060808599, -0.000267891387921, 0.000302689324599, -0.000205433359952, 0.000320600025589], [-1.10265682451e-05, 0.000163952121511, 0.00182858796325, -6.07664042036e-05, -0.001116298954, 0.00068843801273, -0.000709314423148, -0.00105095119216, 0.000935317890253, -5.35646213393e-05, 0.000180442497367, -0.000289642921416, 0.000831115059555], [-9.9076765764e-05, -0.000109453765617, -6.07664042036e-05, 0.00299137830734, -0.0015133721754, 0.000150004052557, 0.000759185175411, -0.0012217030162, -0.000473193707876, 8.86645284481e-05, 0.000270668591838, -0.000634186551906, -0.00059440266341], [0.000141208991408, -1.65531364473e-05, -0.001116298954, -0.0015133721754, 0.00555305788293, -0.00180951319635, -0.000471542589366, 0.00268784537911, -0.0028153245803, -0.000341630395269, 0.000356354401447, -0.0001941985538, -0.00107615313027], [-0.000128265892272, 3.24311149598e-05, 0.00068843801273, 0.000150004052557, -0.00180951319635, 0.00640575494617, -0.00216696690768, -0.0013640326215, 9.29200759856e-05, 0.000558748433832, -0.00147126149386, 0.000997333670966, 0.000173117048689], [0.000189630212844, -0.000314309290843, -0.000709314423148, 0.000759185175411, -0.000471542589366, -0.00216696690768, 0.00970331579447, -0.00517240492627, 0.00174780096859, -0.00115451542661, -0.00226955278777, -0.000456670037238, -0.00194685044698], [-0.0001583811827, -5.47936579096e-05, -0.00105095119216, -0.0012217030162, 0.00268784537911, -0.0013640326215, -0.00517240492627, 0.0133960321546, -0.00395832816139, 0.000338827056112, -0.000441675278125, 0.000315115816193, -0.00194293772802], [2.39787314058e-05, 0.000311060808599, 0.000935317890253, -0.000473193707876, -0.0028153245803, 9.29200759856e-05, 0.00174780096859, -0.00395832816139, 0.0103451376781, -0.00223910110071, 0.000972593843471, -0.000267663010163, 0.00137940829154], [-7.54034990678e-05, -0.000267891387921, -5.35646213393e-05, 8.86645284481e-05, -0.000341630395269, 0.000558748433832, -0.00115451542661, 0.000338827056112, -0.00223910110071, 0.0100313602015, -0.00354731245898, 0.00161534070503, 9.75234434009e-05], [-7.89922432887e-06, 0.000302689324599, 0.000180442497367, 0.000270668591838, 0.000356354401447, -0.00147126149386, -0.00226955278777, -0.000441675278125, 0.000972593843471, -0.00354731245898, 0.0119973234832, -0.00441369228065, 0.00342938723043], [5.40726205145e-06, -0.000205433359952, -0.000289642921416, -0.000634186551906, -0.0001941985538, 0.000997333670966, -0.000456670037238, 0.000315115816193, -0.000267663010163, 0.00161534070503, -0.00441369228065, 0.0136478431523, -0.00600895099342], [1.59583232744e-05, 0.000320600025589, 0.000831115059555, -0.00059440266341, -0.00107615313027, 0.000173117048689, -0.00194685044698, -0.00194293772802, 0.00137940829154, 9.75234434009e-05, 0.00342938723043, -0.00600895099342, 0.0127832191065]], "mean": [-653.611022949, 119.075538635, -13.8916702271, 31.4758777618, -4.87727642059, 7.37320137024, -2.97822856903, 7.48276233673, -2.71614146233, 2.07701468468, 2.65734744072, 0.442857265472, -2.47459554672]}, "pitch_salience": {"dmean": 0.0765375420451, "dmean2": 0.116008110344, "dvar": 0.00572797423229, "dvar2": 0.0113618876785, "max": 0.956248760223, "mean": 0.529846668243, "median": 0.540782570839, "min": 0.00933258235455, "var": 0.0162492655218}, "silence_rate_20dB": {"dmean": 0, "dmean2": 0, "dvar": 0, "dvar2": 0, "max": 1, "mean": 1, "median": 1, "min": 1, "var": 0}, "silence_rate_30dB": {"dmean": 0, "dmean2": 0, "dvar": 0, "dvar2": 0, "max": 1, "mean": 1, "median": 1, "min": 1, "var": 0}, "silence_rate_60dB": {"dmean": 0.0129477772862, "dmean2": 0.0258992798626, "dvar": 0.0127803413197, "dvar2": 0.0278190281242, "max": 1, "mean": 0.0775316432118, "median": 0, "min": 0, "var": 0.0715214386582}, "spectral_centroid": {"dmean": 288.741210938, "dmean2": 400.20880127, "dvar": 118841.945313, "dvar2": 215579.375, "max": 11875.6992188, "mean": 1711.85571289, "median": 1527.42382813, "min": 123.650619507, "var": 1501231.25}, "spectral_complexity": {"dmean": 3.94590711594, "dmean2": 5.72258996964, "dvar": 30.3214359283, "dvar2": 53.9120140076, "max": 62, "mean": 18.7945919037, "median": 17, "min": 0, "var": 115.458251953}, "spectral_contrast_coeffs": {"dmean": [0.0474874489009, 0.0475552119315, 0.042053617537, 0.0346241444349, 0.0242811758071, 0.0214676447213], "dmean2": [0.0711685568094, 0.0755140706897, 0.0671590864658, 0.0536647439003, 0.038107611239, 0.0327711701393], "dvar": [0.00184555328451, 0.00158054754138, 0.00130293425173, 0.000843447982334, 0.000447169528343, 0.000554554571863], "dvar2": [0.0037831470836, 0.00385753251612, 0.00306675559841, 0.00184979429469, 0.00100666366052, 0.00121199234854], "max": [-0.2670122087, -0.372089266777, -0.457744151354, -0.479627877474, -0.594290971756, -0.520868241787], "mean": [-0.666922211647, -0.688119828701, -0.71607285738, -0.721478402615, -0.761474072933, -0.722344636917], "median": [-0.675637125969, -0.687342703342, -0.714654326439, -0.721762776375, -0.76567453146, -0.721467673779], "min": [-0.988366484642, -0.98011392355, -0.97751390934, -0.974300384521, -0.96711319685, -0.964918494225], "var": [0.00930244848132, 0.00830216053873, 0.00789971649647, 0.00568492664024, 0.00301163084805, 0.00357200368308]}, "spectral_contrast_valleys": {"dmean": [0.421386986971, 0.360420197248, 0.346205592155, 0.304329633713, 0.289208054543, 0.330202966928], "dmean2": [0.605271875858, 0.580368340015, 0.556756436825, 0.463428497314, 0.411888629198, 0.420586645603], "dvar": [0.295368015766, 0.152351737022, 0.155462503433, 0.11892285198, 0.14725933969, 0.216333344579], "dvar2": [0.443001389503, 0.338538199663, 0.345774263144, 0.232730224729, 0.250759184361, 0.32145935297], "max": [-5.55262470245, -4.85456037521, -5.35102510452, -5.75764083862, -5.40164327621, -7.24324893951], "mean": [-7.66612529755, -7.31048345566, -8.01635456085, -8.29198646545, -7.84038543701, -10.8192033768], "median": [-6.9652633667, -6.86896562576, -7.6868429184, -7.97543239594, -7.54536724091, -10.7258262634], "min": [-28.0688114166, -27.8800563812, -27.8131828308, -27.5876865387, -27.6002101898, -27.3970279694], "var": [6.24098205566, 5.74283838272, 5.4987282753, 5.20009374619, 5.57885313034, 4.64401054382]}, "spectral_decrease": {"dmean": 2.29278018793e-09, "dmean2": 3.09627234962e-09, "dvar": 9.56623542352e-18, "dvar2": 1.70997423205e-17, "max": 3.57416690577e-15, "mean": -6.60669563501e-09, "median": -5.54767165539e-09, "min": -2.79039440443e-08, "var": 2.34995014078e-17}, "spectral_energy": {"dmean": 0.00917915347964, "dmean2": 0.012281392701, "dvar": 0.000145109865116, "dvar2": 0.000256205123151, "max": 0.109798140824, "mean": 0.0271834824234, "median": 0.0229418501258, "min": 9.86105353459e-21, "var": 0.000378748547519}, "spectral_energyband_high": {"dmean": 0.00083237583749, "dmean2": 0.00117677578237, "dvar": 8.6875343186e-06, "dvar2": 1.75768818735e-05, "max": 0.0758512467146, "mean": 0.00123412674293, "median": 0.000324308755808, "min": 6.95025504221e-21, "var": 1.23336112665e-05}, "spectral_energyband_low": {"dmean": 0.00646589323878, "dmean2": 0.00888230279088, "dvar": 0.000162282303791, "dvar2": 0.000301452964777, "max": 0.0915934741497, "mean": 0.00965415779501, "median": 0.004530927632, "min": 8.42647492777e-24, "var": 0.000241477857344}, "spectral_energyband_middle_high": {"dmean": 0.00234208279289, "dmean2": 0.00332553358749, "dvar": 9.62262129178e-06, "dvar2": 1.99482128664e-05, "max": 0.0489996932447, "mean": 0.00718146702275, "median": 0.00537395523861, "min": 1.13910202049e-21, "var": 4.36987647845e-05}, "spectral_energyband_middle_low": {"dmean": 0.00322706880979, "dmean2": 0.00499991606921, "dvar": 1.41358004839e-05, "dvar2": 3.4590037103e-05, "max": 0.0640560761094, "mean": 0.0100856060162, "median": 0.00914771668613, "min": 1.8667020073e-22, "var": 5.2401504945e-05}, "spectral_entropy": {"dmean": 0.16167974472, "dmean2": 0.227890864015, "dvar": 0.0320479348302, "dvar2": 0.055645365268, "max": 9.82543849945, "mean": 7.49206018448, "median": 7.44302654266, "min": 5.85537195206, "var": 0.22292727232}, "spectral_flux": {"dmean": 0.0262959189713, "dmean2": 0.0401107780635, "dvar": 0.000843192159664, "dvar2": 0.00195954693481, "max": 0.290290057659, "mean": 0.0834857672453, "median": 0.0780888050795, "min": 6.33475424894e-11, "var": 0.00222951616161}, "spectral_kurtosis": {"dmean": 1.75302696228, "dmean2": 2.97905397415, "dvar": 3.70652866364, "dvar2": 10.1642284393, "max": 27.1711750031, "mean": 3.88072371483, "median": 3.22695684433, "min": -1.29553461075, "var": 8.39725399017}, "spectral_rms": {"dmean": 0.000791817496065, "dmean2": 0.00102336949203, "dvar": 8.0794745827e-07, "dvar2": 1.29047714381e-06, "max": 0.0103498855606, "mean": 0.00476348400116, "median": 0.0047309929505, "min": 3.10169945283e-12, "var": 3.82972484658e-06}, "spectral_rolloff": {"dmean": 606.918701172, "dmean2": 985.420227051, "dvar": 1250954.125, "dvar2": 2510537, "max": 21813.1347656, "mean": 2101.99609375, "median": 1485.79101563, "min": 64.599609375, "var": 8176979}, "spectral_skewness": {"dmean": 0.234894871712, "dmean2": 0.374228447676, "dvar": 0.0546416565776, "dvar2": 0.129379913211, "max": 3.70855522156, "mean": 1.26339244843, "median": 1.21449875832, "min": -0.206653907895, "var": 0.22669275105}, "spectral_spread": {"dmean": 417619.71875, "dmean2": 592001.875, "dvar": 670445338624, "dvar2": 1197692157950.0, "max": 51120076, "mean": 4277557, "median": 3545181, "min": 1452782.375, "var": 18652642410500.0}, "spectral_strongpeak": {"dmean": 0.761074364185, "dmean2": 1.29152822495, "dvar": 1.49401021004, "dvar2": 3.60