{"lowlevel": {"average_loudness": 0.869549572468, "barkbands": {"dmean": [5.3536004998e-05, 0.00365074328147, 0.002393766772, 0.00183864403516, 0.00108586938586, 0.000772906641942, 0.000499682093505, 0.000536761130206, 0.000637543562334, 0.000491818180308, 0.000379262026399, 0.000399927346734, 0.000417280913098, 0.000569107418414, 0.000446512247436, 0.000420393713284, 0.000373156362912, 0.000322175212204, 0.000317703408655, 0.000275855738437, 0.00029802377685, 0.000161093164934, 0.000160220966791, 0.000146075370139, 6.95508642821e-05, 1.79578983079e-05, 2.46010813498e-06], "dmean2": [7.19071394997e-05, 0.0057453927584, 0.00415884889662, 0.0031643086113, 0.00183503702283, 0.00123559206259, 0.000795328698587, 0.000820879708044, 0.000963907164987, 0.000768867554143, 0.000589876028243, 0.000644615618512, 0.000661608355585, 0.000887052388862, 0.000692025641911, 0.000663913204335, 0.000592459226027, 0.000517843058333, 0.000515613995958, 0.000447255093604, 0.000489186495543, 0.000260393979261, 0.000247340969509, 0.000234248887864, 0.000112930945761, 2.67729337793e-05, 3.71018722944e-06], "dvar": [2.3814695993e-08, 6.28246780252e-05, 1.88439389603e-05, 1.96448381757e-05, 4.56164980278e-06, 3.26528538608e-06, 2.08029223359e-06, 3.4845470509e-06, 2.47580919677e-06, 1.60697425144e-06, 1.10009045784e-06, 1.20077561405e-06, 9.62220383371e-07, 1.39805661092e-06, 1.04584307792e-06, 9.51375795921e-07, 4.24330323767e-07, 2.88915543933e-07, 2.41733630446e-07, 2.44791749537e-07, 3.44047265344e-07, 1.48553951362e-07, 1.47945740991e-07, 3.54338880015e-07, 2.8843436084e-08, 1.33363575738e-09, 6.0367787158e-11], "dvar2": [4.20921892896e-08, 0.000137676805025, 5.31880650669e-05, 5.23785165569e-05, 1.21178945847e-05, 7.93869276094e-06, 4.84624843011e-06, 8.00265388534e-06, 5.39256643606e-06, 3.76612388209e-06, 2.46785953095e-06, 2.96319467452e-06, 2.4789744657e-06, 3.18878005601e-06, 2.49222898674e-06, 2.23345637096e-06, 9.92252921606e-07, 6.9493069077e-07, 5.99466716267e-07, 6.1830434106e-07, 8.83701659404e-07, 3.81946421157e-07, 3.42788894159e-07, 7.97907205197e-07, 6.16250019903e-08, 2.83356516029e-09, 1.27719612664e-10], "max": [0.00435315119103, 0.118045635521, 0.0752759277821, 0.0545812025666, 0.0612611249089, 0.0953588411212, 0.0576501823962, 0.0668073445559, 0.044303715229, 0.0261095315218, 0.0287285055965, 0.0263410005718, 0.0482449196279, 0.0304365251213, 0.0222843103111, 0.035040050745, 0.0187397133559, 0.0102988742292, 0.0093105500564, 0.0113295121118, 0.00676848273724, 0.00657206680626, 0.00943956617266, 0.0270516071469, 0.00665527349338, 0.000941891863476, 0.00024184936774], "mean": [8.08383774711e-05, 0.00447757681832, 0.0028506135568, 0.00201526889578, 0.00164083589334, 0.00115913979243, 0.000718055351172, 0.000814614642877, 0.00113881658763, 0.000778137065936, 0.000628261361271, 0.00059076276375, 0.000663683749735, 0.000921403290704, 0.00071376177948, 0.000689210719429, 0.00063658808358, 0.000521934474818, 0.000502485607285, 0.000430840416811, 0.000394455943024, 0.000225169933401, 0.000202442563022, 0.000155890389578, 6.77070856909e-05, 2.18893401325e-05, 2.93492416858e-06], "median": [1.88395497389e-05, 0.0018559244927, 0.00140595296398, 0.000845383736305, 0.00093975441996, 0.000492637278512, 0.000217792170588, 0.000204750162084, 0.000284038163954, 0.000260317057837, 0.000185347162187, 0.00020152592333, 0.000290041003609, 0.000286225869786, 0.000237112835748, 0.000244760536589, 0.000300178362522, 0.000273117009783, 0.000297247199342, 0.0002269113902, 0.000172768253833, 7.49480241211e-05, 6.94057525834e-05, 3.51112357748e-05, 1.59034825629e-05, 6.56748125039e-06, 4.81823121845e-07], "min": [4.03924640124e-25, 3.50002437517e-24, 8.19922401972e-25, 3.46828169703e-25, 5.6913482301e-24, 6.78101599798e-24, 4.45772517994e-24, 7.36870553946e-24, 8.9343972211e-24, 1.70611980905e-23, 1.56304883983e-23, 1.47117730995e-23, 2.88032396257e-23, 3.59574791285e-23, 4.43056880105e-23, 3.98216984956e-23, 5.32581580349e-23, 8.00641943306e-23, 1.1325723979e-22, 1.82521221509e-22, 2.29967367938e-22, 3.10099202358e-22, 3.80958980269e-22, 5.78129525492e-22, 7.33460049506e-22, 1.27232878816e-21, 1.94639960219e-21], "var": [3.95780261897e-08, 7.384375931e-05, 1.77061592694e-05, 1.66835761775e-05, 5.94893663219e-06, 4.64581898996e-06, 3.12213660436e-06, 5.98341921432e-06, 6.88748650646e-06, 3.22307528222e-06, 3.02011335407e-06, 1.99045302907e-06, 1.629377266e-06, 3.3028748021e-06, 2.01220223062e-06, 2.01594571081e-06, 1.04081311747e-06, 5.45772934402e-07, 3.87994020912e-07, 3.64374926676e-07, 3.92145580008e-07, 1.82238579782e-07, 1.95905684564e-07, 4.76614218314e-07, 4.09780902544e-08, 2.06022732208e-09, 8.42391642553e-11]}, "barkbands_crest": {"dmean": 2.99497509003, "dmean2": 4.91960334778, "dvar": 8.1018705368, "dvar2": 19.3724117279, "max": 26.707611084, "mean": 8.73832893372, "median": 7.68560218811, "min": 2.0961997509, "var": 17.4153232574}, "barkbands_flatness_db": {"dmean": 0.0273497533053, "dmean2": 0.0423512384295, "dvar": 0.000810618628748, "dvar2": 0.0018068443751, "max": 0.561108469963, "mean": 0.109545513988, "median": 0.101454347372, "min": 0.0160530116409, "var": 0.00217087310739}, "barkbands_kurtosis": {"dmean": 3.98226881027, "dmean2": 6.76860761642, "dvar": 2848.16748047, "dvar2": 7212.65722656, "max": 2886.33618164, "mean": 3.025203228, "median": -0.207890510559, "min": -1.86996233463, "var": 2629.29394531}, "barkbands_skewness": {"dmean": 0.611760497093, "dmean2": 0.963793992996, "dvar": 1.22417783737, "dvar2": 2.66291856766, "max": 47.8334732056, "mean": 0.952219009399, "median": 0.776398658752, "min": -6.37635707855, "var": 2.5881228447}, "barkbands_spread": {"dmean": 8.41626930237, "dmean2": 13.5359783173, "dvar": 90.5663833618, "dvar2": 221.183425903, "max": 115.629608154, "mean": 31.0933380127, "median": 30.051651001, "min": 0.0963821858168, "var": 186.965042114}, "dissonance": {"dmean": 0.0134379249066, "dmean2": 0.0221447236836, "dvar": 0.000228498814977, "dvar2": 0.000586269481573, "max": 0.500000119209, "mean": 0.476538479328, "median": 0.48316192627, "min": 0.263591557741, "var": 0.000504760479089}, "dynamic_complexity": 3.56906723976, "erbbands": {"dmean": [0.0915807709098, 0.909162223339, 2.46956372261, 4.53888130188, 5.09194612503, 3.09589505196, 4.32775592804, 6.69050836563, 7.68422889709, 8.21590518951, 12.1094512939, 14.843038559, 17.5889530182, 11.5086069107, 16.1504955292, 16.1627483368, 17.310043335, 27.4010372162, 21.9255371094, 24.8940467834, 20.0688781738, 18.7520942688, 18.0949363708, 14.6949596405, 16.284198761, 13.1022977829, 13.1555118561, 10.1896600723, 5.98117017746, 6.05783843994, 3.89572381973, 3.07359170914, 2.37143874168, 1.08723819256, 0.309116542339, 0.0971472412348, 0.0304962228984, 0.00467303628102, 0.000411320041167, 2.90383086394e-05], "dmean2": [0.143717542291, 1.43539917469, 4.20906496048, 7.89480352402, 8.84340858459, 5.05948448181, 7.01175498962, 10.7624835968, 12.1531610489, 12.7846784592, 18.5209827423, 22.5707950592, 27.140411377, 17.9983615875, 24.9761657715, 25.701292038, 27.2736282349, 42.7458992004, 33.6493034363, 38.7990760803, 31.0181121826, 29.4352874756, 28.6070766449, 23.5093860626, 26.5541324615, 21.090423584, 21.7357292175, 16.6772632599, 9.67185592651, 9.50967311859, 6.03456544876, 4.94005918503, 3.87057900429, 1.78577184677, 0.486776381731, 0.145653903484, 0.0465554967523, 0.00720938388258, 0.000613040814642, 4.16307375417e-05], "dvar": [0.0476789698005, 3.72289180756, 21.0670223236, 84.257598877, 160.692672729, 34.0764083862, 170.035995483, 219.649108887, 401.040466309, 769.158935547, 1885.91882324, 1520.05480957, 2399.80712891, 933.345703125, 2121.22558594, 1626.05407715, 1547.16259766, 2853.87548828, 2105.11132812, 4561.87158203, 1822.2644043, 1022.35662842, 951.307373047, 510.941345215, 704.720092773, 576.717346191, 704.530090332, 395.241790771, 200.337768555, 198.830032349, 101.190605164, 158.396362305, 79.7660675049, 8.14902973175, 0.641380250454, 0.0438864938915, 0.0038582070265, 0.000133574838401, 1.5079754121e-06, 5.43937161979e-09], "dvar2": [0.105064302683, 8.44679260254, 58.2742729187, 231.043716431, 446.173278809, 81.7148284912, 432.682800293, 525.375, 912.162353516, 1828.31433105, 4375.45361328, 3455.30615234, 5461.76513672, 2192.0300293, 4731.43310547, 3891.10473633, 3922.52563477, 6721.18164062, 4790.14160156, 11304.1669922, 3780.13134766, 2326.73022461, 2267.47021484, 1224.61621094, 1782.16137695, 1458.23596191, 1829.01330566, 1005.9465332, 521.032897949, 493.770019531, 228.352294922, 367.961791992, 175.991531372, 17.4343585968, 1.37353491783, 0.0966517329216, 0.0083329398185, 0.000282582681393, 3.16399905387e-06, 1.14376907945e-08], "max": [4.09974479675, 27.1850833893, 77.4623184204, 111.473861694, 223.98399353, 286.897460938, 832.940124512, 513.025634766, 661.735778809, 1381.50915527, 1500.89831543, 1040.88330078, 1469.47363281, 819.298461914, 1444.82727051, 950.449890137, 1787.36450195, 1111.70178223, 1074.93505859, 2239.02661133, 2342.70629883, 979.640808105, 659.199768066, 480.624938965, 514.09387207, 708.523254395, 354.234954834, 264.405548096, 252.357131958, 438.158813477, 306.300109863, 579.323120117, 380.793884277, 121.857826233, 30.8591804504, 7.21474123001, 1.7364256382, 0.296383529902, 0.0418179258704, 0.00156258128118], "mean": [0.108160920441, 1.09310364723, 3.06010103226, 5.58728170395, 6.03110551834, 5.06246185303, 6.59198093414, 9.83031368256, 11.2528896332, 12.7972660065, 19.5293598175, 27.5771656036, 29.7576560974, 18.9280891418, 27.8794403076, 26.7974090576, 29.6974334717, 48.0503234863, 35.7320480347, 42.5399131775, 37.1137619019, 33.6843833923, 30.8807296753, 24.4353122711, 25.4325580597, 20.8789825439, 18.0249710083, 13.4740104675, 8.27169322968, 7.75749397278, 5.04638338089, 3.4958190918, 2.38791155815, 1.03268158436, 0.326990634203, 0.116434641182, 0.036947350949, 0.00566546898335, 0.000504498719238, 5.29669850948e-05], "median": [0.0358602963388, 0.466741025448, 1.61759352684, 2.92870116234, 2.83484554291, 2.87682437897, 3.21248960495, 4.04345798492, 3.71174740791, 3.9278614521, 5.40502262115, 7.21392059326, 8.42284679413, 8.48280620575, 8.77999687195, 10.8036136627, 14.259098053, 18.600894928, 14.7718906403, 15.4535694122, 15.2467603683, 16.9505443573, 17.4855003357, 14.5811567307, 14.9803476334, 11.0646944046, 8.29735374451, 5.75389575958, 2.86467456818, 2.6910777092, 1.69687461853, 0.84606564045, 0.509306252003, 0.216608181596, 0.0864397883415, 0.0351763293147, 0.0111347045749, 0.00155044067651, 9.93149442365e-05, 3.11343974317e-05], "min": [8.72522317901e-23, 5.87190444959e-22, 1.33910999111e-21, 2.2404558476e-21, 9.78370810834e-21, 1.4101418038e-20, 2.50996599302e-20, 6.56801310401e-20, 8.88584878986e-20, 1.47959838269e-19, 1.89431598105e-19, 2.18138022384e-19, 5.01400853274e-19, 6.56360319737e-19, 8.28886775964e-19, 9.62362500762e-19, 1.41959206442e-18, 2.10562754033e-18, 2.67473007652e-18, 3.89202002609e-18, 3.45716497422e-18, 3.6536116843e-18, 5.68235030516e-18, 6.08200799479e-18, 6.89363264874e-18, 8.76982262103e-18, 9.41826439246e-18, 1.02929541235e-17, 1.03062924109e-17, 1.10082469777e-17, 1.12083527212e-17, 9.45932481088e-18, 1.03734040555e-17, 7.42478310444e-18, 5.53508858148e-18, 4.23360343287e-18, 2.24002557151e-18, 8.59395471702e-19, 2.26834249712e-19, 2.53536350744e-20], "var": [0.0553919933736, 4.13453006744, 19.4710388184, 78.7089233398, 130.756942749, 62.3616905212, 220.533798218, 333.954559326, 643.466369629, 1140.1932373, 3383.83105469, 4282.81005859, 5451.43115234, 1594.05688477, 6260.44091797, 3289.38989258, 2736.89379883, 7229.07958984, 3680.05834961, 8304.00292969, 5448.20947266, 2565.27197266, 1827.0135498, 924.926330566, 1072.91870117, 870.544250488, 796.280395508, 463.723846436, 237.332839966, 229.68057251, 143.428970337, 209.741455078, 107.621109009, 11.2058019638, 0.952373027802, 0.0640537589788, 0.00584976701066, 0.000199051952222, 2.17482875087e-06, 8.02002286804e-09]}, "erbbands_crest": {"dmean": 2.59383702278, "dmean2": 4.20935535431, "dvar": 6.57456541061, "dvar2": 16.1503067017, "max": 31.6638736725, "mean": 8.27985668182, "median": 7.07060718536, "min": 2.46199059486, "var": 18.4018630981}, "erbbands_flatness_db": {"dmean": 0.0199183132499, "dmean2": 0.0288825184107, "dvar": 0.00037789659109, "dvar2": 0.000756529858336, "max": 0.345949858427, "mean": 0.150050625205, "median": 0.143213927746, "min": 0.0360191240907, "var": 0.00164902652614}, "erbbands_kurtosis": {"dmean": 0.911533415318, "dmean2": 1.48126137257, "dvar": 2.05386614799, "dvar2": 5.21587705612, "max": 36.2155418396, "mean": 0.471489459276, "median": 0.0045177936554, "min": -1.74690699577, "var": 3.68925857544}, "erbbands_skewness": {"dmean": 0.371067285538, "dmean2": 0.579212665558, "dvar": 0.141049131751, "dvar2": 0.330426305532, "max": 4.04408073425, "mean": -0.246460556984, "median": -0.294354081154, "min": -4.76594495773, "var": 0.497751444578}, "erbbands_spread": {"dmean": 8.96477222443, "dmean2": 14.1367330551, "dvar": 96.9218902588, "dvar2": 235.828186035, "max": 139.599349976, "mean": 37.3535499573, "median": 34.565032959, "min": 2.61097073555, "var": 299.044464111}, "gfcc": {"cov": [[29401.5449219, 664.344787598, -2021.94360352, 1032.36706543, -1047.97290039, 451.113433838, -688.212158203, 308.949249268, -454.600341797, 117.153808594, -355.483154297, 81.1490707397, -349.733123779], [664.344787598, 1220.12365723, -327.860534668, -25.6937179565, 120.015678406, -94.4441299438, 153.034133911, -50.9463119507, 42.858253479, -61.0222206116, 76.8226623535, -69.2872772217, 25.83020401], [-2021.94360352, -327.860534668, 861.933166504, 118.799453735, 38.2212181091, 84.2941818237, 68.2008895874, 69.5330581665, 37.0282249451, 39.8635253906, 45.9705848694, 52.5066947937, -7.787525177], [1032.36706543, -25.6937179565, 118.799453735, 478.569396973, 63.8950805664, 46.7670631409, 15.100227356, 6.35416650772, -5.74235773087, 43.9267807007, -7.14896678925, 21.3163337708, 5.19984054565], [-1047.97290039, 120.015678406, 38.2212181091, 63.8950805664, 291.236206055, 15.7364253998, 67.0536880493, -7.24410581589, 62.8740386963, 6.40106153488, 29.6084575653, -9.99666404724, 42.4670524597], [451.113433838, -94.4441299438, 84.2941818237, 46.7670631409, 15.7364253998, 174.931716919, 46.883972168, 56.5948905945, -5.78531980515, 24.8949928284, 3.8563542366, 7.25410509109, -2.85133218765], [-688.212158203, 153.034133911, 68.2008895874, 15.100227356, 67.0536880493, 46.883972168, 258.782623291, 49.2900733948, 25.1561737061, 6.10701084137, 40.8028373718, 11.5448074341, 6.30270957947], [308.949249268, -50.9463119507, 69.5330581665, 6.35416650772, -7.24410581589, 56.5948905945, 49.2900733948, 143.908279419, 43.860458374, 19.1592903137, 13.8326911926, 17.1153907776, 2.99301171303], [-454.600341797, 42.858253479, 37.0282249451, -5.74235773087, 62.8740386963, -5.78531980515, 25.1561737061, 43.860458374, 139.115066528, 35.4175796509, 23.2641601562, 7.62928009033, 25.5569553375], [117.153808594, -61.0222206116, 39.8635253906, 43.9267807007, 6.40106153488, 24.8949928284, 6.10701084137, 19.1592903137, 35.4175796509, 96.2018585205, 26.4344749451, 24.505241394, -0.63718765974], [-355.483154297, 76.8226623535, 45.9705848694, -7.14896678925, 29.6084575653, 3.8563542366, 40.8028373718, 13.8326911926, 23.2641601562, 26.4344749451, 111.846611023, 33.003200531, 19.2603378296], [81.1490707397, -69.2872772217, 52.5066947937, 21.3163337708, -9.99666404724, 7.25410509109, 11.5448074341, 17.1153907776, 7.62928009033, 24.505241394, 33.003200531, 105.176834106, 20.8744678497], [-349.733123779, 25.83020401, -7.787525177, 5.19984054565, 42.4670524597, -2.85133218765, 6.30270957947, 2.99301171303, 25.5569553375, -0.63718765974, 19.2603378296, 20.8744678497, 80.9070739746]], "icov": [[0.000101194877061, -0.000151021915372, 0.000251491641393, -0.000272764882538, 0.000275290134596, -0.000350243062712, 0.000332069641445, -0.000369688437786, 0.000168333281181, -0.000112355344754, 0.000186425939319, -0.000284486362943, 0.000333311763825], [-0.000151021915372, 0.00153570913244, 0.000141863201861, 0.000202095267014, -0.000563919835258, 0.00100848893635, -0.00133378617465, 0.000913071155082, -0.000747664947994, 0.0010428664973, -0.00147320493124, 0.00125794240739, -0.000470241619041], [0.000251491641393, 0.000141863201861, 0.00216507981531, -0.00102982402314, 0.000549093121663, -0.00111125223339, 0.000400679651648, -0.00105410499964, -4.6825472964e-05, 0.000147460727021, -0.00036649996764, -0.000896522193216, 0.00133131514303], [-0.000272764882538, 0.000202095267014, -0.00102982402314, 0.00319166574627, -0.00139133539051, 0.000598104088567, -0.000748088466935, 0.00096027442487, 0.000324234366417, -0.00108546111733, 0.000413653702708, 0.000271824246738, -0.00105328508653], [0.000275290134596, -0.000563919835258, 0.000549093121663, -0.00139133539051, 0.00552075589076, -0.00165770808235, -1.76237208507e-05, 0.000425068254117, -0.00171459559351, 0.000281324493699, -0.000132282773848, 0.000286012887955, -0.000956733012572], [-0.000350243062712, 0.00100848893635, -0.00111125223339, 0.000598104088567, -0.00165770808235, 0.00897881947458, -0.0022460045293, -0.00163239880931, 0.00148776406422, -0.0013732581865, -0.000414380629081, 0.00172051833943, -0.00138548191171], [0.000332069641445, -0.00133378617465, 0.000400679651648, -0.000748088466935, -1.76237208507e-05, -0.0022460045293, 0.00636913347989, -0.00270398450084, 0.000828562770039, -0.000222996983211, -7.97019165475e-05, -0.00159976945724, 0.00165009463672], [-0.000369688437786, 0.000913071155082, -0.00105410499964, 0.00096027442487, 0.000425068254117, -0.00163239880931, -0.00270398450084, 0.0114156240597, -0.00450142659247, 0.00116723484825, -0.00107995630242, 0.00039416438085, -0.000958518940024], [0.000168333281181, -0.000747664947994, -4.6825472964e-05, 0.000324234366417, -0.00171459559351, 0.00148776406422, 0.000828562770039, -0.00450142659247, 0.0115178916603, -0.0047252709046, 0.000758531969041, 0.000113801695989, -0.00189004815184], [-0.000112355344754, 0.0010428664973, 0.000147460727021, -0.00108546111733, 0.000281324493699, -0.0013732581865, -0.000222996983211, 0.00116723484825, -0.0047252709046, 0.0148957865313, -0.00373019021936, -0.00146206282079, 0.00191861472558], [0.000186425939319, -0.00147320493124, -0.00036649996764, 0.000413653702708, -0.000132282773848, -0.000414380629081, -7.97019165475e-05, -0.00107995630242, 0.000758531969041, -0.00373019021936, 0.0129788601771, -0.00386564317159, -0.00104599446058], [-0.000284486362943, 0.00125794240739, -0.000896522193216, 0.000271824246738, 0.000286012887955, 0.00172051833943, -0.00159976945724, 0.00039416438085, 0.000113801695989, -0.00146206282079, -0.00386564317159, 0.0133652761579, -0.00429009506479], [0.000333311763825, -0.000470241619041, 0.00133131514303, -0.00105328508653, -0.000956733012572, -0.00138548191171, 0.00165009463672, -0.000958518940024, -0.00189004815184, 0.00191861472558, -0.00104599446058, -0.00429009506479, 0.0164748895913]], "mean": [-17.5366516113, 79.4976577759, -127.265136719, 43.9573822021, -49.4634780884, 15.7142982483, -31.675775528, 6.30087852478, -22.9501419067, 1.32797157764, -16.4634361267, -3.26275229454, -13.2509393692]}, "hfc": {"dmean": 10.5131788254, "dmean2": 15.3674583435, "dvar": 262.346862793, "dvar2": 603.612548828, "max": 311.880462646, "mean": 23.9452877045, "median": 18.1401805878, "min": 1.05775112025e-16, "var": 529.418395996}, "melbands": {"dmean": [0.000927820976358, 0.00120552361477, 0.000800420879386, 0.000271074386546, 0.000145703510498, 0.000152966851601, 0.000112593006634, 9.44223356782e-05, 9.98760660877e-05, 9.54950592131e-05, 8.68338902364e-05, 4.69718070235e-05, 5.11713042215e-05, 4.74395492347e-05, 4.18909112341e-05, 4.18616364186e-05, 5.74712103116e-05, 4.0137238102e-05, 3.27296293108e-05, 3.44229229086e-05, 2.38721931964e-05, 2.07654284168e-05, 2.02439805435e-05, 1.58550083142e-05, 1.22231931527e-05, 1.34618403536e-05, 1.0212244888e-05, 9.08658512344e-06, 8.60753789311e-06, 7.18782121112e-06, 5.65438040212e-06, 3.49543324774e-06, 3.0145583878e-06, 3.84544091503e-06, 2.4763651254e-06, 1.60999729815e-06, 2.0787149424e-06, 1.76483774794e-06, 1.33971070682e-06, 7.96814617843e-07], "dmean2": [0.00146299239714, 0.00194471364375, 0.00138718949165, 0.000461941759568, 0.000234297345742, 0.0002445471182, 0.000177247653482, 0.00014588124759, 0.00015364337014, 0.000144712510519, 0.000134274654556, 7.36333604436e-05, 7.88453035057e-05, 7.416751032e-05, 6.76625204505e-05, 6.56405900372e-05, 9.07064386411e-05, 6.21792860329e-05, 5.11620019097e-05, 5.50169424969e-05, 3.69435801986e-05, 3.28946152877e-05, 3.20199760608e-05, 2.56480416283e-05, 1.99390760827e-05, 2.22089984163e-05, 1.64718567248e-05, 1.48412500494e-05, 1.43267598105e-05, 1.18981970445e-05, 9.35805746849e-06, 5.76260981688e-06, 4.87875740873e-06, 6.07985930401e-06, 3.89562865166e-06, 2.57226520262e-06, 3.39060943588e-06, 2.85123223875e-06, 2.25144140131e-06, 1.31128683734e-06], "dvar": [4.41389420303e-06, 4.67939935334e-06, 2.9583613923e-06, 3.36541660317e-07, 1.43911421446e-07, 1.13687818271e-07, 8.30850765965e-08, 9.39477331485e-08, 1.07383634429e-07, 6.09917378824e-08, 5.869396702e-08, 1.62324678143e-08, 1.99880521023e-08, 1.71952940775e-08, 1.50182870584e-08, 8.60988791374e-09, 1.38113662729e-08, 8.43669401007e-09, 6.52419096525e-09, 7.13345427172e-09, 2.55715226771e-09, 1.31707389439e-09, 1.41308342805e-09, 6.82446210654e-10, 3.72206043764e-10, 4.83899031956e-10, 2.89716306501e-10, 3.04759772973e-10, 2.93420288067e-10, 2.16381343399e-10, 1.18275902961e-10, 7.44629496952e-11, 5.71006367189e-11, 7.89040430216e-11, 4.12523279425e-11, 2.59312848971e-11, 1.04000169587e-10, 6.11133851858e-11, 1.45530081042e-11, 4.27820409307e-12], "dvar2": [9.56271105679e-06, 1.19605310829e-05, 8.09200082585e-06, 9.08201343464e-07, 3.58121894806e-07, 2.69845713774e-07, 1.87755560432e-07, 2.20734349909e-07, 2.48841615758e-07, 1.37113730148e-07, 1.33963496296e-07, 3.83747398303e-08, 4.44513652553e-08, 4.02153581547e-08, 3.75294710864e-08, 2.06800017111e-08, 3.28117728543e-08, 1.90756566099e-08, 1.55565036408e-08, 1.75067498276e-08, 5.29850296971e-09, 3.0908322568e-09, 3.31703020606e-09, 1.63570490486e-09, 9.0832719124e-10, 1.25139176799e-09, 7.18665960076e-10, 7.86594789304e-10, 7.64495355909e-10, 5.61471147353e-10, 3.01931118996e-10, 1.97484112396e-10, 1.45351508607e-10, 1.9595070011e-10, 9.68167490623e-11, 5.5391382453e-11, 2.51660553507e-10, 1.385619397e-10, 3.19572528162e-11, 9.41284376832e-12], "max": [0.0319614335895, 0.0328802913427, 0.0228264350444, 0.0151307368651, 0.0226362925023, 0.0105066876858, 0.00899098813534, 0.0126975346357, 0.00995432864875, 0.00618313904852, 0.00703854672611, 0.0036405348219, 0.00473331846297, 0.00351836369373, 0.00450880499557, 0.00323701812886, 0.00238795182668, 0.00201150355861, 0.00176836550236, 0.00275176553987, 0.00258333189413, 0.00103934691288, 0.00114277843386, 0.00041584475548, 0.0004383068881, 0.000435019814176, 0.000272739562206, 0.000483557203552, 0.000301381805912, 0.000194595457288, 0.00016510381829, 0.000165746125276, 0.00013691507047, 0.000270529271802, 0.000202718743822, 0.000187525409274, 0.000515764055308, 0.000355197204044, 0.000157405695063, 9.02763422346e-05], "mean": [0.00113146752119, 0.00159399455879, 0.00100893445779, 0.000383651378797, 0.000234311359236, 0.000228463526582, 0.000166344107129, 0.000144849094795, 0.000163758697454, 0.000173462336534, 0.000142791468534, 7.09575251676e-05, 8.61812077346e-05, 7.56230438128e-05, 6.20813007117e-05, 6.82136596879e-05, 9.49735112954e-05, 5.84143090236e-05, 5.26304684172e-05, 5.59092950425e-05, 4.1121027607e-05, 3.45438020304e-05, 3.31837691192e-05, 2.43489339482e-05, 1.86774486792e-05, 1.98329980776e-05, 1.52198908836e-05, 1.36401686177e-05, 1.16118562801e-05, 9.18408477446e-06, 7.31018872102e-06, 4.72704459753e-06, 3.96172981709e-06, 4.63893184133e-06, 3.14775138577e-06, 1.99644568966e-06, 2.22164021579e-06, 1.79353196472e-06, 1.24702603443e-06, 7.3968419656e-07], "median": [0.000432314584032, 0.000890905037522, 0.000547557254322, 0.000208892859519, 0.000123734716908, 9.42655315157e-05, 5.38078857062e-05, 4.1050134314e-05, 4.27527484135e-05, 4.25953257945e-05, 3.77196192858e-05, 2.89712425001e-05, 2.58473537542e-05, 2.67440955213e-05, 2.81801385427e-05, 2.84753914457e-05, 3.08408489218e-05, 2.11647966353e-05, 1.63839795277e-05, 1.92287207028e-05, 1.59286792041e-05, 1.61229181685e-05, 1.65228593687e-05, 1.29015315906e-05, 1.03136026155e-05, 1.13342312034e-05, 8.42634835863e-06, 6.56257816445e-06, 5.25710584043e-06, 3.65324081031e-06, 3.05901494357e-06, 1.55180714501e-06, 1.19650940178e-06, 1.49908805724e-06, 1.0631611076e-06, 5.42141378901e-07, 4.68896843131e-07, 3.71164048829e-07, 2.49392428486e-07, 1.49816258954e-07], "min": [1.10069959321e-24, 6.82982706232e-25, 9.49025898606e-25, 1.12214310059e-24, 7.25308742278e-25, 1.34127958816e-24, 1.38149837951e-24, 1.9466460234e-24, 1.20323435316e-24, 1.47418036537e-24, 2.50267522409e-24, 2.44941449122e-24, 2.59905213582e-24, 1.4951777719e-24, 2.87669311192e-24, 2.36125455189e-24, 2.96259907842e-24, 3.67226465965e-24, 3.50716356636e-24, 2.91099988383e-24, 3.58217279997e-24, 3.15107648691e-24, 3.85131044715e-24, 4.3427629025e-24, 4.16608172556e-24, 3.44072293991e-24, 3.46357426819e-24, 5.09865218289e-24, 4.33023815791e-24, 4.29619013238e-24, 4.7387462278e-24, 5.16204465081e-24, 5.29223904347e-24, 5.15892865023e-24, 5.76492055357e-24, 6.33504295155e-24, 4.33292265157e-24, 5.68775615197e-24, 4.76618399338e-24, 5.57643288989e-24], "var": [5.20605408383e-06, 4.99508541907e-06, 2.6726672786e-06, 3.7092397065e-07, 2.12527865529e-07, 1.75317765638e-07, 1.36174818977e-07, 1.45244030136e-07, 2.12432482272e-07, 1.6706960082e-07, 1.3210822658e-07, 2.66686370765e-08, 5.92508868635e-08, 3.35005481134e-08, 1.787319448e-08, 1.84940240899e-08, 3.41429391426e-08, 1.30967281464e-08, 1.26471890738e-08, 1.24726922124e-08, 7.19716863884e-09, 2.88089108125e-09, 3.07527270316e-09, 1.14351372815e-09, 6.24590823506e-10, 6.87458534543e-10, 4.21507662107e-10, 4.51828990888e-10, 3.32260247093e-10, 2.38005865016e-10, 1.38116504345e-10, 8.37749522531e-11, 6.63841412396e-11, 8.63466728673e-11, 5.36053736122e-11, 4.06453377899e-11, 1.21123971963e-10, 7.80284517554e-11, 1.90410881507e-11, 5.5142830406e-12]}, "melbands_crest": {"dmean": 3.75352358818, "dmean2": 6.25785923004, "dvar": 11.5237751007, "dvar2": 30.0864105225, "max": 36.8025817871, "mean": 13.1573457718, "median": 12.4375553131, "min": 1.59801673889, "var": 27.6552467346}, "melbands_flatness_db": {"dmean": 0.0381674431264, "dmean2": 0.0593518540263, "dvar": 0.00152093195356, "dvar2": 0.00349602103233, "max": 0.672835528851, "mean": 0.162126630545, "median": 0.156308472157, "min": 0.00293250870891, "var": 0.00401883386075}, "melbands_kurtosis": {"dmean": 7.44140005112, "dmean2": 12.179816246, "dvar": 947.005126953, "dvar2": 2179.51611328, "max": 1216.14575195, "mean": 10.0734090805, "median": 3.51501893997, "min": -1.87431466579, "var": 1483.34619141}, "melbands_skewness": {"dmean": 0.823511600494, "dmean2": 1.30688381195, "dvar": 1.33541834354, "dvar2": 3.18506789207, "max": 27.2618331909, "mean": 2.23406243324, "median": 1.8892749548, "min": -5.6580080986, "var": 3.31501197815}, "melbands_spread": {"dmean": 12.8616447449, "dmean2": 21.1386928558, "dvar": 273.191833496, "dvar2": 679.829589844, "max": 284.005310059, "mean": 37.3821411133, "median": 33.1015625, "min": 0.224184170365, "var": 623.111877441}, "mfcc": {"cov": [[12444.2460938, 575.28894043, -254.432739258, 415.198181152, -2.00203680992, 112.578201294, -42.6906814575, 121.438865662, -9.02371406555, 42.3492660522, -11.3117456436, 26.6337242126, 7.18139982224], [575.28894043, 1245.95605469, -279.038146973, 55.5747909546, -50.6345558167, 9.02779769897, 54.5130996704, 47.7021369934, -24.4815654755, 40.7119750977, 29.0106010437, 11.5866155624, 7.5336728096], [-254.432739258, -279.038146973, 646.797241211, 70.2732391357, 27.8196048737, 21.4760284424, 56.0828590393, 48.681930542, 8.69225597382, 7.78599119186, 46.012298584, 27.0872688293, 28.3557224274], [415.198181152, 55.5747909546, 70.2732391357, 405.849945068, 67.7881546021, 106.199424744, 38.9402885437, 30.4893493652, 21.1872291565, 26.2722473145, -2.0606648922, 20.336555481, 43.0582618713], [-2.00203680992, -50.6345558167, 27.8196048737, 67.7881546021, 240.486755371, 37.3870582581, -19.6395168304, -13.8983306885, 26.6582927704, 23.245218277, -5.49893426895, -0.415128797293, 0.682991266251], [112.578201294, 9.02779769897, 21.4760284424, 106.199424744, 37.3870582581, 163.053741455, 56.7028312683, 17.7346248627, 17.0825195312, 25.0666618347, 6.33634757996, 11.5676803589, 9.27492046356], [-42.6906814575, 54.5130996704, 56.0828590393, 38.9402885437, -19.6395168304, 56.7028312683, 183.763305664, 62.6382827759, 12.2555770874, 18.7962741852, 26.1750507355, 14.1492214203, 15.5052051544], [121.438865662, 47.7021369934, 48.681930542, 30.4893493652, -13.8983306885, 17.7346248627, 62.6382827759, 135.655014038, 39.6363716125, 24.7890739441, 29.2543869019, 15.4460878372, 23.1775779724], [-9.02371406555, -24.4815654755, 8.69225597382, 21.1872291565, 26.6582927704, 17.0825195312, 12.2555770874, 39.6363716125, 104.126914978, 49.282169342, 6.70709085464, 0.719198763371, 6.37781143188], [42.3492660522, 40.7119750977, 7.78599119186, 26.2722473145, 23.245218277, 25.0666618347, 18.7962741852, 24.7890739441, 49.282169342, 110.551864624, 44.3871002197, 0.509406030178, 0.249272465706], [-11.3117456436, 29.0106010437, 46.012298584, -2.0606648922, -5.49893426895, 6.33634757996, 26.1750507355, 29.2543869019, 6.70709085464, 44.3871002197, 92.0901031494, 27.7900867462, 6.85350608826], [26.6337242126, 11.5866155624, 27.0872688293, 20.336555481, -0.415128797293, 11.5676803589, 14.1492214203, 15.4460878372, 0.719198763371, 0.509406030178, 27.7900867462, 84.4799194336, 41.6495704651], [7.18139982224, 7.5336728096, 28.3557224274, 43.0582618713, 0.682991266251, 9.27492046356, 15.5052051544, 23.1775779724, 6.37781143188, 0.249272465706, 6.85350608826, 41.6495704651, 85.2915420532]], "icov": [[8.71487427503e-05, -2.58933614532e-05, 3.09130446112e-05, -9.17091019801e-05, 1.81636005436e-05, -2.55652685155e-05, 7.93835570221e-05, -0.000117325500469, 6.15477765677e-05, -3.24439861288e-05, 3.89177985198e-05, -4.55065419374e-05, 6.56433185213e-05], [-2.58933614532e-05, 0.000996553106233, 0.000497194065247, -0.00019881859771, 0.000114330214274, 0.000162992830155, -0.000280290929368, -0.000381354911951, 0.000585766742006, -0.000468343612738, -0.000161937961821, -9.51450929279e-05, 2.21805157707e-06], [3.09130446112e-05, 0.000497194065247, 0.00196820683777, -0.000383802718716, -0.00018262413505, 0.000184623029782, -0.000434501824202, -0.000533350103069, 0.000279995292658, 0.00021169896354, -0.000966694962699, -4.88010373374e-05, -0.000221842798055], [-9.17091019801e-05, -0.00019881859771, -0.000383802718716, 0.00342577882111, -0.000627626432106, -0.00185521191452, 4.54611581517e-05, -0.00018271652516, 3.77519463655e-05, -0.000395052455133, 0.00071753381053, 0.000107348969323, -0.00144016568083], [1.81636005436e-05, 0.000114330214274, -0.00018262413505, -0.000627626432106, 0.00479950988665, -0.000832871592138, 0.000763110932894, 0.000713820976671, -0.000979348551482, -0.000716980546713, 0.000390048808185, -0.000147356840898, 0.000201310787816], [-2.55652685155e-05, 0.000162992830155, 0.000184623029782, -0.00185521191452, -0.000832871592138, 0.0085595343262, -0.00252062338404, 0.000396976043703, -0.000144248755532, -0.00122922868468, 0.000617813435383, -0.00101838842966, 0.000751212646719], [7.93835570221e-05, -0.000280290929368, -0.000434501824202, 4.54611581517e-05, 0.000763110932894, -0.00252062338404, 0.0075932466425, -0.00286923488602, 0.000474095111713, -6.45080945105e-05, -0.000724045385141, 8.16087340354e-05, -0.000210046724533], [-0.000117325500469, -0.000381354911951, -0.000533350103069, -0.00018271652516, 0.000713820976671, 0.000396976043703, -0.00286923488602, 0.0110892541707, -0.00432400545105, 0.000952439149842, -0.0024789031595, 0.000520227709785, -0.0019619143568], [6.15477765677e-05, 0.000585766742006, 0.000279995292658, 3.77519463655e-05, -0.000979348551482, -0.000144248755532, 0.000474095111713, -0.00432400545105, 0.0147146619856, -0.00706297997385, 0.00340257096104, -0.000622232386377, -0.000105927625555], [-3.24439861288e-05, -0.000468343612738, 0.00021169896354, -0.000395052455133, -0.000716980546713, -0.00122922868468, -6.45080945105e-05, 0.000952439149842, -0.00706297997385, 0.0159885454923, -0.00826028175652, 0.00288080866449, -0.000196119130123], [3.89177985198e-05, -0.000161937961821, -0.000966694962699, 0.00071753381053, 0.000390048808185, 0.000617813435383, -0.000724045385141, -0.0024789031595, 0.00340257096104, -0.00826028175652, 0.0178495161235, -0.00624144542962, 0.00208837608807], [-4.55065419374e-05, -9.51450929279e-05, -4.88010373374e-05, 0.000107348969323, -0.000147356840898, -0.00101838842966, 8.16087340354e-05, 0.000520227709785, -0.000622232386377, 0.00288080866449, -0.00624144542962, 0.0180359259248, -0.00833768676966], [6.56433185213e-05, 2.21805157707e-06, -0.000221842798055, -0.00144016568083, 0.000201310787816, 0.000751212646719, -0.000210046724533, -0.0019619143568, -0.000105927625555, -0.000196119130123, 0.00208837608807, -0.00833768676966, 0.0169197376817]], "mean": [-643.364685059, 101.893417358, -12.1639766693, 29.589345932, 5.23847913742, 11.2764310837, 3.1846909523, 4.60588550568, -0.683202147484, 4.02320861816, -0.761119186878, 0.073678791523, -3.68416786194]}, "pitch_salience": {"dmean": 0.0836438164115, "dmean2": 0.138241261244, "dvar": 0.00631726533175, "dvar2": 0.0159161947668, "max": 0.872725725174, "mean": 0.555162966251, "median": 0.561455249786, "min": 0.0129095949233, "var": 0.0140756508335}, "silence_rate_20dB": {"dmean": 0, "dmean2": 0, "dvar": 0, "dvar2": 0, "max": 1, "mean": 1, "median": 1, "min": 1, "var": 0}, "silence_rate_30dB": {"dmean": 0.000486105476739, "dmean2": 0.000972289766651, "dvar": 0.000485805387143, "dvar2": 0.00145723402966, "max": 1, "mean": 0.999756991863, "median": 1, "min": 0, "var": 0.000242931666435}, "silence_rate_60dB": {"dmean": 0.025277486071, "dmean2": 0.050559066236, "dvar": 0.0246402602643, "dvar2": 0.0544911362231, "max": 1, "mean": 0.0866007804871, "median": 0, "min": 0, "var": 0.0791075900197}, "spectral_centroid": {"dmean": 376.08770752, "dmean2": 600.908935547, "dvar": 164037.296875, "dvar2": 381875.15625, "max": 11748.4804688, "mean": 2001.13427734, "median": 1901.14331055, "min": 139.728027344, "var": 1500549.375}, "spectral_complexity": {"dmean": 6.17515993118, "dmean2": 8.95122337341, "dvar": 46.0447120667, "dvar2": 88.8431854248, "max": 64, "mean": 22.857257843, "median": 22, "min": 0, "var": 176.49710083}, "spectral_contrast_coeffs": {"dmean": [0.0549675263464, 0.0480083078146, 0.0388107635081, 0.0333723239601, 0.0250695087016, 0.0252095740288], "dmean2": [0.0901912674308, 0.0778412222862, 0.0625411123037, 0.0533933751285, 0.0402896478772, 0.0382345356047], "dvar": [0.0022910842672, 0.00156461866572, 0.00103359145578, 0.000806913012639, 0.00049774220679, 0.00056071736617], "dvar2": [0.00596572458744, 0.00390000105835, 0.00253436085768, 0.00191261537839, 0.00118040922098, 0.00118093681522], "max": [-0.32856759429, -0.356401085854, -0.439475238323, -0.502326190472, -0.572121977806, -0.575755476952], "mean": [-0.661332249641, -0.752134263515, -0.775471389294, -0.774996399879, -0.787631452084, -0.743656277657], "median": [-0.666639924049, -0.760375022888, -0.786406815052, -0.784022033215, -0.791515052319, -0.736841201782], "min": [-0.985478997231, -0.981167137623, -0.994592487812, -0.987987220287, -0.993062257767, -0.964471280575], "var": [0.00803112238646, 0.00656626932323, 0.00561622157693, 0.00432700058445, 0.00233012088574, 0.00282155140303]}, "spectral_contrast_valleys": {"dmean": [0.422273486853, 0.404495477676, 0.369106560946, 0.389523655176, 0.433313310146, 0.627050101757], "dmean2": [0.679710388184, 0.649148464203, 0.569861829281, 0.566580593586, 0.625236093998, 0.820508599281], "dvar": [0.143254995346, 0.152753770351, 0.133405834436, 0.146351739764, 0.227893576026, 0.415466099977], "dvar2": [0.330900281668, 0.350520908833, 0.283543586731, 0.280728816986, 0.470799386501, 0.886620700359], "max": [-5.18570756912, -4.80081367493, -5.23045682907, -5.67223072052, -5.35494041443, -7.21963357925], "mean": [-7.66309404373, -7.31034326553, -7.65543079376, -7.76948738098, -7.52629375458, -10.3437681198], "median": [-7.04914283752, -6.84829378128, -7.21758031845, -7.32771110535, -7.04311466217, -9.9765625], "min": [-28.4254875183, -28.5914936066, -28.009727478, -27.6672821045, -27.50730896, -27.3863220215], "var": [6.9214425087, 6.60767555237, 6.35019159317, 6.3089222908, 6.61891794205, 5.52683544159]}, "spectral_decrease": {"dmean": 2.27827690047e-09, "dmean2": 3.4052733966e-09, "dvar": 1.02391964827e-17, "dvar2": 2.29766885191e-17, "max": 7.33644838343e-19, "mean": -5.52997336811e-09, "median": -4.6316830371e-09, "min": -3.74460249475e-08, "var": 1.99284816397e-17}, "spectral_energy": {"dmean": 0.0092415669933, "dmean2": 0.0136552620679, "dvar": 0.00016236450756, "dvar2": 0.000361294485629, "max": 0.144308060408, "mean": 0.0230432841927, "median": 0.0194111391902, "min": 1.00773887297e-20, "var": 0.000332506431732}, "spectral_energyband_high": {"dmean": 0.000927461427636, "dmean2": 0.00144424755126, "dvar": 3.39378925673e-06, "dvar2": 8.19834349386e-06, "max": 0.0363307222724, "mean": 0.00130363961216, "median": 0.00057930406183, "min": 7.0247820767e-21, "var": 4.62860452899e-06}, "spectral_energyband_low": {"dmean": 0.00562193663791, "dmean2": 0.00890726037323, "dvar": 8.97761347005e-05, "dvar2": 0.000202639173949, "max": 0.129441708326, "mean": 0.00851872749627, "median": 0.00505120866001, "min": 1.21020918518e-23, "var": 0.000123491772683}, "spectral_energyband_middle_high": {"dmean": 0.00248047173955, "dmean2": 0.0036228930112, "dvar": 1.10949085865e-05, "dvar2": 2.33593709709e-05, "max": 0.0692826360464, "mean": 0.00659805024043, "median": 0.00472650257871, "min": 1.24394908164e-21, "var": 4.07555162383e-05}, "spectral_energyband_middle_low": {"dmean": 0.00392395118251, "dmean2": 0.00629677996039, "dvar": 4.99066845805e-05, "dvar2": 0.000126495346194, "max": 0.103955991566, "mean": 0.0079301353544, "median": 0.00555827375501, "min": 1.35544340033e-22, "var": 7.08863226464e-05}, "spectral_entropy": {"dmean": 0.19852887094, "dmean2": 0.292778730392, "dvar": 0.0478947870433, "dvar2": 0.104383125901, "max": 9.82132720947, "mean": 7.79846429825, "median": 7.81698322296, "min": 5.60918331146, "var": 0.173428848386}, "spectral_flux": {"dmean": 0.0270471163094, "dmean2": 0.040844257921, "dvar": 0.000914861797355, "dvar2": 0.00187932502013, "max": 0.31945464015, "mean": 0.0868912488222, "median": 0.0792979300022, "min": 6.32162655556e-11, "var": 0.00240151560865}, "spectral_kurtosis": {"dmean": 1.44157266617, "dmean2": 2.39818739891, "dvar": 4.17597866058, "dvar2": 10.405497551, "max": 62.5827560425, "mean": 3.56959295273, "median": 3.10036683083, "min": -1.26207220554, "var": 6.25520801544}, "spectral_rms": {"dmean": 0.000884670647793, "dmean2": 0.0012728451984, "dvar": 9.99157236947e-07, "dvar2": 2.01055490834e-06, "max": 0.0118654267862, "mean": 0.00432547787204, "median": 0.00435174629092, "min": 3.13553805316e-12, "var": 3.77153401132e-06}, "spectral_rolloff": {"dmean": 842.879760742, "dmean2": 1445.26074219, "dvar": 1391155.75, "dvar2": 3340051.25, "max": 19918.2128906, "mean": 2350.23168945, "median": 1937.98828125, "min": 43.06640625, "var": 6110638}, "spectral_skewness": {"dmean": 0.220270484686, "dmean2": 0.355379998684, "dvar": 0.0633529797196, "dvar2": 0.148281335831, "max": 5.99500131607, "mean": 1.2330596447, "median": 1.20349812508, "min": -0.202469840646, "var": 0.175621762872}, "spectral_spread": {"dmean": 647694, "dmean2": 954329, "dvar": 601009750016, "dvar2": 1247763628030.0, "max": 43102868, "mean": 4726322.5, "median": 4087369.75, "min": 1122500, "va