{"lowlevel": {"average_loudness": 0.918017327785, "barkbands": {"dmean": [2.59692533291e-05, 0.000676319701597, 0.00140966114122, 0.00281434669159, 0.0033299527131, 0.000890182855073, 0.000748812046368, 0.000738155154977, 0.000921673257835, 0.000545816146769, 0.000622536754236, 0.000471765175462, 0.000672593712807, 0.000274367426755, 0.000314009492286, 0.000216949876631, 0.000355407508323, 0.000183017647942, 0.000183684227522, 0.000156555848662, 0.000139179435791, 0.000236987529206, 0.000229498094996, 0.000182866788236, 5.76960555918e-05, 1.94947806449e-05, 4.23031494279e-08], "dmean2": [4.48947612313e-05, 0.00108478369657, 0.00225797691382, 0.00483595905825, 0.00526168430224, 0.00146403501276, 0.00118817843031, 0.00120759115089, 0.0014674073318, 0.000875716796145, 0.000955453084316, 0.000734555418603, 0.00113528838847, 0.000441469921498, 0.000495178392157, 0.000344060215866, 0.00056814373238, 0.000284523353912, 0.000280691921944, 0.000238253283896, 0.000212806262425, 0.000356954842573, 0.000332619383698, 0.000278953113593, 8.45774120535e-05, 3.15044380841e-05, 7.93607313199e-08], "dvar": [6.36971642098e-10, 1.15409989121e-06, 4.84630027131e-06, 1.40090878631e-05, 1.88003687072e-05, 2.21797699851e-06, 3.30973966811e-06, 3.11542225973e-06, 3.73774605578e-06, 1.5124167021e-06, 1.7491872768e-06, 9.61778823694e-07, 2.40831423071e-06, 4.17633259531e-07, 3.95270490117e-07, 1.75431381422e-07, 5.62804814308e-07, 9.30110672925e-08, 1.32032951683e-07, 7.43532453384e-08, 6.67087149964e-08, 2.27412542131e-07, 2.8456301493e-07, 2.44691563012e-07, 2.73709837018e-08, 4.74821648666e-09, 8.26509474468e-14], "dvar2": [1.87755300196e-09, 2.91327751256e-06, 1.21831271827e-05, 3.92253168684e-05, 4.45886653324e-05, 5.5116315707e-06, 7.8053035395e-06, 8.19452452561e-06, 9.18904970604e-06, 3.84862960345e-06, 4.17954288423e-06, 2.31982198784e-06, 6.8408567131e-06, 1.07032644792e-06, 9.47558589814e-07, 4.34530448956e-07, 1.4765917058e-06, 2.23173074687e-07, 3.42943621945e-07, 1.74551686882e-07, 1.60074918654e-07, 5.68568339077e-07, 5.76933246066e-07, 5.83880648719e-07, 5.48023564306e-08, 1.25193446721e-08, 2.39761823676e-13], "max": [0.000296929123579, 0.0137191256508, 0.0330875404179, 0.0402309447527, 0.0605080127716, 0.0328730195761, 0.055949267, 0.0392028316855, 0.0288153607398, 0.0277814250439, 0.0279508568347, 0.025179490447, 0.0255303494632, 0.0130914766341, 0.0150641622022, 0.00854980014265, 0.0183238983154, 0.00580667704344, 0.0109820682555, 0.00462139118463, 0.00394769804552, 0.00776844564825, 0.0130513254553, 0.00951845012605, 0.00341562274843, 0.000956791627686, 6.88307000019e-06], "mean": [5.56254235562e-05, 0.00101384881418, 0.00310769840144, 0.00413706246763, 0.00682817399502, 0.00164198165294, 0.00113158777822, 0.00103402079549, 0.00122420291882, 0.000856155063957, 0.00104273750912, 0.000804000068456, 0.000889581569936, 0.000408810679801, 0.000527366122697, 0.000353770970833, 0.000556460989174, 0.00033205395448, 0.000337938661687, 0.000282530701952, 0.000237818137975, 0.000383440899896, 0.000401011202484, 0.000276025064522, 8.75057739904e-05, 2.13537623495e-05, 2.51205793944e-08], "median": [5.2620889619e-05, 0.000507478485815, 0.00158730114345, 0.00228976877406, 0.00481340847909, 0.000934484414756, 0.000444343197159, 0.000359396392014, 0.000323700834997, 0.000359156925697, 0.000486995151732, 0.00031991727883, 0.000329042144585, 0.000118841817311, 0.00023119780235, 0.000197483997908, 0.000284653506242, 0.000184329634067, 0.000166092271684, 0.000129850697704, 8.41432774905e-05, 0.000139884476084, 0.000137132563395, 7.17481016181e-05, 1.90757054952e-05, 2.31994090427e-06, 5.7793581032e-10], "min": [5.42896914872e-24, 1.9004877208e-23, 9.03032507375e-24, 9.05884476206e-24, 2.53743200171e-23, 3.53451179623e-23, 2.58641931729e-23, 2.57079987136e-23, 4.61994653649e-23, 1.82896059812e-23, 2.42734504243e-23, 5.55435196318e-23, 7.99279990731e-23, 6.99520703765e-23, 1.72563461857e-22, 1.93593938232e-22, 1.50730467816e-22, 1.15150240905e-22, 2.04961196684e-22, 2.4947131642e-22, 4.71684800127e-22, 4.36004406814e-22, 6.00958983385e-22, 8.49577396016e-22, 9.14234606753e-22, 1.51637089877e-21, 2.46396546133e-21], "var": [8.53129455969e-10, 2.12747568185e-06, 1.63278255059e-05, 2.59713578998e-05, 4.62052339572e-05, 4.76264813187e-06, 6.41016731606e-06, 3.96491714127e-06, 5.71868667976e-06, 2.65795756604e-06, 3.24625307258e-06, 2.27120949603e-06, 3.14931457979e-06, 7.01044882589e-07, 8.34917045722e-07, 2.58103142414e-07, 8.26350003535e-07, 1.99785318955e-07, 3.19074501931e-07, 1.72301682255e-07, 1.42588064023e-07, 3.54556476623e-07, 6.67073607019e-07, 3.76267109914e-07, 5.42852234275e-08, 4.56105597735e-09, 4.56417232296e-14]}, "barkbands_crest": {"dmean": 2.35725641251, "dmean2": 3.83112812042, "dvar": 4.62372875214, "dvar2": 11.7153806686, "max": 26.9153327942, "mean": 9.31674861908, "median": 8.46982192993, "min": 2.10433578491, "var": 16.2374343872}, "barkbands_flatness_db": {"dmean": 0.0205205865204, "dmean2": 0.0308571979403, "dvar": 0.000356758362614, "dvar2": 0.000751519051846, "max": 0.600694954395, "mean": 0.135967373848, "median": 0.129734128714, "min": 0.0334636233747, "var": 0.00232554180548}, "barkbands_kurtosis": {"dmean": 4.18503808975, "dmean2": 4.95746088028, "dvar": 1230.71447754, "dvar2": 716.903503418, "max": 5521.63134766, "mean": 13.6766290665, "median": 1.10428380966, "min": -1.87900424004, "var": 37370.9257812}, "barkbands_skewness": {"dmean": 0.535974442959, "dmean2": 0.81044781208, "dvar": 0.365052223206, "dvar2": 0.621345818043, "max": 71.645980835, "mean": 1.71859896183, "median": 1.32484912872, "min": -2.43567442894, "var": 10.2353467941}, "barkbands_spread": {"dmean": 6.78627443314, "dmean2": 10.0471820831, "dvar": 57.3602104187, "dvar2": 121.425369263, "max": 119.893188477, "mean": 25.236328125, "median": 21.7386741638, "min": 0.0855425819755, "var": 219.166015625}, "dissonance": {"dmean": 0.0175573509187, "dmean2": 0.029277799651, "dvar": 0.000238184264163, "dvar2": 0.000656381016597, "max": 0.499835193157, "mean": 0.466130375862, "median": 0.470243692398, "min": 0.338521778584, "var": 0.000473477761261}, "dynamic_complexity": 2.19549107552, "erbbands": {"dmean": [0.0113981021568, 0.186402767897, 1.13536465168, 5.75281953812, 11.7988996506, 10.7487754822, 7.81872844696, 8.00864028931, 8.87822628021, 13.8791189194, 15.2694568634, 22.8407249451, 16.2900600433, 20.0729618073, 24.5230789185, 19.420633316, 30.5710430145, 15.6186609268, 16.2568283081, 13.268494606, 13.3157777786, 14.3991632462, 9.86301708221, 8.23177814484, 9.59287261963, 7.14580631256, 5.96652555466, 5.46512794495, 7.93588399887, 8.72599887848, 6.58148145676, 5.80395889282, 1.68724727631, 0.833104252815, 0.315575897694, 0.0918942019343, 0.0443254597485, 0.0013651229674, 4.1861734644e-05, 1.21359271361e-05], "dmean2": [0.0173404291272, 0.301520615816, 1.82709252834, 9.82197761536, 19.0214157104, 17.085855484, 12.394364357, 13.2414426804, 14.1543874741, 22.0849552155, 24.9723205566, 36.1718597412, 25.9073104858, 31.3318424225, 37.1313896179, 30.2998638153, 51.7205200195, 25.1360740662, 25.5864963531, 20.7416534424, 20.8970565796, 22.6161632538, 15.1950187683, 12.4469604492, 14.7086648941, 10.8781652451, 9.24638938904, 8.17507076263, 11.9730758667, 13.1262598038, 9.52237033844, 8.96940517426, 2.42899131775, 1.20561420918, 0.474566668272, 0.141013771296, 0.0738702639937, 0.00227305549197, 6.70370427542e-05, 1.83973897947e-05], "dvar": [0.000369495333871, 0.0820770710707, 2.82246494293, 61.3142585754, 288.661193848, 210.242355347, 166.964263916, 218.466674805, 439.471069336, 1153.31030273, 1288.04443359, 2508.63476562, 1337.21704102, 2729.78344727, 2170.96533203, 1641.19506836, 5186.35791016, 1194.68457031, 1207.95422363, 600.925842285, 587.157531738, 866.49407959, 276.10244751, 175.852859497, 365.060455322, 154.263412476, 135.708282471, 93.614364624, 242.035339355, 297.9453125, 276.039520264, 267.812072754, 18.1950206757, 6.31261825562, 0.698611497879, 0.0675129592419, 0.0344394631684, 2.65825110546e-05, 1.88027762249e-08, 2.41238112819e-10], "dvar2": [0.000810477533378, 0.211515411735, 7.20189905167, 173.677215576, 697.648803711, 510.256835938, 393.245819092, 545.712402344, 1032.93078613, 2829.05395508, 3414.84765625, 6243.82226562, 3365.68554688, 6513.34423828, 5108.10888672, 4045.29248047, 14675.5751953, 2998.16357422, 2941.94799805, 1398.9161377, 1513.17614746, 2178.19506836, 647.483215332, 412.256103516, 929.903869629, 365.633636475, 329.645477295, 220.716552734, 602.27142334, 700.172973633, 558.640625, 661.305725098, 34.3684501648, 12.0869588852, 1.49820768833, 0.160309657454, 0.0928283631802, 7.13089539204e-05, 4.98772791957e-08, 5.52083379013e-10], "max": [0.233490690589, 3.74539780617, 23.779914856, 106.315422058, 249.370056152, 252.340408325, 338.153289795, 339.527313232, 685.516113281, 571.682983398, 756.622924805, 855.684631348, 985.2890625, 1295.33105469, 1155.07019043, 1050.98156738, 1205.23364258, 872.845214844, 942.921325684, 572.786987305, 558.207092285, 874.561462402, 358.25604248, 276.036560059, 636.439758301, 251.684677124, 220.434356689, 160.273910522, 282.603057861, 237.809753418, 397.788024902, 342.737243652, 89.3717956543, 57.2044944763, 14.6851406097, 3.69511318207, 2.66491794586, 0.0643025264144, 0.00216617598198, 0.000210758022149], "mean": [0.0177835132927, 0.312673777342, 2.61840677261, 9.96012783051, 20.3732738495, 22.5838603973, 16.151763916, 13.1079368591, 14.2002649307, 20.1834087372, 22.1146793365, 31.1042709351, 24.8870353699, 34.0568122864, 43.904045105, 35.1706008911, 41.7681541443, 25.36901474, 28.6609649658, 23.2398509979, 23.5173435211, 23.9505748749, 18.6511859894, 16.3954658508, 17.6824874878, 12.909986496, 10.4777116776, 9.32575511932, 12.7403116226, 14.5930156708, 11.1574554443, 8.47030544281, 2.73882007599, 1.29359960556, 0.460087358952, 0.121154479682, 0.0424139127135, 0.00126582116354, 5.83859691687e-05, 3.90423629142e-05], "median": [0.00798559933901, 0.1824221313, 1.49687302113, 6.08099794388, 12.9562301636, 14.0886907578, 9.5701417923, 6.72340488434, 6.84302902222, 8.2232837677, 8.39842414856, 9.18739128113, 9.49773979187, 14.051243782, 21.8906440735, 15.6612663269, 16.6666183472, 9.0475025177, 11.9990921021, 13.5264148712, 14.1865997314, 13.1606702805, 10.9743967056, 8.6975069046, 8.28487014771, 6.11843347549, 3.93313169479, 3.43099737167, 4.78144741058, 5.39557552338, 3.52460384369, 2.10016965866, 0.792944192886, 0.28710091114, 0.102304175496, 0.021061591804, 0.00233065057546, 8.77813872648e-05, 2.32229431276e-05, 3.39050893672e-05], "min": [2.28613834086e-22, 4.68279102059e-21, 1.2705567718e-20, 1.52457917194e-20, 5.64106223112e-20, 8.73561534228e-20, 2.23082933935e-19, 2.51822471289e-19, 3.10167216355e-19, 3.53125626547e-19, 8.29946859618e-19, 1.05301363768e-18, 7.62020648871e-19, 1.3280279269e-18, 1.33115890892e-18, 1.97905939404e-18, 3.54313881836e-18, 3.77368522202e-18, 7.17346826356e-18, 9.33791620366e-18, 7.83435331294e-18, 8.80670329582e-18, 6.4577436211e-18, 9.72940093524e-18, 1.06913615296e-17, 1.27160506878e-17, 1.86543918858e-17, 1.3135072262e-17, 1.28596020928e-17, 1.85750470671e-17, 2.0020057151e-17, 1.59411981176e-17, 1.53297280109e-17, 9.34331769306e-18, 6.50418609018e-18, 5.21375745123e-18, 2.76142294741e-18, 9.89468485652e-19, 3.59322837847e-19, 3.31807896154e-20], "var": [0.00073281780351, 0.160143896937, 9.48057556152, 128.904937744, 568.050354004, 637.076965332, 417.873138428, 375.114654541, 852.170593262, 1610.56018066, 1697.91992188, 3751.3371582, 2058.22143555, 5190.79101562, 4784.27246094, 3994.43188477, 6542.86376953, 2147.94287109, 2635.37304688, 1027.29553223, 945.782775879, 1370.7199707, 575.888000488, 511.511047363, 889.0546875, 341.565368652, 289.626068115, 201.303787231, 390.857055664, 536.559753418, 599.248046875, 380.909332275, 38.9455375671, 13.0384569168, 1.25126719475, 0.0990718528628, 0.0286523066461, 2.20082874876e-05, 1.76406942387e-08, 6.51617704239e-10]}, "erbbands_crest": {"dmean": 2.51800656319, "dmean2": 4.03305721283, "dvar": 5.70051288605, "dvar2": 14.082447052, "max": 27.8348331451, "mean": 8.03559875488, "median": 7.20920372009, "min": 2.15326762199, "var": 13.3323631287}, "erbbands_flatness_db": {"dmean": 0.0150313843042, "dmean2": 0.0220134183764, "dvar": 0.000195767890546, "dvar2": 0.000389120774344, "max": 0.277473568916, "mean": 0.155437633395, "median": 0.154536768794, "min": 0.0227594468743, "var": 0.000981188961305}, "erbbands_kurtosis": {"dmean": 0.685983598232, "dmean2": 1.0852342844, "dvar": 0.735037505627, "dvar2": 1.75507628918, "max": 12.7909231186, "mean": -0.04786529392, "median": -0.406174063683, "min": -1.7873146534, "var": 1.76279568672}, "erbbands_skewness": {"dmean": 0.333696573973, "dmean2": 0.509809374809, "dvar": 0.0926009789109, "dvar2": 0.216241836548, "max": 3.19914722443, "mean": 0.173850730062, "median": 0.174609333277, "min": -2.94535565376, "var": 0.359079778194}, "erbbands_spread": {"dmean": 9.45388412476, "dmean2": 14.2694940567, "dvar": 83.4493179321, "dvar2": 180.931304932, "max": 146.339538574, "mean": 47.1310272217, "median": 44.1446647644, "min": 6.76115226746, "var": 436.358062744}, "gfcc": {"cov": [[8971.20703125, -24.5304908752, -560.090576172, 244.081344604, -757.988708496, -12.3485984802, -482.953552246, -57.2584915161, -307.281494141, -66.6905822754, -212.613769531, -95.0640411377, -193.275360107], [-24.5304908752, 1172.67871094, -231.82383728, -28.8093986511, 181.393325806, -61.0697784424, 113.149337769, -117.182868958, 107.979560852, -181.810379028, 133.553039551, -153.973739624, 85.139175415], [-560.090576172, -231.82383728, 466.025512695, 148.478363037, 19.6954803467, 16.3035335541, -16.9976139069, 23.0630817413, -5.97013139725, 48.9076385498, -39.4424133301, 57.2179603577, -9.25571250916], [244.081344604, -28.8093986511, 148.478363037, 342.745056152, -10.0493783951, -23.0157546997, -14.8576688766, -19.6059532166, 2.86665439606, -6.52957963943, 12.0167455673, -20.6393909454, 34.8735084534], [-757.988708496, 181.393325806, 19.6954803467, -10.0493783951, 223.807220459, 35.0200805664, 52.2659492493, -19.5784492493, 31.3433475494, -11.3976554871, 22.0025463104, -12.285610199, 28.0106830597], [-12.3485984802, -61.0697784424, 16.3035335541, -23.0157546997, 35.0200805664, 148.481033325, 38.6352767944, 12.6676425934, -1.23600459099, 17.1447315216, 7.44139814377, 0.356280714273, -2.58181333542], [-482.953552246, 113.149337769, -16.9976139069, -14.8576688766, 52.2659492493, 38.6352767944, 165.200637817, 24.4793834686, 13.839972496, -0.724556744099, 33.6016845703, -20.0917568207, 4.20234584808], [-57.2584915161, -117.182868958, 23.0630817413, -19.6059532166, -19.5784492493, 12.6676425934, 24.4793834686, 111.635116577, 33.9910163879, 33.7760658264, -13.338889122, 24.4777832031, -13.2909879684], [-307.281494141, 107.979560852, -5.97013139725, 2.86665439606, 31.3433475494, -1.23600459099, 13.839972496, 33.9910163879, 120.796546936, 0.428078114986, 21.9842758179, -11.9276981354, 9.25870800018], [-66.6905822754, -181.810379028, 48.9076385498, -6.52957963943, -11.3976554871, 17.1447315216, -0.724556744099, 33.7760658264, 0.428078114986, 114.087013245, 6.78340244293, 21.1794395447, -26.1355037689], [-212.613769531, 133.553039551, -39.4424133301, 12.0167455673, 22.0025463104, 7.44139814377, 33.6016845703, -13.338889122, 21.9842758179, 6.78340244293, 95.4387741089, -3.28066587448, 14.4057331085], [-95.0640411377, -153.973739624, 57.2179603577, -20.6393909454, -12.285610199, 0.356280714273, -20.0917568207, 24.4777832031, -11.9276981354, 21.1794395447, -3.28066587448, 103.657119751, 4.95018482208], [-193.275360107, 85.139175415, -9.25571250916, 34.8735084534, 28.0106830597, -2.58181333542, 4.20234584808, -13.2909879684, 9.25870800018, -26.1355037689, 14.4057331085, 4.95018482208, 79.9073104858]], "icov": [[0.000513940234669, -0.00105029519182, 0.00092249608133, -0.00116085610352, 0.00160791212693, -0.00132726179436, 0.00151002104394, -0.000736701593269, 0.00141657853965, -0.000864076893777, 0.00172579684295, -0.000842974055558, 0.00146150449291], [-0.00105029519182, 0.00485038151965, -0.00177778361831, 0.0030702627264, -0.00444155512378, 0.00405833637342, -0.00394472386688, 0.0027941626031, -0.00444061635062, 0.00483291968703, -0.00633987085894, 0.00435783108696, -0.0039257039316], [0.00092249608133, -0.00177778361831, 0.0049271308817, -0.00381271890365, 0.00216444442049, -0.00271853548475, 0.00251770112664, -0.00112274067942, 0.00224053557031, -0.00249378639273, 0.00474409433082, -0.00350334937684, 0.00348093453795], [-0.00116085610352, 0.0030702627264, -0.00381271890365, 0.00693554058671, -0.00327419140376, 0.00392255978659, -0.00328272464685, 0.00215014535934, -0.00346073601395, 0.00290279323235, -0.00583109911531, 0.00452855089679, -0.00562171638012], [0.00160791212693, -0.00444155512378, 0.00216444442049, -0.00327419140376, 0.0112858340144, -0.00569000467658, 0.00342870643362, -0.000868393632118, 0.00334853492677, -0.0040204115212, 0.00653349328786, -0.00348069122992, 0.00317121180706], [-0.00132726179436, 0.00405833637342, -0.00271853548475, 0.00392255978659, -0.00569000467658, 0.0117182740942, -0.00566124171019, 0.00192605692428, -0.00370696512982, 0.00281722960062, -0.00615099351853, 0.00383668974973, -0.00434768944979], [0.00151002104394, -0.00394472386688, 0.00251770112664, -0.00328272464685, 0.00342870643362, -0.00566124171019, 0.0129537815228, -0.0059641613625, 0.00587406987324, -0.00255456729792, 0.00269224308431, -0.00110910309013, 0.00458877207711], [-0.000736701593269, 0.0027941626031, -0.00112274067942, 0.00215014535934, -0.000868393632118, 0.00192605692428, -0.0059641613625, 0.0157452765852, -0.00798990298063, -0.000617333804257, 0.000175083769136, -0.00116444833111, -0.00176378374454], [0.00141657853965, -0.00444061635062, 0.00224053557031, -0.00346073601395, 0.00334853492677, -0.00370696512982, 0.00587406987324, -0.00798990298063, 0.0157498437911, -0.00326448935084, 0.00307142408565, -0.00138499902096, 0.00363558065146], [-0.000864076893777, 0.00483291968703, -0.00249378639273, 0.00290279323235, -0.0040204115212, 0.00281722960062, -0.00255456729792, -0.000617333804257, -0.00326448935084, 0.0163908023387, -0.0088337091729, 0.00350828655064, -0.000148590654135], [0.00172579684295, -0.00633987085894, 0.00474409433082, -0.00583109911531, 0.00653349328786, -0.00615099351853, 0.00269224308431, 0.000175083769136, 0.00307142408565, -0.0088337091729, 0.0229133032262, -0.00767074292526, 0.00452135130763], [-0.000842974055558, 0.00435783108696, -0.00350334937684, 0.00452855089679, -0.00348069122992, 0.00383668974973, -0.00110910309013, -0.00116444833111, -0.00138499902096, 0.00350828655064, -0.00767074292526, 0.0169950257987, -0.00621752999723], [0.00146150449291, -0.0039257039316, 0.00348093453795, -0.00562171638012, 0.00317121180706, -0.00434768944979, 0.00458877207711, -0.00176378374454, 0.00363558065146, -0.000148590654135, 0.00452135130763, -0.00621752999723, 0.0204023011029]], "mean": [8.54856872559, 95.319732666, -130.399139404, 46.337387085, -74.1974105835, 22.386346817, -47.2911949158, -3.06552696228, -28.3853359222, -15.4653806686, -17.564573288, -6.82296133041, -11.2740602493]}, "hfc": {"dmean": 8.72071552277, "dmean2": 12.206205368, "dvar": 155.119674683, "dvar2": 315.43963623, "max": 209.896774292, "mean": 25.6913776398, "median": 19.6217002869, "min": 1.15751221233e-16, "var": 488.580108643}, "melbands": {"dmean": [0.000149804080138, 0.000457447808003, 0.00112612289377, 0.000835560902487, 0.000291408156045, 0.000173119318788, 0.000143114099046, 0.000155472953338, 0.00012725245324, 0.000146637816215, 8.18025509943e-05, 8.09282209957e-05, 7.93572398834e-05, 6.11121286056e-05, 5.3475076129e-05, 6.69821747579e-05, 2.7913494705e-05, 2.63617585006e-05, 2.20153779082e-05, 1.84110303962e-05, 1.91944272956e-05, 1.98717716557e-05, 9.6430803751e-06, 9.65813705989e-06, 6.90400111125e-06, 8.09811353975e-06, 6.25833945378e-06, 4.87875331601e-06, 3.92686661144e-06, 3.78661911782e-06, 3.17339345202e-06, 4.19602156398e-06, 5.7592592384e-06, 4.83827534481e-06, 3.86733427149e-06, 4.19553816755e-06, 3.17979925057e-06, 1.20655693081e-06, 9.37947049806e-07, 6.54983864479e-07], "dmean2": [0.000233583676163, 0.000733986089472, 0.00189114676323, 0.00132492871489, 0.000464673386887, 0.000284535111859, 0.000227872238611, 0.00024902226869, 0.000208347220905, 0.00023249143851, 0.000130817483296, 0.000127145147417, 0.000121916069475, 9.33096380322e-05, 8.76857957337e-05, 0.000112806243123, 4.46547019237e-05, 4.1894181777e-05, 3.4236603824e-05, 2.94325927825e-05, 3.06928704958e-05, 3.17222620652e-05, 1.51177900989e-05, 1.5383160644e-05, 1.06269235403e-05, 1.26884287965e-05, 9.72548787104e-06, 7.63322532293e-06, 6.19702086624e-06, 5.88182638239e-06, 4.83186704514e-06, 6.41835458737e-06, 8.96717210708e-06, 7.35153207643e-06, 5.67474080526e-06, 6.35538663118e-06, 4.99323641634e-06, 1.77460299255e-06, 1.34455228817e-06, 9.74427393885e-07], "dvar": [5.95279097126e-08, 4.3778513259e-07, 2.09362565329e-06, 1.23979384625e-06, 1.92134763211e-07, 9.67758211345e-08, 1.1280436496e-07, 1.37044906978e-07, 8.26943562515e-08, 1.03519170125e-07, 3.48859536814e-08, 4.35892246742e-08, 2.38166695254e-08, 1.33506015132e-08, 1.44486458353e-08, 2.6151273147e-08, 4.48012116294e-09, 3.29039218094e-09, 1.8135163371e-09, 1.28565358359e-09, 1.526477722e-09, 1.89414883778e-09, 2.92101398625e-10, 2.92854962503e-10, 1.31694016803e-10, 3.90644766535e-10, 1.30264077303e-10, 7.72020225526e-11, 5.78710100674e-11, 4.98179830721e-11, 3.35587738154e-11, 6.60786772522e-11, 1.63885405247e-10, 9.08055297622e-11, 1.03150966935e-10, 1.22525364854e-10, 8.40371591759e-11, 9.51585598513e-12, 8.62922146933e-12, 4.02644410868e-12], "dvar2": [1.39747768912e-07, 1.10531516384e-06, 5.76014008402e-06, 2.9376551538e-06, 4.68370387807e-07, 2.42607427481e-07, 2.64828173613e-07, 3.39773976066e-07, 2.17679001935e-07, 2.57877246668e-07, 8.77868657767e-08, 1.03963273546e-07, 5.69982674392e-08, 3.16962456282e-08, 3.85477285647e-08, 7.57036815457e-08, 1.1538314304e-08, 8.08365641092e-09, 4.27627933064e-09, 3.23194226937e-09, 4.035722867e-09, 4.89051465991e-09, 6.99085567213e-10, 7.31484872674e-10, 3.10310610541e-10, 1.08691688983e-09, 3.18845672087e-10, 1.8744063246e-10, 1.42169123696e-10, 1.21091400795e-10, 8.19069603808e-11, 1.64075572573e-10, 4.2640296849e-10, 2.0803167522e-10, 2.11564973873e-10, 2.79992612429e-10, 2.12582562664e-10, 1.9301855253e-11, 1.6716532672e-11, 8.14246153141e-12], "max": [0.00312318303622, 0.00981958396733, 0.0159652326256, 0.0147852580994, 0.0114376386628, 0.00760240107775, 0.0112902373075, 0.00549385510385, 0.00502026127651, 0.00500846561044, 0.00502580450848, 0.00486539909616, 0.00348260696046, 0.00326909078285, 0.00309309992008, 0.00317274755798, 0.00163708650507, 0.00146130996291, 0.00074742740253, 0.000720382318832, 0.000858850369696, 0.00107043818571, 0.000363002385711, 0.000344427884556, 0.000224278963287, 0.000650360307191, 0.000250674434938, 0.000174875051016, 0.000151308297063, 0.000100161945738, 9.7004493e-05, 0.000143501194543, 0.000262165645836, 0.000166585930856, 0.000256740720943, 0.000260853965301, 0.000190545804799, 7.01644457877e-05, 6.47590277367e-05, 4.34374996985e-05], "mean": [0.000229758574278, 0.00105710979551, 0.00202680192888, 0.00165650737472, 0.00063164770836, 0.000289553310722, 0.000226366377319, 0.000224650590098, 0.000178704358405, 0.000194044565433, 0.00011926710431, 0.000131988766952, 0.000139519237564, 0.000107786676381, 7.85834054113e-05, 8.86392663233e-05, 4.20581927756e-05, 4.40587937192e-05, 3.65257474186e-05, 2.94646997645e-05, 3.04105469695e-05, 3.00777501252e-05, 1.6114607206e-05, 1.68346941791e-05, 1.25038350234e-05, 1.37911656566e-05, 1.08185831778e-05, 8.04004776001e-06, 6.54344921713e-06, 6.03772514296e-06, 5.08467064719e-06, 6.6063767008e-06, 8.53715664562e-06, 8.01262740424e-06, 6.37876973997e-06, 6.2664039433e-06, 4.46162493972e-06, 1.87428963727e-06, 1.43607519476e-06, 9.64911578194e-07], "median": [0.000109818000055, 0.000641979451757, 0.00135469599627, 0.00113584217615, 0.000421332020778, 0.000156812107889, 0.000103865975689, 9.03549662326e-05, 6.27870322205e-05, 5.27421871084e-05, 4.36849732068e-05, 5.0074129831e-05, 6.92654284649e-05, 5.01591312059e-05, 3.31953924615e-05, 3.22988562402e-05, 1.30952494146e-05, 1.7082245904e-05, 1.66972677107e-05, 1.64615921676e-05, 1.63539807545e-05, 1.48261815411e-05, 8.82338827068e-06, 9.09159371076e-06, 6.02800355409e-06, 6.04839260632e-06, 4.78070433019e-06, 3.69536905964e-06, 2.4443043003e-06, 2.03354966288e-06, 1.8949757532e-06, 2.45579394687e-06, 2.96186340165e-06, 2.89378931484e-06, 1.95684242499e-06, 1.65501955962e-06, 1.08742176508e-06, 5.60106741432e-07, 3.25478083596e-07, 2.0498997344e-07], "min": [4.06555875812e-24, 6.5110610909e-24, 6.23708457092e-24, 5.0762280228e-24, 7.10047311016e-24, 5.79831303569e-24, 5.27654938892e-24, 3.95564045731e-24, 6.99788332716e-24, 6.43735702766e-24, 3.6202100951e-24, 5.44382300514e-24, 3.58611868222e-24, 6.92768417293e-24, 4.4138242817e-24, 7.0683183508e-24, 6.86961217739e-24, 8.62161466104e-24, 1.45528050053e-23, 7.59058055766e-24, 7.09805446263e-24, 1.033722778e-23, 5.22690400557e-24, 5.8269688025e-24, 8.07595562859e-24, 7.42498839846e-24, 8.11513598317e-24, 8.21594767369e-24, 9.57750739661e-24, 9.42370791908e-24, 7.54538356096e-24, 6.06565720761e-24, 1.09870882383e-23, 9.32764043804e-24, 1.23909640379e-23, 7.63091659347e-24, 9.54580780999e-24, 8.64103878311e-24, 9.56652014192e-24, 7.36110802008e-24], "var": [1.17275099853e-07, 1.47029459185e-06, 4.38509141532e-06, 3.00944589071e-06, 4.99914051488e-07, 1.70004923916e-07, 2.28255245815e-07, 1.85771199313e-07, 1.11058227503e-07, 1.5274426346e-07, 5.18688914042e-08, 8.40182110551e-08, 4.97354903928e-08, 3.18746167238e-08, 2.22800249361e-08, 3.43417490001e-08, 7.27634930087e-09, 6.65433752545e-09, 3.54657214707e-09, 1.85795101526e-09, 2.13166817531e-09, 2.72713918115e-09, 5.2239051973e-10, 5.86191040153e-10, 3.39483136047e-10, 8.26042456659e-10, 2.75315520382e-10, 1.4447046337e-10, 1.1808651279e-10, 9.6114935455e-11, 6.35829305873e-11, 1.12159115329e-10, 2.04728636821e-10, 1.78671397122e-10, 2.1444419851e-10, 2.09301145859e-10, 1.10133374642e-10, 1.84697378919e-11, 1.69317216497e-11, 7.69288278912e-12]}, "melbands_crest": {"dmean": 3.24438548088, "dmean2": 5.36901140213, "dvar": 8.2241973877, "dvar2": 21.4032859802, "max": 39.9874038696, "mean": 13.8878536224, "median": 13.1106147766, "min": 1.90860915184, "var": 27.894323349}, "melbands_flatness_db": {"dmean": 0.0260631144047, "dmean2": 0.03866090253, "dvar": 0.000607638794463, "dvar2": 0.00125850737095, "max": 0.572466135025, "mean": 0.175404176116, "median": 0.168978333473, "min": 0.00503421295434, "var": 0.00357998069376}, "melbands_kurtosis": {"dmean": 8.84791660309, "dmean2": 11.7537326813, "dvar": 2595.3972168, "dvar2": 1504.23828125, "max": 6850.44287109, "mean": 24.7236614227, "median": 7.53048849106, "min": -1.83112299442, "var": 50605.9414062}, "melbands_skewness": {"dmean": 0.743460416794, "dmean2": 1.13245749474, "dvar": 0.684034943581, "dvar2": 1.19998288155, "max": 79.6706390381, "mean": 3.01789307594, "median": 2.53260707855, "min": -0.879735529423, "var": 11.5968589783}, "melbands_spread": {"dmean": 8.80558490753, "dmean2": 13.8123788834, "dvar": 166.40397644, "dvar2": 391.508880615, "max": 233.86416626, "mean": 26.3285198212, "median": 22.9638595581, "min": 0.123028531671, "var": 381.363250732}, "mfcc": {"cov": [[5307.26660156, -287.749908447, 15.3449211121, -15.3702583313, -205.692520142, -101.849723816, -118.230644226, -65.2852554321, -151.648925781, 11.7824258804, -19.6913795471, -84.48802948, -65.5769119263], [-287.749908447, 1013.46795654, -238.959060669, -26.6889743805, 50.2375526428, 33.9582824707, 37.5770568848, 61.5840568542, -12.0900554657, -3.74142193794, 20.0443973541, -17.2871742249, -1.28840398788], [15.3449211121, -238.959060669, 384.276245117, 131.024887085, 31.4838027954, 17.8882656097, -22.415977478, -5.71927261353, 11.9449529648, -12.5868167877, -20.9281673431, 13.2367591858, 15.0016708374], [-15.3702583313, -26.6889743805, 131.024887085, 300.982116699, 41.5171813965, 9.9279050827, -4.47984981537, -16.5993804932, 11.7509727478, -20.860660553, -8.86927223206, -4.3061580658, 8.67819595337], [-205.692520142, 50.2375526428, 31.4838027954, 41.5171813965, 169.334259033, 43.3172111511, -21.3698959351, -1.77778565884, 19.1780071259, -12.1782226562, -13.8201351166, 5.34442090988, 4.38855886459], [-101.849723816, 33.9582824707, 17.8882656097, 9.9279050827, 43.3172111511, 125.877113342, 58.2389831543, -2.20875358582, -0.549344599247, 4.45779085159, 5.65348625183, -9.39139080048, -3.95608186722], [-118.230644226, 37.5770568848, -22.415977478, -4.47984981537, -21.3698959351, 58.2389831543, 144.961334229, 9.40065574646, -1.94365477562, 4.33570671082, 23.9284248352, -9.08223247528, -5.73960828781], [-65.2852554321, 61.5840568542, -5.71927261353, -16.5993804932, -1.77778565884, -2.20875358582, 9.40065574646, 102.79662323, 25.5225124359, -3.43741321564, -4.55292081833, 15.8280620575, 17.6224975586], [-151.648925781, -12.0900554657, 11.9449529648, 11.7509727478, 19.1780071259, -0.549344599247, -1.94365477562, 25.5225124359, 87.5662765503, 24.1918907166, -11.3186016083, 2.34117364883, 5.80864238739], [11.7824258804, -3.74142193794, -12.5868167877, -20.860660553, -12.1782226562, 4.45779085159, 4.33570671082, -3.43741321564, 24.1918907166, 102.1043396, 39.6888389587, -9.36399936676, -17.5090179443], [-19.6913795471, 20.0443973541, -20.9281673431, -8.86927223206, -13.8201351166, 5.65348625183, 23.9284248352, -4.55292081833, -11.3186016083, 39.6888389587, 87.6709442139, 23.4869251251, 1.44993686676], [-84.48802948, -17.2871742249, 13.2367591858, -4.3061580658, 5.34442090988, -9.39139080048, -9.08223247528, 15.8280620575, 2.34117364883, -9.36399936676, 23.4869251251, 78.435333252, 40.059173584], [-65.5769119263, -1.28840398788, 15.0016708374, 8.67819595337, 4.38855886459, -3.95608186722, -5.73960828781, 17.6224975586, 5.80864238739, -17.5090179443, 1.44993686676, 40.059173584, 86.8215713501]], "icov": [[0.000219569104956, 5.3881052736e-05, 9.19529611565e-06, -3.79691882699e-05, 0.000229226250667, 5.2696336752e-06, 0.000214967891225, -4.96229004057e-05, 0.000385653518606, -9.78701209533e-05, 4.79745285702e-05, 0.000206623124541, 4.01096658607e-05], [5.3881052736e-05, 0.00131715822499, 0.000898300262634, -0.000266859889962, -0.000473722873721, -0.000221768044867, -1.76221817583e-06, -0.000960106088314, 0.00051400240045, 4.20406504418e-05, -0.00030241071363, 0.000524092058185, -0.000122372337501], [9.19529611565e-06, 0.000898300262634, 0.00382516579702, -0.00155341997743, -0.000264144706307, -0.000887802976649, 0.00052056327695, -0.000558131723665, 0.0002473644563, -0.000269004784059, 0.000716207374353, -0.000606666842941, -0.000167641162989], [-3.79691882699e-05, -0.000266859889962, -0.00155341997743, 0.00422947667539, -0.000713185232598, 0.000352750445018, -0.000257355335634, 0.000940011115745, -0.000997546245344, 0.00116082222667, -0.000794241612311, 0.000898489204701, -0.000443127704784], [0.000229226250667, -0.000473722873721, -0.000264144706307, -0.000713185232598, 0.00820304080844, -0.00381005578674, 0.00280617293902, 0.000636829354335, -0.00176361273043, 0.00113174901344, 0.000300108484225, -0.000811153906398, 0.000466517609311], [5.2696336752e-06, -0.000221768044867, -0.000887802976649, 0.000352750445018, -0.00381005578674, 0.012045414187, -0.00546869821846, 0.000457688001916, 0.00108506262768, -0.00117425946519, 0.000427398859756, 0.00098917982541, -0.000367093802197], [0.000214967891225, -1.76221817583e-06, 0.00052056327695, -0.000257355335634, 0.00280617293902, -0.00546869821846, 0.0104474602267, -0.00112946983427, -0.000741218449548, 0.00177095190156, -0.00336186913773, 0.00183745310642, 0.000242084992351], [-4.96229004057e-05, -0.000960106088314, -0.000558131723665, 0.000940011115745, 0.000636829354335, 0.000457688001916, -0.00112946983427, 0.0120882978663, -0.00391384959221, 0.000776970875449, 0.000909439462703, -0.00212542363442, -0.00120484351646], [0.000385653518606, 0.00051400240045, 0.0002473644563, -0.000997546245344, -0.00176361273043, 0.00108506262768, -0.000741218449548, -0.00391384959221, 0.0163028817624, -0.00655740313232, 0.00491549121216, -0.000934112002142, -0.000824341725092], [-9.78701209533e-05, 4.20406504418e-05, -0.000269004784059, 0.00116082222667, 0.00113174901344, -0.00117425946519, 0.00177095190156, 0.000776970875449, -0.00655740313232, 0.0159683395177, -0.00929948873818, 0.00383656658232, 0.00174992880784], [4.79745285702e-05, -0.00030241071363, 0.000716207374353, -0.000794241612311, 0.000300108484225, 0.000427398859756, -0.00336186913773, 0.000909439462703, 0.00491549121216, -0.00929948873818, 0.019615881145, -0.0083040157333, 0.000884446431883], [0.000206623124541, 0.000524092058185, -0.000606666842941, 0.000898489204701, -0.000811153906398, 0.00098917982541, 0.00183745310642, -0.00212542363442, -0.000934112002142, 0.00383656658232, -0.0083040157333, 0.0210785660893, -0.00793288927525], [4.01096658607e-05, -0.000122372337501, -0.000167641162989, -0.000443127704784, 0.000466517609311, -0.000367093802197, 0.000242084992351, -0.00120484351646, -0.000824341725092, 0.00174992880784, 0.000884446431883, -0.00793288927525, 0.0158933512866]], "mean": [-617.893981934, 106.75504303, 4.50615882874, 18.4894828796, 1.13169968128, 11.2443733215, -7.28020715714, 8.45014762878, -10.2712841034, -4.63501548767, -10.7583599091, -6.56706905365, -3.96155667305]}, "pitch_salience": {"dmean": 0.06764446944, "dmean2": 0.109259389341, "dvar": 0.00348925800063, "dvar2": 0.00857132859528, "max": 0.864065170288, "mean": 0.569656312466, "median": 0.580010175705, "min": 0.00199663545936, "var": 0.0118802115321}, "silence_rate_20dB": {"dmean": 0, "dmean2": 0, "dvar": 0, "dvar2": 0, "max": 1, "mean": 1, "median": 1, "min": 1, "var": 0}, "silence_rate_30dB": {"dmean": 0.00033698399784, "dmean2": 0.000674081558827, "dvar": 0.000336873286869, "dvar2": 0.00101067929063, "max": 1, "mean": 0.999831557274, "median": 1, "min": 0, "var": 0.000168420810951}, "silence_rate_60dB": {"dmean": 0.00303285592236, "dmean2": 0.00606673397124, "dvar": 0.00302397669293, "dvar2": 0.00771551253274, "max": 1, "mean": 0.0176886785775, "median": 0, "min": 0, "var": 0.0173757039011}, "spectral_centroid": {"dmean": 298.950439453, "dmean2": 454.700286865, "dvar": 123500.40625, "dvar2": 270284.8125, "max": 11272.2021484, "mean": 1301.10144043, "median": 1203.44921875, "min": 211.86668396, "var": 406256.78125}, "spectral_complexity": {"dmean": 4.34338665009, "dmean2": 6.12605333328, "dvar": 23.8996810913, "dvar2": 40.8996658325, "max": 57, "mean": 20.7547168732, "median": 19, "min": 0, "var": 96.3501205444}, "spectral_contrast_coeffs": {"dmean": [0.0556198880076, 0.048369307071, 0.0405116155744, 0.0329948291183, 0.0224220566452, 0.0178448297083], "dmean2": [0.0929730013013, 0.0782646983862, 0.0647497624159, 0.0531683824956, 0.0358015187085, 0.027332354337], "dvar": [0.00200776965357, 0.00150225881953, 0.0010388167575, 0.000687005755026, 0.00035120442044, 0.000234992679907], "dvar2": [0.00558169791475, 0.00396597804502, 0.00258659594692, 0.00177389557939, 0.000822238449473, 0.000522870686837], "max": [-0.306435972452, -0.474801778793, -0.451450496912, -0.568272769451, -0.541088700294, -0.626588881016], "mean": [-0.549298167229, -0.730567634106, -0.744510293007, -0.764171659946, -0.787215471268, -0.748996794224], "median": [-0.546878576279, -0.730657994747, -0.746112942696, -0.766975045204, -0.790467500687, -0.747333884239], "min": [-0.959131658077, -0.977640450001, -0.976738989353, -0.968812942505, -0.966097772121, -0.958167254925], "var": [0.00712610315531, 0.0046266480349, 0.00390142248943, 0.00300148129463, 0.00167189177591, 0.00119047285989]}, "spectral_contrast_valleys": {"dmean": [0.43825635314, 0.384671598673, 0.338381379843, 0.304859697819, 0.266547381878, 0.326754391193], "dmean2": [0.715738594532, 0.607221066952, 0.525200068951, 0.449289143085, 0.364179551601, 0.419422894716], "dvar": [0.163024932146, 0.139290213585, 0.118835359812, 0.110301174223, 0.116144739091, 0.151469945908], "dvar2": [0.368466556072, 0.276376247406, 0.225351944566, 0.19012580812, 0.166661739349, 0.245327174664], "max": [-5.58394432068, -4.84975528717, -5.30064249039, -5.61676263809, -5.63907241821, -7.34661722183], "mean": [-7.45950937271, -6.77828454971, -7.23113203049, -7.62175655365, -7.39693784714, -9.77628707886], "median": [-7.32707118988, -6.69791316986, -7.15608024597, -7.55264759064, -7.32092666626, -9.74437713623], "min": [-27.0837726593, -27.2325973511, -27.1825809479, -27.2430763245, -27.1706104279, -27.4008598328], "var": [1.21228885651, 1.08356761932, 1.03742468357, 0.985091626644, 1.02376294136, 1.20647501945]}, "spectral_decrease": {"dmean": 1.99385485899e-09, "dmean2": 3.10306358386e-09, "dvar": 4.38327845598e-18, "dvar2": 1.04318526376e-17, "max": 6.76094156044e-29, "mean": -6.79410128157e-09, "median": -6.18205397984e-09, "min": -2.98889553108e-08, "var": 1.56417355748e-17}, "spectral_energy": {"dmean": 0.00800431612879, "dmean2": 0.0123341586441, "dvar": 6.91626992193e-05, "dvar2": 0.000161320655025, "max": 0.118808314204, "mean": 0.0279728006572, "median": 0.0255814660341, "min": 1.02658566624e-20, "var": 0.000256209168583}, "spectral_energyband_high": {"dmean": 0.00081796880113, "dmean2": 0.00115323171485, "dvar": 2.41972270487e-06, "dvar2": 5.05388152305e-06, "max": 0.0254491437227, "mean": 0.00154554832261, "median": 0.00058417848777, "min": 7.32916838625e-21, "var": 5.79661900701e-06}, "spectral_energyband_low": {"dmean": 0.00274956319481, "dmean2": 0.00450602546334, "dvar": 1.42313028846e-05, "dvar2": 3.80845631298e-05, "max": 0.050557397306, "mean": 0.00613163551316, "median": 0.00420578848571, "min": 3.05497050946e-23, "var": 4.16997536377e-05}, "spectral_energyband_middle_high": {"dmean": 0.00216244766489, "dmean2": 0.00321697467007, "dvar": 8.34655202198e-06, "dvar2": 1.93536670849e-05, "max": 0.0479234792292, "mean": 0.00614004954696, "median": 0.00458168331534, "min": 1.32295977432e-21, "var": 3.21672850987e-05}, "spectral_energyband_middle_low": {"dmean": 0.00625409884378, "dmean2": 0.00999950058758, "dvar": 4.87581819471e-05, "dvar2": 0.000121184508316, "max": 0.0931485071778, "mean": 0.0162818208337, "median": 0.0137001909316, "min": 2.06257945173e-22, "var": 0.000135716356453}, "spectral_entropy": {"dmean": 0.169662281871, "dmean2": 0.239680796862, "dvar": 0.028957977891, "dvar2": 0.0530683249235, "max": 9.79057121277, "mean": 7.68158531189, "median": 7.68090581894, "min": 6.11364841461, "var": 0.148256719112}, "spectral_flux": {"dmean": 0.020747397095, "dmean2": 0.0312988683581, "dvar": 0.000376195181161, "dvar2": 0.000810842844658, "max": 0.264484107494, "mean": 0.0842245519161, "median": 0.0808410048485, "min": 1.01320563051e-10, "var": 0.00131792866159}, "spectral_kurtosis": {"dmean": 1.09907865524, "dmean2": 1.80991232395, "dvar": 1.19809222221, "dvar2": 3.18661403656, "max": 14.6958026886, "mean": 2.65450787544, "median": 2.30573964119, "min": -1.18346405029, "var": 3.68375396729}, "spectral_rms": {"dmean": 0.000739743001759, "dmean2": 0.00112171005458, "dvar": 4.76031374319e-07, "dvar2": 1.05469291611e-06, "max": 0.0107661765069, "mean": 0.00498579349369, "median": 0.00499575119466, "min": 3.16472260724e-12, "var": 2.4323217076e-06}, "spectral_rolloff": {"dmean": 720.447937012, "dmean2": 1188.00427246, "dvar": 1398959.25, "dvar2": 2943480.5, "max": 19250.6835938, "mean": 1791.98596191, "median": 1313.52539062, "min": 21.533203125, "var": 3034352.25}, "spectral_skewness": {"dmean": 0.194269835949, "dmean2": 0.293676614761, "dvar": 0.0306514780968, "dvar2": 0.066890232265, "max": 3.0221145153, "mean": 1.27517175674, "median": 1.28485107422, "min": -0.0522140450776, "var": 0.160610377789}, "spectral_spread": {"dmean": 506024.25, "dmean2": 725288.8125, "dvar": 725426372608, "dvar2": 1007414738940.0, "max": 49336400, "mean": 4904143.5, "me