{"lowlevel": {"average_loudness": 0.690176486969, "barkbands": {"dmean": [5.27888441866e-05, 0.00267314584926, 0.00182270398363, 0.000791941361967, 0.00110157905146, 0.00030856434023, 0.00101086148061, 0.000290738447802, 0.000351956521627, 0.000368651322788, 0.000539683795068, 0.000546033203136, 0.000424333906267, 0.000410035718232, 0.000319836137351, 0.000219906272832, 0.000209710269701, 0.000231144658756, 0.000292039068881, 0.000236527732341, 0.0001833915303, 0.000128179293824, 0.000119322445244, 0.000157975213369, 0.00013666274026, 9.88289393717e-05, 1.13486858027e-05], "dmean2": [8.56025944813e-05, 0.00402268860489, 0.00307123502716, 0.0014008700382, 0.00175744621083, 0.000470461527584, 0.00166884425562, 0.000469211343443, 0.000550201279111, 0.000589892384596, 0.000871171825565, 0.000837586412672, 0.000656937714666, 0.000641491031274, 0.000495225074701, 0.000343290244928, 0.000329366186634, 0.000353393988917, 0.000441419600975, 0.00036371871829, 0.000284175708657, 0.000209204634302, 0.00020474664052, 0.000271428172709, 0.000232864796999, 0.000164672484971, 2.04795451282e-05], "dvar": [2.15891873268e-08, 2.35485658777e-05, 1.40681859193e-05, 3.12971110361e-06, 9.805145055e-06, 5.4299380281e-07, 1.17579256766e-05, 2.23117112341e-07, 4.44909375119e-07, 6.02118404913e-07, 1.20976415019e-06, 2.10790358324e-06, 9.17090801522e-07, 7.88649686001e-07, 5.48449804683e-07, 2.61731713636e-07, 1.34841585009e-07, 2.23304496672e-07, 2.2431935065e-07, 1.399073426e-07, 7.83131426374e-08, 4.46005081756e-08, 5.67604949708e-08, 9.92335387195e-08, 7.46082804426e-08, 2.77594267573e-08, 5.27021759567e-10], "dvar2": [5.2651984106e-08, 4.9741294788e-05, 3.81387071684e-05, 8.52627272252e-06, 2.32801776292e-05, 1.33302228278e-06, 2.79129963019e-05, 5.70609984152e-07, 1.06155516733e-06, 1.45694195908e-06, 3.11715757562e-06, 5.06204105477e-06, 2.21188270189e-06, 1.94892595573e-06, 1.33753883347e-06, 6.30768795418e-07, 3.38066286076e-07, 5.25464827206e-07, 5.48248351606e-07, 3.39357143275e-07, 1.9170711596e-07, 1.15376344922e-07, 1.56558911613e-07, 2.76717798897e-07, 2.0556358038e-07, 7.16513639532e-08, 1.46700651626e-09], "max": [0.00172080367338, 0.0546447522938, 0.046037748456, 0.030588330701, 0.0380434170365, 0.0136367343366, 0.0351687893271, 0.00986272096634, 0.0135814500973, 0.0168976802379, 0.0222557280213, 0.0333280712366, 0.0269901566207, 0.027477953583, 0.0148210786283, 0.0134056555107, 0.00640199100599, 0.0174974557012, 0.00948219466954, 0.00868353620172, 0.00814565923065, 0.00251021515578, 0.00310130184516, 0.00442025344819, 0.00305547541939, 0.00145826477092, 0.000267946248641], "mean": [5.34715509275e-05, 0.0043504559435, 0.00271623884328, 0.000692027795594, 0.00115937576629, 0.000521827896591, 0.000880048552062, 0.000476251036162, 0.000643686915282, 0.00064237852348, 0.00104881729931, 0.000961645448115, 0.000813804217614, 0.000768934143707, 0.000525247422047, 0.000433391833212, 0.000404168036766, 0.00049271422904, 0.000626567751169, 0.000536544888746, 0.000415957591031, 0.000246963638347, 0.000185590644833, 0.000248136755545, 0.000190618477063, 0.000153117376612, 1.59826522577e-05], "median": [1.42057288031e-05, 0.00271840859205, 0.00100793642923, 0.000210447789868, 0.00035787167144, 0.00031123982626, 0.000104834645754, 0.000221933645662, 0.000259646738414, 0.000239344415604, 0.000301470223349, 0.00021856217063, 0.000218559565837, 0.000198886584258, 0.000132376881083, 0.000128501167637, 0.000203291885555, 0.000210260855965, 0.000330899696564, 0.000270996679319, 0.000276704726275, 0.000175995839527, 0.000125004793517, 0.000176522924448, 0.00012171430717, 0.000103228747321, 1.09018237708e-05], "min": [3.41390790114e-23, 3.47535164596e-23, 1.11896976954e-23, 3.63584334608e-24, 2.31903175802e-23, 5.87713301967e-23, 1.18569517478e-22, 1.01646583039e-22, 5.25613382647e-23, 5.32147328198e-23, 1.15115000911e-22, 8.99644491782e-23, 1.04659665665e-22, 6.39316480309e-23, 1.46681856946e-22, 1.85306443241e-22, 1.29578936002e-22, 2.85266845561e-22, 4.18914120267e-22, 3.53955728747e-22, 3.40728538228e-22, 2.7824161637e-22, 9.22457743316e-22, 8.2478075884e-22, 1.49923931378e-21, 1.74086198169e-21, 2.2805627982e-21], "var": [1.91076097167e-08, 3.78386866942e-05, 1.63069034897e-05, 2.41945895141e-06, 9.03298496269e-06, 6.20745993274e-07, 1.01407695183e-05, 4.57058064285e-07, 1.20244590107e-06, 1.35038885674e-06, 3.09550000566e-06, 5.48884509044e-06, 3.14604062623e-06, 2.73035493592e-06, 1.14068120638e-06, 7.56221140819e-07, 3.2652960158e-07, 6.76359320551e-07, 6.83978385041e-07, 4.92786398354e-07, 2.12346250805e-07, 6.45470095151e-08, 4.94455676403e-08, 7.88097125337e-08, 5.8077517906e-08, 2.66452797604e-08, 3.80866171934e-10]}, "barkbands_crest": {"dmean": 2.58387875557, "dmean2": 4.09462690353, "dvar": 6.42467832565, "dvar2": 14.6006355286, "max": 24.3293552399, "mean": 8.80351734161, "median": 7.84556150436, "min": 2.17277789116, "var": 16.9441108704}, "barkbands_flatness_db": {"dmean": 0.0187163148075, "dmean2": 0.0295407772064, "dvar": 0.00042083291919, "dvar2": 0.000986649189144, "max": 0.284831732512, "mean": 0.0776640921831, "median": 0.0723713263869, "min": 0.0143601978198, "var": 0.00102262478322}, "barkbands_kurtosis": {"dmean": 1.8668448925, "dmean2": 3.0656747818, "dvar": 17.1786231995, "dvar2": 46.1930580139, "max": 100.480392456, "mean": 0.970331132412, "median": -0.314024209976, "min": -1.91040253639, "var": 19.1689758301}, "barkbands_skewness": {"dmean": 0.572141230106, "dmean2": 0.874168932438, "dvar": 0.460368484259, "dvar2": 1.04805970192, "max": 9.46605587006, "mean": 0.889442443848, "median": 0.671240389347, "min": -2.56348824501, "var": 1.09948885441}, "barkbands_spread": {"dmean": 10.9310264587, "dmean2": 17.3162612915, "dvar": 133.164886475, "dvar2": 329.791046143, "max": 115.9320755, "mean": 41.8838386536, "median": 40.8969726562, "min": 2.97755336761, "var": 289.566497803}, "dissonance": {"dmean": 0.0123484246433, "dmean2": 0.0207235142589, "dvar": 0.000142585136928, "dvar2": 0.00036910380004, "max": 0.49997600913, "mean": 0.479552805424, "median": 0.483079433441, "min": 0.259343743324, "var": 0.000238432709011}, "dynamic_complexity": 3.78399944305, "erbbands": {"dmean": [0.066941820085, 0.686324477196, 2.11197400093, 2.14124512672, 4.77337837219, 2.17721199989, 1.92980146408, 2.80109548569, 10.0414056778, 12.5952548981, 7.10099172592, 8.09611415863, 9.49481487274, 14.0919494629, 20.5799999237, 20.3384571075, 19.184633255, 19.9443225861, 17.2658920288, 12.5349769592, 9.90659236908, 11.6289653778, 11.9842014313, 11.2922773361, 16.4350833893, 10.4831132889, 8.10646820068, 5.90217208862, 4.2602763176, 4.32724618912, 3.53367257118, 3.24074149132, 2.84539675713, 1.58794021606, 0.96339994669, 0.523215830326, 0.159351333976, 0.0274069346488, 0.00194640026893, 7.01950484654e-05], "dmean2": [0.095870167017, 1.08124017715, 3.50260877609, 3.74196147919, 7.79752492905, 3.43588852882, 3.02628159523, 4.2742600441, 16.4422302246, 20.713809967, 11.3027706146, 12.5916385651, 15.1868171692, 22.2619171143, 32.6908340454, 30.8840713501, 29.4402809143, 30.9890632629, 26.7634124756, 19.1952838898, 15.1869068146, 18.0181617737, 18.1628131866, 16.823469162, 25.2811584473, 15.7836532593, 12.5779094696, 9.03226470947, 6.80296230316, 7.32671880722, 6.11625528336, 5.66733026505, 4.90240812302, 2.80008172989, 1.59964823723, 0.855498731136, 0.269556194544, 0.0490051470697, 0.00350963044912, 0.000121437617054], "dvar": [0.024502152577, 1.44474709034, 16.8226089478, 23.2733745575, 191.595397949, 24.7044277191, 15.4645633698, 48.9953422546, 1134.00976562, 1335.44482422, 152.155380249, 301.903869629, 409.451629639, 935.180786133, 2053.89770508, 3051.89892578, 1767.59545898, 2159.42431641, 1692.6204834, 792.058227539, 535.508361816, 386.360809326, 602.780334473, 516.017822266, 644.988769531, 300.818084717, 177.007110596, 76.0388259888, 42.3676681519, 65.7780380249, 51.2008094788, 46.0314407349, 36.9419212341, 12.734249115, 2.83046579361, 0.692759215832, 0.0761702954769, 0.00299215898849, 1.56046935444e-05, 1.93672473614e-08], "dvar2": [0.0463733114302, 3.54235959053, 45.7181816101, 63.5151290894, 461.928314209, 58.0750694275, 38.2444496155, 119.756134033, 2658.11572266, 3266.69213867, 392.853668213, 725.587158203, 1016.09039307, 2274.28051758, 5095.00683594, 7266.57763672, 4345.82910156, 5463.328125, 4252.86035156, 1901.1439209, 1264.86022949, 937.225524902, 1402.35632324, 1201.95483398, 1612.01867676, 704.979553223, 434.361602783, 176.20866394, 102.251220703, 179.094924927, 142.389038086, 128.831039429, 103.726013184, 35.9472045898, 7.46421575546, 1.7500859499, 0.199524387717, 0.0082845762372, 4.33323803009e-05, 5.28927692756e-08], "max": [1.87117445469, 11.9646663666, 50.8765716553, 103.945655823, 161.236557007, 75.7389068604, 67.354019165, 126.879234314, 362.323272705, 446.605102539, 257.520080566, 418.803863525, 503.116088867, 721.906677246, 1095.86328125, 1655.35339355, 1245.1151123, 1456.14282227, 987.187011719, 667.897521973, 562.678771973, 386.58770752, 960.343566895, 600.068664551, 367.968902588, 492.898773193, 414.191223145, 180.795288086, 91.6660079956, 102.836921692, 90.2352905273, 76.1044006348, 109.806495667, 40.2375030518, 16.9396705627, 8.06447029114, 2.62543320656, 0.583549618721, 0.0452833808959, 0.00213188887574], "mean": [0.0838838070631, 1.12154996395, 3.45313167572, 2.34756755829, 4.22981739044, 2.89051294327, 3.62410092354, 4.24979352951, 8.97318077087, 13.4590454102, 11.7794237137, 14.7366447449, 17.9693241119, 26.5600624084, 42.5239639282, 39.9235839844, 40.8015022278, 39.3013916016, 32.9443511963, 25.778842926, 21.0858592987, 24.8771781921, 26.5571136475, 25.4988212585, 36.7042427063, 24.5221786499, 17.4796943665, 14.0732564926, 8.9368019104, 7.53925704956, 5.2808637619, 4.63252401352, 4.28573274612, 1.97991991043, 1.48575377464, 0.873598277569, 0.236257120967, 0.0363737009466, 0.00276948558167, 0.000121017394122], "median": [0.0256454814225, 0.840432524681, 1.53938388824, 1.17814171314, 0.895137965679, 1.16554582119, 2.09914779663, 2.01447558403, 1.38486850262, 3.19840621948, 5.76945352554, 5.92619657516, 7.95099687576, 10.5150108337, 11.2788801193, 10.8726224899, 12.33527565, 11.8401927948, 8.8844833374, 8.72403049469, 8.19820690155, 12.8976602554, 12.6536912918, 12.3649044037, 19.8982753754, 12.0436954498, 10.4705724716, 9.21597766876, 6.49053859711, 5.28806591034, 3.46761536598, 3.05510759354, 2.93774247169, 1.18936109543, 0.99052041769, 0.616268157959, 0.156163826585, 0.0234601646662, 0.00188110989984, 8.98311191122e-05], "min": [1.63654705455e-21, 5.58759090141e-21, 8.13221697378e-21, 2.18110079189e-20, 2.25403049538e-20, 9.05906234883e-20, 2.19593239877e-19, 6.52856279264e-19, 9.64100614024e-19, 2.47904582016e-18, 2.33371060013e-18, 1.3640935186e-18, 9.7665432059e-19, 3.7052715951e-18, 3.26487753505e-18, 4.57567777133e-18, 4.21846561407e-18, 4.20770606225e-18, 7.81284165393e-18, 5.64498035303e-18, 1.06191900212e-17, 9.23467579141e-18, 1.43896438621e-17, 1.9192732609e-17, 2.11257329322e-17, 1.59855366528e-17, 1.43343087879e-17, 1.28898901381e-17, 9.78952207653e-18, 1.70784043694e-17, 2.86667580737e-17, 1.75322585192e-17, 1.34555352662e-17, 1.42404734192e-17, 1.26036881277e-17, 7.4577867837e-18, 2.84674580041e-18, 1.26649664947e-18, 3.41904843989e-19, 3.18776764202e-20], "var": [0.0343458354473, 2.05675268173, 19.8699016571, 21.3397979736, 165.31413269, 27.9007549286, 22.5509548187, 53.1999778748, 1002.78570557, 1182.30456543, 298.579772949, 727.793823242, 945.414733887, 2328.91772461, 6165.62890625, 8027.33837891, 6902.21582031, 7268.47314453, 4059.97875977, 1930.00488281, 1642.89831543, 1125.05212402, 1785.01379395, 1647.86132812, 2058.98413086, 1087.33947754, 490.855255127, 220.014785767, 77.9529342651, 67.75440979, 42.9921798706, 34.1670875549, 28.1349544525, 8.66126060486, 2.65549039841, 0.750545620918, 0.0686370506883, 0.00216513941996, 1.12644211185e-05, 1.55857105e-08]}, "erbbands_crest": {"dmean": 2.09112524986, "dmean2": 3.45326304436, "dvar": 3.93398237228, "dvar2": 9.83555984497, "max": 26.4704666138, "mean": 7.26143884659, "median": 6.54519271851, "min": 2.14042949677, "var": 10.5344696045}, "erbbands_flatness_db": {"dmean": 0.0159826073796, "dmean2": 0.0223290286958, "dvar": 0.00022933796572, "dvar2": 0.000426508719102, "max": 0.259499758482, "mean": 0.111385807395, "median": 0.106990009546, "min": 0.0353693626821, "var": 0.00123217212968}, "erbbands_kurtosis": {"dmean": 0.660610556602, "dmean2": 1.05802059174, "dvar": 0.622243344784, "dvar2": 1.56251335144, "max": 12.8480215073, "mean": 0.0758042708039, "median": -0.144303321838, "min": -1.75379633904, "var": 1.41026294231}, "erbbands_skewness": {"dmean": 0.326412826777, "dmean2": 0.52037781477, "dvar": 0.109288372099, "dvar2": 0.267992973328, "max": 2.46522784233, "mean": -0.0459539443254, "median": -0.00728938309476, "min": -3.15725779533, "var": 0.372959464788}, "erbbands_spread": {"dmean": 10.4025821686, "dmean2": 15.6126003265, "dvar": 154.690841675, "dvar2": 359.588317871, "max": 155.469146729, "mean": 45.6018676758, "median": 38.8079528809, "min": 7.60728406906, "var": 520.263366699}, "gfcc": {"cov": [[20990.7695312, 1386.59716797, -1230.6817627, 401.542938232, -210.184661865, 180.135253906, -157.410064697, 301.201904297, -414.934753418, 77.5037384033, -230.500900269, -62.5331230164, -363.819580078], [1386.59716797, 577.552490234, -18.3239803314, 61.5859413147, 20.7971630096, 21.3641605377, 27.1320552826, -0.0512625798583, -32.779258728, -31.5673084259, -18.3478622437, -17.4412136078, -31.8554611206], [-1230.6817627, -18.3239803314, 1028.49902344, 241.599502563, -41.0759277344, 65.6749343872, -0.0733528286219, 19.574962616, 45.705745697, 19.6284675598, 1.64354860783, 23.1022758484, 33.5069389343], [401.542938232, 61.5859413147, 241.599502563, 255.346862793, 91.3026809692, 22.2946949005, 9.44743728638, 67.0976791382, 33.3697776794, 18.7785758972, -14.4273519516, -24.4620113373, -9.40830421448], [-210.184661865, 20.7971630096, -41.0759277344, 91.3026809692, 229.701766968, 92.1592788696, 55.9831085205, 65.5198135376, 49.6950950623, 13.6987228394, 3.16669559479, -10.4600095749, 7.29909992218], [180.135253906, 21.3641605377, 65.6749343872, 22.2946949005, 92.1592788696, 194.279373169, 104.088249207, 33.4263572693, 4.28814458847, 13.1145439148, 10.6034030914, 8.81986618042, 4.49211788177], [-157.410064697, 27.1320552826, -0.0733528286219, 9.44743728638, 55.9831085205, 104.088249207, 163.007598877, 51.2615356445, -22.7412624359, -0.356038570404, 23.9662189484, 3.77844405174, -12.1957006454], [301.201904297, -0.0512625798583, 19.574962616, 67.0976791382, 65.5198135376, 33.4263572693, 51.2615356445, 112.302574158, 48.2073402405, 16.549943924, -5.91158866882, -8.6258020401, -11.2318153381], [-414.934753418, -32.779258728, 45.705745697, 33.3697776794, 49.6950950623, 4.28814458847, -22.7412624359, 48.2073402405, 117.582145691, 37.8728637695, -17.5701255798, -16.6161975861, 14.5900306702], [77.5037384033, -31.5673084259, 19.6284675598, 18.7785758972, 13.6987228394, 13.1145439148, -0.356038570404, 16.549943924, 37.8728637695, 61.5433120728, 16.7627792358, -1.86489343643, -2.53763365746], [-230.500900269, -18.3478622437, 1.64354860783, -14.4273519516, 3.16669559479, 10.6034030914, 23.9662189484, -5.91158866882, -17.5701255798, 16.7627792358, 67.1929473877, 31.2132892609, -9.0173368454], [-62.5331230164, -17.4412136078, 23.1022758484, -24.4620113373, -10.4600095749, 8.81986618042, 3.77844405174, -8.6258020401, -16.6161975861, -1.86489343643, 31.2132892609, 62.5938491821, 29.1282176971], [-363.819580078, -31.8554611206, 33.5069389343, -9.40830421448, 7.29909992218, 4.49211788177, -12.1957006454, -11.2318153381, 14.5900306702, -2.53763365746, -9.0173368454, 29.1282176971, 78.4889221191]], "icov": [[0.00023611956567, -0.000453381537227, 0.000511518504936, -0.000686944113113, 0.000781344715506, -0.00109027663711, 0.00136265193578, -0.00152837915812, 0.00175845401827, -0.00147845468018, 0.00143540278077, -0.00100026594009, 0.000753968895879], [-0.000453381537227, 0.00283252377994, -0.000767260906287, 0.000431451684562, -0.00138353882357, 0.00184657529462, -0.00299830781296, 0.00358057650737, -0.0034193857573, 0.00377074978314, -0.00210279598832, 0.00147276965436, -0.000533827289473], [0.000511518504936, -0.000767260906287, 0.00289677316323, -0.00402646837756, 0.00351503235288, -0.00358692859299, 0.00277412566356, -0.00233741523698, 0.00226091197692, -0.00223568989895, 0.00255783647299, -0.00306833488867, 0.00125533563551], [-0.000686944113113, 0.000431451684562, -0.00402646837756, 0.0111701861024, -0.00657990807667, 0.00493140472099, -0.00222160457633, -0.0002707967069, -0.00138179340865, 0.00122520700097, -0.00313455169089, 0.00586573686451, -0.00224601523951], [0.000781344715506, -0.00138353882357, 0.00351503235288, -0.00657990807667, 0.011792557314, -0.00781019497663, 0.00429228274152, -0.005869156681, 0.00182325509377, -0.00165711576119, 0.00121503416449, -0.0018131484976, 0.000368338864064], [-0.00109027663711, 0.00184657529462, -0.00358692859299, 0.00493140472099, -0.00781019497663, 0.0155708519742, -0.0124719832093, 0.00867605395615, -0.00751395290717, 0.00337725272402, -0.00303634116426, 0.00196233601309, -0.00261428998783], [0.00136265193578, -0.00299830781296, 0.00277412566356, -0.00222160457633, 0.00429228274152, -0.0124719832093, 0.0218992978334, -0.0169288031757, 0.0156128183007, -0.00728858821094, 0.0024689945858, -0.000994190806523, 0.00245844107121], [-0.00152837915812, 0.00358057650737, -0.00233741523698, -0.0002707967069, -0.005869156681, 0.00867605395615, -0.0169288031757, 0.0292916726321, -0.0204724483192, 0.00989500246942, -0.00441804109141, -0.000139762065373, 0.000614352698904], [0.00175845401827, -0.0034193857573, 0.00226091197692, -0.00138179340865, 0.00182325509377, -0.00751395290717, 0.0156128183007, -0.0204724483192, 0.0326107628644, -0.0212115682662, 0.0133753893897, -0.00205312552862, 0.000940060708672], [-0.00147845468018, 0.00377074978314, -0.00223568989895, 0.00122520700097, -0.00165711576119, 0.00337725272402, -0.00728858821094, 0.00989500246942, -0.0212115682662, 0.0360608138144, -0.0204865876585, 0.00985915213823, -0.00488077988848], [0.00143540278077, -0.00210279598832, 0.00255783647299, -0.00313455169089, 0.00121503416449, -0.00303634116426, 0.0024689945858, -0.00441804109141, 0.0133753893897, -0.0204865876585, 0.0401539690793, -0.0255544353276, 0.0150926737115], [-0.00100026594009, 0.00147276965436, -0.00306833488867, 0.00586573686451, -0.0018131484976, 0.00196233601309, -0.000994190806523, -0.000139762065373, -0.00205312552862, 0.00985915213823, -0.0255544353276, 0.0396505184472, -0.0190942436457], [0.000753968895879, -0.000533827289473, 0.00125533563551, -0.00224601523951, 0.000368338864064, -0.00261428998783, 0.00245844107121, 0.000614352698904, 0.000940060708672, -0.00488077988848, 0.0150926737115, -0.0190942436457, 0.0242865271866]], "mean": [9.89809608459, 28.9297180176, -103.032836914, 30.3211708069, -50.9768943787, 23.2095947266, -26.3754463196, 15.8431768417, -30.0491542816, 8.74077224731, -18.8402061462, 2.68821048737, -16.1290721893]}, "hfc": {"dmean": 8.88726043701, "dmean2": 13.4534158707, "dvar": 142.628509521, "dvar2": 350.296386719, "max": 168.880844116, "mean": 27.1722431183, "median": 22.5727348328, "min": 1.15933624484e-16, "var": 508.205993652}, "melbands": {"dmean": [0.000656551565044, 0.000997537979856, 0.000457652757177, 0.000270032847766, 6.19999191258e-05, 5.78810322622e-05, 0.000183738142368, 0.000122369121527, 6.04597844358e-05, 5.12002698088e-05, 4.90633829031e-05, 5.80464111408e-05, 6.84977203491e-05, 5.04889285367e-05, 6.76646450302e-05, 4.03010417358e-05, 3.95787683374e-05, 3.01493237203e-05, 2.38008797169e-05, 1.78113241418e-05, 1.12302486741e-05, 1.35270684041e-05, 1.30584467115e-05, 1.05398194137e-05, 9.71028111962e-06, 1.31189863168e-05, 1.15655875561e-05, 6.86408566253e-06, 5.18141769135e-06, 5.43799933439e-06, 3.11355756821e-06, 2.27643045037e-06, 3.21952529703e-06, 2.0933275664e-06, 1.82814562777e-06, 2.5448582619e-06, 1.81010398137e-06, 2.03844979296e-06, 1.93940059035e-06, 1.19685580557e-06], "dmean2": [0.000963689759374, 0.00162046949845, 0.00077678472735, 0.000431537395343, 9.71379486145e-05, 8.79912186065e-05, 0.000301773106912, 0.000200332608074, 9.58473101491e-05, 7.9618912423e-05, 7.86354066804e-05, 9.21638784348e-05, 0.000109801483632, 7.70920523792e-05, 0.000105873434222, 6.17738696747e-05, 6.21504950686e-05, 4.69270416943e-05, 3.69025692635e-05, 2.7890835554e-05, 1.74632987182e-05, 2.13900002564e-05, 2.01609345822e-05, 1.60497766046e-05, 1.47849832501e-05, 2.00836220756e-05, 1.813435847e-05, 1.05427170638e-05, 8.12207235867e-06, 8.64330286277e-06, 4.81259939988e-06, 3.57707745025e-06, 5.51570201424e-06, 3.53631003236e-06, 3.12984889206e-06, 4.50488414572e-06, 3.13359646498e-06, 3.42634689332e-06, 3.53310906576e-06, 2.0971547201e-06], "dvar": [1.75784032308e-06, 3.27607108375e-06, 8.87087196588e-07, 6.00138605478e-07, 1.30492168182e-08, 2.0277965973e-08, 3.91568534042e-07, 1.0843211129e-07, 1.15650484744e-08, 1.25071988322e-08, 1.10984483825e-08, 1.51495864742e-08, 2.10199448958e-08, 1.79884356299e-08, 3.03732363705e-08, 1.0151047114e-08, 8.47477021892e-09, 5.42590816721e-09, 3.12246339895e-09, 1.7641557104e-09, 7.3540296075e-10, 5.51711565322e-10, 5.7759297345e-10, 7.13088865734e-10, 4.09784040034e-10, 5.06227559871e-10, 3.35001554275e-10, 1.49229600899e-10, 8.30957663789e-11, 6.55236073732e-11, 2.286471186e-11, 1.23853982625e-11, 3.5971475798e-11, 1.50774375623e-11, 1.35925819211e-11, 3.18100788765e-11, 1.38120730131e-11, 1.67947964563e-11, 2.43555748486e-11, 6.45040488037e-12], "dvar2": [3.40564020007e-06, 8.67336257215e-06, 2.30974205806e-06, 1.41941404763e-06, 3.27414042545e-08, 4.94048144617e-08, 9.23382799556e-07, 2.67140421784e-07, 2.98830507006e-08, 2.99613951427e-08, 2.74024465341e-08, 3.65895402865e-08, 5.31983417318e-08, 4.22977848302e-08, 7.30838820573e-08, 2.30967032167e-08, 2.13949142847e-08, 1.37121514143e-08, 7.59126628225e-09, 4.16008960613e-09, 1.77470260709e-09, 1.37287237134e-09, 1.42668477032e-09, 1.68960490043e-09, 9.66082991383e-10, 1.25708832233e-09, 8.48100034645e-10, 3.6071504117e-10, 2.06908698508e-10, 1.65003510855e-10, 5.3214509188e-11, 2.87974245144e-11, 9.86557016636e-11, 4.09564569759e-11, 3.75686669274e-11, 8.97200577721e-11, 3.86347030756e-11, 4.63796397121e-11, 6.97740476507e-11, 1.79728940064e-11], "max": [0.0156067572534, 0.0212692003697, 0.0141389034688, 0.00945167709142, 0.00186304096133, 0.00275747221895, 0.00631427997723, 0.00405148882419, 0.00210627331398, 0.00260688830167, 0.00270376470871, 0.00293155619875, 0.00335345859639, 0.0038592107594, 0.00402308581397, 0.00311247468926, 0.00313213467598, 0.00189625797793, 0.00117758894339, 0.000985110527836, 0.000582518987358, 0.000433053297456, 0.000529555953108, 0.00127497373614, 0.000557887891773, 0.000399476208258, 0.000390776433051, 0.000351727911038, 0.000293366319966, 0.000146053978824, 0.000132536661113, 5.5592150602e-05, 7.18585943105e-05, 6.36750628473e-05, 5.66793460166e-05, 7.24140991224e-05, 4.80511698697e-05, 8.32501536934e-05, 6.67860877002e-05, 3.672909952e-05], "mean": [0.000975899514742, 0.00174756732304, 0.000492330698762, 0.000271192548098, 0.000121638207929, 9.32502298383e-05, 0.00015947513748, 0.000139393130667, 9.90140397334e-05, 9.24782289076e-05, 8.91792951734e-05, 0.000102283687738, 0.000139058785862, 9.46633008425e-05, 0.000122562225442, 7.89820478531e-05, 7.20924654161e-05, 5.42217821931e-05, 3.89225315303e-05, 3.48571993527e-05, 2.11494407267e-05, 2.55228369497e-05, 2.57609717664e-05, 2.14612518903e-05, 1.9722905563e-05, 2.6451454687e-05, 2.49169570452e-05, 1.4173818272e-05, 1.01874811662e-05, 1.10379332909e-05, 6.94115533406e-06, 4.63432388642e-06, 5.23615335624e-06, 3.58628312824e-06, 2.80477070191e-06, 3.10111545332e-06, 2.76997525361e-06, 3.39219377565e-06, 2.09129143514e-06, 1.51647236635e-06], "median": [0.000476943445392, 0.00110076181591, 0.000225828611292, 7.58235910325e-05, 7.68096069805e-05, 5.03754381498e-05, 1.98884863494e-05, 3.68712862837e-05, 4.54539840575e-05, 3.46158776665e-05, 3.64992083632e-05, 3.74086666852e-05, 3.78951408493e-05, 2.54582118941e-05, 2.67852610705e-05, 1.82211042556e-05, 1.95367829292e-05, 1.17656818475e-05, 1.0746445696e-05, 9.77188847173e-06, 7.91959337221e-06, 1.24809539557e-05, 1.23040599647e-05, 8.86636280484e-06, 8.83640677785e-06, 1.35069221869e-05, 1.31822562253e-05, 6.13959491602e-06, 5.17981334269e-06, 7.17085731594e-06, 4.39059112978e-06, 3.13079158332e-06, 3.64699099009e-06, 2.48465130426e-06, 1.81141285793e-06, 1.76390381057e-06, 1.89008403595e-06, 2.42377814175e-06, 1.1434665339e-06, 9.04346848074e-07], "min": [1.36714880243e-23, 5.85756911144e-24, 3.33622371909e-24, 3.92382490814e-24, 7.70864779162e-24, 1.37153376466e-23, 1.7013328433e-23, 2.52162717347e-23, 1.88825801019e-23, 7.27449345927e-24, 4.71224365683e-24, 1.42083899118e-23, 1.34622931563e-23, 1.02173950753e-23, 9.81909525997e-24, 1.00221961775e-23, 7.32168075204e-24, 1.15452294168e-23, 9.20750323307e-24, 8.72400091793e-24, 1.25912581883e-23, 7.52994081988e-24, 1.32531156432e-23, 1.25627763653e-23, 1.60050805769e-23, 1.47111278113e-23, 1.38355789812e-23, 1.02551554803e-23, 8.3076472319e-24, 9.37675965117e-24, 6.64682918028e-24, 5.50743595967e-24, 5.24248400845e-24, 1.10798582807e-23, 1.79519261821e-23, 1.47699137259e-23, 8.69148880458e-24, 9.06809652276e-24, 9.01460780908e-24, 1.35223680697e-23], "var": [2.72327383755e-06, 4.18471199737e-06, 8.02091562946e-07, 5.48159505342e-07, 2.11839736863e-08, 2.24959944006e-08, 3.41261483072e-07, 1.00633727129e-07, 2.27380319018e-08, 3.13736805424e-08, 2.55252174952e-08, 3.66470480628e-08, 5.88170543381e-08, 5.63429054523e-08, 7.07978387027e-08, 3.3437320468e-08, 2.71623381565e-08, 1.23491972204e-08, 6.15465989284e-09, 4.57037874213e-09, 1.98098293325e-09, 1.33107369571e-09, 1.47882739387e-09, 1.70081404516e-09, 1.15757758934e-09, 1.27286614582e-09, 1.02110675471e-09, 4.51843312765e-10, 2.08806763546e-10, 1.53616494525e-10, 5.87308882083e-11, 2.51124190886e-11, 3.46478436219e-11, 1.57766213288e-11, 1.22320356968e-11, 2.22204147443e-11, 1.0861458434e-11, 1.48627343072e-11, 1.49452568377e-11, 4.7063143313e-12]}, "melbands_crest": {"dmean": 3.69553184509, "dmean2": 5.88269233704, "dvar": 13.6591405869, "dvar2": 28.5754470825, "max": 37.8706321716, "mean": 14.8419895172, "median": 14.4814167023, "min": 2.31467604637, "var": 39.7641906738}, "melbands_flatness_db": {"dmean": 0.0289483461529, "dmean2": 0.044023886323, "dvar": 0.000992827233858, "dvar2": 0.00205641286448, "max": 0.393122255802, "mean": 0.1343383044, "median": 0.126181453466, "min": 0.0064005786553, "var": 0.00279569369741}, "melbands_kurtosis": {"dmean": 8.51769161224, "dmean2": 13.4900350571, "dvar": 403.881652832, "dvar2": 1020.2935791, "max": 514.601806641, "mean": 11.6441659927, "median": 3.55637598038, "min": -1.8720177412, "var": 528.674987793}, "melbands_skewness": {"dmean": 0.92989563942, "dmean2": 1.38332235813, "dvar": 1.44634139538, "dvar2": 3.11142086983, "max": 19.3182544708, "mean": 2.45522093773, "median": 1.90250408649, "min": -1.28822469711, "var": 4.02154541016}, "melbands_spread": {"dmean": 13.8507204056, "dmean2": 21.8573513031, "dvar": 280.389526367, "dvar2": 610.820861816, "max": 233.387771606, "mean": 42.707195282, "median": 40.9996414185, "min": 1.28712368011, "var": 579.011108398}, "mfcc": {"cov": [[10576.6708984, 1088.04003906, -722.235778809, 196.107467651, 9.93000888824, 78.9947814941, 180.690063477, 78.8104476929, -36.4165611267, 66.2813568115, 50.6720428467, 11.0652618408, -90.282661438], [1088.04003906, 500.738555908, 29.3475246429, 40.744052887, -8.10610198975, 40.0312042236, 45.7346839905, 35.5093421936, -3.47578191757, -18.7343673706, -9.62137985229, -2.08943963051, 5.07602787018], [-722.235778809, 29.3475246429, 905.448303223, 155.530181885, 72.5722732544, 50.1813430786, -1.55265879631, 3.10383152962, 32.7119140625, -8.43026828766, -28.5658073425, 18.895324707, 47.4563026428], [196.107467651, 40.744052887, 155.530181885, 244.3618927, 104.331596375, -13.9074649811, 1.44647669792, 17.5157203674, 28.3500728607, 44.3755531311, 20.2000732422, -4.38069629669, 1.09871518612], [9.93000888824, -8.10610198975, 72.5722732544, 104.331596375, 205.090652466, 45.1678924561, -16.6057891846, 23.166677475, 65.4496459961, 59.5376205444, 13.3400440216, -1.90726530552, 13.5881824493], [78.9947814941, 40.0312042236, 50.1813430786, -13.9074649811, 45.1678924561, 131.216018677, 83.9036636353, 30.1143474579, 29.3594703674, 15.4469175339, 9.24148750305, 11.9000921249, 3.66153597832], [180.690063477, 45.7346839905, -1.55265879631, 1.44647669792, -16.6057891846, 83.9036636353, 191.809051514, 86.4711227417, -1.30107998848, -0.728424966335, 33.9079818726, 23.3278980255, -7.24383544922], [78.8104476929, 35.5093421936, 3.10383152962, 17.5157203674, 23.166677475, 30.1143474579, 86.4711227417, 104.695022583, 39.0814170837, 12.7760419846, 21.8995170593, 16.2779521942, 8.62314987183], [-36.4165611267, -3.47578191757, 32.7119140625, 28.3500728607, 65.4496459961, 29.3594703674, -1.30107998848, 39.0814170837, 114.243209839, 63.1393623352, 4.80507326126, -4.68673419952, -0.102387242019], [66.2813568115, -18.7343673706, -8.43026828766, 44.3755531311, 59.5376205444, 15.4469175339, -0.728424966335, 12.7760419846, 63.1393623352, 95.8074417114, 41.4583778381, -0.493375986814, -10.0783414841], [50.6720428467, -9.62137985229, -28.5658073425, 20.2000732422, 13.3400440216, 9.24148750305, 33.9079818726, 21.8995170593, 4.80507326126, 41.4583778381, 89.4550857544, 40.1008682251, -11.7931690216], [11.0652618408, -2.08943963051, 18.895324707, -4.38069629669, -1.90726530552, 11.9000921249, 23.3278980255, 16.2779521942, -4.68673419952, -0.493375986814, 40.1008682251, 70.4833297729, 24.4590930939], [-90.282661438, 5.07602787018, 47.4563026428, 1.09871518612, 13.5881824493, 3.66153597832, -7.24383544922, 8.62314987183, -0.102387242019, -10.0783414841, -11.7931690216, 24.4590930939, 73.7227401733]], "icov": [[0.000143129596836, -0.00030652366695, 0.000148522449308, -0.000161846532137, 9.86362556432e-06, -4.38732313341e-05, -5.36736406502e-05, 2.21428399527e-05, 0.000154865192599, -0.000259589200141, 0.00023554181098, -0.000249389588134, 0.000180835195351], [-0.00030652366695, 0.00288708670996, -0.000222320435569, -0.000520634930581, 0.000684368249495, -0.00120131473523, 0.000637562188786, -0.00112090655603, -3.09709648718e-05, 0.00101988832466, -0.000282362219878, 0.000752545136493, -0.000451469881227], [0.000148522449308, -0.000222320435569, 0.00158523616847, -0.00142820854671, 0.000327506044414, -0.00105913740117, 0.000267984694801, 0.000259101449046, -0.000398173229769, 0.000495576532558, 0.000726326426957, -0.000815953710116, -0.00035960302921], [-0.000161846532137, -0.000520634930581, -0.00142820854671, 0.00760317547247, -0.00423935661092, 0.00452196691185, -0.00246538734064, 0.000792357779574, 0.000469083985081, -0.00173593463842, -0.000955474795774, 0.00115005695261, 9.44916027947e-05], [9.86362556432e-06, 0.000684368249495, 0.000327506044414, -0.00423935661092, 0.0100698946044, -0.00616006646305, 0.00484986649826, -0.00343532674015, -0.000666861538775, -0.00230941851623, -0.000105777558929, 0.000655600044411, -0.00140547193587], [-4.38732313341e-05, -0.00120131473523, -0.00105913740117, 0.00452196691185, -0.00616006646305, 0.0175833310932, -0.0111079877242, 0.00693051563576, -0.00456493254751, 0.000248670752626, 0.000674816372339, -0.00102866161615, -0.000519741210155], [-5.36736406502e-05, 0.000637562188786, 0.000267984694801, -0.00246538734064, 0.00484986649826, -0.0111079877242, 0.0170111767948, -0.0137958526611, 0.00630603963509, -0.00136233074591, -0.00105856359005, -0.000495975196827, 0.00251527992077], [2.21428399527e-05, -0.00112090655603, 0.000259101449046, 0.000792357779574, -0.00343532674015, 0.00693051563576, -0.0137958526611, 0.0248731542379, -0.0122226476669, 0.00664112111554, -0.00463047809899, 0.000817345280666, -0.00417121639475], [0.000154865192599, -3.09709648718e-05, -0.000398173229769, 0.000469083985081, -0.000666861538775, -0.00456493254751, 0.00630603963509, -0.0122226476669, 0.0231724847108, -0.0164236463606, 0.00908261723816, -0.00323702511378, 0.00315384403802], [-0.000259589200141, 0.00101988832466, 0.000495576532558, -0.00173593463842, -0.00230941851623, 0.000248670752626, -0.00136233074591, 0.00664112111554, -0.0164236463606, 0.0302280336618, -0.0172785520554, 0.00851534400135, -0.00265819625929], [0.00023554181098, -0.000282362219878, 0.000726326426957, -0.000955474795774, -0.000105777558929, 0.000674816372339, -0.00105856359005, -0.00463047809899, 0.00908261723816, -0.0172785520554, 0.03002130799, -0.0186938475817, 0.00893318746239], [-0.000249389588134, 0.000752545136493, -0.000815953710116, 0.00115005695261, 0.000655600044411, -0.00102866161615, -0.000495975196827, 0.000817345280666, -0.00323702511378, 0.00851534400135, -0.0186938475817, 0.0292060840875, -0.0115837343037], [0.000180835195351, -0.000451469881227, -0.00035960302921, 9.44916027947e-05, -0.00140547193587, -0.000519741210155, 0.00251527992077, -0.00417121639475, 0.00315384403802, -0.00265819625929, 0.00893318746239, -0.0115837343037, 0.0199800040573]], "mean": [-633.471862793, 72.4582977295, 3.6863284111, 18.0863952637, 1.08663582802, 10.1310691833, 13.2288036346, 7.73119401932, 2.67703151703, 5.12633943558, 1.22252058983, 1.87723243237, -1.24227464199]}, "pitch_salience": {"dmean": 0.074946783483, "dmean2": 0.117927163839, "dvar": 0.0049164253287, "dvar2": 0.0110641233623, "max": 0.95852959156, "mean": 0.510896921158, "median": 0.51375836134, "min": 0.102028556168, "var": 0.0137254223228}, "silence_rate_20dB": {"dmean": 0, "dmean2": 0, "dvar": 0, "dvar2": 0, "max": 1, "mean": 1, "median": 1, "min": 1, "var": 0}, "silence_rate_30dB": {"dmean": 0, "dmean2": 0, "dvar": 0, "dvar2": 0, "max": 1, "mean": 1, "median": 1, "min": 1, "var": 0}, "silence_rate_60dB": {"dmean": 0.0525252521038, "dmean2": 0.105068191886, "dvar": 0.0497657693923, "dvar2": 0.107839077711, "max": 1, "mean": 0.115132130682, "median": 0, "min": 0, "var": 0.101875759661}, "spectral_centroid": {"dmean": 346.625488281, "dmean2": 540.247009277, "dvar": 158485.125, "dvar2": 360879, "max": 11020.96875, "mean": 2276.06958008, "median": 2334.94555664, "min": 265.280639648, "var": 361401.8125}, "spectral_complexity": {"dmean": 4.23703718185, "dmean2": 5.68142795563, "dvar": 19.7378635406, "dvar2": 31.8955059052, "max": 64, "mean": 21.2423839569, "median": 21, "min": 0, "var": 165.657226562}, "spectral_contrast_coeffs": {"dmean": [0.0532522909343, 0.045376945287, 0.0389007925987, 0.0317477993667, 0.023429678753, 0.0209667421877], "dmean2": [0.0845290571451, 0.0742312073708, 0.062368735671, 0.0499796383083, 0.037032853812, 0.0341200567782], "dvar": [0.00216611055657, 0.0014019991504, 0.00104005972389, 0.000684199098032, 0.000363494444173, 0.000416591443354], "dvar2": [0.00537962839007, 0.00362698291428, 0.00252649211325, 0.00154885044321, 0.000853961741086, 0.00106471264735], "max": [-0.304044663906, -0.484066516161, -0.5053794384, -0.548501074314, -0.61735022068, -0.631142020226], "mean": [-0.676634132862, -0.755779504776, -0.754881680012, -0.761058449745, -0.775489032269, -0.754509031773], "median": [-0.680681288242, -0.756398439407, -0.754803240299, -0.759354352951, -0.776306986809, -0.751426398754], "min": [-0.970996797085, -0.997458636761, -0.961229026318, -0.963447928429, -0.954505681992, -0.959171116352], "var": [0.00686941109598, 0.00443269638345, 0.00485503999516, 0.00391118321568, 0.00205064867623, 0.00149281311315]}, "spectral_contrast_valleys": {"dmean": [0.510693967342, 0.381458848715, 0.337616115808, 0.295350342989, 0.257607787848, 0.342373579741], "dmean2": [0.766911327839, 0.579494893551, 0.523792862892, 0.43014600873, 0.354763180017, 0.535326957703], "dvar": [0.238068878651, 0.135578081012, 0.118240274489, 0.0950954332948, 0.0834148451686, 0.187770277262], "dvar2": [0.447508364916, 0.245619893074, 0.210480049253, 0.165124058723, 0.131522879004, 0.44677323103], "max": [-5.62277984619, -4.76782655716, -5.36842727661, -5.34818553925, -5.3525390625, -7.4867515564], "mean": [-7.79423570633, -7.33896160126, -7.65493869781, -7.8582701683, -7.42498636246, -9.56503295898], "median": [-7.48017311096, -7.15946531296, -7.47471570969, -7.6454334259, -7.18494176865, -9.43345546722], "min": [-27.155292511, -27.3367881775, -27.4303092957, -27.0917778015, -27.3887958527, -27.2237377167], "var": [2.26503872871, 2.06609582901, 2.10847854614, 2.05356454849, 2.02385902405, 1.60329341888]}, "spectral_decrease": {"dmean": 1.80201475963e-09, "dmean2": 2.67089306227e-09, "dvar": 6.76200422504e-18, "dvar2": 1.4903096375e-17, "max": -9.66359965388e-29, "mean": -4.70014738241e-09, "median": -3.82802411991e-09, "min": -2.51304452803e-08, "var": 1.55288998675e-17}, "spectral_energy": {"dmean": 0.0073507251218, "dmean2": 0.0107954414561, "dvar": 0.000106605679321, "dvar2": 0.000232456630329, "max": 0.102866232395, "mean": 0.0202040206641, "median": 0.0167033188045, "min": 1.08802499092e-20, "var": 0.000270553369774}, "spectral_energyband_high": {"dmean": 0.000786582706496, "dmean2": 0.00126365351025, "dvar": 1.50587618464e-06, "dvar2": 3.90926470573e-06, "max": 0.0151539901271, "mean": 0.00167080271058, "median": 0.00126840278972, "min": 7.85150951706e-21, "var": 2.27671375796e-06}, "spectral_energyband_low": {"dmean": 0.00403312081471, "dmean2": 0.00625477731228, "dvar": 4.8716134188e-05, "dvar2": 0.000107263869722, "max": 0.0715618133545, "mean": 0.00742783211172, "median": 0.00528249470517, "min": 6.56689406253e-23, "var": 8.25002498459e-05}, "spectral_energyband_middle_high": {"dmean": 0.00187946052756, "dmean2": 0.00261715054512, "dvar": 6.82218569636e-06, "dvar2": 1.43992410813e-05, "max": 0.0692105516791, "mean": 0.00696641532704, "median": 0.00464185327291, "min": 1.74796854559e-21, "var": 6.64509716444e-05}, "spectral_energyband_middle_low": {"dmean": 0.00324872182682, "dmean2": 0.00520335091278, "dvar": 6.20006539975e-05, "dvar2": 0.00014394124446, "max": 0.0688124969602, "mean": 0.00455097248778, "median": 0.00237990659662, "min": 3.68061344282e-22, "var": 6.3529725594e-05}, "spectral_entropy": {"dmean": 0.132967635989, "dmean2": 0.206733867526, "dvar": 0.0185493417084, "dvar2": 0.0477102473378, "max": 9.79497909546, "mean": 8.04330348969, "median": 8.02921867371, "min": 6.8423037529, "var": 0.0526169389486}, "spectral_flux": {"dmean": 0.0255133993924, "dmean2": 0.0405917093158, "dvar": 0.000816165294964, "dvar2": 0.00187319866382, "max": 0.264313340187, "mean": 0.0792312771082, "median": 0.072974935174, "min": 1.04308436888e-10, "var": 0.0020547057502}, "spectral_kurtosis": {"dmean": 0.771986603737, "dmean2": 1.21083390713, "dvar": 0.610970556736, "dvar2": 1.50029873848, "max": 11.31894207, "mean": 2.88009428978, "median": 2.78650283813, "min": -1.18153190613, "var": 2.09804081917}, "spectral_rms": {"dmean": 0.000777101784479, "dmean2": 0.00108887802344, "dvar": 8.96994947652e-07, "dvar2": 1.72236252638e-06, "max": 0.0100178485736, "mean": 0.00402203854173, "median": 0.00403682049364, "min": 3.25804812816e-12, "var": 3.53439691025e-06}, "spectral_rolloff": {"dmean": 1312.55871582, "dmean2": 2179.15014648, "dvar": 3246488.25, "dvar2": 7614333.5, "max": 18044.8242188, "mean": 3096.23803711, "median": 2820.84960938, "min": 21.533203125, "var": 5111276.5}, "spectral_skewness": {"dmean": 0.140592291951, "dmean2": 0.22983828187, "dvar": 0.021737203002, "dvar2": 0.0560035444796, "max": 2.64494109154, "mean": 1.29817688465, "median": 1.3254660368, "min": 0.0049784835428, "var": 0.0550248995423}, "spectral_spread": {"dmean": 789862.75, "dmean2": 1176589.5, "dvar": 921460211712, "dvar2": 1916645670910.0, "max": 39667752, "mean": 6222132, "median": 5948972, "min": 2516510, "var": 3299366141950.0}, "spectral_strongpeak": {"dmean": 0.518397331238, "dmean2": 0.91631346941, "dvar": 0.877394795418, "dvar2": 2.22231888771, "max": 8.84881019592, "mean": 0.7430