{"lowlevel": {"average_loudness": 0.872612893581, "barkbands": {"dmean": [5.75261447011e-06, 0.00108979514334, 0.000887241156306, 0.000654726522043, 0.000728355371393, 0.00099515391048, 0.00142453983426, 0.00136222818401, 0.00163841247559, 0.000663597835228, 0.000326117500663, 0.000574819801841, 0.00066646351479, 0.000319069309626, 0.000182269999641, 0.000161498770467, 0.000154412322445, 7.43557829992e-05, 0.000155298956088, 6.33696035948e-05, 2.68654439424e-05, 2.43706363108e-05, 1.74001397681e-05, 1.72703057615e-05, 6.89979469826e-06, 1.02854130546e-06, 1.26209897644e-07], "dmean2": [9.10662583919e-06, 0.00164774688892, 0.00134570663795, 0.00107737560757, 0.00118173041847, 0.00159021990839, 0.00223457859829, 0.00207866216078, 0.00241361628287, 0.000967053754721, 0.000483687035739, 0.000826688075904, 0.000931170128752, 0.000466476689326, 0.000268408184638, 0.000240052584559, 0.000229463694268, 0.0001179003375, 0.000215519816265, 9.87759121927e-05, 4.20793876401e-05, 3.88701701013e-05, 2.74828453257e-05, 2.87420843961e-05, 1.08641434053e-05, 1.67734526713e-06, 1.99613126028e-07], "dvar": [4.3074654954e-09, 6.21965682512e-06, 4.22240646003e-06, 1.15979423754e-06, 1.94732979253e-06, 3.8462012526e-06, 9.66554944171e-06, 9.78542357188e-06, 1.35541285999e-05, 3.01199702335e-06, 6.69949258736e-07, 2.20867173084e-06, 3.30939087689e-06, 7.01996555108e-07, 3.15649742788e-07, 2.37871176978e-07, 8.57135304955e-08, 1.39708955516e-08, 8.07116862234e-08, 1.36549251906e-08, 2.60718890921e-09, 2.58112797802e-09, 1.83991100133e-09, 1.35884692387e-09, 3.35154293207e-10, 1.14343369842e-11, 1.50279162487e-13], "dvar2": [9.59482715501e-09, 1.41576892929e-05, 9.1586553026e-06, 3.25487758346e-06, 4.9831492106e-06, 9.01404109754e-06, 2.19240046135e-05, 2.12712529901e-05, 2.7042138754e-05, 5.88735110796e-06, 1.27256510041e-06, 4.40880603492e-06, 6.26848668617e-06, 1.41145426369e-06, 5.81906419939e-07, 4.61597238655e-07, 1.75719364393e-07, 3.3009015965e-08, 1.52123490693e-07, 3.11779118078e-08, 6.22495033298e-09, 6.45133413357e-09, 4.02981115144e-09, 3.29140337207e-09, 6.91116719409e-10, 2.98923004405e-11, 3.75911405953e-13], "max": [0.00330995256081, 0.0256858151406, 0.0221805106848, 0.0223447196186, 0.0390065349638, 0.0526382885873, 0.0672909021378, 0.0426097549498, 0.0634769573808, 0.0363227128983, 0.0279926322401, 0.0368287973106, 0.0497072190046, 0.0176271889359, 0.0174712892622, 0.0148414224386, 0.00963747408241, 0.00297718541697, 0.00645962962881, 0.00281068566255, 0.000849697506055, 0.00104540702887, 0.000952730886638, 0.000906822504476, 0.000725418620277, 5.82205357205e-05, 7.52979894969e-06], "mean": [4.97341852679e-06, 0.00192416552454, 0.00130228803027, 0.000971700705122, 0.00129334314261, 0.00174694042653, 0.00227739964612, 0.00208403659053, 0.00289643276483, 0.00107797293458, 0.00055199599592, 0.000954918912612, 0.00118003773969, 0.000492083665449, 0.000272428675089, 0.000330982467858, 0.00034167341073, 0.000139071198646, 0.000347428984242, 0.000110677057819, 3.59353689419e-05, 2.82877699647e-05, 1.85474600585e-05, 1.59073333634e-05, 7.4765307545e-06, 1.074431907e-06, 1.81212882921e-07], "median": [5.18287379236e-07, 0.000293827906717, 0.000307405774947, 0.000520835223142, 0.000695644237567, 0.000663889630232, 0.000524232164025, 0.00042556511471, 0.000453495769762, 0.000213154387893, 0.000137224138598, 0.000178337271791, 0.000161382282386, 0.00011048847955, 5.82677712373e-05, 6.63424725644e-05, 0.000119412492495, 7.88248726167e-05, 0.000111400804599, 3.79708180844e-05, 1.46196925925e-05, 9.4329334388e-06, 3.66043741451e-06, 2.86968906948e-06, 1.42495298405e-06, 2.32303548842e-07, 7.51557038825e-08], "min": [4.7474009194e-25, 3.78961481905e-24, 4.77127727381e-25, 1.72970335801e-24, 5.39763638243e-24, 6.42828986042e-24, 7.89689682488e-24, 6.91294509577e-24, 2.01635135071e-23, 8.59364875309e-24, 9.11094744713e-24, 1.76261613381e-23, 4.41106658175e-23, 3.12782276069e-23, 5.62656933915e-23, 6.01987897819e-23, 8.02259928577e-23, 9.17659550503e-23, 1.33393905205e-22, 1.59373922091e-22, 2.36831341338e-22, 2.90864350108e-22, 4.30768238426e-22, 5.52455977912e-22, 8.79023390041e-22, 1.36750050186e-21, 1.89421654166e-21], "var": [4.57577220558e-09, 1.19487494885e-05, 7.67604615248e-06, 1.67181531197e-06, 4.05167202189e-06, 9.73788974079e-06, 2.6334733775e-05, 2.01000839297e-05, 4.02535006288e-05, 7.58880696594e-06, 1.9512997369e-06, 5.83446581004e-06, 1.01916002677e-05, 1.51224276124e-06, 6.99426436768e-07, 9.93523485704e-07, 4.18873355557e-07, 3.22679944986e-08, 2.74295189229e-07, 3.93548162947e-08, 3.39856809362e-09, 2.81901768595e-09, 2.79430456551e-09, 1.52321188995e-09, 5.63301072454e-10, 1.00281475832e-11, 1.71035508347e-13]}, "barkbands_crest": {"dmean": 2.41536355019, "dmean2": 3.85108327866, "dvar": 4.44269752502, "dvar2": 10.3614864349, "max": 24.7366523743, "mean": 9.45945644379, "median": 8.63754844666, "min": 2.53080797195, "var": 15.1654338837}, "barkbands_flatness_db": {"dmean": 0.0236971732229, "dmean2": 0.0342951379716, "dvar": 0.000517263135407, "dvar2": 0.0009560676408, "max": 0.314718842506, "mean": 0.162461787462, "median": 0.167447537184, "min": 0.026670044288, "var": 0.00257498817518}, "barkbands_kurtosis": {"dmean": 1.92781567574, "dmean2": 3.01570010185, "dvar": 16.6114902496, "dvar2": 45.5540313721, "max": 138.194412231, "mean": 2.54200983047, "median": 1.27127218246, "min": -1.89738476276, "var": 30.1141796112}, "barkbands_skewness": {"dmean": 0.443903118372, "dmean2": 0.680378913879, "dvar": 0.208025932312, "dvar2": 0.487320661545, "max": 10.9781675339, "mean": 1.13993632793, "median": 1.04501497746, "min": -4.49284410477, "var": 1.01809120178}, "barkbands_spread": {"dmean": 4.33955717087, "dmean2": 6.57095527649, "dvar": 31.2960586548, "dvar2": 67.2664108276, "max": 148.552642822, "mean": 17.1126880646, "median": 14.8635501862, "min": 1.92636692524, "var": 118.783187866}, "dissonance": {"dmean": 0.0241352394223, "dmean2": 0.0402739830315, "dvar": 0.000563901034184, "dvar2": 0.00151628896128, "max": 0.5, "mean": 0.451411306858, "median": 0.460886955261, "min": 0.235014736652, "var": 0.00135093729477}, "dynamic_complexity": 4.43672466278, "erbbands": {"dmean": [0.0122457779944, 0.310333281755, 1.08286714554, 1.3587025404, 2.94872999191, 2.00910639763, 3.32452964783, 10.3338108063, 17.6378307343, 22.109336853, 31.7706623077, 39.9050559998, 24.6277446747, 14.6475772858, 11.4683532715, 24.1474342346, 30.0490245819, 18.6889839172, 9.807472229, 8.57186985016, 8.08720397949, 7.7102432251, 4.13482046127, 5.77152299881, 7.13277244568, 2.71849393845, 1.33891427517, 0.96919298172, 0.884898245335, 0.668604910374, 0.487742275, 0.368418574333, 0.279958218336, 0.112312883139, 0.034185513854, 0.00705330213532, 0.00159697979689, 0.000249310542131, 2.34100007219e-05, 8.35613991512e-06], "dmean2": [0.0180053077638, 0.469965755939, 1.63620567322, 2.14830636978, 4.88536024094, 3.23913311958, 5.14617586136, 16.5641040802, 27.7945728302, 34.1212615967, 48.0596237183, 58.4982032776, 35.0089149475, 21.2442131042, 16.6017036438, 34.0627174377, 41.2279167175, 25.2250289917, 13.768611908, 12.3134651184, 11.8170213699, 11.2457294464, 6.39268302917, 8.19853401184, 9.79157352448, 4.15713310242, 2.14168977737, 1.51388967037, 1.41326570511, 1.06780457497, 0.774610221386, 0.601350426674, 0.472457408905, 0.184200972319, 0.0504609756172, 0.0109642148018, 0.00266246125102, 0.000411848974181, 3.58743418474e-05, 1.17590352602e-05], "dvar": [0.000926657754462, 0.508202016354, 6.66811323166, 4.07574605942, 39.4852180481, 14.7485876083, 29.2289600372, 488.880981445, 1586.37817383, 2247.33056641, 5407.35693359, 9526.65722656, 3838.50537109, 1041.32446289, 782.036437988, 4052.83740234, 7504.32373047, 2336.48901367, 634.929260254, 824.45916748, 390.892303467, 166.266540527, 43.5434761047, 138.635147095, 147.291488647, 23.3794670105, 7.33531665802, 3.65895056725, 3.48280286789, 2.18546843529, 1.45588600636, 0.638823866844, 0.368878573179, 0.0774952620268, 0.0111328028142, 0.000452005973784, 3.39813195751e-05, 8.2616685404e-07, 4.22167367731e-09, 1.10662867758e-10], "dvar2": [0.00193141808268, 1.16549801826, 14.9524612427, 10.4117918015, 102.842071533, 37.8254356384, 71.4154129028, 1149.46154785, 3610.82861328, 4781.90429688, 12149.9482422, 19519.578125, 7082.10205078, 2163.99707031, 1400.45166016, 7860.61083984, 14772.1972656, 4329.19677734, 1229.765625, 1486.44995117, 800.626647949, 350.159484863, 100.043579102, 295.821716309, 253.049880981, 55.3148841858, 18.5956859589, 8.70484924316, 8.74105930328, 5.22268819809, 3.16578817368, 1.51052772999, 0.91205227375, 0.174596071243, 0.0213021785021, 0.00107346149161, 9.15907803574e-05, 2.20649167204e-06, 1.0368024661e-08, 2.21701532133e-10], "max": [1.2241153717, 7.14191961288, 29.9909954071, 32.3066177368, 199.37008667, 104.040214539, 82.3673858643, 630.548461914, 940.044555664, 733.436462402, 1315.08642578, 1867.22912598, 1354.53515625, 750.685302734, 1077.89758301, 1437.30529785, 2774.20800781, 944.698852539, 609.749389648, 1201.26965332, 596.288330078, 485.152740479, 190.915740967, 346.109161377, 210.364334106, 102.244750977, 32.7149581909, 40.7116394043, 37.6408119202, 35.2191619873, 30.9099845886, 20.5645217896, 13.1047115326, 9.04687309265, 4.90312814713, 0.487833380699, 0.117849320173, 0.019660461694, 0.00135771592613, 0.000138046074426], "mean": [0.0222380459309, 0.546931028366, 1.67712473869, 2.27781200409, 4.53214931488, 3.72579789162, 6.39239263535, 17.4551181793, 29.6915893555, 35.3692321777, 52.203250885, 69.6630325317, 46.2340278625, 26.7988510132, 21.3087081909, 42.4846725464, 55.9430084229, 34.0536079407, 17.2764492035, 15.6155662537, 19.152053833, 18.8884906769, 8.87380504608, 12.2085790634, 16.6376285553, 5.04384183884, 1.75513613224, 1.3170542717, 1.05169773102, 0.732581615448, 0.51538079977, 0.359548032284, 0.246577173471, 0.107532948256, 0.0416610464454, 0.00809430237859, 0.00162575358991, 0.000274897232885, 4.12672343373e-05, 2.59694243141e-05], "median": [0.00344942579977, 0.0917717516422, 0.415196269751, 1.380671978, 2.31676197052, 1.88980185986, 3.0194735527, 5.89207601547, 8.14214420319, 10.5015621185, 11.0523309708, 11.277015686, 8.68953800201, 6.18579721451, 5.23041772842, 7.89400672913, 7.60296487808, 7.19597768784, 4.8316655159, 3.47307825089, 4.38061237335, 6.83880233765, 4.93762636185, 5.37301206589, 4.71971750259, 1.92105782032, 0.735894620419, 0.55398952961, 0.374128520489, 0.189844280481, 0.0987389907241, 0.0713783800602, 0.0358104743063, 0.0188132431358, 0.00752160325646, 0.00163397926372, 0.000373933609808, 8.54837126099e-05, 2.35514071392e-05, 1.83765987458e-05], "min": [6.58602173067e-23, 4.56734914097e-22, 3.17868788077e-21, 4.98122025648e-21, 1.96072178213e-20, 1.70316681995e-20, 3.67942861161e-20, 7.9425468827e-20, 1.66981980904e-19, 2.48417925134e-19, 2.64006143778e-19, 4.74611885354e-19, 3.60051041129e-19, 4.79729134816e-19, 7.67073946932e-19, 9.5000400882e-19, 2.04595969403e-18, 1.73941214248e-18, 3.07556670531e-18, 3.2852693983e-18, 4.24555867426e-18, 4.80479728843e-18, 5.42900473587e-18, 7.56517219801e-18, 8.31125767767e-18, 7.70424111131e-18, 7.75916176808e-18, 1.12537550107e-17, 9.41025976567e-18, 9.96067567143e-18, 1.28746824226e-17, 1.07548418514e-17, 1.08804558448e-17, 9.09626696823e-18, 6.61489552978e-18, 4.61875692404e-18, 2.4361349987e-18, 1.08514991467e-18, 2.56478334915e-19, 2.85290457366e-20], "var": [0.00189140846487, 0.947320878506, 11.468952179, 6.92884874344, 56.600982666, 44.5965995789, 80.1876983643, 1195.72167969, 4261.66894531, 5169.21191406, 11575.0615234, 26413.3320312, 11882.015625, 3347.29956055, 2313.26660156, 11466.5908203, 22698.6054688, 6268.49511719, 1603.1451416, 2559.21679688, 2394.95556641, 1146.83850098, 126.477241516, 321.756744385, 662.742553711, 68.5982666016, 8.52469444275, 4.6430978775, 3.74423503876, 2.80097842216, 2.19151258469, 0.797259271145, 0.387623369694, 0.10740505904, 0.0209906995296, 0.000564028101508, 2.64714690275e-05, 6.67272274768e-07, 5.27601740075e-09, 5.11106990064e-10]}, "erbbands_crest": {"dmean": 2.60066318512, "dmean2": 4.17124414444, "dvar": 5.48868083954, "dvar2": 13.9294872284, "max": 28.1526279449, "mean": 9.48026371002, "median": 8.76924228668, "min": 2.23975801468, "var": 17.5099506378}, "erbbands_flatness_db": {"dmean": 0.0221208930016, "dmean2": 0.0314144343138, "dvar": 0.000442496995674, "dvar2": 0.00081469072029, "max": 0.343786627054, "mean": 0.203293845057, "median": 0.20519195497, "min": 0.0180058665574, "var": 0.00294430973008}, "erbbands_kurtosis": {"dmean": 0.751524329185, "dmean2": 1.17529010773, "dvar": 0.836902141571, "dvar2": 1.90828299522, "max": 22.1707553864, "mean": 0.415316164494, "median": -0.160195827484, "min": -1.75525200367, "var": 3.39661765099}, "erbbands_skewness": {"dmean": 0.340701013803, "dmean2": 0.522186398506, "dvar": 0.0807912275195, "dvar2": 0.191905021667, "max": 3.63378119469, "mean": 0.392275243998, "median": 0.38468927145, "min": -2.64109635353, "var": 0.49930331111}, "erbbands_spread": {"dmean": 5.96606636047, "dmean2": 9.12837982178, "dvar": 42.8760490417, "dvar2": 96.134552002, "max": 106.581825256, "mean": 29.0694503784, "median": 28.1413383484, "min": 4.29980516434, "var": 188.554992676}, "gfcc": {"cov": [[24189.6972656, 1789.64538574, -3219.17285156, 653.239746094, -1289.40405273, -36.2967224121, -711.903564453, 222.243591309, -286.316894531, -52.8803405762, -106.554489136, -320.049285889, -223.401168823], [1789.64538574, 1424.23327637, -292.978973389, -202.874069214, 242.951568604, -222.090270996, 167.833602905, -2.55226707458, 76.6661071777, -79.2602539062, 124.173423767, -32.039691925, -55.5209083557], [-3219.17285156, -292.978973389, 877.006591797, 129.222305298, 172.836502075, 166.767440796, 85.2813720703, 14.5269412994, 58.4950561523, 73.7098846436, 12.0553236008, 95.4342422485, 54.9421768188], [653.239746094, -202.874069214, 129.222305298, 464.878082275, 39.2201194763, 73.2530136108, -134.267807007, 4.04236412048, 44.0891990662, 74.112449646, -55.6490898132, 12.1303386688, 91.7347183228], [-1289.40405273, 242.951568604, 172.836502075, 39.2201194763, 432.355255127, -33.3478660583, 74.0339736938, -8.80306434631, 101.793106079, 75.9350891113, 28.9019184113, -0.837512910366, 28.5884647369], [-36.2967224121, -222.090270996, 166.767440796, 73.2530136108, -33.3478660583, 318.045410156, 97.6454162598, 44.2163658142, -9.23295021057, 53.8425483704, 2.14301419258, 8.52177524567, -9.70793056488], [-711.903564453, 167.833602905, 85.2813720703, -134.267807007, 74.0339736938, 97.6454162598, 370.161621094, 117.42779541, 14.1042852402, -50.0062942505, 56.3397865295, 16.4714450836, -45.5123405457], [222.243591309, -2.55226707458, 14.5269412994, 4.04236412048, -8.80306434631, 44.2163658142, 117.42779541, 152.889785767, 34.4032859802, -7.26231575012, 20.1498584747, 1.05565941334, -16.9014110565], [-286.316894531, 76.6661071777, 58.4950561523, 44.0891990662, 101.793106079, -9.23295021057, 14.1042852402, 34.4032859802, 150.730148315, 59.6939620972, 34.6027793884, -18.0400714874, 19.6168556213], [-52.8803405762, -79.2602539062, 73.7098846436, 74.112449646, 75.9350891113, 53.8425483704, -50.0062942505, -7.26231575012, 59.6939620972, 149.21963501, 12.0180215836, -7.95592308044, 8.24414634705], [-106.554489136, 124.173423767, 12.0553236008, -55.6490898132, 28.9019184113, 2.14301419258, 56.3397865295, 20.1498584747, 34.6027793884, 12.0180215836, 119.373718262, 11.9872283936, -23.4530982971], [-320.049285889, -32.039691925, 95.4342422485, 12.1303386688, -0.837512910366, 8.52177524567, 16.4714450836, 1.05565941334, -18.0400714874, -7.95592308044, 11.9872283936, 79.5057678223, 22.4431419373], [-223.401168823, -55.5209083557, 54.9421768188, 91.7347183228, 28.5884647369, -9.70793056488, -45.5123405457, -16.9014110565, 19.6168556213, 8.24414634705, -23.4530982971, 22.4431419373, 93.4769515991]], "icov": [[0.000330341281369, -0.000711979751941, 0.00102159241214, -0.000834661885165, 0.000808162323665, -0.00065162521787, 0.000666939537041, -0.000964348902926, 0.000507756369188, -0.000611413095612, 0.000238264925429, -0.00022070867999, 0.00048091361532], [-0.000711979751941, 0.00273906602524, -0.00174986338243, 0.00177984079346, -0.00243634590879, 0.00192425632849, -0.00195727054961, 0.00256026443094, -0.00157439080067, 0.0019919949118, -0.00134048273321, 0.000425942998845, -0.000621813116595], [0.00102159241214, -0.00174986338243, 0.00506164133549, -0.00274911220185, 0.00166755740065, -0.00269276276231, 0.00171434192453, -0.00252494891174, 0.000769120408222, -0.00173212436493, 0.000743559328839, -0.00281803356484, 0.0015680155484], [-0.000834661885165, 0.00177984079346, -0.00274911220185, 0.00572883337736, -0.00244386587292, 0.000495617336128, 2.39465061895e-05, 0.0010167749133, -0.00164989731275, 0.00114535889588, 0.000340969359968, 0.000424959638622, -0.00372071936727], [0.000808162323665, -0.00243634590879, 0.00166755740065, -0.00244386587292, 0.00611550128087, -0.00048195393174, 1.07905443656e-05, -0.00115392974112, 0.000191824117792, -0.00377206364647, 0.00102410989348, 0.000204724477953, 0.000278991094092], [-0.00065162521787, 0.00192425632849, -0.00269276276231, 0.000495617336128, -0.00048195393174, 0.00677660852671, -0.0039176014252, 0.00213921745308, 0.000323448242852, -0.0014894111082, -0.000793280778453, 0.00154410733376, -0.0004938148777], [0.000666939537041, -0.00195727054961, 0.00171434192453, 2.39465061895e-05, 1.07905443656e-05, -0.0039176014252, 0.00788916088641, -0.00603514770046, 0.00102942367084, 0.00153135065921, -0.000153687593411, -0.00136331026442, 0.0016776798293], [-0.000964348902926, 0.00256026443094, -0.00252494891174, 0.0010167749133, -0.00115392974112, 0.00213921745308, -0.00603514770046, 0.0134725412354, -0.00479967007414, 0.00216275965795, -0.000721830467228, -2.59216503764e-05, 0.000416453491198], [0.000507756369188, -0.00157439080067, 0.000769120408222, -0.00164989731275, 0.000191824117792, 0.000323448242852, 0.00102942367084, -0.00479967007414, 0.0129253426567, -0.0048813088797, -0.00274154660292, 0.00424188189209, -0.00293449312449], [-0.000611413095612, 0.0019919949118, -0.00173212436493, 0.00114535889588, -0.00377206364647, -0.0014894111082, 0.00153135065921, 0.00216275965795, -0.0048813088797, 0.0129399159923, -0.00172902480699, 0.000138174960739, 0.00116774486378], [0.000238264925429, -0.00134048273321, 0.000743559328839, 0.000340969359968, 0.00102410989348, -0.000793280778453, -0.000153687593411, -0.000721830467228, -0.00274154660292, -0.00172902480699, 0.011985912919, -0.00385472201742, 0.00306121003814], [-0.00022070867999, 0.000425942998845, -0.00281803356484, 0.000424959638622, 0.000204724477953, 0.00154410733376, -0.00136331026442, -2.59216503764e-05, 0.00424188189209, 0.000138174960739, -0.00385472201742, 0.0185277983546, -0.00592380668968], [0.00048091361532, -0.000621813116595, 0.0015680155484, -0.00372071936727, 0.000278991094092, -0.0004938148777, 0.0016776798293, 0.000416453491198, -0.00293449312449, 0.00116774486378, 0.00306121003814, -0.00592380668968, 0.0176662597805]], "mean": [-70.1284561157, 126.359138489, -139.024047852, 19.083568573, -55.8931274414, -3.27537536621, -31.2255268097, 6.07166481018, -20.5642127991, -5.53109884262, -7.42689466476, -10.6901702881, -14.7088184357]}, "hfc": {"dmean": 4.88382482529, "dmean2": 6.52274131775, "dvar": 44.4540138245, "dvar2": 77.9933624268, "max": 111.639572144, "mean": 15.2747402191, "median": 8.38790798187, "min": 1.08792699987e-16, "var": 257.593383789}, "melbands": {"dmean": [0.00020780255727, 0.000517183565535, 0.00028688061866, 0.000178291928023, 0.000104801270936, 0.000223621405894, 0.000280155334622, 0.000247719581239, 0.000279158441117, 0.000252467463724, 0.000122997531435, 6.27155168331e-05, 4.02585064876e-05, 5.27834417881e-05, 7.01834651409e-05, 6.97451177984e-05, 3.46293163602e-05, 1.78254686034e-05, 1.42589051393e-05, 1.11771651063e-05, 1.03854772533e-05, 9.62022386375e-06, 4.7222520152e-06, 3.35278377861e-06, 4.98793815495e-06, 6.88681166139e-06, 3.51860035153e-06, 1.51947654103e-06, 9.44202042774e-07, 6.53156689623e-07, 5.4335941968e-07, 5.05013190377e-07, 4.80597577734e-07, 3.40868041349e-07, 2.92377706046e-07, 2.47032886591e-07, 2.16841854694e-07, 2.06854423368e-07, 1.53845135742e-07, 7.7849492186e-08], "dmean2": [0.000309458206175, 0.000773207575548, 0.00046014538384, 0.000292262993753, 0.000162229640409, 0.000357846147381, 0.000442578399088, 0.000379302335205, 0.000419851130573, 0.000366279855371, 0.000176230736542, 9.23350380617e-05, 5.90135423408e-05, 7.58089736337e-05, 9.83027057373e-05, 9.33792252908e-05, 4.89378799102e-05, 2.57110150415e-05, 2.1062869564e-05, 1.63138829521e-05, 1.53973760462e-05, 1.42449298437e-05, 7.14926045475e-06, 5.37444429938e-06, 7.21336391507e-06, 9.46186628425e-06, 5.10745940119e-06, 2.41779730459e-06, 1.5547525436e-06, 1.03240847693e-06, 8.60219302012e-07, 8.16256147118e-07, 7.83128484727e-07, 5.44885665477e-07, 4.63731140599e-07, 4.06687149734e-07, 3.55050957523e-07, 3.48097330516e-07, 2.61025547843e-07, 1.26819671209e-07], "dvar": [2.15535138182e-07, 1.44216198805e-06, 2.085530042e-07, 1.33242068046e-07, 2.60521204609e-08, 2.11292359609e-07, 3.72292078055e-07, 2.84304263687e-07, 4.19318723743e-07, 3.84749569093e-07, 9.90329098727e-08, 1.96869347491e-08, 1.11487210575e-08, 1.97583887029e-08, 3.73553170618e-08, 3.75051705248e-08, 8.97145913115e-09, 2.52210718976e-09, 2.10946082824e-09, 1.40635270096e-09, 6.57007614979e-10, 2.79037265516e-10, 5.38699362895e-11, 3.21708180928e-11, 1.1324740451e-10, 1.60537763638e-10, 3.65958062465e-11, 9.04189570439e-12, 4.35253872874e-12, 1.56819164859e-12, 1.33225104126e-12, 1.19678626818e-12, 1.09777454054e-12, 7.60577690238e-13, 6.38507692899e-13, 3.35581741432e-13, 2.23274185056e-13, 2.02797902169e-13, 1.25186455169e-13, 4.49570089001e-14], "dvar2": [4.66179699288e-07, 3.2967077459e-06, 5.57932025913e-07, 3.49699007529e-07, 6.4331530325e-08, 4.9647940159e-07, 8.51402717217e-07, 5.97427174398e-07, 9.60429588304e-07, 7.77333980295e-07, 1.80969166763e-07, 4.07582767536e-08, 1.97617637809e-08, 3.86142211539e-08, 7.1839671989e-08, 6.80965257516e-08, 1.75645062939e-08, 5.29387067516e-09, 3.78818620916e-09, 2.65053734516e-09, 1.40831546425e-09, 5.9373767014e-10, 1.19389192976e-10, 7.87424778159e-11, 2.4764040818e-10, 2.80476170067e-10, 7.33024752009e-11, 2.30928626915e-11, 1.14262765916e-11, 3.77280151564e-12, 3.2664008217e-12, 3.01702998522e-12, 2.77476522662e-12, 1.81206319481e-12, 1.41704530054e-12, 7.59848835328e-13, 5.34819421822e-13, 5.05288031468e-13, 3.09096362871e-13, 9.87914855173e-14], "max": [0.00866720732301, 0.0138039439917, 0.0116599090397, 0.010246003978, 0.00244431803003, 0.0125895710662, 0.0135944969952, 0.00895615946501, 0.0119251003489, 0.011769794859, 0.00684648007154, 0.00295237707905, 0.00461381208152, 0.00351259764284, 0.00542418891564, 0.00489891320467, 0.00202700775117, 0.0013823013287, 0.00190859881695, 0.00128239614423, 0.000927975634113, 0.000621083716396, 0.000149967017933, 0.000131222928758, 0.000310701230774, 0.000232927282923, 0.000166860918398, 6.10967690591e-05, 3.10661089316e-05, 3.02785974782e-05, 3.01746367768e-05, 2.29581946769e-05, 1.88505728147e-05, 2.6901901947e-05, 2.36610412685e-05, 1.7260093955e-05, 1.11756144179e-05, 9.52805385168e-06, 8.01163059805e-06, 7.5441048466e-06], "mean": [0.000377770804334, 0.000858224870171, 0.000481147930259, 0.000307925191009, 0.000203924937523, 0.000386444065953, 0.000466081517516, 0.000392641260987, 0.000444046949269, 0.000434153393144, 0.000220479079871, 0.000107424115413, 7.03713085386e-05, 8.90997762326e-05, 0.00011996923422, 0.00012147941743, 5.56624618184e-05, 2.80939420918e-05, 2.14042265725e-05, 2.09509307751e-05, 2.33232258324e-05, 2.18878521991e-05, 1.05555327536e-05, 6.0610818764e-06, 9.77155650617e-06, 1.51582416947e-05, 7.57673478802e-06, 2.28341127695e-06, 1.09824611627e-06, 8.75138994161e-07, 7.05473269136e-07, 6.0634312149e-07, 5.13355814746e-07, 3.65910011624e-07, 3.08123958348e-07, 2.46549689109e-07, 2.07914041539e-07, 1.82114874292e-07, 1.32418080057e-07, 7.64613545812e-08], "median": [5.60568878427e-05, 0.000204330703127, 0.000310466712108, 0.000155883812113, 0.000106483261334, 0.000137249808176, 0.000122719415231, 0.000103852122265, 8.01251007942e-05, 6.66205451125e-05, 4.00976132369e-05, 2.45718892984e-05, 1.66751888173e-05, 1.78604113898e-05, 1.83240281331e-05, 1.52640441229e-05, 1.20414115372e-05, 7.55877681513e-06, 4.40826443082e-06, 4.54394694316e-06, 4.57188298242e-06, 7.13168810762e-06, 4.77339699501e-06, 3.50650134351e-06, 3.92949914385e-06, 4.05233686251e-06, 2.28672320191e-06, 7.91989293702e-07, 3.83986787256e-07, 3.32656526325e-07, 2.85820846102e-07, 2.19066819795e-07, 1.38697728858e-07, 8.38080751464e-08, 5.43489484528e-08, 4.58000180004e-08, 4.07654248136e-08, 2.62014552277e-08, 1.75663270596e-08, 1.37652218513e-08], "min": [1.19177141535e-24, 1.86682355499e-24, 1.9207051214e-24, 1.23143050989e-24, 1.56303834798e-24, 1.6986786419e-24, 3.23303499345e-24, 2.48443123794e-24, 1.52481468447e-24, 2.99103356975e-24, 1.83739371841e-24, 1.76281855552e-24, 1.46018025367e-24, 2.10787795116e-24, 2.65921658491e-24, 3.4332622879e-24, 3.07255366684e-24, 3.66842132932e-24, 3.34127952863e-24, 3.30086579003e-24, 4.55711021551e-24, 4.61415826959e-24, 3.75127065703e-24, 4.16959373431e-24, 5.43740838269e-24, 5.12929114602e-24, 5.34157677106e-24, 4.40981016298e-24, 3.8762325353e-24, 5.04776710463e-24, 5.50043403028e-24, 4.12504518127e-24, 5.86086773332e-24, 5.44294618624e-24, 6.38198017541e-24, 5.67539272944e-24, 5.25767944164e-24, 7.23180109594e-24, 6.60483180341e-24, 6.39309128126e-24], "var": [4.60142615566e-07, 2.45145042754e-06, 3.06443382669e-07, 2.68055913466e-07, 7.09300280732e-08, 5.35247011157e-07, 1.03585898614e-06, 6.37745699805e-07, 8.85545944129e-07, 1.09163238449e-06, 2.96097312003e-07, 5.78522367789e-08, 3.29978995239e-08, 5.16606739609e-08, 9.64548974025e-08, 1.17624921359e-07, 1.94273219734e-08, 5.26716581462e-09, 4.99002439369e-09, 5.21165421929e-09, 4.17709822287e-09, 1.74651137996e-09, 2.31318242339e-10, 5.86920373413e-11, 2.39189362761e-10, 5.9743460179e-10, 1.79941159195e-10, 1.6788098689e-11, 4.38183603985e-12, 2.07465620204e-12, 1.50924086596e-12, 1.25556227741e-12, 1.14963941145e-12, 9.9707362592e-13, 9.26337782522e-13, 4.67146503771e-13, 2.60165071994e-13, 2.10025735952e-13, 1.33670432037e-13, 6.58892835041e-14]}, "melbands_crest": {"dmean": 3.23979830742, "dmean2": 5.21389484406, "dvar": 8.51231002808, "dvar2": 20.767988205, "max": 37.9706192017, "mean": 12.7806692123, "median": 11.8704833984, "min": 1.64990580082, "var": 25.3612709045}, "melbands_flatness_db": {"dmean": 0.0296399090439, "dmean2": 0.0429371520877, "dvar": 0.000888800015673, "dvar2": 0.00166185770649, "max": 0.426074653864, "mean": 0.219042271376, "median": 0.220635667443, "min": 0.00312422355637, "var": 0.00468045007437}, "melbands_kurtosis": {"dmean": 3.93957090378, "dmean2": 6.16979503632, "dvar": 72.4090652466, "dvar2": 154.597122192, "max": 416.002990723, "mean": 6.92103862762, "median": 3.83184671402, "min": -1.4144115448, "var": 158.321212769}, "melbands_skewness": {"dmean": 0.553531587124, "dmean2": 0.849893271923, "dvar": 0.366946846247, "dvar2": 0.798470973969, "max": 17.5464954376, "mean": 1.8322634697, "median": 1.67438519001, "min": -0.949149012566, "var": 1.6700912714}, "melbands_spread": {"dmean": 5.8269071579, "dmean2": 8.90032958984, "dvar": 56.5062522888, "dvar2": 126.415382385, "max": 157.016952515, "mean": 22.1790027618, "median": 18.3069229126, "min": 0.885426282883, "var": 315.021697998}, "mfcc": {"cov": [[8939.671875, 735.129516602, -687.962646484, 111.439987183, -252.595413208, -184.593139648, -130.91368103, -10.147652626, -128.348800659, 165.721847534, 80.8160934448, -40.5190811157, -77.0389633179], [735.129516602, 1847.19836426, -427.440734863, 92.8890533447, -12.9609184265, -124.184295654, 78.3957901001, 109.977973938, -74.0078811646, -17.355556488, 165.256851196, 14.2335720062, 33.1164054871], [-687.962646484, -427.440734863, 612.668029785, 4.14155483246, 41.3949699402, 116.860046387, 47.0198707581, 33.7670440674, 56.1494979858, -13.8573284149, -41.6178894043, 58.1444549561, 25.033946991], [111.439987183, 92.8890533447, 4.14155483246, 359.257263184, 178.73298645, 27.3492240906, -65.198600769, -43.1705665588, 65.0144805908, 15.093164444, -45.7825660706, -6.47209024429, 41.5198402405], [-252.595413208, -12.9609184265, 41.3949699402, 178.73298645, 334.967193604, 103.767677307, -80.1853637695, -118.147415161, 51.1446113586, 42.1524658203, -18.6044483185, 12.8014650345, 47.5803375244], [-184.593139648, -124.184295654, 116.860046387, 27.3492240906, 103.767677307, 234.294326782, 52.7984619141, -34.4032363892, 56.5315971375, 28.4368400574, 21.1842556, 34.6447257996, -10.4205522537], [-130.91368103, 78.3957901001, 47.0198707581, -65.198600769, -80.1853637695, 52.7984619141, 223.481918335, 138.572158813, 23.6175327301, 16.0024662018, 72.3133926392, 34.9818840027, -7.54583406448], [-10.147652626, 109.977973938, 33.7670440674, -43.1705665588, -118.147415161, -34.4032363892, 138.572158813, 225.666900635, 25.7535152435, 6.66727495193, 54.220085144, 16.2310390472, 5.90782690048], [-128.348800659, -74.0078811646, 56.1494979858, 65.0144805908, 51.1446113586, 56.5315971375, 23.6175327301, 25.7535152435, 145.642120361, 46.8014564514, -5.23277425766, 10.6795358658, 5.51899862289], [165.721847534, -17.355556488, -13.8573284149, 15.093164444, 42.1524658203, 28.4368400574, 16.0024662018, 6.66727495193, 46.8014564514, 140.643798828, 73.7051315308, 12.2595930099, 7.22580766678], [80.8160934448, 165.256851196, -41.6178894043, -45.7825660706, -18.6044483185, 21.1842556, 72.3133926392, 54.220085144, -5.23277425766, 73.7051315308, 169.084396362, 39.0307884216, 3.72712540627], [-40.5190811157, 14.2335720062, 58.1444549561, -6.47209024429, 12.8014650345, 34.6447257996, 34.9818840027, 16.2310390472, 10.6795358658, 12.2595930099, 39.0307884216, 84.5208358765, 26.0106735229], [-77.0389633179, 33.1164054871, 25.033946991, 41.5198402405, 47.5803375244, -10.4205522537, -7.54583406448, 5.90782690048, 5.51899862289, 7.22580766678, 3.72712540627, 26.0106735229, 84.6209487915]], "icov": [[0.000139601877891, -3.71766764147e-05, 0.000115761635243, -0.000131728462293, 0.000213554376387, -6.95555718266e-05, 0.000136391201522, -3.22268278978e-05, 0.000166587982676, -0.000319602579111, 0.000119756776257, -0.000134576199343, 0.000110317268991], [-3.71766764147e-05, 0.000835252227262, 0.00049389549531, -0.000340678379871, -0.000286115624476, 0.000314775796141, -0.00028026511427, -0.000286524620606, 0.000168844271684, 0.000742333300877, -0.000921178259887, -9.67316518654e-05, -0.000149120649439], [0.000115761635243, 0.00049389549531, 0.0025362491142, -0.000100771401776, -4.64199038106e-05, -0.000917862169445, 6.4326392021e-05, -0.00089667760767, 2.62865705736e-05, 0.000196961074835, 0.000694367161486, -0.00148032500874, -0.000401453347877], [-0.000131728462293, -0.000340678379871, -0.000100771401776, 0.00460596568882, -0.0022711569909, 0.000158819209901, 0.000614201067947, -0.000567836512346, -0.00160649383906, 0.000216499727685, 0.00101926666684, 0.000543671310879, -0.000951466790866], [0.000213554376387, -0.000286115624476, -4.64199038106e-05, -0.0022711569909, 0.00689562596381, -0.00254970928654, 0.00122341094539, 0.00231331260875, -0.000330809532898, -0.00166978884954, 0.000114287504402, 0.000116466821055, -0.00268582836725], [-6.95555718266e-05, 0.000314775796141, -0.000917862169445, 0.000158819209901, -0.00254970928654, 0.00788478460163, -0.00338172796182, 0.00247010868043, -0.00192392140161, 0.000693259527907, -0.00115160818677, -0.00145924941171, 0.00250324234366], [0.000136391201522, -0.00028026511427, 6.4326392021e-05, 0.000614201067947, 0.00122341094539, -0.00338172796182, 0.010075728409, -0.00540189957246, -7.82433126005e-05, -2.18875102291e-05, -0.00131668255199, -0.00137130520307, 0.000571210985072], [-3.22268278978e-05, -0.000286524620606, -0.00089667760767, -0.000567836512346, 0.00231331260875, 0.00247010868043, -0.00540189957246, 0.0101269334555, -0.00252181640826, 0.00059690035414, -0.00160984450486, 0.00103014823981, -0.00169081590138], [0.000166587982676, 0.000168844271684, 2.62865705736e-05, -0.00160649383906, -0.000330809532898, -0.00192392140161, -7.82433126005e-05, -0.00252181640826, 0.010676169768, -0.00437243608758, 0.00282560964115, -0.00101512100082, 0.000848850177135], [-0.000319602579111, 0.000742333300877, 0.000196961074835, 0.000216499727685, -0.00166978884954, 0.000693259527907, -2.18875102291e-05, 0.00059690035414, -0.00437243608758, 0.0129642859101, -0.0070665627718, 0.00164151610807, -0.000780518748797], [0.000119756776257, -0.000921178259887, 0.000694367161486, 0.00101926666684, 0.000114287504402, -0.00115160818677, -0.00131668255199, -0.00160984450486, 0.00282560964115, -0.0070665627718, 0.0125703485683, -0.00423693284392, 0.000720717420336], [-0.000134576199343, -9.67316518654e-05, -0.00148032500874, 0.000543671310879, 0.000116466821055, -0.00145924941171, -0.00137130520307, 0.00103014823981, -0.00101512100082, 0.00164151610807, -0.00423693284392, 0.0173558127135, -0.0055750249885], [0.000110317268991, -0.000149120649439, -0.000401453347877, -0.000951466790866, -0.00268582836725, 0.00250324234366, 0.000571210985072, -0.00169081590138, 0.000848850177135, -0.000780518748797, 0.000720717420336, -0.0055750249885, 0.0162424072623]], "mean": [-694.184631348, 153.27394104, -23.2948913574, 20.7803287506, -5.41892242432, -7.39448785782, -0.826715052128, 2.44419980049, -8.05588245392, 1.71982336044, 4.0004529953, -0.246325045824, -2.11121368408]}, "pitch_salience": {"dmean": 0.0725540518761, "dmean2": 0.117281734943, "dvar": 0.00434526894242, "dvar2": 0.0102398218587, "max": 0.888279974461, "mean": 0.589491963387, "median": 0.599864542484, "min": 0.130668312311, "var": 0.0138392448425}, "silence_rate_20dB": {"dmean": 0, "dmean2": 0, "dvar": 0, "dvar2": 0, "max": 1, "mean": 1, "median": 1, "min": 1, "var": 0}, "silence_rate_30dB": {"dmean": 0.000371885456843, "dmean2": 0.000743909215089, "dvar": 0.000371745700249, "dvar2": 0.00111530465074, "max": 1, "mean": 0.999814093113, "median": 1, "min": 0, "var": 0.000185875527677}, "silence_rate_60dB": {"dmean": 0.0554109327495, "dmean2": 0.110842473805, "dvar": 0.052339784801, "dvar2": 0.110830560327, "max": 1, "mean": 0.139617025852, "median": 0, "min": 0, "var": 0.120126120746}, "spectral_centroid": {"dmean": 222.981430054, "dmean2": 333.147491455, "dvar": 90152, "dvar2": 188836.40625, "max": 11873.3447266, "mean": 1303.08361816, "median": 1124.80541992, "min": 254.250320435, "var": 1449040.125}, "spectral_complexity": {"dmean": 3.17924880981, "dmean2": 4.70262241364, "dvar": 11.5745830536, "dvar2": 22.7744350433, "max": 41, "mean": 15.367726326, "median": 15, "min": 0, "var": 56.0721740723}, "spectral_contrast_coeffs": {"dmean": [0.0516757816076, 0.0492814332247, 0.0396843925118, 0.0310765579343, 0.0275997109711, 0.0201367549598], "dmean2": [0.0855167135596, 0.0787779390812, 0.0632702410221, 0.0479106493294, 0.0417629480362, 0.0307921711355], "dvar": [0.00177392596379, 0.0017282506451, 0.00107366475277, 0.000668262538966, 0.000613801006693, 0.000306567642838], "dvar2": [0.00476123671979, 0.00411880714819, 0.00256121437997, 0.00147947669029, 0.00127744767815, 0.000685663660988], "max": [-0.342720001936, -0.440655767918, -0.464684307575, -0.527014315128, -0.5501075387, -0.642872989178], "mean": [-0.628795802593, -0.714704930782, -0.75838381052, -0.77061444521, -0.764559686184, -0.768937289715], "median": [-0.6305372715, -0.722478806973, -0.770175516605, -0.781449139118, -0.770600318909, -0.766061484814], "min": [-0.973704457283, -0.981818675995, -0.978190660477, -0.972274541855, -0.967018127441, -0.964195907116], "var": [0.00767208449543, 0.00888050720096, 0.00634876033291, 0.00452182861045, 0.00401342753321, 0.00187996029854]}, "spectral_contrast_valleys": {"dmean": [0.46158733964, 0.39122608304, 0.351382017136, 0.303707659245, 0.356274753809, 0.562286615372], "dmean2": [0.746208369732, 0.63350725174, 0.551536619663, 0.458065986633, 0.508331656456, 0.758533358574], "dvar": [0.203277513385, 0.170587956905, 0.152693614364, 0.125736132264, 0.168664142489, 0.357047617435], "dvar2": [0.443501263857, 0.382283389568, 0.31013906002, 0.23127168417, 0.309308588505, 0.662227571011], "max": [-5.94325780869, -4.62203550339, -5.2011179924, -6.02575063705, -6.16374254227, -8.36612224579], "mean": [-8.19289684296, -7.03084897995, -7.67159128189, -8.15351009369, -8.3197183609, -11.4717206955], "median": [-7.85156726837, -6.70573854446, -7.37552595139, -7.82063150406, -7.95938205719, -11.2746982574], "min": [-28.0307636261, -28.2600765228, -27.7768554688, -27.7842407227, -27.6543235779, -27.350687027], "var": [5.64977550507, 6.0876955986, 5.84577560425, 5.72788667679, 5.67870283127, 4.48265790939]}, "spectral_decrease": {"dmean": 1.63863900227e-09, "dmean2": 2.2972796998e-09, "dvar": 4.17889660228e-18, "dvar2": 8.08769722787e-18, "max": 2.50957333426e-16, "mean": -5.04009589619e-09, "median": -3.53204088199e-09, "min": -2.57996521924e-08, "var": 2.08727992988e-17}, "spectral_energy": {"dmean": 0.00657161604613, "dmean2": 0.00918379053473, "dvar": 6.73574832035e-05, "dvar2": 0.00012884818716, "max": 0.107499986887, "mean": 0.0204078797251, "median": 0.0141336265951, "min": 1.01810876133e-20, "var": 0.000344676926034}, "spectral_energyband_high": {"dmean": 0.000108348765934, "dmean2": 0.000169292339706, "dvar": 4.31883862007e-08, "dvar2": 1.0341376111e-07, "max": 0.0029075157363, "mean": 0.000134336922201, "median": 4.95333042636e-05, "min": 6.89106962315e-21, "var": 5.58894761582e-08}, "spectral_energyband_low": {"dmean": 0.00197631935589, "dmean2": 0.00290801073425, "dvar": 1.6723304725e-05, "dvar2": 3.75715608243e-05, "max": 0.0451457574964, "mean": 0.00366164301522, "median": 0.00132369319908, "min": 1.00859645376e-23, "var": 3.09403876599e-05}, "spectral_energyband_middle_high": {"dmean": 0.0019799657166, "dmean2": 0.00257983896881, "dvar": 1.01971509139e-05, "dvar2": 1.63235345099e-05, "max": 0.0746683552861, "mean": 0.00554033182561, "median": 0.00234683253802, "min": 1.10143137529e-21, "var": 6.0373055021e-05}, "spectral_energyband_middle_low": {"dmean": 0.00447157025337, "dmean2": 0.00661817612126, "dvar": 3.56883574568e-05, "dvar2": 7.81400885899e-05, "max": 0.0749477893114, "mean": 0.0117328232154, "median": 0.00798096973449, "min": 1.63972009292e-22, "var": 0.000133086097776}, "spectral_entropy": {"dmean": 0.198583453894, "dmean2": 0.290831208229, "dvar": 0.0400893874466, "dvar2": 0.0767718553543, "max": 9.8279094696, "mean": 7.31856679916, "median": 7.24744701385, "min": 6.0193271637, "var": 0.252459168434}, "spectral_flux": {"dmean": 0.0225777737796, "dmean2": 0.034651145339, "dvar": 0.000586787704378, "dvar2": 0.00119933870155, "max": 0.296126693487, "mean": 0.0731717348099, "median": 0.0627610087395, "min": 6.45695164003e-11, "var": 0.00212037796155}, "spectral_kurtosis": {"dmean": 3.41431665421, "dmean2": 5.83086824417, "dvar": 12.0667915344, "dvar2": 33.6209335327, "max": 41.1637649536, "mean": 7.32675409317, "median": 5.94692420959, "min": -1.26255488396, "var": 27.5804176331}, "spectral_rms": {"dmean": 0.000709045270924, "dmean2": 0.000962588004768, "dvar": 6.11099380876e-07, "dvar2": 1.0592423223e-06, "max": 0.0102409981191, "mean": 0.00395200494677, "median": 0.00371334142983, "min": 3.15162956496e-12, "var": 4.29187866757e-06}, "spectral_rolloff": {"dmean": 338.314147949, "dmean2": 549.706542969, "dvar": 434198.8125, "dvar2": 954239, "max": 20004.3457031, "mean": 1575.78039551, "median": 1184.32617188, "min": 43.06640625, "var": 5871559.5}, "spectral_skewness": {"dmean": 0.341184109449, "dmean2": 0.570151686668, "dvar": 0.10220888257, "dvar2": 0.274406075478, "max": 4.7957482338, "mean": 1.72673773766, "median": 1.60754418373, "min": -0.0962075144053, "var": 0.374908387661}, "spectral_spread": {"dmean": 547305.5625, "dmean2": 826089.875, "dvar": 749106429952, "dvar2": 1536303431680.0,