{"lowlevel": {"average_loudness": 0.906779527664, "barkbands": {"dmean": [0.00337408552878, 0.00656968913972, 0.00182032189332, 0.000904709217139, 0.00185335008428, 0.00201896904036, 0.0015783054987, 0.000633512390777, 0.000846899696626, 0.000732101208996, 0.000514151237439, 0.000295513513265, 0.000333263044013, 0.000220541303861, 0.000196521461476, 0.000210905287531, 0.000132057670271, 0.000101767385786, 8.77609927556e-05, 6.58147837385e-05, 9.54089700826e-05, 5.62250170333e-05, 2.64601749222e-05, 1.92071456695e-05, 2.54636870523e-06, 1.63798522408e-05, 4.32522101619e-05], "dmean2": [0.00525617133826, 0.0108312433586, 0.00297499843873, 0.00152611744124, 0.00297807925381, 0.00307341106236, 0.00249613309279, 0.0010062486399, 0.00134732469451, 0.00116871437058, 0.000789532845374, 0.000452484498965, 0.000518412329257, 0.000338527577696, 0.000305746711092, 0.000317638739944, 0.00019289010379, 0.000143677432789, 0.000125818885863, 9.13253388717e-05, 0.000130035958136, 7.51682309783e-05, 3.4252385376e-05, 2.5201086828e-05, 4.15803924625e-06, 2.07455159398e-05, 5.2883879107e-05], "dvar": [4.57432615804e-05, 0.000134264584631, 1.31388105729e-05, 2.64156096819e-06, 1.10423516162e-05, 3.07476657326e-05, 3.38772042596e-05, 2.59728949459e-06, 5.92611377215e-06, 3.45859552908e-06, 1.9329627321e-06, 4.56309436458e-07, 5.83528162679e-07, 2.99208892329e-07, 2.02474879529e-07, 1.61869593285e-07, 7.41746930544e-08, 3.57508653792e-08, 2.02054017961e-08, 1.56108619365e-08, 8.26503523399e-08, 2.52150744728e-08, 1.60348290201e-09, 9.43208067206e-10, 2.19400764917e-11, 6.22153439878e-10, 5.83471670978e-09], "dvar2": [0.000103463615233, 0.000335271848598, 3.2572344935e-05, 6.6910311034e-06, 2.62283247139e-05, 6.26032924629e-05, 7.98693072284e-05, 6.14292457612e-06, 1.45625799632e-05, 8.63663444761e-06, 4.2924493755e-06, 1.00372619727e-06, 1.4060765352e-06, 7.00176030932e-07, 5.14271221164e-07, 3.78636570986e-07, 1.63087008787e-07, 7.413022729e-08, 4.45586891828e-08, 3.17693427121e-08, 1.5939134812e-07, 5.31361727951e-08, 2.97902613688e-09, 1.7960001264e-09, 5.36894660674e-11, 1.11903208921e-09, 1.02188151274e-08], "max": [0.0786405950785, 0.151745438576, 0.0447093546391, 0.0379275903106, 0.0830770134926, 0.161085814238, 0.119517371058, 0.0301106050611, 0.0633984357119, 0.0427894294262, 0.0449718646705, 0.0166978240013, 0.0208156593144, 0.020685236901, 0.0103808697313, 0.00680061616004, 0.00713936286047, 0.00267606670968, 0.00243198289536, 0.00336476997472, 0.010262879543, 0.00628369906917, 0.000620077189524, 0.000438262562966, 7.28511149646e-05, 0.000316566845868, 0.0026826064568], "mean": [0.00406215386465, 0.00997022818774, 0.00203790166415, 0.00115400459617, 0.0029666358605, 0.00301597826183, 0.0019862158224, 0.000799869187176, 0.00111877487507, 0.000978643889539, 0.000739727227483, 0.00043641202501, 0.000494343577884, 0.000320946041029, 0.000279656407656, 0.000317471451126, 0.000196156528546, 0.000151008905959, 0.0001440881897, 0.000106227191282, 0.000150306586875, 8.41066939756e-05, 4.06592444051e-05, 2.82879755105e-05, 2.50103494182e-06, 2.50086013693e-05, 8.2895567175e-05], "median": [0.00127644860186, 0.00419616885483, 0.000853275298141, 0.00053648580797, 0.00171217985917, 0.000789642799646, 0.000404858379625, 0.000207494958886, 0.000273086770903, 0.000283520959783, 0.000212964921957, 0.00013887239038, 0.00013783450413, 8.99751175893e-05, 7.8047713032e-05, 6.82962272549e-05, 5.33118873136e-05, 5.0086491683e-05, 5.80108680879e-05, 4.4384283683e-05, 5.2030885854e-05, 3.00581468764e-05, 1.68059850694e-05, 1.05879717012e-05, 7.66984726397e-07, 1.00275274235e-05, 3.70010966435e-05], "min": [1.41564213331e-23, 3.2617991103e-23, 6.16344203883e-24, 7.94876206282e-24, 3.18128765077e-23, 1.34930965969e-23, 5.14209396408e-24, 3.08816956289e-23, 3.20844402966e-23, 7.66474484235e-23, 3.06855469425e-23, 3.05154085779e-23, 7.98833179914e-23, 1.3533449041e-22, 8.25147812664e-23, 1.13413661441e-22, 1.67459658018e-22, 2.55176939089e-22, 2.17759486684e-22, 1.97488790645e-22, 4.61222358822e-22, 5.37893226949e-22, 5.64342609763e-22, 7.5150550146e-22, 1.03536305017e-21, 1.53116099314e-21, 2.14833991599e-21], "var": [6.17639816483e-05, 0.000199042551685, 1.338520633e-05, 4.5303618208e-06, 1.94116582861e-05, 6.81591336615e-05, 4.83220719616e-05, 3.69981580661e-06, 1.01643890957e-05, 5.91122761762e-06, 3.44069917446e-06, 8.84102689724e-07, 1.20827837691e-06, 5.06686205881e-07, 3.55929216767e-07, 3.27454387161e-07, 1.47313613752e-07, 6.56813341493e-08, 4.51540600466e-08, 3.3901546459e-08, 1.75325084228e-07, 4.26324042735e-08, 3.58457707961e-09, 1.87618387493e-09, 2.29804508756e-11, 1.35545763502e-09, 1.72465384196e-08]}, "barkbands_crest": {"dmean": 3.22752022743, "dmean2": 5.32108831406, "dvar": 7.48976659775, "dvar2": 19.2017669678, "max": 23.9366836548, "mean": 11.4737758636, "median": 10.6561565399, "min": 2.37316536903, "var": 21.9817523956}, "barkbands_flatness_db": {"dmean": 0.0310839414597, "dmean2": 0.045751966536, "dvar": 0.000792085775174, "dvar2": 0.00170170143247, "max": 0.430946081877, "mean": 0.141385674477, "median": 0.135676294565, "min": 0.0240750256926, "var": 0.002982520964}, "barkbands_kurtosis": {"dmean": 6.46392297745, "dmean2": 10.2617788315, "dvar": 119.326087952, "dvar2": 287.913421631, "max": 205.589355469, "mean": 9.84862995148, "median": 4.9801735878, "min": -1.81094264984, "var": 211.552246094}, "barkbands_skewness": {"dmean": 0.788197338581, "dmean2": 1.21732628345, "dvar": 0.667255878448, "dvar2": 1.55311560631, "max": 10.9692764282, "mean": 2.2944624424, "median": 1.95375204086, "min": -2.63366651535, "var": 2.17693519592}, "barkbands_spread": {"dmean": 5.9598736763, "dmean2": 8.88726139069, "dvar": 42.9110603333, "dvar2": 95.5715255737, "max": 114.657516479, "mean": 17.7606391907, "median": 14.5059432983, "min": 0.514370262623, "var": 197.787017822}, "dissonance": {"dmean": 0.0203951969743, "dmean2": 0.0344895794988, "dvar": 0.000360220932635, "dvar2": 0.000981676625088, "max": 0.500000119209, "mean": 0.46745890379, "median": 0.472897022963, "min": 0.276762247086, "var": 0.000596559490077}, "dynamic_complexity": 4.77842092514, "erbbands": {"dmean": [0.304495155811, 1.185359478, 2.17264389992, 2.32469892502, 5.04665231705, 6.17379188538, 12.1030330658, 17.062494278, 22.9893760681, 17.6476135254, 13.5830554962, 20.070306778, 20.5119762421, 22.01080513, 18.4556484222, 12.5446434021, 14.9548845291, 11.7969484329, 10.0248937607, 11.430855751, 9.96664047241, 6.2148103714, 5.71645355225, 4.89831018448, 3.60815811157, 3.10225152969, 3.85925483704, 3.62033009529, 2.1930372715, 1.20552670956, 0.697038710117, 0.393970936537, 0.318215370178, 0.0552364140749, 0.0152136739343, 0.047901161015, 0.0322563126683, 0.0200730785728, 0.00682261353359, 0.000609322218224], "dmean2": [0.499396651983, 1.97312569618, 3.5607073307, 3.8299934864, 8.40427494049, 9.83885288239, 18.4873313904, 26.4382915497, 36.3792419434, 28.167257309, 21.555562973, 31.8054561615, 32.8744049072, 34.3058204651, 28.2038841248, 18.8775424957, 22.9626140594, 17.6767349243, 15.3830699921, 16.9694881439, 14.5048751831, 8.77148532867, 7.9760055542, 7.06292438507, 5.00095319748, 4.3048043251, 5.28599119186, 4.96139907837, 2.98490095139, 1.58175289631, 0.901335299015, 0.516311943531, 0.424763560295, 0.0811198204756, 0.0242734644562, 0.0659841448069, 0.041034579277, 0.0249515473843, 0.00867265742272, 0.000756853842176], "dvar": [0.316351532936, 4.04733467102, 15.6278657913, 17.2180786133, 72.3110122681, 219.013641357, 1038.11621094, 2497.53686523, 9020.61816406, 2498.70068359, 1464.04589844, 3694.98364258, 2077.97851562, 4197.46875, 1848.82434082, 943.074584961, 1289.62329102, 657.06451416, 683.748657227, 519.390625, 344.573181152, 131.806152344, 120.045097351, 67.8785095215, 32.8211288452, 35.3344039917, 118.282592773, 177.599441528, 45.3008499146, 4.78093957901, 1.09756791592, 0.389294505119, 0.283141821623, 0.00823004543781, 0.000740777410101, 0.0067533031106, 0.00243692379445, 0.00148261745926, 0.000267934752628, 7.71191821514e-07], "dvar2": [0.821540892124, 10.1819849014, 38.1460456848, 43.0152816772, 188.623687744, 497.422912598, 1958.16943359, 5074.40966797, 21012.7382812, 6173.17626953, 3608.80957031, 9001.60644531, 4946.29052734, 10264.0439453, 4061.97802734, 2070.27368164, 3082.109375, 1492.32897949, 1729.27429199, 1166.69445801, 783.858093262, 280.495483398, 247.687683105, 153.816497803, 66.4429473877, 72.5224533081, 239.491775513, 410.899169922, 99.085319519, 9.1852273941, 2.01244449615, 0.738075733185, 0.562281906605, 0.0182250626385, 0.00175980047788, 0.0140083348379, 0.00437400862575, 0.00264476961456, 0.000493908475619, 1.26183363136e-06], "max": [6.7231297493, 25.8005123138, 47.7540206909, 101.408035278, 221.505981445, 413.782043457, 988.204101562, 1662.62634277, 2139.24926758, 1432.02185059, 966.67779541, 1584.66723633, 1100.11804199, 1587.3223877, 852.750366211, 842.975036621, 1002.16088867, 891.112243652, 636.614440918, 572.600830078, 373.038604736, 257.885040283, 166.727172852, 165.054977417, 95.4196853638, 150.410079956, 426.60345459, 640.664916992, 252.775283813, 82.6871414185, 13.8348350525, 9.75071430206, 6.47334480286, 1.22729432583, 0.509874045849, 1.09771037102, 0.741851329803, 1.43405759335, 0.603994786739, 0.0141106247902], "mean": [0.451627671719, 1.62168359756, 2.57157659531, 3.21569943428, 7.63503980637, 9.07151699066, 18.4545154572, 24.2958393097, 28.97889328, 23.0373153687, 18.6669120789, 26.5567016602, 26.1806945801, 32.580242157, 27.9826393127, 19.6854248047, 23.0564403534, 18.0413970947, 14.7146902084, 18.0222434998, 15.6626596451, 9.84712505341, 8.66017627716, 7.90274047852, 6.06979370117, 5.07846260071, 6.103058815, 5.46241617203, 3.24668121338, 1.86917877197, 1.07387399673, 0.595705389977, 0.44851899147, 0.0710402950644, 0.0168719049543, 0.0655157268047, 0.049772657454, 0.032453622669, 0.0119568258524, 0.00126722559799], "median": [0.141367986798, 0.788742184639, 1.19727230072, 1.63695812225, 3.74313473701, 4.92200899124, 5.06352806091, 7.0308804512, 6.35486507416, 5.73020553589, 4.78499603271, 6.47928333282, 8.44252204895, 9.1136007309, 8.59886360168, 6.25236797333, 6.74819326401, 5.23237371445, 4.1659040451, 4.50266838074, 3.88004994392, 3.04958939552, 2.82994747162, 3.05677700043, 2.67189264297, 2.14832091331, 2.16338920593, 1.83197247982, 1.13045072556, 0.752292633057, 0.436744332314, 0.24196767807, 0.154787778854, 0.0290323235095, 0.0070236613974, 0.0228941794485, 0.0203763190657, 0.0130684394389, 0.0048668612726, 0.000568992691115], "min": [1.28162285705e-21, 3.8070583796e-21, 9.81192999219e-21, 2.22889939128e-20, 7.44323933922e-20, 1.4649596123e-19, 1.43671785673e-19, 1.40066273404e-19, 1.13182451131e-19, 2.36188111477e-19, 9.36323268669e-19, 7.57810713144e-19, 2.09163226475e-18, 1.57721877477e-18, 1.28114601812e-18, 1.32196210807e-18, 3.47738788583e-18, 8.26430111583e-18, 4.35487596888e-18, 3.95659181266e-18, 8.61244571922e-18, 1.13182105783e-17, 1.35095915192e-17, 1.15722857209e-17, 1.05219251617e-17, 9.63200620838e-18, 1.49137024849e-17, 1.76364468804e-17, 1.59479396396e-17, 1.37127834736e-17, 1.41357060315e-17, 1.82807246246e-17, 1.1492550473e-17, 1.03833831624e-17, 6.88120177849e-18, 5.7789823715e-18, 2.21704463294e-18, 1.30741013994e-18, 3.22755948851e-19, 3.02334901629e-20], "var": [0.476792007685, 5.28137874603, 16.8569107056, 27.5264148712, 119.081192017, 330.74887085, 2806.46948242, 4702.29638672, 12569.3554688, 3612.87597656, 2240.41162109, 6253.22705078, 3252.24609375, 7272.69921875, 3637.24804688, 1858.12988281, 2726.78955078, 1233.29199219, 1133.8717041, 1293.88427734, 720.093933105, 283.164581299, 223.78843689, 144.245132446, 76.6861572266, 76.8762969971, 241.924942017, 272.553497314, 73.1185913086, 9.83950901031, 2.45612287521, 0.800149202347, 0.510867238045, 0.0120218470693, 0.000856660306454, 0.0111240688711, 0.00538954231888, 0.00346605409868, 0.000669778033625, 2.79756454802e-06]}, "erbbands_crest": {"dmean": 2.85822725296, "dmean2": 4.60525131226, "dvar": 7.44878435135, "dvar2": 18.296005249, "max": 29.9700908661, "mean": 8.07964611053, "median": 7.12012290955, "min": 2.20094633102, "var": 16.8283119202}, "erbbands_flatness_db": {"dmean": 0.0229968931526, "dmean2": 0.0323401093483, "dvar": 0.00045904176659, "dvar2": 0.000862953893375, "max": 0.301604837179, "mean": 0.128129526973, "median": 0.120801687241, "min": 0.0361172221601, "var": 0.00200742296875}, "erbbands_kurtosis": {"dmean": 1.01980757713, "dmean2": 1.6127910614, "dvar": 2.24215650558, "dvar2": 5.03515434265, "max": 31.1384773254, "mean": 0.480648726225, "median": 0.0395441055298, "min": -1.72143173218, "var": 3.59214305878}, "erbbands_skewness": {"dmean": 0.396961987019, "dmean2": 0.598343193531, "dvar": 0.139295265079, "dvar2": 0.28710269928, "max": 3.85768532753, "mean": 0.444675981998, "median": 0.390219926834, "min": -5.25813531876, "var": 0.505207002163}, "erbbands_spread": {"dmean": 9.46594810486, "dmean2": 13.9378070831, "dvar": 81.7650222778, "dvar2": 168.432662964, "max": 105.576972961, "mean": 37.5261459351, "median": 35.245174408, "min": 5.26405143738, "var": 284.557556152}, "gfcc": {"cov": [[28529.4472656, 1682.31774902, -788.714233398, 231.601516724, -30.0077114105, -375.775115967, 233.463470459, -182.337875366, 234.261688232, -50.3096885681, -70.8949356079, 6.94957828522, -38.5642204285], [1682.31774902, 1171.34448242, -2.38240146637, -182.745742798, 62.4140472412, -29.8939228058, 32.0892715454, -46.1251487732, 17.8816986084, 6.0453748703, 73.1284179688, -22.517583847, 47.5411300659], [-788.714233398, -2.38240146637, 553.604614258, 326.927398682, -15.1500902176, 160.769332886, -4.24514102936, 120.50227356, -29.147693634, 84.9337158203, 9.28154277802, 24.7645740509, -11.3764410019], [231.601516724, -182.745742798, 326.927398682, 365.839874268, 58.4747009277, 57.4570999146, 27.8085956573, 47.2819709778, 1.96896183491, 32.8221511841, -11.8747415543, 20.9896297455, -22.2378768921], [-30.0077114105, 62.4140472412, -15.1500902176, 58.4747009277, 141.396011353, 50.8879890442, 29.846616745, -9.99098777771, 9.19035148621, -15.3118848801, 11.5756196976, 9.51272678375, 17.0170783997], [-375.775115967, -29.8939228058, 160.769332886, 57.4570999146, 50.8879890442, 249.769729614, 42.6315002441, 75.3955764771, -32.9102630615, 29.0477561951, 7.11574602127, 40.016620636, 4.30589294434], [233.463470459, 32.0892715454, -4.24514102936, 27.8085956573, 29.846616745, 42.6315002441, 127.137062073, 19.2291908264, 25.025100708, 5.82154273987, 11.6637239456, 11.6526021957, 1.16755819321], [-182.337875366, -46.1251487732, 120.50227356, 47.2819709778, -9.99098777771, 75.3955764771, 19.2291908264, 137.910064697, 36.234539032, 44.6337127686, 4.62819576263, -1.54263019562, 0.316942900419], [234.261688232, 17.8816986084, -29.147693634, 1.96896183491, 9.19035148621, -32.9102630615, 25.025100708, 36.234539032, 96.8195724487, 35.3968963623, 4.09751939774, -3.83654952049, -3.8882021904], [-50.3096885681, 6.0453748703, 84.9337158203, 32.8221511841, -15.3118848801, 29.0477561951, 5.82154273987, 44.6337127686, 35.3968963623, 80.9169769287, 40.0785064697, 13.8179788589, 11.5411834717], [-70.8949356079, 73.1284179688, 9.28154277802, -11.8747415543, 11.5756196976, 7.11574602127, 11.6637239456, 4.62819576263, 4.09751939774, 40.0785064697, 73.805267334, 45.2862052917, 24.6234951019], [6.94957828522, -22.517583847, 24.7645740509, 20.9896297455, 9.51272678375, 40.016620636, 11.6526021957, -1.54263019562, -3.83654952049, 13.8179788589, 45.2862052917, 77.7855377197, 36.4162979126], [-38.5642204285, 47.5411300659, -11.3764410019, -22.2378768921, 17.0170783997, 4.30589294434, 1.16755819321, 0.316942900419, -3.8882021904, 11.5411834717, 24.6234951019, 36.4162979126, 65.4032669067]], "icov": [[0.000119241201901, -0.000604455068242, 0.00170223007444, -0.00193997111637, 0.0013608528534, -0.000675633084029, 0.00034102256177, -0.00037637836067, 0.000194374792045, -0.000414724636357, 0.000355380354449, -0.000140196178108, -0.00013869497343], [-0.000604455068242, 0.00490797311068, -0.0115109262988, 0.01263495069, -0.00812896341085, 0.00357864564285, -0.00253230682574, 0.00383757567033, -0.00352202425711, 0.0052523156628, -0.00564596056938, 0.00395844317973, -0.000938766926993], [0.00170223007444, -0.0115109262988, 0.0389413870871, -0.0437116958201, 0.0316416695714, -0.0190828423947, 0.0101161040366, -0.00844325032085, 0.00357672548853, -0.00524315377697, -0.00137991213705, 0.00547026144341, -0.00722253974527], [-0.00193997111637, 0.01263495069, -0.0437116958201, 0.0573972463608, -0.0469138212502, 0.0306009557098, -0.0145096108317, 0.00301936594769, 0.00949675496668, -0.0140111949295, 0.0226369723678, -0.0254197753966, 0.0206885002553], [0.0013608528534, -0.00812896341085, 0.0316416695714, -0.0469138212502, 0.0546355247498, -0.0365438833833, 0.0130764739588, 0.00670978240669, -0.0257258024067, 0.0361424088478, -0.043753258884, 0.0427132733166, -0.0310288090259], [-0.000675633084029, 0.00357864564285, -0.0190828423947, 0.0306009557098, -0.0365438833833, 0.0345069430768, -0.0124036073685, -0.0111115043983, 0.0276587381959, -0.035351652652, 0.0431177020073, -0.042889546603, 0.027127398178], [0.00034102256177, -0.00253230682574, 0.0101161040366, -0.0145096108317, 0.0130764739588, -0.0124036073685, 0.0140346903354, 0.00100584246684, -0.00994656886905, 0.0116228247061, -0.0145334433764, 0.012270424515, -0.00797593593597], [-0.00037637836067, 0.00383757567033, -0.00844325032085, 0.00301936594769, 0.00670978240669, -0.0111115043983, 0.00100584246684, 0.0211006216705, -0.0205784849823, 0.0191129762679, -0.0233346037567, 0.0237284265459, -0.0136107401922], [0.000194374792045, -0.00352202425711, 0.00357672548853, 0.00949675496668, -0.0257258024067, 0.0276587381959, -0.00994656886905, -0.0205784849823, 0.0509880669415, -0.0564355514944, 0.057117626071, -0.0499543510377, 0.0309760477394], [-0.000414724636357, 0.0052523156628, -0.00524315377697, -0.0140111949295, 0.0361424088478, -0.035351652652, 0.0116228247061, 0.0191129762679, -0.0564355514944, 0.0945878326893, -0.0911545902491, 0.073345027864, -0.0436807870865], [0.000355380354449, -0.00564596056938, -0.00137991213705, 0.0226369723678, -0.043753258884, 0.0431177020073, -0.0145334433764, -0.0233346037567, 0.057117626071, -0.0911545902491, 0.118167050183, -0.0949722751975, 0.0485609769821], [-0.000140196178108, 0.00395844317973, 0.00547026144341, -0.0254197753966, 0.0427132733166, -0.042889546603, 0.012270424515, 0.0237284265459, -0.0499543510377, 0.073345027864, -0.0949722751975, 0.10027808696, -0.0552663207054], [-0.00013869497343, -0.000938766926993, -0.00722253974527, 0.0206885002553, -0.0310288090259, 0.027127398178, -0.00797593593597, -0.0136107401922, 0.0309760477394, -0.0436807870865, 0.0485609769821, -0.0552663207054, 0.0502030588686]], "mean": [-40.0475769043, 91.4030303955, -87.96118927, 13.3894128799, -33.1813240051, -4.38063001633, -9.29971313477, -10.3103313446, -8.21109580994, -2.42048835754, -8.50777244568, 5.44001817703, -8.8632478714]}, "hfc": {"dmean": 6.28586959839, "dmean2": 7.79749774933, "dvar": 67.7269515991, "dvar2": 114.914337158, "max": 146.815658569, "mean": 15.3564367294, "median": 8.57617759705, "min": 1.15360553755e-16, "var": 297.560241699}, "melbands": {"dmean": [0.00229808036238, 0.00121818680782, 0.000448636070359, 0.000396736839321, 0.000385015038773, 0.000390920700738, 0.00033589368104, 0.00017656343698, 0.000119642376376, 0.00012282798707, 0.000103768870758, 9.19826125028e-05, 6.87436986482e-05, 3.62395476259e-05, 3.21108018397e-05, 3.23639724229e-05, 2.23631031986e-05, 1.70486928255e-05, 1.41120581247e-05, 1.70547373273e-05, 1.17788249554e-05, 7.12749533704e-06, 6.289457815e-06, 4.63304377263e-06, 4.18161653215e-06, 3.26885310642e-06, 2.19483035835e-06, 2.13689349948e-06, 2.45405863097e-06, 2.51827896136e-06, 2.08254391509e-06, 1.39868882343e-06, 8.79874448856e-07, 6.14747762029e-07, 4.33298652069e-07, 3.0367559134e-07, 2.22687717155e-07, 2.42357629077e-07, 1.53543254555e-07, 1.87098141424e-08], "dmean2": [0.00372265325859, 0.00200078566559, 0.000734733534046, 0.000645300780889, 0.000591511838138, 0.000600337865762, 0.000529928249307, 0.000282493972918, 0.000191126586287, 0.000195071988855, 0.000167068079463, 0.000144394842209, 0.000105705817987, 5.49556716578e-05, 4.93833285873e-05, 5.01967224409e-05, 3.41751510859e-05, 2.64624723059e-05, 2.14639512706e-05, 2.57241226791e-05, 1.75310415216e-05, 1.05301242002e-05, 9.03706222743e-06, 6.68485245114e-06, 6.22326479061e-06, 4.72080500913e-06, 3.15405191031e-06, 3.05295247927e-06, 3.48373055203e-06, 3.4775439417e-06, 2.9657558116e-06, 1.98417365027e-06, 1.20566869555e-06, 8.31337729323e-07, 5.80315997922e-07, 4.08378895145e-07, 3.01580286077e-07, 3.27135211364e-07, 2.20931283934e-07, 3.06695504548e-08], "dvar": [1.75323584699e-05, 3.66679728359e-06, 5.54249766083e-07, 5.7850900248e-07, 8.3221920022e-07, 1.20067829812e-06, 1.70464875282e-06, 2.33192494647e-07, 1.22020423987e-07, 1.34109953365e-07, 5.45864189405e-08, 7.74016442051e-08, 3.24017932485e-08, 6.38671027176e-09, 4.71114613987e-09, 5.40603251054e-09, 2.7220170562e-09, 2.06126959945e-09, 8.39904701344e-10, 1.11907894063e-09, 5.22643595069e-10, 2.00435806841e-10, 1.66310160088e-10, 7.22952184229e-11, 5.49144445194e-11, 2.80543782649e-11, 1.62220046424e-11, 1.78358976893e-11, 4.56575367791e-11, 5.70056120364e-11, 1.02405417479e-10, 2.32236729847e-11, 3.85188929364e-12, 1.07959626482e-12, 4.4469294783e-13, 2.31671723906e-13, 1.35151086286e-13, 1.65469173736e-13, 8.20659661646e-14, 1.26385743708e-15], "dvar2": [4.33309396612e-05, 9.09803020477e-06, 1.40793167702e-06, 1.3986856402e-06, 1.61109517194e-06, 2.4408968784e-06, 3.95968436351e-06, 5.7056240621e-07, 3.09173771029e-07, 3.20850915614e-07, 1.31662545755e-07, 1.9286498798e-07, 7.13113621487e-08, 1.40396565484e-08, 1.09601439036e-08, 1.3136241428e-08, 6.31459551315e-09, 5.1226769493e-09, 1.94928295727e-09, 2.6151367738e-09, 1.22990440055e-09, 4.54203175071e-10, 3.57410739893e-10, 1.53977344763e-10, 1.3156079004e-10, 6.17821765969e-11, 3.38119462984e-11, 3.90509395654e-11, 9.77609035391e-11, 1.19379742203e-10, 2.60378163475e-10, 5.43914080442e-11, 8.32495357372e-12, 2.15808490869e-12, 8.53487690678e-13, 4.58192999601e-13, 2.71214393175e-13, 3.31312234592e-13, 1.81137589195e-13, 3.02167187823e-15], "max": [0.0505973175168, 0.0194401349872, 0.0169112198055, 0.0230359900743, 0.026071164757, 0.0344843566418, 0.0281296316534, 0.0137033443898, 0.00868396088481, 0.00889386609197, 0.00560728041455, 0.00701888650656, 0.00453781662509, 0.00187026616186, 0.00173024879768, 0.00207790057175, 0.00193021260202, 0.00101084075868, 0.000679895398207, 0.000611540512182, 0.000419720105128, 0.000341737410054, 0.000214404266444, 0.000174108208739, 0.000159536139108, 9.00642044144e-05, 9.79856413323e-05, 0.000108204869321, 0.000310934701702, 0.000238892185735, 0.000524524017237, 0.000179033973836, 7.35184003133e-05, 3.37401033903e-05, 9.28032659431e-06, 6.25847360425e-06, 6.08382470091e-06, 5.71681039219e-06, 4.07308334616e-06, 6.63863204409e-07], "mean": [0.00356117193587, 0.00160467217211, 0.000684737518895, 0.00061598821776, 0.000594533223193, 0.000563441659324, 0.000429972744314, 0.000228941484238, 0.000160919007612, 0.000161425312399, 0.000128353858599, 0.000131393346237, 0.000101172656287, 5.39829306945e-05, 4.90457969136e-05, 4.68644466309e-05, 3.23825152009e-05, 2.35803763644e-05, 2.10556354432e-05, 2.54415190284e-05, 1.72574073076e-05, 1.05894714579e-05, 8.78997343534e-06, 6.85451186655e-06, 6.40352436676e-06, 5.18748447575e-06, 3.39232701663e-06, 3.31500450557e-06, 3.74595197172e-06, 3.75386980522e-06, 2.93562152365e-06, 1.94980748347e-06, 1.31153103666e-06, 9.13665303415e-07, 6.49006437925e-07, 4.47265136927e-07, 3.26482336277e-07, 3.39494704349e-07, 1.96724030843e-07, 1.79931163302e-08], "median": [0.00135627691634, 0.00086645106785, 0.000398195057642, 0.000338099693181, 0.00019711983623, 0.000157016314915, 9.40608952078e-05, 5.84845838603e-05, 3.86839456041e-05, 3.95699353248e-05, 3.93047012039e-05, 3.43246210832e-05, 2.90944808512e-05, 1.74396318471e-05, 1.60582476383e-05, 1.22373267004e-05, 9.09061236598e-06, 6.18682543063e-06, 5.93287313677e-06, 5.20046023667e-06, 4.25349389843e-06, 3.06942047246e-06, 2.53225880442e-06, 2.30870614359e-06, 2.36029063672e-06, 2.10694815905e-06, 1.45454555422e-06, 1.34383003569e-06, 1.32360719363e-06, 1.20973766116e-06, 9.34270701691e-07, 6.4017456225e-07, 5.01528120367e-07, 3.64408606401e-07, 2.60292097209e-07, 1.82262112958e-07, 1.28170228209e-07, 1.18905461477e-07, 6.24398097671e-08, 5.12593567592e-09], "min": [1.19199399245e-23, 4.66112783675e-24, 4.3697632447e-24, 7.8662598339e-24, 5.4549782872e-24, 3.15112500186e-24, 1.5726167957e-24, 3.03813586276e-24, 7.94775468744e-24, 4.21346741684e-24, 1.06122885893e-23, 7.0472060664e-24, 4.14228415863e-24, 3.76259436089e-24, 3.75825996465e-24, 9.34681133576e-24, 1.59726931036e-23, 5.05030210915e-24, 5.6853978523e-24, 4.78714797193e-24, 1.16876156548e-23, 1.28788461087e-23, 9.47227019641e-24, 1.19265024584e-23, 8.93920138401e-24, 8.45135875617e-24, 6.59945729406e-24, 5.68166654021e-24, 8.21439282885e-24, 7.56895788025e-24, 9.7979135558e-24, 1.00994146161e-23, 8.74280420646e-24, 6.64231531818e-24, 8.08673146856e-24, 7.40882148307e-24, 1.04476517406e-23, 7.17755349807e-24, 8.02324236518e-24, 9.03452023605e-24], "var": [2.6766972951e-05, 4.47303045803e-06, 9.20846559893e-07, 9.6057567589e-07, 2.21092091124e-06, 2.37329072661e-06, 2.47533739639e-06, 3.37935205152e-07, 1.92100586105e-07, 2.23925709975e-07, 8.3132420059e-08, 1.30666961695e-07, 6.04898389156e-08, 1.27223991342e-08, 1.04647348564e-08, 9.98877691671e-09, 4.56061410858e-09, 3.3829106183e-09, 1.78869852263e-09, 2.41160824643e-09, 9.74875957738e-10, 3.75083186732e-10, 2.83247314492e-10, 1.33882058218e-10, 1.04027869652e-10, 5.87968562726e-11, 3.15924716943e-11, 3.51185920622e-11, 8.67583782593e-11, 1.08729095172e-10, 1.13298523341e-10, 3.2000239264e-11, 6.8285798023e-12, 2.10981579429e-12, 9.30060932783e-13, 4.45376428879e-13, 2.55851465231e-13, 2.95705679994e-13, 1.16687367234e-13, 1.36261989054e-15]}, "melbands_crest": {"dmean": 4.55758142471, "dmean2": 7.4781908989, "dvar": 15.2245464325, "dvar2": 37.1863441467, "max": 36.3304786682, "mean": 17.3548297882, "median": 16.1073112488, "min": 1.76464509964, "var": 52.07396698}, "melbands_flatness_db": {"dmean": 0.0373919419944, "dmean2": 0.0546048767865, "dvar": 0.00110032665543, "dvar2": 0.00233258726075, "max": 0.573195159435, "mean": 0.238995730877, "median": 0.234562933445, "min": 0.00515092303976, "var": 0.00499612512067}, "melbands_kurtosis": {"dmean": 12.8514728546, "dmean2": 20.6546993256, "dvar": 452.966522217, "dvar2": 1131.23376465, "max": 314.016113281, "mean": 20.7756576538, "median": 10.7651338577, "min": -1.63161158562, "var": 806.655212402}, "melbands_skewness": {"dmean": 1.05145680904, "dmean2": 1.63293457031, "dvar": 1.2113161087, "dvar2": 2.84822535515, "max": 15.1937294006, "mean": 3.19506072998, "median": 2.76215171814, "min": -0.532768964767, "var": 3.92909955978}, "melbands_spread": {"dmean": 5.8184428215, "dmean2": 9.01183795929, "dvar": 45.1130561829, "dvar2": 113.844589233, "max": 164.234390259, "mean": 15.9625682831, "median": 12.5017080307, "min": 0.488185703754, "var": 195.7940979}, "mfcc": {"cov": [[14849.3339844, 1659.29858398, -788.035888672, 675.613830566, -410.628479004, 292.532226562, -320.707885742, 293.141387939, -36.2690887451, 273.317657471, -193.164718628, 220.38571167, -173.692459106], [1659.29858398, 1420.91137695, -69.2838363647, -28.084444046, -26.0524215698, 21.4394302368, 31.092502594, -17.1662006378, -5.1406879425, -5.93123102188, 27.7869625092, -7.58372163773, 42.9936714172], [-788.035888672, -69.2838363647, 574.110534668, 149.736328125, 105.616645813, 50.6058197021, 96.5721130371, 22.488740921, 31.1245136261, 35.7748374939, 60.865978241, 20.2037601471, 20.8769645691], [675.613830566, -28.084444046, 149.736328125, 346.612243652, 37.0942687988, 51.4139709473, -9.53317642212, 26.2607040405, 2.82272171974, 47.3483200073, -5.34115552902, 29.4420032501, -19.0227165222], [-410.628479004, -26.0524215698, 105.616645813, 37.0942687988, 160.335174561, 39.8686599731, 41.0689582825, 13.007815361, 20.1471824646, -11.9328222275, 16.1747894287, -1.35961616039, 24.1633758545], [292.532226562, 21.4394302368, 50.6058197021, 51.4139709473, 39.8686599731, 156.054718018, 65.5247497559, 56.6157455444, 2.03745055199, 0.082383222878, -9.91675281525, 16.8802967072, -4.27129554749], [-320.707885742, 31.092502594, 96.5721130371, -9.53317642212, 41.0689582825, 65.5247497559, 134.47819519, 42.4130249023, 14.4495210648, -12.7897386551, 19.7239112854, -7.30272245407, 21.7366046906], [293.141387939, -17.1662006378, 22.488740921, 26.2607040405, 13.007815361, 56.6157455444, 42.4130249023, 103.732505798, 28.0742607117, 21.0159549713, 2.00613927841, 17.8663349152, -10.2613620758], [-36.2690887451, -5.1406879425, 31.1245136261, 2.82272171974, 20.1471824646, 2.03745055199, 14.4495210648, 28.0742607117, 79.2174911499, 36.4007644653, 22.1964702606, 5.83089828491, 5.91263151169], [273.317657471, -5.93123102188, 35.7748374939, 47.3483200073, -11.9328222275, 0.082383222878, -12.7897386551, 21.0159549713, 36.4007644653, 93.1327438354, 31.9777812958, 17.7120742798, -14.3776102066], [-193.164718628, 27.7869625092, 60.865978241, -5.34115552902, 16.1747894287, -9.91675281525, 19.7239112854, 2.00613927841, 22.1964702606, 31.9777812958, 81.6220169067, 17.7710342407, 3.19454550743], [220.38571167, -7.58372163773, 20.2037601471, 29.4420032501, -1.35961616039, 16.8802967072, -7.30272245407, 17.8663349152, 5.83089828491, 17.7120742798, 17.7710342407, 60.9564056396, 13.6348876953], [-173.692459106, 42.9936714172, 20.8769645691, -19.0227165222, 24.1633758545, -4.27129554749, 21.7366046906, -10.2613620758, 5.91263151169, -14.3776102066, 3.19454550743, 13.6348876953, 75.9493942261]], "icov": [[0.000148552790051, -0.000183800337254, 0.000187300116522, -0.000265842420049, 0.000220763366087, -0.000219203066081, 0.000281508866465, -0.000351266062353, 8.58747516759e-05, -0.000293457967928, 0.000284564128378, -0.000319198559737, 9.82163983281e-05], [-0.000183800337254, 0.000981513061561, -7.29612947907e-05, 0.000248196040047, -8.03237253422e-06, -4.1561168473e-05, -0.000420312921051, 0.000575428945012, -5.2874598623e-05, 0.00037848186912, -0.000894497905392, 0.000801509013399, -0.000725986785255], [0.000187300116522, -7.29612947907e-05, 0.00292707374319, -0.00143593316898, -0.000746151083149, -5.50771301278e-06, -0.00162978982553, 0.000272868201137, 7.44661738281e-05, -0.000947506166995, -0.000756579451263, -0.000771366409026, 3.0929557397e-05], [-0.000265842420049, 0.000248196040047, -0.00143593316898, 0.00458728102967, -0.00130154413637, -0.00043949202518, 0.000508898869157, 0.00047685278696, 0.000761338975281, -0.00164000678342, 0.00132676993962, -0.000904872373212, 0.00084025983233], [0.000220763366087, -8.03237253422e-06, -0.000746151083149, -0.00130154413637, 0.00916378386319, -0.00265381508507, 0.00105190486647, -0.000744459219277, -0.00231040362269, 0.0026165205054, -0.0021131709218, 0.00203643157147, -0.00267934286967], [-0.000219203066081, -4.1561168473e-05, -5.50771301278e-06, -0.00043949202518, -0.00265381508507, 0.0117571773008, -0.00610680598766, -0.00229445588775, 0.00151826185174, -0.000401754834456, 0.00347101688385, -0.00402588117868, 0.00273944274522], [0.000281508866465, -0.000420312921051, -0.00162978982553, 0.000508898869157, 0.00105190486647, -0.00610680598766, 0.0162059348077, -0.00610864628106, -0.000302650441881, 0.0031031393446, -0.00498303631321, 0.00637095561251, -0.00500751426443], [-0.000351266062353, 0.000575428945012, 0.000272868201137, 0.00047685278696, -0.000744459219277, -0.00229445588775, -0.00610864628106, 0.0172157604247, -0.0049502379261, -0.00150540808681, 0.00256138923578, -0.00486033596098, 0.00396265788004], [8.58747516759e-05, -5.2874598623e-05, 7.44661738281e-05, 0.000761338975281, -0.00231040362269, 0.00151826185174, -0.000302650441881, -0.0049502379261, 0.01884762384, -0.00745726749301, -0.00139325403143, 0.00155466073193, -0.00246469210833], [-0.000293457967928, 0.00037848186912, -0.000947506166995, -0.00164000678342, 0.0026165205054, -0.000401754834456, 0.0031031393446, -0.00150540808681, -0.00745726749301, 0.0195629037917, -0.00719573302194, -3.66958665836e-05, 0.00161091471091], [0.000284564128378, -0.000894497905392, -0.000756579451263, 0.00132676993962, -0.0021131709218, 0.00347101688385, -0.00498303631321, 0.00256138923578, -0.00139325403143, -0.00719573302194, 0.0207767449319, -0.00855715665966, 0.00374574330635], [-0.000319198559737, 0.000801509013399, -0.000771366409026, -0.000904872373212, 0.00203643157147, -0.00402588117868, 0.00637095561251, -0.00486033596098, 0.00155466073193, -3.66958665836e-05, -0.00855715665966, 0.0260697826743, -0.00900090113282], [9.82163983281e-05, -0.000725986785255, 3.0929557397e-05, 0.00084025983233, -0.00267934286967, 0.00273944274522, -0.00500751426443, 0.00396265788004, -0.00246469210833, 0.00161091471091, 0.00374574330635, -0.00900090113282, 0.0189344026148]], "mean": [-689.009277344, 140.5730896, 1.65182578564, 29.7384376526, -4.13241863251, 16.9046707153, -1.02988922596, 8.12478351593, -2.15703558922, 4.16837215424, -4.11603498459, 5.19272661209, -2.70470881462]}, "pitch_salience": {"dmean": 0.0937853455544, "dmean2": 0.153234779835, "dvar": 0.00652164407074, "dvar2": 0.0164701454341, "max": 0.946326732635, "mean": 0.530511677265, "median": 0.551520347595, "min": 0.110580004752, "var": 0.0216059349477}, "silence_rate_20dB": {"dmean": 0, "dmean2": 0, "dvar": 0, "dvar2": 0, "max": 1, "mean": 1, "median": 1, "min": 1, "var": 0}, "silence_rate_30dB": {"dmean": 0.0188342258334, "dmean2": 0.0376745685935, "dvar": 0.0184780005366, "dvar2": 0.0453505367041, "max": 1, "mean": 0.98262989521, "median": 1, "min": 0, "var": 0.0170693863183}, "silence_rate_60dB": {"dmean": 0.018509497866, "dmean2": 0.0370250083506, "dvar": 0.0181676130742, "dvar2": 0.042152069509, "max": 1, "mean": 0.101136364043, "median": 0, "min": 0, "var": 0.0909042134881}, "spectral_centroid": {"dmean": 266.983062744, "dmean2": 383.280334473, "dvar": 86131.828125, "dvar2": 159728.296875, "max": 11213.3632812, "mean": 1075.89379883, "median": 927.991821289, "min": 188.083358765, "var": 418726.53125}, "spectral_complexity": {"dmean": 4.20944976807, "dmean2": 5.48457288742, "dvar": 20.9592533112, "dvar2": 30.0950660706, "max": 61, "mean": 15.7264614105, "median": 14, "min": 0, "var": 111.886062622}, "spectral_contrast_coeffs": {"dmean": [0.0528999045491, 0.0527546964586, 0.0408822484314, 0.0306195765734, 0.0217809863389, 0.0316018238664], "dmean2": [0.0872397124767, 0.0863696113229, 0.0670467019081, 0.0486583709717, 0.0339081548154, 0.0474627912045], "dvar": [0.00178532896098, 0.00176884396933, 0.00107960833702, 0.00063998461701, 0.000369104323909, 0.000820087210741], "dvar2": [0.00473396107554, 0.00458077620715, 0.00278325937688, 0.00149940769188, 0.00082133023534, 0.00178336817771], "max": [-0.306596845388, -0.398998141289, -0.553975105286, -0.561134755611, -0.638023495674, -0.493496060371], "mean": [-0.7014503479, -0.7645829916, -0.803262114525, -0.815335452557, -0.829982221127, -0.734887480736], "median": [-0.707330584526, -0.773883700371, -0.80673032999, -0.820500254631, -0.833872318268, -0.727535188198], "min": [-0.979134440422, -0.989418327808, -0.960018455982, -0.965207695961, -0.965654313564, -0.962898313999], "var": [0.00693164533004, 0.00593359069899, 0.00330594694242, 0.00254054833204, 0.00174005352892, 0.00347185903229]}, "spectral_contrast_valleys": {"dmean": [0.423242002726, 0.416603714228, 0.389829158783, 0.376630932093, 0.388338118792, 0.496418863535], "dmean2": [0.672330081463, 0.640131115913, 0.567010045052, 0.523552775383, 0.489435732365, 0.688679337502], "dvar": [0.127314820886, 0.124454498291, 0.128928810358, 0.131398409605, 0.157100871205, 0.217515528202], "dvar2": [0.29518020153, 0.259518772364, 0.234525635839, 0.219268769026, 0.266494244337, 0.461613833904], "max": [-5.14424753189, -4.21488571167, -4.87613868713, -5.66933917999, -5.83037471771, -8.91235733032], "mean": [-7.18849420547, -6.87381219864, -7.39006567001, -7.94435119629, -8.00243091583, -11.0925207138], "median": [-6.72177886963, -6.54802465439, -7.05373096466, -7.64706420898, -7.63693523407, -10.7453269958], "min": [-27.2362480164, -27.5568885803, -27.4853935242, -27.3891391754, -27.2020168304, -27.3046131134], "var": [3.48885011673, 3.01944828033, 2.8670732975, 2.74225473404, 2.61400127411, 2.09978508949]}, "spectral_decrease": {"dmean": 3.55906526472e-09, "dmean2": 5.30739052707e-09, "dvar": 2.16592429206e-17, "dvar2": 4.85226000208e-17, "max": 2.21543731761e-19, "mean": -8.03515121106e-09, "median": -6.06245897927e-09, "min": -5.27957411123e-08, "var": 5.4843424571e-17}, "spectral_energy": {"dmean": 0.0138333942741, "dmean2": 0.0204853657633, "dvar": 0.000319473416312, "dvar2": 0.00071104633389, "max": 0.204465702176, "mean": 0.0317194350064, "median": 0.024059234187, "min": 1.06278572326e-20, "var": 0.000839025189634}, "spectral_energyband_high": {"dmean": 0.000268412259175, "dmean2": 0.000330446782755, "dvar": 3.0688232755e-07, "dvar2": 5.48526770672e-07, "max": 0.0206670630723, "mean": 0.000466573110316, "median": 0.000199685426196, "min": 7.52621023986e-21, "var": 8.05742502052e-07}, "spectral_energyband_low": {"dmean": 0.00939323566854, "dmean2": 0.014986298047, "dvar": 0.000229632350965, "dvar2": 0.000546031340491, "max": 0.174947202206, "mean": 0.0153947034851, "median": 0.00799940340221, "min": 6.88430834051e-23, "var": 0.000368935376173}, "spectral_energyband_middle_high": {"dmean": 0.0018520555459, "dmean2": 0.00246710982174, "dvar": 1.02865396912e-05, "dvar2": 1.98075813387e-05, "max": 0.060054641217, "mean": 0.0039546713233, "median": 0.00150165567175, "min": 1.47039452012e-21, "var": 3.72084396076e-05}, "spectral_energyband_middle_low": {"dmean": 0.00543761905283, "dmean2": 0.00810715090483, "dvar": 8.22823130875e-05, "dvar2": 0.000176287605427, "max": 0.17695851624, "mean": 0.011334897019, "median": 0.00610961019993, "min": 2.47290601956e-22, "var": 0.000229130324442}, "spectral_entropy": {"dmean": 0.210286855698, "dmean2": 0.292656064034, "dvar": 0.0423565208912, "dvar2": 0.0819825530052, "max": 9.80315113068, "mean": 7.59438085556, "median": 7.63591194153, "min": 5.81466913223, "var": 0.159806787968}, "spectral_flux": {"dmean": 0.0292154792696, "dmean2": 0.0471719279885, "dvar": 0.00106251216494, "dvar2": 0.00277444836684, "max": 0.33084321022, "mean": 0.0940494909883, "median": 0.0877405703068, "min": 6.86948484208e-11, "var": 0.00292047252879}, "spectral_kurtosis": {"dmean": 1.96763181686, "dmean2": 2.89486122131, "dvar": 7.32455062866, "dvar2": 16.9720058441, "max": 58.3518257141, "mean": 7.58297300339, "median": 6.60853004456, "min": -1.2301466465, "var": 17.0355892181}, "spectral_rms": {"dmean": 0.0011351123685, "dmean2": 0.00163539149798, "dvar": 1.40370013924e-06, "dvar2": 2.91234096039e-06, "max": 0.0141236940399, "mean": 0.00493109645322, "median": 0.00484483502805, "min": 3.22003751788e-12, "var": 6.63010359858e-06}, "spectral_rolloff": {"dmean": 420.70489502, "dmean2": 705.348266602, "dvar": 1107195.125, "dvar2": 3241743.5, "max": 22028.4667969, "mean": 903.981018066, "median": 581.396484375, "min": 43.06640625, "var": 1881359.125}, "spectral_skewness": {"dmean": 0.263325542212, "dmean2": 0.366982638836, "dvar": 0.0791972875595, "dvar2": 0.161450967193, "max": 5.50273370743, "mean": 1.8899487257, "median": 1.80724871159, "min": -0.0139204729348, "var": 0.261415868998}, "spectral_spread": {"dmean": 519829.75, "dmean2": 741859.5625, "dvar": 383664291840, "dvar2": 720273539072, "max": 42452040, "mean": 4310844.5, "median": 4203922.5, "min": 1055379.5, "var": 1978132987900.0}, "spectral_strongpeak": {"dmean": 0.367385804653, "dmean2": 0.602896273136, "dvar": 0.380805104971, "dvar2": 0.943654716015, "max": 6.64712333679, "mean": 0.518916487694, "median": 0.23555