{"lowlevel": {"average_loudness": 0.889899909496, "barkbands": {"dmean": [0.0034704473801, 0.00647213496268, 0.00274176243693, 0.000964806298725, 0.0016318175476, 0.00164603046142, 0.00114132103045, 0.000991591252387, 0.00133745092899, 0.000479406415252, 0.000309744791593, 0.000385741790524, 0.000398254662286, 0.000217792970943, 0.000344005558873, 0.000177304551471, 0.000120026299555, 0.000125617458252, 0.00010939357162, 0.000124143989524, 0.000338099489454, 7.36507936381e-05, 1.71452993527e-05, 2.1492066935e-06, 1.79949006451e-06, 6.16012357568e-06, 0.000114120157377], "dmean2": [0.00573924276978, 0.0106935584918, 0.00453224824741, 0.00165019265842, 0.00254409387708, 0.00261911540292, 0.00182101991959, 0.00158973131329, 0.00214362773113, 0.000765826436691, 0.000502919370774, 0.000619803264271, 0.000650060770568, 0.000350076792529, 0.000557328748982, 0.000286393187707, 0.000189315818716, 0.000192712454009, 0.000158365000971, 0.00018010410713, 0.000494486710522, 0.000112888708827, 2.44582788582e-05, 3.57238127435e-06, 3.00883243654e-06, 9.0903522505e-06, 0.000158630136866], "dvar": [5.33008242201e-05, 0.000186179342563, 2.45888495556e-05, 2.33550326811e-06, 1.50615069288e-05, 1.31611104734e-05, 9.48946399149e-06, 6.76813624523e-06, 1.38727600643e-05, 1.80236065717e-06, 8.04356943718e-07, 1.43622094129e-06, 8.67693756845e-07, 1.44032668459e-07, 2.99078124044e-07, 8.95250735766e-08, 5.36310693633e-08, 6.08782073641e-08, 3.84100999895e-08, 7.63819159033e-08, 7.69868506723e-07, 3.41483996635e-08, 1.23247212436e-09, 1.4096073267e-11, 1.09674084051e-11, 1.25618307423e-10, 3.89697589753e-08], "dvar2": [0.000131048014737, 0.000492972088978, 6.19453567197e-05, 6.61201784169e-06, 3.20513936458e-05, 3.17934063787e-05, 2.28029512073e-05, 1.65042802109e-05, 3.47970890289e-05, 4.24986410508e-06, 2.03654008146e-06, 3.78651861865e-06, 2.35773791246e-06, 3.64558474075e-07, 7.71907764374e-07, 2.2590350568e-07, 1.34504887228e-07, 1.4345276611e-07, 8.4420918256e-08, 1.75539483394e-07, 1.74321121449e-06, 8.36178486452e-08, 2.62395216666e-09, 3.49330321614e-11, 2.71744484553e-11, 2.72135480817e-10, 7.84589033742e-08], "max": [0.124010831118, 0.155042916536, 0.0888169333339, 0.0292581375688, 0.105831950903, 0.0831282064319, 0.072735093534, 0.058634236455, 0.080673225224, 0.0382332243025, 0.0248600132763, 0.0303840152919, 0.0332259051502, 0.0125268576667, 0.00830036960542, 0.00607390562072, 0.00669129239395, 0.00567830167711, 0.00421273289248, 0.00781758781523, 0.0152902398258, 0.00583853758872, 0.00082595978165, 5.98584847467e-05, 4.71562852908e-05, 0.000182535062777, 0.00388743798248], "mean": [0.00483637396246, 0.00997639633715, 0.00364907458425, 0.00134436413646, 0.00259737833403, 0.00239879381843, 0.00168844289146, 0.00147802964784, 0.00191256997641, 0.000700424541719, 0.000450640160125, 0.000615909288172, 0.000651729176752, 0.000365541462088, 0.000622903229669, 0.000291975680739, 0.00018406122399, 0.000186054283404, 0.000176323970663, 0.000172939500771, 0.000422130688094, 8.10378405731e-05, 2.20259607886e-05, 2.1291957637e-06, 1.65598385138e-06, 7.96837866801e-06, 0.000187249985174], "median": [0.00129249936435, 0.00436443882063, 0.00142803287599, 0.000667372834869, 0.00114734889939, 0.00080036156578, 0.000374740047846, 0.000334489217494, 0.000281942862784, 0.00023294116545, 0.000154527588165, 0.000187921657925, 0.000277257495327, 0.000202646202524, 0.000337767676683, 0.000158169816132, 8.23331065476e-05, 8.88044669409e-05, 7.48778693378e-05, 5.45914735994e-05, 7.89014156908e-05, 2.020973443e-05, 6.37275161353e-06, 7.2257694228e-07, 4.39128257312e-07, 2.84896441372e-06, 9.16219651117e-05], "min": [3.51979875148e-24, 8.05706556535e-24, 1.11642119662e-23, 2.27897860773e-23, 3.72980756618e-23, 2.92380566012e-23, 2.60745255783e-23, 1.55084042846e-23, 2.58973963284e-23, 2.56691331146e-23, 4.26564606921e-23, 8.14637282398e-23, 7.99784672383e-23, 8.66707908159e-23, 8.0221890781e-23, 1.00999193293e-22, 1.43101084768e-22, 1.61759475334e-22, 1.88894384586e-22, 2.76710191228e-22, 4.82023346094e-22, 4.00014956731e-22, 6.66044122764e-22, 7.0443769272e-22, 1.0760493907e-21, 1.64601540489e-21, 2.23241305095e-21], "var": [7.38134694984e-05, 0.000224308139877, 3.87992731703e-05, 3.75140166398e-06, 2.93996381515e-05, 2.04858770303e-05, 1.77268757398e-05, 1.24289927044e-05, 2.45379578701e-05, 3.19480182043e-06, 1.38370000968e-06, 2.83540680357e-06, 1.86052795925e-06, 2.76642339259e-07, 6.40984126221e-07, 1.60627706691e-07, 8.68671108378e-08, 8.71793233159e-08, 7.47519663946e-08, 1.10797735431e-07, 1.01515945516e-06, 3.82205378457e-08, 1.93500526713e-09, 1.4915626026e-11, 1.11897114838e-11, 1.95748625642e-10, 7.44045038914e-08]}, "barkbands_crest": {"dmean": 2.8255674839, "dmean2": 4.62626266479, "dvar": 5.88880872726, "dvar2": 15.2976083755, "max": 25.5758953094, "mean": 10.5588130951, "median": 9.88060283661, "min": 2.44035387039, "var": 18.5191764832}, "barkbands_flatness_db": {"dmean": 0.0293042119592, "dmean2": 0.0450664274395, "dvar": 0.000666809326503, "dvar2": 0.00157745508477, "max": 0.472460210323, "mean": 0.147442102432, "median": 0.141840979457, "min": 0.0327860191464, "var": 0.00272729829885}, "barkbands_kurtosis": {"dmean": 5.01111078262, "dmean2": 8.06444835663, "dvar": 119.997428894, "dvar2": 300.051818848, "max": 256.231536865, "mean": 7.44797182083, "median": 3.07507562637, "min": -1.77005338669, "var": 222.912994385}, "barkbands_skewness": {"dmean": 0.713913142681, "dmean2": 1.11171638966, "dvar": 0.610576927662, "dvar2": 1.42841219902, "max": 12.7648086548, "mean": 1.92974436283, "median": 1.62252807617, "min": -2.24256062508, "var": 2.43855237961}, "barkbands_spread": {"dmean": 7.64354133606, "dmean2": 11.7335529327, "dvar": 78.7890014648, "dvar2": 190.889572144, "max": 120.80380249, "mean": 23.0061893463, "median": 18.5735225677, "min": 0.341021299362, "var": 260.272338867}, "dissonance": {"dmean": 0.0191284939647, "dmean2": 0.0321948081255, "dvar": 0.000429767649621, "dvar2": 0.00115244754124, "max": 0.500000119209, "mean": 0.468120336533, "median": 0.477807193995, "min": 0.285747230053, "var": 0.000884350214619}, "dynamic_complexity": 3.96928215027, "erbbands": {"dmean": [0.361988693476, 0.892075538635, 2.62022519112, 3.38714528084, 2.46862220764, 6.18876123428, 12.2104053497, 14.3506937027, 15.3392896652, 18.1164913177, 19.8031635284, 30.1031208038, 22.3428230286, 11.2693328857, 14.3799419403, 14.2459373474, 16.1069393158, 12.638250351, 12.9763221741, 16.5250759125, 7.84558200836, 6.34057235718, 6.44405651093, 6.29385471344, 6.39699077606, 5.15924358368, 14.1785898209, 8.27394962311, 2.78137564659, 1.50132286549, 0.514769792557, 0.0796768516302, 0.0307615417987, 0.0203830171376, 0.0126848677173, 0.00716711115092, 0.0107531156391, 0.0305989384651, 0.0223843790591, 0.00154958944768], "dmean2": [0.608503937721, 1.44687330723, 4.30287313461, 5.74108791351, 4.02898836136, 9.79909324646, 19.172870636, 22.9576663971, 24.5636730194, 29.3206157684, 31.2509174347, 48.2307167053, 35.8699150085, 17.9454250336, 23.0443973541, 23.1661224365, 26.2738876343, 20.2908382416, 20.883852005, 27.0104732513, 12.2805366516, 9.85323047638, 9.8518781662, 9.40371131897, 8.93375110626, 7.21786594391, 20.908290863, 11.9714298248, 4.20083284378, 2.36723780632, 0.73752617836, 0.125223249197, 0.0511447526515, 0.0340529717505, 0.0211956165731, 0.0119216106832, 0.0160015877336, 0.0444986596704, 0.0311780180782, 0.00221081799828], "dvar": [0.604626357555, 3.26856446266, 21.7213478088, 32.7320632935, 15.4034872055, 217.31086731, 884.836181641, 1014.2911377, 1844.17993164, 2043.73596191, 3420.08886719, 7265.04443359, 3800.46533203, 918.532958984, 2343.77612305, 2006.91210938, 1455.84411621, 535.867431641, 438.974884033, 720.942687988, 180.117019653, 145.836730957, 164.095245361, 129.023193359, 159.38973999, 108.424484253, 1498.953125, 342.334655762, 33.5989189148, 36.2356719971, 1.19857251644, 0.0176132060587, 0.00309298117645, 0.0014033006737, 0.000544462993275, 0.000169420280145, 0.000333575822879, 0.00469631655142, 0.00239439215511, 6.39489871901e-06], "dvar2": [1.63799989223, 8.39844322205, 54.1906166077, 92.3922271729, 39.0197296143, 483.659362793, 1974.79284668, 2516.77539062, 4340.44628906, 5146.12646484, 8189.15820312, 17824.7285156, 9481.68554688, 2098.33764648, 5751.234375, 5228.67236328, 3783.02734375, 1381.9744873, 1134.12487793, 1879.03735352, 431.859466553, 352.274139404, 390.815887451, 287.887969971, 332.101593018, 239.278610229, 3514.86425781, 736.045593262, 77.0783004761, 95.3186950684, 2.6770401001, 0.041446827352, 0.00764222210273, 0.00347566697747, 0.00134853075724, 0.000418471987359, 0.000724660465494, 0.0107937650755, 0.00502622732893, 1.36571206895e-05], "max": [9.64127826691, 27.6658287048, 73.2430953979, 112.256103516, 85.6970291138, 333.808197021, 664.161987305, 605.967163086, 1205.609375, 1287.62866211, 1498.06188965, 2482.52050781, 1226.79797363, 1498.89794922, 1721.44726562, 1371.04260254, 1796.54125977, 739.57611084, 344.775482178, 487.611297607, 399.912109375, 370.474914551, 275.203033447, 213.688461304, 255.055435181, 220.365631104, 709.683959961, 319.875823975, 109.210998535, 253.397628784, 23.8877162933, 2.11040759087, 0.786327540874, 0.532688558102, 0.332655102015, 0.186366811395, 0.261488646269, 2.03878879547, 0.872430682182, 0.0414250306785], "mean": [0.53192293644, 1.34897065163, 3.58274769783, 5.00928068161, 4.07144117355, 9.18485355377, 18.2923202515, 20.472360611, 23.0083885193, 29.2339420319, 30.3062896729, 43.7286605835, 33.0932922363, 18.0517044067, 22.4800300598, 24.1290683746, 28.5657176971, 23.4621982574, 24.602388382, 30.1670360565, 14.1469173431, 10.1320638657, 9.74653625488, 10.1254434586, 9.94659328461, 7.42631626129, 17.0823917389, 10.8658876419, 3.22500228882, 1.52916121483, 0.658537328243, 0.0958286449313, 0.0298670846969, 0.0189318601042, 0.0117527572438, 0.00694309733808, 0.0138078378513, 0.0379059873521, 0.0307717900723, 0.00288768624887], "median": [0.204017862678, 0.649073064327, 1.60483443737, 2.5473651886, 2.534460783, 3.68875455856, 5.47727584839, 6.65820884705, 5.79848909378, 7.8137087822, 6.92918539047, 6.60759878159, 7.74541091919, 8.25737476349, 6.89604187012, 8.42383003235, 12.7805089951, 12.7467279434, 14.5815830231, 16.7469120026, 8.04993438721, 4.85506677628, 4.85165548325, 4.61477470398, 3.26460886002, 2.46833634377, 3.16628718376, 2.45881271362, 0.909159660339, 0.341153919697, 0.179631471634, 0.0394340790808, 0.00965589471161, 0.00519691687077, 0.00317763257772, 0.00222047232091, 0.00533809419721, 0.011213902384, 0.00899957865477, 0.00169451767579], "min": [4.78293965144e-22, 5.0002386453e-22, 1.12899870401e-20, 4.22477780347e-20, 1.19571232291e-19, 6.87074569856e-20, 1.26620995384e-19, 2.30040039875e-19, 3.98114506648e-19, 3.8261694183e-19, 4.36232100798e-19, 5.61665251898e-19, 4.33239283794e-19, 8.34232068781e-19, 2.20150873347e-18, 3.36656305454e-18, 3.21665331893e-18, 3.90303807185e-18, 4.79629014942e-18, 4.74270042626e-18, 6.36368822237e-18, 7.0723272357e-18, 9.69896151588e-18, 5.8251208517e-18, 1.25524318811e-17, 1.40202862119e-17, 2.07452447397e-17, 1.6962779409e-17, 1.49701079308e-17, 1.55994385214e-17, 1.65347481836e-17, 1.54315109309e-17, 1.14263156398e-17, 1.17613825177e-17, 7.68355166983e-18, 5.89684278749e-18, 3.25510170777e-18, 1.21049186911e-18, 2.83761465703e-19, 3.26308566797e-20], "var": [0.68228495121, 4.07844781876, 33.6601715088, 51.2274780273, 27.4648571014, 383.401367188, 1591.0447998, 1545.03820801, 3237.86206055, 3865.7878418, 5927.20703125, 13167.4824219, 6840.75927734, 1489.50012207, 4650.7734375, 3863.40576172, 3790.01977539, 1249.57397461, 927.911621094, 1537.56176758, 347.394317627, 231.308609009, 228.146499634, 234.574981689, 305.853363037, 175.77684021, 1798.18347168, 526.323181152, 45.1916275024, 29.4978179932, 1.75508677959, 0.0231673270464, 0.00322070694529, 0.00143510987982, 0.000556598708499, 0.000176059373189, 0.000522560847457, 0.00619857385755, 0.00381747120991, 1.25801643662e-05]}, "erbbands_crest": {"dmean": 2.62201309204, "dmean2": 4.32060480118, "dvar": 6.27589988708, "dvar2": 15.808339119, "max": 28.0363807678, "mean": 8.1963558197, "median": 7.27615785599, "min": 2.47419762611, "var": 14.3147277832}, "erbbands_flatness_db": {"dmean": 0.0231950841844, "dmean2": 0.0353054217994, "dvar": 0.000374731927877, "dvar2": 0.000834200123791, "max": 0.331817090511, "mean": 0.157926470041, "median": 0.151229798794, "min": 0.0371989235282, "var": 0.00178657018114}, "erbbands_kurtosis": {"dmean": 1.00132119656, "dmean2": 1.61670386791, "dvar": 1.88166475296, "dvar2": 4.66638374329, "max": 25.0983638763, "mean": 0.376899987459, "median": -0.198796510696, "min": -1.8234205246, "var": 3.81449341774}, "erbbands_skewness": {"dmean": 0.395119398832, "dmean2": 0.612493932247, "dvar": 0.117492482066, "dvar2": 0.272152245045, "max": 3.34406280518, "mean": -0.00146098446567, "median": -0.065913207829, "min": -3.38305234909, "var": 0.669926166534}, "erbbands_spread": {"dmean": 8.19773197174, "dmean2": 12.5753793716, "dvar": 55.2525291443, "dvar2": 128.735366821, "max": 126.345046997, "mean": 35.2455253601, "median": 33.4453659058, "min": 2.98960113525, "var": 266.100097656}, "gfcc": {"cov": [[10431.6152344, 960.559020996, -412.162261963, -220.351715088, -91.7851257324, -257.951843262, 244.247955322, -108.818847656, 197.264389038, 166.667434692, -18.0239105225, -25.1721572876, 100.027290344], [960.559020996, 1322.90515137, 98.5125427246, -379.197998047, 90.8122024536, 103.955055237, -126.929077148, 88.3919372559, 99.2863540649, 43.8983879089, 15.3169050217, -128.96546936, 107.384353638], [-412.162261963, 98.5125427246, 408.690948486, 119.025917053, -29.4264545441, 184.779052734, -116.725761414, 184.912475586, -44.8094100952, 51.3937263489, -5.89324378967, -38.3305854797, 27.3700962067], [-220.351715088, -379.197998047, 119.025917053, 438.086181641, 126.483879089, -46.0753860474, 177.282501221, -58.8943557739, -33.6910247803, -38.6495704651, -5.21409368515, 64.6413955688, -71.3420181274], [-91.7851257324, 90.8122024536, -29.4264545441, 126.483879089, 261.928070068, 76.4011764526, 86.1555099487, -61.343624115, -29.0137882233, -55.8098182678, 22.6189365387, 13.7103414536, 1.7340003252], [-257.951843262, 103.955055237, 184.779052734, -46.0753860474, 76.4011764526, 347.861663818, -123.601066589, 150.543899536, -88.7722930908, 11.2889614105, 6.60120725632, -25.1307868958, 56.5400428772], [244.247955322, -126.929077148, -116.725761414, 177.282501221, 86.1555099487, -123.601066589, 313.726318359, -87.4936294556, 72.9753265381, -33.3056907654, -1.18741476536, 64.7112045288, -53.3687782288], [-108.818847656, 88.3919372559, 184.912475586, -58.8943557739, -61.343624115, 150.543899536, -87.4936294556, 313.024658203, 42.3432655334, 85.1229248047, 22.682390213, -49.9252243042, 71.3517913818], [197.264389038, 99.2863540649, -44.8094100952, -33.6910247803, -29.0137882233, -88.7722930908, 72.9753265381, 42.3432655334, 181.128662109, 54.3533477783, 3.33805012703, 21.7296047211, -12.2252817154], [166.667434692, 43.8983879089, 51.3937263489, -38.6495704651, -55.8098182678, 11.2889614105, -33.3056907654, 85.1229248047, 54.3533477783, 106.780426025, 42.4307861328, -9.81794452667, 35.3807830811], [-18.0239105225, 15.3169050217, -5.89324378967, -5.21409368515, 22.6189365387, 6.60120725632, -1.18741476536, 22.682390213, 3.33805012703, 42.4307861328, 75.1233673096, 28.7717876434, 27.1382484436], [-25.1721572876, -128.96546936, -38.3305854797, 64.6413955688, 13.7103414536, -25.1307868958, 64.7112045288, -49.9252243042, 21.7296047211, -9.81794452667, 28.7717876434, 102.218307495, 5.22126150131], [100.027290344, 107.384353638, 27.3700962067, -71.3420181274, 1.7340003252, 56.5400428772, -53.3687782288, 71.3517913818, -12.2252817154, 35.3807830811, 27.1382484436, 5.22126150131, 105.406181335]], "icov": [[0.00014396289771, -0.000333634787239, 0.000621408340521, -0.000522167771123, 0.000383691687603, -0.000159670511493, -1.54107310664e-05, -0.000101952340628, 0.000300042564049, -0.000633568444755, 0.000483249634271, -0.000211758495425, -3.74146657123e-05], [-0.000333634787239, 0.00348429731093, -0.00537304813042, 0.00575862452388, -0.00410235254094, 0.00173509772867, -0.00118248991203, 0.00174865266308, -0.00271357409656, 0.00262792943977, -0.00220766873099, 0.00275652273558, -0.0013508972479], [0.000621408340521, -0.00537304813042, 0.0160783547908, -0.0151476440951, 0.0107080573216, -0.00753286341205, 0.00437564076856, -0.0028631426394, 0.000944059633184, -0.00254604709335, 0.00125971925445, 0.000773004256189, -0.000923595100176], [-0.000522167771123, 0.00575862452388, -0.0151476440951, 0.0224137362093, -0.0180606767535, 0.0119533361867, -0.00565449753776, -0.0026384354569, 0.00765833212063, -0.00775945791975, 0.00926185492426, -0.0104626249522, 0.0081672212109], [0.000383691687603, -0.00410235254094, 0.0107080573216, -0.0180606767535, 0.0241104513407, -0.0148743810132, 0.00096929789288, 0.00723099382594, -0.011750575155, 0.0166959930211, -0.0188185535371, 0.0163401346654, -0.0109426733106], [-0.000159670511493, 0.00173509772867, -0.00753286341205, 0.0119533361867, -0.0148743810132, 0.0151061071083, -0.000601005449425, -0.0077152242884, 0.011963932775, -0.0112771382555, 0.013594051823, -0.0137664070353, 0.00784515123814], [-1.54107310664e-05, -0.00118248991203, 0.00437564076856, -0.00565449753776, 0.00096929789288, -0.000601005449425, 0.00785293616354, -0.000967172847595, -0.00244763749652, 0.000937117612921, 0.000309035269311, -0.00150745734572, 0.000589849834796], [-0.000101952340628, 0.00174865266308, -0.0028631426394, -0.0026384354569, 0.00723099382594, -0.0077152242884, -0.000967172847595, 0.0134575031698, -0.0127444630489, 0.0101566836238, -0.0135545581579, 0.015128438361, -0.0104538323358], [0.000300042564049, -0.00271357409656, 0.000944059633184, 0.00765833212063, -0.011750575155, 0.011963932775, -0.00244763749652, -0.0127444630489, 0.0276855640113, -0.026365686208, 0.0248835217208, -0.0242066588253, 0.0154350381345], [-0.000633568444755, 0.00262792943977, -0.00254604709335, -0.00775945791975, 0.0166959930211, -0.0112771382555, 0.000937117612921, 0.0101566836238, -0.026365686208, 0.0468681640923, -0.038262590766, 0.0282442457974, -0.0176307596266], [0.000483249634271, -0.00220766873099, 0.00125971925445, 0.00926185492426, -0.0188185535371, 0.013594051823, 0.000309035269311, -0.0135545581579, 0.0248835217208, -0.038262590766, 0.0512229427695, -0.033112000674, 0.0142631446943], [-0.000211758495425, 0.00275652273558, 0.000773004256189, -0.0104626249522, 0.0163401346654, -0.0137664070353, -0.00150745734572, 0.015128438361, -0.0242066588253, 0.0282442457974, -0.033112000674, 0.0410607755184, -0.0195747967809], [-3.74146657123e-05, -0.0013508972479, -0.000923595100176, 0.0081672212109, -0.0109426733106, 0.00784515123814, 0.000589849834796, -0.0104538323358, 0.0154350381345, -0.0176307596266, 0.0142631446943, -0.0195747967809, 0.0250190012157]], "mean": [-22.3106040955, 105.126152039, -106.216903687, 13.1837968826, -14.1639156342, -22.1804389954, 5.7002954483, -24.0317516327, 1.9620770216, -0.0991538390517, -10.3022327423, 0.0719876885414, -8.69004058838]}, "hfc": {"dmean": 8.58953666687, "dmean2": 11.685915947, "dvar": 141.497634888, "dvar2": 276.106719971, "max": 198.433959961, "mean": 21.8806381226, "median": 15.6174535751, "min": 1.16984554143e-16, "var": 444.351654053}, "melbands": {"dmean": [0.00251866295002, 0.00117907486856, 0.000533420359716, 0.000266197137535, 0.000414765730966, 0.000317657220876, 0.000238229549723, 0.000206654032809, 0.000163816002896, 0.000201853894396, 0.000112078429083, 4.65803132101e-05, 4.39700997958e-05, 4.0335344238e-05, 4.06607250625e-05, 4.18322597397e-05, 2.35331281147e-05, 1.98081706912e-05, 2.69926749752e-05, 1.66813424585e-05, 8.8815604613e-06, 7.11483062332e-06, 6.11618133917e-06, 6.17108617007e-06, 5.31748719368e-06, 4.05134233006e-06, 6.40708640276e-06, 2.56566613643e-06, 6.03266653343e-06, 1.23027475638e-05, 3.00136343867e-06, 1.57114641297e-06, 1.26496672692e-06, 6.08965706306e-07, 3.49225416585e-07, 1.10051743718e-07, 2.91283495102e-08, 2.15496793743e-08, 1.8830847992e-08, 1.65975073685e-08], "dmean2": [0.00417384598404, 0.00189585401677, 0.000893030664884, 0.000425761623774, 0.000646175292786, 0.000506772426888, 0.000380390934879, 0.000333184405463, 0.000259349471889, 0.000323436048348, 0.000180167189683, 7.40916584618e-05, 7.0878661063e-05, 6.45610198262e-05, 6.78818760207e-05, 6.89061707817e-05, 3.78710356017e-05, 3.20850995195e-05, 4.37351700384e-05, 2.72553752438e-05, 1.40427919177e-05, 1.12999678095e-05, 9.55346786213e-06, 9.51345646172e-06, 8.16506417323e-06, 5.95092433286e-06, 9.44459316088e-06, 3.73109446627e-06, 8.94898039405e-06, 1.84574892046e-05, 4.46784906671e-06, 2.3843335839e-06, 2.0392380975e-06, 9.53568417117e-07, 5.01914257711e-07, 1.70382520537e-07, 4.83415618646e-08, 3.60075560479e-08, 3.14762118592e-08, 2.7746557052e-08], "dvar": [2.90960851999e-05, 3.89737579098e-06, 7.33526917429e-07, 2.36611015225e-07, 1.05600395273e-06, 4.95182746363e-07, 4.0644914634e-07, 2.50886017739e-07, 2.30476189245e-07, 3.44296694266e-07, 9.78930358997e-08, 1.62134927706e-08, 1.78885830593e-08, 1.38540032779e-08, 1.95208169629e-08, 1.15979599258e-08, 1.76796810525e-09, 9.95194038289e-10, 1.85374504635e-09, 7.59965090857e-10, 2.72186939654e-10, 1.93556448647e-10, 1.4396583925e-10, 1.68371941389e-10, 9.41526995257e-11, 5.69709765474e-11, 2.58866428293e-10, 2.34067869254e-11, 2.46814790827e-10, 1.173555364e-09, 3.7331155528e-11, 1.04326235151e-11, 1.95945482062e-11, 5.50883210576e-12, 6.66428500926e-13, 4.82309742004e-14, 2.63288354369e-15, 1.56850850667e-15, 1.19929753875e-15, 9.32440761634e-16], "dvar2": [7.73022111389e-05, 9.51481160882e-06, 2.01802413358e-06, 5.5272806776e-07, 2.28239400712e-06, 1.21298478462e-06, 9.67598793977e-07, 6.37260825442e-07, 5.57544353796e-07, 8.57178179103e-07, 2.43870431405e-07, 3.68356296576e-08, 4.44777903397e-08, 3.39298971141e-08, 5.53543451076e-08, 3.08761869405e-08, 4.53678428158e-09, 2.58095944616e-09, 4.72311212363e-09, 1.99009853041e-09, 6.56139254041e-10, 4.83465989465e-10, 3.53337942238e-10, 4.01963295982e-10, 2.16999779257e-10, 1.29537353066e-10, 5.9687427223e-10, 5.3005978079e-11, 5.88303072924e-10, 2.70570588157e-09, 8.63539656448e-11, 2.39574471372e-11, 5.09463513043e-11, 1.43256725926e-11, 1.52506306195e-12, 1.1671035232e-13, 6.5502929754e-15, 3.884438886e-15, 2.97132381633e-15, 2.31037087858e-15], "max": [0.0629021674395, 0.0313965827227, 0.0171357728541, 0.00885107554495, 0.0264622550458, 0.0126261282712, 0.0162006225437, 0.0115989539772, 0.0107540171593, 0.0161947607994, 0.00612907670438, 0.00652232859284, 0.00421566935256, 0.00317089050077, 0.00367941847071, 0.00407355604693, 0.00134503713343, 0.000465367193101, 0.000721429707482, 0.00057193019893, 0.000531114288606, 0.000419095653342, 0.000266406394076, 0.000447886850452, 0.000185056618648, 0.000153122033225, 0.0004959544749, 8.49419157021e-05, 0.000302677653963, 0.000559420208447, 0.000119702868687, 6.34022944723e-05, 0.000167919206433, 9.56087751547e-05, 1.96983710339e-05, 3.8647749534e-06, 8.50526760132e-07, 5.59731631711e-07, 4.91813239023e-07, 4.34423157003e-07], "mean": [0.00388036319055, 0.00181865645573, 0.000850579817779, 0.000421838165494, 0.000637128716335, 0.000456622015918, 0.000358306308044, 0.00033014442306, 0.000242581445491, 0.000287969713099, 0.00016091192083, 7.01200333424e-05, 6.69803848723e-05, 6.5694192017e-05, 6.41215374344e-05, 6.53915776638e-05, 4.02641162509e-05, 3.51055932697e-05, 4.80585695186e-05, 2.88814935629e-05, 1.43621773532e-05, 1.0650825061e-05, 8.90427327249e-06, 8.80328661879e-06, 8.2000869952e-06, 6.14615510131e-06, 8.65498441271e-06, 3.58087072527e-06, 7.25503286958e-06, 1.47614746311e-05, 3.81542668038e-06, 1.79914161436e-06, 1.23695792809e-06, 6.26501105216e-07, 4.44840708269e-07, 1.28148315071e-07, 2.90338313391e-08, 1.98906970894e-08, 1.73368377432e-08, 1.52691779221e-08], "median": [0.00172377866693, 0.000988394021988, 0.000472059444292, 0.000221430527745, 0.00020093411149, 0.000149051833432, 8.53712044773e-05, 8.46937618917e-05, 5.2697105275e-05, 3.96081595682e-05, 3.59443874913e-05, 3.02996504615e-05, 2.17480301217e-05, 2.01467846637e-05, 2.29599445447e-05, 2.68933617917e-05, 2.12084123632e-05, 2.03289364435e-05, 2.55939430645e-05, 1.58298589668e-05, 6.94268919688e-06, 4.69199176223e-06, 4.30267755291e-06, 4.08009282182e-06, 3.65979371963e-06, 2.33898185797e-06, 2.13586213249e-06, 1.28199178562e-06, 1.67046266597e-06, 2.00792305804e-06, 1.02850708572e-06, 4.78810477489e-07, 2.49710012667e-07, 1.41074082194e-07, 1.08614230498e-07, 4.26522923647e-08, 9.91652182591e-09, 5.3573452341e-09, 4.65459759624e-09, 4.04713551561e-09], "min": [3.83022537845e-24, 4.01381342705e-24, 1.34132954277e-23, 8.4140890227e-24, 6.1419187579e-24, 5.16547540688e-24, 5.8296615792e-24, 4.05414630741e-24, 3.5020375482e-24, 2.91372303167e-24, 2.14392416137e-24, 2.9633824173e-24, 8.36423932438e-24, 1.05926301755e-23, 6.61766814806e-24, 7.3060857608e-24, 6.80066731199e-24, 8.15344306873e-24, 5.54297966548e-24, 6.75778167774e-24, 7.54920953635e-24, 7.57359164921e-24, 6.7454233828e-24, 7.3540169494e-24, 3.68130579448e-24, 8.10967943229e-24, 8.83011138715e-24, 9.07706350467e-24, 1.34339714721e-23, 1.19268361466e-23, 9.187840875e-24, 8.45904936113e-24, 8.02433020437e-24, 9.42059586281e-24, 9.79518804138e-24, 8.6689392156e-24, 9.47766206069e-24, 7.90194553467e-24, 7.09171754297e-24, 1.02192410098e-23], "var": [3.38386053045e-05, 6.45567388347e-06, 1.25714041133e-06, 4.18007743974e-07, 2.02072988031e-06, 7.66315508827e-07, 7.6002794458e-07, 4.88165881052e-07, 3.92108006508e-07, 6.18808542185e-07, 1.71576132857e-07, 2.55398049376e-08, 3.42277388654e-08, 3.01720213258e-08, 3.21859090491e-08, 2.14478141913e-08, 3.64030205979e-09, 1.99576466464e-09, 3.9806877794e-09, 1.51253842784e-09, 4.77510475605e-10, 2.99798547099e-10, 1.92748844663e-10, 2.24339408161e-10, 1.60237031976e-10, 1.01038066802e-10, 3.59540591743e-10, 3.69326964844e-11, 2.87469187343e-10, 1.4699785833e-09, 5.41847122726e-11, 1.40471766163e-11, 1.71854336317e-11, 4.617028114e-12, 9.15091028127e-13, 5.7492313861e-14, 2.76138691211e-15, 1.60106379448e-15, 1.22377784972e-15, 9.51578200527e-16]}, "melbands_crest": {"dmean": 4.35677719116, "dmean2": 7.15992546082, "dvar": 15.7529058456, "dvar2": 39.5416259766, "max": 37.603061676, "mean": 17.1057281494, "median": 15.9437198639, "min": 1.95342922211, "var": 50.9209938049}, "melbands_flatness_db": {"dmean": 0.0369698479772, "dmean2": 0.0563385486603, "dvar": 0.0009863745654, "dvar2": 0.00231219641864, "max": 0.566554784775, "mean": 0.249774351716, "median": 0.248218238354, "min": 0.00522446539253, "var": 0.00488783093169}, "melbands_kurtosis": {"dmean": 10.4059410095, "dmean2": 16.9707603455, "dvar": 639.450622559, "dvar2": 1651.3996582, "max": 665.557067871, "mean": 16.7387943268, "median": 7.17526721954, "min": -1.82315802574, "var": 1029.36242676}, "melbands_skewness": {"dmean": 0.953341126442, "dmean2": 1.50088059902, "dvar": 1.26486587524, "dvar2": 3.08705091476, "max": 22.1030673981, "mean": 2.90797448158, "median": 2.39696264267, "min": -2.37523770332, "var": 4.7093501091}, "melbands_spread": {"dmean": 8.06411457062, "dmean2": 12.5703401566, "dvar": 115.360984802, "dvar2": 278.612518311, "max": 165.615646362, "mean": 22.1687545776, "median": 16.6362228394, "min": 0.353303611279, "var": 392.640014648}, "mfcc": {"cov": [[6733.87548828, 894.299316406, -499.971557617, 308.253295898, -503.349212646, 186.491287231, -247.821884155, -7.70129966736, 58.5010871887, 117.474876404, 38.7316246033, 30.0060558319, 23.0225868225], [894.299316406, 1412.15625, 37.0110397339, -330.235717773, 148.122741699, -64.6177368164, -55.4052581787, -99.9560317993, 89.9669494629, 105.396858215, 58.3926467896, -46.4885368347, -14.4454965591], [-499.971557617, 37.0110397339, 509.432830811, -130.442733765, 183.227874756, -112.430358887, 52.5349349976, -14.6011171341, 62.1535148621, 61.3449401855, 45.0799255371, 1.77260458469, -15.432677269], [308.253295898, -330.235717773, -130.442733765, 582.986755371, -170.999206543, 143.983917236, 8.23005771637, 89.7396240234, -30.8617286682, -21.9679946899, -12.2623653412, 42.1726150513, 12.1581983566], [-503.349212646, 148.122741699, 183.227874756, -170.999206543, 355.226196289, -3.43212985992, 127.309677124, -1.16403234005, 31.3441238403, -4.40629148483, -17.4915714264, 16.3063087463, -1.09017181396], [186.491287231, -64.6177368164, -112.430358887, 143.983917236, -3.43212985992, 245.258499146, 60.1355361938, 69.7194595337, -47.1065216064, -59.4493217468, -39.9611091614, -22.8168354034, 17.6699523926], [-247.821884155, -55.4052581787, 52.5349349976, 8.23005771637, 127.309677124, 60.1355361938, 212.149734497, 47.3297119141, 11.5019836426, -24.2733364105, -33.358543396, 20.6583499908, -1.86640131474], [-7.70129966736, -99.9560317993, -14.6011171341, 89.7396240234, -1.16403234005, 69.7194595337, 47.3297119141, 145.091812134, 35.146270752, -0.686478972435, 1.54697644711, 8.12036705017, 18.6009044647], [58.5010871887, 89.9669494629, 62.1535148621, -30.8617286682, 31.3441238403, -47.1065216064, 11.5019836426, 35.146270752, 116.496665955, 61.9167327881, 36.3522987366, 20.4425525665, 2.98224616051], [117.474876404, 105.396858215, 61.3449401855, -21.9679946899, -4.40629148483, -59.4493217468, -24.2733364105, -0.686478972435, 61.9167327881, 113.890670776, 51.5173301697, 17.4361114502, -2.54136681557], [38.7316246033, 58.3926467896, 45.0799255371, -12.2623653412, -17.4915714264, -39.9611091614, -33.358543396, 1.54697644711, 36.3522987366, 51.5173301697, 92.9586486816, 25.4641284943, 10.8329153061], [30.0060558319, -46.4885368347, 1.77260458469, 42.1726150513, 16.3063087463, -22.8168354034, 20.6583499908, 8.12036705017, 20.4425525665, 17.4361114502, 25.4641284943, 96.663230896, 22.2735385895], [23.0225868225, -14.4454965591, -15.432677269, 12.1581983566, -1.09017181396, 17.6699523926, -1.86640131474, 18.6009044647, 2.98224616051, -2.54136681557, 10.8329153061, 22.2735385895, 69.3814620972]], "icov": [[0.000219798792386, -0.000185300479643, 5.02401162521e-05, -4.70202794531e-05, 0.000334247160936, -0.000271453813184, 0.000111642366392, 6.57060809317e-05, -0.000171438601683, -0.00015117181465, 0.000204861309612, -0.000284698180621, 2.89147355943e-05], [-0.000185300479643, 0.00117650593165, 0.000268803589279, 0.000407826533774, -0.000773521664087, -0.000194780906895, 0.000160909636179, 0.000716335023753, -0.000600335595664, -0.000594533164985, -0.000580170948524, 0.000823267793749, -2.51818037214e-05], [5.02401162521e-05, 0.000268803589279, 0.00315865315497, -0.000164980738191, -0.00169045792427, 0.00121791474521, -0.000464261654997, 0.000148602979607, -0.000300438900013, -0.000945026928093, -0.0014585518511, 0.00137136154808, 0.000147507278598], [-4.70202794531e-05, 0.000407826533774, -0.000164980738191, 0.0029947408475, 0.00134736753535, -0.00167041027453, 8.80478000909e-06, -0.000835963524878, 0.000257021922152, -0.000501773494761, 0.000399825075874, -0.00188161304686, 0.000722171214875], [0.000334247160936, -0.000773521664087, -0.00169045792427, 0.00134736753535, 0.00618113623932, -0.00142641272396, -0.00218569254503, 0.000258193264017, -0.000873773533385, 0.000614037213381, 0.00175220542587, -0.00235178298317, -1.0240735719e-05], [-0.000271453813184, -0.000194780906895, 0.00121791474521, -0.00167041027453, -0.00142641272396, 0.00832814071327, -0.00182124727871, -0.00305118551478, 0.00289203063585, 0.00148693111259, -0.000493016385008, 0.00321030430496, -0.00178471987601], [0.000111642366392, 0.000160909636179, -0.000464261654997, 8.80478000909e-06, -0.00218569254503, -0.00182124727871, 0.00788626726717, -0.00146435794886, -0.0010446421802, 0.000527211581357, 0.00234767491929, -0.00238921865821, 0.0013905382948], [6.57060809317e-05, 0.000716335023753, 0.000148602979607, -0.000835963524878, 0.000258193264017, -0.00305118551478, -0.00146435794886, 0.0114283440635, -0.00559639092535, 0.00035896062036, -0.000701374199707, 0.00103610113729, -0.0019846833311], [-0.000171438601683, -0.000600335595664, -0.000300438900013, 0.000257021922152, -0.000873773533385, 0.00289203063585, -0.0010446421802, -0.00559639092535, 0.0162963978946, -0.00590453948826, -0.00145852123387, -0.000844401423819, 0.00012408636394], [-0.00015117181465, -0.000594533164985, -0.000945026928093, -0.000501773494761, 0.000614037213381, 0.00148693111259, 0.000527211581357, 0.00035896062036, -0.00590453948826, 0.0163929797709, -0.00499187828973, -0.000560225220397, 0.00116652145516], [0.000204861309612, -0.000580170948524, -0.0014585518511, 0.000399825075874, 0.00175220542587, -0.000493016385008, 0.00234767491929, -0.000701374199707, -0.00145852123387, -0.00499187828973, 0.0174918584526, -0.00436904560775, -0.00162764487322], [-0.000284698180621, 0.000823267793749, 0.00137136154808, -0.00188161304686, -0.00235178298317, 0.00321030430496, -0.00238921865821, 0.00103610113729, -0.000844401423819, -0.000560225220397, -0.00436904560775, 0.0157028865069, -0.00463911425322], [2.89147355943e-05, -2.51818037214e-05, 0.000147507278598, 0.000722171214875, -1.0240735719e-05, -0.00178471987601, 0.0013905382948, -0.0019846833311, 0.00012408636394, 0.00116652145516, -0.00162764487322, -0.00463911425322, 0.0171091780066]], "mean": [-679.319946289, 160.694915771, -28.7464008331, 46.2633666992, -8.73879909515, 24.5579719543, -3.69824004173, 0.855066895485, 3.71930575371, 4.73330402374, 3.76752257347, 0.429537892342, 0.636565029621]}, "pitch_salience": {"dmean": 0.0856470689178, "dmean2": 0.13992588222, "dvar": 0.00560361240059, "dvar2": 0.014412892051, "max": 0.900424182415, "mean": 0.529810726643, "median": 0.545060873032, "min": 0.057097479701, "var": 0.0178615748882}, "silence_rate_20dB": {"dmean": 0, "dmean2": 0, "dvar": 0, "dvar2": 0, "max": 1, "mean": 1, "median": 1, "min": 1, "var": 0}, "silence_rate_30dB": {"dmean": 0.0269124805927, "dmean2": 0.0538306683302, "dvar": 0.0261848010123, "dvar2": 0.0630080774426, "max": 1, "mean": 0.975844919682, "median": 1, "min": 0, "var": 0.0235692858696}, "silence_rate_60dB": {"dmean": 0.0250052977353, "dmean2": 0.0500158965588, "dvar": 0.0243802871555, "dvar2": 0.0530252270401, "max": 1, "mean": 0.0816823840141, "median": 0, "min": 0, "var": 0.0750177651644}, "spectral_centroid": {"dmean": 320.135864258, "dmean2": 464.865966797, "dvar": 125631.757812, "dvar2": 247119.234375, "max": 10975.7695312, "mean": 1383.29772949, "median": 1118.18908691, "min": 172.409454346, "var": 685856.8125}, "spectral_complexity": {"dmean": 4.36066961288, "dmean2": 6.0002117157, "dvar": 22.2174777985, "dvar2": 36.0303611755, "max": 58, "mean": 18.49401474, "median": 18, "min": 0, "var": 114.417724609}, "spectral_contrast_coeffs": {"dmean": [0.0536449551582, 0.0507247932255, 0.0409936569631, 0.0299179293215, 0.0236966107041, 0.0664327740669], "dmean2": [0.087661921978, 0.0843629017472, 0.0676432549953, 0.0495765917003, 0.0385709479451, 0.102342009544], "dvar": [0.00187039538287, 0.00161745131481, 0.00113892799709, 0.000559645530302, 0.000366878666682, 0.00281891622581], "dvar2": [0.00494899367914, 0.00437380839139, 0.00300718541257, 0.00149699277245, 0.000942435348406, 0.0067797228694], "max": [-0.361593812704, -0.457093298435, -0.512776553631, -0.608820199966, -0.65307533741, -0.336919009686], "mean": [-0.688620209694, -0.763649225235, -0.787184596062, -0.797602713108, -0.812028110027, -0.667438387871], "median": [-0.694899916649, -0.770827174187, -0.798232734203, -0.799333572388, -0.813446879387, -0.670457720757], "min": [-0.965109050274, -0.975498735905, -0.970234930515, -0.965225636959, -0.962680697441, -0.961180090904], "var": [0.00766498269513, 0.0049735987559, 0.00473637366667, 0.00183774530888, 0.0012692748569, 0.010661650449]}, "spectral_contrast_valleys": {"dmean": [0.408725559711, 0.388592094183, 0.335153877735, 0.28108766675, 0.371661692858, 0.813436627388], "dmean2": [0.650988936424, 0.619339227676, 0.527167201042, 0.423668920994, 0.470525026321, 1.31762242317], "dvar": [0.142305195332, 0.115010976791, 0.0955149456859, 0.0786316916347, 0.1088642627, 0.473345011473], "dvar2": [0.295604288578, 0.251593977213, 0.1933901757, 0.145521879196, 0.182092219591, 1.21015250683], "max": [-5.07612752914, -4.19388818741, -5.36630010605, -5.57843875885, -5.61658906937, -9.13353824615], "mean": [-7.03961801529, -6.67561817169, -7.30144071579, -7.43491411209, -7.70023488998, -11.6308555603], "median": [-6.75754880905, -6.50724887848, -7.11422348022, -7.23396205902, -7.60475254059, -11.5085277557], "min": [-28.1974811554, -27.3062019348, -27.3614368439, -27.4738292694, -27.2317962646, -27.2420005798], "var": [1.60799992085, 1.48549449444, 1.24378609657, 1.20836353302, 1.1762778759, 1.35708498955]}, "spectral_decrease": {"dmean": 3.55364471183e-09, "dmean2": 5.49913226067e-09, "dvar": 3.00727599743e-17, "dvar2": 7.33925196736e-17, "max": 8.30245336575e-16, "mean": -8.78831318829e-09, "median": -7.18781389963e-09, "min": -6.28642879974e-08, "var": 6.14409641972e-17}, "spectral_energy": {"dmean": 0.0138546535745, "dmean2": 0.0212548524141, "dvar": 0.000435783033026, "dvar2": 0.00105378590524, "max": 0.241797879338, "mean": 0.0351537168026, "median": 0.028950676322, "min": 1.05121585756e-20, "var": 0.000936738448218}, "spectral_energyband_high": {"dmean": 0.000539095897693, "dmean2": 0.000750914739911, "dvar": 1.29807881422e-06, "dvar2": 2.75789761872e-06, "max": 0.0207668114454, "mean": 0.000744754215702, "median": 0.000230807636399, "min": 7.73826816809e-21, "var": 2.05679839382e-06}, "spectral_energyband_low": {"dmean": 0.0102588320151, "dmean2": 0.0165588650852, "dvar": 0.000363185361493, "dvar2": 0.000930327223614, "max": 0.223488017917, "mean": 0.0180515330285, "median": 0.0114228436723, "min": 5.14273507134e-23, "var": 0.00050256162649}, "spectral_energyband_middle_high": {"dmean": 0.00152763386723, "dmean2": 0.00222846679389, "dvar": 5.6795670389e-06, "dvar2": 1.25815231513e-05, "max": 0.0652843937278, "mean": 0.00421137036756, "median": 0.00267653749324, "min": 1.38645234869e-21, "var": 2.56921775872e-05}, "spectral_energyband_middle_low": {"dmean": 0.00494817318395, "dmean2": 0.00758163817227, "dvar": 6.11248979112e-05, "dvar2": 0.000136522445246, "max": 0.129203811288, "mean": 0.0117420414463, "median": 0.00678958138451, "min": 2.24940695763e-22, "var": 0.000204216426937}, "spectral_entropy": {"dmean": 0.182114616036, "dmean2": 0.26082405448, "dvar": 0.0257819201797, "dvar2": 0.0541372075677, "max": 9.81913852692, "mean": 7.4837269783, "median": 7.54062128067, "min": 5.82017993927, "var": 0.131899818778}, "spectral_flux": {"dmean": 0.0278224013746, "dmean2": 0.0440259613097, "dvar": 0.00109397899359, "dvar2": 0.00254719471559, "max": 0.409045577049, "mean": 0.0954473093152, "median": 0.0884253680706, "min": 6.84014442309e-11, "var": 0.00291695888154}, "spectral_kurtosis": {"dmean": 3.11854839325, "dmean2": 4.77538728714, "dvar": 13.1777763367, "dvar2": 30.2670631409, "max": 68.4777374268, "mean": 11.1860837936, "median": 9.44379425049, "min": -1.20971953869, "var": 35.4888267517}, "spectral_rms": {"dmean": 0.00105500221252, "dmean2": 0.00155977532268, "dvar": 1.45553019593e-06, "dvar2": 3.25605810758e-06, "max": 0.0153590487316, "mean": 0.00528209842741, "median": 0.00531456107274, "min": 3.20246216698e-12, "var": 6.39578138362e-06}, "spectral_rolloff": {"dmean": 578.896362305, "dmean2": 968.234741211, "dvar": 1237476, "dvar2": 3392595.5, "max": 22028.4667969, "mean": 1287.31787109, "median": 753.662109375, "min": 21.533203125, "var": 2477676.5}, "spectral_skewness": {"dmean": 0.332674086094, "dmean2": 0.47509559989, "dvar": 0.090501524508, "dvar2": 0.191489174962, "max": 5.95858478546, "mean": 1.97425115108, "median": 1.8600153923, "min": 0.015609103255, "var": 0.489577710629}, "spectral_spread": {"dmean": 462723.59375, "dmean2": 717711.3125, "dvar": 339302744064, "dvar2": 652693471232, "max": 41267420, "mean": 3441117, "median": 3434172.25, "min": 1249971.75, "var": 1064072118270.0}, "spectr