{"lowlevel": {"average_loudness": 0.709501504898, "barkbands": {"dmean": [1.63972872542e-05, 0.001140969689, 0.00105522945523, 0.001051231171, 0.00130215671379, 0.00103960663546, 0.000655406853184, 0.000753097177949, 0.000738838803954, 0.000628496636637, 0.000607000780292, 0.000294766214211, 0.000369009096175, 0.000236089617829, 0.000204121155548, 0.000117611678434, 8.43080269988e-05, 7.48281017877e-05, 6.76594208926e-05, 6.77341231494e-05, 4.91052232974e-05, 4.38579882029e-05, 4.93408806506e-05, 4.64324330096e-05, 4.82707655465e-05, 0.000103698272142, 9.839424456e-05], "dmean2": [2.38929787884e-05, 0.00189804530237, 0.00190461997408, 0.0018951568054, 0.0022175849881, 0.00176776538137, 0.000996633782052, 0.00111371814273, 0.001047653961, 0.000859824707732, 0.000894598022569, 0.000438015500549, 0.000515563820954, 0.000364930805517, 0.000302999658743, 0.000163235570653, 0.000122033525258, 0.00011285567598, 9.98158066068e-05, 9.8787015304e-05, 7.21273463569e-05, 6.35861579212e-05, 7.26109938114e-05, 6.72737078276e-05, 7.10498570697e-05, 0.000153369881446, 0.000149916799273], "dvar": [1.50748269423e-09, 1.0777344869e-05, 1.38818713822e-05, 9.56616440817e-06, 1.06107981992e-05, 1.11503359221e-05, 7.07852268533e-06, 6.04233355261e-06, 5.86523765378e-06, 5.24289362147e-06, 4.83578969579e-06, 1.87711475519e-06, 2.81939401248e-06, 1.11656800073e-06, 1.52181075919e-06, 3.2040625797e-07, 6.26244656132e-08, 3.78583244753e-08, 2.96934050681e-08, 3.29062430637e-08, 2.81615051279e-08, 2.02860874765e-08, 2.74811444712e-08, 2.03413446087e-08, 2.15533635384e-08, 1.28935454313e-07, 1.49295360075e-07], "dvar2": [2.8232876037e-09, 2.76000846497e-05, 3.99778400606e-05, 2.78319130302e-05, 2.81176326098e-05, 3.06248475681e-05, 1.49225279529e-05, 1.27777684611e-05, 1.06254065031e-05, 8.20404329716e-06, 1.00332144939e-05, 3.82781036024e-06, 5.48881234863e-06, 2.53480766332e-06, 3.27127190758e-06, 4.53293381497e-07, 1.21150975474e-07, 8.38430054273e-08, 6.24609626243e-08, 6.76813129985e-08, 5.50826619872e-08, 3.85315175322e-08, 5.38495328328e-08, 4.00438580073e-08, 4.26221298255e-08, 2.61695475956e-07, 3.3416412748e-07], "max": [0.000679288932588, 0.0441631153226, 0.0521745532751, 0.0342100337148, 0.0643348172307, 0.0539130605757, 0.158715173602, 0.0944415554404, 0.0875613763928, 0.0980007499456, 0.05983196944, 0.0453161410987, 0.0484605282545, 0.0304032880813, 0.0400861166418, 0.0365759953856, 0.00931361690164, 0.00403630873188, 0.00472919968888, 0.00416377140209, 0.00295714149252, 0.00241354806349, 0.00651677930728, 0.00256266538054, 0.00302928988822, 0.007236326579, 0.00705160526559], "mean": [2.45301380346e-05, 0.00185862078797, 0.00137865520082, 0.00122854113579, 0.00184038595762, 0.0014286179794, 0.00109629496001, 0.00142357405275, 0.00152143766172, 0.00138386653271, 0.00117105536629, 0.00050294061657, 0.00072643882595, 0.000335932330927, 0.000289004557999, 0.000212717292015, 0.000156756083015, 0.000133485984406, 0.000125315273181, 0.000119829463074, 6.07064539508e-05, 5.51083867322e-05, 5.66881062696e-05, 5.68883369851e-05, 5.32038975507e-05, 0.000102285019238, 8.75282421475e-05], "median": [8.85762347025e-06, 0.00113499932922, 0.000649573630653, 0.000480793882161, 0.000924720254261, 0.000421880919021, 0.00030286522815, 0.000354467396392, 0.000194850508706, 0.000135366834002, 8.89908551471e-05, 2.98526520055e-05, 3.78308795916e-05, 2.5540635761e-05, 1.60143954417e-05, 1.55008383445e-05, 1.79930029844e-05, 2.39250639424e-05, 1.61485168064e-05, 1.43076431414e-05, 4.37232438344e-06, 6.36583445157e-06, 4.29080591857e-06, 4.32691695096e-06, 3.15521060656e-06, 2.1360451683e-06, 1.87843170352e-06], "min": [2.48694489391e-25, 9.53778982775e-25, 7.45703557692e-25, 5.43299894605e-25, 5.30224416633e-24, 8.92152932201e-24, 4.02234219672e-24, 6.22879916483e-24, 8.88002656093e-24, 1.24734228794e-23, 1.18322146476e-23, 2.57414164393e-23, 2.73286377128e-23, 2.88536099722e-23, 2.91262213684e-23, 3.46244430382e-23, 4.61982221201e-23, 6.73986096679e-23, 1.39883617748e-22, 1.62601852563e-22, 2.37178364406e-22, 2.98560780022e-22, 3.51267442243e-22, 6.38225428879e-22, 8.17079961792e-22, 1.22931236708e-21, 1.92749622298e-21], "var": [2.39048292272e-09, 1.02086314655e-05, 9.16718909139e-06, 6.58882436255e-06, 1.02814365164e-05, 1.193819935e-05, 1.36658609335e-05, 1.46582651723e-05, 2.37034746533e-05, 2.23967454076e-05, 1.38844552566e-05, 4.95096128361e-06, 8.93089236342e-06, 1.69606880718e-06, 2.98613736049e-06, 1.34305355459e-06, 2.47469387205e-07, 8.93789291467e-08, 7.88213867509e-08, 8.62617142161e-08, 4.02614368511e-08, 2.84113550464e-08, 4.1638269721e-08, 3.38755867801e-08, 2.975682456e-08, 1.6006156045e-07, 1.57152214797e-07]}, "barkbands_crest": {"dmean": 2.03955769539, "dmean2": 3.28353953362, "dvar": 4.53671503067, "dvar2": 11.541557312, "max": 26.2316093445, "mean": 9.43332862854, "median": 8.62783527374, "min": 2.70565032959, "var": 14.1305999756}, "barkbands_flatness_db": {"dmean": 0.0205739717931, "dmean2": 0.0285601429641, "dvar": 0.000572706223466, "dvar2": 0.0010473721195, "max": 0.396977365017, "mean": 0.166103586555, "median": 0.151941984892, "min": 0.014699277468, "var": 0.0049087186344}, "barkbands_kurtosis": {"dmean": 3.16269874573, "dmean2": 4.88950109482, "dvar": 46.4010925293, "dvar2": 113.321235657, "max": 208.093856812, "mean": 5.82048749924, "median": 2.95012998581, "min": -1.95379197598, "var": 95.296005249}, "barkbands_skewness": {"dmean": 0.511282205582, "dmean2": 0.774410545826, "dvar": 0.40331658721, "dvar2": 0.918473958969, "max": 12.4231405258, "mean": 1.42040395737, "median": 1.29033482075, "min": -4.80034637451, "var": 1.67048358917}, "barkbands_spread": {"dmean": 5.50578641891, "dmean2": 8.12465190887, "dvar": 96.0458526611, "dvar2": 201.085754395, "max": 127.447563171, "mean": 16.959197998, "median": 12.5448064804, "min": 1.00538802147, "var": 233.906600952}, "dissonance": {"dmean": 0.0328383296728, "dmean2": 0.054239820689, "dvar": 0.00101162784267, "dvar2": 0.00265584280714, "max": 0.5, "mean": 0.419787675142, "median": 0.43095818162, "min": 0.174487903714, "var": 0.00303769856691}, "dynamic_complexity": 5.78349781036, "erbbands": {"dmean": [0.0241956710815, 0.304718285799, 1.09074342251, 2.37351202965, 5.34216213226, 3.44254255295, 3.32490730286, 10.8272294998, 9.34045791626, 13.1487560272, 14.1752986908, 18.0500259399, 17.0803794861, 17.2935466766, 25.8934383392, 9.24213409424, 15.7567653656, 12.6918354034, 12.5455207825, 5.38949728012, 5.39964199066, 4.30246639252, 4.21176099777, 2.7559325695, 3.98718166351, 3.01596498489, 2.13901376724, 1.79307150841, 1.52054643631, 1.6098446846, 1.34623980522, 0.959248900414, 0.795093476772, 0.500171303749, 0.383948862553, 0.357134222984, 0.198195576668, 0.0731025934219, 0.0169511921704, 0.00113183807116], "dmean2": [0.0380084291101, 0.521815657616, 1.97981727123, 4.26974344254, 9.5292596817, 5.62884998322, 5.41970777512, 18.4801387787, 14.6440610886, 19.3014411926, 20.7957401276, 25.4228649139, 22.8551979065, 23.293056488, 37.1554870605, 13.1827688217, 21.8783664703, 17.762014389, 18.4014816284, 7.93122959137, 7.51175308228, 6.03976631165, 6.17525625229, 4.23881673813, 5.6712603569, 4.3882727623, 3.13459706306, 2.63318777084, 2.22244524956, 2.36864447594, 1.96786522865, 1.37074708939, 1.16725039482, 0.730729877949, 0.563640356064, 0.52609115839, 0.29509729147, 0.110376790166, 0.0259187668562, 0.0017524457071], "dvar": [0.00420272117481, 0.843477129936, 14.8284482956, 57.1164207458, 210.41545105, 68.3204727173, 67.3149185181, 1301.32397461, 812.124755859, 2534.38916016, 2080.12207031, 4214.24023438, 3807.01318359, 4436.87890625, 9026.81347656, 1616.58276367, 5142.71289062, 2872.89477539, 4985.15234375, 725.860839844, 477.880523682, 194.750457764, 123.711029053, 61.7833099365, 112.329627991, 63.3548851013, 49.6982345581, 39.2194366455, 25.0492668152, 25.4092731476, 23.0719356537, 9.45885467529, 5.82949304581, 2.37588381767, 1.4343483448, 1.37450575829, 0.506649792194, 0.0751852989197, 0.00449075503275, 2.15249565372e-05], "dvar2": [0.00908590387553, 2.26070547104, 42.3836631775, 165.284896851, 589.612365723, 167.357818604, 171.561309814, 3570.89941406, 1848.09411621, 5345.76757812, 4442.40576172, 7994.78759766, 5326.23681641, 6699.98388672, 17880.4902344, 3027.86303711, 9433.09472656, 5284.11279297, 10068.6552734, 1550.0020752, 809.084716797, 342.602783203, 268.593139648, 142.754501343, 221.711639404, 130.18536377, 100.105934143, 77.4873275757, 47.9891853333, 48.6822814941, 45.4388771057, 18.1488323212, 11.9045677185, 4.91743803024, 2.8403711319, 2.74149012566, 1.04954278469, 0.160623237491, 0.0101369796321, 4.98992667417e-05], "max": [0.984230279922, 11.852684021, 47.8226013184, 105.827781677, 234.250473022, 175.091888428, 175.00843811, 625.113464355, 1193.60107422, 2561.23095703, 1163.7010498, 2718.25878906, 2963.31469727, 2329.73413086, 3596.1809082, 1684.23852539, 2592.04272461, 1819.12158203, 2593.6105957, 1680.16418457, 993.557983398, 665.261474609, 261.139862061, 188.465423584, 326.408477783, 228.141311646, 168.629776001, 93.8127212524, 80.1501998901, 112.774749756, 202.125808716, 72.8628768921, 51.187210083, 40.770450592, 20.6001167297, 22.892124176, 17.1434421539, 6.16392707825, 1.40991508961, 0.0804864019156], "mean": [0.0466586947441, 0.454219996929, 1.42828822136, 3.11100292206, 5.99015665054, 5.57887411118, 5.5185341835, 14.5641317368, 16.4039421082, 23.6758022308, 27.4604740143, 39.5309867859, 41.4453163147, 36.3000335693, 54.5249061584, 21.7748317719, 32.5779037476, 22.6548519135, 20.6671485901, 9.83255672455, 10.1705579758, 8.68082046509, 8.07075977325, 5.16281414032, 7.82496166229, 5.54695272446, 2.79758191109, 2.19421648979, 1.92504918575, 1.93352508545, 1.54720294476, 1.12779998779, 0.98143184185, 0.573106050491, 0.404922544956, 0.364103108644, 0.19240874052, 0.0687437802553, 0.0149687714875, 0.000990048632957], "median": [0.0313178673387, 0.270849585533, 0.672763347626, 1.51787400246, 2.5949652195, 2.67660617828, 2.32534623146, 3.93049931526, 4.78844881058, 6.98060512543, 6.91380357742, 6.15675354004, 4.94600152969, 5.01927852631, 4.47723579407, 2.17738461494, 2.0601644516, 2.00037360191, 1.45836663246, 0.849555015564, 0.922670781612, 1.14602446556, 1.45876562595, 1.00015676022, 0.926587045193, 0.737592756748, 0.276851534843, 0.186849951744, 0.219414398074, 0.200392097235, 0.112708665431, 0.0733107477427, 0.0773983374238, 0.0407923199236, 0.0190128050745, 0.00992356985807, 0.00340882106684, 0.00111445784569, 0.000298421189655, 4.04770908062e-05], "min": [3.70420587436e-23, 2.81641871929e-22, 1.91375161544e-21, 5.03291621749e-21, 4.81422832356e-21, 1.20524965075e-20, 2.65887449759e-20, 8.4128391275e-20, 7.49304207444e-20, 1.9687526719e-19, 2.00567853144e-19, 2.3347441623e-19, 4.07587999408e-19, 8.4899233133e-19, 8.87773763772e-19, 1.30833927056e-18, 1.39223089431e-18, 1.78086381734e-18, 1.59925062699e-18, 2.82990316237e-18, 3.82580132293e-18, 3.21900623418e-18, 3.93814733936e-18, 6.18765963852e-18, 7.48895081328e-18, 8.26621603895e-18, 7.01029696156e-18, 1.03344769359e-17, 1.0353337481e-17, 9.91708490751e-18, 1.06625028524e-17, 1.05988967992e-17, 9.28689653066e-18, 7.97184644718e-18, 6.40601670868e-18, 4.23843623559e-18, 2.07642641035e-18, 9.38242948076e-19, 2.50234336211e-19, 2.71387489974e-20], "var": [0.00541462842375, 0.692204236984, 9.8640794754, 38.9987106323, 156.768783569, 89.4242935181, 101.700714111, 1449.05895996, 2005.4197998, 5127.2578125, 5801.90332031, 16494.0332031, 23009.5546875, 14699.0234375, 30630.7265625, 7056.85791016, 16276.6621094, 6955.15234375, 12381.9414062, 2025.31481934, 1811.89831543, 809.567504883, 332.39175415, 117.106559753, 335.171417236, 170.141723633, 74.0791015625, 53.1329727173, 34.9398345947, 37.38306427, 35.0380172729, 15.9200105667, 9.26932430267, 3.28242254257, 1.93704879284, 1.77337956429, 0.610256612301, 0.0857719182968, 0.00465353578329, 2.12819686567e-05]}, "erbbands_crest": {"dmean": 2.62883353233, "dmean2": 4.04235124588, "dvar": 6.80179834366, "dvar2": 15.9081115723, "max": 32.3473091125, "mean": 11.6372423172, "median": 10.5234441757, "min": 2.23092484474, "var": 31.7151794434}, "erbbands_flatness_db": {"dmean": 0.0220274329185, "dmean2": 0.0291675869375, "dvar": 0.000595367455389, "dvar2": 0.00102184235584, "max": 0.377539545298, "mean": 0.17430382967, "median": 0.173047289252, "min": 0.0274872109294, "var": 0.00386901409365}, "erbbands_kurtosis": {"dmean": 1.54554784298, "dmean2": 2.40424203873, "dvar": 7.78072929382, "dvar2": 19.6123523712, "max": 80.8741607666, "mean": 2.52832579613, "median": 1.48763656616, "min": -1.91484379768, "var": 17.6484661102}, "erbbands_skewness": {"dmean": 0.387784481049, "dmean2": 0.588789701462, "dvar": 0.192527472973, "dvar2": 0.435784697533, "max": 6.86950111389, "mean": 0.745544314384, "median": 0.743058264256, "min": -6.55743694305, "var": 0.835122764111}, "erbbands_spread": {"dmean": 8.06931591034, "dmean2": 11.8474149704, "dvar": 166.740219116, "dvar2": 364.718566895, "max": 178.051849365, "mean": 28.3412704468, "median": 22.083694458, "min": 1.8037391901, "var": 441.055328369}, "gfcc": {"cov": [[33612.9375, 580.855102539, -3166.15795898, 278.520141602, -1440.41723633, 280.819763184, -504.010131836, 248.789733887, -680.276245117, -124.169273376, -325.626159668, -184.568832397, -496.697723389], [580.855102539, 2339.39819336, 98.7878417969, -64.1288528442, 337.490203857, -126.835525513, 141.53263855, 120.904136658, 88.3687973022, -137.933197021, -5.2778635025, -115.914077759, -51.9252586365], [-3166.15795898, 98.7878417969, 1652.44152832, 185.105239868, 235.029815674, 15.0999450684, 80.4290466309, -58.4559936523, 79.3085632324, -1.35916602612, -139.218444824, 24.6950435638, 15.1586046219], [278.520141602, -64.1288528442, 185.105239868, 495.345092773, 76.2489471436, -37.4438591003, -83.4236526489, -5.15027570724, 37.8656730652, -22.4692459106, -62.3733291626, -40.4813842773, -5.32353115082], [-1440.41723633, 337.490203857, 235.029815674, 76.2489471436, 418.85546875, -30.7311096191, 18.5668392181, -14.1309232712, 83.7694396973, 1.34661698341, -43.7298927307, -34.8613853455, 12.1725091934], [280.819763184, -126.835525513, 15.0999450684, -37.4438591003, -30.7311096191, 315.966308594, 94.9581756592, -0.414729505777, -73.5483474731, 10.4740371704, -4.29304027557, -5.18821287155, -32.8036766052], [-504.010131836, 141.53263855, 80.4290466309, -83.4236526489, 18.5668392181, 94.9581756592, 241.93119812, 45.5141105652, -47.3331985474, -20.8084182739, 12.9574728012, 15.8829145432, -25.1517333984], [248.789733887, 120.904136658, -58.4559936523, -5.15027570724, -14.1309232712, -0.414729505777, 45.5141105652, 134.368087769, 25.4649372101, -26.9400348663, 12.4010372162, -13.219830513, -8.27253246307], [-680.276245117, 88.3687973022, 79.3085632324, 37.8656730652, 83.7694396973, -73.5483474731, -47.3331985474, 25.4649372101, 151.874069214, 26.315322876, -8.95600128174, -20.0665988922, 22.1433429718], [-124.169273376, -137.933197021, -1.35916602612, -22.4692459106, 1.34661698341, 10.4740371704, -20.8084182739, -26.9400348663, 26.315322876, 107.848709106, 31.2207145691, 10.4365549088, 0.581674814224], [-325.626159668, -5.2778635025, -139.218444824, -62.3733291626, -43.7298927307, -4.29304027557, 12.9574728012, 12.4010372162, -8.95600128174, 31.2207145691, 139.095550537, 32.2228279114, -3.68936419487], [-184.568832397, -115.914077759, 24.6950435638, -40.4813842773, -34.8613853455, -5.18821287155, 15.8829145432, -13.219830513, -20.0665988922, 10.4365549088, 32.2228279114, 124.026535034, 41.8720817566], [-496.697723389, -51.9252586365, 15.1586046219, -5.32353115082, 12.1725091934, -32.8036766052, -25.1517333984, -8.27253246307, 22.1433429718, 0.581674814224, -3.68936419487, 41.8720817566, 97.0950317383]], "icov": [[7.00715536368e-05, -8.44522000989e-05, 0.000125025340822, -8.52637022035e-05, 0.000199329602765, -5.21233887412e-05, 0.000223080714932, -0.000191089406144, 0.000278957129922, -0.000220477362745, 0.0004215631634, -0.000175456050783, 0.000317391823046], [-8.44522000989e-05, 0.000726026657503, -0.000160348048666, 0.000282802473521, -0.000710575899575, 0.000331407267367, -0.000551773176994, -3.46305296262e-06, -0.000531733792741, 0.00105433352292, -0.000787301803939, 0.000636896700598, -0.000135017340654], [0.000125025340822, -0.000160348048666, 0.00102364225313, -0.000413558736909, 0.000126789876958, -0.000139132840559, -9.96488379315e-05, 0.000126790037029, -1.67971338669e-05, -0.00045532285003, 0.00147288455628, -0.000835374405142, 0.000716204405762], [-8.52637022035e-05, 0.000282802473521, -0.000413558736909, 0.00260076462291, -0.000666027131956, 0.000134951536893, 0.000682702404447, -0.00013941078214, -0.000394406466512, 0.000948889297433, -8.34644597489e-05, 0.000658251403365, 1.35101827254e-05], [0.000199329602765, -0.000710575899575, 0.000126789876958, -0.000666027131956, 0.00403348635882, -0.000239379383856, -6.99050506228e-05, 0.00056695548119, -0.000820048328023, -0.000998612260446, 0.0016613965854, 8.33406465972e-06, 0.0002795602486], [-5.21233887412e-05, 0.000331407267367, -0.000139132840559, 0.000134951536893, -0.000239379383856, 0.00427158083767, -0.00165550445672, -8.69376963237e-05, 0.00153248861898, -0.000857433129568, 0.000143331941217, 0.000802445458248, 0.000291660544463], [0.000223080714932, -0.000551773176994, -9.96488379315e-05, 0.000682702404447, -6.99050506228e-05, -0.00165550445672, 0.00723559176549, -0.00312345824204, 0.00278598256409, -0.000327568937792, 0.000960448698606, -0.00177873042412, 0.00212691468187], [-0.000191089406144, -3.46305296262e-06, 0.000126790037029, -0.00013941078214, 0.00056695548119, -8.69376963237e-05, -0.00312345824204, 0.0108065409586, -0.00454321503639, 0.00349639379419, -0.00222044554539, 0.00107527896762, -0.000528571661562], [0.000278957129922, -0.000531733792741, -1.67971338669e-05, -0.000394406466512, -0.000820048328023, 0.00153248861898, 0.00278598256409, -0.00454321503639, 0.0123266018927, -0.0048551610671, 0.00198969827034, 0.00103374442551, -0.00107347115409], [-0.000220477362745, 0.00105433352292, -0.00045532285003, 0.000948889297433, -0.000998612260446, -0.000857433129568, -0.000327568937792, 0.00349639379419, -0.0048551610671, 0.013960685581, -0.00463179731742, 0.00028684863355, 0.000331559509505], [0.0004215631634, -0.000787301803939, 0.00147288455628, -8.34644597489e-05, 0.0016613965854, 0.000143331941217, 0.000960448698606, -0.00222044554539, 0.00198969827034, -0.00463179731742, 0.0123644405976, -0.00386702967808, 0.00311218039133], [-0.000175456050783, 0.000636896700598, -0.000835374405142, 0.000658251403365, 8.33406465972e-06, 0.000802445458248, -0.00177873042412, 0.00107527896762, 0.00103374442551, 0.00028684863355, -0.00386702967808, 0.012405378744, -0.00622374517843], [0.000317391823046, -0.000135017340654, 0.000716204405762, 1.35101827254e-05, 0.0002795602486, 0.000291660544463, 0.00212691468187, -0.000528571661562, -0.00107347115409, 0.000331559509505, 0.00311218039133, -0.00622374517843, 0.0153540326282]], "mean": [-88.8028869629, 98.6259460449, -81.3820495605, 1.8192615509, -45.5121841431, 0.191644489765, -24.9225120544, 7.90532159805, -20.7746906281, -1.46188724041, -11.1389570236, -0.271687418222, -12.7442865372]}, "hfc": {"dmean": 7.70863962173, "dmean2": 10.7975473404, "dvar": 373.522796631, "dvar2": 713.632385254, "max": 292.887329102, "mean": 15.8176498413, "median": 5.10025644302, "min": 1.07943986209e-16, "var": 769.87677002}, "melbands": {"dmean": [0.00026334260474, 0.000503585033584, 0.000503803777974, 0.000335757329594, 0.000113376430818, 0.000228695644182, 0.000142481279909, 0.000150161373313, 0.000112222063763, 0.000118219628348, 8.7291780801e-05, 7.32763437554e-05, 8.4127059381e-05, 4.44157703896e-05, 2.48018313869e-05, 4.12109657191e-05, 2.30465684581e-05, 2.23003098654e-05, 1.03137863334e-05, 9.39177880355e-06, 6.32325281913e-06, 4.84620022689e-06, 4.92117260364e-06, 2.99837620332e-06, 2.25751159633e-06, 2.94195274364e-06, 3.06746937895e-06, 1.87496698345e-06, 1.3395510905e-06, 1.16688602247e-06, 1.05057836208e-06, 8.78012315297e-07, 8.77682907685e-07, 9.5055293059e-07, 8.53167648529e-07, 6.08209347774e-07, 5.92912897446e-07, 5.75942067371e-07, 5.15063220519e-07, 3.96136357494e-07], "dmean2": [0.000427577091614, 0.000894338183571, 0.000902930391021, 0.000576911668759, 0.000183598822332, 0.000389366119634, 0.000220588626689, 0.00022108767007, 0.000165147925145, 0.00016468463582, 0.000116689268907, 9.90674525383e-05, 0.000122305864352, 6.12974181422e-05, 3.473819379e-05, 5.59341569897e-05, 3.36161137966e-05, 3.30551592924e-05, 1.57176782523e-05, 1.32406767079e-05, 9.29910493142e-06, 6.8494387051e-06, 7.27860697225e-06, 4.46572630608e-06, 3.53625432581e-06, 4.30678119301e-06, 4.30245881944e-06, 2.8047691103e-06, 1.98889233616e-06, 1.72557417955e-06, 1.5678501768e-06, 1.30160913159e-06, 1.27589248677e-06, 1.43887405102e-06, 1.2651629504e-06, 8.79126787368e-07, 8.67204960286e-07, 8.55587074966e-07, 7.59122258387e-07, 5.82374866553e-07], "dvar": [5.29297835783e-07, 2.89165905087e-06, 2.17018828153e-06, 7.56473525598e-07, 7.20258483966e-08, 5.61441822811e-07, 2.18565460841e-07, 2.85844777181e-07, 1.24910087607e-07, 1.81186123882e-07, 9.82131638239e-08, 8.1577034905e-08, 8.66699494395e-08, 3.20337036896e-08, 1.05481401391e-08, 3.89243020038e-08, 1.05035669051e-08, 1.48593484184e-08, 5.22691046001e-09, 3.09227754514e-09, 6.53852805232e-10, 2.66789174086e-10, 1.61982663394e-10, 6.0950980374e-11, 4.69415339932e-11, 6.18933654328e-11, 7.96573917938e-11, 2.59665188657e-11, 1.96569704958e-11, 1.63232691253e-11, 1.37199912889e-11, 8.96512638432e-12, 8.03764953899e-12, 9.14260507578e-12, 1.07313671838e-11, 4.12523357488e-12, 3.71729209914e-12, 3.19974992682e-12, 2.407730482e-12, 1.60080054681e-12], "dvar2": [1.26340262341e-06, 8.09550238046e-06, 6.24454423814e-06, 2.00763724933e-06, 1.81985754466e-07, 1.54088331783e-06, 4.72835381515e-07, 5.9410109543e-07, 2.63304514192e-07, 3.30979815999e-07, 1.39463182336e-07, 1.22303688954e-07, 1.79828461455e-07, 5.98028719878e-08, 1.95505212019e-08, 7.18254042908e-08, 2.02713561492e-08, 3.00361975292e-08, 1.26058621319e-08, 4.95866903094e-09, 1.27687993512e-09, 4.50127435325e-10, 3.51993906245e-10, 1.30583294178e-10, 1.11788640844e-10, 1.36212360835e-10, 1.53905027611e-10, 5.63742143245e-11, 4.01457270205e-11, 3.24627477677e-11, 2.82584285832e-11, 1.82648219466e-11, 1.55372797961e-11, 1.85834594241e-11, 2.18179779798e-11, 8.0517155443e-12, 7.49597866417e-12, 6.74468944237e-12, 5.0450164879e-12, 3.40934702345e-12], "max": [0.00990258064121, 0.0223275385797, 0.0173280797899, 0.016611173749, 0.0047348048538, 0.0125844702125, 0.0252244919538, 0.0236099790782, 0.00835767481476, 0.017473788932, 0.014292309992, 0.0093094073236, 0.00900975055993, 0.00575750693679, 0.00354335992597, 0.0058343433775, 0.00325225875713, 0.0046657868661, 0.00339817488566, 0.00377918942831, 0.000967552361544, 0.000758359907195, 0.000239111934206, 0.000154420311446, 0.000171847321326, 0.000222972012125, 0.000229999248404, 0.000135292473715, 0.000125530859805, 7.92932551121e-05, 6.52064554743e-05, 6.18801132077e-05, 4.71736566396e-05, 7.42795673432e-05, 0.000137307171826, 6.2805316702e-05, 4.13409361499e-05, 3.93292793888e-05, 3.43757965311e-05, 3.29179820255e-05], "mean": [0.000477100431453, 0.000708710344043, 0.0006295919884, 0.000448342994787, 0.000199992442504, 0.000313601543894, 0.000243781134486, 0.00027406270965, 0.000210354584851, 0.000252318597632, 0.000204187657801, 0.000143910569022, 0.000171644089278, 8.52474404383e-05, 4.63681353722e-05, 7.84317453508e-05, 3.58281358785e-05, 3.49080473825e-05, 1.36906410262e-05, 1.65100227605e-05, 1.05404778878e-05, 9.12440009415e-06, 8.75129990163e-06, 5.36224797543e-06, 3.81710697184e-06, 5.4064289543e-06, 5.74735986447e-06, 3.1259487514e-06, 1.67178779975e-06, 1.45576245814e-06, 1.21901700822e-06, 1.0758112694e-06, 1.0766767673e-06, 1.08541212285e-06, 9.49526167915e-07, 6.99714007624e-07, 6.82709469402e-07, 6.99145005001e-07, 6.18224305526e-07, 4.32779927451e-07], "median": [0.000302461383399, 0.000396406918298, 0.00031303713331, 0.00022847870423, 9.01213352336e-05, 8.50047217682e-05, 6.96103088558e-05, 7.85853699199e-05, 4.54349865322e-05, 3.31440678565e-05, 2.07953162317e-05, 1.56007645273e-05, 1.31179249365e-05, 7.38745984563e-06, 3.51689186573e-06, 3.9457895582e-06, 2.76342166217e-06, 1.96724090529e-06, 8.90536227871e-07, 1.12609598091e-06, 9.33854266805e-07, 9.32471891701e-07, 1.33878643283e-06, 1.02630144738e-06, 6.03524028975e-07, 5.89916567151e-07, 5.62735976928e-07, 3.6663968217e-07, 1.2817423567e-07, 8.60497877397e-08, 9.29611658762e-08, 1.05490990165e-07, 1.200188251e-07, 9.34991959411e-08, 6.21877802587e-08, 3.73477249127e-08, 4.19910719529e-08, 5.26795815858e-08, 4.19172891952e-08, 2.61095784992e-08], "min": [3.87263503375e-25, 1.06086211749e-24, 1.2450279081e-24, 4.56520166042e-25, 1.11145709216e-24, 1.66722419381e-24, 1.0197154285e-24, 1.73906102328e-24, 1.28012709078e-24, 1.20864406543e-24, 1.57472759027e-24, 2.90301838641e-24, 2.03682603829e-24, 2.39363433382e-24, 2.6702568905e-24, 2.36801923137e-24, 2.78337914987e-24, 2.23075289791e-24, 3.11735110549e-24, 3.27029486615e-24, 3.48986581886e-24, 2.44112849348e-24, 3.54770036727e-24, 3.64665626251e-24, 4.42721480114e-24, 5.57740397766e-24, 3.89978161104e-24, 5.01881078182e-24, 3.89139680848e-24, 3.7836833739e-24, 4.84974487362e-24, 5.48923417758e-24, 5.4071054743e-24, 4.5298093173e-24, 4.86236822583e-24, 4.48100052095e-24, 5.34523905781e-24, 5.86996527171e-24, 6.66177336127e-24, 5.87845933151e-24], "var": [5.84564133987e-07, 2.05244032259e-06, 1.4954521248e-06, 6.81826122673e-07, 1.17208003303e-07, 6.2907309939e-07, 5.00161888795e-07, 6.38831579636e-07, 3.56574361149e-07, 7.35256890039e-07, 5.87003569308e-07, 2.74549392998e-07, 2.88576757157e-07, 9.69557021335e-08, 3.10320089625e-08, 1.21919327967e-07, 2.13412736372e-08, 3.69179602444e-08, 5.99517369082e-09, 1.07800843807e-08, 1.67780822569e-09, 1.15348963714e-09, 4.00691591018e-10, 1.44893985699e-10, 7.86647413875e-11, 1.63723576363e-10, 2.39841119187e-10, 6.21091997277e-11, 2.91775700823e-11, 2.48406746561e-11, 1.7337867253e-11, 1.17837961611e-11, 1.10879812276e-11, 1.27656713325e-11, 1.48903354924e-11, 6.95719350186e-12, 5.79402454834e-12, 4.88323791126e-12, 3.64188150123e-12, 2.05620893576e-12]}, "melbands_crest": {"dmean": 2.42923283577, "dmean2": 3.90433001518, "dvar": 6.35919284821, "dvar2": 16.0329055786, "max": 35.9897079468, "mean": 12.5080299377, "median": 11.9922428131, "min": 1.54740488529, "var": 21.5255661011}, "melbands_flatness_db": {"dmean": 0.0244091004133, "dmean2": 0.0335465334356, "dvar": 0.000902899191715, "dvar2": 0.00162432366051, "max": 0.536350488663, "mean": 0.255992621183, "median": 0.239527955651, "min": 0.00148752296809, "var": 0.00922939181328}, "melbands_kurtosis": {"dmean": 5.89318132401, "dmean2": 9.23827934265, "dvar": 191.870010376, "dvar2": 476.511016846, "max": 348.868530273, "mean": 10.4948740005, "median": 4.91716861725, "min": -1.96672523022, "var": 323.200775146}, "melbands_skewness": {"dmean": 0.616779744625, "dmean2": 0.931166350842, "dvar": 0.703493714333, "dvar2": 1.64390897751, "max": 14.2709093094, "mean": 1.95836877823, "median": 1.762114048, "min": -1.45355844498, "var": 2.56500458717}, "melbands_spread": {"dmean": 4.52937793732, "dmean2": 6.96813106537, "dvar": 79.9090881348, "dvar2": 186.488769531, "max": 293.526000977, "mean": 18.729347229, "median": 14.4833993912, "min": 0.680719792843, "var": 433.555084229}, "mfcc": {"cov": [[16259.5966797, -392.654022217, -1199.92053223, -217.843276978, -542.917785645, -129.820602417, 116.330284119, 132.751495361, -281.373962402, 96.2871627808, 41.9356079102, -214.718902588, -17.0277786255], [-392.654022217, 2548.86181641, 180.041015625, 205.343505859, 181.56829834, -68.2222290039, 103.473800659, 169.755371094, 95.6349029541, 62.4283447266, 66.149848938, 18.821472168, 42.0277061462], [-1199.92053223, 180.041015625, 1092.30822754, 213.338867188, 105.697654724, 128.545471191, 11.3373756409, 31.3214931488, 122.862037659, -27.6626358032, -45.5011520386, 48.4938545227, -16.7737483978], [-217.843276978, 205.343505859, 213.338867188, 504.124084473, 202.838058472, -17.3770179749, -104.418266296, -10.4581394196, 78.8536071777, 17.647190094, -78.6968460083, 31.7366847992, 40.2763977051], [-542.917785645, 181.56829834, 105.697654724, 202.838058472, 354.363433838, 49.4628829956, -89.33203125, -37.8197441101, 58.1087608337, 54.7363929749, -49.9074935913, 29.8620491028, 11.0457401276], [-129.820602417, -68.2222290039, 128.545471191, -17.3770179749, 49.4628829956, 238.553878784, 71.0697937012, -15.3916797638, 37.1336860657, -30.0878810883, 16.4421977997, 16.2664356232, -28.7734718323], [116.330284119, 103.473800659, 11.3373756409, -104.418266296, -89.33203125, 71.0697937012, 226.821914673, 77.894203186, -19.791103363, -20.7147140503, 52.5433921814, -7.12096738815, 3.76525783539], [132.751495361, 169.755371094, 31.3214931488, -10.4581394196, -37.8197441101, -15.3916797638, 77.894203186, 159.461791992, 24.1733856201, 1.31124472618, 12.9981403351, -18.4128131866, 20.240568161], [-281.373962402, 95.6349029541, 122.862037659, 78.8536071777, 58.1087608337, 37.1336860657, -19.791103363, 24.1733856201, 147.462356567, 13.2499132156, -28.3247051239, 8.31157588959, -12.0315294266], [96.2871627808, 62.4283447266, -27.6626358032, 17.647190094, 54.7363929749, -30.0878810883, -20.7147140503, 1.31124472618, 13.2499132156, 152.093673706, 19.4940719604, -14.8119983673, -2.36583423615], [41.9356079102, 66.149848938, -45.5011520386, -78.6968460083, -49.9074935913, 16.4421977997, 52.5433921814, 12.9981403351, -28.3247051239, 19.4940719604, 117.986236572, 16.9367694855, -11.8403291702], [-214.718902588, 18.821472168, 48.4938545227, 31.7366847992, 29.8620491028, 16.2664356232, -7.12096738815, -18.4128131866, 8.31157588959, -14.8119983673, 16.9367694855, 95.8579711914, 24.940738678], [-17.0277786255, 42.0277061462, -16.7737483978, 40.2763977051, 11.0457401276, -28.7734718323, 3.76525783539, 20.240568161, -12.0315294266, -2.36583423615, -11.8403291702, 24.940738678, 101.785049438]], "icov": [[7.40831092116e-05, -6.33163779185e-07, 7.83194118412e-05, -6.62096936139e-05, 0.000136303628096, -8.38566775201e-05, 2.53694470302e-05, -8.95170669537e-05, 0.000119047595945, -9.90488624666e-05, 6.81850069668e-05, 5.7876270148e-05, 3.56462805939e-05], [-6.33163779185e-07, 0.000502195151057, -4.60889532405e-05, -0.000136101618409, -0.000388582498999, 0.000400528020691, -0.000354838353815, -0.000321023864672, -0.000268161995336, 6.916532584e-05, -0.000505264673848, 6.54072573525e-05, -3.37410710927e-05], [7.83194118412e-05, -4.60889532405e-05, 0.00125222152565, -0.000495325948577, 0.000241243993514, -0.000641284801532, -4.05612845498e-05, -0.000379291654099, -0.000323978310917, -3.16733967338e-05, 0.000444528268417, -0.000496603897773, 0.000438318267697], [-6.62096936139e-05, -0.000136101618409, -0.000495325948577, 0.0032877062913, -0.0013899471378, 0.000524953939021, 0.000664686202072, 4.11077307945e-05, -0.000799891538918, 0.00023006212723, 0.000862979737576, -0.000352611939888, -0.000973395246547], [0.000136303628096, -0.000388582498999, 0.000241243993514, -0.0013899471378, 0.00530619267374, -0.00220560911112, 0.00156691297889, 0.000156508860528, 0.000294675148325, -0.00221178657375, 0.00175591150764, -0.00107322703116, -6.47481210763e-05], [-8.38566775201e-05, 0.000400528020691, -0.000641284801532, 0.000524953939021, -0.00220560911112, 0.00699161598459, -0.00326139410026, 0.00182236416731, -0.00213569635525, 0.00180751946755, -0.00143434898928, -8.19687193143e-05, 0.00112404103857], [2.53694470302e-05, -0.000354838353815, -4.05612845498e-05, 0.000664686202072, 0.00156691297889, -0.00326139410026, 0.00815970636904, -0.00350968562998, 0.00150197930634, 2.05327742151e-05, -0.00127454078756, 0.000242102731136, -0.000844433729071], [-8.95170669537e-05, -0.000321023864672, -0.000379291654099, 4.11077307945e-05, 0.000156508860528, 0.00182236416731, -0.00350968562998, 0.00974486023188, -0.00278663565405, 0.000409464933909, -0.000907447596546, 0.00235035992227, -0.00227236491628], [0.000119047595945, -0.000268161995336, -0.000323978310917, -0.000799891538918, 0.000294675148325, -0.00213569635525, 0.00150197930634, -0.00278663565405, 0.00983439013362, -0.00152523140423, 0.00253899535164, -0.00147277885117, 0.00203988957219], [-9.90488624666e-05, 6.916532584e-05, -3.16733967338e-05, 0.00023006212723, -0.00221178657375, 0.00180751946755, 2.05327742151e-05, 0.000409464933909, -0.00152523140423, 0.00849448516965, -0.00324135413393, 0.00228660111316, -0.000392778922105], [6.81850069668e-05, -0.000505264673848, 0.000444528268417, 0.000862979737576, 0.00175591150764, -0.00143434898928, -0.00127454078756, -0.000907447596546, 0.00253899535164, -0.00324135413393, 0.013128680177, -0.00450667925179, 0.00243966886774], [5.7876270148e-05, 6.54072573525e-05, -0.000496603897773, -0.000352611939888, -0.00107322703116, -8.19687193143e-05, 0.000242102731136, 0.00235035992227, -0.00147277885117, 0.00228660111316, -0.00450667925179, 0.0141724376008, -0.00446058809757], [3.56462805939e-05, -3.37410710927e-05, 0.000438318267697, -0.000973395246547, -6.47481210763e-05, 0.00112404103857, -0.000844433729071, -0.00227236491628, 0.00203988957219, -0.000392778922105, 0.00243966886774, -0.00446058809757, 0.0127186058089]], "mean": [-741.22076416, 148.703536987, 14.3882808685, 14.64366436, 1.6760828495, -4.10410165787, 3.34968400002, 5.98010730743, -2.65000963211, 1.11068689823, 1.36508357525, -1.45999848843, 1.4306101799]}, "pitch_salience": {"dmean": 0.0579929724336, "dmean2": 0.0927213877439, "dvar": 0.00345589523204, "dvar2": 0.00900854263455, "max": 0.968461990356, "mean": 0.572280406952, "median": 0.579192638397, "min": 0.0812921598554, "var": 0.0109782693908}, "silence_rate_20dB": {"dmean": 0, "dmean2": 0, "dvar": 0, "dvar2": 0, "max": 1, "mean": 1, "median": 1, "min": 1, "var": 0}, "silence_rate_30dB": {"dmean": 0.006059137173, "dmean2": 0.0121197430417, "dvar": 0.00602289289236, "dvar2": 0.0146388392895, "max": 1, "mean": 0.993820428848, "median": 1, "min": 0, "var": 0.00614134734496}, "silence_rate_60dB": {"dmean": 0.0232670865953, "dmean2": 0.0465398132801, "dvar": 0.022722966969, "dvar2": 0.0514041297138, "max": 1, "mean": 0.146734520793, "median": 0, "min": 0, "var": 0.125213578343}, "spectral_centroid": {"dmean": 177.830368042, "dmean2": 269.844848633, "dvar": 87133.6484375, "dvar2": 191451.609375, "max": 11846.7880859, "mean": 1084.50610352, "median": 816.994995117, "min": 161.846893311, "var": 1921182.625}, "spectral_complexity": {"dmean": 2.28380990028, "dmean2": 3.42794823647, "dvar": 18.0208263397, "dvar2": 32.5358276367, "max": 59, "mean": 11.0876045227, "median": 10, "min": 0, "var": 65.3903121948}, "spectral_contrast_coeffs": {"dmean": [0.0454330705106, 0.0412215963006, 0.0385236404836, 0.0305347405374, 0.0236817784607, 0.016698943451], "dmean2": [0.0760869979858, 0.0657405555248, 0.0585664696991, 0.0464275926352, 0.0354057215154, 0.0254047270864], "dvar": [0.00210469053127, 0.00148220814299, 0.00138893991243, 0.000857731036376, 0.000565313734114, 0.000276782782748], "dvar2": [0.00552943442017, 0.00358363636769, 0.00289333960973, 0.00167586072348, 0.001109705423, 0.000609724083915], "max": [-0.355642616749, -0.343812823296, -0.366821497679, -0.4700756073, -0.54832303524, -0.614008009434], "mean": [-0.678530335426, -0.699225008488, -0.702277958393, -0.757703602314, -0.778228521347, -0.81191599369], "median": [-0.68070846796, -0.704960286617, -0.711475610733, -0.763285338879, -0.784108757973, -0.813163638115], "min": [-0.98198390007, -0.978973984718, -0.987058877945, -0.976270616055, -0.969121515751, -0.96525657177], "var": [0.00834604445845, 0.00915514025837, 0.0114303827286, 0.00754255522043, 0.00508961966261, 0.0021986735519]}, "spectral_contrast_valleys": {"dmean": [0.33553686738, 0.398873627186, 0.386490523815, 0.351618736982, 0.337134808302, 0.41912445426], "dmean2": [0.544745087624, 0.626313447952, 0.588676571846, 0.505127668381, 0.451938509941, 0.513525784016], "dvar": [0.118203006685, 0.210819587111, 0.199435576797, 0.164364919066, 0.181753471494, 0.285900622606], "dvar2": [0.24651478231, 0.458631932735, 0.386777490377, 0.274663060904, 0.275959730148, 0.44448158145], "max": [-5.24292898178, -4.47784757614, -5.00908231735, -5.74922132492, -5.88553380966, -7.68189907074], "mean": [-7.94963121414, -7.74075269699, -8.68524932861, -9.34303188324, -9.29068946838, -11.4106893539], "median": [-7.26750040054, -7.22441387177, -8.26856327057, -8.95592498779, -8.85697937012, -11.1252479553], "min": [-28.1898822784, -28.2342643738, -27.8704891205, -27.8626232147, -27.548166275, -27.4330272675], "var": [7.7899851799, 7.89197921753, 7.3151011467, 6.76159143448, 6.97965049744, 5.95871257782]}, "spectral_decrease": {"dmean": 1.64500990607e-09, "dmean2": 2.51185627853e-09, "dvar": 1.19527904571e-17, "dvar2": 2.87436395486e-17, "max": 5.93195463993e-19, "mean": -4.23814316974e-09, "median": -2.36986297253e-09, "min": -4.28000674901e-08, "var": 2.58005937949e-17}, "spectral_energy": {"dmean": 0.00679875956848, "dmean2": 0.0102081578225, "dvar": 0.000202518625883, "dvar2": 0.000474475527881, "max": 0.169458776712, "mean": 0.017430420965, "median": 0.00951080303639, "min": 9.85677384427e-21, "var": 0.000451233383501}, "spectral_energyband_high": {"dmean": 0.000436324451584, "dmean2": 0.00063489592867, "dvar": 1.75643378952e-06, "dvar2": 3.30898319589e-06, "max": 0.019104231149, "mean": 0.000513538951054, "median": 4.84987685923e-05, "min": 6.93626244205e-21, "var": 2.47475486503e-06}, "spectral_energyband_low": {"dmean": 0.00220914720558, "dmean2": 0.00369547703303, "dvar": 4.46725389338e-05, "dvar2": 0.00011724079377, "max": 0.0838769078255, "mean": 0.0038553995546, "median": 0.00245881825686, "min": 1.29102987819e-23, "var": 4.11303408328e-05}, "spectral_energyband_middle_high": {"dmean": 0.00163528847042, "dmean2": 0.00220009009354, "dvar": 1.68982769537e-05, "dvar2": 2.77371473203e-05, "max": 0.117940247059, "mean": 0.00484428368509, "median": 0.00101263797842, "min": 1.20026067729e-21, "var": 9.66580555541e-05}, "spectral_energyband_middle_low": {"dmean": 0.00434428127483, "dmean2": 0.00708016799763, "dvar": 9.65894942055e-05, "dvar2": 0.000249910866842, "max": 0.161092728376, "mean": 0.00905362144113, "median": 0.0049660555087, "min": 1.48741225671e-22, "var": 0.000153877437697}, "spectral_entropy": {"dmean": 0.230870246887, "dmean2": 0.311677336693, "dvar": 0.0779704600573, "dvar2": 0.134234085679, "max": 9.82820320129, "mean": 7.02973985672, "median": 7.04138946533, "min": 4.89851713181, "var": 0.596368432045}, "spectral_flux": {"dmean": 0.0236571002752, "dmean2": 0.0351553149521, "dvar": 0.00126628007274, "dvar2": 0.00239856448025, "max": 0.326640367508, "mean": 0.0599047057331, "median": 0.0405562669039, "min": 6.30309762717e-11, "var": 0.0033113155514}, "spectral_kurtosis": {"dmean": 2.80624365807, "dmean2": 4.12759065628, "dvar": 14.8382110596, "dvar2": 30.2110443115, "max": 75.3911437988, "mean": 10.6658420563, "median": 7.31197357178, "min": -1.39850115776, "var": 103.204917908}, "spectral_rms": {"dmean": 0.000647970708087, "dmean2": 0.000931651738938, "dvar": 1.19862920656e-06, "dvar2": 2.60818910647e-06, "max": 0.0128579018638, "mean": 0.00351546448655, "median": 0.00304611749016, "min": 3.10102638013e-12, "var": 4.64677714263e-06}, "spectral_rolloff": {"dmean": 466.376586914, "dmean2": 791.775817871, "dvar": 2068260, "dvar2": 4688090.5, "max": 19745.9472656, "mean": 1494.82629395, "median": 861.328125, "min": 43.06640625, "var": 7920895}, "spectral_skewness": {"dmean": 0.316689997911, "dmean2": 0.452524125576, "dvar": 0.149697780609, "dvar2": 0.278727471828, "max": 7.10220909119, "mean": 2.39813899994, "median": 2.18092608452, "min": -0.739172399044, "var": 1.18110585213}, "spectral_spread": {"dmean": 890623.9375, "dmean2": 1203451.625, "dvar": 1864805908480.0, "dvar2": 3448624644100.0, "max": 42956444, "mean": 5208510.5, "median