{"lowlevel": {"average_loudness": 0.613654792309, "barkbands": {"dmean": [0.000676121737342, 0.00345355365425, 0.00164160248823, 0.000991081702523, 0.00131677091122, 0.000704339705408, 0.000541874091141, 0.000697818817571, 0.000552744546439, 0.000365220272215, 0.000212852697587, 0.000175390494405, 0.000114354901598, 0.000124566257, 0.000160384355695, 9.36250798986e-05, 0.000147385231685, 0.000130172498757, 0.00024507343187, 0.000254785671132, 0.000229007360758, 0.000298649596516, 0.000247913965723, 0.000218157336349, 0.000323881657096, 6.30669601378e-05, 1.73021157934e-06], "dmean2": [0.00105129170697, 0.00595790846273, 0.0026359227486, 0.00164114951622, 0.00214379397221, 0.0010949941352, 0.000834802689496, 0.00106819579378, 0.000821984081995, 0.000538722903002, 0.000328009715304, 0.000268228439381, 0.000176640285645, 0.000193941115867, 0.000253227568464, 0.000144558085594, 0.000237089494476, 0.000202512179385, 0.00037260146928, 0.000385046092561, 0.000341012550052, 0.000441839161795, 0.000367011729395, 0.000328189402353, 0.000479564449051, 9.67658925219e-05, 2.77168760476e-06], "dvar": [4.17013461629e-06, 0.000136871720315, 2.72124580079e-05, 6.05208288107e-06, 1.03513220893e-05, 2.31071931012e-06, 2.55309328168e-06, 3.42260659636e-06, 2.378372983e-06, 1.13229020826e-06, 3.21277724424e-07, 1.92016727851e-07, 8.78628583223e-08, 8.85103972337e-08, 1.44046396144e-07, 5.12243083506e-08, 1.29666844373e-07, 1.61672701893e-07, 3.89327681205e-07, 6.64503716052e-07, 5.2687647667e-07, 6.9653896162e-07, 1.05125468508e-06, 1.58022589858e-06, 2.27969235311e-06, 6.36621209082e-08, 4.90299398304e-11], "dvar2": [9.49709374254e-06, 0.000375114032067, 6.80980883772e-05, 1.46311222124e-05, 2.63410547632e-05, 5.55576389161e-06, 6.49278672427e-06, 7.6368696682e-06, 5.01324711877e-06, 2.25223766392e-06, 7.05572745119e-07, 4.12203206679e-07, 1.97199057084e-07, 2.07798265706e-07, 3.61361713885e-07, 1.1769984809e-07, 3.21906753697e-07, 3.89652399235e-07, 9.09398181648e-07, 1.48512515352e-06, 1.21794414554e-06, 1.51169649598e-06, 2.41957059188e-06, 3.49169567926e-06, 4.51685264125e-06, 1.46338095419e-07, 1.22562168747e-10], "max": [0.0513638705015, 0.122418753803, 0.0885569900274, 0.100178301334, 0.0685270130634, 0.0406135506928, 0.0409268513322, 0.0369754508138, 0.0401386618614, 0.0360208638012, 0.0143170831725, 0.01162064448, 0.00923706963658, 0.00651435088366, 0.00854979548603, 0.00459606433287, 0.00776658719406, 0.00798949413002, 0.0149525376037, 0.0267447065562, 0.0264846496284, 0.0276743657887, 0.0382843650877, 0.0299284067005, 0.0586517378688, 0.00689840270206, 0.000130565909785], "mean": [0.000821025751065, 0.00333566544577, 0.00217376207002, 0.00141236302443, 0.00213211076334, 0.00126785133034, 0.000936415512115, 0.00147977285087, 0.00100085162558, 0.000699326570611, 0.000340880360454, 0.000293595978292, 0.000174486645847, 0.000208509431104, 0.000265142036369, 0.000163224773132, 0.00026892212918, 0.0001981062087, 0.00042277717148, 0.000454131775768, 0.000395586917875, 0.000512912403792, 0.000352616450982, 0.000293529359624, 0.000444731063908, 9.08037691261e-05, 2.11612291423e-06], "median": [0.000103016573121, 0.000408321764553, 0.000355895928806, 0.000418506271672, 0.000876779551618, 0.00039873374044, 0.000142169723404, 0.000164028097061, 0.00018760911189, 0.000103814534668, 8.22637666715e-05, 6.65353654767e-05, 4.14964742959e-05, 4.65338962385e-05, 6.89324515406e-05, 4.46986159659e-05, 7.35295398044e-05, 4.85093733005e-05, 9.74700669758e-05, 8.00156121841e-05, 8.97427380551e-05, 0.000106251936813, 3.79022167181e-05, 2.32926395256e-05, 2.93572957162e-05, 7.22626737115e-06, 2.67535966714e-07], "min": [7.46832121824e-26, 1.41725103485e-24, 2.26686058996e-25, 1.17082617224e-24, 5.68687105004e-24, 4.33756233698e-24, 8.43075055388e-24, 7.3755954506e-24, 5.76889720139e-24, 7.7968874059e-24, 1.28289427679e-23, 3.18474885688e-23, 3.06476784636e-23, 2.6887680244e-23, 3.52526098216e-23, 4.5327108266e-23, 6.74819070686e-23, 6.08908795421e-23, 1.14637266747e-22, 1.84123530536e-22, 2.32372951937e-22, 2.89008747311e-22, 3.70054221499e-22, 5.69367893543e-22, 8.54816442169e-22, 1.12260546222e-21, 1.68352166411e-21], "var": [6.06567937211e-06, 0.000121454446344, 3.0205672374e-05, 1.2219371456e-05, 1.40650299727e-05, 5.56761324333e-06, 6.37357425148e-06, 1.60803192557e-05, 6.44295369057e-06, 4.0976069613e-06, 6.68252027936e-07, 4.11224164054e-07, 1.54055456392e-07, 1.88634459164e-07, 3.01290100424e-07, 1.09564943784e-07, 2.9955157288e-07, 2.45645679797e-07, 8.25206484478e-07, 1.40483678024e-06, 9.41799214615e-07, 1.77943638846e-06, 1.47701848618e-06, 2.63422793978e-06, 4.45104205937e-06, 1.01309261424e-07, 4.92291173104e-11]}, "barkbands_crest": {"dmean": 2.76273369789, "dmean2": 4.46334791183, "dvar": 6.86478567123, "dvar2": 17.3875980377, "max": 25.9790630341, "mean": 10.1580305099, "median": 9.16457462311, "min": 2.34379696846, "var": 20.5657901764}, "barkbands_flatness_db": {"dmean": 0.0220965892076, "dmean2": 0.0341427698731, "dvar": 0.000556537881494, "dvar2": 0.00128108391073, "max": 0.386662274599, "mean": 0.132774114609, "median": 0.119122438133, "min": 0.0251700077206, "var": 0.00359309837222}, "barkbands_kurtosis": {"dmean": 4.87148952484, "dmean2": 7.85769510269, "dvar": 155.593734741, "dvar2": 395.725067139, "max": 292.11819458, "mean": 7.03988838196, "median": 2.04057025909, "min": -1.94424819946, "var": 280.776947021}, "barkbands_skewness": {"dmean": 0.697993099689, "dmean2": 1.05476212502, "dvar": 0.826717853546, "dvar2": 1.84019935131, "max": 16.3262691498, "mean": 1.58585906029, "median": 1.39930427074, "min": -6.34024715424, "var": 3.37634038925}, "barkbands_spread": {"dmean": 7.73551368713, "dmean2": 11.9934997559, "dvar": 100.753265381, "dvar2": 230.651779175, "max": 119.150604248, "mean": 27.6701698303, "median": 23.6436595917, "min": 0.634032249451, "var": 357.881469727}, "dissonance": {"dmean": 0.0189154818654, "dmean2": 0.0312637686729, "dvar": 0.000393609690946, "dvar2": 0.00099875649903, "max": 0.500000178814, "mean": 0.457421928644, "median": 0.46832087636, "min": 0.194651558995, "var": 0.00141829822678}, "dynamic_complexity": 5.17516565323, "erbbands": {"dmean": [0.106688469648, 0.787854671478, 2.01691293716, 2.07448458672, 4.47878026962, 4.60628986359, 4.62017059326, 6.27241134644, 5.98548746109, 11.3305044174, 15.5696496964, 12.1602830887, 12.7677173615, 9.42378616333, 6.10419034958, 7.13603115082, 5.06327676773, 5.80503129959, 6.34074640274, 7.1800069809, 5.39116716385, 7.45491170883, 7.17591381073, 10.0702142715, 12.9587135315, 11.3168878555, 8.45635604858, 10.1184835434, 11.9440383911, 6.53921937943, 8.2141046524, 5.00166845322, 3.58795881271, 3.05564785004, 2.72832751274, 0.588464558125, 0.0764595866203, 0.00563906831667, 0.000313656462822, 2.93504708679e-05], "dmean2": [0.185871377587, 1.35502171516, 3.28642582893, 3.34309339523, 7.41532564163, 7.45897960663, 7.27403926849, 9.85262203217, 9.18842315674, 17.4220352173, 23.3990077972, 17.891248703, 18.5861797333, 13.9205703735, 9.16469669342, 10.7088747025, 7.68073987961, 8.98347949982, 9.89760017395, 11.2038440704, 8.26071643829, 11.9542999268, 11.307012558, 15.3620529175, 19.580368042, 16.7110557556, 12.74081707, 15.0197429657, 17.6181964874, 9.62526988983, 12.3476476669, 7.65314054489, 5.3237862587, 4.47364807129, 4.09126377106, 0.90194106102, 0.114840693772, 0.00848508253694, 0.000492645194754, 4.41599040641e-05], "dvar": [0.172295033932, 7.16536331177, 46.1414299011, 20.6362667084, 223.42364502, 95.1790618896, 120.656219482, 233.952377319, 289.92855835, 1448.25085449, 1683.81713867, 1168.96777344, 1560.40026855, 513.778015137, 352.255493164, 266.297637939, 179.86517334, 189.13092041, 174.045196533, 321.582122803, 142.077041626, 405.340179443, 422.682067871, 1136.25024414, 1055.31274414, 1566.5357666, 817.816589355, 854.304443359, 1034.49768066, 514.005187988, 1282.50695801, 761.964599609, 453.58404541, 332.795288086, 147.157928467, 5.10849666595, 0.0856835395098, 0.00041846948443, 1.5318117903e-06, 1.04206376861e-08], "dvar2": [0.483144700527, 19.5215682983, 114.707008362, 50.079750061, 573.648864746, 246.71472168, 297.521881104, 585.905517578, 698.189819336, 3734.61181641, 3773.46069336, 2542.69702148, 3197.95239258, 1178.87365723, 720.740112305, 557.616821289, 403.954711914, 436.121276855, 429.314544678, 764.113525391, 319.835021973, 1002.53710938, 1065.04699707, 2667.22363281, 2387.58203125, 3524.73535156, 1811.48608398, 1949.64135742, 2217.74780273, 1086.65222168, 2991.46948242, 1819.86962891, 927.055480957, 631.934997559, 325.760375977, 11.7264099121, 0.183380648494, 0.000942781567574, 3.79921493732e-06, 2.47123974617e-08], "max": [5.27941322327, 33.2838478088, 113.893386841, 141.854858398, 302.276184082, 240.532989502, 281.191741943, 493.683654785, 499.182098389, 1485.65649414, 928.204711914, 975.986083984, 1359.2286377, 544.681091309, 685.808898926, 474.749755859, 512.311462402, 326.212493896, 230.753829956, 382.147338867, 217.130767822, 518.346374512, 480.017913818, 1071.68933105, 735.459533691, 1573.64892578, 934.22668457, 864.837402344, 1009.1673584, 556.014343262, 1323.2277832, 653.443359375, 638.830444336, 712.668762207, 382.332885742, 60.5852432251, 11.7323818207, 0.503056704998, 0.024188157171, 0.00219873245806], "mean": [0.0989845320582, 0.748854219913, 2.5049264431, 3.34950900078, 6.17711114883, 7.67366504669, 8.33194160461, 11.0268344879, 10.7604436874, 22.9882221222, 32.3326530457, 22.9756546021, 24.9313793182, 18.0801849365, 11.1386871338, 12.4785490036, 8.4965429306, 10.0830173492, 11.5735168457, 13.1654319763, 10.9775266647, 14.0949611664, 12.0082206726, 16.5686779022, 24.1711997986, 19.9716815948, 15.1249275208, 17.9861183167, 20.5163822174, 10.8140735626, 11.0455284119, 6.5524725914, 4.93533611298, 4.23614120483, 3.52511334419, 0.829407036304, 0.109290741384, 0.00843976158649, 0.000426320213592, 5.31925034011e-05], "median": [0.0112404935062, 0.108033068478, 0.485055327415, 1.36216032505, 2.11054158211, 2.74394464493, 2.67538547516, 3.28791952133, 2.57443833351, 3.25166487694, 4.56308317184, 5.47272396088, 4.14028453827, 4.81003236771, 3.18013095856, 3.07480359077, 2.43058133125, 2.8034722805, 4.17260169983, 3.38182902336, 3.39963006973, 4.12298774719, 3.32864284515, 3.83579325676, 4.93050527573, 3.71750426292, 3.58536100388, 4.03083515167, 4.19798660278, 1.77123224735, 1.0799164772, 0.548110127449, 0.370706498623, 0.263761043549, 0.186762422323, 0.0658425092697, 0.0100370729342, 0.000989021500573, 6.36010008748e-05, 2.33019782172e-05], "min": [7.81690727572e-23, 4.19435980154e-22, 1.42640965553e-21, 4.91322625247e-21, 6.71463539122e-21, 1.69106203335e-20, 2.61939811065e-20, 6.86073358198e-20, 1.4259888072e-19, 2.20370401912e-19, 1.99432147087e-19, 1.99168871008e-19, 3.73184161865e-19, 5.08755367799e-19, 7.23409719034e-19, 1.02357965636e-18, 1.73735411712e-18, 1.60240477006e-18, 2.51949164339e-18, 2.58076111816e-18, 3.11157511815e-18, 4.24316936306e-18, 3.98961699862e-18, 6.34549314403e-18, 7.46681628727e-18, 8.25773247459e-18, 9.00903663673e-18, 9.19600757931e-18, 1.13029201447e-17, 1.12336048909e-17, 1.03641040639e-17, 1.04438103605e-17, 8.36925544631e-18, 7.61273839195e-18, 6.33474806787e-18, 3.76266304036e-18, 2.24358555008e-18, 9.04632325041e-19, 2.32274151312e-19, 2.6129021579e-20], "var": [0.134494856, 6.3018951416, 48.8311042786, 37.6371765137, 248.604370117, 184.385696411, 279.58505249, 485.487976074, 601.900024414, 4283.64355469, 6880.42675781, 3135.34741211, 5636.57373047, 1533.11621094, 862.27545166, 654.398803711, 327.553253174, 393.862640381, 366.532623291, 774.005126953, 364.145385742, 885.149108887, 721.715637207, 2206.52929688, 2674.25, 2979.87988281, 1431.88720703, 1939.40808105, 2884.34423828, 1078.62768555, 1611.30187988, 1057.84301758, 870.515258789, 662.416748047, 226.92640686, 8.06544589996, 0.158948600292, 0.000641320541035, 1.73527530478e-06, 1.34064084278e-08]}, "erbbands_crest": {"dmean": 2.63691711426, "dmean2": 4.26853513718, "dvar": 7.08836126328, "dvar2": 17.2883071899, "max": 32.932308197, "mean": 9.530128479, "median": 8.18528079987, "min": 2.21986317635, "var": 25.5952453613}, "erbbands_flatness_db": {"dmean": 0.0155316889286, "dmean2": 0.0232393387705, "dvar": 0.000246967480052, "dvar2": 0.000534425082151, "max": 0.367484390736, "mean": 0.149769484997, "median": 0.145817577839, "min": 0.0217413622886, "var": 0.00175393850077}, "erbbands_kurtosis": {"dmean": 1.37309730053, "dmean2": 2.16137433052, "dvar": 10.6386823654, "dvar2": 25.3455848694, "max": 105.412796021, "mean": 1.21726179123, "median": -0.278334379196, "min": -1.86376428604, "var": 30.1764259338}, "erbbands_skewness": {"dmean": 0.418161541224, "dmean2": 0.618194818497, "dvar": 0.225225225091, "dvar2": 0.44733312726, "max": 8.74572753906, "mean": 0.287984997034, "median": 0.23086476326, "min": -5.85421943665, "var": 1.50745534897}, "erbbands_spread": {"dmean": 9.77696800232, "dmean2": 14.9871749878, "dvar": 129.832809448, "dvar2": 296.99887085, "max": 154.528198242, "mean": 46.6479034424, "median": 44.1369667053, "min": 1.66353142262, "var": 512.309387207}, "gfcc": {"cov": [[36196.8515625, -19.3710727692, -3519.26757812, 1172.0958252, -2793.97314453, 603.008850098, -1228.51489258, 452.074798584, -1097.0546875, 288.082641602, -890.963012695, -115.925704956, -427.203857422], [-19.3710727692, 2232.75268555, -234.371963501, -112.0001297, 613.246948242, -271.001708984, 176.486984253, -177.931625366, 111.715675354, -188.457458496, 93.7174530029, -101.251739502, -12.7189321518], [-3519.26757812, -234.371963501, 1374.97644043, 16.7383232117, 96.7254486084, 115.309043884, 92.4811630249, 54.2121162415, 50.4365768433, 22.4194316864, 25.1945056915, 11.592874527, 14.9003753662], [1172.0958252, -112.0001297, 16.7383232117, 519.915161133, 29.099691391, 52.2789115906, -22.9485263824, 9.55761241913, 8.80612945557, -37.0788574219, -37.1567001343, -35.9808006287, -12.6841030121], [-2793.97314453, 613.246948242, 96.7254486084, 29.099691391, 788.594848633, -50.0397720337, 159.115325928, -79.0528106689, 122.986335754, -106.169685364, 111.118225098, -21.6189880371, 22.9356079102], [603.008850098, -271.001708984, 115.309043884, 52.2789115906, -50.0397720337, 281.011932373, 41.0318183899, 55.2163009644, -37.3758735657, 21.2557697296, -33.2671012878, 6.69107913971, -19.75806427], [-1228.51489258, 176.486984253, 92.4811630249, -22.9485263824, 159.115325928, 41.0318183899, 261.589508057, 9.84632110596, 53.5405807495, -21.4719905853, 11.7968730927, -11.6650323868, -3.69044351578], [452.074798584, -177.931625366, 54.2121162415, 9.55761241913, -79.0528106689, 55.2163009644, 9.84632110596, 162.547851562, 25.9242324829, 44.2168159485, -26.3040542603, -3.51768445969, -7.08657550812], [-1097.0546875, 111.715675354, 50.4365768433, 8.80612945557, 122.986335754, -37.3758735657, 53.5405807495, 25.9242324829, 201.481124878, 21.3857460022, 42.5150718689, -15.2251968384, 5.73329162598], [288.082641602, -188.457458496, 22.4194316864, -37.0788574219, -106.169685364, 21.2557697296, -21.4719905853, 44.2168159485, 21.3857460022, 141.424957275, 8.30897045135, 13.4447784424, -0.535869538784], [-890.963012695, 93.7174530029, 25.1945056915, -37.1567001343, 111.118225098, -33.2671012878, 11.7968730927, -26.3040542603, 42.5150718689, 8.30897045135, 124.054695129, 29.4467868805, 23.7905292511], [-115.925704956, -101.251739502, 11.592874527, -35.9808006287, -21.6189880371, 6.69107913971, -11.6650323868, -3.51768445969, -15.2251968384, 13.4447784424, 29.4467868805, 107.094055176, 43.1753387451], [-427.203857422, -12.7189321518, 14.9003753662, -12.6841030121, 22.9356079102, -19.75806427, -3.69044351578, -7.08657550812, 5.73329162598, -0.535869538784, 23.7905292511, 43.1753387451, 92.4078369141]], "icov": [[0.000198911380721, -0.000381902063964, 0.000415152666392, -0.000500972266309, 0.000497310073115, -0.000538699736353, 0.000604745990131, -0.000561915338039, 0.000618323450908, -0.000477926805615, 0.000533412268851, -0.000363898085197, 0.000465307821287], [-0.000381902063964, 0.0014932770282, -0.000685795559548, 0.00114230741747, -0.00132716819644, 0.00153197871987, -0.00146986928303, 0.00140124047175, -0.00127030699514, 0.00142607325688, -0.00116017181426, 0.00125573622063, -0.000787855533417], [0.000415152666392, -0.000685795559548, 0.00166811863892, -0.00103139935527, 0.00091064942535, -0.00136020244099, 0.00105497718323, -0.00129555037711, 0.00117287412286, -0.00100593676325, 0.000966357532889, -0.000695333292242, 0.000837731175125], [-0.000500972266309, 0.00114230741747, -0.00103139935527, 0.00343282753602, -0.00147254287731, 0.000947863212787, -0.00112000247464, 0.00144503870979, -0.00193604954984, 0.00192079343833, -0.000835927610751, 0.00160549872089, -0.00129069853574], [0.000497310073115, -0.00132716819644, 0.00091064942535, -0.00147254287731, 0.00351353548467, -0.00159143283963, 0.000764536845963, -0.000953051960096, 0.000729076680727, -6.08200098213e-05, -0.000152218155563, -0.000616044155322, 0.000793994113337], [-0.000538699736353, 0.00153197871987, -0.00136020244099, 0.000947863212787, -0.00159143283963, 0.00632351171225, -0.00279478123412, 0.000490986451041, -0.000524801260326, 0.000969135027844, -0.000933012983296, 0.000465734716272, -0.000196261418751], [0.000604745990131, -0.00146986928303, 0.00105497718323, -0.00112000247464, 0.000764536845963, -0.00279478123412, 0.00683625601232, -0.00213220180012, 0.000906140659936, -0.00109889288433, 0.00211146683432, -0.00114971864969, 0.00152276747394], [-0.000561915338039, 0.00140124047175, -0.00129555037711, 0.00144503870979, -0.000953051960096, 0.000490986451041, -0.00213220180012, 0.00964136514813, -0.00341726094484, -0.000142246339237, -2.78360184893e-05, 0.00130504905246, -0.00139327393845], [0.000618323450908, -0.00127030699514, 0.00117287412286, -0.00193604954984, 0.000729076680727, -0.000524801260326, 0.000906140659936, -0.00341726094484, 0.00880062300712, -0.00314263789915, -5.97313191975e-05, 6.3316176238e-05, 0.00113132374827], [-0.000477926805615, 0.00142607325688, -0.00100593676325, 0.00192079343833, -6.08200098213e-05, 0.000969135027844, -0.00109889288433, -0.000142246339237, -0.00314263789915, 0.0108784819022, -0.00302163721062, 0.000691274995916, -0.000706807011738], [0.000533412268851, -0.00116017181426, 0.000966357532889, -0.000835927610751, -0.000152218155563, -0.000933012983296, 0.00211146683432, -2.78360184893e-05, -5.97313191975e-05, -0.00302163721062, 0.0130996359512, -0.00406929804012, 0.000471156468848], [-0.000363898085197, 0.00125573622063, -0.000695333292242, 0.00160549872089, -0.000616044155322, 0.000465734716272, -0.00114971864969, 0.00130504905246, 6.3316176238e-05, 0.000691274995916, -0.00406929804012, 0.0141434837133, -0.00643080519512], [0.000465307821287, -0.000787855533417, 0.000837731175125, -0.00129069853574, 0.000793994113337, -0.000196261418751, 0.00152276747394, -0.00139327393845, 0.00113132374827, -0.000706807011738, 0.000471156468848, -0.00643080519512, 0.0150760216638]], "mean": [-58.7945785522, 70.1892852783, -101.227394104, 36.8126754761, -63.9117698669, 9.03369617462, -33.6586761475, 9.60032653809, -26.2468643188, 4.9530210495, -22.7583789825, 1.03752374649, -9.82238960266]}, "hfc": {"dmean": 11.5509185791, "dmean2": 15.9976797104, "dvar": 1212.58325195, "dvar2": 2394.46289062, "max": 945.366577148, "mean": 26.5961837769, "median": 12.0777215958, "min": 1.01382147698e-16, "var": 2845.04736328}, "melbands": {"dmean": [0.000943079823628, 0.00103288434912, 0.000447875849204, 0.000313021009788, 0.000165083751199, 0.000136366477818, 9.69891625573e-05, 0.000125572798424, 0.000125138481962, 7.78284083935e-05, 6.43984822091e-05, 3.96063696826e-05, 2.30068344536e-05, 1.9278812033e-05, 1.49913184941e-05, 1.18807929539e-05, 1.20665845316e-05, 1.01682953755e-05, 1.32001741804e-05, 7.97721077106e-06, 7.16383874533e-06, 9.28106419451e-06, 6.13879819866e-06, 6.49493949822e-06, 8.93653759704e-06, 9.36855758482e-06, 1.05073968371e-05, 7.5283287515e-06, 5.63789990338e-06, 5.66402559343e-06, 6.45305954095e-06, 7.89645037003e-06, 4.75579145132e-06, 3.41734653375e-06, 5.05962589159e-06, 3.80643473363e-06, 2.89891477223e-06, 2.47259617936e-06, 2.77913568425e-06, 2.58444561041e-06], "dmean2": [0.00161874189507, 0.00169472384732, 0.000723169941921, 0.000509616394993, 0.000260869011981, 0.00021354945784, 0.000149369647261, 0.000192602208699, 0.000188457663171, 0.00011481349793, 9.34326235438e-05, 5.81973981753e-05, 3.48869871232e-05, 2.89659747068e-05, 2.31003996305e-05, 1.83509400813e-05, 1.88745798368e-05, 1.59700921358e-05, 2.06746572076e-05, 1.23699801406e-05, 1.12355519377e-05, 1.50966989168e-05, 9.84041071206e-06, 1.00185861811e-05, 1.37095084938e-05, 1.43115257742e-05, 1.59318260557e-05, 1.13775104182e-05, 8.64334015205e-06, 8.6189556896e-06, 9.69947359408e-06, 1.18136149467e-05, 7.13261488272e-06, 5.07490722157e-06, 7.68470727053e-06, 5.79352490604e-06, 4.44949000666e-06, 3.74063210984e-06, 4.03642843594e-06, 3.85973544326e-06], "dvar": [1.08416588773e-05, 1.19594706121e-05, 1.21208859127e-06, 6.69757241667e-07, 1.28489958229e-07, 9.9877354387e-08, 6.80438176914e-08, 1.56073070912e-07, 1.05426813946e-07, 5.26638821441e-08, 3.91992500681e-08, 9.53012779803e-09, 4.2388488275e-09, 2.39237829547e-09, 1.52663470754e-09, 1.0670688777e-09, 9.12771136452e-10, 4.66595651005e-10, 1.21375265394e-09, 3.7098710215e-10, 2.5693533412e-10, 6.16190209968e-10, 2.67835614798e-10, 4.32051866506e-10, 9.90715731675e-10, 5.82382753134e-10, 1.08399289545e-09, 8.37775182561e-10, 3.56900842213e-10, 2.77750350497e-10, 3.90878385215e-10, 4.76070960431e-10, 2.47509929219e-10, 1.57608689988e-10, 4.48768106009e-10, 4.25505408685e-10, 2.78386425023e-10, 2.1685057916e-10, 2.81206835595e-10, 2.51526660611e-10], "dvar2": [2.98200102407e-05, 3.04192490148e-05, 2.97304518426e-06, 1.71095268797e-06, 3.23471397223e-07, 2.44518560066e-07, 1.6350338683e-07, 3.91042760839e-07, 2.3643485747e-07, 1.14524830508e-07, 7.93404524302e-08, 2.1189542565e-08, 8.77131522969e-09, 5.05775687998e-09, 3.30736238396e-09, 2.40228503756e-09, 2.13188444675e-09, 1.12511733263e-09, 3.07600722671e-09, 8.56375359515e-10, 6.01505623088e-10, 1.55566393101e-09, 6.64393762229e-10, 9.91470461287e-10, 2.33931518601e-09, 1.33554833859e-09, 2.47312725854e-09, 1.97889238329e-09, 7.91260168498e-10, 6.41360298204e-10, 9.1406376912e-10, 1.04528674605e-09, 5.59161050795e-10, 3.34061556195e-10, 1.03892006109e-09, 1.04461839179e-09, 6.70031474748e-10, 4.66362171103e-10, 5.39114142217e-10, 4.91450102835e-10], "max": [0.0408899262547, 0.0551229566336, 0.0342233143747, 0.0174746066332, 0.0097411936149, 0.00970344152302, 0.0066514601931, 0.0147031322122, 0.00787546485662, 0.00605025235564, 0.00665119756013, 0.00259043253027, 0.00220577884465, 0.00124317454174, 0.00145925115794, 0.00102723191958, 0.000731951033231, 0.000404246646212, 0.000941290694755, 0.000401590863476, 0.000294709141599, 0.000656227872241, 0.000351835798938, 0.000441527983639, 0.00104760366958, 0.00055741815595, 0.000754265580326, 0.00127069652081, 0.000537614279892, 0.000393150636228, 0.000696361006703, 0.000890671217348, 0.00046380245476, 0.000284287205432, 0.000703880214132, 0.000780914328061, 0.000468684826046, 0.000432419590652, 0.00055621546926, 0.000708846724592], "mean": [0.000953132752329, 0.00122050393838, 0.000717760645784, 0.000487021170557, 0.000309269555146, 0.000244982162258, 0.000175581517396, 0.000268770643743, 0.000256020663073, 0.000141096199513, 0.000122577344882, 7.27887018002e-05, 3.89080632885e-05, 3.2970267057e-05, 2.46940962825e-05, 1.79166072485e-05, 1.9622988475e-05, 1.74662327481e-05, 2.18273253267e-05, 1.36311700771e-05, 1.30913576868e-05, 1.65002729773e-05, 1.03626161945e-05, 9.79582091531e-06, 1.36337339427e-05, 1.56878340931e-05, 1.85743756447e-05, 1.20917757158e-05, 9.30324858928e-06, 9.54064580583e-06, 1.0711334653e-05, 1.30515672936e-05, 7.63074967836e-06, 5.22929985891e-06, 6.64301296638e-06, 4.87499755764e-06, 3.66453855349e-06, 3.23457288687e-06, 3.77205856239e-06, 3.43807937497e-06], "median": [0.000123693040223, 0.000246329756919, 0.000282675318886, 0.000192719948245, 0.000111456596642, 7.30860629119e-05, 3.72168215108e-05, 3.38666213793e-05, 3.13083473884e-05, 2.90825355478e-05, 1.75716868398e-05, 1.70836701727e-05, 1.01107962109e-05, 7.4717509051e-06, 5.94090306549e-06, 4.07470179198e-06, 4.57188616565e-06, 5.80638152314e-06, 5.12671203978e-06, 3.30573880092e-06, 3.7724178128e-06, 4.35702941104e-06, 3.05722892335e-06, 2.1328269213e-06, 2.56236580753e-06, 3.51011385646e-06, 2.77853905573e-06, 2.13703879126e-06, 1.94628023564e-06, 2.09140239349e-06, 2.07895573112e-06, 2.5088475013e-06, 1.37717483994e-06, 6.51652499073e-07, 6.11145708262e-07, 3.7850230683e-07, 2.57606387777e-07, 2.38747304593e-07, 2.29968591725e-07, 1.87530432072e-07], "min": [8.86148162434e-25, 5.43720702594e-25, 8.24791892428e-25, 9.73814077616e-25, 9.59719006784e-25, 1.58187752969e-24, 2.05467677728e-24, 2.22446350713e-24, 1.42897902993e-24, 1.0886305144e-24, 1.58535739236e-24, 1.8212161534e-24, 1.6504729297e-24, 2.87991856695e-24, 2.24899708128e-24, 2.61119349401e-24, 2.16430221349e-24, 3.06476721527e-24, 1.89702726411e-24, 2.76131490757e-24, 2.85719424528e-24, 3.27448154819e-24, 3.55925086864e-24, 2.31349987092e-24, 4.57216089272e-24, 3.25945769225e-24, 3.4850091967e-24, 4.5575322561e-24, 5.60836203503e-24, 3.80922432343e-24, 4.87084019752e-24, 5.71221912307e-24, 4.86826062236e-24, 6.01620943391e-24, 4.47561772856e-24, 5.55667192421e-24, 5.58665416064e-24, 5.97462778674e-24, 5.02954757317e-24, 5.38571393314e-24], "var": [9.64291211858e-06, 1.22443143482e-05, 2.06811068892e-06, 8.3996894773e-07, 3.12300642236e-07, 2.26748042564e-07, 1.62632247225e-07, 5.71607017719e-07, 4.32738943346e-07, 1.4011766325e-07, 1.42200576647e-07, 2.83202119533e-08, 9.31663812764e-09, 5.70273606115e-09, 2.98349722705e-09, 1.78991521604e-09, 1.81703274649e-09, 9.46978606642e-10, 2.53377963055e-09, 7.99128763163e-10, 5.75674785619e-10, 1.34195254908e-09, 4.79832673594e-10, 7.03849811767e-10, 1.91650006975e-09, 1.22573029504e-09, 2.56792476172e-09, 1.33446731443e-09, 6.13318840159e-10, 4.95006591272e-10, 9.00979346685e-10, 1.33112487699e-09, 4.67669625248e-10, 3.19185122777e-10, 5.6375704105e-10, 5.12601294744e-10, 3.8346184561e-10, 3.83183762498e-10, 5.76992120749e-10, 4.68422189925e-10]}, "melbands_crest": {"dmean": 3.70612740517, "dmean2": 5.98269987106, "dvar": 12.0164422989, "dvar2": 29.9662361145, "max": 39.3170013428, "mean": 14.8719177246, "median": 13.9141540527, "min": 1.00045406818, "var": 41.4165420532}, "melbands_flatness_db": {"dmean": 0.0279641281813, "dmean2": 0.041503675282, "dvar": 0.000927633314859, "dvar2": 0.00193569553085, "max": 0.527109861374, "mean": 0.194932922721, "median": 0.182122975588, "min": 3.53775760686e-07, "var": 0.00796800479293}, "melbands_kurtosis": {"dmean": 12.4204120636, "dmean2": 19.7780857086, "dvar": 1113.75134277, "dvar2": 2832.56738281, "max": 963.920898438, "mean": 21.1991500854, "median": 8.60998916626, "min": -1.93947207928, "var": 2225.38427734}, "melbands_skewness": {"dmean": 0.936146140099, "dmean2": 1.43563103676, "dvar": 1.63326692581, "dvar2": 3.79308056831, "max": 27.2732524872, "mean": 2.98089551926, "median": 2.46085453033, "min": -3.88488554955, "var": 5.89440059662}, "melbands_spread": {"dmean": 11.3050317764, "dmean2": 17.0747776031, "dvar": 423.015289307, "dvar2": 863.69934082, "max": 297.026733398, "mean": 33.9413032532, "median": 21.1238994598, "min": 0.287202000618, "var": 1462.75720215}, "mfcc": {"cov": [[16465.6660156, -871.009094238, -361.902038574, -43.687297821, -803.278808594, -117.003196716, -234.505661011, -190.682998657, -48.03358078, 26.2944507599, -117.412956238, -221.157608032, -34.3209953308], [-871.009094238, 2377.33959961, -376.045043945, 225.160598755, 250.714141846, 26.6493701935, 114.444725037, 39.9510192871, 1.65561163425, -98.0425338745, 71.1788330078, 39.1355400085, -71.372833252], [-361.902038574, -376.045043945, 1103.2355957, -19.3724040985, -44.513256073, 3.22726869583, 30.3965263367, -10.2346944809, 79.7451400757, 8.09933948517, 26.8492202759, -20.6103839874, 12.5088825226], [-43.687297821, 225.160598755, -19.3724040985, 446.715698242, 150.822784424, 65.1206054688, 3.41743898392, 49.0561332703, 19.7850494385, 28.7637195587, -49.3764228821, 16.863822937, 14.7275066376], [-803.278808594, 250.714141846, -44.513256073, 150.822784424, 399.258056641, 71.7983703613, 48.9874420166, 55.1881790161, -4.18878221512, 11.831776619, -13.5476579666, 45.1920890808, -5.66619968414], [-117.003196716, 26.6493701935, 3.22726869583, 65.1206054688, 71.7983703613, 217.969329834, 75.1289138794, 66.0369873047, 8.76956653595, 12.2397203445, 7.62616014481, 0.343237757683, -7.09640312195], [-234.505661011, 114.444725037, 30.3965263367, 3.41743898392, 48.9874420166, 75.1289138794, 198.425262451, 50.6792144775, 24.7414627075, -20.9433193207, 14.682967186, -5.27296257019, -10.9545431137], [-190.682998657, 39.9510192871, -10.2346944809, 49.0561332703, 55.1881790161, 66.0369873047, 50.6792144775, 170.226318359, 34.0460777283, 14.7264022827, 4.47383546829, 4.62244749069, -7.26741552353], [-48.03358078, 1.65561163425, 79.7451400757, 19.7850494385, -4.18878221512, 8.76956653595, 24.7414627075, 34.0460777283, 134.09046936, 41.2123298645, 30.152545929, -6.74569034576, 2.76010990143], [26.2944507599, -98.0425338745, 8.09933948517, 28.7637195587, 11.831776619, 12.2397203445, -20.9433193207, 14.7264022827, 41.2123298645, 148.89050293, 29.8604049683, 7.31785917282, 12.6181764603], [-117.412956238, 71.1788330078, 26.8492202759, -49.3764228821, -13.5476579666, 7.62616014481, 14.682967186, 4.47383546829, 30.152545929, 29.8604049683, 122.481704712, 26.7295417786, -1.12798571587], [-221.157608032, 39.1355400085, -20.6103839874, 16.863822937, 45.1920890808, 0.343237757683, -5.27296257019, 4.62244749069, -6.74569034576, 7.31785917282, 26.7295417786, 105.516975403, 25.5805015564], [-34.3209953308, -71.372833252, 12.5088825226, 14.7275066376, -5.66619968414, -7.09640312195, -10.9545431137, -7.26741552353, 2.76010990143, 12.6181764603, -1.12798571587, 25.5805015564, 89.9677352905]], "icov": [[7.14443885954e-05, 1.77916535904e-05, 3.42351740983e-05, -5.12603546667e-05, 0.000141976604937, -1.88052345038e-05, 3.0721676012e-05, 4.42333803221e-05, 3.60086528417e-06, -1.64269567904e-05, 2.71583176072e-05, 8.19058550405e-05, 3.90182103729e-05], [1.77916535904e-05, 0.000574742734898, 0.000207365927054, -0.000348220055457, -0.000217559427256, 0.000180121875019, -0.000237807631493, 7.59114482207e-05, -9.16535427677e-05, 0.000507605611347, -0.000613926327787, 1.82179119292e-05, 0.000387334672268], [3.42351740983e-05, 0.000207365927054, 0.00104960997123, -0.000126696410007, 4.2242823838e-05, 1.36393064167e-05, -0.000177413705387, 0.000225168158067, -0.000622485007625, 0.000273188808933, -0.000311626965413, 0.000210806407267, -3.03693104797e-05], [-5.12603546667e-05, -0.000348220055457, -0.000126696410007, 0.00312959682196, -0.000856894010212, -0.000716475129593, 0.000506022828631, -0.000370024587028, -0.000557338236831, -0.000704329751898, 0.00172804039903, -0.00036465912126, -0.00062802125467], [0.000141976604937, -0.000217559427256, 4.2242823838e-05, -0.000856894010212, 0.00366602675058, -0.000573946686927, -0.000455946777947, -0.000365571439033, 0.00040010077646, -0.000518576998729, 0.000736521207727, -0.00131219567265, 0.000559323467314], [-1.88052345038e-05, 0.000180121875019, 1.36393064167e-05, -0.000716475129593, -0.000573946686927, 0.00613138685003, -0.00195424980484, -0.001559112221, 0.000735099602025, -0.000416419963585, -0.00073528214125, 0.000410285458202, 0.000244671595283], [3.0721676012e-05, -0.000237807631493, -0.000177413705387, 0.000506022828631, -0.000455946777947, -0.00195424980484, 0.00668176915497, -0.00105332571547, -0.00108984007966, 0.00135982420761, -0.000470267666969, 0.000578019360546, -1.70013827301e-05], [4.42333803221e-05, 7.59114482207e-05, 0.000225168158067, -0.000370024587028, -0.000365571439033, -0.001559112221, -0.00105332571547, 0.00745178991929, -0.00168691796716, -0.00024939244031, 0.000271112279734, -0.000360947626177, 0.000626803957857], [3.60086528417e-06, -9.16535427677e-05, -0.000622485007625, -0.000557338236831, 0.00040010077646, 0.000735099602025, -0.00108984007966, -0.00168691796716, 0.00972869899124, -0.00232603470795, -0.00194176845253, 0.0012332877377, -0.000426577142207], [-1.64269567904e-05, 0.000507605611347, 0.000273188808933, -0.000704329751898, -0.000518576998729, -0.000416419963585, 0.00135982420761, -0.00024939244031, -0.00232603470795, 0.00864525698125, -0.00244377995841, 0.000285914808046, -0.000699429539964], [2.71583176072e-05, -0.000613926327787, -0.000311626965413, 0.00172804039903, 0.000736521207727, -0.00073528214125, -0.000470267666969, 0.000271112279734, -0.00194176845253, -0.00244377995841, 0.0113090090454, -0.00340166897513, 0.00074810476508], [8.19058550405e-05, 1.82179119292e-05, 0.000210806407267, -0.00036465912126, -0.00131219567265, 0.000410285458202, 0.000578019360546, -0.000360947626177, 0.0012332877377, 0.000285914808046, -0.00340166897513, 0.0121157318354, -0.00349842291325], [3.90182103729e-05, 0.000387334672268, -3.03693104797e-05, -0.00062802125467, 0.000559323467314, 0.000244671595283, -1.70013827301e-05, 0.000626803957857, -0.000426577142207, -0.000699429539964, 0.00074810476508, -0.00349842291325, 0.0127626433969]], "mean": [-692.746582031, 101.369255066, 12.1757640839, 29.351524353, -4.99205732346, 5.17037391663, -1.50442004204, 1.22384607792, 4.21873903275, -0.807866573334, -0.599578678608, -5.24028110504, -1.71523070335]}, "pitch_salience": {"dmean": 0.0746937915683, "dmean2": 0.121684707701, "dvar": 0.00529905874282, "dvar2": 0.0137572940439, "max": 0.996089875698, "mean": 0.538101196289, "median": 0.546858012676, "min": 0.0536176599562, "var": 0.0160673558712}, "silence_rate_20dB": {"dmean": 0, "dmean2": 0, "dvar": 0, "dvar2": 0, "max": 1, "mean": 1, "median": 1, "min": 1, "var": 0}, "silence_rate_30dB": {"dmean": 0.00958721712232, "dmean2": 0.0191769879311, "dvar": 0.00949506275356, "dvar2": 0.0254669692367, "max": 1, "mean": 0.993476212025, "median": 1, "min": 0, "var": 0.0064809336327}, "silence_rate_60dB": {"dmean": 0.03595206514, "dmean2": 0.0719137042761, "dvar": 0.0346613414586, "dvar2": 0.0760574713349, "max": 1, "mean": 0.172680065036, "median": 0, "min": 0, "var": 0.142864793539}, "spectral_centroid": {"dmean": 325.638824463, "dmean2": 473.711273193, "dvar": 191399.828125, "dvar2": 348105.34375, "max": 11576.0908203, "mean": 1802.48413086, "median": 1417.6237793, "min": 158.006271362, "var": 2571161.5}, "spectral_complexity": {"dmean": 2.8676431179, "dmean2": 4.16380357742, "dvar": 17.5704040527, "dvar2": 27.2599124908, "max": 63, "mean": 13.9070692062, "median": 12, "min": 0, "var": 122.676963806}, "spectral_contrast_coeffs": {"dmean": [0.0484847351909, 0.0460494011641, 0.0382041223347, 0.0294135846198, 0.0231679435819, 0.019090006128], "dmean2": [0.0781329497695, 0.0743901655078, 0.0604335032403, 0.0474211573601, 0.0364141874015, 0.029129261151], "dvar": [0.00175499951001, 0.00155335478485, 0.00104716257192, 0.000612935575191, 0.000451090541901, 0.000333578442223], "dvar2": [0.00443326821551, 0.00390897644684, 0.00244984286837, 0.00148554309271, 0.000983700854704, 0.00070595566649], "max": [-0.321333229542, -0.405558884144, -0.469013214111, -0.566540956497, -0.539108216763, -0.547923743725], "mean": [-0.645124256611, -0.719557583332, -0.758439898491, -0.783639729023, -0.778913021088, -0.745751023293], "median": [-0.639251828194, -0.725386381149, -0.763450026512, -0.785037755966, -0.781882047653, -0.741378128529], "min": [-0.980996012688, -0.996798753738, -0.998814344406, -0.987881839275, -0.988580584526, -0.964985430241], "var": [0.0109375044703, 0.00839461572468, 0.00624510878697, 0.00348010170273, 0.00363278551959, 0.00383164989762]}, "spectral_contrast_valleys": {"dmean": [0.41624212265, 0.352217704058, 0.318925589323, 0.266761511564, 0.243029072881, 0.317752033472], "dmean2": [0.652371644974, 0.576247572899, 0.510314941406, 0.414257913828, 0.341294318438, 0.407731413841], "dvar": [0.169351458549, 0.111067600548, 0.102194435894, 0.0881345197558, 0.090172201395, 0.169736430049], "dvar2": [0.328653275967, 0.240257486701, 0.199694663286, 0.157163590193, 0.139869004488, 0.257086217403], "max": [-5.10623884201, -4.99325370789, -5.53264045715, -5.88783121109, -5.14132213593, -6.40851211548], "mean": [-8.17070674896, -7.72042369843, -8.38574123383, -8.80098342896, -8.43808555603, -10.6647434235], "median": [-7.69664573669, -7.21869325638, -7.87549829483, -8.23460769653, -7.80802059174, -10.1132669449], "min": [-28.5515785217, -27.9714317322, -27.900762558, -27.7949771881, -27.551404953, -27.3905906677], "var": [8.13761425018, 8.57453346252, 8.08532428741, 7.90375137329, 8.32415771484, 7.38325023651]}, "spectral_decrease": {"dmean": 1.92225813045e-09, "dmean2": 2.97405988725e-09, "dvar": 1.63081238568e-17, "dvar2": 4.04621352331e-17, "max": 1.78790805455e-28, "mean": -4.69734739994e-09, "median": -3.06467851097e-09, "min": -5.75528424918e-08, "var": 3.06716453552e-17}, "spectral_energy": {"dmean": 0.00797877274454, "dmean2": 0.0121419290081, "dvar": 0.000249067903496, "dvar2": 0.000605923240073, "max": 0.231926470995, "mean": 0.020141268149, "median": 0.0134722972289, "min": 9.82911014577e-21, "var": 0.000514524581376}, "spectral_energyband_high": {"dmean": 0.00125467462931, "dmean2": 0.00176264252514, "dvar": 1.63252625498e-05, "dvar2": 3.26918489009e-05, "max": 0.0959081873298, "mean": 0.00229691481218, "median": 0.000482452509459, "min": 6.75154590268e-21, "var": 3.6675544834e-05}, "spectral_energyband_low": {"dmean": 0.00496915075928, "dmean2": 0.00810579117388, "dvar": 0.000221942129428, "dvar2": 0.000570182746742, "max": 0.201815605164, "mean": 0.00662834895775, "median": 0.00186340359505, "min": 9.82627310535e-24, "var": 0.000258818210568}, "spectral_energyband_middle_high": {"dmean": 0.00108519685455, "dmean2": 0.00150051363744, "dvar": 4.20628612119e-06, "dvar2": 7.9003693827e-06, "max": 0.037614826113, "mean": 0.00313911424018, "median": 0.00147673988249, "min": 1.15571611273e-21, "var": 1.81889936357e-05}, "spectral_energyband_middle_low": {"dmean": 0.00319719174877, "dmean2": 0.00504691107199, "dvar": 3.40917431458e-05, "dvar2": 8.38477862999e-05, "max": 0.131724596024, "mean": 0.00855506304651, "median": 0.00564882671461, "min": 1.66034949979e-22, "var": 9.62374251685e-05}, "spectral_entropy": {"dmean": 0.154819265008, "dmean2": 0.226418584585, "dvar": 0.0297242850065, "dvar2": 0.0573398955166, "max": 9.82468414307, "mean": 7.6371884346, "median": 7.69109630585, "min": 4.92873716354, "var": 0.381139308214}, "spectral_flux": {"dmean": 0.022406430915, "dmean2": 0.0350337661803, "dvar": 0.00101267511491, "dvar2": 0.00218659942038, "max": 0.389057546854, "mean": 0.0730861201882, "median": 0.0616571865976, "min": 6.29621493831e-11, "var": 0.00306679005735}, "spectral_kurtosis": {"dmean": 1.18463909626, "dmean2": 1.96924746037, "dvar": 3.14447140694, "dvar2": 9.16937828064, "max": 49.5506210327, "mean": 3.61184072495, "median": 2.53279924393, "min": -1.28775954247, "var": 18.1883773804}, "spectral_rms": {"dmean": 0.00072850601282, "dmean2": 0.0010595722124, "dvar": 1.14326587664e-06, "dvar2": 2.48472974818e-06, "max": 0.0150422649458, "mean": 0.00381819834001, "median": 0.00362542481162, "min": 3.09667179052e-12, "var": 5.07132790517e-06}, "spectral_rolloff": {"dmean": 791.331848145, "dmean2": 1276.55688477, "dvar": 2115946.5, "dvar2": 4229300.5, "max": 19509.0820312, "mean": 2546.89404297, "median": 1098.19335938, "min": 21.533203125, "var": 11489595}, "spectral_skewness": {"dmean": 0.188630953431, "dmean2": 0.292708486319, "dvar": 0.0386490561068, "dvar2": 0.092226035893, "max": 5.91495418549, "mean": 1.31359100342, "median": 1.23020112514, "min": -0.347898185253, "var": 0.418597668409}, "spectral_spread": {"dmean": 638564.375, "dmean2": 937197.3125, "dvar": 942489665536, "dvar2": 2006922297340.0, "max": 48127484, "me