{"lowlevel": {"average_loudness": 0.626946687698, "barkbands": {"dmean": [7.15901569492e-06, 0.000797724991571, 0.00123981223442, 0.00133961671963, 0.000463261822006, 0.000620020611677, 0.000587109010667, 0.000703261583112, 0.000817856227513, 0.00133010093123, 0.000835455604829, 0.000515090825502, 0.000237906031543, 0.000563926121686, 0.000168188416865, 0.000420097843744, 0.000129989522975, 0.000112200395961, 0.000159066970809, 9.8179509223e-05, 6.26780965831e-05, 4.36162190454e-05, 4.11329820054e-05, 5.17492590006e-05, 3.71989226551e-05, 1.07778114398e-05, 2.89943977805e-06], "dmean2": [1.15917664516e-05, 0.00133060594089, 0.00202157208696, 0.00206299405545, 0.000734255067073, 0.000967436702922, 0.000923862971831, 0.0010732995579, 0.00114996533375, 0.00196456979029, 0.00118631264195, 0.000791439320892, 0.000370328634745, 0.000885639165062, 0.000266549206572, 0.000640480488073, 0.000200140479137, 0.000180651157279, 0.000254080921877, 0.000155874266056, 9.57293086685e-05, 6.42159648123e-05, 5.82756183576e-05, 7.17158036423e-05, 5.08130724484e-05, 1.50829455379e-05, 4.29387318945e-06], "dvar": [7.0593109136e-10, 8.24263770483e-06, 1.4410874428e-05, 2.71692879323e-05, 1.05538640582e-06, 1.20873357901e-06, 1.33505670874e-06, 2.23809956879e-06, 2.98391023534e-06, 9.75055354502e-06, 3.61977026841e-06, 1.33455534979e-06, 4.35935191945e-07, 1.79553319413e-06, 2.73860905509e-07, 1.99839973902e-06, 1.69558035168e-07, 7.26597733092e-08, 1.1742692152e-07, 3.31714602453e-08, 1.28775079489e-08, 6.03300875923e-09, 6.23987572723e-09, 2.15841478024e-08, 1.21630554517e-08, 3.98489546916e-10, 4.99383104313e-11], "dvar2": [1.77048831151e-09, 2.30208515859e-05, 3.89992783312e-05, 6.44638494123e-05, 2.67940868071e-06, 2.92248819278e-06, 3.28344458467e-06, 5.69782650928e-06, 6.49998719382e-06, 2.31283447647e-05, 6.91684635967e-06, 2.91197807201e-06, 1.06302798031e-06, 4.42481677965e-06, 6.11517577909e-07, 4.48717537438e-06, 3.48544546114e-07, 1.7976286415e-07, 2.63948294332e-07, 8.02585375936e-08, 2.82983023681e-08, 1.2867412913e-08, 1.17431886437e-08, 4.56581652486e-08, 2.24667981996e-08, 7.96727572805e-10, 1.14116056882e-10], "max": [0.000427649531048, 0.0381145551801, 0.0486327633262, 0.0720363110304, 0.0185998119414, 0.0220721457154, 0.0266859699041, 0.0357047021389, 0.0485492199659, 0.071196526289, 0.0486316941679, 0.0394143350422, 0.0157651063055, 0.0305987093598, 0.016854384914, 0.0293043293059, 0.0174293033779, 0.00928432773799, 0.0108858710155, 0.00385525031015, 0.00305641419254, 0.00157725252211, 0.00287163793109, 0.00397697929293, 0.00395353604108, 0.000507751770783, 0.00017410844157], "mean": [1.24355992739e-05, 0.00172367098276, 0.00186958070844, 0.00156562379561, 0.000959477736615, 0.00131092069205, 0.00106577575207, 0.00140228169039, 0.00190303637646, 0.00343137118034, 0.00197621667758, 0.00100170413498, 0.000418162031565, 0.00108804856427, 0.000272013101494, 0.000810649013147, 0.000236359468545, 0.000213607665501, 0.000309872062644, 0.000194330263184, 0.00012490793597, 8.34845050122e-05, 8.75753175933e-05, 0.000108099840872, 7.16747963452e-05, 1.76948615263e-05, 3.27762063534e-06], "median": [4.22036379177e-07, 0.000529174692929, 0.000470440863864, 0.000190740276594, 0.000513337785378, 0.000725715246517, 0.000565675843973, 0.000607773836236, 0.000780744710937, 0.00083467096556, 0.000525342125911, 0.0003197947226, 0.000100523961009, 0.000227265612921, 5.7088000176e-05, 9.08991278266e-05, 6.8279732659e-05, 7.37113514333e-05, 0.00011997292313, 9.20671009226e-05, 5.84127701586e-05, 3.18866696034e-05, 3.00705341942e-05, 3.53687464667e-05, 1.83652009582e-05, 2.9569275739e-06, 3.2483288237e-07], "min": [1.57806503975e-10, 1.08144569688e-11, 6.42249274596e-13, 3.25332946347e-12, 2.39058122256e-12, 1.51668261283e-12, 1.35294065447e-12, 4.70879249221e-13, 5.07044276357e-13, 3.44359821691e-13, 2.30627908264e-13, 1.76650401663e-13, 1.5137023579e-13, 3.14472975655e-13, 5.21933895842e-13, 5.52122583763e-13, 3.79753249246e-13, 5.48578814753e-13, 4.61439426166e-13, 7.05345721067e-13, 5.56125403974e-13, 7.13763737784e-13, 3.4439194118e-13, 7.02824083654e-13, 1.77991356463e-12, 3.62011310685e-12, 3.89166390086e-12], "var": [1.1345550055e-09, 9.07405683392e-06, 1.45680396599e-05, 3.01134423353e-05, 2.046039981e-06, 3.44122963725e-06, 2.66974166152e-06, 4.97420205647e-06, 1.01909990917e-05, 6.49757203064e-05, 1.81106115633e-05, 4.16591410612e-06, 1.26944053136e-06, 6.86109387971e-06, 5.60111743653e-07, 6.03722492087e-06, 6.36978427337e-07, 2.02191372978e-07, 4.1599122369e-07, 7.85799372238e-08, 3.95089827521e-08, 1.60927093873e-08, 2.00950189821e-08, 5.1489514874e-08, 3.58275862311e-08, 1.27146404516e-09, 7.39761793489e-11]}, "barkbands_crest": {"dmean": 2.15985226631, "dmean2": 3.39378452301, "dvar": 4.07575368881, "dvar2": 10.0003824234, "max": 26.4177207947, "mean": 10.0199098587, "median": 8.97413158417, "min": 2.38190889359, "var": 19.906791687}, "barkbands_flatness_db": {"dmean": 0.0215590093285, "dmean2": 0.0307018086314, "dvar": 0.000444376608357, "dvar2": 0.000910377479158, "max": 0.573138952255, "mean": 0.153208553791, "median": 0.140746027231, "min": 0.0257130991668, "var": 0.00398862315342}, "barkbands_kurtosis": {"dmean": 1.91592442989, "dmean2": 3.006762743, "dvar": 150.69392395, "dvar2": 382.731262207, "max": 1097.09741211, "mean": 3.08022451401, "median": 1.40492427349, "min": -1.87525975704, "var": 145.864944458}, "barkbands_skewness": {"dmean": 0.418303787708, "dmean2": 0.62403023243, "dvar": 0.266620516777, "dvar2": 0.58967089653, "max": 30.9453525543, "mean": 1.00779414177, "median": 0.86706328392, "min": -1.7486358881, "var": 1.32966578007}, "barkbands_spread": {"dmean": 4.22909879684, "dmean2": 6.29171180725, "dvar": 28.3494148254, "dvar2": 58.6332473755, "max": 101.518127441, "mean": 19.3731708527, "median": 16.7183151245, "min": 0.468628883362, "var": 152.443908691}, "dissonance": {"dmean": 0.0265554785728, "dmean2": 0.0441541671753, "dvar": 0.000664608203806, "dvar2": 0.00173615280073, "max": 0.499999970198, "mean": 0.43705150485, "median": 0.448885679245, "min": 0.161609381437, "var": 0.00221118889749}, "dynamic_complexity": 4.56284809113, "erbbands": {"dmean": [0.0110367732123, 0.230851590633, 1.19968998432, 3.62219643593, 2.17285561562, 1.46489715576, 3.83156967163, 5.25381851196, 9.44668006897, 8.76383686066, 16.429441452, 17.7869338989, 37.9211425781, 27.523891449, 30.3953266144, 16.7698173523, 12.7543315887, 22.9316902161, 15.6452789307, 16.2550182343, 14.4829473495, 7.22989463806, 5.90272855759, 7.10072469711, 7.71985244751, 3.97089529037, 2.88573598862, 2.1332988739, 1.55016362667, 1.46075451374, 1.15593016148, 1.03942835331, 0.884065389633, 0.532150447369, 0.219236493111, 0.0619672313333, 0.0171888750046, 0.00409448845312, 0.000491643091664, 2.73159930657e-05], "dmean2": [0.0178053826094, 0.387779951096, 1.98909425735, 5.46777677536, 3.567019701, 2.25126075745, 5.96004152298, 8.2179889679, 15.0216798782, 13.2357416153, 24.5904865265, 25.1250667572, 55.1863021851, 39.7848167419, 43.6995201111, 25.5939998627, 19.8052864075, 35.793838501, 24.3434562683, 25.039937973, 21.6904182434, 11.020573616, 9.12228679657, 11.5635547638, 12.071513176, 6.21149969101, 4.36165618896, 3.30435943604, 2.30115175247, 2.13215303421, 1.64725339413, 1.47802460194, 1.23250520229, 0.743888735771, 0.298799872398, 0.0849179029465, 0.0246567931026, 0.00598903978243, 0.00072367984103, 3.97794465243e-05], "dvar": [0.00127087766305, 0.717969179153, 15.7894992828, 167.013366699, 60.0420227051, 8.0771894455, 45.7762908936, 114.97428894, 325.260772705, 395.389343262, 1146.85290527, 1578.17004395, 8219.86230469, 3354.1262207, 5187.03710938, 1147.27856445, 938.793151855, 4276.43017578, 1335.92834473, 2587.10546875, 2290.40209961, 432.672210693, 202.070632935, 208.92489624, 345.104217529, 53.9462814331, 33.6349983215, 14.5194263458, 7.98333263397, 7.10450363159, 5.39277791977, 7.87813520432, 6.88436317444, 2.5292904377, 0.472362458706, 0.0167733058333, 0.00106400332879, 9.05083143152e-05, 1.3751929373e-06, 3.02663094587e-09], "dvar2": [0.00326929125004, 2.0320148468, 44.1440353394, 380.880340576, 152.378585815, 19.4625396729, 113.260543823, 269.167053223, 831.054931641, 940.213562012, 2830.72924805, 3472.83276367, 18602.8183594, 6896.25634766, 10302.8476562, 2679.0859375, 2214.23510742, 10848.1689453, 2984.0456543, 6146.79785156, 4579.61035156, 862.69921875, 472.009002686, 467.518890381, 775.740539551, 126.362373352, 73.4105453491, 33.6412582397, 17.3571872711, 15.0250310898, 10.2496232986, 16.6961975098, 14.5315151215, 4.87716293335, 0.901880085468, 0.0320208109915, 0.0023485342972, 0.000211974140257, 3.11512235385e-06, 6.75150868545e-09], "max": [0.500759601593, 10.9529104233, 54.0175170898, 193.757461548, 115.33531189, 107.259735107, 162.146575928, 279.924987793, 453.367248535, 413.573028564, 634.630065918, 1325.18994141, 2323.45654297, 2085.68554688, 2186.51416016, 1078.17443848, 740.542358398, 1704.98425293, 1090.45800781, 1184.58251953, 1316.63903809, 916.359191895, 504.162322998, 508.654846191, 669.393249512, 216.875396729, 165.089355469, 105.375663757, 51.2066802979, 58.5629692078, 96.7473907471, 104.804405212, 79.6676712036, 55.5636749268, 21.248380661, 4.66336250305, 0.740117251873, 0.30422642827, 0.0273981168866, 0.00112339435145], "mean": [0.0285503044724, 0.470218718052, 1.91870319843, 4.62350749969, 2.97801160812, 3.35970687866, 7.92335224152, 10.642829895, 16.6604480743, 18.7318458557, 36.68334198, 44.0035324097, 97.4146194458, 75.234413147, 73.3333892822, 36.6778869629, 25.8175373077, 45.0943870544, 30.7837677002, 32.066783905, 29.1433868408, 14.8144407272, 12.4368247986, 13.3556652069, 16.3190193176, 8.8350944519, 6.19020938873, 4.00481176376, 2.94591927528, 2.92007899284, 2.45529317856, 2.22272586823, 1.75223720074, 1.02659106255, 0.393225193024, 0.108177296817, 0.0270266570151, 0.00537606654689, 0.000569116149563, 5.11649705004e-05], "median": [0.00571480114013, 0.162670999765, 0.669291973114, 0.836867630482, 1.04884111881, 1.65995538235, 4.28505420685, 5.65000867844, 8.37763500214, 9.08274841309, 16.3096103668, 19.1735954285, 28.1636295319, 25.0005779266, 20.4698562622, 15.1910591125, 9.23635196686, 10.2473812103, 9.39548587799, 5.90408563614, 5.03455352783, 4.79669713974, 3.85003685951, 5.80945205688, 5.80548143387, 4.22775268555, 3.00157809258, 1.89185369015, 1.07231295109, 1.15957558155, 0.785085976124, 0.728244125843, 0.533121705055, 0.273288011551, 0.0893993452191, 0.0186945274472, 0.00488561904058, 0.000831344223116, 7.51902989578e-05, 3.20403050864e-05], "min": [4.76336570188e-09, 4.14400469495e-09, 6.34643360087e-09, 1.19518572816e-08, 6.80730405378e-09, 9.1333927088e-09, 1.08018616274e-08, 1.22111751821e-08, 1.63104925122e-08, 1.25233885484e-08, 1.2621772072e-08, 1.54465311653e-08, 2.09690451669e-08, 2.11647215309e-08, 1.3580839564e-08, 7.44136530173e-09, 8.04485988937e-09, 1.46042067328e-08, 2.43019808721e-08, 2.56333994031e-08, 2.71620237413e-08, 2.51129428364e-08, 3.47564430569e-08, 2.06846877404e-08, 2.99794038483e-08, 2.79588796559e-08, 1.49824899154e-08, 2.8185016987e-08, 2.67781725682e-08, 2.01568948199e-08, 9.50180378823e-09, 1.82740791388e-08, 8.10343347979e-09, 1.62678421844e-08, 1.59384008214e-08, 9.58894474934e-09, 7.40964534174e-09, 2.75520672943e-09, 7.30496052537e-10, 4.21748365398e-11], "var": [0.00257600028999, 0.701102554798, 14.0322885513, 205.655212402, 62.6061172485, 29.4566478729, 136.72869873, 284.480651855, 659.990905762, 957.540100098, 3574.14770508, 5851.85302734, 47142.4023438, 22612.3066406, 25528.4082031, 3983.07421875, 2883.60351562, 14380.4902344, 3900.01391602, 6400.6328125, 8490.54882812, 1875.27697754, 746.235961914, 704.884277344, 1308.5345459, 153.594726562, 102.485572815, 34.1287727356, 20.400850296, 18.7638473511, 16.8880977631, 17.7691383362, 17.2966918945, 7.16176939011, 1.23971283436, 0.0539698451757, 0.00294377631508, 0.000153847344336, 2.02924979931e-06, 4.66721328252e-09]}, "erbbands_crest": {"dmean": 2.67454123497, "dmean2": 4.22074317932, "dvar": 6.02151060104, "dvar2": 14.4099941254, "max": 31.8970184326, "mean": 11.5233230591, "median": 10.368516922, "min": 2.0365395546, "var": 30.7860832214}, "erbbands_flatness_db": {"dmean": 0.0221001114696, "dmean2": 0.0296301748604, "dvar": 0.000459497183328, "dvar2": 0.000803737493698, "max": 0.532748997211, "mean": 0.191177964211, "median": 0.186176031828, "min": 0.019791662693, "var": 0.00506776850671}, "erbbands_kurtosis": {"dmean": 1.40351057053, "dmean2": 2.16271162033, "dvar": 3.61715316772, "dvar2": 8.5795135498, "max": 67.7267379761, "mean": 2.17914938927, "median": 1.18672466278, "min": -1.75136363506, "var": 12.3585338593}, "erbbands_skewness": {"dmean": 0.380487561226, "dmean2": 0.574529647827, "dvar": 0.120499514043, "dvar2": 0.276595264673, "max": 5.25607967377, "mean": 0.716149687767, "median": 0.681034147739, "min": -2.60421681404, "var": 0.770104050636}, "erbbands_spread": {"dmean": 6.30306816101, "dmean2": 9.18147468567, "dvar": 55.9559326172, "dvar2": 110.389854431, "max": 169.751449585, "mean": 27.9073486328, "median": 21.9074840546, "min": 1.72890555859, "var": 395.239898682}, "gfcc": {"cov": [[24633.7988281, 886.644104004, -902.271484375, 1047.22192383, -357.284576416, 751.418212891, -538.740356445, 280.862976074, -341.375854492, -49.0307502747, -286.826477051, -326.346710205, -179.559112549], [886.644104004, 1493.50500488, -28.8396511078, 11.6564998627, 150.962509155, 8.74711418152, 225.87197876, -32.5620651245, 94.0550765991, -53.2711486816, 94.923538208, -81.1701583862, 24.91355896], [-902.271484375, -28.8396511078, 1722.73425293, 502.958496094, 372.633514404, 306.174072266, 25.4822311401, 112.86869812, -64.094581604, 95.9303207397, -146.347808838, 58.0960655212, -215.953430176], [1047.22192383, 11.6564998627, 502.958496094, 791.310241699, 266.705413818, 219.957473755, -14.6537179947, 51.2727241516, 23.9162216187, 6.11439561844, -54.2559165955, 4.69388771057, -100.64630127], [-357.284576416, 150.962509155, 372.633514404, 266.705413818, 476.659759521, 169.350387573, 130.532821655, 49.4049720764, 71.1122055054, 31.3844013214, -21.4748306274, 30.8433170319, -66.5039291382], [751.418212891, 8.74711418152, 306.174072266, 219.957473755, 169.350387573, 340.841125488, 89.5101013184, 61.3872108459, 10.0299472809, 34.9626579285, -22.7522411346, -11.1331310272, -40.4183692932], [-538.740356445, 225.87197876, 25.4822311401, -14.6537179947, 130.532821655, 89.5101013184, 340.189666748, 58.4229431152, 54.1401977539, 16.7184791565, 38.7574424744, 22.8694667816, -24.6721820831], [280.862976074, -32.5620651245, 112.86869812, 51.2727241516, 49.4049720764, 61.3872108459, 58.4229431152, 184.628555298, 56.2957229614, 9.80534172058, -14.6878890991, 13.0461063385, 21.904920578], [-341.375854492, 94.0550765991, -64.094581604, 23.9162216187, 71.1122055054, 10.0299472809, 54.1401977539, 56.2957229614, 175.186325073, 40.8372802734, 31.427772522, 20.178155899, 29.6909008026], [-49.0307502747, -53.2711486816, 95.9303207397, 6.11439561844, 31.3844013214, 34.9626579285, 16.7184791565, 9.80534172058, 40.8372802734, 126.744506836, 50.5064125061, 12.5225334167, -24.2625293732], [-286.826477051, 94.923538208, -146.347808838, -54.2559165955, -21.4748306274, -22.7522411346, 38.7574424744, -14.6878890991, 31.427772522, 50.5064125061, 159.710922241, 39.0144844055, 38.0092430115], [-326.346710205, -81.1701583862, 58.0960655212, 4.69388771057, 30.8433170319, -11.1331310272, 22.8694667816, 13.0461063385, 20.178155899, 12.5225334167, 39.0144844055, 132.776153564, 22.1158695221], [-179.559112549, 24.91355896, -215.953430176, -100.64630127, -66.5039291382, -40.4183692932, -24.6721820831, 21.904920578, 29.6909008026, -24.2625293732, 38.0092430115, 22.1158695221, 181.888534546]], "icov": [[9.30747191887e-05, -0.000191636718228, 0.000243444097578, -0.000152858963702, 0.000123770936625, -0.000320055667544, 0.0002969460038, -0.00038810132537, 0.000409314176068, -0.000384104583645, 0.000359770405339, -0.00022610531596, 0.000217996624997], [-0.000191636718228, 0.00141820101999, -0.00076799368253, 0.000328222231474, -0.000474722561194, 0.000880390871316, -0.00125975115225, 0.00134424597491, -0.00155781058129, 0.0019511784194, -0.00184109457768, 0.00170508772135, -0.000732371583581], [0.000243444097578, -0.00076799368253, 0.00185552670155, -0.00070116831921, -8.65492911544e-05, -0.00124455208424, 0.00112864468247, -0.0017462009564, 0.00212079612538, -0.00237880297936, 0.0021765739657, -0.00172045198269, 0.00130660552531], [-0.000152858963702, 0.000328222231474, -0.00070116831921, 0.00228028395213, -0.000881052692421, -0.000365855317796, 0.000264037604211, 0.000496268563438, -0.00119826802984, 0.00154474226292, -0.000960204459261, 0.000389299413655, 0.000361017329851], [0.000123770936625, -0.000474722561194, -8.65492911544e-05, -0.000881052692421, 0.00381883955561, -0.00117322779261, -0.000508775061462, -0.000112147106847, -0.000753413245548, -0.000517189444508, 0.000997060677037, -0.00104165263474, 0.000649290566798], [-0.000320055667544, 0.000880390871316, -0.00124455208424, -0.000365855317796, -0.00117322779261, 0.00580017780885, -0.00222041318193, 0.00073953071842, -0.000768106605392, 0.000376497016987, -0.00120857183356, 0.00205874443054, -0.00146911770571], [0.0002969460038, -0.00125975115225, 0.00112864468247, 0.000264037604211, -0.000508775061462, -0.00222041318193, 0.00551000190899, -0.00267949979752, 0.00112663733307, -0.00102284923196, 0.000485541444505, -0.00187245989218, 0.00214834092185], [-0.00038810132537, 0.00134424597491, -0.0017462009564, 0.000496268563438, -0.000112147106847, 0.00073953071842, -0.00267949979752, 0.0091603603214, -0.0043821670115, 0.00231139897369, -0.000927742396016, 0.00142842403147, -0.00266535999253], [0.000409314176068, -0.00155781058129, 0.00212079612538, -0.00119826802984, -0.000753413245548, -0.000768106605392, 0.00112663733307, -0.0043821670115, 0.0108571406454, -0.00577310984954, 0.00259224255569, -0.00233642105013, -9.31891554501e-05], [-0.000384104583645, 0.0019511784194, -0.00237880297936, 0.00154474226292, -0.000517189444508, 0.000376497016987, -0.00102284923196, 0.00231139897369, -0.00577310984954, 0.0150988930836, -0.00765130622312, 0.00285921548493, 0.00106916844379], [0.000359770405339, -0.00184109457768, 0.0021765739657, -0.000960204459261, 0.000997060677037, -0.00120857183356, 0.000485541444505, -0.000927742396016, 0.00259224255569, -0.00765130622312, 0.0126408962533, -0.00477670645341, -0.000570726755541], [-0.00022610531596, 0.00170508772135, -0.00172045198269, 0.000389299413655, -0.00104165263474, 0.00205874443054, -0.00187245989218, 0.00142842403147, -0.00233642105013, 0.00285921548493, -0.00477670645341, 0.0112153179944, -0.00223609688692], [0.000217996624997, -0.000732371583581, 0.00130660552531, 0.000361017329851, 0.000649290566798, -0.00146911770571, 0.00214834092185, -0.00266535999253, -9.31891554501e-05, 0.00106916844379, -0.000570726755541, -0.00223609688692, 0.00863679405302]], "mean": [-42.5644645691, 82.8299636841, -133.05871582, 7.51469135284, -72.5507888794, 12.1972560883, -31.3894920349, 10.3681173325, -24.4700870514, -1.45407736301, -11.8462648392, -5.54864406586, -6.97168016434]}, "hfc": {"dmean": 4.75043582916, "dmean2": 6.80670166016, "dvar": 38.671497345, "dvar2": 74.736946106, "max": 110.312255859, "mean": 21.0055065155, "median": 16.909696579, "min": 1.81003812827e-07, "var": 302.040130615}, "melbands": {"dmean": [0.000159460832947, 0.000518729386386, 0.000558163679671, 0.000115652524983, 0.000113420996058, 0.000122958706925, 0.000131075532408, 0.000106960775156, 0.000148497143527, 0.000113479967695, 0.000199591027922, 0.00012535591668, 0.000101135250588, 5.47880190425e-05, 4.85610471515e-05, 2.63606725639e-05, 5.09475976287e-05, 3.26271001541e-05, 1.53121418407e-05, 3.83873521059e-05, 1.22143728731e-05, 8.3588556663e-06, 6.72647138344e-06, 4.67431345896e-06, 6.45143290967e-06, 5.95698884354e-06, 5.40014480066e-06, 2.67907466878e-06, 1.9730148324e-06, 1.70563191659e-06, 1.11057113372e-06, 9.84822577266e-07, 8.50666708629e-07, 8.51257993872e-07, 6.91647073836e-07, 7.05596676198e-07, 6.94015398039e-07, 6.71253644668e-07, 5.82868722176e-07, 4.43655949312e-07], "dmean2": [0.000264710310148, 0.000859911204316, 0.000852630357258, 0.000185830504051, 0.000175774504896, 0.000192538092961, 0.000207313743886, 0.000161459291121, 0.000219802823267, 0.000159057031851, 0.000292126263957, 0.000182751638931, 0.000142949036672, 8.05739255156e-05, 7.54717402742e-05, 4.11085311498e-05, 7.95994637883e-05, 5.06698524987e-05, 2.39420951402e-05, 5.91598982282e-05, 1.80804872798e-05, 1.3109178326e-05, 1.0054143786e-05, 7.58509622756e-06, 1.06257375592e-05, 9.51822403294e-06, 8.59479405335e-06, 4.24924246545e-06, 3.05572007164e-06, 2.66320830633e-06, 1.74328590674e-06, 1.49381048686e-06, 1.28854060222e-06, 1.26052839278e-06, 1.01212447134e-06, 1.03811578356e-06, 1.01816590359e-06, 9.672816077e-07, 8.40863833673e-07, 6.38697713384e-07], "dvar": [3.01989388163e-07, 3.0620749385e-06, 3.8495923036e-06, 1.03777203719e-07, 3.62999621473e-08, 5.28713783865e-08, 6.38320116764e-08, 6.20413800334e-08, 9.469694362e-08, 7.0683753961e-08, 2.29825559472e-07, 7.05841998183e-08, 5.94145035393e-08, 1.62428595019e-08, 1.42244998003e-08, 5.65938451658e-09, 2.13905817503e-08, 6.53436993403e-09, 2.15872053566e-09, 1.80983068532e-08, 1.82096271395e-09, 4.99440599988e-10, 5.13506459576e-10, 1.3072323779e-10, 1.84524423519e-10, 2.3016011319e-10, 1.45215686698e-10, 2.55863420728e-11, 1.6431429134e-11, 1.03779077346e-11, 4.35211979302e-12, 3.82786467454e-12, 2.53124040825e-12, 2.58219313987e-12, 1.98900379673e-12, 2.50038661651e-12, 4.03763654455e-12, 3.95936538763e-12, 3.46792429842e-12, 1.92960968384e-12], "dvar2": [8.32421676478e-07, 8.61502303451e-06, 8.93607921171e-06, 2.62132886064e-07, 9.02755346033e-08, 1.27049062826e-07, 1.61904495144e-07, 1.51627702394e-07, 2.27807518627e-07, 1.54247089768e-07, 5.28641862729e-07, 1.5097838002e-07, 1.13364414744e-07, 3.27473195227e-08, 3.4273629268e-08, 1.38129614413e-08, 5.37156061853e-08, 1.45606371404e-08, 4.9911186295e-09, 4.19935943796e-08, 3.39839556496e-09, 1.08134023957e-09, 9.61525525867e-10, 3.22675081099e-10, 4.18502177357e-10, 5.41215683381e-10, 3.40794226172e-10, 6.15242370938e-11, 3.72718834962e-11, 2.30150030978e-11, 1.02650873912e-11, 8.82542216391e-12, 5.5727215377e-12, 5.606727322e-12, 4.03798479029e-12, 5.11340752726e-12, 9.20832767676e-12, 8.69067231374e-12, 7.28139250283e-12, 3.99779211471e-12], "max": [0.00745105091482, 0.0227604098618, 0.0275617409497, 0.00530038727447, 0.00435176398605, 0.00538656208664, 0.00656954245642, 0.00503044808283, 0.00630391668528, 0.00912492070347, 0.0121152391657, 0.00793904904276, 0.00718600582331, 0.00486393226311, 0.00385488080792, 0.00176116358489, 0.00389651139267, 0.00261413771659, 0.00171902624425, 0.00304035143927, 0.00135589682031, 0.00078316469444, 0.00107467290945, 0.000516707601491, 0.000457578134956, 0.000465147895738, 0.000440909643658, 0.000129069579998, 0.000138304269058, 0.000101869816717, 6.51853551972e-05, 3.99831442337e-05, 3.56991768058e-05, 2.72958368441e-05, 5.38601743756e-05, 7.30939573259e-05, 7.00386008248e-05, 5.69355834159e-05, 7.59198228479e-05, 5.10198660777e-05], "mean": [0.00037272341433, 0.000901360763237, 0.000725269026589, 0.000210397774936, 0.000247337418841, 0.000256858329521, 0.000234090039157, 0.000216159314732, 0.000328285270371, 0.000267295690719, 0.000506018695887, 0.00032920439844, 0.000238549037022, 0.000120736622193, 9.08052461455e-05, 4.50465086033e-05, 9.66882362263e-05, 5.94896082475e-05, 2.44914353971e-05, 7.11475950084e-05, 2.19616576942e-05, 1.45713793245e-05, 1.35731161208e-05, 8.69347150001e-06, 1.10759274321e-05, 1.11442968773e-05, 1.04066066342e-05, 5.18134493177e-06, 3.91713547288e-06, 3.2215173178e-06, 1.90479624962e-06, 1.71357339696e-06, 1.52914765295e-06, 1.64316475093e-06, 1.38298548791e-06, 1.40124029713e-06, 1.36017160912e-06, 1.27468445044e-06, 1.05216167867e-06, 8.08788684026e-07], "median": [0.000100040982943, 0.000418292183895, 0.000165673453012, 9.38183293329e-05, 0.000147522558109, 0.000145948666614, 0.000122987985378, 9.39212040976e-05, 0.000129427120555, 0.000101751807961, 0.000127411956782, 9.2699599918e-05, 6.5594285843e-05, 3.90989735024e-05, 2.48918222496e-05, 7.80451682658e-06, 1.75765926542e-05, 1.417596377e-05, 5.27520251126e-06, 6.74170678394e-06, 3.85519479096e-06, 4.54924202131e-06, 3.04838431475e-06, 3.15586407851e-06, 4.42044893134e-06, 4.47730735686e-06, 3.23474932884e-06, 2.34572121371e-06, 1.83397548881e-06, 1.41175348745e-06, 8.37138145471e-07, 5.65718664802e-07, 5.09929634518e-07, 6.43475516426e-07, 4.19638865878e-07, 4.1020257413e-07, 4.45303498964e-07, 3.93161087686e-07, 2.59639222122e-07, 2.02245502123e-07], "min": [4.02726359205e-11, 4.40832786941e-12, 1.94203572494e-12, 5.12946835615e-13, 3.47727299429e-13, 2.70514079886e-13, 2.56319135838e-13, 1.38585757453e-13, 9.60248522949e-14, 8.95065339662e-14, 9.43850439429e-14, 6.42567867404e-14, 5.11234528018e-14, 2.24934054537e-14, 1.51894725367e-14, 1.85864727607e-14, 2.86033031299e-14, 3.47584510002e-14, 4.10064912798e-14, 4.22814384958e-14, 2.57256713219e-14, 2.36325343247e-14, 3.49311034199e-14, 2.08324839584e-14, 1.65396481369e-14, 1.76544959614e-14, 3.30114658753e-14, 1.41231630882e-14, 8.75736352738e-15, 7.57321993745e-15, 2.14512652433e-14, 1.47692052815e-14, 1.2352106981e-14, 1.00177477059e-14, 2.79531968726e-15, 1.34387528436e-14, 8.80941878419e-15, 4.81974367779e-15, 6.68959982555e-15, 1.67446894024e-14], "var": [4.04158100764e-07, 2.61611103269e-06, 4.63775086246e-06, 1.56603633172e-07, 1.09612201982e-07, 1.35738076779e-07, 1.28318419002e-07, 1.44889753528e-07, 3.33223056259e-07, 2.51765015946e-07, 1.3767045175e-06, 4.70543483289e-07, 2.72656023981e-07, 5.92144964173e-08, 4.08564169163e-08, 1.80573582753e-08, 7.41532915072e-08, 1.97522354028e-08, 4.36807923165e-09, 4.72729908552e-08, 6.66374022629e-09, 1.59974078429e-09, 2.11742090528e-09, 3.21505655432e-10, 5.49288559082e-10, 5.7520133101e-10, 4.52952203522e-10, 5.87987714074e-11, 4.16349142662e-11, 3.29864434379e-11, 8.46270536287e-12, 8.01792833516e-12, 6.03576303521e-12, 6.2167684195e-12, 5.63200137568e-12, 6.58422491875e-12, 7.50526463894e-12, 8.91188511876e-12, 8.50215817888e-12, 4.77572625543e-12]}, "melbands_crest": {"dmean": 2.86706352234, "dmean2": 4.44805526733, "dvar": 8.4369802475, "dvar2": 20.5799942017, "max": 39.9095726013, "mean": 13.4576845169, "median": 12.4707307816, "min": 4.02468538284, "var": 31.2716770172}, "melbands_flatness_db": {"dmean": 0.0233931355178, "dmean2": 0.0341497771442, "dvar": 0.000598200305831, "dvar2": 0.00131278752815, "max": 0.552141964436, "mean": 0.198121234775, "median": 0.189719736576, "min": 0.0473696924746, "var": 0.00401624664664}, "melbands_kurtosis": {"dmean": 4.61430454254, "dmean2": 7.45347738266, "dvar": 4757.74023438, "dvar2": 13409.8964844, "max": 5778.11425781, "mean": 7.71486186981, "median": 3.29411053658, "min": -1.73714363575, "var": 3117.43701172}, "melbands_skewness": {"dmean": 0.540753901005, "dmean2": 0.808734953403, "dvar": 0.878272771835, "dvar2": 2.20282244682, "max": 69.9717254639, "mean": 1.57830679417, "median": 1.30594456196, "min": -2.14916563034, "var": 2.86957716942}, "melbands_spread": {"dmean": 5.51847076416, "dmean2": 8.3294916153, "dvar": 53.3854522705, "dvar2": 115.40940094, "max": 201.784942627, "mean": 24.3331413269, "median": 21.5083599091, "min": 0.143466919661, "var": 218.472686768}, "mfcc": {"cov": [[14516.1923828, 1006.66687012, 292.480010986, 687.944274902, 544.317749023, 410.23046875, 234.514846802, 188.996231079, 33.890586853, 321.100067139, -295.483917236, -149.70652771, 94.4893112183], [1006.66687012, 1560.40063477, 78.0227966309, 63.5658874512, -25.0122184753, 81.7355575562, 150.57472229, 86.7069473267, 52.6053390503, 66.7444763184, -0.759905934334, 40.130695343, 58.4656486511], [292.480010986, 78.0227966309, 1012.72320557, 321.508148193, 331.119506836, 234.059280396, 98.5454406738, 66.2062683105, 49.2674217224, 18.6920070648, 54.1264266968, 35.3397865295, 16.3857021332], [687.944274902, 63.5658874512, 321.508148193, 558.31854248, 291.942901611, 217.845611572, 77.0049972534, 129.862854004, 40.6038284302, 26.7096710205, 44.8106117249, 34.3059501648, 20.1996250153], [544.317749023, -25.0122184753, 331.119506836, 291.942901611, 478.139831543, 199.196670532, 34.1995124817, 78.565322876, 73.3749465942, 63.2305717468, -17.4426307678, 12.656621933, 44.3524551392], [410.23046875, 81.7355575562, 234.059280396, 217.845611572, 199.196670532, 371.904083252, 135.949356079, 110.210929871, 18.9779109955, 66.8901596069, 54.6606750488, 16.3179454803, 30.0771903992], [234.514846802, 150.57472229, 98.5454406738, 77.0049972534, 34.1995124817, 135.949356079, 246.611679077, 91.9722595215, 26.5534305573, 49.4005088806, 36.5781707764, 26.5811061859, 15.4203681946], [188.996231079, 86.7069473267, 66.2062683105, 129.862854004, 78.565322876, 110.210929871, 91.9722595215, 225.84992981, 95.9808197021, 28.9380702972, 18.5409660339, 35.7397537231, 58.2211418152], [33.890586853, 52.6053390503, 49.2674217224, 40.6038284302, 73.3749465942, 18.9779109955, 26.5534305573, 95.9808197021, 194.490737915, 66.3542861938, -33.8264808655, 8.16414737701, 39.6285667419], [321.100067139, 66.7444763184, 18.6920070648, 26.7096710205, 63.2305717468, 66.8901596069, 49.4005088806, 28.9380702972, 66.3542861938, 202.252349854, 34.229637146, -19.0126247406, 23.950252533], [-295.483917236, -0.759905934334, 54.1264266968, 44.8106117249, -17.4426307678, 54.6606750488, 36.5781707764, 18.5409660339, -33.8264808655, 34.229637146, 191.401168823, 56.4153175354, -24.502494812], [-149.70652771, 40.130695343, 35.3397865295, 34.3059501648, 12.656621933, 16.3179454803, 26.5811061859, 35.7397537231, 8.16414737701, -19.0126247406, 56.4153175354, 135.791229248, 48.2285881042], [94.4893112183, 58.4656486511, 16.3857021332, 20.1996250153, 44.3524551392, 30.0771903992, 15.4203681946, 58.2211418152, 39.6285667419, 23.950252533, -24.502494812, 48.2285881042, 138.091995239]], "icov": [[8.66326518008e-05, -4.71341518278e-05, 9.72182533587e-06, -9.52877817326e-05, -3.11623953166e-05, -9.91942488326e-06, -1.75755412783e-05, -4.56722882518e-05, 0.000141885640915, -0.000170571540366, 0.000214122264879, 1.9632434487e-05, 2.68526146101e-05], [-4.71341518278e-05, 0.000733557913918, -6.26480032224e-05, -3.8563637645e-05, 0.000248838536208, -1.75924487849e-05, -0.000330230861437, -2.00896647584e-05, -0.000105686842289, -0.000121728495287, 8.4662642621e-05, -0.000180600341992, -0.000166455080034], [9.72182533587e-06, -6.26480032224e-05, 0.00145488930866, -0.000354427756974, -0.000742034928408, -0.000333462492563, -0.000333102216246, 0.000496002554428, -0.000410869630286, 0.000496226944961, -0.00046226195991, 8.51022705319e-05, -4.17840092268e-05], [-9.52877817326e-05, -3.8563637645e-05, -0.000354427756974, 0.00336584518664, -0.00142369710375, -0.000610807735939, 0.000154217108502, -0.00121315615252, 0.00021834517247, 0.00047836417798, -0.000606781220995, -0.000245300296228, 0.000548180541955], [-3.11623953166e-05, 0.000248838536208, -0.000742034928408, -0.00142369710375, 0.00428742868826, -0.00132293638308, 0.000800381065346, 0.000271023222012, -0.000699350435752, -0.000899276463315, 0.00122754706535, -0.000499980757013, -0.000331176503096], [-9.91942488326e-06, -1.75924487849e-05, -0.000333462492563, -0.000610807735939, -0.00132293638308, 0.00519596552476, -0.00179698015563, -0.00122779677622, 0.00120619498193, -0.000668133900035, -0.000886268215254, 0.000792302307673, -0.000509573379532], [-1.75755412783e-05, -0.000330230861437, -0.000333102216246, 0.000154217108502, 0.000800381065346, -0.00179698015563, 0.0061294217594, -0.00187016557902, 0.000411410117522, -0.00114618788939, 0.000347626279108, -0.00110182666685, 0.000934380572289], [-4.56722882518e-05, -2.00896647584e-05, 0.000496002554428, -0.00121315615252, 0.000271023222012, -0.00122779677622, -0.00187016557902, 0.00856039579958, -0.00414654193446, 0.00170420086943, -0.00150709075388, 0.000396177754737, -0.00257299724035], [0.000141885640915, -0.000105686842289, -0.000410869630286, 0.00021834517247, -0.000699350435752, 0.00120619498193, 0.000411410117522, -0.00414654193446, 0.00895134266466, -0.00347744370811, 0.00284966174513, -0.00125392572954, 0.000606560846791], [-0.000170571540366, -0.000121728495287, 0.000496226944961, 0.00047836417798, -0.000899276463315, -0.000668133900035, -0.00114618788939, 0.00170420086943, -0.00347744370811, 0.0080050593242, -0.0036250166595, 0.00317638576962, -0.00225977227092], [0.000214122264879, 8.4662642621e-05, -0.00046226195991, -0.000606781220995, 0.00122754706535, -0.000886268215254, 0.000347626279108, -0.00150709075388, 0.00284966174513, -0.0036250166595, 0.00937062874436, -0.00504209520295, 0.00359118450433], [1.9632434487e-05, -0.000180600341992, 8.51022705319e-05, -0.000245300296228, -0.000499980757013, 0.000792302307673, -0.00110182666685, 0.000396177754737, -0.00125392572954, 0.00317638576962, -0.00504209520295, 0.0120219606906, -0.00525154173374], [2.68526146101e-05, -0.000166455080034, -4.17840092268e-05, 0.000548180541955, -0.000331176503096, -0.000509573379532, 0.000934380572289, -0.00257299724035, 0.000606560846791, -0.00225977227092, 0.00359118450433, -0.00525154173374, 0.011105408892]], "mean": [-676.312255859, 113.951393127, -7.03787231445, -2.39589190483, -16.0207099915, -8.18936443329, 3.16024947166, 1.65221917629, -1.89774823189, 3.84366345406, -4.54926967621, -3.86786317825, -2.5573990345]}, "pitch_salience": {"dmean": 0.0587687380612, "dmean2": 0.0933639630675, "dvar": 0.00303080515005, "dvar2": 0.00770939514041, "max": 0.872576832771, "mean": 0.504023492336, "median": 0.50636100769, "min": 0.0116492686793, "var": 0.0121671911329}, "silence_rate_20dB": {"dmean": 0, "dmean2": 0, "dvar": 0, "dvar2": 0, "max": 1, "mean": 1, "median": 1, "min": 1, "var": 0}, "silence_rate_30dB": {"dmean": 0.00170502986293, "dmean2": 0.00341035029851, "dvar": 0.00170212273952, "dvar2": 0.00493337772787, "max": 1, "mean": 0.999062299728, "median": 1, "min": 0, "var": 0.000936807191465}, "silence_rate_60dB": {"dmean": 0.0126172211021, "dmean2": 0.0252365935594, "dvar": 0.0124580264091, "dvar2": 0.0292036812752, "max": 1, "mean": 0.112863354385, "median": 0, "min": 0, "var": 0.100125215948}, "spectral_centroid": {"dmean": 200.304595947, "dmean2": 309.245056152, "dvar": 58387.4101562, "dvar2": 120854.125, "max": 11188.0644531, "mean": 1325.79003906, "median": 1216.7442627, "min": 226.549285889, "var": 282346.71875}, "spectral_complexity": {"dmean": 2.21568632126, "dmean2": 3.45536708832, "dvar": 5.9406914711, "dvar2": 12.7474536896, "max": 49, "mean": 15.4270734787, "median": 15, "min": 0, "var": 57.0633659363}, "spectral_contrast_coeffs": {"dmean": [0.0464123748243, 0.0444384217262, 0.0407903492451, 0.0399120375514, 0.0282327849418, 0.0224318020046], "dmean2": [0.074455730617, 0.0717041268945, 0.0636420100927, 0.0627392232418, 0.0444585047662, 0.0338064134121], "dvar": [0.00203885883093, 0.00170195894316, 0.00132363243029, 0.0012752218172, 0.000695691618603, 0.000438313931227], "dvar2": [0.00482560368255, 0.00422102073207, 0.00299923378043, 0.00296688196249, 0.0016153260367, 0.000931995629799], "max": [-0.271273761988, -0.287770867348, -0.37401676178, -0.406220644712, -0.503001630306, -0.570560872555], "mean": [-0.629524469376, -0.707432568073, -0.669200003147, -0.701378583908, -0.753643929958, -0.777400791645], "median": [-0.644902706146, -0.718894779682, -0.673862814903, -0.697597205639, -0.756349205971, -0.779035210609], "min": [-0.956710577011, -0.95781993866, -0.972536623478, -0.964291572571, -0.957125365734, -0.960202932358], "var": [0.0152404382825, 0.00905719958246, 0.0096117593348, 0.00753809977323, 0.0048968391493, 0.00265337014571]}, "spectral_contrast_valleys": {"dmean": [0.451505631208, 0.360327661037, 0.355143606663, 0.3900629282, 0.36249563098, 0.38472533226], "dmean2": [0.720207870007, 0.582804620266, 0.564119517803, 0.608885169029, 0.541100382805, 0.49745965004], "dvar": [0.232033476233, 0.173665046692, 0.157452553511, 0.187643826008, 0.172695353627, 0.18350468576], "dvar2": [0.495597064495, 0.401817172766, 0.356941252947, 0.41748547554, 0.363622993231, 0.302127093077], "max": [-5.49841547012, -4.97166872025, -5.44831991196, -5.45345020294, -5.89899396896, -7.69028520584], "mean": [-8.62400245667, -7.12205886841, -7.90913486481, -8.59335899353, -8.46118831635, -10.5588760376], "median": [-7.93632650375, -6.63933467865, -7.45032596588, -8.22071838379, -8.11645030975, -10.2079944611], "min": [-27.4449939728, -27.3991165161, -26.9922485352, -27.2048435211, -27.4124736786, -27.2306156158], "var": [3.47222805023, 2.76745867729, 2.67264127731, 2.50864553452, 2.46172142029, 2.5444252491]}, "spectral_decrease": {"dmean": 1.49419510098e-09, "dmean2": 2.26286434035e-09, "dvar": 6.84006691381e-18, "dvar2": 1.61623233477e-17, "max": -6.89151299842e-17, "mean": -5.39357314366e-09, "median": -4.47896475464e-09, "min": -3.68508139559e-08, "var": 1.99563311566e-17}, "spectral_energy": {"dmean": 0.00597940478474, "dmean2": 0.00901657901704, "dvar": 0.000103556260001, "dvar2": 0.000241571469815, "max": 0.147541359067, "mean": 0.0222618579865, "median": 0.0185089074075, "min": 2.76519279696e-10, "var": 0.000329693197273}, "spectral_energyband_high": {"dmean": 0.000225858966587, "dmean2": 0.000299874081975, "dvar": 1.46269584889e-07, "dvar2": 2.54804518818e-07, "max": 0.00752986920998, "mean": 0.000586715701502, "median": 0.000301274325466, "min": 1.15534188119e-11, "var": 5.99179372784e-07}, "spectral_energyband_low": {"dmean": 0.00276299309917, "dmean2": 0.00434937560931, "dvar": 6.25988686807e-05, "dvar2": 0.000160533643793, "max": 0.0848310813308, "mean": 0.00474022841081, "median": 0.00231350562535, "min": 1.66995292594e-10, "var": 6.83489852236e-05}, "spectral_energyband_middle_high": {"dmean": 0.00248131342232, "dmean2": 0.00370350107551, "dvar": 1.38724044518e-05, "dvar2": 3.15020224662e-05, "max": 0.076847627759, "mean": 0.00950640067458, "median": 0.00521392235532, "min": 4.68593002942e-12, "var": 0.000122565485071}, "spectral_energyband_middle_low": {"dmean": 0.00332944979891, "dmean2": 0.0049065919593, "dvar": 4.14956411987e-05, "dvar2": 9.19129452086e-05, "max": 0.103328749537, "mean": 0.00908385775983, "median": 0.00685729179531, "min": 1.05217215149e-11, "var": 8.87929709279e-05}, "spectral_entropy": {"dmean": 0.209355175495, "dmean2": 0.299703329802, "dvar": 0.0527614913881, "dvar2": 0.112186595798, "max": 9.79771232605, "mean": 7.27288484573, "median": 7.30738258362, "min": 4.40234947205, "var": 0.348725229502}, "spectral_flux": {"dmean": 0.0207605380565, "dmean2": 0.0328873880208, "dvar": 0.000720909622032, "dvar2": 0.00165459432174, "max": 0.286381781101, "mean": 0.0649102181196, "median": 0.056694727391, "min": 1.33020857902e-05, "var": 0.00186085258611}, "spectral_kurtosis": {"dmean": 2.18226981163, "dmean2": 3.46381044388, "dvar": 21.1356601715, "dvar2": 46.0200042725, "max": 141.850967407, "mean": 5.72975063324, "median": 4.34266996384, "min": -1.39446151257, "var": 48.8895835876}, "spectral_rms": {"dmean": 0.00055299262749, "dmean2": 0.000811202568002, "dvar": 5.63320782021e-07, "dvar2": 1.24127336676e-06, "max": 0.0119976159185, "mean": 0.00422265101224, "median": 0.00424940837547, "min": 5.19398611232e-07, "var": 3.88810531149e-06}, "spectral_rolloff": {"dmean": 343.5362854, "dmean2": 583.682189941, "dvar": 604426.8125, "dvar2": 1262856.375, "max": 11175.7324219, "mean": 1508.72290039, "median": 1205.859375, "min": 21.533203125, "var": 1525983.25}, "spectral_skewness": {"dmean": 0.27044287324, "dmean2": 0.414654612541, "dvar": 0.136601909995, "dvar2": 0.299855858088, "max": 9.75633621216, "mean": 1.78010690212, "median": 1.67315196991, "min": -0.112307712436, "var": 0.462017506361}, "spectral_spread": {"dmean": 632943.9375, "dmean2": 858796.875, "dvar": 599799955456, "dvar2": 963473571840, "max": 40359912, "mean": 4776820.5, "median": 43