{"lowlevel": {"average_loudness": 0.582988321781, "barkbands": {"dmean": [9.45079136727e-07, 0.000839699991047, 0.00167303369381, 0.00113837677054, 0.00116323900875, 0.00135915214196, 0.000657432363369, 0.000664706632961, 0.000512379570864, 0.000498800713103, 0.000327560177539, 0.000202950715902, 0.000134232919663, 8.32870791783e-05, 3.14075514325e-05, 1.50418454723e-05, 9.82358415058e-06, 7.43817372495e-06, 8.3603845269e-06, 4.04688717026e-06, 1.48408219047e-06, 9.38896619118e-07, 3.72070047661e-07, 1.25162841869e-07, 1.22866111951e-07, 5.68468649931e-08, 3.07232106422e-09], "dmean2": [1.71241890712e-06, 0.0012057229178, 0.00245536537841, 0.00177189230453, 0.00171718408819, 0.00205532438122, 0.00090819405159, 0.00088930426864, 0.00064959860174, 0.000592797878198, 0.000437786278781, 0.00025553922751, 0.000171038540429, 0.000109991859063, 4.5189539378e-05, 2.37839249166e-05, 1.5759436792e-05, 1.22598994494e-05, 1.34993015308e-05, 6.37687162452e-06, 2.31274975704e-06, 1.4530540966e-06, 5.50358777218e-07, 1.69251109128e-07, 1.79352454666e-07, 8.41541165642e-08, 5.0911879157e-09], "dvar": [3.70100217834e-12, 5.76297634325e-06, 1.71524952748e-05, 6.91111199558e-06, 5.67182496525e-06, 1.35207637868e-05, 4.85833879793e-06, 1.20376316772e-05, 4.67038307761e-06, 6.03540547672e-06, 3.36371795129e-06, 1.12748216452e-06, 5.96732093072e-07, 6.30275394542e-07, 2.70647753098e-08, 3.74426445404e-09, 1.04174480153e-09, 3.74533737357e-10, 2.23732721238e-09, 8.64116500576e-10, 4.05241500079e-11, 6.81152842463e-11, 2.39941295999e-11, 1.40714566735e-12, 3.76248972299e-13, 1.50076850361e-13, 2.01264067697e-16], "dvar2": [1.29466029911e-11, 1.20695412988e-05, 3.82938269468e-05, 1.77874771907e-05, 1.30390244522e-05, 3.12082265737e-05, 8.19781416794e-06, 2.59424286924e-05, 8.80126481206e-06, 8.527564205e-06, 5.85068573855e-06, 1.8400553472e-06, 8.91525019142e-07, 9.88229885479e-07, 4.3923712667e-08, 8.92519036455e-09, 2.44259079629e-09, 1.00155739258e-09, 4.8382169382e-09, 1.84849735518e-09, 8.50505221806e-11, 1.71478761746e-10, 5.02345075259e-11, 2.19253174644e-12, 6.63099566575e-13, 2.84426535059e-13, 4.59361478587e-16], "max": [2.50157627306e-05, 0.042921975255, 0.0679548382759, 0.0666090548038, 0.0439639426768, 0.163977265358, 0.0731856897473, 0.154662400484, 0.109956517816, 0.109341301024, 0.140752658248, 0.0398725755513, 0.0538180880249, 0.0658647343516, 0.0101372674108, 0.00248083984479, 0.00128834962379, 0.000436938193161, 0.00353277032264, 0.00233344733715, 0.000369324494386, 0.000509708479512, 0.000423272780608, 9.93832290987e-05, 2.25799103646e-05, 2.02788742172e-05, 6.98680878486e-07], "mean": [1.23793972762e-06, 0.00244872225448, 0.00325001543388, 0.00281088729389, 0.00256222486496, 0.00304194958881, 0.00161304336507, 0.00138047861401, 0.00151514809113, 0.00118025182746, 0.000866903399583, 0.000465995864943, 0.000356537580956, 0.00016290252097, 5.8534409618e-05, 2.60566666839e-05, 1.79590388143e-05, 1.45354515553e-05, 1.56041969603e-05, 7.29656494514e-06, 3.15268061968e-06, 1.82498354206e-06, 6.66569690111e-07, 2.58397108155e-07, 2.26680413107e-07, 1.07270068384e-07, 6.16661921526e-09], "median": [4.49585968454e-07, 0.000308678427245, 0.000449702580227, 0.000258183805272, 0.000842340639792, 0.000533582409844, 0.000130168176838, 6.36319891782e-05, 7.53712811274e-05, 3.93634909415e-05, 2.41500529228e-05, 1.37697234095e-05, 1.27859075292e-05, 7.36117908673e-06, 8.69191899255e-06, 5.72184126213e-06, 3.51281505573e-06, 3.03796605294e-06, 2.32772345043e-06, 1.44662044477e-06, 6.09255152995e-07, 2.19648498501e-07, 4.51852635308e-08, 2.10225739039e-08, 2.04277164073e-08, 2.31683863205e-08, 3.68756203351e-09], "min": [5.55858905343e-25, 2.46301898917e-24, 7.36839965864e-26, 1.72381428949e-25, 4.03113365708e-24, 5.41996035719e-24, 3.74710902132e-24, 6.65791898689e-24, 1.40752396574e-23, 1.47193082989e-23, 5.51539438292e-24, 2.62784824099e-23, 2.99873955751e-23, 2.8964662655e-23, 4.53596945323e-23, 4.96816709499e-23, 6.59129573914e-23, 1.04758027154e-22, 1.14783325921e-22, 1.6239918473e-22, 2.51844336241e-22, 3.14298239537e-22, 3.09751548202e-22, 5.37873133084e-22, 8.40547324167e-22, 1.30049301574e-21, 1.87830684541e-21], "var": [5.1715684686e-12, 2.10367088584e-05, 4.3540057959e-05, 2.87717666652e-05, 1.83883839782e-05, 5.1545091992e-05, 2.52717181866e-05, 3.13243617711e-05, 3.2235548133e-05, 2.9565715522e-05, 3.08108537865e-05, 5.06455990035e-06, 3.86234114558e-06, 2.24102450375e-06, 9.19957230394e-08, 8.06317501656e-09, 2.39199438035e-09, 9.55028944816e-10, 4.76564299134e-09, 1.27279908835e-09, 1.4107151558e-10, 1.26732360717e-10, 6.44491265911e-11, 6.79334583378e-12, 1.19341494152e-12, 3.51352763073e-13, 3.29038577509e-16]}, "barkbands_crest": {"dmean": 2.13572764397, "dmean2": 3.3721871376, "dvar": 4.43614864349, "dvar2": 10.896030426, "max": 26.1644554138, "mean": 13.1211538315, "median": 12.4549121857, "min": 2.9722442627, "var": 20.756734848}, "barkbands_flatness_db": {"dmean": 0.0200129728764, "dmean2": 0.0291941296309, "dvar": 0.000480502814753, "dvar2": 0.000920022663195, "max": 0.588147580624, "mean": 0.304949611425, "median": 0.31206074357, "min": 0.0383884757757, "var": 0.00642385473475}, "barkbands_kurtosis": {"dmean": 5.00182628632, "dmean2": 7.68398237228, "dvar": 119.723495483, "dvar2": 287.053375244, "max": 279.814727783, "mean": 11.0768699646, "median": 4.49523544312, "min": -1.83858168125, "var": 365.031677246}, "barkbands_skewness": {"dmean": 0.569244205952, "dmean2": 0.849263250828, "dvar": 0.49849075079, "dvar2": 1.07515096664, "max": 14.9560213089, "mean": 1.86912870407, "median": 1.58727812767, "min": -3.00515890121, "var": 3.35265612602}, "barkbands_spread": {"dmean": 1.69765758514, "dmean2": 2.55615973473, "dvar": 7.74758052826, "dvar2": 16.6970005035, "max": 86.8490142822, "mean": 7.18487787247, "median": 4.55457401276, "min": 0.261862426996, "var": 58.9872360229}, "dissonance": {"dmean": 0.0384406298399, "dmean2": 0.0633348301053, "dvar": 0.00142516824417, "dvar2": 0.00375683279708, "max": 0.499595880508, "mean": 0.381015479565, "median": 0.392381578684, "min": 0.0579520352185, "var": 0.0057375812903}, "dynamic_complexity": 5.79134130478, "erbbands": {"dmean": [0.00888211559504, 0.256435185671, 1.66226017475, 2.99843120575, 4.48386526108, 2.87821793556, 6.34864521027, 12.8485889435, 11.5155687332, 8.46501541138, 15.1164569855, 12.9190540314, 13.0068044662, 13.7346830368, 11.1929969788, 8.27386283875, 5.99470376968, 4.34533071518, 2.2853281498, 1.09569656849, 0.779475927353, 0.489339977503, 0.407816499472, 0.429086565971, 0.363822370768, 0.161834850907, 0.0785179585218, 0.0453798435628, 0.0383617058396, 0.0164665468037, 0.0085766101256, 0.00389966438524, 0.00164523185231, 0.00124419224449, 0.00101175310556, 0.000421888253186, 6.66931518936e-05, 6.72309442962e-06, 2.82194991996e-06, 6.33950230622e-06], "dmean2": [0.0128299379721, 0.368267536163, 2.42276549339, 4.53326702118, 6.7722401619, 4.17351150513, 9.34846687317, 19.3909702301, 16.0218048096, 11.3294487, 19.496301651, 16.1747703552, 15.5591440201, 16.6651668549, 14.2338409424, 9.80528831482, 7.46198987961, 5.31610059738, 3.04822587967, 1.68731331825, 1.24114191532, 0.778244793415, 0.666822254658, 0.698223233223, 0.58159327507, 0.251074165106, 0.123714633286, 0.0681955814362, 0.0615027360618, 0.0229478478432, 0.0124649042264, 0.00540102832019, 0.00226177833974, 0.00183692900464, 0.00145862973295, 0.000615126336925, 9.61501282291e-05, 9.81986886472e-06, 3.95802271669e-06, 8.86531779543e-06], "dvar": [0.000535766012035, 0.518075704575, 18.1115436554, 41.4337539673, 100.972763062, 41.0813560486, 262.632659912, 1346.60656738, 1484.18005371, 1408.05151367, 5032.10302734, 3773.04931641, 5471.13183594, 5392.00048828, 5367.07568359, 1794.71081543, 1296.56689453, 1711.7479248, 453.925170898, 12.8924741745, 12.8482627869, 3.11982655525, 1.20013785362, 2.36465740204, 11.9631910324, 1.08143293858, 0.0939837917686, 0.0824166014791, 0.137943089008, 0.0273527484387, 0.00893271435052, 0.00168722181115, 0.000229597993894, 5.66093331145e-05, 2.36788946495e-05, 7.46560999687e-06, 2.22178812237e-07, 1.11213016574e-09, 1.85906030153e-11, 9.71274866091e-11], "dvar2": [0.0010233244393, 1.0723426342, 37.9139862061, 101.896720886, 249.901977539, 83.538482666, 604.916381836, 2997.32128906, 2632.25610352, 2807.02514648, 9650.85839844, 7077.98144531, 7569.21679688, 7762.21826172, 8778.70410156, 2525.88964844, 1803.86853027, 2438.7590332, 950.83972168, 25.5259895325, 32.2776222229, 7.34112024307, 3.24898481369, 6.02163648605, 24.5377349854, 2.19865942001, 0.203719601035, 0.178300663829, 0.361210405827, 0.0453849136829, 0.0167268309742, 0.00298989261501, 0.000395178212784, 0.000106772313302, 4.24630525231e-05, 1.44752120832e-05, 4.11364055708e-07, 1.79427928071e-09, 3.63991822794e-11, 1.93603522103e-10], "max": [0.452066749334, 13.5919275284, 76.951171875, 141.236282349, 223.625228882, 177.135101318, 411.74987793, 1661.1484375, 1549.30163574, 1717.24780273, 2219.67260742, 3410.84008789, 4300.93359375, 4045.32128906, 6844.79101562, 1974.78039551, 2738.43408203, 3945.42480469, 1786.82006836, 186.833572388, 161.597351074, 81.9219665527, 23.7419109344, 60.7799034119, 284.865753174, 82.7844009399, 20.3575382233, 14.6981210709, 23.9908504486, 16.8237438202, 7.93746614456, 3.27668619156, 1.1976801157, 0.266065239906, 0.186472132802, 0.136158823967, 0.0278199817985, 0.00174374470953, 0.000106307714304, 0.000236694468185], "mean": [0.0279706604779, 0.725995123386, 3.5123436451, 6.89085149765, 9.8801240921, 7.24486541748, 14.7015619278, 26.4284553528, 29.0839481354, 16.9894065857, 35.2892684937, 39.2785835266, 34.8152046204, 32.7986030579, 35.2554016113, 22.1426277161, 17.3022041321, 9.3785943985, 4.92993068695, 2.2039065361, 1.45809805393, 0.970697641373, 0.841952323914, 0.893810153008, 0.658574223518, 0.317623019218, 0.171672105789, 0.0932352617383, 0.0726977437735, 0.0336285792291, 0.0165644939989, 0.00775125622749, 0.00324544799514, 0.0022585876286, 0.00180171127431, 0.000740294635762, 0.000144237521454, 2.05467295018e-05, 1.10870287244e-05, 2.43922731897e-05], "median": [0.00408410234377, 0.121436774731, 0.671693742275, 1.40973997116, 2.19091391563, 2.08239793777, 2.80170798302, 5.43430280685, 3.99745512009, 2.09051966667, 2.16893482208, 2.17533755302, 1.62193608284, 1.69406354427, 1.22715115547, 0.755921542645, 0.709532678127, 0.54956638813, 0.485527157784, 0.491791009903, 0.35374674201, 0.230422437191, 0.196486085653, 0.165647730231, 0.118251346052, 0.0734325423837, 0.0378741435707, 0.0183742828667, 0.009082862176, 0.00306157930754, 0.00122964719776, 0.000580217048991, 0.000321500439895, 0.000224619259825, 0.000163428499945, 0.000101089681266, 4.8480607802e-05, 1.19955866467e-05, 6.80118819218e-06, 1.49015731949e-05], "min": [7.01781642228e-23, 5.02740524783e-22, 1.63593091001e-21, 5.25840815663e-21, 5.87986838539e-21, 9.30637561949e-21, 5.90484495858e-20, 6.3493278758e-20, 6.90596226691e-20, 1.751003838e-19, 2.05118509735e-19, 3.50117093111e-19, 5.69664967301e-19, 7.19123734389e-19, 4.04267101894e-19, 1.10201302543e-18, 1.59670198012e-18, 1.29692510869e-18, 1.95656587164e-18, 3.16256025636e-18, 4.02617052347e-18, 4.01193805386e-18, 4.95821034074e-18, 7.08761932368e-18, 8.14109504513e-18, 9.16329010454e-18, 8.21251216486e-18, 1.13266792535e-17, 1.06216864523e-17, 1.07956400535e-17, 9.26052104964e-18, 1.04794064238e-17, 9.2201910317e-18, 8.20280271883e-18, 6.57728280014e-18, 4.36367013956e-18, 2.24327845927e-18, 8.51955705875e-19, 2.54932024157e-19, 2.83958599645e-20], "var": [0.00326440413482, 1.80510282516, 49.3441047668, 138.022872925, 331.512695312, 174.934707642, 1025.81079102, 4408.83544922, 7590.24707031, 3260.44799805, 18164.0625, 25093.0859375, 27273.3613281, 26151.3105469, 62867.6757812, 11549.3251953, 8129.72851562, 6357.43017578, 1196.22167969, 51.0369491577, 25.9903354645, 6.53404378891, 3.03371882439, 6.81355619431, 19.205871582, 1.83908128738, 0.318699717522, 0.211808919907, 0.200457662344, 0.114231489599, 0.0317181050777, 0.00716000190005, 0.000847052608151, 0.000163503471413, 7.03602927388e-05, 1.78157006303e-05, 4.95643348586e-07, 2.97654079162e-09, 1.45660192241e-10, 7.57909346394e-10]}, "erbbands_crest": {"dmean": 2.82545948029, "dmean2": 4.36974716187, "dvar": 7.21187400818, "dvar2": 17.0934677124, "max": 32.027885437, "mean": 13.6474132538, "median": 12.8149194717, "min": 2.121966362, "var": 31.9105644226}, "erbbands_flatness_db": {"dmean": 0.0164524856955, "dmean2": 0.0234886277467, "dvar": 0.00031632478931, "dvar2": 0.000543133006431, "max": 0.468067228794, "mean": 0.282816708088, "median": 0.285922527313, "min": 0.0255627669394, "var": 0.00492668384686}, "erbbands_kurtosis": {"dmean": 1.83937621117, "dmean2": 2.7866871357, "dvar": 10.4211158752, "dvar2": 23.1636161804, "max": 99.5835037231, "mean": 3.21107506752, "median": 1.28917551041, "min": -1.86079990864, "var": 34.7279510498}, "erbbands_skewness": {"dmean": 0.398333311081, "dmean2": 0.590865910053, "dvar": 0.167378842831, "dvar2": 0.359659194946, "max": 7.58468532562, "mean": 0.838879168034, "median": 0.743960916996, "min": -4.21013689041, "var": 1.30293059349}, "erbbands_spread": {"dmean": 4.33019828796, "dmean2": 6.53824043274, "dvar": 33.3333511353, "dvar2": 71.5194778442, "max": 122.208312988, "mean": 19.8994255066, "median": 14.9105710983, "min": 0.949310600758, "var": 227.852096558}, "gfcc": {"cov": [[21498.125, 3705.60742188, -2610.96118164, -273.812561035, -1061.35473633, -526.633850098, -166.748977661, -332.570129395, -313.932373047, -329.02532959, -315.360809326, -252.871063232, -154.519378662], [3705.60742188, 1662.39245605, 129.163848877, -534.208007812, -47.4837265015, -78.3266296387, -17.4001331329, -78.8678131104, 86.3820724487, -85.7416229248, 108.094078064, -106.596832275, -15.3512191772], [-2610.96118164, 129.163848877, 1392.37036133, 152.540863037, 207.700286865, 192.757827759, 15.1574630737, -2.4107363224, 153.593795776, 3.35134720802, 104.004844666, -32.3810462952, 12.8982648849], [-273.812561035, -534.208007812, 152.540863037, 1281.05908203, 267.078033447, -60.546875, 122.89907074, -80.4355239868, -46.5076942444, 19.0791282654, -139.326126099, 63.6955490112, 45.2720603943], [-1061.35473633, -47.4837265015, 207.700286865, 267.078033447, 536.739013672, 71.9106674194, 30.2272262573, 150.932540894, 17.6946487427, 57.8092842102, 46.934223175, 25.3028964996, 71.9332122803], [-526.633850098, -78.3266296387, 192.757827759, -60.546875, 71.9106674194, 388.96987915, 130.700622559, 52.718711853, 84.6650848389, -18.041601181, 28.4692726135, 15.5826921463, -22.7723579407], [-166.748977661, -17.4001331329, 15.1574630737, 122.89907074, 30.2272262573, 130.700622559, 388.06362915, 11.3745040894, -2.83764839172, 13.787566185, -27.4609832764, 20.5506877899, -7.36404561996], [-332.570129395, -78.8678131104, -2.4107363224, -80.4355239868, 150.932540894, 52.718711853, 11.3745040894, 326.055725098, 14.9127626419, 69.4108276367, 49.4405136108, 8.27602386475, 36.0957145691], [-313.932373047, 86.3820724487, 153.593795776, -46.5076942444, 17.6946487427, 84.6650848389, -2.83764839172, 14.9127626419, 247.612014771, 13.4054775238, 26.7374305725, 2.38378238678, -4.6706776619], [-329.02532959, -85.7416229248, 3.35134720802, 19.0791282654, 57.8092842102, -18.041601181, 13.787566185, 69.4108276367, 13.4054775238, 188.788894653, 33.2839317322, -0.506857931614, 8.40425300598], [-315.360809326, 108.094078064, 104.004844666, -139.326126099, 46.934223175, 28.4692726135, -27.4609832764, 49.4405136108, 26.7374305725, 33.2839317322, 183.10067749, 31.9151973724, 10.8636808395], [-252.871063232, -106.596832275, -32.3810462952, 63.6955490112, 25.3028964996, 15.5826921463, 20.5506877899, 8.27602386475, 2.38378238678, -0.506857931614, 31.9151973724, 155.746124268, 57.9475097656], [-154.519378662, -15.3512191772, 12.8982648849, 45.2720603943, 71.9332122803, -22.7723579407, -7.36404561996, 36.0957145691, -4.6706776619, 8.40425300598, 10.8636808395, 57.9475097656, 131.568405151]], "icov": [[0.000361680227797, -0.00116431247443, 0.000747863610741, -0.000715263769962, 0.000814858300146, -0.000603021355346, 0.000485503027448, -0.000435000576545, 0.000413053203374, -0.000118309915706, 0.000370328605641, 2.88911633106e-05, 3.72725116904e-05], [-0.00116431247443, 0.00462443660945, -0.00247056758963, 0.00270939408801, -0.00286966445856, 0.00241546402685, -0.00188967958093, 0.00174915126991, -0.00167591986246, 0.000871624797583, -0.00165148067754, 0.000521816778928, -0.000325187109411], [0.000747863610741, -0.00247056758963, 0.00248673814349, -0.00169055571314, 0.00148147472646, -0.00168642750941, 0.0011097737588, -0.000687502440996, 0.000459343980765, -0.00018719304353, 0.000159481394803, 0.000568493851461, -0.000158442402608], [-0.000715263769962, 0.00270939408801, -0.00169055571314, 0.00280003086664, -0.0024834133219, 0.00179716921411, -0.00143897579983, 0.00148422108032, -0.000846524722874, 0.000251791556366, 0.000163120799698, -0.000495213025715, 1.79505568667e-05], [0.000814858300146, -0.00286966445856, 0.00148147472646, -0.0024834133219, 0.00485739344731, -0.0019970186986, 0.00131582771428, -0.0022662715055, 0.00112711219117, -0.000665037659928, 0.000194783817278, 0.00038103031693, -0.00107590586413], [-0.000603021355346, 0.00241546402685, -0.00168642750941, 0.00179716921411, -0.0019970186986, 0.00501009030268, -0.00226806593128, 0.00044433621224, -0.00180335773621, 0.00121134077199, -0.000797392218374, -0.000476799468743, 0.000965153274592], [0.000485503027448, -0.00188967958093, 0.0011097737588, -0.00143897579983, 0.00131582771428, -0.00226806593128, 0.0039415853098, -0.000749128637835, 0.00102188962046, -0.000798393157311, 0.00110180885531, -0.000495509069879, 0.000264759932179], [-0.000435000576545, 0.00174915126991, -0.000687502440996, 0.00148422108032, -0.0022662715055, 0.00044433621224, -0.000749128637835, 0.00484986556694, -0.000619788479526, -0.000840815599076, -0.000952352653258, 0.000438672112068, -0.000889499962796], [0.000413053203374, -0.00167591986246, 0.000459343980765, -0.000846524722874, 0.00112711219117, -0.00180335773621, 0.00102188962046, -0.000619788479526, 0.00528121506795, -0.000809354824014, 0.00054315791931, -0.000412443099776, 0.000210674872505], [-0.000118309915706, 0.000871624797583, -0.00018719304353, 0.000251791556366, -0.000665037659928, 0.00121134077199, -0.000798393157311, -0.000840815599076, -0.000809354824014, 0.00647830870003, -0.00152012705803, 0.000740504183341, 1.05398366941e-05], [0.000370328605641, -0.00165148067754, 0.000159481394803, 0.000163120799698, 0.000194783817278, -0.000797392218374, 0.00110180885531, -0.000952352653258, 0.00054315791931, -0.00152012705803, 0.00820756424218, -0.00261699431576, 0.000840208900627], [2.88911633106e-05, 0.000521816778928, 0.000568493851461, -0.000495213025715, 0.00038103031693, -0.000476799468743, -0.000495509069879, 0.000438672112068, -0.000412443099776, 0.000740504183341, -0.00261699431576, 0.00926455203444, -0.00415575085208], [3.72725116904e-05, -0.000325187109411, -0.000158442402608, 1.79505568667e-05, -0.00107590586413, 0.000965153274592, 0.000264759932179, -0.000889499962796, 0.000210674872505, 1.05398366941e-05, 0.000840208900627, -0.00415575085208, 0.0103977117687]], "mean": [-183.42276001, 183.00642395, -101.244026184, 1.79002010822, -34.415309906, -16.2786064148, -21.9037628174, -6.67656469345, -21.247592926, -5.47157764435, -11.3580713272, -6.79415607452, -7.02190208435]}, "hfc": {"dmean": 1.97388124466, "dmean2": 2.54139900208, "dvar": 16.6999416351, "dvar2": 23.9480323792, "max": 198.619186401, "mean": 8.65804290771, "median": 3.48798322678, "min": 1.08823464488e-16, "var": 248.170349121}, "melbands": {"dmean": [0.000153915651026, 0.000684181286488, 0.000549983233213, 0.00027236767346, 0.000198501671548, 0.00028091610875, 0.000163060234627, 0.000105731829535, 0.000124611411593, 7.96008680481e-05, 6.7299544753e-05, 5.71432537981e-05, 4.08856358263e-05, 2.72311754088e-05, 1.9489274564e-05, 1.19595424621e-05, 8.82568383531e-06, 4.38347160525e-06, 2.17080764742e-06, 1.03801164641e-06, 9.63853835856e-07, 5.39670566013e-07, 4.40702564219e-07, 3.86461579183e-07, 3.82569993462e-07, 2.96383234399e-07, 2.39349105868e-07, 8.72494467785e-08, 5.66225715204e-08, 3.92136385585e-08, 2.66080064648e-08, 2.69053330726e-08, 1.23985781642e-08, 9.57804502377e-09, 5.76521186346e-09, 3.43207995357e-09, 2.18278328745e-09, 1.28456323356e-09, 1.02498032284e-09, 1.11816644832e-09], "dmean2": [0.00022043089848, 0.000993906985968, 0.000834418518934, 0.000405452563427, 0.000288164446829, 0.000423443852924, 0.000227407115744, 0.000141236727359, 0.000157560163643, 9.93712383206e-05, 7.99267654656e-05, 6.92182584316e-05, 5.27647789568e-05, 3.25527107634e-05, 2.40764711634e-05, 1.53176679305e-05, 1.12703055493e-05, 6.23537880529e-06, 3.29829072143e-06, 1.64464051977e-06, 1.55441682637e-06, 8.62952504121e-07, 7.05760328401e-07, 6.3775325998e-07, 6.26432267836e-07, 4.7907070666e-07, 3.79480411539e-07, 1.37637087505e-07, 9.04150212477e-08, 6.26283238603e-08, 4.03505922009e-08, 4.35728146897e-08, 1.93203479881e-08, 1.36364173287e-08, 8.37088620642e-09, 4.95215379814e-09, 3.14209191998e-09, 1.81972303892e-09, 1.41248079899e-09, 1.70620784168e-09], "dvar": [1.79709857662e-07, 3.00248166241e-06, 1.15683644708e-06, 3.30279618765e-07, 2.38329917579e-07, 6.03125954513e-07, 2.95757217827e-07, 2.65717517323e-07, 2.85153078039e-07, 1.41621839589e-07, 1.40590600495e-07, 9.15060951456e-08, 6.13726598431e-08, 2.11409982853e-08, 1.18822534034e-08, 5.43009592846e-09, 8.09369993249e-09, 2.42274134088e-09, 9.40151498319e-11, 1.05586711249e-11, 2.3569543886e-11, 3.98296760157e-12, 2.20573971414e-12, 1.15911371213e-12, 2.10994915116e-12, 4.39396392535e-12, 7.00565864001e-12, 1.23401167214e-13, 5.19644853677e-14, 2.476447358e-14, 3.83985581504e-14, 7.50474918212e-14, 7.95980238644e-15, 1.69536981703e-14, 3.81289128349e-15, 1.26740904623e-15, 5.6342747003e-16, 1.65000853455e-16, 6.42920770976e-17, 4.08388531364e-17], "dvar2": [3.73831255729e-07, 6.24449876341e-06, 2.92233994514e-06, 8.03201828603e-07, 5.20406842952e-07, 1.35641573706e-06, 5.15161275416e-07, 5.75505282541e-07, 5.31030138973e-07, 2.70592352081e-07, 1.93230306422e-07, 1.33635481347e-07, 1.04784248833e-07, 3.00858609137e-08, 1.81320665149e-08, 9.46379596911e-09, 1.21226344518e-08, 5.7934439468e-09, 1.7820248055e-10, 2.27755002358e-11, 6.02903768576e-11, 9.51837567098e-12, 5.64768197486e-12, 3.08449012859e-12, 5.52961929717e-12, 9.42867832421e-12, 1.4815622687e-11, 2.64567312286e-13, 1.1960870933e-13, 5.34883721787e-14, 8.61905287267e-14, 2.03156651116e-13, 1.79106573594e-14, 3.55741809979e-14, 7.51987803759e-15, 2.647050805e-15, 1.0560925371e-15, 3.21254371194e-16, 1.03598105002e-16, 8.65722729235e-17], "max": [0.00718974508345, 0.0319114513695, 0.0243568141013, 0.0121573666111, 0.0118165314198, 0.0360929220915, 0.0210416857153, 0.0263535901904, 0.0177994295955, 0.0191884599626, 0.0212505552918, 0.0170556176454, 0.0191200841218, 0.00714929681271, 0.00540491566062, 0.00382099766284, 0.00841617491096, 0.00381963490508, 0.000458011898445, 0.000186487348401, 0.000232732985751, 0.000104828483018, 5.50405638933e-05, 3.02379994537e-05, 5.73136458115e-05, 0.000152984750457, 0.000220477159019, 1.72752734215e-05, 1.50589457917e-05, 8.03909824754e-06, 1.11630315587e-05, 1.77700039785e-05, 5.64802076042e-06, 1.25379265228e-05, 4.95457470606e-06, 3.20372737406e-06, 1.65048675171e-06, 1.13521980438e-06, 3.54503498556e-07, 1.95057737074e-07], "mean": [0.00046669159201, 0.00157031114213, 0.00133069546428, 0.000623080297373, 0.00046614947496, 0.000597501348238, 0.000416249153204, 0.000196078370209, 0.000293663732009, 0.000231709913351, 0.000167694728589, 0.000130564294523, 0.00011726415687, 6.80036828271e-05, 4.84472438984e-05, 2.90689131361e-05, 1.6721938664e-05, 8.58628754941e-06, 4.13388579545e-06, 1.92029028767e-06, 1.66463337337e-06, 1.00670774827e-06, 7.92508046743e-07, 7.38513904253e-07, 7.40326242976e-07, 5.11177233875e-07, 3.91204423522e-07, 1.63439722201e-07, 1.11126986724e-07, 7.76610562525e-08, 4.78248907143e-08, 4.75485464335e-08, 2.3670153837e-08, 1.66672400326e-08, 1.01782697826e-08, 6.21748696972e-09, 4.01968991426e-09, 2.28542074154e-09, 1.80417847329e-09, 1.88525484113e-09], "median": [6.14484888501e-05, 0.000332779600285, 0.000352285016561, 0.000176569446921, 0.000107514861156, 0.000118233998364, 4.81616880279e-05, 1.80385541171e-05, 1.49613561007e-05, 1.20540198623e-05, 6.77922344039e-06, 6.27056670055e-06, 3.69625058738e-06, 2.0100974325e-06, 1.32029981614e-06, 1.23919960515e-06, 8.17535692477e-07, 6.11665939232e-07, 6.3142357476e-07, 5.13479562869e-07, 3.05568420345e-07, 2.02546615924e-07, 1.45395176787e-07, 1.38572829655e-07, 1.04861356931e-07, 7.29426901103e-08, 5.64866411423e-08, 3.4297787721e-08, 2.17602078578e-08, 1.15783622689e-08, 6.17484419152e-09, 5.18243092884e-09, 2.30839236615e-09, 1.01099695282e-09, 6.43023301272e-10, 3.85526277569e-10, 2.65835436997e-10, 2.07134531749e-10, 1.74731715208e-10, 1.65578023514e-10], "min": [7.18804830634e-25, 1.44020639415e-24, 1.13503713069e-24, 8.35219499608e-25, 2.2629417755e-24, 1.62117443847e-24, 9.91566011781e-25, 1.93926997672e-24, 1.50907651498e-24, 2.25027404987e-24, 2.60494236299e-24, 2.39312611019e-24, 7.45781950744e-25, 2.5556150878e-24, 2.59942960577e-24, 3.04225411111e-24, 1.97451075994e-24, 2.86229778091e-24, 3.51397222484e-24, 3.12049234962e-24, 4.53989845385e-24, 3.57902800597e-24, 4.30241700593e-24, 4.72740438014e-24, 4.16952037024e-24, 5.27162886902e-24, 4.95934131918e-24, 5.27736073236e-24, 4.60667907935e-24, 5.02356603535e-24, 5.49790928095e-24, 5.17092801346e-24, 3.47041487552e-24, 5.53564089248e-24, 4.55873132467e-24, 6.62379286413e-24, 5.01796275634e-24, 5.45078549149e-24, 6.09102263558e-24, 5.63744378673e-24], "var": [7.54519930979e-07, 8.63065088197e-06, 4.47024240202e-06, 1.10191319891e-06, 9.14324743917e-07, 2.17794286073e-06, 1.5991906821e-06, 5.11481630383e-07, 1.06988591142e-06, 8.89617354005e-07, 6.7856115038e-07, 4.58175975382e-07, 6.1498803916e-07, 1.17803899968e-07, 6.61257644197e-08, 2.0796502298e-08, 2.84576575638e-08, 4.75350159235e-09, 3.5499239659e-10, 2.92662630241e-11, 4.41441258547e-11, 8.17232739814e-12, 4.46096978801e-12, 2.7375679848e-12, 5.53895471156e-12, 8.01244313953e-12, 9.47216523967e-12, 2.87182522771e-13, 1.436693646e-13, 8.32508703901e-14, 8.54084462659e-14, 9.05750287598e-14, 2.71130994311e-14, 4.54839277678e-14, 1.21136731356e-14, 4.59743098693e-15, 2.0080247974e-15, 5.22146525253e-16, 1.93481899555e-16, 1.05284825533e-16]}, "melbands_crest": {"dmean": 2.70281243324, "dmean2": 4.25178289413, "dvar": 7.22536325455, "dvar2": 17.3923549652, "max": 33.7507705688, "mean": 17.3347415924, "median": 16.8255138397, "min": 1.54181313515, "var": 34.3309364319}, "melbands_flatness_db": {"dmean": 0.0219577215612, "dmean2": 0.0314651541412, "dvar": 0.000621465558652, "dvar2": 0.0011586539913, "max": 0.732133030891, "mean": 0.400287270546, "median": 0.40756419301, "min": 0.000894012744538, "var": 0.0102508366108}, "melbands_kurtosis": {"dmean": 7.84210348129, "dmean2": 12.1038885117, "dvar": 289.687683105, "dvar2": 613.149536133, "max": 699.134521484, "mean": 18.1155204773, "median": 7.2916021347, "min": -1.76925528049, "var": 1158.05969238}, "melbands_skewness": {"dmean": 0.668746709824, "dmean2": 0.997112691402, "dvar": 0.659601390362, "dvar2": 1.36971950531, "max": 22.1601371765, "mean": 2.41483402252, "median": 2.02534747124, "min": -3.3143222332, "var": 4.55859470367}, "melbands_spread": {"dmean": 2.2867603302, "dmean2": 3.48973584175, "dvar": 19.5976715088, "dvar2": 46.8683013916, "max": 157.874084473, "mean": 10.0196847916, "median": 5.81612157822, "min": 0.240438446403, "var": 293.772644043}, "mfcc": {"cov": [[6307.76806641, 2160.88989258, -1166.75317383, 192.043426514, -694.218017578, -170.925125122, -111.21849823, -6.92327022552, -73.2424468994, -148.107315063, 8.72906780243, -136.58480835, -87.1624908447], [2160.88989258, 2271.84887695, 218.218475342, -421.36541748, -97.6241989136, -146.691192627, -83.4930877686, -8.85732078552, -83.1982421875, -22.9111976624, 94.7958755493, 24.4753284454, -5.22739362717], [-1166.75317383, 218.218475342, 1136.56848145, 51.2086448669, 193.595581055, 229.703521729, -6.19531774521, 29.016462326, 37.7832336426, 22.4428939819, 27.5271816254, 71.6607131958, 43.8986625671], [192.043426514, -421.36541748, 51.2086448669, 987.678710938, 241.574676514, 109.984611511, 144.749694824, -42.4140472412, 97.3930282593, -13.9407100677, -130.935333252, -41.5478591919, 42.3471946716], [-694.218017578, -97.6241989136, 193.595581055, 241.574676514, 568.863830566, 55.7061386108, 13.138007164, 42.4806480408, 43.2703590393, 72.0024032593, -28.6071510315, 34.3963851929, 45.195941925], [-170.925125122, -146.691192627, 229.703521729, 109.984611511, 55.7061386108, 356.50970459, 81.9576873779, 75.3590240479, 78.5637664795, 8.89073944092, 8.70670700073, 5.8175406456, 12.2770376205], [-111.21849823, -83.4930877686, -6.19531774521, 144.749694824, 13.138007164, 81.9576873779, 320.735229492, 87.4680175781, 41.8589248657, 42.7183303833, 5.77524995804, 15.0815820694, 3.32837319374], [-6.92327022552, -8.85732078552, 29.016462326, -42.4140472412, 42.4806480408, 75.3590240479, 87.4680175781, 248.070297241, 80.0803604126, 24.1985321045, 27.0882339478, 10.6688642502, 31.1554870605], [-73.2424468994, -83.1982421875, 37.7832336426, 97.3930282593, 43.2703590393, 78.5637664795, 41.8589248657, 80.0803604126, 188.993865967, 69.5129470825, 6.51923131943, -10.7193040848, 20.6282806396], [-148.107315063, -22.9111976624, 22.4428939819, -13.9407100677, 72.0024032593, 8.89073944092, 42.7183303833, 24.1985321045, 69.5129470825, 191.622375488, 77.9514694214, 10.5415792465, -15.9090270996], [8.72906780243, 94.7958755493, 27.5271816254, -130.935333252, -28.6071510315, 8.70670700073, 5.77524995804, 27.0882339478, 6.51923131943, 77.9514694214, 175.375686646, 77.6229171753, -16.2830410004], [-136.58480835, 24.4753284454, 71.6607131958, -41.5478591919, 34.3963851929, 5.8175406456, 15.0815820694, 10.6688642502, -10.7193040848, 10.5415792465, 77.6229171753, 155.145706177, 52.6460723877], [-87.1624908447, -5.22739362717, 43.8986625671, 42.3471946716, 45.195941925, 12.2770376205, 3.32837319374, 31.1554870605, 20.6282806396, -15.9090270996, -16.2830410004, 52.6460723877, 140.77571106]], "icov": [[0.000975531351287, -0.0012338164961, 0.00127490551677, -0.00122223596554, 0.0011802050285, -0.000823796028271, 0.000972055306192, -0.000843804446049, 0.000481004622998, -0.000322019361192, 0.00011673886911, -0.000265952199697, 0.000391087902244], [-0.0012338164961, 0.00208058254793, -0.00178315653466, 0.00172763015144, -0.00150016846601, 0.00131846952718, -0.00129019923043, 0.00109020236414, -0.000585421163123, 0.000612178584561, -0.000492383842357, 0.00057757779723, -0.000612426665612], [0.00127490551677, -0.00178315653466, 0.00282895471901, -0.00159155973233, 0.00123492314015, -0.00191731576342, 0.00147435325198, -0.000995400128886, 0.000659284880385, -0.00052507937653, 0.000286750961095, -0.000824850460049, 0.000461619085399], [-0.00122223596554, 0.00172763015144, -0.00159155973233, 0.00316414725967, -0.00214860658161, 0.000883055734448, -0.00207834690809, 0.00202279235236, -0.00153754791245, 0.000958746823017, 0.000365637708455, 0.000658697565086, -0.000804247974884], [0.0011802050285, -0.00150016846601, 0.00123492314015, -0.00214860658161, 0.00391572294757, -0.00104569387622, 0.00176895933691, -0.00182355032302, 0.00115283799823, -0.00201620254666, 0.00134965765756, -0.00133704405744, 0.000391420267988], [-0.000823796028271, 0.00131846952718, -0.00191731576342, 0.000883055734448, -0.00104569387622, 0.00474433787167, -0.00156302307732, 0.000190521095647, -0.00162886304315, 0.0012103683548, -0.000906859175302, 0.000710925727617, -0.000207390054129], [0.000972055306192, -0.00129019923043, 0.00147435325198, -0.00207834690809, 0.00176895933691, -0.00156302307732, 0.0052508409135, -0.00261265318841, 0.00122057693079, -0.00183455029037, 0.000976781710051, -0.00146760465577, 0.00101749028545], [-0.000843804446049, 0.00109020236414, -0.000995400128886, 0.00202279235236, -0.00182355032302, 0.000190521095647, -0.00261265318841, 0.00679275719449, -0.00293133384548, 0.00159345613793, -0.00146718008909, 0.00126612815075, -0.00168635533191], [0.000481004622998, -0.000585421163123, 0.000659284880385, -0.00153754791245, 0.00115283799823, -0.00162886304315, 0.00122057693079, -0.00293133384548, 0.00872604828328, -0.00372390635312, 0.00077841168968, 0.000442953401944, -0.000850280805025], [-0.000322019361192, 0.000612178584561, -0.00052507937653, 0.000958746823017, -0.00201620254666, 0.0012103683548, -0.00183455029037, 0.00159345613793, -0.00372390635312, 0.00939409062266, -0.00508861150593, 0.00219634291716, 0.000128498519189], [0.00011673886911, -0.000492383842357, 0.000286750961095, 0.000365637708455, 0.00134965765756, -0.000906859175302, 0.000976781710051, -0.00146718008909, 0.00077841168968, -0.00508861150593, 0.0122134452686, -0.00687530450523, 0.00309670902789], [-0.000265952199697, 0.00057757779723, -0.000824850460049, 0.000658697565086, -0.00133704405744, 0.000710925727617, -0.00146760465577, 0.00126612815075, 0.000442953401944, 0.00219634291716, -0.00687530450523, 0.0120481112972, -0.0050799921155], [0.000391087902244, -0.000612426665612, 0.000461619085399, -0.000804247974884, 0.000391420267988, -0.000207390054129, 0.00101749028545, -0.00168635533191, -0.000850280805025, 0.000128498519189, 0.00309670902789, -0.0050799921155, 0.0100595317781]], "mean": [-819.429504395, 208.953994751, 4.03010177612, 22.1079158783, 2.64280843735, -1.47598004341, 1.32411301136, -2.73542881012, -3.1316485405, -3.76533699036, -3.19671201706, -5.77839612961, -2.26196718216]}, "pitch_salience": {"dmean": 0.0586033686996, "dmean2": 0.0921401455998, "dvar": 0.00367639772594, "dvar2": 0.00883991178125, "max": 0.989502608776, "mean": 0.465855538845, "median": 0.470893234015, "min": 0.0508843064308, "var": 0.0203739386052}, "silence_rate_20dB": {"dmean": 0, "dmean2": 0, "dvar": 0, "dvar2": 0, "max": 1, "mean": 1, "median": 1, "min": 1, "var": 0}, "silence_rate_30dB": {"dmean": 0.00435308320448, "dmean2": 0.00870721973479, "dvar": 0.00433422811329, "dvar2": 0.0100829815492, "max": 1, "mean": 0.991415798664, "median": 1, "min": 0, "var": 0.00851202849299}, "silence_rate_60dB": {"dmean": 0.0340991541743, "dmean2": 0.0682065561414, "dvar": 0.0329343117774, "dvar2": 0.0698360204697, "max": 1, "mean": 0.215572476387, "median": 0, "min": 0, "var": 0.169106155634}, "spectral_centroid": {"dmean": 89.8752822876, "dmean2": 135.33291626, "dvar": 34701.6992188, "dvar2": 74467.1484375, "max": 11778.4677734, "mean": 713.958862305, "median": 437.790588379, "min": 103.845817566, "var": 1748598.375}, "spectral_complexity": {"dmean": 1.04570734501, "dmean2": 1.71217799187, "dvar": 1.35559129715, "dvar2": 2.86431765556, "max": 36, "mean": 6.23431253433, "median": 6, "min": 0, "var": 11.2997703552}, "spectral_contrast_coeffs": {"dmean": [0.0424734391272, 0.0421458147466, 0.0353814996779, 0.0265951268375, 0.018730128184, 0.0178734268993], "dmean2": [0.0674794018269, 0.0650804638863, 0.0554872788489, 0.0420266911387, 0.0302454791963, 0.0280614662915], "dvar": [0.00137908931356, 0.00138669391163, 0.00100868463051, 0.000507320335601, 0.000237467000261, 0.000280197535176], "dvar2": [0.00326369260438, 0.00314162857831, 0.00218683620915, 0.00118556595407, 0.000583943678066, 0.000684702419676], "max": [-0.220972672105, -0.270113199949, -0.338858544827, -0.481262594461, -0.58852738142, -0.547151327133], "mean": [-0.576773822308, -0.644906938076, -0.721334517002, -0.764210224152, -0.79385048151, -0.777453541756], "median": [-0.57090908289, -0.648798406124, -0.736056685448, -0.770604610443, -0.794813871384, -0.774938464165], "min": [-0.981493711472, -0.984858095646, -0.981422483921, -0.981253564358, -0.982773005962, -0.965187132359], "var": [0.0154774338007, 0.0124130472541, 0.0101388217881, 0.00517901172861, 0.00275669852272, 0.0058440384455]}, "spectral_contrast_valleys": {"dmean": [0.367970257998, 0.333666801453, 0.30496481061, 0.247006163001, 0.196326240897, 0.208443120122], "dmean2": [0.59505289793, 0.522976517677, 0.478835731745, 0.387670248747, 0.289767116308, 0.329248577356], "dvar": [0.118910379708, 0.0960216745734, 0.0794492587447, 0.0557076334953, 0.0465090051293, 0.0554211623967], "dvar2": [0.255115360022, 0.200482815504, 0.164512187243, 0.106005273759, 0.0745648220181, 0.116706229746], "max": [-5.6270737648, -4.95645189285, -4.91513872147, -5.55331277847, -6.45824098587, -9.75876903534], "mean": [-8.55422019958, -8.11889266968, -8.93864822388, -9.71243667603, -10.145234108, -13.643237114], "median": [-8.22719097137, -7.75573968887, -8.64793395996, -9.40851688385, -9.83137702942, -13.560801506], "min": [-28.0729637146, -28.133102417, -27.9101486206, -27.7187232971, -27.5693149567, -27.4023971558], "var": [6.42496013641, 6.74501228333, 6.12241029739, 5.52983188629, 5.43975734711, 3.22731423378]}, "spectral_decrease": {"dmean": 1.47537093653e-09, "dmean2": 2.07496353433e-09, "dvar": 5.24409471379e-18, "dvar2": 1.06663360074e-17, "max": 4.95526713919e-27, "mean": -5.5686038003e-09, "median": -3.48412565465e-09, "min": -5.47961782615e-08, "var": 3.7535735662e-17}, "spectral_energy": {"dmean": 0.00573019124568, "dmean2": 0.00803855061531, "dvar": 7.9177574662e-05, "dvar2": 0.000159660718055, "max": 0.213494643569, "mean": 0.0218025408685, "median": 0.0134468292817, "min": 1.00612764793e-20, "var": 0.000589275441598}, "spectral_energyband_high": {"dmean": 3.41267946169e-06, "dmean2": 5.03197907165e-06, "dvar": 3.31868893477e-10, "dvar2": 6.08428973869e-10, "max": 0.00100759905763, "mean": 8.56019323692e-06, "median": 2.58678869614e-06, "min": 6.98553946522e-21, "var": 1.24475407759e-09}, "spectral_energyband_low": {"dmean": 0.00286779063754, "dmean2": 0.00418073777109, "dvar": 3.74715818907e-05, "dvar2": 8.1303420302e-05, "max": 0.0983813330531, "mean": 0.00708315707743, "median": 0.00277847563848, "min": 8.19346829334e-24, "var": 0.000112410984002}, "spectral_energyband_middle_high": {"dmean": 0.000791841826867, "dmean2": 0.00091086840257, "dvar": 9.13992062124e-06, "dvar2": 1.11641120384e-05, "max": 0.175748452544, "mean": 0.00292191118933, "median": 0.000305458990624, "min": 1.19245022227e-21, "var": 0.000123477730085}, "spectral_energyband_middle_low": {"dmean": 0.00387374055572, "dmean2": 0.00550279440358, "dvar": 4.5958935516e-05, "dvar2": 9.54639544943e-05, "max": 0.212992236018, "mean": 0.0133949331939, "median": 0.00662144972011, "min": 1.64410969365e-22, "var": 0.000295405159704}, "spectral_entropy": {"dmean": 0.168117359281, "dmean2": 0.243247926235, "dvar": 0.0337992161512, "dvar2": 0.0628940090537, "max": 9.82410335541, "mean": 6.11252260208, "median": 6.02691078186, "min": 3.56595182419, "var": 0.652918934822}, "spectral_flux": {"dmean": 0.0189698133618, "dmean2": 0.0302598457783, "dvar": 0.000591324525885, "dvar2": 0.00145556230564, "max": 0.331764429808, "mean": 0.0473045632243, "median": 0.0347395278513, "min": 6.47583028868e-11, "var": 0.00174596987199}, "spectral_kurtosis": {"dmean": 11.5931529999, "dmean2": 19.6424007416, "dvar": 174.435684204, "dvar2": 482.499755859, "max": 198.001556396, "mean": 32.8966026306, "median": 22.130443573, "min": -1.25710391998, "var": 1011.02728271}, "spectral_rms": {"dmean": 0.000566914444789, "dmean2": 0.000775026099291, "dvar": 5.206271112e-07, "dvar2": 9.64446485341e-07, "max": 0.0144321676344, "mean": 0.00390952127054, "median": 0.00362199638039, "min": 3.13303051037e-12, "var": 5.98634460403e-06}, "spectral_rolloff": {"dmean": 126.062644958, "dmean2": 217.582717896, "dvar": 164728.859375, "dvar2": 360634.34375, "max": 19595.2148438, "mean": 851.038879395, "median": 430.6640625, "min": 86.1328125, "var": 5198280}, "spectral_skewness": {"dmean": 0.755178034306, "dmean2": 1.27351653576, "dvar": 0.528061389923, "dvar2": 1.45891273022, "max": 11.6617336273, "mean": 3.7454624176, "median": 3.387481