{"lowlevel": {"average_loudness": 0.768280625343, "barkbands": {"dmean": [3.68785799765e-06, 0.000227204509429, 0.000136563685373, 7.98595356173e-05, 0.000209278179682, 0.000192224557395, 0.000170325030922, 0.0005214830162, 0.000355311378371, 0.000368528562831, 0.00041405466618, 0.00164228421636, 0.00164777564351, 0.00105794810224, 0.000690924702212, 0.000248041003942, 0.000259566790191, 0.00017527503951, 0.000119246331451, 0.000302186643239, 0.000385395163903, 0.000204861411476, 7.22387921996e-05, 4.41896627308e-05, 6.81796700519e-06, 6.87164629198e-07, 1.36532118944e-08], "dmean2": [5.95790152147e-06, 0.00038116046926, 0.000200680282433, 0.000134033063659, 0.000339610152878, 0.000303926091874, 0.00026737418375, 0.000824792659841, 0.000558683124837, 0.000562682165764, 0.000633891264442, 0.00253611127846, 0.00250378181227, 0.00165373517666, 0.00111192034092, 0.000390752276871, 0.00040926496149, 0.000276497419691, 0.000177185094799, 0.000459981849417, 0.000582870154176, 0.000301654741634, 0.000106255829451, 6.68038628646e-05, 1.0397204278e-05, 1.07355981527e-06, 2.37922428425e-08], "dvar": [1.1752172846e-10, 2.78816003174e-07, 1.14239405491e-07, 7.32120781777e-08, 1.66718365335e-07, 1.54817371367e-07, 1.89381978544e-07, 1.5719978137e-06, 7.08457832843e-07, 9.85846327239e-07, 1.87640830518e-06, 1.15111424748e-05, 1.36918379212e-05, 4.34390858572e-06, 2.07526932172e-06, 3.64399625141e-07, 2.4259261977e-07, 1.08640158203e-07, 5.51351106992e-08, 6.4096366259e-07, 7.8695427419e-07, 1.64941056369e-07, 2.39277344605e-08, 1.56791557515e-08, 9.5734897787e-10, 3.88059376299e-12, 1.9368655595e-15], "dvar2": [2.65511446162e-10, 7.57208624691e-07, 2.12989533566e-07, 1.8214659292e-07, 4.30820364272e-07, 3.67773566268e-07, 4.55701581359e-07, 4.21488584834e-06, 1.64770312949e-06, 2.10654752664e-06, 4.21350114266e-06, 2.80755321e-05, 2.99174935208e-05, 1.03196280179e-05, 5.21786523677e-06, 8.35342063965e-07, 5.71741168187e-07, 2.59723577756e-07, 1.15317973837e-07, 1.31604269882e-06, 1.84022110261e-06, 3.68027713193e-07, 5.09478184085e-08, 3.50765887447e-08, 2.16827666932e-09, 8.94775312871e-12, 5.06285695672e-15], "max": [0.000374435621779, 0.00977240409702, 0.00663767568767, 0.00304657919332, 0.00821041129529, 0.00711882999167, 0.0111740771681, 0.0222880020738, 0.0155264530331, 0.0222985036671, 0.0463725402951, 0.072536945343, 0.0611880943179, 0.0349929705262, 0.021523239091, 0.0157341659069, 0.0106494817883, 0.00893507432193, 0.00841373484582, 0.0392866022885, 0.022159839049, 0.0117772277445, 0.00451823091134, 0.00451218895614, 0.00166962982621, 4.25971120421e-05, 9.76569140221e-07], "mean": [4.25237931267e-06, 0.000347015477018, 0.000202791663469, 6.61692320136e-05, 0.000336720957421, 0.000322921172483, 0.0002795176988, 0.00089036358986, 0.000623270694632, 0.000676229246892, 0.000754153938033, 0.0031379989814, 0.00278702750802, 0.00156119756866, 0.00102447532117, 0.000390618486563, 0.000464521872345, 0.000323265005136, 0.000219811714487, 0.00051835749764, 0.000641898193862, 0.000419030577177, 0.000138610324939, 6.82281461195e-05, 9.19653120945e-06, 8.45533634219e-07, 1.21061161096e-08], "median": [7.54233724365e-07, 6.62625243422e-05, 3.27267989633e-05, 6.70114104651e-06, 0.000163760530995, 0.000123812846141, 4.60992523585e-05, 0.000184919132153, 0.000116441660793, 0.000115909788292, 8.04550145403e-05, 0.000555377511773, 0.000480312621221, 0.000377496005967, 0.000218898669118, 0.000103567843325, 0.000181237992365, 0.000156929629156, 0.00010428877431, 0.000197498942725, 0.000262835645117, 0.000194247739273, 6.52718445053e-05, 2.17076740228e-05, 2.30200225815e-06, 1.99119142508e-07, 3.7056775426e-09], "min": [3.51379576651e-25, 1.2154086463e-24, 2.38174979916e-25, 1.36508869217e-24, 1.03837579516e-23, 9.82689788318e-24, 6.57412854812e-24, 4.5709133092e-24, 2.22059469659e-23, 1.24834508792e-23, 2.45374237936e-23, 2.52906187196e-23, 3.38556854643e-23, 3.6320405632e-23, 4.39712330748e-23, 6.21202529986e-23, 7.17241359596e-23, 8.21329978318e-23, 1.05939084457e-22, 1.67441798207e-22, 2.3120417562e-22, 3.29817948199e-22, 4.00942505694e-22, 6.42890638677e-22, 9.36873122441e-22, 1.19365474345e-21, 1.94011254486e-21], "var": [1.58682081364e-10, 3.98487145503e-07, 3.05312539695e-07, 6.12301889191e-08, 2.77870356058e-07, 3.15320932032e-07, 4.56650354863e-07, 3.23965105054e-06, 1.87227010429e-06, 2.62510798166e-06, 5.65065738556e-06, 3.26620538544e-05, 3.84668637707e-05, 8.2841834228e-06, 4.03603007726e-06, 7.59500153436e-07, 6.05681975685e-07, 2.56603641446e-07, 1.29686640093e-07, 1.1418012491e-06, 1.25417102481e-06, 3.6865213815e-07, 4.96834395847e-08, 2.63692427893e-08, 1.06703812452e-09, 4.95117228466e-12, 1.55194424799e-15]}, "barkbands_crest": {"dmean": 2.60086107254, "dmean2": 4.14061164856, "dvar": 5.41003513336, "dvar2": 12.7857341766, "max": 25.3427581787, "mean": 10.0365619659, "median": 9.07705402374, "min": 2.47385811806, "var": 19.5951652527}, "barkbands_flatness_db": {"dmean": 0.0192449335009, "dmean2": 0.0289145652205, "dvar": 0.000280470965663, "dvar2": 0.000600566330831, "max": 0.341311782598, "mean": 0.155929431319, "median": 0.150747105479, "min": 0.0505889542401, "var": 0.00196167477407}, "barkbands_kurtosis": {"dmean": 1.46453738213, "dmean2": 2.30098462105, "dvar": 7.20946502686, "dvar2": 16.3698539734, "max": 78.8221740723, "mean": 1.72041487694, "median": 0.491075634956, "min": -1.84311640263, "var": 18.1615428925}, "barkbands_skewness": {"dmean": 0.401755422354, "dmean2": 0.598300039768, "dvar": 0.182401940227, "dvar2": 0.387489527464, "max": 8.01155471802, "mean": 0.292591869831, "median": 0.194836854935, "min": -5.49820804596, "var": 0.995924651623}, "barkbands_spread": {"dmean": 4.8573346138, "dmean2": 7.49065876007, "dvar": 30.9870948792, "dvar2": 75.2710418701, "max": 126.862442017, "mean": 19.2636222839, "median": 17.5463428497, "min": 1.72462153435, "var": 106.821014404}, "dissonance": {"dmean": 0.0225424841046, "dmean2": 0.0380199514329, "dvar": 0.000611107156146, "dvar2": 0.00168182549533, "max": 0.499989032745, "mean": 0.461094379425, "median": 0.472587764263, "min": 0.231440797448, "var": 0.00125772168394}, "dynamic_complexity": 5.14159154892, "erbbands": {"dmean": [0.00480786710978, 0.0588414780796, 0.166243433952, 0.163502901793, 0.412663668394, 0.651556670666, 1.85142946243, 1.41278815269, 1.13252305984, 5.04146432877, 13.2618770599, 7.63322401047, 8.76488399506, 13.9144802094, 22.4580307007, 73.8215866089, 62.1192817688, 60.2104454041, 49.4774665833, 17.5890865326, 11.5434150696, 12.7029151917, 10.6384496689, 4.85634422302, 7.80537986755, 12.8855161667, 16.7352275848, 13.3942680359, 8.30419254303, 3.35366344452, 1.87327945232, 1.3258036375, 0.498661369085, 0.119627662003, 0.0319524630904, 0.0055895280093, 0.000945394102018, 0.00011488214659, 6.48321884e-06, 6.90274646331e-06], "dmean2": [0.00793843436986, 0.0980766639113, 0.251389235258, 0.256978392601, 0.704454183578, 1.05587458611, 2.86005187035, 2.29960465431, 1.72395801544, 7.85050821304, 20.9570026398, 11.8378887177, 13.3944282532, 20.9786930084, 33.0244979858, 113.568977356, 92.1043777466, 92.4486541748, 77.5739059448, 27.4373188019, 17.5237407684, 19.701215744, 16.4994659424, 7.26548480988, 11.531671524, 19.2288341522, 25.1461105347, 20.2543182373, 12.2495260239, 4.84198093414, 2.75678658485, 2.01317501068, 0.765658140182, 0.182276174426, 0.0494117029011, 0.00866813957691, 0.0015040426515, 0.000185214288649, 9.42657334235e-06, 9.84469897958e-06], "dvar": [0.000126883591292, 0.0186790749431, 0.15481890738, 0.192622229457, 1.8225812912, 1.36498963833, 12.8505353928, 12.4691972733, 8.38411808014, 121.711380005, 1085.7487793, 362.031433105, 464.733093262, 1341.54748535, 3128.32910156, 23419.5214844, 20174.3632813, 14892.3740234, 9198.33105469, 1619.61022949, 741.425109863, 567.525024414, 384.938568115, 70.5427322388, 237.590026855, 815.770263672, 1775.33935547, 1032.49816895, 278.697814941, 37.0907821655, 19.3274803162, 14.5764579773, 2.0676009655, 0.291261941195, 0.0134743945673, 0.000262371846475, 8.01901205705e-06, 1.30954148858e-07, 1.60842963948e-10, 8.26141585697e-11], "dvar2": [0.000340535159921, 0.0505106709898, 0.315080046654, 0.455492466688, 4.94897413254, 3.46029210091, 29.8428211212, 30.1044826508, 16.2744293213, 293.455688477, 2932.54858398, 809.943725586, 1061.71459961, 2971.41918945, 6614.15527344, 57067.0117188, 43930.2734375, 34461.7539063, 22842.6914063, 3810.47485352, 1548.22277832, 1291.50976563, 887.550964355, 162.091644287, 484.853118896, 1715.86999512, 3831.84350586, 2463.46777344, 623.41796875, 79.3763580322, 40.3315925598, 32.4491996765, 4.88941383362, 0.673909664154, 0.0301687028259, 0.000581608037464, 1.95226693904e-05, 3.23603387642e-07, 3.60984186987e-10, 1.73575626095e-10], "max": [0.181228384376, 2.61333322525, 7.68703603745, 6.11019325256, 16.1661300659, 22.6051445007, 82.3495178223, 68.224609375, 126.430198669, 274.203063965, 590.899597168, 376.515777588, 393.340789795, 777.733459473, 2014.13085938, 3246.73168945, 2284.46728516, 2163.67944336, 1499.8581543, 1009.78839111, 1055.09143066, 736.844543457, 527.836669922, 122.04737854, 593.329711914, 1204.01843262, 1412.30322266, 1094.53649902, 466.724212646, 121.518829346, 113.379882813, 137.433670044, 50.3805961609, 29.0794334412, 4.8561501503, 0.34656482935, 0.0523767061532, 0.00756632629782, 0.000211301812669, 0.000135444483021], "mean": [0.00667709577829, 0.09050822258, 0.256640315056, 0.18679971993, 0.403490096331, 1.05353677273, 3.27538156509, 2.15861058235, 1.9893951416, 8.57452869415, 23.2543029785, 14.386179924, 17.1424922943, 26.6116409302, 47.91431427, 143.389450073, 112.016616821, 105.801956177, 80.6558761597, 29.3288326263, 20.6447372437, 24.4811954498, 21.702047348, 10.1466617584, 15.5220775604, 23.0000114441, 27.9208698273, 23.5880126953, 16.9279193878, 7.21985769272, 3.47995972633, 2.04911875725, 0.771388173103, 0.174263268709, 0.0404669009149, 0.00695468438789, 0.00121524138376, 0.000149635030539, 1.69422473846e-05, 2.27676191571e-05], "median": [0.00103168212809, 0.018172217533, 0.0596325211227, 0.035888183862, 0.106044262648, 0.554219841957, 1.2324410677, 0.753480911255, 0.69194239378, 2.20873975754, 5.28121328354, 4.2332777977, 4.36437225342, 7.23635005951, 12.5626535416, 27.7271404266, 28.3070697784, 31.6660308838, 20.5818347931, 9.04349422455, 6.22042751312, 10.4985246658, 11.5804357529, 5.73461341858, 7.83074474335, 8.90573596954, 9.38275718689, 10.8100614548, 7.60728883743, 3.71699953079, 1.59497201443, 0.657043933868, 0.246071219444, 0.0514191240072, 0.00820783153176, 0.00137010810431, 0.000374566821847, 5.89612318436e-05, 1.29815070977e-05, 1.86952311196e-05], "min": [1.08239756267e-22, 1.71418528071e-22, 8.27457988669e-22, 4.74445919319e-21, 7.90349668765e-21, 3.01839530302e-20, 3.51637774194e-20, 7.04294402258e-20, 1.53127920565e-19, 2.68995878179e-19, 2.38296543159e-19, 5.21135314738e-19, 6.5717979723e-19, 5.09827755765e-19, 1.14142187437e-18, 1.03486591543e-18, 1.56140328825e-18, 1.78460556884e-18, 2.18897467244e-18, 2.60475411221e-18, 4.21161904014e-18, 4.66486603934e-18, 5.23801204115e-18, 5.73656082737e-18, 6.39344894004e-18, 7.98459247324e-18, 1.00862400341e-17, 1.06557001191e-17, 1.09334681959e-17, 1.10720441096e-17, 1.04685240357e-17, 1.16430865911e-17, 9.88525417036e-18, 9.3773462491e-18, 6.51408661493e-18, 4.37260865326e-18, 2.28072968189e-18, 8.86936553594e-19, 2.60127674831e-19, 2.71014628619e-20], "var": [0.000179865237442, 0.0264048278332, 0.374316871166, 0.219082549214, 1.40763914585, 2.51530408859, 29.1995506287, 23.2352428436, 23.7921924591, 275.259155273, 2259.2668457, 952.661315918, 1442.98291016, 3466.68603516, 10859.8320313, 66278.921875, 57599.484375, 37720.0507813, 19892.8222656, 3251.50610352, 1926.95837402, 1556.20117188, 1055.76782227, 170.695739746, 669.340515137, 1734.76782227, 3206.14868164, 1598.19445801, 620.958068848, 95.7604522705, 38.144241333, 24.4348907471, 3.04489135742, 0.324212193489, 0.0162058640271, 0.000360838719644, 9.13164967642e-06, 1.33215337428e-07, 3.40069306048e-10, 4.27384183599e-10]}, "erbbands_crest": {"dmean": 3.33942580223, "dmean2": 5.33144712448, "dvar": 9.13688278198, "dvar2": 22.585401535, "max": 32.9037246704, "mean": 12.4342031479, "median": 11.3362531662, "min": 2.69227528572, "var": 31.7283496857}, "erbbands_flatness_db": {"dmean": 0.0183358006179, "dmean2": 0.0272015240043, "dvar": 0.000267630763119, "dvar2": 0.000564441434108, "max": 0.398284703493, "mean": 0.230179056525, "median": 0.228384196758, "min": 0.0497210249305, "var": 0.0018539550947}, "erbbands_kurtosis": {"dmean": 1.51856219769, "dmean2": 2.34426116943, "dvar": 4.76808786392, "dvar2": 10.1441030502, "max": 58.170124054, "mean": 1.94498455524, "median": 0.895787656307, "min": -1.7721991539, "var": 13.5329856873}, "erbbands_skewness": {"dmean": 0.382410347462, "dmean2": 0.57245516777, "dvar": 0.149345472455, "dvar2": 0.302947282791, "max": 4.13603162766, "mean": 0.490199893713, "median": 0.455608814955, "min": -5.21572685242, "var": 0.919253349304}, "erbbands_spread": {"dmean": 5.39398097992, "dmean2": 8.31221580505, "dvar": 31.9877033234, "dvar2": 73.6002960205, "max": 98.6755599976, "mean": 22.1691913605, "median": 20.6270999908, "min": 2.12409567833, "var": 118.2137146}, "gfcc": {"cov": [[26271.0957031, 247.823348999, -4272.92285156, 1212.78820801, -1236.6541748, 753.717407227, -250.444824219, -88.0084381104, 188.143630981, -97.3988418579, -12.4144458771, -394.054260254, -28.6833496094], [247.823348999, 1034.11462402, 205.841339111, -136.029769897, 129.913986206, -61.6749916077, 37.6076507568, 23.0539875031, 16.4635868073, -2.02771449089, 24.405790329, 34.6457443237, -44.4912223816], [-4272.92285156, 205.841339111, 1303.91003418, -56.705619812, 243.035095215, -115.277168274, -52.2945594788, 25.7138156891, -104.267280579, 46.5938262939, -33.6077957153, 134.598754883, 19.1027755737], [1212.78820801, -136.029769897, -56.705619812, 443.032104492, 38.1720046997, 25.6391830444, -108.656433105, 13.7123394012, 41.9821662903, 24.6735649109, -19.7605895996, -39.9890937805, 37.5802726746], [-1236.6541748, 129.913986206, 243.035095215, 38.1720046997, 386.88684082, 49.5789031982, 11.7636413574, 93.831199646, 87.7195129395, 52.0250968933, -38.4262237549, -31.3042526245, -4.68433237076], [753.717407227, -61.6749916077, -115.277168274, 25.6391830444, 49.5789031982, 276.567962646, 132.303146362, 52.7441978455, 48.0390434265, 14.6062507629, 1.57744371891, -46.7299957275, -6.21942472458], [-250.444824219, 37.6076507568, -52.2945594788, -108.656433105, 11.7636413574, 132.303146362, 348.303497314, 91.3900299072, 29.0877819061, -30.9138507843, 57.3731498718, -5.13833189011, -24.9419574738], [-88.0084381104, 23.0539875031, 25.7138156891, 13.7123394012, 93.831199646, 52.7441978455, 91.3900299072, 237.803909302, 101.647422791, 14.2059392929, -13.6900892258, -37.681930542, -11.107252121], [188.143630981, 16.4635868073, -104.267280579, 41.9821662903, 87.7195129395, 48.0390434265, 29.0877819061, 101.647422791, 234.287078857, 47.2504081726, -0.277098149061, -67.4733428955, -3.376288414], [-97.3988418579, -2.02771449089, 46.5938262939, 24.6735649109, 52.0250968933, 14.6062507629, -30.9138507843, 14.2059392929, 47.2504081726, 112.982505798, 6.11063241959, -6.37471437454, 3.89679646492], [-12.4144458771, 24.405790329, -33.6077957153, -19.7605895996, -38.4262237549, 1.57744371891, 57.3731498718, -13.6900892258, -0.277098149061, 6.11063241959, 128.442550659, 38.1403961182, 3.15151262283], [-394.054260254, 34.6457443237, 134.598754883, -39.9890937805, -31.3042526245, -46.7299957275, -5.13833189011, -37.681930542, -67.4733428955, -6.37471437454, 38.1403961182, 132.141403198, 38.7353782654], [-28.6833496094, -44.4912223816, 19.1027755737, 37.5802726746, -4.68433237076, -6.21942472458, -24.9419574738, -11.107252121, -3.376288414, 3.89679646492, 3.15151262283, 38.7353782654, 97.839263916]], "icov": [[0.000212851577089, -0.000361818994861, 0.000635359960143, -0.000573321129195, 0.000567950541154, -0.000621653278358, 0.000320095801726, -0.000211326187127, 0.000157377638971, -0.000127081002574, 0.000262019544607, -0.00026891627931, 0.000147834667587], [-0.000361818994861, 0.00174444518052, -0.00114678009413, 0.00124564103317, -0.00139759166632, 0.00132768112235, -0.000586578040384, 0.000397130061174, -0.00045290889102, 0.000405667844461, -0.00067302887328, 0.000137782655656, 0.000281019660179], [0.000635359960143, -0.00114678009413, 0.00306765269488, -0.00166488077957, 0.000864514440764, -0.00145104713738, 0.000924455875065, -0.000896974408533, 0.00110343762208, -0.000877393351402, 0.00120648089796, -0.00196441961452, 0.00060020131059], [-0.000573321129195, 0.00124564103317, -0.00166488077957, 0.00439846655354, -0.00180062220898, 0.00117443106137, 0.000319575658068, 0.000228014076129, -0.0005064799916, 0.000407760235248, -0.00118084612768, 0.0015980291646, -0.00149859231897], [0.000567950541154, -0.00139759166632, 0.000864514440764, -0.00180062220898, 0.0055152005516, -0.00235381815583, 0.000869839393999, -0.00122428545728, -0.000584159744903, -0.00119181617629, 0.00149963400327, -7.08058651071e-05, 0.000258021638729], [-0.000621653278358, 0.00132768112235, -0.00145104713738, 0.00117443106137, -0.00235381815583, 0.00713077420369, -0.00330623961054, 0.000749140512198, -0.00028528276016, -0.000743243435863, -0.000230043122428, 0.00181630707812, -0.000855429389048], [0.000320095801726, -0.000586578040384, 0.000924455875065, 0.000319575658068, 0.000869839393999, -0.00330623961054, 0.00567151326686, -0.00208405544981, 0.00021496109548, 0.00161231891252, -0.00195232382976, -0.000554025755264, 0.000789996993262], [-0.000211326187127, 0.000397130061174, -0.000896974408533, 0.000228014076129, -0.00122428545728, 0.000749140512198, -0.00208405544981, 0.00644312752411, -0.00243023270741, 0.00023139451514, 0.000779498077463, 0.000501789851114, 7.85158481449e-05], [0.000157377638971, -0.00045290889102, 0.00110343762208, -0.0005064799916, -0.000584159744903, -0.00028528276016, 0.00021496109548, -0.00243023270741, 0.00724484864622, -0.00235335016623, -0.000809062912595, 0.00252178078517, -0.00107650947757], [-0.000127081002574, 0.000405667844461, -0.000877393351402, 0.000407760235248, -0.00119181617629, -0.000743243435863, 0.00161231891252, 0.00023139451514, -0.00235335016623, 0.0111580723897, -0.00182629190385, -3.30274015141e-05, 4.11713881476e-05], [0.000262019544607, -0.00067302887328, 0.00120648089796, -0.00118084612768, 0.00149963400327, -0.000230043122428, -0.00195232382976, 0.000779498077463, -0.000809062912595, -0.00182629190385, 0.0107569433749, -0.00409447029233, 0.000956096104346], [-0.00026891627931, 0.000137782655656, -0.00196441961452, 0.0015980291646, -7.08058651071e-05, 0.00181630707812, -0.000554025755264, 0.000501789851114, 0.00252178078517, -3.30274015141e-05, -0.00409447029233, 0.0140604218468, -0.00556505704299], [0.000147834667587, 0.000281019660179, 0.00060020131059, -0.00149859231897, 0.000258021638729, -0.000855429389048, 0.000789996993262, 7.85158481449e-05, -0.00107650947757, 4.11713881476e-05, 0.000956096104346, -0.00556505704299, 0.0131523497403]], "mean": [-76.1626739502, 72.8128128052, -178.843185425, 33.8447761536, -73.7951812744, 24.0692958832, -22.883556366, -12.4599933624, -16.0870380402, 2.85842204094, -3.8810505867, -3.77890086174, -6.006919384]}, "hfc": {"dmean": 9.00274276733, "dmean2": 12.8252105713, "dvar": 165.414276123, "dvar2": 345.758880615, "max": 235.274688721, "mean": 27.3872680664, "median": 21.7896442413, "min": 1.04746939759e-16, "var": 693.609313965}, "melbands": {"dmean": [5.40612782061e-05, 8.22483707452e-05, 3.74554801965e-05, 3.46593587892e-05, 5.71322525502e-05, 3.1559044146e-05, 2.20320616791e-05, 6.37026532786e-05, 0.000102076228359, 4.84825322928e-05, 4.67556747026e-05, 5.82628126722e-05, 6.38778292341e-05, 0.000190176768228, 0.000137645285577, 0.000176095825736, 0.000108744607132, 9.10105300136e-05, 3.40933620464e-05, 2.02832543437e-05, 1.41495638672e-05, 1.33656194521e-05, 1.48344024637e-05, 8.42952522362e-06, 3.84656277674e-06, 4.99369434692e-06, 7.82208553574e-06, 9.63500315265e-06, 1.15801913125e-05, 9.99938310997e-06, 7.64167089073e-06, 5.52193432668e-06, 2.95951485896e-06, 1.65116523476e-06, 1.16408477879e-06, 1.01270450159e-06, 7.65049719575e-07, 4.09995550399e-07, 1.89793283312e-07, 7.95116648078e-08], "dmean2": [9.04734552023e-05, 0.000128348750877, 5.93214354012e-05, 5.87754439039e-05, 8.85649060365e-05, 5.08409539179e-05, 3.40043770848e-05, 9.98560572043e-05, 0.000162003241712, 7.58520764066e-05, 7.12294640834e-05, 8.78196151461e-05, 9.55637806328e-05, 0.000290949450573, 0.000212847429793, 0.000266437127721, 0.000167943362612, 0.000143062774441, 5.4160507716e-05, 3.1934298022e-05, 2.16802691284e-05, 2.10030411836e-05, 2.35031384364e-05, 1.31638098537e-05, 5.89824139752e-06, 7.53728363634e-06, 1.18194957395e-05, 1.4603397176e-05, 1.77269903361e-05, 1.53537421284e-05, 1.1677015209e-05, 8.28905194794e-06, 4.36471827925e-06, 2.44837269747e-06, 1.74291972144e-06, 1.56330440859e-06, 1.17431943636e-06, 6.43655369004e-07, 2.9384057143e-07, 1.23597601487e-07], "dvar": [1.57479931318e-08, 3.35069287871e-08, 1.16209868395e-08, 6.7538197257e-09, 1.18817959915e-08, 5.54573142963e-09, 2.79064482633e-09, 1.62210973542e-08, 6.33281942441e-08, 1.43622234106e-08, 1.31169741735e-08, 2.44009115136e-08, 3.98933330814e-08, 1.65237821648e-07, 8.56762554236e-08, 1.67928774886e-07, 5.03573573951e-08, 3.16313126802e-08, 5.4662301352e-09, 2.55172327712e-09, 1.1378847864e-09, 7.14041770156e-10, 8.24436185987e-10, 2.30152688574e-10, 5.18087933665e-11, 9.43543645993e-11, 2.55201193511e-10, 5.84599924025e-10, 1.26167398751e-09, 4.95598451167e-10, 3.55635604299e-10, 1.33425132054e-10, 2.8650869871e-11, 9.72345901712e-12, 7.55659250451e-12, 7.55084883508e-12, 5.02932678142e-12, 1.27288565972e-12, 5.98233322689e-13, 1.36281096e-13], "dvar2": [4.31594280315e-08, 7.63590719544e-08, 2.81546981284e-08, 1.89429272268e-08, 2.72974425286e-08, 1.32150024257e-08, 5.90451021409e-09, 3.97323276502e-08, 1.69455958599e-07, 3.33526486429e-08, 2.94825035496e-08, 5.33052677554e-08, 9.02561652083e-08, 3.96351509835e-07, 1.89180155985e-07, 3.7235551531e-07, 1.1792746335e-07, 7.74960895455e-08, 1.34359821047e-08, 6.01809713174e-09, 2.41481923346e-09, 1.69089497959e-09, 1.96621119386e-09, 5.47233758308e-10, 1.22929444402e-10, 1.95422261706e-10, 5.48720791027e-10, 1.25769894499e-09, 2.58823540378e-09, 1.17623177864e-09, 8.6528889609e-10, 3.03489455789e-10, 6.06401109882e-11, 2.17952635106e-11, 1.595857127e-11, 1.6968657382e-11, 1.1364820543e-11, 3.09006075935e-12, 1.45157757342e-12, 3.13124038417e-13], "max": [0.00210788473487, 0.00364461843856, 0.00128869607579, 0.00102215993684, 0.00258465344086, 0.00136711180676, 0.00189702527132, 0.00250095920637, 0.00460027065128, 0.00205669831485, 0.00212455657311, 0.00332936411723, 0.00757792545483, 0.00985331181437, 0.00580525305122, 0.00806481856853, 0.00428740587085, 0.00271232030354, 0.00134906044696, 0.000987455714494, 0.00122706510592, 0.000746910693124, 0.000605067121796, 0.000348305766238, 0.000114826725621, 0.000371015834389, 0.000555271864869, 0.00117127329577, 0.00144277175423, 0.000513092149049, 0.000658088945784, 0.000334980228217, 9.41262769629e-05, 8.03870134405e-05, 7.88054676377e-05, 8.51656368468e-05, 7.3610470281e-05, 3.18621423503e-05, 4.01255128963e-05, 1.95471075131e-05], "mean": [8.06380921858e-05, 0.000132348228362, 4.09184467571e-05, 4.4378117309e-05, 0.000103504542494, 4.98067238368e-05, 3.77963624487e-05, 0.000110131804831, 0.000180045724846, 8.70926887728e-05, 8.70377843967e-05, 0.000106298415631, 0.000118884381664, 0.000376494746888, 0.0002477481612, 0.000287340750219, 0.000174698347109, 0.000139708965435, 5.06454416609e-05, 3.04578643409e-05, 2.27843356697e-05, 2.36713713093e-05, 2.62913472397e-05, 1.58643761097e-05, 6.73493741488e-06, 9.04419539438e-06, 1.3980001313e-05, 1.56825681188e-05, 1.81232917384e-05, 1.58339862537e-05, 1.29829040816e-05, 1.06459656308e-05, 5.90992249272e-06, 3.30211378241e-06, 2.07148696063e-06, 1.56553130637e-06, 1.10569760636e-06, 5.99494796916e-07, 2.73318278232e-07, 1.00035144612e-07], "median": [1.39972698889e-05, 3.4256503568e-05, 7.41658823245e-06, 1.98771012947e-05, 4.26010265073e-05, 1.75881559699e-05, 1.01297264337e-05, 2.96178204735e-05, 3.73770380975e-05, 1.71564297489e-05, 1.87770710909e-05, 2.41729612753e-05, 1.88932954188e-05, 5.93736185692e-05, 5.19196255482e-05, 5.67274546484e-05, 4.37596318079e-05, 2.80002805084e-05, 1.26459299281e-05, 7.94705374574e-06, 6.20069567958e-06, 8.75023943081e-06, 1.16430483104e-05, 7.3368255471e-06, 3.13771420224e-06, 4.07710695072e-06, 5.84884674026e-06, 4.8249644351e-06, 4.75904971609e-06, 6.25476923233e-06, 5.69303028897e-06, 4.3631907829e-06, 2.60814499597e-06, 1.59640285347e-06, 8.68815902777e-07, 4.88399166443e-07, 3.0511810678e-07, 1.78505104032e-07, 7.61121441428e-08, 2.21022151692e-08], "min": [1.0939850064e-24, 7.33855310629e-25, 8.18020113203e-25, 1.30535081962e-24, 1.6218263334e-24, 1.88585107724e-24, 2.13476745841e-24, 2.92451938202e-24, 1.83024999127e-24, 3.33807872551e-24, 2.80036016972e-24, 1.80813624794e-24, 3.56512354365e-24, 2.29235031284e-24, 2.86787463308e-24, 2.98824573531e-24, 2.89074666895e-24, 2.73784471792e-24, 3.37519936426e-24, 2.2483924194e-24, 3.85368097417e-24, 4.12559028415e-24, 4.53142727102e-24, 3.35594603058e-24, 4.09819787808e-24, 3.50983583268e-24, 4.10600641775e-24, 5.03271445527e-24, 5.76299415524e-24, 4.30767358057e-24, 5.74490241924e-24, 5.62005453136e-24, 6.35813488239e-24, 4.93814659881e-24, 5.32599242945e-24, 4.84454194152e-24, 6.14468371537e-24, 5.85883247218e-24, 6.07998686595e-24, 7.25365569846e-24], "var": [2.27369465478e-08, 6.82600500568e-08, 1.1783616749e-08, 6.42082831348e-09, 2.78059211212e-08, 1.09018856165e-08, 7.61621876677e-09, 3.61613849975e-08, 1.3722683434e-07, 3.58730005701e-08, 3.79761821989e-08, 6.19732318796e-08, 1.1886527318e-07, 5.02264015267e-07, 2.46480965416e-07, 4.16368123979e-07, 1.12974689159e-07, 6.50874412145e-08, 9.68102220611e-09, 4.70869254698e-09, 2.61045740579e-09, 1.68434588499e-09, 1.85600124158e-09, 5.91306392739e-10, 9.80443087828e-11, 2.30146082747e-10, 6.33393115734e-10, 1.08442332891e-09, 2.1933872496e-09, 7.67167274152e-10, 5.22187348917e-10, 2.76603517868e-10, 7.53908532825e-11, 2.24766594226e-11, 1.41403746351e-11, 1.26079207838e-11, 8.14887220202e-12, 1.81272737706e-12, 6.72117201304e-13, 1.43888563174e-13]}, "melbands_crest": {"dmean": 3.25740885735, "dmean2": 5.21441459656, "dvar": 8.62237930298, "dvar2": 20.7737884521, "max": 35.8627243042, "mean": 12.3891096115, "median": 11.4085960388, "min": 1.45886111259, "var": 29.7713985443}, "melbands_flatness_db": {"dmean": 0.0197329502553, "dmean2": 0.0288445837796, "dvar": 0.000362948514521, "dvar2": 0.000701037351973, "max": 0.423843085766, "mean": 0.146824494004, "median": 0.140403926373, "min": 0.00266107032076, "var": 0.00338420458138}, "melbands_kurtosis": {"dmean": 2.10499930382, "dmean2": 3.30326557159, "dvar": 24.3458442688, "dvar2": 57.2244796753, "max": 205.031585693, "mean": 3.23665523529, "median": 1.29548704624, "min": -1.89982223511, "var": 61.6831130981}, "melbands_skewness": {"dmean": 0.465542435646, "dmean2": 0.704285562038, "dvar": 0.238423109055, "dvar2": 0.528826296329, "max": 11.6420116425, "mean": 0.777816832066, "median": 0.560775756836, "min": -2.43965482712, "var": 1.2095515728}, "melbands_spread": {"dmean": 9.57376670837, "dmean2": 14.4973077774, "dvar": 166.168609619, "dvar2": 352.683807373, "max": 233.21055603, "mean": 38.5219268799, "median": 33.1853713989, "min": 1.50330066681, "var": 729.544616699}, "mfcc": {"cov": [[13620.3095703, -948.407470703, -1619.22900391, 115.266540527, -282.664855957, 476.004669189, -204.089065552, 222.155792236, 216.856124878, 347.031768799, 145.235519409, 399.203887939, -142.814376831], [-948.407470703, 1391.71313477, 163.005233765, -8.49478626251, 37.4529304504, -27.3527259827, 62.7625389099, 44.2937927246, -23.6575813293, -15.8110189438, 37.7550888062, -37.4836654663, 83.6273193359], [-1619.22900391, 163.005233765, 652.990844727, 78.7956161499, 51.551990509, -17.8066577911, 42.2548522949, -37.2508888245, -56.1722335815, -94.32447052, -57.7056350708, -55.18019104, 40.4126739502], [115.266540527, -8.49478626251, 78.7956161499, 326.959472656, 132.23815918, -9.88407325745, -51.7125015259, -37.1539154053, 0.558533906937, -6.0440864563, -42.945148468, -6.73913097382, 11.3343410492], [-282.664855957, 37.4529304504, 51.551990509, 132.23815918, 394.114776611, 11.4957408905, -66.2507629395, -56.6274681091, 92.533996582, 62.0106506348, -2.51415801048, 1.45792484283, 6.57385921478], [476.004669189, -27.3527259827, -17.8066577911, -9.88407325745, 11.4957408905, 219.547668457, 43.8203811646, -7.05449342728, 9.88184642792, 7.45332193375, 22.9678077698, 22.4303741455, -27.4319934845], [-204.089065552, 62.7625389099, 42.2548522949, -51.7125015259, -66.2507629395, 43.8203811646, 237.901199341, 99.9824905396, 16.2619171143, 4.22760820389, 9.67556095123, 17.6019973755, 22.2156066895], [222.155792236, 44.2937927246, -37.2508888245, -37.1539154053, -56.6274681091, -7.05449342728, 99.9824905396, 193.47618103, 60.951713562, 34.4265213013, 36.3339004517, 32.1472587585, 20.9197330475], [216.856124878, -23.6575813293, -56.1722335815, 0.558533906937, 92.533996582, 9.88184642792, 16.2619171143, 60.951713562, 222.304321289, 97.828086853, 34.1684112549, 47.7782554626, -7.01161766052], [347.031768799, -15.8110189438, -94.32447052, -6.0440864563, 62.0106506348, 7.45332193375, 4.22760820389, 34.4265213013, 97.828086853, 169.201644897, 66.2586975098, 36.8010177612, -6.38991689682], [145.235519409, 37.7550888062, -57.7056350708, -42.945148468, -2.51415801048, 22.9678077698, 9.67556095123, 36.3339004517, 34.1684112549, 66.2586975098, 141.642684937, 50.5568847656, 1.55142557621], [399.203887939, -37.4836654663, -55.18019104, -6.73913097382, 1.45792484283, 22.4303741455, 17.6019973755, 32.1472587585, 47.7782554626, 36.8010177612, 50.5568847656, 137.12828064, 22.9129314423], [-142.814376831, 83.6273193359, 40.4126739502, 11.3343410492, 6.57385921478, -27.4319934845, 22.2156066895, 20.9197330475, -7.01161766052, -6.38991689682, 1.55142557621, 22.9129314423, 96.4620361328]], "icov": [[0.00014298359747, 3.40624101227e-05, 0.000288461975288, -0.000166851270478, 0.000158190145157, -0.000335334305419, 0.000228782198974, -0.000202390147024, 2.98251798085e-05, -0.000169672202901, 0.000168592378031, -0.000257388106547, 1.53292185132e-05], [3.40624101227e-05, 0.000823059526738, -6.98169387761e-05, 1.55278248712e-05, -0.000105396342406, -4.73118016089e-05, -7.17496077414e-05, -0.000183916577953, 7.42850825191e-05, 5.16210384376e-05, -0.000388227577787, 0.00037320741103, -0.000659139885101], [0.000288461975288, -6.98169387761e-05, 0.00250272452831, -0.000679824210238, -5.06250955823e-07, -0.000553092395421, -0.000196229113499, -1.33695921249e-05, 3.96424693463e-05, 0.00062323914608, 0.000340728845913, 1.9884264475e-05, -0.000556231127121], [-0.000166851270478, 1.55278248712e-05, -0.000679824210238, 0.00406066840515, -0.00143116060644, 0.000347896624589, 0.000371265574358, -1.9458204406e-05, 0.000400150573114, 2.17885335587e-05, 0.000957553798798, -0.000117902825878, -0.000294489174848], [0.000158190145157, -0.000105396342406, -5.06250955823e-07, -0.00143116060644, 0.00406979769468, -0.000777858891524, 0.00087324908236, 0.00104326114524, -0.00171110790689, -0.00124038604554, 0.000263533380348, 0.000111151886813, -0.000669161730912], [-0.000335334305419, -4.73118016089e-05, -0.000553092395421, 0.000347896624589, -0.000777858891524, 0.00614061765373, -0.00215777009726, 0.00142417754978, -3.61109850928e-05, 0.00083021359751, -0.00126507028472, -0.000353078794433, 0.00187934015412], [0.000228782198974, -7.17496077414e-05, -0.000196229113499, 0.000371265574358, 0.00087324908236, -0.00215777009726, 0.00670553464442, -0.00342873064801, 0.000123761739815, -0.000684762024321, 0.00110768305603, -0.000568009971175, -0.000953616108745], [-0.000202390147024, -0.000183916577953, -1.33695921249e-05, -1.9458204406e-05, 0.00104326114524, 0.00142417754978, -0.00342873064801, 0.00864620320499, -0.00235099066049, 0.000134480724228, -0.00151436740998, 0.000222583359573, -0.00107434601523], [2.98251798085e-05, 7.42850825191e-05, 3.96424693463e-05, 0.000400150573114, -0.00171110790689, -3.61109850928e-05, 0.000123761739815, -0.00235099066049, 0.0075228693895, -0.00320478854701, 0.000970089866314, -0.00179913314059, 0.00125010719057], [-0.000169672202901, 5.16210384376e-05, 0.00062323914608, 2.17885335587e-05, -0.00124038604554, 0.00083021359751, -0.000684762024321, 0.000134480724228, -0.00320478854701, 0.010331729427, -0.00394457485527, 0.000441824377049, 0.000299493200146], [0.000168592378031, -0.000388227577787, 0.000340728845913, 0.000957553798798, 0.000263533380348, -0.00126507028472, 0.00110768305603, -0.00151436740998, 0.000970089866314, -0.00394457485527, 0.0107285315171, -0.00330553413369, 0.000448349164799], [-0.000257388106547, 0.00037320741103, 1.9884264475e-05, -0.000117902825878, 0.000111151886813, -0.000353078794433, -0.000568009971175, 0.000222583359573, -0.00179913314059, 0.000441824377049, -0.00330553413369, 0.0104959672317, -0.00326602091081], [1.53292185132e-05, -0.000659139885101, -0.000556231127121, -0.000294489174848, -0.000669161730912, 0.00187934015412, -0.000953616108745, -0.00107434601523, 0.00125010719057, 0.000299493200146, 0.000448349164799, -0.00326602091081, 0.0131404930726]], "mean": [-683.359985352, 84.8829193115, -38.8918991089, 7.11916208267, -23.4910144806, 25.5706367493, -3.04176092148, -1.45027196407, -8.08912754059, -0.396899580956, 2.25903654099, 8.31411266327, -5.69946050644]}, "pitch_salience": {"dmean": 0.068696051836, "dmean2": 0.107622526586, "dvar": 0.00378862884827, "dvar2": 0.00879819132388, "max": 0.993004322052, "mean": 0.586164116859, "median": 0.590279042721, "min": 0.100918836892, "var": 0.0150997508317}, "silence_rate_20dB": {"dmean": 0, "dmean2": 0, "dvar": 0, "dvar2": 0, "max": 1, "mean": 1, "median": 1, "min": 1, "var": 0}, "silence_rate_30dB": {"dmean": 0, "dmean2": 0, "dvar": 0, "dvar2": 0, "max": 1, "mean": 1, "median": 1, "min": 1, "var": 0}, "silence_rate_60dB": {"dmean": 0.0506706424057, "dmean2": 0.101356387138, "dvar": 0.048101413995, "dvar2": 0.1009195894, "max": 1, "mean": 0.240500673652, "median": 0, "min": 0, "var": 0.182668805122}, "spectral_centroid": {"dmean": 268.123443604, "dmean2": 391.122009277, "dvar": 116535.789063, "dvar2": 214878.1875, "max": 11677.5966797, "mean": 2161.52734375, "median": 2003.17456055, "min": 300.225982666, "var": 1596740.125}, "spectral_complexity": {"dmean": 3.86527562141, "dmean2": 5.40587282181, "dvar": 26.1726379395, "dvar2": 42.3532142639, "max": 62, "mean": 16.8416042328, "median": 16, "min": 0, "var": 145.067810059}, "spectral_contrast_coeffs": {"dmean": [0.0466846078634, 0.0464503094554, 0.0423244610429, 0.0365904904902, 0.0278354398906, 0.0247184485197], "dmean2": [0.0756955221295, 0.0751872733235, 0.0661276876926, 0.0567926764488, 0.0427353493869, 0.0370729267597], "dvar": [0.00155194208492, 0.00153825373854, 0.00131525960751, 0.00101753952913, 0.000681284232996, 0.000490897044074], "dvar2": [0.00400502374396, 0.00377018144354, 0.002993875416, 0.00221483921632, 0.00141311215702, 0.00104614906013], "max": [-0.372951298952, -0.429677277803, -0.386982291937, -0.467670500278, -0.544173359871, -0.473373293877], "mean": [-0.678060173988, -0.704278171062, -0.715345323086, -0.732405364513, -0.761834919453, -0.669215679169], "median": [-0.682269155979, -0.703606069088, -0.722228765488, -0.737788975239, -0.763321518898, -0.656965434551], "min": [-0.976143479347, -0.982793331146, -0.981584012508, -0.98113232851, -0.968715071678, -0.964285135269], "var": [0.00779406446964, 0.00832723453641, 0.00945506896824, 0.00676028244197, 0.0042557255365, 0.00465807178989]}, "spectral_contrast_valleys": {"dmean": [0.42952221632, 0.375403910875, 0.347057819366, 0.334016650915, 0.313148260117, 0.354179829359], "dmean2": [0.69804930687, 0.605988740921, 0.545433759689, 0.509529173374, 0.447573810816, 0.500095248222], "dvar": [0.139816582203, 0.116727642715, 0.112098120153, 0.126831039786, 0.120104774833, 0.146439805627], "dvar2": [0.321379721165, 0.263992786407, 0.226732313633, 0.236978635192, 0.203857660294, 0.253588706255], "max": [-6.49750709534, -5.63270807266, -5.38125276566, -5.28160810471, -5.43773126602, -7.90264987946], "mean": [-9.1274471283, -8.12712669373, -8.11522102356, -8.08734416962, -8.20954227448, -11.1295223236], "median": [-8.78249073029, -7.71442890167, -7.75579595566, -7.61483192444, -7.68007326126, -10.7209920883], "min": [-28.2157154083, -27.9010105133, -27.801279068, -27.6235618591, -27.5097332001, -27.4420280457], "var": [5.53695344925, 6.00783014297, 6.17470216751, 6.52407741547, 6.51402330399, 4.78929185867]}, "spectral_decrease": {"dmean": 1.0702020381e-09, "dmean2": 1.54347001846e-09, "dvar": 1.86799157844e-18, "dvar2": 4.00495499512e-18, "max": 1.68780579939e-28, "mean": -3.63634389267e-09, "median": -2.84413292917e-09, "min": -2.24297824758e-08, "var": 1.13214432002e-17}, "spectral_energy": {"dmean": 0.00478740688413, "dmean2": 0.00688713975251, "dvar": 3.76303760277e-05, "dvar2": 7.9836063378e-05, "max": 0.0959605574608, "mean": 0.0162084903568, "median": 0.0126819061115, "min": 1.00975116753e-20, "var": 0.000221702153794}, "spectral_energyband_high": {"dmean": 0.000766314391512, "dmean2": 0.00110418046825, "dvar": 2.69613451565e-06, "dvar2": 5.85661064179e-06, "max": 0.0450245924294, "mean": 0.00159153877757, "median": 0.000788174162153, "min": 7.02894786812e-21, "var": 5.65757363802e-06}, "spectral_energyband_low": {"dmean": 0.000344136176864, "dmean2": 0.000538588385098, "dvar": 5.09477160904e-07, "dvar2": 1.2221120187e-06, "max": 0.0130170788616, "mean": 0.000575768703129, "median": 0.000163275704836, "min": 1.11315594356e-23, "var": 9.96868948278e-07}, "spectral_energyband_middle_high": {"dmean": 0.00403527868912, "dmean2": 0.00594559265301, "dvar": 3.02123062283e-05, "dvar2": 6.77529314999e-05, "max": 0.086099691689, "mean": 0.0114580644295, "median": 0.00773823074996, "min": 1.11509520348e-21, "var": 0.000147835628013}, "spectral_energyband_middle_low": {"dmean": 0.00108761072624, "dmean2": 0.00169672037009, "dvar": 2.47868752012e-06, "dvar2": 6.38941719444e-06, "max": 0.0273497998714, "mean": 0.00267033162527, "median": 0.00192387262359, "min": 1.59504759406e-22, "var": 7.30017791284e-06}, "spectral_entropy": {"dmean": 0.147308290005, "dmean2": 0.21418376267, "dvar": 0.0208230912685, "dvar2": 0.0394083335996, "max": 9.82321834564, "mean": 7.5553278923, "median": 7.58859205246, "min": 5.90267848969, "var": 0.23824852705}, "spectral_flux": {"dmean": 0.0201959628612, "dmean2": 0.0314330309629, "dvar": 0.000470766040962, "dvar2": 0.00110360328108, "max": 0.240261867642, "mean": 0.0705586969852, "median": 0.0662740319967, "min": 6.36479619009e-11, "var": 0.0021894723177}, "spectral_kurtosis": {"dmean": 1.46540701389, "dmean2": 2.52060818672, "dvar": 2.1847319603, "dvar2": 6.2256436348, "max": 26.9909477234, "mean": 2.75658845901, "median": 2.14333176613, "min": -1.30295479298, "var": 6.4034910202}, "spectral_rms": {"dmean": 0.000569365860429, "dmean2": 0.000793855113443, "dvar": 3.96714511908e-07, "dvar2": 7.5520546261e-07, "max": 0.00967574585229, "mean": 0.00345644634217, "median": 0.00351746939123, "min": 3.13866706063e-12, "var": 3.86613783121e-06}, "spectral_rolloff": {"dmean": 540.348083496, "dmean2": 870.559570313, "dvar": 671296.375, "dvar2": 1311755.5, "max": 19638.28125, "mean": 2702.90258789, "median": 1894.921875, "min": 21.533203125, "var": 5658890.5}, "spectral_skewness": {"dmean": 0.222334101796, "dmean2": 0.355195313692, "dvar": 0.0438456311822, "dvar2": 0.101410031319, "max": 4.15454435349, "mean": 1.05209934711, "median": 0.994623303413, "min": -0.565443336964, "var": 0.25121691823}, "spectral_spread": {"dmean": 302517.4375, "dmean2": 460874.5625, "dvar": 305754963968, "