{"lowlevel": {"average_loudness": 0.788650035858, "barkbands": {"dmean": [0.0062236757949, 0.0155142331496, 0.00858280621469, 0.00221774540842, 0.00349563988857, 0.00159565464128, 0.000839808257297, 0.000890775350854, 0.000705592508893, 0.000588947790675, 0.000705889833625, 0.000502359296661, 0.000231991085457, 0.000169670660398, 0.000170652914676, 9.64714199654e-05, 7.02307297615e-05, 4.65096964035e-05, 5.68640753045e-05, 2.72798533842e-05, 1.94510921574e-05, 1.58356997417e-05, 7.49630817154e-06, 4.32010574514e-06, 4.07499601351e-06, 8.95809444046e-06, 0.000390521570807], "dmean2": [0.0103882467374, 0.0255906917155, 0.0149027919397, 0.00387837830931, 0.00576070370153, 0.00259970524348, 0.00134847301524, 0.00145884032827, 0.00114992680028, 0.000925693952013, 0.00110980658792, 0.000792170350906, 0.000388646498322, 0.00027344271075, 0.000268052390311, 0.000149329178385, 0.000110635548481, 7.18099399819e-05, 9.01460953173e-05, 4.24409845436e-05, 3.03618162434e-05, 2.50448556471e-05, 1.19430178529e-05, 7.17801276551e-06, 6.67800668452e-06, 1.44998357428e-05, 0.000581051688641], "dvar": [7.81652706792e-05, 0.000584061199334, 0.000271593860816, 1.51628846652e-05, 5.83814835409e-05, 1.1314040421e-05, 2.72473494078e-06, 5.08515176989e-06, 2.13902922042e-06, 2.04597472475e-06, 3.46999740941e-06, 3.90534751205e-06, 2.48315444651e-07, 1.17175375181e-07, 1.84416023785e-07, 4.72378829386e-08, 1.60165800622e-08, 6.66067201394e-09, 1.72079097638e-08, 2.76792166964e-09, 1.38007216766e-09, 1.49072032496e-09, 5.10625208783e-10, 6.03801592058e-11, 4.26501924056e-11, 5.69564673203e-10, 4.6613234872e-07], "dvar2": [0.000203037561732, 0.00144229398575, 0.000712820794433, 4.43579483544e-05, 0.000147715269122, 2.72656852758e-05, 6.40942516839e-06, 1.22952742458e-05, 5.3530520745e-06, 4.0662266656e-06, 8.19862452772e-06, 8.01482110546e-06, 6.76680940614e-07, 2.83648034838e-07, 4.19022597953e-07, 1.09358175848e-07, 3.67088048847e-08, 1.54067620883e-08, 4.20594368222e-08, 6.56386545117e-09, 3.21331916631e-09, 3.65864050167e-09, 1.27054744503e-09, 1.56675325491e-10, 1.07513289938e-10, 1.47063305977e-09, 9.9468593362e-07], "max": [0.111714042723, 0.658081650734, 0.288279294968, 0.0971338152885, 0.193701475859, 0.116588197649, 0.0408312566578, 0.0505701564252, 0.0292906276882, 0.0588163658977, 0.0662203505635, 0.0746908783913, 0.00976538844407, 0.00896589364856, 0.0112000787631, 0.00640069879591, 0.00304220686667, 0.00110945373308, 0.0021027168259, 0.00095481768949, 0.000773531093728, 0.0013658470707, 0.00111445982475, 0.000132331741042, 0.000111663335701, 0.00114260264672, 0.0143813854083], "mean": [0.0081899529323, 0.0206353124231, 0.0104567324743, 0.0027075111866, 0.00493386061862, 0.00234372634441, 0.00124523078557, 0.00127896654885, 0.000937075878028, 0.000908544287086, 0.00115433079191, 0.000914502015803, 0.000340363912983, 0.000260395900114, 0.000272629462415, 0.00016182930267, 0.000110573761049, 6.6679000156e-05, 6.45347827231e-05, 3.78477998311e-05, 2.90025982395e-05, 2.22108446906e-05, 9.68180575001e-06, 4.75351316709e-06, 4.53385746368e-06, 1.11276731332e-05, 0.000784235366154], "median": [0.00382906896994, 0.0119475414976, 0.00418889522552, 0.00141095521394, 0.00256197014824, 0.000861095672008, 0.000395926996134, 0.000289084360702, 0.000373192830011, 0.000227878685109, 0.000305178313283, 0.000163128366694, 8.74815086718e-05, 7.2830960562e-05, 7.53848144086e-05, 4.90515885758e-05, 3.84662816941e-05, 2.66730676231e-05, 2.00800095627e-05, 1.66534682648e-05, 1.25979249788e-05, 8.42985173222e-06, 4.22718812843e-06, 2.03534591492e-06, 1.95630946109e-06, 5.36450124855e-06, 0.000283489411231], "min": [8.44585022037e-14, 1.14741197229e-13, 2.4139879955e-14, 2.04146730987e-14, 5.22944114769e-14, 1.24198357355e-14, 7.56203774729e-14, 1.56022560865e-13, 1.55813282741e-13, 9.83118005949e-14, 2.18012931384e-14, 7.08847924477e-14, 2.34921572484e-14, 3.2173299669e-14, 3.03205506221e-14, 3.9946703985e-14, 2.23069277622e-14, 1.37165025703e-14, 5.20612537997e-14, 9.58760862043e-14, 1.35890512168e-13, 2.83204015794e-13, 2.07102632027e-13, 1.7176292669e-13, 3.64564417066e-13, 5.0014360058e-13, 1.01162177593e-12], "var": [0.000127409133711, 0.000841159082484, 0.000326810346451, 1.63917720784e-05, 6.76221534377e-05, 2.12952709262e-05, 6.02423369855e-06, 1.12997549877e-05, 2.88434011964e-06, 5.53327390662e-06, 7.66535322327e-06, 1.43723391375e-05, 4.12382973991e-07, 2.11422886309e-07, 3.520481755e-07, 1.29150578232e-07, 3.25209938978e-08, 1.02610391295e-08, 1.68392872979e-08, 3.62328278491e-09, 2.17361884047e-09, 2.04109573687e-09, 5.47446199484e-10, 6.21396198386e-11, 5.0393102885e-11, 5.43993017299e-10, 1.26496343e-06]}, "barkbands_crest": {"dmean": 3.44786024094, "dmean2": 5.80026054382, "dvar": 7.71757364273, "dvar2": 20.6663246155, "max": 26.1029815674, "mean": 11.9472284317, "median": 11.3855876923, "min": 2.9896941185, "var": 17.8620872498}, "barkbands_flatness_db": {"dmean": 0.0354796722531, "dmean2": 0.0566842332482, "dvar": 0.000955108262133, "dvar2": 0.00232200906612, "max": 0.500623643398, "mean": 0.19155035913, "median": 0.182659134269, "min": 0.0249853115529, "var": 0.00349597167224}, "barkbands_kurtosis": {"dmean": 14.7278814316, "dmean2": 24.1574039459, "dvar": 599.097717285, "dvar2": 1465.60803223, "max": 654.161132812, "mean": 26.6985416412, "median": 14.5952243805, "min": -1.93184542656, "var": 1338.78369141}, "barkbands_skewness": {"dmean": 1.08141088486, "dmean2": 1.76051008701, "dvar": 1.20977330208, "dvar2": 2.97457051277, "max": 19.4234886169, "mean": 3.59503364563, "median": 3.1801199913, "min": -6.18063402176, "var": 5.3134522438}, "barkbands_spread": {"dmean": 6.55960941315, "dmean2": 10.4939403534, "dvar": 68.0777206421, "dvar2": 164.945098877, "max": 134.442596436, "mean": 16.5507221222, "median": 12.4762163162, "min": 0.328381597996, "var": 220.855773926}, "dissonance": {"dmean": 0.0270238872617, "dmean2": 0.0458733066916, "dvar": 0.00065532856388, "dvar2": 0.00180678954348, "max": 0.500000298023, "mean": 0.455418437719, "median": 0.464519947767, "min": 0.263554960489, "var": 0.00119109486695}, "dynamic_complexity": 4.80542850494, "erbbands": {"dmean": [0.668880403042, 2.97677254677, 8.12862300873, 9.69265842438, 7.26770925522, 13.5910520554, 13.7841491699, 15.1519021988, 12.9544048309, 13.2819347382, 19.2075824738, 18.5198612213, 16.3452129364, 18.2415828705, 30.9741401672, 18.6570644379, 10.0563049316, 8.95979309082, 9.49465465546, 5.9527015686, 4.72891330719, 3.52596521378, 2.92460012436, 2.76938843727, 2.07197403908, 1.26010131836, 0.920055627823, 0.701642155647, 0.620874643326, 0.340441614389, 0.194646626711, 0.107426799834, 0.064630895853, 0.0440260022879, 0.0300220735371, 0.0199196878821, 0.0174670629203, 0.0216249935329, 0.0166001748294, 0.0151490829885], "dmean2": [1.12961030006, 4.81722021103, 13.9606685638, 16.994260788, 12.2715787888, 22.5280437469, 22.6652507782, 24.6920089722, 20.5878105164, 21.3865871429, 31.4089584351, 30.2169456482, 26.4603805542, 27.9230136871, 48.7247657776, 28.6639442444, 16.4833984375, 14.3580751419, 14.871629715, 9.31564712524, 7.23121547699, 5.46057033539, 4.51868915558, 4.31559562683, 3.24622511864, 1.95959603786, 1.44225740433, 1.09536206722, 0.98879134655, 0.535285830498, 0.312685877085, 0.177299410105, 0.107025682926, 0.0722629204392, 0.0491325780749, 0.0326446592808, 0.028438616544, 0.0339127704501, 0.0250878483057, 0.0222331471741], "dvar": [0.907953739166, 27.1505451202, 237.271148682, 291.708007812, 158.422302246, 876.38885498, 1502.70666504, 1130.51049805, 716.910339355, 839.265136719, 2751.95849609, 1673.99304199, 1151.77075195, 2487.91894531, 8058.42919922, 3882.3527832, 442.428192139, 326.360137939, 599.178283691, 188.460083008, 132.129257202, 41.8181648254, 26.9937152863, 33.6488952637, 18.4317798615, 6.03292274475, 3.33188438416, 1.93986058235, 2.40032052994, 0.767386257648, 0.386833548546, 0.0509366951883, 0.011854683049, 0.00507126003504, 0.00227901921608, 0.00099381536711, 0.0019795044791, 0.00351250031963, 0.0011200576555, 0.000457760208519], "dvar2": [2.44614768028, 65.8526687622, 622.614257812, 822.092346191, 432.639801025, 2231.88330078, 3791.27905273, 2711.45458984, 1645.06091309, 2042.47912598, 6632.85595703, 4218.24853516, 2936.36962891, 4448.6171875, 19295.0800781, 7499.63476562, 1140.85021973, 796.087890625, 1355.89831543, 441.809967041, 311.52557373, 94.9266281128, 62.7773513794, 79.3919830322, 44.0377922058, 14.2085170746, 7.89927911758, 4.44559431076, 6.0258846283, 1.7477799654, 1.00154542923, 0.133037805557, 0.0299873780459, 0.0127445189282, 0.00575812673196, 0.0025360470172, 0.00518678873777, 0.00843555573374, 0.00257367477752, 0.000923724728636], "max": [18.9931125641, 159.287536621, 280.848480225, 367.104705811, 244.838043213, 769.11529541, 970.918518066, 1139.55932617, 691.915405273, 671.881530762, 1353.33129883, 888.810974121, 637.436950684, 2380.81054688, 2262.62133789, 2197.76147461, 461.050292969, 489.669189453, 649.16192627, 413.432983398, 343.136749268, 182.111862183, 64.161491394, 81.0654678345, 78.5034866333, 37.8227424622, 56.1601715088, 34.1092529297, 61.2635917664, 27.9345645905, 31.9572086334, 5.50146102905, 1.79610860348, 1.24298119545, 0.798029601574, 0.463512152433, 1.70173275471, 2.39633822441, 0.720631122589, 0.538863897324], "mean": [0.831481456757, 3.91269659996, 10.573633194, 12.190741539, 10.3741807938, 18.0317516327, 17.071641922, 21.8278274536, 19.7521305084, 20.51994133, 28.2970542908, 24.6186103821, 24.5424728394, 31.8397293091, 53.7734718323, 35.779964447, 16.7570266724, 15.1658782959, 16.0331783295, 10.4528932571, 8.38861560822, 5.83064937592, 4.32927513123, 3.33584690094, 2.61334013939, 1.763448596, 1.33461284637, 1.05326116085, 0.849010407925, 0.490591943264, 0.245149940252, 0.122496433556, 0.0701190158725, 0.0486798770726, 0.0336807891726, 0.0227191708982, 0.0216899197549, 0.0308989882469, 0.0272880438715, 0.0450892522931], "median": [0.476605385542, 2.03888058662, 4.73833560944, 6.11231994629, 5.61424875259, 8.50145149231, 7.12717628479, 7.34033203125, 6.37273550034, 6.11384105682, 7.38521242142, 9.66458320618, 7.8140668869, 9.50577259064, 13.6795711517, 7.79305362701, 4.62253952026, 3.99802136421, 4.55097198486, 3.5222401619, 2.71167159081, 2.16852760315, 1.64895105362, 1.12909126282, 0.991803765297, 0.775732696056, 0.584701120853, 0.45225828886, 0.319183528423, 0.198283582926, 0.109767764807, 0.0537913031876, 0.0291314683855, 0.0207890979946, 0.0148516958579, 0.0105130476877, 0.0106316404417, 0.0123447841033, 0.0131118809804, 0.030258718878], "min": [5.80112650625e-12, 1.74702023681e-11, 2.86893599155e-11, 5.23557829035e-11, 1.10264200548e-10, 1.9669214868e-10, 1.50745360639e-10, 1.10182460378e-10, 5.56394263995e-10, 2.31732144584e-09, 3.69288155611e-09, 3.42779893359e-09, 3.64485641668e-09, 1.71419534123e-09, 1.64001701108e-09, 2.74667999456e-09, 1.20092813471e-09, 1.61084201533e-09, 1.5108606588e-09, 1.81802040089e-09, 1.85903137329e-09, 1.2755512202e-09, 1.12757025938e-09, 1.50142398514e-09, 2.81821721515e-09, 3.6468581488e-09, 8.28993318436e-09, 4.95478813534e-09, 1.16370104664e-08, 5.26331866979e-09, 6.79444722707e-09, 3.69803299094e-09, 2.65193000892e-09, 3.39974426389e-09, 2.86731371979e-09, 8.48975501011e-10, 1.03104880189e-09, 5.13633857668e-10, 8.83975392885e-11, 3.52507571744e-11], "var": [1.18013048172, 38.179069519, 296.910827637, 337.225280762, 214.764968872, 1024.82629395, 1504.00402832, 2127.09179688, 1616.33544922, 2050.53393555, 6050.16748047, 2145.08007812, 2045.66162109, 7703.34619141, 19003.3828125, 15608.2832031, 981.46472168, 645.118225098, 1172.70056152, 439.435058594, 307.714355469, 83.1818618774, 43.079662323, 37.2422485352, 20.6032714844, 7.99470043182, 4.5499663353, 3.29719138145, 2.99276566505, 1.21782553196, 0.35472381115, 0.0484544709325, 0.0131533639506, 0.0059536928311, 0.00270854495466, 0.00116578943562, 0.00182751356624, 0.00492455298081, 0.00159383122809, 0.00245519378223]}, "erbbands_crest": {"dmean": 3.14577031136, "dmean2": 5.13036346436, "dvar": 8.10011291504, "dvar2": 20.4876995087, "max": 29.8174419403, "mean": 9.73281955719, "median": 8.70620727539, "min": 2.46522021294, "var": 20.9370346069}, "erbbands_flatness_db": {"dmean": 0.0248338226229, "dmean2": 0.0384569056332, "dvar": 0.000420866301283, "dvar2": 0.00104906235356, "max": 0.303900271654, "mean": 0.139578744769, "median": 0.138005465269, "min": 0.0269842781126, "var": 0.00150609004777}, "erbbands_kurtosis": {"dmean": 1.31348288059, "dmean2": 2.13049292564, "dvar": 3.23602628708, "dvar2": 8.11957168579, "max": 43.4682044983, "mean": 1.28763914108, "median": 0.51778459549, "min": -1.76003539562, "var": 6.79590940475}, "erbbands_skewness": {"dmean": 0.409125506878, "dmean2": 0.648229539394, "dvar": 0.128079771996, "dvar2": 0.311118036509, "max": 4.643222332, "mean": 0.371928364038, "median": 0.376995831728, "min": -3.01389884949, "var": 0.641230463982}, "erbbands_spread": {"dmean": 7.36151313782, "dmean2": 11.6045598984, "dvar": 49.1795158386, "dvar2": 111.858070374, "max": 134.117431641, "mean": 30.1640663147, "median": 27.7509346008, "min": 2.86870002747, "var": 209.326416016}, "gfcc": {"cov": [[18801.0585938, 2883.4074707, -617.01763916, -183.835144043, 467.467224121, -776.875366211, 501.754638672, -760.999694824, 406.471801758, -281.969299316, 88.2914123535, -94.744720459, -109.407966614], [2883.4074707, 1149.43981934, 7.91080904007, -179.48890686, 169.827560425, -165.366241455, 188.846481323, -201.917755127, 112.231201172, -139.27116394, 33.2841911316, -35.0997390747, 36.4725265503], [-617.01763916, 7.91080904007, 487.031341553, 140.016708374, -89.1021957397, 116.498970032, -40.2807807922, 122.648429871, -56.0414047241, 14.9542942047, 0.898317039013, -10.0089015961, 30.3437824249], [-183.835144043, -179.48890686, 140.016708374, 280.477630615, 33.5659790039, 8.39481735229, 22.097492218, 18.043756485, -4.90465688705, 26.3933143616, -7.44614648819, 6.51637506485, -41.765411377], [467.467224121, 169.827560425, -89.1021957397, 33.5659790039, 211.828857422, 6.43834209442, 80.2554473877, -88.8272628784, 33.8874549866, -34.5869560242, 0.316668957472, -6.9938378334, -10.2831106186], [-776.875366211, -165.366241455, 116.498970032, 8.39481735229, 6.43834209442, 233.336685181, -41.0071182251, 94.2776794434, -69.3137817383, 7.11354017258, -1.93641233444, 6.39849996567, 42.6180839539], [501.754638672, 188.846481323, -40.2807807922, 22.097492218, 80.2554473877, -41.0071182251, 181.111114502, -52.9404716492, 42.2229423523, -52.264289856, -5.05117416382, 23.1606388092, -2.60745882988], [-760.999694824, -201.917755127, 122.648429871, 18.043756485, -88.8272628784, 94.2776794434, -52.9404716492, 169.17805481, -14.9278268814, 48.1966629028, 5.89484834671, -5.73665809631, 23.3534069061], [406.471801758, 112.231201172, -56.0414047241, -4.90465688705, 33.8874549866, -69.3137817383, 42.2229423523, -14.9278268814, 112.576637268, 37.7311515808, 8.15713500977, -15.1610412598, -26.6102752686], [-281.969299316, -139.27116394, 14.9542942047, 26.3933143616, -34.5869560242, 7.11354017258, -52.264289856, 48.1966629028, 37.7311515808, 97.4233398438, 27.1421470642, -8.06419277191, -17.3928356171], [88.2914123535, 33.2841911316, 0.898317039013, -7.44614648819, 0.316668957472, -1.93641233444, -5.05117416382, 5.89484834671, 8.15713500977, 27.1421470642, 56.3569259644, 23.8417644501, 12.4943246841], [-94.744720459, -35.0997390747, -10.0089015961, 6.51637506485, -6.9938378334, 6.39849996567, 23.1606388092, -5.73665809631, -15.1610412598, -8.06419277191, 23.8417644501, 68.6394729614, 31.6722335815], [-109.407966614, 36.4725265503, 30.3437824249, -41.765411377, -10.2831106186, 42.6180839539, -2.60745882988, 23.3534069061, -26.6102752686, -17.3928356171, 12.4943246841, 31.6722335815, 76.6926727295]], "icov": [[0.000111166933493, -0.000432629109127, 0.000316289573675, -0.000348830159055, 0.000211632184801, -5.00586465932e-05, 8.36352628539e-05, -2.67856512437e-06, 0.000118615702377, -0.000189542013686, 0.000117664894788, -8.44323076308e-05, 0.000122947560158], [-0.000432629109127, 0.0059277578257, -0.00410826224834, 0.0040757288225, -0.0019455740694, 0.00147643487435, -0.0017306440277, 0.00364295532927, -0.00551448250189, 0.00717126764357, -0.00697445031255, 0.00556578533724, -0.00329000223428], [0.000316289573675, -0.00410826224834, 0.00675396900624, -0.00565681839362, 0.00374628114514, -0.00262115010992, 0.000986617174931, -0.00297179957852, 0.00326297851279, -0.00301652518101, 0.00262128934264, -0.000547981879208, -0.000203195246286], [-0.000348830159055, 0.0040757288225, -0.00565681839362, 0.00991101656109, -0.00525138666853, 0.00306423404254, -0.00224637938663, 0.000658983248286, -0.000218661240069, 0.000115815855679, -0.000723978155293, -0.00141616829205, 0.00316882110201], [0.000211632184801, -0.0019455740694, 0.00374628114514, -0.00525138666853, 0.0122721027583, -0.006140334066, -0.0014180119615, 0.00538003304973, -0.00386075116694, 0.00241261953488, -0.00296211009845, 0.00441944180056, -0.00187867565546], [-5.00586465932e-05, 0.00147643487435, -0.00262115010992, 0.00306423404254, -0.006140334066, 0.0104487501085, -0.000523488619365, -0.00478819897398, 0.00551520101726, -0.00221121474169, 0.00138021970633, -0.000464933313197, -0.0018778963713], [8.36352628539e-05, -0.0017306440277, 0.000986617174931, -0.00224637938663, -0.0014180119615, -0.000523488619365, 0.0115158976987, -0.00189815578051, -0.00520098721609, 0.00626745261252, 0.00183752505109, -0.00676061864942, 0.00250833807513], [-2.67856512437e-06, 0.00364295532927, -0.00297179957852, 0.000658983248286, 0.00538003304973, -0.00478819897398, -0.00189815578051, 0.0173614192754, -0.00736967939883, 0.00222748424858, -0.00624611182138, 0.00831640139222, -0.00663945823908], [0.000118615702377, -0.00551448250189, 0.00326297851279, -0.000218661240069, -0.00386075116694, 0.00551520101726, -0.00520098721609, -0.00736967939883, 0.028341582045, -0.022480936721, 0.011013219133, -0.0042377281934, 0.00455773156136], [-0.000189542013686, 0.00717126764357, -0.00301652518101, 0.000115815855679, 0.00241261953488, -0.00221121474169, 0.00626745261252, 0.00222748424858, -0.022480936721, 0.0396436937153, -0.0234029367566, 0.00939834397286, -0.000215435880818], [0.000117664894788, -0.00697445031255, 0.00262128934264, -0.000723978155293, -0.00296211009845, 0.00138021970633, 0.00183752505109, -0.00624611182138, 0.011013219133, -0.0234029367566, 0.0399322472513, -0.0201893262565, 0.00319959386252], [-8.44323076308e-05, 0.00556578533724, -0.000547981879208, -0.00141616829205, 0.00441944180056, -0.000464933313197, -0.00676061864942, 0.00831640139222, -0.0042377281934, 0.00939834397286, -0.0201893262565, 0.0353277847171, -0.0158724449575], [0.000122947560158, -0.00329000223428, -0.000203195246286, 0.00316882110201, -0.00187867565546, -0.0018778963713, 0.00250833807513, -0.00663945823908, 0.00455773156136, -0.000215435880818, 0.00319959386252, -0.0158724449575, 0.0270500611514]], "mean": [-32.5439834595, 107.920715332, -60.1994132996, -4.26437091827, -9.17731285095, -8.57216358185, 2.83711910248, -13.8175363541, -3.67216324806, -10.6437749863, -5.10967111588, -3.24834895134, -1.31409454346]}, "hfc": {"dmean": 280.939117432, "dmean2": 446.835998535, "dvar": 121821.015625, "dvar2": 304605.09375, "max": 7476.01513672, "mean": 749.469421387, "median": 600.945617676, "min": 6.37982111584e-07, "var": 401324.5}, "melbands": {"dmean": [0.00508614024147, 0.00383325945586, 0.00152012147009, 0.000704297446646, 0.000540694862138, 0.000325657718349, 0.000190659746295, 0.000153341243276, 0.000148577964865, 0.000115132337669, 8.09314587968e-05, 7.37926529837e-05, 0.000104500300949, 6.89282896928e-05, 2.40594090428e-05, 2.72705765383e-05, 1.75224413397e-05, 1.56382848218e-05, 1.05268309198e-05, 7.34475179343e-06, 5.55598126084e-06, 4.03034619012e-06, 3.22667779074e-06, 2.3833126761e-06, 2.32559477809e-06, 2.22293306251e-06, 1.04078549157e-06, 8.33119656818e-07, 6.21483707164e-07, 4.98259055348e-07, 3.92557325313e-07, 3.72396527837e-07, 2.82481408931e-07, 1.69400195205e-07, 1.20996077158e-07, 8.49915551271e-08, 5.84119277391e-08, 4.63257450178e-08, 3.96990422757e-08, 3.62511407559e-08], "dmean2": [0.00844598188996, 0.00643750512972, 0.00263995141722, 0.00116954906844, 0.000887871603481, 0.000529899029061, 0.000302626925986, 0.000248216529144, 0.000242334528593, 0.000188554811757, 0.000131660912302, 0.000113612004498, 0.000164479788509, 0.000108106403786, 3.69831686839e-05, 4.62427633465e-05, 2.82553282887e-05, 2.46924173553e-05, 1.65769906744e-05, 1.15932325571e-05, 8.61028911459e-06, 6.33417539575e-06, 5.13138093083e-06, 3.73064017367e-06, 3.66741437574e-06, 3.57633985004e-06, 1.65707660926e-06, 1.31626859456e-06, 9.868701909e-07, 7.9049686974e-07, 6.20391688244e-07, 6.02471970979e-07, 4.54196282362e-07, 2.68552099669e-07, 1.95319032059e-07, 1.3891674655e-07, 9.75358673827e-08, 7.69677512835e-08, 6.53312710597e-08, 5.94903788453e-08], "dvar": [5.60708722332e-05, 4.43179997092e-05, 6.79148934069e-06, 1.71116607817e-06, 2.26089537136e-06, 5.00117664615e-07, 1.48102699882e-07, 1.13505791433e-07, 1.48274310163e-07, 6.64398456252e-08, 2.87863368698e-08, 4.52767352499e-08, 8.08353846082e-08, 7.40136911759e-08, 4.49556569748e-09, 3.9887382286e-09, 1.40820588523e-09, 1.37619216023e-09, 5.25916366012e-10, 2.78600059689e-10, 1.94310373347e-10, 6.18539941488e-11, 3.39707255381e-11, 2.11728672789e-11, 2.49398765528e-11, 3.00287260335e-11, 3.6986295103e-12, 3.01076741663e-12, 1.9384912512e-12, 8.82965087764e-13, 7.01663336808e-13, 1.01652735708e-12, 5.01302666912e-13, 2.27480333832e-13, 1.82287385598e-13, 5.20525327485e-14, 1.27743766222e-14, 6.49305430047e-15, 4.18421824559e-15, 3.43155937998e-15], "dvar2": [0.000142249744385, 0.000115048191219, 1.89260044863e-05, 4.44483339379e-06, 5.68748191654e-06, 1.19598610127e-06, 3.41349476685e-07, 2.78308647239e-07, 3.56197006113e-07, 1.66853894257e-07, 7.33652640861e-08, 8.02955852919e-08, 1.89033400488e-07, 1.55926699108e-07, 8.08372391248e-09, 1.10794502461e-08, 3.41906924994e-09, 3.15929216121e-09, 1.2158800633e-09, 6.41485808917e-10, 4.60643162503e-10, 1.44625714182e-10, 8.13162454039e-11, 4.99632626938e-11, 5.98023922049e-11, 7.52493622969e-11, 9.01062731373e-12, 7.22368215592e-12, 4.76682669032e-12, 2.13151263133e-12, 1.62031792064e-12, 2.65689597059e-12, 1.19974267066e-12, 5.3078602711e-13, 4.78653683529e-13, 1.34883654268e-13, 3.37430821132e-14, 1.65298869292e-14, 1.04893612513e-14, 8.63501978254e-15], "max": [0.171765908599, 0.111106902361, 0.0538949631155, 0.0277897138149, 0.0405797734857, 0.0234456993639, 0.00915311649442, 0.0073412838392, 0.00978621654212, 0.00569106731564, 0.00311320298351, 0.0102925309911, 0.0103423604742, 0.0103296451271, 0.00265293964185, 0.0012792146299, 0.00106548669282, 0.00093499943614, 0.000528654258233, 0.000522297050338, 0.000413326226408, 0.00026182711008, 8.11223653727e-05, 6.83780453983e-05, 7.38466915209e-05, 9.78896641755e-05, 3.20770377584e-05, 2.86215199594e-05, 5.46131050214e-05, 1.9989489374e-05, 2.32260390476e-05, 4.6900138841e-05, 2.03457602765e-05, 1.81760769919e-05, 2.33937898884e-05, 7.93277922639e-06, 2.08504638977e-06, 1.79226924502e-06, 1.13444082217e-06, 1.01802106656e-06], "mean": [0.00711286999285, 0.00544966524467, 0.00206425995566, 0.00101293087937, 0.000686348765157, 0.000479929585708, 0.000294894562103, 0.000232972452068, 0.000217082502786, 0.000148866034579, 0.000118178264529, 0.000121859535284, 0.00017664518964, 0.000126071492559, 4.37398084614e-05, 3.80876554118e-05, 2.68998555839e-05, 2.55076629401e-05, 1.72154959728e-05, 1.21508501252e-05, 9.32275088417e-06, 6.22860898147e-06, 4.75445995107e-06, 3.15525335282e-06, 2.65323546955e-06, 2.43172803494e-06, 1.40188626574e-06, 1.11560405003e-06, 8.58507291923e-07, 6.97763823609e-07, 5.82344796385e-07, 4.98903659718e-07, 3.77750723146e-07, 2.3482674294e-07, 1.48539911038e-07, 1.00284168525e-07, 6.32666328215e-08, 4.93404108681e-08, 4.334678394e-08, 4.00555073554e-08], "median": [0.00437814742327, 0.00294266291894, 0.00116194179282, 0.000537240586709, 0.000292535347398, 0.000163719727425, 9.39153760555e-05, 6.49200446787e-05, 5.91994430579e-05, 5.68253890378e-05, 3.4352120565e-05, 3.33815805789e-05, 4.46194972028e-05, 2.3880849767e-05, 1.28630845211e-05, 8.42455756356e-06, 6.31272268947e-06, 7.04913873051e-06, 5.27625661562e-06, 3.47638501808e-06, 2.93358220915e-06, 2.24450559472e-06, 1.65948711128e-06, 1.17377760489e-06, 8.34182685594e-07, 7.34218986054e-07, 6.26330518116e-07, 4.73195768791e-07, 3.69608557094e-07, 2.94722383387e-07, 2.44651261028e-07, 1.87510124761e-07, 1.37384930099e-07, 9.67569846466e-08, 6.45507114427e-08, 4.54440929332e-08, 2.64841428788e-08, 1.98802272422e-08, 1.79575252446e-08, 1.71061564913e-08], "min": [4.93538552854e-14, 1.7766910786e-14, 1.05143809105e-14, 1.14097430167e-14, 6.26926819581e-15, 2.33900143923e-15, 1.04905818258e-14, 2.75606750285e-14, 3.06047505047e-14, 2.1145991181e-14, 1.81837441697e-14, 7.39644331432e-15, 3.90213721592e-15, 8.46679649812e-15, 4.27760743968e-15, 2.24668416534e-15, 3.19209871887e-15, 2.34883040955e-15, 2.46255411184e-15, 2.95169700415e-15, 1.71457362095e-15, 1.11292749495e-15, 1.53270220053e-15, 5.86001639229e-16, 1.09654799533e-15, 2.67496498754e-15, 1.35598349328e-15, 2.6380152928e-15, 6.25513799218e-15, 3.19067083308e-15, 2.69482875718e-15, 8.26312827299e-15, 3.53041172482e-15, 2.82789890375e-15, 4.74213513103e-15, 3.05976803207e-15, 1.53666165604e-15, 1.89768541525e-15, 2.16084478768e-15, 2.81136037369e-15], "var": [8.20898421807e-05, 5.87397480558e-05, 8.3124386947e-06, 2.22834728447e-06, 2.31501030612e-06, 9.90223497865e-07, 3.4405451288e-07, 2.70549890047e-07, 3.27488464791e-07, 8.36534539417e-08, 5.04138206736e-08, 1.36958746566e-07, 1.86012002246e-07, 2.56894935546e-07, 1.78805397155e-08, 5.77296077608e-09, 2.47035769618e-09, 2.70179012496e-09, 1.06267150635e-09, 7.4144818063e-10, 4.00232597064e-10, 1.09173038665e-10, 5.72143790678e-11, 2.77845385588e-11, 2.61752772235e-11, 2.72832433729e-11, 4.7136864724e-12, 3.69397611458e-12, 2.24899309245e-12, 1.25413698523e-12, 1.19682323947e-12, 1.12346926467e-12, 7.15416929257e-13, 3.24819598302e-13, 1.57068450043e-13, 4.58083108934e-14, 1.21910529835e-14, 6.93629732441e-15, 4.86552792617e-15, 4.02870553758e-15]}, "melbands_crest": {"dmean": 4.81776952744, "dmean2": 8.09984302521, "dvar": 14.6889123917, "dvar2": 40.4967422485, "max": 38.0633888245, "mean": 18.5669746399, "median": 17.8512439728, "min": 4.78881168365, "var": 39.4005584717}, "melbands_flatness_db": {"dmean": 0.0429773628712, "dmean2": 0.0689007937908, "dvar": 0.00131115550175, "dvar2": 0.00321959564462, "max": 0.643882870674, "mean": 0.316725254059, "median": 0.313226521015, "min": 0.0160276833922, "var": 0.00574606982991}, "melbands_kurtosis": {"dmean": 15.6133346558, "dmean2": 25.6007652283, "dvar": 640.518188477, "dvar2": 1584.68310547, "max": 602.796020508, "mean": 27.7873001099, "median": 13.7282619476, "min": -1.76319217682, "var": 1599.4083252}, "melbands_skewness": {"dmean": 1.11336958408, "dmean2": 1.79809081554, "dvar": 1.0651267767, "dvar2": 2.65607404709, "max": 19.5353279114, "mean": 3.59788632393, "median": 3.1637005806, "min": -1.6492729187, "var": 4.8600025177}, "melbands_spread": {"dmean": 4.01981019974, "dmean2": 6.59508180618, "dvar": 42.4960403442, "dvar2": 109.036048889, "max": 286.684326172, "mean": 11.6251859665, "median": 7.30671977997, "min": 0.19347371161, "var": 494.370544434}, "mfcc": {"cov": [[10414.7617188, 1766.17114258, -781.568481445, 373.171783447, -151.809082031, 118.881629944, -222.061187744, -79.7416687012, -92.0857849121, 12.0914134979, 126.096908569, 6.32511234283, -46.7618484497], [1766.17114258, 1200.31591797, -39.134185791, 12.4566135406, -12.0181713104, 42.3983650208, 4.07077407837, 25.9306583405, 34.2419624329, -21.1584568024, -31.7724876404, -6.75103616714, 19.8797588348], [-781.568481445, -39.134185791, 549.906188965, 1.27725744247, 64.8721237183, -61.7108306885, 81.9128341675, 24.1579093933, 31.6231861115, 25.3490352631, -9.92900657654, 6.53492212296, 1.68253302574], [373.171783447, 12.4566135406, 1.27725744247, 319.513763428, -24.5407791138, 51.8949127197, -22.5092506409, 17.6230278015, -23.192565918, 30.6932010651, 44.6300468445, -13.1275882721, -14.6355257034], [-151.809082031, -12.0181713104, 64.8721237183, -24.5407791138, 153.792175293, 37.8856582642, 42.8985786438, -9.21255970001, 11.4161930084, 4.35499429703, 2.94221186638, 11.7978057861, 0.753612518311], [118.881629944, 42.3983650208, -61.7108306885, 51.8949127197, 37.8856582642, 140.268630981, 40.8264160156, 32.2808532715, 4.1827750206, -9.63799571991, -11.0043449402, -9.38252162933, 9.73811149597], [-222.061187744, 4.07077407837, 81.9128341675, -22.5092506409, 42.8985786438, 40.8264160156, 122.609886169, 61.015007019, 20.5700454712, -20.6584224701, -33.279384613, -9.12073421478, 7.34495067596], [-79.7416687012, 25.9306583405, 24.1579093933, 17.6230278015, -9.21255970001, 32.2808532715, 61.015007019, 93.2462387085, 32.35496521, -10.7716760635, -27.7625770569, -10.1978435516, 7.90099096298], [-92.0857849121, 34.2419624329, 31.6231861115, -23.192565918, 11.4161930084, 4.1827750206, 20.5700454712, 32.35496521, 68.2864532471, 22.413438797, -4.93836069107, 0.777283012867, 5.49539041519], [12.0914134979, -21.1584568024, 25.3490352631, 30.6932010651, 4.35499429703, -9.63799571991, -20.6584224701, -10.7716760635, 22.413438797, 74.4303588867, 48.6940116882, 9.79224300385, -7.85121107101], [126.096908569, -31.7724876404, -9.92900657654, 44.6300468445, 2.94221186638, -11.0043449402, -33.279384613, -27.7625770569, -4.93836069107, 48.6940116882, 83.0955581665, 30.5560722351, -8.39630222321], [6.32511234283, -6.75103616714, 6.53492212296, -13.1275882721, 11.7978057861, -9.38252162933, -9.12073421478, -10.1978435516, 0.777283012867, 9.79224300385, 30.5560722351, 55.6183776855, 22.7701034546], [-46.7618484497, 19.8797588348, 1.68253302574, -14.6355257034, 0.753612518311, 9.73811149597, 7.34495067596, 7.90099096298, 5.49539041519, -7.85121107101, -8.39630222321, 22.7701034546, 51.2069778442]], "icov": [[0.000162395313964, -0.000244051334448, 0.000197066314286, -0.000146346705151, 2.38435095525e-05, 1.88474841707e-05, 2.48703381658e-05, 4.2926381866e-05, 0.000143714161823, -1.98559700948e-06, -0.00015184203221, -8.71299343999e-05, 0.000178735528607], [-0.000244051334448, 0.00124245916959, -0.000278204417555, 0.000120770615467, 6.51391601423e-05, -0.000276319886325, 0.000138128991239, 3.469287185e-05, -0.000892075011507, 0.000376908341423, 0.000409545347793, 0.000121190874779, -0.000468349055154], [0.000197066314286, -0.000278204417555, 0.00290371617302, -0.000921885890421, -0.00100215279963, 0.00233379355632, -0.00237443903461, 0.000435629335698, -0.000112435925985, -0.00158001796808, 0.0011509526521, -0.000685836886987, 3.68663568224e-05], [-0.000146346705151, 0.000120770615467, -0.000921885890421, 0.00487872725353, 0.000549648073502, -0.00238333479501, 0.00206355168484, -0.00304181175306, 0.00275249127299, -0.000907394918613, -0.00326117896475, 0.00256780674681, -0.000248406053288], [2.38435095525e-05, 6.51391601423e-05, -0.00100215279963, 0.000549648073502, 0.00973291415721, -0.0036438035313, -0.0039502796717, 0.00523892790079, -0.00213503977284, -9.72697889665e-05, 0.000157165122801, -0.00299999862909, 0.00206847675145], [1.88474841707e-05, -0.000276319886325, 0.00233379355632, -0.00238333479501, -0.0036438035313, 0.0118654305115, -0.00337883131579, -0.00192757230252, 0.000376146897906, -0.000172942818608, 0.000125871170894, 0.00221352023073, -0.00308468565345], [2.48703381658e-05, 0.000138128991239, -0.00237443903461, 0.00206355168484, -0.0039502796717, -0.00337883131579, 0.0185474548489, -0.0111744161695, 0.00141476572026, 0.00275167729706, -0.000129060834297, 0.00163953541778, -7.87829121691e-05], [4.2926381866e-05, 3.469287185e-05, 0.000435629335698, -0.00304181175306, 0.00523892790079, -0.00192757230252, -0.0111744161695, 0.0245191212744, -0.0105315959081, 0.00188561889809, 0.00391534669325, -0.0019529601559, 0.000180879433174], [0.000143714161823, -0.000892075011507, -0.000112435925985, 0.00275249127299, -0.00213503977284, 0.000376146897906, 0.00141476572026, -0.0105315959081, 0.025879688561, -0.013073336333, 0.00447951909155, -0.0007253200165, -0.00107487128116], [-1.98559700948e-06, 0.000376908341423, -0.00158001796808, -0.000907394918613, -9.72697889665e-05, -0.000172942818608, 0.00275167729706, 0.00188561889809, -0.013073336333, 0.0311063453555, -0.0193247552961, 0.00649336352944, -0.000890595372766], [-0.00015184203221, 0.000409545347793, 0.0011509526521, -0.00326117896475, 0.000157165122801, 0.000125871170894, -0.000129060834297, 0.00391534669325, 0.00447951909155, -0.0193247552961, 0.035579431802, -0.0202574692667, 0.00951866060495], [-8.71299343999e-05, 0.000121190874779, -0.000685836886987, 0.00256780674681, -0.00299999862909, 0.00221352023073, 0.00163953541778, -0.0019529601559, -0.0007253200165, 0.00649336352944, -0.0202574692667, 0.037162669003, -0.0184540115297], [0.000178735528607, -0.000468349055154, 3.68663568224e-05, -0.000248406053288, 0.00206847675145, -0.00308468565345, -7.87829121691e-05, 0.000180879433174, -0.00107487128116, -0.000890595372766, 0.00951866060495, -0.0184540115297, 0.030086459592]], "mean": [-702.554260254, 175.152938843, 8.2270822525, 28.434463501, 5.79145860672, 18.6752586365, 7.90864229202, 10.5028305054, 5.85846424103, 1.31069982052, -0.112773023546, -0.444687604904, 3.14343857765]}, "pitch_salience": {"dmean": 0.0841264650226, "dmean2": 0.140000298619, "dvar": 0.00477018207312, "dvar2": 0.0129972249269, "max": 0.827830791473, "mean": 0.498682558537, "median": 0.508125007153, "min": 0.072168186307, "var": 0.0137975420803}, "silence_rate_20dB": {"dmean": 0.00753332022578, "dmean2": 0.0150680961087, "dvar": 0.0074763558805, "dvar2": 0.0185129567981, "max": 1, "mean": 0.994012534618, "median": 1, "min": 0, "var": 0.00595147442073}, "silence_rate_30dB": {"dmean": 0.122078426182, "dmean2": 0.244180426002, "dvar": 0.107170119882, "dvar2": 0.225496143103, "max": 1, "mean": 0.637856125832, "median": 1, "min": 0, "var": 0.230990976095}, "silence_rate_60dB": {"dmean": 0.00463588954881, "dmean2": 0.00927267502993, "dvar": 0.00461405236274, "dvar2": 0.0111171649769, "max": 1, "mean": 0.0505070015788, "median": 0, "min": 0, "var": 0.0479556024075}, "spectral_centroid": {"dmean": 165.997848511, "dmean2": 263.729431152, "dvar": 43174.0859375, "dvar2": 93513.75, "max": 11085.2021484, "mean": 702.024536133, "median": 559.49005127, "min": 130.988571167, "var": 508244.03125}, "spectral_complexity": {"dmean": 3.1043074131, "dmean2": 4.60948514938, "dvar": 10.6427612305, "dvar2": 20.3658866882, "max": 43, "mean": 13.4203767776, "median": 12, "min": 0, "var": 62.8544235229}, "spectral_contrast_coeffs": {"dmean": [0.0596022643149, 0.0498877689242, 0.0391852706671, 0.0295634195209, 0.0243039373308, 0.0394547246397], "dmean2": [0.100569233298, 0.0828419476748, 0.0642993971705, 0.0482571721077, 0.0382420532405, 0.0616096816957], "dvar": [0.00214704754762, 0.00158657121938, 0.000989734428003, 0.000565065594856, 0.000448720296845, 0.0014113917714], "dvar2": [0.00590008404106, 0.00433843862265, 0.00256366189569, 0.00147376325913, 0.00102762237657, 0.00329500599764], "max": [-0.341444790363, -0.4991504848, -0.527969896793, -0.632516741753, -0.705401360989, -0.514628887177], "mean": [-0.687252640724, -0.775759398937, -0.794684112072, -0.829263389111, -0.843321919441, -0.794251322746], "median": [-0.689687013626, -0.781101107597, -0.798900544643, -0.830537199974, -0.841376006603, -0.807288765907], "min": [-0.973244607449, -0.965224266052, -0.968748807907, -0.976291656494, -0.967198312283, -0.958594918251], "var": [0.00645666848868, 0.00496286246926, 0.0035129818134, 0.00245320633985, 0.00166139844805, 0.00391678325832]}, "spectral_contrast_valleys": {"dmean": [0.405288517475, 0.432876467705, 0.370389014482, 0.378708809614, 0.41713398695, 0.607360541821], "dmean2": [0.658955156803, 0.678725481033, 0.565743565559, 0.566345691681, 0.610747694969, 0.97091293335], "dvar": [0.118372149765, 0.139383032918, 0.107791669667, 0.133613049984, 0.165938511491, 0.283173650503], "dvar2": [0.272962599993, 0.303571552038, 0.215647101402, 0.271338552237, 0.344578415155, 0.687636077404], "max": [-4.63980197906, -4.466796875, -4.90291023254, -5.76366186142, -6.30139017105, -8.68317985535], "mean": [-6.58068037033, -6.73226690292, -7.20666885376, -7.94183492661, -8.24247074127, -11.025639534], "median": [-6.26048994064, -6.42259502411, -6.96094465256, -7.68178129196, -7.99819374084, -10.8498106003], "min": [-27.4515686035, -26.9201717377, -27.094745636, -27.2028198242, -27.2342586517, -27.2942390442], "var": [2.53916788101, 2.24990391731, 2.04268217087, 1.91491472721, 1.61023449898, 1.298838377]}, "spectral_decrease": {"dmean": 7.06716196675e-09, "dmean2": 1.17245217979e-08, "dvar": 8.63376845018e-17, "dvar2": 2.24644757845e-16, "max": 4.14813605687e-08, "mean": -6.08630879029e-09, "median": -3.49882123274e-09, "min": -1.81513414077e-07, "var": 1.15383423645e-16}, "spectral_energy": {"dmean": 0.0335777699947, "dmean2": 0.0524786897004, "dvar": 0.00181820627768, "dvar2": 0.00434142630547, "max": 0.725044727325, "mean": 0.0909500345588, "median": 0.0766012594104, "min": 3.137594351e-11, "var": 0.00518215959892}, "spectral_energyband_high": {"dmean": 0.000265471986495, "dmean2": 0.000396656017983, "dvar": 2.20367212478e-07, "dvar2": 4.91616049203e-07, "max": 0.00802315492183, "mean": 0.000466650672024, "median": 0.000199495843844, "min": 2.57583581201e-12, "var": 4.35994536474e-07}, "spectral_energyband_low": {"dmean": 0.0232299100608, "dmean2": 0.0384757220745, "dvar": 0.00106913747732, "dvar2": 0.00273510697298, "max": 0.6860216856, "mean": 0.0385800153017, "median": 0.027408933267, "min": 2.24036568919e-13, "var": 0.0016810396919}, "spectral_energyband_middle_high": {"dmean": 0.00168657011818, "dmean2": 0.00249465042725, "dvar": 1.13466539915e-05, "dvar2": 2.36697960645e-05, "max": 0.0877367630601, "mean": 0.00410244427621, "median": 0.00182418141048, "min": 4.05704793762e-13, "var": 4.90403363074e-05}, "spectral_energyband_middle_low": {"dmean": 0.00672239251435, "dmean2": 0.0106039941311, "dvar": 0.000126819722936, "dvar2": 0.000307674810756, "max": 0.242239847779, "mean": 0.0137586491182, "median": 0.00944779906422, "min": 5.12628839117e-13, "var": 0.000246413284913}, "spectral_entropy": {"dmean": 0.262927353382, "dmean2": 0.414337515831, "dvar": 0.0578651055694, "dvar2": 0.144987985492, "max": 9.80045032501, "mean": 7.23837423325, "median": 7.25349235535, "min": 5.54554462433, "var": 0.20577827096}, "spectral_flux": {"dmean": 0.0409166254103, "dmean2": 0.0655974671245, "dvar": 0.00187350576743, "dvar2": 0.00442206766456, "max": 0.604398071766, "mean": 0.158735737205, "median": 0.154338985682, "min": 1.32663026307e-05, "var": 0.00598456058651}, "spectral_kurtosis": {"dmean": 6.26370048523, "dmean2": 9.93084144592, "dvar": 39.9092750549, "dvar2": 102.294334412, "max": 86.3282012939, "mean": 20.9379482269, "median": 19.3785419464, "min": -1.19695031643, "var": 98.4652481079}, "spectral_rms": {"dmean": 0.00163630524185, "dmean2": 0.00249937502667, "dvar": 2.67897758022e-06, "dvar2": 6.1001760514e-06, "max": 0.0265962537378, "mean": 0.00859510712326, "median": 0.00864482112229, "min": 1.74959069454e-07, "var": 1.48554127009e-05}, "spectral_rolloff": {"dmean": 1278.77941895, "dmean2": 2511.00268555, "dvar": 22622722, "dvar2": 63873028, "max": 22050, "mean": 20947.8808594, "median": 21942.3339844, "min": 43.06640625, "var": 17448304}, "spectral_skewness": {"dmean": 0.513829052448, "dmean2": 0.803841948509, "dvar": 0.233276113868, "dvar2": 0.581481456757, "max": 7.47590970993, "mean": 3.35868811607, "median": 3.30667638779, "min": -0.0377872660756, "var": 0.790756881237}, "spectral_spread": {"dmean": 662957.875, "dmean2": 1063301, "dvar": 417741144064, "dvar2": 996804526080, "max": 41028168, "mean": 4573246.5, "median": 4320462, "min": 1816412.75, "var": 2625988