{"lowlevel": {"average_loudness": 0.81008887291, "barkbands": {"dmean": [0.000102128302387, 0.00272513623349, 0.00147189421114, 0.00147130840924, 0.00170157011598, 0.000938484270591, 0.0014343712246, 0.00126543210354, 0.000679735501762, 0.000590670970269, 0.000556208309717, 0.000383989710826, 0.000519074208569, 0.000299994659144, 0.000230808378546, 0.000176680332515, 0.000191817598534, 0.000133229681524, 0.000168073718669, 0.000143927638419, 0.000153884815518, 0.000238324966631, 0.000166775484104, 0.000181378927664, 0.0001370452228, 9.54976931098e-05, 6.33483978163e-06], "dmean2": [0.000154956636834, 0.00427717715502, 0.00225126533769, 0.00242832512595, 0.0028071005363, 0.00131374213379, 0.00215932657011, 0.00197227299213, 0.00101519445889, 0.000947045744397, 0.000896532321349, 0.000606258457992, 0.000805241405033, 0.000451857107691, 0.000359503610525, 0.000276089151157, 0.000286105001578, 0.000209069286939, 0.000257324776612, 0.00022254131909, 0.000225083887926, 0.000369055313058, 0.000241986941546, 0.000241971094511, 0.000180848364835, 0.000125548322103, 9.79846481641e-06], "dvar": [6.44121129767e-08, 4.15665999753e-05, 1.83369556908e-05, 1.28871197376e-05, 9.15165583137e-06, 3.44947898157e-06, 7.74040745455e-06, 7.16665408618e-06, 1.99719261218e-06, 2.91351443593e-06, 2.78744960269e-06, 8.50926937801e-07, 1.32426600885e-06, 1.02025092019e-06, 3.15915940519e-07, 2.01355092599e-07, 2.52822616176e-07, 7.43083816701e-08, 1.47621705082e-07, 9.41275075661e-08, 1.23015823306e-07, 3.77126553985e-07, 1.42034963346e-07, 3.76806497115e-07, 9.65992370539e-08, 3.49103252972e-08, 2.49304632494e-10], "dvar2": [1.37889529128e-07, 0.000100833014585, 4.15930408053e-05, 3.34975193255e-05, 2.42333426286e-05, 6.41097858534e-06, 1.77696565515e-05, 1.67256803252e-05, 4.54083874502e-06, 7.77275181463e-06, 7.47186004446e-06, 2.12008535527e-06, 3.04144282381e-06, 2.23289839596e-06, 7.21420349237e-07, 4.50887966963e-07, 4.92622802994e-07, 1.71379468838e-07, 3.31705024337e-07, 2.11571887121e-07, 2.60587654566e-07, 9.33664409786e-07, 2.96631498031e-07, 6.38966753286e-07, 1.44318562434e-07, 6.25865723691e-08, 5.82474513067e-10], "max": [0.00576873729005, 0.0869359374046, 0.107867702842, 0.0553758442402, 0.0453759841621, 0.084793806076, 0.0601122453809, 0.0520358048379, 0.0342171601951, 0.048999145627, 0.0716946423054, 0.0235375836492, 0.0298934411258, 0.033136293292, 0.0151359019801, 0.00944971200079, 0.0175095275044, 0.00693742418662, 0.0157580655068, 0.00767914671451, 0.00583066511899, 0.0123928813264, 0.0114613529295, 0.0432106107473, 0.0147363133729, 0.00512895919383, 0.00032391725108], "mean": [0.000147198530613, 0.00466200476512, 0.00226901960559, 0.00177591026295, 0.00270646554418, 0.00202563684434, 0.00246818177402, 0.00221104896627, 0.00134726183023, 0.000993463327177, 0.000890330236871, 0.000648966466542, 0.00105831923429, 0.00051463174168, 0.000369515561033, 0.000277374871075, 0.000325720902765, 0.000225808063988, 0.000235844869167, 0.00022249048925, 0.000244595488766, 0.000335795048159, 0.000295637728414, 0.000347923050867, 0.000244646158535, 0.000164925877471, 7.07015624357e-06], "median": [2.52099853242e-05, 0.00146557297558, 0.000654070114251, 0.000504897790961, 0.00150352041237, 0.000752024003305, 0.000910436501727, 0.000369284127373, 0.000488020305056, 0.000275997648714, 0.00022307143081, 0.000139753916301, 0.000177900335984, 6.54462055536e-05, 9.15433774935e-05, 7.01986864442e-05, 6.76796771586e-05, 8.68158531375e-05, 8.82751846802e-05, 8.16235260572e-05, 6.28714333288e-05, 9.15125565371e-05, 0.000118881878734, 0.000155226938659, 9.97816896415e-05, 6.36506229057e-05, 9.84860434983e-07], "min": [3.45948589794e-25, 8.99346081479e-24, 2.64296171153e-24, 2.56057702289e-24, 8.59812159442e-24, 1.96039728893e-23, 1.09215315305e-23, 2.16390304987e-23, 5.28321005709e-23, 2.37367015758e-23, 3.13667346451e-23, 2.75417847739e-23, 2.88943467493e-23, 2.67405261307e-23, 5.30061390638e-23, 7.76478818235e-23, 1.02215446415e-22, 1.37749932015e-22, 1.68739947712e-22, 2.24895509811e-22, 3.05056046146e-22, 3.78188702718e-22, 5.05440170884e-22, 6.47813282187e-22, 9.59642500687e-22, 1.39373834374e-21, 2.1411808455e-21], "var": [1.0685866414e-07, 5.75094127271e-05, 2.85280748358e-05, 1.28671845232e-05, 1.25519936773e-05, 1.25156129798e-05, 1.69520899362e-05, 1.95130960492e-05, 6.72613123243e-06, 6.03881107963e-06, 4.65558923679e-06, 1.85479268566e-06, 4.95776384923e-06, 3.07395907839e-06, 7.43625889754e-07, 4.15344544535e-07, 7.78283549607e-07, 1.74984847945e-07, 1.96632512939e-07, 1.61968628731e-07, 2.27886957305e-07, 5.27204463197e-07, 3.06939142547e-07, 8.50919207096e-07, 2.99332981513e-07, 9.21735434645e-08, 3.25184740246e-10]}, "barkbands_crest": {"dmean": 2.58803296089, "dmean2": 4.19540739059, "dvar": 5.42478752136, "dvar2": 13.6075019836, "max": 25.6793212891, "mean": 9.43304824829, "median": 8.72175884247, "min": 2.19107198715, "var": 13.4388904572}, "barkbands_flatness_db": {"dmean": 0.0219654068351, "dmean2": 0.0322085693479, "dvar": 0.000435074762208, "dvar2": 0.000885653542355, "max": 0.459778338671, "mean": 0.118043750525, "median": 0.11265707016, "min": 0.0206737648696, "var": 0.00200539943762}, "barkbands_kurtosis": {"dmean": 2.80367398262, "dmean2": 4.25340557098, "dvar": 58.2073669434, "dvar2": 125.794654846, "max": 291.045318604, "mean": 4.01367425919, "median": 1.98048591614, "min": -1.95858645439, "var": 102.134140015}, "barkbands_skewness": {"dmean": 0.534847438335, "dmean2": 0.806762516499, "dvar": 0.408575177193, "dvar2": 0.865313351154, "max": 16.424697876, "mean": 1.44560015202, "median": 1.34185791016, "min": -7.44995927811, "var": 1.48568928242}, "barkbands_spread": {"dmean": 7.75836133957, "dmean2": 11.5876169205, "dvar": 81.8813552856, "dvar2": 176.703353882, "max": 111.159446716, "mean": 28.1422977448, "median": 23.8700122833, "min": 0.334987521172, "var": 279.554382324}, "dissonance": {"dmean": 0.0242884196341, "dmean2": 0.0399254746735, "dvar": 0.000546217372175, "dvar2": 0.00146106688771, "max": 0.499999970198, "mean": 0.447555631399, "median": 0.455369889736, "min": 0.25964653492, "var": 0.00134932633955}, "dynamic_complexity": 4.36657762527, "erbbands": {"dmean": [0.0801633670926, 0.632081925869, 1.5990203619, 3.00234985352, 5.91958808899, 6.16281032562, 6.2132897377, 8.397772789, 14.9944934845, 26.2636890411, 22.9543552399, 17.2192497253, 12.9802732468, 26.4613571167, 16.5276851654, 16.5596008301, 22.1436729431, 18.2352161407, 11.919049263, 8.72020244598, 9.28667259216, 8.52140140533, 7.80599594116, 6.77108430862, 8.59380245209, 6.50768709183, 6.76671218872, 6.06663560867, 8.29249000549, 7.45922136307, 4.55519533157, 3.88750076294, 3.05232977867, 1.55303120613, 1.01545345783, 0.488763868809, 0.158988326788, 0.0292244069278, 0.000592126161791, 2.70735199592e-05], "dmean2": [0.123132549226, 1.01566100121, 2.47261309624, 4.77077674866, 10.1401672363, 9.96744537354, 9.31155776978, 11.6454000473, 22.4508743286, 40.4625167847, 34.8360671997, 25.6621189117, 19.7745952606, 42.5761528015, 26.2737407684, 26.2200317383, 34.4110679626, 27.860490799, 18.5219745636, 13.4486665726, 14.1492795944, 12.8024969101, 11.9083957672, 10.2184009552, 13.2205753326, 9.85089874268, 10.374830246, 8.58651542664, 12.8800258636, 11.8619585037, 6.44896316528, 5.34514904022, 4.19446849823, 2.02441716194, 1.37396657467, 0.653045296669, 0.213519260287, 0.0407436899841, 0.000820158631541, 3.48973699147e-05], "dvar": [0.0409812107682, 2.24418210983, 18.9019374847, 38.9223213196, 257.371276855, 107.338317871, 142.951095581, 363.005310059, 811.054016113, 2295.18530273, 2616.17041016, 1165.67736816, 868.633117676, 7388.95019531, 1750.13256836, 1432.41467285, 2421.22021484, 3326.39526367, 823.780822754, 638.607788086, 515.788757324, 434.513549805, 259.011169434, 209.041824341, 377.990844727, 189.874023438, 244.212219238, 186.304916382, 453.949829102, 365.949493408, 111.051246643, 115.093589783, 132.953125, 19.4118556976, 4.71890497208, 0.93147110939, 0.102018244565, 0.00399814080447, 1.62826415817e-06, 2.09294981346e-09], "dvar2": [0.0943825319409, 5.61427259445, 44.0557785034, 93.3343658447, 701.06036377, 282.64352417, 312.011505127, 653.092834473, 1833.61584473, 5576.71386719, 5863.68261719, 2620.09472656, 1912.92651367, 19478.0722656, 4404.0546875, 3624.06860352, 5526.75439453, 7362.98339844, 1974.41027832, 1467.59448242, 1098.12451172, 900.135864258, 584.981628418, 438.139404297, 848.418823242, 407.963653564, 568.828369141, 367.844696045, 1111.8359375, 926.949768066, 232.830734253, 215.972640991, 240.208877563, 28.2311267853, 8.34276866913, 1.61407792568, 0.193044543266, 0.007997604087, 3.23193489749e-06, 3.6199434561e-09], "max": [3.9689412117, 20.7386493683, 93.6326980591, 123.089904785, 194.738708496, 151.730331421, 378.810180664, 975.972229004, 758.346618652, 785.310913086, 1185.85449219, 855.264892578, 783.221069336, 2409.05395508, 1448.98242188, 749.957885742, 1341.02636719, 1972.52404785, 975.698547363, 696.896789551, 566.492736816, 732.40020752, 394.97442627, 420.948181152, 711.712646484, 365.542297363, 263.607818604, 289.856445313, 515.370056152, 434.809265137, 325.241149902, 593.23614502, 761.301208496, 269.697784424, 90.5348358154, 33.7430038452, 8.33639812469, 1.16490709782, 0.0247795917094, 0.00118113250937], "mean": [0.132058426738, 1.0514434576, 2.62882232666, 4.30074739456, 6.85916185379, 10.7519235611, 12.0948429108, 17.4514789581, 27.8267650604, 46.8977203369, 43.1820831299, 35.2442436218, 24.4704017639, 42.6352043152, 31.3495521545, 31.3508014679, 47.5366096497, 35.7515106201, 22.7196655273, 14.3197641373, 17.0653324127, 16.1156711578, 13.8584241867, 10.8735351563, 12.2547988892, 10.2773418427, 10.0482215881, 9.82808685303, 11.7778759003, 10.6350078583, 8.19315624237, 7.29833173752, 5.6549487114, 2.81792497635, 1.72059524059, 0.86036413908, 0.267572700977, 0.0425006188452, 0.000882919994183, 6.51145892334e-05], "median": [0.030979283154, 0.347269892693, 1.0501806736, 1.70320177078, 3.02780151367, 5.49285745621, 5.39907312393, 6.25810909271, 12.0046072006, 16.4023628235, 10.4657697678, 14.7204914093, 9.24374008179, 12.6750164032, 8.85420131683, 8.59199333191, 10.0581970215, 6.62354564667, 5.81116056442, 4.75607919693, 4.38598918915, 3.93023204803, 5.07546615601, 4.63604831696, 4.55593347549, 3.85636806488, 2.7612195015, 2.5274066925, 3.13665390015, 3.42174100876, 3.40497922897, 3.21739292145, 2.43147373199, 1.18312215805, 0.673467278481, 0.350902885199, 0.0994346961379, 0.011003613472, 0.000247300311457, 4.39412797277e-05], "min": [1.47772163691e-22, 1.90438747046e-21, 2.9890118928e-21, 1.56471633401e-20, 3.05943703234e-20, 3.38345434115e-20, 1.18388338166e-19, 1.93841440122e-19, 1.2422272737e-19, 4.25965548626e-19, 4.06296408581e-19, 1.29052004241e-18, 7.82755792081e-19, 1.27786707417e-18, 1.7020106541e-18, 1.31133180322e-18, 1.66794063563e-18, 2.28212306763e-18, 2.31115607316e-18, 3.73626977496e-18, 3.83000215967e-18, 5.8959676304e-18, 8.00338188085e-18, 7.92602229561e-18, 1.0003614617e-17, 1.07873136535e-17, 1.14389590954e-17, 1.17388269567e-17, 1.39952127132e-17, 1.43766554722e-17, 1.47231978267e-17, 1.27343338609e-17, 1.09848816069e-17, 9.34093210417e-18, 7.08139727112e-18, 4.47638135624e-18, 2.30497248449e-18, 1.11817106812e-18, 2.86110710341e-19, 2.81676388948e-20], "var": [0.0598637424409, 2.87570095062, 29.2334041595, 51.6691436768, 201.217315674, 219.934020996, 389.11706543, 1174.25317383, 1885.03100586, 5636.09570313, 8533.97363281, 3778.31494141, 1959.35412598, 15035.8642578, 4530.61132813, 3504.92114258, 9846.609375, 10564.9160156, 2679.7890625, 1163.21630859, 1568.28308105, 1491.73352051, 696.084228516, 354.390930176, 523.033203125, 334.294769287, 384.983886719, 374.39743042, 655.899108887, 495.365600586, 238.103668213, 270.88079834, 262.323944092, 52.8916969299, 13.5789051056, 2.59723114967, 0.246860027313, 0.00755826244131, 3.13647569783e-06, 5.76219427728e-09]}, "erbbands_crest": {"dmean": 2.75673270226, "dmean2": 4.41072702408, "dvar": 6.29469966888, "dvar2": 15.0931138992, "max": 32.2193870544, "mean": 9.94806957245, "median": 8.95566940308, "min": 2.22953295708, "var": 22.8455066681}, "erbbands_flatness_db": {"dmean": 0.0193905550987, "dmean2": 0.0269318092614, "dvar": 0.000336081167916, "dvar2": 0.000600790488534, "max": 0.344334244728, "mean": 0.1377787292, "median": 0.131932199001, "min": 0.0356032699347, "var": 0.00176100386307}, "erbbands_kurtosis": {"dmean": 1.50010311604, "dmean2": 2.30972909927, "dvar": 5.34110403061, "dvar2": 11.6008024216, "max": 53.1825561523, "mean": 1.79181480408, "median": 0.695042312145, "min": -1.88482964039, "var": 14.2200260162}, "erbbands_skewness": {"dmean": 0.448872923851, "dmean2": 0.666996896267, "dvar": 0.203041821718, "dvar2": 0.431551277637, "max": 4.85332870483, "mean": 0.56356793642, "median": 0.622354745865, "min": -6.18230581284, "var": 1.06935465336}, "erbbands_spread": {"dmean": 10.4217672348, "dmean2": 15.3498315811, "dvar": 127.728713989, "dvar2": 274.275360107, "max": 201.54460144, "mean": 42.8866500854, "median": 40.1928825378, "min": 1.90564000607, "var": 545.24822998}, "gfcc": {"cov": [[16688.7480469, -340.080535889, -148.922042847, -77.1352462769, -496.424530029, 250.528717041, -113.252914429, 40.2798194885, -324.333496094, 79.0063323975, -365.566894531, 3.04456591606, -297.585266113], [-340.080535889, 1146.21862793, -35.065284729, -210.186569214, 178.226715088, 102.726623535, 119.930343628, 93.4922561646, 107.198043823, -13.3866519928, 189.499694824, -3.70428109169, 54.0618362427], [-148.922042847, -35.065284729, 589.537841797, 209.280181885, -7.33394956589, -3.76361298561, 21.8647174835, 99.297088623, 48.4906806946, -9.94862651825, -21.2134380341, 35.4532279968, 15.3878746033], [-77.1352462769, -210.186569214, 209.280181885, 661.728088379, 241.207794189, -131.130264282, -72.850112915, 51.2287254333, 69.8077697754, -81.0753097534, -120.53465271, -8.39586734772, 34.5643959045], [-496.424530029, 178.226715088, -7.33394956589, 241.207794189, 509.342926025, 77.0827331543, 9.10261821747, 25.081029892, 50.6205978394, -14.9822282791, -10.7108430862, -32.4681587219, 30.0345973969], [250.528717041, 102.726623535, -3.76361298561, -131.130264282, 77.0827331543, 334.385406494, 168.246826172, -40.7508201599, -47.5190391541, 80.054359436, 59.6373062134, -39.6972427368, -32.5910301208], [-113.252914429, 119.930343628, 21.8647174835, -72.850112915, 9.10261821747, 168.246826172, 265.357086182, 3.11407113075, -34.6779060364, 43.8310966492, 59.0150337219, -36.6118621826, -47.2942695618], [40.2798194885, 93.4922561646, 99.297088623, 51.2287254333, 25.081029892, -40.7508201599, 3.11407113075, 181.196212769, 89.8902206421, -28.7981758118, 6.20321750641, 30.1781139374, 31.1904659271], [-324.333496094, 107.198043823, 48.4906806946, 69.8077697754, 50.6205978394, -47.5190391541, -34.6779060364, 89.8902206421, 144.203048706, 4.38550519943, 4.3737206459, 9.73742008209, 34.1940994263], [79.0063323975, -13.3866519928, -9.94862651825, -81.0753097534, -14.9822282791, 80.054359436, 43.8310966492, -28.7981758118, 4.38550519943, 121.479911804, 47.8343811035, -13.997633934, -25.1981716156], [-365.566894531, 189.499694824, -21.2134380341, -120.53465271, -10.7108430862, 59.6373062134, 59.0150337219, 6.20321750641, 4.3737206459, 47.8343811035, 151.910079956, 33.4075164795, 5.99136257172], [3.04456591606, -3.70428109169, 35.4532279968, -8.39586734772, -32.4681587219, -39.6972427368, -36.6118621826, 30.1781139374, 9.73742008209, -13.997633934, 33.4075164795, 101.239753723, 53.2364425659], [-297.585266113, 54.0618362427, 15.3878746033, 34.5643959045, 30.0345973969, -32.5910301208, -47.2942695618, 31.1904659271, 34.1940994263, -25.1981716156, 5.99136257172, 53.2364425659, 102.44329834]], "icov": [[9.51664842432e-05, -0.000138032366522, 0.00010404735076, -0.000141359996633, 0.000170908155269, -0.000233792961808, 0.000213538238313, -0.000306174712023, 0.000375822884962, -0.000300495768897, 0.000488736666739, -0.000384575832868, 0.000420583121013], [-0.000138032366522, 0.00192559522111, -0.000346650311258, 0.00107036693953, -0.0010000008624, 0.000454032211564, -0.000833332014736, 0.000492003164254, -0.00190065742936, 0.00207404093817, -0.00283194938675, 0.00188219174743, -0.00149103230797], [0.00010404735076, -0.000346650311258, 0.00245075835846, -0.00128241535276, 0.000861949811224, -0.000874802295584, 0.000135216629133, -0.00148810970131, 0.000553124933504, -0.00088024843717, 0.000977856805548, -0.00150260364171, 0.000856752565596], [-0.000141359996633, 0.00107036693953, -0.00128241535276, 0.00363132357597, -0.00215752818622, 0.00166797300335, -0.000993760069832, 0.00108963996172, -0.00190774910152, 0.00180916185491, -0.000163809410878, 0.00116320233792, -0.00114853365812], [0.000170908155269, -0.0010000008624, 0.000861949811224, -0.00215752818622, 0.00377116538584, -0.00206985976547, 0.0010637587402, -0.000872760079801, 0.000623951491434, -0.000729367369786, 0.000988481799141, -7.73310675868e-05, 0.000210059588426], [-0.000233792961808, 0.000454032211564, -0.000874802295584, 0.00166797300335, -0.00206985976547, 0.00678561348468, -0.0035076464992, 0.00132182997186, 0.000372871378204, -0.00160237192176, -0.00131348473951, 0.00210511614569, -0.00214205309749], [0.000213538238313, -0.000833332014736, 0.000135216629133, -0.000993760069832, 0.0010637587402, -0.0035076464992, 0.0073585701175, -0.00250825309195, 0.00270385132171, -0.000951612542849, -0.000530219636858, 0.000567375333048, 0.0027077102568], [-0.000306174712023, 0.000492003164254, -0.00148810970131, 0.00108963996172, -0.000872760079801, 0.00132182997186, -0.00250825309195, 0.0111190872267, -0.00763916177675, 0.00396536011249, -0.00151631771587, -0.00102922262158, -0.00101136195008], [0.000375822884962, -0.00190065742936, 0.000553124933504, -0.00190774910152, 0.000623951491434, 0.000372871378204, 0.00270385132171, -0.00763916177675, 0.0155645245686, -0.00631789024919, 0.00246741529554, 0.000504654133692, -0.000990639557131], [-0.000300495768897, 0.00207404093817, -0.00088024843717, 0.00180916185491, -0.000729367369786, -0.00160237192176, -0.000951612542849, 0.00396536011249, -0.00631789024919, 0.0152099607512, -0.0064484863542, 0.00278828362934, 0.000390008091927], [0.000488736666739, -0.00283194938675, 0.000977856805548, -0.000163809410878, 0.000988481799141, -0.00131348473951, -0.000530219636858, -0.00151631771587, 0.00246741529554, -0.0064484863542, 0.0158649701625, -0.00859641097486, 0.00346148875542], [-0.000384575832868, 0.00188219174743, -0.00150260364171, 0.00116320233792, -7.73310675868e-05, 0.00210511614569, 0.000567375333048, -0.00102922262158, 0.000504654133692, 0.00278828362934, -0.00859641097486, 0.0207246150821, -0.0107592530549], [0.000420583121013, -0.00149103230797, 0.000856752565596, -0.00114853365812, 0.000210059588426, -0.00214205309749, 0.0027077102568, -0.00101136195008, -0.000990639557131, 0.000390008091927, 0.00346148875542, -0.0107592530549, 0.0186592210084]], "mean": [-0.0925784632564, 61.9926605225, -92.4090652466, 23.4149608612, -69.5198822021, 20.5750713348, -43.149887085, 15.5040788651, -26.9808883667, 8.45664596558, -16.583650589, 4.96117544174, -18.024438858]}, "hfc": {"dmean": 9.88532829285, "dmean2": 12.8153181076, "dvar": 274.12802124, "dvar2": 441.345367432, "max": 637.753540039, "mean": 27.7351951599, "median": 19.8508224487, "min": 1.11232618096e-16, "var": 911.504760742}, "melbands": {"dmean": [0.000732891610824, 0.000815274426714, 0.000646715401672, 0.000404525635531, 0.000223492519581, 0.00018403797003, 0.000260675296886, 0.000290853378829, 0.000173807376996, 0.000109336404421, 6.43859966658e-05, 0.000107279258373, 5.79958032176e-05, 5.1326052926e-05, 3.9198599552e-05, 5.5027903727e-05, 3.45367698174e-05, 2.0062780095e-05, 1.52304346557e-05, 1.23604359032e-05, 1.22420633488e-05, 9.95364644041e-06, 8.66198297444e-06, 6.17101659373e-06, 5.68449877392e-06, 7.27969973013e-06, 5.40894779988e-06, 4.51567848359e-06, 4.26197175329e-06, 4.32707020082e-06, 3.48999083144e-06, 4.47610636911e-06, 5.65006075703e-06, 3.73246666641e-06, 2.7525063615e-06, 2.58673912867e-06, 2.46147760663e-06, 2.383930223e-06, 1.79368407771e-06, 1.2270887737e-06], "dmean2": [0.00113691377919, 0.00126545422245, 0.00105609395541, 0.000672458321787, 0.000343556661392, 0.000255203602137, 0.000390094937757, 0.000450037012342, 0.000262860383373, 0.000162159558386, 9.84082362265e-05, 0.000173065651325, 9.24962514546e-05, 8.14267041278e-05, 5.98928636464e-05, 8.46191833261e-05, 5.31008699909e-05, 3.15184952342e-05, 2.35410516325e-05, 1.92113420781e-05, 1.89728343685e-05, 1.5061375052e-05, 1.3240915905e-05, 9.64286209637e-06, 8.81858159119e-06, 1.12957113743e-05, 8.71462725627e-06, 7.01442695572e-06, 6.6893408075e-06, 6.6623974817e-06, 4.97532664667e-06, 7.01149110682e-06, 9.39332949201e-06, 5.91649040871e-06, 4.00808949053e-06, 3.60136732525e-06, 3.49654396814e-06, 3.34200649377e-06, 2.50390598922e-06, 1.64689231497e-06], "dvar": [3.1858080547e-06, 3.69518852494e-06, 2.16510647988e-06, 6.24057065579e-07, 1.50921707132e-07, 1.53869066821e-07, 2.47424310373e-07, 2.92158176762e-07, 1.66260861079e-07, 4.54682052009e-08, 2.27172272105e-08, 1.21523825669e-07, 2.46462352749e-08, 1.48618974904e-08, 8.11357026009e-09, 1.67659290895e-08, 1.51233869872e-08, 2.77250156167e-09, 1.84126180969e-09, 1.15459719563e-09, 1.01328667679e-09, 6.78145206656e-10, 3.95446758672e-10, 1.89875781764e-10, 1.69134123373e-10, 2.70340555497e-10, 1.72268213583e-10, 1.02434977167e-10, 9.22719886609e-11, 1.10960622635e-10, 5.79630128617e-11, 1.18938692228e-10, 2.48679854487e-10, 8.46809219968e-11, 4.27977792095e-11, 3.55296625454e-11, 6.10462999595e-11, 1.00827873828e-10, 3.68867436595e-11, 1.28259416976e-11], "dvar2": [7.55948258302e-06, 8.69658560987e-06, 5.58848114451e-06, 1.64031462191e-06, 3.4807894167e-07, 2.80133775732e-07, 5.60524313187e-07, 7.12205462605e-07, 3.69437771042e-07, 1.00620027865e-07, 5.08718009939e-08, 3.22119291241e-07, 6.4575971237e-08, 3.77132316487e-08, 1.79778254505e-08, 3.72548107919e-08, 3.33126628504e-08, 6.5832410634e-09, 4.10657241545e-09, 2.73275868601e-09, 2.26910312762e-09, 1.3883388883e-09, 8.64395666156e-10, 4.47764408884e-10, 3.67827296399e-10, 6.34145902456e-10, 3.90955406937e-10, 2.29724031464e-10, 2.20899604164e-10, 2.67512206831e-10, 1.09797788916e-10, 2.75900802205e-10, 6.56626919504e-10, 2.08150482961e-10, 9.31821911299e-11, 7.47947537239e-11, 1.17579265768e-10, 1.92290253165e-10, 7.51073161998e-11, 2.15437494233e-11], "max": [0.029181888327, 0.0413539819419, 0.0197074208409, 0.011485456489, 0.0097767021507, 0.019374391064, 0.0108430366963, 0.00739218387753, 0.011797436513, 0.00466103339568, 0.00411744788289, 0.00950538087636, 0.00608757371083, 0.00353337521665, 0.0023165368475, 0.00406467681751, 0.00427291914821, 0.00163415807765, 0.00114893773571, 0.000991872395389, 0.000886270776391, 0.00101565790828, 0.000497336732224, 0.000394990929635, 0.000415720365709, 0.000659798097331, 0.000477331195725, 0.000331117218593, 0.000169769380591, 0.000175373032107, 0.000185286975466, 0.000328326364979, 0.000282061839243, 0.000218374974793, 0.000236089326791, 0.000194979846128, 0.00048690897529, 0.000721695309039, 0.0003769438772, 0.00024589264649], "mean": [0.00124427117407, 0.00140581314918, 0.000853494857438, 0.00062112044543, 0.00044156430522, 0.000385723280488, 0.00047388963867, 0.000522501533851, 0.00032448163256, 0.000213457111386, 0.000114197391667, 0.00016860254982, 0.000101128738606, 9.00726663531e-05, 7.49983155401e-05, 0.000109806642286, 6.06150679232e-05, 3.58917095582e-05, 2.31942776736e-05, 1.82935182238e-05, 2.1615445803e-05, 1.77671845449e-05, 1.4317057321e-05, 1.0390856005e-05, 8.40844586492e-06, 9.28512235987e-06, 7.71821669332e-06, 6.71087627779e-06, 6.00166504228e-06, 6.25393204245e-06, 5.46665432921e-06, 6.50001220492e-06, 6.93840001986e-06, 5.45875718672e-06, 4.69066480946e-06, 4.49374419986e-06, 4.45930663773e-06, 4.20685819336e-06, 3.12110091727e-06, 2.11470569411e-06], "median": [0.000363657745766, 0.000626169028692, 0.000345480279066, 0.000330124108586, 0.000225749536185, 0.000135645910632, 0.000189316313481, 0.000178865622729, 6.88273576088e-05, 8.2932820078e-05, 3.70546003978e-05, 4.19476782554e-05, 2.65366907115e-05, 2.26729061978e-05, 1.69935647136e-05, 1.87649930012e-05, 7.32210992282e-06, 7.75010903453e-06, 6.14668078924e-06, 4.33728928328e-06, 4.50658808404e-06, 3.68880500901e-06, 4.13103271057e-06, 4.00273256673e-06, 3.34725041284e-06, 3.179104624e-06, 2.88349838229e-06, 2.30991008721e-06, 1.66887821251e-06, 1.50165908508e-06, 1.37726033245e-06, 1.68862015926e-06, 1.82198039056e-06, 1.85764224625e-06, 1.91080494005e-06, 1.86376496458e-06, 1.95237407752e-06, 1.79712503723e-06, 1.28391525323e-06, 8.4819703261e-07], "min": [2.34173773867e-24, 1.59994668455e-24, 3.82655086435e-24, 1.80519004968e-24, 4.02751949084e-24, 4.14929989309e-24, 1.81482204133e-24, 4.21682599214e-24, 2.5084778877e-24, 7.62828653121e-24, 4.02307228749e-24, 4.92804602378e-24, 5.60041741685e-24, 3.00556280991e-24, 4.19870585715e-24, 2.80210434118e-24, 3.42639170385e-24, 3.3580432173e-24, 3.61272853827e-24, 5.65030024733e-24, 3.91051445809e-24, 5.95473942003e-24, 6.33123945869e-24, 5.36393663899e-24, 5.1827435721e-24, 5.54079885951e-24, 6.69912750286e-24, 6.96551241991e-24, 5.19691033067e-24, 6.4266498186e-24, 7.28448674922e-24, 7.62458046268e-24, 8.17030733716e-24, 7.18391881672e-24, 6.83822655741e-24, 7.32455851662e-24, 6.91401873546e-24, 6.81185178191e-24, 7.22537503501e-24, 8.33790478078e-24], "var": [4.50427523901e-06, 5.70126212551e-06, 2.28663452617e-06, 7.79316167154e-07, 3.96528236024e-07, 5.20442938523e-07, 5.68716416183e-07, 7.50665549276e-07, 5.83937264764e-07, 1.38092289603e-07, 5.01388619512e-08, 2.50038823424e-07, 5.13641005284e-08, 3.17896748925e-08, 2.6336122616e-08, 5.72107481389e-08, 4.51222668119e-08, 8.71189342888e-09, 3.32305494233e-09, 2.03384264985e-09, 3.17902393299e-09, 2.23938845245e-09, 9.21394349707e-10, 4.41456149414e-10, 2.58904453432e-10, 3.29949539912e-10, 2.64435390251e-10, 1.61682889299e-10, 1.37648031862e-10, 1.62917623836e-10, 1.19293158685e-10, 1.94407642762e-10, 2.69008038067e-10, 1.24179347361e-10, 8.19527432028e-11, 7.72722719145e-11, 1.29891417067e-10, 1.78349515711e-10, 6.85314374693e-11, 3.23982091155e-11]}, "melbands_crest": {"dmean": 3.28116083145, "dmean2": 5.31117248535, "dvar": 9.05338764191, "dvar2": 22.8062534332, "max": 35.9635047913, "mean": 13.2196302414, "median": 12.4314479828, "min": 1.76344037056, "var": 22.6406955719}, "melbands_flatness_db": {"dmean": 0.0266680810601, "dmean2": 0.0398191586137, "dvar": 0.00073527765926, "dvar2": 0.00153411657084, "max": 0.590188443661, "mean": 0.18160662055, "median": 0.176858827472, "min": 0.0048363963142, "var": 0.00361325754784}, "melbands_kurtosis": {"dmean": 7.25198030472, "dmean2": 11.2112751007, "dvar": 567.178283691, "dvar2": 1106.82409668, "max": 1200.58618164, "mean": 13.6764097214, "median": 7.75624227524, "min": -1.91955947876, "var": 1058.56481934}, "melbands_skewness": {"dmean": 0.732817947865, "dmean2": 1.11091899872, "dvar": 0.860765695572, "dvar2": 1.85769820213, "max": 27.8792877197, "mean": 2.4842748642, "median": 2.27948570251, "min": -3.21756982803, "var": 3.08776473999}, "melbands_spread": {"dmean": 9.35068321228, "dmean2": 14.6685285568, "dvar": 219.836380005, "dvar2": 500.54800415, "max": 312.560974121, "mean": 27.7790794373, "median": 22.1006450653, "min": 0.386690109968, "var": 595.357177734}, "mfcc": {"cov": [[11722.5009766, 270.165893555, 131.732955933, -222.862014771, -370.818359375, 115.559371948, 44.6885490417, -37.8512268066, -105.091918945, -28.5589160919, 10.7322206497, -66.0094070435, -96.3802871704], [270.165893555, 1238.39904785, -53.2749710083, -289.627807617, 27.389087677, -9.36318302155, 139.816986084, 103.081733704, -60.7019309998, 97.2763137817, 75.8477020264, 86.8552017212, 49.7098693848], [131.732955933, -53.2749710083, 554.04888916, 78.9933013916, -65.809211731, -49.35779953, -10.2396392822, 46.8425941467, 43.0529937744, -0.592416703701, -6.92555093765, 36.8351287842, 21.8923053741], [-222.862014771, -289.627807617, 78.9933013916, 661.387451172, 312.157562256, -56.448223114, -124.51902771, 72.8506393433, 138.160995483, -39.1643104553, -65.8733291626, -19.7472438812, 10.4388685226], [-370.818359375, 27.389087677, -65.809211731, 312.157562256, 464.565979004, 16.2602787018, -60.6518630981, 63.073184967, 109.507629395, 9.2913351059, -40.3973617554, 2.60232996941, 16.5891304016], [115.559371948, -9.36318302155, -49.35779953, -56.448223114, 16.2602787018, 315.805358887, 181.961532593, -37.9487953186, -10.4503517151, 53.9553146362, 63.7711486816, -15.0446796417, -32.5111808777], [44.6885490417, 139.816986084, -10.2396392822, -124.51902771, -60.6518630981, 181.961532593, 271.308074951, 35.0675048828, -39.2631263733, 60.6750679016, 75.1963500977, 5.6268324852, -8.23943805695], [-37.8512268066, 103.081733704, 46.8425941467, 72.8506393433, 63.073184967, -37.9487953186, 35.0675048828, 148.88444519, 53.0531196594, 12.4293832779, -1.56682610512, 15.2240219116, 18.3624782562], [-105.091918945, -60.7019309998, 43.0529937744, 138.160995483, 109.507629395, -10.4503517151, -39.2631263733, 53.0531196594, 151.091827393, 22.4705581665, -18.7400569916, -1.33010017872, 8.43808078766], [-28.5589160919, 97.2763137817, -0.592416703701, -39.1643104553, 9.2913351059, 53.9553146362, 60.6750679016, 12.4293832779, 22.4705581665, 137.644012451, 76.4411773682, -12.2394313812, -17.2543468475], [10.7322206497, 75.8477020264, -6.92555093765, -65.8733291626, -40.3973617554, 63.7711486816, 75.1963500977, -1.56682610512, -18.7400569916, 76.4411773682, 131.631958008, 23.3553276062, -17.2544403076], [-66.0094070435, 86.8552017212, 36.8351287842, -19.7472438812, 2.60232996941, -15.0446796417, 5.6268324852, 15.2240219116, -1.33010017872, -12.2394313812, 23.3553276062, 103.558113098, 46.7987747192], [-96.3802871704, 49.7098693848, 21.8923053741, 10.4388685226, 16.5891304016, -32.5111808777, -8.23943805695, 18.3624782562, 8.43808078766, -17.2543468475, -17.2544403076, 46.7987747192, 88.8538131714]], "icov": [[9.102110198e-05, -4.48788814538e-05, -2.30557416216e-05, -2.07220637094e-05, 9.78191674221e-05, -9.70812543528e-05, 7.89054101915e-05, -3.82076868846e-05, 1.76787289092e-05, 4.89495687361e-05, 1.28212986965e-05, 5.37204723514e-05, 7.54044740461e-05], [-4.48788814538e-05, 0.00126821093727, 7.2458969953e-05, 0.000688486150466, -0.000626076129265, 0.000418444862589, -0.000378679455025, -0.000839301326778, 0.0006616806495, -0.000876066216733, 0.000143509314512, -0.000785151438322, -0.000240153734921], [-2.30557416216e-05, 7.2458969953e-05, 0.00214544730261, -0.000488941674121, 0.000822630012408, 0.000144495381392, -9.83882637229e-05, -0.000461383664515, -0.000484425167087, -0.000477025547298, 0.000460002484033, -0.00104317767546, 4.09326894442e-05], [-2.07220637094e-05, 0.000688486150466, -0.000488941674121, 0.00318058626726, -0.00194638792891, 0.000168854618096, 0.000502333801705, -0.000972358859144, -0.000778988294769, 0.000799314933829, -0.000532362028025, 0.000683969119564, -0.000222575807129], [9.78191674221e-05, -0.000626076129265, 0.000822630012408, -0.00194638792891, 0.00440022954717, -0.00151294341777, 0.00126912072301, -0.000869196897838, -0.00101482728496, -0.000875459809322, 0.00125819281675, -0.000729906198103, -4.03071717301e-05], [-9.70812543528e-05, 0.000418444862589, 0.000144495381392, 0.000168854618096, -0.00151294341777, 0.00747838011011, -0.00593166844919, 0.00388927431777, -0.00158840999939, 0.000111546025437, -0.00094533880474, 0.000104949809611, 0.00120378029533], [7.89054101915e-05, -0.000378679455025, -9.83882637229e-05, 0.000502333801705, 0.00126912072301, -0.00593166844919, 0.00992952100933, -0.00507409777492, 0.00257282075472, -0.00106446561404, -0.00127096753567, 0.000524835428223, -0.00114954111632], [-3.82076868846e-05, -0.000839301326778, -0.000461383664515, -0.000972358859144, -0.000869196897838, 0.00388927431777, -0.00507409777492, 0.0118715474382, -0.00404469994828, 0.000705700134858, -0.000118131873023, -0.000108926382381, -0.000126941464259], [1.76787289092e-05, 0.0006616806495, -0.000484425167087, -0.000778988294769, -0.00101482728496, -0.00158840999939, 0.00257282075472, -0.00404469994828, 0.0113279744983, -0.00393583113328, 0.00214338069782, -0.000886106863618, -0.000414533918956], [4.89495687361e-05, -0.000876066216733, -0.000477025547298, 0.000799314933829, -0.000875459809322, 0.000111546025437, -0.00106446561404, 0.000705700134858, -0.00393583113328, 0.0143830841407, -0.00870617106557, 0.00497147999704, -0.000615741009824], [1.28212986965e-05, 0.000143509314512, 0.000460002484033, -0.000532362028025, 0.00125819281675, -0.00094533880474, -0.00127096753567, -0.000118131873023, 0.00214338069782, -0.00870617106557, 0.0159512553364, -0.00688327103853, 0.00403733598068], [5.37204723514e-05, -0.000785151438322, -0.00104317767546, 0.000683969119564, -0.000729906198103, 0.000104949809611, 0.000524835428223, -0.000108926382381, -0.000886106863618, 0.00497147999704, -0.00688327103853, 0.0166857708246, -0.00815534871072], [7.54044740461e-05, -0.000240153734921, 4.09326894442e-05, -0.000222575807129, -4.03071717301e-05, 0.00120378029533, -0.00114954111632, -0.000126941464259, -0.000414533918956, -0.000615741009824, 0.00403733598068, -0.00815534871072, 0.0168534480035]], "mean": [-649.412414551, 98.379699707, 25.4027042389, 9.82656860352, 1.17705535889, 0.390297323465, -1.51840496063, 3.64652180672, -5.23490905762, 2.61902499199, 0.895886301994, 2.82700657845, -0.151392012835]}, "pitch_salience": {"dmean": 0.0687611401081, "dmean2": 0.111255571246, "dvar": 0.00382885546423, "dvar2": 0.00984454248101, "max": 0.887419700623, "mean": 0.548235118389, "median": 0.552115440369, "min": 0.0830774754286, "var": 0.0100810080767}, "silence_rate_20dB": {"dmean": 0, "dmean2": 0, "dvar": 0, "dvar2": 0, "max": 1, "mean": 1, "median": 1, "min": 1, "var": 0}, "silence_rate_30dB": {"dmean": 0.00464441208169, "dmean2": 0.00928972288966, "dvar": 0.00462291855365, "dvar2": 0.0115248840302, "max": 1, "mean": 0.996130049229, "median": 1, "min": 0, "var": 0.00385514646769}, "silence_rate_60dB": {"dmean": 0.0212868899107, "dmean2": 0.0425778999925, "dvar": 0.0208345353603, "dvar2": 0.0450163260102, "max": 1, "mean": 0.106617644429, "median": 0, "min": 0, "var": 0.0952415391803}, "spectral_centroid": {"dmean": 292.143493652, "dmean2": 448.134155273, "dvar": 138428.484375, "dvar2": 310130.375, "max": 11586.96875, "mean": 1370.08325195, "median": 1193.41223145, "min": 134.864120483, "var": 613082.8125}, "spectral_complexity": {"dmean": 3.72849535942, "dmean2": 5.38223361969, "dvar": 25.8053092957, "dvar2": 44.4204902649, "max": 56, "mean": 15.3599071503, "median": 14, "min": 0, "var": 88.6734924316}, "spectral_contrast_coeffs": {"dmean": [0.0509931147099, 0.0462419427931, 0.0415843576193, 0.0383414514363, 0.0272676497698, 0.0210646912456], "dmean2": [0.0815652906895, 0.0741046816111, 0.0660157501698, 0.060713019222, 0.0438573211432, 0.0338675528765], "dvar": [0.00196834281087, 0.00139406335074, 0.00110751553439, 0.000964577950072, 0.0005310815759, 0.000538450491149], "dvar2": [0.00467888871208, 0.00348265958019, 0.00280872685835, 0.00234212260693, 0.00129213789478, 0.00130591646302], "max": [-0.339756011963, -0.415359705687, -0.437705010176, -0.491907984018, -0.553284525871, -0.628292024136], "mean": [-0.646309196949, -0.693222224712, -0.719884753227, -0.739002227783, -0.7830260396, -0.796251058578], "median": [-0.65538495779, -0.692860722542, -0.717597961426, -0.742817521095, -0.787642538548, -0.800005793571], "min": [-0.970292985439, -0.975621044636, -0.977917790413, -0.964909851551, -0.965874910355, -0.963034331799], "var": [0.0090173529461, 0.00677603855729, 0.0060745254159, 0.00521713495255, 0.00227644643746, 0.00154748011846]}, "spectral_contrast_valleys": {"dmean": [0.438238918781, 0.351851701736, 0.342314958572, 0.378045678139, 0.364715456963, 0.355307817459], "dmean2": [0.663714706898, 0.558812260628, 0.534103393555, 0.569866776466, 0.516335070133, 0.429747700691], "dvar": [0.178063824773, 0.106138467789, 0.108725115657, 0.139488920569, 0.167123779655, 0.155295684934], "dvar2": [0.336888253689, 0.227236568928, 0.229965731502, 0.277642816305, 0.301183193922, 0.215394183993], "max": [-5.21919345856, -4.82137680054, -5.25103235245, -5.9903793335, -5.65786218643, -6.70270872116], "mean": [-7.5604968071, -7.03970575333, -7.83474683762, -8.37925815582, -7.94968986511, -9.58996963501], "median": [-7.3172044754, -6.75355052948, -7.54434204102, -8.14755249023, -7.79356622696, -9.28813171387], "min": [-27.9374370575, -27.4543819427, -27.5962867737, -27.6462917328, -27.4562244415, -27.3326206207], "var": [2.23623728752, 1.91719853878, 1.91627597809, 1.82284975052, 1.92637228966, 2.12394809723]}, "spectral_decrease": {"dmean": 2.23509877273e-09, "dmean2": 3.30145422112e-09, "dvar": 9.34896237356e-18, "dvar2": 2.08182715529e-17, "max": 9.32238084008e-29, "mean": -6.49142473108e-09, "median": -5.55860424356e-09, "min": -5.07935453697e-08, "var": 2.71586407266e-17}, "spectral_energy": {"dmean": 0.00909324921668, "dmean2": 0.0131933288649, "dvar": 0.000149269850226, "dvar2": 0.000325055880239, "max": 0.19762969017, "mean": 0.0270158033818, "median": 0.023223483935, "min": 1.03682501516e-20, "var": 0.000455587694887}, "spectral_energyband_high": {"dmean": 0.000911226728931, "dmean2": 0.00119716860354, "dvar": 3.61075535693e-06, "dvar2": 6.3582342591e-06, "max": 0.0712238922715, "mean": 0.00176092144102, "median": 0.000700639444403, "min": 7.47643319247e-21, "var": 9.64264927461e-06}, "spectral_energyband_low": {"dmean": 0.004219641909, "dmean2": 0.00637765135616, "dvar": 7.32706175768e-05, "dvar2": 0.000166244499269, "max": 0.155349761248, "mean": 0.00786191038787, "median": 0.00418221298605, "min": 2.86948217383e-23, "var": 0.000123083402286}, "spectral_energyband_middle_high": {"dmean": 0.00194404518697, "dmean2": 0.00290695717558, "dvar": 9.98302857624e-06, "dvar2": 2.30560854106e-05, "max": 0.0912748873234, "mean": 0.00548727018759, "median": 0.00353919994086, "min": 1.39236176253e-21, "var": 4.26299484388e-05}, "spectral_energyband_middle_low": {"dmean": 0.00502820685506, "dmean2": 0.00774893537164, "dvar": 5.2761482948e-05, "dvar2": 0.000128236890305, "max": 0.111527778208, "mean": 0.0128110600635, "median": 0.00999802723527, "min": 2.65331838236e-22, "var": 0.000142962890095}, "spectral_entropy": {"dmean": 0.188351556659, "dmean2": 0.263002187014, "dvar": 0.0341411195695, "dvar2": 0.0620498508215, "max": 9.81374835968, "mean": 7.71348333359, "median": 7.7349395752, "min": 5.6623916626, "var": 0.188782170415}, "spectral_flux": {"dmean": 0.0241097547114, "dmean2": 0.0371031425893, "dvar": 0.00073372060433, "dvar2": 0.00166824867483, "max": 0.31966894865, "mean": 0.0797040984035, "median": 0.0735883042216, "min": 6.50184073248e-11, "var": 0.00212196679786}, "spectral_kurtosis": {"dmean": 0.949251830578, "dmean2": 1.43939399719, "dvar": 1.61964166164, "dvar2": 3.7366476059, "max": 37.3008308411, "mean": 2.950278759, "median": 2.48865628242, "min": -1.24696779251, "var": 4.9743347168}, "spectral_rms": {"dmean": 0.000806394964457, "dmean2": 0.00112054077908, "dvar": 8.03792090665e-07, "dvar2": 1.58162947628e-06, "max": 0.0138855846599, "mean": 0.00465339142829, "median": 0.00475994311273, "min": 3.18046630698e-12, "var": 4.7028715926e-06}, "spectral_rolloff": {"dmean": 756.91998291, "dmean2": 1260.14562988, "dvar": 1664028.625, "dvar2": 3683527.25, "max": 19293.75, "mean": 1979.71191406, "median": 1313.52539063, "min": 64.599609375, "var": 4456658}, "spectral_skewness": {"dmean": 0.200505554676, "dmean2": 0.295131891966, "dvar": 0.0472917556763, "dvar2": 0.101311683655, "max": 4.60152196884, "mean": 1.47640395164, "median": 1.48656404018, "min": -0.537536680698, "var": 0.213549777865}, "spectral_spread": {"dmean": 757825.375, "dmean2": 1097852.75, "dvar": 835159326720, "dvar2": 1653933211650.0, "max": 43150780, "mean": 6615866, "median": 6578426, "min": 1099059.5, "