{"lowlevel": {"average_loudness": 0.743494212627, "barkbands": {"dmean": [1.78716054506e-05, 0.00279099727049, 0.00161673722323, 0.00384606490843, 0.00209341547452, 0.000844446825795, 0.00134059228003, 0.000674797280226, 0.000658585981, 0.000612268340774, 0.000190890757949, 0.000244076873059, 0.000141292519402, 8.70021176524e-05, 8.08199329185e-05, 4.29242390965e-05, 4.28842795372e-05, 3.15866382152e-05, 5.17775442859e-05, 6.14619639236e-05, 4.66125202365e-05, 5.92046089878e-05, 8.43744564918e-05, 4.24668869528e-05, 8.59102001414e-05, 4.66777855763e-05, 4.18308991357e-05], "dmean2": [2.72259403573e-05, 0.00473209051415, 0.00279420544393, 0.0061647077091, 0.00345283024944, 0.00128601538017, 0.00196487619542, 0.000987784005702, 0.000947316992097, 0.000910247967113, 0.000271956669167, 0.000376276118914, 0.000209278354305, 0.000126377708511, 0.000125299018691, 6.4408108301e-05, 6.42003797111e-05, 4.79553491459e-05, 7.86604723544e-05, 9.31586910156e-05, 7.03963305568e-05, 8.31087381812e-05, 0.000116089977382, 6.07892579865e-05, 0.000125402802951, 6.68708380545e-05, 6.4154228312e-05], "dvar": [2.16421769395e-09, 6.66135310894e-05, 1.65466844919e-05, 0.000147608137922, 1.27745652208e-05, 2.03529498322e-06, 7.7458407759e-06, 2.80593508251e-06, 2.4244513952e-06, 2.2644251203e-06, 4.70774068617e-07, 3.22712736534e-07, 1.70014928358e-07, 4.73786023747e-08, 3.63035965734e-08, 1.11545803705e-08, 8.94868446011e-09, 4.53610526918e-09, 1.42617961885e-08, 2.11273416539e-08, 2.08654959977e-08, 3.15062358425e-08, 8.13805556277e-08, 1.51301549067e-08, 1.0638598269e-07, 1.49514409742e-08, 2.62067079149e-08], "dvar2": [4.74013672758e-09, 0.000172915242729, 4.52320673503e-05, 0.000351743539795, 3.52083770849e-05, 4.51999949291e-06, 1.58309248945e-05, 5.39501616004e-06, 4.7834491852e-06, 4.75741444461e-06, 7.94811967353e-07, 7.9080012938e-07, 3.58140795242e-07, 9.04669335e-08, 8.71165752869e-08, 2.14983888469e-08, 1.91930684679e-08, 1.00179269324e-08, 3.41904602408e-08, 4.82898308007e-08, 5.25564942677e-08, 6.4393695709e-08, 1.54722044954e-07, 3.03327354345e-08, 2.38866704194e-07, 3.27418234747e-08, 6.58309815549e-08], "max": [0.000815681996755, 0.0706385821104, 0.0484088100493, 0.163493901491, 0.0628985762596, 0.0291077699512, 0.0593824051321, 0.0819955393672, 0.0503519885242, 0.0372107475996, 0.0329900383949, 0.0128626208752, 0.0101906936616, 0.00623652618378, 0.00395991187543, 0.00401352439076, 0.00381028559059, 0.00164014834445, 0.00188309606165, 0.00383852096274, 0.00255454098806, 0.00589665025473, 0.00970168970525, 0.00469641434029, 0.00509701902047, 0.00222743675113, 0.00239216745831], "mean": [2.27190175792e-05, 0.00364279188216, 0.00170973828062, 0.00449302094057, 0.00446656299755, 0.00187319575343, 0.00325235677883, 0.00140921014827, 0.00171295145992, 0.00125679175835, 0.000399211770855, 0.000456171284895, 0.000275920028798, 0.00017385785759, 0.000149756800965, 8.81904852577e-05, 9.48960587266e-05, 6.58063800074e-05, 8.84763358044e-05, 0.00011702185293, 6.71568559483e-05, 8.45574468258e-05, 0.000119517848361, 6.13374795648e-05, 9.87095045275e-05, 5.74916048208e-05, 4.14721180277e-05], "median": [1.08227436613e-06, 0.00180067308247, 0.000575825746637, 0.00137272803113, 0.00293663935736, 0.00101112155244, 0.00105363223702, 0.000521524401847, 0.000433519016951, 0.000340586178936, 5.34510618309e-05, 0.000118916403153, 4.87332617922e-05, 4.05027240049e-05, 3.29632748617e-05, 2.36306732404e-05, 2.64891041297e-05, 1.97807275981e-05, 2.55719787674e-05, 2.25299700105e-05, 1.13247233458e-05, 1.11604695121e-05, 1.1432402971e-05, 1.13407713798e-05, 1.06498446257e-05, 7.54765096644e-06, 2.86835802399e-06], "min": [3.37103067811e-26, 5.07655027248e-24, 2.44379666759e-25, 1.08891184192e-24, 9.67186383834e-24, 3.87015317874e-24, 8.73223347033e-24, 5.97691942767e-24, 1.27838562117e-23, 9.17343627487e-24, 8.6425502406e-24, 2.24264083454e-23, 2.14494135806e-23, 2.52346979477e-23, 5.83154569459e-23, 5.42406432716e-23, 6.02502550673e-23, 9.10360820081e-23, 1.13636397895e-22, 1.92471912967e-22, 2.25932514802e-22, 2.56549986204e-22, 3.61424663797e-22, 6.00509244316e-22, 7.65858629993e-22, 1.3352779194e-21, 1.91893987157e-21], "var": [2.87506418672e-09, 5.30224606337e-05, 1.30062016979e-05, 0.000145552839967, 2.66774841293e-05, 6.79267895975e-06, 3.77505821234e-05, 8.71478005138e-06, 1.36325661515e-05, 7.95583764557e-06, 2.58859313362e-06, 8.63419813868e-07, 5.30907527718e-07, 1.99041437554e-07, 9.62354604894e-08, 4.21192574152e-08, 3.4639842994e-08, 1.48007694989e-08, 2.50521363654e-08, 5.35803046375e-08, 2.44486901835e-08, 6.20058244749e-08, 1.84102518119e-07, 3.38916734677e-08, 1.2350238876e-07, 2.08804742385e-08, 2.40503634785e-08]}, "barkbands_crest": {"dmean": 2.45660233498, "dmean2": 3.9996380806, "dvar": 6.26452875137, "dvar2": 16.3769989014, "max": 26.5411224365, "mean": 10.6839590073, "median": 9.88879776001, "min": 2.3662545681, "var": 15.6036481857}, "barkbands_flatness_db": {"dmean": 0.0231186766177, "dmean2": 0.0333602540195, "dvar": 0.000599617313128, "dvar2": 0.00126518984325, "max": 0.406513690948, "mean": 0.171873375773, "median": 0.165390491486, "min": 0.0341373868287, "var": 0.00351493153721}, "barkbands_kurtosis": {"dmean": 4.60309839249, "dmean2": 7.14548206329, "dvar": 61.5334243774, "dvar2": 149.92024231, "max": 201.43006897, "mean": 9.03865718842, "median": 5.84924221039, "min": -1.90900433064, "var": 126.865516663}, "barkbands_skewness": {"dmean": 0.595569372177, "dmean2": 0.888572692871, "dvar": 0.491533577442, "dvar2": 1.12011325359, "max": 13.4123592377, "mean": 2.02066493034, "median": 1.91393113136, "min": -2.25138831139, "var": 1.64545738697}, "barkbands_spread": {"dmean": 4.43254566193, "dmean2": 6.57571744919, "dvar": 63.920337677, "dvar2": 140.327194214, "max": 114.598686218, "mean": 13.5348262787, "median": 9.73473453522, "min": 0.624224603176, "var": 159.129867554}, "dissonance": {"dmean": 0.0268312431872, "dmean2": 0.043743737042, "dvar": 0.000621885061264, "dvar2": 0.00161318015307, "max": 0.49999165535, "mean": 0.427090615034, "median": 0.433776557446, "min": 0.175738304853, "var": 0.00188223132864}, "dynamic_complexity": 3.55993151665, "erbbands": {"dmean": [0.0522872246802, 0.726172029972, 1.84099197388, 7.94745635986, 10.2162637711, 6.00129795074, 5.45570898056, 7.77047348022, 18.111032486, 15.7366294861, 14.3672981262, 15.4121932983, 14.1868724823, 19.8929023743, 8.65803623199, 7.95883893967, 7.04588508606, 4.37058067322, 4.2444858551, 2.74077796936, 2.253221035, 2.06141710281, 1.77603411674, 1.55817425251, 3.44495940208, 2.62215209007, 2.02763414383, 1.7498960495, 2.0344543457, 2.34177684784, 2.56792616844, 1.11111795902, 0.634046673775, 0.481122821569, 0.844020962715, 0.262779325247, 0.0914711207151, 0.027429157868, 0.00614818511531, 0.000628659734502], "dmean2": [0.0855137258768, 1.25008368492, 3.18558382988, 12.5383281708, 16.7095355988, 9.88052558899, 8.5482416153, 11.8247642517, 26.8993644714, 22.423418045, 20.6648464203, 21.6393737793, 20.7893123627, 29.3161201477, 12.7040157318, 12.1129179001, 10.2630386353, 6.21378183365, 6.45349311829, 4.06189060211, 3.36063241959, 3.01697397232, 2.62288808823, 2.3408176899, 5.19218206406, 4.00865221024, 3.21458339691, 2.54870867729, 2.8866724968, 3.13118171692, 3.62315797806, 1.54583644867, 0.913091719151, 0.688194215298, 1.26686227322, 0.380706012249, 0.132196739316, 0.0403227955103, 0.00926761701703, 0.000999225419946], "dvar": [0.0218483600765, 4.62831497192, 23.43891716, 570.20324707, 563.43737793, 106.735565186, 84.6121368408, 217.274383545, 1397.26977539, 1318.125, 1484.94506836, 1702.7923584, 1246.59545898, 2608.95092773, 594.670654297, 359.042205811, 433.008789063, 131.996322632, 96.5871047974, 43.3551177979, 27.798166275, 17.9445896149, 13.3676080704, 11.9262857437, 66.4878158569, 42.1240158081, 55.859413147, 24.5648002625, 35.7752227783, 56.6944236755, 80.0571365356, 12.4161539078, 3.27305626869, 1.85520040989, 12.7805156708, 0.741051435471, 0.0592241026461, 0.00544768059626, 0.000483874551719, 8.3291415649e-06], "dvar2": [0.0524728819728, 12.263838768, 64.3319473267, 1313.66577148, 1457.62927246, 282.736328125, 210.396972656, 474.041656494, 2829.45922852, 2552.07128906, 2631.07495117, 3260.57397461, 2663.60229492, 5546.76171875, 1140.90478516, 832.738891602, 908.691101074, 241.225738525, 225.418548584, 89.8352203369, 57.545841217, 37.5209960938, 27.8367938995, 28.0065078735, 156.513092041, 98.153427124, 155.243774414, 52.7665481567, 75.2961959839, 105.521324158, 161.559280396, 23.4581203461, 6.92339944839, 3.96526026726, 29.813577652, 1.64562082291, 0.131344512105, 0.0124416276813, 0.0011968172621, 2.15079689951e-05], "max": [1.66805827618, 17.7637519836, 55.3938751221, 293.793212891, 464.237976074, 235.603164673, 162.675994873, 351.773712158, 913.879394531, 1082.61010742, 2143.88110352, 1530.0526123, 1319.08789063, 1346.45373535, 1136.59619141, 601.744628906, 566.661010742, 382.715881348, 233.274765015, 240.60949707, 206.049972534, 128.452362061, 129.342315674, 64.9193496704, 139.319824219, 214.872299194, 147.648162842, 89.5731658936, 173.861053467, 257.739776611, 311.226226807, 158.162612915, 81.1203308105, 30.0620613098, 60.9379577637, 13.368645668, 4.04145860672, 1.35091090202, 0.352721780539, 0.0484247803688], "mean": [0.0725978538394, 0.923859536648, 2.05530834198, 9.52246284485, 16.7279968262, 13.0400056839, 11.4765453339, 16.9432201385, 42.6894378662, 39.6780395508, 32.5943145752, 41.2779922485, 31.9508361816, 41.1139831543, 19.548494339, 16.7606430054, 14.5864181519, 9.90297794342, 8.35527610779, 5.83433389664, 4.84642648697, 5.01000499725, 4.29684400558, 2.92712783813, 6.67677354813, 4.95948076248, 2.86305236816, 2.5782353878, 2.87859272957, 3.42235565186, 3.52960300446, 1.64200091362, 0.887352466583, 0.642553269863, 0.905860722065, 0.310117781162, 0.109478585422, 0.0319717004895, 0.00634804321453, 0.000587430782616], "median": [0.0223576389253, 0.427039086819, 0.951555490494, 2.87527275085, 9.27307319641, 7.87097072601, 6.65546655655, 8.53265762329, 15.2029972076, 14.3439083099, 14.2237701416, 10.6769790649, 10.6518001556, 9.2325553894, 4.69362735748, 4.88620662689, 3.07161784172, 2.4140868187, 2.09595656395, 1.75272881985, 1.46756315231, 1.56592547894, 1.26627707481, 0.981633782387, 1.6721932888, 1.06645977497, 0.514005064964, 0.43165063858, 0.379908323288, 0.385984778404, 0.335453271866, 0.259239375591, 0.174173146486, 0.109929859638, 0.0747896879911, 0.0362210944295, 0.0135462284088, 0.00340503361076, 0.000467734353151, 5.76188831474e-05], "min": [1.00569093705e-22, 6.34918725913e-22, 5.49428620059e-22, 8.36448347367e-21, 1.30705732802e-20, 3.21820174933e-20, 1.60049609603e-20, 4.36905264258e-20, 1.30464994163e-19, 1.26767238331e-19, 2.07290414605e-19, 4.22595795756e-19, 2.18476003213e-19, 3.08042085964e-19, 5.12707843561e-19, 1.04907026091e-18, 1.47238924516e-18, 1.58825667286e-18, 2.38433653516e-18, 3.2054290984e-18, 3.30390536391e-18, 3.44397723371e-18, 5.71312018317e-18, 7.78380016981e-18, 6.42396611438e-18, 8.00495104248e-18, 8.32986510554e-18, 1.06653491809e-17, 8.78903802666e-18, 1.0499219881e-17, 1.08552119469e-17, 1.14979891855e-17, 1.01266899932e-17, 7.66666891353e-18, 6.18210015763e-18, 4.0910173476e-18, 2.28067467438e-18, 9.42327669338e-19, 2.57960668422e-19, 2.74834377436e-20], "var": [0.0206154212356, 3.51515460014, 17.0087146759, 601.311096191, 670.946472168, 289.89666748, 189.954421997, 716.266479492, 6560.52978516, 6894.16699219, 4192.796875, 9176.49316406, 4315.37744141, 9042.2734375, 2942.17724609, 1101.62121582, 1391.58972168, 669.87310791, 267.079620361, 142.552215576, 111.444236755, 79.0369262695, 59.5030441284, 22.0632019043, 149.025360107, 98.8967514038, 47.6673126221, 39.9845275879, 67.1208343506, 132.292388916, 163.348312378, 31.8019733429, 5.92346954346, 2.79570651054, 13.3802423477, 0.919700026512, 0.0792157799006, 0.00695627508685, 0.000475973181892, 6.78656988384e-06]}, "erbbands_crest": {"dmean": 2.27370238304, "dmean2": 3.51333761215, "dvar": 4.80203294754, "dvar2": 11.1296539307, "max": 29.4880428314, "mean": 10.103225708, "median": 9.16091823578, "min": 2.52955174446, "var": 18.6162719727}, "erbbands_flatness_db": {"dmean": 0.0213335175067, "dmean2": 0.0267558414489, "dvar": 0.000490217644256, "dvar2": 0.000761087867431, "max": 0.32702344656, "mean": 0.162505701184, "median": 0.162971585989, "min": 0.0315050370991, "var": 0.00286607793532}, "erbbands_kurtosis": {"dmean": 1.48896324635, "dmean2": 2.25934529305, "dvar": 3.71993994713, "dvar2": 8.96263599396, "max": 41.5256271362, "mean": 2.58698296547, "median": 1.78460335732, "min": -1.79891967773, "var": 11.8126831055}, "erbbands_skewness": {"dmean": 0.365735322237, "dmean2": 0.540166020393, "dvar": 0.137833118439, "dvar2": 0.311425209045, "max": 5.03701925278, "mean": 1.07678616047, "median": 1.05828690529, "min": -3.01792550087, "var": 0.640876889229}, "erbbands_spread": {"dmean": 8.72574329376, "dmean2": 12.1113891602, "dvar": 162.817825317, "dvar2": 305.590423584, "max": 146.146575928, "mean": 31.666311264, "median": 24.3074035645, "min": 4.08965492249, "var": 522.690795898}, "gfcc": {"cov": [[25195.9980469, -220.607208252, -1526.24462891, 78.0580978394, -1164.26135254, 158.89390564, -531.608215332, 233.909332275, -510.065032959, 54.5174179077, -405.130157471, -92.3015213013, -383.872039795], [-220.607208252, 1960.84020996, -352.117675781, -117.510673523, 136.750869751, -150.305053711, 13.0172042847, -13.3662414551, 48.8680877686, -73.926574707, 76.2839736938, -44.7155761719, 62.8601913452], [-1526.24462891, -352.117675781, 1057.00610352, 181.292999268, 37.720615387, 150.069839478, 115.986694336, -26.0310649872, 58.6233558655, 54.9689025879, 36.8837089539, 67.527130127, -11.010509491], [78.0580978394, -117.510673523, 181.292999268, 347.496826172, 12.5284309387, 31.0152187347, -3.17056179047, 8.72601222992, 35.1148490906, 20.7148933411, 17.9690246582, 3.6299264431, 0.717293322086], [-1164.26135254, 136.750869751, 37.720615387, 12.5284309387, 334.349975586, -3.46668219566, 25.2698783875, 15.854300499, 66.5453567505, 22.5886726379, 21.9706497192, 3.48895740509, 42.6755447388], [158.89390564, -150.305053711, 150.069839478, 31.0152187347, -3.46668219566, 191.08984375, 76.5610733032, 14.7119493484, 7.4191660881, 42.0598526001, 15.8240804672, 28.3436927795, -5.77602720261], [-531.608215332, 13.0172042847, 115.986694336, -3.17056179047, 25.2698783875, 76.5610733032, 207.450912476, 50.2996330261, 6.74145841599, 16.3350906372, 37.3382301331, 30.749042511, 14.9739761353], [233.909332275, -13.3662414551, -26.0310649872, 8.72601222992, 15.854300499, 14.7119493484, 50.2996330261, 117.039924622, 29.2761383057, 27.8508281708, 22.0757808685, 10.7510976791, 18.9035053253], [-510.065032959, 48.8680877686, 58.6233558655, 35.1148490906, 66.5453567505, 7.4191660881, 6.74145841599, 29.2761383057, 123.532287598, 47.2563896179, 22.4020233154, 13.6762552261, 20.3842983246], [54.5174179077, -73.926574707, 54.9689025879, 20.7148933411, 22.5886726379, 42.0598526001, 16.3350906372, 27.8508281708, 47.2563896179, 108.108528137, 42.9452095032, 6.64921760559, 3.55415248871], [-405.130157471, 76.2839736938, 36.8837089539, 17.9690246582, 21.9706497192, 15.8240804672, 37.3382301331, 22.0757808685, 22.4020233154, 42.9452095032, 92.0771560669, 24.4671211243, 8.29262924194], [-92.3015213013, -44.7155761719, 67.527130127, 3.6299264431, 3.48895740509, 28.3436927795, 30.749042511, 10.7510976791, 13.6762552261, 6.64921760559, 24.4671211243, 86.7085647583, 19.1486682892], [-383.872039795, 62.8601913452, -11.010509491, 0.717293322086, 42.6755447388, -5.77602720261, 14.9739761353, 18.9035053253, 20.3842983246, 3.55415248871, 8.29262924194, 19.1486682892, 80.7768096924]], "icov": [[8.57932900544e-05, -7.24133642507e-05, 0.000103874226625, -0.000117846459034, 0.000195407294086, -0.000171644016518, 0.000235203478951, -0.000383809878258, 0.00038281767047, -0.0004087202542, 0.000535645580385, -0.000264623842668, 0.000339096819516], [-7.24133642507e-05, 0.000763587187976, 0.000100928948086, 0.00026540766703, -0.000309603987262, 0.000401256518671, -0.000417676375946, 0.000659715733491, -0.000883728906047, 0.00122817442752, -0.00153766851872, 0.0008027908043, -0.000675122777466], [0.000103874226625, 0.000100928948086, 0.00148048403207, -0.000693153066095, 0.000133152600029, -0.000691879307851, -0.000417598959757, 0.000467953330372, -0.000140637625009, -0.000530620629434, 0.000514810963068, -0.000884525710717, 0.000686801329721], [-0.000117846459034, 0.00026540766703, -0.000693153066095, 0.00351245165803, -0.000233770857449, -8.17205655039e-05, 0.000287376140477, 0.000154912399012, -0.00131324341055, 0.00110198254697, -0.00164445268456, 0.00105199241079, -0.000661758240312], [0.000195407294086, -0.000309603987262, 0.000133152600029, -0.000233770857449, 0.00405330536887, -0.000282480817987, 0.000182134943316, -0.000611300871242, -0.000788598554209, -0.000956346979365, 0.000971219618805, -2.34122308029e-05, -0.000715612433851], [-0.000171644016518, 0.000401256518671, -0.000691879307851, -8.17205655039e-05, -0.000282480817987, 0.00794948916882, -0.00296145677567, 0.00112456281204, -7.05325874151e-05, -0.00209289090708, 8.3147730038e-05, -0.000987752922811, 0.000117449744721], [0.000235203478951, -0.000417676375946, -0.000417598959757, 0.000287376140477, 0.000182134943316, -0.00296145677567, 0.00792101025581, -0.00406524073333, 0.00198471080512, 0.000121046025015, -0.000520534696989, -0.00126080622431, 0.000404465885367], [-0.000383809878258, 0.000659715733491, 0.000467953330372, 0.000154912399012, -0.000611300871242, 0.00112456281204, -0.00406524073333, 0.0130695179105, -0.00387543300167, 0.000322296109516, -0.00323628005572, 0.00123962340876, -0.00317434687167], [0.00038281767047, -0.000883728906047, -0.000140637625009, -0.00131324341055, -0.000788598554209, -7.05325874151e-05, 0.00198471080512, -0.00387543300167, 0.01393508818, -0.00695377634838, 0.00361697608605, -0.00285806157626, 0.000545654096641], [-0.0004087202542, 0.00122817442752, -0.000530620629434, 0.00110198254697, -0.000956346979365, -0.00209289090708, 0.000121046025015, 0.000322296109516, -0.00695377634838, 0.0181018002331, -0.0100504914299, 0.00412761513144, -0.00171083095483], [0.000535645580385, -0.00153766851872, 0.000514810963068, -0.00164445268456, 0.000971219618805, 8.3147730038e-05, -0.000520534696989, -0.00323628005572, 0.00361697608605, -0.0100504914299, 0.0205548331141, -0.00631762994453, 0.00309051433578], [-0.000264623842668, 0.0008027908043, -0.000884525710717, 0.00105199241079, -2.34122308029e-05, -0.000987752922811, -0.00126080622431, 0.00123962340876, -0.00285806157626, 0.00412761513144, -0.00631762994453, 0.0158829782158, -0.0047037974], [0.000339096819516, -0.000675122777466, 0.000686801329721, -0.000661758240312, -0.000715612433851, 0.000117449744721, 0.000404465885367, -0.00317434687167, 0.000545654096641, -0.00171083095483, 0.00309051433578, -0.0047037974, 0.0164058599621]], "mean": [-43.7258491516, 103.688911438, -75.6125717163, 6.07897043228, -60.3721466064, 0.0509773083031, -30.1010074615, 4.14889192581, -25.4907169342, -1.90653157234, -16.5584621429, -3.37100124359, -15.2631492615]}, "hfc": {"dmean": 5.61151885986, "dmean2": 7.63418579102, "dvar": 156.843093872, "dvar2": 309.751098633, "max": 183.794830322, "mean": 15.3408603668, "median": 9.03945350647, "min": 1.04685258555e-16, "var": 362.225341797}, "melbands": {"dmean": [0.000643327366561, 0.000938399869483, 0.00143277726602, 0.000572125951294, 0.000185273718671, 0.00017177592963, 0.000280217849649, 0.000162532611284, 0.000113996466098, 9.73408532445e-05, 7.23816556274e-05, 8.71335359989e-05, 2.95196205116e-05, 3.04394125124e-05, 1.61884800036e-05, 1.24213711388e-05, 8.49684329296e-06, 6.76159743307e-06, 5.78590515943e-06, 2.85025180347e-06, 2.77541289506e-06, 2.06498953048e-06, 2.79916707768e-06, 1.20060087738e-06, 1.28434226099e-06, 2.2225626708e-06, 3.01203863273e-06, 1.52896268446e-06, 1.31360718569e-06, 1.09342272481e-06, 1.09703819362e-06, 1.16870933198e-06, 1.25382780425e-06, 1.3820060758e-06, 1.78036066245e-06, 8.93716617156e-07, 6.14534826582e-07, 4.53028320635e-07, 3.98047944827e-07, 3.98840512617e-07], "dmean2": [0.00106994260568, 0.0016047982499, 0.00228530913591, 0.000939894292969, 0.000293096847599, 0.000261421519099, 0.000412400608184, 0.000231611687923, 0.00016298488481, 0.000139246563776, 0.000106553015939, 0.000128354105982, 4.19867828896e-05, 4.74166154163e-05, 2.3456328563e-05, 1.83081046998e-05, 1.2200490346e-05, 1.04034234027e-05, 8.88523391041e-06, 4.22314724347e-06, 4.16889906774e-06, 3.08595144816e-06, 4.19313710154e-06, 1.83264512543e-06, 1.96958740162e-06, 3.35198387802e-06, 4.56384714198e-06, 2.39110636358e-06, 2.1192861368e-06, 1.70725400039e-06, 1.63052936841e-06, 1.71901035628e-06, 1.78710831733e-06, 1.90886157725e-06, 2.57323085862e-06, 1.23612312564e-06, 9.04608668861e-07, 6.74094906117e-07, 5.90187426042e-07, 5.8222383359e-07], "dvar": [3.42625958183e-06, 6.56745032757e-06, 1.74516480911e-05, 1.12028601507e-06, 8.64625064878e-08, 9.90847794924e-08, 3.34181038397e-07, 1.28510080799e-07, 8.37486595628e-08, 6.3097715497e-08, 3.22206226144e-08, 5.08944602018e-08, 9.67922275663e-09, 5.31388133496e-09, 1.91119187143e-09, 1.32765753946e-09, 5.74459924074e-10, 2.5925250835e-10, 2.19239737476e-10, 6.81677006509e-11, 4.35254332576e-11, 2.00442180215e-11, 4.4433970392e-11, 6.14280674938e-12, 8.62007080299e-12, 2.61128792201e-11, 5.6279477606e-11, 1.50370826901e-11, 2.16828447558e-11, 1.09451146063e-11, 1.07145733258e-11, 1.2198877325e-11, 1.6391285898e-11, 2.13895203632e-11, 4.13076760297e-11, 1.00899896077e-11, 3.58488889615e-12, 1.71019383551e-12, 1.37748807586e-12, 1.31457485956e-12], "dvar2": [8.62975684868e-06, 1.76390403794e-05, 4.13511006627e-05, 3.02343369185e-06, 2.1669264072e-07, 2.14698559375e-07, 6.76021670643e-07, 2.53464861544e-07, 1.51308753971e-07, 1.2476648692e-07, 6.75400073646e-08, 1.08202996785e-07, 1.62683750915e-08, 1.31732349473e-08, 3.74110564749e-09, 2.81374434863e-09, 1.04368047538e-09, 5.97292271198e-10, 5.35598565499e-10, 1.14129761197e-10, 9.42474293053e-11, 4.31229739417e-11, 8.90035961598e-11, 1.45584048289e-11, 2.0564066075e-11, 6.0042019967e-11, 1.27248656057e-10, 3.58637876341e-11, 6.04506097956e-11, 2.81336273722e-11, 2.33114551967e-11, 2.77239151775e-11, 3.34217063747e-11, 4.08566167009e-11, 8.84271891821e-11, 1.86867969015e-11, 7.36717631344e-12, 3.6609513164e-12, 3.16416033999e-12, 2.87010129205e-12], "max": [0.0183609761298, 0.024821087718, 0.0573658943176, 0.020421218127, 0.00461032101884, 0.00690179131925, 0.0138585995883, 0.0101314177737, 0.0147883957252, 0.00852690543979, 0.00664182333276, 0.00587884709239, 0.00518256006762, 0.00152545038145, 0.00134373595938, 0.00107053900138, 0.000802489113994, 0.000458507973235, 0.00037383637391, 0.000413378322264, 0.000243962698733, 0.00015620875638, 0.000326002860675, 5.21866277268e-05, 5.87180111324e-05, 9.11351307877e-05, 0.000154504683451, 0.000141869488289, 9.43029299378e-05, 5.1659597375e-05, 6.7227112595e-05, 8.62295346451e-05, 0.000146833714098, 0.000180535513209, 0.000221804424655, 0.000141907614307, 7.94362204033e-05, 5.32274534635e-05, 4.82340037706e-05, 1.88629055629e-05], "mean": [0.000867865746841, 0.00114845915232, 0.00185917981435, 0.00113974337, 0.000400386226829, 0.000369819957996, 0.000677885429468, 0.00040494298446, 0.000260159606114, 0.000250981654972, 0.000155028115842, 0.000173018226633, 6.55434996588e-05, 5.55852057005e-05, 3.39120124409e-05, 2.49989425356e-05, 1.76583816938e-05, 1.23838635773e-05, 1.04534219645e-05, 5.93575941821e-06, 5.53667860004e-06, 4.58078693555e-06, 6.29460328128e-06, 2.44737452704e-06, 2.12363670471e-06, 3.96095447286e-06, 5.81448739467e-06, 2.58879595094e-06, 1.77134108981e-06, 1.50691198542e-06, 1.51894664668e-06, 1.55544876179e-06, 1.77714537131e-06, 1.94949166143e-06, 2.32428465097e-06, 1.30376417928e-06, 8.68859956427e-07, 6.22911898063e-07, 5.24148163095e-07, 5.21819117694e-07], "median": [0.00038449204294, 0.000574070378207, 0.000749941798858, 0.000709599815309, 0.000256529136095, 0.000183881173143, 0.000240122230025, 0.000155854635523, 0.000105253348011, 6.32501541986e-05, 5.01929098391e-05, 3.49946130882e-05, 1.28195797515e-05, 1.41087821248e-05, 7.47322746975e-06, 5.52189794689e-06, 3.67549796465e-06, 2.88321552944e-06, 2.42287478613e-06, 1.56002761287e-06, 1.47031289544e-06, 1.32010086418e-06, 1.43271950037e-06, 7.56630413434e-07, 6.49104549666e-07, 1.05946799067e-06, 1.09648237867e-06, 5.35209721875e-07, 2.7393690516e-07, 2.54469171068e-07, 2.23081855211e-07, 1.87503502502e-07, 2.26337391496e-07, 1.92369981278e-07, 1.92072207028e-07, 1.58449495302e-07, 1.45507868865e-07, 1.20385323044e-07, 9.7271545485e-08, 8.5959577234e-08], "min": [1.63046258537e-24, 3.7817405081e-25, 1.55043836578e-24, 1.12121135725e-24, 8.63414473044e-25, 8.35641244369e-25, 2.4272956203e-24, 1.22869434584e-24, 1.9909997278e-24, 2.03398515296e-24, 1.03719993882e-24, 1.24612856627e-24, 1.32489504576e-24, 3.09397656523e-24, 2.74529156486e-24, 2.40752637158e-24, 2.4588512398e-24, 2.70595284646e-24, 3.80630987682e-24, 3.1093907101e-24, 2.71414713911e-24, 2.87535697876e-24, 4.3555053727e-24, 3.73638879605e-24, 4.94450047897e-24, 3.34233423566e-24, 5.24632615549e-24, 4.21579258436e-24, 4.43583350096e-24, 3.85618481869e-24, 5.47975364722e-24, 3.73918254695e-24, 3.24216881944e-24, 5.67868582928e-24, 5.16932820354e-24, 6.26779295381e-24, 5.71728518781e-24, 6.58446893686e-24, 4.92903367764e-24, 5.94695099631e-24], "var": [2.92099275612e-06, 4.91692298965e-06, 1.79182225111e-05, 2.05004698728e-06, 1.98029141529e-07, 3.32334593622e-07, 1.61307855251e-06, 6.50753349873e-07, 2.57333340414e-07, 3.16393652611e-07, 1.11705411143e-07, 1.71546659544e-07, 5.51356293954e-08, 1.28878143713e-08, 7.0522072626e-09, 4.0638452603e-09, 2.76180323056e-09, 6.37723096553e-10, 5.04513486543e-10, 2.23275800626e-10, 1.62263119607e-10, 7.58839241444e-11, 1.83620785243e-10, 1.87218521935e-11, 1.37228501132e-11, 5.33250457679e-11, 1.43607001291e-10, 3.14178093264e-11, 1.87525845546e-11, 1.2306455334e-11, 1.64253506629e-11, 1.94791040936e-11, 3.18740797645e-11, 4.79265446773e-11, 7.1875984331e-11, 2.68318613855e-11, 7.95913855656e-12, 2.96355518251e-12, 1.97068143054e-12, 1.89080326916e-12]}, "melbands_crest": {"dmean": 3.0246257782, "dmean2": 4.853474617, "dvar": 10.3117160797, "dvar2": 23.7294883728, "max": 37.6562919617, "mean": 13.6947422028, "median": 12.7360134125, "min": 1.47345805168, "var": 28.6053619385}, "melbands_flatness_db": {"dmean": 0.0269239563495, "dmean2": 0.0388903431594, "dvar": 0.000921205093618, "dvar2": 0.00196741847321, "max": 0.547177195549, "mean": 0.258301764727, "median": 0.252692699432, "min": 0.00324386637658, "var": 0.00605504773557}, "melbands_kurtosis": {"dmean": 8.33999538422, "dmean2": 13.1448545456, "dvar": 255.855545044, "dvar2": 615.798583984, "max": 338.471832275, "mean": 15.2880802155, "median": 9.43113899231, "min": -1.43112874031, "var": 378.930725098}, "melbands_skewness": {"dmean": 0.733793079853, "dmean2": 1.09657216072, "dvar": 0.871726512909, "dvar2": 1.88362669945, "max": 13.050983429, "mean": 2.48236656189, "median": 2.22748589516, "min": -0.723095536232, "var": 2.55057954788}, "melbands_spread": {"dmean": 3.61855316162, "dmean2": 5.47364187241, "dvar": 46.3681526184, "dvar2": 94.4726715088, "max": 190.185379028, "mean": 13.8190116882, "median": 10.2157306671, "min": 0.753426909447, "var": 315.55682373}, "mfcc": {"cov": [[9898.02734375, -542.063720703, -314.290435791, -143.280899048, -211.844985962, -93.3054428101, -2.44410705566, 3.45677018166, -4.68556261063, 124.176063538, -11.1427192688, -71.8021392822, -29.9150333405], [-542.063720703, 1953.48388672, -176.331985474, 51.1643676758, 81.3663406372, -80.9583816528, 24.8186855316, 10.2401361465, 13.1355810165, -19.623714447, 6.74624538422, 23.4557552338, -7.43907737732], [-314.290435791, -176.331985474, 872.331970215, 114.754005432, -18.6924705505, 150.586486816, 51.1592254639, 50.5184936523, -13.2468624115, 12.7764778137, 27.3162174225, 26.2017688751, 43.5085220337], [-143.280899048, 51.1643676758, 114.754005432, 274.661956787, 91.0597305298, 15.9895677567, -9.3052406311, 12.4504060745, 9.8070526123, 15.0194759369, -3.52729415894, 10.566570282, 22.6770877838], [-211.844985962, 81.3663406372, -18.6924705505, 91.0597305298, 249.110992432, 31.228717804, -33.3647842407, -27.9121055603, 24.0570449829, 16.9427547455, -1.18465280533, 25.9934444427, 7.75486135483], [-93.3054428101, -80.9583816528, 150.586486816, 15.9895677567, 31.228717804, 174.445510864, 35.1208190918, 21.9272651672, 5.82966756821, 0.505623936653, 30.8368206024, 15.6408643723, 10.7636699677], [-2.44410705566, 24.8186855316, 51.1592254639, -9.3052406311, -33.3647842407, 35.1208190918, 170.188919067, 40.6505813599, 12.4081506729, 21.6918869019, 15.4829120636, 23.680847168, 1.25413668156], [3.45677018166, 10.2401361465, 50.5184936523, 12.4504060745, -27.9121055603, 21.9272651672, 40.6505813599, 116.784164429, 24.2781867981, -10.0999927521, 9.22601890564, 1.44154310226, 16.7728385925], [-4.68556261063, 13.1355810165, -13.2468624115, 9.8070526123, 24.0570449829, 5.82966756821, 12.4081506729, 24.2781867981, 102.976394653, 32.1945571899, -2.73038196564, 6.12936401367, 2.34633803368], [124.176063538, -19.623714447, 12.7764778137, 15.0194759369, 16.9427547455, 0.505623936653, 21.6918869019, -10.0999927521, 32.1945571899, 111.067512512, 30.5022792816, 6.17650794983, 6.53802728653], [-11.1427192688, 6.74624538422, 27.3162174225, -3.52729415894, -1.18465280533, 30.8368206024, 15.4829120636, 9.22601890564, -2.73038196564, 30.5022792816, 95.697013855, 27.4027042389, 8.68632507324], [-71.8021392822, 23.4557552338, 26.2017688751, 10.566570282, 25.9934444427, 15.6408643723, 23.680847168, 1.44154310226, 6.12936401367, 6.17650794983, 27.4027042389, 84.0015563965, 23.7615623474], [-29.9150333405, -7.43907737732, 43.5085220337, 22.6770877838, 7.75486135483, 10.7636699677, 1.25413668156, 16.7728385925, 2.34633803368, 6.53802728653, 8.68632507324, 23.7615623474, 85.678024292]], "icov": [[0.000108547028503, 2.81007942249e-05, 4.57515161543e-05, 1.35641839734e-05, 8.27511466923e-05, 4.48537184639e-06, 2.12915838347e-05, -4.64156219095e-05, 4.82721152366e-05, -0.000173555963556, 4.62600328319e-05, 2.75480142591e-05, 1.38297864396e-05], [2.81007942249e-05, 0.000559085397981, 9.39577803365e-05, -9.82246710919e-05, -0.000198252106202, 0.000323399464833, -0.000196432738448, -8.80894149304e-05, -3.83114384022e-05, 0.000190330174519, -0.000183102791198, -5.81332787988e-05, 5.52866622456e-05], [4.57515161543e-05, 9.39577803365e-05, 0.00155032624025, -0.000679094111547, 0.000511531427037, -0.0012567100348, -4.48569880973e-05, -0.00031969245174, 0.00042961150757, -0.000362679042155, 0.000216718734009, -0.000270772929071, -0.000339548656484], [1.35641839734e-05, -9.82246710919e-05, -0.000679094111547, 0.00464602559805, -0.00180067238398, 0.00044156020158, 0.000226247488172, -0.000832520250697, 0.00025450141402, -0.000601268315222, 0.000468239246402, 0.000155190558871, -0.000673061993439], [8.27511466923e-05, -0.000198252106202, 0.000511531427037, -0.00180067238398, 0.00572992907837, -0.00173077627551, 0.00129665469285, 0.00132074661087, -0.00107605766971, -0.000764487602282, 0.000823857204523, -0.00182533846237, 0.000160300187417], [4.48537184639e-06, 0.000323399464833, -0.0012567100348, 0.00044156020158, -0.00173077627551, 0.00803776364774, -0.00152100832202, -0.000456222274806, -0.000564261048567, 0.00147675687913, -0.00259857578203, 0.000556391081773, -0.000178688962478], [2.12915838347e-05, -0.000196432738448, -4.48569880973e-05, 0.000226247488172, 0.00129665469285, -0.00152100832202, 0.00764958094805, -0.00253734458238, 0.000326699286234, -0.00227597635239, 0.000942427082919, -0.00268282974139, 0.00122497731354], [-4.64156219095e-05, -8.80894149304e-05, -0.00031969245174, -0.000832520250697, 0.00132074661087, -0.000456222274806, -0.00253734458238, 0.0116075659171, -0.00376054365188, 0.00318817025982, -0.00188066973351, 0.00170293019619, -0.00236053043045], [4.82721152366e-05, -3.83114384022e-05, 0.00042961150757, 0.00025450141402, -0.00107605766971, -0.000564261048567, 0.000326699286234, -0.00376054365188, 0.0124639160931, -0.00465998193249, 0.00251968298107, -0.00130399374757, 0.00074815080734], [-0.000173555963556, 0.000190330174519, -0.000362679042155, -0.000601268315222, -0.000764487602282, 0.00147675687913, -0.00227597635239, 0.00318817025982, -0.00465998193249, 0.0129077294841, -0.00506322877482, 0.00194359326269, -0.00129096896853], [4.62600328319e-05, -0.000183102791198, 0.000216718734009, 0.000468239246402, 0.000823857204523, -0.00259857578203, 0.000942427082919, -0.00188066973351, 0.00251968298107, -0.00506322877482, 0.0142708839849, -0.00465864129364, 0.000535078288522], [2.75480142591e-05, -5.81332787988e-05, -0.000270772929071, 0.000155190558871, -0.00182533846237, 0.000556391081773, -0.00268282974139, 0.00170293019619, -0.00130399374757, 0.00194359326269, -0.00465864129364, 0.015837950632, -0.00413051340729], [1.38297864396e-05, 5.52866622456e-05, -0.000339548656484, -0.000673061993439, 0.000160300187417, -0.000178688962478, 0.00122497731354, -0.00236053043045, 0.00074815080734, -0.00129096896853, 0.000535078288522, -0.00413051340729, 0.0136532401666]], "mean": [-696.754699707, 150.977371216, 27.8280506134, 15.4673423767, -6.95725345612, -3.43549633026, -0.445149540901, 1.58331155777, -4.99455976486, 2.72378373146, -2.9856159687, -3.39279937744, -0.114474341273]}, "pitch_salience": {"dmean": 0.0688515901566, "dmean2": 0.112361259758, "dvar": 0.00526999682188, "dvar2": 0.0138832898811, "max": 0.896756887436, "mean": 0.577546775341, "median": 0.586688220501, "min": 0.0573243200779, "var": 0.0113312266767}, "silence_rate_20dB": {"dmean": 0, "dmean2": 0, "dvar": 0, "dvar2": 0, "max": 1, "mean": 1, "median": 1, "min": 1, "var": 0}, "silence_rate_30dB": {"dmean": 0.0190517902374, "dmean2": 0.0381077528, "dvar": 0.0186899136752, "dvar2": 0.0493604652584, "max": 1, "mean": 0.987190723419, "median": 1, "min": 0, "var": 0.0126462830231}, "silence_rate_60dB": {"dmean": 0.013796123676, "dmean2": 0.0275952685624, "dvar": 0.0136061199009, "dvar2": 0.0305581111461, "max": 1, "mean": 0.063389532268, "median": 0, "min": 0, "var": 0.0593693181872}, "spectral_centroid": {"dmean": 155.869918823, "dmean2": 233.924163818, "dvar": 80572.7734375, "dvar2": 167338.015625, "max": 12039.2421875, "mean": 862.497680664, "median": 623.387084961, "min": 192.811965942, "var": 1635534.625}, "spectral_complexity": {"dmean": 2.04795789719, "dmean2": 3.2043364048, "dvar": 6.5944685936, "dvar2": 14.6754360199, "max": 44, "mean": 12.5982046127, "median": 12, "min": 0, "var": 35.5034141541}, "spectral_contrast_coeffs": {"dmean": [0.0486711263657, 0.0385987348855, 0.0377859324217, 0.0295360609889, 0.0221120957285, 0.0174194779247], "dmean2": [0.0784336924553, 0.061773981899, 0.0584734715521, 0.0459707863629, 0.0336286835372, 0.026258604601], "dvar": [0.00186902517453, 0.00115960917901, 0.00112979672849, 0.000647425767966, 0.000405457161833, 0.000296485784929], "dvar2": [0.00456539541483, 0.00283456780016, 0.00259860791266, 0.0014203566825, 0.000887395755854, 0.000641829683445], "max": [-0.243505552411, -0.4033896029, -0.460121512413, -0.546408891678, -0.568987727165, -0.65196031332], "mean": [-0.606905162334, -0.701765596867, -0.71567428112, -0.76933568716, -0.789526641369, -0.800288558006], "median": [-0.61078286171, -0.703100442886, -0.717181861401, -0.771734058857, -0.793222606182, -0.799849927425], "min": [-0.97886300087, -0.978060305119, -0.977398991585, -0.970129489899, -0.967905580997, -0.965364158154], "var": [0.0102411303669, 0.00585706997663, 0.00652069225907, 0.00410383287817, 0.00298477918841, 0.00151215738151]}, "spectral_contrast_valleys": {"dmean": [0.40627604723, 0.313722759485, 0.343508630991, 0.334840327501, 0.319079935551, 0.402366220951], "dmean2": [0.638968646526, 0.498106211424, 0.526085793972, 0.502139866352, 0.429030060768, 0.453140884638], "dvar": [0.178682431579, 0.098884306848, 0.136543244123, 0.139762178063, 0.155518293381, 0.231875643134], "dvar2": [0.352572590113, 0.202282890677, 0.274092793465, 0.268077999353, 0.265137284994, 0.340131670237], "max": [-5.01448822021, -4.62762022018, -5.17708110809, -6.40908098221, -6.21068143845, -7.47242259979], "mean": [-7.57240438461, -6.97332954407, -8.04045772552, -8.96196746826, -8.83526325226, -10.8707952499], "median": [-7.12220668793, -6.62698745728, -7.75897789001, -8.66080093384, -8.54320526123, -10.5186481476], "min": [-28.0711288452, -28.4626674652, -27.9457492828, -27.779088974, -27.5076904297, -27.4572620392], "var": [6.28456926346, 6.41191911697, 5.99128770828, 5.56068563461, 5.79419136047, 5.29707193375]}, "spectral_decrease": {"dmean": 2.48222375987e-09, "dmean2": 3.74671049741e-09, "dvar": 2.13111620101e-17, "dvar2": 4.88804449713e-17, "max": 1.86215325576e-28, "mean": -6.59402887848e-09, "median": -4.78233719292e-09, "min": -6.44102868819e-08, "var": 3.74899661043e-17}, "spectral_energy": {"dmean": 0.00977822486311, "dmean2": 0.0146357854828, "dvar": 0.000327255285811, "dvar2": 0.000741314550396, "max": 0.25062161684, "mean": 0.0262788813561, "median": 0.019154233858, "min": 1.00484285226e-20, "var": 0.000596394471359}, "spectral_energyband_high": {"dmean": 0.000385568622733, "dmean2": 0.000526273215655, "dvar": 1.16368255476e-06, "dvar2": 2.29588204093e-06, "max": 0.0212038420141, "mean": 0.000565419555642, "median": 9.47697044467e-05, "min": 6.89289119764e-21, "var": 2.18665422835e-06}, "spectral_energyband_low": {"dmean": 0.00568274687976, "dmean2": 0.00896535441279, "dvar": 0.000156633352162, "dvar2": 0.000373168557417, "max": 0.106591172516, "mean": 0.00771133508533, "median": 0.00382485776208, "min": 8.74076026786e-24, "var": 0.000161474497872}, "spectral_energyband_middle_high": {"dmean": 0.000950258166995, "dmean2": 0.00131617730949, "dvar": 3.28502824232e-06, "dvar2": 6.04708202445e-06, "max": 0.0461287721992, "mean": 0.00299600628205, "median": 0.00126861804165, "min": 1.06528988331e-21, "var": 2.21220579988e-05}, "spectral_energyband_middle_low": {"dmean": 0.00643010530621, "dmean2": 0.00989141780883, "dvar": 0.00019234395586, "dvar2": 0.000447793165222, "max": 0.236102163792, "mean": 0.017468040809, "median": 0.0124638136476, "min": 1.31922282031e-22, "var": 0.00033177662408}, "spectral_entropy": {"dmean": 0.2211817801, "dmean2": 0.297657132149, "dvar": 0.0689549967647, "dvar2": 0.118406184018, "max": 9.82213783264, "mean": 7.07243061066, "median": 7.03921556473, "min": 5.00964689255, "var": 0.473862051964}, "spectral_flux": {"dmean": 0.027307221666, "dmean2": 0.0404831431806, "dvar": 0.00138208409771, "dvar2": 0.00290323677473, "max": 0.426032304764, "mean": 0.0704280883074, "median": 0.0549381524324, "min": 6.27871851733e-11, "var": 0.00316490675323}, "spectral_kurtosis": {"dmean": 2.86951708794, "dmean2": 4.33150005341, "dvar": 19.5895843506, "dvar2": 42.168674469, "max": 88.4161605835, "mean": 8.8394908905, "median": 7.00408411026, "min": -1.268851161, "var": 67.4047317505}, "spectral_rms": {"dmean": 0.000800784444436, "dmean2": 0.0011493912898, "dvar": 1.3549263258e-06, "dvar2": 2.78019706457e-06, "max": 0.0156367812306, "mean": 0.0045807226561, "median": 0.00432285293937, "min": 3.13102929e-12, "var": 4.65492621515e-06}, "spectral_rolloff": {"dmean": 314.43637085, "dmean2": 544.950256348, "dvar": 1054780.125, "dvar2": 2708457, "max": 20025.8789063, "mean": 1077.3137207, "median": 581.396484375, "min": 21.533203125, "var": 5650104.5}, "spectral_skewness": {"dmean": 0.323105573654, "dmean2": 0.46595287323, "dvar": 0.152832299471, "dvar2": 0.289590865374, "max": 7.50190544128, "mean": 2.28131508827, "median": 2.20218467712, "min": -0.10081911087, "var": 0.82617354393}, "spectral_spread": {"dmean": 879628.875, "dmean2": 1173822.875, "dvar": 1503705038850.0, "dvar2": 3008287211520.0, "max": 43036592, "mean": 5384263, "median": 4405747, "min": 867109.1875, "var": 21837115293700.0},