{"lowlevel": {"average_loudness": 0.779550969601, "barkbands": {"dmean": [1.86943871086e-05, 0.00231689936481, 0.00191250420175, 0.00109773303848, 0.00449296738952, 0.00124586175662, 0.00055863277521, 0.000597653212026, 0.000424869795097, 0.000826073286589, 0.000567361770663, 0.000610118091572, 0.000263701804215, 0.000203616713407, 0.000153515517013, 0.000111333865789, 0.000112047768198, 0.000133881694637, 9.22421604628e-05, 0.000105488055851, 2.71328535746e-05, 3.48606699845e-05, 4.55491317553e-05, 4.28894090874e-05, 5.10055979248e-05, 1.9796021661e-05, 2.06746926779e-06], "dmean2": [2.8357742849e-05, 0.00401240587234, 0.00344648677856, 0.00174037122633, 0.00722519680858, 0.00196563568898, 0.000878972990904, 0.00088631635299, 0.000643195468001, 0.00127881928347, 0.00087468943093, 0.000957383657806, 0.000412630673964, 0.000310716131935, 0.000241870162426, 0.000171526306076, 0.000164658646099, 0.000199616872123, 0.000137121242005, 0.00015209436242, 3.91471839976e-05, 4.8265348596e-05, 6.4620107878e-05, 6.21958752163e-05, 7.60462135077e-05, 3.02921434923e-05, 3.3710880416e-06], "dvar": [1.71523417691e-09, 4.24755489803e-05, 3.32361705659e-05, 5.61104616281e-06, 0.00018894537061, 5.55747510589e-06, 1.14250963179e-06, 1.731353791e-06, 6.30039778571e-07, 3.24742109115e-06, 1.42707858686e-06, 1.9161959699e-06, 3.78177020366e-07, 1.9960617692e-07, 2.1186282595e-07, 1.37702755865e-07, 1.51749773636e-07, 9.7907239649e-08, 3.71445452174e-08, 8.26554327205e-08, 6.9673542491e-09, 9.10516373409e-09, 2.18329496704e-08, 2.60268997465e-08, 3.30807345961e-08, 5.58699486675e-09, 9.96040264156e-11], "dvar2": [3.78463882456e-09, 0.000114935275633, 9.65634244494e-05, 1.39382182169e-05, 0.000466725003207, 1.2920007066e-05, 2.8762913189e-06, 3.7371628423e-06, 1.46610295815e-06, 8.29189593787e-06, 3.33932507601e-06, 5.01363410876e-06, 8.77629247498e-07, 4.34003680994e-07, 4.99001430398e-07, 3.12278672254e-07, 3.22792260476e-07, 2.03605466709e-07, 7.74042874241e-08, 1.5756360483e-07, 1.53386565671e-08, 1.75677001835e-08, 4.72108645511e-08, 5.08542079558e-08, 7.1089239384e-08, 1.33405340108e-08, 2.6898958061e-10], "max": [0.000617373269051, 0.0616843551397, 0.0590442195535, 0.0387301258743, 0.182230874896, 0.047528680414, 0.0283311139792, 0.040388610214, 0.0136582991108, 0.0483035892248, 0.0234404653311, 0.0271486453712, 0.0120530845597, 0.00852755364031, 0.0104689598083, 0.00837899744511, 0.0109802950174, 0.00850002653897, 0.00624663149938, 0.00671264529228, 0.00313619337976, 0.00298186996952, 0.00316675240174, 0.00464110635221, 0.00501008983701, 0.00231591635384, 0.000172679574462], "mean": [3.39518228429e-05, 0.00319324503653, 0.00230542896315, 0.00176962604746, 0.0055847177282, 0.00229721050709, 0.0011275135912, 0.00119490455836, 0.000816735846456, 0.00159834139049, 0.00097846693825, 0.00121433590539, 0.000438986578956, 0.000371483998606, 0.000248505210038, 0.000176252186066, 0.00021202446078, 0.000270223332336, 0.000197960209334, 0.000215273204958, 4.63895266876e-05, 5.59206164326e-05, 6.56943884678e-05, 6.07441579632e-05, 6.43768798909e-05, 2.24911855184e-05, 1.91293725038e-06], "median": [2.06226322916e-05, 0.00153909809887, 0.000747625192162, 0.000585251080338, 0.00229577836581, 0.00105096027255, 0.000482231960632, 0.000348436500644, 0.000339274556609, 0.000385476945667, 0.000250101729762, 0.000266058195848, 0.00012922026508, 0.000117802308523, 5.16892359883e-05, 5.44929753232e-05, 5.35628569196e-05, 7.27276637917e-05, 7.43447017157e-05, 4.93491461384e-05, 1.81602317753e-05, 1.30652506414e-05, 9.90044463833e-06, 5.58677493245e-06, 3.63979711437e-06, 1.6105608438e-06, 1.94263733988e-07], "min": [3.57297539179e-23, 2.38982508229e-23, 1.91373648193e-23, 6.92511721954e-24, 3.23004083244e-23, 8.5319427909e-23, 3.53683704263e-23, 8.14779245806e-24, 3.32966860051e-23, 1.23144935972e-22, 5.6809565654e-23, 1.86924150833e-22, 6.77799260968e-23, 9.81795078057e-23, 1.15746013904e-22, 1.20410504261e-22, 2.15965629607e-22, 5.32531042764e-22, 3.29697233547e-22, 2.42881336501e-22, 2.00708302394e-22, 5.5743188531e-22, 6.01069247206e-22, 7.96388985907e-22, 1.20763088482e-21, 1.78224746755e-21, 2.61010541501e-21], "var": [2.32361263564e-09, 3.51479575329e-05, 2.50369503192e-05, 9.5951190815e-06, 0.000173599939444, 1.30083353724e-05, 3.16346449836e-06, 6.2036538111e-06, 1.58625323365e-06, 9.40004520089e-06, 3.33943330588e-06, 5.47968829778e-06, 7.54166080696e-07, 5.18733997978e-07, 4.83996359435e-07, 2.46636034262e-07, 4.06337392178e-07, 3.0700752518e-07, 1.22794475033e-07, 2.54663774513e-07, 1.08517461683e-08, 1.80413888273e-08, 3.6027159922e-08, 5.57021984093e-08, 5.94682951771e-08, 7.58123075428e-09, 7.47284317759e-11]}, "barkbands_crest": {"dmean": 2.37679958344, "dmean2": 3.89405012131, "dvar": 5.80456066132, "dvar2": 14.2119197845, "max": 25.901468277, "mean": 9.22299385071, "median": 8.29043388367, "min": 2.6774892807, "var": 14.3459405899}, "barkbands_flatness_db": {"dmean": 0.0202670395374, "dmean2": 0.0313211679459, "dvar": 0.00045363305253, "dvar2": 0.00113349745516, "max": 0.384675443172, "mean": 0.145576760173, "median": 0.143716201186, "min": 0.0342921949923, "var": 0.00172258680686}, "barkbands_kurtosis": {"dmean": 2.91945576668, "dmean2": 4.73041343689, "dvar": 34.4615402222, "dvar2": 84.4175643921, "max": 141.725036621, "mean": 3.94433951378, "median": 1.75110340118, "min": -1.93200981617, "var": 53.189201355}, "barkbands_skewness": {"dmean": 0.530780315399, "dmean2": 0.804475843906, "dvar": 0.412015289068, "dvar2": 0.942148804665, "max": 9.48836135864, "mean": 1.39237821102, "median": 1.22778868675, "min": -1.78564500809, "var": 1.24381887913}, "barkbands_spread": {"dmean": 4.68570232391, "dmean2": 7.25288581848, "dvar": 45.4359893799, "dvar2": 99.3514785767, "max": 123.826530457, "mean": 18.3607711792, "median": 14.9845790863, "min": 0.795955598354, "var": 191.747436523}, "dissonance": {"dmean": 0.0241068042815, "dmean2": 0.0403957217932, "dvar": 0.00047868504771, "dvar2": 0.00127484451514, "max": 0.49982342124, "mean": 0.447206348181, "median": 0.453670293093, "min": 0.21565400064, "var": 0.00112484476995}, "dynamic_complexity": 5.17821455002, "erbbands": {"dmean": [0.0283087734133, 0.661564409733, 2.25986647606, 2.52948999405, 11.4222974777, 16.1046657562, 8.93157291412, 10.2587347031, 9.39917373657, 10.004327774, 11.1134138107, 8.03643226624, 22.9881401062, 19.0494251251, 19.7453784943, 24.5949459076, 13.0175304413, 8.81826496124, 8.07429790497, 7.76757955551, 4.52230834961, 6.00173902512, 7.13289356232, 4.41712713242, 4.91713380814, 4.5498790741, 1.50054264069, 1.06976699829, 1.15495193005, 1.36886548996, 1.32518291473, 0.910871863365, 0.7468791008, 0.565754055977, 0.373095482588, 0.132156699896, 0.0275753848255, 0.00387731124647, 0.000366436666809, 2.46199215326e-05], "dmean2": [0.0460115671158, 1.15826416016, 4.05597543716, 4.09115171432, 18.4355754852, 26.0121250153, 14.2374534607, 16.2082557678, 14.8897161484, 15.1964359283, 16.8986091614, 12.1681957245, 35.8016624451, 28.7985420227, 30.6734886169, 38.2514610291, 20.2401027679, 13.0654754639, 12.4752025604, 11.8765916824, 6.52257013321, 8.70800113678, 10.511636734, 6.47289228439, 6.95726633072, 6.52931976318, 2.19353079796, 1.51672518253, 1.60733819008, 1.91567575932, 1.89879608154, 1.30240941048, 1.08665192127, 0.834094703197, 0.56602960825, 0.200220778584, 0.0428856872022, 0.00606321170926, 0.000594484619796, 3.79704943043e-05], "dvar": [0.00542308669537, 3.5731613636, 47.3307380676, 27.1598892212, 1102.51525879, 2375.68310547, 299.646484375, 446.487792969, 318.741485596, 498.09552002, 512.943908691, 225.050674438, 2844.88549805, 1692.43640137, 1898.46472168, 3456.87182617, 712.778991699, 371.080108643, 380.384490967, 635.788269043, 166.206512451, 477.200592041, 364.532226562, 57.774887085, 145.4324646, 194.050674438, 18.7472572327, 11.5564422607, 10.5111026764, 16.5415611267, 19.3520069122, 10.041932106, 9.24023628235, 4.89813566208, 1.76428234577, 0.234561666846, 0.0133519526571, 0.000262187590124, 3.21538664139e-06, 7.25052151651e-09], "dvar2": [0.0129073755816, 9.84718799591, 135.953918457, 67.4295501709, 2784.96630859, 5808.13867188, 718.020446777, 1068.63061523, 803.648742676, 1160.65686035, 1178.51025391, 531.875366211, 7367.89892578, 3856.94726562, 4826.03417969, 9047.27832031, 1761.89978027, 799.17199707, 854.922851562, 1353.89331055, 297.383789062, 1029.67407227, 732.225097656, 125.499465942, 281.397521973, 363.031555176, 40.5024528503, 24.4485836029, 20.5787086487, 34.1670951843, 43.0525741577, 21.1968479156, 18.0356712341, 9.70720863342, 4.19874477386, 0.536432683468, 0.0345354937017, 0.00068573205499, 8.7286798589e-06, 1.85347364123e-08], "max": [0.839317679405, 17.1288719177, 62.1579666138, 77.1325378418, 444.742095947, 655.019836426, 389.014434814, 389.132507324, 386.356872559, 649.619812012, 669.933776855, 414.559448242, 1247.75024414, 1170.21777344, 931.207641602, 1173.30822754, 487.562286377, 482.782531738, 393.091461182, 698.230957031, 474.932281494, 721.442626953, 589.694458008, 173.51322937, 440.374084473, 426.97869873, 127.743598938, 135.544876099, 111.49230957, 71.3461380005, 107.011352539, 88.0532684326, 111.996116638, 78.1753387451, 28.987865448, 17.8766822815, 2.62484097481, 0.234319880605, 0.0304506868124, 0.0012630992569], "mean": [0.0441652014852, 0.882257342339, 2.83882164955, 4.42558908463, 13.7791261673, 19.2973327637, 16.0419025421, 18.2255573273, 18.9375915527, 21.0207424164, 22.3267879486, 17.1205787659, 46.6751213074, 39.8120422363, 37.4839553833, 50.8985290527, 25.6839084625, 17.5294761658, 15.2708530426, 13.3158054352, 9.81126689911, 12.5835876465, 14.6722202301, 10.9714336395, 11.6705303192, 9.97342300415, 2.84790420532, 1.77800273895, 1.85728096962, 2.038189888, 1.87991786003, 1.27171087265, 1.04419744015, 0.740703344345, 0.439677208662, 0.155111059546, 0.0298225581646, 0.00390433194116, 0.000351100228727, 4.32650231232e-05], "median": [0.0227116979659, 0.411316871643, 1.04384839535, 1.77250814438, 5.43930101395, 7.14004659653, 7.45299339294, 8.19243144989, 8.2803440094, 7.15966510773, 8.18989562988, 8.47514057159, 11.9189710617, 12.1978178024, 11.1688537598, 12.0718946457, 9.19272136688, 6.59287452698, 5.15475845337, 3.60553002357, 3.20016098022, 3.37138080597, 3.92184138298, 4.3126168251, 3.62054181099, 2.23319602013, 1.06811320782, 0.629710316658, 0.466634809971, 0.374507427216, 0.284188687801, 0.146335572004, 0.0798446014524, 0.042002260685, 0.0241235345602, 0.00985939241946, 0.00231502950191, 0.000324771273881, 4.7033685405e-05, 2.62084486167e-05], "min": [1.44226199843e-21, 3.2844953075e-21, 1.60160277322e-20, 2.99891810765e-20, 3.2652166274e-20, 8.23765261352e-20, 4.98178829692e-19, 6.24453120077e-19, 7.54400816165e-19, 2.53707228164e-19, 3.07856461465e-19, 9.24971041942e-19, 2.22035500975e-18, 4.26790413133e-18, 2.88284272157e-18, 8.01067761386e-18, 3.74347369092e-18, 5.11943156444e-18, 4.83945698328e-18, 5.49787951598e-18, 8.98072059e-18, 1.47599180285e-17, 2.15433995845e-17, 2.48251311313e-17, 1.30190974042e-17, 1.19205990692e-17, 6.18800705438e-18, 1.19232898877e-17, 1.99085846373e-17, 1.61642523329e-17, 2.03909864444e-17, 1.45965564749e-17, 1.40042174014e-17, 1.19831008363e-17, 9.8713988951e-18, 6.04447881039e-18, 3.31606078302e-18, 1.25957852442e-18, 3.61580963371e-19, 3.90777246594e-20], "var": [0.00598797062412, 2.79660749435, 35.2600517273, 47.8251724243, 985.722839355, 2256.22094727, 742.62512207, 859.002502441, 845.593383789, 1743.04321289, 1525.82006836, 593.945617676, 8282.80859375, 5555.97509766, 4792.52441406, 10020.7304688, 1755.07104492, 1049.31481934, 882.888305664, 1568.07116699, 662.424255371, 1329.0793457, 1146.96069336, 280.144226074, 509.861328125, 608.140197754, 33.5544395447, 18.8139915466, 20.4163913727, 28.9706516266, 30.5766296387, 18.4097537994, 20.5826358795, 10.0832166672, 2.47480034828, 0.364062726498, 0.0135838380083, 0.000230753663345, 2.39005339608e-06, 6.73757671876e-09]}, "erbbands_crest": {"dmean": 2.6979393959, "dmean2": 4.32534980774, "dvar": 6.47776937485, "dvar2": 16.3596591949, "max": 29.7230949402, "mean": 10.0032968521, "median": 9.24877357483, "min": 2.20509386063, "var": 18.8150806427}, "erbbands_flatness_db": {"dmean": 0.0187116991729, "dmean2": 0.0265268161893, "dvar": 0.000371799978893, "dvar2": 0.00072952453047, "max": 0.342820346355, "mean": 0.170587718487, "median": 0.174826383591, "min": 0.0160381607711, "var": 0.00226733647287}, "erbbands_kurtosis": {"dmean": 1.01733064651, "dmean2": 1.62651836872, "dvar": 2.02569270134, "dvar2": 4.72008800507, "max": 32.6695899963, "mean": 0.954686641693, "median": 0.446818590164, "min": -1.78290998936, "var": 4.9866309166}, "erbbands_skewness": {"dmean": 0.356817901134, "dmean2": 0.541661679745, "dvar": 0.130538478494, "dvar2": 0.275306850672, "max": 4.63870811462, "mean": 0.494033575058, "median": 0.497715055943, "min": -3.26818799973, "var": 0.520889103413}, "erbbands_spread": {"dmean": 7.84798908234, "dmean2": 11.8306465149, "dvar": 103.16569519, "dvar2": 224.709136963, "max": 149.331085205, "mean": 33.3551635742, "median": 27.8278312683, "min": 2.44599437714, "var": 453.74810791}, "gfcc": {"cov": [[18243.2089844, 1497.8828125, -1807.37133789, 454.523010254, -681.364074707, 125.150062561, -419.981933594, 219.274963379, -409.772338867, -33.6958656311, -24.0540962219, -137.003479004, -171.188858032], [1497.8828125, 1332.93469238, -492.015411377, -32.9991722107, 195.530532837, -148.794891357, 188.97958374, -54.0308113098, 40.7610588074, -79.9951324463, 105.736328125, -75.6886672974, 22.89112854], [-1807.37133789, -492.015411377, 941.940917969, 88.7983398438, -14.6210641861, 127.38155365, -122.085395813, -7.09841680527, 34.7695350647, 58.0448913574, -73.8084793091, 81.0337600708, 18.7747459412], [454.523010254, -32.9991722107, 88.7983398438, 321.078826904, 63.171245575, -4.27443504333, -70.5073852539, 23.7637786865, 37.4558067322, 26.4299545288, -13.3646335602, -11.7236452103, 27.108537674], [-681.364074707, 195.530532837, -14.6210641861, 63.171245575, 275.285644531, -17.0817489624, 68.2073059082, 33.9586296082, 53.7345085144, -0.278404861689, 18.3948745728, -22.5949954987, 25.096704483], [125.150062561, -148.794891357, 127.38155365, -4.27443504333, -17.0817489624, 209.643417358, 51.3533058167, 14.1944770813, -36.5301208496, 14.5694761276, -10.5611639023, 10.3437576294, -17.3820877075], [-419.981933594, 188.97958374, -122.085395813, -70.5073852539, 68.2073059082, 51.3533058167, 261.82019043, 24.4857063293, -32.4670333862, -22.7346973419, 65.5330581665, -13.8898382187, -14.7132968903], [219.274963379, -54.0308113098, -7.09841680527, 23.7637786865, 33.9586296082, 14.1944770813, 24.4857063293, 145.911819458, 17.5150489807, 12.8732032776, 9.11791038513, -0.24731695652, 2.44294881821], [-409.772338867, 40.7610588074, 34.7695350647, 37.4558067322, 53.7345085144, -36.5301208496, -32.4670333862, 17.5150489807, 139.173843384, 40.9169654846, -19.864616394, -1.65699541569, 17.6739730835], [-33.6958656311, -79.9951324463, 58.0448913574, 26.4299545288, -0.278404861689, 14.5694761276, -22.7346973419, 12.8732032776, 40.9169654846, 100.801322937, 18.7840919495, 13.0007324219, -3.55870747566], [-24.0540962219, 105.736328125, -73.8084793091, -13.3646335602, 18.3948745728, -10.5611639023, 65.5330581665, 9.11791038513, -19.864616394, 18.7840919495, 118.040718079, 19.5686531067, -3.81664633751], [-137.003479004, -75.6886672974, 81.0337600708, -11.7236452103, -22.5949954987, 10.3437576294, -13.8898382187, -0.24731695652, -1.65699541569, 13.0007324219, 19.5686531067, 81.7633209229, 18.2521324158], [-171.188858032, 22.89112854, 18.7747459412, 27.108537674, 25.096704483, -17.3820877075, -14.7132968903, 2.44294881821, 17.6739730835, -3.55870747566, -3.81664633751, 18.2521324158, 67.8189468384]], "icov": [[0.000259973865468, -0.000613972602878, 0.000523243681528, -0.000580507155973, 0.000757749949116, -0.000710624095518, 0.000904641055968, -0.000873377895914, 0.000982960802503, -0.000560647516977, 0.000595798133872, -0.000448198727099, 0.000584399036597], [-0.000613972602878, 0.00279258633964, -0.000822376110591, 0.0013628017623, -0.00235043186694, 0.00210382207297, -0.00267650885507, 0.00283747143112, -0.00306536699645, 0.00225116917863, -0.00238707335666, 0.00175183080137, -0.00177216459997], [0.000523243681528, -0.000822376110591, 0.0026934039779, -0.00143112591468, 0.00111308228225, -0.00223646871746, 0.0021616560407, -0.00134371151216, 0.00162066600751, -0.00132775248494, 0.00179069885053, -0.00225159735419, 0.0011717537418], [-0.000580507155973, 0.0013628017623, -0.00143112591468, 0.0051822909154, -0.0026110985782, 0.00128784787375, -0.000682134996168, 0.00142972415779, -0.00223656045273, 0.000676989846397, -0.00180941901635, 0.00231711589731, -0.00261079799384], [0.000757749949116, -0.00235043186694, 0.00111308228225, -0.0026110985782, 0.00749421166256, -0.00190863246098, 0.00117879267782, -0.00340387225151, 0.00119197519962, -0.00129301997367, 0.00135054066777, -3.36772682203e-05, 0.000264111993602], [-0.000710624095518, 0.00210382207297, -0.00223646871746, 0.00128784787375, -0.00190863246098, 0.00876972544938, -0.00488077569753, 0.00204011099413, -0.000722699449398, -0.000102226920717, 9.2322799901e-05, 0.000813485763501, -0.000608654576354], [0.000904641055968, -0.00267650885507, 0.0021616560407, -0.000682134996168, 0.00117879267782, -0.00488077569753, 0.00980716664344, -0.00397112779319, 0.0038719989825, -0.000668331398629, -0.000934416486416, -0.000766597921029, 0.00255428254604], [-0.000873377895914, 0.00283747143112, -0.00134371151216, 0.00142972415779, -0.00340387225151, 0.00204011099413, -0.00397112779319, 0.0107658728957, -0.00451900763437, 0.00183972052764, -0.00269918702543, 0.00159797107335, -0.00213641254231], [0.000982960802503, -0.00306536699645, 0.00162066600751, -0.00223656045273, 0.00119197519962, -0.000722699449398, 0.0038719989825, -0.00451900763437, 0.0149526046589, -0.00773475505412, 0.00578243844211, -0.00211086613126, 0.000928597408347], [-0.000560647516977, 0.00225116917863, -0.00132775248494, 0.000676989846397, -0.00129301997367, -0.000102226920717, -0.000668331398629, 0.00183972052764, -0.00773475505412, 0.015975907445, -0.00643467297778, 0.000853218603879, 0.000425235513831], [0.000595798133872, -0.00238707335666, 0.00179069885053, -0.00180941901635, 0.00135054066777, 9.2322799901e-05, -0.000934416486416, -0.00269918702543, 0.00578243844211, -0.00643467297778, 0.0152730839327, -0.00615221215412, 0.00262624281459], [-0.000448198727099, 0.00175183080137, -0.00225159735419, 0.00231711589731, -3.36772682203e-05, 0.000813485763501, -0.000766597921029, 0.00159797107335, -0.00211086613126, 0.000853218603879, -0.00615221215412, 0.0182127021253, -0.00668137567118], [0.000584399036597, -0.00177216459997, 0.0011717537418, -0.00261079799384, 0.000264111993602, -0.000608654576354, 0.00255428254604, -0.00213641254231, 0.000928597408347, 0.000425235513831, 0.00262624281459, -0.00668137567118, 0.0196412969381]], "mean": [-44.0750160217, 111.976852417, -111.298355103, 20.214673996, -55.6038017273, 7.30921030045, -32.8297615051, 4.31786346436, -31.7154064178, -3.45912480354, -10.7800264359, -0.396523863077, -12.4439096451]}, "hfc": {"dmean": 4.53117704391, "dmean2": 6.29845523834, "dvar": 58.3965339661, "dvar2": 104.70716095, "max": 128.310302734, "mean": 15.6482610703, "median": 11.6422472, "min": 1.19398664217e-16, "var": 228.249267578}, "melbands": {"dmean": [0.000449156825198, 0.00108527962584, 0.000583141692914, 0.00118616211694, 0.000322438398143, 0.000230887104408, 0.000131317647174, 0.00011858659127, 9.51627298491e-05, 5.23139970028e-05, 0.000119036973047, 8.28497431939e-05, 6.78105352563e-05, 6.17207406322e-05, 6.04750894126e-05, 2.35213174165e-05, 1.80046954483e-05, 1.49922179844e-05, 1.29412073875e-05, 9.56589155976e-06, 5.13854683959e-06, 7.47599142414e-06, 5.95514802626e-06, 6.27885083304e-06, 3.76212369702e-06, 3.22901837535e-06, 4.72500778415e-06, 3.07890672957e-06, 1.1106153579e-06, 6.15308806573e-07, 6.61030981064e-07, 6.6061659254e-07, 7.49258958876e-07, 7.99821066266e-07, 8.27240512535e-07, 6.59490922317e-07, 5.42839586615e-07, 5.42662689895e-07, 5.30252123099e-07, 4.77119328934e-07], "dmean2": [0.000758340058383, 0.00193114392459, 0.000931528222281, 0.00192634691484, 0.000508742174134, 0.00036453519715, 0.000208503275644, 0.000177627094672, 0.000144696299685, 7.89812620496e-05, 0.000186423872947, 0.000125046863104, 0.000104331964394, 9.40321697271e-05, 9.60628967732e-05, 3.6220644688e-05, 2.69143711193e-05, 2.31918729696e-05, 2.02583396458e-05, 1.49419192894e-05, 7.3693199738e-06, 1.08544427349e-05, 8.98217876966e-06, 9.21553601074e-06, 5.60544231121e-06, 4.75685646961e-06, 6.59508623357e-06, 4.55272584077e-06, 1.69366489899e-06, 9.01638088635e-07, 9.66602215158e-07, 9.45138936004e-07, 1.06367463104e-06, 1.15216903396e-06, 1.20110826174e-06, 9.71456643128e-07, 7.96659548996e-07, 8.17980946977e-07, 7.61583976328e-07, 7.25239033272e-07], "dvar": [1.49985817188e-06, 1.05110493678e-05, 1.37940560307e-06, 1.47528635353e-05, 3.60443891623e-07, 2.03950094146e-07, 6.13375945591e-08, 7.36224023967e-08, 3.67311265848e-08, 9.54346113247e-09, 7.64731424852e-08, 3.18212585171e-08, 2.25707488255e-08, 2.08131911705e-08, 2.10418757973e-08, 3.44266037899e-09, 1.68491698371e-09, 1.44921008527e-09, 1.53332990749e-09, 1.14948384144e-09, 2.71297900811e-10, 8.39033620359e-10, 2.33266517213e-10, 2.97523339299e-10, 4.541199361e-11, 5.03640046334e-11, 1.57853508043e-10, 1.12097449378e-10, 1.1295057771e-11, 4.03400533464e-12, 4.4769335808e-12, 3.82405825755e-12, 4.39053611176e-12, 6.27435603473e-12, 8.13379485293e-12, 4.85638916234e-12, 4.09300414742e-12, 5.33718251886e-12, 5.52602755222e-12, 3.52377090181e-12], "dvar2": [3.92572610508e-06, 2.9653607271e-05, 3.37894516633e-06, 3.67911088688e-05, 8.51980814787e-07, 4.87009117478e-07, 1.54883466053e-07, 1.66686717762e-07, 8.80467325715e-08, 2.2364785579e-08, 1.99125125278e-07, 7.36357179676e-08, 5.64140734127e-08, 4.99936625431e-08, 5.65005713327e-08, 7.94496379797e-09, 3.58438989601e-09, 3.16740966788e-09, 3.64226626637e-09, 2.59109311784e-09, 4.52749004953e-10, 1.79022374702e-09, 4.98228514001e-10, 5.70195779481e-10, 1.02222737219e-10, 1.05458593247e-10, 2.99487268318e-10, 2.15063411524e-10, 2.61426314624e-11, 8.86088164648e-12, 9.75661478692e-12, 7.62307144492e-12, 9.16992263372e-12, 1.36388183733e-11, 1.86846753347e-11, 1.09765434589e-11, 8.68752639271e-12, 1.17017506795e-11, 1.0444144681e-11, 7.5770492311e-12], "max": [0.0123324282467, 0.0279235411435, 0.0156725086272, 0.050833798945, 0.0108182039112, 0.00759809697047, 0.00580308027565, 0.00807804428041, 0.00440249079838, 0.00270134559833, 0.00683215400204, 0.00444734562188, 0.00378370308317, 0.00412872247398, 0.00362863135524, 0.00121137639508, 0.000960822799243, 0.000853129313327, 0.000829632335808, 0.000844327732921, 0.000601540377829, 0.000936264288612, 0.000433365494246, 0.000522063637618, 0.000148416598677, 0.000284080626443, 0.000354894640623, 0.00040002327296, 8.95709526958e-05, 7.86441014498e-05, 8.70286967256e-05, 7.93972358224e-05, 3.22114683513e-05, 4.64984841528e-05, 7.84878939157e-05, 4.56065972685e-05, 5.69428775634e-05, 7.63435818953e-05, 8.92704920261e-05, 5.81205531489e-05], "mean": [0.00065348262433, 0.00142797816079, 0.000970920023974, 0.00136959878728, 0.000577601545956, 0.000426891841926, 0.000266497896519, 0.000241980305873, 0.000183621203178, 0.000104993385321, 0.000237278421992, 0.000163280550623, 0.000119535841804, 0.000123168632854, 0.000113635840535, 4.01475990657e-05, 3.24292996083e-05, 2.60601827904e-05, 2.05907708732e-05, 1.487461941e-05, 1.07581863631e-05, 1.39474886964e-05, 1.2238680938e-05, 1.18822717923e-05, 8.54790687299e-06, 7.23201083019e-06, 9.73964324658e-06, 5.90852323512e-06, 1.85892440641e-06, 1.02667593183e-06, 1.02111755496e-06, 1.02609999431e-06, 1.11961992388e-06, 1.13210853669e-06, 1.13506575872e-06, 8.96594201549e-07, 7.29374562525e-07, 7.31552859179e-07, 6.98907797414e-07, 5.96546726683e-07], "median": [0.000347135239281, 0.000620464095846, 0.000443286553491, 0.000503510644194, 0.000283880188363, 0.000202559560421, 0.000118038398796, 7.08931038389e-05, 6.60412697471e-05, 4.570384408e-05, 5.40501023352e-05, 4.48499049526e-05, 3.25919427269e-05, 2.72859560937e-05, 2.52483077929e-05, 1.06870866148e-05, 9.97730512609e-06, 7.43161717764e-06, 4.04581123803e-06, 4.22178527515e-06, 3.08566245621e-06, 3.30190528075e-06, 3.07639311359e-06, 3.33058619617e-06, 3.22610094372e-06, 2.54428073276e-06, 2.12448799175e-06, 1.22198446206e-06, 6.62777267735e-07, 3.82816836009e-07, 3.06661519289e-07, 2.60764778659e-07, 2.2322068105e-07, 1.84731888453e-07, 1.68756997709e-07, 1.18264715354e-07, 7.39425729535e-08, 5.80926169391e-08, 4.10318570232e-08, 3.10155598982e-08], "min": [1.16276882584e-23, 6.76248565532e-24, 4.8900390998e-24, 3.26629396086e-24, 1.39584409117e-23, 1.52568586301e-23, 1.08542945489e-23, 2.53466728089e-24, 3.15678606493e-24, 5.33267526461e-24, 1.17397088735e-23, 1.81416992946e-23, 8.37347136355e-24, 1.8770932618e-23, 1.35141102737e-23, 7.00340298691e-24, 1.03025802202e-23, 7.24852889144e-24, 8.62656397436e-24, 6.77161514258e-24, 1.06570674897e-23, 1.64751012592e-23, 1.31441991957e-23, 2.5323618349e-23, 1.99079004857e-23, 1.38658081311e-23, 6.42694603587e-24, 8.38854176228e-24, 3.69400172189e-24, 4.26627139925e-24, 7.75617113914e-24, 1.17940487681e-23, 1.03194831428e-23, 8.70943302359e-24, 1.4028640066e-23, 9.37859848594e-24, 7.66073711341e-24, 9.75747970125e-24, 9.55386050211e-24, 1.03685424025e-23], "var": [1.35831987791e-06, 7.92976697994e-06, 2.07026369026e-06, 1.29005620693e-05, 7.83010420946e-07, 4.18786157752e-07, 1.64669032188e-07, 2.6659517971e-07, 1.00538208869e-07, 2.54897773999e-08, 2.23683755962e-07, 9.95358249156e-08, 5.22910283962e-08, 6.34905532593e-08, 5.25450545297e-08, 7.8121242808e-09, 4.4331218696e-09, 3.1862132932e-09, 3.44280404185e-09, 2.17612328157e-09, 1.2293207563e-09, 2.24858620612e-09, 8.69319949359e-10, 7.78847986105e-10, 1.96114305351e-10, 1.66220148756e-10, 5.04879693608e-10, 2.80858836188e-10, 1.69174188547e-11, 6.19547035202e-12, 6.89218473959e-12, 6.94978840102e-12, 7.77876287689e-12, 1.00214628262e-11, 1.17607581659e-11, 7.75081127752e-12, 7.22667455391e-12, 1.02365884866e-11, 1.16472491374e-11, 6.32758082042e-12]}, "melbands_crest": {"dmean": 3.09189224243, "dmean2": 5.0788602829, "dvar": 10.3425121307, "dvar2": 25.8962078094, "max": 36.5558280945, "mean": 12.4651222229, "median": 11.2820034027, "min": 2.47295331955, "var": 24.0634613037}, "melbands_flatness_db": {"dmean": 0.0244278125465, "dmean2": 0.0370476543903, "dvar": 0.000675478251651, "dvar2": 0.00160879362375, "max": 0.509036064148, "mean": 0.223640725017, "median": 0.220065683126, "min": 0.00890896189958, "var": 0.00293966243044}, "melbands_kurtosis": {"dmean": 7.1214132309, "dmean2": 11.1539735794, "dvar": 270.191680908, "dvar2": 613.844665527, "max": 636.110473633, "mean": 11.6212949753, "median": 5.23707485199, "min": -1.7487924099, "var": 455.023742676}, "melbands_skewness": {"dmean": 0.709844410419, "dmean2": 1.05849826336, "dvar": 0.826354622841, "dvar2": 1.75907349586, "max": 22.5421886444, "mean": 2.26799869537, "median": 1.93279206753, "min": -1.01450002193, "var": 2.79017305374}, "melbands_spread": {"dmean": 5.14507389069, "dmean2": 7.75384140015, "dvar": 49.6105041504, "dvar2": 95.0595703125, "max": 221.652420044, "mean": 19.3221511841, "median": 17.3301124573, "min": 0.839179575443, "var": 175.111938477}, "mfcc": {"cov": [[11906.8007812, 1050.25170898, -468.674865723, 209.991943359, -107.912689209, -119.819847107, 103.791488647, 51.8373374939, -258.498321533, 76.0316848755, -70.0595092773, -118.873039246, -8.79552268982], [1050.25170898, 1440.77392578, -374.260559082, 134.770599365, -56.8261909485, 6.79637479782, 101.681564331, 62.3985023499, -49.5658302307, 17.8749713898, 5.91470193863, 4.47427082062, 6.52842998505], [-468.674865723, -374.260559082, 721.720825195, -45.2201766968, 103.392524719, 82.3190994263, -74.2011795044, -44.0382003784, 40.5821990967, -81.5420532227, 6.23011016846, 10.4632635117, -2.35689616203], [209.991943359, 134.770599365, -45.2201766968, 287.809936523, 110.025138855, -11.3111104965, -25.4878520966, -12.2353992462, 21.7839164734, 28.4994087219, -20.5751934052, 24.222328186, 29.6659698486], [-107.912689209, -56.8261909485, 103.392524719, 110.025138855, 261.481414795, 5.27286243439, -71.341835022, -24.9339885712, 60.3124885559, 21.3375587463, -17.0323390961, 13.435880661, 11.5423965454], [-119.819847107, 6.79637479782, 82.3190994263, -11.3111104965, 5.27286243439, 168.041641235, 28.870798111, -0.54648655653, 15.8113880157, -12.5829534531, 20.9111728668, -3.86238646507, -6.85411787033], [103.791488647, 101.681564331, -74.2011795044, -25.4878520966, -71.341835022, 28.870798111, 250.993728638, 86.3273010254, -37.2380943298, 24.784992218, 26.4973201752, 1.96060228348, -5.89653205872], [51.8373374939, 62.3985023499, -44.0382003784, -12.2353992462, -24.9339885712, -0.54648655653, 86.3273010254, 116.288482666, 15.6560058594, 8.30639266968, 2.03525829315, 4.88182163239, 0.295561820269], [-258.498321533, -49.5658302307, 40.5821990967, 21.7839164734, 60.3124885559, 15.8113880157, -37.2380943298, 15.6560058594, 131.703918457, 26.7588386536, 1.30954432487, 5.70022439957, 4.93781280518], [76.0316848755, 17.8749713898, -81.5420532227, 28.4994087219, 21.3375587463, -12.5829534531, 24.784992218, 8.30639266968, 26.7588386536, 104.543731689, 19.9783573151, 1.04560697079, -2.73828816414], [-70.0595092773, 5.91470193863, 6.23011016846, -20.5751934052, -17.0323390961, 20.9111728668, 26.4973201752, 2.03525829315, 1.30954432487, 19.9783573151, 91.395866394, 27.325302124, 2.40713787079], [-118.873039246, 4.47427082062, 10.4632635117, 24.222328186, 13.435880661, -3.86238646507, 1.96060228348, 4.88182163239, 5.70022439957, 1.04560697079, 27.325302124, 89.2268218994, 33.0864639282], [-8.79552268982, 6.52842998505, -2.35689616203, 29.6659698486, 11.5423965454, -6.85411787033, -5.89653205872, 0.295561820269, 4.93781280518, -2.73828816414, 2.40713787079, 33.0864639282, 81.2418899536]], "icov": [[9.7138210549e-05, -5.71383170609e-05, -2.94251663036e-06, -5.94176635786e-05, 1.42774961205e-05, 3.25726286974e-05, 3.67211905541e-05, -7.02918914612e-05, 0.000205304691917, -0.00010978498176, 3.03735250782e-05, 0.000142862991197, -3.49008150806e-05], [-5.71383170609e-05, 0.000914213364013, 0.000439301744336, -0.000437464739662, 6.63260507281e-05, -0.000261030392721, -0.000115297560114, -0.000280497857602, 9.67886662693e-05, 0.00036612036638, -0.000191035898752, -4.07934348914e-05, 8.27750118333e-05], [-2.94251663036e-06, 0.000439301744336, 0.00208818889223, 0.000268641189905, -0.000862590968609, -0.000774229934905, 1.38001450978e-05, 0.000333796080668, -0.000421442702645, 0.00173133134376, -0.000428504863521, -0.00018604255456, 0.000156318128575], [-5.94176635786e-05, -0.000437464739662, 0.000268641189905, 0.00493438541889, -0.00197366625071, -3.60365775123e-05, -6.60726072965e-05, 0.000613460608292, -0.000105842198536, -0.000887989823241, 0.00128512270749, -0.0011354094604, -0.00109413533937], [1.42774961205e-05, 6.63260507281e-05, -0.000862590968609, -0.00197366625071, 0.00583460507914, -0.000123548394185, 0.000897878198884, 0.00031335442327, -0.0015068682842, -0.00138499902096, 0.00093750981614, -0.000492568593472, 0.000134273301228], [3.25726286974e-05, -0.000261030392721, -0.000774229934905, -3.60365775123e-05, -0.000123548394185, 0.00710380589589, -0.00151301326696, 0.00105020264164, -0.00143256143201, 0.00127137987874, -0.00169220543467, 0.000936165393796, 0.000317243044265], [3.67211905541e-05, -0.000115297560114, 1.38001450978e-05, -6.60726072965e-05, 0.000897878198884, -0.00151301326696, 0.00693835550919, -0.00513738486916, 0.00281006586738, -0.00211211876012, -0.000982528901659, 0.00013071129797, 3.87248583138e-05], [-7.02918914612e-05, -0.000280497857602, 0.000333796080668, 0.000613460608292, 0.00031335442327, 0.00105020264164, -0.00513738486916, 0.0133295254782, -0.0039707547985, 0.00121421855874, 0.00119905243628, -0.00107046682388, 0.000106017658254], [0.000205304691917, 9.67886662693e-05, -0.000421442702645, -0.000105842198536, -0.0015068682842, -0.00143256143201, 0.00281006586738, -0.0039707547985, 0.011036506854, -0.00353106693365, 5.0820166507e-05, 0.000177490233909, -0.000511096732225], [-0.00010978498176, 0.00036612036638, 0.00173133134376, -0.000887989823241, -0.00138499902096, 0.00127137987874, -0.00211211876012, 0.00121421855874, -0.00353106693365, 0.0136257316917, -0.00363148399629, 0.000974612892605, 0.000864050525706], [3.03735250782e-05, -0.000191035898752, -0.000428504863521, 0.00128512270749, 0.00093750981614, -0.00169220543467, -0.000982528901659, 0.00119905243628, 5.0820166507e-05, -0.00363148399629, 0.0144319171086, -0.00515936734155, 0.00073340232484], [0.000142862991197, -4.07934348914e-05, -0.00018604255456, -0.0011354094604, -0.000492568593472, 0.000936165393796, 0.00013071129797, -0.00107046682388, 0.000177490233909, 0.000974612892605, -0.00515936734155, 0.0155170587823, -0.00555423321202], [-3.49008150806e-05, 8.27750118333e-05, 0.000156318128575, -0.00109413533937, 0.000134273301228, 0.000317243044265, 3.87248583138e-05, 0.000106017658254, -0.000511096732225, 0.000864050525706, 0.00073340232484, -0.00555423321202, 0.0150131350383]], "mean": [-685.789367676, 145.164474487, 0.291902720928, 20.279504776, -2.29787230492, 1.11497879028, 6.24974489212, 5.22412109375, -10.5414972305, -1.48417294025, -3.62662053108, -4.33475828171, -0.455898821354]}, "pitch_salience": {"dmean": 0.0654858052731, "dmean2": 0.108951300383, "dvar": 0.00403744261712, "dvar2": 0.0109141068533, "max": 0.826239585876, "mean": 0.559064865112, "median": 0.563241302967, "min": 0.10972417891, "var": 0.00953431148082}, "silence_rate_20dB": {"dmean": 0, "dmean2": 0, "dvar": 0, "dvar2": 0, "max": 1, "mean": 1, "median": 1, "min": 1, "var": 0}, "silence_rate_30dB": {"dmean": 0.0164795797318, "dmean2": 0.0329630970955, "dvar": 0.0162088479847, "dvar2": 0.043104108423, "max": 1, "mean": 0.988895535469, "median": 1, "min": 0, "var": 0.0109807727858}, "silence_rate_60dB": {"dmean": 0.0171960834414, "dmean2": 0.0343962721527, "dvar": 0.0169015806168, "dvar2": 0.0375185795128, "max": 1, "mean": 0.106149256229, "median": 0, "min": 0, "var": 0.0948755666614}, "spectral_centroid": {"dmean": 203.117156982, "dmean2": 299.06451416, "dvar": 65987.53125, "dvar2": 119760.007812, "max": 10708.3730469, "mean": 1027.77258301, "median": 922.084106445, "min": 212.695648193, "var": 276945.8125}, "spectral_complexity": {"dmean": 2.25603055954, "dmean2": 3.46829104424, "dvar": 5.94278621674, "dvar2": 11.9286060333, "max": 42, "mean": 14.0448951721, "median": 14, "min": 0, "var": 47.7881851196}, "spectral_contrast_coeffs": {"dmean": [0.0512278042734, 0.0424658544362, 0.0387812852859, 0.0316729657352, 0.0234693158418, 0.0180826727301], "dmean2": [0.0831828266382, 0.0694033503532, 0.0612528286874, 0.049644049257, 0.0360781177878, 0.0275431908667], "dvar": [0.00201502884738, 0.00125976966228, 0.00113897572737, 0.000738872622605, 0.000489351572469, 0.000329878326738], "dvar2": [0.00488195987418, 0.00327868340537, 0.00271528377198, 0.00171194109134, 0.000980304088444, 0.000728359911591], "max": [-0.2434720397, -0.397959083319, -0.454959660769, -0.539401054382, -0.518167078495, -0.625480175018], "mean": [-0.627448379993, -0.726105451584, -0.724593341351, -0.750181674957, -0.771970033646, -0.786274909973], "median": [-0.631970405579, -0.729684591293, -0.727850079536, -0.750391423702, -0.778456747532, -0.781860351562], "min": [-0.970934987068, -0.98562759161, -0.963325202465, -0.976756513119, -0.961494088173, -0.963051497936], "var": [0.00875094439834, 0.00567889399827, 0.00667261891067, 0.00448227208108, 0.00363804283552, 0.00171832880005]}, "spectral_contrast_valleys": {"dmean": [0.410078167915, 0.321741253138, 0.314678281546, 0.275225937366, 0.269654005766, 0.382538855076], "dmean2": [0.670420348644, 0.521536290646, 0.500028669834, 0.418672770262, 0.363417685032, 0.479581028223], "dvar": [0.169765561819, 0.0953210741282, 0.105469413102, 0.0898110494018, 0.0887742415071, 0.232908323407], "dvar2": [0.357886761427, 0.214058741927, 0.224667370319, 0.17158742249, 0.13887052238, 0.375287383795], "max": [-5.06662416458, -4.75178337097, -5.13100099564, -6.23532104492, -6.25642585754, -7.57900905609], "mean": [-7.49591636658, -6.89419412613, -7.77884149551, -8.3567943573, -8.32688331604, -10.9149656296], "median": [-7.15975475311, -6.59207248688, -7.50010251999, -8.03336715698, -8.05934143066, -10.9672708511], "min": [-27.3736839294, -26.9948444366, -27.1662216187, -27.1731624603, -27.1501064301, -27.1870632172], "var": [2.09400677681, 2.03826856613, 1.97751283646, 1.83057713509, 1.73700916767, 1.81331408024]}, "spectral_decrease": {"dmean": 2.46140086091e-09, "dmean2": 3.83860410125e-09, "dvar": 2.55323010719e-17, "dvar2": 6.1020220433e-17, "max": 1.49186415445e-29, "mean": -6.13194339749e-09, "median": -4.72679584362e-09, "min": -5.68951321611e-08, "var": 3.84336402169e-17}, "spectral_energy": {"dmean": 0.00960835348815, "dmean2": 0.014891397208, "dvar": 0.000379531178623, "dvar2": 0.000897028017789, "max": 0.222513020039, "mean": 0.02456266433, "median": 0.0191244594753, "min": 1.07735064517e-20, "var": 0.000597061531153}, "spectral_energyband_high": {"dmean": 0.000234317602008, "dmean2": 0.000325722678099, "dvar": 3.72023805539e-07, "dvar2": 7.28594557131e-07, "max": 0.012211448513, "mean": 0.000394925998989, "median": 9.54978095251e-05, "min": 7.51719849483e-21, "var": 8.08994798263e-07}, "spectral_energyband_low": {"dmean": 0.00405391538516, "dmean2": 0.00687734782696, "dvar": 0.000126132450532, "dvar2": 0.000337991281413, "max": 0.100807875395, "mean": 0.00635701604187, "median": 0.00327634881251, "min": 6.7006040927e-23, "var": 0.000114373731776}, "spectral_energyband_middle_high": {"dmean": 0.00163383036852, "dmean2": 0.00244278484024, "dvar": 6.2702838477e-06, "dvar2": 1.49858024088e-05, "max": 0.0515268780291, "mean": 0.00556488987058, "median": 0.00302583398297, "min": 1.95343447442e-21, "var": 3.85421190003e-05}, "spectral_energyband_middle_low": {"dmean": 0.00630046566948, "dmean2": 0.00962186045945, "dvar": 0.000242291018367, "dvar2": 0.00057636864949, "max": 0.213562756777, "mean": 0.0133881149814, "median": 0.00906460452825, "min": 2.245703729e-22, "var": 0.000307027192321}, "spectral_entropy": {"dmean": 0.186323538423, "dmean2": 0.270171076059, "dvar": 0.0405123271048, "dvar2": 0.0873901620507, "max": 9.82060241699, "mean": 7.25820446014, "median": 7.20617103577, "min": 4.92877435684, "var": 0.214355826378}, "spectral_flux": {"dmean": 0.0254498794675, "dmean2": 0.0394493453205, "dvar": 0.00129750859924, "dvar2": 0.00274834013544, "max": 0.401488095522, "mean": 0.0752621069551, "median": 0.063287705183, "min": 1.03795499973e-10, "var": 0.00320023857057}, "spectral_kurtosis": {"dmean": 2.09687542915, "dmean2": 3.42855644226, "dvar": 5.03603935242, "dvar2": 12.9495725632, "max": 49.9721412659, "mean": 6.32998800278, "median": 5.86685848236, "min": -1.23783409595, "var": 14.5613212585}, "spectral_rms": {"dmean": 0.000776050263084, "dmean2": 0.00114960258361, "dvar": 1.46489867348e-06, "dvar2": 3.13796317641e-06, "max": 0.0147338341922, "mean": 0.00435477169231, "median": 0.0043194917962, "min": 3.24202687266e-12, "var": 4.99953921462e-06}, "spectral_rolloff": {"dmean": 367.947906494, "dmean2": 619.500488281, "dvar": 858489.5625, "dvar2": 1869709.625, "max": 18820.0195312, "mean": 1206.38952637, "median": 947.4609375, "min": 21.533203125, "var": 2194072.25}, "spectral_skewness": {"dmean": 0.255753576756, "dmean2": 0.401579022408, "dvar": 0.0658556073904, "dvar2": 0.150257021189, "max": 5.74973392487, "mean": 1.84275066853, "median": 1.81216287613, "min": -0.186808913946, "var": 0.279175043106}, "spectral_spread": {"dmean": 675962.4375, "dmean2": 956233.4375, "dvar": 1191010500610.0, "dvar2": 2256831512580.0, "max": 40201688, "mean": 4324857, "m