{"lowlevel": {"average_loudness": 0.776131331921, "barkbands": {"dmean": [0.000104205872049, 0.00450091902167, 0.00219345744699, 0.000592961150687, 0.00101928703953, 0.000847399409395, 0.000550350756384, 0.000603235908784, 0.000785215233918, 0.000711120781489, 0.000375277420972, 0.00020653611864, 0.000151960819494, 0.000199295333005, 0.000251891702646, 0.000311675277771, 0.000233279250097, 0.000167260077433, 0.000196059132577, 0.000108958658529, 0.000100994446257, 0.000143124110764, 0.000126068218378, 0.000147797443788, 0.000119159682072, 8.7759392045e-05, 3.50021582562e-05], "dmean2": [0.000143219673191, 0.0076120919548, 0.00372357130982, 0.000981378252618, 0.00166500743944, 0.0013309387723, 0.000837837171275, 0.000932685506996, 0.00115454453044, 0.00109684059862, 0.000542250811122, 0.000312138115987, 0.000233747108723, 0.00029840413481, 0.000390293716919, 0.000470707076602, 0.00037005986087, 0.000265131297056, 0.000300255254842, 0.000175531764398, 0.000163966105902, 0.000236134219449, 0.000204148440389, 0.000236409017816, 0.00018388692115, 0.000145313635585, 6.40491998638e-05], "dvar": [3.03595584228e-08, 9.41252801567e-05, 3.79541997972e-05, 2.81928032564e-06, 5.26923076904e-06, 3.92747097067e-06, 4.00632234232e-06, 7.18462797522e-06, 9.67053620116e-06, 1.02101521406e-05, 3.50909249391e-06, 6.35433991647e-07, 4.07626174592e-07, 9.00853763142e-07, 9.52953087108e-07, 1.50909158947e-06, 7.66971197663e-07, 1.61194222414e-07, 1.99704331294e-07, 8.69055298836e-08, 1.26096139752e-07, 2.64308283704e-07, 1.46046872374e-07, 3.09069690729e-07, 2.75720168474e-07, 6.25580867109e-08, 1.7274606634e-08], "dvar2": [5.52090888561e-08, 0.000253258069279, 9.86231243587e-05, 7.2537586675e-06, 1.36788685268e-05, 9.20385173231e-06, 8.69693394634e-06, 1.72156760527e-05, 2.05594751606e-05, 2.39220644289e-05, 6.61420835968e-06, 1.36370522341e-06, 8.8805006726e-07, 1.93270557247e-06, 2.09573681786e-06, 3.42376506524e-06, 1.77006120339e-06, 3.63456365449e-07, 4.40959524894e-07, 2.1692174812e-07, 3.18777694019e-07, 6.74656064348e-07, 3.69131640809e-07, 7.70124415794e-07, 6.23853850357e-07, 1.55186270945e-07, 4.83105218052e-08], "max": [0.00294996006414, 0.124187789857, 0.0916426032782, 0.0365384146571, 0.0468710288405, 0.0591460950673, 0.0722030848265, 0.0668559744954, 0.0796473249793, 0.107482798398, 0.0616481676698, 0.023668076843, 0.0267383325845, 0.0464567877352, 0.0378647185862, 0.0548887625337, 0.0253713317215, 0.0116523597389, 0.0115010244772, 0.00894476380199, 0.00523888599128, 0.00980120245367, 0.00819645356387, 0.0129582295194, 0.0300161968917, 0.00771679682657, 0.00119512795936], "mean": [0.000197353132535, 0.00644588051364, 0.00261597358622, 0.000789831217844, 0.00183328124695, 0.00162636500318, 0.00110532762483, 0.00116050196812, 0.00160989596043, 0.00115208490752, 0.000726526021026, 0.000354000047082, 0.000226208503591, 0.000293931021588, 0.000408151943702, 0.000484352727653, 0.000393658818211, 0.000264475238509, 0.000365762622096, 0.000167426216649, 0.000124121332192, 0.000180620700121, 0.0002032078919, 0.000200703550945, 0.000176671557711, 8.58926505316e-05, 2.30216301134e-05], "median": [0.000112398942292, 0.00321958796121, 0.000858618121129, 0.000204049239983, 0.000830451725051, 0.000525759183802, 0.000189243306522, 8.16560932435e-05, 0.000127665756736, 0.000107498693978, 4.78464571643e-05, 5.99798186158e-05, 4.40638650616e-05, 3.34901124006e-05, 4.2186184146e-05, 5.9770536609e-05, 5.21257788932e-05, 6.50384899927e-05, 9.86171216937e-05, 5.35314757144e-05, 2.87339789793e-05, 5.25619907421e-05, 7.57013112889e-05, 6.56382908346e-05, 4.10770080634e-05, 1.51872791321e-05, 1.11732970254e-06], "min": [8.54566806346e-25, 2.30415048869e-24, 7.34812691945e-25, 7.07968051164e-25, 8.58879489194e-24, 7.39596226146e-24, 9.28046655591e-24, 4.2150975979e-24, 1.39231109872e-23, 1.40326285467e-23, 2.1288116769e-23, 1.70636672251e-23, 2.69623254183e-23, 4.44628007038e-23, 4.68708427932e-23, 6.74659594565e-23, 6.73329638188e-23, 9.07273407825e-23, 1.46341346714e-22, 1.77649683564e-22, 2.44578409811e-22, 3.13216502977e-22, 4.0158121797e-22, 5.78402307282e-22, 8.8407008035e-22, 1.18778359883e-21, 1.95238616031e-21], "var": [7.01510032286e-08, 0.000102280078863, 3.23419117194e-05, 3.26272220263e-06, 9.99285839498e-06, 1.4248390471e-05, 1.44384748637e-05, 2.17205488298e-05, 3.09351380565e-05, 1.67497255461e-05, 1.21480388771e-05, 1.64961682003e-06, 6.76148772527e-07, 1.54351050696e-06, 2.12707709579e-06, 2.81546772385e-06, 1.89402965134e-06, 3.50988415221e-07, 5.38516985671e-07, 1.20588126151e-07, 1.291892886e-07, 2.75934212368e-07, 1.73855553953e-07, 3.23851764961e-07, 5.07725417265e-07, 6.61966907956e-08, 1.04676640689e-08]}, "barkbands_crest": {"dmean": 2.92611098289, "dmean2": 4.74871778488, "dvar": 6.97947263718, "dvar2": 18.1321926117, "max": 26.3860416412, "mean": 12.1448612213, "median": 11.5598306656, "min": 2.26090693474, "var": 22.9906101227}, "barkbands_flatness_db": {"dmean": 0.0248569510877, "dmean2": 0.0394269712269, "dvar": 0.000709089334123, "dvar2": 0.00174863054417, "max": 0.435597836971, "mean": 0.142562881112, "median": 0.131958663464, "min": 0.0195975825191, "var": 0.00364340678789}, "barkbands_kurtosis": {"dmean": 6.60006809235, "dmean2": 10.6758947372, "dvar": 220.949371338, "dvar2": 544.54309082, "max": 382.108306885, "mean": 11.5252723694, "median": 3.77207612991, "min": -1.92856109142, "var": 573.322875977}, "barkbands_skewness": {"dmean": 0.748120307922, "dmean2": 1.17978858948, "dvar": 0.920398950577, "dvar2": 2.25407338142, "max": 14.8028860092, "mean": 2.20774579048, "median": 1.85328984261, "min": -5.54198408127, "var": 3.85184860229}, "barkbands_spread": {"dmean": 8.38165664673, "dmean2": 13.5609664917, "dvar": 160.065124512, "dvar2": 387.878082275, "max": 132.701950073, "mean": 24.4940490723, "median": 20.5490875244, "min": 0.340505957603, "var": 346.572540283}, "dissonance": {"dmean": 0.0203340575099, "dmean2": 0.0340855307877, "dvar": 0.000439908122644, "dvar2": 0.00121478922665, "max": 0.500000178814, "mean": 0.456620156765, "median": 0.465923607349, "min": 0.197201862931, "var": 0.00127527723089}, "dynamic_complexity": 4.69159269333, "erbbands": {"dmean": [0.0844893828034, 1.18054044247, 2.7874777317, 1.99928069115, 2.28099298477, 3.47119188309, 6.28356790543, 7.6635556221, 7.92391443253, 8.81382083893, 14.4371843338, 17.3231048584, 19.0324420929, 21.7278804779, 10.2940244675, 7.2928352356, 6.41007852554, 6.93897390366, 12.7757854462, 11.7382202148, 17.4464378357, 12.208527565, 7.98616409302, 10.4086837769, 7.75106096268, 4.633685112, 4.03017234802, 4.37884378433, 4.81767749786, 4.43829059601, 3.5254907608, 3.51777148247, 1.98113787174, 1.55940651894, 0.770109593868, 0.452848136425, 0.140225470066, 0.038520116359, 0.00645752903074, 0.000253470119787], "dmean2": [0.135747030377, 2.00795555115, 4.73975276947, 3.30397319794, 3.74635505676, 5.67275094986, 9.92426490784, 12.0450239182, 12.0053758621, 12.6782484055, 21.8329677582, 25.2019309998, 27.581823349, 32.6223297119, 13.9975728989, 11.0050868988, 9.70491695404, 9.94241809845, 18.9209671021, 17.5392856598, 26.7290878296, 19.0877323151, 12.5280313492, 16.003610611, 11.8066864014, 7.39771127701, 6.50796413422, 7.20629405975, 7.8572101593, 7.1470284462, 5.68598365784, 5.7055015564, 3.13148283958, 2.44058418274, 1.19264101982, 0.740955471992, 0.236321568489, 0.0688969045877, 0.011798623018, 0.000461730232928], "dvar": [0.0227919742465, 7.11596488953, 59.7589302063, 32.0402450562, 28.6515293121, 69.5506591797, 337.042236328, 379.599945068, 662.165405273, 1822.38842773, 3802.15112305, 5087.05908203, 5138.13525391, 11314.2861328, 1559.38659668, 899.223510742, 641.910888672, 874.092468262, 2725.97192383, 2021.21618652, 5066.58154297, 2143.62573242, 375.539581299, 616.884765625, 400.565795898, 141.860931396, 159.297775269, 293.402893066, 291.422058105, 185.878097534, 124.779045105, 291.799682617, 32.8964767456, 48.5359344482, 13.053604126, 2.26186442375, 0.150734618306, 0.0168632622808, 0.000588083348703, 8.60254999679e-07], "dvar2": [0.0589971728623, 19.0660667419, 156.022857666, 81.2862243652, 75.8643951416, 173.121444702, 853.229309082, 858.987731934, 1407.3626709, 3695.52148438, 8957.27148438, 10690.6396484, 11205.1875, 26843.875, 2581.7277832, 2092.56347656, 1373.40563965, 1625.54089355, 5960.90234375, 4257.75976562, 11803.6826172, 4895.48925781, 829.82244873, 1338.03234863, 908.780700684, 349.865081787, 405.919189453, 752.187072754, 715.942565918, 476.9140625, 311.78338623, 743.731384277, 76.4393844604, 113.430625916, 31.1603450775, 5.68072986603, 0.377019613981, 0.0463418029249, 0.00164120458066, 2.41110274146e-06], "max": [1.94544017315, 35.0821304321, 107.789649963, 100.911933899, 149.180511475, 229.433364868, 465.450744629, 646.508605957, 1277.88696289, 1821.42199707, 1813.45507812, 2382.31079102, 2297.26977539, 3564.79663086, 1820.09020996, 1014.97412109, 1222.59411621, 1815.18847656, 1620.00231934, 2023.32299805, 3575.02832031, 1692.24963379, 822.497619629, 695.482666016, 669.528686523, 357.943725586, 188.609146118, 257.280059814, 372.879486084, 294.940673828, 215.568984985, 249.993591309, 230.188491821, 451.914855957, 234.110641479, 51.0370063782, 11.5129137039, 1.82734835148, 0.219563126564, 0.00874209031463], "mean": [0.13694639504, 1.59877359867, 3.45465111732, 2.69547533989, 3.65545725822, 6.00459432602, 11.2508382797, 14.7827005386, 16.0352497101, 17.9391231537, 28.2150211334, 35.5516967773, 35.6240882874, 39.4818954468, 20.8806171417, 13.2005815506, 10.6196928024, 11.9389095306, 21.0946788788, 21.3312721252, 29.0078353882, 21.8258075714, 14.6085357666, 19.5862407684, 14.5017290115, 7.5808300972, 5.5264339447, 5.03895950317, 6.03200340271, 6.98447418213, 5.53737831116, 4.32197380066, 3.1027598381, 2.39779829979, 1.0247323513, 0.454013258219, 0.137148365378, 0.0299548767507, 0.00428390083835, 0.000190132544958], "median": [0.0600748062134, 0.750435471535, 1.3670899868, 1.0128633976, 1.43370044231, 2.49303555489, 3.88619804382, 4.62293100357, 3.87981247902, 2.44767856598, 2.75292372704, 3.50248670578, 4.65003108978, 4.0491309166, 2.77800583839, 2.60363221169, 2.46805286407, 1.96487367153, 2.40740060806, 2.86371421814, 3.96982574463, 3.58859205246, 3.75914740562, 5.13069248199, 4.3807516098, 2.61612272263, 1.48939561844, 1.18362665176, 1.75616967678, 2.47164058685, 1.90137076378, 1.26879680157, 1.0149576664, 0.564468801022, 0.215509042144, 0.0765127241611, 0.0246454775333, 0.003156948369, 0.000212371931411, 3.64758234355e-05], "min": [7.39806946671e-23, 4.77298107137e-22, 1.53659037565e-21, 4.67653789059e-21, 1.00428684795e-20, 2.4825586882e-20, 2.97449656942e-20, 8.05409283454e-20, 1.07002953129e-19, 1.35414468133e-19, 1.3769400988e-19, 3.57708879225e-19, 6.41064767933e-19, 9.12864426497e-19, 1.04722006467e-18, 7.8854858961e-19, 1.63446349887e-18, 2.31719945471e-18, 2.65095152904e-18, 2.82740900603e-18, 4.51459751413e-18, 4.68120823311e-18, 5.71308709595e-18, 5.90995442738e-18, 7.12479695631e-18, 7.32995842774e-18, 9.03926760658e-18, 1.16556870334e-17, 1.27286163885e-17, 1.31852341487e-17, 1.06984124172e-17, 1.14628993567e-17, 9.99921236181e-18, 8.10371971634e-18, 5.92032396353e-18, 4.79868401012e-18, 2.06836326053e-18, 1.0397479354e-18, 2.67822057191e-19, 2.84019991956e-20], "var": [0.0387650281191, 7.18407821655, 50.7468070984, 31.5170974731, 43.9260025024, 155.178344727, 656.97253418, 1444.5546875, 2503.79589844, 6240.32177734, 11704.2958984, 16198.0029297, 12538.3144531, 20924.0136719, 6103.88476562, 2341.71484375, 1253.24108887, 1849.40270996, 5608.390625, 5043.91064453, 8819.84082031, 4995.76708984, 1056.88684082, 1563.94287109, 969.193847656, 222.934814453, 181.804794312, 266.665588379, 292.024841309, 263.906799316, 146.837875366, 254.295578003, 53.7230644226, 86.8423614502, 19.8889160156, 2.24487876892, 0.168564707041, 0.0117104863748, 0.000359062192729, 5.21743118043e-07]}, "erbbands_crest": {"dmean": 2.85671520233, "dmean2": 4.57573366165, "dvar": 7.8908200264, "dvar2": 19.1342658997, "max": 32.6051483154, "mean": 10.5822286606, "median": 8.9508895874, "min": 2.16257238388, "var": 35.1376953125}, "erbbands_flatness_db": {"dmean": 0.0176432002336, "dmean2": 0.026289191097, "dvar": 0.000325972854625, "dvar2": 0.000677867617924, "max": 0.369273781776, "mean": 0.134542003274, "median": 0.127699419856, "min": 0.0232036076486, "var": 0.00220432528295}, "erbbands_kurtosis": {"dmean": 1.6207215786, "dmean2": 2.52050495148, "dvar": 22.3446884155, "dvar2": 51.3330459595, "max": 238.919326782, "mean": 2.07902264595, "median": -0.0600963830948, "min": -1.82962810993, "var": 114.889045715}, "erbbands_skewness": {"dmean": 0.445102035999, "dmean2": 0.684886693954, "dvar": 0.252516776323, "dvar2": 0.576414227486, "max": 13.5467729568, "mean": 0.661380827427, "median": 0.500062644482, "min": -4.39604377747, "var": 1.78889107704}, "erbbands_spread": {"dmean": 10.7002496719, "dmean2": 16.7285366058, "dvar": 177.241668701, "dvar2": 417.365234375, "max": 196.362503052, "mean": 49.5449028015, "median": 45.4320373535, "min": 1.31343412399, "var": 703.989501953}, "gfcc": {"cov": [[20134.4511719, -589.800476074, -2245.45068359, 282.588012695, -624.643432617, 555.039367676, -447.026641846, 742.23638916, -148.223403931, -28.2392063141, -122.768791199, 94.9391403198, -49.7208938599], [-589.800476074, 1110.92126465, 10.9800615311, -12.9794712067, 49.2958755493, -24.1843032837, 108.965240479, -58.2479324341, 60.1448631287, -23.7921791077, 93.6462249756, -51.3041725159, -6.97394514084], [-2245.45068359, 10.9800615311, 1074.328125, 109.044364929, 81.5048141479, -96.7669754028, 30.006187439, -121.248054504, 2.4347653389, 66.5617904663, -16.4815711975, 11.9277772903, -49.9611930847], [282.588012695, -12.9794712067, 109.044364929, 456.769836426, 12.2713947296, 12.5802221298, -30.2075042725, 26.6396827698, 0.509238421917, 3.46465158463, -35.6634178162, 15.1164321899, 15.1639547348], [-624.643432617, 49.2958755493, 81.5048141479, 12.2713947296, 290.944274902, 71.1274490356, 72.9331207275, 9.3408164978, 13.9095058441, -3.75984787941, -7.92842340469, -16.1297893524, 27.752122879], [555.039367676, -24.1843032837, -96.7669754028, 12.5802221298, 71.1274490356, 270.584197998, 92.7783889771, 26.7010307312, -37.5728263855, 18.7287158966, 7.0845375061, -13.0887517929, 10.77140522], [-447.026641846, 108.965240479, 30.006187439, -30.2075042725, 72.9331207275, 92.7783889771, 214.795944214, 4.67334222794, -2.93324685097, 12.5782499313, 15.8697500229, -33.5697517395, -20.7302970886], [742.23638916, -58.2479324341, -121.248054504, 26.6396827698, 9.3408164978, 26.7010307312, 4.67334222794, 204.243133545, 43.1589317322, -15.0175657272, -17.6581535339, -17.2244167328, 6.6495923996], [-148.223403931, 60.1448631287, 2.4347653389, 0.509238421917, 13.9095058441, -37.5728263855, -2.93324685097, 43.1589317322, 140.633560181, 12.7814664841, 8.95258331299, 13.1342058182, 7.65119695663], [-28.2392063141, -23.7921791077, 66.5617904663, 3.46465158463, -3.75984787941, 18.7287158966, 12.5782499313, -15.0175657272, 12.7814664841, 114.701271057, 32.9286804199, 5.16124773026, -14.0797462463], [-122.768791199, 93.6462249756, -16.4815711975, -35.6634178162, -7.92842340469, 7.0845375061, 15.8697500229, -17.6581535339, 8.95258331299, 32.9286804199, 121.850296021, 32.1272621155, -0.429601430893], [94.9391403198, -51.3041725159, 11.9277772903, 15.1164321899, -16.1297893524, -13.0887517929, -33.5697517395, -17.2244167328, 13.1342058182, 5.16124773026, 32.1272621155, 112.319633484, 33.2766494751], [-49.7208938599, -6.97394514084, -49.9611930847, 15.1639547348, 27.752122879, 10.77140522, -20.7302970886, 6.6495923996, 7.65119695663, -14.0797462463, -0.429601430893, 33.2766494751, 104.403709412]], "icov": [[9.71835979726e-05, -3.14359385811e-05, 0.000160458526807, -5.20369503647e-05, 0.000141236261697, -0.000224021627218, 0.000229500510613, -0.000292844721116, 0.000142799981404, -0.000121020537335, 0.000156655660248, -0.000209493067814, 0.000218947578105], [-3.14359385811e-05, 0.00119273585733, -2.72314755421e-05, -0.000150762993144, -9.85057049547e-05, 0.000285303365672, -0.000617844401859, 0.000632498005871, -0.000729290070012, 0.00072423851816, -0.00125860981643, 0.00101837748662, -0.000271297700237], [0.000160458526807, -2.72314755421e-05, 0.00149041356053, -0.000413861591369, -0.000270671356702, 0.000269041658612, 4.89923259011e-05, 0.000170094077475, 0.000256710773101, -0.000923640618566, 0.000661756086629, -0.000680900295265, 0.000967386760749], [-5.20369503647e-05, -0.000150762993144, -0.000413861591369, 0.00245945807546, -7.11682005203e-05, -0.000235453146161, 0.000360392936273, -0.000387555308407, 0.000104577469756, -0.000193741871044, 0.000789664743934, -0.000428393133916, -0.000344669242622], [0.000141236261697, -9.85057049547e-05, -0.000270671356702, -7.11682005203e-05, 0.00453445222229, -0.00132911303081, -0.00069979642285, -0.000471661944175, -0.000499411893543, 0.000320967228618, 0.000395986106014, 0.000398714357289, -0.00128118880093], [-0.000224021627218, 0.000285303365672, 0.000269041658612, -0.000235453146161, -0.00132911303081, 0.00589739764109, -0.00271492241882, 9.06981440494e-05, 0.00140791933518, -0.00101318478119, -0.000467819860205, 0.000357438111678, -0.00108034082223], [0.000229500510613, -0.000617844401859, 4.89923259011e-05, 0.000360392936273, -0.00069979642285, -0.00271492241882, 0.00722383102402, -0.0008916023653, 0.000167097663507, -0.000373201357434, -0.000207880148082, 0.00061831966741, 0.00173587910831], [-0.000292844721116, 0.000632498005871, 0.000170094077475, -0.000387555308407, -0.000471661944175, 9.06981440494e-05, -0.0008916023653, 0.00719738425687, -0.00297018419951, 0.00124734838028, -0.000387940235669, 0.00196520704776, -0.000721038144547], [0.000142799981404, -0.000729290070012, 0.000256710773101, 0.000104577469756, -0.000499411893543, 0.00140791933518, 0.000167097663507, -0.00297018419951, 0.00923872180283, -0.00203069811687, 0.000592503056396, -0.00196962081827, 1.6098803826e-05], [-0.000121020537335, 0.00072423851816, -0.000923640618566, -0.000193741871044, 0.000320967228618, -0.00101318478119, -0.000373201357434, 0.00124734838028, -0.00203069811687, 0.0110833868384, -0.00369521393441, 0.0011405996047, 0.000707311730366], [0.000156655660248, -0.00125860981643, 0.000661756086629, 0.000789664743934, 0.000395986106014, -0.000467819860205, -0.000207880148082, -0.000387940235669, 0.000592503056396, -0.00369521393441, 0.011852950789, -0.00461825355887, 0.00109795073513], [-0.000209493067814, 0.00101837748662, -0.000680900295265, -0.000428393133916, 0.000398714357289, 0.000357438111678, 0.00061831966741, 0.00196520704776, -0.00196962081827, 0.0011405996047, -0.00461825355887, 0.0130383716896, -0.00431718118489], [0.000218947578105, -0.000271297700237, 0.000967386760749, -0.000344669242622, -0.00128118880093, -0.00108034082223, 0.00173587910831, -0.000721038144547, 1.6098803826e-05, 0.000707311730366, 0.00109795073513, -0.00431718118489, 0.0124947056174]], "mean": [-30.8983840942, 69.5775985718, -83.8929672241, 38.025226593, -55.7027587891, 16.9507274628, -37.6748199463, 17.3515815735, -20.3678836823, 0.146614283323, -12.6119155884, 6.31937980652, -9.44837188721]}, "hfc": {"dmean": 9.03671646118, "dmean2": 14.0030508041, "dvar": 404.351379395, "dvar2": 972.726257324, "max": 461.720214844, "mean": 20.6095142365, "median": 10.7647895813, "min": 1.06117081725e-16, "var": 740.315734863}, "melbands": {"dmean": [0.00101907597855, 0.00150796002708, 0.000350050191628, 0.000197490051505, 0.000207192832022, 0.000166725178133, 0.000115875780466, 0.000103879254311, 0.000121281147585, 0.0001121490277, 0.000100353710877, 9.47328007896e-05, 4.25997714046e-05, 2.27140626521e-05, 1.70603871084e-05, 1.47946930156e-05, 1.38660061566e-05, 2.22316612053e-05, 1.95839311345e-05, 1.82159146789e-05, 2.19974881475e-05, 1.49541729115e-05, 8.08245022199e-06, 8.33614103612e-06, 9.38911125559e-06, 7.28339409761e-06, 4.57220630778e-06, 3.08147650685e-06, 2.6771872399e-06, 2.45163005275e-06, 2.71047997558e-06, 2.89114132102e-06, 2.70314080808e-06, 2.58988234236e-06, 2.11498945646e-06, 2.63665447164e-06, 1.87030946108e-06, 1.44109856137e-06, 1.34262279516e-06, 1.409479637e-06], "dmean2": [0.00169583805837, 0.00255439872853, 0.000575193786062, 0.000326085777488, 0.000330031150952, 0.000261346227489, 0.000175892942934, 0.000151129454025, 0.000181258365046, 0.000163281700225, 0.000146082835272, 0.000142850127304, 5.75530139031e-05, 3.39387916028e-05, 2.66296992777e-05, 2.25052081078e-05, 1.97819044843e-05, 3.32719500875e-05, 2.97762617265e-05, 2.69963875326e-05, 3.4239517845e-05, 2.33881346503e-05, 1.26733812067e-05, 1.31461420096e-05, 1.44650475704e-05, 1.12266397991e-05, 7.01650151314e-06, 5.02812554259e-06, 4.34251205661e-06, 4.05645687351e-06, 4.46036619905e-06, 4.73786349175e-06, 4.44040279035e-06, 4.15637759943e-06, 3.38508812092e-06, 4.35186848335e-06, 3.01799514091e-06, 2.2998096938e-06, 2.10495113606e-06, 2.20748393076e-06], "dvar": [4.02037039748e-06, 1.49021834659e-05, 7.94279060301e-07, 2.31924758509e-07, 3.30165761397e-07, 1.60707017471e-07, 1.34215696335e-07, 2.21360139108e-07, 2.72245443966e-07, 2.11106652159e-07, 1.47865762301e-07, 2.09606341173e-07, 3.50989743936e-08, 6.81342449127e-09, 7.91842413861e-09, 2.4627369033e-09, 4.11449763149e-09, 1.07283746331e-08, 6.93567114851e-09, 4.9726640583e-09, 9.45088629578e-09, 3.81458375998e-09, 7.2285927244e-10, 4.21366608272e-10, 5.57732915407e-10, 2.89222701344e-10, 2.08501396703e-10, 6.23679718981e-11, 5.78040046384e-11, 7.98482113762e-11, 1.1806612632e-10, 1.04091464614e-10, 8.69404409576e-11, 5.56663881657e-11, 3.28344434974e-11, 1.90689047885e-10, 6.29132024255e-11, 2.0822012517e-11, 1.3005108275e-11, 5.62203131271e-11], "dvar2": [1.07563564598e-05, 3.89233427995e-05, 2.01541388378e-06, 6.10599840911e-07, 8.46390548759e-07, 3.68603224388e-07, 2.88048454422e-07, 4.64459645855e-07, 6.14145335476e-07, 4.4608503913e-07, 3.24571942656e-07, 4.99552925248e-07, 5.91957380891e-08, 1.45713414668e-08, 1.94474694126e-08, 5.25912335902e-09, 7.81482967227e-09, 2.37906494505e-08, 1.4861422315e-08, 1.00094599276e-08, 2.2662277388e-08, 8.62843574367e-09, 1.67205149726e-09, 9.08891406581e-10, 1.2003565919e-09, 6.55774268221e-10, 4.74061345734e-10, 1.58726434774e-10, 1.47369297321e-10, 2.08374914545e-10, 3.02291386367e-10, 2.54582327441e-10, 2.21798579503e-10, 1.40200420717e-10, 8.07158090366e-11, 4.8788839635e-10, 1.58072083201e-10, 4.99736085846e-11, 2.84405745482e-11, 1.38422523444e-10], "max": [0.0267654284835, 0.0481724888086, 0.0146927647293, 0.0121903372929, 0.0144902104512, 0.0125779137015, 0.0169098488986, 0.0201821681112, 0.0152838779613, 0.0139464167878, 0.0131920091808, 0.0139986621216, 0.00831669010222, 0.00272664823569, 0.00414472725242, 0.00142627081368, 0.00330492737703, 0.00389269227162, 0.0037826730404, 0.00209101266228, 0.00544021185488, 0.00234271981753, 0.000872289587278, 0.000597451988142, 0.000639005855191, 0.000338438956533, 0.000569077383261, 0.000181415787665, 0.000121949713503, 0.000131481167045, 0.000171296123881, 0.000208718891372, 0.000186613586266, 0.000223582057515, 0.00017534023209, 0.000206773402169, 0.000211840000702, 0.000231823592912, 0.000123332749354, 0.000518122629728], "mean": [0.00154878152534, 0.00199710694142, 0.000504203839228, 0.0003387418692, 0.000380411336664, 0.000325112021528, 0.000236709383898, 0.000208375262446, 0.000230816091062, 0.000229689801927, 0.000180592105608, 0.000166210607858, 8.38687774376e-05, 4.1207375034e-05, 2.79011546809e-05, 2.28010212595e-05, 2.14179581235e-05, 3.37405945174e-05, 3.16066507366e-05, 2.94472574751e-05, 3.41471859429e-05, 2.41883117269e-05, 1.35907330332e-05, 1.32381101139e-05, 1.64075863722e-05, 1.29675909193e-05, 7.30870442567e-06, 4.48086211691e-06, 3.65421897186e-06, 2.7954217785e-06, 2.97246583614e-06, 3.32992203766e-06, 3.63041885976e-06, 4.07812012782e-06, 3.42592693414e-06, 2.94350570584e-06, 2.36349114857e-06, 2.20527635975e-06, 2.0021968794e-06, 2.07881566894e-06], "median": [0.000763732241467, 0.000973262882326, 0.000206516808248, 0.000147787824972, 0.000139249372296, 0.00010356499115, 5.34265709575e-05, 2.13621169678e-05, 1.86612851394e-05, 1.81335581146e-05, 1.95295378944e-05, 1.42132757901e-05, 7.32673652237e-06, 6.34769003227e-06, 4.76402510685e-06, 4.19194748247e-06, 2.85222290586e-06, 3.16359910357e-06, 3.45608577845e-06, 3.33166190103e-06, 4.18436047767e-06, 3.40699898516e-06, 2.50450375461e-06, 3.23440372085e-06, 3.9044107325e-06, 3.49232050212e-06, 1.94119638763e-06, 1.26005511447e-06, 8.99734232007e-07, 5.85297129874e-07, 6.1679531882e-07, 8.66666425736e-07, 9.79989636107e-07, 1.43854651924e-06, 1.10791074803e-06, 7.38145104151e-07, 6.90725187269e-07, 7.02764964444e-07, 5.58507281312e-07, 4.19695709297e-07], "min": [6.15133371419e-25, 7.90192699644e-25, 1.08834524257e-24, 2.31828450953e-24, 1.17143941298e-24, 1.74270477181e-24, 1.80472896048e-24, 1.26125990451e-24, 5.02788780982e-25, 1.69837926919e-24, 2.96380859941e-24, 3.41417934817e-24, 3.05293292119e-24, 2.25409982805e-24, 2.02918138447e-24, 3.28967737581e-24, 4.13171618351e-24, 4.17202973678e-24, 3.82194155008e-24, 3.98822554029e-24, 4.39870260701e-24, 4.30807471634e-24, 4.93525226815e-24, 4.29907933544e-24, 4.4669544581e-24, 4.23489485118e-24, 4.35139422409e-24, 3.56544421561e-24, 5.23054578194e-24, 5.3480481915e-24, 5.98147549383e-24, 6.06178508385e-24, 5.12627888066e-24, 6.78033836647e-24, 5.44738550099e-24, 6.43474274262e-24, 6.09353081883e-24, 6.51479831944e-24, 6.90094099938e-24, 5.47878334831e-24], "var": [5.18359820489e-06, 1.3548788047e-05, 8.5909033487e-07, 4.14954740791e-07, 6.4297711333e-07, 6.21714548288e-07, 5.30248769337e-07, 7.66016000853e-07, 8.12307519027e-07, 6.94994298556e-07, 3.44993196677e-07, 3.65497413668e-07, 1.3634247864e-07, 2.05799910447e-08, 1.7719910872e-08, 5.03367258986e-09, 7.97940735708e-09, 1.95992182483e-08, 1.52329988623e-08, 1.24216841257e-08, 1.47202658951e-08, 8.04953970146e-09, 1.9847425925e-09, 9.29198828992e-10, 1.30794619579e-09, 7.07794101107e-10, 3.96972010819e-10, 8.4189086258e-11, 7.17900600078e-11, 7.56635656907e-11, 1.05015954266e-10, 1.00288437277e-10, 1.09182878016e-10, 7.92723872656e-11, 4.95395148514e-11, 1.55894588905e-10, 6.24038667962e-11, 3.09588604752e-11, 2.56918236685e-11, 8.94282009556e-11]}, "melbands_crest": {"dmean": 3.31544542313, "dmean2": 5.44379234314, "dvar": 8.91004562378, "dvar2": 23.3185920715, "max": 33.9273300171, "mean": 16.2307987213, "median": 15.8855800629, "min": 1.72745275497, "var": 30.0294494629}, "melbands_flatness_db": {"dmean": 0.0300592314452, "dmean2": 0.0476960875094, "dvar": 0.00115570425987, "dvar2": 0.00278807547875, "max": 0.597596108913, "mean": 0.221271544695, "median": 0.209397032857, "min": 0.00402220897377, "var": 0.00672366097569}, "melbands_kurtosis": {"dmean": 16.0356044769, "dmean2": 26.3024997711, "dvar": 1019.17022705, "dvar2": 2680.12646484, "max": 602.820251465, "mean": 33.0946159363, "median": 14.9593400955, "min": -1.92735981941, "var": 2614.64892578}, "melbands_skewness": {"dmean": 1.00035607815, "dmean2": 1.58826351166, "dvar": 1.53970944881, "dvar2": 3.78435778618, "max": 19.0267219543, "mean": 3.66878414154, "median": 3.11119318008, "min": -1.25129795074, "var": 7.27041769028}, "melbands_spread": {"dmean": 7.85879898071, "dmean2": 12.3194465637, "dvar": 189.862258911, "dvar2": 407.640258789, "max": 308.3309021, "mean": 23.1190357208, "median": 15.6282958984, "min": 0.385174423456, "var": 650.805603027}, "mfcc": {"cov": [[11124.1572266, -445.359527588, -978.56072998, -339.861694336, -12.4864931107, -260.382080078, -3.02023363113, 319.44934082, 61.7726211548, 274.243927002, -5.96530532837, -144.388885498, 90.4617233276], [-445.359527588, 1087.82385254, 87.7436065674, 4.11967754364, 7.74221420288, 36.7974014282, 57.6460342407, 18.5410957336, -45.0576400757, 55.5742263794, 57.4329528809, 38.6367912292, 1.69687652588], [-978.56072998, 87.7436065674, 690.985107422, 201.675231934, 25.2080135345, 70.9664230347, -15.6974029541, -46.0054359436, -18.5541229248, -60.7748641968, 35.1966094971, 43.900302887, 3.08437228203], [-339.861694336, 4.11967754364, 201.675231934, 376.237365723, 64.661277771, 13.9378490448, -39.7274665833, 6.80641126633, 38.9710350037, -46.1360626221, -8.17303466797, 58.9265899658, 5.18741559982], [-12.4864931107, 7.74221420288, 25.2080135345, 64.661277771, 217.131744385, 0.334120482206, 1.25916171074, 26.4314365387, 49.9555091858, -2.35530686378, -14.1131830215, -12.5674829483, 11.5651283264], [-260.382080078, 36.7974014282, 70.9664230347, 13.9378490448, 0.334120482206, 255.50982666, 98.646156311, -13.2990341187, 7.49485397339, -6.45784187317, 18.8361797333, 10.9215078354, -22.4804019928], [-3.02023363113, 57.6460342407, -15.6974029541, -39.7274665833, 1.25916171074, 98.646156311, 221.876480103, 26.3308925629, 15.6037063599, 43.6815757751, 19.7418422699, -16.2762432098, -4.99433851242], [319.44934082, 18.5410957336, -46.0054359436, 6.80641126633, 26.4314365387, -13.2990341187, 26.3308925629, 146.122848511, 37.8053321838, 22.5104160309, 3.19953727722, -12.2759065628, 13.0736751556], [61.7726211548, -45.0576400757, -18.5541229248, 38.9710350037, 49.9555091858, 7.49485397339, 15.6037063599, 37.8053321838, 158.169128418, 18.3744926453, -7.81413650513, 5.14687824249, -2.05623221397], [274.243927002, 55.5742263794, -60.7748641968, -46.1360626221, -2.35530686378, -6.45784187317, 43.6815757751, 22.5104160309, 18.3744926453, 145.592285156, 39.3334388733, -34.3269424438, -1.74490535259], [-5.96530532837, 57.4329528809, 35.1966094971, -8.17303466797, -14.1131830215, 18.8361797333, 19.7418422699, 3.19953727722, -7.81413650513, 39.3334388733, 119.998069763, 27.3143215179, -8.77256202698], [-144.388885498, 38.6367912292, 43.900302887, 58.9265899658, -12.5674829483, 10.9215078354, -16.2762432098, -12.2759065628, 5.14687824249, -34.3269424438, 27.3143215179, 136.895645142, 22.7170734406], [90.4617233276, 1.69687652588, 3.08437228203, 5.18741559982, 11.5651283264, -22.4804019928, -4.99433851242, 13.0736751556, -2.05623221397, -1.74490535259, -8.77256202698, 22.7170734406, 106.017471313]], "icov": [[0.000113985304779, 4.62395219074e-05, 0.000121190234495, 1.8145003196e-05, 4.0379109123e-06, 3.95522620238e-05, 3.56917444151e-05, -0.000198061869014, 3.40570295521e-05, -0.000150208099512, -1.59958599397e-05, 2.10571033676e-05, -7.60095135774e-05], [4.62395219074e-05, 0.00102918664925, -9.48588931351e-05, 4.48109494755e-05, -0.000147911196109, -2.10694288398e-05, -0.000166071709828, -0.000282262917608, 0.000454795517726, -0.000535770959686, -0.000132537825266, -0.000422973913373, 6.29604255664e-05], [0.000121190234495, -9.48588931351e-05, 0.00206310627982, -0.000997652532533, -3.73931652575e-05, -0.000376244570361, 9.30284295464e-05, 0.000335870310664, 0.000233307815506, 0.00053496635519, -0.000856237660628, 0.000345720996847, -0.000357434910256], [1.8145003196e-05, 4.48109494755e-05, -0.000997652532533, 0.00375067489222, -0.000856659957208, -8.0704667198e-05, 0.000544456182979, -0.000517680542544, -0.000631954171695, 0.000196689972654, 0.000613238371443, -0.00144885736518, 0.000347309571225], [4.0379109123e-06, -0.000147911196109, -3.73931652575e-05, -0.000856659957208, 0.0053890356794, -2.43105932896e-05, 9.86334271147e-06, -0.000442533928435, -0.00150715350173, 0.000312329386361, 0.000163616932696, 0.00111080973875, -0.00074463931378], [3.95522620238e-05, -2.10694288398e-05, -0.000376244570361, -8.0704667198e-05, -2.43105932896e-05, 0.00522289378569, -0.00251771439798, 0.000585592060816, -0.000257444946328, 0.000720091105904, -0.000411546672694, -0.000347660447005, 0.00094810128212], [3.56917444151e-05, -0.000166071709828, 9.30284295464e-05, 0.000544456182979, 9.86334271147e-06, -0.00251771439798, 0.00624040607363, -0.00104662973899, -0.000292140495731, -0.00143922190182, -0.000172528481926, 0.000404381222324, -0.000299322186038], [-0.000198061869014, -0.000282262917608, 0.000335870310664, -0.000517680542544, -0.000442533928435, 0.000585592060816, -0.00104662973899, 0.00837077945471, -0.00170297734439, 7.62323106756e-05, -0.000616020115558, 0.000895868637599, -0.000994747271761], [3.40570295521e-05, 0.000454795517726, 0.000233307815506, -0.000631954171695, -0.00150715350173, -0.000257444946328, -0.000292140495731, -0.00170297734439, 0.00782333500683, -0.00155164755415, 0.000976899522357, -0.00120458565652, 0.000759004906286], [-0.000150208099512, -0.000535770959686, 0.00053496635519, 0.000196689972654, 0.000312329386361, 0.000720091105904, -0.00143922190182, 7.62323106756e-05, -0.00155164755415, 0.0100363399833, -0.00385913602076, 0.00300035765395, -0.000674170558341], [-1.59958599397e-05, -0.000132537825266, -0.000856237660628, 0.000613238371443, 0.000163616932696, -0.000411546672694, -0.000172528481926, -0.000616020115558, 0.000976899522357, -0.00385913602076, 0.011052028276, -0.00346966343932, 0.00158681254834], [2.10571033676e-05, -0.000422973913373, 0.000345720996847, -0.00144885736518, 0.00111080973875, -0.000347660447005, 0.000404381222324, 0.000895868637599, -0.00120458565652, 0.00300035765395, -0.00346966343932, 0.010150811635, -0.00267284875736], [-7.60095135774e-05, 6.29604255664e-05, -0.000357434910256, 0.000347309571225, -0.00074463931378, 0.00094810128212, -0.000299322186038, -0.000994747271761, 0.000759004906286, -0.000674170558341, 0.00158681254834, -0.00267284875736, 0.0105881569907]], "mean": [-678.991271973, 101.481330872, 27.742389679, 25.5439338684, 13.2003421783, 0.943554580212, 1.51846170425, 12.0289831161, -0.771750450134, 3.46753716469, -0.472798794508, -4.75714826584, 3.84567928314]}, "pitch_salience": {"dmean": 0.0772137865424, "dmean2": 0.126929089427, "dvar": 0.00553102092817, "dvar2": 0.01504692249, "max": 0.847413301468, "mean": 0.487210512161, "median": 0.486090004444, "min": 0.0796737000346, "var": 0.0159047245979}, "silence_rate_20dB": {"dmean": 0, "dmean2": 0, "dvar": 0, "dvar2": 0, "max": 1, "mean": 1, "median": 1, "min": 1, "var": 0}, "silence_rate_30dB": {"dmean": 0.00450653443113, "dmean2": 0.00901388097554, "dvar": 0.00448610913008, "dvar2": 0.013078968972, "max": 1, "mean": 0.997566699982, "median": 1, "min": 0, "var": 0.00242725852877}, "silence_rate_60dB": {"dmean": 0.0174853540957, "dmean2": 0.034973859787, "dvar": 0.0171790681779, "dvar2": 0.0398779176176, "max": 1, "mean": 0.0849855840206, "median": 0, "min": 0, "var": 0.0777687504888}, "spectral_centroid": {"dmean": 273.86505127, "dmean2": 426.981842041, "dvar": 151431.6875, "dvar2": 334066.03125, "max": 11597.4726562, "mean": 1363.19372559, "median": 1208.25354004, "min": 139.191513062, "var": 1076510.5}, "spectral_complexity": {"dmean": 2.77512383461, "dmean2": 4.28177404404, "dvar": 19.9771347046, "dvar2": 41.428440094, "max": 59, "mean": 12.2683849335, "median": 11, "min": 0, "var": 71.825340271}, "spectral_contrast_coeffs": {"dmean": [0.0451641008258, 0.0443409569561, 0.0375173538923, 0.0314065665007, 0.0243346691132, 0.0185145456344], "dmean2": [0.0742710605264, 0.0707515329123, 0.0595170073211, 0.0499566309154, 0.0382251553237, 0.0291055850685], "dvar": [0.0014610363869, 0.00136441795621, 0.00105352711398, 0.000769137346651, 0.000505235453602, 0.000371844012989], "dvar2": [0.00380975496955, 0.00334260589443, 0.00243931100704, 0.00174804567359, 0.00108821119647, 0.00088829890592], "max": [-0.353836476803, -0.322970598936, -0.399463355541, -0.402639120817, -0.48513841629, -0.608511924744], "mean": [-0.683840215206, -0.709651529789, -0.744877099991, -0.768958389759, -0.769221782684, -0.798149645329], "median": [-0.693179965019, -0.719696819782, -0.763721942902, -0.781686067581, -0.77923476696, -0.798760533333], "min": [-0.980444729328, -0.976819336414, -0.977029681206, -0.967971503735, -0.967199862003, -0.963804066181], "var": [0.00565168634057, 0.00934551563114, 0.00934296566993, 0.00566174648702, 0.00440696533769, 0.00161100085825]}, "spectral_contrast_valleys": {"dmean": [0.345217943192, 0.340028554201, 0.311000078917, 0.287132322788, 0.287968367338, 0.311017513275], "dmean2": [0.562507450581, 0.548890531063, 0.500161767006, 0.456078618765, 0.44302508235, 0.429894894361], "dvar": [0.100593186915, 0.0999278277159, 0.0991797447205, 0.107843726873, 0.16420789063, 0.162620082498], "dvar2": [0.239061579108, 0.234124198556, 0.219498097897, 0.224257797003, 0.347182691097, 0.314569920301], "max": [-5.4779882431, -4.89926195145, -5.64293146133, -5.79467105865, -5.3808965683, -6.93975687027], "mean": [-7.38942193985, -7.44039392471, -8.19382572174, -8.68100070953, -8.29108142853, -10.0734424591], "median": [-7.1157746315, -7.1804189682, -7.92518615723, -8.40803050995, -8.02205276489, -9.76756668091], "min": [-28.143699646, -27.9988002777, -27.8497009277, -27.9727249146, -27.5377902985, -27.3599662781], "var": [3.25115537643, 3.23289322853, 3.235206604, 3.29967451096, 3.44910049438, 3.18316316605]}, "spectral_decrease": {"dmean": 2.32764696406e-09, "dmean2": 3.70890029799e-09, "dvar": 1.56957074554e-17, "dvar2": 3.92981796146e-17, "max": 4.4658564426e-22, "mean": -5.65568392119e-09, "median": -4.09463662976e-09, "min": -4.95167498116e-08, "var": 2.78666593544e-17}, "spectral_energy": {"dmean": 0.00934075564146, "dmean2": 0.0147951329127, "dvar": 0.00023769037216, "dvar2": 0.000588892027736, "max": 0.18917311728, "mean": 0.0232152268291, "median": 0.0168922748417, "min": 9.92971033322e-21, "var": 0.000449642742751}, "spectral_energyband_high": {"dmean": 0.00071095576277, "dmean2": 0.00114181113895, "dvar": 4.80052040075e-06, "dvar2": 1.17864492495e-05, "max": 0.042488142848, "mean": 0.00106936623342, "median": 0.000409103085985, "min": 7.08596759263e-21, "var": 5.68259929423e-06}, "spectral_energyband_low": {"dmean": 0.00632020132616, "dmean2": 0.0105847669765, "dvar": 0.000203706615139, "dvar2": 0.000530896009877, "max": 0.176103770733, "mean": 0.00958097912371, "median": 0.0052005071193, "min": 8.9302020588e-24, "var": 0.000218030036194}, "spectral_energyband_middle_high": {"dmean": 0.00170798762701, "dmean2": 0.00247925124131, "dvar": 1.95259290194e-05, "dvar2": 4.29899992014e-05, "max": 0.113557361066, "mean": 0.00465275673196, "median": 0.00125379674137, "min": 1.23764970546e-21, "var": 7.01692697476e-05}, "spectral_energyband_middle_low": {"dmean": 0.00325291207992, "dmean2": 0.00502273766324, "dvar": 3.04208588204e-05, "dvar2": 7.26432845113e-05, "max": 0.0945436656475, "mean": 0.00835579354316, "median": 0.00473402393982, "min": 1.10263922862e-22, "var": 0.000106527710159}, "spectral_entropy": {"dmean": 0.201747521758, "dmean2": 0.305893778801, "dvar": 0.0531166642904, "dvar2": 0.117642648518, "max": 9.82078933716, "mean": 7.53743600845, "median": 7.5514421463, "min": 4.65918445587, "var": 0.304400801659}, "spectral_flux": {"dmean": 0.0274183955044, "dmean2": 0.0436104759574, "dvar": 0.00114202662371, "dvar2": 0.00263172830455, "max": 0.349343568087, "mean": 0.0751783400774, "median": 0.062502682209, "min": 6.42872838297e-11, "var": 0.00277198944241}, "spectral_kurtosis": {"dmean": 0.939968407154, "dmean2": 1.52945923805, "dvar": 1.37584352493, "dvar2": 3.32198047638, "max": 41.8477478027, "mean": 3.31536889076, "median": 2.86124610901, "min": -1.45428884029, "var": 7.04378032684}, "spectral_rms": {"dmean": 0.000843921559863, "dmean2": 0.00130246696062, "dvar": 1.17203865102e-06, "dvar2": 2.70257078228e-06, "max": 0.01358525455, "mean": 0.00428163958713, "median": 0.00405958946794, "min": 3.11247837399e-12, "var": 4.31652551924e-06}, "spectral_rolloff": {"dmean": 747.772338867, "dmean2": 1303.45910645, "dvar": 3014002, "dvar2": 7430503.5, "max": 19745.9472656, "mean": 1599.984375, "median": 710.595703125, "min": 64.599609375, "var": 6024372}, "spectral_skewness": {"dmean": 0.173497855663, "dmean2": 0.275638639927, "dvar": 0.0418803617358, "dvar2": 0.0971795022488, "max": 5.48973178864, "mean": 1.50674021244, "median": 1.47996973991, "min": -0.235993847251, "var": 0.239851549268}, "spectral_spread": {"dmean": 822699.4375, "dmean2": 1230058.375, "dvar": 1856856784900.0, "dvar2": 4002762719230.0, "max": 51734420, "mean": 63