{"lowlevel": {"average_loudness": 0.891774117947, "barkbands": {"dmean": [0.00463707558811, 0.0181457810104, 0.00339669804089, 0.00160873972345, 0.00293931132182, 0.001698062988, 0.000927795772441, 0.000821176567115, 0.000892517447937, 0.00106982409488, 0.000938359240536, 0.000832800404169, 0.000759768707212, 0.000313631666359, 0.000350125978002, 0.000330645620124, 0.000185631914064, 8.21900321171e-05, 6.39342106297e-05, 4.85901982756e-05, 6.0487902374e-05, 4.35038600699e-05, 1.23803929455e-05, 3.98075917474e-06, 3.36553762281e-06, 1.13154692372e-05, 0.000928439956624], "dmean2": [0.00760897388682, 0.0298500284553, 0.00571001274511, 0.00276371673681, 0.00472117122263, 0.00265754433349, 0.00145674590021, 0.0013130082516, 0.00137626100332, 0.00166983529925, 0.00144675688352, 0.00131324620452, 0.00119933870155, 0.00048923608847, 0.000545314862393, 0.000517215696163, 0.00029147893656, 0.000124969563331, 9.7702970379e-05, 7.32575572329e-05, 8.87027708814e-05, 6.20620558038e-05, 1.78149894055e-05, 6.34157322565e-06, 5.49678998141e-06, 1.65052624652e-05, 0.00130724674091], "dvar": [6.02474829066e-05, 0.000503261457197, 2.29047509492e-05, 7.98586916062e-06, 2.48691430897e-05, 7.70706628828e-06, 3.5168325212e-06, 3.17921012538e-06, 3.47881132257e-06, 6.66192408971e-06, 5.13410532221e-06, 3.52012625626e-06, 2.03915124075e-06, 4.5314163799e-07, 5.16295358466e-07, 4.94895175507e-07, 1.56670836304e-07, 2.46591422837e-08, 1.45680081332e-08, 8.25707324736e-09, 1.5097127104e-08, 1.01500745586e-08, 9.23498444383e-10, 3.17993791021e-11, 2.49242813888e-11, 6.87965906465e-10, 2.49471668212e-06], "dvar2": [0.000158788461704, 0.00130762835033, 5.97767393629e-05, 2.19314042624e-05, 6.01949504926e-05, 1.69198392541e-05, 7.72081330069e-06, 7.38623020879e-06, 7.6684555097e-06, 1.59963910846e-05, 1.13719415822e-05, 8.15428029455e-06, 4.7984781304e-06, 9.94678885036e-07, 1.28030194446e-06, 1.19980199997e-06, 3.85081989407e-07, 5.50743095573e-08, 3.31939915554e-08, 1.86899828947e-08, 3.14719770245e-08, 1.85749815529e-08, 1.85944726283e-09, 7.36011321334e-11, 5.98690055864e-11, 1.41713951685e-09, 4.81265442431e-06], "max": [0.149652808905, 0.306589752436, 0.0797954797745, 0.0481807179749, 0.0894172042608, 0.0640252456069, 0.0536488480866, 0.0521582998335, 0.0512349009514, 0.0594474859536, 0.0521175228059, 0.0551363639534, 0.0405098758638, 0.0258766561747, 0.0200096275657, 0.0198522023857, 0.00918339192867, 0.00318257440813, 0.00194955652114, 0.00115297466982, 0.0037833834067, 0.00467451708391, 0.00146520975977, 7.48410093365e-05, 7.19877352822e-05, 0.00111754937097, 0.0250785965472], "mean": [0.00707890000194, 0.0286372695118, 0.00486401189119, 0.00185290409718, 0.00503658642992, 0.00290698185563, 0.00146463466808, 0.00116129324306, 0.00146825972479, 0.00158825004473, 0.00138516945299, 0.00132286979351, 0.00121311249677, 0.000461035495391, 0.000538409571163, 0.000498295354191, 0.000232139616855, 0.000106371429865, 8.38631385705e-05, 6.13356896793e-05, 7.67808160163e-05, 5.92740252614e-05, 1.67145171872e-05, 4.9747218327e-06, 3.71485543837e-06, 1.5622616047e-05, 0.00160342431627], "median": [0.00256399950013, 0.0172397773713, 0.0026154355146, 0.000923971063457, 0.00254430621862, 0.0014452325413, 0.000657439464703, 0.000381791265681, 0.000410304870456, 0.000355062744347, 0.00036783865653, 0.000561435357668, 0.000500303227454, 0.000203182877158, 0.000215066000237, 0.000208114564884, 7.59147442295e-05, 3.77507967642e-05, 3.22815867548e-05, 2.32907077589e-05, 2.07076154766e-05, 1.29679174279e-05, 5.24304778082e-06, 2.52828340308e-06, 1.76821481546e-06, 6.10350798524e-06, 0.000755693938117], "min": [7.63539160417e-25, 4.84857538733e-24, 9.43219685128e-25, 8.24937042835e-25, 9.08965766902e-24, 9.30676244533e-24, 1.09180100554e-23, 7.75511958755e-24, 1.47995196757e-23, 1.31825843785e-23, 1.54219025309e-23, 4.09768180527e-23, 2.29407440779e-23, 3.60271702564e-23, 4.82739644418e-23, 7.31032225941e-23, 6.588342875e-23, 9.15877797708e-23, 1.24382652421e-22, 1.4481652276e-22, 2.72006156853e-22, 3.22740692054e-22, 3.71533190546e-22, 5.84419157666e-22, 7.72664038359e-22, 1.2137205376e-21, 1.82978187805e-21], "var": [0.000124985701405, 0.00111312326044, 4.50355037174e-05, 7.88130546425e-06, 5.8418547269e-05, 1.88651483768e-05, 7.81134895078e-06, 6.40068037683e-06, 8.78993614606e-06, 1.36510507218e-05, 1.03539723568e-05, 6.62912634652e-06, 4.0765085032e-06, 7.87007195413e-07, 8.9822992777e-07, 8.77221680184e-07, 1.95930468294e-07, 3.60741019279e-08, 1.95279152848e-08, 1.03887058955e-08, 2.7478211706e-08, 2.4922934827e-08, 1.88513893384e-09, 4.74017873564e-11, 2.9245737776e-11, 1.25887000824e-09, 5.74403793507e-06]}, "barkbands_crest": {"dmean": 3.33299183846, "dmean2": 5.38755464554, "dvar": 7.93487119675, "dvar2": 19.3884239197, "max": 26.3596687317, "mean": 12.4549045563, "median": 11.6681003571, "min": 2.76275372505, "var": 27.3349323273}, "barkbands_flatness_db": {"dmean": 0.0366292707622, "dmean2": 0.0536902733147, "dvar": 0.00104586267844, "dvar2": 0.00225776270963, "max": 0.515695035458, "mean": 0.18168105185, "median": 0.171711713076, "min": 0.0514795519412, "var": 0.00439340667799}, "barkbands_kurtosis": {"dmean": 16.9094333649, "dmean2": 26.6289691925, "dvar": 1451.61499023, "dvar2": 3548.54443359, "max": 781.423339844, "mean": 25.9703025818, "median": 7.75623178482, "min": -1.96132111549, "var": 2889.00024414}, "barkbands_skewness": {"dmean": 1.11825716496, "dmean2": 1.71024024487, "dvar": 1.87223803997, "dvar2": 4.16068124771, "max": 23.5239086151, "mean": 3.31661272049, "median": 2.46609735489, "min": -2.22738575935, "var": 7.12813901901}, "barkbands_spread": {"dmean": 9.48338127136, "dmean2": 13.9676656723, "dvar": 138.966629028, "dvar2": 268.235626221, "max": 146.998062134, "mean": 23.7233181, "median": 19.0079231262, "min": 0.234509915113, "var": 406.578613281}, "dissonance": {"dmean": 0.0230099894106, "dmean2": 0.0380677990615, "dvar": 0.000541241664905, "dvar2": 0.00141435442492, "max": 0.500000238419, "mean": 0.460617125034, "median": 0.470710933208, "min": 0.163565412164, "var": 0.00119259918574}, "dynamic_complexity": 2.30036067963, "erbbands": {"dmean": [0.715932369232, 3.59316778183, 4.22375392914, 4.95755720139, 4.25471639633, 11.1071529388, 20.9004631042, 11.972990036, 13.2230434418, 13.8588829041, 18.3812103271, 19.5983448029, 28.767829895, 32.8545684814, 34.9357185364, 30.7397880554, 33.1472625732, 20.4488639832, 13.231959343, 18.3274116516, 17.4295425415, 9.91722202301, 4.88005161285, 3.44489145279, 3.06802463531, 2.33806157112, 2.16830945015, 2.55129170418, 1.73090898991, 0.823091864586, 0.295560121536, 0.113533057272, 0.0561280846596, 0.0371512919664, 0.0243228916079, 0.0154381096363, 0.0219269245863, 0.0888173803687, 0.0872577428818, 0.022221878171], "dmean2": [1.19725251198, 5.8503074646, 7.17836332321, 8.32541275024, 7.11645460129, 18.0373573303, 32.9166183472, 19.0426826477, 20.7444820404, 21.9699745178, 29.2827663422, 30.0506401062, 44.7857894897, 50.3852539062, 54.3584480286, 48.1588134766, 51.7814025879, 31.6521759033, 20.3627929688, 28.2404003143, 27.1427383423, 15.3895778656, 7.35170793533, 5.14426803589, 4.7135682106, 3.50521945953, 3.23502349854, 3.70106053352, 2.47115015984, 1.15305364132, 0.429837226868, 0.172852709889, 0.0914276018739, 0.0608841851354, 0.0395930632949, 0.0247911233455, 0.0309727489948, 0.121220432222, 0.119434662163, 0.0312285833061], "dvar": [0.882636785507, 22.8559131622, 28.7542057037, 63.1237449646, 45.1172409058, 352.955566406, 1464.50195312, 389.193359375, 805.401733398, 943.554199219, 1701.37365723, 1944.05126953, 4387.68212891, 5651.58447266, 7039.83154297, 4168.33154297, 3953.77270508, 1828.1697998, 654.521118164, 1363.44299316, 1429.06994629, 413.841308594, 88.5615234375, 41.3572120667, 34.4167747498, 18.9008731842, 16.177696228, 31.062494278, 16.1907405853, 3.79760932922, 0.523269236088, 0.030726743862, 0.00681768264621, 0.0031138304621, 0.00126788893249, 0.000452287000371, 0.00182570936158, 0.0623213388026, 0.0394855365157, 0.00121342157945], "dvar2": [2.46785020828, 56.5057640076, 77.7375335693, 170.023544312, 117.640487671, 864.373474121, 3324.96777344, 875.579162598, 1772.09484863, 2120.51464844, 3929.50073242, 4228.30761719, 10572.8701172, 12780.7470703, 16462.3085938, 9887.07128906, 9046.53027344, 4074.71435547, 1544.47766113, 3335.01513672, 3426.25610352, 989.045349121, 197.916137695, 91.7259368896, 79.6694793701, 42.498500824, 34.8787307739, 62.5744628906, 30.0890922546, 6.88386487961, 1.08148550987, 0.0623779445887, 0.0163568481803, 0.00749147636816, 0.00303834769875, 0.00107122701593, 0.00322999153286, 0.108097426593, 0.0691584944725, 0.00245081959292], "max": [11.8815383911, 75.0907440186, 73.8286590576, 130.658325195, 134.043106079, 388.197113037, 673.243896484, 559.002807617, 959.71862793, 784.164245605, 1350.86682129, 1010.26422119, 1268.1463623, 1474.95458984, 2356.57177734, 1421.76135254, 1939.2208252, 1435.84765625, 882.442321777, 1054.11730957, 1284.78381348, 402.504364014, 199.464614868, 132.352752686, 97.1002349854, 58.5219573975, 101.965698242, 216.364532471, 203.10760498, 60.4944648743, 42.0490455627, 4.70651245117, 1.19116842747, 0.808099329472, 0.510849952698, 0.28669989109, 1.41477894783, 8.21486282349, 5.10584354401, 0.539854884148], "mean": [0.990012943745, 5.76498842239, 6.6142706871, 6.86091184616, 6.07216739655, 17.4408950806, 35.7658424377, 20.0455989838, 21.3288326263, 21.504655838, 27.3659191132, 32.6660194397, 46.0221672058, 51.5609512329, 56.9780235291, 52.4132499695, 56.9155921936, 33.2498817444, 21.3999557495, 29.4801216125, 26.4485683441, 13.1252861023, 6.37699699402, 4.61812639236, 3.97432851791, 2.95336961746, 2.76306247711, 3.23328328133, 2.31521582603, 1.13273251057, 0.40318390727, 0.151913329959, 0.0655229315162, 0.0409592948854, 0.0272069554776, 0.0190893299878, 0.0321103259921, 0.132186755538, 0.133020743728, 0.0470295138657], "median": [0.581009089947, 3.1137778759, 4.11736011505, 3.54236507416, 3.71733283997, 8.38937568665, 13.6539669037, 10.6516532898, 9.53763484955, 8.72905158997, 9.14106369019, 9.65804672241, 12.1106328964, 13.6406002045, 19.8494033813, 25.1093025208, 24.349029541, 15.27501297, 10.0189199448, 12.681804657, 10.8013515472, 4.81679153442, 2.34210157394, 1.73193120956, 1.54092216492, 1.1290615797, 0.905245900154, 0.723311424255, 0.498071908951, 0.276649236679, 0.135640263557, 0.0696862563491, 0.0335756912827, 0.0194408930838, 0.013291567564, 0.0107173360884, 0.0125284977257, 0.0240125581622, 0.0380722433329, 0.0302187204361], "min": [1.2695937506e-22, 1.01414877551e-21, 2.63638193e-21, 5.04994692926e-21, 1.24033357939e-20, 2.38283689548e-20, 5.16706189073e-20, 7.96773647106e-20, 1.36899153935e-19, 1.57111118332e-19, 3.22895975019e-19, 3.52378165466e-19, 5.75464950961e-19, 6.41833477216e-19, 9.91373069013e-19, 1.76669007754e-18, 1.28850161832e-18, 2.47503171944e-18, 1.94122952949e-18, 3.11382029313e-18, 4.23661147516e-18, 4.40332890044e-18, 5.16581489011e-18, 5.94769247487e-18, 7.22697692302e-18, 6.98769921441e-18, 9.9630703593e-18, 1.26990256564e-17, 1.09380946171e-17, 1.14485808603e-17, 1.06309078617e-17, 1.08098253739e-17, 9.81306529112e-18, 7.8956358158e-18, 5.61664279961e-18, 4.42891814628e-18, 2.40425421713e-18, 1.04643351931e-18, 2.56281026489e-19, 2.63597354997e-20], "var": [1.35809159279, 58.3745727539, 56.4835281372, 91.8273773193, 62.6162490845, 780.85736084, 3588.92041016, 827.365600586, 1784.24731445, 2021.93054199, 3553.80761719, 4626.21533203, 9332.00488281, 12030.8535156, 13663.9541016, 8296.44628906, 8656.08300781, 3582.74389648, 1124.88745117, 2623.56958008, 2522.05981445, 544.401123047, 126.278442383, 65.8924942017, 42.621219635, 23.987071991, 25.3031921387, 61.052986145, 37.8671646118, 9.61718273163, 1.01867485046, 0.0642754361033, 0.00821303017437, 0.00360133172944, 0.00151221104898, 0.000590025039855, 0.00448118615896, 0.17672778666, 0.110944829881, 0.00264968629926]}, "erbbands_crest": {"dmean": 2.77643871307, "dmean2": 4.48757171631, "dvar": 6.53856086731, "dvar2": 15.7302589417, "max": 29.6218528748, "mean": 9.00446510315, "median": 8.02093315125, "min": 1.96984684467, "var": 17.7088565826}, "erbbands_flatness_db": {"dmean": 0.0243243724108, "dmean2": 0.0362189076841, "dvar": 0.00042197125731, "dvar2": 0.000919737794902, "max": 0.362883269787, "mean": 0.146887674928, "median": 0.142058521509, "min": 0.0270851179957, "var": 0.00200880435295}, "erbbands_kurtosis": {"dmean": 1.16780698299, "dmean2": 1.87787663937, "dvar": 3.57791090012, "dvar2": 10.124370575, "max": 69.2277526855, "mean": 0.905280590057, "median": 0.240824222565, "min": -1.69422876835, "var": 6.0162820816}, "erbbands_skewness": {"dmean": 0.405575454235, "dmean2": 0.61829328537, "dvar": 0.135486155748, "dvar2": 0.315022647381, "max": 7.00324440002, "mean": 0.111078806221, "median": 0.0858361423016, "min": -3.36113715172, "var": 0.584477245808}, "erbbands_spread": {"dmean": 7.2420835495, "dmean2": 11.1951141357, "dvar": 52.6838226318, "dvar2": 121.321548462, "max": 136.523254395, "mean": 29.7236843109, "median": 27.4947547913, "min": 2.17050790787, "var": 218.121047974}, "gfcc": {"cov": [[13769.6679688, 518.006530762, -1425.67529297, -293.171020508, -12.7532100677, -533.035400391, 290.535919189, -508.818511963, 95.4471817017, -182.627883911, -128.589324951, 91.0458450317, -60.3729934692], [518.006530762, 754.984069824, 20.3399677277, -270.280883789, 3.58646464348, 16.7335338593, -23.4294242859, 12.0876178741, -16.3866882324, -14.3446426392, 58.7841262817, -65.3574142456, 72.9191970825], [-1425.67529297, 20.3399677277, 548.567749023, 209.403930664, -77.9132919312, 211.69720459, -105.297225952, 172.683746338, -36.7084388733, 66.9014968872, 15.8267335892, -17.0264282227, -17.5558738708], [-293.171020508, -270.280883789, 209.403930664, 411.74609375, 91.067779541, 39.3429756165, 35.048210144, 40.228679657, 28.1406364441, 36.0140762329, -20.8595352173, 20.1912784576, -69.2902755737], [-12.7532100677, 3.58646464348, -77.9132919312, 91.067779541, 250.718505859, 4.82992315292, 58.4590148926, -55.1868133545, 31.6283111572, -17.1124534607, 13.5798845291, 1.96462130547, -8.8873758316], [-533.035400391, 16.7335338593, 211.69720459, 39.3429756165, 4.82992315292, 252.947479248, -58.2255859375, 102.654983521, -51.260509491, 30.0875720978, 21.7782001495, -13.2670602798, 9.30064296722], [290.535919189, -23.4294242859, -105.297225952, 35.048210144, 58.4590148926, -58.2255859375, 189.164749146, -44.9381217957, 64.0173797607, -20.2350292206, -20.8603878021, 31.5639896393, -32.3523750305], [-508.818511963, 12.0876178741, 172.683746338, 40.228679657, -55.1868133545, 102.654983521, -44.9381217957, 207.589660645, -2.99467992783, 42.4166793823, 24.2696647644, -42.9284324646, 23.9531345367], [95.4471817017, -16.3866882324, -36.7084388733, 28.1406364441, 31.6283111572, -51.260509491, 64.0173797607, -2.99467992783, 122.248657227, 25.8487148285, -20.3464336395, 14.0905590057, -30.2152175903], [-182.627883911, -14.3446426392, 66.9014968872, 36.0140762329, -17.1124534607, 30.0875720978, -20.2350292206, 42.4166793823, 25.8487148285, 69.7906570435, 27.5015354156, -8.43871116638, -6.85163879395], [-128.589324951, 58.7841262817, 15.8267335892, -20.8595352173, 13.5798845291, 21.7782001495, -20.8603878021, 24.2696647644, -20.3464336395, 27.5015354156, 75.052482605, 8.67190170288, 20.1385040283], [91.0458450317, -65.3574142456, -17.0264282227, 20.1912784576, 1.96462130547, -13.2670602798, 31.5639896393, -42.9284324646, 14.0905590057, -8.43871116638, 8.67190170288, 80.2104644775, 12.6371736526], [-60.3729934692, 72.9191970825, -17.5558738708, -69.2902755737, -8.8873758316, 9.30064296722, -32.3523750305, 23.9531345367, -30.2152175903, -6.85163879395, 20.1385040283, 12.6371736526, 92.9064865112]], "icov": [[0.00015746425197, -0.000449389044661, 0.000887282192707, -0.000591770745814, 0.000393833062844, -0.000223609124077, 0.000216546803131, -0.000123280857224, 0.000169561622897, -0.000158481401741, 0.000431900523836, -0.000557546038181, 0.000374277529772], [-0.000449389044661, 0.00419861171395, -0.00457226298749, 0.00379373226315, -0.00143132638186, 0.00076543528121, -0.00176060781814, 0.00210236269049, -0.00252164481208, 0.00276214024052, -0.00462373159826, 0.00575246335939, -0.00338723580353], [0.000887282192707, -0.00457226298749, 0.0113776810467, -0.00752965500578, 0.00457702111453, -0.0044037909247, 0.00361216859892, -0.00304305693135, 0.00160531385336, -0.00217663682997, 0.00390194356441, -0.00586541229859, 0.00393417058513], [-0.000591770745814, 0.00379373226315, -0.00752965500578, 0.0103462766856, -0.00667350739241, 0.00409111473709, -0.00242548016831, -0.00152496399824, 0.00266233622096, -0.00380537728779, 0.0020778728649, -0.000818492728285, 0.00167813559528], [0.000393833062844, -0.00143132638186, 0.00457702111453, -0.00667350739241, 0.01057690382, -0.00514395860955, -9.36156538955e-06, 0.00466069439426, -0.00658749043941, 0.00743927666917, -0.00726161012426, 0.0056555038318, -0.00320008234121], [-0.000223609124077, 0.00076543528121, -0.0044037909247, 0.00409111473709, -0.00514395860955, 0.00946159381419, -0.000493577623274, -0.00422448758036, 0.00629124417901, -0.00540519086644, 0.00403112359345, -0.00392844807357, 0.00225897994824], [0.000216546803131, -0.00176060781814, 0.00361216859892, -0.00242548016831, -9.36156538955e-06, -0.000493577623274, 0.00940168090165, -0.00179342192132, -0.00250438251533, 0.00197638594545, 0.00182333809789, -0.00519569031894, 0.00382374809124], [-0.000123280857224, 0.00210236269049, -0.00304305693135, -0.00152496399824, 0.00466069439426, -0.00422448758036, -0.00179342192132, 0.0138213271275, -0.008389884606, 0.0055483635515, -0.0097186807543, 0.013374645263, -0.00879371073097], [0.000169561622897, -0.00252164481208, 0.00160531385336, 0.00266233622096, -0.00658749043941, 0.00629124417901, -0.00250438251533, -0.008389884606, 0.023751443252, -0.0191799812019, 0.016745749861, -0.014303595759, 0.00903506949544], [-0.000158481401741, 0.00276214024052, -0.00217663682997, -0.00380537728779, 0.00743927666917, -0.00540519086644, 0.00197638594545, 0.0055483635515, -0.0191799812019, 0.0373671650887, -0.0231806114316, 0.0147101981565, -0.00546802999452], [0.000431900523836, -0.00462373159826, 0.00390194356441, 0.0020778728649, -0.00726161012426, 0.00403112359345, 0.00182333809789, -0.0097186807543, 0.016745749861, -0.0231806114316, 0.0345889180899, -0.019265294075, 0.00709861051291], [-0.000557546038181, 0.00575246335939, -0.00586541229859, -0.000818492728285, 0.0056555038318, -0.00392844807357, -0.00519569031894, 0.013374645263, -0.014303595759, 0.0147101981565, -0.019265294075, 0.0336513631046, -0.0148875592276], [0.000374277529772, -0.00338723580353, 0.00393417058513, 0.00167813559528, -0.00320008234121, 0.00225897994824, 0.00382374809124, -0.00879371073097, 0.00903506949544, -0.00546802999452, 0.00709861051291, -0.0148875592276, 0.0217481479049]], "mean": [1.03539347649, 108.564971924, -72.7373352051, -9.51378536224, -2.38017916679, -8.53127670288, 3.53490877151, -20.7995624542, 2.78453874588, -5.14841508865, -2.06928181648, 1.74353098869, 0.107770048082]}, "hfc": {"dmean": 122.968009949, "dmean2": 185.448150635, "dvar": 18591.6914062, "dvar2": 41294.2421875, "max": 1821.50378418, "mean": 326.881530762, "median": 283.112731934, "min": 1.06027402112e-16, "var": 46905.4414062}, "melbands": {"dmean": [0.00561823835596, 0.0029683758039, 0.000785178970546, 0.000471177947475, 0.000709073850885, 0.000277868530247, 0.000191011902643, 0.000156681344379, 0.000152428809088, 0.000127338440507, 0.000151513653691, 0.000138815012178, 0.000122195473523, 9.58668097155e-05, 8.27236508485e-05, 7.28115337552e-05, 3.54693802365e-05, 1.97504032258e-05, 3.01678555843e-05, 2.29395045608e-05, 2.04374864552e-05, 1.17871686598e-05, 5.8278897086e-06, 3.57473140866e-06, 2.80283279608e-06, 2.4682849471e-06, 1.90573814507e-06, 1.55126338086e-06, 1.34308493216e-06, 1.43743272929e-06, 1.54159226895e-06, 1.05867502498e-06, 7.25011886971e-07, 3.68371530612e-07, 1.86142031566e-07, 1.01016667031e-07, 5.77494070342e-08, 4.00639024178e-08, 3.39808856609e-08, 3.04092679926e-08], "dmean2": [0.0092514520511, 0.00492151547223, 0.00131209660321, 0.00077261752449, 0.00111903983634, 0.000437858252553, 0.000300026731566, 0.000247991934884, 0.000243276459514, 0.000195623273612, 0.000236387233599, 0.000214391111513, 0.000188154474017, 0.000151343439939, 0.000132262633997, 0.000114422611659, 5.54203907086e-05, 3.09794268105e-05, 4.69233782496e-05, 3.57911849278e-05, 3.2155050576e-05, 1.8569347958e-05, 9.00732266018e-06, 5.4647421166e-06, 4.2520664465e-06, 3.8563207454e-06, 2.95099403047e-06, 2.34823892242e-06, 2.03821355171e-06, 2.14791248254e-06, 2.26861811825e-06, 1.53791870616e-06, 1.04938692402e-06, 5.28043813119e-07, 2.76502646557e-07, 1.51959071104e-07, 9.07472426093e-08, 6.5502263169e-08, 5.58879236223e-08, 4.98047896258e-08], "dvar": [4.88513105665e-05, 1.40438223752e-05, 1.51895278577e-06, 4.69640582423e-07, 1.73850071405e-06, 1.99678964918e-07, 1.52395955411e-07, 1.10636882766e-07, 1.14171953669e-07, 8.10914713156e-08, 1.24107074839e-07, 1.04990910188e-07, 8.538589924e-08, 5.11440632067e-08, 3.1827799063e-08, 2.07704111688e-08, 5.73058311915e-09, 1.49189804954e-09, 4.16307699425e-09, 2.47738118908e-09, 2.28835039806e-09, 6.42000341777e-10, 1.28869429017e-10, 4.89893091371e-11, 2.91462826096e-11, 2.34143225641e-11, 1.43503941369e-11, 8.49339435588e-12, 6.2143562865e-12, 9.09072817024e-12, 1.30664819242e-11, 6.94149338704e-12, 3.08826835632e-12, 8.53349997002e-13, 2.72625021516e-13, 3.625520904e-14, 6.98190496642e-15, 3.50125007451e-15, 2.63889790113e-15, 2.07931405485e-15], "dvar2": [0.000130590167828, 3.67430438928e-05, 4.0728878048e-06, 1.16231080938e-06, 4.05099081036e-06, 4.46257018893e-07, 3.34622313858e-07, 2.49817020403e-07, 2.63413312496e-07, 1.76304055799e-07, 2.99165577644e-07, 2.40095459958e-07, 1.93628238776e-07, 1.18508459934e-07, 8.03877284739e-08, 4.7676245174e-08, 1.27803048144e-08, 3.49329210003e-09, 1.04082440444e-08, 6.16446227397e-09, 5.64476287934e-09, 1.58234358949e-09, 3.00406727272e-10, 1.09614227417e-10, 6.66866145638e-11, 5.46871402329e-11, 3.40376789254e-11, 1.93101212104e-11, 1.39695286588e-11, 1.9555078043e-11, 2.70021262294e-11, 1.35312577115e-11, 6.37752741242e-12, 1.63036402955e-12, 6.09832930681e-13, 7.09543778983e-14, 1.55779523395e-14, 8.40779048895e-15, 6.35609119048e-15, 5.00104260982e-15], "max": [0.0873073339462, 0.0587059743702, 0.0190483927727, 0.0160028338432, 0.0233197696507, 0.0107930479571, 0.0126285254955, 0.0083013093099, 0.00971177779138, 0.00576018216088, 0.00653547979891, 0.00649690441787, 0.00771723221987, 0.00760297244415, 0.00564142828807, 0.00496448529884, 0.0024580725003, 0.00119637034368, 0.00147099420428, 0.00170979450922, 0.00194369419478, 0.000528779637534, 0.000182542120456, 0.000180779723451, 0.000121495242638, 7.47522790334e-05, 6.92825851729e-05, 4.18171475758e-05, 4.62509306089e-05, 0.000101612080471, 0.000166709010955, 0.00015232298756, 7.02334145899e-05, 3.04041714116e-05, 3.40986189258e-05, 5.86335545449e-06, 1.45297133258e-06, 8.53408664625e-07, 7.40592270176e-07, 6.60625005366e-07], "mean": [0.00908416416496, 0.00509427301586, 0.00114651711192, 0.000725688936654, 0.00124149792828, 0.000477211840916, 0.000309967756039, 0.000236777457758, 0.000224646661081, 0.000207857403439, 0.000234014732996, 0.000211254096939, 0.000188695135876, 0.000152384061948, 0.000134442991111, 0.000115278286103, 5.33244383405e-05, 2.91113683488e-05, 4.51510677522e-05, 3.52377319359e-05, 2.92956501653e-05, 1.45197682286e-05, 7.22482400306e-06, 4.56229281554e-06, 3.633059805e-06, 3.09683059641e-06, 2.39545965997e-06, 1.87119405837e-06, 1.67102018622e-06, 1.7692457277e-06, 1.90737000594e-06, 1.37431015901e-06, 9.55449877438e-07, 4.93535708301e-07, 2.44842397024e-07, 1.35397655754e-07, 7.32985441232e-08, 4.60399967039e-08, 3.73275632626e-08, 3.32229284083e-08], "median": [0.00578154902905, 0.00316059868783, 0.000643581384793, 0.000417368952185, 0.000497222004924, 0.000245110044489, 0.00014205503976, 9.0871937573e-05, 6.93521578796e-05, 5.78874532948e-05, 5.65661321161e-05, 4.99016423419e-05, 5.7895493228e-05, 6.45512627671e-05, 5.82504508202e-05, 4.54388136859e-05, 2.25694166147e-05, 1.31893011712e-05, 1.67519610841e-05, 1.5184195945e-05, 1.0532730812e-05, 4.61884019387e-06, 2.5258000278e-06, 1.58794637173e-06, 1.29325235321e-06, 1.16849730603e-06, 8.57584780078e-07, 6.67356971462e-07, 5.79455729621e-07, 4.60272190139e-07, 3.82556407885e-07, 2.85108626485e-07, 2.10197896422e-07, 1.26193796746e-07, 7.98925512413e-08, 5.46513660993e-08, 3.55354572434e-08, 2.32354846474e-08, 1.76892989145e-08, 1.55671813218e-08], "min": [1.61812273006e-24, 2.19130393619e-24, 1.01502081865e-24, 1.72434423145e-24, 1.52331860976e-24, 2.25686123565e-24, 2.53393403468e-24, 1.64168797745e-24, 2.67019693707e-24, 2.03003473476e-24, 2.64399275273e-24, 1.5858863236e-24, 2.69539335159e-24, 4.08980045374e-24, 3.76203821395e-24, 2.45105177203e-24, 3.92692749808e-24, 2.57670705904e-24, 3.94026555827e-24, 4.50833612903e-24, 4.81210516439e-24, 3.62319672248e-24, 4.27508889202e-24, 4.18231648298e-24, 3.7274368025e-24, 4.61642821685e-24, 4.74229215757e-24, 4.04611767555e-24, 5.56654333515e-24, 6.18628192862e-24, 5.442386095e-24, 4.41633798698e-24, 5.84288801557e-24, 6.05183360353e-24, 5.3418674663e-24, 5.56236118906e-24, 6.08568954143e-24, 6.16733151753e-24, 6.8328291711e-24, 6.12290444907e-24], "var": [9.92771383608e-05, 3.49432921212e-05, 2.21783921006e-06, 9.35721800488e-07, 4.28187195212e-06, 4.68453151825e-07, 3.42622968219e-07, 2.4086131134e-07, 2.42828321007e-07, 1.93400950366e-07, 2.59505441136e-07, 2.21086111196e-07, 1.67839260712e-07, 8.87441657937e-08, 6.01854353022e-08, 4.03201845245e-08, 1.05842179465e-08, 2.33934294158e-09, 7.06195679712e-09, 4.43141390249e-09, 3.81030051955e-09, 7.84317888414e-10, 1.66509986355e-10, 7.07523831189e-11, 4.46816091071e-11, 2.79550931015e-11, 1.70115900533e-11, 1.04495006398e-11, 8.59379147705e-12, 1.56562957043e-11, 2.40855148326e-11, 1.43934248201e-11, 6.9809518409e-12, 1.93815428116e-12, 4.38278509622e-13, 7.81349946766e-14, 1.17938004604e-14, 4.16702220621e-15, 3.01702187911e-15, 2.41008804405e-15]}, "melbands_crest": {"dmean": 4.21254920959, "dmean2": 6.89416027069, "dvar": 12.2978620529, "dvar2": 31.0277080536, "max": 38.7320098877, "mean": 18.3628196716, "median": 17.8713569641, "min": 1.60839438438, "var": 48.0793800354}, "melbands_flatness_db": {"dmean": 0.0453053452075, "dmean2": 0.0663547366858, "dvar": 0.00146558613051, "dvar2": 0.00315809994936, "max": 0.658413350582, "mean": 0.304694235325, "median": 0.296928405762, "min": 0.00364553835243, "var": 0.00672825658694}, "melbands_kurtosis": {"dmean": 17.4652099609, "dmean2": 27.9458217621, "dvar": 1223.59204102, "dvar2": 3013.04785156, "max": 1157.21472168, "mean": 29.4382019043, "median": 9.28899002075, "min": -1.89452111721, "var": 2928.50927734}, "melbands_skewness": {"dmean": 1.13846158981, "dmean2": 1.78488028049, "dvar": 1.43943452835, "dvar2": 3.37476086617, "max": 22.6825523376, "mean": 3.51627397537, "median": 2.75863552094, "min": -0.816940963268, "var": 6.94581413269}, "melbands_spread": {"dmean": 4.88293743134, "dmean2": 7.55164051056, "dvar": 34.0191459656, "dvar2": 74.5920181274, "max": 246.824295044, "mean": 13.5375127792, "median": 10.9994029999, "min": 0.128724262118, "var": 195.001068115}, "mfcc": {"cov": [[6368.94580078, 389.903289795, -1031.74560547, 197.832977295, -484.084014893, 131.213317871, -256.931427002, 14.1947078705, -56.4574203491, -110.39932251, -113.0989151, -67.4909362793, -26.173456192], [389.903289795, 1052.39147949, -45.0566368103, -225.637695312, -4.06082487106, -55.1422691345, 44.2769927979, -56.3255310059, -2.06543159485, 3.18293595314, -35.7623710632, -25.0014419556, 37.7988204956], [-1031.74560547, -45.0566368103, 671.07019043, -37.3945960999, 145.352905273, -48.3778419495, 79.6899032593, 17.6051883698, 28.7085990906, 43.2733268738, 71.0995483398, 32.1156311035, -12.5472831726], [197.832977295, -225.637695312, -37.3945960999, 375.415679932, 12.1083917618, 88.4631500244, -32.3921203613, 50.2851371765, 17.1453781128, 19.9515647888, 32.4813652039, 32.1117553711, -4.64320707321], [-484.084014893, -4.06082487106, 145.352905273, 12.1083917618, 257.610015869, 26.9743289948, 82.8011245728, -6.72965860367, 9.95726966858, 15.6628217697, 19.0536766052, 23.9550228119, 24.881778717], [131.213317871, -55.1422691345, -48.3778419495, 88.4631500244, 26.9743289948, 196.740905762, -0.0165002401918, 42.1932601929, -3.21796894073, -25.087556839, 10.3537998199, 19.7829837799, 0.142352923751], [-256.931427002, 44.2769927979, 79.6899032593, -32.3921203613, 82.8011245728, -0.0165002401918, 150.998580933, 17.2210025787, 3.1476328373, 3.17090177536, -1.34269523621, 9.29301357269, 15.1676530838], [14.1947078705, -56.3255310059, 17.6051883698, 50.2851371765, -6.72965860367, 42.1932601929, 17.2210025787, 99.150604248, 33.9768371582, 6.99712276459, 15.1668872833, 7.28209018707, -7.05677127838], [-56.4574203491, -2.06543159485, 28.7085990906, 17.1453781128, 9.95726966858, -3.21796894073, 3.1476328373, 33.9768371582, 81.4629821777, 40.5105667114, 12.7641458511, -1.76361656189, -0.268893569708], [-110.39932251, 3.18293595314, 43.2733268738, 19.9515647888, 15.6628217697, -25.087556839, 3.17090177536, 6.99712276459, 40.5105667114, 90.3262710571, 41.9306488037, 7.02236413956, 2.48962879181], [-113.0989151, -35.7623710632, 71.0995483398, 32.4813652039, 19.0536766052, 10.3537998199, -1.34269523621, 15.1668872833, 12.7641458511, 41.9306488037, 86.1766281128, 38.2883377075, -4.07194280624], [-67.4909362793, -25.0014419556, 32.1156311035, 32.1117553711, 23.9550228119, 19.7829837799, 9.29301357269, 7.28209018707, -1.76361656189, 7.02236413956, 38.2883377075, 64.392539978, 20.4766235352], [-26.173456192, 37.7988204956, -12.5472831726, -4.64320707321, 24.881778717, 0.142352923751, 15.1676530838, -7.05677127838, -0.268893569708, 2.48962879181, -4.07194280624, 20.4766235352, 55.5341148376]], "icov": [[0.000243004556978, -0.000126297512907, 0.000275223981589, -0.000158848357387, 0.000252540572546, -6.38365600025e-05, 0.000127211984363, -6.64725230308e-05, 2.78633251583e-05, 0.000134501926368, -1.70471084857e-05, 3.54467520083e-05, 7.30027168174e-05], [-0.000126297512907, 0.00121938728262, -4.79866539536e-05, 0.000705614511389, -1.43824809129e-05, -7.41934782127e-05, -0.000371139030904, 0.000473829830298, -0.000231418322073, -0.000295123871183, 5.70781012357e-05, 0.000274170422927, -0.000757922127377], [0.000275223981589, -4.79866539536e-05, 0.00236332346685, 0.000111592293251, -0.000760104041547, 0.000672172638588, -0.000379613775294, -0.000412747176597, -0.000309843278956, 0.000333705858793, -0.00140725483652, -0.000345852778992, 0.00110362062696], [-0.000158848357387, 0.000705614511389, 0.000111592293251, 0.00385219999589, -0.000535905943252, -0.00113691075239, 0.000798291235697, -0.00110468815546, 0.000116247894766, -0.00137940538116, 0.000305664230837, -0.00143095839303, 0.000289217627142], [0.000252540572546, -1.43824809129e-05, -0.000760104041547, -0.000535905943252, 0.00611585471779, -0.001413388527, -0.0026657290291, 0.00208140257746, -0.000910037953872, -0.000119224634545, -0.000321464060107, -1.95690354303e-05, -0.0018471442163], [-6.38365600025e-05, -7.41934782127e-05, 0.000672172638588, -0.00113691075239, -0.001413388527, 0.00708549050614, 0.000350565183908, -0.00278295739554, 0.000367534201359, 0.00274772383273, -0.00125322386157, -0.000911634240765, 0.000365789834177], [0.000127211984363, -0.000371139030904, -0.000379613775294, 0.000798291235697, -0.0026657290291, 0.000350565183908, 0.00930387526751, -0.00321909226477, 0.00141657143831, -0.000720507930964, 0.0018172650598, -0.000982109922916, -0.000928612542339], [-6.64725230308e-05, 0.000473829830298, -0.000412747176597, -0.00110468815546, 0.00208140257746, -0.00278295739554, -0.00321909226477, 0.015572196804, -0.00718763191253, 0.00227462616749, -0.00209578638896, 0.000119935226394, 0.00105843087658], [2.78633251583e-05, -0.000231418322073, -0.000309843278956, 0.000116247894766, -0.000910037953872, 0.000367534201359, 0.00141657143831, -0.00718763191253, 0.0196021981537, -0.00919183436781, 0.00274217734113, 0.000909190450329, -0.000410266802646], [0.000134501926368, -0.000295123871183, 0.000333705858793, -0.00137940538116, -0.000119224634545, 0.00274772383273, -0.000720507930964, 0.00227462616749, -0.00919183436781, 0.0212968364358, -0.0117490114644, 0.00493649439886, -0.00292439386249], [-1.70471084857e-05, 5.70781012357e-05, -0.00140725483652, 0.000305664230837, -0.000321464060107, -0.00125322386157, 0.0018172650598, -0.00209578638896, 0.00274217734113, -0.0117490114644, 0.0256073530763, -0.0150689296424, 0.00701915845275], [3.54467520083e-05, 0.000274170422927, -0.000345852778992, -0.00143095839303, -1.95690354303e-05, -0.000911634240765, -0.000982109922916, 0.000119935226394, 0.000909190450329, 0.00493649439886, -0.0150689296424, 0.0293007995933, -0.0121987499297], [7.30027168174e-05, -0.000757922127377, 0.00110362062696, 0.000289217627142, -0.0018471442163, 0.000365789834177, -0.000928612542339, 0.00105843087658, -0.000410266802646, -0.00292439386249, 0.00701915845275, -0.0121987499297, 0.0251872744411]], "mean": [-669.052307129, 178.525650024, -6.99984693527, 24.1002140045, 6.31346940994, 26.2834587097, 3.70525360107, 7.01423168182, 5.12194490433, 0.472087293863, 1.04613149166, 4.34346914291, 6.25718402863]}, "pitch_salience": {"dmean": 0.0862843394279, "dmean2": 0.137128978968, "dvar": 0.00517932558432, "dvar2": 0.012316566892, "max": 0.865753471851, "mean": 0.471948683262, "median": 0.487822413445, "min": 0.043930657208, "var": 0.020092766732}, "silence_rate_20dB": {"dmean": 0, "dmean2": 0, "dvar": 0, "dvar2": 0, "max": 1, "mean": 1, "median": 1, "min": 1, "var": 0}, "silence_rate_30dB": {"dmean": 0.130586534739, "dmean2": 0.26119530201, "dvar": 0.113534420729, "dvar2": 0.261230379343, "max": 1, "mean": 0.802179098129, "median": 1, "min": 0, "var": 0.158697471023}, "silence_rate_60dB": {"dmean": 0.00119179359172, "dmean2": 0.00238379021175, "dvar": 0.0011903726263, "dvar2": 0.00339973228984, "max": 1, "mean": 0.0214504599571, "median": 0, "min": 0, "var": 0.020989947021}, "spectral_centroid": {"dmean": 210.03225708, "dmean2": 304.981536865, "dvar": 65846.453125, "dvar2": 128075.679688, "max": 11848.0986328, "mean": 869.947570801, "median": 732.425598145, "min": 99.2473602295, "var": 827462.25}, "spectral_complexity": {"dmean": 4.24397706985, "dmean2": 5.99199724197, "dvar": 20.1577205658, "dvar2": 35.637550354, "max": 51, "mean": 18.3880653381, "median": 18, "min": 0, "var": 76.255065918}, "spectral_contrast_coeffs": {"dmean": [0.0545570366085, 0.0507084578276, 0.0403708219528, 0.0318625383079, 0.0280249118805, 0.0477694272995], "dmean2": [0.0906486362219, 0.0843943208456, 0.0652453377843, 0.0517869181931, 0.0441613420844, 0.0677134767175], "dvar": [0.00184280285612, 0.00156940473244, 0.00100600661244, 0.000636206183117, 0.000558915606234, 0.00193234952167], "dvar2": [0.00514185614884, 0.0042489557527, 0.0025962293148, 0.00163302093279, 0.00132999697234, 0.00366156501696], "max": [-0.380051285028, -0.492501020432, -0.523286044598, -0.571982443333, -0.601384401321, -0.455761522055], "mean": [-0.693401992321, -0.757556140423, -0.790713608265, -0.796132445335, -0.825914859772, -0.762164831161], "median": [-0.697962760925, -0.761685013771, -0.798524916172, -0.798372387886, -0.823527932167, -0.7804261446], "min": [-0.977845132351, -0.985274255276, -0.97960203886, -0.978009939194, -0.96832048893, -0.965353250504], "var": [0.0062766619958, 0.00454226043075, 0.00439820252359, 0.00282673328184, 0.00227785320021, 0.00662307487801]}, "spectral_contrast_valleys": {"dmean": [0.389968216419, 0.397945523262, 0.360934495926, 0.360758900642, 0.475167602301, 0.586878716946], "dmean2": [0.653234422207, 0.63459610939, 0.555685698986, 0.518369793892, 0.665252804756, 0.937543511391], "dvar": [0.109536208212, 0.120878241956, 0.110702417791, 0.123169399798, 0.185174167156, 0.254415750504], "dvar2": [0.272842139006, 0.277312606573, 0.230227783322, 0.228835463524, 0.376094669104, 0.613597869873], "max": [-4.99316740036, -4.65347623825, -4.88647127151, -5.13402700424, -5.88020181656, -8.90369033813], "mean": [-6.46838951111, -6.52075529099, -6.93679618835, -7.40076160431, -8.04017925262, -11.0338363647], "median": [-6.25932073593, -6.30886554718, -6.71448612213, -7.17935466766, -7.85998058319, -10.8825674057], "min": [-28.016418457, -27.853717804, -27.75157547, -27.6007823944, -27.4976329803, -27.4089317322], "var": [3.1897790432, 3.33378648758, 3.28965878487, 3.21093320847, 3.09098267555, 2.28856444359]}, "spectral_decrease": {"dmean": 6.28538687764e-09, "dmean2": 1.03647010974e-08, "dvar": 4.77662955519e-17, "dvar2": 1.28291901359e-16, "max": 5.81080694673e-09, "mean": -1.24230092879e-08, "median": -1.00262056435e-08, "min": -8.98736729482e-08, "var": 1.05215686468e-16}, "spectral_energy": {"dmean": 0.0254327319562, "dmean2": 0.0409240834415, "dvar": 0.000683626160026, "dvar2": 0.00181597482879, "max": 0.362571746111, "mean": 0.0765365585685, "median": 0.0710192993283, "min": 9.98307317625e-21, "var": 0.00175491755363}, "spectral_energyband_high": {"dmean": 0.000843877787702, "dmean2": 0.00117544317618, "dvar": 2.28179192163e-06, "dvar2": 4.16088550992e-06, "max": 0.0276943147182, "mean": 0.00136322027538, "median": 0.000538074935321, "min": 7.08919472793e-21, "var": 5.66873995922e-06}, "spectral_energyband_low": {"dmean": 0.0213709939271, "dmean2": 0.0351444520056, "dvar": 0.000622408173513, "dvar2": 0.00165081897285, "max": 0.327062577009, "mean": 0.0402693785727, "median": 0.0288807284087, "min": 2.18170117184e-23, "var": 0.00148173002526}, "spectral_energyband_middle_high": {"dmean": 0.00314744142815, "dmean2": 0.00455577392131, "dvar": 2.05065771297e-05, "dvar2": 4.41122720076e-05, "max": 0.0697933286428, "mean": 0.00727940956131, "median": 0.00427250005305, "min": 1.24542663705e-21, "var": 6.97347131791e-05}, "spectral_energyband_middle_low": {"dmean": 0.00567352725193, "dmean2": 0.00878325011581, "dvar": 5.05514763063e-05, "dvar2": 0.00011533977522, "max": 0.10125631839, "mean": 0.0142991533503, "median": 0.0103383706883, "min": 1.68945165144e-22, "var": 0.000174502769369}, "spectral_entropy": {"dmean": 0.251606822014, "dmean2": 0.361348122358, "dvar": 0.0508108437061, "dvar2": 0.1090015769, "max": 9.81984043121, "mean": 7.31703281403, "median": 7.32722377777, "min": 5.37743186951, "var": 0.21240606904}, "spectral_flux": {"dmean": 0.0352142415941, "dmean2": 0.0569253489375, "dvar": 0.000982544035651, "dvar2": 0.00260095880367, "max": 0.402198135853, "mean": 0.145370274782, "median": 0.142723590136, "min": 6.31690255659e-11, "var": 0.00268168584444}, "spectral_kurtosis": {"dmean": 6.96983003616, "dmean2": 10.7807302475, "dvar": 53.6751251221, "dvar2": 130.809417725, "max": 93.4288101196, "mean": 23.1343040466, "median": 20.6034660339, "min": -1.25424313545, "var": 130.851425171}, "spectral_rms": {"dmean": 0.00139477534685, "dmean2": 0.00222302624024, "dvar": 1.53381813561e-06, "dvar2": 4.01899978897e-06, "max": 0.0188076719642, "mean": 0.00827385950834, "median": 0.00832388922572, "min": 3.12083063385e-12, "var": 6.21297931502e-06}, "spectral_rolloff": {"dmean": 5465.75683594, "dmean2": 10597.8623047, "dvar": 73249776, "dvar2": 167026320, "max": 22050, "mean": 14001.25, "median": 20951.8066406, "min": 21.533203125, "var": 97062856}, "spectral_skewness": {"dmean": 0.556076049805, "dmean2": 0.839359462261, "dvar": 0.273728996515, "dvar2": 0.651971161366, "max": 7.90033769608, "mean": 3.5006082058, "median": 3.36779356003, "min": -0.0805842801929, "var": 0.880222320557}, "spectral_spread": {"dmean": 601458.75, "dmean2": 912263.0625, "dvar": 400085680128, "dvar2": 884372668416, "max": 42290468, "mean": 4385257.5, "median": 4106307.5, "min": 1770231.125, "var": 9364958085120.0}, "spectral_strongpeak": {"dmean": 6.05925989151, "dmean2": 11.6553401947, "