{"lowlevel": {"average_loudness": 0.93629348278, "barkbands": {"dmean": [6.33846066194e-05, 0.00437241233885, 0.00592512870207, 0.00114983168896, 0.0022992764134, 0.00133190699853, 0.000863953959197, 0.00107740354724, 0.000535881088581, 0.000425717153121, 0.000202875671675, 0.000187539029866, 0.000304366782075, 0.000321186613292, 0.000405700237025, 0.00028724654112, 0.000228988574236, 0.000183341413504, 0.000185282813618, 0.000216032422031, 0.000213768216781, 0.000197398490855, 0.000120674842037, 9.5729919849e-05, 3.7065721699e-05, 4.89192825626e-06, 2.85311472226e-07], "dmean2": [8.19370907266e-05, 0.00726027134806, 0.0103287976235, 0.00189250905532, 0.00380537542515, 0.00212091533467, 0.00133004121017, 0.00172220985405, 0.000829024007544, 0.000664772291202, 0.000324188265949, 0.00029577180976, 0.000476191024063, 0.000511108257342, 0.000633653195109, 0.000442368793301, 0.000358296412742, 0.000285156856989, 0.000299641746096, 0.000348506699083, 0.000335463584634, 0.000304096058244, 0.00018036023539, 0.000142498422065, 5.68914147152e-05, 7.89585646999e-06, 4.42506689069e-07], "dvar": [2.27214975723e-08, 0.0001089802754, 0.000238693115534, 5.33602133146e-06, 1.03709744508e-05, 6.44322517473e-06, 3.97226358473e-06, 5.32033072886e-06, 1.48456160787e-06, 1.22834717331e-06, 2.73155990271e-07, 2.28287930781e-07, 7.3654030075e-07, 9.21496166484e-07, 1.05281219476e-06, 7.577863812e-07, 1.95271198322e-07, 1.80474870604e-07, 1.28651024056e-07, 4.0581170424e-07, 2.43710445602e-07, 3.10897831923e-07, 1.29868041654e-07, 1.3494118889e-07, 1.21598988656e-08, 1.21514173723e-10, 4.44237826863e-13], "dvar2": [3.72393138548e-08, 0.000273819372524, 0.000668076099828, 1.34013598654e-05, 2.7191837944e-05, 1.59890587383e-05, 9.47303124121e-06, 1.36738872243e-05, 3.59494765689e-06, 2.81197685581e-06, 6.40519772332e-07, 5.69995222577e-07, 1.56991029598e-06, 2.23569804803e-06, 2.28969065574e-06, 1.54328813551e-06, 4.41450453081e-07, 3.95973330569e-07, 3.13746454594e-07, 9.5549580692e-07, 5.39001405286e-07, 6.68921870783e-07, 2.59989747065e-07, 3.29978774971e-07, 2.95498914227e-08, 3.05634961784e-10, 1.10142309769e-12], "max": [0.00203931564465, 0.153396323323, 0.160292893648, 0.0454883351922, 0.040417201817, 0.0618143975735, 0.0478829294443, 0.0484618097544, 0.0252695549279, 0.0285631436855, 0.0140192639083, 0.0122938528657, 0.0312433578074, 0.0226424969733, 0.0210673771799, 0.043125834316, 0.0124243395403, 0.00823279190809, 0.00825900118798, 0.0291117243469, 0.018982347101, 0.0160277206451, 0.0105177341029, 0.01369564794, 0.00188225519378, 0.000186031495105, 1.732686178e-05], "mean": [8.73546377989e-05, 0.00507896253839, 0.00724275037646, 0.00166610151064, 0.00396799622104, 0.00236247992143, 0.00154619908426, 0.00175505760126, 0.00094249175163, 0.000720951356925, 0.00032217183616, 0.000275583472103, 0.000505329924636, 0.000455329660326, 0.000650687899906, 0.000479782116599, 0.000400569406338, 0.000339644320775, 0.000328046036884, 0.000348368950654, 0.000390693981899, 0.000332025723765, 0.000198197274585, 0.000134361296659, 4.31261287304e-05, 5.0657445172e-06, 3.47739501194e-07], "median": [1.5894878743e-05, 0.00107961008325, 0.00221625715494, 0.000931381597184, 0.00254081119783, 0.00118080398533, 0.000696458038874, 0.000837045838125, 0.000356865348294, 0.000231562444242, 0.000116091774544, 8.59958963702e-05, 9.90548869595e-05, 0.000105619008536, 0.000142708595376, 0.000132989458507, 0.000169750477653, 9.91162887658e-05, 0.000150232968736, 0.000150510750245, 0.000182146730367, 0.000142448028782, 6.76607378409e-05, 3.86796200473e-05, 8.76628837432e-06, 1.17038257486e-06, 1.26649581489e-07], "min": [2.2121862675e-10, 4.13333473351e-12, 3.63749655397e-11, 3.99873146747e-12, 2.68589230717e-12, 1.58173756211e-12, 2.62824939763e-12, 1.33857204834e-12, 1.19115134423e-12, 1.79751753846e-12, 2.04152254997e-12, 2.15475142069e-12, 1.84358344563e-12, 2.87929749487e-12, 2.93921289217e-12, 4.45968002111e-12, 3.38062282161e-12, 3.43478847795e-12, 8.9906996778e-12, 1.00029715414e-11, 1.18281391626e-11, 1.19903106541e-11, 1.56099404236e-11, 1.79304505271e-11, 1.97959391934e-11, 4.22061066652e-11, 6.54283571766e-11], "var": [4.32783728854e-08, 0.000126819082652, 0.00020169725758, 6.11237601333e-06, 1.88626163435e-05, 1.62418309628e-05, 8.69028463057e-06, 8.91954641702e-06, 3.26234749082e-06, 2.99102771351e-06, 5.28374698661e-07, 4.30601886592e-07, 1.89918864635e-06, 1.5766628394e-06, 2.24343511945e-06, 1.48174888182e-06, 4.8101532002e-07, 4.77434412005e-07, 2.68367159606e-07, 6.49824130505e-07, 4.97566475133e-07, 5.32733622549e-07, 2.80455850543e-07, 1.82580521368e-07, 1.36003643902e-08, 1.19772886054e-10, 4.62476845015e-13]}, "barkbands_crest": {"dmean": 2.76785230637, "dmean2": 4.5643825531, "dvar": 6.40818738937, "dvar2": 16.9904842377, "max": 25.5723495483, "mean": 9.97575759888, "median": 9.26863479614, "min": 2.67849779129, "var": 16.0489406586}, "barkbands_flatness_db": {"dmean": 0.02416786924, "dmean2": 0.0380184538662, "dvar": 0.000545941002201, "dvar2": 0.00140119867865, "max": 0.342672973871, "mean": 0.137878611684, "median": 0.132191717625, "min": 0.0356640852988, "var": 0.00181960733607}, "barkbands_kurtosis": {"dmean": 3.84192633629, "dmean2": 6.40817117691, "dvar": 54.3553962708, "dvar2": 149.558334351, "max": 171.398971558, "mean": 5.08907079697, "median": 2.48942685127, "min": -1.91693091393, "var": 76.7998428345}, "barkbands_skewness": {"dmean": 0.651478290558, "dmean2": 1.03978121281, "dvar": 0.539562225342, "dvar2": 1.36582696438, "max": 11.5941772461, "mean": 1.821413517, "median": 1.70341813564, "min": -2.34475779533, "var": 1.60480380058}, "barkbands_spread": {"dmean": 6.67449378967, "dmean2": 10.5679244995, "dvar": 57.1618766785, "dvar2": 134.800933838, "max": 91.1972808838, "mean": 22.7985744476, "median": 20.4852275848, "min": 1.10784840584, "var": 175.834533691}, "dissonance": {"dmean": 0.0176845770329, "dmean2": 0.029389815405, "dvar": 0.000254578568274, "dvar2": 0.000671776011586, "max": 0.5, "mean": 0.461786627769, "median": 0.466827660799, "min": 0.243716880679, "var": 0.000634764961433}, "dynamic_complexity": 3.35378360748, "erbbands": {"dmean": [0.0772602856159, 1.22183907032, 6.24256324768, 5.06785726547, 4.12080669403, 9.80276966095, 11.1308555603, 10.6749973297, 13.8132019043, 15.3284368515, 20.2783679962, 14.3176383972, 12.6748933792, 8.55926609039, 8.31617546082, 9.2129240036, 14.2825918198, 13.2888259888, 20.3606338501, 17.932258606, 12.4690828323, 9.73599529266, 10.5600757599, 7.80807304382, 10.0217504501, 10.6080675125, 8.78000736237, 8.57033729553, 7.12327957153, 4.8983335495, 3.30974912643, 2.42690682411, 1.33039534092, 0.584630072117, 0.166710838675, 0.037418782711, 0.00642326427624, 0.000729615392629, 5.45197617612e-05, 1.59113933478e-05], "dmean2": [0.116015411913, 2.05511188507, 10.7817687988, 8.58576965332, 6.77656555176, 16.3537559509, 17.9650611877, 16.9681167603, 20.74584198, 24.4971809387, 32.1866836548, 21.8682193756, 19.8462104797, 13.0977373123, 13.249835968, 14.1525173187, 22.099149704, 20.7495479584, 31.098941803, 27.4134483337, 18.8729343414, 14.7967443466, 16.265247345, 12.4813175201, 15.9839162827, 17.1274662018, 13.8747091293, 13.4133310318, 11.0670156479, 7.38777112961, 4.92980003357, 3.60785675049, 2.01425766945, 0.900167763233, 0.255109488964, 0.0599156990647, 0.0102172214538, 0.00113566487562, 8.29274213174e-05, 2.46706022153e-05], "dvar": [0.0469038672745, 8.32713317871, 253.393630981, 140.186691284, 37.7065582275, 224.106140137, 298.280181885, 582.333862305, 1059.53222656, 1342.95422363, 1618.03759766, 1175.40551758, 1350.38012695, 427.189575195, 393.676269531, 486.287536621, 1603.24536133, 1581.23974609, 3251.72729492, 2001.1361084, 1028.74316406, 394.947418213, 627.609436035, 273.751373291, 418.224761963, 1022.8515625, 497.591278076, 428.518951416, 441.941162109, 187.260162354, 111.343421936, 106.371398926, 19.0582809448, 3.2465057373, 0.210589289665, 0.00775877712294, 0.000199194444576, 2.24979044106e-06, 1.4642647983e-08, 6.77134348592e-10], "dvar2": [0.109593696892, 21.2054405212, 705.02355957, 375.829467773, 96.7061309814, 589.973022461, 749.14276123, 1446.47595215, 2508.11157227, 3458.85449219, 3962.96240234, 2827.07446289, 3186.64111328, 891.715637207, 970.301635742, 1182.45178223, 3382.24780273, 3861.23681641, 7436.69189453, 4192.44628906, 2103.26245117, 857.404296875, 1383.11096191, 681.179870605, 1017.74456787, 2602.79760742, 1114.55212402, 940.761901855, 966.417907715, 368.042449951, 222.918746948, 259.280487061, 45.5003471375, 7.98100614548, 0.500964343548, 0.0191080495715, 0.000496647844557, 5.5109276218e-06, 3.60716754244e-08, 1.6814880599e-09], "max": [2.97086715698, 42.8302574158, 164.542007446, 139.254898071, 114.476272583, 186.880981445, 460.74810791, 704.868835449, 749.435241699, 692.172302246, 679.104248047, 812.129333496, 885.423583984, 656.444580078, 445.995483398, 557.922485352, 1242.01379395, 1313.78088379, 1179.51293945, 1812.23876953, 970.687805176, 641.299438477, 573.456542969, 527.711364746, 477.180511475, 1200.54541016, 1242.53552246, 521.328430176, 512.831054688, 397.932128906, 322.237365723, 441.963043213, 103.198646545, 31.931060791, 8.03145503998, 1.47044599056, 0.27037653327, 0.0231556389481, 0.00320086139254, 0.000261016539298], "mean": [0.0851619690657, 1.43390059471, 7.708507061, 7.04202985764, 7.48330211639, 14.9159097672, 18.0675296783, 18.7876472473, 25.2041511536, 26.6576309204, 34.7661857605, 26.533864975, 21.348449707, 16.2124900818, 14.0765399933, 14.98914814, 25.1924438477, 21.3600330353, 32.1178283691, 32.8570671082, 24.0754337311, 19.8897457123, 20.7307796478, 14.9894113541, 17.9606685638, 17.3631019592, 16.0104598999, 15.2929124832, 12.0632762909, 8.27621841431, 5.40668773651, 3.54649472237, 1.80536973476, 0.696187973022, 0.18865172565, 0.0392386242747, 0.0068931914866, 0.000841951230541, 7.98559703981e-05, 4.02150908485e-05], "median": [0.0119034629315, 0.340915560722, 2.36772227287, 3.68303322792, 4.54607391357, 8.48862075806, 9.82597351074, 8.84882164001, 11.3428297043, 12.6957836151, 16.0768585205, 11.1434116364, 7.79464530945, 5.47588443756, 5.61349201202, 5.6741194725, 5.93159008026, 6.70038223267, 7.24592208862, 9.63010787964, 8.27753829956, 8.15963554382, 6.67519855499, 6.6774930954, 7.54020404816, 7.7242231369, 7.74957704544, 6.85414028168, 4.92228841782, 3.35873031616, 1.83166885376, 1.05230927467, 0.472882717848, 0.155292034149, 0.0384126715362, 0.00848590582609, 0.00177599815652, 0.000271017139312, 4.12011831941e-05, 3.31706833094e-05], "min": [4.36413483129e-09, 1.04749020569e-09, 2.50499976318e-08, 4.23355785983e-08, 5.28765875529e-09, 1.13660156842e-08, 1.08292042e-08, 1.02462136553e-08, 3.50258133608e-08, 4.62962077563e-08, 2.48787870305e-08, 3.99838420151e-08, 5.18362774926e-08, 1.03241490024e-07, 1.05383783477e-07, 1.09692919636e-07, 9.63111475016e-08, 1.53289988702e-07, 2.31620461477e-07, 1.90332357874e-07, 3.35348175895e-07, 2.76012855238e-07, 2.36259154462e-07, 2.46078002419e-07, 6.00738644607e-07, 5.15854878813e-07, 4.3613246703e-07, 5.85000634601e-07, 3.77622143333e-07, 4.35386596109e-07, 3.74083271026e-07, 2.96725687576e-07, 3.38810906442e-07, 1.83482086413e-07, 1.84603393905e-07, 1.59516559961e-07, 7.62070726523e-08, 2.91975474909e-08, 7.81382247794e-09, 9.08424890866e-10], "var": [0.0540788695216, 9.27658557892, 222.167999268, 129.856735229, 84.8960266113, 331.243530273, 751.942138672, 1278.2911377, 2317.34814453, 2330.88989258, 2976.8137207, 2517.95654297, 2804.11181641, 1582.97290039, 775.065795898, 992.507446289, 4306.74462891, 2945.01416016, 5747.36279297, 5289.44042969, 2596.11083984, 1154.48535156, 1640.95373535, 679.725646973, 875.280639648, 1325.94018555, 1386.05627441, 781.172851562, 735.933166504, 370.120605469, 238.790161133, 153.373535156, 25.5652694702, 3.56556177139, 0.240587219596, 0.00806679390371, 0.000201448172447, 2.44837110586e-06, 1.63109898921e-08, 1.14880505109e-09]}, "erbbands_crest": {"dmean": 2.69431734085, "dmean2": 4.37264108658, "dvar": 6.01695919037, "dvar2": 14.8024082184, "max": 30.5296421051, "mean": 8.73286247253, "median": 7.80257320404, "min": 1.8349802494, "var": 15.8723659515}, "erbbands_flatness_db": {"dmean": 0.0184649433941, "dmean2": 0.0261708050966, "dvar": 0.000300456304103, "dvar2": 0.000558891857509, "max": 0.37039154768, "mean": 0.157986491919, "median": 0.154893547297, "min": 0.0221975762397, "var": 0.00153495441191}, "erbbands_kurtosis": {"dmean": 0.802434742451, "dmean2": 1.28269302845, "dvar": 1.66667091846, "dvar2": 3.93961548805, "max": 23.1583385468, "mean": -0.0936164855957, "median": -0.523726224899, "min": -1.84548020363, "var": 2.77434706688}, "erbbands_skewness": {"dmean": 0.373432844877, "dmean2": 0.57014721632, "dvar": 0.12380143255, "dvar2": 0.286959111691, "max": 3.6178715229, "mean": 0.26587074995, "median": 0.263940811157, "min": -3.91100025177, "var": 0.553974211216}, "erbbands_spread": {"dmean": 10.6605110168, "dmean2": 16.2915897369, "dvar": 114.727554321, "dvar2": 254.006591797, "max": 143.316772461, "mean": 47.617805481, "median": 45.4571037292, "min": 2.77486991882, "var": 361.952453613}, "gfcc": {"cov": [[16767.0078125, 598.82019043, -909.848327637, 522.862182617, -773.872436523, 201.266189575, -380.243774414, 96.3053512573, -56.4168395996, 3.03963971138, -144.377624512, -177.813781738, -34.3798294067], [598.82019043, 1029.65075684, -145.240890503, -19.7261066437, 174.09866333, -115.243614197, 133.950088501, -98.5069656372, 93.2485198975, -108.728561401, 101.565933228, -50.1729469299, 40.5569648743], [-909.848327637, -145.240890503, 878.309875488, 153.2318573, 123.049095154, 168.582794189, 28.2408676147, 113.73626709, -79.0024490356, 63.5810394287, -34.180480957, 23.4946117401, -36.8772392273], [522.862182617, -19.7261066437, 153.2318573, 318.914123535, 83.4396972656, 73.0143890381, 47.8015365601, 40.5094947815, 40.953212738, -6.35096931458, 0.998355925083, -9.82372188568, 0.372238636017], [-773.872436523, 174.09866333, 123.049095154, 83.4396972656, 327.214874268, 72.0252990723, 105.867904663, 34.0388641357, 32.2174797058, -7.51882123947, 22.8361186981, -0.0770558044314, -5.38058519363], [201.266189575, -115.243614197, 168.582794189, 73.0143890381, 72.0252990723, 222.574157715, 69.5199203491, 55.5364189148, -17.3957023621, 30.5088043213, -8.60779857635, -5.21894025803, -18.5812263489], [-380.243774414, 133.950088501, 28.2408676147, 47.8015365601, 105.867904663, 69.5199203491, 197.202529907, 28.81016922, 32.0804786682, -2.50572490692, 23.8327102661, -11.8721370697, -11.4976797104], [96.3053512573, -98.5069656372, 113.73626709, 40.5094947815, 34.0388641357, 55.5364189148, 28.81016922, 142.194595337, 35.7072143555, 32.801574707, -20.596944809, -1.20141255856, -10.4169607162], [-56.4168395996, 93.2485198975, -79.0024490356, 40.953212738, 32.2174797058, -17.3957023621, 32.0804786682, 35.7072143555, 149.943054199, 15.8016004562, 21.7859897614, -14.605931282, 19.2580776215], [3.03963971138, -108.728561401, 63.5810394287, -6.35096931458, -7.51882123947, 30.5088043213, -2.50572490692, 32.801574707, 15.8016004562, 103.312324524, 11.0984554291, 7.28724479675, -16.6875915527], [-144.377624512, 101.565933228, -34.180480957, 0.998355925083, 22.8361186981, -8.60779857635, 23.8327102661, -20.596944809, 21.7859897614, 11.0984554291, 105.364608765, 32.3760528564, 6.20688438416], [-177.813781738, -50.1729469299, 23.4946117401, -9.82372188568, -0.0770558044314, -5.21894025803, -11.8721370697, -1.20141255856, -14.605931282, 7.28724479675, 32.3760528564, 82.6772842407, 25.2431125641], [-34.3798294067, 40.5569648743, -36.8772392273, 0.372238636017, -5.38058519363, -18.5812263489, -11.4976797104, -10.4169607162, 19.2580776215, -16.6875915527, 6.20688438416, 25.2431125641, 77.649269104]], "icov": [[0.000188687030459, -0.000579016748816, 0.000449268525699, -0.000687568215653, 0.000661675527226, -0.000699425989296, 0.00069079833338, -0.00064898992423, 0.000566683709621, -0.000532728794497, 0.00047993886983, -0.000234851613641, 0.000279284751741], [-0.000579016748816, 0.00377844576724, -0.00167100841645, 0.00258960830979, -0.00286848284304, 0.00320922932588, -0.00317354337312, 0.00296961446293, -0.00254329573363, 0.00326570868492, -0.00337933097035, 0.00276370346546, -0.00183395424392], [0.000449268525699, -0.00167100841645, 0.00289029884152, -0.00241866870783, 0.00118110887706, -0.00234607420862, 0.00203768140636, -0.00270078564063, 0.00280486326665, -0.00237582507543, 0.00177555135451, -0.00134763319511, 0.00100573850796], [-0.000687568215653, 0.00258960830979, -0.00241866870783, 0.00664520775899, -0.00295580760576, 0.00187197397463, -0.0028258652892, 0.00257456465624, -0.00380658102222, 0.00349330925383, -0.00236503896303, 0.00166717858519, -0.00132554536685], [0.000661675527226, -0.00286848284304, 0.00118110887706, -0.00295580760576, 0.00681270472705, -0.00341531378217, 0.00120369915385, -0.00271751382388, 0.0015002040891, -0.001591156004, 0.0018689687131, -0.00189131929073, 0.00158620148432], [-0.000699425989296, 0.00320922932588, -0.00234607420862, 0.00187197397463, -0.00341531378217, 0.00986965652555, -0.00502456491813, 0.0014608562924, -0.000677726638969, 0.00111931574065, -0.00252215657383, 0.00255638360977, -0.00175277201924], [0.00069079833338, -0.00317354337312, 0.00203768140636, -0.0028258652892, 0.00120369915385, -0.00502456491813, 0.0102861765772, -0.00357675086707, 0.00153272110038, -0.00173085788265, 0.00101044157054, -0.00093255774118, 0.00233930023387], [-0.00064898992423, 0.00296961446293, -0.00270078564063, 0.00257456465624, -0.00271751382388, 0.0014608562924, -0.00357675086707, 0.0131441364065, -0.00602289661765, 0.000930156966206, 0.000624049513135, -0.000127304228954, -5.324761878e-05], [0.000566683709621, -0.00254329573363, 0.00280486326665, -0.00380658102222, 0.0015002040891, -0.000677726638969, 0.00153272110038, -0.00602289661765, 0.0127988047898, -0.00488451868296, -0.000369047076674, 0.00214785593562, -0.00260239792988], [-0.000532728794497, 0.00326570868492, -0.00237582507543, 0.00349330925383, -0.001591156004, 0.00111931574065, -0.00173085788265, 0.000930156966206, -0.00488451868296, 0.0154619552195, -0.00465335603803, 0.000880806765053, 0.00155940512195], [0.00047993886983, -0.00337933097035, 0.00177555135451, -0.00236503896303, 0.0018689687131, -0.00252215657383, 0.00101044157054, 0.000624049513135, -0.000369047076674, -0.00465335603803, 0.016388265416, -0.00887480005622, 0.00325804180466], [-0.000234851613641, 0.00276370346546, -0.00134763319511, 0.00166717858519, -0.00189131929073, 0.00255638360977, -0.00093255774118, -0.000127304228954, 0.00214785593562, 0.000880806765053, -0.00887480005622, 0.0201039947569, -0.00803962163627], [0.000279284751741, -0.00183395424392, 0.00100573850796, -0.00132554536685, 0.00158620148432, -0.00175277201924, 0.00233930023387, -5.324761878e-05, -0.00260239792988, 0.00155940512195, 0.00325804180466, -0.00803962163627, 0.0178074333817]], "mean": [-17.6345100403, 99.6524658203, -124.964813232, 50.6876296997, -72.5411529541, 7.11436223984, -37.6116714478, -1.98012578487, -15.2291679382, -2.62638926506, -15.3462104797, -9.24356365204, -8.79640579224]}, "hfc": {"dmean": 6.60412549973, "dmean2": 9.37924766541, "dvar": 123.26424408, "dvar2": 248.126739502, "max": 270.880645752, "mean": 21.7499408722, "median": 15.6129369736, "min": 2.74480953522e-06, "var": 435.606262207}, "melbands": {"dmean": [0.000929445377551, 0.00263819238171, 0.000837716565002, 0.000463275384391, 0.000416600552853, 0.000247098883847, 0.000199691261514, 0.000183499112609, 0.000158677663421, 8.20297282189e-05, 6.35077085462e-05, 3.73414732167e-05, 2.77227281913e-05, 2.22557791858e-05, 3.17604499287e-05, 2.58757445408e-05, 2.80803742498e-05, 3.52419556293e-05, 2.69999891316e-05, 2.54251499427e-05, 1.50151699927e-05, 1.06957159005e-05, 1.31593196784e-05, 8.15737621451e-06, 6.67374752084e-06, 7.60540206102e-06, 7.22474578652e-06, 7.30974898033e-06, 5.82407301408e-06, 5.52467190573e-06, 5.53099425815e-06, 4.48395940111e-06, 3.4574250094e-06, 2.62280286734e-06, 2.01224838747e-06, 1.77983918093e-06, 1.40764245771e-06, 1.01541979802e-06, 6.77238745084e-07, 4.44473016614e-07], "dmean2": [0.00149493198842, 0.00449358578771, 0.00141139735933, 0.000768470286857, 0.000675722665619, 0.000390855013393, 0.000300445710309, 0.000294130761176, 0.000252419587923, 0.000125260616187, 9.95759837679e-05, 5.71686505282e-05, 4.4019685447e-05, 3.51060734829e-05, 4.88236182719e-05, 3.99564996769e-05, 4.44389625045e-05, 5.40885957889e-05, 4.14323330915e-05, 3.92450347135e-05, 2.31997200899e-05, 1.65911733347e-05, 2.02511255338e-05, 1.2865077224e-05, 1.08676294985e-05, 1.22328283396e-05, 1.16449846246e-05, 1.18747902889e-05, 9.33057799557e-06, 8.79547496879e-06, 8.78133141669e-06, 7.09767846274e-06, 5.31154228156e-06, 4.01019269702e-06, 3.04581840282e-06, 2.69854376711e-06, 2.14841838897e-06, 1.56196733769e-06, 1.05030221675e-06, 6.92919968515e-07], "dvar": [5.56946997676e-06, 4.17963128712e-05, 3.54766871169e-06, 4.51651828826e-07, 3.60600864724e-07, 2.74806524203e-07, 2.16003414266e-07, 2.01533097766e-07, 9.45893035009e-08, 3.96114927526e-08, 3.46529205331e-08, 8.88236595387e-09, 4.55868276461e-09, 2.4961912537e-09, 8.0330586627e-09, 5.15389153577e-09, 7.8182322838e-09, 1.0641199033e-08, 5.20571852292e-09, 6.43519060262e-09, 1.48704504266e-09, 6.00762828373e-10, 8.11962996838e-10, 3.87349152753e-10, 2.31232658021e-10, 2.76693667978e-10, 3.16464576766e-10, 4.71866434815e-10, 3.30695998363e-10, 1.6012641213e-10, 1.97445851335e-10, 1.73187131303e-10, 1.1315236248e-10, 5.12582198908e-11, 4.01225407065e-11, 4.47485000443e-11, 3.89634886855e-11, 1.16654394478e-11, 4.21703817699e-12, 1.94774209782e-12], "dvar2": [1.3634453353e-05, 0.000114146765554, 9.42130554904e-06, 1.19238984553e-06, 9.17482680052e-07, 6.78533865539e-07, 5.10900690642e-07, 5.24615415998e-07, 2.30892524655e-07, 9.41679090261e-08, 8.14034848418e-08, 1.834954233e-08, 1.10831015476e-08, 5.71820635287e-09, 1.72585270519e-08, 1.12420606158e-08, 1.94208116255e-08, 2.48467184605e-08, 1.10622675464e-08, 1.34057582812e-08, 3.27126126187e-09, 1.32252830909e-09, 1.72802971932e-09, 8.80935879799e-10, 5.91885762624e-10, 6.97716162623e-10, 7.82781506281e-10, 1.1639408326e-09, 7.33206217962e-10, 3.77042702615e-10, 4.51196302542e-10, 3.91659621402e-10, 2.48612824771e-10, 1.04132653889e-10, 8.1590595391e-11, 1.02381852995e-10, 9.81140516054e-11, 2.80724766349e-11, 1.00214203255e-11, 4.88450209099e-12], "max": [0.0337551310658, 0.0664330348372, 0.0215948447585, 0.00985613744706, 0.0129871042445, 0.0142714325339, 0.0107454992831, 0.00934259966016, 0.00531647726893, 0.00499898567796, 0.00454394565895, 0.00327687710524, 0.00162819388788, 0.0013058698969, 0.00402292329818, 0.00195231230464, 0.00285444338806, 0.00220729969442, 0.00163579569198, 0.00446681352332, 0.000888713693712, 0.000955333525781, 0.000885923858732, 0.000373716407921, 0.000487390061608, 0.000420733325882, 0.000514535408001, 0.000740953546483, 0.00132301170379, 0.000273632991593, 0.000302068889141, 0.00029246538179, 0.000352811359335, 0.000245423492743, 0.000205413714866, 0.000268994946964, 0.000242253532633, 8.2284277596e-05, 4.37755224993e-05, 2.66783590632e-05], "mean": [0.00107235845644, 0.00335907517001, 0.00126034475397, 0.000794162217062, 0.000679767865222, 0.000440620147856, 0.000366936787032, 0.000310794974212, 0.00027269416023, 0.000148012681166, 0.000103081409179, 6.67861750117e-05, 4.48586288258e-05, 3.46199012711e-05, 5.18928500242e-05, 4.19636235165e-05, 4.09643907915e-05, 5.06099750055e-05, 4.44794422947e-05, 4.15761751356e-05, 2.61029563262e-05, 1.94143394765e-05, 2.40834197029e-05, 1.44494379128e-05, 1.14471140478e-05, 1.2831593267e-05, 1.17256995509e-05, 1.12519255708e-05, 9.82765050139e-06, 9.451438018e-06, 8.98921098269e-06, 7.25263589629e-06, 5.39956545254e-06, 4.22558287028e-06, 3.17327067023e-06, 2.6304471703e-06, 1.96727546609e-06, 1.35692334879e-06, 8.44073497319e-07, 4.96843085784e-07], "median": [0.00020459764346, 0.00108919956256, 0.000752637861297, 0.000474393513286, 0.000395818438847, 0.000208617158933, 0.000164445795235, 0.000144121557241, 0.000127705425257, 5.53125501028e-05, 3.49665206159e-05, 1.9603077817e-05, 1.67749094544e-05, 1.24322832562e-05, 1.43239003592e-05, 1.01992736745e-05, 1.01071691461e-05, 1.09610809886e-05, 9.93022149487e-06, 1.19208116303e-05, 8.63819332153e-06, 7.78503635956e-06, 7.9164183262e-06, 4.34020330431e-06, 4.5653723646e-06, 4.87624220114e-06, 4.81851111545e-06, 4.6589170779e-06, 4.36865320808e-06, 4.33050081483e-06, 3.63338040188e-06, 2.77644357993e-06, 2.20443916987e-06, 1.56460760081e-06, 1.04504852061e-06, 7.55430221488e-07, 5.54853841095e-07, 3.44688260157e-07, 2.12422349932e-07, 9.42876212662e-08], "min": [8.58440540874e-11, 1.00335148176e-11, 6.50830344479e-12, 4.9358087062e-13, 4.24652365138e-13, 2.73726489608e-13, 5.71026407582e-13, 4.2273668832e-13, 1.83479831805e-13, 1.87551105831e-13, 2.782987328e-13, 3.98095971335e-13, 3.15691700212e-13, 2.47883934516e-13, 2.10781939862e-13, 2.40215697811e-13, 2.57819102439e-13, 2.88213490617e-13, 1.9724005144e-13, 1.52427956325e-13, 3.42920055416e-13, 2.44800734588e-13, 3.08668346959e-13, 1.55389319034e-13, 1.80130649979e-13, 3.40225352231e-13, 3.51522467818e-13, 2.42480243783e-13, 2.70095632058e-13, 2.74045461887e-13, 3.66071674926e-13, 2.39608761434e-13, 1.73567161078e-13, 3.14015686283e-13, 2.53164161726e-13, 1.70660862287e-13, 1.72692304792e-13, 2.36199270863e-13, 1.92688028619e-13, 1.49816167501e-13], "var": [6.55909661873e-06, 3.99945820391e-05, 3.44255749951e-06, 8.40547158987e-07, 8.0191506413e-07, 6.35655851511e-07, 4.83044061639e-07, 3.39828346796e-07, 1.77622538899e-07, 8.54975255038e-08, 7.19423169926e-08, 3.05071417017e-08, 8.80137918102e-09, 5.16628961833e-09, 1.87692812403e-08, 1.11029843097e-08, 1.427161056e-08, 1.63386228991e-08, 1.13058487017e-08, 1.18689422735e-08, 3.40163941459e-09, 1.40165090645e-09, 2.0649078003e-09, 9.16730524825e-10, 4.88810436572e-10, 5.10834374801e-10, 4.73213801477e-10, 6.50127007784e-10, 1.0012632945e-09, 2.69467864689e-10, 3.22484594584e-10, 2.75304556929e-10, 1.81267861832e-10, 1.00015051796e-10, 8.40803676683e-11, 7.61395529958e-11, 5.03701247379e-11, 1.53243077949e-11, 5.15766075682e-12, 1.98632928682e-12]}, "melbands_crest": {"dmean": 3.77074742317, "dmean2": 6.28129720688, "dvar": 12.0592184067, "dvar2": 32.8978996277, "max": 37.8911170959, "mean": 14.8351869583, "median": 13.8730125427, "min": 3.50188589096, "var": 32.8688926697}, "melbands_flatness_db": {"dmean": 0.0304082799703, "dmean2": 0.0471635498106, "dvar": 0.000913416326512, "dvar2": 0.00223774532788, "max": 0.444831162691, "mean": 0.194254308939, "median": 0.18987813592, "min": 0.0379222556949, "var": 0.00381313706748}, "melbands_kurtosis": {"dmean": 11.0699548721, "dmean2": 18.3814239502, "dvar": 459.445922852, "dvar2": 1225.55969238, "max": 360.721130371, "mean": 18.7363891602, "median": 11.3197488785, "min": -1.83738684654, "var": 654.82244873}, "melbands_skewness": {"dmean": 0.941236793995, "dmean2": 1.49549341202, "dvar": 1.25908625126, "dvar2": 3.14163947105, "max": 17.0938339233, "mean": 3.20131254196, "median": 2.89358329773, "min": -0.961729824543, "var": 3.42064976692}, "melbands_spread": {"dmean": 8.16791439056, "dmean2": 12.8298311234, "dvar": 146.899871826, "dvar2": 315.445251465, "max": 211.234039307, "mean": 23.1989040375, "median": 17.8149337769, "min": 0.774757921696, "var": 397.036682129}, "mfcc": {"cov": [[10704.8642578, 338.277648926, -30.9631977081, 318.70690918, -104.622543335, 101.033195496, -188.682174683, 38.342010498, 31.4310722351, 172.448928833, -18.8143577576, -55.2200737, -145.845932007], [338.277648926, 1089.66540527, -133.153717041, 124.658485413, 22.6531181335, 32.6651420593, 29.6580505371, 24.7844085693, -12.8351659775, -36.2153625488, 5.44485855103, 24.4197330475, 13.7686700821], [-30.9631977081, -133.153717041, 636.735595703, 59.612247467, 106.447402954, 49.2114524841, 102.407608032, 8.011054039, 45.7283973694, -1.34690976143, 8.06662940979, 36.8972816467, 34.1768035889], [318.70690918, 124.658485413, 59.612247467, 266.669921875, 78.9383010864, 46.0589256287, 21.0124225616, 46.0759429932, 28.5234546661, 21.1641120911, -4.05981636047, 30.4502296448, 29.6426887512], [-104.622543335, 22.6531181335, 106.447402954, 78.9383010864, 224.129272461, 48.1856536865, 55.5752868652, 41.3410339355, 40.5476913452, 17.6879959106, 6.07529211044, 29.4589061737, 22.8607215881], [101.033195496, 32.6651420593, 49.2114524841, 46.0589256287, 48.1856536865, 168.153823853, 91.2766494751, 40.9031448364, 19.4558429718, 21.64793396, 19.6286506653, 16.6993255615, 4.56455087662], [-188.682174683, 29.6580505371, 102.407608032, 21.0124225616, 55.5752868652, 91.2766494751, 196.866485596, 63.1817054749, 21.2174434662, 9.69232082367, 31.1911067963, 14.4859580994, 7.80161094666], [38.342010498, 24.7844085693, 8.011054039, 46.0759429932, 41.3410339355, 40.9031448364, 63.1817054749, 123.399291992, 43.1649208069, 20.6864395142, 10.5810070038, 18.0359020233, 12.9929761887], [31.4310722351, -12.8351659775, 45.7283973694, 28.5234546661, 40.5476913452, 19.4558429718, 21.2174434662, 43.1649208069, 122.893630981, 59.3514213562, 11.344285965, 2.00837731361, 12.3811349869], [172.448928833, -36.2153625488, -1.34690976143, 21.1641120911, 17.6879959106, 21.64793396, 9.69232082367, 20.6864395142, 59.3514213562, 120.110649109, 43.257396698, -1.18393278122, -12.1639032364], [-18.8143577576, 5.44485855103, 8.06662940979, -4.05981636047, 6.07529211044, 19.6286506653, 31.1911067963, 10.5810070038, 11.344285965, 43.257396698, 97.1993789673, 33.6251945496, -8.65627574921], [-55.2200737, 24.4197330475, 36.8972816467, 30.4502296448, 29.4589061737, 16.6993255615, 14.4859580994, 18.0359020233, 2.00837731361, -1.18393278122, 33.6251945496, 109.156417847, 46.7378044128], [-145.845932007, 13.7686700821, 34.1768035889, 29.6426887512, 22.8607215881, 4.56455087662, 7.80161094666, 12.9929761887, 12.3811349869, -12.1639032364, -8.65627574921, 46.7378044128, 105.598045349]], "icov": [[0.000108523876406, -3.36640041496e-05, -3.89520064346e-05, -0.000122680241475, 9.66402512859e-05, -0.000115519855171, 0.000177230569534, -7.64471042203e-05, 5.75303092774e-05, -0.000180178976734, 8.04385199444e-05, -7.5478387771e-06, 0.000164139593835], [-3.36640041496e-05, 0.00106328399852, 0.000349393347278, -0.000545009970665, -4.69236110803e-05, -2.01230195671e-05, -0.000302965112496, 0.000135169495479, -0.000143932862557, 0.000646626984235, -0.000272047967883, -8.44699097797e-05, -2.19971225306e-05], [-3.89520064346e-05, 0.000349393347278, 0.00205769133754, -0.000377769116312, -0.000621032202616, 0.000117996467452, -0.00123387319036, 0.00103391858283, -0.000882538501173, 0.000639314181171, 4.55550252809e-05, -0.000458394613815, -0.000182253905223], [-0.000122680241475, -0.000545009970665, -0.000377769116312, 0.00511753326282, -0.00122568185907, -0.000740931427572, 0.000651027134154, -0.00124259130098, 0.000242787908064, -0.000971992034465, 0.000965484650806, -0.000654525472783, -0.000782093906309], [9.66402512859e-05, -4.69236110803e-05, -0.000621032202616, -0.00122568185907, 0.00590861123055, -0.000614686287008, -0.000563876121305, -0.00053949264111, -0.000986559200101, -0.000290010095341, 0.000587830669247, -0.000925847503822, 8.03522707429e-05], [-0.000115519855171, -2.01230195671e-05, 0.000117996467452, -0.000740931427572, -0.000614686287008, 0.00862704124302, -0.00379008729942, -0.00024395386572, 0.000152059583343, -0.000924016756471, 0.000122061559523, -0.000659886864014, 0.000260870729107], [0.000177230569534, -0.000302965112496, -0.00123387319036, 0.000651027134154, -0.000563876121305, -0.00379008729942, 0.00917179044336, -0.00371016119607, 0.000588039751165, 0.000780270609539, -0.00246946560219, 0.00137524772435, -0.000224516566959], [-7.64471042203e-05, 0.000135169495479, 0.00103391858283, -0.00124259130098, -0.00053949264111, -0.00024395386572, -0.00371016119607, 0.0120388381183, -0.00359240313992, 0.000265046663117, 0.000620339647867, -0.00149777485058, -2.33592763834e-05], [5.75303092774e-05, -0.000143932862557, -0.000882538501173, 0.000242787908064, -0.000986559200101, 0.000152059583343, 0.000588039751165, -0.00359240313992, 0.01304272376, -0.0065218959935, 0.0011653349502, 0.00113733741455, -0.00176706979983], [-0.000180178976734, 0.000646626984235, 0.000639314181171, -0.000971992034465, -0.000290010095341, -0.000924016756471, 0.000780270609539, 0.000265046663117, -0.0065218959935, 0.0147667769343, -0.00661143427715, 0.0018429729389, 0.000853243400343], [8.04385199444e-05, -0.000272047967883, 4.55550252809e-05, 0.000965484650806, 0.000587830669247, 0.000122061559523, -0.00246946560219, 0.000620339647867, 0.0011653349502, -0.00661143427715, 0.016421770677, -0.00667246663943, 0.0032355717849], [-7.5478387771e-06, -8.44699097797e-05, -0.000458394613815, -0.000654525472783, -0.000925847503822, -0.000659886864014, 0.00137524772435, -0.00149777485058, 0.00113733741455, 0.0018429729389, -0.00667246663943, 0.0146930431947, -0.00632685469463], [0.000164139593835, -2.19971225306e-05, -0.000182253905223, -0.000782093906309, 8.03522707429e-05, 0.000260870729107, -0.000224516566959, -2.33592763834e-05, -0.00176706979983, 0.000853243400343, 0.0032355717849, -0.00632685469463, 0.0133397355676]], "mean": [-644.84765625, 110.878036499, 6.86610221863, 33.875289917, -5.62956476212, 7.74590015411, -12.1117591858, -1.78131330013, -0.796248733997, 2.23815131187, -3.3411822319, 0.800520658493, -3.75755620003]}, "pitch_salience": {"dmean": 0.0812561884522, "dmean2": 0.13326588273, "dvar": 0.00563332019374, "dvar2": 0.0150797786191, "max": 0.816874265671, "mean": 0.531204283237, "median": 0.541823863983, "min": 0.093163125217, "var": 0.0132461246103}, "silence_rate_20dB": {"dmean": 0, "dmean2": 0, "dvar": 0, "dvar2": 0, "max": 1, "mean": 1, "median": 1, "min": 1, "var": 0}, "silence_rate_30dB": {"dmean": 0.0215157736093, "dmean2": 0.0430367514491, "dvar": 0.0210510063916, "dvar2": 0.0554539486766, "max": 1, "mean": 0.985375881195, "median": 1, "min": 0, "var": 0.0144100245088}, "silence_rate_60dB": {"dmean": 0.00918650999665, "dmean2": 0.018375242129, "dvar": 0.00910166837275, "dvar2": 0.0194882396609, "max": 1, "mean": 0.0743292272091, "median": 0, "min": 0, "var": 0.0688037052751}, "spectral_centroid": {"dmean": 310.259124756, "dmean2": 480.667938232, "dvar": 122518.476562, "dvar2": 266811.71875, "max": 11021.1894531, "mean": 1386.39538574, "median": 1276.99694824, "min": 229.707138062, "var": 464977.1875}, "spectral_complexity": {"dmean": 3.21866321564, "dmean2": 4.97146987915, "dvar": 12.865029335, "dvar2": 27.7855644226, "max": 51, "mean": 17.6430988312, "median": 17, "min": 0, "var": 82.8294219971}, "spectral_contrast_coeffs": {"dmean": [0.054982278496, 0.0449820235372, 0.0377840101719, 0.0335780344903, 0.0252135749906, 0.0256594195962], "dmean2": [0.0893204137683, 0.0724009200931, 0.0602652654052, 0.0535219758749, 0.0401336587965, 0.0379833951592], "dvar": [0.00195529870689, 0.00134986301418, 0.000903915672097, 0.000784210918937, 0.000481366296299, 0.000538989203051], "dvar2": [0.00502834422514, 0.00345726660453, 0.00224276073277, 0.001797814155, 0.00113114644773, 0.00118515791837], "max": [-0.313843250275, -0.435182899237, -0.526946008205, -0.441688358784, -0.535023450851, -0.515881478786], "mean": [-0.60482853651, -0.722269773483, -0.750186443329, -0.756927967072, -0.778405606747, -0.718436419964], "median": [-0.603010296822, -0.724690914154, -0.752541840076, -0.762372851372, -0.779784679413, -0.716297507286], "min": [-0.951957404613, -0.962554693222, -0.969924449921, -0.963171899319, -0.959131360054, -0.960139453411], "var": [0.00740649597719, 0.00548159144819, 0.00419335253537, 0.00392708461732, 0.00236151996069, 0.00271867425181]}, "spectral_contrast_valleys": {"dmean": [0.457917362452, 0.348797649145, 0.311749279499, 0.279460906982, 0.283322036266, 0.451957315207], "dmean2": [0.73636931181, 0.557018101215, 0.49293166399, 0.430861324072, 0.414487242699, 0.556895911694], "dvar": [0.167964220047, 0.110271379352, 0.0896402299404, 0.0821832567453, 0.101243384182, 0.214676335454], "dvar2": [0.359350562096, 0.233500778675, 0.184560805559, 0.154804751277, 0.185957789421, 0.346479594707], "max": [-5.08193826675, -4.77893924713, -5.92390012741, -5.90179920197, -5.80580329895, -7.37105846405], "mean": [-7.47210264206, -6.71209573746, -7.77126216888, -8.04296112061, -7.6933093071, -10.2828865051], "median": [-7.19173240662, -6.46094608307, -7.52862024307, -7.80468654633, -7.49514245987, -10.0694437027], "min": [-27.5673503876, -27.0342330933, -27.1661682129, -27.0546512604, -27.3245811462, -27.2510280609], "var": [2.00670647621, 1.74502372742, 1.58937227726, 1.59149670601, 1.55053317547, 1.78398513794]}, "spectral_decrease": {"dmean": 3.20137849563e-09, "dmean2": 5.13523534806e-09, "dvar": 3.32141603302e-17, "dvar2": 8.69691277117e-17, "max": -1.81044147167e-16, "mean": -7.57953966257e-09, "median": -6.22472384748e-09, "min": -6.12453234794e-08, "var": 4.73828344722e-17}, "spectral_energy": {"dmean": 0.0124442204833, "dmean2": 0.0198248084635, "dvar": 0.000481795461383, "dvar2": 0.00125544925686, "max": 0.234468743205, "mean": 0.0305795986205, "median": 0.0254372656345, "min": 9.32264265785e-10, "var": 0.000714768597391}, "spectral_energyband_high": {"dmean": 0.000646076106932, "dmean2": 0.000960609933827, "dvar": 2.47534762821e-06, "dvar2": 4.94065807288e-06, "max": 0.0406661480665, "mean": 0.00128468929324, "median": 0.000626526889391, "min": 1.91585872167e-10, "var": 5.54196367375e-06}, "spectral_energyband_low": {"dmean": 0.00963307544589, "dmean2": 0.0162583887577, "dvar": 0.000494834035635, "dvar2": 0.00134121882729, "max": 0.222682356834, "mean": 0.0133818620816, "median": 0.00511117838323, "min": 4.68005911802e-10, "var": 0.000542228575796}, "spectral_energyband_middle_high": {"dmean": 0.00147198163904, "dmean2": 0.00214150641114, "dvar": 5.21293895872e-06, "dvar2": 1.01683381217e-05, "max": 0.0453616157174, "mean": 0.00451150676236, "median": 0.00242597702891, "min": 7.91110926768e-11, "var": 2.71932931355e-05}, "spectral_energyband_middle_low": {"dmean": 0.0046796281822, "dmean2": 0.00733776995912, "dvar": 3.24790162267e-05, "dvar2": 7.78994872235e-05, "max": 0.0700248107314, "mean": 0.0125494264066, "median": 0.0103728473186, "min": 2.81938101337e-11, "var": 9.44566563703e-05}, "spectral_entropy": {"dmean": 0.180914774537, "dmean2": 0.266790270805, "dvar": 0.0333851911128, "dvar2": 0.0700159594417, "max": 9.80428981781, "mean": 7.58753919601, "median": 7.63410234451, "min": 5.55588102341, "var": 0.136558398604}, "spectral_flux": {"dmean": 0.0289958715439, "dmean2": 0.0457511916757, "dvar": 0.0014490642352, "dvar2": 0.00301127508283, "max": 0.416401356459, "mean": 0.0910651236773, "median": 0.0794862285256, "min": 1.36775079227e-05, "var": 0.00350583973341}, "spectral_kurtosis": {"dmean": 1.25260138512, "dmean2": 2.09167075157, "dvar": 2.21278071404, "dvar2": 5.8560218811, "max": 34.3822250366, "mean": 2.44182229042, "median": 2.00214290619, "min": -1.20360541344, "var": 4.29588413239}, "spectral_rms": {"dmean": 0.000954596325755, "dmean2": 0.00145883718506, "dvar": 1.65840117461e-06, "dvar2": 3.95215465687e-06, "max": 0.015124483034, "mean": 0.00496615190059, "median": 0.00498165097088, "min": 9.53690800998e-07, "var": 5.17115631737e-06}, "spectral_rolloff": {"dmean": 578.678283691, "dmean2": 974.730529785, "dvar": 875530.4375, "dvar2": 2042519.75, "max": 9043.9453125, "mean": 1412.1394043, "median": 904.39453125, "min": 21.533203125, "var": 1797673}, "spectral_skewness": {"dmean": 0.22038602829, "dmean2": 0.347676962614, "dvar": 0.0483594462276, "dvar2": 0.117484711111, "max": 4.35263824463, "mean": 1.13429737091, "median": 1.10682940483, "min": -0.355734825134, "var": 0.156290918589}, "spectral_spread": {"dmean": 614652.25, "dmean2": 857482.6875, "dvar": 552482832384, "dvar2": 916105068544, "max": 40942292, "mean": 4680519, "median": 4403561, "min": 1688714.125, "var": 1889880637440.0}, "spectral_strongp