{"lowlevel": {"average_loudness": 0.768513977528, "barkbands": {"dmean": [6.54725363347e-06, 0.00193826342002, 0.000881173473317, 0.000402750534704, 0.000809214659967, 0.000699361437, 0.000278046907624, 0.000374786613975, 0.000244842784014, 0.000382527039619, 0.00190821103752, 0.000605589593761, 0.000299767765682, 0.000545012066141, 0.000547142524738, 0.000608265399933, 0.000323295971612, 0.000311430805596, 0.000246551295277, 0.000217576540308, 0.000145560159581, 0.00011478018132, 0.000256898842053, 0.000123244171846, 0.00016413629055, 5.96665558987e-05, 4.01994157073e-06], "dmean2": [1.01867808553e-05, 0.00337501359172, 0.00152827484999, 0.000722847064026, 0.00125592411496, 0.0010120770894, 0.000412775523728, 0.000529181503225, 0.000365329557098, 0.000598548271228, 0.00281919818372, 0.000919523066841, 0.000469138933113, 0.000869808543939, 0.00089024240151, 0.000981127726845, 0.000524860515725, 0.000509145553224, 0.000399011507398, 0.000353926996468, 0.000225276235142, 0.000163507982506, 0.00037510227412, 0.000168852609931, 0.000227297001402, 7.92921491666e-05, 5.60111038794e-06], "dvar": [1.87401177909e-10, 2.56666789937e-05, 4.51629193776e-06, 1.11656527224e-06, 1.95607140085e-06, 1.1914028164e-06, 2.24658407433e-07, 3.54571767502e-07, 1.92959319634e-07, 6.10759968822e-07, 1.56953028636e-05, 1.46322986438e-06, 4.47242342716e-07, 1.08328026727e-06, 1.28212423078e-06, 1.1254983292e-06, 3.48536559613e-07, 5.12487872584e-07, 1.87528669926e-07, 2.53805410466e-07, 1.08032388368e-07, 7.73827224521e-08, 2.67921819841e-07, 8.64465263817e-08, 1.28021213186e-07, 1.55916897171e-08, 8.82637504751e-11], "dvar2": [4.81813922093e-10, 7.6919735875e-05, 1.21851990116e-05, 3.20395065501e-06, 4.57523083242e-06, 2.75201205113e-06, 5.58845499654e-07, 7.61186186082e-07, 4.51525494327e-07, 1.54532347096e-06, 3.56951604772e-05, 3.28066698785e-06, 1.15453667604e-06, 2.76774903796e-06, 3.40334827342e-06, 2.78580955637e-06, 8.83412042185e-07, 1.29447732888e-06, 4.72984879707e-07, 5.9294688981e-07, 2.0617842722e-07, 1.34865089763e-07, 5.20603009591e-07, 1.66925204326e-07, 2.31849170973e-07, 2.40272051144e-08, 1.76098940985e-10], "max": [0.000281816173811, 0.0680859312415, 0.0222257860005, 0.0152306472883, 0.0403206683695, 0.025678684935, 0.00982433184981, 0.0125855719671, 0.0128789348528, 0.0155677776784, 0.0852535590529, 0.0287625659257, 0.0163037721068, 0.0264915283769, 0.0247789695859, 0.0234760977328, 0.0174110345542, 0.0290074720979, 0.00758477253839, 0.0150560857728, 0.0099572064355, 0.00832819286734, 0.0108320489526, 0.00564314424992, 0.00744587462395, 0.00277418526821, 0.000132382163429], "mean": [1.48327044371e-05, 0.00307867419906, 0.000920830061659, 0.000519306515343, 0.00153638003394, 0.00184389890637, 0.000656680844259, 0.000919218175113, 0.000459398521343, 0.000624501961283, 0.00327041023411, 0.000971173518337, 0.000508425524458, 0.000943471037317, 0.000934035808314, 0.00103146978654, 0.000604998902418, 0.000612762523815, 0.000527337891981, 0.000407132669352, 0.000312206655508, 0.00024390539329, 0.000454903231002, 0.000244534661761, 0.000306556234136, 0.000116906448966, 5.60988746656e-06], "median": [7.96656786406e-06, 0.0013438052265, 0.000328617286868, 0.000224984250963, 0.000824888062198, 0.000935498974286, 0.00037515477743, 0.00047282455489, 0.000238278938923, 0.00024592661066, 0.00115604209714, 0.000323484477121, 0.000234188206377, 0.000368410837837, 0.000424437050242, 0.000521713751368, 0.000321237399476, 0.000325663859257, 0.000288601964712, 0.000233632774325, 0.000145612342749, 7.64374417486e-05, 0.000140363466926, 8.39747663122e-05, 0.000103873739135, 4.36601039837e-05, 1.0867616993e-06], "min": [2.22053917065e-25, 1.16453421766e-24, 6.73854106444e-25, 1.13939637605e-24, 4.78200538769e-24, 6.78110592813e-24, 2.79946007943e-24, 6.67489527357e-24, 1.02802310019e-23, 1.07922175066e-23, 9.49855425291e-24, 3.4625493801e-23, 2.61961679299e-23, 3.67516254018e-23, 3.62660468048e-23, 3.4157569911e-23, 4.84923337621e-23, 6.299109864e-23, 1.14046693919e-22, 1.8546007548e-22, 2.37619621642e-22, 2.89044492176e-22, 3.84384681325e-22, 5.85848346434e-22, 8.92963887522e-22, 1.16508379181e-21, 1.90210484779e-21], "var": [4.09951600444e-10, 2.78081643046e-05, 3.59161981578e-06, 9.26991560846e-07, 4.82844825456e-06, 6.3994662014e-06, 6.76661102261e-07, 1.56295550369e-06, 4.68028076739e-07, 1.14031877274e-06, 3.53484938387e-05, 3.24203210766e-06, 7.66529637986e-07, 2.69289171229e-06, 2.47723778557e-06, 2.38370512307e-06, 8.02487420515e-07, 1.39465851134e-06, 5.17825810675e-07, 4.10253420569e-07, 2.78136866427e-07, 2.10761655239e-07, 5.64181050322e-07, 2.22092197077e-07, 3.4275683447e-07, 4.23277377593e-08, 1.42132694503e-10]}, "barkbands_crest": {"dmean": 2.30056238174, "dmean2": 3.7287569046, "dvar": 5.12942171097, "dvar2": 13.349395752, "max": 24.4368228912, "mean": 8.01588344574, "median": 7.12466955185, "min": 2.11096024513, "var": 13.9104232788}, "barkbands_flatness_db": {"dmean": 0.0157111156732, "dmean2": 0.0244354866445, "dvar": 0.000285498914309, "dvar2": 0.000694008602295, "max": 0.269057005644, "mean": 0.0892506465316, "median": 0.0834913849831, "min": 0.0165159627795, "var": 0.00118391134311}, "barkbands_kurtosis": {"dmean": 0.997288644314, "dmean2": 1.61986398697, "dvar": 4.27098941803, "dvar2": 11.8626890182, "max": 57.3263244629, "mean": 0.397680997849, "median": -0.290791034698, "min": -1.92044758797, "var": 7.65264368057}, "barkbands_skewness": {"dmean": 0.380749017, "dmean2": 0.590955376625, "dvar": 0.175981342793, "dvar2": 0.437655031681, "max": 7.49810695648, "mean": 0.522400140762, "median": 0.442398071289, "min": -2.38237404823, "var": 0.70415687561}, "barkbands_spread": {"dmean": 6.38228464127, "dmean2": 9.47440433502, "dvar": 50.30809021, "dvar2": 105.560531616, "max": 106.905479431, "mean": 32.8673400879, "median": 30.1675643921, "min": 2.35724878311, "var": 237.51399231}, "dissonance": {"dmean": 0.0136342700571, "dmean2": 0.0228481274098, "dvar": 0.000186578356079, "dvar2": 0.000508400436956, "max": 0.500000119209, "mean": 0.472680360079, "median": 0.477134346962, "min": 0.304623901844, "var": 0.000406188395573}, "dynamic_complexity": 2.9235522747, "erbbands": {"dmean": [0.0289083141834, 0.526128053665, 1.15773355961, 1.09704732895, 1.59169173241, 3.44548130035, 4.66137266159, 6.04605579376, 3.94154691696, 7.82076215744, 6.2165927887, 5.51150751114, 8.46598815918, 22.7281990051, 83.2181243896, 28.017911911, 15.3562021255, 29.9880409241, 24.7742233276, 31.4506282806, 19.7059803009, 17.2936229706, 14.4629163742, 14.7865934372, 11.4062261581, 10.4932079315, 7.79746341705, 4.21706199646, 3.99714612961, 7.29288816452, 6.71638298035, 2.64850997925, 2.63132739067, 2.08403205872, 0.845399677753, 0.351016938686, 0.0966345816851, 0.0129158394411, 0.000945368956309, 3.38947975251e-05], "dmean2": [0.0450871810317, 0.922986447811, 2.02774429321, 1.91897320747, 2.69976568222, 5.33869695663, 7.09264993668, 8.49020385742, 5.88383102417, 10.6867036819, 8.96630382538, 8.14376831055, 13.2452688217, 34.642868042, 122.527565002, 42.1336517334, 23.9159374237, 47.5488128662, 40.3167572021, 50.4207077026, 31.9625301361, 27.9984397888, 23.5045585632, 23.8910808563, 18.6784095764, 16.943775177, 12.1333780289, 6.44678974152, 5.80493021011, 10.8641748428, 9.76773738861, 3.53754496574, 3.71024703979, 2.94547605515, 1.11793553829, 0.464061290026, 0.125438094139, 0.0179913043976, 0.00130934815388, 4.5558452257e-05], "dvar": [0.00490859849378, 1.95147383213, 9.02907657623, 7.63624477386, 10.1859512329, 45.7753372192, 57.6662902832, 103.049278259, 70.7723846436, 178.683334351, 110.745132446, 119.648246765, 361.868560791, 2151.10839844, 33485.0976562, 2696.74389648, 1084.46435547, 3523.30541992, 3187.93579102, 2844.20751953, 1026.48266602, 883.274353027, 1220.43981934, 707.222045898, 416.808105469, 582.303588867, 329.021453857, 85.2758636475, 93.4314880371, 225.894287109, 191.232513428, 33.0703735352, 37.4487075806, 19.3098201752, 4.45864534378, 0.500570476055, 0.054891616106, 0.00165904359892, 5.12749465997e-06, 4.69406735704e-09], "dvar2": [0.0118445595726, 5.9178776741, 25.0173358917, 21.0103302002, 28.4787693024, 109.243301392, 137.198745728, 223.018920898, 194.595504761, 363.80166626, 225.990600586, 271.670410156, 941.059448242, 4994.49121094, 76192.9453125, 5972.12597656, 2798.36523438, 9072.09765625, 8607.82421875, 7157.10693359, 2674.62329102, 2254.56933594, 3061.90136719, 1810.44104004, 1064.41259766, 1346.94287109, 641.15045166, 163.580673218, 170.135528564, 410.112060547, 383.036315918, 57.3309364319, 75.2181777954, 36.5621147156, 7.72875261307, 0.838838875294, 0.0805681347847, 0.00257771089673, 1.05067138065e-05, 9.09839670271e-09], "max": [1.59402883053, 18.8922367096, 34.8796958923, 38.9002227783, 60.1998176575, 174.641983032, 145.708129883, 278.736907959, 184.628982544, 332.239227295, 386.334289551, 410.231414795, 498.643585205, 1250.37536621, 3983.84228516, 1307.84094238, 878.680969238, 1579.5534668, 1597.09338379, 1029.3494873, 553.880371094, 831.40020752, 1520.09118652, 677.718811035, 407.44720459, 683.389282227, 509.557220459, 252.388076782, 289.978851318, 363.312072754, 280.370880127, 183.699478149, 93.7093276978, 79.4102706909, 54.549041748, 20.6564407349, 4.87386465073, 0.781584322453, 0.0315092392266, 0.000947283639107], "mean": [0.0627182722092, 0.769070327282, 1.30469346046, 1.3568700552, 2.84282255173, 5.99915790558, 9.28937244415, 16.7492237091, 9.68331050873, 20.0062217712, 13.9328699112, 11.0542478561, 14.1840085983, 41.316947937, 143.39654541, 51.3525428772, 29.1625766754, 53.5206069946, 46.2099990845, 57.8083877563, 38.0168685913, 35.5014839172, 29.9659633636, 31.48188591, 23.7386035919, 20.0147380829, 16.5616455078, 9.21336841583, 8.59362697601, 13.7139377594, 11.5051336288, 5.2451467514, 4.83180379868, 3.87198734283, 1.65450716019, 0.706485331059, 0.170969203115, 0.0214602798223, 0.00129662931431, 7.31424079277e-05], "median": [0.0262177642435, 0.319666028023, 0.478864490986, 0.667566597462, 1.59718751907, 2.72179269791, 4.96907043457, 7.44710159302, 5.28691291809, 9.00079154968, 7.7371711731, 5.59797286987, 6.45701217651, 16.9916934967, 46.128742218, 22.1503162384, 16.2021923065, 21.1219291687, 24.1076774597, 32.2879638672, 22.7412567139, 20.0783843994, 15.9300422668, 17.1640319824, 13.4568710327, 11.780497551, 8.20428276062, 4.1537694931, 2.75256252289, 4.02135848999, 3.66205406189, 1.87928771973, 1.56705498695, 1.36000692844, 0.557276070118, 0.269527882338, 0.0558477267623, 0.00518522411585, 0.000257577601587, 4.17413029936e-05], "min": [6.67561802793e-23, 2.93196702572e-22, 8.23526911763e-22, 4.46928108343e-21, 1.36171134829e-20, 7.11139047177e-21, 4.83081394108e-20, 5.23107694597e-20, 1.323663205e-19, 1.15754982836e-19, 2.28456738634e-19, 3.28608277534e-19, 4.45563990578e-19, 3.51227117794e-19, 8.44019579982e-19, 1.2492585157e-18, 1.57663426827e-18, 1.46317310897e-18, 2.89598455356e-18, 3.05756952993e-18, 3.47806741471e-18, 3.42865350607e-18, 3.92169719852e-18, 5.77265609417e-18, 5.56452008126e-18, 7.65927557321e-18, 9.81042244906e-18, 1.01927982677e-17, 9.3310324066e-18, 9.75764005418e-18, 1.21642351924e-17, 1.14352806233e-17, 9.32474252522e-18, 8.80151439184e-18, 6.00811801862e-18, 3.83539537726e-18, 2.085520434e-18, 9.83757113715e-19, 2.490124612e-19, 2.66072240615e-20], "var": [0.0100302053615, 1.89722311497, 7.27879571915, 5.99991893768, 15.7976064682, 101.339439392, 155.216049194, 675.637756348, 187.459213257, 933.52545166, 375.711364746, 317.770294189, 544.441711426, 4905.70507812, 75262.921875, 6840.80224609, 1948.48608398, 9164.15625, 6037.10595703, 6046.45703125, 2256.64233398, 2411.00512695, 3355.01708984, 1979.11828613, 975.873840332, 953.828430176, 759.315063477, 233.342391968, 275.722961426, 532.137145996, 381.93560791, 93.212387085, 84.7690353394, 50.1198120117, 12.9332532883, 1.53594386578, 0.125444069505, 0.00324403587729, 7.7085560406e-06, 8.84688944325e-09]}, "erbbands_crest": {"dmean": 2.78348016739, "dmean2": 4.41286182404, "dvar": 7.10567331314, "dvar2": 16.6191425323, "max": 32.8237762451, "mean": 9.37557315826, "median": 8.08347702026, "min": 2.2806854248, "var": 23.3152008057}, "erbbands_flatness_db": {"dmean": 0.0154280140996, "dmean2": 0.0219654105604, "dvar": 0.000213245337363, "dvar2": 0.000395703711547, "max": 0.322668761015, "mean": 0.144252434373, "median": 0.139276891947, "min": 0.0383361503482, "var": 0.00152601790614}, "erbbands_kurtosis": {"dmean": 0.884616732597, "dmean2": 1.36506533623, "dvar": 1.45550870895, "dvar2": 3.31665635109, "max": 29.4172382355, "mean": 0.729840040207, "median": 0.234152376652, "min": -1.80473732948, "var": 3.72462558746}, "erbbands_skewness": {"dmean": 0.311490058899, "dmean2": 0.467747122049, "dvar": 0.0792078971863, "dvar2": 0.175761222839, "max": 4.19251823425, "mean": 0.0718425288796, "median": 0.0813047662377, "min": -3.2304251194, "var": 0.433073580265}, "erbbands_spread": {"dmean": 7.12967920303, "dmean2": 10.6306343079, "dvar": 53.2953033447, "dvar2": 117.335708618, "max": 154.42237854, "mean": 33.9847373962, "median": 31.4363899231, "min": 2.54545664787, "var": 272.301300049}, "gfcc": {"cov": [[19218.6445312, 8.09894371033, -1464.11413574, 331.895477295, -745.567871094, 352.155822754, -507.633605957, 204.876800537, -382.9012146, 142.247421265, -207.35256958, 188.818572998, -149.583236694], [8.09894371033, 1080.78417969, -224.827346802, 23.2815113068, 121.061386108, 6.35590076447, 133.558425903, -51.3886451721, 79.6597900391, 10.8924398422, 127.573707581, 10.6433515549, 76.7158203125], [-1464.11413574, -224.827346802, 716.839111328, 161.637298584, 104.30128479, 76.9645080566, 13.7538442612, 42.608833313, 44.4921569824, -18.0608577728, -10.8169155121, -10.2375898361, -23.900384903], [331.895477295, 23.2815113068, 161.637298584, 335.154876709, 47.0708389282, 39.6116104126, 6.65568494797, 43.3165855408, 40.9838447571, -2.5835750103, -8.22488021851, 4.96685552597, 14.0313596725], [-745.567871094, 121.061386108, 104.30128479, 47.0708389282, 241.885498047, 39.8011665344, 57.9610481262, 54.0613632202, 25.2265472412, 10.568977356, 24.3848972321, -6.30400562286, 27.3975658417], [352.155822754, 6.35590076447, 76.9645080566, 39.6116104126, 39.8011665344, 180.101074219, 60.5755615234, 6.99549341202, 20.2908935547, 17.417552948, 7.73216056824, 0.48217022419, -8.80753612518], [-507.633605957, 133.558425903, 13.7538442612, 6.65568494797, 57.9610481262, 60.5755615234, 193.399642944, 4.80505132675, 65.1880569458, 14.0794153214, 46.983089447, 14.9189023972, 7.6951789856], [204.876800537, -51.3886451721, 42.608833313, 43.3165855408, 54.0613632202, 6.99549341202, 4.80505132675, 163.171173096, 3.63273262978, 14.5998353958, 4.04228162766, 2.63888430595, 10.316444397], [-382.9012146, 79.6597900391, 44.4921569824, 40.9838447571, 25.2265472412, 20.2908935547, 65.1880569458, 3.63273262978, 138.942092896, 28.7193450928, 25.1644306183, 9.56091308594, 2.81644463539], [142.247421265, 10.8924398422, -18.0608577728, -2.5835750103, 10.568977356, 17.417552948, 14.0794153214, 14.5998353958, 28.7193450928, 73.0047073364, 26.2008304596, 5.27137136459, -1.68539631367], [-207.35256958, 127.573707581, -10.8169155121, -8.22488021851, 24.3848972321, 7.73216056824, 46.983089447, 4.04228162766, 25.1644306183, 26.2008304596, 86.4839477539, 28.5380954742, 17.9710063934], [188.818572998, 10.6433515549, -10.2375898361, 4.96685552597, -6.30400562286, 0.48217022419, 14.9189023972, 2.63888430595, 9.56091308594, 5.27137136459, 28.5380954742, 72.9965133667, 27.2495193481], [-149.583236694, 76.7158203125, -23.900384903, 14.0313596725, 27.3975658417, -8.80753612518, 7.6951789856, 10.316444397, 2.81644463539, -1.68539631367, 17.9710063934, 27.2495193481, 71.7337036133]], "icov": [[0.000143400582601, -0.000132689747261, 0.000318869220791, -0.000280987034785, 0.000359136844054, -0.000531823199708, 0.000359805795597, -0.000348264409695, 0.00033245261875, -0.000343044172041, 0.000448271312052, -0.000712971261237, 0.000548580952454], [-0.000132689747261, 0.00169115571771, 0.000346784101566, -9.50943795033e-05, -0.00101617944892, 0.000493415049277, -0.000642800878268, 0.00101791915949, -0.000891380419489, 0.0011548754992, -0.00259075313807, 0.00177793588955, -0.00154410977848], [0.000318869220791, 0.000346784101566, 0.00276728020981, -0.00142561574467, -0.000190178136108, -0.00174466404133, 0.00106253323611, -0.000665730854962, -2.86621507257e-05, 0.000464607088361, 4.94324522151e-05, -0.00132329843473, 0.00183744216338], [-0.000280987034785, -9.50943795033e-05, -0.00142561574467, 0.00429722014815, -0.000687136140186, 0.000451457279269, -0.000231337398873, -0.000182102274266, -0.00161260040477, 0.000871349591762, 0.00024279243371, 0.000954150978941, -0.00177038693801], [0.000359136844054, -0.00101617944892, -0.000190178136108, -0.000687136140186, 0.00681755784899, -0.00183987244964, -0.000229381985264, -0.00257978891023, 0.00117700139526, -0.00146703177597, 0.00109196803533, -0.000193026513443, -0.000808367563877], [-0.000531823199708, 0.000493415049277, -0.00174466404133, 0.000451457279269, -0.00183987244964, 0.00888342875987, -0.00364062935114, 0.00161095848307, -0.000485297612613, -0.000654166215099, -0.00075202062726, 0.00228597223759, -0.00103026872966], [0.000359805795597, -0.000642800878268, 0.00106253323611, -0.000231337398873, -0.000229381985264, -0.00364062935114, 0.00894106272608, -0.000968717213254, -0.00222774711438, 0.00073791766772, -0.00174307823181, -0.00231654779054, 0.00207925564609], [-0.000348264409695, 0.00101791915949, -0.000665730854962, -0.000182102274266, -0.00257978891023, 0.00161095848307, -0.000968717213254, 0.00812789890915, -0.000493855506647, -0.000523015041836, -0.0015684873797, 0.00187764782459, -0.00219614244998], [0.00033245261875, -0.000891380419489, -2.86621507257e-05, -0.00161260040477, 0.00117700139526, -0.000485297612613, -0.00222774711438, -0.000493855506647, 0.0108414664865, -0.00473619438708, 0.00161348376423, -0.00239829299971, 0.00172318448313], [-0.000343044172041, 0.0011548754992, 0.000464607088361, 0.000871349591762, -0.00146703177597, -0.000654166215099, 0.00073791766772, -0.000523015041836, -0.00473619438708, 0.0190587006509, -0.00757003063336, 0.00266348314472, 2.84254856524e-05], [0.000448271312052, -0.00259075313807, 4.94324522151e-05, 0.00024279243371, 0.00109196803533, -0.00075202062726, -0.00174307823181, -0.0015684873797, 0.00161348376423, -0.00757003063336, 0.0217747576535, -0.00893245171756, 0.0012744651176], [-0.000712971261237, 0.00177793588955, -0.00132329843473, 0.000954150978941, -0.000193026513443, 0.00228597223759, -0.00231654779054, 0.00187764782459, -0.00239829299971, 0.00266348314472, -0.00893245171756, 0.0227249357849, -0.00992081314325], [0.000548580952454, -0.00154410977848, 0.00183744216338, -0.00177038693801, -0.000808367563877, -0.00103026872966, 0.00207925564609, -0.00219614244998, 0.00172318448313, 2.84254856524e-05, 0.0012744651176, -0.00992081314325, 0.0213516168296]], "mean": [18.3343448639, 55.5606994629, -125.007919312, 26.7818450928, -55.4497184753, 22.0179672241, -43.5283622742, 11.4918632507, -28.7977466583, 7.05850315094, -11.5189943314, 8.35894966125, -9.11528396606]}, "hfc": {"dmean": 9.72107696533, "dmean2": 13.2996139526, "dvar": 179.604721069, "dvar2": 320.715332031, "max": 223.294021606, "mean": 33.2864151001, "median": 26.9689826965, "min": 1.05902815477e-16, "var": 723.364501953}, "melbands": {"dmean": [0.000406280392781, 0.000657961296383, 0.000198895155336, 0.00016410407261, 0.000166697951499, 0.000134045039886, 5.89582159591e-05, 8.72748350957e-05, 4.96045468026e-05, 3.54857074853e-05, 4.10593820561e-05, 7.50891631469e-05, 0.000277880550129, 9.93728026515e-05, 4.41673219029e-05, 3.16878649755e-05, 6.32905139355e-05, 3.7011832319e-05, 4.19394636992e-05, 5.52474084543e-05, 2.12605900742e-05, 2.03232448257e-05, 1.79577255039e-05, 1.19705291581e-05, 1.3031492017e-05, 1.02280309875e-05, 7.95995947556e-06, 7.52144842409e-06, 5.57128987566e-06, 3.76083062292e-06, 2.38322058976e-06, 2.2359254217e-06, 2.68286589744e-06, 5.1998363233e-06, 4.27473651143e-06, 2.6694360713e-06, 1.44245029787e-06, 1.66790846379e-06, 2.56414318756e-06, 1.5191909597e-06], "dmean2": [0.000687367864884, 0.0011525824666, 0.000344406551449, 0.000260543340119, 0.00025181795354, 0.000190826234757, 8.7329375674e-05, 0.000119576863653, 7.16958893463e-05, 5.2942923503e-05, 6.44362953608e-05, 0.000116386989248, 0.000408654246712, 0.0001497145131, 6.82344980305e-05, 4.94318337587e-05, 0.000100723482319, 6.03923253948e-05, 6.78147771396e-05, 8.90858500497e-05, 3.52676834154e-05, 3.31925148203e-05, 2.94205747196e-05, 1.94798631128e-05, 2.12346822082e-05, 1.68840215338e-05, 1.33176426971e-05, 1.21836637845e-05, 8.80770949152e-06, 5.90036916037e-06, 3.71266264665e-06, 3.37439155373e-06, 3.87145610148e-06, 7.98580731498e-06, 6.35851074549e-06, 3.85458452001e-06, 2.00269278139e-06, 2.45297360379e-06, 3.83279348171e-06, 2.15070031118e-06], "dvar": [1.05007109141e-06, 2.88375554192e-06, 2.09808831642e-07, 8.59054978264e-08, 6.97808175687e-08, 4.82140833924e-08, 1.38752707102e-08, 2.26591723163e-08, 8.13560152579e-09, 4.83718132216e-09, 8.97896601515e-09, 3.19752935241e-08, 3.56615856845e-07, 3.4917761127e-08, 5.75275826975e-09, 5.63815572008e-09, 1.67728355649e-08, 8.1286746223e-09, 7.00714286594e-09, 1.05973656517e-08, 1.65839642019e-09, 1.37315536719e-09, 2.48807929815e-09, 4.41080533209e-10, 5.76577674494e-10, 4.31287144886e-10, 2.66378336056e-10, 3.09939712784e-10, 1.83351861471e-10, 6.84799647543e-11, 2.69360072441e-11, 2.70534046554e-11, 4.71225836129e-11, 1.08376120578e-10, 7.87237566802e-11, 3.27036904502e-11, 1.13588236039e-11, 1.87066872409e-11, 3.0640791987e-11, 1.10326140584e-11], "dvar2": [2.99457292385e-06, 8.33599278849e-06, 5.76639649807e-07, 2.12650505205e-07, 1.62174401908e-07, 1.09003600812e-07, 3.67485739616e-08, 4.64832510261e-08, 1.60572977137e-08, 1.11185158858e-08, 2.34312693692e-08, 7.49182476056e-08, 8.06859077329e-07, 7.91595908822e-08, 1.35744366858e-08, 1.43929463903e-08, 4.33756106588e-08, 2.17176676642e-08, 1.8240847055e-08, 2.59780641443e-08, 4.46289849521e-09, 3.56342066965e-09, 6.46277076299e-09, 1.1116625398e-09, 1.4944978588e-09, 1.14358089665e-09, 6.88954227002e-10, 7.14507730759e-10, 3.81395887095e-10, 1.38778794012e-10, 5.83985221292e-11, 5.41276745647e-11, 8.30620919268e-11, 2.16674886366e-10, 1.61246960229e-10, 6.59512930379e-11, 2.21029566178e-11, 4.15924655828e-11, 6.28967364302e-11, 2.0708245882e-11], "max": [0.0162731278688, 0.0224808752537, 0.0062044262886, 0.00848948583007, 0.00554394256324, 0.00565282488242, 0.00240523531102, 0.00372772570699, 0.00366663490422, 0.00253933900967, 0.00241355784237, 0.00466621713713, 0.0129618933424, 0.00469180662185, 0.00131124118343, 0.00187325582374, 0.00344970100559, 0.00281653273851, 0.00188107858412, 0.00239785877056, 0.000895677774679, 0.00086433213437, 0.00208866549656, 0.000649784633424, 0.000574350473471, 0.000520203087945, 0.000298543192912, 0.000557521765586, 0.000400972669013, 0.000269570184173, 0.000126490922412, 0.00014739263861, 0.000203663716093, 0.000238234482822, 0.000183264361112, 0.00019005392096, 0.000106852421595, 7.82711358625e-05, 8.03435686976e-05, 6.95843264111e-05], "mean": [0.000739014823921, 0.000840823340695, 0.00028266289155, 0.000306369358441, 0.000332494761096, 0.000365303567378, 0.000144442383316, 0.000220903733862, 0.000103130441858, 6.77237039781e-05, 6.36831682641e-05, 0.000124686193885, 0.000472755287774, 0.000185957876965, 7.75279695517e-05, 5.56650084036e-05, 0.000106454674096, 6.39231584501e-05, 7.06979408278e-05, 8.91628369573e-05, 3.58595170837e-05, 3.75613381038e-05, 3.29954018525e-05, 2.34543440456e-05, 2.58326108451e-05, 1.96832279471e-05, 1.3727143596e-05, 1.33317771542e-05, 1.10468063212e-05, 7.30219198886e-06, 4.69719361718e-06, 4.41555903308e-06, 5.31140858584e-06, 8.98760845303e-06, 7.0352534749e-06, 4.53109532828e-06, 2.69603401648e-06, 2.98832969747e-06, 4.24530981036e-06, 2.88455021291e-06], "median": [0.00032581348205, 0.000352345465217, 0.000151890330017, 0.000166638303199, 0.000186354125617, 0.000173762571649, 7.54227512516e-05, 9.97997995e-05, 5.33937782166e-05, 3.29386275553e-05, 2.34260660363e-05, 3.31889823428e-05, 0.000151698564878, 7.29695311747e-05, 4.15255199187e-05, 2.50527482422e-05, 3.33116186084e-05, 2.91356518574e-05, 3.37415476679e-05, 3.99659511459e-05, 1.8154605641e-05, 1.97054723685e-05, 1.56298010552e-05, 1.31758188218e-05, 1.34372057801e-05, 1.0065211427e-05, 7.79560650699e-06, 7.66196899349e-06, 5.32910871698e-06, 3.31265437126e-06, 1.97522695089e-06, 1.41594750858e-06, 1.48370338593e-06, 2.52511608778e-06, 2.15065210796e-06, 1.61160892276e-06, 8.84865642092e-07, 9.24505798139e-07, 1.32607988235e-06, 1.0429341728e-06], "min": [1.16877434502e-24, 8.16969498388e-25, 1.43534779984e-24, 7.9506179567e-25, 1.37576257187e-24, 1.30634932031e-24, 1.82346065989e-24, 1.03418284168e-24, 1.36267773603e-24, 1.82368035765e-24, 2.15554999896e-24, 8.48007132097e-25, 1.89016575196e-24, 3.26241315963e-24, 1.98718223266e-24, 2.54222101849e-24, 2.49703940457e-24, 4.63347628987e-24, 2.55796116013e-24, 2.26813938279e-24, 3.63399307283e-24, 2.3462247795e-24, 4.25086179033e-24, 3.85853286317e-24, 4.26346108228e-24, 4.06502509372e-24, 3.47865807755e-24, 4.01767884548e-24, 4.87156752727e-24, 4.91895913502e-24, 5.64629362279e-24, 5.26568756312e-24, 5.27030910473e-24, 5.01401371865e-24, 5.4546311884e-24, 6.10147267599e-24, 6.48716728294e-24, 6.50894891582e-24, 6.22834241437e-24, 6.90906153354e-24], "var": [1.4653389826e-06, 2.49178060585e-06, 1.9101962323e-07, 1.91212180312e-07, 1.84780816426e-07, 2.89187397584e-07, 4.12913792047e-08, 1.15014046287e-07, 2.66930051396e-08, 1.23334231716e-08, 1.34493829407e-08, 6.93864024015e-08, 8.02481338269e-07, 9.31979826646e-08, 1.13729505813e-08, 9.8723900166e-09, 4.20972234849e-08, 1.45463809886e-08, 1.27340742395e-08, 2.17464517505e-08, 3.01232816469e-09, 3.02234548499e-09, 5.98278093733e-09, 1.19930632092e-09, 1.44728862228e-09, 9.21000109511e-10, 3.73320707681e-10, 4.93053653461e-10, 3.75041581124e-10, 1.57518637023e-10, 6.49574699585e-11, 7.22050960689e-11, 1.14728899991e-10, 2.24879836974e-10, 1.50131435062e-10, 6.68639935086e-11, 2.87304069424e-11, 3.72296776741e-11, 6.06642514001e-11, 3.01990828178e-11]}, "melbands_crest": {"dmean": 2.86720705032, "dmean2": 4.69516324997, "dvar": 8.03527069092, "dvar2": 20.8776741028, "max": 30.4238204956, "mean": 11.1923484802, "median": 10.3088731766, "min": 1.54746341705, "var": 20.9956645966}, "melbands_flatness_db": {"dmean": 0.0208186171949, "dmean2": 0.0323708541691, "dvar": 0.000573153316509, "dvar2": 0.00140533293597, "max": 0.379368782043, "mean": 0.129747211933, "median": 0.124384857714, "min": 0.00318276253529, "var": 0.00252616964281}, "melbands_kurtosis": {"dmean": 2.96991348267, "dmean2": 4.9288020134, "dvar": 68.0536270142, "dvar2": 197.982147217, "max": 363.133331299, "mean": 4.19449853897, "median": 1.67259466648, "min": -1.83760917187, "var": 105.712867737}, "melbands_skewness": {"dmean": 0.523183643818, "dmean2": 0.825154840946, "dvar": 0.408995002508, "dvar2": 1.07705008984, "max": 16.8988552094, "mean": 1.48504698277, "median": 1.30053257942, "min": -1.96954405308, "var": 1.5103225708}, "melbands_spread": {"dmean": 10.5239276886, "dmean2": 16.0050125122, "dvar": 166.226470947, "dvar2": 348.705078125, "max": 228.696060181, "mean": 44.3395690918, "median": 39.3796005249, "min": 2.01548361778, "var": 642.765380859}, "mfcc": {"cov": [[7820.58447266, 130.183395386, -203.481292725, 8.45845508575, -44.5159111023, 14.5925655365, -3.04137635231, 40.4570198059, 3.95915102959, -46.3292160034, -33.5019073486, -9.00133800507, 121.024551392], [130.183395386, 963.798034668, -193.070388794, 33.963432312, 12.6697759628, 61.2849960327, 77.2509918213, 11.6124248505, -25.0346374512, 12.6218976974, 11.139547348, 51.1218070984, 72.0648498535], [-203.481292725, -193.070388794, 486.397491455, 77.7988128662, 92.9708175659, 74.3241577148, -10.097782135, 51.758846283, 16.698091507, 21.7259178162, 24.1997699738, -5.47894096375, 0.805198431015], [8.45845508575, 33.963432312, 77.7988128662, 262.246429443, 86.3991165161, 12.0680027008, 13.3368873596, 46.0072784424, 34.0211982727, 19.1349258423, 6.59621810913, 16.297454834, 2.15714550018], [-44.5159111023, 12.6697759628, 92.9708175659, 86.3991165161, 224.320770264, -5.56081676483, 47.6353340149, 29.194196701, 26.712015152, 43.3745994568, -3.24494934082, -14.4880666733, -17.0276489258], [14.5925655365, 61.2849960327, 74.3241577148, 12.0680027008, -5.56081676483, 210.937133789, 20.8511581421, 25.0933456421, 13.7601413727, 2.46425533295, 39.40442276, 13.4485521317, 37.7260055542], [-3.04137635231, 77.2509918213, -10.097782135, 13.3368873596, 47.6353340149, 20.8511581421, 142.529159546, 40.3468399048, 5.9557094574, 41.0694580078, 5.8546667099, -2.76982522011, 11.1942768097], [40.4570198059, 11.6124248505, 51.758846283, 46.0072784424, 29.194196701, 25.0933456421, 40.3468399048, 102.722755432, 44.5153579712, 14.4461631775, 14.4092655182, 18.8036365509, 24.7690944672], [3.95915102959, -25.0346374512, 16.698091507, 34.0211982727, 26.712015152, 13.7601413727, 5.9557094574, 44.5153579712, 86.8556594849, 31.3795013428, 17.4386863708, 8.22583293915, 3.61501741409], [-46.3292160034, 12.6218976974, 21.7259178162, 19.1349258423, 43.3745994568, 2.46425533295, 41.0694580078, 14.4461631775, 31.3795013428, 100.693260193, 30.7903633118, -10.5307970047, -3.9130358696], [-33.5019073486, 11.139547348, 24.1997699738, 6.59621810913, -3.24494934082, 39.40442276, 5.8546667099, 14.4092655182, 17.4386863708, 30.7903633118, 77.2404174805, 36.0867614746, 14.4791975021], [-9.00133800507, 51.1218070984, -5.47894096375, 16.297454834, -14.4880666733, 13.4485521317, -2.76982522011, 18.8036365509, 8.22583293915, -10.5307970047, 36.0867614746, 105.566101074, 45.3392791748], [121.024551392, 72.0648498535, 0.805198431015, 2.15714550018, -17.0276489258, 37.7260055542, 11.1942768097, 24.7690944672, 3.61501741409, -3.9130358696, 14.4791975021, 45.3392791748, 90.5267486572]], "icov": [[0.000134096670081, 4.96889015267e-06, 7.08417865098e-05, -2.25051007874e-05, -1.32079658215e-05, 1.53620783294e-06, 3.60612648365e-05, -6.61419690005e-05, 3.01675936498e-06, 5.18597225891e-05, 7.22884487914e-06, 0.000131443957798, -0.000237676096731], [4.96889015267e-06, 0.0013474537991, 0.000692265573889, -0.000277360901237, -0.000284160021693, -0.000504157796968, -0.000353366194759, -9.46909640334e-05, 0.000752662832383, -0.00032828503754, 0.000179431764991, -0.00037680848618, -0.000736814516131], [7.08417865098e-05, 0.000692265573889, 0.00304984045215, -0.000442258053226, -0.0012180901831, -0.00118701439351, 0.00109804223757, -0.00171728665009, 0.0014202526072, -0.000587705930229, -0.000364755629562, 0.000265844661044, -0.000219660665607], [-2.25051007874e-05, -0.000277360901237, -0.000442258053226, 0.00484289228916, -0.00149583688471, -6.84798142174e-05, 0.00056983937975, -0.00139731483068, -0.000707190018147, -0.000207187520573, 0.000530748104211, -0.000987369450741, 0.000627357978374], [-1.32079658215e-05, -0.000284160021693, -0.0012180901831, -0.00149583688471, 0.00643799826503, 0.000556221115403, -0.00176402332727, 0.000276510749245, -0.00110185332596, -0.00151484005619, 0.00123167375568, 2.86297399725e-05, 0.0011791640427], [1.53620783294e-06, -0.000504157796968, -0.00118701439351, -6.84798142174e-05, 0.000556221115403, 0.00646457029507, -0.00121714733541, 0.000448277132818, -0.00129390344955, 0.00204895599745, -0.00381116592325, 0.00196671904996, -0.00238528242335], [3.60612648365e-05, -0.000353366194759, 0.00109804223757, 0.00056983937975, -0.00176402332727, -0.00121714733541, 0.0106057431549, -0.00521550001577, 0.00351551850326, -0.00458922749385, 0.00139903812669, 0.000101930294477, -0.00011285868095], [-6.61419690005e-05, -9.46909640334e-05, -0.00171728665009, -0.00139731483068, 0.000276510749245, 0.000448277132818, -0.00521550001577, 0.0174032058567, -0.00855506863445, 0.00285445083864, -0.000804355950095, -0.000487894692924, -0.00320117664523], [3.01675936498e-06, 0.000752662832383, 0.0014202526072, -0.000707190018147, -0.00110185332596, -0.00129390344955, 0.00351551850326, -0.00855506863445, 0.0185882970691, -0.00575778912753, -0.000197480418137, -0.00101763405837, 0.00118911196478], [5.18597225891e-05, -0.00032828503754, -0.000587705930229, -0.000207187520573, -0.00151484005619, 0.00204895599745, -0.00458922749385, 0.00285445083864, -0.00575778912753, 0.0170400701463, -0.00844647176564, 0.00458864541724, -0.00113088474609], [7.22884487914e-06, 0.000179431764991, -0.000364755629562, 0.000530748104211, 0.00123167375568, -0.00381116592325, 0.00139903812669, -0.000804355950095, -0.000197480418137, -0.00844647176564, 0.0220837574452, -0.00865184888244, 0.00214890926145], [0.000131443957798, -0.00037680848618, 0.000265844661044, -0.000987369450741, 2.86297399725e-05, 0.00196671904996, 0.000101930294477, -0.000487894692924, -0.00101763405837, 0.00458864541724, -0.00865184888244, 0.016191387549, -0.00703441165388], [-0.000237676096731, -0.000736814516131, -0.000219660665607, 0.000627357978374, 0.0011791640427, -0.00238528242335, -0.00011285868095, -0.00320117664523, 0.00118911196478, -0.00113088474609, 0.00214890926145, -0.00703441165388, 0.0171264596283]], "mean": [-616.765625, 89.4357452393, -9.26001548767, 10.9537849426, 8.91470623016, 4.98671483994, 2.67954397202, 1.83585441113, -6.18258571625, -1.03729891777, -5.09964132309, 0.0475847385824, 9.54027080536]}, "pitch_salience": {"dmean": 0.0614749267697, "dmean2": 0.100145921111, "dvar": 0.00354967964813, "dvar2": 0.00931384786963, "max": 0.849756538868, "mean": 0.569310426712, "median": 0.575219869614, "min": 0.13667075336, "var": 0.0104570714757}, "silence_rate_20dB": {"dmean": 0, "dmean2": 0, "dvar": 0, "dvar2": 0, "max": 1, "mean": 1, "median": 1, "min": 1, "var": 0}, "silence_rate_30dB": {"dmean": 0, "dmean2": 0, "dvar": 0, "dvar2": 0, "max": 1, "mean": 1, "median": 1, "min": 1, "var": 0}, "silence_rate_60dB": {"dmean": 0.00727815600112, "dmean2": 0.0145576708019, "dvar": 0.00722518470138, "dvar2": 0.0171452965587, "max": 1, "mean": 0.0437581650913, "median": 0, "min": 0, "var": 0.0418433882296}, "spectral_centroid": {"dmean": 247.359039307, "dmean2": 374.821533203, "dvar": 87469.0234375, "dvar2": 185698.171875, "max": 11796.5820312, "mean": 1990.80627441, "median": 1875.90698242, "min": 329.457702637, "var": 1143726.125}, "spectral_complexity": {"dmean": 3.97835206985, "dmean2": 6.04591274261, "dvar": 19.8321342468, "dvar2": 40.696472168, "max": 61, "mean": 24.3746032715, "median": 23, "min": 0, "var": 123.510635376}, "spectral_contrast_coeffs": {"dmean": [0.0451970100403, 0.0393071621656, 0.0404976569116, 0.0318452455103, 0.0208954047412, 0.0157172996551], "dmean2": [0.073424063623, 0.0629969537258, 0.0636479407549, 0.0519010536373, 0.0343321487308, 0.0245434008539], "dvar": [0.00143341696821, 0.00102217053063, 0.00107354379725, 0.000676132389344, 0.000312754767947, 0.000211032296647], "dvar2": [0.0037286914885, 0.00262707122602, 0.00262072007172, 0.00168703263626, 0.000773366889916, 0.000459587288788], "max": [-0.326595127583, -0.440647542477, -0.417761981487, -0.489992231131, -0.624740421772, -0.630847334862], "mean": [-0.673076093197, -0.713501095772, -0.718255579472, -0.744439482689, -0.785854101181, -0.784258782864], "median": [-0.677333116531, -0.717807650566, -0.721575856209, -0.745638132095, -0.787391543388, -0.784898579121], "min": [-0.982559621334, -0.976435244083, -0.976933002472, -0.973186254501, -0.970651865005, -0.964212834835], "var": [0.00684858020395, 0.00583664467558, 0.00652283476666, 0.00388372479938, 0.00184498215094, 0.00230554467998]}, "spectral_contrast_valleys": {"dmean": [0.337039172649, 0.303763985634, 0.278966933489, 0.251509636641, 0.23057821393, 0.239535942674], "dmean2": [0.539144515991, 0.484466642141, 0.445376515388, 0.398045450449, 0.346320062876, 0.291958779097], "dvar": [0.117027714849, 0.0836761668324, 0.0805236324668, 0.0810693204403, 0.09734582901, 0.10547105968], "dvar2": [0.239377632737, 0.186824426055, 0.172345414758, 0.164320617914, 0.191526085138, 0.151468679309], "max": [-5.88854122162, -5.27589941025, -5.37698459625, -5.69665718079, -5.39953613281, -7.36475849152], "mean": [-7.73827028275, -7.15736103058, -7.54296779633, -7.6084651947, -7.308801651, -9.5939540863], "median": [-7.36457157135, -6.87303924561, -7.28038787842, -7.31631469727, -7.01318311691, -9.32862663269], "min": [-28.0507793427, -27.9564189911, -27.9499092102, -27.7339572906, -27.4814758301, -27.3985385895], "var": [4.60691452026, 4.57220220566, 4.41803503036, 4.3495516777, 4.58580827713, 4.00900793076]}, "spectral_decrease": {"dmean": 1.48399759148e-09, "dmean2": 2.27059659963e-09, "dvar": 3.60310651764e-18, "dvar2": 9.37889803993e-18, "max": 2.05430304557e-28, "mean": -5.04748776109e-09, "median": -4.4921861786e-09, "min": -2.67714845847e-08, "var": 1.06355342829e-17}, "spectral_energy": {"dmean": 0.00619055191055, "dmean2": 0.00932425260544, "dvar": 5.73302568228e-05, "dvar2": 0.000144883379107, "max": 0.111872643232, "mean": 0.0220695659518, "median": 0.0198669321835, "min": 9.84597929883e-21, "var": 0.000190685226698}, "spectral_energyband_high": {"dmean": 0.000801447720733, "dmean2": 0.00104555475991, "dvar": 2.35974607676e-06, "dvar2": 3.7266529489e-06, "max": 0.0339752398431, "mean": 0.00191493413877, "median": 0.000862547662109, "min": 6.73711992126e-21, "var": 7.14284215064e-06}, "spectral_energyband_low": {"dmean": 0.00273940572515, "dmean2": 0.00471865525469, "dvar": 4.03376106988e-05, "dvar2": 0.000116308488941, "max": 0.0865667909384, "mean": 0.00424402719364, "median": 0.00207615969703, "min": 1.08361318154e-23, "var": 4.39046343672e-05}, "spectral_energyband_middle_high": {"dmean": 0.00321723497473, "dmean2": 0.00481834961101, "dvar": 1.98576344701e-05, "dvar2": 4.54113833257e-05, "max": 0.0976457670331, "mean": 0.0101010929793, "median": 0.00767571292818, "min": 1.07165761903e-21, "var": 8.79093568074e-05}, "spectral_energyband_middle_low": {"dmean": 0.00188891007565, "dmean2": 0.00287958281115, "dvar": 6.18307149125e-06, "dvar2": 1.55730231199e-05, "max": 0.0429309308529, "mean": 0.00611041393131, "median": 0.00504325609654, "min": 1.57223058124e-22, "var": 2.13848288695e-05}, "spectral_entropy": {"dmean": 0.121114604175, "dmean2": 0.166350007057, "dvar": 0.0185584221035, "dvar2": 0.0327141471207, "max": 9.81904411316, "mean": 7.89532136917, "median": 7.87927150726, "min": 6.48418045044, "var": 0.158692374825}, "spectral_flux": {"dmean": 0.0172898638994, "dmean2": 0.0261362921447, "dvar": 0.000355132069672, "dvar2": 0.00074401171878, "max": 0.234494134784, "mean": 0.0735474973917, "median": 0.0690721049905, "min": 6.30409058289e-11, "var": 0.00125793134794}, "spectral_kurtosis": {"dmean": 0.841301739216, "dmean2": 1.29937469959, "dvar": 0.803988695145, "dvar2": 1.99698412418, "max": 16.1410446167, "mean": 3.51171779633, "median": 3.44827651978, "min": -1.28025436401, "var": 3.81464362144}, "spectral_rms": {"dmean": 0.000612804316916, "dmean2": 0.000895877310541, "dvar": 4.14343730881e-07, "dvar2": 9.91728484223e-07, "max": 0.0104472022504, "mean": 0.00437432248145, "median": 0.00440254155546, "min": 3.099327869e-12, "var": 2.39658606915e-06}, "spectral_rolloff": {"dmean": 751.186706543, "dmean2": 1172.41015625, "dvar": 1437857.875, "dvar2": 2795380.5, "max": 19745.9472656, "mean": 3003.61865234, "median": 2110.25390625, "min": 86.1328125, "var": 6826975}, "spectral_skewness": {"dmean": 0.139253944159, "dmean2": 0.208251938224, "dvar": 0.0196470823139, "dvar2": 0.0398667044938, "max": 3.15754246712, "mean": 1.45009100437, "median": 1.50547552109, "min": -0.102877281606, "var": 0.140465408564}, "spectral_spread": {"dmean": 531680.75, "dmean2": 723176.125, "dvar": 587905564672, "dvar2": 994818916352, "max": 43054208, "mean": 5625168, "median": 5016644, "min": 1625105.625, "var": 14340654628900.0}, "spectral_strongpeak": {"dmean": 0.839125692844, "dmean2": 1.4169100523, "dvar": 1.483