{"lowlevel": {"average_loudness": 0.907406032085, "barkbands": {"dmean": [0.000211588921957, 0.00289510400034, 0.00159463356249, 0.00108226074371, 0.00144129549153, 0.000785110227298, 0.00104742019903, 0.00107387965545, 0.00095192308072, 0.000345296459273, 0.000167680918821, 0.000247123331064, 0.00018277108029, 0.000178036352736, 0.000186015589861, 0.000184036311111, 0.000246316747507, 0.000199651462026, 0.000241177927819, 0.00024781114189, 0.000209536694456, 0.000174427244929, 0.000106957537355, 7.42301417631e-05, 0.000102392463305, 8.03778966656e-05, 1.14666936497e-05], "dmean2": [0.000252081284998, 0.0047817802988, 0.00268895225599, 0.00183313933667, 0.0024191653356, 0.00124614743982, 0.00165311945602, 0.00178964051884, 0.00148507917766, 0.000522344722413, 0.000262047920842, 0.00038246792974, 0.0002899444371, 0.000284172594547, 0.000295808480587, 0.000296848476864, 0.000403067067964, 0.000319976505125, 0.000389277702197, 0.000393431138946, 0.000313535478199, 0.000243125134148, 0.00014966163144, 9.93287321762e-05, 0.000144888690556, 0.000119599091704, 1.76523444679e-05], "dvar": [1.12978291611e-07, 2.60330289166e-05, 5.57171961191e-06, 2.38358165916e-06, 8.78874743648e-06, 1.68248459431e-06, 4.41411020802e-06, 7.40656196285e-06, 4.16128204961e-06, 3.04291035036e-07, 1.29494964085e-07, 1.47813096874e-07, 9.77607683694e-08, 7.58920108979e-08, 1.19590282566e-07, 1.15836037651e-07, 1.66125957435e-07, 1.1926779564e-07, 1.84908543588e-07, 2.36575203871e-07, 1.72110475205e-07, 1.17197139105e-07, 4.15135978926e-08, 1.80683059625e-08, 3.89773227027e-08, 3.09425196576e-08, 5.7829507849e-10], "dvar2": [1.53355543375e-07, 6.93951224093e-05, 1.55408088176e-05, 6.51195023238e-06, 2.27377186093e-05, 4.0582708607e-06, 1.0544835277e-05, 2.03143481485e-05, 1.02050416899e-05, 6.74771115428e-07, 2.72904543408e-07, 3.34848664352e-07, 2.41046961946e-07, 1.86082914411e-07, 2.96634397046e-07, 2.95305284226e-07, 4.2184771587e-07, 2.93600237455e-07, 4.50564073162e-07, 5.68193058825e-07, 3.7715290091e-07, 2.32081674767e-07, 8.83001192165e-08, 3.67287427139e-08, 8.22789658628e-08, 6.90401336101e-08, 1.30085620054e-09], "max": [0.00448026414961, 0.0719806328416, 0.0441304817796, 0.0423971116543, 0.0387925133109, 0.0390737652779, 0.0440883897245, 0.0332471914589, 0.0408638864756, 0.0154210636392, 0.0154270464554, 0.0109657095745, 0.00507514551282, 0.00420693168417, 0.00861708726734, 0.00648746080697, 0.00645034108311, 0.00507148727775, 0.00698612304404, 0.0104161640629, 0.0107678798959, 0.00558434613049, 0.00337679847144, 0.00300182960927, 0.00342951575294, 0.00278961332515, 0.00029321355396], "mean": [0.000363999832189, 0.00626841327175, 0.00335153006017, 0.00163599837106, 0.00196205475368, 0.0013650378678, 0.00167186767794, 0.00147701276001, 0.00153195927851, 0.000654827861581, 0.0002717669704, 0.000503402261529, 0.000297306367429, 0.000310580537189, 0.000324588647345, 0.00033179752063, 0.000461966992589, 0.000382029480534, 0.000462011113996, 0.000471357256174, 0.000439707218902, 0.000320443359669, 0.00018651872233, 0.000138047733344, 0.000137729279231, 8.45869799377e-05, 1.12975476441e-05], "median": [0.000165429286426, 0.00501280557364, 0.00226658722386, 0.000995101640001, 0.00103287643287, 0.000777432636824, 0.000700397416949, 0.000525414478034, 0.000699118303601, 0.000377764285076, 0.000149829516886, 0.00032339579775, 0.000167593563674, 0.00020377911278, 0.000175764609594, 0.000202072813408, 0.00030572002288, 0.000242274953052, 0.000284123554593, 0.000247386924457, 0.000211680977372, 0.00010664324509, 5.8860219724e-05, 4.7941768571e-05, 3.20087492582e-05, 1.10511364255e-05, 2.33156242757e-06], "min": [1.23520360606e-10, 2.44403802752e-11, 1.77932061446e-12, 4.15199862339e-12, 2.99654225044e-12, 9.35926574956e-13, 2.1262258447e-12, 5.53212640628e-13, 4.60365469704e-13, 1.00882540169e-12, 6.80304228749e-13, 1.21144294683e-12, 1.20352404258e-12, 3.70887836502e-13, 6.9556068804e-13, 6.12591141008e-13, 1.07939492847e-12, 9.18298531834e-13, 4.12574840828e-13, 6.12188685162e-13, 1.92193917031e-12, 2.41794344963e-12, 3.13982433803e-12, 2.96944521923e-12, 4.56311767885e-12, 8.5600996777e-12, 1.6002440692e-11], "var": [2.83371946352e-07, 3.47847926605e-05, 1.19871428979e-05, 3.89976912629e-06, 9.03991985979e-06, 3.52525330527e-06, 7.99731060397e-06, 7.46271871321e-06, 7.07319122739e-06, 7.84121596098e-07, 2.20129180661e-07, 3.96360491095e-07, 1.54386896156e-07, 1.2755739931e-07, 2.26691128091e-07, 1.80536545713e-07, 2.6618351967e-07, 1.90803703504e-07, 3.25726148276e-07, 4.39613955905e-07, 3.93186240899e-07, 2.73306881127e-07, 8.88550317768e-08, 4.49478889664e-08, 6.18827868948e-08, 3.56905225374e-08, 6.08831485227e-10]}, "barkbands_crest": {"dmean": 2.1468963623, "dmean2": 3.52758312225, "dvar": 4.32315015793, "dvar2": 11.681312561, "max": 26.8352603912, "mean": 9.10373878479, "median": 8.57861232758, "min": 2.15630865097, "var": 11.889333725}, "barkbands_flatness_db": {"dmean": 0.017777942121, "dmean2": 0.0246862862259, "dvar": 0.00033520834404, "dvar2": 0.000602470012382, "max": 0.551047444344, "mean": 0.0962352529168, "median": 0.092839717865, "min": 0.0163115225732, "var": 0.00151155726053}, "barkbands_kurtosis": {"dmean": 2.20429682732, "dmean2": 3.31532287598, "dvar": 1687.47045898, "dvar2": 2120.1328125, "max": 4037.79077148, "mean": 4.30718135834, "median": 1.2227537632, "min": -1.83323335648, "var": 7494.06640625}, "barkbands_skewness": {"dmean": 0.364584475756, "dmean2": 0.570179641247, "dvar": 0.488707005978, "dvar2": 0.814396500587, "max": 59.6630897522, "mean": 1.47288882732, "median": 1.37361884117, "min": -1.10471773148, "var": 2.19275712967}, "barkbands_spread": {"dmean": 6.20240020752, "dmean2": 8.93946456909, "dvar": 42.5036392212, "dvar2": 83.512008667, "max": 104.702415466, "mean": 31.5894241333, "median": 29.1973247528, "min": 0.114627040923, "var": 222.264862061}, "dissonance": {"dmean": 0.0125524178147, "dmean2": 0.0208254680037, "dvar": 0.000165701814694, "dvar2": 0.000429629144492, "max": 0.500000059605, "mean": 0.476838469505, "median": 0.482297539711, "min": 0.238295942545, "var": 0.000405073980801}, "dynamic_complexity": 2.69269418716, "erbbands": {"dmean": [0.0637992843986, 0.729725301266, 1.76415646076, 2.76112365723, 4.89891433716, 4.32955789566, 4.46800756454, 7.36804819107, 12.1450271606, 21.7472419739, 20.0656356812, 22.3751678467, 12.8364896774, 9.40427780151, 7.13188123703, 9.71359348297, 8.27376461029, 8.49444007874, 9.8082151413, 8.47592544556, 10.6634225845, 12.4179382324, 11.1784772873, 10.5783853531, 12.8333530426, 11.8376684189, 10.2763690948, 7.10812187195, 6.51098299026, 4.75842666626, 2.66057944298, 1.6688336134, 1.2433013916, 0.906519949436, 0.852106332779, 0.500390410423, 0.112723447382, 0.0175773352385, 0.00195377715863, 0.000111002496851], "dmean2": [0.104150243104, 1.2154699564, 2.98053717613, 4.6140370369, 8.28849601746, 7.36413764954, 7.124751091, 11.7616291046, 19.2100887299, 36.5664558411, 31.8460502625, 34.2962532043, 20.1451301575, 13.9671621323, 10.9753084183, 14.9338750839, 12.9548711777, 13.4696092606, 15.5631999969, 13.4919891357, 17.2157421112, 20.1518192291, 17.9678173065, 16.8001613617, 20.6447429657, 18.8107185364, 15.7845640182, 10.3920660019, 9.11664199829, 6.67608594894, 3.70192575455, 2.30801272392, 1.67954850197, 1.25438547134, 1.23724639416, 0.744676113129, 0.167115330696, 0.0265267379582, 0.00300484942272, 0.000170863728272], "dvar": [0.015791606158, 1.59587717056, 7.43168210983, 12.7579975128, 83.3923797607, 93.2375259399, 38.8422203064, 199.05480957, 559.327941895, 3249.42407227, 1737.82446289, 2327.95605469, 635.951416016, 313.24029541, 151.523193359, 220.283615112, 189.319366455, 175.587051392, 249.001312256, 339.069122314, 372.080932617, 497.938903809, 364.244049072, 390.801971436, 484.465179443, 557.141479492, 396.792205811, 213.94821167, 172.93812561, 86.4747009277, 25.7097034454, 9.94145965576, 4.89417886734, 2.79267120361, 2.96613454819, 1.17794394493, 0.0605965405703, 0.0014672029065, 1.62048800121e-05, 5.84874975118e-08], "dvar2": [0.0409696362913, 4.30612611771, 20.3081493378, 35.011806488, 216.82383728, 248.390289307, 97.7984771729, 475.482086182, 1338.39990234, 8885.11914062, 4407.11767578, 5398.47070312, 1591.16711426, 644.200012207, 346.805541992, 493.32510376, 455.611206055, 427.831115723, 617.164428711, 845.008300781, 951.766479492, 1251.82324219, 897.432617188, 945.261474609, 1181.54699707, 1366.22155762, 904.307861328, 449.494659424, 350.275238037, 176.056182861, 54.4843330383, 21.3780117035, 9.76882266998, 5.63819980621, 6.4685921669, 2.64403295517, 0.134203389287, 0.0032687636558, 3.6911918869e-05, 1.32943213771e-07], "max": [1.62087380886, 18.5036582947, 48.9044761658, 70.7861557007, 123.950279236, 174.100128174, 106.137237549, 412.80670166, 613.489746094, 806.558349609, 760.403869629, 1166.47485352, 568.632995605, 774.35949707, 379.62902832, 357.454498291, 273.053771973, 230.106109619, 289.186065674, 516.151184082, 354.390686035, 387.212432861, 298.478057861, 338.583831787, 289.149047852, 512.256286621, 475.9659729, 269.077331543, 284.521636963, 142.059570312, 90.8901672363, 72.1160507202, 44.7177276611, 26.9340877533, 32.315700531, 18.5569343567, 3.75456595421, 0.442172318697, 0.0493937022984, 0.00270711164922], "mean": [0.129418611526, 1.58864271641, 4.09915447235, 4.92350292206, 6.31419181824, 5.80111455917, 8.39065933228, 11.6353158951, 20.6303272247, 28.7248191833, 33.3502807617, 38.2399024963, 22.2228813171, 18.7942867279, 14.0785169601, 20.2788524628, 15.1740026474, 15.6526784897, 18.5072593689, 14.8553905487, 20.5375461578, 24.0310649872, 22.8380374908, 20.9061431885, 24.8458309174, 22.8040180206, 21.3460597992, 14.0303936005, 11.7689113617, 8.57729148865, 4.71196126938, 3.02522540092, 2.22029995918, 1.38053524494, 1.04749429226, 0.534755825996, 0.118642985821, 0.0180562827736, 0.0019338048296, 0.000129714011564], "median": [0.0927848815918, 1.25995588303, 2.93502759933, 3.49827289581, 3.49594736099, 2.69035029411, 5.3348608017, 5.7363986969, 9.61131000519, 11.3179702759, 14.1512174606, 17.3640804291, 12.5707521439, 10.6998920441, 9.37537956238, 12.9561100006, 9.52060508728, 10.2572498322, 11.6179523468, 8.15945911407, 13.3388442993, 16.0980415344, 15.6752195358, 12.7967061996, 15.7333889008, 11.7029685974, 10.7251262665, 5.90647792816, 3.87926864624, 2.80779409409, 1.50473880768, 1.03243231773, 0.736546278, 0.380609720945, 0.219393104315, 0.072061561048, 0.015598218888, 0.0033591571264, 0.000420493190177, 4.72137471661e-05], "min": [2.99410651827e-09, 5.31769117629e-09, 5.19294074408e-09, 6.97504010105e-09, 2.11618207402e-08, 5.65041569089e-09, 5.0824420228e-09, 8.87639828306e-09, 1.53631649624e-08, 3.34568177607e-08, 1.4572945517e-08, 8.87386608639e-09, 2.23969518487e-08, 3.01182474516e-08, 4.21391916916e-08, 6.20130862217e-08, 5.00830701355e-08, 3.22344035908e-08, 2.73424074493e-08, 3.58037581805e-08, 3.66798644791e-08, 6.76599611893e-08, 3.60785570308e-08, 4.7612541465e-08, 1.22973426997e-08, 2.84743038037e-08, 9.0760273963e-08, 6.04429857276e-08, 8.57476578631e-08, 1.05059079658e-07, 7.6104250013e-08, 4.85366911107e-08, 5.69451152899e-08, 4.7497071165e-08, 3.52205127285e-08, 2.43577638059e-08, 1.56457780065e-08, 7.87630405341e-09, 2.00223593261e-09, 2.54337828576e-10], "var": [0.0213005132973, 2.14842224121, 14.7361154556, 24.7512435913, 83.0385894775, 96.6643447876, 90.2996749878, 379.89666748, 1056.95922852, 3769.02026367, 2720.49243164, 4772.27246094, 1021.38635254, 772.84777832, 311.633758545, 583.4296875, 338.879699707, 317.164733887, 538.387145996, 535.66229248, 606.783325195, 741.609069824, 592.499023438, 681.648071289, 835.86505127, 1046.33581543, 933.497802734, 452.375976562, 392.637878418, 188.289001465, 55.9557037354, 22.00440979, 11.9583406448, 5.50797986984, 4.11742925644, 1.37659704685, 0.0698924660683, 0.00160711235367, 1.69181985257e-05, 6.09751253933e-08]}, "erbbands_crest": {"dmean": 2.03531861305, "dmean2": 3.1225631237, "dvar": 4.54333686829, "dvar2": 9.83979606628, "max": 27.7356052399, "mean": 7.01482915878, "median": 5.83207035065, "min": 1.92877078056, "var": 14.5018472672}, "erbbands_flatness_db": {"dmean": 0.0152623411268, "dmean2": 0.0194296259433, "dvar": 0.000198035835638, "dvar2": 0.000314506003633, "max": 0.241112053394, "mean": 0.120250657201, "median": 0.121247783303, "min": 0.026554396376, "var": 0.000894685857929}, "erbbands_kurtosis": {"dmean": 0.535845696926, "dmean2": 0.823764264584, "dvar": 0.686339080334, "dvar2": 1.48269402981, "max": 13.924413681, "mean": -0.209233745933, "median": -0.601061820984, "min": -1.79243195057, "var": 1.85542416573}, "erbbands_skewness": {"dmean": 0.286717653275, "dmean2": 0.428625166416, "dvar": 0.072753302753, "dvar2": 0.16271109879, "max": 3.30771350861, "mean": 0.101149618626, "median": 0.0158062875271, "min": -3.22154283524, "var": 0.451732397079}, "erbbands_spread": {"dmean": 6.81167030334, "dmean2": 10.0841093063, "dvar": 50.9836769104, "dvar2": 103.475654602, "max": 147.960968018, "mean": 45.9967536926, "median": 44.3063163757, "min": 7.50707101822, "var": 213.471862793}, "gfcc": {"cov": [[14603.6933594, -80.6595687866, -193.033843994, 39.6233253479, -625.012390137, 151.207870483, -277.747528076, 111.773109436, -188.178817749, 180.783782959, -196.660049438, 78.6425018311, -162.60269165], [-80.6595687866, 999.554626465, -292.698760986, 23.5331516266, 93.310798645, -91.0838699341, 111.671615601, -24.0173072815, 58.2503814697, -58.6998825073, 89.8321151733, -87.2640380859, 45.8026809692], [-193.033843994, -292.698760986, 579.463867188, -89.1419448853, -34.7297744751, 68.400100708, -109.65158844, 15.5234022141, -23.9344272614, 24.116563797, -64.3150024414, 72.1769485474, -53.1801834106], [39.6233253479, 23.5331516266, -89.1419448853, 215.658416748, 16.970123291, 15.3654050827, 3.35255765915, -21.4504890442, 12.5443916321, -14.4798364639, 16.1603088379, -1.79171681404, 21.3820972443], [-625.012390137, 93.310798645, -34.7297744751, 16.970123291, 226.087692261, -5.81308555603, 87.0196151733, 12.7035741806, 4.22506189346, 5.60149383545, 31.6789684296, -15.1702823639, 27.0027275085], [151.207870483, -91.0838699341, 68.400100708, 15.3654050827, -5.81308555603, 130.98274231, 11.1769943237, 27.500082016, -13.5192527771, 9.6902513504, -8.06024074554, 15.4534425735, -11.7838487625], [-277.747528076, 111.671615601, -109.65158844, 3.35255765915, 87.0196151733, 11.1769943237, 133.529525757, 26.985666275, 5.78368711472, -8.18703460693, 24.5494747162, -22.9173030853, 17.8019752502], [111.773109436, -24.0173072815, 15.5234022141, -21.4504890442, 12.7035741806, 27.500082016, 26.985666275, 75.7053146362, 11.8625307083, 15.3316679001, -4.73052167892, -3.87478232384, -4.26223993301], [-188.178817749, 58.2503814697, -23.9344272614, 12.5443916321, 4.22506189346, -13.5192527771, 5.78368711472, 11.8625307083, 72.0469665527, 8.46246910095, 15.2865066528, -18.1655521393, 5.39792537689], [180.783782959, -58.6998825073, 24.116563797, -14.4798364639, 5.60149383545, 9.6902513504, -8.18703460693, 15.3316679001, 8.46246910095, 61.8812408447, 10.7800121307, 13.0507612228, -9.94186401367], [-196.660049438, 89.8321151733, -64.3150024414, 16.1603088379, 31.6789684296, -8.06024074554, 24.5494747162, -4.73052167892, 15.2865066528, 10.7800121307, 65.3982772827, 1.27868425846, 20.0919437408], [78.6425018311, -87.2640380859, 72.1769485474, -1.79171681404, -15.1702823639, 15.4534425735, -22.9173030853, -3.87478232384, -18.1655521393, 13.0507612228, 1.27868425846, 69.1193695068, 6.26593780518], [-162.60269165, 45.8026809692, -53.1801834106, 21.3820972443, 27.0027275085, -11.7838487625, 17.8019752502, -4.26223993301, 5.39792537689, -9.94186401367, 20.0919437408, 6.26593780518, 56.0202636719]], "icov": [[0.000102208876342, -9.83671634458e-05, 0.000128097148263, -8.14826053102e-05, 0.000232683887589, -8.55297985254e-05, 0.000167226899066, -0.000237975269556, 0.000345322419889, -0.000458523747511, 0.00035178262624, -0.000102212165075, 9.90181652014e-05], [-9.83671634458e-05, 0.00164591509383, 0.000126196988276, 0.000286816823063, -0.000372632552171, 0.000594495504629, -0.000674516661093, 0.000518599234056, -0.00100209889933, 0.00184960325714, -0.0020427138079, 0.00108386087231, -2.62324974756e-05], [0.000128097148263, 0.000126196988276, 0.00340764434077, 0.00112134462688, -0.00104023620952, -0.00153379898984, 0.00275842961855, -0.000647730194032, -0.000513711420354, 0.000188906094991, 0.00204922491685, -0.00291295885108, 0.00200232327916], [-8.14826053102e-05, 0.000286816823063, 0.00112134462688, 0.0058476049453, -0.00107524963096, -0.00191010918934, 0.00114731339272, 0.00191839889158, -0.00199873954989, 0.00186569744255, -0.000521516310982, -0.000666861596983, -0.000955265073571], [0.000232683887589, -0.000372632552171, -0.00104023620952, -0.00107524963096, 0.00739936996251, 0.000917972123716, -0.00444810232148, -0.000322053063428, 0.00195787381381, -0.0030413933564, -0.000667591113597, 0.00155370857101, -0.0022443246562], [-8.55297985254e-05, 0.000594495504629, -0.00153379898984, -0.00191010918934, 0.000917972123716, 0.0103917829692, -0.00281806546263, -0.00313305435702, 0.00182897155173, -9.14277843549e-05, -0.00122611387633, -0.000423102203058, 0.00123388995416], [0.000167226899066, -0.000674516661093, 0.00275842961855, 0.00114731339272, -0.00444810232148, -0.00281806546263, 0.0150764482096, -0.00493556959555, 0.00107989483513, 0.00210978998803, -0.00101831846405, 0.000369771150872, 0.000196593609871], [-0.000237975269556, 0.000518599234056, -0.000647730194032, 0.00191839889158, -0.000322053063428, -0.00313305435702, -0.00493556959555, 0.0188503656536, -0.00464141648263, -0.00308672105893, 0.00233403476886, 0.00111446413212, -0.00102538091596], [0.000345322419889, -0.00100209889933, -0.000513711420354, -0.00199873954989, 0.00195787381381, 0.00182897155173, 0.00107989483513, -0.00464141648263, 0.0191583205014, -0.00494953850284, -0.00232486077584, 0.00510471174493, -0.00162000686396], [-0.000458523747511, 0.00184960325714, 0.000188906094991, 0.00186569744255, -0.0030413933564, -9.14277843549e-05, 0.00210978998803, -0.00308672105893, -0.00494953850284, 0.0247176066041, -0.00825328566134, -0.003717813408, 0.00540500460193], [0.00035178262624, -0.0020427138079, 0.00204922491685, -0.000521516310982, -0.000667591113597, -0.00122611387633, -0.00101831846405, 0.00233403476886, -0.00232486077584, -0.00825328566134, 0.0253804866225, -0.00432978570461, -0.00445856852457], [-0.000102212165075, 0.00108386087231, -0.00291295885108, -0.000666861596983, 0.00155370857101, -0.000423102203058, 0.000369771150872, 0.00111446413212, 0.00510471174493, -0.003717813408, -0.00432978570461, 0.0223250482231, -0.00666008237749], [9.90181652014e-05, -2.62324974756e-05, 0.00200232327916, -0.000955265073571, -0.0022443246562, 0.00123388995416, 0.000196593609871, -0.00102538091596, -0.00162000686396, 0.00540500460193, -0.00445856852457, -0.00666008237749, 0.025085169822]], "mean": [16.1203136444, 79.0223464966, -108.899742126, 40.7327651978, -53.8669662476, 10.9291639328, -25.9667243958, 16.2311210632, -20.115655899, 6.45377063751, -16.1898174286, -1.50946056843, -13.0799026489]}, "hfc": {"dmean": 8.92801094055, "dmean2": 12.0108118057, "dvar": 260.553833008, "dvar2": 533.912902832, "max": 190.686569214, "mean": 23.2111244202, "median": 15.7948722839, "min": 7.21045694263e-07, "var": 519.151550293}, "melbands": {"dmean": [0.000699421274476, 0.000912000192329, 0.000494496314786, 0.000368405366316, 0.000142655931995, 0.000158823881065, 0.000193608750124, 0.000243370581302, 0.00016173554468, 0.000138618881465, 6.38745041215e-05, 4.0536011511e-05, 2.43079666689e-05, 2.68752210104e-05, 2.50905595749e-05, 1.59709816216e-05, 1.69549457496e-05, 1.63238000823e-05, 1.26698496388e-05, 1.18026164273e-05, 1.34636238727e-05, 1.23381896628e-05, 1.56865371537e-05, 9.71429926722e-06, 8.98977759789e-06, 1.01100140455e-05, 8.91418585525e-06, 8.30379121908e-06, 7.22024196875e-06, 5.44731983609e-06, 4.14664327764e-06, 4.01702163799e-06, 3.23339554598e-06, 2.67183349933e-06, 1.77103584065e-06, 1.08829146939e-06, 1.06383527054e-06, 9.18194871247e-07, 8.2024502035e-07, 7.49168634684e-07], "dmean2": [0.00114604085684, 0.00153084332123, 0.00082996499259, 0.000624075590167, 0.000228692442761, 0.000253161269939, 0.000304756656988, 0.000412950117607, 0.000253708014498, 0.000214490588405, 0.000100581368315, 6.05374734732e-05, 3.75731833628e-05, 4.13628149545e-05, 3.96151008317e-05, 2.54778806266e-05, 2.7021724236e-05, 2.61027180386e-05, 2.02206283575e-05, 1.8975144485e-05, 2.18458735617e-05, 2.0035828129e-05, 2.59367716353e-05, 1.56238620548e-05, 1.44845635077e-05, 1.6481610146e-05, 1.43552088048e-05, 1.34442552735e-05, 1.14455988296e-05, 8.3826653281e-06, 6.15052340436e-06, 5.76527190788e-06, 4.68262351205e-06, 3.85265957448e-06, 2.54530118582e-06, 1.55929046741e-06, 1.50974915414e-06, 1.27496969071e-06, 1.139920073e-06, 1.06181130377e-06], "dvar": [1.64818425219e-06, 1.98558291231e-06, 4.16185855556e-07, 5.99230475018e-07, 4.40824692305e-08, 8.40023233195e-08, 1.36208640811e-07, 4.28984662904e-07, 9.99748976938e-08, 9.45019920096e-08, 1.59155053581e-08, 5.66917091049e-09, 1.99343586083e-09, 1.90568094638e-09, 1.68280211987e-09, 7.32990945718e-10, 7.05022706882e-10, 6.58218646254e-10, 7.44818595688e-10, 5.35116784217e-10, 5.42556000127e-10, 5.12708930867e-10, 6.27488949689e-10, 2.87603690863e-10, 2.89956558763e-10, 3.21712018136e-10, 2.38919023454e-10, 3.27154608959e-10, 1.99000843581e-10, 1.18028323226e-10, 7.53152470945e-11, 6.68209931831e-11, 4.24329460458e-11, 2.74866691907e-11, 1.13169335014e-11, 5.01059740574e-12, 3.85666498737e-12, 2.66205937502e-12, 2.36941456039e-12, 1.97896061517e-12], "dvar2": [4.35295214629e-06, 5.35116168976e-06, 1.12753298254e-06, 1.57126771683e-06, 1.11269855552e-07, 2.00876172585e-07, 3.19202399623e-07, 1.189422278e-06, 2.48991142371e-07, 2.26531639669e-07, 3.98098904952e-08, 1.17860006199e-08, 4.37945635312e-09, 4.2899328534e-09, 4.13076506334e-09, 1.81311154979e-09, 1.71775538238e-09, 1.6546629622e-09, 1.86453386064e-09, 1.33671296254e-09, 1.39969691393e-09, 1.28585309067e-09, 1.62603008835e-09, 7.17287840235e-10, 7.14158399084e-10, 7.99791122219e-10, 5.75748726472e-10, 8.35741476024e-10, 4.70270822284e-10, 2.67223715378e-10, 1.63602562053e-10, 1.40668809934e-10, 8.77007980127e-11, 5.93186472164e-11, 2.48192907198e-11, 1.12741144545e-11, 8.46223612017e-12, 5.60459794893e-12, 4.79499079331e-12, 4.12609963557e-12], "max": [0.0173873696476, 0.0225833468139, 0.0146441152319, 0.0102554019541, 0.00444868206978, 0.00873770844191, 0.00868856627494, 0.00789051316679, 0.00565592525527, 0.00760566210374, 0.00297841010615, 0.00294668716379, 0.00156275974587, 0.00145534961484, 0.000975263712462, 0.000568972725887, 0.000491406419314, 0.000432570494013, 0.000643451523501, 0.000532785139512, 0.000461298477603, 0.000426873419201, 0.000449020444648, 0.000262899702648, 0.000302831933368, 0.000267591822194, 0.000262771063717, 0.000479513721075, 0.000293592136586, 0.000432942033513, 0.000139427735121, 0.000173909487785, 9.98761242954e-05, 9.3778311566e-05, 7.40127361496e-05, 4.82864234073e-05, 4.3387281039e-05, 3.28098903992e-05, 3.6886001908e-05, 2.52880417975e-05], "mean": [0.00150021421723, 0.00220141978934, 0.000892813724931, 0.000464049982838, 0.000269411946647, 0.000256247905781, 0.000329734320985, 0.000314954289934, 0.000275227619568, 0.000225633193622, 0.00010585570999, 7.82219867688e-05, 4.3202071538e-05, 5.40540568181e-05, 4.61971576442e-05, 2.67690447799e-05, 2.95835634461e-05, 2.93387474812e-05, 2.08726669371e-05, 2.02669871214e-05, 2.45697628998e-05, 2.26345873671e-05, 2.77127073787e-05, 1.76116300281e-05, 1.63558797794e-05, 1.82783533091e-05, 1.67841881193e-05, 1.46126412801e-05, 1.39456024044e-05, 1.06596007754e-05, 7.33023762223e-06, 6.884389677e-06, 5.62068908039e-06, 4.50924471807e-06, 2.93927519124e-06, 1.8803873445e-06, 1.82795974979e-06, 1.59588080351e-06, 1.3253918496e-06, 1.0846265468e-06], "median": [0.00116810435429, 0.00191967433784, 0.000665255938657, 0.000217927678023, 0.000178160073119, 0.000129596868646, 0.000152110733325, 0.000124340076582, 0.00012197389151, 0.000101682031527, 5.7776356698e-05, 4.29642168456e-05, 2.6347781386e-05, 3.45405205735e-05, 2.85521091428e-05, 1.60714425874e-05, 1.87565310625e-05, 1.83675656444e-05, 1.12263314804e-05, 1.1518401152e-05, 1.5860201529e-05, 1.45348512888e-05, 1.81439245353e-05, 1.0480623132e-05, 9.66914012679e-06, 1.08489502963e-05, 1.06427041828e-05, 6.79705044604e-06, 6.79265758663e-06, 5.25531186213e-06, 2.71043199973e-06, 2.1547639335e-06, 1.84700343198e-06, 1.42308999784e-06, 8.85689246388e-07, 6.29017335996e-07, 6.06831406458e-07, 5.5244925079e-07, 3.59468401712e-07, 2.91617169523e-07], "min": [2.70546571257e-11, 4.1918911918e-12, 2.05150610041e-12, 7.99628592507e-13, 1.95178468114e-13, 1.86745231908e-13, 2.85684290894e-13, 3.88800265854e-13, 9.61189542672e-14, 5.37647962988e-14, 1.19329771216e-13, 1.26791413198e-13, 1.13197605044e-13, 1.31788880481e-13, 8.38796466638e-14, 1.33121175216e-13, 4.84891600071e-14, 3.76768657506e-14, 5.6125223013e-14, 4.14616562925e-14, 4.24919871695e-14, 7.7265559402e-14, 4.00366250027e-14, 3.80510374728e-14, 4.01261529971e-14, 1.07924059229e-14, 8.54336234732e-15, 2.00576266886e-14, 4.90731621192e-14, 5.24165502398e-14, 3.17804932219e-14, 4.50917277963e-14, 5.65736049858e-14, 6.646613327e-14, 4.4180523633e-14, 3.76678499319e-14, 2.46931500177e-14, 3.13749033535e-14, 5.0835749591e-14, 3.69428303866e-14], "var": [2.2125752821e-06, 3.13080568048e-06, 7.04756473624e-07, 5.99577845151e-07, 8.66958416168e-08, 1.67276851926e-07, 2.67719997282e-07, 4.35895003648e-07, 1.6813285697e-07, 1.70300637592e-07, 2.54303760272e-08, 1.41246623286e-08, 3.78181574945e-09, 5.15161646675e-09, 3.21738036213e-09, 1.11779674405e-09, 1.26681398704e-09, 1.31324839892e-09, 1.08051212422e-09, 8.24141310751e-10, 8.59496585015e-10, 7.36815386482e-10, 9.9078445448e-10, 4.75413153289e-10, 4.77613559813e-10, 5.41620026606e-10, 3.82533282828e-10, 5.7590338054e-10, 4.29941554581e-10, 2.47927650632e-10, 1.42691566896e-10, 1.42505951484e-10, 8.72745486991e-11, 5.51196692455e-11, 2.30664480572e-11, 9.44127328401e-12, 8.29642604616e-12, 6.06157138372e-12, 5.15866646275e-12, 3.60688692455e-12]}, "melbands_crest": {"dmean": 2.70459318161, "dmean2": 4.41974210739, "dvar": 6.2066617012, "dvar2": 16.0736560822, "max": 39.1764221191, "mean": 14.2834701538, "median": 13.8991889954, "min": 3.50370669365, "var": 20.2347373962}, "melbands_flatness_db": {"dmean": 0.0222420468926, "dmean2": 0.0325522981584, "dvar": 0.000520945119206, "dvar2": 0.00102210545447, "max": 0.542995691299, "mean": 0.170932844281, "median": 0.168744832277, "min": 0.031386744231, "var": 0.0026767142117}, "melbands_kurtosis": {"dmean": 5.07533025742, "dmean2": 7.90293645859, "dvar": 1019.92480469, "dvar2": 1413.06188965, "max": 3579.45068359, "mean": 12.6231889725, "median": 8.10910701752, "min": -1.13276004791, "var": 4395.85351562}, "melbands_skewness": {"dmean": 0.555258452892, "dmean2": 0.870519638062, "dvar": 0.473401933908, "dvar2": 0.976089000702, "max": 48.9301986694, "mean": 2.76540565491, "median": 2.57827329636, "min": 0.0965324118733, "var": 1.94256865978}, "melbands_spread": {"dmean": 6.41176176071, "dmean2": 10.0354509354, "dvar": 52.20337677, "dvar2": 126.060440063, "max": 191.448928833, "mean": 27.0258140564, "median": 23.265750885, "min": 0.156408399343, "var": 236.687530518}, "mfcc": {"cov": [[8931.75, 64.0522766113, 38.2316627502, 171.063766479, -210.156509399, 38.6694488525, -107.192596436, -45.7578468323, -2.96267104149, -17.5236701965, 10.7201795578, -0.76991635561, -7.20476007462], [64.0522766113, 917.184631348, -169.531570435, 101.197509766, -6.11436080933, -32.7850532532, 60.0712242126, 12.3870687485, 8.68930530548, 30.9562625885, 13.6173763275, 29.0277690887, 8.94799137115], [38.2316627502, -169.531570435, 484.402801514, -104.987091064, 45.112613678, 9.69838237762, -97.0039291382, 12.4823656082, -21.3839149475, -53.7407455444, 29.727148056, -43.8849220276, 13.2685050964], [171.063766479, 101.197509766, -104.987091064, 187.184356689, 21.1549015045, 19.5029964447, 12.6767969131, 0.0491491109133, -0.0273938644677, 12.4180231094, -27.6217765808, 14.7959566116, -2.46611809731], [-210.156509399, -6.11436080933, 45.112613678, 21.1549015045, 112.566429138, 22.0874557495, 10.8632574081, 1.45028173923, 9.8894443512, 3.19387197495, 0.0523775033653, 5.50562667847, 7.51356840134], [38.6694488525, -32.7850532532, 9.69838237762, 19.5029964447, 22.0874557495, 84.5710220337, 28.0278892517, 15.1468753815, -2.55795764923, -2.53240799904, -1.02326488495, 0.928588867188, 4.47469139099], [-107.192596436, 60.0712242126, -97.0039291382, 12.6767969131, 10.8632574081, 28.0278892517, 129.548233032, 31.8299026489, 24.1206569672, 16.0882148743, -3.2424249649, 19.7950611115, 4.15074253082], [-45.7578468323, 12.3870687485, 12.4823656082, 0.0491491109133, 1.45028173923, 15.1468753815, 31.8299026489, 65.455696106, 19.7108898163, 1.52821671963, 1.70891344547, 1.54183804989, 0.123296119273], [-2.96267104149, 8.68930530548, -21.3839149475, -0.0273938644677, 9.8894443512, -2.55795764923, 24.1206569672, 19.7108898163, 61.6855735779, 22.3154735565, 6.13135290146, 4.39604377747, -3.81164574623], [-17.5236701965, 30.9562625885, -53.7407455444, 12.4180231094, 3.19387197495, -2.53240799904, 16.0882148743, 1.52821671963, 22.3154735565, 68.4998779297, 14.3541889191, 12.3562231064, -6.68067359924], [10.7201795578, 13.6173763275, 29.727148056, -27.6217765808, 0.0523775033653, -1.02326488495, -3.2424249649, 1.70891344547, 6.13135290146, 14.3541889191, 56.5050849915, 10.3956413269, 4.17653369904], [-0.76991635561, 29.0277690887, -43.8849220276, 14.7959566116, 5.50562667847, 0.928588867188, 19.7950611115, 1.54183804989, 4.39604377747, 12.3562231064, 10.3956413269, 55.3374900818, 14.0107707977], [-7.20476007462, 8.94799137115, 13.2685050964, -2.46611809731, 7.51356840134, 4.47469139099, 4.15074253082, 0.123296119273, -3.81164574623, -6.68067359924, 4.17653369904, 14.0107707977, 45.2905349731]], "icov": [[0.000126202547108, -9.06998866412e-06, -7.47043523006e-05, -0.000187987985555, 0.000336439668899, -0.000150186839164, 6.88568761689e-05, 0.000147928876686, -0.000159606992383, 4.49181388831e-05, -6.32193696219e-05, -4.75337801618e-05, -4.43720409748e-07], [-9.06998866412e-06, 0.00130413705483, 0.000265973067144, -0.000735623645596, -4.94065825478e-05, 0.000916869030334, -0.000540948938578, -0.000336552649969, 0.000351935013896, -8.17308318801e-05, -0.00083543168148, 0.000154757057317, -0.000362244056305], [-7.47043523006e-05, 0.000265973067144, 0.00392507435754, 0.00167726574, -0.00227880198509, -0.000541183515452, 0.00279204151593, -0.00225410959683, 0.000601798528805, 0.00185759714805, -0.0018986382056, 0.00198491779156, -0.00105553853791], [-0.000187987985555, -0.000735623645596, 0.00167726574, 0.00792472716421, -0.0023141594138, -0.00202405289747, 0.00180814124178, -0.000911968352739, 0.000636279582977, -0.000878133170772, 0.0036823018454, -0.00143678917084, 0.000505147210788], [0.000336439668899, -4.94065825478e-05, -0.00227880198509, -0.0023141594138, 0.0118471784517, -0.00250002066605, -0.00139591586776, 0.00255744787864, -0.00281465076841, -0.000693343870807, 0.000604672473855, -0.0013566428097, -0.000967794214375], [-0.000150186839164, 0.000916869030334, -0.000541183515452, -0.00202405289747, -0.00250002066605, 0.0153454020619, -0.00401102611795, -0.00263829482719, 0.00305838230997, 0.000124643498566, -0.00130936515052, 0.00133119989187, -0.000898581638467], [6.88568761689e-05, -0.000540948938578, 0.00279204151593, 0.00180814124178, -0.00139591586776, -0.00401102611795, 0.0129684265703, -0.00499671278521, -0.00235781492665, -5.3425628721e-05, 0.00106720859185, -0.00207380647771, -0.000811922713183], [0.000147928876686, -0.000336552649969, -0.00225410959683, -0.000911968352739, 0.00255744787864, -0.00263829482719, -0.00499671278521, 0.0207331534475, -0.00631484761834, 0.00122119556181, 0.000218435932766, -0.000348570145434, 0.000674987211823], [-0.000159606992383, 0.000351935013896, 0.000601798528805, 0.000636279582977, -0.00281465076841, 0.00305838230997, -0.00235781492665, -0.00631484761834, 0.0221389885992, -0.00595939625055, -0.00107128429227, 0.000896723067854, 0.000967019761447], [4.49181388831e-05, -8.17308318801e-05, 0.00185759714805, -0.000878133170772, -0.000693343870807, 0.000124643498566, -5.3425628721e-05, 0.00122119556181, -0.00595939625055, 0.0200853627175, -0.00576655520126, -0.00191486405674, 0.00312088057399], [-6.32193696219e-05, -0.00083543168148, -0.0018986382056, 0.0036823018454, 0.000604672473855, -0.00130936515052, 0.00106720859185, 0.000218435932766, -0.00107128429227, -0.00576655520126, 0.0233481209725, -0.00534064276144, -0.000599316612352], [-4.75337801618e-05, 0.000154757057317, 0.00198491779156, -0.00143678917084, -0.0013566428097, 0.00133119989187, -0.00207380647771, -0.000348570145434, 0.000896723067854, -0.00191486405674, -0.00534064276144, 0.0240904074162, -0.00758026959375], [-4.43720409748e-07, -0.000362244056305, -0.00105553853791, 0.000505147210788, -0.000967794214375, -0.000898581638467, -0.000811922713183, 0.000674987211823, 0.000967019761447, 0.00312088057399, -0.000599316612352, -0.00758026959375, 0.0257517974824]], "mean": [-623.877807617, 108.553237915, 2.54062128067, 33.2439651489, -0.706117153168, 3.82512831688, 4.44812774658, 6.57694768906, 5.47851610184, 5.89046287537, 4.11800718307, 5.13480758667, 0.892284750938]}, "pitch_salience": {"dmean": 0.0642316266894, "dmean2": 0.104742377996, "dvar": 0.00340217724442, "dvar2": 0.00878420844674, "max": 0.848466873169, "mean": 0.556912600994, "median": 0.55362868309, "min": 0.0354604832828, "var": 0.00995862390846}, "silence_rate_20dB": {"dmean": 0, "dmean2": 0, "dvar": 0, "dvar2": 0, "max": 1, "mean": 1, "median": 1, "min": 1, "var": 0}, "silence_rate_30dB": {"dmean": 0.000329353642883, "dmean2": 0.000658761535306, "dvar": 0.000329224858433, "dvar2": 0.000987627077848, "max": 1, "mean": 0.999835312366, "median": 1, "min": 0, "var": 0.000164618832059}, "silence_rate_60dB": {"dmean": 0.00115273776464, "dmean2": 0.00230566528626, "dvar": 0.00115148955956, "dvar2": 0.00263010477647, "max": 1, "mean": 0.0459410510957, "median": 0, "min": 0, "var": 0.0438304543495}, "spectral_centroid": {"dmean": 244.514556885, "dmean2": 372.990325928, "dvar": 58635.53125, "dvar2": 130522.085938, "max": 4392.39208984, "mean": 1756.14819336, "median": 1747.66748047, "min": 212.800537109, "var": 417976}, "spectral_complexity": {"dmean": 5.00601053238, "dmean2": 7.13142299652, "dvar": 35.8470077515, "dvar2": 60.7457275391, "max": 62, "mean": 25.038942337, "median": 23, "min": 0, "var": 166.265258789}, "spectral_contrast_coeffs": {"dmean": [0.0470581166446, 0.0440038517118, 0.0357291027904, 0.0265769734979, 0.018606742844, 0.0184285491705], "dmean2": [0.078660659492, 0.0720189288259, 0.0574747659266, 0.0431546345353, 0.0309078302234, 0.0280892550945], "dvar": [0.00149450509343, 0.00125519640278, 0.000805664982181, 0.000440162577434, 0.000221223206609, 0.000276203354588], "dvar2": [0.0041214725934, 0.00336265098304, 0.00207281135954, 0.00114386470523, 0.000597406295128, 0.000586276757531], "max": [-0.31474134326, -0.473602682352, -0.555219709873, -0.556653320789, -0.667562305927, -0.589194953442], "mean": [-0.673379778862, -0.750622332096, -0.776602745056, -0.800178229809, -0.802439451218, -0.742184817791], "median": [-0.674194812775, -0.755490660667, -0.778835058212, -0.802867293358, -0.803036868572, -0.739081144333], "min": [-0.926226317883, -0.953289330006, -0.958402037621, -0.979501128197, -0.969121217728, -0.917211949825], "var": [0.00444207852706, 0.00445746351033, 0.00291322986595, 0.00167659646831, 0.000977522577159, 0.00172627170105]}, "spectral_contrast_valleys": {"dmean": [0.370132476091, 0.363642692566, 0.310571998358, 0.294150680304, 0.249261930585, 0.349295377731], "dmean2": [0.605107843876, 0.580388128757, 0.477661132812, 0.430761277676, 0.348400503397, 0.392156720161], "dvar": [0.0965704396367, 0.102528207004, 0.0799688026309, 0.0886570289731, 0.0875688418746, 0.150202587247], "dvar2": [0.243150815368, 0.238585099578, 0.160713002086, 0.165038630366, 0.153964534402, 0.209107384086], "max": [-5.23660230637, -4.46129465103, -5.24732160568, -5.6112947464, -5.16343164444, -7.67152547836], "mean": [-7.05955266953, -6.57643985748, -7.2039809227, -7.63042211533, -7.11614608765, -9.91168117523], "median": [-6.84617710114, -6.39944982529, -7.01112651825, -7.45380115509, -6.9337978363, -9.79060173035], "min": [-16.4295196533, -16.4597110748, -16.7113990784, -17.3790035248, -16.54114151, -17.7190628052], "var": [1.39676630497, 1.50174534321, 1.39927613735, 1.36658573151, 1.39686238766, 1.66213297844]}, "spectral_decrease": {"dmean": 1.95414417981e-09, "dmean2": 3.06639402758e-09, "dvar": 8.46994483356e-18, "dvar2": 2.05089440541e-17, "max": -5.85996848199e-17, "mean": -6.17676221282e-09, "median": -5.49271650385e-09, "min": -3.40190133841e-08, "var": 1.43248309524e-17}, "spectral_energy": {"dmean": 0.00800200086087, "dmean2": 0.0123823955655, "dvar": 0.000148323058966, "dvar2": 0.00035267934436, "max": 0.139053553343, "mean": 0.0254178326577, "median": 0.0224402099848, "min": 2.8656974016e-10, "var": 0.000251912948443}, "spectral_energyband_high": {"dmean": 0.000758223060984, "dmean2": 0.000998862553388, "dvar": 1.82017424777e-06, "dvar2": 3.43962119587e-06, "max": 0.0168279409409, "mean": 0.00156729773153, "median": 0.000697679817677, "min": 3.79594793098e-11, "var": 4.64895765617e-06}, "spectral_energyband_low": {"dmean": 0.00414746254683, "dmean2": 0.00682285008952, "dvar": 3.93781156163e-05, "dvar2": 0.000103436912468, "max": 0.0793155357242, "mean": 0.0107288658619, "median": 0.00976727623492, "min": 1.39423250722e-10, "var": 6.15053868387e-05}, "spectral_energyband_middle_high": {"dmean": 0.00136525381822, "dmean2": 0.00198938325047, "dvar": 5.27656675331e-06, "dvar2": 1.16133860502e-05, "max": 0.0318798385561, "mean": 0.00413991464302, "median": 0.00324972113594, "min": 8.64284858959e-12, "var": 1.20274917208e-05}, "spectral_energyband_middle_low": {"dmean": 0.00419759564102, "dmean2": 0.00671744486317, "dvar": 5.78654144192e-05, "dvar2": 0.000146769933053, "max": 0.0858355984092, "mean": 0.00982480309904, "median": 0.00724374689162, "min": 1.94218391369e-11, "var": 8.23859663797e-05}, "spectral_entropy": {"dmean": 0.127779841423, "dmean2": 0.161153331399, "dvar": 0.0195223707706, "dvar2": 0.0292160734534, "max": 9.02865600586, "mean": 7.86591005325, "median": 7.86675691605, "min": 5.99662303925, "var": 0.0933286398649}, "spectral_flux": {"dmean": 0.0201929975301, "dmean2": 0.0301814228296, "dvar": 0.000693488400429, "dvar2": 0.00133243284654, "max": 0.269330412149, "mean": 0.0754757672548, "median": 0.0667335987091, "min": 1.27103667182e-05, "var": 0.00171989318915}, "spectral_kurtosis": {"dmean": 0.899018466473, "dmean2": 1.47250711918, "dvar": 0.864170908928, "dvar2": 2.19147586823, "max": 17.8675518036, "mean": 3.16254639626, "median": 2.97732019424, "min": -0.811185121536, "var": 2.19486951828}, "spectral_rms": {"dmean": 0.000698136689607, "dmean2": 0.00105329125654, "dvar": 7.76495994614e-07, "dvar2": 1.7406545112e-06, "max": 0.0116474032402, "mean": 0.00471988413483, "median": 0.00467898370698, "min": 5.2875344636e-07, "var": 2.52066888606e-06}, "spectral_rolloff": {"dmean": 545.133056641, "dmean2": 864.759155273, "dvar": 576015.375, "dvar2": 1248303.125, "max": 11218.7988281, "mean": 1696.82336426, "median": 1184.32617188, "min": 21.533203125, "var": 1799894.625}, "spectral_skewness": {"dmean": 0.162032157183, "dmean2": 0.251841217279, "dvar": 0.0253143403679, "dvar2": 0.0569222792983, "max": 3.35902309418, "mean": 1.24209904671, "median": 1.21622776985, "min": 0.0297754779458, "var": 0.104421928525}, "spectral_spread": {"dmean": 572343.8125, "dmean2": 730039.125, "dvar": 413316349952, "dvar2": 717464469504, "max": 17387824, "mean": 4900645, "median": 4589634, "min": 242343