{"lowlevel": {"average_loudness": 0.691857278347, "barkbands": {"dmean": [2.48913802352e-05, 0.000781433074735, 0.000958320393693, 0.000301974447211, 0.000958668475505, 0.000711898261216, 0.000287669972749, 0.000333300267812, 0.000680210301653, 0.00115190632641, 0.000914516160265, 0.000628682086244, 0.000444012985099, 0.000360505131539, 0.000259662279859, 0.000214822386624, 0.000134221350891, 0.000121521043184, 0.000109515814984, 5.98184997216e-05, 4.10721731896e-05, 2.94270521408e-05, 5.5313728808e-05, 4.71040330012e-05, 1.19419100884e-05, 3.85879411624e-06, 8.04126102594e-07], "dmean2": [4.15853210143e-05, 0.00122391222976, 0.00158519507386, 0.00050878879847, 0.00150831299834, 0.00111889548134, 0.000438251154264, 0.000513924984261, 0.00103877531365, 0.00173298793379, 0.00137086433824, 0.000927086803131, 0.000635818461888, 0.000547991308849, 0.000401369237807, 0.000326997280354, 0.000199959831662, 0.000172309359186, 0.000163969656569, 8.92463358468e-05, 6.29227579338e-05, 4.27937957284e-05, 7.64333308325e-05, 6.73051181366e-05, 1.67614707607e-05, 5.19290870216e-06, 1.337060894e-06], "dvar": [2.31615526758e-09, 3.30590364683e-06, 6.05719196756e-06, 6.46685464289e-07, 4.27623763244e-06, 2.66180495601e-06, 8.86369093678e-07, 1.75479419795e-06, 7.30873762222e-06, 1.77251022251e-05, 9.69103166426e-06, 5.73038778384e-06, 3.03659112433e-06, 1.75644299816e-06, 8.63791171923e-07, 1.09168615836e-06, 3.85096541322e-07, 2.98073615568e-07, 6.1989680944e-08, 1.37602329531e-08, 9.93348159284e-09, 5.39871924943e-09, 1.29169464458e-07, 7.09726819537e-08, 4.43844516695e-09, 9.20326384546e-11, 6.86636988587e-12], "dvar2": [6.09271788576e-09, 8.18873741082e-06, 1.57018130267e-05, 1.76228604687e-06, 9.00584109331e-06, 5.85580619372e-06, 1.72881300387e-06, 3.75357694793e-06, 1.59431037901e-05, 4.05169048463e-05, 2.14665196836e-05, 1.14743088488e-05, 5.4753072618e-06, 3.49581409864e-06, 1.805619263e-06, 2.37972244577e-06, 7.43463431263e-07, 5.65745438053e-07, 1.28927368337e-07, 2.94192439299e-08, 2.1365520908e-08, 1.12104476813e-08, 2.29247760331e-07, 1.17648980336e-07, 1.03923625261e-08, 2.03593183978e-10, 1.84421835442e-11], "max": [0.00091511872597, 0.0225013531744, 0.032155547291, 0.0246360749006, 0.0577617064118, 0.0429627783597, 0.0352930091321, 0.0430438518524, 0.112257696688, 0.109498918056, 0.10232847929, 0.0625514388084, 0.0860394090414, 0.0459416136146, 0.0313493870199, 0.0272616576403, 0.0282172709703, 0.0247541069984, 0.00580180622637, 0.00293952296488, 0.00368311698548, 0.00240003294311, 0.0132711650804, 0.0122087299824, 0.0031330883503, 0.000241780828219, 5.0294889661e-05], "mean": [4.3634823669e-05, 0.00161866110284, 0.00124160433188, 0.000399264215957, 0.0016272837529, 0.00134518404957, 0.000497561239172, 0.00050435756566, 0.00116315763444, 0.00202841567807, 0.00154270511121, 0.00106392463204, 0.000847781426273, 0.000597368576564, 0.000424806057708, 0.000331450457452, 0.000240212262725, 0.000233983519138, 0.000237188491155, 0.0001227556495, 7.83352006692e-05, 5.6823821069e-05, 9.59701719694e-05, 8.16277170088e-05, 2.33731752814e-05, 6.57670943838e-06, 6.92896378496e-07], "median": [3.37916280841e-05, 0.000679490040056, 0.000313179334626, 0.000162132360856, 0.000568679650314, 0.000348673434928, 0.000144584206282, 0.000108059757622, 0.000130363798235, 0.000175911132828, 0.000144507430377, 8.9702058176e-05, 7.40933173802e-05, 8.77586135175e-05, 6.80302255205e-05, 4.96817447129e-05, 4.9626447435e-05, 4.37591734226e-05, 7.68793543102e-05, 5.84885892749e-05, 3.34700889653e-05, 1.97938934434e-05, 2.44867333095e-05, 1.6154077457e-05, 8.0888694356e-06, 2.0082136416e-06, 8.80411974435e-08], "min": [7.4930310535e-26, 3.00401486759e-24, 5.8618971968e-25, 6.43926301422e-25, 8.11854307342e-24, 1.25650482847e-23, 8.01735351852e-24, 5.46958996332e-24, 1.33509501727e-23, 9.36557123695e-24, 1.11358752936e-23, 2.23590206914e-23, 2.64949063992e-23, 4.27052375396e-23, 4.06325559983e-23, 5.99427002885e-23, 6.37793789436e-23, 1.11642725507e-22, 1.2302627867e-22, 1.90703917906e-22, 2.87297714318e-22, 3.20858507799e-22, 4.01812978993e-22, 6.07951799858e-22, 8.63825965769e-22, 1.37039169601e-21, 1.9269099668e-21], "var": [2.64730659616e-09, 5.44544263903e-06, 6.93723768563e-06, 8.02561146429e-07, 1.0860248949e-05, 8.52046196087e-06, 3.09089136863e-06, 3.43805027114e-06, 2.9033406463e-05, 4.50138031738e-05, 2.99645616906e-05, 1.30795278892e-05, 1.21806406241e-05, 4.77389039588e-06, 2.12510485653e-06, 1.61599120929e-06, 1.09361099021e-06, 1.02954675185e-06, 2.09860090195e-07, 3.8828645188e-08, 2.13111839287e-08, 1.14403295726e-08, 2.39789301304e-07, 2.01274104938e-07, 7.39983718745e-09, 1.61007956967e-10, 5.08337425972e-12]}, "barkbands_crest": {"dmean": 2.43582320213, "dmean2": 3.95761752129, "dvar": 4.9753947258, "dvar2": 12.4712877274, "max": 25.2897644043, "mean": 9.95109462738, "median": 9.20901489258, "min": 2.67544841766, "var": 16.294588089}, "barkbands_flatness_db": {"dmean": 0.0186802837998, "dmean2": 0.0282005853951, "dvar": 0.000340562022757, "dvar2": 0.000731728679966, "max": 0.303350865841, "mean": 0.124444328249, "median": 0.119001291692, "min": 0.024817366153, "var": 0.00207823328674}, "barkbands_kurtosis": {"dmean": 2.38181829453, "dmean2": 3.76771950722, "dvar": 20.3932628632, "dvar2": 48.5124359131, "max": 118.439727783, "mean": 3.44473266602, "median": 1.31248545647, "min": -1.90355157852, "var": 44.6618614197}, "barkbands_skewness": {"dmean": 0.512261867523, "dmean2": 0.752574384212, "dvar": 0.331002920866, "dvar2": 0.676434874535, "max": 9.43948936462, "mean": 1.0648162365, "median": 0.915803432465, "min": -3.80751776695, "var": 1.87239742279}, "barkbands_spread": {"dmean": 5.17080879211, "dmean2": 7.94126987457, "dvar": 47.4389190674, "dvar2": 99.5338897705, "max": 144.39906311, "mean": 22.6091327667, "median": 19.951007843, "min": 1.71789991856, "var": 222.129653931}, "dissonance": {"dmean": 0.0244525335729, "dmean2": 0.0411635637283, "dvar": 0.000626389635727, "dvar2": 0.00171621376649, "max": 0.500000059605, "mean": 0.455869972706, "median": 0.465859472752, "min": 0.236254662275, "var": 0.00128426891752}, "dynamic_complexity": 6.40224742889, "erbbands": {"dmean": [0.014066115953, 0.212767511606, 1.01658380032, 0.977039396763, 2.06035280228, 3.4730424881, 6.11799049377, 5.29851865768, 4.63295507431, 4.45744180679, 8.25351810455, 15.1202926636, 26.0289459229, 36.1426696777, 34.14610672, 25.6240978241, 21.2664852142, 17.871006012, 12.5536546707, 13.1598300934, 9.14784049988, 6.09088563919, 6.35556221008, 5.76309251785, 4.97430849075, 2.71308016777, 2.06692957878, 1.1849925518, 0.915689826012, 1.39988493919, 1.72789561749, 1.43459701538, 0.472089648247, 0.153150171041, 0.0830780565739, 0.0226196777076, 0.00608662003651, 0.00144266907591, 0.000131009423058, 1.03312377178e-05], "dmean2": [0.0227765943855, 0.332271635532, 1.64333975315, 1.60599207878, 3.26901531219, 5.64316701889, 9.77243709564, 8.3070306778, 6.7645740509, 7.0905418396, 12.4200725555, 23.0813121796, 40.2265319824, 52.2466621399, 50.6946334839, 37.2798919678, 28.8707294464, 26.2084197998, 18.9589118958, 18.9922199249, 13.5300359726, 8.90420150757, 9.11368846893, 8.74034881592, 7.35713386536, 4.02788734436, 3.08819961548, 1.81543064117, 1.36666631699, 1.97647941113, 2.42217922211, 2.09804058075, 0.690490841866, 0.22150324285, 0.116821870208, 0.0307443253696, 0.00825070682913, 0.00217338092625, 0.000214026789763, 1.53024520841e-05], "dvar": [0.00117211195175, 0.24798861146, 6.67678833008, 6.75569200516, 17.0801410675, 77.6375656128, 204.154586792, 203.130142212, 229.346786499, 266.694885254, 1514.54003906, 4087.32763672, 9588.75, 18237.8378906, 16068.6875, 9535.20898438, 7133.15332031, 3817.50878906, 2093.73486328, 3034.18823242, 1857.87573242, 754.574523926, 1090.46875, 282.436584473, 145.717208862, 23.6464614868, 22.2797260284, 7.01138305664, 4.03288030624, 43.2384986877, 124.881645203, 68.9185180664, 8.61291503906, 0.753185331821, 0.161460161209, 0.0035883220844, 0.000227578711929, 1.74770229933e-05, 1.73431018879e-07, 3.83341358656e-10], "dvar2": [0.00308556878008, 0.60439068079, 16.8310565948, 17.969379425, 37.3200378418, 181.728378296, 429.520141602, 453.674682617, 391.490783691, 637.474121094, 3103.72070312, 8932.26757812, 21675.3574219, 39697.125, 36539.6875, 18669.59375, 11536.9238281, 7148.64941406, 4323.43164062, 6110.67626953, 3814.76513672, 1403.60253906, 2301.89941406, 671.312744141, 310.456390381, 49.4068183899, 45.2492904663, 15.2568588257, 8.65328407288, 78.4198532104, 223.933547974, 121.33026123, 15.5955734253, 1.72938394547, 0.35856461525, 0.00770766707137, 0.00050118524814, 4.41217634943e-05, 4.66647549047e-07, 9.44369915601e-10], "max": [0.493931233883, 5.80228185654, 34.5731468201, 69.7991333008, 69.6499633789, 236.858139038, 493.620574951, 371.023223877, 619.847839355, 497.760925293, 1193.56945801, 2627.1472168, 2866.17382812, 3303.84887695, 3951.77416992, 2663.13012695, 4559.23144531, 1899.07446289, 1134.38476562, 2186.96801758, 1453.70983887, 1471.09594727, 1315.55249023, 757.140380859, 246.350112915, 105.131057739, 217.198303223, 88.0403060913, 54.7068634033, 369.436859131, 338.601165771, 320.022796631, 150.820846558, 37.8210372925, 18.0752677917, 2.11262178421, 0.289097249508, 0.0894351005554, 0.00925724580884, 0.000350446411176], "mean": [0.0279418379068, 0.433249384165, 1.45815777779, 1.3990701437, 2.75973773003, 5.52423143387, 10.8736877441, 9.66021633148, 8.94783782959, 7.26926755905, 13.0130405426, 27.0020465851, 43.7121925354, 71.6919403076, 61.6645393372, 48.4245491028, 43.7771034241, 33.7825775146, 22.2340602875, 23.3723011017, 15.7326183319, 12.3809318542, 12.746591568, 12.1347923279, 11.1233129501, 6.14869832993, 4.20487976074, 2.35027050972, 1.81502962112, 2.50432085991, 2.93561005592, 2.43894910812, 0.858940958977, 0.298019498587, 0.156064778566, 0.0423719249666, 0.00977012515068, 0.00160211673938, 0.000126160230138, 2.50270149991e-05], "median": [0.0108174989, 0.170629560947, 0.402376145124, 0.55833542347, 0.948130726814, 1.92473888397, 2.64340162277, 2.65432810783, 2.3744699955, 2.87639904022, 2.30089259148, 3.81779050827, 5.62114048004, 6.11996555328, 8.18166923523, 5.55076694489, 4.95450973511, 5.31061553955, 4.38586854935, 3.77016329765, 3.02956819534, 2.6581466198, 2.41816234589, 3.73009204865, 3.80307197571, 3.08776664734, 1.81207466125, 1.02374863625, 0.714074850082, 0.718320012093, 0.678846478462, 0.466152369976, 0.204944685102, 0.102191671729, 0.0502921193838, 0.0142106376588, 0.00268574315123, 0.000269621261396, 2.8909817047e-05, 1.50137011588e-05], "min": [7.7148785306e-23, 4.17314966683e-22, 1.93445294118e-21, 2.26443398795e-21, 9.12480301269e-21, 2.90680249916e-20, 4.49123852817e-20, 8.80407100031e-20, 1.51548806926e-19, 2.06816478888e-19, 2.07417309281e-19, 3.53757954426e-19, 5.30911297109e-19, 5.5890939629e-19, 6.92644804101e-19, 1.15358618566e-18, 1.67613882268e-18, 2.42108424066e-18, 2.47009159003e-18, 2.3687530728e-18, 3.73293871864e-18, 4.00925592072e-18, 5.67984436149e-18, 5.99532897917e-18, 6.33988651383e-18, 8.9385798737e-18, 8.39575252288e-18, 1.13322238451e-17, 1.08279555185e-17, 8.87291496795e-18, 1.27922340222e-17, 1.14536878734e-17, 9.98205084564e-18, 7.24956308965e-18, 6.03317497373e-18, 4.15877336593e-18, 2.46559793135e-18, 1.03216744547e-18, 2.67430206225e-19, 2.82086424963e-20], "var": [0.00181771290954, 0.417707175016, 8.87829589844, 7.79117250443, 25.5126838684, 169.468719482, 572.348083496, 503.150177002, 961.880187988, 382.849243164, 3002.10888672, 14280.4833984, 22120.7910156, 53743.3671875, 44291.3320312, 25225.3632812, 29504.7167969, 14031.3076172, 4363.79052734, 7488.12207031, 3203.79174805, 2620.96899414, 3183.27368164, 1048.67199707, 505.535339355, 84.9881668091, 69.4115066528, 14.2832126617, 8.86155796051, 75.9995803833, 236.170883179, 167.645065308, 23.5778751373, 1.37978231907, 0.305372327566, 0.00697641680017, 0.000376592797693, 1.75416898855e-05, 1.3246153685e-07, 8.08073219449e-10]}, "erbbands_crest": {"dmean": 3.03005337715, "dmean2": 4.83300161362, "dvar": 7.96704912186, "dvar2": 18.9109420776, "max": 29.9867572784, "mean": 10.8383846283, "median": 9.70750427246, "min": 2.24840474129, "var": 30.1450614929}, "erbbands_flatness_db": {"dmean": 0.0191792212427, "dmean2": 0.0263766292483, "dvar": 0.000414523266954, "dvar2": 0.000681248260662, "max": 0.363843381405, "mean": 0.164570435882, "median": 0.154360830784, "min": 0.0267280712724, "var": 0.00342580163851}, "erbbands_kurtosis": {"dmean": 1.15180826187, "dmean2": 1.75636935234, "dvar": 2.83523011208, "dvar2": 6.46738576889, "max": 41.2392501831, "mean": 1.45606148243, "median": 0.403767347336, "min": -1.75726866722, "var": 10.600769043}, "erbbands_skewness": {"dmean": 0.346897363663, "dmean2": 0.532628536224, "dvar": 0.111250497401, "dvar2": 0.245049580932, "max": 4.13822460175, "mean": 0.392420470715, "median": 0.361593931913, "min": -4.61003160477, "var": 0.633158385754}, "erbbands_spread": {"dmean": 7.78998613358, "dmean2": 11.6048374176, "dvar": 81.2892684937, "dvar2": 164.797485352, "max": 143.721359253, "mean": 34.8548355103, "median": 30.8069210052, "min": 1.96947491169, "var": 484.913024902}, "gfcc": {"cov": [[36157.8945312, 3103.95996094, -3815.27490234, 632.194641113, -1576.15087891, 452.195922852, -904.422668457, 65.0813827515, -807.6796875, -120.95438385, -50.6864776611, -79.7118682861, -51.6299781799], [3103.95996094, 1114.56713867, -313.540649414, -49.1323623657, -31.8939170837, 34.7317810059, 99.3325119019, 7.83147716522, -59.3753089905, -76.2793960571, 33.7386245728, -78.6654815674, 63.1720046997], [-3815.27490234, -313.540649414, 1282.71655273, 187.333221436, 99.565536499, -13.8114337921, 76.2105789185, 45.4861412048, 127.758613586, -8.53835678101, -118.526580811, 36.0036087036, -74.1653671265], [632.194641113, -49.1323623657, 187.333221436, 394.498046875, 25.2890319824, 7.87142515182, -108.054298401, 77.8565979004, 80.0130004883, 9.22059726715, -38.2300186157, 2.93414473534, -51.6575584412], [-1576.15087891, -31.8939170837, 99.565536499, 25.2890319824, 401.816375732, 68.5188674927, 122.512634277, 28.0219745636, 61.3512802124, 51.5518035889, 18.0006084442, -20.5370349884, -10.6851882935], [452.195922852, 34.7317810059, -13.8114337921, 7.87142515182, 68.5188674927, 244.008621216, 100.310943604, -4.38613986969, -20.8266105652, 43.0067214966, 12.5819835663, -8.83149337769, -17.7980976105], [-904.422668457, 99.3325119019, 76.2105789185, -108.054298401, 122.512634277, 100.310943604, 255.621307373, 37.5820083618, -15.0066013336, 14.7457742691, 41.9283332825, -18.9995155334, 15.3641147614], [65.0813827515, 7.83147716522, 45.4861412048, 77.8565979004, 28.0219745636, -4.38613986969, 37.5820083618, 136.882354736, 61.270236969, -4.70385932922, -9.81921386719, -1.03142404556, -9.08086109161], [-807.6796875, -59.3753089905, 127.758613586, 80.0130004883, 61.3512802124, -20.8266105652, -15.0066013336, 61.270236969, 142.039550781, 18.2502098083, -22.6962490082, -2.88414168358, -12.0286798477], [-120.95438385, -76.2793960571, -8.53835678101, 9.22059726715, 51.5518035889, 43.0067214966, 14.7457742691, -4.70385932922, 18.2502098083, 98.6022644043, 31.9214897156, 4.06956624985, -18.4360122681], [-50.6864776611, 33.7386245728, -118.526580811, -38.2300186157, 18.0006084442, 12.5819835663, 41.9283332825, -9.81921386719, -22.6962490082, 31.9214897156, 124.680885315, 11.1544837952, 24.9421291351], [-79.7118682861, -78.6654815674, 36.0036087036, 2.93414473534, -20.5370349884, -8.83149337769, -18.9995155334, -1.03142404556, -2.88414168358, 4.06956624985, 11.1544837952, 72.034866333, 7.643846035], [-51.6299781799, 63.1720046997, -74.1653671265, -51.6575584412, -10.6851882935, -17.7980976105, 15.3641147614, -9.08086109161, -12.0286798477, -18.4360122681, 24.9421291351, 7.643846035, 83.3937225342]], "icov": [[0.000150875086547, -0.000386071245885, 0.000338227546308, -0.000307516835164, 0.00036383519182, -0.000380471494282, 0.000469251390314, -0.000507956836373, 0.000748025486246, -0.000379938923288, 0.000388455955544, -0.000273139536148, 0.000252579600783], [-0.000386071245885, 0.00219982932322, -0.000568782794289, 0.000434209534433, -0.000749407743569, 0.000919862126466, -0.00191457453184, 0.00146529928315, -0.00187527236994, 0.00189975241665, -0.00113090849482, 0.00177738699131, -0.00120488810353], [0.000338227546308, -0.000568782794289, 0.00207020575181, -0.00157347111963, 0.000937745324336, -0.000318040489219, -0.000635970092844, -4.6695862693e-05, 0.000660571095068, -0.000441960612079, 0.00201393291354, -0.00154615344945, 0.00120801501907], [-0.000307516835164, 0.000434209534433, -0.00157347111963, 0.00545384082943, -0.00145323516335, -0.0007381842006, 0.00301604392007, -0.00230002263561, -0.00169030507095, 0.000778499932494, -0.0017078879755, 0.00103936402593, 0.000653653463814], [0.00036383519182, -0.000749407743569, 0.000937745324336, -0.00145323516335, 0.00442474195734, -0.000914975185879, -0.00112878787331, -0.000254575221334, 0.000131727705593, -0.00191578303929, 0.00101587863173, -8.24506132631e-05, 0.000577821163461], [-0.000380471494282, 0.000919862126466, -0.000318040489219, -0.0007381842006, -0.000914975185879, 0.00708675291389, -0.00474847108126, 0.00287975766696, -0.00112638215069, -0.0013310565846, 0.000367520609871, 0.000106993313238, 0.000334728538292], [0.000469251390314, -0.00191457453184, -0.000635970092844, 0.00301604392007, -0.00112878787331, -0.00474847108126, 0.0119896912947, -0.00711872428656, 0.00471992371604, -0.00108254887164, -0.0018603116041, 0.00134183978662, -0.000223768365686], [-0.000507956836373, 0.00146529928315, -4.6695862693e-05, -0.00230002263561, -0.000254575221334, 0.00287975766696, -0.00711872428656, 0.0144786927849, -0.00781427230686, 0.00295000500046, -0.00023498153314, -0.000703214027453, 0.000239161992795], [0.000748025486246, -0.00187527236994, 0.000660571095068, -0.00169030507095, 0.000131727705593, -0.00112638215069, 0.00471992371604, -0.00781427230686, 0.0155894672498, -0.00485293101519, 0.0029367164243, 1.84021664609e-05, -0.000224172632443], [-0.000379938923288, 0.00189975241665, -0.000441960612079, 0.000778499932494, -0.00191578303929, -0.0013310565846, -0.00108254887164, 0.00295000500046, -0.00485293101519, 0.0161049813032, -0.00545215187594, 0.000326587207383, 0.00286711286753], [0.000388455955544, -0.00113090849482, 0.00201393291354, -0.0017078879755, 0.00101587863173, 0.000367520609871, -0.0018603116041, -0.00023498153314, 0.0029367164243, -0.00545215187594, 0.0129193756729, -0.00326524954289, -0.00199041469023], [-0.000273139536148, 0.00177738699131, -0.00154615344945, 0.00103936402593, -8.24506132631e-05, 0.000106993313238, 0.00134183978662, -0.000703214027453, 1.84021664609e-05, 0.000326587207383, -0.00326524954289, 0.0174018628895, -0.00310184713453], [0.000252579600783, -0.00120488810353, 0.00120801501907, 0.000653653463814, 0.000577821163461, 0.000334728538292, -0.000223768365686, 0.000239161992795, -0.000224172632443, 0.00286711286753, -0.00199041469023, -0.00310184713453, 0.0162335149944]], "mean": [-76.3781890869, 84.1265792847, -121.400085449, 28.6861095428, -61.324256897, 19.809715271, -33.0068283081, 6.06932067871, -27.6520347595, -1.35744142532, -10.1264848709, 0.471719294786, -7.20728111267]}, "hfc": {"dmean": 4.86835622787, "dmean2": 6.47681236267, "dvar": 89.1147613525, "dvar2": 159.690872192, "max": 186.591766357, "mean": 15.5403757095, "median": 7.71817111969, "min": 1.08954953119e-16, "var": 451.83605957}, "melbands": {"dmean": [0.000167331614648, 0.000432489643572, 0.000191511047888, 0.00019384524785, 0.00020086709992, 0.000122073135572, 6.50014917483e-05, 5.25406212546e-05, 7.78435060056e-05, 0.000100910576293, 0.000136563772685, 0.000151834872668, 0.000121603101434, 7.77535824454e-05, 5.97812577325e-05, 4.15716131101e-05, 3.57686876669e-05, 2.22101862164e-05, 1.76316625584e-05, 1.9251179765e-05, 9.90119315247e-06, 6.77248499414e-06, 7.80045047577e-06, 5.7300608205e-06, 5.04974741489e-06, 4.44852548753e-06, 2.5857516448e-06, 1.83457484582e-06, 1.58433203978e-06, 9.37492643516e-07, 6.73126749007e-07, 5.20400931237e-07, 6.22925995231e-07, 8.37692255118e-07, 1.00848171769e-06, 1.04873890905e-06, 8.77144827882e-07, 3.86202088976e-07, 1.70527258092e-07, 1.27116621229e-07], "dmean2": [0.000264263246208, 0.000680769910105, 0.000307999842335, 0.000307570648147, 0.000318641337799, 0.000188538630027, 9.55049836193e-05, 8.36742401589e-05, 0.000117292285722, 0.000153117172886, 0.000212595434277, 0.000221003545448, 0.000179421476787, 0.000116792158224, 8.40932989377e-05, 5.92883770878e-05, 5.36659063073e-05, 3.39430189342e-05, 2.71442622761e-05, 2.84473790089e-05, 1.47301589095e-05, 9.86814120552e-06, 1.12016177809e-05, 8.3745289885e-06, 7.81030030339e-06, 6.70307053952e-06, 3.94550897909e-06, 2.77021399597e-06, 2.39527480517e-06, 1.44511670896e-06, 1.05793526473e-06, 8.05920137736e-07, 9.21750597627e-07, 1.18113041481e-06, 1.44768398513e-06, 1.56414489538e-06, 1.29886461764e-06, 5.83893950079e-07, 2.47749426308e-07, 1.89067478118e-07], "dvar": [1.50269073629e-07, 1.12979500955e-06, 1.79374950449e-07, 1.65471448099e-07, 2.21537547418e-07, 9.43263600561e-08, 4.25481800903e-08, 3.82523452913e-08, 1.48060095739e-07, 1.77499273946e-07, 2.72516132327e-07, 3.36389177846e-07, 1.97992321205e-07, 9.43196312164e-08, 4.45534737992e-08, 3.38203172134e-08, 1.65708833322e-08, 8.01313593257e-09, 4.80061412844e-09, 7.55697460164e-09, 2.18693596565e-09, 8.6882817607e-10, 2.35454988839e-09, 7.95900623185e-10, 2.24272503346e-10, 1.28779154007e-10, 2.86612140271e-11, 1.18468585636e-11, 1.80065944794e-11, 4.42500636827e-12, 2.0630675987e-12, 1.25373496307e-12, 3.07886702244e-12, 2.23445584951e-11, 4.24188011106e-11, 4.64244094556e-11, 2.50009232067e-11, 6.37965374972e-12, 8.70028387442e-13, 5.31446414653e-13], "dvar2": [3.83726671771e-07, 2.74449621429e-06, 4.62967420845e-07, 3.73939428755e-07, 4.52132553619e-07, 2.0158520897e-07, 7.49430739688e-08, 9.19354548046e-08, 3.0971895626e-07, 3.87001193758e-07, 6.23948949396e-07, 7.3900167763e-07, 4.40162153836e-07, 2.12064108496e-07, 8.88645246278e-08, 5.7993812419e-08, 3.06364995595e-08, 1.65977098732e-08, 1.04695070391e-08, 1.58249324755e-08, 4.68958782918e-09, 1.66771174648e-09, 4.82281770076e-09, 1.70625169549e-09, 5.51008683125e-10, 2.77405542981e-10, 6.11092981773e-11, 2.57065601444e-11, 3.56427595771e-11, 9.92233378794e-12, 4.714967132e-12, 2.81944671603e-12, 6.36712601046e-12, 4.10617581603e-11, 7.31840490986e-11, 9.02047325724e-11, 4.40981105798e-11, 1.2237181754e-11, 1.81990056705e-12, 1.32097045975e-12], "max": [0.00520734582096, 0.013628163375, 0.0100834276527, 0.00938600115478, 0.0165076293051, 0.00751371961087, 0.00841132178903, 0.00551898032427, 0.0116634732112, 0.0193956363946, 0.0151578066871, 0.0150055242702, 0.0164255388081, 0.00905333086848, 0.00576223665848, 0.0102057317272, 0.00435947580263, 0.00295406975783, 0.00203060219064, 0.00252064014785, 0.0014135625679, 0.00127145135775, 0.00209952495061, 0.001057911315, 0.000653595081531, 0.000224313786021, 0.000149416766362, 6.91050954629e-05, 0.00021356374782, 8.3498947788e-05, 3.54957555828e-05, 2.84333291347e-05, 6.26450710115e-05, 0.00028274251963, 0.000218176661292, 0.000224276111112, 0.000227277327213, 0.000129592343001, 3.72341964976e-05, 3.18772581522e-05], "mean": [0.000356413162081, 0.000721305899788, 0.000278686376987, 0.000289220479317, 0.000367043103324, 0.000231981059187, 0.000124324156786, 8.11514910311e-05, 0.00011829338473, 0.000173657099367, 0.000218920889893, 0.000290616037091, 0.000217454260564, 0.000126895509311, 0.000115958464448, 7.67499295762e-05, 6.19583588559e-05, 3.53751602233e-05, 2.92095846817e-05, 3.03872384393e-05, 1.57674876391e-05, 1.17603167382e-05, 1.51575804921e-05, 9.79511787591e-06, 9.63064667303e-06, 9.12754239835e-06, 5.48748948859e-06, 3.72925887859e-06, 2.98845884572e-06, 1.75259538082e-06, 1.19075855309e-06, 9.73385226644e-07, 1.13010844416e-06, 1.43336910696e-06, 1.68972053416e-06, 1.66945494584e-06, 1.44139255553e-06, 6.58960175315e-07, 3.09095241846e-07, 2.29321059919e-07], "median": [0.000157721107826, 0.000251209567068, 0.000126349288621, 9.81738849077e-05, 9.92596906144e-05, 6.18694102741e-05, 3.33773496095e-05, 2.79486448562e-05, 1.72288055182e-05, 2.17767355934e-05, 2.33933096752e-05, 2.02145820367e-05, 2.30169280258e-05, 1.3963614947e-05, 1.23261615954e-05, 7.38188418836e-06, 8.36467188492e-06, 6.08013351666e-06, 4.71855310025e-06, 4.55561985291e-06, 2.84621091851e-06, 2.63900301434e-06, 2.18489321924e-06, 1.96329619939e-06, 2.76253558695e-06, 2.70157443083e-06, 2.08849860428e-06, 1.82399367077e-06, 1.16880733003e-06, 7.68004611018e-07, 4.69414374038e-07, 3.69633625041e-07, 3.7443547285e-07, 3.97568271637e-07, 3.89878607621e-07, 3.36951075042e-07, 2.53798418726e-07, 1.44034828509e-07, 9.66342028619e-08, 7.79917712634e-08], "min": [1.09249701751e-24, 8.20259689312e-25, 4.93251600549e-25, 1.46024622216e-24, 2.26645654527e-24, 2.08391728724e-24, 2.31866079618e-24, 1.13556300509e-24, 1.614777664e-24, 2.31432166677e-24, 2.34965928266e-24, 1.70573165004e-24, 1.59142876171e-24, 1.81398979308e-24, 3.09831963894e-24, 3.20333773302e-24, 3.6220572129e-24, 2.32697539012e-24, 3.12221463019e-24, 4.26967178419e-24, 3.96345649116e-24, 3.86899276434e-24, 3.86645105451e-24, 4.13561907284e-24, 4.43270172316e-24, 4.24359243709e-24, 5.39359662573e-24, 4.76528271979e-24, 4.29868253841e-24, 6.063973384e-24, 5.10498121394e-24, 5.0400496784e-24, 4.9228316532e-24, 4.89435574667e-24, 6.93475946638e-24, 5.6358865753e-24, 6.52183416985e-24, 6.28627675368e-24, 6.64303554819e-24, 5.44520903375e-24], "var": [2.48732845876e-07, 1.67703842635e-06, 2.29245188166e-07, 3.0297860576e-07, 6.43107341602e-07, 2.74789471177e-07, 1.84445568152e-07, 5.26355030672e-08, 2.72971675486e-07, 6.68114864766e-07, 6.08774257671e-07, 9.94241531771e-07, 6.6516889774e-07, 1.72178957314e-07, 1.41098396966e-07, 1.10166787692e-07, 5.46988090377e-08, 1.40143345817e-08, 1.22557359816e-08, 1.27199717426e-08, 3.5561151801e-09, 2.07726480461e-09, 8.55893222962e-09, 1.42151934668e-09, 7.32125915448e-10, 4.07269634684e-10, 1.13587209083e-10, 3.34568102389e-11, 5.3761762403e-11, 8.36764425111e-12, 3.90204361878e-12, 2.72924825101e-12, 5.73560339848e-12, 3.67637344179e-11, 8.11307063198e-11, 8.47425463135e-11, 6.45531961219e-11, 1.60031900925e-11, 1.84880908326e-12, 8.41507039832e-13]}, "melbands_crest": {"dmean": 3.08950281143, "dmean2": 4.93204307556, "dvar": 8.29689311981, "dvar2": 20.0789031982, "max": 32.3158950806, "mean": 13.5788679123, "median": 12.5509185791, "min": 1.53632104397, "var": 31.5337257385}, "melbands_flatness_db": {"dmean": 0.0214743800461, "dmean2": 0.0317706130445, "dvar": 0.000491657061502, "dvar2": 0.00100554153323, "max": 0.389447599649, "mean": 0.180376827717, "median": 0.179813072085, "min": 0.00328170089051, "var": 0.00369709054939}, "melbands_kurtosis": {"dmean": 6.1774892807, "dmean2": 9.73161220551, "dvar": 164.146469116, "dvar2": 399.046081543, "max": 299.297332764, "mean": 10.9653329849, "median": 4.04979801178, "min": -1.91956603527, "var": 366.725738525}, "melbands_skewness": {"dmean": 0.703714847565, "dmean2": 1.03512811661, "dvar": 0.684911310673, "dvar2": 1.43672502041, "max": 12.6895713806, "mean": 2.04462051392, "median": 1.69605505466, "min": -2.42019319534, "var": 3.74796462059}, "melbands_spread": {"dmean": 6.97748470306, "dmean2": 10.4785575867, "dvar": 107.104614258, "dvar2": 210.923171997, "max": 236.672546387, "mean": 28.6004581451, "median": 22.5982131958, "min": 1.03488469124, "var": 649.947692871}, "mfcc": {"cov": [[14884.3359375, 1932.18151855, -768.600036621, 152.900161743, -152.073898315, 60.7241706848, 105.427658081, 0.199810281396, -324.701416016, 53.7861404419, -248.732803345, -78.3680801392, -53.2698707581], [1932.18151855, 1203.63232422, -120.302436829, -12.6312179565, -78.2022018433, 57.5942802429, 168.328094482, 50.9570350647, -1.56385159492, 33.5678596497, -39.2506484985, -35.3770332336, -6.64352655411], [-768.600036621, -120.302436829, 822.782958984, 167.834060669, 29.0464401245, 13.5136547089, -108.139862061, 75.9808578491, 56.9363250732, 2.11239433289, 3.95226073265, 18.5388240814, -49.8534011841], [152.900161743, -12.6312179565, 167.834060669, 308.554016113, 141.41305542, -52.0717887878, -75.470489502, 40.0296516418, 47.0527534485, 14.6663923264, 28.8349285126, 19.710647583, -8.90613269806], [-152.073898315, -78.2022018433, 29.0464401245, 141.41305542, 234.442810059, 40.7934379578, -40.4173851013, 20.9960670471, 54.7390174866, 22.2294883728, 36.334487915, 19.2515068054, 13.2758693695], [60.7241706848, 57.5942802429, 13.5136547089, -52.0717887878, 40.7934379578, 212.636169434, 98.4148330688, 3.98680019379, 12.9118452072, 26.7867851257, 25.3108177185, -1.45784330368, 35.0626792908], [105.427658081, 168.328094482, -108.139862061, -75.470489502, -40.4173851013, 98.4148330688, 257.578674316, 29.6472492218, -11.7273330688, 31.6605682373, 11.3364591599, 9.28915786743, 36.3382301331], [0.199810281396, 50.9570350647, 75.9808578491, 40.0296516418, 20.9960670471, 3.98680019379, 29.6472492218, 120.00617981, 55.4726219177, 13.4812812805, 14.1437320709, 13.3121290207, 5.08396482468], [-324.701416016, -1.56385159492, 56.9363250732, 47.0527534485, 54.7390174866, 12.9118452072, -11.7273330688, 55.4726219177, 128.391235352, 37.7400970459, 25.1121997833, 0.919327616692, 0.106727689505], [53.7861404419, 33.5678596497, 2.11239433289, 14.6663923264, 22.2294883728, 26.7867851257, 31.6605682373, 13.4812812805, 37.7400970459, 94.22240448, 33.3685913086, 0.43096780777, 5.10147619247], [-248.732803345, -39.2506484985, 3.95226073265, 28.8349285126, 36.334487915, 25.3108177185, 11.3364591599, 14.1437320709, 25.1121997833, 33.3685913086, 98.5208816528, 30.7095336914, 6.30468225479], [-78.3680801392, -35.3770332336, 18.5388240814, 19.710647583, 19.2515068054, -1.45784330368, 9.28915786743, 13.3121290207, 0.919327616692, 0.43096780777, 30.7095336914, 75.1222381592, 24.6232357025], [-53.2698707581, -6.64352655411, -49.8534011841, -8.90613269806, 13.2758693695, 35.0626792908, 36.3382301331, 5.08396482468, 0.106727689505, 5.10147619247, 6.30468225479, 24.6232357025, 76.9399032593]], "icov": [[0.000113600486657, -0.00015375437215, 0.000162894575624, -0.000233013415709, 0.000120155316836, -0.000232608435908, 0.000199448666535, -0.000203189280001, 0.00038900252548, -0.000261934008449, 0.000336054828949, -0.000159428484039, 0.000188762584003], [-0.00015375437215, 0.00123382743914, 1.67299349414e-05, -0.000180311617441, 0.000365876563592, -7.24643177819e-05, -0.000754171516746, -0.000194442371139, -0.000485910743009, 2.50114626397e-05, 0.000137672803248, 0.000382169266231, 0.000194410851691], [0.000162894575624, 1.67299349414e-05, 0.00206589302979, -0.00160440779291, 0.00122517941054, -0.001710362616, 0.00116570666432, -0.00142442202196, 0.000388882908737, -0.000561135762837, 0.00122128776275, -0.00120864715427, 0.00170210644137], [-0.000233013415709, -0.000180311617441, -0.00160440779291, 0.00690835295245, -0.00435922015458, 0.003248273395, -0.000201052243938, -6.54129398754e-05, -0.000593923032284, 0.000301156018395, -0.00188170559704, 0.000609077920672, -0.00110551400576], [0.000120155316836, 0.000365876563592, 0.00122517941054, -0.00435922015458, 0.00831207353622, -0.00358803384006, 0.00167276873253, -0.000422428682214, -0.00137726997491, -0.00058112340048, 0.000372960756067, -0.0014262762852, 0.00030913593946], [-0.000232608435908, -7.24643177819e-05, -0.001710362616, 0.003248273395, -0.00358803384006, 0.00885187834501, -0.00336597068235, 0.00181196024641, -0.00108024291694, 0.000524504925124, -0.00287909153849, 0.00282927160151, -0.00354717904702], [0.000199448666535, -0.000754171516746, 0.00116570666432, -0.000201052243938, 0.00167276873253, -0.00336597068235, 0.00708925863728, -0.00292065716349, 0.00213055848144, -0.00233427411877, 0.000780482951086, -0.00137799570803, -0.000576048856601], [-0.000203189280001, -0.000194442371139, -0.00142442202196, -6.54129398754e-05, -0.000422428682214, 0.00181196024641, -0.00292065716349, 0.0129262171686, -0.00602559326217, 0.0018007834442, -0.00107884360477, -0.00086897861911, -0.00106010294985], [0.00038900252548, -0.000485910743009, 0.000388882908737, -0.000593923032284, -0.00137726997491, -0.00108024291694, 0.00213055848144, -0.00602559326217, 0.0136658474803, -0.00473533803597, 0.000122585406643, 0.00102228054311, 0.000490244303364], [-0.000261934008449, 2.50114626397e-05, -0.000561135762837, 0.000301156018395, -0.00058112340048, 0.000524504925124, -0.00233427411877, 0.0018007834442, -0.00473533803597, 0.015002194792, -0.00516519229859, 0.00232909037732, -0.0009734815103], [0.000336054828949, 0.000137672803248, 0.00122128776275, -0.00188170559704, 0.000372960756067, -0.00287909153849, 0.000780482951086, -0.00107884360477, 0.000122585406643, -0.00516519229859, 0.0159015133977, -0.00691107241437, 0.00301949400455], [-0.000159428484039, 0.000382169266231, -0.00120864715427, 0.000609077920672, -0.0014262762852, 0.00282927160151, -0.00137799570803, -0.00086897861911, 0.00102228054311, 0.00232909037732, -0.00691107241437, 0.0192627403885, -0.00687925517559], [0.000188762584003, 0.000194410851691, 0.00170210644137, -0.00110551400576, 0.00030913593946, -0.00354717904702, -0.000576048856601, -0.00106010294985, 0.000490244303364, -0.0009734815103, 0.00301949400455, -0.00687925517559, 0.0180428475142]], "mean": [-699.906555176, 109.943946838, -1.84796476364, 14.2346801758, -1.85127663612, 7.6643743515, 5.13105249405, 6.29879236221, -7.04818582535, 3.46870756149, -7.48136615753, -2.38886284828, 0.131278693676]}, "pitch_salience": {"dmean": 0.0683254078031, "dmean2": 0.108465522528, "dvar": 0.00388489547186, "dvar2": 0.00979316793382, "max": 0.937169313431, "mean": 0.55603736639, "median": 0.561984181404, "min": 0.135320961475, "var": 0.0145788304508}, "silence_rate_20dB": {"dmean": 0, "dmean2": 0, "dvar": 0, "dvar2": 0, "max": 1, "mean": 1, "median": 1, "min": 1, "var": 0}, "silence_rate_30dB": {"dmean": 0.00336511502974, "dmean2": 0.00673148827627, "dvar": 0.00335388095118, "dvar2": 0.00855639018118, "max": 1, "mean": 0.99738317728, "median": 1, "min": 0, "var": 0.00260984664783}, "silence_rate_60dB": {"dmean": 0.0463638044894, "dmean2": 0.0927449539304, "dvar": 0.0442158356309, "dvar2": 0.0957397967577, "max": 1, "mean": 0.20560747385, "median": 0, "min": 0, "var": 0.1633271873}, "spectral_centroid": {"dmean": 228.769607544, "dmean2": 345.541259766, "dvar": 80581.6796875, "dvar2": 160383.046875, "max": 11644.9130859, "mean": 1551.71264648, "median": 1356.53466797, "min": 245.136276245, "var": 1646382.625}, "spectral_complexity": {"dmean": 2.29799962044, "dmean2": 3.55983543396, "dvar": 6.72033977509, "dvar2": 13.8889160156, "max": 45, "mean": 11.7964487076, "median": 12, "min": 0, "var": 47.1566772461}, "spectral_contrast_coeffs": {"dmean": [0.0475812144578, 0.0435506477952, 0.0427716225386, 0.0334559716284, 0.0220143627375, 0.0138340005651], "dmean2": [0.0784041061997, 0.070312358439, 0.0669504851103, 0.0515068881214, 0.0341341122985, 0.0220364890993], "dvar": [0.00164510821924, 0.00139658059925, 0.00148478185292, 0.000970295979641, 0.000404239835916, 0.000149908271851], "dvar2": [0.0041973059997, 0.00336507055908, 0.00329461623915, 0.00200851238333, 0.000840460532345, 0.000341300998116], "max": [-0.30458176136, -0.36824709177, -0.387603193521, -0.471406757832, -0.542744576931, -0.650260388851], "mean": [-0.673146188259, -0.739744067192, -0.731356859207, -0.762593924999, -0.78867572546, -0.781220495701], "median": [-0.673828125, -0.748851835728, -0.742088794708, -0.772479176521, -0.797800838947, -0.777777910233], "min": [-0.984512746334, -0.977387905121, -0.974118471146, -0.971166610718, -0.967755317688, -0.96375721693], "var": [0.00862809084356, 0.00758998887613, 0.00994324404746, 0.00734275113791, 0.00384142622352, 0.00173353054561]}, "spectral_contrast_valleys": {"dmean": [0.417289555073, 0.366981446743, 0.341879546642, 0.30374032259, 0.260889440775, 0.253517717123], "dmean2": [0.674781441689, 0.595690369606, 0.550308346748, 0.471019983292, 0.373307138681, 0.324548393488], "dvar": [0.174858078361, 0.118763834238, 0.110989540815, 0.109753385186, 0.0945178493857, 0.106795035303], "dvar2": [0.35712236166, 0.254678577185, 0.231075748801, 0.215790703893, 0.159928053617, 0.163245916367], "max": [-5.37884140015, -5.17175483704, -5.03813695908, -5.15183591843, -5.5464515686, -7.44034528732], "mean": [-8.25835990906, -7.79222202301, -8.19152641296, -8.66822910309, -8.5205450058, -10.8568935394], "median": [-7.64168357849, -7.26325130463, -7.65765571594, -8.18615722656, -8.0095615387, -10.4578933716], "min": [-28.21043396, -27.8771209717, -27.9117660522, -27.7183113098, -27.4438896179, -27.4359226227], "var": [7.32193183899, 7.31504249573, 7.1599984169, 6.8300614357, 6.75195169449, 5.32534265518]}, "spectral_decrease": {"dmean": 1.2996209664e-09, "dmean2": 1.83980486401e-09, "dvar": 4.32123370619e-18, "dvar2": 8.73179795545e-18, "max": 1.9720698833e-17, "mean": -3.98626998077e-09, "median": -2.38679942477e-09, "min": -3.13129184804e-08, "var": 1.97258902185e-17}, "spectral_energy": {"dmean": 0.0052851466462, "dmean2": 0.00744720641524, "dvar": 7.16832073522e-05, "dvar2": 0.000143228084198, "max": 0.12851408124, "mean": 0.0164546966553, "median": 0.00988228898495, "min": 9.72661972138e-21, "var": 0.000338637008099}, "spectral_energyband_high": {"dmean": 0.000180081144208, "dmean2": 0.000242997542955, "dvar": 4.52944703966e-07, "dvar2": 7.55009693876e-07, "max": 0.0232584085315, "mean": 0.000403531768825, "median": 0.000165805278812, "min": 6.8871582867e-21, "var": 1.18185107567e-06}, "spectral_energyband_low": {"dmean": 0.00164072937332, "dmean2": 0.00252508209087, "dvar": 1.48680901475e-05, "dvar2": 3.51208691427e-05, "max": 0.0488311238587, "mean": 0.0031000059098, "median": 0.0012984815985, "min": 1.38661930952e-23, "var": 2.32960883295e-05}, "spectral_energyband_middle_high": {"dmean": 0.00270045269281, "dmean2": 0.00369755271822, "dvar": 4.40581534349e-05, "dvar2": 8.60237196321e-05, "max": 0.119592905045, "mean": 0.00741055374965, "median": 0.0019611059688, "min": 1.2418326625e-21, "var": 0.000192108578631}, "spectral_energyband_middle_low": {"dmean": 0.00245977030136, "dmean2": 0.00365915428847, "dvar": 1.98637208086e-05, "dvar2": 4.13071793446e-05, "max": 0.115688800812, "mean": 0.00601592101157, "median": 0.0026384438388, "min": 1.57296516851e-22, "var": 7.9882593127e-05}, "spectral_entropy": {"dmean": 0.152506932616, "dmean2": 0.215230464935, "dvar": 0.0248146597296, "dvar2": 0.0434735156596, "max": 9.81930065155, "mean": 7.56836223602, "median": 7.57833576202, "min": 5.89824342728, "var": 0.265460163355}, "spectral_flux": {"dmean": 0.0213743336499, "dmean2": 0.0331838093698, "dvar": 0.000768401834648, "dvar2": 0.00173886213452, "max": 0.333183020353, "mean": 0.0611572936177, "median": 0.0480060987175, "min": 6.07456446255e-11, "var": 0.00248722429387}, "spectral_kurtosis": {"dmean": 1.2425904274, "dmean2": 2.05308961868, "dvar": 2.18345069885, "dvar2": 5.7951259613, "max": 19.4410495758, "mean": 4.00664901733, "median": 3.5036110878, "min": -1.26265704632, "var": 6.95428085327}, "spectral_rms": {"dmean": 0.000580119900405, "dmean2": 0.000800512381829, "dvar": 5.33337527031e-07, "dvar2": 9.71250415205e-07, "max": 0.0111973024905, "mean": 0.00340903783217, "median": 0.00310503738001, "min": 3.08048465208e-12, "var": 4.43178169007e-06}, "spectral_rolloff": {"dmean": 421.59072876, "dmean2": 703.433105469, "dvar": 863038.375, "dvar2": 1921725, "max": 20671.875, "mean": 1910.9543457, "median": 1248.92578125, "min": 64.599609375, "var": 7996902}, "spectral_skewness": {"dmean": 0.180684700608, "dmean2": 0.284083753824, "dvar": 0.0336298905313, "dvar2": 0.0752052292228, "max": 3.31552767754, "mean": 1.49273359776, "median": 1.45740008354, "min": -0.211551427841, "var": 0.197642445564}, "spectral_spread": {"dmean": 473973.03125, "dmean2": 688266.75, "dvar": 604223832064, "dvar2": 1169325555710.0, "max": 42913980, "mean": 5255202, "median": 4533990