{"lowlevel": {"average_loudness": 0.87877959013, "barkbands": {"dmean": [1.63201766554e-05, 0.0012047853088, 0.000530966324732, 0.000747661397327, 0.000767885474488, 0.00085926882457, 0.000557295570616, 0.00051492091734, 0.000701399985701, 0.00082287058467, 0.000564930029213, 0.000874985882547, 0.000944233615883, 0.000799023953732, 0.000599284947384, 0.000287868897431, 0.000288338429527, 0.000272876612144, 0.000286236143438, 0.000180351329618, 0.00012781364785, 0.000100643963378, 8.09746343293e-05, 4.58230279037e-05, 3.4596570913e-05, 1.95029642782e-05, 8.15418161437e-07], "dmean2": [2.65236230916e-05, 0.00188878679182, 0.000876226113178, 0.0012664294336, 0.00122264295351, 0.00136039918289, 0.000881531799678, 0.000814508355688, 0.00113829795737, 0.00132519984618, 0.000929184432607, 0.00140251242556, 0.00155043357518, 0.00131186901126, 0.000988686224446, 0.00046767416643, 0.000466165365651, 0.000448746606708, 0.000465887220344, 0.000291464704787, 0.000201446950086, 0.000153141692863, 0.000119678072224, 6.57571072225e-05, 4.81952483824e-05, 2.72594879789e-05, 1.23585152778e-06], "dvar": [5.48191159133e-10, 8.31610941532e-06, 1.12807697406e-06, 3.62182890967e-06, 1.83603390269e-06, 4.09752510677e-06, 1.88822707514e-06, 2.1717717118e-06, 3.70815155293e-06, 4.6661198212e-06, 1.45294882259e-06, 4.72516239824e-06, 6.02997079113e-06, 2.60035335486e-06, 1.41261034514e-06, 3.50054364162e-07, 2.27854243917e-07, 1.79408431222e-07, 2.87240965235e-07, 7.26167357357e-08, 4.57498501305e-08, 5.83463162229e-08, 6.86911505454e-08, 2.41494397812e-08, 5.26279855251e-08, 3.42701955702e-09, 6.64483138652e-12], "dvar2": [1.43112433015e-09, 1.77567126229e-05, 2.9815050766e-06, 9.67423420661e-06, 4.44236638941e-06, 1.04131331682e-05, 4.62445177618e-06, 5.20310959473e-06, 9.59397311817e-06, 1.17625604616e-05, 4.05014407079e-06, 1.22386491057e-05, 1.72080362972e-05, 6.77777370583e-06, 3.8127739117e-06, 8.45907550229e-07, 5.84876602261e-07, 4.77139678878e-07, 7.05446382199e-07, 1.8467248708e-07, 1.12344785919e-07, 1.32027679456e-07, 1.55588921302e-07, 4.9494918386e-08, 1.2203842914e-07, 6.82809897512e-09, 1.42249944463e-11], "max": [0.000429739506217, 0.0424200557172, 0.013861800544, 0.0249390006065, 0.0299113225192, 0.042723800987, 0.038757443428, 0.0348448269069, 0.044062089175, 0.0582730062306, 0.0214709043503, 0.0407415777445, 0.0530442111194, 0.0341193638742, 0.0189077798277, 0.0217217281461, 0.0148979490623, 0.00830214656889, 0.0192411225289, 0.00607490260154, 0.00655716657639, 0.011831770651, 0.0114589137957, 0.00697749573737, 0.0139043899253, 0.00186007155571, 5.74985970161e-05], "mean": [3.83566402888e-05, 0.00177866395097, 0.000839070184156, 0.000923270767089, 0.00159837724641, 0.00139399734326, 0.000917544937693, 0.000837942759972, 0.00104118767194, 0.00120720395353, 0.000904387270566, 0.00131947279442, 0.00149500195403, 0.00137383246329, 0.000985369668342, 0.000490522768814, 0.000573417521082, 0.00053782883333, 0.0006498004077, 0.000437954149675, 0.00032562186243, 0.000252570636803, 0.00019083629013, 0.000111164823466, 6.64235922159e-05, 2.77454564639e-05, 8.46374859975e-07], "median": [2.61117311311e-05, 0.000572164077312, 0.000379786244594, 0.000327043759171, 0.000901653547771, 0.000539590953849, 0.00036917446414, 0.000275054160738, 0.000351543945726, 0.000389329099562, 0.000282003486063, 0.000339794001775, 0.000341899925843, 0.000368075008737, 0.000348667788785, 0.000239936678554, 0.000357039738446, 0.000325982196955, 0.000416819821112, 0.000299769249978, 0.000201646384085, 0.000122254044982, 8.26343675726e-05, 4.90487655043e-05, 2.10426951526e-05, 3.0893420444e-06, 1.62560063188e-08], "min": [1.93567360916e-25, 3.25735025034e-24, 1.44052282598e-24, 2.69721009826e-24, 8.29963871599e-24, 2.87559817299e-24, 9.79809262723e-24, 7.13661713912e-24, 1.40753011885e-23, 1.94258733405e-23, 2.17629179484e-23, 3.09726449804e-23, 3.51628532278e-23, 3.32850297964e-23, 5.19182872537e-23, 7.99257145319e-23, 5.36832089124e-23, 6.13219446952e-23, 1.17196142197e-22, 1.85979120712e-22, 1.36469970486e-22, 3.13839337061e-22, 4.32268008157e-22, 6.4594288667e-22, 8.18554084077e-22, 1.34642042191e-21, 1.81991447768e-21], "var": [1.44450085227e-09, 1.34762831294e-05, 1.58683417339e-06, 3.45043213201e-06, 4.49280696557e-06, 6.32389082966e-06, 3.3381211324e-06, 4.57491478301e-06, 7.02558008925e-06, 7.06085847924e-06, 2.95349286716e-06, 9.12770883588e-06, 1.14146678243e-05, 5.87426529819e-06, 2.92722506856e-06, 6.98302301316e-07, 5.4415698969e-07, 4.18861219487e-07, 8.74855743405e-07, 2.54921161513e-07, 1.9304421528e-07, 2.40761238501e-07, 1.89644865145e-07, 6.75592914945e-08, 8.45507912572e-08, 6.68979405205e-09, 8.94921463324e-12]}, "barkbands_crest": {"dmean": 2.53494334221, "dmean2": 4.12697505951, "dvar": 5.79295873642, "dvar2": 14.8424901962, "max": 26.2022018433, "mean": 8.4236125946, "median": 7.28375720978, "min": 1.91211426258, "var": 18.0794429779}, "barkbands_flatness_db": {"dmean": 0.0184616278857, "dmean2": 0.0275416132063, "dvar": 0.000418808107497, "dvar2": 0.000839840504341, "max": 0.42778852582, "mean": 0.113179177046, "median": 0.101005479693, "min": 0.0172027871013, "var": 0.00267755473033}, "barkbands_kurtosis": {"dmean": 1.42674052715, "dmean2": 2.21811628342, "dvar": 11.7088766098, "dvar2": 25.6647052765, "max": 155.026535034, "mean": 1.24499392509, "median": -0.147314041853, "min": -1.85460066795, "var": 27.4279232025}, "barkbands_skewness": {"dmean": 0.399112761021, "dmean2": 0.603443562984, "dvar": 0.198524281383, "dvar2": 0.428342908621, "max": 8.48921203613, "mean": 0.577568352222, "median": 0.425574958324, "min": -4.84431838989, "var": 1.1043702364}, "barkbands_spread": {"dmean": 5.55041313171, "dmean2": 8.47388744354, "dvar": 35.098690033, "dvar2": 77.1017150879, "max": 113.628372192, "mean": 26.9053993225, "median": 26.0559616089, "min": 0.597101151943, "var": 161.712661743}, "dissonance": {"dmean": 0.0158326886594, "dmean2": 0.0265973135829, "dvar": 0.000335577933583, "dvar2": 0.000916331482586, "max": 0.500000059605, "mean": 0.472853660583, "median": 0.48030436039, "min": 0.229401305318, "var": 0.00068617897341}, "dynamic_complexity": 4.99555444717, "erbbands": {"dmean": [0.0282236468047, 0.296389460564, 0.498495638371, 1.83848011494, 2.12852406502, 2.69625377655, 4.81422758102, 8.05149078369, 8.71436595917, 8.56161785126, 11.1680679321, 16.6854724884, 22.033706665, 20.8831310272, 24.7504615784, 40.9722824097, 46.4386787415, 32.7458724976, 39.8359947205, 18.830078125, 13.3182516098, 13.7922439575, 14.289431572, 12.6465730667, 14.6622772217, 8.69176292419, 6.15730381012, 4.49660348892, 3.69675993919, 2.85876774788, 2.21713495255, 1.28118169308, 0.693124949932, 0.457797646523, 0.217533051968, 0.103649049997, 0.0333219990134, 0.0042839362286, 9.71379340626e-05, 9.16205954127e-06], "dmean2": [0.0440578795969, 0.464692234993, 0.797434091568, 3.07763147354, 3.51963996887, 4.28336668015, 7.38197374344, 13.0298671722, 13.8992137909, 13.5164470673, 17.6618461609, 26.8433132172, 35.6146812439, 33.0787582397, 40.8157272339, 65.4982299805, 76.2104949951, 53.4420204163, 65.4214782715, 30.3601856232, 21.4680805206, 22.2968235016, 23.2687587738, 20.7555656433, 23.9777889252, 14.1232738495, 9.73195457458, 7.02973794937, 5.70354127884, 4.2436671257, 3.3192281723, 1.87228250504, 1.01024353504, 0.670141577721, 0.303273588419, 0.143798351288, 0.0473383180797, 0.00619418686256, 0.000138475967105, 1.31853812491e-05], "dvar": [0.00424291985109, 0.503403246403, 0.850853323936, 20.9815158844, 16.1977024078, 29.3056354523, 140.071289063, 416.758758545, 454.209991455, 570.841918945, 1236.00244141, 2116.41992188, 4139.54492188, 2931.4128418, 2822.34130859, 10850.8339844, 15568.2988281, 4453.04296875, 6015.96386719, 1613.7532959, 637.64666748, 454.782653809, 495.097991943, 414.794921875, 999.332214355, 168.73475647, 101.305244446, 71.0390625, 75.9305038452, 45.9268379211, 54.7783889771, 19.1196155548, 7.99652433395, 14.2541265488, 1.25444865227, 0.104811608791, 0.0121992714703, 0.00017763163487, 8.44098551056e-08, 2.1601986866e-10], "dvar2": [0.00946010090411, 1.06773352623, 2.07348155975, 55.5189437866, 40.5700149536, 71.2076034546, 322.341125488, 1080.07214355, 1081.36901855, 1451.85253906, 3074.83105469, 5595.13232422, 10423.6025391, 7084.73095703, 8220.47363281, 28258.4296875, 45133.7304688, 11647.0234375, 16499.7226563, 3938.57446289, 1507.37792969, 1183.59680176, 1278.38977051, 1108.91162109, 2439.64575195, 430.608062744, 241.336105347, 175.08706665, 168.006881714, 94.4352493286, 124.181427002, 41.4125938416, 18.4713039398, 36.9902267456, 2.5910449028, 0.204572364688, 0.0265962984413, 0.000352594361175, 1.64322329965e-07, 4.2694278668e-10], "max": [1.13563776016, 9.72204399109, 15.0725669861, 55.5448722839, 76.0428771973, 121.098449707, 388.809387207, 417.785217285, 687.302368164, 654.10559082, 847.636657715, 1029.07165527, 1984.87658691, 1474.48193359, 1039.40014648, 1910.71386719, 2932.796875, 1990.43408203, 1150.79516602, 1407.1204834, 1199.99938965, 580.90838623, 484.772125244, 478.433807373, 1271.4251709, 245.717086792, 285.18460083, 341.233337402, 415.229492188, 306.844177246, 320.963378906, 188.901565552, 115.239906311, 251.533065796, 60.997505188, 10.1669807434, 4.86539745331, 0.380986511707, 0.00710386922583, 0.0004468067782], "mean": [0.0431559942663, 0.429856598377, 0.912993967533, 2.39706707001, 3.70257377625, 5.34156322479, 8.87463188171, 11.9214935303, 13.9293003082, 15.0429954529, 18.3302898407, 25.7734699249, 31.8369026184, 35.3059501648, 41.7505645752, 65.960647583, 77.5180664063, 62.1219520569, 71.8974227905, 34.537311554, 25.9049873352, 29.9748706818, 30.6295452118, 29.3594741821, 32.1683807373, 21.2872047424, 16.147485733, 11.1402206421, 9.20432853699, 6.97438001633, 5.09146308899, 3.0947136879, 1.55886387825, 0.860486090183, 0.406974583864, 0.159405067563, 0.0442924834788, 0.0053027132526, 0.000135540321935, 3.16010045935e-05], "median": [0.012498431839, 0.139000162482, 0.451372146606, 0.956792831421, 1.9214682579, 2.72092199326, 3.82580900192, 4.14796733856, 5.70978069305, 5.78956031799, 6.79259586334, 9.03216552734, 11.5128498077, 12.6495933533, 16.0794487, 17.8418540955, 20.6453781128, 20.6581001282, 23.8233642578, 17.8731822968, 14.4683446884, 19.8473777771, 20.7314453125, 18.4020881653, 20.8065299988, 14.3910837173, 10.0780277252, 6.49935054779, 4.38303661346, 3.01338744164, 2.29724788666, 1.41114234924, 0.63461971283, 0.297424644232, 0.106986269355, 0.0251747183502, 0.0041633984074, 0.000335988705046, 2.83078370558e-05, 2.73218283837e-05], "min": [1.16058655258e-22, 7.85770993853e-22, 3.34370738375e-21, 7.57940021507e-21, 1.32522452456e-20, 1.86274837781e-20, 4.20998322585e-20, 5.46802832543e-20, 9.46725982525e-20, 2.07428191876e-19, 1.75423100561e-19, 3.74992611329e-19, 4.41713930115e-19, 6.88203102706e-19, 1.04719380169e-18, 1.03891744607e-18, 1.76820464525e-18, 2.17218786909e-18, 2.97112377924e-18, 3.06626857484e-18, 4.26682011113e-18, 3.98975968727e-18, 3.59766945948e-18, 6.8521590536e-18, 5.75455241929e-18, 8.52674236314e-18, 8.35292276512e-18, 5.67591070409e-18, 1.13311600908e-17, 1.22685095805e-17, 1.09455872191e-17, 1.10973591451e-17, 9.15107264689e-18, 8.55777156228e-18, 5.65919172955e-18, 3.87677343304e-18, 2.3839889125e-18, 9.90195784206e-19, 2.564597492e-19, 2.62821727769e-20], "var": [0.00701961480081, 0.8149061203, 1.63909089565, 20.9495983124, 29.847820282, 66.6670684814, 257.441223145, 566.774353027, 783.601135254, 1121.8536377, 2092.36181641, 4012.64526367, 5281.42333984, 6478.09765625, 5420.6953125, 21171.7421875, 28542.5957031, 10890.515625, 14204.1699219, 3393.58129883, 1552.04663086, 1242.07470703, 1200.96777344, 1345.74621582, 2477.88842773, 598.603515625, 450.68081665, 279.007476807, 309.788818359, 206.900360107, 137.686126709, 51.8751945496, 16.2268676758, 16.7884311676, 2.56373333931, 0.216086119413, 0.021396221593, 0.000295649457257, 1.45746170688e-07, 7.55256690521e-10]}, "erbbands_crest": {"dmean": 2.8188149929, "dmean2": 4.61349010468, "dvar": 7.68905973434, "dvar2": 19.7398662567, "max": 33.1816329956, "mean": 9.20538711548, "median": 7.90507602692, "min": 2.18043780327, "var": 24.0028324127}, "erbbands_flatness_db": {"dmean": 0.0178607441485, "dmean2": 0.0251226127148, "dvar": 0.000329506816342, "dvar2": 0.000608171802014, "max": 0.415459752083, "mean": 0.176055282354, "median": 0.171780765057, "min": 0.0346998646855, "var": 0.00264443922788}, "erbbands_kurtosis": {"dmean": 1.02109992504, "dmean2": 1.61547374725, "dvar": 3.97231674194, "dvar2": 9.68602371216, "max": 95.8872756958, "mean": 0.79380440712, "median": 0.132152199745, "min": -1.7300914526, "var": 8.22013950348}, "erbbands_skewness": {"dmean": 0.354228496552, "dmean2": 0.549441635609, "dvar": 0.126657217741, "dvar2": 0.285713911057, "max": 8.04025173187, "mean": 0.114641033113, "median": 0.0764971077442, "min": -4.12314796448, "var": 0.576517045498}, "erbbands_spread": {"dmean": 6.1988196373, "dmean2": 9.4357919693, "dvar": 42.5899238586, "dvar2": 93.3295288086, "max": 113.389694214, "mean": 30.7173786163, "median": 27.3319625854, "min": 1.42811250687, "var": 229.884918213}, "gfcc": {"cov": [[32508.3496094, -37.8272628784, -1507.18591309, 742.162536621, -1153.46618652, 562.405395508, -632.490600586, 359.392059326, -698.731445313, 451.887084961, -430.197906494, 290.889801025, -519.043395996], [-37.8272628784, 1367.8996582, -261.919189453, 92.9438476563, 129.426651001, -131.055511475, 135.82220459, -114.017951965, 114.944541931, -184.212982178, 86.1820068359, -178.10774231, 104.309448242], [-1507.18591309, -261.919189453, 1177.37634277, 77.2069549561, 82.7035446167, 29.2933635712, -2.96399259567, 135.200332642, 36.281829834, 94.9360809326, -124.520027161, 120.622772217, -80.9420700073], [742.162536621, 92.9438476563, 77.2069549561, 466.603149414, 54.3888435364, 82.1913528442, 33.4798583984, 25.4860191345, 11.4702186584, -57.1258888245, -14.3155040741, -18.0604114532, 11.0788669586], [-1153.46618652, 129.426651001, 82.7035446167, 54.3888435364, 385.360687256, 44.5597496033, 119.351478577, 5.61631536484, 27.6072101593, -35.6726150513, -25.1759395599, -20.104631424, -4.69927453995], [562.405395508, -131.055511475, 29.2933635712, 82.1913528442, 44.5597496033, 321.187866211, 97.8233108521, 49.4473457336, -27.9621601105, 41.1352844238, 49.5227622986, 0.216452077031, -29.5361595154], [-632.490600586, 135.82220459, -2.96399259567, 33.4798583984, 119.351478577, 97.8233108521, 219.185028076, 26.7014923096, 36.1591033936, -19.9872131348, 42.0670661926, -34.1546401978, -1.42936944962], [359.392059326, -114.017951965, 135.200332642, 25.4860191345, 5.61631536484, 49.4473457336, 26.7014923096, 147.259262085, 37.5458145142, 49.4386787415, -40.9270133972, 30.2991676331, -21.7152843475], [-698.731445313, 114.944541931, 36.281829834, 11.4702186584, 27.6072101593, -27.9621601105, 36.1591033936, 37.5458145142, 145.333587646, 18.2224674225, 25.9006557465, -17.5035648346, 25.8704853058], [451.887084961, -184.212982178, 94.9360809326, -57.1258888245, -35.6726150513, 41.1352844238, -19.9872131348, 49.4386787415, 18.2224674225, 140.856338501, 22.7589244843, 55.8302497864, -32.1958312988], [-430.197906494, 86.1820068359, -124.520027161, -14.3155040741, -25.1759395599, 49.5227622986, 42.0670661926, -40.9270133972, 25.9006557465, 22.7589244843, 161.667007446, -2.01546382904, 41.6880531311], [290.889801025, -178.10774231, 120.622772217, -18.0604114532, -20.104631424, 0.216452077031, -34.1546401978, 30.2991676331, -17.5035648346, 55.8302497864, -2.01546382904, 108.247428894, 3.4244287014], [-519.043395996, 104.309448242, -80.9420700073, 11.0788669586, -4.69927453995, -29.5361595154, -1.42936944962, -21.7152843475, 25.8704853058, -32.1958312988, 41.6880531311, 3.4244287014, 104.533836365]], "icov": [[0.000103071593912, -0.000254902231973, 0.000273451471003, -0.000235925952438, 0.000273861107416, -0.000245112285484, 0.000201406350243, -0.000239489396336, 0.000384445214877, -0.000490972248372, 0.000481901224703, -0.000549300806597, 0.000478389702039], [-0.000254902231973, 0.00191905803513, -0.000699143856764, 0.000414710462792, -0.000870238116477, 0.00121190783102, -0.000993991619907, 0.000898460159078, -0.00147910811938, 0.0019397395663, -0.00178639008664, 0.00274267280474, -0.0017035146011], [0.000273451471003, -0.000699143856764, 0.00193607527763, -0.000832575315144, 0.000548823503777, -0.000717604591046, 0.000451750529464, -0.000836212770082, 0.00043451206875, -0.00153739168309, 0.00209601619281, -0.00286177964881, 0.00197398103774], [-0.000235925952438, 0.000414710462792, -0.000832575315144, 0.00313819432631, -0.000736354209948, -0.000452236476121, -2.32562633755e-05, 4.50596235169e-05, -0.00127780309413, 0.00271500996314, -0.00103021180257, 0.00102325621992, -0.00118460797239], [0.000273861107416, -0.000870238116477, 0.000548823503777, -0.000736354209948, 0.0042089689523, -0.00104542984627, -0.00140137190465, 0.000338069017744, 0.000355675554601, -0.00100592966191, 0.00270852656104, -0.00206848746166, 0.00126582931262], [-0.000245112285484, 0.00121190783102, -0.000717604591046, -0.000452236476121, -0.00104542984627, 0.00594389345497, -0.00244579999708, -0.001272302703, 0.00152308901306, -0.000247913616477, -0.00353953405283, 0.00308701046742, -0.0007422346971], [0.000201406350243, -0.000993991619907, 0.000451750529464, -2.32562633755e-05, -0.00140137190465, -0.00244579999708, 0.00837981328368, -0.00271488726139, -0.000220651563723, 0.0011363212252, -0.00162016972899, -0.000256951083429, 0.00219984049909], [-0.000239489396336, 0.000898460159078, -0.000836212770082, 4.50596235169e-05, 0.000338069017744, -0.001272302703, -0.00271488726139, 0.0127199022099, -0.00495663052425, -0.00175345141906, 0.00398713676259, -0.00107077450957, -0.00134534796234], [0.000384445214877, -0.00147910811938, 0.00043451206875, -0.00127780309413, 0.000355675554601, 0.00152308901306, -0.000220651563723, -0.00495663052425, 0.0126979500055, -0.00531975831836, -0.000477717316244, 0.00204859906808, -0.00138723663986], [-0.000490972248372, 0.0019397395663, -0.00153739168309, 0.00271500996314, -0.00100592966191, -0.000247913616477, 0.0011363212252, -0.00175345141906, -0.00531975831836, 0.0174881331623, -0.00654478324577, -0.00275939353742, 0.00308769242838], [0.000481901224703, -0.00178639008664, 0.00209601619281, -0.00103021180257, 0.00270852656104, -0.00353953405283, -0.00162016972899, 0.00398713676259, -0.000477717316244, -0.00654478324577, 0.0142382793128, -0.00424481928349, -0.00160141137894], [-0.000549300806597, 0.00274267280474, -0.00286177964881, 0.00102325621992, -0.00206848746166, 0.00308701046742, -0.000256951083429, -0.00107077450957, 0.00204859906808, -0.00275939353742, -0.00424481928349, 0.0203296616673, -0.00756532419473], [0.000478389702039, -0.0017035146011, 0.00197398103774, -0.00118460797239, 0.00126582931262, -0.0007422346971, 0.00219984049909, -0.00134534796234, -0.00138723663986, 0.00308769242838, -0.00160141137894, -0.00756532419473, 0.0170741025358]], "mean": [-37.4164237976, 80.6259613037, -149.332977295, 36.7210464478, -62.1884918213, 16.131942749, -36.7318496704, 4.09616947174, -26.3644104004, 1.0146368742, -11.3384304047, -2.80716943741, -8.98675823212]}, "hfc": {"dmean": 6.59399652481, "dmean2": 9.73236274719, "dvar": 82.1910934448, "dvar2": 182.112213135, "max": 227.026596069, "mean": 26.6712837219, "median": 21.0915966034, "min": 1.06944123372e-16, "var": 568.468322754}, "melbands": {"dmean": [0.000307053356664, 0.000296804646496, 0.000305458408548, 0.000161201649462, 0.000157367263455, 0.000176892324816, 0.00012651157158, 9.75515285973e-05, 9.75366128841e-05, 0.000103862119431, 0.00011160759459, 8.82369713509e-05, 8.39602580527e-05, 8.65415277076e-05, 0.000124319689348, 7.83724681241e-05, 6.93291003699e-05, 7.298613491e-05, 3.43925130437e-05, 2.40553108597e-05, 1.62439464475e-05, 1.55287980306e-05, 1.71024948941e-05, 1.37086899485e-05, 1.10121018224e-05, 1.27918419821e-05, 8.23089885671e-06, 6.25503344054e-06, 4.5832757678e-06, 3.42557336808e-06, 2.88193223241e-06, 2.41438988269e-06, 1.91946264749e-06, 1.66984102634e-06, 1.33342621211e-06, 1.30522914787e-06, 7.40806910926e-07, 5.38484925983e-07, 4.5162929041e-07, 3.88117115335e-07], "dmean2": [0.0004783407785, 0.000457096350146, 0.000509317673277, 0.000260065949988, 0.000242434412939, 0.000283718807623, 0.000201397328055, 0.000154848588863, 0.000155572328367, 0.000167281032191, 0.00018026168982, 0.000139624811709, 0.000137933166116, 0.000138487434015, 0.00020112733182, 0.00012837232498, 0.000113557289296, 0.000119571071991, 5.6209104514e-05, 3.92315996578e-05, 2.62760549958e-05, 2.52559766523e-05, 2.81904485746e-05, 2.28748358495e-05, 1.82071289601e-05, 2.10255275306e-05, 1.35841501105e-05, 1.02872145362e-05, 7.39269535188e-06, 5.49488913748e-06, 4.63010564999e-06, 3.81763129553e-06, 2.98558370559e-06, 2.51819324149e-06, 2.05066908165e-06, 2.03054401027e-06, 1.11100428057e-06, 8.07010110293e-07, 6.77370394442e-07, 5.74054297431e-07], "dvar": [5.43442638445e-07, 3.31116240204e-07, 5.25932080109e-07, 7.34375973366e-08, 1.28094342244e-07, 1.86899811183e-07, 9.08356767582e-08, 7.21741741927e-08, 9.57103196697e-08, 8.32822024677e-08, 1.08841739177e-07, 5.56839090393e-08, 3.18665840382e-08, 4.43647572013e-08, 6.97053437193e-08, 4.05824600591e-08, 2.10292938618e-08, 2.08284447467e-08, 4.1068668466e-09, 2.77661404979e-09, 1.02442432315e-09, 7.26503357473e-10, 7.82545472866e-10, 4.97518026776e-10, 3.23926274692e-10, 6.85502765663e-10, 1.86028512039e-10, 9.74795869024e-11, 6.30170499116e-11, 3.48631262748e-11, 3.55288645726e-11, 3.46471046297e-11, 2.1478138712e-11, 1.6763933991e-11, 1.74016304838e-11, 2.68412063409e-11, 4.52968088385e-12, 3.15495611407e-12, 1.22423529647e-11, 8.9940208059e-12], "dvar2": [1.16035380415e-06, 7.02748309322e-07, 1.38943437378e-06, 1.79922281518e-07, 2.9580547789e-07, 4.81511278849e-07, 2.16866311575e-07, 1.79024240765e-07, 2.42641533532e-07, 2.16513925011e-07, 2.74523472399e-07, 1.35190475703e-07, 8.94328238132e-08, 1.14700803522e-07, 1.89962889863e-07, 1.15389084954e-07, 5.54122330243e-08, 5.63635218498e-08, 1.06253947862e-08, 6.7958327854e-09, 2.4452082581e-09, 1.91594828891e-09, 2.03426542278e-09, 1.33110589218e-09, 8.77824424261e-10, 1.69767677693e-09, 4.68332317372e-10, 2.54975818237e-10, 1.60141108707e-10, 8.74404298967e-11, 9.32148386257e-11, 8.21154602648e-11, 4.6130758935e-11, 3.66554391007e-11, 3.9307470473e-11, 6.85496312491e-11, 9.06711858373e-12, 6.88739386703e-12, 3.31630001238e-11, 2.24430907886e-11], "max": [0.0117190340534, 0.00994557328522, 0.0090493876487, 0.00507034081966, 0.0115203885362, 0.00885498151183, 0.00921874772757, 0.00617115013301, 0.00785476062447, 0.00721237063408, 0.0102728847414, 0.00642596744001, 0.00288077653386, 0.00385624356568, 0.00428731972352, 0.00477109197527, 0.00382561935112, 0.00236566434614, 0.00109449273441, 0.00205098930746, 0.00144586386159, 0.000900991610251, 0.0006198642659, 0.000422035576776, 0.000457971851574, 0.000982008758001, 0.000421994336648, 0.000178386209882, 0.000187848636415, 0.000177000081749, 0.00022976618493, 0.000260546512436, 0.000279495987343, 0.000132226865389, 0.000152568725753, 0.000257698149653, 0.000103576639958, 6.33712697891e-05, 0.00022710202029, 0.000193788800971], "mean": [0.000460513692815, 0.000524578616023, 0.000442380929599, 0.00032286599162, 0.000303659850033, 0.000269313110039, 0.00020612787921, 0.000169826627825, 0.000155486704898, 0.00015685998369, 0.000156114358106, 0.000140229007229, 0.00013552607561, 0.000131794382469, 0.000202065944904, 0.000124976664665, 0.000119679600175, 0.000125381091493, 5.77553983021e-05, 3.99278033001e-05, 2.86254453385e-05, 3.02087755699e-05, 3.25950932165e-05, 2.54729093285e-05, 2.29407705774e-05, 2.57550236711e-05, 1.75039167516e-05, 1.3511295947e-05, 1.06431380118e-05, 7.68891459302e-06, 6.24500398771e-06, 5.42592079e-06, 4.2846377255e-06, 3.65424830306e-06, 2.87028387902e-06, 2.63393371824e-06, 1.65648418715e-06, 1.15123452815e-06, 8.44088674512e-07, 6.72443434269e-07], "median": [0.000139528070576, 0.000249216682278, 0.000213790161069, 0.000175537090399, 0.000145453261212, 9.71763438429e-05, 8.3773265942e-05, 6.10245551798e-05, 5.39088869118e-05, 5.26989097125e-05, 5.14753555763e-05, 4.40338844783e-05, 4.42676609964e-05, 4.08661617257e-05, 4.6691580792e-05, 3.52434799424e-05, 3.42877101502e-05, 3.59798577847e-05, 2.39391592913e-05, 1.77430938493e-05, 1.49727675307e-05, 1.85903445526e-05, 2.03174822673e-05, 1.43057686728e-05, 1.31974602482e-05, 1.60247436725e-05, 1.18422976811e-05, 8.27508301882e-06, 6.31266811979e-06, 4.39748964709e-06, 3.3185342545e-06, 2.48120750257e-06, 1.7990375909e-06, 1.47232128711e-06, 1.2766869304e-06, 1.08874633042e-06, 7.14946168046e-07, 4.54564258234e-07, 3.05479801455e-07, 2.06743095532e-07], "min": [1.13015398308e-24, 1.47455694784e-24, 1.8764744793e-24, 1.20880400697e-24, 1.35683878483e-24, 1.20029495882e-24, 1.75778029813e-24, 1.99780661134e-24, 1.69526602962e-24, 2.21258207861e-24, 1.60470026175e-24, 1.79666680203e-24, 2.94847215733e-24, 2.77003280665e-24, 1.60873498946e-24, 3.43003939667e-24, 3.45730913488e-24, 4.61413105389e-24, 3.59794370718e-24, 3.71345345409e-24, 3.94518765589e-24, 3.834024927e-24, 3.35911764585e-24, 2.47607996197e-24, 4.10246877102e-24, 3.66152155741e-24, 3.9151734706e-24, 5.11657510266e-24, 5.42467498439e-24, 3.21017143783e-24, 2.828244825e-24, 5.25387594878e-24, 5.81548259329e-24, 6.4335133029e-24, 5.35395202651e-24, 5.71036332779e-24, 5.13824077299e-24, 6.22458625317e-24, 5.21600707546e-24, 6.62679605759e-24], "var": [8.9565065764e-07, 6.69122528052e-07, 5.57864495931e-07, 1.87475876601e-07, 2.50089925657e-07, 2.67775902785e-07, 1.63755245808e-07, 1.54315912937e-07, 1.58933914918e-07, 1.63961075828e-07, 1.37493159968e-07, 1.17642777298e-07, 6.47020286237e-08, 8.12464620026e-08, 1.49665908111e-07, 7.03211782138e-08, 4.70854182311e-08, 4.65938150285e-08, 8.65565485952e-09, 5.53916335022e-09, 2.38263808683e-09, 1.55260648782e-09, 1.74902570205e-09, 1.11071019049e-09, 9.38784605609e-10, 1.6159632521e-09, 4.96991114929e-10, 2.9147503855e-10, 2.10096565145e-10, 1.2269225913e-10, 1.07535945426e-10, 1.11631114075e-10, 8.01356064839e-11, 6.13629147495e-11, 4.27333203545e-11, 4.67865295117e-11, 1.4427969236e-11, 7.62814464372e-12, 1.22012252732e-11, 1.18262084153e-11]}, "melbands_crest": {"dmean": 2.97667574883, "dmean2": 4.84581708908, "dvar": 8.08931255341, "dvar2": 20.4086380005, "max": 33.0488395691, "mean": 10.969871521, "median": 9.80498695374, "min": 1.66949808598, "var": 26.5504016876}, "melbands_flatness_db": {"dmean": 0.0204075034708, "dmean2": 0.0304923485965, "dvar": 0.000533304002602, "dvar2": 0.00111576309428, "max": 0.54565936327, "mean": 0.143300518394, "median": 0.127428531647, "min": 0.00315311318263, "var": 0.0040289638564}, "melbands_kurtosis": {"dmean": 2.97885131836, "dmean2": 4.59242391586, "dvar": 41.2942466736, "dvar2": 93.1796264648, "max": 172.867340088, "mean": 4.71221733093, "median": 1.41583919525, "min": -1.8543548584, "var": 105.75201416}, "melbands_skewness": {"dmean": 0.518517434597, "dmean2": 0.786978840828, "dvar": 0.323625922203, "dvar2": 0.724039316177, "max": 10.1244297028, "mean": 1.42879700661, "median": 1.1917951107, "min": -2.33560347557, "var": 1.77330768108}, "melbands_spread": {"dmean": 8.55951786041, "dmean2": 13.1725664139, "dvar": 107.30657959, "dvar2": 222.87310791, "max": 238.682861328, "mean": 39.1345710754, "median": 37.6267662048, "min": 0.752376437187, "var": 521.802124023}, "mfcc": {"cov": [[18120.8242188, 613.802612305, -469.409606934, 418.520507813, -368.126739502, 276.739471436, 95.0087890625, 49.0790557861, -302.787231445, 110.877952576, -27.0030918121, 43.3431625366, -127.307945251], [613.802612305, 1255.6237793, -175.011245728, 134.797134399, -0.366341859102, -21.1289157867, -4.65878677368, -2.08067321777, 19.8960647583, 6.02720308304, -5.15575838089, -22.7542934418, -18.892742157], [-469.409606934, -175.011245728, 818.555419922, 71.9517745972, 66.7808074951, 0.699725031853, -34.3547286987, 45.6466293335, 48.626209259, 15.3201160431, 49.656124115, 10.1487894058, 26.0103302002], [418.520507813, 134.797134399, 71.9517745972, 371.324371338, 84.4454040527, 11.2194795609, -26.4076480865, 48.0748558044, 55.4581069946, -11.5304603577, -37.247467041, -23.6622123718, 20.7868099213], [-368.126739502, -0.366341859102, 66.7808074951, 84.4454040527, 211.908630371, 50.8683853149, 21.2536735535, 38.5359535217, 48.6037635803, 16.6320953369, -8.8633441925, -15.9981193542, 6.78353977203], [276.739471436, -21.1289157867, 0.699725031853, 11.2194795609, 50.8683853149, 180.479949951, 120.07244873, 51.1827201843, -7.97603368759, 38.1206092834, 21.1581802368, 7.49968099594, -10.4458436966], [95.0087890625, -4.65878677368, -34.3547286987, -26.4076480865, 21.2536735535, 120.07244873, 208.719558716, 70.6477050781, -11.7014684677, 41.7896652222, 21.1807861328, 9.2524061203, -15.1572561264], [49.0790557861, -2.08067321777, 45.6466293335, 48.0748558044, 38.5359535217, 51.1827201843, 70.6477050781, 119.251289368, 57.7349815369, 31.0927581787, 9.39360523224, -3.24337100983, 3.06197333336], [-302.787231445, 19.8960647583, 48.626209259, 55.4581069946, 48.6037635803, -7.97603368759, -11.7014684677, 57.7349815369, 127.376998901, 40.5069999695, 3.79084658623, -10.01557827, 11.5300350189], [110.877952576, 6.02720308304, 15.3201160431, -11.5304603577, 16.6320953369, 38.1206092834, 41.7896652222, 31.0927581787, 40.5069999695, 100.028610229, 48.8581352234, 7.94114971161, -9.0936050415], [-27.0030918121, -5.15575838089, 49.656124115, -37.247467041, -8.8633441925, 21.1581802368, 21.1807861328, 9.39360523224, 3.79084658623, 48.8581352234, 92.3835296631, 35.9846839905, 2.2049934864], [43.3431625366, -22.7542934418, 10.1487894058, -23.6622123718, -15.9981193542, 7.49968099594, 9.2524061203, -3.24337100983, -10.01557827, 7.94114971161, 35.9846839905, 80.726524353, 36.1343955994], [-127.307945251, -18.892742157, 26.0103302002, 20.7868099213, 6.78353977203, -10.4458436966, -15.1572561264, 3.06197333336, 11.5300350189, -9.0936050415, 2.2049934864, 36.1343955994, 82.8338928223]], "icov": [[7.25280187908e-05, -2.29938104894e-05, 2.52953614108e-05, -0.00013243345893, 0.000165254663443, -0.000137519076816, 0.000132375382236, -0.000151674394147, 0.000289895397145, -0.000253053352935, 0.000150975756696, -0.000118926225696, 0.000110196648166], [-2.29938104894e-05, 0.000890878261998, 0.000218269022298, -0.000387956912164, 8.48697436595e-06, 0.000236906809732, -0.000184766890015, 0.000222597736865, -0.00022852885013, 8.68220740813e-05, -0.000382068159524, 0.000199039786821, 0.000148498336785], [2.52953614108e-05, 0.000218269022298, 0.00145554449409, -0.000300159095787, -0.000280430365819, -4.23362735091e-06, 0.000466935685836, -0.000597027421463, 4.1238704398e-06, 0.000284681067569, -0.00119631341659, 0.00024243016378, -0.000206354976399], [-0.00013243345893, -0.000387956912164, -0.000300159095787, 0.00388497300446, -0.00119592330884, -0.000364594889106, 0.000783553696238, -0.00109559937846, -0.000968914071564, 0.000792009523138, 0.00096969603328, 0.000624449399766, -0.00101325055584], [0.000165254663443, 8.48697436595e-06, -0.000280430365819, -0.00119592330884, 0.00655534910038, -0.00229789689183, 0.000281092943624, -1.46684269566e-05, -0.00134380150121, -0.000592629832681, 0.000905305380002, 0.000721741642337, -0.000347506225808], [-0.000137519076816, 0.000236906809732, -4.23362735091e-06, -0.000364594889106, -0.00229789689183, 0.0105545809492, -0.00493261264637, -0.00111453211866, 0.00180932402145, -0.00144197500776, -0.000754847249482, -0.000334583339281, 0.000349189009285], [0.000132375382236, -0.000184766890015, 0.000466935685836, 0.000783553696238, 0.000281092943624, -0.00493261264637, 0.0104914363474, -0.00599187798798, 0.00374386017211, -0.00269846664742, 0.00112157815602, -0.00106928695459, 0.000933489238378], [-0.000151674394147, 0.000222597736865, -0.000597027421463, -0.00109559937846, -1.46684269566e-05, -0.00111453211866, -0.00599187798798, 0.0168913938105, -0.00828858278692, 0.00154813833069, -0.00107635324821, 0.000950920861214, -0.000642574217636], [0.000289895397145, -0.00022852885013, 4.1238704398e-06, -0.000968914071564, -0.00134380150121, 0.00180932402145, 0.00374386017211, -0.00828858278692, 0.0163460317999, -0.0078365560621, 0.00233700172976, 0.000755417102482, -0.00156239117496], [-0.000253053352935, 8.68220740813e-05, 0.000284681067569, 0.000792009523138, -0.000592629832681, -0.00144197500776, -0.00269846664742, 0.00154813833069, -0.0078365560621, 0.0196193028241, -0.00987469404936, 0.00158400752116, 0.00147493742406], [0.000150975756696, -0.000382068159524, -0.00119631341659, 0.00096969603328, 0.000905305380002, -0.000754847249482, 0.00112157815602, -0.00107635324821, 0.00233700172976, -0.00987469404936, 0.0203469227999, -0.00841214228421, 0.00207151798531], [-0.000118926225696, 0.000199039786821, 0.00024243016378, 0.000624449399766, 0.000721741642337, -0.000334583339281, -0.00106928695459, 0.000950920861214, 0.000755417102482, 0.00158400752116, -0.00841214228421, 0.0209583193064, -0.00955223850906], [0.000110196648166, 0.000148498336785, -0.000206354976399, -0.00101325055584, -0.000347506225808, 0.000349189009285, 0.000933489238378, -0.000642574217636, -0.00156239117496, 0.00147493742406, 0.00207151798531, -0.00955223850906, 0.017352912575]], "mean": [-655.255187988, 98.0673141479, -22.9529724121, 18.1432723999, -3.21662068367, 7.65442228317, 1.02817738056, 1.30991947651, -6.51035785675, 1.42223978043, -1.8937702179, -1.33010101318, -3.64134120941]}, "pitch_salience": {"dmean": 0.0635427758098, "dmean2": 0.102984435856, "dvar": 0.00345206889324, "dvar2": 0.00853092968464, "max": 0.865090250969, "mean": 0.590721905231, "median": 0.601055264473, "min": 0.10281598568, "var": 0.0111072212458}, "silence_rate_20dB": {"dmean": 0, "dmean2": 0, "dvar": 0, "dvar2": 0, "max": 1, "mean": 1, "median": 1, "min": 1, "var": 0}, "silence_rate_30dB": {"dmean": 0, "dmean2": 0, "dvar": 0, "dvar2": 0, "max": 1, "mean": 1, "median": 1, "min": 1, "var": 0}, "silence_rate_60dB": {"dmean": 0.0262900590897, "dmean2": 0.0525858327746, "dvar": 0.0255965180695, "dvar2": 0.0550423413515, "max": 1, "mean": 0.147512495518, "median": 0, "min": 0, "var": 0.125768125057}, "spectral_centroid": {"dmean": 242.893692017, "dmean2": 372.350341797, "dvar": 80451.375, "dvar2": 165433.140625, "max": 11796.4482422, "mean": 1959.73864746, "median": 1947.19116211, "min": 186.400131226, "var": 1110499.25}, "spectral_complexity": {"dmean": 3.88788700104, "dmean2": 5.82898759842, "dvar": 23.2390289307, "dvar2": 42.3720703125, "max": 60, "mean": 24.1286125183, "median": 25, "min": 0, "var": 214.587799072}, "spectral_contrast_coeffs": {"dmean": [0.0487869903445, 0.0467463470995, 0.0405686572194, 0.0344132333994, 0.0226283539087, 0.0190607123077], "dmean2": [0.0790668055415, 0.0753818377852, 0.0663949921727, 0.055515486747, 0.0368697494268, 0.0300652328879], "dvar": [0.00186711922288, 0.00164820544887, 0.0011223165784, 0.00081888405839, 0.000360337115126, 0.000329958245857], "dvar2": [0.00452577322721, 0.00413031503558, 0.00286171399057, 0.00204690429382, 0.000896503159311, 0.000667857471853], "max": [-0.218985199928, -0.305310368538, -0.441826611757, -0.463890612125, -0.54739177227, -0.552706718445], "mean": [-0.660034716129, -0.738565027714, -0.760002017021, -0.757818937302, -0.783647298813, -0.73666447401], "median": [-0.665261805058, -0.751801729202, -0.765278458595, -0.761117458344, -0.782910764217, -0.732483029366], "min": [-0.978349030018, -0.973019778728, -0.978120863438, -0.970999658108, -0.96809977293, -0.965230882168], "var": [0.00989423319697, 0.00885445158929, 0.00540956482291, 0.00502738542855, 0.00230484362692, 0.00278659863397]}, "spectral_contrast_valleys": {"dmean": [0.426218301058, 0.382545828819, 0.342668741941, 0.317386329174, 0.258603602648, 0.279716819525], "dmean2": [0.670088112354, 0.605948388577, 0.5345236063, 0.48200315237, 0.36984193325, 0.3577067554], "dvar": [0.165007203817, 0.16548474133, 0.129282742739, 0.142007797956, 0.13865712285, 0.141470745206], "dvar2": [0.335360914469, 0.326052576303, 0.224568679929, 0.23061285913, 0.202183753252, 0.198182538152], "max": [-5.48533630371, -4.8994846344, -5.28649282455, -5.54503440857, -5.58216238022, -7.22371196747], "mean": [-8.20417690277, -7.40315008163, -7.62339544296, -7.79511070251, -7.59121847153, -10.5456638336], "median": [-7.5340461731, -6.81169223785, -7.05222892761, -7.2661781311, -6.9319152832, -9.87229633331], "min": [-28.2665977478, -28.085811615, -28.0823001862, -27.5330924988, -27.525636673, -27.4208297729], "var": [5.72245836258, 5.66880273819, 5.38577890396, 5.30113983154, 5.5191245079, 4.85708904266]}, "spectral_decrease": {"dmean": 1.29812305349e-09, "dmean2": 1.99383176636e-09, "dvar": 2.48453726545e-18, "dvar2": 5.73434274256e-18, "max": 1.75628272005e-28, "mean": -4.74248817994e-09, "median": -4.41295355813e-09, "min": -1.95570297734e-08, "var": 1.16451992104e-17}, "spectral_energy": {"dmean": 0.00535890180618, "dmean2": 0.00822020042688, "dvar": 4.19008720201e-05, "dvar2": 9.69707980403e-05, "max": 0.082490645349, "mean": 0.0203183796257, "median": 0.018694460392, "min": 9.99430958477e-21, "var": 0.000212671904592}, "spectral_energyband_high": {"dmean": 0.000364312640158, "dmean2": 0.000498465553392, "dvar": 5.85655755003e-07, "dvar2": 1.08655012809e-06, "max": 0.0268266778439, "mean": 0.00120601593517, "median": 0.000735583307687, "min": 6.74430403335e-21, "var": 3.34204310093e-06}, "spectral_energyband_low": {"dmean": 0.00173786142841, "dmean2": 0.00260039186105, "dvar": 1.13453252197e-05, "dvar2": 2.22724102059e-05, "max": 0.0468501336873, "mean": 0.00317806517705, "median": 0.00154048507102, "min": 1.4715763158e-23, "var": 2.43426384259e-05}, "spectral_energyband_middle_high": {"dmean": 0.00303680519573, "dmean2": 0.00473375525326, "dvar": 1.84259897651e-05, "dvar2": 4.85152086185e-05, "max": 0.0689755678177, "mean": 0.00957984477282, "median": 0.00613723602146, "min": 1.20615161285e-21, "var": 9.44140629144e-05}, "spectral_energyband_middle_low": {"dmean": 0.00285662477836, "dmean2": 0.00449861958623, "dvar": 1.90406153706e-05, "dvar2": 4.7099958465e-05, "max": 0.0510749965906, "mean": 0.00713474210352, "median": 0.00574563350528, "min": 1.37009601833e-22, "var": 4.44282122771e-05}, "spectral_entropy": {"dmean": 0.121275536716, "dmean2": 0.174480885267, "dvar": 0.0245569776744, "dvar2": 0.0443042591214, "max": 9.82737636566, "mean": 7.74079561234, "median": 7.81077194214, "min": 4.98860931396, "var": 0.188211962581}, "spectral_flux": {"dmean": 0.0171636603773, "dmean2": 0.0267166625708, "dvar": 0.000374306488084, "dvar2": 0.000818807282485, "max": 0.235379263759, "mean": 0.0762563794851, "median": 0.0774736329913, "min": 6.38967975752e-11, "var": 0.00178399228025}, "spectral_kurtosis": {"dmean": 1.44170773029, "dmean2": 2.47396349907, "dvar": 5.39282464981, "dvar2": 14.9357175827, "max": 88.3851547241, "mean": 3.95151185989, "median": 3.20087552071, "min": -1.26786673069, "var": 10.6226911545}, "spectral_rms": {"dmean": 0.000567966955714, "dmean2": 0.000845135655254, "dvar": 4.09956044223e-07, "dvar2": 8.44593614602e-07, "max": 0.00897099077702, "mean": 0.00401203241199, "median": 0.00427065510303, "min": 3.12258639085e-12, "var": 3.72639829038e-06}, "spectral_rolloff": {"dmean": 507.861877441, "dmean2": 821.854003906, "dvar": 581855.125, "dvar2": 1168969.875, "max": 19487.5488281, "mean": 2405.18920898, "median": 2067.1875, "min": 21.533203125, "var": 4279647}, "spectral_skewness": {"dmean": 0.194489791989, "dmean2": 0.317754894495, "dvar": 0.0572547502816, "dvar2": 0.144604757428, "max": 7.36609172821, "mean": 1.30087220669, "median": 1.23596096039, "min": -0.150258675218, "var": 0.205503821373}, "spectral_spread": {"dmean": 400348.375, "dmean2": 575033.125, "dvar": 450145746944, "dvar2": 804731879424, "max": 42665512, "mean": 4316052, "median": 3892819.5, "min": 1030385.875, "var": 12892843802600.0}, "spectral_strongpeak": {"dmean": 0.796640574932, 