{"lowlevel": {"average_loudness": 0.933341443539, "barkbands": {"dmean": [0.00168880389538, 0.00441496353596, 0.00190269632731, 0.00111163430847, 0.00166833074763, 0.000680667872075, 0.000480682210764, 0.000288266368443, 0.000467430974822, 0.000458533526398, 0.00055932084797, 0.00125626020599, 0.00138189224526, 0.00103107327595, 0.000492649618536, 0.000328626687406, 0.000267662428087, 0.000223566050408, 0.000215841137106, 8.93634714885e-05, 3.56835516868e-05, 9.11809547688e-06, 2.57974147644e-06, 2.15621571442e-06, 2.27353370974e-06, 3.32712033924e-06, 0.00100873084739], "dmean2": [0.00298530911095, 0.00749832997099, 0.00322565739043, 0.00185695593245, 0.00269873742945, 0.00111344933975, 0.00079945923062, 0.000485360564198, 0.00077266828157, 0.000742424512282, 0.00089483440388, 0.00206780387089, 0.00223462516442, 0.00167493557092, 0.00081138528185, 0.000528763746843, 0.00042048675823, 0.0003398549743, 0.000334379001288, 0.000139813186252, 5.59489199077e-05, 1.44551277117e-05, 4.22750053986e-06, 3.59704017683e-06, 3.77380433747e-06, 5.4546226238e-06, 0.00143802724779], "dvar": [3.67492907571e-06, 2.51526125794e-05, 7.60782904763e-06, 2.76159175883e-06, 8.66954997036e-06, 1.7894251414e-06, 6.11201585343e-07, 2.09186239886e-07, 7.82251049714e-07, 5.62507807444e-07, 8.29799034818e-07, 3.38357517649e-06, 5.1059382713e-06, 3.75149943466e-06, 8.36735011944e-07, 3.6758922306e-07, 4.8393991392e-07, 2.74101154218e-07, 2.0713943627e-07, 2.43689424195e-08, 3.10822900751e-09, 1.8603107943e-10, 1.48405662759e-11, 1.16400222794e-11, 1.1687717634e-11, 2.29563937304e-11, 2.57132069237e-06], "dvar2": [1.04851214928e-05, 7.06540013198e-05, 2.01178336283e-05, 7.21737251297e-06, 2.08967558137e-05, 4.58282283944e-06, 1.59107219133e-06, 5.69406324757e-07, 2.00680869966e-06, 1.36850655963e-06, 1.97173199012e-06, 8.65238052938e-06, 1.20945824165e-05, 8.53973779158e-06, 2.25251073971e-06, 8.95495361419e-07, 1.11092356292e-06, 5.59860609428e-07, 4.7793395197e-07, 5.67820350739e-08, 7.53327089598e-09, 4.55518928133e-10, 3.65843952355e-11, 2.92069389507e-11, 2.90474658216e-11, 5.58837698339e-11, 4.32111710325e-06], "max": [0.0237469207495, 0.0966684371233, 0.0693605169654, 0.0333102345467, 0.0935543179512, 0.0303187668324, 0.0231850165874, 0.0144653692842, 0.0311294272542, 0.0130525194108, 0.0166315566748, 0.0436060540378, 0.0949050858617, 0.0477139540017, 0.0283320695162, 0.0142284482718, 0.0175376590341, 0.0148886637762, 0.0118839275092, 0.004499736242, 0.00118405139074, 0.000341222243151, 5.99108680035e-05, 5.50588883925e-05, 5.09866331413e-05, 0.000124220590806, 0.0426657795906], "mean": [0.00201597483829, 0.00766606628895, 0.00263199512847, 0.00159479281865, 0.00290856650099, 0.00112992955837, 0.000777767563704, 0.000452769076219, 0.000814892235212, 0.000797383545432, 0.000977077172138, 0.00238667358644, 0.00296041346155, 0.00200862484053, 0.000885953195393, 0.000608065340202, 0.000470313447295, 0.000441162381321, 0.000420719472459, 0.000177521738806, 7.08479565219e-05, 1.75447639776e-05, 3.55021211362e-06, 2.27923442253e-06, 2.48116361945e-06, 4.32309616372e-06, 0.0028245523572], "median": [0.00140994647518, 0.00557393487543, 0.00155914225616, 0.000895619741641, 0.00137233221903, 0.000573552330025, 0.000462359690573, 0.000274601508863, 0.000487057637656, 0.000451326195616, 0.000517971580848, 0.00139980227686, 0.00133607513271, 0.00105062010698, 0.000524765462615, 0.00035133928759, 0.000212287006434, 0.000166833357071, 0.000171827923623, 8.25701863505e-05, 2.82708260784e-05, 7.40795803722e-06, 1.85999886071e-06, 9.95147956928e-07, 1.15501779874e-06, 2.46920444624e-06, 0.00183197308797], "min": [2.0367666272e-25, 1.60353531141e-24, 8.13618220048e-25, 4.32332951131e-25, 5.82838520226e-24, 8.93062567711e-24, 9.18848931867e-24, 3.14669949218e-24, 1.5747870901e-23, 1.87962250763e-23, 1.62222145411e-23, 1.52706968281e-23, 1.82330367657e-23, 3.48653927131e-23, 4.8154149092e-23, 5.68253554939e-23, 9.68528457115e-23, 8.20046406962e-23, 1.42528964975e-22, 1.9366355994e-22, 2.76375083116e-22, 2.79340695249e-22, 4.3669895782e-22, 5.38059783885e-22, 8.91153723113e-22, 1.27295977591e-21, 1.96933124597e-21], "var": [4.16398961534e-06, 5.07897020725e-05, 1.26684790303e-05, 5.13364375365e-06, 2.08325545827e-05, 3.48887806467e-06, 1.0419435057e-06, 3.33257759166e-07, 1.57189299443e-06, 1.15585771709e-06, 1.81774805696e-06, 8.69002815307e-06, 1.88484154933e-05, 1.03406655398e-05, 1.55379609623e-06, 8.25210292987e-07, 1.15763884878e-06, 9.45647684603e-07, 6.36084735106e-07, 7.8630534972e-08, 1.04329709316e-08, 5.89688575747e-10, 2.30935097434e-11, 1.28372703093e-11, 1.34363232346e-11, 3.13502487859e-11, 1.43224187923e-05]}, "barkbands_crest": {"dmean": 2.34543085098, "dmean2": 3.91176843643, "dvar": 4.44062280655, "dvar2": 11.9533433914, "max": 26.8800506592, "mean": 8.74994468689, "median": 7.72383356094, "min": 2.55680727959, "var": 16.3995552063}, "barkbands_flatness_db": {"dmean": 0.0217794831842, "dmean2": 0.034506265074, "dvar": 0.000382092868676, "dvar2": 0.000985239632428, "max": 0.475106924772, "mean": 0.136470958591, "median": 0.127543762326, "min": 0.052526909858, "var": 0.00222976133227}, "barkbands_kurtosis": {"dmean": 4.49437189102, "dmean2": 7.34700679779, "dvar": 588.100585938, "dvar2": 1653.57666016, "max": 1367.3963623, "mean": 9.44968318939, "median": 1.10165476799, "min": -1.65629458427, "var": 3918.78930664}, "barkbands_skewness": {"dmean": 0.49721339345, "dmean2": 0.788006305695, "dvar": 0.460284888744, "dvar2": 1.15923726559, "max": 34.2203941345, "mean": 1.63507628441, "median": 1.14222717285, "min": -2.2155725956, "var": 5.41019678116}, "barkbands_spread": {"dmean": 9.32469940186, "dmean2": 14.5221824646, "dvar": 74.8403625488, "dvar2": 181.377319336, "max": 112.395523071, "mean": 43.8384628296, "median": 43.1697311401, "min": 0.274871915579, "var": 350.433074951}, "dissonance": {"dmean": 0.0143827935681, "dmean2": 0.0246148593724, "dvar": 0.000274791615084, "dvar2": 0.000783547875471, "max": 0.500000119209, "mean": 0.479609459639, "median": 0.484758257866, "min": 0.179625883698, "var": 0.000346376415109}, "dynamic_complexity": 2.11019587517, "erbbands": {"dmean": [0.195328354836, 0.837051272392, 1.97869992256, 3.01773548126, 4.85348844528, 5.29585886002, 7.40155792236, 5.72845315933, 6.20829439163, 7.95807361603, 6.70577573776, 10.1616611481, 10.5899772644, 18.4850997925, 26.6062240601, 55.1578826904, 61.126663208, 54.8162765503, 34.2337417603, 19.6534309387, 17.0975589752, 13.6877994537, 12.6985826492, 10.3552484512, 9.4725484848, 4.09083509445, 2.11584234238, 1.00422549248, 0.373412758112, 0.13164588809, 0.0673903152347, 0.0473748631775, 0.0348974764347, 0.0247318614274, 0.0166204310954, 0.0104670608416, 0.00648630177602, 0.0148438625038, 0.0558797605336, 0.0249794255942], "dmean2": [0.328869521618, 1.4419760704, 3.35036969185, 4.97705125809, 8.01300144196, 8.64243221283, 11.8054027557, 9.47708892822, 10.2269172668, 13.2256259918, 11.3272752762, 16.7550525665, 17.6222457886, 29.6927185059, 42.3752937317, 89.7237701416, 98.57837677, 88.7538223267, 56.1210021973, 31.4354534149, 27.2684898376, 20.9495429993, 19.4683113098, 15.5081014633, 14.6868019104, 6.301466465, 3.28115177155, 1.5814139843, 0.585840761662, 0.208619222045, 0.110479928553, 0.0790126770735, 0.0581608340144, 0.0411024019122, 0.0275446902961, 0.0173121243715, 0.0105493646115, 0.0216107163578, 0.077693387866, 0.0353132262826], "dvar": [0.0460751652718, 1.12997376919, 7.36027669907, 21.686712265, 57.465057373, 112.315376282, 329.515563965, 161.484207153, 159.096176147, 157.569595337, 121.34172821, 358.642364502, 373.138366699, 921.398803711, 1639.60632324, 7060.63330078, 10318.7246094, 8242.99707031, 3983.1730957, 1363.51342773, 1199.88342285, 1247.49255371, 922.989257812, 579.819641113, 364.379302979, 45.1968383789, 10.9800453186, 2.52151370049, 0.316847443581, 0.0328987501562, 0.0107240397483, 0.00573481526226, 0.00298850983381, 0.0014263803605, 0.000610725546721, 0.000235082668951, 8.73355093063e-05, 0.000553011777811, 0.0156964063644, 0.00159835920203], "dvar2": [0.122370570898, 3.21919083595, 20.2363739014, 54.9944000244, 140.481018066, 278.150238037, 742.702148438, 437.917480469, 406.017913818, 411.416046143, 333.115722656, 904.847839355, 1014.31689453, 2238.38183594, 3909.32055664, 17949.0039062, 24214.7128906, 20240.625, 9954.51074219, 3200.06884766, 3033.09570312, 2679.97460938, 1970.98950195, 1188.34680176, 841.729492188, 99.9638061523, 25.9420623779, 6.27032804489, 0.765597105026, 0.0777885615826, 0.0265591349453, 0.0144028151408, 0.00748681137338, 0.00355768809095, 0.00151390233077, 0.000579025247134, 0.000212091748836, 0.00101265183184, 0.0249416772276, 0.00268699997105], "max": [4.20957612991, 24.8181228638, 65.3051681519, 110.065170288, 208.212265015, 266.930206299, 680.068969727, 387.449981689, 429.249267578, 204.843688965, 386.467895508, 630.829650879, 501.632080078, 517.245544434, 752.255737305, 2238.20874023, 4307.58398438, 2116.65991211, 1390.97131348, 1157.7052002, 932.26550293, 1096.87426758, 879.029724121, 728.816101074, 528.46685791, 170.393341064, 83.9583816528, 30.2100715637, 10.6347494125, 2.83401155472, 1.67645168304, 1.23037552834, 0.872537374496, 0.58241891861, 0.356523364782, 0.28206717968, 0.26188954711, 0.735717058182, 4.40172147751, 1.11744427681], "mean": [0.334373742342, 1.2596372366, 2.87708520889, 4.7079334259, 7.4739279747, 8.51043891907, 11.5268888474, 9.15816402435, 10.0612134933, 12.4351530075, 11.291762352, 17.4678821564, 18.7982406616, 34.6076660156, 55.0272521973, 112.429176331, 138.631774902, 111.352630615, 66.5181884766, 39.4627571106, 32.4610900879, 26.11602211, 25.0693454742, 21.267660141, 18.5460357666, 8.3794260025, 4.25613594055, 1.98210608959, 0.745163619518, 0.23995141685, 0.0885309875011, 0.0511548370123, 0.0370915196836, 0.0267508812249, 0.0183415524662, 0.0118590947241, 0.00926902424544, 0.0360722877085, 0.141152262688, 0.0814145579934], "median": [0.214593738317, 0.895339250565, 1.78619670868, 2.74822187424, 4.13397598267, 3.68541550636, 4.34883403778, 4.69331884384, 5.37416553497, 7.17510890961, 7.20919895172, 10.1761684418, 11.8926448822, 21.2895317078, 34.0135421753, 64.5457000732, 64.674118042, 61.02318573, 40.0280075073, 24.387046814, 18.4900512695, 12.1522903442, 9.41180229187, 8.82912826538, 7.7088727951, 3.88401842117, 1.84648990631, 0.779895305634, 0.304759472609, 0.117080122232, 0.0464305728674, 0.0230210293084, 0.016431549564, 0.0122329927981, 0.00873105973005, 0.00587891135365, 0.00555465277284, 0.0156035814434, 0.061978187412, 0.0581186413765], "min": [6.67858856255e-23, 5.17351692873e-22, 2.22304102999e-21, 4.15194503521e-21, 1.3683800073e-20, 1.72295388493e-20, 4.4925054716e-20, 9.34920241103e-20, 1.10930219269e-19, 1.73762703502e-19, 1.75964050832e-19, 3.50790883418e-19, 6.25263601981e-19, 6.84663234973e-19, 8.37231839273e-19, 9.77988149328e-19, 1.03487036152e-18, 1.66312148138e-18, 2.92604595138e-18, 2.52439268852e-18, 4.17878865521e-18, 5.59937292278e-18, 4.84759354537e-18, 5.18484914318e-18, 7.76800350165e-18, 9.54645339917e-18, 9.68691280308e-18, 9.59678733944e-18, 1.07678153521e-17, 1.23671740296e-17, 1.12555632275e-17, 9.5902823911e-18, 1.01250935346e-17, 7.54372919499e-18, 5.52853110717e-18, 3.90988671373e-18, 2.35815420082e-18, 9.31145841818e-19, 2.49314588918e-19, 2.81706503492e-20], "var": [0.12916816771, 1.60350561142, 11.9422798157, 42.3354225159, 117.629371643, 215.513900757, 749.789489746, 271.109924316, 276.255371094, 270.45401001, 195.448348999, 696.5546875, 648.293395996, 1918.39770508, 4426.70019531, 19340.3886719, 40097.7539062, 25553.0664062, 8612.94238281, 3080.07666016, 2722.88745117, 3420.89404297, 3060.97021484, 2006.71704102, 1108.24438477, 167.482711792, 36.9265670776, 8.06772422791, 1.08501362801, 0.0968003794551, 0.0149878710508, 0.00637776078656, 0.00331806531176, 0.00161794119049, 0.000710203545168, 0.000278949621134, 0.000131618173327, 0.00313392234966, 0.0846001878381, 0.00906657427549]}, "erbbands_crest": {"dmean": 2.41270256042, "dmean2": 3.94712972641, "dvar": 4.98174667358, "dvar2": 12.6727838516, "max": 31.4985256195, "mean": 9.04908752441, "median": 8.21507263184, "min": 2.3688557148, "var": 15.5230951309}, "erbbands_flatness_db": {"dmean": 0.022305931896, "dmean2": 0.0346849039197, "dvar": 0.000343635736499, "dvar2": 0.000836827151943, "max": 0.336423128843, "mean": 0.169120445848, "median": 0.166296392679, "min": 0.0227981712669, "var": 0.00177402305417}, "erbbands_kurtosis": {"dmean": 1.30703985691, "dmean2": 2.08477926254, "dvar": 2.94657516479, "dvar2": 6.49064064026, "max": 47.3970680237, "mean": 1.98632955551, "median": 1.1274933815, "min": -1.72439873219, "var": 10.3144741058}, "erbbands_skewness": {"dmean": 0.34469178319, "dmean2": 0.547169327736, "dvar": 0.0978829339147, "dvar2": 0.243111237884, "max": 3.72671079636, "mean": -0.534709513187, "median": -0.49968406558, "min": -3.77339339256, "var": 0.3904941082}, "erbbands_spread": {"dmean": 5.14708089828, "dmean2": 8.12516975403, "dvar": 26.6259212494, "dvar2": 65.9179458618, "max": 108.687553406, "mean": 22.9754562378, "median": 20.1564331055, "min": 1.31512320042, "var": 179.409576416}, "gfcc": {"cov": [[20743.375, 1409.88354492, -2275.68481445, -680.684143066, 187.712188721, -645.27532959, 233.91973877, -633.099731445, -238.352432251, -189.929122925, 96.8538665771, -153.202331543, -32.6371269226], [1409.88354492, 696.785217285, -136.786605835, -217.862442017, 72.3317871094, -42.6826324463, 46.4785346985, -98.8758621216, 17.0978984833, -12.3086681366, 29.1189861298, -42.5665626526, 20.2628383636], [-2275.68481445, -136.786605835, 553.048278809, 201.4090271, -106.009216309, 166.050827026, -144.036972046, 160.020706177, 7.52580881119, 33.0233039856, -20.3154659271, 8.86884689331, 2.7296705246], [-680.684143066, -217.862442017, 201.4090271, 348.668029785, 62.1641998291, -78.0009994507, 34.0211868286, 47.1164360046, 27.2963008881, 0.28555175662, -33.7346420288, 19.2721557617, -20.8630905151], [187.712188721, 72.3317871094, -106.009216309, 62.1641998291, 225.280761719, -50.1332244873, 98.1124267578, -25.6366043091, 35.0967483521, -15.5770206451, 3.8704020977, -14.2519483566, 1.47647249699], [-645.27532959, -42.6826324463, 166.050827026, -78.0009994507, -50.1332244873, 323.392913818, -101.784202576, 92.1380310059, -23.8224086761, 17.5545330048, 13.3059568405, -15.0807142258, 14.8784322739], [233.91973877, 46.4785346985, -144.036972046, 34.0211868286, 98.1124267578, -101.784202576, 197.062026978, -43.303440094, 33.1757583618, -3.28855013847, -8.35681533813, 21.5278568268, -8.05547809601], [-633.099731445, -98.8758621216, 160.020706177, 47.1164360046, -25.6366043091, 92.1380310059, -43.303440094, 157.681747437, 39.0940170288, 18.8136539459, 0.445933073759, -8.84913730621, 11.8180770874], [-238.352432251, 17.0978984833, 7.52580881119, 27.2963008881, 35.0967483521, -23.8224086761, 33.1757583618, 39.0940170288, 85.2861862183, 31.1262073517, 1.77200758457, -3.30560183525, 2.07967710495], [-189.929122925, -12.3086681366, 33.0233039856, 0.28555175662, -15.5770206451, 17.5545330048, -3.28855013847, 18.8136539459, 31.1262073517, 63.548084259, 25.0695724487, 6.30554962158, -0.577417254448], [96.8538665771, 29.1189861298, -20.3154659271, -33.7346420288, 3.8704020977, 13.3059568405, -8.35681533813, 0.445933073759, 1.77200758457, 25.0695724487, 58.0473594666, 15.6235618591, 6.76234960556], [-153.202331543, -42.5665626526, 8.86884689331, 19.2721557617, -14.2519483566, -15.0807142258, 21.5278568268, -8.84913730621, -3.30560183525, 6.30554962158, 15.6235618591, 56.684337616, 17.6734828949], [-32.6371269226, 20.2628383636, 2.7296705246, -20.8630905151, 1.47647249699, 14.8784322739, -8.05547809601, 11.8180770874, 2.07967710495, -0.577417254448, 6.76234960556, 17.6734828949, 48.3508987427]], "icov": [[0.000212261787965, -0.000774452055339, 0.00178800732829, -0.00125313631725, 0.00059792981483, -0.000290725933155, 0.000711970729753, -0.000809882592876, 0.000909275491722, -0.000465866382001, 0.000276019942248, -0.000222778486204, 0.000212099737837], [-0.000774452055339, 0.00580052938312, -0.00863353442401, 0.00739786960185, -0.0030965693295, 0.00199881126173, -0.00406407937407, 0.00558541668579, -0.00502832001075, 0.00343797542155, -0.00341352727264, 0.00437430664897, -0.00270107621327], [0.00178800732829, -0.00863353442401, 0.022138396278, -0.0162568967789, 0.00728529226035, -0.00522395595908, 0.00955306831747, -0.0109412958845, 0.00888286996633, -0.00678714783862, 0.00566343450919, -0.00571957603097, 0.00304683577269], [-0.00125313631725, 0.00739786960185, -0.0162568967789, 0.0173956435174, -0.00811983644962, 0.00569523591548, -0.005970840808, 0.00559469405562, -0.00565979490057, 0.00341151864268, -0.000411167915445, 0.000585907546338, 0.000738438160624], [0.00059792981483, -0.0030965693295, 0.00728529226035, -0.00811983644962, 0.0110197551548, -0.00301388208754, -0.00106128258631, -0.000847660005093, -0.00098050723318, 0.00269047473557, -0.00388855393976, 0.00470650102943, -0.00269453390501], [-0.000290725933155, 0.00199881126173, -0.00522395595908, 0.00569523591548, -0.00301388208754, 0.00675747310743, -0.000668468710501, -0.00114774599206, 0.00174265902024, -0.000919131212868, -0.000383896462154, 0.00119838118553, -0.00056999863591], [0.000711970729753, -0.00406407937407, 0.00955306831747, -0.005970840808, -0.00106128258631, -0.000668468710501, 0.0135809835047, -0.00456526735798, 0.00178679660894, -0.004112994764, 0.00669510709122, -0.00981555879116, 0.00521015841514], [-0.000809882592876, 0.00558541668579, -0.0109412958845, 0.00559469405562, -0.000847660005093, -0.00114774599206, -0.00456526735798, 0.0186224430799, -0.0127444881946, 0.00659709610045, -0.00644414220005, 0.00818640645593, -0.00625303015113], [0.000909275491722, -0.00502832001075, 0.00888286996633, -0.00565979490057, -0.00098050723318, 0.00174265902024, 0.00178679660894, -0.0127444881946, 0.027945863083, -0.0160863865167, 0.00740578444675, -0.00218535331078, 0.00105271942448], [-0.000465866382001, 0.00343797542155, -0.00678714783862, 0.00341151864268, 0.00269047473557, -0.000919131212868, -0.004112994764, 0.00659709610045, -0.0160863865167, 0.0310242809355, -0.0159988440573, 0.0043595507741, -0.000290598924039], [0.000276019942248, -0.00341352727264, 0.00566343450919, -0.000411167915445, -0.00388855393976, -0.000383896462154, 0.00669510709122, -0.00644414220005, 0.00740578444675, -0.0159988440573, 0.0318159908056, -0.0151974176988, 0.00464277388528], [-0.000222778486204, 0.00437430664897, -0.00571957603097, 0.000585907546338, 0.00470650102943, 0.00119838118553, -0.00981555879116, 0.00818640645593, -0.00218535331078, 0.0043595507741, -0.0151974176988, 0.0362610928714, -0.0165393706411], [0.000212099737837, -0.00270107621327, 0.00304683577269, 0.000738438160624, -0.00269453390501, -0.00056999863591, 0.00521015841514, -0.00625303015113, 0.00105271942448, -0.000290598924039, 0.00464277388528, -0.0165393706411, 0.0301054660231]], "mean": [-5.59980726242, 102.313446045, -105.297317505, -11.6619958878, 18.4943180084, -21.024936676, 9.42749404907, -22.1014785767, -6.89939785004, -6.26317071915, 4.16450929642, -10.6093559265, -1.85121166706]}, "hfc": {"dmean": 110.88860321, "dmean2": 179.254257202, "dvar": 11559.3730469, "dvar2": 29772.796875, "max": 1308.4197998, "mean": 367.273712158, "median": 341.817321777, "min": 1.08556265298e-16, "var": 36514.9335938}, "melbands": {"dmean": [0.00144013518002, 0.000988316722214, 0.000533303944394, 0.000338620739058, 0.000264387606876, 0.000127300998429, 9.31880640564e-05, 7.94025763753e-05, 5.90882882534e-05, 6.59775614622e-05, 5.39430548088e-05, 7.60344992159e-05, 8.37562474771e-05, 0.000146803664393, 0.000132341432618, 0.000132507659146, 0.000101823308796, 6.47434499115e-05, 3.2120377e-05, 2.45284973062e-05, 2.17164470087e-05, 1.60113195307e-05, 1.27884723042e-05, 1.10456066977e-05, 8.85430017661e-06, 9.11473125598e-06, 4.57333044324e-06, 2.63248466581e-06, 1.61132311405e-06, 8.88288013812e-07, 5.46744615804e-07, 2.46345223331e-07, 1.18164237506e-07, 6.0734237195e-08, 4.03425239881e-08, 3.20137480969e-08, 2.77817235883e-08, 2.47017588606e-08, 2.22587637211e-08, 2.0360765518e-08], "dmean2": [0.00244235177524, 0.00167357618921, 0.000880101928487, 0.000555521459319, 0.000422326847911, 0.000209631354664, 0.000153879838763, 0.000131792199682, 9.93772046058e-05, 0.000108715925307, 8.97604404599e-05, 0.000122274534078, 0.000133425026434, 0.000242092253757, 0.000213722145418, 0.000216428583371, 0.000165388162713, 0.000106668128865, 5.24392999068e-05, 3.95584538637e-05, 3.52484676114e-05, 2.50795292231e-05, 1.98845555133e-05, 1.70870134752e-05, 1.37028673635e-05, 1.44694868141e-05, 7.21144033378e-06, 4.15940758103e-06, 2.56197949966e-06, 1.4223190874e-06, 8.79474953308e-07, 3.93058797954e-07, 1.88166239923e-07, 9.82069678912e-08, 6.64092425495e-08, 5.32586703628e-08, 4.64132376976e-08, 4.11978575698e-08, 3.70386565862e-08, 3.3826527357e-08], "dvar": [2.4770258733e-06, 1.66080633335e-06, 5.63886089822e-07, 3.09885905381e-07, 3.98287880898e-07, 7.14963590553e-08, 3.00463049996e-08, 1.45878376046e-08, 8.66651550524e-09, 1.65609925773e-08, 9.5373522413e-09, 1.60789017656e-08, 1.80279808859e-08, 4.65467095978e-08, 4.39810499131e-08, 4.33361151408e-08, 2.84785333093e-08, 1.59484780937e-08, 3.78757691877e-09, 2.03445393865e-09, 2.19702389614e-09, 1.62787106017e-09, 1.11120035395e-09, 7.46484429826e-10, 4.58124038705e-10, 3.48784667814e-10, 8.80055056607e-11, 1.83323339148e-11, 6.99906105295e-12, 2.00265173368e-12, 8.42259421929e-13, 1.4613393232e-13, 3.13415776893e-14, 7.4239075106e-15, 3.89145062474e-15, 2.61884714896e-15, 1.96774732196e-15, 1.50779403204e-15, 1.18563828545e-15, 9.58549916958e-16], "dvar2": [6.83305552229e-06, 4.60647015643e-06, 1.44308103245e-06, 7.6356820955e-07, 9.10032952106e-07, 1.9002501972e-07, 7.66729968404e-08, 3.80156421897e-08, 2.33648052017e-08, 4.17712371359e-08, 2.59504897571e-08, 3.90136172257e-08, 4.24886295036e-08, 1.21018416621e-07, 1.02030654148e-07, 1.06530656296e-07, 6.84596486167e-08, 3.75621702631e-08, 9.6711492148e-09, 4.68755123606e-09, 5.64741453601e-09, 3.61972052332e-09, 2.51202769697e-09, 1.58831869879e-09, 1.01085950721e-09, 8.40621794396e-10, 2.12663969767e-10, 4.37447751633e-11, 1.69811179007e-11, 5.12725886054e-12, 2.15564003279e-12, 3.64869809713e-13, 7.62268598394e-14, 1.82246965186e-14, 9.64208944079e-15, 6.56976583934e-15, 4.94389880258e-15, 3.77900700099e-15, 2.96507948945e-15, 2.38876314257e-15], "max": [0.0262660998851, 0.0253923684359, 0.015659911558, 0.0121188843623, 0.0245029833168, 0.00748663023114, 0.00575538259, 0.00186441757251, 0.00286790169775, 0.00476264720783, 0.00242652674206, 0.00224561244249, 0.00235837418586, 0.00464782770723, 0.00992272887379, 0.00505299912766, 0.00368049112149, 0.0034998152405, 0.00247577670962, 0.00124009954743, 0.00127622392029, 0.0011357665062, 0.000955186202191, 0.00086094829021, 0.00062807201175, 0.00052352109924, 0.000264690577751, 0.000110151508125, 5.82493667025e-05, 2.92788117804e-05, 1.46952625073e-05, 7.88431316323e-06, 3.32447916662e-06, 1.15282398383e-06, 9.97105871647e-07, 8.28409781661e-07, 7.20412629107e-07, 6.22023037522e-07, 5.41580106983e-07, 4.73798593248e-07], "mean": [0.00253057829104, 0.0015901979059, 0.000906294269953, 0.000567926850636, 0.000420019438025, 0.00020945709548, 0.000155054818606, 0.000126126673422, 9.67988744378e-05, 0.00011257721053, 9.16413409868e-05, 0.000134930261993, 0.000154512861627, 0.000280226086034, 0.000294865953038, 0.000280285836197, 0.000196568566025, 0.000116256691399, 5.92303513258e-05, 4.5215463615e-05, 3.71987553081e-05, 2.80200583802e-05, 2.2638210794e-05, 2.09425215871e-05, 1.66675090441e-05, 1.64704924828e-05, 8.75548994372e-06, 4.8393671932e-06, 3.00758097183e-06, 1.63662855357e-06, 9.77517402134e-07, 4.55739098015e-07, 2.15685346916e-07, 9.65895523564e-08, 5.16519556015e-08, 3.52553790606e-08, 2.91822797038e-08, 2.60811248154e-08, 2.37853452489e-08, 2.20405151907e-08], "median": [0.00179990637116, 0.00111460220069, 0.000572145683691, 0.000300652172882, 0.000154237699462, 0.000108203501441, 8.84654582478e-05, 7.45857614675e-05, 5.92035794398e-05, 6.45853142487e-05, 5.62460736546e-05, 7.90370468167e-05, 8.63433888298e-05, 0.000162484211614, 0.000155487126904, 0.000133984038257, 0.000104899001599, 6.46198386676e-05, 3.61402671842e-05, 2.52082645602e-05, 1.94184231077e-05, 1.28360916278e-05, 8.79698018252e-06, 7.68273002905e-06, 6.85348277329e-06, 6.43046587356e-06, 3.80029496228e-06, 2.17280398829e-06, 1.29894328893e-06, 6.29947180641e-07, 3.64684211718e-07, 1.81041286851e-07, 9.45524831764e-08, 4.79119641739e-08, 2.65007500388e-08, 1.62281157401e-08, 1.25574306509e-08, 1.1457769844e-08, 1.06786561815e-08, 1.01063548641e-08], "min": [8.94307843814e-25, 9.25398331203e-25, 1.19010317175e-24, 7.47653227419e-25, 1.45365509208e-24, 1.8219000958e-24, 1.91214736108e-24, 1.60075122406e-24, 1.48324585628e-24, 1.98592044965e-24, 3.04865354799e-24, 2.21624633751e-24, 2.33793306252e-24, 3.01715768471e-24, 2.67939367471e-24, 1.80021371787e-24, 2.25215173604e-24, 3.12943527127e-24, 3.16612972792e-24, 2.74448199636e-24, 4.6951604795e-24, 5.23155710162e-24, 3.94193123807e-24, 4.29403456995e-24, 3.81833408916e-24, 5.31477522181e-24, 4.08080270626e-24, 4.99155879298e-24, 5.04429769437e-24, 6.3132656574e-24, 4.88187557272e-24, 5.3225387964e-24, 5.20874324424e-24, 5.87619293412e-24, 5.80095848073e-24, 5.58593077519e-24, 5.33228162301e-24, 6.02360461047e-24, 5.99402429868e-24, 5.74859231612e-24], "var": [5.7940383158e-06, 2.73872592516e-06, 1.23972370147e-06, 6.31059322131e-07, 9.20261186366e-07, 1.30473466697e-07, 5.44290266191e-08, 2.61489567777e-08, 1.46787062505e-08, 3.24276250296e-08, 1.62422466587e-08, 3.25358335829e-08, 4.12204848033e-08, 1.22904438626e-07, 1.69521470639e-07, 1.49982525954e-07, 8.41830853915e-08, 3.36995036321e-08, 6.9052523699e-09, 4.87056173171e-09, 4.41204317525e-09, 3.98820620973e-09, 2.92615442987e-09, 2.2618047435e-09, 1.32110222761e-09, 9.11485276145e-10, 2.50224729825e-10, 5.35799946078e-11, 1.94383450308e-11, 5.81885538017e-12, 2.16614031399e-12, 4.2291425353e-13, 9.13975451854e-14, 1.61439922709e-14, 5.34378602159e-15, 2.98529287194e-15, 2.15425233025e-15, 1.66656252295e-15, 1.32850447392e-15, 1.0906445992e-15]}, "melbands_crest": {"dmean": 3.79459118843, "dmean2": 6.36656522751, "dvar": 10.8232269287, "dvar2": 29.7060241699, "max": 39.7544212341, "mean": 14.6151628494, "median": 13.3319511414, "min": 1.46191096306, "var": 45.1882362366}, "melbands_flatness_db": {"dmean": 0.0301298946142, "dmean2": 0.0477035008371, "dvar": 0.000646080938168, "dvar2": 0.00165467115585, "max": 0.628911137581, "mean": 0.241267472506, "median": 0.235342681408, "min": 0.00287461210974, "var": 0.00409177644178}, "melbands_kurtosis": {"dmean": 6.78492116928, "dmean2": 11.060634613, "dvar": 840.688476562, "dvar2": 2485.94482422, "max": 1241.97595215, "mean": 12.4140043259, "median": 1.49482440948, "min": -1.88203954697, "var": 3100.75048828}, "melbands_skewness": {"dmean": 0.709079742432, "dmean2": 1.13992333412, "dvar": 0.706671655178, "dvar2": 1.89234721661, "max": 31.9195613861, "mean": 2.0679962635, "median": 1.54275453091, "min": -1.98974144459, "var": 5.68793010712}, "melbands_spread": {"dmean": 6.70831155777, "dmean2": 10.6844882965, "dvar": 42.150302887, "dvar2": 97.3105316162, "max": 166.794281006, "mean": 29.9762153625, "median": 29.1730957031, "min": 0.146728143096, "var": 342.136688232}, "mfcc": {"cov": [[7445.52685547, 1264.9107666, -1268.33557129, 73.7198486328, -423.077911377, 73.3364181519, 64.7250976562, -148.199707031, -187.586257935, -181.303024292, -0.888961076736, -60.8401145935, -51.0478973389], [1264.9107666, 1110.06433105, -285.516204834, -94.1574249268, -37.5238800049, 60.2965698242, 49.3566169739, -61.8527679443, -20.5279750824, -2.80859589577, 5.9935631752, -4.99262142181, 10.110086441], [-1268.33557129, -285.516204834, 654.734924316, -98.2957458496, 154.24256897, -46.6400108337, -31.8287315369, 30.2247524261, 7.70203208923, 54.0581016541, -17.790599823, 15.1494998932, -8.95041656494], [73.7198486328, -94.1574249268, -98.2957458496, 519.737731934, -31.5301856995, -12.9382362366, -12.49563694, 13.1161317825, 46.4276695251, -24.3324756622, 33.0186843872, -15.3249454498, 7.65172338486], [-423.077911377, -37.5238800049, 154.24256897, -31.5301856995, 220.526184082, 5.54127550125, 21.7091693878, 30.0416278839, 16.5883522034, 54.0517578125, -10.3775968552, 12.7313737869, 1.65840613842], [73.3364181519, 60.2965698242, -46.6400108337, -12.9382362366, 5.54127550125, 117.537528992, 44.7087402344, 2.45171189308, -1.66836380959, -11.6654577255, 7.82450008392, -1.86809396744, -0.0761479660869], [64.7250976562, 49.3566169739, -31.8287315369, -12.49563694, 21.7091693878, 44.7087402344, 83.5508041382, 30.3305892944, 4.42499494553, -0.667759656906, -1.76538932323, 8.24484062195, 4.00374937057], [-148.199707031, -61.8527679443, 30.2247524261, 13.1161317825, 30.0416278839, 2.45171189308, 30.3305892944, 74.6510620117, 39.7254829407, 10.5399389267, -4.98907566071, 4.16940164566, 10.7573232651], [-187.586257935, -20.5279750824, 7.70203208923, 46.4276695251, 16.5883522034, -1.66836380959, 4.42499494553, 39.7254829407, 85.6153335571, 37.0214653015, 2.71801638603, 7.10358190536, 12.4434242249], [-181.303024292, -2.80859589577, 54.0581016541, -24.3324756622, 54.0517578125, -11.6654577255, -0.667759656906, 10.5399389267, 37.0214653015, 72.2278366089, 21.8596668243, 6.07680606842, 2.33116602898], [-0.888961076736, 5.9935631752, -17.790599823, 33.0186843872, -10.3775968552, 7.82450008392, -1.76538932323, -4.98907566071, 2.71801638603, 21.8596668243, 55.1437797546, 23.6456298828, 0.759326577187], [-60.8401145935, -4.99262142181, 15.1494998932, -15.3249454498, 12.7313737869, -1.86809396744, 8.24484062195, 4.16940164566, 7.10358190536, 6.07680606842, 23.6456298828, 57.4591026306, 27.3014411926], [-51.0478973389, 10.110086441, -8.95041656494, 7.65172338486, 1.65840613842, -0.0761479660869, 4.00374937057, 10.7573232651, 12.4434242249, 2.33116602898, 0.759326577187, 27.3014411926, 50.2611618042]], "icov": [[0.000256679370068, -0.000207849312574, 0.000396648276364, -0.000116478106065, 0.00029182023718, -3.15918914566e-05, 0.000102229445474, -0.00030817167135, 0.000743558048271, -0.000411910703406, 0.000583481800277, -0.000477699766634, 0.000524696253706], [-0.000207849312574, 0.00133733614348, 0.000131570079247, 0.000439271738287, -0.000478666101117, 5.5415861425e-05, -0.0010792510584, 0.00178961234633, -0.00118686177302, 0.00051514164079, -0.00095847947523, 0.0011394447647, -0.00113924383186], [0.000396648276364, 0.000131570079247, 0.00293813063763, 7.09949154043e-06, -0.000589433300775, -5.91445095779e-05, 0.00151135004126, -0.00148308242206, 0.00217377697118, -0.00227025919594, 0.00248510343954, -0.00226370827295, 0.0018741232343], [-0.000116478106065, 0.000439271738287, 7.09949154043e-06, 0.00329963839613, -0.00174364063423, 0.00184633396566, -0.00121064926498, 0.00212175631896, -0.00511258747429, 0.00651898281649, -0.00712223630399, 0.00552819157019, -0.00293695298024], [0.00029182023718, -0.000478666101117, -0.000589433300775, -0.00174364063423, 0.00917268358171, -0.00288817822002, 0.000683870515786, -0.00445628352463, 0.00670332461596, -0.012176418677, 0.0104103023186, -0.00770671805367, 0.00407954445109], [-3.15918914566e-05, 5.5415861425e-05, -5.91445095779e-05, 0.00184633396566, -0.00288817822002, 0.0137779256329, -0.0087519614026, 0.00530105177313, -0.00634693400934, 0.0100160036236, -0.0106486650184, 0.00843151751906, -0.00396834500134], [0.000102229445474, -0.0010792510584, 0.00151135004126, -0.00121064926498, 0.000683870515786, -0.0087519614026, 0.0226120557636, -0.0131236426532, 0.00800279807299, -0.00725315092131, 0.00885825417936, -0.00982263591141, 0.00530298659578], [-0.00030817167135, 0.00178961234633, -0.00148308242206, 0.00212175631896, -0.00445628352463, 0.00530105177313, -0.0131236426532, 0.0291385576129, -0.0179215129465, 0.0124473096803, -0.00971504859626, 0.0103782648221, -0.00792710483074], [0.000743558048271, -0.00118686177302, 0.00217377697118, -0.00511258747429, 0.00670332461596, -0.00634693400934, 0.00800279807299, -0.0179215129465, 0.0335521101952, -0.0271252319217, 0.020280469209, -0.0153098329902, 0.00608800398186], [-0.000411910703406, 0.00051514164079, -0.00227025919594, 0.00651898281649, -0.012176418677, 0.0100160036236, -0.00725315092131, 0.0124473096803, -0.0271252319217, 0.0485368184745, -0.0351687818766, 0.0230907537043, -0.0111351022497], [0.000583481800277, -0.00095847947523, 0.00248510343954, -0.00712223630399, 0.0104103023186, -0.0106486650184, 0.00885825417936, -0.00971504859626, 0.020280469209, -0.0351687818766, 0.0537562705576, -0.0346848294139, 0.0179648697376], [-0.000477699766634, 0.0011394447647, -0.00226370827295, 0.00552819157019, -0.00770671805367, 0.00843151751906, -0.00982263591141, 0.0103782648221, -0.0153098329902, 0.0230907537043, -0.0346848294139, 0.0476839989424, -0.0257890038192], [0.000524696253706, -0.00113924383186, 0.0018741232343, -0.00293695298024, 0.00407954445109, -0.00396834500134, 0.00530298659578, -0.00792710483074, 0.00608800398186, -0.0111351022497, 0.0179648697376, -0.0257890038192, 0.0353187657893]], "mean": [-664.650939941, 175.651428223, -50.8129234314, 32.0641937256, 9.94418621063, 19.2037506104, 18.848115921, -1.08034193516, 0.144207969308, 1.16234219074, 5.40392446518, 2.13996076584, 2.11265039444]}, "pitch_salience": {"dmean": 0.0668635591865, "dmean2": 0.110660672188, "dvar": 0.00326043833047, "dvar2": 0.00865677837282, "max": 0.994641065598, "mean": 0.561563670635, "median": 0.581047773361, "min": 0.0181674454361, "var": 0.0141660440713}, "silence_rate_20dB": {"dmean": 0, "dmean2": 0, "dvar": 0, "dvar2": 0, "max": 1, "mean": 1, "median": 1, "min": 1, "var": 0}, "silence_rate_30dB": {"dmean": 0.00859014317393, "dmean2": 0.0171821303666, "dvar": 0.00851644668728, "dvar2": 0.0209649819881, "max": 1, "mean": 0.990659236908, "median": 1, "min": 0, "var": 0.00925273168832}, "silence_rate_60dB": {"dmean": 0.00107376789674, "dmean2": 0.00214776629582, "dvar": 0.00107241654769, "dvar2": 0.00235806265846, "max": 1, "mean": 0.0261971224099, "median": 0, "min": 0, "var": 0.0255111530423}, "spectral_centroid": {"dmean": 218.922485352, "dmean2": 332.541137695, "dvar": 54156.9257812, "dvar2": 119114.0625, "max": 11611.4277344, "mean": 1480.05322266, "median": 1348.11645508, "min": 155.565505981, "var": 1199617.5}, "spectral_complexity": {"dmean": 3.93235254288, "dmean2": 5.90141773224, "dvar": 12.6059494019, "dvar2": 26.0351924896, "max": 62, "mean": 25.2235336304, "median": 25, "min": 0, "var": 126.807670593}, "spectral_contrast_coeffs": {"dmean": [0.051548037678, 0.0453798510134, 0.0379873849452, 0.0307726804167, 0.0201280135661, 0.045908741653], "dmean2": [0.0863607376814, 0.0770464614034, 0.0629873871803, 0.0511969029903, 0.0333622172475, 0.0736127868295], "dvar": [0.00159575475845, 0.00128016667441, 0.000886359252036, 0.000605014676694, 0.000256023427937, 0.00159064179752], "dvar2": [0.00453113950789, 0.0036651478149, 0.00241175224073, 0.00158041506074, 0.000682962767314, 0.00395356956869], "max": [-0.354260057211, -0.564827799797, -0.551136851311, -0.536810159683, -0.59328186512, -0.5066832304], "mean": [-0.701849222183, -0.794217467308, -0.789639592171, -0.784382104874, -0.803765535355, -0.761164546013], "median": [-0.707199335098, -0.796572685242, -0.790979504585, -0.787877380848, -0.802326917648, -0.768388569355], "min": [-0.98015075922, -0.994502902031, -0.989703893661, -0.976179838181, -0.967038929462, -0.965230941772], "var": [0.00614752341062, 0.00309263914824, 0.00361790088937, 0.00307230488397, 0.00129589636344, 0.00522638857365]}, "spectral_contrast_valleys": {"dmean": [0.365748286247, 0.349897325039, 0.31101423502, 0.26823630929, 0.271350353956, 0.639519751072], "dmean2": [0.613399982452, 0.584758162498, 0.505467176437, 0.419943064451, 0.391133934259, 1.04512703419], "dvar": [0.0946918353438, 0.0948708578944, 0.0779895409942, 0.0616025403142, 0.0745280608535, 0.303507864475], "dvar2": [0.23915155232, 0.232724815607, 0.180967360735, 0.125917628407, 0.134109139442, 0.76702517271], "max": [-5.2514424324, -4.93988513947, -5.19709444046, -5.12901592255, -5.1819434166, -9.05241298676], "mean": [-6.91601753235, -6.78920269012, -6.95567035675, -7.03955078125, -7.53669786453, -11.3248081207], "median": [-6.61417293549, -6.451359272, -6.55319070816, -6.64344501495, -7.26014471054, -11.0910701752], "min": [-28.2165908813, -28.0530567169, -27.8119373322, -27.8137588501, -27.5140857697, -27.4349880219], "var": [5.00926208496, 5.26821327209, 5.28784942627, 5.23322820663, 4.96686220169, 3.46741437912]}, "spectral_decrease": {"dmean": 2.21886820029e-09, "dmean2": 3.74182995699e-09, "dvar": 5.05557073961e-18, "dvar2": 1.43012099829e-17, "max": 1.07063566901e-08, "mean": -3.99080590796e-09, "median": -3.47399153888e-09, "min": -2.96209226036e-08, "var": 1.33123213508e-17}, "spectral_energy": {"dmean": 0.0107227470726, "dmean2": 0.0168672576547, "dvar": 9.24332925933e-05, "dvar2": 0.000231334255659, "max": 0.163404673338, "mean": 0.0483751222491, "median": 0.0475460998714, "min": 9.72575538226e-21, "var": 0.000486504868604}, "spectral_energyband_high": {"dmean": 0.000773525971454, "dmean2": 0.00107802741695, "dvar": 2.17844649342e-06, "dvar2": 3.41149211636e-06, "max": 0.0420863777399, "mean": 0.00204757996835, "median": 0.00102485984098, "min": 7.00855754291e-21, "var": 1.25596770886e-05}, "spectral_energyband_low": {"dmean": 0.0060696634464, "dmean2": 0.0101766623557, "dvar": 4.21338445449e-05, "dvar2": 0.000116597104352, "max": 0.110046178102, "mean": 0.0125849843025, "median": 0.0101717226207, "min": 7.20729513192e-24, "var": 9.56088406383e-05}, "spectral_energyband_middle_high": {"dmean": 0.00337353302166, "dmean2": 0.00516614178196, "dvar": 1.74500673893e-05, "dvar2": 3.87938453059e-05, "max": 0.100391626358, "mean": 0.0119732227176, "median": 0.00953856110573, "min": 1.15465396517e-21, "var": 0.000110039516585}, "spectral_energyband_middle_low": {"dmean": 0.00283229304478, "dmean2": 0.00453626271337, "dvar": 1.52869106387e-05, "dvar2": 3.66839049093e-05, "max": 0.1106358096, "mean": 0.00783027615398, "median": 0.00541579257697, "min": 1.43277562419e-22, "var": 5.88444017922e-05}, "spectral_entropy": {"dmean": 0.131247311831, "dmean2": 0.201049670577, "dvar": 0.0166225470603, "dvar2": 0.0386891141534, "max": 9.82134628296, "mean": 7.54807853699, "median": 7.57313013077, "min": 6.02188634872, "var": 0.111652031541}, "spectral_flux": {"dmean": 0.0192454345524, "dmean2": 0.0298395492136, "dvar": 0.00028635316994, "dvar2": 0.000665441679303, "max": 0.24572840333, "mean": 0.118390105665, "median": 0.120417028666, "min": 6.23831819535e-11, "var": 0.00148576928768}, "spectral_kurtosis": {"dmean": 5.8489613533, "dmean2": 9.26274585724, "dvar": 33.5397071838, "dvar2": 83.8558959961, "max": 83.6862030029, "mean": 28.3859272003, "median": 27.1813812256, "min": -1.25572943687, "var": 101.742378235}, "spectral_rms": {"dmean": 0.000764900585636, "dmean2": 0.00119912577793, "dvar": 4.09734013829e-07, "dvar2": 1.02489434539e-06, "max": 0.0126261319965, "mean": 0.00662470050156, "median": 0.0068107591942, "min": 3.08034760893e-12, "var": 3.30841294272e-06}, "spectral_rolloff": {"dmean": 924.094360352, "dmean2": 1732.99206543, "dvar": 10119031, "dvar2": 28185524, "max": 22050, "mean": 20789.2988281, "median": 21920.8007812, "min": 21.533203125, "var": 14735898}, "spectral_skewness": {"dmean": 0.391677170992, "dmean2": 0.612460970879, "dvar": 0.142774567008, "dvar2": 0.336249679327, "max": 7.15927934647, "mean": 3.65413165092, "median": 3.58647012711, "min": -0.0770381689072, "var": 0.664467692375}, "spectral_spread": {"dmean": 396982.5625, "dmean2": 640674.125, "dvar": 339401670656, "dvar2": 768051773440, "max": 42619716, "mean": 3902284, "median": 3456165.5, "min": 1817830.625, "var": 14675256279000.0}, "spectral_strongpeak": {"dmean": 19.594783783, "dmean2": 36.73