{"lowlevel": {"average_loudness": 0.917193651199, "barkbands": {"dmean": [0.000146475649672, 0.00309135299176, 0.00169918860774, 0.000866255082656, 0.00182250933722, 0.000747771642637, 0.00024950838997, 0.000378381635528, 0.000516172731295, 0.000554948346689, 0.000270047341473, 0.000321200292092, 0.000274315185379, 0.000213365012314, 0.000232750346186, 0.000210652928217, 0.00027170064277, 0.000196136388695, 0.000335468415869, 0.000271962635452, 0.000335759716108, 0.000262585701421, 0.0002412697213, 0.00017896357167, 7.94556472101e-05, 3.99837481382e-05, 1.65064884641e-05], "dmean2": [0.000224617251661, 0.00502693792805, 0.0027646641247, 0.00143177655991, 0.00303220306523, 0.00118101772387, 0.000400179298595, 0.000559063628316, 0.000802582304459, 0.000849747739267, 0.000426060811151, 0.000520398665685, 0.000459586561192, 0.000351845956175, 0.000389475026168, 0.000344894768205, 0.000455921050161, 0.000331641844241, 0.000565733120311, 0.000460333918454, 0.000558857922442, 0.000419742369559, 0.000368343375158, 0.000263387279119, 0.000121051794849, 5.81551612413e-05, 2.42518617597e-05], "dvar": [1.42291327165e-07, 3.21303887176e-05, 8.79214894667e-06, 1.77551419256e-06, 8.3875575001e-06, 2.24934137805e-06, 2.91754076898e-07, 5.68365749132e-07, 1.96126597984e-06, 1.72646377905e-06, 4.57450795466e-07, 6.73254817229e-07, 5.08802315835e-07, 1.87064969737e-07, 2.11184911336e-07, 2.39347031084e-07, 2.46411559601e-07, 9.49906606706e-08, 4.2988841642e-07, 2.15591086317e-07, 4.44653153409e-07, 3.17684936135e-07, 5.53227664568e-07, 5.81197639349e-07, 9.17978510984e-08, 1.4726393438e-08, 3.04454705891e-09], "dvar2": [2.97390840842e-07, 8.31258585094e-05, 2.30817604461e-05, 5.00959595229e-06, 2.32654256251e-05, 5.63294997846e-06, 7.82149811585e-07, 1.2187814491e-06, 4.88052955916e-06, 4.1179737309e-06, 1.17712238534e-06, 1.77169454219e-06, 1.43437705447e-06, 4.87754562073e-07, 5.66272149172e-07, 6.00802991357e-07, 6.546766258e-07, 2.5280073146e-07, 1.19103094676e-06, 5.6875029486e-07, 1.14474926249e-06, 6.85348027218e-07, 1.16810394957e-06, 1.1877017414e-06, 2.02096984481e-07, 3.14710106863e-08, 6.70929800606e-09], "max": [0.0100215803832, 0.0865078866482, 0.045782931149, 0.0245305392891, 0.0657326132059, 0.0423663705587, 0.0208884775639, 0.0218986384571, 0.0368804819882, 0.0385636389256, 0.0253965631127, 0.0276386607438, 0.0170290470123, 0.0126297660172, 0.0179082881659, 0.0199833195657, 0.01427863352, 0.00791569426656, 0.0232105720788, 0.0144274746999, 0.0323495715857, 0.020549274981, 0.0334650576115, 0.0361559726298, 0.014234979637, 0.00517872627825, 0.0019253626233], "mean": [0.000287669099635, 0.00653191935271, 0.00345908268355, 0.00167818984482, 0.00378766935319, 0.00158486340661, 0.000486768374685, 0.0007843929925, 0.000923847430386, 0.00102454784792, 0.00046103974455, 0.000566278060433, 0.000427720311563, 0.000366357475286, 0.000423010496888, 0.000391749606933, 0.000507696880959, 0.000396004179493, 0.000703037076164, 0.000624979438726, 0.000800885201897, 0.000689927022904, 0.000621703977231, 0.000451434432762, 0.00017357210163, 7.62052950449e-05, 2.52786703641e-05], "median": [3.33100615535e-05, 0.0041404790245, 0.00225863861851, 0.000959901488386, 0.00242358143441, 0.000804688374046, 0.000275150581729, 0.000276097125607, 0.000309632654535, 0.000335497257765, 0.000180682705832, 0.000172890242538, 0.000149666127982, 0.000158039969392, 0.000225193187362, 0.000182119489182, 0.000279714819044, 0.000276105594821, 0.000368896638975, 0.000361912185326, 0.000495532702189, 0.000389223801903, 0.000279578322079, 0.000149667816004, 5.08238517796e-05, 1.52398479258e-05, 3.84204622605e-06], "min": [2.8886346648e-09, 2.07807516972e-07, 5.54027934641e-08, 8.78734951471e-08, 1.38134168992e-07, 1.60834218832e-07, 5.93271529681e-08, 1.87150064335e-08, 3.77959565867e-08, 1.52509009865e-08, 3.0370197468e-09, 9.18854503595e-09, 1.19224781159e-08, 1.9994477185e-08, 1.50656980225e-08, 3.23778834854e-08, 3.18333768234e-08, 4.74129890904e-08, 8.47336494303e-08, 9.70416778046e-08, 3.32572454909e-07, 3.61324651976e-07, 4.30194887713e-07, 3.55813710939e-07, 3.26077241652e-07, 2.70516039791e-07, 1.2843145214e-07], "var": [3.35971890308e-07, 6.26230321359e-05, 1.57569065777e-05, 4.69959877591e-06, 2.0247656721e-05, 5.78825120101e-06, 6.04854847097e-07, 2.09305994758e-06, 4.51601727036e-06, 4.13350062445e-06, 8.86829241153e-07, 1.54010399456e-06, 8.72787438766e-07, 4.05426220595e-07, 4.82546909097e-07, 5.29214673861e-07, 5.39859627224e-07, 2.24482093358e-07, 1.03269860574e-06, 6.31380942195e-07, 1.12323209578e-06, 1.18047501019e-06, 1.71289264017e-06, 1.9726796836e-06, 2.09510432114e-07, 3.47825910296e-08, 4.80159423333e-09]}, "barkbands_crest": {"dmean": 2.08349204063, "dmean2": 3.41749930382, "dvar": 4.02667331696, "dvar2": 10.5585260391, "max": 26.2588596344, "mean": 9.00420379639, "median": 8.36434841156, "min": 2.10744142532, "var": 14.4273986816}, "barkbands_flatness_db": {"dmean": 0.0145024089143, "dmean2": 0.0227134898305, "dvar": 0.000205217162147, "dvar2": 0.000480706483359, "max": 0.364026635885, "mean": 0.104235164821, "median": 0.0907449275255, "min": 0.0142171895131, "var": 0.00261756638065}, "barkbands_kurtosis": {"dmean": 2.00966930389, "dmean2": 3.13415718079, "dvar": 21.7066764832, "dvar2": 48.0508956909, "max": 291.453613281, "mean": 3.83766555786, "median": 0.433497428894, "min": -1.93640267849, "var": 105.619270325}, "barkbands_skewness": {"dmean": 0.413233458996, "dmean2": 0.6383279562, "dvar": 0.209092274308, "dvar2": 0.465320855379, "max": 15.5819997787, "mean": 1.48419928551, "median": 1.21051323414, "min": -6.1394982338, "var": 1.86261165142}, "barkbands_spread": {"dmean": 6.11950540543, "dmean2": 9.54155445099, "dvar": 49.0604858398, "dvar2": 111.808692932, "max": 111.873260498, "mean": 34.8681640625, "median": 34.5390319824, "min": 0.59506726265, "var": 342.180114746}, "dissonance": {"dmean": 0.0117586078122, "dmean2": 0.0196088925004, "dvar": 0.000126996354084, "dvar2": 0.000348639994627, "max": 0.500000059605, "mean": 0.473398089409, "median": 0.478489547968, "min": 0.302208542824, "var": 0.000393633788917}, "dynamic_complexity": 3.37498259544, "erbbands": {"dmean": [0.0902863517404, 0.733694672585, 1.85052967072, 2.34403181076, 5.18879413605, 6.15908002853, 6.93166780472, 5.42405605316, 3.67547798157, 4.94255685806, 9.29926872253, 12.0858106613, 12.6452379227, 16.6302490234, 12.5568256378, 11.3345527649, 9.49909591675, 13.9547338486, 10.6398525238, 10.7070541382, 12.1204214096, 11.5243968964, 10.4634208679, 13.0753192902, 18.4340686798, 12.4522628784, 12.826672554, 13.2177343369, 9.51362609863, 8.01624584198, 7.26875543594, 5.02298021317, 2.29167246819, 1.09601759911, 0.477382600307, 0.174872532487, 0.0829716473818, 0.0184197258204, 0.00277563137934, 0.000160274081281], "dmean2": [0.147847041488, 1.20370554924, 3.00214743614, 3.8655424118, 8.80545425415, 10.2436275482, 10.661444664, 8.77253913879, 6.00157642365, 7.48579978943, 13.7639131546, 18.820224762, 19.3023338318, 25.551858902, 19.9091625214, 18.4160766602, 15.5907325745, 23.3471908569, 17.6430416107, 17.7516670227, 19.9123477936, 19.2195911407, 17.5852718353, 22.0921897888, 31.2361278534, 21.0720424652, 21.5392971039, 21.8202438354, 15.2132339478, 12.7189884186, 11.2424173355, 7.55183076859, 3.32565236092, 1.64987826347, 0.727790594101, 0.260923326015, 0.122064642608, 0.0273378286511, 0.00408454798162, 0.000234376624576], "dvar": [0.030721899122, 1.88172829151, 11.5671892166, 12.2935419083, 91.9534225464, 97.4584274292, 152.983596802, 168.830169678, 49.5303611755, 139.602935791, 355.740600586, 1407.36572266, 733.409973145, 1887.99389648, 884.958312988, 700.376525879, 516.654785156, 1028.58288574, 561.250427246, 409.363983154, 643.557006836, 533.52911377, 280.676940918, 578.02935791, 1516.86132812, 432.927124023, 575.424194336, 939.842895508, 446.498535156, 339.233093262, 570.165893555, 517.75567627, 91.6755523682, 20.6152000427, 3.47410655022, 0.340945482254, 0.0718127265573, 0.00330762169324, 8.44414535095e-05, 3.0798216244e-07], "dvar2": [0.0808164924383, 4.93486118317, 28.6851825714, 34.0119552612, 259.798522949, 262.401977539, 366.815185547, 428.054534912, 132.214492798, 344.30657959, 768.872131348, 3511.21704102, 1799.10131836, 4480.81103516, 2269.24511719, 1917.29431152, 1324.96154785, 2880.24267578, 1465.18530273, 1054.69799805, 1607.85205078, 1352.31176758, 738.299865723, 1565.35302734, 4215.65722656, 1153.44543457, 1539.50939941, 2255.68994141, 972.986938477, 741.442199707, 1257.98754883, 1148.05126953, 176.360290527, 44.1919631958, 7.70209980011, 0.747764229774, 0.159353032708, 0.00715340767056, 0.00018429433112, 7.02571639977e-07], "max": [3.605489254, 21.9697742462, 50.3581886292, 69.4547042847, 164.83265686, 244.384857178, 349.206176758, 525.116638184, 197.992355347, 453.19430542, 598.347717285, 1171.06433105, 1031.71447754, 1395.18640137, 1011.99383545, 1249.76599121, 949.890686035, 687.640441895, 1111.2911377, 698.066772461, 1003.37133789, 951.339477539, 488.870178223, 667.939575195, 1460.12658691, 597.466247559, 884.481445312, 1972.20593262, 903.571655273, 656.764465332, 1131.5802002, 1199.12768555, 493.4949646, 275.150543213, 133.138366699, 34.7549133301, 11.9557256699, 1.36819553375, 0.313819855452, 0.0244755521417], "mean": [0.177415028214, 1.49037766457, 4.06499242783, 5.13996458054, 8.94520282745, 12.276714325, 15.9187831879, 10.671169281, 7.50183725357, 10.3876714706, 19.3090610504, 22.6107540131, 25.7296485901, 30.2717552185, 23.186422348, 21.3512592316, 17.4968681335, 23.6475791931, 20.428571701, 21.4304504395, 24.4477233887, 23.8970413208, 22.7962760925, 29.0275402069, 37.9439659119, 29.4803848267, 30.3901233673, 31.1045608521, 24.8684253693, 20.5581817627, 18.1646137238, 12.4315671921, 5.61311388016, 2.4042994976, 0.989766955376, 0.353252589703, 0.146026581526, 0.0309276115149, 0.00430815154687, 0.00026707816869], "median": [0.0833135768771, 0.976221323013, 2.58999609947, 3.42254734039, 5.38441228867, 7.05612850189, 7.92212915421, 5.23099040985, 4.13622283936, 4.83995628357, 7.39991044998, 8.07005119324, 10.948641777, 10.7606983185, 9.94232940674, 8.45744132996, 7.90579509735, 10.0207071304, 10.6788873672, 11.9043712616, 12.928565979, 14.4100112915, 16.2495365143, 18.5667686462, 18.9476356506, 18.1733608246, 17.6173171997, 19.6762256622, 14.105050087, 10.4804048538, 8.02118682861, 4.26578950882, 1.8491216898, 0.716312170029, 0.282800942659, 0.083322070539, 0.0257025565952, 0.0058452244848, 0.000666974170599, 7.7272496128e-05], "min": [6.36607410343e-06, 7.92191858636e-05, 0.000299267790979, 0.000615249795374, 0.000529349199496, 0.000342599349096, 0.00288010644726, 0.0015093308175, 0.000771060353145, 0.000775742344558, 0.00061463797465, 0.000682074052747, 0.000545508228242, 0.000329117814545, 0.000345535314409, 0.000491552695166, 0.000733126827981, 0.00125073827803, 0.00100363837555, 0.000887106463779, 0.00190990278497, 0.00211202399805, 0.00273281498812, 0.00369333615527, 0.00507764192298, 0.00595677504316, 0.00980235822499, 0.0151289533824, 0.0140811419114, 0.0133858500049, 0.0122463209555, 0.00829379633069, 0.00589602719992, 0.00344538828358, 0.00220897886902, 0.00113902974408, 0.000425569684012, 0.000157663977006, 1.98021607503e-05, 2.05022661248e-06], "var": [0.0617362782359, 3.23812222481, 22.6285095215, 33.1720352173, 128.653198242, 272.34161377, 555.428771973, 367.718902588, 120.852218628, 381.942474365, 1242.37927246, 3184.76391602, 1885.49609375, 4432.56005859, 1844.96484375, 1596.58642578, 1276.91210938, 1755.5032959, 1374.18884277, 1057.39892578, 1479.60180664, 1279.16784668, 738.250915527, 1432.61535645, 3443.07177734, 1288.19689941, 1534.0291748, 2291.35302734, 1582.77502441, 1224.81628418, 1593.12854004, 1536.67272949, 282.800933838, 44.3860702515, 8.25680351257, 0.821102321148, 0.143447265029, 0.005886613857, 0.000136257338454, 4.57781112573e-07]}, "erbbands_crest": {"dmean": 1.94434356689, "dmean2": 3.16820120811, "dvar": 3.74961829185, "dvar2": 9.37139320374, "max": 29.6505641937, "mean": 7.19666528702, "median": 6.35309886932, "min": 2.41466712952, "var": 11.3692445755}, "erbbands_flatness_db": {"dmean": 0.0108377747238, "dmean2": 0.0162811148912, "dvar": 0.000114857466542, "dvar2": 0.000231046346016, "max": 0.368815898895, "mean": 0.12110619247, "median": 0.117320217192, "min": 0.0393092408776, "var": 0.00093818095047}, "erbbands_kurtosis": {"dmean": 0.614102840424, "dmean2": 0.968694269657, "dvar": 1.64962661266, "dvar2": 3.62584066391, "max": 50.7472457886, "mean": -0.0924344584346, "median": -0.595251321793, "min": -1.8862940073, "var": 5.42147493362}, "erbbands_skewness": {"dmean": 0.282593280077, "dmean2": 0.431358784437, "dvar": 0.0775667876005, "dvar2": 0.169782191515, "max": 4.31795978546, "mean": -0.137196347117, "median": -0.155798971653, "min": -6.19443368912, "var": 0.643729746342}, "erbbands_spread": {"dmean": 7.69016647339, "dmean2": 12.1364603043, "dvar": 58.059223175, "dvar2": 141.547943115, "max": 166.253417969, "mean": 51.4738578796, "median": 49.6036911011, "min": 2.63390636444, "var": 302.744506836}, "gfcc": {"cov": [[6012.56103516, -1118.80932617, -416.989898682, 513.339294434, -441.472442627, 615.860717773, 221.69883728, 245.935775757, -149.767944336, 200.482620239, 75.2369003296, 61.1507415771, 60.9279022217], [-1118.80932617, 1064.37036133, -32.899974823, -126.1615448, 219.309936523, -122.509521484, 29.9109630585, -9.61160182953, 76.3181381226, -64.4995040894, 2.58644461632, -30.8025779724, 2.53786897659], [-416.989898682, -32.899974823, 659.011047363, 92.3067932129, 137.666305542, 48.1993637085, 21.003988266, 9.34358596802, 43.1299209595, 6.87974405289, -16.1543521881, -0.86862128973, -25.3666973114], [513.339294434, -126.1615448, 92.3067932129, 414.239013672, 13.1087341309, 117.239631653, 62.7338981628, 39.5927391052, 20.391242981, 28.3528556824, 24.3290252686, -8.5372467041, 21.262840271], [-441.472442627, 219.309936523, 137.666305542, 13.1087341309, 262.105682373, -18.3539466858, 30.4968471527, 15.8483190536, 32.6794662476, -6.90532064438, -8.25275230408, 2.15949034691, -3.30081582069], [615.860717773, -122.509521484, 48.1993637085, 117.239631653, -18.3539466858, 265.999176025, 113.102783203, 52.4988136292, -7.35805463791, 32.7767791748, 18.2820320129, -1.00590181351, 4.96345186234], [221.69883728, 29.9109630585, 21.003988266, 62.7338981628, 30.4968471527, 113.102783203, 162.437820435, 59.26039505, 17.5244846344, 21.4661693573, 12.5309123993, 1.55934309959, -2.89474773407], [245.935775757, -9.61160182953, 9.34358596802, 39.5927391052, 15.8483190536, 52.4988136292, 59.26039505, 109.804405212, 31.6809005737, 14.736536026, 3.96997284889, 5.19987916946, 4.26156759262], [-149.767944336, 76.3181381226, 43.1299209595, 20.391242981, 32.6794662476, -7.35805463791, 17.5244846344, 31.6809005737, 95.4729690552, 20.5770320892, -0.123702846467, -7.69483613968, -0.35862955451], [200.482620239, -64.4995040894, 6.87974405289, 28.3528556824, -6.90532064438, 32.7767791748, 21.4661693573, 14.736536026, 20.5770320892, 76.0502166748, 25.3094902039, -0.309688895941, 4.56877613068], [75.2369003296, 2.58644461632, -16.1543521881, 24.3290252686, -8.25275230408, 18.2820320129, 12.5309123993, 3.96997284889, -0.123702846467, 25.3094902039, 60.5028877258, 22.6747741699, 2.1912009716], [61.1507415771, -30.8025779724, -0.86862128973, -8.5372467041, 2.15949034691, -1.00590181351, 1.55934309959, 5.19987916946, -7.69483613968, -0.309688895941, 22.6747741699, 63.2275466919, 21.1579151154], [60.9279022217, 2.53786897659, -25.3666973114, 21.262840271, -3.30081582069, 4.96345186234, -2.89474773407, 4.26156759262, -0.35862955451, 4.56877613068, 2.1912009716, 21.1579151154, 62.78540802]], "icov": [[0.00037112244172, 0.000120842116303, 0.000243981325184, -0.000311395240715, 0.000322623585816, -0.000531699450221, 0.000117661576951, -0.000662753358483, 0.000615302182268, -0.000742989883292, 0.000415817194153, -0.000430163228884, 0.000136435308377], [0.000120842116303, 0.00168633530848, 0.000319434650009, 0.000454079941846, -0.00118360947818, 0.000344123807736, -0.000809492135886, 0.000246579322265, -0.00116453727242, 0.0018104914343, -0.0017760116607, 0.00164997612592, -0.000986076425761], [0.000243981325184, 0.000319434650009, 0.00211295415647, -0.000546955445316, -0.000937095202971, -0.000829482683912, 0.000364661274944, 5.5895100104e-07, -0.000488566816784, -0.000465823541163, 0.00101096415892, -0.000916865363251, 0.00112711603288], [-0.000311395240715, 0.000454079941846, -0.000546955445316, 0.00351106445305, -0.000697163399309, -0.000376457785023, -0.00059856014559, 0.000349604000803, -0.00128168845549, 0.00146439205855, -0.0025216974318, 0.00242699170485, -0.00202816678211], [0.000322623585816, -0.00118360947818, -0.000937095202971, -0.000697163399309, 0.00599502911791, 0.000132609551656, -0.000658528821077, -0.00104986585211, 0.000625971064437, -0.00151865906082, 0.00201170006767, -0.00196374370717, 0.000643484003376], [-0.000531699450221, 0.000344123807736, -0.000829482683912, -0.000376457785023, 0.000132609551656, 0.00743162119761, -0.00429853145033, -7.89651239756e-05, 0.000761338276789, 0.000326999026584, -0.00154638430104, 0.00185227754992, -0.00106860732194], [0.000117661576951, -0.000809492135886, 0.000364661274944, -0.00059856014559, -0.000658528821077, -0.00429853145033, 0.0110499858856, -0.0038115689531, 0.000199535832508, -0.00177268404514, 0.000608122209087, -0.0014391974546, 0.00193585362285], [-0.000662753358483, 0.000246579322265, 5.5895100104e-07, 0.000349604000803, -0.00104986585211, -7.89651239756e-05, -0.0038115689531, 0.0141165480018, -0.00533928722143, 0.00157444283832, 2.29445849982e-05, -0.000678567914292, -0.000585039379075], [0.000615302182268, -0.00116453727242, -0.000488566816784, -0.00128168845549, 0.000625971064437, 0.000761338276789, 0.000199535832508, -0.00533928722143, 0.0158575475216, -0.00659283949062, 0.00266535789706, -0.000164136654348, 0.000563581939787], [-0.000742989883292, 0.0018104914343, -0.000465823541163, 0.00146439205855, -0.00151865906082, 0.000326999026584, -0.00177268404514, 0.00157444283832, -0.00659283949062, 0.0218548011035, -0.011316630058, 0.0063676154241, -0.00370944431052], [0.000415817194153, -0.0017760116607, 0.00101096415892, -0.0025216974318, 0.00201170006767, -0.00154638430104, 0.000608122209087, 2.29445849982e-05, 0.00266535789706, -0.011316630058, 0.0274395123124, -0.0131109235808, 0.00548451114446], [-0.000430163228884, 0.00164997612592, -0.000916865363251, 0.00242699170485, -0.00196374370717, 0.00185227754992, -0.0014391974546, -0.000678567914292, -0.000164136654348, 0.0063676154241, -0.0131109235808, 0.0255017317832, -0.00971208047122], [0.000136435308377, -0.000986076425761, 0.00112711603288, -0.00202816678211, 0.000643484003376, -0.00106860732194, 0.00193585362285, -0.000585039379075, 0.000563581939787, -0.00370944431052, 0.00548451114446, -0.00971208047122, 0.020578827709]], "mean": [29.5298347473, 62.8324623108, -102.2707901, 46.3529396057, -56.1366996765, 13.2091331482, -29.236125946, 2.68978857994, -21.4624614716, -3.95005178452, -18.1098499298, 0.991180360317, -10.0128116608]}, "hfc": {"dmean": 7.81132364273, "dmean2": 11.7759284973, "dvar": 249.837722778, "dvar2": 473.265411377, "max": 532.700561523, "mean": 35.2247962952, "median": 29.6887531281, "min": 0.097895488143, "var": 1389.16333008}, "melbands": {"dmean": [0.000808820710517, 0.000925850414205, 0.000444449600764, 0.000422919722041, 0.000238876891672, 0.00012468805653, 5.44041722605e-05, 5.65771988477e-05, 8.09180128272e-05, 7.52680862206e-05, 6.40091384412e-05, 7.14911002433e-05, 4.13906345784e-05, 3.98684896936e-05, 2.0253675757e-05, 2.82718210656e-05, 2.6148483812e-05, 1.70757357409e-05, 1.53752826009e-05, 1.67022517417e-05, 1.57073282026e-05, 1.39181393024e-05, 1.24757243611e-05, 1.07625946839e-05, 1.1694524801e-05, 1.47686350829e-05, 1.16322780741e-05, 8.60345789988e-06, 8.4926987256e-06, 9.36600645218e-06, 8.3658769654e-06, 5.96857171331e-06, 5.5908531067e-06, 4.57440592072e-06, 4.75383058074e-06, 4.06849176215e-06, 3.06295555674e-06, 1.88658486877e-06, 1.23375184558e-06, 8.90232229267e-07], "dmean2": [0.00131744996179, 0.0015020868741, 0.000731548236217, 0.000718908384442, 0.000369322573533, 0.000200531154405, 8.83955726749e-05, 8.50025826367e-05, 0.000121312754345, 0.000117094146844, 9.77669624262e-05, 0.000109915803478, 6.53531533317e-05, 6.48267450742e-05, 3.26942972606e-05, 4.71095809189e-05, 4.37563176092e-05, 2.82552191493e-05, 2.58287400356e-05, 2.74238736893e-05, 2.60330889432e-05, 2.32019483519e-05, 2.10644866456e-05, 1.83294250746e-05, 1.97986155399e-05, 2.49326258199e-05, 1.96368146135e-05, 1.46769298226e-05, 1.43165962072e-05, 1.58888469741e-05, 1.37683255161e-05, 9.53766993916e-06, 9.21937589737e-06, 7.3329974839e-06, 7.57954876462e-06, 6.34274238109e-06, 4.69153565064e-06, 2.83708573079e-06, 1.88056708339e-06, 1.38211271405e-06], "dvar": [2.22213952839e-06, 2.81367738353e-06, 3.88735429624e-07, 5.32758463123e-07, 1.54133019237e-07, 7.66001733155e-08, 1.11999574059e-08, 1.63753473004e-08, 2.89034041145e-08, 4.84609188334e-08, 1.90995166349e-08, 3.74086681632e-08, 9.85079928739e-09, 1.16466019051e-08, 1.61673407995e-09, 5.50180034864e-09, 3.37076255796e-09, 1.55019208581e-09, 1.05509367909e-09, 1.42080436305e-09, 1.02901209775e-09, 9.34479271741e-10, 3.94519805713e-10, 2.7532193192e-10, 5.21130638642e-10, 1.11083875431e-09, 4.82877626773e-10, 2.22886376022e-10, 2.62379229454e-10, 3.86279397357e-10, 3.74295455741e-10, 1.79766895814e-10, 1.51856846542e-10, 1.15915707588e-10, 1.96620122961e-10, 3.27044918924e-10, 1.72157565981e-10, 5.58045588905e-11, 3.78275327728e-11, 1.21430409131e-11], "dvar2": [5.73798070036e-06, 6.91384911988e-06, 1.08138954147e-06, 1.52652648922e-06, 3.63183772834e-07, 1.93580859786e-07, 3.00898967964e-08, 3.8919225176e-08, 6.54592184901e-08, 1.20484784816e-07, 4.69550514026e-08, 8.85617197355e-08, 2.5490161093e-08, 3.11027825717e-08, 4.13797751619e-09, 1.52061936376e-08, 9.33598798269e-09, 3.98880306562e-09, 2.91913915262e-09, 3.62402530207e-09, 2.63522892396e-09, 2.36458186365e-09, 1.06274167244e-09, 7.56488038878e-10, 1.40222278233e-09, 3.12160919336e-09, 1.29454225117e-09, 6.02429994778e-10, 6.94464485917e-10, 1.03246022842e-09, 8.79548267552e-10, 4.05783878721e-10, 3.65198954411e-10, 2.59472082709e-10, 4.58547810833e-10, 7.16019965541e-10, 3.86423809617e-10, 1.1206324757e-10, 8.34404351169e-11, 2.74517474724e-11], "max": [0.0268542971462, 0.0251201018691, 0.00958764459938, 0.0181600619107, 0.00980579294264, 0.0102917756885, 0.003554653842, 0.00400785496458, 0.00450913934037, 0.00723131047562, 0.00538829294965, 0.00624736398458, 0.00405070232227, 0.00377740291879, 0.0011846589623, 0.0021181802731, 0.0014685007045, 0.00170116720255, 0.000833046098705, 0.00160883436911, 0.00111744867172, 0.00133128801826, 0.00034073650022, 0.000298131286399, 0.000669956440106, 0.00151310826186, 0.000544485752471, 0.000365589425201, 0.000661356083583, 0.000879178580362, 0.00106207933277, 0.000572165881749, 0.00051927997265, 0.000325475615682, 0.000594862503931, 0.000931822753046, 0.000550059776288, 0.000366481399396, 0.000313031574478, 0.000205455478863], "mean": [0.00169762177393, 0.00213059247471, 0.000989726744592, 0.00078523287084, 0.000565346155781, 0.000252214958891, 0.000110506211058, 0.000119454431115, 0.000162968179211, 0.000137154216645, 0.00012689983123, 0.000124765414512, 7.26521466277e-05, 7.03961486579e-05, 3.67830143659e-05, 4.48090504506e-05, 4.2559026042e-05, 3.08017079078e-05, 2.82527653326e-05, 3.07951850118e-05, 2.87957009277e-05, 2.60424403677e-05, 2.22175076487e-05, 2.04216248676e-05, 2.28511707974e-05, 2.79513460555e-05, 2.38043721765e-05, 1.83413922059e-05, 1.83987813216e-05, 1.90402734006e-05, 1.80297101906e-05, 1.42589815368e-05, 1.25890182971e-05, 1.07962678157e-05, 1.09894399429e-05, 8.99936549104e-06, 7.02630131855e-06, 4.30669706475e-06, 2.59386683865e-06, 1.79935136657e-06], "median": [0.000960672507063, 0.00148510420695, 0.000756306224503, 0.000480819493532, 0.000301715655951, 0.00012583649368, 6.10217466601e-05, 5.30397519469e-05, 5.96467289142e-05, 4.78923757328e-05, 5.03813389514e-05, 3.83632177545e-05, 3.1469946407e-05, 2.05414435186e-05, 1.78650043381e-05, 1.51905860548e-05, 1.68280403159e-05, 1.46772290464e-05, 1.47271603055e-05, 1.43786737681e-05, 1.42080816659e-05, 1.35532218337e-05, 1.34406045618e-05, 1.36533953992e-05, 1.29709205794e-05, 1.30507150971e-05, 1.2641572539e-05, 1.02977801362e-05, 9.95729806164e-06, 1.0588006262e-05, 1.06112902358e-05, 7.82843562774e-06, 6.30572003502e-06, 5.30349916517e-06, 4.84206930196e-06, 3.24533584717e-06, 2.2369558792e-06, 1.40250381264e-06, 7.86142095421e-07, 5.13707675509e-07], "min": [3.68470551848e-08, 1.62821692129e-07, 1.07076033373e-07, 2.82280314678e-08, 7.97639927441e-08, 2.91456370149e-08, 1.10952438348e-08, 8.28697732658e-09, 5.14673281771e-09, 4.40853131778e-09, 2.5275628257e-09, 1.18245080394e-09, 6.57918886038e-10, 1.14640685833e-09, 1.61989344161e-09, 1.3065867277e-09, 2.23955409773e-09, 1.30072841387e-09, 1.09846587382e-09, 1.38126987625e-09, 1.83207415905e-09, 1.84128334801e-09, 2.10178074944e-09, 2.52088816488e-09, 2.69423128252e-09, 3.56819751524e-09, 3.30640603785e-09, 3.36250627342e-09, 5.26440402382e-09, 8.17785839047e-09, 7.58552864966e-09, 7.17335391087e-09, 5.53545254078e-09, 6.47806963627e-09, 7.14034520399e-09, 5.07877340183e-09, 4.94253171723e-09, 3.67763997033e-09, 3.0889555358e-09, 2.06287631421e-09], "var": [4.57518854091e-06, 5.47934087081e-06, 9.25311326228e-07, 9.23042591694e-07, 6.49145988518e-07, 1.76427576548e-07, 2.6416801191e-08, 5.04992065942e-08, 9.16269513596e-08, 1.09799721315e-07, 4.8666997543e-08, 8.63780442728e-08, 1.85076363124e-08, 2.53043168641e-08, 4.17888212922e-09, 9.41194588933e-09, 5.9618208148e-09, 3.82520592979e-09, 2.13174566888e-09, 3.19890536282e-09, 2.17295781368e-09, 2.04060679465e-09, 8.33906887987e-10, 5.93354587686e-10, 1.13926090783e-09, 2.27300089861e-09, 1.20867515996e-09, 5.77608849639e-10, 6.28323781893e-10, 7.65249086321e-10, 9.32482868699e-10, 5.87587090095e-10, 4.3677320094e-10, 3.82971432344e-10, 5.24340126873e-10, 7.57808149565e-10, 5.33286803606e-10, 1.67936733964e-10, 7.17901293967e-11, 2.4548646102e-11]}, "melbands_crest": {"dmean": 2.63656282425, "dmean2": 4.3163523674, "dvar": 5.90550470352, "dvar2": 15.4054689407, "max": 32.0091934204, "mean": 14.1023082733, "median": 13.1925354004, "min": 2.87057089806, "var": 27.8450603485}, "melbands_flatness_db": {"dmean": 0.0193973705173, "dmean2": 0.0303963683546, "dvar": 0.000388862594264, "dvar2": 0.000894097611308, "max": 0.456908762455, "mean": 0.16801699996, "median": 0.152411386371, "min": 0.0188958719373, "var": 0.00521281547844}, "melbands_kurtosis": {"dmean": 6.18194055557, "dmean2": 9.74253749847, "dvar": 136.656311035, "dvar2": 325.91305542, "max": 560.220581055, "mean": 17.0218658447, "median": 8.61632919312, "min": -1.9256759882, "var": 760.414611816}, "melbands_skewness": {"dmean": 0.613062620163, "dmean2": 0.957851529121, "dvar": 0.463553130627, "dvar2": 1.06054639816, "max": 18.2989635468, "mean": 3.14166021347, "median": 2.76946473122, "min": -2.48231172562, "var": 3.27447080612}, "melbands_spread": {"dmean": 8.63992500305, "dmean2": 13.5348882675, "dvar": 154.938949585, "dvar2": 328.275360107, "max": 275.860717773, "mean": 34.7265930176, "median": 29.1024131775, "min": 0.587968766689, "var": 868.133361816}, "mfcc": {"cov": [[6924.52880859, -1599.78491211, -88.7438583374, -126.720542908, -402.244659424, 232.673690796, 372.495635986, 141.581924438, 73.3890075684, 143.943252563, 50.3957519531, 168.512390137, 6.98099994659], [-1599.78491211, 1160.01074219, -159.219573975, -2.20488214493, 125.591339111, -87.4725341797, -66.4448547363, 1.91529250145, 24.180644989, -28.5440444946, 4.75514793396, -29.5158348083, 23.7324028015], [-88.7438583374, -159.219573975, 479.830535889, 80.0692977905, 74.9025344849, 93.8196334839, 43.0017242432, 40.4598731995, 27.9560375214, 37.9698753357, 29.1839981079, 25.8989772797, -16.6142024994], [-126.720542908, -2.20488214493, 80.0692977905, 275.710845947, 97.8946685791, 28.490737915, 10.6296367645, 18.091293335, 32.0404434204, 19.3762779236, -3.16917514801, 25.0163478851, 23.5433177948], [-402.244659424, 125.591339111, 74.9025344849, 97.8946685791, 193.553405762, 23.7530555725, -4.27317094803, 9.35447406769, 25.0785655975, 4.17284202576, -0.513724505901, 2.36207556725, 7.40135097504], [232.673690796, -87.4725341797, 93.8196334839, 28.490737915, 23.7530555725, 160.31338501, 88.3967971802, 37.0467529297, 29.1339683533, 37.4342575073, 20.1041851044, 25.0572223663, 2.86451482773], [372.495635986, -66.4448547363, 43.0017242432, 10.6296367645, -4.27317094803, 88.3967971802, 158.736846924, 63.9478340149, 31.3023986816, 28.8443946838, 24.0573692322, 31.3921337128, 3.75343704224], [141.581924438, 1.91529250145, 40.4598731995, 18.091293335, 9.35447406769, 37.0467529297, 63.9478340149, 115.058029175, 49.6619300842, 10.8188114166, 25.6846046448, 31.9872074127, -4.15348672867], [73.3890075684, 24.180644989, 27.9560375214, 32.0404434204, 25.0785655975, 29.1339683533, 31.3023986816, 49.6619300842, 100.825798035, 40.8114051819, 6.90613269806, 21.3700523376, 7.93935060501], [143.943252563, -28.5440444946, 37.9698753357, 19.3762779236, 4.17284202576, 37.4342575073, 28.8443946838, 10.8188114166, 40.8114051819, 104.137687683, 30.7552947998, 0.354720175266, 5.25962305069], [50.3957519531, 4.75514793396, 29.1839981079, -3.16917514801, -0.513724505901, 20.1041851044, 24.0573692322, 25.6846046448, 6.90613269806, 30.7552947998, 86.8884658813, 28.0308952332, -9.53253746033], [168.512390137, -29.5158348083, 25.8989772797, 25.0163478851, 2.36207556725, 25.0572223663, 31.3921337128, 31.9872074127, 21.3700523376, 0.354720175266, 28.0308952332, 88.2441711426, 17.2219028473], [6.98099994659, 23.7324028015, -16.6142024994, 23.5433177948, 7.40135097504, 2.86451482773, 3.75343704224, -4.15348672867, 7.93935060501, 5.25962305069, -9.53253746033, 17.2219028473, 78.3794250488]], "icov": [[0.000282882450847, 0.000350280402927, 0.00020254222909, 6.20827413513e-05, 0.000272023200523, -3.35249023919e-05, -0.000398996518925, -9.37408258324e-05, -8.76818739926e-05, -0.000252990255831, 0.000100948891486, -0.000330459879478, -6.54746236251e-06], [0.000350280402927, 0.00153661880177, 0.000641739403363, 0.000286868598778, -0.000615163065959, 0.00038496038178, -0.000299566658214, -0.000334773067152, -0.0005509640323, 1.79638773261e-05, -0.000431675114669, 6.24467647867e-05, -0.000417599017965], [0.00020254222909, 0.000641739403363, 0.00288577890024, -0.000280696083792, -0.00081663421588, -0.00116207054816, 0.000117921161291, -0.000631091184914, 0.000115396098408, -0.000614075164776, -0.000283223693259, -0.000465475633973, 0.000661509810016], [6.20827413513e-05, 0.000286868598778, -0.000280696083792, 0.00485359178856, -0.00228464207612, 7.37264781492e-05, 8.94475451787e-05, -0.00031878016307, -0.000300630461425, -0.000815334264189, 0.000851542048622, -0.00119811110198, -0.000965941580944], [0.000272023200523, -0.000615163065959, -0.00081663421588, -0.00228464207612, 0.0079015661031, -0.00125214003492, 0.000321291765431, 0.000304817222059, -0.00133281049784, 0.000736239890102, -7.50146355131e-05, 0.000433450506534, -4.31920489063e-05], [-3.35249023919e-05, 0.00038496038178, -0.00116207054816, 7.37264781492e-05, -0.00125214003492, 0.0106039959937, -0.00503506697714, 0.000392404588638, -0.00028186259442, -0.00175581430085, 8.8941436843e-05, -0.000755656219553, -6.62081729388e-05], [-0.000398996518925, -0.000299566658214, 0.000117921161291, 8.94475451787e-05, 0.000321291765431, -0.00503506697714, 0.0119111621752, -0.00466412026435, 0.000782412244007, -0.000837664701976, -0.000174791523023, -0.000564593006857, -0.000459762348328], [-9.37408258324e-05, -0.000334773067152, -0.000631091184914, -0.00031878016307, 0.000304817222059, 0.000392404588638, -0.00466412026435, 0.0152678471059, -0.00684443023056, 0.00341869262047, -0.00313013396226, -0.0012927838834, 0.00142825732473], [-8.76818739926e-05, -0.0005509640323, 0.000115396098408, -0.000300630461425, -0.00133281049784, -0.00028186259442, 0.000782412244007, -0.00684443023056, 0.0170065313578, -0.00721958233044, 0.00406636763364, -0.00301746069454, -5.52370038349e-05], [-0.000252990255831, 1.79638773261e-05, -0.000614075164776, -0.000815334264189, 0.000736239890102, -0.00175581430085, -0.000837664701976, 0.00341869262047, -0.00721958233044, 0.0156987030059, -0.00671301363036, 0.00460770213977, -0.0018032642547], [0.000100948891486, -0.000431675114669, -0.000283223693259, 0.000851542048622, -7.50146355131e-05, 8.8941436843e-05, -0.000174791523023, -0.00313013396226, 0.00406636763364, -0.00671301363036, 0.0169774722308, -0.00628469279036, 0.00313651445322], [-0.000330459879478, 6.24467647867e-05, -0.000465475633973, -0.00119811110198, 0.000433450506534, -0.000755656219553, -0.000564593006857, -0.0012927838834, -0.00301746069454, 0.00460770213977, -0.00628469279036, 0.0168724320829, -0.00425822939724], [-6.54746236251e-06, -0.000417599017965, 0.000661509810016, -0.000965941580944, -4.31920489063e-05, -6.62081729388e-05, -0.000459762348328, 0.00142825732473, -5.52370038349e-05, -0.0018032642547, 0.00313651445322, -0.00425822939724, 0.0148637518287]], "mean": [-616.571838379, 91.2581939697, 12.5099802017, 33.7126655579, 1.7444883585, 12.8295402527, -0.685334503651, 8.97780418396, -0.196314424276, 1.95999526978, -4.72160196304, -3.83288574219, -4.62038469315]}, "pitch_salience": {"dmean": 0.0577044039965, "dmean2": 0.093253582716, "dvar": 0.00274373358116, "dvar2": 0.00719669321552, "max": 0.834578692913, "mean": 0.538246095181, "median": 0.547908067703, "min": 0.060432896018, "var": 0.0112441694364}, "silence_rate_20dB": {"dmean": 0, "dmean2": 0, "dvar": 0, "dvar2": 0, "max": 1, "mean": 1, "median": 1, "min": 1, "var": 0}, "silence_rate_30dB": {"dmean": 0, "dmean2": 0, "dvar": 0, "dvar2": 0, "max": 1, "mean": 1, "median": 1, "min": 1, "var": 0}, "silence_rate_60dB": {"dmean": 0.0135281383991, "dmean2": 0.0270581077784, "dvar": 0.0133452415466, "dvar2": 0.031873177737, "max": 1, "mean": 0.0923909395933, "median": 0, "min": 0, "var": 0.0838617831469}, "spectral_centroid": {"dmean": 259.789733887, "dmean2": 408.740600586, "dvar": 73276.8828125, "dvar2": 168457.109375, "max": 5442.66015625, "mean": 1878.82189941, "median": 1909.11108398, "min": 185.642944336, "var": 712653.5}, "spectral_complexity": {"dmean": 3.27130675316, "dmean2": 5.34986114502, "dvar": 14.2228527069, "dvar2": 34.6218452454, "max": 61, "mean": 23.3078804016, "median": 24, "min": 0, "var": 161.062896729}, "spectral_contrast_coeffs": {"dmean": [0.0441626682878, 0.0411123521626, 0.0355153642595, 0.0287821888924, 0.0214599445462, 0.0165805220604], "dmean2": [0.073279723525, 0.0673410445452, 0.0572041384876, 0.0475632585585, 0.0354861915112, 0.0274610240012], "dvar": [0.00130884221289, 0.0011115296511, 0.000807304750197, 0.000531737285201, 0.000312786287395, 0.000261841894826], "dvar2": [0.00361092435196, 0.00298411794938, 0.00207493477501, 0.00142527290154, 0.000802908558398, 0.000682507175952], "max": [-0.275326788425, -0.425982236862, -0.463270902634, -0.551695168018, -0.578410565853, -0.554277896881], "mean": [-0.642494082451, -0.723320543766, -0.751630306244, -0.76645720005, -0.765486836433, -0.732544720173], "median": [-0.651352822781, -0.725780963898, -0.756899595261, -0.76907992363, -0.769958555698, -0.727314591408], "min": [-0.862711668015, -0.930517554283, -0.934073626995, -0.915806233883, -0.898087084293, -0.877201080322], "var": [0.00617683352903, 0.00441006105393, 0.00371266365983, 0.00264889514074, 0.00196155882441, 0.00191405578516]}, "spectral_contrast_valleys": {"dmean": [0.327016174793, 0.30467903614, 0.268236011267, 0.219761043787, 0.179157748818, 0.166704908013], "dmean2": [0.545855224133, 0.510399341583, 0.446463882923, 0.365595191717, 0.291874498129, 0.242362886667], "dvar": [0.0778113678098, 0.0635796487331, 0.0501161143184, 0.0356349982321, 0.0382887348533, 0.045538533479], "dvar2": [0.202674269676, 0.176285609603, 0.131983980536, 0.0925374850631, 0.0876029804349, 0.0788566470146], "max": [-5.14818143845, -5.06879329681, -5.20739841461, -6.13599681854, -5.60584306717, -6.79367876053], "mean": [-7.03346443176, -6.99585342407, -7.47669410706, -7.84061288834, -7.3638958931, -9.5522108078], "median": [-6.74635314941, -6.80612039566, -7.210958004, -7.55869913101, -7.02923488617, -9.30314731598], "min": [-11.0311050415, -10.8250074387, -11.7094974518, -11.8061971664, -10.7121829987, -11.9330854416], "var": [1.05081617832, 0.628769516945, 0.882731497288, 0.780678153038, 1.01274633408, 1.16228020191]}, "spectral_decrease": {"dmean": 1.49110990222e-09, "dmean2": 2.43666642419e-09, "dvar": 3.79359297782e-18, "dvar2": 9.84983181499e-18, "max": -7.13830244914e-11, "mean": -6.63999788486e-09, "median": -6.90802526293e-09, "min": -2.79328773445e-08, "var": 1.68315505136e-17}, "spectral_energy": {"dmean": 0.00593273201957, "dmean2": 0.00966090336442, "dvar": 5.70558368054e-05, "dvar2": 0.000147499522427, "max": 0.107950888574, "mean": 0.0282559785992, "median": 0.0302187763155, "min": 0.000285307294689, "var": 0.000292061246}, "spectral_energyband_high": {"dmean": 0.000926949782297, "dmean2": 0.00139046669938, "dvar": 4.47725915365e-06, "dvar2": 8.30332282931e-06, "max": 0.0711819529533, "mean": 0.00314078456722, "median": 0.00189851550385, "min": 3.85671864933e-06, "var": 2.13156381506e-05}, "spectral_energyband_low": {"dmean": 0.00428461283445, "dmean2": 0.00691165216267, "dvar": 5.31785299245e-05, "dvar2": 0.00013073979062, "max": 0.102319426835, "mean": 0.0112263467163, "median": 0.00840685237199, "min": 1.6263127236e-06, "var": 0.000126625644043}, "spectral_energyband_middle_high": {"dmean": 0.00140248634852, "dmean2": 0.00224515516311, "dvar": 4.3031432142e-06, "dvar2": 1.12742318379e-05, "max": 0.0463641881943, "mean": 0.00541824707761, "median": 0.00416023656726, "min": 5.49312460407e-07, "var": 2.61442492047e-05}, "spectral_energyband_middle_low": {"dmean": 0.00297129084356, "dmean2": 0.00486993091181, "dvar": 1.50447167471e-05, "dvar2": 4.15761860495e-05, "max": 0.0688874050975, "mean": 0.00959508586675, "median": 0.00851878896356, "min": 1.60242343554e-05, "var": 5.16868021805e-05}, "spectral_entropy": {"dmean": 0.103591896594, "dmean2": 0.15916377306, "dvar": 0.0120783727616, "dvar2": 0.0247256308794, "max": 8.78419685364, "mean": 7.79286432266, "median": 7.91467523575, "min": 5.19835615158, "var": 0.202727615833}, "spectral_flux": {"dmean": 0.0146289486438, "dmean2": 0.0238643027842, "dvar": 0.000296020589303, "dvar2": 0.000743052107282, "max": 0.262040436268, "mean": 0.0744034275413, "median": 0.0768238529563, "min": 0.00321188452654, "var": 0.00160812272225}, "spectral_kurtosis": {"dmean": 0.624085128307, "dmean2": 1.06000852585, "dvar": 0.533609330654, "dvar2": 1.5013051033, "max": 19.05909729, "mean": 2.684653759, "median": 2.03711032867, "min": -0.722633123398, "var": 4.70199966431}, "spectral_rms": {"dmean": 0.000516146712471, "dmean2": 0.000831665296573, "dvar": 3.18352448403e-07, "dvar2": 8.04652074748e-07, "max": 0.0102624529973, "mean": 0.00491377012804, "median": 0.00542970839888, "min": 0.000527587486431, "var": 3.42150019605e-06}, "spectral_rolloff": {"dmean": 632.040039062, "dmean2": 1035.20654297, "dvar": 812663.4375, "dvar2": 1805661.5, "max": 13867.3828125, "mean": 2391.93310547, "median": 1959.52148438, "min": 86.1328125, "var": 4050810.25}, "spectral_skewness": {"dmean": 0.119321994483, "dmean2": 0.194610849023, "dvar": 0.0154402218759, "dvar2": 0.03667794168, "max": 3.43659734726, "mean": 1.13948571682, "median": 1.0406062603, "min": -0.141568541527, "var": 0.2189476192}, "spectral_spread": {"dmean": 372696.3125, "dmean2": 573418.9375, "dvar": 200682962944, "dvar2": 402511724544, "max": 12970626, "mean": 5293705, "median": 5174784.5, "min": 2298289, "var": 1421595508740.0}, "spectral_strongpeak": {"dmean": 0.435706079006, "dmean2": 0.76526671648, "dvar": 1.103831