{"lowlevel": {"average_loudness": 0.758758544922, "barkbands": {"dmean": [0.000300410320051, 0.0026998706162, 0.00193221913651, 0.000914822623599, 0.00226958561689, 0.00154503190424, 0.00110763532575, 0.000743368407711, 0.00114932248835, 0.000345006817952, 0.000243546484853, 0.000218757690163, 0.000247818301432, 0.000429236766649, 0.000549712800421, 0.000186443532584, 0.000165159552125, 4.48361861345e-05, 1.84229647857e-05, 2.25483418035e-05, 2.20562196773e-06, 1.80205836386e-06, 1.5114536609e-06, 1.4585767758e-06, 1.48581659687e-06, 1.82046835562e-06, 0.000184595483006], "dmean2": [0.000491503102239, 0.00441059377044, 0.00330466614105, 0.00154003780335, 0.00367364031263, 0.00239397608675, 0.00168667675462, 0.00119169417303, 0.0018372972263, 0.000553067715373, 0.000385161518352, 0.00034242705442, 0.000399779179133, 0.000678794283886, 0.000857614621054, 0.000286199327093, 0.000251947756624, 6.76982381265e-05, 2.90600746666e-05, 3.42140119756e-05, 3.72051363229e-06, 3.04886884805e-06, 2.5624663067e-06, 2.46309514296e-06, 2.501302788e-06, 3.04252716887e-06, 0.000254003854934], "dvar": [2.03506914431e-07, 1.72057498276e-05, 1.15622087833e-05, 2.36655046137e-06, 1.58057682711e-05, 1.81169489224e-05, 1.00506367744e-05, 6.44299370833e-06, 1.51038739205e-05, 1.72456418568e-06, 8.97840777725e-07, 1.65794449458e-06, 1.28500505525e-06, 1.23366532989e-06, 2.19730236495e-06, 2.42833834818e-07, 1.99357231168e-07, 1.26871251283e-08, 2.2760264784e-09, 5.15207743135e-09, 2.19351672243e-11, 1.4628100814e-11, 1.00297548045e-11, 8.99584400027e-12, 8.55540204653e-12, 1.0327627642e-11, 1.63369008988e-07], "dvar2": [5.0553330766e-07, 4.52562198916e-05, 3.20990220644e-05, 5.91911430092e-06, 3.78041477234e-05, 3.71848182112e-05, 2.11738970393e-05, 1.54264034791e-05, 3.57490571332e-05, 3.94118751501e-06, 2.01524539989e-06, 3.76493153453e-06, 3.09984670821e-06, 2.93616676572e-06, 5.32998683411e-06, 5.88342572883e-07, 4.39145964037e-07, 2.8677130004e-08, 5.63478153026e-09, 1.16417648854e-08, 5.49916986947e-11, 3.69220626295e-11, 2.53721505611e-11, 2.27663374264e-11, 2.15974738094e-11, 2.62031594339e-11, 3.17057924804e-07], "max": [0.0123720662668, 0.0762783288956, 0.0561455674469, 0.0373418070376, 0.145872324705, 0.155692920089, 0.105639144778, 0.0801546722651, 0.0865101218224, 0.0462612435222, 0.0286589637399, 0.0721659585834, 0.0470930337906, 0.0250741392374, 0.0406982973218, 0.0123242689297, 0.0105037204921, 0.00264485599473, 0.000897933496162, 0.00164104474243, 0.000140274205478, 0.000113139307359, 9.03366817511e-05, 8.44100577524e-05, 8.12897778815e-05, 8.37144616526e-05, 0.0145582770929], "mean": [0.000491160375532, 0.00537906354293, 0.00258834916167, 0.00123426341452, 0.00353221432306, 0.00223691063002, 0.00171701668296, 0.000949559907895, 0.0017939513782, 0.00045163082541, 0.000323097920045, 0.000303009466734, 0.000374158553313, 0.000625004817266, 0.000853964651469, 0.000291942036711, 0.000261982437223, 7.00819291524e-05, 2.92766762868e-05, 2.8216983992e-05, 2.36147957366e-06, 1.82128962933e-06, 1.52179848101e-06, 1.4389476064e-06, 1.51674100834e-06, 2.03943363886e-06, 0.000423687626608], "median": [0.000244367518462, 0.00317212287337, 0.00132758519612, 0.000615519355051, 0.00178063730709, 0.000551904493477, 0.000273781362921, 0.000129031570395, 0.000173105829163, 6.67211497785e-05, 5.45841830899e-05, 6.88677246217e-05, 5.70300544496e-05, 0.000101977726445, 0.000106525658339, 5.85761954426e-05, 7.00058371876e-05, 2.17800388782e-05, 8.99041242519e-06, 4.92259459861e-06, 8.89815851224e-07, 6.5071355948e-07, 5.46224782738e-07, 5.01237252593e-07, 5.81750100537e-07, 9.2757954917e-07, 0.000146083228174], "min": [4.12427919733e-25, 1.42722203948e-24, 2.84426634346e-25, 2.35848629107e-25, 6.98032880543e-24, 6.64811107925e-24, 1.00323409287e-23, 1.01409505093e-23, 1.45167382847e-23, 7.71951671718e-24, 9.18617085647e-24, 2.00851606866e-23, 3.03931982465e-23, 4.23959314896e-23, 5.44465738332e-23, 4.74926513577e-23, 7.25609848514e-23, 8.91626193997e-23, 1.08939923963e-22, 1.72732896557e-22, 2.50995420933e-22, 3.53005813999e-22, 3.70677989594e-22, 5.72377227502e-22, 7.91929208111e-22, 1.28169242827e-21, 1.90938387562e-21], "var": [4.42147040758e-07, 4.0928087401e-05, 1.59721967066e-05, 3.9723363443e-06, 2.8983789889e-05, 3.36072625942e-05, 2.71275857813e-05, 8.68003098731e-06, 3.47802961187e-05, 2.60608339886e-06, 1.50715470681e-06, 2.30735281548e-06, 2.41029124481e-06, 2.3352745302e-06, 4.26155247624e-06, 4.30627608239e-07, 3.60085010698e-07, 2.1165861952e-08, 3.55386919892e-09, 7.03329883223e-09, 2.3210327757e-11, 1.48727020283e-11, 1.01276235662e-11, 9.13752146864e-12, 8.95138217022e-12, 1.15288421171e-11, 5.53457766728e-07]}, "barkbands_crest": {"dmean": 2.84208846092, "dmean2": 4.63051366806, "dvar": 5.73224878311, "dvar2": 14.7306232452, "max": 25.6804275513, "mean": 11.431063652, "median": 10.7939195633, "min": 3.32897138596, "var": 18.3050079346}, "barkbands_flatness_db": {"dmean": 0.0300310682505, "dmean2": 0.0479982718825, "dvar": 0.000586364010815, "dvar2": 0.0014863202814, "max": 0.391430407763, "mean": 0.190730646253, "median": 0.188401862979, "min": 0.0465740375221, "var": 0.00216577691026}, "barkbands_kurtosis": {"dmean": 8.30065727234, "dmean2": 12.9953680038, "dvar": 185.656005859, "dvar2": 458.321228027, "max": 342.417999268, "mean": 17.7609424591, "median": 9.65281486511, "min": -1.71416532993, "var": 594.840820312}, "barkbands_skewness": {"dmean": 0.776499688625, "dmean2": 1.19150280952, "dvar": 0.58895522356, "dvar2": 1.39529073238, "max": 16.3553333282, "mean": 2.98797512054, "median": 2.65458631516, "min": -2.13824534416, "var": 3.82700824738}, "barkbands_spread": {"dmean": 6.2026348114, "dmean2": 9.46577453613, "dvar": 54.4611244202, "dvar2": 119.631904602, "max": 121.318725586, "mean": 18.3735332489, "median": 14.9533529282, "min": 0.668076515198, "var": 187.55368042}, "dissonance": {"dmean": 0.0235540289432, "dmean2": 0.0399272404611, "dvar": 0.000476207234897, "dvar2": 0.00132999976631, "max": 0.500000178814, "mean": 0.45664831996, "median": 0.463489949703, "min": 0.285978913307, "var": 0.00093343690969}, "dynamic_complexity": 3.579433918, "erbbands": {"dmean": [0.0721191912889, 0.676233708858, 2.14431977272, 2.45104312897, 6.42604827881, 7.29944801331, 10.7203903198, 12.2326669693, 12.5590991974, 17.9310588837, 19.1509475708, 27.3936767578, 13.0005378723, 9.47160816193, 7.87037658691, 9.05728816986, 9.45899295807, 18.2244491577, 29.83984375, 16.3231773376, 9.61260414124, 8.43877696991, 3.0994451046, 1.27450549603, 0.851337850094, 1.12304866314, 0.130730286241, 0.0805664286017, 0.0656137391925, 0.0531673170626, 0.0419460833073, 0.0320340208709, 0.0235233530402, 0.0164088513702, 0.0107075050473, 0.00642579095438, 0.00347992195748, 0.00184448005166, 0.00611885357648, 0.00477057043463], "dmean2": [0.112638615072, 1.12541079521, 3.67747664452, 4.11648893356, 10.7801160812, 11.7068395615, 16.8210258484, 19.3454170227, 19.4309616089, 27.6944923401, 30.321937561, 44.0588569641, 20.5588855743, 14.965675354, 12.3598165512, 14.118897438, 14.6210165024, 28.5424041748, 46.0483512878, 25.6205024719, 14.5014648438, 12.6571559906, 4.61725330353, 1.95547401905, 1.30780887604, 1.69814455509, 0.208853036165, 0.136109009385, 0.111103601754, 0.09011400491, 0.071021720767, 0.054166354239, 0.0397125966847, 0.0276513192803, 0.0180076211691, 0.0107747223228, 0.00581364007667, 0.00298668281175, 0.00856360141188, 0.00654991623014], "dvar": [0.0112437922508, 1.15158414841, 12.926068306, 15.4947957993, 115.671463013, 274.016967773, 1315.06726074, 1030.68200684, 1555.61132812, 3213.53833008, 4642.89990234, 10244.6308594, 2057.00146484, 1069.68017578, 948.463012695, 3155.08447266, 1388.85559082, 3380.66210938, 5804.32177734, 2543.66357422, 605.532592773, 559.988708496, 51.7331047058, 9.96941184998, 4.87077188492, 12.9891119003, 0.0618189573288, 0.0296086575836, 0.0194520354271, 0.0125654768199, 0.00770035758615, 0.0044090077281, 0.00231056450866, 0.00107754243072, 0.000431424559793, 0.000142062912346, 3.70491870854e-05, 8.54152858665e-06, 0.00027823203709, 7.95898449724e-05], "dvar2": [0.027010532096, 3.07564520836, 36.0021209717, 41.8869781494, 310.966186523, 593.389892578, 2650.71191406, 2354.97216797, 3005.06420898, 7298.07128906, 11245.9541016, 24631.1699219, 4529.39550781, 2611.18188477, 2254.81713867, 7106.640625, 2966.20092773, 8058.63623047, 13743.4707031, 6702.61865234, 1466.25061035, 1214.32531738, 115.135467529, 23.7187023163, 10.9953699112, 28.7846870422, 0.143193259835, 0.0743435993791, 0.0490638390183, 0.0317739583552, 0.0194667465985, 0.0111620360985, 0.00584251293913, 0.00272188894451, 0.00108849501703, 0.000358655466698, 9.41944890656e-05, 2.1436411771e-05, 0.000543992093299, 0.000146042235428], "max": [3.07190322876, 19.16822052, 58.8996391296, 90.4616470337, 222.788650513, 844.21685791, 1567.07409668, 948.305541992, 1693.45251465, 2630.81323242, 2052.40673828, 2159.02319336, 1562.50695801, 1395.58203125, 934.16619873, 3246.67602539, 1135.79858398, 1539.37487793, 1968.24621582, 2025.89099121, 777.710998535, 625.787658691, 170.112075806, 64.7537612915, 42.4250297546, 89.9395141602, 6.15526628494, 5.23336839676, 4.14813756943, 3.23032975197, 2.50205802917, 1.87566447258, 1.34950423241, 0.916246652603, 0.574502885342, 0.322716027498, 0.155942946672, 0.0613469257951, 0.411022186279, 0.266582757235], "mean": [0.15356823802, 1.17299365997, 3.11612033844, 3.67732906342, 9.4695558548, 10.6503992081, 15.194278717, 17.5248966217, 19.4013538361, 28.8940372467, 26.8890857697, 41.9671516418, 19.7591762543, 13.5695953369, 11.3874607086, 13.3661031723, 16.3036632538, 28.2473621368, 48.6227798462, 27.7949047089, 16.4188938141, 13.9614696503, 5.26348352432, 2.12843728065, 1.36113643646, 1.40757000446, 0.170205667615, 0.0847837030888, 0.0665575787425, 0.0537543557584, 0.0422413833439, 0.031720969826, 0.0232491232455, 0.0165470652282, 0.0110718952492, 0.00683523574844, 0.00398648297414, 0.00269175553694, 0.0107985781506, 0.0138407275081], "median": [0.0877980515361, 0.610477864742, 1.66288483143, 2.15990304947, 4.6706867218, 4.76120424271, 4.50209951401, 4.32598400116, 3.63234233856, 4.50604438782, 3.04839277267, 3.9118206501, 3.20791912079, 2.28805971146, 2.39905118942, 3.09957027435, 3.10785770416, 4.8392624855, 6.74900817871, 4.57463264465, 3.54125213623, 3.58144617081, 1.89056038857, 0.693468511105, 0.405594646931, 0.245333999395, 0.0677292644978, 0.0320052877069, 0.0236830338836, 0.019385818392, 0.0151049839333, 0.0110288206488, 0.0081577654928, 0.00618402054533, 0.00439966889098, 0.00287343701348, 0.00186816370115, 0.00148977420758, 0.00345322489738, 0.00747660081834], "min": [8.00994027705e-23, 2.72595719939e-22, 1.91093463732e-21, 2.93094001717e-21, 1.08864157975e-20, 2.12327553564e-20, 5.5330970666e-20, 6.5593800526e-20, 1.07775294252e-19, 9.49292116505e-20, 2.42262227961e-19, 3.38132900396e-19, 5.93763323484e-19, 3.18535621667e-19, 4.68790550094e-19, 1.25357391695e-18, 1.6886393829e-18, 2.39302958301e-18, 2.57015356078e-18, 2.88823635276e-18, 3.30627172085e-18, 4.94221059974e-18, 4.76243985081e-18, 6.36304384867e-18, 7.60748744942e-18, 8.48688218378e-18, 8.38243408783e-18, 1.05233247513e-17, 1.13543964214e-17, 9.99646777654e-18, 1.00787507408e-17, 9.7281485838e-18, 9.58777437949e-18, 8.29894509425e-18, 7.15745983716e-18, 4.2554256982e-18, 2.11836012471e-18, 1.03456575226e-18, 2.6720469611e-19, 2.58860615079e-20], "var": [0.0377913601696, 2.28714776039, 18.9675369263, 24.045747757, 203.094787598, 464.453155518, 2429.04174805, 1773.23168945, 3650.48632812, 10862.0214844, 6576.42578125, 21205.8339844, 3715.60717773, 1872.22766113, 1453.19506836, 4699.86035156, 3557.36499023, 6370.74414062, 11809.2792969, 4660.80957031, 1172.19970703, 1041.11364746, 96.6569213867, 16.4766292572, 8.39587688446, 18.0539646149, 0.0927539616823, 0.0307962801307, 0.0197970997542, 0.0127186169848, 0.00778850959614, 0.00445494288579, 0.00235906988382, 0.00111610931344, 0.00045600530575, 0.000154295063112, 4.16963412135e-05, 1.24817761389e-05, 0.000542467343621, 0.000323524029227]}, "erbbands_crest": {"dmean": 2.99884533882, "dmean2": 4.96955490112, "dvar": 7.55056619644, "dvar2": 19.2467098236, "max": 29.2955226898, "mean": 9.67007350922, "median": 8.68049812317, "min": 2.79865765572, "var": 19.2145290375}, "erbbands_flatness_db": {"dmean": 0.0288709904999, "dmean2": 0.0455837808549, "dvar": 0.000554461963475, "dvar2": 0.00132542708889, "max": 0.346031337976, "mean": 0.179499879479, "median": 0.175097063184, "min": 0.044851846993, "var": 0.00279617356136}, "erbbands_kurtosis": {"dmean": 1.11937177181, "dmean2": 1.80227518082, "dvar": 2.18093347549, "dvar2": 5.31190395355, "max": 26.4587993622, "mean": 0.361362308264, "median": -0.353694915771, "min": -1.81587529182, "var": 5.12051010132}, "erbbands_skewness": {"dmean": 0.455723434687, "dmean2": 0.693207859993, "dvar": 0.152600318193, "dvar2": 0.342927217484, "max": 4.04946947098, "mean": 0.252473950386, "median": 0.294475734234, "min": -4.37202882767, "var": 0.866777956486}, "erbbands_spread": {"dmean": 6.65588188171, "dmean2": 10.3770418167, "dvar": 34.5475616455, "dvar2": 78.4055786133, "max": 96.3698348999, "mean": 30.7369804382, "median": 29.2961769104, "min": 2.45337438583, "var": 177.428161621}, "gfcc": {"cov": [[18422.3984375, 1970.34667969, -1852.4017334, -804.063049316, 219.992431641, -406.623840332, -577.104064941, 71.8147125244, 210.340209961, -39.0632247925, -43.1817359924, -406.470672607, 198.790420532], [1970.34667969, 865.865905762, -264.484222412, -287.395263672, 172.384490967, -201.901123047, -71.0634384155, -58.0598678589, 136.226669312, -34.1893577576, 36.8286933899, -54.3503074646, 38.2707099915], [-1852.4017334, -264.484222412, 708.419189453, 325.127807617, -169.750213623, 185.52507019, 99.5923995972, 29.504617691, -95.990196228, 44.5705490112, 18.3582897186, 94.4738845825, -65.6050262451], [-804.063049316, -287.395263672, 325.127807617, 374.880249023, 17.4743366241, 90.9151763916, 102.474647522, 32.5217857361, -93.0462265015, -7.74425649643, 21.0465774536, 40.1889953613, -34.6318283081], [219.992431641, 172.384490967, -169.750213623, 17.4743366241, 402.774536133, -59.8402404785, 103.830360413, 5.15019226074, 5.41994524002, -82.77734375, 50.5195083618, -25.56432724, 41.1885910034], [-406.623840332, -201.901123047, 185.52507019, 90.9151763916, -59.8402404785, 302.945495605, 45.126537323, 9.16593837738, -57.0016975403, 6.99560928345, -35.2718276978, 77.7953186035, 14.4766283035], [-577.104064941, -71.0634384155, 99.5923995972, 102.474647522, 103.830360413, 45.126537323, 267.581451416, 67.7403182983, -70.4864883423, -54.626121521, 47.7164955139, -9.38978290558, -15.2039089203], [71.8147125244, -58.0598678589, 29.504617691, 32.5217857361, 5.15019226074, 9.16593837738, 67.7403182983, 134.936798096, 44.1380805969, 18.6511287689, 0.513199150562, -11.0275774002, 0.759439766407], [210.340209961, 136.226669312, -95.990196228, -93.0462265015, 5.41994524002, -57.0016975403, -70.4864883423, 44.1380805969, 178.845550537, 75.1014633179, -1.72107064724, -17.9194049835, 6.94174861908], [-39.0632247925, -34.1893577576, 44.5705490112, -7.74425649643, -82.77734375, 6.99560928345, -54.626121521, 18.6511287689, 75.1014633179, 131.179885864, 35.7355995178, -8.67691135406, -26.971944809], [-43.1817359924, 36.8286933899, 18.3582897186, 21.0465774536, 50.5195083618, -35.2718276978, 47.7164955139, 0.513199150562, -1.72107064724, 35.7355995178, 93.990020752, 14.6402130127, -12.17000103], [-406.470672607, -54.3503074646, 94.4738845825, 40.1889953613, -25.56432724, 77.7953186035, -9.38978290558, -11.0275774002, -17.9194049835, -8.67691135406, 14.6402130127, 106.932144165, 35.4201011658], [198.790420532, 38.2707099915, -65.6050262451, -34.6318283081, 41.1885910034, 14.4766283035, -15.2039089203, 0.759439766407, 6.94174861908, -26.971944809, -12.17000103, 35.4201011658, 84.4365692139]], "icov": [[0.000170866565895, -0.000574510951992, 0.00059786910424, -0.000505056174006, 0.000348213303369, -0.000477064371808, 0.000607118068729, -0.000782189657912, 0.000610507151578, 6.43301464152e-05, -0.000521950307302, 0.000683076737914, -0.000247626041528], [-0.000574510951992, 0.0044615296647, -0.00302029890008, 0.00350472913124, -0.0016895114677, 0.00177060894202, -0.00127311330289, 0.00369824911468, -0.00459152786061, 0.00292170094326, -0.00115188502241, -0.000352814182406, -2.79916494037e-05], [0.00059786910424, -0.00302029890008, 0.00619033770636, -0.00485585303977, 0.00254704477265, -0.002021727385, 0.000503512041178, -0.00291170924902, 0.0034715263173, -0.00252871913835, 0.000381364719942, -0.00125116284471, 0.00148713204544], [-0.000505056174006, 0.00350472913124, -0.00485585303977, 0.00850606989115, -0.00338177802041, 0.00199795491062, -0.00135498959571, 0.00150347291492, -0.00076012883801, 0.000205952645047, 0.00110487651546, -0.00203199870884, 0.00150598073378], [0.000348213303369, -0.0016895114677, 0.00254704477265, -0.00338177802041, 0.00651576183736, -0.00254259561189, 0.000807223899756, -0.000866296817549, -0.00202033878304, 0.00616119708866, -0.00735091185197, 0.00507056061178, -0.00310378638096], [-0.000477064371808, 0.00177060894202, -0.002021727385, 0.00199795491062, -0.00254259561189, 0.00870014540851, -0.00501953670755, 0.00269883638248, 0.00174880120903, -0.00771053694189, 0.0107447039336, -0.00917236506939, 0.00117938173935], [0.000607118068729, -0.00127311330289, 0.000503512041178, -0.00135498959571, 0.000807223899756, -0.00501953670755, 0.0124927330762, -0.00774704944342, 0.00187499751337, 0.00946894194931, -0.0127317802981, 0.00901764445007, -0.000978147843853], [-0.000782189657912, 0.00369824911468, -0.00291170924902, 0.00150347291492, -0.000866296817549, 0.00269883638248, -0.00774704944342, 0.0161930434406, -0.00849396549165, -0.00106577074621, 0.00412408588454, -0.00190816470422, -0.00130837352481], [0.000610507151578, -0.00459152786061, 0.0034715263173, -0.00076012883801, -0.00202033878304, 0.00174880120903, 0.00187499751337, -0.00849396549165, 0.0193001627922, -0.0153647540137, 0.0095107825473, -0.00493133580312, 0.00107370025944], [6.43301464152e-05, 0.00292170094326, -0.00252871913835, 0.000205952645047, 0.00616119708866, -0.00771053694189, 0.00946894194931, -0.00106577074621, -0.0153647540137, 0.0347882583737, -0.0279737617821, 0.0163821894675, -0.0018531823298], [-0.000521950307302, -0.00115188502241, 0.000381364719942, 0.00110487651546, -0.00735091185197, 0.0107447039336, -0.0127317802981, 0.00412408588454, 0.0095107825473, -0.0279737617821, 0.0401616506279, -0.0221777129918, 0.0072885863483], [0.000683076737914, -0.000352814182406, -0.00125116284471, -0.00203199870884, 0.00507056061178, -0.00917236506939, 0.00901764445007, -0.00190816470422, -0.00493133580312, 0.0163821894675, -0.0221777129918, 0.0298257935792, -0.0125833703205], [-0.000247626041528, -2.79916494037e-05, 0.00148713204544, 0.00150598073378, -0.00310378638096, 0.00117938173935, -0.000978147843853, -0.00130837352481, 0.00107370025944, -0.0018531823298, 0.0072885863483, -0.0125833703205, 0.0210083536804]], "mean": [-77.2593688965, 128.088027954, -77.0127258301, -13.7631406784, 6.19294023514, -19.3909568787, -19.8620300293, -9.85313415527, 0.0600464828312, -13.3553524017, -2.68378591537, -12.4256410599, -2.92013406754]}, "hfc": {"dmean": 59.280090332, "dmean2": 95.1366271973, "dvar": 8648.94335938, "dvar2": 23142.7050781, "max": 1830.06616211, "mean": 167.791427612, "median": 126.125457764, "min": 1.04700127954e-16, "var": 23528.671875}, "melbands": {"dmean": [0.000672009133268, 0.00102287821937, 0.000494305160828, 0.000510622863658, 0.000348703179043, 0.00027788701118, 0.000198657580768, 0.000179983486305, 0.000178507369128, 0.00016341083392, 6.39919089735e-05, 3.94213166146e-05, 3.13399104925e-05, 2.2118763809e-05, 2.22984454012e-05, 2.68711319222e-05, 3.6444827856e-05, 4.97580549563e-05, 3.65833038813e-05, 1.43255720104e-05, 1.22132687466e-05, 1.06890529423e-05, 4.39134646513e-06, 2.04999355446e-06, 1.01221962723e-06, 6.23911716957e-07, 1.0034434581e-06, 6.0811333924e-07, 7.10232583856e-08, 5.27658521321e-08, 4.44222401086e-08, 3.78807136769e-08, 3.26923768057e-08, 2.82886372105e-08, 2.45789220088e-08, 2.1451919352e-08, 1.88370332665e-08, 1.66845026683e-08, 1.49075027878e-08, 1.34640387728e-08], "dmean2": [0.00107743579429, 0.00173126417212, 0.000828851072583, 0.000827003619634, 0.000548627460375, 0.000436832022388, 0.000305810855934, 0.000279813393718, 0.000282976776361, 0.00026258386788, 0.000101042453025, 6.30480135442e-05, 4.94763226015e-05, 3.49134425051e-05, 3.48089561157e-05, 4.21884797106e-05, 5.76652237214e-05, 7.70046754042e-05, 5.7090925111e-05, 2.24238410738e-05, 1.89236288861e-05, 1.63265303854e-05, 6.83949019731e-06, 3.10786890623e-06, 1.61007142196e-06, 9.98235123006e-07, 1.54390329499e-06, 9.21256287256e-07, 1.17334749916e-07, 8.90477949156e-08, 7.52771001089e-08, 6.41775983468e-08, 5.53369794432e-08, 4.798281239e-08, 4.16282475157e-08, 3.62970524748e-08, 3.18458930337e-08, 2.81746892483e-08, 2.51502676463e-08, 2.26819878435e-08], "dvar": [1.01136436115e-06, 2.65091966867e-06, 5.40411747352e-07, 8.29938699098e-07, 1.06641186903e-06, 5.21252218277e-07, 3.34259880219e-07, 2.9806534485e-07, 3.72367736645e-07, 3.50431150764e-07, 5.35695647841e-08, 1.89975715159e-08, 1.60166067076e-08, 8.54510240345e-09, 2.26119958313e-08, 1.3287827727e-08, 1.31376198809e-08, 1.53737147457e-08, 9.97811433479e-09, 2.10292716574e-09, 1.07941988681e-09, 9.74356484384e-10, 9.01683033794e-11, 3.61038525465e-11, 6.67043243557e-12, 2.75126948134e-12, 1.02639979849e-11, 3.81529443455e-12, 1.94846986852e-14, 1.26733662491e-14, 9.10881697895e-15, 6.49754272806e-15, 4.77815224249e-15, 3.53194040753e-15, 2.64652564458e-15, 1.99379316158e-15, 1.51793068708e-15, 1.16833551992e-15, 9.10331719403e-16, 7.19612245752e-16], "dvar2": [2.58855311586e-06, 7.34582590667e-06, 1.4466918401e-06, 1.90222533547e-06, 2.23040228775e-06, 1.15902184916e-06, 6.68165910156e-07, 6.82233576299e-07, 8.95950734048e-07, 8.36738649923e-07, 1.18897936829e-07, 4.6974019341e-08, 3.67892276643e-08, 2.0431349057e-08, 5.17385245757e-08, 3.01264577729e-08, 3.18529735921e-08, 3.65620493881e-08, 2.43321061077e-08, 5.54193668734e-09, 2.69412270271e-09, 2.1457668975e-09, 2.08016645575e-10, 8.2672736712e-11, 1.67895471831e-11, 6.92819412951e-12, 2.37824586413e-11, 8.42366107423e-12, 4.78934417353e-14, 3.18100140141e-14, 2.2917762184e-14, 1.63894776656e-14, 1.20788583874e-14, 8.9384642537e-15, 6.68844235503e-15, 5.04623689975e-15, 3.84327816696e-15, 2.9546021154e-15, 2.30071745584e-15, 1.81746165426e-15], "max": [0.0220299754292, 0.0249290466309, 0.0142758404836, 0.0386337935925, 0.0408515110612, 0.0221710447222, 0.0228941962123, 0.0239105634391, 0.0142247872427, 0.0126300891861, 0.00810346473008, 0.00540852267295, 0.00408263038844, 0.00427326653153, 0.00783372763544, 0.00475230254233, 0.00248791347258, 0.00306521030143, 0.0028925430961, 0.0014814552851, 0.00115097931121, 0.000803089584224, 0.000230704972637, 0.000152209613589, 6.10489223618e-05, 3.57161261491e-05, 8.65134570631e-05, 5.58490937692e-05, 3.81674499295e-06, 3.38934455613e-06, 2.89185300062e-06, 2.42584405896e-06, 2.00441286324e-06, 1.6998664023e-06, 1.46940521972e-06, 1.26552708934e-06, 1.09849941055e-06, 9.60012130236e-07, 8.446830293e-07, 7.47651029087e-07], "mean": [0.00141109072138, 0.0016763440799, 0.000802252092399, 0.000781853566878, 0.00050465791719, 0.000405944592785, 0.000311524781864, 0.000286612688797, 0.000247761054197, 0.000249832810368, 9.20136735658e-05, 5.41935587535e-05, 4.25133912358e-05, 3.19626378769e-05, 3.21299667121e-05, 4.1262650484e-05, 5.26931034983e-05, 7.79430556577e-05, 5.69592157262e-05, 2.31373196584e-05, 1.87683144759e-05, 1.63981549122e-05, 7.18472438166e-06, 3.06467381961e-06, 1.55864483986e-06, 9.54314032242e-07, 1.29421107431e-06, 7.49702905978e-07, 8.57829647316e-08, 5.55061383523e-08, 4.50475070579e-08, 3.81817599759e-08, 3.30027418727e-08, 2.8503272631e-08, 2.47208546966e-08, 2.15090967259e-08, 1.84903541367e-08, 1.64150311122e-08, 1.48508503273e-08, 1.36092683789e-08], "median": [0.000871620490216, 0.000936054449994, 0.000484283547848, 0.000381545803975, 0.000164136901731, 0.000100331249996, 5.47488962184e-05, 4.48430182587e-05, 2.31739031733e-05, 2.41959169216e-05, 1.44806126627e-05, 8.55957659951e-06, 7.86844975664e-06, 6.72423266224e-06, 7.73000283516e-06, 5.71352074985e-06, 8.15901512397e-06, 1.05161307147e-05, 7.09134201315e-06, 4.24134623245e-06, 3.69691906599e-06, 3.53841528522e-06, 2.70815394288e-06, 8.56372366798e-07, 4.67204529286e-07, 2.91397242336e-07, 2.4229433393e-07, 1.31314394025e-07, 3.58665381839e-08, 2.03072687555e-08, 1.5973967038e-08, 1.34355113701e-08, 1.17542633404e-08, 1.02453325823e-08, 8.81069617265e-09, 7.69355068542e-09, 6.32823127233e-09, 5.70702640701e-09, 5.36802025053e-09, 5.11921882662e-09], "min": [5.09282979777e-25, 1.20624484359e-24, 6.00844635235e-25, 1.76243240811e-24, 2.12817494782e-24, 1.69263241749e-24, 1.71036127748e-24, 5.61384087123e-25, 1.55513317285e-24, 2.07031278929e-24, 2.87325505888e-24, 8.69140715747e-25, 1.30486596599e-24, 2.26204562952e-24, 2.77952497271e-24, 3.88311652999e-24, 3.94101221512e-24, 3.33243087586e-24, 4.34799738903e-24, 2.969370266e-24, 3.00518435389e-24, 4.18874451607e-24, 3.75214668706e-24, 3.41789527747e-24, 4.28768226751e-24, 4.14266399515e-24, 4.20263832876e-24, 4.93552126972e-24, 5.25971864708e-24, 4.58902437229e-24, 5.09804476e-24, 5.9201849458e-24, 5.34595337136e-24, 4.79258677344e-24, 5.47837669051e-24, 6.60048517982e-24, 5.34296713841e-24, 6.44975989325e-24, 6.56615671424e-24, 6.76069257448e-24], "var": [2.7679732284e-06, 4.45768091595e-06, 9.93050775833e-07, 1.56104715643e-06, 1.99696887648e-06, 9.26681423152e-07, 8.06135858511e-07, 9.77707941274e-07, 6.11515417859e-07, 7.15793817108e-07, 9.23158793853e-08, 3.20965156675e-08, 2.57653276492e-08, 1.35395579193e-08, 3.0845185961e-08, 2.76539182664e-08, 2.3515237757e-08, 3.08475343047e-08, 2.001455357e-08, 3.61894780809e-09, 1.77333359108e-09, 1.68818581336e-09, 1.77466139006e-10, 5.37026083325e-11, 9.59932654199e-12, 4.1991158814e-12, 1.36881990118e-11, 5.28295332827e-12, 2.42305768549e-14, 1.33183064525e-14, 9.30855243011e-15, 6.60081002037e-15, 4.84756278087e-15, 3.56871074304e-15, 2.67772631495e-15, 2.0115097027e-15, 1.53445481758e-15, 1.19046944374e-15, 9.35226652997e-16, 7.47111858598e-16]}, "melbands_crest": {"dmean": 3.48344993591, "dmean2": 5.67865896225, "dvar": 8.49251937866, "dvar2": 23.0170783997, "max": 38.8564186096, "mean": 15.4636392593, "median": 14.9283809662, "min": 1.54715371132, "var": 29.9007968903}, "melbands_flatness_db": {"dmean": 0.037745449692, "dmean2": 0.0604518279433, "dvar": 0.000917003373615, "dvar2": 0.00237187952735, "max": 0.547316491604, "mean": 0.319185882807, "median": 0.319067776203, "min": 0.00319962995127, "var": 0.00442753778771}, "melbands_kurtosis": {"dmean": 9.43893241882, "dmean2": 15.1088294983, "dvar": 185.424484253, "dvar2": 456.380401611, "max": 295.817962646, "mean": 20.5504016876, "median": 10.7703475952, "min": -1.84511375427, "var": 740.135559082}, "melbands_skewness": {"dmean": 0.820109367371, "dmean2": 1.29577994347, "dvar": 0.593709766865, "dvar2": 1.44041287899, "max": 11.9574384689, "mean": 3.10543107986, "median": 2.8003988266, "min": -1.61462783813, "var": 3.82900595665}, "melbands_spread": {"dmean": 4.40329265594, "dmean2": 6.82325220108, "dvar": 29.5695991516, "dvar2": 66.7922973633, "max": 155.123291016, "mean": 13.6578702927, "median": 9.3223323822, "min": 0.44683560729, "var": 256.140899658}, "mfcc": {"cov": [[7154.32324219, 1524.72094727, -1211.76831055, -237.452941895, 183.522994995, -292.936859131, -374.070495605, -204.458908081, 96.3836212158, 277.678009033, -2.3840072155, -123.826568604, -28.8329582214], [1524.72094727, 1394.02905273, -433.880401611, -36.7196998596, 157.116912842, -119.956130981, -148.925918579, -54.2986564636, -4.69152927399, 61.4554443359, 16.3999500275, -19.7304821014, 9.56952190399], [-1211.76831055, -433.880401611, 865.739318848, 83.1698455811, -138.867034912, 157.070907593, 69.6843261719, 31.8180675507, -10.1006011963, -93.1313858032, 51.897983551, 91.4533462524, -23.9278259277], [-237.452941895, -36.7196998596, 83.1698455811, 315.565826416, 79.4375305176, -28.7609291077, 138.825241089, 62.0273323059, -38.6904716492, 30.2825679779, 11.1920986176, 2.34958982468, 39.2482337952], [183.522994995, 157.116912842, -138.867034912, 79.4375305176, 189.565643311, 41.1590309143, -13.0785360336, 20.9370746613, 16.5370845795, -9.45186328888, -20.6183815002, -2.80949735641, 22.2132816315], [-292.936859131, -119.956130981, 157.070907593, -28.7609291077, 41.1590309143, 190.780639648, 86.3003234863, 41.6657905579, 11.6942949295, -62.084777832, -28.0390014648, 15.041302681, 6.37177419662], [-374.070495605, -148.925918579, 69.6843261719, 138.825241089, -13.0785360336, 86.3003234863, 327.381896973, 154.665130615, -32.1187286377, -4.46759414673, -31.1470909119, -25.0580310822, 43.3776321411], [-204.458908081, -54.2986564636, 31.8180675507, 62.0273323059, 20.9370746613, 41.6657905579, 154.665130615, 164.329223633, 52.239692688, -22.7550468445, -34.4096679688, -11.1605215073, 16.9062328339], [96.3836212158, -4.69152927399, -10.1006011963, -38.6904716492, 16.5370845795, 11.6942949295, -32.1187286377, 52.239692688, 108.444290161, 31.6788597107, -12.5613145828, -4.01769065857, -2.97739624977], [277.678009033, 61.4554443359, -93.1313858032, 30.2825679779, -9.45186328888, -62.084777832, -4.46759414673, -22.7550468445, 31.6788597107, 130.38243103, 63.7569160461, -6.65893220901, 9.0970582962], [-2.3840072155, 16.3999500275, 51.897983551, 11.1920986176, -20.6183815002, -28.0390014648, -31.1470909119, -34.4096679688, -12.5613145828, 63.7569160461, 115.128067017, 61.7112121582, -4.41773319244], [-123.826568604, -19.7304821014, 91.4533462524, 2.34958982468, -2.80949735641, 15.041302681, -25.0580310822, -11.1605215073, -4.01769065857, -6.65893220901, 61.7112121582, 87.8533401489, 21.2130775452], [-28.8329582214, 9.56952190399, -23.9278259277, 39.2482337952, 22.2132816315, 6.37177419662, 43.3776321411, 16.9062328339, -2.97739624977, 9.0970582962, -4.41773319244, 21.2130775452, 63.5642700195]], "icov": [[0.000233033730183, -0.000176454894245, 0.000194402557099, 3.95447277697e-05, 6.08347472735e-05, -0.000132170505822, 0.00018809811445, -7.28933373466e-05, 0.000193357875105, -0.000736611662433, 0.000605277018622, -0.000403579178965, 0.000355277326889], [-0.000176454894245, 0.00114493304864, -0.000180976494448, 0.000733357912395, -0.00125884381123, 0.000452244392363, 0.000897903286386, -0.00166599615477, 0.00222914875485, -0.00163539208006, 0.000941627135035, -0.000592297583353, 5.31639088877e-05], [0.000194402557099, -0.000180976494448, 0.00463613728061, -0.00548388483003, 0.0067978114821, -0.00502528715879, 0.000587493472267, 0.00335011770949, -0.0069884005934, 0.00869820825756, -0.00775631051511, 0.00328432535753, -0.00112441170495], [3.95447277697e-05, 0.000733357912395, -0.00548388483003, 0.0137282507494, -0.0130006829277, 0.00928137730807, -0.00309693277813, -0.00620201742277, 0.0133447106928, -0.0157289337367, 0.0133676920086, -0.00893847644329, 0.00353062502109], [6.08347472735e-05, -0.00125884381123, 0.0067978114821, -0.0130006829277, 0.0217689871788, -0.0155082605779, 0.0103434007615, -0.00357928476296, -0.00433259410784, 0.00835820380598, -0.0087848175317, 0.00689566414803, -0.00566696375608], [-0.000132170505822, 0.000452244392363, -0.00502528715879, 0.00928137730807, -0.0155082605779, 0.0253217313439, -0.0229154750705, 0.0220437142998, -0.0207509528846, 0.0174756012857, -0.00816941913217, 0.00243252329528, 5.31027872057e-05], [0.00018809811445, 0.000897903286386, 0.000587493472267, -0.00309693277813, 0.0103434007615, -0.0229154750705, 0.0420406907797, -0.0516544543207, 0.053897600621, -0.0467803180218, 0.0315167158842, -0.014061126858, 0.00191767222714], [-7.28933373466e-05, -0.00166599615477, 0.00335011770949, -0.00620201742277, -0.00357928476296, 0.0220437142998, -0.0516544543207, 0.0804999470711, -0.086333155632, 0.0782676786184, -0.0563201159239, 0.0321790128946, -0.0117095550522], [0.000193357875105, 0.00222914875485, -0.0069884005934, 0.0133447106928, -0.00433259410784, -0.0207509528846, 0.053897600621, -0.086333155632, 0.112817011774, -0.105269879103, 0.083339355886, -0.0511281751096, 0.0218621790409], [-0.000736611662433, -0.00163539208006, 0.00869820825756, -0.0157289337367, 0.00835820380598, 0.0174756012857, -0.0467803180218, 0.0782676786184, -0.105269879103, 0.12309204042, -0.103819780052, 0.0693878158927, -0.0335867218673], [0.000605277018622, 0.000941627135035, -0.00775631051511, 0.0133676920086, -0.0087848175317, -0.00816941913217, 0.0315167158842, -0.0563201159239, 0.083339355886, -0.103819780052, 0.108844384551, -0.0781296491623, 0.0387203283608], [-0.000403579178965, -0.000592297583353, 0.00328432535753, -0.00893847644329, 0.00689566414803, 0.00243252329528, -0.014061126858, 0.0321790128946, -0.0511281751096, 0.0693878158927, -0.0781296491623, 0.0742354243994, -0.037484832108], [0.000355277326889, 5.31639088877e-05, -0.00112441170495, 0.00353062502109, -0.00566696375608, 5.31027872057e-05, 0.00191767222714, -0.0117095550522, 0.0218621790409, -0.0335867218673, 0.0387203283608, -0.037484832108, 0.0380943678319]], "mean": [-744.450561523, 197.520187378, -14.5234394073, 22.3376140594, 30.4558773041, 2.41560220718, -2.04350686073, 3.05458664894, 0.224760815501, 5.49572277069, 0.416008591652, -2.02393436432, 0.560334146023]}, "pitch_salience": {"dmean": 0.0742293745279, "dmean2": 0.120171040297, "dvar": 0.00357853714377, "dvar2": 0.0093658613041, "max": 0.880673110485, "mean": 0.531026005745, "median": 0.539697527885, "min": 0.0480053834617, "var": 0.0131215052679}, "silence_rate_20dB": {"dmean": 0, "dmean2": 0, "dvar": 0, "dvar2": 0, "max": 1, "mean": 1, "median": 1, "min": 1, "var": 0}, "silence_rate_30dB": {"dmean": 0.0104370517656, "dmean2": 0.0208768267184, "dvar": 0.0103281065822, "dvar2": 0.0235731769353, "max": 1, "mean": 0.986564040184, "median": 1, "min": 0, "var": 0.0132556920871}, "silence_rate_60dB": {"dmean": 0.00756686227396, "dmean2": 0.0151356989518, "dvar": 0.00750957243145, "dvar2": 0.0167331211269, "max": 1, "mean": 0.0443516820669, "median": 0, "min": 0, "var": 0.0423859804869}, "spectral_centroid": {"dmean": 170.399139404, "dmean2": 258.498260498, "dvar": 47873.8984375, "dvar2": 95581.0703125, "max": 11828.2324219, "mean": 825.846740723, "median": 634.687561035, "min": 162.983901978, "var": 1200250.75}, "spectral_complexity": {"dmean": 2.5393345356, "dmean2": 3.74399781227, "dvar": 6.85165643692, "dvar2": 12.6781826019, "max": 41, "mean": 12.2448472977, "median": 11, "min": 0, "var": 57.0947151184}, "spectral_contrast_coeffs": {"dmean": [0.0528201200068, 0.0499223172665, 0.0392987430096, 0.0322648026049, 0.0351656749845, 0.0179703831673], "dmean2": [0.0879787877202, 0.0813863277435, 0.0642764642835, 0.0515661798418, 0.0550074502826, 0.029973609373], "dvar": [0.00173204392195, 0.00153367524035, 0.00106154859532, 0.000732495915145, 0.000913858995773, 0.000314245000482], "dvar2": [0.00473804306239, 0.004041348584, 0.00273769511841, 0.00174077646807, 0.00218260590918, 0.000867842813022], "max": [-0.345722913742, -0.394472301006, -0.511167049408, -0.566852331161, -0.525213360786, -0.697696805], "mean": [-0.665924668312, -0.758948862553, -0.801018357277, -0.795167505741, -0.780408740044, -0.856564104557], "median": [-0.669576048851, -0.767949163914, -0.812225699425, -0.802808046341, -0.778795003891, -0.856575965881], "min": [-0.976657271385, -0.984647750854, -0.974167048931, -0.972187638283, -0.968579471111, -0.965204775333], "var": [0.00698870839551, 0.00611420162022, 0.00457534054294, 0.00393224647269, 0.00439068768173, 0.000581311469432]}, "spectral_contrast_valleys": {"dmean": [0.360660910606, 0.363451808691, 0.336963504553, 0.290107935667, 0.401335150003, 0.670738935471], "dmean2": [0.598777830601, 0.592368304729, 0.527382552624, 0.43062722683, 0.614738821983, 1.09588289261], "dvar": [0.105961635709, 0.111124314368, 0.0970013141632, 0.087739482522, 0.146516367793, 0.333410739899], "dvar2": [0.254382461309, 0.254775643349, 0.204726949334, 0.160401716828, 0.330063015223, 0.84313416481], "max": [-5.12788486481, -4.58584165573, -5.27294301987, -5.46307563782, -6.51933670044, -8.82934474945], "mean": [-7.20235872269, -7.05077123642, -7.81537389755, -8.06145763397, -8.90540313721, -11.6651134491], "median": [-6.87274265289, -6.80621623993, -7.5908780098, -7.77380466461, -8.68370246887, -11.4531955719], "min": [-28.1467266083, -27.9781188965, -27.6110649109, -27.7167606354, -27.5822219849, -27.3841094971], "var": [4.84024238586, 5.15530920029, 4.68196105957, 4.7756061554, 4.12303066254, 3.35390758514]}, "spectral_decrease": {"dmean": 2.12863238147e-09, "dmean2": 3.34528893475e-09, "dvar": 7.08181665169e-18, "dvar2": 1.73595349355e-17, "max": 1.39785711895e-08, "mean": -4.11734868422e-09, "median": -2.75329381516e-09, "min": -5.38130002781e-08, "var": 2.27437230258e-17}, "spectral_energy": {"dmean": 0.00918098818511, "dmean2": 0.0140106836334, "dvar": 0.000125867285533, "dvar2": 0.000288209266728, "max": 0.225995749235, "mean": 0.0307590775192, "median": 0.0241399202496, "min": 1.00038415489e-20, "var": 0.000606113753747}, "spectral_energyband_high": {"dmean": 0.000113558831799, "dmean2": 0.000156933892868, "dvar": 5.50263088428e-08, "dvar2": 9.98981946054e-08, "max": 0.00429590558633, "mean": 0.000234278573771, "median": 8.90712981345e-05, "min": 6.89492602964e-21, "var": 1.56953746e-07}, "spectral_energyband_low": {"dmean": 0.00426764460281, "dmean2": 0.00701721105725, "dvar": 3.87612781196e-05, "dvar2": 0.000105147511931, "max": 0.113598652184, "mean": 0.00894033256918, "median": 0.00614493712783, "min": 1.5191507815e-23, "var": 8.60360451043e-05}, "spectral_energyband_middle_high": {"dmean": 0.00151567312423, "dmean2": 0.00215648952872, "dvar": 1.09047059595e-05, "dvar2": 2.16728203668e-05, "max": 0.0970282629132, "mean": 0.00352570251562, "median": 0.00102338951547, "min": 1.14575551318e-21, "var": 4.03616686526e-05}, "spectral_energyband_middle_low": {"dmean": 0.00514728575945, "dmean2": 0.00792537629604, "dvar": 6.82249010424e-05, "dvar2": 0.000149450657773, "max": 0.206952348351, "mean": 0.0116295414045, "median": 0.00606673071161, "min": 1.82379176059e-22, "var": 0.000230447563808}, "spectral_entropy": {"dmean": 0.239423975348, "dmean2": 0.380680292845, "dvar": 0.0415752753615, "dvar2": 0.105183534324, "max": 9.82670402527, "mean": 7.00347042084, "median": 6.99723815918, "min": 5.35794448853, "var": 0.218678548932}, "spectral_flux": {"dmean": 0.0202252808958, "dmean2": 0.0323631688952, "dvar": 0.000395949726226, "dvar2": 0.000989013467915, "max": 0.320186257362, "mean": 0.0867802575231, "median": 0.0804923921824, "min": 6.3571634068e-11, "var": 0.0020093373023}, "spectral_kurtosis": {"dmean": 9.94113063812, "dmean2": 16.0154037476, "dvar": 85.2301254272, "dvar2": 221.105819702, "max": 111.633804321, "mean": 30.6773204803, "median": 28.9304504395, "min": -1.27140963078, "var": 207.982818604}, "spectral_rms": {"dmean": 0.000776368833613, "dmean2": 0.00116463983431, "dvar": 5.44141073533e-07, "dvar2": 1.19541812182e-06, "max": 0.0148486923426, "mean": 0.00504210777581, "median": 0.00485295196995, "min": 3.12407521727e-12, "var": 4.58588283436e-06}, "spectral_rolloff": {"dmean": 3465.92431641, "dmean2": 6793.51953125, "dvar": 52766992, "dvar2": 135911056, "max": 22028.4667969, "mean": 16626.6035156, "median": 21877.734375, "min": 21.533203125, "var": 77435560}, "spectral_skewness": {"dmean": 0.591589212418, "dmean2": 0.950473487377, "dvar": 0.27207005024, "dvar2": 0.71140152216, "max": 7.86945581436, "mean": 3.8742878437, "median": 3.84613037109, "min": -0.115018337965, "var": 0.882493317127}, "spectral_spread": {"dmean": 633430.75, "dmean2": 1019944.3125, "dvar": 574370742272, "dvar2": 1315185360900.0, "max": 42974088, "mean": 3588929.25, "median": 3072970.25, "min": 1182579.875, "va