{"lowlevel": {"average_loudness": 0.949450433254, "barkbands": {"dmean": [0.000136990260216, 0.00239361124113, 0.000572818971705, 0.000672108842991, 0.00110804091673, 0.00145446520764, 0.00131909770425, 0.000832892546896, 0.000502241600771, 0.000541584915482, 0.000396635819925, 0.000835625221953, 0.000212928149267, 0.00024586985819, 0.00044614111539, 0.000409282714827, 0.000213135499507, 0.000116577815788, 8.72105665621e-05, 9.63967686403e-05, 0.000225348514505, 0.000236668696743, 0.000125687351101, 0.00013651586778, 0.000241667265072, 3.09732968162e-05, 4.0281494762e-07], "dmean2": [0.000197098226636, 0.00332950544544, 0.000897605845239, 0.00103704398498, 0.00162445439491, 0.00213127280585, 0.0018787534209, 0.00124808819965, 0.000761912611779, 0.00080491299741, 0.000623899628408, 0.00135240308009, 0.000337554694852, 0.000394169008359, 0.000732020591386, 0.000674988026731, 0.000334887154168, 0.000187099460163, 0.000139918673085, 0.000159170216648, 0.000373224029317, 0.000402124307584, 0.00021075582481, 0.000227118798648, 0.000401924276957, 5.22333866684e-05, 7.30032866159e-07], "dvar": [1.73217927113e-07, 4.15919603256e-05, 1.16189880828e-06, 1.97109352484e-06, 4.09891617892e-06, 6.89010357746e-06, 5.83457540415e-06, 3.45703756466e-06, 1.025465167e-06, 1.53241830958e-06, 1.81176505976e-06, 8.84163637238e-06, 4.09956555814e-07, 7.84777569152e-07, 2.29082297665e-06, 1.37572260428e-06, 4.35922373754e-07, 1.4583349639e-07, 4.65782434844e-08, 4.88514224628e-08, 2.87696849455e-07, 3.83757480904e-07, 1.03626504711e-07, 1.19344377936e-07, 2.93648071192e-07, 5.84025805495e-09, 2.42997267273e-12], "dvar2": [3.31403413156e-07, 6.72911119182e-05, 2.94898313768e-06, 4.96701886732e-06, 7.90478861745e-06, 1.4391825971e-05, 1.12859152068e-05, 7.64296964917e-06, 2.07058701562e-06, 3.10570885631e-06, 4.29464171248e-06, 2.06103704841e-05, 9.36305127652e-07, 1.75042862338e-06, 5.34787523065e-06, 3.348017799e-06, 1.03340823898e-06, 3.4844572383e-07, 1.03917180638e-07, 1.17162613833e-07, 6.90879403464e-07, 9.68738618212e-07, 2.54490885254e-07, 2.82521682493e-07, 7.01983537965e-07, 1.43795437779e-08, 6.71003270308e-12], "max": [0.00558600760996, 0.0873152986169, 0.0203243382275, 0.0246454700828, 0.0465442575514, 0.067909270525, 0.0429441407323, 0.0374758541584, 0.0187216475606, 0.03041863814, 0.0325523167849, 0.0502086803317, 0.00966164190322, 0.02329489775, 0.0328542999923, 0.0255557075143, 0.0122999437153, 0.0107879908755, 0.00413853861392, 0.0030689612031, 0.00743286637589, 0.00863883458078, 0.00378279876895, 0.0052592298016, 0.00519786402583, 0.000699554744642, 3.19005739584e-05], "mean": [0.000157318936544, 0.0031997198239, 0.00124010862783, 0.00124239758588, 0.00235943030566, 0.00311379646882, 0.00252450187691, 0.00144357641693, 0.000791329191998, 0.00096527376445, 0.000509358709678, 0.000866417423822, 0.000227055745199, 0.000282576918835, 0.00056702864822, 0.000496455584653, 0.000295665988233, 0.000152650405653, 9.67753512668e-05, 9.2622700322e-05, 0.000200813563424, 0.000182899602805, 9.65595827438e-05, 0.000108291766082, 0.000187605415704, 2.35000679822e-05, 2.82561899212e-07], "median": [1.05197286757e-05, 0.000467945093988, 0.000543572416063, 0.000430443440564, 0.00115680019371, 0.00138337304816, 0.00102376413997, 0.000428994360846, 0.000213434948819, 0.000201305665541, 7.51472034608e-05, 9.11819661269e-05, 2.72105280601e-05, 2.95541794912e-05, 4.86756034661e-05, 4.91705577588e-05, 2.76230093732e-05, 1.90250611922e-05, 1.25049718918e-05, 1.38116520247e-05, 2.30349924095e-05, 1.23805812109e-05, 5.01176327816e-06, 5.12450014867e-06, 7.31119052944e-06, 1.32928403218e-06, 5.41003046806e-08], "min": [1.24345975122e-24, 1.46256754398e-24, 1.06348655912e-24, 1.5089382671e-24, 5.04981340982e-24, 1.06260029361e-23, 8.24091433248e-24, 7.89106793165e-24, 8.56062466901e-24, 2.1453755471e-23, 2.09885673507e-23, 2.68679145451e-23, 3.36855470997e-23, 2.20421605093e-23, 5.4296866966e-23, 4.99041297252e-23, 5.66450471345e-23, 8.06454649109e-23, 1.32290598032e-22, 1.50626136228e-22, 2.37930849357e-22, 3.50719000898e-22, 3.89191154022e-22, 5.92079716497e-22, 8.44028157134e-22, 1.23395334307e-21, 1.98074678271e-21], "var": [2.27755549531e-07, 7.00054151821e-05, 3.30209604726e-06, 4.75310071124e-06, 1.89083184523e-05, 2.26981010201e-05, 1.56176301971e-05, 9.31920021685e-06, 2.69463316727e-06, 4.84298243464e-06, 2.41191401074e-06, 1.01086643554e-05, 5.28543068867e-07, 1.03083823433e-06, 3.99087048208e-06, 2.24040331886e-06, 7.47781768951e-07, 2.1602392053e-07, 7.04997447087e-08, 4.79446313761e-08, 2.64567063368e-07, 2.97879381606e-07, 8.3589945632e-08, 1.0201638645e-07, 2.47924560881e-07, 4.66122251908e-09, 1.51309010894e-12]}, "barkbands_crest": {"dmean": 2.56757283211, "dmean2": 3.95037674904, "dvar": 6.03319072723, "dvar2": 12.8933391571, "max": 26.8124523163, "mean": 10.4839839935, "median": 9.38881874084, "min": 2.33528971672, "var": 21.8523235321}, "barkbands_flatness_db": {"dmean": 0.0307586863637, "dmean2": 0.0436521321535, "dvar": 0.000988694955595, "dvar2": 0.0016443983186, "max": 0.449131608009, "mean": 0.166002303362, "median": 0.163097441196, "min": 0.0302111469209, "var": 0.00399223761633}, "barkbands_kurtosis": {"dmean": 5.30048799515, "dmean2": 8.11922264099, "dvar": 107.829933167, "dvar2": 225.225540161, "max": 462.816680908, "mean": 9.46984386444, "median": 3.84572148323, "min": -1.87190067768, "var": 583.617919922}, "barkbands_skewness": {"dmean": 0.713761866093, "dmean2": 1.09855294228, "dvar": 0.61736613512, "dvar2": 1.43007874489, "max": 21.2491130829, "mean": 1.78001332283, "median": 1.58317995071, "min": -2.22098755836, "var": 3.18982291222}, "barkbands_spread": {"dmean": 9.63822841644, "dmean2": 14.9326505661, "dvar": 215.545822144, "dvar2": 446.12008667, "max": 117.935409546, "mean": 17.8161621094, "median": 11.9331350327, "min": 0.490322798491, "var": 316.391967773}, "dissonance": {"dmean": 0.030082417652, "dmean2": 0.0481459982693, "dvar": 0.000737864582334, "dvar2": 0.00180519197602, "max": 0.499860346317, "mean": 0.427671164274, "median": 0.435945808887, "min": 0.0998484790325, "var": 0.00216627493501}, "dynamic_complexity": 3.28563427925, "erbbands": {"dmean": [0.106504432857, 0.403401523829, 0.537764191628, 1.68411910534, 2.36359620094, 4.69127130508, 4.76012325287, 14.3885221481, 16.9667282104, 28.0771141052, 9.20937824249, 11.9962358475, 15.1723880768, 15.4165172577, 20.1730747223, 39.8128700256, 12.8210687637, 13.8749704361, 16.6792850494, 24.9140911102, 17.7727203369, 9.66095638275, 8.12249755859, 5.09291315079, 3.85523986816, 4.49786901474, 7.89954471588, 9.46236896515, 8.72455978394, 5.47955846786, 3.42979049683, 2.74713683128, 2.52061462402, 3.20549726486, 1.36102974415, 0.259914636612, 0.0379498116672, 0.00261942623183, 9.98744944809e-05, 1.6672660422e-05], "dmean2": [0.147993683815, 0.567766010761, 0.848059535027, 2.55100631714, 3.61914014816, 6.85242795944, 7.23812437057, 20.9436969757, 24.8167304993, 40.5251426697, 13.765789032, 17.941652298, 22.205499649, 23.4875907898, 31.4144573212, 64.483291626, 20.2289733887, 22.1967697144, 26.7596626282, 41.3297653198, 29.1324234009, 15.0791654587, 12.9376592636, 8.05248737335, 6.32848024368, 7.37948083878, 13.0467405319, 15.8243169785, 14.8397932053, 9.23175048828, 5.7734875679, 4.56411886215, 4.20284748077, 5.32261228561, 2.26614403725, 0.435433894396, 0.0640212744474, 0.00446827942505, 0.000169903898495, 2.51242345257e-05], "dvar": [0.0993872657418, 1.0189191103, 1.02129125595, 11.7178001404, 21.8373889923, 80.7434005737, 60.3705825806, 792.246337891, 1119.43676758, 3049.74682617, 265.467102051, 645.413757324, 1068.31713867, 1915.38793945, 5137.11523438, 22698.8300781, 1125.05993652, 2311.59350586, 4501.26806641, 5801.97558594, 2434.25854492, 910.200744629, 648.318603516, 221.055923462, 71.6750030518, 107.011405945, 351.110137939, 538.050598145, 525.452331543, 193.393417358, 78.4058380127, 48.2561569214, 39.7476921082, 53.2620239258, 10.1822662354, 0.392874240875, 0.00927118305117, 4.81655479234e-05, 9.12189506153e-08, 8.21505696802e-10], "dvar2": [0.169964209199, 1.71839749813, 2.57108664513, 28.5709686279, 50.6749725342, 149.173278809, 141.961807251, 1638.01574707, 2301.74780273, 6440.74121094, 570.885559082, 1268.81628418, 2093.50146484, 3954.10205078, 12189.8671875, 53019.9960938, 2546.10913086, 5185.78515625, 10508.6269531, 14237.1855469, 5849.67236328, 1993.77844238, 1515.38671875, 500.85357666, 171.816772461, 255.470367432, 841.328063965, 1315.2989502, 1326.16064453, 479.929595947, 191.923614502, 115.315124512, 94.4356079102, 127.10735321, 24.8469295502, 0.957895338535, 0.0229686759412, 0.000119869990158, 2.38858859802e-07, 1.8805828006e-09], "max": [4.02424001694, 19.818315506, 17.3183765411, 60.9520225525, 102.938102722, 213.524002075, 154.434494019, 873.409606934, 876.43737793, 941.477905273, 332.131500244, 510.765106201, 715.37310791, 1280.5213623, 1874.4744873, 2583.46191406, 468.33895874, 1260.29162598, 1914.41369629, 1962.86132813, 1067.38012695, 602.165405273, 680.474304199, 290.254119873, 110.490592957, 159.648468018, 299.411499023, 273.972076416, 357.851104736, 152.645996094, 111.958854675, 105.190361023, 85.6172103882, 76.6161193848, 33.8681678772, 5.55065345764, 1.1768232584, 0.0802251622081, 0.00743055995554, 0.000487302080728], "mean": [0.130699113011, 0.569200336933, 1.19497430325, 3.54986977577, 4.72286605835, 9.62040424347, 10.0815515518, 31.0363578796, 33.0687675476, 50.8671150208, 17.1485977173, 20.1688652039, 29.0265617371, 24.425031662, 24.8675022125, 40.863067627, 13.9409484863, 15.9137763977, 22.4398345947, 30.946187973, 22.9526748657, 13.8522014618, 11.2201318741, 6.24037265778, 3.8918633461, 4.39531850815, 7.49700737, 7.84223651886, 6.78370904922, 4.16642141342, 2.65195822716, 2.16778802872, 1.98575568199, 2.49707865715, 1.03755271435, 0.197061002254, 0.0291421227157, 0.00209860410541, 8.51276199683e-05, 3.14066710416e-05], "median": [0.0115853128955, 0.1156161502, 0.580538928509, 1.30119073391, 2.46037435532, 3.91069459915, 5.83405399323, 11.7113952637, 14.4793453217, 19.0831718445, 7.89787483215, 5.850730896, 6.73623180389, 5.92857074738, 4.43096733093, 4.52407073975, 2.12060570717, 1.96463274956, 2.32006263733, 3.32481479645, 2.52275156975, 1.57294487953, 1.29433393478, 0.788219690323, 0.604711651802, 0.671377658844, 1.00453662872, 0.753583312035, 0.471598863602, 0.236100286245, 0.147357463837, 0.123604126275, 0.078385412693, 0.087293446064, 0.0425997525454, 0.0092072673142, 0.00199760077521, 0.000289613817586, 1.82151525223e-05, 2.01474686037e-05], "min": [1.86037736232e-22, 3.34218706577e-22, 2.77843121706e-21, 9.81144370047e-21, 7.65868192249e-21, 1.61269490981e-20, 3.71683817793e-20, 7.2506678152e-20, 1.07299917431e-19, 1.51360377768e-19, 2.40654292248e-19, 2.64903919086e-19, 6.5054353397e-19, 6.11744679037e-19, 1.00116264816e-18, 1.21857176933e-18, 2.04888295031e-18, 1.92555073457e-18, 2.96667892422e-18, 2.91105495714e-18, 3.05319601924e-18, 3.82702968613e-18, 5.02637126398e-18, 5.71512733693e-18, 7.42235615653e-18, 5.96357641058e-18, 8.31226187493e-18, 9.7801451571e-18, 1.19151041084e-17, 1.17597198847e-17, 1.19429130934e-17, 1.00541867853e-17, 9.4186680566e-18, 8.61780667677e-18, 5.98271488842e-18, 3.95534938738e-18, 2.2137993966e-18, 8.84694894134e-19, 2.61476909808e-19, 2.95631765987e-20], "var": [0.149384275079, 1.7876598835, 2.60250067711, 33.4108123779, 57.1772422791, 405.736419678, 165.688949585, 2752.50415039, 2701.20727539, 7188.95507813, 717.059814453, 1826.57226563, 4126.70654297, 4710.59765625, 6058.09228516, 25558.8515625, 1486.60864258, 2924.27368164, 7791.59765625, 9063.85449219, 4313.36425781, 1704.9342041, 1024.5723877, 346.032012939, 77.2039642334, 107.339729309, 342.454711914, 456.969421387, 408.240386963, 153.435241699, 63.4753646851, 40.8987503052, 33.7105484009, 45.049446106, 8.34215927124, 0.319969296455, 0.00731882546097, 3.73891489289e-05, 6.5106952718e-08, 1.19457943537e-09]}, "erbbands_crest": {"dmean": 3.3250451088, "dmean2": 5.15308141708, "dvar": 9.95488262177, "dvar2": 22.0856647491, "max": 31.8557357788, "mean": 11.3608293533, "median": 10.1813964844, "min": 2.19831466675, "var": 31.5614032745}, "erbbands_flatness_db": {"dmean": 0.0289502013475, "dmean2": 0.0408843681216, "dvar": 0.000808386015706, "dvar2": 0.00125849607866, "max": 0.339939534664, "mean": 0.179497167468, "median": 0.182972729206, "min": 0.0276211984456, "var": 0.00326132285409}, "erbbands_kurtosis": {"dmean": 2.53592514992, "dmean2": 3.88124036789, "dvar": 13.9628400803, "dvar2": 28.8891639709, "max": 64.7480926514, "mean": 3.14509344101, "median": 0.821654140949, "min": -1.80395162106, "var": 38.2629852295}, "erbbands_skewness": {"dmean": 0.619455218315, "dmean2": 0.936965584755, "dvar": 0.423209041357, "dvar2": 0.901871621609, "max": 7.2816824913, "mean": 0.921055495739, "median": 0.758767843246, "min": -3.03595137596, "var": 1.53376448154}, "erbbands_spread": {"dmean": 13.8529624939, "dmean2": 21.5151996613, "dvar": 311.996582031, "dvar2": 653.598205566, "max": 132.341766357, "mean": 32.2197189331, "median": 24.4243373871, "min": 2.03266263008, "var": 557.123840332}, "gfcc": {"cov": [[37866.4101563, 2486.59594727, -3623.83325195, 724.967956543, -2136.40795898, 544.155090332, -1449.84899902, 419.049194336, -670.412536621, 255.999435425, -557.256103516, 34.8513259888, 10.9230699539], [2486.59594727, 1955.15527344, -392.873718262, -513.645080566, 143.30241394, -258.294952393, 28.5174484253, -159.097869873, 72.8278274536, -90.2351074219, 27.1435108185, -22.9911575317, 55.2988243103], [-3623.83325195, -392.873718262, 1427.86999512, 361.3359375, -49.487575531, 75.3657455444, 113.785972595, -16.1490802765, -50.1846694946, 28.2479324341, 12.2479562759, -89.0514450073, -50.2045974731], [724.967956543, -513.645080566, 361.3359375, 560.027832031, -59.6423110962, 172.166503906, -48.6094551086, 82.2016448975, -76.7530975342, 47.7637062073, -67.9231414795, -51.9301834106, -49.2068862915], [-2136.40795898, 143.30241394, -49.487575531, -59.6423110962, 519.963439941, 41.4486465454, 171.538146973, -53.85987854, 94.9440460205, -51.9817123413, 21.9697418213, -5.19152927399, 20.27917099], [544.155090332, -258.294952393, 75.3657455444, 172.166503906, 41.4486465454, 286.310058594, 29.5437755585, 54.8254127502, -42.9831237793, 35.5928726196, -27.9770755768, -19.2025661469, 0.0222377758473], [-1449.84899902, 28.5174484253, 113.785972595, -48.6094551086, 171.538146973, 29.5437755585, 196.352005005, 7.09674501419, 51.6746826172, -2.12914967537, 38.7270278931, 12.1806840897, 1.83435845375], [419.049194336, -159.097869873, -16.1490802765, 82.2016448975, -53.85987854, 54.8254127502, 7.09674501419, 128.965454102, 29.4014987946, 24.0578460693, -4.88690471649, 23.6583766937, 1.82986521721], [-670.412536621, 72.8278274536, -50.1846694946, -76.7530975342, 94.9440460205, -42.9831237793, 51.6746826172, 29.4014987946, 116.837730408, 30.3477268219, 27.1222896576, 13.9499359131, 17.0634994507], [255.999435425, -90.2351074219, 28.2479324341, 47.7637062073, -51.9817123413, 35.5928726196, -2.12914967537, 24.0578460693, 30.3477268219, 101.760734558, 30.3251838684, 1.91428232193, -5.30602693558], [-557.256103516, 27.1435108185, 12.2479562759, -67.9231414795, 21.9697418213, -27.9770755768, 38.7270278931, -4.88690471649, 27.1222896576, 30.3251838684, 109.155632019, 51.3261680603, 14.65969944], [34.8513259888, -22.9911575317, -89.0514450073, -51.9301834106, -5.19152927399, -19.2025661469, 12.1806840897, 23.6583766937, 13.9499359131, 1.91428232193, 51.3261680603, 100.810287476, 37.4927787781], [10.9230699539, 55.2988243103, -50.2045974731, -49.2068862915, 20.27917099, 0.0222377758473, 1.83435845375, 1.82986521721, 17.0634994507, -5.30602693558, 14.65969944, 37.4927787781, 75.7350997925]], "icov": [[0.000268168281764, -0.000688295811415, 0.000734426081181, -0.00086476461729, 0.000898876402061, -0.000722278316971, 0.000507632212248, -0.000325515225995, 0.000650441565085, -0.000647880136967, 0.000625696091447, -0.000558915140573, 0.000107615509478], [-0.000688295811415, 0.00253384793177, -0.00177009461913, 0.00265642884187, -0.00234216684476, 0.00219294894487, -0.00139992171898, 0.00120783946477, -0.00175910093822, 0.00189903820865, -0.00171658629552, 0.00217576720752, -0.000782526796684], [0.000734426081181, -0.00177009461913, 0.00319966813549, -0.00344412843697, 0.00326522230171, -0.00193373102229, -2.79221985693e-05, 0.000205493837711, 0.00116559548769, -0.000945383450016, 0.000681989651639, -0.000295213598292, -0.000122893790831], [-0.00086476461729, 0.00265642884187, -0.00344412843697, 0.00739177828655, -0.004837798886, 0.00227648532018, 0.000340539583704, -0.00265175662935, 0.00204188376665, -0.00126046757214, 9.0812529379e-05, 0.00193294964265, 0.000532312085852], [0.000898876402061, -0.00234216684476, 0.00326522230171, -0.004837798886, 0.00873812008649, -0.00501579651609, -0.00170628307387, 0.0043950099498, -0.00539784319699, 0.00366325536743, 0.000536958163138, -0.00149345968384, 0.000306856789393], [-0.000722278316971, 0.00219294894487, -0.00193373102229, 0.00227648532018, -0.00501579651609, 0.00918527878821, -0.00252401642501, -0.00367591227405, 0.00563805457205, -0.00361074553803, -5.03926567035e-05, 0.003284038743, -0.002948775189], [0.000507632212248, -0.00139992171898, -2.79221985693e-05, 0.000340539583704, -0.00170628307387, -0.00252401642501, 0.0110614420846, -0.00333807151765, 0.000818146741949, -0.00166334735695, -0.000187950732652, -0.00230701849796, 0.00229966710322], [-0.000325515225995, 0.00120783946477, 0.000205493837711, -0.00265175662935, 0.0043950099498, -0.00367591227405, -0.00333807151765, 0.0181481167674, -0.0136940851808, 0.00657972833142, -0.000330253475113, -0.00375010096468, 0.00151170499157], [0.000650441565085, -0.00175910093822, 0.00116559548769, 0.00204188376665, -0.00539784319699, 0.00563805457205, 0.000818146741949, -0.0136940851808, 0.0284006241709, -0.0157722383738, 0.00378746190108, 0.00121913128532, -0.00379577302374], [-0.000647880136967, 0.00189903820865, -0.000945383450016, -0.00126046757214, 0.00366325536743, -0.00361074553803, -0.00166334735695, 0.00657972833142, -0.0157722383738, 0.023093406111, -0.00951367430389, 0.00335471401922, 0.00151493202429], [0.000625696091447, -0.00171658629552, 0.000681989651639, 9.0812529379e-05, 0.000536958163138, -5.03926567035e-05, -0.000187950732652, -0.000330253475113, 0.00378746190108, -0.00951367430389, 0.019120361656, -0.0104803768918, 0.00151042197831], [-0.000558915140573, 0.00217576720752, -0.000295213598292, 0.00193294964265, -0.00149345968384, 0.003284038743, -0.00230701849796, -0.00375010096468, 0.00121913128532, 0.00335471401922, -0.0104803768918, 0.0213008280843, -0.00845845974982], [0.000107615509478, -0.000782526796684, -0.000122893790831, 0.000532312085852, 0.000306856789393, -0.002948775189, 0.00229966710322, 0.00151170499157, -0.00379577302374, 0.00151493202429, 0.00151042197831, -0.00845845974982, 0.018706984818]], "mean": [-70.3638381958, 102.152046204, -99.9954833984, 20.3412666321, -69.0360946655, 8.93907833099, -42.197467804, 9.04157447815, -21.1656532288, 9.16541099548, -17.7124271393, 1.68879616261, -2.56452083588]}, "hfc": {"dmean": 11.5086622238, "dmean2": 17.9713878632, "dvar": 410.590118408, "dvar2": 929.300415039, "max": 236.642745972, "mean": 17.6421756744, "median": 7.94241142273, "min": 1.05356604957e-16, "var": 625.022216797}, "melbands": {"dmean": [0.000781722774263, 0.000326862529619, 0.000283094734186, 0.000254035898251, 0.00017380520876, 0.000315957033308, 0.000265424343525, 0.000291993899737, 6.23463638476e-05, 7.9490862845e-05, 7.44956487324e-05, 6.20030259597e-05, 5.7699973695e-05, 9.88914471236e-05, 5.53731006221e-05, 2.73856112472e-05, 2.53555663221e-05, 2.35065253946e-05, 3.16563455272e-05, 3.71535388695e-05, 1.81706454896e-05, 9.81773246167e-06, 1.16945902846e-05, 5.37106643606e-06, 4.25203779741e-06, 2.79839969153e-06, 2.79950063486e-06, 3.02481043946e-06, 4.6182431106e-06, 5.77429591431e-06, 5.62725199416e-06, 5.15092551723e-06, 4.20317928729e-06, 2.61413060798e-06, 2.01725470106e-06, 1.75479613063e-06, 1.65873063906e-06, 1.58398347594e-06, 2.32985348703e-06, 2.87539546662e-06], "dmean2": [0.00108872284181, 0.000471226550872, 0.000431638705777, 0.000371732021449, 0.000257993873674, 0.000460950075649, 0.000383193226298, 0.000423703604611, 9.53797134571e-05, 0.000118700394523, 0.000109296313894, 9.55628129304e-05, 9.00310697034e-05, 0.000159358925885, 8.91263334779e-05, 4.35006331827e-05, 4.07660845667e-05, 3.74764094886e-05, 5.25236901012e-05, 6.17169062025e-05, 2.97405495076e-05, 1.54557419592e-05, 1.85558164958e-05, 8.74951820151e-06, 6.79155709804e-06, 4.60196497443e-06, 4.66168285129e-06, 4.98875033372e-06, 7.64625019656e-06, 9.59323824645e-06, 9.46862382989e-06, 8.76640751812e-06, 7.17655120752e-06, 4.41685415353e-06, 3.40993233294e-06, 2.93360290016e-06, 2.76433388535e-06, 2.65701442004e-06, 3.8923694774e-06, 4.77720323033e-06], "dvar": [4.87955503559e-06, 4.07554352932e-07, 3.09168996182e-07, 2.70565294613e-07, 7.18270314337e-08, 3.71329093696e-07, 2.43138316591e-07, 3.3556989365e-07, 1.09037605611e-08, 2.84191177258e-08, 2.61603751994e-08, 3.41995267661e-08, 3.89185750294e-08, 1.01058915902e-07, 3.93101906582e-08, 6.75590916543e-09, 7.8978912299e-09, 9.63670743204e-09, 1.16686607043e-08, 1.18448699737e-08, 2.87492407658e-09, 1.10213638216e-09, 1.69272829087e-09, 2.66863336984e-10, 1.7855014689e-10, 3.85572199169e-11, 4.3738911798e-11, 5.08637507113e-11, 1.19056028924e-10, 2.03435032708e-10, 2.01159283675e-10, 1.85102475014e-10, 1.30358807082e-10, 4.48326896441e-11, 2.8876671887e-11, 2.07399392799e-11, 1.83464216041e-11, 1.75413555209e-11, 3.21214478627e-11, 4.339047871e-11], "dvar2": [8.04610135674e-06, 8.0967095073e-07, 7.76397712343e-07, 5.05799278017e-07, 1.6132965186e-07, 7.73266606302e-07, 4.91341893394e-07, 7.24838002952e-07, 2.38454447299e-08, 5.45274261299e-08, 5.12391480356e-08, 7.13600556423e-08, 9.22073795095e-08, 2.34925778386e-07, 9.23077578818e-08, 1.53602321973e-08, 1.77973262794e-08, 2.24429790308e-08, 2.6845793144e-08, 2.9182698924e-08, 7.07137193245e-09, 2.44684672523e-09, 3.87169274418e-09, 6.72862932038e-10, 4.05033034889e-10, 9.17551729041e-11, 1.07457910625e-10, 1.22878471287e-10, 2.87784990283e-10, 4.95150864754e-10, 4.9979703709e-10, 4.68294292233e-10, 3.33508054506e-10, 1.11107407996e-10, 7.19619780432e-11, 5.06436524661e-11, 4.40703792903e-11, 4.24296778267e-11, 7.69102490028e-11, 1.04707381654e-10], "max": [0.0289489328861, 0.0145930415019, 0.00918617937714, 0.0133258048445, 0.00494897319004, 0.0167717076838, 0.0117950895801, 0.0101595390588, 0.00203916267492, 0.00347403809428, 0.00356996734627, 0.00544182397425, 0.00471345428377, 0.00487314723432, 0.00350262061693, 0.00126834667753, 0.00218273396604, 0.00288453046232, 0.00340105127543, 0.00224266550504, 0.0014066627482, 0.000863249297254, 0.000751058629248, 0.000311153766233, 0.000253883306868, 6.83820107952e-05, 9.26905486267e-05, 0.000126172235468, 0.000192735067685, 0.000229207653319, 0.000176605724846, 0.000211474602111, 0.000139914191095, 6.19289057795e-05, 8.54791724123e-05, 6.28769339528e-05, 6.39506542939e-05, 7.08078805474e-05, 6.15303797531e-05, 7.27646547602e-05], "mean": [0.00099818687886, 0.000667730288114, 0.000600193568971, 0.000543915375602, 0.00037092200364, 0.000674711656757, 0.000523793452885, 0.000526304007508, 0.000109982138383, 0.000130405984237, 0.000140460004332, 9.5698669611e-05, 7.41570693208e-05, 0.000103792095615, 5.64842448512e-05, 2.82847522612e-05, 2.82712535409e-05, 3.09298338834e-05, 3.953745545e-05, 4.47071142844e-05, 2.24905943469e-05, 1.34156143758e-05, 1.54434710566e-05, 6.8804233706e-06, 4.9224331633e-06, 2.86506679004e-06, 2.59800822278e-06, 2.90179605145e-06, 4.40061330664e-06, 5.03647970618e-06, 4.47682168669e-06, 4.00586577598e-06, 3.14467229146e-06, 1.97985627892e-06, 1.54182350798e-06, 1.35274103741e-06, 1.3091027995e-06, 1.23906954741e-06, 1.81771258667e-06, 2.22523476623e-06], "median": [0.000117012306873, 0.000278419291135, 0.000299425650155, 0.000240319612203, 0.000215552689042, 0.000267812400125, 0.000238592794631, 0.000188653313671, 4.99347588629e-05, 3.42769017152e-05, 3.03803899442e-05, 2.01027723961e-05, 1.18046091302e-05, 1.22501169244e-05, 7.04378135197e-06, 3.20574417856e-06, 3.0087144296e-06, 3.05799858324e-06, 3.41166855833e-06, 4.39810810349e-06, 2.3499164854e-06, 1.3863359527e-06, 1.34223262194e-06, 9.05322053768e-07, 5.18319325238e-07, 4.0378643007e-07, 3.86133024222e-07, 4.36326217823e-07, 5.98254246142e-07, 5.86542682868e-07, 3.77445303457e-07, 2.68272060566e-07, 1.9534996909e-07, 9.85296679801e-08, 8.25344983468e-08, 7.4547052975e-08, 7.2981890753e-08, 4.87373874591e-08, 6.36620711703e-08, 7.76465540753e-08], "min": [2.40771017617e-24, 1.26288269e-24, 1.92788829158e-24, 1.54187725281e-24, 1.34431699846e-24, 2.00402046869e-24, 1.74414247081e-24, 1.70380426563e-24, 2.16109904378e-24, 1.3628935881e-24, 2.90034552844e-24, 2.24161748473e-24, 3.44098484173e-24, 2.51374136487e-24, 3.78938328837e-24, 3.77982189977e-24, 2.24666658895e-24, 3.2952208986e-24, 3.86821336977e-24, 2.93443003879e-24, 3.12868013417e-24, 3.51520403114e-24, 4.13424763816e-24, 3.65778590659e-24, 3.76218691423e-24, 4.29775483798e-24, 4.37009180527e-24, 3.57305317347e-24, 4.4691226423e-24, 4.46592302246e-24, 5.02168302437e-24, 5.49519599387e-24, 5.66926406906e-24, 5.68681306876e-24, 5.48836366957e-24, 4.51875027627e-24, 6.24831242818e-24, 5.66753922469e-24, 6.0107434167e-24, 6.05132991585e-24], "var": [7.77252807893e-06, 9.95018694994e-07, 7.61085857448e-07, 1.40576059948e-06, 2.06653808732e-07, 1.2108403098e-06, 6.17182990936e-07, 8.07314904705e-07, 2.80777516792e-08, 8.20267516133e-08, 1.01551698606e-07, 8.33687536783e-08, 5.08375741504e-08, 1.1825566304e-07, 4.38772609357e-08, 8.20273360347e-09, 9.90561677128e-09, 1.65677640496e-08, 2.04040286889e-08, 1.79770847097e-08, 4.59912508077e-09, 2.05371808448e-09, 2.59809262992e-09, 3.73919256669e-10, 2.62738136803e-10, 4.62906865617e-11, 4.04367060669e-11, 4.94304736032e-11, 1.1855036397e-10, 1.81707704439e-10, 1.63723201663e-10, 1.44036005345e-10, 9.75152528171e-11, 3.55118469353e-11, 2.26644900764e-11, 1.6937102762e-11, 1.53847108664e-11, 1.44456764259e-11, 2.68995433567e-11, 3.60750561368e-11]}, "melbands_crest": {"dmean": 3.11346459389, "dmean2": 4.84242153168, "dvar": 9.37097167969, "dvar2": 19.767162323, "max": 39.6905174255, "mean": 14.0181436539, "median": 12.7648706436, "min": 1.63001775742, "var": 38.4291038513}, "melbands_flatness_db": {"dmean": 0.0392057076097, "dmean2": 0.0548768602312, "dvar": 0.00184358237311, "dvar2": 0.00311407633126, "max": 0.570858597755, "mean": 0.230971857905, "median": 0.231390058994, "min": 0.00276269973256, "var": 0.00731981731951}, "melbands_kurtosis": {"dmean": 8.68291568756, "dmean2": 13.8517618179, "dvar": 323.95602417, "dvar2": 761.058349609, "max": 923.372741699, "mean": 16.0321235657, "median": 8.44395256042, "min": -1.63591957092, "var": 1201.3548584}, "melbands_skewness": {"dmean": 0.843302428722, "dmean2": 1.29303562641, "dvar": 0.8732432127, "dvar2": 2.03376340866, "max": 28.1749992371, "mean": 2.37254571915, "median": 2.05738186836, "min": -1.48449003696, "var": 3.83720040321}, "melbands_spread": {"dmean": 9.78991699219, "dmean2": 15.6348514557, "dvar": 310.613555908, "dvar2": 770.386352539, "max": 201.85534668, "mean": 20.5947666168, "median": 12.4922103882, "min": 0.273912608624, "var": 611.35333252}, "mfcc": {"cov": [[12821.3183594, 466.109832764, -392.484649658, -24.1158409119, 76.0780487061, 13.8649129868, -145.513275146, -42.2480506897, 180.686431885, -252.737533569, -53.3305664063, 32.8049278259, 92.292427063], [466.109832764, 2509.32983398, -391.123046875, -87.2273101807, -56.3473815918, -45.1028556824, -122.951820374, -46.4031257629, -9.92956924438, -68.3459091187, -72.7449493408, 69.907661438, -40.8982048035], [-392.484649658, -391.123046875, 1287.28759766, 272.851806641, -13.9454545975, 29.1321716309, 101.808036804, -76.0181655884, -30.1155223846, 56.2271842957, 19.3795909882, -60.2624473572, 47.2417259216], [-24.1158409119, -87.2273101807, 272.851806641, 298.818756104, 72.7018356323, 38.5062866211, 29.8627128601, 4.41683483124, 17.568780899, 26.7858505249, 6.80012893677, -6.30240535736, 5.62533712387], [76.0780487061, -56.3473815918, -13.9454545975, 72.7018356323, 195.023651123, 102.354804993, 49.6788291931, 28.0655975342, 47.2635803223, 23.277879715, -3.40081596375, -12.3077688217, -11.5252885818], [13.8649129868, -45.1028556824, 29.1321716309, 38.5062866211, 102.354804993, 203.555725098, 110.389213562, 16.3866958618, 29.2407989502, 56.0500068665, 11.9126415253, -21.9055690765, -7.4429974556], [-145.513275146, -122.951820374, 101.808036804, 29.8627128601, 49.6788291931, 110.389213562, 148.621459961, 45.2311515808, 10.5573587418, 27.0397834778, 15.9044179916, -0.0146478256211, 0.293746501207], [-42.2480506897, -46.4031257629, -76.0181655884, 4.41683483124, 28.0655975342, 16.3866958618, 45.2311515808, 121.295555115, 46.4485321045, -8.72833347321, 7.76424980164, 16.1712875366, 0.476928263903], [180.686431885, -9.92956924438, -30.1155223846, 17.568780899, 47.2635803223, 29.2407989502, 10.5573587418, 46.4485321045, 100.794723511, 42.8047180176, -2.53393149376, -6.22513389587, 2.37960195541], [-252.737533569, -68.3459091187, 56.2271842957, 26.7858505249, 23.277879715, 56.0500068665, 27.0397834778, -8.72833347321, 42.8047180176, 112.266921997, 36.8805503845, -18.5173530579, -4.46966457367], [-53.3305664063, -72.7449493408, 19.3795909882, 6.80012893677, -3.40081596375, 11.9126415253, 15.9044179916, 7.76424980164, -2.53393149376, 36.8805503845, 80.2804641724, 27.2661037445, 5.49539804459], [32.8049278259, 69.907661438, -60.2624473572, -6.30240535736, -12.3077688217, -21.9055690765, -0.0146478256211, 16.1712875366, -6.22513389587, -18.5173530579, 27.2661037445, 82.547744751, 35.8457069397], [92.292427063, -40.8982048035, 47.2417259216, 5.62533712387, -11.5252885818, -7.4429974556, 0.293746501207, 0.476928263903, 2.37960195541, -4.46966457367, 5.49539804459, 35.8457069397, 80.835647583]], "icov": [[9.93573703454e-05, -1.0612981896e-05, 3.24778557115e-05, -3.59328587365e-05, 4.62387615698e-05, -0.000124727273942, 1.98954912776e-05, 0.000300112005789, -0.000541352434084, 0.000607999972999, -0.000303088541841, 0.000163923017681, -0.000144554433064], [-1.0612981896e-05, 0.00048663886264, 5.02763796248e-05, 5.14976500199e-06, 0.000206211829209, -0.00035595355439, 0.000445138604846, 0.000151230473421, -6.25860557193e-05, -5.42633497389e-05, 0.000691876688506, -0.000972546229605, 0.000605776149314], [3.24778557115e-05, 5.02763796248e-05, 0.0013831385877, -0.00123981619254, 0.000462090247311, 0.000772303086706, -0.0017210674705, 0.0013433691347, -0.000324681750499, 0.000327837420627, -0.000698139774613, 0.00170517107472, -0.00127936690114], [-3.59328587365e-05, 5.14976500199e-06, -0.00123981619254, 0.00490097468719, -0.00196647644043, -0.000165056335391, 0.00100973760709, -0.00101507874206, 0.000542714551557, -0.00106170331128, 0.000616838515271, -0.00132202159148, 0.00060351198772], [4.62387615698e-05, 0.000206211829209, 0.000462090247311, -0.00196647644043, 0.00871454551816, -0.00427368609235, 0.000271753175184, 0.000470707047498, -0.00360916787758, 0.0021145241335, 9.61442419793e-05, -0.000232811580645, 0.00108342291787], [-0.000124727273942, -0.00035595355439, 0.000772303086706, -0.000165056335391, -0.00427368609235, 0.0128849735484, -0.00901190657169, 0.00207342999056, 0.000465572957182, -0.00361080677249, -0.000431644497439, 0.00330919679254, -0.00153141131159], [1.98954912776e-05, 0.000445138604846, -0.0017210674705, 0.00100973760709, 0.000271753175184, -0.00901190657169, 0.0167871359736, -0.00728242238984, 0.00395024055615, -0.00185505917761, 0.00165759189986, -0.00390146463178, 0.00172750349157], [0.000300112005789, 0.000151230473421, 0.0013433691347, -0.00101507874206, 0.000470707047498, 0.00207342999056, -0.00728242238984, 0.01675645262, -0.0112854279578, 0.00816881190985, -0.00464067002758, 0.000463676144136, 9.88104511634e-05], [-0.000541352434084, -6.25860557193e-05, -0.000324681750499, 0.000542714551557, -0.00360916787758, 0.000465572957182, 0.00395024055615, -0.0112854279578, 0.0231630057096, -0.0141648948193, 0.00756830628961, -0.00165949272923, -0.000924803025555], [0.000607999972999, -5.42633497389e-05, 0.000327837420627, -0.00106170331128, 0.0021145241335, -0.00361080677249, -0.00185505917761, 0.00816881190985, -0.0141648948193, 0.0234572738409, -0.0128492964432, 0.00672420021147, -0.00130601704586], [-0.000303088541841, 0.000691876688506, -0.000698139774613, 0.000616838515271, 9.61442419793e-05, -0.000431644497439, 0.00165759189986, -0.00464067002758, 0.00756830628961, -0.0128492964432, 0.0230324100703, -0.0116563951597, 0.00372632988729], [0.000163923017681, -0.000972546229605, 0.00170517107472, -0.00132202159148, -0.000232811580645, 0.00330919679254, -0.00390146463178, 0.000463676144136, -0.00165949272923, 0.00672420021147, -0.0116563951597, 0.0248192045838, -0.0110935242847], [-0.000144554433064, 0.000605776149314, -0.00127936690114, 0.00060351198772, 0.00108342291787, -0.00153141131159, 0.00172750349157, 9.88104511634e-05, -0.000924803025555, -0.00130601704586, 0.00372632988729, -0.0110935242847, 0.0181755907834]], "mean": [-700.649536133, 133.367538452, 16.3220844269, 14.6115436554, -3.1993598938, -1.38802325726, -8.2815284729, -7.97303676605, 6.77173709869, -5.75592899323, -3.215893507, 2.49324893951, 2.83523988724]}, "pitch_salience": {"dmean": 0.0702975764871, "dmean2": 0.110200963914, "dvar": 0.00438134931028, "dvar2": 0.00989131815732, "max": 0.947874188423, "mean": 0.556835353374, "median": 0.56140434742, "min": 0.016280265525, "var": 0.0147119639441}, "silence_rate_20dB": {"dmean": 0, "dmean2": 0, "dvar": 0, "dvar2": 0, "max": 1, "mean": 1, "median": 1, "min": 1, "var": 0}, "silence_rate_30dB": {"dmean": 0.00196040002629, "dmean2": 0.00392156885937, "dvar": 0.00195653201081, "dvar2": 0.00547472573817, "max": 1, "mean": 0.998824000359, "median": 1, "min": 0, "var": 0.00117466819938}, "silence_rate_60dB": {"dmean": 0.0341109596193, "dmean2": 0.0682352930307, "dvar": 0.0329479537904, "dvar2": 0.0757386088371, "max": 1, "mean": 0.0940807536244, "median": 0, "min": 0, "var": 0.0852282568812}, "spectral_centroid": {"dmean": 367.763275146, "dmean2": 571.160339355, "dvar": 327755.53125, "dvar2": 711954.5625, "max": 11858.78125, "mean": 1213.39489746, "median": 776.26171875, "min": 180.551574707, "var": 2443616}, "spectral_complexity": {"dmean": 3.50872373581, "dmean2": 5.41215705872, "dvar": 24.093334198, "dvar2": 51.0603942871, "max": 49, "mean": 11.930223465, "median": 10, "min": 0, "var": 58.9877700806}, "spectral_contrast_coeffs": {"dmean": [0.0494393035769, 0.0478646457195, 0.0473848357797, 0.0350018367171, 0.0236606225371, 0.020560067147], "dmean2": [0.079209074378, 0.0744928345084, 0.0746202468872, 0.0563992485404, 0.0374656952918, 0.0336644686759], "dvar": [0.0017592740478, 0.00167355535086, 0.00162272760645, 0.00087566243019, 0.000464871583972, 0.000437936570961], "dvar2": [0.0043853293173, 0.00407596351579, 0.00375592429191, 0.00214498257264, 0.00112620578147, 0.00111998780631], "max": [-0.329146504402, -0.404206782579, -0.407637059689, -0.509626328945, -0.647744894028, -0.588645040989], "mean": [-0.647816181183, -0.67061829567, -0.740816771984, -0.783267080784, -0.819559514523, -0.787089467049], "median": [-0.644445419312, -0.664404392242, -0.745315074921, -0.795869708061, -0.828726947308, -0.789603948593], "min": [-0.984163165092, -0.975960373878, -0.974829554558, -0.971382439137, -0.967608690262, -0.965445518494], "var": [0.0097310161218, 0.00856452900916, 0.00821074936539, 0.00527440942824, 0.00264341966249, 0.00211383099668]}, "spectral_contrast_valleys": {"dmean": [0.458102375269, 0.397805601358, 0.423681616783, 0.435588419437, 0.446069329977, 0.619308292866], "dmean2": [0.689471304417, 0.623815000057, 0.66840416193, 0.661017775536, 0.634785056114, 0.800786495209], "dvar": [0.178088635206, 0.147791728377, 0.186865240335, 0.210293099284, 0.259899497032, 0.585832238197], "dvar2": [0.339237362146, 0.290933102369, 0.388396650553, 0.428830265999, 0.434684306383, 0.89977234602], "max": [-5.36537408829, -5.11352586746, -5.64639234543, -5.90501880646, -5.83176660538, -7.36549282074], "mean": [-8.07503318787, -7.45682668686, -8.24858760834, -8.73546409607, -8.68747711182, -10.8076372147], "median": [-7.61033821106, -6.93427658081, -7.78292655945, -8.3399105072, -8.36090087891, -10.7821979523], "min": [-28.3626308441, -28.1363487244, -27.7551269531, -27.6625175476, -27.534154892, -27.4177455902], "var": [9.033618927, 9.32152271271, 8.66819953918, 8.28176403046, 8.23276901245, 7.26069355011]}, "spectral_decrease": {"dmean": 2.07307881972e-09, "dmean2": 2.78622924732e-09, "dvar": 7.80795715242e-18, "dvar2": 1.35328783078e-17, "max": 1.52068912663e-28, "mean": -5.25240562155e-09, "median": -3.76183351136e-09, "min": -3.96913115708e-08, "var": 2.42319417161e-17}, "spectral_energy": {"dmean": 0.00858714710921, "dmean2": 0.0116219557822, "dvar": 0.000131653316203, "dvar2": 0.000234095583437, "max": 0.166056483984, "mean": 0.021423978731, "median": 0.0152258463204, "min": 1.00631707552e-20, "var": 0.000402963982197}, "spectral_energyband_high": {"dmean": 0.00103105406743, "dmean2": 0.00171660201158, "dvar": 5.67148663322e-06, "dvar2": 1.34125557452e-05, "max": 0.0260645505041, "mean": 0.00085660093464, "median": 7.49621394789e-05, "min": 6.76231581041e-21, "var": 4.97062728755e-06}, "spectral_energyband_low": {"dmean": 0.00309223635122, "dmean2": 0.00414992822334, "dvar": 4.87338365929e-05, "dvar2": 7.80888949521e-05, "max": 0.0968237742782, "mean": 0.00542388809845, "median": 0.00194574473426, "min": 2.19258335025e-23, "var": 0.000100612640381}, "spectral_energyband_middle_high": {"dmean": 0.00257929158397, "dmean2": 0.0039122342132, "dvar": 3.33180832968e-05, "dvar2": 7.16370996088e-05, "max": 0.09710367769, "mean": 0.00426464620978, "median": 0.00112763722427, "min": 1.2941704155e-21, "var": 8.01656715339e-05}, "spectral_energyband_middle_low": {"dmean": 0.00436190050095, "dmean2": 0.00595979299396, "dvar": 3.33246607624e-05, "dvar2": 6.30543145235e-05, "max": 0.0951310098171, "mean": 0.011956628412, "median": 0.00925361737609, "min": 1.95908317288e-22, "var": 0.000117805306218}, "spectral_entropy": {"dmean": 0.343731075525, "dmean2": 0.479573607445, "dvar": 0.140702903271, "dvar2": 0.21740603447, "max": 9.83092880249, "mean": 7.29281949997, "median": 7.20511007309, "min": 5.46438121796, "var": 0.570426225662}, "spectral_flux": {"dmean": 0.025200298056, "dmean2": 0.0380025394261, "dvar": 0.000773507752456, "dvar2": 0.00164429913275, "max": 0.282231032848, "mean": 0.0666414052248, "median": 0.0550017692149, "min": 6.3619505497e-11, "var": 0.00200152257457}, "spectral_kurtosis": {"dmean": 2.98069119453, "dmean2": 4.63806056976, "dvar": 11.0238437653, "dvar2": 23.2802829742, "max": 34.2237052917, "mean": 6.42413187027, "median": 5.4302315712, "min": -1.29707825184, "var": 29.5209178925}, "spectral_rms": {"dmean": 0.000851618067827, "dmean2": 0.00110987003427, "dvar": 8.38405128434e-07, "dvar2": 1.34539618557e-06, "max": 0.0127281704918, "mean": 0.00408463925123, "median": 0.00385415134951, "min": 3.13332519652e-12, "var": 4.21717277277e-06}, "spectral_rolloff": {"dmean": 900.305114746, "dmean2": 1579.17150879, "dvar": 3269269.75, "dvar2": 7711882, "max": 19336.8164063, "mean": 1736.10119629, "median": 710.595703125, "min": 21.533203125, "var": 9292496}, "spectral_skewness": {"dmean": 0.432814091444, "dmean2": 0.653855383396, "dvar": 0.205676585436, "dvar2": 0.373181283474, "max": 4.77740287781, "mean": 1.91305565834, "median": 1.89217376709, "min": -0.124079912901, "var": 0.65878123045}, "spectral_spread": {"dmean": 1063830.625, "dmean2": 1608567.75, "dvar": 1906211422210.0, "dvar2": 3162783088640.0, "max": 43640032, "mean": 5640467, "median": 4445436, "min": 1793626, "var": 28317333848100.0}, "spectral_strongpeak": {"dmean": 0