{"lowlevel": {"average_loudness": 0.710475862026, "barkbands": {"dmean": [2.41853376792e-05, 0.001460645115, 0.00248581729829, 0.00167284300551, 0.00241650477983, 0.00257516861893, 0.0012625324307, 0.000700905977283, 0.000858131912537, 0.000379536591936, 0.000130396307213, 0.000139692696393, 0.000103648984805, 0.000136238188134, 0.000170236366102, 9.94914880721e-05, 0.000118149117043, 5.90307827224e-05, 4.76842069475e-05, 5.23604066984e-05, 3.52858842234e-05, 5.27850861545e-05, 6.51710288366e-05, 6.61746526021e-05, 3.9440652472e-05, 4.06688341172e-05, 2.13930616155e-05], "dmean2": [3.81745994673e-05, 0.00244277622551, 0.00432907044888, 0.00296181882732, 0.00398967275396, 0.00399670796469, 0.00188680365682, 0.00105767708737, 0.00122010603081, 0.000588330847677, 0.00020134782244, 0.000212163082324, 0.000159440940479, 0.000209124627872, 0.000260147964582, 0.000153697794303, 0.000176431, 9.04223052203e-05, 7.38312810427e-05, 7.93965737103e-05, 5.34053178853e-05, 7.98690816737e-05, 0.000100736506283, 9.79166798061e-05, 5.99604245508e-05, 6.19520869805e-05, 3.27731831931e-05], "dvar": [3.48222672919e-09, 9.00603481568e-06, 4.33833774878e-05, 1.78768423211e-05, 2.03309991775e-05, 2.94617220788e-05, 1.07172782009e-05, 3.45392209056e-06, 5.09066512677e-06, 1.05472997802e-06, 1.07672661898e-07, 2.09511782145e-07, 1.46465396256e-07, 1.55725004447e-07, 5.07891797952e-07, 7.83019231676e-08, 9.93599869048e-08, 2.14631512563e-08, 1.37144997581e-08, 1.5352251026e-08, 6.2324398975e-09, 1.35258364509e-08, 2.50502250054e-08, 2.13545305883e-08, 7.87468934504e-09, 9.47834166709e-09, 2.96742652672e-09], "dvar2": [8.28882207315e-09, 2.32606325881e-05, 0.000117182658869, 5.05339085066e-05, 5.05107564095e-05, 6.98745134287e-05, 2.0533812858e-05, 5.98524502493e-06, 9.14337942959e-06, 2.07374705496e-06, 2.13740051436e-07, 3.52434369688e-07, 2.12534061461e-07, 3.02992333445e-07, 8.06189746072e-07, 1.65140491504e-07, 1.95724439322e-07, 4.88660418796e-08, 3.19232675849e-08, 3.45739650243e-08, 1.35101210219e-08, 3.03605816043e-08, 5.94119953234e-08, 4.56889672762e-08, 1.69383422843e-08, 2.00535144046e-08, 6.27411811394e-09], "max": [0.00102995615453, 0.0434685945511, 0.074573636055, 0.0643034279346, 0.0929054841399, 0.0905525684357, 0.0788542553782, 0.0501913279295, 0.0643752068281, 0.0434658937156, 0.01335712336, 0.0288276392967, 0.0319049581885, 0.0162566248327, 0.0737267881632, 0.010938805528, 0.0111216967925, 0.00425542099401, 0.00290212663822, 0.0027401347179, 0.00112844083924, 0.00147463032044, 0.00225439528003, 0.00229533948004, 0.0013233643258, 0.00110356975347, 0.000643904844765], "mean": [2.79640735243e-05, 0.00191795174032, 0.00259653409012, 0.00173862208612, 0.00386868440546, 0.00412917230278, 0.0027885271702, 0.00153044925537, 0.00167138129473, 0.000584472552873, 0.00017597709666, 0.000224987947149, 0.00015161986812, 0.000208228637348, 0.000263446941972, 0.00014244914928, 0.000166210709722, 7.24385972717e-05, 5.79804291192e-05, 7.11356042302e-05, 4.23216915806e-05, 6.00550047238e-05, 6.51465015835e-05, 7.16757349437e-05, 4.16715774918e-05, 4.00007447752e-05, 1.99480909941e-05], "median": [3.66983726963e-06, 0.000944973726291, 0.000926517881453, 0.000625145039521, 0.00160622154362, 0.00118274905253, 0.000346357992385, 0.000293467717711, 0.000260209257249, 0.000117799965665, 4.73217733088e-05, 5.72074495722e-05, 4.71177845611e-05, 4.87914512632e-05, 6.12277071923e-05, 2.71045792033e-05, 3.05966641463e-05, 1.35477494041e-05, 1.30978751258e-05, 8.94879121915e-06, 8.07005380921e-06, 1.00650886452e-05, 6.49264347885e-06, 8.91992203833e-06, 4.84787688038e-06, 2.1959751848e-06, 5.7195586578e-07], "min": [5.26554300436e-25, 2.18471655321e-24, 1.31424897342e-24, 9.66786707457e-25, 1.15846345968e-23, 2.96225119076e-24, 5.47799527626e-24, 1.0572749303e-23, 7.90893957546e-24, 1.69338017874e-23, 1.66906859005e-23, 2.49907222024e-23, 2.95298467837e-23, 4.29426688949e-23, 5.69415136845e-23, 2.44225372468e-23, 8.36307985662e-23, 8.608194086e-23, 1.3900177223e-22, 1.78454940154e-22, 2.27843199023e-22, 2.80296769422e-22, 3.62186539349e-22, 5.01450478456e-22, 8.88038063325e-22, 1.29196816828e-21, 1.90316911582e-21], "var": [4.10683531626e-09, 9.00543454918e-06, 3.29787726514e-05, 1.28714673338e-05, 3.65034466085e-05, 5.32688136445e-05, 4.64561380795e-05, 1.58114398801e-05, 1.711691948e-05, 2.9758243727e-06, 2.11849410903e-07, 6.0966425508e-07, 3.95099391426e-07, 4.20339830498e-07, 1.15918351185e-06, 1.71069018506e-07, 2.12368874486e-07, 3.0865695777e-08, 1.75793548607e-08, 2.83020078484e-08, 8.34059044053e-09, 1.69727449872e-08, 2.59894221699e-08, 2.67025512812e-08, 9.4447161203e-09, 1.08726743164e-08, 3.29924709774e-09]}, "barkbands_crest": {"dmean": 2.53148984909, "dmean2": 4.03147029877, "dvar": 5.70665168762, "dvar2": 13.356842041, "max": 26.3500328064, "mean": 10.9483184814, "median": 10.1136417389, "min": 2.6755259037, "var": 16.2450237274}, "barkbands_flatness_db": {"dmean": 0.0298216715455, "dmean2": 0.0395115017891, "dvar": 0.000795195461251, "dvar2": 0.00152254360728, "max": 0.462631106377, "mean": 0.168053746223, "median": 0.165239959955, "min": 0.0221670679748, "var": 0.00332478806376}, "barkbands_kurtosis": {"dmean": 4.7141327858, "dmean2": 7.35747289658, "dvar": 58.1242446899, "dvar2": 132.279098511, "max": 304.670959473, "mean": 8.43246269226, "median": 5.77824926376, "min": -1.86326754093, "var": 106.359840393}, "barkbands_skewness": {"dmean": 0.649237930775, "dmean2": 0.984508275986, "dvar": 0.473452568054, "dvar2": 1.10760056973, "max": 16.2829418182, "mean": 2.03241729736, "median": 1.9522536993, "min": -2.50223875046, "var": 1.42192614079}, "barkbands_spread": {"dmean": 5.06649780273, "dmean2": 7.48610687256, "dvar": 58.9801521301, "dvar2": 127.426803589, "max": 114.816184998, "mean": 13.3560504913, "median": 10.1292572021, "min": 0.503998637199, "var": 131.102981567}, "dissonance": {"dmean": 0.0302043557167, "dmean2": 0.0479851998389, "dvar": 0.000702109653503, "dvar2": 0.00172414712142, "max": 0.500000119209, "mean": 0.432980984449, "median": 0.440199196339, "min": 0.221648052335, "var": 0.001806485001}, "dynamic_complexity": 5.16054868698, "erbbands": {"dmean": [0.0220256093889, 0.421989321709, 2.44813656807, 4.42525148392, 6.95535612106, 8.20460510254, 16.7268638611, 21.8748168945, 16.9497013092, 19.3933887482, 17.3224849701, 19.8360748291, 11.0298223495, 11.6582832336, 5.15476369858, 5.47783327103, 4.42724084854, 6.44987010956, 10.7071352005, 4.29025316238, 7.0696644783, 5.32324838638, 3.15989398956, 2.88513278961, 2.3829972744, 2.69691228867, 1.60352480412, 1.29684329033, 1.53054368496, 2.81264686584, 1.57589685917, 1.64793562889, 0.88923728466, 0.434646725655, 0.282909691334, 0.183788254857, 0.0716124996543, 0.0215918477625, 0.00298376940191, 0.000260429573245], "dmean2": [0.0362360812724, 0.709990262985, 4.21547031403, 7.8337020874, 11.9801616669, 13.6522388458, 25.1623287201, 34.7567825317, 26.2187919617, 29.0837860107, 25.4202880859, 27.9641475677, 16.2977828979, 18.1248474121, 7.69669103622, 8.42024421692, 6.74243879318, 9.87988567352, 16.2222614288, 6.57285308838, 10.5414886475, 7.94876146317, 4.82699394226, 4.43306064606, 3.64276123047, 4.10482120514, 2.4439637661, 1.96015202999, 2.29406690598, 4.44588470459, 2.3885743618, 2.45541930199, 1.3257329464, 0.659455955029, 0.432830542326, 0.279906153679, 0.110007844865, 0.0331437513232, 0.0045742127113, 0.000398772681365], "dvar": [0.00202952092513, 0.814581930637, 39.7430343628, 135.653778076, 223.039550781, 268.666442871, 1306.11096191, 2581.49047852, 1785.10314941, 4776.94726562, 2140.20019531, 3290.25878906, 1110.10351562, 853.54119873, 163.541244507, 248.001876831, 427.7421875, 307.621276855, 1546.13122559, 130.15397644, 349.345581055, 159.920639038, 59.3334388733, 65.0646514893, 25.6514968872, 48.2155838013, 12.3876504898, 8.59658813477, 10.9463634491, 53.9377975464, 12.3433933258, 14.7189874649, 3.63922309875, 0.944809675217, 0.427002578974, 0.189474597573, 0.0315124094486, 0.00301418197341, 5.8054443798e-05, 4.24910979291e-07], "dvar2": [0.00506957573816, 2.11061763763, 104.687187195, 381.139343262, 604.857116699, 670.229248047, 2534.72924805, 6375.29345703, 3842.94018555, 7809.28613281, 3572.5769043, 5790.26025391, 1849.74804688, 1940.23522949, 302.105407715, 460.349121094, 580.120788574, 591.788330078, 2633.03686523, 251.520996094, 711.789550781, 332.961425781, 135.725006104, 152.093658447, 58.5341300964, 109.547065735, 27.3601722717, 18.5570831299, 23.8193473816, 133.232116699, 27.8160095215, 32.8165130615, 7.62032365799, 2.03004813194, 0.938072443008, 0.412323981524, 0.0673809424043, 0.00647750031203, 0.000123489793623, 9.02626084098e-07], "max": [0.770483851433, 12.2231044769, 74.4630889893, 147.444458008, 267.653076172, 370.644378662, 875.798461914, 973.179138184, 898.484863281, 2013.43383789, 1366.9173584, 1688.46228027, 1694.75927734, 806.916748047, 443.754241943, 921.408996582, 1791.50769043, 854.608398438, 3661.19384766, 918.597595215, 748.118225098, 312.396942139, 278.30090332, 300.467468262, 87.7139205933, 170.044418335, 50.3261260986, 45.9192657471, 61.7935256958, 94.2791824341, 54.1243743896, 63.2396697998, 22.6497936249, 15.0228509903, 7.98805332184, 5.16986370087, 2.33606481552, 0.624365210533, 0.0957222953439, 0.00768939033151], "mean": [0.0335606597364, 0.532486319542, 2.70776867867, 4.71261119843, 8.19977855682, 12.1178331375, 31.482006073, 31.3767261505, 35.2656669617, 38.2396354675, 40.1127243042, 40.2963752747, 20.8040275574, 18.1813106537, 8.27039813995, 9.07773685455, 6.72933244705, 10.7770643234, 17.390253067, 6.39725446701, 10.8246192932, 7.45570993423, 4.04362916946, 3.56223583221, 3.01520180702, 3.77995610237, 2.00160360336, 1.58306014538, 1.84105157852, 2.6225399971, 1.69435465336, 1.73539936543, 0.975645244122, 0.465265512466, 0.290141731501, 0.180782109499, 0.0697796717286, 0.0205582454801, 0.00280752242543, 0.000253378937487], "median": [0.013190465048, 0.268182456493, 1.11885070801, 1.96141779423, 3.54862737656, 4.70527267456, 7.18325042725, 9.68911743164, 6.33159542084, 7.08753347397, 9.05194473267, 7.56294345856, 5.03464698792, 4.85090923309, 2.95155763626, 2.66561937332, 2.39190626144, 3.10568618774, 4.17335605621, 2.11271476746, 2.23028326035, 1.69613802433, 1.02796649933, 0.60118752718, 0.75968682766, 0.48651021719, 0.399941861629, 0.301623106003, 0.269844383001, 0.253817796707, 0.21651789546, 0.208258539438, 0.115657612681, 0.0532827265561, 0.0310974530876, 0.0132889654487, 0.00295111164451, 0.000711020547897, 9.40361205721e-05, 3.23403510265e-05], "min": [6.41575841051e-23, 6.43946677304e-22, 1.36984320418e-21, 4.16349769491e-21, 1.71006376143e-20, 3.98913601894e-20, 3.52287143287e-20, 2.49400431525e-20, 9.3855634613e-20, 2.07245048919e-19, 2.98248577704e-19, 2.09559461498e-19, 4.26895325484e-19, 5.73326120391e-19, 8.95622984002e-19, 1.19551369617e-18, 1.64085481327e-18, 1.59170922134e-18, 2.79127941123e-18, 3.14848888016e-18, 2.31675070923e-18, 5.46760181043e-18, 5.21645985029e-18, 6.48056429343e-18, 7.89853839257e-18, 8.83432864674e-18, 9.12262755999e-18, 1.09668656132e-17, 7.66480279407e-18, 1.02046484572e-17, 1.13695578149e-17, 1.1569766956e-17, 9.58629951645e-18, 8.37646846126e-18, 6.25940556254e-18, 4.31912439563e-18, 2.42885725688e-18, 8.055001053e-19, 2.23099606795e-19, 2.686147224e-20], "var": [0.00271348468959, 0.761440217495, 32.0947380066, 95.3910675049, 206.478927612, 427.79675293, 4917.78027344, 3758.24316406, 6116.04882812, 14593.3066406, 10083.5908203, 10809.0957031, 4064.4699707, 1734.328125, 367.383026123, 703.14276123, 1121.2109375, 878.914306641, 3672.12207031, 245.191818237, 800.774841309, 294.312652588, 86.9825592041, 82.989730835, 35.0140953064, 91.3204574585, 17.2064361572, 11.8025150299, 15.8535852432, 49.4449081421, 14.8245534897, 17.1251316071, 4.73808240891, 1.16979050636, 0.485685914755, 0.210062041879, 0.0356079228222, 0.00335638155229, 6.45515829092e-05, 4.64756084284e-07]}, "erbbands_crest": {"dmean": 3.19983625412, "dmean2": 4.74857711792, "dvar": 10.0870046616, "dvar2": 20.303571701, "max": 32.8132781982, "mean": 12.2236099243, "median": 10.7770032883, "min": 2.26418089867, "var": 38.7766647339}, "erbbands_flatness_db": {"dmean": 0.0295654144138, "dmean2": 0.036542929709, "dvar": 0.000856700877193, "dvar2": 0.00139864638913, "max": 0.412393063307, "mean": 0.168892562389, "median": 0.165248692036, "min": 0.0235762316734, "var": 0.00389523454942}, "erbbands_kurtosis": {"dmean": 1.83417975903, "dmean2": 2.72851085663, "dvar": 7.69197559357, "dvar2": 15.8647613525, "max": 65.1716384888, "mean": 2.22794985771, "median": 0.993742465973, "min": -1.87927269936, "var": 17.8769340515}, "erbbands_skewness": {"dmean": 0.444864243269, "dmean2": 0.657800257206, "dvar": 0.200917080045, "dvar2": 0.4292922616, "max": 7.22021865845, "mean": 1.09541773796, "median": 0.994100451469, "min": -3.05002331734, "var": 0.750177681446}, "erbbands_spread": {"dmean": 10.8487558365, "dmean2": 15.0242471695, "dvar": 177.864639282, "dvar2": 348.040100098, "max": 155.574920654, "mean": 33.1288375854, "median": 26.842710495, "min": 2.02186870575, "var": 510.860931396}, "gfcc": {"cov": [[21445.5253906, 206.129333496, -1239.59020996, 394.601593018, -978.684936523, 15.2487211227, -637.72052002, 51.8916435242, -202.50112915, 15.1557178497, -165.30657959, 13.054520607, -204.126266479], [206.129333496, 1993.60009766, -537.51776123, -286.068969727, 246.339080811, -94.1800765991, -24.7069530487, -30.6272964478, 14.6013870239, -98.352645874, 61.097076416, -85.2509231567, 68.6114883423], [-1239.59020996, -537.51776123, 898.528869629, 176.609725952, 9.39357185364, 155.242889404, 51.679561615, -78.7793960571, -8.28731918335, 15.1267557144, -14.5614833832, 72.5876922607, -23.0468921661], [394.601593018, -286.068969727, 176.609725952, 319.73248291, -39.9176063538, 75.6569366455, 8.05014133453, 1.51306378841, -11.3174934387, 13.4158096313, -4.51632118225, 17.3329429626, -20.2836780548], [-978.684936523, 246.339080811, 9.39357185364, -39.9176063538, 266.700378418, -11.4029455185, 61.9064674377, 22.2648773193, 27.5765590668, -6.18804502487, 28.3437480927, -25.2871837616, 12.3167629242], [15.2487211227, -94.1800765991, 155.242889404, 75.6569366455, -11.4029455185, 171.92124939, 28.2551498413, -0.53997528553, 0.967879951, -7.76440763474, -30.5140895844, 16.1710853577, -18.2393035889], [-637.72052002, -24.7069530487, 51.679561615, 8.05014133453, 61.9064674377, 28.2551498413, 135.306365967, 47.0626564026, 5.83757019043, 3.96043038368, -1.53853225708, -20.0468502045, 13.0494852066], [51.8916435242, -30.6272964478, -78.7793960571, 1.51306378841, 22.2648773193, -0.53997528553, 47.0626564026, 110.423202515, 51.3501663208, 16.2397212982, -13.0207557678, -29.1447410583, -15.4421262741], [-202.50112915, 14.6013870239, -8.28731918335, -11.3174934387, 27.5765590668, 0.967879951, 5.83757019043, 51.3501663208, 100.957122803, 41.8142242432, 5.70131158829, -21.0302963257, -23.7880458832], [15.1557178497, -98.352645874, 15.1267557144, 13.4158096313, -6.18804502487, -7.76440763474, 3.96043038368, 16.2397212982, 41.8142242432, 93.1341705322, 35.8964920044, -8.74764442444, -19.1607913971], [-165.30657959, 61.097076416, -14.5614833832, -4.51632118225, 28.3437480927, -30.5140895844, -1.53853225708, -13.0207557678, 5.70131158829, 35.8964920044, 84.6651077271, 34.3907203674, 10.7614297867], [13.054520607, -85.2509231567, 72.5876922607, 17.3329429626, -25.2871837616, 16.1710853577, -20.0468502045, -29.1447410583, -21.0302963257, -8.74764442444, 34.3907203674, 95.7734909058, 38.0150032043], [-204.126266479, 68.6114883423, -23.0468921661, -20.2836780548, 12.3167629242, -18.2393035889, 13.0494852066, -15.4421262741, -23.7880458832, -19.1607913971, 10.7614297867, 38.0150032043, 85.5170974731]], "icov": [[8.05957970442e-05, -6.47915876471e-05, 9.50960529735e-05, -0.000135045644129, 0.000190603284864, -3.82129001082e-05, 0.000299806735711, -0.000261666195001, 0.000324597873259, -0.000249558681389, 0.000237643747823, -0.000192364153918, 0.000199342117412], [-6.47915876471e-05, 0.00103381869849, 0.000345080828993, 0.000549411808606, -0.000676388677675, -0.000625588581897, 0.000205055475817, 0.000905779073946, -0.00099747243803, 0.00187580403872, -0.00201103743166, 0.00193642801605, -0.00112943700515], [9.50960529735e-05, 0.000345080828993, 0.00223109824583, -0.000688942091074, -0.000452943379059, -0.000815350387711, -0.00113883358426, 0.00250053731725, -0.000809970020782, -0.000504807219841, 0.00141072331462, -0.00196254858747, 0.00126112380531], [-0.000135045644129, 0.000549411808606, -0.000688942091074, 0.00437704799697, -5.45956099813e-05, -0.00155017722864, 0.000246761162998, -0.00068481604103, 0.000467282574391, 0.000652585236821, -0.00200252886862, 0.00140409497544, -0.000490677484777], [0.000190603284864, -0.000676388677675, -0.000452943379059, -5.45956099813e-05, 0.00602706428617, 2.30014484259e-05, -0.0011782895308, -0.00105903588701, -0.000755820248742, 0.00143060367554, -0.00265804328956, 0.00181047373917, -0.000371996458853], [-3.82129001082e-05, -0.000625588581897, -0.000815350387711, -0.00155017722864, 2.30014484259e-05, 0.009337852709, -0.00322645367123, 0.000996745424345, -0.000720339943655, -0.00128317985218, 0.00595267815515, -0.00546848028898, 0.00367784383707], [0.000299806735711, 0.000205055475817, -0.00113883358426, 0.000246761162998, -0.0011782895308, -0.00322645367123, 0.014579939656, -0.00863516051322, 0.00484754610807, -0.000450904160971, -0.00345652992837, 0.00583101576194, -0.00490952702239], [-0.000261666195001, 0.000905779073946, 0.00250053731725, -0.00068481604103, -0.00105903588701, 0.000996745424345, -0.00863516051322, 0.0201671607792, -0.0105172246695, 0.00130705186166, 0.00327706802636, -0.00119702727534, 0.0019716557581], [0.000324597873259, -0.00099747243803, -0.000809970020782, 0.000467282574391, -0.000755820248742, -0.000720339943655, 0.00484754610807, -0.0105172246695, 0.0199232436717, -0.00887928716838, 0.00216021831147, -0.000847520306706, 0.00244143791497], [-0.000249558681389, 0.00187580403872, -0.000504807219841, 0.000652585236821, 0.00143060367554, -0.00128317985218, -0.000450904160971, 0.00130705186166, -0.00887928716838, 0.0228935610503, -0.0152569878846, 0.00918441917747, -0.00176009791903], [0.000237643747823, -0.00201103743166, 0.00141072331462, -0.00200252886862, -0.00265804328956, 0.00595267815515, -0.00345652992837, 0.00327706802636, 0.00216021831147, -0.0152569878846, 0.0302779432386, -0.0182760488242, 0.00635413592681], [-0.000192364153918, 0.00193642801605, -0.00196254858747, 0.00140409497544, 0.00181047373917, -0.00546848028898, 0.00583101576194, -0.00119702727534, -0.000847520306706, 0.00918441917747, -0.0182760488242, 0.0281020253897, -0.0131119675934], [0.000199342117412, -0.00112943700515, 0.00126112380531, -0.000490677484777, -0.000371996458853, 0.00367784383707, -0.00490952702239, 0.0019716557581, 0.00244143791497, -0.00176009791903, 0.00635413592681, -0.0131119675934, 0.0205560773611]], "mean": [-66.4950790405, 104.944252014, -84.6728363037, 10.3215637207, -55.5674438477, 3.68225622177, -41.200630188, 2.64093828201, -16.8539180756, -0.574105918407, -17.2573890686, -3.9344060421, -10.5774097443]}, "hfc": {"dmean": 6.36619520187, "dmean2": 9.15737819672, "dvar": 121.483055115, "dvar2": 258.577850342, "max": 148.931976318, "mean": 12.6128540039, "median": 7.22819805145, "min": 1.07395664724e-16, "var": 222.540481567}, "melbands": {"dmean": [0.00029143030406, 0.001024425379, 0.000835923070554, 0.000525033799931, 0.000533548300155, 0.000480246089865, 0.000254022539593, 0.000192294566659, 0.000143947079778, 0.000120070915727, 5.52400924789e-05, 5.01097420056e-05, 1.84946838999e-05, 1.73716271092e-05, 1.04554155769e-05, 1.03935944935e-05, 1.26413915496e-05, 1.76764515345e-05, 8.31126908452e-06, 5.72290264245e-06, 9.30383430386e-06, 6.63010177959e-06, 3.4987476738e-06, 2.77015737993e-06, 2.38214283854e-06, 1.805951797e-06, 1.78131881512e-06, 1.86091835985e-06, 1.02089268239e-06, 8.81538312569e-07, 7.35733976853e-07, 8.14656118564e-07, 1.18980301522e-06, 1.69946281403e-06, 8.50181663736e-07, 1.01131672636e-06, 9.82961068985e-07, 6.72727480833e-07, 4.93195614126e-07, 3.18082243211e-07], "dmean2": [0.000482739560539, 0.00175009190571, 0.00146877439693, 0.000890525290743, 0.000808645738289, 0.000756940688007, 0.000391024950659, 0.000289986579446, 0.000208645040402, 0.000169970895513, 8.19312845124e-05, 7.81579874456e-05, 2.79504874925e-05, 2.60712895397e-05, 1.64420798683e-05, 1.59193150466e-05, 1.94429430849e-05, 2.68289641099e-05, 1.2682776287e-05, 8.8582846729e-06, 1.38471623359e-05, 9.9250155472e-06, 5.40970404472e-06, 4.26318592872e-06, 3.70988686882e-06, 2.78475772575e-06, 2.77708090834e-06, 2.85835608338e-06, 1.57103613674e-06, 1.34628703563e-06, 1.13104397315e-06, 1.24636324017e-06, 1.82007170224e-06, 2.74016292678e-06, 1.31448450702e-06, 1.52585300839e-06, 1.47029345499e-06, 1.00716999896e-06, 7.5087842788e-07, 4.85837574615e-07], "dvar": [3.27253417254e-07, 6.44652254778e-06, 4.28194744018e-06, 1.09602456178e-06, 1.1817065797e-06, 1.16329022148e-06, 3.81268137062e-07, 4.06070057579e-07, 1.3199399973e-07, 1.17867244853e-07, 2.8557781917e-08, 1.65817404252e-08, 2.11280570817e-09, 4.47154890892e-09, 9.7701602364e-10, 1.25002175277e-09, 1.47681933349e-09, 3.37377548121e-09, 1.53616008802e-09, 2.42295988828e-10, 6.72749300712e-10, 3.02008862363e-10, 7.22238310824e-11, 4.49267671676e-11, 5.03113627148e-11, 1.68327799616e-11, 1.65814913883e-11, 2.76242622527e-11, 5.15990158587e-12, 4.21372485515e-12, 2.78888847779e-12, 3.25909763586e-12, 7.23109332829e-12, 2.24760626777e-11, 3.75188335261e-12, 5.61551803321e-12, 5.25403071744e-12, 2.11676878283e-12, 1.25253897965e-12, 5.13065067861e-13], "dvar2": [8.35319156067e-07, 1.68006899912e-05, 1.19602837003e-05, 2.8461945476e-06, 2.37469134845e-06, 2.84396924144e-06, 8.15561008949e-07, 6.74156467539e-07, 2.25551460176e-07, 2.09012625874e-07, 4.76181938325e-08, 3.72906114876e-08, 3.96337629383e-09, 6.98154067891e-09, 1.71508107716e-09, 1.96529947871e-09, 2.78923750763e-09, 6.07951466947e-09, 2.22806484373e-09, 5.18961207341e-10, 1.33406308223e-09, 6.11665051942e-10, 1.64935870517e-10, 1.03174128963e-10, 1.19041540514e-10, 3.84549093957e-11, 3.76680145409e-11, 6.48328959962e-11, 1.1660560538e-11, 9.28756724305e-12, 6.20332691464e-12, 7.34457980545e-12, 1.65286777321e-11, 5.69133698503e-11, 8.75515632215e-12, 1.26712147719e-11, 1.16772164854e-11, 4.53366857944e-12, 2.72600583599e-12, 1.11756198913e-12], "max": [0.00957287102938, 0.0306523181498, 0.0262590926141, 0.0221152082086, 0.0255789719522, 0.0196411982179, 0.0138120017946, 0.0182568114251, 0.0099609605968, 0.00905175786465, 0.00839269533753, 0.00353232398629, 0.00206852774136, 0.00444326596335, 0.0020191934891, 0.00291911535896, 0.00196566828527, 0.00474523706362, 0.00459438376129, 0.0005602913443, 0.000920932332519, 0.000486874894705, 0.000256363273365, 0.000190665537957, 0.000277214654488, 7.56834633648e-05, 0.000112883360998, 0.000161843112437, 4.69011247333e-05, 3.25124819938e-05, 2.77679155261e-05, 4.17095361627e-05, 2.93934717774e-05, 6.21137369308e-05, 2.89297840936e-05, 3.96740360884e-05, 3.74575392925e-05, 2.04861971724e-05, 1.7851623852e-05, 1.06413635876e-05], "mean": [0.000415334739955, 0.0011910777539, 0.000927661196329, 0.000695863796864, 0.000985964899883, 0.000705170969013, 0.000556493469048, 0.000381555117201, 0.000325662113028, 0.000239990054979, 9.92393688648e-05, 7.60210750741e-05, 2.73500008916e-05, 2.78646057268e-05, 1.53529799718e-05, 1.56390033226e-05, 2.01515522349e-05, 2.8423322874e-05, 1.22733208627e-05, 8.08572349342e-06, 1.3948853848e-05, 9.03253931028e-06, 4.24450900027e-06, 3.43060924024e-06, 2.78377819996e-06, 2.1772261789e-06, 2.24791983783e-06, 2.52905078924e-06, 1.23938650631e-06, 9.92880018202e-07, 8.86582142812e-07, 9.95025857264e-07, 1.24246730593e-06, 1.50664277498e-06, 9.09955929274e-07, 1.06049344595e-06, 1.0271210158e-06, 7.30270528493e-07, 5.19106777119e-07, 3.36750730412e-07], "median": [0.000196300345124, 0.000589686678723, 0.000438575574663, 0.000304255838273, 0.000248090946116, 0.000212874583667, 9.20046586543e-05, 7.91420097812e-05, 6.52732123854e-05, 3.79726552637e-05, 1.97905592358e-05, 1.68354526977e-05, 8.38247160573e-06, 6.47870638204e-06, 4.88955902256e-06, 4.96497705171e-06, 4.87749821332e-06, 6.39148811388e-06, 3.3203109524e-06, 1.94595418179e-06, 2.52304971582e-06, 1.47852688315e-06, 1.09965924366e-06, 5.82902885071e-07, 3.40126945275e-07, 5.1880783758e-07, 4.14417485217e-07, 2.57689464433e-07, 2.3611197264e-07, 1.10884485593e-07, 1.82739015031e-07, 1.49748956346e-07, 1.50433322688e-07, 1.12833788535e-07, 1.23760315773e-07, 1.12145826847e-07, 1.21316816148e-07, 8.54783763771e-08, 5.24382350875e-08, 3.82010441058e-08], "min": [8.2694627156e-25, 1.21477913529e-24, 7.48137242888e-25, 1.93549961603e-24, 1.05190479913e-24, 4.85290810724e-25, 1.36089431874e-24, 2.55208848512e-24, 2.47666312739e-24, 1.28446848817e-24, 2.09741509176e-24, 2.03031596367e-24, 3.18632022836e-24, 2.2338988752e-24, 2.64354586303e-24, 3.01521412865e-24, 2.23531073901e-24, 3.07958577016e-24, 3.72570959155e-24, 2.78190082454e-24, 2.36488508699e-24, 4.88252480525e-24, 4.87998112326e-24, 3.74985425727e-24, 4.2044949129e-24, 5.7167022196e-24, 3.64216882725e-24, 5.28470029422e-24, 5.04735965798e-24, 4.61253716043e-24, 5.07345636001e-24, 3.647926723e-24, 5.45042577092e-24, 5.2495281419e-24, 5.51480392053e-24, 6.28780714383e-24, 5.50720245685e-24, 5.90537644888e-24, 5.40080089795e-24, 6.67275114963e-24], "var": [3.75419318743e-07, 5.3713933994e-06, 3.09408665089e-06, 1.3742100009e-06, 4.16645798396e-06, 1.74142394371e-06, 1.49369998326e-06, 1.24252755995e-06, 6.10683400737e-07, 3.99953250962e-07, 1.01678217845e-07, 3.42139401255e-08, 4.59711468892e-09, 1.30409860688e-08, 1.98508987026e-09, 3.51314843883e-09, 4.26049195923e-09, 8.14896683465e-09, 3.35629479764e-09, 4.80231354683e-10, 1.54010382225e-09, 5.90267168477e-10, 1.02643123168e-10, 6.71051825218e-11, 6.17229531374e-11, 2.25034140627e-11, 2.51302052084e-11, 4.904480988e-11, 6.87488304132e-12, 5.40718728473e-12, 3.65076805592e-12, 4.76858960305e-12, 8.23881934897e-12, 1.91414280259e-11, 4.34209005556e-12, 6.49035426098e-12, 6.08597330518e-12, 2.68883960236e-12, 1.50526097663e-12, 6.25950138076e-13]}, "melbands_crest": {"dmean": 3.313560009, "dmean2": 5.33615732193, "dvar": 9.41120147705, "dvar2": 22.5817775726, "max": 38.7304840088, "mean": 14.5214862823, "median": 13.5674781799, "min": 1.46158313751, "var": 28.3162460327}, "melbands_flatness_db": {"dmean": 0.0342587307096, "dmean2": 0.0465147718787, "dvar": 0.00111140380614, "dvar2": 0.0022564092651, "max": 0.620976626873, "mean": 0.254889577627, "median": 0.252627670765, "min": 0.00264678918757, "var": 0.00495473854244}, "melbands_kurtosis": {"dmean": 9.78196048737, "dmean2": 15.3219156265, "dvar": 332.296417236, "dvar2": 820.468261719, "max": 742.386962891, "mean": 17.1066570282, "median": 10.6351823807, "min": -1.73433208466, "var": 528.606323242}, "melbands_skewness": {"dmean": 0.8768196702, "dmean2": 1.29785192013, "dvar": 1.01950001717, "dvar2": 2.314016819, "max": 24.0069942474, "mean": 2.62350940704, "median": 2.33635759354, "min": -1.38452041149, "var": 2.87549996376}, "melbands_spread": {"dmean": 3.89631032944, "dmean2": 6.05162334442, "dvar": 41.1997756958, "dvar2": 99.3653259277, "max": 228.663314819, "mean": 12.7847690582, "median": 10.4276790619, "min": 0.44989028573, "var": 183.409378052}, "mfcc": {"cov": [[13040.5419922, -77.530670166, -164.617996216, 124.702720642, -182.480667114, -163.144317627, -310.208190918, -34.8940620422, -204.569351196, 3.28640294075, -96.0923233032, 0.819903314114, 10.8853092194], [-77.530670166, 2042.13476562, -465.417999268, -99.1100845337, 114.245223999, -55.734375, -1.22879040241, -10.2834243774, -23.1020565033, -10.7812614441, -26.2990665436, 24.0798492432, -8.93522834778], [-164.617996216, -465.417999268, 711.142944336, 56.4407577515, 23.1555461884, 171.799118042, 13.6616735458, 41.0338783264, 3.9711420536, -44.7475318909, -2.33310413361, -17.5390911102, -12.9152622223], [124.702720642, -99.1100845337, 56.4407577515, 186.492111206, 40.8965568542, 4.10643386841, 34.2755050659, 1.1138985157, 1.82949721813, 11.9463653564, 1.79933726788, 7.60457992554, 15.6294288635], [-182.480667114, 114.245223999, 23.1555461884, 40.8965568542, 140.189376831, 45.3762779236, 5.32823228836, 17.1717262268, -0.0604878552258, 7.81427621841, 11.4970827103, 17.2731246948, 9.47747325897], [-163.144317627, -55.734375, 171.799118042, 4.10643386841, 45.3762779236, 138.689163208, 36.1803092957, 29.6495857239, 3.87706065178, -17.6091117859, 4.83447313309, 0.56263256073, -9.16586875916], [-310.208190918, -1.22879040241, 13.6616735458, 34.2755050659, 5.32823228836, 36.1803092957, 123.377410889, 26.1158390045, 25.3925533295, -1.47704184055, 0.201834797859, -12.4101238251, -2.92907476425], [-34.8940620422, -10.2834243774, 41.0338783264, 1.1138985157, 17.1717262268, 29.6495857239, 26.1158390045, 99.7769012451, 28.9531612396, -2.47792959213, -6.59967088699, -7.04054689407, -13.0156326294], [-204.569351196, -23.1020565033, 3.9711420536, 1.82949721813, -0.0604878552258, 3.87706065178, 25.3925533295, 28.9531612396, 98.6285018921, 44.1670227051, 11.7849531174, -7.99460029602, -9.05615615845], [3.28640294075, -10.7812614441, -44.7475318909, 11.9463653564, 7.81427621841, -17.6091117859, -1.47704184055, -2.47792959213, 44.1670227051, 116.126655579, 52.0211257935, 8.81716251373, -0.485548853874], [-96.0923233032, -26.2990665436, -2.33310413361, 1.79933726788, 11.4970827103, 4.83447313309, 0.201834797859, -6.59967088699, 11.7849531174, 52.0211257935, 91.290512085, 46.3069953918, 1.99518167973], [0.819903314114, 24.0798492432, -17.5390911102, 7.60457992554, 17.2731246948, 0.56263256073, -12.4101238251, -7.04054689407, -7.99460029602, 8.81716251373, 46.3069953918, 98.7145004272, 37.8803215027], [10.8853092194, -8.93522834778, -12.9152622223, 15.6294288635, 9.47747325897, -9.16586875916, -2.92907476425, -13.0156326294, -9.05615615845, -0.485548853874, 1.99518167973, 37.8803215027, 82.3843231201]], "icov": [[9.01214443729e-05, -5.803874501e-06, 2.86172362394e-05, -0.000151633910718, 0.000182235642569, -5.35810759175e-05, 0.000251946417848, -0.000112542016723, 0.000198159730644, -0.000127395891468, 0.000130333224661, -3.07266418531e-05, 1.69718059624e-05], [-5.803874501e-06, 0.000659168348648, 0.000417878385633, 0.000409998261603, -0.00076213380089, 2.21732498176e-05, -0.000198901761905, 8.95002740435e-05, 7.2904593253e-05, 5.42783091078e-05, 0.000393351336243, -0.000299679348245, 0.000293797929771], [2.86172362394e-05, 0.000417878385633, 0.00259550614282, -0.000900557031855, 0.000497870380059, -0.00326152751222, 0.00118024880067, -0.000318339531077, -0.000314772274578, 0.000895211705938, -0.000479408685351, 0.000653894792777, -0.000127568782773], [-0.000151633910718, 0.000409998261603, -0.000900557031855, 0.00731163239107, -0.00314975576475, 0.00237542809919, -0.00324106262997, 0.000762613606639, 0.000460446695797, -0.00114867114462, 0.00118404556997, -0.00089806917822, -0.000403808400733], [0.000182235642569, -0.00076213380089, 0.000497870380059, -0.00314975576475, 0.0106276255101, -0.00452317902818, 0.00227963551879, -0.00169749814086, 0.000707636412699, -0.000988177955151, -0.000507912831381, -0.000346721411915, -0.00110041885637], [-5.35810759175e-05, 2.21732498176e-05, -0.00326152751222, 0.00237542809919, -0.00452317902818, 0.0141977248713, -0.0043271346949, -0.00106217130087, 0.0004947137204, 0.0010632565245, -0.000653476919979, -0.000936492462642, 0.0013328952482], [0.000251946417848, -0.000198901761905, 0.00118024880067, -0.00324106262997, 0.00227963551879, -0.0043271346949, 0.0117753269151, -0.00200958177447, -0.0021375392098, 0.00142799480818, -0.00165712914895, 0.00240116752684, -0.0011879458325], [-0.000112542016723, 8.95002740435e-05, -0.000318339531077, 0.000762613606639, -0.00169749814086, -0.00106217130087, -0.00200958177447, 0.0126609960571, -0.00385751063004, 0.000865669222549, 0.00154848827515, -0.00100567843765, 0.00184189225547], [0.000198159730644, 7.2904593253e-05, -0.000314772274578, 0.000460446695797, 0.000707636412699, 0.0004947137204, -0.0021375392098, -0.00385751063004, 0.0151243899018, -0.00677479337901, 0.0017407273408, -5.07153126819e-05, 0.000737019057851], [-0.000127395891468, 5.42783091078e-05, 0.000895211705938, -0.00114867114462, -0.000988177955151, 0.0010632565245, 0.00142799480818, 0.000865669222549, -0.00677479337901, 0.0162512753159, -0.0103626614437, 0.00406761700287, -0.00146778312046], [0.000130333224661, 0.000393351336243, -0.000479408685351, 0.00118404556997, -0.000507912831381, -0.000653476919979, -0.00165712914895, 0.00154848827515, 0.0017407273408, -0.0103626614437, 0.022986792028, -0.0118900435045, 0.00493773119524], [-3.07266418531e-05, -0.000299679348245, 0.000653894792777, -0.00089806917822, -0.000346721411915, -0.000936492462642, 0.00240116752684, -0.00100567843765, -5.07153126819e-05, 0.00406761700287, -0.0118900435045, 0.019108325243, -0.00837303418666], [1.69718059624e-05, 0.000293797929771, -0.000127568782773, -0.000403808400733, -0.00110041885637, 0.0013328952482, -0.0011879458325, 0.00184189225547, 0.000737019057851, -0.00146778312046, 0.00493773119524, -0.00837303418666, 0.0165508147329]], "mean": [-719.91015625, 147.559051514, 21.3368034363, 13.231221199, 6.52073144913, 0.61990582943, -10.5579538345, -1.74540698528, -2.57013368607, 4.70128202438, -4.26022720337, -1.88855493069, -3.29282879829]}, "pitch_salience": {"dmean": 0.0791583359241, "dmean2": 0.125973269343, "dvar": 0.00565532082692, "dvar2": 0.0133042791858, "max": 0.888425052166, "mean": 0.539260685444, "median": 0.545047044754, "min": 0.0591266751289, "var": 0.0154114365578}, "silence_rate_20dB": {"dmean": 0, "dmean2": 0, "dvar": 0, "dvar2": 0, "max": 1, "mean": 1, "median": 1, "min": 1, "var": 0}, "silence_rate_30dB": {"dmean": 0.00624194322154, "dmean2": 0.0124847330153, "dvar": 0.00620235176757, "dvar2": 0.0170760154724, "max": 1, "mean": 0.995929419994, "median": 1, "min": 0, "var": 0.00405318289995}, "silence_rate_60dB": {"dmean": 0.0381301306188, "dmean2": 0.0762654393911, "dvar": 0.0366816259921, "dvar2": 0.0810310542583, "max": 1, "mean": 0.150339215994, "median": 0, "min": 0, "var": 0.127723678946}, "spectral_centroid": {"dmean": 162.204681396, "dmean2": 246.832458496, "dvar": 59995.03125, "dvar2": 132894.53125, "max": 11763.9853516, "mean": 792.445739746, "median": 626.84765625, "min": 131.774749756, "var": 950976.6875}, "spectral_complexity": {"dmean": 2.93805551529, "dmean2": 4.32826709747, "dvar": 16.6731548309, "dvar2": 32.1050491333, "max": 47, "mean": 10.7901630402, "median": 10, "min": 0, "var": 46.1892204285}, "spectral_contrast_coeffs": {"dmean": [0.0528908260167, 0.0504393801093, 0.0428781397641, 0.0362166874111, 0.0270387548953, 0.0167492479086], "dmean2": [0.0866030007601, 0.0786848440766, 0.0639748498797, 0.0541909597814, 0.0405537672341, 0.0263158287853], "dvar": [0.00205158442259, 0.00203322269954, 0.00138933723792, 0.000984118203633, 0.000621968880296, 0.000237357453443], "dvar2": [0.00537579413503, 0.00463373400271, 0.00284515903331, 0.00210997555405, 0.00128591817338, 0.000578798819333], "max": [-0.331601053476, -0.352880388498, -0.372269570827, -0.518627941608, -0.551416277885, -0.705974936485], "mean": [-0.635797262192, -0.695392072201, -0.749817550182, -0.779816627502, -0.797106325626, -0.810806632042], "median": [-0.63899564743, -0.704301893711, -0.757041633129, -0.784070730209, -0.803765177727, -0.809818148613], "min": [-0.9822909832, -0.978176295757, -0.976955354214, -0.986142337322, -0.971595168114, -0.966039955616], "var": [0.00807567778975, 0.00956953596324, 0.00659444835037, 0.00424197642133, 0.00308684189804, 0.00113601633348]}, "spectral_contrast_valleys": {"dmean": [0.492589741945, 0.4570556283, 0.459827452898, 0.487406730652, 0.531713187695, 0.598334312439], "dmean2": [0.775757193565, 0.69554823637, 0.666784524918, 0.664983928204, 0.677876830101, 0.705610871315], "dvar": [0.230725631118, 0.20887285471, 0.203554302454, 0.229911968112, 0.285539656878, 0.412940561771], "dvar2": [0.516631305218, 0.446121066809, 0.423457562923, 0.462278813124, 0.530867099762, 0.701397776604], "max": [-5.26231002808, -4.08514261246, -5.21020460129, -5.94349908829, -5.80964565277, -8.03845119476], "mean": [-7.68954706192, -7.10943078995, -8.15604877472, -8.77375507355, -8.94526863098, -10.9899101257], "median": [-7.27672576904, -6.75571775436, -7.83753728867, -8.53361606598, -8.77902412415, -10.9511165619], "min": [-28.3861751556, -28.1098041534, -27.8958797455, -27.6500167847, -27.5308666229, -27.3846817017], "var": [4.25088977814, 4.47952413559, 4.10266304016, 3.95244598389, 3.96908164024, 3.74186134338]}, "spectral_decrease": {"dmean": 2.73608780077e-09, "dmean2": 4.27343493925e-09, "dvar": 2.28663657865e-17, "dvar2": 5.65489254103e-17, "max": 1.72983223893e-28, "mean": -5.71904257285e-09, "median": -3.91833232527e-09, "min": -5.90722812888e-08, "var": 3.56656688942e-17}, "spectral_energy": {"dmean": 0.0108364187181, "dmean2": 0.0168218798935, "dvar": 0.00035489097354, "dvar2": 0.000872975680977, "max": 0.234179824591, "mean": 0.0227290168405, "median": 0.0155300889164, "min": 9.98159895299e-21, "var": 0.000560993736144}, "spectral_energyband_high": {"dmean": 0.000321362633258, "dmean2": 0.000472654792247, "dvar": 4.64668602262e-07, "dvar2": 9.57276142799e-07, "max": 0.00734623661265, "mean": 0.000372574984794, "median": 5.68916875636e-05, "min": 6.92400417467e-21, "var": 6.25641632723e-07}, "spectral_energyband_low": {"dmean": 0.00426499405876, "dmean2": 0.00719417724758, "dvar": 0.000104410202766, "dvar2": 0.000271260476438, "max": 0.125372305512, "mean": 0.00542406272143, "median": 0.00296323839575, "min": 8.33203486678e-24, "var": 9.0957408247e-05}, "spectral_energyband_middle_high": {"dmean": 0.00103796739131, "dmean2": 0.00149775180034, "dvar": 4.29977581007e-06, "dvar2": 8.7171629275e-06, "max": 0.0849271193147, "mean": 0.00200078263879, "median": 0.000905167078599, "min": 1.15433094871e-21, "var": 1.03775137177e-05}, "spectral_energyband_middle_low": {"dmean": 0.00732424668968, "dmean2": 0.0114846369252, "dvar": 0.000157755290275, "dvar2": 0.000387412554119, "max": 0.185642123222, "mean": 0.0158718004823, "median": 0.00985154602677, "min": 1.70539345748e-22, "var": 0.00030185614014}, "spectral_entropy": {"dmean": 0.330488353968, "dmean2": 0.424340516329, "dvar": 0.102884471416, "dvar2": 0.173846766353, "max": 9.8295841217, "mean": 7.06368875504, "median": 7.0159330368, "min": 4.7764172554, "var": 0.465833872557}, "spectral_flux": {"dmean": 0.032401394099, "dmean2": 0.0493541508913, "dvar": 0.00173742882907, "dvar2": 0.00359201687388, "max": 0.404032200575, "mean": 0.069848626852, "median": 0.0526741854846, "min": 6.376659617e-11, "var": 0.00333691388369}, "spectral_kurtosis": {"dmean": 4.08203029633, "dmean2": 5.93381977081, "dvar": 30.8825759888, "dvar2": 64.118560791, "max": 106.755653381, "mean": 9.32803916931, "median": 6.89727592468, "min": -1.2645919323, "var": 78.9817428589}, "spectral_rms": {"dmean": 0.000994205474854, "dmean2": 0.00146500987466, "dvar": 1.86812178526e-06, "dvar2": 4.25456755693e-06, "max": 0.0151151623577, "mean": 0.00407918216661, "median": 0.00389246782288, "min": 3.12060013247e-12, "var": 5.53502013645e-06}, "spectral_rolloff": {"dmean": 305.720733643, "dmean2": 530.035522461, "dvar": 860547.1875, "dvar2": 2114909.25, "max": 19745.9472656, "mean": 916.627807617, "median": 602.9296875, "min": 21.533203125, "var": 3446466}, "spectral_skewness": {"dmean": 0.450825572014, "dmean2": 0.623774409294, "dvar": 0.230240538716, "dvar2": 0.454063713551, "max": 8.81988620758, "mean": 2.31134223938, "median": 2.19291543961, "min": -0.0722362026572, "var": 0.845104396343}, "spectral_spread": {"dmean": 1027143.4375, "dmean2": 1347172.625, "dvar": 1460152565760.0, "dvar2": 2539122065410.0, "max": 43367352, "mean": 5088707.5, "median": 4328472, "min": 965792.