{"lowlevel": {"average_loudness": 0.90551584959, "barkbands": {"dmean": [0.000133914247272, 0.00553323794156, 0.00417646812275, 0.00222031120211, 0.00338421040215, 0.000416244176449, 0.000470985396532, 0.000445829326054, 0.000344083848177, 0.000287255097646, 0.000220997593715, 0.000281553075183, 0.000296544865705, 0.000318710342981, 0.000372457288904, 0.000241928850301, 0.000327025918523, 0.000278561987216, 0.000205098156584, 0.000180047296453, 0.000144068704685, 0.000120684184367, 9.19493613765e-05, 8.14706945675e-05, 7.24634592189e-05, 4.21179029217e-05, 1.22045657918e-05], "dmean2": [0.00020114488143, 0.00940787419677, 0.00774183496833, 0.00392167503014, 0.00594839081168, 0.00068790797377, 0.000722279946785, 0.00069458904909, 0.000520168046933, 0.000452461332316, 0.000335616845405, 0.000443837489001, 0.000458924885606, 0.000485872995341, 0.000583481159993, 0.000379340548534, 0.000510602956638, 0.000435396446846, 0.000320038729114, 0.000273160316283, 0.00021793054475, 0.000168268263224, 0.000125475897221, 0.00010335555271, 9.68931490206e-05, 5.83496112085e-05, 1.7641861632e-05], "dvar": [8.88725111281e-08, 0.000171014660737, 0.000114439768367, 2.45867959165e-05, 0.000104582410131, 9.13067765396e-07, 1.6811536625e-06, 1.73723628905e-06, 8.96345454748e-07, 5.2260514849e-07, 3.64412642284e-07, 4.5596794962e-07, 5.41152132882e-07, 6.60826287913e-07, 7.52215953526e-07, 2.27186490065e-07, 3.93831157908e-07, 4.23143859507e-07, 1.61280382827e-07, 1.2634217228e-07, 7.722739781e-08, 5.30877812821e-08, 4.47749677335e-08, 4.38078693321e-08, 1.74284409127e-08, 6.66035893104e-09, 8.00961297287e-10], "dvar2": [2.00003384521e-07, 0.00043926332728, 0.000328687572619, 6.83831094648e-05, 0.000288541603368, 2.44953412221e-06, 3.58598367711e-06, 3.84008717447e-06, 1.94536369236e-06, 1.28677299926e-06, 8.00491818609e-07, 9.99256485557e-07, 1.21307482459e-06, 1.47178832322e-06, 1.65529218066e-06, 4.95823371693e-07, 9.38244454574e-07, 1.00636850675e-06, 3.79188378474e-07, 2.84123160554e-07, 1.70015425738e-07, 9.41702111845e-08, 7.08463545607e-08, 5.95478120147e-08, 3.36818999358e-08, 1.43097116378e-08, 1.73583780683e-09], "max": [0.00265578576364, 0.0937603935599, 0.0878473520279, 0.0578085929155, 0.126202091575, 0.0276156682521, 0.0365083664656, 0.0316590219736, 0.0252930503339, 0.0191059540957, 0.0165599826723, 0.0289803203195, 0.0281897690147, 0.0294639579952, 0.0359826758504, 0.0155756836757, 0.0167879983783, 0.0313021093607, 0.0139504848048, 0.0110281072557, 0.00678497040644, 0.00905343145132, 0.00994028151035, 0.013522060588, 0.00331729580648, 0.00128756463528, 0.000621577724814], "mean": [0.000132409928483, 0.00527837686241, 0.00380985764787, 0.00242370343767, 0.00319536868483, 0.000617133977357, 0.000675837567542, 0.000615756725892, 0.000524774135556, 0.000428933621151, 0.000342653162079, 0.000423068267992, 0.000460359849967, 0.000517742417287, 0.000589715782553, 0.000407772808103, 0.000567042152397, 0.000483651150716, 0.000348120927811, 0.000342312559951, 0.000268997828243, 0.000261262321146, 0.000191542567336, 0.000167126301676, 0.000126552651636, 6.32725423202e-05, 1.3566826965e-05], "median": [1.49871229951e-05, 0.0017212725943, 0.00156949786469, 0.000957014563028, 0.000964906415902, 0.000291211210424, 0.000189129452338, 0.000158241688041, 0.00012591178529, 0.000134154281113, 9.53156850301e-05, 0.00016174207849, 0.000163422548212, 0.000162103722687, 0.000217495602556, 0.000166975762113, 0.000235317726037, 0.000206698663533, 0.000138970237458, 0.000142262229929, 0.000100040066172, 0.000102942198282, 7.44677818147e-05, 5.93294353166e-05, 4.06292856496e-05, 1.66462141351e-05, 1.64009315995e-06], "min": [1.9370029877e-24, 7.86457640473e-24, 5.2299624193e-24, 7.13088448692e-24, 2.77945736733e-23, 1.5867730427e-23, 8.85988378657e-24, 1.82216629692e-23, 3.0753294317e-23, 1.68649010983e-23, 1.48681726626e-23, 2.94404625322e-23, 3.45363588296e-23, 4.06519840646e-23, 2.77879598634e-23, 6.59271000897e-23, 1.13080964088e-22, 1.55734042144e-22, 1.84495961236e-22, 1.9562175252e-22, 2.7575863565e-22, 3.32058641336e-22, 4.04035370557e-22, 6.00113173033e-22, 9.03113914665e-22, 1.38551389451e-21, 2.26617134996e-21], "var": [9.41999047654e-08, 0.000133031091536, 6.84284605086e-05, 1.85065873666e-05, 7.30936590116e-05, 1.28923682041e-06, 3.25693667946e-06, 2.90111256618e-06, 1.89066099665e-06, 1.10914038487e-06, 8.0656047885e-07, 8.7735594434e-07, 1.07444327568e-06, 1.53579640028e-06, 1.69634142821e-06, 5.57516784738e-07, 8.67629864842e-07, 8.60618115439e-07, 3.35051709044e-07, 3.23783439171e-07, 1.9638878257e-07, 1.93716516605e-07, 1.66338168128e-07, 1.99012191615e-07, 5.02428498805e-08, 1.16277227846e-08, 1.01346542269e-09]}, "barkbands_crest": {"dmean": 2.58970570564, "dmean2": 4.21410989761, "dvar": 7.06755256653, "dvar2": 18.0442905426, "max": 26.165599823, "mean": 8.88408184052, "median": 7.96862506866, "min": 2.17015242577, "var": 18.5426197052}, "barkbands_flatness_db": {"dmean": 0.0225759092718, "dmean2": 0.0334500484169, "dvar": 0.000531238678377, "dvar2": 0.00122733577155, "max": 0.449494630098, "mean": 0.109438925982, "median": 0.0995254889131, "min": 0.0107657993212, "var": 0.00301505927928}, "barkbands_kurtosis": {"dmean": 3.51063132286, "dmean2": 5.57044172287, "dvar": 47.5767364502, "dvar2": 116.113822937, "max": 145.282623291, "mean": 4.77877521515, "median": 0.457897216082, "min": -1.94935715199, "var": 167.229095459}, "barkbands_skewness": {"dmean": 0.670443296432, "dmean2": 1.00515639782, "dvar": 0.534965991974, "dvar2": 1.24076640606, "max": 10.3091478348, "mean": 1.47805511951, "median": 1.12621867657, "min": -3.36717963219, "var": 2.68680405617}, "barkbands_spread": {"dmean": 7.77444982529, "dmean2": 11.6042499542, "dvar": 76.1807861328, "dvar2": 162.90473938, "max": 107.570068359, "mean": 31.6553077698, "median": 29.3066101074, "min": 0.474272817373, "var": 338.129364014}, "dissonance": {"dmean": 0.0122355325148, "dmean2": 0.0203829482198, "dvar": 0.000196980123292, "dvar2": 0.000537928659469, "max": 0.500000059605, "mean": 0.475855588913, "median": 0.482456088066, "min": 0.263592153788, "var": 0.000502216455061}, "dynamic_complexity": 4.17978954315, "erbbands": {"dmean": [0.134339004755, 1.39508581161, 4.33706378937, 7.06577777863, 10.3165559769, 11.3271102905, 3.67345905304, 3.93819189072, 5.39981746674, 8.55951976776, 8.878698349, 8.40572929382, 7.40396547318, 9.96967124939, 8.87906360626, 11.5281248093, 12.7096538544, 15.9075050354, 19.1024131775, 14.9416446686, 14.3635549545, 14.7404727936, 16.6135826111, 9.78607749939, 10.8528804779, 8.67023658752, 6.7740073204, 4.58131408691, 4.35988521576, 3.6861345768, 2.46810984612, 1.97517645359, 1.1887229681, 0.778918802738, 0.550155043602, 0.253704458475, 0.0635137706995, 0.012169783935, 0.0019803091418, 0.000156459107529], "dmean2": [0.219054430723, 2.44412565231, 7.99212598801, 12.5982208252, 18.2024517059, 19.9287166595, 6.06161832809, 6.61573505402, 8.53598880768, 12.9884386063, 13.7718353271, 12.6920938492, 11.5520601273, 15.3120012283, 13.614197731, 17.9642429352, 19.5095100403, 24.4036369324, 29.4004554749, 23.3170127869, 22.6707649231, 22.7396278381, 25.6274757385, 15.3358240128, 16.7756328583, 13.1019744873, 10.3359937668, 6.70599412918, 6.1538066864, 5.07473278046, 3.35981488228, 2.54343318939, 1.5289286375, 1.02033209801, 0.769346237183, 0.354563266039, 0.0882633477449, 0.0173042733222, 0.00286614499055, 0.000224376810365], "dvar": [0.09341493994, 11.5773105621, 124.715454102, 264.296112061, 789.066650391, 1245.21398926, 60.4045372009, 100.05141449, 216.576080322, 616.264892578, 726.576904297, 547.705200195, 372.25189209, 723.375183105, 551.363708496, 735.151367188, 994.001403809, 1564.33288574, 1994.69177246, 1342.06323242, 702.065307617, 663.896972656, 1740.99768066, 315.436309814, 559.401306152, 271.722717285, 160.921905518, 87.9578399658, 68.9499130249, 60.2922706604, 35.5041732788, 33.480594635, 7.0915555954, 2.17576551437, 1.1214312315, 0.245604366064, 0.0149244433269, 0.000617432640865, 2.11685255636e-05, 1.38266102567e-07], "dvar2": [0.224041342735, 30.8867206573, 355.850830078, 744.431152344, 2153.10229492, 3469.8684082, 157.940979004, 278.004577637, 501.332427979, 1319.37902832, 1573.81164551, 1187.46704102, 922.553283691, 1658.27697754, 1174.36755371, 1596.98657227, 2186.6965332, 3553.81542969, 4374.3671875, 2960.06958008, 1633.84106445, 1571.2286377, 4122.67089844, 783.951782227, 1281.46350098, 620.331054688, 365.756072998, 181.139251709, 127.679450989, 105.074645996, 58.0726356506, 45.696308136, 10.0220718384, 3.73701548576, 2.39602541924, 0.538228869438, 0.0320241563022, 0.00132661696989, 4.6266712161e-05, 3.03397797552e-07], "max": [2.23573923111, 25.4767875671, 82.2892456055, 181.131896973, 321.13381958, 474.049591064, 170.856552124, 265.189300537, 502.906188965, 762.563171387, 780.858581543, 610.966003418, 778.84588623, 738.247741699, 1010.27587891, 1359.01867676, 1247.46618652, 1519.59790039, 1270.1640625, 1941.39331055, 742.773681641, 623.739990234, 2239.53637695, 340.385437012, 905.296569824, 379.950256348, 304.742584229, 274.531921387, 325.185943604, 393.193756104, 249.205612183, 450.949554443, 129.378677368, 55.8750686646, 15.7848176956, 7.39203500748, 1.83354234695, 0.46689710021, 0.111230939627, 0.00657302699983], "mean": [0.123743988574, 1.29488945007, 4.02737045288, 7.53869771957, 9.49034404755, 10.8713665009, 5.09906101227, 5.4652261734, 7.58094501495, 13.0051050186, 12.8280649185, 13.0226163864, 11.4579401016, 16.0742111206, 14.5902862549, 18.1754989624, 21.0285720825, 27.2277698517, 32.0015029907, 25.4728374481, 25.5956668854, 27.9160366058, 29.7890949249, 17.6649742126, 18.9346084595, 16.830871582, 12.5625486374, 9.33030986786, 9.12195777893, 7.83128356934, 5.0911898613, 3.99409389496, 2.39626193047, 1.47989141941, 0.859733045101, 0.381478071213, 0.0943998768926, 0.0163567177951, 0.00223624450155, 0.000181087962119], "median": [0.0305942595005, 0.451963722706, 1.64345633984, 3.18850874901, 2.96467638016, 3.11569333076, 2.46034884453, 2.26938724518, 2.90994429588, 3.15115213394, 4.04549264908, 3.61602306366, 3.72105073929, 4.92969942093, 5.70835828781, 7.57814073563, 8.4671459198, 9.76435089111, 11.3378124237, 10.2176599503, 11.5743789673, 13.1863098145, 12.3374385834, 8.73868465424, 7.19775104523, 7.24597644806, 4.97811746597, 3.78714942932, 3.64694571495, 3.17081260681, 1.92627167702, 1.37655878067, 0.826009869576, 0.50260746479, 0.255796998739, 0.106716416776, 0.0234831310809, 0.00319232582115, 0.00029444944812, 3.84869890695e-05], "min": [2.26418604581e-22, 1.41812956952e-21, 6.81923415683e-21, 1.47946099317e-20, 3.48725516826e-20, 4.78211432875e-20, 1.3234092347e-19, 1.34661824248e-19, 9.52253746216e-20, 2.48103157062e-19, 6.49206655004e-19, 7.81137620008e-19, 5.76785389713e-19, 9.00108887861e-19, 1.16911743224e-18, 1.57322111427e-18, 1.6381142605e-18, 2.94242784982e-18, 1.43568403606e-18, 2.70472592027e-18, 4.8634596967e-18, 7.21486038141e-18, 7.95496865396e-18, 6.6416800516e-18, 8.70155292353e-18, 9.83687237633e-18, 1.1092257095e-17, 1.19754841572e-17, 1.34774009585e-17, 1.30503921283e-17, 1.12254075311e-17, 1.1199077545e-17, 1.18557150219e-17, 8.8133728531e-18, 7.99056140854e-18, 4.53719691565e-18, 2.64575249209e-18, 1.13157253142e-18, 3.06318784405e-19, 3.24503148175e-20], "var": [0.0828301012516, 8.20943164825, 75.5882568359, 183.631835938, 568.827575684, 857.463256836, 72.1839904785, 127.488006592, 329.200012207, 1290.47924805, 1234.04650879, 1108.50720215, 672.618469238, 1754.63183594, 1183.57409668, 1469.02258301, 1991.24902344, 3812.48925781, 4800.92089844, 2933.29199219, 1723.41052246, 1772.56103516, 3607.21899414, 619.101501465, 1219.04199219, 750.28125, 391.077331543, 249.621307373, 233.400360107, 207.896911621, 127.691902161, 142.485214233, 33.2290420532, 8.54023265839, 2.16908144951, 0.418026953936, 0.0262251440436, 0.000971644883975, 2.66127353825e-05, 1.67373841009e-07]}, "erbbands_crest": {"dmean": 2.28761982918, "dmean2": 3.73716831207, "dvar": 5.06292390823, "dvar2": 12.4024591446, "max": 26.8966369629, "mean": 7.50042009354, "median": 6.61322593689, "min": 2.09061455727, "var": 12.8835487366}, "erbbands_flatness_db": {"dmean": 0.0181153062731, "dmean2": 0.0249217860401, "dvar": 0.000320723309414, "dvar2": 0.000580054067541, "max": 0.333416074514, "mean": 0.126714393497, "median": 0.123169340193, "min": 0.023315038532, "var": 0.00172213010956}, "erbbands_kurtosis": {"dmean": 0.948826611042, "dmean2": 1.45553135872, "dvar": 2.60415554047, "dvar2": 4.96860456467, "max": 50.1234016418, "mean": 0.60062456131, "median": 0.0117327710614, "min": -1.83304035664, "var": 6.92683410645}, "erbbands_skewness": {"dmean": 0.345192074776, "dmean2": 0.514341413975, "dvar": 0.125684335828, "dvar2": 0.239920556545, "max": 6.28772449493, "mean": -0.218794092536, "median": -0.263041764498, "min": -4.33306503296, "var": 0.688814997673}, "erbbands_spread": {"dmean": 10.5319986343, "dmean2": 15.9717855453, "dvar": 127.896865845, "dvar2": 282.733184814, "max": 155.947113037, "mean": 43.973903656, "median": 40.0180435181, "min": 3.38279271126, "var": 432.627990723}, "gfcc": {"cov": [[16281.71875, -325.999908447, -1116.53967285, 181.421356201, -371.214202881, 129.132858276, -351.388397217, 66.2234115601, -133.719009399, 99.1524887085, -184.641616821, 28.8120384216, -117.869880676], [-325.999908447, 1603.11413574, -311.035644531, -167.705474854, 40.2815246582, -146.345321655, 9.50126457214, -79.1049194336, 30.0850105286, -132.860610962, 55.5271606445, -85.7200012207, -7.29321479797], [-1116.53967285, -311.035644531, 871.632324219, 115.138580322, 132.048828125, 87.5655670166, 81.8153457642, 18.6658687592, -8.61327075958, 46.0762367249, -19.9644565582, -2.06607818604, -6.48515033722], [181.421356201, -167.705474854, 115.138580322, 442.104675293, 15.6639652252, 26.2469558716, 11.8327903748, -23.5869789124, -7.52411031723, -7.92963314056, -4.35638856888, -30.5388183594, 0.188136264682], [-371.214202881, 40.2815246582, 132.048828125, 15.6639652252, 263.145782471, 19.8303260803, 37.270816803, 24.466709137, 13.4065542221, -8.8286151886, -2.60820603371, -1.79153108597, 9.74393463135], [129.132858276, -146.345321655, 87.5655670166, 26.2469558716, 19.8303260803, 142.382141113, 50.6111946106, 15.6205692291, -3.31952929497, 12.3356542587, -11.1482419968, 2.06671023369, -0.771987438202], [-351.388397217, 9.50126457214, 81.8153457642, 11.8327903748, 37.270816803, 50.6111946106, 153.164031982, 29.793718338, 2.01148104668, -0.408997863531, 20.6358203888, -9.04782772064, -5.30047178268], [66.2234115601, -79.1049194336, 18.6658687592, -23.5869789124, 24.466709137, 15.6205692291, 29.793718338, 92.5857696533, 35.0203208923, 22.9293766022, 2.33425521851, 10.2342395782, -4.44566679001], [-133.719009399, 30.0850105286, -8.61327075958, -7.52411031723, 13.4065542221, -3.31952929497, 2.01148104668, 35.0203208923, 107.67414093, 27.4184093475, 14.3545408249, -0.462170213461, 0.162296026945], [99.1524887085, -132.860610962, 46.0762367249, -7.92963314056, -8.8286151886, 12.3356542587, -0.408997863531, 22.9293766022, 27.4184093475, 83.8103561401, 11.8684711456, 11.6426353455, -5.32337379456], [-184.641616821, 55.5271606445, -19.9644565582, -4.35638856888, -2.60820603371, -11.1482419968, 20.6358203888, 2.33425521851, 14.3545408249, 11.8684711456, 73.7367553711, 14.7839269638, 1.0340461731], [28.8120384216, -85.7200012207, -2.06607818604, -30.5388183594, -1.79153108597, 2.06671023369, -9.04782772064, 10.2342395782, -0.462170213461, 11.6426353455, 14.7839269638, 67.1477355957, 17.354019165], [-117.869880676, -7.29321479797, -6.48515033722, 0.188136264682, 9.74393463135, -0.771987438202, -5.30047178268, -4.44566679001, 0.162296026945, -5.32337379456, 1.0340461731, 17.354019165, 52.252166748]], "icov": [[8.4464547399e-05, -2.71850785794e-05, 0.000125764112454, -8.94560289453e-05, 4.64774129796e-05, -0.000178769318154, 0.0001872957655, -0.000176199318958, 0.000181647381396, -0.000200035137823, 0.000204843920073, -0.000111714587547, 0.000207476128708], [-2.71850785794e-05, 0.00106891663745, 0.000161896430654, 0.000495305925142, -0.000309481489239, 0.000771122809965, -0.000381467456464, 0.000886339636054, -0.000744813121855, 0.00148367264774, -0.000980885932222, 0.00135873560794, -6.63831815473e-05], [0.000125764112454, 0.000161896430654, 0.00168256112374, -0.000371256639482, -0.000658282602672, -0.000537677842658, -0.000376320298528, 0.000127714331029, 0.000423069373937, -0.00106796820182, 0.000734655186534, -0.00014558712428, 0.000527659198269], [-8.94560289453e-05, 0.000495305925142, -0.000371256639482, 0.00278059067205, -0.00017057263176, 8.3274586359e-05, -0.000228732373216, 0.00111326971091, -0.000549442658667, 0.00103378319182, -0.000927859859075, 0.00188902160153, -0.000586189853493], [4.64774129796e-05, -0.000309481489239, -0.000658282602672, -0.00017057263176, 0.00452279346064, -0.000325554283336, -0.000334215670591, -0.00133600039408, -0.000283705419861, 0.000696647097357, 0.000404760037782, -0.000207349934499, -0.000882517779246], [-0.000178769318154, 0.000771122809965, -0.000537677842658, 8.3274586359e-05, -0.000325554283336, 0.00963901914656, -0.00360153149813, 0.000646487635095, -0.000463746924652, 1.54485260282e-05, 0.00135542696808, 1.81118866749e-05, -0.000499709276482], [0.0001872957655, -0.000381467456464, -0.000376320298528, -0.000228732373216, -0.000334215670591, -0.00360153149813, 0.00974367838353, -0.00371180404909, 0.00152344710659, 0.000672728172503, -0.00329336989671, 0.00177591305692, 0.000544246053323], [-0.000176199318958, 0.000886339636054, 0.000127714331029, 0.00111326971091, -0.00133600039408, 0.000646487635095, -0.00371180404909, 0.0158232599497, -0.00514821335673, -0.00107620609924, 0.00107687932905, -0.00170214369427, 0.00141686119605], [0.000181647381396, -0.000744813121855, 0.000423069373937, -0.000549442658667, -0.000283705419861, -0.000463746924652, 0.00152344710659, -0.00514821335673, 0.0126650715247, -0.0043836729601, -0.00120017700829, 0.00101753987838, -0.00067727197893], [-0.000200035137823, 0.00148367264774, -0.00106796820182, 0.00103378319182, 0.000696647097357, 1.54485260282e-05, 0.000672728172503, -0.00107620609924, -0.0043836729601, 0.0176384914666, -0.0040066652, 0.000145550628076, 0.0013081234647], [0.000204843920073, -0.000980885932222, 0.000734655186534, -0.000927859859075, 0.000404760037782, 0.00135542696808, -0.00329336989671, 0.00107687932905, -0.00120017700829, -0.0040066652, 0.0181340463459, -0.00603677378967, 0.00136339105666], [-0.000111714587547, 0.00135873560794, -0.00014558712428, 0.00188902160153, -0.000207349934499, 1.81118866749e-05, 0.00177591305692, -0.00170214369427, 0.00101753987838, 0.000145550628076, -0.00603677378967, 0.0211150553077, -0.00689457496628], [0.000207476128708, -6.63831815473e-05, 0.000527659198269, -0.000586189853493, -0.000882517779246, -0.000499709276482, 0.000544246053323, 0.00141686119605, -0.00067727197893, 0.0013081234647, 0.00136339105666, -0.00689457496628, 0.0223954860121]], "mean": [-10.4233360291, 66.0406265259, -106.569892883, 43.0795478821, -44.0457801819, 18.9942245483, -36.7312240601, 7.86305856705, -25.3530406952, 1.383040905, -19.4097652435, -1.42918217182, -15.4816160202]}, "hfc": {"dmean": 7.98620700836, "dmean2": 10.6803531647, "dvar": 132.677520752, "dvar2": 268.736755371, "max": 264.265563965, "mean": 21.0811023712, "median": 14.3471689224, "min": 1.10290803486e-16, "var": 471.649841309}, "melbands": {"dmean": [0.00137961108703, 0.00213873502798, 0.00123259087559, 0.000894735392649, 0.000171421153937, 8.44705864438e-05, 8.75574987731e-05, 9.6613621281e-05, 6.82861427777e-05, 5.31429686816e-05, 3.73646726075e-05, 4.15115428041e-05, 2.97979895549e-05, 3.26955087075e-05, 2.55343966273e-05, 3.2547635783e-05, 3.07084483211e-05, 3.14576573146e-05, 2.39423334278e-05, 1.87822133739e-05, 1.89517486433e-05, 1.71384399437e-05, 1.81041014002e-05, 1.34577785502e-05, 8.06863681646e-06, 8.0584513853e-06, 7.61476030675e-06, 5.72088856643e-06, 4.54963310403e-06, 3.99676036977e-06, 2.56159205492e-06, 2.64691539087e-06, 2.55748977906e-06, 2.08723577089e-06, 1.5228099528e-06, 1.32910224693e-06, 1.2526302271e-06, 9.0115366902e-07, 7.73842486979e-07, 6.50042693451e-07], "dmean2": [0.00229836325161, 0.00383929535747, 0.00219248025678, 0.00158082344569, 0.000290162686724, 0.000141117052408, 0.000137279625051, 0.000146875681821, 0.000105355022242, 8.02962458692e-05, 5.86370115343e-05, 6.42390732537e-05, 4.56596462755e-05, 5.13702179887e-05, 3.94596208935e-05, 5.02551047248e-05, 4.73130858154e-05, 4.82955001644e-05, 3.73619732272e-05, 2.93688408419e-05, 3.03330743918e-05, 2.696919546e-05, 2.82891978713e-05, 2.11375845538e-05, 1.28455712911e-05, 1.26648410514e-05, 1.16925475595e-05, 8.76998001331e-06, 7.05262254996e-06, 6.11929317529e-06, 3.80356459573e-06, 3.83337464882e-06, 3.66834160559e-06, 2.95796689898e-06, 2.17141882786e-06, 1.79704818493e-06, 1.6477850977e-06, 1.19935941711e-06, 1.04374282728e-06, 8.82062693108e-07], "dvar": [1.01863552118e-05, 2.85288442683e-05, 7.82545339462e-06, 7.3907690421e-06, 1.79164871383e-07, 4.35529621257e-08, 5.52403385257e-08, 7.19916926073e-08, 3.86477765346e-08, 2.30370886811e-08, 9.53961798444e-09, 1.29399717608e-08, 6.30705310201e-09, 6.52264375844e-09, 2.8199294011e-09, 7.75079200821e-09, 6.25477625249e-09, 6.01874594608e-09, 3.98193655826e-09, 1.63438163003e-09, 1.34837685462e-09, 1.07759368095e-09, 1.46356060604e-09, 1.01294961308e-09, 2.34623154238e-10, 2.62096816472e-10, 3.68708175102e-10, 1.17088880258e-10, 7.89083173802e-11, 7.59621254787e-11, 3.01982917839e-11, 2.59449770695e-11, 3.04017054586e-11, 2.01491254237e-11, 1.2751079706e-11, 1.33338314348e-11, 1.66367961074e-11, 4.78294617454e-12, 2.53895840983e-12, 1.53956892807e-12], "dvar2": [2.53750440606e-05, 7.95346641098e-05, 2.18598743231e-05, 2.04381212825e-05, 4.90489185268e-07, 1.19505003227e-07, 1.24178313854e-07, 1.57223311703e-07, 8.40643892275e-08, 5.02305361749e-08, 2.36988153546e-08, 3.00846565437e-08, 1.39518032682e-08, 1.40056739539e-08, 6.11624528801e-09, 1.73505902978e-08, 1.41690463806e-08, 1.32084450044e-08, 8.35776869934e-09, 3.53155638066e-09, 3.21957238647e-09, 2.58886512228e-09, 3.39815353634e-09, 2.46980791374e-09, 5.92571991476e-10, 6.34527208554e-10, 8.17878320625e-10, 2.73954026131e-10, 1.82154152872e-10, 1.73667857872e-10, 6.38976579981e-11, 5.21937042197e-11, 5.90320917149e-11, 3.79222521441e-11, 2.25747129323e-11, 2.03671923077e-11, 2.42251149696e-11, 7.05862234981e-12, 4.61113872779e-12, 2.8412719226e-12], "max": [0.0216737538576, 0.0387093126774, 0.0288353301585, 0.0321503318846, 0.00652336748317, 0.00609100796282, 0.0069236420095, 0.00722639961168, 0.00527254957706, 0.00419310852885, 0.00375915272161, 0.00318238302134, 0.0027243453078, 0.00358875095844, 0.0014961148845, 0.00386084313504, 0.00282411719672, 0.00291937543079, 0.00359510676935, 0.00130063772667, 0.000930933572818, 0.000725865073036, 0.00160168856382, 0.00129718414973, 0.000319160375511, 0.000448225007858, 0.000704248202965, 0.000233925151406, 0.000215037900489, 0.000283748959191, 0.000176955436473, 0.00017634309188, 0.000199648740818, 0.000231171943597, 0.000130702450406, 0.000269104348263, 0.00031146328547, 0.000109745866212, 7.43257114664e-05, 4.1702613089e-05], "mean": [0.0013096886687, 0.00203727395274, 0.00130119698588, 0.000820954388473, 0.000218105837121, 0.00011852922762, 0.00012424965098, 0.000144196557812, 9.7163792816e-05, 8.08632539702e-05, 5.58202664251e-05, 6.48027853458e-05, 4.72600077046e-05, 4.97474538861e-05, 3.99257332901e-05, 5.10048994329e-05, 4.94955274917e-05, 5.04415766045e-05, 3.83561382478e-05, 3.08640483127e-05, 3.1027746445e-05, 2.9151680792e-05, 3.08350136038e-05, 2.25255462283e-05, 1.3133214452e-05, 1.31097131089e-05, 1.33002731673e-05, 1.05477747638e-05, 7.92990977061e-06, 6.86557177687e-06, 4.94195910505e-06, 5.2062227951e-06, 4.99877887705e-06, 4.08449159295e-06, 2.95561790153e-06, 2.57752094512e-06, 2.38551638176e-06, 1.74314914148e-06, 1.42365638567e-06, 1.17917545595e-06], "median": [0.000389802327845, 0.000867336522788, 0.000572299526539, 0.000238895372604, 9.68297899817e-05, 5.05965654156e-05, 4.44827419415e-05, 3.49939473381e-05, 2.90570369543e-05, 1.93116338778e-05, 1.70102102857e-05, 1.85691842489e-05, 1.59546889336e-05, 1.88344365597e-05, 1.6729662093e-05, 1.83162210305e-05, 1.54773242684e-05, 1.68930255313e-05, 1.42579710882e-05, 1.20403465189e-05, 1.32199174914e-05, 1.27044704641e-05, 1.13192063509e-05, 9.03507498151e-06, 6.09749031355e-06, 4.72289593745e-06, 4.65967013952e-06, 4.33654349763e-06, 2.94360575026e-06, 2.30196042139e-06, 1.90704088254e-06, 1.95460552277e-06, 1.78163429609e-06, 1.57058786954e-06, 1.06585855519e-06, 8.81316395862e-07, 7.68794791384e-07, 5.76754132453e-07, 4.6277864385e-07, 3.89007766444e-07], "min": [1.79700147627e-24, 4.01323006441e-24, 5.21709333693e-24, 3.68255416687e-24, 3.97328924792e-24, 2.95837157283e-24, 1.42956475915e-24, 3.18580293282e-24, 5.39469669227e-24, 4.20235276112e-24, 2.75119756925e-24, 3.22597744936e-24, 3.66111608291e-24, 3.3547118577e-24, 2.95190823822e-24, 4.20693683184e-24, 3.87478458111e-24, 1.93250253623e-24, 2.44402164085e-24, 3.88218488526e-24, 6.13582796285e-24, 6.7397049301e-24, 4.39958731451e-24, 4.79286524134e-24, 5.10099588864e-24, 6.05440844553e-24, 5.97933176432e-24, 6.09640030037e-24, 6.02642044947e-24, 6.6666114452e-24, 6.33012716482e-24, 7.77310956049e-24, 5.82205025476e-24, 7.38711676413e-24, 6.39387659229e-24, 5.62346122718e-24, 5.03912828886e-24, 7.10197825677e-24, 7.32639419595e-24, 7.08047706394e-24], "var": [8.44978058012e-06, 1.83924857993e-05, 5.46750288777e-06, 5.09475239596e-06, 1.65546879316e-07, 5.69765212788e-08, 9.21862906011e-08, 1.41607870319e-07, 6.66433521701e-08, 4.62830058723e-08, 1.71377116942e-08, 3.07600664939e-08, 1.33796538293e-08, 1.2500009916e-08, 6.24551921291e-09, 1.475580369e-08, 1.44472780406e-08, 1.36982531984e-08, 8.91884965881e-09, 3.73864539327e-09, 2.82912338001e-09, 2.28711294348e-09, 3.4264708848e-09, 1.98005234431e-09, 3.94405674786e-10, 5.25566368204e-10, 8.32499458259e-10, 3.04912622928e-10, 1.77941494872e-10, 1.61335195203e-10, 7.92877777323e-11, 7.77547401465e-11, 9.22036752504e-11, 6.15588829911e-11, 4.06682881815e-11, 5.29263646798e-11, 6.09815115071e-11, 2.0359568198e-11, 9.45152636711e-12, 5.24805025826e-12]}, "melbands_crest": {"dmean": 3.30006241798, "dmean2": 5.28708600998, "dvar": 9.56554698944, "dvar2": 22.7992858887, "max": 37.4472885132, "mean": 14.5807180405, "median": 13.8547697067, "min": 1.82006263733, "var": 32.4909515381}, "melbands_flatness_db": {"dmean": 0.030066408217, "dmean2": 0.0444495342672, "dvar": 0.000965204904787, "dvar2": 0.00223886827007, "max": 0.570223391056, "mean": 0.17443588376, "median": 0.166654929519, "min": 0.00509439595044, "var": 0.0050799632445}, "melbands_kurtosis": {"dmean": 11.3817005157, "dmean2": 18.0569000244, "dvar": 467.161773682, "dvar2": 1167.66040039, "max": 413.527557373, "mean": 18.4863510132, "median": 6.55098724365, "min": -1.84053742886, "var": 1141.45983887}, "melbands_skewness": {"dmean": 1.02176320553, "dmean2": 1.55035007, "dvar": 1.40634846687, "dvar2": 3.26962780952, "max": 18.6872291565, "mean": 3.04742002487, "median": 2.46099090576, "min": -1.64742517471, "var": 5.30589532852}, "melbands_spread": {"dmean": 10.8546714783, "dmean2": 16.1291313171, "dvar": 192.322265625, "dvar2": 381.299133301, "max": 258.621398926, "mean": 33.8814544678, "median": 26.6669387817, "min": 0.350398361683, "var": 784.816894531}, "mfcc": {"cov": [[10393.1191406, -154.656921387, -360.470092773, 91.2557449341, 44.8031959534, 62.3119316101, -117.489768982, -0.984352052212, 13.825053215, 26.1538639069, -14.0372266769, 24.0280952454, -28.3096866608], [-154.656921387, 1544.05322266, -207.654251099, -54.2588577271, 10.4961538315, -74.1702804565, -25.7061424255, 27.5489997864, -60.1599082947, -28.8896656036, 6.3841047287, -22.4996738434, -11.8975124359], [-360.470092773, -207.654251099, 566.401489258, 116.085800171, 37.4533462524, 97.0351104736, 70.5409088135, -1.80216383934, 28.0972080231, 21.335319519, 9.34621810913, 8.38187217712, 4.20177984238], [91.2557449341, -54.2588577271, 116.085800171, 318.82989502, 78.048576355, 51.7763290405, 28.9547805786, 6.52085781097, -4.73730373383, 15.2266969681, -10.0081882477, -5.05902719498, 5.83694791794], [44.8031959534, 10.4961538315, 37.4533462524, 78.048576355, 197.179626465, 34.9839935303, 5.23250150681, 9.70041561127, 29.3171329498, 9.04483890533, -8.32274150848, -3.20571613312, 2.20320367813], [62.3119316101, -74.1702804565, 97.0351104736, 51.7763290405, 34.9839935303, 127.885597229, 51.3503952026, 12.0310163498, 19.0552864075, 7.17774629593, 2.8562707901, -3.59387230873, -10.0684690475], [-117.489768982, -25.7061424255, 70.5409088135, 28.9547805786, 5.23250150681, 51.3503952026, 152.165618896, 36.4876747131, 11.9945745468, 6.29495716095, 3.46404576302, 0.918355226517, -1.52152097225], [-0.984352052212, 27.5489997864, -1.80216383934, 6.52085781097, 9.70041561127, 12.0310163498, 36.4876747131, 88.5010452271, 19.6575183868, 4.76214599609, 9.95906543732, 5.34190416336, 4.00294971466], [13.825053215, -60.1599082947, 28.0972080231, -4.73730373383, 29.3171329498, 19.0552864075, 11.9945745468, 19.6575183868, 89.7066268921, 24.2248897552, 6.16422319412, 4.27310800552, 1.42365193367], [26.1538639069, -28.8896656036, 21.335319519, 15.2266969681, 9.04483890533, 7.17774629593, 6.29495716095, 4.76214599609, 24.2248897552, 79.6974411011, 24.6633758545, 5.61516475677, 0.0815979540348], [-14.0372266769, 6.3841047287, 9.34621810913, -10.0081882477, -8.32274150848, 2.8562707901, 3.46404576302, 9.95906543732, 6.16422319412, 24.6633758545, 70.7709274292, 24.6355781555, 6.99268579483], [24.0280952454, -22.4996738434, 8.38187217712, -5.05902719498, -3.20571613312, -3.59387230873, 0.918355226517, 5.34190416336, 4.27310800552, 5.61516475677, 24.6355781555, 69.6715164185, 27.6862831116], [-28.3096866608, -11.8975124359, 4.20177984238, 5.83694791794, 2.20320367813, -10.0684690475, -1.52152097225, 4.00294971466, 1.42365193367, 0.0815979540348, 6.99268579483, 27.6862831116, 71.0702972412]], "icov": [[0.000102400648757, 1.47929540617e-05, 9.15672571864e-05, -4.75905362691e-05, 7.89611362961e-07, -0.000124282552861, 9.73104688455e-05, -1.9660936232e-05, -7.48704178477e-06, -4.42795862909e-05, 4.33128916484e-05, -8.48208583193e-05, 5.63023859286e-05], [1.47929540617e-05, 0.000725583522581, 0.000202523558983, 5.84739136684e-05, -0.00022061697382, 0.000274555699434, -1.30754015117e-05, -0.000338702549925, 0.00048307099496, 0.000128050058265, -0.000253349688137, 0.00025236516376, 9.19069789234e-05], [9.15672571864e-05, 0.000202523558983, 0.0023354254663, -0.000616180885118, 2.61063087237e-05, -0.00124190619681, -0.000533913145773, 0.000550539116375, -0.000367828615708, -0.00015052811068, -0.000216997825191, -0.000231999714742, -0.000117007570225], [-4.75905362691e-05, 5.84739136684e-05, -0.000616180885118, 0.00398764573038, -0.00141157000326, -0.000798382563516, -0.000201540504349, -0.000306198431645, 0.00137907627504, -0.000955122231971, 0.000720522482879, 0.000280463456875, -0.000563335663173], [7.89611362961e-07, -0.00022061697382, 2.61063087237e-05, -0.00141157000326, 0.00619802996516, -0.00123046524823, 0.000616179488134, -0.000210413505556, -0.0020635346882, -7.54224092816e-05, 0.000825967581477, 1.62681008078e-05, -0.00030983009492], [-0.000124282552861, 0.000274555699434, -0.00124190619681, -0.000798382563516, -0.00123046524823, 0.0111185666174, -0.00293170427904, 2.92782465294e-06, -0.00116398511454, 0.000584466732107, -0.00087430345593, 0.00047164229909, 0.00161075918004], [9.73104688455e-05, -1.30754015117e-05, -0.000533913145773, -0.000201540504349, 0.000616179488134, -0.00293170427904, 0.0086814602837, -0.0033042463474, 0.000182205811143, -0.000329974369379, 0.000431372231105, -0.00011822538363, 2.25655749091e-05], [-1.9660936232e-05, -0.000338702549925, 0.000550539116375, -0.000306198431645, -0.000210413505556, 2.92782465294e-06, -0.0033042463474, 0.0136759262532, -0.00295239686966, 0.00071145943366, -0.00172683503479, -0.00023891980527, -0.000584711320698], [-7.48704178477e-06, 0.00048307099496, -0.000367828615708, 0.00137907627504, -0.0020635346882, -0.00116398511454, 0.000182205811143, -0.00295239686966, 0.0142601560801, -0.0040144501254, 0.00071012286935, -0.00037017086288, -0.000151079249918], [-4.42795862909e-05, 0.000128050058265, -0.00015052811068, -0.000955122231971, -7.54224092816e-05, 0.000584466732107, -0.000329974369379, 0.00071145943366, -0.0040144501254, 0.0156963244081, -0.00569504452869, 0.000802171125542, 0.000439384544734], [4.33128916484e-05, -0.000253349688137, -0.000216997825191, 0.000720522482879, 0.000825967581477, -0.00087430345593, 0.000431372231105, -0.00172683503479, 0.00071012286935, -0.00569504452869, 0.0187118947506, -0.00629389192909, 0.000488614547066], [-8.48208583193e-05, 0.00025236516376, -0.000231999714742, 0.000280463456875, 1.62681008078e-05, 0.00047164229909, -0.00011822538363, -0.00023891980527, -0.00037017086288, 0.000802171125542, -0.00629389192909, 0.0194766726345, -0.00688523286954], [5.63023859286e-05, 9.19069789234e-05, -0.000117007570225, -0.000563335663173, -0.00030983009492, 0.00161075918004, 2.25655749091e-05, -0.000584711320698, -0.000151079249918, 0.000439384544734, 0.000488614547066, -0.00688523286954, 0.0170694589615]], "mean": [-651.79864502, 96.9094390869, 0.706707775593, 28.793504715, 14.478802681, 13.3682470322, 3.29936265945, 6.19362068176, 0.13590195775, 1.25480949879, 0.527366280556, -0.479231595993, -2.06977415085]}, "pitch_salience": {"dmean": 0.0698771551251, "dmean2": 0.113035559654, "dvar": 0.00423430744559, "dvar2": 0.0110110929236, "max": 0.842290699482, "mean": 0.545778691769, "median": 0.557669997215, "min": 0.0587504208088, "var": 0.0136668197811}, "silence_rate_20dB": {"dmean": 0, "dmean2": 0, "dvar": 0, "dvar2": 0, "max": 1, "mean": 1, "median": 1, "min": 1, "var": 0}, "silence_rate_30dB": {"dmean": 0.0251893308014, "dmean2": 0.0503828115761, "dvar": 0.0245548300445, "dvar2": 0.0674377009273, "max": 1, "mean": 0.984360873699, "median": 1, "min": 0, "var": 0.015394564718}, "silence_rate_60dB": {"dmean": 0.0334211401641, "dmean2": 0.0668477788568, "dvar": 0.0323041677475, "dvar2": 0.0699530392885, "max": 1, "mean": 0.0933410152793, "median": 0, "min": 0, "var": 0.084628470242}, "spectral_centroid": {"dmean": 324.274841309, "dmean2": 485.655395508, "dvar": 130427.84375, "dvar2": 277313.625, "max": 11772.328125, "mean": 1755.22766113, "median": 1712.20056152, "min": 124.860679626, "var": 765639.3125}, "spectral_complexity": {"dmean": 4.39265727997, "dmean2": 6.29982709885, "dvar": 26.9148025513, "dvar2": 50.9885597229, "max": 61, "mean": 18.7119922638, "median": 18, "min": 0, "var": 132.821411133}, "spectral_contrast_coeffs": {"dmean": [0.0525632090867, 0.0452247597277, 0.0367853194475, 0.0312748327851, 0.0248761698604, 0.0197510048747], "dmean2": [0.0873852372169, 0.0729271993041, 0.057989127934, 0.0495425350964, 0.0378571934998, 0.030342426151], "dvar": [0.00220580073074, 0.00137995858677, 0.000940033351071, 0.000652223010547, 0.000450301187811, 0.000377934513381], "dvar2": [0.00583279505372, 0.00355301448144, 0.0022078929469, 0.0015652544098, 0.0010195618961, 0.000876573380083], "max": [-0.306834191084, -0.433939248323, -0.477908819914, -0.546482264996, -0.527125716209, -0.517689049244], "mean": [-0.654638767242, -0.749008595943, -0.787338078022, -0.784558057785, -0.776521861553, -0.760682165623], "median": [-0.653993964195, -0.756648421288, -0.798336386681, -0.790002465248, -0.784088730812, -0.761355519295], "min": [-0.976226389408, -0.974201798439, -0.96919542551, -0.966422557831, -0.962716221809, -0.963453233242], "var": [0.00543337594718, 0.00583319319412, 0.00491450494155, 0.00366182555445, 0.00358350295573, 0.00234259781428]}, "spectral_contrast_valleys": {"dmean": [0.467954605818, 0.418311685324, 0.385033249855, 0.356107115746, 0.328535884619, 0.389248907566], "dmean2": [0.721881210804, 0.642415642738, 0.575727343559, 0.512377202511, 0.448378056288, 0.463666856289], "dvar": [0.219491407275, 0.173071265221, 0.152575150132, 0.137059375644, 0.146393343806, 0.208121061325], "dvar2": [0.464999645948, 0.362268298864, 0.301664203405, 0.245714262128, 0.263047784567, 0.345999419689], "max": [-4.89345359802, -5.11578178406, -5.38317537308, -5.37764024734, -5.37804508209, -7.23070335388], "mean": [-7.33382940292, -7.370408535, -7.71334886551, -7.80263566971, -7.6440486908, -10.0637531281], "median": [-7.15656042099, -7.17360544205, -7.53746032715, -7.62924337387, -7.45217037201, -9.85441207886], "min": [-28.0337276459, -27.6669750214, -27.6596221924, -27.5696735382, -27.4852981567, -27.3345832825], "var": [1.74985301495, 1.76832056046, 1.79333913326, 1.86765980721, 1.82381749153, 1.90153241158]}, "spectral_decrease": {"dmean": 3.90354504276e-09, "dmean2": 6.38021901977e-09, "dvar": 6.5014139598e-17, "dvar2": 1.6811682297e-16, "max": 1.05357925385e-28, "mean": -5.6607047938e-09, "median": -3.44146178222e-09, "min": -6.64050645582e-08, "var": 5.73538978778e-17}, "spectral_energy": {"dmean": 0.0153276966885, "dmean2": 0.0248633082956, "dvar": 0.000972679525148, "dvar2": 0.00250696646981, "max": 0.257661432028, "mean": 0.0232769325376, "median": 0.0145862791687, "min": 1.00510570828e-20, "var": 0.0008871666505}, "spectral_energyband_high": {"dmean": 0.000519046443515, "dmean2": 0.000651171023492, "dvar": 7.30821568595e-07, "dvar2": 1.13484384201e-06, "max": 0.02901426889, "mean": 0.00124774046708, "median": 0.000587827584241, "min": 7.10428511956e-21, "var": 3.36542120749e-06}, "spectral_energyband_low": {"dmean": 0.0101440614089, "dmean2": 0.0171017348766, "dvar": 0.000532969017513, "dvar2": 0.00140200741589, "max": 0.16471734643, "mean": 0.0108319530264, "median": 0.00506720039994, "min": 4.4698581762e-23, "var": 0.000408911786508}, "spectral_energyband_middle_high": {"dmean": 0.00176120118704, "dmean2": 0.00251993280835, "dvar": 6.91298646416e-06, "dvar2": 1.41990522025e-05, "max": 0.101858660579, "mean": 0.00470704119653, "median": 0.00291728368029, "min": 1.28823373862e-21, "var": 3.2860058127e-05}, "spectral_energyband_middle_low": {"dmean": 0.00616532471031, "dmean2": 0.0105179222301, "dvar": 0.000198707610252, "dvar2": 0.000540223671123, "max": 0.156970366836, "mean": 0.00816576369107, "median": 0.00457279663533, "min": 1.87969208516e-22, "var": 0.000159482748131}, "spectral_entropy": {"dmean": 0.153863921762, "dmean2": 0.218904212117, "dvar": 0.0278744027019, "dvar2": 0.05295644328, "max": 9.82097148895, "mean": 7.77631521225, "median": 7.81891775131, "min": 4.70970439911, "var": 0.160145580769}, "spectral_flux": {"dmean": 0.0349797606468, "dmean2": 0.0525809340179, "dvar": 0.00301622180268, "dvar2": 0.00534211751074, "max": 0.45265853405, "mean": 0.0847750306129, "median": 0.0618454217911, "min": 6.45919567832e-11, "var": 0.00534715689719}, "spectral_kurtosis": {"dmean": 1.14286005497, "dmean2": 1.83627891541, "dvar": 2.70358324051, "dvar2": 6.83756923676, "max": 37.1368370056, "mean": 3.77610850334, "median": 3.25888943672, "min": -1.25166511536, "var": 5.9605474472}, "spectral_rms": {"dmean": 0.00121037347708, "dmean2": 0.00180601060856, "dvar": 3.64801712749e-06, "dvar2": 8.60812815517e-06, "max": 0.0158548727632, "mean": 0.00414114771411, "median": 0.00377233559266, "min": 3.13143890159e-12, "var": 5.56009626962e-06}, "spectral_rolloff": {"dmean": 656.321350098, "dmean2": 1033.89331055, "dvar": 914827.625, "dvar2": 1797404.5, "max": 19164.5507812, "mean": 2042.26721191, "median": 1722.65625, "min": 21.533203125, "var": 3312880.75}, "spectral_skewness": {"dmean": 0.17772307992, "dmean2": 0.271084696054, "dvar": 0.0423795767128, "dvar2": 0.0957292467356, "max": 5.03994941711, "mean": 1.41419005394, "median": 1.3968770504, "min": -0.193103075027, "var": 0.181571826339}, "spectral_spread": {"dmean": 653281, "dmean2": 909413.3125, "dvar": 655894511616, "dvar2": 1260045729790.0, "max": 42100564, "mean": 5202535, "median": 4887766.5