{"lowlevel": {"average_loudness": 0.250722110271, "barkbands": {"dmean": [5.85805610172e-05, 0.000239240034716, 0.00142690865323, 0.00107310526073, 0.00390380900353, 0.00114882085472, 0.000106734820292, 0.000150124629727, 0.000122941914015, 2.6527844966e-05, 2.17085616896e-05, 8.10399942566e-05, 7.46836085455e-05, 0.00012755348871, 0.000167862497619, 5.40561959497e-05, 4.61411545984e-05, 5.978925401e-05, 1.7269350792e-05, 4.12890403823e-05, 2.12303457374e-05, 4.58021349914e-06, 7.62134277466e-06, 1.75782060978e-05, 6.3772449721e-06, 5.03011108322e-07, 1.85379516182e-08], "dmean2": [0.000100320656202, 0.000385141756851, 0.0021660362836, 0.00171455321833, 0.00589736364782, 0.00170384743251, 0.000159609800903, 0.000227339696721, 0.000177861438715, 3.91975227103e-05, 2.9453120078e-05, 0.000108778687718, 9.92745553958e-05, 0.000181161405635, 0.000252378144069, 7.69901671447e-05, 7.03101613908e-05, 8.81633532117e-05, 2.54699552897e-05, 5.92184587731e-05, 3.36267003149e-05, 6.55570374875e-06, 1.12541156341e-05, 2.64285954472e-05, 9.73118403635e-06, 6.86218754709e-07, 2.78857665847e-08], "dvar": [3.39636163638e-09, 2.745098584e-07, 1.73116077349e-05, 9.25493259274e-06, 3.99069504056e-05, 7.69326834416e-06, 8.07009428172e-08, 2.03815744726e-07, 1.14928091932e-07, 1.21598970892e-08, 1.0856573418e-08, 3.08424830564e-07, 1.70868617033e-07, 4.88172133828e-07, 1.63032848377e-06, 5.51464403031e-08, 3.17313855192e-08, 4.167582901e-08, 3.01685765258e-09, 2.95876638745e-08, 1.01849408907e-08, 8.60646276468e-10, 4.22781498699e-09, 9.37221287245e-08, 1.80049042342e-08, 5.64761258592e-11, 2.21515531206e-14], "dvar2": [8.52088266612e-09, 5.43590488178e-07, 3.43284118571e-05, 1.94122039829e-05, 9.34700874495e-05, 1.70946404978e-05, 1.74997794034e-07, 4.7019767635e-07, 2.29447351785e-07, 2.43596076643e-08, 1.99410266077e-08, 5.22197865394e-07, 2.9185835615e-07, 9.16630938264e-07, 3.81963400287e-06, 9.41296107726e-08, 7.34931617785e-08, 8.91535449909e-08, 5.95767613021e-09, 7.03548650449e-08, 2.94308861726e-08, 1.63300384326e-09, 1.10132276632e-08, 1.93903787249e-07, 2.83971797188e-08, 8.45024189511e-11, 4.29069316697e-14], "max": [0.000877017679159, 0.0257717482746, 0.181991100311, 0.104879699647, 0.160473719239, 0.0671823248267, 0.0110795265064, 0.0159107595682, 0.0107764760032, 0.00612327177078, 0.0042733089067, 0.0253197625279, 0.021413648501, 0.0500235930085, 0.0558880493045, 0.00813009310514, 0.00774460658431, 0.00779814459383, 0.00132962339558, 0.00763148581609, 0.00285245431587, 0.00168112583924, 0.00506343739107, 0.0274086315185, 0.0121100842953, 0.000788091856521, 1.39595995279e-05], "mean": [8.26500327094e-05, 0.000405007274821, 0.00343446014449, 0.0025118526537, 0.00952616892755, 0.00346691138111, 0.000259045540588, 0.000332454917952, 0.000268087751465, 5.76133825234e-05, 4.09100284742e-05, 0.000156782421982, 0.00014860794181, 0.000231153870118, 0.000316667661536, 0.00010130602459, 0.000102765305201, 0.000140193296829, 3.31588053086e-05, 0.000115491006, 3.70073321392e-05, 6.65369861963e-06, 1.11035542432e-05, 2.66545976046e-05, 9.58615146374e-06, 8.54860843447e-07, 5.68803208978e-08], "median": [6.04799279245e-05, 0.000193612955627, 0.00159306218848, 0.000800570938736, 0.00629014894366, 0.000692130532116, 0.000110121152829, 7.3748145951e-05, 6.89729786245e-05, 1.26082231873e-05, 7.32043736207e-06, 1.20388904179e-05, 1.24166917885e-05, 1.93801715795e-05, 9.85742917692e-06, 8.32122532302e-06, 6.6423572207e-06, 8.60988711793e-06, 4.34022604168e-06, 5.82846632824e-06, 2.26141128223e-06, 2.6140824616e-07, 1.00016859506e-06, 1.97101689992e-06, 4.81058805235e-07, 1.02949655911e-07, 4.3028478558e-08], "min": [1.96334450779e-25, 3.20280189925e-24, 3.78258680794e-25, 3.44406169509e-25, 3.80729753067e-24, 7.98957772605e-24, 7.23605068964e-24, 4.38401993341e-24, 1.07487007836e-23, 1.13823777604e-23, 1.47410808598e-23, 2.60628693696e-23, 2.86068669028e-23, 1.94828322533e-23, 4.55166999405e-23, 4.29412552561e-23, 5.92970334148e-23, 7.83447615472e-23, 1.28576729243e-22, 1.56331342378e-22, 2.34959885592e-22, 2.53936874989e-22, 3.71465689296e-22, 6.08760754628e-22, 8.8437906139e-22, 1.22692574099e-21, 1.86542900037e-21], "var": [5.93915894243e-09, 6.4781806941e-07, 4.12997396779e-05, 3.13378805004e-05, 0.000115267728688, 4.6483353799e-05, 2.46739517706e-07, 6.58193926029e-07, 4.31325503314e-07, 4.7201336173e-08, 2.61261678958e-08, 8.83642314875e-07, 6.2017198843e-07, 3.09351321448e-06, 4.80800736113e-06, 1.89804993056e-07, 1.55041931293e-07, 2.1900139302e-07, 8.58986926033e-09, 2.14551747035e-07, 2.15977777884e-08, 2.06768824285e-09, 7.46845341126e-09, 1.70864552729e-07, 4.09401081924e-08, 1.54855087087e-10, 5.41390899938e-14]}, "barkbands_crest": {"dmean": 2.36135172844, "dmean2": 3.73988580704, "dvar": 4.95346593857, "dvar2": 11.8500413895, "max": 26.2876586914, "mean": 14.9923658371, "median": 14.593952179, "min": 4.02006816864, "var": 19.7924480438}, "barkbands_flatness_db": {"dmean": 0.0228378660977, "dmean2": 0.0344596281648, "dvar": 0.000507025921252, "dvar2": 0.00110014621168, "max": 0.449809461832, "mean": 0.260523498058, "median": 0.257176488638, "min": 0.0459149107337, "var": 0.00386117585003}, "barkbands_kurtosis": {"dmean": 9.03099632263, "dmean2": 13.9763441086, "dvar": 171.636474609, "dvar2": 402.078613281, "max": 248.749145508, "mean": 23.9873867035, "median": 18.0638332367, "min": -1.93537390232, "var": 534.320861816}, "barkbands_skewness": {"dmean": 0.699728310108, "dmean2": 1.07002818584, "dvar": 0.572777330875, "dvar2": 1.32717704773, "max": 12.2137479782, "mean": 3.11315560341, "median": 3.01652669907, "min": -2.25550174713, "var": 2.71873521805}, "barkbands_spread": {"dmean": 1.98840093613, "dmean2": 2.92420935631, "dvar": 17.1884689331, "dvar2": 33.9646377563, "max": 110.70426178, "mean": 6.71464490891, "median": 3.59545898438, "min": 0.277125477791, "var": 75.1181640625}, "dissonance": {"dmean": 0.0286567732692, "dmean2": 0.0466064959764, "dvar": 0.000656920426991, "dvar2": 0.00174737838097, "max": 0.499998211861, "mean": 0.408262223005, "median": 0.41392493248, "min": 0.18108060956, "var": 0.0022668952588}, "dynamic_complexity": 3.51364564896, "erbbands": {"dmean": [0.00633125053719, 0.0828444957733, 1.27659630775, 2.35593533516, 9.08226013184, 15.095489502, 15.1717119217, 6.9370598793, 1.70180618763, 2.17574596405, 3.77586245537, 2.45515465736, 1.59670186043, 0.861205279827, 0.903739631176, 3.30984354019, 3.44871640205, 4.15137481689, 9.41362476349, 3.41127157211, 2.15215134621, 2.6367866993, 3.28723168373, 1.41592133045, 0.717920601368, 1.7966054678, 1.1730389595, 0.263965517282, 0.182062417269, 0.118210487068, 0.238921970129, 0.328270107508, 0.303799569607, 0.105545014143, 0.0279997475445, 0.00437009241432, 0.000554283964448, 4.85162418045e-05, 5.3875296544e-06, 6.85656641508e-06], "dmean2": [0.0110713513568, 0.128259837627, 1.94677317142, 3.69321966171, 14.2981595993, 22.4917621613, 22.1801605225, 10.0838813782, 2.25030207634, 3.27770614624, 5.65620708466, 3.73458814621, 2.19973087311, 1.28931963444, 1.09946930408, 4.43635845184, 4.3183426857, 5.55122613907, 13.5214004517, 4.84927988052, 3.2461848259, 3.83743596077, 4.81854486465, 2.04130911827, 0.981765270233, 2.57201933861, 1.63722848892, 0.37952002883, 0.2640376091, 0.167728915811, 0.350215792656, 0.486703455448, 0.459576249123, 0.163183972239, 0.0418861173093, 0.00627078255638, 0.000792083737906, 6.60475707264e-05, 7.8923185356e-06, 1.03515058072e-05], "dvar": [7.40580726415e-05, 0.0507917739451, 14.6748142242, 29.5725460052, 582.208557129, 560.940063477, 886.804016113, 531.755249023, 27.7094020844, 35.7440032959, 146.425308228, 44.0731163025, 32.0558662415, 9.51293373108, 20.3479957581, 509.813812256, 440.478485107, 327.693145752, 5137.19091797, 293.086334229, 51.2634162903, 136.477432251, 136.292831421, 19.391746521, 5.90636444092, 59.0389328003, 21.6241798401, 1.47284162045, 1.34836792946, 0.658880293369, 4.18385887146, 13.5005922318, 44.9506874084, 4.43903446198, 0.460401505232, 0.00686479080468, 3.26467052219e-05, 3.23480662701e-07, 1.00284258675e-09, 1.5364581829e-10], "dvar2": [0.000208404409932, 0.0963742434978, 29.340511322, 61.0925483704, 1275.05187988, 1351.98156738, 2023.60180664, 1170.62561035, 40.7805862427, 82.2146148682, 338.904907227, 102.152198792, 53.1881332397, 22.0005302429, 26.5420837402, 875.767272949, 737.763549805, 476.678924561, 10117.9228516, 544.86932373, 116.640129089, 282.940795898, 295.516174316, 40.1063766479, 11.7451038361, 133.018371582, 42.0848197937, 3.28413200378, 2.88859224319, 1.37266385555, 10.5104751587, 29.3778457642, 90.9071884155, 7.27452516556, 0.698508322239, 0.0109412167221, 4.97204928251e-05, 3.46726039879e-07, 1.3163112822e-09, 2.98670949084e-10], "max": [0.169073104858, 8.98778247833, 160.58531189, 211.429870605, 725.975280762, 476.783721924, 727.185913086, 704.29901123, 152.054992676, 227.63571167, 449.33895874, 190.41506958, 235.251739502, 117.572647095, 333.392425537, 927.184936523, 1032.70483398, 1573.39672852, 3653.57275391, 728.192077637, 244.129898071, 512.545959473, 427.793273926, 124.611473083, 83.1298141479, 424.399017334, 246.721160889, 49.2694664001, 64.7498016357, 46.6174125671, 156.865509033, 323.376861572, 601.779846191, 189.241622925, 60.9753990173, 8.12362670898, 0.589139342308, 0.060976088047, 0.00310562062077, 0.000562099390663], "mean": [0.00917823985219, 0.162874490023, 2.93190693855, 6.71398067474, 15.9051361084, 39.3843421936, 41.3494186401, 22.8637084961, 4.47422885895, 5.33036375046, 8.91832733154, 5.95964574814, 3.26318097115, 1.97328722477, 2.20933532715, 6.70227479935, 7.27790641785, 10.0663499832, 20.6679992676, 7.62860774994, 5.30269813538, 6.10750198364, 7.67310142517, 3.44153165817, 1.84331405163, 5.43570280075, 3.68579626083, 0.558848619461, 0.26100435853, 0.172939658165, 0.358247101307, 0.544902563095, 0.423687636852, 0.158635944128, 0.0427902191877, 0.00695473561063, 0.00101429107599, 0.000108717518742, 2.12218110391e-05, 2.53194812103e-05], "median": [0.00566164124757, 0.0726037845016, 1.3404006958, 3.83924818039, 6.37056303024, 23.7521018982, 18.0433044434, 4.891954422, 1.66466808319, 2.23066854477, 2.05547046661, 1.68533098698, 0.841452002525, 0.549569010735, 0.341962844133, 0.567361354828, 0.623336553574, 1.21534526348, 0.835651516914, 0.552958250046, 0.524455726147, 0.416406780481, 0.461839199066, 0.344660460949, 0.201505184174, 0.28460636735, 0.198689624667, 0.0415829904377, 0.0139505201951, 0.0106924260035, 0.0343684777617, 0.0523908920586, 0.0227205939591, 0.00813922472298, 0.00187238492072, 0.000604246510193, 0.000171733467141, 3.87202126149e-05, 1.5117167095e-05, 1.84658983926e-05], "min": [7.32114606212e-23, 5.19136967143e-22, 2.65946725651e-21, 5.29574720257e-21, 1.00314446628e-20, 1.4086157202e-20, 6.14973759504e-20, 7.40256984118e-20, 8.96848994917e-20, 8.29705129008e-20, 2.36327103669e-19, 3.64751262315e-19, 4.71336612019e-19, 7.45312892967e-19, 1.06092624063e-18, 1.25907828694e-18, 1.74936829513e-18, 1.77531819172e-18, 2.89478038538e-18, 2.33939498529e-18, 3.14304251622e-18, 4.21891725468e-18, 5.61192332062e-18, 7.15899756592e-18, 7.25403151932e-18, 8.04390959497e-18, 8.9256518679e-18, 1.09498091489e-17, 8.66356134518e-18, 1.29701977951e-17, 1.1469715325e-17, 1.19416582604e-17, 9.08248944795e-18, 7.93287300544e-18, 6.24544068585e-18, 4.0954928083e-18, 2.14772441607e-18, 9.39706850965e-19, 2.20636004437e-19, 2.50089414814e-20], "var": [0.000114063906949, 0.108197525144, 31.8437900543, 112.128608704, 1057.15771484, 2060.00805664, 3616.81713867, 4114.90380859, 114.50112915, 107.217155457, 495.068389893, 182.996780396, 96.9181289673, 30.1917972565, 116.634223938, 1573.02722168, 1659.87194824, 3185.56518555, 18684.8378906, 1161.36572266, 265.378875732, 556.317382812, 667.804870605, 90.1408081055, 25.4513187408, 485.123535156, 216.251693726, 3.74632334709, 2.87086749077, 1.4496588707, 7.85480976105, 23.5982093811, 83.4336700439, 10.2092618942, 1.05272936821, 0.0158688761294, 9.96225644485e-05, 1.32419359034e-06, 3.38514016818e-09, 6.90834833783e-10]}, "erbbands_crest": {"dmean": 2.83690500259, "dmean2": 4.35334777832, "dvar": 7.12792634964, "dvar2": 16.4337501526, "max": 31.5551681519, "mean": 14.7098522186, "median": 13.9646263123, "min": 2.5137720108, "var": 31.9095478058}, "erbbands_flatness_db": {"dmean": 0.0184755269438, "dmean2": 0.0273645054549, "dvar": 0.000354252581019, "dvar2": 0.000756932422519, "max": 0.366974145174, "mean": 0.233551323414, "median": 0.232795998454, "min": 0.0352459959686, "var": 0.00231180363335}, "erbbands_kurtosis": {"dmean": 3.25258660316, "dmean2": 4.8877491951, "dvar": 28.3874187469, "dvar2": 61.9859580994, "max": 105.24256134, "mean": 6.62213230133, "median": 3.01825642586, "min": -1.90567922592, "var": 107.682998657}, "erbbands_skewness": {"dmean": 0.512577533722, "dmean2": 0.746190369129, "dvar": 0.285893440247, "dvar2": 0.595828950405, "max": 9.26125431061, "mean": 1.85692071915, "median": 1.76240634918, "min": -2.65667700768, "var": 2.18724536896}, "erbbands_spread": {"dmean": 6.12045288086, "dmean2": 8.94674301147, "dvar": 91.1108856201, "dvar2": 170.016021729, "max": 170.23638916, "mean": 27.8503341675, "median": 23.0936737061, "min": 1.61049473286, "var": 437.796569824}, "gfcc": {"cov": [[22162.9316406, 1767.77355957, -3173.0402832, 880.855529785, -980.610900879, -211.263076782, -1054.99572754, -61.8618202209, -598.279296875, -247.786529541, 44.3449287415, -785.986633301, 68.2301712036], [1767.77355957, 1106.03417969, -33.3469772339, -300.752197266, 115.630905151, -127.443916321, 31.8561534882, -122.694641113, -53.3119392395, -129.643173218, 0.925108611584, -52.0371665955, -67.7973861694], [-3173.0402832, -33.3469772339, 1084.44128418, -155.456542969, 53.3171615601, 161.29119873, 125.156280518, -38.2468643188, 105.186904907, 0.835663020611, -99.4700775146, 176.928329468, -84.7521743774], [880.855529785, -300.752197266, -155.456542969, 445.520843506, -72.057510376, -97.9957199097, -52.7834701538, 68.1302947998, -5.13414669037, 18.5062427521, -14.8072624207, 5.99491834641, 47.9078063965], [-980.610900879, 115.630905151, 53.3171615601, -72.057510376, 287.537963867, -70.591178894, 25.5594024658, -8.96379089355, 34.1177444458, -12.8303689957, -18.189704895, 3.81890869141, 4.48693799973], [-211.263076782, -127.443916321, 161.29119873, -97.9957199097, -70.591178894, 335.836639404, 18.034412384, -38.2972564697, -0.163629353046, 24.1682987213, 8.65187168121, -44.5972290039, -61.4815750122], [-1054.99572754, 31.8561534882, 125.156280518, -52.7834701538, 25.5594024658, 18.034412384, 262.602233887, 11.8668079376, -33.2763710022, 3.59617066383, 32.7920227051, 57.8984146118, -33.2029800415], [-61.8618202209, -122.694641113, -38.2468643188, 68.1302947998, -8.96379089355, -38.2972564697, 11.8668079376, 129.158935547, 23.8531169891, 23.5651664734, 0.70427942276, 19.5111160278, 25.9036197662], [-598.279296875, -53.3119392395, 105.186904907, -5.13414669037, 34.1177444458, -0.163629353046, -33.2763710022, 23.8531169891, 120.780349731, 18.5663852692, -42.714717865, 22.9263591766, -2.67705702782], [-247.786529541, -129.643173218, 0.835663020611, 18.5062427521, -12.8303689957, 24.1682987213, 3.59617066383, 23.5651664734, 18.5663852692, 95.1502685547, 11.5514039993, -6.72786331177, 13.3314428329], [44.3449287415, 0.925108611584, -99.4700775146, -14.8072624207, -18.189704895, 8.65187168121, 32.7920227051, 0.70427942276, -42.714717865, 11.5514039993, 120.729904175, -7.20535373688, 10.5493383408], [-785.986633301, -52.0371665955, 176.928329468, 5.99491834641, 3.81890869141, -44.5972290039, 57.8984146118, 19.5111160278, 22.9263591766, -6.72786331177, -7.20535373688, 155.245986938, 8.65375423431], [68.2301712036, -67.7973861694, -84.7521743774, 47.9078063965, 4.48693799973, -61.4815750122, -33.2029800415, 25.9036197662, -2.67705702782, 13.3314428329, 10.5493383408, 8.65375423431, 99.2701873779]], "icov": [[0.000696291564964, -0.00201222347096, 0.00156942592002, -0.00177142838947, 0.00169924239162, -0.00144086440559, 0.00211123377085, -0.00100753339939, 0.00201806635596, -0.000454955647001, 0.0013396582799, -0.000260328088189, 0.00033767381683], [-0.00201222347096, 0.00755256181583, -0.00456143124029, 0.00624212948605, -0.00496790325269, 0.00541655533016, -0.00625342410058, 0.00371196656488, -0.00556797673926, 0.0028370898217, -0.00390716828406, 0.00161495793145, -0.00010337473941], [0.00156942592002, -0.00456143124029, 0.00526767922565, -0.00377622479573, 0.0035808023531, -0.00417617475614, 0.00431584008038, -0.00177790760063, 0.00372267141938, -0.00122254935559, 0.00417493050918, -0.00259788497351, 0.00133226078469], [-0.00177142838947, 0.00624212948605, -0.00377622479573, 0.0081383921206, -0.00359372305684, 0.00513984682038, -0.00509932730347, 0.0019586912822, -0.00456561520696, 0.0016445243964, -0.00270000728779, 0.000992124550976, -0.00068539014319], [0.00169924239162, -0.00496790325269, 0.0035808023531, -0.00359372305684, 0.00848050881177, -0.002205503406, 0.00438167247921, -0.00204981071874, 0.003438585205, -0.000733158027288, 0.00346690719016, 0.000383186416002, 0.000271181430435], [-0.00144086440559, 0.00541655533016, -0.00417617475614, 0.00513984682038, -0.002205503406, 0.00851386971772, -0.00455070612952, 0.00311092357151, -0.00408477475867, 0.000845130940434, -0.00351270148531, 0.00327850366011, 0.00154632760677], [0.00211123377085, -0.00625342410058, 0.00431584008038, -0.00509932730347, 0.00438167247921, -0.00455070612952, 0.0118113486096, -0.00444942293689, 0.00856009870768, -0.00229737418704, 0.00282666971907, -0.00278958119452, 0.00300096231513], [-0.00100753339939, 0.00371196656488, -0.00177790760063, 0.0019586912822, -0.00204981071874, 0.00311092357151, -0.00444942293689, 0.0118031520396, -0.0054149851203, -0.000214295461774, -0.00202273088507, 4.44074294137e-06, -0.00168699445203], [0.00201806635596, -0.00556797673926, 0.00372267141938, -0.00456561520696, 0.003438585205, -0.00408477475867, 0.00856009870768, -0.0054149851203, 0.0183010399342, -0.00382689014077, 0.00684129167348, -0.00216187816113, 0.00225158594549], [-0.000454955647001, 0.0028370898217, -0.00122254935559, 0.0016445243964, -0.000733158027288, 0.000845130940434, -0.00229737418704, -0.000214295461774, -0.00382689014077, 0.0141684813425, -0.00263433018699, 0.00227175583132, -0.00166705844458], [0.0013396582799, -0.00390716828406, 0.00417493050918, -0.00270000728779, 0.00346690719016, -0.00351270148531, 0.00282666971907, -0.00202273088507, 0.00684129167348, -0.00263433018699, 0.0135579053313, -0.00155108352192, -0.000348116911482], [-0.000260328088189, 0.00161495793145, -0.00259788497351, 0.000992124550976, 0.000383186416002, 0.00327850366011, -0.00278958119452, 4.44074294137e-06, -0.00216187816113, 0.00227175583132, -0.00155108352192, 0.0109882121906, -0.00149232707918], [0.00033767381683, -0.00010337473941, 0.00133226078469, -0.00068539014319, 0.000271181430435, 0.00154632760677, 0.00300096231513, -0.00168699445203, 0.00225158594549, -0.00166705844458, -0.000348116911482, -0.00149232707918, 0.0140800783411]], "mean": [-130.881576538, 143.966964722, -83.0229568481, 33.1255950928, -47.0195159912, -9.01233768463, -52.590713501, -9.0049495697, -28.2351799011, -12.8882484436, -8.47801780701, -21.3773841858, -4.30163002014]}, "hfc": {"dmean": 2.02856183052, "dmean2": 2.90127444267, "dvar": 30.7674598694, "dvar2": 56.2167816162, "max": 423.694458008, "mean": 8.25600719452, "median": 4.46551895142, "min": 1.08043671399e-16, "var": 175.330169678}, "melbands": {"dmean": [5.47752533748e-05, 0.000470711383969, 0.000596474856138, 0.000833660538774, 0.00057369255228, 0.000161370640853, 2.84106627078e-05, 2.32450729527e-05, 3.15733959724e-05, 1.570106906e-05, 8.33570084069e-06, 3.50013101524e-06, 2.67822565547e-06, 6.65454581394e-06, 1.04568252937e-05, 7.61291312301e-06, 8.98698090168e-06, 1.65392084455e-05, 1.00072529676e-05, 4.91246191814e-06, 2.71306885224e-06, 3.60213675776e-06, 2.39630776377e-06, 3.8235853026e-06, 1.13634371246e-06, 4.90307741075e-07, 7.36204185614e-07, 1.46386685174e-06, 1.06789161691e-06, 3.03649272837e-07, 1.24562276937e-07, 1.17591916649e-07, 7.8507099488e-08, 6.46883364652e-08, 1.17731012494e-07, 2.0638509568e-07, 2.09155572861e-07, 2.65166733016e-07, 1.06897047658e-07, 9.25881806779e-08], "dmean2": [9.14873162401e-05, 0.000717044167686, 0.000928332330659, 0.00128187658265, 0.000834175094496, 0.000235328960116, 3.75037707272e-05, 3.51740418409e-05, 4.72479005111e-05, 2.36886207858e-05, 1.14323220259e-05, 5.27763813807e-06, 3.39187772624e-06, 8.80859624885e-06, 1.32788009068e-05, 1.00584966276e-05, 1.19228152471e-05, 2.14906285692e-05, 1.35941254484e-05, 6.64703929942e-06, 4.07959669246e-06, 5.36034758625e-06, 3.61301704288e-06, 5.7299312175e-06, 1.68437270531e-06, 7.02641273165e-07, 1.03842592125e-06, 2.17409524339e-06, 1.50363075591e-06, 4.51715550298e-07, 1.8686036185e-07, 1.79212420903e-07, 1.14323313483e-07, 9.31445640617e-08, 1.7342138392e-07, 3.11997894187e-07, 3.11416698651e-07, 4.12191013766e-07, 1.60180036346e-07, 1.43010737474e-07], "dvar": [8.21750667512e-09, 1.95744132725e-06, 2.30596879192e-06, 2.26593101615e-06, 8.78988032582e-07, 2.17472859276e-07, 7.24547133402e-09, 3.56526830281e-09, 1.01971000532e-08, 2.13811834904e-09, 8.94120666395e-10, 1.56303206489e-10, 1.36492428471e-10, 1.52519596952e-09, 5.70139624401e-09, 1.65638147642e-09, 1.73180925156e-09, 1.43367921979e-08, 4.56328930198e-09, 6.77538580796e-10, 8.55995621607e-11, 2.90504897915e-10, 1.05176638232e-10, 2.21139939693e-10, 1.38364736335e-11, 3.2267051444e-12, 6.94761999667e-12, 4.54591399246e-11, 1.93887562255e-11, 1.8303871873e-12, 4.75639276229e-13, 6.66020190387e-13, 3.73526405119e-13, 1.90128511893e-13, 9.40217088213e-13, 3.00554329688e-12, 6.80490733207e-12, 3.99029941034e-11, 2.33842242445e-12, 4.25168233953e-12], "dvar2": [1.91847355779e-08, 3.87220234188e-06, 4.60377259515e-06, 5.26683834323e-06, 2.0217232759e-06, 4.75120884857e-07, 1.02948289893e-08, 8.12772871228e-09, 2.35418298189e-08, 4.88315299307e-09, 1.4646610591e-09, 3.6189712338e-10, 1.98079649905e-10, 2.668731236e-09, 9.14026898613e-09, 3.1902633868e-09, 2.4868032078e-09, 2.26811209814e-08, 7.91863996596e-09, 1.02116926026e-09, 1.83501186468e-10, 6.05105576756e-10, 2.27959914834e-10, 4.54692672403e-10, 2.96557813029e-11, 6.14818525951e-12, 1.34783286962e-11, 1.1213852763e-10, 3.85652690338e-11, 4.13384430853e-12, 1.09905856117e-12, 1.6784805967e-12, 8.164134516e-13, 4.22052692274e-13, 2.27956087166e-12, 7.69847380289e-12, 1.51649821173e-11, 7.95927768138e-11, 4.5091031603e-12, 7.04038953872e-12], "max": [0.00387854222208, 0.058630220592, 0.0623129978776, 0.0414047911763, 0.0218354612589, 0.0135100781918, 0.00219040503725, 0.00215072045103, 0.00369795085862, 0.00142107473221, 0.00117742910516, 0.000473053543828, 0.000696367758792, 0.0018440700369, 0.00358101679012, 0.00199631694704, 0.00391916884109, 0.00615132367238, 0.00293201673776, 0.000809371704236, 0.000209302030271, 0.000711707747541, 0.000498078996316, 0.000438033457613, 8.37954430608e-05, 9.18674340937e-05, 0.000140603107866, 0.000328574562445, 0.000253577367403, 4.10924003518e-05, 2.82032997347e-05, 4.41799274995e-05, 4.11789660575e-05, 2.1451853172e-05, 6.926558126e-05, 0.000142816643347, 0.00022802593594, 0.000552319397684, 0.000143992583617, 0.000187018187717], "mean": [9.02358369785e-05, 0.00108486483805, 0.00143774901517, 0.00192002672702, 0.00158107699826, 0.000516353175044, 6.71773668728e-05, 5.51928496861e-05, 7.4027608207e-05, 3.64600091416e-05, 1.58883285621e-05, 7.7199701991e-06, 6.08641039435e-06, 1.37706474561e-05, 1.7819702407e-05, 1.51729973368e-05, 1.90372447832e-05, 3.46017841366e-05, 1.79411963472e-05, 8.16878673504e-06, 5.23405924469e-06, 6.84573706167e-06, 5.49110200154e-06, 7.39927145332e-06, 2.24383143177e-06, 1.01516877749e-06, 1.874551117e-06, 4.16723923991e-06, 3.14861426887e-06, 6.4677425371e-07, 1.90287252622e-07, 1.5362863337e-07, 1.04959930525e-07, 8.87172149078e-08, 1.62581258678e-07, 3.34996798301e-07, 3.32322940721e-07, 3.6240925283e-07, 1.49866210108e-07, 1.32764370164e-07], "median": [5.16373984283e-05, 0.000496515887789, 0.000747885147575, 0.00120641780086, 0.000939529505558, 0.000103631224192, 2.40348181251e-05, 2.22142552957e-05, 1.58360126079e-05, 9.28891586227e-06, 3.55377574124e-06, 1.90725063476e-06, 1.05594915567e-06, 1.13745613817e-06, 1.09344603061e-06, 1.51395272496e-06, 2.14615783989e-06, 1.26835266201e-06, 7.54103609779e-07, 6.15633325651e-07, 5.40366045243e-07, 4.26837743817e-07, 2.99328803521e-07, 4.13627503804e-07, 2.43950239565e-07, 1.2836628116e-07, 1.32691070576e-07, 1.80465349331e-07, 1.459899579e-07, 3.84879541571e-08, 1.3619981587e-08, 5.99487925967e-09, 3.32923177915e-09, 4.76677897154e-09, 1.16401981387e-08, 3.27173310666e-08, 2.76253686593e-08, 1.48726719829e-08, 9.45801126306e-09, 4.75101691322e-09], "min": [1.44478494285e-24, 1.74990076098e-24, 1.43868980906e-24, 4.85548718937e-25, 2.18156367338e-24, 1.61056248436e-24, 1.3977689315e-24, 6.9003467899e-25, 2.40081355971e-24, 1.77872297745e-24, 2.10971422214e-24, 2.73012295295e-24, 2.72070415095e-24, 2.30227063315e-24, 2.47979884949e-24, 2.87353490729e-24, 2.56619016266e-24, 3.46106056291e-24, 3.17050317278e-24, 2.6085600791e-24, 3.11022059177e-24, 3.26165624759e-24, 3.73713900277e-24, 3.35472684605e-24, 5.13599922473e-24, 3.91726513529e-24, 3.99830363279e-24, 5.55163859721e-24, 4.1710042176e-24, 4.75400279771e-24, 5.19639323234e-24, 4.8430612496e-24, 4.71802403511e-24, 5.68237730389e-24, 5.34969020547e-24, 5.28664996395e-24, 5.91640866864e-24, 5.85251172418e-24, 6.08177915793e-24, 6.4954976541e-24], "var": [1.770023772e-08, 4.31306261817e-06, 6.71854468237e-06, 5.67833194509e-06, 3.69183476323e-06, 1.68113001564e-06, 2.37429134131e-08, 1.1357915497e-08, 3.43990471663e-08, 8.59345217208e-09, 2.56602872284e-09, 5.10993136693e-10, 6.80538070341e-10, 5.266565406e-09, 1.27491768254e-08, 5.31284749528e-09, 1.80657941939e-08, 5.51350005651e-08, 1.3659880338e-08, 1.65791613771e-09, 2.49734705138e-10, 8.19230849824e-10, 4.88989626568e-10, 7.01580238349e-10, 4.18582425665e-11, 9.26119510941e-12, 4.40194998508e-11, 3.1292526903e-10, 1.85393075891e-10, 5.98973388249e-12, 8.23457675745e-13, 1.12720325695e-12, 6.94329034372e-13, 3.68571465665e-13, 1.83560718708e-12, 5.08133552596e-12, 1.10830554803e-11, 7.18900147745e-11, 5.31894233519e-12, 9.44834141481e-12]}, "melbands_crest": {"dmean": 2.80950331688, "dmean2": 4.43246793747, "dvar": 6.42559814453, "dvar2": 15.6992273331, "max": 34.6694793701, "mean": 17.8115158081, "median": 17.5326080322, "min": 1.33590221405, "var": 23.1167087555}, "melbands_flatness_db": {"dmean": 0.0256112851202, "dmean2": 0.0381520800292, "dvar": 0.000706297927536, "dvar2": 0.00146353186574, "max": 0.584881365299, "mean": 0.357504665852, "median": 0.357884049416, "min": 0.000434793997556, "var": 0.00721283722669}, "melbands_kurtosis": {"dmean": 12.8202600479, "dmean2": 19.8438549042, "dvar": 371.105651855, "dvar2": 887.386352539, "max": 422.895874023, "mean": 37.0268363953, "median": 29.2371044159, "min": -1.55604279041, "var": 999.057373047}, "melbands_skewness": {"dmean": 0.772814154625, "dmean2": 1.17579686642, "dvar": 0.774622619152, "dvar2": 1.72988414764, "max": 14.5666456223, "mean": 3.85110831261, "median": 3.69908475876, "min": -0.959028542042, "var": 3.46385335922}, "melbands_spread": {"dmean": 1.95862340927, "dmean2": 2.90125465393, "dvar": 21.4516944885, "dvar2": 44.3984718323, "max": 177.130157471, "mean": 7.71902799606, "median": 3.42746734619, "min": 0.362830102444, "var": 289.271820068}, "mfcc": {"cov": [[8472.30664062, 8.93392944336, -1166.30334473, 381.86630249, 126.54737854, -415.963775635, 146.99836731, -454.403778076, -257.588745117, 287.400848389, -471.698364258, 326.050079346, -390.521972656], [8.93392944336, 1783.18371582, 70.8895492554, -60.5176124573, 52.3506889343, 27.8377475739, 21.9505596161, 31.2253665924, -97.5880432129, -74.3705749512, 25.6037349701, -98.6628952026, -27.3136959076], [-1166.30334473, 70.8895492554, 798.139038086, -115.941017151, -37.0781364441, 202.147796631, -80.5157012939, 124.54675293, 35.679649353, -58.6940040588, 90.7472305298, -64.7156295776, 72.0624389648], [381.86630249, -60.5176124573, -115.941017151, 470.972808838, 24.656211853, -154.666503906, -26.4926891327, -2.53108596802, 62.5299949646, -90.707649231, -26.2685680389, 39.9424133301, -6.07640504837], [126.54737854, 52.3506889343, -37.0781364441, 24.656211853, 260.991607666, -16.8243312836, -72.6763763428, -54.7299880981, 21.3300762177, 53.0218086243, -35.9848022461, -19.8459510803, -60.157951355], [-415.963775635, 27.8377475739, 202.147796631, -154.666503906, -16.8243312836, 251.986785889, -0.467859894037, 49.5860595703, -16.1355724335, 10.1650915146, 81.8508605957, -84.6694793701, 12.5736141205], [146.99836731, 21.9505596161, -80.5157012939, -26.4926891327, -72.6763763428, -0.467859894037, 241.237167358, -1.72236144543, -58.6441192627, 26.6052703857, -34.711391449, 77.3742523193, -7.96782779694], [-454.403778076, 31.2253665924, 124.54675293, -2.53108596802, -54.7299880981, 49.5860595703, -1.72236144543, 155.990844727, 13.9013805389, -55.8387031555, 48.7856292725, -31.4764862061, 50.9240875244], [-257.588745117, -97.5880432129, 35.679649353, 62.5299949646, 21.3300762177, -16.1355724335, -58.6441192627, 13.9013805389, 138.883972168, -17.8129043579, 17.5923042297, -24.6037216187, 13.6780023575], [287.400848389, -74.3705749512, -58.6940040588, -90.707649231, 53.0218086243, 10.1650915146, 26.6052703857, -55.8387031555, -17.8129043579, 179.106048584, -19.7007637024, -6.31134414673, -47.0684165955], [-471.698364258, 25.6037349701, 90.7472305298, -26.2685680389, -35.9848022461, 81.8508605957, -34.711391449, 48.7856292725, 17.5923042297, -19.7007637024, 176.441757202, -77.9622039795, 11.2717618942], [326.050079346, -98.6628952026, -64.7156295776, 39.9424133301, -19.8459510803, -84.6694793701, 77.3742523193, -31.4764862061, -24.6037216187, -6.31134414673, -77.9622039795, 204.743438721, 0.0575003698468], [-390.521972656, -27.3136959076, 72.0624389648, -6.07640504837, -60.157951355, 12.5736141205, -7.96782779694, 50.9240875244, 13.6780023575, -47.0684165955, 11.2717618942, 0.0575003698468, 125.969207764]], "icov": [[0.000216300380998, -2.69658721663e-05, 0.000189686121303, -0.000216612417717, 0.000197488057893, -0.000114698988909, 0.000189450292964, 0.000181927913218, 0.00029927919968, -0.000250131357461, 0.0003792544303, -0.000154605208081, 0.000430128100561], [-2.69658721663e-05, 0.000663108774461, -0.000116275885375, 0.000160591662279, -0.000322223000694, 0.000268975069048, -0.000271381868515, -7.88259203546e-05, 0.000506458862219, 0.000550782831851, -7.68969257479e-05, 0.000513363454957, 0.000125872466015], [0.000189686121303, -0.000116275885375, 0.00204109214246, -4.40745716332e-05, 0.000223583672778, -0.00150356581435, 0.000840766646434, -0.00070070871152, -0.000171566804056, -4.68000398541e-05, 0.000303000415443, -0.000636594020762, -3.92988149542e-05], [-0.000216612417717, 0.000160591662279, -4.40745716332e-05, 0.0034574822057, -0.000681206467561, 0.00192257959861, -0.000416184426285, -0.000383514416171, -0.00127478770446, 0.00203001429327, -0.000622222782113, 0.000233678831137, 0.000119284035463], [0.000197488057893, -0.000322223000694, 0.000223583672778, -0.000681206467561, 0.00572644965723, -0.000668490654789, 0.0020654888358, 0.000853166799061, -0.000449832499726, -0.00169819896109, 0.00167184800375, -0.000107411950012, 0.00223357276991], [-0.000114698988909, 0.000268975069048, -0.00150356581435, 0.00192257959861, -0.000668490654789, 0.00768795330077, -0.00134931423236, -0.000638633675408, 0.000715210160706, 0.000468854617793, -0.0020842726808, 0.00229490734637, 2.48047363129e-05], [0.000189450292964, -0.000271381868515, 0.000840766646434, -0.000416184426285, 0.0020654888358, -0.00134931423236, 0.0064338631928, -0.000715568545274, 0.00157438905444, -0.00161950162146, 0.00108796881977, -0.0024314597249, 0.000972420151811], [0.000181927913218, -7.88259203546e-05, -0.00070070871152, -0.000383514416171, 0.000853166799061, -0.000638633675408, -0.000715568545274, 0.00961596425623, -0.000203038478503, 0.00156592694111, -0.000867277907673, 0.000787123164628, -0.0018477489939], [0.00029927919968, 0.000506458862219, -0.000171566804056, -0.00127478770446, -0.000449832499726, 0.000715210160706, 0.00157438905444, -0.000203038478503, 0.00968967750669, -0.000242318419623, -0.000103614969703, 0.000705414044205, -0.000163989505381], [-0.000250131357461, 0.000550782831851, -4.68000398541e-05, 0.00203001429327, -0.00169819896109, 0.000468854617793, -0.00161950162146, 0.00156592694111, -0.000242318419623, 0.00873688515276, -0.000248232798185, 0.00128031545319, 0.00118788820691], [0.0003792544303, -7.68969257479e-05, 0.000303000415443, -0.000622222782113, 0.00167184800375, -0.0020842726808, 0.00108796881977, -0.000867277907673, -0.000103614969703, -0.000248232798185, 0.00883186142892, 0.00167425733525, 0.00150904594921], [-0.000154605208081, 0.000513363454957, -0.000636594020762, 0.000233678831137, -0.000107411950012, 0.00229490734637, -0.0024314597249, 0.000787123164628, 0.000705414044205, 0.00128031545319, 0.00167425733525, 0.0078713465482, -0.000496510590892], [0.000430128100561, 0.000125872466015, -3.92988149542e-05, 0.000119284035463, 0.00223357276991, 2.48047363129e-05, 0.000972420151811, -0.0018477489939, -0.000163989505381, 0.00118788820691, 0.00150904594921, -0.000496510590892, 0.011526956223]], "mean": [-775.555969238, 171.785934448, 22.6225662231, 35.9841575623, 23.9498615265, -6.37180280685, -0.759686172009, -14.5053081512, -14.2998609543, 3.03066396713, -17.4923553467, 0.124680645764, -19.4552288055]}, "pitch_salience": {"dmean": 0.0628276541829, "dmean2": 0.100770421326, "dvar": 0.00378888403066, "dvar2": 0.00908068940043, "max": 0.962990164757, "mean": 0.498592376709, "median": 0.501853644848, "min": 0.110884897411, "var": 0.0132071785629}, "silence_rate_20dB": {"dmean": 0.000238010237808, "dmean2": 0.000476077111671, "dvar": 0.000237939093495, "dvar2": 0.000713831046596, "max": 1, "mean": 0.999881029129, "median": 1, "min": 0, "var": 0.000118973170174}, "silence_rate_30dB": {"dmean": 0.00499821500853, "dmean2": 0.00999761931598, "dvar": 0.00497341528535, "dvar2": 0.0115636670962, "max": 1, "mean": 0.990956664085, "median": 1, "min": 0, "var": 0.00896147172898}, "silence_rate_60dB": {"dmean": 0.0164227057248, "dmean2": 0.0328493230045, "dvar": 0.0161511525512, "dvar2": 0.0389096513391, "max": 1, "mean": 0.0542598776519, "median": 0, "min": 0, "var": 0.0513161458075}, "spectral_centroid": {"dmean": 86.8470077515, "dmean2": 126.355781555, "dvar": 39265.2148438, "dvar2": 75194.28125, "max": 11978.5498047, "mean": 628.161621094, "median": 341.515777588, "min": 130.653488159, "var": 1664157.875}, "spectral_complexity": {"dmean": 1.1729143858, "dmean2": 1.88859796524, "dvar": 1.83123660088, "dvar2": 3.79534506798, "max": 29, "mean": 7.46656370163, "median": 7, "min": 0, "var": 15.5934467316}, "spectral_contrast_coeffs": {"dmean": [0.0444137901068, 0.0380123145878, 0.0317047685385, 0.0308055654168, 0.0252165067941, 0.0153700308874], "dmean2": [0.0722779035568, 0.0607718974352, 0.0505064837635, 0.0472170785069, 0.038215726614, 0.0237397365272], "dvar": [0.00133732950781, 0.0011292315321, 0.000721824530046, 0.000769948586822, 0.000540084729437, 0.000217414301005], "dvar2": [0.00343759218231, 0.00282933120616, 0.00173207139596, 0.00161098991521, 0.00110802182462, 0.00046059890883], "max": [-0.253061443567, -0.341888099909, -0.481472998857, -0.452942967415, -0.564217150211, -0.598724007607], "mean": [-0.505734682083, -0.653432428837, -0.735863089561, -0.742544293404, -0.774514257908, -0.817761659622], "median": [-0.495893657207, -0.659956693649, -0.73842895031, -0.746917963028, -0.781800866127, -0.826250076294], "min": [-0.978381812572, -0.977695822716, -0.978010892868, -0.973253786564, -0.967750430107, -0.964901447296], "var": [0.0095895556733, 0.00937150325626, 0.00508505944163, 0.00633450271562, 0.00486619630828, 0.00246130814776]}, "spectral_contrast_valleys": {"dmean": [0.387230545282, 0.323372840881, 0.298421889544, 0.317724078894, 0.298204004765, 0.221815660596], "dmean2": [0.64759606123, 0.531262516975, 0.483702361584, 0.507835507393, 0.466815978289, 0.333892047405], "dvar": [0.132135793567, 0.119314670563, 0.0924626067281, 0.114773824811, 0.108827672899, 0.10260284692], "dvar2": [0.318068236113, 0.273267298937, 0.208981513977, 0.254152029753, 0.239002913237, 0.198324784636], "max": [-5.14028263092, -5.64225292206, -6.86984968185, -6.74335002899, -6.61286354065, -7.07173061371], "mean": [-8.11466503143, -8.12556838989, -9.53057670593, -9.7188129425, -9.63786029816, -12.0387859344], "median": [-7.82775115967, -7.79370880127, -9.2363948822, -9.44267559052, -9.41839122772, -11.8914413452], "min": [-28.2139320374, -28.3430957794, -27.9823760986, -27.5848617554, -27.5575294495, -27.4456729889], "var": [5.69646310806, 5.92083597183, 5.16176509857, 5.16740322113, 5.4177942276, 3.96459937096]}, "spectral_decrease": {"dmean": 1.57356072616e-09, "dmean2": 2.38579711542e-09, "dvar": 6.88321844483e-18, "dvar2": 1.41178587826e-17, "max": 1.88948232204e-28, "mean": -5.58376855864e-09, "median": -4.13676870537e-09, "min": -1.20424218153e-07, "var": 3.12923550694e-17}, "spectral_energy": {"dmean": 0.0060947383754, "dmean2": 0.00922269467264, "dvar": 0.000102369500382, "dvar2": 0.000209517631447, "max": 0.462296307087, "mean": 0.0218230932951, "median": 0.0160637125373, "min": 1.00614081496e-20, "var": 0.000480379385408}, "spectral_energyband_high": {"dmean": 7.12866094545e-05, "dmean2": 0.000103142832813, "dvar": 2.87418231437e-07, "dvar2": 5.5253786968e-07, "max": 0.0469118952751, "mean": 0.000176663190359, "median": 1.5074174371e-05, "min": 7.10149338499e-21, "var": 7.975461358e-07}, "spectral_energyband_low": {"dmean": 0.00180706288666, "dmean2": 0.00277763069607, "dvar": 2.20497859118e-05, "dvar2": 4.22082302975e-05, "max": 0.194747462869, "mean": 0.00491534825414, "median": 0.00281886709854, "min": 2.53790452939e-23, "var": 5.8455963881e-05}, "spectral_energyband_middle_high": {"dmean": 0.000398689619033, "dmean2": 0.000532557896804, "dvar": 1.88864191841e-06, "dvar2": 3.07107825392e-06, "max": 0.0657803341746, "mean": 0.00135522359051, "median": 0.000235742481891, "min": 1.1693009791e-21, "var": 1.68130682141e-05}, "spectral_energyband_middle_low": {"dmean": 0.00519038550556, "dmean2": 0.00794328469783, "dvar": 6.74496477586e-05, "dvar2": 0.000149202169268, "max": 0.263644754887, "mean": 0.0163846667856, "median": 0.0117029789835, "min": 1.61423862351e-22, "var": 0.000276173552265}, "spectral_entropy": {"dmean": 0.243443116546, "dmean2": 0.367201119661, "dvar": 0.062975153327, "dvar2": 0.137556388974, "max": 9.82481479645, "mean": 6.16403722763, "median": 6.13822746277, "min": 4.40552663803, "var": 0.579134643078}, "spectral_flux": {"dmean": 0.0208610687405, "dmean2": 0.0352033153176, "dvar": 0.000567774462979, "dvar2": 0.0015700898366, "max": 0.414667457342, "mean": 0.0522145554423, "median": 0.043784275651, "min": 6.32898664032e-11, "var": 0.00132321170531}, "spectral_kurtosis": {"dmean": 5.46986961365, "dmean2": 9.06770706177, "dvar": 41.6821937561, "dvar2": 106.136619568, "max": 105.048027039, "mean": 15.1984167099, "median": 11.1073722839, "min": -1.38094329834, "var": 171.918762207}, "spectral_rms": {"dmean": 0.000602431944571, "dmean2": 0.000906749279238, "dvar": 4.56531353166e-07, "dvar2": 9.30578153202e-07, "max": 0.0212372504175, "mean": 0.00418876251206, "median": 0.00395877659321, "min": 3.13305089338e-12, "var": 3.74510614165e-06}, "spectral_rolloff": {"dmean": 125.770858765, "dmean2": 222.050857544, "dvar": 312907.1875, "dvar2": 741289.875, "max": 19638.28125, "mean": 724.158447266, "median": 279.931640625, "min": 43.06640625, "var": 5163926}, "spectral_skewness": {"dmean": 0.48111090064, "dmean2": 0.765807271004, "dvar": 0.245256468654, "dvar2": 0.576712071896, "max": 8.34827899933, "mean": 2.83060359955, "median": 2.68590092659, "min": -0.21