{"lowlevel": {"average_loudness": 0.557301461697, "barkbands": {"dmean": [0.000613225973211, 0.00235633738339, 0.00195280765183, 0.00139271747321, 0.00212865462527, 0.00177381990943, 0.00159232807346, 0.000639338162728, 0.000480254559079, 0.00025028991513, 0.000183333817404, 0.000103913196654, 6.34698953945e-05, 5.0051301514e-05, 5.45864968444e-05, 4.50039624411e-05, 4.11488181271e-05, 4.38721472165e-05, 3.87350082747e-05, 4.74775406474e-05, 2.51460114669e-05, 5.2815030358e-06, 2.31758394875e-06, 1.62313313012e-06, 1.71560338913e-06, 4.42356486019e-06, 0.000182780742762], "dmean2": [0.00112226838246, 0.00376724428497, 0.00308833131567, 0.00215539266355, 0.0032736856956, 0.00262168236077, 0.00248454790562, 0.00102447764948, 0.000791327853221, 0.000417745497543, 0.000307651993353, 0.000170913932379, 0.000106208826764, 8.34225065773e-05, 8.97780701052e-05, 7.37762748031e-05, 6.71610323479e-05, 6.80167358951e-05, 6.22756633675e-05, 7.66314624343e-05, 4.13250672864e-05, 8.31044144434e-06, 3.65558094018e-06, 2.63897345576e-06, 2.78322568192e-06, 6.71713087286e-06, 0.000274818070466], "dvar": [7.74279214966e-07, 1.52494467329e-05, 1.39386547744e-05, 1.99676123884e-05, 1.98122652364e-05, 3.35855656886e-05, 2.82574055745e-05, 2.77920571534e-06, 2.11137671613e-06, 4.80623327803e-07, 2.53158276564e-07, 6.91333141845e-08, 2.00504715053e-08, 1.6014393367e-08, 2.75384550719e-08, 1.19605898519e-08, 1.53776600342e-08, 1.40368685564e-08, 1.40672034021e-08, 2.88062587117e-08, 8.2697564352e-09, 1.92194912763e-10, 3.43079419041e-11, 1.03435706181e-11, 1.06478255033e-11, 9.72822100653e-11, 2.03326962378e-07], "dvar2": [2.1118623863e-06, 3.65253217751e-05, 3.11200019496e-05, 3.95283132093e-05, 4.35734909843e-05, 5.9651752963e-05, 6.5791689849e-05, 6.28503494227e-06, 5.3430862863e-06, 1.26845816339e-06, 6.9873931352e-07, 1.78492157943e-07, 5.32991784041e-08, 4.30902922233e-08, 7.43597610153e-08, 3.23643334355e-08, 3.67008894386e-08, 3.28119575954e-08, 3.82176814639e-08, 6.48176339269e-08, 2.31585577382e-08, 4.02016031575e-10, 6.93348989333e-11, 2.50854302608e-11, 2.57194352621e-11, 2.02276084771e-10, 4.50220824177e-07], "max": [0.0228090398014, 0.081177085638, 0.145173877478, 0.213048756123, 0.160826966166, 0.243886202574, 0.153226584196, 0.042671456933, 0.0356032215059, 0.0213223434985, 0.0133433761075, 0.00640023639426, 0.00413942756131, 0.00536668254063, 0.00562426075339, 0.00358645990491, 0.00573874125257, 0.00492672249675, 0.00853406079113, 0.0131071936339, 0.00638351403177, 0.00105073722079, 0.000444961478934, 7.15157220839e-05, 7.01480530552e-05, 0.000382976228138, 0.0349923111498], "mean": [0.000581190048251, 0.00396026484668, 0.00293721770868, 0.00210888916627, 0.00372665678151, 0.0029299207963, 0.00252755894326, 0.000945320818573, 0.000748434336856, 0.000376004492864, 0.000276488281088, 0.000161567906616, 0.000103034319181, 8.74029210536e-05, 9.64510691119e-05, 8.0799938587e-05, 8.25482202345e-05, 8.65637557581e-05, 7.83823343227e-05, 8.85015106178e-05, 4.67120225949e-05, 1.08027688839e-05, 4.28553721576e-06, 1.93510254576e-06, 1.9107415028e-06, 8.55940743349e-06, 0.000578437931836], "median": [0.000307738751872, 0.00177723774686, 0.00120242743287, 0.000701589277014, 0.00149973423686, 0.000524015340488, 0.000407353625633, 0.0002226694196, 0.000140002870467, 0.000116055460239, 9.02673127712e-05, 4.86374956381e-05, 4.09591084463e-05, 2.91133001156e-05, 2.70927121164e-05, 2.74670364888e-05, 2.59408807324e-05, 2.90731859423e-05, 2.85912392428e-05, 2.35908155446e-05, 1.51444019139e-05, 5.14688827025e-06, 2.34011577049e-06, 8.43178895593e-07, 7.44711826428e-07, 4.52799940831e-06, 0.000259813648881], "min": [1.07972622721e-23, 2.65121635204e-23, 4.40529708975e-25, 1.28923932171e-23, 3.18834290716e-23, 7.05447257974e-23, 2.27229664032e-23, 1.29444198559e-22, 3.27107232802e-23, 8.30467322629e-23, 1.00568317466e-22, 1.36832455228e-22, 4.10800231472e-23, 1.01654301254e-22, 1.83723306689e-22, 1.29988335879e-22, 1.85956161704e-22, 2.03645856322e-22, 1.89614923826e-22, 2.95176528874e-22, 4.38893682455e-22, 4.29783790503e-22, 5.34122799988e-22, 7.80669777478e-22, 1.15310461711e-21, 1.65541792007e-21, 2.66361568037e-21], "var": [7.67250242006e-07, 3.95147289964e-05, 3.20253529935e-05, 5.16588042956e-05, 5.9129033616e-05, 0.000101506833744, 7.17614166206e-05, 5.59694490221e-06, 4.42086275143e-06, 8.26420887279e-07, 4.65930042992e-07, 1.27954862705e-07, 3.75950541809e-08, 3.29352651818e-08, 5.38161586405e-08, 2.46373019763e-08, 5.00530781267e-08, 3.99148447627e-08, 5.48767715713e-08, 9.28571211034e-08, 1.81653767584e-08, 6.59316101714e-10, 8.08676320352e-11, 1.25160350833e-11, 1.3112962105e-11, 2.1999012334e-10, 1.47921798543e-06]}, "barkbands_crest": {"dmean": 3.01383972168, "dmean2": 4.97777032852, "dvar": 6.53468179703, "dvar2": 16.7803440094, "max": 26.1707839966, "mean": 11.1863479614, "median": 10.3854198456, "min": 2.98399448395, "var": 18.8061065674}, "barkbands_flatness_db": {"dmean": 0.0271491911262, "dmean2": 0.0425412654877, "dvar": 0.000542408553883, "dvar2": 0.00134520616848, "max": 0.377748638391, "mean": 0.166687652469, "median": 0.158751800656, "min": 0.0392058640718, "var": 0.0024537644349}, "barkbands_kurtosis": {"dmean": 9.89750289917, "dmean2": 15.6289024353, "dvar": 235.404159546, "dvar2": 552.319458008, "max": 339.425262451, "mean": 21.1481494904, "median": 13.2485370636, "min": -1.81473398209, "var": 634.365783691}, "barkbands_skewness": {"dmean": 0.836815416813, "dmean2": 1.33671033382, "dvar": 0.708833754063, "dvar2": 1.71310317516, "max": 14.7099866867, "mean": 3.5095140934, "median": 3.1832280159, "min": -1.78950285912, "var": 2.95519971848}, "barkbands_spread": {"dmean": 7.2568025589, "dmean2": 11.5922031403, "dvar": 80.7992935181, "dvar2": 191.988922119, "max": 118.412948608, "mean": 21.4646339417, "median": 16.8225975037, "min": 0.612251400948, "var": 307.710205078}, "dissonance": {"dmean": 0.0262430068105, "dmean2": 0.0443186536431, "dvar": 0.000583199260291, "dvar2": 0.0016148671275, "max": 0.500000119209, "mean": 0.448915034533, "median": 0.456311583519, "min": 0.231029734015, "var": 0.0012973396806}, "dynamic_complexity": 4.61191511154, "erbbands": {"dmean": [0.0605166479945, 0.586180567741, 1.93049776554, 3.84817814827, 4.66234445572, 7.31037569046, 12.809504509, 13.7466259003, 21.3120269775, 21.2853736877, 11.8612995148, 11.4564809799, 8.72964191437, 5.11422777176, 7.17797279358, 4.43798446655, 3.04114532471, 2.5626449585, 2.37404799461, 3.06162953377, 1.84728264809, 2.17362713814, 2.32272815704, 1.99955904484, 1.97126829624, 2.2544093132, 1.65009117126, 0.538724601269, 0.209943383932, 0.109605029225, 0.0603142492473, 0.0369608290493, 0.0259000509977, 0.0185434166342, 0.0126111609861, 0.00807439256459, 0.00766213051975, 0.0163832530379, 0.0237366855145, 0.00495710270479], "dmean2": [0.0973211601377, 0.940869152546, 3.07841682434, 5.91391515732, 7.37362623215, 11.2229232788, 18.8019828796, 20.5392532349, 32.6603355408, 34.1205062866, 18.7032203674, 18.7786636353, 14.3777141571, 8.54721260071, 12.0819540024, 7.28889036179, 5.08560466766, 4.219851017, 3.91165876389, 4.99482440948, 2.99431920052, 3.48175168037, 3.53562569618, 3.17480778694, 3.20444369316, 3.67422938347, 2.70888662338, 0.868518531322, 0.332705944777, 0.172535851598, 0.0952781960368, 0.0597420372069, 0.0421833880246, 0.0301308482885, 0.0204206779599, 0.013017680496, 0.0117042725906, 0.024339735508, 0.036947876215, 0.00742378691211], "dvar": [0.0104505633935, 0.977490484715, 13.1473360062, 112.184448242, 147.163528442, 269.659240723, 2213.5168457, 2028.34020996, 5427.06445312, 4963.59472656, 1118.03979492, 1275.04174805, 636.267272949, 189.904205322, 380.30267334, 144.651992798, 41.829574585, 36.2049560547, 57.0499343872, 96.2210540771, 17.6776409149, 46.5522193909, 42.1379394531, 29.0257663727, 39.4269256592, 58.3553085327, 36.1714515686, 3.05018639565, 0.342180043459, 0.0963476672769, 0.0205737743527, 0.00513082975522, 0.00267114164308, 0.00129697250668, 0.000555148464628, 0.000206681914278, 0.00022804949549, 0.00157224421855, 0.00501551432535, 9.09900409169e-05], "dvar2": [0.0258088167757, 2.36314105988, 29.7792053223, 227.39704895, 294.989776611, 636.313476562, 4025.29760742, 3799.37939453, 11873.9824219, 11824.7441406, 2545.98608398, 3204.0390625, 1617.65808105, 491.54800415, 1058.11193848, 370.945922852, 111.923225403, 94.3254318237, 166.431900024, 261.779205322, 46.1732254028, 118.566085815, 96.4234924316, 67.6733932495, 108.314147949, 138.23399353, 87.8509368896, 8.27466487885, 0.810905814171, 0.171337783337, 0.0407118685544, 0.0124927330762, 0.00645486125723, 0.00313082709908, 0.00134241313208, 0.000502686365508, 0.000494242704008, 0.00328320916742, 0.0117631033063, 0.000198275913135], "max": [2.21609044075, 22.1059570312, 111.011062622, 417.919036865, 752.948913574, 479.708740234, 2169.98828125, 1621.16540527, 2487.96801758, 2208.5847168, 880.848754883, 1050.19726562, 717.306274414, 518.915405273, 474.635101318, 321.610046387, 165.50553894, 189.781997681, 319.330810547, 372.988464355, 137.258361816, 368.868560791, 240.608703613, 330.643280029, 474.459594727, 524.763671875, 460.41293335, 120.829307556, 39.545501709, 25.7894935608, 9.8897600174, 1.58665215969, 1.15309786797, 0.790104210377, 0.495929181576, 0.284809589386, 0.632041871548, 2.47485852242, 5.44374275208, 0.682352781296], "mean": [0.0949068814516, 0.959531962872, 3.14386057854, 6.07858371735, 7.97043180466, 12.2219944, 21.7795524597, 22.5882778168, 34.845375061, 33.8293495178, 19.771774292, 18.17445755, 13.7802248001, 8.69412612915, 11.2410001755, 7.30846166611, 5.27615356445, 4.73918676376, 4.54268598557, 5.60202789307, 3.94126963615, 4.59592294693, 4.82748746872, 4.17725086212, 3.96176671982, 4.24878787994, 3.07054328918, 1.04974091053, 0.429774105549, 0.220921978354, 0.110964022577, 0.0519195273519, 0.0284681301564, 0.0204804074019, 0.0141959777102, 0.00959797762334, 0.0162955671549, 0.0408867001534, 0.0588442832232, 0.0199835188687], "median": [0.0458657443523, 0.409385979176, 1.32110059261, 2.40709614754, 2.9725291729, 4.54214477539, 4.657558918, 4.28333473206, 4.96452045441, 7.54969596863, 4.4067940712, 3.52167057991, 3.83585357666, 3.3923201561, 3.90707325935, 2.30710935593, 2.21962618828, 1.76136279106, 1.43499410152, 1.66255998611, 1.43827211857, 1.42540037632, 1.6193677187, 1.59344851971, 1.42448890209, 1.14132475853, 0.89064013958, 0.384589076042, 0.196994543076, 0.114095233381, 0.0618236623704, 0.0266332458705, 0.01079257112, 0.00787061080337, 0.00564583064988, 0.00420653587207, 0.00938113126904, 0.0193316396326, 0.0243914425373, 0.011518321], "min": [1.64380507975e-21, 2.3530858988e-21, 1.46721221736e-21, 1.78703695639e-20, 8.71297708912e-20, 1.11508237572e-19, 3.33606361289e-19, 6.49022038631e-19, 3.30789165068e-19, 1.1708985589e-18, 2.52723736265e-18, 9.59401090771e-19, 1.31636085455e-18, 3.73910245497e-18, 5.75130987128e-18, 4.61198562355e-18, 2.35528409089e-18, 4.87552040362e-18, 8.58163324141e-18, 7.44537080271e-18, 7.23939455838e-18, 1.13614696428e-17, 7.57775775103e-18, 1.34604007425e-17, 1.12003811816e-17, 1.18055729876e-17, 1.59993025926e-17, 1.97930225426e-17, 1.6295104034e-17, 1.59484293305e-17, 1.38407954636e-17, 1.68992552467e-17, 1.26534066456e-17, 1.14269409883e-17, 8.96954289839e-18, 5.82887418373e-18, 3.578660849e-18, 1.22686963165e-18, 3.3749191297e-19, 4.11686110657e-20], "var": [0.0198760777712, 2.6376183033, 34.9610519409, 260.195007324, 569.797241211, 659.092712402, 7407.15576172, 5232.41796875, 13698.7304688, 12009.0185547, 2453.92578125, 2691.30712891, 1229.20556641, 343.228942871, 691.053283691, 271.432495117, 83.831489563, 82.2057037354, 117.1354599, 171.573684692, 53.9113693237, 151.948760986, 131.534042358, 106.02645874, 153.846359253, 194.431381226, 111.115997314, 7.06828784943, 1.06479811668, 0.271886974573, 0.0502982623875, 0.0068056951277, 0.00318906875327, 0.00157685147133, 0.000692191300914, 0.00026737715234, 0.00056426867377, 0.00537519110367, 0.0236059818417, 0.000794831546955]}, "erbbands_crest": {"dmean": 3.21304392815, "dmean2": 5.28528022766, "dvar": 8.4717130661, "dvar2": 21.5225868225, "max": 32.1810035706, "mean": 10.4573974609, "median": 9.32803916931, "min": 1.86544048786, "var": 24.6685180664}, "erbbands_flatness_db": {"dmean": 0.0217132996768, "dmean2": 0.0339817404747, "dvar": 0.000348277739249, "dvar2": 0.00083845120389, "max": 0.371838212013, "mean": 0.140714019537, "median": 0.135364219546, "min": 0.0279211644083, "var": 0.00170435267501}, "erbbands_kurtosis": {"dmean": 2.0469288826, "dmean2": 3.26740217209, "dvar": 13.1395235062, "dvar2": 31.8937263489, "max": 86.2607650757, "mean": 2.64203023911, "median": 0.795019388199, "min": -1.79663193226, "var": 34.1939048767}, "erbbands_skewness": {"dmean": 0.459837794304, "dmean2": 0.722225368023, "dvar": 0.19949439168, "dvar2": 0.47057056427, "max": 7.92322492599, "mean": 1.10366487503, "median": 0.934077322483, "min": -3.08864116669, "var": 1.10700142384}, "erbbands_spread": {"dmean": 8.29465675354, "dmean2": 13.2255830765, "dvar": 70.7397537231, "dvar2": 169.699005127, "max": 120.001319885, "mean": 33.2857017517, "median": 31.2017612457, "min": 1.17757058144, "var": 260.396575928}, "gfcc": {"cov": [[13839.4082031, 1649.20812988, -1004.32629395, -635.037536621, 244.115646362, -1083.56884766, 269.506164551, -280.602478027, 59.9876327515, 17.8323669434, 76.7799301147, -269.5909729, 205.087081909], [1649.20812988, 623.136535645, 39.9557113647, -144.256271362, 44.7874641418, -147.221511841, 39.1837272644, -94.0336914062, 39.5023422241, -51.1012763977, 14.3230218887, -19.0229263306, -23.2648544312], [-1004.32629395, 39.9557113647, 555.279418945, 185.459716797, -57.1916503906, 211.030578613, -140.610641479, 31.1581783295, -74.6041107178, -51.187210083, -25.2925434113, 33.7131462097, -78.2791290283], [-635.037536621, -144.256271362, 185.459716797, 265.184753418, 77.1532669067, 64.3455581665, 39.249546051, -15.0427560806, -45.859500885, -22.7461223602, -21.8018341064, 12.2353563309, -27.6208324432], [244.115646362, 44.7874641418, -57.1916503906, 77.1532669067, 216.146499634, 50.9590682983, 113.232566833, -24.8570175171, -13.2309436798, -61.798210144, -11.1415901184, 5.84857845306, -4.94232606888], [-1083.56884766, -147.221511841, 211.030578613, 64.3455581665, 50.9590682983, 392.283782959, -42.4394035339, 107.697265625, -75.7203369141, -51.1677970886, -21.6561012268, 12.8837823868, -1.2436568737], [269.506164551, 39.1837272644, -140.610641479, 39.249546051, 113.232566833, -42.4394035339, 256.194122314, -25.2717094421, 33.0193367004, -9.28942489624, -7.66316843033, -5.32726335526, 13.8311357498], [-280.602478027, -94.0336914062, 31.1581783295, -15.0427560806, -24.8570175171, 107.697265625, -25.2717094421, 137.153320312, 29.4724655151, 28.4757194519, 8.82661342621, -11.0276079178, 14.1879091263], [59.9876327515, 39.5023422241, -74.6041107178, -45.859500885, -13.2309436798, -75.7203369141, 33.0193367004, 29.4724655151, 128.216430664, 64.4403610229, 16.3227329254, -0.449217289686, -8.6693353653], [17.8323669434, -51.1012763977, -51.187210083, -22.7461223602, -61.798210144, -51.1677970886, -9.28942489624, 28.4757194519, 64.4403610229, 117.184188843, 40.4640655518, -14.9019937515, 26.6101894379], [76.7799301147, 14.3230218887, -25.2925434113, -21.8018341064, -11.1415901184, -21.6561012268, -7.66316843033, 8.82661342621, 16.3227329254, 40.4640655518, 59.326259613, 20.1658706665, 14.149181366], [-269.5909729, -19.0229263306, 33.7131462097, 12.2353563309, 5.84857845306, 12.8837823868, -5.32726335526, -11.0276079178, -0.449217289686, -14.9019937515, 20.1658706665, 71.9279022217, -1.70305240154], [205.087081909, -23.2648544312, -78.2791290283, -27.6208324432, -4.94232606888, -1.2436568737, 13.8311357498, 14.1879091263, -8.6693353653, 26.6101894379, 14.149181366, -1.70305240154, 96.0455703735]], "icov": [[0.000189537982806, -0.000628926442005, 0.000369032088201, -0.000108892127173, -0.000267292576609, 0.00041774843703, 0.00014100370754, -0.000566553731915, 0.000802337075584, -0.000513559672982, 0.000355121970642, 5.75239391765e-05, -6.91595050739e-05], [-0.000628926442005, 0.00920298602432, -0.00871375296265, 0.00922925863415, -0.00419469084591, 0.00242058606818, -0.00289640715346, 0.00612145103514, -0.00669835880399, 0.00694890785962, -0.0073828198947, 0.0066221114248, -0.00287206307985], [0.000369032088201, -0.00871375296265, 0.0137993758544, -0.0135843493044, 0.00807399582118, -0.00574696343392, 0.00462407665327, -0.00470776250586, 0.00454565370455, -0.00387448444963, 0.00586947984993, -0.00737929018214, 0.00530030904338], [-0.000108892127173, 0.00922925863415, -0.0135843493044, 0.0198672153056, -0.0112503021955, 0.00651402631775, -0.00508556934074, 0.0042989263311, -0.000378646596801, -4.46621052106e-05, -0.00275993091054, 0.00574657088146, -0.00280058733188], [-0.000267292576609, -0.00419469084591, 0.00807399582118, -0.0112503021955, 0.01554178074, -0.00702996039763, -0.000380458368454, 0.000996275106445, -0.00345151382498, 0.00655252346769, -0.00250356877223, -0.00178298691753, 0.00172636320349], [0.00041774843703, 0.00242058606818, -0.00574696343392, 0.00651402631775, -0.00702996039763, 0.00960158929229, -0.00125889002811, -0.00509359966964, 0.00474135763943, -0.000996961491182, 0.000979184173048, 0.00127414055169, -0.00183745613322], [0.00014100370754, -0.00289640715346, 0.00462407665327, -0.00508556934074, -0.000380458368454, -0.00125889002811, 0.00744613911957, -0.00100902374834, -0.000586852256674, -0.00102980760857, 0.00265443930402, -0.00184416188858, 0.000153019238496], [-0.000566553731915, 0.00612145103514, -0.00470776250586, 0.0042989263311, 0.000996275106445, -0.00509359966964, -0.00100902374834, 0.0187514573336, -0.0125292632729, 0.00729510001838, -0.00918528717011, 0.00851128064096, -0.00419546524063], [0.000802337075584, -0.00669835880399, 0.00454565370455, -0.000378646596801, -0.00345151382498, 0.00474135763943, -0.000586852256674, -0.0125292632729, 0.026463214308, -0.0203913133591, 0.0137644996867, -0.011095049791, 0.00789300631732], [-0.000513559672982, 0.00694890785962, -0.00387448444963, -4.46621052106e-05, 0.00655252346769, -0.000996961491182, -0.00102980760857, 0.00729510001838, -0.0203913133591, 0.0348454043269, -0.0246613714844, 0.0162275992334, -0.00856985151768], [0.000355121970642, -0.0073828198947, 0.00586947984993, -0.00275993091054, -0.00250356877223, 0.000979184173048, 0.00265443930402, -0.00918528717011, 0.0137644996867, -0.0246613714844, 0.0402173213661, -0.0202884711325, 0.00409247213975], [5.75239391765e-05, 0.0066221114248, -0.00737929018214, 0.00574657088146, -0.00178298691753, 0.00127414055169, -0.00184416188858, 0.00851128064096, -0.011095049791, 0.0162275992334, -0.0202884711325, 0.0282759200782, -0.00595465069637], [-6.91595050739e-05, -0.00287206307985, 0.00530030904338, -0.00280058733188, 0.00172636320349, -0.00183745613322, 0.000153019238496, -0.00419546524063, 0.00789300631732, -0.00856985151768, 0.00409247213975, -0.00595465069637, 0.0164192523807]], "mean": [-57.4913597107, 96.9684448242, -62.6154098511, -1.19119477272, -15.2646541595, -32.5464859009, 2.68282866478, -17.2136535645, -5.52936649323, -9.6678237915, -5.77663803101, -4.39371776581, -9.35129451752]}, "hfc": {"dmean": 83.8858795166, "dmean2": 133.082061768, "dvar": 12520.2275391, "dvar2": 30399.515625, "max": 2254.70019531, "mean": 244.447494507, "median": 178.163955688, "min": 1.15785552537e-16, "var": 49091.4140625}, "melbands": {"dmean": [0.000593941309489, 0.000901359366253, 0.000632848998066, 0.000389696622733, 0.00043399471906, 0.00032656712574, 0.000324491935316, 0.000209549281863, 9.93429639493e-05, 6.68418069836e-05, 4.31049666076e-05, 2.0928464437e-05, 2.71786884696e-05, 1.23573054225e-05, 8.5103629317e-06, 6.16841998635e-06, 5.09847450303e-06, 3.95554980059e-06, 3.96474206354e-06, 3.90465129385e-06, 2.14164697354e-06, 2.38809820985e-06, 2.50896641774e-06, 2.20773335968e-06, 1.69853035459e-06, 1.60207957833e-06, 1.46249863064e-06, 1.63184131452e-06, 1.26075235585e-06, 6.14041596236e-07, 2.48057489216e-07, 1.34864464485e-07, 8.47294572281e-08, 5.61382158537e-08, 3.74235540335e-08, 2.79540905979e-08, 2.10071782192e-08, 1.82960970818e-08, 1.66001452584e-08, 1.52962869038e-08], "dmean2": [0.000949608394876, 0.00143784680404, 0.00097094400553, 0.000606787391007, 0.000642320665065, 0.000487113720737, 0.000496098480653, 0.00033654741128, 0.000158032373292, 0.000109291249828, 7.11055909051e-05, 3.49497531715e-05, 4.58962313132e-05, 2.03260678973e-05, 1.41248165164e-05, 1.02692411019e-05, 8.41137989482e-06, 6.58357021166e-06, 6.51885102343e-06, 6.41695987724e-06, 3.49963693225e-06, 3.89848628402e-06, 3.96853874918e-06, 3.47561967828e-06, 2.75122692983e-06, 2.6244520086e-06, 2.3972611416e-06, 2.68560893346e-06, 2.06213667298e-06, 1.01918544715e-06, 3.97800192786e-07, 2.17123400148e-07, 1.33433374572e-07, 8.89870221954e-08, 5.92730557969e-08, 4.48089281235e-08, 3.41814718752e-08, 2.98278628463e-08, 2.70139128844e-08, 2.48430112038e-08], "dvar": [9.4314236776e-07, 2.43561521529e-06, 2.60351225734e-06, 6.88094132784e-07, 1.8416610601e-06, 1.07070673039e-06, 1.20259244341e-06, 4.39657924289e-07, 8.067313928e-08, 4.09107272503e-08, 1.60533879523e-08, 3.56290685843e-09, 5.99694871539e-09, 8.78673245275e-10, 4.03184680087e-10, 1.99648464427e-10, 1.50813805888e-10, 1.75445713513e-10, 1.47530723749e-10, 1.16971543562e-10, 2.45432441731e-11, 5.14116527128e-11, 5.90294965686e-11, 4.09133421586e-11, 2.23657013049e-11, 3.47165386716e-11, 1.73844133533e-11, 3.24448835853e-11, 2.1509856396e-11, 7.28149224943e-12, 4.72436759852e-13, 1.43814254667e-13, 5.40788388462e-14, 2.65722993874e-14, 8.43635328696e-15, 2.8101804568e-15, 1.75152310394e-15, 1.34528154963e-15, 1.07227256046e-15, 8.7337493076e-16], "dvar2": [2.26978158935e-06, 5.63332287129e-06, 5.15617057317e-06, 1.49323034293e-06, 3.49363995156e-06, 1.9803756004e-06, 2.63849551629e-06, 1.03830041098e-06, 1.86334304431e-07, 1.02047700068e-07, 4.10069844747e-08, 9.28768795205e-09, 1.67237370619e-08, 2.3106128122e-09, 1.0466758571e-09, 5.04785213629e-10, 3.9212749714e-10, 5.18179443798e-10, 3.79905384928e-10, 3.17864901067e-10, 6.50581394313e-11, 1.35306571503e-10, 1.39496691975e-10, 9.68387869893e-11, 5.32233875028e-11, 1.06300940272e-10, 4.29984728378e-11, 7.63334326304e-11, 5.10805980847e-11, 2.14906269863e-11, 1.24674435272e-12, 3.57943655185e-13, 1.10675527174e-13, 5.05638994488e-14, 1.63379543455e-14, 6.63750052303e-15, 4.26755019398e-15, 3.25006224224e-15, 2.58856995626e-15, 2.10838231978e-15], "max": [0.0198895912617, 0.0428154096007, 0.0698548406363, 0.0397631414235, 0.0561106316745, 0.0312380567193, 0.035970505327, 0.0217943638563, 0.00845289975405, 0.00586103647947, 0.00371907628141, 0.00229444797151, 0.00210472755134, 0.000694871996529, 0.000534971884917, 0.000523450551555, 0.000371003465261, 0.000612359319348, 0.000451526895631, 0.000409227825003, 0.000151071377331, 0.000363364408258, 0.000369780202163, 0.000293452845654, 0.000262017187197, 0.000416067137849, 0.00026054578484, 0.000400847959099, 0.000382247148082, 0.000194028121768, 3.3259158954e-05, 2.46565214184e-05, 1.97681019927e-05, 1.36580420076e-05, 6.76928675603e-06, 1.58187276611e-06, 9.19466629057e-07, 8.22523190891e-07, 7.27120891497e-07, 6.45350269224e-07], "mean": [0.00100369204301, 0.00157363666221, 0.00109815679025, 0.000682541518472, 0.000750444072764, 0.000542310939636, 0.000536331906915, 0.000330217648298, 0.000159561284818, 0.000104345097498, 6.55340118101e-05, 3.32157796947e-05, 4.08642990806e-05, 2.00041977223e-05, 1.41053515108e-05, 1.02023368527e-05, 8.67199378263e-06, 7.03025443727e-06, 7.16863860362e-06, 6.84249062033e-06, 4.19776870331e-06, 4.64035656478e-06, 4.75747629025e-06, 4.10988332078e-06, 3.27817951984e-06, 2.9688496852e-06, 2.67095879281e-06, 2.9129791983e-06, 2.21292975766e-06, 1.07371613467e-06, 4.46501672968e-07, 2.53207844025e-07, 1.63307475987e-07, 1.03515226613e-07, 6.61431229787e-08, 4.59557654153e-08, 2.54043239778e-08, 1.96992928636e-08, 1.81019892409e-08, 1.69036766806e-08], "median": [0.000488737481646, 0.000722725992091, 0.000459282455267, 0.000293295888696, 0.000177822643309, 9.74563445197e-05, 7.92328428361e-05, 7.64253854868e-05, 3.14091448672e-05, 2.01738166652e-05, 1.71405226865e-05, 1.26031754917e-05, 1.30098787849e-05, 6.5696335696e-06, 5.27398242411e-06, 3.97356961912e-06, 2.96333178085e-06, 2.20084143621e-06, 1.97527401724e-06, 2.10757434616e-06, 1.44899945553e-06, 1.38908649205e-06, 1.34882918701e-06, 1.35167988446e-06, 1.20567926842e-06, 9.95534833237e-07, 7.88987506439e-07, 7.3136516221e-07, 5.88183638683e-07, 3.40494921147e-07, 1.69029533481e-07, 1.10528887376e-07, 7.95569832235e-08, 5.27106713832e-08, 3.57007436946e-08, 2.61396628787e-08, 1.13060130147e-08, 7.18635329022e-09, 6.73149402886e-09, 6.50593534601e-09], "min": [1.04879388671e-23, 1.33285149685e-24, 5.48789548062e-24, 7.32089504658e-24, 1.02705650892e-23, 1.41218282047e-23, 4.50352052764e-24, 1.73477486589e-23, 1.84940329739e-23, 5.05946670072e-24, 6.44206416068e-24, 1.49206050915e-23, 1.61967154012e-23, 1.62681057354e-23, 6.90179060257e-24, 5.1872795223e-24, 9.51618766072e-24, 1.17647346969e-23, 1.51534216105e-23, 7.57479308437e-24, 8.39767440498e-24, 1.38695378654e-23, 4.23364411221e-24, 1.09179422133e-23, 1.08724020621e-23, 7.1971843017e-24, 9.62450694048e-24, 7.28412150662e-24, 1.1441867339e-23, 6.64534138862e-24, 1.42876388784e-23, 9.89666789709e-24, 6.98085497566e-24, 9.95833788721e-24, 7.38054081962e-24, 8.84604795516e-24, 1.06547742711e-23, 9.13784997058e-24, 7.49830355327e-24, 1.04812027838e-23], "var": [2.11737665268e-06, 7.26335929357e-06, 7.62132776799e-06, 2.21183950089e-06, 6.14944974586e-06, 2.99599241771e-06, 3.13523037221e-06, 1.05359163172e-06, 1.76498161863e-07, 8.65609024459e-08, 3.01295450811e-08, 6.04326855225e-09, 1.08577502544e-08, 1.6784947876e-09, 7.74838859741e-10, 3.94621085809e-10, 3.12900094723e-10, 3.18468362792e-10, 2.88933016401e-10, 2.13114137448e-10, 7.04410280106e-11, 1.56767071546e-10, 1.66488101083e-10, 1.03764080661e-10, 6.87271142774e-11, 9.69915467386e-11, 6.31617050328e-11, 1.02974281879e-10, 6.25672222365e-11, 1.16730019747e-11, 1.04382941093e-12, 4.03895097706e-13, 1.4835845768e-13, 6.35473661539e-14, 2.13061380062e-14, 4.71528333957e-15, 2.10260979024e-15, 1.59507781264e-15, 1.28808384992e-15, 1.06487828046e-15]}, "melbands_crest": {"dmean": 3.73429965973, "dmean2": 6.17778348923, "dvar": 9.37742900848, "dvar2": 24.9699668884, "max": 37.3267631531, "mean": 15.8363409042, "median": 15.1663513184, "min": 1.89702403545, "var": 28.4152393341}, "melbands_flatness_db": {"dmean": 0.0333783254027, "dmean2": 0.0521286576986, "dvar": 0.000776499975473, "dvar2": 0.00193249213044, "max": 0.543078422546, "mean": 0.289307922125, "median": 0.284348011017, "min": 0.00697677908465, "var": 0.00406461535022}, "melbands_kurtosis": {"dmean": 12.1536474228, "dmean2": 19.7028408051, "dvar": 334.688232422, "dvar2": 838.104553223, "max": 397.260986328, "mean": 25.2613945007, "median": 15.3617630005, "min": -1.77601981163, "var": 902.695068359}, "melbands_skewness": {"dmean": 0.916150271893, "dmean2": 1.47179472446, "dvar": 0.784690618515, "dvar2": 1.95575630665, "max": 15.3474292755, "mean": 3.26197481155, "median": 2.92902994156, "min": -1.08716702461, "var": 3.50275015831}, "melbands_spread": {"dmean": 3.29700493813, "dmean2": 5.32708597183, "dvar": 22.1934928894, "dvar2": 51.2350769043, "max": 138.615188599, "mean": 10.0020074844, "median": 7.52815055847, "min": 0.436844944954, "var": 112.786437988}, "mfcc": {"cov": [[8118.26416016, 1439.96655273, -1252.47412109, 370.258422852, -451.783782959, -305.245269775, -92.1222686768, -361.744445801, 99.1630935669, 30.4749660492, -12.1979455948, 42.6904830933, 38.2954368591], [1439.96655273, 891.458190918, -69.7961273193, 62.9167404175, -61.3235740662, -25.0239448547, -67.1083145142, -8.14279937744, -37.6433372498, -7.73728561401, 2.82251667976, -1.12384152412, -4.68858385086], [-1252.47412109, -69.7961273193, 674.461853027, -65.2873077393, 190.841766357, 45.4474372864, 7.77612686157, 65.1346206665, -66.9769058228, -27.8410663605, 12.2011671066, -17.1764144897, -34.4347114563], [370.258422852, 62.9167404175, -65.2873077393, 347.307617188, -64.8702774048, 45.1716346741, 5.96028375626, -16.0323810577, -21.52617836, 8.11550235748, -8.49022865295, -10.7321386337, -3.88301467896], [-451.783782959, -61.3235740662, 190.841766357, -64.8702774048, 224.619857788, 62.4007949829, 43.8876495361, 85.6438064575, -17.7773914337, -35.7880897522, -1.24416315556, -9.57454109192, -17.1035366058], [-305.245269775, -25.0239448547, 45.4474372864, 45.1716346741, 62.4007949829, 163.704467773, 101.982254028, 80.3900375366, 13.1145915985, -13.1016750336, -34.1563682556, -14.6016654968, 3.98316407204], [-92.1222686768, -67.1083145142, 7.77612686157, 5.96028375626, 43.8876495361, 101.982254028, 177.879302979, 81.8754959106, 38.8753929138, -7.55484724045, -40.9442062378, -10.3275241852, 8.01587486267], [-361.744445801, -8.14279937744, 65.1346206665, -16.0323810577, 85.6438064575, 80.3900375366, 81.8754959106, 167.589309692, 20.7514705658, -23.5974502563, -10.5107088089, -10.8422136307, -4.94316673279], [99.1630935669, -37.6433372498, -66.9769058228, -21.52617836, -17.7773914337, 13.1145915985, 38.8753929138, 20.7514705658, 100.907287598, 48.1642456055, -0.37540653348, 10.7242498398, 14.1639862061], [30.4749660492, -7.73728561401, -27.8410663605, 8.11550235748, -35.7880897522, -13.1016750336, -7.55484724045, -23.5974502563, 48.1642456055, 87.8713531494, 30.4286079407, 15.728638649, 12.597448349], [-12.1979455948, 2.82251667976, 12.2011671066, -8.49022865295, -1.24416315556, -34.1563682556, -40.9442062378, -10.5107088089, -0.37540653348, 30.4286079407, 73.8069152832, 30.1713047028, 2.81541252136], [42.6904830933, -1.12384152412, -17.1764144897, -10.7321386337, -9.57454109192, -14.6016654968, -10.3275241852, -10.8422136307, 10.7242498398, 15.728638649, 30.1713047028, 59.5552177429, 31.4083576202], [38.2954368591, -4.68858385086, -34.4347114563, -3.88301467896, -17.1035366058, 3.98316407204, 8.01587486267, -4.94316673279, 14.1639862061, 12.597448349, 2.81541252136, 31.4083576202, 64.8792114258]], "icov": [[0.00036941759754, -0.000594401208218, 0.000520891218912, -0.000350743095623, -0.000303960667225, 0.000721171149053, -0.000628571840934, 0.000807181524578, -0.000679773278534, 0.000598801590968, -0.000211380218389, 2.90101579594e-05, 3.64834668289e-05], [-0.000594401208218, 0.0021741008386, -0.000724511162844, 0.000438399758423, 0.00079350057058, -0.00121621903963, 0.00157636683434, -0.00178523838986, 0.00163785379846, -0.00115955097135, 0.000634771713521, -0.000221858528676, 5.01790418639e-05], [0.000520891218912, -0.000724511162844, 0.00289997388609, -0.000250217475696, -0.00200728001073, 0.000792141305283, -0.000721587450244, 0.000802671769634, 0.000789970217738, -0.000284017645754, -0.000267430150416, 4.31257431046e-05, 0.000610299408436], [-0.000350743095623, 0.000438399758423, -0.000250217475696, 0.00390762230381, 0.00156252260786, -0.0026056705974, 0.000701395561919, -0.000620327773504, 0.00228360272013, -0.00151934986934, 6.53475799481e-05, 0.000226074451348, 0.000461931049358], [-0.000303960667225, 0.00079350057058, -0.00200728001073, 0.00156252260786, 0.00833736732602, -0.00264684180729, 0.000429181702202, -0.00287569733337, 0.00100428087171, 0.0014815509785, -0.0013724337332, -0.00023730279645, 0.00102070800494], [0.000721171149053, -0.00121621903963, 0.000792141305283, -0.0026056705974, -0.00264684180729, 0.0136277163401, -0.00584084307775, -0.00115149270277, -0.000782562536187, -4.31017579103e-05, 0.00244019669481, 0.000531611090992, -0.00133363157511], [-0.000628571840934, 0.00157636683434, -0.000721587450244, 0.000701395561919, 0.000429181702202, -0.00584084307775, 0.0123091973364, -0.00416779518127, -0.00138549285475, -0.00126655388158, 0.00457534333691, -0.00115788693074, -0.000312303367537], [0.000807181524578, -0.00178523838986, 0.000802671769634, -0.000620327773504, -0.00287569733337, -0.00115149270277, -0.00416779518127, 0.012610996142, -0.00528176547959, 0.00558837130666, -0.00426856335253, 0.00206595892087, -0.000175106732058], [-0.000679773278534, 0.00163785379846, 0.000789970217738, 0.00228360272013, 0.00100428087171, -0.000782562536187, -0.00138549285475, -0.00528176547959, 0.0208066776395, -0.013480251655, 0.00497911404818, -0.00304129417054, 0.00048840441741], [0.000598801590968, -0.00115955097135, -0.000284017645754, -0.00151934986934, 0.0014815509785, -4.31017579103e-05, -0.00126655388158, 0.00558837130666, -0.013480251655, 0.024137435481, -0.0111391460523, 0.00325336167589, -0.00253882515244], [-0.000211380218389, 0.000634771713521, -0.000267430150416, 6.53475799481e-05, -0.0013724337332, 0.00244019669481, 0.00457534333691, -0.00426856335253, 0.00497911404818, -0.0111391460523, 0.0265781842172, -0.0136490054429, 0.00516054593027], [2.90101579594e-05, -0.000221858528676, 4.31257431046e-05, 0.000226074451348, -0.00023730279645, 0.000531611090992, -0.00115788693074, 0.00206595892087, -0.00304129417054, 0.00325336167589, -0.0136490054429, 0.031221864745, -0.0142815820873], [3.64834668289e-05, 5.01790418639e-05, 0.000610299408436, 0.000461931049358, 0.00102070800494, -0.00133363157511, -0.000312303367537, -0.000175106732058, 0.00048840441741, -0.00253882515244, 0.00516054593027, -0.0142815820873, 0.0231992918998]], "mean": [-730.190612793, 166.119598389, 3.90786623955, 44.0240516663, -4.45156860352, 6.22838163376, 2.17319273949, 3.39249253273, -1.42376494408, 1.56485307217, -0.997789144516, 1.02034986019, 1.47300362587]}, "pitch_salience": {"dmean": 0.0749076902866, "dmean2": 0.122193485498, "dvar": 0.003956428729, "dvar2": 0.0102723045275, "max": 0.835420966148, "mean": 0.540728092194, "median": 0.553756594658, "min": 0.0740360841155, "var": 0.0120839700103}, "silence_rate_20dB": {"dmean": 0.000212089071283, "dmean2": 0.000424223137088, "dvar": 0.000212005834328, "dvar2": 0.000636001583189, "max": 1, "mean": 0.999893963337, "median": 1, "min": 0, "var": 0.000106012485048}, "silence_rate_30dB": {"dmean": 0.0197242833674, "dmean2": 0.0394527539611, "dvar": 0.0193337388337, "dvar2": 0.0440472140908, "max": 1, "mean": 0.968508124352, "median": 1, "min": 0, "var": 0.030498214066}, "silence_rate_60dB": {"dmean": 0.00996818672866, "dmean2": 0.0199384875596, "dvar": 0.00986864883453, "dvar2": 0.0231460854411, "max": 1, "mean": 0.0454882830381, "median": 0, "min": 0, "var": 0.0434243865311}, "spectral_centroid": {"dmean": 188.005508423, "dmean2": 298.72479248, "dvar": 69446.9375, "dvar2": 157224.875, "max": 10776.125, "mean": 758.088989258, "median": 615.913513184, "min": 139.093902588, "var": 288431.40625}, "spectral_complexity": {"dmean": 2.02120900154, "dmean2": 3.29006266594, "dvar": 4.8358540535, "dvar2": 11.0653772354, "max": 60, "mean": 10.2997560501, "median": 9, "min": 0, "var": 50.5312042236}, "spectral_contrast_coeffs": {"dmean": [0.053824711591, 0.0496411509812, 0.0394448563457, 0.0306213311851, 0.0225328858942, 0.0406081341207], "dmean2": [0.0882777273655, 0.0817337185144, 0.0657370984554, 0.0505158491433, 0.0365036390722, 0.0642218366265], "dvar": [0.00176320865285, 0.00155755330343, 0.000949823006522, 0.000599448161665, 0.000358848890755, 0.00133666803595], "dvar2": [0.00465131271631, 0.00418741768226, 0.00263207103126, 0.00158415385522, 0.00091157265706, 0.0033023271244], "max": [-0.324584901333, -0.349367320538, -0.582501411438, -0.639803409576, -0.571176946163, -0.465457886457], "mean": [-0.655143141747, -0.757241487503, -0.799566864967, -0.828425765038, -0.829849898815, -0.771572232246], "median": [-0.661410808563, -0.766382694244, -0.800829648972, -0.826816439629, -0.828456878662, -0.780777335167], "min": [-0.953188478947, -0.963573336601, -0.975289463997, -0.980133652687, -0.964212357998, -0.957406163216], "var": [0.00768478773534, 0.00622982019559, 0.0033652971033, 0.00218240055256, 0.0015389904147, 0.00403453223407]}, "spectral_contrast_valleys": {"dmean": [0.386269241571, 0.364197731018, 0.333798229694, 0.330600082874, 0.309975892305, 0.591041684151], "dmean2": [0.644191384315, 0.593017280102, 0.536369085312, 0.527429044247, 0.469631224871, 0.940593123436], "dvar": [0.111562713981, 0.103071719408, 0.0989177003503, 0.113847471774, 0.111110508442, 0.26775842905], "dvar2": [0.270589858294, 0.235828608274, 0.224292680621, 0.253237605095, 0.222864374518, 0.64996856451], "max": [-5.5050406456, -4.50401115417, -5.62291097641, -5.88415718079, -5.3348326683, -8.91946411133], "mean": [-7.20068120956, -6.89902353287, -7.77493524551, -8.41683769226, -8.2565612793, -11.4389028549], "median": [-7.02533054352, -6.69794130325, -7.57529592514, -8.21204662323, -8.05583953857, -11.3330821991], "min": [-27.1456108093, -27.1723651886, -27.7070674896, -27.1526203156, -27.1092720032, -27.3384017944], "var": [1.58223390579, 1.81882715225, 1.53665804863, 1.50221991539, 1.45830357075, 1.06495296955]}, "spectral_decrease": {"dmean": 2.12314366088e-09, "dmean2": 3.2228286706e-09, "dvar": 9.22881935267e-18, "dvar2": 1.95840519045e-17, "max": 1.60739244137e-08, "mean": -2.86490742241e-09, "median": -1.17087151086e-09, "min": -6.74726194916e-08, "var": 3.03416631565e-17}, "spectral_energy": {"dmean": 0.00963426288217, "dmean2": 0.0143115464598, "dvar": 0.000175227673026, "dvar2": 0.000352484406903, "max": 0.334085851908, "mean": 0.0329850204289, "median": 0.0237363763154, "min": 1.02822128666e-20, "var": 0.000961599871516}, "spectral_energyband_high": {"dmean": 0.000200491558644, "dmean2": 0.000302515662042, "dvar": 3.11221242555e-07, "dvar2": 6.87205101713e-07, "max": 0.0456178151071, "mean": 0.000571989861783, "median": 0.000266079616267, "min": 7.60035599578e-21, "var": 1.84976067885e-06}, "spectral_energyband_low": {"dmean": 0.00428911857307, "dmean2": 0.00665565161034, "dvar": 4.82311625092e-05, "dvar2": 0.000107044113975, "max": 0.170506969094, "mean": 0.00850106682628, "median": 0.00478022824973, "min": 3.71859248846e-23, "var": 0.000141791373608}, "spectral_energyband_middle_high": {"dmean": 0.000481060589664, "dmean2": 0.00075348385144, "dvar": 9.0004635922e-07, "dvar2": 2.30704540627e-06, "max": 0.030125150457, "mean": 0.00136384100188, "median": 0.00066662899917, "min": 1.49774630932e-21, "var": 4.05475748266e-06}, "spectral_energyband_middle_low": {"dmean": 0.00556155480444, "dmean2": 0.00826133787632, "dvar": 0.000109932036139, "dvar2": 0.000215533233131, "max": 0.280455768108, "mean": 0.0131801282987, "median": 0.00632399506867, "min": 3.13493172274e-22, "var": 0.00042844802374}, "spectral_entropy": {"dmean": 0.231192544103, "dmean2": 0.359560877085, "dvar": 0.0470633246005, "dvar2": 0.110050342977, "max": 9.81015396118, "mean": 7.19592809677, "median": 7.25721693039, "min": 5.12755203247, "var": 0.222796738148}, "spectral_flux": {"dmean": 0.0189960636199, "dmean2": 0.0314078070223, "dvar": 0.00040647314745, "dvar2": 0.00104914873373, "max": 0.310300499201, "mean": 0.0883494243026, "median": 0.0828318968415, "min": 1.01401248509e-10, "var": 0.00191224750597}, "spectral_kurtosis": {"dmean": 3.50841355324, "dmean2": 5.50683259964, "dvar": 12.047162056, "dvar2": 30.2737236023, "max": 57.9107208252, "mean": 17.4796581268, "median": 16.8139781952, "min": -1.20474183559, "var": 37.1061935425}, "spectral_rms": {"dmean": 0.000764546159189, "dmean2": 0.00113642052747, "dvar": 6.00422822572e-07, "dvar2": 1.21839354961e-06, "max": 0.0180537365377, "mean": 0.00512809492648, "median": 0.00481221778318, "min": 3.16724294361e-12, "var": 5.88331386098e-06}, "spectral_rolloff": {"dmean": 1856.85620117, "dmean2": 3612.47558594, "dvar": 31229010, "dvar2": 82325416, "max": 22050, "mean": 20025.3242188, "median": 21899.2675781, "min": 21.533203125, "var": 33409698}, "spectral_skewness": {"dmean": 0.329734891653, "dmean2": 0.510543704033, "dvar": 0.0996526703238, "dvar2": 0.242636293173, "max": 5.72212505341, "mean": 2.99946546555, "median": 2.95498394966, "min": -0.00393368070945, "var": 0.361745357513}, "spectral_spread": {"dmean": 476