{"lowlevel": {"average_loudness": 0.892224311829, "barkbands": {"dmean": [0.00424840627238, 0.0122015783563, 0.00453121354803, 0.00141604384407, 0.00250171334483, 0.00178293301724, 0.00111607159488, 0.000666079344228, 0.000542918394785, 0.000637290300801, 0.000501893169712, 0.000407268817071, 0.000300289801089, 0.000140550080687, 0.00013049201516, 7.37456211937e-05, 6.27054469078e-05, 6.46527842036e-05, 5.73663091927e-05, 4.26869773946e-05, 2.8928345273e-05, 2.35518182308e-05, 3.55766715074e-05, 9.36844753596e-06, 2.42027476816e-06, 2.65474063781e-05, 0.00019522466755], "dmean2": [0.00725914444774, 0.0202926583588, 0.00759848114103, 0.00244962028228, 0.00402554403991, 0.00279128435068, 0.00175343081355, 0.00105447939131, 0.000853671866935, 0.00100850814488, 0.000825076305773, 0.000630855967756, 0.00047163394629, 0.000222794857109, 0.000203274699743, 0.000113417721877, 9.50239773374e-05, 9.31488830247e-05, 8.13677179394e-05, 5.89292139921e-05, 3.8377558667e-05, 3.12540723826e-05, 4.89998346893e-05, 1.36500739245e-05, 3.79312609766e-06, 3.44904510712e-05, 0.000229714583838], "dvar": [0.000238561522565, 0.00115654268302, 9.37293443712e-05, 5.48551497559e-06, 2.0908211809e-05, 1.86331872101e-05, 8.35455921333e-06, 3.52801225745e-06, 1.87780005945e-06, 2.0930961e-06, 1.73058742803e-06, 8.5412949602e-07, 3.50927251702e-07, 8.14008132011e-08, 8.88860611781e-08, 2.72129003775e-08, 3.73707820245e-08, 2.54457290794e-08, 1.83511588148e-08, 9.78985426059e-09, 4.73931960343e-09, 4.33765912078e-09, 1.49969334728e-08, 9.93638504809e-10, 3.31923724617e-11, 6.46441877805e-09, 2.00375737336e-07], "dvar2": [0.00061869667843, 0.00301740621217, 0.000251860154094, 1.53097844304e-05, 5.17664593644e-05, 4.32042797911e-05, 2.03829695238e-05, 8.22043057269e-06, 4.52144740848e-06, 5.14084331371e-06, 4.69113911095e-06, 1.97790109269e-06, 8.6051204562e-07, 1.96361710891e-07, 2.08064747653e-07, 6.13510806602e-08, 8.29426483051e-08, 5.33449480145e-08, 3.73819659671e-08, 1.97589358208e-08, 8.39060199098e-09, 8.20888690356e-09, 3.19245465619e-08, 2.21554929958e-09, 7.04493130499e-11, 1.23275967212e-08, 2.90123807645e-07], "max": [0.209219813347, 0.360291659832, 0.129950806499, 0.0283714421093, 0.10706230998, 0.106904357672, 0.0593006461859, 0.0687594860792, 0.0372736565769, 0.0252295229584, 0.0270539149642, 0.0201104730368, 0.0088540893048, 0.00482034496963, 0.00563669204712, 0.00229367380962, 0.00318671623245, 0.00339113175869, 0.00325818173587, 0.00283437478356, 0.00112008117139, 0.00119188474491, 0.0020829453133, 0.000536817708053, 0.000116462419101, 0.00106499774847, 0.00738142151386], "mean": [0.00347870751284, 0.0125751942396, 0.00589145021513, 0.00167722406331, 0.00388875766657, 0.00244878046215, 0.00151818303857, 0.000912223011255, 0.000756849593017, 0.000916577584576, 0.000703802215867, 0.000631603063084, 0.00046459393343, 0.000200081718503, 0.000195609332877, 0.000114484013466, 9.23704064917e-05, 0.000106564781163, 9.62306949077e-05, 7.18362352927e-05, 4.84877746203e-05, 3.33744974341e-05, 4.2522126023e-05, 1.08776212073e-05, 2.58482896243e-06, 3.55773445335e-05, 0.000416093214881], "median": [0.000600791361649, 0.00245539424941, 0.00173856236506, 0.000773724052124, 0.00180322327651, 0.000605418987107, 0.000246609793976, 0.000175385910552, 0.00018593846471, 0.000217750843149, 0.000157582180691, 0.000169427134097, 0.000164865748957, 7.5735450082e-05, 6.80544035276e-05, 3.22995620081e-05, 1.82459843927e-05, 2.99184448522e-05, 3.01688196487e-05, 2.16366497625e-05, 1.25958158605e-05, 6.52646031085e-06, 4.70871600555e-06, 1.40187887609e-06, 5.7569764067e-07, 4.53566781289e-06, 0.000159492075909], "min": [7.56339498106e-26, 2.41996789135e-24, 1.2474060279e-24, 2.4744523447e-24, 1.3388334291e-23, 1.39525339213e-23, 8.92023874557e-24, 1.1642288496e-23, 3.23842484614e-23, 1.97999354045e-23, 1.91695598106e-23, 3.28702467324e-23, 4.53963039892e-23, 3.301693384e-23, 7.13714772696e-23, 5.79351250153e-23, 3.90708669969e-23, 9.83675533128e-23, 1.25461094699e-22, 1.58476526547e-22, 2.594157601e-22, 3.56842530519e-22, 3.49268557062e-22, 6.34310709793e-22, 8.00565632058e-22, 1.38166425329e-21, 1.93799087505e-21], "var": [0.000173250009539, 0.000991783570498, 0.000138985429658, 6.43466728434e-06, 3.52538263542e-05, 2.95940881188e-05, 1.31252718347e-05, 6.03652233622e-06, 2.97664587379e-06, 3.47338482243e-06, 2.62389016825e-06, 1.64877815223e-06, 5.87083547998e-07, 1.2045775577e-07, 1.37595662864e-07, 4.81900173099e-08, 5.79946402013e-08, 4.75335326655e-08, 3.63926311309e-08, 1.92947133826e-08, 1.02559285509e-08, 7.61819674011e-09, 2.0062238093e-08, 1.29759414325e-09, 4.46916566255e-11, 1.1205751882e-08, 5.75346859932e-07]}, "barkbands_crest": {"dmean": 3.11573433876, "dmean2": 5.1527094841, "dvar": 7.0103058815, "dvar2": 18.9425582886, "max": 25.1208820343, "mean": 10.8051137924, "median": 10.237361908, "min": 3.15945410728, "var": 15.7679290771}, "barkbands_flatness_db": {"dmean": 0.0319339744747, "dmean2": 0.0496328473091, "dvar": 0.000886532245204, "dvar2": 0.00211577466689, "max": 0.434999346733, "mean": 0.164345622063, "median": 0.152083665133, "min": 0.0441908724606, "var": 0.00332712987438}, "barkbands_kurtosis": {"dmean": 10.5841827393, "dmean2": 17.4694633484, "dvar": 596.776855469, "dvar2": 1610.30126953, "max": 614.208068848, "mean": 17.6650276184, "median": 9.93303775787, "min": -1.749984622, "var": 754.638977051}, "barkbands_skewness": {"dmean": 0.90715020895, "dmean2": 1.45621609688, "dvar": 1.23917174339, "dvar2": 3.059694767, "max": 17.4967155457, "mean": 2.94904923439, "median": 2.63769769669, "min": -2.06862258911, "var": 3.05462670326}, "barkbands_spread": {"dmean": 5.7623758316, "dmean2": 8.93091392517, "dvar": 51.6876525879, "dvar2": 113.644897461, "max": 123.562782288, "mean": 17.1038818359, "median": 14.7532157898, "min": 0.313008099794, "var": 171.870285034}, "dissonance": {"dmean": 0.0242680199444, "dmean2": 0.0407150387764, "dvar": 0.000532608130015, "dvar2": 0.00143097026739, "max": 0.500000059605, "mean": 0.458774954081, "median": 0.466712892056, "min": 0.272796958685, "var": 0.000991174252704}, "dynamic_complexity": 5.26708269119, "erbbands": {"dmean": [0.545363903046, 2.07842707634, 5.09649658203, 4.87824583054, 5.36743307114, 9.82055664062, 12.0214490891, 16.7630519867, 15.3319034576, 14.9601335526, 13.7581834793, 12.112411499, 14.48320961, 23.0396404266, 19.0714321136, 15.6132249832, 13.7357683182, 8.5318813324, 6.45187664032, 5.60891580582, 3.4373152256, 3.40860295296, 3.48184514046, 3.18758392334, 2.61728453636, 2.02648639679, 1.42257332802, 0.983608961105, 0.79859161377, 0.950637161732, 0.999017357826, 0.44864577055, 0.0488621816039, 0.027275448665, 0.0173047240824, 0.0118863256648, 0.0596173107624, 0.0412379093468, 0.0155223943293, 0.00601538503543], "dmean2": [0.938369214535, 3.40468335152, 8.33508586884, 8.46979904175, 8.7689704895, 16.0805015564, 18.8761539459, 26.1339187622, 23.9046421051, 23.5936660767, 21.4784965515, 19.0842056274, 22.6837387085, 36.8492469788, 30.5254268646, 24.1402549744, 21.2276287079, 13.3831596375, 9.97264194489, 8.73394298553, 5.15225744247, 5.08404350281, 4.95999145508, 4.50203371048, 3.69762611389, 2.80665230751, 1.92116117477, 1.30335795879, 1.0704703331, 1.26204323769, 1.38920629025, 0.628557562828, 0.0735443681479, 0.0426699258387, 0.0269696619362, 0.017472948879, 0.0787650421262, 0.0504286177456, 0.0179538037628, 0.00720212468877], "dvar": [3.59712195396, 28.6437721252, 142.521148682, 65.9358139038, 97.9226150513, 357.166442871, 808.306091309, 2001.52160645, 1542.58825684, 1284.77380371, 2066.26782227, 989.920043945, 1231.1854248, 2591.18457031, 2187.23510742, 1282.73901367, 768.171325684, 264.295196533, 231.313705444, 144.923904419, 74.1983642578, 111.882415771, 83.0540084839, 54.2070846558, 37.4853286743, 23.3810253143, 10.5682621002, 5.53554868698, 4.67516326904, 8.63952541351, 11.9879255295, 2.554251194, 0.013405228965, 0.00427592359483, 0.00166719593108, 0.000717548886314, 0.0355934724212, 0.0129089290276, 0.00110335939098, 0.000157305432367], "dvar2": [9.69147014618, 73.5654220581, 352.331512451, 196.153884888, 245.287887573, 919.939331055, 1865.04272461, 4560.25927734, 3680.65551758, 3131.85351562, 4702.11376953, 2318.20800781, 3066.83227539, 6609.22558594, 5729.45019531, 2944.57495117, 1853.57995605, 622.596374512, 527.632141113, 333.04788208, 164.230651855, 241.621231079, 172.435928345, 108.885810852, 75.3270187378, 48.4567260742, 19.8803195953, 9.59288597107, 8.7522277832, 16.9682846069, 25.8719539642, 5.62304210663, 0.0263176616281, 0.0090535543859, 0.00351509195752, 0.00138063693885, 0.0694222897291, 0.022097254172, 0.00154194468632, 0.000234233375522], "max": [21.7571487427, 52.8829727173, 143.981521606, 98.2814178467, 175.88609314, 344.626281738, 760.774719238, 1284.00769043, 971.901794434, 730.03717041, 1869.35827637, 1179.15576172, 836.919006348, 760.080688477, 1007.41967773, 791.79309082, 490.553283691, 306.724151611, 277.878845215, 185.963623047, 153.263366699, 192.926483154, 191.144683838, 130.162612915, 141.182006836, 158.218688965, 48.5361175537, 36.1254081726, 29.5002346039, 52.0992965698, 51.4943504333, 24.3730335236, 2.35024499893, 1.32762217522, 0.827682316303, 0.544684588909, 2.64934301376, 1.76848602295, 0.498432517052, 0.228437662125], "mean": [0.468718498945, 2.40053153038, 6.99368000031, 6.32894659042, 7.50392818451, 14.4113836288, 16.9273414612, 22.5763111115, 22.2440223694, 20.4034061432, 19.4903488159, 17.2311286926, 21.3587818146, 33.6139831543, 28.7793312073, 26.030172348, 22.4687862396, 13.6084804535, 9.8175573349, 9.09033203125, 5.58336782455, 5.23942041397, 5.74394321442, 5.46902656555, 4.41652965546, 3.41840052605, 2.43323493004, 1.59407508373, 1.16023957729, 1.23663234711, 1.17738378048, 0.520746529102, 0.0579270087183, 0.0293312184513, 0.0188179071993, 0.0149405924603, 0.0793640613556, 0.0613331384957, 0.0318935662508, 0.0152416117489], "median": [0.0918874442577, 0.491931378841, 1.8358001709, 3.02021360397, 3.62882184982, 5.93925762177, 5.25585985184, 5.36667251587, 3.77855825424, 4.26999378204, 3.76394057274, 4.52753639221, 5.67502212524, 8.7477722168, 7.35109043121, 7.32202577591, 7.94521045685, 5.5129737854, 3.70223808289, 3.3447470665, 1.51144015789, 1.12509775162, 1.54445767403, 1.71202218533, 1.35727286339, 1.03449845314, 0.676335215569, 0.408700287342, 0.244040220976, 0.17788387835, 0.12443240732, 0.0516505166888, 0.0119645530358, 0.00647817272693, 0.0043445629999, 0.00360737694427, 0.00908250268549, 0.0113111604005, 0.011127714999, 0.00707709463313], "min": [4.38684444988e-23, 5.73094497702e-22, 2.0712959987e-21, 9.38472836431e-21, 2.38723484677e-20, 3.03959051375e-20, 5.82598427317e-20, 1.22865853897e-19, 1.25005537497e-19, 1.22120641713e-19, 3.80185651214e-19, 5.60768588114e-19, 7.65806292643e-19, 9.30920124908e-19, 9.05433035874e-19, 1.49233680903e-18, 2.21176722063e-18, 2.25855214249e-18, 2.12888972031e-18, 3.60882895312e-18, 3.1608732215e-18, 2.67783758728e-18, 4.86377898842e-18, 6.16330413257e-18, 6.94195281781e-18, 6.99549787322e-18, 9.59408742192e-18, 1.09293248482e-17, 1.16638388983e-17, 1.23475715034e-17, 1.20162939399e-17, 1.09585011628e-17, 1.01048325727e-17, 8.11424558963e-18, 5.9189218924e-18, 4.40996578409e-18, 2.40038590699e-18, 1.03726122369e-18, 2.35085608967e-19, 2.74711948243e-20], "var": [2.45341777802, 32.702419281, 236.972549438, 84.2804641724, 130.086578369, 560.522460938, 1409.50317383, 3177.6262207, 2643.63916016, 1941.53747559, 3601.73339844, 1611.7010498, 1862.33898926, 4079.51074219, 3438.60498047, 2789.05102539, 1374.33361816, 454.250793457, 350.641601562, 251.942596436, 131.798583984, 181.454437256, 151.025558472, 110.837768555, 75.0640869141, 44.6427764893, 22.4077148438, 12.043721199, 8.47516441345, 13.6400213242, 15.68567276, 3.30248332024, 0.0215710159391, 0.0057878177613, 0.00228901463561, 0.0012414365774, 0.0602178089321, 0.0259274672717, 0.00339091266505, 0.000518684217241]}, "erbbands_crest": {"dmean": 2.93469381332, "dmean2": 4.75445175171, "dvar": 7.18013334274, "dvar2": 17.2435626984, "max": 30.6793403625, "mean": 9.15952205658, "median": 8.23289299011, "min": 2.19542121887, "var": 17.8244838715}, "erbbands_flatness_db": {"dmean": 0.0240072626621, "dmean2": 0.035456225276, "dvar": 0.000453818560345, "dvar2": 0.0010001170449, "max": 0.321226894855, "mean": 0.145549714565, "median": 0.145077466965, "min": 0.0377698466182, "var": 0.00189174048137}, "erbbands_kurtosis": {"dmean": 1.25711250305, "dmean2": 2.02061605453, "dvar": 3.27512955666, "dvar2": 8.0912733078, "max": 45.324054718, "mean": 1.12881433964, "median": 0.472985744476, "min": -1.68256282806, "var": 6.5802488327}, "erbbands_skewness": {"dmean": 0.408603221178, "dmean2": 0.630543529987, "dvar": 0.152597397566, "dvar2": 0.349943101406, "max": 5.31086587906, "mean": 0.505082845688, "median": 0.451607823372, "min": -3.09216690063, "var": 0.628628373146}, "erbbands_spread": {"dmean": 7.63739109039, "dmean2": 11.5267715454, "dvar": 61.9017868042, "dvar2": 130.953887939, "max": 105.65814209, "mean": 30.7242126465, "median": 27.9821796417, "min": 2.78573417664, "var": 224.212692261}, "gfcc": {"cov": [[22627.4882812, 1010.47967529, -1374.09863281, -86.6528778076, -41.8630828857, -565.569763184, 290.558074951, -283.374328613, 159.860305786, -116.525047302, 56.7661819458, 38.1032409668, -255.953033447], [1010.47967529, 876.802124023, 45.6503753662, -224.601028442, 64.6247329712, -27.6492023468, 8.08498096466, -62.6864929199, -44.268863678, -49.2520370483, 34.684047699, -95.6055603027, 71.6626739502], [-1374.09863281, 45.6503753662, 558.530944824, 190.597610474, -40.7758827209, 226.62197876, -87.7661743164, 115.184806824, -14.540802002, 20.4749279022, -38.642742157, -0.962182104588, 2.9606449604], [-86.6528778076, -224.601028442, 190.597610474, 327.969604492, 69.8637008667, 80.6129608154, 39.6156539917, 15.5776777267, 20.5004444122, -1.3109459877, -39.4013977051, 43.4053382874, -63.1526527405], [-41.8630828857, 64.6247329712, -40.7758827209, 69.8637008667, 210.143325806, 77.0017318726, 81.1435012817, -52.9116783142, -17.5446872711, -28.2298736572, 12.3211240768, 3.24787259102, -1.91107988358], [-565.569763184, -27.6492023468, 226.62197876, 80.6129608154, 77.0017318726, 349.007751465, -19.0089359283, 68.8359832764, -44.3581008911, 12.1821947098, -4.08852577209, 26.8111057281, 17.3046684265], [290.558074951, 8.08498096466, -87.7661743164, 39.6156539917, 81.1435012817, -19.0089359283, 175.122665405, -38.5490760803, 38.2346305847, -31.1473064423, -0.242327064276, 29.9523696899, -32.433013916], [-283.374328613, -62.6864929199, 115.184806824, 15.5776777267, -52.9116783142, 68.8359832764, -38.5490760803, 175.312683105, 41.8041954041, 40.3306999207, -9.87401103973, -29.9795227051, 10.7964687347], [159.860305786, -44.268863678, -14.540802002, 20.5004444122, -17.5446872711, -44.3581008911, 38.2346305847, 41.8041954041, 156.75881958, 44.5272827148, -10.6942930222, 10.0168714523, -57.6795539856], [-116.525047302, -49.2520370483, 20.4749279022, -1.3109459877, -28.2298736572, 12.1821947098, -31.1473064423, 40.3306999207, 44.5272827148, 83.8256378174, 31.0625228882, 2.21992921829, 7.2225894928], [56.7661819458, 34.684047699, -38.642742157, -39.4013977051, 12.3211240768, -4.08852577209, -0.242327064276, -9.87401103973, -10.6942930222, 31.0625228882, 71.0936889648, 30.723695755, 27.0413665771], [38.1032409668, -95.6055603027, -0.962182104588, 43.4053382874, 3.24787259102, 26.8111057281, 29.9523696899, -29.9795227051, 10.0168714523, 2.21992921829, 30.723695755, 102.765571594, 13.767080307], [-255.953033447, 71.6626739502, 2.9606449604, -63.1526527405, -1.91107988358, 17.3046684265, -32.433013916, 10.7964687347, -57.6795539856, 7.2225894928, 27.0413665771, 13.767080307, 108.686759949]], "icov": [[9.12313407753e-05, -0.000383618404157, 0.000607798516285, -0.000539377739187, 0.000403693731641, -0.000172982065124, 0.000116763148981, -0.000198175359401, 9.7113152151e-05, -5.9448164393e-05, 9.28854788071e-05, -0.000292340642773, 0.000296399055514], [-0.000383618404157, 0.00440112454817, -0.0044576972723, 0.00410131225362, -0.0023029258009, 0.000734149245545, -0.00126035127323, 0.00302825495601, -0.00282752746716, 0.00360425119288, -0.00417095050216, 0.0055131232366, -0.00353574752808], [0.000607798516285, -0.0044576972723, 0.00972771923989, -0.00845667812973, 0.00618773233145, -0.00437148893252, 0.00257460400462, -0.00245838146657, 0.000138637275086, 0.000113504174806, 0.000922821520362, -0.00166555563919, 0.00105647672899], [-0.000539377739187, 0.00410131225362, -0.00845667812973, 0.0138653740287, -0.00952488742769, 0.00490329228342, -0.00198784400709, -0.000901227467693, 0.00407636445016, -0.00525775272399, 0.0069678677246, -0.00553009752184, 0.00434019509703], [0.000403693731641, -0.0023029258009, 0.00618773233145, -0.00952488742769, 0.0156047511846, -0.00736347772181, -0.00230557355098, 0.00462701404467, -0.00553059112281, 0.00754810124636, -0.00978090800345, 0.00922282785177, -0.00510614085943], [-0.000172982065124, 0.000734149245545, -0.00437148893252, 0.00490329228342, -0.00736347772181, 0.00827279500663, -0.000103815895272, -0.0042764628306, 0.00620672805235, -0.00623687868938, 0.00664882361889, -0.00750548951328, 0.00402871984988], [0.000116763148981, -0.00126035127323, 0.00257460400462, -0.00198784400709, -0.00230557355098, -0.000103815895272, 0.0103336423635, -0.001143920701, -0.00261530419812, 0.00374392839149, -8.42298613861e-05, -0.00365319964476, 0.00190104928333], [-0.000198175359401, 0.00302825495601, -0.00245838146657, -0.000901227467693, 0.00462701404467, -0.0042764628306, -0.001143920701, 0.0143372900784, -0.0096033224836, 0.00559132546186, -0.00842327810824, 0.0132699767128, -0.00897654518485], [9.7113152151e-05, -0.00282752746716, 0.000138637275086, 0.00407636445016, -0.00553059112281, 0.00620672805235, -0.00261530419812, -0.0096033224836, 0.0225974544883, -0.0198730211705, 0.0173753667623, -0.0168033391237, 0.0146643202752], [-5.9448164393e-05, 0.00360425119288, 0.000113504174806, -0.00525775272399, 0.00754810124636, -0.00623687868938, 0.00374392839149, 0.00559132546186, -0.0198730211705, 0.0376078039408, -0.0283008459955, 0.0187546312809, -0.0122670549899], [9.28854788071e-05, -0.00417095050216, 0.000922821520362, 0.0069678677246, -0.00978090800345, 0.00664882361889, -8.42298613861e-05, -0.00842327810824, 0.0173753667623, -0.0283008459955, 0.0437663607299, -0.0262286867946, 0.0101083526388], [-0.000292340642773, 0.0055131232366, -0.00166555563919, -0.00553009752184, 0.00922282785177, -0.00750548951328, -0.00365319964476, 0.0132699767128, -0.0168033391237, 0.0187546312809, -0.0262286867946, 0.0351944081485, -0.0166386254132], [0.000296399055514, -0.00353574752808, 0.00105647672899, 0.00434019509703, -0.00510614085943, 0.00402871984988, 0.00190104928333, -0.00897654518485, 0.0146643202752, -0.0122670549899, 0.0101083526388, -0.0166386254132, 0.0236409939826]], "mean": [-55.4232292175, 106.34677887, -72.5589141846, -3.39308547974, -15.6859292984, -13.6104402542, 2.94988131523, -22.6559753418, -7.84573745728, -10.9284162521, -2.92707371712, -1.71682536602, -10.1468601227]}, "hfc": {"dmean": 53.8259735107, "dmean2": 73.8195114136, "dvar": 8850.78808594, "dvar2": 16942.9375, "max": 1667.73144531, "mean": 134.733474731, "median": 72.7082519531, "min": 1.05172375291e-16, "var": 28392.9433594}, "melbands": {"dmean": [0.00413526780903, 0.00257779750973, 0.000805510440841, 0.000531651661731, 0.000428153201938, 0.000359703350114, 0.000232650534599, 0.000156945665367, 0.000109760549094, 7.83275390859e-05, 7.43149503251e-05, 9.63953862083e-05, 6.86089260853e-05, 4.55709960079e-05, 3.4828473872e-05, 3.08883427351e-05, 1.51270332935e-05, 1.05678500404e-05, 9.81226003205e-06, 6.1619321059e-06, 3.92759784518e-06, 3.58234478881e-06, 3.58527836397e-06, 3.20438493873e-06, 2.68770031653e-06, 2.20644324145e-06, 1.67496671111e-06, 1.37168137826e-06, 9.74826548372e-07, 7.48142952034e-07, 5.45514012629e-07, 4.44822205736e-07, 4.92407764341e-07, 5.63573735235e-07, 5.6045570318e-07, 6.16705847278e-07, 1.3624902806e-07, 2.98620044248e-08, 2.48309444117e-08, 2.21288729563e-08], "dmean2": [0.00696745095775, 0.00420442875475, 0.00137646717485, 0.000857618229929, 0.000677545438521, 0.000559348496608, 0.000362545164535, 0.000246570678428, 0.000172343585291, 0.000123681194964, 0.000116886774777, 0.000154162684339, 0.000111409841338, 7.08473307895e-05, 5.35221552127e-05, 4.90027632623e-05, 2.41813195316e-05, 1.66485551745e-05, 1.55418692884e-05, 9.58552573138e-06, 5.99663826506e-06, 5.46999172002e-06, 5.34433775101e-06, 4.70886561743e-06, 3.92189758713e-06, 3.21019751937e-06, 2.39767791754e-06, 1.97610279429e-06, 1.36583366839e-06, 1.04787932287e-06, 7.46270472973e-07, 6.18580202172e-07, 6.70962606364e-07, 7.69762152686e-07, 7.85785857715e-07, 8.786834087e-07, 1.94919778096e-07, 4.69717456042e-08, 3.92320949061e-08, 3.47814683721e-08], "dvar": [0.000169020946487, 3.7544148654e-05, 1.72126431153e-06, 9.27306757603e-07, 8.72721045653e-07, 8.38295079575e-07, 3.51311996383e-07, 1.32431182465e-07, 1.31681119342e-07, 4.06743474457e-08, 3.20180362223e-08, 4.72209116253e-08, 3.54547253778e-08, 1.02356034759e-08, 6.32905461373e-09, 3.93005006316e-09, 8.75668093592e-10, 6.1871940904e-10, 5.14072673319e-10, 1.63192723224e-10, 1.14682811858e-10, 1.22341803355e-10, 1.24185509098e-10, 5.60825795526e-11, 4.03526830006e-11, 2.82708717547e-11, 1.56031802062e-11, 1.15350298757e-11, 4.701510882e-12, 3.92763989734e-12, 1.7245338187e-12, 1.41847015904e-12, 2.18722847993e-12, 3.33757414067e-12, 3.55454728151e-12, 5.73118072097e-12, 1.98120599787e-13, 5.49019439598e-15, 3.61802838936e-15, 2.81022683185e-15], "dvar2": [0.000445385783678, 9.15888158488e-05, 4.92040544486e-06, 2.32319621318e-06, 2.04751927413e-06, 1.91688832274e-06, 8.38736184505e-07, 3.20677003174e-07, 3.03476667796e-07, 9.61705879376e-08, 7.97122439167e-08, 1.18875178146e-07, 9.5622255003e-08, 2.45785649611e-08, 1.46953631486e-08, 9.69576596788e-09, 2.14403628185e-09, 1.44296474769e-09, 1.23592491796e-09, 3.72566866247e-10, 2.65319932691e-10, 2.71877298452e-10, 2.78742751103e-10, 1.17202553218e-10, 8.57847473612e-11, 6.07027692001e-11, 3.24232689308e-11, 2.60141803932e-11, 9.43327534142e-12, 7.86265583891e-12, 3.20859376395e-12, 2.82219343381e-12, 4.25347907937e-12, 6.90213641449e-12, 7.5634047636e-12, 1.33738376276e-11, 4.19958609988e-13, 1.16055668697e-14, 7.72438906051e-15, 5.98144131813e-15], "max": [0.143841028214, 0.0739913135767, 0.0158439893275, 0.0168503932655, 0.0285528004169, 0.025167895481, 0.013316933997, 0.0066943038255, 0.0140379136428, 0.00740328291431, 0.00416198000312, 0.00334280845709, 0.0042532668449, 0.00218386529014, 0.00244512688369, 0.00109195162077, 0.000500999449287, 0.000478311412735, 0.000410994223785, 0.000183729105629, 0.000193792177015, 0.000197861503693, 0.00026515458012, 0.000148736173287, 0.000112949121103, 0.000148446531966, 8.37267070892e-05, 0.000114015652798, 3.20721665048e-05, 4.13405650761e-05, 1.78793561645e-05, 1.78636000783e-05, 2.8233460398e-05, 3.51708986273e-05, 2.52591762546e-05, 4.0936498408e-05, 8.17008003651e-06, 1.50098333052e-06, 1.21363393646e-06, 1.06999982563e-06], "mean": [0.00390879157931, 0.00356167485006, 0.00111934170127, 0.000797913933638, 0.00062885961961, 0.000492177729029, 0.00033375507337, 0.000214430518099, 0.000152331936988, 0.000107988766104, 0.000107355997898, 0.00013738728012, 9.88714455161e-05, 7.16918511898e-05, 5.63474022783e-05, 4.64198601549e-05, 2.2130598154e-05, 1.50109544848e-05, 1.45552858157e-05, 9.67478808889e-06, 5.86451187701e-06, 5.23605558556e-06, 5.30218176209e-06, 5.19335208082e-06, 4.36414120486e-06, 3.52387860403e-06, 2.6620502922e-06, 2.19104094867e-06, 1.6074782252e-06, 1.17765932828e-06, 8.32916612126e-07, 6.35355092982e-07, 6.55774044844e-07, 7.06820628693e-07, 6.66182529585e-07, 6.71721693379e-07, 1.62766596645e-07, 3.15801962358e-08, 2.60642742944e-08, 2.34521699838e-08], "median": [0.000782126153354, 0.0009608597029, 0.00058377860114, 0.000375328992959, 0.000209493868169, 0.000116340335808, 5.51697085029e-05, 4.4705975597e-05, 3.00816645904e-05, 2.69517840934e-05, 2.6625188184e-05, 3.32392737619e-05, 2.23956776608e-05, 1.93774394575e-05, 1.72003674379e-05, 1.64057018992e-05, 8.58638122736e-06, 5.24808774571e-06, 4.99244924868e-06, 3.21392144542e-06, 1.28447391035e-06, 1.01836758404e-06, 1.16179865017e-06, 1.46752108776e-06, 1.3282871123e-06, 1.06265508748e-06, 7.55886389925e-07, 6.33744264178e-07, 4.36042057572e-07, 2.8576610589e-07, 1.90341239659e-07, 1.39343342198e-07, 1.06471475192e-07, 9.11733195608e-08, 7.25115114619e-08, 5.4031744412e-08, 1.97308231975e-08, 6.62819310548e-09, 5.5472351157e-09, 5.17034770553e-09], "min": [1.11451787247e-24, 5.81550823127e-25, 1.66567210998e-24, 2.6951732594e-24, 2.18645559707e-24, 3.29543566599e-24, 1.76230461264e-24, 1.52637672767e-24, 2.87194081661e-24, 4.17711512861e-24, 3.63040375571e-24, 3.34795289746e-24, 2.89369957253e-24, 3.69304483361e-24, 4.40201108965e-24, 4.60165442982e-24, 3.79391766086e-24, 2.1702293199e-24, 5.9131790721e-24, 3.75015875758e-24, 3.51131376359e-24, 2.37632041468e-24, 4.76766744631e-24, 4.39401874538e-24, 4.66993822977e-24, 4.5768234551e-24, 6.00503245818e-24, 3.47447829805e-24, 5.21228246869e-24, 6.19116931636e-24, 5.19938262074e-24, 5.69486773303e-24, 5.26728500645e-24, 6.66148148274e-24, 6.42915405754e-24, 5.1969328132e-24, 5.75703155009e-24, 7.34692114556e-24, 5.61995513489e-24, 5.93874526517e-24], "var": [0.000125758422655, 6.0879461671e-05, 2.38764937421e-06, 1.46941624735e-06, 1.55078350872e-06, 1.35125094403e-06, 5.99123495704e-07, 2.10727520766e-07, 2.25308482982e-07, 6.45619664397e-08, 4.85397961825e-08, 7.44317176782e-08, 5.2781388149e-08, 1.93350633282e-08, 1.17237330954e-08, 6.16768724981e-09, 1.33472843888e-09, 8.74492700476e-10, 7.67433450122e-10, 2.88920359859e-10, 1.81540643629e-10, 1.91884119705e-10, 1.80219714152e-10, 1.0731177752e-10, 7.4705665265e-11, 5.08035558067e-11, 2.92070742591e-11, 1.91974301039e-11, 9.37824731068e-12, 7.01948872292e-12, 3.47873964877e-12, 2.43417655824e-12, 3.54069399668e-12, 4.84076841112e-12, 4.78804019002e-12, 6.41110472002e-12, 2.86090920919e-13, 7.36877921826e-15, 4.76303101032e-15, 3.75064622033e-15]}, "melbands_crest": {"dmean": 4.49225139618, "dmean2": 7.34839344025, "dvar": 16.8369541168, "dvar2": 40.9961967468, "max": 37.0656967163, "mean": 16.2123069763, "median": 15.4313564301, "min": 1.53676426411, "var": 39.8514328003}, "melbands_flatness_db": {"dmean": 0.0389450639486, "dmean2": 0.0606673918664, "dvar": 0.00124916620553, "dvar2": 0.00302026164718, "max": 0.593930244446, "mean": 0.284805983305, "median": 0.274338304996, "min": 0.00320018455386, "var": 0.0057128383778}, "melbands_kurtosis": {"dmean": 15.620139122, "dmean2": 26.5579223633, "dvar": 3461.42724609, "dvar2": 9844.875, "max": 1482.32824707, "mean": 22.2102050781, "median": 10.8778991699, "min": -1.71409928799, "var": 2878.00390625}, "melbands_skewness": {"dmean": 1.06328058243, "dmean2": 1.69804131985, "dvar": 2.1161134243, "dvar2": 5.30071783066, "max": 28.5163383484, "mean": 3.07254099846, "median": 2.74588656425, "min": -1.03158438206, "var": 4.67793369293}, "melbands_spread": {"dmean": 4.38822603226, "dmean2": 6.95351982117, "dvar": 33.6605644226, "dvar2": 77.1934204102, "max": 171.928161621, "mean": 12.6809024811, "median": 9.64598941803, "min": 0.253872960806, "var": 232.071380615}, "mfcc": {"cov": [[12712.6669922, 1067.73632812, -1212.58032227, 617.546020508, -668.26739502, 178.4246521, -384.078582764, 281.349212646, -284.504394531, 216.51965332, -47.7566146851, 148.605377197, 38.7714424133], [1067.73632812, 1269.375, -55.0441436768, -89.9270782471, -29.0334148407, -16.5699958801, 65.5855026245, -60.6977424622, -26.3739376068, -14.5809783936, -1.35476064682, -61.8371734619, -28.7316856384], [-1212.58032227, -55.0441436768, 654.143310547, -43.9311790466, 180.572525024, 13.3264980316, 33.5090560913, 29.2600955963, 68.6062545776, 21.1897029877, 29.9984474182, 1.63194048405, -18.1176776886], [617.546020508, -89.9270782471, -43.9311790466, 334.309783936, -50.3247413635, 62.6371498108, -49.2670555115, 61.8442726135, -23.5139102936, 35.6332855225, -4.85640382767, 6.72294712067, 1.94662117958], [-668.26739502, -29.0334148407, 180.572525024, -50.3247413635, 222.290893555, 61.935836792, 87.8709182739, 8.1328420639, 41.3444366455, -17.2982120514, 19.0268325806, 3.18196344376, 0.853640019894], [178.4246521, -16.5699958801, 13.3264980316, 62.6371498108, 61.935836792, 259.372039795, 67.6135025024, 99.5319519043, -23.0403671265, -0.366143465042, -24.8738231659, 18.9818687439, 13.4995317459], [-384.078582764, 65.5855026245, 33.5090560913, -49.2670555115, 87.8709182739, 67.6135025024, 187.392288208, 15.8816394806, 16.3640708923, -58.3939628601, -19.5074157715, -17.4410457611, 6.4625582695], [281.349212646, -60.6977424622, 29.2600955963, 61.8442726135, 8.1328420639, 99.5319519043, 15.8816394806, 155.207473755, 17.6475563049, 38.2986335754, -6.96127128601, 20.5276527405, 1.78031849861], [-284.504394531, -26.3739376068, 68.6062545776, -23.5139102936, 41.3444366455, -23.0403671265, 16.3640708923, 17.6475563049, 97.6017150879, 25.5571136475, 26.4231319427, 0.703834474087, -3.16826891899], [216.51965332, -14.5809783936, 21.1897029877, 35.6332855225, -17.2982120514, -0.366143465042, -58.3939628601, 38.2986335754, 25.5571136475, 123.887435913, 48.0849647522, 13.2715044022, -5.76776504517], [-47.7566146851, -1.35476064682, 29.9984474182, -4.85640382767, 19.0268325806, -24.8738231659, -19.5074157715, -6.96127128601, 26.4231319427, 48.0849647522, 78.2303924561, 24.2341861725, -1.71480453014], [148.605377197, -61.8371734619, 1.63194048405, 6.72294712067, 3.18196344376, 18.9818687439, -17.4410457611, 20.5276527405, 0.703834474087, 13.2715044022, 24.2341861725, 71.2086029053, 29.3896503448], [38.7714424133, -28.7316856384, -18.1176776886, 1.94662117958, 0.853640019894, 13.4995317459, 6.4625582695, 1.78031849861, -3.16826891899, -5.76776504517, -1.71480453014, 29.3896503448, 56.9578704834]], "icov": [[0.000146710910485, -0.000158545546583, 0.000201519302209, -0.000161830030265, 0.000115668721264, -3.66415747521e-06, 0.000165531353559, -0.000255400198512, 0.000178041140316, -0.000132761299028, 0.000127227642224, -0.000372724491172, 7.0737041824e-05], [-0.000158545546583, 0.00105605390854, -0.000205846910831, 0.000389549619285, 0.0001789865928, -0.000119481344882, -0.000623587577138, 0.000551217235625, 0.000106427833089, -5.64010515518e-05, -0.000496948545333, 0.00107772368938, 7.01579556335e-05], [0.000201519302209, -0.000205846910831, 0.00239289179444, -0.000157377289725, -0.00170803419314, 0.00032793317223, 0.000620005652308, -0.000793354120106, -0.00030770394369, -0.000419982126914, 0.000356366916094, -0.000592321914155, 0.000684561382513], [-0.000161830030265, 0.000389549619285, -0.000157377289725, 0.00388802005909, 0.000492461025715, -0.000875714293215, 0.000738534843549, -0.000833783356939, 0.000458611146314, -0.000122692887089, -0.00058219989296, 0.00133877911139, -0.000429077830631], [0.000115668721264, 0.0001789865928, -0.00170803419314, 0.000492461025715, 0.00861121993512, -0.00236384244636, -0.00247012078762, 0.00116181676276, -0.00187156791799, 0.00104255229235, -0.00256063044071, -0.000143936122186, 0.000125202932395], [-3.66415747521e-06, -0.000119481344882, 0.00032793317223, -0.000875714293215, -0.00236384244636, 0.00714897923172, -0.00193320109975, -0.00377878895961, 0.00295787979849, -0.00109686539508, 0.00200349278748, -0.00158178340644, -0.000315063312883], [0.000165531353559, -0.000623587577138, 0.000620005652308, 0.000738534843549, -0.00247012078762, -0.00193320109975, 0.00977667421103, -0.00192295608576, -0.00163249438629, 0.00449327751994, -0.00101830041967, 0.00295451888815, -0.00200019101612], [-0.000255400198512, 0.000551217235625, -0.000793354120106, -0.000833783356939, 0.00116181676276, -0.00377878895961, -0.00192295608576, 0.012124394998, -0.00341576756909, -0.00396323949099, 0.0039038634859, -0.00337090832181, 0.00221100379713], [0.000178041140316, 0.000106427833089, -0.00030770394369, 0.000458611146314, -0.00187156791799, 0.00295787979849, -0.00163249438629, -0.00341576756909, 0.0149131910875, -0.00241784704849, -0.00298222061247, 0.00115683942568, -0.000664059130941], [-0.000132761299028, -5.64010515518e-05, -0.000419982126914, -0.000122692887089, 0.00104255229235, -0.00109686539508, 0.00449327751994, -0.00396323949099, -0.00241784704849, 0.015751183033, -0.00972509477288, 0.00348196923733, -0.000837991537992], [0.000127227642224, -0.000496948545333, 0.000356366916094, -0.00058219989296, -0.00256063044071, 0.00200349278748, -0.00101830041967, 0.0039038634859, -0.00298222061247, -0.00972509477288, 0.0244567655027, -0.0107846762985, 0.00450341869146], [-0.000372724491172, 0.00107772368938, -0.000592321914155, 0.00133877911139, -0.000143936122186, -0.00158178340644, 0.00295451888815, -0.00337090832181, 0.00115683942568, 0.00348196923733, -0.0107846762985, 0.0259787887335, -0.0126021346077], [7.0737041824e-05, 7.01579556335e-05, 0.000684561382513, -0.000429077830631, 0.000125202932395, -0.000315063312883, -0.00200019101612, 0.00221100379713, -0.000664059130941, -0.000837991537992, 0.00450341869146, -0.0126021346077, 0.0245234780014]], "mean": [-719.768615723, 169.518768311, 0.335122257471, 29.0330963135, -3.1505241394, 20.3488407135, 6.49799966812, 8.17754173279, -7.82052659988, 4.05897665024, -2.50240135193, -1.61874938011, 0.333500772715]}, "pitch_salience": {"dmean": 0.0902555435896, "dmean2": 0.146942257881, "dvar": 0.0067614777945, "dvar2": 0.0170541983098, "max": 0.898355364799, "mean": 0.562727034092, "median": 0.579828679562, "min": 0.0773762017488, "var": 0.0146109024063}, "silence_rate_20dB": {"dmean": 0, "dmean2": 0, "dvar": 0, "dvar2": 0, "max": 1, "mean": 1, "median": 1, "min": 1, "var": 0}, "silence_rate_30dB": {"dmean": 0.077925644815, "dmean2": 0.155872672796, "dvar": 0.0718504935503, "dvar2": 0.139255523682, "max": 1, "mean": 0.884636461735, "median": 1, "min": 0, "var": 0.102053150535}, "silence_rate_60dB": {"dmean": 0.0219508856535, "dmean2": 0.0439077951014, "dvar": 0.0214684251696, "dvar2": 0.0458178780973, "max": 1, "mean": 0.0990397781134, "median": 0, "min": 0, "var": 0.0892252773046}, "spectral_centroid": {"dmean": 177.711471558, "dmean2": 271.064575195, "dvar": 75913.0078125, "dvar2": 154341.96875, "max": 11710.8164062, "mean": 809.192993164, "median": 660.942626953, "min": 126.049285889, "var": 883818.1875}, "spectral_complexity": {"dmean": 3.29290723801, "dmean2": 4.49698114395, "dvar": 15.8195257187, "dvar2": 22.258682251, "max": 54, "mean": 13.4581623077, "median": 12, "min": 0, "var": 94.4144668579}, "spectral_contrast_coeffs": {"dmean": [0.054930049926, 0.0496474392712, 0.03931498155, 0.0298598501831, 0.022793520242, 0.0443392284214], "dmean2": [0.090731702745, 0.0813738256693, 0.0641341581941, 0.0489319302142, 0.0357945114374, 0.0668879598379], "dvar": [0.00196402985603, 0.0015417970717, 0.00100678368472, 0.000562214758247, 0.000401300669182, 0.00163895252626], "dvar2": [0.00517157372087, 0.0040581622161, 0.00261968141422, 0.00145243690349, 0.000939184217714, 0.00364301237278], "max": [-0.355173259974, -0.425524055958, -0.485912531614, -0.626041710377, -0.672087490559, -0.446643948555], "mean": [-0.66791331768, -0.771648168564, -0.799420416355, -0.818495750427, -0.83847784996, -0.760603368282], "median": [-0.667495727539, -0.779673457146, -0.803648710251, -0.819325566292, -0.834277927876, -0.770060777664], "min": [-0.976932942867, -0.97598618269, -0.974054932594, -0.970589518547, -0.968649744987, -0.964757859707], "var": [0.00748307816684, 0.00551556749269, 0.00360454036854, 0.0021729466971, 0.0019162845565, 0.00582832144573]}, "spectral_contrast_valleys": {"dmean": [0.439546108246, 0.408656567335, 0.369633883238, 0.367573857307, 0.382383972406, 0.666894853115], "dmean2": [0.684042036533, 0.631609857082, 0.553975403309, 0.531724870205, 0.513381183147, 1.05057692528], "dvar": [0.174351736903, 0.14470179379, 0.141416504979, 0.158220171928, 0.181377977133, 0.345844209194], "dvar2": [0.325729072094, 0.280149430037, 0.256698012352, 0.281299054623, 0.33583137393, 0.807396292686], "max": [-4.6185760498, -4.49175691605, -5.03656387329, -5.67905235291, -5.87593793869, -8.69566345215], "mean": [-7.15572500229, -6.99379873276, -7.46557712555, -8.10210609436, -8.40842628479, -11.6134662628], "median": [-6.84182167053, -6.71175050735, -7.14869594574, -7.77072238922, -8.09400749207, -11.4037094116], "min": [-27.9851856232, -27.8647212982, -27.8443145752, -27.7657794952, -27.5257949829, -27.3692798615], "var": [4.2058057785, 4.27288198471, 4.05024337769, 3.93783545494, 3.84515738487, 2.96949839592]}, "spectral_decrease": {"dmean": 5.80188208588e-09, "dmean2": 9.31383681291e-09, "dvar": 1.68198773408e-16, "dvar2": 4.1405466562e-16, "max": 2.38244801665e-09, "mean": -8.06457034486e-09, "median": -3.6345828569e-09, "min": -1.25917139826e-07, "var": 1.81935649344e-16}, "spectral_energy": {"dmean": 0.0239438768476, "dmean2": 0.0365371145308, "dvar": 0.00261702225544, "dvar2": 0.00613272190094, "max": 0.489118456841, "mean": 0.0426581948996, "median": 0.022099327296, "min": 1.00434969429e-20, "var": 0.00362508976832}, "spectral_energyband_high": {"dmean": 0.000264974310994, "dmean2": 0.000306590489345, "dvar": 4.28983554457e-07, "dvar2": 6.26079213362e-07, "max": 0.00892066489905, "mean": 0.000501334725413, "median": 0.000157408416271, "min": 7.26571781715e-21, "var": 1.1006487739e-06}, "spectral_energyband_low": {"dmean": 0.0187117382884, "dmean2": 0.030968029052, "dvar": 0.00216452777386, "dvar2": 0.00548554724082, "max": 0.463418453932, "mean": 0.0221758056432, "median": 0.00724697951227, "min": 1.52807327165e-23, "var": 0.00211508595385}, "spectral_energyband_middle_high": {"dmean": 0.00161505735014, "dmean2": 0.00228467420675, "dvar": 7.45127226764e-06, "dvar2": 1.52765151142e-05, "max": 0.0498684383929, "mean": 0.00345289264806, "median": 0.00145740876906, "min": 1.22999172147e-21, "var": 2.1926325644e-05}, "spectral_energyband_middle_low": {"dmean": 0.00543575081974, "dmean2": 0.00818201433867, "dvar": 6.79788281559e-05, "dvar2": 0.00015254347818, "max": 0.131180614233, "mean": 0.0114025529474, "median": 0.0064382837154, "min": 1.81839759283e-22, "var": 0.000175995359314}, "spectral_entropy": {"dmean": 0.233048558235, "dmean2": 0.346628725529, "dvar": 0.0537561587989, "dvar2": 0.119035892189, "max": 9.82074165344, "mean": 7.28289747238, "median": 7.30455827713, "min": 5.27788686752, "var": 0.245624527335}, "spectral_flux": {"dmean": 0.0386035107076, "dmean2": 0.0610093399882, "dvar": 0.00382551760413, "dvar2": 0.00841921009123, "max": 0.613445401192, "mean": 0.10788398236, "median": 0.0856041312218, "min": 6.31343866075e-11, "var": 0.00785087887198}, "spectral_kurtosis": {"dmean": 5.22929573059, "dmean2": 8.02959823608, "dvar": 50.2868003845, "dvar2": 125.259765625, "max": 139.006896973, "mean": 18.8913192749, "median": 17.1598262787, "min": -1.24128341675, "var": 99.5891571045}, "spectral_rms": {"dmean": 0.00142398872413, "dmean2": 0.00202793185599, "dvar": 4.79653681396e-06, "dvar2": 9.67117648543e-06, "max": 0.0218446496874, "mean": 0.00538340536878, "median": 0.0046433089301, "min": 3.13026102434e-12, "var": 1.2636845895e-05}, "spectral_rolloff": {"dmean": 5377.36572266, "dmean2": 10357.6035156, "dvar": 69087984, "dvar2": 160230608, "max": 22006.9335938, "mean": 11303.765625, "median": 17129.6640625, "min": 43.06640625, "var": 101880720}, "spectral_skewness": {"dmean": 0.422393500805, "dmean2": 0.624220371246, "dvar": 0.248840346932, "dvar2": 0.593537926674, "max": 9.55856132507, "mean": 3.05312013626, "median": 2.96591973305, "min": -0.0655767470598, "var": 0.740657687187}, "spectral_spread": {"dmean": 565503.3125, "dmean2": 862068.1875, "dvar": 533549547520, "dvar2": 1124582031360.0, "max": 42720760, "mean": 4381949.5, "median": 4021819, "min": 1311886, "var": 9714824904700.0}, "spectral_strongpeak": {"dmean": 2.15946769714, "dmean2": 4.09587