{"lowlevel": {"average_loudness": 0.693042993546, "barkbands": {"dmean": [0.000179868540727, 0.00500472867861, 0.00182494253386, 0.000856782775372, 0.000612607575022, 0.000465430639451, 0.000206621843972, 0.000332917872583, 0.000316747144097, 0.00015776908549, 7.34003915568e-05, 0.000218233341002, 0.000174787754077, 0.000304710003547, 0.000496257620398, 0.000154299297719, 0.000236414154642, 0.000146954116644, 0.000203410061658, 9.63816200965e-05, 4.34476569353e-05, 5.53605641471e-05, 3.09382230625e-05, 3.26755725837e-05, 1.20920385598e-05, 1.38323403007e-05, 2.25716939894e-06], "dmean2": [0.000295355188427, 0.00825596787035, 0.00303881661966, 0.00143714912701, 0.00101875106338, 0.000763981312048, 0.000317430705763, 0.000498306239024, 0.000484874093672, 0.000249901466304, 0.000118981413834, 0.000344972417224, 0.000276467733784, 0.000471811770694, 0.000789830461144, 0.000244902563281, 0.000380623940146, 0.000236232212046, 0.000324345543049, 0.000150090025272, 6.63458922645e-05, 8.29984273878e-05, 4.36004229414e-05, 4.65110060759e-05, 1.68410078913e-05, 2.13932326005e-05, 3.42134035236e-06], "dvar": [1.19649229191e-07, 5.80816413276e-05, 8.01780970505e-06, 2.13729481402e-06, 1.79445055437e-06, 1.28834744828e-06, 2.82426128706e-07, 7.89329817508e-07, 1.14789600048e-06, 6.70216252274e-07, 9.42325399933e-08, 2.99369247614e-07, 3.90884110857e-07, 4.92028959798e-07, 1.05870731204e-06, 1.5661058228e-07, 2.75293103869e-07, 1.35194881068e-07, 2.30295256642e-07, 8.27404491588e-08, 1.82031953955e-08, 2.30769217069e-08, 1.17191429894e-08, 1.14796394612e-08, 2.61930410694e-09, 1.94427340894e-09, 8.09228517529e-11], "dvar2": [3.01853930296e-07, 0.000158074326464, 2.20029669435e-05, 5.83436667512e-06, 4.7210669436e-06, 3.39109192282e-06, 6.5083077061e-07, 1.6934575342e-06, 2.57773626799e-06, 1.7591668211e-06, 2.45359359496e-07, 7.40018606393e-07, 9.74161366685e-07, 1.19476351301e-06, 2.57663282355e-06, 3.68368745285e-07, 6.775771908e-07, 3.16909677167e-07, 5.53046277219e-07, 1.96533036956e-07, 4.07549869408e-08, 5.22685255078e-08, 2.40474555824e-08, 2.33648780323e-08, 4.92980190003e-09, 4.63879068491e-09, 1.76242423433e-10], "max": [0.00951858609915, 0.145474269986, 0.0589531809092, 0.0360325425863, 0.0275070592761, 0.0303905010223, 0.0232878886163, 0.0378829911351, 0.030669581145, 0.0345062352717, 0.0135317081586, 0.0178951676935, 0.0195246506482, 0.0189481899142, 0.0295047815889, 0.0228100698441, 0.011742782779, 0.0109256301075, 0.0141204977408, 0.011546886526, 0.00607625115663, 0.00449559325352, 0.00427127629519, 0.00483501935378, 0.00254670111462, 0.00110730633605, 0.000295270234346], "mean": [0.000458470080048, 0.0106861749664, 0.00353358942084, 0.00142501213122, 0.000937748816796, 0.000826883420814, 0.00043739771354, 0.000690975924954, 0.00066366995452, 0.000334818818374, 0.000127642706502, 0.000395560753532, 0.000319714192301, 0.000586919253692, 0.000999053241685, 0.000310268515022, 0.000512614205945, 0.000301542138914, 0.000534027582034, 0.000203518764465, 8.59193751239e-05, 0.000100928889879, 6.9061134127e-05, 5.87239337619e-05, 2.41291090788e-05, 1.68894912349e-05, 2.63476613327e-06], "median": [0.000177156267455, 0.00784806907177, 0.00235060788691, 0.00081274996046, 0.000428390456364, 0.000261629611487, 0.000126267550513, 0.00017578243569, 9.5481176686e-05, 4.70692903036e-05, 1.50933456098e-05, 0.000111169429147, 6.64389372105e-05, 0.000187416182598, 0.000324883905705, 7.02537654433e-05, 8.5235646111e-05, 5.16035579494e-05, 6.58051358187e-05, 3.16960940836e-05, 1.46879428939e-05, 1.36135604407e-05, 6.03219132245e-06, 7.07284607415e-06, 1.87195757917e-06, 7.72109729041e-07, 4.27896544863e-08], "min": [6.62362325903e-24, 5.74027851104e-24, 1.5080717034e-23, 9.4338834359e-24, 2.2117932177e-23, 2.62959777671e-23, 1.32693078021e-23, 2.15758758723e-23, 3.76664516164e-23, 6.84104720846e-23, 6.6673305708e-23, 5.16572973564e-23, 1.04925543345e-22, 1.0301448047e-22, 3.0213707147e-23, 1.47337116368e-22, 1.36093096922e-22, 2.50862488404e-22, 2.15436297629e-22, 3.48999435586e-22, 3.21820362746e-22, 4.39020607019e-22, 7.20837164307e-22, 8.86675012655e-22, 1.17931358036e-21, 1.61864463254e-21, 2.16658272201e-21], "var": [6.43309022053e-07, 0.000121785247757, 1.70423663803e-05, 3.29001068167e-06, 2.44518901127e-06, 2.5288256893e-06, 1.02151091141e-06, 3.21957827509e-06, 4.27023405791e-06, 2.17973024519e-06, 2.53395342042e-07, 9.52152674927e-07, 9.20444563235e-07, 1.36079734148e-06, 4.5592009883e-06, 4.97287373946e-07, 1.03707384369e-06, 4.62666122303e-07, 1.22262053992e-06, 2.90529214908e-07, 5.80505492564e-08, 6.41987156769e-08, 4.09151503789e-08, 3.05716767457e-08, 7.09536740473e-09, 2.96361513108e-09, 1.35275998736e-10]}, "barkbands_crest": {"dmean": 2.64682173729, "dmean2": 4.33054637909, "dvar": 6.21066570282, "dvar2": 16.4032535553, "max": 26.4609985352, "mean": 12.765753746, "median": 12.4110383987, "min": 2.86503863335, "var": 21.2235069275}, "barkbands_flatness_db": {"dmean": 0.0248654764146, "dmean2": 0.0372618846595, "dvar": 0.000847499992233, "dvar2": 0.00182504672557, "max": 0.540219247341, "mean": 0.196972340345, "median": 0.177746713161, "min": 0.0273636206985, "var": 0.00925101153553}, "barkbands_kurtosis": {"dmean": 4.48261260986, "dmean2": 7.11951780319, "dvar": 136.50440979, "dvar2": 338.844787598, "max": 822.293640137, "mean": 7.44260025024, "median": 2.88869833946, "min": -1.94277572632, "var": 233.103164673}, "barkbands_skewness": {"dmean": 0.642361700535, "dmean2": 1.00391173363, "dvar": 0.489264130592, "dvar2": 1.17577528954, "max": 25.6895980835, "mean": 2.13645839691, "median": 1.90585148335, "min": -1.98134446144, "var": 2.37994909286}, "barkbands_spread": {"dmean": 5.30804634094, "dmean2": 8.41490364075, "dvar": 46.7995834351, "dvar2": 116.793228149, "max": 161.668426514, "mean": 22.4150981903, "median": 18.6940689087, "min": 0.428713262081, "var": 310.357879639}, "dissonance": {"dmean": 0.0206673163921, "dmean2": 0.0347235277295, "dvar": 0.000701546377968, "dvar2": 0.00192172185052, "max": 0.500000119209, "mean": 0.458160340786, "median": 0.474209904671, "min": 0.182436540723, "var": 0.00191099324729}, "dynamic_complexity": 4.75015640259, "erbbands": {"dmean": [0.150207400322, 1.14950203896, 2.06887078285, 2.48367118835, 2.36545157433, 1.81309628487, 2.97637104988, 3.98022079468, 3.12572836876, 3.06590390205, 8.88338470459, 8.0770111084, 5.01414251328, 4.13419532776, 3.24484300613, 10.3659420013, 8.12367916107, 15.7672929764, 27.1576786041, 9.38749313354, 10.4495706558, 10.0628223419, 7.60159444809, 9.11959457397, 8.80149841309, 4.31421995163, 2.00334858894, 1.74075448513, 2.03088283539, 1.41124463081, 0.850278317928, 0.808314561844, 0.438691943884, 0.173797786236, 0.0688721239567, 0.024826483801, 0.0334662385285, 0.0083768973127, 0.000388816610212, 1.47413356899e-05], "dmean2": [0.245698332787, 1.910151124, 3.46718215942, 4.16170310974, 3.94834828377, 3.03209519386, 4.85184621811, 6.60405397415, 4.92424964905, 4.55418014526, 13.3166656494, 12.2412214279, 7.77290964127, 6.54296398163, 5.09275960922, 16.5211639404, 12.7621412277, 24.375995636, 43.3725738525, 14.5589294434, 16.8383960724, 16.0849456787, 12.1454668045, 14.74102211, 13.7972793579, 6.77497339249, 3.07843470573, 2.65091180801, 3.05165076256, 2.09024620056, 1.19624078274, 1.16286683083, 0.623633563519, 0.245448887348, 0.0978208556771, 0.0348073542118, 0.0534277744591, 0.0129978749901, 0.000587697140872, 2.23691968131e-05], "dvar": [0.0586905293167, 3.01696801186, 10.0342378616, 14.9654226303, 20.3159484863, 17.248922348, 59.5741043091, 113.659858704, 54.0066642761, 91.8296127319, 568.183105469, 848.994689941, 610.75567627, 467.98626709, 142.549942017, 575.153442383, 902.877197266, 1351.42553711, 2982.97387695, 504.466522217, 691.744140625, 553.996154785, 343.542053223, 469.902496338, 557.814208984, 164.885299683, 44.5656585693, 26.9464988708, 32.235370636, 16.3348293304, 10.7310419083, 7.65228462219, 2.09578514099, 0.661590516567, 0.0653859600425, 0.00939576048404, 0.0125660365447, 0.00069559563417, 2.3346983653e-06, 1.33919408896e-09], "dvar2": [0.157700657845, 8.21988010406, 28.0946426392, 41.4000511169, 53.5584259033, 45.5202178955, 154.416015625, 304.191955566, 136.715530396, 200.055206299, 1227.4329834, 1935.79309082, 1411.86791992, 1363.33276367, 340.481231689, 1444.40881348, 2325.3815918, 3260.43530273, 7457.79980469, 1101.98413086, 1708.57751465, 1340.43237305, 817.222595215, 1166.07897949, 1296.8482666, 406.995300293, 103.585708618, 60.9108047485, 73.324760437, 36.2484359741, 23.085401535, 16.0426197052, 4.18983030319, 1.28655278683, 0.125448897481, 0.0181646477431, 0.0316884033382, 0.0016744423192, 5.04349918629e-06, 2.91229307336e-09], "max": [4.7749004364, 33.4646949768, 65.1818084717, 76.216796875, 82.4764175415, 88.8698730469, 270.04486084, 337.479736328, 209.055343628, 467.537109375, 1052.02758789, 919.432312012, 1088.86987305, 1316.3873291, 500.979644775, 651.40838623, 962.454040527, 1007.33026123, 1578.35290527, 980.239746094, 1593.11340332, 771.576965332, 629.535583496, 676.673828125, 870.169189453, 546.428894043, 322.680603027, 213.523345947, 157.592468262, 112.788505554, 144.000717163, 123.63433075, 64.5887680054, 41.6850318909, 10.9413928986, 3.42162656784, 2.33186912537, 0.595349133015, 0.0492423884571, 0.00122435681988], "mean": [0.334680914879, 2.28941106796, 4.17843818665, 4.85400056839, 3.70035672188, 2.74274611473, 5.00984764099, 6.71049165726, 6.35848760605, 6.74864292145, 19.5464420319, 17.6372947693, 11.1617927551, 8.79787158966, 7.02023506165, 18.9309635162, 16.5936851501, 31.9130363464, 53.1287727356, 23.7590942383, 22.7981510162, 24.112821579, 18.4281406403, 23.461807251, 23.3794803619, 9.95874595642, 4.02718400955, 3.46747636795, 3.71967577934, 2.69390630722, 1.93073427677, 1.54429888725, 0.772507071495, 0.348749905825, 0.131490692496, 0.0468272306025, 0.0365396924317, 0.00892698951066, 0.000466595723992, 3.92849215132e-05], "median": [0.243135780096, 1.5994682312, 3.00658321381, 3.37995052338, 1.94047963619, 1.13603878021, 1.55370187759, 2.02973198891, 2.45283842087, 2.07091784477, 5.18003559113, 3.10753726959, 1.93293452263, 1.60441970825, 1.63711631298, 5.72528886795, 4.3304605484, 11.6600780487, 20.3190536499, 6.91975593567, 5.64656209946, 4.21391153336, 3.28306245804, 3.70992565155, 3.15253543854, 1.7969751358, 0.811367273331, 0.51195114851, 0.487735509872, 0.309707462788, 0.161666497588, 0.161053866148, 0.0927373319864, 0.0284611079842, 0.00996581930667, 0.00325674004853, 0.00122423260473, 0.000198940921109, 1.78820864676e-05, 2.36003907048e-05], "min": [2.79108025458e-22, 1.73134960659e-21, 1.15477660843e-20, 3.21995369202e-20, 5.45346671548e-20, 5.91864982752e-20, 2.05842215223e-19, 1.49478360928e-19, 1.46005210482e-19, 3.41714566599e-19, 6.54927591217e-19, 7.83307366454e-19, 1.28383683665e-18, 3.44763709433e-18, 1.94855193907e-18, 2.1419800603e-18, 5.19758276153e-18, 4.07627409395e-18, 3.64628534562e-18, 5.91610906472e-18, 5.44078957805e-18, 7.78050385507e-18, 1.5499055191e-17, 1.40437797957e-17, 1.08578142571e-17, 1.52611663186e-17, 1.29483271397e-17, 1.66370753885e-17, 1.33930301904e-17, 1.86255927656e-17, 2.14907726996e-17, 1.84055312898e-17, 1.36895231548e-17, 1.20975512002e-17, 8.68650154511e-18, 4.69993808372e-18, 2.95075011396e-18, 1.15014201239e-18, 2.75457270287e-19, 3.44801643419e-20], "var": [0.133587494493, 6.00038576126, 19.7148838043, 26.0622844696, 27.8772888184, 26.3561916351, 121.132843018, 203.567321777, 143.09475708, 368.703125, 2481.66796875, 3192.93774414, 2085.83203125, 1423.84667969, 540.13885498, 1534.95556641, 2217.01098633, 3687.06567383, 8162.11914062, 3595.78515625, 2248.09521484, 2474.04638672, 1457.57922363, 2199.93652344, 2824.29174805, 609.940795898, 125.320030212, 85.2306060791, 92.7074356079, 48.7221870422, 35.3003807068, 21.5666160583, 5.67113018036, 1.69270467758, 0.186809614301, 0.0274905730039, 0.015303879045, 0.000884538341779, 4.07413381254e-06, 3.11063197422e-09]}, "erbbands_crest": {"dmean": 3.05427050591, "dmean2": 4.88084363937, "dvar": 8.79809951782, "dvar2": 21.1797409058, "max": 34.2128944397, "mean": 12.2013692856, "median": 10.3643283844, "min": 2.45169568062, "var": 42.2063560486}, "erbbands_flatness_db": {"dmean": 0.0192537084222, "dmean2": 0.0278459526598, "dvar": 0.000409206666518, "dvar2": 0.000818909727968, "max": 0.423694193363, "mean": 0.179587170482, "median": 0.173725783825, "min": 0.0217296723276, "var": 0.0034947777167}, "erbbands_kurtosis": {"dmean": 1.14919316769, "dmean2": 1.81505835056, "dvar": 3.83130836487, "dvar2": 9.62943840027, "max": 59.9568634033, "mean": 0.89608079195, "median": 0.13437473774, "min": -1.91558051109, "var": 7.76070308685}, "erbbands_skewness": {"dmean": 0.378135979176, "dmean2": 0.584019422531, "dvar": 0.150909349322, "dvar2": 0.371032357216, "max": 4.86543655396, "mean": -0.410196274519, "median": -0.436507225037, "min": -6.47499036789, "var": 0.846378624439}, "erbbands_spread": {"dmean": 7.41604137421, "dmean2": 11.5706787109, "dvar": 61.5388336182, "dvar2": 145.800994873, "max": 153.528594971, "mean": 35.0066070557, "median": 32.8050842285, "min": 2.60449123383, "var": 238.158889771}, "gfcc": {"cov": [[27236.0722656, -421.054016113, -2420.95727539, 1188.76782227, -1423.54333496, 393.964202881, -888.683105469, 709.068481445, -201.863143921, 113.626289368, -187.113342285, 276.182373047, -401.314544678], [-421.054016113, 2239.23095703, 33.1186332703, -272.079956055, 498.751037598, -217.960983276, 254.626983643, -226.596298218, 183.778808594, -59.3799514771, 160.386993408, -288.82925415, 77.8774261475], [-2420.95727539, 33.1186332703, 895.647949219, -64.1199493408, 71.1852111816, 96.4107818604, 8.40895175934, -167.178665161, -7.541492939, 49.1798210144, -14.8397760391, -41.4551925659, 55.0871963501], [1188.76782227, -272.079956055, -64.1199493408, 423.840515137, -43.9276237488, 93.9258728027, -116.450431824, -27.9352531433, 4.9751739502, 7.76200866699, -18.2850036621, -5.83820676804, 21.3888988495], [-1423.54333496, 498.751037598, 71.1852111816, -43.9276237488, 594.971496582, -68.9542999268, 121.399276733, -126.06312561, 72.8746871948, -35.6366233826, 18.2087726593, -98.7848510742, 44.0705871582], [393.964202881, -217.960983276, 96.4107818604, 93.9258728027, -68.9542999268, 216.919799805, -37.0166473389, -3.54140806198, -24.7555065155, 36.224697113, -10.8813772202, -20.9228534698, 1.4628008604], [-888.683105469, 254.626983643, 8.40895175934, -116.450431824, 121.399276733, -37.0166473389, 269.079650879, 2.61278796196, 4.32460689545, -58.9820327759, 12.2146921158, -30.5111103058, -10.8255310059], [709.068481445, -226.596298218, -167.178665161, -27.9352531433, -126.06312561, -3.54140806198, 2.61278796196, 213.182418823, 4.75365495682, -18.7769012451, -19.7726268768, 43.4333267212, -26.0303649902], [-201.863143921, 183.778808594, -7.541492939, 4.9751739502, 72.8746871948, -24.7555065155, 4.32460689545, 4.75365495682, 150.92616272, 26.4014911652, -6.57825040817, -58.5353622437, 17.1671180725], [113.626289368, -59.3799514771, 49.1798210144, 7.76200866699, -35.6366233826, 36.224697113, -58.9820327759, -18.7769012451, 26.4014911652, 117.870658875, 12.8328418732, -26.636384964, -0.562001526356], [-187.113342285, 160.386993408, -14.8397760391, -18.2850036621, 18.2087726593, -10.8813772202, 12.2146921158, -19.7726268768, -6.57825040817, 12.8328418732, 116.861923218, -0.602846086025, -5.11953783035], [276.182373047, -288.82925415, -41.4551925659, -5.83820676804, -98.7848510742, -20.9228534698, -30.5111103058, 43.4333267212, -58.5353622437, -26.636384964, -0.602846086025, 157.498764038, -10.808672905], [-401.314544678, 77.8774261475, 55.0871963501, 21.3888988495, 44.0705871582, 1.4628008604, -10.8255310059, -26.0303649902, 17.1671180725, -0.562001526356, -5.11953783035, -10.808672905, 105.25579834]], "icov": [[0.000109602580778, -0.000259257707512, 0.000229224358918, -0.000316815043334, 0.000125822800328, -0.000281850254396, 0.000255074031884, -0.000302028289298, 0.000262860849034, -0.000296065816656, 0.000450011837529, -0.000368308130419, 0.00039651041152], [-0.000259257707512, 0.00176765513606, -0.000395117531298, 0.00133990996983, -0.000387870502891, 0.00129160436336, -0.000859975989442, 0.00165007344913, -0.00141654151957, 0.00169902434573, -0.00245095347054, 0.00259642698802, -0.00151024456136], [0.000229224358918, -0.000395117531298, 0.00202700262889, -5.812139716e-05, 0.000288121227641, -0.00134050741326, 0.000410298991483, 0.0007300550933, 0.000408043793868, -0.000815760169644, 0.00118430447765, -0.000685568491463, 0.000154302222654], [-0.000316815043334, 0.00133990996983, -5.812139716e-05, 0.00446220813319, -0.000341050326824, -0.000444933044491, 0.000456518377177, 0.00224643293768, -0.00169390486553, 0.00233911396936, -0.00173723336775, 0.00198669126257, -0.00191589270253], [0.000125822800328, -0.000387870502891, 0.000288121227641, -0.000341050326824, 0.00270817778073, 0.000118689218652, -0.000467111938633, 0.000965576502495, -0.000547424191609, 0.000442650256446, 0.000435862224549, 0.000354361371137, -0.000110352040792], [-0.000281850254396, 0.00129160436336, -0.00134050741326, -0.000444933044491, 0.000118689218652, 0.00746695650741, -0.00104090059176, 0.00038264124305, 0.000618709193077, -0.000431677646702, -0.00156857119873, 0.0033183817286, -0.0012429197086], [0.000255074031884, -0.000859975989442, 0.000410298991483, 0.000456518377177, -0.000467111938633, -0.00104090059176, 0.00605912040919, -0.00131140160374, 0.000805274175946, 0.00185362657066, 0.000749643018935, -6.16516917944e-05, 0.00171891157515], [-0.000302028289298, 0.00165007344913, 0.0007300550933, 0.00224643293768, 0.000965576502495, 0.00038264124305, -0.00131140160374, 0.0087524279952, -0.0030906975735, 0.00264749280177, -0.0013053114526, 0.00104324263521, -0.00102909724228], [0.000262860849034, -0.00141654151957, 0.000408043793868, -0.00169390486553, -0.000547424191609, 0.000618709193077, 0.000805274175946, -0.0030906975735, 0.0103563815355, -0.0038687014021, 0.00271083298139, 0.000954696210101, 0.000240165507421], [-0.000296065816656, 0.00169902434573, -0.000815760169644, 0.00233911396936, 0.000442650256446, -0.000431677646702, 0.00185362657066, 0.00264749280177, -0.0038687014021, 0.0136796506122, -0.00413366267458, 0.00415854109451, -0.000838250212837], [0.000450011837529, -0.00245095347054, 0.00118430447765, -0.00173723336775, 0.000435862224549, -0.00156857119873, 0.000749643018935, -0.0013053114526, 0.00271083298139, -0.00413366267458, 0.0127072660252, -0.0039303842932, 0.00260625919327], [-0.000368308130419, 0.00259642698802, -0.000685568491463, 0.00198669126257, 0.000354361371137, 0.0033183817286, -6.16516917944e-05, 0.00104324263521, 0.000954696210101, 0.00415854109451, -0.0039303842932, 0.012897525914, -0.00231330632232], [0.00039651041152, -0.00151024456136, 0.000154302222654, -0.00191589270253, -0.000110352040792, -0.0012429197086, 0.00171891157515, -0.00102909724228, 0.000240165507421, -0.000838250212837, 0.00260625919327, -0.00231330632232, 0.0122697744519]], "mean": [-78.8154144287, 116.471374512, -107.132820129, 46.4740791321, -23.8191585541, 18.8970355988, -26.4745788574, 6.3775267601, -8.90443897247, 6.62051057816, -7.69475364685, -8.89166927338, -14.4779233932]}, "hfc": {"dmean": 3.39753961563, "dmean2": 4.93538618088, "dvar": 36.7789878845, "dvar2": 77.4646606445, "max": 181.861541748, "mean": 14.8752269745, "median": 6.79069280624, "min": 1.14045177763e-16, "var": 358.095672607}, "melbands": {"dmean": [0.00137233361602, 0.0011664632475, 0.000404807447921, 0.000149380022776, 9.16963181226e-05, 8.73487369972e-05, 4.76237728435e-05, 3.60687772627e-05, 7.44992867112e-05, 4.7245528549e-05, 2.48153828579e-05, 1.75872046384e-05, 1.09692045953e-05, 2.38059365074e-05, 1.95630200324e-05, 2.11670903809e-05, 3.07856644213e-05, 4.01167926611e-05, 2.69133906841e-05, 8.70177336765e-06, 1.48401832121e-05, 1.17398731163e-05, 1.08299409476e-05, 7.12652854418e-06, 8.21227422421e-06, 7.99636745796e-06, 4.90559932587e-06, 2.87944794763e-06, 1.40353108691e-06, 1.07104983726e-06, 1.09641894142e-06, 1.22824951632e-06, 1.12411862574e-06, 6.91605748671e-07, 5.09099322699e-07, 4.97113774145e-07, 5.42691509509e-07, 3.79187355293e-07, 1.9075210389e-07, 1.38856819376e-07], "dmean2": [0.00225079618394, 0.00194865791127, 0.000675330811646, 0.000249626406003, 0.000150148393004, 0.000144241363159, 7.44887875044e-05, 5.31694677193e-05, 0.000111785870104, 7.16655849828e-05, 3.86039027944e-05, 2.79444229818e-05, 1.75502482307e-05, 3.72448230337e-05, 3.14324242936e-05, 3.2792766433e-05, 4.77642388432e-05, 6.39899080852e-05, 4.23412457167e-05, 1.35567906909e-05, 2.40009030676e-05, 1.89460442925e-05, 1.71981664607e-05, 1.16555556815e-05, 1.33170178742e-05, 1.27518724184e-05, 7.48243382986e-06, 4.62483467345e-06, 2.19902926801e-06, 1.69928739524e-06, 1.71547185346e-06, 1.87459568224e-06, 1.72092063622e-06, 1.03288357423e-06, 7.41733458653e-07, 7.08549407591e-07, 8.0672907643e-07, 5.58972374165e-07, 2.7047528306e-07, 2.02100835622e-07], "dvar": [4.52651420346e-06, 2.94660662803e-06, 4.02382596576e-07, 1.02037581939e-07, 5.51807239901e-08, 5.11898470279e-08, 1.22705055006e-08, 9.92025395163e-09, 3.7066850922e-08, 2.92752595499e-08, 1.57765143172e-08, 8.98117491488e-09, 2.01940020261e-09, 4.12137213246e-09, 2.92315682771e-09, 4.05921429802e-09, 5.40708633423e-09, 6.35804520144e-09, 4.45437331464e-09, 4.56064352949e-10, 1.36021649499e-09, 7.6662520776e-10, 8.87526607762e-10, 3.02298158728e-10, 3.9450664957e-10, 4.16949530457e-10, 2.1012451501e-10, 7.8235674883e-11, 2.11076971873e-11, 1.32364431915e-11, 1.09944128454e-11, 1.28358487034e-11, 1.04924419847e-11, 4.24806760949e-12, 4.10275155863e-12, 4.71247867118e-12, 3.46620930743e-12, 1.44170873156e-12, 7.92378207319e-13, 4.25143020831e-13], "dvar2": [1.22799883684e-05, 8.21804678708e-06, 1.10631526695e-06, 2.64175668008e-07, 1.48427801605e-07, 1.37141242362e-07, 3.05197254136e-08, 2.14222506401e-08, 7.94900927303e-08, 6.62964794174e-08, 3.665514825e-08, 2.62407269247e-08, 5.10964870415e-09, 9.95023174966e-09, 7.48210027268e-09, 9.27163679165e-09, 1.30722837e-08, 1.58931694472e-08, 1.01655874829e-08, 9.54172074685e-10, 3.34024607973e-09, 1.91251325887e-09, 2.1489976465e-09, 7.41227745849e-10, 9.90216686425e-10, 9.92556259405e-10, 4.68607375126e-10, 1.95313654139e-10, 4.8872079994e-11, 3.10096531786e-11, 2.62438334953e-11, 2.98792275644e-11, 2.53398517447e-11, 9.18566958608e-12, 9.38848217918e-12, 9.64710429596e-12, 7.66984566136e-12, 3.13681350859e-12, 1.54928327112e-12, 8.53287275907e-13], "max": [0.0391606464982, 0.0273226797581, 0.0126547040418, 0.00606452906504, 0.00878676958382, 0.00692237913609, 0.00329644046724, 0.0040988298133, 0.00832017511129, 0.0057980613783, 0.00546584883705, 0.00578503962606, 0.00181551894639, 0.00243133539334, 0.00123876426369, 0.00248965201899, 0.00218606484123, 0.00237697828561, 0.00319046969526, 0.000710703723598, 0.00214738259092, 0.000845310103614, 0.00096036400646, 0.000784431351349, 0.000642152037472, 0.000802641327027, 0.000663464248646, 0.000366691761883, 0.000188408244867, 0.000205264921533, 0.00012288049038, 0.000103619087895, 8.21872527013e-05, 7.86429591244e-05, 9.79864198598e-05, 0.00012886087643, 8.0302466813e-05, 4.62071366201e-05, 4.18731979153e-05, 3.28383066517e-05], "mean": [0.00303254416212, 0.00252199708484, 0.000821839959826, 0.000222700109589, 0.000158268594532, 0.000150167892571, 9.81932680588e-05, 7.66708835727e-05, 0.000164094410138, 9.9552278698e-05, 5.25694886164e-05, 3.58899960702e-05, 2.03928975679e-05, 4.4357337174e-05, 3.73766379198e-05, 3.97435942432e-05, 5.9042518842e-05, 7.64936921769e-05, 6.05883105891e-05, 1.76475678018e-05, 2.99723615171e-05, 2.42804162554e-05, 2.40962071985e-05, 1.43125744216e-05, 1.94041604118e-05, 1.98439465748e-05, 1.15271750474e-05, 5.65754362469e-06, 2.52859058492e-06, 1.95331426767e-06, 2.02667115445e-06, 2.14301076085e-06, 1.89854688415e-06, 1.3126967815e-06, 1.07409448447e-06, 1.09718314434e-06, 8.92744481007e-07, 5.95210053689e-07, 3.69490976482e-07, 2.63522565547e-07], "median": [0.00224689929746, 0.00194937572815, 0.000582422013395, 0.000102561061794, 5.36504303454e-05, 4.56412381027e-05, 3.68006294593e-05, 2.46390300163e-05, 4.18065792473e-05, 1.43543293234e-05, 8.29306554806e-06, 5.95700021222e-06, 2.66830329565e-06, 1.28806477733e-05, 9.36709420785e-06, 1.04897580968e-05, 1.8456037651e-05, 3.00228748529e-05, 1.70766197698e-05, 4.29542478741e-06, 6.71405678077e-06, 4.25531243309e-06, 2.42656369664e-06, 2.65311291514e-06, 2.6099214665e-06, 2.50948960456e-06, 1.18331126941e-06, 1.06183188109e-06, 4.55923100162e-07, 3.4645819369e-07, 2.5350220767e-07, 2.63336090711e-07, 2.45327782977e-07, 1.31635601974e-07, 8.70131131592e-08, 8.07808433478e-08, 9.95102737988e-08, 6.83985774685e-08, 3.17585389098e-08, 1.74571361811e-08], "min": [5.480157544e-24, 5.01615113727e-24, 6.01211564025e-24, 4.3048309203e-24, 5.97540797017e-24, 4.01237375589e-24, 2.06828324739e-24, 3.99986873283e-24, 4.47497756793e-24, 5.18361486897e-24, 6.84738207708e-24, 1.44304006141e-23, 6.5558060703e-24, 6.09964488528e-24, 5.31211597169e-24, 1.27492480949e-23, 6.61748355461e-24, 7.57317986381e-24, 3.78223068654e-24, 5.88682244039e-24, 4.79962893474e-24, 5.47176485283e-24, 1.27889072881e-23, 9.98533744055e-24, 1.10757238607e-23, 7.98473885326e-24, 9.96777660794e-24, 9.9859843065e-24, 9.48934272412e-24, 8.02405804736e-24, 9.74619346828e-24, 8.01873402511e-24, 8.19714044085e-24, 9.91604784294e-24, 1.12180667113e-23, 1.11982450034e-23, 8.97988767406e-24, 8.43619842729e-24, 1.05294605608e-23, 1.03747049839e-23], "var": [9.92493824015e-06, 5.82935172133e-06, 7.10771530521e-07, 1.35272188118e-07, 1.0593308275e-07, 9.36431732157e-08, 3.53406122144e-08, 3.6810089199e-08, 1.6549523707e-07, 1.06482261231e-07, 5.29255359538e-08, 2.69426081445e-08, 6.05576921942e-09, 1.4714600205e-08, 7.29107130226e-09, 9.88060566698e-09, 1.49202730171e-08, 1.56140202989e-08, 3.29589298076e-08, 1.57804791456e-09, 4.12901401958e-09, 2.39822384174e-09, 3.427940376e-09, 9.80640901815e-10, 1.61193136616e-09, 2.02985339648e-09, 8.81617667758e-10, 2.4498647555e-10, 5.20475537669e-11, 3.66548354169e-11, 2.91564897226e-11, 3.35053720879e-11, 2.36409745946e-11, 1.29774047411e-11, 1.15289080366e-11, 1.5539526263e-11, 7.25069136676e-12, 3.20575792474e-12, 2.0762439077e-12, 1.02062260553e-12]}, "melbands_crest": {"dmean": 2.76367664337, "dmean2": 4.54291343689, "dvar": 6.72712564468, "dvar2": 18.1407718658, "max": 39.0105285645, "mean": 17.1996421814, "median": 17.0962772369, "min": 1.89175915718, "var": 22.7056293488}, "melbands_flatness_db": {"dmean": 0.0306181907654, "dmean2": 0.0465121269226, "dvar": 0.00126232125331, "dvar2": 0.00276309810579, "max": 0.692651093006, "mean": 0.287217020988, "median": 0.265347480774, "min": 0.00604739040136, "var": 0.0143243465573}, "melbands_kurtosis": {"dmean": 10.3433408737, "dmean2": 16.4893569946, "dvar": 296.047027588, "dvar2": 731.344055176, "max": 538.77166748, "mean": 21.7603645325, "median": 12.8131008148, "min": -1.70220649242, "var": 762.357727051}, "melbands_skewness": {"dmean": 0.866964519024, "dmean2": 1.36402797699, "dvar": 0.786999166012, "dvar2": 1.92638289928, "max": 18.2465324402, "mean": 3.64959025383, "median": 3.33974790573, "min": -0.675945043564, "var": 3.87423086166}, "melbands_spread": {"dmean": 6.07608222961, "dmean2": 9.85180664062, "dvar": 54.7173805237, "dvar2": 140.2890625, "max": 163.296112061, "mean": 19.9565410614, "median": 14.2855587006, "min": 0.495636880398, "var": 299.621246338}, "mfcc": {"cov": [[17354.6621094, -1215.65405273, -2023.39160156, 389.943450928, -189.641494751, -291.790100098, -395.914764404, 390.032165527, -229.267486572, 68.7570953369, 80.4093704224, 8.76977443695, -6.53170871735], [-1215.65405273, 1979.22094727, 101.946243286, 112.28603363, 140.69720459, 87.5800857544, 153.972305298, -37.1495552063, 16.0954704285, 145.47869873, 84.199256897, 25.1868114471, 7.55949115753], [-2023.39160156, 101.946243286, 997.695495605, -59.5834999084, 40.2162132263, 156.425827026, 50.8825187683, -130.70173645, 45.1878623962, -39.2046127319, -54.6051483154, 49.6971054077, -26.4030590057], [389.943450928, 112.28603363, -59.5834999084, 280.255371094, 107.638442993, 76.6368255615, -3.64018654823, -2.76845836639, 10.1896715164, 33.8796195984, -23.0565547943, -43.7669525146, 8.31952667236], [-189.641494751, 140.69720459, 40.2162132263, 107.638442993, 269.955780029, 88.3756790161, 9.53086948395, -35.2361564636, 4.01384353638, 55.3467330933, -10.7696123123, -57.2523574829, -6.82651376724], [-291.790100098, 87.5800857544, 156.425827026, 76.6368255615, 88.3756790161, 218.473388672, 55.9324569702, -49.1866264343, 9.16646671295, 14.7512922287, -7.71306467056, -10.3954563141, -26.5481300354], [-395.914764404, 153.972305298, 50.8825187683, -3.64018654823, 9.53086948395, 55.9324569702, 179.190826416, 31.9438705444, -9.02476024628, -1.35937893391, 26.575548172, 6.93573760986, -27.1855640411], [390.032165527, -37.1495552063, -130.70173645, -2.76845836639, -35.2361564636, -49.1866264343, 31.9438705444, 169.316925049, 11.6214008331, -24.488822937, 19.6432971954, -13.7880725861, -2.56333613396], [-229.267486572, 16.0954704285, 45.1878623962, 10.1896715164, 4.01384353638, 9.16646671295, -9.02476024628, 11.6214008331, 133.96673584, 46.3169555664, -16.8342571259, -27.7071056366, 14.5209321976], [68.7570953369, 145.47869873, -39.2046127319, 33.8796195984, 55.3467330933, 14.7512922287, -1.35937893391, -24.488822937, 46.3169555664, 153.339065552, 24.3765563965, -41.7000694275, 3.37247490883], [80.4093704224, 84.199256897, -54.6051483154, -23.0565547943, -10.7696123123, -7.71306467056, 26.575548172, 19.6432971954, -16.8342571259, 24.3765563965, 132.650344849, 34.8987922668, -30.7733650208], [8.76977443695, 25.1868114471, 49.6971054077, -43.7669525146, -57.2523574829, -10.3954563141, 6.93573760986, -13.7880725861, -27.7071056366, -41.7000694275, 34.8987922668, 156.660980225, 5.74390649796], [-6.53170871735, 7.55949115753, -26.4030590057, 8.31952667236, -6.82651376724, -26.5481300354, -27.1855640411, -2.56333613396, 14.5209321976, 3.37247490883, -30.7733650208, 5.74390649796, 117.281898499]], "icov": [[9.09358350327e-05, 4.57330752397e-05, 0.000142847289681, -0.000128134604893, 6.74644470564e-05, -5.96189966018e-05, 0.000181612049346, -0.000176672605448, 0.000167963778949, -0.000156513066031, 4.28925122833e-05, -0.000120628676086, 7.28984960006e-05], [4.57330752397e-05, 0.000651421549264, -4.86549379275e-06, -0.000286151538603, -0.000154638109962, 7.89875193732e-05, -0.00045726611279, 1.16833643915e-05, 0.000126789993374, -0.000606330868322, -0.000244427792495, -0.000294155994197, -0.000165087796631], [0.000142847289681, -4.86549379275e-06, 0.00166214059573, 0.000351513532223, -7.19159652363e-05, -0.000899140315596, -1.04903356259e-05, 0.000668031279929, -0.000571229145862, 0.000407367973821, 0.000614994787611, -0.000607677560765, 0.000412114779465], [-0.000128134604893, -0.000286151538603, 0.000351513532223, 0.00510414177552, -0.00139807385858, -0.00170386745594, 0.000416100258008, -0.000317023543175, -0.000230045712669, 4.28981729783e-06, 0.000778156856541, 0.000500597117934, -0.000441149401013], [6.74644470564e-05, -0.000154638109962, -7.19159652363e-05, -0.00139807385858, 0.00542562408373, -0.00142411398701, 0.000374210620066, 0.00023136640084, 0.000933019269723, -0.00129604130052, 4.4969652663e-05, 0.00135363743175, 4.91989376314e-05], [-5.96189966018e-05, 7.89875193732e-05, -0.000899140315596, -0.00170386745594, -0.00142411398701, 0.00746295554563, -0.00243328511715, 0.00189380568918, -0.000731397885829, 0.00038480796502, -7.39283059374e-05, -7.3922464594e-08, 0.00105393107515], [0.000181612049346, -0.00045726611279, -1.04903356259e-05, 0.000416100258008, 0.000374210620066, -0.00243328511715, 0.00790445040911, -0.00271304883063, 0.00116029428318, -0.000356874632416, -0.00054065574659, -0.000236076768488, 0.000987921259366], [-0.000176672605448, 1.16833643915e-05, 0.000668031279929, -0.000317023543175, 0.00023136640084, 0.00189380568918, -0.00271304883063, 0.00880952831358, -0.0024403447751, 0.00281370291486, -0.00154916546308, 0.00147894269321, -8.95730699995e-05], [0.000167963778949, 0.000126789993374, -0.000571229145862, -0.000230045712669, 0.000933019269723, -0.000731397885829, 0.00116029428318, -0.0024403447751, 0.0100206220523, -0.00402181455866, 0.00139091885649, 0.000534393824637, -0.00079297326738], [-0.000156513066031, -0.000606330868322, 0.000407367973821, 4.28981729783e-06, -0.00129604130052, 0.00038480796502, -0.000356874632416, 0.00281370291486, -0.00402181455866, 0.0105695780367, -0.00306160538457, 0.00260057672858, -0.000624461797997], [4.28925122833e-05, -0.000244427792495, 0.000614994787611, 0.000778156856541, 4.4969652663e-05, -7.39283059374e-05, -0.00054065574659, -0.00154916546308, 0.00139091885649, -0.00306160538457, 0.0105828577653, -0.00306972651742, 0.00277107674628], [-0.000120628676086, -0.000294155994197, -0.000607677560765, 0.000500597117934, 0.00135363743175, -7.3922464594e-08, -0.000236076768488, 0.00147894269321, 0.000534393824637, 0.00260057672858, -0.00306972651742, 0.00893028918654, -0.00148746347986], [7.28984960006e-05, -0.000165087796631, 0.000412114779465, -0.000441149401013, 4.91989376314e-05, 0.00105393107515, 0.000987921259366, -8.95730699995e-05, -0.00079297326738, -0.000624461797997, 0.00277107674628, -0.00148746347986, 0.0100497910753]], "mean": [-717.72442627, 136.985656738, 1.72176373005, 37.3532562256, 23.7427349091, 18.690366745, 6.19555234909, 5.65514087677, 0.697610139847, 15.6070890427, 9.93326091766, 2.98486328125, 0.11332859844]}, "pitch_salience": {"dmean": 0.0667354390025, "dmean2": 0.108230389655, "dvar": 0.00405766349286, "dvar2": 0.0105664068833, "max": 0.796515643597, "mean": 0.433754324913, "median": 0.428987205029, "min": 0.0462219156325, "var": 0.0100093102083}, "silence_rate_20dB": {"dmean": 0, "dmean2": 0, "dvar": 0, "dvar2": 0, "max": 1, "mean": 1, "median": 1, "min": 1, "var": 0}, "silence_rate_30dB": {"dmean": 0.00155315676238, "dmean2": 0.00310655473731, "dvar": 0.00155072868802, "dvar2": 0.00418438343331, "max": 1, "mean": 0.998990535736, "median": 1, "min": 0, "var": 0.00100843445398}, "silence_rate_60dB": {"dmean": 0.00528073310852, "dmean2": 0.0105622867122, "dvar": 0.00525195337832, "dvar2": 0.014645492658, "max": 1, "mean": 0.0833980441093, "median": 0, "min": 0, "var": 0.0764447897673}, "spectral_centroid": {"dmean": 204.232345581, "dmean2": 320.276367188, "dvar": 54089.125, "dvar2": 117564.109375, "max": 11112.9863281, "mean": 1355.39526367, "median": 1265.58374023, "min": 126.9503479, "var": 590873.5625}, "spectral_complexity": {"dmean": 2.3750872612, "dmean2": 3.74433064461, "dvar": 11.1619291306, "dvar2": 24.3623390198, "max": 64, "mean": 13.9548063278, "median": 11, "min": 0, "var": 125.43611908}, "spectral_contrast_coeffs": {"dmean": [0.0432823114097, 0.0417707934976, 0.0359015241265, 0.0345077626407, 0.0231266096234, 0.0183956790715], "dmean2": [0.0725646167994, 0.0679110437632, 0.0574291795492, 0.0551679506898, 0.0369968786836, 0.0296333078295], "dvar": [0.00120739545673, 0.00121069117449, 0.000890154507942, 0.000895033357665, 0.000471037783427, 0.000493553408887], "dvar2": [0.00340552791022, 0.00308284698986, 0.00220386171713, 0.00217776396312, 0.0010584165575, 0.00119932950474], "max": [-0.45761102438, -0.451324611902, -0.478442728519, -0.487507253885, -0.560100793839, -0.578018784523], "mean": [-0.705956697464, -0.729195833206, -0.759391725063, -0.72950142622, -0.774005711079, -0.769641518593], "median": [-0.704273700714, -0.733293890953, -0.765272974968, -0.730722665787, -0.777118682861, -0.764581799507], "min": [-0.969423830509, -0.964466035366, -0.973034441471, -0.96403080225, -0.963989913464, -0.96256428957], "var": [0.00396098382771, 0.00589152891189, 0.00504935951903, 0.00540632288903, 0.00398550415412, 0.00228827563114]}, "spectral_contrast_valleys": {"dmean": [0.367547243834, 0.37110799551, 0.350952535868, 0.334529876709, 0.308055222034, 0.296534657478], "dmean2": [0.605056285858, 0.599159777164, 0.552785277367, 0.52490311861, 0.459008783102, 0.381945461035], "dvar": [0.119214728475, 0.132488742471, 0.133863210678, 0.161850735545, 0.19892154634, 0.162522286177], "dvar2": [0.273223280907, 0.299673885107, 0.279977977276, 0.339227885008, 0.404663324356, 0.269830346107], "max": [-5.23854875565, -4.99086809158, -5.70717000961, -5.8319735527, -5.45273303986, -7.49209737778], "mean": [-7.14581871033, -7.70405340195, -8.54485702515, -8.6868724823, -8.53739452362, -11.372004509], "median": [-6.8364109993, -7.35248279572, -8.17207241058, -8.22812843323, -8.06957054138, -11.0664615631], "min": [-27.1561717987, -27.2482852936, -27.3355751038, -27.529050827, -27.3818702698, -27.2459774017], "var": [2.44552278519, 2.6630051136, 2.83720064163, 3.18660712242, 3.34249305725, 3.19979023933]}, "spectral_decrease": {"dmean": 1.78048131794e-09, "dmean2": 2.89969870337e-09, "dvar": 6.70241578808e-18, "dvar2": 1.78913475493e-17, "max": -3.77487648162e-30, "mean": -6.17202244868e-09, "median": -4.90570695177e-09, "min": -4.66746996608e-08, "var": 2.36746734462e-17}, "spectral_energy": {"dmean": 0.00687002297491, "dmean2": 0.0111559676006, "dvar": 9.95562513708e-05, "dvar2": 0.000264086731477, "max": 0.17858196795, "mean": 0.0246438290924, "median": 0.0193718634546, "min": 1.0412599634e-20, "var": 0.000380672456231}, "spectral_energyband_high": {"dmean": 0.000188137913938, "dmean2": 0.000261583481915, "dvar": 2.38324375346e-07, "dvar2": 4.72100538218e-07, "max": 0.0168583337218, "mean": 0.000440444826381, "median": 7.50250910642e-05, "min": 7.67237483124e-21, "var": 1.02276953839e-06}, "spectral_energyband_low": {"dmean": 0.00613239780068, "dmean2": 0.0101233273745, "dvar": 8.13252554508e-05, "dvar2": 0.000220124027692, "max": 0.168671801686, "mean": 0.0155600318685, "median": 0.0122487954795, "min": 5.22674213132e-23, "var": 0.000196762382984}, "spectral_energyband_middle_high": {"dmean": 0.00114379019942, "dmean2": 0.00176288746297, "dvar": 3.94201515519e-06, "dvar2": 9.3614034995e-06, "max": 0.0494492910802, "mean": 0.00449104513973, "median": 0.00181382789742, "min": 1.49491176169e-21, "var": 3.98350639443e-05}, "spectral_energyband_middle_low": {"dmean": 0.00185881694779, "dmean2": 0.00296849664301, "dvar": 9.40423979046e-06, "dvar2": 2.37470831053e-05, "max": 0.0666557848454, "mean": 0.00510901305825, "median": 0.00353958038613, "min": 2.39253586079e-22, "var": 2.8632239264e-05}, "spectral_entropy": {"dmean": 0.182253539562, "dmean2": 0.263371676207, "dvar": 0.0619038529694, "dvar2": 0.12795612216, "max": 9.8131942749, "mean": 7.16913795471, "median": 7.34839820862, "min": 4.53955888748, "var": 0.573136150837}, "spectral_flux": {"dmean": 0.0184389315546, "dmean2": 0.0288578830659, "dvar": 0.000456676643807, "dvar2": 0.00102320162114, "max": 0.292576342821, "mean": 0.0618628412485, "median": 0.0556164681911, "min": 1.03424692421e-10, "var": 0.00175586843397}, "spectral_kurtosis": {"dmean": 3.14661121368, "dmean2": 5.32222032547, "dvar": 30.9234924316, "dvar2": 83.077041626, "max": 110.345855713, "mean": 7.83917379379, "median": 4.92271900177, "min": -1.1956537962, "var": 92.5046081543}, "spectral_rms": {"dmean": 0.000629406014923, "dmean2": 0.00100494991057, "dvar": 5.46594606021e-07, "dvar2": 1.39837493407e-06, "max": 0.0131994811818, "mean": 0.00446829665452, "median": 0.00434734206647, "min": 3.18726121884e-12, "var": 4.07708239436e-06}, "spectral_rolloff": {"dmean": 410.637268066, "dmean2": 718.586120605, "dvar": 1206218, "dvar2": 3340073.25, "max": 18755.4199219, "mean": 1152.79382324, "median": 581.396484375, "min": 21.533203125, "var": 3180661}, "spectral_skewness": {"dmean": 0.318989127874, "dmean2": 0.521382153034, "dvar": 0.194387942553, "dvar2": 0.506298899651, "max": 8.52840423584, "mean": 1.7892614603, "median": 1.52528262138, "min": -0.0172764714807, "var": 0.819973766804}, "spectral_spread": {"dmean": 436944.09375, "dmean2": 621510, "dvar": 410520846336, "dvar2": 602897121280, "max": 