{"lowlevel": {"average_loudness": 0.891660153866, "barkbands": {"dmean": [1.27207722471e-05, 0.000637044140603, 0.00140188529622, 0.00249220593832, 0.00472518242896, 0.000862779619638, 0.000941948441323, 0.000274527294096, 0.00033539524884, 0.000140051779454, 0.000124276964925, 0.000100748286059, 8.31215365906e-05, 0.000107810978079, 0.000130866246764, 7.40205068723e-05, 5.88318507653e-05, 0.000107442778244, 9.28435474634e-05, 4.41203264927e-05, 3.13571836159e-05, 4.33995701314e-05, 2.14354458876e-05, 2.70163491223e-05, 2.13642815652e-05, 3.82327380066e-06, 1.87261704809e-07], "dmean2": [1.81773684744e-05, 0.00103319378104, 0.0023380687926, 0.0044779391028, 0.00825822725892, 0.00121223204769, 0.00143007549923, 0.000435817957623, 0.000488387187943, 0.000206321434234, 0.000166293568327, 0.000134292276925, 0.000116128423542, 0.000151470128912, 0.000186348406714, 0.000104900100268, 8.33944941405e-05, 0.000148953797179, 0.00013577286154, 6.27954359516e-05, 4.40657495346e-05, 5.72581629967e-05, 3.07746377075e-05, 3.85199891753e-05, 3.00534429698e-05, 5.63307412449e-06, 2.95708645126e-07], "dvar": [9.52005252408e-10, 1.74814567799e-06, 5.33603179065e-06, 2.34403541981e-05, 0.000118339885375, 1.67397843143e-06, 2.69786733043e-06, 3.97769468918e-07, 1.01843920675e-06, 1.90745694795e-07, 2.79778959111e-07, 1.59611914796e-07, 1.1309109027e-07, 1.54181918788e-07, 2.04442002882e-07, 7.15638250881e-08, 3.55888829517e-08, 1.12680574205e-07, 6.03677889899e-08, 1.37628033414e-08, 6.007077058e-09, 2.09004902274e-08, 3.72728825582e-09, 4.83332485146e-09, 4.70755878723e-09, 2.30854377281e-10, 9.63378790804e-13], "dvar2": [1.83078552318e-09, 4.29062720286e-06, 1.31112628878e-05, 7.05800193828e-05, 0.00033906524186, 3.53491077476e-06, 6.3490492721e-06, 9.66953621173e-07, 2.05859760172e-06, 3.94854794195e-07, 3.36391934752e-07, 2.53720628507e-07, 2.46025280148e-07, 3.03785242295e-07, 4.33259515376e-07, 1.36299732389e-07, 7.05522325006e-08, 2.11783657278e-07, 1.28028631252e-07, 2.6857351898e-08, 1.20872849507e-08, 3.26585620769e-08, 7.41478523025e-09, 9.68725633044e-09, 9.60781321169e-09, 5.1121140654e-10, 2.30376568516e-12], "max": [0.000622767256573, 0.0336551517248, 0.0379364974797, 0.0565455853939, 0.0952671393752, 0.0283657982945, 0.0256760586053, 0.0146146314219, 0.0239909607917, 0.0131564391777, 0.0323002226651, 0.0136804338545, 0.00881358888, 0.00915320124477, 0.0102584287524, 0.00699347583577, 0.0088862599805, 0.0132241053507, 0.0075676641427, 0.00534919276834, 0.00203566928394, 0.00460298033431, 0.0026472157333, 0.00346906553023, 0.00371523643844, 0.000356822652975, 2.7703728847e-05], "mean": [1.387813154e-05, 0.001439393498, 0.00326369982213, 0.00331426970661, 0.00604937179014, 0.00195958488621, 0.00179485219996, 0.00047579818056, 0.000705872778781, 0.000253940699622, 0.000328417518176, 0.000262938061496, 0.000183441079571, 0.000228129385505, 0.000316573830787, 0.000170168350451, 0.000205303251278, 0.00034415020491, 0.000278255756712, 0.000156453723321, 9.40742393141e-05, 0.000114646405564, 7.06701466697e-05, 8.14530212665e-05, 8.09728444437e-05, 7.77803779783e-06, 2.42988846821e-07], "median": [2.13648127101e-06, 0.000450829626061, 0.00105981819797, 0.00129797193222, 0.00311990315095, 0.00131114688702, 0.000823280075565, 0.00018405681476, 0.000123793550301, 4.64975819341e-05, 2.83081080852e-05, 1.74851029442e-05, 7.93715662439e-06, 9.78517709882e-06, 8.37401967146e-06, 7.88997203927e-06, 7.69321013649e-06, 1.04434611785e-05, 1.03916572698e-05, 6.35131755189e-06, 6.36865752313e-06, 6.65418247081e-06, 4.14584610553e-06, 4.24035988544e-06, 2.57354349742e-06, 4.1473825263e-07, 3.04692946429e-08], "min": [1.09226450076e-24, 5.37031142396e-24, 4.88673101159e-25, 1.82676677594e-24, 1.22064360615e-23, 1.18145441633e-23, 7.33862785086e-24, 4.69913002757e-24, 1.35604384969e-23, 1.31365172682e-23, 6.90751536616e-24, 1.94399592408e-23, 3.55293296054e-23, 4.91177332214e-23, 3.74764939104e-23, 5.13071945758e-23, 8.16625906077e-23, 7.21294590036e-23, 1.27662193329e-22, 1.28330415314e-22, 2.4928317625e-22, 2.50720695389e-22, 4.13478022971e-22, 5.82868093043e-22, 8.51317383359e-22, 1.27827132154e-21, 1.99148720597e-21], "var": [1.32165733913e-09, 5.31653131475e-06, 2.16046155401e-05, 2.99127696053e-05, 0.0001000395132, 4.84157453684e-06, 7.23752464182e-06, 7.50930382765e-07, 3.18165962199e-06, 4.95526933264e-07, 2.05051196644e-06, 9.81408334155e-07, 4.84648353449e-07, 6.16883085058e-07, 8.69974428497e-07, 3.01990041862e-07, 5.93928234593e-07, 1.07105131519e-06, 4.19519551542e-07, 1.53916275281e-07, 4.36916245405e-08, 1.21644589512e-07, 3.63101477774e-08, 4.95493814867e-08, 7.77045130462e-08, 7.27756521712e-10, 1.14588243408e-12]}, "barkbands_crest": {"dmean": 2.66501808167, "dmean2": 4.43827772141, "dvar": 6.05515956879, "dvar2": 16.4880638123, "max": 25.5694770813, "mean": 10.7746152878, "median": 10.0635910034, "min": 2.59901499748, "var": 16.6338386536}, "barkbands_flatness_db": {"dmean": 0.0249693877995, "dmean2": 0.0378925353289, "dvar": 0.000706762366462, "dvar2": 0.00164817820769, "max": 0.514233887196, "mean": 0.213343977928, "median": 0.201342895627, "min": 0.0265115834773, "var": 0.00797291193157}, "barkbands_kurtosis": {"dmean": 9.4922208786, "dmean2": 15.7684049606, "dvar": 329.453063965, "dvar2": 851.078979492, "max": 423.528778076, "mean": 17.4722003937, "median": 9.14104652405, "min": -1.87908053398, "var": 858.308288574}, "barkbands_skewness": {"dmean": 0.804831147194, "dmean2": 1.27340662479, "dvar": 1.07181811333, "dvar2": 2.71414017677, "max": 14.1807327271, "mean": 2.41696071625, "median": 2.0935087204, "min": -3.36633682251, "var": 3.9397482872}, "barkbands_spread": {"dmean": 3.27800941467, "dmean2": 5.03623485565, "dvar": 26.6888618469, "dvar2": 62.3809776306, "max": 109.846466064, "mean": 13.0032310486, "median": 6.96966457367, "min": 0.344377607107, "var": 197.632095337}, "dissonance": {"dmean": 0.0293957535177, "dmean2": 0.0483705997467, "dvar": 0.000919449958019, "dvar2": 0.00229665450752, "max": 0.499244987965, "mean": 0.422534406185, "median": 0.435913592577, "min": 0.121737547219, "var": 0.00309181236662}, "dynamic_complexity": 5.46289587021, "erbbands": {"dmean": [0.0108962506056, 0.18234166503, 1.19765663147, 5.22225952148, 15.3736524582, 15.550359726, 6.31769943237, 7.80369281769, 13.3294525146, 9.07592582703, 5.71139097214, 7.14534902573, 5.97802639008, 4.35760784149, 4.11799478531, 3.92887830734, 3.06178689003, 4.81590986252, 6.67479610443, 5.00220727921, 3.27752232552, 2.83285260201, 4.92198467255, 4.96336984634, 3.95932531357, 1.94852554798, 1.29350578785, 1.21016776562, 1.51920008659, 1.2559056282, 0.495159298182, 0.41382548213, 0.528314471245, 0.337094902992, 0.103116720915, 0.0247009992599, 0.005685236305, 0.000679656863213, 3.52047936758e-05, 8.90844421519e-06], "dmean2": [0.0163812786341, 0.300563126802, 1.99775743484, 9.13955307007, 28.1166191101, 26.1372013092, 9.45807552338, 10.8177680969, 20.0152053833, 13.8845539093, 9.05156517029, 10.2536048889, 8.61935901642, 6.05981063843, 5.22275304794, 5.15013217926, 3.88316822052, 6.8460226059, 9.18278980255, 6.91788768768, 4.47985219955, 3.92191553116, 6.73531675339, 7.15980577469, 5.79682064056, 2.74834489822, 1.83209347725, 1.67631852627, 1.99476718903, 1.68787932396, 0.702976167202, 0.588260948658, 0.7626709342, 0.474095672369, 0.139693900943, 0.0347122773528, 0.00832542218268, 0.00100817496423, 5.51384982828e-05, 1.47105020005e-05], "dvar": [0.000626593653578, 0.126819998026, 3.12043094635, 93.1332931519, 1832.70861816, 794.414611816, 83.4510345459, 163.700378418, 503.852416992, 691.532287598, 140.422973633, 584.659851074, 382.869140625, 241.830490112, 263.068084717, 218.107559204, 113.434455872, 370.931945801, 606.725036621, 282.263824463, 114.467636108, 87.2439498901, 221.623962402, 202.636199951, 118.399406433, 28.5104312897, 10.23092556, 11.1031112671, 29.3210010529, 15.168803215, 1.63710415363, 1.35033392906, 1.8921391964, 1.21694278717, 0.134190633893, 0.00815270841122, 0.000555933336727, 9.90686567093e-06, 2.97616775669e-08, 2.71721090073e-10], "dvar2": [0.00136046565603, 0.319643378258, 8.16471767426, 265.021118164, 5296.75341797, 2224.34716797, 200.439178467, 327.910247803, 1108.08557129, 1670.99230957, 334.834381104, 1167.46362305, 794.200744629, 402.236572266, 303.640716553, 344.320526123, 180.169570923, 850.760986328, 1282.32824707, 515.372314453, 221.534317017, 167.363204956, 420.887664795, 431.643981934, 256.388122559, 53.1512184143, 21.4385261536, 20.3167266846, 43.5469779968, 25.7998428345, 3.47219324112, 2.63271975517, 3.91730690002, 2.65563201904, 0.227611377835, 0.0149531699717, 0.00121595140081, 2.24291434279e-05, 7.13161298904e-08, 7.44608985581e-10], "max": [0.591999769211, 8.49448871613, 23.7577953339, 139.833908081, 361.87487793, 275.099853516, 126.020439148, 355.336029053, 377.411346436, 619.972290039, 248.091018677, 693.924987793, 568.928405762, 740.552307129, 938.839294434, 587.490966797, 379.451171875, 600.835266113, 750.793884277, 472.038421631, 410.576599121, 426.062011719, 701.207092285, 557.596130371, 306.173675537, 356.057769775, 70.9421234131, 119.788948059, 196.858535767, 143.845230103, 41.8861465454, 50.2692108154, 57.3813705444, 57.9964637756, 20.0474071503, 2.74437379837, 0.72000259161, 0.0706782862544, 0.00441933749244, 0.000261435023276], "mean": [0.0183079335839, 0.426201164722, 2.81329345703, 9.18192863464, 15.6181879044, 22.4379653931, 14.3503456116, 18.3371334076, 24.1762714386, 18.9638137817, 10.7319288254, 14.5047092438, 13.1540966034, 10.974984169, 11.0629339218, 10.5220651627, 8.56884765625, 11.7708129883, 18.4093971252, 12.2972259521, 11.6799240112, 9.29902648926, 17.3391819, 15.8504648209, 12.697426796, 7.90025424957, 4.19850587845, 3.57785129547, 4.10104084015, 3.80362820625, 1.50297284126, 1.19626009464, 1.53537964821, 1.22998976707, 0.405891537666, 0.0639141872525, 0.012358260341, 0.00116694532335, 6.39993741061e-05, 2.87644998025e-05], "median": [0.00625729560852, 0.188304007053, 1.48196196556, 3.52846384048, 6.03366756439, 12.1970005035, 9.52818870544, 11.8688230515, 12.4695663452, 6.29414463043, 4.44351100922, 3.03831410408, 1.95184016228, 1.4025427103, 1.24446213245, 0.783311843872, 0.477279067039, 0.517888426781, 0.567191243172, 0.534628629684, 0.426857829094, 0.442237198353, 0.533952891827, 0.586078047752, 0.556161284447, 0.313039064407, 0.27720874548, 0.235601872206, 0.23331771791, 0.171520233154, 0.11099435389, 0.0829199850559, 0.067763492465, 0.0373293980956, 0.0140484357253, 0.00288446177728, 0.000624676118605, 0.000122435842059, 1.38444738695e-05, 2.24362920562e-05], "min": [1.20628961934e-22, 3.67449289194e-22, 1.97193981334e-21, 4.86466210712e-21, 1.78700060568e-20, 2.4613547533e-20, 4.36921775559e-20, 9.58557379471e-20, 1.5081200872e-19, 1.80197005445e-19, 1.73293653321e-19, 5.18741919335e-19, 3.99631219849e-19, 4.64019734212e-19, 5.81122452761e-19, 9.82077730277e-19, 1.90247777215e-18, 2.15630062466e-18, 2.54395861194e-18, 2.68294604795e-18, 3.73725081117e-18, 5.39303561411e-18, 4.67400431716e-18, 6.53359566968e-18, 6.74655290479e-18, 7.34008808152e-18, 9.90757315765e-18, 1.11022750794e-17, 9.7944892961e-18, 1.15415410719e-17, 1.04892473916e-17, 1.0674724446e-17, 1.00257532789e-17, 8.26678100331e-18, 5.45049695613e-18, 3.52368849344e-18, 2.34690888718e-18, 9.30242043601e-19, 2.41218532824e-19, 2.84127493124e-20], "var": [0.000962335267104, 0.404658079147, 11.4667463303, 218.244873047, 1321.89611816, 985.647033691, 243.41242981, 472.1512146, 1145.47570801, 2109.7590332, 309.493469238, 1609.57897949, 1274.10839844, 1271.39343262, 1823.40478516, 1395.17102051, 873.495483398, 1616.36877441, 3346.29174805, 1269.21203613, 1339.87402344, 647.119140625, 2789.71362305, 1481.67907715, 853.713928223, 434.593444824, 79.0884017944, 81.4733581543, 158.807571411, 116.314239502, 14.001291275, 11.4646205902, 15.0920257568, 16.6070861816, 2.4645216465, 0.0500920787454, 0.00222608889453, 1.81030900421e-05, 4.97259726728e-08, 7.594092577e-10]}, "erbbands_crest": {"dmean": 2.66397619247, "dmean2": 4.38952827454, "dvar": 6.63517665863, "dvar2": 17.5363826752, "max": 29.0738143921, "mean": 10.4166688919, "median": 9.7367401123, "min": 2.52873039246, "var": 18.5725574493}, "erbbands_flatness_db": {"dmean": 0.0177719611675, "dmean2": 0.0264237113297, "dvar": 0.000391821376979, "dvar2": 0.000859782856423, "max": 0.392347872257, "mean": 0.189551383257, "median": 0.179996773601, "min": 0.0359204784036, "var": 0.00376815139316}, "erbbands_kurtosis": {"dmean": 3.01174330711, "dmean2": 4.6353559494, "dvar": 28.7300434113, "dvar2": 66.6513977051, "max": 171.494842529, "mean": 6.15217113495, "median": 2.38744544983, "min": -1.83651530743, "var": 124.780380249}, "erbbands_skewness": {"dmean": 0.49234727025, "dmean2": 0.750687897205, "dvar": 0.323855489492, "dvar2": 0.758862435818, "max": 10.5065946579, "mean": 1.38407039642, "median": 1.29537129402, "min": -3.6827878952, "var": 2.08807897568}, "erbbands_spread": {"dmean": 7.31938362122, "dmean2": 11.0605192184, "dvar": 99.1227798462, "dvar2": 223.027938843, "max": 171.909683228, "mean": 33.4841575623, "median": 26.9892120361, "min": 1.58764624596, "var": 722.488708496}, "gfcc": {"cov": [[28387.890625, 655.441345215, -4348.13085938, 882.672729492, -1520.53479004, 47.9632263184, -1202.03198242, 335.284301758, -655.816955566, -333.242584229, -111.545410156, -476.295379639, -49.9303741455], [655.441345215, 1814.01550293, 627.534912109, -454.880554199, -30.7119674683, -309.686309814, 138.232254028, -254.297180176, 35.7269210815, -127.241752625, 58.9289207458, -20.7943725586, 27.9433860779], [-4348.13085938, 627.534912109, 1981.10949707, -106.434860229, 72.8248214722, -112.516067505, 225.310897827, -248.935379028, 67.4848327637, 39.5075759888, 3.43410611153, 150.392959595, -22.4724006653], [882.672729492, -454.880554199, -106.434860229, 450.285369873, 7.92113780975, 42.7209091187, -104.818092346, 85.5785903931, 6.42196559906, 36.5226325989, -34.9220085144, -20.8123874664, 1.76426136494], [-1520.53479004, -30.7119674683, 72.8248214722, 7.92113780975, 387.29901123, 9.08159255981, 30.4041004181, -1.25912034512, 65.9186782837, 24.374753952, -1.4206649065, -17.9426116943, 18.7039470673], [47.9632263184, -309.686309814, -112.516067505, 42.7209091187, 9.08159255981, 324.80947876, 61.1140518188, 34.4290771484, -60.3795852661, 22.1780071259, 19.9825496674, 11.8640499115, -34.2645759583], [-1202.03198242, 138.232254028, 225.310897827, -104.818092346, 30.4041004181, 61.1140518188, 222.386322021, -12.1459474564, 6.46214103699, -4.66554546356, 17.4112071991, 23.7316169739, -14.5455150604], [335.284301758, -254.297180176, -248.935379028, 85.5785903931, -1.25912034512, 34.4290771484, -12.1459474564, 208.174621582, 43.5413398743, 20.1523342133, 3.58399868011, -10.0432691574, 3.66967177391], [-655.816955566, 35.7269210815, 67.4848327637, 6.42196559906, 65.9186782837, -60.3795852661, 6.46214103699, 43.5413398743, 150.749023438, 42.8871383667, -14.580824852, -1.10470151901, 23.6340045929], [-333.242584229, -127.241752625, 39.5075759888, 36.5226325989, 24.374753952, 22.1780071259, -4.66554546356, 20.1523342133, 42.8871383667, 114.585472107, 16.2899188995, 21.7597789764, 6.1553440094], [-111.545410156, 58.9289207458, 3.43410611153, -34.9220085144, -1.4206649065, 19.9825496674, 17.4112071991, 3.58399868011, -14.580824852, 16.2899188995, 100.771179199, 23.8842716217, 1.86268138885], [-476.295379639, -20.7943725586, 150.392959595, -20.8123874664, -17.9426116943, 11.8640499115, 23.7316169739, -10.0432691574, -1.10470151901, 21.7597789764, 23.8842716217, 96.8239440918, 16.5312767029], [-49.9303741455, 27.9433860779, -22.4724006653, 1.76426136494, 18.7039470673, -34.2645759583, -14.5455150604, 3.66967177391, 23.6340045929, 6.1553440094, 1.86268138885, 16.5312767029, 78.8532409668]], "icov": [[0.00021890521748, -0.000590127252508, 0.000457018846646, -0.000618144345935, 0.000583434128202, -0.000348013214534, 0.000748655351344, -0.000293594785035, 0.000667237967718, -0.000272581062745, 0.000460423150798, -2.96638918371e-05, 0.000170596234966], [-0.000590127252508, 0.00285343290307, -0.00149008084554, 0.0024391466286, -0.00132735376246, 0.00172501173802, -0.00240329676308, 0.00165038846899, -0.00236154580489, 0.00179382169154, -0.0023177457042, 0.00115353881847, -0.000939085206483], [0.000457018846646, -0.00149008084554, 0.00188641110435, -0.00172404898331, 0.00107453833334, -0.000471963692689, 0.000762921525165, 0.000299283419736, 0.000988351064734, -0.000904794083908, 0.0013238840038, -0.00157713156659, 0.00113421597052], [-0.000618144345935, 0.0024391466286, -0.00172404898331, 0.00524423411116, -0.00161787273828, 0.000862333399709, -0.00073007075116, -3.78899239877e-05, -0.00170346500818, 0.00056298909476, -0.000931400572881, 0.00131678802427, -0.00102632446215], [0.000583434128202, -0.00132735376246, 0.00107453833334, -0.00161787273828, 0.00457155797631, -0.0011967306491, 0.00158091704361, -0.000238047839957, 0.000307501672069, -0.000691880006343, 0.000741950934753, 0.00119855592493, -0.000426407321356], [-0.000348013214534, 0.00172501173802, -0.000471963692689, 0.000862333399709, -0.0011967306491, 0.00542840454727, -0.00320128863677, 0.000533063430339, 0.000734596396796, -0.00031045806827, -0.001453597215, -0.000190414488316, 0.000920231977943], [0.000748655351344, -0.00240329676308, 0.000762921525165, -0.00073007075116, 0.00158091704361, -0.00320128863677, 0.00941485911608, -0.00226506451145, 0.0018398927059, -0.000323506625136, 0.00148272712249, -0.000506223703269, 0.00118041271344], [-0.000293594785035, 0.00165038846899, 0.000299283419736, -3.78899239877e-05, -0.000238047839957, 0.000533063430339, -0.00226506451145, 0.00826552696526, -0.0043408847414, 0.00122719909996, -0.00213623838499, -7.0276139013e-05, 7.14566704119e-05], [0.000667237967718, -0.00236154580489, 0.000988351064734, -0.00170346500818, 0.000307501672069, 0.000734596396796, 0.0018398927059, -0.0043408847414, 0.013180276379, -0.00536609487608, 0.00385309825651, 0.000580544583499, -0.00137743004598], [-0.000272581062745, 0.00179382169154, -0.000904794083908, 0.00056298909476, -0.000691880006343, -0.00031045806827, -0.000323506625136, 0.00122719909996, -0.00536609487608, 0.0128200342879, -0.00358914071694, -0.00133672822267, -0.00019369731308], [0.000460423150798, -0.0023177457042, 0.0013238840038, -0.000931400572881, 0.000741950934753, -0.001453597215, 0.00148272712249, -0.00213623838499, 0.00385309825651, -0.00358914071694, 0.0134544624016, -0.00332637201063, 0.000581167230848], [-2.96638918371e-05, 0.00115353881847, -0.00157713156659, 0.00131678802427, 0.00119855592493, -0.000190414488316, -0.000506223703269, -7.0276139013e-05, 0.000580544583499, -0.00133672822267, -0.00332637201063, 0.015436206013, -0.00459086243063], [0.000170596234966, -0.000939085206483, 0.00113421597052, -0.00102632446215, -0.000426407321356, 0.000920231977943, 0.00118041271344, 7.14566704119e-05, -0.00137743004598, -0.00019369731308, 0.000581167230848, -0.00459086243063, 0.0155609268695]], "mean": [-102.38256073, 114.82723999, -74.3883056641, 37.6782112122, -70.2585754395, 1.02438056469, -45.2654762268, 3.39142155647, -27.1191425323, -4.04016971588, -14.3842086792, -5.64618110657, -10.2982187271]}, "hfc": {"dmean": 2.79149127007, "dmean2": 3.87021636963, "dvar": 20.2140617371, "dvar2": 38.9889068604, "max": 160.385238647, "mean": 13.380862236, "median": 5.68841457367, "min": 1.10190310968e-16, "var": 332.989715576}, "melbands": {"dmean": [0.000133287801873, 0.000498867186252, 0.00113814044744, 0.0011861694511, 0.000295619189274, 0.00017366107204, 0.000193666244741, 8.60506625031e-05, 4.61870986328e-05, 4.71492603538e-05, 2.96640391753e-05, 1.80190327228e-05, 1.67927664734e-05, 1.07074201878e-05, 9.23750485526e-06, 8.76193735166e-06, 9.17271790968e-06, 1.14891618068e-05, 7.96296444605e-06, 5.82431448493e-06, 4.21095001002e-06, 3.29425984091e-06, 3.46236242876e-06, 6.06601452091e-06, 4.27010945714e-06, 3.59634987035e-06, 2.1527600893e-06, 1.28497435981e-06, 8.76248918757e-07, 8.3719083932e-07, 7.46551506836e-07, 8.56972349084e-07, 9.73802571025e-07, 6.2666293843e-07, 3.07049845105e-07, 2.61967500137e-07, 2.72899029596e-07, 3.52669786707e-07, 4.23106882863e-07, 2.70867047902e-07], "dmean2": [0.000213004255784, 0.000824426999316, 0.00203617033549, 0.00210282602347, 0.000448739854619, 0.000241442481638, 0.000293287652312, 0.000131728505949, 7.18463561498e-05, 6.80502926116e-05, 4.27096310887e-05, 2.53406051343e-05, 2.15365016629e-05, 1.45153908306e-05, 1.14012755148e-05, 1.19587657537e-05, 1.29886375362e-05, 1.57976264745e-05, 1.10266282718e-05, 8.17270483822e-06, 5.93041067987e-06, 4.69201495434e-06, 4.98236977364e-06, 8.48461604619e-06, 6.33468562228e-06, 5.38786298421e-06, 3.06457582155e-06, 1.86236013633e-06, 1.26644442844e-06, 1.21057007618e-06, 1.06836102987e-06, 1.15334808015e-06, 1.2948218e-06, 8.74661338912e-07, 4.42608040885e-07, 3.88994749301e-07, 3.87760167087e-07, 5.15175713645e-07, 6.04968988682e-07, 3.82810640076e-07], "dvar": [8.49450927376e-08, 5.27881979906e-07, 5.3978028518e-06, 8.18993157736e-06, 1.76138058805e-07, 7.32116802737e-08, 1.04513397048e-07, 6.28018881343e-08, 1.06322168847e-08, 2.42418742857e-08, 9.62260671145e-09, 4.00006250345e-09, 4.86384177378e-09, 2.29127961049e-09, 1.33053912332e-09, 1.27394217397e-09, 1.24149890368e-09, 1.86494975019e-09, 8.0740347741e-10, 4.28797525265e-10, 2.15449311169e-10, 1.2982119546e-10, 9.98096466587e-11, 4.30156382736e-10, 1.72677414034e-10, 9.92131307664e-11, 3.69159633418e-11, 1.57269579304e-11, 5.27533485645e-12, 6.11295909725e-12, 5.08625737014e-12, 1.00813827772e-11, 9.92135974071e-12, 4.29562982407e-12, 7.00825302739e-13, 5.27893050453e-13, 6.14536091285e-13, 8.11473230191e-13, 1.42732960867e-12, 1.03384033105e-12], "dvar2": [2.07400390195e-07, 1.35081666031e-06, 1.58561069838e-05, 2.35462102864e-05, 4.15016728539e-07, 1.48464749827e-07, 2.37878552412e-07, 1.52070370518e-07, 2.38576181033e-08, 4.9688075876e-08, 1.98496206139e-08, 6.89872736714e-09, 4.98404650884e-09, 3.96244193013e-09, 1.61988700231e-09, 2.84188272914e-09, 2.74684985868e-09, 3.77526410134e-09, 1.61003110843e-09, 7.85640108525e-10, 4.16435913531e-10, 2.60374943828e-10, 2.04260233727e-10, 8.0089102017e-10, 3.83085091427e-10, 2.26994353869e-10, 7.32860439001e-11, 2.85561279484e-11, 1.13639748653e-11, 1.24480738217e-11, 9.76265596142e-12, 1.62990419772e-11, 1.59750650208e-11, 7.74657595015e-12, 1.527945305e-12, 1.23861446273e-12, 1.18823212988e-12, 1.70453646857e-12, 2.96620822522e-12, 2.22137390947e-12], "max": [0.00770494714379, 0.0110744889826, 0.0218074657023, 0.025273533538, 0.00589435407892, 0.00688847107813, 0.00575339794159, 0.00603409716859, 0.00226972508244, 0.00410233298317, 0.00276988022961, 0.00276825064793, 0.00421438505873, 0.00160080916248, 0.00203749490902, 0.00101721182, 0.00100100866985, 0.0015415904345, 0.000948722823523, 0.000675761257298, 0.000662103877403, 0.000465558434371, 0.000282552093267, 0.00106588518247, 0.000485888594994, 0.000225802825298, 0.000173181935679, 0.000335211545462, 5.10463796672e-05, 8.18932167022e-05, 7.8803539509e-05, 0.000115488277515, 9.23382904148e-05, 8.92169846338e-05, 2.70421060122e-05, 2.29218348977e-05, 3.66958665836e-05, 2.41904126597e-05, 6.13385054749e-05, 5.60700027563e-05], "mean": [0.000276564969681, 0.00122136319987, 0.00173122808337, 0.00142775673885, 0.000637044489849, 0.000410143024055, 0.000353495503077, 0.000175567300175, 8.25407696539e-05, 9.77822055575e-05, 6.34598181932e-05, 4.17304108851e-05, 4.48748069175e-05, 2.53761463682e-05, 2.40309746005e-05, 2.10182206501e-05, 2.0148783733e-05, 3.01191266772e-05, 1.82475050678e-05, 1.32750392368e-05, 1.50405894601e-05, 1.04500904854e-05, 8.72996679391e-06, 2.08726105484e-05, 1.15291531984e-05, 1.03833408502e-05, 6.51007894703e-06, 5.17513717568e-06, 2.57634633272e-06, 2.11926226257e-06, 2.08596497941e-06, 2.17076672016e-06, 2.54102383224e-06, 1.88148464986e-06, 8.32374723814e-07, 6.70892745802e-07, 7.61670037264e-07, 8.92295588528e-07, 1.30168655232e-06, 1.0567443951e-06], "median": [8.58925632201e-05, 0.000784170231782, 0.000804283074103, 0.000701407552697, 0.000420907977968, 0.000269286974799, 0.000178530375706, 5.26509029442e-05, 3.25330111082e-05, 1.66420504684e-05, 8.6963918875e-06, 5.27410475115e-06, 4.00017506763e-06, 2.1746393486e-06, 1.39133408084e-06, 7.87033229699e-07, 8.23343157208e-07, 8.11723282368e-07, 6.57617079014e-07, 5.80017058383e-07, 4.12691122165e-07, 4.13820430367e-07, 4.11688461099e-07, 4.8765292604e-07, 4.46429368139e-07, 3.7997756408e-07, 2.81195525531e-07, 1.69481552348e-07, 1.68497166442e-07, 1.53257914803e-07, 1.16638091185e-07, 1.16090632218e-07, 1.16328067179e-07, 8.03695314744e-08, 6.27865048841e-08, 4.89979790075e-08, 4.67934029302e-08, 4.82799471513e-08, 3.59106309133e-08, 2.66997410847e-08], "min": [2.04495170005e-24, 6.80921560598e-25, 1.48118130868e-24, 2.78601966454e-24, 1.42643446047e-24, 2.29777018169e-24, 2.58512321882e-24, 1.83906531467e-24, 1.50273032621e-24, 2.2728333024e-24, 1.94739820228e-24, 1.33623442824e-24, 1.23152300383e-24, 2.39820538834e-24, 1.68251172651e-24, 3.05656148414e-24, 3.71597268139e-24, 2.83010910053e-24, 2.52345875072e-24, 3.13851091877e-24, 4.27602724207e-24, 4.03122161507e-24, 4.56065220098e-24, 3.47841747498e-24, 4.83923921852e-24, 5.01668204066e-24, 4.21036679905e-24, 4.17584545698e-24, 5.3802877534e-24, 4.94796831151e-24, 5.46293947145e-24, 4.20052852027e-24, 5.46539243444e-24, 5.78869051037e-24, 5.47586653511e-24, 5.02011634661e-24, 6.38333307186e-24, 6.43649283054e-24, 5.29155904536e-24, 6.48109384283e-24], "var": [1.8930028034e-07, 1.9459869236e-06, 6.9696779974e-06, 6.45406043986e-06, 5.17914031661e-07, 2.22003379236e-07, 2.41184949346e-07, 1.86595940477e-07, 2.25436025403e-08, 7.01537175019e-08, 3.18305346525e-08, 1.88282260893e-08, 3.74405928483e-08, 1.05468220823e-08, 9.49888878665e-09, 6.39972830285e-09, 4.96971930275e-09, 9.89215642733e-09, 2.72643396748e-09, 1.88378246335e-09, 3.14048143046e-09, 1.14668530227e-09, 4.58426518968e-10, 5.47717338151e-09, 1.01885322401e-09, 5.69709501796e-10, 2.91179802492e-10, 2.69293004562e-10, 3.40257093334e-11, 2.75583791898e-11, 3.43478544218e-11, 4.82342499275e-11, 5.64486304921e-11, 3.14434138449e-11, 5.0477482437e-12, 3.14160503168e-12, 5.91999322827e-12, 3.99480188512e-12, 1.5107351134e-11, 1.71053032849e-11]}, "melbands_crest": {"dmean": 3.28388571739, "dmean2": 5.55385732651, "dvar": 8.59866142273, "dvar2": 23.6884307861, "max": 32.8048019409, "mean": 14.3030071259, "median": 13.5436477661, "min": 1.7576700449, "var": 27.462228775}, "melbands_flatness_db": {"dmean": 0.0295382551849, "dmean2": 0.0439068973064, "dvar": 0.00097258068854, "dvar2": 0.00214519258589, "max": 0.656440675259, "mean": 0.292640954256, "median": 0.288551926613, "min": 0.0039132819511, "var": 0.0141504919156}, "melbands_kurtosis": {"dmean": 16.7093086243, "dmean2": 27.6072940826, "dvar": 1154.12976074, "dvar2": 3032.73388672, "max": 802.214416504, "mean": 33.028175354, "median": 14.2736282349, "min": -1.76979148388, "var": 3566.25341797}, "melbands_skewness": {"dmean": 0.941374719143, "dmean2": 1.46724653244, "dvar": 1.51523768902, "dvar2": 3.62761902809, "max": 20.3635196686, "mean": 3.17308712006, "median": 2.54613399506, "min": -1.49975895882, "var": 6.46086740494}, "melbands_spread": {"dmean": 3.92863059044, "dmean2": 5.98281526566, "dvar": 58.7122306824, "dvar2": 132.091323853, "max": 213.08682251, "mean": 14.562494278, "median": 5.69798278809, "min": 0.301102548838, "var": 445.495361328}, "mfcc": {"cov": [[18864.03125, -1196.26574707, -2471.4675293, -279.147918701, -285.780029297, -732.967163086, -66.9542007446, -108.813087463, -202.859115601, -127.342956543, 184.00112915, -551.255310059, -111.76725769], [-1196.26574707, 2469.32617188, 675.452636719, 44.3865814209, -145.770004272, 10.8986148834, -51.746887207, -40.2480545044, -110.092269897, -74.7143478394, -114.543487549, -4.08364439011, -10.3674726486], [-2471.4675293, 675.452636719, 1381.42468262, 205.852874756, -78.9793395996, 172.803314209, -10.3166799545, 2.94325399399, -36.5463294983, -122.67816925, -67.6155090332, 131.458892822, 10.5801525116], [-279.147918701, 44.3865814209, 205.852874756, 383.709564209, 105.244216919, -29.7200527191, -85.8101501465, -36.0005645752, 39.2812271118, 39.507522583, -66.7689285278, 20.7910041809, 33.7273979187], [-285.780029297, -145.770004272, -78.9793395996, 105.244216919, 288.465637207, 29.3398895264, -13.2350053787, -16.8470687866, 34.8371315002, 51.7692070007, -5.50298213959, -3.26096510887, 8.07698345184], [-732.967163086, 10.8986148834, 172.803314209, -29.7200527191, 29.3398895264, 252.696716309, 77.7824859619, 3.67820096016, -2.7443010807, -24.2192268372, 19.4522895813, 23.8034858704, -37.60679245], [-66.9542007446, -51.746887207, -10.3166799545, -85.8101501465, -13.2350053787, 77.7824859619, 202.44644165, 59.7825088501, -30.1663722992, -12.2923088074, 45.8718109131, 8.24293518066, -24.6100997925], [-108.813087463, -40.2480545044, 2.94325399399, -36.0005645752, -16.8470687866, 3.67820096016, 59.7825088501, 129.544540405, 17.062204361, 7.75424098969, 30.1770591736, -1.47495126724, -3.38566493988], [-202.859115601, -110.092269897, -36.5463294983, 39.2812271118, 34.8371315002, -2.7443010807, -30.1663722992, 17.062204361, 125.64604187, 57.3686141968, -7.98366737366, 4.28687334061, 14.5476951599], [-127.342956543, -74.7143478394, -122.67816925, 39.507522583, 51.7692070007, -24.2192268372, -12.2923088074, 7.75424098969, 57.3686141968, 154.459075928, 16.2070236206, 8.99330997467, 15.4179725647], [184.00112915, -114.543487549, -67.6155090332, -66.7689285278, -5.50298213959, 19.4522895813, 45.8718109131, 30.1770591736, -7.98366737366, 16.2070236206, 110.544219971, 6.76694440842, -4.75392341614], [-551.255310059, -4.08364439011, 131.458892822, 20.7910041809, -3.26096510887, 23.8034858704, 8.24293518066, -1.47495126724, 4.28687334061, 8.99330997467, 6.76694440842, 108.970352173, 20.6822738647], [-111.76725769, -10.3674726486, 10.5801525116, 33.7273979187, 8.07698345184, -37.60679245, -24.6100997925, -3.38566493988, 14.5476951599, 15.4179725647, -4.75392341614, 20.6822738647, 79.3113327026]], "icov": [[9.16688659345e-05, 1.65909004863e-05, 0.000138654344482, -0.00010603408009, 0.000120691111078, 0.000170978470123, -2.59812313743e-05, 0.000100929515611, 7.88832767284e-05, 0.000165316669154, -0.000185989425518, 0.00026339062606, 9.6533287433e-05], [1.65909004863e-05, 0.000531112309545, -0.000273516721791, 0.000110297747597, 0.000166357494891, 0.000100646881037, 7.89488694863e-05, 5.98197220825e-05, 0.000471279257908, -0.000254467769992, 0.000414226262365, 0.00036087341141, 3.39684193023e-05], [0.000138654344482, -0.000273516721791, 0.00158720498439, -0.00104447058402, 0.000619919330347, -0.000694819609635, 0.000192326886463, -0.000359468744136, 0.000136349815875, 0.00124217092525, -0.000114009962999, -0.00097909825854, 2.58162472164e-05], [-0.00010603408009, 0.000110297747597, -0.00104447058402, 0.0043038148433, -0.00157806475181, 0.000488473975565, 0.000770153827034, 0.000261637731455, -0.000326154899085, -0.00130193470977, 0.00184212112799, -0.000159798481036, -0.000718407216482], [0.000120691111078, 0.000166357494891, 0.000619919330347, -0.00157806475181, 0.0046639367938, -0.000911789189558, -8.47143674036e-05, 0.000491948972922, -0.000129122592625, -0.000604143890087, -0.000275461177807, 0.000626343593467, -0.000171106526977], [0.000170978470123, 0.000100646881037, -0.000694819609635, 0.000488473975565, -0.000911789189558, 0.00627636350691, -0.00220572133549, 0.00144207640551, -0.00105144258123, 0.000797783839516, -0.00101770984475, -4.80962189613e-05, 0.00257440959103], [-2.59812313743e-05, 7.89488694863e-05, 0.000192326886463, 0.000770153827034, -8.47143674036e-05, -0.00220572133549, 0.00774591229856, -0.00335151841864, 0.00215276726522, -0.000281075044768, -0.000934652925935, -0.000786771532148, 0.0006526678917], [0.000100929515611, 5.98197220825e-05, -0.000359468744136, 0.000261637731455, 0.000491948972922, 0.00144207640551, -0.00335151841864, 0.010300221853, -0.00251635187306, 0.000108670654299, -0.00208290922455, 0.00118450075388, 0.000126860177261], [7.88832767284e-05, 0.000471279257908, 0.000136349815875, -0.000326154899085, -0.000129122592625, -0.00105144258123, 0.00215276726522, -0.00251635187306, 0.0113756721839, -0.003640353214, 0.00151023978833, 0.000291529693641, -0.000995957874693], [0.000165316669154, -0.000254467769992, 0.00124217092525, -0.00130193470977, -0.000604143890087, 0.000797783839516, -0.000281075044768, 0.000108670654299, -0.003640353214, 0.00977598689497, -0.00228456733748, -0.00108793063555, -0.00014105461014], [-0.000185989425518, 0.000414226262365, -0.000114009962999, 0.00184212112799, -0.000275461177807, -0.00101770984475, -0.000934652925935, -0.00208290922455, 0.00151023978833, -0.00228456733748, 0.0124585982412, -0.00142791646067, -0.000523329013959], [0.00026339062606, 0.00036087341141, -0.00097909825854, -0.000159798481036, 0.000626343593467, -4.80962189613e-05, -0.000786771532148, 0.00118450075388, 0.000291529693641, -0.00108793063555, -0.00142791646067, 0.0125496676192, -0.0028634343762], [9.6533287433e-05, 3.39684193023e-05, 2.58162472164e-05, -0.000718407216482, -0.000171106526977, 0.00257440959103, 0.0006526678917, 0.000126860177261, -0.000995957874693, -0.00014105461014, -0.000523329013959, -0.0028634343762, 0.0154225807637]], "mean": [-746.867370605, 140.07194519, 42.7071876526, 33.1712722778, 3.44399189949, -4.43392086029, -4.706158638, -3.17086863518, -6.83521699905, -4.74368715286, -3.03407073021, -6.991543293, -3.65434765816]}, "pitch_salience": {"dmean": 0.0804669931531, "dmean2": 0.133667871356, "dvar": 0.00589190935716, "dvar2": 0.0162369832397, "max": 0.925024271011, "mean": 0.569963157177, "median": 0.580725908279, "min": 0.118266560137, "var": 0.0167482309043}, "silence_rate_20dB": {"dmean": 0, "dmean2": 0, "dvar": 0, "dvar2": 0, "max": 1, "mean": 1, "median": 1, "min": 1, "var": 0}, "silence_rate_30dB": {"dmean": 0, "dmean2": 0, "dvar": 0, "dvar2": 0, "max": 1, "mean": 1, "median": 1, "min": 1, "var": 0}, "silence_rate_60dB": {"dmean": 0.0202379319817, "dmean2": 0.0404813997447, "dvar": 0.0198302306235, "dvar2": 0.0459547862411, "max": 1, "mean": 0.166940107942, "median": 0, "min": 0, "var": 0.139089763165}, "spectral_centroid": {"dmean": 156.572463989, "dmean2": 235.899154663, "dvar": 70258.546875, "dvar2": 143570.4375, "max": 11757.015625, "mean": 901.038146973, "median": 475.139892578, "min": 145.963623047, "var": 1506976.875}, "spectral_complexity": {"dmean": 1.61329138279, "dmean2": 2.43189287186, "dvar": 3.69428634644, "dvar2": 6.66506576538, "max": 41, "mean": 10.1035003662, "median": 8, "min": 0, "var": 59.0498275757}, "spectral_contrast_coeffs": {"dmean": [0.0560249723494, 0.045043900609, 0.0339363440871, 0.0275033991784, 0.0216195657849, 0.0161949209869], "dmean2": [0.0939714312553, 0.071841455996, 0.053702570498, 0.042667221278, 0.0325345993042, 0.0247155893594], "dvar": [0.00268717459403, 0.00150623498484, 0.000860359286889, 0.000617039913777, 0.000414793437812, 0.000238147360506], "dvar2": [0.00754152564332, 0.00365394935943, 0.0020014194306, 0.00127949903253, 0.000840573396999, 0.000515887280926], "max": [-0.220617845654, -0.395885169506, -0.506826758385, -0.54586905241, -0.546790719032, -0.60616004467], "mean": [-0.587317943573, -0.702865183353, -0.770573496819, -0.792333960533, -0.797959566116, -0.795580565929], "median": [-0.579449415207, -0.698461651802, -0.783291339874, -0.811868429184, -0.815761685371, -0.796141028404], "min": [-0.980855286121, -0.980777919292, -0.976107120514, -0.971547603607, -0.969141304493, -0.963595211506], "var": [0.0121378302574, 0.0068325875327, 0.0069044213742, 0.00687012635171, 0.00663773156703, 0.00290677812882]}, "spectral_contrast_valleys": {"dmean": [0.395587712526, 0.36195024848, 0.337934702635, 0.327446371317, 0.283851206303, 0.254820019007], "dmean2": [0.657192468643, 0.573635935783, 0.519776344299, 0.484922021627, 0.406467974186, 0.344092518091], "dvar": [0.134820818901, 0.127866446972, 0.115976653993, 0.130791336298, 0.123164445162, 0.105560779572], "dvar2": [0.312507212162, 0.268829643726, 0.220495462418, 0.236343055964, 0.212506130338, 0.169855043292], "max": [-5.5353064537, -4.94626045227, -6.06379842758, -6.50507307053, -6.03324842453, -8.40458774567], "mean": [-7.82702445984, -7.41842222214, -8.71574783325, -9.44579124451, -9.14726638794, -11.1786470413], "median": [-7.39946269989, -6.85297679901, -8.24341678619, -9.0474319458, -8.86529254913, -11.1434669495], "min": [-28.2850189209, -28.180398941, -27.7558612823, -27.6530818939, -27.5097084045, -27.3777675629], "var": [5.05449151993, 5.69767475128, 5.03123998642, 4.88896465302, 5.05545854568, 4.09120368958]}, "spectral_decrease": {"dmean": 2.00799887828e-09, "dmean2": 3.4042340058e-09, "dvar": 1.41082088936e-17, "dvar2": 4.08237984492e-17, "max": 4.10054832941e-19, "mean": -5.55890666831e-09, "median": -4.84604356643e-09, "min": -3.35652039496e-08, "var": 2.34655075934e-17}, "spectral_energy": {"dmean": 0.00774483755231, "dmean2": 0.0130956014618, "dvar": 0.000208007622859, "dvar2": 0.000600571627729, "max": 0.129209294915, "mean": 0.0221943333745, "median": 0.0191856883466, "min": 1.01493986795e-20, "var": 0.00036824514973}, "spectral_energyband_high": {"dmean": 0.00012922953465, "dmean2": 0.000170528350282, "dvar": 9.69255182781e-08, "dvar2": 1.65383553963e-07, "max": 0.0146543430164, "mean": 0.00052983534988, "median": 3.49305701093e-05, "min": 7.01442535538e-21, "var": 1.47852222199e-06}, "spectral_energyband_low": {"dmean": 0.00274259014986, "dmean2": 0.0045723230578, "dvar": 1.88470530702e-05, "dvar2": 4.72523533972e-05, "max": 0.0670371204615, "mean": 0.00662844069302, "median": 0.00405789352953, "min": 1.56057134327e-23, "var": 6.52159287711e-05}, "spectral_energyband_middle_high": {"dmean": 0.000576482503675, "dmean2": 0.000732025539037, "dvar": 1.63659967711e-06, "dvar2": 2.45794035436e-06, "max": 0.0446467064321, "mean": 0.0025935950689, "median": 0.000267578550847, "min": 1.20147317544e-21, "var": 2.5405357519e-05}, "spectral_energyband_middle_low": {"dmean": 0.00696690939367, "dmean2": 0.0119506055489, "dvar": 0.00020638735441, "dvar2": 0.000598892220296, "max": 0.125992774963, "mean": 0.0143871679902, "median": 0.0110355792567, "min": 1.84463409679e-22, "var": 0.000238859822275}, "spectral_entropy": {"dmean": 0.221956342459, "dmean2": 0.335349678993, "dvar": 0.0660061389208, "dvar2": 0.150879234076, "max": 9.82509899139, "mean": 6.79399490356, "median": 6.9679441452, "min": 4.26396942139, "var": 0.736008346081}, "spectral_flux": {"dmean": 0.0217145737261, "dmean2": 0.0351813100278, "dvar": 0.0010267397156, "dvar2": 0.00210355827585, "max": 0.323056578636, "mean": 0.0650724247098, "median": 0.0567310974002, "min": 6.47970427314e-11, "var": 0.00241457251832}, "spectral_kurtosis": {"dmean": 3.31909704208, "dmean2": 5.28231191635, "dvar": 28.9969139099, "dvar2": 66.6792068481, "max": 92.797744751, "mean": 10.1326751709, "median": 5.12957811356, "min": -1.26816129684, "var": 154.282699585}, "spectral_rms": {"dmean": 0.000725777586922, "dmean2": 0.0011884997366, "dvar": 1.1604121255e-06, "dvar2": 3.22546793541e-06, "max": 0.0112275481224, "mean": 0.00410768855363, "median": 0.00432640034705, "min": 3.14672094805e-12, "var": 4.7799380809e-06}, "spectral_rolloff": {"dmean": 238.085708618, "dmean2": 393.76965332, "dvar": 406353.625, "dvar2": 901197.375, "max": 19552.1484375, "mean": 1091.58288574, "median": 409.130859375, "min": 43.06640625, "var": 4958332}, "spectral_skewness": {"dmean": 0.341411620378, "dmean2": 0.51684987545, "dvar": 0.191671609879, "dvar2": 0.396807491779, "max": 8.44489765167, "mean": 2.343054533, "median": 1.89794826508, "min": -0.079458065331, "var": 1.80527567863}, "spectral_spread": {"dmean": 514284.875, "dmean2": 768137.875, "dvar": 563127255040, "dvar2": 1123813425150.0, "max": 42147084, "mean": 4903827.5, "median": 4296422, "min": 1027778.125, "var": 16