{"lowlevel": {"average_loudness": 0.931280434132, "barkbands": {"dmean": [0.00202337582596, 0.0104504367337, 0.00217096786946, 0.00169616250787, 0.00160431512631, 0.00191264646128, 0.000930384732783, 0.0012351408368, 0.00124038790818, 0.00114257913083, 0.00121905608103, 0.00141008244827, 0.00080536166206, 0.00033360926318, 0.000342263956554, 0.000155203437316, 0.000109042499389, 8.47098708618e-05, 6.32056980976e-05, 4.22296689067e-05, 2.5362274755e-05, 4.28437124356e-06, 2.75825686913e-06, 2.26246584134e-06, 2.14017586586e-06, 2.43849922299e-06, 7.52798805479e-05], "dmean2": [0.00326773617417, 0.0163036435843, 0.00361789064482, 0.00282265315764, 0.00263670482673, 0.00296969315968, 0.00150970986579, 0.00197925674729, 0.00198303139769, 0.00182493834291, 0.00197947397828, 0.00220345868729, 0.00128947966732, 0.000532220001332, 0.000522837974131, 0.000240209454205, 0.000164194760146, 0.000124828511616, 9.21337850741e-05, 6.01446336077e-05, 3.41499726346e-05, 6.80632183503e-06, 4.56357111034e-06, 3.79860830435e-06, 3.61523143511e-06, 4.0050890675e-06, 0.000101862489828], "dvar": [8.11685276858e-06, 0.000212207480217, 8.35863738757e-06, 1.06790530481e-05, 7.88098441262e-06, 1.9005006834e-05, 3.97207304559e-06, 1.60194631462e-05, 8.74909892445e-06, 6.33397439742e-06, 5.80185542276e-06, 4.82431460114e-06, 1.86493377896e-06, 2.96707810321e-07, 6.98397855103e-07, 7.03311613393e-08, 3.40631949314e-08, 3.90470091816e-08, 4.11739158324e-08, 1.67420992625e-08, 1.49244758774e-08, 1.00714429851e-10, 2.43478761458e-11, 1.55850939793e-11, 1.43847225798e-11, 1.54592363216e-11, 1.35758337905e-08], "dvar2": [2.00742215384e-05, 0.000521579466294, 2.25773492275e-05, 2.70473847195e-05, 1.88095818885e-05, 4.02777004638e-05, 9.51949186856e-06, 3.78722324967e-05, 2.11693986785e-05, 1.55374927999e-05, 1.48238323163e-05, 1.07343248601e-05, 4.68400185127e-06, 7.23955906778e-07, 1.62102230661e-06, 1.63740494941e-07, 7.29587839032e-08, 9.21382508068e-08, 8.84568791548e-08, 3.54151055149e-08, 2.74316036553e-08, 2.25653259966e-10, 5.6582058483e-11, 3.92578955455e-11, 3.63190900965e-11, 3.79745401791e-11, 2.47937190778e-08], "max": [0.0512916818261, 0.198850721121, 0.0365365967155, 0.0527790263295, 0.0689166858792, 0.0824143439531, 0.0444362387061, 0.102243587375, 0.0637824758887, 0.0497717037797, 0.0414655990899, 0.0515122935176, 0.025144957006, 0.0116688096896, 0.0239036418498, 0.0049553848803, 0.0036965587642, 0.00630656909198, 0.00793099962175, 0.00402946025133, 0.00646476307884, 0.000407647632528, 0.000153253116878, 6.09258204349e-05, 5.8349876781e-05, 7.53424756113e-05, 0.00307958619669], "mean": [0.00420082453638, 0.0170984566212, 0.00308344420046, 0.00225059548393, 0.00244429241866, 0.00277239875868, 0.0013356130803, 0.00161612185184, 0.00177204061765, 0.00163935835008, 0.00190867902711, 0.00287870597094, 0.00133450631984, 0.000569429656025, 0.000541370594874, 0.000255963415839, 0.00018225365784, 0.000134131478262, 9.86081504379e-05, 6.15182507318e-05, 3.50265108864e-05, 5.89561796005e-06, 3.40470410265e-06, 2.44082661993e-06, 2.04949424187e-06, 3.07833101942e-06, 0.000181955823791], "median": [0.00138945353683, 0.00962854083627, 0.00203739781864, 0.000984248938039, 0.00153632147703, 0.000975073315203, 0.000591259682551, 0.000426663842518, 0.000714721798431, 0.000691762543283, 0.00103616924025, 0.00156321946997, 0.00076587946387, 0.000329696427798, 0.000176332439878, 0.000128162559122, 8.93933538464e-05, 5.69595868001e-05, 3.58957840945e-05, 1.78374084499e-05, 9.82895107882e-06, 2.70880173048e-06, 1.6245895722e-06, 1.09568372864e-06, 7.67588176132e-07, 1.70569092006e-06, 0.000130240747239], "min": [8.46158429782e-13, 5.02570381145e-12, 8.60293607186e-12, 9.64773053114e-12, 1.05992792668e-11, 8.02296944158e-12, 2.36857387002e-12, 1.91593138923e-12, 8.04199675603e-12, 4.55574944089e-12, 5.80530458774e-12, 1.40720768371e-12, 2.48374116413e-11, 6.86853959125e-12, 4.94311080783e-14, 1.09695821762e-13, 1.65714406715e-13, 1.99867357907e-12, 1.92213736247e-12, 3.45627552186e-13, 7.18703959193e-13, 3.6589139921e-13, 7.12030857452e-13, 2.04710123093e-13, 3.08371655034e-13, 5.15425809672e-13, 1.09194543598e-12], "var": [2.91172964353e-05, 0.000400897028157, 1.15134289445e-05, 1.59952869581e-05, 1.31564383992e-05, 3.89924061892e-05, 6.72880287311e-06, 2.48425985774e-05, 1.38601108119e-05, 9.31722661335e-06, 8.71126758284e-06, 1.41073505802e-05, 3.29185763803e-06, 6.07879485415e-07, 1.33585456297e-06, 1.30290814582e-07, 7.29816775902e-08, 6.51675264862e-08, 6.88838355245e-08, 2.90917547829e-08, 2.67420450228e-08, 1.96338542646e-10, 4.11283056223e-11, 1.62522391378e-11, 1.44764243995e-11, 2.01036236269e-11, 3.48406885564e-08]}, "barkbands_crest": {"dmean": 2.93132972717, "dmean2": 4.70730018616, "dvar": 6.15018224716, "dvar2": 15.3524026871, "max": 23.4798965454, "mean": 10.4663648605, "median": 9.61107349396, "min": 3.02828502655, "var": 18.8281993866}, "barkbands_flatness_db": {"dmean": 0.0267608650029, "dmean2": 0.0415659807622, "dvar": 0.000495994172525, "dvar2": 0.00118363276124, "max": 0.383830726147, "mean": 0.16997243464, "median": 0.162937939167, "min": 0.0434948243201, "var": 0.00216709985398}, "barkbands_kurtosis": {"dmean": 2.85022902489, "dmean2": 4.39585542679, "dvar": 20.0806903839, "dvar2": 42.0061683655, "max": 142.989654541, "mean": 4.59023094177, "median": 2.37843561172, "min": -1.60602474213, "var": 52.3854141235}, "barkbands_skewness": {"dmean": 0.555464923382, "dmean2": 0.832427561283, "dvar": 0.244467124343, "dvar2": 0.529545366764, "max": 8.50247478485, "mean": 1.51803147793, "median": 1.34244024754, "min": -1.15373063087, "var": 1.28526568413}, "barkbands_spread": {"dmean": 3.98292994499, "dmean2": 6.07045078278, "dvar": 14.9358778, "dvar2": 32.4494819641, "max": 81.6552963257, "mean": 17.1441898346, "median": 17.0260105133, "min": 0.725626409054, "var": 52.6295127869}, "dissonance": {"dmean": 0.0214106682688, "dmean2": 0.0368256419897, "dvar": 0.000439332594397, "dvar2": 0.00123298144899, "max": 0.500000178814, "mean": 0.468065857887, "median": 0.476089447737, "min": 0.316144704819, "var": 0.000727249134798}, "dynamic_complexity": 2.16085886955, "erbbands": {"dmean": [0.388387590647, 2.08241510391, 2.75000715256, 4.03071928024, 5.75741577148, 4.50711679459, 11.6434249878, 15.7748260498, 13.3946285248, 16.5772724152, 28.0906772614, 26.8805580139, 33.2570419312, 36.4019622803, 49.053276062, 53.4956436157, 37.7276802063, 18.2637310028, 16.8791027069, 12.9597845078, 7.65480613708, 5.59444904327, 4.62584066391, 3.85776233673, 2.56453514099, 2.01559066772, 1.43067467213, 0.60066562891, 0.17551907897, 0.105800919235, 0.0730138495564, 0.0513224899769, 0.0358144678175, 0.0240354407579, 0.0151813346893, 0.00869560614228, 0.00463198730722, 0.00341086182743, 0.0057982262224, 0.003191429656], "dmean2": [0.588107764721, 3.33429455757, 4.62049436569, 6.60058927536, 9.52431678772, 7.58156204224, 18.5590114594, 24.7181892395, 21.5967750549, 26.5838317871, 44.4554405212, 42.9512672424, 53.0042457581, 57.4401931763, 78.8275146484, 83.1994476318, 59.5449447632, 28.92304039, 25.9322929382, 19.6176929474, 11.671579361, 8.1708946228, 6.77726459503, 5.68897724152, 3.62069749832, 2.84987330437, 1.97911500931, 0.83974558115, 0.271521091461, 0.172283962369, 0.120644040406, 0.085696130991, 0.0603413060308, 0.0406278073788, 0.0256146434695, 0.0145711004734, 0.00756003009155, 0.00492319278419, 0.00744403386489, 0.00448796944693], "dvar": [0.302079617977, 8.89521884918, 12.9941883087, 53.9298019409, 139.740234375, 55.8445472717, 826.360839844, 1503.91577148, 915.35723877, 1665.4029541, 7770.84570312, 4527.86474609, 7566.33056641, 5196.16894531, 8212.078125, 6286.22363281, 3869.80908203, 784.982055664, 1464.53503418, 848.891723633, 160.30027771, 90.1166000366, 100.682830811, 121.397727966, 69.2845458984, 37.2767219543, 41.3343391418, 8.65846824646, 0.210437998176, 0.0374199226499, 0.0170071832836, 0.00786918867379, 0.00397637393326, 0.00183305237442, 0.000714780471753, 0.000220676578465, 5.34057653567e-05, 7.54765278543e-05, 0.000369011511793, 1.54917779582e-05], "dvar2": [0.699538230896, 22.6588096619, 35.8625679016, 134.701690674, 322.946228027, 148.900024414, 1784.77099609, 3229.18237305, 2140.74853516, 4097.03320312, 18250.9355469, 11075.1640625, 19198.1601562, 12547.0527344, 20917.0859375, 13814.0166016, 9464.32421875, 1936.9576416, 3321.66088867, 1959.38183594, 378.723114014, 187.665725708, 223.187789917, 287.036712646, 142.721389771, 78.8362884521, 81.3141479492, 16.7055702209, 0.445953428745, 0.0837376117706, 0.0396852232516, 0.0197648722678, 0.0100326277316, 0.00462897960097, 0.00180340535007, 0.000555038684979, 0.000131165477796, 0.000136024405947, 0.000665816885885, 2.94198525808e-05], "max": [6.54130411148, 41.2556228638, 43.6520690918, 121.092506409, 285.011413574, 157.202941895, 757.301269531, 723.712890625, 779.518371582, 939.693664551, 2500.77856445, 1427.54650879, 2088.13305664, 1691.33496094, 2246.91259766, 1272.92565918, 1328.22729492, 690.021362305, 929.227172852, 889.667602539, 232.028121948, 216.163925171, 321.020233154, 449.870574951, 329.085632324, 182.518081665, 280.087188721, 157.273956299, 16.5973472595, 6.14089488983, 3.71899414062, 1.35647535324, 0.965780377388, 0.658037483692, 0.411158442497, 0.227245286107, 0.142922729254, 0.346145302057, 0.759080648422, 0.056375220418], "mean": [0.628451108932, 3.28038096428, 4.27469491959, 6.04332685471, 8.19422149658, 6.6196436882, 16.5447597504, 22.635137558, 19.1848506927, 23.934961319, 38.2963600159, 38.7640457153, 47.9022407532, 61.9598770142, 91.802444458, 113.342384338, 70.1237335205, 34.2502059937, 28.4193210602, 22.1361198425, 13.8097963333, 9.87145709991, 7.57313919067, 6.14745283127, 4.06823778152, 2.93199419975, 1.98813271523, 0.833473443985, 0.248582363129, 0.136195272207, 0.0899966210127, 0.0577308833599, 0.0374346189201, 0.0231315921992, 0.0147332316265, 0.00920313503593, 0.00607582740486, 0.00578022189438, 0.0106325009838, 0.0115714780986], "median": [0.271168619394, 1.77724635601, 3.1032474041, 3.2004327774, 4.15458631516, 4.32945394516, 6.31897068024, 7.99795675278, 7.69492721558, 9.64240455627, 11.0674991608, 15.6883535385, 19.7165584564, 31.4839191437, 56.422908783, 64.5308074951, 44.0055007935, 22.7092208862, 11.2700634003, 8.70977783203, 7.59591245651, 5.07248067856, 3.35584115982, 2.46101355553, 1.44234323502, 0.868149459362, 0.538665354252, 0.27203938365, 0.1128436625, 0.0652777031064, 0.0429498590529, 0.0267668608576, 0.0162175484002, 0.00865354854614, 0.00565905030817, 0.00421663140878, 0.00344729842618, 0.00306948204525, 0.00497236009687, 0.00978155620396], "min": [1.12146326947e-10, 1.33404765013e-09, 8.04559618928e-09, 2.40355380043e-08, 3.65874939234e-08, 3.34674261637e-08, 3.49612925277e-08, 7.68749970348e-08, 5.05006205742e-08, 3.10132186598e-08, 4.99031571621e-08, 1.80380467896e-07, 1.53133314029e-07, 2.69667594921e-07, 1.16130301819e-07, 1.11265627822e-07, 9.6595215382e-07, 7.41357894185e-07, 4.31701288051e-08, 5.9549685183e-09, 6.39847153039e-09, 1.18059366727e-08, 6.70556090654e-08, 1.27775962255e-07, 7.48395549977e-08, 1.4960972905e-08, 2.20177138743e-08, 2.85990768845e-08, 1.59377613329e-08, 1.73784115987e-08, 1.81897519269e-08, 8.22098211728e-09, 2.40865349888e-09, 2.91020429977e-09, 2.57120502667e-09, 1.50472090343e-09, 9.56923429385e-10, 5.93513405089e-10, 1.58129495609e-10, 1.97881745712e-11], "var": [0.644028604031, 14.9708986282, 16.3487377167, 84.6894836426, 277.687896729, 66.7441177368, 1697.2512207, 2830.27001953, 1642.68334961, 2402.19580078, 12821.8994141, 6673.39257812, 9847.81542969, 9494.02148438, 14355.25, 18846.0351562, 7239.61962891, 1629.6394043, 2823.01708984, 1758.5534668, 321.268554688, 201.082336426, 186.272445679, 201.289520264, 118.647850037, 65.501083374, 73.1227722168, 14.266661644, 0.410525560379, 0.0705602318048, 0.0278793890029, 0.00868267193437, 0.00406863680109, 0.00184090028051, 0.000722997239791, 0.000229676472372, 7.05488710082e-05, 0.000184553966392, 0.000793241837528, 5.68506184209e-05]}, "erbbands_crest": {"dmean": 2.81114196777, "dmean2": 4.54506254196, "dvar": 6.24936962128, "dvar2": 15.4971446991, "max": 27.4278411865, "mean": 10.2330741882, "median": 9.29744911194, "min": 3.05524635315, "var": 17.5481300354}, "erbbands_flatness_db": {"dmean": 0.0246695056558, "dmean2": 0.0380368754268, "dvar": 0.000396634597564, "dvar2": 0.000929856847506, "max": 0.331010460854, "mean": 0.193560957909, "median": 0.19263009727, "min": 0.0859636515379, "var": 0.00144415732939}, "erbbands_kurtosis": {"dmean": 1.26096940041, "dmean2": 1.96726167202, "dvar": 2.06088829041, "dvar2": 4.69105672836, "max": 30.0579605103, "mean": 1.71132838726, "median": 0.976997852325, "min": -1.47275745869, "var": 6.86512470245}, "erbbands_skewness": {"dmean": 0.383759856224, "dmean2": 0.596551239491, "dvar": 0.104220747948, "dvar2": 0.239005073905, "max": 2.3603041172, "mean": -0.415035814047, "median": -0.370485931635, "min": -4.31073045731, "var": 0.558432340622}, "erbbands_spread": {"dmean": 4.24105358124, "dmean2": 6.4737033844, "dvar": 14.4684028625, "dvar2": 32.4868278503, "max": 59.0541877747, "mean": 18.1531124115, "median": 17.0187206268, "min": 2.48185896873, "var": 61.3235015869}, "gfcc": {"cov": [[2298.62304688, -290.163391113, -308.857086182, 246.136901855, 0.78459751606, -153.675598145, -29.9414672852, 118.969024658, -16.9613666534, 91.5357589722, -24.6602458954, -20.5826358795, 46.5525856018], [-290.163391113, 557.237976074, 138.688934326, -113.133651733, 138.692733765, 17.6067810059, 56.1755332947, -27.3659648895, 46.5469741821, -45.2658920288, 43.2564353943, -3.33706736565, 31.5626010895], [-308.857086182, 138.688934326, 470.119689941, 72.3946838379, -14.0743570328, 220.213058472, -26.2512779236, 46.1330604553, -58.58934021, -6.94936704636, 14.3812942505, 21.6187763214, 3.99381947517], [246.136901855, -113.133651733, 72.3946838379, 258.293792725, 49.654964447, -31.787355423, 62.5243339539, 19.4768562317, -21.2052402496, 20.1780223846, -4.16366910934, -3.84554386139, -7.01859855652], [0.78459751606, 138.692733765, -14.0743570328, 49.654964447, 205.503540039, 12.6855220795, 90.5317764282, -39.2672271729, -2.05911707878, -31.3569602966, 28.826997757, 4.50698757172, 21.8005027771], [-153.675598145, 17.6067810059, 220.213058472, -31.787355423, 12.6855220795, 273.608764648, -18.572177887, 47.3860015869, -37.7390594482, -3.03017497063, 8.24805736542, 26.8010139465, 18.2227783203], [-29.9414672852, 56.1755332947, -26.2512779236, 62.5243339539, 90.5317764282, -18.572177887, 160.59236145, 2.21505832672, 27.7578239441, -9.92261695862, 10.9895811081, 0.274462968111, 1.82728350163], [118.969024658, -27.3659648895, 46.1330604553, 19.4768562317, -39.2672271729, 47.3860015869, 2.21505832672, 113.718757629, 42.882522583, 34.734249115, -13.1228170395, -6.33874464035, 1.85563540459], [-16.9613666534, 46.5469741821, -58.58934021, -21.2052402496, -2.05911707878, -37.7390594482, 27.7578239441, 42.882522583, 115.28301239, 51.2870445251, 4.06575536728, -3.65504479408, -6.6236371994], [91.5357589722, -45.2658920288, -6.94936704636, 20.1780223846, -31.3569602966, -3.03017497063, -9.92261695862, 34.734249115, 51.2870445251, 79.2492980957, 22.4807701111, 5.55521059036, -2.58038258553], [-24.6602458954, 43.2564353943, 14.3812942505, -4.16366910934, 28.826997757, 8.24805736542, 10.9895811081, -13.1228170395, 4.06575536728, 22.4807701111, 64.0525054932, 39.3927383423, 14.1525602341], [-20.5826358795, -3.33706736565, 21.6187763214, -3.84554386139, 4.50698757172, 26.8010139465, 0.274462968111, -6.33874464035, -3.65504479408, 5.55521059036, 39.3927383423, 66.9190979004, 33.2416915894], [46.5525856018, 31.5626010895, 3.99381947517, -7.01859855652, 21.8005027771, 18.2227783203, 1.82728350163, 1.85563540459, -6.6236371994, -2.58038258553, 14.1525602341, 33.2416915894, 59.7055549622]], "icov": [[0.000829356198665, -0.000584593391977, 0.00137129845098, -0.00124998018146, -9.81160792435e-06, -0.000192242470803, 0.00064705114346, -0.00144315324724, 0.00172949407715, -0.00143318716437, 0.000624819542281, -0.000349786045263, -0.000312407326419], [-0.000584593391977, 0.00700008217245, -0.00620034523308, 0.00567740574479, -0.00401093624532, 0.00378226977773, -0.00118205917533, 0.0013155695051, -0.00648750551045, 0.00580060295761, -0.00584840867668, 0.006161081139, -0.00437008216977], [0.00137129845098, -0.00620034523308, 0.0110416235402, -0.0087596764788, 0.00514538073912, -0.00749545451254, 0.00265217525885, -0.00257781613618, 0.00578697491437, -0.002465701662, 0.00111240928527, -0.00310727744363, 0.00284985266626], [-0.00124998018146, 0.00567740574479, -0.0087596764788, 0.0142177650705, -0.00768796959892, 0.00795504637063, -0.00473282579333, -0.000896351237316, 0.00153340213001, -0.00460352329537, 0.00378897320479, -0.00121762568597, 0.000533445447218], [-9.81160792435e-06, -0.00401093624532, 0.00514538073912, -0.00768796959892, 0.0146680390462, -0.00689270766452, -0.0022208201699, 0.00467775948346, -0.00341689866036, 0.00744453724474, -0.00862378347665, 0.00610892940313, -0.00386378983967], [-0.000192242470803, 0.00378226977773, -0.00749545451254, 0.00795504637063, -0.00689270766452, 0.0118615459651, -0.00139769667294, -0.00433431426063, 0.0032360877376, -0.003758643521, 0.00365121010691, -0.00324308499694, -0.000202350638574], [0.00064705114346, -0.00118205917533, 0.00265217525885, -0.00473282579333, -0.0022208201699, -0.00139769667294, 0.0110785607249, -0.00199067429639, -0.00302536669187, 0.00399509770796, -0.00236937077716, 1.95561497094e-05, 0.000734681787435], [-0.00144315324724, 0.0013155695051, -0.00257781613618, -0.000896351237316, 0.00467775948346, -0.00433431426063, -0.00199067429639, 0.0190733522177, -0.0113507974893, 0.00253419904038, -0.000771061633714, 0.00546184275299, -0.0044280430302], [0.00172949407715, -0.00648750551045, 0.00578697491437, 0.00153340213001, -0.00341689866036, 0.0032360877376, -0.00302536669187, -0.0113507974893, 0.0319612659514, -0.0265165511519, 0.0173025336117, -0.0143429515883, 0.00886344444007], [-0.00143318716437, 0.00580060295761, -0.002465701662, -0.00460352329537, 0.00744453724474, -0.003758643521, 0.00399509770796, 0.00253419904038, -0.0265165511519, 0.0451554097235, -0.0311883799732, 0.0188344568014, -0.00818085111678], [0.000624819542281, -0.00584840867668, 0.00111240928527, 0.00378897320479, -0.00862378347665, 0.00365121010691, -0.00236937077716, -0.000771061633714, 0.0173025336117, -0.0311883799732, 0.051601447165, -0.0342425815761, 0.0125113818794], [-0.000349786045263, 0.006161081139, -0.00310727744363, -0.00121762568597, 0.00610892940313, -0.00324308499694, 1.95561497094e-05, 0.00546184275299, -0.0143429515883, 0.0188344568014, -0.0342425815761, 0.0467179939151, -0.0230017192662], [-0.000312407326419, -0.00437008216977, 0.00284985266626, 0.000533445447218, -0.00386378983967, -0.000202350638574, 0.000734681787435, -0.0044280430302, 0.00886344444007, -0.00818085111678, 0.0125113818794, -0.0230017192662, 0.0312328990549]], "mean": [-7.65789985657, 134.079971313, -99.6176605225, -21.5058670044, -2.99318122864, -4.56454563141, 4.07060098648, -12.4161529541, -8.20402240753, -9.42216300964, 3.72076702118, -4.48270273209, -1.61472392082]}, "hfc": {"dmean": 21.5837688446, "dmean2": 32.5399780273, "dvar": 456.693756104, "dvar2": 1038, "max": 347.763336182, "mean": 106.028686523, "median": 102.16619873, "min": 1.48223634255e-07, "var": 2320.60009766}, "melbands": {"dmean": [0.00314206304029, 0.00183406984434, 0.000715382630005, 0.000352723087417, 0.000349499576259, 0.000352756120265, 0.000196399836568, 0.000202263618121, 0.000219538997044, 0.000178506859811, 0.000172520507476, 0.000150004620082, 0.000176125045982, 0.00016006277292, 0.000122283920064, 6.57564378344e-05, 3.24762404489e-05, 2.78423631244e-05, 2.57003812294e-05, 1.23742793221e-05, 9.32176226343e-06, 6.85758232066e-06, 4.38466395281e-06, 4.0822592382e-06, 3.26257850247e-06, 2.21145137402e-06, 1.70725354565e-06, 1.30437376811e-06, 9.91708702713e-07, 6.0604668306e-07, 2.72574283144e-07, 1.03666970119e-07, 6.59946550741e-08, 5.69191449529e-08, 4.31751132624e-08, 3.5825539868e-08, 2.98842266488e-08, 2.56908077034e-08, 2.21803304612e-08, 1.96343581393e-08], "dmean2": [0.00481679383665, 0.00300842616707, 0.00116373144556, 0.000578383915126, 0.000560437270906, 0.000550197961275, 0.000316763209412, 0.000322743027937, 0.000346819142578, 0.000286249211058, 0.000275230879197, 0.000237140629906, 0.000285488000372, 0.000252738653217, 0.000189550366485, 0.000104677485069, 5.2382631111e-05, 4.36783884652e-05, 3.96840368921e-05, 1.92002407857e-05, 1.44672221722e-05, 1.03072225102e-05, 6.62538332108e-06, 6.099129223e-06, 4.95244148624e-06, 3.23498352373e-06, 2.48619858212e-06, 1.88988474292e-06, 1.4136627442e-06, 8.56347185163e-07, 4.05679088544e-07, 1.64758944265e-07, 1.0701405273e-07, 9.36718436151e-08, 7.14521846135e-08, 5.97182605588e-08, 5.01067702885e-08, 4.32438014286e-08, 3.744964161e-08, 3.31979883583e-08], "dvar": [1.91480994545e-05, 6.11153700447e-06, 1.55616487518e-06, 3.91719737536e-07, 6.33416959772e-07, 6.78612423144e-07, 1.86486644793e-07, 3.06418002083e-07, 4.01514739679e-07, 2.0027071912e-07, 1.93815878902e-07, 9.10007287303e-08, 1.16454778265e-07, 6.60843610945e-08, 3.70892827561e-08, 1.08741886606e-08, 2.90572499395e-09, 3.98448030126e-09, 3.93954247002e-09, 5.34168487221e-10, 2.54836957092e-10, 1.38104055969e-10, 9.60207260925e-11, 8.76810221651e-11, 8.83985731837e-11, 6.72476657693e-11, 2.40771187709e-11, 1.63084181576e-11, 1.84103062656e-11, 1.02625113269e-11, 2.07107248018e-12, 7.69782932601e-14, 1.49905587075e-14, 1.15632982315e-14, 6.10326329067e-15, 3.94686097905e-15, 2.67846005724e-15, 2.02431218218e-15, 1.55324126719e-15, 1.22218722773e-15], "dvar2": [4.56490270153e-05, 1.62773849297e-05, 3.88751504943e-06, 9.17206307349e-07, 1.39507733365e-06, 1.45027183862e-06, 4.34383963466e-07, 7.44096553262e-07, 9.48066485762e-07, 4.8973072353e-07, 4.91237926781e-07, 2.19793946599e-07, 3.04031459564e-07, 1.54326471602e-07, 8.59484572402e-08, 2.64651056625e-08, 7.30494420509e-09, 9.17189346694e-09, 9.55201873154e-09, 1.197878019e-09, 6.19438944582e-10, 2.99607672005e-10, 2.22016474649e-10, 2.02852276643e-10, 2.14992884606e-10, 1.4395090675e-10, 5.21440841894e-11, 3.54523875534e-11, 3.89999213479e-11, 1.84147662396e-11, 4.72579831171e-12, 1.74154337869e-13, 3.44093311244e-14, 2.71024454507e-14, 1.40426509125e-14, 9.68687037864e-15, 6.75202530673e-15, 5.11039286924e-15, 3.92172485282e-15, 3.08694635473e-15], "max": [0.0566092282534, 0.0320859439671, 0.0180679559708, 0.0171203855425, 0.0196304749697, 0.0142043605447, 0.0104544786736, 0.0116274310276, 0.0172450654209, 0.0104907024652, 0.0101013332605, 0.00635540997609, 0.0066710296087, 0.00613799598068, 0.00289859669283, 0.00197537709028, 0.00139395345468, 0.0015066099586, 0.00180821807589, 0.000468541227747, 0.000281995511614, 0.000247767282417, 0.000279226340353, 0.000324233114952, 0.000372780283215, 0.000380274374038, 0.000159719755175, 0.000109132459329, 0.000153105662321, 0.000161527234013, 7.16598151485e-05, 1.10212822619e-05, 3.38152563018e-06, 3.47758395947e-06, 2.1470223146e-06, 1.3821261291e-06, 8.01639487236e-07, 6.92458627327e-07, 6.04629974532e-07, 5.37693665592e-07], "mean": [0.00550365820527, 0.003051772248, 0.00112410914153, 0.000527638185304, 0.00051153806271, 0.000515000429004, 0.00028590488364, 0.000280142325209, 0.000302190455841, 0.000250032491749, 0.000240277164266, 0.000243327449425, 0.000297488149954, 0.000317752157571, 0.000240141802351, 0.000113811096526, 5.57081402803e-05, 4.40912081103e-05, 3.99832861149e-05, 2.03472900466e-05, 1.55792185978e-05, 1.12424922918e-05, 6.89297576173e-06, 6.315936389e-06, 4.91272248837e-06, 3.36223615705e-06, 2.4699925234e-06, 1.78934533324e-06, 1.33960179483e-06, 8.30169483379e-07, 3.58990547511e-07, 1.42238889111e-07, 8.50268762065e-08, 7.04082196989e-08, 5.31496731071e-08, 4.17957899401e-08, 3.25519842193e-08, 2.70602598107e-08, 2.18243432215e-08, 1.86517752354e-08], "median": [0.00284723308869, 0.00217444985174, 0.000614679243881, 0.000323252286762, 0.000214804735151, 0.00018358748639, 0.000119528784126, 0.000100154342363, 9.1283058282e-05, 9.94367874227e-05, 9.48986271396e-05, 0.000116103561595, 0.000174503948074, 0.00017677048163, 0.000129544583615, 7.21610267647e-05, 3.36128941854e-05, 1.67142752616e-05, 1.31808665174e-05, 9.18599562283e-06, 8.27006806503e-06, 5.55766791877e-06, 2.88465412268e-06, 2.63975266535e-06, 1.83738256965e-06, 1.16800924843e-06, 7.43850080198e-07, 5.0099214377e-07, 3.45564501458e-07, 2.2731676097e-07, 1.22878290654e-07, 6.40478816649e-08, 4.06275475484e-08, 3.28772244984e-08, 2.50825458181e-08, 1.9706931198e-08, 1.46887915164e-08, 1.18762422119e-08, 8.53751291885e-09, 6.86738266253e-09], "min": [1.23126725829e-12, 3.42585291732e-12, 4.58907217782e-12, 2.59533822385e-12, 1.25536939784e-12, 1.68154390152e-12, 7.03542367593e-13, 3.50431923063e-13, 4.25787741653e-13, 1.24769476435e-12, 7.28457441937e-13, 1.05890816948e-12, 6.02045106476e-13, 8.69069898511e-14, 8.26989410112e-13, 2.84885223051e-12, 1.11580243742e-12, 3.21636739865e-14, 3.01895650236e-15, 8.89274565037e-15, 7.34881380467e-15, 1.05324879338e-14, 1.89482659435e-14, 1.130359505e-13, 1.01968319855e-13, 7.91590168523e-14, 1.47524120063e-14, 8.56457120529e-15, 1.30950175562e-14, 2.16881413951e-14, 1.25810074706e-14, 6.41818802288e-15, 1.03634582741e-14, 1.10864669631e-14, 9.34282592426e-15, 1.04112563433e-14, 3.24618029024e-15, 1.52982747659e-15, 1.67929734568e-15, 2.73818435035e-15], "var": [4.23551391577e-05, 8.74913894222e-06, 2.74393551081e-06, 7.19997217402e-07, 1.31646334012e-06, 1.33051662488e-06, 3.38499233976e-07, 4.37677954324e-07, 6.88599584464e-07, 2.96918102549e-07, 2.5275701887e-07, 1.63319555213e-07, 1.77246874955e-07, 1.7508253336e-07, 9.4940638462e-08, 1.90010371881e-08, 5.61771251739e-09, 7.21652115843e-09, 7.3387171895e-09, 1.04221564712e-09, 4.68234451212e-10, 2.7503022082e-10, 1.64988897544e-10, 1.48609208273e-10, 1.3984370606e-10, 1.04384390021e-10, 3.90003619677e-11, 2.68255695435e-11, 3.0855113603e-11, 1.87086353354e-11, 2.56170844086e-12, 1.42623651604e-13, 2.59575584497e-14, 1.98168287742e-14, 1.04207016077e-14, 5.07338303516e-15, 2.82638440884e-15, 2.07965180924e-15, 1.56692211984e-15, 1.22567933281e-15]}, "melbands_crest": {"dmean": 3.76925230026, "dmean2": 5.99336242676, "dvar": 9.52073097229, "dvar2": 23.7675457001, "max": 33.1471252441, "mean": 15.903011322, "median": 15.1774044037, "min": 3.40204524994, "var": 40.2161102295}, "melbands_flatness_db": {"dmean": 0.0345534943044, "dmean2": 0.0535216554999, "dvar": 0.000805054616649, "dvar2": 0.00195238739252, "max": 0.539052665234, "mean": 0.289852797985, "median": 0.283673644066, "min": 0.123621888459, "var": 0.00379077601247}, "melbands_kurtosis": {"dmean": 4.08496999741, "dmean2": 6.1706609726, "dvar": 34.8462600708, "dvar2": 71.1723937988, "max": 150.583221436, "mean": 6.18249845505, "median": 2.63834667206, "min": -1.83862435818, "var": 107.078125}, "melbands_skewness": {"dmean": 0.694540321827, "dmean2": 1.04313790798, "dvar": 0.370533794165, "dvar2": 0.82054746151, "max": 9.37197589874, "mean": 1.97677719593, "median": 1.73731482029, "min": -0.872781813145, "var": 2.02578902245}, "melbands_spread": {"dmean": 4.98941278458, "dmean2": 7.66361999512, "dvar": 23.6682395935, "dvar2": 53.8326873779, "max": 122.938957214, "mean": 18.2637557983, "median": 17.5124378204, "min": 0.568192005157, "var": 84.285446167}, "mfcc": {"cov": [[2448.67456055, -444.773162842, -400.07711792, 295.54977417, -68.3451919556, -148.318481445, -46.223575592, -98.0171051025, 50.1118927002, 75.0836410522, -13.8431987762, -10.3690891266, -16.6495552063], [-444.773162842, 634.693481445, 28.394525528, -101.702514648, 77.2229309082, 39.4197387695, 26.0927276611, 44.0312652588, 6.64678049088, -20.1152648926, -3.25494480133, 10.8054237366, 33.1996650696], [-400.07711792, 28.394525528, 520.32635498, -95.5482940674, 89.3589401245, 61.391708374, 58.293964386, 52.9036026001, 10.1857042313, -29.9685306549, 31.345243454, 7.64729356766, 27.7484359741], [295.54977417, -101.702514648, -95.5482940674, 342.82711792, -28.7984752655, -10.1138277054, 34.9018173218, -13.3830451965, 8.29875946045, 30.499830246, -10.1764154434, 24.8674068451, -24.5667095184], [-68.3451919556, 77.2229309082, 89.3589401245, -28.7984752655, 130.622665405, 61.1635169983, 45.4381637573, 25.2130222321, 0.231289759278, -24.8344612122, -2.17138028145, 0.937344253063, 20.4490528107], [-148.318481445, 39.4197387695, 61.391708374, -10.1138277054, 61.1635169983, 126.818778992, 82.7929458618, 38.0800819397, -0.85506182909, -22.5983867645, -9.03777980804, 13.1765823364, 13.6129589081], [-46.223575592, 26.0927276611, 58.293964386, 34.9018173218, 45.4381637573, 82.7929458618, 136.202423096, 58.1088066101, 3.10906839371, -26.2604980469, -21.526102066, 8.16126251221, 9.76162719727], [-98.0171051025, 44.0312652588, 52.9036026001, -13.3830451965, 25.2130222321, 38.0800819397, 58.1088066101, 84.1561126709, 33.8970031738, -7.907725811, -0.690120339394, 12.8647937775, 9.69399929047], [50.1118927002, 6.64678049088, 10.1857042313, 8.29875946045, 0.231289759278, -0.85506182909, 3.10906839371, 33.8970031738, 80.0679550171, 46.6638259888, 11.9350614548, 11.1237325668, 0.979787886143], [75.0836410522, -20.1152648926, -29.9685306549, 30.499830246, -24.8344612122, -22.5983867645, -26.2604980469, -7.907725811, 46.6638259888, 94.8118209839, 44.8360176086, -5.86980867386, -10.7465629578], [-13.8431987762, -3.25494480133, 31.345243454, -10.1764154434, -2.17138028145, -9.03777980804, -21.526102066, -0.690120339394, 11.9350614548, 44.8360176086, 73.0327148438, 26.824256897, -1.32634210587], [-10.3690891266, 10.8054237366, 7.64729356766, 24.8674068451, 0.937344253063, 13.1765823364, 8.16126251221, 12.8647937775, 11.1237325668, -5.86980867386, 26.824256897, 75.114074707, 22.9561672211], [-16.6495552063, 33.1996650696, 27.7484359741, -24.5667095184, 20.4490528107, 13.6129589081, 9.76162719727, 9.69399929047, 0.979787886143, -10.7465629578, -1.32634210587, 22.9561672211, 53.5496635437]], "icov": [[0.000670591078233, 0.000410064967582, 0.000511575490236, -0.000354420830263, -0.000442684307927, 0.000825232942589, -0.0006650473224, 0.000938422803301, -0.00119290780276, 0.000649776309729, -0.000629204325378, 0.000521879643202, -0.000649884575978], [0.000410064967582, 0.00209428812377, 0.000509894103743, 0.000318964273902, -0.00134608882945, 0.000624974956736, -0.000258777959971, -0.000412421417423, -0.000186603196198, -0.000231909070862, 0.000196293520276, -0.000226751624723, -0.000752875581384], [0.000511575490236, 0.000509894103743, 0.00305262580514, 2.75270522252e-05, -0.00120769150089, 0.00044912044541, -0.00133912253659, 0.000621087441687, -0.00249358429573, 0.00315759866498, -0.00390445091762, 0.00214775721543, -0.00158568809275], [-0.000354420830263, 0.000318964273902, 2.75270522252e-05, 0.00468416884542, -0.000524477683939, 0.00109595293179, -0.00221960153431, 0.000244392518653, 0.00262080319226, -0.0050540631637, 0.0046680602245, -0.00510945543647, 0.00335253891535], [-0.000442684307927, -0.00134608882945, -0.00120769150089, -0.000524477683939, 0.0128868576139, -0.00529287895188, -0.000461934192572, 0.00119534158148, -0.00323124672286, 0.00575677957386, -0.00494435243309, 0.00483905291185, -0.0036081855651], [0.000825232942589, 0.000624974956736, 0.00044912044541, 0.00109595293179, -0.00529287895188, 0.0168594010174, -0.00902275554836, 0.000649381487165, 0.000906035420485, -0.00199330528267, 0.0017898195656, -0.00349759496748, 0.000528825796209], [-0.0006650473224, -0.000258777959971, -0.00133912253659, -0.00221960153431, -0.000461934192572, -0.00902275554836, 0.0191354490817, -0.0115595804527, 0.00568114919588, -0.0025611105375, 0.00550913251936, -0.000887189409696, 0.000602633401286], [0.000938422803301, -0.000412421417423, 0.000621087441687, 0.000244392518653, 0.00119534158148, 0.000649381487165, -0.0115595804527, 0.0284410789609, -0.0186653379351, 0.0124545693398, -0.00923884939402, 0.00409150263295, -0.00246709329076], [-0.00119290780276, -0.000186603196198, -0.00249358429573, 0.00262080319226, -0.00323124672286, 0.000906035420485, 0.00568114919588, -0.0186653379351, 0.0372922606766, -0.0296985749155, 0.0205932017416, -0.0153297716752, 0.00602558953688], [0.000649776309729, -0.000231909070862, 0.00315759866498, -0.0050540631637, 0.00575677957386, -0.00199330528267, -0.0025611105375, 0.0124545693398, -0.0296985749155, 0.0450562722981, -0.0338018201292, 0.0223026201129, -0.00790106318891], [-0.000629204325378, 0.000196293520276, -0.00390445091762, 0.0046680602245, -0.00494435243309, 0.0017898195656, 0.00550913251936, -0.00923884939402, 0.0205932017416, -0.0338018201292, 0.0444216020405, -0.0253769494593, 0.0107675697654], [0.000521879643202, -0.000226751624723, 0.00214775721543, -0.00510945543647, 0.00483905291185, -0.00349759496748, -0.000887189409696, 0.00409150263295, -0.0153297716752, 0.0223026201129, -0.0253769494593, 0.0323220081627, -0.0144202187657], [-0.000649884575978, -0.000752875581384, -0.00158568809275, 0.00335253891535, -0.0036081855651, 0.000528825796209, 0.000602633401286, -0.00246709329076, 0.00602558953688, -0.00790106318891, 0.0107675697654, -0.0144202187657, 0.0276314690709]], "mean": [-674.034240723, 202.21774292, -28.9622306824, 10.823923111, 4.16423845291, 15.5298566818, 17.1563091278, 9.19271183014, 0.257892459631, 1.00263738632, -0.733923971653, 7.26491117477, 3.78450322151]}, "pitch_salience": {"dmean": 0.0784792974591, "dmean2": 0.126621380448, "dvar": 0.00418961374089, "dvar2": 0.0105892792344, "max": 0.87169444561, "mean": 0.549610674381, "median": 0.566225171089, "min": 0.140950620174, "var": 0.0156680904329}, "silence_rate_20dB": {"dmean": 0, "dmean2": 0, "dvar": 0, "dvar2": 0, "max": 1, "mean": 1, "median": 1, "min": 1, "var": 0}, "silence_rate_30dB": {"dmean": 0.0416666679084, "dmean2": 0.0833479240537, "dvar": 0.039933219552, "dvar2": 0.094969317317, "max": 1, "mean": 0.95291441679, "median": 1, "min": 0, "var": 0.0448658615351}, "silence_rate_60dB": {"dmean": 0.00420168088749, "dmean2": 0.00840483233333, "dvar": 0.00418447097763, "dvar2": 0.00973494537175, "max": 1, "mean": 0.0129529144615, "median": 0, "min": 0, "var": 0.0127852009609}, "spectral_centroid": {"dmean": 151.861831665, "dmean2": 224.095932007, "dvar": 29896.9238281, "dvar2": 58464.4648438, "max": 3728.21801758, "mean": 892.445556641, "median": 848.881652832, "min": 198.14704895, "var": 112984.351562}, "spectral_complexity": {"dmean": 3.40651249886, "dmean2": 4.9704079628, "dvar": 10.4253911972, "dvar2": 18.7670116425, "max": 56, "mean": 20.5608253479, "median": 20, "min": 0, "var": 44.9823455811}, "spectral_contrast_coeffs": {"dmean": [0.0501069016755, 0.0511053428054, 0.0382021293044, 0.0324322506785, 0.024612640962, 0.0352299101651], "dmean2": [0.0832750797272, 0.0843001753092, 0.0630421116948, 0.0535098351538, 0.0394471921027, 0.0547542832792], "dvar": [0.00159106764477, 0.00166746601462, 0.000924128340557, 0.000631671980955, 0.000402519712225, 0.00102380814496], "dvar2": [0.00437112292275, 0.00444249343127, 0.00251593580469, 0.00165646336973, 0.00100592162926, 0.00228669820353], "max": [-0.38932967186, -0.453971505165, -0.561676859856, -0.60798060894, -0.661073744297, -0.465070039034], "mean": [-0.708019971848, -0.768803715706, -0.788746118546, -0.775950372219, -0.811983883381, -0.792719423771], "median": [-0.715943098068, -0.781564116478, -0.795079171658, -0.779441714287, -0.813903093338, -0.806722939014], "min": [-0.89490288496, -0.943051457405, -0.908787965775, -0.939498245716, -0.954296886921, -0.904951930046], "var": [0.00419648410752, 0.00462581543252, 0.00249443366192, 0.00176297093276, 0.00131815660279, 0.0031329577323]}, "spectral_contrast_valleys": {"dmean": [0.386756271124, 0.360028356314, 0.292543500662, 0.291348397732, 0.360752314329, 0.656013011932], "dmean2": [0.62866294384, 0.580019712448, 0.462944567204, 0.433193922043, 0.494469076395, 1.04181671143], "dvar": [0.102480717003, 0.0910128131509, 0.0621093176305, 0.0719329863787, 0.111833564937, 0.273302137852], "dvar2": [0.261382043362, 0.213467627764, 0.13300538063, 0.124123334885, 0.213751614094, 0.735145270824], "max": [-5.04179525375, -4.48217725754, -4.99502277374, -5.64540338516, -5.26905965805, -9.00380802155], "mean": [-6.53272342682, -6.27091312408, -6.2893447876, -7.15189599991, -7.93124723434, -11.2784366608], "median": [-6.43969917297, -6.24723339081, -6.2639298439, -7.12671613693, -7.91441822052, -11.2961978912], "min": [-15.3051700592, -15.2863988876, -16.0260639191, -17.4891815186, -16.8191223145, -18.9612483978], "var": [0.468180865049, 0.285173982382, 0.227056637406, 0.347227185965, 0.51657730341, 0.588349163532]}, "spectral_decrease": {"dmean": 4.22791401888e-09, "dmean2": 6.50072395914e-09, "dvar": 2.4868253711e-17, "dvar2": 5.98417064358e-17, "max": -2.5044115618e-17, "mean": -1.07809112748e-08, "median": -9.29603771738e-09, "min": -6.5624284673e-08, "var": 6.25527280277e-17}, "spectral_energy": {"dmean": 0.0166009217501, "dmean2": 0.0252866242081, "dvar": 0.000374542782083, "dvar2": 0.000888703623787, "max": 0.264420092106, "mean": 0.050306674093, "median": 0.0450047217309, "min": 1.07966725837e-10, "var": 0.00101425463799}, "spectral_energyband_high": {"dmean": 9.90347543848e-05, "dmean2": 0.000130398882902, "dvar": 7.35410807806e-08, "dvar2": 1.38653334147e-07, "max": 0.0108312284574, "mean": 0.000186936071259, "median": 0.000105270526547, "min": 4.07960384224e-12, "var": 1.54240353822e-07}, "spectral_energyband_low": {"dmean": 0.0126321576536, "dmean2": 0.0197058059275, "dvar": 0.000271179422271, "dvar2": 0.000667157466523, "max": 0.231465548277, "mean": 0.0249739587307, "median": 0.0167188122869, "min": 1.91686562456e-11, "var": 0.000602168729529}, "spectral_energyband_middle_high": {"dmean": 0.00331791071221, "dmean2": 0.00479635689408, "dvar": 1.97575027414e-05, "dvar2": 4.14752430515e-05, "max": 0.0787745192647, "mean": 0.00937272142619, "median": 0.00676276255399, "min": 4.71761345266e-11, "var": 7.20238022041e-05}, "spectral_energyband_middle_low": {"dmean": 0.00570037169382, "dmean2": 0.00884589087218, "dvar": 6.77407879266e-05, "dvar2": 0.000154339810251, "max": 0.132236495614, "mean": 0.0125816399232, "median": 0.00764329917729, "min": 4.16390116831e-11, "var": 0.000176834102604}, "spectral_entropy": {"dmean": 0.179972335696, "dmean2": 0.273692369461, "dvar": 0.0250212531537, "dvar2": 0.059209652245, "max": 8.06132602692, "mean": 7.22211837769, "median": 7.22031450272, "min": 6.12841939926, "var": 0.0837049484253}, "spectral_flux": {"dmean": 0.0294730216265, "dmean2": 0.0470348447561, "dvar": 0.00094595894916, "dvar2": 0.00215173396282, "max": 0.382985204458, "mean": 0.114924304187, "median": 0.107502654195, "min": 0.00476171821356, "var": 0.00228558829986}, "spectral_kurtosis": {"dmean": 8.9203119278, "dmean2": 13.9801292419, "dvar": 75.4207763672, "dvar2": 191.197769165, "max": 87.4025192261, "mean": 30.6732368469, "median": 27.6943244934, "min": 6.0859375, "var": 175.893753052}, "spectral_rms": {"dmean": 0.00110497395508, "dmean2": 0.00165429583285, "dvar": 1.21399614272e-06, "dvar2": 2.76230662166e-06, "max": 0.0160614699125, "mean": 0.00664470531046, "median": 0.00662623904645, "min": 3.24551052699e-07, "var": 4.9275395213e-06}, "spectral_rolloff": {"dmean": 3187.02978516, "dmean2": 6141.71582031, "dvar": 45141812, "dvar2": 109721112, "max": 21985.4003906, "mean": 5721.07421875, "median": 1335.05859375, "min": 86.1328125, "var": 69477392}, "spectral_skewness": {"dmean": 0.567769706249, "dmean2": 0.859249413013, "dvar": 0.28314140439, "dvar2": 0.688292503357, "max": 6.87442064285, "mean": 3.8099770546, "median": 3.67262983322, "min": 1.35959470272, "var": 0.943739950657}, "spectral_spread": {"dmean": 474710, "dmean2": 765582.1875, "dvar": 202563829760, "dvar2": 524717391872, "max": 8748326, "mean": 2807886.25, "median": 2745651.25, "min": 1367292.375, "var": 387620667392}, "spectral_strongpeak": {"dmean": 0.6571515