{"lowlevel": {"average_loudness": 0.832668662071, "barkbands": {"dmean": [8.06051539257e-05, 0.00296331988648, 0.00128942867741, 0.00130918354262, 0.00110839109402, 0.00058158201864, 0.000622676976491, 0.000554869417101, 0.000496860651765, 0.000747516867705, 0.000452775682788, 0.000627102679573, 0.000302520988043, 0.000414156675106, 0.000517929845955, 0.000393610884203, 0.000615726807155, 0.000355946074706, 0.000141645068652, 9.24148989725e-05, 4.9407404731e-05, 3.55198535544e-05, 2.80691710941e-05, 2.41724756052e-05, 1.33833282234e-05, 2.3917029921e-06, 1.76988265821e-07], "dmean2": [0.000123749530758, 0.00508253835142, 0.00226914673112, 0.00220023002476, 0.0018798437668, 0.000925507920329, 0.000983360805549, 0.000868346076459, 0.000783858413342, 0.001149900374, 0.000712227658369, 0.00098795176018, 0.000484348856844, 0.000645801948849, 0.000830721168313, 0.000627052038908, 0.00100758380722, 0.000570242176764, 0.000222837232286, 0.000146200298332, 7.44586504879e-05, 5.00675887452e-05, 3.82009420719e-05, 3.13873642881e-05, 1.71490737557e-05, 3.04403056361e-06, 2.19984215732e-07], "dvar": [2.15104485335e-08, 3.90868881368e-05, 6.30188878858e-06, 1.24750495161e-05, 4.89782814839e-06, 7.94525931269e-07, 1.28250815123e-06, 1.07809000838e-06, 1.51384153924e-06, 1.89326692634e-06, 1.50890355144e-06, 3.21949210047e-06, 4.82117968659e-07, 7.92712910425e-07, 9.64938067227e-07, 6.03357591444e-07, 1.66374456967e-06, 4.06172432577e-07, 8.63378701865e-08, 1.99382856891e-08, 7.13996550772e-09, 5.96499116767e-09, 6.2100382614e-09, 9.9804680076e-09, 3.35674399388e-09, 5.59451859838e-11, 8.6654912846e-14], "dvar2": [4.82996256324e-08, 0.000101821438875, 1.73598982656e-05, 3.26669614878e-05, 1.33305020427e-05, 2.06917593459e-06, 3.18751631312e-06, 2.69185602519e-06, 3.89708793591e-06, 4.51102232546e-06, 3.99077089241e-06, 7.79096353654e-06, 1.19391950193e-06, 1.84429234196e-06, 2.39777295974e-06, 1.43069439673e-06, 4.4805710786e-06, 1.04268099221e-06, 1.82147175565e-07, 4.97479035744e-08, 1.624929169e-08, 1.14936247186e-08, 1.0748654411e-08, 1.77167951421e-08, 5.56316237521e-09, 1.07836205243e-10, 1.41032151235e-13], "max": [0.00208493787795, 0.0519366338849, 0.0351637974381, 0.0427047610283, 0.0429971478879, 0.0174832511693, 0.0268234089017, 0.0230468865484, 0.035739634186, 0.0256804767996, 0.0254001952708, 0.038228996098, 0.0223164409399, 0.0343690700829, 0.0211656931788, 0.0275832619518, 0.0259407106787, 0.0174583438784, 0.0200275797397, 0.00300991768017, 0.00194435752928, 0.00219637202099, 0.00274123880081, 0.00533274980262, 0.0026404960081, 0.000334277574439, 4.89771582579e-06], "mean": [0.000104319333332, 0.00363087048754, 0.00170888728462, 0.00149815424811, 0.00181762757711, 0.00133681087755, 0.00126465864014, 0.00100413116161, 0.000832513498608, 0.00146162172314, 0.000818644708488, 0.00115902884863, 0.000504435098264, 0.000754793989472, 0.000966640014667, 0.000784009811468, 0.00135555455927, 0.000821448047645, 0.000344255851815, 0.000218073226279, 0.000104400780401, 6.61021185806e-05, 4.88329860673e-05, 4.24243262387e-05, 2.33862392633e-05, 4.01060560762e-06, 2.88377094648e-07], "median": [2.29973538808e-05, 0.00210378970951, 0.00109504489228, 0.000638222671114, 0.00119138555601, 0.000699767493643, 0.000508136756252, 0.000481587077957, 0.000313059717882, 0.000462976517156, 0.000177816138603, 0.000168039026903, 0.000206207914744, 0.000367545464542, 0.000517198466696, 0.000425810285378, 0.000557600287721, 0.000414254027419, 0.00018769595772, 0.000135602487717, 5.47647359781e-05, 2.5157660275e-05, 1.13929927466e-05, 8.50275137054e-06, 4.01205215894e-06, 7.82702841207e-07, 8.24688228818e-08], "min": [6.06725839803e-25, 2.17614459339e-24, 1.59267111903e-24, 5.10943334767e-25, 1.49284085036e-23, 1.26077753579e-23, 4.24544941566e-24, 1.04760128679e-23, 2.90844432948e-23, 1.59108842739e-23, 2.53023790579e-23, 2.15533980697e-23, 4.43634799604e-23, 3.11590717449e-23, 4.96194708453e-23, 3.55660684355e-23, 8.76263159423e-23, 1.11930628183e-22, 1.56964930214e-22, 1.77655211901e-22, 2.46986189999e-22, 3.88259591335e-22, 3.93727646964e-22, 6.64248195716e-22, 8.89866806987e-22, 1.21585654574e-21, 1.96565921836e-21], "var": [3.2678848072e-08, 3.31037372234e-05, 5.14611429026e-06, 1.00874149211e-05, 5.08762514073e-06, 2.8792642297e-06, 3.52543929694e-06, 2.37503286371e-06, 2.85386613541e-06, 5.73717716179e-06, 3.71328792426e-06, 9.13085295906e-06, 1.07294135887e-06, 1.91943763639e-06, 2.22588300858e-06, 1.67776045146e-06, 5.34329456059e-06, 1.69571910646e-06, 4.21796727323e-07, 6.94886708175e-08, 1.89056486022e-08, 1.33493083254e-08, 1.79672952072e-08, 2.92545152547e-08, 1.14110445537e-08, 1.46883796792e-10, 2.23021918316e-13]}, "barkbands_crest": {"dmean": 2.44709086418, "dmean2": 4.11069011688, "dvar": 6.50070762634, "dvar2": 17.6661720276, "max": 25.6131706238, "mean": 7.87684869766, "median": 7.0926990509, "min": 2.46700263023, "var": 10.7506570816}, "barkbands_flatness_db": {"dmean": 0.0195483472198, "dmean2": 0.0279176551849, "dvar": 0.000369899178622, "dvar2": 0.000766785291489, "max": 0.347279965878, "mean": 0.132839053869, "median": 0.127523809671, "min": 0.030557429418, "var": 0.00172665470745}, "barkbands_kurtosis": {"dmean": 1.29257333279, "dmean2": 2.08807086945, "dvar": 11.231013298, "dvar2": 26.0734291077, "max": 158.850143433, "mean": 0.585754871368, "median": -0.44396686554, "min": -1.89835822582, "var": 17.3532848358}, "barkbands_skewness": {"dmean": 0.450905114412, "dmean2": 0.689122080803, "dvar": 0.254763394594, "dvar2": 0.580381095409, "max": 12.1878423691, "mean": 0.608065903187, "median": 0.467608571053, "min": -2.71950602531, "var": 0.905158936977}, "barkbands_spread": {"dmean": 4.73333406448, "dmean2": 7.25104236603, "dvar": 25.0494403839, "dvar2": 52.9127502441, "max": 98.9579238892, "mean": 25.829875946, "median": 24.9215965271, "min": 1.03778684139, "var": 117.793144226}, "dissonance": {"dmean": 0.0147916451097, "dmean2": 0.024753479287, "dvar": 0.000237443789956, "dvar2": 0.00062952155713, "max": 0.500000059605, "mean": 0.470281451941, "median": 0.475957453251, "min": 0.23915348947, "var": 0.000548070878722}, "dynamic_complexity": 3.26290726662, "erbbands": {"dmean": [0.0683104619384, 0.741462409496, 1.52062535286, 3.30179715157, 3.93673586845, 3.51260900497, 4.61596393585, 4.58898305893, 8.71643352509, 9.73730659485, 12.350189209, 12.0175180435, 20.4340724945, 18.8030662537, 17.4785575867, 29.2874011993, 14.0295772552, 21.100894928, 22.4435806274, 23.4962768555, 24.2596969604, 24.9865245819, 21.1776103973, 9.20281410217, 6.11420917511, 4.43492650986, 2.46819162369, 1.65497815609, 1.33412384987, 1.06583881378, 0.767213404179, 0.511764109135, 0.396473586559, 0.194899603724, 0.0726472809911, 0.0181824695319, 0.00314014102332, 0.000380903598852, 3.40497826983e-05, 9.531518117e-06], "dmean2": [0.116658650339, 1.28552293777, 2.67738413811, 5.5300283432, 6.70044374466, 5.98299026489, 7.34156274796, 7.3957362175, 13.8400592804, 14.9959020615, 19.463640213, 18.7391529083, 31.026140213, 29.4036960602, 27.5430679321, 46.2874336243, 21.9712219238, 32.8217430115, 35.8296737671, 37.4800262451, 39.2863731384, 40.2982902527, 34.3022689819, 14.6713123322, 9.48248958588, 7.01747846603, 3.8058321476, 2.42682909966, 1.88079178333, 1.49400019646, 1.0498598814, 0.66908967495, 0.5261734128, 0.255724847317, 0.092713393271, 0.0229975432158, 0.00395938195288, 0.000467824924272, 4.20810974902e-05, 1.44902305692e-05], "dvar": [0.0198154449463, 2.51199245453, 8.91659069061, 72.6696014404, 86.6813583374, 53.1734542847, 63.1764183044, 60.8733024597, 244.593780518, 349.434539795, 594.69317627, 1068.1138916, 1581.04370117, 1888.97668457, 2261.97192383, 7868.32958984, 960.114135742, 2164.12402344, 1886.58178711, 2428.27172852, 2527.60864258, 2060.80078125, 1375.42712402, 336.858886719, 227.41583252, 51.6983451843, 17.6532707214, 8.38593578339, 7.68034029007, 8.3819360733, 4.74757957458, 2.99371027946, 3.77976775169, 0.768404901028, 0.103686980903, 0.00452043488622, 6.10037313891e-05, 4.79390450892e-07, 3.13274117758e-09, 1.55671586732e-10], "dvar2": [0.0514899305999, 6.64961576462, 24.6953716278, 188.027359009, 235.24949646, 145.711105347, 170.611450195, 160.88394165, 614.76171875, 796.677062988, 1531.41564941, 2698.10009766, 3520.99438477, 4841.26464844, 5911.18017578, 19273.4296875, 2366.79150391, 5054.03173828, 4671.89599609, 6075.24560547, 6355.95263672, 5270.64892578, 3585.54370117, 859.365478516, 408.510406494, 128.876220703, 41.7317581177, 17.8448352814, 14.8350372314, 16.9124164581, 7.95600938797, 5.11959028244, 7.0923871994, 1.3433573246, 0.1711897403, 0.00801341142505, 0.000118621785077, 8.06388527508e-07, 5.07274711126e-09, 3.57992302469e-10], "max": [1.15245640278, 13.3630771637, 31.2370853424, 100.745147705, 106.142173767, 212.64352417, 160.1224823, 187.443069458, 300.452911377, 562.998352051, 544.47064209, 1085.546875, 929.046569824, 907.361083984, 1037.51794434, 1953.73303223, 971.076782227, 2013.39074707, 1137.4251709, 1419.4309082, 2421.31152344, 924.387145996, 1005.05767822, 635.368103027, 1374.99230957, 196.551712036, 113.409828186, 48.7535858154, 80.5263366699, 94.6699905396, 80.3438034058, 86.6130828857, 97.5420913696, 42.3570594788, 20.9351921082, 3.14960670471, 0.26857945323, 0.0160505287349, 0.00111411174294, 0.000161768897669], "mean": [0.0787171050906, 0.895436644554, 2.0783162117, 3.93580365181, 5.45900535583, 5.46135568619, 9.17589950562, 10.1284914017, 18.0238685608, 19.1108989716, 22.9970321655, 21.7262535095, 40.5899085999, 35.8709602356, 35.0954055786, 55.8765068054, 27.5047206879, 40.351688385, 43.9413223267, 48.7772789001, 53.2787475586, 62.3331604004, 51.7957801819, 23.522808075, 15.5471353531, 10.7670526505, 5.70485258102, 3.33956217766, 2.47112011909, 1.86369550228, 1.34137415886, 0.89383071661, 0.682777225971, 0.336801081896, 0.125713795424, 0.0310993567109, 0.00517660472542, 0.000628415378742, 6.5580716182e-05, 3.0437582609e-05], "median": [0.0389942638576, 0.520268082619, 1.26488637924, 2.07240748405, 3.10666179657, 3.24745321274, 4.54784679413, 4.92211580276, 7.95550346375, 7.96941661835, 11.161980629, 9.63736629486, 13.1570653915, 10.8543710709, 8.60139465332, 7.96434307098, 11.260017395, 20.4036598206, 26.308221817, 27.3446998596, 27.8611106873, 29.0520648956, 27.0279712677, 12.8510074615, 9.23205947876, 6.67484664917, 3.26995801926, 1.66341590881, 1.00478005409, 0.487989246845, 0.309258818626, 0.189591616392, 0.120629832149, 0.0571106001735, 0.0216500349343, 0.00569470785558, 0.00109438644722, 0.000150380117702, 2.93096418318e-05, 2.70987475233e-05], "min": [1.85987577301e-22, 6.26260037156e-22, 2.24215665696e-21, 8.30025580716e-21, 1.15700038334e-20, 3.43888255077e-20, 4.30446049962e-20, 1.00549425699e-19, 1.20641772025e-19, 1.93067496337e-19, 3.41083815533e-19, 4.90367504674e-19, 7.03913950875e-19, 9.04913566449e-19, 1.45378564299e-18, 1.31772746032e-18, 2.13202246009e-18, 1.67662965098e-18, 2.29612971695e-18, 3.72660210156e-18, 4.26612817455e-18, 5.36636234808e-18, 6.64268838477e-18, 7.05484890936e-18, 6.96903222953e-18, 8.69735332756e-18, 8.77909862442e-18, 1.15709010206e-17, 1.13110438855e-17, 1.24249782379e-17, 9.59485008245e-18, 1.27753123884e-17, 1.05202327501e-17, 7.24872184696e-18, 6.81700884065e-18, 4.28478357891e-18, 2.33588484437e-18, 1.0560847525e-18, 2.66490632446e-19, 2.72926982954e-20], "var": [0.017026739195, 2.05249214172, 7.33619403839, 58.4278526306, 74.8011703491, 55.6979026794, 172.961303711, 242.373001099, 642.461242676, 979.079040527, 1290.29431152, 1993.79162598, 5222.76611328, 4558.22216797, 6312.61181641, 22087.8808594, 2731.41992188, 5472.765625, 4058.09204102, 6201.65673828, 7241.52441406, 8759.38769531, 5608.71533203, 1421.6361084, 1275.69042969, 180.938278198, 52.6632347107, 19.7109680176, 17.1086025238, 18.1614513397, 14.3740463257, 9.12327575684, 10.3420162201, 2.46570086479, 0.342041432858, 0.0130710415542, 0.000160095645697, 1.37536949296e-06, 8.68043414926e-09, 4.26312651847e-10]}, "erbbands_crest": {"dmean": 2.57967352867, "dmean2": 4.11815881729, "dvar": 6.02668333054, "dvar2": 14.8423700333, "max": 34.1966705322, "mean": 9.5114402771, "median": 8.65609359741, "min": 2.05594325066, "var": 17.3019485474}, "erbbands_flatness_db": {"dmean": 0.0218940041959, "dmean2": 0.0282340887934, "dvar": 0.000456291716546, "dvar2": 0.000717173505109, "max": 0.396126776934, "mean": 0.193830236793, "median": 0.194522410631, "min": 0.0284296553582, "var": 0.00219925516285}, "erbbands_kurtosis": {"dmean": 0.920025348663, "dmean2": 1.45683765411, "dvar": 1.72032594681, "dvar2": 4.04618215561, "max": 50.6477890015, "mean": 0.611549675465, "median": 0.0141921043396, "min": -1.76486694813, "var": 4.63578987122}, "erbbands_skewness": {"dmean": 0.333325028419, "dmean2": 0.509470164776, "dvar": 0.0935837104917, "dvar2": 0.210347980261, "max": 4.32645225525, "mean": -0.31700605154, "median": -0.31358397007, "min": -7.05713558197, "var": 0.629886984825}, "erbbands_spread": {"dmean": 5.9531788826, "dmean2": 8.90919876099, "dvar": 45.3655853271, "dvar2": 91.5977935791, "max": 136.698776245, "mean": 28.0454330444, "median": 26.1011123657, "min": 3.45614314079, "var": 181.053070068}, "gfcc": {"cov": [[13099.0361328, -229.375732422, -621.339111328, 457.109466553, -688.711242676, 428.746704102, -260.957275391, 259.940887451, -229.522323608, -34.9511413574, -243.133956909, 101.110366821, -118.354309082], [-229.375732422, 1225.17724609, -321.431915283, -166.657333374, 294.164520264, -266.325195312, 185.933654785, -115.583709717, 72.8817825317, -85.4995346069, 120.398841858, -121.62651825, 69.5592346191], [-621.339111328, -321.431915283, 855.54486084, 96.6455993652, -121.384239197, 200.141143799, -227.737060547, -18.9055595398, -5.00920295715, 50.3337173462, -40.1050224304, 44.0201911926, -69.2481765747], [457.109466553, -166.657333374, 96.6455993652, 298.79876709, 51.1970176697, -21.7749881744, -57.9764633179, 31.5538635254, 28.4322357178, 18.4856433868, -62.698890686, -0.522199451923, 3.71673488617], [-688.711242676, 294.164520264, -121.384239197, 51.1970176697, 301.79598999, -86.1798095703, 108.702064514, -11.9826364517, 44.8728866577, -17.7783508301, 7.79119491577, -53.6643981934, 38.9003334045], [428.746704102, -266.325195312, 200.141143799, -21.7749881744, -86.1798095703, 316.540771484, -6.06046676636, 31.9856014252, -55.5438919067, 11.9785194397, -3.27525377274, 44.1260375977, -41.3792724609], [-260.957275391, 185.933654785, -227.737060547, -57.9764633179, 108.702064514, -6.06046676636, 284.169433594, 47.1204910278, -13.4007968903, -34.8107299805, 31.7453136444, -12.4634943008, 32.1406707764], [259.940887451, -115.583709717, -18.9055595398, 31.5538635254, -11.9826364517, 31.9856014252, 47.1204910278, 144.995346069, 35.6716957092, 13.5718259811, -19.5880947113, 17.299621582, 14.5118780136], [-229.522323608, 72.8817825317, -5.00920295715, 28.4322357178, 44.8728866577, -55.5438919067, -13.4007968903, 35.6716957092, 129.198120117, 43.4807891846, 8.07342624664, -16.7707633972, 13.1172561646], [-34.9511413574, -85.4995346069, 50.3337173462, 18.4856433868, -17.7783508301, 11.9785194397, -34.8107299805, 13.5718259811, 43.4807891846, 91.6573944092, 25.4577465057, 7.39776659012, -11.4316511154], [-243.133956909, 120.398841858, -40.1050224304, -62.698890686, 7.79119491577, -3.27525377274, 31.7453136444, -19.5880947113, 8.07342624664, 25.4577465057, 111.584648132, 24.3617782593, 3.97593688965], [101.110366821, -121.62651825, 44.0201911926, -0.522199451923, -53.6643981934, 44.1260375977, -12.4634943008, 17.299621582, -16.7707633972, 7.39776659012, 24.3617782593, 82.0215682983, 17.3335533142], [-118.354309082, 69.5592346191, -69.2481765747, 3.71673488617, 38.9003334045, -41.3792724609, 32.1406707764, 14.5118780136, 13.1172561646, -11.4316511154, 3.97593688965, 17.3335533142, 75.6140518188]], "icov": [[0.000245958799496, -0.000661174126435, 0.000583695422392, -0.000814023427665, 0.000829429598525, -0.000706731632818, 0.000495025131386, -0.000609050795902, 0.000626952969469, -0.000564815476537, 0.000887099013198, -0.000681644422002, 0.000576253980398], [-0.000661174126435, 0.00411582412198, -0.00175198551733, 0.00298004085198, -0.00317533593625, 0.0027475412935, -0.00182725454215, 0.00272016669624, -0.0030164658092, 0.00400833180174, -0.00514061190188, 0.00461909081787, -0.00283960136585], [0.000583695422392, -0.00175198551733, 0.00332143111154, -0.00236167060211, 0.00193235999905, -0.00287467683665, 0.00242761219852, -0.0011793631129, 0.00119321641978, -0.00173563312273, 0.00270166667178, -0.00257223448716, 0.00228859623894], [-0.000814023427665, 0.00298004085198, -0.00236167060211, 0.00769978668541, -0.0047275503166, 0.00324954092503, -0.000914258300327, 0.00135821418371, -0.00233341031708, 0.0013415585272, -0.00100062438287, 0.00157708174083, -0.00191980565432], [0.000829429598525, -0.00317533593625, 0.00193235999905, -0.0047275503166, 0.00896343775094, -0.0025834699627, -0.000407688115956, -0.000943695136812, 0.000858163868543, -0.00191372295376, 0.00287497462705, 0.000100450233731, -6.17125042481e-05], [-0.000706731632818, 0.0027475412935, -0.00287467683665, 0.00324954092503, -0.0025834699627, 0.00738134887069, -0.00250259856693, 0.000717320770491, -0.000236650550505, 0.0015797392698, -0.00304404972121, 0.00101321539842, 7.61280898587e-05], [0.000495025131386, -0.00182725454215, 0.00242761219852, -0.000914258300327, -0.000407688115956, -0.00250259856693, 0.00770392315462, -0.00445691635832, 0.00314292055555, -0.000256281491602, 0.000425431324402, -0.00106418994255, 0.000782493560109], [-0.000609050795902, 0.00272016669624, -0.0011793631129, 0.00135821418371, -0.000943695136812, 0.000717320770491, -0.00445691635832, 0.0125841498375, -0.00643181474879, 0.00156214670278, -0.000215239080717, 0.000323899614159, -0.00295613473281], [0.000626952969469, -0.0030164658092, 0.00119321641978, -0.00233341031708, 0.000858163868543, -0.000236650550505, 0.00314292055555, -0.00643181474879, 0.0154109857976, -0.00836077611893, 0.00249036843888, -0.000273022102192, 0.000285354122752], [-0.000564815476537, 0.00400833180174, -0.00173563312273, 0.0013415585272, -0.00191372295376, 0.0015797392698, -0.000256281491602, 0.00156214670278, -0.00836077611893, 0.0205001998693, -0.00996110774577, 0.00462734466419, -0.000556010229047], [0.000887099013198, -0.00514061190188, 0.00270166667178, -0.00100062438287, 0.00287497462705, -0.00304404972121, 0.000425431324402, -0.000215239080717, 0.00249036843888, -0.00996110774577, 0.0210333634168, -0.012476766482, 0.00517266383395], [-0.000681644422002, 0.00461909081787, -0.00257223448716, 0.00157708174083, 0.000100450233731, 0.00101321539842, -0.00106418994255, 0.000323899614159, -0.000273022102192, 0.00462734466419, -0.012476766482, 0.0262180138379, -0.0114635201171], [0.000576253980398, -0.00283960136585, 0.00228859623894, -0.00191980565432, -6.17125042481e-05, 7.61280898587e-05, 0.000782493560109, -0.00295613473281, 0.000285354122752, -0.000556010229047, 0.00517266383395, -0.0114635201171, 0.0214599967003]], "mean": [-23.9828796387, 118.676559448, -147.547698975, 36.5607337952, -40.4029579163, 5.72617435455, -35.3819122314, 10.3412780762, -14.2946186066, -1.90736460686, -11.9776659012, -5.51420068741, -6.14272403717]}, "hfc": {"dmean": 4.89542865753, "dmean2": 7.42706346512, "dvar": 33.5532455444, "dvar2": 78.7149810791, "max": 131.853820801, "mean": 21.6215496063, "median": 17.6443977356, "min": 1.04686535722e-16, "var": 269.775024414}, "melbands": {"dmean": [0.00072604190791, 0.000858538493048, 0.000558176077902, 0.000268095493084, 0.000152117703692, 0.000108781678136, 0.000130565080326, 0.0001055923276, 0.000106196566776, 7.10079402779e-05, 0.000102967867861, 7.82248898759e-05, 6.29227070021e-05, 6.50059373584e-05, 5.41500885447e-05, 3.15829311148e-05, 4.26799997513e-05, 3.47462118953e-05, 3.56207710865e-05, 3.32281233568e-05, 3.43131723639e-05, 3.21332627209e-05, 2.85135556624e-05, 1.57800513989e-05, 7.77568948251e-06, 5.07976756126e-06, 3.99139389629e-06, 3.01779436995e-06, 1.87609362001e-06, 1.27789053295e-06, 9.76181468104e-07, 8.44433657221e-07, 6.60002854147e-07, 6.1359855863e-07, 5.08540779265e-07, 3.19560058415e-07, 3.39451872833e-07, 3.11108522055e-07, 2.407495856e-07, 1.53827329541e-07], "dmean2": [0.00124490016606, 0.0014909041347, 0.000929682690185, 0.000460122537334, 0.00024510192452, 0.000174217566382, 0.000206739117857, 0.000162962969625, 0.000167582489667, 0.00011075661314, 0.000156554902787, 0.000122673314763, 9.92008062894e-05, 0.000103189180663, 8.48507334013e-05, 4.97600558447e-05, 6.66919149808e-05, 5.58323590667e-05, 5.69913026993e-05, 5.31351579411e-05, 5.61081360502e-05, 5.19917302881e-05, 4.65623852506e-05, 2.54413407674e-05, 1.25201358969e-05, 7.96260246716e-06, 6.29848773315e-06, 4.80121843793e-06, 2.95763015856e-06, 1.97678605218e-06, 1.44728039686e-06, 1.22805749925e-06, 9.49487628077e-07, 8.86256827926e-07, 7.13664519481e-07, 4.38898723587e-07, 4.59284393628e-07, 4.21969559738e-07, 3.33784129225e-07, 2.04360361522e-07], "dvar": [2.33348737311e-06, 2.89385366159e-06, 1.93050118469e-06, 3.57988341193e-07, 6.44149480422e-08, 3.16943555845e-08, 5.44762137622e-08, 4.02913755693e-08, 4.45071925981e-08, 3.67545922586e-08, 4.06990352531e-08, 3.30731566578e-08, 3.23656408341e-08, 3.24627684734e-08, 2.05964436617e-08, 4.73608263718e-09, 8.59597193426e-09, 4.62673055424e-09, 5.14539211238e-09, 4.16395717906e-09, 6.49241416184e-09, 4.24069623861e-09, 2.95471935807e-09, 1.13228793008e-09, 2.71073219427e-10, 1.78172920862e-10, 4.13470889471e-11, 2.66120597781e-11, 1.07053289844e-11, 6.01922895208e-12, 3.14620703622e-12, 2.99538540673e-12, 2.6009656668e-12, 3.10405911044e-12, 2.1399813345e-12, 1.14676551675e-12, 1.37933447216e-12, 2.48727210703e-12, 1.48100737403e-12, 4.37213497828e-13], "dvar2": [6.03624675932e-06, 7.76542492531e-06, 4.98162535223e-06, 9.77435774985e-07, 1.76823007791e-07, 8.22547576718e-08, 1.36332943157e-07, 9.36350659231e-08, 1.15948857626e-07, 9.17225548847e-08, 9.05165222775e-08, 8.4692793223e-08, 8.63498925696e-08, 7.84770293194e-08, 4.9872436847e-08, 1.18148530959e-08, 1.98203640167e-08, 1.13432596649e-08, 1.25179182575e-08, 9.96769244921e-09, 1.65681850461e-08, 1.10694120536e-08, 7.73379138508e-09, 2.87024848333e-09, 6.88818002637e-10, 3.21518922597e-10, 9.58951598684e-11, 6.53686063612e-11, 2.5693457778e-11, 1.49684518252e-11, 6.8447383178e-12, 6.18210430764e-12, 5.47662566339e-12, 6.60134056793e-12, 3.92055311826e-12, 2.05744123995e-12, 2.4660885313e-12, 4.84087336189e-12, 3.15204654912e-12, 7.62713514308e-13], "max": [0.0128449387848, 0.0149290738627, 0.0169597789645, 0.0101628554985, 0.00562052242458, 0.00393852684647, 0.00451860111207, 0.00499823503196, 0.00394629873335, 0.00638052914292, 0.00474817445502, 0.00385376787744, 0.00398100633174, 0.00373383937404, 0.00306260376237, 0.00251699495129, 0.00345800677314, 0.0020159156993, 0.00152834493201, 0.00195466727018, 0.00405804347247, 0.00130342610646, 0.00176220713183, 0.00136485986877, 0.000485454889713, 0.00116503797472, 0.000326664972818, 0.00015473314852, 0.000113538655569, 7.07754225004e-05, 3.20865365211e-05, 4.96161228511e-05, 4.51007435913e-05, 5.59980871913e-05, 6.27033296041e-05, 4.2775314796e-05, 5.5981308833e-05, 7.23630728316e-05, 5.83840555919e-05, 3.36687880917e-05], "mean": [0.000881905842107, 0.00116770213936, 0.000721256772522, 0.000394058297388, 0.000296818325296, 0.000243634378421, 0.000273673329502, 0.000201982431463, 0.000192216568394, 0.000124743615743, 0.00020016709459, 0.000142314980621, 0.000116299648653, 0.000124479294755, 0.000101447607449, 5.4594984249e-05, 7.72277780925e-05, 6.44093452138e-05, 6.8060522608e-05, 6.41444057692e-05, 6.74242910463e-05, 6.93766269251e-05, 6.07087858953e-05, 3.61372331099e-05, 1.68516489794e-05, 1.16053806778e-05, 9.07626144908e-06, 6.64421577312e-06, 3.90952845919e-06, 2.46505851464e-06, 1.74478179815e-06, 1.45741523738e-06, 1.13349608455e-06, 9.96928520181e-07, 8.39537733555e-07, 5.36963511877e-07, 5.64139156722e-07, 5.10665017828e-07, 3.80894647378e-07, 2.55583557873e-07], "median": [0.000477975729154, 0.000770799524616, 0.00043618545169, 0.000244038106757, 0.000165461184224, 0.000119278054626, 0.000118735028082, 8.53274686961e-05, 8.84583059815e-05, 5.0650396588e-05, 6.02590080234e-05, 4.02500372729e-05, 2.61492568825e-05, 2.03175604838e-05, 1.90075625142e-05, 2.5705938242e-05, 3.57058561349e-05, 3.70130073861e-05, 3.63965227734e-05, 3.21579027514e-05, 3.05401154037e-05, 2.88207556878e-05, 2.86493486783e-05, 1.76886078407e-05, 8.29705459182e-06, 6.37227549305e-06, 5.62676905247e-06, 3.83158203476e-06, 2.15432510231e-06, 1.18218849821e-06, 7.85725546848e-07, 6.02516706749e-07, 3.17873798394e-07, 2.44874797772e-07, 1.94889395289e-07, 1.00502035139e-07, 1.18882709899e-07, 8.78137456084e-08, 6.33912975445e-08, 4.29479385389e-08], "min": [2.64980172722e-24, 1.88126306221e-24, 1.61199446412e-24, 1.89546492509e-24, 1.87817546063e-24, 2.4209995242e-24, 1.6315781333e-24, 2.51420876496e-24, 2.76155708787e-24, 3.70642707001e-24, 3.48328829664e-24, 3.54762108675e-24, 3.95602344928e-24, 2.75339040535e-24, 3.69569382853e-24, 2.86364949407e-24, 2.53995205731e-24, 2.76308806967e-24, 4.35570810995e-24, 3.85160232569e-24, 5.24223275625e-24, 5.07462860732e-24, 4.05413684108e-24, 5.65983954783e-24, 4.98206130212e-24, 4.68124102882e-24, 4.65771995764e-24, 5.04563915234e-24, 4.16184317591e-24, 5.15464040235e-24, 6.28587404019e-24, 6.03340186848e-24, 5.35815862729e-24, 6.06404595921e-24, 4.96359998478e-24, 6.16394967083e-24, 6.58777820836e-24, 6.39120905914e-24, 5.78334834432e-24, 5.94805855702e-24], "var": [1.99268197321e-06, 2.42108012571e-06, 1.60836475516e-06, 3.18167195701e-07, 1.49345723344e-07, 1.19968575518e-07, 1.47815057971e-07, 1.05464060596e-07, 9.43652622709e-08, 6.92740727004e-08, 1.33802728897e-07, 7.70891119828e-08, 7.76171518169e-08, 9.42713498375e-08, 6.14950224076e-08, 1.04906199283e-08, 2.19701643545e-08, 9.46831679727e-09, 1.23034196164e-08, 1.13823945824e-08, 1.62742104237e-08, 1.4002080384e-08, 9.11677666693e-09, 5.45198464152e-09, 9.06919928045e-10, 1.03093555914e-09, 1.5030653111e-10, 8.14246794989e-11, 2.79399454961e-11, 1.33285205789e-11, 6.51319883443e-12, 5.95229204467e-12, 5.26703073517e-12, 6.27217288524e-12, 5.72728496573e-12, 3.22855804591e-12, 3.79880979104e-12, 6.23270315567e-12, 3.47316424752e-12, 1.40328146239e-12]}, "melbands_crest": {"dmean": 3.03509879112, "dmean2": 5.02774858475, "dvar": 9.55645561218, "dvar2": 23.2096443176, "max": 38.7220039368, "mean": 10.973405838, "median": 9.92378902435, "min": 1.59445345402, "var": 19.3282032013}, "melbands_flatness_db": {"dmean": 0.0237031206489, "dmean2": 0.0354477278888, "dvar": 0.000615929835476, "dvar2": 0.00139049370773, "max": 0.472232311964, "mean": 0.187763646245, "median": 0.17936244607, "min": 0.00381164462306, "var": 0.00307160546072}, "melbands_kurtosis": {"dmean": 3.32444787025, "dmean2": 5.32978200912, "dvar": 55.8820953369, "dvar2": 134.026580811, "max": 352.424285889, "mean": 4.20282411575, "median": 1.2980890274, "min": -1.94560921192, "var": 80.2307739258}, "melbands_skewness": {"dmean": 0.591421127319, "dmean2": 0.911314845085, "dvar": 0.491601735353, "dvar2": 1.14520704746, "max": 17.0836410522, "mean": 1.56910669804, "median": 1.35936939716, "min": -1.73409259319, "var": 1.45947933197}, "melbands_spread": {"dmean": 8.00511837006, "dmean2": 12.40391922, "dvar": 89.490234375, "dvar2": 197.097488403, "max": 192.863967896, "mean": 35.3875007629, "median": 32.8058700562, "min": 1.27745187283, "var": 379.370758057}, "mfcc": {"cov": [[7527.11425781, -279.507415771, -72.0525970459, 121.7289505, -220.12928772, 49.5560836792, 20.4459724426, 236.592514038, 112.550483704, -53.3464622498, -68.910484314, 53.5046730042, -14.9600753784], [-279.507415771, 1374.25134277, -448.512207031, 111.374847412, 1.80438828468, -47.6500434875, 79.0497131348, -33.4801101685, -31.1808605194, 40.2024230957, 21.6031246185, -23.4544773102, 5.29093027115], [-72.0525970459, -448.512207031, 876.403686523, -156.279846191, 138.463287354, 96.0287246704, -120.154548645, -18.8498783112, -89.2954711914, -38.4597816467, 21.0372200012, -6.774061203, 12.4607200623], [121.7289505, 111.374847412, -156.279846191, 387.592254639, 76.443031311, -44.5380401611, -41.2370567322, -32.840045929, 85.7387008667, 24.497341156, -26.2702846527, 20.6178207397, -30.3261756897], [-220.12928772, 1.80438828468, 138.463287354, 76.443031311, 233.19442749, 40.3344192505, -72.2881317139, -35.9539260864, 4.88616132736, 26.4956474304, 3.97339916229, -4.24533605576, -7.10927057266], [49.5560836792, -47.6500434875, 96.0287246704, -44.5380401611, 40.3344192505, 149.516174316, 51.5561981201, 12.9488801956, -17.7368240356, -5.91870498657, 17.0105323792, -10.1988887787, -5.94731426239], [20.4459724426, 79.0497131348, -120.154548645, -41.2370567322, -72.2881317139, 51.5561981201, 200.934509277, 79.0828475952, 14.3226032257, -10.9338922501, 5.00792264938, -8.02334785461, -2.49959993362], [236.592514038, -33.4801101685, -18.8498783112, -32.840045929, -35.9539260864, 12.9488801956, 79.0828475952, 126.199493408, 48.2854232788, -7.92443466187, -4.64269781113, 2.99002122879, 3.92502617836], [112.550483704, -31.1808605194, -89.2954711914, 85.7387008667, 4.88616132736, -17.7368240356, 14.3226032257, 48.2854232788, 141.533630371, 42.0564422607, -10.6160306931, 9.46642494202, -20.482925415], [-53.3464622498, 40.2024230957, -38.4597816467, 24.497341156, 26.4956474304, -5.91870498657, -10.9338922501, -7.92443466187, 42.0564422607, 91.7998504639, 30.7879066467, -3.96427583694, -3.07573437691], [-68.910484314, 21.6031246185, 21.0372200012, -26.2702846527, 3.97339916229, 17.0105323792, 5.00792264938, -4.64269781113, -10.6160306931, 30.7879066467, 79.1946868896, 30.1645202637, 9.78924274445], [53.5046730042, -23.4544773102, -6.774061203, 20.6178207397, -4.24533605576, -10.1988887787, -8.02334785461, 2.99002122879, 9.46642494202, -3.96427583694, 30.1645202637, 91.1010513306, 36.1944503784], [-14.9600753784, 5.29093027115, 12.4607200623, -30.3261756897, -7.10927057266, -5.94731426239, -2.49959993362, 3.92502617836, -20.482925415, -3.07573437691, 9.78924274445, 36.1944503784, 75.5877838135]], "icov": [[0.000156991940457, 1.09988486656e-05, 8.99591032066e-06, -0.000120576391055, 0.000235287079704, -0.000219886234845, 0.000247454503551, -0.00042030547047, 9.41060716286e-05, -6.99159354554e-05, 0.000169811421074, -0.000141844371683, 8.38642590679e-05], [1.09988486656e-05, 0.000993895111606, 0.000525099341758, -0.000225818919716, -0.000379832024919, 0.000293413759209, -0.000397875875933, 7.2773626016e-05, 0.000697860727087, -0.00021007846226, -0.000472090934636, 0.000499947927892, -0.000271826254902], [8.99591032066e-06, 0.000525099341758, 0.00206859200262, 0.000567290466279, -0.00105336820707, -0.000870592717547, 0.00129085336812, -0.000753605971113, 0.000849373813253, 0.000666142615955, -0.000643774517812, 0.000319572369335, -4.65161065222e-05], [-0.000120576391055, -0.000225818919716, 0.000567290466279, 0.00426450930536, -0.00174522795714, 0.000767582678236, -0.00011570542847, 0.00183293991722, -0.00236713490449, 0.000477181543829, 0.00121880252846, -0.00168179313187, 0.00143204140477], [0.000235287079704, -0.000379832024919, -0.00105336820707, -0.00174522795714, 0.00714030861855, -0.00297850649804, 0.00253459205851, -0.000528983713593, 9.7079500847e-05, -0.00203153607436, 0.00093410682166, -6.73832182656e-05, -4.99560192111e-05], [-0.000219886234845, 0.000293413759209, -0.000870592717547, 0.000767582678236, -0.00297850649804, 0.0103272534907, -0.00456814607605, 0.00141983083449, 8.35206374177e-05, 0.00111739849672, -0.00241443770938, 0.00116901786532, 0.000516065396369], [0.000247454503551, -0.000397875875933, 0.00129085336812, -0.00011570542847, 0.00253459205851, -0.00456814607605, 0.0103054177016, -0.00599968573079, 0.000805087271146, 0.000411712419009, -0.000510342826601, 0.000531834550202, 0.000395245326217], [-0.00042030547047, 7.2773626016e-05, -0.000753605971113, 0.00183293991722, -0.000528983713593, 0.00141983083449, -0.00599968573079, 0.0155523233116, -0.0072312313132, 0.00339143536985, -0.0009588621906, 0.0010492344154, -0.00237245298922], [9.41060716286e-05, 0.000697860727087, 0.000849373813253, -0.00236713490449, 9.7079500847e-05, 8.35206374177e-05, 0.000805087271146, -0.0072312313132, 0.0153427021578, -0.00849679205567, 0.00482804141939, -0.00432760920376, 0.00455668475479], [-6.99159354554e-05, -0.00021007846226, 0.000666142615955, 0.000477181543829, -0.00203153607436, 0.00111739849672, 0.000411712419009, 0.00339143536985, -0.00849679205567, 0.0198246072978, -0.0109273623675, 0.00660991948098, -0.00342885102145], [0.000169811421074, -0.000472090934636, -0.000643774517812, 0.00121880252846, 0.00093410682166, -0.00241443770938, -0.000510342826601, -0.0009588621906, 0.00482804141939, -0.0109273623675, 0.022422241047, -0.0106346961111, 0.0036446894519], [-0.000141844371683, 0.000499947927892, 0.000319572369335, -0.00168179313187, -6.73832182656e-05, 0.00116901786532, 0.000531834550202, 0.0010492344154, -0.00432760920376, 0.00660991948098, -0.0106346961111, 0.0198806580156, -0.00978786032647], [8.38642590679e-05, -0.000271826254902, -4.65161065222e-05, 0.00143204140477, -4.99560192111e-05, 0.000516065396369, 0.000395245326217, -0.00237245298922, 0.00455668475479, -0.00342885102145, 0.0036446894519, -0.00978786032647, 0.0193297136575]], "mean": [-651.907348633, 139.901077271, -33.8712234497, 30.1868534088, 12.6478462219, 1.47694206238, -3.18545627594, 4.5970621109, 3.46012210846, 3.9254360199, 0.43359708786, 1.51356863976, -1.40294229984]}, "pitch_salience": {"dmean": 0.0684501901269, "dmean2": 0.113649629056, "dvar": 0.00445826910436, "dvar2": 0.0121027957648, "max": 0.896373450756, "mean": 0.567418158054, "median": 0.572345495224, "min": 0.0499795265496, "var": 0.00930714700371}, "silence_rate_20dB": {"dmean": 0, "dmean2": 0, "dvar": 0, "dvar2": 0, "max": 1, "mean": 1, "median": 1, "min": 1, "var": 0}, "silence_rate_30dB": {"dmean": 0, "dmean2": 0, "dvar": 0, "dvar2": 0, "max": 1, "mean": 1, "median": 1, "min": 1, "var": 0}, "silence_rate_60dB": {"dmean": 0.0138083398342, "dmean2": 0.0276192221791, "dvar": 0.0136174280196, "dvar2": 0.0323804020882, "max": 1, "mean": 0.0613954328001, "median": 0, "min": 0, "var": 0.0576273947954}, "spectral_centroid": {"dmean": 199.059646606, "dmean2": 303.812164307, "dvar": 66028.1953125, "dvar2": 127695.070312, "max": 11970.640625, "mean": 1639.88085938, "median": 1600.98901367, "min": 197.239212036, "var": 682530.8125}, "spectral_complexity": {"dmean": 3.4592654705, "dmean2": 5.30804634094, "dvar": 12.5295209885, "dvar2": 25.6451759338, "max": 53, "mean": 22.2977733612, "median": 24, "min": 0, "var": 94.3236923218}, "spectral_contrast_coeffs": {"dmean": [0.0465638786554, 0.0458698906004, 0.0407278984785, 0.033127091825, 0.0247399657965, 0.0194927491248], "dmean2": [0.0766097009182, 0.0742869526148, 0.0647187680006, 0.0520390123129, 0.0385238267481, 0.0288307126611], "dvar": [0.00171783857513, 0.00138416956179, 0.00112597481348, 0.000734868110158, 0.000451416068245, 0.000354640593287], "dvar2": [0.00441104499623, 0.0036131744273, 0.00273382221349, 0.00173486000858, 0.00101907446515, 0.000726666708943], "max": [-0.361920833588, -0.45213162899, -0.498716026545, -0.536702215672, -0.50077933073, -0.564974427223], "mean": [-0.670894265175, -0.729998528957, -0.749028623104, -0.755808293819, -0.756296873093, -0.754666268826], "median": [-0.673979401588, -0.731671333313, -0.754123151302, -0.758599281311, -0.762287139893, -0.755501449108], "min": [-0.979330301285, -0.983259499073, -0.973338723183, -0.970389127731, -0.96618950367, -0.964231193066], "var": [0.00568432360888, 0.00525510171428, 0.0055924076587, 0.00329615781084, 0.00299693527631, 0.00217236345634]}, "spectral_contrast_valleys": {"dmean": [0.417532920837, 0.381802499294, 0.357649296522, 0.296863913536, 0.273684978485, 0.430589705706], "dmean2": [0.663411855698, 0.614700496197, 0.559502899647, 0.455949217081, 0.390121400356, 0.477334290743], "dvar": [0.177230611444, 0.14789223671, 0.13563233614, 0.109297327697, 0.120934285223, 0.255314737558], "dvar2": [0.361633867025, 0.322279125452, 0.276295870543, 0.206372410059, 0.199195668101, 0.368131309748], "max": [-5.45129966736, -4.88116836548, -5.20483875275, -5.78614759445, -5.85429668427, -7.54925870895], "mean": [-7.37386083603, -6.90094280243, -7.4840965271, -7.48418855667, -7.56549167633, -10.9048442841], "median": [-7.10119867325, -6.71003723145, -7.29340171814, -7.25681400299, -7.25614929199, -10.6692409515], "min": [-27.9310722351, -27.8405990601, -27.8150920868, -27.5000705719, -27.4784049988, -27.4258594513], "var": [2.62158513069, 2.60198354721, 2.57771897316, 2.40070080757, 2.56748557091, 2.65393829346]}, "spectral_decrease": {"dmean": 1.87261428586e-09, "dmean2": 2.9934017487e-09, "dvar": 6.66173463196e-18, "dvar2": 1.64155795815e-17, "max": 1.30579843752e-28, "mean": -5.48849232729e-09, "median": -4.82845319283e-09, "min": -2.51941489893e-08, "var": 1.39266543297e-17}, "spectral_energy": {"dmean": 0.00740141328424, "dmean2": 0.0117862876505, "dvar": 9.9704870081e-05, "dvar2": 0.000244915718213, "max": 0.0985917821527, "mean": 0.0226759053767, "median": 0.0200740657747, "min": 9.86327981366e-21, "var": 0.000230807505432}, "spectral_energyband_high": {"dmean": 0.000158097507665, "dmean2": 0.000210959929973, "dvar": 9.40981195185e-08, "dvar2": 1.50449224634e-07, "max": 0.0102398069575, "mean": 0.000386314903153, "median": 0.000196267690626, "min": 7.11009800207e-21, "var": 3.46416328512e-07}, "spectral_energyband_low": {"dmean": 0.0045470027253, "dmean2": 0.00763219688088, "dvar": 6.53952884022e-05, "dvar2": 0.00016497024626, "max": 0.0727505534887, "mean": 0.00631412118673, "median": 0.00416837818921, "min": 1.76151346404e-23, "var": 6.11329378444e-05}, "spectral_energyband_middle_high": {"dmean": 0.00226610037498, "dmean2": 0.00351197342388, "dvar": 8.87023452378e-06, "dvar2": 2.23021415877e-05, "max": 0.0615827478468, "mean": 0.00882775802165, "median": 0.00648148264736, "min": 1.19653321485e-21, "var": 6.36124968878e-05}, "spectral_energyband_middle_low": {"dmean": 0.00336885848083, "dmean2": 0.00534207420424, "dvar": 3.25968503603e-05, "dvar2": 8.21443245513e-05, "max": 0.0608954690397, "mean": 0.00845061801374, "median": 0.00679519306868, "min": 1.4356834286e-22, "var": 5.33398633706e-05}, "spectral_entropy": {"dmean": 0.14993955195, "dmean2": 0.199468165636, "dvar": 0.0271324031055, "dvar2": 0.0427463799715, "max": 9.82702636719, "mean": 7.46780729294, "median": 7.49058246613, "min": 5.032081604, "var": 0.157792344689}, "spectral_flux": {"dmean": 0.0232480373234, "dmean2": 0.0352498851717, "dvar": 0.000683924241457, "dvar2": 0.0013833923731, "max": 0.260709553957, "mean": 0.0776888877153, "median": 0.0718457847834, "min": 6.36842037438e-11, "var": 0.00174699071795}, "spectral_kurtosis": {"dmean": 2.76361751556, "dmean2": 4.68143367767, "dvar": 10.1442537308, "dvar2": 28.9709529877, "max": 44.3867759705, "mean": 6.47001647949, "median": 5.51181697845, "min": -1.25832545757, "var": 16.9617004395}, "spectral_rms": {"dmean": 0.000712194305379, "dmean2": 0.00110096193384, "dvar": 7.22452966784e-07, "dvar2": 1.6812763306e-06, "max": 0.00980750285089, "mean": 0.00439742812887, "median": 0.00442543253303, "min": 3.10204965014e-12, "var": 2.78544735011e-06}, "spectral_rolloff": {"dmean": 377.595825195, "dmean2": 628.239624023, "dvar": 433224.90625, "dvar2": 876684.9375, "max": 19724.4140625, "mean": 1905.02941895, "median": 1808.7890625, "min": 21.533203125, "var": 2248324.75}, "spectral_skewness": {"dmean": 0.279831916094, "dmean2": 0.45936653018, "dvar": 0.081875808537, "dvar2": 0.225468680263, "max": 4.89577627182, "mean": 1.53354918957, "median": 1.48668932915, "min": -0.0821576714516, "var": 0.243610054255}, "spectral_spread": {"dmean": 443457.21875, "dmean2": 556804.25, "dvar": 551257505792, "dvar2": 854986719232, "max": 42142868, "mean": 3286304.5, "median": 2870276.5, "min": 1194686.625, "var": 744371414