{"lowlevel": {"average_loudness": 0.89432144165, "barkbands": {"dmean": [0.00184936798178, 0.00801393017173, 0.00341694080271, 0.001016576658, 0.00150070677046, 0.000934302515816, 0.000834537262563, 0.000673355534673, 0.000949969107751, 0.00102288404014, 0.00079174246639, 0.000960205332376, 0.000587672227994, 0.000456053996459, 0.000452784268418, 0.0002465727448, 0.000164915749338, 0.000139340714668, 0.000123976482428, 0.000116421768325, 0.00011027630535, 7.61704650358e-05, 3.63245671906e-05, 8.76639751368e-06, 2.09321365219e-06, 4.37904855062e-05, 0.000828165910207], "dmean2": [0.00298043829389, 0.0132448403165, 0.0056055309251, 0.00171404436696, 0.00243969936855, 0.00151087669656, 0.0013491116697, 0.00111826218199, 0.00155393930618, 0.00159905350301, 0.00125424703583, 0.00148776394781, 0.00092541257618, 0.000733984285034, 0.00070378696546, 0.000394550646888, 0.000258133106399, 0.000211176462471, 0.000182992909686, 0.000160724870511, 0.000148183054989, 9.45859937929e-05, 4.32538072346e-05, 1.13149972094e-05, 3.39849634656e-06, 5.18985325471e-05, 0.00102028436959], "dvar": [2.08526416827e-05, 0.000194860011106, 4.97600740346e-05, 4.14895202994e-06, 7.18373257769e-06, 4.466255632e-06, 3.90426612285e-06, 1.80528741112e-06, 5.68029463466e-06, 8.48226500239e-06, 4.827986686e-06, 4.58579370388e-06, 2.14443161894e-06, 1.61202160598e-06, 8.73898898135e-07, 2.28783562761e-07, 9.65324744584e-08, 7.7506122409e-08, 8.71144862913e-08, 1.00646779799e-07, 7.43590291563e-08, 2.44754314593e-08, 5.1090127684e-09, 2.76930256504e-10, 1.56066166934e-11, 1.46714356219e-08, 2.58012119048e-06], "dvar2": [4.64376680611e-05, 0.000518463319167, 0.000121323813801, 1.07907935671e-05, 1.81603045348e-05, 1.11332128654e-05, 9.34154468268e-06, 4.56229736301e-06, 1.42071576192e-05, 1.89000620594e-05, 1.1451194041e-05, 1.08940539576e-05, 5.56862687517e-06, 4.8534079724e-06, 1.95922552848e-06, 5.7343561366e-07, 2.40214347969e-07, 1.85307754919e-07, 1.95933523628e-07, 2.05967296552e-07, 1.50301460167e-07, 4.42912515553e-08, 8.06082134375e-09, 5.09729369824e-10, 3.65820290726e-11, 2.3438914809e-08, 4.32006845585e-06], "max": [0.115697644651, 0.197729840875, 0.172573417425, 0.0890123695135, 0.0514568649232, 0.043562207371, 0.080908998847, 0.0472302846611, 0.0937528684735, 0.0840848460793, 0.0843959897757, 0.069389089942, 0.0518239848316, 0.0412939377129, 0.0275525003672, 0.0139300366864, 0.00783936679363, 0.00625651609153, 0.0118497349322, 0.0135299209505, 0.00959780812263, 0.00587821705267, 0.00229175039567, 0.000436459551565, 9.17216311791e-05, 0.00431881053373, 0.0643109306693], "mean": [0.00203864090145, 0.00964135490358, 0.00387569423765, 0.00123822933529, 0.00224827392958, 0.00130416464526, 0.00115163903683, 0.000855938182212, 0.00137489382178, 0.00153157801833, 0.00112263381016, 0.00140927464236, 0.000947625434492, 0.000694506103173, 0.000746007310227, 0.000406764098443, 0.000304686778691, 0.000271180470008, 0.000238416236243, 0.000221888592932, 0.000210767102544, 0.000144263423863, 6.26570617897e-05, 1.34399087983e-05, 2.09028507925e-06, 7.24776618881e-05, 0.00207658321597], "median": [0.000512406928465, 0.00342492503114, 0.00151505717076, 0.000567542039789, 0.00101294147316, 0.000487741839606, 0.000383884005714, 0.000304857734591, 0.000501753995195, 0.000442670978373, 0.000391441717511, 0.000492990540806, 0.000396240095142, 0.00027805697755, 0.000338629324688, 0.000178665330168, 0.000125685037347, 9.78654206847e-05, 7.31872933102e-05, 6.12026633462e-05, 5.60536645935e-05, 3.45787557308e-05, 1.08747644845e-05, 2.80340827885e-06, 6.89270677867e-07, 1.20764507301e-05, 0.000932253664359], "min": [1.17465589472e-24, 4.87172687718e-24, 2.56599344048e-25, 3.11008411883e-24, 1.59555069799e-23, 7.90201179899e-24, 8.92252328675e-24, 1.24042902651e-23, 1.23545336524e-23, 2.72518310596e-23, 1.45073082415e-23, 1.83012148583e-23, 4.35775851722e-23, 4.72431157207e-23, 4.90933921293e-23, 5.84921239233e-23, 9.39254333793e-23, 1.24852409624e-22, 1.37974978254e-22, 1.9335450317e-22, 3.20468823134e-22, 2.99099250165e-22, 4.55667263437e-22, 7.04165920672e-22, 1.00827652018e-21, 1.56437403149e-21, 2.03522175553e-21], "var": [2.57169995166e-05, 0.000243350266828, 5.61750566703e-05, 4.99844236401e-06, 1.24831458379e-05, 7.36680476621e-06, 7.32171474738e-06, 2.97528390547e-06, 1.11905083031e-05, 2.08120200114e-05, 7.79176934884e-06, 8.93810738489e-06, 4.79109985463e-06, 2.35141033045e-06, 1.88282012914e-06, 4.70312954803e-07, 2.58259547081e-07, 2.2034730307e-07, 2.37767935118e-07, 2.77605067822e-07, 1.994613541e-07, 6.73412401397e-08, 1.36351587798e-08, 5.96344584824e-10, 1.71760990847e-11, 3.13168300181e-08, 1.16016744869e-05]}, "barkbands_crest": {"dmean": 3.15917754173, "dmean2": 5.23193502426, "dvar": 7.69200897217, "dvar2": 20.6378231049, "max": 26.9325294495, "mean": 9.44610881805, "median": 8.56666469574, "min": 2.50269961357, "var": 17.1332702637}, "barkbands_flatness_db": {"dmean": 0.0243800766766, "dmean2": 0.0377284027636, "dvar": 0.000479698734125, "dvar2": 0.00111251696944, "max": 0.644575357437, "mean": 0.121173888445, "median": 0.115448124707, "min": 0.0290934070945, "var": 0.00200777687132}, "barkbands_kurtosis": {"dmean": 6.72689199448, "dmean2": 9.55723190308, "dvar": 25009.5898438, "dvar2": 44842.515625, "max": 17319.8496094, "mean": 11.7929477692, "median": 2.51977062225, "min": -1.84178233147, "var": 78416.234375}, "barkbands_skewness": {"dmean": 0.641733050346, "dmean2": 0.989741802216, "dvar": 1.35278224945, "dvar2": 2.16571164131, "max": 124.007575989, "mean": 1.79490458965, "median": 1.49764287472, "min": -2.77997946739, "var": 7.25434207916}, "barkbands_spread": {"dmean": 10.138086319, "dmean2": 15.1319761276, "dvar": 96.2746963501, "dvar2": 199.171859741, "max": 131.307846069, "mean": 39.070148468, "median": 34.0655479431, "min": 0.0288891550153, "var": 505.343475342}, "dissonance": {"dmean": 0.0185610353947, "dmean2": 0.0316802710295, "dvar": 0.000405908504035, "dvar2": 0.00110579095781, "max": 0.500000119209, "mean": 0.472459822893, "median": 0.480308383703, "min": 0.253335773945, "var": 0.000658684410155}, "dynamic_complexity": 3.58653235435, "erbbands": {"dmean": [0.232082009315, 1.87426888943, 4.26350975037, 3.17801785469, 4.09217786789, 5.55999565125, 6.38989877701, 7.99450492859, 10.6047296524, 13.1150026321, 16.2550086975, 20.2400627136, 28.5040855408, 31.0119190216, 31.7249317169, 39.2373924255, 25.1553821564, 22.5620517731, 26.5474910736, 18.3229732513, 10.4686880112, 8.9081659317, 7.64081192017, 6.60568332672, 5.9596118927, 5.48359298706, 4.95082950592, 4.08055686951, 2.8664188385, 1.8825596571, 0.888130068779, 0.352396786213, 0.0668951049447, 0.0237997099757, 0.0151031846181, 0.0153113156557, 0.0875505283475, 0.189466550946, 0.111549295485, 0.0148104606196], "dmean2": [0.392704963684, 3.11260485649, 6.94734048843, 5.22256278992, 6.86983013153, 9.10496520996, 10.3023090363, 13.0224342346, 16.9326915741, 21.5252666473, 26.9584026337, 33.0856437683, 44.6855354309, 48.7781105042, 48.9882583618, 60.8196220398, 39.318321228, 35.9289016724, 41.3557434082, 28.6661605835, 16.3076343536, 13.7232513428, 11.6028671265, 9.74084663391, 8.55488491058, 7.61630773544, 6.86393022537, 5.36262512207, 3.61352682114, 2.30292153358, 1.04527521133, 0.42298078537, 0.0922141000628, 0.0382448472083, 0.0243556853384, 0.0209749750793, 0.09815197438, 0.218863144517, 0.136998847127, 0.019073696807], "dvar": [0.231151491404, 10.5456342697, 64.4465789795, 41.8645515442, 50.184589386, 129.324783325, 228.529830933, 378.405700684, 612.069946289, 884.15447998, 1080.53686523, 3011.78955078, 8350.80761719, 7643.50292969, 8679.88574219, 8492.92285156, 3778.60058594, 3529.92993164, 4506.06738281, 1028.54211426, 349.410919189, 291.978210449, 235.360565186, 198.377960205, 258.476409912, 216.860321045, 159.327957153, 92.1199493408, 32.9863815308, 15.6108903885, 2.91259551048, 0.467711925507, 0.0124155506492, 0.00198168493807, 0.000789584650192, 0.00059657933889, 0.0427037253976, 0.287859320641, 0.100633829832, 0.000566400238313], "dvar2": [0.623361170292, 28.1578388214, 160.402069092, 97.6611633301, 129.878265381, 331.234191895, 561.083312988, 953.714050293, 1406.3894043, 2122.50219727, 2765.70166016, 7583.3359375, 17655.6914062, 18229.5332031, 18980.2753906, 20947.140625, 9473.32617188, 9670.10644531, 11767.4677734, 2487.05761719, 859.29083252, 730.842468262, 568.446533203, 457.418365479, 555.64263916, 443.470214844, 336.677703857, 179.803695679, 59.3755531311, 27.4232234955, 4.60473108292, 0.811825573444, 0.0232931915671, 0.0046269162558, 0.00184350379277, 0.00108847743832, 0.0655486807227, 0.411762058735, 0.169799670577, 0.0010411349358], "max": [7.51915454865, 48.4415855408, 185.655975342, 191.77293396, 295.007354736, 226.372833252, 431.076782227, 456.893432617, 1038.70031738, 883.653076172, 1109.13659668, 2597.16210938, 2971.24560547, 2623.70043945, 4699.24365234, 3649.4128418, 2143.40454102, 1833.14990234, 2186.65209961, 734.062866211, 468.261901855, 471.723297119, 331.584259033, 319.507019043, 687.063659668, 686.431274414, 345.104278564, 346.20993042, 204.24659729, 183.184036255, 49.9884796143, 18.1451759338, 2.11034989357, 1.03941988945, 0.647081673145, 0.432713568211, 7.430311203, 23.7700099945, 13.4056615829, 0.734501421452], "mean": [0.269763350487, 2.15099692345, 4.9748468399, 4.2319316864, 5.77060270309, 7.74305868149, 8.73663139343, 11.0076828003, 15.268242836, 17.2816238403, 22.7733840942, 30.0776176453, 45.2495422363, 46.0887336731, 49.1271591187, 59.4837532043, 42.6189308167, 38.0096321106, 44.0199699402, 30.9666957855, 19.3308734894, 17.3551998138, 15.3117389679, 12.8816890717, 11.4529705048, 10.4381542206, 9.34242343903, 7.66325759888, 5.4324388504, 3.35471510887, 1.51568055153, 0.567981719971, 0.0971019417048, 0.025233162567, 0.0157509278506, 0.023180000484, 0.148907437921, 0.352173030376, 0.225264653563, 0.0419374443591], "median": [0.0902166962624, 0.733730018139, 1.97013008595, 2.1133646965, 2.7135155201, 3.08557581902, 3.00448250771, 4.13338947296, 5.88102912903, 5.73913621902, 9.34624481201, 11.3650617599, 13.4958696365, 15.4557905197, 19.7787418365, 21.658657074, 19.1799106598, 15.9543504715, 18.936044693, 15.1932735443, 9.3548412323, 6.95903396606, 5.58854150772, 4.6453037262, 3.1743786335, 2.96497106552, 2.52195882797, 1.97676324844, 1.35325479507, 0.666990101337, 0.2657815516, 0.100800208747, 0.0286756493151, 0.00964407157153, 0.00575288990512, 0.00800008047372, 0.0249971803278, 0.0740858986974, 0.0611552745104, 0.0221175532788], "min": [1.39349211816e-22, 9.63180131639e-22, 1.09447506099e-21, 1.28869222206e-20, 2.65161792642e-20, 4.32550675321e-20, 7.06937373562e-20, 7.79844749635e-20, 1.47779732616e-19, 3.20538742918e-19, 3.22104363173e-19, 3.05670740094e-19, 1.11711992836e-18, 9.35601656982e-19, 7.13636580096e-19, 1.54358571446e-18, 2.43100399736e-18, 2.31627714833e-18, 2.88774624825e-18, 2.76557787563e-18, 4.49433986093e-18, 5.42391302561e-18, 7.2475257438e-18, 6.84722326688e-18, 9.80083128986e-18, 9.53453786244e-18, 8.58459951108e-18, 1.06942500443e-17, 1.10582674165e-17, 1.1862241477e-17, 1.22516193795e-17, 1.16672328204e-17, 1.11343035128e-17, 9.35995394954e-18, 7.47304164856e-18, 5.054956558e-18, 3.02281822483e-18, 1.04961464915e-18, 2.74229811806e-19, 2.78249857884e-20], "var": [0.252962529659, 12.6455364227, 74.6867294312, 54.1971549988, 90.5422821045, 200.048934937, 384.835083008, 607.630737305, 1140.97229004, 1629.91479492, 1977.20495605, 5786.92480469, 22733.8964844, 14239.578125, 14266.8583984, 15766.6640625, 9008.81445312, 6768.20166016, 8227.59863281, 2208.69604492, 817.330627441, 853.659545898, 708.877929688, 521.998657227, 716.588134766, 596.296508789, 410.729400635, 249.422973633, 93.9165802002, 39.395488739, 7.72117710114, 1.10524094105, 0.0257697440684, 0.00224373186938, 0.000892514188308, 0.00132025242783, 0.104035697877, 0.850550234318, 0.32866063714, 0.00328684877604]}, "erbbands_crest": {"dmean": 2.63379025459, "dmean2": 4.19338703156, "dvar": 6.68549394608, "dvar2": 15.6155767441, "max": 32.4390335083, "mean": 8.47390174866, "median": 7.2436299324, "min": 1.97753143311, "var": 20.8146800995}, "erbbands_flatness_db": {"dmean": 0.0218165833503, "dmean2": 0.0309007614851, "dvar": 0.000376349606086, "dvar2": 0.000721213466022, "max": 0.358462810516, "mean": 0.141423970461, "median": 0.135236293077, "min": 0.0411203280091, "var": 0.00225067767315}, "erbbands_kurtosis": {"dmean": 1.24422311783, "dmean2": 1.9172219038, "dvar": 4.22878265381, "dvar2": 9.82525920868, "max": 70.5998687744, "mean": 1.30120122433, "median": 0.499052524567, "min": -1.62504076958, "var": 9.69696044922}, "erbbands_skewness": {"dmean": 0.387979149818, "dmean2": 0.590581297874, "dvar": 0.12516823411, "dvar2": 0.285266131163, "max": 5.70371723175, "mean": 0.0575435906649, "median": -0.0101872896776, "min": -3.19096446037, "var": 0.557458281517}, "erbbands_spread": {"dmean": 7.43599462509, "dmean2": 10.8584079742, "dvar": 56.3744049072, "dvar2": 111.016342163, "max": 166.190979004, "mean": 29.8418617249, "median": 26.7270298004, "min": 1.18599891663, "var": 283.825378418}, "gfcc": {"cov": [[13968.4882812, -98.5990829468, -394.663726807, 247.914398193, -51.4615249634, -363.361755371, 241.319641113, -339.453277588, 229.410095215, -48.6238899231, -96.5882415771, 96.8828659058, -227.372589111], [-98.5990829468, 1185.84387207, -6.98370790482, -395.895385742, 119.938583374, 13.3545188904, -85.264793396, 32.2199783325, -37.6540489197, -4.59294366837, 76.1896209717, -116.173614502, 149.531204224], [-394.663726807, -6.98370790482, 406.673583984, 213.641860962, -97.2369384766, 86.9542694092, -78.5007705688, 82.4562683105, -12.6995038986, 32.7515602112, -1.17984509468, 20.8740711212, -12.0334348679], [247.914398193, -395.895385742, 213.641860962, 456.076843262, 23.912612915, -53.9066314697, 54.5605430603, -25.2400951385, 37.7593650818, 2.8777821064, -34.3479194641, 63.9408035278, -87.8422012329], [-51.4615249634, 119.938583374, -97.2369384766, 23.912612915, 260.597961426, 0.207058444619, 62.7088737488, -37.0247459412, -17.9536495209, -18.1151218414, 20.7648620605, -22.5717887878, 35.7138633728], [-363.361755371, 13.3545188904, 86.9542694092, -53.9066314697, 0.207058444619, 304.532989502, -11.598733902, 69.3190155029, -37.2210502625, 14.540813446, 22.6244716644, 3.19911170006, 36.7450332642], [241.319641113, -85.264793396, -78.5007705688, 54.5605430603, 62.7088737488, -11.598733902, 210.70072937, -16.8656024933, 52.2404556274, -4.95360279083, -15.0824432373, 34.6899871826, -35.6369667053], [-339.453277588, 32.2199783325, 82.4562683105, -25.2400951385, -37.0247459412, 69.3190155029, -16.8656024933, 171.507385254, 17.5003757477, 32.5699424744, 13.5066976547, -28.4220428467, 38.0727996826], [229.410095215, -37.6540489197, -12.6995038986, 37.7593650818, -17.9536495209, -37.2210502625, 52.2404556274, 17.5003757477, 121.062553406, 35.9316902161, -4.48783969879, 18.1309070587, -39.9123191833], [-48.6238899231, -4.59294366837, 32.7515602112, 2.8777821064, -18.1151218414, 14.540813446, -4.95360279083, 32.5699424744, 35.9316902161, 76.2658004761, 30.7197685242, 1.05501019955, 2.09313511848], [-96.5882415771, 76.1896209717, -1.17984509468, -34.3479194641, 20.7648620605, 22.6244716644, -15.0824432373, 13.5066976547, -4.48783969879, 30.7197685242, 62.2991638184, 14.4963693619, 24.7676792145], [96.8828659058, -116.173614502, 20.8740711212, 63.9408035278, -22.5717887878, 3.19911170006, 34.6899871826, -28.4220428467, 18.1309070587, 1.05501019955, 14.4963693619, 82.6615219116, -7.61859083176], [-227.372589111, 149.531204224, -12.0334348679, -87.8422012329, 35.7138633728, 36.7450332642, -35.6369667053, 38.0727996826, -39.9123191833, 2.09313511848, 24.7676792145, -7.61859083176, 100.053207397]], "icov": [[8.58919229358e-05, -0.000110008375486, 0.000244306807872, -0.000228554330533, 0.000154376059072, -3.65563246305e-05, 7.68902555137e-06, 6.51003065286e-05, -4.3765798182e-05, -5.60150328965e-05, 0.000108850654215, -7.92817518231e-05, 7.53409913159e-05], [-0.000110008375486, 0.00302710407414, -0.00392153859138, 0.00376043026336, -0.00157460023183, 0.00111557135824, -0.00108126446139, 0.00209767790511, -0.00277509400621, 0.00304820761085, -0.00402006087825, 0.00418036803603, -0.00283252587542], [0.000244306807872, -0.00392153859138, 0.0113464742899, -0.00881957821548, 0.00426519894972, -0.00307391793467, 0.00325086060911, -0.00437723472714, 0.00449842913076, -0.00499126687646, 0.0047724856995, -0.0049274712801, 0.00280972733162], [-0.000228554330533, 0.00376043026336, -0.00881957821548, 0.0112235872075, -0.00585835333914, 0.00316298543476, -0.00137920537964, 0.00144316675141, -0.00224062730558, 0.00189193931874, -0.000308652524836, -0.00087818549946, 0.00161889661103], [0.000154376059072, -0.00157460023183, 0.00426519894972, -0.00585835333914, 0.00932430103421, -0.00186039879918, -0.00244543515146, 0.00229046563618, -0.000201157308766, 0.00197932240553, -0.00499281659722, 0.00594951538369, -0.00474663358182], [-3.65563246305e-05, 0.00111557135824, -0.00307391793467, 0.00316298543476, -0.00186039879918, 0.00501336622983, -0.000872302334756, -0.00107528327499, 0.00101796886884, 6.54262839817e-05, -0.000710930093192, -0.000856197904795, 9.38035591389e-05], [7.68902555137e-06, -0.00108126446139, 0.00325086060911, -0.00137920537964, -0.00244543515146, -0.000872302334756, 0.00857829581946, -0.00301140965894, -0.000176811750862, -0.00211107893847, 0.00545802898705, -0.00704782083631, 0.00429399730638], [6.51003065286e-05, 0.00209767790511, -0.00437723472714, 0.00144316675141, 0.00229046563618, -0.00107528327499, -0.00301140965894, 0.0129652619362, -0.00662850961089, 0.00287300837226, -0.00657365052029, 0.0109979901463, -0.00891495123506], [-4.3765798182e-05, -0.00277509400621, 0.00449842913076, -0.00224062730558, -0.000201157308766, 0.00101796886884, -0.000176811750862, -0.00662850961089, 0.0184713602066, -0.0119697945192, 0.00915240403265, -0.0101923421025, 0.00935621932149], [-5.60150328965e-05, 0.00304820761085, -0.00499126687646, 0.00189193931874, 0.00197932240553, 6.54262839817e-05, -0.00211107893847, 0.00287300837226, -0.0119697945192, 0.02804630436, -0.019826842472, 0.0117724388838, -0.00575504126027], [0.000108850654215, -0.00402006087825, 0.0047724856995, -0.000308652524836, -0.00499281659722, -0.000710930093192, 0.00545802898705, -0.00657365052029, 0.00915240403265, -0.019826842472, 0.0385702438653, -0.020596280694, 0.00599676417187], [-7.92817518231e-05, 0.00418036803603, -0.0049274712801, -0.00087818549946, 0.00594951538369, -0.000856197904795, -0.00704782083631, 0.0109979901463, -0.0101923421025, 0.0117724388838, -0.020596280694, 0.0328847803175, -0.013005560264], [7.53409913159e-05, -0.00283252587542, 0.00280972733162, 0.00161889661103, -0.00474663358182, 9.38035591389e-05, 0.00429399730638, -0.00891495123506, 0.00935621932149, -0.00575504126027, 0.00599676417187, -0.013005560264, 0.0241179689765]], "mean": [-0.298388361931, 84.7973861694, -94.3823699951, -6.34072875977, -5.09270858765, -17.0135765076, 13.2208747864, -25.2844009399, 3.63922309875, -9.28924179077, -9.35021209717, -0.28219217062, -12.0722475052]}, "hfc": {"dmean": 44.5561180115, "dmean2": 59.9060554504, "dvar": 3680.67236328, "dvar2": 6688.52490234, "max": 1275.83544922, "mean": 128.099197388, "median": 86.3948440552, "min": 1.14430193942e-16, "var": 16111.0175781}, "melbands": {"dmean": [0.00212392839603, 0.00229424843565, 0.000554332335014, 0.000343443680322, 0.000222486443818, 0.000178941481863, 0.000165489269421, 0.000140809643199, 0.000139971554745, 0.000131376102217, 0.000145325044286, 0.000129004009068, 0.000106784536911, 0.00011061674013, 8.43103553052e-05, 5.17675471201e-05, 4.24720747105e-05, 4.65850898763e-05, 2.91715641652e-05, 2.14142146433e-05, 1.19883598018e-05, 1.03119436972e-05, 8.33172998682e-06, 6.87237024977e-06, 5.66452990824e-06, 4.84549855173e-06, 4.24063046012e-06, 3.83760698242e-06, 3.35297590937e-06, 2.84253769678e-06, 2.4013595521e-06, 1.80993674803e-06, 1.37585482207e-06, 9.65151002674e-07, 5.58159399588e-07, 3.51918345132e-07, 1.69204398048e-07, 5.16675733309e-08, 2.21327933758e-08, 1.90493452124e-08], "dmean2": [0.00350929028355, 0.0037306684535, 0.000906323839445, 0.000562697066925, 0.000358175166184, 0.000289766554488, 0.000264727685135, 0.000231516896747, 0.00023249493097, 0.000214721891098, 0.000228003962548, 0.000204045776627, 0.000167389007402, 0.000171274819877, 0.000133097666549, 8.16372848931e-05, 6.84065307723e-05, 7.29724779376e-05, 4.58241629531e-05, 3.42949751939e-05, 1.91337912838e-05, 1.62475316756e-05, 1.31428832901e-05, 1.06023599074e-05, 8.62284832692e-06, 7.20310526958e-06, 6.17949444859e-06, 5.53137670067e-06, 4.79440723211e-06, 4.04012189392e-06, 3.29323324877e-06, 2.40813733399e-06, 1.79293385827e-06, 1.23360882753e-06, 6.90891283739e-07, 4.37042729118e-07, 2.16577731749e-07, 7.39111811754e-08, 3.57125955475e-08, 3.09804626397e-08], "dvar": [1.54027638928e-05, 1.5866207832e-05, 1.0915734947e-06, 3.86667153407e-07, 2.39758946918e-07, 1.73815976723e-07, 1.47898262526e-07, 9.13271733793e-08, 8.73652723499e-08, 1.21096420003e-07, 2.12320969695e-07, 1.37831634106e-07, 9.05903121406e-08, 6.79965026507e-08, 3.47473836371e-08, 2.19253752931e-08, 1.36297968467e-08, 1.66036038252e-08, 2.51026976983e-09, 1.74646275219e-09, 5.08572184366e-10, 4.12952727569e-10, 2.8895272286e-10, 2.08438072358e-10, 1.57504356779e-10, 1.46730377848e-10, 1.62816357618e-10, 1.03444280919e-10, 7.56594023543e-11, 5.00893632127e-11, 3.42752839999e-11, 1.42558950755e-11, 8.30649438122e-12, 4.29346272077e-12, 1.23140668669e-12, 4.78333518628e-13, 1.17943185058e-13, 8.12885406909e-15, 1.70827084879e-15, 1.31146630031e-15], "dvar2": [4.05187383876e-05, 3.95667266275e-05, 2.56348539551e-06, 9.82722440313e-07, 5.94167886447e-07, 4.3513105652e-07, 3.42945440934e-07, 2.19104293819e-07, 2.22749122258e-07, 3.07202583372e-07, 4.52519401506e-07, 3.24810343955e-07, 2.0876001372e-07, 1.56319558187e-07, 8.60596642838e-08, 5.96693894295e-08, 3.74891691024e-08, 4.53038992987e-08, 6.04421446226e-09, 4.40217418074e-09, 1.29776545066e-09, 1.05988240406e-09, 7.34716398831e-10, 5.20899212653e-10, 3.79168085818e-10, 3.3680855327e-10, 3.57864293754e-10, 2.252387582e-10, 1.69135178085e-10, 1.05640003689e-10, 7.11044764734e-11, 2.78154946992e-11, 1.63761868649e-11, 7.71253113457e-12, 2.11853386396e-12, 8.51716700639e-13, 2.25904649262e-13, 1.61712176039e-14, 4.00148698085e-15, 3.07852028273e-15], "max": [0.0556192100048, 0.0753951743245, 0.0303168836981, 0.0132157960907, 0.012676444836, 0.00972565915436, 0.0171344801784, 0.0092730615288, 0.00880380813032, 0.0140713797882, 0.0152722029015, 0.0103175146505, 0.0117894867435, 0.00968276057392, 0.00564395589754, 0.0069472505711, 0.00378353125416, 0.00432689767331, 0.00117560755461, 0.00137396145146, 0.000604288768955, 0.000571266107727, 0.000381836580345, 0.000438961753389, 0.000273399258731, 0.000522728543729, 0.000453470507637, 0.000447609112598, 0.000220197500312, 0.000166788740898, 0.000223553404794, 0.00014284432109, 0.000115536451631, 9.2210873845e-05, 3.43015490216e-05, 2.46695217356e-05, 9.8396139947e-06, 1.72375939655e-06, 9.60591705734e-07, 8.45600879984e-07], "mean": [0.00265755620785, 0.00280607282184, 0.000793075130787, 0.000501610222273, 0.000313945667585, 0.000248246011324, 0.000240428082179, 0.000184523378266, 0.000195746455574, 0.000191500686924, 0.000225711090025, 0.000185380195035, 0.000157385831699, 0.000166296566022, 0.000123826612253, 8.49618008942e-05, 6.65632542223e-05, 7.3052062362e-05, 4.78331348859e-05, 3.36846715072e-05, 2.04598472919e-05, 1.83982574526e-05, 1.51617250594e-05, 1.25589776871e-05, 1.015705584e-05, 8.83371467353e-06, 7.50244316805e-06, 6.815724646e-06, 5.97603866481e-06, 5.08668972543e-06, 4.2525120989e-06, 3.24851657751e-06, 2.38541178987e-06, 1.63153276844e-06, 9.16380599847e-07, 5.63409514598e-07, 2.57510350821e-07, 7.11097314365e-08, 2.25099974216e-08, 1.88500415277e-08], "median": [0.000965436338447, 0.00112315104343, 0.000430594693171, 0.000221347640036, 0.000116335322673, 9.35694188229e-05, 8.9014225523e-05, 6.39669960947e-05, 8.0698315287e-05, 6.87831197865e-05, 6.38717465336e-05, 5.8589164837e-05, 5.86829628446e-05, 5.85648485867e-05, 4.86864882987e-05, 3.44735963154e-05, 2.61293571384e-05, 2.90925090667e-05, 2.31226549658e-05, 1.50675805344e-05, 9.47714579524e-06, 7.38206517781e-06, 5.01458544022e-06, 4.58326758235e-06, 3.53497489414e-06, 2.47990783464e-06, 1.98565999199e-06, 1.8804365709e-06, 1.55882150921e-06, 1.3366186522e-06, 1.06181141746e-06, 8.05663091796e-07, 5.10342374582e-07, 2.94733041528e-07, 1.57657993327e-07, 9.20170108998e-08, 4.61934170914e-08, 1.91778397607e-08, 7.84368037188e-09, 6.11255934757e-09], "min": [2.45111133102e-24, 5.59386691311e-25, 2.49032698713e-24, 2.52393719486e-24, 2.17421563127e-24, 1.75039794057e-24, 2.03536605397e-24, 3.51719196062e-24, 2.35853948987e-24, 1.64230358478e-24, 5.60959936336e-24, 3.64565835347e-24, 2.4153848067e-24, 1.59260534775e-24, 3.52504112663e-24, 4.61373149585e-24, 3.52644451018e-24, 4.12557884567e-24, 2.95897051548e-24, 4.3232050685e-24, 5.40903384479e-24, 4.50947958292e-24, 4.86449657255e-24, 5.12974079674e-24, 4.79509811213e-24, 6.37000526687e-24, 5.95547029966e-24, 5.93633095637e-24, 3.89838887712e-24, 7.66009340291e-24, 5.29892187862e-24, 6.42692946979e-24, 4.65617694571e-24, 7.11407464989e-24, 6.44001864436e-24, 6.23308544056e-24, 7.56205376961e-24, 7.86118430284e-24, 5.80323276672e-24, 7.37762045655e-24], "var": [1.95898337552e-05, 2.00479444175e-05, 1.53960900207e-06, 6.71272800901e-07, 3.96940635028e-07, 2.84817531337e-07, 2.8600021551e-07, 1.68418196722e-07, 1.69191110899e-07, 2.28021065141e-07, 5.76071272462e-07, 2.56887005889e-07, 1.45974865973e-07, 1.358754389e-07, 6.35208223798e-08, 4.85776752157e-08, 2.3561787188e-08, 2.73268661033e-08, 5.20630916157e-09, 3.27906035658e-09, 9.95959426042e-10, 1.01716834955e-09, 7.67318542039e-10, 4.92152540943e-10, 3.4818559147e-10, 3.82707004976e-10, 3.91371768327e-10, 2.53047055532e-10, 1.76690509446e-10, 1.24092389142e-10, 7.91304105574e-11, 3.54878869346e-11, 1.9541784857e-11, 1.00658864924e-11, 2.9480439357e-12, 1.11501888451e-12, 2.39773207799e-13, 1.51716983974e-14, 1.90262509964e-15, 1.43025229501e-15]}, "melbands_crest": {"dmean": 4.30905675888, "dmean2": 7.14809989929, "dvar": 12.562251091, "dvar2": 32.7666015625, "max": 39.9744796753, "mean": 14.6748342514, "median": 14.1484079361, "min": 1.22329223156, "var": 32.3862419128}, "melbands_flatness_db": {"dmean": 0.0336533077061, "dmean2": 0.051726616919, "dvar": 0.000818813103251, "dvar2": 0.001905680052, "max": 0.634394288063, "mean": 0.224712505937, "median": 0.221933633089, "min": 0.000101699726656, "var": 0.00410554977134}, "melbands_kurtosis": {"dmean": 12.121134758, "dmean2": 18.4018993378, "dvar": 58408.3320312, "dvar2": 122515.414062, "max": 24956.390625, "mean": 19.3110103607, "median": 4.1920747757, "min": -1.82900869846, "var": 143557.390625}, "melbands_skewness": {"dmean": 0.954436182976, "dmean2": 1.48341596127, "dvar": 2.40073537827, "dvar2": 4.69410276413, "max": 144.505874634, "mean": 2.34543824196, "median": 1.92850470543, "min": -2.95937514305, "var": 10.360865593}, "melbands_spread": {"dmean": 7.56204080582, "dmean2": 11.7747831345, "dvar": 69.3420333862, "dvar2": 151.714553833, "max": 165.920440674, "mean": 24.2976551056, "median": 21.1695613861, "min": 0.0301215145737, "var": 316.549468994}, "mfcc": {"cov": [[8196.96777344, 26.8264598846, -453.24395752, 556.236083984, -459.802764893, 392.199920654, -366.725708008, 273.995422363, -181.001831055, 206.638366699, -95.6779022217, 111.321861267, -60.4534759521], [26.8264598846, 1440.38134766, -161.24331665, -315.513916016, 125.02746582, -118.940673828, 117.637771606, -147.465820312, 87.1547164917, -88.3708572388, 46.0729446411, -43.9000587463, 44.6874656677], [-453.24395752, -161.24331665, 554.920410156, 13.7541055679, 53.7583427429, -19.9408988953, -28.433839798, 30.8085594177, -14.5861263275, 41.1582946777, -5.39520072937, 32.2286338806, -2.59661960602], [556.236083984, -315.513916016, 13.7541055679, 532.105224609, -49.0610923767, 69.8697814941, -87.370552063, 57.1633377075, -38.8458938599, 36.4490432739, -7.43304634094, 17.8182811737, -20.1768341064], [-459.802764893, 125.02746582, 53.7583427429, -49.0610923767, 233.911590576, -18.5199298859, 84.8063354492, -47.3853912354, 29.1869945526, -43.9784126282, 9.92511463165, -16.551197052, 26.1296653748], [392.199920654, -118.940673828, -19.9408988953, 69.8697814941, -18.5199298859, 221.783676147, 14.292714119, 74.6076812744, -37.5433120728, 24.3965129852, -34.6321411133, 20.328212738, 7.94394397736], [-366.725708008, 117.637771606, -28.433839798, -87.370552063, 84.8063354492, 14.292714119, 185.769805908, -1.04038751125, 54.1177520752, -42.8338165283, 8.00597381592, -17.7273979187, 30.8736858368], [273.995422363, -147.465820312, 30.8085594177, 57.1633377075, -47.3853912354, 74.6076812744, -1.04038751125, 132.05279541, 7.82785415649, 44.104221344, -17.1720695496, 19.2813777924, -6.60787153244], [-181.001831055, 87.1547164917, -14.5861263275, -38.8458938599, 29.1869945526, -37.5433120728, 54.1177520752, 7.82785415649, 103.053749084, 16.426864624, 27.9748325348, -9.33841609955, 12.788022995], [206.638366699, -88.3708572388, 41.1582946777, 36.4490432739, -43.9784126282, 24.3965129852, -42.8338165283, 44.104221344, 16.426864624, 105.525588989, 28.3429775238, 25.7670726776, -13.9773244858], [-95.6779022217, 46.0729446411, -5.39520072937, -7.43304634094, 9.92511463165, -34.6321411133, 8.00597381592, -17.1720695496, 27.9748325348, 28.3429775238, 77.9881591797, 19.5743312836, 6.12575817108], [111.321861267, -43.9000587463, 32.2286338806, 17.8182811737, -16.551197052, 20.328212738, -17.7273979187, 19.2813777924, -9.33841609955, 25.7670726776, 19.5743312836, 64.2571334839, 17.7217884064], [-60.4534759521, 44.6874656677, -2.59661960602, -20.1768341064, 26.1296653748, 7.94394397736, 30.8736858368, -6.60787153244, 12.788022995, -13.9773244858, 6.12575817108, 17.7217884064, 58.6246070862]], "icov": [[0.000189063241123, -0.000121247481729, 0.00016306557518, -0.000139276293339, 0.000138603238156, -0.000157603033585, 0.000225716401474, -0.000243444621447, 0.00017649171059, -0.000241167028435, 0.000204927913728, -0.000171150226379, -5.73270244786e-06], [-0.000121247481729, 0.00103812257294, 8.81496307557e-05, 0.000486825505504, -0.000242920592427, 8.65571928443e-05, -0.000139855357702, 0.000802946044132, -0.000692896079272, 0.000519660068676, -0.000435851630755, 0.000261202425463, -0.00024257376208], [0.00016306557518, 8.81496307557e-05, 0.00234361807816, -1.97823283088e-05, -0.000970914785285, 0.000704660196789, 0.000278485502349, -0.000789736979641, 0.000796501291916, -0.0013808022486, 0.00106026674621, -0.00122004922014, 5.46101800865e-05], [-0.000139276293339, 0.000486825505504, -1.97823283088e-05, 0.00248538516462, -0.000315430341288, -0.000481901894091, 0.000973924878053, -0.000396445975639, -0.000141629090649, 0.000554149795789, -0.000826981500722, 0.000324102700688, 0.000139565570862], [0.000138603238156, -0.000242920592427, -0.000970914785285, -0.000315430341288, 0.00639006914571, -0.000758817128371, -0.00190031132661, 0.00190584990196, -0.000881596526597, 0.00124169501942, -0.000571500277147, 0.000794548948761, -0.0010453046998], [-0.000157603033585, 8.65571928443e-05, 0.000704660196789, -0.000481901894091, -0.000758817128371, 0.00777905667201, -0.00255488464609, -0.00299944239669, 0.00397820863873, -0.00301552680321, 0.00296308752149, -0.00100515200756, -0.00166414177511], [0.000225716401474, -0.000139855357702, 0.000278485502349, 0.000973924878053, -0.00190031132661, -0.00255488464609, 0.0104348994792, -0.00218315725215, -0.00446566892788, 0.00454815430567, -0.00230187154375, 0.00176258489955, -0.00209515844472], [-0.000243444621447, 0.000802946044132, -0.000789736979641, -0.000396445975639, 0.00190584990196, -0.00299944239669, -0.00218315725215, 0.0140433413908, -0.00401572324336, -0.0031748728361, 0.00406835228205, -0.00295822415501, 0.00184323173016], [0.00017649171059, -0.000692896079272, 0.000796501291916, -0.000141629090649, -0.000881596526597, 0.00397820863873, -0.00446566892788, -0.00401572324336, 0.0175979863852, -0.00617570336908, -0.00271711358801, 0.0042771063745, -0.00387044856325], [-0.000241167028435, 0.000519660068676, -0.0013808022486, 0.000554149795789, 0.00124169501942, -0.00301552680321, 0.00454815430567, -0.0031748728361, -0.00617570336908, 0.0193726271391, -0.00779685750604, -0.00264729233459, 0.00416779797524], [0.000204927913728, -0.000435851630755, 0.00106026674621, -0.000826981500722, -0.000571500277147, 0.00296308752149, -0.00230187154375, 0.00406835228205, -0.00271711358801, -0.00779685750604, 0.0215911604464, -0.00793610978872, 0.000706614635419], [-0.000171150226379, 0.000261202425463, -0.00122004922014, 0.000324102700688, 0.000794548948761, -0.00100515200756, 0.00176258489955, -0.00295822415501, 0.0042771063745, -0.00264729233459, -0.00793610978872, 0.0253703705966, -0.0102018704638], [-5.73270244786e-06, -0.00024257376208, 5.46101800865e-05, 0.000139565570862, -0.0010453046998, -0.00166414177511, -0.00209515844472, 0.00184323173016, -0.00387044856325, 0.00416779797524, 0.000706614635419, -0.0102018704638, 0.0241377577186]], "mean": [-663.994934082, 154.394866943, -27.3718852997, 31.052488327, -7.87677574158, 27.5127239227, -0.443785339594, 11.7463235855, 1.8601449728, 5.9284696579, 0.262710690498, 2.57225346565, -0.186533108354]}, "pitch_salience": {"dmean": 0.0897229760885, "dmean2": 0.148982599378, "dvar": 0.00602237787098, "dvar2": 0.01617555134, "max": 0.991637527943, "mean": 0.58128631115, "median": 0.597105264664, "min": 0.00472459383309, "var": 0.0133115947247}, "silence_rate_20dB": {"dmean": 0, "dmean2": 0, "dvar": 0, "dvar2": 0, "max": 1, "mean": 1, "median": 1, "min": 1, "var": 0}, "silence_rate_30dB": {"dmean": 0.0413646809757, "dmean2": 0.0827366709709, "dvar": 0.0396518595517, "dvar2": 0.0919727385044, "max": 1, "mean": 0.956252753735, "median": 1, "min": 0, "var": 0.0418352484703}, "silence_rate_60dB": {"dmean": 0.0148488599807, "dmean2": 0.0297003444284, "dvar": 0.0146271828562, "dvar2": 0.0348314344883, "max": 1, "mean": 0.0470172353089, "median": 0, "min": 0, "var": 0.0448082722723}, "spectral_centroid": {"dmean": 236.600097656, "dmean2": 338.314788818, "dvar": 67342.15625, "dvar2": 119796.335938, "max": 11740.2402344, "mean": 1322.64025879, "median": 1164.43762207, "min": 211.099304199, "var": 556214.4375}, "spectral_complexity": {"dmean": 4.65953683853, "dmean2": 6.23530435562, "dvar": 23.3792419434, "dvar2": 34.7904968262, "max": 63, "mean": 21.6217403412, "median": 20, "min": 0, "var": 154.0703125}, "spectral_contrast_coeffs": {"dmean": [0.0543419830501, 0.0478073470294, 0.039930973202, 0.0286218747497, 0.019314320758, 0.0447693914175], "dmean2": [0.0911808460951, 0.0796878933907, 0.0655138269067, 0.0470308326185, 0.0317560248077, 0.0662203803658], "dvar": [0.00179695372935, 0.00144211167935, 0.00101910380181, 0.000534013728611, 0.000265835609753, 0.00135002017487], "dvar2": [0.00487167434767, 0.0039392686449, 0.00260580773465, 0.0013887345558, 0.000692606146913, 0.00304234563373], "max": [-0.376785129309, -0.476743340492, -0.491145074368, -0.547349512577, -0.642127215862, -0.421432703733], "mean": [-0.691807210445, -0.783333957195, -0.794706106186, -0.806549549103, -0.824731230736, -0.693754136562], "median": [-0.695429742336, -0.790267169476, -0.803282260895, -0.811312913895, -0.827886223793, -0.687471807003], "min": [-0.979609906673, -0.985810220242, -0.991298615932, -0.983112990856, -0.979654788971, -0.962893664837], "var": [0.00529740238562, 0.00407678214833, 0.00364713603631, 0.00203437055461, 0.00106223148759, 0.00715732295066]}, "spectral_contrast_valleys": {"dmean": [0.444919466972, 0.429244667292, 0.385601848364, 0.330564320087, 0.284027546644, 0.609570920467], "dmean2": [0.71134519577, 0.675008773804, 0.583914518356, 0.48355576396, 0.360545217991, 0.920923113823], "dvar": [0.147571921349, 0.154073432088, 0.127685770392, 0.111745432019, 0.101455770433, 0.267263323069], "dvar2": [0.323027104139, 0.339541345835, 0.257990300655, 0.201942175627, 0.149399980903, 0.662928938866], "max": [-5.16854763031, -4.32815933228, -4.81412315369, -5.29541635513, -5.4655957222, -8.83815765381], "mean": [-7.03199625015, -6.67271137238, -6.87679433823, -7.23947000504, -7.56534099579, -11.3164615631], "median": [-6.86364459991, -6.49924755096, -6.68307924271, -7.04684352875, -7.40993690491, -11.1429853439], "min": [-27.9096069336, -28.3510513306, -27.5557155609, -27.6996040344, -27.4939517975, -27.3905391693], "var": [1.97342145443, 1.95487654209, 1.85276007652, 1.8169683218, 1.90911948681, 1.5361379385]}, "spectral_decrease": {"dmean": 3.55315510348e-09, "dmean2": 5.38493338809e-09, "dvar": 2.46562721355e-17, "dvar2": 5.77690962232e-17, "max": 5.17126075295e-09, "mean": -6.84422118979e-09, "median": -4.63222260549e-09, "min": -7.529748558e-08, "var": 4.97338439005e-17}, "spectral_energy": {"dmean": 0.0157873611897, "dmean2": 0.0226915664971, "dvar": 0.000434301327914, "dvar2": 0.000931700516958, "max": 0.313384890556, "mean": 0.0374505408108, "median": 0.0272936746478, "min": 1.04355942857e-20, "var": 0.00114587042481}, "spectral_energyband_high": {"dmean": 0.000931260350626, "dmean2": 0.00105465308297, "dvar": 3.58072270501e-06, "dvar2": 5.64107585888e-06, "max": 0.0729193389416, "mean": 0.00220695184544, "median": 0.000788190052845, "min": 7.35672868716e-21, "var": 1.56016085384e-05}, "spectral_energyband_low": {"dmean": 0.0109998164698, "dmean2": 0.0175944194198, "dvar": 0.000329296657583, "dvar2": 0.000810042838566, "max": 0.268655836582, "mean": 0.0155698414892, "median": 0.00710038794205, "min": 2.21646201208e-23, "var": 0.000489094702061}, "spectral_energyband_middle_high": {"dmean": 0.00315036159009, "dmean2": 0.00454283412546, "dvar": 2.66107272182e-05, "dvar2": 6.12295261817e-05, "max": 0.147673130035, "mean": 0.00747981201857, "median": 0.00434912601486, "min": 1.30314237669e-21, "var": 9.26714055822e-05}, "spectral_energyband_middle_low": {"dmean": 0.00422505615279, "dmean2": 0.00656059803441, "dvar": 3.66020285583e-05, "dvar2": 8.52174853208e-05, "max": 0.111947260797, "mean": 0.00871946290135, "median": 0.00547284865752, "min": 1.76884703056e-22, "var": 9.76912051556e-05}, "spectral_entropy": {"dmean": 0.148906603456, "dmean2": 0.202205210924, "dvar": 0.0196407362819, "dvar2": 0.0358867496252, "max": 9.81384658813, "mean": 7.64207363129, "median": 7.69389057159, "min": 5.83872032166, "var": 0.134806454182}, "spectral_flux": {"dmean": 0.0298656281084, "dmean2": 0.0457692928612, "dvar": 0.00105526822153, "dvar2": 0.00227784621529, "max": 0.489986270666, "mean": 0.111212216318, "median": 0.10330119729, "min": 6.50048834205e-11, "var": 0.00326393824071}, "spectral_kurtosis": {"dmean": 4.49652910233, "dmean2": 6.40463972092, "dvar": 28.9320774078, "dvar2": 63.3492774963, "max": 93.0833816528, "mean": 19.0628566742, "median": 16.9222049713, "min": -1.2267138958, "var": 101.24874115}, "spectral_rms": {"dmean": 0.00118848262355, "dmean2": 0.00164900021628, "dvar": 1.52994664404e-06, "dvar2": 2.89432477985e-06, "max": 0.0174854621291, "mean": 0.00546101806685, "median": 0.00516023021191, "min": 3.19077837069e-12, "var": 6.71438010613e-06}, "spectral_rolloff": {"dmean": 4446.97021484, "dmean2": 8320.94238281, "dvar": 47031920, "dvar2": 109715632, "max": 22050, "mean": 10005.9208984, "median": 4371.24023438, "min": 21.533203125, "var": 83436488}, "spectral_skewness": {"dmean": 0.358254641294, "dmean2": 0.485344141722, "dvar": 0.134627118707, "dvar2": 0.259795874357, "max": 7.32460784912, "mean": 2.95842599869, "median": 2.81909632683, "min": -0.0731960237026, "var": 0.737851202488}, "spectral_spread": {"dmean": 482625.96875, "dmean2": 666036.0625, "dvar": 347645378560, "dvar2": 653364232192, "max": 42173980, "mean": 4324545, "median": 4181674.25, "min": 1467381.875, "var": 3278350319620.0}, "spectral_strongpeak": {"dmean": 