{"lowlevel": {"average_loudness": 0.860926032066, "barkbands": {"dmean": [0.0013876472367, 0.00728530390188, 0.00311577809043, 0.00431740190834, 0.006957444828, 0.00267718126997, 0.00102060532663, 0.000592885364313, 0.000457596674096, 0.000353697512764, 0.000228326534852, 0.000260444357991, 0.0001847496751, 0.000162858341355, 0.000109194654215, 8.35585669847e-05, 7.86262971815e-05, 4.49845247203e-05, 3.35706354235e-05, 2.85848818748e-05, 8.42838107928e-06, 4.07545348935e-06, 3.25348719343e-06, 3.09156212097e-06, 3.01366321764e-06, 3.15905140269e-06, 4.20621690864e-05], "dmean2": [0.00260791205801, 0.0120313810185, 0.00532468128949, 0.0075518079102, 0.0113394008949, 0.00435639731586, 0.00166359532159, 0.000923993706238, 0.000721652526408, 0.000560287386179, 0.000361592392437, 0.000410120701417, 0.000296285666991, 0.000259225751506, 0.00017317912716, 0.000130170068587, 0.000124433354358, 6.93651672918e-05, 5.13546001457e-05, 4.30757791037e-05, 1.31717233671e-05, 6.69198061587e-06, 5.3948515415e-06, 5.13037366545e-06, 4.98805320603e-06, 5.19215973327e-06, 6.21338185738e-05], "dvar": [2.62387948169e-06, 8.11356730992e-05, 1.41172267831e-05, 3.2258205465e-05, 6.20772116235e-05, 1.30212356453e-05, 2.19911157728e-06, 1.82266376214e-06, 6.91326022206e-07, 5.65041716527e-07, 2.91393718044e-07, 3.39807371574e-07, 1.51127451886e-07, 1.06693647695e-07, 5.56023529441e-08, 3.00553146815e-08, 1.99919618638e-08, 7.88386245176e-09, 8.79295392053e-09, 1.1438270775e-08, 3.23414850456e-10, 3.28703349262e-11, 2.21479275891e-11, 1.99695104203e-11, 1.83193737957e-11, 1.77641911597e-11, 6.36722674585e-09], "dvar2": [7.79816946306e-06, 0.000209522360819, 3.84776903957e-05, 8.76438789419e-05, 0.000161337520694, 3.14267708745e-05, 5.26814119439e-06, 3.41686882166e-06, 1.57173496973e-06, 1.26233305764e-06, 6.83790233325e-07, 7.64325591263e-07, 3.61126183179e-07, 2.55967194107e-07, 1.32159627242e-07, 6.79270115711e-08, 4.65591831755e-08, 1.84173742923e-08, 1.72689649247e-08, 2.31993535493e-08, 6.84416412433e-10, 8.08539138419e-11, 5.46258628609e-11, 4.92466241397e-11, 4.51638067223e-11, 4.37522761076e-11, 1.27230102009e-08], "max": [0.0164236240089, 0.15080074966, 0.0534345060587, 0.0768216103315, 0.141114071012, 0.054381351918, 0.024304009974, 0.0519185326993, 0.025131477043, 0.0197098590434, 0.011450256221, 0.0155201852322, 0.0182979144156, 0.00807425472885, 0.00851562339813, 0.00715210521594, 0.00532493647188, 0.00325382244773, 0.00433468166739, 0.00524445343763, 0.000937617907766, 8.51957156556e-05, 6.36508411844e-05, 5.97625075898e-05, 5.74656260142e-05, 5.63926223549e-05, 0.00265880441293], "mean": [0.00131144269835, 0.0113350227475, 0.00447501894087, 0.00578711554408, 0.0140952579677, 0.00457631517202, 0.00154361163732, 0.00095287442673, 0.000737191759981, 0.000546173308976, 0.000365713000065, 0.000408759951824, 0.000303674256429, 0.000263932917733, 0.000181800365681, 0.000152691296535, 0.000143711586134, 8.38988635223e-05, 6.11938230577e-05, 4.98998342664e-05, 1.38156292451e-05, 4.79618938698e-06, 3.39745247402e-06, 3.1606423363e-06, 3.18766456076e-06, 3.6426895349e-06, 8.68969436851e-05], "median": [0.000746270059608, 0.00844493228942, 0.0029625846073, 0.00343298492953, 0.0105875777081, 0.00288945157081, 0.000911203678697, 0.000404026330216, 0.000358866440365, 0.000238054679357, 0.000152829728904, 0.00018684042152, 0.000150069026859, 0.000125352991745, 9.10256349016e-05, 7.73252613726e-05, 7.31855034246e-05, 4.14138048654e-05, 2.84916277451e-05, 2.15470008698e-05, 7.0354849413e-06, 2.6122268082e-06, 1.56265252826e-06, 1.40442409702e-06, 1.50987511915e-06, 1.98969200937e-06, 5.51324992557e-05], "min": [5.15573603154e-25, 4.46837322444e-24, 3.48313126401e-25, 5.61407407823e-25, 5.03439354571e-24, 7.13878414002e-24, 7.1463635156e-24, 5.15826009061e-24, 1.03427300848e-23, 2.13559635401e-23, 1.77178064649e-23, 1.8271163991e-23, 2.81741798517e-23, 4.24191145339e-23, 3.77562586973e-23, 6.52003193823e-23, 8.33866429606e-23, 1.0874024749e-22, 1.194077169e-22, 1.01127802864e-22, 2.0000409573e-22, 2.85845150024e-22, 4.12191662202e-22, 6.22586393962e-22, 8.28618788025e-22, 1.2796105423e-21, 1.91099199067e-21], "var": [2.47552179644e-06, 0.000126050290419, 2.38333377638e-05, 5.22909722349e-05, 0.000181367606274, 2.74671529041e-05, 4.11360952057e-06, 5.58909096071e-06, 1.66259894741e-06, 1.0022247352e-06, 5.77053810957e-07, 6.37136224668e-07, 3.22352633475e-07, 1.97322606255e-07, 1.05847504983e-07, 7.22800450603e-08, 5.01268395681e-08, 1.9318525446e-08, 1.40373277446e-08, 1.48828309676e-08, 4.96913787895e-10, 3.95234088513e-11, 2.48284153653e-11, 2.2343637357e-11, 2.08863551454e-11, 2.15934492509e-11, 1.43622198578e-08]}, "barkbands_crest": {"dmean": 2.8911716938, "dmean2": 4.84429979324, "dvar": 5.92700910568, "dvar2": 15.8021745682, "max": 26.9546756744, "mean": 11.1823654175, "median": 10.4078903198, "min": 3.49166703224, "var": 14.8631229401}, "barkbands_flatness_db": {"dmean": 0.0309002380818, "dmean2": 0.0481292642653, "dvar": 0.00062031467678, "dvar2": 0.00151088566054, "max": 0.624428927898, "mean": 0.200579479337, "median": 0.195854961872, "min": 0.0546469949186, "var": 0.00260490458459}, "barkbands_kurtosis": {"dmean": 9.9553155899, "dmean2": 13.7784099579, "dvar": 4050.14892578, "dvar2": 3589.90185547, "max": 9830.30761719, "mean": 29.3302078247, "median": 12.7130746841, "min": -1.21985840797, "var": 72183.234375}, "barkbands_skewness": {"dmean": 0.703188717365, "dmean2": 1.11131358147, "dvar": 0.6267567873, "dvar2": 1.27676403522, "max": 96.5924758911, "mean": 2.84571933746, "median": 2.55503320694, "min": -2.14274549484, "var": 11.4336748123}, "barkbands_spread": {"dmean": 2.58676481247, "dmean2": 3.97920203209, "dvar": 8.41105937958, "dvar2": 19.2923431396, "max": 60.6383018494, "mean": 8.42912864685, "median": 7.07073974609, "min": 0.046493794769, "var": 30.5862407684}, "dissonance": {"dmean": 0.0230345875025, "dmean2": 0.038808170706, "dvar": 0.000427970546298, "dvar2": 0.00119964953046, "max": 0.500000119209, "mean": 0.458358764648, "median": 0.46419647336, "min": 0.252757102251, "var": 0.000808829092421}, "dynamic_complexity": 1.7584644556, "erbbands": {"dmean": [0.190465465188, 1.76267945766, 3.05151462555, 10.3976383209, 19.3031463623, 23.8826751709, 25.6928787231, 23.2480049133, 15.4361133575, 13.8461751938, 12.266002655, 10.7293481827, 9.73530101776, 10.9833831787, 8.30326461792, 10.8739748001, 8.24446487427, 7.62453556061, 6.97411966324, 4.68919658661, 4.47940349579, 4.26388692856, 2.70858764648, 1.74401462078, 1.64622724056, 1.38500368595, 0.556620657444, 0.223381191492, 0.149380296469, 0.11652353406, 0.0901094302535, 0.0682944953442, 0.0495899543166, 0.0338796488941, 0.0213566347957, 0.0120832873508, 0.005914083682, 0.00251509225927, 0.00207711872645, 0.00185209850315], "dmean2": [0.304580062628, 2.9324157238, 5.2181892395, 17.8933105469, 32.1126785278, 39.3057937622, 41.5177993774, 37.8181381226, 25.2809257507, 22.4057636261, 18.7856025696, 16.9004020691, 15.357008934, 17.6314697266, 12.9784069061, 17.1080589294, 13.147403717, 12.0083198547, 10.951918602, 7.35084581375, 6.90380811691, 6.68308544159, 4.15984916687, 2.62736296654, 2.50174331665, 2.09079623222, 0.846426188946, 0.353198587894, 0.244762137532, 0.192375615239, 0.149476662278, 0.113439776003, 0.0822845622897, 0.0561367198825, 0.0353011861444, 0.0199072565883, 0.0097172614187, 0.00406151125208, 0.0029829016421, 0.00293015758507], "dvar": [0.0458148308098, 5.08041000366, 14.4401721954, 173.672866821, 416.186950684, 1035.03271484, 1427.89733887, 1070.93713379, 522.44329834, 547.602905273, 932.15625, 410.088592529, 316.75567627, 617.34375, 455.970123291, 611.010925293, 276.786804199, 225.773040771, 184.286956787, 104.249298096, 92.0749130249, 59.5859870911, 28.9287853241, 13.3902635574, 35.3560180664, 27.4955711365, 2.29288601875, 0.129362121224, 0.0440372601151, 0.0277931913733, 0.0170240458101, 0.00980435311794, 0.00511582242325, 0.00234824488871, 0.000907064706553, 0.000277015846223, 6.13817028352e-05, 9.58782675298e-06, 3.25517758029e-05, 4.64116283183e-06], "dvar2": [0.114554807544, 13.1926689148, 39.3826141357, 459.91784668, 1136.87756348, 2639.72045898, 3287.97949219, 2550.33056641, 1321.1282959, 1265.7833252, 1697.34887695, 938.307434082, 733.460021973, 1393.10534668, 1042.17919922, 1388.00866699, 657.356567383, 543.882751465, 445.632049561, 245.939712524, 199.346679688, 137.730987549, 65.6913452148, 29.1434173584, 71.9029693604, 56.9628753662, 4.70004177094, 0.28430506587, 0.107570409775, 0.0685319751501, 0.0419760644436, 0.0241777263582, 0.0126143684611, 0.00578894047067, 0.00223642354831, 0.000683254853357, 0.000151252141222, 2.33790269704e-05, 6.37530029053e-05, 1.00854895209e-05], "max": [3.81441402435, 40.0322303772, 51.2629432678, 177.648727417, 362.707672119, 693.149719238, 762.058349609, 562.58026123, 385.319274902, 514.853881836, 1352.93591309, 768.22088623, 399.783935547, 691.861450195, 643.816772461, 596.05255127, 767.855102539, 387.453826904, 437.860839844, 415.071380615, 424.152496338, 340.460540771, 200.250961304, 165.082839966, 285.783447266, 284.855499268, 81.5431594849, 14.4827289581, 3.05343532562, 2.3966999054, 1.74915790558, 1.31827151775, 0.958097875118, 0.650209009647, 0.404527693987, 0.222857788205, 0.103908903897, 0.0404920764267, 0.275067895651, 0.0654431283474], "mean": [0.313010185957, 2.58207583427, 4.70858430862, 16.0524730682, 33.8706855774, 43.4018630981, 43.5366249084, 38.5727615356, 24.0746498108, 21.9013938904, 20.35197258, 17.5383300781, 16.2665500641, 17.9486980438, 14.4368782043, 17.6903209686, 14.5500907898, 13.2528600693, 12.0393190384, 8.40654659271, 8.67485809326, 8.12484073639, 5.27800703049, 3.41639447212, 2.89491176605, 2.41874217987, 0.98906314373, 0.339211702347, 0.181401252747, 0.127943485975, 0.0934822410345, 0.0695001929998, 0.0510017797351, 0.0354444757104, 0.0228631012142, 0.0133503545076, 0.00689761014655, 0.00367042701691, 0.0043550026603, 0.00618283171207], "median": [0.230643346906, 1.85226964951, 3.37157249451, 9.88039398193, 26.081281662, 28.5965080261, 24.5045394897, 23.0230503082, 14.9862861633, 11.7452039719, 8.68067073822, 8.51367950439, 8.11367607117, 7.82347106934, 6.76271915436, 8.16685199738, 7.63114738464, 6.89806079865, 6.24200248718, 4.46983718872, 4.52534770966, 4.22997093201, 2.64228153229, 1.72160518169, 1.30981492996, 1.03021252155, 0.463764131069, 0.19037771225, 0.100890502334, 0.0642812028527, 0.0422747060657, 0.0307047739625, 0.0230187755078, 0.0165151879191, 0.011078428477, 0.00684805680066, 0.00382820377126, 0.0024821262341, 0.00264590373263, 0.00553676299751], "min": [1.77118698133e-22, 5.91859693724e-22, 1.20057511094e-21, 8.70069684976e-21, 6.7430798222e-21, 2.50851810383e-20, 5.22012488079e-20, 4.89546392206e-20, 1.28933779452e-19, 1.74692570833e-19, 1.67422351182e-19, 2.86481778394e-19, 4.61312372067e-19, 7.056067243e-19, 8.65052663308e-19, 9.16902515452e-19, 1.70856657744e-18, 1.99812632074e-18, 2.50970961226e-18, 3.44039719602e-18, 3.91005711294e-18, 5.1391490687e-18, 6.28258026818e-18, 5.50902866987e-18, 7.54872702025e-18, 5.15565752578e-18, 8.50278886696e-18, 9.03517223537e-18, 9.81026693911e-18, 1.27718522919e-17, 1.2326547881e-17, 1.19874170647e-17, 9.93202378937e-18, 8.31544569311e-18, 6.05973987911e-18, 4.51316318295e-18, 2.37786508763e-18, 9.75891246475e-19, 2.52040123187e-19, 2.38938487013e-20], "var": [0.0854753032327, 7.52466583252, 20.2489852905, 370.149536133, 876.118408203, 3006.45117188, 3405.0144043, 2485.59448242, 849.045715332, 1197.5345459, 2841.63378906, 992.563781738, 651.145080566, 1162.51013184, 868.586547852, 1177.15881348, 619.288269043, 425.86416626, 340.242156982, 225.028610229, 252.086273193, 155.183288574, 77.2111206055, 28.1702194214, 47.1872940063, 34.8180465698, 3.46172046661, 0.203783228993, 0.0542542822659, 0.0318994745612, 0.0190506894141, 0.0109315179288, 0.0057373913005, 0.00265790871345, 0.00104198849294, 0.000325893430272, 7.51187544665e-05, 1.38346786116e-05, 5.27587762917e-05, 1.29378022393e-05]}, "erbbands_crest": {"dmean": 2.63873362541, "dmean2": 4.3021197319, "dvar": 5.16728115082, "dvar2": 13.161277771, "max": 27.2606487274, "mean": 9.16515541077, "median": 8.45625209808, "min": 2.51207637787, "var": 13.4133987427}, "erbbands_flatness_db": {"dmean": 0.0278388354927, "dmean2": 0.0433762595057, "dvar": 0.000500289665069, "dvar2": 0.0012584120268, "max": 0.309391200542, "mean": 0.171829268336, "median": 0.17009344697, "min": 0.0164219029248, "var": 0.00151673960499}, "erbbands_kurtosis": {"dmean": 1.42957520485, "dmean2": 2.243029356, "dvar": 4.24061346054, "dvar2": 10.3103609085, "max": 39.0335273743, "mean": 1.35724627972, "median": 0.409999132156, "min": -1.80956411362, "var": 10.0540037155}, "erbbands_skewness": {"dmean": 0.42160910368, "dmean2": 0.641607761383, "dvar": 0.133536696434, "dvar2": 0.305755645037, "max": 5.18668317795, "mean": 0.967624425888, "median": 0.947042942047, "min": -1.95350515842, "var": 0.696977257729}, "erbbands_spread": {"dmean": 6.2746257782, "dmean2": 9.59680461884, "dvar": 36.1936225891, "dvar2": 78.8916015625, "max": 181.767700195, "mean": 28.8020553589, "median": 26.767616272, "min": 2.36584424973, "var": 160.421768188}, "gfcc": {"cov": [[16526.4980469, 1522.74694824, -1293.66943359, -199.244613647, -288.064910889, -265.439056396, -356.189544678, -143.061157227, -260.565826416, -106.866249084, -63.7629585266, -107.555526733, -29.6135215759], [1522.74694824, 785.623657227, -216.927062988, -203.091400146, 137.504928589, -194.991699219, 59.9907913208, -69.2650756836, 3.09651899338, -47.0076980591, 46.0574035645, -64.4260482788, 39.8215827942], [-1293.66943359, -216.927062988, 523.048522949, 116.437942505, -111.340614319, 149.697067261, -54.7251167297, 48.0981445312, 8.96473884583, 14.2408514023, -20.6805171967, 21.4521598816, -29.2974948883], [-199.244613647, -203.091400146, 116.437942505, 245.529541016, 32.3641242981, -9.78391265869, 12.9687108994, 0.669463038445, -1.52837753296, 8.34247207642, -17.861038208, 1.68401002884, -8.85955715179], [-288.064910889, 137.504928589, -111.340614319, 32.3641242981, 251.578979492, -79.2179489136, 93.5611953735, -29.0911064148, 4.2740316391, -22.4964046478, 26.9244480133, -20.4460697174, 29.3484458923], [-265.439056396, -194.991699219, 149.697067261, -9.78391265869, -79.2179489136, 242.490768433, -44.1957473755, 41.4310302734, -10.6880064011, -4.51984739304, -15.8746004105, 44.8617515564, -11.2909040451], [-356.189544678, 59.9907913208, -54.7251167297, 12.9687108994, 93.5611953735, -44.1957473755, 139.65184021, 9.4234418869, 14.0638790131, -5.20533084869, 10.2762441635, -12.0939874649, 23.9266204834], [-143.061157227, -69.2650756836, 48.0981445312, 0.669463038445, -29.0911064148, 41.4310302734, 9.4234418869, 72.4014282227, 32.2846069336, 15.1681718826, -3.20119714737, 6.7868642807, -6.21979904175], [-260.565826416, 3.09651899338, 8.96473884583, -1.52837753296, 4.2740316391, -10.6880064011, 14.0638790131, 32.2846069336, 74.2916946411, 39.1990470886, 7.44851493835, -6.89038944244, -3.77120518684], [-106.866249084, -47.0076980591, 14.2408514023, 8.34247207642, -22.4964046478, -4.51984739304, -5.20533084869, 15.1681718826, 39.1990470886, 66.2682647705, 26.8112545013, 4.95575666428, -9.08630371094], [-63.7629585266, 46.0574035645, -20.6805171967, -17.861038208, 26.9244480133, -15.8746004105, 10.2762441635, -3.20119714737, 7.44851493835, 26.8112545013, 61.5553779602, 23.8512783051, 9.85919380188], [-107.555526733, -64.4260482788, 21.4521598816, 1.68401002884, -20.4460697174, 44.8617515564, -12.0939874649, 6.7868642807, -6.89038944244, 4.95575666428, 23.8512783051, 59.6849822998, 19.5834255219], [-29.6135215759, 39.8215827942, -29.2974948883, -8.85955715179, 29.3484458923, -11.2909040451, 23.9266204834, -6.21979904175, -3.77120518684, -9.08630371094, 9.85919380188, 19.5834255219, 50.3119277954]], "icov": [[0.000233802842558, -0.000989987282082, 0.000892708019819, -0.00107588828541, 0.000570269068703, -0.000512418628205, 0.000705070677213, -0.000954780436587, 0.0013500173809, -0.00100540975109, 0.000754234089982, -0.000238552791416, 0.000215245061554], [-0.000989987282082, 0.00741443829611, -0.00407258654013, 0.00692755822092, -0.00266569107771, 0.00363315362483, -0.00293040391989, 0.00575117534027, -0.00770916324109, 0.00815730262548, -0.0070636854507, 0.00473443698138, -0.00269119534642], [0.000892708019819, -0.00407258654013, 0.00647421739995, -0.0061361650005, 0.00334025057964, -0.00378975225613, 0.00307609792799, -0.00442765839398, 0.00456852139905, -0.00327035272494, 0.00194335286506, -0.000146127014887, 0.00105705030728], [-0.00107588828541, 0.00692755822092, -0.0061361650005, 0.0126603050157, -0.00512521201745, 0.00510365376249, -0.00379854300991, 0.00563328294083, -0.00556894438341, 0.00357783446088, -0.00101470155641, -2.26851843763e-05, -0.000385885039577], [0.000570269068703, -0.00266569107771, 0.00334025057964, -0.00512521201745, 0.00948894582689, -0.00201809150167, -0.00153828877956, 0.000192553809029, -4.97142355016e-05, 0.00334697589278, -0.0048079774715, 0.00370524730533, -0.00164392660372], [-0.000512418628205, 0.00363315362483, -0.00378975225613, 0.00510365376249, -0.00201809150167, 0.00924514140934, -0.000948562286794, -0.000321603874909, -0.00169849139638, 0.00304399360903, 0.000904851651285, -0.00481571210548, 0.00129756820388], [0.000705070677213, -0.00293040391989, 0.00307609792799, -0.00379854300991, -0.00153828877956, -0.000948562286794, 0.0132789406925, -0.00688983453438, 0.00378129375167, -0.00245984224603, 0.00106821395457, 0.00225379923359, -0.00387294823304], [-0.000954780436587, 0.00575117534027, -0.00442765839398, 0.00563328294083, 0.000192553809029, -0.000321603874909, -0.00688983453438, 0.0272551607341, -0.0172765459865, 0.00813291035593, -0.00455731293187, 0.000701606099028, 0.000554933561943], [0.0013500173809, -0.00770916324109, 0.00456852139905, -0.00556894438341, -4.97142355016e-05, -0.00169849139638, 0.00378129375167, -0.0172765459865, 0.0366935506463, -0.0260845329612, 0.0128582529724, -0.00235846545547, 0.00072767585516], [-0.00100540975109, 0.00815730262548, -0.00327035272494, 0.00357783446088, 0.00334697589278, 0.00304399360903, -0.00245984224603, 0.00813291035593, -0.0260845329612, 0.0444671958685, -0.0269842799753, 0.009501690045, 0.00024837203091], [0.000754234089982, -0.0070636854507, 0.00194335286506, -0.00101470155641, -0.0048079774715, 0.000904851651285, 0.00106821395457, -0.00455731293187, 0.0128582529724, -0.0269842799753, 0.0431344695389, -0.0239741075784, 0.00589353218675], [-0.000238552791416, 0.00473443698138, -0.000146127014887, -2.26851843763e-05, 0.00370524730533, -0.00481571210548, 0.00225379923359, 0.000701606099028, -0.00235846545547, 0.009501690045, -0.0239741075784, 0.0411779806018, -0.0179948937148], [0.000215245061554, -0.00269119534642, 0.00105705030728, -0.000385885039577, -0.00164392660372, 0.00129756820388, -0.00387294823304, 0.000554933561943, 0.00072767585516, 0.00024837203091, 0.00589353218675, -0.0179948937148, 0.0317897722125]], "mean": [-29.0709590912, 138.318817139, -71.4034805298, 1.30368936062, -9.81745910645, -21.0647068024, -18.4803123474, -12.1999034882, -14.8855781555, -9.92258930206, -2.38593363762, -8.89490699768, 0.165678754449]}, "hfc": {"dmean": 54.4396781921, "dmean2": 91.9844970703, "dvar": 2961.12060547, "dvar2": 7894.34130859, "max": 895.327331543, "mean": 158.853118896, "median": 145.156494141, "min": 1.10895704124e-16, "var": 6569.07470703}, "melbands": {"dmean": [0.0019037326565, 0.00175047968514, 0.00180683901999, 0.00163472641725, 0.000903496576939, 0.000496706925333, 0.000225154144573, 0.00014400134387, 9.5383671578e-05, 6.88534419169e-05, 5.01325121149e-05, 4.67673125968e-05, 2.96833914035e-05, 2.73015793937e-05, 2.64459122263e-05, 1.66660211107e-05, 1.50327123265e-05, 1.27284738483e-05, 7.26700500309e-06, 5.7972479226e-06, 5.60289026907e-06, 4.99953466715e-06, 3.29666636389e-06, 2.12401232602e-06, 1.4666725292e-06, 1.31116576085e-06, 1.20631318623e-06, 9.08220101792e-07, 4.20492227704e-07, 1.88959077718e-07, 1.15004390011e-07, 8.7123076753e-08, 7.28909341774e-08, 6.15774737867e-08, 5.28289625379e-08, 4.58579911822e-08, 4.0104016108e-08, 3.52586759789e-08, 3.11476391346e-08, 2.7684968984e-08], "dmean2": [0.00310727930628, 0.00294440519065, 0.00312244519591, 0.00268265046179, 0.00145486916881, 0.000808307901025, 0.000366330437828, 0.000231883837841, 0.000146724720253, 0.000108827036456, 7.90388294263e-05, 7.49954779167e-05, 4.64810691483e-05, 4.28850908065e-05, 4.21382537752e-05, 2.64988721028e-05, 2.39287910517e-05, 2.01973070943e-05, 1.154525944e-05, 9.26425582293e-06, 8.75506884768e-06, 7.99557437858e-06, 5.09234041601e-06, 3.33095317728e-06, 2.26898100664e-06, 2.0425979983e-06, 1.88508181509e-06, 1.39083351769e-06, 6.4539193545e-07, 2.99098161349e-07, 1.85396118013e-07, 1.43016563925e-07, 1.20305827522e-07, 1.0174181142e-07, 8.76143531059e-08, 7.62030154533e-08, 6.66052812903e-08, 5.85140753628e-08, 5.16518738891e-08, 4.58581972396e-08], "dvar": [5.08900029672e-06, 4.77739467897e-06, 4.51448750027e-06, 3.63115395885e-06, 1.65513972661e-06, 4.58617620325e-07, 1.05970286768e-07, 6.33340704326e-08, 5.11118471991e-08, 1.78097288028e-08, 8.81157191657e-09, 1.1501093411e-08, 5.08069053495e-09, 3.85330478636e-09, 2.94810531543e-09, 1.23098053972e-09, 9.17171949499e-10, 6.33290531127e-10, 3.06072917011e-10, 1.30193161807e-10, 1.4961878958e-10, 8.15452427805e-11, 3.4759840839e-11, 2.21474713569e-11, 9.68212836294e-12, 1.74034432698e-11, 2.28503778399e-11, 1.16002884382e-11, 1.33252848859e-12, 1.23065023883e-13, 2.69285563629e-14, 1.48046553044e-14, 1.07509927881e-14, 7.79549578237e-15, 5.84045056648e-15, 4.43461092568e-15, 3.37571830942e-15, 2.59105155104e-15, 2.00376845684e-15, 1.5625115134e-15], "dvar2": [1.30297967189e-05, 1.27659295686e-05, 1.23561476357e-05, 9.63600541581e-06, 3.82599091608e-06, 1.10508631224e-06, 2.64389427684e-07, 1.41683230481e-07, 9.48640987986e-08, 4.06731039959e-08, 2.03928767206e-08, 2.57463916853e-08, 1.16481038148e-08, 8.56023252283e-09, 6.99288937867e-09, 2.98028468571e-09, 2.20776086302e-09, 1.54341073255e-09, 7.46020856202e-10, 3.15365566994e-10, 3.21972726258e-10, 1.96169872013e-10, 7.77369210669e-11, 5.41863567904e-11, 2.2547802167e-11, 3.58934514055e-11, 4.74208936008e-11, 2.54972102459e-11, 2.76344637277e-12, 2.58406496071e-13, 6.36918835273e-14, 3.6291844909e-14, 2.65029155306e-14, 1.92524676621e-14, 1.43970799909e-14, 1.09383158184e-14, 8.32449072782e-15, 6.38926142421e-15, 4.94008503673e-15, 3.85200133577e-15], "max": [0.0409745424986, 0.0349500663579, 0.0280593559146, 0.0340082533658, 0.0253871101886, 0.0111265229061, 0.00508719263598, 0.00687097711489, 0.00936631578952, 0.00493871886283, 0.00210384232923, 0.00311250216328, 0.00176723289769, 0.00190646399278, 0.00159154471476, 0.00117782282177, 0.000811455538496, 0.000592347874772, 0.000755333108827, 0.000298411090625, 0.000538871798199, 0.000320762454066, 0.000243565315031, 0.00016384870105, 0.000137989787618, 0.000199775167857, 0.000192336985492, 0.000193995001609, 5.96653917455e-05, 1.50148907778e-05, 4.44953411716e-06, 1.76961441412e-06, 1.56874341428e-06, 1.22657252177e-06, 1.02577178041e-06, 8.82238055055e-07, 7.76109402523e-07, 6.81668780089e-07, 6.00287876296e-07, 5.30432998858e-07], "mean": [0.0031372520607, 0.00289513054304, 0.00301951239817, 0.00304894312285, 0.0016192283947, 0.000839042069856, 0.000355359166861, 0.000230353238294, 0.000154457942699, 0.000109131484351, 8.07697506389e-05, 7.36529036658e-05, 4.94347550557e-05, 4.32256019849e-05, 4.29528736277e-05, 2.77723356703e-05, 2.43907688855e-05, 2.07528337342e-05, 1.22894953165e-05, 1.01563964563e-05, 1.01393543446e-05, 8.81789037521e-06, 5.98847555011e-06, 3.78621234631e-06, 2.65481389761e-06, 2.19797288992e-06, 1.97078247766e-06, 1.51198184994e-06, 7.09364201157e-07, 2.99562287864e-07, 1.56731104539e-07, 1.04515159194e-07, 8.15110468011e-08, 6.62799735096e-08, 5.48760752395e-08, 4.65567744357e-08, 4.07814297887e-08, 3.61544287841e-08, 3.22639657213e-08, 2.90269444037e-08], "median": [0.00238615926355, 0.00218612258323, 0.0021873624064, 0.00229231081903, 0.000907699752133, 0.000522967719007, 0.000220804882701, 0.000118198920973, 6.54062314425e-05, 5.14365310664e-05, 3.840381396e-05, 3.04426539515e-05, 2.15350773942e-05, 2.01586008188e-05, 1.96933324332e-05, 1.37017959787e-05, 1.18975876831e-05, 9.9903318187e-06, 6.17654131929e-06, 5.21115180163e-06, 5.04109902977e-06, 4.43207954959e-06, 3.00247438645e-06, 1.78494792635e-06, 1.30455509861e-06, 9.83540644484e-07, 8.43737097966e-07, 6.30268459645e-07, 3.19565856444e-07, 1.54689161036e-07, 8.878957658e-08, 5.77003049784e-08, 4.23526600457e-08, 3.22749684756e-08, 2.50016682912e-08, 2.04277252891e-08, 1.80165038444e-08, 1.62132476333e-08, 1.47931693562e-08, 1.35551854186e-08], "min": [1.56380028901e-24, 7.11989664058e-25, 1.89510382401e-24, 1.2712601956e-24, 1.90333834857e-24, 1.08284254333e-24, 1.85571343521e-24, 1.58267842072e-24, 9.1017795029e-25, 1.60278786571e-24, 2.03880627638e-24, 2.58339758559e-24, 2.51521969021e-24, 2.36151172055e-24, 2.03315251027e-24, 3.46777850238e-24, 3.09647962088e-24, 2.94661261496e-24, 3.43724997978e-24, 4.74528391255e-24, 3.96019889005e-24, 5.16708152769e-24, 5.08167116305e-24, 4.26917756283e-24, 3.70709444634e-24, 4.94233308364e-24, 3.69575693741e-24, 3.08582980144e-24, 4.72347466954e-24, 3.83683800499e-24, 4.92715894969e-24, 4.80561086699e-24, 6.09456777649e-24, 6.82415880089e-24, 5.70026551378e-24, 5.41000059383e-24, 5.22951868504e-24, 6.67415689976e-24, 6.72862222324e-24, 6.12832905108e-24], "var": [8.5752672021e-06, 6.88046156938e-06, 8.82651602296e-06, 8.07206015452e-06, 4.9727905207e-06, 1.04711602944e-06, 1.83763475547e-07, 1.55321728812e-07, 1.49155980012e-07, 4.25510364721e-08, 1.75780616729e-08, 2.10458974692e-08, 1.02280228731e-08, 7.12952674675e-09, 6.29159568888e-09, 2.40326225587e-09, 1.66421998404e-09, 1.12920550688e-09, 5.7316940083e-10, 2.714367342e-10, 4.10303124809e-10, 1.91275661976e-10, 9.24507415068e-11, 4.74560911401e-11, 1.75602275776e-11, 2.3905499108e-11, 2.81341581976e-11, 1.3756149865e-11, 1.96531050982e-12, 2.03187157854e-13, 3.90315086024e-14, 1.81862276703e-14, 1.24708957286e-14, 8.87152239285e-15, 6.54365054303e-15, 4.93491898279e-15, 3.76652258238e-15, 2.90259916288e-15, 2.25622260336e-15, 1.77173415709e-15]}, "melbands_crest": {"dmean": 3.27325034142, "dmean2": 5.48837852478, "dvar": 7.42914295197, "dvar2": 19.9314479828, "max": 39.9583969116, "mean": 14.0989637375, "median": 13.4426813126, "min": 1.60455191135, "var": 20.1848468781}, "melbands_flatness_db": {"dmean": 0.0377810001373, "dmean2": 0.0588812492788, "dvar": 0.000918216828723, "dvar2": 0.00227009365335, "max": 0.609718024731, "mean": 0.326100736856, "median": 0.324030995369, "min": 0.00289695779793, "var": 0.00390504766256}, "melbands_kurtosis": {"dmean": 12.3594865799, "dmean2": 18.6007862091, "dvar": 25027.3652344, "dvar2": 61644.265625, "max": 15978.1240234, "mean": 28.8698558807, "median": 14.5554628372, "min": -1.46543216705, "var": 68179.40625}, "melbands_skewness": {"dmean": 0.750300824642, "dmean2": 1.19281637669, "dvar": 1.09638357162, "dvar2": 2.6238284111, "max": 117.422401428, "mean": 3.05137467384, "median": 2.779515028, "min": -0.746412932873, "var": 8.61654949188}, "melbands_spread": {"dmean": 2.39823246002, "dmean2": 3.7726931572, "dvar": 13.9598588943, "dvar2": 33.6250724792, "max": 170.904266357, "mean": 8.26253986359, "median": 5.90067434311, "min": 0.0528071075678, "var": 171.910491943}, "mfcc": {"cov": [[5349.92919922, 968.579223633, -480.904296875, 54.4249534607, -96.339050293, -60.1430206299, -67.9064788818, -79.3705444336, -78.6571807861, -61.392288208, -68.5345535278, -25.1894702911, -16.3571186066], [968.579223633, 1238.43701172, -285.310089111, 51.1659088135, 6.95282411575, -76.939453125, 42.7673912048, -54.0807113647, -23.0985736847, -11.606590271, -24.562379837, 10.783572197, -13.00801754], [-480.904296875, -285.310089111, 629.980895996, -92.4592666626, 33.4626045227, 47.7395706177, -52.4016799927, 43.0588150024, -6.73084020615, 8.50499534607, 28.1416664124, 0.635471761227, -14.8645496368], [54.4249534607, 51.1659088135, -92.4592666626, 322.0184021, 30.1031188965, -16.4907951355, 34.2933387756, -37.7324714661, 16.2659130096, 14.9950857162, -11.2862443924, -6.41035318375, 17.1054859161], [-96.339050293, 6.95282411575, 33.4626045227, 30.1031188965, 118.300292969, 38.732673645, 10.3376722336, 16.6297092438, -6.35230922699, -4.82553243637, 1.21851623058, -1.34479677677, -3.53076815605], [-60.1430206299, -76.939453125, 47.7395706177, -16.4907951355, 38.732673645, 85.3262405396, 31.833272934, 23.1268043518, 3.24304461479, -8.41640853882, -4.32573747635, -12.6859111786, -0.951503455639], [-67.9064788818, 42.7673912048, -52.4016799927, 34.2933387756, 10.3376722336, 31.833272934, 91.4112854004, 34.4652748108, 4.15544557571, -5.02691698074, -18.8002300262, -10.691901207, 7.1260175705], [-79.3705444336, -54.0807113647, 43.0588150024, -37.7324714661, 16.6297092438, 23.1268043518, 34.4652748108, 73.5948791504, 26.5794487, -7.41113042831, -7.04535150528, -6.81748247147, 0.795202076435], [-78.6571807861, -23.0985736847, -6.73084020615, 16.2659130096, -6.35230922699, 3.24304461479, 4.15544557571, 26.5794487, 62.7782325745, 32.0885620117, -1.27239823341, -2.22257113457, 0.983280658722], [-61.392288208, -11.606590271, 8.50499534607, 14.9950857162, -4.82553243637, -8.41640853882, -5.02691698074, -7.41113042831, 32.0885620117, 56.0073547363, 27.4455852509, 6.50795793533, -1.6201133728], [-68.5345535278, -24.562379837, 28.1416664124, -11.2862443924, 1.21851623058, -4.32573747635, -18.8002300262, -7.04535150528, -1.27239823341, 27.4455852509, 57.1279373169, 33.599281311, -0.375762611628], [-25.1894702911, 10.783572197, 0.635471761227, -6.41035318375, -1.34479677677, -12.6859111786, -10.691901207, -6.81748247147, -2.22257113457, 6.50795793533, 33.599281311, 53.8772125244, 22.9816818237], [-16.3571186066, -13.00801754, -14.8645496368, 17.1054859161, -3.53076815605, -0.951503455639, 7.1260175705, 0.795202076435, 0.983280658722, -1.6201133728, -0.375762611628, 22.9816818237, 42.8259773254]], "icov": [[0.000293852004688, -0.000273224111879, 0.000314284290653, -0.000424503261456, 0.00074956350727, -0.00106873898767, 0.00161313416902, -0.00169597857166, 0.00198753271252, -0.00164786109235, 0.00160791049711, -0.000930771289859, 0.00051462702686], [-0.000273224111879, 0.00132513442077, -7.85794400144e-05, 0.000764733820688, -0.00149840733502, 0.00248121819459, -0.00309437164105, 0.00328210485168, -0.00280148396268, 0.00245946203358, -0.00145723868627, 0.000430235784734, 0.000264655362116], [0.000314284290653, -7.85794400144e-05, 0.00279374048114, -0.00106097036041, 0.00153032457456, -0.00376632693224, 0.00575302354991, -0.00691161071882, 0.00721675762907, -0.00673040142283, 0.00493754493073, -0.00348291848786, 0.00219522882253], [-0.000424503261456, 0.000764733820688, -0.00106097036041, 0.00665947655216, -0.00544624542817, 0.007159255445, -0.0103401262313, 0.0140307834372, -0.0139430575073, 0.0114727178589, -0.0103054484352, 0.00865239370614, -0.00576736638322], [0.00074956350727, -0.00149840733502, 0.00153032457456, -0.00544624542817, 0.0161620490253, -0.0133866285905, 0.0130788031965, -0.0180212818086, 0.0194144435227, -0.016807846725, 0.0146164987236, -0.0117559963837, 0.00708635058254], [-0.00106873898767, 0.00248121819459, -0.00376632693224, 0.007159255445, -0.0133866285905, 0.031135154888, -0.0245493464172, 0.024342674762, -0.0291471295059, 0.0297597330064, -0.0273132845759, 0.0219610854983, -0.0108299516141], [0.00161313416902, -0.00309437164105, 0.00575302354991, -0.0103401262313, 0.0130788031965, -0.0245493464172, 0.0442021898925, -0.0434969700873, 0.043072976172, -0.0411004051566, 0.036648131907, -0.0222874805331, 0.00952648371458], [-0.00169597857166, 0.00328210485168, -0.00691161071882, 0.0140307834372, -0.0180212818086, 0.024342674762, -0.0434969700873, 0.0708150565624, -0.0660398900509, 0.0606982372701, -0.0479650944471, 0.0330213867128, -0.0170047413558], [0.00198753271252, -0.00280148396268, 0.00721675762907, -0.0139430575073, 0.0194144435227, -0.0291471295059, 0.043072976172, -0.0660398900509, 0.0918211117387, -0.0821028128266, 0.064513579011, -0.041840299964, 0.0207989700139], [-0.00164786109235, 0.00245946203358, -0.00673040142283, 0.0114727178589, -0.016807846725, 0.0297597330064, -0.0411004051566, 0.0606982372701, -0.0821028128266, 0.100884057581, -0.0783774405718, 0.0495836921036, -0.0234077516943], [0.00160791049711, -0.00145723868627, 0.00493754493073, -0.0103054484352, 0.0146164987236, -0.0273132845759, 0.036648131907, -0.0479650944471, 0.064513579011, -0.0783774405718, 0.0979362428188, -0.0688819289207, 0.0347693786025], [-0.000930771289859, 0.000430235784734, -0.00348291848786, 0.00865239370614, -0.0117559963837, 0.0219610854983, -0.0222874805331, 0.0330213867128, -0.041840299964, 0.0495836921036, -0.0688819289207, 0.0765180513263, -0.0411053746939], [0.00051462702686, 0.000264655362116, 0.00219522882253, -0.00576736638322, 0.00708635058254, -0.0108299516141, 0.00952648371458, -0.0170047413558, 0.0207989700139, -0.0234077516943, 0.0347693786025, -0.0411053746939, 0.0467673689127]], "mean": [-692.855712891, 197.05645752, -0.881599605083, 35.9309997559, 17.0330238342, 3.05513739586, 6.70679140091, -2.57625555992, -3.68206810951, -1.39991891384, -5.19344329834, -0.809195578098, -0.791211485863]}, "pitch_salience": {"dmean": 0.0783570930362, "dmean2": 0.13077442348, "dvar": 0.004277871456, "dvar2": 0.0116512347013, "max": 0.999706268311, "mean": 0.614742934704, "median": 0.628039181232, "min": 0.00576890958473, "var": 0.0112102488056}, "silence_rate_20dB": {"dmean": 0, "dmean2": 0, "dvar": 0, "dvar2": 0, "max": 1, "mean": 1, "median": 1, "min": 1, "var": 0}, "silence_rate_30dB": {"dmean": 0.0187819357961, "dmean2": 0.0375690609217, "dvar": 0.0184276234359, "dvar2": 0.0483085289598, "max": 1, "mean": 0.978182792664, "median": 1, "min": 0, "var": 0.0213388763368}, "silence_rate_60dB": {"dmean": 0.00110481982119, "dmean2": 0.00220994465053, "dvar": 0.00110380758997, "dvar2": 0.00275748572312, "max": 1, "mean": 0.0254073459655, "median": 0, "min": 0, "var": 0.0247609484941}, "spectral_centroid": {"dmean": 111.042663574, "dmean2": 170.41003418, "dvar": 34416.7304688, "dvar2": 64554.3554688, "max": 11647.9287109, "mean": 591.951171875, "median": 438.434448242, "min": 164.580108643, "var": 1084850.625}, "spectral_complexity": {"dmean": 2.93108677864, "dmean2": 4.41132593155, "dvar": 7.62655687332, "dvar2": 14.4843883514, "max": 49, "mean": 15.1056337357, "median": 15, "min": 0, "var": 42.9138259888}, "spectral_contrast_coeffs": {"dmean": [0.0589424520731, 0.0538490749896, 0.036484606564, 0.0278024598956, 0.0225808154792, 0.0249895360321], "dmean2": [0.0972347483039, 0.090425722301, 0.0602206997573, 0.0451565794647, 0.0359090529382, 0.0410811081529], "dvar": [0.00220026122406, 0.00174939644057, 0.000841163506266, 0.000505936215632, 0.00036149888183, 0.000773401348852], "dvar2": [0.00588658219203, 0.00479699624702, 0.00223138928413, 0.00130838167388, 0.000856851809658, 0.00198052939959], "max": [-0.286881119013, -0.463714599609, -0.563158154488, -0.61846524477, -0.679815948009, -0.588209331036], "mean": [-0.616681277752, -0.738246619701, -0.813238620758, -0.823961555958, -0.826847374439, -0.83203625679], "median": [-0.616458654404, -0.740526080132, -0.817556262016, -0.827917039394, -0.826407313347, -0.843111693859], "min": [-0.981851637363, -0.98335570097, -0.985128104687, -0.973350286484, -0.976952552795, -0.965082406998], "var": [0.00737498234957, 0.00479422695935, 0.0026607059408, 0.00197433214635, 0.00150859472342, 0.00170718983281]}, "spectral_contrast_valleys": {"dmean": [0.381660401821, 0.379063785076, 0.333636701107, 0.2945561409, 0.313785761595, 0.681062817574], "dmean2": [0.634384870529, 0.617285311222, 0.535471796989, 0.452861726284, 0.464252829552, 1.11053466797], "dvar": [0.119750060141, 0.114580832422, 0.0949464961886, 0.0859845802188, 0.106983549893, 0.344952046871], "dvar2": [0.278780341148, 0.246795937419, 0.187797889113, 0.152001872659, 0.197232082486, 0.859378933907], "max": [-5.01592540741, -4.71910572052, -5.19858503342, -5.87683153152, -5.79289960861, -9.0006608963], "mean": [-6.48294734955, -6.45547056198, -7.26223993301, -7.75909948349, -8.12036323547, -11.148147583], "median": [-6.20022964478, -6.17101383209, -6.97916603088, -7.49313735962, -7.90737056732, -10.9166755676], "min": [-28.2314796448, -27.8860740662, -27.7006111145, -27.7909851074, -27.5248451233, -27.339717865], "var": [4.58988046646, 4.76039743423, 4.38271856308, 4.17679738998, 4.02914714813, 3.23612809181]}, "spectral_decrease": {"dmean": 3.35394423345e-09, "dmean2": 5.59678436929e-09, "dvar": 9.9223590111e-18, "dvar2": 2.70231551597e-17, "max": 1.65173770562e-28, "mean": -1.05160209429e-08, "median": -9.95421522987e-09, "min": -4.02710398362e-08, "var": 2.4588726221e-17}, "spectral_energy": {"dmean": 0.0163510907441, "dmean2": 0.0272631589323, "dvar": 0.000237848478719, "dvar2": 0.000645566440653, "max": 0.219499871135, "mean": 0.0540983304381, "median": 0.0512361451983, "min": 9.66977771146e-21, "var": 0.000598214450292}, "spectral_energyband_high": {"dmean": 5.29869757884e-05, "dmean2": 7.85627416917e-05, "dvar": 1.03273984919e-08, "dvar2": 2.09553903119e-08, "max": 0.00455295015126, "mean": 0.000103181300801, "median": 6.42016821075e-05, "min": 6.65902688208e-21, "var": 1.88834849979e-08}, "spectral_energyband_low": {"dmean": 0.00990085769445, "dmean2": 0.016426095739, "dvar": 0.00011909371824, "dvar2": 0.000314822886139, "max": 0.162924811244, "mean": 0.0203524231911, "median": 0.0169567242265, "min": 1.67992931145e-23, "var": 0.000227242751862}, "spectral_energyband_middle_high": {"dmean": 0.000941468519159, "dmean2": 0.00136742275208, "dvar": 2.03424201572e-06, "dvar2": 4.2309352466e-06, "max": 0.0274477526546, "mean": 0.00247204606421, "median": 0.00164570519701, "min": 1.19238438709e-21, "var": 7.39196093491e-06}, "spectral_energyband_middle_low": {"dmean": 0.0102957002819, "dmean2": 0.0169769227505, "dvar": 0.000103104444861, "dvar2": 0.000274060759693, "max": 0.149608418345, "mean": 0.0278369598091, "median": 0.0247303396463, "min": 1.5105868444e-22, "var": 0.000299677747535}, "spectral_entropy": {"dmean": 0.258521080017, "dmean2": 0.398078173399, "dvar": 0.0514813810587, "dvar2": 0.120100051165, "max": 9.82988548279, "mean": 6.94147205353, "median": 6.9520111084, "min": 5.26747322083, "var": 0.238536849618}, "spectral_flux": {"dmean": 0.0282848570496, "dmean2": 0.045745100826, "dvar": 0.000650936446618, "dvar2": 0.00159076962154, "max": 0.343553483486, "mean": 0.119765542448, "median": 0.116441220045, "min": 6.36913785601e-11, "var": 0.00166942540091}, "spectral_kurtosis": {"dmean": 7.0359826088, "dmean2": 11.2435684204, "dvar": 52.9553527832, "dvar2": 136.710647583, "max": 93.9787826538, "mean": 21.0247306824, "median": 18.9538269043, "min": -1.2515847683, "var": 104.862472534}, "spectral_rms": {"dmean": 0.00108559173532, "dmean2": 0.00180203316268, "dvar": 9.03715317691e-07, "dvar2": 2.42957685259e-06, "max": 0.0146337356418, "mean": 0.00702978949994, "median": 0.00707011204213, "min": 3.07147016154e-12, "var": 3.36086282005e-06}, "spectral_rolloff": {"dmean": 5340.48828125, "dmean2": 10417.4003906, "dvar": 72621696, "dvar2": 188212336, "max": 22050, "mean": 5473.87841797, "median": 1141.25976562, "min": 21.533203125, "var": 70697656}, "spectral_skewness": {"dmean": 0.487998902798, "dmean2": 0.759528100491, "dvar": 0.228444695473, "dvar2": 0.551549375057, "max": 6.92385816574, "mean": 3.16700863838, "median": 3.10155582428, "min": -0.0755513831973, "var": 0.712174236774}, "spectral_spread": {"dmean": 634930.375, "dmean2": 1015257.8125, "dvar": 571106656256, "dvar2": 1315965370370.0, "max": 42006652, "mean": 3493120.5, "median": 3030059, "min": 1043626.0625, "var": 13526441656300.0}, "spectral_strongpeak": {"dmean": 0.432435244322, "dmean2": 0.