{"lowlevel": {"average_loudness": 0.759883701801, "barkbands": {"dmean": [9.59016979323e-05, 0.00158035464119, 0.000426942686317, 0.000597788777668, 0.000763941614423, 0.00032354486757, 0.000438870833023, 0.000635693257209, 0.000459411618067, 0.00058511714451, 0.000454228749732, 0.000465760997031, 0.000680406345055, 0.000560748274438, 0.000434449058957, 0.000393042777432, 0.000435745518189, 0.000262249115622, 0.000132662215037, 0.000154691952048, 0.000105083425296, 0.000129564257804, 0.000169064340298, 5.71555829083e-05, 5.428066288e-05, 1.44217410707e-05, 4.01794204663e-06], "dmean2": [0.000141766417073, 0.0022848888766, 0.000716685666703, 0.000992662389763, 0.00125405890867, 0.000501544214785, 0.000670167093631, 0.000959765806329, 0.000704417645466, 0.000897762423847, 0.000687772873789, 0.000734918168746, 0.00105036329478, 0.00087486935081, 0.000709920539521, 0.000653012364637, 0.000739056558814, 0.000437762384536, 0.000211705555557, 0.00023905953276, 0.000161894568009, 0.000210952348425, 0.000268052419415, 8.89892908162e-05, 8.0712736235e-05, 2.16567586904e-05, 6.18377634964e-06], "dvar": [7.94447458929e-08, 2.08367728192e-05, 1.01559226096e-06, 3.75785248252e-06, 2.57158421846e-06, 5.3626774843e-07, 2.53572443398e-06, 4.17327009927e-06, 1.43349700465e-06, 1.89698266695e-06, 1.39938083521e-06, 2.01206626116e-06, 4.4478788368e-06, 2.22950734496e-06, 1.422677542e-06, 8.57620705119e-07, 2.20340302803e-06, 6.86471935296e-07, 6.6264334464e-08, 1.36507210868e-07, 5.76299008515e-08, 1.46862561223e-07, 2.29517567618e-07, 1.82068653487e-08, 2.20095053294e-08, 2.65231103747e-09, 1.74233238948e-10], "dvar2": [1.58125999405e-07, 3.77221404051e-05, 2.83346776087e-06, 9.68612039287e-06, 6.78936203258e-06, 1.23844961308e-06, 5.11421148985e-06, 9.50619505602e-06, 3.0570661238e-06, 3.71405508304e-06, 3.13542500407e-06, 4.42117925559e-06, 1.00984052551e-05, 5.22211394127e-06, 3.56758528142e-06, 2.24279870054e-06, 6.08617801845e-06, 1.89164654785e-06, 1.60277053851e-07, 2.89353721428e-07, 1.34319108724e-07, 3.81304772645e-07, 5.68046630178e-07, 4.24162927004e-08, 4.95179328652e-08, 6.52102727372e-09, 4.16576467765e-10], "max": [0.00336795207113, 0.04561560601, 0.0136980721727, 0.0278929956257, 0.0260041691363, 0.031758222729, 0.0550746396184, 0.0533486157656, 0.0267697349191, 0.0452328696847, 0.034413062036, 0.0540071390569, 0.0552769638598, 0.0284380447119, 0.0242238007486, 0.0121118873358, 0.034694429487, 0.0159996580333, 0.00420423503965, 0.0137902777642, 0.00540945027024, 0.00646773492917, 0.00847918260843, 0.00285891979001, 0.00239536608569, 0.00161867123097, 0.000272077159025], "mean": [0.000113615649752, 0.0022107064724, 0.000675655901432, 0.000695305119734, 0.00129356200341, 0.000605303852353, 0.000701439741533, 0.00105459638871, 0.000783919473179, 0.00101916724816, 0.000790903402958, 0.000788286444731, 0.00117850070819, 0.000973886344582, 0.000559772888664, 0.000499822024722, 0.000528957229108, 0.000338535348419, 0.000223164985073, 0.000250785466051, 0.00016471312847, 0.000154803856276, 0.000205535718123, 8.88319991645e-05, 7.08663210389e-05, 1.74701417563e-05, 4.26452788815e-06], "median": [1.78829905053e-05, 0.000580764492042, 0.00032586598536, 0.000235412328038, 0.000739574898034, 0.000187453639228, 0.000166979414644, 0.000164382814546, 0.000199186935788, 0.000300813757349, 0.000142011456774, 0.000130379252369, 0.00010065024253, 0.000110143511847, 0.00013626148575, 0.000177120091394, 0.000164870580193, 0.000116934781545, 9.61618934525e-05, 0.00010185292922, 5.80224077567e-05, 4.11335749959e-05, 4.44443103333e-05, 2.58510954154e-05, 1.72941545316e-05, 2.49566710409e-06, 1.80073968181e-07], "min": [3.31010264125e-23, 2.7210671453e-23, 6.67287973396e-24, 2.02804021829e-23, 4.6407156664e-23, 4.58922261304e-23, 6.63185581144e-23, 2.98358806387e-23, 5.6477335306e-23, 2.23894297016e-23, 8.40780574559e-23, 3.92364173464e-23, 1.45125831966e-22, 1.04729199021e-22, 2.11726833839e-22, 1.97554815148e-22, 7.09884947665e-23, 1.66873326106e-22, 4.90637353769e-22, 4.15665603681e-22, 5.74875934953e-22, 5.03735726457e-22, 8.04280624185e-22, 8.64817532373e-22, 9.4711210785e-22, 1.83743269287e-21, 2.32053484728e-21], "var": [1.01548572218e-07, 3.18219099427e-05, 1.10898133698e-06, 3.23750100506e-06, 3.58138595402e-06, 1.27663759031e-06, 4.30336967838e-06, 8.16657211544e-06, 3.36033599524e-06, 4.9011732699e-06, 3.78932372769e-06, 5.80533060202e-06, 1.20724671433e-05, 6.1909499891e-06, 1.79568121439e-06, 9.5919949672e-07, 1.6595914758e-06, 5.64619767829e-07, 1.3263760934e-07, 2.20494428049e-07, 8.38579339302e-08, 1.31150287075e-07, 2.44316851195e-07, 2.72717493033e-08, 2.79782614854e-08, 2.59025467741e-09, 1.82480350275e-10]}, "barkbands_crest": {"dmean": 2.45683765411, "dmean2": 3.84231829643, "dvar": 5.85215950012, "dvar2": 12.5893936157, "max": 25.824300766, "mean": 8.27004718781, "median": 7.25760173798, "min": 2.36177253723, "var": 15.5116634369}, "barkbands_flatness_db": {"dmean": 0.0200254805386, "dmean2": 0.0292399004102, "dvar": 0.000410898588598, "dvar2": 0.000845957896672, "max": 0.316418617964, "mean": 0.0994523912668, "median": 0.0932775884867, "min": 0.0149293411523, "var": 0.00163995719049}, "barkbands_kurtosis": {"dmean": 1.58806109428, "dmean2": 2.49646449089, "dvar": 13.2191762924, "dvar2": 29.359380722, "max": 137.881469727, "mean": 1.25792992115, "median": 0.0945556163788, "min": -1.85781121254, "var": 21.8736591339}, "barkbands_skewness": {"dmean": 0.493236035109, "dmean2": 0.740918934345, "dvar": 0.330487757921, "dvar2": 0.66624879837, "max": 9.02860164642, "mean": 0.692220389843, "median": 0.666369795799, "min": -11.2937364578, "var": 1.16044640541}, "barkbands_spread": {"dmean": 6.69239854813, "dmean2": 10.3504495621, "dvar": 57.4429473877, "dvar2": 133.697463989, "max": 110.024772644, "mean": 27.5975341797, "median": 26.469417572, "min": 1.41532278061, "var": 157.220153809}, "dissonance": {"dmean": 0.0157540626824, "dmean2": 0.0260431542993, "dvar": 0.000296870566672, "dvar2": 0.000763540505432, "max": 0.500000119209, "mean": 0.470913916826, "median": 0.477848917246, "min": 0.26296299696, "var": 0.000684029306285}, "dynamic_complexity": 5.90515136719, "erbbands": {"dmean": [0.0672076866031, 0.305586546659, 0.480827599764, 1.15910363197, 2.78668117523, 2.23650050163, 2.96003031731, 2.49924993515, 5.32071685791, 9.46767520905, 13.297003746, 11.2435798645, 15.6369085312, 14.9056081772, 18.7218761444, 21.1147384644, 29.598941803, 30.2931423187, 20.1393718719, 22.8433952332, 20.0692672729, 23.0097866058, 16.7165145874, 7.78660392761, 6.72526216507, 7.4346985817, 4.71227836609, 4.44478130341, 4.52035140991, 5.02937602997, 4.4671664238, 1.49156749249, 0.875913083553, 0.479216367006, 0.530328333378, 0.0964066460729, 0.0226957835257, 0.0049790344201, 0.000729170977138, 3.3315984183e-05], "dmean2": [0.0978961065412, 0.465420246124, 0.809827566147, 1.88656401634, 4.70186758041, 3.60037636757, 4.75339984894, 3.87753796577, 7.95406866074, 14.3481845856, 19.8502464294, 16.9582710266, 24.0871486664, 22.6834907532, 28.5011634827, 32.4263801575, 44.8131103516, 45.8434753418, 31.6960678101, 37.6421585083, 33.4579162598, 39.0915374756, 27.9504756927, 12.6865653992, 10.5505561829, 11.4820928574, 7.28278493881, 6.92649364471, 7.31147527695, 7.9937915802, 7.13330030441, 2.35265183449, 1.36826217175, 0.725071787834, 0.803862571716, 0.144585058093, 0.033808734268, 0.00753416540101, 0.0011202263413, 4.9040401791e-05], "dvar": [0.0408451966941, 0.773095965385, 1.55350935459, 10.33842659, 72.804397583, 18.2775592804, 40.421787262, 32.1107254028, 271.697052002, 1270.61376953, 2339.8684082, 851.206176758, 1241.99438477, 1965.88439941, 2040.15649414, 4271.8828125, 8482.41113281, 6407.0703125, 2636.65820312, 3838.18579102, 2446.93579102, 7210.01855469, 3055.56494141, 301.790893555, 187.349197388, 342.607147217, 89.094039917, 169.07244873, 178.772705078, 205.456085205, 164.544158936, 14.7569894791, 3.94853830338, 1.16501963139, 3.17488789558, 0.0928583666682, 0.00677979458123, 0.000267195340712, 6.3574689193e-06, 1.09097211265e-08], "dvar2": [0.0734829977155, 1.65827012062, 4.27983951569, 26.2755413055, 196.661193848, 43.5920257568, 99.8206939697, 72.902130127, 561.620727539, 2693.53344727, 5443.69433594, 1814.9934082, 2714.49658203, 3860.31201172, 4479.02929688, 8875.19726562, 18843.5605469, 14649.2861328, 6492.10400391, 10057.4033203, 6547.20947266, 19990.0703125, 8400.09667969, 784.757751465, 421.319458008, 732.672363281, 199.300872803, 415.676879883, 464.863800049, 513.201416016, 408.671966553, 35.2488479614, 9.24104595184, 2.62169885635, 7.49324417114, 0.222856327891, 0.0165535379201, 0.000639270234387, 1.50919167936e-05, 2.59401620184e-08], "max": [2.08451199532, 8.72138786316, 15.7228431702, 44.3698692322, 141.401092529, 97.6493911743, 145.236450195, 263.134246826, 529.541015625, 1468.23364258, 1496.07678223, 644.751220703, 943.644287109, 1389.63183594, 1460.64233398, 2768.66479492, 2562.8527832, 1623.3482666, 991.366943359, 1416.31787109, 706.992797852, 2079.86279297, 987.775146484, 264.563781738, 354.035308838, 738.826843262, 241.451248169, 297.38269043, 239.322113037, 269.74230957, 217.487960815, 80.6995239258, 37.0318565369, 19.9838924408, 29.9524478912, 8.33683586121, 2.4058907032, 0.367761492729, 0.0436648949981, 0.00178661104292], "mean": [0.0835891664028, 0.414230287075, 0.772152662277, 1.62635695934, 3.4241707325, 4.01406860352, 5.38756132126, 4.67599821091, 9.18206787109, 15.639632225, 23.0042915344, 20.6652469635, 28.4047546387, 27.0330638885, 35.897731781, 41.2271690369, 55.4492759705, 55.6413230896, 30.5845623016, 30.2245540619, 25.5645637512, 27.7897052765, 22.7193927765, 12.673418045, 11.3477563858, 12.1080636978, 7.98148107529, 5.98574829102, 5.4347319603, 6.19261598587, 5.41483211517, 2.14723181725, 1.368953228, 0.729756653309, 0.599692225456, 0.1147788167, 0.0279245525599, 0.00616023130715, 0.000738015049137, 4.64943841507e-05], "median": [0.0167136024684, 0.116377174854, 0.362896323204, 0.700713217258, 1.49561715126, 2.13280296326, 1.71166348457, 1.82144403458, 2.78043794632, 3.30058574677, 4.00495958328, 5.89702272415, 9.23948287964, 6.56150531769, 7.47948074341, 6.73946857452, 5.66527938843, 6.76664829254, 6.24020910263, 9.60276412964, 10.2705116272, 8.81398391724, 8.25723171234, 5.09198951721, 5.34398698807, 4.93172454834, 3.30303311348, 1.75811982155, 1.415584445, 1.51211023331, 1.2089278698, 0.590926647186, 0.405723333359, 0.221014156938, 0.0938244909048, 0.0196880809963, 0.00351479835808, 0.000575246987864, 3.71916685253e-05, 1.67965918081e-05], "min": [1.86950654035e-21, 2.14632184571e-21, 6.64306205392e-21, 2.82549161429e-20, 1.09911895312e-19, 2.28503939628e-19, 1.63689853765e-19, 4.54202806401e-19, 9.67946900475e-19, 7.89363827802e-19, 6.23350540019e-19, 1.31835208508e-18, 9.95367730986e-19, 1.61240124776e-18, 2.56656980077e-18, 2.44195152598e-18, 6.99815064145e-18, 5.54076014535e-18, 5.90159287215e-18, 1.3174665262e-17, 1.09391856683e-17, 4.58121326399e-18, 9.55101943615e-18, 2.10027146315e-17, 2.19090514656e-17, 2.38161924684e-17, 1.81676291826e-17, 2.23911951923e-17, 1.49302212817e-17, 2.55483136342e-17, 2.32363554026e-17, 1.73759081485e-17, 1.55020380043e-17, 1.00005970622e-17, 7.84759482019e-18, 6.9121470188e-18, 2.7738219712e-18, 1.33152121403e-18, 3.89006834514e-19, 3.1506527588e-20], "var": [0.0574879981577, 1.02024710178, 1.62006962299, 10.5981006622, 57.738117218, 43.4954490662, 98.1901473999, 68.5561218262, 496.934356689, 2579.48461914, 4532.72460938, 2115.43164062, 3222.70410156, 5055.12109375, 6616.93261719, 14363.2080078, 24677.0605469, 19733.5820312, 4555.53710938, 4243.75097656, 2271.2199707, 5217.42675781, 2480.29882812, 491.76776123, 364.459075928, 536.384521484, 156.329589844, 189.306365967, 162.252502441, 207.759384155, 172.04699707, 18.8873081207, 6.12919282913, 1.79397273064, 3.39977765083, 0.0959160998464, 0.00688993092626, 0.000304408691591, 6.44142073725e-06, 1.17397425115e-08]}, "erbbands_crest": {"dmean": 2.67297649384, "dmean2": 4.27254962921, "dvar": 6.49977779388, "dvar2": 15.0839500427, "max": 30.6509437561, "mean": 9.21922874451, "median": 8.11863708496, "min": 2.39510607719, "var": 20.3014373779}, "erbbands_flatness_db": {"dmean": 0.0202760268003, "dmean2": 0.0291333720088, "dvar": 0.000450643914519, "dvar2": 0.000980226090178, "max": 0.37319996953, "mean": 0.159938037395, "median": 0.155964627862, "min": 0.0426472425461, "var": 0.00199274974875}, "erbbands_kurtosis": {"dmean": 0.977495312691, "dmean2": 1.5361430645, "dvar": 2.52072143555, "dvar2": 6.06137657166, "max": 30.2924766541, "mean": 0.780288636684, "median": 0.119624018669, "min": -1.74676346779, "var": 5.12035894394}, "erbbands_skewness": {"dmean": 0.353741556406, "dmean2": 0.535207390785, "dvar": 0.146620482206, "dvar2": 0.31889346242, "max": 4.41703891754, "mean": 0.101533308625, "median": 0.0879212468863, "min": -4.29276990891, "var": 0.504126250744}, "erbbands_spread": {"dmean": 7.34403085709, "dmean2": 11.2504358292, "dvar": 63.6246604919, "dvar2": 150.903747559, "max": 108.401786804, "mean": 32.471370697, "median": 30.7166976929, "min": 2.223508358, "var": 231.18409729}, "gfcc": {"cov": [[14334.2382812, 309.532989502, 186.502243042, -383.92880249, -475.560882568, 494.169525146, 177.930236816, 214.152587891, -30.4623222351, 401.139373779, 167.027587891, -46.5805435181, -37.5283851624], [309.532989502, 1412.01757812, -144.681243896, -25.5949897766, -16.5109558105, -18.1731090546, 81.1942596436, 20.270029068, 34.6536026001, -60.4499320984, 135.150421143, -163.359832764, 90.6488494873], [186.502243042, -144.681243896, 596.193359375, 151.379013062, 60.2450370789, 65.0848312378, -18.6115226746, 24.2905292511, 14.932384491, 46.6323852539, -23.5789699554, 61.5090866089, 9.06409835815], [-383.92880249, -25.5949897766, 151.379013062, 422.75491333, 133.108306885, 37.4653167725, -30.1967086792, 55.3378257751, 50.6731758118, -35.8825683594, -26.8307857513, 31.1267337799, 39.8079338074], [-475.560882568, -16.5109558105, 60.2450370789, 133.108306885, 368.247650146, 123.829124451, 91.1795425415, 29.7051849365, 37.5713233948, -5.75935745239, -30.9449462891, 45.0274505615, 8.13111495972], [494.169525146, -18.1731090546, 65.0848312378, 37.4653167725, 123.829124451, 303.578796387, 126.063598633, 30.8422031403, 35.7490196228, 48.1539459229, 28.5217494965, 26.3472633362, 3.16445803642], [177.930236816, 81.1942596436, -18.6115226746, -30.1967086792, 91.1795425415, 126.063598633, 204.184829712, 45.1262245178, 5.82101821899, 15.7669143677, 36.7405471802, 15.9881477356, 12.300983429], [214.152587891, 20.270029068, 24.2905292511, 55.3378257751, 29.7051849365, 30.8422031403, 45.1262245178, 123.189155579, 53.6213417053, 3.57038760185, 7.20215654373, 9.77935028076, 23.7049274445], [-30.4623222351, 34.6536026001, 14.932384491, 50.6731758118, 37.5713233948, 35.7490196228, 5.82101821899, 53.6213417053, 119.925170898, 25.6025524139, 13.0147953033, 0.904985427856, 7.68748664856], [401.139373779, -60.4499320984, 46.6323852539, -35.8825683594, -5.75935745239, 48.1539459229, 15.7669143677, 3.57038760185, 25.6025524139, 119.829574585, 43.849395752, 0.60342746973, -3.18703794479], [167.027587891, 135.150421143, -23.5789699554, -26.8307857513, -30.9449462891, 28.5217494965, 36.7405471802, 7.20215654373, 13.0147953033, 43.849395752, 113.507392883, 3.52305006981, 9.67426681519], [-46.5805435181, -163.359832764, 61.5090866089, 31.1267337799, 45.0274505615, 26.3472633362, 15.9881477356, 9.77935028076, 0.904985427856, 0.60342746973, 3.52305006981, 110.081062317, 4.37440872192], [-37.5283851624, 90.6488494873, 9.06409835815, 39.8079338074, 8.13111495972, 3.16445803642, 12.300983429, 23.7049274445, 7.68748664856, -3.18703794479, 9.67426681519, 4.37440872192, 84.50415802]], "icov": [[9.87197054201e-05, -7.8085984569e-05, -2.52071572504e-06, 3.74186092813e-05, 0.000189368307474, -0.000216525426367, 5.70425363549e-05, -0.000299377861666, 0.000220604779315, -0.000365927844541, 0.0001709213102, -0.000100950615888, 0.000127601844724], [-7.8085984569e-05, 0.00139920634683, -0.000131958426209, 0.00013727293117, -0.000459558505099, 0.000344194326317, -0.00042023617425, 0.000517817155924, -0.000720173469745, 0.00186817767099, -0.00224944204092, 0.00232085725293, -0.00136553891934], [-2.52071572504e-06, -0.000131958426209, 0.00215656636283, -0.000769348349422, 0.000122797340737, -0.000361121812603, 0.000377576885512, -0.000287722359644, 0.00048017851077, -0.00147086451761, 0.000985191902146, -0.0012107968796, 0.000149728832184], [3.74186092813e-05, 0.00013727293117, -0.000769348349422, 0.00368275376968, -0.00121985108126, -0.000500756199472, 0.00157654169016, -0.00121239537839, -0.000695162860211, 0.00164671824314, -0.00059456093004, 0.000175073670107, -0.00135189015418], [0.000189368307474, -0.000459558505099, 0.000122797340737, -0.00121985108126, 0.00466509908438, -0.00125480478164, -0.00178253115155, 0.000204200317967, -0.00048449379392, -0.00116143003106, 0.00265475013293, -0.00179621262942, 0.000728178594727], [-0.000216525426367, 0.000344194326317, -0.000361121812603, -0.000500756199472, -0.00125480478164, 0.00580747146159, -0.00316662853584, 0.00130435253959, -0.00146968092304, -0.000529723241925, -0.000778658722993, 0.000269907643087, -3.53428049493e-06], [5.70425363549e-05, -0.00042023617425, 0.000377576885512, 0.00157654169016, -0.00178253115155, -0.00316662853584, 0.00919095985591, -0.0037696196232, 0.00234786653891, 0.000186322344234, -0.00185569107998, -0.000720052863471, -0.000254240760114], [-0.000299377861666, 0.000517817155924, -0.000287722359644, -0.00121239537839, 0.000204200317967, 0.00130435253959, -0.0037696196232, 0.0132643952966, -0.00609088130295, 0.00191370735411, -0.000236205174588, 0.000272704579402, -0.00268789636903], [0.000220604779315, -0.000720173469745, 0.00048017851077, -0.000695162860211, -0.00048449379392, -0.00146968092304, 0.00234786653891, -0.00609088130295, 0.0127470875159, -0.00383696216159, 0.000255218357779, -0.000440850679297, 0.00130423519295], [-0.000365927844541, 0.00186817767099, -0.00147086451761, 0.00164671824314, -0.00116143003106, -0.000529723241925, 0.000186322344234, 0.00191370735411, -0.00383696216159, 0.0150938620791, -0.00733069935814, 0.00362741434947, -0.00164707645308], [0.0001709213102, -0.00224944204092, 0.000985191902146, -0.00059456093004, 0.00265475013293, -0.000778658722993, -0.00185569107998, -0.000236205174588, 0.000255218357779, -0.00733069935814, 0.0157078206539, -0.00475848978385, 0.000921787053812], [-0.000100950615888, 0.00232085725293, -0.0012107968796, 0.000175073670107, -0.00179621262942, 0.000269907643087, -0.000720052863471, 0.000272704579402, -0.000440850679297, 0.00362741434947, -0.00475848978385, 0.014090734534, -0.00230374536477], [0.000127601844724, -0.00136553891934, 0.000149728832184, -0.00135189015418, 0.000728178594727, -3.53428049493e-06, -0.000254240760114, -0.00268789636903, 0.00130423519295, -0.00164707645308, 0.000921787053812, -0.00230374536477, 0.0145300589502]], "mean": [-42.2167701721, 70.4653930664, -135.581970215, 33.2934150696, -58.7539634705, 18.0449790955, -39.9489974976, 8.61352539062, -23.7506942749, -3.30729651451, -17.1679878235, -1.50470304489, -9.59958744049]}, "hfc": {"dmean": 8.34369945526, "dmean2": 12.2945985794, "dvar": 254.141937256, "dvar2": 591.405761719, "max": 159.568496704, "mean": 19.0411586761, "median": 9.67857933044, "min": 1.15254171711e-16, "var": 551.130432129}, "melbands": {"dmean": [0.000498836045153, 0.000282509397948, 0.000259592547081, 0.000172568223206, 0.000103035345091, 5.83071996516e-05, 8.29131240607e-05, 0.000107852720248, 0.000109566361061, 6.67690765113e-05, 7.91609927546e-05, 6.15982862655e-05, 6.15082244622e-05, 5.21221591043e-05, 7.09956220817e-05, 5.64671427128e-05, 6.15961689618e-05, 3.26661938743e-05, 3.24952088704e-05, 3.04055993183e-05, 2.31884496316e-05, 2.39023811446e-05, 2.32726870308e-05, 1.15427947094e-05, 6.22148309048e-06, 4.89672584081e-06, 5.51544690097e-06, 5.00283567817e-06, 3.36537823387e-06, 2.27072837333e-06, 3.0300770959e-06, 2.64385971604e-06, 2.53344023804e-06, 3.30472312271e-06, 3.3545968563e-06, 1.257839358e-06, 7.87429769389e-07, 6.41732526674e-07, 5.31627335931e-07, 3.74726425889e-07], "dmean2": [0.000728884653654, 0.000446646183264, 0.000426802202128, 0.000285721092951, 0.000164996745298, 9.02352257981e-05, 0.000125468854094, 0.000161558898981, 0.000163165997947, 0.000101361445559, 0.000121563803987, 9.37388831517e-05, 9.39206438488e-05, 8.11646314105e-05, 0.000106015075289, 8.69727809913e-05, 9.42255355767e-05, 5.15192914463e-05, 5.39023167221e-05, 4.99933375977e-05, 3.89900524169e-05, 4.08663618146e-05, 3.91081848647e-05, 1.90753344214e-05, 1.02101812445e-05, 7.80105710874e-06, 8.63610239321e-06, 7.74598174758e-06, 5.26391067979e-06, 3.54871440322e-06, 4.78596894027e-06, 4.33009518019e-06, 4.20208289142e-06, 5.24838605998e-06, 5.40569271834e-06, 2.03313720704e-06, 1.25198835121e-06, 1.01863167856e-06, 8.3870168055e-07, 5.79025368097e-07], "dvar": [2.17424849325e-06, 5.23213486758e-07, 6.10270433299e-07, 1.61430634193e-07, 4.18491019616e-08, 1.76839929367e-08, 7.11624821292e-08, 1.36886100677e-07, 1.54806983232e-07, 2.73909535053e-08, 3.19082928968e-08, 3.60592444792e-08, 2.49988456602e-08, 2.12671906752e-08, 4.83162381215e-08, 3.27018874202e-08, 2.809418298e-08, 6.90491663846e-09, 9.0661096408e-09, 5.330762054e-09, 3.65807029112e-09, 8.4351290397e-09, 6.44689324147e-09, 1.16400544758e-09, 1.8763328391e-10, 9.69248709071e-11, 1.67988858935e-10, 1.59461333027e-10, 4.93496112031e-11, 2.15211980181e-11, 9.9396678388e-11, 6.15634349055e-11, 6.9586850171e-11, 8.64876573137e-11, 1.04920745703e-10, 1.17763862897e-11, 4.40808414076e-12, 2.22437671581e-12, 1.45883999325e-12, 7.46373991257e-13], "dvar2": [3.83069573218e-06, 1.28924568799e-06, 1.59141904987e-06, 4.28587355827e-07, 1.02949179848e-07, 4.01006374773e-08, 1.41796419939e-07, 2.81182337858e-07, 3.57000573104e-07, 5.88759796472e-08, 6.912900119e-08, 6.93556501119e-08, 5.58166455278e-08, 4.54611992495e-08, 1.00260393765e-07, 7.56576028493e-08, 6.59009629089e-08, 1.69903771052e-08, 2.30975345517e-08, 1.3809779098e-08, 9.91563453567e-09, 2.35522783498e-08, 1.76821348674e-08, 3.1949880519e-09, 4.77680117683e-10, 2.30504365595e-10, 3.60229068797e-10, 3.44082540238e-10, 1.10557708821e-10, 5.11667964942e-11, 2.51294762776e-10, 1.61120242148e-10, 1.84186818575e-10, 2.14454898284e-10, 2.62469185275e-10, 2.98304228541e-11, 1.04907202716e-11, 5.34518349721e-12, 3.44901906514e-12, 1.73465473756e-12], "max": [0.0152642503381, 0.00843566842377, 0.0118836509064, 0.0065548797138, 0.0039474000223, 0.00588095514104, 0.00749967433512, 0.0135148447007, 0.0126266181469, 0.00355554022826, 0.00474183261395, 0.00649433443323, 0.00567577593029, 0.00475623225793, 0.00580298202112, 0.005263753701, 0.00306471344084, 0.00172473024577, 0.00218452769332, 0.00104142399505, 0.000962750869803, 0.00268192519434, 0.00168636557646, 0.00064164068317, 0.000243950082222, 0.000232698221225, 0.000397022347897, 0.000506876967847, 0.000235156025155, 7.97201792011e-05, 0.000231345038628, 0.000121326636872, 0.000169394232216, 0.000159652830916, 0.000196771652554, 5.73636643821e-05, 5.31705227331e-05, 3.31397095579e-05, 2.05997712328e-05, 1.86719589692e-05], "mean": [0.0006650465657, 0.000454677763628, 0.000345872307662, 0.000262750167167, 0.000195715838345, 0.000108880340122, 0.000141990036354, 0.000179732000106, 0.000188663281733, 0.000119215510495, 0.000138929244713, 0.000105253842776, 0.000111964676762, 9.72342677414e-05, 0.000133846799145, 9.7008436569e-05, 0.000107320651296, 4.66299788968e-05, 4.00631543016e-05, 4.02300574933e-05, 2.77003164229e-05, 2.73478217423e-05, 2.91548240057e-05, 1.5287709175e-05, 9.58586861088e-06, 7.62968193158e-06, 8.5953524831e-06, 7.81960352469e-06, 5.4159481806e-06, 3.48794196725e-06, 3.64071843251e-06, 3.06843708131e-06, 2.92230424748e-06, 3.94430026063e-06, 3.8579419197e-06, 1.66660663581e-06, 1.11168151307e-06, 9.67378923633e-07, 8.0530236346e-07, 5.31305943241e-07], "median": [0.000158568334882, 0.000188920646906, 0.000155916815856, 0.000142643926665, 7.31792679289e-05, 3.85110652132e-05, 3.99910895794e-05, 3.70687339455e-05, 3.13275595545e-05, 3.42177518178e-05, 4.24535683123e-05, 2.15105792449e-05, 2.07397206395e-05, 1.94123313122e-05, 1.25548194774e-05, 9.90097760223e-06, 1.14021113404e-05, 8.47365208756e-06, 1.03198426586e-05, 1.39226576721e-05, 1.03498805402e-05, 8.10057008493e-06, 8.38005144033e-06, 5.54895495952e-06, 3.24787606587e-06, 3.50668778992e-06, 3.37135634254e-06, 2.98217628369e-06, 2.11561132346e-06, 1.18670982374e-06, 8.17598788672e-07, 7.56928557166e-07, 7.06406012796e-07, 8.44811438583e-07, 7.69067924011e-07, 4.10712345911e-07, 3.06036810116e-07, 2.81999177787e-07, 2.40360748194e-07, 1.46015352698e-07], "min": [1.32449714432e-23, 3.08835928393e-24, 8.19406940535e-24, 1.25294477809e-23, 6.28442135283e-24, 1.05719083773e-23, 1.45812402855e-23, 8.49258383821e-24, 5.91303747156e-24, 8.12163461931e-24, 4.62530014102e-24, 5.83718021249e-24, 1.05535358068e-23, 3.98405167725e-24, 1.11463182343e-23, 1.43174830641e-23, 1.01816052449e-23, 7.85466515632e-24, 1.78877460366e-23, 1.31370521159e-23, 1.32343533754e-23, 2.8950591743e-24, 8.84732196552e-24, 7.75010716536e-24, 1.81817797395e-23, 1.70581783309e-23, 1.43404988699e-23, 1.53591738895e-23, 9.93954406501e-24, 1.18886931441e-23, 1.35620919494e-23, 5.81100422993e-24, 1.41443438727e-23, 1.3975986756e-23, 1.33708073794e-23, 1.22304647647e-23, 9.19309232205e-24, 1.07041127875e-23, 9.88903566783e-24, 7.97394960266e-24], "var": [3.24320853906e-06, 6.66539904159e-07, 5.4303154684e-07, 1.71242874103e-07, 1.14153174025e-07, 3.88928782513e-08, 1.32015728127e-07, 3.03592088358e-07, 3.03739057017e-07, 6.68420980787e-08, 8.20245986688e-08, 9.15150906167e-08, 7.39800967153e-08, 6.99202331589e-08, 1.47436040265e-07, 7.28492963731e-08, 7.86549705367e-08, 1.1807974154e-08, 9.73548708316e-09, 6.64489663293e-09, 3.11089531913e-09, 5.89801008033e-09, 5.02158137294e-09, 1.07806319427e-09, 3.61228852386e-10, 1.80934850436e-10, 2.65353267137e-10, 2.47430492761e-10, 8.33666052857e-11, 3.42213861415e-11, 9.98907692673e-11, 5.44376453637e-11, 5.81574510772e-11, 9.07216524126e-11, 1.06527384136e-10, 1.27628662847e-11, 5.65100006719e-12, 3.21792982885e-12, 2.19039456711e-12, 1.04998887189e-12]}, "melbands_crest": {"dmean": 3.32546377182, "dmean2": 5.14186477661, "dvar": 10.2241840363, "dvar2": 21.7887878418, "max": 31.0504722595, "mean": 11.7200193405, "median": 10.5579023361, "min": 1.72791063786, "var": 27.1606712341}, "melbands_flatness_db": {"dmean": 0.0247243866324, "dmean2": 0.0362102203071, "dvar": 0.000621209619567, "dvar2": 0.00122471456416, "max": 0.414606928825, "mean": 0.144002571702, "median": 0.140424400568, "min": 0.0062926937826, "var": 0.00219549168833}, "melbands_kurtosis": {"dmean": 3.56412124634, "dmean2": 5.52160215378, "dvar": 46.3074951172, "dvar2": 96.3661804199, "max": 266.834869385, "mean": 5.47863817215, "median": 2.61699867249, "min": -1.82343387604, "var": 97.6658096313}, "melbands_skewness": {"dmean": 0.633632957935, "dmean2": 0.94513219595, "dvar": 0.499149382114, "dvar2": 1.02361786366, "max": 13.0323324203, "mean": 1.63383889198, "median": 1.50387954712, "min": -3.74001932144, "var": 1.88894486427}, "melbands_spread": {"dmean": 10.8923082352, "dmean2": 17.0738563538, "dvar": 229.649765015, "dvar2": 523.905456543, "max": 203.287521362, "mean": 37.2597007751, "median": 33.2322807312, "min": 1.17808055878, "var": 496.322875977}, "mfcc": {"cov": [[12514.8056641, 799.644897461, 196.202987671, -513.881591797, -413.662994385, 82.205657959, 208.011795044, -94.4344863892, 6.81027793884, 269.984039307, 207.233154297, 266.948455811, 17.8365364075], [799.644897461, 1098.82287598, -69.100440979, -58.249080658, -66.0181121826, -58.1677894592, 95.8473358154, -40.497756958, -16.6638202667, 50.0343170166, 2.9617190361, 25.064655304, -21.4398078918], [196.202987671, -69.100440979, 500.414978027, 75.730758667, 38.8015098572, 19.2866382599, -17.6382064819, -6.62500762939, 2.98480820656, 15.6537160873, -1.03993725777, 8.56867790222, 31.840051651], [-513.881591797, -58.249080658, 75.730758667, 357.420013428, 156.793807983, -13.2043046951, -35.026260376, 53.0760765076, 44.8557815552, -16.385848999, -51.67420578, -29.5879955292, 15.6802539825], [-413.662994385, -66.0181121826, 38.8015098572, 156.793807983, 268.273162842, 95.7635116577, -1.68106007576, 65.820602417, 66.0612869263, 17.3083705902, 1.64450323582, -13.4978723526, 3.94642353058], [82.205657959, -58.1677894592, 19.2866382599, -13.2043046951, 95.7635116577, 254.122360229, 96.8293457031, 64.5083007812, 37.7138328552, 21.1586017609, 50.1519546509, 11.3335371017, -0.492191463709], [208.011795044, 95.8473358154, -17.6382064819, -35.026260376, -1.68106007576, 96.8293457031, 189.753677368, 45.2386207581, 29.2658290863, 29.1286239624, 25.9991588593, 27.221780777, 4.55961799622], [-94.4344863892, -40.497756958, -6.62500762939, 53.0760765076, 65.820602417, 64.5083007812, 45.2386207581, 179.462097168, 62.0933418274, -2.5345954895, 18.3431167603, -3.91135311127, 0.685827314854], [6.81027793884, -16.6638202667, 2.98480820656, 44.8557815552, 66.0612869263, 37.7138328552, 29.2658290863, 62.0933418274, 123.258499146, 40.575843811, 3.28179430962, -1.58613669872, -5.15523576736], [269.984039307, 50.0343170166, 15.6537160873, -16.385848999, 17.3083705902, 21.1586017609, 29.1286239624, -2.5345954895, 40.575843811, 107.733551025, 34.1665649414, 9.90118980408, -1.62162125111], [207.233154297, 2.9617190361, -1.03993725777, -51.67420578, 1.64450323582, 50.1519546509, 25.9991588593, 18.3431167603, 3.28179430962, 34.1665649414, 105.327682495, 46.5426368713, -0.659304499626], [266.948455811, 25.064655304, 8.56867790222, -29.5879955292, -13.4978723526, 11.3335371017, 27.221780777, -3.91135311127, -1.58613669872, 9.90118980408, 46.5426368713, 102.787254333, 26.5248241425], [17.8365364075, -21.4398078918, 31.840051651, 15.6802539825, 3.94642353058, -0.492191463709, 4.55961799622, 0.685827314854, -5.15523576736, -1.62162125111, -0.659304499626, 26.5248241425, 73.4876174927]], "icov": [[0.000100229066447, -5.76129277761e-05, -5.62246059417e-05, 6.07533584116e-05, 0.000154196619405, -7.76726737968e-05, 3.09339666273e-05, -1.63928398251e-05, -2.75421498372e-05, -0.000201965274755, 1.8371585611e-05, -0.000199993315618, 2.56568364421e-05], [-5.76129277761e-05, 0.00108629127499, 0.000127230363432, -1.94037074834e-05, -0.000119210220873, 0.000520806177519, -0.000778702786192, 0.00013910785492, 0.000318519363645, -0.00040996086318, 0.000181131137651, -0.000133866895339, 0.000400069518946], [-5.62246059417e-05, 0.000127230363432, 0.00220789923333, -0.0005465845461, -1.11950157589e-05, -0.000297965219943, 0.000254047423368, 0.000212776561966, 0.00020011831657, -0.00042314172606, 3.9146420022e-05, -2.29111883527e-05, -0.000795047613792], [6.07533584116e-05, -1.94037074834e-05, -0.0005465845461, 0.00471108965576, -0.00270398217253, 0.00114549475256, 0.000135862312163, -0.000848896394018, -0.00042536915862, 0.00043099623872, 0.00162866071332, 8.72509699548e-05, -0.00067364226561], [0.000154196619405, -0.000119210220873, -1.11950157589e-05, -0.00270398217253, 0.00723534543067, -0.0030418660026, 0.0016002174234, -0.000494115345646, -0.00178506027441, -0.00101775163785, -0.000151856802404, -0.000143037468661, -9.14155680221e-05], [-7.76726737968e-05, 0.000520806177519, -0.000297965219943, 0.00114549475256, -0.0030418660026, 0.00714951939881, -0.00350053189322, -0.000558184692636, 1.91933031601e-05, 0.000866650487296, -0.0025015566498, 0.00118119746912, 6.08032860328e-05], [3.09339666273e-05, -0.000778702786192, 0.000254047423368, 0.000135862312163, 0.0016002174234, -0.00350053189322, 0.0083011444658, -0.00155614281539, -0.000700206612237, -0.00154589628801, 0.00123466923833, -0.00185538071673, -0.000386133353459], [-1.63928398251e-05, 0.00013910785492, 0.000212776561966, -0.000848896394018, -0.000494115345646, -0.000558184692636, -0.00155614281539, 0.0083248782903, -0.00391732109711, 0.00278236111626, -0.00261780014262, 0.00148308079224, -0.000597039179411], [-2.75421498372e-05, 0.000318519363645, 0.00020011831657, -0.00042536915862, -0.00178506027441, 1.91933031601e-05, -0.000700206612237, -0.00391732109711, 0.0131706055254, -0.00544655974954, 0.00260616233572, -0.00119448883925, 0.00153793091886], [-0.000201965274755, -0.00040996086318, -0.00042314172606, 0.00043099623872, -0.00101775163785, 0.000866650487296, -0.00154589628801, 0.00278236111626, -0.00544655974954, 0.0140890972689, -0.00526569457725, 0.00221047084779, -0.000765081960708], [1.8371585611e-05, 0.000181131137651, 3.9146420022e-05, 0.00162866071332, -0.000151856802404, -0.0025015566498, 0.00123466923833, -0.00261780014262, 0.00260616233572, -0.00526569457725, 0.0164922717959, -0.007361152675, 0.00249468442053], [-0.000199993315618, -0.000133866895339, -2.29111883527e-05, 8.72509699548e-05, -0.000143037468661, 0.00118119746912, -0.00185538071673, 0.00148308079224, -0.00119448883925, 0.00221047084779, -0.007361152675, 0.0152220418677, -0.00547767803073], [2.56568364421e-05, 0.000400069518946, -0.000795047613792, -0.00067364226561, -9.14155680221e-05, 6.08032860328e-05, -0.000386133353459, -0.000597039179411, 0.00153793091886, -0.000765081960708, 0.00249468442053, -0.00547767803073, 0.016331795603]], "mean": [-676.430358887, 96.6435394287, -14.4680538177, 15.2392435074, 4.02482223511, 5.14876508713, -2.77851819992, 6.77298212051, -1.41171646118, 1.22205889225, -5.11784124374, -2.0538892746, -0.604495167732]}, "pitch_salience": {"dmean": 0.0717445388436, "dmean2": 0.10906329751, "dvar": 0.004414383322, "dvar2": 0.00932779256254, "max": 0.934491455555, "mean": 0.607822239399, "median": 0.617693483829, "min": 0.146334037185, "var": 0.012235974893}, "silence_rate_20dB": {"dmean": 0, "dmean2": 0, "dvar": 0, "dvar2": 0, "max": 1, "mean": 1, "median": 1, "min": 1, "var": 0}, "silence_rate_30dB": {"dmean": 0, "dmean2": 0, "dvar": 0, "dvar2": 0, "max": 1, "mean": 1, "median": 1, "min": 1, "var": 0}, "silence_rate_60dB": {"dmean": 0.0568532943726, "dmean2": 0.11372064054, "dvar": 0.0536232665181, "dvar2": 0.113648362458, "max": 1, "mean": 0.241473063827, "median": 0, "min": 0, "var": 0.183178275824}, "spectral_centroid": {"dmean": 282.606658936, "dmean2": 425.779907227, "dvar": 113145.445312, "dvar2": 214947.21875, "max": 10869.5917969, "mean": 1791.17211914, "median": 1712.17456055, "min": 292.779754639, "var": 382382.78125}, "spectral_complexity": {"dmean": 4.27808666229, "dmean2": 6.20791101456, "dvar": 30.9966259003, "dvar2": 59.1912155151, "max": 58, "mean": 16.2890510559, "median": 15, "min": 0, "var": 141.266204834}, "spectral_contrast_coeffs": {"dmean": [0.0472138933837, 0.0446199923754, 0.0399772971869, 0.0329990684986, 0.0243989638984, 0.0193004086614], "dmean2": [0.0759384483099, 0.0713341757655, 0.0612114705145, 0.0517196021974, 0.0389401167631, 0.0299356542528], "dvar": [0.001702997135, 0.00150574464351, 0.00114021066111, 0.000711702450644, 0.000502110575326, 0.000323783286149], "dvar2": [0.00409243768081, 0.00348326168023, 0.0025011387188, 0.00171862274874, 0.00121835479513, 0.000772245519329], "max": [-0.309507071972, -0.374850541353, -0.433853656054, -0.52445524931, -0.59151506424, -0.585060358047], "mean": [-0.667896568775, -0.749781489372, -0.759527742863, -0.769184648991, -0.787662088871, -0.770762562752], "median": [-0.679236471653, -0.763939619064, -0.767823219299, -0.777574777603, -0.791066884995, -0.770885944366], "min": [-0.983944535255, -0.96400642395, -0.964567899704, -0.963433146477, -0.955308556557, -0.957943618298], "var": [0.00883440673351, 0.00848456285894, 0.00637223105878, 0.00373282376677, 0.00183033815119, 0.0012995301513]}, "spectral_contrast_valleys": {"dmean": [0.398627698421, 0.405219763517, 0.399926275015, 0.383560210466, 0.344602495432, 0.404353767633], "dmean2": [0.623567998409, 0.617294371128, 0.584130108356, 0.539834499359, 0.468242198229, 0.502662599087], "dvar": [0.158426597714, 0.152623444796, 0.15865650773, 0.166958838701, 0.165217936039, 0.233641982079], "dvar2": [0.305426090956, 0.28156465292, 0.278627157211, 0.279674828053, 0.270296424627, 0.362040877342], "max": [-5.44178342819, -5.13101196289, -5.15085792542, -5.35995531082, -5.59049940109, -7.67566490173], "mean": [-8.08694171906, -7.50808429718, -7.73117303848, -7.88197851181, -7.72460651398, -10.3098058701], "median": [-7.48179149628, -7.19950151443, -7.45277023315, -7.72934055328, -7.56503677368, -10.1231689453], "min": [-27.3865604401, -27.137638092, -27.0388088226, -27.1071796417, -27.3155097961, -27.318113327], "var": [2.24397349358, 1.72749686241, 1.49411344528, 1.28304088116, 1.14614832401, 1.55557501316]}, "spectral_decrease": {"dmean": 1.35786704103e-09, "dmean2": 1.86737247887e-09, "dvar": 4.61218125176e-18, "dvar2": 8.26637899353e-18, "max": 3.00441686419e-16, "mean": -3.77964903819e-09, "median": -2.24917307001e-09, "min": -2.52947334189e-08, "var": 1.84800834241e-17}, "spectral_energy": {"dmean": 0.00577473081648, "dmean2": 0.00795316230506, "dvar": 8.24756425573e-05, "dvar2": 0.000151085012476, "max": 0.10333687067, "mean": 0.0159923657775, "median": 0.00956657808274, "min": 1.07918045915e-20, "var": 0.000327156594722}, "spectral_energyband_high": {"dmean": 0.00053642259445, "dmean2": 0.000802615541033, "dvar": 1.53340715769e-06, "dvar2": 3.55141150976e-06, "max": 0.0161100588739, "mean": 0.000827973126434, "median": 0.000326300767483, "min": 7.82680153523e-21, "var": 2.04022285288e-06}, "spectral_energyband_low": {"dmean": 0.00195786776021, "dmean2": 0.00278152921237, "dvar": 2.43099821091e-05, "dvar2": 4.16958173446e-05, "max": 0.0487359650433, "mean": 0.00330437975936, "median": 0.00120265816804, "min": 5.71269149298e-23, "var": 4.44225843239e-05}, "spectral_energyband_middle_high": {"dmean": 0.00282299285755, "dmean2": 0.00424796994776, "dvar": 2.6182293368e-05, "dvar2": 5.79495826969e-05, "max": 0.07916816324, "mean": 0.00680209696293, "median": 0.00257336557843, "min": 1.77465178464e-21, "var": 9.79991382337e-05}, "spectral_energyband_middle_low": {"dmean": 0.00231655640528, "dmean2": 0.00348667544313, "dvar": 1.98257075681e-05, "dvar2": 4.57747555629e-05, "max": 0.0718805864453, "mean": 0.00562480045483, "median": 0.00347668956965, "min": 2.74386825469e-22, "var": 4.58509275632e-05}, "spectral_entropy": {"dmean": 0.152952641249, "dmean2": 0.213561981916, "dvar": 0.0249111112207, "dvar2": 0.0465959385037, "max": 9.78987312317, "mean": 7.75861883163, "median": 7.78385257721, "min": 6.18762350082, "var": 0.110903337598}, "spectral_flux": {"dmean": 0.0213434938341, "dmean2": 0.0320084318519, "dvar": 0.000728398386855, "dvar2": 0.00137986987829, "max": 0.284437090158, "mean": 0.0633565112948, "median": 0.0507680252194, "min": 1.03883610048e-10, "var": 0.00243333238177}, "spectral_kurtosis": {"dmean": 1.13979077339, "dmean2": 1.88080811501, "dvar": 1.41891133785, "dvar2": 3.93752002716, "max": 20.4539108276, "mean": 3.77416539192, "median": 3.55003643036, "min": -1.22597754002, "var": 3.13675832748}, "spectral_rms": {"dmean": 0.000647588749416, "dmean2": 0.000873758748639, "dvar": 7.06359514879e-07, "dvar2": 1.25877238588e-06, "max": 0.0100407404825, "mean": 0.00331735354848, "median": 0.00305503630079, "min": 3.24477879461e-12, "var": 4.59747525383e-06}, "spectral_rolloff": {"dmean": 653.016357422, "dmean2": 1063.81518555, "dvar": 1050407, "dvar2": 2241678.25, "max": 18497.0214844, "mean": 2238.17993164, "median": 1981.0546875, "min": 86.1328125, "var": 2441259}, "spectral_skewness": {"dmean": 0.175547242165, "dmean2": 0.279258936644, "dvar": 0.0272916909307, "dvar2": 0.0678066313267, "max": 3.12889027596, "mean": 1.42694997787, "median": 1.43040823936, "min": -0.192302450538, "var": 0.0835116654634}, "spectral_spread": {"dmean": 563006.3125, "dmean2": 826919.125, "dvar": 494214971392, "dvar2": 910000979968, "max": 41347244, "mean": 4485367.5, "median": 4353088, "min": 1427660.25, "var": 1499010301950.0}, "spectral_strongpeak": {"dmean": 0.577