{"lowlevel": {"average_loudness": 0.405052930117, "barkbands": {"dmean": [0.000129994616145, 0.0017427316634, 0.00250745681114, 0.00315333064646, 0.00164703617338, 0.000995890353806, 0.000881842104718, 0.00061143602943, 0.000525648938492, 0.000217559660086, 0.000327060755808, 0.00036175880814, 0.000190016566194, 0.000137808645377, 0.000161301737535, 6.68004649924e-05, 5.66776434425e-05, 3.81797362934e-05, 4.31212793046e-05, 3.55458214472e-05, 4.21201366407e-05, 5.23957241967e-05, 6.63151149638e-05, 5.54188991373e-05, 5.0778973673e-05, 4.24488862336e-05, 2.81423326669e-05], "dmean2": [0.000215136285988, 0.00315082352608, 0.00441335933283, 0.00536174792796, 0.00271437130868, 0.00155001226813, 0.00138673919719, 0.000910881557502, 0.000801641901489, 0.000333298608894, 0.000469888444059, 0.000537784246262, 0.000284896494122, 0.000211744962144, 0.000248179218033, 0.000107925843622, 8.93133692443e-05, 6.25517059234e-05, 6.74537295708e-05, 5.8037447161e-05, 6.7503133323e-05, 7.75000589783e-05, 9.94220899884e-05, 8.49773350637e-05, 7.84710136941e-05, 6.75908377161e-05, 4.95730455441e-05], "dvar": [4.44132908228e-08, 4.18399213231e-05, 4.63581491204e-05, 8.05096351542e-05, 1.90282571566e-05, 4.47456477559e-06, 4.10966094933e-06, 2.31846297538e-06, 2.40822987507e-06, 4.26198198511e-07, 1.8843820726e-06, 2.96568873637e-06, 5.84093299949e-07, 2.75476253364e-07, 3.77564106202e-06, 5.34327426749e-08, 3.41135510951e-08, 1.13876419405e-08, 1.66019837877e-08, 1.15888152408e-08, 1.78693557729e-08, 4.95461698335e-08, 7.50159472318e-08, 2.77732290499e-08, 2.25270309073e-08, 2.16617674909e-08, 1.32764359506e-08], "dvar2": [1.02738916041e-07, 0.000119113887195, 0.000131536522531, 0.000214484200114, 5.0030364946e-05, 1.04814471342e-05, 9.90617718344e-06, 4.70516579298e-06, 5.136501386e-06, 9.53719677455e-07, 3.60212561645e-06, 5.89720548305e-06, 1.2075926179e-06, 5.99671011514e-07, 8.96204528544e-06, 1.32948827058e-07, 8.20335586127e-08, 2.8694637777e-08, 3.76170383731e-08, 2.91919288742e-08, 4.33078781725e-08, 9.16437485898e-08, 1.50136600041e-07, 6.13919084458e-08, 5.59081598794e-08, 5.47099148207e-08, 3.59835112818e-08], "max": [0.00604880228639, 0.105159640312, 0.120764583349, 0.203965932131, 0.0907828882337, 0.0546055026352, 0.0803972706199, 0.0478195138276, 0.0525306202471, 0.0228846464306, 0.0524580329657, 0.0749908983707, 0.0492452904582, 0.02991742827, 0.198993682861, 0.0100144753233, 0.00695911794901, 0.00298713427037, 0.00399582693353, 0.0035300354939, 0.00358000933193, 0.0187959019095, 0.0184415932745, 0.00494453497231, 0.00291923503391, 0.00504269869998, 0.00362045830116], "mean": [0.000290503230644, 0.00155786948744, 0.00345293642022, 0.00355719984509, 0.00231865281239, 0.00192743702792, 0.00173680461012, 0.00124711438548, 0.00102688523475, 0.000421598204412, 0.000684977159835, 0.000737666385248, 0.000356976845069, 0.000229861470871, 0.00024586726795, 0.000104741047835, 9.73506248556e-05, 6.2680002884e-05, 8.11533609522e-05, 6.25630782451e-05, 6.79141594446e-05, 8.82219756022e-05, 9.29979505599e-05, 7.03304103808e-05, 5.73515317228e-05, 4.09838175983e-05, 2.1128460503e-05], "median": [0.000253289908869, 0.000452965206932, 0.00173825258389, 0.00112141901627, 0.000965181738138, 0.000507521093823, 0.000449527578894, 0.000261122768279, 0.00015044293832, 6.51132722851e-05, 5.44783688383e-05, 5.85061425227e-05, 4.26511469414e-05, 2.6916146453e-05, 2.16311673285e-05, 1.55723791977e-05, 1.22950186778e-05, 1.62470460054e-05, 1.65304300026e-05, 1.99725564016e-05, 2.20090150833e-05, 2.39273467741e-05, 1.93920350284e-05, 1.34001002152e-05, 1.01692512544e-05, 6.15626913714e-06, 2.16416788135e-06], "min": [2.28901796716e-25, 3.60600547121e-24, 9.64983864465e-25, 1.78801339233e-24, 9.17220407414e-24, 1.21303961811e-23, 4.03902463272e-24, 1.18838140394e-23, 1.64027595587e-23, 1.94289278099e-23, 2.63979806375e-23, 2.43496102116e-23, 2.08450845961e-23, 4.11515191888e-23, 3.10658410077e-23, 6.15493133407e-23, 4.85409812364e-23, 8.53284083016e-23, 1.37339926293e-22, 1.98534693988e-22, 2.2930694621e-22, 3.50376269234e-22, 2.65100253918e-22, 5.95785570459e-22, 9.11463067025e-22, 1.30776679292e-21, 1.99749274725e-21], "var": [6.76160993862e-08, 2.73940804618e-05, 3.91687208321e-05, 6.78226788295e-05, 1.95519551198e-05, 1.36657590701e-05, 1.10970950118e-05, 8.54757490742e-06, 8.28373413242e-06, 1.33159028337e-06, 6.5477725002e-06, 8.44590158522e-06, 1.81777056696e-06, 6.15598821696e-07, 5.21422134625e-06, 9.66607061059e-08, 7.87609124586e-08, 1.89331235134e-08, 4.54253061832e-08, 1.70211524875e-08, 2.53435850084e-08, 9.01789576346e-08, 1.23850753653e-07, 4.21501908932e-08, 2.30133387902e-08, 1.88399305046e-08, 8.93728646645e-09]}, "barkbands_crest": {"dmean": 2.27444243431, "dmean2": 3.81412553787, "dvar": 4.13900709152, "dvar2": 11.3658571243, "max": 25.3672790527, "mean": 9.39302825928, "median": 8.86390686035, "min": 2.70781159401, "var": 9.95761585236}, "barkbands_flatness_db": {"dmean": 0.0190924704075, "dmean2": 0.0302722193301, "dvar": 0.000318167469231, "dvar2": 0.000792629667558, "max": 0.332594692707, "mean": 0.130026042461, "median": 0.128629654646, "min": 0.025678711012, "var": 0.00159199046902}, "barkbands_kurtosis": {"dmean": 4.03618574142, "dmean2": 6.51356172562, "dvar": 33.8254699707, "dvar2": 84.8832931519, "max": 162.841720581, "mean": 9.21473312378, "median": 6.06823301315, "min": -1.92037928104, "var": 117.220375061}, "barkbands_skewness": {"dmean": 0.590858817101, "dmean2": 0.934936881065, "dvar": 0.381346911192, "dvar2": 0.920500695705, "max": 10.361079216, "mean": 2.23142576218, "median": 2.07725548744, "min": -4.76537895203, "var": 1.98192107677}, "barkbands_spread": {"dmean": 5.47356748581, "dmean2": 8.88381385803, "dvar": 69.5232620239, "dvar2": 172.846221924, "max": 119.603012085, "mean": 18.4952220917, "median": 13.5501470566, "min": 1.05143237114, "var": 237.067123413}, "dissonance": {"dmean": 0.0219915304333, "dmean2": 0.036676555872, "dvar": 0.000485919357743, "dvar2": 0.00130996888038, "max": 0.500000178814, "mean": 0.453303962946, "median": 0.461579322815, "min": 0.243391990662, "var": 0.00130922463723}, "dynamic_complexity": 6.08859157562, "erbbands": {"dmean": [0.0359375029802, 0.465954512358, 2.33176708221, 7.07964134216, 8.57332515717, 4.93215608597, 5.50581169128, 8.70660305023, 11.0183029175, 14.5167093277, 14.1421375275, 12.2803735733, 7.74129486084, 8.61825275421, 12.4203329086, 14.047712326, 8.67351531982, 7.50235366821, 6.19408226013, 7.82888412476, 3.78782534599, 2.90712332726, 2.20868086815, 1.92155635357, 2.12279009819, 1.57192206383, 1.57266294956, 1.82236027718, 1.80449187756, 2.23937296867, 1.74134814739, 1.22944962978, 0.882628858089, 0.596413969994, 0.360622346401, 0.174858987331, 0.0733114033937, 0.0332069806755, 0.00471229758114, 0.000189646772924], "dmean2": [0.0634974986315, 0.849253296852, 4.14834833145, 12.1284370422, 14.3664464951, 8.01648902893, 8.79269886017, 13.5574150085, 17.4852256775, 22.4580955505, 20.5354251862, 18.6517658234, 11.577123642, 12.626326561, 18.003282547, 20.3380851746, 12.7822723389, 11.3798961639, 9.35176849365, 12.2202682495, 5.89490365982, 4.59639835358, 3.60656857491, 3.01701164246, 3.31468367577, 2.56421351433, 2.52091097832, 2.90556693077, 2.6734919548, 3.34193968773, 2.63183498383, 1.90203225613, 1.34142303467, 0.926218807697, 0.556970536709, 0.2684674263, 0.118321701884, 0.0579499863088, 0.0082945395261, 0.000327955174726], "dvar": [0.0155713036656, 3.0021238327, 45.4247207642, 340.872741699, 690.075378418, 135.771408081, 149.986557007, 414.129638672, 831.677978516, 1054.40490723, 1345.80419922, 1321.31286621, 560.62109375, 945.749694824, 2682.99487305, 3178.43164063, 1244.1505127, 758.268310547, 664.658996582, 17346.4472656, 221.059265137, 92.152557373, 36.9027099609, 36.7144813538, 38.2326698303, 23.7137870789, 22.5939731598, 37.5765571594, 59.0257911682, 114.501243591, 51.2217750549, 15.0524702072, 6.59207057953, 3.02619147301, 1.21567595005, 0.307879716158, 0.0744846761227, 0.0183318872005, 0.000375456351321, 5.56114343908e-07], "dvar2": [0.0433106683195, 8.6103925705, 129.850250244, 924.166809082, 1844.39294434, 332.795440674, 371.390563965, 948.778625488, 1939.68383789, 2504.50341797, 2592.9284668, 2839.75195313, 1143.93444824, 1827.93725586, 5206.78613281, 6387.29931641, 2567.01904297, 1602.1932373, 1482.5177002, 41456.3320313, 530.724182129, 225.965423584, 92.9753875732, 85.9017944336, 86.4574279785, 60.627784729, 54.0075035095, 89.8759765625, 110.610122681, 220.826828003, 107.320793152, 32.9142417908, 14.7718153, 7.45382165909, 3.02304267883, 0.753627121449, 0.191137507558, 0.049968354404, 0.00101739598904, 1.45948047248e-06], "max": [2.3340113163, 26.7323303223, 102.85092926, 373.111419678, 527.318603516, 187.039932251, 285.357849121, 640.562133789, 1340.11755371, 779.342895508, 1303.74487305, 1413.8269043, 1019.73120117, 1321.95385742, 1701.4609375, 1918.33056641, 2308.2043457, 1714.91516113, 1468.1282959, 13755.2060547, 1018.31756592, 384.655914307, 180.929916382, 221.958724976, 221.394927979, 147.66796875, 165.799316406, 207.403656006, 624.307678223, 1029.5994873, 318.40612793, 116.025115967, 78.2715301514, 33.2530250549, 24.0367622375, 13.639251709, 11.3129806519, 4.39239025116, 0.649105668068, 0.019955733791], "mean": [0.0345790423453, 0.429633080959, 2.99928045273, 9.12641620636, 10.1595115662, 6.99224710464, 8.99487400055, 16.9039993286, 20.9368858337, 30.7039432526, 30.9700241089, 25.319108963, 15.8153343201, 17.7467765808, 27.4503688812, 29.5015201569, 17.1261043549, 13.5315408707, 10.8742856979, 11.6708145142, 6.57766246796, 5.0718960762, 3.72287368774, 3.47354459763, 4.15618085861, 2.81572794914, 2.71486830711, 2.83568286896, 3.07182908058, 3.21262407303, 2.46695113182, 1.5792247057, 1.13290572166, 0.698546350002, 0.394819021225, 0.186444267631, 0.0680290982127, 0.0258116628975, 0.00353853404522, 0.000162804368301], "median": [0.00881833583117, 0.152579590678, 1.56919574738, 3.75919866562, 3.42218732834, 2.8565196991, 3.35913538933, 3.60944628716, 5.94020748138, 6.82397937775, 7.12121200562, 4.3702712059, 2.84464550018, 2.78828716278, 2.98554706573, 3.14047002792, 2.39866304398, 1.77445864677, 1.19630813599, 1.09326636791, 0.91610366106, 0.725937724113, 0.94367736578, 0.742015242577, 0.947704911232, 0.917739272118, 0.951588571072, 0.827246189117, 0.819900035858, 0.738761663437, 0.516797184944, 0.30300834775, 0.223601132631, 0.134774595499, 0.0646971166134, 0.0300531573594, 0.00966548733413, 0.0031025102362, 0.000354024581611, 3.14678254654e-05], "min": [1.46339857344e-22, 6.30928781051e-22, 2.56103942791e-21, 8.99994963119e-21, 2.36864444718e-20, 2.50022416416e-20, 4.95772251097e-20, 1.17458470835e-19, 8.08798979131e-20, 1.03470484785e-19, 2.93356476465e-19, 3.01911307607e-19, 5.0775525474e-19, 8.02433074685e-19, 1.1001543506e-18, 1.32084096815e-18, 9.61493340733e-19, 2.29784735749e-18, 2.69771225586e-18, 2.83830855817e-18, 3.45750535904e-18, 3.64043345637e-18, 5.34060559816e-18, 7.41822190782e-18, 7.36207288784e-18, 8.97149256309e-18, 9.14283392799e-18, 1.03935202608e-17, 1.21740033683e-17, 9.56022926509e-18, 8.26553857803e-18, 9.67756979806e-18, 1.00667830917e-17, 8.24776494821e-18, 5.99108016595e-18, 4.1266005896e-18, 2.07088367986e-18, 8.59978478937e-19, 2.59722459729e-19, 2.66651057018e-20], "var": [0.0117337163538, 1.87916481495, 34.3084220886, 301.744659424, 566.346801758, 170.507980347, 239.99508667, 1339.96801758, 2120.3359375, 3420.68066406, 5468.67431641, 4587.46875, 1796.09729004, 3197.07519531, 9035, 9446.91015625, 3803.38720703, 1808.60400391, 1808.30419922, 23174.7949219, 438.728668213, 197.133544922, 64.1621856689, 81.7615814209, 115.987678528, 33.7633590698, 32.975276947, 54.7740402222, 107.09513092, 184.693283081, 79.8357849121, 23.6701202393, 9.59359836578, 3.25810575485, 1.20006811619, 0.302648365498, 0.0614892542362, 0.0123450197279, 0.00025275972439, 4.03703012353e-07]}, "erbbands_crest": {"dmean": 2.3256008625, "dmean2": 3.70950436592, "dvar": 5.65268707275, "dvar2": 12.803894043, "max": 35.1814727783, "mean": 9.57773113251, "median": 8.39487266541, "min": 2.27530837059, "var": 23.4970798492}, "erbbands_flatness_db": {"dmean": 0.017693599686, "dmean2": 0.0258145257831, "dvar": 0.000371469417587, "dvar2": 0.000734414730687, "max": 0.427809804678, "mean": 0.132188871503, "median": 0.126929864287, "min": 0.0274209715426, "var": 0.00181105942465}, "erbbands_kurtosis": {"dmean": 1.40031421185, "dmean2": 2.16766786575, "dvar": 8.75437355042, "dvar2": 19.5589370728, "max": 228.482131958, "mean": 2.08050322533, "median": 0.987804532051, "min": -1.81872284412, "var": 24.3731822968}, "erbbands_skewness": {"dmean": 0.360827445984, "dmean2": 0.560477674007, "dvar": 0.133498117328, "dvar2": 0.301578611135, "max": 5.44417333603, "mean": 0.826974868774, "median": 0.900539457798, "min": -5.92095565796, "var": 0.949086606503}, "erbbands_spread": {"dmean": 10.8353910446, "dmean2": 16.8684539795, "dvar": 186.341751099, "dvar2": 433.783325195, "max": 165.316329956, "mean": 44.6280555725, "median": 38.4295501709, "min": 0.583590269089, "var": 724.119018555}, "gfcc": {"cov": [[16342.7128906, 1566.84887695, -763.018737793, -1215.0567627, -842.352355957, 421.259033203, -539.419372559, -88.5994567871, -272.979156494, 45.8841705322, -162.359664917, -53.4439544678, -308.652862549], [1566.84887695, 867.115783691, -253.209732056, -303.759674072, -137.2837677, -27.0980453491, -40.2017936707, -27.1902675629, -12.7368507385, 5.95150709152, 32.3796844482, -9.59992408752, -40.9811248779], [-763.018737793, -253.209732056, 752.347351074, 212.849349976, -8.53455924988, 0.392302125692, 12.511015892, 22.1948566437, -23.8524017334, -4.7711391449, -43.759853363, 3.99651193619, -7.97691583633], [-1215.0567627, -303.759674072, 212.849349976, 573.82043457, 122.425216675, -74.4860076904, -6.47499418259, 16.6984996796, 8.14992809296, -26.1168937683, -15.8431634903, -23.5235443115, 25.143037796], [-842.352355957, -137.2837677, -8.53455924988, 122.425216675, 258.604492188, 28.446811676, 18.2705211639, -12.0289640427, 13.891418457, -14.5433578491, -14.4647655487, -14.9329690933, 18.2947063446], [421.259033203, -27.0980453491, 0.392302125692, -74.4860076904, 28.446811676, 192.5703125, 49.4363212585, -4.53078269958, -37.3488578796, -4.22575330734, -17.7803497314, -2.48119354248, -8.52935695648], [-539.419372559, -40.2017936707, 12.511015892, -6.47499418259, 18.2705211639, 49.4363212585, 149.432647705, 33.282913208, -9.58796882629, -24.5096130371, -6.06470632553, 11.5335950851, 9.62870407104], [-88.5994567871, -27.1902675629, 22.1948566437, 16.6984996796, -12.0289640427, -4.53078269958, 33.282913208, 80.9209213257, 36.0246047974, 0.229741126299, -16.6962909698, -8.43239498138, 0.669037342072], [-272.979156494, -12.7368507385, -23.8524017334, 8.14992809296, 13.891418457, -37.3488578796, -9.58796882629, 36.0246047974, 87.7524871826, 37.5362205505, 2.56612324715, -20.5810718536, -1.53049623966], [45.8841705322, 5.95150709152, -4.7711391449, -26.1168937683, -14.5433578491, -4.22575330734, -24.5096130371, 0.229741126299, 37.5362205505, 75.3624572754, 31.8752937317, -1.12679648399, -13.6477766037], [-162.359664917, 32.3796844482, -43.759853363, -15.8431634903, -14.4647655487, -17.7803497314, -6.06470632553, -16.6962909698, 2.56612324715, 31.8752937317, 74.4400405884, 34.7468910217, 1.36791169643], [-53.4439544678, -9.59992408752, 3.99651193619, -23.5235443115, -14.9329690933, -2.48119354248, 11.5335950851, -8.43239498138, -20.5810718536, -1.12679648399, 34.7468910217, 71.2840194702, 34.1777496338], [-308.652862549, -40.9811248779, -7.97691583633, 25.143037796, 18.2947063446, -8.52935695648, 9.62870407104, 0.669037342072, -1.53049623966, -13.6477766037, 1.36791169643, 34.1777496338, 65.5146255493]], "icov": [[0.00017141342687, -0.000175073830178, 0.00018358467787, 3.19956452586e-05, 0.00036125924089, -0.00045096402755, 0.000755714601837, -0.000300269981381, 0.000460960378405, -0.000272957375273, 0.000913833791856, -0.00065243570134, 0.000715721806046], [-0.000175073830178, 0.00184365536552, 0.000129478488816, 0.000700526172295, 0.00011313376308, 0.000876470585354, -0.000540239911061, 0.000398746924475, -0.000150976105942, 0.000886611582246, -0.00176096532959, 0.00152320996858, -0.000343485182384], [0.00018358467787, 0.000129478488816, 0.00198586075567, -0.00064606993692, 0.000767523248214, -0.000406764884247, 0.000677890027873, -0.000540357606951, 0.00122567708604, -0.00140176317655, 0.00290408357978, -0.00218702573329, 0.00189115956891], [3.19956452586e-05, 0.000700526172295, -0.00064606993692, 0.00298375706188, -0.00104465871118, 0.00126769382041, 0.000462873576907, -0.00104244588874, 0.00120312580839, 0.000837289902847, -0.00165418430697, 0.00257697282359, -0.00134274445008], [0.00036125924089, 0.00011313376308, 0.000767523248214, -0.00104465871118, 0.00611415784806, -0.00242589158006, 0.000969582644757, 0.00199004053138, -0.00186289742123, 0.000972441514023, 0.00200189370662, -0.000560302403755, 0.000490655715112], [-0.00045096402755, 0.000876470585354, -0.000406764884247, 0.00126769382041, -0.00242589158006, 0.00894134584814, -0.00430582277477, 2.9624599847e-05, 0.00406879931688, -0.00298210140318, -7.26434154785e-05, 0.00262103253044, -0.00153034250252], [0.000755714601837, -0.000540239911061, 0.000677890027873, 0.000462873576907, 0.000969582644757, -0.00430582277477, 0.0125949447975, -0.00604054844007, 0.00242745201103, 0.00237573403865, 0.00172865984496, -0.00358038488775, 0.00288990489207], [-0.000300269981381, 0.000398746924475, -0.000540357606951, -0.00104244588874, 0.00199004053138, 2.9624599847e-05, -0.00604054844007, 0.0213603973389, -0.012516583316, 0.00296408939175, 0.00347187579609, -0.00213572988287, 0.000653607654385], [0.000460960378405, -0.000150976105942, 0.00122567708604, 0.00120312580839, -0.00186289742123, 0.00406879931688, 0.00242745201103, -0.012516583316, 0.0282417722046, -0.014532841742, 0.00200560712256, 0.0071927998215, -0.00357617158443], [-0.000272957375273, 0.000886611582246, -0.00140176317655, 0.000837289902847, 0.000972441514023, -0.00298210140318, 0.00237573403865, 0.00296408939175, -0.014532841742, 0.0278794802725, -0.0137832574546, 0.00216592662036, 0.00236352556385], [0.000913833791856, -0.00176096532959, 0.00290408357978, -0.00165418430697, 0.00200189370662, -7.26434154785e-05, 0.00172865984496, 0.00347187579609, 0.00200560712256, -0.0137832574546, 0.0344604328275, -0.0214016921818, 0.0109550850466], [-0.00065243570134, 0.00152320996858, -0.00218702573329, 0.00257697282359, -0.000560302403755, 0.00262103253044, -0.00358038488775, -0.00213572988287, 0.0071927998215, 0.00216592662036, -0.0214016921818, 0.0375624671578, -0.0208600554615], [0.000715721806046, -0.000343485182384, 0.00189115956891, -0.00134274445008, 0.000490655715112, -0.00153034250252, 0.00288990489207, 0.000653607654385, -0.00357617158443, 0.00236352556385, 0.0109550850466, -0.0208600554615, 0.0294611249119]], "mean": [-51.1078643799, 78.6779022217, -78.1527404785, 26.045091629, -61.9642219543, 9.05032444, -32.727355957, 1.11130964756, -24.1263523102, 0.525493144989, -19.5412502289, -3.78314161301, -19.6837921143]}, "hfc": {"dmean": 5.76530504227, "dmean2": 8.46869182587, "dvar": 202.034194946, "dvar2": 467.177459717, "max": 419.927703857, "mean": 12.4522275925, "median": 5.40754032135, "min": 1.08263277925e-16, "var": 380.205200195}, "melbands": {"dmean": [0.000403126585297, 0.00100443267729, 0.00128808966838, 0.00044454910676, 0.000185386976227, 0.000196434586542, 0.000173202119186, 0.000148577251821, 0.000116574650747, 7.14622219675e-05, 3.81613972422e-05, 3.35622389684e-05, 4.69482474728e-05, 4.42360069428e-05, 2.31408685067e-05, 1.79059534275e-05, 1.38796485771e-05, 1.01353007267e-05, 1.02355916169e-05, 7.79413403507e-06, 4.31441367255e-06, 3.42436419487e-06, 2.43175122705e-06, 1.76752666903e-06, 1.62082528732e-06, 1.79401979494e-06, 1.39916642183e-06, 1.04718560578e-06, 1.02107526345e-06, 1.04192588424e-06, 1.0848769989e-06, 1.01007526609e-06, 1.16684464047e-06, 1.36218136504e-06, 1.11715849016e-06, 8.04971534762e-07, 7.63100445056e-07, 6.19398065282e-07, 6.04555737027e-07, 4.73816328395e-07], "dmean2": [0.000721229007468, 0.0017908703303, 0.00218326062895, 0.000731931999326, 0.000294206663966, 0.000304765329929, 0.000273901969194, 0.000228552322369, 0.000170137456735, 0.000109154170786, 5.7258639572e-05, 4.97305081808e-05, 6.76684721839e-05, 6.55692856526e-05, 3.36476041412e-05, 2.66806728177e-05, 2.12847462535e-05, 1.5424706362e-05, 1.59227674885e-05, 1.23065128719e-05, 6.78856758896e-06, 5.44778367839e-06, 4.06158551414e-06, 2.89796503239e-06, 2.56681073552e-06, 2.80071753878e-06, 2.26792076319e-06, 1.72766272044e-06, 1.65303799804e-06, 1.68244002907e-06, 1.75323339136e-06, 1.52660481945e-06, 1.76433013621e-06, 2.0955249056e-06, 1.71599936039e-06, 1.25022063457e-06, 1.21104903883e-06, 9.58102532422e-07, 9.43375539464e-07, 7.4850584042e-07], "dvar": [2.14668261833e-06, 9.45724696066e-06, 1.23519866975e-05, 1.45453680034e-06, 1.57188139838e-07, 1.99627550046e-07, 1.79526097099e-07, 1.0405013029e-07, 9.06778936383e-08, 4.27603765729e-08, 1.38456837107e-08, 1.37998448224e-08, 3.71955692913e-08, 4.83062017054e-08, 7.46219885883e-09, 4.36884173283e-09, 3.15509685045e-09, 1.79601367112e-09, 1.61445470326e-08, 1.17812293254e-08, 2.0320535532e-10, 1.36493746861e-10, 5.28207720618e-11, 2.45042389158e-11, 2.86556074008e-11, 3.04412536845e-11, 1.72319849362e-11, 1.07719232839e-11, 9.09565131546e-12, 1.04819512445e-11, 1.45125291992e-11, 1.82019295469e-11, 2.49707251404e-11, 4.62219429398e-11, 2.74011490581e-11, 6.96590701788e-12, 6.15417656072e-12, 3.67294692924e-12, 3.01890695602e-12, 2.04459821469e-12], "dvar2": [6.06090725341e-06, 2.70034233836e-05, 3.29663416778e-05, 3.76938237423e-06, 3.87967020288e-07, 4.58681654436e-07, 4.22043882509e-07, 2.43648344167e-07, 1.78172442133e-07, 9.26824981207e-08, 2.84179026977e-08, 2.73972649012e-08, 7.20356894135e-08, 9.42614022392e-08, 1.52380970064e-08, 8.9034122297e-09, 6.68671784609e-09, 4.02273148126e-09, 3.85058633867e-08, 2.81511773892e-08, 4.94095819814e-10, 3.37909283887e-10, 1.3492962303e-10, 6.15714354502e-11, 6.74273276102e-11, 6.57010418292e-11, 4.20348131303e-11, 2.79456787572e-11, 2.20864715406e-11, 2.55325448284e-11, 3.5342475474e-11, 3.55958248988e-11, 4.5349630301e-11, 9.60124202365e-11, 6.11092218494e-11, 1.52332695069e-11, 1.41067166629e-11, 8.41207745822e-12, 7.17757754273e-12, 5.12217351867e-12], "max": [0.0241098608822, 0.0430727526546, 0.075423181057, 0.0229667499661, 0.00935585703701, 0.012739029713, 0.0189725812525, 0.00747085828334, 0.00950219295919, 0.00761767290533, 0.00490498635918, 0.00487934146076, 0.00782801769674, 0.00995761528611, 0.0044848555699, 0.00320959486999, 0.00375214940868, 0.0027196703013, 0.0132626052946, 0.0112493671477, 0.000513543724082, 0.000452359090559, 0.000237932879827, 0.000128547355416, 0.000199743633857, 0.000240805311478, 0.000141888784128, 0.000106852370664, 0.000117426432553, 9.15259442991e-05, 0.000139262148878, 0.000340624450473, 0.00041986265569, 0.000629827496596, 0.000231276644627, 0.00011975079542, 7.33310880605e-05, 5.61350316275e-05, 4.70176346425e-05, 3.05457797367e-05], "mean": [0.000383084785426, 0.00125414668582, 0.00167214521207, 0.000591629184783, 0.000305541441776, 0.000384458136978, 0.000338166748406, 0.000316284393193, 0.000251965771895, 0.000141478769365, 7.43255950511e-05, 6.63405007799e-05, 0.000101407327747, 9.05331253307e-05, 4.64389304398e-05, 3.35703407472e-05, 2.34314957197e-05, 1.71411593328e-05, 1.54189838213e-05, 1.15382717922e-05, 7.35369894755e-06, 5.70610336581e-06, 3.72910517399e-06, 2.87683997158e-06, 2.72390252576e-06, 3.31053297487e-06, 2.51682172348e-06, 1.71901001522e-06, 1.70348585016e-06, 1.61507227858e-06, 1.61628008755e-06, 1.66482709574e-06, 1.83789325092e-06, 1.79303538062e-06, 1.52161840106e-06, 1.09096424694e-06, 9.16992291877e-07, 7.8880827914e-07, 7.23233483768e-07, 5.40319717857e-07], "median": [0.000114229012979, 0.000636104028672, 0.000698854099028, 0.000216881293454, 0.000126830069348, 8.6012398242e-05, 9.95952432277e-05, 7.43437412893e-05, 5.08069169882e-05, 2.29203978961e-05, 1.13835340017e-05, 1.00606102933e-05, 8.44537589728e-06, 6.83123107592e-06, 6.01178317083e-06, 4.28809016739e-06, 2.74518311016e-06, 1.69108386672e-06, 1.47126775119e-06, 1.30683861244e-06, 9.2142511221e-07, 6.97023438079e-07, 7.91465254224e-07, 7.69596510963e-07, 5.39881284567e-07, 6.57965074424e-07, 6.72013470648e-07, 5.76034949518e-07, 5.87258909945e-07, 5.30572833668e-07, 4.36738787357e-07, 4.18607953634e-07, 5.19305217495e-07, 3.58210854756e-07, 2.99659120628e-07, 2.37426874605e-07, 1.6101391509e-07, 1.53617719434e-07, 1.34985214117e-07, 1.02225897081e-07], "min": [1.67950084165e-24, 1.70171654525e-24, 2.08760264818e-24, 1.74907442918e-24, 1.87483936786e-24, 2.52298503975e-24, 1.24516240888e-24, 1.1106973205e-24, 1.81284594476e-24, 2.41941075833e-24, 2.22598955855e-24, 2.49925432878e-24, 3.45500408331e-24, 2.77603150219e-24, 1.79062688851e-24, 2.34152415458e-24, 3.39073400764e-24, 3.08224265369e-24, 2.12995008208e-24, 3.36077346489e-24, 2.64894344656e-24, 2.90851714134e-24, 4.02202744122e-24, 4.08017003981e-24, 3.86750773369e-24, 4.87874576708e-24, 4.2433581454e-24, 5.155734158e-24, 5.65538169485e-24, 5.09114459366e-24, 5.18424122453e-24, 5.95045984962e-24, 6.18320261008e-24, 4.45314584238e-24, 4.03053412279e-24, 5.78371477021e-24, 4.90788116132e-24, 6.26382735004e-24, 6.05855509288e-24, 7.20354173173e-24], "var": [1.48971116687e-06, 6.79642380419e-06, 1.07486421257e-05, 1.46059687722e-06, 2.45177005809e-07, 6.47404021947e-07, 4.71063799523e-07, 3.39397473681e-07, 3.60023079793e-07, 1.43062081293e-07, 4.29234248145e-08, 4.50805011099e-08, 1.29371599655e-07, 1.40949964589e-07, 2.31872263612e-08, 1.31703963291e-08, 6.94305057891e-09, 5.09870368148e-09, 2.19699156645e-08, 1.59466271299e-08, 4.67691163575e-10, 2.83432527448e-10, 8.37277192023e-11, 4.04740685411e-11, 6.01521332744e-11, 9.02981092676e-11, 3.85778596568e-11, 1.33574158678e-11, 1.28816375969e-11, 1.43174656159e-11, 2.0433524664e-11, 3.14069881213e-11, 4.52746902468e-11, 6.72191746709e-11, 3.73699890477e-11, 1.11845845086e-11, 8.5605394301e-12, 5.0896903879e-12, 3.75305602568e-12, 2.04988066452e-12]}, "melbands_crest": {"dmean": 3.29035782814, "dmean2": 5.55449676514, "dvar": 8.67820453644, "dvar2": 24.2310142517, "max": 35.0919837952, "mean": 14.0870361328, "median": 13.6989994049, "min": 1.60006666183, "var": 20.3851356506}, "melbands_flatness_db": {"dmean": 0.0240253470838, "dmean2": 0.0383990556002, "dvar": 0.000508066616021, "dvar2": 0.00131134758703, "max": 0.437001436949, "mean": 0.220159351826, "median": 0.221637710929, "min": 0.00291034975089, "var": 0.00298656034283}, "melbands_kurtosis": {"dmean": 11.8190631866, "dmean2": 19.309343338, "dvar": 344.8253479, "dvar2": 863.485900879, "max": 387.00567627, "mean": 26.7026824951, "median": 13.9515666962, "min": -1.85701930523, "var": 1279.91052246}, "melbands_skewness": {"dmean": 0.939044773579, "dmean2": 1.48897373676, "dvar": 1.07456636429, "dvar2": 2.58686113358, "max": 14.7577486038, "mean": 3.4012067318, "median": 2.89091110229, "min": -2.85721158981, "var": 5.4144654274}, "melbands_spread": {"dmean": 5.07973480225, "dmean2": 8.26789283752, "dvar": 79.2853622437, "dvar2": 202.528884888, "max": 218.269287109, "mean": 16.0594024658, "median": 11.730255127, "min": 0.715695202351, "var": 259.689971924}, "mfcc": {"cov": [[10787.4912109, 1672.90844727, -194.16809082, -1162.42053223, -249.786376953, -83.3475418091, -225.204605103, -166.238967896, -195.277099609, -130.099990845, 36.1860160828, 11.5912561417, 20.9048843384], [1672.90844727, 990.690490723, -117.431419373, -307.906158447, -145.506439209, -72.3196716309, -58.8396492004, -52.0878257751, -60.7405586243, -49.2274093628, 15.473733902, 32.1994476318, 51.5040092468], [-194.16809082, -117.431419373, 636.048950195, 157.365539551, 10.5796175003, 5.84762382507, 18.7944831848, 4.61247205734, 9.38549137115, -9.65239048004, -0.0989011451602, -3.37929534912, -27.6399765015], [-1162.42053223, -307.906158447, 157.365539551, 495.496856689, 133.620239258, 2.8083794117, 3.08511996269, 17.9364356995, 19.7265167236, 26.7041854858, -13.2168006897, -27.7633571625, -36.6293182373], [-249.786376953, -145.506439209, 10.5796175003, 133.620239258, 207.501800537, 56.7497634888, -3.32405400276, -13.193687439, 10.6338100433, 25.395904541, -1.72197449207, -27.2832889557, -26.3120746613], [-83.3475418091, -72.3196716309, 5.84762382507, 2.8083794117, 56.7497634888, 129.338394165, 70.0974502563, 15.124499321, 6.05518436432, -2.94014430046, -6.64711904526, -1.74791753292, -10.5961141586], [-225.204605103, -58.8396492004, 18.7944831848, 3.08511996269, -3.32405400276, 70.0974502563, 120.072898865, 62.2198066711, 15.0463819504, -19.4423389435, -17.9838123322, 0.662772297859, -2.92119216919], [-166.238967896, -52.0878257751, 4.61247205734, 17.9364356995, -13.193687439, 15.124499321, 62.2198066711, 95.947479248, 44.5864257813, -6.72626447678, -23.2862510681, -10.225979805, -4.79547595978], [-195.277099609, -60.7405586243, 9.38549137115, 19.7265167236, 10.6338100433, 6.05518436432, 15.0463819504, 44.5864257813, 90.400604248, 41.5033950806, -6.83421230316, -19.0928688049, -12.6787118912], [-130.099990845, -49.2274093628, -9.65239048004, 26.7041854858, 25.395904541, -2.94014430046, -19.4423389435, -6.72626447678, 41.5033950806, 84.7131195068, 39.2115783691, -6.07712221146, -18.6759395599], [36.1860160828, 15.473733902, -0.0989011451602, -13.2168006897, -1.72197449207, -6.64711904526, -17.9838123322, -23.2862510681, -6.83421230316, 39.2115783691, 76.2175750732, 31.9847583771, -6.09648799896], [11.5912561417, 32.1994476318, -3.37929534912, -27.7633571625, -27.2832889557, -1.74791753292, 0.662772297859, -10.225979805, -19.0928688049, -6.07712221146, 31.9847583771, 67.3613815308, 33.5691719055], [20.9048843384, 51.5040092468, -27.6399765015, -36.6293182373, -26.3120746613, -10.5961141586, -2.92119216919, -4.79547595978, -12.6787118912, -18.6759395599, -6.09648799896, 33.5691719055, 71.7650680542]], "icov": [[0.000161148534971, -0.000187850295333, -6.54051546007e-05, 0.000318791775499, -9.09426671569e-05, -0.000141425785841, 0.00038072722964, -0.00020319862233, 0.000235198895098, 5.88051880186e-05, -5.49762899027e-06, 9.81864141067e-05, 0.00018355139764], [-0.000187850295333, 0.00162072468083, 0.000138618022902, 0.000297194550512, 0.00048274663277, 0.000507883436512, -0.000116050432553, 0.000500642461702, -5.30973338755e-05, 0.000580815772992, -0.000466480472824, 0.000249223259743, -0.000637078250293], [-6.54051546007e-05, 0.000138618022902, 0.00182799110189, -0.000786382821389, 0.000415632384829, 7.51862753532e-05, -0.000543237780221, 0.000796503270976, -0.000888160779141, 0.00101410853676, -0.000458091264591, -0.000228526187129, 0.000591817079112], [0.000318791775499, 0.000297194550512, -0.000786382821389, 0.00388507847674, -0.00212401919998, 0.00115300074685, 0.000534235266969, -0.00123417854775, 0.00140123546589, -0.000964202627074, 0.00110953988042, -0.000353681272827, 0.00096103613032], [-9.09426671569e-05, 0.00048274663277, 0.000415632384829, -0.00212401919998, 0.00818938016891, -0.00477073574439, 0.00236966623925, 0.00101587956306, -0.00024228291295, -0.000637924298644, -0.000533440208528, 0.0024786174763, -0.000195028871531], [-0.000141425785841, 0.000507883436512, 7.51862753532e-05, 0.00115300074685, -0.00477073574439, 0.0160041637719, -0.0117714731023, 0.00492745544761, -0.00110684381798, -0.000516045023687, 0.00139625335578, -0.00220161885954, 0.00157673889771], [0.00038072722964, -0.000116050432553, -0.000543237780221, 0.000534235266969, 0.00236966623925, -0.0117714731023, 0.0229320824146, -0.0135373957455, 0.0030336282216, 0.00209441268817, -0.000335002929205, -0.000468381360406, 0.000467076519271], [-0.00020319862233, 0.000500642461702, 0.000796503270976, -0.00123417854775, 0.00101587956306, 0.00492745544761, -0.0135373957455, 0.0252752471715, -0.0127696264535, 0.00509179756045, 0.0012446551118, -0.000401648925617, 0.000977313728072], [0.000235198895098, -5.30973338755e-05, -0.000888160779141, 0.00140123546589, -0.00024228291295, -0.00110684381798, 0.0030336282216, -0.0127696264535, 0.0253170039505, -0.0161303114146, 0.00702976901084, 0.000898835016415, -0.000187561061466], [5.88051880186e-05, 0.000580815772992, 0.00101410853676, -0.000964202627074, -0.000637924298644, -0.000516045023687, 0.00209441268817, 0.00509179756045, -0.0161303114146, 0.0305780693889, -0.0183356199414, 0.00675365887582, -2.90424886771e-05], [-5.49762899027e-06, -0.000466480472824, -0.000458091264591, 0.00110953988042, -0.000533440208528, 0.00139625335578, -0.000335002929205, 0.0012446551118, 0.00702976901084, -0.0183356199414, 0.0324911922216, -0.0188252665102, 0.00884265638888], [9.81864141067e-05, 0.000249223259743, -0.000228526187129, -0.000353681272827, 0.0024786174763, -0.00220161885954, -0.000468381360406, -0.000401648925617, 0.000898835016415, 0.00675365887582, -0.0188252665102, 0.032672598958, -0.0149041684344], [0.00018355139764, -0.000637078250293, 0.000591817079112, 0.00096103613032, -0.000195028871531, 0.00157673889771, 0.000467076519271, 0.000977313728072, -0.000187561061466, -2.90424886771e-05, 0.00884265638888, -0.0149041684344, 0.0229843147099]], "mean": [-703.85357666, 117.21762085, 31.242937088, 22.7400512695, -1.87895357609, 7.34329080582, -1.76539587975, 0.721461117268, -3.20454668999, 0.265615522861, 0.0745590031147, -0.0247646272182, -0.315150350332]}, "pitch_salience": {"dmean": 0.0685393661261, "dmean2": 0.115359760821, "dvar": 0.0037815021351, "dvar2": 0.010573245585, "max": 0.856204926968, "mean": 0.583832800388, "median": 0.589127957821, "min": 0.131920397282, "var": 0.00984513387084}, "silence_rate_20dB": {"dmean": 0, "dmean2": 0, "dvar": 0, "dvar2": 0, "max": 1, "mean": 1, "median": 1, "min": 1, "var": 0}, "silence_rate_30dB": {"dmean": 0.0179004687816, "dmean2": 0.0358028672636, "dvar": 0.0175743438303, "dvar2": 0.0426091589034, "max": 1, "mean": 0.984310984612, "median": 1, "min": 0, "var": 0.0154415983707}, "silence_rate_60dB": {"dmean": 0.0358009375632, "dmean2": 0.0716057345271, "dvar": 0.0345193706453, "dvar2": 0.0807136893272, "max": 1, "mean": 0.178455904126, "median": 0, "min": 0, "var": 0.146626070142}, "spectral_centroid": {"dmean": 180.325027466, "dmean2": 289.067749023, "dvar": 67901.6328125, "dvar2": 155562.46875, "max": 11823.7890625, "mean": 980.983947754, "median": 737.3203125, "min": 169.811843872, "var": 784125.25}, "spectral_complexity": {"dmean": 2.36081314087, "dmean2": 3.63442254066, "dvar": 12.0072851181, "dvar2": 25.1842575073, "max": 55, "mean": 10.3067178726, "median": 9, "min": 0, "var": 60.4019088745}, "spectral_contrast_coeffs": {"dmean": [0.0511619076133, 0.0459909178317, 0.0357762277126, 0.0257973279804, 0.016062349081, 0.0151455514133], "dmean2": [0.0858811363578, 0.0746022462845, 0.0570492558181, 0.0422127582133, 0.0265703573823, 0.0249556321651], "dvar": [0.00188838748727, 0.00141781265847, 0.00097084447043, 0.000504477182403, 0.000182666277396, 0.000223723211093], "dvar2": [0.00499633746222, 0.0035742521286, 0.0022691488266, 0.00122001545969, 0.000460029521491, 0.000571159704123], "max": [-0.281675457954, -0.415524572134, -0.398757517338, -0.363197296858, -0.639914810658, -0.624484539032], "mean": [-0.627612650394, -0.732269585133, -0.777071297169, -0.819989144802, -0.839283883572, -0.787633121014], "median": [-0.624827563763, -0.73354691267, -0.788750708103, -0.833608090878, -0.846711456776, -0.788425147533], "min": [-0.97956776619, -0.985817372799, -0.973726809025, -0.968912363052, -0.96964943409, -0.964606523514], "var": [0.00714226160198, 0.00774494279176, 0.00719164637849, 0.00329791591503, 0.00126030668616, 0.000844401365612]}, "spectral_contrast_valleys": {"dmean": [0.436709195375, 0.382384330034, 0.353393346071, 0.30168530345, 0.223684221506, 0.295805841684], "dmean2": [0.721382856369, 0.611790418625, 0.559441924095, 0.467838585377, 0.344193905592, 0.402059853077], "dvar": [0.154833078384, 0.121270768344, 0.121577136219, 0.111574888229, 0.0821347087622, 0.181653231382], "dvar2": [0.369505554438, 0.2707721591, 0.258610874414, 0.224665507674, 0.159600287676, 0.371667742729], "max": [-4.91410160065, -4.29469966888, -5.11752176285, -5.54414558411, -5.50963020325, -7.63296413422], "mean": [-7.66434955597, -7.16454601288, -8.06267547607, -8.49447536469, -8.2215423584, -10.3724184036], "median": [-7.43015480042, -6.9053401947, -7.8623213768, -8.39100646973, -8.18601703644, -10.3606967926], "min": [-28.0238075256, -27.9855365753, -27.785030365, -27.8924808502, -27.4542942047, -27.3709754944], "var": [2.4791932106, 2.99318289757, 2.86808133125, 2.56262683868, 2.02903628349, 2.03138160706]}, "spectral_decrease": {"dmean": 2.49625364823e-09, "dmean2": 3.98887189945e-09, "dvar": 3.42139966977e-17, "dvar2": 8.83360205129e-17, "max": 2.19022627362e-28, "mean": -5.16935649841e-09, "median": -2.9453364192e-09, "min": -1.19899567608e-07, "var": 4.78025426063e-17}, "spectral_energy": {"dmean": 0.0098727112636, "dmean2": 0.0156972911209, "dvar": 0.000532851612661, "dvar2": 0.00136821053457, "max": 0.474050194025, "mean": 0.0206399019808, "median": 0.0116870393977, "min": 1.00028075731e-20, "var": 0.000761585251894}, "spectral_energyband_high": {"dmean": 0.000328644760884, "dmean2": 0.000484904303448, "dvar": 9.94727429315e-07, "dvar2": 2.18308559852e-06, "max": 0.0446018464863, "mean": 0.000469551625429, "median": 0.000118841504445, "min": 7.03961962894e-21, "var": 1.49915445036e-06}, "spectral_energyband_low": {"dmean": 0.00522533571348, "dmean2": 0.00907221063972, "dvar": 0.000209692341741, "dvar2": 0.000580598949455, "max": 0.200004503131, "mean": 0.00696795899421, "median": 0.00341289513744, "min": 1.67333695864e-23, "var": 0.00016967234842}, "spectral_energyband_middle_high": {"dmean": 0.00118404661771, "dmean2": 0.00165670656133, "dvar": 1.47746022776e-05, "dvar2": 3.10548639391e-05, "max": 0.209378093481, "mean": 0.00293129915372, "median": 0.000664172228426, "min": 1.12008443947e-21, "var": 4.38623901573e-05}, "spectral_energyband_middle_low": {"dmean": 0.00594980828464, "dmean2": 0.00939265731722, "dvar": 0.000194828098756, "dvar2": 0.000492784718517, "max": 0.326705366373, "mean": 0.0120263556018, "median": 0.00627884455025, "min": 1.71720693353e-22, "var": 0.000295797013678}, "spectral_entropy": {"dmean": 0.175650462508, "dmean2": 0.264968842268, "dvar": 0.0344140529633, "dvar2": 0.0763081386685, "max": 9.82394695282, "mean": 7.55594682693, "median": 7.55166053772, "min": 5.7519159317, "var": 0.182961270213}, "spectral_flux": {"dmean": 0.0247012283653, "dmean2": 0.0387403815985, "dvar": 0.00166400487069, "dvar2": 0.00338715454563, "max": 0.557252347469, "mean": 0.0629876554012, "median": 0.0464003458619, "min": 6.39271344194e-11, "var": 0.00343473022804}, "spectral_kurtosis": {"dmean": 1.0358632803, "dmean2": 1.67596161366, "dvar": 1.43021166325, "dvar2": 3.44434690475, "max": 18.1735363007, "mean": 3.80874919891, "median": 3.32789540291, "min": -1.25487482548, "var": 5.10054636002}, "spectral_rms": {"dmean": 0.000848719442729, "dmean2": 0.00128592574038, "dvar": 1.87441014532e-06, "dvar2": 4.38233610112e-06, "max": 0.0215055327863, "mean": 0.00377512909472, "median": 0.00337668322027, "min": 3.12391367115e-12, "var": 5.884854545e-06}, "spectral_rolloff": {"dmean": 337.434051514, "dmean2": 594.58984375, "dvar": 880843.4375, "dvar2": 2276507.5, "max": 19530.6152344, "mean": 1001.55651855, "median": 581.396484375, "min": 21.533203125, "var": 2435698.75}, "spectral_skewness": {"dmean": 0.182450190187, "dmean2": 0.288103580475, "dvar": 0.0361408032477, "dvar2": 0.0827738046646, "max": 3.48836994171, "mean": 1.58803105354, "median": 1.56949961185, "min": -0.0656443461776, "var": 0.220466956496}, "spectral_spread": {"dmean": 705558.25, "dmean2": 1069824.25, "dvar": 1095724367870.0, "dvar2": 2449348755460.0, "max": 41977136, "mean": 5925712.5, "median": 5582007, "min": 2202972, "var": 