{"lowlevel": {"average_loudness": 0.797650098801, "barkbands": {"dmean": [1.06863144538e-05, 0.000323445099639, 0.000727181322873, 0.00157529662829, 0.000494793581311, 0.000257013860391, 0.000262751302216, 0.000383900129236, 0.000584186229389, 0.000552247685846, 0.000261519453488, 0.000310931471176, 0.00047986060963, 0.000489720143378, 0.000319171173032, 0.000239847766352, 0.000308718415909, 0.000166550205904, 0.00022687978344, 0.000244171125814, 5.750994751e-05, 4.80994276586e-05, 3.9717542677e-05, 3.52118440787e-05, 0.00011393114255, 6.20570208412e-05, 3.07924051413e-06], "dmean2": [1.70888069988e-05, 0.000533804530278, 0.00124979566317, 0.00257502985187, 0.000826867879368, 0.000427903753007, 0.000427189545007, 0.000591973133851, 0.000864148605615, 0.000849687261507, 0.000403424986871, 0.000487237790367, 0.000761110102758, 0.00075330294203, 0.000478416273836, 0.000365139334463, 0.000473048829008, 0.000255112478044, 0.000343127496308, 0.00036426258157, 9.27584114834e-05, 7.59330432629e-05, 6.39975332888e-05, 5.44988652109e-05, 0.000195305532543, 0.000105966122646, 4.9913719522e-06], "dvar": [6.58131604769e-10, 5.27382439941e-07, 3.37045457854e-06, 2.92720924335e-05, 1.20887841604e-06, 3.52359762701e-07, 4.44767465524e-07, 1.1310020227e-06, 2.19408411795e-06, 2.23752044803e-06, 3.86257624996e-07, 5.29888893652e-07, 1.47692196606e-06, 1.42953683735e-06, 7.165664897e-07, 2.50084951858e-07, 2.53041775977e-07, 1.05729590416e-07, 2.34909421692e-07, 2.73219683322e-07, 1.79658048438e-08, 1.52641810303e-08, 1.0088856861e-08, 5.57404922219e-09, 1.55710637273e-07, 4.24261195064e-08, 2.05155059607e-10], "dvar2": [1.5032283196e-09, 1.4040969063e-06, 9.29304587771e-06, 7.27270089556e-05, 3.25888481711e-06, 9.48850185978e-07, 1.1098941286e-06, 2.6063084988e-06, 4.63075411972e-06, 5.25466975887e-06, 8.62578531269e-07, 1.21923392271e-06, 3.63578237739e-06, 3.40679866895e-06, 1.54334554736e-06, 5.24184144979e-07, 5.83384689889e-07, 2.22458396593e-07, 5.11724124408e-07, 5.65967127386e-07, 4.48023662614e-08, 3.89614633889e-08, 2.65771316066e-08, 1.36742492884e-08, 4.27081403132e-07, 1.15580021998e-07, 4.78848682928e-10], "max": [0.00045117517584, 0.0102278944105, 0.0245425589383, 0.0477436557412, 0.0155064687133, 0.0107258846983, 0.0139021407813, 0.0284853763878, 0.0361867509782, 0.0347582623363, 0.0242519751191, 0.0297672469169, 0.0260755736381, 0.0235886853188, 0.0201049223542, 0.017422830686, 0.00914316717535, 0.00906433630735, 0.00878531299531, 0.0109105855227, 0.00283547164872, 0.00252142711543, 0.00287034269422, 0.00131160090677, 0.00581282982603, 0.00277133355848, 0.00059550954029], "mean": [1.30379648908e-05, 0.000540963723324, 0.000842883368023, 0.0015093536349, 0.000774674175773, 0.00040393639938, 0.000385664607165, 0.00061207509134, 0.00105673703365, 0.000928633031435, 0.000483886542497, 0.000546293682419, 0.000812236685306, 0.000891076750122, 0.000575296813622, 0.000499812595081, 0.000679695513099, 0.000349390611518, 0.000479688227642, 0.000590753392316, 9.62009726209e-05, 9.18550940696e-05, 7.48479214963e-05, 7.46560690459e-05, 0.000102651778434, 5.29541503056e-05, 3.15686634167e-06], "median": [3.33605385094e-06, 0.000313764670864, 0.000293048331514, 0.000233265338466, 0.00036736697075, 0.000157663656864, 9.10009985091e-05, 0.000127662424347, 0.000136145070428, 0.000102589081507, 0.00012668556883, 0.000127172330394, 0.000119354619528, 0.000149951869389, 0.000136953225592, 0.000219138339162, 0.000319055281579, 0.000157488422701, 0.000114544163807, 9.60579054663e-05, 3.46565866494e-05, 3.63835933967e-05, 3.11424482788e-05, 3.54767325916e-05, 1.82679832506e-05, 4.35507172369e-06, 2.23598561888e-07], "min": [1.21629276216e-24, 2.25363834442e-24, 8.29859584187e-25, 6.97246149563e-25, 8.54346773318e-24, 9.13312863806e-24, 9.7916484225e-24, 2.05453872663e-24, 1.00835466789e-23, 1.55250098067e-23, 1.49438544001e-23, 3.06853355278e-23, 3.19086536879e-23, 3.54884098125e-23, 3.56218345906e-23, 3.47942532367e-23, 6.64706063207e-23, 5.2792020126e-23, 1.28986154363e-22, 1.10577889503e-22, 2.56403523133e-22, 2.95150048391e-22, 3.74430973262e-22, 5.29056520684e-22, 9.10154138524e-22, 1.20904613915e-21, 1.9361957558e-21], "var": [8.03509425662e-10, 6.88644092861e-07, 2.83539088741e-06, 2.52184909186e-05, 1.51460994857e-06, 5.10923882757e-07, 7.66705795741e-07, 2.0171100914e-06, 5.95426763539e-06, 5.48197158423e-06, 1.26399299916e-06, 1.38949349093e-06, 3.65214373232e-06, 3.91686990042e-06, 2.00090835278e-06, 8.44450710247e-07, 8.75953958257e-07, 3.9743514435e-07, 8.24175060643e-07, 1.15182706395e-06, 2.87442620817e-08, 2.54455656545e-08, 1.82719634978e-08, 1.05263167072e-08, 1.08413232169e-07, 3.00032780842e-08, 2.41447334348e-10]}, "barkbands_crest": {"dmean": 2.24553728104, "dmean2": 3.61660432816, "dvar": 5.27028274536, "dvar2": 13.2855968475, "max": 25.0669078827, "mean": 7.94074821472, "median": 7.06003952026, "min": 2.1292090416, "var": 13.2605695724}, "barkbands_flatness_db": {"dmean": 0.0175749082118, "dmean2": 0.026615312323, "dvar": 0.000364469335182, "dvar2": 0.000853683566675, "max": 0.378169536591, "mean": 0.10503590852, "median": 0.097667992115, "min": 0.0136530967429, "var": 0.00236394116655}, "barkbands_kurtosis": {"dmean": 1.73116660118, "dmean2": 2.69688844681, "dvar": 22.025100708, "dvar2": 52.8745307922, "max": 118.476615906, "mean": 2.12698793411, "median": -0.160693883896, "min": -1.86851596832, "var": 69.2305374146}, "barkbands_skewness": {"dmean": 0.42801964283, "dmean2": 0.628196418285, "dvar": 0.271539360285, "dvar2": 0.579032421112, "max": 8.88860034943, "mean": 0.557397902012, "median": 0.314169824123, "min": -4.68731117249, "var": 1.87175834179}, "barkbands_spread": {"dmean": 6.20007896423, "dmean2": 9.26576709747, "dvar": 62.4238471985, "dvar2": 143.190582275, "max": 129.566818237, "mean": 28.4111766815, "median": 25.9324417114, "min": 0.746862113476, "var": 222.314682007}, "dissonance": {"dmean": 0.0128524983302, "dmean2": 0.0215268544853, "dvar": 0.000205177435419, "dvar2": 0.00053009216208, "max": 0.500000119209, "mean": 0.476225852966, "median": 0.483261168003, "min": 0.297443330288, "var": 0.000524463772308}, "dynamic_complexity": 4.9426984787, "erbbands": {"dmean": [0.00689680408686, 0.0901401266456, 0.617578685284, 3.59858107567, 2.94138622284, 1.59269571304, 1.43897330761, 2.50191426277, 3.06226873398, 6.20086240768, 9.17779636383, 12.9235239029, 16.1692085266, 13.0847883224, 9.64691829681, 13.3915452957, 20.2739524841, 24.1847190857, 16.6770191193, 13.5616827011, 12.5522146225, 15.9033584595, 9.36721324921, 6.93185138702, 13.280005455, 10.2944297791, 2.87592220306, 2.13741970062, 1.70487034321, 1.51136696339, 1.11348426342, 0.859384000301, 0.57128995657, 0.623863995075, 1.18874144554, 0.506953299046, 0.0600370839238, 0.00837961118668, 0.000472070707474, 1.98538455152e-05], "dmean2": [0.0109069533646, 0.150915592909, 1.06325554848, 5.85510253906, 4.87184667587, 2.61764550209, 2.3108561039, 4.20568084717, 5.0394692421, 9.75736045837, 13.9569425583, 19.0139636993, 24.4876461029, 19.9647254944, 14.9882278442, 20.7836761475, 32.0752182007, 36.5026779175, 25.314031601, 20.3536510468, 18.9062538147, 23.9529094696, 14.1319646835, 10.5399255753, 19.1079330444, 14.9935674667, 4.42278623581, 3.44904112816, 2.66206145287, 2.46139931679, 1.79141581059, 1.37747979164, 0.865573525429, 0.969126403332, 2.10673666, 0.892089426517, 0.0979609489441, 0.0129130929708, 0.000753293337766, 3.1417079299e-05], "dvar": [0.000242366862949, 0.0416186004877, 2.26767158508, 135.613388062, 79.6167297363, 11.5824193954, 9.34542179108, 39.6458892822, 61.6577644348, 305.581756592, 684.937255859, 1103.51855469, 2099.69824219, 1359.4230957, 440.678894043, 1064.43579102, 2715.49194336, 3608.00610352, 1782.71228027, 1115.11987305, 670.307739258, 693.910339355, 282.343780518, 221.477340698, 769.072387695, 441.264953613, 32.9111480713, 30.9709377289, 19.2871627808, 15.2882814407, 7.84988164902, 4.2612452507, 1.26424348354, 2.70266723633, 19.7415237427, 3.23819541931, 0.0308686289936, 0.000610949879047, 5.97128064328e-06, 3.69255026555e-09], "dvar2": [0.000602731481194, 0.114051043987, 6.25712108612, 336.78918457, 199.535614014, 30.8755588531, 23.1850013733, 108.840583801, 162.769958496, 733.935302734, 1557.12548828, 2297.4543457, 4740.30419922, 3149.7565918, 1077.60827637, 2430.27709961, 6680.53125, 8531.31347656, 4187.47753906, 2295.76147461, 1416.98278809, 1579.92431641, 612.002807617, 456.541137695, 1465.95336914, 870.696472168, 78.8556289673, 79.5295562744, 48.3136291504, 40.8782653809, 20.6953792572, 11.1062049866, 2.86606812477, 6.81566858292, 54.7831115723, 8.97476959229, 0.0801675915718, 0.00142784544732, 1.36584685606e-05, 8.60672511038e-09], "max": [0.228585839272, 2.53275799751, 20.893371582, 100.7684021, 91.3109817505, 61.0873222351, 73.8425216675, 133.447006226, 196.56690979, 414.825958252, 780.138793945, 757.144042969, 1197.38659668, 1057.88085938, 489.63671875, 1308.14685059, 1455.45581055, 1389.30871582, 984.182495117, 1039.77905273, 778.884094238, 553.060058594, 435.729431152, 572.404724121, 665.127685547, 469.288604736, 92.6289978027, 157.948562622, 102.564277649, 79.7833175659, 61.8929862976, 45.9933395386, 18.6442317963, 22.7178115845, 63.3922462463, 24.6476554871, 2.92403912544, 0.693626761436, 0.10464759171, 0.00213218829595], "mean": [0.0125355934724, 0.140943333507, 0.754010438919, 3.6512465477, 3.33334064484, 2.54329204559, 2.56808042526, 3.60289287567, 4.62506437302, 9.72038650513, 16.3928813934, 23.6517353058, 27.8290576935, 24.8539676666, 19.5823917389, 26.0768642426, 37.0186309814, 46.9421615601, 32.8222084045, 28.926908493, 28.7101421356, 37.0747909546, 22.9814910889, 16.711107254, 33.852973938, 27.5291996002, 6.17134141922, 3.57613825798, 3.20955348015, 2.73832893372, 2.12602758408, 1.67697930336, 1.22772336006, 0.848084747791, 0.904188990593, 0.38832461834, 0.0601401664317, 0.00976150948554, 0.000475296081277, 3.19419050356e-05], "median": [0.00752029800788, 0.0796465277672, 0.288159310818, 0.791913449764, 1.07841444016, 1.0678614378, 1.12167525291, 1.31815624237, 1.14060688019, 2.43541669846, 3.08818006516, 3.46572971344, 3.24997329712, 4.66729068756, 5.58787250519, 6.52106952667, 6.62743616104, 8.49281597137, 6.94637584686, 10.8693962097, 14.4277172089, 17.6013031006, 11.1882686615, 7.3027586937, 6.03862762451, 4.65221786499, 2.24230480194, 1.29278898239, 1.26432847977, 1.07728028297, 0.901488661766, 0.75172495842, 0.579464316368, 0.260205000639, 0.0932116359472, 0.0279889795929, 0.00631634611636, 0.00108351220842, 3.96189570893e-05, 1.6949048586e-05], "min": [9.6098196126e-23, 5.03795957565e-22, 1.87167788945e-21, 5.46548967259e-21, 1.45655762216e-20, 2.65632170836e-20, 2.63836720386e-20, 5.04561271288e-20, 1.35900617688e-19, 1.37693014678e-19, 1.57176439751e-19, 2.89522959615e-19, 3.93298221682e-19, 6.02562715744e-19, 8.5246106153e-19, 1.44877747797e-18, 1.51919401935e-18, 2.17845252146e-18, 2.4648791114e-18, 3.10656054248e-18, 2.66069158075e-18, 4.09645068345e-18, 4.37927614259e-18, 5.84330228157e-18, 7.61770312999e-18, 5.6961253439e-18, 9.19345572712e-18, 8.05097537176e-18, 1.09020311968e-17, 1.00112337777e-17, 9.41907172074e-18, 1.08410894923e-17, 9.87160072717e-18, 7.11122374964e-18, 6.51536254103e-18, 3.88829399102e-18, 2.2726485409e-18, 9.91505314513e-19, 2.462178315e-19, 2.77100335326e-20], "var": [0.000356332369847, 0.0485610328615, 1.96129119396, 118.15019989, 69.7285232544, 19.4648952484, 18.3245105743, 48.0457954407, 105.180480957, 508.427276611, 1431.07409668, 3111.58911133, 5013.54345703, 4571.90283203, 1288.4263916, 3031.13549805, 6748.69726562, 10538.3144531, 5100.40332031, 3756.32958984, 2260.90478516, 2666.38183594, 1284.08874512, 1048.08825684, 3700.64257812, 2352.10327148, 82.2143249512, 48.5510826111, 31.2661323547, 25.1472167969, 13.1224365234, 6.73164129257, 2.76200246811, 2.89134168625, 12.6479024887, 2.10078215599, 0.0269213784486, 0.000811895937659, 6.82201334712e-06, 4.29522861722e-09]}, "erbbands_crest": {"dmean": 2.39672517776, "dmean2": 3.81210207939, "dvar": 5.44237089157, "dvar2": 13.0266389847, "max": 29.5296211243, "mean": 8.76348972321, "median": 7.93856811523, "min": 2.17557883263, "var": 17.0292129517}, "erbbands_flatness_db": {"dmean": 0.0183381848037, "dmean2": 0.0248120669276, "dvar": 0.000407814251957, "dvar2": 0.000723783799913, "max": 0.315984100103, "mean": 0.162725746632, "median": 0.161914855242, "min": 0.0232405494899, "var": 0.00270095816813}, "erbbands_kurtosis": {"dmean": 0.915728211403, "dmean2": 1.39087677002, "dvar": 1.93286037445, "dvar2": 4.1498298645, "max": 31.5859489441, "mean": 0.8513931036, "median": 0.125749945641, "min": -1.73958063126, "var": 6.70066833496}, "erbbands_skewness": {"dmean": 0.300611287355, "dmean2": 0.450993359089, "dvar": 0.0946461483836, "dvar2": 0.204686999321, "max": 4.82334041595, "mean": -0.104702025652, "median": -0.113332182169, "min": -3.84724974632, "var": 0.686440229416}, "erbbands_spread": {"dmean": 7.82084321976, "dmean2": 11.680888176, "dvar": 106.613594055, "dvar2": 223.937957764, "max": 135.407791138, "mean": 33.962348938, "median": 28.2794589996, "min": 2.21979093552, "var": 423.875274658}, "gfcc": {"cov": [[24997.859375, 775.523193359, -2806.48803711, 65.7628250122, -1078.3359375, 326.633453369, -659.499206543, 344.927093506, -860.780395508, 212.44442749, -452.949401855, -452.179779053, -445.813079834], [775.523193359, 1214.94958496, 18.3217983246, 160.160400391, 57.3862419128, -55.0973968506, 93.9968948364, 53.2825889587, 68.4615631104, -134.509277344, 67.7436904907, -49.293586731, 13.7447328568], [-2806.48803711, 18.3217983246, 1634.54248047, 319.407684326, 188.721557617, 36.4054527283, 102.923233032, -96.7888259888, 71.3246307373, -35.1320762634, -145.552703857, 149.467758179, -89.7942886353], [65.7628250122, 160.160400391, 319.407684326, 448.367004395, 92.2708816528, 48.3478851318, -73.8741760254, -32.8054046631, 48.2730102539, -56.5969696045, -37.0130233765, 26.3207969666, -4.78132772446], [-1078.3359375, 57.3862419128, 188.721557617, 92.2708816528, 335.738739014, 13.9888982773, 53.2843513489, 32.4675788879, 48.8493003845, -18.103345871, 10.1528835297, 7.76184940338, 24.3352413177], [326.633453369, -55.0973968506, 36.4054527283, 48.3478851318, 13.9888982773, 236.67414856, 69.8179931641, 16.0280723572, -24.7128257751, 3.84157824516, -7.71031236649, 2.704672575, -30.0140762329], [-659.499206543, 93.9968948364, 102.923233032, -73.8741760254, 53.2843513489, 69.8179931641, 273.584838867, 42.7443389893, -34.2661743164, -1.0982632637, 24.7540721893, -33.4724311829, -16.1183376312], [344.927093506, 53.2825889587, -96.7888259888, -32.8054046631, 32.4675788879, 16.0280723572, 42.7443389893, 115.198776245, 13.6097335815, 11.7558059692, 7.95639610291, -23.9889411926, -0.247228518128], [-860.780395508, 68.4615631104, 71.3246307373, 48.2730102539, 48.8493003845, -24.7128257751, -34.2661743164, 13.6097335815, 173.507293701, -8.29748535156, 22.9014205933, 39.8104858398, 24.574426651], [212.44442749, -134.509277344, -35.1320762634, -56.5969696045, -18.103345871, 3.84157824516, -1.0982632637, 11.7558059692, -8.29748535156, 110.19859314, 11.5603399277, -21.879491806, -9.11732769012], [-452.949401855, 67.7436904907, -145.552703857, -37.0130233765, 10.1528835297, -7.71031236649, 24.7540721893, 7.95639610291, 22.9014205933, 11.5603399277, 129.953384399, 13.4533081055, 47.0848808289], [-452.179779053, -49.293586731, 149.467758179, 26.3207969666, 7.76184940338, 2.704672575, -33.4724311829, -23.9889411926, 39.8104858398, -21.879491806, 13.4533081055, 149.118286133, 17.9878196716], [-445.813079834, 13.7447328568, -89.7942886353, -4.78132772446, 24.3352413177, -30.0140762329, -16.1183376312, -0.247228518128, 24.574426651, -9.11732769012, 47.0848808289, 17.9878196716, 106.762481689]], "icov": [[0.000159883929882, -0.000271145981969, 0.000305406545522, -0.000215487627429, 0.000256531900959, -0.000226354954066, 0.00040541117778, -0.000477740046335, 0.000729621504433, -0.000584434717894, 0.000701762270182, -0.000260617875028, 0.000404313468607], [-0.000271145981969, 0.00169624190312, -0.000547089555766, -0.000151091240696, -0.000251680059591, 0.000893686839845, -0.00116438919213, 0.000213378792978, -0.00160020077601, 0.00253112614155, -0.00213735387661, 0.00111646146979, -0.000345202424796], [0.000305406545522, -0.000547089555766, 0.00181493035052, -0.00116560305469, 3.69392364519e-05, -6.79455770296e-05, -0.00036230502883, 0.00015203699877, 0.000980399898253, -0.00175245769788, 0.00274897110648, -0.00186940038111, 0.00146541767754], [-0.000215487627429, -0.000151091240696, -0.00116560305469, 0.00400317972526, -0.0010421727784, -0.00110974546988, 0.00138671870809, 0.00105766905472, -0.00123916228767, 0.00182755268179, -0.000883598520886, 0.00110124086495, -0.000898616563063], [0.000256531900959, -0.000251680059591, 3.69392364519e-05, -0.0010421727784, 0.00424255244434, -0.000277195969829, -2.9626668038e-05, -0.00210947985761, 0.000508478377014, -0.000444714794867, 0.000651838374324, 7.07594008418e-05, -0.000420733733336], [-0.000226354954066, 0.000893686839845, -6.79455770296e-05, -0.00110974546988, -0.000277195969829, 0.00575535884127, -0.00254539307207, 7.33029883122e-05, -0.00058214890305, 0.000684815924615, -0.00101884000469, -0.000532616511919, 0.000861516047735], [0.00040541117778, -0.00116438919213, -0.00036230502883, 0.00138671870809, -2.9626668038e-05, -0.00254539307207, 0.00730578741059, -0.00298282457516, 0.00315257534385, -0.000523608992808, -0.000413068541093, 0.00114385818597, 0.0012065047631], [-0.000477740046335, 0.000213378792978, 0.00015203699877, 0.00105766905472, -0.00210947985761, 7.33029883122e-05, -0.00298282457516, 0.012821556069, -0.00384130398743, -9.84529906418e-05, -0.000457053160062, 0.000938830140512, -0.000847179384436], [0.000729621504433, -0.00160020077601, 0.000980399898253, -0.00123916228767, 0.000508478377014, -0.00058214890305, 0.00315257534385, -0.00384130398743, 0.0107012121007, -0.00296431756578, 0.00194035377353, -0.00260339281522, 0.0010758631397], [-0.000584434717894, 0.00253112614155, -0.00175245769788, 0.00182755268179, -0.000444714794867, 0.000684815924615, -0.000523608992808, -9.84529906418e-05, -0.00296431756578, 0.0147174298763, -0.00576302828267, 0.00386026035994, -0.00011337948672], [0.000701762270182, -0.00213735387661, 0.00274897110648, -0.000883598520886, 0.000651838374324, -0.00101884000469, -0.000413068541093, -0.000457053160062, 0.00194035377353, -0.00576302828267, 0.0154109569266, -0.00385968131013, -0.00210547912866], [-0.000260617875028, 0.00111646146979, -0.00186940038111, 0.00110124086495, 7.07594008418e-05, -0.000532616511919, 0.00114385818597, 0.000938830140512, -0.00260339281522, 0.00386026035994, -0.00385968131013, 0.0102090295404, -0.00183491944335], [0.000404313468607, -0.000345202424796, 0.00146541767754, -0.000898616563063, -0.000420733733336, 0.000861516047735, 0.0012065047631, -0.000847179384436, 0.0010758631397, -0.00011337948672, -0.00210547912866, -0.00183491944335, 0.0137902954593]], "mean": [-47.8347320557, 59.6002693176, -134.201873779, 30.4498920441, -53.236076355, 15.4345979691, -42.5231285095, 14.178571701, -27.3243942261, -1.75414085388, -17.5344257355, -2.04177284241, -14.3075418472]}, "hfc": {"dmean": 6.07644033432, "dmean2": 9.24086284637, "dvar": 127.550323486, "dvar2": 310.134887695, "max": 147.69644165, "mean": 19.1859054565, "median": 9.72766685486, "min": 1.06625903681e-16, "var": 402.888793945}, "melbands": {"dmean": [7.43549244362e-05, 0.000243097965722, 0.000598420330789, 0.000144454737892, 5.37572414032e-05, 5.41353947483e-05, 4.82652612845e-05, 7.06587525201e-05, 8.56830447447e-05, 7.92015780462e-05, 8.21265566628e-05, 5.62656314287e-05, 3.3817748772e-05, 3.40761289408e-05, 4.53530810773e-05, 4.2140869482e-05, 5.00712558278e-05, 3.02274111164e-05, 2.3399345082e-05, 1.81426385097e-05, 1.57460308401e-05, 1.7387797925e-05, 1.51167296281e-05, 6.56111933495e-06, 5.90092349739e-06, 8.81780761119e-06, 1.20781633086e-05, 6.10382767263e-06, 2.13383850678e-06, 1.45009619246e-06, 1.23836423427e-06, 9.87393491414e-07, 1.04330479189e-06, 8.19933404728e-07, 6.82452423462e-07, 6.61177466554e-07, 5.12722976964e-07, 4.34844110941e-07, 3.67820547353e-07, 5.62904631352e-07], "dmean2": [0.000120452372357, 0.000420054828282, 0.000977790681645, 0.0002381154045, 8.62130109454e-05, 9.06022978597e-05, 7.91366983321e-05, 0.00011103626457, 0.000129406922497, 0.000116908973723, 0.000124525729916, 8.62294546096e-05, 5.21475121786e-05, 5.36309489689e-05, 7.05593265593e-05, 6.65165862301e-05, 7.54472785047e-05, 4.63628603029e-05, 3.45796470356e-05, 2.76068421954e-05, 2.42541918851e-05, 2.64716909442e-05, 2.26173615374e-05, 1.02022086139e-05, 9.18813930184e-06, 1.31923070512e-05, 1.74551678356e-05, 9.13788244361e-06, 3.34958144776e-06, 2.35470815824e-06, 2.02903675017e-06, 1.55628424636e-06, 1.67015025454e-06, 1.36164499054e-06, 1.10616861093e-06, 1.08515143893e-06, 8.30956309983e-07, 6.68908455737e-07, 5.58050658128e-07, 8.81086066329e-07], "dvar": [2.70467221952e-08, 3.34696778737e-07, 3.74950172954e-06, 1.20552329008e-07, 1.25088375214e-08, 1.74141234766e-08, 1.45650291827e-08, 3.90597847399e-08, 5.97266023306e-08, 3.92696790641e-08, 5.38263869032e-08, 2.65208068839e-08, 5.65246471851e-09, 6.25048990344e-09, 1.4334513132e-08, 1.20074679089e-08, 1.63087818805e-08, 6.1752771785e-09, 4.67793048742e-09, 1.52566526079e-09, 1.04415076585e-09, 9.30732935167e-10, 7.66607222147e-10, 1.86528584245e-10, 1.80367193403e-10, 3.48579443088e-10, 7.05688951719e-10, 1.53373064249e-10, 1.84225776995e-11, 1.16208856774e-11, 1.1043999916e-11, 7.27042427998e-12, 6.40691623019e-12, 4.65201358338e-12, 3.19914949566e-12, 2.52323596045e-12, 1.46373332292e-12, 7.42544209714e-13, 4.95744938156e-13, 2.41054246876e-12], "dvar2": [6.89641908025e-08, 9.3455531669e-07, 9.31972863327e-06, 3.11586660473e-07, 3.1243821752e-08, 4.76857486831e-08, 3.78252700273e-08, 9.33050543495e-08, 1.34950198571e-07, 8.14350684664e-08, 1.22119786283e-07, 6.25322442716e-08, 1.33669546543e-08, 1.52691779221e-08, 3.3122365295e-08, 3.00349647375e-08, 3.87422041115e-08, 1.47790135685e-08, 9.83071313243e-09, 3.13177817013e-09, 2.31361152458e-09, 2.15731099651e-09, 1.66713909344e-09, 4.01794708615e-10, 3.9011921471e-10, 7.23000770364e-10, 1.37435107739e-09, 3.17636750236e-10, 4.44899013463e-11, 2.94347636542e-11, 2.89015287397e-11, 1.86970387089e-11, 1.65545251118e-11, 1.25916239241e-11, 8.5564862487e-12, 6.57359930378e-12, 3.84575878087e-12, 1.73441892359e-12, 1.07301569973e-12, 6.09448993008e-12], "max": [0.00249657966197, 0.00804952438921, 0.0166892893612, 0.00419294089079, 0.00205359095708, 0.00260823732242, 0.00302389753051, 0.00547130405903, 0.0062496541068, 0.00409195013344, 0.00619423622265, 0.00442912988365, 0.00252601201646, 0.00235306657851, 0.00368753657676, 0.00276983389631, 0.0030857224483, 0.00187411985826, 0.00170359213371, 0.0013821182074, 0.000992828281596, 0.000668581633363, 0.000927683955524, 0.000510643236339, 0.000530589721166, 0.000470603263238, 0.000646573491395, 0.000253985577729, 8.08998229331e-05, 7.83417053754e-05, 8.49590360303e-05, 6.9813861046e-05, 5.79474763072e-05, 5.41477056686e-05, 4.2313731683e-05, 5.50760414626e-05, 2.41374546022e-05, 1.34758474815e-05, 1.53348355525e-05, 2.38799784711e-05], "mean": [0.000133456516778, 0.000323690590449, 0.000621366896667, 0.000197523913812, 9.81045741355e-05, 8.04680094006e-05, 7.27509177523e-05, 0.000111425346404, 0.000152640001033, 0.000144318430102, 0.000136977032525, 0.000101239944343, 6.46373082418e-05, 6.09554736002e-05, 8.38356500026e-05, 7.31355394237e-05, 9.13857584237e-05, 5.35707367817e-05, 4.12147019233e-05, 3.77559226763e-05, 3.21343650285e-05, 3.74297378585e-05, 3.32472845912e-05, 1.40032188938e-05, 1.2470418369e-05, 1.98148154595e-05, 2.97657388728e-05, 1.51642989294e-05, 4.04981346946e-06, 2.22377730097e-06, 1.92450147551e-06, 1.72460931935e-06, 1.86416411907e-06, 1.36033600029e-06, 1.19376045404e-06, 1.20157255878e-06, 9.52843322466e-07, 8.97789163901e-07, 7.26121754724e-07, 6.83917903643e-07], "median": [7.96943641035e-05, 0.000152717955643, 0.000149682135088, 8.36086182971e-05, 4.33153945778e-05, 3.0123283068e-05, 1.76472367457e-05, 2.69725314865e-05, 2.41191846726e-05, 2.00413978746e-05, 1.32194309117e-05, 1.66004756466e-05, 1.74940832949e-05, 1.56614605658e-05, 1.594002606e-05, 1.09484990389e-05, 1.50917194333e-05, 9.29567249841e-06, 9.89901855064e-06, 1.54196986841e-05, 1.44136383824e-05, 1.72007603396e-05, 1.39460689752e-05, 6.12150870438e-06, 4.88096793561e-06, 4.15290560341e-06, 3.60949570677e-06, 2.6352927307e-06, 1.29294153339e-06, 7.78443165927e-07, 6.15503495283e-07, 6.50491642773e-07, 7.24103983885e-07, 5.07279196427e-07, 4.86363205709e-07, 5.06467699779e-07, 4.22063237693e-07, 4.15716613134e-07, 3.34146704972e-07, 1.58034879405e-07], "min": [1.11516887993e-24, 1.48181003083e-24, 1.84689633688e-24, 1.07282124882e-24, 9.23957082329e-25, 1.24222084517e-24, 2.30372943418e-24, 1.14091897621e-24, 1.72440063501e-24, 1.79218212778e-24, 1.49969952261e-24, 1.32188061103e-24, 2.18532851205e-24, 2.78160401562e-24, 2.74576783963e-24, 2.05282157365e-24, 3.17377418452e-24, 2.84587448572e-24, 2.81079601063e-24, 2.31241656768e-24, 2.38754570814e-24, 4.12268451501e-24, 3.83471005269e-24, 3.03596472033e-24, 4.00442598227e-24, 4.46317778651e-24, 4.96841400845e-24, 2.54462822754e-24, 5.17112522869e-24, 5.47567957507e-24, 4.21197489201e-24, 6.27474834041e-24, 4.10722520785e-24, 5.42882597047e-24, 4.77914063931e-24, 6.35388055553e-24, 6.45010659761e-24, 5.14272820825e-24, 5.66196237252e-24, 5.72438966912e-24], "var": [3.99985111699e-08, 3.03550592662e-07, 3.2498071505e-06, 1.26456683347e-07, 2.55096797019e-08, 2.23207088368e-08, 2.57826506811e-08, 6.67439650215e-08, 1.33673609071e-07, 1.12750143444e-07, 1.27391871274e-07, 8.29491355603e-08, 1.73552869853e-08, 1.53245913737e-08, 3.91962409196e-08, 2.87867596427e-08, 4.52933903716e-08, 1.63239750606e-08, 1.22863941243e-08, 5.27516785809e-09, 3.08527781101e-09, 2.99350300104e-09, 2.74817879564e-09, 6.85193735084e-10, 7.25873028351e-10, 1.42702982764e-09, 3.18866333338e-09, 7.798256485e-10, 4.494318806e-11, 1.73699995359e-11, 1.60785221942e-11, 1.01043253625e-11, 1.07072744768e-11, 7.20902591095e-12, 4.66452961326e-12, 4.34857271719e-12, 2.13611637059e-12, 1.57307944882e-12, 1.04508795281e-12, 2.41043057909e-12]}, "melbands_crest": {"dmean": 3.12718224525, "dmean2": 4.89193487167, "dvar": 11.8536520004, "dvar2": 26.416135788, "max": 36.1015625, "mean": 11.3160848618, "median": 9.96119117737, "min": 1.54463911057, "var": 32.9210929871}, "melbands_flatness_db": {"dmean": 0.0197775214911, "dmean2": 0.0299185160547, "dvar": 0.000567514856812, "dvar2": 0.00136005156673, "max": 0.503279089928, "mean": 0.140199020505, "median": 0.129594385624, "min": 0.00308950594626, "var": 0.00451176660135}, "melbands_kurtosis": {"dmean": 4.89307928085, "dmean2": 7.59756422043, "dvar": 186.66192627, "dvar2": 424.300933838, "max": 365.386138916, "mean": 8.34580039978, "median": 1.1950969696, "min": -1.89013588428, "var": 518.696228027}, "melbands_skewness": {"dmean": 0.609084129333, "dmean2": 0.897037088871, "dvar": 0.708731591702, "dvar2": 1.44043648243, "max": 14.7363510132, "mean": 1.61019515991, "median": 1.09517192841, "min": -3.02017045021, "var": 3.59767651558}, "melbands_spread": {"dmean": 8.78775215149, "dmean2": 13.3028564453, "dvar": 99.4753112793, "dvar2": 217.654083252, "max": 199.385879517, "mean": 41.8473014832, "median": 39.4943122864, "min": 0.573251128197, "var": 560.716125488}, "mfcc": {"cov": [[10512.6113281, 603.79284668, -1002.14605713, -365.103759766, -248.749221802, -202.479553223, 278.766052246, -288.379272461, -111.518714905, 279.758331299, 91.3009109497, -248.276229858, -89.908241272], [603.79284668, 1079.15588379, 65.2362594604, 159.18409729, 20.3146533966, -58.5736312866, 63.7054481506, 126.901855469, 28.8563652039, 18.086391449, 10.4911794662, 20.5958576202, 54.68957901], [-1002.14605713, 65.2362594604, 1040.73498535, 317.832061768, 92.305305481, 219.354705811, -70.0495681763, 111.237854004, 65.4985656738, -121.462486267, -11.6053800583, 34.2049179077, -8.65193557739], [-365.103759766, 159.18409729, 317.832061768, 410.511169434, 186.478286743, 56.1448440552, -50.4657211304, 49.7224807739, 32.0244979858, -30.8799915314, -27.0766048431, -15.0825853348, -6.42250061035], [-248.749221802, 20.3146533966, 92.305305481, 186.478286743, 321.939056396, 51.9041938782, -65.0464706421, 38.7985496521, 34.2902069092, -21.780872345, -7.26487445831, -7.09003973007, -0.572735488415], [-202.479553223, -58.5736312866, 219.354705811, 56.1448440552, 51.9041938782, 200.450149536, 45.5321960449, 56.6692810059, 22.2172470093, -20.2736492157, 2.73346567154, 21.8873138428, -12.3795471191], [278.766052246, 63.7054481506, -70.0495681763, -50.4657211304, -65.0464706421, 45.5321960449, 278.455841064, 31.4024467468, 3.6764523983, 56.5041618347, 35.9070129395, -27.7348022461, 17.2785892487], [-288.379272461, 126.901855469, 111.237854004, 49.7224807739, 38.7985496521, 56.6692810059, 31.4024467468, 174.573410034, 45.099155426, -41.6114845276, 8.66063117981, 42.2089958191, 1.98695683479], [-111.518714905, 28.8563652039, 65.4985656738, 32.0244979858, 34.2902069092, 22.2172470093, 3.6764523983, 45.099155426, 102.176254272, 18.5012607574, 12.1938705444, 3.67529821396, 2.20215272903], [279.758331299, 18.086391449, -121.462486267, -30.8799915314, -21.780872345, -20.2736492157, 56.5041618347, -41.6114845276, 18.5012607574, 134.333999634, 39.7990608215, -29.2604637146, 3.26886868477], [91.3009109497, 10.4911794662, -11.6053800583, -27.0766048431, -7.26487445831, 2.73346567154, 35.9070129395, 8.66063117981, 12.1938705444, 39.7990608215, 90.6107025146, 18.3028182983, 0.345563322306], [-248.276229858, 20.5958576202, 34.2049179077, -15.0825853348, -7.09003973007, 21.8873138428, -27.7348022461, 42.2089958191, 3.67529821396, -29.2604637146, 18.3028182983, 107.027503967, 21.7999706268], [-89.908241272, 54.68957901, -8.65193557739, -6.42250061035, -0.572735488415, -12.3795471191, 17.2785892487, 1.98695683479, 2.20215272903, 3.26886868477, 0.345563322306, 21.7999706268, 69.7771987915]], "icov": [[0.000127202583826, -0.00012695172336, 9.9017204775e-05, 5.79532170377e-05, 2.78762909147e-05, -0.000100164397736, -3.86805950257e-05, 0.0002046477166, 2.00504782697e-05, -6.48638206258e-07, -0.000127512408653, 0.000207326113014, 0.000202478942811], [-0.00012695172336, 0.001369666541, -0.000153706132551, -0.000647050910629, 0.000146817576024, 0.00089596118778, -0.000202710885787, -0.00131394341588, 0.00021687761182, -0.000499148911331, 0.000199268906727, -0.000290063821012, -0.000961753539741], [9.9017204775e-05, -0.000153706132551, 0.00209173094481, -0.00141972140409, 0.000961216341238, -0.00212768209167, 0.000685965525918, 0.000196774039068, -0.000891348929144, 0.0016161208041, -0.00112638750579, 0.00074496580055, -0.000443063967396], [5.79532170377e-05, -0.000647050910629, -0.00141972140409, 0.00492642307654, -0.00251094065607, 0.000576715101488, -6.48848217679e-05, -1.69832674146e-05, 0.000295561010716, -0.000839454529341, 0.00134563620668, 0.000473092135508, 0.000833009369671], [2.78762909147e-05, 0.000146817576024, 0.000961216341238, -0.00251094065607, 0.00513106118888, -0.00181170704309, 0.00152942736167, -0.000621616200078, -0.000966448220424, 0.00079083169112, -0.00125899119303, 0.00145388126839, -0.00128595274873], [-0.000100164397736, 0.00089596118778, -0.00212768209167, 0.000576715101488, -0.00181170704309, 0.00907864142209, -0.0026809128467, -0.00146224128548, 0.00025573495077, -0.00115636328701, 0.00171038333792, -0.00279779965058, 0.0021710160654], [-3.86805950257e-05, -0.000202710885787, 0.000685965525918, -6.48848217679e-05, 0.00152942736167, -0.0026809128467, 0.00583565188572, -0.00198951829225, 0.000742138188798, -0.00128934253007, -0.00194837304298, 0.00315245310776, -0.00260162795894], [0.0002046477166, -0.00131394341588, 0.000196774039068, -1.69832674146e-05, -0.000621616200078, -0.00146224128548, -0.00198951829225, 0.0105649419129, -0.004133135546, 0.00385707174428, -0.000831588578876, -0.00284850853495, 0.00208744849078], [2.00504782697e-05, 0.00021687761182, -0.000891348929144, 0.000295561010716, -0.000966448220424, 0.00025573495077, 0.000742138188798, -0.004133135546, 0.0130470860749, -0.00413091806695, -0.000118640869914, 0.00061588070821, -0.000666173233185], [-6.48638206258e-07, -0.000499148911331, 0.0016161208041, -0.000839454529341, 0.00079083169112, -0.00115636328701, -0.00128934253007, 0.00385707174428, -0.00413091806695, 0.0133339166641, -0.00560941919684, 0.00280672241934, -0.000819107051939], [-0.000127512408653, 0.000199268906727, -0.00112638750579, 0.00134563620668, -0.00125899119303, 0.00171038333792, -0.00194837304298, -0.000831588578876, -0.000118640869914, -0.00560941919684, 0.0155886346474, -0.00504379160702, 0.00222809333354], [0.000207326113014, -0.000290063821012, 0.00074496580055, 0.000473092135508, 0.00145388126839, -0.00279779965058, 0.00315245310776, -0.00284850853495, 0.00061588070821, 0.00280672241934, -0.00504379160702, 0.0150204803795, -0.00537223368883], [0.000202478942811, -0.000961753539741, -0.000443063967396, 0.000833009369671, -0.00128595274873, 0.0021710160654, -0.00260162795894, 0.00208744849078, -0.000666173233185, -0.000819107051939, 0.00222809333354, -0.00537223368883, 0.0180539302528]], "mean": [-675.814819336, 90.8715744019, -18.8095245361, 14.8966655731, 8.40589046478, -1.22988295555, 0.484163820744, 6.51430034637, -3.22105646133, 2.2418680191, -4.90311908722, 0.258435457945, -0.880969583988]}, "pitch_salience": {"dmean": 0.0642143189907, "dmean2": 0.103067867458, "dvar": 0.00414598640054, "dvar2": 0.0106879193336, "max": 0.913216590881, "mean": 0.584072828293, "median": 0.589382588863, "min": 0.0859933197498, "var": 0.00982541684061}, "silence_rate_20dB": {"dmean": 0, "dmean2": 0, "dvar": 0, "dvar2": 0, "max": 1, "mean": 1, "median": 1, "min": 1, "var": 0}, "silence_rate_30dB": {"dmean": 0, "dmean2": 0, "dvar": 0, "dvar2": 0, "max": 1, "mean": 1, "median": 1, "min": 1, "var": 0}, "silence_rate_60dB": {"dmean": 0.0682311579585, "dmean2": 0.136476427317, "dvar": 0.0635768547654, "dvar2": 0.129022464156, "max": 1, "mean": 0.249948307872, "median": 0, "min": 0, "var": 0.187493041158}, "spectral_centroid": {"dmean": 233.122253418, "dmean2": 355.555450439, "dvar": 82935.234375, "dvar2": 188487.28125, "max": 11657.6650391, "mean": 2122.27246094, "median": 2146.65185547, "min": 168.88848877, "var": 1494218.75}, "spectral_complexity": {"dmean": 3.37578821182, "dmean2": 5.10669994354, "dvar": 20.9200515747, "dvar2": 43.3386993408, "max": 51, "mean": 16.0751495361, "median": 15, "min": 0, "var": 108.770439148}, "spectral_contrast_coeffs": {"dmean": [0.0463040061295, 0.0425769016147, 0.0357510484755, 0.0317486003041, 0.0247208103538, 0.0184337887913], "dmean2": [0.0726726055145, 0.0689293220639, 0.0575583055615, 0.0500565096736, 0.0377854332328, 0.0289676524699], "dvar": [0.00188191817142, 0.00132063159253, 0.000903627777006, 0.000734003901016, 0.000523102120496, 0.000300638756016], "dvar2": [0.00407144846395, 0.00329104089178, 0.00212598126382, 0.00169601175003, 0.00101982068736, 0.000698522489984], "max": [-0.299527138472, -0.393248319626, -0.460392534733, -0.48692342639, -0.514444410801, -0.60351806879], "mean": [-0.664341628551, -0.758011698723, -0.77619177103, -0.759232342243, -0.756439447403, -0.775713324547], "median": [-0.674162447453, -0.766584038734, -0.787755966187, -0.761152923107, -0.763935089111, -0.771700978279], "min": [-0.985630869865, -0.982607781887, -0.977265954018, -0.973893642426, -0.966063141823, -0.964452385902], "var": [0.0085404952988, 0.00606605131179, 0.00551351206377, 0.00548534514382, 0.00509375147521, 0.00148610095493]}, "spectral_contrast_valleys": {"dmean": [0.416066080332, 0.381282299757, 0.345145195723, 0.32337552309, 0.275031656027, 0.308084249496], "dmean2": [0.665920972824, 0.606537401676, 0.5374366045, 0.49154150486, 0.408806085587, 0.409781932831], "dvar": [0.198313981295, 0.149405419827, 0.132581844926, 0.150608509779, 0.127939611673, 0.158021658659], "dvar2": [0.414492726326, 0.308589458466, 0.253387242556, 0.300047129393, 0.240954130888, 0.276656985283], "max": [-5.96968984604, -5.04381275177, -5.23359251022, -5.80618715286, -5.85925483704, -8.04495334625], "mean": [-8.44669246674, -7.66724205017, -7.93523168564, -8.1717376709, -8.0091714859, -10.5508518219], "median": [-7.8697142601, -7.35437822342, -7.63389396667, -7.82295322418, -7.69104862213, -10.2837924957], "min": [-28.6660785675, -28.1173496246, -27.886133194, -27.6729946136, -27.563627243, -27.4217014313], "var": [6.08839321136, 6.22061729431, 6.152302742, 6.01227140427, 5.92438554764, 4.82728815079]}, "spectral_decrease": {"dmean": 1.12633569138e-09, "dmean2": 1.72286240829e-09, "dvar": 4.76950604119e-18, "dvar2": 1.13635400759e-17, "max": 4.98931667447e-19, "mean": -3.10850989393e-09, "median": -1.89192439493e-09, "min": -2.25828511446e-08, "var": 1.03025568632e-17}, "spectral_energy": {"dmean": 0.00472989212722, "dmean2": 0.00718607380986, "dvar": 8.06429306976e-05, "dvar2": 0.000190242921235, "max": 0.0945212468505, "mean": 0.0134723847732, "median": 0.00812949240208, "min": 1.00054046294e-20, "var": 0.00018844686565}, "spectral_energyband_high": {"dmean": 0.000379909324693, "dmean2": 0.000597974460106, "dvar": 7.8661292946e-07, "dvar2": 2.05270634979e-06, "max": 0.0111896796152, "mean": 0.00066759379115, "median": 0.00027363296249, "min": 7.05901475248e-21, "var": 1.04828620806e-06}, "spectral_energyband_low": {"dmean": 0.00179058988579, "dmean2": 0.00290633249097, "dvar": 2.2212831027e-05, "dvar2": 5.61576707696e-05, "max": 0.0422751754522, "mean": 0.00231223879382, "median": 0.000998460454866, "min": 1.51397743168e-23, "var": 2.05812903005e-05}, "spectral_energyband_middle_high": {"dmean": 0.00174526381306, "dmean2": 0.00251421355642, "dvar": 7.12388555257e-06, "dvar2": 1.45798976519e-05, "max": 0.0416686423123, "mean": 0.0064783198759, "median": 0.00268209027126, "min": 1.14781003515e-21, "var": 6.05357454333e-05}, "spectral_energyband_middle_low": {"dmean": 0.00281072687358, "dmean2": 0.00438624247909, "dvar": 4.24672143708e-05, "dvar2": 0.00010236815433, "max": 0.0622118674219, "mean": 0.00510855345055, "median": 0.00244023604318, "min": 1.41665320056e-22, "var": 5.77962600801e-05}, "spectral_entropy": {"dmean": 0.149420529604, "dmean2": 0.208231791854, "dvar": 0.0312020238489, "dvar2": 0.0635327547789, "max": 9.82630825043, "mean": 7.6752166748, "median": 7.68655967712, "min": 5.63357591629, "var": 0.251293599606}, "spectral_flux": {"dmean": 0.0187608040869, "dmean2": 0.0280222017318, "dvar": 0.000711907050572, "dvar2": 0.00155126629397, "max": 0.267212897539, "mean": 0.0605083368719, "median": 0.0481752380729, "min": 6.32225799491e-11, "var": 0.00203864183277}, "spectral_kurtosis": {"dmean": 1.33206880093, "dmean2": 2.20397615433, "dvar": 2.63077163696, "dvar2": 6.88411140442, "max": 34.2732124329, "mean": 4.48193025589, "median": 4.0559926033, "min": -1.26722621918, "var": 8.3468208313}, "spectral_rms": {"dmean": 0.000558583589736, "dmean2": 0.000800670706667, "dvar": 7.30840667984e-07, "dvar2": 1.53824350946e-06, "max": 0.00960290804505, "mean": 0.00315494230017, "median": 0.00281624030322, "min": 3.12431916276e-12, "var": 3.19019500239e-06}, "spectral_rolloff": {"dmean": 659.752197266, "dmean2": 1100.4407959, "dvar": 1519796.25, "dvar2": 3863835.75, "max": 19422.9492188, "mean": 2873.60668945, "median": 2605.51757812, "min": 21.533203125, "var": 6157387.5}, "spectral_skewness": {"dmean": 0.178217336535, "dmean2": 0.285106897354, "dvar": 0.0379360206425, "dvar2": 0.0931212157011, "max": 4.04073047638, "mean": 1.49473690987, "median": 1.48039960861, "min": -0.0925403162837, "var": 0.163565546274}, "spectral_spread": {"dmean": 599673.6875, "dmean2": 853740.5, "dvar": 930324283392, "dvar2": 2060275023870.0, "max": 53006520, "mean": 5025401, "median": 4216586, "min": 1532633.125, "var": 19801640534