{"lowlevel": {"average_loudness": 0.927333772182, "barkbands": {"dmean": [3.10010073008e-05, 0.00163740071002, 0.00209160288796, 0.00109972059727, 0.00136519700754, 0.000977708492428, 0.000916257791687, 0.00106206582859, 0.00090929097496, 0.000747668265831, 0.000546324648894, 0.000656770193018, 0.000598417420406, 0.000425989972427, 0.000453556422144, 0.000303156237351, 0.000215158375795, 0.000210028985748, 0.000172410713276, 0.000128849540488, 8.52723387652e-05, 5.36171028216e-05, 3.47236673406e-05, 3.76048592443e-05, 6.02513355261e-05, 2.03424642677e-05, 3.11030021294e-06], "dmean2": [5.24545903318e-05, 0.00274603487924, 0.00349496142007, 0.00184452510439, 0.00226288498379, 0.00159882381558, 0.00147938623559, 0.00168530351948, 0.00145599397365, 0.00120349833742, 0.000901294173673, 0.00106460484676, 0.00099204829894, 0.000690995075274, 0.000720086973161, 0.000497676897794, 0.000355043332092, 0.000341053761076, 0.000285579444608, 0.000212649785681, 0.000138606352266, 8.48327617859e-05, 5.52111887373e-05, 6.10178649367e-05, 9.89986801869e-05, 3.25959044858e-05, 5.26279745827e-06], "dvar": [5.18159248841e-09, 7.68671634432e-06, 1.12043098852e-05, 3.38452628057e-06, 3.98982547267e-06, 3.37210940415e-06, 4.18352919951e-06, 4.36601658294e-06, 4.03601370635e-06, 3.06710694531e-06, 1.87963371445e-06, 2.34165304391e-06, 1.38965867791e-06, 6.6654905595e-07, 1.01925377294e-06, 3.85203094311e-07, 1.24824964587e-07, 1.6413669357e-07, 9.84942332138e-08, 5.75879646192e-08, 2.98964941692e-08, 2.27082406212e-08, 7.57339879698e-09, 6.96590651827e-09, 2.77186238407e-08, 2.56617749272e-09, 6.56457527226e-11], "dvar2": [1.41476803606e-08, 2.03211457119e-05, 3.02098578686e-05, 9.26695975068e-06, 1.08272497528e-05, 8.73484077601e-06, 9.59736007644e-06, 1.02773110484e-05, 1.01334899227e-05, 7.72474868427e-06, 5.05198795508e-06, 5.87750810155e-06, 3.63200547326e-06, 1.60479328315e-06, 2.34089316109e-06, 9.28954023038e-07, 3.2349129242e-07, 3.95962587163e-07, 2.67409831167e-07, 1.50591773718e-07, 7.37096215175e-08, 4.76350443535e-08, 1.69582641263e-08, 1.82327770659e-08, 7.4605594591e-08, 6.72621958131e-09, 1.75923761669e-10], "max": [0.00106456084177, 0.0355344302952, 0.0408305004239, 0.0385672263801, 0.0323975756764, 0.036068353802, 0.0495250672102, 0.0384008958936, 0.0474681518972, 0.0375272855163, 0.0296460688114, 0.0304414648563, 0.0281179044396, 0.0139798242599, 0.0270498264581, 0.0166669711471, 0.00748411891982, 0.0169326644391, 0.0064946655184, 0.00495392363518, 0.00620914669707, 0.00513479625806, 0.004003461916, 0.00164941046387, 0.00418278668076, 0.000900852610357, 0.000110550470708], "mean": [3.1120616768e-05, 0.00330145889893, 0.00449594995007, 0.00221005664207, 0.00263678608462, 0.00167412555311, 0.00143238098826, 0.00183101324365, 0.00162260478828, 0.00132361438591, 0.0008532651118, 0.00108684995212, 0.00101523904596, 0.000714291760232, 0.000893842545338, 0.000626443419605, 0.00045680324547, 0.000462064781459, 0.000396267074393, 0.000298643310089, 0.000223813534831, 0.000122227196698, 8.05926028988e-05, 7.38959715818e-05, 8.25138995424e-05, 2.79724081338e-05, 3.43774036082e-06], "median": [6.69763994665e-06, 0.0020982963033, 0.00299535738304, 0.00139164330903, 0.00185329013038, 0.00085894606309, 0.00053405505605, 0.00054784223903, 0.000426789803896, 0.000318730366416, 0.000234423365328, 0.000280837761238, 0.000406277918955, 0.0002969687921, 0.000260650471319, 0.000297506776405, 0.000286355498247, 0.000240775043494, 0.000240523106186, 0.000155080051627, 0.000120378943393, 6.08965638094e-05, 4.41859810962e-05, 3.84140257665e-05, 3.37467390636e-05, 1.07294854388e-05, 8.66688878887e-07], "min": [9.45260665505e-25, 2.45766025704e-24, 2.9993197647e-24, 6.78678730437e-25, 6.32383876011e-24, 1.38626085112e-23, 1.34850533711e-23, 1.27572211121e-23, 1.86481700839e-23, 2.31122692599e-23, 1.30019975512e-23, 3.64167791911e-23, 1.93064098227e-23, 4.35937662871e-23, 3.71754172573e-23, 5.71649190928e-23, 7.95681649043e-23, 1.09835981599e-22, 1.377105647e-22, 1.6455397407e-22, 2.82092822688e-22, 3.33776994957e-22, 4.84744954082e-22, 5.93092184759e-22, 8.83628520192e-22, 1.45029197136e-21, 2.09709854081e-21], "var": [5.07019271012e-09, 1.31072220029e-05, 2.15508807742e-05, 6.51693926557e-06, 7.28249005988e-06, 5.93626236878e-06, 8.70167332323e-06, 1.09049942694e-05, 1.16667606562e-05, 8.35102400742e-06, 3.61805518878e-06, 4.97907694808e-06, 2.98119880426e-06, 1.37704455483e-06, 3.51436824531e-06, 1.39406006383e-06, 3.34090998422e-07, 5.28306770775e-07, 2.6307171197e-07, 1.61494455142e-07, 9.23399809949e-08, 5.81083945406e-08, 1.69405236505e-08, 1.05232658143e-08, 2.48984992623e-08, 2.63481103602e-09, 5.68429400771e-11]}, "barkbands_crest": {"dmean": 1.88500583172, "dmean2": 3.08002209663, "dvar": 3.37112474442, "dvar2": 8.12300395966, "max": 23.5917987823, "mean": 8.93712997437, "median": 8.0101108551, "min": 2.07065701485, "var": 15.1621675491}, "barkbands_flatness_db": {"dmean": 0.0156642347574, "dmean2": 0.024180918932, "dvar": 0.000276690523606, "dvar2": 0.00057126529282, "max": 0.387986838818, "mean": 0.121981158853, "median": 0.108937084675, "min": 0.0254032891244, "var": 0.00283047952689}, "barkbands_kurtosis": {"dmean": 2.52171587944, "dmean2": 3.79456353188, "dvar": 55.1245956421, "dvar2": 105.558738708, "max": 255.757629395, "mean": 5.6502494812, "median": 0.967628896236, "min": -1.88754701614, "var": 342.881164551}, "barkbands_skewness": {"dmean": 0.423502415419, "dmean2": 0.647533416748, "dvar": 0.270153075457, "dvar2": 0.526758432388, "max": 13.2392902374, "mean": 1.49975335598, "median": 1.12336111069, "min": -2.11763310432, "var": 2.50318217278}, "barkbands_spread": {"dmean": 4.653195858, "dmean2": 7.28237867355, "dvar": 36.2141799927, "dvar2": 82.6643676758, "max": 135.989685059, "mean": 23.1002006531, "median": 22.0333175659, "min": 0.679623246193, "var": 172.312713623}, "dissonance": {"dmean": 0.0188842862844, "dmean2": 0.0319765098393, "dvar": 0.000336799683282, "dvar2": 0.000927304208744, "max": 0.499999344349, "mean": 0.461601823568, "median": 0.469826936722, "min": 0.273408710957, "var": 0.00088427826995}, "dynamic_complexity": 3.23616981506, "erbbands": {"dmean": [0.031192407012, 0.441052258015, 2.00349712372, 3.37883472443, 3.50761461258, 5.2892203331, 7.00900745392, 7.8504447937, 10.944434166, 16.0865364075, 24.0420951843, 19.1815261841, 19.2112312317, 24.3539943695, 18.4523468018, 29.0815525055, 21.3771381378, 23.9437141418, 21.3942642212, 20.2140140533, 13.208067894, 10.0322341919, 10.1714010239, 10.2424707413, 7.30054235458, 6.45888948441, 4.34274053574, 2.74735569954, 2.1681292057, 1.23328280449, 1.00386142731, 0.789655745029, 0.721176564693, 0.837206661701, 0.30653783679, 0.110247507691, 0.0351051688194, 0.00620216550305, 0.000503190793097, 2.16133284994e-05], "dmean2": [0.0527651533484, 0.744678139687, 3.37160468102, 5.64646816254, 5.87423229218, 8.93485355377, 11.4204454422, 12.982170105, 17.6558818817, 25.5370616913, 37.8374900818, 30.3362312317, 30.3236923218, 39.7157173157, 30.0945587158, 46.9405403137, 34.5590019226, 38.8562736511, 33.6518096924, 32.9576454163, 21.4723491669, 16.3442668915, 16.2565059662, 16.7017478943, 11.9522485733, 10.6284608841, 7.11704206467, 4.3779706955, 3.44797325134, 1.94335305691, 1.60148370266, 1.26804280281, 1.17994523048, 1.3875951767, 0.502454638481, 0.177557826042, 0.0562957711518, 0.010255150497, 0.000847478804644, 3.49130314135e-05], "dvar": [0.00397674134001, 0.537958681583, 9.91502094269, 29.1719989777, 27.7523612976, 79.0614852905, 152.167861938, 255.417648315, 622.487609863, 1313.12695313, 2487.04467773, 1940.41259766, 1634.50805664, 3379.40356445, 1508.26330566, 4415.4453125, 1826.56774902, 1928.72192383, 2190.9440918, 2040.82763672, 592.078613281, 259.372497559, 368.477020264, 375.958068848, 221.049758911, 158.971099854, 68.2949295044, 46.6184654236, 34.158164978, 11.8570108414, 6.29927253723, 2.93207788467, 2.98322057724, 5.62009477615, 0.613593995571, 0.0805748924613, 0.00761454971507, 0.000246325536864, 1.70769806118e-06, 1.86947213265e-09], "dvar2": [0.0104248309508, 1.44620895386, 27.0088787079, 80.85887146, 75.7662353516, 215.928604126, 383.320343018, 667.854614258, 1492.9005127, 2950.92993164, 5707.09570313, 4845.88818359, 4010.35229492, 8895.68457031, 3896.171875, 11042.1191406, 4567.91748047, 4828.49072266, 5031.87792969, 5035.578125, 1507.62341309, 658.446044922, 872.135986328, 944.840576172, 602.145263672, 419.152252197, 176.469955444, 110.201278687, 71.9827575684, 24.785161972, 15.0691747665, 7.54471492767, 7.94417381287, 15.1272411346, 1.63737487793, 0.214771300554, 0.0198338944465, 0.00065253127832, 4.54681094197e-06, 4.79639838957e-09], "max": [1.02622652054, 9.95956230164, 45.0564575195, 72.330406189, 65.1283340454, 177.100067139, 259.59967041, 351.443634033, 480.824493408, 781.916381836, 1061.07995605, 1171.76062012, 1034.52526855, 1349.95983887, 790.01373291, 1321.2878418, 1070.7076416, 801.963500977, 1171.72717285, 1476.59094238, 662.554443359, 476.216308594, 837.335998535, 533.702697754, 338.328063965, 303.858154297, 167.835250854, 342.347320557, 223.540435791, 108.05242157, 126.628036499, 42.247127533, 34.642791748, 62.1867523193, 12.8555116653, 4.52006959915, 1.51765799522, 0.263214081526, 0.0174079984426, 0.000618215941358], "mean": [0.0480576269329, 0.935829281807, 4.51107549667, 7.24450302124, 7.42284870148, 8.8391122818, 12.3723392487, 12.9833889008, 17.948179245, 27.5510864258, 43.2971343994, 36.026473999, 36.3138465881, 44.7419395447, 33.8416099548, 50.3662376404, 40.638507843, 43.7339782715, 43.5337371826, 44.2883300781, 31.0574607849, 23.8210754395, 24.2246589661, 24.9083824158, 17.5395412445, 15.0592269897, 10.4405651093, 7.26453781128, 4.90100574493, 2.88178133965, 2.292791605, 1.64217042923, 1.24123060703, 1.09949874878, 0.447674483061, 0.159466519952, 0.0457433015108, 0.00728023331612, 0.000581577653065, 5.49172546016e-05], "median": [0.0281257834285, 0.629942893982, 3.5558681488, 4.66915178299, 5.41732215881, 5.34453964233, 6.17179107666, 6.84836578369, 7.76908969879, 11.0114402771, 14.1217918396, 11.2812194824, 11.1063375473, 10.219367981, 13.0892620087, 16.0003681183, 18.3739967346, 21.0766181946, 14.5584774017, 17.4955368042, 15.144159317, 15.826417923, 13.7493572235, 15.4959449768, 9.54426002502, 7.61786937714, 5.29034662247, 4.13290119171, 2.41335272789, 1.52310192585, 1.24611842632, 0.879940509796, 0.599925458431, 0.421844929457, 0.201875835657, 0.0669929310679, 0.0159636810422, 0.0020967933815, 0.000166442070622, 4.33222085121e-05], "min": [2.03799248747e-23, 1.09118915871e-21, 3.05411399585e-21, 1.217677474e-20, 9.00468814825e-21, 3.00516235192e-20, 4.94479232091e-20, 1.24195443334e-19, 2.02328028864e-19, 2.29209912431e-19, 3.21458386813e-19, 4.19167054569e-19, 5.55431567103e-19, 1.04964360047e-18, 1.77576983233e-18, 1.31027301204e-18, 1.34093122067e-18, 2.43052154427e-18, 2.20742307485e-18, 2.97015639152e-18, 3.16191939818e-18, 5.13578740669e-18, 6.43366108475e-18, 8.41634022114e-18, 8.45257569506e-18, 8.29467601511e-18, 9.0388697327e-18, 1.17214437562e-17, 1.0659079979e-17, 1.3335070472e-17, 1.35117239908e-17, 1.07823290631e-17, 1.02352392506e-17, 8.55882621756e-18, 5.84698902556e-18, 4.53327235723e-18, 2.26056818844e-18, 1.01735801738e-18, 2.46889036868e-19, 2.90352576533e-20], "var": [0.0044249384664, 0.914121448994, 15.9301137924, 53.2841529846, 53.0303993225, 118.4373703, 368.498199463, 384.805725098, 1254.09606934, 2936.83642578, 6201.28955078, 5931.61035156, 4875.15869141, 8372.84667969, 3219.1887207, 9338.62011719, 4456.96435547, 4086.74609375, 6435.70605469, 8861.19726563, 2566.78930664, 811.352539063, 1259.56945801, 1101.46948242, 617.149353027, 440.549041748, 203.988357544, 119.636932373, 87.2323303223, 29.5821380615, 12.5496807098, 5.18725204468, 3.51851058006, 4.88728666306, 0.604473888874, 0.0805763453245, 0.00770284980536, 0.000228021803196, 1.49771062752e-06, 2.57134513681e-09]}, "erbbands_crest": {"dmean": 2.48412299156, "dmean2": 4.07181835175, "dvar": 5.37175130844, "dvar2": 13.9232339859, "max": 26.9055919647, "mean": 8.75730514526, "median": 7.89716148376, "min": 2.35268998146, "var": 15.3177337646}, "erbbands_flatness_db": {"dmean": 0.0149993496016, "dmean2": 0.022297937423, "dvar": 0.000210454498301, "dvar2": 0.000433520646766, "max": 0.286747574806, "mean": 0.142875149846, "median": 0.142224639654, "min": 0.0309352595359, "var": 0.00101876130793}, "erbbands_kurtosis": {"dmean": 0.776488721371, "dmean2": 1.23545646667, "dvar": 1.05796420574, "dvar2": 2.4310028553, "max": 32.7399101257, "mean": 0.572870135307, "median": 0.0657048374414, "min": -1.78323495388, "var": 3.82136774063}, "erbbands_skewness": {"dmean": 0.309815615416, "dmean2": 0.481359779835, "dvar": 0.0821687951684, "dvar2": 0.18436537683, "max": 5.3555803299, "mean": 0.229123622179, "median": 0.180105760694, "min": -2.7809278965, "var": 0.608549714088}, "erbbands_spread": {"dmean": 6.86621713638, "dmean2": 10.7699203491, "dvar": 66.9073257446, "dvar2": 151.234313965, "max": 168.216094971, "mean": 36.3404960632, "median": 33.3019332886, "min": 5.87672376633, "var": 262.053283691}, "gfcc": {"cov": [[14544.4023438, 415.916595459, -1938.03552246, 145.135269165, -475.046813965, -127.509796143, -317.097290039, 178.728973389, -231.806350708, 125.660606384, -206.720672607, -19.1869316101, -150.800643921], [415.916595459, 735.150512695, -18.2106647491, -61.8500595093, 25.8647460938, -21.0729656219, -8.02650737762, -13.6309070587, 58.8000984192, -40.6349601746, 20.8787536621, -55.7846794128, -11.7938098907], [-1938.03552246, -18.2106647491, 906.061279297, 106.600067139, 75.2827224731, 96.4284515381, 17.239906311, -22.4856624603, 3.94733524323, -7.98062753677, 12.8268461227, -0.363684684038, 1.71754133701], [145.135269165, -61.8500595093, 106.600067139, 325.898742676, 57.8524742126, -29.4782943726, -34.5754814148, -28.8323764801, 1.095662117, 25.0971469879, 13.6547288895, -9.34490203857, 3.38895606995], [-475.046813965, 25.8647460938, 75.2827224731, 57.8524742126, 201.221206665, 15.7827043533, -29.8044433594, -7.34176015854, 38.3612861633, 14.3585042953, -2.45943784714, -8.68598365784, 5.10533380508], [-127.509796143, -21.0729656219, 96.4284515381, -29.4782943726, 15.7827043533, 159.454284668, 48.9921569824, -5.32560586929, -35.9877243042, -25.3873386383, -12.1453018188, -9.17029380798, -0.297016173601], [-317.097290039, -8.02650737762, 17.239906311, -34.5754814148, -29.8044433594, 48.9921569824, 168.671203613, 33.5985946655, -30.9510364532, -29.3153438568, 9.55671310425, 0.775860071182, -8.99527168274], [178.728973389, -13.6309070587, -22.4856624603, -28.8323764801, -7.34176015854, -5.32560586929, 33.5985946655, 101.098709106, 29.6355838776, 1.02625966072, -13.2752161026, -2.22135162354, -7.55492639542], [-231.806350708, 58.8000984192, 3.94733524323, 1.095662117, 38.3612861633, -35.9877243042, -30.9510364532, 29.6355838776, 108.848861694, 35.749042511, 1.34314084053, -13.4085578918, -1.79217982292], [125.660606384, -40.6349601746, -7.98062753677, 25.0971469879, 14.3585042953, -25.3873386383, -29.3153438568, 1.02625966072, 35.749042511, 82.5949401855, 25.0237522125, 2.20434141159, -11.3761863708], [-206.720672607, 20.8787536621, 12.8268461227, 13.6547288895, -2.45943784714, -12.1453018188, 9.55671310425, -13.2752161026, 1.34314084053, 25.0237522125, 67.3285522461, 21.9826011658, -1.54030847549], [-19.1869316101, -55.7846794128, -0.363684684038, -9.34490203857, -8.68598365784, -9.17029380798, 0.775860071182, -2.22135162354, -13.4085578918, 2.20434141159, 21.9826011658, 59.0541496277, 24.3621768951], [-150.800643921, -11.7938098907, 1.71754133701, 3.38895606995, 5.10533380508, -0.297016173601, -8.99527168274, -7.55492639542, -1.79217982292, -11.3761863708, -1.54030847549, 24.3621768951, 56.9273376465]], "icov": [[0.000241632777033, -0.000447698199423, 0.000502978917211, -0.000500600552186, 0.000511796795763, -0.000424292433308, 0.000628594309092, -0.000803718168754, 0.00105575367343, -0.00109215360135, 0.00130082829855, -0.000972148263827, 0.0007727262564], [-0.000447698199423, 0.00271209864877, -0.000905014050659, 0.0014020956587, -0.00113565614447, 0.00109867018182, -0.000973103044089, 0.00193588272668, -0.00323876831681, 0.00409601535648, -0.00452103838325, 0.00420808885247, -0.00167612812947], [0.000502978917211, -0.000905014050659, 0.00233865948394, -0.00151160021778, 0.000833833299112, -0.00179934350308, 0.00126508227549, -0.00145375356078, 0.00169537612237, -0.00190467969514, 0.00240417290479, -0.00233598658815, 0.00182461761869], [-0.000500600552186, 0.0014020956587, -0.00151160021778, 0.00488151842728, -0.00211471552029, 0.00212006899528, -0.00102716323454, 0.002198318718, -0.00130949600134, 0.00171203003265, -0.00380777008832, 0.00413624430075, -0.00252270442434], [0.000511796795763, -0.00113565614447, 0.000833833299112, -0.00211471552029, 0.0071775871329, -0.00232481420971, 0.00199340307154, -0.00118771078996, -0.000189226935618, -0.00251486105844, 0.00323674362153, -0.00229596556164, 0.00128436356317], [-0.000424292433308, 0.00109867018182, -0.00179934350308, 0.00212006899528, -0.00232481420971, 0.00949063245207, -0.00321106449701, 0.00196647574194, 0.000814610742964, 0.0021971014794, -0.00146973947994, 0.00405825348571, -0.00226846383885], [0.000628594309092, -0.000973103044089, 0.00126508227549, -0.00102716323454, 0.00199340307154, -0.00321106449701, 0.0101670855656, -0.00582884438336, 0.00441592372954, 6.64828712615e-06, -0.000454723543953, -0.00143952609506, 0.00286807422526], [-0.000803718168754, 0.00193588272668, -0.00145375356078, 0.002198318718, -0.00118771078996, 0.00196647574194, -0.00582884438336, 0.0163459293544, -0.00891462992877, 0.00381586560979, -0.000402294070227, 0.000853862089571, -0.000344353786204], [0.00105575367343, -0.00323876831681, 0.00169537612237, -0.00130949600134, -0.000189226935618, 0.000814610742964, 0.00441592372954, -0.00891462992877, 0.0207772348076, -0.0113933049142, 0.00591640174389, -0.000437839393271, 0.000413192057749], [-0.00109215360135, 0.00409601535648, -0.00190467969514, 0.00171203003265, -0.00251486105844, 0.0021971014794, 6.64828712615e-06, 0.00381586560979, -0.0113933049142, 0.0254292488098, -0.0145623199642, 0.00551546923816, 0.000624118605629], [0.00130082829855, -0.00452103838325, 0.00240417290479, -0.00380777008832, 0.00323674362153, -0.00146973947994, -0.000454723543953, -0.000402294070227, 0.00591640174389, -0.0145623199642, 0.0314976274967, -0.0172288324684, 0.00774175068364], [-0.000972148263827, 0.00420808885247, -0.00233598658815, 0.00413624430075, -0.00229596556164, 0.00405825348571, -0.00143952609506, 0.000853862089571, -0.000437839393271, 0.00551546923816, -0.0172288324684, 0.0341932550073, -0.0157770793885], [0.0007727262564, -0.00167612812947, 0.00182461761869, -0.00252270442434, 0.00128436356317, -0.00226846383885, 0.00286807422526, -0.000344353786204, 0.000413192057749, 0.000624118605629, 0.00774175068364, -0.0157770793885, 0.0267405994236]], "mean": [8.74587535858, 88.3684997559, -111.700469971, 30.5691547394, -50.913318634, 16.4004878998, -37.4711036682, 9.93445301056, -28.1462020874, 2.6928589344, -17.963350296, -5.0509724617, -14.7902173996]}, "hfc": {"dmean": 4.71496391296, "dmean2": 7.25526762009, "dvar": 34.4180717468, "dvar2": 81.2865447998, "max": 100.87815094, "mean": 23.1050491333, "median": 20.287399292, "min": 1.1058306294e-16, "var": 307.923980713}, "melbands": {"dmean": [0.000363519095117, 0.000874384539202, 0.000549121410586, 0.000315805780701, 0.000232375095948, 0.000178622678504, 0.000172539977939, 0.00018396959058, 0.000191893443116, 0.000124131169287, 0.000101834411907, 0.000105283193989, 6.9621768489e-05, 8.57283739606e-05, 6.22861116426e-05, 4.77144058095e-05, 4.69690712634e-05, 3.66449530702e-05, 2.98760714941e-05, 2.52183035627e-05, 1.69511586137e-05, 1.1363649719e-05, 9.493925063e-06, 1.1607570741e-05, 8.88187969394e-06, 7.04027570464e-06, 4.82979476146e-06, 4.32440810982e-06, 3.09852043756e-06, 2.3974407668e-06, 1.62234482559e-06, 1.35096581744e-06, 1.03262584616e-06, 6.58638668938e-07, 6.41491794795e-07, 5.67124004647e-07, 4.89940589432e-07, 4.76157708817e-07, 7.06985588295e-07, 7.34224613552e-07], "dmean2": [0.000609616865404, 0.00146889814641, 0.000916042132303, 0.000529146811459, 0.000381204969017, 0.000293554650852, 0.0002776349138, 0.000290657655569, 0.000302369589917, 0.000196609951672, 0.000160834926646, 0.000171930121724, 0.000114244219731, 0.000139339419547, 0.000100947334431, 7.82763818279e-05, 7.63223724789e-05, 5.80411760893e-05, 4.73379222967e-05, 4.1463488742e-05, 2.76574828604e-05, 1.85963544936e-05, 1.54727385961e-05, 1.87701334653e-05, 1.45845451698e-05, 1.16579549285e-05, 8.00448560767e-06, 7.14067527952e-06, 5.12609540237e-06, 3.92866741095e-06, 2.61415675595e-06, 2.15669706449e-06, 1.6603705717e-06, 1.05431013253e-06, 1.03212653357e-06, 9.14414954423e-07, 7.97527206942e-07, 7.76974729888e-07, 1.1896356682e-06, 1.21946436593e-06], "dvar": [4.22530376909e-07, 1.8306052425e-06, 6.85777536091e-07, 2.43362734409e-07, 1.41332691328e-07, 1.23299116694e-07, 1.49560847262e-07, 1.43462969504e-07, 1.5272314613e-07, 8.34865190313e-08, 4.54341204659e-08, 6.55106404679e-08, 2.80715291012e-08, 4.38598490859e-08, 1.93854390318e-08, 8.39898284255e-09, 7.75800490516e-09, 6.36774810658e-09, 5.66203972596e-09, 2.84976131582e-09, 1.06921149712e-09, 3.23670923397e-10, 2.90273916015e-10, 5.96453275659e-10, 3.01105390621e-10, 2.71183159262e-10, 7.67460817119e-11, 6.88595430676e-11, 3.70087398227e-11, 2.23532841542e-11, 1.91203788913e-11, 1.29532920848e-11, 8.80536268899e-12, 3.16228683864e-12, 2.38281486556e-12, 1.91652704991e-12, 1.10883481216e-12, 1.06159449721e-12, 5.02029797941e-12, 4.09781627034e-12], "dvar2": [1.11323959118e-06, 4.99940233567e-06, 1.90562366242e-06, 6.59923045987e-07, 3.6356613009e-07, 3.18684442391e-07, 3.51617075012e-07, 3.25151120251e-07, 3.48264393324e-07, 2.09225660797e-07, 1.11417563176e-07, 1.71530700754e-07, 7.40430294854e-08, 1.1223914953e-07, 4.98853225395e-08, 2.18191296142e-08, 1.92663609511e-08, 1.49826284712e-08, 1.27791954796e-08, 6.86060941391e-09, 2.82048628897e-09, 8.13380196529e-10, 7.37894689795e-10, 1.4074714727e-09, 7.67857888384e-10, 7.65930097124e-10, 2.02781791359e-10, 1.82386397651e-10, 9.897051928e-11, 5.79361315867e-11, 4.58440646556e-11, 2.80171389561e-11, 1.98066146817e-11, 6.66657874737e-12, 5.64200812805e-12, 5.08740575708e-12, 2.89536276898e-12, 2.79456861298e-12, 1.39091325263e-11, 1.09170008103e-11], "max": [0.00942500494421, 0.019416552037, 0.0125922141597, 0.0076561816968, 0.00801500864327, 0.00747154094279, 0.00902520865202, 0.00773692550138, 0.00828142557293, 0.0081724524498, 0.00539713259786, 0.00602262839675, 0.00357656180859, 0.00445157987997, 0.00352091249079, 0.00207623862661, 0.0014050436439, 0.0015578729799, 0.00269195926376, 0.00129555189051, 0.000838115578517, 0.000535498897079, 0.000370560272131, 0.00133061676752, 0.000481028982904, 0.000413504487369, 0.00014982977882, 0.000183372787433, 0.00011680964235, 0.000146204954945, 0.000227505675866, 0.000143156896229, 9.08098154468e-05, 6.21508079348e-05, 7.03304976923e-05, 6.44204774289e-05, 2.24717168749e-05, 1.8727787392e-05, 8.58423809404e-05, 3.54085786967e-05], "mean": [0.000673829694279, 0.00205737841316, 0.00126428622752, 0.000592756667174, 0.000423773686634, 0.000300024083117, 0.000281526561594, 0.00032227000338, 0.000339065532899, 0.000225497075007, 0.000185143231647, 0.000187900004676, 0.000113727204734, 0.000137847673614, 0.000108300191641, 8.49752905197e-05, 7.85904339864e-05, 6.7968685471e-05, 6.04745910096e-05, 5.11016041855e-05, 3.47265049641e-05, 2.49695676757e-05, 2.03758845601e-05, 2.45504870691e-05, 1.95935317606e-05, 1.45385829455e-05, 1.08600033855e-05, 9.34017225518e-06, 6.50912852507e-06, 5.49930155103e-06, 3.72127306036e-06, 2.82224118564e-06, 2.10699568015e-06, 1.42172791584e-06, 1.36819733143e-06, 1.14562624276e-06, 9.43546694998e-07, 8.38662458591e-07, 9.61035993896e-07, 9.17565841974e-07], "median": [0.000428998668212, 0.00173635326792, 0.00095514615532, 0.000419304997195, 0.000236708001466, 0.00015533316764, 0.000118090945762, 0.000125248567201, 0.000105913059087, 5.94925077166e-05, 5.11416365043e-05, 3.71408386854e-05, 3.66494423361e-05, 3.55833908543e-05, 4.0998122131e-05, 3.35023723892e-05, 3.38407699019e-05, 2.0163202862e-05, 1.89391812455e-05, 2.16651314986e-05, 1.44076866491e-05, 1.55369143613e-05, 1.30547496155e-05, 1.23552290461e-05, 1.19229935081e-05, 7.24500250726e-06, 5.71896998736e-06, 4.54522614746e-06, 3.38776612807e-06, 2.79427149508e-06, 2.03151557798e-06, 1.34733204504e-06, 1.01776174688e-06, 7.27893336716e-07, 7.04280239461e-07, 6.2103373466e-07, 5.02091438648e-07, 4.09665176448e-07, 3.86078511383e-07, 3.36295670422e-07], "min": [3.66452539183e-25, 1.93560137909e-24, 3.16317090788e-24, 1.066487386e-24, 2.22456211474e-24, 2.49841833343e-24, 3.23850120787e-24, 1.96144722335e-24, 2.35582620279e-24, 2.92270894625e-24, 2.46730072895e-24, 3.93212727474e-24, 2.76107785487e-24, 3.9304402957e-24, 3.28059206476e-24, 2.43331167077e-24, 3.64485371534e-24, 3.56801669102e-24, 3.731585422e-24, 3.72064194909e-24, 3.36077543704e-24, 5.00629392583e-24, 4.34482656263e-24, 4.9561448548e-24, 6.00445658972e-24, 4.53187613288e-24, 4.90301191739e-24, 5.31398951634e-24, 5.15119229133e-24, 5.61124808265e-24, 6.16765771151e-24, 3.76817160749e-24, 6.17521697114e-24, 6.86332732256e-24, 7.23943648064e-24, 5.77428275479e-24, 6.36819246451e-24, 6.54864834088e-24, 6.83849082582e-24, 6.72940635098e-24], "var": [6.03128853527e-07, 2.75902243629e-06, 1.23360462112e-06, 3.97023882215e-07, 3.444931167e-07, 1.9893246872e-07, 3.13506944849e-07, 3.44773809502e-07, 3.72137265003e-07, 2.66868568133e-07, 1.33181600859e-07, 1.64644106349e-07, 5.4923120274e-08, 8.75952466117e-08, 4.29605009344e-08, 1.88966993164e-08, 1.54747912262e-08, 1.70878635686e-08, 2.0913430987e-08, 1.07109903169e-08, 3.44360318039e-09, 9.62131263549e-10, 7.52628903644e-10, 1.86402893121e-09, 7.59724561039e-10, 6.36925623354e-10, 2.14582365765e-10, 1.78851919386e-10, 9.07915825854e-11, 5.90451090798e-11, 4.25408354376e-11, 3.11204569059e-11, 1.85582816475e-11, 7.45825189802e-12, 4.83651226707e-12, 2.92573452444e-12, 1.77625199705e-12, 1.48571855773e-12, 3.9983047255e-12, 3.6078900284e-12]}, "melbands_crest": {"dmean": 2.52006244659, "dmean2": 4.19346237183, "dvar": 6.09816503525, "dvar2": 15.6144704819, "max": 29.8698616028, "mean": 13.3545837402, "median": 12.5447664261, "min": 1.61609971523, "var": 24.7224082947}, "melbands_flatness_db": {"dmean": 0.0188967399299, "dmean2": 0.0293035544455, "dvar": 0.000427599850809, "dvar2": 0.000896337151062, "max": 0.500494003296, "mean": 0.189555555582, "median": 0.174983009696, "min": 0.00398267712444, "var": 0.00515267858282}, "melbands_kurtosis": {"dmean": 6.13414859772, "dmean2": 9.26492214203, "dvar": 267.603210449, "dvar2": 532.079223633, "max": 643.606933594, "mean": 16.1405010223, "median": 4.9955072403, "min": -1.69957149029, "var": 1734.54785156}, "melbands_skewness": {"dmean": 0.58960300684, "dmean2": 0.911667883396, "dvar": 0.53218960762, "dvar2": 1.12851428986, "max": 18.8672523499, "mean": 2.5222158432, "median": 1.99814271927, "min": -0.727382063866, "var": 3.99978876114}, "melbands_spread": {"dmean": 5.50789642334, "dmean2": 8.78655815125, "dvar": 50.1370620728, "dvar2": 119.388542175, "max": 174.805221558, "mean": 25.49492836, "median": 23.2731666565, "min": 0.589144587517, "var": 320.514709473}, "mfcc": {"cov": [[8613.84863281, -31.9136505127, -1325.08691406, 46.189239502, -350.679077148, -261.133850098, -119.039840698, -74.8057479858, -12.8494148254, 42.6142997742, -4.38125228882, 18.6100006104, 24.9137706757], [-31.9136505127, 779.220947266, 39.2729454041, -60.9928588867, 51.9811210632, -15.6440677643, -20.3483486176, 27.0402851105, 17.9178676605, 9.63512897491, 37.5838088989, 34.1007118225, -23.5528812408], [-1325.08691406, 39.2729454041, 687.861755371, 77.6255340576, 96.5596237183, 88.707824707, 77.6457672119, 17.8497428894, 8.02572917938, -17.5656433105, 8.57653427124, -10.1287822723, 0.589203000069], [46.189239502, -60.9928588867, 77.6255340576, 291.03225708, 88.5972595215, 16.2810077667, -15.1673994064, -32.0268745422, -10.4491939545, 7.77627801895, 4.66158723831, -0.224505782127, 35.6161766052], [-350.679077148, 51.9811210632, 96.5596237183, 88.5972595215, 261.740692139, 59.6828346252, -47.8044815063, -34.9360542297, 16.9145431519, 16.1473579407, 8.4137096405, -16.3050518036, -0.898674190044], [-261.133850098, -15.6440677643, 88.707824707, 16.2810077667, 59.6828346252, 135.928085327, 50.370552063, -4.72412395477, -8.97557544708, -1.82711327076, -5.60049152374, -11.6958694458, -6.68658781052], [-119.039840698, -20.3483486176, 77.6457672119, -15.1673994064, -47.8044815063, 50.370552063, 152.12449646, 55.9333343506, -1.47633206844, -15.4584512711, -6.4838347435, 2.5881729126, -4.58485841751], [-74.8057479858, 27.0402851105, 17.8497428894, -32.0268745422, -34.9360542297, -4.72412395477, 55.9333343506, 101.506027222, 34.7908477783, -1.31414866447, -6.72679281235, 2.74231219292, -17.1075744629], [-12.8494148254, 17.9178676605, 8.02572917938, -10.4491939545, 16.9145431519, -8.97557544708, -1.47633206844, 34.7908477783, 74.3187561035, 31.629901886, 1.78008210659, -8.18610286713, -8.0044670105], [42.6142997742, 9.63512897491, -17.5656433105, 7.77627801895, 16.1473579407, -1.82711327076, -15.4584512711, -1.31414866447, 31.629901886, 70.5684204102, 29.1000003815, -0.970418810844, -8.89386081696], [-4.38125228882, 37.5838088989, 8.57653427124, 4.66158723831, 8.4137096405, -5.60049152374, -6.4838347435, -6.72679281235, 1.78008210659, 29.1000003815, 72.720489502, 32.8062896729, 0.0785956606269], [18.6100006104, 34.1007118225, -10.1287822723, -0.224505782127, -16.3050518036, -11.6958694458, 2.5881729126, 2.74231219292, -8.18610286713, -0.970418810844, 32.8062896729, 68.2205657959, 24.4894275665], [24.9137706757, -23.5528812408, 0.589203000069, 35.6161766052, -0.898674190044, -6.68658781052, -4.58485841751, -17.1075744629, -8.0044670105, -8.89386081696, 0.0785956606269, 24.4894275665, 68.3527984619]], "icov": [[0.000179548180313, -4.12384033552e-05, 0.000341039180057, -0.00018147235096, 0.000181494644494, 0.000104354934592, -0.000111168767035, 0.000207411721931, -0.00015109157539, 3.21518200508e-05, -4.084928878e-05, 6.98307121638e-05, 3.05334797304e-05], [-4.12384033552e-05, 0.00145478756167, -0.000185627272003, 0.000407724903198, -0.00052760692779, 0.000218568005948, 0.000268682750175, -0.000501275353599, 3.65519663319e-05, 0.000104148122773, -0.000374782539438, -0.000823474139906, 0.00052577117458], [0.000341039180057, -0.000185627272003, 0.00244881724939, -0.000728229933884, -0.000157422211487, -0.000418549752794, -0.00108314305544, 0.0003827624314, -0.000838146544993, 0.00104850577191, -0.000883877917659, 0.000629595248029, -3.60685298801e-05], [-0.00018147235096, 0.000407724903198, -0.000728229933884, 0.00459962477908, -0.0017343206564, 0.000409917032812, -9.29629677557e-05, -6.40678554191e-05, 0.00135386711918, -0.0011665020138, 6.06875873927e-05, 0.00036099582212, -0.0023114006035], [0.000181494644494, -0.00052760692779, -0.000157422211487, -0.0017343206564, 0.00641203392297, -0.00323753221892, 0.00261697499081, 0.0012337861117, -0.00259884656407, 0.000772469968069, -0.000950732035562, 0.00105178786907, 0.000329452159349], [0.000104354934592, 0.000218568005948, -0.000418549752794, 0.000409917032812, -0.00323753221892, 0.0115070920438, -0.00531906308606, 0.00216406118125, 0.00186216190923, -0.00159210688435, 0.00135477422737, 0.000307661481202, 0.000994371017441], [-0.000111168767035, 0.000268682750175, -0.00108314305544, -9.29629677557e-05, 0.00261697499081, -0.00531906308606, 0.0122368317097, -0.0068894000724, 0.00175796390977, 0.00102157681249, -0.000819081207737, 0.000216676868149, -0.000936448690481], [0.000207411721931, -0.000501275353599, 0.0003827624314, -6.40678554191e-05, 0.0012337861117, 0.00216406118125, -0.0068894000724, 0.0188531540334, -0.0100121004507, 0.00286536407657, 0.00200362317264, -0.0033827861771, 0.00467623677105], [-0.00015109157539, 3.65519663319e-05, -0.000838146544993, 0.00135386711918, -0.00259884656407, 0.00186216190923, 0.00175796390977, -0.0100121004507, 0.0241135042161, -0.0116327563301, 0.0027373265475, 0.00219163880683, -0.00234867935069], [3.21518200508e-05, 0.000104148122773, 0.00104850577191, -0.0011665020138, 0.000772469968069, -0.00159210688435, 0.00102157681249, 0.00286536407657, -0.0116327563301, 0.0246659200639, -0.0111106783152, 0.003472186625, 0.00187899847515], [-4.084928878e-05, -0.000374782539438, -0.000883877917659, 6.06875873927e-05, -0.000950732035562, 0.00135477422737, -0.000819081207737, 0.00200362317264, 0.0027373265475, -0.0111106783152, 0.0246450416744, -0.0130799468607, 0.00396111700684], [6.98307121638e-05, -0.000823474139906, 0.000629595248029, 0.00036099582212, 0.00105178786907, 0.000307661481202, 0.000216676868149, -0.0033827861771, 0.00219163880683, 0.003472186625, -0.0130799468607, 0.0256872102618, -0.00977065507323], [3.05334797304e-05, 0.00052577117458, -3.60685298801e-05, -0.0023114006035, 0.000329452159349, 0.000994371017441, -0.000936448690481, 0.00467623677105, -0.00234867935069, 0.00187899847515, 0.00396111700684, -0.00977065507323, 0.0206794142723]], "mean": [-632.118530273, 120.282226563, 0.0812453776598, 20.9565181732, 8.62419223785, 5.43976163864, 5.47410440445, 1.34620130062, 0.251588910818, 1.14445829391, 1.22254741192, 0.0598631128669, -3.73302173615]}, "pitch_salience": {"dmean": 0.0593678243458, "dmean2": 0.0974687188864, "dvar": 0.00300314603373, "dvar2": 0.0075823077932, "max": 0.991467118263, "mean": 0.538958132267, "median": 0.54703861475, "min": 0.129827111959, "var": 0.0117485802621}, "silence_rate_20dB": {"dmean": 0, "dmean2": 0, "dvar": 0, "dvar2": 0, "max": 1, "mean": 1, "median": 1, "min": 1, "var": 0}, "silence_rate_30dB": {"dmean": 0, "dmean2": 0, "dvar": 0, "dvar2": 0, "max": 1, "mean": 1, "median": 1, "min": 1, "var": 0}, "silence_rate_60dB": {"dmean": 0.00990218576044, "dmean2": 0.0198067631572, "dvar": 0.00980518292636, "dvar2": 0.0227998811752, "max": 1, "mean": 0.0510746203363, "median": 0, "min": 0, "var": 0.04845514521}, "spectral_centroid": {"dmean": 197.354003906, "dmean2": 308.271087646, "dvar": 55231.6015625, "dvar2": 115772.054688, "max": 11701.9023438, "mean": 1373.90258789, "median": 1307.56982422, "min": 152.544876099, "var": 715096.625}, "spectral_complexity": {"dmean": 3.06170749664, "dmean2": 4.96207714081, "dvar": 10.1126737595, "dvar2": 23.8807086945, "max": 52, "mean": 22.0173873901, "median": 23, "min": 0, "var": 122.294494629}, "spectral_contrast_coeffs": {"dmean": [0.046222820878, 0.046601690352, 0.0388609468937, 0.0309583563358, 0.0202860850841, 0.0157125797123], "dmean2": [0.0767787322402, 0.0772720202804, 0.0638870596886, 0.0506333373487, 0.0332571044564, 0.0253939647228], "dvar": [0.00152610382065, 0.0014271424152, 0.000991245149635, 0.000639534147922, 0.000280632608337, 0.000206445227377], "dvar2": [0.00418814877048, 0.00374571769498, 0.00257735420018, 0.00165152549744, 0.000699525757227, 0.000504388706759], "max": [-0.361149191856, -0.459389418364, -0.449680864811, -0.561318218708, -0.581513762474, -0.586825072765], "mean": [-0.613485872746, -0.727677822113, -0.749474227428, -0.754899978638, -0.786141753197, -0.776094138622], "median": [-0.611939430237, -0.731948971748, -0.756787896156, -0.757157087326, -0.78855907917, -0.774843752384], "min": [-0.998706221581, -0.998754441738, -0.996642947197, -0.987638056278, -0.981989920139, -0.976716578007], "var": [0.00484524387866, 0.00517858052626, 0.00503449747339, 0.00312912138179, 0.00164098595269, 0.00171087693889]}, "spectral_contrast_valleys": {"dmean": [0.387818902731, 0.337999910116, 0.296228885651, 0.239381462336, 0.185774132609, 0.23603323102], "dmean2": [0.639879047871, 0.563677191734, 0.484559059143, 0.387157022953, 0.295180737972, 0.334886819124], "dvar": [0.125629156828, 0.100861042738, 0.0835623666644, 0.0653159096837, 0.0612938068807, 0.0980699807405], "dvar2": [0.282685339451, 0.230771735311, 0.177351653576, 0.127204671502, 0.106583125889, 0.184664323926], "max": [-5.32505846024, -4.77593708038, -5.30017328262, -5.69161605835, -5.79223155975, -7.8795337677], "mean": [-7.3488740921, -6.78014755249, -7.41996860504, -7.7189283371, -7.53508329391, -9.9986333847], "median": [-7.10264348984, -6.47904062271, -7.11046695709, -7.33967351913, -7.12711524963, -9.80338001251], "min": [-28.0681438446, -27.9097232819, -27.7195110321, -27.4375019073, -27.4230136871, -27.3559188843], "var": [2.50432610512, 2.73419594765, 2.83540892601, 2.81944322586, 2.77298808098, 1.95956790447]}, "spectral_decrease": {"dmean": 1.5910830431e-09, "dmean2": 2.57279819671e-09, "dvar": 3.39600179216e-18, "dvar2": 8.67873101043e-18, "max": 1.851792836e-28, "mean": -6.85744261375e-09, "median": -6.7908403345e-09, "min": -2.60124153328e-08, "var": 1.43814762808e-17}, "spectral_energy": {"dmean": 0.00628077285364, "dmean2": 0.0101203750819, "dvar": 5.16921681992e-05, "dvar2": 0.000131461856654, "max": 0.103463672101, "mean": 0.0279772635549, "median": 0.0277582518756, "min": 1.0198431749e-20, "var": 0.00024133840634}, "spectral_energyband_high": {"dmean": 0.000267818686552, "dmean2": 0.000418016774347, "dvar": 2.86856788989e-07, "dvar2": 6.52005439861e-07, "max": 0.0127306813374, "mean": 0.00074767053593, "median": 0.000429616891779, "min": 7.3258095806e-21, "var": 8.94758215964e-07}, "spectral_energyband_low": {"dmean": 0.0036308246199, "dmean2": 0.00602709129453, "dvar": 2.93860102829e-05, "dvar2": 7.87712415331e-05, "max": 0.0719007775187, "mean": 0.00915992632508, "median": 0.00808081496507, "min": 3.46586448917e-23, "var": 4.66517522e-05}, "spectral_energyband_middle_high": {"dmean": 0.00208415929228, "dmean2": 0.00326036242768, "dvar": 8.27223902888e-06, "dvar2": 2.09037934837e-05, "max": 0.0484285578132, "mean": 0.00782225094736, "median": 0.00513197947294, "min": 1.26498533879e-21, "var": 5.83047403779e-05}, "spectral_energyband_middle_low": {"dmean": 0.00366455526091, "dmean2": 0.00592284370214, "dvar": 2.00253198273e-05, "dvar2": 5.06459728058e-05, "max": 0.0611608326435, "mean": 0.0116947861388, "median": 0.00985810626298, "min": 2.19665753284e-22, "var": 7.88208053564e-05}, "spectral_entropy": {"dmean": 0.123145371675, "dmean2": 0.185581997037, "dvar": 0.0221757870167, "dvar2": 0.0443661026657, "max": 9.81905460358, "mean": 7.60235834122, "median": 7.67403078079, "min": 5.37787008286, "var": 0.176941514015}, "spectral_flux": {"dmean": 0.0186633784324, "dmean2": 0.0298284869641, "dvar": 0.00036998707219, "dvar2": 0.000889117480256, "max": 0.235943898559, "mean": 0.0801491439342, "median": 0.0802505984902, "min": 6.46652592584e-11, "var": 0.00170960219111}, "spectral_kurtosis": {"dmean": 1.02636539936, "dmean2": 1.70440208912, "dvar": 1.2104498148, "dvar2": 3.13503050804, "max": 20.0462799072, "mean": 4.44053792953, "median": 4.07173919678, "min": -1.28816771507, "var": 4.23827219009}, "spectral_rms": {"dmean": 0.000572706398088, "dmean2": 0.000910351169296, "dvar": 3.66977019439e-07, "dvar2": 8.79527874531e-07, "max": 0.0100468983874, "mean": 0.00495059788227, "median": 0.00520396232605, "min": 3.15431296534e-12, "var": 2.78652419183e-06}, "spectral_rolloff": {"dmean": 373.013427734, "dmean2": 628.75592041, "dvar": 519017.25, "dvar2": 1292903.875, "max": 19789.0136719, "mean": 1494.46337891, "median": 1291.9921875, "min": 107.666015625, "var": 2798965.75}, "spectral_skewness": {"dmean": 0.157082155347, "dmean2": 0.250574439764, "dvar": 0.0267520528287, "dvar2": 0.0612078607082, "max": 3.7345161438, "mean": 1.6039352417, "median": 1.56020545959, "min": -0.0591989643872, "var": 0.166210696101}, "spectral_spread": {"dmean": 531403.1875, "dmean2": 795413.125, "dvar": 747038310400, "dvar2": 1594562052100.0, "max": 46293540, "mean": 4808499, "median": 4334549.5, "min": 2283060, "var": 6661292425220.0}, "spectral_strongpeak": {"dmean": 0.580020546913, "dmean2": 1.00577008724, 