{"lowlevel": {"average_loudness": 0.658109724522, "barkbands": {"dmean": [1.50361029227e-06, 6.0515019868e-05, 0.000121451870655, 0.000260900356807, 0.000668686290737, 0.0010370684322, 0.00033994342084, 0.000532775709871, 0.000746437755879, 0.0015956913121, 0.000352045375621, 0.000717604765669, 0.00031096560997, 0.000378419354092, 0.000302220199956, 0.000196877168491, 0.000165744422702, 0.0001285316539, 5.32009071321e-05, 7.60105394875e-05, 4.59088478237e-05, 7.86616728874e-05, 5.93967488385e-05, 2.88218652713e-05, 1.04302571344e-05, 1.12647978767e-06, 1.7160042276e-08], "dmean2": [2.51266760642e-06, 7.84125659266e-05, 0.000152527383761, 0.000369912042515, 0.000958821969107, 0.00154034001753, 0.000499113113619, 0.000802089518402, 0.00112213625107, 0.00228886934929, 0.00051188073121, 0.000932880036999, 0.000439769995864, 0.000546536408365, 0.000441331416368, 0.00029125099536, 0.000253235863056, 0.000192374514882, 8.03211078164e-05, 0.000116037197586, 7.04358026269e-05, 0.000120197488286, 9.05324923224e-05, 4.28976672993e-05, 1.59992814588e-05, 1.72137788468e-06, 2.77577463237e-08], "dvar": [1.50991875253e-11, 5.38898845548e-08, 9.83262395948e-08, 5.86888404541e-07, 2.39137375502e-06, 4.89857166031e-06, 1.64182790741e-06, 3.41732379638e-06, 7.81495509727e-06, 3.57958197128e-05, 4.4292446546e-06, 8.85486679181e-06, 2.51479332292e-06, 1.89285367469e-06, 8.85425436081e-07, 3.80859347615e-07, 2.63930701294e-07, 9.99735405571e-08, 3.14660155709e-08, 1.45934620832e-07, 8.46675689559e-08, 1.07548679296e-07, 4.73913779331e-08, 1.28887567286e-08, 2.07950989761e-09, 3.3726067078e-11, 5.21294314817e-15], "dvar2": [3.62059895953e-11, 7.65143965964e-08, 1.83658301012e-07, 1.59165313107e-06, 4.08428741139e-06, 1.14820422823e-05, 3.14204771712e-06, 7.46813020669e-06, 1.72990985448e-05, 7.59403556003e-05, 8.82019412529e-06, 1.24047146528e-05, 4.16609782405e-06, 3.4998247429e-06, 1.68019130342e-06, 7.54454049456e-07, 6.14702969415e-07, 2.04589156283e-07, 7.16927957001e-08, 3.10546255378e-07, 1.76056431656e-07, 2.28614297271e-07, 9.73258948989e-08, 2.52587888383e-08, 4.44244507847e-09, 7.18181000781e-11, 1.27575494656e-14], "max": [0.000128851650516, 0.00683064898476, 0.00708421505988, 0.0194399133325, 0.0533013045788, 0.0462053902447, 0.0413364842534, 0.0520279705524, 0.0704916492105, 0.13356333971, 0.0955410897732, 0.096191495657, 0.0826814994216, 0.0372924432158, 0.062131665647, 0.0226216409355, 0.0190874822438, 0.0135239046067, 0.00746205030009, 0.0162582993507, 0.0119948741049, 0.00920428521931, 0.0056298491545, 0.00340402149595, 0.00116097636055, 0.000252800731687, 2.27769419325e-06], "mean": [1.65067274338e-06, 0.000204238152946, 0.000394365051761, 0.000569832511246, 0.00152019271627, 0.00217130361125, 0.000590982032008, 0.000923431653064, 0.00109698076267, 0.00286434148438, 0.000543886562809, 0.00153423182201, 0.000517454871442, 0.000621337036137, 0.000529701646883, 0.000312247924739, 0.000312296760967, 0.000241980611463, 9.58918390097e-05, 0.000119752832688, 5.48453172087e-05, 0.000115022790851, 9.35243224376e-05, 4.56746165582e-05, 1.43288707477e-05, 1.60571994456e-06, 2.70534759039e-08], "median": [4.98227052503e-07, 3.37498750014e-05, 9.15539130801e-05, 6.3831670559e-05, 0.000501942471601, 0.000755829038098, 0.000104172111605, 0.000140971940709, 0.000109281827463, 0.000194664811715, 4.27990526077e-05, 8.5920051788e-05, 6.42796076136e-05, 6.0405000113e-05, 7.99702102086e-05, 5.84525696468e-05, 6.70651570545e-05, 5.98631741013e-05, 2.34162362176e-05, 2.60464385065e-05, 6.0703168856e-06, 1.41080163303e-05, 1.13577807497e-05, 4.27880786447e-06, 1.11475742415e-06, 2.01115540222e-07, 1.27680053197e-08], "min": [5.67810049449e-25, 1.41505701546e-24, 6.62415228888e-25, 1.2306249843e-24, 7.66404717376e-24, 8.35897604442e-24, 5.94280158795e-24, 5.34633912435e-24, 9.61146312541e-24, 1.4007145184e-23, 1.12681814669e-23, 9.75246806792e-24, 3.29358515607e-23, 3.66675612283e-23, 3.81157079019e-23, 2.89889753481e-23, 6.63099689969e-23, 9.17208826936e-23, 1.35576323609e-22, 1.26620215358e-22, 2.09549489388e-22, 3.02973402869e-22, 3.20330993356e-22, 5.4919425895e-22, 8.63521528569e-22, 1.27266836438e-21, 1.88114765344e-21], "var": [2.05483251942e-11, 3.24635266225e-07, 4.64621820129e-07, 1.62106869084e-06, 9.72978068603e-06, 1.41094378705e-05, 4.21148388341e-06, 8.41633573145e-06, 1.33233452289e-05, 7.78988178354e-05, 9.4868701126e-06, 3.68947294191e-05, 8.79035724211e-06, 5.1716838243e-06, 2.64296818386e-06, 8.45780959935e-07, 6.76518084219e-07, 2.76168293567e-07, 6.26692227002e-08, 2.42833749553e-07, 1.33834106464e-07, 1.74751107807e-07, 9.92938922195e-08, 2.90407893289e-08, 3.97282429176e-09, 6.1161312126e-11, 7.42015346058e-15]}, "barkbands_crest": {"dmean": 2.5472266674, "dmean2": 3.98743462563, "dvar": 6.54083490372, "dvar2": 15.2660713196, "max": 25.9090843201, "mean": 11.1233024597, "median": 10.2325716019, "min": 2.42611432076, "var": 20.6606655121}, "barkbands_flatness_db": {"dmean": 0.0208238102496, "dmean2": 0.0305428765714, "dvar": 0.00049979594769, "dvar2": 0.000992028508335, "max": 0.422068715096, "mean": 0.183171734214, "median": 0.178906679153, "min": 0.0209054686129, "var": 0.00288199889474}, "barkbands_kurtosis": {"dmean": 2.79681706429, "dmean2": 4.32553339005, "dvar": 27.432964325, "dvar2": 59.2348670959, "max": 149.23286438, "mean": 4.77315711975, "median": 1.95703673363, "min": -1.90960168839, "var": 88.0570907593}, "barkbands_skewness": {"dmean": 0.53293132782, "dmean2": 0.786064743996, "dvar": 0.373916476965, "dvar2": 0.729563117027, "max": 9.29326343536, "mean": 1.31216979027, "median": 1.19582641125, "min": -4.93000125885, "var": 1.92132365704}, "barkbands_spread": {"dmean": 4.24077892303, "dmean2": 6.41674566269, "dvar": 41.9948616028, "dvar2": 89.189239502, "max": 116.790115356, "mean": 15.9291200638, "median": 13.3849773407, "min": 0.534589231014, "var": 138.985931396}, "dissonance": {"dmean": 0.0262786820531, "dmean2": 0.0434640198946, "dvar": 0.000747207086533, "dvar2": 0.00203095376492, "max": 0.500000119209, "mean": 0.441661953926, "median": 0.451555460691, "min": 0.203364178538, "var": 0.00175868906081}, "dynamic_complexity": 4.86668014526, "erbbands": {"dmean": [0.000540468783583, 0.018054317683, 0.113540604711, 0.590439558029, 0.918459534645, 2.25146126747, 7.70698356628, 7.21574068069, 5.24633026123, 6.32988643646, 12.176440239, 15.2971506119, 46.0626373291, 30.5919933319, 16.0448760986, 31.7608032227, 15.0614299774, 19.9178314209, 14.6928024292, 13.2383642197, 10.2532148361, 6.71261072159, 6.52101135254, 3.60050797462, 2.99969005585, 3.64790940285, 2.29868650436, 1.64170444012, 2.65887093544, 2.71042156219, 1.52391862869, 0.866227090359, 0.376254230738, 0.163808256388, 0.0505201146007, 0.00967201404274, 0.00137167761568, 0.00011000088125, 5.59201816941e-06, 5.74038176637e-06], "dmean2": [0.000788074859884, 0.023302000016, 0.142075970769, 0.775690197945, 1.45817899704, 3.21585536003, 11.3042316437, 10.8242692947, 7.5079331398, 9.62372207642, 18.1656703949, 22.6621761322, 67.3541412354, 42.7701416016, 21.9979820251, 40.4888038635, 20.5650062561, 28.1311016083, 20.5462398529, 19.1706771851, 14.8361902237, 9.76345539093, 9.5482673645, 5.20321798325, 4.56807994843, 5.58367538452, 3.53341627121, 2.50062656403, 4.06103420258, 4.17612600327, 2.2889354229, 1.29112160206, 0.56201583147, 0.251779228449, 0.0782336369157, 0.0147435208783, 0.00205574347638, 0.000166499696206, 8.02895010565e-06, 7.92255832494e-06], "dvar": [2.04820889849e-06, 0.00493664480746, 0.114073164761, 2.773021698, 5.21933937073, 42.5399208069, 325.388977051, 254.687072754, 319.046905518, 849.343261719, 1833.61376953, 3603.38793945, 40155.34375, 14427.6025391, 6045.28027344, 17698.7929688, 6263.65234375, 5663.95410156, 2063.44287109, 2642.94189453, 820.563659668, 345.254119873, 219.066726685, 96.1754760742, 142.597824097, 356.086181641, 180.97517395, 116.223472595, 157.61138916, 83.55834198, 35.0669288635, 11.6899175644, 2.3384783268, 0.48937356472, 0.0584176108241, 0.00235973810777, 5.01145950693e-05, 2.80520282558e-07, 2.83683465607e-10, 9.90810142265e-11], "dvar2": [3.48805860995e-06, 0.00713955424726, 0.20210506022, 6.48496055603, 13.4096536636, 68.7612380981, 689.73614502, 577.095214844, 586.403808594, 1882.93713379, 3847.00805664, 7706.03710938, 87340.0625, 26761.8515625, 11386.9453125, 24283.5507813, 10206.7685547, 10302.3701172, 3926.50219727, 5071.36572266, 1570.61425781, 748.078674316, 458.8019104, 185.276184082, 312.082336426, 772.809204102, 395.243804932, 232.210708618, 340.508880615, 182.033920288, 70.6874771118, 23.5311050415, 4.64104175568, 1.05899357796, 0.124300643802, 0.00481155561283, 0.000100419485534, 5.75352999022e-07, 5.78569636644e-10, 1.77141287749e-10], "max": [0.0399660430849, 1.98137974739, 8.09656143188, 43.5758323669, 43.3263549805, 248.418777466, 481.863311768, 412.204437256, 607.576843262, 866.540100098, 1433.79663086, 1992.51660156, 4652.05419922, 3852.41210938, 3471.83056641, 4985.03222656, 4392.84960938, 2226.63378906, 1864.32165527, 4302.88574219, 1110.29943848, 665.553894043, 469.125640869, 656.756347656, 561.922729492, 819.13104248, 502.94619751, 446.986999512, 358.601715088, 226.971298218, 166.545684814, 81.3622436523, 46.9655952454, 21.6669311523, 7.5552239418, 1.70877921581, 0.313992261887, 0.0219629090279, 0.000566497445107, 0.000174524655449], "mean": [0.00153369980399, 0.0632770061493, 0.398534297943, 1.50583183765, 1.70533192158, 5.01319217682, 18.9616413116, 14.003203392, 10.0764493942, 10.016037941, 22.3577899933, 25.1466674805, 75.3120269775, 63.8038139343, 32.6058883667, 69.5563278198, 28.0963001251, 35.7215270996, 27.0818901062, 23.7656936646, 18.8527927399, 14.594452858, 13.3422689438, 7.65323066711, 5.48940706253, 5.69263505936, 2.98538517952, 2.01991033554, 3.61680340767, 4.28472280502, 2.3991150856, 1.33820939064, 0.591023504734, 0.23460136354, 0.065956428647, 0.0136097045615, 0.0020006976556, 0.000186355231563, 1.49164434333e-05, 1.95062784769e-05], "median": [0.00046227365965, 0.0116618713364, 0.0902182012796, 0.213192939758, 0.532759666443, 1.54375290871, 4.27385902405, 4.96974372864, 2.51857328415, 2.09368133545, 4.09840965271, 3.51568293571, 5.63367986679, 5.34095668793, 3.51405763626, 4.48130369186, 4.01927089691, 4.29249572754, 3.74447011948, 4.71221113205, 4.62024402618, 3.82667541504, 3.6669023037, 2.10599446297, 1.41203451157, 1.22300374508, 0.446922957897, 0.217913120985, 0.40219193697, 0.598749756813, 0.278886944056, 0.120967790484, 0.0545786954463, 0.0197181925178, 0.00445899739861, 0.00120886764489, 0.000344101485098, 6.15933386143e-05, 7.64304422773e-06, 1.12813249871e-05], "min": [5.36796180176e-23, 4.55140127647e-22, 1.24361122199e-21, 6.00944937874e-21, 1.28501312626e-20, 2.61632542548e-20, 3.78487604513e-20, 7.14785120377e-20, 7.05372321994e-20, 1.24769144788e-19, 2.24826837462e-19, 1.99632647913e-19, 5.08041614328e-19, 6.43390954912e-19, 1.13815854346e-18, 9.35468067313e-19, 1.63246565089e-18, 1.41384822565e-18, 2.18469938945e-18, 2.62751129843e-18, 3.65773476607e-18, 4.4721548769e-18, 5.09782891556e-18, 5.23379342003e-18, 7.15514207709e-18, 7.19049494929e-18, 8.80286021469e-18, 9.2886824136e-18, 9.25236835753e-18, 1.07398475484e-17, 9.26395219483e-18, 1.02351548782e-17, 7.71394973016e-18, 7.26702487238e-18, 6.45333102612e-18, 3.92387226994e-18, 2.11384992242e-18, 9.88424687117e-19, 2.19720160402e-19, 2.51815217302e-20], "var": [9.11202550924e-06, 0.0298574231565, 0.615889847279, 10.7980051041, 9.91670894623, 166.932632446, 1771.19189453, 628.861083984, 932.376220703, 1362.01635742, 5094.30224609, 6997.84912109, 75033.3203125, 49617.2539063, 19547.4277344, 74665.8828125, 22327.6386719, 16074.8496094, 6025.42236328, 7126.38916016, 2322.42163086, 1144.44311523, 736.876525879, 348.788848877, 258.418701172, 588.087585449, 259.32208252, 200.383041382, 234.739608765, 158.720077515, 76.7403793335, 26.296585083, 5.05461359024, 0.929152369499, 0.111953988671, 0.00471761357039, 9.65000945143e-05, 5.35569142812e-07, 6.74076794382e-10, 4.936457354e-10]}, "erbbands_crest": {"dmean": 2.96047639847, "dmean2": 4.65685987473, "dvar": 8.19683074951, "dvar2": 19.0387001038, "max": 32.5347251892, "mean": 11.6954555511, "median": 10.5081596375, "min": 2.62156271935, "var": 28.3307037354}, "erbbands_flatness_db": {"dmean": 0.0181360654533, "dmean2": 0.0261497516185, "dvar": 0.000370023655705, "dvar2": 0.00071111851139, "max": 0.418359935284, "mean": 0.223564833403, "median": 0.221299752593, "min": 0.0427102446556, "var": 0.00262829568237}, "erbbands_kurtosis": {"dmean": 1.33962786198, "dmean2": 2.07608914375, "dvar": 5.30153465271, "dvar2": 12.0032129288, "max": 36.2033615112, "mean": 1.33626997471, "median": 0.0278389900923, "min": -1.86284983158, "var": 12.899518013}, "erbbands_skewness": {"dmean": 0.444144695997, "dmean2": 0.664871513844, "dvar": 0.238950207829, "dvar2": 0.484756708145, "max": 4.92314910889, "mean": 0.451287180185, "median": 0.410662293434, "min": -4.79245185852, "var": 0.969477415085}, "erbbands_spread": {"dmean": 6.49184703827, "dmean2": 9.73837757111, "dvar": 72.2417297363, "dvar2": 162.198165894, "max": 129.45135498, "mean": 29.4568080902, "median": 26.282333374, "min": 1.9648809433, "var": 323.174041748}, "gfcc": {"cov": [[22040.9414063, 622.508239746, -3774.95678711, 481.681243896, -1822.9831543, 335.504302979, -737.410400391, -62.5464286804, -62.4170188904, -580.299072266, -5.1036939621, -117.841918945, 59.2197685242], [622.508239746, 1704.9708252, 128.316162109, -211.281021118, 551.922729492, -224.696273804, 103.702041626, -70.740447998, -81.2327041626, -12.5214443207, -46.7011451721, -129.096786499, -116.507019043], [-3774.95678711, 128.316162109, 1713.80065918, 311.468109131, 214.184112549, 65.3932647705, -26.1280670166, -0.324740886688, 27.0114383698, 83.307510376, -82.3021621704, 32.1379432678, -126.50718689], [481.681243896, -211.281021118, 311.468109131, 644.676818848, -47.6541175842, -51.5441665649, -99.549987793, 58.3532066345, 62.9972190857, -12.9696369171, -38.5559005737, 43.3305358887, -15.883020401], [-1822.9831543, 551.922729492, 214.184112549, -47.6541175842, 687.691467285, -97.904006958, 215.565155029, 60.0971412659, -36.5768318176, 111.501052856, -26.1738986969, -29.3825683594, -9.621966362], [335.504302979, -224.696273804, 65.3932647705, -51.5441665649, -97.904006958, 447.493347168, 145.426696777, -12.2731628418, 35.2414932251, 2.98285245895, 14.97153759, -15.3902988434, -10.6651163101], [-737.410400391, 103.702041626, -26.1280670166, -99.549987793, 215.565155029, 145.426696777, 368.427276611, 31.5692863464, -13.8131027222, 65.0507888794, 29.7657871246, -36.8047981262, 6.87482357025], [-62.5464286804, -70.740447998, -0.324740886688, 58.3532066345, 60.0971412659, -12.2731628418, 31.5692863464, 185.039031982, 52.2249984741, 16.3706531525, -7.28474235535, -0.595316886902, 23.9199962616], [-62.4170188904, -81.2327041626, 27.0114383698, 62.9972190857, -36.5768318176, 35.2414932251, -13.8131027222, 52.2249984741, 159.987533569, -9.11455440521, 4.21332883835, -4.88258504868, -1.01449668407], [-580.299072266, -12.5214443207, 83.307510376, -12.9696369171, 111.501052856, 2.98285245895, 65.0507888794, 16.3706531525, -9.11455440521, 180.669891357, -0.598486542702, 0.38792937994, 2.19603347778], [-5.1036939621, -46.7011451721, -82.3021621704, -38.5559005737, -26.1738986969, 14.97153759, 29.7657871246, -7.28474235535, 4.21332883835, -0.598486542702, 127.246788025, 37.5871543884, 14.3142147064], [-117.841918945, -129.096786499, 32.1379432678, 43.3305358887, -29.3825683594, -15.3902988434, -36.8047981262, -0.595316886902, -4.88258504868, 0.38792937994, 37.5871543884, 115.942962646, 39.9759521484], [59.2197685242, -116.507019043, -126.50718689, -15.883020401, -9.621966362, -10.6651163101, 6.87482357025, 23.9199962616, -1.01449668407, 2.19603347778, 14.3142147064, 39.9759521484, 105.919700623]], "icov": [[0.000403298152378, -0.000909521360882, 0.00106469064485, -0.00098376115784, 0.00114719057456, -0.0010844161734, 0.000689368345775, -0.000623771105893, 0.000642446859274, -0.00017777987523, 0.000285576301394, -0.00025199475931, 5.56958584639e-05], [-0.000909521360882, 0.00315638072789, -0.00242205383256, 0.00249651679769, -0.00349485711195, 0.00287295039743, -0.00151353003457, 0.00188344763592, -0.00138556736056, 0.00099396717269, -0.000687250692863, 0.00127897318453, 0.000682914978825], [0.00106469064485, -0.00242205383256, 0.00363916298375, -0.0029292141553, 0.00268821278587, -0.00318169989623, 0.00203864369541, -0.00156662822701, 0.00161897647195, -0.000760777562391, 0.00119047460612, -0.00135043705814, 0.0011732194107], [-0.00098376115784, 0.00249651679769, -0.0029292141553, 0.00444457028061, -0.00280767236836, 0.00301360688172, -0.00151776138227, 0.0010662486311, -0.0021110738162, 0.000704482663423, -0.000147136684973, -2.65074759227e-05, 0.000365166197298], [0.00114719057456, -0.00349485711195, 0.00268821278587, -0.00280767236836, 0.00648869527504, -0.00229539116845, 0.000191351064132, -0.00267092371359, 0.00202885037288, -0.00167747680098, 0.00140049459878, -0.00125698477495, -0.000407451967476], [-0.0010844161734, 0.00287295039743, -0.00318169989623, 0.00301360688172, -0.00229539116845, 0.00635716598481, -0.00384925259277, 0.00217744032852, -0.00249613495544, 0.000766389712226, -0.000532120058779, 0.000859863648657, 0.00031547510298], [0.000689368345775, -0.00151353003457, 0.00203864369541, -0.00151776138227, 0.000191351064132, -0.00384925259277, 0.00625143572688, -0.00161607586779, 0.00171452492941, -0.00101205951069, -0.00106968241744, 0.00112479669042, -0.000496493710671], [-0.000623771105893, 0.00188344763592, -0.00156662822701, 0.0010662486311, -0.00267092371359, 0.00217744032852, -0.00161607586779, 0.00793455448002, -0.00322572421283, 0.000253463542322, -2.49840977631e-05, 0.000996354967356, -0.00140996358823], [0.000642446859274, -0.00138556736056, 0.00161897647195, -0.0021110738162, 0.00202885037288, -0.00249613495544, 0.00171452492941, -0.00322572421283, 0.0085988836363, -3.7887293729e-05, -0.000433039793279, 0.000594092067331, 0.000201437927899], [-0.00017777987523, 0.00099396717269, -0.000760777562391, 0.000704482663423, -0.00167747680098, 0.000766389712226, -0.00101205951069, 0.000253463542322, -3.7887293729e-05, 0.00679389713332, -0.000148003004142, 0.00021198115428, 0.00012171434355], [0.000285576301394, -0.000687250692863, 0.00119047460612, -0.000147136684973, 0.00140049459878, -0.000532120058779, -0.00106968241744, -2.49840977631e-05, -0.000433039793279, -0.000148003004142, 0.0101628899574, -0.0044398359023, 0.000934064097237], [-0.00025199475931, 0.00127897318453, -0.00135043705814, -2.65074759227e-05, -0.00125698477495, 0.000859863648657, 0.00112479669042, 0.000996354967356, 0.000594092067331, 0.00021198115428, -0.0044398359023, 0.013481689617, -0.00488173309714], [5.56958584639e-05, 0.000682914978825, 0.0011732194107, 0.000365166197298, -0.000407451967476, 0.00031547510298, -0.000496493710671, -0.00140996358823, 0.000201437927899, 0.00012171434355, 0.000934064097237, -0.00488173309714, 0.0136781828478]], "mean": [-100.247695923, 104.071411133, -146.023864746, 12.9511919022, -68.7810974121, 1.16463458538, -47.0074310303, -4.38363933563, -22.3499393463, -12.7688694, -12.0242052078, -1.42306303978, -7.58310079575]}, "hfc": {"dmean": 4.88969421387, "dmean2": 6.60880661011, "dvar": 87.2393188477, "dvar2": 147.813232422, "max": 186.272888184, "mean": 15.2817869186, "median": 6.84793186188, "min": 1.05159841851e-16, "var": 423.691589355}, "melbands": {"dmean": [1.02724097815e-05, 4.68056023237e-05, 0.000102585545392, 0.000101078359876, 0.000227801996516, 0.000169557737536, 7.71469858591e-05, 7.74898435338e-05, 9.55924479058e-05, 0.000110130953544, 0.000237553351326, 0.000130972868646, 4.77664725622e-05, 9.31139293243e-05, 5.32123158337e-05, 2.98912018479e-05, 4.0448121581e-05, 2.52678746619e-05, 1.87273017218e-05, 1.67539255926e-05, 1.29980880956e-05, 8.16006559035e-06, 6.13828342466e-06, 7.1978060987e-06, 2.73507498605e-06, 2.05350897886e-06, 2.48241371992e-06, 2.57887768385e-06, 1.61473064964e-06, 1.1177403394e-06, 9.36891296988e-07, 1.44421437653e-06, 1.8278974494e-06, 1.44040006944e-06, 9.04302680738e-07, 7.85924214597e-07, 4.57840883428e-07, 2.91441438094e-07, 1.88354817965e-07, 1.30013432909e-07], "dmean2": [1.37269307743e-05, 5.86239475524e-05, 0.000143492943607, 0.000150548279635, 0.000332519673975, 0.000253458507359, 0.000110431741632, 0.000117663934361, 0.000142753182445, 0.000162708514836, 0.000348019151716, 0.000184775213711, 6.65922925691e-05, 0.000119767675642, 7.14618654456e-05, 4.21627155447e-05, 5.75922604185e-05, 3.58700999641e-05, 2.74383764918e-05, 2.43322119786e-05, 1.92515053641e-05, 1.21195716929e-05, 8.98173584574e-06, 1.09084503492e-05, 3.99931059292e-06, 3.15474017043e-06, 3.81194195143e-06, 3.98674728785e-06, 2.51018809649e-06, 1.74570186573e-06, 1.42478631915e-06, 2.22361200031e-06, 2.82313180833e-06, 2.24022278417e-06, 1.37567997172e-06, 1.16552610052e-06, 7.00637485807e-07, 4.38247781176e-07, 2.93426182907e-07, 2.02799483873e-07], "dvar": [1.26966592795e-09, 2.22309424203e-08, 7.69883286011e-08, 6.58943619669e-08, 2.68781946033e-07, 1.32173809675e-07, 6.82886565073e-08, 1.06571519609e-07, 1.18234261492e-07, 1.82960548045e-07, 1.02707213046e-06, 2.72954224556e-07, 7.07391620836e-08, 1.52014692389e-07, 4.41743210899e-08, 1.7604142144e-08, 2.64644555159e-08, 6.81794309898e-09, 3.61399932203e-09, 3.82406195598e-09, 1.47654477534e-09, 6.76267208899e-10, 2.54556847823e-10, 3.19953979977e-10, 7.00088945149e-11, 5.85892931393e-11, 1.51049811548e-10, 1.80681539175e-10, 8.63461316336e-11, 6.10682476809e-11, 3.61350012412e-11, 5.9169689981e-11, 5.11811669435e-11, 2.36360844091e-11, 1.21784960588e-11, 1.12764858215e-11, 3.37123883497e-12, 1.51573989905e-12, 5.65086009669e-13, 3.44804913788e-13], "dvar2": [1.83940518372e-09, 3.71350736827e-08, 1.9723474054e-07, 1.21673039644e-07, 5.50871845917e-07, 3.01401030356e-07, 1.24433427118e-07, 2.3785874248e-07, 2.51801253626e-07, 3.96662528601e-07, 2.24274322136e-06, 5.0837610388e-07, 1.30573965862e-07, 2.2574489833e-07, 7.45531778534e-08, 3.12625800802e-08, 4.80027964045e-08, 1.31906485734e-08, 6.86200118949e-09, 7.6631199164e-09, 3.03856828587e-09, 1.52128898367e-09, 5.26944043955e-10, 7.32571836526e-10, 1.36753511293e-10, 1.37010999768e-10, 3.1452709881e-10, 4.02970962154e-10, 1.99847055571e-10, 1.26945648438e-10, 7.49745612816e-11, 1.32621691407e-10, 1.14086941283e-10, 5.35891539477e-11, 2.54862971005e-11, 2.30394557599e-11, 7.13194867746e-12, 3.06934902841e-12, 1.25991903542e-12, 7.66294959344e-13], "max": [0.00108174560592, 0.0033113497775, 0.00685609783977, 0.00917348451912, 0.0138570750132, 0.00900983903557, 0.00933896191418, 0.00997225102037, 0.0107284439728, 0.0121745755896, 0.0231116767973, 0.0162371378392, 0.0113983759657, 0.0128344269469, 0.00673120981082, 0.00609147269279, 0.0048017683439, 0.00295481272042, 0.00407944479957, 0.00352764385752, 0.00117004301865, 0.00105103699025, 0.000794571300503, 0.000562434899621, 0.00054861267563, 0.000254180195043, 0.000618700636551, 0.000577131810132, 0.000366299296729, 0.00034479534952, 0.000229514625971, 0.000249782984611, 0.000209685298614, 0.000148683058796, 9.87999519566e-05, 8.78831197042e-05, 4.13257002947e-05, 4.02711157221e-05, 1.9522749426e-05, 1.96155233425e-05], "mean": [3.3409887692e-05, 0.000167644786416, 0.000245382456342, 0.000199613510631, 0.000573031313252, 0.000333055475494, 0.000146497492096, 0.000120584700198, 0.000170292521943, 0.000173263601027, 0.0003808219044, 0.000270297925454, 8.2782957179e-05, 0.000194111271412, 9.72853886196e-05, 4.94381711178e-05, 6.88504733262e-05, 4.15725844505e-05, 3.24990069203e-05, 2.67435607384e-05, 2.24474697461e-05, 1.62584910868e-05, 1.20549921121e-05, 1.29088657559e-05, 5.2414120546e-06, 3.60762214768e-06, 4.09391850553e-06, 3.73642501472e-06, 2.02170144803e-06, 1.28384340314e-06, 1.08239498786e-06, 1.78029438302e-06, 2.77438743979e-06, 2.17703586713e-06, 1.35912603128e-06, 1.15898978947e-06, 6.81517292378e-07, 4.39728296442e-07, 2.7248293577e-07, 1.72726814185e-07], "median": [7.08091783963e-06, 3.6820245441e-05, 4.80166090711e-05, 5.4304182413e-05, 0.000142130505992, 0.000120476877782, 3.43038445862e-05, 2.31425547099e-05, 2.6788089599e-05, 1.73312691913e-05, 2.71342378255e-05, 1.87996483874e-05, 7.65491313359e-06, 1.09234160846e-05, 1.05283379526e-05, 7.1337171903e-06, 6.72605438012e-06, 4.7347398322e-06, 5.4504507716e-06, 5.17218086316e-06, 4.58896556665e-06, 3.33960815624e-06, 2.62151843344e-06, 3.06980427922e-06, 1.26296549752e-06, 8.13987639958e-07, 9.78534671958e-07, 6.34712705505e-07, 2.75078264167e-07, 9.4736947176e-08, 9.61664028409e-08, 1.5361166561e-07, 3.35274961571e-07, 2.96404152778e-07, 1.56015744324e-07, 8.47462047204e-08, 5.77115741862e-08, 3.49744198047e-08, 2.46482283472e-08, 1.01336183889e-08], "min": [9.31516933599e-25, 6.85426597316e-25, 1.17854142911e-24, 1.16808714857e-24, 1.38122612389e-24, 1.74140670119e-24, 1.20313150542e-24, 1.0108742699e-24, 1.62750603331e-24, 1.23540005796e-24, 2.4288719616e-24, 1.71938249357e-24, 2.98369183852e-24, 1.28472891087e-24, 2.62376576748e-24, 2.93510352879e-24, 2.05606813071e-24, 2.62365690467e-24, 2.34377063322e-24, 2.95645207704e-24, 3.57864580286e-24, 3.72186428906e-24, 3.22563567537e-24, 3.95092937999e-24, 3.48777928177e-24, 4.76780904684e-24, 4.33893692711e-24, 4.2424825098e-24, 4.81902505225e-24, 4.51556446151e-24, 4.66174551484e-24, 4.30537129002e-24, 4.85290150053e-24, 5.74840535609e-24, 4.44088654948e-24, 5.29537792101e-24, 5.61260452898e-24, 5.8168918933e-24, 4.69890086348e-24, 5.23589386445e-24], "var": [7.30487981215e-09, 1.23906616523e-07, 2.41849363647e-07, 2.25809003496e-07, 1.47235061831e-06, 3.28026828811e-07, 2.03588939485e-07, 1.75772157718e-07, 3.02428986743e-07, 3.44098538108e-07, 1.89061188394e-06, 9.5224550023e-07, 1.99521664968e-07, 6.00307998866e-07, 1.462985324e-07, 5.27434629305e-08, 7.39903853741e-08, 1.76251759854e-08, 1.0761239011e-08, 7.69187291638e-09, 3.73972941503e-09, 1.92012739042e-09, 8.66550220469e-10, 7.83786757719e-10, 2.34961328172e-10, 1.00104292911e-10, 2.46813680604e-10, 2.90166751737e-10, 1.09360666356e-10, 9.40240593716e-11, 5.98503538396e-11, 8.00598337625e-11, 8.67735674981e-11, 4.13718920234e-11, 2.46543965798e-11, 2.47674086101e-11, 6.82454223341e-12, 3.10134188296e-12, 1.02717292137e-12, 6.17467340279e-13]}, "melbands_crest": {"dmean": 3.23466777802, "dmean2": 4.96676254272, "dvar": 10.0805425644, "dvar2": 23.0299777985, "max": 34.2344512939, "mean": 15.8251543045, "median": 14.8500499725, "min": 1.59897041321, "var": 42.4218711853}, "melbands_flatness_db": {"dmean": 0.0243658926338, "dmean2": 0.0343808718026, "dvar": 0.000808626937214, "dvar2": 0.00148059159983, "max": 0.535301208496, "mean": 0.223879188299, "median": 0.220406785607, "min": 0.00299752061255, "var": 0.00561170699075}, "melbands_kurtosis": {"dmean": 4.98959827423, "dmean2": 7.63942813873, "dvar": 80.1622085571, "dvar2": 172.620254517, "max": 221.860534668, "mean": 10.1706628799, "median": 4.90214538574, "min": -1.89794123173, "var": 251.43762207}, "melbands_skewness": {"dmean": 0.607724189758, "dmean2": 0.895365715027, "dvar": 0.485289901495, "dvar2": 0.98455619812, "max": 12.3661518097, "mean": 2.05841588974, "median": 1.80939412117, "min": -3.2058391571, "var": 2.78323793411}, "melbands_spread": {"dmean": 7.33610200882, "dmean2": 11.0597305298, "dvar": 226.842773438, "dvar2": 434.189971924, "max": 239.302093506, "mean": 23.9212856293, "median": 16.8886566162, "min": 0.513758897781, "var": 770.129150391}, "mfcc": {"cov": [[9936.67773438, -1056.63195801, -1017.99890137, -450.476715088, -500.231536865, -87.7780075073, -423.982330322, 376.799530029, -254.956512451, 110.420219421, -30.2816791534, -383.123352051, 5.58887052536], [-1056.63195801, 2337.55004883, -284.905548096, 190.663101196, 243.754272461, 31.9977378845, 242.469741821, -126.194122314, 60.9227790833, 9.41671562195, -9.57630443573, 57.1850662231, -1.49214720726], [-1017.99890137, -284.905548096, 1293.26000977, 130.058502197, 143.621749878, 127.415367126, -125.433113098, 70.2755508423, -14.8680028915, -43.2376480103, 0.27057403326, 105.303939819, -32.7366065979], [-450.476715088, 190.663101196, 130.058502197, 710.972839355, 204.349136353, -59.5637817383, -10.8571414948, -25.1125850677, 76.0321655273, -25.3685474396, -49.7413902283, 139.906143188, 27.5142364502], [-500.231536865, 243.754272461, 143.621749878, 204.349136353, 308.931549072, -8.32160377502, -13.5400686264, 26.9902114868, 51.357460022, 8.62864780426, -7.23521184921, 41.4786186218, 18.0186347961], [-87.7780075073, 31.9977378845, 127.415367126, -59.5637817383, -8.32160377502, 322.86630249, 137.79776001, 21.6285457611, 46.100227356, 31.0095462799, 47.170753479, -10.3256177902, 0.687093555927], [-423.982330322, 242.469741821, -125.433113098, -10.8571414948, -13.5400686264, 137.79776001, 329.36328125, 11.9600667953, 70.6239395142, 38.1314430237, 47.8096351624, 14.2266263962, 20.0006008148], [376.799530029, -126.194122314, 70.2755508423, -25.1125850677, 26.9902114868, 21.6285457611, 11.9600667953, 207.430450439, 3.5934343338, 21.4874076843, 19.6405849457, -30.027179718, 11.551404953], [-254.956512451, 60.9227790833, -14.8680028915, 76.0321655273, 51.357460022, 46.100227356, 70.6239395142, 3.5934343338, 198.778778076, 66.3898696899, 9.52764987946, 19.3217716217, 19.1893615723], [110.420219421, 9.41671562195, -43.2376480103, -25.3685474396, 8.62864780426, 31.0095462799, 38.1314430237, 21.4874076843, 66.3898696899, 146.630722046, 37.2588577271, -11.6446943283, 3.58006167412], [-30.2816791534, -9.57630443573, 0.27057403326, -49.7413902283, -7.23521184921, 47.170753479, 47.8096351624, 19.6405849457, 9.52764987946, 37.2588577271, 109.432128906, 8.43416404724, 2.14320516586], [-383.123352051, 57.1850662231, 105.303939819, 139.906143188, 41.4786186218, -10.3256177902, 14.2266263962, -30.027179718, 19.3217716217, -11.6446943283, 8.43416404724, 152.384338379, 27.7427616119], [5.58887052536, -1.49214720726, -32.7366065979, 27.5142364502, 18.0186347961, 0.687093555927, 20.0006008148, 11.551404953, 19.1893615723, 3.58006167412, 2.14320516586, 27.7427616119, 93.4580612183]], "icov": [[0.00016524005332, 1.97587869479e-05, 0.000160544135724, -6.15545359324e-05, 0.00022002273181, -0.000146452148329, 0.00031566619873, -0.000343349820469, 0.000159643182997, -0.00017399105127, 5.46695555386e-05, 0.000164260578458, -7.77965251473e-05], [1.97587869479e-05, 0.000576339312829, 0.000161901800311, -2.61544096247e-06, -0.000563890323974, -1.38771692946e-05, -0.000425738922786, 0.000319292623317, 0.000142948047142, -1.94263029698e-05, 0.000148405670188, -8.88063877937e-05, 0.00022031905246], [0.000160544135724, 0.000161901800311, 0.00128226622473, -4.20125070377e-05, -0.00031972094439, -0.000918694480788, 0.00088495365344, -0.000733065826353, 0.000246271869401, 9.61192490649e-05, 0.000155516332597, -0.000852170982398, 0.000619274214841], [-6.15545359324e-05, -2.61544096247e-06, -4.20125070377e-05, 0.00224220473319, -0.00123175466433, 0.000317595287925, -0.000178731643246, 0.000155980189447, -0.000650437432341, 0.000373977411073, 0.000894321245141, -0.00175442616455, 0.000202443916351], [0.00022002273181, -0.000563890323974, -0.00031972094439, -0.00123175466433, 0.00524826953188, -2.98616214423e-05, 0.00105661025736, -0.00132108537946, -0.00061796529917, -0.000415106420405, -0.000242132489802, 0.000543491274584, -0.000858994899318], [-0.000146452148329, -1.38771692946e-05, -0.000918694480788, 0.000317595287925, -2.98616214423e-05, 0.00466764252633, -0.00222219107673, 0.000472965388326, -0.000707240542397, 6.68192951707e-05, -0.00104223913513, 0.000772550469264, -8.09936464066e-05], [0.00031566619873, -0.000425738922786, 0.00088495365344, -0.000178731643246, 0.00105661025736, -0.00222219107673, 0.00549991521984, -0.00128324620891, -0.000799076631665, -0.00022621419339, -0.000985407852568, -0.000462343654362, -0.000536276085768], [-0.000343349820469, 0.000319292623317, -0.000733065826353, 0.000155980189447, -0.00132108537946, 0.000472965388326, -0.00128324620891, 0.00646000681445, -7.65685308579e-06, -0.000224521572818, -0.000894451804925, 0.0013663378777, -0.000924585096072], [0.000159643182997, 0.000142948047142, 0.000246271869401, -0.000650437432341, -0.00061796529917, -0.000707240542397, -0.000799076631665, -7.65685308579e-06, 0.00719201657921, -0.00324209476821, 0.000875399273355, -9.86518352875e-05, -0.000776517670602], [-0.00017399105127, -1.94263029698e-05, 9.61192490649e-05, 0.000373977411073, -0.000415106420405, 6.68192951707e-05, -0.00022621419339, -0.000224521572818, -0.00324209476821, 0.00934053119272, -0.00273784832098, 0.000472645711852, 0.000319730228512], [5.46695555386e-05, 0.000148405670188, 0.000155516332597, 0.000894321245141, -0.000242132489802, -0.00104223913513, -0.000985407852568, -0.000894451804925, 0.000875399273355, -0.00273784832098, 0.0115965558216, -0.00197262293659, 0.000410835287767], [0.000164260578458, -8.88063877937e-05, -0.000852170982398, -0.00175442616455, 0.000543491274584, 0.000772550469264, -0.000462343654362, 0.0013663378777, -9.86518352875e-05, 0.000472645711852, -0.00197262293659, 0.0101162167266, -0.00292921625078], [-7.77965251473e-05, 0.00022031905246, 0.000619274214841, 0.000202443916351, -0.000858994899318, -8.09936464066e-05, -0.000536276085768, -0.000924585096072, -0.000776517670602, 0.000319730228512, 0.000410835287767, -0.00292921625078, 0.0122680300847]], "mean": [-725.922058105, 131.494949341, -21.5992145538, 5.82329368591, -4.19667577744, -4.68986082077, -15.365447998, 2.45571637154, -14.665851593, -4.39804029465, -9.55296039581, -8.84501838684, -1.164473176]}, "pitch_salience": {"dmean": 0.0676046684384, "dmean2": 0.104052022099, "dvar": 0.00449588289484, "dvar2": 0.0100130261853, "max": 0.884985506535, "mean": 0.544106721878, "median": 0.552518844604, "min": 0.0631589815021, "var": 0.0185142382979}, "silence_rate_20dB": {"dmean": 0, "dmean2": 0, "dvar": 0, "dvar2": 0, "max": 1, "mean": 1, "median": 1, "min": 1, "var": 0}, "silence_rate_30dB": {"dmean": 0.00216900138184, "dmean2": 0.00433839485049, "dvar": 0.00216391473077, "dvar2": 0.00558514567092, "max": 1, "mean": 0.998283028603, "median": 1, "min": 0, "var": 0.00171422143467}, "silence_rate_60dB": {"dmean": 0.0641662925482, "dmean2": 0.1283441782, "dvar": 0.0600447319448, "dvar2": 0.122722819448, "max": 1, "mean": 0.214440628886, "median": 0, "min": 0, "var": 0.168457061052}, "spectral_centroid": {"dmean": 232.135971069, "dmean2": 338.800842285, "dvar": 148336.671875, "dvar2": 257757.875, "max": 11845.8300781, "mean": 1306.28637695, "median": 1077.01037598, "min": 160.19078064, "var": 1777173.25}, "spectral_complexity": {"dmean": 2.15815639496, "dmean2": 3.26626896858, "dvar": 6.71084070206, "dvar2": 13.1089248657, "max": 46, "mean": 10.8500814438, "median": 10, "min": 0, "var": 37.2046852112}, "spectral_contrast_coeffs": {"dmean": [0.0411166585982, 0.0460764989257, 0.040685724467, 0.0339502505958, 0.0251103080809, 0.0207715686411], "dmean2": [0.0644694790244, 0.0731002986431, 0.0619935132563, 0.0520622767508, 0.0383562557399, 0.031584829092], "dvar": [0.00131266459357, 0.00170499156229, 0.00144973443821, 0.000909709895495, 0.000524820061401, 0.000412689405493], "dvar2": [0.00297975190915, 0.00404878845438, 0.00285760033876, 0.00187047093641, 0.00108936545439, 0.000818592496216], "max": [-0.241826683283, -0.349579572678, -0.321145504713, -0.474114477634, -0.530284583569, -0.480404704809], "mean": [-0.579929769039, -0.677877664566, -0.724969089031, -0.7483933568, -0.765907943249, -0.779789805412], "median": [-0.579584956169, -0.683650255203, -0.748401761055, -0.754661262035, -0.766165494919, -0.779908776283], "min": [-0.982681691647, -0.980465888977, -0.97807765007, -0.972353637218, -0.966501116753, -0.965867042542], "var": [0.010858845897, 0.00877935625613, 0.0114409541711, 0.00582782179117, 0.00449761142954, 0.00284296274185]}, "spectral_contrast_valleys": {"dmean": [0.369009882212, 0.365476340055, 0.326585888863, 0.304328083992, 0.304155170918, 0.334899187088], "dmean2": [0.605242908001, 0.576101005077, 0.512677192688, 0.46900343895, 0.431201070547, 0.456646054983], "dvar": [0.136014401913, 0.119633227587, 0.102014914155, 0.104980967939, 0.128009229898, 0.198352903128], "dvar2": [0.2965079844, 0.254872709513, 0.208308309317, 0.197447180748, 0.217259690166, 0.316030353308], "max": [-6.48786783218, -5.22447729111, -5.39337062836, -5.86359453201, -6.01884555817, -7.7677989006], "mean": [-9.25725746155, -7.79641389847, -8.23483657837, -8.6872215271, -8.81143665314, -11.394777298], "median": [-8.97909736633, -7.47442626953, -7.88375759125, -8.33640384674, -8.43539714813, -11.1205453873], "min": [-28.3821430206, -28.311132431, -27.8448257446, -27.7605113983, -27.5511608124, -27.4722137451], "var": [5.33801746368, 5.84137630463, 5.69044876099, 5.48005342484, 5.47544431686, 4.73613023758]}, "spectral_decrease": {"dmean": 1.092353763e-09, "dmean2": 1.49641343761e-09, "dvar": 3.87814241696e-18, "dvar2": 6.84044948485e-18, "max": 2.25414885144e-28, "mean": -3.7371914452e-09, "median": -2.09425143893e-09, "min": -3.65903929378e-08, "var": 1.90553693421e-17}, "spectral_energy": {"dmean": 0.00450600823388, "dmean2": 0.00616942811757, "dvar": 6.56081028865e-05, "dvar2": 0.000114644448331, "max": 0.149088203907, "mean": 0.0154911344871, "median": 0.00867712404579, "min": 9.9882527486e-21, "var": 0.000329146248987}, "spectral_energyband_high": {"dmean": 0.000228199802223, "dmean2": 0.000333529984346, "dvar": 7.69606856466e-07, "dvar2": 1.47678633766e-06, "max": 0.0296196285635, "mean": 0.000382884463761, "median": 7.79458423494e-05, "min": 7.02820227466e-21, "var": 1.53464770847e-06}, "spectral_energyband_low": {"dmean": 0.000310769828502, "dmean2": 0.000376074749511, "dvar": 5.95781727952e-07, "dvar2": 1.12092959625e-06, "max": 0.0175400786102, "mean": 0.00100474432111, "median": 0.000238430395257, "min": 8.21220058439e-24, "var": 2.99969906337e-06}, "spectral_energyband_middle_high": {"dmean": 0.00240070209838, "dmean2": 0.00316745578311, "dvar": 3.81922363886e-05, "dvar2": 6.29569767625e-05, "max": 0.13616412878, "mean": 0.00698427576572, "median": 0.00163392303512, "min": 1.13596939704e-21, "var": 0.000196050401428}, "spectral_energyband_middle_low": {"dmean": 0.00308752967976, "dmean2": 0.00448003457859, "dvar": 3.50820009771e-05, "dvar2": 7.45740762795e-05, "max": 0.124459289014, "mean": 0.00803765468299, "median": 0.00462272111326, "min": 1.54033674551e-22, "var": 9.83145291684e-05}, "spectral_entropy": {"dmean": 0.19216658175, "dmean2": 0.271634548903, "dvar": 0.0489903129637, "dvar2": 0.0885642766953, "max": 9.82973766327, "mean": 7.13158273697, "median": 7.10211610794, "min": 4.74841117859, "var": 0.369052022696}, "spectral_flux": {"dmean": 0.0211316943169, "dmean2": 0.0334657169878, "dvar": 0.000710253603756, "dvar2": 0.00166425458156, "max": 0.333792805672, "mean": 0.0557780861855, "median": 0.0454166419804, "min": 6.27946375453e-11, "var": 0.00189364608377}, "spectral_kurtosis": {"dmean": 2.99376487732, "dmean2": 4.95435619354, "dvar": 10.8792181015, "dvar2": 28.1768455505, "max": 69.6401062012, "mean": 7.16179895401, "median": 5.75752687454, "min": -1.32261753082, "var": 35.6954689026}, "spectral_rms": {"dmean": 0.000537844840437, "dmean2": 0.000710182473995, "dvar": 5.40619851108e-07, "dvar2": 8.36837784846e-07, "max": 0.0120603442192, "mean": 0.00332401506603, "median": 0.00290955090895, "min": 3.12164009919e-12, "var": 4.06421622756e-06}, "spectral_rolloff": {"dmean": 443.860687256, "dmean2": 741.618713379, "dvar": 886706.1875, "dvar2": 1756720.125, "max": 19638.28125, "mean": 1811.29797363, "median": 1248.92578125, "min": 107.666015625, "var": 6321716.5}, "spectral_skewness": {"dmean": 0.336133152246, "dmean2": 0.524600923061, "dvar": 0.111302696168, "dvar2": 0.242943093181, "max": 6.86155128479, "mean": 1.82313096523, "median": 1.75681233406, "min": -0.416456639767, "var": 0.632734775543}, "spectral_spread": {"d