{"lowlevel": {"average_loudness": 0.610780835152, "barkbands": {"dmean": [5.99439335929e-05, 0.00319763482548, 0.000997786410153, 0.000517321517691, 0.00153178314213, 0.00079592486145, 0.000997056253254, 0.00111932493746, 0.000714928319212, 0.000544183014426, 0.000308278162265, 0.000223657654715, 0.00019036604499, 0.000148616425577, 0.000123792997329, 0.00017638465215, 0.000163479577168, 6.95584094501e-05, 0.000140771517181, 9.59244280239e-05, 6.88483851263e-05, 8.53045348777e-05, 7.68888858147e-05, 6.50781512377e-05, 3.30357179337e-05, 3.59855221177e-06, 6.81705927263e-08], "dmean2": [9.62500344031e-05, 0.00547751085833, 0.00166765588801, 0.000884797947947, 0.00250676646829, 0.00122276437469, 0.00146525411401, 0.00163216481451, 0.0010814393172, 0.000789475860074, 0.000454047025414, 0.000343849649653, 0.000291686505079, 0.000228805220104, 0.000189789905562, 0.000276098377071, 0.000249197037192, 0.000108632179035, 0.000213296996662, 0.000146853300976, 0.00010866393859, 0.000129289081087, 0.000113083246106, 9.75070142886e-05, 4.98158187838e-05, 5.82696065976e-06, 1.28850530245e-07], "dvar": [6.66081589884e-08, 0.00023586351017, 1.36960225063e-05, 2.32384445553e-06, 1.74756132765e-05, 6.06724142926e-06, 8.0221616372e-06, 1.25719207063e-05, 5.10869313075e-06, 3.17843841913e-06, 1.72636634943e-06, 5.95038841311e-07, 4.04733754067e-07, 2.26834345085e-07, 1.82941320759e-07, 3.50425835904e-07, 2.50672371749e-07, 3.73278616905e-08, 1.55913738809e-07, 1.47698997921e-07, 2.51773087712e-07, 7.26167925791e-08, 5.59056339e-08, 8.73507204346e-08, 2.76421090462e-08, 4.01310401577e-10, 9.09475348764e-13], "dvar2": [1.58370724535e-07, 0.000625211105216, 3.86670290027e-05, 6.69785777063e-06, 4.77286848763e-05, 1.3155787201e-05, 1.58729690156e-05, 2.60048491327e-05, 1.12325969894e-05, 6.53728375255e-06, 3.68986047761e-06, 1.30366947815e-06, 8.66914319886e-07, 5.0414882935e-07, 4.16980014961e-07, 8.04248941222e-07, 6.02300701757e-07, 8.86733175776e-08, 3.49209472006e-07, 3.73570713919e-07, 7.43503051126e-07, 1.60167317631e-07, 1.12507180461e-07, 1.84368403211e-07, 5.75267335989e-08, 1.0124290295e-09, 2.55929782575e-12], "max": [0.00352946040221, 0.238240718842, 0.079978890717, 0.033673606813, 0.10399864614, 0.0632442981005, 0.0939215123653, 0.137763559818, 0.0558549016714, 0.0671809539199, 0.0517910383642, 0.0202316697687, 0.0212765261531, 0.0207826197147, 0.0180717390031, 0.01708406955, 0.0227167811245, 0.00459453463554, 0.00903532747179, 0.0203071348369, 0.0351117551327, 0.00706879980862, 0.00789011828601, 0.0105204451829, 0.00887277070433, 0.0006055587437, 4.55424014945e-05], "mean": [5.73870529479e-05, 0.00534857064486, 0.002897832077, 0.000950152403675, 0.00258730631322, 0.00135347258765, 0.00191610888578, 0.00191297754645, 0.00123847380746, 0.00104795501102, 0.000540822802577, 0.000358372897608, 0.000308559829136, 0.000278705585515, 0.000200455790036, 0.00028940467746, 0.000265364476945, 0.000120572280139, 0.000252191966865, 0.000167247490026, 0.000115266673674, 0.000138994844747, 0.000129780601128, 0.00010597196524, 5.14382336405e-05, 3.51955532096e-06, 4.21748822532e-08], "median": [6.87470674166e-06, 0.00200938386843, 0.0014343445655, 0.000351946393494, 0.00109966681339, 0.000355507800123, 0.000365402171155, 0.000208443263546, 0.000228281351156, 0.000197375731659, 6.59562356304e-05, 5.91293865e-05, 6.40446087345e-05, 4.68466787424e-05, 3.64063671441e-05, 5.14996208949e-05, 5.27401207364e-05, 3.54455733032e-05, 5.62644781894e-05, 3.47574241459e-05, 1.88320445886e-05, 2.10040398088e-05, 1.77522797458e-05, 1.39856256283e-05, 6.1424998421e-06, 1.95556111748e-07, 4.61244153982e-10], "min": [6.47409428002e-24, 8.98928931833e-24, 7.66061957313e-24, 7.67112483381e-24, 1.24149335765e-23, 1.60580431203e-23, 1.22834415076e-23, 5.21727359164e-23, 5.28906182728e-23, 3.99297535069e-23, 3.67886513773e-23, 3.9586270847e-23, 3.80304699034e-23, 5.79190574964e-23, 8.179056909e-23, 1.19995752751e-22, 1.443076633e-22, 1.80719589419e-22, 2.46007649067e-22, 1.87188438168e-22, 2.15959899321e-22, 4.26414180613e-22, 5.46594223894e-22, 6.39272935187e-22, 1.34236741867e-21, 1.82237804611e-21, 2.22732132615e-21], "var": [5.90168767189e-08, 0.000186523771845, 1.79640974238e-05, 2.93635503112e-06, 2.13483817788e-05, 1.0926084542e-05, 2.78936458926e-05, 3.25874680129e-05, 1.20292434076e-05, 9.49914556259e-06, 4.46530339104e-06, 1.44785315115e-06, 1.04294838366e-06, 1.00898375877e-06, 4.02176397074e-07, 7.32720764063e-07, 4.461759886e-07, 6.5842272079e-08, 3.37109412385e-07, 3.28172149011e-07, 3.7264115349e-07, 1.41921034924e-07, 1.33002814096e-07, 1.69499770664e-07, 5.80027901265e-08, 3.76918746214e-10, 5.4694080211e-13]}, "barkbands_crest": {"dmean": 2.2100610733, "dmean2": 3.50827908516, "dvar": 6.12536334991, "dvar2": 15.4360017776, "max": 26.452123642, "mean": 10.4759845734, "median": 9.68913459778, "min": 2.83524751663, "var": 16.6125717163}, "barkbands_flatness_db": {"dmean": 0.0201409570873, "dmean2": 0.0301581900567, "dvar": 0.000481462513562, "dvar2": 0.00107199139893, "max": 0.435719192028, "mean": 0.177217498422, "median": 0.172495871782, "min": 0.0324182771146, "var": 0.00250857765786}, "barkbands_kurtosis": {"dmean": 3.95059394836, "dmean2": 6.28135681152, "dvar": 201.974884033, "dvar2": 540.238830566, "max": 558.741699219, "mean": 6.94029712677, "median": 3.09528183937, "min": -1.93010175228, "var": 239.444290161}, "barkbands_skewness": {"dmean": 0.543485462666, "dmean2": 0.811091423035, "dvar": 0.636465251446, "dvar2": 1.46904063225, "max": 20.2869682312, "mean": 1.81213414669, "median": 1.59046471119, "min": -4.05668354034, "var": 2.16489124298}, "barkbands_spread": {"dmean": 4.72732782364, "dmean2": 7.10006189346, "dvar": 53.8778877258, "dvar2": 108.715751648, "max": 108.037918091, "mean": 18.7207832336, "median": 14.729054451, "min": 0.302819550037, "var": 219.380767822}, "dissonance": {"dmean": 0.022563541308, "dmean2": 0.0377172231674, "dvar": 0.000466610072181, "dvar2": 0.00124158104882, "max": 0.499996602535, "mean": 0.45208132267, "median": 0.460143387318, "min": 0.251280993223, "var": 0.00128050893545}, "dynamic_complexity": 4.91641664505, "erbbands": {"dmean": [0.0786023139954, 0.775509238243, 1.29475843906, 1.34877800941, 3.57387661934, 5.45660495758, 5.50238227844, 7.41249608994, 12.2466945648, 20.4630088806, 22.0015468597, 16.4476795197, 13.9874849319, 16.2534809113, 11.6507329941, 8.92651176453, 7.9662976265, 7.99499368668, 6.69216489792, 7.0337305069, 9.03455543518, 8.54284667969, 3.83151435852, 5.11049938202, 7.38974428177, 4.28840398788, 3.16666841507, 2.4988527298, 2.78322076797, 3.24335360527, 1.98652911186, 1.17710769176, 1.22326421738, 0.568667292595, 0.138616099954, 0.0267970804125, 0.00531645677984, 0.000355253054295, 1.73061689566e-05, 9.51967194851e-06], "dmean2": [0.1326187253, 1.34640944004, 2.21398544312, 2.232878685, 6.10793638229, 8.72647953033, 8.7438583374, 11.4177417755, 17.8436222076, 29.849275589, 32.5264511108, 24.5432949066, 20.1576309204, 23.5002593994, 17.2885818481, 13.5740299225, 11.9771728516, 12.0761737823, 10.0983095169, 10.9004449844, 13.9570894241, 12.9333305359, 5.78626441956, 7.73191595078, 11.0789470673, 6.55057907104, 5.05584716797, 3.80390453339, 4.22964572906, 4.78579950333, 2.91939854622, 1.7512229681, 1.84730017185, 0.86322247982, 0.212639018893, 0.0421935021877, 0.00899721495807, 0.000610093062278, 2.83523222606e-05, 1.43905717778e-05], "dvar": [0.144471794367, 14.0116291046, 27.9029064178, 16.3931732178, 158.509429932, 184.118591309, 188.869369507, 647.769897461, 1513.87792969, 4414.91650391, 6190.74902344, 3145.14135742, 1938.24987793, 4917.42382812, 1704.17810059, 881.121337891, 669.559936523, 683.009521484, 495.114776611, 623.580932617, 898.808105469, 621.007324219, 109.788513184, 184.65574646, 465.848480225, 369.021240234, 1011.9041748, 67.8813705444, 87.505607605, 94.3632049561, 41.0725669861, 24.3877258301, 33.8991622925, 8.17078781128, 0.522543728352, 0.0218906607479, 0.00131336809136, 5.89373667026e-06, 1.77427708081e-08, 4.43040382159e-10], "dvar2": [0.370969951153, 38.1159362793, 77.4478607178, 46.5312538147, 449.973999023, 482.105133057, 476.990722656, 1434.15380859, 2739.84960938, 8748.08691406, 12931.2607422, 6599.33642578, 3666.41333008, 10254.6962891, 3565.64404297, 1988.89025879, 1408.20239258, 1444.56335449, 1061.41064453, 1493.72766113, 2030.50463867, 1376.28662109, 249.570739746, 417.610839844, 1046.03723145, 951.747314453, 3019.38232422, 157.365859985, 194.435958862, 197.860977173, 82.4105453491, 51.4677963257, 73.7521743774, 17.144329071, 1.18894577026, 0.0547566488385, 0.00341102411039, 1.46695274452e-05, 4.87646367731e-08, 1.06906261621e-09], "max": [4.38500165939, 63.3998832703, 88.0606613159, 104.988334656, 312.599609375, 312.81640625, 286.98449707, 747.594604492, 1449.48095703, 1922.14477539, 3708.17114258, 1578.85546875, 1616.66113281, 3045.32397461, 1580.48876953, 723.262084961, 971.883666992, 1182.4934082, 1096.9777832, 876.186767578, 1148.30883789, 698.723083496, 267.633666992, 361.313812256, 545.524719238, 1044.46557617, 2349.95117188, 196.781143188, 237.029098511, 272.06439209, 230.853149414, 168.910720825, 196.771789551, 164.491775513, 37.8357887268, 7.02610111237, 1.22445547581, 0.108513362706, 0.00733821699396, 0.000362333608791], "mean": [0.0959081277251, 1.38437473774, 3.59037685394, 3.36323976517, 5.33837795258, 9.23731994629, 9.45015621185, 12.5919313431, 24.2659549713, 39.9639129639, 36.4285583496, 29.0814228058, 27.7927761078, 32.4630813599, 21.8869895935, 15.4687242508, 14.000954628, 15.5968780518, 12.0489330292, 11.6471223831, 15.7699556351, 15.001914978, 7.16726636887, 9.49683952332, 13.4308137894, 8.01681804657, 5.37074613571, 4.25184202194, 4.5737786293, 5.31174182892, 3.3367433548, 1.95435380936, 1.9062268734, 0.913670539856, 0.186223313212, 0.0301030706614, 0.00467100879177, 0.000305739260511, 2.61769619101e-05, 2.8152955565e-05], "median": [0.0350009351969, 0.521815180779, 1.72584605217, 1.5759832859, 2.02829170227, 3.40984177589, 3.20305919647, 3.25552821159, 5.47160625458, 6.05715847015, 5.74893093109, 5.66508197784, 6.1128282547, 5.39465141296, 3.81467437744, 3.28326153755, 3.12240314484, 2.64824557304, 2.36305832863, 2.29541540146, 3.07514619827, 3.26086235046, 2.06699466705, 2.64399170876, 2.8761703968, 1.73409581184, 0.978597283363, 0.741144895554, 0.705810427666, 0.687719941139, 0.47481572628, 0.281303614378, 0.227810442448, 0.112227752805, 0.0208819657564, 0.00301293144003, 0.00026870862348, 2.92323165922e-05, 1.09882485049e-05, 1.82702606253e-05], "min": [4.28875224689e-22, 1.8752386435e-21, 6.93836835987e-21, 1.92890618626e-20, 3.66673785155e-20, 6.1511496182e-20, 7.62329846399e-20, 1.70907095082e-19, 4.09587915334e-19, 4.50923914152e-19, 1.51702432461e-18, 1.35703342867e-18, 8.32662079978e-19, 2.30313200763e-18, 1.1006492114e-18, 2.30864909552e-18, 2.29582055819e-18, 2.58253025069e-18, 3.1517812658e-18, 5.34515385076e-18, 8.58465658655e-18, 9.94270351826e-18, 9.82607436061e-18, 1.00418502137e-17, 1.45309478175e-17, 9.23570976717e-18, 9.49672826382e-18, 1.44053139717e-17, 1.6310410184e-17, 1.29084917758e-17, 1.70401753902e-17, 1.09011138535e-17, 1.27329764575e-17, 1.28849287088e-17, 1.15559058904e-17, 6.74012447066e-18, 3.11532079876e-18, 1.47160156242e-18, 2.87481813905e-19, 3.24628194619e-20], "var": [0.109446808696, 10.9848251343, 32.6367874146, 24.798374176, 142.230133057, 280.725280762, 322.803955078, 1079.4597168, 5668.34960938, 14752.0693359, 13894.3037109, 7821.65039062, 5852.49316406, 14900.9580078, 5041.95751953, 2083.43774414, 1908.37365723, 3216.08837891, 1345.96618652, 1090.24194336, 2042.09814453, 1295.76794434, 220.52947998, 386.222961426, 1040.5826416, 895.249145508, 1471.61999512, 129.867843628, 166.536636353, 212.799743652, 93.7433624268, 47.8456497192, 64.3579711914, 18.3486919403, 0.759329199791, 0.021562717855, 0.00107618549373, 5.30635634277e-06, 1.26302621695e-08, 9.53452761188e-10]}, "erbbands_crest": {"dmean": 2.73372387886, "dmean2": 4.2873339653, "dvar": 7.16021442413, "dvar2": 16.9037494659, "max": 32.7176437378, "mean": 10.4973125458, "median": 9.14683532715, "min": 2.26277804375, "var": 28.0157413483}, "erbbands_flatness_db": {"dmean": 0.0169937554747, "dmean2": 0.0242781769484, "dvar": 0.0002621175081, "dvar2": 0.000528824108187, "max": 0.365540146828, "mean": 0.176539823413, "median": 0.17486949265, "min": 0.0472762361169, "var": 0.00188602309208}, "erbbands_kurtosis": {"dmean": 1.17219948769, "dmean2": 1.79949641228, "dvar": 4.63629198074, "dvar2": 9.81281471252, "max": 87.9278869629, "mean": 1.30432772636, "median": 0.175008296967, "min": -1.79581058025, "var": 17.9001426697}, "erbbands_skewness": {"dmean": 0.368924885988, "dmean2": 0.55695605278, "dvar": 0.146020054817, "dvar2": 0.311085581779, "max": 8.48080158234, "mean": 0.616461396217, "median": 0.594155430794, "min": -4.55309438705, "var": 0.895531177521}, "erbbands_spread": {"dmean": 7.85374212265, "dmean2": 11.7150440216, "dvar": 83.9975814819, "dvar2": 186.896682739, "max": 157.782852173, "mean": 38.0027961731, "median": 34.6767082214, "min": 2.33089661598, "var": 407.367431641}, "gfcc": {"cov": [[14849.7021484, 681.445495605, -457.000610352, 687.958984375, -639.57421875, 239.729522705, -459.262786865, 269.684997559, 137.035858154, 18.9039955139, 138.768722534, -51.5551376343, -61.5626564026], [681.445495605, 1497.2935791, 198.100158691, -23.7504615784, 358.013153076, -146.047454834, 208.127258301, -35.8871536255, 124.510696411, -94.9187545776, 173.597946167, -62.0393753052, 58.6634788513], [-457.000610352, 198.100158691, 999.112243652, 197.148086548, 147.313369751, 71.7481002808, 14.9322023392, 18.4415378571, -4.44958496094, 72.633140564, -34.9663505554, 67.1493911743, -33.8267440796], [687.958984375, -23.7504615784, 197.148086548, 454.336730957, 75.1544418335, 67.3741607666, -51.8918571472, -31.5739917755, 70.1007843018, 7.49734067917, 20.3050384521, -7.66229963303, 33.877948761], [-639.57421875, 358.013153076, 147.313369751, 75.1544418335, 451.829406738, 32.3450050354, 108.427070618, 15.7362375259, 25.357629776, 27.7060508728, 17.9844379425, 28.1186676025, -5.35165405273], [239.729522705, -146.047454834, 71.7481002808, 67.3741607666, 32.3450050354, 242.273330688, 79.2387619019, 42.211353302, -20.9447441101, 18.0583934784, -17.3620986938, 18.0847988129, -4.42888402939], [-459.262786865, 208.127258301, 14.9322023392, -51.8918571472, 108.427070618, 79.2387619019, 291.617492676, 51.1741256714, -11.8292989731, -7.47972345352, 31.2976112366, 1.1785595417, 10.4210863113], [269.684997559, -35.8871536255, 18.4415378571, -31.5739917755, 15.7362375259, 42.211353302, 51.1741256714, 169.027816772, 14.5494623184, 12.8055887222, -2.23943686485, 3.33312273026, -23.1970005035], [137.035858154, 124.510696411, -4.44958496094, 70.1007843018, 25.357629776, -20.9447441101, -11.8292989731, 14.5494623184, 164.100341797, 1.80848658085, 23.2923603058, -33.4845848083, 8.47769451141], [18.9039955139, -94.9187545776, 72.633140564, 7.49734067917, 27.7060508728, 18.0583934784, -7.47972345352, 12.8055887222, 1.80848658085, 135.073242188, -8.91138458252, 17.4170589447, -29.0975036621], [138.768722534, 173.597946167, -34.9663505554, 20.3050384521, 17.9844379425, -17.3620986938, 31.2976112366, -2.23943686485, 23.2923603058, -8.91138458252, 136.784347534, -12.4894065857, 21.9129543304], [-51.5551376343, -62.0393753052, 67.1493911743, -7.66229963303, 28.1186676025, 18.0847988129, 1.1785595417, 3.33312273026, -33.4845848083, 17.4170589447, -12.4894065857, 117.112602234, 6.35053539276], [-61.5626564026, 58.6634788513, -33.8267440796, 33.877948761, -5.35165405273, -4.42888402939, 10.4210863113, -23.1970005035, 8.47769451141, -29.0975036621, 21.9129543304, 6.35053539276, 106.568618774]], "icov": [[0.000174559347215, -0.000477761088405, 0.000287214177661, -0.000493009923957, 0.000568398216274, -0.000463274802314, 0.000495339918416, -0.000535469502211, 0.00027354437043, -0.000348483037669, 0.00017234236293, -0.000296869140584, 0.000321367580909], [-0.000477761088405, 0.00286592240445, -0.00129599496722, 0.00184973748401, -0.00261301966384, 0.00221954681911, -0.00215149321593, 0.00195300218184, -0.00162335322239, 0.00203646044247, -0.00185513251927, 0.00152730278205, -0.00128086993936], [0.000287214177661, -0.00129599496722, 0.00188886001706, -0.00156723335385, 0.001049665967, -0.00107911019586, 0.000962921360042, -0.00113994302228, 0.000881546351593, -0.00133319350425, 0.00102637370583, -0.00130683288444, 0.00107536581345], [-0.000493009923957, 0.00184973748401, -0.00156723335385, 0.00475137680769, -0.002425882034, 0.000293796008918, -0.000586274720263, 0.00232127890922, -0.00228648167104, 0.00144294789061, -0.00146945205051, 0.00153652566951, -0.00207149866037], [0.000568398216274, -0.00261301966384, 0.001049665967, -0.002425882034, 0.00530068855733, -0.00190294685308, 0.000950942921918, -0.00196593231522, 0.00105754169635, -0.00222263135947, 0.00138935039286, -0.00213747262023, 0.00168800470419], [-0.000463274802314, 0.00221954681911, -0.00107911019586, 0.000293796008918, -0.00190294685308, 0.00725121144205, -0.00349401705898, 0.000610391667578, -0.00030327794957, 0.00104917795397, -0.000354342686478, 0.000733290682547, -0.000905273249373], [0.000495339918416, -0.00215149321593, 0.000962921360042, -0.000586274720263, 0.000950942921918, -0.00349401705898, 0.0066891098395, -0.00270492793061, 0.00149675109424, -0.00105322280433, -2.86475051325e-06, -0.000620693783276, 0.000253101490671], [-0.000535469502211, 0.00195300218184, -0.00113994302228, 0.00232127890922, -0.00196593231522, 0.000610391667578, -0.00270492793061, 0.00871497299522, -0.00237333145924, 0.0012026297627, -0.000963153375778, 0.000786381016951, 0.000272330013104], [0.00027354437043, -0.00162335322239, 0.000881546351593, -0.00228648167104, 0.00105754169635, -0.00030327794957, 0.00149675109424, -0.00237333145924, 0.00840207096189, -0.00158582406584, 0.000323873216985, 0.00111256667878, 0.00020157128165], [-0.000348483037669, 0.00203646044247, -0.00133319350425, 0.00144294789061, -0.00222263135947, 0.00104917795397, -0.00105322280433, 0.0012026297627, -0.00158582406584, 0.00984998047352, -0.00137884542346, 2.25443409363e-06, 0.00119151582476], [0.00017234236293, -0.00185513251927, 0.00102637370583, -0.00146945205051, 0.00138935039286, -0.000354342686478, -2.86475051325e-06, -0.000963153375778, 0.000323873216985, -0.00137884542346, 0.00963408593088, -0.000485586526338, -0.000594934565015], [-0.000296869140584, 0.00152730278205, -0.00130683288444, 0.00153652566951, -0.00213747262023, 0.000733290682547, -0.000620693783276, 0.000786381016951, 0.00111256667878, 2.25443409363e-06, -0.000485586526338, 0.010846696794, -0.00239491369575], [0.000321367580909, -0.00128086993936, 0.00107536581345, -0.00207149866037, 0.00168800470419, -0.000905273249373, 0.000253101490671, 0.000272330013104, 0.00020157128165, 0.00119151582476, -0.000594934565015, -0.00239491369575, 0.0119302449748]], "mean": [-61.5861930847, 115.597396851, -121.557952881, 44.3015518188, -70.2122192383, 18.6815681458, -34.967502594, 11.1763067245, -16.0630130768, -7.63548374176, -5.93482065201, -10.7270917892, -3.93939161301]}, "hfc": {"dmean": 4.80575656891, "dmean2": 6.74646377563, "dvar": 84.3022994995, "dvar2": 172.905487061, "max": 183.405960083, "mean": 14.6943063736, "median": 7.09604310989, "min": 1.19829433411e-16, "var": 340.402679443}, "melbands": {"dmean": [0.000810684286989, 0.000800477224402, 0.000278584833723, 0.000335039163474, 0.000205537100555, 0.00016419737949, 0.000186809847946, 0.000229280878557, 0.000169610168086, 0.000101262710814, 7.06676437403e-05, 6.97253635735e-05, 4.0831953811e-05, 3.02135304082e-05, 2.04068674066e-05, 1.69661780092e-05, 1.51467493197e-05, 1.13524602057e-05, 8.38142750581e-06, 1.07606711026e-05, 1.25800252135e-05, 9.71367717284e-06, 5.47527588424e-06, 3.12184351969e-06, 4.41801512352e-06, 6.29835722066e-06, 4.43099770564e-06, 2.81721554529e-06, 2.16209627979e-06, 1.59984131187e-06, 1.52778920892e-06, 1.6017706912e-06, 1.82848873465e-06, 1.87852265299e-06, 1.34435924792e-06, 7.17521572824e-07, 7.87773331012e-07, 9.37292384151e-07, 7.25204301943e-07, 4.37132172237e-07], "dmean2": [0.00137180380989, 0.00136169104371, 0.000468939571874, 0.00055306131253, 0.000324957480188, 0.000250686396612, 0.000272090052022, 0.000336882018019, 0.000253279256867, 0.000151550601004, 0.000102676844108, 0.000101257101051, 6.06139583397e-05, 4.50375846412e-05, 3.19594000757e-05, 2.54222341027e-05, 2.31081394304e-05, 1.74606393557e-05, 1.28617839437e-05, 1.7130836568e-05, 1.95337834157e-05, 1.48850886035e-05, 8.36095841805e-06, 4.87502757096e-06, 6.74835473546e-06, 9.47633907344e-06, 6.75166802466e-06, 4.38439246864e-06, 3.45033049598e-06, 2.52853101301e-06, 2.35234642787e-06, 2.47929961006e-06, 2.77202343568e-06, 2.82313567368e-06, 2.01145689971e-06, 1.08299047952e-06, 1.20183540275e-06, 1.43087504512e-06, 1.10859457436e-06, 6.68970812967e-07], "dvar": [1.52811226144e-05, 1.20279519251e-05, 6.82212487391e-07, 1.09570726181e-06, 2.24484011824e-07, 2.83400794387e-07, 3.11125262442e-07, 5.09960386808e-07, 3.50722757503e-07, 1.21932927755e-07, 4.9437357319e-08, 8.56558841633e-08, 2.67807536147e-08, 1.13586002826e-08, 4.47061410114e-09, 3.83281406613e-09, 2.62049049127e-09, 1.40893940959e-09, 8.37873659343e-10, 1.64328761709e-09, 1.89240179083e-09, 8.18402789982e-10, 2.47838527478e-10, 6.95207363899e-11, 1.4576333196e-10, 3.55876161873e-10, 1.86599971586e-10, 2.84930856687e-10, 5.03003083629e-10, 8.79156261679e-11, 2.53229902325e-11, 3.17722931298e-11, 3.38623261376e-11, 3.14870837737e-11, 2.01944849731e-11, 7.37602253581e-12, 1.34415334765e-11, 2.09623932795e-11, 1.24271357094e-11, 4.69510931869e-12], "dvar2": [3.99549790018e-05, 3.24697539327e-05, 1.94466474568e-06, 3.03055571749e-06, 5.64538879644e-07, 6.1226944581e-07, 5.64703043437e-07, 1.0087511555e-06, 7.32506350687e-07, 2.5817089977e-07, 9.40121651638e-08, 1.78317222321e-07, 5.86668242875e-08, 2.3074891331e-08, 1.06591562243e-08, 8.1358892956e-09, 5.54278134501e-09, 3.04823166708e-09, 1.96256788598e-09, 4.0470697904e-09, 4.18851575645e-09, 1.88421522829e-09, 5.51162948614e-10, 1.62142951843e-10, 3.40187683578e-10, 7.98831389925e-10, 4.35775082686e-10, 7.39552918905e-10, 1.46854761685e-09, 2.48805920311e-10, 5.83404852206e-11, 7.39896061086e-11, 7.34479352338e-11, 6.72125133327e-11, 4.20662740752e-11, 1.62912218438e-11, 2.98881232264e-11, 4.7192888486e-11, 2.69762354815e-11, 9.73033025681e-12], "max": [0.0507089458406, 0.0639433860779, 0.0186385661364, 0.0272259674966, 0.00978506077081, 0.0146593600512, 0.021799011156, 0.0196373276412, 0.0270016212016, 0.0105572966859, 0.00783250667155, 0.0127660669386, 0.00655992422253, 0.00310274842195, 0.00251239095815, 0.00260055600666, 0.00219487585127, 0.00159310910385, 0.00104801577982, 0.00166996114422, 0.00171060906723, 0.000879953440744, 0.000420330034103, 0.000208943572943, 0.000327302055666, 0.000514576560818, 0.000404154328862, 0.00100055022631, 0.00159624696244, 0.000503472983837, 0.000107614228909, 0.000162879092386, 0.000185138444067, 0.00015198753681, 0.000168549100636, 0.000101035555417, 0.000120916949527, 0.00018069014186, 0.000172254003701, 0.000122467332403], "mean": [0.00118570006453, 0.0019691050984, 0.000635609671008, 0.000540684675798, 0.000367077736882, 0.000279547122773, 0.000368915469153, 0.000441134819994, 0.00027149025118, 0.000177055160748, 0.000136224989546, 0.000133747802465, 7.42416086723e-05, 5.05782445543e-05, 3.30683797074e-05, 2.87000766548e-05, 2.79406467598e-05, 1.89408583537e-05, 1.38205832627e-05, 1.62121505127e-05, 2.03047911782e-05, 1.61110892805e-05, 9.2056034191e-06, 5.33382035428e-06, 7.61777073421e-06, 1.07689702418e-05, 7.6771584645e-06, 4.83839266963e-06, 3.46710567101e-06, 2.52615086538e-06, 2.47171783485e-06, 2.47341176873e-06, 2.89273202725e-06, 2.96824669022e-06, 2.162123792e-06, 1.14268209472e-06, 1.21315997603e-06, 1.3900759086e-06, 1.13081773634e-06, 6.56739644e-07], "median": [0.000459645350929, 0.000955554191023, 0.000313314900268, 0.000218960674829, 0.000132783898152, 6.95576309226e-05, 8.15212115413e-05, 5.91260177316e-05, 4.24150130129e-05, 3.17409903801e-05, 2.77413455478e-05, 1.8980128516e-05, 1.04772152554e-05, 8.05823765404e-06, 7.66212997405e-06, 5.28921827936e-06, 4.27235909228e-06, 3.47371087628e-06, 2.60797742158e-06, 2.77286926575e-06, 3.47256718669e-06, 3.30057446263e-06, 2.07912535188e-06, 1.56110627358e-06, 2.04083016797e-06, 2.07957236853e-06, 1.5423510149e-06, 8.86118414201e-07, 5.39916868547e-07, 4.2339945594e-07, 3.78928575628e-07, 3.43418662396e-07, 3.60833610102e-07, 3.54951509962e-07, 2.69345946435e-07, 1.78253117156e-07, 1.46272725488e-07, 1.46650506849e-07, 1.32557318011e-07, 6.71103421723e-08], "min": [4.13887154635e-24, 4.25252352583e-24, 3.98961827422e-24, 2.89090582164e-24, 2.30583904545e-24, 3.67240468246e-24, 6.12465848129e-24, 6.17562441779e-24, 1.37292089767e-23, 7.70150544499e-24, 3.75305151052e-24, 1.0354037617e-23, 4.22727958243e-24, 4.34680897008e-24, 8.39522578073e-24, 3.63619793906e-24, 4.69522319394e-24, 4.91407450829e-24, 5.63875014039e-24, 7.97011258322e-24, 9.01456599945e-24, 9.65229535473e-24, 1.54338316855e-23, 5.26345745334e-24, 7.56431306724e-24, 1.04406237788e-23, 1.06140296053e-23, 4.72378429744e-24, 4.17405513715e-24, 6.21590247232e-24, 1.01083311109e-23, 9.13065634798e-24, 8.22386862604e-24, 6.85800251145e-24, 1.02851456053e-23, 6.61138960412e-24, 6.91924178352e-24, 8.26004657602e-24, 9.71653939799e-24, 1.17677236908e-23], "var": [1.16830451589e-05, 1.21541979752e-05, 8.92096068128e-07, 1.1727203173e-06, 4.22112520937e-07, 5.03965793541e-07, 1.18956711503e-06, 1.70110354247e-06, 7.57149450692e-07, 3.05539060719e-07, 1.47776148651e-07, 2.59221877741e-07, 7.56357323439e-08, 3.03254026335e-08, 1.0357540603e-08, 9.67635926941e-09, 1.18176233244e-08, 3.71603614546e-09, 1.70254432774e-09, 2.63986521531e-09, 4.11464373684e-09, 1.57665414058e-09, 4.92714369305e-10, 1.30168500978e-10, 2.75843320408e-10, 7.32684357629e-10, 4.01067762335e-10, 6.55646648084e-10, 7.82847564551e-10, 1.28618560247e-10, 4.61854512968e-11, 5.41653458197e-11, 6.7818903271e-11, 6.95488944213e-11, 4.31702000536e-11, 1.35275818325e-11, 2.36534316439e-11, 3.61621253775e-11, 2.62143466656e-11, 1.02896068402e-11]}, "melbands_crest": {"dmean": 2.52065372467, "dmean2": 3.95832324028, "dvar": 7.24583005905, "dvar2": 17.509437561, "max": 34.3174285889, "mean": 14.8003053665, "median": 13.8727207184, "min": 1.88343465328, "var": 28.4773750305}, "melbands_flatness_db": {"dmean": 0.0225724428892, "dmean2": 0.0322383120656, "dvar": 0.000750667939428, "dvar2": 0.0015284725232, "max": 0.558786690235, "mean": 0.225302100182, "median": 0.220684677362, "min": 0.00686930865049, "var": 0.00522361882031}, "melbands_kurtosis": {"dmean": 8.47721767426, "dmean2": 13.2339706421, "dvar": 504.591003418, "dvar2": 1235.57751465, "max": 588.357543945, "mean": 17.9456310272, "median": 9.28103065491, "min": -1.83445155621, "var": 903.690368652}, "melbands_skewness": {"dmean": 0.699494600296, "dmean2": 1.0405523777, "dvar": 0.835044682026, "dvar2": 1.82240307331, "max": 19.7413768768, "mean": 2.82087278366, "median": 2.50664114952, "min": -2.25659489632, "var": 3.53132367134}, "melbands_spread": {"dmean": 5.95600938797, "dmean2": 8.99311256409, "dvar": 149.695861816, "dvar2": 318.213867188, "max": 226.13621521, "mean": 19.7344818115, "median": 14.7677259445, "min": 0.404639005661, "var": 389.840515137}, "mfcc": {"cov": [[9811.20605469, -168.945404053, 126.309059143, 198.180114746, 110.859046936, -88.5630264282, -199.087051392, 117.3436203, -76.6212539673, 22.0194396973, 132.927825928, -29.0424938202, 142.429199219], [-168.945404053, 1627.91455078, -14.2865409851, 223.575286865, 119.064376831, -1.89126503468, 164.763381958, 95.5517349243, -4.9512629509, 52.5652809143, 32.5355224609, 38.6831893921, 38.9957733154], [126.309059143, -14.2865409851, 753.359741211, 143.39352417, 79.4263916016, 72.0657958984, 6.10499572754, -3.80962753296, 37.1894264221, -9.21730041504, 16.8492450714, 25.6156139374, 4.47322940826], [198.180114746, 223.575286865, 143.39352417, 368.62612915, 172.469116211, 86.8761901855, 6.82504224777, 11.7747621536, 23.2263298035, 9.57281494141, 11.2480707169, 26.3011341095, 43.3851776123], [110.859046936, 119.064376831, 79.4263916016, 172.469116211, 312.518005371, 68.0058441162, -18.7203388214, 17.3967323303, 9.48161792755, 34.8580627441, 22.6232852936, -4.86076688766, 49.3343772888], [-88.5630264282, -1.89126503468, 72.0657958984, 86.8761901855, 68.0058441162, 239.122528076, 71.6994628906, 16.7708148956, 49.1992645264, -16.5771369934, 20.7899799347, 26.2745494843, -12.1779289246], [-199.087051392, 164.763381958, 6.10499572754, 6.82504224777, -18.7203388214, 71.6994628906, 269.77243042, 76.0348815918, 32.3127632141, 2.86743068695, 21.7307529449, 48.6057777405, -14.5260009766], [117.3436203, 95.5517349243, -3.80962753296, 11.7747621536, 17.3967323303, 16.7708148956, 76.0348815918, 175.266326904, 34.9506988525, 21.9692001343, 22.1084384918, -9.97215080261, 17.5727005005], [-76.6212539673, -4.9512629509, 37.1894264221, 23.2263298035, 9.48161792755, 49.1992645264, 32.3127632141, 34.9506988525, 138.904632568, 18.4019050598, 14.8190765381, 7.78977870941, -8.09127426147], [22.0194396973, 52.5652809143, -9.21730041504, 9.57281494141, 34.8580627441, -16.5771369934, 2.86743068695, 21.9692001343, 18.4019050598, 151.049041748, 31.6119041443, 2.40790772438, 24.4822158813], [132.927825928, 32.5355224609, 16.8492450714, 11.2480707169, 22.6232852936, 20.7899799347, 21.7307529449, 22.1084384918, 14.8190765381, 31.6119041443, 115.999633789, 18.6917514801, 12.9613733292], [-29.0424938202, 38.6831893921, 25.6156139374, 26.3011341095, -4.86076688766, 26.2745494843, 48.6057777405, -9.97215080261, 7.78977870941, 2.40790772438, 18.6917514801, 108.853179932, 17.3511009216], [142.429199219, 38.9957733154, 4.47322940826, 43.3851776123, 49.3343772888, -12.1779289246, -14.5260009766, 17.5727005005, -8.09127426147, 24.4822158813, 12.9613733292, 17.3511009216, 112.365318298]], "icov": [[0.000111057670438, 2.25852654694e-05, -1.08080866994e-05, -7.8600969573e-05, 1.78663558472e-05, 4.26899423474e-05, 8.8988985226e-05, -0.00011873497715, 7.68591708038e-05, 2.88687206194e-05, -0.000140765332617, 1.3416280126e-05, -7.75655717007e-05], [2.25852654694e-05, 0.000767276214901, 8.58068160596e-05, -0.000528373406269, -0.00010870553524, 0.00033616591827, -0.000477388646686, -0.000225955780479, 0.000193511106772, -0.00013547630806, -9.11416573217e-05, -5.19568748132e-05, 2.54578808381e-05], [-1.08080866994e-05, 8.58068160596e-05, 0.00147949834354, -0.000526184623595, -0.000115224633191, -0.000128054467496, 1.33633793666e-05, 6.98439180269e-05, -0.000261169334408, 0.000135122492793, -0.000132239816594, -0.000214638508623, 0.000155853820615], [-7.8600969573e-05, -0.000528373406269, -0.000526184623595, 0.00451008742675, -0.00183844787534, -0.00101053703111, 0.000348682049662, 0.000176000656211, -0.000405815255363, 0.000235135201365, 0.000505789590534, -0.000720351934433, -0.000749788654502], [1.78663558472e-05, -0.00010870553524, -0.000115224633191, -0.00183844787534, 0.00490875914693, -0.00111358787399, 0.000560341693927, -0.000167167992913, 0.000339404010447, -0.000841028348077, -0.000454665423604, 0.00102409871761, -0.00134581711609], [4.26899423474e-05, 0.00033616591827, -0.000128054467496, -0.00101053703111, -0.00111358787399, 0.00589339528233, -0.00144848786294, 0.000145778045407, -0.00143806636333, 0.00101982010528, -0.000730861036573, -0.000598317594267, 0.000993029214442], [8.8988985226e-05, -0.000477388646686, 1.33633793666e-05, 0.000348682049662, 0.000560341693927, -0.00144848786294, 0.00566159235314, -0.0023994834628, -5.70431511733e-05, 4.16759894506e-06, -0.000177516994881, -0.00239324057475, 0.00100688321982], [-0.00011873497715, -0.000225955780479, 6.98439180269e-05, 0.000176000656211, -0.000167167992913, 0.000145778045407, -0.0023994834628, 0.0076846703887, -0.00162870297208, -0.000363034720067, -0.000712227774784, 0.00221849721856, -0.00156321201939], [7.68591708038e-05, 0.000193511106772, -0.000261169334408, -0.000405815255363, 0.000339404010447, -0.00143806636333, -5.70431511733e-05, -0.00162870297208, 0.00856198463589, -0.0011735240696, -0.00037694076309, -0.000317243713653, 0.000909664260689], [2.88687206194e-05, -0.00013547630806, 0.000135122492793, 0.000235135201365, -0.000841028348077, 0.00101982010528, 4.16759894506e-06, -0.000363034720067, -0.0011735240696, 0.00771998008713, -0.00182589504402, 5.25031937286e-05, -0.00111267447937], [-0.000140765332617, -9.11416573217e-05, -0.000132239816594, 0.000505789590534, -0.000454665423604, -0.000730861036573, -0.000177516994881, -0.000712227774784, -0.00037694076309, -0.00182589504402, 0.00999325327575, -0.00152410042938, -0.000317811791319], [1.3416280126e-05, -5.19568748132e-05, -0.000214638508623, -0.000720351934433, 0.00102409871761, -0.000598317594267, -0.00239324057475, 0.00221849721856, -0.000317243713653, 5.25031937286e-05, -0.00152410042938, 0.0115818595514, -0.00253002136014], [-7.75655717007e-05, 2.54578808381e-05, 0.000155853820615, -0.000749788654502, -0.00134581711609, 0.000993029214442, 0.00100688321982, -0.00156321201939, 0.000909664260689, -0.00111267447937, -0.000317811791319, -0.00253002136014, 0.0110807353631]], "mean": [-690.953369141, 126.863464355, 11.2283029556, 22.4613056183, 1.30044424534, 0.734313607216, 0.00855107046664, 8.23484611511, -1.09231340885, 4.7222661972, 0.729799687862, -1.43689727783, 2.00019645691]}, "pitch_salience": {"dmean": 0.0612452104688, "dmean2": 0.0979193598032, "dvar": 0.00413912767544, "dvar2": 0.0103705441579, "max": 0.852021694183, "mean": 0.514930546284, "median": 0.520988583565, "min": 0.0764586552978, "var": 0.0133150173351}, "silence_rate_20dB": {"dmean": 0, "dmean2": 0, "dvar": 0, "dvar2": 0, "max": 1, "mean": 1, "median": 1, "min": 1, "var": 0}, "silence_rate_30dB": {"dmean": 0.0160181075335, "dmean2": 0.0320390053093, "dvar": 0.0157627277076, "dvar2": 0.0385028496385, "max": 1, "mean": 0.98755222559, "median": 1, "min": 0, "var": 0.0122921783477}, "silence_rate_60dB": {"dmean": 0.0294245667756, "dmean2": 0.0588542558253, "dvar": 0.028552679345, "dvar2": 0.0616710036993, "max": 1, "mean": 0.149547353387, "median": 0, "min": 0, "var": 0.127162620425}, "spectral_centroid": {"dmean": 220.231933594, "dmean2": 330.049987793, "dvar": 103745.96875, "dvar2": 210933.34375, "max": 11093.8330078, "mean": 1159.68981934, "median": 980.859130859, "min": 130.078674316, "var": 511300}, "spectral_complexity": {"dmean": 2.25977182388, "dmean2": 3.50060939789, "dvar": 8.04210472107, "dvar2": 17.6730651855, "max": 52, "mean": 12.063457489, "median": 11, "min": 0, "var": 56.9836502075}, "spectral_contrast_coeffs": {"dmean": [0.0425090752542, 0.0468541234732, 0.0377369858325, 0.0295079182833, 0.0236194524914, 0.02257479541], "dmean2": [0.0708521530032, 0.0747948512435, 0.0597946420312, 0.0472171381116, 0.0361231863499, 0.0333124287426], "dvar": [0.00139152538031, 0.00161074590869, 0.000971916073468, 0.000618305522949, 0.000479524867842, 0.000465260032797], "dvar2": [0.00360914156772, 0.00388742191717, 0.00228134915233, 0.0014308351092, 0.000958040822297, 0.000923634157516], "max": [-0.236662209034, -0.355092614889, -0.446809768677, -0.510979533195, -0.519445538521, -0.457460016012], "mean": [-0.646886050701, -0.711581885815, -0.749265015125, -0.787462830544, -0.788100481033, -0.767133593559], "median": [-0.654730796814, -0.720808982849, -0.757897734642, -0.796190559864, -0.799123287201, -0.772645175457], "min": [-0.953546464443, -0.971330404282, -0.970987319946, -0.964369297028, -0.962879955769, -0.964470982552], "var": [0.00679212156683, 0.00791180692613, 0.00571905449033, 0.0034927809611, 0.00356981554069, 0.00256619183347]}, "spectral_contrast_valleys": {"dmean": [0.343719869852, 0.334365606308, 0.29891115427, 0.259534925222, 0.214375168085, 0.3298137784], "dmean2": [0.56902384758, 0.553386628628, 0.490584373474, 0.423055648804, 0.325829327106, 0.441325873137], "dvar": [0.113388106227, 0.0900545939803, 0.0784571170807, 0.0753419548273, 0.0666481629014, 0.137312173843], "dvar2": [0.267221599817, 0.225521177053, 0.18998286128, 0.173951029778, 0.134622350335, 0.245207160711], "max": [-4.98282575607, -4.26073074341, -5.18672370911, -5.8573589325, -5.73178768158, -7.2991566658], "mean": [-7.6235203743, -7.19366264343, -7.86156272888, -8.37825870514, -8.19456195831, -10.7621936798], "median": [-7.25810623169, -7.03707170486, -7.75737190247, -8.25226211548, -8.0256319046, -10.6580677032], "min": [-27.7823982239, -27.7450733185, -27.1557922363, -27.3672943115, -27.2063045502, -27.3426246643], "var": [2.36734271049, 1.56777977943, 1.30125391483, 1.20839416981, 1.28919053078, 1.61425614357]}, "spectral_decrease": {"dmean": 1.97950145164e-09, "dmean2": 3.04509617521e-09, "dvar": 2.31657290676e-17, "dvar2": 5.6893164894e-17, "max": 1.43449762272e-28, "mean": -5.64462698804e-09, "median": -3.68887387303e-09, "min": -7.73133876919e-08, "var": 4.12244152548e-17}, "spectral_energy": {"dmean": 0.00780479004607, "dmean2": 0.0119490493089, "dvar": 0.000339459191309, "dvar2": 0.000830855162349, "max": 0.295114219189, "mean": 0.0226369686425, "median": 0.0148064941168, "min": 1.03274695012e-20, "var": 0.000638871279079}, "spectral_energyband_high": {"dmean": 0.000318973703543, "dmean2": 0.000463303149445, "dvar": 1.15703437586e-06, "dvar2": 2.56801968135e-06, "max": 0.0364571735263, "mean": 0.000622923311312, "median": 0.000135937705636, "min": 7.56484377499e-21, "var": 2.66956521955e-06}, "spectral_energyband_low": {"dmean": 0.00400886964053, "dmean2": 0.00657974230126, "dvar": 0.000288596871542, "dvar2": 0.000729749910533, "max": 0.281699120998, "mean": 0.00883124861866, "median": 0.00435477122664, "min": 3.69133261102e-23, "var": 0.000285823480226}, "spectral_energyband_middle_high": {"dmean": 0.00134579092264, "dmean2": 0.0019115768373, "dvar": 8.55031248648e-06, "dvar2": 1.7440843294e-05, "max": 0.0801454856992, "mean": 0.00355047709309, "median": 0.00121832406148, "min": 1.29477838113e-21, "var": 3.4510390833e-05}, "spectral_energyband_middle_low": {"dmean": 0.00393721507862, "dmean2": 0.00594805041328, "dvar": 6.20512873866e-05, "dvar2": 0.000149846106069, "max": 0.163220688701, "mean": 0.0102424798533, "median": 0.00542723480612, "min": 2.8660833824e-22, "var": 0.000170013416209}, "spectral_entropy": {"dmean": 0.161077126861, "dmean2": 0.23198209703, "dvar": 0.030075520277, "dvar2": 0.0583867318928, "max": 9.81778621674, "mean": 7.38030910492, "median": 7.37740516663, "min": 5.55033969879, "var": 0.204461336136}, "spectral_flux": {"dmean": 0.0218626018614, "dmean2": 0.0342293567955, "dvar": 0.0012162552448, "dvar2": 0.00253736367449, "max": 0.457094281912, "mean": 0.0615270547569, "median": 0.0459649674594, "min": 6.76371389452e-11, "var": 0.00302056153305}, "spectral_kurtosis": {"dmean": 1.58810842037, "dmean2": 2.65176582336, "dvar": 2.92215394974, "dvar2": 7.96549940109, "max": 26.3393173218, "mean": 4.01164770126, "median": 3.40595006943, "min": -1.30637252331, "var": 9.10635566711}, "spectral_rms": {"dmean": 0.000657599593978, "dmean2": 0.000957555079367, "dvar": 1.20107688417e-06, "dvar2": 2.6597977012e-06, "max": 0.0169680975378, "mean": 0.00408555055037, "median": 0.00380070507526, "min": 3.17420547312e-12, "var": 5.39297388968e-06}, "spectral_rolloff": {"dmean": 409.784637451, "dmean2": 686.893066406, "dvar": 970643.6875, "dvar2": 2099441.5, "max": 19315.2832031, "mean": 1266.24902344, "median": 753.662109375, "min": 64.599609375, "var": 2523859.5}, "spectral_skewness": {"dmean": 0.222833588719, "dmean2": 0.34989541769, "dvar": 0.0472531542182, "dvar2": 0.10752183944, "max": 4.07334136963, "mean": 1.50805938244, "median": 1.46688580513, "min": -0.165652796626, "var": 0.278382062912}, "spectral_spread": {"dmean": 489127.3125, "dmean2": 687843.3125, "dvar": 439810490368, "dvar2": 853373157376, "max": 41221720, "mean": 4392767, "median": 4070920.5, "min": 19114