{"lowlevel": {"average_loudness": 0.807535946369, "barkbands": {"dmean": [0.00029596319655, 0.00222373451106, 0.000570309755858, 0.000257244042587, 0.000974089256488, 0.000686809362378, 0.000785672164056, 0.000644214625936, 0.000913772906642, 0.00104874745011, 0.000490513397381, 0.000459547212813, 0.00037261354737, 0.000421826582169, 0.000520362053066, 0.000377743592253, 0.000234528473811, 0.000238410371821, 0.000229879427934, 0.000152773311129, 0.000115167815238, 8.17754335003e-05, 6.87521678628e-05, 4.47632337455e-05, 2.94022174785e-05, 1.50698542711e-05, 7.79673882789e-06], "dmean2": [0.000399683514843, 0.0034520351328, 0.00101880764123, 0.000431062973803, 0.00156662112568, 0.00109920313116, 0.00130100897513, 0.00103946262971, 0.00151735986583, 0.0016863187775, 0.000772347731981, 0.000731013482437, 0.000602065527346, 0.000673631904647, 0.000828270276543, 0.000602176005486, 0.000383038714062, 0.000374542898498, 0.000361114129191, 0.000237316053244, 0.000190688719158, 0.000132456349093, 0.000102713456727, 6.59874858684e-05, 4.17509982071e-05, 2.1937483325e-05, 1.24453990793e-05], "dvar": [2.73564324971e-07, 4.39011346316e-05, 4.80103335576e-06, 4.21263933958e-07, 3.08993958242e-06, 1.54752297021e-06, 3.48905200553e-06, 2.23343954531e-06, 5.80242840442e-06, 7.71699069446e-06, 1.83983149782e-06, 1.61104389917e-06, 1.58442549036e-06, 1.4860279407e-06, 2.14466081161e-06, 1.23583595268e-06, 4.6939993581e-07, 5.05188268107e-07, 4.24172782232e-07, 1.59620114459e-07, 8.13554095203e-08, 4.94050702571e-08, 3.06576524167e-08, 1.90968059144e-08, 1.20358691902e-08, 1.58209256806e-09, 6.19074513875e-10], "dvar2": [5.16420641361e-07, 0.000102000602055, 1.40175361594e-05, 1.12592874757e-06, 7.63361458667e-06, 3.89846354665e-06, 9.20985530684e-06, 5.45647390027e-06, 1.56424830493e-05, 1.89102793229e-05, 4.25723646913e-06, 4.04285901823e-06, 4.13308725911e-06, 3.76860634788e-06, 5.33106594958e-06, 2.96942539535e-06, 1.19323817671e-06, 1.25563224174e-06, 1.0173444025e-06, 3.76347287556e-07, 2.06855105489e-07, 1.23496988635e-07, 6.62929195983e-08, 3.69286006219e-08, 2.2702325353e-08, 3.55830587218e-09, 1.60702418039e-09], "max": [0.0113133210689, 0.122025534511, 0.0389381200075, 0.0217846203595, 0.0483473800123, 0.0256284177303, 0.0491385050118, 0.0428198799491, 0.0518885962665, 0.0540721863508, 0.0276630520821, 0.0372394062579, 0.0333333201706, 0.0307211503386, 0.0398374088109, 0.035393755883, 0.0294172819704, 0.0245314463973, 0.017870105803, 0.011466476135, 0.00649304362014, 0.00525539368391, 0.00676204264164, 0.00659404927865, 0.00865016132593, 0.000978867756203, 0.000324909400661], "mean": [0.00064495683182, 0.00387276289985, 0.000759825808927, 0.000429023581091, 0.00180097122211, 0.00127363984939, 0.00121008511633, 0.000953353359364, 0.00130340107717, 0.00152934819926, 0.00075218337588, 0.000686168204993, 0.00051229755627, 0.000606781512033, 0.000721253803931, 0.000515026447829, 0.000342566927429, 0.000353331997758, 0.000350593181793, 0.000240679160925, 0.000150319116074, 0.00011653979891, 0.000113284768304, 7.42821939639e-05, 4.31165426562e-05, 1.88028916455e-05, 7.38844710213e-06], "median": [0.000300554878777, 0.00195286306553, 0.000315046781907, 0.00021329127776, 0.000979454489425, 0.000756861758418, 0.00051275617443, 0.00035501140519, 0.000356330303475, 0.000409613130614, 0.000124470694573, 0.000166886282386, 0.000106775660242, 0.000122367462609, 0.000116927243653, 8.8389722805e-05, 7.81145281508e-05, 8.70342119015e-05, 8.47929477459e-05, 6.34666357655e-05, 4.05861246691e-05, 3.03358774545e-05, 3.62269092875e-05, 1.94333642867e-05, 9.96844391921e-06, 3.38680661116e-06, 6.70067947794e-07], "min": [2.37320441077e-11, 2.1154855645e-11, 1.95081832632e-11, 2.07262505769e-11, 3.46518300165e-11, 1.60256564963e-11, 1.76834623333e-11, 6.50266819557e-12, 1.46690255429e-12, 2.31877971685e-12, 2.38012561049e-12, 1.94528551253e-12, 2.70365695977e-12, 5.10182391125e-13, 8.52287912554e-13, 4.28413137214e-13, 7.05281915769e-13, 9.0654388293e-13, 2.16930314857e-12, 1.45631998214e-12, 1.53274224909e-12, 2.17059616808e-12, 2.43595486664e-12, 1.26515497297e-12, 1.37256785798e-12, 2.21385778633e-12, 3.33984771263e-12], "var": [8.15606313154e-07, 5.1806018746e-05, 3.2202769944e-06, 6.73447004829e-07, 6.64708750264e-06, 2.82697283183e-06, 5.17658327226e-06, 3.4937354485e-06, 7.0970068009e-06, 1.2946269635e-05, 4.17290266341e-06, 2.84664179162e-06, 2.16741932491e-06, 2.1952471343e-06, 3.23134304381e-06, 1.75718264472e-06, 6.33499666947e-07, 5.96991867496e-07, 5.82805455451e-07, 2.46833536721e-07, 9.25961316511e-08, 6.51118270412e-08, 5.70017952839e-08, 4.791227326e-08, 2.51960070585e-08, 2.16787165996e-09, 5.17056675253e-10]}, "barkbands_crest": {"dmean": 2.50042080879, "dmean2": 3.9870839119, "dvar": 6.16815710068, "dvar2": 15.0035037994, "max": 26.9802265167, "mean": 9.72394371033, "median": 8.56389904022, "min": 2.35856366158, "var": 21.1155261993}, "barkbands_flatness_db": {"dmean": 0.0212254095823, "dmean2": 0.0308328643441, "dvar": 0.000573409313802, "dvar2": 0.00112825550605, "max": 0.701985299587, "mean": 0.132649123669, "median": 0.115504570305, "min": 0.0226343460381, "var": 0.00548255303875}, "barkbands_kurtosis": {"dmean": 3.23561811447, "dmean2": 4.91145944595, "dvar": 324.911621094, "dvar2": 625.448425293, "max": 1533.07421875, "mean": 5.05733585358, "median": 1.37772846222, "min": -1.90951812267, "var": 804.014160156}, "barkbands_skewness": {"dmean": 0.51361978054, "dmean2": 0.759684860706, "dvar": 0.619482934475, "dvar2": 1.3017680645, "max": 23.6485404968, "mean": 1.15719282627, "median": 1.03288567066, "min": -21.6173992157, "var": 1.92819952965}, "barkbands_spread": {"dmean": 5.66669464111, "dmean2": 8.68034076691, "dvar": 53.035861969, "dvar2": 115.017539978, "max": 108.204444885, "mean": 21.6890735626, "median": 20.0820026398, "min": 0.0837095975876, "var": 180.775741577}, "dissonance": {"dmean": 0.0226636435837, "dmean2": 0.0380374565721, "dvar": 0.000734682485927, "dvar2": 0.00197671027854, "max": 0.500000119209, "mean": 0.458210200071, "median": 0.470824599266, "min": 0.0270084626973, "var": 0.00193085044157}, "dynamic_complexity": 4.61277532578, "erbbands": {"dmean": [0.0808738693595, 0.473815351725, 0.695829510689, 0.767043411732, 1.37678945065, 3.67189693451, 6.20062494278, 5.67113113403, 10.8849668503, 11.0525512695, 15.1177330017, 21.089422226, 28.4321174622, 25.4078502655, 18.405921936, 18.3370723724, 15.6283988953, 18.3775482178, 23.1340675354, 26.2782402039, 16.4112300873, 12.8785419464, 12.0097961426, 13.0434789658, 9.55211544037, 7.01312589645, 4.92536115646, 4.45474672318, 2.88786888123, 2.65053534508, 1.83302652836, 1.09240889549, 0.723225772381, 0.361254692078, 0.200064197183, 0.080781057477, 0.0250957850367, 0.00703892111778, 0.00140642223414, 7.26530342945e-05], "dmean2": [0.121736004949, 0.769869029522, 1.20664441586, 1.32541275024, 2.20381593704, 5.97596073151, 9.94200706482, 9.14501094818, 18.0320835114, 18.1508083344, 24.2224082947, 35.0705795288, 46.0417327881, 39.7108192444, 28.9505214691, 28.9939842224, 24.8343296051, 29.1562843323, 36.356010437, 41.3992347717, 25.7294769287, 20.7373962402, 18.7190093994, 20.4639377594, 14.6933460236, 10.8734931946, 7.80710983276, 7.57023477554, 4.6638045311, 4.17720794678, 2.75744915009, 1.63380587101, 1.05906820297, 0.514568448067, 0.287839174271, 0.117681734264, 0.0372583903372, 0.0107977064326, 0.00223088962957, 0.000116193223221], "dvar": [0.0546179041266, 2.30660390854, 6.70780849457, 5.28592157364, 7.81849002838, 51.4110107422, 146.229629517, 123.549346924, 680.477844238, 878.635009766, 993.74822998, 3086.31542969, 5762.48779297, 5363.16845703, 2151.10913086, 2888.88134766, 2857.51318359, 3283.58447266, 4111.125, 5150.25390625, 2741.81591797, 1273.72717285, 1240.9074707, 1548.45678711, 688.715820312, 324.502166748, 179.776412964, 135.552612305, 62.7941055298, 45.8871536255, 22.8375492096, 9.33386802673, 6.78003263474, 1.99333465099, 0.524899721146, 0.0522372983396, 0.00456932373345, 0.000410779262893, 2.0430994482e-05, 5.61372210939e-08], "dvar2": [0.126532152295, 5.70424938202, 18.7934322357, 15.1188526154, 18.9564685822, 130.421295166, 350.475646973, 320.392150879, 1818.60290527, 2196.0065918, 2425.47924805, 8393.08398438, 14026.4042969, 13047.203125, 5016.77636719, 7339.28857422, 7190.19091797, 8391.21191406, 9990.77636719, 12712.4462891, 6584.67529297, 3194.71850586, 2967.19116211, 3787.24389648, 1586.87268066, 745.458984375, 441.069885254, 353.806732178, 156.501083374, 108.790809631, 48.9187698364, 20.8388004303, 12.066947937, 3.51304197311, 1.1626663208, 0.116410754621, 0.0105083426461, 0.00100552057847, 5.22501832165e-05, 1.48384245335e-07], "max": [4.64883422852, 26.0380401611, 46.4146881104, 55.3970184326, 101.051971436, 207.117095947, 309.522583008, 265.503479004, 828.791625977, 747.814147949, 852.168762207, 1369.02978516, 1809.26647949, 2028.16052246, 1479.48815918, 1849.91394043, 1579.77185059, 1790.72424316, 1945.85681152, 1465.02954102, 1955.94458008, 1236.89367676, 1458.21728516, 1278.1036377, 962.517883301, 420.72164917, 397.101989746, 312.809173584, 181.045974731, 162.299728394, 194.441131592, 124.495697021, 156.579620361, 94.7724304199, 59.6159706116, 12.3367052078, 1.19588005543, 0.336464613676, 0.0590629130602, 0.00337228481658], "mean": [0.145678907633, 0.726809322834, 0.972808301449, 1.30634498596, 2.70958614349, 6.32752561569, 10.7278842926, 10.3128919601, 16.9338111877, 17.6289768219, 23.7306423187, 30.2961387634, 42.852191925, 38.9646568298, 30.0246162415, 28.6909179688, 23.4886474609, 28.8891143799, 34.812625885, 38.7352333069, 24.4287528992, 19.5515136719, 18.5576782227, 20.1682796478, 15.4368543625, 11.2126703262, 7.11448526382, 5.4936504364, 4.08198881149, 4.04667472839, 3.00612998009, 1.78952920437, 1.15451586246, 0.558267295361, 0.268566101789, 0.103696532547, 0.030393300578, 0.00769642088562, 0.0013402501354, 8.2334401668e-05], "median": [0.063209913671, 0.325754344463, 0.456028729677, 0.701590180397, 1.48017024994, 3.19268727303, 5.23361778259, 5.9552936554, 8.05165290833, 6.00389385223, 10.2201776505, 8.67128562927, 11.9851150513, 10.4133234024, 6.1866941452, 8.07329368591, 5.73406887054, 6.21532201767, 7.20759010315, 6.49639749527, 5.05039072037, 4.70341062546, 4.68907594681, 5.31346845627, 3.79017424583, 2.98670578003, 2.07622671127, 1.43248295784, 1.02259731293, 1.19463419914, 0.934530198574, 0.498856633902, 0.287661522627, 0.138514876366, 0.0521183349192, 0.0183793716133, 0.00545039447024, 0.00104388012551, 0.000125950333313, 2.53988819168e-05], "min": [8.62158455739e-10, 4.14995326992e-09, 1.87567863463e-08, 5.19798604159e-08, 9.60055004384e-08, 1.21089669847e-07, 9.50307637027e-08, 1.51744842469e-07, 2.46637597456e-07, 2.17914660539e-07, 1.10529406072e-07, 3.67921551003e-08, 4.35579359248e-08, 9.99133575874e-08, 7.9504602013e-08, 9.25222636283e-08, 1.23364870319e-07, 5.1020176528e-08, 2.54404000088e-08, 4.45251835401e-08, 2.89176309565e-08, 4.32315943044e-08, 4.98457062292e-08, 1.03252475014e-07, 9.36131527851e-08, 6.40417354703e-08, 5.7832146183e-08, 7.15826260489e-08, 8.72181686873e-08, 4.36335518827e-08, 8.81540174191e-08, 2.80020486798e-08, 2.10061976702e-08, 9.5438261738e-09, 1.07496482826e-08, 7.18941262079e-09, 5.08928366116e-09, 1.81729753468e-09, 5.39907341057e-10, 4.3370862457e-11], "var": [0.0719031468034, 2.24287962914, 4.82560110092, 5.2509803772, 21.0791797638, 95.4247894287, 344.178222656, 214.063446045, 920.915222168, 1597.80090332, 1615.64221191, 3929.87451172, 9124.95019531, 8558.2578125, 5153.41552734, 4870.90966797, 4160.44482422, 5175.46337891, 6262, 9088.17285156, 3622.29907227, 1849.50512695, 1604.91955566, 1905.82458496, 1147.49414062, 530.40637207, 220.636032104, 137.308303833, 81.4442062378, 71.3394775391, 43.2513542175, 18.5502376556, 17.7882003784, 4.90092134476, 0.798608899117, 0.0766789987683, 0.00576784089208, 0.000423769582994, 1.75507411768e-05, 4.45268781846e-08]}, "erbbands_crest": {"dmean": 2.76714634895, "dmean2": 4.46859884262, "dvar": 7.30769968033, "dvar2": 17.643283844, "max": 34.7669868469, "mean": 9.76238918304, "median": 8.1861000061, "min": 2.05848693848, "var": 28.7583637238}, "erbbands_flatness_db": {"dmean": 0.0187383200973, "dmean2": 0.0273418650031, "dvar": 0.000399119075155, "dvar2": 0.000764851574786, "max": 0.66437703371, "mean": 0.167642682791, "median": 0.155974954367, "min": 0.0262793302536, "var": 0.0044940165244}, "erbbands_kurtosis": {"dmean": 1.97530961037, "dmean2": 3.06887817383, "dvar": 78.8921127319, "dvar2": 194.587341309, "max": 411.560668945, "mean": 2.55512094498, "median": 0.250776529312, "min": -1.88255262375, "var": 217.845809937}, "erbbands_skewness": {"dmean": 0.443255841732, "dmean2": 0.676171123981, "dvar": 0.299461573362, "dvar2": 0.691614925861, "max": 15.28901577, "mean": 0.598647654057, "median": 0.487545192242, "min": -3.58651733398, "var": 1.24549055099}, "erbbands_spread": {"dmean": 7.34837341309, "dmean2": 11.1356391907, "dvar": 75.1804428101, "dvar2": 163.523727417, "max": 136.872055054, "mean": 31.7373752594, "median": 29.0357570648, "min": 0.224981144071, "var": 296.126464844}, "gfcc": {"cov": [[16255.7851562, -272.049041748, -1150.0012207, 1334.04882812, 478.124084473, -174.0965271, -377.586273193, 229.602005005, 140.010452271, 64.5305023193, -327.317626953, -61.0487251282, -0.768885314465], [-272.049041748, 1460.51599121, 220.770401001, 217.7784729, 228.76675415, -119.979797363, 3.88511395454, -94.9055938721, 67.4285812378, 16.5766010284, 74.6700820923, -65.5261459351, 39.7104454041], [-1150.0012207, 220.770401001, 870.57208252, 158.9140625, 79.8233718872, 34.857334137, 23.7754955292, -0.74304240942, 41.7331390381, 67.7818527222, -4.27381658554, 16.4137306213, 0.135682463646], [1334.04882812, 217.7784729, 158.9140625, 677.526062012, 213.120254517, -110.998733521, -76.0952148438, 22.7428646088, 106.996871948, 44.6831169128, -57.0880432129, -5.8704328537, 23.0374164581], [478.124084473, 228.76675415, 79.8233718872, 213.120254517, 445.785797119, 127.837936401, 86.6699142456, 47.72706604, 52.3454475403, 32.6453704834, -21.9381713867, 8.8752040863, 15.8533449173], [-174.0965271, -119.979797363, 34.857334137, -110.998733521, 127.837936401, 401.971435547, 209.520355225, 28.5987071991, -17.0408210754, -3.56098484993, 14.8742723465, 18.8454723358, 11.7259302139], [-377.586273193, 3.88511395454, 23.7754955292, -76.0952148438, 86.6699142456, 209.520355225, 270.343933105, 62.4717216492, 26.6610031128, 30.3341369629, 21.8839092255, 26.3252906799, 5.075984478], [229.602005005, -94.9055938721, -0.74304240942, 22.7428646088, 47.72706604, 28.5987071991, 62.4717216492, 159.321380615, 69.8562011719, 39.511631012, 3.87776732445, 12.4591379166, 8.56246566772], [140.010452271, 67.4285812378, 41.7331390381, 106.996871948, 52.3454475403, -17.0408210754, 26.6610031128, 69.8562011719, 190.245300293, 85.8444213867, 4.25568819046, 9.76851272583, 18.1421813965], [64.5305023193, 16.5766010284, 67.7818527222, 44.6831169128, 32.6453704834, -3.56098484993, 30.3341369629, 39.511631012, 85.8444213867, 156.009735107, 37.6227722168, 2.52317380905, 5.87043762207], [-327.317626953, 74.6700820923, -4.27381658554, -57.0880432129, -21.9381713867, 14.8742723465, 21.8839092255, 3.87776732445, 4.25568819046, 37.6227722168, 120.981506348, 25.1098823547, 4.70065307617], [-61.0487251282, -65.5261459351, 16.4137306213, -5.8704328537, 8.8752040863, 18.8454723358, 26.3252906799, 12.4591379166, 9.76851272583, 2.52317380905, 25.1098823547, 96.2903900146, 33.4692993164], [-0.768885314465, 39.7104454041, 0.135682463646, 23.0374164581, 15.8533449173, 11.7259302139, 5.075984478, 8.56246566772, 18.1421813965, 5.87043762207, 4.70065307617, 33.4692993164, 92.5114517212]], "icov": [[0.000104753285996, -3.1232884794e-05, 0.000199590096599, -0.000228797405725, 1.11716535685e-05, -0.000156060341396, 0.00022874653223, -0.000210175800021, 0.000123282021377, -0.000192515202798, 0.000265440321527, -0.00012553758279, 0.000115698596346], [-3.1232884794e-05, 0.00123692385387, -0.000368012086255, 1.61026455316e-05, -0.000854004174471, 0.00101699645165, -0.00087057845667, 0.00124703557231, -0.00069572328357, 0.000863632652909, -0.00156314682681, 0.00165269710124, -0.00102175108623], [0.000199590096599, -0.000368012086255, 0.00172123056836, -0.000727855309378, 0.000235181985772, -0.00074136373587, 0.000619143946096, -0.000473374355352, 0.000456991838291, -0.00116221257485, 0.001041911426, -0.000971857050899, 0.000684656552039], [-0.000228797405725, 1.61026455316e-05, -0.000727855309378, 0.00282847951166, -0.00120569393039, 0.00101119105238, 7.04474441591e-05, 0.000516189320479, -0.00115774618462, 0.000332495139446, 0.000217203021748, 0.000242650363361, -0.000578176695853], [1.11716535685e-05, -0.000854004174471, 0.000235181985772, -0.00120569393039, 0.00391174154356, -0.00185527920257, 0.000174794680788, -0.00122319674119, 0.000454506662209, -0.000852302298881, 0.00141348608304, -0.00119680236094, 0.000661130296066], [-0.000156060341396, 0.00101699645165, -0.00074136373587, 0.00101119105238, -0.00185527920257, 0.00583664607257, -0.00433356082067, 0.00158258341253, -0.000155090456246, 0.00147510122042, -0.00167761789635, 0.0017740551848, -0.00163890805561], [0.00022874653223, -0.00087057845667, 0.000619143946096, 7.04474441591e-05, 0.000174794680788, -0.00433356082067, 0.00825635995716, -0.00294069875963, 0.000177860201802, -0.00173358002212, 0.00136133178603, -0.00247623608448, 0.00159745919518], [-0.000210175800021, 0.00124703557231, -0.000473374355352, 0.000516189320479, -0.00122319674119, 0.00158258341253, -0.00294069875963, 0.00980749353766, -0.003414693987, 0.000687931140419, -0.00163409369998, 0.00132796599064, -0.00117366563063], [0.000123282021377, -0.00069572328357, 0.000456991838291, -0.00115774618462, 0.000454506662209, -0.000155090456246, 0.000177860201802, -0.003414693987, 0.0091641638428, -0.00455589080229, 0.00179574149661, -0.00134418206289, -0.000277640443528], [-0.000192515202798, 0.000863632652909, -0.00116221257485, 0.000332495139446, -0.000852302298881, 0.00147510122042, -0.00173358002212, 0.000687931140419, -0.00455589080229, 0.010813173838, -0.00468561239541, 0.00259152869694, -0.000955089519266], [0.000265440321527, -0.00156314682681, 0.001041911426, 0.000217203021748, 0.00141348608304, -0.00167761789635, 0.00136133178603, -0.00163409369998, 0.00179574149661, -0.00468561239541, 0.0127229914069, -0.00501792877913, 0.00177864695434], [-0.00012553758279, 0.00165269710124, -0.000971857050899, 0.000242650363361, -0.00119680236094, 0.0017740551848, -0.00247623608448, 0.00132796599064, -0.00134418206289, 0.00259152869694, -0.00501792877913, 0.0153306396678, -0.00596855534241], [0.000115698596346, -0.00102175108623, 0.000684656552039, -0.000578176695853, 0.000661130296066, -0.00163890805561, 0.00159745919518, -0.00117366563063, -0.000277640443528, -0.000955089519266, 0.00177864695434, -0.00596855534241, 0.0136914262548]], "mean": [-36.2779464722, 87.0777359009, -118.543563843, 18.4124946594, -62.371471405, 10.2933015823, -31.7469902039, 9.01189041138, -17.9202365875, 1.97259271145, -9.56954669952, 2.82406425476, -6.68690538406]}, "hfc": {"dmean": 7.38514137268, "dmean2": 10.5934648514, "dvar": 189.780548096, "dvar2": 406.392791748, "max": 211.510818481, "mean": 17.8433704376, "median": 9.32002067566, "min": 2.1989870902e-07, "var": 470.171325684}, "melbands": {"dmean": [0.000659990881104, 0.000432823144365, 0.000138485527714, 0.000166033249116, 0.000213657476706, 0.00012987597438, 0.000160693467478, 0.000123206424178, 0.000132135639433, 0.000133809313411, 0.000147967148223, 0.000113034031529, 6.36894910713e-05, 5.39482934983e-05, 4.45974328613e-05, 3.55792399205e-05, 3.65045998478e-05, 3.91610519728e-05, 4.0975981392e-05, 3.19924693031e-05, 1.85021181096e-05, 1.5075115698e-05, 1.06208590296e-05, 1.23163827084e-05, 1.12627294584e-05, 8.38082542032e-06, 6.04378374192e-06, 4.74497483083e-06, 3.47822947333e-06, 2.65154176304e-06, 2.6945119771e-06, 1.6862004486e-06, 1.57819908964e-06, 1.5124037418e-06, 1.18148000183e-06, 8.45095996738e-07, 6.28808209058e-07, 5.43802570974e-07, 4.21000635242e-07, 2.79656347857e-07], "dmean2": [0.00100106839091, 0.000714134890586, 0.000236208943534, 0.000268484087428, 0.000343419233104, 0.000209707286558, 0.000266097311396, 0.000201118120458, 0.000210662663449, 0.000223724855459, 0.000240181732806, 0.00017828932323, 9.9202603451e-05, 8.58720450196e-05, 7.04713384039e-05, 5.77223581786e-05, 5.85690722801e-05, 6.21710496489e-05, 6.48791319691e-05, 5.11750113219e-05, 2.96063808491e-05, 2.45145492954e-05, 1.69762606674e-05, 1.94823696802e-05, 1.79045728146e-05, 1.33178291435e-05, 9.34836862143e-06, 7.54208758735e-06, 5.52897290618e-06, 4.42427017333e-06, 4.63827245767e-06, 2.74654939858e-06, 2.59237435785e-06, 2.36730147662e-06, 1.81463872195e-06, 1.27843316022e-06, 9.53690232564e-07, 8.12268638128e-07, 6.13619420164e-07, 4.06512526752e-07], "dvar": [3.68180076293e-06, 2.06184995477e-06, 1.37383310062e-07, 9.91426816199e-08, 1.70241406749e-07, 5.89953756958e-08, 1.44293792914e-07, 1.03465659151e-07, 7.38395939948e-08, 1.33911115086e-07, 1.54986452117e-07, 1.07972603303e-07, 2.85435355352e-08, 2.29715482192e-08, 2.08487307418e-08, 1.57717199301e-08, 1.34665718576e-08, 1.20436576267e-08, 1.41691556266e-08, 8.04827227086e-09, 3.88040888311e-09, 2.03102112906e-09, 9.17153075708e-10, 1.36053668331e-09, 1.208585787e-09, 5.62144886196e-10, 2.67847383162e-10, 1.67527658412e-10, 1.15606933748e-10, 4.16925105551e-11, 5.23301922628e-11, 2.1162427713e-11, 2.06855088614e-11, 1.40974653826e-11, 9.26029392057e-12, 6.12335009087e-12, 3.09551451312e-12, 3.61073584226e-12, 2.97695310243e-12, 1.26311157714e-12], "dvar2": [8.51517870615e-06, 5.2142208915e-06, 3.87690533898e-07, 2.43202350703e-07, 4.14202901311e-07, 1.5261342412e-07, 3.83088320177e-07, 2.57383760527e-07, 1.80959759177e-07, 3.6607687548e-07, 3.76220441467e-07, 2.64414751427e-07, 6.60102088546e-08, 5.75266732028e-08, 5.44554232818e-08, 4.17234211625e-08, 3.47007222956e-08, 2.95495237168e-08, 3.5315515845e-08, 1.94576639245e-08, 9.49604928024e-09, 5.21563947586e-09, 2.15743600762e-09, 3.40651107322e-09, 2.97926239234e-09, 1.34750932634e-09, 5.94884752569e-10, 3.96789490154e-10, 2.86866558286e-10, 1.0796357558e-10, 1.37631170349e-10, 5.25900815951e-11, 5.36103349214e-11, 3.28151082696e-11, 2.02230454605e-11, 1.41603439044e-11, 6.87360455012e-12, 6.55345092429e-12, 5.14398896742e-12, 2.45196940009e-12], "max": [0.0378985591233, 0.0234186463058, 0.00780992489308, 0.0113890357316, 0.0101728858426, 0.00538294296712, 0.0116196162999, 0.00957221910357, 0.00703265657648, 0.00934503506869, 0.00898675061762, 0.00884258840233, 0.00392989022657, 0.00387178570963, 0.00559930317104, 0.00367702101357, 0.0034993654117, 0.00256158458069, 0.00312117673457, 0.00202094716951, 0.00191860657651, 0.00164517504163, 0.00159919867292, 0.00136556010693, 0.00114703713916, 0.000707961560693, 0.00085067312466, 0.000335057615303, 0.000404836406233, 0.000196618260816, 0.000186833931366, 0.00011126089521, 0.000127608567709, 9.96777016553e-05, 0.000120910219266, 0.000127673396491, 6.90990273142e-05, 0.000107477499114, 0.000121582954307, 8.00941415946e-05], "mean": [0.00120849895757, 0.000678049691487, 0.000253232516116, 0.000315336219501, 0.000374368799385, 0.000240657507675, 0.000252712343354, 0.000191650469787, 0.000203277115361, 0.000185820477782, 0.000218878005398, 0.000166832483956, 0.000101154750155, 7.98693508841e-05, 6.39784266241e-05, 4.9840338761e-05, 5.36679399374e-05, 5.47548916074e-05, 5.61222586839e-05, 4.45057812613e-05, 2.52155186899e-05, 2.11374044738e-05, 1.54959670908e-05, 1.76896555786e-05, 1.63675613294e-05, 1.24551197587e-05, 9.42036149354e-06, 6.96263941791e-06, 4.74623175251e-06, 3.43660281032e-06, 3.08686867356e-06, 2.2653657652e-06, 2.23204165195e-06, 2.28032649829e-06, 1.83069312243e-06, 1.3517529851e-06, 9.8012435501e-07, 8.44576732106e-07, 6.3887654278e-07, 4.09464121276e-07], "median": [0.000614481279626, 0.000343779160175, 0.000150818348629, 0.000180591261596, 0.00018556813302, 0.000143338766065, 0.00011957706738, 6.10377828707e-05, 8.54051468195e-05, 4.8180725571e-05, 5.80483938393e-05, 4.10476823163e-05, 1.82061648957e-05, 1.7907757865e-05, 1.74779997906e-05, 9.97336974251e-06, 1.04348455352e-05, 1.06985780803e-05, 8.70037092682e-06, 6.91160539645e-06, 5.16228283232e-06, 4.58649310531e-06, 3.87517229683e-06, 4.25406733484e-06, 4.15991416958e-06, 2.75359047919e-06, 2.28142403103e-06, 1.68567169112e-06, 1.24454038541e-06, 9.21563241718e-07, 7.12753205789e-07, 5.24997062712e-07, 5.61898445994e-07, 6.6390396114e-07, 5.44450415418e-07, 3.8158682969e-07, 2.47310907753e-07, 1.97918325284e-07, 1.43959667298e-07, 9.79317036354e-08], "min": [7.90771094439e-12, 8.41234720772e-12, 1.02287518733e-11, 8.22288938329e-12, 3.74152531873e-12, 3.38671582098e-12, 3.77199530291e-12, 2.19963543907e-12, 7.52626639396e-13, 1.93126290242e-13, 2.25314301179e-13, 4.11388696546e-13, 3.0074155514e-13, 1.99846649646e-13, 2.79949240872e-13, 2.49280115864e-13, 7.25270876884e-14, 3.13326330213e-14, 6.84076412053e-14, 4.00338060771e-14, 3.16599875385e-14, 4.31821631675e-14, 5.22524189715e-14, 3.29152124393e-14, 9.231186643e-14, 7.54430291025e-14, 6.89102570037e-14, 3.40968471177e-14, 3.1807079892e-14, 3.96724719862e-14, 4.36639927773e-14, 6.04574509487e-14, 2.2410709627e-14, 2.17136048996e-14, 6.14470700342e-14, 2.18747275068e-14, 1.71182461787e-14, 1.93445706366e-14, 9.33806644613e-15, 7.01259635823e-15], "var": [4.63053902422e-06, 1.86749173281e-06, 1.5812624099e-07, 2.22160394969e-07, 3.84714383017e-07, 1.04380511345e-07, 2.02498270596e-07, 1.82853000297e-07, 1.19962919598e-07, 1.59940256594e-07, 2.52814913893e-07, 1.69689030827e-07, 6.70559430205e-08, 4.10715479404e-08, 2.97303657248e-08, 2.22362963598e-08, 1.95351983479e-08, 1.77632077936e-08, 2.09930579587e-08, 1.31044837204e-08, 4.57324977887e-09, 2.62737742673e-09, 1.21261034547e-09, 1.58123858451e-09, 1.4030420159e-09, 8.0336320929e-10, 4.87381579539e-10, 2.37829950178e-10, 1.27833549302e-10, 4.93697097093e-11, 4.98520842662e-11, 2.65961783846e-11, 2.63580216681e-11, 2.25174167506e-11, 1.61525827436e-11, 1.09705309073e-11, 5.95945818735e-12, 9.19068900845e-12, 7.86190643837e-12, 2.58404495718e-12]}, "melbands_crest": {"dmean": 3.13679862022, "dmean2": 4.79750108719, "dvar": 9.0721988678, "dvar2": 20.5443115234, "max": 36.5415039062, "mean": 13.9219455719, "median": 12.8020009995, "min": 3.32657074928, "var": 37.7713012695}, "melbands_flatness_db": {"dmean": 0.0263620279729, "dmean2": 0.0375920124352, "dvar": 0.000920365098864, "dvar2": 0.00176407687832, "max": 0.759502232075, "mean": 0.199888646603, "median": 0.184405758977, "min": 0.0277287364006, "var": 0.00723095005378}, "melbands_kurtosis": {"dmean": 5.88045978546, "dmean2": 9.01279640198, "dvar": 347.52230835, "dvar2": 862.210144043, "max": 1149.51940918, "mean": 11.1560878754, "median": 4.93900442123, "min": -1.8475561142, "var": 916.338195801}, "melbands_skewness": {"dmean": 0.634598016739, "dmean2": 0.94469332695, "dvar": 0.620177507401, "dvar2": 1.33839070797, "max": 24.1299381256, "mean": 2.00492691994, "median": 1.74856746197, "min": -8.69511985779, "var": 2.61455774307}, "melbands_spread": {"dmean": 7.23152828217, "dmean2": 10.8718881607, "dvar": 109.224281311, "dvar2": 225.518035889, "max": 220.033599854, "mean": 25.1752548218, "median": 21.3007793427, "min": 0.160502806306, "var": 358.597961426}, "mfcc": {"cov": [[13591.2314453, 99.3139648438, -1022.03955078, 803.196350098, 532.27154541, 229.278610229, -321.890106201, 11.4016885757, 97.8094329834, 428.517944336, -36.1990432739, -279.292022705, -194.236114502], [99.3139648438, 1345.42980957, 87.0715408325, 142.49307251, 120.198326111, 61.5723075867, 12.9346609116, -72.6176071167, -54.0824813843, 47.0477714539, 21.7480392456, -28.6732330322, -25.2601299286], [-1022.03955078, 87.0715408325, 689.638000488, 80.218132019, 20.4106655121, 36.0879631042, -12.2484502792, -44.7795600891, 16.3886241913, -39.0598182678, 35.0737037659, 51.7597122192, -24.3885364532], [803.196350098, 142.49307251, 80.218132019, 509.332702637, 209.548461914, 53.3032112122, -101.9063797, -30.3036766052, 58.1365966797, 51.8289108276, 15.9768409729, 6.33783006668, -10.2118330002], [532.27154541, 120.198326111, 20.4106655121, 209.548461914, 312.323944092, 90.9878540039, -4.50520038605, 0.326952010393, 43.3358001709, 47.9276351929, 6.74782705307, -20.9311752319, -16.0588645935], [229.278610229, 61.5723075867, 36.0879631042, 53.3032112122, 90.9878540039, 282.100250244, 117.848693848, 57.5741233826, 64.0085449219, 33.6595878601, 3.16108679771, -5.71727561951, -9.30585861206], [-321.890106201, 12.9346609116, -12.2484502792, -101.9063797, -4.50520038605, 117.848693848, 273.449249268, 108.749893188, 24.3781776428, -5.41371774673, -18.1203117371, -5.16064691544, 19.6433200836], [11.4016885757, -72.6176071167, -44.7795600891, -30.3036766052, 0.326952010393, 57.5741233826, 108.749893188, 195.002578735, 59.8458404541, -12.8543787003, -26.5347595215, -2.20906949043, 26.3704833984], [97.8094329834, -54.0824813843, 16.3886241913, 58.1365966797, 43.3358001709, 64.0085449219, 24.3781776428, 59.8458404541, 183.358581543, 48.9512939453, 11.4956884384, 23.7783927917, 12.2713241577], [428.517944336, 47.0477714539, -39.0598182678, 51.8289108276, 47.9276351929, 33.6595878601, -5.41371774673, -12.8543787003, 48.9512939453, 179.093933105, 71.8713607788, 2.87246203423, 4.55257797241], [-36.1990432739, 21.7480392456, 35.0737037659, 15.9768409729, 6.74782705307, 3.16108679771, -18.1203117371, -26.5347595215, 11.4956884384, 71.8713607788, 138.843658447, 48.5071220398, 6.62392139435], [-279.292022705, -28.6732330322, 51.7597122192, 6.33783006668, -20.9311752319, -5.71727561951, -5.16064691544, -2.20906949043, 23.7783927917, 2.87246203423, 48.5071220398, 116.058258057, 39.6354026794], [-194.236114502, -25.2601299286, -24.3885364532, -10.2118330002, -16.0588645935, -9.30585861206, 19.6433200836, 26.3704833984, 12.2713241577, 4.55257797241, 6.62392139435, 39.6354026794, 101.448127747]], "icov": [[0.0001123763941, 1.2176027667e-05, 0.000166292855283, -0.000138153976877, -4.28356361226e-05, -9.88684550975e-05, 0.000146896883962, -8.16412357381e-05, 5.24593742739e-05, -0.000217067674384, 7.30434039724e-05, 0.000101812904177, 0.000180039089173], [1.2176027667e-05, 0.000832673918922, -6.91747263772e-05, -0.000202235896722, -0.000176176748937, -0.000110216700705, -0.000207278135349, 0.000280599313555, 0.000360279576853, -0.000212601866224, -2.97245460388e-05, 0.000171609528479, 2.37096246565e-05], [0.000166292855283, -6.91747263772e-05, 0.00192076375242, -0.000464448006824, 8.41930886963e-06, -0.000365055428119, 7.30974134058e-05, 0.000325880362652, -0.000206290103961, 0.000454712338978, -0.000361208192771, -0.000556961575057, 0.000830891309306], [-0.000138153976877, -0.000202235896722, -0.000464448006824, 0.00339763634838, -0.00181385455653, -0.000253383361269, 0.00126444117632, -1.99900823645e-05, -0.000577131169848, -5.35767612746e-05, 0.000244206778007, -0.000495769199915, -0.000384558108635], [-4.28356361226e-05, -0.000176176748937, 8.41930886963e-06, -0.00181385455653, 0.00501129589975, -0.000988088781014, -0.000237514235778, 0.000125338890939, -0.000320020073559, -0.000369316461729, -9.59395838436e-05, 0.000864937668666, 0.000133219436975], [-9.88684550975e-05, -0.000110216700705, -0.000365055428119, -0.000253383361269, -0.000988088781014, 0.00543955946341, -0.00248223356903, -0.000167028352735, -0.00110933114775, -0.000260552827967, -9.7014795756e-05, -8.45438335091e-05, 0.000721848919056], [0.000146896883962, -0.000207278135349, 7.30974134058e-05, 0.00126444117632, -0.000237514235778, -0.00248223356903, 0.00652275653556, -0.00283296755515, 0.000533995393198, -0.000427349266829, 0.000422662327765, 0.000188838734175, -0.000564182526432], [-8.16412357381e-05, 0.000280599313555, 0.000325880362652, -1.99900823645e-05, 0.000125338890939, -0.000167028352735, -0.00283296755515, 0.00804735627025, -0.00243572937325, 0.00119211326819, 0.000479622365674, 0.000573034980334, -0.00156295089982], [5.24593742739e-05, 0.000360279576853, -0.000206290103961, -0.000577131169848, -0.000320020073559, -0.00110933114775, 0.000533995393198, -0.00243572937325, 0.00772856082767, -0.00244106655009, 0.000966752471868, -0.00181971862912, 0.000282312452327], [-0.000217067674384, -0.000212601866224, 0.000454712338978, -5.35767612746e-05, -0.000369316461729, -0.000260552827967, -0.000427349266829, 0.00119211326819, -0.00244106655009, 0.00922659877688, -0.0051480694674, 0.00199511065148, -0.00123623665422], [7.30434039724e-05, -2.97245460388e-05, -0.000361208192771, 0.000244206778007, -9.59395838436e-05, -9.7014795756e-05, 0.000422662327765, 0.000479622365674, 0.000966752471868, -0.0051480694674, 0.0117367655039, -0.00505039514974, 0.00116051535588], [0.000101812904177, 0.000171609528479, -0.000556961575057, -0.000495769199915, 0.000864937668666, -8.45438335091e-05, 0.000188838734175, 0.000573034980334, -0.00181971862912, 0.00199511065148, -0.00505039514974, 0.0134187284857, -0.00478479871526], [0.000180039089173, 2.37096246565e-05, 0.000830891309306, -0.000384558108635, 0.000133219436975, 0.000721848919056, -0.000564182526432, -0.00156295089982, 0.000282312452327, -0.00123623665422, 0.00116051535588, -0.00478479871526, 0.0127866836265]], "mean": [-676.863037109, 120.075134277, -1.85707044601, 13.3553180695, -5.0036687851, -0.0576702691615, -2.53627443314, 5.56702136993, -2.92008447647, 5.33104801178, -0.834973156452, -1.20488977432, 0.741098582745]}, "pitch_salience": {"dmean": 0.0667337924242, "dmean2": 0.10550506413, "dvar": 0.00414836639538, "dvar2": 0.00976792164147, "max": 0.869719266891, "mean": 0.561777234077, "median": 0.573549151421, "min": 0.0129241514951, "var": 0.015427486971}, "silence_rate_20dB": {"dmean": 0, "dmean2": 0, "dvar": 0, "dvar2": 0, "max": 1, "mean": 1, "median": 1, "min": 1, "var": 0}, "silence_rate_30dB": {"dmean": 0.00174418604001, "dmean2": 0.0034886256326, "dvar": 0.00174156506546, "dvar2": 0.00478446064517, "max": 1, "mean": 0.998909950256, "median": 1, "min": 0, "var": 0.00108866568189}, "silence_rate_60dB": {"dmean": 0.025290697813, "dmean2": 0.0505850724876, "dvar": 0.0246523320675, "dvar2": 0.0555889159441, "max": 1, "mean": 0.123101517558, "median": 0, "min": 0, "var": 0.107930369675}, "spectral_centroid": {"dmean": 265.302886963, "dmean2": 398.094207764, "dvar": 121990.054688, "dvar2": 248025.265625, "max": 11402.8759766, "mean": 1339.06506348, "median": 1278.81970215, "min": 251.513000488, "var": 442935.75}, "spectral_complexity": {"dmean": 3.94273257256, "dmean2": 5.72788715363, "dvar": 26.4383449554, "dvar2": 47.1833992004, "max": 59, "mean": 17.803358078, "median": 15, "min": 0, "var": 147.890701294}, "spectral_contrast_coeffs": {"dmean": [0.0464803799987, 0.0447035059333, 0.040443778038, 0.0346218235791, 0.0261247288436, 0.0224867984653], "dmean2": [0.0754547342658, 0.0730169415474, 0.0645719096065, 0.0557889714837, 0.0407919883728, 0.0365888737142], "dvar": [0.00164216256235, 0.00140433653723, 0.00115369923878, 0.000902232830413, 0.000615413708147, 0.000672714784741], "dvar2": [0.00409704400226, 0.00363076315261, 0.00284140300937, 0.00216554896906, 0.00135052192491, 0.00174597231671], "max": [-0.227997139096, -0.33098885417, -0.363538116217, -0.505368411541, -0.537834227085, -0.559605121613], "mean": [-0.672079026699, -0.74336373806, -0.746657431126, -0.770644843578, -0.791813611984, -0.772547245026], "median": [-0.694902062416, -0.753536939621, -0.75710439682, -0.781858503819, -0.800721228123, -0.771296262741], "min": [-0.95834082365, -0.961795806885, -0.965230941772, -0.9536049366, -0.949834465981, -0.960801243782], "var": [0.0135682960972, 0.00660956883803, 0.0061604580842, 0.0040543070063, 0.00292513682507, 0.00198213965632]}, "spectral_contrast_valleys": {"dmean": [0.36686655879, 0.354222863913, 0.353498727083, 0.352771490812, 0.369752526283, 0.354909151793], "dmean2": [0.575412094593, 0.569599986076, 0.544811308384, 0.515674293041, 0.520233511925, 0.453743547201], "dvar": [0.155402317643, 0.118528932333, 0.144338026643, 0.15141376853, 0.208842545748, 0.193925842643], "dvar2": [0.314373522997, 0.251589357853, 0.278565853834, 0.263403296471, 0.380762279034, 0.299252718687], "max": [-5.45261621475, -4.71614933014, -4.68126344681, -5.19054269791, -5.2693195343, -7.28590774536], "mean": [-7.88090896606, -6.90631628036, -7.58273649216, -8.07956218719, -7.99952936172, -10.4909906387], "median": [-7.14311122894, -6.5430855751, -7.36968898773, -7.82103204727, -7.7648973465, -10.2858314514], "min": [-27.6011428833, -27.2295532227, -27.4052047729, -27.5386753082, -27.5095081329, -27.2497005463], "var": [3.01992917061, 2.06018543243, 2.01401019096, 2.31850147247, 2.21713972092, 1.77749562263]}, "spectral_decrease": {"dmean": 1.64534941227e-09, "dmean2": 2.43687026114e-09, "dvar": 7.35061147328e-18, "dvar2": 1.53105738166e-17, "max": -4.56707327316e-17, "mean": -4.70652627982e-09, "median": -3.6219600652e-09, "min": -4.17468797309e-08, "var": 1.77427362804e-17}, "spectral_energy": {"dmean": 0.0067804614082, "dmean2": 0.00998978875577, "dvar": 0.000123377190903, "dvar2": 0.000256575876847, "max": 0.166662350297, "mean": 0.0193819589913, "median": 0.014636201784, "min": 1.92317328729e-10, "var": 0.000305527210003}, "spectral_energyband_high": {"dmean": 0.000381633930374, "dmean2": 0.000573838944547, "dvar": 7.28078589418e-07, "dvar2": 1.62511844337e-06, "max": 0.0198305565864, "mean": 0.000638197583612, "median": 0.000224132309086, "min": 1.47005116413e-11, "var": 1.29695752094e-06}, "spectral_energyband_low": {"dmean": 0.00255592912436, "dmean2": 0.00388245959766, "dvar": 5.04247182107e-05, "dvar2": 0.000106944527943, "max": 0.127352520823, "mean": 0.00533803319559, "median": 0.00335902324878, "min": 6.23969140245e-11, "var": 7.12458349881e-05}, "spectral_energyband_middle_high": {"dmean": 0.00278126308694, "dmean2": 0.00410888763145, "dvar": 2.95542413369e-05, "dvar2": 6.46978514851e-05, "max": 0.0813053846359, "mean": 0.00631229486316, "median": 0.00225312728435, "min": 1.58489957269e-11, "var": 8.34280799609e-05}, "spectral_energyband_middle_low": {"dmean": 0.00291064870544, "dmean2": 0.0046121799387, "dvar": 2.3871065423e-05, "dvar2": 5.77377104491e-05, "max": 0.0816578790545, "mean": 0.00740967551246, "median": 0.00535111036152, "min": 9.73160302342e-11, "var": 5.23600174347e-05}, "spectral_entropy": {"dmean": 0.183584347367, "dmean2": 0.264696747065, "dvar": 0.0516112297773, "dvar2": 0.097831055522, "max": 9.78417205811, "mean": 7.47871208191, "median": 7.61348247528, "min": 2.41080474854, "var": 0.41958925128}, "spectral_flux": {"dmean": 0.0215745419264, "dmean2": 0.032519377768, "dvar": 0.00077361689182, "dvar2": 0.00146875157952, "max": 0.328787952662, "mean": 0.0724581032991, "median": 0.0629155114293, "min": 4.31355583714e-05, "var": 0.00240995641798}, "spectral_kurtosis": {"dmean": 1.77211511135, "dmean2": 2.86356067657, "dvar": 7.10597991943, "dvar2": 16.8399658203, "max": 98.5049972534, "mean": 5.50364685059, "median": 4.35421848297, "min": -1.17369794846, "var": 28.8865242004}, "spectral_rms": {"dmean": 0.000681859382894, "dmean2": 0.000970404245891, "dvar": 7.89330044881e-07, "dvar2": 1.52341908688e-06, "max": 0.0127513688058, "mean": 0.00391178112477, "median": 0.00377878569998, "min": 4.33158930946e-07, "var": 3.60721332981e-06}, "spectral_rolloff": {"dmean": 455.070770264, "dmean2": 750.411376953, "dvar": 755650, "dvar2": 1639262.625, "max": 15267.0410156, "mean": 1443.33312988, "median": 1119.7265625, "min": 21.533203125, "var": 1704408.375}, "spectral_skewness": {"dmean": 0.25616440177, "dmean2": 0.400069087744, "dvar": 0.0951479300857, "dvar2": 0.214689284563, "max": 8.91535186768, "mean": 1.72233986855, "median": 1.59550905228, "min": -0.270878940821, "var": 0.493120551109}, "spectral_spread": {"dmean": 547097.5, "dmean2": 785334.375, "dvar": 581854232576, "dvar2": 1031686324220.0, "max": 39502772, "mean": 4384527.5, "median": 4139534