{"lowlevel": {"average_loudness": 0.903027176857, "barkbands": {"dmean": [6.21056024102e-05, 0.00350483227521, 0.00123725377489, 0.00106915610377, 0.00147019315045, 0.000726134865545, 0.000772694533225, 0.000823648122605, 0.000961573910899, 0.000992109416984, 0.00072790653212, 0.000594176060986, 0.000352941395249, 0.000443796918262, 0.000570490024984, 0.000432175729657, 0.000228679753491, 0.000243117785431, 0.000195118176634, 9.28668960114e-05, 6.66443884256e-05, 7.39269162295e-05, 5.09956698806e-05, 1.74912765942e-05, 3.82250937037e-06, 3.27424663737e-06, 1.42825183502e-06], "dmean2": [9.65540166362e-05, 0.00515599362552, 0.00219022645615, 0.0018064515898, 0.00246925023384, 0.0011695465073, 0.00126298121177, 0.00130609679036, 0.00154041859787, 0.00161050213501, 0.00119081733283, 0.000951982685365, 0.000559920037631, 0.000717018963769, 0.000917321187444, 0.00068565091351, 0.000365051440895, 0.000388078187825, 0.000302920030663, 0.000148008170072, 0.000103915321233, 0.000109431101009, 7.48715756345e-05, 2.4311895686e-05, 5.40852670383e-06, 4.55615827377e-06, 2.06523304769e-06], "dvar": [1.22217214127e-08, 4.48727587354e-05, 5.77778610023e-06, 6.73722388456e-06, 6.55173562336e-06, 1.43488671256e-06, 2.34876711147e-06, 2.68753274213e-06, 5.61196111448e-06, 6.06622916166e-06, 2.5716278742e-06, 2.97121232506e-06, 8.497963222e-07, 1.43697798194e-06, 1.55328177698e-06, 1.37242579967e-06, 2.09517310168e-07, 2.12339855921e-07, 1.33310535944e-07, 2.30601653328e-08, 1.90703577374e-08, 3.71595199056e-08, 1.63778164364e-08, 1.96245886208e-09, 1.2286835438e-10, 3.7633993144e-11, 1.45361188364e-11], "dvar2": [2.84073369272e-08, 9.13003314054e-05, 1.61645784829e-05, 1.64726225194e-05, 1.68099741131e-05, 3.73612306248e-06, 6.03825401413e-06, 6.41581391392e-06, 1.39087778734e-05, 1.57838621817e-05, 6.63828632241e-06, 7.81245034887e-06, 2.04984826269e-06, 3.79532821171e-06, 3.84691702493e-06, 3.43412989423e-06, 4.98126496495e-07, 5.2940202977e-07, 3.14452847761e-07, 5.62854083341e-08, 4.23487520607e-08, 6.88668464477e-08, 3.29160201318e-08, 3.658507719e-09, 2.62188576405e-10, 8.04947913879e-11, 3.76030942495e-11], "max": [0.00154709094204, 0.0635335743427, 0.0266947243363, 0.0327278487384, 0.0364392362535, 0.0246115289629, 0.036796361208, 0.029512565583, 0.0523044914007, 0.0589580722153, 0.034236766398, 0.0480465404689, 0.0215843636543, 0.0231429301202, 0.0263800378889, 0.0244700685143, 0.0135933095589, 0.0120618231595, 0.00946622807533, 0.0032294858247, 0.00334679777734, 0.0075994739309, 0.00356763927266, 0.00176614837255, 0.000323202111758, 0.000158731054398, 9.67242303886e-05], "mean": [8.82496315171e-05, 0.0045538325794, 0.00142160314135, 0.00112446281128, 0.00226662610658, 0.00136103085242, 0.00125165795907, 0.00131111498922, 0.00148194422945, 0.0016150312731, 0.00116046378389, 0.00101599888876, 0.000553198740818, 0.000733099761419, 0.00104168243706, 0.000738498405553, 0.000471981998999, 0.000485942990053, 0.000418829265982, 0.000208339362871, 0.000137332666782, 0.00014525273582, 9.76441442617e-05, 3.72359427274e-05, 8.26104587759e-06, 5.56338045499e-06, 1.89762408809e-06], "median": [2.91904598271e-05, 0.00166524969973, 0.000624263775535, 0.000391024106648, 0.00131972297095, 0.000790118472651, 0.00060884479899, 0.000588579045143, 0.000535613275133, 0.000571975775529, 0.000407602870837, 0.000217783817789, 0.000170460378285, 0.000159350223839, 0.000291373580694, 0.000212749073398, 0.000181671581231, 0.000193844665773, 0.000174463813892, 0.000112789079139, 6.4145642682e-05, 6.19460333837e-05, 4.10870634369e-05, 1.63761469594e-05, 3.63081267096e-06, 2.42696887653e-06, 7.29896896701e-07], "min": [1.2511828967e-24, 3.87679933186e-24, 6.98719643126e-25, 3.60972075955e-25, 4.9340173064e-24, 9.41211639694e-24, 5.24029136957e-24, 1.36379677467e-23, 1.53315416697e-23, 1.73025406181e-23, 1.05819545209e-23, 2.93194165595e-23, 2.93914900473e-23, 3.71794467588e-23, 3.282235972e-23, 3.28693568973e-23, 7.70745566502e-23, 1.07034073881e-22, 1.15428500546e-22, 1.73338501919e-22, 2.20693367675e-22, 3.04358238722e-22, 4.69304131511e-22, 5.78149770819e-22, 9.04006930454e-22, 1.3108296432e-21, 1.97846173666e-21], "var": [1.83448509716e-08, 5.9292808146e-05, 5.10908466822e-06, 6.20058244749e-06, 8.26442828838e-06, 2.9103525776e-06, 3.88704529541e-06, 4.93730885864e-06, 1.0083237612e-05, 1.30793750941e-05, 5.72974158786e-06, 6.86983821652e-06, 1.57270665113e-06, 3.10913924295e-06, 3.85413386539e-06, 2.40325562118e-06, 6.10628603681e-07, 5.85910299833e-07, 4.07663065971e-07, 6.91220449767e-08, 4.91855942641e-08, 1.04258326417e-07, 4.2176782955e-08, 5.42627409672e-09, 2.71707545352e-10, 8.41611433322e-11, 1.53210274328e-11]}, "barkbands_crest": {"dmean": 2.79528021812, "dmean2": 4.4823141098, "dvar": 7.68448448181, "dvar2": 16.7137355804, "max": 26.4229621887, "mean": 8.8523979187, "median": 7.6942358017, "min": 2.62575697899, "var": 17.8389606476}, "barkbands_flatness_db": {"dmean": 0.0192940309644, "dmean2": 0.0287583731115, "dvar": 0.000380312849302, "dvar2": 0.000834212696645, "max": 0.463301181793, "mean": 0.11941318959, "median": 0.114128425717, "min": 0.0284465309232, "var": 0.00161690008827}, "barkbands_kurtosis": {"dmean": 3.24547052383, "dmean2": 4.68963336945, "dvar": 325.421173096, "dvar2": 557.519897461, "max": 993.067260742, "mean": 3.77263617516, "median": 0.706522703171, "min": -1.89047622681, "var": 616.629943848}, "barkbands_skewness": {"dmean": 0.525832056999, "dmean2": 0.758605778217, "dvar": 0.594346761703, "dvar2": 1.01892077923, "max": 29.0441856384, "mean": 1.13591325283, "median": 0.935667872429, "min": -3.47992324829, "var": 2.30425310135}, "barkbands_spread": {"dmean": 5.17662382126, "dmean2": 7.77660179138, "dvar": 36.9219207764, "dvar2": 77.1124267578, "max": 121.389007568, "mean": 22.3692398071, "median": 20.5913066864, "min": 0.255785614252, "var": 132.288192749}, "dissonance": {"dmean": 0.0172387138009, "dmean2": 0.0293291863054, "dvar": 0.000295258243568, "dvar2": 0.000846402021125, "max": 0.499999970198, "mean": 0.468997836113, "median": 0.474562048912, "min": 0.284225612879, "var": 0.000533931597602}, "dynamic_complexity": 4.1080327034, "erbbands": {"dmean": [0.101201720536, 0.833542704582, 1.47779583931, 2.20946550369, 5.29803657532, 4.51471662521, 5.13928556442, 6.59143733978, 9.232462883, 14.2067966461, 18.2574424744, 22.4443626404, 26.6168365479, 30.2838230133, 27.7306842804, 23.9328079224, 15.4544334412, 23.7589187622, 22.3813972473, 28.0299415588, 18.145778656, 10.1342220306, 12.2001152039, 10.6361904144, 9.1909532547, 4.22478675842, 3.05204796791, 2.53906059265, 2.67893481255, 2.2981672287, 1.29584932327, 0.547433078289, 0.206779181957, 0.0576828718185, 0.0233430806547, 0.0132505241781, 0.00634774053469, 0.00182402599603, 0.000250737502938, 1.6519550627e-05], "dmean2": [0.147646456957, 1.26207196712, 2.55399179459, 3.78796243668, 9.13439083099, 7.48297023773, 8.0906124115, 10.6710681915, 15.010351181, 23.1646671295, 28.9331245422, 36.0600090027, 43.0424461365, 48.4737701416, 45.0208702087, 38.2597465515, 24.3966579437, 38.4734077454, 35.5586128235, 44.2727050781, 28.6524124146, 15.958820343, 19.3774585724, 16.6139221191, 14.1041488647, 6.74195957184, 4.89287805557, 3.82213044167, 4.00647926331, 3.40305399895, 1.89233899117, 0.773484826088, 0.2866525352, 0.0809660851955, 0.0333775095642, 0.0187276750803, 0.00894380733371, 0.00256762723438, 0.000363132799976, 2.3250169761e-05], "dvar": [0.036673668772, 2.6521384716, 8.28466796875, 19.2726669312, 171.342803955, 55.2333335876, 73.7002410889, 137.683380127, 354.694213867, 678.105712891, 1657.85046387, 3325.26806641, 4068.8815918, 7007.53710938, 4164.72070313, 5323.66015625, 1558.26086426, 4249.02783203, 2671.10668945, 4290.85351563, 2164.99462891, 356.827819824, 568.164978027, 369.409484863, 299.158508301, 48.168170929, 34.7504653931, 33.1309204102, 47.0208892822, 41.8887748718, 9.94528388977, 1.64144229889, 0.311032533646, 0.0316845960915, 0.0042679309845, 0.00080625677947, 0.000125454069348, 1.71741994563e-05, 4.91100195177e-07, 9.28033094816e-10], "dvar2": [0.071569621563, 5.85333108902, 22.2211265564, 49.6302909851, 438.100219727, 141.792877197, 177.095092773, 360.398773193, 933.075195313, 1734.00732422, 3993.51977539, 8223.3125, 10838.1689453, 17648.9433594, 11088.2685547, 14245.0771484, 3682.08276367, 11338.2255859, 6708.32226563, 10300.1582031, 5590.92529297, 835.703552246, 1403.57299805, 876.494140625, 685.368530273, 120.400466919, 85.3863143921, 65.7495880127, 89.5266647339, 84.0919647217, 19.957868576, 3.13106012344, 0.561666071415, 0.0667119249701, 0.0094240969047, 0.00173632928636, 0.000267650117166, 4.23917881562e-05, 1.27066027744e-06, 2.31346031221e-09], "max": [2.04994606972, 15.3552923203, 29.888004303, 63.0635299683, 157.407028198, 176.784393311, 168.710769653, 259.378234863, 497.209960938, 535.764953613, 800.405334473, 1148.3449707, 1677.05834961, 2075.87866211, 1317.43518066, 2004.26013184, 1159.55505371, 1374.25170898, 1277.6862793, 1410.70166016, 1079.7689209, 431.29498291, 534.135131836, 403.068115234, 496.024627686, 122.350273132, 133.944335938, 171.574661255, 247.165496826, 203.058105469, 90.4102020264, 52.7385520935, 18.2191562653, 5.50634908676, 2.29553508759, 0.834386229515, 0.26048630476, 0.116061173379, 0.020136570558, 0.00100973609369], "mean": [0.128222495317, 1.02451753616, 1.75106215477, 2.68201184273, 5.94483661652, 7.33051967621, 9.46492576599, 11.7881555557, 16.4584522247, 23.0583992004, 29.8233032227, 35.2661743164, 44.1650276184, 51.4327049255, 49.531162262, 43.9261932373, 26.6313171387, 41.1067276001, 43.9609985352, 53.5848197937, 36.3726654053, 24.2656917572, 25.7021961212, 23.0750141144, 19.8915138245, 10.0655698776, 6.55714797974, 5.08223628998, 5.15763282776, 4.37856340408, 2.52282810211, 1.14622151852, 0.435445994139, 0.123939074576, 0.0482307560742, 0.0239939279854, 0.0103451227769, 0.00264288508333, 0.000343086372595, 4.20902033511e-05], "median": [0.0462925061584, 0.365862905979, 0.817890226841, 1.27519977093, 2.42463541031, 3.96175479889, 5.13389396667, 6.36487197876, 8.33525943756, 11.1993083954, 12.7916431427, 13.5628032684, 17.2776908875, 19.1761226654, 16.9383773804, 10.0222082138, 9.10352516174, 9.97754478455, 12.7048883438, 16.5817604065, 12.3330898285, 9.86136341095, 10.6605072021, 9.66490650177, 8.73220443726, 5.52409267426, 3.1613240242, 2.16766810417, 2.13005614281, 1.7889496088, 1.11348724365, 0.535498023033, 0.182266056538, 0.053563579917, 0.0209986418486, 0.0105311404914, 0.00440683308989, 0.00107331282925, 0.000139879804919, 3.71069800167e-05], "min": [1.52147880469e-22, 3.61857464444e-22, 1.0519184764e-21, 2.46105094214e-21, 8.79843260122e-21, 1.51598634865e-20, 3.21500353304e-20, 8.41442563407e-20, 1.12158013792e-19, 1.88290243956e-19, 2.6120761082e-19, 3.89925030843e-19, 5.27682656082e-19, 8.33033070483e-19, 6.74303469885e-19, 1.32012969622e-18, 1.63445688142e-18, 1.62126800354e-18, 2.27862492082e-18, 2.77647225788e-18, 4.37812139846e-18, 5.59037195694e-18, 5.8883985142e-18, 7.46633983124e-18, 5.07802083502e-18, 6.52675323165e-18, 7.87787955678e-18, 9.26717406331e-18, 1.17088416595e-17, 1.14400658631e-17, 1.25571741075e-17, 1.23371233851e-17, 1.05684788865e-17, 9.03972669182e-18, 6.33571586919e-18, 4.19500842625e-18, 2.28227278732e-18, 9.6358879602e-19, 2.621279268e-19, 2.59405908048e-20], "var": [0.0493907704949, 3.14885807037, 7.31416606903, 18.296131134, 143.979202271, 96.4982223511, 172.480331421, 261.009796143, 602.945922852, 1224.60949707, 3070.44921875, 5522.76757813, 7195.09960938, 15301.8916016, 9952.21582031, 12272.1582031, 2993.74658203, 9051.70410156, 8204.35253906, 9850.43359375, 4534.72509766, 1341.2421875, 1608.99291992, 1080.87512207, 939.188232422, 156.577529907, 89.0395278931, 90.313041687, 131.8775177, 103.297866821, 25.9961738586, 4.49529457092, 0.879235386848, 0.0700563192368, 0.0089409481734, 0.00179504579864, 0.000276180740912, 2.36063497141e-05, 5.00640965129e-07, 1.35359978781e-09]}, "erbbands_crest": {"dmean": 2.54861783981, "dmean2": 4.18831062317, "dvar": 5.72430324554, "dvar2": 14.9583158493, "max": 28.1352157593, "mean": 8.33584880829, "median": 7.44875812531, "min": 2.30632996559, "var": 14.2016887665}, "erbbands_flatness_db": {"dmean": 0.0186485033482, "dmean2": 0.0253391359001, "dvar": 0.000283384026261, "dvar2": 0.000517423672136, "max": 0.310101658106, "mean": 0.161204650998, "median": 0.158982366323, "min": 0.0399310179055, "var": 0.00176329258829}, "erbbands_kurtosis": {"dmean": 0.739085197449, "dmean2": 1.17338502407, "dvar": 0.865603148937, "dvar2": 1.99302506447, "max": 18.867980957, "mean": 0.195597678423, "median": -0.190583884716, "min": -1.85550010204, "var": 2.23722362518}, "erbbands_skewness": {"dmean": 0.324160456657, "dmean2": 0.50694257021, "dvar": 0.0922424346209, "dvar2": 0.210549503565, "max": 3.24321198463, "mean": 0.213311895728, "median": 0.272007346153, "min": -3.53953957558, "var": 0.426882117987}, "erbbands_spread": {"dmean": 7.35231256485, "dmean2": 10.8453130722, "dvar": 70.3149261475, "dvar2": 135.787475586, "max": 175.306091309, "mean": 34.5399169922, "median": 31.1787509918, "min": 4.72367954254, "var": 308.289642334}, "gfcc": {"cov": [[25311.640625, 1834.97680664, -2666.14160156, 532.063232422, -1045.50183105, 115.633110046, -407.382141113, 81.0410614014, -83.3121795654, -105.904891968, -88.4678344727, 20.7698116302, -128.708816528], [1834.97680664, 1005.82598877, -337.630737305, -63.0841178894, 54.7980422974, -132.319519043, -8.22932624817, -0.965548634529, 19.5435028076, -82.0567016602, 33.0984382629, -24.7692222595, 31.9129104614], [-2666.14160156, -337.630737305, 1181.40576172, 135.967056274, 68.5997848511, 114.221633911, 94.8472061157, -13.0426340103, 8.24188041687, 47.1036567688, -81.7802734375, 84.0043792725, -28.2625598907], [532.063232422, -63.0841178894, 135.967056274, 315.082427979, -41.1799278259, 10.9162807465, -8.74933433533, -15.1894350052, 29.8088951111, -0.52378565073, -27.1977767944, 7.55015182495, 12.5868682861], [-1045.50183105, 54.7980422974, 68.5997848511, -41.1799278259, 254.981842041, 8.64292430878, 37.0705871582, 36.2044448853, 32.8584060669, 11.8782911301, 17.7856578827, 4.55086088181, 14.2614164352], [115.633110046, -132.319519043, 114.221633911, 10.9162807465, 8.64292430878, 218.418716431, 96.4863510132, 4.5575876236, -28.4890937805, 29.7813720703, 11.7808942795, 2.39395475388, -11.4388914108], [-407.382141113, -8.22932624817, 94.8472061157, -8.74933433533, 37.0705871582, 96.4863510132, 171.605285645, 24.6673278809, -10.86810112, 15.8797483444, 26.5635528564, 1.05566215515, -18.3781661987], [81.0410614014, -0.965548634529, -13.0426340103, -15.1894350052, 36.2044448853, 4.5575876236, 24.6673278809, 112.817398071, 54.1386871338, 26.1562805176, 16.0986061096, 12.3597383499, 8.73366069794], [-83.3121795654, 19.5435028076, 8.24188041687, 29.8088951111, 32.8584060669, -28.4890937805, -10.86810112, 54.1386871338, 99.8089904785, 32.6252288818, 6.29188776016, 8.81970500946, 16.412771225], [-105.904891968, -82.0567016602, 47.1036567688, -0.52378565073, 11.8782911301, 29.7813720703, 15.8797483444, 26.1562805176, 32.6252288818, 77.3058319092, 27.1932563782, 15.0198411942, -0.893522679806], [-88.4678344727, 33.0984382629, -81.7802734375, -27.1977767944, 17.7856578827, 11.7808942795, 26.5635528564, 16.0986061096, 6.29188776016, 27.1932563782, 85.848991394, 14.5899248123, 11.2905321121], [20.7698116302, -24.7692222595, 84.0043792725, 7.55015182495, 4.55086088181, 2.39395475388, 1.05566215515, 12.3597383499, 8.81970500946, 15.0198411942, 14.5899248123, 76.5824127197, 21.0368423462], [-128.708816528, 31.9129104614, -28.2625598907, 12.5868682861, 14.2614164352, -11.4388914108, -18.3781661987, 8.73366069794, 16.412771225, -0.893522679806, 11.2905321121, 21.0368423462, 75.664604187]], "icov": [[0.000156425347086, -0.00037783337757, 0.0004175476206, -0.000431080610724, 0.000470988714369, -0.000601995270699, 0.000440154108219, -0.000468258425826, 0.000330010283506, -0.000427585822763, 0.000660405668896, -0.000785906624515, 0.000677621166687], [-0.00037783337757, 0.00226877210662, -0.000740446033888, 0.00117673433851, -0.00138995086309, 0.00208112131804, -0.0016194996424, 0.00145663914736, -0.00153993570711, 0.00261223455891, -0.00215920922346, 0.00193787796889, -0.00190853117965], [0.0004175476206, -0.000740446033888, 0.00249344645999, -0.00156153086573, 0.000728816143237, -0.00175122835208, 0.000358246819815, -0.000672156573273, 0.000745271099731, -0.001819808851, 0.00357319344766, -0.00387020572089, 0.00233585713431], [-0.000431080610724, 0.00117673433851, -0.00156153086573, 0.00503604486585, -0.000458959111711, 0.0012394777732, -0.00128018076066, 0.00243926397525, -0.0032756133005, 0.00206606788561, -0.00137981341686, 0.00229364144616, -0.00266609969549], [0.000470988714369, -0.00138995086309, 0.000728816143237, -0.000458959111711, 0.00612754188478, -0.00186738569755, 0.000626188004389, -0.00200105714612, -0.000486472563352, -0.0008325719391, 0.00117412710097, -0.00161617610138, 0.00105164758861], [-0.000601995270699, 0.00208112131804, -0.00175122835208, 0.0012394777732, -0.00186738569755, 0.00968599691987, -0.00541166681796, 0.00146498938557, 0.00157716090325, -0.00101346243173, -0.00220247008838, 0.00367302680388, -0.00347596639767], [0.000440154108219, -0.0016194996424, 0.000358246819815, -0.00128018076066, 0.000626188004389, -0.00541166681796, 0.0107928710058, -0.00371178146452, 0.00217169825919, -0.000460658717202, -0.00132827309426, -0.00132862175815, 0.00398339005187], [-0.000468258425826, 0.00145663914736, -0.000672156573273, 0.00243926397525, -0.00200105714612, 0.00146498938557, -0.00371178146452, 0.0152562409639, -0.0088483132422, 0.000945043168031, -0.00187746982556, 0.000515396357514, -0.00206426600926], [0.000330010283506, -0.00153993570711, 0.000745271099731, -0.0032756133005, -0.000486472563352, 0.00157716090325, 0.00217169825919, -0.0088483132422, 0.0201430730522, -0.00913403555751, 0.00310815242119, -0.000587432412431, -0.000864595465828], [-0.000427585822763, 0.00261223455891, -0.001819808851, 0.00206606788561, -0.0008325719391, -0.00101346243173, -0.000460658717202, 0.000945043168031, -0.00913403555751, 0.0234783384949, -0.00919710658491, 0.00079419958638, 0.000340333557688], [0.000660405668896, -0.00215920922346, 0.00357319344766, -0.00137981341686, 0.00117412710097, -0.00220247008838, -0.00132827309426, -0.00187746982556, 0.00310815242119, -0.00919710658491, 0.0207092557102, -0.00712759699672, 0.00104674627073], [-0.000785906624515, 0.00193787796889, -0.00387020572089, 0.00229364144616, -0.00161617610138, 0.00367302680388, -0.00132862175815, 0.000515396357514, -0.000587432412431, 0.00079419958638, -0.00712759699672, 0.0213676597923, -0.00824408512563], [0.000677621166687, -0.00190853117965, 0.00233585713431, -0.00266609969549, 0.00105164758861, -0.00347596639767, 0.00398339005187, -0.00206426600926, -0.000864595465828, 0.000340333557688, 0.00104674627073, -0.00824408512563, 0.0192993842065]], "mean": [-25.2890052795, 101.04901886, -128.685211182, 30.1390285492, -53.465259552, 7.43318128586, -24.3278903961, 4.34830570221, -12.2228384018, -3.59370160103, -13.076836586, 2.50600028038, -10.6044492722]}, "hfc": {"dmean": 5.11085891724, "dmean2": 7.46101284027, "dvar": 39.3493309021, "dvar2": 84.9631195068, "max": 108.935409546, "mean": 20.6047382355, "median": 14.4310092926, "min": 1.07404829886e-16, "var": 329.094177246}, "melbands": {"dmean": [0.00094566255575, 0.000843686633743, 0.000499459099956, 0.000347324908944, 0.00018130299577, 0.000143476456287, 0.000147290935274, 0.000157149435836, 0.000148927065311, 0.000145352139953, 0.000135127294925, 0.000127257313579, 9.815942758e-05, 7.75160151534e-05, 4.24990394094e-05, 3.50841473846e-05, 4.8145015171e-05, 3.5104341805e-05, 4.09088061133e-05, 3.8472135202e-05, 2.0595785827e-05, 1.12672541945e-05, 1.29700165417e-05, 1.2114236597e-05, 9.12993800739e-06, 8.52235189086e-06, 4.75644537801e-06, 2.84533211925e-06, 2.0853026399e-06, 1.70134489963e-06, 1.61172852131e-06, 1.60451327247e-06, 1.52813254317e-06, 1.26562110836e-06, 8.66858044901e-07, 4.9944804914e-07, 3.03874486463e-07, 1.75111921408e-07, 7.9665845476e-08, 4.31739195506e-08], "dmean2": [0.00137683737557, 0.00133900973015, 0.000853015691973, 0.000592904048972, 0.000285322341369, 0.000232262595091, 0.000238979046117, 0.000253475271165, 0.000236913285335, 0.00023314882128, 0.000219066336285, 0.000204506941373, 0.00015889761562, 0.000123681034893, 6.78008145769e-05, 5.57687344553e-05, 7.83349532867e-05, 5.60031876375e-05, 6.50234287605e-05, 6.09277994954e-05, 3.2919622754e-05, 1.79906855919e-05, 2.06973381864e-05, 1.95044049178e-05, 1.44595596794e-05, 1.33835783345e-05, 7.39169308872e-06, 4.66317032988e-06, 3.37216283697e-06, 2.6958982744e-06, 2.4608300464e-06, 2.44754050982e-06, 2.33048899645e-06, 1.90904324882e-06, 1.30164391976e-06, 7.32401758796e-07, 4.38254147639e-07, 2.50692778536e-07, 1.1311794168e-07, 6.41025152959e-08], "dvar": [3.22551500176e-06, 2.46509193857e-06, 1.25852898236e-06, 4.16189948282e-07, 9.22530958292e-08, 6.14122441789e-08, 8.74436594245e-08, 7.71545316525e-08, 1.10473514781e-07, 1.36081411028e-07, 1.03633475135e-07, 1.32966690103e-07, 4.90166378597e-08, 5.08131456911e-08, 1.20391634439e-08, 9.14704401112e-09, 1.9292500042e-08, 6.82306477984e-09, 9.09649866543e-09, 1.10603464165e-08, 2.52659493327e-09, 5.00721020202e-10, 7.34308114314e-10, 5.59151391855e-10, 2.95271140871e-10, 2.92700863547e-10, 7.05958763669e-11, 2.44848499115e-11, 1.6234603939e-11, 1.28606049421e-11, 1.355987371e-11, 1.78485767832e-11, 1.68683192414e-11, 1.28926036513e-11, 4.77021070214e-12, 1.17691945599e-12, 5.53514048832e-13, 2.27238665168e-13, 5.49892976206e-14, 2.04772230937e-14], "dvar2": [6.2467065618e-06, 6.00335533818e-06, 3.16525392918e-06, 1.08323729364e-06, 2.21422581603e-07, 1.60910715863e-07, 2.27369284289e-07, 1.92808499833e-07, 2.71654784001e-07, 3.3699228652e-07, 2.74758235719e-07, 3.37282926921e-07, 1.27975496866e-07, 1.32603119596e-07, 3.00701969991e-08, 2.17203997011e-08, 5.18791978266e-08, 1.71670784255e-08, 2.13924060688e-08, 2.71437485821e-08, 6.62591403966e-09, 1.19577836522e-09, 1.83821968758e-09, 1.4443656271e-09, 7.11951331223e-10, 6.94898805165e-10, 1.59442348213e-10, 6.38701036504e-11, 4.12591176502e-11, 3.00781795304e-11, 2.7456273366e-11, 3.55306097044e-11, 3.56977954141e-11, 2.67921362179e-11, 1.03467035287e-11, 2.35069689408e-12, 1.0801050809e-12, 4.38396037137e-13, 1.09160727332e-13, 4.88552950807e-14], "max": [0.0179858971387, 0.0139161897823, 0.0143157923594, 0.00720791146159, 0.00758231291547, 0.00535866292194, 0.00724812876433, 0.0049443198368, 0.00585717288777, 0.00707044545561, 0.00815947633237, 0.00901524350047, 0.00509855151176, 0.00717558152974, 0.00238016969524, 0.00248864805326, 0.00296311615966, 0.002312136814, 0.00277315662242, 0.00227755005471, 0.00105494540185, 0.000575326499529, 0.00084238674026, 0.00043492516852, 0.000370310764993, 0.000621497980319, 0.000240138790105, 9.57786469371e-05, 7.9482619185e-05, 8.65060646902e-05, 0.000110767461592, 0.000139666241012, 0.00015419445117, 9.94696238195e-05, 6.53284369037e-05, 3.92047295463e-05, 2.97631868307e-05, 1.59930532391e-05, 8.46534294396e-06, 4.67214294986e-06], "mean": [0.00123521476053, 0.00109499040991, 0.000585282221437, 0.000478199013742, 0.000341169856256, 0.000260470493231, 0.000258972111624, 0.000256936647929, 0.000235819679801, 0.000224504823564, 0.000217893597437, 0.000206221142435, 0.000162990021636, 0.000136261995067, 7.07970029907e-05, 5.55997321499e-05, 7.83915165812e-05, 6.36869153823e-05, 7.26697180653e-05, 6.57537675579e-05, 3.8539597881e-05, 2.43163776759e-05, 2.52561076195e-05, 2.27532345889e-05, 1.78126538231e-05, 1.70310231624e-05, 9.53927064984e-06, 6.05275090493e-06, 4.13946690969e-06, 3.23981339534e-06, 2.91271726383e-06, 2.88771047963e-06, 2.80733684122e-06, 2.26949646276e-06, 1.57016836511e-06, 9.52274319843e-07, 6.02677971528e-07, 3.41052810882e-07, 1.59920787723e-07, 8.33647533227e-08], "median": [0.000445986894192, 0.000502035429236, 0.000276135397144, 0.000249681936111, 0.000196055902052, 0.000141732685734, 0.000131531356601, 0.000127345570945, 9.51526089921e-05, 8.39826243464e-05, 8.27188996482e-05, 7.0798327215e-05, 5.61371889489e-05, 3.10834402626e-05, 2.01290695259e-05, 1.77003348654e-05, 1.62471624208e-05, 1.61938514793e-05, 2.13025032281e-05, 1.81991781574e-05, 1.24156249512e-05, 9.51507718128e-06, 9.42725546338e-06, 8.62284741743e-06, 7.12397832103e-06, 6.77158323015e-06, 4.65152061224e-06, 3.04490936287e-06, 1.87910495697e-06, 1.51391839154e-06, 1.10097676043e-06, 1.0934452348e-06, 1.21980281165e-06, 8.70129952091e-07, 6.82160134602e-07, 4.45094656243e-07, 2.65980190761e-07, 1.38338208444e-07, 6.43893542929e-08, 3.52427491634e-08], "min": [1.93604688828e-24, 4.79246114734e-25, 8.69891316899e-25, 7.66157784192e-25, 1.28291531965e-24, 1.96631686172e-24, 1.55453837173e-24, 2.51137300722e-24, 1.75958028151e-24, 2.05648583256e-24, 2.18938680698e-24, 3.42802977352e-24, 1.65248127096e-24, 2.59240223561e-24, 3.20420764939e-24, 3.25142945482e-24, 1.93236547165e-24, 3.29727864228e-24, 2.52737288132e-24, 2.3329630416e-24, 4.79017995882e-24, 4.47753742157e-24, 4.15739400041e-24, 2.91769001595e-24, 4.91614645146e-24, 3.18986615813e-24, 4.35448498112e-24, 3.86006640877e-24, 3.73952333486e-24, 4.93255120841e-24, 5.03621147566e-24, 6.56159788707e-24, 5.33060292701e-24, 5.77087960885e-24, 5.83068157635e-24, 6.46419604781e-24, 5.88532833784e-24, 6.31317769941e-24, 6.85647527673e-24, 6.95642316456e-24], "var": [4.42849523097e-06, 2.68439316642e-06, 1.11662768632e-06, 4.45741591193e-07, 2.02754847578e-07, 1.20113554658e-07, 1.50434217971e-07, 1.44377708011e-07, 1.9765772663e-07, 2.28873062724e-07, 1.83120320685e-07, 2.88488905653e-07, 1.14664089779e-07, 1.2081272871e-07, 2.26187708563e-08, 1.63075544179e-08, 4.00837514292e-08, 1.99885654695e-08, 1.92682030331e-08, 1.91559301754e-08, 5.4865574306e-09, 1.53925683311e-09, 1.80873682698e-09, 1.33252719969e-09, 7.23007986814e-10, 8.07123423652e-10, 1.88167037507e-10, 6.648771117e-11, 3.79039855058e-11, 2.83311828858e-11, 3.51983199531e-11, 4.55774550046e-11, 3.98908441002e-11, 2.95454806454e-11, 1.09432836057e-11, 3.05234548574e-12, 1.40159639537e-12, 5.78466582361e-13, 1.34710751126e-13, 3.37731924404e-14]}, "melbands_crest": {"dmean": 3.4068005085, "dmean2": 5.3330206871, "dvar": 9.42875289917, "dvar2": 20.9840965271, "max": 31.3905086517, "mean": 12.0623426437, "median": 11.0178909302, "min": 1.51221776009, "var": 26.3590927124}, "melbands_flatness_db": {"dmean": 0.0246002543718, "dmean2": 0.0362456701696, "dvar": 0.00066201685695, "dvar2": 0.00139151723124, "max": 0.579761564732, "mean": 0.180217832327, "median": 0.173427194357, "min": 0.00349510554224, "var": 0.0036493788939}, "melbands_kurtosis": {"dmean": 7.44206047058, "dmean2": 10.8663043976, "dvar": 748.417297363, "dvar2": 1317.35327148, "max": 1197.49316406, "mean": 11.1792459488, "median": 3.61405086517, "min": -1.84324967861, "var": 1653.49890137}, "melbands_skewness": {"dmean": 0.709108114243, "dmean2": 1.01853096485, "dvar": 0.899667620659, "dvar2": 1.66889238358, "max": 22.4645709991, "mean": 2.06194067001, "median": 1.72256302834, "min": -1.06798231602, "var": 3.51048779488}, "melbands_spread": {"dmean": 7.17939758301, "dmean2": 10.9544115067, "dvar": 76.8248138428, "dvar2": 166.212081909, "max": 227.862213135, "mean": 28.2770729065, "median": 24.5717887878, "min": 0.277756333351, "var": 399.470397949}, "mfcc": {"cov": [[11856.2988281, 1190.29797363, -1167.90283203, 94.0475692749, -277.043640137, -17.1205368042, -198.339569092, 124.909393311, -154.344223022, 161.456314087, -30.6106433868, -62.3888092041, -37.488910675], [1190.29797363, 1189.82641602, -262.396881104, 49.6674995422, 28.6830654144, -67.2512207031, -13.0671625137, 60.0948905945, -14.2335968018, 12.4454689026, -5.27612113953, -24.2717056274, 15.1724634171], [-1167.90283203, -262.396881104, 852.440368652, 121.5730896, 18.7252655029, 164.435165405, 28.3804569244, 35.8970222473, 59.4762687683, -31.2023468018, -9.72696590424, 43.3505706787, -0.844579875469], [94.0475692749, 49.6674995422, 121.5730896, 276.882415771, 50.2672195435, 7.25239944458, -62.1967964172, 13.6269445419, 30.0117931366, -10.8309135437, -15.1869983673, 13.5054798126, 11.3549566269], [-277.043640137, 28.6830654144, 18.7252655029, 50.2672195435, 175.731033325, -4.86767959595, -26.6842937469, -0.344012051821, 40.7561836243, 2.43380665779, -8.61487770081, 10.3933620453, 17.5825881958], [-17.1205368042, -67.2512207031, 164.435165405, 7.25239944458, -4.86767959595, 182.228057861, 84.6673355103, 25.8909378052, 6.52079725266, 4.23096847534, 7.87365150452, 8.93220233917, -9.02916622162], [-198.339569092, -13.0671625137, 28.3804569244, -62.1967964172, -26.6842937469, 84.6673355103, 169.757568359, 42.9126205444, -8.92066574097, 20.6983604431, 28.0002326965, 4.39144849777, -3.36640286446], [124.909393311, 60.0948905945, 35.8970222473, 13.6269445419, -0.344012051821, 25.8909378052, 42.9126205444, 92.2619400024, 22.3822364807, 15.8232984543, 17.3535079956, 3.00276780128, 11.2090358734], [-154.344223022, -14.2335968018, 59.4762687683, 30.0117931366, 40.7561836243, 6.52079725266, -8.92066574097, 22.3822364807, 88.3168640137, 26.5174980164, -6.2433180809, 10.7170724869, 13.267950058], [161.456314087, 12.4454689026, -31.2023468018, -10.8309135437, 2.43380665779, 4.23096847534, 20.6983604431, 15.8232984543, 26.5174980164, 85.7458267212, 39.0692443848, 2.80055832863, 2.65433239937], [-30.6106433868, -5.27612113953, -9.72696590424, -15.1869983673, -8.61487770081, 7.87365150452, 28.0002326965, 17.3535079956, -6.2433180809, 39.0692443848, 82.4377670288, 20.7709312439, -0.293796181679], [-62.3888092041, -24.2717056274, 43.3505706787, 13.5054798126, 10.3933620453, 8.93220233917, 4.39144849777, 3.00276780128, 10.7170724869, 2.80055832863, 20.7709312439, 62.6626968384, 27.0854701996], [-37.488910675, 15.1724634171, -0.844579875469, 11.3549566269, 17.5825881958, -9.02916622162, -3.36640286446, 11.2090358734, 13.267950058, 2.65433239937, -0.293796181679, 27.0854701996, 65.65990448]], "icov": [[0.000143294193549, -8.86331108632e-05, 0.000219641573494, -7.66723023844e-05, 0.000236882144236, -0.000350801885361, 0.000433822278865, -0.000396835588617, 0.000355959753506, -0.000485412223497, 0.000376191746909, -0.000257462263107, 0.000152277949383], [-8.86331108632e-05, 0.0010484495433, 0.000178243863047, -0.000228030752623, -0.00033653061837, 0.00038629755727, -0.000238961772993, -0.000659987097606, 0.000186808989383, 0.000147965241922, 2.21111968131e-05, 0.000327407266013, -0.000186185206985], [0.000219641573494, 0.000178243863047, 0.00212594587356, -0.000704401405528, 0.000516444211826, -0.00197150628082, 0.000889165501576, -0.00105585774872, -0.000495544518344, 0.000234856590396, 0.000541109475307, -0.00123454502318, 0.000652138260193], [-7.66723023844e-05, -0.000228030752623, -0.000704401405528, 0.00475961808115, -0.000942230166402, -0.000434741872596, 0.0019830504898, -0.000940355355851, -0.000423215940828, 0.00034328372567, 0.00016014117864, -0.000543835863937, -7.18234441592e-05], [0.000236882144236, -0.00033653061837, 0.000516444211826, -0.000942230166402, 0.007234855555, -0.00083615409676, 0.00110724917613, 0.000318845384754, -0.00267259054817, -8.23269874672e-05, 0.000294429337373, -0.000455068220617, -0.000934993498959], [-0.000350801885361, 0.00038629755727, -0.00197150628082, -0.000434741872596, -0.00083615409676, 0.00990156270564, -0.00555527908728, 0.000764425029047, -0.000569569761865, 0.000772472762037, -0.000133071560413, 8.21017056296e-06, 0.00101034413092], [0.000433822278865, -0.000238961772993, 0.000889165501576, 0.0019830504898, 0.00110724917613, -0.00555527908728, 0.0117089273408, -0.00521605880931, 0.00278526381589, -0.00277263531461, 0.000240298759309, -0.00131064094603, 0.000492743274663], [-0.000396835588617, -0.000659987097606, -0.00105585774872, -0.000940355355851, 0.000318845384754, 0.000764425029047, -0.00521605880931, 0.0167513526976, -0.00572134228423, 0.00240014423616, -0.0047858231701, 0.00365485390648, -0.00350239663385], [0.000355959753506, 0.000186808989383, -0.000495544518344, -0.000423215940828, -0.00267259054817, -0.000569569761865, 0.00278526381589, -0.00572134228423, 0.0192123353481, -0.0094025908038, 0.00688473228365, -0.00370024796575, 3.87998952647e-05], [-0.000485412223497, 0.000147965241922, 0.000234856590396, 0.00034328372567, -8.23269874672e-05, 0.000772472762037, -0.00277263531461, 0.00240014423616, -0.0094025908038, 0.0209253206849, -0.0114994524047, 0.00451956549659, -0.00165305915289], [0.000376191746909, 2.21111968131e-05, 0.000541109475307, 0.00016014117864, 0.000294429337373, -0.000133071560413, 0.000240298759309, -0.0047858231701, 0.00688473228365, -0.0114994524047, 0.0216918531805, -0.00941542256624, 0.0039758272469], [-0.000257462263107, 0.000327407266013, -0.00123454502318, -0.000543835863937, -0.000455068220617, 8.21017056296e-06, -0.00131064094603, 0.00365485390648, -0.00370024796575, 0.00451956549659, -0.00941542256624, 0.0248572267592, -0.0104436455294], [0.000152277949383, -0.000186185206985, 0.000652138260193, -7.18234441592e-05, -0.000934993498959, 0.00101034413092, 0.000492743274663, -0.00350239663385, 3.87998952647e-05, -0.00165305915289, 0.0039758272469, -0.0104436455294, 0.0207781530917]], "mean": [-653.245178223, 127.325775146, -13.7996482849, 25.1892871857, -5.56067085266, 7.78703355789, -6.35325574875, 12.6438074112, -2.04003715515, 6.95327568054, -3.48648953438, -1.91491782665, 1.39974761009]}, "pitch_salience": {"dmean": 0.0769607275724, "dmean2": 0.122533641756, "dvar": 0.00608476810157, "dvar2": 0.0142865683883, "max": 0.875811338425, "mean": 0.580372273922, "median": 0.595692932606, "min": 0.0484454855323, "var": 0.0132153490558}, "silence_rate_20dB": {"dmean": 0, "dmean2": 0, "dvar": 0, "dvar2": 0, "max": 1, "mean": 1, "median": 1, "min": 1, "var": 0}, "silence_rate_30dB": {"dmean": 0, "dmean2": 0, "dvar": 0, "dvar2": 0, "max": 1, "mean": 1, "median": 1, "min": 1, "var": 0}, "silence_rate_60dB": {"dmean": 0.0156230926514, "dmean2": 0.03125, "dvar": 0.0153790414333, "dvar2": 0.033935546875, "max": 1, "mean": 0.0929948762059, "median": 0, "min": 0, "var": 0.0843407213688}, "spectral_centroid": {"dmean": 233.879989624, "dmean2": 360.218261719, "dvar": 77144.6875, "dvar2": 164529.0625, "max": 11601.1367188, "mean": 1523.88525391, "median": 1409.98376465, "min": 220.832717896, "var": 1120091.25}, "spectral_complexity": {"dmean": 3.24789452553, "dmean2": 4.99609375, "dvar": 11.4313278198, "dvar2": 24.3648300171, "max": 55, "mean": 21.3291435242, "median": 21, "min": 0, "var": 129.102310181}, "spectral_contrast_coeffs": {"dmean": [0.0521936379373, 0.0448305010796, 0.0391564033926, 0.0324831530452, 0.022940132767, 0.0189133994281], "dmean2": [0.0824741870165, 0.0733531713486, 0.0643882453442, 0.0521233640611, 0.0363031215966, 0.0291929356754], "dvar": [0.00206319708377, 0.00137759256177, 0.000994729110971, 0.00073156907456, 0.000391346518882, 0.000371377187548], "dvar2": [0.00483781751245, 0.00367600657046, 0.00252160010859, 0.0017640076112, 0.000872110016644, 0.000828149844892], "max": [-0.35787537694, -0.457683116198, -0.47036421299, -0.549025058746, -0.589366197586, -0.535271465778], "mean": [-0.679905116558, -0.752497911453, -0.762242913246, -0.767934501171, -0.781407654285, -0.730417191982], "median": [-0.684047698975, -0.752940356731, -0.769378840923, -0.773423075676, -0.782992303371, -0.727825045586], "min": [-0.977700710297, -0.976324319839, -0.977250516415, -0.971301198006, -0.967679798603, -0.964733541012], "var": [0.00694034434855, 0.0044772438705, 0.00487499125302, 0.00417700409889, 0.00250614667311, 0.00239115045406]}, "spectral_contrast_valleys": {"dmean": [0.410380899906, 0.356528639793, 0.314382761717, 0.290724426508, 0.252067029476, 0.309985846281], "dmean2": [0.648539960384, 0.573487818241, 0.505970418453, 0.455077916384, 0.370801657438, 0.378917664289], "dvar": [0.156428337097, 0.137787207961, 0.114209875464, 0.115445479751, 0.114430338144, 0.129071205854], "dvar2": [0.333365529776, 0.304609000683, 0.242253825068, 0.235134780407, 0.221992984414, 0.218155652285], "max": [-5.47497463226, -4.91065073013, -5.11553812027, -5.72111988068, -5.80643510818, -8.30048370361], "mean": [-7.49419593811, -6.86697626114, -7.30114936829, -7.86267995834, -7.79434394836, -10.8409748077], "median": [-7.08599424362, -6.43351650238, -6.85479545593, -7.44233989716, -7.39307594299, -10.5051803589], "min": [-28.3839607239, -28.4543018341, -27.6793060303, -27.5996341705, -27.5544185638, -27.3509712219], "var": [5.01747608185, 5.28518247604, 5.09186649323, 4.90861225128, 4.84039258957, 3.62763500214]}, "spectral_decrease": {"dmean": 1.89054993882e-09, "dmean2": 2.71812683472e-09, "dvar": 5.09400527318e-18, "dvar2": 1.00320150362e-17, "max": 4.75658837515e-18, "mean": -5.79399106471e-09, "median": -5.28762100771e-09, "min": -2.15272066839e-08, "var": 1.63313196556e-17}, "spectral_energy": {"dmean": 0.00745876738802, "dmean2": 0.0107181631029, "dvar": 7.73486972321e-05, "dvar2": 0.000152474283823, "max": 0.0831622108817, "mean": 0.0237367451191, "median": 0.0217650551349, "min": 1.006824693e-20, "var": 0.0002716666786}, "spectral_energyband_high": {"dmean": 0.000211992839468, "dmean2": 0.000306840229314, "dvar": 1.96361767735e-07, "dvar2": 3.51964132506e-07, "max": 0.0140571314842, "mean": 0.00053021858912, "median": 0.000277006765828, "min": 7.1612127556e-21, "var": 7.14722034445e-07}, "spectral_energyband_low": {"dmean": 0.00416569085792, "dmean2": 0.00595160294324, "dvar": 4.8392899771e-05, "dvar2": 9.18524383451e-05, "max": 0.0687082856894, "mean": 0.00650348654017, "median": 0.0032456452027, "min": 1.33359507714e-23, "var": 7.77986933826e-05}, "spectral_energyband_middle_high": {"dmean": 0.0024797222577, "dmean2": 0.00373841519468, "dvar": 1.39762278195e-05, "dvar2": 3.33408352162e-05, "max": 0.0669537782669, "mean": 0.00801877584308, "median": 0.00414534285665, "min": 1.16055923906e-21, "var": 8.65913752932e-05}, "spectral_energyband_middle_low": {"dmean": 0.00403929082677, "dmean2": 0.00649864086881, "dvar": 3.44889958797e-05, "dvar2": 8.32857622299e-05, "max": 0.0632153451443, "mean": 0.00935390871018, "median": 0.00744091579691, "min": 1.52555349215e-22, "var": 6.51648151688e-05}, "spectral_entropy": {"dmean": 0.132178276777, "dmean2": 0.191872492433, "dvar": 0.0186080280691, "dvar2": 0.03907456249, "max": 9.81966590881, "mean": 7.64174461365, "median": 7.6233754158, "min": 6.31072807312, "var": 0.129974290729}, "spectral_flux": {"dmean": 0.0241463910788, "dmean2": 0.0371397994459, "dvar": 0.000691473018378, "dvar2": 0.00143584422767, "max": 0.253014057875, "mean": 0.0840792357922, "median": 0.0821559876204, "min": 6.3621538593e-11, "var": 0.00221052952111}, "spectral_kurtosis": {"dmean": 1.60071396828, "dmean2": 2.67822909355, "dvar": 3.38766789436, "dvar2": 9.33175468445, "max": 34.7469177246, "mean": 4.3497338295, "median": 4.04158735275, "min": -1.25772476196, "var": 7.3450551033}, "spectral_rms": {"dmean": 0.000733212567866, "dmean2": 0.00102439033799, "dvar": 6.60500347749e-07, "dvar2": 1.17400975341e-06, "max": 0.00900743342936, "mean": 0.00441513257101, "median": 0.00460805837065, "min": 3.13411557991e-12, "var": 3.66449307876e-06}, "spectral_rolloff": {"dmean": 409.386444092, "dmean2": 662.988830566, "dvar": 505972.4375, "dvar2": 1077604.125, "max": 20499.609375, "mean": 1758.14807129, "median": 1378.125, "min": 64.599609375, "var": 5077760.5}, "spectral_skewness": {"dmean": 0.212003201246, "dmean2": 0.337721019983, "dvar": 0.0458988808095, "dvar2": 0.11260368675, "max": 4.42546653748, "mean": 1.3965716362, "median": 1.39753615856, "min": -0.150069087744, "var": 0.186048418283}, "spectral_spread": {"dmean": 454518.6875, "dmean2": 597925.75, "dvar": 445543383040, "dvar2": 822983524352, "max": 42656120, "mean": 4166727.75, "median": 3584786, "min": 1614142.375, "var": 13180947398700.0}, "spectral_strongpeak": {"dmean": 0.6414578