{"lowlevel": {"average_loudness": 0.809007227421, "barkbands": {"dmean": [0.000191388782696, 0.00483856908977, 0.00266410107724, 0.0031837974675, 0.00297907087952, 0.000657043186948, 0.000596880796365, 0.00092121824855, 0.000695076480042, 0.000556945276912, 0.00024445654708, 0.000263587542577, 0.000256666884525, 0.00025829981314, 0.000172191881575, 8.4722712927e-05, 0.000129938984173, 0.000119362077385, 0.000110224333184, 0.000135827445774, 8.13015867607e-05, 0.000121791155834, 8.98121506907e-05, 6.83428734192e-05, 6.81885285303e-05, 3.00726114801e-05, 2.11737710742e-06], "dmean2": [0.000264509726549, 0.00668276194483, 0.00455241836607, 0.00505817262456, 0.00483291689306, 0.00102033407893, 0.000969631248154, 0.00144919927698, 0.00107926060446, 0.000824986607768, 0.00039067841135, 0.000407468818594, 0.000410587323131, 0.000408120307839, 0.000267331022769, 0.000136124173878, 0.000206742799492, 0.000198950699996, 0.000184964650543, 0.000219389374251, 0.000133939043735, 0.000195162749151, 0.0001446113165, 0.000107860090793, 0.000107284919068, 4.78815418319e-05, 3.14158273795e-06], "dvar": [2.63030358383e-07, 0.000157586924615, 2.43571630563e-05, 2.74201829598e-05, 2.98143022519e-05, 3.37614278578e-06, 4.92536128149e-06, 8.71763950272e-06, 1.21249267977e-05, 5.82365100854e-06, 1.11591839413e-06, 1.53226483235e-06, 1.80800702765e-06, 1.12426278065e-06, 5.38510789738e-07, 6.47995435088e-08, 8.82123813994e-08, 7.11586096713e-08, 4.31356284025e-08, 8.40969178739e-08, 2.42493420899e-08, 7.59090283964e-08, 4.82151456538e-08, 2.05798542652e-08, 2.24210250366e-08, 5.15726350514e-09, 4.43608691447e-11], "dvar2": [5.00089356592e-07, 0.000284292618744, 6.63529790472e-05, 6.04954293522e-05, 7.35785724828e-05, 7.89630485087e-06, 1.27602943394e-05, 2.15942836803e-05, 2.86605099973e-05, 1.2366491319e-05, 2.50871653407e-06, 3.55820588993e-06, 4.41037764176e-06, 2.80286030829e-06, 1.30802334297e-06, 1.57137151291e-07, 2.02601484034e-07, 1.8100536181e-07, 1.15234414011e-07, 1.96449576606e-07, 5.45770753035e-08, 1.53242368128e-07, 1.11855712248e-07, 4.76747992195e-08, 5.41036584423e-08, 1.32629427441e-08, 9.53936651893e-11], "max": [0.00774868624285, 0.170031696558, 0.0733933150768, 0.0774157196283, 0.0932795107365, 0.0572423934937, 0.105973079801, 0.0674202367663, 0.121852792799, 0.10728558898, 0.0385709181428, 0.0402492880821, 0.037604816258, 0.0395003557205, 0.0263222176582, 0.00889985542744, 0.0072013316676, 0.00528025673702, 0.00595581764355, 0.00555432587862, 0.00511174602434, 0.0104404864833, 0.00957825034857, 0.0037523068022, 0.00442277127877, 0.000790502585005, 0.000230426958296], "mean": [0.000359687255695, 0.00794331263751, 0.00338717806153, 0.0042404322885, 0.00459038559347, 0.0011838641949, 0.000894202443305, 0.00127041188534, 0.000894739117939, 0.000898769882042, 0.000343655789038, 0.000374214956537, 0.000321995554259, 0.000341113423929, 0.000239026776399, 0.000133756679134, 0.000208665034734, 0.00016806833446, 0.00016336562112, 0.000215724052396, 0.000115028473374, 0.000163537581102, 0.000101346013253, 8.23961381684e-05, 7.77490931796e-05, 3.17164631269e-05, 2.73636419479e-06], "median": [3.60824415111e-05, 0.00252950866707, 0.00173705234192, 0.00188978482038, 0.00190971698612, 0.000531382102054, 0.000305283174384, 0.000394061527913, 0.000137716211611, 0.000214745945414, 8.25859751785e-05, 6.49917201372e-05, 4.40346557298e-05, 4.76865825476e-05, 3.96375980927e-05, 3.75125127903e-05, 5.96556819801e-05, 5.93108998146e-05, 7.3545750638e-05, 7.86644231994e-05, 5.20722023793e-05, 6.0335991293e-05, 3.27160450979e-05, 2.17543674808e-05, 1.6616013454e-05, 6.1476148403e-06, 2.76781975117e-07], "min": [6.60539465567e-25, 2.51946336745e-24, 8.8548275826e-25, 9.96455273064e-25, 9.27930535266e-24, 7.1693162125e-24, 6.28527884463e-24, 5.74027772218e-24, 1.07275364344e-23, 1.39433263368e-23, 2.35985972748e-23, 2.84360122525e-23, 2.77723246403e-23, 3.72769846766e-23, 3.44489404195e-23, 4.80473467918e-23, 6.09640479688e-23, 6.24822707343e-23, 9.13428226825e-23, 1.61101136199e-22, 2.36693991188e-22, 2.87434130457e-22, 3.39173131715e-22, 5.98258731439e-22, 7.69026947823e-22, 1.2587188802e-21, 1.94540803559e-21], "var": [5.39262543953e-07, 0.00026058225194, 2.5277133318e-05, 4.42803502665e-05, 5.28064410901e-05, 5.87069780522e-06, 6.7863975346e-06, 1.11669951366e-05, 1.54046938405e-05, 1.22100727822e-05, 1.96964424504e-06, 2.50464449891e-06, 2.17940487346e-06, 1.6592200609e-06, 8.16548094917e-07, 1.4541950577e-07, 1.98631582293e-07, 1.06729167726e-07, 6.52900524756e-08, 1.73627910272e-07, 4.34936815452e-08, 1.47062166889e-07, 6.40218260628e-08, 3.25511244625e-08, 3.55191396295e-08, 5.50773604502e-09, 7.8709899709e-11]}, "barkbands_crest": {"dmean": 3.03202390671, "dmean2": 4.79681015015, "dvar": 6.85440397263, "dvar2": 15.9593706131, "max": 26.17004776, "mean": 11.176735878, "median": 10.3443508148, "min": 1.78273141384, "var": 19.9179172516}, "barkbands_flatness_db": {"dmean": 0.0356006771326, "dmean2": 0.0513639114797, "dvar": 0.00103344616946, "dvar2": 0.00215255236253, "max": 0.439901888371, "mean": 0.152586370707, "median": 0.144146859646, "min": 0.0147512387484, "var": 0.00341915013269}, "barkbands_kurtosis": {"dmean": 8.97254371643, "dmean2": 13.4407539368, "dvar": 451.70135498, "dvar2": 1028.18151855, "max": 1053.7857666, "mean": 13.3497924805, "median": 6.86538553238, "min": -1.92724514008, "var": 629.138366699}, "barkbands_skewness": {"dmean": 0.916312754154, "dmean2": 1.36234331131, "dvar": 1.0331838131, "dvar2": 2.29714536667, "max": 26.5576591492, "mean": 2.66661834717, "median": 2.43289089203, "min": -2.21837878227, "var": 3.30565571785}, "barkbands_spread": {"dmean": 8.83711719513, "dmean2": 14.1708250046, "dvar": 138.055480957, "dvar2": 321.673553467, "max": 107.774833679, "mean": 18.3027229309, "median": 14.4348487854, "min": 0.194340959191, "var": 222.873321533}, "dissonance": {"dmean": 0.0184289775789, "dmean2": 0.0304486248642, "dvar": 0.000355217227479, "dvar2": 0.000948275497649, "max": 0.499999970198, "mean": 0.463818907738, "median": 0.469497412443, "min": 0, "var": 0.000659987854306}, "dynamic_complexity": 3.88434195518, "erbbands": {"dmean": [0.175078958273, 1.01191854477, 2.3208091259, 6.68494462967, 13.2707538605, 8.38608932495, 5.97591590881, 5.75322818756, 6.83992147446, 15.2797622681, 17.4128227234, 15.1365270615, 19.1601104736, 11.1961374283, 8.05100917816, 11.1221942902, 11.8320493698, 12.4265794754, 10.1903171539, 5.97490930557, 4.56340169907, 6.74934053421, 6.81269168854, 4.97866868973, 6.05481672287, 6.6719250679, 3.47051906586, 3.57356786728, 4.42535352707, 3.8157389164, 2.3201789856, 1.52778208256, 1.07086491585, 0.802610874176, 0.449659436941, 0.18802036345, 0.0472107380629, 0.00505651626736, 0.000400096032536, 2.36913147091e-05], "dmean2": [0.243405550718, 1.44881153107, 3.92123198509, 10.9510974884, 20.7568016052, 13.6434955597, 9.53821277618, 8.88198852539, 10.7415504456, 24.4805908203, 26.9504718781, 23.4954547882, 28.3131275177, 16.6075401306, 12.4777841568, 17.0746517181, 18.516248703, 19.1656150818, 15.6875133514, 9.33886051178, 7.14693403244, 10.5749692917, 11.1313848495, 8.33104515076, 10.0218420029, 10.8201360703, 5.68707084656, 5.91610193253, 7.13187885284, 6.09259653091, 3.74136018753, 2.44683551788, 1.6613959074, 1.26701927185, 0.70905816555, 0.300556212664, 0.0761698633432, 0.00753104547039, 0.000600240833592, 3.54157527909e-05], "dvar": [0.241150707006, 6.60747432709, 17.286567688, 106.596359253, 715.136962891, 398.983642578, 302.573730469, 217.621841431, 619.266296387, 2363.43212891, 4256.44873047, 5967.89160156, 5781.29785156, 3621.79370117, 915.455200195, 2595.07421875, 3809.43041992, 2129.18017578, 2184.61938477, 457.448120117, 147.674026489, 235.736724854, 230.539779663, 88.0480728149, 141.249771118, 215.153305054, 36.3713569641, 61.1636276245, 101.446662903, 97.7201538086, 27.375164032, 9.50197410583, 5.7299041748, 3.78693175316, 0.807244122028, 0.18053175509, 0.0174115058035, 0.000193683372345, 1.53009364112e-06, 1.88717019789e-09], "dvar2": [0.430048018694, 12.8844041824, 46.1708526611, 270.2706604, 1598.73144531, 967.391174316, 708.361328125, 540.486022949, 1649.20776367, 6014.94921875, 10712.0410156, 14341.7158203, 12970.4511719, 7180.40332031, 1911.49438477, 6079.50585938, 9277.48242188, 5062.15869141, 5538.70849609, 1114.8996582, 331.873016357, 527.200195312, 574.193237305, 230.51625061, 361.180450439, 510.508239746, 84.8664245605, 134.09425354, 204.281082153, 221.679000854, 59.8851242065, 22.0396881104, 12.7583789825, 8.74092769623, 1.96949851513, 0.463509351015, 0.0459429062903, 0.000422502984293, 3.3794869978e-06, 4.36148361871e-09], "max": [6.45977067947, 31.8948478699, 57.7442245483, 151.8306427, 373.013763428, 422.959503174, 451.231811523, 336.673065186, 1013.07666016, 1335.18847656, 1702.20825195, 2799.75439453, 3333.10839844, 2332.37451172, 1524.02770996, 1558.73632812, 1830.80969238, 1017.58984375, 1518.78857422, 971.437011719, 379.159454346, 329.544830322, 334.360778809, 243.383300781, 367.430267334, 301.769165039, 206.310562134, 329.494659424, 417.976226807, 444.272613525, 229.457107544, 92.6535110474, 82.8492355347, 61.3570175171, 20.8013820648, 4.73178863525, 1.7517182827, 0.501784682274, 0.0458074510098, 0.00134232232813], "mean": [0.287005633116, 1.55091118813, 3.44637298584, 9.37938976288, 18.1839904785, 13.12383461, 9.96434879303, 10.5404872894, 11.3711824417, 22.4608135223, 24.8720569611, 21.0442447662, 31.1057624817, 18.3828372955, 13.3699474335, 16.8152275085, 15.7224817276, 17.5661468506, 15.0294942856, 9.27747344971, 7.98709964752, 11.3705787659, 10.4739456177, 7.58401823044, 8.93043041229, 10.6121206284, 5.57094287872, 4.84406805038, 5.73821258545, 4.71549034119, 2.66056013107, 1.75748097897, 1.35048913956, 0.961352109909, 0.488242805004, 0.191285222769, 0.0493149012327, 0.00638822000474, 0.000504875031766, 5.06237229274e-05], "median": [0.0503033176064, 0.593162298203, 1.91452312469, 5.22159814835, 6.56035709381, 4.45889759064, 4.1403465271, 4.44892787933, 4.93784379959, 6.27663564682, 7.30597305298, 4.65204524994, 7.98829460144, 3.83095788956, 3.69141530991, 3.22592377663, 2.43753433228, 2.86264705658, 2.06724596024, 2.26129770279, 2.54862141609, 3.25938796997, 3.64683437347, 3.61876344681, 3.70591211319, 3.89865541458, 2.85320878029, 1.97499585152, 2.11169672012, 1.57244753838, 0.886962413788, 0.519517958164, 0.319770872593, 0.193342253566, 0.106006450951, 0.0385169014335, 0.00824077054858, 0.00087576371152, 6.31833681837e-05, 3.14404715027e-05], "min": [3.67200047013e-23, 7.08225133833e-22, 1.80235870009e-21, 6.8012179369e-21, 9.34745434575e-21, 2.97377892561e-20, 3.34360943878e-20, 5.88367947466e-20, 1.07106731984e-19, 1.68682651319e-19, 2.63538735033e-19, 2.69862143075e-19, 3.11300893234e-19, 5.64870680169e-19, 1.05161911457e-18, 1.24185855794e-18, 1.44864254414e-18, 2.07494141435e-18, 1.81414956519e-18, 3.27275022653e-18, 3.86944213127e-18, 3.93630851686e-18, 4.8445544838e-18, 5.45826749081e-18, 7.40256172447e-18, 7.67053846443e-18, 8.72846855348e-18, 8.80518624657e-18, 9.97017335922e-18, 1.14563538765e-17, 1.00403157936e-17, 1.02151867382e-17, 9.4090636625e-18, 8.46175657267e-18, 5.13006207608e-18, 3.9179901886e-18, 2.14161940956e-18, 9.98178594105e-19, 2.51357957676e-19, 2.73567595564e-20], "var": [0.39399215579, 9.87249851227, 21.634727478, 147.150222778, 1074.92456055, 772.782958984, 540.305541992, 379.160614014, 875.726379395, 3481.14892578, 5273.80175781, 7810.58105469, 11341.5517578, 7623.93896484, 1930.73828125, 4597.6875, 4642.10986328, 3482.87353516, 3337.70947266, 800.156494141, 364.168823242, 564.076843262, 394.303070068, 129.811096191, 220.191970825, 435.148803711, 73.6766891479, 105.518638611, 193.100234985, 146.993743896, 39.763469696, 13.5478334427, 10.5463705063, 6.87233448029, 1.11190235615, 0.18208143115, 0.0177653580904, 0.000343738560332, 2.55596728493e-06, 3.66846641953e-09]}, "erbbands_crest": {"dmean": 2.99378204346, "dmean2": 4.77776241302, "dvar": 7.90840387344, "dvar2": 18.9279441833, "max": 29.0875644684, "mean": 8.82863235474, "median": 7.79772090912, "min": 2.41369247437, "var": 17.9585571289}, "erbbands_flatness_db": {"dmean": 0.0237401872873, "dmean2": 0.0343428887427, "dvar": 0.000481791386846, "dvar2": 0.000937654753216, "max": 0.289188176394, "mean": 0.133618220687, "median": 0.132920056581, "min": 0.0306212622672, "var": 0.00127764279023}, "erbbands_kurtosis": {"dmean": 1.13332509995, "dmean2": 1.80974113941, "dvar": 2.53750824928, "dvar2": 6.10279750824, "max": 33.5565643311, "mean": 0.42632445693, "median": -0.248839765787, "min": -1.84703683853, "var": 4.85697984695}, "erbbands_skewness": {"dmean": 0.473600268364, "dmean2": 0.733149051666, "dvar": 0.231976673007, "dvar2": 0.527973651886, "max": 5.27578115463, "mean": 0.599552929401, "median": 0.607574641705, "min": -2.87497997284, "var": 0.633661329746}, "erbbands_spread": {"dmean": 13.7378730774, "dmean2": 21.2985534668, "dvar": 210.977142334, "dvar2": 478.010131836, "max": 150.181411743, "mean": 52.2367401123, "median": 48.7320976257, "min": 5.50052118301, "var": 555.61138916}, "gfcc": {"cov": [[26507.5722656, 650.140869141, -1969.73937988, 519.039245605, -1177.1809082, 402.042266846, -943.275695801, 280.724151611, -608.461608887, 97.6558456421, -406.827209473, 16.8958034515, -333.824157715], [650.140869141, 1458.7701416, -310.935394287, 73.3686523438, 15.7834119797, -140.296295166, 280.252471924, -84.3915710449, 209.771011353, -53.5312995911, 134.655700684, -33.1586914062, 121.138885498], [-1969.73937988, -310.935394287, 867.21496582, 45.1819190979, 100.381607056, 74.0600128174, -38.7817993164, 15.1457843781, -41.1927223206, 3.41119194031, -17.9391670227, 62.3044929504, -1.73865795135], [519.039245605, 73.3686523438, 45.1819190979, 359.481658936, 23.2855854034, -0.10955825448, 15.9229898453, -15.5823030472, 10.6077451706, -10.9898967743, -15.7856216431, -17.5845222473, 7.73123407364], [-1177.1809082, 15.7834119797, 100.381607056, 23.2855854034, 236.973709106, 2.79336500168, 50.6189880371, 3.81634092331, 53.9630699158, 3.27842497826, 28.8710784912, -20.8178215027, 28.7702159882], [402.042266846, -140.296295166, 74.0600128174, -0.10955825448, 2.79336500168, 163.736419678, 9.22889995575, 48.5260124207, -28.3800525665, 19.9297714233, -5.76319789886, 22.6425189972, -12.4369516373], [-943.275695801, 280.252471924, -38.7817993164, 15.9229898453, 50.6189880371, 9.22889995575, 251.258071899, 9.13514518738, 107.467353821, -9.60104084015, 71.4656066895, 2.21183347702, 51.0205459595], [280.724151611, -84.3915710449, 15.1457843781, -15.5823030472, 3.81634092331, 48.5260124207, 9.13514518738, 131.774612427, 10.5028371811, 29.0867786407, -5.17295742035, 8.52087783813, 5.62001562119], [-608.461608887, 209.771011353, -41.1927223206, 10.6077451706, 53.9630699158, -28.3800525665, 107.467353821, 10.5028371811, 177.358047485, 44.5640945435, 48.825553894, 2.13279771805, 53.9617958069], [97.6558456421, -53.5312995911, 3.41119194031, -10.9898967743, 3.27842497826, 19.9297714233, -9.60104084015, 29.0867786407, 44.5640945435, 97.7784729004, 29.9319915771, 19.8895950317, 5.56298542023], [-406.827209473, 134.655700684, -17.9391670227, -15.7856216431, 28.8710784912, -5.76319789886, 71.4656066895, -5.17295742035, 48.825553894, 29.9319915771, 99.9893798828, 29.6940441132, 31.814666748], [16.8958034515, -33.1586914062, 62.3044929504, -17.5845222473, -20.8178215027, 22.6425189972, 2.21183347702, 8.52087783813, 2.13279771805, 19.8895950317, 29.6940441132, 82.0381317139, 24.4788608551], [-333.824157715, 121.138885498, -1.73865795135, 7.73123407364, 28.7702159882, -12.4369516373, 51.0205459595, 5.62001562119, 53.9617958069, 5.56298542023, 31.814666748, 24.4788608551, 79.31590271]], "icov": [[0.000128475570818, -0.00025723039289, 0.000291342905257, -0.000249284144957, 0.000295148201985, -0.000455729052192, 0.000536330800969, -0.00032405226375, 0.000243800270255, -0.000235032726778, 0.000331691000611, -0.000340074766427, 0.000286250142381], [-0.00025723039289, 0.00179682346061, -0.000360958016245, 0.000284647365334, -0.000126104365336, 0.0013055090094, -0.0016322361771, 0.00107525161002, -0.00135549425613, 0.00153256568592, -0.00190117547754, 0.00145697256085, -0.00151072372682], [0.000291342905257, -0.000360958016245, 0.0021473239176, -0.000790446298197, -0.000186130593647, -0.00130404962692, 0.00119729735889, -0.000607389200013, 0.000653285591397, -0.000334871030645, 0.00121887144633, -0.00228843186051, 0.000833905360196], [-0.000249284144957, 0.000284647365334, -0.000790446298197, 0.00344010302797, -0.000741610128898, 0.000659077253658, -0.00120579160284, 0.00103547750041, -0.000425243459176, 0.000203962641535, 0.000265442038653, 0.00121326278895, -0.000967870582826], [0.000295148201985, -0.000126104365336, -0.000186130593647, -0.000741610128898, 0.00647084135562, -0.00152318400797, 0.00124577339739, -0.000708375358954, -0.00101564312354, 0.000463013595436, -0.00173505139537, 0.00292797666043, -0.00138332671486], [-0.000455729052192, 0.0013055090094, -0.00130404962692, 0.000659077253658, -0.00152318400797, 0.010110382922, -0.00418647145852, -0.00112369400449, 0.00145720213186, -0.00129942724016, 0.000111305715109, -0.00104157021269, 0.000282195862383], [0.000536330800969, -0.0016322361771, 0.00119729735889, -0.00120579160284, 0.00124577339739, -0.00418647145852, 0.0103875445202, -0.00232045212761, -0.00321224727668, 0.00340736284852, -0.0033200783655, -0.000230518184253, 0.000617525831331], [-0.00032405226375, 0.00107525161002, -0.000607389200013, 0.00103547750041, -0.000708375358954, -0.00112369400449, -0.00232045212761, 0.0103388037533, -0.000834004895296, -0.00203917687759, 0.0010448693065, 0.00113976094872, -0.0023399523925], [0.000243800270255, -0.00135549425613, 0.000653285591397, -0.000425243459176, -0.00101564312354, 0.00145720213186, -0.00321224727668, -0.000834004895296, 0.0131819462404, -0.00799103826284, 0.00257558212616, 6.00676430622e-05, -0.00358496815898], [-0.000235032726778, 0.00153256568592, -0.000334871030645, 0.000203962641535, 0.000463013595436, -0.00129942724016, 0.00340736284852, -0.00203917687759, -0.00799103826284, 0.0185562670231, -0.00785741023719, -0.000369962217519, 0.00162490061484], [0.000331691000611, -0.00190117547754, 0.00121887144633, 0.000265442038653, -0.00173505139537, 0.000111305715109, -0.0033200783655, 0.0010448693065, 0.00257558212616, -0.00785741023719, 0.0205168705434, -0.00777726061642, -2.1552117687e-05], [-0.000340074766427, 0.00145697256085, -0.00228843186051, 0.00121326278895, 0.00292797666043, -0.00104157021269, -0.000230518184253, 0.00113976094872, 6.00676430622e-05, -0.000369962217519, -0.00777726061642, 0.0211785808206, -0.00841441191733], [0.000286250142381, -0.00151072372682, 0.000833905360196, -0.000967870582826, -0.00138332671486, 0.000282195862383, 0.000617525831331, -0.0023399523925, -0.00358496815898, 0.00162490061484, -2.1552117687e-05, -0.00841441191733, 0.0214776918292]], "mean": [-39.4834442139, 94.6779785156, -90.8165740967, 45.8786010742, -59.975112915, 12.9763069153, -28.8201198578, 8.91993331909, -23.6537036896, -0.254768967628, -18.8732528687, -2.83201003075, -13.6635799408]}, "hfc": {"dmean": 6.21290493011, "dmean2": 9.12563323975, "dvar": 80.9078445435, "dvar2": 170.070449829, "max": 186.681228638, "mean": 14.6144723892, "median": 8.59195899963, "min": 1.07068121054e-16, "var": 276.746185303}, "melbands": {"dmean": [0.00144849310163, 0.00106413208414, 0.00139698199928, 0.000726431899238, 0.000253271253314, 0.0001290308428, 0.000107081395981, 0.000177563983016, 0.000140769087011, 9.70225009951e-05, 9.73345304374e-05, 4.82204086438e-05, 2.96652269753e-05, 2.54179303738e-05, 3.36830853485e-05, 2.40669742197e-05, 2.5280736736e-05, 1.81814957614e-05, 1.15357743198e-05, 6.6278171289e-06, 5.58319425181e-06, 7.18923638487e-06, 8.28214979265e-06, 5.1247175179e-06, 4.17392948293e-06, 4.33387458543e-06, 4.84742849949e-06, 4.51730875284e-06, 2.45047340286e-06, 1.93215760191e-06, 2.27843452194e-06, 2.55894678958e-06, 2.44433113039e-06, 2.08472533814e-06, 1.44494219967e-06, 9.74492195382e-07, 9.7549207112e-07, 7.51309698899e-07, 7.2933175943e-07, 6.91907530381e-07], "dmean2": [0.00199729856104, 0.00170959171373, 0.00222118478268, 0.00115899008233, 0.000404915015679, 0.000198843816179, 0.000169679493411, 0.000283085595584, 0.000216504995478, 0.000151660584379, 0.000144382865983, 7.17209914001e-05, 4.67886275146e-05, 3.92671390728e-05, 5.21563524671e-05, 3.81661338906e-05, 3.94382150262e-05, 2.8797539926e-05, 1.79411690624e-05, 1.06235829662e-05, 8.8807364591e-06, 1.13637179311e-05, 1.33830317282e-05, 8.52611265145e-06, 7.03977866578e-06, 7.28843724573e-06, 7.9042820289e-06, 7.37917252991e-06, 4.0515319597e-06, 3.22792243423e-06, 3.78665504286e-06, 4.16075636167e-06, 3.96742871089e-06, 3.37335063705e-06, 2.35493166656e-06, 1.57146394031e-06, 1.59118803822e-06, 1.17631361718e-06, 1.13101350507e-06, 1.11694726002e-06], "dvar": [1.53531545948e-05, 3.22486766891e-06, 4.92913022754e-06, 1.8401710804e-06, 4.16610646425e-07, 1.09007736171e-07, 1.54946519615e-07, 3.01724838891e-07, 3.11115258e-07, 2.66312383701e-07, 1.53281860094e-07, 7.37328491596e-08, 1.35573285931e-08, 1.19897247686e-08, 3.31477352233e-08, 1.5698010003e-08, 9.12289088717e-09, 8.18375767153e-09, 2.99781688362e-09, 4.36398667203e-10, 2.1528513694e-10, 2.79280931714e-10, 4.46363362938e-10, 1.10519003671e-10, 6.26557902783e-11, 8.06916894414e-11, 1.21858759194e-10, 1.07525585658e-10, 2.08299592852e-11, 1.33434201188e-11, 2.8578438227e-11, 3.42356629157e-11, 3.83825991823e-11, 3.58077907603e-11, 1.14104324947e-11, 4.58775899215e-12, 4.51873044191e-12, 2.66804438785e-12, 3.62066821837e-12, 2.88138436721e-12], "dvar2": [2.75484835583e-05, 7.46359000914e-06, 1.08930771603e-05, 4.40147960035e-06, 9.87661223917e-07, 2.65026926627e-07, 4.05602293085e-07, 7.5089405982e-07, 7.55148278131e-07, 6.51355207992e-07, 3.42777980222e-07, 1.48877703054e-07, 2.92998247886e-08, 2.8238346772e-08, 7.88196530266e-08, 3.74366280198e-08, 2.19773514942e-08, 2.1211157275e-08, 7.15930115192e-09, 1.1038261416e-09, 4.87737239485e-10, 6.38829045219e-10, 1.11603992714e-09, 2.78056161429e-10, 1.64373972766e-10, 2.19991636019e-10, 2.88513241076e-10, 2.59154919746e-10, 5.07139677475e-11, 3.24730173307e-11, 6.20507464855e-11, 6.98616581252e-11, 8.43459399547e-11, 8.62141816271e-11, 2.53048970666e-11, 1.05332444156e-11, 1.11137583511e-11, 6.0064271265e-12, 7.87382832546e-12, 7.01009259321e-12], "max": [0.0526917763054, 0.0215514842421, 0.0314475335181, 0.0210299361497, 0.0155157484114, 0.00841925665736, 0.0191415250301, 0.0135391391814, 0.0142977358773, 0.0208588223904, 0.0162073001266, 0.011953080073, 0.00531633244827, 0.00454094214365, 0.0056313876994, 0.00435342406854, 0.00223663635552, 0.00358096370474, 0.00289753219113, 0.000875099620316, 0.00047813585843, 0.000453000335256, 0.000566808739677, 0.000236701598624, 0.000181414463441, 0.000292103330139, 0.000256282044575, 0.000265761336777, 0.000130619868287, 0.000116231145512, 0.000247546500759, 0.0002212254185, 0.000240138964728, 0.000319676531944, 0.000137711991556, 0.000109562824946, 6.96417409927e-05, 4.94007399539e-05, 7.20706229913e-05, 5.07182376168e-05], "mean": [0.00234690727666, 0.00191627722234, 0.00203646160662, 0.00109377154149, 0.00041861779755, 0.000235751795117, 0.000174529312062, 0.000257067149505, 0.000195070635527, 0.000130217551487, 0.000154065244715, 7.41947733331e-05, 4.48259961559e-05, 3.83746046282e-05, 4.46006924903e-05, 3.07627888105e-05, 3.32333220285e-05, 2.49160639214e-05, 1.61591651704e-05, 1.03324045995e-05, 9.09544633032e-06, 1.13763589979e-05, 1.2402440916e-05, 7.2190582614e-06, 5.9081494328e-06, 6.06202229392e-06, 6.95485914548e-06, 7.05557431502e-06, 3.73849161406e-06, 2.57947681348e-06, 2.9675022688e-06, 3.24251504935e-06, 3.15111492455e-06, 2.39932160184e-06, 1.60968340879e-06, 1.09946097382e-06, 1.08736674065e-06, 9.42971041695e-07, 9.03219415704e-07, 7.92415562501e-07], "median": [0.000603199820034, 0.00105849304236, 0.00105272768997, 0.00043145410018, 0.000157952352311, 0.00010112261225, 7.18030933058e-05, 7.22027616575e-05, 5.16490254086e-05, 2.50096018135e-05, 3.76669668185e-05, 1.31388860609e-05, 1.15588809422e-05, 8.54006793816e-06, 6.57813052385e-06, 4.36757454736e-06, 5.07054710397e-06, 3.12338170261e-06, 2.77392155112e-06, 2.90302432404e-06, 2.79523283098e-06, 3.04943796436e-06, 3.40438737112e-06, 2.71944145425e-06, 2.59671287495e-06, 2.38170650846e-06, 2.28476665143e-06, 2.48612514042e-06, 1.73523665126e-06, 1.14068404855e-06, 1.02985370631e-06, 1.20845902529e-06, 1.08544236355e-06, 7.48734862555e-07, 5.2022357977e-07, 3.39995892773e-07, 2.94296341963e-07, 2.29930819273e-07, 1.63093687888e-07, 1.50906174667e-07], "min": [6.57244492173e-25, 7.84134938145e-25, 1.17110434431e-24, 1.26224252938e-24, 1.03154715879e-24, 1.47280084486e-24, 1.54196757738e-24, 1.72780476703e-24, 2.27596034702e-24, 1.48093508547e-24, 1.51965553415e-24, 2.05898435226e-24, 3.01167411534e-24, 2.53677275065e-24, 2.73180953756e-24, 3.68218458553e-24, 3.29102159479e-24, 1.83958477958e-24, 2.75284885233e-24, 3.07650349339e-24, 3.66748929016e-24, 3.36754307475e-24, 3.90974176883e-24, 2.41735952276e-24, 3.53521664345e-24, 4.15870350951e-24, 4.63684157049e-24, 4.40320818607e-24, 4.4762413231e-24, 4.11670337162e-24, 4.78191821856e-24, 4.15405751321e-24, 4.87116481378e-24, 6.62918078411e-24, 5.03466530829e-24, 6.40070615558e-24, 5.56634927537e-24, 6.29187332737e-24, 5.9631269836e-24, 6.11979199837e-24], "var": [2.49393906415e-05, 6.57313876218e-06, 8.0469844761e-06, 3.16150362778e-06, 7.95152061528e-07, 1.93479394284e-07, 2.20571152454e-07, 4.5158606099e-07, 4.05962083505e-07, 3.29672872112e-07, 2.99790457348e-07, 1.43296929878e-07, 2.60987089717e-08, 1.96768628058e-08, 4.33864109084e-08, 1.90446858284e-08, 1.39294193957e-08, 1.14314078203e-08, 4.36377289859e-09, 9.99290317161e-10, 5.17304921122e-10, 6.22460583077e-10, 7.44910022554e-10, 1.724919374e-10, 8.97383695131e-11, 1.18896434365e-10, 2.04020286776e-10, 2.15004306026e-10, 3.92848531483e-11, 2.14186168801e-11, 4.79272802001e-11, 6.31367527704e-11, 6.47488174188e-11, 4.48432159461e-11, 1.59003088473e-11, 6.36544419605e-12, 5.62694595779e-12, 4.68376509452e-12, 7.11970716757e-12, 4.62093601231e-12]}, "melbands_crest": {"dmean": 3.76446318626, "dmean2": 6.11662197113, "dvar": 9.91713237762, "dvar2": 24.3911094666, "max": 34.0002174377, "mean": 16.2453937531, "median": 15.7903594971, "min": 1.62515974045, "var": 32.8309211731}, "melbands_flatness_db": {"dmean": 0.0435249730945, "dmean2": 0.0628629475832, "dvar": 0.00161723594647, "dvar2": 0.00345619185828, "max": 0.570727229118, "mean": 0.235107570887, "median": 0.229232609272, "min": 0.00310671655461, "var": 0.00630834139884}, "melbands_kurtosis": {"dmean": 19.7344341278, "dmean2": 30.0168495178, "dvar": 948.987854004, "dvar2": 2173.36962891, "max": 530.355529785, "mean": 36.8168983459, "median": 21.2304878235, "min": -1.62081491947, "var": 2126.65820312}, "melbands_skewness": {"dmean": 1.19568097591, "dmean2": 1.80558359623, "dvar": 1.53299450874, "dvar2": 3.56523656845, "max": 18.426486969, "mean": 4.2363910675, "median": 3.7826423645, "min": -0.778135597706, "var": 6.10159540176}, "melbands_spread": {"dmean": 7.15754461288, "dmean2": 11.5726041794, "dvar": 118.332397461, "dvar2": 288.490814209, "max": 240.779556274, "mean": 16.3510932922, "median": 10.6132678986, "min": 0.257047176361, "var": 401.674682617}, "mfcc": {"cov": [[10580.8222656, 339.147460938, -358.918060303, -122.465660095, 15.4313116074, -107.088272095, -74.4393157959, -62.6985931396, -76.7967224121, -55.3364562988, 65.6030960083, -64.0779342651, -78.3367004395], [339.147460938, 1345.44543457, -85.2762832642, 175.262832642, -141.733535767, 53.2630500793, -12.8204650879, 74.3522109985, 41.1383018494, 43.8404502869, 26.4595546722, 57.6905860901, 67.7969665527], [-358.918060303, -85.2762832642, 578.489929199, 63.8305358887, 86.0907363892, 48.698135376, 27.5188159943, 31.6458854675, -6.74099683762, -47.3163948059, -14.7721443176, -26.1995201111, 1.37263524532], [-122.465660095, 175.262832642, 63.8305358887, 353.643981934, 28.0956611633, 65.1695785522, -11.4006509781, 23.7303161621, 23.0128326416, 30.2396030426, -23.820224762, 13.090215683, 12.5644674301], [15.4313116074, -141.733535767, 86.0907363892, 28.0956611633, 219.946350098, 3.38010430336, 14.2408666611, -25.914068222, 8.99625968933, 0.622231066227, -5.39787721634, -25.5842113495, -19.3474845886], [-107.088272095, 53.2630500793, 48.698135376, 65.1695785522, 3.38010430336, 138.281173706, 18.234588623, 24.1420001984, 7.84015274048, 3.86316275597, 12.4017801285, 19.9748382568, 5.72073554993], [-74.4393157959, -12.8204650879, 27.5188159943, -11.4006509781, 14.2408666611, 18.234588623, 128.116912842, 46.3459358215, -1.46923196316, 0.318908810616, 6.29136896133, 6.84354019165, 0.663343369961], [-62.6985931396, 74.3522109985, 31.6458854675, 23.7303161621, -25.914068222, 24.1420001984, 46.3459358215, 103.165283203, 34.8321990967, 6.3530254364, 3.67792701721, 11.4400205612, 9.80057144165], [-76.7967224121, 41.1383018494, -6.74099683762, 23.0128326416, 8.99625968933, 7.84015274048, -1.46923196316, 34.8321990967, 100.689582825, 48.2897949219, 12.0527210236, 11.9241380692, 7.83540773392], [-55.3364562988, 43.8404502869, -47.3163948059, 30.2396030426, 0.622231066227, 3.86316275597, 0.318908810616, 6.3530254364, 48.2897949219, 92.6274642944, 28.6697978973, 14.4824151993, 3.44394540787], [65.6030960083, 26.4595546722, -14.7721443176, -23.820224762, -5.39787721634, 12.4017801285, 6.29136896133, 3.67792701721, 12.0527210236, 28.6697978973, 73.1866226196, 32.1836700439, 6.49351453781], [-64.0779342651, 57.6905860901, -26.1995201111, 13.090215683, -25.5842113495, 19.9748382568, 6.84354019165, 11.4400205612, 11.9241380692, 14.4824151993, 32.1836700439, 76.7453384399, 32.8054008484], [-78.3367004395, 67.7969665527, 1.37263524532, 12.5644674301, -19.3474845886, 5.72073554993, 0.663343369961, 9.80057144165, 7.83540773392, 3.44394540787, 6.49351453781, 32.8054008484, 75.2357711792]], "icov": [[0.000102644029539, -3.91548019252e-05, 7.0638336183e-05, 4.08328196499e-06, -5.26839830854e-05, 5.63158573641e-05, 4.80757735204e-05, -1.76158773684e-05, 4.67153367936e-05, 0.000128441082779, -0.000198028516024, 0.000123406003695, 7.6765747508e-05], [-3.91548019252e-05, 0.000945841660723, 0.000104241618828, -0.000475158361951, 0.000518836546689, -0.000108742802695, 0.000141734723002, -0.000446626538178, -5.98638252995e-05, -9.39379242482e-05, -0.000287203409243, 2.98173617921e-05, -0.000594698707573], [7.0638336183e-05, 0.000104241618828, 0.00217732973397, -0.000396670715418, -0.000763248943258, -0.000510142010171, -3.70893285435e-05, -0.000775324471761, -5.44283539057e-05, 0.00140748731792, -0.000666910666041, 0.00102409929968, -0.000497768342029], [4.08328196499e-06, -0.000475158361951, -0.000396670715418, 0.00394221721217, -0.000854309997521, -0.00155708158854, 0.000908693356905, -0.00072790728882, 0.000543834874406, -0.00210648588836, 0.00278140208684, -0.00118901103269, 8.50019350764e-05], [-5.26839830854e-05, 0.000518836546689, -0.000763248943258, -0.000854309997521, 0.0059878770262, -5.70985175727e-05, -0.00159548246302, 0.00268882396631, -0.00188223051373, 0.000321416388033, -0.000644155952614, 0.00152933120262, 0.00041224990855], [5.63158573641e-05, -0.000108742802695, -0.000510142010171, -0.00155708158854, -5.70985175727e-05, 0.00883750990033, -0.000728166720364, -0.00101410527714, 4.05859063903e-05, 0.000757697445806, -0.00165527348872, -0.00163500988856, 0.000694702204783], [4.80757735204e-05, 0.000141734723002, -3.70893285435e-05, 0.000908693356905, -0.00159548246302, -0.000728166720364, 0.0104890875518, -0.00604633009061, 0.00294222077355, -0.00134107121266, 3.46451743098e-05, -0.000947240099777, 0.000276490492979], [-1.76158773684e-05, -0.000446626538178, -0.000775324471761, -0.00072790728882, 0.00268882396631, -0.00101410527714, -0.00604633009061, 0.0161707606167, -0.00675330171362, 0.00249973195605, -6.29282440059e-05, 0.000179806389497, -0.000248852273216], [4.67153367936e-05, -5.98638252995e-05, -5.44283539057e-05, 0.000543834874406, -0.00188223051373, 4.05859063903e-05, 0.00294222077355, -0.00675330171362, 0.0165029987693, -0.00847232993692, 0.00125468266197, -0.00117935740855, -0.000545508519281], [0.000128441082779, -9.39379242482e-05, 0.00140748731792, -0.00210648588836, 0.000321416388033, 0.000757697445806, -0.00134107121266, 0.00249973195605, -0.00847232993692, 0.0185073576868, -0.00706232106313, 0.00132147979457, 0.000324227556121], [-0.000198028516024, -0.000287203409243, -0.000666910666041, 0.00278140208684, -0.000644155952614, -0.00165527348872, 3.46451743098e-05, -6.29282440059e-05, 0.00125468266197, -0.00706232106313, 0.0213113948703, -0.00902154669166, 0.00185534660704], [0.000123406003695, 2.98173617921e-05, 0.00102409929968, -0.00118901103269, 0.00152933120262, -0.00163500988856, -0.000947240099777, 0.000179806389497, -0.00117935740855, 0.00132147979457, -0.00902154669166, 0.0217285919935, -0.00784941017628], [7.6765747508e-05, -0.000594698707573, -0.000497768342029, 8.50019350764e-05, 0.00041224990855, 0.000694702204783, 0.000276490492979, -0.000248852273216, -0.000545508519281, 0.000324227556121, 0.00185534660704, -0.00784941017628, 0.0172898843884]], "mean": [-677.055969238, 118.735069275, 23.4721870422, 36.0385398865, -0.34365645051, 8.95522689819, 1.99328899384, 7.67764616013, 1.04415643215, 2.30729722977, 0.916050076485, -2.11716365814, -1.79113745689]}, "pitch_salience": {"dmean": 0.088029332459, "dmean2": 0.141018375754, "dvar": 0.00585642503574, "dvar2": 0.0149688608944, "max": 0.980051517487, "mean": 0.525601685047, "median": 0.535224735737, "min": 0.0598254278302, "var": 0.0160504635423}, "silence_rate_20dB": {"dmean": 0, "dmean2": 0, "dvar": 0, "dvar2": 0, "max": 1, "mean": 1, "median": 1, "min": 1, "var": 0}, "silence_rate_30dB": {"dmean": 0.0180215090513, "dmean2": 0.0360465124249, "dvar": 0.0176967345178, "dvar2": 0.0483130514622, "max": 1, "mean": 0.988083720207, "median": 1, "min": 0, "var": 0.0117742968723}, "silence_rate_60dB": {"dmean": 0.025966476649, "dmean2": 0.0519379861653, "dvar": 0.0252922177315, "dvar2": 0.0573799647391, "max": 1, "mean": 0.0902925804257, "median": 0, "min": 0, "var": 0.082139827311}, "spectral_centroid": {"dmean": 368.465789795, "dmean2": 595.92565918, "dvar": 199010.671875, "dvar2": 466220.96875, "max": 11746.8857422, "mean": 1201.17602539, "median": 938.024536133, "min": 157.382904053, "var": 1782114.625}, "spectral_complexity": {"dmean": 3.1907761097, "dmean2": 5.12073659897, "dvar": 17.0366592407, "dvar2": 40.6239891052, "max": 55, "mean": 12.835981369, "median": 11, "min": 0, "var": 66.2328338623}, "spectral_contrast_coeffs": {"dmean": [0.0571380853653, 0.0435397028923, 0.0365959480405, 0.0302556082606, 0.0239554364234, 0.0284887049347], "dmean2": [0.0929286032915, 0.0706083029509, 0.0576265491545, 0.0481756068766, 0.0386647470295, 0.0459397956729], "dvar": [0.00223368848674, 0.00144934013952, 0.000946793181356, 0.000668564112857, 0.000457264424767, 0.000755128392484], "dvar2": [0.00565968733281, 0.00365023501217, 0.00220141466707, 0.00152466190048, 0.00105975742918, 0.00183659861796], "max": [-0.314331918955, -0.390382051468, -0.408485233784, -0.513364434242, -0.599956214428, -0.601655006409], "mean": [-0.636566579342, -0.743076384068, -0.774349868298, -0.800583302975, -0.801133930683, -0.765214562416], "median": [-0.637188076973, -0.74889922142, -0.780473649502, -0.80910384655, -0.807151973248, -0.768077135086], "min": [-0.999733924866, -0.998887658119, -0.996991038322, -0.98895585537, -0.96826928854, -0.970932424068], "var": [0.0099550774321, 0.00592492008582, 0.0048269466497, 0.00364990951493, 0.00239999219775, 0.00298757152632]}, "spectral_contrast_valleys": {"dmean": [0.37306496501, 0.338205456734, 0.323213070631, 0.372859805822, 0.403383046389, 0.644104540348], "dmean2": [0.602714717388, 0.547531068325, 0.506409466267, 0.568665146828, 0.60962754488, 0.839145004749], "dvar": [0.112961724401, 0.104569904506, 0.102914094925, 0.148194938898, 0.20264698565, 0.413939684629], "dvar2": [0.255670785904, 0.225812360644, 0.200016513467, 0.301839083433, 0.424628406763, 0.792985141277], "max": [-5.1730093956, -4.97879981995, -4.93508291245, -5.86087369919, -5.78521871567, -7.61699199677], "mean": [-7.32244062424, -7.24808835983, -7.99892091751, -8.54641056061, -8.17745399475, -10.502117157], "median": [-6.87229537964, -6.82527542114, -7.59875106812, -8.19243240356, -7.78149700165, -10.1176700592], "min": [-28.4290714264, -28.2339458466, -27.7934246063, -27.7062416077, -27.5876636505, -27.4259738922], "var": [6.61613035202, 6.61114454269, 6.191385746, 6.00069475174, 6.2044172287, 5.47441053391]}, "spectral_decrease": {"dmean": 2.88299473183e-09, "dmean2": 4.22733226202e-09, "dvar": 1.48512834358e-17, "dvar2": 3.05039956974e-17, "max": 1.68707009415e-28, "mean": -7.26546245389e-09, "median": -5.36856026301e-09, "min": -4.89000058224e-08, "var": 4.370264837e-17}, "spectral_energy": {"dmean": 0.0112134059891, "dmean2": 0.0164148267359, "dvar": 0.000219681343879, "dvar2": 0.000451982778031, "max": 0.185715615749, "mean": 0.0287471171468, "median": 0.0213484428823, "min": 1.00464550829e-20, "var": 0.000666773587}, "spectral_energyband_high": {"dmean": 0.000477057619719, "dmean2": 0.000741127296351, "dvar": 7.20134494259e-07, "dvar2": 1.53819701154e-06, "max": 0.0260159354657, "mean": 0.000682934070937, "median": 0.000299309147522, "min": 6.97373113886e-21, "var": 1.38832490393e-06}, "spectral_energyband_low": {"dmean": 0.00669800443575, "dmean2": 0.00996105093509, "dvar": 0.000153206448886, "dvar2": 0.000307188485749, "max": 0.183211222291, "mean": 0.0133384224027, "median": 0.00781027972698, "min": 1.93695155397e-23, "var": 0.00034044921631}, "spectral_energyband_middle_high": {"dmean": 0.00134718685877, "dmean2": 0.00190508191008, "dvar": 1.23811059893e-05, "dvar2": 2.29160013987e-05, "max": 0.123418934643, "mean": 0.00308225094341, "median": 0.00107476417907, "min": 1.12130067366e-21, "var": 4.17020164605e-05}, "spectral_energyband_middle_low": {"dmean": 0.00673717306927, "dmean2": 0.0104270111769, "dvar": 0.000102145895653, "dvar2": 0.000225074152695, "max": 0.127622082829, "mean": 0.0135400220752, "median": 0.00822860654444, "min": 1.55877034227e-22, "var": 0.000223741400987}, "spectral_entropy": {"dmean": 0.305230557919, "dmean2": 0.454236358404, "dvar": 0.0901696011424, "dvar2": 0.182301282883, "max": 9.82476806641, "mean": 7.56134653091, "median": 7.54259967804, "min": 5.68100833893, "var": 0.263841509819}, "spectral_flux": {"dmean": 0.0267705004662, "dmean2": 0.043283674866, "dvar": 0.00085940072313, "dvar2": 0.00207536434755, "max": 0.345340937376, "mean": 0.0831833854318, "median": 0.0694864541292, "min": 6.32872573791e-11, "var": 0.00277653546073}, "spectral_kurtosis": {"dmean": 1.38960003853, "dmean2": 2.23176765442, "dvar": 3.10668063164, "dvar2": 7.32635831833, "max": 26.5406646729, "mean": 3.14102602005, "median": 2.66489601135, "min": -1.25676953793, "var": 5.63338518143}, "spectral_rms": {"dmean": 0.000951954338234, "dmean2": 0.00136997748632, "dvar": 9.88042643257e-07, "dvar2": 1.87530702078e-06, "max": 0.0134605336934, "mean": 0.00475586811081, "median": 0.00456374231726, "min": 3.13072202711e-12, "var": 5.42768657397e-06}, "spectral_rolloff": {"dmean": 576.030395508, "dmean2": 1020.32952881, "dvar": 1558980.625, "dvar2": 3867014.25, "max": 19530.6152344, "mean": 1180.84643555, "median": 495.263671875, "min": 64.599609375, "var": 6209151}, "spectral_skewness": {"dmean": 0.254295259714, "dmean2": 0.403091669083, "dvar": 0.0740866363049, "dvar2": 0.166073441505, "max": 4.25251102448, "mean": 1.38539755344, "median": 1.34280252457, "min": -0.0838027223945, "var": 0.228467777371}, "spectral_spread": {"dmean": 930940.4375, "dmean2": 1366270, "dvar": 1151587581950.0, "dvar2": 2246782746620.0, "max": 42796500, "mean": 5866162, "median": 5031280, "min": 2103786, "var": 19962104119300.0}, "s