{"lowlevel": {"average_loudness": 0.672884643078, "barkbands": {"dmean": [0.00148649455514, 0.00433507096022, 0.00253111799248, 0.00154663936701, 0.00170122704003, 0.00240684277378, 0.00133407930844, 0.00104542681947, 0.0013548550196, 0.00099319871515, 0.000420423835749, 0.000289625691948, 0.000181111259735, 0.000130908360006, 0.000106960324047, 8.25062670629e-05, 4.93716033816e-05, 7.43433993193e-05, 4.50537845609e-05, 2.72536799457e-05, 2.09481804632e-05, 1.56572059495e-05, 1.5136312868e-05, 5.22151640325e-06, 1.73917942448e-06, 8.61663193064e-06, 0.000142914897879], "dmean2": [0.00252358964644, 0.00713250180706, 0.00404477724805, 0.00248881359585, 0.0026829878334, 0.00370796420611, 0.00209624134004, 0.00164480716921, 0.00217656418681, 0.00156862533186, 0.000666175677907, 0.000455685192719, 0.000287288828986, 0.000206116266781, 0.000170013969182, 0.000127462044475, 7.40568211768e-05, 0.000112089066533, 6.6605702159e-05, 3.88873231714e-05, 2.91497399303e-05, 2.19652065425e-05, 2.16752378037e-05, 7.94108564151e-06, 2.87671923616e-06, 1.21909288282e-05, 0.000192449238966], "dvar": [1.74998313014e-05, 8.05620002211e-05, 2.7818217859e-05, 1.20072390928e-05, 2.6491976314e-05, 9.32869661483e-05, 1.82750991371e-05, 1.09929287646e-05, 1.52507736857e-05, 7.20204434401e-06, 1.2319775351e-06, 1.05595586319e-06, 2.53858189581e-07, 1.13363313403e-07, 7.52480815436e-08, 6.24244336223e-08, 1.14054943268e-08, 2.58998191782e-08, 1.18089005241e-08, 4.72067807067e-09, 2.31408470164e-09, 1.48845147319e-09, 1.55460577744e-09, 1.78931675032e-10, 1.24688939729e-11, 3.65056596063e-10, 6.43370938747e-08], "dvar2": [4.41916345153e-05, 0.000203619099921, 6.57152486383e-05, 2.80818767351e-05, 5.87499016547e-05, 0.000197815912543, 4.43553544756e-05, 2.75402453553e-05, 3.76618627342e-05, 1.7521184418e-05, 2.93496555059e-06, 2.31796457228e-06, 6.0361372789e-07, 2.9961393011e-07, 1.91518310544e-07, 1.47729110722e-07, 2.50283171965e-08, 6.03391256959e-08, 2.57790961911e-08, 8.42514236155e-09, 4.08420453013e-09, 2.7024862348e-09, 3.03555069969e-09, 4.00563471281e-10, 3.00041103074e-11, 7.12863379437e-10, 1.16354755164e-07], "max": [0.0544429793954, 0.124597921968, 0.106738634408, 0.107400760055, 0.250025868416, 0.252070188522, 0.137878596783, 0.119369640946, 0.130533486605, 0.0626587867737, 0.0290399007499, 0.0493186414242, 0.0250719506294, 0.0116379614919, 0.00862818118185, 0.0121236182749, 0.003516522469, 0.00314586982131, 0.00297855469398, 0.00298271258362, 0.00212420104071, 0.00211469177157, 0.00127519434318, 0.000248926138738, 7.55254877731e-05, 0.00043077688315, 0.00717620830983], "mean": [0.00131285085808, 0.00529835000634, 0.00316543318331, 0.00215593725443, 0.00272155390121, 0.00311511079781, 0.00178760255221, 0.00146619451698, 0.00213144952431, 0.00141294975765, 0.000567730225157, 0.000449675368145, 0.000268663279712, 0.000203361763852, 0.000165390374605, 0.000122311525047, 8.21686335257e-05, 0.000132956702146, 7.55753717385e-05, 4.50012448709e-05, 3.10100294882e-05, 2.09597455978e-05, 1.64180619322e-05, 5.30707984581e-06, 1.78281800345e-06, 1.02637695818e-05, 0.000352107163053], "median": [0.000169124235981, 0.00147759681568, 0.00107070384547, 0.000619091326371, 0.0008944546571, 0.000377203687094, 0.000291109201498, 0.000189010665054, 0.000249989563599, 0.000201967501198, 0.000117589246656, 0.000102002748463, 8.40415013954e-05, 5.59451073059e-05, 4.47965721833e-05, 3.89744382119e-05, 2.21838072321e-05, 2.38285192609e-05, 1.69577688212e-05, 1.11361050585e-05, 9.24160667637e-06, 5.35473873242e-06, 2.19750927499e-06, 8.68677432209e-07, 5.20569528817e-07, 2.25859184866e-06, 0.000108168009319], "min": [1.16385520563e-24, 3.77650197865e-24, 1.17281153792e-24, 1.4443673396e-24, 7.63000467026e-24, 7.42269596867e-24, 1.01253736619e-23, 7.20266688499e-24, 1.08783185189e-23, 2.67840428537e-23, 1.42754210007e-23, 2.8516662236e-23, 2.59020805844e-23, 2.97527725646e-23, 3.36470065114e-23, 5.03408021015e-23, 5.91978388891e-23, 9.96227698526e-23, 1.42266899071e-22, 1.18952613577e-22, 2.73839671545e-22, 3.26035682013e-22, 3.67347683909e-22, 6.33842896343e-22, 9.17758505215e-22, 1.30027056959e-21, 1.96388267836e-21], "var": [1.4888950318e-05, 8.8814245828e-05, 3.60488447768e-05, 2.3501146643e-05, 6.12578442087e-05, 0.00016532492009, 2.69615138677e-05, 2.2367148631e-05, 3.68273649656e-05, 1.19029627967e-05, 2.09958079722e-06, 2.76065111393e-06, 4.72507878158e-07, 2.33026455021e-07, 1.32097397909e-07, 9.73581819608e-08, 2.72314188976e-08, 7.39053760412e-08, 2.54959218182e-08, 1.19991563352e-08, 5.74052805291e-09, 3.01425595595e-09, 2.31607333312e-09, 2.0995344352e-10, 1.39769055704e-11, 5.99782612465e-10, 3.11352266635e-07]}, "barkbands_crest": {"dmean": 3.05353045464, "dmean2": 5.04322957993, "dvar": 6.92645168304, "dvar2": 17.9137821198, "max": 26.57006073, "mean": 11.0280647278, "median": 10.2482318878, "min": 2.6616795063, "var": 18.2771835327}, "barkbands_flatness_db": {"dmean": 0.0326692946255, "dmean2": 0.0501059405506, "dvar": 0.000799201487098, "dvar2": 0.00186327809934, "max": 0.451576530933, "mean": 0.171810090542, "median": 0.162782281637, "min": 0.0364494584501, "var": 0.00346569973044}, "barkbands_kurtosis": {"dmean": 9.92337799072, "dmean2": 16.0109920502, "dvar": 342.002746582, "dvar2": 881.717224121, "max": 515.071411133, "mean": 17.623670578, "median": 8.92693805695, "min": -1.85168802738, "var": 650.234130859}, "barkbands_skewness": {"dmean": 0.891196906567, "dmean2": 1.40458106995, "dvar": 0.891091644764, "dvar2": 2.18164086342, "max": 15.9998064041, "mean": 2.81293654442, "median": 2.46742415428, "min": -3.26001191139, "var": 3.30443525314}, "barkbands_spread": {"dmean": 5.84222078323, "dmean2": 8.95829105377, "dvar": 47.8414154053, "dvar2": 105.149124146, "max": 133.324066162, "mean": 17.2690353394, "median": 14.1792411804, "min": 0.332977503538, "var": 186.343185425}, "dissonance": {"dmean": 0.0291130524129, "dmean2": 0.0484100393951, "dvar": 0.000861927634105, "dvar2": 0.00233863992617, "max": 0.500000119209, "mean": 0.450905740261, "median": 0.46207934618, "min": 0.159279972315, "var": 0.00176771800034}, "dynamic_complexity": 5.56296348572, "erbbands": {"dmean": [0.167527332902, 0.885922551155, 2.8019053936, 3.94841742516, 5.88819313049, 5.10692977905, 10.4343929291, 21.5777072906, 17.7605266571, 21.5117721558, 24.3224411011, 31.1533851624, 30.123085022, 24.8312931061, 13.2548837662, 11.8835220337, 8.38448905945, 7.08641910553, 5.82630586624, 4.82800006866, 3.88066291809, 2.61608219147, 3.78807044029, 3.12444519997, 1.78884673119, 1.27664971352, 1.01206433773, 0.745159566402, 0.576012730598, 0.432996481657, 0.43375352025, 0.220785856247, 0.0325671024621, 0.0196838118136, 0.0123715456575, 0.00809377711266, 0.0196906458586, 0.0147683201358, 0.00871848035604, 0.00506332237273], "dmean2": [0.283706456423, 1.4452457428, 4.4133477211, 6.24264717102, 9.46012592316, 8.05115032196, 16.0997924805, 33.424369812, 27.9126148224, 33.975894928, 38.1067886353, 49.7960510254, 47.605342865, 38.7621688843, 20.8999004364, 18.3718624115, 13.1734209061, 11.103143692, 9.11958789825, 7.40835762024, 5.86955308914, 3.84217000008, 5.71576356888, 4.61378955841, 2.55336666107, 1.8280851841, 1.43613135815, 1.04015648365, 0.807873129845, 0.616259932518, 0.624467790127, 0.322831183672, 0.0523611828685, 0.032523855567, 0.0204146709293, 0.013079863973, 0.0280395783484, 0.0201684311032, 0.0115773007274, 0.00675381114706], "dvar": [0.199443295598, 3.02035975456, 35.7499923706, 69.7754440308, 167.439987183, 403.133880615, 3104.72436523, 7649.30371094, 4911.89746094, 5015.72460938, 7043.81982422, 10208.8886719, 6378.8125, 4171.21337891, 1207.50341797, 1911.25769043, 654.534851074, 368.074676514, 214.22958374, 125.232246399, 107.620079041, 29.6472454071, 72.8040542603, 44.5563049316, 19.8530139923, 10.139872551, 5.83880519867, 3.24571228027, 1.87171328068, 1.32396733761, 1.30439794064, 0.347738713026, 0.00414702389389, 0.00161843979731, 0.000624696433078, 0.000250135111855, 0.00212867860682, 0.00106251146644, 0.000351307913661, 7.39205715945e-05], "dvar2": [0.525274336338, 7.5097489357, 81.4261779785, 156.215423584, 366.005218506, 885.255371094, 6412.02685547, 16357.3632812, 11478.1123047, 12621.0390625, 17748.3632812, 25315.9335938, 15435.4580078, 9991.29589844, 2852.30981445, 3991.60595703, 1543.52905273, 985.073730469, 531.343322754, 293.693908691, 240.609115601, 63.5968208313, 173.247528076, 99.0467224121, 40.0366439819, 17.6606254578, 10.9591722488, 5.97571516037, 3.45797348022, 2.58354139328, 2.55923938751, 0.727330565453, 0.00968624465168, 0.0039018264506, 0.00150183611549, 0.000593147764448, 0.00428373878822, 0.0019255640218, 0.000502961804159, 0.000139492709422], "max": [5.85007095337, 24.0005397797, 107.721412659, 333.847930908, 474.012695312, 854.171447754, 2069.58789062, 2818.51245117, 2094.5625, 1761.96826172, 3475.03515625, 4103.56884766, 2092.73706055, 1446.90356445, 935.896911621, 2112.08203125, 1377.12670898, 678.896789551, 476.867706299, 468.702697754, 351.973999023, 147.75328064, 183.606750488, 192.360778809, 137.524307251, 142.503143311, 106.112312317, 78.0353775024, 67.0386047363, 54.8838424683, 33.40965271, 9.96371746063, 1.35567545891, 0.856982827187, 0.533629775047, 0.314678132534, 0.955782592297, 1.0203025341, 1.31818091869, 0.225090444088], "mean": [0.165151447058, 1.13873398304, 3.58046650887, 5.86744356155, 9.40919780731, 7.56567525864, 13.5180740356, 27.6876239777, 25.3484916687, 29.4646892548, 36.647605896, 49.9956092834, 46.8054122925, 38.4054679871, 20.1875743866, 19.3763599396, 13.0768966675, 11.4717922211, 9.42519950867, 7.93850421906, 6.12275362015, 4.62859964371, 6.7680773735, 5.68279695511, 3.03089213371, 2.13031721115, 1.5819555521, 1.07050454617, 0.778521001339, 0.530075848103, 0.462818384171, 0.224996730685, 0.0346459895372, 0.0200942493975, 0.0128831639886, 0.00901751685888, 0.0229971185327, 0.0216939207166, 0.0192261580378, 0.0153105407953], "median": [0.0341202616692, 0.331522166729, 1.29249894619, 2.02711248398, 2.95000171661, 2.27860426903, 2.37865018845, 3.20200920105, 4.32983970642, 4.56826686859, 4.96828746796, 5.82732391357, 7.05585861206, 7.66700839996, 5.97869634628, 4.65777397156, 4.27681398392, 3.5074467659, 2.70982432365, 2.58615446091, 2.0787115097, 1.33331406116, 1.31656885147, 1.11726748943, 0.717268109322, 0.530896246433, 0.462983936071, 0.295531004667, 0.203014105558, 0.110964857042, 0.0574218221009, 0.0271843206137, 0.0098169920966, 0.00589569285512, 0.00390525395051, 0.00299080251716, 0.00469184620306, 0.00646200682968, 0.00561993429437, 0.0061500845477], "min": [5.14161930648e-23, 8.46875175073e-22, 1.37692593818e-21, 7.03137528779e-21, 9.46446485951e-21, 2.8127685425e-20, 5.52017689318e-20, 3.86908432396e-20, 1.72291524009e-19, 1.40516492302e-19, 3.58928350243e-19, 2.64718087791e-19, 4.67747733836e-19, 7.84104199877e-19, 9.26919052285e-19, 1.2893128757e-18, 1.4987080643e-18, 1.92875399149e-18, 2.27077394283e-18, 3.75992052304e-18, 3.27773398972e-18, 4.39436308978e-18, 4.0923867451e-18, 8.89479554951e-18, 8.38238362982e-18, 6.64079372757e-18, 9.09749202272e-18, 1.12600002243e-17, 1.15445379473e-17, 1.12009271208e-17, 9.60772597586e-18, 1.13382986595e-17, 1.04303165632e-17, 8.58523561297e-18, 6.65307363736e-18, 4.12556206434e-18, 2.35060204182e-18, 1.05446399549e-18, 2.46218762078e-19, 2.8177561831e-20], "var": [0.163696050644, 3.83137583733, 45.99426651, 143.915847778, 608.723449707, 699.780639648, 4740.95556641, 13760.3427734, 8058.14697266, 7807.55761719, 14851.6621094, 25629.6953125, 12057.7167969, 8326.42382812, 2059.21166992, 5776.27636719, 1269.6895752, 755.819152832, 404.286010742, 254.985336304, 189.503036499, 76.8107528687, 198.426376343, 116.266555786, 45.8218727112, 27.2347946167, 13.8947706223, 7.43799209595, 3.88665437698, 2.26377677917, 1.91746294498, 0.441751688719, 0.00494569446892, 0.00179911009036, 0.000707690312993, 0.000299228413496, 0.00326650636271, 0.00238701584749, 0.00152918661479, 0.000463148462586]}, "erbbands_crest": {"dmean": 3.41788673401, "dmean2": 5.52966356277, "dvar": 10.0082845688, "dvar2": 24.1743869781, "max": 34.0145492554, "mean": 10.7225465775, "median": 9.46956443787, "min": 2.13202118874, "var": 28.550113678}, "erbbands_flatness_db": {"dmean": 0.0294957645237, "dmean2": 0.0432529784739, "dvar": 0.000625203771051, "dvar2": 0.00133005704265, "max": 0.451880246401, "mean": 0.167399257421, "median": 0.162792414427, "min": 0.0368684343994, "var": 0.00296586868353}, "erbbands_kurtosis": {"dmean": 2.25402760506, "dmean2": 3.56860351562, "dvar": 22.0753650665, "dvar2": 46.9666404724, "max": 226.841873169, "mean": 2.68413090706, "median": 0.969573259354, "min": -1.75990557671, "var": 53.6363143921}, "erbbands_skewness": {"dmean": 0.520248293877, "dmean2": 0.78883510828, "dvar": 0.27205234766, "dvar2": 0.58825302124, "max": 9.19271469116, "mean": 0.747915506363, "median": 0.679876029491, "min": -4.88436079025, "var": 1.17103123665}, "erbbands_spread": {"dmean": 7.82907962799, "dmean2": 11.7350578308, "dvar": 65.2221908569, "dvar2": 143.989456177, "max": 123.403831482, "mean": 26.5463352203, "median": 23.6498451233, "min": 0.42416882515, "var": 235.963882446}, "gfcc": {"cov": [[21205.6621094, 1365.79431152, -1291.21264648, -466.854827881, -233.045150757, -471.369720459, 291.816802979, 5.2655339241, 123.466522217, -228.280166626, -71.4068908691, -182.843505859, -120.524055481], [1365.79431152, 1119.17346191, 331.991424561, -120.866241455, 71.3579559326, 70.6297836304, -17.6378192902, -16.6200370789, -34.296913147, -25.9499473572, 20.7408657074, -47.0357284546, 71.7285385132], [-1291.21264648, 331.991424561, 913.85723877, 431.419555664, 69.3774261475, 411.24432373, -113.873374939, 78.5102767944, -59.1495704651, 85.6110687256, -0.953493893147, 27.270816803, 18.173500061], [-466.854827881, -120.866241455, 431.419555664, 642.122619629, 165.698989868, 174.159744263, 36.6914978027, -41.1328277588, -13.2129688263, 59.8779220581, -11.634771347, 73.074760437, -65.2812728882], [-233.045150757, 71.3579559326, 69.3774261475, 165.698989868, 320.981018066, 140.850265503, 85.7942123413, -61.9272727966, 3.44614839554, -30.1730213165, -1.16485226154, -15.156583786, -10.8876905441], [-471.369720459, 70.6297836304, 411.24432373, 174.159744263, 140.850265503, 519.012878418, -10.0223226547, 66.8021850586, -27.1401100159, 26.4194965363, -7.76466751099, 24.2130203247, 13.6314096451], [291.816802979, -17.6378192902, -113.873374939, 36.6914978027, 85.7942123413, -10.0223226547, 231.496536255, -1.25429391861, 77.825378418, -30.4183120728, -14.1950769424, 13.7056818008, -40.1379547119], [5.2655339241, -16.6200370789, 78.5102767944, -41.1328277588, -61.9272727966, 66.8021850586, -1.25429391861, 222.938278198, 65.4175720215, 40.2784996033, -4.26741504669, -37.2769927979, 21.6825008392], [123.466522217, -34.296913147, -59.1495704651, -13.2129688263, 3.44614839554, -27.1401100159, 77.825378418, 65.4175720215, 184.941619873, 43.5659561157, 4.60212945938, 7.00643634796, -39.261592865], [-228.280166626, -25.9499473572, 85.6110687256, 59.8779220581, -30.1730213165, 26.4194965363, -30.4183120728, 40.2784996033, 43.5659561157, 113.827812195, 54.5170478821, 22.4571723938, 1.54836773872], [-71.4068908691, 20.7408657074, -0.953493893147, -11.634771347, -1.16485226154, -7.76466751099, -14.1950769424, -4.26741504669, 4.60212945938, 54.5170478821, 91.0112228394, 46.1242408752, 15.0001773834], [-182.843505859, -47.0357284546, 27.270816803, 73.074760437, -15.156583786, 24.2130203247, 13.7056818008, -37.2769927979, 7.00643634796, 22.4571723938, 46.1242408752, 116.231819153, 18.5975723267], [-120.524055481, 71.7285385132, 18.173500061, -65.2812728882, -10.8876905441, 13.6314096451, -40.1379547119, 21.6825008392, -39.261592865, 1.54836773872, 15.0001773834, 18.5975723267, 93.1098022461]], "icov": [[8.61687003635e-05, -0.000273499725154, 0.000454450200778, -0.000366122869309, 0.000309299182845, -0.000220704867388, 5.88594448345e-05, -8.35476748762e-05, -6.40197467874e-05, 0.000193436571863, -0.000153474058607, 0.000221938942559, 4.03275989811e-05], [-0.000273499725154, 0.00247714971192, -0.00305502139963, 0.00229332107119, -0.00140027177986, 0.00128181418404, -0.000900349579751, 0.00109410320874, -0.000222266156925, 0.00010548215505, -0.000497219501995, 0.00022291856294, -0.00111235585064], [0.000454450200778, -0.00305502139963, 0.00710444059223, -0.005418906454, 0.00328664295375, -0.00382113037631, 0.00208962941542, -0.00129873293918, -0.000358155375579, 0.000687495747115, -0.00097588164499, 0.00214110105298, -0.000530167890247], [-0.000366122869309, 0.00229332107119, -0.005418906454, 0.007937037386, -0.00560198258609, 0.00328945741057, -0.00127737293951, -0.000450265244581, 0.00320670777, -0.00557102216408, 0.00612541008741, -0.00707087526098, 0.00466977339238], [0.000309299182845, -0.00140027177986, 0.00328664295375, -0.00560198258609, 0.00963806733489, -0.00427366606891, -0.00150129501708, 0.00356821296737, -0.0039370781742, 0.0060994271189, -0.00761708710343, 0.00904585514218, -0.00515675684437], [-0.000220704867388, 0.00128181418404, -0.00382113037631, 0.00328945741057, -0.00427366606891, 0.00531572196633, -0.000448645470897, -0.00181645224802, 0.00219922093675, -0.00250914599746, 0.00352981523611, -0.00456984201446, 0.0020437897183], [5.88594448345e-05, -0.000900349579751, 0.00208962941542, -0.00127737293951, -0.00150129501708, -0.000448645470897, 0.0075957365334, -0.0016805252526, -0.00221691117622, 0.00228399340995, 0.000767805962823, -0.00249612750486, 0.00242428225465], [-8.35476748762e-05, 0.00109410320874, -0.00129873293918, -0.000450265244581, 0.00356821296737, -0.00181645224802, -0.0016805252526, 0.00955342035741, -0.00496537657455, 0.00096375180874, -0.00337834632955, 0.00747259519994, -0.00633725943044], [-6.40197467874e-05, -0.000222266156925, -0.000358155375579, 0.00320670777, -0.0039370781742, 0.00219922093675, -0.00221691117622, -0.00496537657455, 0.0123836770654, -0.00877629779279, 0.00716801127419, -0.0075271804817, 0.00754127698019], [0.000193436571863, 0.00010548215505, 0.000687495747115, -0.00557102216408, 0.0060994271189, -0.00250914599746, 0.00228399340995, 0.00096375180874, -0.00877629779279, 0.0244741607457, -0.0182011798024, 0.00886539928615, -0.00497649237514], [-0.000153474058607, -0.000497219501995, -0.00097588164499, 0.00612541008741, -0.00761708710343, 0.00352981523611, 0.000767805962823, -0.00337834632955, 0.00716801127419, -0.0182011798024, 0.0299225896597, -0.0167538616806, 0.00623075384647], [0.000221938942559, 0.00022291856294, 0.00214110105298, -0.00707087526098, 0.00904585514218, -0.00456984201446, -0.00249612750486, 0.00747259519994, -0.0075271804817, 0.00886539928615, -0.0167538616806, 0.0251158103347, -0.0119881900027], [4.03275989811e-05, -0.00111235585064, -0.000530167890247, 0.00466977339238, -0.00515675684437, 0.0020437897183, 0.00242428225465, -0.00633725943044, 0.00754127698019, -0.00497649237514, 0.00623075384647, -0.0119881900027, 0.021298693493]], "mean": [-74.8860778809, 104.69519043, -80.9053878784, -9.43945884705, -19.3531646729, -19.8636512756, 0.742110431194, -16.8518810272, -3.26477527618, -13.6645727158, -8.60774326324, -5.57235431671, -10.1327056885]}, "hfc": {"dmean": 42.6225700378, "dmean2": 61.0215606689, "dvar": 5174.51855469, "dvar2": 10802.2265625, "max": 1851.96313477, "mean": 121.232345581, "median": 60.7598266602, "min": 1.11453336354e-16, "var": 24662.375}, "melbands": {"dmean": [0.00134325597901, 0.00133960088715, 0.000714358058758, 0.000391256820876, 0.000326661305735, 0.000480808026623, 0.000270095217275, 0.000225803654757, 0.000200819660677, 0.000201897433726, 0.000154797395226, 0.000109447581053, 5.42299167137e-05, 3.50235131918e-05, 2.21445989155e-05, 1.77381316462e-05, 1.30884436658e-05, 9.87145904219e-06, 7.47100602894e-06, 6.59487932353e-06, 4.28721477874e-06, 2.9132158943e-06, 2.89724152935e-06, 4.07731386076e-06, 2.59956527771e-06, 1.61879597727e-06, 1.06700576907e-06, 8.56718656905e-07, 7.12323526386e-07, 5.13183351813e-07, 4.33271765132e-07, 3.47594010464e-07, 2.72486346375e-07, 2.3854292408e-07, 2.45714346647e-07, 2.71025157872e-07, 7.42619334915e-08, 2.07147934361e-08, 1.83115194119e-08, 1.58786246374e-08], "dmean2": [0.00221980013885, 0.00210461788811, 0.00112811394501, 0.000617641606368, 0.000505347910803, 0.000741270021535, 0.000422172306571, 0.000357350392733, 0.000316666730214, 0.000323152518831, 0.000245245289989, 0.000171466104803, 8.59671708895e-05, 5.50633776584e-05, 3.47545974364e-05, 2.82449345832e-05, 2.07003704418e-05, 1.56524638442e-05, 1.18751331684e-05, 1.02359890661e-05, 6.51930804452e-06, 4.39332416136e-06, 4.39615951109e-06, 6.28351563137e-06, 3.90093327951e-06, 2.4073460736e-06, 1.55130635449e-06, 1.25271253637e-06, 1.04976936655e-06, 7.31752095362e-07, 6.15370140622e-07, 4.9658763146e-07, 3.89319637861e-07, 3.46952958807e-07, 3.55534922392e-07, 3.96123709834e-07, 1.11993543328e-07, 3.44395303387e-08, 3.03815070879e-08, 2.63011141755e-08], "dvar": [9.95921709546e-06, 7.25707104721e-06, 1.91778894987e-06, 1.06058757865e-06, 2.57959186456e-06, 3.5944829051e-06, 9.99311282612e-07, 4.76882803468e-07, 4.41941551799e-07, 4.12560297036e-07, 1.70635971131e-07, 8.63909690452e-08, 2.21915481546e-08, 1.80403478822e-08, 3.29058469362e-09, 2.661388665e-09, 1.43364387029e-09, 5.66462654561e-10, 3.55430879173e-10, 4.45071701716e-10, 1.19989754244e-10, 4.05883764099e-11, 4.1203963852e-11, 9.15666015233e-11, 3.40323325076e-11, 1.71989124331e-11, 8.12611263001e-12, 4.88016007813e-12, 3.1830866068e-12, 1.55753990434e-12, 1.15480639374e-12, 7.55317195508e-13, 4.36989284818e-13, 4.57032849066e-13, 4.39429444438e-13, 5.6570546858e-13, 3.80021907768e-14, 1.87562910082e-15, 1.48449384973e-15, 1.05748558866e-15], "dvar2": [2.54866117757e-05, 1.65600249602e-05, 4.38640245193e-06, 2.1133350856e-06, 5.57942576052e-06, 7.72324801801e-06, 2.32447314374e-06, 1.19428409562e-06, 1.10888333893e-06, 1.01305704447e-06, 4.1480492996e-07, 2.09397924777e-07, 5.27670849237e-08, 3.99786834748e-08, 7.36066052553e-09, 6.63370602894e-09, 3.84032539102e-09, 1.3976916291e-09, 9.07638963987e-10, 1.06906017372e-09, 2.60390431439e-10, 9.18452466858e-11, 9.51825285256e-11, 2.28976115846e-10, 7.7950125521e-11, 3.80766078389e-11, 1.6111006626e-11, 9.00165445655e-12, 6.30930420756e-12, 3.09001478918e-12, 2.22228355509e-12, 1.5024716497e-12, 8.21295342932e-13, 9.48019874408e-13, 8.71506317633e-13, 1.1908063511e-12, 8.3046945514e-14, 4.53328899349e-15, 3.62936338426e-15, 2.54737556766e-15], "max": [0.0433858036995, 0.0410778522491, 0.0463590621948, 0.0403225421906, 0.0621578097343, 0.0558065399528, 0.0297033283859, 0.0168189834803, 0.0301232095808, 0.0255055725574, 0.0108504509553, 0.00642850156873, 0.00428703054786, 0.0073031722568, 0.00203331629746, 0.00225780624896, 0.00144350330811, 0.000859681691509, 0.000633535441011, 0.0011191588128, 0.000476974324556, 0.000192823616089, 0.000143912824569, 0.000191152648767, 0.000186316930922, 0.000127154955408, 0.000112700843601, 0.000114363676403, 8.60234140418e-05, 4.98035224155e-05, 4.9102887715e-05, 4.34648245573e-05, 2.70180098596e-05, 2.95803638437e-05, 2.24790892389e-05, 1.16810833788e-05, 3.42708835888e-06, 9.27729956857e-07, 7.90978901932e-07, 6.95554604135e-07], "mean": [0.00152801384684, 0.00179628829937, 0.00113770901226, 0.000633980729617, 0.000429931737017, 0.000625435379334, 0.000386432599043, 0.000312965305056, 0.000294544064673, 0.000319598795613, 0.000233399754507, 0.000162425800227, 7.56230219849e-05, 5.41516710655e-05, 3.4334785596e-05, 2.6690071536e-05, 2.02251485462e-05, 1.5046453882e-05, 1.15941229524e-05, 9.88576994132e-06, 6.42617396807e-06, 4.65186576548e-06, 5.03426099385e-06, 6.85534268996e-06, 4.38891538579e-06, 2.58097543337e-06, 1.62385242675e-06, 1.36807500439e-06, 1.08628069029e-06, 7.13527185781e-07, 5.94899120188e-07, 4.5921294145e-07, 3.48703736108e-07, 2.74870529893e-07, 2.61113541455e-07, 2.7018398896e-07, 7.60547536061e-08, 2.05208277038e-08, 1.82927344383e-08, 1.61188964398e-08], "median": [0.000394195725676, 0.000689056701958, 0.000440327916294, 0.000196373250219, 8.3234946942e-05, 7.48073362047e-05, 6.53718234389e-05, 4.74958469567e-05, 3.87530089938e-05, 3.49599831679e-05, 3.30736183969e-05, 2.86048853013e-05, 1.8300173906e-05, 1.23219269881e-05, 9.58098917181e-06, 8.38150299387e-06, 5.52070605409e-06, 3.98800375478e-06, 3.30757825395e-06, 3.09794631903e-06, 2.06048775908e-06, 1.28406884414e-06, 1.08855454073e-06, 1.12522582185e-06, 8.58656107994e-07, 5.67920665162e-07, 3.91576350012e-07, 3.235398367e-07, 2.86047054487e-07, 1.9290988007e-07, 1.48910658027e-07, 1.17076226047e-07, 7.90226550862e-08, 4.94033436382e-08, 3.2630406821e-08, 2.46845157648e-08, 1.17532072963e-08, 5.50042278391e-09, 5.01707209111e-09, 4.58125093417e-09], "min": [8.13367165065e-25, 1.01345019658e-24, 1.8300237854e-24, 1.06885584226e-24, 1.78100357432e-24, 8.08597120386e-25, 2.82550392778e-24, 1.13600831707e-24, 2.76393865894e-24, 1.35176838136e-24, 2.4435974309e-24, 2.01266460927e-24, 2.68704621714e-24, 2.86688954302e-24, 3.84043126641e-24, 3.3819169093e-24, 2.81518819094e-24, 3.28401039628e-24, 2.97748310877e-24, 3.94792342551e-24, 3.06176185244e-24, 3.71065773104e-24, 2.10538002311e-24, 5.63545585725e-24, 6.76874053344e-24, 3.52241106437e-24, 5.72712267773e-24, 3.98628652019e-24, 4.39303740242e-24, 5.69535879895e-24, 5.01034669873e-24, 5.84102788155e-24, 5.83417386358e-24, 5.56570122613e-24, 4.90201006404e-24, 6.35924086538e-24, 6.34800906382e-24, 7.02542640566e-24, 5.26087117286e-24, 6.19136258728e-24], "var": [9.53479957388e-06, 9.72420366452e-06, 4.49000208391e-06, 3.28533542415e-06, 3.89403430745e-06, 6.58779617879e-06, 1.66251038536e-06, 7.81302219366e-07, 9.13322480756e-07, 1.0441857512e-06, 3.13446548716e-07, 1.632137554e-07, 3.67735246698e-08, 4.16846326345e-08, 9.51852108244e-09, 4.36882796606e-09, 2.87090728968e-09, 1.02911035249e-09, 6.12887296469e-10, 6.87400081301e-10, 2.19839674243e-10, 8.72839647781e-11, 1.06670387801e-10, 2.19902165921e-10, 7.64086224847e-11, 3.4418246031e-11, 1.69142529843e-11, 1.22523744622e-11, 6.93329074708e-12, 3.29217382522e-12, 2.46030366219e-12, 1.45582417649e-12, 8.23094196967e-13, 6.97980952549e-13, 6.50246729291e-13, 6.96204162029e-13, 4.59527130703e-14, 2.03233400771e-15, 1.5938342624e-15, 1.17348240974e-15]}, "melbands_crest": {"dmean": 4.22050523758, "dmean2": 6.93262672424, "dvar": 14.31990242, "dvar2": 37.1760559082, "max": 36.8578834534, "mean": 15.8493432999, "median": 15.1627588272, "min": 1.61864078045, "var": 35.0960006714}, "melbands_flatness_db": {"dmean": 0.0390905924141, "dmean2": 0.0598807632923, "dvar": 0.00111423770431, "dvar2": 0.00261135143228, "max": 0.603494644165, "mean": 0.285810023546, "median": 0.277916133404, "min": 0.00318462448195, "var": 0.00627078162506}, "melbands_kurtosis": {"dmean": 11.6404857635, "dmean2": 18.9336833954, "dvar": 466.082489014, "dvar2": 1215.58312988, "max": 416.805053711, "mean": 19.107837677, "median": 8.42693996429, "min": -1.90087091923, "var": 867.470214844}, "melbands_skewness": {"dmean": 0.999618709087, "dmean2": 1.5559592247, "dvar": 1.13359236717, "dvar2": 2.75963997841, "max": 17.1857414246, "mean": 2.68950653076, "median": 2.27248072624, "min": -5.0023059845, "var": 4.27544546127}, "melbands_spread": {"dmean": 4.51859092712, "dmean2": 7.1406879425, "dvar": 42.6758995056, "dvar2": 93.4039459229, "max": 161.26751709, "mean": 13.1519346237, "median": 9.93140792847, "min": 0.279933780432, "var": 236.90586853}, "mfcc": {"cov": [[12284.4248047, 1348.08776855, -1361.85571289, 323.94909668, -845.655944824, -35.4062271118, -370.028747559, 325.855102539, -106.160667419, 253.830688477, 62.3814353943, 6.00892400742, -126.662811279], [1348.08776855, 1404.32458496, 90.6354522705, -102.461471558, 23.1434669495, -35.7888946533, 40.3644447327, -9.39866733551, 49.4670562744, -41.3781356812, 13.4193134308, -14.2047023773, -15.5807342529], [-1361.85571289, 90.6354522705, 967.739746094, 65.4971160889, 319.563690186, 195.11630249, 123.129722595, 16.0347042084, 43.1267089844, 3.06676316261, -7.14585494995, 71.2400054932, 43.2344703674], [323.94909668, -102.461471558, 65.4971160889, 527.038330078, 26.6065483093, 132.793380737, 5.51809740067, 24.3271217346, -32.5515213013, 18.9002933502, -3.31826162338, 20.5229053497, 15.4061536789], [-845.655944824, 23.1434669495, 319.563690186, 26.6065483093, 368.31427002, 192.816299438, 130.444229126, 12.1880941391, 32.6646385193, -4.24299621582, -16.2594985962, 30.4274196625, 31.5581493378], [-35.4062271118, -35.7888946533, 195.11630249, 132.793380737, 192.816299438, 414.567504883, 121.976631165, 113.345680237, -8.68298530579, 21.5944747925, -46.949256897, 49.2290534973, 39.40051651], [-370.028747559, 40.3644447327, 123.129722595, 5.51809740067, 130.444229126, 121.976631165, 193.364974976, 35.3516349792, 25.6523895264, -28.2577533722, -22.6772785187, -0.524780333042, 16.0175228119], [325.855102539, -9.39866733551, 16.0347042084, 24.3271217346, 12.1880941391, 113.345680237, 35.3516349792, 179.642028809, 58.0888442993, 67.7784881592, 1.83690845966, 21.9453983307, -3.90392303467], [-106.160667419, 49.4670562744, 43.1267089844, -32.5515213013, 32.6646385193, -8.68298530579, 25.6523895264, 58.0888442993, 122.388290405, 56.4817581177, 27.3804321289, 0.943058729172, -12.1388759613], [253.830688477, -41.3781356812, 3.06676316261, 18.9002933502, -4.24299621582, 21.5944747925, -28.2577533722, 67.7784881592, 56.4817581177, 155.83807373, 68.5854187012, 21.7517566681, -7.25776910782], [62.3814353943, 13.4193134308, -7.14585494995, -3.31826162338, -16.2594985962, -46.949256897, -22.6772785187, 1.83690845966, 27.3804321289, 68.5854187012, 103.333206177, 31.5862483978, -2.98882365227], [6.00892400742, -14.2047023773, 71.2400054932, 20.5229053497, 30.4274196625, 49.2290534973, -0.524780333042, 21.9453983307, 0.943058729172, 21.7517566681, 31.5862483978, 85.3849411011, 41.2714309692], [-126.662811279, -15.5807342529, 43.2344703674, 15.4061536789, 31.5581493378, 39.40051651, 16.0175228119, -3.90392303467, -12.1388759613, -7.25776910782, -2.98882365227, 41.2714309692, 75.3841247559]], "icov": [[0.000162446129252, -0.000206907410757, 0.000185438024346, -0.000113376830996, 0.000226602045586, -7.32033076929e-05, 9.56531948759e-05, -0.000236788604525, 0.000281730957795, -0.000308567396132, 0.000176346948138, -0.000243483824306, 0.000213764593354], [-0.000206907410757, 0.00102267728653, -0.00032346934313, 0.000260794680798, -0.000223799230298, 4.3419906433e-05, -0.000169150880538, 0.000295725709293, -0.000741559488233, 0.000875683617778, -0.000617987010628, 0.000482708273921, -0.000205689735594], [0.000185438024346, -0.00032346934313, 0.00175362231676, -0.000261057197349, -0.000864930683747, -0.000131445151055, -6.31712391623e-05, 4.60354240204e-05, -4.89802951051e-05, -0.000448493781732, 0.000599533843342, -0.0014455949422, 0.000503068731632], [-0.000113376830996, 0.000260794680798, -0.000261057197349, 0.00224382686429, 8.57003105921e-05, -0.000815737585071, 0.00017918847152, 0.000240477849729, 0.000301158434013, 6.79724689689e-05, -0.000486481032567, 0.000394246162614, -0.000260675471509], [0.000226602045586, -0.000223799230298, -0.000864930683747, 8.57003105921e-05, 0.00587627617642, -0.00222049211152, -0.00171647116076, 0.00168317009229, -0.00135108584072, -0.000528347445652, 0.00021861649293, -0.000541509187315, 2.19274511437e-06], [-7.32033076929e-05, 4.3419906433e-05, -0.000131445151055, -0.000815737585071, -0.00222049211152, 0.00592681579292, -0.00199977308512, -0.00289401761256, 0.0026867876295, -0.00179489154834, 0.00311226234771, -0.00221934029832, -0.000166770318174], [9.56531948759e-05, -0.000169150880538, -6.31712391623e-05, 0.00017918847152, -0.00171647116076, -0.00199977308512, 0.00878767576069, -0.00157414795831, -0.00185106485151, 0.00330963591114, -0.00189862342086, 0.00290046399459, -0.00170222634915], [-0.000236788604525, 0.000295725709293, 4.60354240204e-05, 0.000240477849729, 0.00168317009229, -0.00289401761256, -0.00157414795831, 0.011190851219, -0.00482780439779, -0.00332243880257, 0.00298147718422, -0.0030060261488, 0.00197636941448], [0.000281730957795, -0.000741559488233, -4.89802951051e-05, 0.000301158434013, -0.00135108584072, 0.0026867876295, -0.00185106485151, -0.00482780439779, 0.014247986488, -0.00434375694022, -0.000396780349547, 0.000518719782121, 0.00116764800623], [-0.000308567396132, 0.000875683617778, -0.000448493781732, 6.79724689689e-05, -0.000528347445652, -0.00179489154834, 0.00330963591114, -0.00332243880257, -0.00434375694022, 0.0148001518101, -0.00970287900418, 0.0030368026346, -0.0011319629848], [0.000176346948138, -0.000617987010628, 0.000599533843342, -0.000486481032567, 0.00021861649293, 0.00311226234771, -0.00189862342086, 0.00298147718422, -0.000396780349547, -0.00970287900418, 0.0204628165811, -0.0102730961516, 0.00420136796311], [-0.000243483824306, 0.000482708273921, -0.0014455949422, 0.000394246162614, -0.000541509187315, -0.00221934029832, 0.00290046399459, -0.0030060261488, 0.000518719782121, 0.0030368026346, -0.0102730961516, 0.0240833126009, -0.0121627096087], [0.000213764593354, -0.000205689735594, 0.000503068731632, -0.000260675471509, 2.19274511437e-06, -0.000166770318174, -0.00170222634915, 0.00197636941448, 0.00116764800623, -0.0011319629848, 0.00420136796311, -0.0121627096087, 0.0208015684038]], "mean": [-737.34387207, 168.947250366, -5.34512710571, 25.4533157349, -4.72018909454, 9.97960662842, 0.0796578601003, 8.54624938965, 0.194008424878, 2.67069602013, -0.220565006137, -1.74046945572, -2.12508559227]}, "pitch_salience": {"dmean": 0.0872111842036, "dmean2": 0.143283426762, "dvar": 0.00582957221195, "dvar2": 0.0155650908127, "max": 0.892825484276, "mean": 0.541957616806, "median": 0.555677473545, "min": 0.0742557346821, "var": 0.014284315519}, "silence_rate_20dB": {"dmean": 0, "dmean2": 0, "dvar": 0, "dvar2": 0, "max": 1, "mean": 1, "median": 1, "min": 1, "var": 0}, "silence_rate_30dB": {"dmean": 0.0263613630086, "dmean2": 0.0527277961373, "dvar": 0.0256688799709, "dvar2": 0.0613046772778, "max": 1, "mean": 0.970081746578, "median": 1, "min": 0, "var": 0.0290228631347}, "silence_rate_60dB": {"dmean": 0.0365595519543, "dmean2": 0.0731261447072, "dvar": 0.0352277010679, "dvar2": 0.0762520954013, "max": 1, "mean": 0.141606539488, "median": 0, "min": 0, "var": 0.121569134295}, "spectral_centroid": {"dmean": 185.095230103, "dmean2": 273.638183594, "dvar": 73858.078125, "dvar2": 143311.78125, "max": 11532.1542969, "mean": 839.354125977, "median": 690.049865723, "min": 128.5703125, "var": 787957.0625}, "spectral_complexity": {"dmean": 2.99499702454, "dmean2": 4.20128917694, "dvar": 10.9994783401, "dvar2": 17.7342510223, "max": 54, "mean": 11.7899951935, "median": 11, "min": 0, "var": 70.8931732178}, "spectral_contrast_coeffs": {"dmean": [0.0571566186845, 0.052825961262, 0.0432904846966, 0.0289664454758, 0.0247388873249, 0.046906221658], "dmean2": [0.0929452702403, 0.085591904819, 0.0702871605754, 0.0469276085496, 0.0389362089336, 0.0693337842822], "dvar": [0.00209182593971, 0.00191854999866, 0.0012659918284, 0.000564412795939, 0.000459759059595, 0.00176074006595], "dvar2": [0.00533456588164, 0.00475331302732, 0.00318762636743, 0.00146859756205, 0.00113768118899, 0.00365808466449], "max": [-0.294409036636, -0.330641895533, -0.424375921488, -0.586387574673, -0.630438923836, -0.397206485271], "mean": [-0.658529698849, -0.76110380888, -0.779475390911, -0.824128746986, -0.831869482994, -0.769089639187], "median": [-0.663919448853, -0.772927582264, -0.790866136551, -0.826420545578, -0.834381341934, -0.779703855515], "min": [-0.979528844357, -0.978386998177, -0.98231703043, -0.975379526615, -0.966538846493, -0.965431809425], "var": [0.0085447691381, 0.00742219714448, 0.00687501719221, 0.00239991815761, 0.00238883146085, 0.00590764079243]}, "spectral_contrast_valleys": {"dmean": [0.478008270264, 0.431908875704, 0.402097404003, 0.394481271505, 0.437133491039, 0.674642026424], "dmean2": [0.739768445492, 0.65306532383, 0.587209999561, 0.542620360851, 0.568415522575, 1.06487751007], "dvar": [0.168141975999, 0.143139377236, 0.133945256472, 0.143724188209, 0.168559223413, 0.333026587963], "dvar2": [0.365549594164, 0.289814949036, 0.249807819724, 0.250569075346, 0.302278906107, 0.799441337585], "max": [-5.19252061844, -4.39893960953, -5.16443109512, -5.855489254, -6.00044202805, -8.92807579041], "mean": [-7.6552324295, -7.06857347488, -7.61962127686, -8.25615787506, -8.54119491577, -11.7296247482], "median": [-7.19382095337, -6.72233104706, -7.2390961647, -7.93736505508, -8.22406291962, -11.4847249985], "min": [-28.1575489044, -28.1951789856, -27.6473140717, -27.6297187805, -27.4351882935, -27.3954696655], "var": [4.12673473358, 3.72675704956, 3.52684283257, 3.29758000374, 3.21887540817, 2.63951730728]}, "spectral_decrease": {"dmean": 3.18021098344e-09, "dmean2": 4.83999862411e-09, "dvar": 2.29343385261e-17, "dvar2": 5.1151922638e-17, "max": 1.27810482198e-08, "mean": -5.54542367581e-09, "median": -3.1526150579e-09, "min": -7.98329509166e-08, "var": 5.01495286281e-17}, "spectral_energy": {"dmean": 0.0134137878194, "dmean2": 0.0195311214775, "dvar": 0.000370916881366, "dvar2": 0.000794064952061, "max": 0.314042329788, "mean": 0.0319259352982, "median": 0.0217537470162, "min": 1.02435244015e-20, "var": 0.00109097128734}, "spectral_energyband_high": {"dmean": 0.000159501942107, "dmean2": 0.000208532132092, "dvar": 8.328515122e-08, "dvar2": 1.27048750187e-07, "max": 0.0113855451345, "mean": 0.000332055264153, "median": 0.000104631042632, "min": 6.90796381781e-21, "var": 3.30186992414e-07}, "spectral_energyband_low": {"dmean": 0.00748110935092, "dmean2": 0.0117274308577, "dvar": 0.00018348149024, "dvar2": 0.000428916100645, "max": 0.169479638338, "mean": 0.0105774756521, "median": 0.00444178842008, "min": 1.29102798492e-23, "var": 0.000254954153206}, "spectral_energyband_middle_high": {"dmean": 0.00157953368034, "dmean2": 0.00234440923668, "dvar": 9.32395414566e-06, "dvar2": 2.17546385102e-05, "max": 0.0576632022858, "mean": 0.00329381483607, "median": 0.00132019771263, "min": 1.29026029073e-21, "var": 2.53105026786e-05}, "spectral_energyband_middle_low": {"dmean": 0.00664516352117, "dmean2": 0.0100091183558, "dvar": 0.000175244247657, "dvar2": 0.000388244952774, "max": 0.298493027687, "mean": 0.0137850539759, "median": 0.00658472115174, "min": 1.72145302468e-22, "var": 0.000459888455225}, "spectral_entropy": {"dmean": 0.277892798185, "dmean2": 0.398308098316, "dvar": 0.0675086826086, "dvar2": 0.145361050963, "max": 9.82212734222, "mean": 7.17022228241, "median": 7.2244849205, "min": 4.5021276474, "var": 0.304630815983}, "spectral_flux": {"dmean": 0.0299748033285, "dmean2": 0.0463317595422, "dvar": 0.00116539932787, "dvar2": 0.00257071387023, "max": 0.446997642517, "mean": 0.0927481278777, "median": 0.0838925689459, "min": 6.4428858082e-11, "var": 0.00362922553904}, "spectral_kurtosis": {"dmean": 6.60465764999, "dmean2": 10.1452894211, "dvar": 66.3681182861, "dvar2": 156.641036987, "max": 115.981292725, "mean": 21.2630252838, "median": 19.1569499969, "min": -1.25357806683, "var": 144.149200439}, "spectral_rms": {"dmean": 0.00108531361911, "dmean2": 0.00150808470789, "dvar": 1.47553191709e-06, "dvar2": 2.85426767732e-06, "max": 0.01750379242, "mean": 0.00481099868193, "median": 0.00460686115548, "min": 3.16127853062e-12, "var": 8.00154884928e-06}, "spectral_rolloff": {"dmean": 3362.27050781, "dmean2": 6485.82617188, "dvar": 49704916, "dvar2": 114886288, "max": 22006.9335938, "mean": 11898.3291016, "median": 20435.0097656, "min": 21.533203125, "var": 104572776}, "spectral_skewness": {"dmean": 0.527893900871, "dmean2": 0.771155238152, "dvar": 0.303189098835, "dvar2": 0.687531590462, "max": 8.8437204361, "mean": 3.23984479904, "median": 3.1481628418, "min": -0.0960162803531, "var": 0.98625510931}, "spectral_spread": {"dmean": 597001.8125, "dmean2": 918898.4375, "dvar": 488891121664, "dvar2": 1088392593410.0, "max": 46625772, "mean": 4100766.25, "median": 3847202, "min": 1182404.25, "var": 765137