{"lowlevel": {"average_loudness": 0.894769310951, "barkbands": {"dmean": [9.11446363716e-07, 0.000861978449393, 0.000626552035101, 0.000606557936408, 0.000576111371629, 0.000108435066068, 0.000253908889135, 0.00017552296049, 0.000260260276264, 0.000185332100955, 0.000549325544853, 0.00030366887222, 0.000540811510291, 0.000802885799203, 0.000449741608463, 0.000326365465298, 0.000294481345918, 0.000349791196641, 0.000160052673891, 0.000350155693013, 8.41842993395e-05, 5.83690925851e-05, 6.75844203215e-05, 0.000105336373963, 7.46625009924e-05, 2.16861226363e-05, 8.26861560199e-06], "dmean2": [1.61320281222e-06, 0.00123576296028, 0.000995155540295, 0.00102696102113, 0.000902087893337, 0.000166108700796, 0.00036771199666, 0.000252008700045, 0.000387135718483, 0.000266244198428, 0.000860306085087, 0.000474082742585, 0.000836396182422, 0.00125418952666, 0.000685803941451, 0.000503543124069, 0.000464641430881, 0.000558864325285, 0.000247443618719, 0.000514256709721, 0.000129162683152, 8.66927584866e-05, 0.000104635357275, 0.000165281977388, 0.000117643176054, 3.47394779965e-05, 1.45076292029e-05], "dvar": [2.28195110377e-12, 2.41595239459e-06, 1.21794653296e-06, 1.24952066471e-06, 8.81792857399e-07, 5.28056851579e-08, 3.87794557355e-07, 2.19308958549e-07, 3.88321069522e-07, 4.03175874908e-07, 1.49361392232e-06, 4.33565304547e-07, 1.61526884312e-06, 2.63843253379e-06, 9.55166001404e-07, 4.42995087724e-07, 3.37050551025e-07, 2.79069581666e-07, 6.95541331197e-08, 4.66830726964e-07, 2.46430005291e-08, 1.68855383009e-08, 3.02920959427e-08, 1.08503925844e-07, 5.04751405117e-08, 3.54430773619e-09, 9.13317421691e-10], "dvar2": [6.57924712974e-12, 4.78925312564e-06, 3.0745973163e-06, 3.26228382619e-06, 1.96003520614e-06, 1.20555171179e-07, 7.6221249401e-07, 4.44700873459e-07, 8.4200934225e-07, 7.06869570877e-07, 3.87172758565e-06, 9.71877625489e-07, 3.53308678314e-06, 6.385287179e-06, 2.04848561225e-06, 9.75610987552e-07, 7.7710228652e-07, 6.77556272421e-07, 1.58672520456e-07, 8.43046734644e-07, 5.54610046777e-08, 3.66701939924e-08, 7.3799760969e-08, 2.73457999356e-07, 1.24690075154e-07, 8.78420358674e-09, 2.44860798304e-09], "max": [5.53632780793e-05, 0.0256048329175, 0.022418718785, 0.0247391909361, 0.02132175304, 0.00786110851914, 0.0208979547024, 0.0138401500881, 0.0177343375981, 0.0392111092806, 0.0399119928479, 0.0201836116612, 0.0388258472085, 0.0325268432498, 0.0325589030981, 0.0247410275042, 0.0212582889944, 0.012481899932, 0.00574070028961, 0.0197519492358, 0.00301230326295, 0.00435456912965, 0.00348733807914, 0.00759270880371, 0.00771601125598, 0.00139275740366, 0.000461309362436], "mean": [1.04734658635e-06, 0.00150126137305, 0.00110901298467, 0.00105719687417, 0.00121217092965, 0.000240753768594, 0.000593293341808, 0.000388634187402, 0.000595985795371, 0.000359601981472, 0.0010695887031, 0.00058359047398, 0.000992940389551, 0.00148349953815, 0.000948272005189, 0.000639132864308, 0.00060881965328, 0.000821318128146, 0.000368043431081, 0.000925720029045, 0.000153144486831, 0.000104305203422, 8.56542683323e-05, 0.000113651178253, 8.12933722045e-05, 2.19158391701e-05, 6.00480143476e-06], "median": [5.59687464374e-07, 0.00052366068121, 0.000554419821128, 0.000490159029141, 0.000780950242188, 0.000135923706694, 0.000184860211448, 8.06300522527e-05, 0.00019805644115, 0.000133293346153, 0.000197711968212, 0.000179399503395, 0.000261981331278, 0.000347090128344, 0.000335177377565, 0.000278707186226, 0.000282796681859, 0.000509537348989, 0.00022159756918, 0.000414706941228, 7.89158584666e-05, 5.66381422686e-05, 2.7406573281e-05, 2.2387064746e-05, 1.57733775268e-05, 3.95974120693e-06, 2.53002895079e-07], "min": [3.18305888016e-24, 1.52509563728e-23, 1.16636378331e-24, 5.8920967644e-24, 1.85872873769e-23, 2.46481151781e-23, 2.63445353112e-23, 4.75618786353e-23, 8.87416074901e-23, 1.40658077208e-22, 1.15611995903e-22, 1.18203637479e-22, 1.45488846822e-22, 7.55089264998e-23, 6.61316170125e-23, 1.53019388754e-22, 1.90301144461e-22, 2.13709234983e-22, 2.84305268293e-22, 4.28059201725e-22, 4.83025817911e-22, 4.79140027931e-22, 7.47917332922e-22, 1.01723616253e-21, 1.35056995649e-21, 1.82279204032e-21, 2.27167323195e-21], "var": [2.17803336131e-12, 6.35346532363e-06, 2.43553108703e-06, 2.41945303969e-06, 2.04840534934e-06, 1.35416868829e-07, 1.86203874364e-06, 1.12609973257e-06, 1.16129876915e-06, 9.05692616016e-07, 4.59834427602e-06, 1.47945308981e-06, 4.10306984122e-06, 7.05202819518e-06, 3.2511070458e-06, 1.41900500239e-06, 1.00251781987e-06, 9.66384845924e-07, 2.19662993572e-07, 2.15514955926e-06, 4.60461890839e-08, 2.74672977696e-08, 3.56233229581e-08, 1.05547528051e-07, 4.99119323649e-08, 3.33019611887e-09, 6.41751429775e-10]}, "barkbands_crest": {"dmean": 1.99332737923, "dmean2": 3.22657799721, "dvar": 3.29561424255, "dvar2": 8.32348155975, "max": 25.184513092, "mean": 7.64964771271, "median": 7.05119228363, "min": 2.33224153519, "var": 8.89632701874}, "barkbands_flatness_db": {"dmean": 0.0176416933537, "dmean2": 0.0254769902676, "dvar": 0.000255949416896, "dvar2": 0.000504920142703, "max": 0.261110454798, "mean": 0.109655238688, "median": 0.110178254545, "min": 0.0223050843924, "var": 0.000979493604973}, "barkbands_kurtosis": {"dmean": 0.820803642273, "dmean2": 1.29768550396, "dvar": 2.17112112045, "dvar2": 5.50704956055, "max": 45.1175422668, "mean": -0.0499461106956, "median": -0.640493512154, "min": -1.88212263584, "var": 4.56715202332}, "barkbands_skewness": {"dmean": 0.360916763544, "dmean2": 0.552174270153, "dvar": 0.127076327801, "dvar2": 0.289241284132, "max": 6.61848020554, "mean": 0.297283262014, "median": 0.166552960873, "min": -2.33972644806, "var": 0.7561596632}, "barkbands_spread": {"dmean": 6.61569404602, "dmean2": 10.1009931564, "dvar": 56.6265296936, "dvar2": 125.488235474, "max": 125.198989868, "mean": 33.2966880798, "median": 31.1790103912, "min": 3.66525769234, "var": 235.367828369}, "dissonance": {"dmean": 0.0118979560211, "dmean2": 0.0200591087341, "dvar": 0.000174372209585, "dvar2": 0.000451775180409, "max": 0.500000059605, "mean": 0.476885706186, "median": 0.481686204672, "min": 0.0422316491604, "var": 0.000340623635566}, "dynamic_complexity": 3.5867023468, "erbbands": {"dmean": [0.00725960219279, 0.248298689723, 0.81985861063, 0.996660649776, 2.58622765541, 1.93364536762, 0.942197918892, 0.932175993919, 1.62709224224, 6.0855884552, 3.2991566658, 5.29981231689, 5.36592054367, 10.0482778549, 18.9566917419, 11.4435091019, 21.6432476044, 35.6564407349, 26.5884208679, 22.9848918915, 16.8327560425, 16.8818893433, 18.3923053741, 8.74072360992, 11.0294208527, 17.1259422302, 5.2662987709, 2.51119613647, 2.40290689468, 1.29502618313, 2.07129430771, 1.0777939558, 2.28423666954, 1.35006439686, 0.355805128813, 0.119758173823, 0.0396458879113, 0.00641808891669, 0.00160474772565, 9.19794692891e-05], "dmean2": [0.0108778681606, 0.357307553291, 1.2604187727, 1.63978171349, 4.20119667053, 3.10403037071, 1.4606115818, 1.40904009342, 2.46427536011, 8.75135707855, 4.80701398849, 7.8268237114, 7.80474233627, 15.0501890182, 29.2673988342, 17.6939716339, 33.4422531128, 55.4308586121, 40.8621826172, 34.8728294373, 26.2984695435, 26.1741199493, 29.1154937744, 13.6473608017, 16.1431903839, 25.15625, 7.96777248383, 3.80625629425, 3.60736775398, 1.93563973904, 3.2302877903, 1.60796153545, 3.62804675102, 2.13611245155, 0.550243139267, 0.190469950438, 0.0649642646313, 0.010448327288, 0.00281638675369, 0.000164354671142], "dvar": [0.000194097141502, 0.195263966918, 2.02891898155, 2.66590595245, 27.1055717468, 8.29442501068, 2.76453542709, 4.56588029861, 15.7005214691, 250.729064941, 90.0937271118, 198.196731567, 245.570999146, 565.529296875, 1669.30444336, 614.776672363, 2690.07641602, 6043.32226563, 3232.48266602, 2378.81201172, 1356.32702637, 1134.16992188, 762.497802734, 170.347213745, 361.177124023, 1278.43981934, 92.9662246704, 27.2107868195, 32.3460617065, 7.81572055817, 31.6064662933, 6.57225990295, 57.0174102783, 14.2742910385, 0.925839543343, 0.15818567574, 0.013380526565, 0.000329992501065, 3.79750490538e-05, 1.33419419512e-07], "dvar2": [0.000429979147157, 0.388544291258, 4.82312011719, 6.9342918396, 59.1009140015, 21.0860786438, 6.28145122528, 10.1848592758, 34.1328926086, 485.931274414, 189.357009888, 411.278381348, 495.078186035, 1215.26025391, 4103.99365234, 1309.09997559, 5992.49414063, 14900.3701172, 7436.1015625, 4812.80517578, 3091.55175781, 2620.81518555, 1808.38916016, 396.081054688, 686.451660156, 2295.26171875, 203.729278564, 60.855342865, 72.6135101318, 16.6928768158, 78.3787460327, 14.296421051, 144.974853516, 35.5545043945, 2.23736214638, 0.395336449146, 0.0350078307092, 0.000814449042082, 0.000101478915894, 3.69443711179e-07], "max": [0.175297662616, 7.30444574356, 26.7214221954, 29.7982559204, 134.002243042, 48.5896873474, 40.7827758789, 78.1562805176, 134.502578735, 527.932983398, 247.905853271, 474.901519775, 890.230834961, 1176.23547363, 1703.32531738, 754.479187012, 1868.09643555, 1503.1583252, 1250.77307129, 1915.46704102, 1715.1583252, 1219.95898438, 670.074829102, 315.078033447, 505.351867676, 1109.78820801, 252.244018555, 133.41456604, 200.567123413, 83.8938140869, 117.952354431, 78.4901580811, 176.64503479, 108.849487305, 30.2147312164, 11.3963689804, 2.56365442276, 0.428140163422, 0.0994027629495, 0.00637434190139], "mean": [0.0129026230425, 0.435927957296, 1.45266079903, 2.17671513557, 4.22375106812, 4.30722808838, 2.36254906654, 2.13524532318, 3.5920419693, 14.7848052979, 8.04189682007, 12.1099090576, 11.9389705658, 21.7890644073, 37.7125778198, 24.8893756866, 45.9594802856, 71.7549285889, 58.2409324646, 48.724697113, 34.7583732605, 39.4946289063, 44.8215141296, 22.4652557373, 29.9939460754, 45.0540313721, 12.1667299271, 4.39786672592, 4.10096883774, 2.35394501686, 2.49998164177, 1.41285157204, 2.32631349564, 1.41266179085, 0.402163743973, 0.124425686896, 0.0366771668196, 0.0062536271289, 0.00115644396283, 7.97518077889e-05], "median": [0.0052829766646, 0.161412373185, 0.707655668259, 1.28759539127, 2.13266992569, 2.7688806057, 1.53228163719, 1.25921487808, 1.68474090099, 3.68412733078, 2.20490217209, 4.20202302933, 4.91423416138, 8.8707036972, 9.76161575317, 9.11391735077, 14.2143726349, 16.4395713806, 20.3621997833, 20.6559886932, 15.3096656799, 19.1586170197, 28.8990707397, 15.0659198761, 16.2003936768, 19.5510520935, 6.65573740005, 2.22896575928, 2.10667777061, 1.30549371243, 0.707462966442, 0.382175773382, 0.404098659754, 0.258240491152, 0.0818113088608, 0.0227223932743, 0.00601199455559, 0.00108483724762, 4.43705393991e-05, 2.53144771705e-05], "min": [3.48198886918e-22, 3.54996919119e-21, 3.23046664062e-21, 1.54716944215e-20, 1.2134857524e-20, 1.10864949549e-19, 7.68588437086e-20, 2.84467231711e-19, 2.00522474532e-19, 1.04065297439e-18, 9.5179640581e-19, 2.23016661259e-18, 2.20157325356e-18, 5.34576017415e-18, 6.44555263323e-18, 4.09164600486e-18, 8.04070013419e-18, 3.30246979196e-18, 3.92908805729e-18, 6.23738394669e-18, 8.6409305108e-18, 1.13247775652e-17, 1.22039506152e-17, 1.1355575981e-17, 1.72088573695e-17, 1.90421096369e-17, 2.31564944232e-17, 1.41977545036e-17, 1.30821690987e-17, 2.14549756314e-17, 2.45670077668e-17, 1.94818074177e-17, 1.73147728838e-17, 1.45503997967e-17, 9.93221983118e-18, 6.5289444331e-18, 3.84459569362e-18, 1.21521010732e-18, 3.11006778828e-19, 3.35178721774e-20], "var": [0.000385879247915, 0.517221152782, 4.52697324753, 6.74253797531, 48.9449386597, 22.3380718231, 8.68102645874, 11.2445878983, 43.975856781, 1339.25927734, 411.026153564, 677.584533691, 486.055084229, 1521.18029785, 5031.43115234, 2277.93945313, 7467.23681641, 18344.703125, 10248.4306641, 9449.29101563, 4136.33447266, 3843.55981445, 2682.55322266, 633.463195801, 1734.38769531, 5619.15283203, 273.047393799, 44.6551361084, 48.231918335, 14.1593999863, 35.0587425232, 12.1098299026, 51.8379478455, 13.7791242599, 0.994067668915, 0.144682645798, 0.0106449676678, 0.000318563339533, 2.67852592515e-05, 8.48133723252e-08]}, "erbbands_crest": {"dmean": 2.34559106827, "dmean2": 3.78322029114, "dvar": 4.73006391525, "dvar2": 11.7369155884, "max": 31.3447360992, "mean": 9.17548751831, "median": 8.36748886108, "min": 1.94441175461, "var": 15.9192018509}, "erbbands_flatness_db": {"dmean": 0.0177721530199, "dmean2": 0.0250836070627, "dvar": 0.000271662400337, "dvar2": 0.000499203859363, "max": 0.291470229626, "mean": 0.168499603868, "median": 0.169529482722, "min": 0.0297948028892, "var": 0.00193204113748}, "erbbands_kurtosis": {"dmean": 0.854540467262, "dmean2": 1.32521867752, "dvar": 1.00345611572, "dvar2": 2.33619904518, "max": 25.3778610229, "mean": 1.1187953949, "median": 0.662749111652, "min": -1.69751775265, "var": 4.38045787811}, "erbbands_skewness": {"dmean": 0.283827900887, "dmean2": 0.429695695639, "dvar": 0.0638712048531, "dvar2": 0.143399402499, "max": 1.99931359291, "mean": -0.42322203517, "median": -0.423270374537, "min": -4.27693653107, "var": 0.502902269363}, "erbbands_spread": {"dmean": 5.81208324432, "dmean2": 8.99275588989, "dvar": 37.9540596008, "dvar2": 89.9119491577, "max": 117.396781921, "mean": 29.9980430603, "median": 27.0081539154, "min": 3.48984503746, "var": 239.194213867}, "gfcc": {"cov": [[9032.90429688, 322.118530273, -1012.04803467, 273.919036865, -305.010803223, 55.4614562988, -220.553726196, 128.333343506, -185.543121338, -25.2277755737, -53.7938232422, -209.169052124, -23.3059158325], [322.118530273, 970.635559082, -390.520690918, 31.8032341003, 58.6394767761, -80.3999557495, 96.3532714844, 0.335314035416, 18.5976390839, -10.3870573044, 32.9191551208, -23.2590351105, -9.65692901611], [-1012.04803467, -390.520690918, 739.657409668, 101.315841675, 2.76852416992, 35.7105865479, -75.3031005859, 26.7497444153, 15.1306295395, -10.7404642105, 5.64405822754, 45.5921478271, 7.80466127396], [273.919036865, 31.8032341003, 101.315841675, 338.595306396, 0.634934306145, -74.9786682129, -65.2396240234, 58.6252288818, 19.6079349518, -3.50769495964, 19.9868888855, 7.04796028137, 27.8684806824], [-305.010803223, 58.6394767761, 2.76852416992, 0.634934306145, 198.3618927, 48.5164299011, 45.9672050476, -13.9663829803, 20.7881660461, 8.19139385223, -11.4525604248, 9.53481388092, 23.8166217804], [55.4614562988, -80.3999557495, 35.7105865479, -74.9786682129, 48.5164299011, 293.560699463, 89.8670196533, -11.5578546524, -21.3748016357, 23.0337944031, -1.34924936295, 10.0805559158, 11.9497642517], [-220.553726196, 96.3532714844, -75.3031005859, -65.2396240234, 45.9672050476, 89.8670196533, 203.076828003, -2.5012652874, -8.27488994598, 10.4246873856, 35.474899292, 23.1558494568, -12.2641448975], [128.333343506, 0.335314035416, 26.7497444153, 58.6252288818, -13.9663829803, -11.5578546524, -2.5012652874, 140.698562622, 33.9527816772, 24.4284420013, 28.2529373169, -15.3850851059, 16.7345352173], [-185.543121338, 18.5976390839, 15.1306295395, 19.6079349518, 20.7881660461, -21.3748016357, -8.27488994598, 33.9527816772, 125.934020996, 35.0352096558, 2.84165358543, -3.44289040565, 4.75495672226], [-25.2277755737, -10.3870573044, -10.7404642105, -3.50769495964, 8.19139385223, 23.0337944031, 10.4246873856, 24.4284420013, 35.0352096558, 85.8815841675, 23.7968139648, 1.5846606493, -0.548724710941], [-53.7938232422, 32.9191551208, 5.64405822754, 19.9868888855, -11.4525604248, -1.34924936295, 35.474899292, 28.2529373169, 2.84165358543, 23.7968139648, 95.7713165283, 14.3094844818, -1.78420495987], [-209.169052124, -23.2590351105, 45.5921478271, 7.04796028137, 9.53481388092, 10.0805559158, 23.1558494568, -15.3850851059, -3.44289040565, 1.5846606493, 14.3094844818, 86.5171661377, 13.7632160187], [-23.3059158325, -9.65692901611, 7.80466127396, 27.8684806824, 23.8166217804, 11.9497642517, -12.2641448975, 16.7345352173, 4.75495672226, -0.548724710941, -1.78420495987, 13.7632160187, 71.3572387695]], "icov": [[0.000181481358595, 1.37875986184e-05, 0.000319742714055, -0.000245791248744, 0.000206143784453, -0.000255906983512, 0.000280703563476, -0.000197664776351, 0.000247489893809, 3.43730898749e-05, 6.70311928843e-05, 0.000165999808814, 0.000144243822433], [1.37875986184e-05, 0.0015077231219, 0.000791622151155, -0.00039579346776, -0.000449201936135, 0.000384511600714, -0.000570845557377, 5.14167550136e-05, -0.000279398518614, 0.000506548210979, -0.000476676534163, 0.00024456466781, 0.000215330743231], [0.000319742714055, 0.000791622151155, 0.00257740006782, -0.000988130457699, -2.03893614525e-05, -0.000869263079949, 0.00115188129712, -0.000706031103618, 2.80336462311e-05, 0.000876439386047, -0.000362568825949, -0.000731207081117, 0.00096833932912], [-0.000245791248744, -0.00039579346776, -0.000988130457699, 0.00420009624213, -0.000605335400905, 0.000995732028969, 0.000709651154466, -0.00105753110256, -0.000270991207799, 0.000273981568171, -0.000813646009192, -0.000649944529869, -0.00113565870561], [0.000206143784453, -0.000449201936135, -2.03893614525e-05, -0.000605335400905, 0.00651760119945, -0.000903670443222, -0.00126440392341, 0.000957627547905, -0.000880805018824, -0.000573707569856, 0.00141386128962, 0.00042712254799, -0.00221348367631], [-0.000255906983512, 0.000384511600714, -0.000869263079949, 0.000995732028969, -0.000903670443222, 0.00515252677724, -0.00267141801305, 0.000465898687253, 0.000772004190367, -0.00172854796983, 0.000708624778781, 0.000353693612851, -0.00157023326028], [0.000280703563476, -0.000570845557377, 0.00115188129712, 0.000709651154466, -0.00126440392341, -0.00267141801305, 0.00844882056117, -0.00125104526524, 0.00054359564092, 0.000934191222768, -0.00269460817799, -0.00212663994171, 0.0025399227161], [-0.000197664776351, 5.14167550136e-05, -0.000706031103618, -0.00105753110256, 0.000957627547905, 0.000465898687253, -0.00125104526524, 0.00986430142075, -0.00218372000381, -0.00162717851344, -0.00217993208207, 0.00269355904311, -0.00293440860696], [0.000247489893809, -0.000279398518614, 2.80336462311e-05, -0.000270991207799, -0.000880805018824, 0.000772004190367, 0.00054359564092, -0.00218372000381, 0.010412578471, -0.00415585190058, 0.00132845109329, 0.000246625655564, 0.000175876513822], [3.43730898749e-05, 0.000506548210979, 0.000876439386047, 0.000273981568171, -0.000573707569856, -0.00172854796983, 0.000934191222768, -0.00162717851344, -0.00415585190058, 0.0154813481495, -0.00383768207394, -0.000562010740396, 0.001308450941], [6.70311928843e-05, -0.000476676534163, -0.000362568825949, -0.000813646009192, 0.00141386128962, 0.000708624778781, -0.00269460817799, -0.00217993208207, 0.00132845109329, -0.00383768207394, 0.013849795796, -0.00183758849744, 0.000355044903699], [0.000165999808814, 0.00024456466781, -0.000731207081117, -0.000649944529869, 0.00042712254799, 0.000353693612851, -0.00212663994171, 0.00269355904311, 0.000246625655564, -0.000562010740396, -0.00183758849744, 0.014321455732, -0.00360684841871], [0.000144243822433, 0.000215330743231, 0.00096833932912, -0.00113565870561, -0.00221348367631, -0.00157023326028, 0.0025399227161, -0.00293440860696, 0.000175876513822, 0.001308450941, 0.000355044903699, -0.00360684841871, 0.0172572154552]], "mean": [-10.9407958984, 69.138420105, -140.809768677, 38.493522644, -41.7434196472, 14.4847564697, -37.0915985107, 8.39992427826, -33.6839256287, -0.836931109428, -18.1891078949, -7.9647436142, -13.5698699951]}, "hfc": {"dmean": 6.39660024643, "dmean2": 9.03202438354, "dvar": 71.4048614502, "dvar2": 141.806976318, "max": 155.606536865, "mean": 23.6262454987, "median": 19.9558506012, "min": 1.23948528163e-16, "var": 345.045227051}, "melbands": {"dmean": [0.000151633706992, 0.000402544072131, 0.000240315945121, 0.000150891166413, 4.27067134297e-05, 2.08397050301e-05, 3.09936040139e-05, 6.13454467384e-05, 2.79356972896e-05, 3.49594338331e-05, 2.80314561678e-05, 3.92567089875e-05, 8.18506377982e-05, 2.27946384257e-05, 4.96974971611e-05, 6.04247543379e-05, 6.7776243668e-05, 5.13989725732e-05, 2.97915466945e-05, 2.36721516558e-05, 2.10387315747e-05, 1.89591974049e-05, 1.98525576707e-05, 1.82832827704e-05, 6.65625384499e-06, 6.48728382657e-06, 1.29414711409e-05, 1.16671744763e-05, 4.18059926233e-06, 1.93621349354e-06, 1.37317556437e-06, 1.59695173352e-06, 9.59354451879e-07, 6.75832893648e-07, 9.42158180806e-07, 1.49280811002e-06, 4.41516306182e-07, 1.14079557534e-06, 2.05949982046e-06, 1.15008924695e-06], "dmean2": [0.000219762237975, 0.000601948879194, 0.000397437717766, 0.000239724089624, 6.63428218104e-05, 3.15017823596e-05, 4.60616211058e-05, 8.83256652742e-05, 4.1463317757e-05, 5.2004448662e-05, 4.07808220189e-05, 5.78538383706e-05, 0.000127603168949, 3.50256377715e-05, 7.71471168264e-05, 9.42187762121e-05, 0.000105424929643, 7.97264874564e-05, 4.51537234767e-05, 3.60088306479e-05, 3.34732649208e-05, 2.98365903291e-05, 3.17485355481e-05, 2.95166628348e-05, 1.05376238935e-05, 9.97802544589e-06, 1.91707513295e-05, 1.75394525286e-05, 6.4715886765e-06, 3.01099089484e-06, 2.10816483559e-06, 2.43791328103e-06, 1.46487900565e-06, 1.03518470951e-06, 1.46007937474e-06, 2.36319669966e-06, 6.59857562368e-07, 1.78925188266e-06, 3.3408721265e-06, 1.83461054348e-06], "dvar": [7.79515687555e-08, 4.67600614229e-07, 1.86424685467e-07, 6.31347276681e-08, 4.48708981082e-09, 2.12752704343e-09, 5.10393061148e-09, 2.34840307201e-08, 6.59948273807e-09, 8.11913647425e-09, 6.96927315857e-09, 9.80808145812e-09, 3.29932099419e-08, 2.78777778639e-09, 1.35249988986e-08, 1.90388007582e-08, 2.07958219534e-08, 1.34255433437e-08, 5.21909893081e-09, 2.33117614101e-09, 2.2843442693e-09, 1.58501756164e-09, 1.03878095015e-09, 8.94087526238e-10, 1.06804363964e-10, 1.20598087072e-10, 6.32235930276e-10, 6.65805965916e-10, 6.9452187057e-11, 1.51411782418e-11, 8.85632366054e-12, 1.37497877667e-11, 5.68173806614e-12, 2.27736145914e-12, 5.7247375243e-12, 1.83107053825e-11, 1.6271997855e-12, 1.2426993462e-11, 5.04966415904e-11, 1.3723842375e-11], "dvar2": [1.5985953894e-07, 1.02569936189e-06, 4.55137723065e-07, 1.42697984984e-07, 1.05574029519e-08, 4.72719285938e-09, 1.07026885132e-08, 4.57177407043e-08, 1.38798084137e-08, 1.77410353075e-08, 1.39579103831e-08, 1.98778007388e-08, 8.4445076709e-08, 6.07436323463e-09, 3.03512059929e-08, 4.39300897881e-08, 5.06795245769e-08, 3.16733164141e-08, 1.10692548461e-08, 4.73941463852e-09, 5.31164356943e-09, 3.69726005367e-09, 2.42002795581e-09, 2.25559926292e-09, 2.53377624437e-10, 2.6754376492e-10, 1.16377885107e-09, 1.24373500388e-09, 1.56863036449e-10, 3.46195259959e-11, 2.01281699641e-11, 3.07056498283e-11, 1.32173100589e-11, 5.09197805448e-12, 1.38623114723e-11, 4.59242886774e-11, 3.40349536748e-12, 3.12161893556e-11, 1.30702490497e-10, 3.38607752948e-11], "max": [0.00424765516073, 0.0114316418767, 0.0103370165452, 0.00584148708731, 0.00144044181798, 0.00170801358763, 0.0020264708437, 0.00505656795576, 0.00244115525857, 0.00258515612222, 0.00498005142435, 0.00525178434327, 0.00658371811733, 0.00257402239367, 0.00412301439792, 0.00384841649793, 0.00257527409121, 0.00285828136839, 0.00365511025302, 0.00201853271574, 0.00209047179669, 0.00125441339333, 0.000795453495812, 0.000848225434311, 0.000252983736573, 0.000247523741564, 0.000673699949402, 0.000921851955354, 0.000260618864559, 8.42366425786e-05, 7.18695155228e-05, 0.000102987491118, 9.89647815004e-05, 4.55369081465e-05, 4.75257875223e-05, 8.71172887855e-05, 4.17738010583e-05, 8.51497898111e-05, 0.000158057941007, 0.000137624665513], "mean": [0.000266468705377, 0.00073006353341, 0.000473602616694, 0.00030953483656, 0.000108738524432, 4.71857529192e-05, 6.97533178027e-05, 0.000150612046127, 6.49846697343e-05, 7.8147277236e-05, 5.9456062445e-05, 8.08864133433e-05, 0.000159657429322, 4.61490271846e-05, 9.51039255597e-05, 0.00011902776896, 0.00012901534501, 0.000101778387034, 6.3448351284e-05, 4.84851661895e-05, 3.81686550099e-05, 3.8519181544e-05, 4.29362007708e-05, 3.88705338992e-05, 1.50057994688e-05, 1.52313432409e-05, 3.27780835505e-05, 2.87572256639e-05, 8.70018266141e-06, 3.32737658937e-06, 2.08417986869e-06, 2.56172506852e-06, 1.63525703556e-06, 1.14929036954e-06, 1.20410413729e-06, 1.62141293458e-06, 6.17058503849e-07, 1.24173561744e-06, 1.91791309589e-06, 1.20310312468e-06], "median": [9.66891893768e-05, 0.000360624573659, 0.000272852455964, 0.000200391776161, 7.22874610801e-05, 2.7626983865e-05, 2.94260771625e-05, 3.72296271962e-05, 1.30556827571e-05, 2.53025555139e-05, 2.2396510758e-05, 3.40641418006e-05, 3.41135346389e-05, 1.70376679307e-05, 2.88450082735e-05, 2.82732744381e-05, 2.66063434538e-05, 2.70149412245e-05, 2.51407218457e-05, 2.05628548429e-05, 1.54633034981e-05, 1.58230286615e-05, 2.35664356296e-05, 2.28319368034e-05, 9.51161928242e-06, 8.71461907082e-06, 1.44495843415e-05, 1.12906573122e-05, 4.09714675698e-06, 1.61578759617e-06, 9.02845158635e-07, 1.21145762932e-06, 8.82289953097e-07, 5.84108192925e-07, 3.83050263508e-07, 3.17256166227e-07, 1.66001029811e-07, 2.54554436196e-07, 2.42329463163e-07, 1.94945926069e-07], "min": [3.78045141077e-24, 2.92634263679e-24, 2.01730863342e-24, 4.14856428029e-24, 3.43992658483e-24, 5.63036809884e-24, 3.75470377969e-24, 1.18800369733e-23, 9.57070110472e-24, 1.29905922003e-23, 1.04611617725e-23, 2.20299079218e-23, 1.8738508857e-23, 1.54051991901e-23, 1.24633286153e-23, 1.43349579109e-23, 5.58505316743e-24, 6.607380613e-24, 6.24465448017e-24, 9.58314459664e-24, 1.09926891507e-23, 1.1910868813e-23, 1.22013897183e-23, 8.70298960772e-24, 8.64724554071e-24, 1.31604118651e-23, 1.24379919807e-23, 1.26888671035e-23, 1.39190057551e-23, 1.4142912879e-23, 6.12527615938e-24, 6.61304108442e-24, 1.05505539126e-23, 1.17098102563e-23, 1.57970658448e-23, 1.09859672669e-23, 1.18327913049e-23, 1.07234012255e-23, 1.34331368572e-23, 1.16272677955e-23], "var": [1.87300912557e-07, 1.16163244002e-06, 3.79980832577e-07, 1.37666944511e-07, 1.45302623267e-08, 5.30260990672e-09, 1.7730041435e-08, 1.25490203118e-07, 2.60968455734e-08, 2.34094255092e-08, 1.3676491939e-08, 2.41772735166e-08, 1.0061587119e-07, 8.86540263423e-09, 3.70955355322e-08, 5.41288933675e-08, 6.08112245004e-08, 3.89396248579e-08, 1.84238597711e-08, 9.46209688379e-09, 6.17273165915e-09, 4.77139350252e-09, 3.20969673062e-09, 2.63545341106e-09, 3.28186838816e-10, 4.13897555118e-10, 2.74099587472e-09, 2.66723843012e-09, 1.94082208638e-10, 2.539483554e-11, 1.32293750607e-11, 2.05392369779e-11, 8.15731943798e-12, 3.90244954407e-12, 7.14265712548e-12, 1.90933831246e-11, 3.39871230118e-12, 1.23102214186e-11, 4.25319050812e-11, 1.33414633507e-11]}, "melbands_crest": {"dmean": 2.9322488308, "dmean2": 4.76010370255, "dvar": 7.0304775238, "dvar2": 18.1575946808, "max": 35.3135261536, "mean": 11.981054306, "median": 10.9725189209, "min": 2.15033435822, "var": 24.351436615}, "melbands_flatness_db": {"dmean": 0.0219293236732, "dmean2": 0.0318940654397, "dvar": 0.000434818823123, "dvar2": 0.000879482191522, "max": 0.389145195484, "mean": 0.144773334265, "median": 0.141158297658, "min": 0.00865074712783, "var": 0.00174558535218}, "melbands_kurtosis": {"dmean": 2.37889790535, "dmean2": 3.74541306496, "dvar": 23.862039566, "dvar2": 58.6488800049, "max": 169.975875854, "mean": 3.50339055061, "median": 0.774112164974, "min": -1.82605803013, "var": 64.4881744385}, "melbands_skewness": {"dmean": 0.487277925014, "dmean2": 0.747274458408, "dvar": 0.253105849028, "dvar2": 0.582911729813, "max": 11.8515052795, "mean": 1.41024303436, "median": 1.19040942192, "min": -1.92655646801, "var": 1.79265284538}, "melbands_spread": {"dmean": 10.2100105286, "dmean2": 15.8711051941, "dvar": 140.128387451, "dvar2": 320.35458374, "max": 190.863830566, "mean": 47.1882896423, "median": 45.3594245911, "min": 2.84336090088, "var": 460.802459717}, "mfcc": {"cov": [[6690.390625, 74.1478118896, -474.572143555, 80.022102356, -23.138835907, -89.5157546997, 94.5729370117, -51.7104568481, -16.2984352112, 52.2829208374, -49.4825248718, -31.8914203644, -14.7131948471], [74.1478118896, 803.103210449, -293.381713867, 37.0976066589, -56.0802001953, 30.3592662811, 38.3852119446, 36.0216407776, -15.8417072296, 26.6010951996, 31.2141227722, -31.5315284729, 24.1040763855], [-474.572143555, -293.381713867, 571.085144043, 60.5625762939, 93.6276626587, -36.8504333496, -12.7095346451, 7.01441287994, 7.04256153107, -30.3846607208, 6.68687057495, 5.2458782196, 29.4222335815], [80.022102356, 37.0976066589, 60.5625762939, 350.487609863, 72.1590957642, -106.513114929, -61.9234352112, 8.47273254395, -14.1027851105, 7.19938564301, -34.1047744751, -13.9879980087, 84.6962203979], [-23.138835907, -56.0802001953, 93.6276626587, 72.1590957642, 203.740600586, -11.5474319458, -31.1143054962, -18.2278594971, 47.5358123779, 9.48939990997, -8.29770183563, -17.3018074036, 9.41498565674], [-89.5157546997, 30.3592662811, -36.8504333496, -106.513114929, -11.5474319458, 242.334396362, 71.2002563477, 26.6661319733, 24.3738632202, -22.4541110992, 21.9813728333, 23.9108867645, -69.0718231201], [94.5729370117, 38.3852119446, -12.7095346451, -61.9234352112, -31.1143054962, 71.2002563477, 191.838867188, 44.3462753296, 0.811399757862, -11.8546533585, 26.8620147705, 17.5177211761, -9.76041698456], [-51.7104568481, 36.0216407776, 7.01441287994, 8.47273254395, -18.2278594971, 26.6661319733, 44.3462753296, 99.3259963989, 10.4112462997, 1.22126305103, 9.16112995148, 1.4960744381, 10.5792894363], [-16.2984352112, -15.8417072296, 7.04256153107, -14.1027851105, 47.5358123779, 24.3738632202, 0.811399757862, 10.4112462997, 116.286483765, 14.8671016693, 6.25420951843, 3.63166856766, -3.23117661476], [52.2829208374, 26.6010951996, -30.3846607208, 7.19938564301, 9.48939990997, -22.4541110992, -11.8546533585, 1.22126305103, 14.8671016693, 107.478157043, 28.5986251831, 1.25306022167, 15.6902456284], [-49.4825248718, 31.2141227722, 6.68687057495, -34.1047744751, -8.29770183563, 21.9813728333, 26.8620147705, 9.16112995148, 6.25420951843, 28.5986251831, 98.0676879883, 22.0019187927, 10.8943958282], [-31.8914203644, -31.5315284729, 5.2458782196, -13.9879980087, -17.3018074036, 23.9108867645, 17.5177211761, 1.4960744381, 3.63166856766, 1.25306022167, 22.0019187927, 86.5748596191, 17.0777416229], [-14.7131948471, 24.1040763855, 29.4222335815, 84.6962203979, 9.41498565674, -69.0718231201, -9.76041698456, 10.5792894363, -3.23117661476, 15.6902456284, 10.8943958282, 17.0777416229, 117.014610291]], "icov": [[0.000167601159774, 4.94822961628e-05, 0.000170503422851, -8.11783247627e-05, -2.37921867665e-05, 8.7004089437e-05, -0.000180098853889, 0.000106880397652, -1.25662995742e-06, -6.23554151389e-05, 5.02129878441e-05, 3.9825339627e-05, 5.31920704816e-05], [4.94822961628e-05, 0.00174840982072, 0.00096054963069, -0.000417594943428, 0.000151262400323, -0.00033850435284, -0.000242422407609, -0.000319366488839, 0.00017085793661, -2.50218090514e-05, -0.000721446704119, 0.000995952286758, -0.000566642906051], [0.000170503422851, 0.00096054963069, 0.00266833789647, -0.000321833445923, -0.000985327758826, 0.000258261919953, -0.000226935488172, -0.000491819344461, 0.000268453295575, 0.000813738326542, -0.000810805533547, 0.000251005316386, -0.000419990421506], [-8.11783247627e-05, -0.000417594943428, -0.000321833445923, 0.00447981292382, -0.00152143137529, 0.000825910887215, 0.000941323465668, -0.00114076794125, 0.000894947501365, 2.30796449614e-05, 0.00142446346581, -6.90256420057e-05, -0.00239513185807], [-2.37921867665e-05, 0.000151262400323, -0.000985327758826, -0.00152143137529, 0.0069326441735, -0.000689613400027, 0.000234050225117, 0.00177777721547, -0.0029329424724, -0.000564690271858, 7.94061725173e-06, 0.00149016466457, -1.47395940076e-05], [8.7004089437e-05, -0.00033850435284, 0.000258261919953, 0.000825910887215, -0.000689613400027, 0.00664310436696, -0.00136622891296, -0.0014196340926, -0.000866617832799, 0.00121513917111, -0.000842879875563, -0.00212431093678, 0.00361076393165], [-0.000180098853889, -0.000242422407609, -0.000226935488172, 0.000941323465668, 0.000234050225117, -0.00136622891296, 0.00703916233033, -0.00269197928719, 0.000408816704294, 0.000838798296172, -0.00110338500235, -0.00059197988594, -0.00050380686298], [0.000106880397652, -0.000319366488839, -0.000491819344461, -0.00114076794125, 0.00177777721547, -0.0014196340926, -0.00269197928719, 0.0126061039045, -0.00169115734752, -0.000483709853142, -4.07567094953e-05, 0.00122163968626, -0.00147303752601], [-1.25662995742e-06, 0.00017085793661, 0.000268453295575, 0.000894947501365, -0.0029329424724, -0.000866617832799, 0.000408816704294, -0.00169115734752, 0.0104148583487, -0.00130356941372, 0.000113413632789, -0.000597832899075, -0.000300118059386], [-6.23554151389e-05, -2.50218090514e-05, 0.000813738326542, 2.30796449614e-05, -0.000564690271858, 0.00121513917111, 0.000838798296172, -0.000483709853142, -0.00130356941372, 0.0112349065021, -0.00376643287018, 0.000276126927929, -0.000579683517572], [5.02129878441e-05, -0.000721446704119, -0.000810805533547, 0.00142446346581, 7.94061725173e-06, -0.000842879875563, -0.00110338500235, -4.07567094953e-05, 0.000113413632789, -0.00376643287018, 0.0133365197107, -0.00252591143362, -0.00162363005802], [3.9825339627e-05, 0.000995952286758, 0.000251005316386, -6.90256420057e-05, 0.00149016466457, -0.00212431093678, -0.00059197988594, 0.00122163968626, -0.000597832899075, 0.000276126927929, -0.00252591143362, 0.0142674650997, -0.00364760821685], [5.31920704816e-05, -0.000566642906051, -0.000419990421506, -0.00239513185807, -1.47395940076e-05, 0.00361076393165, -0.00050380686298, -0.00147303752601, -0.000300118059386, -0.000579683517572, -0.00162363005802, -0.00364760821685, 0.013485246338]], "mean": [-645.407958984, 99.436340332, -29.0232067108, 26.2149143219, 12.3142547607, 6.00872325897, 11.5745439529, 1.23023748398, -1.66035962105, 1.3099822998, -2.39453673363, -5.88965082169, -1.51421368122]}, "pitch_salience": {"dmean": 0.0597862191498, "dmean2": 0.0949373543262, "dvar": 0.00261567044072, "dvar2": 0.00651499768719, "max": 0.83573949337, "mean": 0.551727712154, "median": 0.558238148689, "min": 0.105884380639, "var": 0.0094650266692}, "silence_rate_20dB": {"dmean": 0, "dmean2": 0, "dvar": 0, "dvar2": 0, "max": 1, "mean": 1, "median": 1, "min": 1, "var": 0}, "silence_rate_30dB": {"dmean": 0, "dmean2": 0, "dvar": 0, "dvar2": 0, "max": 1, "mean": 1, "median": 1, "min": 1, "var": 0}, "silence_rate_60dB": {"dmean": 0.0148450247943, "dmean2": 0.0296924710274, "dvar": 0.0146213043481, "dvar2": 0.0332189612091, "max": 1, "mean": 0.0720985233784, "median": 0, "min": 0, "var": 0.0668915063143}, "spectral_centroid": {"dmean": 228.951065063, "dmean2": 348.89541626, "dvar": 60239.6875, "dvar2": 123421.320313, "max": 11039.6025391, "mean": 2175.1730957, "median": 2175.73413086, "min": 294.609191895, "var": 297453.53125}, "spectral_complexity": {"dmean": 3.15840125084, "dmean2": 4.75226354599, "dvar": 10.3431749344, "dvar2": 20.0044326782, "max": 56, "mean": 20.4078788757, "median": 21, "min": 0, "var": 70.8013687134}, "spectral_contrast_coeffs": {"dmean": [0.0451161377132, 0.0378718078136, 0.0345423705876, 0.0307222921401, 0.0255818162113, 0.021817041561], "dmean2": [0.0742597803473, 0.0605691336095, 0.0551469326019, 0.0487497039139, 0.039408814162, 0.0334265828133], "dvar": [0.00132648926228, 0.00101564032957, 0.000798454973847, 0.000617188517936, 0.000461570976768, 0.000354107789462], "dvar2": [0.00364283961244, 0.00246030697599, 0.00194604706485, 0.00149507599417, 0.00101371342316, 0.000793929444626], "max": [-0.380693912506, -0.446624547243, -0.477173537016, -0.505922496319, -0.550783991814, -0.529705226421], "mean": [-0.640239715576, -0.727978467941, -0.73458892107, -0.723660230637, -0.737928628922, -0.747264266014], "median": [-0.641871452332, -0.733478367329, -0.742368221283, -0.727793991566, -0.74063616991, -0.746569037437], "min": [-0.992682814598, -0.980867505074, -0.969807803631, -0.966422319412, -0.963827967644, -0.958248078823], "var": [0.00475687487051, 0.00503511494026, 0.00537475943565, 0.00470403302461, 0.00314272940159, 0.00178685726132]}, "spectral_contrast_valleys": {"dmean": [0.380561083555, 0.297104626894, 0.277481287718, 0.250030487776, 0.248082146049, 0.390583306551], "dmean2": [0.629158616066, 0.48092970252, 0.441483318806, 0.386880248785, 0.357525110245, 0.526757836342], "dvar": [0.109727881849, 0.0707036852837, 0.0660785511136, 0.058063685894, 0.0655854344368, 0.168960124254], "dvar2": [0.277456402779, 0.16006912291, 0.135439425707, 0.107155501842, 0.111001864076, 0.282735198736], "max": [-6.16904306412, -5.89470386505, -5.69064283371, -5.6368021965, -5.55816173553, -7.87730312347], "mean": [-7.78922367096, -7.64335012436, -7.80459976196, -7.76030826569, -7.44530439377, -10.4799537659], "median": [-7.62474822998, -7.5070476532, -7.67659235001, -7.62161827087, -7.25520896912, -10.4548606873], "min": [-27.237159729, -27.0741043091, -27.9997024536, -27.1704216003, -27.1901550293, -27.3214569092], "var": [0.969433128834, 0.913135707378, 0.943261384964, 1.00889766216, 1.04521787167, 1.01813066006]}, "spectral_decrease": {"dmean": 8.61530347063e-10, "dmean2": 1.21643883855e-09, "dvar": 9.55474257608e-19, "dvar2": 1.82914055943e-18, "max": -4.96253842149e-31, "mean": -3.68892316693e-09, "median": -3.33601724023e-09, "min": -1.7432519428e-08, "var": 5.73449701174e-18}, "spectral_energy": {"dmean": 0.00364114879631, "dmean2": 0.00509846163914, "dvar": 1.65673645824e-05, "dvar2": 3.11383882945e-05, "max": 0.0748970359564, "mean": 0.0160658527166, "median": 0.0144569780678, "min": 1.12443660907e-20, "var": 0.000107923980977}, "spectral_energyband_high": {"dmean": 0.000479468522826, "dmean2": 0.00070777896326, "dvar": 6.83501980348e-07, "dvar2": 1.50783102981e-06, "max": 0.0167132224888, "mean": 0.00092566391686, "median": 0.000496226770338, "min": 8.15277612785e-21, "var": 1.41260454711e-06}, "spectral_energyband_low": {"dmean": 0.00144267606083, "dmean2": 0.00215091113932, "dvar": 5.4563474805e-06, "dvar2": 1.17476865853e-05, "max": 0.0386503338814, "mean": 0.00300329085439, "median": 0.00174355902709, "min": 2.2160495956e-23, "var": 1.44981531776e-05}, "spectral_energyband_middle_high": {"dmean": 0.00218704040162, "dmean2": 0.00314110098407, "dvar": 8.32281239127e-06, "dvar2": 1.66363952303e-05, "max": 0.0619025789201, "mean": 0.00845721364021, "median": 0.00595780555159, "min": 1.70575103235e-21, "var": 5.85282032262e-05}, "spectral_energyband_middle_low": {"dmean": 0.00137270416599, "dmean2": 0.00211689178832, "dvar": 4.19676280217e-06, "dvar2": 9.1539695859e-06, "max": 0.0460255071521, "mean": 0.00413079140708, "median": 0.00321041373536, "min": 2.25695881774e-22, "var": 1.2450081158e-05}, "spectral_entropy": {"dmean": 0.148920089006, "dmean2": 0.2046584934, "dvar": 0.0210938565433, "dvar2": 0.0387379005551, "max": 9.80125045776, "mean": 7.57218694687, "median": 7.55189085007, "min": 6.52461147308, "var": 0.114224240184}, "spectral_flux": {"dmean": 0.0155458012596, "dmean2": 0.0242455676198, "dvar": 0.000231676123803, "dvar2": 0.000554724421818, "max": 0.270610541105, "mean": 0.0622945316136, "median": 0.0590734779835, "min": 1.06039454995e-10, "var": 0.000916367513128}, "spectral_kurtosis": {"dmean": 1.5261516571, "dmean2": 2.59606933594, "dvar": 2.09966301918, "dvar2": 6.04911375046, "max": 30.1697978973, "mean": 4.83117723465, "median": 4.50660896301, "min": -1.20308446884, "var": 5.07616233826}, "spectral_rms": {"dmean": 0.000442421529442, "dmean2": 0.000612725096289, "dvar": 1.90605931039e-07, "dvar2": 3.4224939327e-07, "max": 0.00854811538011, "mean": 0.00370886642486, "median": 0.00375557830557, "min": 3.3121162063e-12, "var": 1.91836784325e-06}, "spectral_rolloff": {"dmean": 723.408752441, "dmean2": 1191.48791504, "dvar": 1637654.25, "dvar2": 3915755.25, "max": 18647.7539063, "mean": 2822.3972168, "median": 2562.45117188, "min": 21.533203125, "var": 3337940.25}, "spectral_skewness": {"dmean": 0.192224532366, "dmean2": 0.319196224213, "dvar": 0.0271186623722, "dvar2": 0.0729847401381, "max": 4.10860395432, "mean": 1.36779999733, "median": 1.34269940853, "min": -0.0203266330063, "var": 0.102476119995}, "spectral_spread": {"dmean": 564338.1875, "dmean2": 816910.6875, "dvar": 571797274624, "dvar2": 1144984698880.0