{"lowlevel": {"average_loudness": 0.77253395319, "barkbands": {"dmean": [2.5146156986e-05, 0.000702781428117, 0.000352112489054, 0.000173013395397, 0.000634910713416, 0.000764065305702, 0.000383957842132, 0.000353877287125, 0.000508151133545, 0.000459571281681, 0.000304806570057, 0.000323631451465, 0.00012424599845, 0.000166169033037, 0.000200365844648, 0.000214358151425, 0.000147294107592, 0.000101181576611, 0.000151749612996, 8.36529434309e-05, 9.1319103376e-05, 1.72366344486e-05, 1.20744562082e-05, 2.00124013645e-05, 1.64299526659e-05, 2.63966921921e-06, 8.42247004584e-07], "dmean2": [3.96148425352e-05, 0.000988245941699, 0.000489239755552, 0.000285240239464, 0.000957949960139, 0.00117990910076, 0.000586107140407, 0.000559229112696, 0.000799896602985, 0.000655611045659, 0.000439872295829, 0.000460212759208, 0.000175693799974, 0.000254915066762, 0.00028644700069, 0.000309021910653, 0.0002040949621, 0.000145026075188, 0.000205862743314, 0.000118759155157, 0.00012798338139, 2.64887457888e-05, 1.83723914233e-05, 2.99242783512e-05, 2.3239190341e-05, 3.97608437197e-06, 1.33989988171e-06], "dvar": [8.89894291589e-09, 3.69958661395e-06, 8.56595022469e-07, 1.17662175114e-07, 2.16607827497e-06, 2.18610034608e-06, 9.36681999519e-07, 1.85057831459e-06, 3.18621437145e-06, 2.8432596082e-06, 1.67602286183e-06, 1.58727948474e-06, 4.14760933154e-07, 5.64079016385e-07, 4.69356848498e-07, 7.76405499892e-07, 4.06512185691e-07, 9.50541334532e-08, 2.19932658752e-07, 5.47467990941e-08, 7.07923177856e-08, 4.57250948216e-09, 4.06878752912e-09, 1.7137919528e-08, 9.1906215971e-09, 7.21427848016e-11, 8.3272277962e-12], "dvar2": [1.78654708805e-08, 7.63833395467e-06, 1.54801614372e-06, 3.00619831251e-07, 4.7433486543e-06, 5.33807042302e-06, 1.97230770027e-06, 4.49045001005e-06, 7.56647614253e-06, 5.52452866032e-06, 3.2622517665e-06, 2.669960395e-06, 8.41250880512e-07, 1.16915930448e-06, 9.58240207183e-07, 1.58833597652e-06, 6.93164395216e-07, 1.76245563921e-07, 3.81700345997e-07, 1.10101147754e-07, 1.21737457448e-07, 9.49755563084e-09, 8.65423732677e-09, 4.01080200163e-08, 1.87977757804e-08, 1.54221260762e-10, 1.9963131842e-11], "max": [0.0053489250131, 0.0394352711737, 0.0214351415634, 0.00853081140667, 0.0317891910672, 0.0447572991252, 0.0372518375516, 0.0304967723787, 0.0371330156922, 0.0537361353636, 0.046338185668, 0.0377844907343, 0.0243536643684, 0.0327636450529, 0.0154753662646, 0.0258060302585, 0.0287205856293, 0.0133569771424, 0.0126485107467, 0.00756658148021, 0.00850822776556, 0.00221564806998, 0.00246208626777, 0.00457059871405, 0.00480130780488, 0.000252245983575, 8.14315790194e-05], "mean": [4.57458481833e-05, 0.00125497789122, 0.000784020056017, 0.00027213228168, 0.00131558207795, 0.00164525129367, 0.000711790460628, 0.000584066205192, 0.000867927738, 0.000797713117208, 0.000533991202246, 0.000679799821228, 0.000228209857596, 0.00035445674439, 0.00039187897346, 0.000346132786945, 0.000334367068717, 0.000223577299039, 0.000368981156498, 0.000195667831576, 0.000218466913793, 2.23253082368e-05, 1.59415903909e-05, 2.95844874927e-05, 2.42443147727e-05, 3.28234114022e-06, 7.78078231178e-07], "median": [2.96005473501e-05, 0.000234816092416, 0.00015935106785, 9.35925636441e-05, 0.000465617486043, 0.000631237402558, 0.00027938009589, 9.27718429011e-05, 0.000116497692943, 8.84692926775e-05, 7.50220788177e-05, 5.59019645152e-05, 3.15439756378e-05, 2.63263627858e-05, 3.66760432371e-05, 2.25717303692e-05, 2.35868465097e-05, 2.64556238108e-05, 2.82075070572e-05, 2.55213781202e-05, 1.58797465701e-05, 4.83030135001e-06, 3.57623457603e-06, 4.98794997839e-06, 2.92362460641e-06, 7.41122164527e-07, 4.63117260097e-08], "min": [8.73226108046e-24, 1.05863950189e-23, 7.99601656653e-23, 5.4471823693e-23, 3.80034624614e-23, 1.38812666494e-23, 4.64815273147e-23, 1.26288261112e-23, 7.35640057151e-23, 5.60254631578e-23, 3.84512956419e-23, 7.86880043934e-23, 7.52822078756e-23, 1.1074416876e-22, 1.13973702197e-22, 1.26895975887e-22, 8.6073099307e-23, 2.869279973e-22, 2.87476691081e-22, 3.64527323157e-22, 3.02812601462e-22, 6.24364448577e-22, 5.20584583702e-22, 7.47076066409e-22, 1.48056635769e-21, 1.76219742538e-21, 2.37747237879e-21], "var": [1.16207035106e-08, 7.49613127482e-06, 3.27185784954e-06, 2.85047718762e-07, 7.84537405707e-06, 8.72517648531e-06, 2.11432825381e-06, 3.01325712826e-06, 7.23777020539e-06, 7.99621648184e-06, 4.03530793847e-06, 5.9305848481e-06, 1.00996339825e-06, 3.09014376398e-06, 1.45879391766e-06, 1.79876781203e-06, 1.8586221131e-06, 4.16956169147e-07, 1.10931705422e-06, 2.24271317961e-07, 3.94222468003e-07, 7.19266557425e-09, 5.08451369896e-09, 1.89176283527e-08, 1.42105021084e-08, 1.01425388921e-10, 7.96231310052e-12]}, "barkbands_crest": {"dmean": 2.39761638641, "dmean2": 3.85448861122, "dvar": 4.99441957474, "dvar2": 12.4453039169, "max": 24.6572570801, "mean": 10.2899713516, "median": 9.43457889557, "min": 2.36803269386, "var": 17.6770458221}, "barkbands_flatness_db": {"dmean": 0.0216477811337, "dmean2": 0.0314143933356, "dvar": 0.000520790927112, "dvar2": 0.00100592966191, "max": 0.386086016893, "mean": 0.153783082962, "median": 0.150320231915, "min": 0.0261248778552, "var": 0.00278923287988}, "barkbands_kurtosis": {"dmean": 2.93196415901, "dmean2": 4.44314241409, "dvar": 32.9135894775, "dvar2": 69.7417526245, "max": 145.466125488, "mean": 5.7486371994, "median": 2.27049088478, "min": -1.83968198299, "var": 132.464126587}, "barkbands_skewness": {"dmean": 0.487871915102, "dmean2": 0.731061279774, "dvar": 0.273740202188, "dvar2": 0.578828454018, "max": 10.1392679214, "mean": 1.49260699749, "median": 1.27014231682, "min": -2.65881824493, "var": 2.02462291718}, "barkbands_spread": {"dmean": 4.5633764267, "dmean2": 6.89636564255, "dvar": 44.287612915, "dvar2": 92.7465667725, "max": 113.033294678, "mean": 17.0428199768, "median": 13.2914361954, "min": 0.673579156399, "var": 153.444442749}, "dissonance": {"dmean": 0.0242056250572, "dmean2": 0.0404288284481, "dvar": 0.000526546209585, "dvar2": 0.00141333264764, "max": 0.500000059605, "mean": 0.449953317642, "median": 0.459599196911, "min": 0.1987003088, "var": 0.00142865628004}, "dynamic_complexity": 5.51780128479, "erbbands": {"dmean": [0.017538215965, 0.168992593884, 0.430631428957, 0.415876954794, 0.855133473873, 2.77705740929, 3.94312906265, 7.37124967575, 5.65680551529, 6.46105670929, 7.51145458221, 12.4122123718, 14.605928421, 11.7983932495, 11.5839414597, 12.631061554, 5.37043952942, 9.09317970276, 6.96242809296, 10.2392892838, 10.7013864517, 5.37039661407, 3.75172710419, 7.27023124695, 5.78689956665, 3.33500957489, 5.12389421463, 1.9002161026, 0.687715947628, 0.446417689323, 0.33076864481, 0.35231924057, 0.377694427967, 0.254382938147, 0.0749351158738, 0.0167150069028, 0.00400304561481, 0.00105163559783, 0.000168861064594, 7.76474098529e-06], "dmean2": [0.0246704425663, 0.239275872707, 0.577270448208, 0.660263121128, 1.30525565147, 4.2330288887, 6.10583925247, 11.4167957306, 8.47911548615, 9.96882820129, 11.7400465012, 19.5186309814, 21.2236003876, 16.7178173065, 15.4537906647, 17.2564659119, 7.65855646133, 13.2495298386, 10.0594301224, 14.308303833, 15.208899498, 6.85818338394, 5.07544851303, 9.76403236389, 7.6413898468, 4.53247213364, 6.95079517365, 2.71494078636, 1.04088640213, 0.668925464153, 0.500672280788, 0.54330188036, 0.559887766838, 0.362416297197, 0.10903724283, 0.0250552222133, 0.00602650456131, 0.00161381124053, 0.000271754455753, 1.14356007543e-05], "dvar": [0.00341141829267, 0.203120723367, 1.44185101986, 0.606544494629, 5.48869943619, 51.1591529846, 65.7439575195, 257.214172363, 196.554199219, 434.618499756, 891.611877441, 2225.72851563, 2330.31005859, 2704.64135742, 2227.38232422, 2052.00146484, 723.305725098, 1647.89038086, 801.155395508, 1273.35925293, 2160.58105469, 345.182373047, 107.638198853, 539.53112793, 383.859039307, 74.1258239746, 228.627929688, 33.1057891846, 6.25094938278, 5.89725971222, 3.04336190224, 5.31110525131, 5.87989854813, 2.39572882652, 0.159221485257, 0.00363820721395, 0.000147604005178, 1.15404236567e-05, 3.47737682205e-07, 3.17631476676e-10], "dvar2": [0.00765623571351, 0.403909862041, 2.37346363068, 1.48763632774, 12.2134017944, 108.16368103, 157.065795898, 629.230041504, 407.238494873, 988.295410156, 2171.13085938, 5378.56738281, 5056.50976563, 4672.17480469, 3516.08789063, 3237.52001953, 1413.76037598, 3486.59228516, 1580.67150879, 2446.81347656, 4462.76074219, 532.843322754, 179.574081421, 964.665222168, 618.145202637, 129.023071289, 402.765106201, 60.3614807129, 12.7807998657, 13.0065765381, 6.59255552292, 12.8387298584, 13.3157196045, 4.9987821579, 0.327269673347, 0.00733706075698, 0.000306930101942, 2.63835681835e-05, 8.43075156354e-07, 7.47849504545e-10], "max": [1.46567606926, 7.81886053085, 30.0930137634, 22.1603374481, 86.5113372803, 191.455108643, 192.119033813, 558.626037598, 655.734924316, 549.245300293, 847.602355957, 1144.453125, 1291.80871582, 2175.08032227, 1553.50622559, 1706.42980957, 1130.73217773, 1810.37451172, 954.02557373, 1183.0333252, 1689.59143066, 760.908630371, 568.345458984, 724.072265625, 836.355529785, 303.775543213, 478.19329834, 176.43989563, 85.9565200806, 141.442871094, 63.8436393738, 81.5738296509, 107.738632202, 75.8184509277, 18.4106731415, 2.36342096329, 0.295113623142, 0.115317299962, 0.0149745475501, 0.000473774474813], "mean": [0.0267881080508, 0.314201712608, 0.956561028957, 0.869086682796, 1.65307712555, 5.4922952652, 7.69507312775, 15.4886112213, 12.0183258057, 11.3546438217, 12.9571647644, 21.7009716034, 27.0031604767, 21.4263191223, 25.17329216, 28.3877353668, 11.5619535446, 22.2247333527, 12.9327373505, 23.515712738, 24.1807594299, 13.8790330887, 9.83736610413, 18.632648468, 15.9610128403, 8.67428779602, 13.2644052505, 4.15842151642, 0.9640173316, 0.559423089027, 0.454013049603, 0.51774585247, 0.547389268875, 0.374688655138, 0.110335864127, 0.0215432327241, 0.00507922517136, 0.00119647395331, 0.000158109920449, 1.93220548681e-05], "median": [0.00400028796867, 0.0601396150887, 0.184570908546, 0.329456716776, 0.560840845108, 1.7867975235, 3.23609733582, 4.96266651154, 4.51551532745, 3.92400455475, 2.40151071548, 3.34538221359, 3.48884558678, 3.62054085732, 2.82137846947, 2.63525724411, 1.92375898361, 2.06506299973, 1.7149721384, 1.88913333416, 1.46151185036, 1.27137327194, 1.39658534527, 1.65320849419, 1.3510453701, 1.22075915337, 1.01664018631, 0.420699447393, 0.208481520414, 0.126724824309, 0.104475446045, 0.0921185314655, 0.0811642184854, 0.0402497053146, 0.0154871921986, 0.00453380681574, 0.00107689399738, 0.000184283358976, 1.55222223839e-05, 1.07130599645e-05], "min": [2.47026731138e-22, 3.81087803148e-21, 6.38474413071e-20, 1.73414693109e-19, 9.88299692371e-20, 1.97374302669e-19, 1.19239817209e-19, 1.17411502486e-19, 6.34693719458e-19, 3.62147892283e-19, 4.04444015147e-19, 1.22502884459e-18, 3.04061625648e-18, 1.21496743321e-18, 2.60620353944e-18, 2.16676942249e-18, 3.11619574905e-18, 7.16353299722e-18, 3.62028168229e-18, 7.39825045912e-18, 6.69905412607e-18, 5.42800963759e-18, 1.06025909878e-17, 1.83004578453e-17, 1.53058489609e-17, 1.9087409356e-17, 1.55132909693e-17, 9.15031164073e-18, 2.64453314515e-17, 1.667645084e-17, 1.40245445377e-17, 1.98026079116e-17, 1.04651086069e-17, 1.46418049088e-17, 1.17038628594e-17, 6.24257367785e-18, 3.43973793307e-18, 1.19281812135e-18, 2.97436131246e-19, 3.82217962894e-20], "var": [0.00523340376094, 0.464406818151, 5.36202478409, 2.16657447815, 17.479719162, 177.238311768, 190.405731201, 1071.19604492, 535.06060791, 819.387695313, 1506.72827148, 5160.66064453, 6767.03125, 7121.97167969, 9119.41992188, 9659.12792969, 1900.3638916, 10421.6328125, 2047.22753906, 6080.10253906, 7696.08496094, 2113.84643555, 704.993347168, 2728.02783203, 2624.0925293, 403.586608887, 1276.15625, 141.398773193, 10.3228263855, 7.13700580597, 3.71214699745, 5.34415721893, 7.01055526733, 3.38993382454, 0.292366087437, 0.006224965211, 0.000209065212402, 1.32308750835e-05, 3.20518353192e-07, 5.59291390978e-10]}, "erbbands_crest": {"dmean": 2.83187294006, "dmean2": 4.54038906097, "dvar": 6.88123703003, "dvar2": 17.5802230835, "max": 30.842250824, "mean": 10.605553627, "median": 9.54574012756, "min": 2.39328479767, "var": 23.4784030914}, "erbbands_flatness_db": {"dmean": 0.0190443135798, "dmean2": 0.0270703379065, "dvar": 0.000381360034226, "dvar2": 0.0007084319368, "max": 0.344325363636, "mean": 0.185444906354, "median": 0.185902506113, "min": 0.0353419966996, "var": 0.00227017351426}, "erbbands_kurtosis": {"dmean": 1.16365718842, "dmean2": 1.85139429569, "dvar": 2.78706765175, "dvar2": 6.7946190834, "max": 30.2218856812, "mean": 1.25833046436, "median": 0.302437365055, "min": -1.83176243305, "var": 9.81000423431}, "erbbands_skewness": {"dmean": 0.375281870365, "dmean2": 0.574314177036, "dvar": 0.134052604437, "dvar2": 0.298725962639, "max": 4.99285888672, "mean": 0.579981029034, "median": 0.578925013542, "min": -3.44278597832, "var": 0.759893417358}, "erbbands_spread": {"dmean": 7.01454305649, "dmean2": 10.6829004288, "dvar": 73.220741272, "dvar2": 158.695724487, "max": 135.616088867, "mean": 31.9645633698, "median": 29.4511032104, "min": 2.88223481178, "var": 302.044708252}, "gfcc": {"cov": [[9378.48242188, -1036.02734375, -1667.63867188, 309.141998291, -346.346252441, -117.24772644, -468.8387146, 234.677642822, -260.426300049, 31.9921607971, 212.304672241, -86.1759567261, 481.48147583], [-1036.02734375, 1398.87487793, 320.240203857, -150.022674561, 157.340835571, 45.1833190918, 223.29800415, -92.946144104, 61.4920501709, -80.4508132935, 79.592956543, -40.5792236328, -111.844017029], [-1667.63867188, 320.240203857, 1129.86791992, 161.960739136, 112.826522827, 157.497085571, 59.4876213074, 3.05777716637, 144.699569702, 3.36646842957, -68.5022964478, 47.5144271851, -205.797790527], [309.141998291, -150.022674561, 161.960739136, 490.951690674, 151.810836792, 8.38554954529, -49.2722396851, 52.5731163025, 86.2433700562, 38.1135864258, -0.731814622879, 38.3847312927, 32.7839202881], [-346.346252441, 157.340835571, 112.826522827, 151.810836792, 293.808074951, 63.2292366028, 94.6950683594, -2.34473443031, 48.9204330444, 33.1787033081, 13.6038217545, -0.268445432186, 0.903462946415], [-117.24772644, 45.1833190918, 157.497085571, 8.38554954529, 63.2292366028, 277.8152771, 148.793395996, 5.68111085892, 7.42494392395, 37.4132041931, 19.5151309967, -11.7838115692, -38.3188896179], [-468.8387146, 223.29800415, 59.4876213074, -49.2722396851, 94.6950683594, 148.793395996, 324.685852051, 21.5088596344, 4.96948671341, -0.0143685201183, 5.78202962875, -9.28146266937, -39.1505699158], [234.677642822, -92.946144104, 3.05777716637, 52.5731163025, -2.34473443031, 5.68111085892, 21.5088596344, 169.117889404, 45.8682327271, -17.6463851929, -0.869463503361, 2.73852682114, 25.6977519989], [-260.426300049, 61.4920501709, 144.699569702, 86.2433700562, 48.9204330444, 7.42494392395, 4.96948671341, 45.8682327271, 136.79989624, 18.6222286224, -22.1154384613, 29.2744083405, -18.0779666901], [31.9921607971, -80.4508132935, 3.36646842957, 38.1135864258, 33.1787033081, 37.4132041931, -0.0143685201183, -17.6463851929, 18.6222286224, 125.470420837, 37.9053344727, -3.69877386093, 22.0329761505], [212.304672241, 79.592956543, -68.5022964478, -0.731814622879, 13.6038217545, 19.5151309967, 5.78202962875, -0.869463503361, -22.1154384613, 37.9053344727, 128.135391235, -6.89149951935, 32.6468696594], [-86.1759567261, -40.5792236328, 47.5144271851, 38.3847312927, -0.268445432186, -11.7838115692, -9.28146266937, 2.73852682114, 29.2744083405, -3.69877386093, -6.89149951935, 97.2143630981, 2.78612399101], [481.48147583, -111.844017029, -205.797790527, 32.7839202881, 0.903462946415, -38.3188896179, -39.1505699158, 25.6977519989, -18.0779666901, 22.0329761505, 32.6468696594, 2.78612399101, 138.390228271]], "icov": [[0.000208588855457, -5.16017062182e-05, 0.000300644867821, -0.000288796931272, 0.000227408323553, -0.000292628683383, 0.000308520509861, -0.000318691978464, 0.000280121108517, -2.32178008446e-05, -5.79120533075e-05, 4.8569021601e-05, -0.000134997986606], [-5.16017062182e-05, 0.00146710127592, -0.000508751254529, 0.000657372584101, -0.000643879233394, 0.000639402889647, -0.00100058445241, 0.00136308476795, -0.00158189970534, 0.0017448135186, -0.00181479624007, 0.000910977832973, 2.33415630646e-05], [0.000300644867821, -0.000508751254529, 0.00215386226773, -0.000944927160162, 0.000262681132881, -0.00130771123804, 0.00103394966573, -0.00085142365424, -6.62241945975e-05, -0.000539409753401, 0.000689324398991, -0.000669154513162, 0.0019845510833], [-0.000288796931272, 0.000657372584101, -0.000944927160162, 0.00374536612071, -0.00217853486538, 0.000490936334245, 0.000209098026971, 0.000131546490593, -0.00163064291701, 0.00033259196789, -0.000487248034915, -0.000439248367911, -0.000713689893018], [0.000227408323553, -0.000643879233394, 0.000262681132881, -0.00217853486538, 0.0056914142333, -0.000565432303119, -0.00112768600229, 0.000388154789107, -0.000382274418371, -0.000906280532945, 0.000162636322784, 0.000612470379565, -0.000946009531617], [-0.000292628683383, 0.000639402889647, -0.00130771123804, 0.000490936334245, -0.000565432303119, 0.00624166429043, -0.00316972704604, 0.000656067975797, -0.000174802058609, -0.000936329481192, -0.00121033738833, 0.000801228277851, 0.000582914275583], [0.000308520509861, -0.00100058445241, 0.00103394966573, 0.000209098026971, -0.00112768600229, -0.00316972704604, 0.00603514350951, -0.00235083024018, 0.00155340123456, -0.000669314584229, 0.00115730415564, -0.00091498286929, 0.000934446172323], [-0.000318691978464, 0.00136308476795, -0.00085142365424, 0.000131546490593, 0.000388154789107, 0.000656067975797, -0.00235083024018, 0.00945857260376, -0.00520896399394, 0.00381767842919, -0.00212318170816, 0.00186544668395, -0.00215414259583], [0.000280121108517, -0.00158189970534, -6.62241945975e-05, -0.00163064291701, -0.000382274418371, -0.000174802058609, 0.00155340123456, -0.00520896399394, 0.0136043718085, -0.00459422869608, 0.0036716402974, -0.00350598804653, 0.00110858795233], [-2.32178008446e-05, 0.0017448135186, -0.000539409753401, 0.00033259196789, -0.000906280532945, -0.000936329481192, -0.000669314584229, 0.00381767842919, -0.00459422869608, 0.0126585457474, -0.00494192587212, 0.00212567602284, -0.00203411001712], [-5.79120533075e-05, -0.00181479624007, 0.000689324398991, -0.000487248034915, 0.000162636322784, -0.00121033738833, 0.00115730415564, -0.00212318170816, 0.0036716402974, -0.00494192587212, 0.0118318758905, -0.00134882645216, -0.0012368314201], [4.8569021601e-05, 0.000910977832973, -0.000669154513162, -0.000439248367911, 0.000612470379565, 0.000801228277851, -0.00091498286929, 0.00186544668395, -0.00350598804653, 0.00212567602284, -0.00134882645216, 0.012251438573, -0.00143604155164], [-0.000134997986606, 2.33415630646e-05, 0.0019845510833, -0.000713689893018, -0.000946009531617, 0.000582914275583, 0.000934446172323, -0.00215414259583, 0.00110858795233, -0.00203411001712, -0.0012368314201, -0.00143604155164, 0.0124560361728]], "mean": [-81.7081985474, 105.085517883, -122.68510437, 22.5688514709, -61.5943145752, -0.253916800022, -35.3441772461, 7.01383018494, -28.3164863586, 4.55835771561, -8.70611095428, -2.87876987457, -1.99348092079]}, "hfc": {"dmean": 3.16313838959, "dmean2": 4.08644723892, "dvar": 39.6356811523, "dvar2": 60.839630127, "max": 138.955490112, "mean": 12.0373706818, "median": 4.02401733398, "min": 1.17643585481e-16, "var": 341.969024658}, "melbands": {"dmean": [0.000174681132194, 0.000222830480197, 7.99063636805e-05, 0.000122266064864, 0.000136993941851, 0.000157588292495, 8.80636362126e-05, 7.1169968578e-05, 5.86903552175e-05, 8.40165521367e-05, 7.32942862669e-05, 4.81458409922e-05, 3.83239093935e-05, 4.17218107032e-05, 1.71906649484e-05, 1.45033700392e-05, 1.85505232366e-05, 1.06782044895e-05, 1.46508073158e-05, 1.32761260829e-05, 1.45679614434e-05, 7.67718302086e-06, 3.57315366273e-06, 3.86431656807e-06, 6.65957895762e-06, 5.62007699045e-06, 2.77002209259e-06, 2.38932716456e-06, 3.4662307371e-06, 2.63280071522e-06, 7.73043382196e-07, 3.99545939445e-07, 3.12322129048e-07, 2.31600978395e-07, 1.89165831443e-07, 2.15596614339e-07, 2.25435044854e-07, 2.68514355639e-07, 2.70500805755e-07, 2.03472836802e-07], "dmean2": [0.000246670417255, 0.000298126105918, 0.000124500424135, 0.000182503034011, 0.000210879079532, 0.000244177790591, 0.000132117245812, 0.000110816574306, 9.23813131521e-05, 0.000131375505589, 0.000106196668639, 6.86336279614e-05, 5.23131166119e-05, 5.85399793636e-05, 2.40884437517e-05, 2.03865620279e-05, 2.72381312243e-05, 1.54683093569e-05, 2.105978092e-05, 1.87079222087e-05, 2.07979446714e-05, 1.0309317986e-05, 4.88762589157e-06, 5.38475615031e-06, 9.0486037152e-06, 7.70955921325e-06, 3.811693432e-06, 3.35338177138e-06, 4.73950285595e-06, 3.68986115973e-06, 1.1576637462e-06, 6.1080748992e-07, 4.83967255605e-07, 3.5073219351e-07, 2.84186000954e-07, 3.30230562895e-07, 3.50933021309e-07, 4.02606701755e-07, 3.92399584825e-07, 2.90089616328e-07], "dvar": [2.65296762336e-07, 3.4642195601e-07, 2.29485550562e-08, 1.04991329408e-07, 7.86694585031e-08, 1.09735736942e-07, 4.09007334667e-08, 5.7097906847e-08, 6.0614560482e-08, 9.66473976405e-08, 5.86622626031e-08, 5.05109483129e-08, 2.70538240699e-08, 2.52943870294e-08, 5.24706011973e-09, 4.87214535383e-09, 7.24556548093e-09, 2.11693906849e-09, 2.60935717478e-09, 2.21547713508e-09, 4.62767424381e-09, 8.85419848551e-10, 1.40817524308e-10, 1.18008394723e-10, 5.13097175858e-10, 4.09206446506e-10, 8.25337090338e-11, 4.39703412569e-11, 1.15166313985e-10, 7.86220741289e-11, 6.5636541341e-12, 2.16728631569e-12, 1.65074768091e-12, 2.20068060997e-12, 9.77459324418e-13, 1.47525470572e-12, 2.5368361925e-12, 2.83598773805e-12, 3.16933198435e-12, 1.44995820905e-12], "dvar2": [5.76394938889e-07, 5.82132145155e-07, 5.28273496059e-08, 2.23730211246e-07, 1.83637453688e-07, 2.67575757107e-07, 8.56655901771e-08, 1.3010989619e-07, 1.44841820315e-07, 2.34201451121e-07, 1.26196908923e-07, 8.80120651914e-08, 4.75719019732e-08, 4.0993803907e-08, 1.08983764235e-08, 1.01697166244e-08, 1.52552779298e-08, 4.1026235742e-09, 5.40624922607e-09, 3.80329634453e-09, 9.24205867392e-09, 1.4811651905e-09, 2.37390773705e-10, 2.04965974748e-10, 9.47334544144e-10, 7.067551544e-10, 1.59337251726e-10, 8.29866800278e-11, 2.27434140965e-10, 1.35644315225e-10, 1.35627091155e-11, 4.46577193627e-12, 3.46154376864e-12, 5.09175904564e-12, 2.14538413076e-12, 3.5232700004e-12, 6.35111494646e-12, 6.6074255442e-12, 6.71795995569e-12, 3.05270479034e-12], "max": [0.0118079502136, 0.0138995237648, 0.00345613947138, 0.00863689463586, 0.00633716396987, 0.0108281159773, 0.00858642440289, 0.00523638678715, 0.00746576068923, 0.00742426421493, 0.00644666654989, 0.00940699409693, 0.00575559679419, 0.0056827920489, 0.003037547227, 0.0030930689536, 0.0032035454642, 0.00158024369739, 0.00157980876975, 0.00149333023001, 0.00224809115753, 0.00117889908142, 0.00050997606013, 0.00044404095388, 0.000709017913323, 0.00072976842057, 0.000363834638847, 0.000201998904231, 0.000330627080984, 0.000275580678135, 8.35120954434e-05, 5.42571287951e-05, 5.09422425239e-05, 9.02375322767e-05, 3.11875992338e-05, 5.12187398272e-05, 6.12380754319e-05, 6.29607166047e-05, 0.000102163357951, 5.19229652127e-05], "mean": [0.000294867611956, 0.000485383439809, 0.000168646642123, 0.000246088166023, 0.000279855914414, 0.000338507583365, 0.000183023526915, 0.000124055295601, 9.82319688774e-05, 0.000145450903801, 0.000130768603412, 8.28771662782e-05, 7.29467355995e-05, 9.31851755013e-05, 3.16061014018e-05, 2.81757093035e-05, 4.33715722465e-05, 1.61693187692e-05, 2.95627378364e-05, 2.68845778919e-05, 3.21911866195e-05, 1.78303580469e-05, 8.29281998449e-06, 9.17893157748e-06, 1.54381068569e-05, 1.46067995956e-05, 6.1435553107e-06, 5.65431173527e-06, 8.35666469357e-06, 6.46899798085e-06, 1.2373870959e-06, 5.05705600062e-07, 3.77195817691e-07, 2.78596360204e-07, 2.40926368633e-07, 3.07156739154e-07, 3.14609167162e-07, 3.85738189834e-07, 3.74930493763e-07, 2.98534388321e-07], "median": [5.49156757188e-05, 0.000104997932795, 6.55158582958e-05, 8.01158457762e-05, 0.000118317300803, 0.000111472130811, 7.13213376002e-05, 3.71367495973e-05, 1.56533787958e-05, 1.87869591173e-05, 1.5115709175e-05, 1.10947376015e-05, 8.65112724568e-06, 7.12990777174e-06, 4.34240473624e-06, 3.50937898475e-06, 3.24299844578e-06, 2.09417407859e-06, 2.64750929091e-06, 2.03377385333e-06, 1.49742629674e-06, 1.27263706418e-06, 1.15270961487e-06, 1.19834248835e-06, 1.22044377804e-06, 9.28744157136e-07, 8.13766291685e-07, 7.50501214952e-07, 6.73336444379e-07, 3.56130698265e-07, 1.65035672239e-07, 1.04327853023e-07, 7.21999739994e-08, 5.89703539333e-08, 5.34722914836e-08, 5.60138495587e-08, 5.04767143639e-08, 5.48212604201e-08, 4.44245458198e-08, 2.80539271813e-08], "min": [2.43278372561e-24, 2.42894280131e-23, 2.80844074807e-23, 8.93548584915e-24, 5.54283057077e-24, 2.7645222188e-24, 1.01210033725e-23, 3.75890446401e-24, 3.25948747175e-24, 9.81768556553e-24, 1.49414310194e-23, 4.33088581271e-24, 7.67732133622e-24, 8.76579792413e-24, 4.84816162978e-24, 8.77841575431e-24, 1.37074947914e-23, 4.11993375703e-24, 9.04340833187e-24, 1.03535437901e-23, 6.70799982146e-24, 5.54436687738e-24, 5.19421400409e-24, 1.40596501881e-23, 1.46342911814e-23, 1.29437930271e-23, 1.07406181148e-23, 1.25263956781e-23, 1.10575003849e-23, 4.8205061386e-24, 4.99689504258e-24, 1.39014946207e-23, 1.33210523444e-23, 8.84502716914e-24, 7.83187338705e-24, 1.02607216828e-23, 1.21666577503e-23, 7.07160158989e-24, 5.87342915994e-24, 1.5245107758e-23], "var": [4.61498217419e-07, 1.17166757718e-06, 7.92917873582e-08, 3.54774840616e-07, 2.54012178402e-07, 4.53480566875e-07, 1.14017140618e-07, 1.04395198264e-07, 1.02171298977e-07, 2.28971146043e-07, 1.68637555475e-07, 1.33198696517e-07, 8.43626892788e-08, 1.05202992984e-07, 1.16345519885e-08, 1.40231728452e-08, 4.65225546975e-08, 4.81112261141e-09, 8.60303206451e-09, 8.15340861493e-09, 1.77856165351e-08, 4.48765025141e-09, 7.40445371683e-10, 5.72204839067e-10, 2.21917884069e-09, 2.56693200029e-09, 3.2589736465e-10, 1.94209301418e-10, 4.63296401243e-10, 4.39285469112e-10, 1.60804355942e-11, 3.69170622891e-12, 2.19421442821e-12, 2.39527495061e-12, 1.17285272206e-12, 1.56814351001e-12, 2.33286935776e-12, 3.18230402967e-12, 4.33671154543e-12, 2.05682584679e-12]}, "melbands_crest": {"dmean": 2.97088313103, "dmean2": 4.6990776062, "dvar": 7.57513809204, "dvar2": 18.4164848328, "max": 31.9154968262, "mean": 13.9349937439, "median": 12.5734539032, "min": 2.9306781292, "var": 33.0473823547}, "melbands_flatness_db": {"dmean": 0.0251919589937, "dmean2": 0.0361358486116, "dvar": 0.000794391380623, "dvar2": 0.00150172482245, "max": 0.530328273773, "mean": 0.221516177058, "median": 0.213913351297, "min": 0.0106464000419, "var": 0.00512367486954}, "melbands_kurtosis": {"dmean": 5.58946180344, "dmean2": 8.49546718597, "dvar": 126.863395691, "dvar2": 247.399291992, "max": 377.633209229, "mean": 13.0750169754, "median": 5.80095052719, "min": -1.85737681389, "var": 690.993041992}, "melbands_skewness": {"dmean": 0.60179245472, "dmean2": 0.903612613678, "dvar": 0.448355019093, "dvar2": 0.919163942337, "max": 16.0034484863, "mean": 2.24621200562, "median": 1.9084982872, "min": -2.01017022133, "var": 3.43095159531}, "melbands_spread": {"dmean": 5.78642892838, "dmean2": 8.6876411438, "dvar": 83.5790328979, "dvar2": 171.376174927, "max": 258.715484619, "mean": 20.9578971863, "median": 15.7283086777, "min": 0.476682782173, "var": 313.061706543}, "mfcc": {"cov": [[8055.83300781, -1224.92504883, -1110.89526367, -32.4241142273, -46.2034797668, -571.811584473, 64.6004180908, -302.139068604, 0.359804242849, 9.34227085114, -390.676605225, -85.0261688232, -26.7373714447], [-1224.92504883, 1458.57543945, 214.649871826, -97.2612915039, -78.280090332, 145.282348633, 103.245117188, 104.30304718, -79.8166122437, 5.69903707504, 120.699745178, -16.1791534424, 21.964176178], [-1110.89526367, 214.649871826, 807.850585938, 73.9845504761, 119.993118286, 162.854324341, -61.1754570007, 130.602935791, 9.80680084229, -6.60246086121, 152.433914185, 48.4331207275, 13.4725065231], [-32.4241142273, -97.2612915039, 73.9845504761, 405.610595703, 183.671691895, 22.0560073853, -54.8684883118, 28.2569923401, 62.5629577637, -5.94518518448, -9.60765647888, 71.3496856689, -1.5233694315], [-46.2034797668, -78.280090332, 119.993118286, 183.671691895, 299.140655518, 21.2766609192, -35.5571861267, -11.8295021057, 33.3811798096, 19.2104663849, 4.34068775177, 36.8513679504, 3.34081339836], [-571.811584473, 145.282348633, 162.854324341, 22.0560073853, 21.2766609192, 338.726959229, 83.1660995483, 52.4346389771, 17.0050544739, 39.8368034363, 85.1950759888, 3.7931163311, 27.1796607971], [64.6004180908, 103.245117188, -61.1754570007, -54.8684883118, -35.5571861267, 83.1660995483, 272.49597168, 22.6066646576, 2.93167543411, 61.7160263062, 19.1869888306, 7.25664758682, 26.6788482666], [-302.139068604, 104.30304718, 130.602935791, 28.2569923401, -11.8295021057, 52.4346389771, 22.6066646576, 220.890670776, 58.2741394043, 0.569469213486, 54.2391853333, 14.5904016495, 16.7686672211], [0.359804242849, -79.8166122437, 9.80680084229, 62.5629577637, 33.3811798096, 17.0050544739, 2.93167543411, 58.2741394043, 144.030136108, 29.832660675, 7.76893043518, 15.0420103073, 3.66388010979], [9.34227085114, 5.69903707504, -6.60246086121, -5.94518518448, 19.2104663849, 39.8368034363, 61.7160263062, 0.569469213486, 29.832660675, 113.882026672, 27.3954162598, -5.39166212082, 11.0299081802], [-390.676605225, 120.699745178, 152.433914185, -9.60765647888, 4.34068775177, 85.1950759888, 19.1869888306, 54.2391853333, 7.76893043518, 27.3954162598, 133.956420898, 17.9058189392, 8.60449028015], [-85.0261688232, -16.1791534424, 48.4331207275, 71.3496856689, 36.8513679504, 3.7931163311, 7.25664758682, 14.5904016495, 15.0420103073, -5.39166212082, 17.9058189392, 106.113967896, 20.2744560242], [-26.7373714447, 21.964176178, 13.4725065231, -1.5233694315, 3.34081339836, 27.1796607971, 26.6788482666, 16.7686672211, 3.66388010979, 11.0299081802, 8.60449028015, 20.2744560242, 72.8765716553]], "icov": [[0.000184431861271, 0.000108221378468, 0.000141482887557, -2.02200371859e-05, -2.72596680588e-05, 0.000192333944142, -0.000120195611089, 4.0391470975e-05, 2.00404501811e-05, -4.25369071309e-05, 0.000155858782819, 0.00010028109682, -6.81743476889e-05], [0.000108221378468, 0.000898633908946, -3.63391809515e-05, 1.3807401956e-05, 0.000116080584121, -9.95449408947e-06, -0.00032074082992, -0.000286693830276, 0.00057339615887, 6.31605216768e-05, -0.000360521546099, 0.000256097235251, -0.000109417822387], [0.000141482887557, -3.63391809515e-05, 0.0021059284918, 0.000135789363412, -0.000840913504362, -0.00043144900701, 0.000597911828663, -0.000777876819484, 0.000374975817977, 0.000321063562296, -0.00145086622797, -0.000371413421817, 4.31290172855e-05], [-2.02200371859e-05, 1.3807401956e-05, 0.000135789363412, 0.00413948297501, -0.00216620974243, -0.000556654587854, 0.00067016214598, -0.00058775692014, -0.000900390092283, 0.000271038123174, 0.000879808911122, -0.00220457278192, 0.000760348222684], [-2.72596680588e-05, 0.000116080584121, -0.000840913504362, -0.00216620974243, 0.00522099435329, 1.93124451471e-05, 0.000203673262149, 0.0009787165327, -0.000308931485051, -0.00113701587543, 0.000297685735859, -0.000134720525239, -0.000291163334623], [0.000192333944142, -9.95449408947e-06, -0.00043144900701, -0.000556654587854, 1.93124451471e-05, 0.00435715680942, -0.00133968645241, 0.000177229827386, -0.000248700147495, -0.000249141972745, -0.00164663838223, 0.001140601933, -0.00110725162085], [-0.000120195611089, -0.00032074082992, 0.000597911828663, 0.00067016214598, 0.000203673262149, -0.00133968645241, 0.00521498546004, -0.000731982348952, 0.000438889139332, -0.00250381720252, 0.00039958578418, -0.00128456403036, -0.000627260247711], [4.0391470975e-05, -0.000286693830276, -0.000777876819484, -0.00058775692014, 0.0009787165327, 0.000177229827386, -0.000731982348952, 0.00655374489725, -0.00295645580627, 0.00135961582419, -0.00157640664838, 0.000512007100042, -0.00113171036355], [2.00404501811e-05, 0.00057339615887, 0.000374975817977, -0.000900390092283, -0.000308931485051, -0.000248700147495, 0.000438889139332, -0.00295645580627, 0.00952695868909, -0.00281066447496, 0.000429694860941, -0.000619639584329, 0.000440990610514], [-4.25369071309e-05, 6.31605216768e-05, 0.000321063562296, 0.000271038123174, -0.00113701587543, -0.000249141972745, -0.00250381720252, 0.00135961582419, -0.00281066447496, 0.0120978308842, -0.00299699185416, 0.00177714601159, -0.00116978853475], [0.000155858782819, -0.000360521546099, -0.00145086622797, 0.000879808911122, 0.000297685735859, -0.00164663838223, 0.00039958578418, -0.00157640664838, 0.000429694860941, -0.00299699185416, 0.0124026890844, -0.00218182476237, 0.000843973481096], [0.00010028109682, 0.000256097235251, -0.000371413421817, -0.00220457278192, -0.000134720525239, 0.001140601933, -0.00128456403036, 0.000512007100042, -0.000619639584329, 0.00177714601159, -0.00218182476237, 0.0124383689836, -0.00352518563159], [-6.81743476889e-05, -0.000109417822387, 4.31290172855e-05, 0.000760348222684, -0.000291163334623, -0.00110725162085, -0.000627260247711, -0.00113171036355, 0.000440990610514, -0.00116978853475, 0.000843973481096, -0.00352518563159, 0.0156899970025]], "mean": [-722.844116211, 135.9740448, -5.75880002975, 22.8049144745, -3.67289948463, -7.33888053894, 4.53586435318, -8.04086208344, -2.56963777542, -1.14257609844, -7.18075275421, 1.81438648701, -0.468473464251]}, "pitch_salience": {"dmean": 0.0637147799134, "dmean2": 0.100701600313, "dvar": 0.00341787096113, "dvar2": 0.00819778908044, "max": 0.873461723328, "mean": 0.56179022789, "median": 0.578180849552, "min": 0.0839892625809, "var": 0.0159867350012}, "silence_rate_20dB": {"dmean": 0, "dmean2": 0, "dvar": 0, "dvar2": 0, "max": 1, "mean": 1, "median": 1, "min": 1, "var": 0}, "silence_rate_30dB": {"dmean": 0, "dmean2": 0, "dvar": 0, "dvar2": 0, "max": 1, "mean": 1, "median": 1, "min": 1, "var": 0}, "silence_rate_60dB": {"dmean": 0.0603139624, "dmean2": 0.120644539595, "dvar": 0.0566715970635, "dvar2": 0.122604034841, "max": 1, "mean": 0.262563675642, "median": 0, "min": 0, "var": 0.193645045161}, "spectral_centroid": {"dmean": 231.670013428, "dmean2": 337.990447998, "dvar": 105126.148438, "dvar2": 198049.625, "max": 11196.9111328, "mean": 1234.48632813, "median": 1005.81689453, "min": 143.140823364, "var": 552458.375}, "spectral_complexity": {"dmean": 2.0085375309, "dmean2": 3.17311668396, "dvar": 6.49272871017, "dvar2": 14.0913572311, "max": 49, "mean": 10.391160965, "median": 10, "min": 0, "var": 37.6249580383}, "spectral_contrast_coeffs": {"dmean": [0.0447863787413, 0.0431434474885, 0.0371256321669, 0.0306514222175, 0.0241090711206, 0.0185325816274], "dmean2": [0.0719476565719, 0.0701588690281, 0.0589690804482, 0.0477842129767, 0.035407666117, 0.0281510334462], "dvar": [0.00136608176399, 0.0012658276828, 0.00103776284959, 0.000761611096095, 0.000570519885514, 0.000311948882882], "dvar2": [0.0034237280488, 0.00319946510717, 0.00235162558965, 0.00158764794469, 0.00101825897582, 0.000649997964501], "max": [-0.324014514685, -0.394795387983, -0.397186756134, -0.459006220102, -0.500242710114, -0.522720336914], "mean": [-0.647378087044, -0.709231615067, -0.738337099552, -0.760017335415, -0.77533352375, -0.769249081612], "median": [-0.656341016293, -0.721351802349, -0.755450248718, -0.778983533382, -0.797860145569, -0.774208128452], "min": [-0.975620210171, -0.973389863968, -0.975667476654, -0.969792544842, -0.965532362461, -0.961551010609], "var": [0.00795005168766, 0.00729787349701, 0.0078724399209, 0.00597687624395, 0.00581455230713, 0.00261738384143]}, "spectral_contrast_valleys": {"dmean": [0.393689602613, 0.323572516441, 0.296963483095, 0.314365148544, 0.310509800911, 0.359656721354], "dmean2": [0.620117247105, 0.529206812382, 0.478358387947, 0.480394631624, 0.435184508562, 0.457370311022], "dvar": [0.13743956387, 0.0824371948838, 0.0813168659806, 0.12694644928, 0.144018694758, 0.18812482059], "dvar2": [0.27373662591, 0.181947350502, 0.160435155034, 0.233889043331, 0.233280673623, 0.29195278883], "max": [-5.71219730377, -5.35175561905, -5.5137014389, -5.86794757843, -5.57801961899, -7.40031480789], "mean": [-8.21060657501, -7.32097673416, -8.09793663025, -8.73148822784, -8.52920436859, -11.2794857025], "median": [-8.12513923645, -7.18936014175, -8.01275062561, -8.64705753326, -8.42585659027, -11.1491880417], "min": [-27.0717487335, -26.9303531647, -26.9906177521, -27.0114154816, -26.9936943054, -27.2737617493], "var": [1.10323894024, 0.891744196415, 1.01932919025, 0.980625450611, 1.11018490791, 1.27923941612]}, "spectral_decrease": {"dmean": 8.07188482721e-10, "dmean2": 1.09333786469e-09, "dvar": 1.32675138042e-18, "dvar2": 2.40367539749e-18, "max": 5.33723636765e-29, "mean": -2.95664492889e-09, "median": -1.81922177322e-09, "min": -2.0405677148e-08, "var": 8.85490559165e-18}, "spectral_energy": {"dmean": 0.00327465776354, "dmean2": 0.00440771132708, "dvar": 2.1892685254e-05, "dvar2": 3.87862091884e-05, "max": 0.0790549665689, "mean": 0.0122509086505, "median": 0.00733108166605, "min": 1.04691888046e-20, "var": 0.000158308743266}, "spectral_energyband_high": {"dmean": 0.000182331641554, "dmean2": 0.00025058502797, "dvar": 2.8414021358e-07, "dvar2": 5.48361015262e-07, "max": 0.0176234059036, "mean": 0.000432810746133, "median": 5.90087656747e-05, "min": 7.75445392779e-21, "var": 9.78664843387e-07}, "spectral_energyband_low": {"dmean": 0.00101785175502, "dmean2": 0.00136903801467, "dvar": 6.1305345298e-06, "dvar2": 1.12959378384e-05, "max": 0.0440813526511, "mean": 0.00220186146908, "median": 0.000604882719927, "min": 1.26998515183e-22, "var": 1.7534577637e-05}, "spectral_energyband_middle_high": {"dmean": 0.00121521484107, "dmean2": 0.00154504016973, "dvar": 7.68137579144e-06, "dvar2": 1.1095861737e-05, "max": 0.0611364878714, "mean": 0.00408956734464, "median": 0.000806691241451, "min": 1.42149352485e-21, "var": 5.81044987484e-05}, "spectral_energyband_middle_low": {"dmean": 0.00197075004689, "dmean2": 0.00294797169045, "dvar": 9.83964218904e-06, "dvar2": 2.14586234506e-05, "max": 0.0552072227001, "mean": 0.00579706160352, "median": 0.00348713435233, "min": 2.806691875e-22, "var": 4.44152537966e-05}, "spectral_entropy": {"dmean": 0.200441136956, "dmean2": 0.279719829559, "dvar": 0.0483569465578, "dvar2": 0.0854486748576, "max": 9.81185913086, "mean": 7.17900943756, "median": 7.14414596558, "min": 5.58249568939, "var": 0.22221660614}, "spectral_flux": {"dmean": 0.0146148027852, "dmean2": 0.0226120334119, "dvar": 0.000326665263856, "dvar2": 0.000714638095815, "max": 0.27635410428, "mean": 0.0483080744743, "median": 0.0396545790136, "min": 1.02319056006e-10, "var": 0.00135784444865}, "spectral_kurtosis": {"dmean": 2.04883885384, "dmean2": 3.3713452816, "dvar": 4.7371840477, "dvar2": 12.0223398209, "max": 37.0574913025, "mean": 6.08600234985, "median": 5.2169547081, "min": -1.24743485451, "var": 14.311255455}, "spectral_rms": {"dmean": 0.000436797592556, "dmean2": 0.000580595107749, "dvar": 2.5087257427e-07, "dvar2": 4.05192565722e-07, "max": 0.00878218654543, "mean": 0.00301248510368, "median": 0.00267437379807, "min": 3.19591033325e-12, "var": 2.87705665869e-06}, "spectral_rolloff": {"dmean": 376.479095459, "dmean2": 615.132141113, "dvar": 656822.625, "dvar2": 1364393, "max": 18884.6191406, "mean": 1352.13012695, "median": 925.927734375, "min": 21.533203125, "var": 1718809.5}, "spectral_skewness": {"dmean": 0.261670261621, "dmean2": 0.408150732517, "dvar": 0.0704120919108, "dvar2": 0.151506260037, "max": 4.69580602646, "mean": 1.75612711906, "median": 1.67697310448, "min": -0.0429737344384, "var": 0.354057103395}, "spectral_spread": {"dmean": 465904.9375, "dmean2": 658999.1875, "dvar": 481900920832, "dvar2": 753477615616, "max": 42075844, "mean": 3919539.75, "