{"lowlevel": {"average_loudness": 0.829942286015, "barkbands": {"dmean": [9.40801983234e-05, 0.00108555809129, 0.000956473289989, 0.00042691512499, 0.000435102760093, 0.000685938633978, 0.000283568690065, 0.000365106447134, 0.000743075623177, 0.000670988345519, 0.000746056030039, 0.000576224643737, 0.000365329440683, 0.000366132182535, 0.000365101994248, 0.000330027018208, 0.000260863977019, 0.000236601699726, 0.000308046262944, 0.000303641281789, 0.00015293272736, 0.000134708359838, 7.91820129962e-05, 9.48623273871e-05, 9.02064930415e-05, 2.14810752368e-05, 4.10022494179e-07], "dmean2": [0.000139981028042, 0.00184196373448, 0.00146975065582, 0.00067560642492, 0.000716326583643, 0.00104608666152, 0.000436913833255, 0.000543159490917, 0.00107658328488, 0.000997803523205, 0.00110192527063, 0.000844489899464, 0.000554808706511, 0.000555887992959, 0.000540295674, 0.000497866538353, 0.000385184073821, 0.000357513607014, 0.000445567886345, 0.000426488259109, 0.000212787126657, 0.000183166819625, 0.000104929407826, 0.000127826235257, 0.00012332823826, 2.90704429062e-05, 6.44508986625e-07], "dvar": [3.18056976312e-08, 6.63851415084e-06, 6.66045207254e-06, 1.17192985272e-06, 5.2663739325e-07, 1.50750133798e-06, 3.36728447792e-07, 6.77711341268e-07, 2.5297817956e-06, 2.46966305895e-06, 3.85670318792e-06, 1.95659549718e-06, 8.06807122444e-07, 9.97058123176e-07, 9.07054129584e-07, 5.89479213886e-07, 3.29448198499e-07, 2.18274763597e-07, 4.11735271655e-07, 4.52114989002e-07, 8.14428346985e-08, 7.68120074213e-08, 2.25026894896e-08, 6.69079156523e-08, 1.04969487325e-07, 1.37367930364e-08, 3.23100261823e-11], "dvar2": [6.31735801448e-08, 1.82961939572e-05, 1.30987682496e-05, 2.5869660476e-06, 1.39994847359e-06, 3.53379687112e-06, 8.23882146506e-07, 1.39780752306e-06, 4.98041708852e-06, 5.11172856932e-06, 7.6133787843e-06, 3.96795303459e-06, 1.7935658434e-06, 2.22834023589e-06, 1.87848138467e-06, 1.27363932734e-06, 7.02823115262e-07, 5.09007520577e-07, 8.63182322064e-07, 8.68545384947e-07, 1.59848696057e-07, 1.5363328032e-07, 4.2375152276e-08, 1.30677065613e-07, 1.68532125144e-07, 2.3834418883e-08, 8.30679136588e-11], "max": [0.0034069577232, 0.031331051141, 0.0431181117892, 0.025076918304, 0.010809131898, 0.0232932940125, 0.0183494836092, 0.0177404880524, 0.0332431383431, 0.0549321845174, 0.0719685703516, 0.0357943288982, 0.0187507588416, 0.0225347578526, 0.0267548635602, 0.0158538166434, 0.0146144479513, 0.0093129761517, 0.0169597249478, 0.0245660003275, 0.00514135649428, 0.00516215711832, 0.00228222436272, 0.00918356142938, 0.0154918394983, 0.00733939837664, 0.00037899313611], "mean": [0.000129763706354, 0.00155269971583, 0.00135609239805, 0.00064495386323, 0.000728668877855, 0.00122251850553, 0.00057737500174, 0.00065153662581, 0.00157676485833, 0.00124195066746, 0.00131395086646, 0.000967489788309, 0.000571817450691, 0.000557810300961, 0.000621735700406, 0.000522501824889, 0.000447660306236, 0.00038150412729, 0.000558428931981, 0.000587343354709, 0.000249875942245, 0.000229756042245, 0.000119848547911, 0.000149449566379, 0.000136693575769, 3.0656105082e-05, 4.65386563064e-07], "median": [4.00819481001e-05, 0.000936177559197, 0.000448151666205, 0.000171967127244, 0.000398918346036, 0.000626309833024, 0.000317523750709, 0.000222100075916, 0.000396835268475, 0.000314742472256, 0.000345853244653, 0.000287773145828, 0.000185848810361, 0.00017263754853, 0.000173931985046, 0.000160717318067, 0.000160616167705, 0.000134280504426, 0.000188648991752, 0.00016243752907, 8.16975662019e-05, 6.10344504821e-05, 3.26672598021e-05, 3.95991773985e-05, 3.22928572132e-05, 6.61453805151e-06, 1.12165857047e-07], "min": [5.81743453099e-25, 4.9925109481e-24, 1.25907051968e-24, 1.4735176236e-24, 1.02008053305e-23, 6.30156290587e-24, 8.28852445469e-24, 1.04063943153e-23, 1.53524038852e-23, 1.70855723147e-23, 1.6657817222e-23, 2.13056989009e-23, 2.88081842058e-23, 2.49286798699e-23, 5.04914840008e-23, 6.36826204204e-23, 7.7953385564e-23, 1.06322496101e-22, 1.44199128661e-22, 1.6481402049e-22, 3.05953403825e-22, 3.38537297204e-22, 4.24301497513e-22, 6.17315894347e-22, 8.05403103833e-22, 1.2779963688e-21, 2.03943460093e-21], "var": [6.02949796757e-08, 5.92607648287e-06, 9.41197504289e-06, 2.83686358671e-06, 8.89465070486e-07, 2.86022441287e-06, 8.79815559074e-07, 1.68966801084e-06, 1.23759027701e-05, 1.15686034405e-05, 1.14384811241e-05, 4.50273137176e-06, 1.46405943724e-06, 1.84491545951e-06, 2.98124018627e-06, 1.24649466215e-06, 7.7184517977e-07, 4.2726077254e-07, 9.39142751122e-07, 1.49299262375e-06, 1.91931533777e-07, 1.92347016537e-07, 4.69557868144e-08, 1.30860385639e-07, 2.29114462513e-07, 2.88589436792e-08, 2.77993270764e-11]}, "barkbands_crest": {"dmean": 2.28108549118, "dmean2": 3.63536691666, "dvar": 4.84022331238, "dvar2": 11.6478157043, "max": 25.2798519135, "mean": 8.25107383728, "median": 7.4764623642, "min": 2.09581780434, "var": 14.1399745941}, "barkbands_flatness_db": {"dmean": 0.0178761593997, "dmean2": 0.0259416084737, "dvar": 0.000327017623931, "dvar2": 0.000689352978952, "max": 0.374467730522, "mean": 0.101095028222, "median": 0.0971320196986, "min": 0.0239503141493, "var": 0.00142983999103}, "barkbands_kurtosis": {"dmean": 1.77025425434, "dmean2": 2.7738494873, "dvar": 72.6145324707, "dvar2": 144.75390625, "max": 348.428375244, "mean": 1.57752525806, "median": 0.0841028541327, "min": -1.91389608383, "var": 119.754882813}, "barkbands_skewness": {"dmean": 0.442798107862, "dmean2": 0.648688077927, "dvar": 0.354537278414, "dvar2": 0.74006319046, "max": 17.4506549835, "mean": 0.71747726202, "median": 0.592477500439, "min": -2.68385052681, "var": 1.28572177887}, "barkbands_spread": {"dmean": 6.1174249649, "dmean2": 8.9914484024, "dvar": 48.957244873, "dvar2": 101.080528259, "max": 138.037567139, "mean": 27.5860042572, "median": 25.5233974457, "min": 1.21468734741, "var": 168.914993286}, "dissonance": {"dmean": 0.0165461134166, "dmean2": 0.0278605837375, "dvar": 0.000311473791953, "dvar2": 0.000815357663669, "max": 0.499999940395, "mean": 0.468823313713, "median": 0.475385457277, "min": 0.27209803462, "var": 0.000625361746643}, "dynamic_complexity": 3.904910326, "erbbands": {"dmean": [0.0204181671143, 0.294256567955, 1.14291334152, 1.06576144695, 1.35403871536, 1.31312596798, 3.75182032585, 6.9458193779, 4.4303855896, 4.77427387238, 8.92135620117, 16.9915313721, 20.8013114929, 19.8345050812, 27.8798961639, 19.0542907715, 15.2776622772, 15.9302558899, 18.372209549, 17.6787433624, 16.0195789337, 13.7875776291, 11.4283781052, 15.367939949, 13.1029720306, 13.3194284439, 8.29050064087, 4.80146694183, 5.0417432785, 3.57682681084, 2.05686211586, 1.88502323627, 1.61921226978, 0.980982482433, 0.678831040859, 0.177813068032, 0.023988166824, 0.00308372592553, 7.1428330557e-05, 9.5253381005e-06], "dmean2": [0.0344894528389, 0.496089607477, 1.78051662445, 1.64543139935, 2.21806907654, 2.18535208702, 5.81486225128, 10.6811571121, 6.86699581146, 7.20008563995, 13.1167173386, 24.4917869568, 30.9342746735, 28.6530685425, 40.9050750732, 28.0601558685, 22.9460449219, 23.8679943085, 27.1694793701, 25.0212650299, 23.1471881866, 20.1641082764, 16.6421699524, 22.5609874725, 18.2788314819, 18.3361434937, 11.3582897186, 6.52152872086, 6.89035320282, 4.77246570587, 2.72155213356, 2.56078863144, 2.21363043785, 1.32364714146, 0.945149600506, 0.243712887168, 0.0331551134586, 0.00449355551973, 0.000100081524579, 1.20305994642e-05], "dvar": [0.00129174196627, 0.551503419876, 9.47931671143, 5.94449615479, 9.12697887421, 4.90217113495, 41.8808822632, 179.164428711, 80.2640380859, 105.865257263, 378.719665527, 1518.43688965, 2307.77612305, 2016.73864746, 5526.08496094, 1994.53820801, 1296.71313477, 1861.47961426, 2767.85253906, 2090.48901367, 1206.3560791, 910.104797363, 461.182128906, 989.446228027, 843.206970215, 802.542236328, 261.770965576, 91.2841873169, 114.751861572, 50.4599685669, 15.7375497818, 18.3866519928, 27.2246265411, 11.7069330215, 6.56135034561, 0.655786693096, 0.0239489674568, 0.00249191001058, 8.63812829266e-07, 8.53726311867e-10], "dvar2": [0.00354418135248, 1.49303257465, 20.216091156, 14.0071649551, 22.0711212158, 13.1832466125, 97.8175430298, 433.613494873, 193.560943604, 229.216918945, 778.397277832, 2918.23706055, 4965.01855469, 3917.65917969, 11441.5048828, 4163.47558594, 2929.93139648, 4024.48779297, 6090.49902344, 3748.50610352, 2491.18920898, 1998.78833008, 985.124389648, 2076.62353516, 1706.68151855, 1541.77600098, 474.448608398, 173.621368408, 232.136474609, 100.979728699, 29.8108406067, 36.3295478821, 56.1875915527, 21.5652637482, 10.3752031326, 1.11840999126, 0.0377849824727, 0.00633208593354, 2.15667910197e-06, 1.73391800917e-09], "max": [0.434767067432, 8.38691997528, 46.9385070801, 40.1175231934, 61.6498336792, 33.0155639648, 151.45942688, 229.379013062, 284.584625244, 375.370330811, 428.291656494, 949.543273926, 2188.72021484, 1341.64233398, 1782.1126709, 1160.7689209, 825.915893555, 1167.87695313, 1662.25219727, 1414.92199707, 895.120239258, 876.654418945, 461.97668457, 740.693786621, 845.809387207, 910.104370117, 341.998260498, 183.164215088, 201.012588501, 141.7628479, 57.8078193665, 120.883911133, 220.480773926, 129.030944824, 136.436904907, 43.613986969, 10.2002725601, 3.35285162926, 0.0632623881102, 0.00198457064107], "mean": [0.029386555776, 0.413101136684, 1.59357118607, 1.7781380415, 1.98059368134, 2.14789152145, 6.49463510513, 11.7025165558, 9.28044605255, 10.005279541, 16.9886837006, 36.8826637268, 43.5185508728, 37.4481391907, 54.1384887695, 34.7311286926, 25.9418678284, 28.016254425, 33.2042922974, 30.8915596008, 28.4286251068, 25.2907371521, 20.8846817017, 27.971031189, 26.3635311127, 26.7680988312, 15.9637022018, 7.93588972092, 8.492436409, 5.86295080185, 3.15082383156, 2.953363657, 2.47848200798, 1.44156682491, 0.99915355444, 0.261514425278, 0.0342992022634, 0.00388573063537, 0.000104341954284, 2.82600904029e-05], "median": [0.0158961154521, 0.244364321232, 0.609874844551, 0.707322657108, 0.712818026543, 1.2226973772, 3.23715305328, 5.64561319351, 5.21237277985, 4.76162433624, 7.01954889297, 9.3447227478, 12.2705440521, 14.2442436218, 15.7192926407, 12.4060573578, 10.0160980225, 10.1685409546, 11.0980796814, 10.4796094894, 10.3050346375, 9.67063617706, 8.41551113129, 9.07717323303, 9.31545639038, 7.77778768539, 4.69943857193, 2.80287528038, 2.23645353317, 1.60581171513, 0.874438226223, 0.747279286385, 0.651699185371, 0.350701451302, 0.213225334883, 0.0588201619685, 0.0081021534279, 0.000912554969545, 3.52917377313e-05, 2.186229176e-05], "min": [1.34901513058e-22, 1.13494319629e-21, 2.69234324299e-21, 5.07290967309e-21, 2.24130677735e-20, 1.97533492932e-20, 6.48911493697e-20, 9.03444920196e-20, 1.59589713339e-19, 2.30883919196e-19, 4.50582908944e-19, 3.69678932321e-19, 4.56491356662e-19, 5.15288440277e-19, 6.44308970296e-19, 1.20564924361e-18, 1.4051422531e-18, 2.46157741998e-18, 2.83688580751e-18, 3.78668105663e-18, 4.02319846353e-18, 5.72717894486e-18, 5.68860709931e-18, 6.55763105674e-18, 7.85959307497e-18, 8.1677286065e-18, 1.06187665047e-17, 1.10403250418e-17, 1.21928655678e-17, 1.20432831889e-17, 1.09873755565e-17, 1.23735267767e-17, 9.84411599695e-18, 7.61366069833e-18, 6.3294433586e-18, 4.23535250627e-18, 2.43067147076e-18, 9.92762525647e-19, 2.53214900603e-19, 2.85052190576e-20], "var": [0.00159173842985, 0.483735769987, 11.9733829498, 11.6078910828, 17.180475235, 7.72801685333, 85.0909881592, 314.000427246, 203.437835693, 395.549255371, 885.270629883, 7649.78320313, 14298.0263672, 6188.71533203, 18955.5410156, 4664.57958984, 2420.49536133, 4074.69702148, 9491.84960938, 4730.30029297, 2728.25610352, 2116.92016602, 1111.69335938, 2270.3125, 2311.24462891, 2581.63427734, 863.271240234, 185.574569702, 274.960906982, 113.861213684, 32.2846336365, 37.6959152222, 46.8471069336, 22.1387329102, 14.370631218, 1.44024181366, 0.0492194406688, 0.00225400249474, 8.42674694468e-07, 1.6166969985e-09]}, "erbbands_crest": {"dmean": 2.50494289398, "dmean2": 3.90823221207, "dvar": 6.50972747803, "dvar2": 14.7613782883, "max": 32.2727661133, "mean": 8.75912189484, "median": 7.46793317795, "min": 2.09649586678, "var": 22.2209072113}, "erbbands_flatness_db": {"dmean": 0.0173598155379, "dmean2": 0.0240270514041, "dvar": 0.000288785900921, "dvar2": 0.000544655718841, "max": 0.344655781984, "mean": 0.15722733736, "median": 0.155405476689, "min": 0.0275226328522, "var": 0.00154728500638}, "erbbands_kurtosis": {"dmean": 0.842399120331, "dmean2": 1.27078282833, "dvar": 1.95529842377, "dvar2": 4.26341724396, "max": 31.2515144348, "mean": 0.424632132053, "median": -0.200508579612, "min": -1.67220771313, "var": 4.63915777206}, "erbbands_skewness": {"dmean": 0.317804217339, "dmean2": 0.462223172188, "dvar": 0.092174552381, "dvar2": 0.189925640821, "max": 4.33140420914, "mean": 0.201732337475, "median": 0.141129091382, "min": -2.84099316597, "var": 0.532354772091}, "erbbands_spread": {"dmean": 7.08241081238, "dmean2": 10.4239044189, "dvar": 66.8472213745, "dvar2": 145.873809814, "max": 143.707687378, "mean": 33.9380493164, "median": 32.0694122314, "min": 3.34614419937, "var": 226.087280273}, "gfcc": {"cov": [[24779.0449219, 475.426605225, -2395.58056641, 713.883117676, -1278.23693848, 473.329711914, -765.792541504, 264.516204834, -501.016662598, 15.9667711258, -222.576431274, -114.939048767, -66.7848587036], [475.426605225, 1135.45239258, -119.437133789, -77.0351104736, 160.506439209, -116.330909729, 135.441207886, -114.744796753, 64.0645065308, -33.1450653076, 15.2452316284, -0.126284152269, -23.3810882568], [-2395.58056641, -119.437133789, 716.616088867, 65.8984527588, 154.464569092, 64.5964431763, 17.7396354675, -2.02922725677, 51.0901870728, -2.26756238937, -18.6276626587, 30.923204422, -22.725933075], [713.883117676, -77.0351104736, 65.8984527588, 283.3097229, 39.4835128784, 28.5579013824, -70.8189315796, 13.7784643173, 0.00202190107666, -11.1056585312, -26.0669517517, -22.6969299316, -2.53661131859], [-1278.23693848, 160.506439209, 154.464569092, 39.4835128784, 267.394104004, -1.32944202423, 65.3715667725, -28.7387046814, 44.3681716919, -2.88457107544, 7.08969402313, -7.8763384819, -12.9947433472], [473.329711914, -116.330909729, 64.5964431763, 28.5579013824, -1.32944202423, 178.774917603, 21.9735355377, 15.2367048264, -23.4510269165, -1.4950902462, -9.46232032776, -1.36280810833, -30.5704059601], [-765.792541504, 135.441207886, 17.7396354675, -70.8189315796, 65.3715667725, 21.9735355377, 200.997955322, 2.24410939217, 5.53367614746, -12.507194519, 16.9621524811, -0.104784421623, -17.0018806458], [264.516204834, -114.744796753, -2.02922725677, 13.7784643173, -28.7387046814, 15.2367048264, 2.24410939217, 141.970977783, -13.9452238083, 9.52980232239, 11.3113508224, -39.5868759155, 17.2304039001], [-501.016662598, 64.0645065308, 51.0901870728, 0.00202190107666, 44.3681716919, -23.4510269165, 5.53367614746, -13.9452238083, 121.361083984, 15.237496376, -11.4028139114, 22.796333313, -4.46298980713], [15.9667711258, -33.1450653076, -2.26756238937, -11.1056585312, -2.88457107544, -1.4950902462, -12.507194519, 9.52980232239, 15.237496376, 80.5699462891, 27.9484539032, -4.09756946564, 12.1487569809], [-222.576431274, 15.2452316284, -18.6276626587, -26.0669517517, 7.08969402313, -9.46232032776, 16.9621524811, 11.3113508224, -11.4028139114, 27.9484539032, 102.506774902, -5.3725938797, 23.3573112488], [-114.939048767, -0.126284152269, 30.923204422, -22.6969299316, -7.8763384819, -1.36280810833, -0.104784421623, -39.5868759155, 22.796333313, -4.09756946564, -5.3725938797, 118.866462708, 2.02731633186], [-66.7848587036, -23.3810882568, -22.725933075, -2.53661131859, -12.9947433472, -30.5704059601, -17.0018806458, 17.2304039001, -4.46298980713, 12.1487569809, 23.3573112488, 2.02731633186, 86.0719680786]], "icov": [[0.000228586039157, -0.000457490968984, 0.000644270039629, -0.000661706610117, 0.000759085058235, -0.000942720274907, 0.000692352768965, -0.000545763934497, 0.000519180961419, -0.000418511743192, 0.000427638675319, -0.000313262746204, 0.000206809359952], [-0.000457490968984, 0.00220561167225, -0.000971397268586, 0.00143451220356, -0.00213239178993, 0.00257830740884, -0.00204882444814, 0.00192669976968, -0.00149141089059, 0.00131450267509, -0.0010612285696, 0.000900856917724, -0.000162738724612], [0.000644270039629, -0.000971397268586, 0.00363873806782, -0.00199923245236, 0.000966493156739, -0.00312066590413, 0.00198887218721, -0.0016677005915, 0.000951557187364, -0.00104971113615, 0.00133950088639, -0.00140305247623, 0.000769163190853], [-0.000661706610117, 0.00143451220356, -0.00199923245236, 0.00641746772453, -0.0033714203164, 0.00192556623369, -2.81489246845e-05, 0.00116314110346, -0.001549929264, 0.0020079605747, -0.000550209544599, 0.00164807518013, -0.000779278110713], [0.000759085058235, -0.00213239178993, 0.000966493156739, -0.0033714203164, 0.00826672557741, -0.00295132771134, 0.000592606782448, -0.000825845287181, 0.00042215391295, -0.00146948627662, 0.000723013887182, -3.4595715988e-05, 0.000681696634274], [-0.000942720274907, 0.00257830740884, -0.00312066590413, 0.00192556623369, -0.00295132771134, 0.0110567808151, -0.00429545622319, 0.00192630896345, -0.000691728608217, 0.00107330235187, -0.00148066494148, 0.000914368021768, 0.00164199061692], [0.000692352768965, -0.00204882444814, 0.00198887218721, -2.81489246845e-05, 0.000592606782448, -0.00429545622319, 0.00917988363653, -0.00284164235927, 0.00158796820324, 0.000100394907349, 0.00027489635977, -0.00111748231575, 0.00147085567005], [-0.000545763934497, 0.00192669976968, -0.0016677005915, 0.00116314110346, -0.000825845287181, 0.00192630896345, -0.00284164235927, 0.0104207806289, -0.00161834585015, 0.000739574141335, -0.00159181607887, 0.00386776775122, -0.00224148901179], [0.000519180961419, -0.00149141089059, 0.000951557187364, -0.001549929264, 0.00042215391295, -0.000691728608217, 0.00158796820324, -0.00161834585015, 0.0115633485839, -0.00397139275447, 0.00292421248741, -0.00280156265944, 0.001091541606], [-0.000418511743192, 0.00131450267509, -0.00104971113615, 0.0020079605747, -0.00146948627662, 0.00107330235187, 0.000100394907349, 0.000739574141335, -0.00397139275447, 0.0159693434834, -0.00511029269546, 0.00151723704766, -0.00126340484712], [0.000427638675319, -0.0010612285696, 0.00133950088639, -0.000550209544599, 0.000723013887182, -0.00148066494148, 0.00027489635977, -0.00159181607887, 0.00292421248741, -0.00511029269546, 0.0131047302857, -0.000645009567961, -0.00233088782988], [-0.000313262746204, 0.000900856917724, -0.00140305247623, 0.00164807518013, -3.4595715988e-05, 0.000914368021768, -0.00111748231575, 0.00386776775122, -0.00280156265944, 0.00151723704766, -0.000645009567961, 0.0106707056984, -0.00143142882735], [0.000206809359952, -0.000162738724612, 0.000769163190853, -0.000779278110713, 0.000681696634274, 0.00164199061692, 0.00147085567005, -0.00224148901179, 0.001091541606, -0.00126340484712, -0.00233088782988, -0.00143142882735, 0.0142410984263]], "mean": [-25.0536518097, 75.9668884277, -133.54145813, 30.1251163483, -61.3330497742, 18.4695148468, -34.3757858276, 17.5854091644, -27.9672145844, 7.13707828522, -14.5725049973, 2.87195754051, -6.75269842148]}, "hfc": {"dmean": 7.62550067902, "dmean2": 9.16369533539, "dvar": 117.162986755, "dvar2": 180.653396606, "max": 300.295562744, "mean": 23.0270729065, "median": 15.6385059357, "min": 1.09292508983e-16, "var": 532.624755859}, "melbands": {"dmean": [0.00023662354215, 0.00052419147687, 0.000193865125766, 8.88863942237e-05, 0.000113572226837, 0.000144515710417, 6.39178251731e-05, 5.94885750616e-05, 8.00605412223e-05, 0.000113280933874, 0.00010811878019, 8.3605904365e-05, 9.28901790758e-05, 7.09798696334e-05, 4.28763123637e-05, 3.66900385416e-05, 3.28533060383e-05, 3.31175178871e-05, 2.66651077254e-05, 2.58987420239e-05, 1.96990476979e-05, 1.70594375959e-05, 1.05623421405e-05, 1.12013694888e-05, 1.39445073728e-05, 1.20362365124e-05, 1.01041368907e-05, 9.9233320725e-06, 6.85375198373e-06, 3.3338042158e-06, 2.91119226858e-06, 3.0422997952e-06, 2.62069988821e-06, 1.86078057141e-06, 1.31099614009e-06, 9.43755878779e-07, 1.32330569613e-06, 1.27948487716e-06, 9.31364468215e-07, 8.18356454602e-07], "dmean2": [0.000398981530452, 0.000825751281809, 0.000298174272757, 0.00014946211013, 0.000175192210008, 0.000221081922064, 9.92433342617e-05, 8.96014898899e-05, 0.000117658841191, 0.000162106109201, 0.000160972092999, 0.000121522396512, 0.000136321104947, 0.000102516285551, 6.43026796752e-05, 5.5857366533e-05, 4.93589468533e-05, 4.96140019095e-05, 3.91856083297e-05, 3.82936341339e-05, 2.89839263132e-05, 2.55129743891e-05, 1.55219713633e-05, 1.67844464158e-05, 2.09670652112e-05, 1.77004894795e-05, 1.45328031067e-05, 1.41776527016e-05, 9.69471238932e-06, 4.78206311527e-06, 4.07352081311e-06, 4.27396344094e-06, 3.6596704831e-06, 2.54256519838e-06, 1.78589175448e-06, 1.29419220229e-06, 1.84555131e-06, 1.7943768853e-06, 1.29830766582e-06, 1.133032697e-06], "dvar": [2.40178394506e-07, 1.86216004749e-06, 1.88400832712e-07, 2.92502821964e-08, 3.58838398995e-08, 7.3180061122e-08, 1.59608273265e-08, 1.56650425964e-08, 2.93488948699e-08, 6.71789237572e-08, 6.201779712e-08, 3.48633903968e-08, 6.34767616248e-08, 2.97270386085e-08, 1.19385461517e-08, 9.58568247e-09, 9.11712927376e-09, 9.3178211813e-09, 4.4074974781e-09, 4.50820936138e-09, 2.17979501116e-09, 1.52925705432e-09, 5.08506459163e-10, 5.08718733805e-10, 9.47628864267e-10, 1.10021114441e-09, 7.06062430744e-10, 5.03892483295e-10, 2.23990409554e-10, 4.35508955288e-11, 3.84630903516e-11, 4.51173473581e-11, 3.50025945728e-11, 1.37080633303e-11, 6.82579904057e-12, 3.41411556144e-12, 1.09264533185e-11, 1.92564107021e-11, 7.57447576882e-12, 9.51329119647e-12], "dvar2": [6.6410530053e-07, 4.26505448559e-06, 4.13553891576e-07, 7.905538979e-08, 8.3482937896e-08, 1.7613331238e-07, 3.90767489478e-08, 3.31447544966e-08, 5.90129616285e-08, 1.26636010123e-07, 1.32216470661e-07, 6.78652938291e-08, 1.30321964775e-07, 5.8554089577e-08, 2.59365151578e-08, 2.155744383e-08, 1.9356791725e-08, 2.09064303647e-08, 8.74824124253e-09, 9.02976449169e-09, 4.52784387761e-09, 3.3366398533e-09, 1.10569708944e-09, 1.15063114592e-09, 2.07433759059e-09, 2.50014653425e-09, 1.32942457043e-09, 1.03158281917e-09, 4.38813541059e-10, 8.9027583916e-11, 7.80989092841e-11, 9.54228085437e-11, 7.68362179437e-11, 2.74171484127e-11, 1.36098415524e-11, 6.60648055359e-12, 2.2185838236e-11, 4.12260156568e-11, 1.50859116865e-11, 1.75759823362e-11], "max": [0.00656416872516, 0.0186773128808, 0.0084252236411, 0.00251675536856, 0.00453005591407, 0.0051751374267, 0.00384155707434, 0.00336770131253, 0.00346293090843, 0.0064925448969, 0.0108317472041, 0.00501268869266, 0.00848809350282, 0.00438298517838, 0.00262335781008, 0.00248889718205, 0.00261007412337, 0.0027646694798, 0.00200675311498, 0.00165997142904, 0.00142672017682, 0.00102552049793, 0.000620663282461, 0.000453495158581, 0.000768479134422, 0.00117220752873, 0.00114309543278, 0.000750129285734, 0.000395055656554, 0.000120974254969, 0.000114714523079, 0.00012000073184, 0.000130953427288, 6.02291765972e-05, 3.96037612518e-05, 3.83661827073e-05, 9.22411272768e-05, 0.000198507041205, 6.78661090205e-05, 0.000128979867441], "mean": [0.000358963763574, 0.000747340149246, 0.000332560302923, 0.00013363196922, 0.000204690877581, 0.000252974947216, 0.000133112640469, 0.000118690040836, 0.000147295606439, 0.000243260714342, 0.000218133878661, 0.0001487518457, 0.000172169646248, 0.000128875428345, 6.57244381728e-05, 5.64749207115e-05, 5.21586407558e-05, 5.39576467418e-05, 4.3911542889e-05, 4.05027276429e-05, 3.12599113386e-05, 2.82017790596e-05, 1.84229375009e-05, 1.8040291252e-05, 2.33575246966e-05, 2.03963300009e-05, 1.80316383194e-05, 1.83329211723e-05, 1.21240709632e-05, 5.26049325345e-06, 4.34221237811e-06, 4.79049958813e-06, 4.43022008767e-06, 2.81709390038e-06, 1.8909162236e-06, 1.43758950344e-06, 1.99670080292e-06, 1.89510456039e-06, 1.35921254696e-06, 1.14767760806e-06], "median": [0.000215305553866, 0.000383502861951, 0.000138191753649, 6.46182306809e-05, 0.000107781139377, 0.000130401080241, 7.7217213402e-05, 4.97198852827e-05, 5.26426229044e-05, 5.63296889595e-05, 5.64395450056e-05, 5.17683656653e-05, 4.64947734145e-05, 3.55923439201e-05, 1.89173661056e-05, 1.77809160959e-05, 1.57396370923e-05, 1.58199982252e-05, 1.32987388497e-05, 1.19578844533e-05, 1.06700190372e-05, 9.90920943877e-06, 6.90809338266e-06, 6.46965690976e-06, 6.66486585033e-06, 6.48219474897e-06, 5.55722272111e-06, 4.57556734546e-06, 2.96542043543e-06, 1.67558482644e-06, 1.2272736285e-06, 1.20532661185e-06, 1.08915139663e-06, 7.77627235493e-07, 4.71823000225e-07, 3.61021704975e-07, 4.48647853091e-07, 4.41437407517e-07, 3.30053978814e-07, 2.42194346356e-07], "min": [2.06086874375e-24, 2.23945206155e-24, 1.74949272268e-24, 1.23390812478e-24, 2.45654875203e-24, 1.99728379377e-24, 2.60934953165e-24, 2.36864538971e-24, 3.71348145865e-24, 2.04309827135e-24, 2.35526709762e-24, 2.05876564057e-24, 2.39446697651e-24, 2.42545067185e-24, 3.47580240108e-24, 3.8644122435e-24, 3.76067269573e-24, 3.36323786636e-24, 4.0078496386e-24, 5.0589081872e-24, 3.80570837038e-24, 5.31109912999e-24, 4.2209481848e-24, 4.66436808292e-24, 4.43510064918e-24, 4.09536350085e-24, 5.60926409747e-24, 4.86534183701e-24, 6.06910137432e-24, 4.40087670766e-24, 5.97626901185e-24, 6.50541639669e-24, 5.81310812196e-24, 5.26580037023e-24, 6.46806580498e-24, 5.17073908127e-24, 6.35866933566e-24, 6.90203909376e-24, 6.18951783606e-24, 6.03758125356e-24], "var": [2.48339006248e-07, 2.15680938709e-06, 4.22706676773e-07, 4.11576444037e-08, 7.82581182079e-08, 1.32223789251e-07, 3.91853767212e-08, 5.65929241247e-08, 7.88999230394e-08, 3.58296830427e-07, 3.65910807432e-07, 1.01130090968e-07, 1.92436601765e-07, 8.68554010935e-08, 2.16892459548e-08, 1.7224751403e-08, 1.9198644452e-08, 2.73566360676e-08, 1.11607878495e-08, 9.59317691951e-09, 4.16247480928e-09, 3.22722293333e-09, 1.15929965627e-09, 9.14730846624e-10, 1.90293136804e-09, 1.74909942086e-09, 1.89570692477e-09, 1.37671196665e-09, 6.49110654116e-10, 8.8932555764e-11, 7.23137036363e-11, 9.1922996992e-11, 8.60160484506e-11, 2.73551441915e-11, 1.2941704132e-11, 7.12831660019e-12, 2.09140343932e-11, 3.08691995576e-11, 1.37780143197e-11, 1.74447262191e-11]}, "melbands_crest": {"dmean": 3.16286826134, "dmean2": 5.07619380951, "dvar": 10.0605974197, "dvar2": 24.1717281342, "max": 39.1512107849, "mean": 11.8585367203, "median": 10.6982221603, "min": 1.00408637524, "var": 29.5268993378}, "melbands_flatness_db": {"dmean": 0.0237002559006, "dmean2": 0.032945625484, "dvar": 0.000584248453379, "dvar2": 0.00117661710829, "max": 0.44868132472, "mean": 0.147157907486, "median": 0.144219771028, "min": -6.04005663263e-08, "var": 0.00312522449531}, "melbands_kurtosis": {"dmean": 5.29451179504, "dmean2": 8.27037906647, "dvar": 997.160766602, "dvar2": 2360.70629883, "max": 1548.73779297, "mean": 6.91639757156, "median": 2.22764515877, "min": -1.73936319351, "var": 1366.03320313}, "melbands_skewness": {"dmean": 0.601935982704, "dmean2": 0.894150912762, "dvar": 1.0132433176, "dvar2": 2.29248523712, "max": 35.5671577454, "mean": 1.61927735806, "median": 1.32606315613, "min": -1.51396179199, "var": 2.84645199776}, "melbands_spread": {"dmean": 9.5211687088, "dmean2": 13.6394100189, "dvar": 153.474761963, "dvar2": 301.935546875, "max": 224.735122681, "mean": 38.0045127869, "median": 32.1671180725, "min": 0.451299488544, "var": 597.178649902}, "mfcc": {"cov": [[11080.3330078, -16.9276218414, -218.465927124, 70.4077758789, -72.5710754395, -45.7777366638, 18.4648189545, 15.5495357513, -57.9715881348, 23.0426940918, -114.410057068, -66.9555892944, -29.5562534332], [-16.9276218414, 1295.68322754, -179.992477417, 100.673355103, -49.6368331909, 81.5819854736, 20.6526222229, 24.194021225, 13.7279930115, -28.517282486, 55.1121864319, -5.63000917435, 29.9487991333], [-218.465927124, -179.992477417, 412.628479004, 1.44534373283, 90.1690139771, 37.8707008362, -1.95391273499, 20.265953064, 25.673789978, -32.7850189209, 26.591337204, 14.4137554169, -16.7040157318], [70.4077758789, 100.673355103, 1.44534373283, 228.289169312, 80.85572052, 19.6769790649, -13.9624176025, 2.28057789803, 13.0755739212, 9.95961284637, -30.8209590912, 20.7236118317, -3.21485233307], [-72.5710754395, -49.6368331909, 90.1690139771, 80.85572052, 207.654220581, 22.4638061523, -2.66520929337, -11.3085336685, 13.848233223, 19.0677776337, -19.1937580109, 24.5808811188, -0.517050027847], [-45.7777366638, 81.5819854736, 37.8707008362, 19.6769790649, 22.4638061523, 203.675430298, -16.272480011, 45.302570343, 1.1568505764, -35.4367485046, 41.3277130127, -32.4211006165, 3.81932449341], [18.4648189545, 20.6526222229, -1.95391273499, -13.9624176025, -2.66520929337, -16.272480011, 193.3644104, 8.04217815399, -7.5589299202, 44.1385574341, -10.5108098984, 7.05983448029, 4.71382284164], [15.5495357513, 24.194021225, 20.265953064, 2.28057789803, -11.3085336685, 45.302570343, 8.04217815399, 123.789894104, 20.5099010468, -25.9080505371, 19.3850765228, -10.1324462891, 0.991142690182], [-57.9715881348, 13.7279930115, 25.673789978, 13.0755739212, 13.848233223, 1.1568505764, -7.5589299202, 20.5099010468, 84.9859771729, 17.2620887756, 1.60369563103, 0.0211819261312, -3.04304385185], [23.0426940918, -28.517282486, -32.7850189209, 9.95961284637, 19.0677776337, -35.4367485046, 44.1385574341, -25.9080505371, 17.2620887756, 122.324890137, -13.9887037277, 10.1207933426, -1.1322593689], [-114.410057068, 55.1121864319, 26.591337204, -30.8209590912, -19.1937580109, 41.3277130127, -10.5108098984, 19.3850765228, 1.60369563103, -13.9887037277, 101.752830505, -3.24294447899, 0.890366613865], [-66.9555892944, -5.63000917435, 14.4137554169, 20.7236118317, 24.5808811188, -32.4211006165, 7.05983448029, -10.1324462891, 0.0211819261312, 10.1207933426, -3.24294447899, 86.4276809692, 11.6716957092], [-29.5562534332, 29.9487991333, -16.7040157318, -3.21485233307, -0.517050027847, 3.81932449341, 4.71382284164, 0.991142690182, -3.04304385185, -1.1322593689, 0.890366613865, 11.6716957092, 75.6294250488]], "icov": [[9.32688635658e-05, 4.71989642392e-06, 3.40181395586e-05, -3.83016122214e-05, 2.76492828561e-05, 1.16007404358e-05, -1.83390312714e-07, -4.28604325862e-05, 6.74252296449e-05, -1.89680849871e-05, 8.87219575816e-05, 6.88447107677e-05, 3.14022508974e-05], [4.71989642392e-06, 0.000959422148298, 0.00048274899018, -0.000582361884881, 0.000215903506614, -0.000292900949717, -0.000300717278151, 0.000136642134748, -0.000376683456125, 0.00039808623842, -0.000652705610264, -4.15730282839e-05, -0.000258089217823], [3.40181395586e-05, 0.00048274899018, 0.00327625288628, 0.000182172705536, -0.00142159638926, -0.000329208705807, -0.000454749970231, -4.41035917902e-05, -0.00109481194522, 0.0013360545272, -0.0010180567624, -0.000502280308865, 0.000654767442029], [-3.83016122214e-05, -0.000582361884881, 0.000182172705536, 0.00590990390629, -0.00209147017449, -0.000669122848194, 0.000637000193819, -0.000445994897746, -0.000319274986396, -0.000375908304704, 0.00195092067588, -0.00124514952768, 0.000643450475764], [2.76492828561e-05, 0.000215903506614, -0.00142159638926, -0.00209147017449, 0.00686807651073, -0.00116904440802, 0.000139722920721, 0.000805267191026, -0.000339688180247, -0.00117493886501, 0.00108712748624, -0.00132525898516, -0.000230381047004], [1.16007404358e-05, -0.000292900949717, -0.000329208705807, -0.000669122848194, -0.00116904440802, 0.00679280702025, 0.000189478654647, -0.00177553703543, 0.000614520744421, 0.00101316522341, -0.00234352611005, 0.00274690100923, -0.000676645315252], [-1.83390312714e-07, -0.000300717278151, -0.000454749970231, 0.000637000193819, 0.000139722920721, 0.000189478654647, 0.00607052398846, -0.00131104758475, 0.00145263294689, -0.00275771645829, 0.000890735362191, -0.000322718376992, -0.000267665629508], [-4.28604325862e-05, 0.000136642134748, -4.41035917902e-05, -0.000445994897746, 0.000805267191026, -0.00177553703543, -0.00131104758475, 0.0100588370115, -0.00307885347866, 0.00232519465499, -0.00104875490069, 0.000192116785911, -0.000160869574756], [6.74252296449e-05, -0.000376683456125, -0.00109481194522, -0.000319274986396, -0.000339688180247, 0.000614520744421, 0.00145263294689, -0.00307885347866, 0.0138432439417, -0.00327755743638, 0.000236619787756, 0.000487663724925, 0.000266474700766], [-1.89680849871e-05, 0.00039808623842, 0.0013360545272, -0.000375908304704, -0.00117493886501, 0.00101316522341, -0.00275771645829, 0.00232519465499, -0.00327755743638, 0.0110534885898, -0.000500341178849, -0.000258941814536, 0.000275729660643], [8.87219575816e-05, -0.000652705610264, -0.0010180567624, 0.00195092067588, 0.00108712748624, -0.00234352611005, 0.000890735362191, -0.00104875490069, 0.000236619787756, -0.000500341178849, 0.012474690564, -0.00116570002865, 0.000270291406196], [6.88447107677e-05, -4.15730282839e-05, -0.000502280308865, -0.00124514952768, -0.00132525898516, 0.00274690100923, -0.000322718376992, 0.000192116785911, 0.000487663724925, -0.000258941814536, -0.00116570002865, 0.0137627208605, -0.00234517874196], [3.14022508974e-05, -0.000258089217823, 0.000654767442029, 0.000643450475764, -0.000230381047004, -0.000676645315252, -0.000267665629508, -0.000160869574756, 0.000266474700766, 0.000275729660643, 0.000270291406196, -0.00234517874196, 0.013933788985]], "mean": [-652.618164063, 104.215942383, -14.0437335968, 15.987786293, -2.92750263214, 1.23989379406, 5.62922525406, 4.17090368271, 1.93847846985, 2.50739359856, -1.9687525034, -1.64706659317, 3.37688970566]}, "pitch_salience": {"dmean": 0.0669440850616, "dmean2": 0.106132760644, "dvar": 0.00393436104059, "dvar2": 0.0097933486104, "max": 0.996015608311, "mean": 0.577094078064, "median": 0.585789620876, "min": 0.0542870871723, "var": 0.0112570561469}, "silence_rate_20dB": {"dmean": 0, "dmean2": 0, "dvar": 0, "dvar2": 0, "max": 1, "mean": 1, "median": 1, "min": 1, "var": 0}, "silence_rate_30dB": {"dmean": 0, "dmean2": 0, "dvar": 0, "dvar2": 0, "max": 1, "mean": 1, "median": 1, "min": 1, "var": 0}, "silence_rate_60dB": {"dmean": 0.0326051525772, "dmean2": 0.0652209371328, "dvar": 0.0315437018871, "dvar2": 0.0694412663579, "max": 1, "mean": 0.120619393885, "median": 0, "min": 0, "var": 0.106073394418}, "spectral_centroid": {"dmean": 281.597808838, "dmean2": 398.081359863, "dvar": 104795.960938, "dvar2": 197954.9375, "max": 11699.1660156, "mean": 1917.78283691, "median": 1762.28991699, "min": 407.504486084, "var": 1236915.5}, "spectral_complexity": {"dmean": 4.34724473953, "dmean2": 5.7880320549, "dvar": 25.3976268768, "dvar2": 37.8141136169, "max": 58, "mean": 19.1616954803, "median": 18, "min": 0, "var": 130.496932983}, "spectral_contrast_coeffs": {"dmean": [0.0447151437402, 0.0450758896768, 0.0395205542445, 0.031847640872, 0.025706415996, 0.0206173397601], "dmean2": [0.0742802396417, 0.071719057858, 0.061468437314, 0.0498415753245, 0.0386533662677, 0.0313835628331], "dvar": [0.00138170539867, 0.00143808324356, 0.00117342779413, 0.000719782663509, 0.000557297724299, 0.000337304227287], "dvar2": [0.00373759912327, 0.00353220105171, 0.00257163611241, 0.00157447264064, 0.00108424166683, 0.000731170119252], "max": [-0.412660986185, -0.467518061399, -0.406365841627, -0.53864222765, -0.522205352783, -0.584776878357], "mean": [-0.685891628265, -0.72592484951, -0.73749011755, -0.768174946308, -0.77585297823, -0.761572957039], "median": [-0.687757968903, -0.725724101067, -0.746297776699, -0.774348795414, -0.785108923912, -0.759637534618], "min": [-0.983106434345, -0.996248424053, -0.997262299061, -0.989016115665, -0.98959428072, -0.96513491869], "var": [0.00525574106723, 0.00554658286273, 0.00654422771186, 0.00383579568006, 0.00360737554729, 0.00210835156031]}, "spectral_contrast_valleys": {"dmean": [0.431509315968, 0.350695192814, 0.323115050793, 0.29156050086, 0.303575545549, 0.42418590188], "dmean2": [0.685792326927, 0.551114797592, 0.497156411409, 0.431168079376, 0.401369184256, 0.516164302826], "dvar": [0.158161565661, 0.105055660009, 0.0928716287017, 0.0824989825487, 0.0992147028446, 0.180627048016], "dvar2": [0.337716519833, 0.220832034945, 0.182007312775, 0.142321050167, 0.155876711011, 0.281106352806], "max": [-5.74059963226, -5.2893705368, -5.57869291306, -6.05884408951, -5.67829561234, -7.3522028923], "mean": [-8.01927852631, -7.30510282516, -7.57920312881, -7.93479919434, -7.73807001114, -10.3441295624], "median": [-7.62128543854, -6.94307470322, -7.25314331055, -7.62990570068, -7.45988273621, -10.0590953827], "min": [-27.8853588104, -27.9937820435, -27.7515182495, -27.5055217743, -27.6262149811, -27.3683414459], "var": [4.72537279129, 4.98493766785, 4.82956027985, 4.71293306351, 4.88692903519, 4.26486778259]}, "spectral_decrease": {"dmean": 1.11352638221e-09, "dmean2": 1.51387058445e-09, "dvar": 1.91643768576e-18, "dvar2": 3.77415878292e-18, "max": 2.90331186159e-20, "mean": -3.98509136801e-09, "median": -3.44412232067e-09, "min": -1.90574294123e-08, "var": 9.13980810131e-18}, "spectral_energy": {"dmean": 0.00470953434706, "dmean2": 0.00626278249547, "dvar": 3.14496573992e-05, "dvar2": 5.9012647398e-05, "max": 0.0790640711784, "mean": 0.017129316926, "median": 0.0148751493543, "min": 1.00579604867e-20, "var": 0.00016708552721}, "spectral_energyband_high": {"dmean": 0.000634682422969, "dmean2": 0.000810901925433, "dvar": 1.20274614801e-06, "dvar2": 2.06092977351e-06, "max": 0.0259384717792, "mean": 0.0012505503837, "median": 0.000492265506182, "min": 6.97377314412e-21, "var": 3.43869646713e-06}, "spectral_energyband_low": {"dmean": 0.0019870409742, "dmean2": 0.00307453214191, "dvar": 2.10325233638e-05, "dvar2": 4.8302605137e-05, "max": 0.0582260675728, "mean": 0.00332421017811, "median": 0.00201657926664, "min": 1.81480669799e-23, "var": 2.7751437301e-05}, "spectral_energyband_middle_high": {"dmean": 0.00236056698486, "dmean2": 0.0031305917073, "dvar": 1.01020450529e-05, "dvar2": 1.80115657713e-05, "max": 0.0744649469852, "mean": 0.00722054997459, "median": 0.0044693662785, "min": 1.16819622042e-21, "var": 6.00740931986e-05}, "spectral_energyband_middle_low": {"dmean": 0.00201252917759, "dmean2": 0.00296991062351, "dvar": 6.41337192064e-06, "dvar2": 1.39590147228e-05, "max": 0.0654534548521, "mean": 0.00588177749887, "median": 0.00441820686683, "min": 1.85501134112e-22, "var": 3.40137194144e-05}, "spectral_entropy": {"dmean": 0.156562671065, "dmean2": 0.212227553129, "dvar": 0.0245633646846, "dvar2": 0.0422737933695, "max": 9.8245716095, "mean": 7.72905731201, "median": 7.70822477341, "min": 6.1720161438, "var": 0.165875524282}, "spectral_flux": {"dmean": 0.0206375867128, "dmean2": 0.0316061712801, "dvar": 0.000462977273855, "dvar2": 0.00110066437628, "max": 0.217784747481, "mean": 0.0715941563249, "median": 0.0689548999071, "min": 6.20067122648e-11, "var": 0.00161479460075}, "spectral_kurtosis": {"dmean": 1.21657943726, "dmean2": 1.97038733959, "dvar": 1.74626708031, "dvar2": 4.51446056366, "max": 19.5725383759, "mean": 3.82541489601, "median": 3.55342245102, "min": -1.38897228241, "var": 4.21049642563}, "spectral_rms": {"dmean": 0.000567018170841, "dmean2": 0.000729700550437, "dvar": 3.84349107208e-07, "dvar2": 6.60946852804e-07, "max": 0.00878269225359, "mean": 0.00372551358305, "median": 0.00380950653926, "min": 3.1325142133e-12, "var": 2.83202530227e-06}, "spectral_rolloff": {"dmean": 620.842163086, "dmean2": 939.346740723, "dvar": 1049308.75, "dvar2": 2024421.625, "max": 19659.8144531, "mean": 2399.98779297, "median": 1787.25585938, "min": 21.533203125, "var": 5461499.5}, "spectral_skewness": {"dmean": 0.178743839264, "dmean2": 0.276921659708, "dvar": 0.0301709994674, "dvar2": 0.070234708488, "max": 3.274102211, "mean": 1.41396462917, "median": 1.39678800106, "min": -0.0803875252604, "var": 0.118822008371}, "spectral_spread": {"dmean": 583360.125, "dmean2": 826293.125, "dvar": 860351037440, "dvar2": 1569820377090.0, "max": 43590956, "mean": 4934997.5, "median": 4391344.5, "min": 2291923.75, "var": 13904023388200.0}, "spectral_strong