{"lowlevel": {"average_loudness": 0.319282472134, "barkbands": {"dmean": [9.80096501735e-06, 0.0004876969615, 0.000492402235977, 0.000772231724113, 0.00118902372196, 0.000772638944909, 0.000701671524439, 0.000663123442791, 0.000547907606233, 0.000252995349001, 0.000273329642368, 0.000304578366922, 0.00037570609129, 0.000259026273852, 0.000243779912125, 0.000338616257068, 0.000417912408011, 0.0002168527717, 0.000114990696602, 8.97728750715e-05, 6.48989444016e-05, 7.54358843551e-05, 7.62376148487e-05, 6.51214140817e-05, 5.68452160223e-05, 1.76625053427e-05, 3.61355000678e-06], "dmean2": [1.39641679198e-05, 0.000791198166553, 0.000802227703389, 0.00124676432461, 0.00191366975196, 0.00116418336984, 0.00104791519698, 0.00101302575786, 0.0008329852717, 0.000390544824768, 0.000413051137002, 0.000485893629957, 0.000591849151533, 0.000409324420616, 0.000394451024476, 0.000552619283553, 0.000700246368069, 0.000347390043316, 0.000188240112038, 0.000140330943395, 9.83839709079e-05, 0.000114558766654, 0.00011178857676, 9.43355626077e-05, 8.41034852783e-05, 2.65141370619e-05, 5.56127179152e-06], "dvar": [2.41328401707e-09, 4.05077480536e-06, 1.17905346997e-06, 7.61019146012e-06, 8.54372592585e-06, 4.03257081416e-06, 3.76079310627e-06, 3.47961281477e-06, 4.70071427117e-06, 6.97787811532e-07, 1.13917678846e-06, 9.08471918137e-07, 2.60379783867e-06, 4.92556353038e-07, 5.12320411872e-07, 1.02240232991e-06, 2.63733045358e-06, 5.40828978046e-07, 9.91924054006e-08, 5.41299662871e-08, 3.58724712157e-08, 7.41675236782e-08, 8.88421354261e-08, 7.46347623704e-08, 6.46651372449e-08, 6.04461725118e-09, 2.12545717138e-10], "dvar2": [4.45131131954e-09, 1.0093705896e-05, 3.15909665005e-06, 1.89816801139e-05, 2.31394278671e-05, 9.58566488407e-06, 8.95487301023e-06, 8.41928886075e-06, 1.10111595859e-05, 1.70429154878e-06, 2.46929403147e-06, 2.3701675218e-06, 6.99454221831e-06, 1.26206350615e-06, 1.35081677399e-06, 2.54632891483e-06, 7.14096404408e-06, 1.28555268475e-06, 2.470114282e-07, 1.22030499483e-07, 7.40838927982e-08, 1.65617308312e-07, 1.70333095184e-07, 1.44909492406e-07, 1.36019906449e-07, 1.36751099333e-08, 4.74235539727e-10], "max": [0.000980365322903, 0.0419868305326, 0.0195776913315, 0.0675048083067, 0.0989240854979, 0.0437752380967, 0.0344144403934, 0.0369892343879, 0.103172644973, 0.019949844107, 0.0482379682362, 0.0313042886555, 0.0623314268887, 0.0186296440661, 0.0351134724915, 0.0218648742884, 0.0647753179073, 0.0358494408429, 0.0106402821839, 0.00909032579511, 0.0062371743843, 0.00813987385482, 0.00762501591817, 0.00794372521341, 0.0112820891663, 0.00368320802227, 0.000696931150742], "mean": [1.14349149953e-05, 0.000931584800128, 0.00106560753193, 0.0011853313772, 0.0024071126245, 0.00164796854369, 0.00133342517074, 0.00111285492312, 0.000940246041864, 0.000415510323364, 0.000424743397161, 0.000510635843966, 0.000593603122979, 0.000435311027104, 0.000406482926337, 0.000563323323149, 0.000690736749675, 0.000392954709241, 0.000194400083274, 0.000162314798217, 0.00011239322339, 0.000113871101348, 0.000117193412734, 8.89187649591e-05, 7.52008054405e-05, 2.17309989239e-05, 3.82200869353e-06], "median": [7.56825386361e-07, 0.000121931290778, 0.000346074259141, 0.000364490202628, 0.00104210688733, 0.000410190637922, 0.00027205015067, 0.000199813744985, 0.000196219902136, 0.000101747937151, 0.000123018049635, 0.000171120496816, 0.000183828524314, 0.000154683424626, 0.000157394169946, 0.000149465267896, 0.000126391663798, 0.000102011748822, 6.07991714787e-05, 4.8668065574e-05, 2.48765263677e-05, 1.94850726984e-05, 1.5408040781e-05, 8.5845204012e-06, 9.01902421901e-06, 1.94493668459e-06, 3.07713833081e-07], "min": [5.89219783721e-25, 2.46390211896e-24, 6.7423497835e-25, 1.20548408586e-24, 6.45409034518e-24, 8.48240989912e-24, 9.85646202333e-24, 7.16611028178e-24, 1.08323105732e-23, 1.6842540047e-23, 1.30429922859e-23, 2.68110218966e-23, 2.13240272952e-23, 2.30498561628e-23, 4.03095237685e-23, 4.83974022408e-23, 6.42932366263e-23, 8.23426707495e-23, 1.11203058615e-22, 1.76997579585e-22, 2.50432868444e-22, 3.01636706464e-22, 3.70223100841e-22, 5.27832864892e-22, 9.16539443748e-22, 1.30411314261e-21, 2.03681856147e-21], "var": [3.28342797395e-09, 5.86259238844e-06, 2.91207948067e-06, 8.88535669219e-06, 1.33826379169e-05, 1.22183873827e-05, 7.9482442743e-06, 6.00862813371e-06, 8.64425237523e-06, 1.2834412928e-06, 2.04385719371e-06, 1.84246141544e-06, 4.00917588195e-06, 9.34048614454e-07, 7.13088127213e-07, 1.79524681698e-06, 3.57588987754e-06, 9.88163492366e-07, 1.9961829878e-07, 1.23936246155e-07, 7.97746864123e-08, 1.41533149645e-07, 2.10662321365e-07, 1.61764006634e-07, 1.16751756707e-07, 1.01567909638e-08, 3.16389747734e-10]}, "barkbands_crest": {"dmean": 2.12937068939, "dmean2": 3.35030770302, "dvar": 4.72630929947, "dvar2": 11.3746986389, "max": 26.3217220306, "mean": 9.74379253387, "median": 8.46926689148, "min": 2.45732855797, "var": 21.1758861542}, "barkbands_flatness_db": {"dmean": 0.0174777489156, "dmean2": 0.0259211100638, "dvar": 0.000352617586032, "dvar2": 0.000716926762834, "max": 0.353672772646, "mean": 0.133448332548, "median": 0.127659454942, "min": 0.0229161605239, "var": 0.00229028309695}, "barkbands_kurtosis": {"dmean": 1.70096671581, "dmean2": 2.60535621643, "dvar": 12.432138443, "dvar2": 28.9001731873, "max": 140.284210205, "mean": 2.48394632339, "median": 0.525764226913, "min": -1.91211545467, "var": 37.8147125244}, "barkbands_skewness": {"dmean": 0.403960198164, "dmean2": 0.596537709236, "dvar": 0.210959911346, "dvar2": 0.411806851625, "max": 10.8927059174, "mean": 1.12609374523, "median": 1.02819406986, "min": -4.70643520355, "var": 1.30349862576}, "barkbands_spread": {"dmean": 4.50537824631, "dmean2": 6.79259538651, "dvar": 39.3054199219, "dvar2": 80.5252685547, "max": 103.742462158, "mean": 21.637878418, "median": 20.5965805054, "min": 1.00827968121, "var": 152.639053345}, "dissonance": {"dmean": 0.0164818186313, "dmean2": 0.0269834473729, "dvar": 0.000324907014146, "dvar2": 0.000814255909063, "max": 0.500000119209, "mean": 0.458260953426, "median": 0.466836094856, "min": 0.209534645081, "var": 0.00103869987652}, "dynamic_complexity": 3.90140771866, "erbbands": {"dmean": [0.00962758995593, 0.129531770945, 0.495025515556, 1.41863656044, 3.41843819618, 4.50594186783, 5.19866228104, 6.62903499603, 7.98690843582, 13.7808771133, 14.1499099731, 11.2119579315, 8.29999065399, 8.49893856049, 10.6841554642, 10.6356744766, 17.4862728119, 10.8576641083, 11.1688556671, 14.5641822815, 20.6578807831, 21.9283008575, 12.3900203705, 7.16075754166, 4.76101398468, 4.38839006424, 3.13270187378, 2.38536095619, 2.54035878181, 2.818972826, 2.00834727287, 1.51855111122, 1.03088641167, 0.722756445408, 0.357057392597, 0.112188279629, 0.0265396144241, 0.00470990920439, 0.000654368486721, 3.7709800381e-05], "dmean2": [0.0152680808678, 0.211327165365, 0.799011468887, 2.26082491875, 5.65390300751, 7.13731575012, 7.83249282837, 10.0206727982, 11.7133893967, 21.1643066406, 21.3359718323, 16.814496994, 12.9091119766, 12.8659067154, 16.3502445221, 16.8702545166, 27.2167797089, 16.9129447937, 17.8780879974, 23.4097537994, 33.5584373474, 36.5498695374, 19.7557373047, 11.467420578, 7.68265581131, 6.8482336998, 4.82809257507, 3.51362514496, 3.82185029984, 4.24801588058, 2.93569517136, 2.18106865883, 1.5276774168, 1.08341372013, 0.528094828129, 0.168143466115, 0.0401991605759, 0.00716125266626, 0.000999582465738, 5.723803406e-05], "dvar": [0.00246335030533, 0.255172580481, 1.2487039566, 18.0321960449, 169.392578125, 98.7242660522, 185.713180542, 381.818572998, 606.179138184, 1744.8894043, 1864.19262695, 2012.19506836, 1057.36694336, 631.975952148, 1664.91052246, 1246.45166016, 5987.34179688, 994.060913086, 795.449707031, 1393.65527344, 3930.11547852, 8297.31445313, 1768.55847168, 354.730316162, 200.939559937, 136.579833984, 72.1859512329, 60.8491249084, 98.069152832, 109.584777832, 66.1116256714, 47.3350715637, 18.0676498413, 9.91163825989, 2.77127861977, 0.257365852594, 0.0146089047194, 0.000380393583328, 7.69017515267e-06, 1.85499313687e-08], "dvar2": [0.00574607588351, 0.657092571259, 3.3508439064, 43.9190711975, 463.021911621, 262.262573242, 438.978820801, 907.050598145, 1363.74255371, 4437.83398438, 4361.75146484, 4615.55908203, 2654.39648438, 1472.87939453, 3761.1340332, 3136.34912109, 16204.609375, 2332.51147461, 2047.78149414, 3459.53393555, 9660.38378906, 23064.8164063, 4240.95263672, 858.303039551, 476.980529785, 301.250915527, 161.528060913, 123.19833374, 219.471221924, 239.689407349, 130.224151611, 90.8460540771, 37.5111122131, 20.5599212646, 6.03203201294, 0.580504179001, 0.0340321287513, 0.000833862170111, 1.62930264196e-05, 4.24723296533e-08], "max": [1.127161026, 10.4769477844, 22.5884628296, 93.8935546875, 480.567626953, 250.521057129, 363.707244873, 515.202575684, 623.999633789, 1113.54992676, 1689.29626465, 1788.02001953, 1268.75463867, 1065.47497559, 2117.46044922, 1413.94360352, 3289.27587891, 840.717529297, 854.242858887, 1323.92321777, 1443.11975098, 4389.66601563, 1991.58032227, 498.341217041, 617.138122559, 510.664886475, 271.404510498, 230.474060059, 299.465484619, 335.096557617, 245.490325928, 192.841690063, 115.260314941, 130.256103516, 70.7464904785, 24.8544864655, 5.07231235504, 0.685303747654, 0.171280533075, 0.00543463276699], "mean": [0.0140214404091, 0.259403944016, 1.18657743931, 2.54872083664, 5.21426677704, 9.18898487091, 10.9801607132, 14.700135231, 15.5963821411, 26.1358242035, 25.0216598511, 19.6058273315, 14.8530759811, 15.020031929, 18.8232440948, 19.4034748077, 28.9713420868, 20.3956279755, 20.4665679932, 25.0890483856, 36.9772262573, 38.8614273071, 24.0476531982, 13.1113100052, 8.66925621033, 8.03445529938, 5.64329576492, 3.94055724144, 3.79058003426, 4.41171312332, 3.01861834526, 2.13017320633, 1.34538650513, 0.963970661163, 0.453424781561, 0.139130219817, 0.0322238728404, 0.00542682921514, 0.000692065921612, 5.5637643527e-05], "median": [0.00130795675796, 0.0450012013316, 0.368978381157, 0.95902299881, 1.87852442265, 3.39364790916, 3.7136733532, 3.56792831421, 3.70968556404, 6.42067813873, 5.46337509155, 4.69034194946, 4.33422231674, 5.03337144852, 6.78821992874, 7.15379095078, 9.75211143494, 7.71970653534, 8.05128383636, 9.96252346039, 8.64611244202, 7.53257656097, 6.19994163513, 4.44886732101, 2.46354913712, 2.41093468666, 1.32879662514, 0.745472848415, 0.584736227989, 0.804525196552, 0.374724686146, 0.200155183673, 0.127210900187, 0.117210119963, 0.0483853667974, 0.0122616859153, 0.00299180368893, 0.000513885053806, 6.17459809291e-05, 1.92334009625e-05], "min": [5.9455802716e-23, 7.40578326418e-22, 1.60059589893e-21, 3.82325989127e-21, 6.10220508286e-21, 2.65239340824e-20, 3.29640004402e-20, 9.02175004086e-20, 1.44542276945e-19, 1.45442430397e-19, 3.17018675821e-19, 3.50478234996e-19, 6.55959499031e-19, 7.01491966042e-19, 1.07040552365e-18, 1.40807181663e-18, 1.27083107588e-18, 1.5411519423e-18, 2.27051917121e-18, 2.58966075437e-18, 3.98331719107e-18, 4.15750860677e-18, 4.64701589531e-18, 5.61769001026e-18, 8.18675541495e-18, 9.09796765157e-18, 8.18750235904e-18, 1.12999323684e-17, 1.07960428905e-17, 1.0859517422e-17, 1.09160676246e-17, 1.0400372625e-17, 9.07976967809e-18, 8.82424448789e-18, 6.33358091602e-18, 4.05491670412e-18, 2.12070787008e-18, 9.49849636238e-19, 2.5447237023e-19, 2.5583597747e-20], "var": [0.00319764995947, 0.370243579149, 3.64661359787, 25.4696540833, 153.591247559, 217.405181885, 437.528106689, 1213.83691406, 1453.44934082, 3172.14550781, 3177.27612305, 4045.78393555, 2076.87939453, 1141.80273438, 3091.98803711, 2387.99853516, 9225.87304688, 2118.82519531, 1604.20422363, 2236.28149414, 7566.38330078, 10806.8505859, 3405.87426758, 732.594482422, 474.006378174, 318.310150146, 165.964859009, 130.743804932, 177.060317993, 211.556793213, 153.557861328, 108.021850586, 34.2073669434, 18.7060375214, 4.5077881813, 0.415344715118, 0.0247516296804, 0.000615042401478, 1.25280648717e-05, 2.6784906737e-08]}, "erbbands_crest": {"dmean": 2.70194768906, "dmean2": 4.27988815308, "dvar": 7.09791183472, "dvar2": 17.2463645935, "max": 31.7778930664, "mean": 9.99549388885, "median": 8.64658260345, "min": 2.58992052078, "var": 24.5592575073}, "erbbands_flatness_db": {"dmean": 0.0171921476722, "dmean2": 0.0247921738774, "dvar": 0.000327685265802, "dvar2": 0.000644520216156, "max": 0.349773436785, "mean": 0.178093016148, "median": 0.177929118276, "min": 0.0544485636055, "var": 0.00173933547921}, "erbbands_kurtosis": {"dmean": 0.976807355881, "dmean2": 1.51078021526, "dvar": 3.06389451027, "dvar2": 7.14656066895, "max": 65.0787582397, "mean": 0.633395910263, "median": -0.0969125553966, "min": -1.81950640678, "var": 7.32602024078}, "erbbands_skewness": {"dmean": 0.355734854937, "dmean2": 0.529323875904, "dvar": 0.145304724574, "dvar2": 0.300307363272, "max": 7.12010383606, "mean": 0.109070360661, "median": 0.0124802514911, "min": -5.26375627518, "var": 0.869871556759}, "erbbands_spread": {"dmean": 5.98860454559, "dmean2": 9.18180656433, "dvar": 47.1838226318, "dvar2": 109.024246216, "max": 119.204360962, "mean": 31.8470115662, "median": 31.0037822723, "min": 3.70612072945, "var": 162.847183228}, "gfcc": {"cov": [[19150.9238281, -572.471191406, -1140.16540527, 691.815979004, -740.256835938, 410.221160889, -611.944580078, 496.700195313, -355.762756348, 143.126907349, -356.199188232, 131.805480957, -180.33442688], [-572.471191406, 1615.02648926, -405.863830566, -87.8164520264, 235.82649231, -219.180511475, 100.131538391, -110.697509766, 114.150512695, -103.955505371, 87.7847366333, -97.5636444092, 50.7595405579], [-1140.16540527, -405.863830566, 705.278503418, 37.0052947998, 64.8348999023, 118.807510376, 5.44291591644, 70.2785186768, 12.0540390015, 53.2441558838, 17.3402671814, 56.8009719849, 22.1322231293], [691.815979004, -87.8164520264, 37.0052947998, 380.872070313, 93.4611282349, 68.9679260254, 22.8600177765, 24.2268848419, 33.8270950317, -4.32542991638, -8.29009246826, 19.3378314972, 33.537021637], [-740.256835938, 235.82649231, 64.8348999023, 93.4611282349, 409.179748535, 40.5323371887, 85.4809951782, 25.8061962128, 55.9378128052, -11.778503418, 22.4174900055, 34.2123413086, 60.4197463989], [410.221160889, -219.180511475, 118.807510376, 68.9679260254, 40.5323371887, 293.047698975, 80.4036407471, 34.5901298523, -7.2840719223, 26.4012832642, -3.26610660553, 14.7835826874, -15.4934406281], [-611.944580078, 100.131538391, 5.44291591644, 22.8600177765, 85.4809951782, 80.4036407471, 248.55418396, 19.4693660736, 49.9649848938, 7.65106582642, 17.6221847534, -21.5809135437, -11.9598875046], [496.700195313, -110.697509766, 70.2785186768, 24.2268848419, 25.8061962128, 34.5901298523, 19.4693660736, 166.471069336, 30.2897262573, 35.7041893005, -13.6900243759, 18.2753448486, 0.930239677429], [-355.762756348, 114.150512695, 12.0540390015, 33.8270950317, 55.9378128052, -7.2840719223, 49.9649848938, 30.2897262573, 119.965003967, 13.4049816132, 11.8022251129, -11.0359754562, 13.4853239059], [143.126907349, -103.955505371, 53.2441558838, -4.32542991638, -11.778503418, 26.4012832642, 7.65106582642, 35.7041893005, 13.4049816132, 93.733543396, 15.1905527115, 8.48251914978, -8.94187068939], [-356.199188232, 87.7847366333, 17.3402671814, -8.29009246826, 22.4174900055, -3.26610660553, 17.6221847534, -13.6900243759, 11.8022251129, 15.1905527115, 94.51197052, 16.0755634308, 0.131987735629], [131.805480957, -97.5636444092, 56.8009719849, 19.3378314972, 34.2123413086, 14.7835826874, -21.5809135437, 18.2753448486, -11.0359754562, 8.48251914978, 16.0755634308, 90.4606552124, 30.3203086853], [-180.33442688, 50.7595405579, 22.1322231293, 33.537021637, 60.4197463989, -15.4934406281, -11.9598875046, 0.930239677429, 13.4853239059, -8.94187068939, 0.131987735629, 30.3203086853, 86.1571350098]], "icov": [[0.000146323975059, -0.000157703980221, 0.00028034922434, -0.000358844379662, 0.000281914253719, -0.000348418485373, 0.000383629376302, -0.000540250039194, 0.000394255592255, -0.000326488778228, 0.000464769487735, -0.000444695499027, 0.000325768312905], [-0.000157703980221, 0.00144483870827, 0.000252484169323, 0.000747815123759, -0.0010474108858, 0.000929976464249, -0.000625821237918, 0.000869767041877, -0.00117846205831, 0.00125125201885, -0.00175058853347, 0.00178882456385, -0.00104429561179], [0.00028034922434, 0.000252484169323, 0.00245688762516, -0.000483349023852, 7.40920077078e-05, -0.00104658957571, 0.000865456589963, -0.00130343425553, 0.000336803204846, -0.000823959824629, 0.000167734659044, -0.00089632748859, 6.60521254758e-05], [-0.000358844379662, 0.000747815123759, -0.000483349023852, 0.00400421908125, -0.00132769881748, 0.000232164718909, -0.000812908867374, 0.00128688686527, -0.00194157974329, 0.00136323552579, -0.0011266071815, 0.00121248606592, -0.00175966206007], [0.000281914253719, -0.0010474108858, 7.40920077078e-05, -0.00132769881748, 0.00426883529872, -0.00115371344145, -0.000123518941109, -0.00141964294016, 0.000357524026185, -0.000373360264348, 0.00108224118594, -0.00232530245557, -0.000776026747189], [-0.000348418485373, 0.000929976464249, -0.00104658957571, 0.000232164718909, -0.00115371344145, 0.00561292469501, -0.00257708015852, 0.0011355667375, -6.99450756656e-05, 0.000325003959006, -0.00105134688783, 0.00091616314603, 7.36172878533e-05], [0.000383629376302, -0.000625821237918, 0.000865456589963, -0.000812908867374, -0.000123518941109, -0.00257708015852, 0.00650022504851, -0.00170080864336, -0.000656229793094, -0.000798016961198, 0.000475810666103, 6.33523013676e-05, 0.00180652888957], [-0.000540250039194, 0.000869767041877, -0.00130343425553, 0.00128688686527, -0.00141964294016, 0.0011355667375, -0.00170080864336, 0.00960183795542, -0.00347988656722, -0.00101888366044, 0.000174564876943, 9.69005050138e-05, -0.000544757233001], [0.000394255592255, -0.00117846205831, 0.000336803204846, -0.00194157974329, 0.000357524026185, -6.99450756656e-05, -0.000656229793094, -0.00347988656722, 0.0124911572784, -0.00275398581289, 0.000652979011647, 0.000647273438517, -0.000597799138632], [-0.000326488778228, 0.00125125201885, -0.000823959824629, 0.00136323552579, -0.000373360264348, 0.000325003959006, -0.000798016961198, -0.00101888366044, -0.00275398581289, 0.0143610257655, -0.00419349130243, 0.0012247156119, -2.20876117965e-05], [0.000464769487735, -0.00175058853347, 0.000167734659044, -0.0011266071815, 0.00108224118594, -0.00105134688783, 0.000475810666103, 0.000174564876943, 0.000652979011647, -0.00419349130243, 0.0150459166616, -0.00579340709373, 0.00299409893341], [-0.000444695499027, 0.00178882456385, -0.00089632748859, 0.00121248606592, -0.00232530245557, 0.00091616314603, 6.33523013676e-05, 9.69005050138e-05, 0.000647273438517, 0.0012247156119, -0.00579340709373, 0.0178953520954, -0.0066862530075], [0.000325768312905, -0.00104429561179, 6.60521254758e-05, -0.00175966206007, -0.000776026747189, 7.36172878533e-05, 0.00180652888957, -0.000544757233001, -0.000597799138632, -2.20876117965e-05, 0.00299409893341, -0.0066862530075, 0.0168256033212]], "mean": [-47.2868270874, 92.6165237427, -133.388549805, 19.3715515137, -54.9585494995, 2.02622866631, -47.5646286011, -0.884852528572, -25.796245575, -4.92867326736, -17.4435100555, -4.29892730713, -14.3071088791]}, "hfc": {"dmean": 5.42247581482, "dmean2": 7.87251234055, "dvar": 126.400527954, "dvar2": 266.034606934, "max": 251.321060181, "mean": 16.3029174805, "median": 9.09835624695, "min": 1.05241176866e-16, "var": 471.621704102}, "melbands": {"dmean": [0.000112130474008, 0.000222362068598, 0.000311150099151, 0.000269802170806, 0.000185672484804, 0.000147286948049, 0.000125922975712, 0.000152467328007, 0.000116365023132, 6.77855568938e-05, 4.20392098022e-05, 3.51237067662e-05, 3.83545775549e-05, 3.6324505345e-05, 3.5095417843e-05, 3.41239610862e-05, 2.10223352042e-05, 2.09468707908e-05, 1.8661348804e-05, 2.01644979825e-05, 2.77731087408e-05, 2.77235649264e-05, 1.44217101479e-05, 1.1096122762e-05, 5.95702840656e-06, 3.98612746721e-06, 3.16287537316e-06, 3.16373279929e-06, 2.25573444368e-06, 1.53487758325e-06, 1.47569085129e-06, 1.53464941377e-06, 1.52926622832e-06, 1.65810331509e-06, 1.22066319364e-06, 1.07545224637e-06, 9.35007960834e-07, 7.37355378533e-07, 7.26448774913e-07, 5.8923836832e-07], "dmean2": [0.000182208779734, 0.000356816744898, 0.000501763483044, 0.000439321593149, 0.000282672990579, 0.00022238722886, 0.000185109631275, 0.000234917737544, 0.000174830944161, 0.000102319361758, 6.55068070046e-05, 5.33695492777e-05, 5.75630983803e-05, 5.87855283811e-05, 5.36747793376e-05, 5.33552774868e-05, 3.28270361933e-05, 3.37915917044e-05, 3.01847067021e-05, 3.23857784679e-05, 4.51396117569e-05, 4.68618891318e-05, 2.34544240811e-05, 1.78088685061e-05, 9.68026779447e-06, 6.51351228953e-06, 5.09162919116e-06, 4.95394351674e-06, 3.55308611688e-06, 2.33464083976e-06, 2.20838865062e-06, 2.34278149946e-06, 2.3659447379e-06, 2.505315706e-06, 1.8394783865e-06, 1.545306759e-06, 1.37667393574e-06, 1.11079702947e-06, 1.10512189622e-06, 8.88352019501e-07], "dvar": [2.666049852e-07, 3.1170432635e-07, 1.15013585855e-06, 5.49721335119e-07, 1.89104071069e-07, 1.66633057574e-07, 1.26417035062e-07, 1.93395507608e-07, 1.58375655701e-07, 6.57730012676e-08, 2.6468921277e-08, 1.0563034003e-08, 2.34254500242e-08, 1.60316133702e-08, 1.55617758679e-08, 2.66760427081e-08, 3.61616292466e-09, 3.22330429015e-09, 3.82562381773e-09, 3.43315220697e-09, 8.04882471783e-09, 1.54080481707e-08, 2.12149298129e-09, 2.39444752914e-09, 2.41178965688e-10, 1.3758851003e-10, 8.48113523855e-11, 8.18839371308e-11, 3.81342284139e-11, 2.2758610968e-11, 2.42606663925e-11, 3.98163828297e-11, 3.34396677015e-11, 4.07793278312e-11, 2.40380441247e-11, 2.5220945124e-11, 1.95379667306e-11, 1.00849424298e-11, 1.01482095297e-11, 7.07035775413e-12], "dvar2": [6.59026170524e-07, 8.03779698799e-07, 2.92882145914e-06, 1.51709230067e-06, 4.51159792192e-07, 3.95362405925e-07, 2.87578075131e-07, 4.90972354328e-07, 3.68638069403e-07, 1.51832011852e-07, 6.63988402039e-08, 2.46772735579e-08, 5.02445303141e-08, 4.33261071464e-08, 3.94512582602e-08, 7.0111887851e-08, 8.53262438483e-09, 8.60613269538e-09, 9.97762317212e-09, 8.2178654992e-09, 1.96884766268e-08, 4.30304964993e-08, 5.42991118735e-09, 5.64547475435e-09, 5.97777993772e-10, 3.41294131845e-10, 2.00228111868e-10, 1.86692564186e-10, 8.89170126417e-11, 4.98411589778e-11, 4.9331073948e-11, 8.94288879061e-11, 8.32163365994e-11, 8.93522061896e-11, 5.04978524274e-11, 4.97398407184e-11, 4.02835473312e-11, 2.19910808313e-11, 2.24304030211e-11, 1.46473631835e-11], "max": [0.0104941995814, 0.0101453512907, 0.0309238657355, 0.027201032266, 0.00977870821953, 0.0103120310232, 0.00863376818597, 0.0121744032949, 0.0197442919016, 0.0096260625869, 0.00624594278634, 0.00396840414032, 0.00796976592392, 0.00449711503461, 0.00476239155978, 0.00719321519136, 0.00187173404265, 0.00179287116043, 0.00307922647335, 0.00196770299226, 0.00241055246443, 0.00590233970433, 0.00247107050382, 0.0027610855177, 0.000435279827798, 0.000412735214923, 0.000426614104072, 0.000450824853033, 0.00017765359371, 0.000159006624017, 0.00014982612629, 0.000239458822762, 0.000219363762881, 0.000177888403414, 0.000162930213264, 0.00015309281298, 0.000129587511765, 8.82324384293e-05, 8.68453062139e-05, 0.000115791044664], "mean": [0.000188854261069, 0.000535571482033, 0.000541703309864, 0.000501659989823, 0.000412415858591, 0.000327358429786, 0.000246176990913, 0.00028461907641, 0.000201110393391, 0.000116911112855, 7.30692772777e-05, 6.03357548243e-05, 6.37888369965e-05, 6.01233441557e-05, 5.77533137402e-05, 5.55846527277e-05, 3.59560908691e-05, 3.42456478393e-05, 3.05337453028e-05, 3.29629147018e-05, 4.59433358628e-05, 4.43775643362e-05, 2.53230609815e-05, 1.8521275706e-05, 9.68473250396e-06, 6.74145985613e-06, 5.39418761036e-06, 5.34785658601e-06, 3.82708003599e-06, 2.49903041549e-06, 2.23930533139e-06, 2.14731267079e-06, 2.20774927584e-06, 2.52855647886e-06, 1.78146285634e-06, 1.45845660882e-06, 1.24524046896e-06, 9.28957319957e-07, 9.01483360849e-07, 7.82491724749e-07], "median": [2.17978467845e-05, 0.000158142123837, 0.000202778988751, 0.000216637170524, 0.000148917461047, 7.99239423941e-05, 5.70762531424e-05, 6.26818364253e-05, 3.4739732655e-05, 2.53673460975e-05, 1.91888211702e-05, 1.92260886251e-05, 2.21531681746e-05, 1.68277783814e-05, 1.95911125047e-05, 1.87623863894e-05, 1.23617983263e-05, 1.23124391394e-05, 1.07869036583e-05, 1.12545303637e-05, 9.06072455109e-06, 7.27733231543e-06, 6.14485315964e-06, 4.88965088152e-06, 3.23251583723e-06, 1.74800720742e-06, 1.59945193445e-06, 1.46086108543e-06, 8.52578637023e-07, 5.17662897437e-07, 3.54022517968e-07, 2.81823616888e-07, 4.15110406493e-07, 4.19409360575e-07, 2.19750802444e-07, 1.19449055092e-07, 1.12893111748e-07, 8.02089843432e-08, 9.14918487638e-08, 9.47247258409e-08], "min": [7.83777091117e-25, 1.11560571166e-24, 6.48657593308e-25, 1.51393106638e-24, 1.23562941927e-24, 1.90384657221e-24, 2.38235559503e-24, 1.54453384051e-24, 2.31264119582e-24, 1.70022323155e-24, 3.15204264431e-24, 2.76026631421e-24, 2.27112936284e-24, 2.8861842919e-24, 2.18851590454e-24, 2.11492543728e-24, 2.27680344212e-24, 3.09616624588e-24, 3.74655524097e-24, 2.66059393605e-24, 4.16851615031e-24, 3.5592386413e-24, 3.61114253342e-24, 2.56851868284e-24, 3.58748656703e-24, 4.36717301992e-24, 5.30844697962e-24, 5.32466793199e-24, 4.82246606352e-24, 5.42854868586e-24, 4.72079372575e-24, 5.18184939826e-24, 5.19077575384e-24, 6.00653247719e-24, 4.79223375819e-24, 4.94487084917e-24, 5.40257820157e-24, 5.34972412649e-24, 6.38707503356e-24, 6.35187842656e-24], "var": [3.40174068469e-07, 8.0870728425e-07, 1.36061123612e-06, 6.91286004439e-07, 4.8177531653e-07, 5.47531897155e-07, 2.97039093766e-07, 3.40406472787e-07, 2.62462236833e-07, 1.32043723511e-07, 5.22183576379e-08, 1.94655029873e-08, 4.36621654387e-08, 3.24602744683e-08, 2.69985669377e-08, 3.65482861753e-08, 7.35913197047e-09, 5.68208546881e-09, 4.94872409718e-09, 5.63975088852e-09, 1.48321701587e-08, 1.87881177283e-08, 3.45556272485e-09, 3.85827192417e-09, 4.27803098502e-10, 3.27782440079e-10, 1.61846216984e-10, 1.65015487386e-10, 8.04080274586e-11, 4.41479422464e-11, 4.99532637477e-11, 6.7845978835e-11, 5.11531234038e-11, 7.64249843965e-11, 5.06684728896e-11, 5.60270337069e-11, 3.893673578e-11, 1.7398072566e-11, 1.63756629784e-11, 1.33897294294e-11]}, "melbands_crest": {"dmean": 2.63401651382, "dmean2": 4.12872648239, "dvar": 6.7187204361, "dvar2": 16.5771694183, "max": 32.875629425, "mean": 13.38671875, "median": 12.5683374405, "min": 1.56944286823, "var": 29.9041366577}, "melbands_flatness_db": {"dmean": 0.0202916674316, "dmean2": 0.0295382682234, "dvar": 0.000551748380531, "dvar2": 0.00106427411083, "max": 0.453081011772, "mean": 0.186031535268, "median": 0.182497754693, "min": 0.00305965612642, "var": 0.0039112935774}, "melbands_kurtosis": {"dmean": 3.23504543304, "dmean2": 4.94108057022, "dvar": 39.8044815063, "dvar2": 92.3851699829, "max": 209.453613281, "mean": 7.06725788116, "median": 4.02678489685, "min": -1.83683943748, "var": 120.163665771}, "melbands_skewness": {"dmean": 0.467410981655, "dmean2": 0.699997186661, "dvar": 0.271042883396, "dvar2": 0.578587830067, "max": 11.442278862, "mean": 1.97831773758, "median": 1.85085916519, "min": -2.15370440483, "var": 1.49703919888}, "melbands_spread": {"dmean": 7.31128787994, "dmean2": 10.9802007675, "dvar": 169.258987427, "dvar2": 312.704833984, "max": 241.807098389, "mean": 29.5663909912, "median": 24.0559558868, "min": 0.91080725193, "var": 663.700439453}, "mfcc": {"cov": [[8166.74707031, -815.266540527, 158.384307861, 295.047241211, 150.239562988, 16.6446228027, 69.1250839233, 213.82635498, 241.477981567, 49.4558181763, 58.0958557129, 167.717788696, -12.040643692], [-815.266540527, 1467.21728516, -331.370300293, 56.9696464539, 57.0253944397, -65.8490753174, -6.89979982376, -24.9596004486, -11.1809597015, 6.40801906586, -12.4311532974, -0.996416807175, 47.9921073914], [158.384307861, -331.370300293, 495.341949463, -54.7055435181, 13.9200277328, 33.574256897, 7.57532310486, 8.95591831207, -11.3698663712, 22.6825008392, 12.8945665359, -9.73269081116, 10.6217460632], [295.047241211, 56.9696464539, -54.7055435181, 312.141967773, 87.9590835571, 10.2264127731, 3.33838438988, 27.6631011963, 71.4314804077, -13.4969682693, -15.738120079, 57.3345298767, 10.5160923004], [150.239562988, 57.0253944397, 13.9200277328, 87.9590835571, 290.739776611, 35.7533149719, 18.0852470398, 35.2332267761, 66.5643463135, -34.5670166016, -33.5177078247, 58.8732185364, 14.3386249542], [16.6446228027, -65.8490753174, 33.574256897, 10.2264127731, 35.7533149719, 227.955978394, 83.1491699219, 56.5534706116, 22.8387069702, 47.5786895752, 5.48301744461, 11.3150348663, -11.0319910049], [69.1250839233, -6.89979982376, 7.57532310486, 3.33838438988, 18.0852470398, 83.1491699219, 153.894287109, 63.1757583618, 18.8151092529, 40.7614822388, 23.7022914886, 9.76187133789, 7.84350395203], [213.82635498, -24.9596004486, 8.95591831207, 27.6631011963, 35.2332267761, 56.5534706116, 63.1757583618, 135.038192749, 53.1164588928, 30.2586364746, 16.4354381561, 24.8066139221, 3.25849056244], [241.477981567, -11.1809597015, -11.3698663712, 71.4314804077, 66.5643463135, 22.8387069702, 18.8151092529, 53.1164588928, 161.70324707, 22.1185703278, 0.748689174652, 39.6675949097, 5.65246152878], [49.4558181763, 6.40801906586, 22.6825008392, -13.4969682693, -34.5670166016, 47.5786895752, 40.7614822388, 30.2586364746, 22.1185703278, 141.054916382, 40.048992157, 3.44939398766, -0.0640482008457], [58.0958557129, -12.4311532974, 12.8945665359, -15.738120079, -33.5177078247, 5.48301744461, 23.7022914886, 16.4354381561, 0.748689174652, 40.048992157, 107.247451782, 6.33778142929, -1.84682309628], [167.717788696, -0.996416807175, -9.73269081116, 57.3345298767, 58.8732185364, 11.3150348663, 9.76187133789, 24.8066139221, 39.6675949097, 3.44939398766, 6.33778142929, 120.32900238, 22.7907085419], [-12.040643692, 47.9921073914, 10.6217460632, 10.5160923004, 14.3386249542, -11.0319910049, 7.84350395203, 3.25849056244, 5.65246152878, -0.0640482008457, -1.84682309628, 22.7907085419, 78.1134796143]], "icov": [[0.000143989847857, 8.22522197268e-05, -6.72006353852e-06, -0.000102933059679, -2.3348868126e-05, 8.72836099006e-05, -9.16434510145e-06, -0.000152958309627, -9.03793843463e-05, -3.19743230648e-05, -5.04039671796e-05, -9.0630579507e-05, 4.21101212851e-05], [8.22522197268e-05, 0.00091523618903, 0.000602503365371, -0.0001258282864, -0.000343205028912, 0.000257782754488, -3.04420318571e-05, 1.90176051547e-05, 0.000158647249918, -0.000366717111319, -3.3016953239e-05, 0.000215228879824, -0.000588308728766], [-6.72006353852e-06, 0.000602503365371, 0.00255065504462, 0.000348648900399, -0.000527853844687, -0.000186627949006, 0.000230207035202, -4.21959921368e-05, 0.000309803144773, -0.000519640336279, -0.000229002849665, 0.000408714200603, -0.000863304478116], [-0.000102933059679, -0.0001258282864, 0.000348648900399, 0.0040550804697, -0.000586182170082, -0.000131599954329, 0.00016343362222, -4.75162778457e-05, -0.00114108528942, 0.000349429639755, 0.000331286748406, -0.00110897095874, -4.30516593042e-05], [-2.3348868126e-05, -0.000343205028912, -0.000527853844687, -0.000586182170082, 0.00481072347611, -0.000672240683343, -0.000348161818692, -0.000357572338544, -0.00132223370019, 0.00155764818192, 0.0011420394294, -0.00159478117712, 1.90836726688e-05], [8.72836099006e-05, 0.000257782754488, -0.000186627949006, -0.000131599954329, -0.000672240683343, 0.00616696616635, -0.00262842513621, -0.00105623411946, 0.000201836402994, -0.00153993698768, 0.000810037192423, -0.000195810251171, 0.0012609284604], [-9.16434510145e-06, -3.04420318571e-05, 0.000230207035202, 0.00016343362222, -0.000348161818692, -0.00262842513621, 0.00974376685917, -0.0032568690367, 0.000494762440212, -0.00105529627763, -0.00129075592849, 0.00044899538625, -0.00138403230812], [-0.000152958309627, 1.90176051547e-05, -4.21959921368e-05, -4.75162778457e-05, -0.000357572338544, -0.00105623411946, -0.0032568690367, 0.0110059529543, -0.00246420293115, -0.000495316402521, -0.000698534538969, -0.0006561470218, 0.000114087182737], [-9.03793843463e-05, 0.000158647249918, 0.000309803144773, -0.00114108528942, -0.00132223370019, 0.000201836402994, 0.000494762440212, -0.00246420293115, 0.00858042296022, -0.00154217111412, 0.000282994500594, -0.00100802059751, 3.0533676636e-06], [-3.19743230648e-05, -0.000366717111319, -0.000519640336279, 0.000349429639755, 0.00155764818192, -0.00153993698768, -0.00105529627763, -0.000495316402521, -0.00154217111412, 0.0095234233886, -0.00256919139065, -0.000224214527407, -8.70944222697e-06], [-5.04039671796e-05, -3.3016953239e-05, -0.000229002849665, 0.000331286748406, 0.0011420394294, 0.000810037192423, -0.00129075592849, -0.000698534538969, 0.000282994500594, -0.00256919139065, 0.0111729549244, -0.00122609524988, 0.000661875179503], [-9.0630579507e-05, 0.000215228879824, 0.000408714200603, -0.00110897095874, -0.00159478117712, -0.000195810251171, 0.00044899538625, -0.0006561470218, -0.00100802059751, -0.000224214527407, -0.00122609524988, 0.0108556514606, -0.00292863091454], [4.21101212851e-05, -0.000588308728766, -0.000863304478116, -4.30516593042e-05, 1.90836726688e-05, 0.0012609284604, -0.00138403230812, 0.000114087182737, 3.0533676636e-06, -8.70944222697e-06, 0.000661875179503, -0.00292863091454, 0.0144716985524]], "mean": [-679.951965332, 125.708511353, -19.591753006, 14.6713142395, 5.32562589645, -0.758101761341, -8.68039608002, -2.87914562225, -8.02631092072, -6.49327135086, -4.03392934799, -4.77324914932, -0.361131519079]}, "pitch_salience": {"dmean": 0.0568790100515, "dmean2": 0.0889390185475, "dvar": 0.00283894711174, "dvar2": 0.00670807622373, "max": 0.85183429718, "mean": 0.553873956203, "median": 0.55978000164, "min": 0.100815743208, "var": 0.0129343271255}, "silence_rate_20dB": {"dmean": 0, "dmean2": 0, "dvar": 0, "dvar2": 0, "max": 1, "mean": 1, "median": 1, "min": 1, "var": 0}, "silence_rate_30dB": {"dmean": 0.000602046959102, "dmean2": 0.00120421475731, "dvar": 0.000601722451393, "dvar2": 0.00160426250659, "max": 1, "mean": 0.999598681927, "median": 1, "min": 0, "var": 0.000401173543651}, "silence_rate_60dB": {"dmean": 0.0361228175461, "dmean2": 0.0722528845072, "dvar": 0.0348234884441, "dvar2": 0.0748713314533, "max": 1, "mean": 0.195946618915, "median": 0, "min": 0, "var": 0.157554283738}, "spectral_centroid": {"dmean": 218.70715332, "dmean2": 328.275634766, "dvar": 104062.445313, "dvar2": 184170.09375, "max": 11780.4267578, "mean": 1453.97912598, "median": 1279.40466309, "min": 125.024368286, "var": 1403907.75}, "spectral_complexity": {"dmean": 2.76379680634, "dmean2": 4.3034620285, "dvar": 11.3625450134, "dvar2": 23.1668624878, "max": 57, "mean": 16.9416065216, "median": 14, "min": 0, "var": 113.707450867}, "spectral_contrast_coeffs": {"dmean": [0.0436710864305, 0.041247215122, 0.0343376845121, 0.0306216925383, 0.02458188124, 0.017398905009], "dmean2": [0.0721848160028, 0.0645840764046, 0.0535422079265, 0.0484716556966, 0.0398227535188, 0.0267521161586], "dvar": [0.00144160457421, 0.00153383612633, 0.000932656927034, 0.000663298822474, 0.000469670863822, 0.00026529605384], "dvar2": [0.00384237058461, 0.00360650010407, 0.00217549689114, 0.00158400763758, 0.00113094167318, 0.000569469295442], "max": [-0.281692534685, -0.325954735279, -0.433460921049, -0.508356690407, -0.548958599567, -0.612228095531], "mean": [-0.58919095993, -0.684819698334, -0.746226191521, -0.749509930611, -0.752945840359, -0.770704805851], "median": [-0.598937630653, -0.697654485703, -0.753989100456, -0.754329562187, -0.757323741913, -0.771918952465], "min": [-0.979764997959, -0.979672133923, -0.976540565491, -0.971634864807, -0.968522012234, -0.965778827667], "var": [0.00879187881947, 0.00891043804586, 0.00497658876702, 0.00340071134269, 0.00276921922341, 0.00195778231137]}, "spectral_contrast_valleys": {"dmean": [0.379614800215, 0.308030813932, 0.284002900124, 0.257658779621, 0.261604785919, 0.334922909737], "dmean2": [0.634649813175, 0.487827718258, 0.448597490788, 0.401389211416, 0.384549766779, 0.431367635727], "dvar": [0.139072701335, 0.116935938597, 0.0993588492274, 0.0910755842924, 0.117605127394, 0.192393437028], "dvar2": [0.333412081003, 0.240360185504, 0.196638852358, 0.174590051174, 0.212010711432, 0.316457390785], "max": [-5.45871019363, -4.83414793015, -5.29729890823, -5.61486387253, -5.34128713608, -7.2463517189], "mean": [-8.40165138245, -7.50885486603, -8.03927612305, -8.15200328827, -8.3015832901, -10.9452295303], "median": [-8.17438697815, -7.316198349, -7.85200643539, -7.99849176407, -8.15623664856, -10.734416008], "min": [-28.3740921021, -28.0908508301, -27.8625717163, -27.8275604248, -27.5313663483, -27.4647884369], "var": [5.00402879715, 4.98867559433, 4.79481172562, 4.79533910751, 5.08073139191, 4.48009300232]}, "spectral_decrease": {"dmean": 1.0708840481e-09, "dmean2": 1.61035940138e-09, "dvar": 3.99643296686e-18, "dvar2": 9.4516700815e-18, "max": 1.99525692237e-28, "mean": -3.83654175096e-09, "median": -2.88735502174e-09, "min": -4.76257326909e-08, "var": 1.41030820282e-17}, "spectral_energy": {"dmean": 0.00441164663061, "dmean2": 0.00660946965218, "dvar": 6.55665062368e-05, "dvar2": 0.000154136825586, "max": 0.187411144376, "mean": 0.0159587040544, "median": 0.0118638593704, "min": 1.00233247219e-20, "var": 0.000244642258622}, "spectral_energyband_high": {"dmean": 0.000349626119714, "dmean2": 0.000491623592097, "dvar": 1.16234434699e-06, "dvar2": 2.21070808948e-06, "max": 0.0255695451051, "mean": 0.000619921658654, "median": 0.000130895423354, "min": 6.98873024981e-21, "var": 3.01420618598e-06}, "spectral_energyband_low": {"dmean": 0.00104198500048, "dmean2": 0.00165131140966, "dvar": 7.03005480318e-06, "dvar2": 1.67370199051e-05, "max": 0.0513617955148, "mean": 0.00248411647044, "median": 0.000808360869996, "min": 1.13864380275e-23, "var": 1.62361975526e-05}, "spectral_energyband_middle_high": {"dmean": 0.00149576400872, "dmean2": 0.00230314768851, "dvar": 1.06432453322e-05, "dvar2": 2.56113762589e-05, "max": 0.0991364568472, "mean": 0.00464557250962, "median": 0.00219127745368, "min": 1.0986714476e-21, "var": 4.22841476393e-05}, "spectral_energyband_middle_low": {"dmean": 0.00313214003108, "dmean2": 0.00479876436293, "dvar": 4.14124915551e-05, "dvar2": 0.000102633166534, "max": 0.171200588346, "mean": 0.00872129853815, "median": 0.00641571450979, "min": 1.70567833093e-22, "var": 9.03210238903e-05}, "spectral_entropy": {"dmean": 0.156662866473, "dmean2": 0.225648954511, "dvar": 0.0383619181812, "dvar2": 0.0721627101302, "max": 9.82823944092, "mean": 7.39775657654, "median": 7.39157772064, "min": 5.28291606903, "var": 0.272249817848}, "spectral_flux": {"dmean": 0.0151593387127, "dmean2": 0.0234723817557, "dvar": 0.000369188346667, "dvar2": 0.000808361219242, "max": 0.36338442564, "mean": 0.056504573673, "median": 0.0468524284661, "min": 6.42979697263e-11, "var": 0.00170491612516}, "spectral_kurtosis": {"dmean": 2.01139783859, "dmean2": 3.32833552361, "dvar": 6.93272590637, "dvar2": 19.6139526367, "max": 65.7892532349, "mean": 6.14991521835, "median": 5.3774356842, "min": -1.28249228001, "var": 18.391494751}, "spectral_rms": {"dmean": 0.000472568965051, "dmean2": 0.00068780669244, "dvar": 3.89494147157e-07, "dvar2": 8.4525049715e-07, "max": 0.0135218398646, "mean": 0.00351434806362, "median": 0.00340213114396, "min": 3.12711575384e-12, "var": 3.21880247611e-06}, "spectral_rolloff": {"dmean": 429.581329346, "dmean2": 696.210632324, "dvar": 766889.0625, "dvar2": 1422935.5, "max": 19745.9472656, "mean": 1933.38171387, "median": 1528.85742188, "min": 107.666015625, "var": 5140996.5}, "spectral_skewness": {"dmean": 0.231844037771, "dmean2": 0.369773834944, "dvar": 0.0622042752802, "dvar2": 0.149085402489, "max": 5.90578794479, "mean": 1.73288822174, "median": 1.7033816576, "min": -0.209063276649, "var": 0.297702521086}, "spectral_spread": {"dmean": 510627.9375, "dmean2": 719634.4375, "dvar": 6810621