{"lowlevel": {"average_loudness": 0.881127893925, "barkbands": {"dmean": [1.57377107826e-05, 0.00094386265846, 0.00154959526844, 0.000848000054248, 0.00296683446504, 0.000585474306718, 0.000401843280997, 0.00044409147813, 0.000488947087433, 0.000363399012713, 0.000225096577196, 0.0001842174388, 0.00016996517661, 0.000134383284603, 0.000185147757293, 0.000160828552907, 0.000250714685535, 0.000236165084061, 0.000292411277769, 0.000125416787341, 6.38740821159e-05, 5.98289734626e-05, 2.40014651354e-05, 9.38259836403e-06, 4.68560801892e-06, 6.62629099679e-06, 2.22153630602e-06], "dmean2": [2.31031444855e-05, 0.00149603420869, 0.00232797558419, 0.00140691478737, 0.0046396763064, 0.000902522879187, 0.000616017787252, 0.000692624191288, 0.000779332884122, 0.00057481310796, 0.000352336443029, 0.000287447182927, 0.000257242558291, 0.00021025663591, 0.000284223759081, 0.000246667827014, 0.000367082335288, 0.000370461028069, 0.00041556317592, 0.000186087447219, 9.41315229284e-05, 8.6570464191e-05, 3.59073383152e-05, 1.44911246025e-05, 7.52565938456e-06, 9.66607422015e-06, 3.8634448174e-06], "dvar": [1.4080633326e-09, 4.08328560297e-06, 1.62876804097e-05, 3.51649873664e-06, 4.83040203108e-05, 1.55395969159e-06, 8.34510899494e-07, 7.06444893694e-07, 9.53524022407e-07, 1.1163756426e-06, 6.60341470393e-07, 1.53605085984e-07, 1.38455902743e-07, 9.45593825463e-08, 1.89984262988e-07, 1.43677723941e-07, 4.34709278352e-07, 1.93682410554e-07, 2.93113231464e-07, 6.62838530729e-08, 1.97504697041e-08, 2.84133268025e-08, 7.51339879201e-09, 8.3165280218e-10, 1.00806273051e-10, 2.2450377668e-10, 4.43338837863e-11], "dvar2": [2.65349342499e-09, 1.01773375718e-05, 3.63873405149e-05, 8.70239000506e-06, 0.00011693459237, 3.35057166012e-06, 1.9051842628e-06, 1.80883444045e-06, 2.34455455939e-06, 2.97694668916e-06, 1.52245320351e-06, 3.78289541914e-07, 2.87685054445e-07, 2.17934314151e-07, 4.26569982892e-07, 3.20423509947e-07, 8.37572258661e-07, 4.52743705637e-07, 5.31220393896e-07, 1.40421860806e-07, 3.7349508375e-08, 5.41350608785e-08, 1.4799341308e-08, 1.75831726956e-09, 2.45805348298e-10, 5.10703035417e-10, 1.16871762268e-10], "max": [0.001317518414, 0.0298854373395, 0.0783672183752, 0.0511926487088, 0.099697239697, 0.0706142187119, 0.0203598290682, 0.0149685703218, 0.0233030878007, 0.0231156013906, 0.0434939153492, 0.0106431711465, 0.0133951930329, 0.0118449227884, 0.0116374948993, 0.011723767966, 0.0226739160717, 0.01429185085, 0.0189590137452, 0.0073920423165, 0.00542321056128, 0.00538720237091, 0.00296374270692, 0.000862407672685, 0.000352245027898, 0.000336407654686, 0.000212101076613], "mean": [2.55345639744e-05, 0.00174553145189, 0.0023282635957, 0.00147070793901, 0.00481626857072, 0.0014192807721, 0.000736143789254, 0.000839100743178, 0.000847846327815, 0.000664381834213, 0.000441265146947, 0.000346692162566, 0.000345658801962, 0.000240529348957, 0.000377483840566, 0.000339555292157, 0.000605115958024, 0.000585783855058, 0.000807375297882, 0.000294724362902, 0.000161300500622, 0.000147723592818, 5.16512009199e-05, 1.85272474482e-05, 9.00335180631e-06, 9.97609913611e-06, 1.925984634e-06], "median": [6.48173272566e-06, 0.000610871997196, 0.000530629709829, 0.000520350295119, 0.00236138724722, 0.000593981298152, 0.000233930608374, 0.00030036518001, 0.000256993400399, 0.000124366546515, 9.61382320384e-05, 9.59167009569e-05, 0.000123157355119, 7.90690464783e-05, 0.000120009579405, 9.10536764422e-05, 0.000161484291311, 0.000294330500765, 0.00036827250733, 0.000101256708149, 8.39168424136e-05, 7.26321159163e-05, 2.49765435001e-05, 9.61313162406e-06, 5.20436969964e-06, 4.37006565335e-06, 5.1068201401e-07], "min": [1.29485522249e-24, 1.06588045614e-24, 2.59389101335e-24, 8.96806955162e-25, 1.93444037305e-24, 7.85179291376e-24, 8.45112840878e-24, 6.65962529303e-24, 1.7393215446e-23, 1.08114665015e-23, 9.86528148825e-24, 1.34206365673e-23, 2.86916378957e-23, 3.64399464582e-23, 4.1885730966e-23, 3.06282819517e-23, 6.03850619297e-23, 8.48838315389e-23, 1.41962903633e-22, 1.86357963273e-22, 2.41666566438e-22, 2.98974723738e-22, 2.88314095331e-22, 5.78273413721e-22, 7.77540284225e-22, 1.29727789637e-21, 1.98766189954e-21], "var": [3.57153195907e-09, 8.07162996352e-06, 3.13902201015e-05, 6.72043552186e-06, 6.39554054942e-05, 6.69329210723e-06, 2.06498657462e-06, 1.83299084711e-06, 2.28990961659e-06, 2.63041033577e-06, 2.40161398324e-06, 4.14394037307e-07, 5.13167094596e-07, 2.41119124667e-07, 6.77950765748e-07, 5.68646271404e-07, 2.1364571694e-06, 7.61321302889e-07, 1.72018962985e-06, 2.67891294925e-07, 6.51667591001e-08, 6.76205758054e-08, 1.56513983995e-08, 1.5238716955e-09, 1.6656534485e-10, 3.01276642523e-10, 3.30736132925e-11]}, "barkbands_crest": {"dmean": 2.43965125084, "dmean2": 3.84703803062, "dvar": 5.98023462296, "dvar2": 14.3894367218, "max": 25.5282516479, "mean": 9.56028175354, "median": 8.70164012909, "min": 2.41854810715, "var": 16.6405944824}, "barkbands_flatness_db": {"dmean": 0.0172191634774, "dmean2": 0.0265323203057, "dvar": 0.00029303797055, "dvar2": 0.000664869905449, "max": 0.336275756359, "mean": 0.12917791307, "median": 0.12380464375, "min": 0.0333535857499, "var": 0.00151672493666}, "barkbands_kurtosis": {"dmean": 2.3148753643, "dmean2": 3.53409862518, "dvar": 18.5372619629, "dvar2": 41.0683631897, "max": 75.5803985596, "mean": 3.13047599792, "median": 0.571744441986, "min": -1.92528879642, "var": 48.0296363831}, "barkbands_skewness": {"dmean": 0.482500463724, "dmean2": 0.714729070663, "dvar": 0.318390876055, "dvar2": 0.660192012787, "max": 8.2103433609, "mean": 1.30992305279, "median": 1.11414957047, "min": -6.59691619873, "var": 1.81053626537}, "barkbands_spread": {"dmean": 5.10665369034, "dmean2": 7.75941038132, "dvar": 34.3112030029, "dvar2": 71.2659225464, "max": 145.059844971, "mean": 25.1863555908, "median": 24.4530391693, "min": 1.00376927853, "var": 149.767227173}, "dissonance": {"dmean": 0.0141055937856, "dmean2": 0.023657348007, "dvar": 0.000182143383427, "dvar2": 0.000500640133396, "max": 0.500000119209, "mean": 0.4662964046, "median": 0.470963329077, "min": 0.327219635248, "var": 0.000472223764518}, "dynamic_complexity": 2.45074892044, "erbbands": {"dmean": [0.0150394439697, 0.269908040762, 1.60064744949, 2.02411365509, 8.64321517944, 9.80229377747, 4.47215557098, 5.17012500763, 5.62280511856, 7.34324216843, 10.0574016571, 10.0401992798, 11.4713611603, 9.45739364624, 8.18253803253, 7.11681270599, 6.98573493958, 6.3756070137, 8.42415618896, 8.53362369537, 10.1479587555, 11.3817834854, 12.1533374786, 11.4183530807, 14.1676702499, 5.25929403305, 2.64113926888, 2.72624969482, 2.27723431587, 1.25087034702, 0.551131129265, 0.303255915642, 0.0982158854604, 0.0546522475779, 0.032014850527, 0.020855654031, 0.0129071185365, 0.00453826738521, 0.000362757826224, 1.22352284961e-05], "dmean2": [0.0240738708526, 0.421705573797, 2.38378095627, 3.22609090805, 14.0357408524, 15.1545133591, 6.57104158401, 8.03363704681, 8.54646778107, 11.4119138718, 15.7819633484, 15.9832782745, 17.9370956421, 14.8643789291, 12.7583560944, 11.3649425507, 10.4810619354, 9.95424461365, 13.0199050903, 12.9294996262, 15.2613430023, 16.6505393982, 18.6989021301, 16.9993953705, 20.102930069, 7.76311683655, 3.77992987633, 4.0577750206, 3.28288888931, 1.86669588089, 0.804669260979, 0.463905334473, 0.152443483472, 0.0896009355783, 0.0508690848947, 0.0312603861094, 0.0189652387053, 0.0072836340405, 0.000637525692582, 1.97470690182e-05], "dvar": [0.000958535121754, 0.348154574633, 16.2985706329, 18.9508190155, 405.968017578, 574.749267578, 153.680892944, 85.9913024902, 144.957962036, 266.296203613, 370.848999023, 390.164154053, 809.928100586, 1244.40222168, 438.1925354, 242.407836914, 294.614807129, 167.914581299, 555.293518066, 416.418273926, 639.574829102, 827.909973145, 583.60925293, 396.380767822, 733.641174316, 122.043807983, 41.59973526, 41.6168746948, 39.1822624207, 23.0373630524, 3.66106724739, 1.01866233349, 0.0644682943821, 0.0125638647005, 0.00494157290086, 0.00194646068849, 0.000884317036252, 0.00014734378783, 1.23599181734e-06, 7.27979398985e-10], "dvar2": [0.00242732092738, 0.837258458138, 34.6757354736, 43.8167953491, 1067.25256348, 1356.91149902, 277.575256348, 197.706848145, 311.67199707, 631.228210449, 954.23034668, 923.677001953, 2061.20263672, 3260.83789062, 996.383789062, 630.405395508, 584.828979492, 419.407775879, 1315.65478516, 868.165039062, 1331.87390137, 1607.41101074, 1352.37084961, 817.277526855, 1338.1697998, 256.419647217, 81.0219726562, 76.6837463379, 73.0220718384, 47.7206916809, 6.59197854996, 2.11321878433, 0.13960878551, 0.0315398536623, 0.011659424752, 0.00445228349417, 0.00201102090068, 0.000359085359378, 3.33976595357e-06, 1.87652138273e-09], "max": [0.691206336021, 9.70427513123, 81.9650268555, 127.921081543, 251.448287964, 441.133575439, 795.852844238, 273.028686523, 293.928344727, 400.574279785, 396.463134766, 540.728149414, 857.926330566, 1289.86816406, 781.244140625, 338.593322754, 754.003845215, 248.458786011, 847.406494141, 730.17175293, 924.463928223, 1052.02819824, 788.130493164, 746.372619629, 868.338439941, 309.500305176, 202.860092163, 284.724822998, 208.212371826, 188.262542725, 71.7992935181, 32.1949577332, 7.56417179108, 3.28459978104, 2.55127429962, 1.28424286842, 0.650395274162, 0.33881342411, 0.0328030288219, 0.000786416174378], "mean": [0.0256585814059, 0.502118468285, 2.55423045158, 3.70775842667, 13.1076831818, 14.8782310486, 10.7752695084, 12.1832723618, 11.6260261536, 14.172041893, 18.9026412964, 18.030172348, 20.9456501007, 19.9314517975, 17.804189682, 14.7722330093, 15.5595970154, 13.288690567, 17.7668209076, 18.8741207123, 24.1039276123, 29.7191562653, 32.2798843384, 34.5116043091, 39.0889892578, 13.8247947693, 6.72160291672, 7.02204084396, 5.78939723969, 2.81518721581, 1.2406001091, 0.604969501495, 0.206231787801, 0.104603022337, 0.0604035966098, 0.0377142094076, 0.0185862351209, 0.00461769057438, 0.000328038382577, 3.19304526784e-05], "median": [0.00941322557628, 0.164444208145, 0.657275438309, 1.64134550095, 5.28217077255, 5.61153173447, 3.71818637848, 4.61187696457, 4.18904447556, 5.31018304825, 8.15102386475, 6.51367330551, 5.56973981857, 4.87183189392, 5.20012140274, 5.0409822464, 6.13625621796, 5.44383764267, 5.94287443161, 6.82897615433, 7.53801727295, 10.419508934, 15.6544113159, 19.4280471802, 17.694683075, 5.66291046143, 2.65434885025, 3.9324889183, 2.78023266792, 1.42998290062, 0.603401422501, 0.311774730682, 0.115710899234, 0.0616390034556, 0.0335371904075, 0.0201524496078, 0.00747314514592, 0.00121602194849, 0.000100334727904, 2.49999666266e-05], "min": [3.08187066633e-23, 2.87692270989e-22, 2.85939010588e-21, 3.28324322747e-21, 9.16646415811e-21, 6.98729237726e-21, 2.31896691996e-20, 7.06452697422e-20, 1.34026148872e-19, 1.52665384431e-19, 1.94629497677e-19, 3.56262838267e-19, 4.94671583895e-19, 5.78514093795e-19, 9.25234498967e-19, 9.30732665102e-19, 1.3713167699e-18, 2.28037482141e-18, 1.78392976228e-18, 3.71372703532e-18, 2.43819715997e-18, 4.02451533507e-18, 5.00490303196e-18, 6.77232082164e-18, 8.27058437977e-18, 9.29769289201e-18, 7.54131051888e-18, 1.0380578193e-17, 1.0463350021e-17, 1.0907029022e-17, 8.70253478692e-18, 9.97998785719e-18, 9.36730427646e-18, 8.36314175441e-18, 5.5284016534e-18, 3.98359181503e-18, 2.22234375874e-18, 9.77237379525e-19, 2.70605649199e-19, 2.80316710816e-20], "var": [0.00212704041041, 0.710229337215, 34.7464790344, 36.237449646, 487.513641357, 803.681884766, 820.134338379, 388.119415283, 503.368011475, 664.839111328, 884.682922363, 901.317138672, 1778.57299805, 3681.10229492, 1535.21398926, 644.966247559, 1144.41271973, 470.837310791, 1836.66174316, 1606.20324707, 3232.11035156, 3974.52709961, 2438.81713867, 2715.88085938, 3652.81933594, 510.193603516, 169.911422729, 117.874946594, 100.452316284, 48.044708252, 7.8876543045, 1.79288864136, 0.128198027611, 0.0195750761777, 0.00857555493712, 0.00301057472825, 0.00117246271111, 0.000139921728987, 8.74064483014e-07, 8.7119184089e-10]}, "erbbands_crest": {"dmean": 2.36332821846, "dmean2": 3.80683112144, "dvar": 5.33651399612, "dvar2": 13.2817878723, "max": 29.4696941376, "mean": 9.36320781708, "median": 8.41537857056, "min": 2.38035106659, "var": 17.2531013489}, "erbbands_flatness_db": {"dmean": 0.0141109460965, "dmean2": 0.0211637765169, "dvar": 0.000195742817596, "dvar2": 0.00041683393647, "max": 0.328836262226, "mean": 0.163298040628, "median": 0.161960557103, "min": 0.0229937937111, "var": 0.00138266570866}, "erbbands_kurtosis": {"dmean": 0.714902698994, "dmean2": 1.14051699638, "dvar": 1.45538210869, "dvar2": 3.41029381752, "max": 36.0498008728, "mean": -0.128175020218, "median": -0.580686330795, "min": -1.82506382465, "var": 3.07643985748}, "erbbands_skewness": {"dmean": 0.338484019041, "dmean2": 0.504562914371, "dvar": 0.111319296062, "dvar2": 0.227863401175, "max": 3.80413174629, "mean": -0.0599469989538, "median": -0.07446372509, "min": -5.18343114853, "var": 0.698268175125}, "erbbands_spread": {"dmean": 6.94866085052, "dmean2": 10.7021245956, "dvar": 53.5392723083, "dvar2": 123.468582153, "max": 134.002029419, "mean": 43.0192718506, "median": 40.7037658691, "min": 3.98206567764, "var": 273.601623535}, "gfcc": {"cov": [[26366.859375, 2121.82983398, -2627.68579102, 881.10534668, -1054.84960938, -157.033599854, -710.047546387, 101.652183533, -653.655639648, -93.5617599487, -472.232177734, 37.9605636597, -439.370727539], [2121.82983398, 649.008300781, -156.745941162, 66.1644134521, -14.0817117691, -8.3752784729, -1.96314203739, 31.7774543762, -37.6637458801, -32.6128768921, -10.431769371, -13.4724216461, -42.0146446228], [-2627.68579102, -156.745941162, 1040.43383789, 35.5007286072, 184.390945435, 75.4589233398, 16.2687969208, -29.7927131653, -4.99564123154, 77.9496688843, -17.4333324432, 41.524597168, -40.8030052185], [881.10534668, 66.1644134521, 35.5007286072, 378.737915039, 34.8810882568, -49.0164527893, -113.725990295, -36.4848976135, 57.9735946655, 19.4295215607, -0.377373635769, 7.22016572952, 4.93096351624], [-1054.84960938, -14.0817117691, 184.390945435, 34.8810882568, 306.14630127, 68.5710678101, 20.6733703613, 56.0968894958, 31.3206596375, 18.8107299805, -2.63341093063, -13.0778245926, 38.3036880493], [-157.033599854, -8.3752784729, 75.4589233398, -49.0164527893, 68.5710678101, 209.69543457, 149.034423828, 56.7621421814, -35.6873207092, 9.33845233917, -6.71356773376, 0.138532444835, -1.11922156811], [-710.047546387, -1.96314203739, 16.2687969208, -113.725990295, 20.6733703613, 149.034423828, 258.614776611, 92.8417434692, -24.0553016663, -8.8062620163, 26.2916889191, -12.318195343, 1.51558065414], [101.652183533, 31.7774543762, -29.7927131653, -36.4848976135, 56.0968894958, 56.7621421814, 92.8417434692, 156.828857422, 26.6488323212, 18.2822666168, -9.90116977692, -22.7203788757, -5.93841171265], [-653.655639648, -37.6637458801, -4.99564123154, 57.9735946655, 31.3206596375, -35.6873207092, -24.0553016663, 26.6488323212, 155.845550537, 31.788684845, 16.6082763672, -14.8149175644, 33.8801727295], [-93.5617599487, -32.6128768921, 77.9496688843, 19.4295215607, 18.8107299805, 9.33845233917, -8.8062620163, 18.2822666168, 31.788684845, 81.6938781738, 14.6076993942, 2.82800936699, -14.1815767288], [-472.232177734, -10.431769371, -17.4333324432, -0.377373635769, -2.63341093063, -6.71356773376, 26.2916889191, -9.90116977692, 16.6082763672, 14.6076993942, 87.6768875122, 22.2971343994, 9.96684837341], [37.9605636597, -13.4724216461, 41.524597168, 7.22016572952, -13.0778245926, 0.138532444835, -12.318195343, -22.7203788757, -14.8149175644, 2.82800936699, 22.2971343994, 80.2571487427, 19.815984726], [-439.370727539, -42.0146446228, -40.8030052185, 4.93096351624, 38.3036880493, -1.11922156811, 1.51558065414, -5.93841171265, 33.8801727295, -14.1815767288, 9.96684837341, 19.815984726, 91.6307144165]], "icov": [[0.000289146177238, -0.000586307782214, 0.00068415660644, -0.000707170634996, 0.000695438706316, -0.000622615742031, 0.000949854729697, -0.000809369084891, 0.00118909589946, -0.000754806620535, 0.00124035414774, -0.000731411506422, 0.000560630403925], [-0.000586307782214, 0.00299488962628, -0.00109276035801, 0.000959113996942, -0.00160499417689, 0.00137704005465, -0.00195567100309, 0.00112453254405, -0.00203692517243, 0.00228008744307, -0.00255641317926, 0.00128644681536, -7.74892614572e-05], [0.00068415660644, -0.00109276035801, 0.00308239343576, -0.00175456900615, 0.00046425772598, -0.001329745166, 0.0014963792637, -0.000804534938652, 0.00260445661843, -0.0029298516456, 0.00399419199675, -0.00307455542497, 0.002773294691], [-0.000707170634996, 0.000959113996942, -0.00175456900615, 0.00514153391123, -0.00203508627601, 0.000988342682831, -0.000771848426666, 0.00244292826392, -0.00422239210457, 0.00172605225816, -0.00324611831456, 0.00151924334932, -0.00112234684639], [0.000695438706316, -0.00160499417689, 0.00046425772598, -0.00203508627601, 0.00694631040096, -0.00363554689102, 0.00423753121868, -0.00445190165192, 0.0031092739664, -0.00139180931728, 0.00152373989113, 0.000577994796913, -0.00204755412415], [-0.000622615742031, 0.00137704005465, -0.001329745166, 0.000988342682831, -0.00363554689102, 0.0117371194065, -0.00876524858177, 0.00258810305968, -0.000700530887116, -0.00118616467807, 0.000741785101127, -0.000148068618728, -0.000996785005555], [0.000949854729697, -0.00195567100309, 0.0014963792637, -0.000771848426666, 0.00423753121868, -0.00876524858177, 0.0141323320568, -0.00772455940023, 0.00441660173237, 0.000961379439104, -0.00160204793792, 0.000340918719303, 0.000369210349163], [-0.000809369084891, 0.00112453254405, -0.000804534938652, 0.00244292826392, -0.00445190165192, 0.00258810305968, -0.00772455940023, 0.0137166958302, -0.00594843830913, -0.00114935310557, 0.000440305302618, 0.00137548334897, 0.000730467727408], [0.00118909589946, -0.00203692517243, 0.00260445661843, -0.00422239210457, 0.0031092739664, -0.000700530887116, 0.00441660173237, -0.00594843830913, 0.0151358358562, -0.00669408077374, 0.00314462580718, 0.00044855120359, -0.00268363277428], [-0.000754806620535, 0.00228008744307, -0.0029298516456, 0.00172605225816, -0.00139180931728, -0.00118616467807, 0.000961379439104, -0.00114935310557, -0.00669408077374, 0.0198580063879, -0.00756770651788, 0.00121957587544, 0.00261347182095], [0.00124035414774, -0.00255641317926, 0.00399419199675, -0.00324611831456, 0.00152373989113, 0.000741785101127, -0.00160204793792, 0.000440305302618, 0.00314462580718, -0.00756770651788, 0.0216844901443, -0.00866582803428, 0.00333721702918], [-0.000731411506422, 0.00128644681536, -0.00307455542497, 0.00151924334932, 0.000577994796913, -0.000148068618728, 0.000340918719303, 0.00137548334897, 0.00044855120359, 0.00121957587544, -0.00866582803428, 0.0193735379726, -0.00775224156678], [0.000560630403925, -7.74892614572e-05, 0.002773294691, -0.00112234684639, -0.00204755412415, -0.000996785005555, 0.000369210349163, 0.000730467727408, -0.00268363277428, 0.00261347182095, 0.00333721702918, -0.00775224156678, 0.0184566415846]], "mean": [-31.2989940643, 84.7464599609, -124.283332825, 41.5626983643, -53.4164886475, -6.59370660782, -31.31300354, 2.54113864899, -26.9531726837, -3.87912034988, -19.5527324677, 1.61434936523, -19.4318084717]}, "hfc": {"dmean": 3.31391429901, "dmean2": 4.53546905518, "dvar": 18.4444503784, "dvar2": 32.4656677246, "max": 94.5158843994, "mean": 16.8233852386, "median": 13.4212656021, "min": 1.08419529034e-16, "var": 178.637893677}, "melbands": {"dmean": [0.000193579107872, 0.000658093427774, 0.00049207767006, 0.00076014600927, 0.000182699484867, 0.000114487105748, 8.44424430397e-05, 8.42199806357e-05, 8.45379981911e-05, 6.56042902847e-05, 5.88776783843e-05, 4.03386584367e-05, 2.86101167148e-05, 2.21548489208e-05, 1.81381728908e-05, 1.45837466334e-05, 1.26943195937e-05, 1.41776554301e-05, 1.29856807689e-05, 1.09954635263e-05, 1.38681580211e-05, 1.25528495118e-05, 1.23110812638e-05, 1.29416148411e-05, 9.5894529295e-06, 1.39172416311e-05, 7.00976897861e-06, 3.14490057463e-06, 1.94107269635e-06, 1.46989304994e-06, 1.8450641619e-06, 1.52831819378e-06, 9.32841430767e-07, 6.76061233662e-07, 3.54592231133e-07, 2.4373119345e-07, 1.75838223981e-07, 7.31412796995e-08, 5.86587454166e-08, 4.37519211971e-08], "dmean2": [0.000309515744448, 0.000985148712061, 0.000797708053142, 0.00119316391647, 0.000272899866104, 0.000177275927854, 0.000128395535285, 0.000131283610244, 0.000133344467031, 0.000103710139228, 9.19835001696e-05, 6.37719713268e-05, 4.45656769443e-05, 3.48088469764e-05, 2.82411183434e-05, 2.18808218051e-05, 1.98825691768e-05, 2.20332294703e-05, 1.98029465537e-05, 1.6776002667e-05, 2.08984565688e-05, 1.85196749953e-05, 1.83021420526e-05, 2.06838030863e-05, 1.44542627822e-05, 1.98518828256e-05, 1.03251286419e-05, 4.79067330161e-06, 2.84160273623e-06, 2.23280153477e-06, 2.78121524389e-06, 2.23994538828e-06, 1.3763175275e-06, 1.03403613139e-06, 5.234186915e-07, 3.67699556136e-07, 2.7369367217e-07, 1.14486418568e-07, 9.73324603137e-08, 7.23116926338e-08], "dvar": [1.61623177064e-07, 2.48760511568e-06, 9.58390046435e-07, 3.64000015907e-06, 1.71528455439e-07, 4.36635083645e-08, 3.0724777389e-08, 2.94377251464e-08, 2.45244393682e-08, 1.81854566961e-08, 2.09016235431e-08, 2.28865211227e-08, 7.23911197653e-09, 2.48824072457e-09, 1.56641166704e-09, 1.04408059975e-09, 7.61005425343e-10, 1.71599168208e-09, 1.01646213668e-09, 6.75400402272e-10, 1.44401712809e-09, 8.85484630064e-10, 1.15146314705e-09, 6.45489162121e-10, 3.18742782168e-10, 9.55787005097e-10, 1.95040983364e-10, 6.72961755765e-11, 2.95264923622e-11, 1.2607674453e-11, 1.94249373531e-11, 1.67493310888e-11, 8.91683168275e-12, 7.76349297349e-12, 1.43202658932e-12, 8.22139665374e-13, 3.05583222572e-13, 4.75544252685e-14, 1.11331156086e-14, 9.09712030098e-15], "dvar2": [4.08717113487e-07, 5.35699700777e-06, 2.46113836511e-06, 8.76819194673e-06, 3.26207896251e-07, 1.00534109038e-07, 6.76517686315e-08, 7.14092607268e-08, 6.31906047488e-08, 4.26779926954e-08, 5.31887422994e-08, 6.04231118473e-08, 1.54289843124e-08, 6.33602237343e-09, 3.50585316333e-09, 2.13622919354e-09, 1.88516247057e-09, 4.05922095936e-09, 2.13941109273e-09, 1.42948775039e-09, 2.92911672695e-09, 1.85271076258e-09, 1.98932115225e-09, 1.7295573862e-09, 6.67480570815e-10, 1.79579473514e-09, 4.09220102249e-10, 1.4405410198e-10, 6.01279928625e-11, 2.51253098188e-11, 3.65313335138e-11, 3.17349063694e-11, 1.82184302366e-11, 1.69564466634e-11, 2.47044030198e-12, 1.76345700195e-12, 6.50194091276e-13, 1.05792964992e-13, 2.7530917067e-14, 2.31488514067e-14], "max": [0.00669660978019, 0.0299820620567, 0.0208387803286, 0.0278003364801, 0.0210563931614, 0.0080633116886, 0.00393487513065, 0.00369100738317, 0.00286150863394, 0.00373768620193, 0.00416979985312, 0.00478371791542, 0.00423693470657, 0.00130721740425, 0.00109519856051, 0.00131591456011, 0.00056457798928, 0.00176701613236, 0.0011758224573, 0.000967075233348, 0.00158806936815, 0.000807561678812, 0.00134155387059, 0.000896113284398, 0.000645840424113, 0.00112160656136, 0.0003633016604, 0.000263046385953, 0.000183172509423, 0.000142664284795, 0.000199427522602, 0.000144141202327, 9.37545119086e-05, 0.00011899801757, 5.81006897846e-05, 3.18701568176e-05, 1.82549410965e-05, 7.38213020668e-06, 2.7650296488e-06, 2.72241959465e-06], "mean": [0.000356192555046, 0.00112055649515, 0.000910368456971, 0.00112606270704, 0.000417058792664, 0.000273675163044, 0.000173966182047, 0.000162296099006, 0.00015244151291, 0.000115009817819, 0.000105143059045, 8.1762271293e-05, 5.97313337494e-05, 4.3272098992e-05, 3.72257054551e-05, 3.0167391742e-05, 2.34608305618e-05, 2.74984631687e-05, 2.64972059085e-05, 2.28062217502e-05, 3.05509456666e-05, 2.99177863781e-05, 3.06601432385e-05, 3.0496124964e-05, 2.58743020822e-05, 3.54183794116e-05, 1.76255925908e-05, 7.09452979208e-06, 4.32953220297e-06, 3.45769785781e-06, 4.36964819528e-06, 3.66480117009e-06, 2.08031337934e-06, 1.35508435051e-06, 7.48388970351e-07, 4.87476881972e-07, 3.13399311835e-07, 1.40707783203e-07, 1.16212824253e-07, 7.64472787296e-08], "median": [0.000134190704557, 0.000330569862854, 0.000440425676061, 0.000499256246258, 0.000150488704094, 0.000105579340016, 6.35058313492e-05, 5.88520051679e-05, 6.09312264714e-05, 3.68933069694e-05, 2.43378326559e-05, 1.64130888152e-05, 1.57161157404e-05, 1.23030749819e-05, 1.14399272206e-05, 1.17533463708e-05, 7.69216785557e-06, 7.89044861449e-06, 8.0935888036e-06, 7.11045640855e-06, 7.64452033764e-06, 8.84658766154e-06, 1.05952740341e-05, 1.49411544044e-05, 1.2943173715e-05, 1.39738585858e-05, 6.83388770994e-06, 2.02350815925e-06, 1.20488380162e-06, 1.67483915448e-06, 2.29827969633e-06, 1.6121259705e-06, 1.01445016298e-06, 6.39376253275e-07, 3.29752111838e-07, 2.4728791459e-07, 1.51834683493e-07, 7.04968030618e-08, 7.53058273517e-08, 4.20960333258e-08], "min": [4.95211476165e-25, 1.29605961588e-24, 7.56848338041e-25, 4.45869705657e-25, 9.6329067314e-25, 1.61402203386e-24, 2.21092941501e-24, 2.00938669499e-24, 1.77459881263e-24, 2.04267840013e-24, 2.34269817682e-24, 2.09729281832e-24, 2.71848133814e-24, 1.83017307733e-24, 1.94762401371e-24, 3.00234721564e-24, 2.63752724875e-24, 2.2358532781e-24, 3.51876771028e-24, 3.20126559264e-24, 2.77997422899e-24, 3.49238780718e-24, 3.07577793857e-24, 4.44624330946e-24, 4.44592934282e-24, 5.13610256551e-24, 4.6568723266e-24, 5.23145257755e-24, 3.71522641898e-24, 3.95113606154e-24, 4.01645177234e-24, 4.53829272748e-24, 4.45059545508e-24, 5.0941876246e-24, 4.25119863394e-24, 5.68697005208e-24, 5.816261199e-24, 5.83485820041e-24, 5.83105865186e-24, 5.64191505034e-24], "var": [3.347234383e-07, 5.36287461728e-06, 1.62420644756e-06, 4.41307111032e-06, 8.32023999919e-07, 1.97652553879e-07, 1.0223570257e-07, 7.67672645452e-08, 5.84060018127e-08, 4.31595914563e-08, 4.62107863086e-08, 6.5773157587e-08, 2.93045552269e-08, 6.65687727164e-09, 5.28989030357e-09, 3.73138675513e-09, 1.8801278312e-09, 5.4658224613e-09, 4.02399091826e-09, 2.31045826915e-09, 7.28078219936e-09, 3.87726561968e-09, 5.58838486597e-09, 2.04042560625e-09, 2.12352602169e-09, 4.34836433527e-09, 8.02129196398e-10, 2.37462743913e-10, 1.14612472291e-10, 3.76677994351e-11, 5.20512313806e-11, 4.27047355811e-11, 1.77219402347e-11, 1.51942972093e-11, 3.21232363626e-12, 1.2925894079e-12, 5.2696302183e-13, 8.82729626157e-14, 1.8716436414e-14, 1.2822576185e-14]}, "melbands_crest": {"dmean": 3.23138070107, "dmean2": 5.07452774048, "dvar": 9.65464401245, "dvar2": 23.2410373688, "max": 33.496547699, "mean": 13.7948856354, "median": 12.8350877762, "min": 1.6035451889, "var": 33.2830810547}, "melbands_flatness_db": {"dmean": 0.0210645347834, "dmean2": 0.031653214246, "dvar": 0.000478569010738, "dvar2": 0.00102609430905, "max": 0.435848265886, "mean": 0.185342773795, "median": 0.180403441191, "min": 0.00322926207446, "var": 0.00312843569554}, "melbands_kurtosis": {"dmean": 6.04946374893, "dmean2": 9.35357284546, "dvar": 125.776985168, "dvar2": 280.22668457, "max": 210.462585449, "mean": 12.4200344086, "median": 5.68676757812, "min": -1.91080093384, "var": 347.13092041}, "melbands_skewness": {"dmean": 0.651067972183, "dmean2": 0.986286222935, "dvar": 0.631448030472, "dvar2": 1.37417054176, "max": 12.7943267822, "mean": 2.59690380096, "median": 2.25636816025, "min": -1.41899383068, "var": 3.08550715446}, "melbands_spread": {"dmean": 7.69849205017, "dmean2": 11.5673332214, "dvar": 105.074584961, "dvar2": 210.990478516, "max": 208.409194946, "mean": 31.547460556, "median": 26.2149925232, "min": 0.882131159306, "var": 594.838195801}, "mfcc": {"cov": [[7652.40771484, 1306.73364258, -437.158691406, 498.216369629, -62.6811180115, -10.0430183411, -16.4865818024, 142.327331543, -42.7486228943, -11.1186122894, -29.9726524353, -52.5055465698, -65.4874267578], [1306.73364258, 790.754150391, 2.60175728798, 67.6526260376, 8.21588611603, -7.0536570549, 101.774215698, 66.4002990723, 13.6375274658, -17.5084762573, 29.1783676147, -0.503383815289, 1.70778906345], [-437.158691406, 2.60175728798, 564.25402832, 107.943099976, 51.8306350708, 95.111289978, 1.69743144512, -32.5738754272, -11.5404748917, -59.8715629578, 19.1685352325, 34.7402458191, 32.7532539368], [498.216369629, 67.6526260376, 107.943099976, 333.04107666, 157.188323975, 20.1911659241, -105.408035278, -36.6435585022, -13.08552742, -14.5047264099, -15.5057477951, 17.7207698822, 32.3641204834], [-62.6811180115, 8.21588611603, 51.8306350708, 157.188323975, 290.311737061, 32.6521492004, -54.9204063416, -41.2570953369, 41.0076904297, 7.68934583664, -31.955657959, 28.5932102203, 5.60004043579], [-10.0430183411, -7.0536570549, 95.111289978, 20.1911659241, 32.6521492004, 143.676101685, 58.5646972656, 12.8856067657, 8.11468887329, -10.2215909958, -3.09293889999, 7.01960706711, 0.777189075947], [-16.4865818024, 101.774215698, 1.69743144512, -105.408035278, -54.9204063416, 58.5646972656, 268.716125488, 98.3356170654, 33.8148612976, 40.7531814575, 20.5125732422, -13.2857894897, 9.66020584106], [142.327331543, 66.4002990723, -32.5738754272, -36.6435585022, -41.2570953369, 12.8856067657, 98.3356170654, 122.714958191, 41.5807495117, 21.4482822418, 16.8543109894, -0.809975683689, 8.95003318787], [-42.7486228943, 13.6375274658, -11.5404748917, -13.08552742, 41.0076904297, 8.11468887329, 33.8148612976, 41.5807495117, 125.905700684, 55.3816299438, -4.30481147766, 27.1144046783, -0.202305927873], [-11.1186122894, -17.5084762573, -59.8715629578, -14.5047264099, 7.68934583664, -10.2215909958, 40.7531814575, 21.4482822418, 55.3816299438, 145.964111328, 36.8896217346, -22.1420040131, 2.87839722633], [-29.9726524353, 29.1783676147, 19.1685352325, -15.5057477951, -31.955657959, -3.09293889999, 20.5125732422, 16.8543109894, -4.30481147766, 36.8896217346, 107.888298035, 13.4773864746, -3.06160497665], [-52.5055465698, -0.503383815289, 34.7402458191, 17.7207698822, 28.5932102203, 7.01960706711, -13.2857894897, -0.809975683689, 27.1144046783, -22.1420040131, 13.4773864746, 121.648086548, 24.8731117249], [-65.4874267578, 1.70778906345, 32.7532539368, 32.3641204834, 5.60004043579, 0.777189075947, 9.66020584106, 8.95003318787, -0.202305927873, 2.87839722633, -3.06160497665, 24.8731117249, 90.3290557861]], "icov": [[0.000260655768216, -0.000402488745749, 0.000268939242233, -0.000548853131477, 0.000348788627889, -0.000219868161366, 0.00011667603394, -0.000203909556149, 0.000121925651911, -0.000133236739202, 0.000231572121265, -8.64089161041e-05, 0.000319869403029], [-0.000402488745749, 0.00214022141881, -0.000320033141179, 0.000119570133393, -0.000546188442968, 0.000901821884327, -0.00108251336496, 2.87428997581e-06, -0.000514798739459, 0.000991550623439, -0.000954890158027, 0.000323827582179, -0.000271757598966], [0.000268939242233, -0.000320033141179, 0.00268400181085, -0.00132328132167, 0.000507634191308, -0.00155105814338, -0.000314807664836, 0.000935510848649, -0.000671366578899, 0.001288013882, -0.000975648697931, 7.14325942681e-05, -0.000470506027341], [-0.000548853131477, 0.000119570133393, -0.00132328132167, 0.00667762104422, -0.00332452007569, -0.0003245586704, 0.00229183165357, -0.000872785341926, 0.00138662906829, -0.0006829170743, -9.31082468014e-05, 0.000263363355771, -0.00231341575272], [0.000348788627889, -0.000546188442968, 0.000507634191308, -0.00332452007569, 0.00618342682719, -0.00126868858933, -4.55395711469e-05, 0.00183888210449, -0.00219071772881, -0.000509232922923, 0.0014153191587, -0.000854050274938, 0.00101497338619], [-0.000219868161366, 0.000901821884327, -0.00155105814338, -0.0003245586704, -0.00126868858933, 0.00966779887676, -0.00303504476324, 5.70853335375e-05, -0.000170260536834, 0.0010105879046, 8.31308934721e-05, -0.000148253064253, 0.000827701413073], [0.00011667603394, -0.00108251336496, -0.000314807664836, 0.00229183165357, -4.55395711469e-05, -0.00303504476324, 0.00762309413403, -0.00472843833268, 0.000979556003585, -0.00212561734952, 0.000601351552177, 0.000303670181893, -0.000913054565899], [-0.000203909556149, 2.87428997581e-06, 0.000935510848649, -0.000872785341926, 0.00183888210449, 5.70853335375e-05, -0.00472843833268, 0.0147512611002, -0.00564936036244, 0.00231977296062, -0.00242979824543, 0.0012270406587, -0.00175160483923], [0.000121925651911, -0.000514798739459, -0.000671366578899, 0.00138662906829, -0.00219071772881, -0.000170260536834, 0.000979556003585, -0.00564936036244, 0.0146656036377, -0.00691015599295, 0.0041415784508, -0.00479063438252, 0.0021495942492], [-0.000133236739202, 0.000991550623439, 0.001288013882, -0.0006829170743, -0.000509232922923, 0.0010105879046, -0.00212561734952, 0.00231977296062, -0.00691015599295, 0.0126059260219, -0.00591615308076, 0.00445510214195, -0.00216179783456], [0.000231572121265, -0.000954890158027, -0.000975648697931, -9.31082468014e-05, 0.0014153191587, 8.31308934721e-05, 0.000601351552177, -0.00242979824543, 0.0041415784508, -0.00591615308076, 0.0131734265015, -0.00384246953763, 0.00236341333948], [-8.64089161041e-05, 0.000323827582179, 7.14325942681e-05, 0.000263363355771, -0.000854050274938, -0.000148253064253, 0.000303670181893, 0.0012270406587, -0.00479063438252, 0.00445510214195, -0.00384246953763, 0.0114418705925, -0.00372243812308], [0.000319869403029, -0.000271757598966, -0.000470506027341, -0.00231341575272, 0.00101497338619, 0.000827701413073, -0.000913054565899, -0.00175160483923, 0.0021495942492, -0.00216179783456, 0.00236341333948, -0.00372243812308, 0.0136871319264]], "mean": [-660.835021973, 112.780395508, -13.6889638901, 43.1873931885, -4.86164855957, 1.67574512959, -4.53050374985, 7.11025810242, -8.41915512085, -3.50166583061, 2.31396055222, -7.54896974564, -5.68696165085]}, "pitch_salience": {"dmean": 0.0615876317024, "dmean2": 0.0986815541983, "dvar": 0.00353856268339, "dvar2": 0.00918444339186, "max": 0.823718369007, "mean": 0.530264079571, "median": 0.533029198647, "min": 0.11041508615, "var": 0.0103130117059}, "silence_rate_20dB": {"dmean": 0, "dmean2": 0, "dvar": 0, "dvar2": 0, "max": 1, "mean": 1, "median": 1, "min": 1, "var": 0}, "silence_rate_30dB": {"dmean": 0.000265392794972, "dmean2": 0.000530856021214, "dvar": 0.000265337264864, "dvar2": 0.000796061940491, "max": 1, "mean": 0.999867320061, "median": 1, "min": 0, "var": 0.000132655783091}, "silence_rate_60dB": {"dmean": 0.0156581737101, "dmean2": 0.0313205048442, "dvar": 0.0154121555388, "dvar2": 0.0348486974835, "max": 1, "mean": 0.0620936714113, "median": 0, "min": 0, "var": 0.0582411922514}, "spectral_centroid": {"dmean": 268.652618408, "dmean2": 396.632720947, "dvar": 101749.84375, "dvar2": 191150.53125, "max": 11596.8720703, "mean": 1841.21337891, "median": 1681.5925293, "min": 210.057983398, "var": 1905911.875}, "spectral_complexity": {"dmean": 2.44665598869, "dmean2": 3.80199074745, "dvar": 5.96529865265, "dvar2": 12.4468107224, "max": 57, "mean": 16.3107337952, "median": 16, "min": 0, "var": 68.5738754272}, "spectral_contrast_coeffs": {"dmean": [0.0492283441126, 0.0450139269233, 0.0356049127877, 0.0279544442892, 0.0227706898004, 0.0174684934318], "dmean2": [0.0800643786788, 0.0732157230377, 0.0580043904483, 0.045224763453, 0.0345766693354, 0.0268718469888], "dvar": [0.00191478640772, 0.00145009416156, 0.000849702220876, 0.000530618126504, 0.000396824470954, 0.000290554016829], "dvar2": [0.0047040306963, 0.00378784677014, 0.00215150951408, 0.00127174321096, 0.000825850234833, 0.000636380515061], "max": [-0.291919589043, -0.355485796928, -0.505729198456, -0.499602854252, -0.495026826859, -0.535351574421], "mean": [-0.591439783573, -0.707705080509, -0.750102937222, -0.760103225708, -0.735542178154, -0.711559176445], "median": [-0.588330507278, -0.713817119598, -0.754921257496, -0.762146949768, -0.736725628376, -0.71009773016], "min": [-0.981471598148, -0.979548037052, -0.984982550144, -0.983774006367, -0.979831278324, -0.968030452728], "var": [0.010157790035, 0.00830320827663, 0.00566519377753, 0.00399085087702, 0.00436849426478, 0.00256780930795]}, "spectral_contrast_valleys": {"dmean": [0.390188455582, 0.339722633362, 0.280742108822, 0.242163196206, 0.199113532901, 0.235974669456], "dmean2": [0.63548964262, 0.560041964054, 0.455018222332, 0.38725912571, 0.303277224302, 0.360399574041], "dvar": [0.129814043641, 0.112426027656, 0.0817958936095, 0.0692585036159, 0.0588731616735, 0.10013705492], "dvar2": [0.285203456879, 0.24941021204, 0.16338391602, 0.127855330706, 0.0953169167042, 0.206686139107], "max": [-5.60686445236, -4.9708981514, -5.58553361893, -6.26874828339, -5.61375617981, -8.66194629669], "mean": [-8.04579162598, -7.47932815552, -8.11029052734, -8.39844226837, -7.96833229065, -10.9429769516], "median": [-7.60704946518, -7.03701114655, -7.72356843948, -8.06400585175, -7.61892604828, -10.6576747894], "min": [-28.1116962433, -28.5232486725, -27.7885456085, -27.6542320251, -27.5398731232, -27.4505176544], "var": [7.31440258026, 7.48810148239, 7.01338863373, 6.67737293243, 6.86175584793, 4.99474334717]}, "spectral_decrease": {"dmean": 1.42932721214e-09, "dmean2": 2.12588524562e-09, "dvar": 5.40767960609e-18, "dvar2": 1.20050318758e-17, "max": 9.20931542644e-17, "mean": -4.80929918112e-09, "median": -3.89824217351e-09, "min": -3.08523588899e-08, "var": 1.39312981216e-17}, "spectral_energy": {"dmean": 0.00558140221983, "dmean2": 0.00826934631914, "dvar": 7.98296168796e-05, "dvar2": 0.000176461311639, "max": 0.120755918324, "mean": 0.0196773055941, "median": 0.016189981252, "min": 9.99984054732e-21, "var": 0.000218705332372}, "spectral_energyband_high": {"dmean": 0.000172571031726, "dmean2": 0.000241616406129, "dvar": 1.58018139018e-07, "dvar2": 2.72525710443e-07, "max": 0.012963892892, "mean": 0.00050517427735, "median": 0.00029405154055, "min": 7.01817513311e-21, "var": 5.37440655535e-07}, "spectral_energyband_low": {"dmean": 0.00245608924888, "dmean2": 0.00370364706032, "dvar": 2.85805417661e-05, "dvar2": 6.33580784779e-05, "max": 0.0998219698668, "mean": 0.00464004091918, "median": 0.00184534257278, "min": 1.36549377225e-23, "var": 6.18558915448e-05}, "spectral_energyband_middle_high": {"dmean": 0.00110673124436, "dmean2": 0.00159256812185, "dvar": 2.54413953371e-06, "dvar2": 5.46561841475e-06, "max": 0.0453548170626, "mean": 0.00482062250376, "median": 0.00320878461935, "min": 1.21016765955e-21, "var": 2.48940596066e-05}, "spectral_energyband_middle_low": {"dmean": 0.00404697377235, "dmean2": 0.00619006576017, "dvar": 5.88044858887e-05, "dvar2": 0.000137248047395, "max": 0.110836304724, "mean": 0.0103425513953, "median": 0.00783838611096, "min": 1.5958715435e-22, "var": 0.000105991632154}, "spectral_entropy": {"dmean": 0.124622471631, "dmean2": 0.191120281816, "dvar": 0.015781102702, "dvar2": 0.0338781252503, "max": 9.8257932663, "mean": 7.4653840065, "median": 7.44441175461, "min": 5.86848449707, "var": 0.177238658071}, "spectral_flux": {"dmean": 0.0192405004054, "dmean2": 0.0308942459524, "dvar": 0.000542453955859, "dvar2": 0.0012721036328, "max": 0.273945301771, "mean": 0.0653556883335, "median": 0.0587704852223, "min": 6.31048754918e-11, "var": 0.00134452071507}, "spectral_kurtosis": {"dmean": 1.24330115318, "dmean2": 2.154733181, "dvar": 1.52263271809, "dvar2": 4.5344004631, "max": 21.923406601, "mean": 3.88255906105, "median": 3.72802686691, "min": -1.28286898136, "var": 3.50606393814}, "spectral_rms": {"dmean": 0.000571644050069, "dmean2": 0.000827337207738, "dvar": 5.52032418e-07, "dvar2": 1.11611700504e-06, "max": 0.010854061693, "mean": 0.00407075230032, "median": 0.00397430546582, "min": 3.12345028314e-12, "var": 2.62643561655e-06}, "spectral_rolloff": {"dmean": 451.569366455, "dmean2": 742.681030273, "dvar": 538319.375, "dvar2": 1067045.875, "max": 21533.203125, "mean": 2129.69677734, "median": 1658.05664062, "min": 86.1328125, "var": 7085253}, "spectral_skewness": {"dmean": 0.182339310646, "dmean2": 0.294116079807, "dvar": 0.0291928555816, "dvar2": 0.0710513219237, "max": 4.20677375793, "mean": 1.19426524639, "median": 1.21538162231, "min": -0.341085612774, "var": 0.123339354992}, "spectral_spread": {"dmean": 349520.875, "dmean2": 549426.0625, "dvar": 357076172800, "dvar2": 672806273024,