{"lowlevel": {"average_loudness": 0.533012747765, "barkbands": {"dmean": [9.36508627092e-07, 0.00020409298304, 0.000321264524246, 0.000267870957032, 0.00103887799196, 0.000650989997666, 0.00169697054662, 0.000879612809513, 0.000866508577019, 0.000399461161578, 0.000179319031304, 0.000250152748777, 0.000186444449355, 0.000193902553292, 0.000442247226601, 0.00021791330073, 0.000152375374455, 7.6528180216e-05, 5.64479014429e-05, 4.61066229036e-05, 1.15853654279e-05, 1.38652740134e-05, 1.99952155526e-05, 8.91078980203e-06, 2.35442439589e-05, 7.76172510086e-06, 1.49629750013e-06], "dmean2": [1.62388084846e-06, 0.000335629098117, 0.00055496027926, 0.00045445348951, 0.0016474428121, 0.00100989558268, 0.00233111763373, 0.00124328921083, 0.00127736537252, 0.000582160311751, 0.000275672005955, 0.000380039884476, 0.000269691925496, 0.000303876237012, 0.00070964632323, 0.000333784875693, 0.000251801800914, 0.000116193339636, 7.99688350526e-05, 6.98695876054e-05, 1.77364217961e-05, 2.08308520087e-05, 3.0595339922e-05, 1.28114188556e-05, 3.79688499379e-05, 1.06869219962e-05, 2.46316494668e-06], "dvar": [9.01019710231e-12, 5.05997377331e-07, 1.03194156509e-06, 4.52047089539e-07, 3.46089223058e-06, 1.72244324403e-06, 1.7526841475e-05, 1.19949136206e-05, 7.94129755377e-06, 1.34194294787e-06, 5.42698046502e-07, 7.53260565034e-07, 6.30284603176e-07, 5.02882812725e-07, 4.04949150834e-06, 8.3239245896e-07, 1.40131930948e-07, 2.61717438832e-08, 1.34954145636e-08, 9.09407749106e-09, 9.56406842612e-10, 1.06642039643e-09, 6.79159839478e-09, 6.35790198267e-10, 1.02578994188e-08, 3.43181238982e-09, 1.35822783576e-10], "dvar2": [2.41848971405e-11, 1.32421132548e-06, 2.78234051621e-06, 1.24600569507e-06, 9.15899272513e-06, 4.06802382713e-06, 3.2941072277e-05, 2.40117424255e-05, 1.99587157113e-05, 2.8045203635e-06, 1.27536247874e-06, 1.7165053805e-06, 1.39965425205e-06, 1.23620520753e-06, 1.09543898361e-05, 1.86743761788e-06, 3.88430976273e-07, 6.29446290645e-08, 2.71533640017e-08, 2.0681106605e-08, 2.34984787184e-09, 2.47479814419e-09, 1.64021098925e-08, 1.257559612e-09, 2.69549929044e-08, 7.45971107108e-09, 3.62179813918e-10], "max": [4.8334357416e-05, 0.0121111106128, 0.0236323177814, 0.0213894583285, 0.0369972847402, 0.0271665379405, 0.102481178939, 0.11182834208, 0.0792703405023, 0.0290172062814, 0.0245234128088, 0.035472150892, 0.0275775715709, 0.017371404916, 0.0565131269395, 0.0353586748242, 0.00930688995868, 0.00402344437316, 0.00308253546245, 0.00216182041913, 0.000655860814732, 0.00060119171394, 0.00231338385493, 0.000626900815405, 0.00189240730833, 0.00210031401366, 0.000320932915201], "mean": [8.42955785174e-07, 0.000373885559384, 0.000491211598273, 0.000437550712377, 0.00194807758089, 0.00126387563068, 0.00361852976494, 0.00140380987432, 0.00143447006121, 0.000762986252084, 0.000276712235063, 0.000434637651779, 0.000337535719154, 0.000317670637742, 0.00079520518193, 0.000386123138014, 0.000368685403373, 0.000165610021213, 0.000142635952216, 0.00010745612235, 2.38855955104e-05, 3.10934119625e-05, 2.7580816095e-05, 1.6272531866e-05, 2.63839447143e-05, 1.10323217086e-05, 1.53828307248e-06], "median": [1.80690804541e-07, 0.000125938109704, 0.000186948687769, 0.000199831280042, 0.00115857087076, 0.000577290717047, 0.000639955222141, 0.000143443176057, 0.000267243798589, 0.000128020561533, 2.39461824094e-05, 7.65463992138e-05, 3.53289469786e-05, 4.36758091382e-05, 3.79368721042e-05, 2.73319401458e-05, 4.43493408966e-05, 4.58445720142e-05, 3.35579316015e-05, 2.87841121462e-05, 4.84909469378e-06, 7.61057572163e-06, 3.70959446627e-06, 2.43558247348e-06, 1.40590100273e-06, 3.58199343964e-07, 1.90724058768e-08], "min": [5.6234368711e-26, 3.36140494805e-24, 1.99679253064e-24, 1.92533768241e-25, 9.214768642e-24, 5.30503752279e-24, 8.01860228534e-24, 1.05252164891e-23, 1.69635024005e-23, 1.69557952295e-23, 1.83117493068e-23, 2.51521988742e-23, 2.93362287631e-23, 3.3368582788e-23, 3.0585841235e-23, 4.85757668469e-23, 6.06599515562e-23, 8.62349861865e-23, 1.51433058893e-22, 1.74190080421e-22, 2.37594100414e-22, 3.01166949261e-22, 3.49295365711e-22, 5.83870110476e-22, 8.32307274426e-22, 1.26189270112e-21, 1.81560813018e-21], "var": [7.13951640863e-12, 4.97737119076e-07, 1.01121213447e-06, 4.7911061074e-07, 6.05429568168e-06, 3.68283508578e-06, 6.84035330778e-05, 2.53775288002e-05, 1.31425877044e-05, 4.28093153459e-06, 1.3249522226e-06, 1.90714240489e-06, 2.02632554647e-06, 1.14138424578e-06, 1.1490844372e-05, 1.59311400694e-06, 6.15597457454e-07, 8.40486791276e-08, 6.85821959223e-08, 3.58097551612e-08, 1.91346627432e-09, 3.10208969623e-09, 7.33815497256e-09, 1.50466694659e-09, 9.58693746611e-09, 4.8703108213e-09, 1.07267340843e-10]}, "barkbands_crest": {"dmean": 2.45545172691, "dmean2": 3.83102345467, "dvar": 5.15781402588, "dvar2": 12.2331771851, "max": 25.7962112427, "mean": 11.0936002731, "median": 10.150229454, "min": 2.8348107338, "var": 20.0050697327}, "barkbands_flatness_db": {"dmean": 0.0203037410975, "dmean2": 0.0287371557206, "dvar": 0.000346130080288, "dvar2": 0.000655013311189, "max": 0.376937240362, "mean": 0.173411652446, "median": 0.173259183764, "min": 0.0208205915987, "var": 0.00280348700471}, "barkbands_kurtosis": {"dmean": 2.65048217773, "dmean2": 4.00442552567, "dvar": 12.6098947525, "dvar2": 29.1018180847, "max": 64.3177566528, "mean": 5.98518610001, "median": 3.69802284241, "min": -1.82051050663, "var": 60.9335517883}, "barkbands_skewness": {"dmean": 0.445996671915, "dmean2": 0.661664783955, "dvar": 0.192195773125, "dvar2": 0.430358856916, "max": 7.159283638, "mean": 1.71936571598, "median": 1.67924368382, "min": -2.27829217911, "var": 1.64103960991}, "barkbands_spread": {"dmean": 3.40157365799, "dmean2": 5.00334882736, "dvar": 19.9709224701, "dvar2": 43.1799278259, "max": 107.126266479, "mean": 13.9826555252, "median": 11.3687362671, "min": 1.32584178448, "var": 86.4333114624}, "dissonance": {"dmean": 0.0229305122048, "dmean2": 0.0376725271344, "dvar": 0.000472829589853, "dvar2": 0.0012754740892, "max": 0.499968230724, "mean": 0.442630499601, "median": 0.450121253729, "min": 0.249758422375, "var": 0.0013992220629}, "dynamic_complexity": 7.45810699463, "erbbands": {"dmean": [0.00288314768113, 0.0583765804768, 0.300738841295, 0.703614771366, 2.1133813858, 4.30857753754, 4.21927022934, 6.0913734436, 22.9203128815, 15.9781112671, 22.641462326, 20.4810943604, 14.8876743317, 10.4551086426, 7.90016746521, 9.47178459167, 8.29684734344, 9.68308448792, 11.5523052216, 24.7623767853, 8.61132907867, 6.67074632645, 4.78468608856, 1.91581881046, 3.45875644684, 1.74568927288, 0.540804207325, 0.460182219744, 0.542037010193, 0.369064331055, 0.751960635185, 0.270508408546, 0.131528809667, 0.374426752329, 0.109013557434, 0.0273960847408, 0.0165091771632, 0.00505973538384, 0.000120226839499, 7.63334719522e-06], "dmean2": [0.00463797990233, 0.0966153070331, 0.519426941872, 1.19469475746, 3.43928337097, 6.8748292923, 6.71406841278, 9.38830280304, 31.5066318512, 22.2208499908, 32.1899757385, 29.7370986938, 22.1362457275, 14.6775426865, 11.7847013474, 14.281375885, 11.8346967697, 14.9981603622, 18.237985611, 39.9649200439, 13.6020374298, 10.8414163589, 7.42134094238, 2.75818634033, 4.94357252121, 2.66014266014, 0.832456290722, 0.701954305172, 0.822087109089, 0.551382601261, 1.16467952728, 0.393915176392, 0.193887174129, 0.621544659138, 0.16655164957, 0.0380819141865, 0.0228273328394, 0.00793358590454, 0.000189370752196, 1.06240167952e-05], "dvar": [0.000102709062048, 0.042006611824, 1.02083468437, 2.61793661118, 21.8134002686, 61.4882125854, 91.4347686768, 172.465240479, 3422.18481445, 2240.48754883, 7973.57226562, 4364.70458984, 2555.61254883, 1009.3973999, 704.037536621, 1367.9564209, 1078.76855469, 1232.37585449, 2256.02197266, 14631.8046875, 372.31640625, 262.165039062, 93.1174316406, 10.5700798035, 53.1191177368, 13.0803594589, 2.06021094322, 1.42487609386, 1.51281547546, 1.03191888332, 12.1306247711, 0.615413665771, 0.128982692957, 3.05142903328, 0.155304774642, 0.0174008812755, 0.0182491727173, 0.0020213322714, 9.65839035416e-07, 5.79514825017e-10], "dvar2": [0.000248605007073, 0.111572191119, 2.74550104141, 6.93381500244, 59.4621009827, 166.196884155, 248.849258423, 402.392028809, 6569.32910156, 3930.87353516, 15692.5224609, 10708.6044922, 6459.07470703, 1684.64904785, 1555.3782959, 3170.89648438, 2310.33178711, 2938.40966797, 5843.89501953, 41192.2851562, 953.972412109, 734.03137207, 231.275482178, 23.4936637878, 110.361183167, 32.0307884216, 5.17584753036, 3.40308833122, 3.51871824265, 2.397762537, 29.897518158, 1.27811205387, 0.265817463398, 8.18473148346, 0.382896095514, 0.0339823327959, 0.0377947948873, 0.00519859511405, 2.46299168793e-06, 1.34697275556e-09], "max": [0.18788510561, 3.59603500366, 23.7529792786, 38.576335907, 66.4495391846, 146.221359253, 318.713348389, 314.396789551, 1560.02685547, 1706.31860352, 3189.71923828, 1881.00024414, 1462.6862793, 1223.63085938, 921.485290527, 1837.14733887, 1212.07556152, 1147.26123047, 1348.55871582, 3900.33300781, 504.046417236, 349.467895508, 219.915618896, 55.4891624451, 172.171508789, 96.1243667603, 37.2434463501, 27.9517116547, 27.9041061401, 24.9449367523, 104.201271057, 21.3519001007, 6.97513866425, 34.5220870972, 6.42011499405, 4.17220687866, 4.55264377594, 1.59905910492, 0.035073235631, 0.000850774173159], "mean": [0.00530721107498, 0.108594857156, 0.502711832523, 1.25648629665, 3.52098250389, 7.4543466568, 7.78975534439, 11.6245231628, 50.0030059814, 32.6797828674, 37.4425354004, 34.1914405823, 27.4032726288, 20.1708908081, 14.1475439072, 17.2033252716, 16.1568889618, 17.8935260773, 20.4795665741, 49.7485656738, 21.3186779022, 16.919834137, 11.2951450348, 5.25540828705, 9.66767501831, 4.67323541641, 1.21499717236, 0.983171880245, 1.21108913422, 0.729565024376, 0.930598855019, 0.449136435986, 0.236911848187, 0.381000816822, 0.140161827207, 0.0433645360172, 0.0224189013243, 0.00556231243536, 0.000141393975355, 2.15465443034e-05], "median": [0.000916612043511, 0.0516493543983, 0.197759106755, 0.686755597591, 1.97669732571, 4.2588133812, 3.51150274277, 5.38530778885, 9.90420532227, 7.14227199554, 6.95419073105, 7.02990293503, 5.27622795105, 3.47825598717, 2.47319793701, 2.8586974144, 1.97605550289, 2.60393238068, 2.0822224617, 2.14682841301, 1.87870061398, 2.37486195564, 3.01439523697, 1.96327245235, 2.01566815376, 1.38337182999, 0.324035853148, 0.217124193907, 0.288164824247, 0.182078137994, 0.0925822034478, 0.0586192943156, 0.0377962067723, 0.0198907144368, 0.00783519353718, 0.00215403339826, 0.00062027736567, 0.000111032983114, 9.58156306297e-06, 1.12258403533e-05], "min": [1.17789050053e-22, 8.27055000653e-22, 1.4710116744e-21, 3.84968362664e-21, 1.26228698516e-20, 3.63847380088e-20, 4.0309703553e-20, 5.49566649765e-20, 1.1914805186e-19, 1.98335047101e-19, 2.80108093281e-19, 4.20018921353e-19, 4.34130286561e-19, 6.28541305158e-19, 9.82798824976e-19, 8.91530301126e-19, 1.82077362753e-18, 2.16459248991e-18, 2.00909390849e-18, 2.81391975819e-18, 3.52943946665e-18, 3.97959032882e-18, 5.53374978965e-18, 5.41967496574e-18, 8.4474281501e-18, 7.36187188296e-18, 8.82606345806e-18, 9.41709806779e-18, 1.02180413385e-17, 9.38882007137e-18, 1.0327442592e-17, 1.09554546566e-17, 1.01827678756e-17, 6.8728261612e-18, 6.29839844303e-18, 4.19301781611e-18, 2.04861990688e-18, 8.95445036772e-19, 2.35618856119e-19, 2.62778672372e-20], "var": [0.000115201575682, 0.0395952351391, 1.01100289822, 3.25225758553, 25.1433639526, 99.7274627686, 155.844940186, 337.086425781, 13222.1044922, 8122.46679688, 16672.4765625, 7429.65087891, 6215.91503906, 3420.13793945, 1810.31982422, 3371.72753906, 3913.0390625, 3595.00170898, 5105.15185547, 47961.0117188, 1710.66186523, 1090.59680176, 342.103637695, 50.1396331787, 322.601013184, 56.1279296875, 4.26546144485, 3.05576586723, 4.73728513718, 2.14248180389, 11.5922489166, 1.21530139446, 0.300545483828, 2.51320624352, 0.198641061783, 0.0370905324817, 0.0256990212947, 0.00171708443668, 8.50262210861e-07, 1.07564190888e-09]}, "erbbands_crest": {"dmean": 2.71387171745, "dmean2": 4.19045114517, "dvar": 6.55058288574, "dvar2": 15.1565380096, "max": 29.6326580048, "mean": 11.0981206894, "median": 9.89690208435, "min": 2.40187382698, "var": 26.199930191}, "erbbands_flatness_db": {"dmean": 0.0193240623921, "dmean2": 0.0261475462466, "dvar": 0.000348947156454, "dvar2": 0.000585378613323, "max": 0.384758681059, "mean": 0.194740429521, "median": 0.194731518626, "min": 0.0355171449482, "var": 0.0027904114686}, "erbbands_kurtosis": {"dmean": 1.01897513866, "dmean2": 1.54858446121, "dvar": 1.75389862061, "dvar2": 3.95456147194, "max": 24.6272144318, "mean": 1.01687169075, "median": 0.335498332977, "min": -1.81103241444, "var": 5.99838685989}, "erbbands_skewness": {"dmean": 0.355344116688, "dmean2": 0.523748278618, "dvar": 0.103403814137, "dvar2": 0.230517446995, "max": 4.22241401672, "mean": 0.738842606544, "median": 0.786770820618, "min": -2.80070447922, "var": 0.701370358467}, "erbbands_spread": {"dmean": 6.02437829971, "dmean2": 8.69954681396, "dvar": 54.7983703613, "dvar2": 107.085281372, "max": 126.612014771, "mean": 31.1085548401, "median": 29.3919830322, "min": 4.58861875534, "var": 251.947174072}, "gfcc": {"cov": [[38294.9960938, 1792.34765625, -4384.55029297, 79.5077896118, -1518.95922852, -215.797988892, -1349.14538574, 583.758300781, -263.796630859, 48.9781150818, -642.845703125, -41.3178215027, -284.387786865], [1792.34765625, 1451.49365234, -478.348999023, 29.6545848846, -19.0836715698, -148.478713989, 120.961387634, -108.724716187, 2.88897180557, -182.143081665, 168.509811401, -149.501358032, -15.8481779099], [-4384.55029297, -478.348999023, 1339.28820801, 131.043548584, 213.644760132, 286.73223877, 156.20010376, 68.6455154419, 27.5480766296, 177.02557373, -0.0819108113647, 166.483291626, 37.2538223267], [79.5077896118, 29.6545848846, 131.043548584, 392.142028809, 47.8815345764, 8.32297325134, -58.972076416, 43.6857872009, 51.6202545166, 1.01849675179, 17.438457489, 25.7597084045, 43.6776924133], [-1518.95922852, -19.0836715698, 213.644760132, 47.8815345764, 290.280822754, 44.5144500732, 98.8463897705, 53.2604598999, 100.630088806, 43.1877975464, 32.3339653015, 15.2521314621, 46.7007789612], [-215.797988892, -148.478713989, 286.73223877, 8.32297325134, 44.5144500732, 294.555908203, 95.9486465454, 35.1269302368, -13.6182928085, 74.6124649048, -28.3678588867, 44.4435577393, 12.769739151], [-1349.14538574, 120.961387634, 156.20010376, -58.972076416, 98.8463897705, 95.9486465454, 305.589447021, 39.7228775024, 19.5382804871, -16.8416194916, 80.6221313477, -4.3395986557, -4.89827299118], [583.758300781, -108.724716187, 68.6455154419, 43.6857872009, 53.2604598999, 35.1269302368, 39.7228775024, 187.928985596, 78.17162323, 65.6684265137, -19.0765037537, 40.1635932922, 14.3302183151], [-263.796630859, 2.88897180557, 27.5480766296, 51.6202545166, 100.630088806, -13.6182928085, 19.5382804871, 78.17162323, 210.001190186, 63.7861366272, 20.2754096985, -1.32335889339, 45.7643203735], [48.9781150818, -182.143081665, 177.02557373, 1.01849675179, 43.1877975464, 74.6124649048, -16.8416194916, 65.6684265137, 63.7861366272, 148.749710083, -15.9728679657, 45.1760826111, -2.04392266273], [-642.845703125, 168.509811401, -0.0819108113647, 17.438457489, 32.3339653015, -28.3678588867, 80.6221313477, -19.0765037537, 20.2754096985, -15.9728679657, 123.891029358, -12.1870183945, -10.3231449127], [-41.3178215027, -149.501358032, 166.483291626, 25.7597084045, 15.2521314621, 44.4435577393, -4.3395986557, 40.1635932922, -1.32335889339, 45.1760826111, -12.1870183945, 106.052894592, 26.2137050629], [-284.387786865, -15.8481779099, 37.2538223267, 43.6776924133, 46.7007789612, 12.769739151, -4.89827299118, 14.3302183151, 45.7643203735, -2.04392266273, -10.3231449127, 26.2137050629, 91.9650650024]], "icov": [[0.000160563489771, -0.000329007365508, 0.000572365068365, -0.000138640287332, 0.00038128788583, -0.000460473122075, 0.000444409903139, -0.00071970227873, 0.000148118444486, -0.000429580220953, 0.000585626345128, -0.000699182623066, 0.000461718213046], [-0.000329007365508, 0.00177525333129, -0.000897551130038, 5.30088909727e-05, -0.000748922990169, 0.000963542377576, -0.00125538569409, 0.00171646359377, -0.00039880888653, 0.00143896997906, -0.00226028845645, 0.00216769566759, -0.00110203714576], [0.000572365068365, -0.000897551130038, 0.00352247175761, -0.00110838678665, 0.000695065711625, -0.00213750451803, 0.000736912072171, -0.00178925227374, 0.00082720752107, -0.00264481361955, 0.00222125928849, -0.00386605062522, 0.00185757561121], [-0.000138640287332, 5.30088909727e-05, -0.00110838678665, 0.00365647883154, -0.000591045536567, -0.00031734580989, 0.00176238059066, -0.00085009005852, -0.000726465659682, 0.00220347172581, -0.00213803956285, 0.000570182746742, -0.00112870126031], [0.00038128788583, -0.000748922990169, 0.000695065711625, -0.000591045536567, 0.00628746859729, -0.000738146074582, -0.000364781182725, -0.00189558183774, -0.00116038043052, -0.00172147795092, 0.00104089337401, -0.000682156009134, -0.000914778502192], [-0.000460473122075, 0.000963542377576, -0.00213750451803, -0.00031734580989, -0.000738146074582, 0.00735310232267, -0.00427067745477, 0.00273110158741, 0.00125680782367, -0.00245872559026, 0.000889910559636, 0.00227701314725, -0.00276972027496], [0.000444409903139, -0.00125538569409, 0.000736912072171, 0.00176238059066, -0.000364781182725, -0.00427067745477, 0.00882109440863, -0.00495887733996, -0.000117950192362, 0.00299277459271, -0.0031597726047, -0.00127811182756, 0.00217800913379], [-0.00071970227873, 0.00171646359377, -0.00178925227374, -0.00085009005852, -0.00189558183774, 0.00273110158741, -0.00495887733996, 0.0121798655018, -0.0030503233429, -0.000959684548434, 0.000587932241615, 0.000115521776024, -0.000850215554237], [0.000148118444486, -0.00039880888653, 0.00082720752107, -0.000726465659682, -0.00116038043052, 0.00125680782367, -0.000117950192362, -0.0030503233429, 0.00953509379178, -0.00550891086459, -0.000768517027609, 0.00263418024406, -0.00442146183923], [-0.000429580220953, 0.00143896997906, -0.00264481361955, 0.00220347172581, -0.00172147795092, -0.00245872559026, 0.00299277459271, -0.000959684548434, -0.00550891086459, 0.0166537631303, -0.00348176504485, -0.001193832024, 0.00352993467823], [0.000585626345128, -0.00226028845645, 0.00222125928849, -0.00213803956285, 0.00104089337401, 0.000889910559636, -0.0031597726047, 0.000587932241615, -0.000768517027609, -0.00348176504485, 0.0161380860955, -0.00446450943127, 0.00401415489614], [-0.000699182623066, 0.00216769566759, -0.00386605062522, 0.000570182746742, -0.000682156009134, 0.00227701314725, -0.00127811182756, 0.000115521776024, 0.00263418024406, -0.001193832024, -0.00446450943127, 0.0191593579948, -0.00784881599247], [0.000461718213046, -0.00110203714576, 0.00185757561121, -0.00112870126031, -0.000914778502192, -0.00276972027496, 0.00217800913379, -0.000850215554237, -0.00442146183923, 0.00352993467823, 0.00401415489614, -0.00784881599247, 0.0179592762142]], "mean": [-106.954353333, 111.701156616, -124.218482971, 16.1276626587, -66.8179855347, -9.20136928558, -46.5816383362, 2.23355293274, -25.6725101471, -7.16826534271, -15.2155056, -6.05860328674, -13.7047805786]}, "hfc": {"dmean": 3.58545732498, "dmean2": 4.89702653885, "dvar": 41.3541412354, "dvar2": 89.5695877075, "max": 154.569274902, "mean": 12.5269994736, "median": 5.53963088989, "min": 1.06490616638e-16, "var": 272.770294189}, "melbands": {"dmean": [4.18438612542e-05, 0.000129351290525, 0.000134070636705, 0.000260960077867, 0.000137389884912, 0.000131346023409, 0.000359251629561, 0.000166170706507, 0.000186422636034, 0.000124544705614, 7.36726506148e-05, 4.35060210293e-05, 2.84517482214e-05, 2.78908046312e-05, 2.14007595787e-05, 1.77768506546e-05, 1.89141937881e-05, 1.71671854332e-05, 3.24204083881e-05, 2.29978868447e-05, 1.02179910755e-05, 7.72597104515e-06, 8.07408105175e-06, 3.22039909406e-06, 1.49341985889e-06, 2.55519853454e-06, 2.48181822826e-06, 9.65623485172e-07, 4.02377821729e-07, 2.77959117057e-07, 2.87200890625e-07, 3.42263547282e-07, 2.67813987875e-07, 1.8852315975e-07, 4.37583366875e-07, 3.10009369286e-07, 1.4312638541e-07, 9.5654193899e-08, 8.2355334996e-08, 4.52325139122e-07], "dmean2": [6.77584830555e-05, 0.00022108668054, 0.00022708621691, 0.000413966743508, 0.000218373999815, 0.000202848634217, 0.000491699785925, 0.000232448495808, 0.000267173949396, 0.000181235795026, 0.000110128836241, 6.11992800259e-05, 4.30964610132e-05, 4.23416422564e-05, 3.13666932925e-05, 2.62458052021e-05, 2.95939680655e-05, 2.74416524917e-05, 5.19021232321e-05, 3.69251065422e-05, 1.64665452758e-05, 1.26677268781e-05, 1.323466131e-05, 4.92233175464e-06, 2.23907954933e-06, 3.65112168765e-06, 3.64435595657e-06, 1.5290357851e-06, 6.35805520233e-07, 4.37965184119e-07, 4.45208286237e-07, 5.29719500264e-07, 4.1053593236e-07, 2.85302604652e-07, 6.81755238929e-07, 4.70504346595e-07, 2.12425817381e-07, 1.44976809224e-07, 1.25035924725e-07, 7.59831493724e-07], "dvar": [2.07593888746e-08, 1.92062415749e-07, 1.0149581442e-07, 2.15164874362e-07, 8.80450841123e-08, 7.59100373671e-08, 8.13845645098e-07, 2.34331793081e-07, 5.19018556133e-07, 1.55500231358e-07, 6.2279795543e-08, 1.79042611848e-08, 1.25534524997e-08, 7.59122098515e-09, 8.81023609622e-09, 4.89697482564e-09, 5.00869168363e-09, 4.91401497271e-09, 2.5798813752e-08, 1.16621139412e-08, 5.21594101244e-10, 4.60367882704e-10, 3.2310862319e-10, 4.17056250646e-11, 6.92619529438e-12, 3.06582155496e-11, 2.81608538572e-11, 4.64487779836e-12, 1.09513266511e-12, 6.74861696474e-13, 4.97464374381e-13, 5.76028645356e-13, 4.8318039023e-13, 2.72855929474e-13, 4.09315940517e-12, 1.38175723034e-12, 1.78398487931e-13, 7.1621846637e-14, 5.89911013918e-14, 4.8973121565e-12], "dvar2": [5.22099234956e-08, 5.16386648997e-07, 2.69626212912e-07, 5.70039901504e-07, 2.36524755337e-07, 1.74319595203e-07, 1.54318956902e-06, 4.32242359238e-07, 1.04042055682e-06, 3.79902701297e-07, 1.56742103741e-07, 2.96844895331e-08, 2.88150747707e-08, 1.69919047721e-08, 2.05302885803e-08, 1.09345235089e-08, 1.20668959269e-08, 1.29239277058e-08, 6.6603064397e-08, 3.1931008948e-08, 1.35639510734e-09, 1.2932530602e-09, 8.77040051694e-10, 1.04646416532e-10, 1.63227955458e-11, 6.51946552299e-11, 6.21143206314e-11, 1.19099209661e-11, 2.81087327893e-12, 1.75860704037e-12, 1.17387067948e-12, 1.34651990079e-12, 1.17891471325e-12, 6.38405777895e-13, 1.01575111169e-11, 3.25138093532e-12, 3.65667213306e-13, 1.5322773161e-13, 1.35099857733e-13, 1.32164617792e-11], "max": [0.00236717239022, 0.0098782107234, 0.00758607545868, 0.00660138670355, 0.0101246554404, 0.00622260244563, 0.0238405540586, 0.0164586529136, 0.0267030447721, 0.0104185864329, 0.00705846818164, 0.00522666471079, 0.0036938264966, 0.0036437259987, 0.00279153278098, 0.00290327006951, 0.00184750463814, 0.00236231740564, 0.00465541845188, 0.00414883857593, 0.000493050145451, 0.000547054980416, 0.00040059920866, 0.000158329406986, 4.4188083848e-05, 0.000146759266499, 0.000130594169605, 6.55067196931e-05, 2.57621850324e-05, 2.52556092164e-05, 1.50183777805e-05, 2.10683519981e-05, 1.56738424266e-05, 1.3207885786e-05, 6.10665156273e-05, 3.03331398754e-05, 1.21813636724e-05, 5.15728015671e-06, 4.76425748275e-06, 4.54752116639e-05], "mean": [7.9044191807e-05, 0.000225445546675, 0.000233955535805, 0.00045758363558, 0.000265103386482, 0.000247745076194, 0.000782532442827, 0.000323974760249, 0.000301704625599, 0.00020475765632, 0.000132225890411, 8.18689150037e-05, 4.67873032903e-05, 4.89819540235e-05, 3.8441925426e-05, 3.2644613384e-05, 3.26740555465e-05, 2.63383681158e-05, 6.29255009699e-05, 4.56619673059e-05, 2.35360348597e-05, 1.82327530638e-05, 1.55982652359e-05, 6.79750974086e-06, 3.46842443832e-06, 6.50184347251e-06, 6.63428409098e-06, 2.219009275e-06, 7.77839886723e-07, 5.05365903791e-07, 5.73591762532e-07, 7.27291421754e-07, 5.28489181306e-07, 3.43466041386e-07, 5.32552007826e-07, 4.0364227516e-07, 2.43361995445e-07, 1.68482955587e-07, 1.29659355252e-07, 4.24907341312e-07], "median": [1.93050600501e-05, 0.000127462495584, 0.000134662986966, 0.000257885549217, 0.000133454246679, 0.000111812769319, 0.00015467996127, 7.34071290935e-05, 5.22819209436e-05, 3.88972075598e-05, 2.21224890993e-05, 1.32313416543e-05, 6.03611442784e-06, 9.58133205131e-06, 4.4491225708e-06, 4.05329319619e-06, 4.44834449809e-06, 2.65748985839e-06, 2.52418249147e-06, 2.23768938667e-06, 2.0812206003e-06, 1.98720113076e-06, 3.32918511958e-06, 1.81912696462e-06, 1.3595214341e-06, 1.31075898935e-06, 1.35453149142e-06, 6.34007506051e-07, 1.7419500864e-07, 1.0696034991e-07, 1.18021517892e-07, 1.52683981014e-07, 1.42914032608e-07, 8.04419073575e-08, 5.30967447787e-08, 4.17476968551e-08, 3.12988710505e-08, 2.74545524093e-08, 1.89472615375e-08, 1.51489150113e-08], "min": [1.36172104497e-24, 1.12362093288e-24, 1.21009132936e-24, 1.20680503344e-24, 1.53665716298e-24, 1.56138765654e-24, 1.9000825224e-24, 2.49835818279e-24, 2.16403163419e-24, 2.3610370235e-24, 1.76524410559e-24, 2.46890566646e-24, 3.1513198505e-24, 3.07395409216e-24, 2.89450026635e-24, 3.88274458207e-24, 3.03929114955e-24, 2.78834069054e-24, 2.87197237105e-24, 3.28470715767e-24, 3.86132109204e-24, 3.70155309291e-24, 3.89068525595e-24, 3.8874738032e-24, 3.98116247418e-24, 5.03304814343e-24, 4.758257519e-24, 4.18971836486e-24, 4.42170460771e-24, 5.1900137142e-24, 5.43891471259e-24, 4.09284979557e-24, 5.42406913921e-24, 4.08009115372e-24, 4.80035350348e-24, 5.3380115142e-24, 6.34515733164e-24, 6.42854426806e-24, 6.09697814099e-24, 5.16932228709e-24], "var": [2.25088374606e-08, 1.80423540996e-07, 1.09944323867e-07, 3.54287351456e-07, 1.60060707799e-07, 1.57588686989e-07, 3.19006221616e-06, 7.60645718856e-07, 1.0174039744e-06, 2.74598789929e-07, 1.51559774508e-07, 6.21719138394e-08, 2.99311366803e-08, 2.07862083101e-08, 2.18155431497e-08, 1.69137415185e-08, 1.29214186018e-08, 8.6991587267e-09, 8.22010761681e-08, 3.62525724995e-08, 2.15303974649e-09, 1.63590752056e-09, 8.05852107266e-10, 1.38669381533e-10, 2.2891718035e-11, 1.61922406039e-10, 1.50465168103e-10, 1.3389311361e-11, 2.12797943329e-12, 9.77951552204e-13, 1.10330397162e-12, 1.84257839021e-12, 1.03358868773e-12, 5.38345084657e-13, 3.86124856047e-12, 1.60217195413e-12, 3.78559922125e-13, 1.60413647426e-13, 1.07219768274e-13, 3.83739741372e-12]}, "melbands_crest": {"dmean": 3.05635714531, "dmean2": 4.79218864441, "dvar": 8.46764659882, "dvar2": 19.9824123383, "max": 33.4610824585, "mean": 13.8648204803, "median": 12.7720212936, "min": 1.54620659351, "var": 34.8005065918}, "melbands_flatness_db": {"dmean": 0.0206024218351, "dmean2": 0.0297067333013, "dvar": 0.00041966867866, "dvar2": 0.00083196448395, "max": 0.410961002111, "mean": 0.224359810352, "median": 0.226080134511, "min": 0.00247028190643, "var": 0.00432327762246}, "melbands_kurtosis": {"dmean": 4.53232288361, "dmean2": 6.83446455002, "dvar": 44.5769462585, "dvar2": 98.7486419678, "max": 221.534820557, "mean": 12.0848379135, "median": 7.84218788147, "min": -1.60336780548, "var": 287.155090332}, "melbands_skewness": {"dmean": 0.51739102602, "dmean2": 0.768695473671, "dvar": 0.287175357342, "dvar2": 0.639452397823, "max": 10.6422128677, "mean": 2.306173563, "median": 2.18281078339, "min": -0.908936202526, "var": 2.05568981171}, "melbands_spread": {"dmean": 4.25264024734, "dmean2": 6.40013837814, "dvar": 38.5657501221, "dvar2": 92.6116104126, "max": 174.858978271, "mean": 18.4840488434, "median": 13.0556745529, "min": 1.79758369923, "var": 392.440765381}, "mfcc": {"cov": [[14665.3769531, 1129.92041016, -1213.59204102, -141.030548096, -163.690628052, -524.976379395, -570.059204102, 41.8637657166, 218.725646973, 243.262756348, -21.899471283, -154.628738403, 290.414703369], [1129.92041016, 1656.75183105, -182.518218994, 94.2919540405, -115.32762146, -77.1261138916, 73.5983657837, 48.6674575806, -140.326858521, 11.3931522369, 75.1335296631, -66.9884719849, -33.8961029053], [-1213.59204102, -182.518218994, 719.688659668, 51.8099517822, 103.855697632, 192.850128174, 99.3737411499, 21.5677165985, 77.6178817749, -33.1782264709, -23.4023780823, 122.741409302, -19.0987911224], [-141.030548096, 94.2919540405, 51.8099517822, 306.140991211, 127.930664062, -47.6229820251, -41.3263053894, 35.5290298462, 10.2717590332, -5.89265298843, 4.33456611633, 4.76607131958, 64.0224456787], [-163.690628052, -115.32762146, 103.855697632, 127.930664062, 257.110198975, 45.5345687866, -58.0562171936, -11.68379879, 91.5635604858, 34.5902938843, -5.57458209991, 29.9791660309, 46.9525909424], [-524.976379395, -77.1261138916, 192.850128174, -47.6229820251, 45.5345687866, 219.956054688, 91.604888916, 8.5978307724, 42.0639801025, 13.7705574036, 12.4428291321, 52.966632843, -47.9736175537], [-570.059204102, 73.5983657837, 99.3737411499, -41.3263053894, -58.0562171936, 91.604888916, 235.741241455, 86.541343689, -23.7228450775, 3.68318367004, 38.0278968811, 25.2121543884, -45.7171669006], [41.8637657166, 48.6674575806, 21.5677165985, 35.5290298462, -11.68379879, 8.5978307724, 86.541343689, 137.612106323, 41.0279541016, 29.2878017426, 34.5792312622, 12.1106119156, 25.4757843018], [218.725646973, -140.326858521, 77.6178817749, 10.2717590332, 91.5635604858, 42.0639801025, -23.7228450775, 41.0279541016, 199.967224121, 63.4784622192, -9.73934459686, 45.5277671814, 52.9044914246], [243.262756348, 11.3931522369, -33.1782264709, -5.89265298843, 34.5902938843, 13.7705574036, 3.68318367004, 29.2878017426, 63.4784622192, 144.282852173, 68.0125427246, -5.5561041832, 30.4353485107], [-21.899471283, 75.1335296631, -23.4023780823, 4.33456611633, -5.57458209991, 12.4428291321, 38.0278968811, 34.5792312622, -9.73934459686, 68.0125427246, 127.355209351, 12.0436840057, 23.6745681763], [-154.628738403, -66.9884719849, 122.741409302, 4.76607131958, 29.9791660309, 52.966632843, 25.2121543884, 12.1106119156, 45.5277671814, -5.5561041832, 12.0436840057, 109.871742249, 34.6671028137], [290.414703369, -33.8961029053, -19.0987911224, 64.0224456787, 46.9525909424, -47.9736175537, -45.7171669006, 25.4757843018, 52.9044914246, 30.4353485107, 23.6745681763, 34.6671028137, 157.821807861]], "icov": [[0.000102659680124, -8.3496546722e-05, 0.000110955923446, 0.000113267080451, 4.98143235745e-05, 4.75937085866e-05, 0.000264300470008, -0.00016661437985, -0.000104638835182, -0.000125053411466, 0.000127461928059, -6.52221060591e-05, -8.1859434431e-05], [-8.3496546722e-05, 0.000786553660873, 3.36490229529e-05, -0.000515751715284, 0.0002595220285, 6.7639352892e-06, -0.000394908478484, 7.46422520024e-05, 0.000370607041987, -4.16109323851e-05, -0.000354992924258, 0.000164161465364, 0.000235256651649], [0.000110955923446, 3.36490229529e-05, 0.00242105615325, -0.000554572849069, -0.000176560541149, -0.00130159792025, -0.000306721922243, -3.26836061504e-06, -0.000444924255135, 0.000319249142194, 0.000582451408263, -0.00170419772621, 0.000264110945864], [0.000113267080451, -0.000515751715284, -0.000554572849069, 0.00596192246303, -0.00346867111512, 0.0015714749461, 0.0011421215022, -0.00280331657268, 0.00136331678368, 0.000865990237799, -3.04520635837e-05, 0.000301729131024, -0.00119757011998], [4.98143235745e-05, 0.0002595220285, -0.000176560541149, -0.00346867111512, 0.00768843758851, -0.00216718995944, 0.00115596782416, 0.00190845609177, -0.00242271600291, -0.00123799708672, 0.000195639091544, 0.000150527033838, -0.000581033469643], [4.75937085866e-05, 6.7639352892e-06, -0.00130159792025, 0.0015714749461, -0.00216718995944, 0.0091056348756, -0.00281698233448, 0.00118856376503, -0.0012167727109, -0.00052886782214, -0.000855196965858, -0.00208101607859, 0.002618892584], [0.000264300470008, -0.000394908478484, -0.000306721922243, 0.0011421215022, 0.00115596782416, -0.00281698233448, 0.00988684222102, -0.00674166437238, 0.00221546320245, -0.000514310668223, -0.00029382694629, -0.00140933226794, 0.00139060628135], [-0.00016661437985, 7.46422520024e-05, -3.26836061504e-06, -0.00280331657268, 0.00190845609177, 0.00118856376503, -0.00674166437238, 0.0143851246685, -0.00465791299939, 0.000353068782715, -0.00230774097145, 0.00148062349763, -0.00150774279609], [-0.000104638835182, 0.000370607041987, -0.000444924255135, 0.00136331678368, -0.00242271600291, -0.0012167727109, 0.00221546320245, -0.00465791299939, 0.0108649833128, -0.00495072873309, 0.00424611847848, -0.0030564290937, -0.00124316045549], [-0.000125053411466, -4.16109323851e-05, 0.000319249142194, 0.000865990237799, -0.00123799708672, -0.00052886782214, -0.000514310668223, 0.000353068782715, -0.00495072873309, 0.0137357283384, -0.00785588379949, 0.00392411928624, -0.000762757728808], [0.000127461928059, -0.000354992924258, 0.000582451408263, -3.04520635837e-05, 0.000195639091544, -0.000855196965858, -0.00029382694629, -0.00230774097145, 0.00424611847848, -0.00785588379949, 0.0141152134165, -0.00321147963405, -0.00157906638924], [-6.52221060591e-05, 0.000164161465364, -0.00170419772621, 0.000301729131024, 0.000150527033838, -0.00208101607859, -0.00140933226794, 0.00148062349763, -0.0030564290937, 0.00392411928624, -0.00321147963405, 0.0152316596359, -0.00409418763593], [-8.1859434431e-05, 0.000235256651649, 0.000264110945864, -0.00119757011998, -0.000581033469643, 0.002618892584, 0.00139060628135, -0.00150774279609, -0.00124316045549, -0.000762757728808, -0.00157906638924, -0.00409418763593, 0.0103703550994]], "mean": [-730.263793945, 141.075942993, -8.61756706238, 17.9114551544, -4.09935951233, -13.9811058044, -12.3339204788, -2.83991622925, -10.9287843704, -4.1649055481, -3.9094209671, -6.66779851913, -1.99827957153]}, "pitch_salience": {"dmean": 0.0603277385235, "dmean2": 0.0935481265187, "dvar": 0.00294148153625, "dvar2": 0.00691779796034, "max": 0.950534880161, "mean": 0.582540273666, "median": 0.593191921711, "min": 0.135946035385, "var": 0.0114594493061}, "silence_rate_20dB": {"dmean": 0, "dmean2": 0, "dvar": 0, "dvar2": 0, "max": 1, "mean": 1, "median": 1, "min": 1, "var": 0}, "silence_rate_30dB": {"dmean": 0.000580551510211, "dmean2": 0.00116127158981, "dvar": 0.000580209889449, "dvar2": 0.00174054026138, "max": 1, "mean": 0.999709784985, "median": 1, "min": 0, "var": 0.000290145020699}, "silence_rate_60dB": {"dmean": 0.053991291672, "dmean2": 0.107998259366, "dvar": 0.051081314683, "dvar2": 0.107651785016, "max": 1, "mean": 0.267160058022, "median": 0, "min": 0, "var": 0.195789650083}, "spectral_centroid": {"dmean": 159.087112427, "dmean2": 227.216705322, "dvar": 60148.0507812, "dvar2": 91640.3984375, "max": 11777.9160156, "mean": 1157.26049805, "median": 860.042114258, "min": 263.145446777, "var": 2105841}, "spectral_complexity": {"dmean": 1.98635709286, "dmean2": 2.95485568047, "dvar": 5.11754798889, "dvar2": 10.06432724, "max": 44, "mean": 12.1085472107, "median": 11, "min": 0, "var": 62.4008026123}, "spectral_contrast_coeffs": {"dmean": [0.0455470606685, 0.0442463457584, 0.0362660884857, 0.0306432824582, 0.0241967793554, 0.0207141730934], "dmean2": [0.0742890834808, 0.0690558776259, 0.0557600967586, 0.0468241609633, 0.0357385054231, 0.0305032804608], "dvar": [0.00155734433793, 0.00142437033355, 0.000947152730078, 0.00067926599877, 0.00046539134928, 0.000325228524162], "dvar2": [0.00403476692736, 0.00339461909607, 0.00207618391141, 0.00147613463923, 0.000860829721205, 0.000650762289297], "max": [-0.290980905294, -0.388331353664, -0.419690340757, -0.505809783936, -0.540849804878, -0.640626251698], "mean": [-0.581837713718, -0.693221390247, -0.751924574375, -0.759158074856, -0.760312914848, -0.779705584049], "median": [-0.580370128155, -0.696385324001, -0.762163162231, -0.768512845039, -0.762293457985, -0.775032579899], "min": [-0.980287194252, -0.985722005367, -0.976662516594, -0.973102390766, -0.965620219707, -0.965745091438], "var": [0.0114143546671, 0.00791864469647, 0.00684965308756, 0.00610547140241, 0.00471387570724, 0.00216248980723]}, "spectral_contrast_valleys": {"dmean": [0.442771703005, 0.340667039156, 0.310436993837, 0.292001903057, 0.271361202002, 0.39557570219], "dmean2": [0.712838470936, 0.531110882759, 0.478372275829, 0.437379032373, 0.375339508057, 0.517067790031], "dvar": [0.20508441329, 0.129364818335, 0.109881311655, 0.104933388531, 0.111238792539, 0.188712567091], "dvar2": [0.393740862608, 0.219828471541, 0.17018635571, 0.15283472836, 0.151773840189, 0.276547193527], "max": [-5.6761007309, -4.79608392715, -5.24717998505, -6.23342990875, -6.09430837631, -8.55933856964], "mean": [-8.95605659485, -7.57383441925, -8.39420223236, -9.11451816559, -9.06468009949, -11.7745304108], "median": [-8.2977514267, -7.0105214119, -7.89873409271, -8.65578174591, -8.62199115753, -11.4700193405], "min": [-28.3739204407, -27.9659881592, -27.8435382843, -27.7352142334, -27.5109004974, -27.5504837036], "var": [8.53749752045, 9.24222183228, 8.575922966, 8.20346450806, 8.22967529297, 6.56498432159]}, "spectral_decrease": {"dmean": 1.16793552607e-09, "dmean2": 1.60181024e-09, "dvar": 3.57260588692e-18, "dvar2": 7.31500134791e-18, "max": 2.64745239429e-28, "mean": -3.72766617573e-09, "median": -2.16079065751e-09, "min": -3.46238557825e-08, "var": 1.74206983243e-17}, "spectral_energy": {"dmean": 0.004692947492, "dmean2": 0.0064208698459, "dvar": 5.76440470468e-05, "dvar2": 0.000117649273307, "max": 0.139005690813, "mean": 0.0152053134516, "median": 0.00870072469115, "min": 1.00020248211e-20, "var": 0.000292339915177}, "spectral_energyband_high": {"dmean": 8.07928736322e-05, "dmean2": 0.000113839640107, "dvar": 5.48337482087e-08, "dvar2": 1.19704594681e-07, "max": 0.00454353215173, "mean": 0.000162570897373, "median": 3.41481427313e-05, "min": 7.11126607156e-21, "var": 1.09460522424e-07}, "spectral_energyband_low": {"dmean": 0.00059561379021, "dmean2": 0.000993950525299, "dvar": 2.97386691273e-06, "dvar2": 7.77341028879e-06, "max": 0.0364330299199, "mean": 0.00115070655011, "median": 0.000778832123615, "min": 1.99435601541e-23, "var": 3.11871485792e-06}, "spectral_energyband_middle_high": {"dmean": 0.00125978107098, "dmean2": 0.00179035856854, "dvar": 7.7912609413e-06, "dvar2": 1.76837602339e-05, "max": 0.0785684734583, "mean": 0.00389152392745, "median": 0.00111753493547, "min": 1.02677610358e-21, "var": 4.54785367765e-05}, "spectral_energyband_middle_low": {"dmean": 0.00389391952194, "dmean2": 0.00544070173055, "dvar": 4.33646018791e-05, "dvar2": 9.09064619918e-05, "max": 0.12904523313, "mean": 0.0104149645194, "median": 0.00609129900113, "min": 1.32278973378e-22, "var": 0.000156777605298}, "spectral_entropy": {"dmean": 0.172153607011, "dmean2": 0.240164205432, "dvar": 0.0309689156711, "dvar2": 0.0561069324613, "max": 9.82736968994, "mean": 7.14326667786, "median": 7.09674978256, "min": 5.43049621582, "var": 0.322885155678}, "spectral_flux": {"dmean": 0.0152755193412, "dmean2": 0.0241181384772, "dvar": 0.000311931216856, "dvar2": 0.000723718549125, "max": 0.247597709298, "mean": 0.0505006536841, "median": 0.0416955240071, "min": 6.3547632434e-11, "var": 0.00146782840602}, "spectral_kurtosis": {"dmean": 2.63744473457, "dmean2": 4.42608165741, "dvar": 8.5573682785, "dvar2": 24.0745792389, "max": 43.9886665344, "mean": 6.97768259048, "median": 6.04016017914, "min": -1.28488504887, "var": 20.9600715637}, "spectral_rms": {"dmean": 0.000518807093613, "dmean2": 0.00068161188392, "dvar": 3.93456019765e-07, "dvar2": 7.16493389064e-07, "max": 0.011645399034, "mean": 0.00326028000563, "median": 0.00291350507177, "min": 3.12379137314e-12, "var": 4.20502556153e-06}, "spectral_rolloff": {"dmean": 262.274200439, "dmean2": 443.773071289, "dvar": 428454.53125, "dvar2": 967896.875, "max": 19702.8808594, "mean": 1413.69189453, "median": 753.662109375, "min": 21.533203125, "var": 6664401}, "spectral_skewness": {"dmean": 0.284592717886, "dmean2": 0.453830420971, "dvar": 0.0755435600877, "dvar2": 0.189885720611, "max": 5.00217580795, "mean": 1.87449777126, "median": 1.8473521471, "min": -0.107369363308, "var": 0.35775834322}, "spectral_spread": {"dmean": 554334.0625, "dmean2": 795667.125, "dvar": 942427471872, "dvar2": 1529596215300.0, "max"