{"lowlevel": {"average_loudness": 0.615543603897, "barkbands": {"dmean": [1.02795138446e-05, 0.000699819182046, 0.0011004236294, 0.000957315438427, 0.0014639836736, 0.00102608429734, 0.000991319073364, 0.00102780130692, 0.00154490757268, 0.000456638575997, 0.000343335181242, 0.000436717702542, 0.000465090881335, 0.000275439640973, 0.000196838620468, 9.38307057368e-05, 9.77045056061e-05, 7.1837566793e-05, 5.08503435412e-05, 3.41817358276e-05, 2.08784622373e-05, 2.72840061371e-05, 2.59187672782e-05, 1.84732889466e-05, 6.55583016851e-06, 4.76913044167e-07, 9.89174786525e-09], "dmean2": [1.78766713361e-05, 0.00107390340418, 0.00193298351951, 0.00156645942479, 0.00235998118296, 0.0015791679034, 0.0015268974239, 0.00156557594892, 0.00225211516954, 0.000690920336638, 0.000529942393769, 0.000684386759531, 0.000738937291317, 0.000427532417234, 0.000312451680657, 0.000145674974192, 0.000150259700604, 0.000108562133391, 7.6448872278e-05, 5.20968424098e-05, 3.11149124173e-05, 3.93029076804e-05, 3.71943970094e-05, 2.66058177658e-05, 9.64003447734e-06, 7.06652599547e-07, 1.6085410337e-08], "dvar": [2.70422600979e-10, 6.53682218399e-06, 1.79882263183e-05, 6.8435851972e-06, 1.12070601972e-05, 5.46563569515e-06, 9.44827843341e-06, 1.14923313959e-05, 1.63558906934e-05, 1.79946971457e-06, 1.32211846449e-06, 1.93625805878e-06, 2.26470729103e-06, 7.45460852158e-07, 4.90921593155e-07, 4.8348493209e-08, 5.07425745866e-08, 6.43449027393e-08, 2.26374741175e-08, 1.25587451549e-08, 5.68402969137e-09, 1.34528566065e-08, 1.26619079666e-08, 1.00236832168e-08, 1.38047862031e-09, 6.56338785404e-12, 2.59586481576e-15], "dvar2": [7.88742959834e-10, 1.41349901241e-05, 5.05842508574e-05, 1.78230729944e-05, 2.76480204775e-05, 1.13319010779e-05, 2.18311633944e-05, 2.52717964031e-05, 3.17971935146e-05, 3.87829641113e-06, 3.08157427753e-06, 4.630276635e-06, 5.2702944231e-06, 1.72112470409e-06, 1.25031363041e-06, 1.16308555675e-07, 1.14744388213e-07, 1.30899323381e-07, 4.78946731164e-08, 2.79675713699e-08, 1.2229538271e-08, 2.67074664606e-08, 2.55284628992e-08, 1.85410193865e-08, 2.91907498173e-09, 1.3704389186e-11, 6.50386159385e-15], "max": [0.000308805960231, 0.0470603704453, 0.068627461791, 0.0453857332468, 0.0609013736248, 0.0688245147467, 0.07264893502, 0.0926099419594, 0.0965410619974, 0.0468596145511, 0.0390349924564, 0.0372527986765, 0.0355062298477, 0.0239242129028, 0.036893453449, 0.00539077306166, 0.00557523220778, 0.0138082019985, 0.00618054624647, 0.00453944969922, 0.00317864213139, 0.00689422478899, 0.00309338187799, 0.00282175606117, 0.00172248738818, 9.33086703299e-05, 2.54746578321e-06], "mean": [1.84656946658e-05, 0.000784907082561, 0.00133335380815, 0.00145385577343, 0.0027056124527, 0.00218013324775, 0.00185696710832, 0.00162171199918, 0.00320190819912, 0.000992658897303, 0.000554580881726, 0.000678143987898, 0.000725199584849, 0.00044666978647, 0.000327590969391, 0.000186159493751, 0.000184137359611, 0.000118656200357, 9.24209307414e-05, 5.25928662682e-05, 3.25388537021e-05, 4.42622804258e-05, 4.16879775003e-05, 2.84559791908e-05, 9.34767194849e-06, 6.89600142323e-07, 1.73528622582e-08], "median": [1.47914133777e-05, 0.000132643370307, 0.000332540803356, 0.000556564889848, 0.00143061729614, 0.00076932949014, 0.000355980533641, 0.00022976778564, 0.000647406326607, 0.000123208534205, 7.58517562645e-05, 8.05807067081e-05, 0.000105892009742, 6.76875861245e-05, 6.61189114908e-05, 4.66588971904e-05, 4.68017133244e-05, 2.26521187869e-05, 2.08551155083e-05, 9.49984405452e-06, 6.57356213196e-06, 7.56713325245e-06, 5.18054594068e-06, 2.39815540226e-06, 9.17563852454e-07, 8.68325287229e-08, 1.16519869309e-08], "min": [2.76776857864e-24, 2.1154703035e-23, 2.62530858219e-23, 7.28260926026e-23, 5.96555170537e-23, 5.20992866553e-23, 4.93091329651e-23, 1.05206978939e-23, 5.70604865307e-23, 3.19935572095e-23, 7.3078042154e-23, 9.62797919064e-23, 4.92554146929e-23, 1.29776416286e-22, 7.80944149612e-23, 9.6359511034e-23, 1.73335788237e-22, 2.69993791616e-22, 4.02663560375e-22, 4.19291107427e-22, 3.86291099386e-22, 6.42642292642e-22, 7.19127216787e-22, 6.70465984749e-22, 1.17096836599e-21, 1.54434135688e-21, 2.62633984428e-21], "var": [2.65160615687e-10, 7.29844941816e-06, 1.33030180223e-05, 7.60008151701e-06, 1.66949466802e-05, 2.10153029911e-05, 2.16563803406e-05, 2.26066422329e-05, 6.03865591984e-05, 1.01042396636e-05, 2.65255630438e-06, 4.32945671491e-06, 5.17001672051e-06, 1.61660625508e-06, 8.15727048575e-07, 1.60622718681e-07, 1.4228442069e-07, 1.62292295158e-07, 7.43609049891e-08, 2.72335309859e-08, 1.02542738745e-08, 2.37339676801e-08, 2.81183503148e-08, 2.36646009455e-08, 2.23391349863e-09, 1.16395643124e-11, 2.45806060205e-15]}, "barkbands_crest": {"dmean": 2.45885109901, "dmean2": 3.96067428589, "dvar": 5.57944917679, "dvar2": 13.543888092, "max": 26.1393165588, "mean": 10.8586378098, "median": 9.88251686096, "min": 2.8033516407, "var": 18.9372844696}, "barkbands_flatness_db": {"dmean": 0.0197977218777, "dmean2": 0.0293518397957, "dvar": 0.00039532413939, "dvar2": 0.00082437263336, "max": 0.371440798044, "mean": 0.188008144498, "median": 0.185438662767, "min": 0.0238295849413, "var": 0.00269083771855}, "barkbands_kurtosis": {"dmean": 2.8702878952, "dmean2": 4.52446985245, "dvar": 23.7781181335, "dvar2": 56.0091133118, "max": 171.670135498, "mean": 5.19841909409, "median": 2.82800960541, "min": -1.9004458189, "var": 59.2187538147}, "barkbands_skewness": {"dmean": 0.499046295881, "dmean2": 0.756047427654, "dvar": 0.297430992126, "dvar2": 0.664377331734, "max": 10.724606514, "mean": 1.44966828823, "median": 1.3674993515, "min": -2.67997002602, "var": 1.29972088337}, "barkbands_spread": {"dmean": 3.16030478477, "dmean2": 4.68272399902, "dvar": 22.929227829, "dvar2": 43.1079139709, "max": 90.7304534912, "mean": 12.2331085205, "median": 9.60848236084, "min": 0.474035412073, "var": 113.118263245}, "dissonance": {"dmean": 0.0296374876052, "dmean2": 0.0492102727294, "dvar": 0.000836193794385, "dvar2": 0.00219174288213, "max": 0.500000059605, "mean": 0.433066368103, "median": 0.444400787354, "min": 0.191384315491, "var": 0.00228304695338}, "dynamic_complexity": 4.70267343521, "erbbands": {"dmean": [0.0078891646117, 0.201460525393, 1.07881653309, 2.16667199135, 5.44344949722, 3.98805403709, 5.56141662598, 10.3165769577, 11.0420770645, 17.7206306458, 25.9677581787, 35.0603294373, 18.1783733368, 14.222992897, 14.5024013519, 16.09258461, 18.1318340302, 15.2697353363, 11.9588413239, 6.90786314011, 5.01289367676, 5.3095498085, 3.96150350571, 2.85860061646, 2.34991312027, 1.53925645351, 1.02577793598, 0.790261864662, 0.972822964191, 0.845606327057, 0.720750153065, 0.502337992191, 0.241391018033, 0.0989729687572, 0.0350110530853, 0.00500596873462, 0.000449263752671, 3.49289839505e-05, 4.94531832373e-06, 7.47196645534e-06], "dmean2": [0.012033094652, 0.30934497714, 1.85026407242, 3.62166142464, 8.83275127411, 6.47666597366, 8.62205219269, 15.7041664124, 17.0209655762, 26.7458000183, 38.2640686035, 50.8650093079, 26.6561203003, 21.3247528076, 21.6490592957, 25.2575588226, 28.3728694916, 23.6709518433, 18.2615966797, 10.8989305496, 7.58808994293, 8.04904174805, 5.99289417267, 4.24597024918, 3.53185915947, 2.33609819412, 1.53275454044, 1.15376412868, 1.40403187275, 1.21674060822, 1.03596222401, 0.72541475296, 0.343917876482, 0.145580232143, 0.0517739355564, 0.00729474704713, 0.000651800830383, 5.15051542607e-05, 7.31743875804e-06, 1.0936038052e-05], "dvar": [0.000770269311033, 0.521814405918, 16.1735687256, 39.0466575623, 271.089782715, 70.0494689941, 190.141860962, 667.379455566, 1248.45812988, 3124.06567383, 6404.61279297, 9641.32617188, 2162.60839844, 1365.64453125, 2215.52099609, 2764.26025391, 3516.8125, 2288.50805664, 1766.61083984, 461.657165527, 127.22719574, 148.827377319, 145.91368103, 115.348655701, 48.7866325378, 24.1265411377, 10.6918830872, 11.0893211365, 18.3257427216, 12.4912643433, 10.708647728, 7.15813398361, 1.82458245754, 0.381022661924, 0.0307734869421, 0.000692911096849, 5.61780052521e-06, 2.99713853735e-08, 1.74271819198e-10, 1.32457766977e-10], "dvar2": [0.00176713918336, 1.10136520863, 43.8430862427, 105.306465149, 679.687072754, 174.730026245, 400.124816895, 1371.23510742, 2805.54199219, 6969.27929688, 13530.1074219, 18944.4023438, 4296.63867188, 3098.38305664, 5142.89257813, 6905.37353516, 8109.72265625, 5255.8984375, 4327.21337891, 1154.3338623, 293.054107666, 329.867126465, 336.188720703, 199.538619995, 101.85874939, 54.2519302368, 23.9834804535, 20.5240592957, 36.4126815796, 27.3140850067, 20.6450767517, 13.2497596741, 3.41243553162, 0.824337124825, 0.0634628161788, 0.00138142588548, 1.19070764413e-05, 6.36594919001e-08, 4.01047861587e-10, 2.86082907364e-10], "max": [0.478480994701, 13.1424942017, 63.1056289673, 112.158714294, 315.2784729, 212.650543213, 393.945831299, 861.312255859, 1077.03588867, 1805.10339355, 2433.74072266, 2561.0402832, 1637.43554688, 1356.68896484, 1755.67565918, 1134.47033691, 1430.12304688, 1223.85180664, 2370.96289063, 448.740966797, 335.101989746, 301.259887695, 461.311462402, 684.325134277, 332.753753662, 180.457015991, 127.811347961, 171.687179565, 274.590698242, 120.229667664, 94.2223892212, 75.6315002441, 48.7724494934, 32.8029785156, 5.58952188492, 1.0061249733, 0.100086547434, 0.00767852272838, 0.000620548613369, 0.000139321346069], "mean": [0.00925254356116, 0.236043140292, 1.35028290749, 3.32614278793, 8.61173343658, 7.43552160263, 10.7040777206, 21.4550647736, 21.673532486, 32.7141036987, 45.5701904297, 71.1025924683, 40.2980613708, 32.0655021667, 26.7045040131, 25.5863399506, 29.7689495087, 26.3565273285, 21.6965141296, 12.3942375183, 10.8793411255, 10.4365463257, 7.11384487152, 5.31850719452, 4.33657073975, 2.53076529503, 1.62688648701, 1.23142790794, 1.57020759583, 1.41935873032, 1.149995327, 0.786896765232, 0.35960996151, 0.138398095965, 0.0507445782423, 0.00740347802639, 0.000690882501658, 6.35153774056e-05, 1.43684837894e-05, 2.32244419749e-05], "median": [0.00218888837844, 0.0435370951891, 0.347728163004, 1.33766674995, 3.49393701553, 3.93253111839, 4.44578838348, 6.32661628723, 5.58679628372, 7.00355815887, 7.98160266876, 14.9941959381, 11.5087308884, 6.67483568192, 4.74725008011, 3.95134472847, 4.6204419136, 5.11874866486, 4.11539125443, 2.95748472214, 3.11263799667, 2.90644335747, 1.75914168358, 1.15294098854, 0.964009463787, 0.503813147545, 0.323212623596, 0.242309913039, 0.251490652561, 0.232306689024, 0.124979287386, 0.0603084899485, 0.0332594029605, 0.0136764738709, 0.00489082187414, 0.00079060025746, 0.000120632226754, 2.30549430853e-05, 9.43516170082e-06, 1.56235146278e-05], "min": [5.55401597154e-22, 4.87869630866e-21, 2.77408169299e-20, 1.66967311373e-19, 1.60985477225e-19, 2.58964813987e-19, 2.57624005912e-19, 5.13785608201e-19, 6.05170867914e-19, 4.76906484373e-19, 5.0422210785e-19, 1.21838451632e-18, 1.06806501611e-18, 1.79718822673e-18, 3.33669418301e-18, 3.66383522308e-18, 2.66260588348e-18, 5.46837439712e-18, 5.13157085352e-18, 4.93489046491e-18, 6.53034443628e-18, 8.4702715699e-18, 1.30443884514e-17, 2.01804044584e-17, 1.73881768914e-17, 2.23565214354e-17, 1.89381346883e-17, 1.60030249053e-17, 2.26591007947e-17, 1.97877931068e-17, 2.02980907528e-17, 1.53697718243e-17, 1.08804856233e-17, 1.07509350773e-17, 9.64466620766e-18, 6.1429724467e-18, 2.69410161249e-18, 1.17287303902e-18, 3.82585508966e-19, 3.81746857685e-20], "var": [0.000799690256827, 0.607629537582, 13.3706169128, 37.8685188293, 302.792602539, 122.084663391, 487.877655029, 2667.16015625, 3113.49047852, 6858.01123047, 14557.1445313, 34462.203125, 8593.72363281, 7609.76757813, 5614.7734375, 4949.39550781, 8554.74414063, 5240.88964844, 3296.31640625, 963.639465332, 517.799438477, 446.368774414, 281.136230469, 382.957550049, 194.522094727, 52.9677658081, 20.8331031799, 19.4309940338, 32.5796585083, 21.7464809418, 25.3853721619, 18.132019043, 3.78147625923, 0.580195307732, 0.0557446889579, 0.00132055091672, 9.93260437099e-06, 4.85749858115e-08, 3.15853926347e-10, 4.92325735735e-10]}, "erbbands_crest": {"dmean": 2.90383124352, "dmean2": 4.55804491043, "dvar": 7.7712469101, "dvar2": 17.6667881012, "max": 33.3986206055, "mean": 11.7198505402, "median": 10.4966440201, "min": 2.53365635872, "var": 28.8856964111}, "erbbands_flatness_db": {"dmean": 0.0192464068532, "dmean2": 0.027171054855, "dvar": 0.000402695994126, "dvar2": 0.000718559720553, "max": 0.408259898424, "mean": 0.223896712065, "median": 0.222486063838, "min": 0.0271231923252, "var": 0.00298694707453}, "erbbands_kurtosis": {"dmean": 1.38463020325, "dmean2": 2.12566113472, "dvar": 4.33330011368, "dvar2": 9.33154392242, "max": 72.6835632324, "mean": 1.80537343025, "median": 0.70168197155, "min": -1.87938559055, "var": 16.1509151459}, "erbbands_skewness": {"dmean": 0.392154365778, "dmean2": 0.594251871109, "dvar": 0.148895263672, "dvar2": 0.327422916889, "max": 6.96805477142, "mean": 0.718650400639, "median": 0.661659657955, "min": -2.97845697403, "var": 0.728267610073}, "erbbands_spread": {"dmean": 6.04681682587, "dmean2": 8.90540599823, "dvar": 67.3770828247, "dvar2": 140.714660645, "max": 135.769561768, "mean": 25.1114082336, "median": 21.8137302399, "min": 1.57082915306, "var": 259.358215332}, "gfcc": {"cov": [[13971.8583984, 905.470275879, -1722.27160645, 574.331359863, -1141.11804199, 303.333740234, -282.840606689, -109.814193726, 36.6759414673, -316.317901611, 182.407546997, -232.707794189, -19.1438617706], [905.470275879, 1308.94311523, 33.4800109863, -264.021392822, 336.919281006, -249.955764771, 96.7488937378, -77.8657836914, 56.3011245728, -133.210006714, -43.818687439, -84.45287323, 36.1133384705], [-1722.27160645, 33.4800109863, 896.28918457, 200.739028931, 120.395606995, 47.608455658, 19.8447685242, 36.3110694885, -30.2606277466, 44.3129653931, -84.5693969727, -1.81495952606, 5.28758573532], [574.331359863, -264.021392822, 200.739028931, 568.691101074, -68.2282943726, 101.396621704, -21.2759590149, -15.7601900101, -9.26305294037, 44.9928474426, -7.30683469772, -19.6206874847, -4.17662000656], [-1141.11804199, 336.919281006, 120.395606995, -68.2282943726, 486.509399414, -46.3739242554, 70.6276626587, -12.8648729324, 1.82852470875, 12.5196609497, -59.3591651917, -24.4569206238, 7.5550160408], [303.333740234, -249.955764771, 47.608455658, 101.396621704, -46.3739242554, 304.939758301, 45.6067276001, 26.9862804413, -22.7146205902, 11.1089382172, 24.4548168182, 8.44852924347, -32.3944892883], [-282.840606689, 96.7488937378, 19.8447685242, -21.2759590149, 70.6276626587, 45.6067276001, 215.276885986, 34.1881256104, -10.6035118103, -29.2596492767, -1.57761979103, 2.33139014244, -1.26300704479], [-109.814193726, -77.8657836914, 36.3110694885, -15.7601900101, -12.8648729324, 26.9862804413, 34.1881256104, 137.751434326, 33.8116073608, -17.2503013611, -14.7746486664, 3.81829309464, 0.488345593214], [36.6759414673, 56.3011245728, -30.2606277466, -9.26305294037, 1.82852470875, -22.7146205902, -10.6035118103, 33.8116073608, 140.074813843, 10.6897411346, -4.42631053925, -7.80235767365, 1.00091946125], [-316.317901611, -133.210006714, 44.3129653931, 44.9928474426, 12.5196609497, 11.1089382172, -29.2596492767, -17.2503013611, 10.6897411346, 146.010284424, 28.8581466675, 0.373951971531, -19.1918945313], [182.407546997, -43.818687439, -84.5693969727, -7.30683469772, -59.3591651917, 24.4548168182, -1.57761979103, -14.7746486664, -4.42631053925, 28.8581466675, 148.016342163, 43.804069519, -35.1830940247], [-232.707794189, -84.45287323, -1.81495952606, -19.6206874847, -24.4569206238, 8.44852924347, 2.33139014244, 3.81829309464, -7.80235767365, 0.373951971531, 43.804069519, 107.623558044, 23.714056015], [-19.1438617706, 36.1133384705, 5.28758573532, -4.17662000656, 7.5550160408, -32.3944892883, -1.26300704479, 0.488345593214, 1.00091946125, -19.1918945313, -35.1830940247, 23.714056015, 99.4356155396]], "icov": [[0.000537470623385, -0.00147157895844, 0.00131117471028, -0.0012047868222, 0.00153687398415, -0.00135595083702, 0.00106051017065, -0.000924425199628, 0.000759177433793, -0.000258894637227, 0.000374209921574, 0.000176854489837, 9.71290137386e-06], [-0.00147157895844, 0.00577180879191, -0.00396842882037, 0.00385493389331, -0.00509783066809, 0.00469164084643, -0.00356754334643, 0.003881896846, -0.00310193444602, 0.00246998667717, -0.00210359646007, 0.00116622203495, -0.000669673550874], [0.00131117471028, -0.00396842882037, 0.00470422999933, -0.00357044488192, 0.00359670678154, -0.00356035213917, 0.00272190920077, -0.00305519951507, 0.00250214571133, -0.00149616238195, 0.00208516954444, -0.000464362296043, 0.000444554694695], [-0.0012047868222, 0.00385493389331, -0.00357044488192, 0.00505788810551, -0.00332523626275, 0.00266075599939, -0.00246523926035, 0.00298182945698, -0.00214818259701, 0.0006908471114, -0.00123089796398, 0.000743067706935, -0.000613942567725], [0.00153687398415, -0.00509783066809, 0.00359670678154, -0.00332523626275, 0.00737360026687, -0.00403831759468, 0.00236780755222, -0.00271452357993, 0.00252306368202, -0.00218024104834, 0.00250857789069, -0.000115459479275, 0.000452893291367], [-0.00135595083702, 0.00469164084643, -0.00356035213917, 0.00266075599939, -0.00403831759468, 0.00795933883637, -0.00392699474469, 0.0022815275006, -0.00179584417492, 0.0014105385635, -0.00172183103859, 1.41818482007e-05, 0.000852578959893], [0.00106051017065, -0.00356754334643, 0.00272190920077, -0.00246523926035, 0.00236780755222, -0.00392699474469, 0.00790509302169, -0.00367644196376, 0.0024095880799, -4.7305435146e-05, 0.000546547758859, -0.000176882647793, 0.000112951216579], [-0.000924425199628, 0.003881896846, -0.00305519951507, 0.00298182945698, -0.00271452357993, 0.0022815275006, -0.00367644196376, 0.0114876264706, -0.00462554162368, 0.00263425917365, -0.000427015853347, 0.000269995711278, -0.000114174916234], [0.000759177433793, -0.00310193444602, 0.00250214571133, -0.00214818259701, 0.00252306368202, -0.00179584417492, 0.0024095880799, -0.00462554162368, 0.00976778753102, -0.00234521692619, 0.00118378980551, -0.000130922941025, 0.000225125331781], [-0.000258894637227, 0.00246998667717, -0.00149616238195, 0.0006908471114, -0.00218024104834, 0.0014105385635, -4.7305435146e-05, 0.00263425917365, -0.00234521692619, 0.00997219327837, -0.00311899604276, 0.00180393538903, 0.000187841476873], [0.000374209921574, -0.00210359646007, 0.00208516954444, -0.00123089796398, 0.00250857789069, -0.00172183103859, 0.000546547758859, -0.000427015853347, 0.00118378980551, -0.00311899604276, 0.0116475215182, -0.00604135822505, 0.0048790415749], [0.000176854489837, 0.00116622203495, -0.000464362296043, 0.000743067706935, -0.000115459479275, 1.41818482007e-05, -0.000176882647793, 0.000269995711278, -0.000130922941025, 0.00180393538903, -0.00604135822505, 0.0143460808322, -0.0055332351476], [9.71290137386e-06, -0.000669673550874, 0.000444554694695, -0.000613942567725, 0.000452893291367, 0.000852578959893, 0.000112951216579, -0.000114174916234, 0.000225125331781, 0.000187841476873, 0.0048790415749, -0.0055332351476, 0.0135776884854]], "mean": [-87.3934020996, 135.872283936, -133.042037964, 14.0412445068, -66.6823348999, 2.22805380821, -41.4301109314, -3.04772281647, -17.1987991333, -12.6673488617, -14.9367351532, -12.5074291229, -8.69928836823]}, "hfc": {"dmean": 3.91513872147, "dmean2": 5.54052591324, "dvar": 37.2455101013, "dvar2": 72.2830886841, "max": 109.26335907, "mean": 13.0354099274, "median": 7.28990077972, "min": 1.16437225276e-16, "var": 211.10647583}, "melbands": {"dmean": [0.000133185065351, 0.000447660888312, 0.000477204273921, 0.00034081999911, 0.00018123499467, 0.000216742773773, 0.000180184360943, 0.000194585954887, 0.000226591626415, 0.000221417751163, 9.34861018322e-05, 6.13692463958e-05, 4.97532637382e-05, 5.01601789438e-05, 4.37824674009e-05, 4.01918223361e-05, 2.86893027805e-05, 2.20328820433e-05, 1.24490989037e-05, 7.34287004889e-06, 5.99993836659e-06, 5.74942032472e-06, 4.6763075261e-06, 3.66980520994e-06, 2.35268089455e-06, 2.04176944862e-06, 1.44231592003e-06, 1.00395413938e-06, 7.44183182633e-07, 4.7353725563e-07, 4.93928268952e-07, 5.79684126478e-07, 5.42001941994e-07, 4.77092441997e-07, 4.36660542391e-07, 3.83552588801e-07, 2.98865131754e-07, 1.9651665184e-07, 1.10304817724e-07, 7.7656757469e-08], "dmean2": [0.000202871699003, 0.000731135543901, 0.000782685820013, 0.000554195488803, 0.000283185421722, 0.000330317940097, 0.000277733372059, 0.000295184669085, 0.000330166047206, 0.000322528299876, 0.000138050090754, 9.19579688343e-05, 7.52783380449e-05, 7.75989101385e-05, 6.87942738296e-05, 6.31822040305e-05, 4.51116829936e-05, 3.3842290577e-05, 1.94764088519e-05, 1.14788927021e-05, 9.1716156021e-06, 8.75924524735e-06, 7.13590270607e-06, 5.6319659052e-06, 3.52783104063e-06, 3.09731103698e-06, 2.19486491915e-06, 1.53828989369e-06, 1.12596660529e-06, 7.17973705378e-07, 7.28831480501e-07, 8.42374731747e-07, 7.92539481154e-07, 6.99022962181e-07, 6.3883430812e-07, 5.58358465241e-07, 4.37406640685e-07, 2.83124649059e-07, 1.63656054042e-07, 1.17019567369e-07], "dvar": [2.36556928712e-07, 2.588228881e-06, 1.76656794793e-06, 6.9623087029e-07, 1.82530470738e-07, 2.71469247082e-07, 3.05541874468e-07, 3.51636373352e-07, 4.3558330276e-07, 3.53996398417e-07, 5.81130024102e-08, 2.749475847e-08, 2.63420645297e-08, 2.70900475385e-08, 2.6058119218e-08, 1.60189106424e-08, 8.26883628235e-09, 5.69193536748e-09, 1.6763447297e-09, 4.1511180604e-10, 2.06978142958e-10, 2.0223324404e-10, 1.27949817408e-10, 1.85702217492e-10, 8.7995805087e-11, 4.45396705628e-11, 2.25868698744e-11, 1.12454056483e-11, 5.70032779659e-12, 4.12627657737e-12, 4.62263777604e-12, 7.28025018742e-12, 4.60616440823e-12, 4.06520693844e-12, 3.76357495516e-12, 4.12572623634e-12, 2.72479825161e-12, 1.3459847386e-12, 3.67427876319e-13, 2.74614532503e-13], "dvar2": [5.20775017776e-07, 6.40783036943e-06, 4.56420093542e-06, 1.76336277491e-06, 3.73079615201e-07, 5.59601744499e-07, 6.97093071267e-07, 7.81876678957e-07, 8.8648135943e-07, 6.97658038007e-07, 1.15974422954e-07, 6.1816351149e-08, 6.22364026981e-08, 6.43457696015e-08, 6.22679010576e-08, 3.82206160054e-08, 1.89983673238e-08, 1.3755239614e-08, 4.07914901857e-09, 1.01627928295e-09, 4.79231820893e-10, 4.5685591421e-10, 2.83873036189e-10, 4.07604006103e-10, 1.54688706289e-10, 9.72548638845e-11, 5.02890021292e-11, 2.54714548065e-11, 1.26270712636e-11, 1.0219713964e-11, 8.28405399833e-12, 1.48355095569e-11, 9.85030026296e-12, 9.30142247946e-12, 7.37305182186e-12, 8.07324693208e-12, 5.32572857342e-12, 2.68121158956e-12, 7.27919569239e-13, 6.31086166398e-13], "max": [0.00885432120413, 0.0252034012228, 0.0182260014117, 0.0152334822342, 0.0125408833846, 0.0166763626039, 0.0148740401492, 0.0169338788837, 0.0167551953346, 0.0138619663194, 0.00820332486182, 0.00611977372319, 0.00616929121315, 0.00439754314721, 0.00456061121076, 0.00314365653321, 0.0022607173305, 0.00380129832774, 0.00125124759506, 0.000434400397353, 0.000364040140994, 0.000419548072387, 0.000258938933257, 0.000741787720472, 0.000590388197452, 0.000304833927657, 0.000255947117694, 0.000130740139866, 8.99562000996e-05, 8.32972800708e-05, 0.000129540887428, 0.000184515214642, 8.51222139318e-05, 7.23851262592e-05, 5.75353842578e-05, 7.23176344763e-05, 4.61117706436e-05, 4.53561333416e-05, 2.11893511732e-05, 2.89786075882e-05], "mean": [0.000150409177877, 0.000582305132411, 0.000757102912758, 0.000601635256317, 0.000359571073204, 0.000453155400464, 0.000355425581802, 0.000354517716914, 0.000397420488298, 0.000451050291304, 0.000201060509426, 0.000135221591336, 8.65961701493e-05, 7.88695688243e-05, 6.61965023028e-05, 6.48083805572e-05, 4.61752606498e-05, 3.75759118469e-05, 2.03778763535e-05, 1.32414043037e-05, 1.20156973935e-05, 1.0527401173e-05, 8.35699211166e-06, 5.80234791414e-06, 4.04818183597e-06, 3.59441150977e-06, 2.33918785852e-06, 1.4991644548e-06, 1.10542714538e-06, 7.13914175776e-07, 7.15079522706e-07, 8.73950568803e-07, 8.74238651249e-07, 7.62742672578e-07, 6.73312342769e-07, 5.84408610393e-07, 4.42610172513e-07, 2.79928258351e-07, 1.53161622052e-07, 1.02695402404e-07], "median": [2.97188998957e-05, 0.00014454642951, 0.000344343367033, 0.000298228173051, 0.000163821750903, 0.000140695745358, 9.00992090465e-05, 7.10546373739e-05, 5.85653469898e-05, 8.99574806681e-05, 4.8909769248e-05, 2.19421690417e-05, 1.34329848152e-05, 9.11283314053e-06, 7.68846257415e-06, 1.03226657302e-05, 8.04169940238e-06, 6.21597791906e-06, 3.88908347304e-06, 3.20586036651e-06, 3.1777562981e-06, 2.54649580711e-06, 2.05389505936e-06, 1.08722156256e-06, 7.45484669551e-07, 7.62415027111e-07, 4.27924589985e-07, 2.63362068154e-07, 1.9848354782e-07, 1.39263619303e-07, 1.3052255099e-07, 1.32540719733e-07, 1.35652570066e-07, 1.18211552547e-07, 7.30967428808e-08, 4.292983391e-08, 3.15154764507e-08, 2.3310317232e-08, 1.48151926282e-08, 9.30771903995e-09], "min": [5.13701843302e-24, 1.14778062641e-23, 2.76779674097e-23, 1.43782032657e-23, 1.06044149686e-23, 1.13049234524e-23, 9.31803132336e-24, 3.81754128395e-24, 5.21498905046e-24, 8.07777000867e-24, 5.29064357228e-24, 6.81527386051e-24, 9.49556131463e-24, 9.17052932244e-24, 1.20920504414e-23, 3.40803688274e-24, 1.16819208679e-23, 9.13561670536e-24, 5.02027372436e-24, 7.98003408682e-24, 8.40265763932e-24, 1.01233951987e-23, 8.44423849764e-24, 1.27742636631e-23, 1.71930893229e-23, 1.40672705845e-23, 7.15849856291e-24, 1.81064245904e-23, 1.38355379604e-23, 8.81259078644e-24, 9.20528258962e-24, 1.39785268881e-23, 1.07651461669e-23, 1.11780241318e-23, 1.14390250731e-23, 1.18071422814e-23, 8.70863864066e-24, 7.89218969186e-24, 7.93226698129e-24, 9.51479137692e-24], "var": [2.56723808434e-07, 2.56090493167e-06, 1.88521619293e-06, 9.01757005067e-07, 5.09482447342e-07, 1.08604228899e-06, 7.43019541005e-07, 7.50821641304e-07, 1.11647375434e-06, 1.2702486174e-06, 2.33512452041e-07, 1.58108633741e-07, 5.81085899398e-08, 6.02380794135e-08, 5.71649074743e-08, 3.66185872736e-08, 1.70848224457e-08, 1.05883408708e-08, 3.34907435118e-09, 9.10219344341e-10, 6.99403535087e-10, 5.37193622918e-10, 3.01490193921e-10, 3.91702115188e-10, 2.65992255999e-10, 1.59598820271e-10, 6.48914394441e-11, 1.93616563754e-11, 1.0371914265e-11, 5.93808335836e-12, 7.79415854774e-12, 1.15133640469e-11, 8.31244274802e-12, 6.6049479254e-12, 8.29546414199e-12, 9.9977838508e-12, 6.09132536078e-12, 2.51764754877e-12, 6.6469919846e-13, 3.56953155185e-13]}, "melbands_crest": {"dmean": 2.96804499626, "dmean2": 4.78306818008, "dvar": 8.26549434662, "dvar2": 20.7079353333, "max": 37.0823783875, "mean": 13.6876678467, "median": 12.7549028397, "min": 2.7106192112, "var": 25.6784343719}, "melbands_flatness_db": {"dmean": 0.0235533360392, "dmean2": 0.0340779684484, "dvar": 0.000640060403384, "dvar2": 0.0012619132176, "max": 0.50825804472, "mean": 0.252439290285, "median": 0.248647406697, "min": 0.00589377386495, "var": 0.00466592470184}, "melbands_kurtosis": {"dmean": 4.99277019501, "dmean2": 7.81364393234, "dvar": 93.4166641235, "dvar2": 222.083282471, "max": 197.775878906, "mean": 9.62576198578, "median": 5.2167930603, "min": -1.85673439503, "var": 199.528503418}, "melbands_skewness": {"dmean": 0.61299353838, "dmean2": 0.919270992279, "dvar": 0.512395322323, "dvar2": 1.12201905251, "max": 13.2245750427, "mean": 1.92784881592, "median": 1.71790838242, "min": -1.97788131237, "var": 2.24869513512}, "melbands_spread": {"dmean": 4.24172735214, "dmean2": 6.34024429321, "dvar": 56.5925483704, "dvar2": 104.071258545, "max": 230.359466553, "mean": 15.2413921356, "median": 12.6393623352, "min": 0.706614017487, "var": 163.54637146}, "mfcc": {"cov": [[10226.3779297, -204.85975647, -573.588623047, -63.167591095, -471.285522461, 137.884399414, -185.113021851, 239.080215454, -314.512420654, -33.4358024597, 94.8040084839, 96.4687194824, 42.7649917603], [-204.85975647, 1816.37365723, -218.606124878, 41.9495735168, 151.126724243, -102.005867004, 26.2652797699, 6.13313150406, 78.7610244751, 11.1039247513, -40.6032829285, -82.1384963989, -23.8392658234], [-573.588623047, -218.606124878, 765.947814941, 143.568603516, 52.2288627625, 58.4848594666, 23.9703369141, 11.0812854767, 53.6515922546, 16.9934768677, -25.6123733521, 10.1272239685, -14.9230508804], [-63.167591095, 41.9495735168, 143.568603516, 418.570281982, 78.9429168701, 47.8208847046, 7.28248310089, -43.6793251038, 50.4149475098, 20.5958309174, -34.1913146973, -22.1733665466, 2.01014113426], [-471.285522461, 151.126724243, 52.2288627625, 78.9429168701, 270.540893555, 47.1721115112, 7.48128890991, -31.7836780548, 46.1389007568, 30.1168479919, -9.65475749969, -15.3428192139, -6.57348775864], [137.884399414, -102.005867004, 58.4848594666, 47.8208847046, 47.1721115112, 219.07409668, 76.9952011108, 2.12596869469, 19.3225307465, 1.14374804497, 14.0845947266, 14.7791843414, -2.78080511093], [-185.113021851, 26.2652797699, 23.9703369141, 7.28248310089, 7.48128890991, 76.9952011108, 213.32673645, 45.4310112, 12.0516824722, -10.5266265869, 5.78356933594, 5.07617378235, -12.7432804108], [239.080215454, 6.13313150406, 11.0812854767, -43.6793251038, -31.7836780548, 2.12596869469, 45.4310112, 183.006408691, 14.6777658463, -8.94742298126, 8.8154258728, -0.0771799832582, -1.49349117279], [-314.512420654, 78.7610244751, 53.6515922546, 50.4149475098, 46.1389007568, 19.3225307465, 12.0516824722, 14.6777658463, 175.271713257, 42.0193138123, -41.6411323547, -24.2899990082, -11.6966686249], [-33.4358024597, 11.1039247513, 16.9934768677, 20.5958309174, 30.1168479919, 1.14374804497, -10.5266265869, -8.94742298126, 42.0193138123, 118.001022339, 14.6444129944, -13.0656232834, -7.97335195541], [94.8040084839, -40.6032829285, -25.6123733521, -34.1913146973, -9.65475749969, 14.0845947266, 5.78356933594, 8.8154258728, -41.6411323547, 14.6444129944, 128.831954956, 45.8126068115, -0.816149353981], [96.4687194824, -82.1384963989, 10.1272239685, -22.1733665466, -15.3428192139, 14.7791843414, 5.07617378235, -0.0771799832582, -24.2899990082, -13.0656232834, 45.8126068115, 110.492004395, 27.8972206116], [42.7649917603, -23.8392658234, -14.9230508804, 2.01014113426, -6.57348775864, -2.78080511093, -12.7432804108, -1.49349117279, -11.6966686249, -7.97335195541, -0.816149353981, 27.8972206116, 97.7376022339]], "icov": [[0.000133072666358, -1.84159398486e-05, 9.89783366094e-05, -7.85045922385e-05, 0.000223045266466, -0.000244646129431, 0.00022379370057, -0.000241010959144, 0.000247408257565, -0.000120158030768, 7.50597610022e-05, -0.000101742240076, 3.70190791728e-05], [-1.84159398486e-05, 0.00066860212246, 0.000203306408366, -6.47770284559e-05, -0.000452580279671, 0.00047553316108, -0.000252081925282, -1.35244426929e-05, -0.000293245655484, 0.000152249340317, -5.71858654439e-05, 0.000335074582836, 3.47369568772e-05], [9.89783366094e-05, 0.000203306408366, 0.00160107482225, -0.000531494151801, -6.7916662374e-05, -0.000279228406725, 0.000108741347503, -0.000412340741605, -8.36471226648e-05, -0.000172203901457, 0.000372641545255, -0.000451453670394, 0.000364947889466], [-7.85045922385e-05, -6.47770284559e-05, -0.000531494151801, 0.00291482452303, -0.000568698276766, -0.000317235011607, -0.00015132300905, 0.000794681312982, -0.000523804686964, -8.13263104646e-05, 0.000323377054883, 0.000461003248347, -0.000375615025405], [0.000223045266466, -0.000452580279671, -6.7916662374e-05, -0.000568698276766, 0.00492359232157, -0.00144122203346, 0.000526552903466, 0.000302440283122, -0.000178334768862, -0.000891782110557, 4.13919588027e-05, 3.84429804399e-05, 5.20369212609e-05], [-0.000244646129431, 0.00047553316108, -0.000279228406725, -0.000317235011607, -0.00144122203346, 0.00644188467413, -0.00254017906263, 0.000708159990609, -0.00107787793968, 0.000583841931075, -0.000905162421986, -0.000187323254067, -8.25554088806e-05], [0.00022379370057, -0.000252081925282, 0.000108741347503, -0.00015132300905, 0.000526552903466, -0.00254017906263, 0.00622924230993, -0.00176683522295, 0.000345273147104, 0.00027363319532, 0.000141549884574, -0.000450587540399, 0.000802073162049], [-0.000241010959144, -1.35244426929e-05, -0.000412340741605, 0.000794681312982, 0.000302440283122, 0.000708159990609, -0.00176683522295, 0.00667778868228, -0.00147324311547, 0.000811348902062, -0.000947082182392, 0.000691545195878, -0.00038039725041], [0.000247408257565, -0.000293245655484, -8.36471226648e-05, -0.000523804686964, -0.000178334768862, -0.00107787793968, 0.000345273147104, -0.00147324311547, 0.00813478790224, -0.00307241245173, 0.00286923511885, -0.000356884847861, 0.000646770291496], [-0.000120158030768, 0.000152249340317, -0.000172203901457, -8.13263104646e-05, -0.000891782110557, 0.000583841931075, 0.00027363319532, 0.000811348902062, -0.00307241245173, 0.0104273920879, -0.00292474776506, 0.00176791008562, 2.37305539486e-05], [7.50597610022e-05, -5.71858654439e-05, 0.000372641545255, 0.000323377054883, 4.13919588027e-05, -0.000905162421986, 0.000141549884574, -0.000947082182392, 0.00286923511885, -0.00292474776506, 0.0109028574079, -0.00456804316491, 0.00148414319847], [-0.000101742240076, 0.000335074582836, -0.000451453670394, 0.000461003248347, 3.84429804399e-05, -0.000187323254067, -0.000450587540399, 0.000691545195878, -0.000356884847861, 0.00176791008562, -0.00456804316491, 0.012482800521, -0.00350268464535], [3.70190791728e-05, 3.47369568772e-05, 0.000364947889466, -0.000375615025405, 5.20369212609e-05, -8.25554088806e-05, 0.000802073162049, -0.00038039725041, 0.000646770291496, 2.37305539486e-05, 0.00148414319847, -0.00350268464535, 0.0114786149934]], "mean": [-720.35546875, 160.461547852, -7.77211141586, 9.74166965485, -4.47274398804, -2.13611268997, -13.8259515762, 0.567589044571, -6.53371810913, 0.305062890053, -2.55225586891, -7.42690420151, -7.82476139069]}, "pitch_salience": {"dmean": 0.0676600337029, "dmean2": 0.108008868992, "dvar": 0.00390489213169, "dvar2": 0.00972147379071, "max": 0.896545290947, "mean": 0.549734473228, "median": 0.562703371048, "min": 0.122652232647, "var": 0.0137566225603}, "silence_rate_20dB": {"dmean": 0, "dmean2": 0, "dvar": 0, "dvar2": 0, "max": 1, "mean": 1, "median": 1, "min": 1, "var": 0}, "silence_rate_30dB": {"dmean": 0.000429276668001, "dmean2": 0.000858645478729, "dvar": 0.000429123727372, "dvar2": 0.00128735613544, "max": 1, "mean": 0.999785363674, "median": 1, "min": 0, "var": 0.000214562824112}, "silence_rate_60dB": {"dmean": 0.0386349000037, "dmean2": 0.0772780925035, "dvar": 0.0371446311474, "dvar2": 0.0835490524769, "max": 1, "mean": 0.131129950285, "median": 0, "min": 0, "var": 0.113940864801}, "spectral_centroid": {"dmean": 148.107528687, "dmean2": 220.072143555, "dvar": 57199.8945313, "dvar2": 104401.640625, "max": 11049.703125, "mean": 857.355529785, "median": 753.914428711, "min": 204.385681152, "var": 241136.59375}, "spectral_complexity": {"dmean": 2.34127497673, "dmean2": 3.52388095856, "dvar": 8.7172870636, "dvar2": 17.4226913452, "max": 49, "mean": 12.5353574753, "median": 11, "min": 0, "var": 52.9078598022}, "spectral_contrast_coeffs": {"dmean": [0.0454099401832, 0.0457641631365, 0.0403047651052, 0.0316076278687, 0.023869458586, 0.0176206976175], "dmean2": [0.0730168968439, 0.0728998184204, 0.0636080130935, 0.0500549376011, 0.0371546037495, 0.0266210101545], "dvar": [0.00161451357417, 0.00161135720555, 0.00117136491463, 0.00071566994302, 0.000466078228783, 0.000289713032544], "dvar2": [0.00403166934848, 0.00377125712112, 0.00276406062767, 0.00169231370091, 0.00100733689032, 0.000615402590483], "max": [-0.301653444767, -0.366709291935, -0.375750511885, -0.533474981785, -0.57114392519, -0.560004174709], "mean": [-0.585774362087, -0.712243855, -0.718472063541, -0.763805985451, -0.78059887886, -0.779075086117], "median": [-0.582519233227, -0.718503475189, -0.727250874043, -0.767471015453, -0.784611225128, -0.777615010738], "min": [-0.983390331268, -0.984665989876, -0.966628491879, -0.958722174168, -0.962949693203, -0.958847880363], "var": [0.00704859849066, 0.00745058292523, 0.00761864427477, 0.00350676197559, 0.00253466935828, 0.00207206443883]}, "spectral_contrast_valleys": {"dmean": [0.412406504154, 0.342156916857, 0.346195220947, 0.315259218216, 0.287900805473, 0.305973351002], "dmean2": [0.640501022339, 0.547587871552, 0.539858043194, 0.471987992525, 0.394793152809, 0.404471904039], "dvar": [0.181538522243, 0.10896653682, 0.117817357183, 0.11222589761, 0.115856043994, 0.159239277244], "dvar2": [0.349658071995, 0.23577208817, 0.246763810515, 0.208639964461, 0.184499979019, 0.269042313099], "max": [-5.58454275131, -4.69872808456, -5.0862622261, -5.25255012512, -6.17719602585, -7.77983903885], "mean": [-8.21012020111, -6.98204660416, -7.85503387451, -8.3647851944, -8.74770832062, -11.4673137665], "median": [-8.02049446106, -6.79488611221, -7.70172119141, -8.24916172028, -8.59355831146, -11.3796434402], "min": [-27.7340946198, -27.7841892242, -27.3318691254, -27.4910392761, -27.1665115356, -27.244184494], "var": [1.65624380112, 1.63714969158, 1.7235199213, 1.59687125683, 1.55410754681, 1.60727405548]}, "spectral_decrease": {"dmean": 1.62937996429e-09, "dmean2": 2.39937070212e-09, "dvar": 6.77043071394e-18, "dvar2": 1.48279437077e-17, "max": -3.1433591628e-30, "mean": -4.89911355928e-09, "median": -3.26659388428e-09, "min": -3.06640188796e-08, "var": 2.25704253787e-17}, "spectral_energy": {"dmean": 0.00645257066935, "dmean2": 0.00948017742485, "dvar": 0.000103777289041, "dvar2": 0.000225683848839, "max": 0.1214492172, "mean": 0.019672729075, "median": 0.0131195764989, "min": 1.05730613637e-20, "var": 0.000362459715689}, "spectral_energyband_high": {"dmean": 9.88296160358e-05, "dmean2": 0.000138163624797, "dvar": 1.30785508645e-07, "dvar2": 2.29263690699e-07, "max": 0.0155394216999, "mean": 0.000180555478437, "median": 3.37294113706e-05, "min": 7.83879403852e-21, "var": 3.18836271163e-07}, "spectral_energyband_low": {"dmean": 0.00182727782521, "dmean2": 0.00289256451651, "dvar": 3.62176906492e-05, "dvar2": 8.5148785729e-05, "max": 0.0920461565256, "mean": 0.00271794735454, "median": 0.000899019185454, "min": 9.68187669204e-23, "var": 4.08498854085e-05}, "spectral_energyband_middle_high": {"dmean": 0.00154462677892, "dmean2": 0.0022450145334, "dvar": 8.96652363735e-06, "dvar2": 1.85638291441e-05, "max": 0.0669224113226, "mean": 0.00423825578764, "median": 0.00152496667579, "min": 1.4483505405e-21, "var": 4.91675091325e-05}, "spectral_energyband_middle_low": {"dmean": 0.00474496977404, "dmean2": 0.00710517168045, "dvar": 6.17113109911e-05, "dvar2": 0.00013707546168, "max": 0.112659342587, "mean": 0.0132043547928, "median": 0.0082022678107, "min": 3.0842489873e-22, "var": 0.000198871261091}, "spectral_entropy": {"dmean": 0.185092747211, "dmean2": 0.263410389423, "dvar": 0.0407883897424, "dvar2": 0.0747302398086, "max": 9.80452156067, "mean": 6.97169780731, "median": 6.99874401093, "min": 4.9541721344, "var": 0.329103559256}, "spectral_flux": {"dmean": 0.0222878884524, "dmean2": 0.0345751233399, "dvar": 0.000752022722736, "dvar2": 0.00170358887408, "max": 0.305119514465, "mean": 0.0650037899613, "median": 0.0536533631384, "min": 1.02825394033e-10, "var": 0.00225531193428}, "spectral_kurtosis": {"dmean": 3.98706126213, "dmean2": 6.66812324524, "dvar": 22.2369537354, "dvar2": 58.7771492004, "max": 86.3787155151, "mean": 10.1881933212, "median": 7.67479276657, "min": -1.22661066055, "var": 81.024887085}, "spectral_rms": {"dmean": 0.00065949128475, "dmean2": 0.000943347695284, "dvar": 7.35208914193e-07, "dvar2": 1.44901332533e-06, "max": 0.0108851753175, "mean": 0.00386493466794, "median": 0.00357765099034, "min": 3.21172559034e-12, "var": 4.25508324042e-06}, "spectral_rolloff": {"dmean": 284.628387451, "dmean2": 473.497161865, "dvar": 479583.59375, "dvar2": 917099.6875, "max": 19358.3496094, "mean": 1047.91223145, "median": 753.662109375, "min": 64.599609375, "var": 1031939.6875}, "spectral_skewness": {"dmean": 0.379347085953, "dmean2": 0.602989554405, "dvar": 0.142108216882, "dvar2": 0.341965407133, "max": 7.7067656517, "mean": 2.24594330788, "median": 2.13704252243, "min": -0.128207534552, "var": 0.760804414749}, "spectral_spread": {"