{"lowlevel": {"average_loudness": 0.911573290825, "barkbands": {"dmean": [9.97703173198e-05, 0.00309951859526, 0.00185407698154, 0.000571805168875, 0.00043017428834, 0.000249211938353, 0.000248219701461, 0.000263165857177, 0.000383989041438, 0.000523143273313, 0.000588740280364, 0.000510201381985, 0.000374314986402, 0.00036839893437, 0.000483905605506, 0.000458231195807, 0.00064278638456, 0.000552356184926, 0.000189282640349, 0.00010990233568, 6.28749476164e-05, 3.3207834349e-05, 2.52048484981e-05, 1.65378314705e-05, 5.87663589613e-06, 6.83819564529e-07, 1.32342776737e-08], "dmean2": [0.000139291514643, 0.0048574921675, 0.00294893118553, 0.000928592693526, 0.000768136174884, 0.000400302524213, 0.000392629590351, 0.000416255003074, 0.000617238110863, 0.000810173747595, 0.00086270243628, 0.000777044333518, 0.000585185363889, 0.000581777538173, 0.000736585643608, 0.000697667303029, 0.00103793898597, 0.000900837476365, 0.000297093065456, 0.000164876953932, 9.6296913398e-05, 5.02272014273e-05, 3.97523544962e-05, 2.56091607298e-05, 9.14535667107e-06, 1.1121096577e-06, 2.3333061705e-08], "dvar": [2.27891476356e-07, 2.01577931875e-05, 8.96476740309e-06, 1.53898963617e-06, 1.57911165388e-06, 4.63018182018e-07, 7.12470864528e-07, 8.83954783149e-07, 2.15637896872e-06, 4.72719557365e-06, 4.77105095342e-06, 3.00331112157e-06, 1.71096189661e-06, 1.66560312209e-06, 1.56472844992e-06, 1.30343119054e-06, 1.56550311203e-06, 1.42940893966e-06, 1.4176352181e-07, 5.35162136828e-08, 1.13657847578e-08, 4.13568779223e-09, 1.78520864758e-09, 8.23770385239e-10, 1.35767758147e-10, 2.25840613571e-12, 1.68233713517e-15], "dvar2": [3.71068523464e-07, 5.10472091264e-05, 2.25284220505e-05, 3.77816604669e-06, 4.52622589364e-06, 1.07979099084e-06, 1.51090671352e-06, 1.83721601843e-06, 5.32144485987e-06, 1.12850266305e-05, 9.10566996026e-06, 5.93627919443e-06, 3.70874954569e-06, 4.04327010983e-06, 3.4511940612e-06, 2.93293555842e-06, 3.88058197132e-06, 3.5443933939e-06, 3.28660291871e-07, 1.10160030431e-07, 2.53500829217e-08, 8.8719804836e-09, 4.28464197455e-09, 1.8852148731e-09, 3.34367755706e-10, 5.88815931776e-12, 4.69290176448e-15], "max": [0.0170295126736, 0.0422610677779, 0.0365483611822, 0.0142619684339, 0.0195739232004, 0.0211672503501, 0.0249770544469, 0.0324007384479, 0.044280897826, 0.0943914204836, 0.0547002889216, 0.0580387078226, 0.0466831810772, 0.0352732017636, 0.0286113955081, 0.0270713977516, 0.0216582622379, 0.0175624750555, 0.00993948429823, 0.00681103346869, 0.0021426694002, 0.00151698919944, 0.000757646630518, 0.000375627627363, 0.000152670472744, 2.11205151572e-05, 1.62638502843e-06], "mean": [0.000142304998008, 0.00781811308116, 0.00472491513938, 0.000897347053979, 0.00042446423322, 0.000355836818926, 0.000387085892726, 0.0003896006383, 0.000564379559364, 0.000897480524145, 0.00103379506618, 0.000892085779924, 0.000618065940216, 0.000517117325217, 0.00100439926609, 0.000758219510317, 0.00116139929742, 0.000812849029899, 0.000338930927683, 0.00021802415722, 0.000150406107423, 6.20366772637e-05, 5.15326210007e-05, 2.74520243693e-05, 8.83674965735e-06, 8.45639362979e-07, 1.54755781523e-08], "median": [2.44308666879e-05, 0.00627601053566, 0.00238043651916, 0.000206238444662, 0.00012486288324, 0.000120777520351, 0.000130136642838, 8.30168355606e-05, 6.09354538028e-05, 0.000100996076071, 7.02991528669e-05, 0.000115998816909, 9.97833558358e-05, 9.09956288524e-05, 0.000192253457499, 0.000197947578272, 0.000330884533469, 0.000236826337641, 0.000131607986987, 9.52300833887e-05, 6.4285202825e-05, 2.68337953457e-05, 2.85919486487e-05, 1.53567034431e-05, 4.49895787824e-06, 3.01039960959e-07, 8.42513969701e-09], "min": [3.55152082063e-25, 2.72730810002e-24, 1.84329676457e-24, 2.57546203931e-24, 8.84755310176e-24, 7.95532065238e-24, 8.87594578346e-24, 5.76699920205e-24, 1.42370287181e-23, 1.26626777103e-23, 2.11468728017e-23, 2.42118624757e-23, 2.72803562699e-23, 4.08766989821e-23, 4.9437420681e-23, 3.19398452481e-23, 6.10360615031e-23, 1.2125522914e-22, 9.27320256692e-23, 1.57981525796e-22, 2.4045283136e-22, 2.80297375267e-22, 4.50266961493e-22, 6.45508142269e-22, 9.78698350931e-22, 1.30497404861e-21, 2.09075392819e-21], "var": [4.26655304864e-07, 5.52232195332e-05, 3.17012309097e-05, 2.70555983661e-06, 1.10958717414e-06, 8.5825899987e-07, 1.65726635259e-06, 2.14904275708e-06, 4.36146410721e-06, 1.65449328051e-05, 1.51903905135e-05, 1.00042889244e-05, 4.48608579973e-06, 2.62533785644e-06, 5.77057107876e-06, 2.81266625279e-06, 3.8886864786e-06, 1.94280619326e-06, 3.93031172052e-07, 1.28527005927e-07, 5.08659177001e-08, 1.24110366428e-08, 4.40896785747e-09, 1.26239518838e-09, 1.56377383265e-10, 2.11538599137e-12, 1.17173572193e-15]}, "barkbands_crest": {"dmean": 2.6810028553, "dmean2": 4.21902608871, "dvar": 7.13210439682, "dvar2": 17.5944404602, "max": 26.4369258881, "mean": 12.5530490875, "median": 12.1928358078, "min": 2.71170115471, "var": 24.0293502808}, "barkbands_flatness_db": {"dmean": 0.0269620697945, "dmean2": 0.0386367328465, "dvar": 0.000923450221308, "dvar2": 0.00179334520362, "max": 0.411088824272, "mean": 0.178084075451, "median": 0.168304249644, "min": 0.0335170254111, "var": 0.00410280330107}, "barkbands_kurtosis": {"dmean": 8.12411308289, "dmean2": 11.8629684448, "dvar": 326.064971924, "dvar2": 621.241210938, "max": 297.882049561, "mean": 14.0076370239, "median": 0.85553175211, "min": -1.9230505228, "var": 1163.86010742}, "barkbands_skewness": {"dmean": 0.938371419907, "dmean2": 1.34216010571, "dvar": 1.4380300045, "dvar2": 2.65396595001, "max": 13.9165611267, "mean": 2.06374883652, "median": 1.15864515305, "min": -3.21429157257, "var": 8.06427955627}, "barkbands_spread": {"dmean": 7.07763004303, "dmean2": 10.6495218277, "dvar": 71.2753143311, "dvar2": 153.527313232, "max": 121.18283844, "mean": 24.6511440277, "median": 24.4598083496, "min": 0.486964821815, "var": 247.190048218}, "dissonance": {"dmean": 0.0131368832663, "dmean2": 0.0223055109382, "dvar": 0.000263515772531, "dvar2": 0.000682912999764, "max": 0.500000119209, "mean": 0.479887038469, "median": 0.487026274204, "min": 0.276985943317, "var": 0.000468654528959}, "dynamic_complexity": 4.71622991562, "erbbands": {"dmean": [0.0506927296519, 0.83353638649, 2.33269166946, 1.89994955063, 0.88572704792, 1.81664454937, 1.9280269146, 2.28528571129, 3.08416342735, 4.84305524826, 5.72695589066, 9.18861198425, 14.7472839355, 15.2813053131, 23.4823875427, 17.6059436798, 16.0205631256, 18.3222694397, 21.4759120941, 24.7503528595, 25.7459259033, 30.2492694855, 33.2630996704, 13.9250459671, 8.28869533539, 5.03773117065, 2.86746692657, 2.3298125267, 1.1958206892, 0.814687848091, 0.730448484421, 0.450540751219, 0.216538980603, 0.0919313430786, 0.0295942761004, 0.00596800493076, 0.000766999495681, 6.65654661134e-05, 5.20803541804e-06, 7.41163921703e-06], "dmean2": [0.080182261765, 1.30718266964, 3.67623782158, 3.08558249474, 1.47632718086, 3.28216171265, 3.33144927025, 3.6886036396, 4.84455776215, 7.64742565155, 9.01699542999, 14.6474056244, 22.4276390076, 22.6736183167, 34.161945343, 26.3566856384, 24.2025508881, 27.9273452759, 32.7670669556, 36.9041786194, 40.379863739, 48.4099197388, 54.3424835205, 22.0774021149, 12.8755512238, 7.49469947815, 4.3513212204, 3.56222748756, 1.82323551178, 1.25197541714, 1.1550437212, 0.700207591057, 0.33844307065, 0.142190843821, 0.0468540042639, 0.00954643357545, 0.00124270492233, 0.000110908789793, 8.1584430518e-06, 1.11379331429e-05], "dvar": [0.00708554452285, 1.51579773426, 13.8705339432, 13.4002990723, 3.13695716858, 32.260181427, 31.440158844, 42.1200370789, 59.4915885925, 440.064147949, 322.38092041, 1453.82580566, 3947.38427734, 3256.57543945, 7490.79980469, 2753.10083008, 2746.47119141, 3843.67651367, 4356.99072266, 4194.65332031, 2476.98266602, 3502.73461914, 5689.93798828, 791.376342773, 298.214111328, 97.1064910889, 27.3081874847, 16.6469898224, 5.46390724182, 2.33442282677, 1.60643267632, 0.588880717754, 0.166713088751, 0.0326963067055, 0.00351181137376, 0.00015936595446, 2.8260635645e-06, 2.37601387454e-08, 7.71278665934e-11, 8.09554576153e-11], "dvar2": [0.0172445401549, 3.81148433685, 33.886631012, 34.260509491, 7.82361268997, 92.7217483521, 85.8020629883, 95.6375732422, 128.51612854, 954.505065918, 706.235839844, 3582.96313477, 8641.01367188, 6894.61669922, 14718.4150391, 5936.67333984, 5757.09179688, 8886.60546875, 10023.6875, 8979.37695313, 5762.31933594, 8751.25683594, 14115.9228516, 1855.71887207, 696.750366211, 201.135635376, 62.8625831604, 36.7655601501, 11.7678785324, 5.23191690445, 3.95007133484, 1.34510910511, 0.398477494717, 0.0801234170794, 0.00882504787296, 0.000407102663303, 7.3113592407e-06, 6.31755767699e-08, 1.93410412686e-10, 1.7457837953e-10], "max": [1.53997457027, 11.4324893951, 42.887676239, 40.6140441895, 18.8088665009, 86.7261505127, 151.692947388, 256.745849609, 290.660125732, 682.477905273, 587.052612305, 1267.82214355, 2499.35424805, 2122.86254883, 2387.04589844, 2100.90893555, 2583.0078125, 1682.65917969, 1890.01013184, 1605.60668945, 968.654296875, 752.582275391, 1159.08349609, 700.755310059, 419.843780518, 229.368148804, 119.557914734, 99.724861145, 49.0893211365, 30.4535522461, 22.7927379608, 13.606341362, 5.14875125885, 2.48191761971, 0.926172733307, 0.187007457018, 0.0224696230143, 0.00255576870404, 0.000248275639024, 0.000125925624161], "mean": [0.118940763175, 2.09858822823, 6.27003574371, 3.86166214943, 1.29763448238, 1.65496993065, 2.11308956146, 3.19505095482, 4.76437520981, 8.08440589905, 8.29109764099, 13.7594070435, 26.3830852509, 25.2373180389, 49.2790565491, 35.6149597168, 29.7762432098, 29.1976890564, 43.502281189, 49.518119812, 49.763092041, 56.0644760132, 50.8649330139, 23.7769775391, 16.4772148132, 10.9908046722, 6.87272596359, 5.02289867401, 2.3100271225, 1.62564516068, 1.46250987053, 0.812154829502, 0.32522213459, 0.138275548816, 0.043224748224, 0.00783338863403, 0.000997258815914, 9.43919585552e-05, 1.70942494151e-05, 2.93400498776e-05], "median": [0.0903258398175, 1.58335447311, 3.2405257225, 2.54353952408, 0.533511579037, 0.401309907436, 0.617223143578, 1.02026104927, 1.94923055172, 1.90850281715, 1.90805006027, 1.69232714176, 2.51826548576, 4.54260969162, 3.64520192146, 6.41625070572, 5.57646179199, 6.52802562714, 9.92348003387, 11.1529216766, 16.0294818878, 19.7545795441, 14.2885122299, 9.76172542572, 7.15614700317, 4.53553676605, 2.64037585258, 2.50513005257, 1.05715608597, 0.844887495041, 0.765509009361, 0.437867075205, 0.180567830801, 0.0698130130768, 0.0224504265934, 0.00335010024719, 0.00039323369856, 4.78159927297e-05, 1.57433314598e-05, 2.90205061901e-05], "min": [5.31927204451e-23, 7.37476702044e-22, 3.39537810121e-21, 6.90302496794e-21, 2.32833247858e-20, 1.97824072434e-20, 2.79162309185e-20, 7.08278763248e-20, 1.15401388974e-19, 1.6494208889e-19, 2.59600760781e-19, 3.64387225298e-19, 4.97563976003e-19, 8.8225119581e-19, 1.1268077643e-18, 1.10775965595e-18, 1.57795651648e-18, 2.31978005143e-18, 2.13837438001e-18, 2.54156433765e-18, 2.5803411172e-18, 4.04432548356e-18, 6.64383982018e-18, 5.54191530307e-18, 5.64447205055e-18, 7.5090198693e-18, 7.92226110536e-18, 1.06268836281e-17, 1.09478280514e-17, 1.21136274554e-17, 1.23524444244e-17, 1.07902716514e-17, 9.867102519e-18, 8.46490068618e-18, 6.91380138003e-18, 4.10933526226e-18, 2.59814597309e-18, 9.88893698524e-19, 2.64970920715e-19, 2.79298373934e-20], "var": [0.0157216824591, 4.23888301849, 51.6098594666, 23.3336868286, 4.0222902298, 21.8291435242, 33.3720436096, 81.0417251587, 126.685401917, 1118.96484375, 682.192260742, 2826.69262695, 12676.2470703, 7482.52636719, 31735.5898438, 13885.7050781, 9628.06152344, 6726.83740234, 18456.6679688, 9986.30957031, 6250.67089844, 7718.72412109, 8474.70703125, 1549.4744873, 957.129272461, 283.939300537, 106.903450012, 57.3207397461, 16.8267974854, 6.78689908981, 3.92515921593, 1.09108781815, 0.204096227884, 0.0386794693768, 0.00380372512154, 0.000159698509378, 2.71250200967e-06, 2.14375521779e-08, 1.58589544275e-10, 4.03500011181e-10]}, "erbbands_crest": {"dmean": 2.876755476, "dmean2": 4.60037755966, "dvar": 8.05237293243, "dvar2": 19.373550415, "max": 32.6688652039, "mean": 10.5100698471, "median": 9.32004833221, "min": 2.26202654839, "var": 26.508140564}, "erbbands_flatness_db": {"dmean": 0.0197361260653, "dmean2": 0.0291413161904, "dvar": 0.000446919962997, "dvar2": 0.000878738996107, "max": 0.40484559536, "mean": 0.184404194355, "median": 0.179166540504, "min": 0.0293336771429, "var": 0.00307398894802}, "erbbands_kurtosis": {"dmean": 1.44863402843, "dmean2": 2.33058524132, "dvar": 3.33589100838, "dvar2": 7.94306325912, "max": 33.0304908752, "mean": 1.60298037529, "median": 0.811955809593, "min": -1.88716697693, "var": 8.84903335571}, "erbbands_skewness": {"dmean": 0.472991734743, "dmean2": 0.697156071663, "dvar": 0.241420388222, "dvar2": 0.536278009415, "max": 4.83275079727, "mean": -0.415558576584, "median": -0.515856683254, "min": -3.67095017433, "var": 1.13293659687}, "erbbands_spread": {"dmean": 10.1538305283, "dmean2": 15.4303150177, "dvar": 171.480041504, "dvar2": 369.707489014, "max": 146.219680786, "mean": 38.0843238831, "median": 29.2968349457, "min": 2.40243387222, "var": 749.828063965}, "gfcc": {"cov": [[29569.203125, 1899.91320801, -4170.140625, 1128.7734375, -994.088745117, 707.792541504, -685.249755859, 100.742782593, -63.5483512878, -246.964294434, 69.8553466797, -242.183898926, -19.4111652374], [1899.91320801, 812.889465332, -107.587600708, 22.5536251068, 156.021713257, -82.59324646, 32.5607719421, -23.4032344818, -5.57484006882, -81.572227478, 2.68686938286, -62.7653121948, -51.0027313232], [-4170.140625, -107.587600708, 1898.51660156, 293.03994751, 52.514881134, -49.6421928406, -7.62620258331, -27.7378559113, -104.820159912, 56.296913147, -95.072265625, -64.7197723389, -96.5506439209], [1128.7734375, 22.5536251068, 293.03994751, 539.841064453, -13.7470932007, 32.3165168762, -117.685371399, -16.6836109161, 11.565823555, 9.40836238861, -39.8475761414, -90.8226699829, -23.2069683075], [-994.088745117, 156.021713257, 52.514881134, -13.7470932007, 428.570648193, -2.30225324631, 109.618087769, -5.7514834404, 42.4306640625, -9.35402202606, 20.0828456879, -1.09094583988, -32.0068321228], [707.792541504, -82.59324646, -49.6421928406, 32.3165168762, -2.30225324631, 268.595855713, 55.6933479309, -17.3331317902, -26.9973659515, 2.04822325706, 12.7671041489, -14.5786266327, -12.7129850388], [-685.249755859, 32.5607719421, -7.62620258331, -117.685371399, 109.618087769, 55.6933479309, 228.822799683, 31.731054306, 16.8773097992, -8.11387443542, 22.8313827515, 15.643819809, -2.56623792648], [100.742782593, -23.4032344818, -27.7378559113, -16.6836109161, -5.7514834404, -17.3331317902, 31.731054306, 129.645111084, 52.0120887756, 20.6495304108, -12.9708852768, 23.1234798431, 12.0209684372], [-63.5483512878, -5.57484006882, -104.820159912, 11.565823555, 42.4306640625, -26.9973659515, 16.8773097992, 52.0120887756, 163.854125977, 37.7923126221, -0.342921465635, -14.8060512543, 16.98478508], [-246.964294434, -81.572227478, 56.296913147, 9.40836238861, -9.35402202606, 2.04822325706, -8.11387443542, 20.6495304108, 37.7923126221, 96.5952072144, 23.2013778687, 11.3943309784, -3.18629574776], [69.8553466797, 2.68686938286, -95.072265625, -39.8475761414, 20.0828456879, 12.7671041489, 22.8313827515, -12.9708852768, -0.342921465635, 23.2013778687, 97.8916778564, 36.6453170776, -3.92460846901], [-242.183898926, -62.7653121948, -64.7197723389, -90.8226699829, -1.09094583988, -14.5786266327, 15.643819809, 23.1234798431, -14.8060512543, 11.3943309784, 36.6453170776, 96.2636489868, 27.2079200745], [-19.4111652374, -51.0027313232, -96.5506439209, -23.2069683075, -32.0068321228, -12.7129850388, -2.56623792648, 12.0209684372, 16.98478508, -3.18629574776, -3.92460846901, 27.2079200745, 82.9429931641]], "icov": [[0.000202749870368, -0.000581912812777, 0.000492747290991, -0.000559635576792, 0.000480866408907, -0.000630804803222, 0.000392424728489, -0.000480641552713, 0.000281834654743, -0.000104632068542, 3.82099715353e-05, -0.000137447772431, 0.000262467743596], [-0.000581912812777, 0.00336569733918, -0.00124955840874, 0.00150877679698, -0.00188567792065, 0.0025417029392, -0.00130926049314, 0.00117882585619, -0.000552568293642, 0.00153672567103, -0.000739840907045, 0.00163527170662, -4.7671757784e-05], [0.000492747290991, -0.00124955840874, 0.00196574232541, -0.00181973446161, 0.00104202516377, -0.00110961077735, 0.000490558857564, -0.00100221764296, 0.00142898166087, -0.0010926341638, 0.000994596397504, -0.000378016178729, 0.00135496770963], [-0.000559635576792, 0.00150877679698, -0.00181973446161, 0.00439665094018, -0.00159379909746, 0.000968579493929, 0.00069904193515, 0.000693570415024, -0.00106862850953, 0.000422530196374, -0.000687287945766, 0.00277631636709, -0.00134497007821], [0.000480866408907, -0.00188567792065, 0.00104202516377, -0.00159379909746, 0.00429678242654, -0.00137901247945, -0.00060940644471, -0.000178738395334, -0.00066302542109, 8.96634592209e-05, 0.00010064059461, -0.0015038207639, 0.00181109958794], [-0.000630804803222, 0.0025417029392, -0.00110961077735, 0.000968579493929, -0.00137901247945, 0.00675726449117, -0.00314500229433, 0.00198898976669, 0.000404723832617, -0.000114793168905, -0.000465149787487, 0.0015629021218, -0.000109336338937], [0.000392424728489, -0.00130926049314, 0.000490558857564, 0.00069904193515, -0.00060940644471, -0.00314500229433, 0.00776757718995, -0.00318532669917, 3.67524044123e-05, 0.00119545927737, -0.00175391172525, 0.000745347992051, -0.000250935321674], [-0.000480641552713, 0.00117882585619, -0.00100221764296, 0.000693570415024, -0.000178738395334, 0.00198898976669, -0.00318532669917, 0.0122859729454, -0.00418322114274, -0.00139015191235, 0.00385885615833, -0.00468939775601, 0.000520609435625], [0.000281834654743, -0.000552568293642, 0.00142898166087, -0.00106862850953, -0.00066302542109, 0.000404723832617, 3.67524044123e-05, -0.00418322114274, 0.010304347612, -0.00416348688304, -0.000335780059686, 0.00416671251878, -0.00214853952639], [-0.000104632068542, 0.00153672567103, -0.0010926341638, 0.000422530196374, 8.96634592209e-05, -0.000114793168905, 0.00119545927737, -0.00139015191235, -0.00416348688304, 0.0152535354719, -0.00469761993736, -0.00053080759244, 0.00141266454011], [3.82099715353e-05, -0.000739840907045, 0.000994596397504, -0.000687287945766, 0.00010064059461, -0.000465149787487, -0.00175391172525, 0.00385885615833, -0.000335780059686, -0.00469761993736, 0.0158754512668, -0.00745215127245, 0.00295750191435], [-0.000137447772431, 0.00163527170662, -0.000378016178729, 0.00277631636709, -0.0015038207639, 0.0015629021218, 0.000745347992051, -0.00468939775601, 0.00416671251878, -0.00053080759244, -0.00745215127245, 0.019964305684, -0.00610308488831], [0.000262467743596, -4.7671757784e-05, 0.00135496770963, -0.00134497007821, 0.00181109958794, -0.000109336338937, -0.000250935321674, 0.000520609435625, -0.00214853952639, 0.00141266454011, 0.00295750191435, -0.00610308488831, 0.0165246278048]], "mean": [-74.4276885986, 98.2943344116, -137.543884277, 61.3192024231, -36.6332931519, 23.8887710571, -23.4528217316, 17.3616218567, -8.8595790863, -2.53693795204, -5.79069805145, -4.75254058838, -5.55858898163]}, "hfc": {"dmean": 5.96063375473, "dmean2": 8.89758586884, "dvar": 84.4344024658, "dvar2": 180.229873657, "max": 124.574684143, "mean": 19.2574901581, "median": 12.7511329651, "min": 1.07762185145e-16, "var": 414.157012939}, "melbands": {"dmean": [0.000650395057164, 0.00116883055307, 0.000290487572784, 8.58618222992e-05, 7.56280278438e-05, 5.05534408148e-05, 4.82715549879e-05, 5.24653041793e-05, 4.8539317504e-05, 5.95567507844e-05, 7.58028254495e-05, 6.35384203633e-05, 7.75299631641e-05, 6.11723298789e-05, 4.3578002078e-05, 3.43304200214e-05, 3.68494474969e-05, 3.57672615792e-05, 3.35613476636e-05, 3.37584751833e-05, 3.48821267835e-05, 3.26239241986e-05, 3.67553002434e-05, 2.67850573437e-05, 1.05461413114e-05, 7.48586398913e-06, 4.78262745673e-06, 3.30660077452e-06, 2.1237196961e-06, 1.68921349086e-06, 1.32718309942e-06, 7.99316580924e-07, 4.95411086376e-07, 4.58417332538e-07, 5.02824889281e-07, 3.25916886368e-07, 2.72093416243e-07, 1.74783480134e-07, 9.89679236341e-08, 7.22831217104e-08], "dmean2": [0.0010208968306, 0.00181993213482, 0.000469290651381, 0.000152150183567, 0.000132891625981, 8.11407371657e-05, 7.6020231063e-05, 8.33256344777e-05, 7.76020242483e-05, 9.44344210438e-05, 0.000115964794531, 9.65158542385e-05, 0.000111953078886, 8.88041249709e-05, 6.89564403729e-05, 5.17519656569e-05, 5.67312672501e-05, 5.52367673663e-05, 5.10802237841e-05, 5.01455142512e-05, 5.56902159587e-05, 5.19779496244e-05, 5.94673365413e-05, 4.35863657913e-05, 1.68083824974e-05, 1.18340440167e-05, 7.23655739421e-06, 5.04976515003e-06, 3.27807060785e-06, 2.60177671407e-06, 2.07042103284e-06, 1.23478389469e-06, 7.5954528711e-07, 7.21683477423e-07, 8.05875686183e-07, 5.12577628342e-07, 4.24486017891e-07, 2.77254144976e-07, 1.53282215365e-07, 1.12846890943e-07], "dvar": [8.71136762726e-07, 3.09356983053e-06, 3.08684178663e-07, 5.21401908316e-08, 5.06113231324e-08, 1.95436804518e-08, 1.51946668581e-08, 4.69710350615e-08, 2.22118838877e-08, 6.21522104893e-08, 1.0704912512e-07, 6.16706188339e-08, 8.21732797363e-08, 4.00980795234e-08, 2.44000677441e-08, 1.3630156559e-08, 1.7807344932e-08, 1.30528423625e-08, 7.23717397122e-09, 1.06384341336e-08, 4.81811079922e-09, 3.61515994918e-09, 7.62053176118e-09, 3.38959771362e-09, 5.23224075177e-10, 2.93257335082e-10, 1.22900481458e-10, 4.229735312e-11, 1.96931290719e-11, 8.90367553991e-12, 6.11024598973e-12, 2.47009704357e-12, 1.33748220832e-12, 6.54676779368e-13, 7.91632872536e-13, 3.13566772374e-13, 2.14936385747e-13, 1.08557545006e-13, 3.82895450101e-14, 2.01743410524e-14], "dvar2": [2.18662398765e-06, 7.50784147385e-06, 7.88510533312e-07, 1.47906590087e-07, 1.42639436262e-07, 4.42344969542e-08, 3.22596385161e-08, 1.00892208366e-07, 5.10071913595e-08, 1.52497577233e-07, 2.38181740997e-07, 1.32904375505e-07, 1.58398819394e-07, 7.60865503935e-08, 6.05478973625e-08, 2.83976024917e-08, 4.19427834686e-08, 3.10922523283e-08, 1.64956350801e-08, 2.41073436769e-08, 1.1705730607e-08, 8.87407747285e-09, 1.9079973157e-08, 8.53368486986e-09, 1.23131660423e-09, 7.21828152805e-10, 2.46686865379e-10, 9.31538179927e-11, 4.7850175211e-11, 1.95831094396e-11, 1.42062767799e-11, 5.44820915813e-12, 3.0345172989e-12, 1.5194823481e-12, 2.0501133343e-12, 7.2981638094e-13, 5.01673193005e-13, 2.64801310219e-13, 9.38008554835e-14, 4.99999889582e-14], "max": [0.00994391553104, 0.0175302997231, 0.00623152544722, 0.00351196457632, 0.00401377305388, 0.00498029543087, 0.00376936234534, 0.00781563855708, 0.00415928615257, 0.00806497503072, 0.0136261731386, 0.0104149524122, 0.00903687439859, 0.00586723396555, 0.00806241948158, 0.0049761752598, 0.00388658419251, 0.00368952611461, 0.00212697382085, 0.00272560445592, 0.00146559998393, 0.00101527653169, 0.00179197767284, 0.000850936979987, 0.000621680286713, 0.000479307287605, 0.000379901903216, 0.000136025118991, 0.000108065316454, 7.33721899451e-05, 5.446056457e-05, 3.69321132894e-05, 3.20638355333e-05, 1.3034847143e-05, 1.89828097064e-05, 1.3150889572e-05, 6.18160402155e-06, 4.37188691649e-06, 2.90378784484e-06, 1.87510556771e-06], "mean": [0.00162817863747, 0.00324646360241, 0.000609991897363, 8.974463708e-05, 7.83198265708e-05, 7.20480020391e-05, 7.59977192502e-05, 8.92689131433e-05, 6.52614471619e-05, 8.92946845852e-05, 0.000133857334731, 9.84802754829e-05, 0.000154474255396, 0.000114150687295, 7.77102177381e-05, 5.78332401346e-05, 5.24580682395e-05, 6.59375145915e-05, 6.32029259577e-05, 6.09354647167e-05, 6.15185781498e-05, 6.17240075371e-05, 5.21134134033e-05, 4.01931902161e-05, 1.60849540407e-05, 1.37748829729e-05, 8.51404274727e-06, 6.85848999638e-06, 4.60401270175e-06, 3.47199920725e-06, 2.66330152954e-06, 1.43358897731e-06, 8.69521443292e-07, 8.83602183421e-07, 9.6205326372e-07, 5.96164397848e-07, 4.51801156487e-07, 2.51810945429e-07, 1.38443311926e-07, 1.07749073663e-07], "median": [0.00144152191933, 0.00243084644899, 0.000447388825705, 2.98545528494e-05, 2.09196859942e-05, 2.27705677389e-05, 2.99712519336e-05, 2.01675338758e-05, 1.39773719638e-05, 9.19339436223e-06, 1.1902917322e-05, 1.57549984579e-05, 9.68737003859e-06, 1.13698079076e-05, 1.33471212393e-05, 1.06700990727e-05, 9.34857143875e-06, 1.12822799565e-05, 1.36213402584e-05, 1.46421089084e-05, 1.58452858159e-05, 1.78884984052e-05, 1.1531956261e-05, 1.00533770819e-05, 5.75024841964e-06, 4.8044335017e-06, 3.74246928914e-06, 2.52729228123e-06, 1.49877382682e-06, 1.55337193064e-06, 1.31252738811e-06, 5.90223123709e-07, 3.53995432079e-07, 4.98289864481e-07, 4.81213533021e-07, 2.86969992658e-07, 2.45324713433e-07, 1.33812662284e-07, 6.58086278804e-08, 5.28366825847e-08], "min": [5.68604580292e-25, 1.8766298849e-24, 1.5481460346e-24, 1.67315208908e-24, 1.24207411704e-24, 1.58307275257e-24, 1.6795623728e-24, 1.36881310172e-24, 1.83702788417e-24, 2.05379976117e-24, 2.4706624597e-24, 2.8840873024e-24, 3.42535198517e-24, 2.53704924639e-24, 2.14020921815e-24, 2.56302328056e-24, 2.7559751081e-24, 2.68672732012e-24, 3.63009491667e-24, 3.22893942484e-24, 2.67487803768e-24, 3.20548027924e-24, 4.23295780323e-24, 4.80005136976e-24, 3.62619873266e-24, 3.18407651073e-24, 4.79893434272e-24, 4.54182445775e-24, 4.58873288819e-24, 5.35774526417e-24, 5.39578689804e-24, 5.01687136728e-24, 3.93324942938e-24, 6.17891751764e-24, 6.38127966692e-24, 5.10290729862e-24, 5.2878797981e-24, 5.30535858918e-24, 6.19967481464e-24, 6.21546938769e-24], "var": [2.29496049542e-06, 1.09159282147e-05, 5.22839968653e-07, 3.84030443001e-08, 4.42303367265e-08, 3.805027049e-08, 3.68791468475e-08, 1.30165773271e-07, 4.21863930455e-08, 1.26745348439e-07, 3.52929049541e-07, 1.50455420567e-07, 3.26715394294e-07, 1.52079024929e-07, 8.78714772057e-08, 3.6142047577e-08, 2.87878396676e-08, 4.75652939258e-08, 1.69620371082e-08, 2.16942268594e-08, 1.12110694062e-08, 8.90669848985e-09, 1.4814395044e-08, 4.79006212473e-09, 9.78703007526e-10, 8.74432248832e-10, 2.78513351271e-10, 1.16858883681e-10, 6.39461469887e-11, 2.80971339944e-11, 1.91207362443e-11, 7.03699945537e-12, 3.47723260775e-12, 1.54984792361e-12, 1.86105753204e-12, 6.90420160279e-13, 3.43618633981e-13, 1.27251413074e-13, 4.34772423413e-14, 2.41835614441e-14]}, "melbands_crest": {"dmean": 3.16833972931, "dmean2": 4.96409320831, "dvar": 11.8972978592, "dvar2": 27.9992141724, "max": 38.1734771729, "mean": 18.914226532, "median": 19.200876236, "min": 1.48712944984, "var": 45.9837036133}, "melbands_flatness_db": {"dmean": 0.0346259325743, "dmean2": 0.0486095771194, "dvar": 0.00153911160305, "dvar2": 0.00290174549446, "max": 0.539386212826, "mean": 0.232227295637, "median": 0.222669944167, "min": 0.00206719036214, "var": 0.00833325833082}, "melbands_kurtosis": {"dmean": 23.4518890381, "dmean2": 34.3065757751, "dvar": 2704.98339844, "dvar2": 4961.23876953, "max": 819.699584961, "mean": 49.347366333, "median": 7.3107175827, "min": -1.88746678829, "var": 12015.921875}, "melbands_skewness": {"dmean": 1.32500863075, "dmean2": 1.9236112833, "dvar": 3.13285636902, "dvar2": 5.9835486412, "max": 21.8422527313, "mean": 4.06220960617, "median": 2.65435552597, "min": -2.73138976097, "var": 18.1791477203}, "melbands_spread": {"dmean": 10.1993970871, "dmean2": 15.5332212448, "dvar": 174.21182251, "dvar2": 384.436676025, "max": 186.23727417, "mean": 29.4034557343, "median": 24.4156723022, "min": 0.40303632617, "var": 699.746154785}, "mfcc": {"cov": [[14040.8730469, 721.632507324, -1652.77246094, -15.0401620865, -69.8416976929, 258.304718018, -274.327636719, 147.711196899, -110.919387817, 41.9742622375, -195.994094849, 202.448287964, -12.8581123352], [721.632507324, 1083.95214844, -192.993911743, 135.92376709, 83.3687210083, -8.22022247314, 88.7548522949, 93.9866333008, -5.4667224884, 0.838215112686, 47.040927887, -7.71166706085, 15.9573316574], [-1652.77246094, -192.993911743, 1391.8729248, 293.757873535, 117.478408813, 46.9834785461, 63.6225662231, -107.286521912, 4.67074251175, 0.501598715782, 5.47293901443, -21.4419364929, -77.8812103271], [-15.0401620865, 135.92376709, 293.757873535, 438.952911377, 175.559524536, 6.4889922142, -9.00040531158, -22.3952999115, 39.170337677, 23.9306316376, -11.4162034988, 33.6893157959, 13.3349180222], [-69.8416976929, 83.3687210083, 117.478408813, 175.559524536, 267.312225342, 80.3983535767, 15.4172906876, -9.41754722595, 23.4565410614, 11.1391878128, 6.16361999512, 36.0954856873, 15.6301860809], [258.304718018, -8.22022247314, 46.9834785461, 6.4889922142, 80.3983535767, 217.651321411, 91.7803573608, 17.709148407, 1.77997648716, 16.5762825012, 14.5832309723, 22.6982288361, 9.33428478241], [-274.327636719, 88.7548522949, 63.6225662231, -9.00040531158, 15.4172906876, 91.7803573608, 189.417602539, 57.2813987732, -20.4258117676, -16.1412162781, 27.2247829437, -4.23828220367, 8.94992733002], [147.711196899, 93.9866333008, -107.286521912, -22.3952999115, -9.41754722595, 17.709148407, 57.2813987732, 127.041511536, 38.8015670776, 4.38218355179, 22.1149730682, 5.58329439163, 13.6905527115], [-110.919387817, -5.4667224884, 4.67074251175, 39.170337677, 23.4565410614, 1.77997648716, -20.4258117676, 38.8015670776, 132.377105713, 60.6039352417, -0.883662819862, 5.54083633423, 10.1046075821], [41.9742622375, 0.838215112686, 0.501598715782, 23.9306316376, 11.1391878128, 16.5762825012, -16.1412162781, 4.38218355179, 60.6039352417, 103.53678894, 22.9067554474, 2.90625190735, 16.422826767], [-195.994094849, 47.040927887, 5.47293901443, -11.4162034988, 6.16361999512, 14.5832309723, 27.2247829437, 22.1149730682, -0.883662819862, 22.9067554474, 105.13180542, 27.8168945313, 2.40815806389], [202.448287964, -7.71166706085, -21.4419364929, 33.6893157959, 36.0954856873, 22.6982288361, -4.23828220367, 5.58329439163, 5.54083633423, 2.90625190735, 27.8168945313, 103.320259094, 40.8695526123], [-12.8581123352, 15.9573316574, -77.8812103271, 13.3349180222, 15.6301860809, 9.33428478241, 8.94992733002, 13.6905527115, 10.1046075821, 16.422826767, 2.40815806389, 40.8695526123, 91.6680679321]], "icov": [[0.000121780401969, -8.68445204105e-05, 0.000127620485728, -9.86421509879e-05, 0.00014141878637, -0.000323969579767, 0.000325179629726, -0.00026645330945, 0.000345231790561, -0.000265739421593, 0.000414965848904, -0.000397224968765, 0.000347649300238], [-8.68445204105e-05, 0.00125683366787, 0.000194226551685, -0.000487493438413, -0.00042264626245, 0.000619416940026, -0.000780397793278, -0.000441110198153, 0.000134665024234, 7.70314218244e-05, -0.000758932146709, 0.000732479791623, -0.000179251263035], [0.000127620485728, 0.000194226551685, 0.00123910361435, -0.000919571495615, 0.000141748474562, -0.000287569360808, -0.000555924256332, 0.000767381978221, -1.28477204271e-05, -0.00013206465519, 6.26930050203e-05, -0.00023327973031, 0.00124282075558], [-9.86421509879e-05, -0.000487493438413, -0.000919571495615, 0.00415760884061, -0.00232313526794, 0.00114627357107, -9.99700787361e-05, 0.000330865819706, -0.000689134234563, -0.000536355888471, 0.000799902365543, -0.000788585399278, -0.000572684046347], [0.00014141878637, -0.00042264626245, 0.000141748474562, -0.00232313526794, 0.00637309625745, -0.00287798210047, 0.000939542951528, 0.000525782292243, -0.000631151604466, 0.00078655325342, -2.39071068791e-05, -0.00108868221287, 2.58344675785e-06], [-0.000323969579767, 0.000619416940026, -0.000287569360808, 0.00114627357107, -0.00287798210047, 0.0082822330296, -0.00486183539033, 0.000919012643863, -0.000397303956561, -0.0016941918293, -9.0025299869e-05, -0.000766667770222, 0.000111953318992], [0.000325179629726, -0.000780397793278, -0.000555924256332, -9.99700787361e-05, 0.000939542951528, -0.00486183539033, 0.0106856273487, -0.00509400619194, 0.00288730999455, 0.00105924450327, -0.000580219202675, 0.00112957332749, -0.00122034666128], [-0.00026645330945, -0.000441110198153, 0.000767381978221, 0.000330865819706, 0.000525782292243, 0.000919012643863, -0.00509400619194, 0.0140233626589, -0.00683079101145, 0.00328559358604, -0.00304109510034, 0.000769756792579, -0.00123598135542], [0.000345231790561, 0.000134665024234, -1.28477204271e-05, -0.000689134234563, -0.000631151604466, -0.000397303956561, 0.00288730999455, -0.00683079101145, 0.0145691921934, -0.00868536159396, 0.00376004190184, -0.00186408741865, 0.00168303551618], [-0.000265739421593, 7.70314218244e-05, -0.00013206465519, -0.000536355888471, 0.00078655325342, -0.0016941918293, 0.00105924450327, 0.00328559358604, -0.00868536159396, 0.0171218458563, -0.00611921679229, 0.00399851473048, -0.0043726162985], [0.000414965848904, -0.000758932146709, 6.26930050203e-05, 0.000799902365543, -2.39071068791e-05, -9.0025299869e-05, -0.000580219202675, -0.00304109510034, 0.00376004190184, -0.00611921679229, 0.0144780073315, -0.00637801270932, 0.00379636744037], [-0.000397224968765, 0.000732479791623, -0.00023327973031, -0.000788585399278, -0.00108868221287, -0.000766667770222, 0.00112957332749, 0.000769756792579, -0.00186408741865, 0.00399851473048, -0.00637801270932, 0.0160319879651, -0.00771932583302], [0.000347649300238, -0.000179251263035, 0.00124282075558, -0.000572684046347, 2.58344675785e-06, 0.000111953318992, -0.00122034666128, -0.00123598135542, 0.00168303551618, -0.0043726162985, 0.00379636744037, -0.00771932583302, 0.016359731555]], "mean": [-692.315856934, 108.566169739, -19.9548835754, 39.8068084717, 16.7234191895, 13.8837203979, 7.31315946579, 17.9604244232, 7.94781970978, 9.04522705078, 2.39167547226, 9.89642047882, 3.41125392914]}, "pitch_salience": {"dmean": 0.0823514983058, "dmean2": 0.13011020422, "dvar": 0.0073738344945, "dvar2": 0.018413098529, "max": 0.978335440159, "mean": 0.41200953722, "median": 0.41185349226, "min": 0.0417859442532, "var": 0.0255603417754}, "silence_rate_20dB": {"dmean": 0, "dmean2": 0, "dvar": 0, "dvar2": 0, "max": 1, "mean": 1, "median": 1, "min": 1, "var": 0}, "silence_rate_30dB": {"dmean": 0, "dmean2": 0, "dvar": 0, "dvar2": 0, "max": 1, "mean": 1, "median": 1, "min": 1, "var": 0}, "silence_rate_60dB": {"dmean": 0.0374632067978, "dmean2": 0.0749364346266, "dvar": 0.0360601171851, "dvar2": 0.0741380080581, "max": 1, "mean": 0.150367885828, "median": 0, "min": 0, "var": 0.127750709653}, "spectral_centroid": {"dmean": 303.094299316, "dmean2": 445.63861084, "dvar": 145523.484375, "dvar2": 282954.625, "max": 11629.1826172, "mean": 1833.96130371, "median": 1836.04370117, "min": 143.249191284, "var": 1600234.5}, "spectral_complexity": {"dmean": 4.03906869888, "dmean2": 5.78910732269, "dvar": 29.3884334564, "dvar2": 50.5224685669, "max": 58, "mean": 15.6236791611, "median": 15, "min": 0, "var": 140.202133179}, "spectral_contrast_coeffs": {"dmean": [0.0479775741696, 0.0428656861186, 0.0370995029807, 0.0331319086254, 0.0280684027821, 0.0216462705284], "dmean2": [0.0778457224369, 0.0708303451538, 0.0582910105586, 0.0517895668745, 0.044079400599, 0.0323123447597], "dvar": [0.00171191466507, 0.00129216525238, 0.00106280809268, 0.000855192600284, 0.000713899207767, 0.000444939534646], "dvar2": [0.00430021435022, 0.00331270834431, 0.00237892917357, 0.00189373351168, 0.00163430487737, 0.000943298684433], "max": [-0.387637287378, -0.402920931578, -0.393765807152, -0.500476539135, -0.582653343678, -0.576066613197], "mean": [-0.674376726151, -0.783943235874, -0.777734875679, -0.766223669052, -0.759467840195, -0.744578003883], "median": [-0.662252545357, -0.791463673115, -0.796509623528, -0.76987606287, -0.761683046818, -0.745338439941], "min": [-0.977145135403, -0.985983669758, -0.978645443916, -0.972319245338, -0.970349133015, -0.965646147728], "var": [0.00846837740391, 0.00517624197528, 0.00785899907351, 0.00599460257217, 0.00471268408, 0.00318820727989]}, "spectral_contrast_valleys": {"dmean": [0.440461337566, 0.427815109491, 0.405204981565, 0.376929432154, 0.346353501081, 0.409335494041], "dmean2": [0.704574048519, 0.684366285801, 0.605508863926, 0.54597312212, 0.466378182173, 0.529628455639], "dvar": [0.161661654711, 0.214080139995, 0.200588345528, 0.201461926103, 0.174561858177, 0.252379447222], "dvar2": [0.347955495119, 0.436174571514, 0.366056591272, 0.334540843964, 0.275601267815, 0.425374746323], "max": [-5.69177818298, -4.83573675156, -5.35333013535, -5.23992347717, -5.69220638275, -8.660987854], "mean": [-7.96232032776, -7.79470586777, -8.19569015503, -8.29351139069, -8.06698703766, -11.1143169403], "median": [-7.50775051117, -7.32596683502, -7.72437810898, -7.7701883316, -7.62166166306, -10.6779956818], "min": [-28.3393211365, -28.0108833313, -27.7026672363, -27.8488368988, -27.6360225677, -27.4223194122], "var": [6.26505851746, 6.43935918808, 6.41852617264, 6.46243476868, 6.24296474457, 4.76885604858]}, "spectral_decrease": {"dmean": 1.55080526199e-09, "dmean2": 2.34928032583e-09, "dvar": 3.56061135444e-18, "dvar2": 8.05479115592e-18, "max": 2.34922557451e-20, "mean": -5.96434501787e-09, "median": -6.17080475607e-09, "min": -2.54617500417e-08, "var": 1.58551068138e-17}, "spectral_energy": {"dmean": 0.00621256045997, "dmean2": 0.00938637461513, "dvar": 5.64884758205e-05, "dvar2": 0.000125535356347, "max": 0.105195112526, "mean": 0.0242575388402, "median": 0.0247782785445, "min": 9.99780652312e-21, "var": 0.000266794580966}, "spectral_energyband_high": {"dmean": 0.000158191716764, "dmean2": 0.00023630502983, "dvar": 6.60297203581e-08, "dvar2": 1.36635634362e-07, "max": 0.00558986049145, "mean": 0.000403636571718, "median": 0.000213530671317, "min": 7.17712386549e-21, "var": 2.74064660744e-07}, "spectral_energyband_low": {"dmean": 0.00458602746949, "dmean2": 0.00706674903631, "dvar": 4.00473145419e-05, "dvar2": 9.61495970841e-05, "max": 0.0601819083095, "mean": 0.0133693916723, "median": 0.0127542503178, "min": 1.68445200879e-23, "var": 0.000130209984491}, "spectral_energyband_middle_high": {"dmean": 0.00273344991729, "dmean2": 0.00414170976728, "dvar": 2.01682469196e-05, "dvar2": 4.36745431216e-05, "max": 0.102264761925, "mean": 0.00801857095212, "median": 0.00397550081834, "min": 1.20344298005e-21, "var": 0.000110645443783}, "spectral_energyband_middle_low": {"dmean": 0.00172567856498, "dmean2": 0.00279888603836, "dvar": 1.03122019937e-05, "dvar2": 2.57437768596e-05, "max": 0.0476136356592, "mean": 0.00334490812384, "median": 0.00157065922394, "min": 1.61545384795e-22, "var": 2.2118760171e-05}, "spectral_entropy": {"dmean": 0.160917267203, "dmean2": 0.226057365537, "dvar": 0.0313016921282, "dvar2": 0.061012994498, "max": 9.8225107193, "mean": 7.50796127319, "median": 7.49488019943, "min": 5.81237888336, "var": 0.188077196479}, "spectral_flux": {"dmean": 0.0235953535885, "dmean2": 0.0356787033379, "dvar": 0.000677107658703, "dvar2": 0.00144717050716, "max": 0.24554875493, "mean": 0.0687853991985, "median": 0.0608727410436, "min": 6.31601784762e-11, "var": 0.00213830242865}, "spectral_kurtosis": {"dmean": 2.04733538628, "dmean2": 3.51342272758, "dvar": 5.39794588089, "dvar2": 15.1912136078, "max": 32.2773513794, "mean": 4.63920450211, "median": 3.95962524414, "min": -1.27149307728, "var": 10.6075105667}, "spectral_rms": {"dmean": 0.000649992609397, "dmean2": 0.000948634231463, "dvar": 6.01335614192e-07, "dvar2": 1.18359048429e-06, "max": 0.0101306159049, "mean": 0.0044166459702, "median": 0.00491669913754, "min": 3.1231326119e-12, "var": 4.15910062657e-06}, "spectral_rolloff": {"dmean": 457.118743896, "dmean2": 751.332336426, "dvar": 562931.0625, "dvar2": 1077654.125, "max": 19422.9492188, "mean": 1707.35241699, "median": 1507.32421875, "min": 21.533203125, "var": 5639815}, "spectral_skewness": {"dmean": 0.237402558327, "dmean2": 0.396588087082, "dvar": 0.0600534603, "dvar2": 0.157961606979, "max": 4.48384141922, "mean": 1.29256057739, "median": 1.24505889416, "min": -0.129697307944, "var": 0.173461988568}, "spectral_spread": {"dmean": 507024.78125, "dmean2": 775490.75, "dvar": 858251067392, "dvar2": 1756277899260.0, "max": 42251120, "mean": 4098478.5, "median": 3273198.25, "min": 1287369.25, "var