{"lowlevel": {"average_loudness": 0.746156275272, "barkbands": {"dmean": [0.000503946619574, 0.00201061996631, 0.00181964482181, 0.00150733953342, 0.00196024426259, 0.00193192216102, 0.00176378409378, 0.000917700061109, 0.000621130748186, 0.000567094888538, 0.00037586063263, 0.000330520793796, 0.000133503432153, 0.000108810643724, 9.3533868494e-05, 8.33218800835e-05, 2.75638849416e-05, 1.83914289664e-05, 1.71175070136e-05, 1.03747079265e-05, 1.23644576888e-05, 5.01835393152e-06, 2.66099755208e-06, 2.11208339351e-06, 1.45832268572e-06, 2.56275461652e-06, 3.9597718569e-05], "dmean2": [0.00081909581786, 0.00318575440906, 0.00298080872744, 0.00232157949358, 0.00297773489729, 0.00291057070717, 0.00266684801318, 0.00143255491275, 0.00097968080081, 0.000874172837939, 0.000600889034104, 0.000514504208695, 0.000210977363167, 0.000174164699274, 0.00015118464944, 0.000129840787849, 4.22350094595e-05, 2.69335760095e-05, 2.5004534109e-05, 1.5407871615e-05, 1.77854653884e-05, 7.72279963712e-06, 4.1429493649e-06, 3.47483205587e-06, 2.40076019509e-06, 4.06690014643e-06, 5.65693298995e-05], "dvar": [1.42531757774e-06, 1.54055687744e-05, 2.22862690862e-05, 1.23875788631e-05, 2.11216665775e-05, 2.31462599913e-05, 1.87362566066e-05, 7.86981945566e-06, 3.44686077369e-06, 3.75519130102e-06, 3.44021555065e-06, 3.77936157747e-06, 3.11652598839e-07, 1.34769550186e-07, 1.15093108377e-07, 7.68957519881e-08, 5.31513322244e-09, 3.33910610273e-09, 2.77309175623e-09, 2.29487984171e-09, 1.73592784591e-08, 1.48965381697e-10, 2.6269680875e-11, 1.0202574896e-11, 7.09669606067e-12, 1.38420360243e-11, 7.05471503437e-09], "dvar2": [3.69242548004e-06, 3.7683705159e-05, 5.61671586183e-05, 2.37056847254e-05, 4.38775314251e-05, 5.18045271747e-05, 4.18405288656e-05, 1.83230386028e-05, 8.30084354675e-06, 8.49226307764e-06, 8.45567592478e-06, 9.25473796087e-06, 7.40927987408e-07, 3.21531473446e-07, 3.16642797316e-07, 1.66964937875e-07, 1.21876775339e-08, 6.81210376996e-09, 5.41015321431e-09, 4.21366408432e-09, 2.6720018198e-08, 2.83745693608e-10, 5.61152617429e-11, 2.49621816273e-11, 1.75998451923e-11, 3.27267726807e-11, 1.27495756175e-08], "max": [0.0219496190548, 0.0751793831587, 0.0736807137728, 0.179949074984, 0.139978900552, 0.122852042317, 0.10675021261, 0.0548216104507, 0.0468460433185, 0.0504309237003, 0.0560164451599, 0.0657700151205, 0.0289951767772, 0.0104278363287, 0.0111261168495, 0.00879038777202, 0.00177100417204, 0.00231576804072, 0.00241643050686, 0.00307647883892, 0.0106411091983, 0.000547727104276, 0.00030566714122, 4.45642799605e-05, 3.80891433451e-05, 8.24696326163e-05, 0.00173259130679], "mean": [0.000817831896711, 0.00341246533208, 0.00224506785162, 0.00240508071147, 0.00344436313026, 0.0036286727991, 0.00304313213564, 0.00142812740523, 0.000934478535783, 0.000831639219541, 0.000523698283359, 0.000500078778714, 0.000194366410142, 0.000158314578584, 0.00014369978453, 0.000126948303659, 3.8033544115e-05, 2.40454191953e-05, 2.42665828409e-05, 1.50897312778e-05, 1.79418420885e-05, 7.14905581845e-06, 3.23390736412e-06, 2.20888182412e-06, 1.49849927311e-06, 3.06651350002e-06, 7.63619318604e-05], "median": [0.00014338287292, 0.00106782815419, 0.000651179347187, 0.00075412413571, 0.00116147811059, 0.000831657438539, 0.000549766118638, 0.000217362176045, 0.000160741081345, 0.000112277746666, 5.32979356649e-05, 5.36943589395e-05, 3.44972577295e-05, 3.03398974211e-05, 2.60134293057e-05, 1.9228862584e-05, 9.90981152427e-06, 6.09373228144e-06, 5.78436856813e-06, 4.31335183748e-06, 4.35716856373e-06, 2.64439245257e-06, 1.26809914036e-06, 7.71714269376e-07, 4.47688591976e-07, 1.32223226501e-06, 3.46918932337e-05], "min": [5.68781223505e-26, 2.63485675737e-24, 1.20368617324e-24, 5.55583139292e-24, 1.74639857355e-23, 1.11387672577e-23, 1.09423921682e-23, 9.70721190664e-24, 3.40602591852e-23, 1.65007234614e-23, 3.34016108164e-23, 4.97737373284e-23, 3.46336348455e-23, 6.31005231139e-23, 8.75588525576e-23, 6.79755068033e-23, 1.15523996891e-22, 1.69205236807e-22, 2.16340773988e-22, 2.58852929933e-22, 3.45484018957e-22, 2.21786186154e-22, 4.27966860823e-22, 6.66200077409e-22, 1.00180255961e-21, 1.25449805784e-21, 2.01840430126e-21], "var": [3.50537470695e-06, 3.75107920263e-05, 2.71461613011e-05, 3.13256132358e-05, 5.31209807377e-05, 7.83747018431e-05, 4.88672776555e-05, 1.70547027665e-05, 6.16409306531e-06, 7.49106493458e-06, 5.98391898166e-06, 7.10677113602e-06, 5.73281681682e-07, 2.14744673599e-07, 2.019684473e-07, 1.62465596532e-07, 8.72256311624e-09, 5.02780173051e-09, 6.17367845734e-09, 5.72613467753e-09, 3.04487102198e-08, 3.25204974061e-10, 4.18119705525e-11, 1.22840513803e-11, 8.25113762037e-12, 1.93171520446e-11, 1.68764344721e-08]}, "barkbands_crest": {"dmean": 2.91846585274, "dmean2": 4.6948261261, "dvar": 6.56557750702, "dvar2": 16.2310943604, "max": 25.3031806946, "mean": 11.869430542, "median": 11.0921697617, "min": 2.76894068718, "var": 18.7124958038}, "barkbands_flatness_db": {"dmean": 0.0326115675271, "dmean2": 0.0496300160885, "dvar": 0.000776020227931, "dvar2": 0.00176586350426, "max": 0.420968651772, "mean": 0.200396105647, "median": 0.195573240519, "min": 0.0532732121646, "var": 0.00302460487001}, "barkbands_kurtosis": {"dmean": 9.73041820526, "dmean2": 15.0605649948, "dvar": 224.304382324, "dvar2": 474.726104736, "max": 416.870758057, "mean": 20.6227645874, "median": 13.5206336975, "min": -1.67720687389, "var": 660.390014648}, "barkbands_skewness": {"dmean": 0.860461950302, "dmean2": 1.33383178711, "dvar": 0.723320901394, "dvar2": 1.67702972889, "max": 16.525062561, "mean": 2.69865989685, "median": 2.53810977936, "min": -4.38109827042, "var": 3.66385984421}, "barkbands_spread": {"dmean": 3.45959281921, "dmean2": 5.28843927383, "dvar": 27.6306972504, "dvar2": 58.8831558228, "max": 124.309814453, "mean": 9.48788070679, "median": 7.33559846878, "min": 0.45291697979, "var": 75.0303421021}, "dissonance": {"dmean": 0.0378478132188, "dmean2": 0.0631775036454, "dvar": 0.00116896280088, "dvar2": 0.00317787961103, "max": 0.5, "mean": 0.42520776391, "median": 0.434686392546, "min": 0.133360266685, "var": 0.00255518429913}, "dynamic_complexity": 4.52814722061, "erbbands": {"dmean": [0.0583414100111, 0.484064787626, 1.83795142174, 3.76926779747, 4.55561876297, 7.3556137085, 14.0694169998, 15.4567241669, 26.5541114807, 18.6955108643, 18.9026165009, 12.2935857773, 17.8495903015, 12.843542099, 15.4724435806, 11.3837404251, 5.65427732468, 5.49297904968, 3.81348252296, 5.66144418716, 3.45282053947, 1.50610888004, 1.01167583466, 0.977985918522, 0.701597571373, 0.504882276058, 0.591650784016, 0.368721693754, 0.192456111312, 0.10251916945, 0.0749219581485, 0.0468081235886, 0.0340131595731, 0.016476014629, 0.0104640638456, 0.00736625120044, 0.00517111551017, 0.00335666514002, 0.00239451299421, 0.00160431116819], "dmean2": [0.0907830521464, 0.780653953552, 3.01262950897, 5.88180208206, 6.88877820969, 11.351937294, 21.2525787354, 23.3111686707, 40.4004135132, 28.5202503204, 29.4456348419, 19.3366985321, 27.7811450958, 19.7934741974, 24.1054973602, 17.4805812836, 8.73738002777, 8.75292110443, 5.96144866943, 8.94395542145, 5.3212480545, 2.29220223427, 1.47407817841, 1.41991424561, 1.03854441643, 0.734881877899, 0.844966232777, 0.54720890522, 0.293935716152, 0.157747611403, 0.116887666285, 0.0755713954568, 0.0568135753274, 0.0271560270339, 0.0172035302967, 0.0121589247137, 0.00818095449358, 0.00497588329017, 0.0032774626743, 0.00216556154191], "dvar": [0.0163838341832, 0.933476686478, 21.9137954712, 69.4274215698, 139.142425537, 441.851898193, 1258.20263672, 1757.9810791, 4666.59667969, 2911.71362305, 3957.44384766, 1342.02209473, 3645.79248047, 1942.45007324, 4654.10107422, 4978.17675781, 680.56060791, 349.617828369, 114.915267944, 457.627746582, 140.611755371, 14.4757490158, 8.99573707581, 8.99708843231, 5.26235437393, 6.41443014145, 64.8201522827, 2.9624671936, 0.262083619833, 0.0247741937637, 0.030689207837, 0.00489735975862, 0.00277276267298, 0.000880890642293, 0.000360309495591, 0.000131167049403, 5.43152345927e-05, 3.28072674165e-05, 6.22961160843e-05, 6.14971486357e-06], "dvar2": [0.0365912429988, 2.37232327461, 55.3138313293, 142.393707275, 286.048217773, 899.582641602, 2643.28100586, 3834.01318359, 10390.3349609, 6907.27880859, 9072.24414062, 3214.7434082, 8598.79296875, 4073.87670898, 11372.7802734, 11912.21875, 1554.97167969, 831.292053223, 285.703063965, 1209.12219238, 316.346710205, 32.3610954285, 17.7591075897, 18.2018623352, 11.3394956589, 10.6448698044, 99.6379699707, 5.18745183945, 0.454511404037, 0.0525817610323, 0.065490372479, 0.0117827551439, 0.00688337534666, 0.00218133861199, 0.000893365300726, 0.000322914042044, 0.000128057989059, 6.10582428635e-05, 9.59891694947e-05, 1.05911103674e-05], "max": [2.41506958008, 15.9133605957, 63.6427955627, 368.86050415, 351.09375, 837.677612305, 1099.18981934, 1445.35009766, 1885.37207031, 1328.07751465, 1708.7878418, 789.088684082, 1706.89379883, 1377.79650879, 1777.69763184, 2676.54443359, 1478.59667969, 550.072937012, 400.065673828, 597.130493164, 428.220214844, 75.8228225708, 97.4290237427, 100.222183228, 101.803588867, 161.741394043, 649.036315918, 107.354675293, 25.7115116119, 2.86385726929, 12.0142431259, 1.04398941994, 0.668074309826, 0.426129847765, 0.270969480276, 0.15427647531, 0.0983524546027, 0.171152502298, 0.498387396336, 0.0470953807235], "mean": [0.103922098875, 0.749617695808, 2.39271807671, 6.04994440079, 8.04729270935, 12.0800256729, 25.4644851685, 29.9882888794, 46.7930450439, 30.8449630737, 30.3710956573, 19.6521186829, 27.3609409332, 20.2746887207, 23.3860359192, 17.4880199432, 9.36052131653, 8.4225692749, 6.58992576599, 9.11727523804, 5.62975883484, 2.24486684799, 1.38070356846, 1.35402715206, 1.00450599194, 0.733791351318, 0.809236586094, 0.573243916035, 0.286818295717, 0.127553641796, 0.0900418832898, 0.0523110814393, 0.0340344049037, 0.0171240717173, 0.0108976205811, 0.00796175841242, 0.00622905883938, 0.0047912010923, 0.00409188540652, 0.00517678866163], "median": [0.0257374607027, 0.241489157081, 0.847564518452, 2.13208675385, 2.72299027443, 3.82722663879, 6.39906072617, 7.00721740723, 8.02703380585, 6.91716051102, 4.71837043762, 3.97111129761, 4.52147722244, 2.89007401466, 2.60903406143, 2.15279793739, 1.71593356133, 1.6574960947, 1.68738138676, 1.3652266264, 0.972882926464, 0.617168784142, 0.38291311264, 0.313185304403, 0.261268347502, 0.203127458692, 0.177679926157, 0.168350055814, 0.106086738408, 0.0503200180829, 0.034903999418, 0.019839245826, 0.0111588295549, 0.00565172173083, 0.00339519814588, 0.00319650839083, 0.00264992052689, 0.00217513809912, 0.00186865741853, 0.00327483890578], "min": [1.1438591673e-22, 3.75722761394e-22, 2.54870563183e-21, 1.80686828846e-20, 3.49838300933e-20, 6.97897129572e-20, 7.72819078178e-20, 1.07381543355e-19, 1.73667034895e-19, 1.7950327233e-19, 4.85584953167e-19, 7.5114518837e-19, 7.50471604858e-19, 8.32667663448e-19, 1.51613210692e-18, 2.14398886842e-18, 1.40936035723e-18, 3.56235670554e-18, 4.65698011297e-18, 4.2833372536e-18, 3.90436032006e-18, 7.83858020587e-18, 9.27201141553e-18, 9.63748545276e-18, 8.36866649372e-18, 1.13656634485e-17, 1.39570035864e-17, 1.33694166654e-17, 9.35254737433e-18, 9.49460819991e-18, 1.17604668288e-17, 1.43763510697e-17, 1.18525675997e-17, 9.97499334065e-18, 7.62530740136e-18, 4.93700349778e-18, 2.31807833411e-18, 1.05279888092e-18, 2.82369811871e-19, 2.74378200253e-20], "var": [0.0433265678585, 1.86395812035, 24.1688480377, 172.056732178, 376.759613037, 955.691772461, 4413.61279297, 5245.54150391, 12599.5, 5601.87597656, 8073.26269531, 2360.38598633, 7454.77685547, 4566.75048828, 9022.45996094, 8341.31640625, 1376.37670898, 594.088378906, 256.099029541, 823.846984863, 329.697662354, 26.5644702911, 14.2786178589, 17.015253067, 11.3302526474, 15.7965936661, 108.041534424, 6.69999790192, 0.648325741291, 0.0407131239772, 0.0468817763031, 0.00623944262043, 0.00316853448749, 0.00102912390139, 0.000422002194682, 0.000162835422088, 7.5195239333e-05, 6.94409682183e-05, 0.000135805486934, 3.07652990159e-05]}, "erbbands_crest": {"dmean": 3.32848072052, "dmean2": 5.32854127884, "dvar": 9.34934806824, "dvar2": 22.3162879944, "max": 32.3913345337, "mean": 12.2613458633, "median": 11.1539621353, "min": 2.22028708458, "var": 29.3250846863}, "erbbands_flatness_db": {"dmean": 0.0306785516441, "dmean2": 0.0465930402279, "dvar": 0.000663887418341, "dvar2": 0.00152912165504, "max": 0.376400738955, "mean": 0.186221078038, "median": 0.184321016073, "min": 0.0359697677195, "var": 0.00293072266504}, "erbbands_kurtosis": {"dmean": 2.93743062019, "dmean2": 4.55115652084, "dvar": 19.0911235809, "dvar2": 43.8966827393, "max": 87.1708831787, "mean": 4.56477308273, "median": 2.41493654251, "min": -1.82819485664, "var": 51.3965759277}, "erbbands_skewness": {"dmean": 0.559215426445, "dmean2": 0.84653377533, "dvar": 0.276132971048, "dvar2": 0.607216894627, "max": 7.25063705444, "mean": 1.23092734814, "median": 1.1798593998, "min": -3.35007214546, "var": 1.49130451679}, "erbbands_spread": {"dmean": 6.95540761948, "dmean2": 10.6518688202, "dvar": 76.5587158203, "dvar2": 165.792037964, "max": 123.98387146, "mean": 21.8610515594, "median": 18.3745594025, "min": 1.22344613075, "var": 237.235015869}, "gfcc": {"cov": [[16556.2011719, 2712.25854492, -1277.41796875, -926.968139648, -21.992893219, -628.143188477, -60.9800033569, -451.369903564, -29.6282920837, -44.818862915, -22.899438858, -204.813461304, 267.129150391], [2712.25854492, 1437.13146973, -0.338623046875, -362.383300781, 89.3910675049, -158.684555054, 92.034576416, -230.643981934, 80.1183776855, -49.2251243591, -5.73475074768, -92.2952728271, 119.664283752], [-1277.41796875, -0.338623046875, 800.898742676, 388.869049072, 6.85080862045, 132.966094971, 12.9037046432, 85.3421478271, -46.4797363281, -44.8880386353, -0.139754086733, -0.836804568768, -35.7934494019], [-926.968139648, -362.383300781, 388.869049072, 583.49621582, 141.542556763, 39.5623435974, 60.5763549805, 6.83643198013, -63.5665206909, -55.3764152527, -11.4205875397, 35.0245628357, -86.5220108032], [-21.992893219, 89.3910675049, 6.85080862045, 141.542556763, 261.839202881, 39.3994560242, 56.8579368591, -84.2283172607, -23.2157764435, -58.2753143311, 11.2003145218, 7.01116323471, 7.53952693939], [-628.143188477, -158.684555054, 132.966094971, 39.5623435974, 39.3994560242, 285.776641846, 13.8384771347, 87.8006896973, -77.7728805542, -3.22887706757, -14.093044281, 6.19133520126, 20.2793331146], [-60.9800033569, 92.034576416, 12.9037046432, 60.5763549805, 56.8579368591, 13.8384771347, 196.734268188, 29.9316425323, 60.6666259766, -24.9762535095, -15.3106861115, 7.64458465576, -17.406917572], [-451.369903564, -230.643981934, 85.3421478271, 6.83643198013, -84.2283172607, 87.8006896973, 29.9316425323, 245.571929932, 79.958480835, 42.5219535828, 7.7094039917, -4.50624227524, -27.6260852814], [-29.6282920837, 80.1183776855, -46.4797363281, -63.5665206909, -23.2157764435, -77.7728805542, 60.6666259766, 79.958480835, 195.977813721, 67.4853134155, 20.6956729889, -2.25226473808, -26.9070339203], [-44.818862915, -49.2251243591, -44.8880386353, -55.3764152527, -58.2753143311, -3.22887706757, -24.9762535095, 42.5219535828, 67.4853134155, 117.526695251, 46.4498939514, 7.88396787643, 1.75671947002], [-22.899438858, -5.73475074768, -0.139754086733, -11.4205875397, 11.2003145218, -14.093044281, -15.3106861115, 7.7094039917, 20.6956729889, 46.4498939514, 96.7710647583, 48.1897621155, 3.77108931541], [-204.813461304, -92.2952728271, -0.836804568768, 35.0245628357, 7.01116323471, 6.19133520126, 7.64458465576, -4.50624227524, -2.25226473808, 7.88396787643, 48.1897621155, 88.4735641479, 29.165102005], [267.129150391, 119.664283752, -35.7934494019, -86.5220108032, 7.53952693939, 20.2793331146, -17.406917572, -27.6260852814, -26.9070339203, 1.75671947002, 3.77108931541, 29.165102005, 113.096305847]], "icov": [[0.000160179770319, -0.0005979576963, 0.000590380688664, -0.000556088343728, 0.00027378051891, 5.23096969118e-05, 0.000330354436301, -0.000549017917365, 0.000426698592491, -5.64641013625e-05, -5.34572336619e-06, -0.000101381607237, 3.35906224791e-05], [-0.0005979576963, 0.00470398133621, -0.00375696877018, 0.00425071129575, -0.00166157411877, 0.000594449869823, -0.00315987528302, 0.00469410978258, -0.00300072715618, 0.00137957732659, -0.0019245542353, 0.00410176347941, -0.00256637600251], [0.000590380688664, -0.00375696877018, 0.00631377473474, -0.00689899548888, 0.00467312661931, -0.0030395979993, 0.003047631355, -0.00247563910671, -0.000558931613341, 0.0031287134625, -0.00330565264449, 0.00155243987683, -0.00107286614366], [-0.000556088343728, 0.00425071129575, -0.00689899548888, 0.0110059566796, -0.00784981250763, 0.00476287445053, -0.00399875966832, 0.00110086577479, 0.00349884130992, -0.00510920956731, 0.00625466508791, -0.00487664155662, 0.00433586165309], [0.00027378051891, -0.00166157411877, 0.00467312661931, -0.00784981250763, 0.0129379117861, -0.00683127110824, 0.000777115812525, 0.00476032914594, -0.00702623976395, 0.0100597580895, -0.0109827071428, 0.00836335401982, -0.00538852531463], [5.23096969118e-05, 0.000594449869823, -0.0030395979993, 0.00476287445053, -0.00683127110824, 0.0102608492598, -0.00223947083578, -0.00583647238091, 0.0091252354905, -0.00796533469111, 0.00741027062759, -0.00526629108936, 0.00218009902164], [0.000330354436301, -0.00315987528302, 0.003047631355, -0.00399875966832, 0.000777115812525, -0.00223947083578, 0.00968520902097, -0.00290167285129, -0.00271299877204, 0.00253158458509, 0.00193677144125, -0.00375883840024, 0.00182006158866], [-0.000549017917365, 0.00469410978258, -0.00247563910671, 0.00110086577479, 0.00476032914594, -0.00583647238091, -0.00290167285129, 0.0147449746728, -0.0110181262717, 0.00647611543536, -0.00788326840848, 0.00913288630545, -0.00454117497429], [0.000426698592491, -0.00300072715618, -0.000558931613341, 0.00349884130992, -0.00702623976395, 0.0091252354905, -0.00271299877204, -0.0110181262717, 0.0204643700272, -0.0148205962032, 0.0105502856895, -0.0104262083769, 0.0078259985894], [-5.64641013625e-05, 0.00137957732659, 0.0031287134625, -0.00510920956731, 0.0100597580895, -0.00796533469111, 0.00253158458509, 0.00647611543536, -0.0148205962032, 0.0258943717927, -0.018577195704, 0.0133948903531, -0.00827866513282], [-5.34572336619e-06, -0.0019245542353, -0.00330565264449, 0.00625466508791, -0.0109827071428, 0.00741027062759, 0.00193677144125, -0.00788326840848, 0.0105502856895, -0.018577195704, 0.0325886160135, -0.0243826862425, 0.0115633578971], [-0.000101381607237, 0.00410176347941, 0.00155243987683, -0.00487664155662, 0.00836335401982, -0.00526629108936, -0.00375883840024, 0.00913288630545, -0.0104262083769, 0.0133948903531, -0.0243826862425, 0.0349461361766, -0.0161882638931], [3.35906224791e-05, -0.00256637600251, -0.00107286614366, 0.00433586165309, -0.00538852531463, 0.00218009902164, 0.00182006158866, -0.00454117497429, 0.0078259985894, -0.00827866513282, 0.0115633578971, -0.0161882638931, 0.0193743091077]], "mean": [-89.8703536987, 118.787384033, -65.9157485962, -8.37934875488, -28.0180644989, -18.5001049042, -12.2102355957, -18.0433731079, -2.90054345131, -7.34803390503, -8.13452911377, -5.52243041992, -3.97706437111]}, "hfc": {"dmean": 32.3015289307, "dmean2": 47.8472709656, "dvar": 2030.03674316, "dvar2": 4703.65673828, "max": 867.12121582, "mean": 104.896339417, "median": 74.1450958252, "min": 1.12092541826e-16, "var": 9791.76367188}, "melbands": {"dmean": [0.000523896189407, 0.000840390915982, 0.000642215716653, 0.000395360955736, 0.000456410693005, 0.000361819955288, 0.000375253730454, 0.000202789815376, 0.000153001965373, 7.84220683272e-05, 9.26106658881e-05, 5.59494110348e-05, 5.17400221725e-05, 4.47435559181e-05, 1.80994175025e-05, 1.26335189634e-05, 1.04470782389e-05, 6.69420251143e-06, 8.02381509857e-06, 7.1863487392e-06, 3.7272930058e-06, 1.72144029875e-06, 1.03366380699e-06, 8.80377342583e-07, 8.2426163317e-07, 6.45726686344e-07, 3.9606362634e-07, 3.26409150375e-07, 3.77854831868e-07, 2.97295315477e-07, 2.02760318757e-07, 1.25659752825e-07, 6.98650737263e-08, 5.23924583717e-08, 4.64297187364e-08, 3.32998588704e-08, 2.6989225077e-08, 2.64171831077e-08, 1.642391112e-08, 1.32720741064e-08], "dmean2": [0.000818132830318, 0.00136278709397, 0.000986192259006, 0.000598211423494, 0.000688665662892, 0.000547418370843, 0.000567865557969, 0.000310998759232, 0.000238302178332, 0.000123581616208, 0.00014392985031, 8.61551598064e-05, 8.11120989965e-05, 6.93262700224e-05, 2.85353689833e-05, 1.98564648599e-05, 1.67563193827e-05, 1.06208335637e-05, 1.29648578877e-05, 1.13430623969e-05, 5.82265647608e-06, 2.65279754785e-06, 1.5477191937e-06, 1.2929742752e-06, 1.22351286791e-06, 9.64666128311e-07, 6.0164416027e-07, 4.86427666146e-07, 5.39703080449e-07, 4.41968154519e-07, 3.11397712949e-07, 1.93253015368e-07, 1.07944735817e-07, 8.14421241557e-08, 7.26201605517e-08, 5.3282217749e-08, 4.42380674315e-08, 4.4297173929e-08, 2.72432458814e-08, 2.18682956188e-08], "dvar": [1.13046735351e-06, 3.68289533981e-06, 1.85960300314e-06, 1.1259465964e-06, 1.0823790717e-06, 7.98679991476e-07, 8.82630160959e-07, 3.3431609836e-07, 2.61546432512e-07, 5.77249785749e-08, 9.85545511867e-08, 3.61402321403e-08, 6.03134040489e-08, 7.74303856588e-08, 5.75158054517e-09, 3.41597305997e-09, 1.25208055035e-09, 4.45538522742e-10, 1.01540420516e-09, 6.78752887229e-10, 1.81070158867e-10, 2.0228882805e-11, 1.00107673887e-11, 7.37008457735e-12, 6.72854480466e-12, 4.51343346378e-12, 2.66508733485e-12, 2.86310081546e-12, 2.23933128984e-11, 1.0301429848e-11, 5.40535389885e-13, 1.29184477785e-13, 1.48202712038e-14, 6.48859509552e-15, 2.04754239957e-14, 2.39979511144e-15, 1.71289946033e-15, 1.73042912481e-15, 7.5695861661e-16, 5.93257746971e-16], "dvar2": [2.6103627988e-06, 9.28196186578e-06, 3.76038201466e-06, 2.34156686929e-06, 2.3104560114e-06, 1.79182097781e-06, 1.96470409719e-06, 7.9170609979e-07, 5.96995221258e-07, 1.37965287195e-07, 2.32149005797e-07, 7.46895310044e-08, 1.51864796294e-07, 1.89002420825e-07, 1.40339579957e-08, 7.35907024207e-09, 2.99204816478e-09, 1.08915776398e-09, 2.78869594084e-09, 1.60568724983e-09, 4.29333651963e-10, 4.6456821029e-11, 2.23071474487e-11, 1.48260084765e-11, 1.4265264317e-11, 9.32480568455e-12, 5.45106581401e-12, 4.98607752308e-12, 3.22002667585e-11, 1.88368418086e-11, 1.10948761029e-12, 2.40248820187e-13, 2.93198760626e-14, 1.42529505586e-14, 4.40385541348e-14, 5.63809693648e-15, 4.15208732129e-15, 4.339381129e-15, 1.86939155019e-15, 1.47110554109e-15], "max": [0.0208060126752, 0.0249747559428, 0.060443866998, 0.035731498152, 0.0287918839604, 0.0282983109355, 0.0254336111248, 0.0129393208772, 0.0155222378671, 0.00647850800306, 0.00874252524227, 0.00513908965513, 0.00641413545236, 0.00968109257519, 0.00224600662477, 0.00332930753939, 0.00105555658229, 0.000862223678268, 0.0012383966241, 0.000632142939139, 0.000526998075657, 0.000106387298729, 7.19066956663e-05, 0.000100589961221, 8.75713594723e-05, 0.000102853380668, 9.26273132791e-05, 0.000104392616777, 0.000387908279663, 0.000236710737227, 3.14278258884e-05, 1.77057681867e-05, 5.16671570949e-06, 1.49237257574e-06, 1.05595481728e-05, 7.17718023679e-07, 5.93529762227e-07, 4.8775683581e-07, 3.902560195e-07, 3.48577628984e-07], "mean": [0.000990730710328, 0.0011918710079, 0.00110527011566, 0.000684870989062, 0.000837914529257, 0.000706344551872, 0.000659346580505, 0.000319564016536, 0.000240768844378, 0.000119099080621, 0.000138532879646, 8.38683117763e-05, 7.4623785622e-05, 6.56888951198e-05, 2.68378298642e-05, 1.89565544133e-05, 1.51096928676e-05, 1.02553585748e-05, 1.21987359307e-05, 1.09309148684e-05, 5.5456366681e-06, 2.39576115746e-06, 1.34334743507e-06, 1.12697421173e-06, 1.10611927084e-06, 8.68515769525e-07, 5.60285684514e-07, 4.57041153368e-07, 5.02991497342e-07, 4.26117026109e-07, 3.07956810275e-07, 1.85268419273e-07, 8.49139141224e-08, 6.34566532653e-08, 5.51044756492e-08, 3.91715495596e-08, 2.86949255468e-08, 2.57016967709e-08, 1.69535372407e-08, 1.35595996653e-08], "median": [0.000289541087113, 0.00043041529716, 0.000407998624723, 0.000229920871789, 0.000223993411055, 0.000165195189766, 0.000116543160402, 6.47962515359e-05, 3.36625525961e-05, 2.2631851607e-05, 2.12158502109e-05, 1.15037091746e-05, 7.81635117164e-06, 6.42767236059e-06, 4.01272109229e-06, 3.03617366626e-06, 2.75512979897e-06, 2.64184222942e-06, 1.9264311959e-06, 1.58045008902e-06, 9.02165425032e-07, 6.1460661982e-07, 3.68239426507e-07, 2.8081126402e-07, 2.39620078446e-07, 1.97310683347e-07, 1.57160300773e-07, 1.23114702433e-07, 1.04376169929e-07, 9.75421983185e-08, 9.07562522912e-08, 6.35720880382e-08, 3.21374535872e-08, 2.47446010349e-08, 2.07517789619e-08, 1.53983918949e-08, 1.00247383727e-08, 7.84334286408e-09, 5.92363358365e-09, 3.94187305019e-09], "min": [1.89081498448e-24, 1.1450752871e-24, 3.3842546986e-24, 3.03155459344e-24, 2.85806652823e-24, 2.6571984815e-24, 2.61335102859e-24, 2.12612312061e-24, 4.23087166056e-24, 4.38193852391e-24, 3.09856300253e-24, 2.92144992424e-24, 4.71142560807e-24, 5.89442705952e-24, 4.04482749354e-24, 3.10220379282e-24, 6.17848364414e-24, 6.52566842828e-24, 4.73637372863e-24, 4.63231074788e-24, 4.28282288434e-24, 6.38037208245e-24, 4.50721200224e-24, 7.51721254917e-24, 6.95422224264e-24, 6.53568656735e-24, 5.40556640668e-24, 7.91654498345e-24, 6.58387176916e-24, 7.82222640704e-24, 7.70124669861e-24, 4.84775615528e-24, 4.05316220343e-24, 4.35241264352e-24, 5.86854137777e-24, 8.64135748291e-24, 8.01170054128e-24, 7.97885789521e-24, 7.81887059274e-24, 8.53750946677e-24], "var": [3.28084047396e-06, 4.64037339043e-06, 4.84845168103e-06, 2.73798559647e-06, 3.61042407349e-06, 2.47616799243e-06, 2.38678580899e-06, 6.7647403057e-07, 5.40492067103e-07, 9.73220153355e-08, 1.97756349962e-07, 8.29152568826e-08, 1.04227936504e-07, 1.34408296049e-07, 1.14433742482e-08, 6.44348219225e-09, 2.02660577209e-09, 8.03688615658e-10, 1.67147740093e-09, 1.22069543362e-09, 3.87095716592e-10, 3.43674221026e-11, 1.32865662916e-11, 1.13969771121e-11, 1.21150051796e-11, 8.9632589545e-12, 5.87788238221e-12, 6.6247697432e-12, 4.04402136778e-11, 1.53757961224e-11, 1.333009007e-12, 3.02871334783e-13, 2.44575867669e-14, 9.9339947821e-15, 2.92758337375e-14, 3.23220572892e-15, 2.08742270126e-15, 1.87852510647e-15, 9.0115761143e-16, 6.86684898718e-16]}, "melbands_crest": {"dmean": 3.63780450821, "dmean2": 5.84336233139, "dvar": 10.1594047546, "dvar2": 25.0848274231, "max": 35.8597755432, "mean": 15.77202034, "median": 14.9849128723, "min": 1.77483475208, "var": 29.7841262817}, "melbands_flatness_db": {"dmean": 0.0390645973384, "dmean2": 0.0594456978142, "dvar": 0.00112176255789, "dvar2": 0.00252075912431, "max": 0.575760900974, "mean": 0.318819493055, "median": 0.317311882973, "min": 0.00471310410649, "var": 0.00551407458261}, "melbands_kurtosis": {"dmean": 9.99687099457, "dmean2": 15.7456855774, "dvar": 311.026428223, "dvar2": 690.893920898, "max": 431.250793457, "mean": 18.7197856903, "median": 9.4061756134, "min": -1.83796131611, "var": 914.482299805}, "melbands_skewness": {"dmean": 0.851974368095, "dmean2": 1.31601011753, "dvar": 0.859320700169, "dvar2": 1.96537852287, "max": 15.2874412537, "mean": 2.3979947567, "median": 2.12489557266, "min": -1.82729971409, "var": 3.87040758133}, "melbands_spread": {"dmean": 3.19003009796, "dmean2": 4.93934822083, "dvar": 39.4529838562, "dvar2": 89.5524368286, "max": 269.078338623, "mean": 9.96037387848, "median": 6.5136089325, "min": 0.351202338934, "var": 265.312316895}, "mfcc": {"cov": [[8979.07421875, 1602.76342773, -1210.88208008, -359.345581055, -428.446868896, -108.609672546, -263.437866211, -305.026947021, -81.3039245605, -46.5463104248, -161.807785034, -8.39788722992, 61.026424408], [1602.76342773, 1509.29150391, -90.5396881104, -244.321884155, -97.9972229004, 16.3147163391, -82.9259643555, -137.852722168, 49.8354263306, -13.0202503204, -32.0971450806, -55.6511764526, 35.9531974792], [-1210.88208008, -90.5396881104, 789.267822266, 199.246871948, 135.690338135, 20.793926239, 103.121994019, 107.37310791, 17.916223526, 35.6273384094, 36.6374435425, -0.25538444519, -39.9076309204], [-359.345581055, -244.321884155, 199.246871948, 488.979827881, 107.310279846, 70.4600601196, 43.36926651, 74.3773956299, -41.300403595, -2.83389115334, 0.155772864819, 14.4001121521, -36.2732429504], [-428.446868896, -97.9972229004, 135.690338135, 107.310279846, 228.65953064, 88.9918746948, 78.275642395, 38.0472755432, -31.2583141327, -17.407989502, -16.4721240997, -10.3775453568, -6.61435365677], [-108.609672546, 16.3147163391, 20.793926239, 70.4600601196, 88.9918746948, 193.953018188, 109.450302124, 9.89194488525, -7.58063983917, -45.6576766968, -56.140422821, -17.890499115, -8.08350467682], [-263.437866211, -82.9259643555, 103.121994019, 43.36926651, 78.275642395, 109.450302124, 181.42956543, 79.6148834229, 3.36037302017, -23.3252906799, -34.6337661743, -26.6019134521, -7.43312597275], [-305.026947021, -137.852722168, 107.37310791, 74.3773956299, 38.0472755432, 9.89194488525, 79.6148834229, 175.939086914, 48.9099388123, 32.9319267273, 26.0563850403, 2.9365735054, -16.3373432159], [-81.3039245605, 49.8354263306, 17.916223526, -41.300403595, -31.2583141327, -7.58063983917, 3.36037302017, 48.9099388123, 126.156044006, 60.9775238037, 29.2149143219, -5.26452255249, -5.97668504715], [-46.5463104248, -13.0202503204, 35.6273384094, -2.83389115334, -17.407989502, -45.6576766968, -23.3252906799, 32.9319267273, 60.9775238037, 117.781959534, 65.3654785156, 18.0077991486, -0.0444198250771], [-161.807785034, -32.0971450806, 36.6374435425, 0.155772864819, -16.4721240997, -56.140422821, -34.6337661743, 26.0563850403, 29.2149143219, 65.3654785156, 126.892883301, 65.0314788818, 13.8851442337], [-8.39788722992, -55.6511764526, -0.25538444519, 14.4001121521, -10.3775453568, -17.890499115, -26.6019134521, 2.9365735054, -5.26452255249, 18.0077991486, 65.0314788818, 97.6663284302, 42.7052688599], [61.026424408, 35.9531974792, -39.9076309204, -36.2732429504, -6.61435365677, -8.08350467682, -7.43312597275, -16.3373432159, -5.97668504715, -0.0444198250771, 13.8851442337, 42.7052688599, 74.0610961914]], "icov": [[0.000200996699277, -0.000234067440033, 0.000290935277008, -8.3701859694e-05, 0.000146875070641, 0.000200666312594, -0.000150937456056, 1.41397401876e-06, 0.000220818139496, -0.0002775133471, 0.000484385091113, -0.000475968816318, 0.000285258400254], [-0.000234067440033, 0.00113114307169, -0.000501812261064, 0.000397819385398, 0.000107942702016, -0.000913841300644, 0.00080015003914, 0.00036003664718, -0.000593004690018, 0.000490852165967, -0.000937384553254, 0.00163082033396, -0.00117436225992], [0.000290935277008, -0.000501812261064, 0.00218159263022, -0.000710867403541, -0.000665163213853, 0.00132862816099, -0.00150400330313, 2.25753174163e-05, -3.00455594697e-05, -0.000560402462725, 0.000456231035059, -0.00118815538008, 0.00136771751568], [-8.3701859694e-05, 0.000397819385398, -0.000710867403541, 0.00311088515446, -0.000456924783066, -0.00169637298677, 0.001462506596, -0.00140636996366, 0.00142034550663, -0.000485034339363, 0.000168909391505, -0.000556909595616, 0.0010308084311], [0.000146875070641, 0.000107942702016, -0.000665163213853, -0.000456924783066, 0.00689711002633, -0.00289276312105, -0.000185557350051, -0.00087709154468, 0.00240088789724, -0.000727473467123, -0.000713226036169, 0.00161242100876, -0.00127022597007], [0.000200666312594, -0.000913841300644, 0.00132862816099, -0.00169637298677, -0.00289276312105, 0.0124651221558, -0.00776175688952, 0.00329636246897, -0.00306066218764, 0.00153518421575, 0.00415400182828, -0.00505926320329, 0.00310609349981], [-0.000150937456056, 0.00080015003914, -0.00150400330313, 0.001462506596, -0.000185557350051, -0.00776175688952, 0.0141235133633, -0.00615629600361, 0.00156295287888, 0.000900197483134, -0.000828524585813, 0.00490568950772, -0.00370919005945], [1.41397401876e-06, 0.00036003664718, 2.25753174163e-05, -0.00140636996366, -0.00087709154468, 0.00329636246897, -0.00615629600361, 0.0109180286527, -0.00441176816821, -0.000164423981914, -0.000766854325775, -0.00162997853477, 0.00194695871323], [0.000220818139496, -0.000593004690018, -3.00455594697e-05, 0.00142034550663, 0.00240088789724, -0.00306066218764, 0.00156295287888, -0.00441176816821, 0.0142660029233, -0.00665940018371, -0.000488380668685, 0.0021001144778, -0.000122742640087], [-0.0002775133471, 0.000490852165967, -0.000560402462725, -0.000485034339363, -0.000727473467123, 0.00153518421575, 0.000900197483134, -0.000164423981914, -0.00665940018371, 0.0164804998785, -0.00752016948536, 0.00290880445391, -0.00118738377932], [0.000484385091113, -0.000937384553254, 0.000456231035059, 0.000168909391505, -0.000713226036169, 0.00415400182828, -0.000828524585813, -0.000766854325775, -0.000488380668685, -0.00752016948536, 0.0207883473486, -0.014735493809, 0.00507731130347], [-0.000475968816318, 0.00163082033396, -0.00118815538008, -0.000556909595616, 0.00161242100876, -0.00505926320329, 0.00490568950772, -0.00162997853477, 0.0021001144778, 0.00290880445391, -0.014735493809, 0.0275931917131, -0.0145648615435], [0.000285258400254, -0.00117436225992, 0.00136771751568, 0.0010308084311, -0.00127022597007, 0.00310609349981, -0.00370919005945, 0.00194695871323, -0.000122742640087, -0.00118738377932, 0.00507731130347, -0.0145648615435, 0.0227979514748]], "mean": [-756.237731934, 181.47833252, 13.3645515442, 23.658082962, -0.170254781842, 8.88259029388, -6.14087247849, -1.9210703373, 0.86574357748, 0.803272783756, -3.28815984726, -0.95677036047, -0.214354828]}, "pitch_salience": {"dmean": 0.0778170377016, "dmean2": 0.124211862683, "dvar": 0.00449026282877, "dvar2": 0.0113749103621, "max": 0.861574649811, "mean": 0.556760311127, "median": 0.564476072788, "min": 0.0559952966869, "var": 0.0140261687338}, "silence_rate_20dB": {"dmean": 0, "dmean2": 0, "dvar": 0, "dvar2": 0, "max": 1, "mean": 1, "median": 1, "min": 1, "var": 0}, "silence_rate_30dB": {"dmean": 0.00757575780153, "dmean2": 0.0151537228376, "dvar": 0.00751821137965, "dvar2": 0.0187119860202, "max": 1, "mean": 0.991988360882, "median": 1, "min": 0, "var": 0.00794782117009}, "silence_rate_60dB": {"dmean": 0.0378787890077, "dmean2": 0.0757686123252, "dvar": 0.0364434607327, "dvar2": 0.0778932124376, "max": 1, "mean": 0.119883470237, "median": 0, "min": 0, "var": 0.105503983796}, "spectral_centroid": {"dmean": 120.329483032, "dmean2": 181.119247437, "dvar": 49346.0507812, "dvar2": 97573.765625, "max": 11403.4130859, "mean": 611.298522949, "median": 467.632324219, "min": 141.441619873, "var": 493261.34375}, "spectral_complexity": {"dmean": 2.0853729248, "dmean2": 3.24377083778, "dvar": 5.81298160553, "dvar2": 11.107583046, "max": 37, "mean": 9.27239608765, "median": 9, "min": 0, "var": 30.5854625702}, "spectral_contrast_coeffs": {"dmean": [0.0520553588867, 0.0511322207749, 0.0416260026395, 0.0316839143634, 0.0259653255343, 0.0360512845218], "dmean2": [0.0836701989174, 0.0822417810559, 0.0671377927065, 0.0512462072074, 0.0419548712671, 0.0555098690093], "dvar": [0.00176955200732, 0.00169484491926, 0.00122020288836, 0.000650132598821, 0.000501171336509, 0.00107339618262], "dvar2": [0.0044243466109, 0.0043350472115, 0.0030293292366, 0.00166362791788, 0.00128110591322, 0.00248490157537], "max": [-0.223476201296, -0.395545244217, -0.497553110123, -0.581589221954, -0.673678278923, -0.468205153942], "mean": [-0.653681695461, -0.726061999798, -0.789678156376, -0.825343310833, -0.854967713356, -0.795054793358], "median": [-0.660502076149, -0.733015120029, -0.798409223557, -0.829560041428, -0.856125354767, -0.807924151421], "min": [-0.971629440784, -0.966509878635, -0.972876608372, -0.974745392799, -0.964963316917, -0.962884664536], "var": [0.00931560248137, 0.00779150845483, 0.00540928775445, 0.0030857808888, 0.00182225415483, 0.00350404926576]}, "spectral_contrast_valleys": {"dmean": [0.40395835042, 0.393465310335, 0.391966462135, 0.390508443117, 0.483967840672, 0.672310769558], "dmean2": [0.649973392487, 0.61976480484, 0.609745264053, 0.59197974205, 0.712692677975, 1.06670081615], "dvar": [0.123182609677, 0.126717150211, 0.13013613224, 0.149296551943, 0.197557851672, 0.319303691387], "dvar2": [0.295391768217, 0.272379487753, 0.280727863312, 0.321808815002, 0.432069629431, 0.814908027649], "max": [-5.18875169754, -4.63361120224, -5.51827287674, -5.93934631348, -6.25770998001, -9.21501731873], "mean": [-7.44530296326, -6.94701433182, -7.88992643356, -8.49383449554, -8.86578178406, -11.6432352066], "median": [-7.22408103943, -6.66438102722, -7.63082170486, -8.25926971436, -8.69254112244, -11.487698555], "min": [-28.1135063171, -27.6572437286, -27.5949802399, -27.5012016296, -27.5116462708, -27.3598213196], "var": [2.69359278679, 2.62791228294, 2.35665512085, 2.17770814896, 1.77323067188, 1.50257909298]}, "spectral_decrease": {"dmean": 1.9582355737e-09, "dmean2": 2.95567414987e-09, "dvar": 7.324230202e-18, "dvar2": 1.653961366e-17, "max": 3.55571905253e-09, "mean": -5.00046937191e-09, "median": -2.93834645504e-09, "min": -5.13648892309e-08, "var": 2.95362770988e-17}, "spectral_energy": {"dmean": 0.00908286124468, "dmean2": 0.0132812829688, "dvar": 0.000148363949847, "dvar2": 0.000332252588123, "max": 0.214418068528, "mean": 0.0283873863518, "median": 0.0209503769875, "min": 1.03510409175e-20, "var": 0.000677198346239}, "spectral_energyband_high": {"dmean": 5.35014332854e-05, "dmean2": 7.52588093746e-05, "dvar": 3.73082862382e-08, "dvar2": 5.84577115603e-08, "max": 0.0136443376541, "mean": 8.78863575053e-05, "median": 3.8620117266e-05, "min": 7.1382584936e-21, "var": 7.58026033054e-08}, "spectral_energyband_low": {"dmean": 0.00409426074475, "dmean2": 0.00637643458322, "dvar": 5.90713534621e-05, "dvar2": 0.00014164809545, "max": 0.136275053024, "mean": 0.00763792963699, "median": 0.00334818195552, "min": 1.59959108577e-23, "var": 0.000126340310089}, "spectral_energyband_middle_high": {"dmean": 0.00115464546252, "dmean2": 0.00171267788392, "dvar": 1.14499152915e-05, "dvar2": 2.68146486633e-05, "max": 0.0777659490705, "mean": 0.00241602445021, "median": 0.000547325413208, "min": 1.37974130071e-21, "var": 3.34886572091e-05}, "spectral_energyband_middle_low": {"dmean": 0.00578514114022, "dmean2": 0.00850275438279, "dvar": 7.75605731178e-05, "dvar2": 0.000167765712831, "max": 0.184026882052, "mean": 0.0151808103547, "median": 0.00875276047736, "min": 1.92542695879e-22, "var": 0.000316189893056}, "spectral_entropy": {"dmean": 0.314560174942, "dmean2": 0.478234887123, "dvar": 0.0787412747741, "dvar2": 0.178452387452, "max": 9.81327915192, "mean": 6.83542013168, "median": 6.8036532402, "min": 5.05840015411, "var": 0.328523248434}, "spectral_flux": {"dmean": 0.0227484032512, "dmean2": 0.0369127131999, "dvar": 0.000696575501934, "dvar2": 0.00174985686317, "max": 0.333386719227, "mean": 0.076443143189, "median": 0.0687184631824, "min": 6.66377925063e-11, "var": 0.00225986842997}, "spectral_kurtosis": {"dmean": 8.06242752075, "dmean2": 12.7003736496, "dvar": 79.1239089966, "dvar2": 197.76423645, "max": 108.682685852, "mean": 22.3911685944, "median": 19.3185825348, "min": -1.23525476456, "var": 174.805023193}, "spectral_rms": {"dmean": 0.000794271531049, "dmean2": 0.00111475901213, "dvar": 7.77584489242e-07, "dvar2": 1.61167986334e-06, "max": 0.0144633455202, "mean": 0.00464760465547, "median": 0.00452099461108, "min": 3.17782584101e-12, "var": 6.09474727753e-06}, "spectral_rolloff": {"dmean": 3214.6171875, "dmean2": 6276.94384766, "dvar": 51000684, "dvar2": 128529168, "max": 22006.9335938, "mean": 14209.9160156, "median": 21576.2695312, "min": 43.06640625, "var": 97382344}, "spectral_skewness": {"dmean": 0.610230445862, "dmean2": 0.934398591518, "dvar": 0.351059734821, "dvar2": 0.836656391621, "max": 8.18400287628, "mean": 3.42083835602, "median": 3.32678151131, "min": -0.0495471432805, "var": 1.14346766472}, "spectral_spread": {"dmean": 684184.8125, "dmean2": 1082558.25, "dvar": 456624472064, "dvar2": 1046372483070.0, "max": 41729568, "mean":