{"lowlevel": {"average_loudness": 0.943520605564, "barkbands": {"dmean": [9.46039799601e-05, 0.00495679257438, 0.00218428205699, 0.000491416954901, 0.000549609481823, 0.00035277850111, 0.000570604111999, 0.000563878624234, 0.00054906483274, 0.000567138311453, 0.000524178089108, 0.000411401968449, 0.000231586353038, 0.000228391305427, 0.000462215190055, 0.000326088978909, 0.000659094483126, 0.000377887481591, 0.000394443632104, 0.00038275134284, 0.00039274719893, 0.00031206686981, 0.00019809998048, 0.000178393165697, 0.00021562539041, 0.000205399046536, 8.66796981427e-05], "dmean2": [0.000149674291606, 0.00866779219359, 0.00364351458848, 0.000890207709745, 0.000901415303815, 0.000565597438253, 0.000915115873795, 0.000882893393282, 0.000853312551044, 0.000907754409127, 0.000854544981848, 0.000702859892044, 0.000363601982826, 0.000369773712009, 0.00078235543333, 0.00056283606682, 0.00117207376752, 0.00065826321952, 0.000674074690323, 0.000645277788863, 0.00065282988362, 0.000531116791535, 0.000316261517582, 0.000273398181889, 0.000315159617458, 0.000304114917526, 0.000138226198032], "dvar": [2.02120240544e-08, 0.000110475273686, 3.53980904038e-05, 1.69559484675e-06, 8.94286642961e-07, 5.32376759566e-07, 2.46116815106e-06, 1.8275821958e-06, 2.9534735404e-06, 2.46369654633e-06, 3.44727277479e-06, 1.47120749716e-06, 5.55190183604e-07, 4.58603011566e-07, 1.03081401903e-06, 5.21924619079e-07, 2.88629985334e-06, 6.98290591572e-07, 6.00591931743e-07, 5.59597879146e-07, 8.49552691307e-07, 7.8678118598e-07, 2.57187565467e-07, 1.62921352853e-07, 1.02691693371e-07, 9.03508734496e-08, 2.19857092532e-08], "dvar2": [5.46698117887e-08, 0.000325101194903, 9.52742338995e-05, 4.85029022457e-06, 2.25857797886e-06, 1.23438178434e-06, 6.27123836239e-06, 4.01878060075e-06, 5.9699555095e-06, 5.84525059821e-06, 8.71064730745e-06, 3.96604900743e-06, 1.30384978547e-06, 1.00045360796e-06, 2.5784522677e-06, 1.38761652124e-06, 7.92659284343e-06, 1.92052016246e-06, 1.617468115e-06, 1.47479056523e-06, 2.23221445594e-06, 2.19018534153e-06, 6.72650173783e-07, 4.14813001726e-07, 2.17185004203e-07, 1.80078203016e-07, 5.13274578395e-08], "max": [0.00202792091295, 0.0833864808083, 0.0560566335917, 0.0143991950899, 0.0165048614144, 0.0187832042575, 0.0183446034789, 0.0343527011573, 0.0989003628492, 0.0512380301952, 0.0474330857396, 0.0253889039159, 0.0299481898546, 0.0229595322162, 0.0245185941458, 0.014831520617, 0.0143461897969, 0.0102395880967, 0.00870413519442, 0.0124591868371, 0.0109729906544, 0.0105591164902, 0.00625585857779, 0.0064548314549, 0.00435804901645, 0.00314845028333, 0.00244732177816], "mean": [0.000132400440634, 0.00628080312163, 0.00204825797118, 0.000417592062149, 0.00084682443412, 0.000557420949917, 0.000645691528916, 0.000823102192953, 0.000827851588838, 0.000765199773014, 0.000601203937549, 0.000436251255451, 0.00032409693813, 0.00028147327248, 0.000524430943187, 0.000319403305184, 0.000531536992639, 0.000370141642634, 0.000443786528194, 0.00047326812637, 0.000463388278149, 0.000373314047465, 0.000259083841229, 0.000245969364187, 0.000284537498374, 0.000245044793701, 8.59240390128e-05], "median": [4.67942118121e-05, 0.00269734417088, 0.000400482909754, 9.52589252847e-05, 0.000417845440097, 0.000193160492927, 0.000158262933837, 0.000161955467775, 0.00013430317631, 0.000140393298352, 6.6547858296e-05, 8.63809254952e-05, 5.60631160624e-05, 5.52949823032e-05, 0.000106729603431, 7.13815388735e-05, 9.36521173571e-05, 0.000109233966214, 0.000146308419062, 0.000169075428857, 0.000138391696964, 8.2037615357e-05, 6.4314044721e-05, 9.51275869738e-05, 0.000110572887934, 7.90581543697e-05, 1.83090287464e-05], "min": [8.70307638241e-24, 1.32354909129e-23, 1.37824018676e-23, 1.39490881768e-23, 1.33510700795e-23, 2.62062022406e-23, 2.32259141397e-23, 2.41974310543e-23, 5.30968643788e-23, 6.90646460344e-23, 3.29456681458e-23, 3.8072554055e-23, 6.94882075425e-23, 5.56951765631e-23, 1.35236229896e-22, 1.01271293507e-22, 1.55528534412e-22, 1.52742517508e-22, 2.10184945246e-22, 3.15182066674e-22, 4.12575162198e-22, 6.19408937967e-22, 4.11431351751e-22, 6.24091414352e-22, 1.10912470025e-21, 1.63988203029e-21, 2.39889728562e-21], "var": [3.17355990376e-08, 0.000117155148473, 2.69342581305e-05, 1.12140128294e-06, 1.4922692344e-06, 1.15368118259e-06, 2.54559517998e-06, 5.15408737556e-06, 7.18812088962e-06, 4.65343919132e-06, 4.44542047262e-06, 1.43324052715e-06, 1.01612988601e-06, 9.09619132017e-07, 1.65176129485e-06, 5.11971279593e-07, 1.95981283468e-06, 5.62594834719e-07, 6.2070603235e-07, 6.2075025653e-07, 8.47883313781e-07, 7.58391706768e-07, 2.88352708822e-07, 2.0381646948e-07, 1.63476812531e-07, 1.33370036792e-07, 2.47711522405e-08]}, "barkbands_crest": {"dmean": 3.53106403351, "dmean2": 5.54894781113, "dvar": 11.1620311737, "dvar2": 26.4944400787, "max": 26.3643665314, "mean": 10.940372467, "median": 9.69219970703, "min": 1.9197947979, "var": 33.1337928772}, "barkbands_flatness_db": {"dmean": 0.0317088887095, "dmean2": 0.046988658607, "dvar": 0.00134185643401, "dvar2": 0.00269752973691, "max": 0.515645086765, "mean": 0.109820909798, "median": 0.0922867357731, "min": 0.0176972821355, "var": 0.00450289389119}, "barkbands_kurtosis": {"dmean": 7.21748590469, "dmean2": 11.5650901794, "dvar": 1057.97814941, "dvar2": 2557.88916016, "max": 873.98223877, "mean": 6.55359506607, "median": 0.254765748978, "min": -1.95325171947, "var": 989.581970215}, "barkbands_skewness": {"dmean": 0.948527991772, "dmean2": 1.43354964256, "dvar": 2.06916213036, "dvar2": 4.49105978012, "max": 26.9021587372, "mean": 1.50172662735, "median": 0.987339138985, "min": -4.73979377747, "var": 4.20561170578}, "barkbands_spread": {"dmean": 12.6226139069, "dmean2": 18.9308891296, "dvar": 173.339782715, "dvar2": 359.526672363, "max": 129.187896729, "mean": 38.1945381165, "median": 36.8526725769, "min": 0.213453799486, "var": 445.119628906}, "dissonance": {"dmean": 0.0173850134015, "dmean2": 0.0280578657985, "dvar": 0.000365973130101, "dvar2": 0.000849754957017, "max": 0.5, "mean": 0.470593988895, "median": 0.478786826134, "min": 0.145698741078, "var": 0.000786316872109}, "dynamic_complexity": 5.03005886078, "erbbands": {"dmean": [0.103452764452, 1.27859663963, 2.80466914177, 1.91900026798, 1.20490539074, 2.29718184471, 3.22033929825, 2.96628785133, 7.11986303329, 8.46859359741, 13.6657943726, 12.3829441071, 12.0295801163, 24.5771408081, 18.3467254639, 14.2045049667, 9.48933506012, 12.4490566254, 18.0970153809, 21.8334674835, 18.9483737946, 39.9386482239, 20.8135185242, 22.8435707092, 18.0991668701, 18.4791107178, 18.4588260651, 12.2726840973, 11.6858386993, 7.35882282257, 5.62136030197, 4.82496881485, 2.5743765831, 2.65408468246, 1.50107014179, 0.92108464241, 0.338552713394, 0.112857557833, 0.0156800616533, 0.000565301277675], "dmean2": [0.182460412383, 2.2152967453, 4.56289815903, 3.45533180237, 2.11172795296, 3.78012013435, 5.08758544922, 4.84084796906, 11.9847402573, 13.2272415161, 21.2320976257, 18.6987743378, 19.0228290558, 39.5247192383, 30.3850421906, 23.6702690125, 14.7095022202, 19.8363723755, 30.087097168, 37.5461196899, 32.908531189, 71.3892974854, 35.975353241, 40.151309967, 30.3696899414, 31.2373657227, 30.9426898956, 20.2624568939, 20.2532730103, 12.0559883118, 9.12967205048, 7.75164270401, 3.77222585678, 4.00112867355, 2.18355250359, 1.36945939064, 0.500723659992, 0.175086051226, 0.0248416792601, 0.000899418722838], "dvar": [0.0392662882805, 7.82950496674, 55.1353797913, 29.7406082153, 5.86877346039, 19.7736587524, 38.6299171448, 49.5486106873, 452.476745605, 455.118865967, 1213.11889648, 1926.06958008, 1603.30712891, 4815.82666016, 2808.46533203, 1561.12768555, 684.343566895, 1632.46374512, 1481.95019531, 2926.10180664, 1841.94750977, 12306.2421875, 1774.82800293, 3049.31689453, 1155.23022461, 1328.25524902, 2052.65234375, 694.284851074, 1135.93103027, 389.996337891, 233.628646851, 164.240264893, 24.2667980194, 20.6649436951, 4.70151233673, 1.93502867222, 0.250989794731, 0.0310365054756, 0.000731912034098, 9.80271124718e-07], "dvar2": [0.122975848615, 22.7639598846, 146.976913452, 85.3964767456, 16.4674530029, 49.8169593811, 91.8390731812, 118.139450073, 1249.57299805, 1007.92755127, 2661.03515625, 3442.06982422, 3939.31469727, 11861.5253906, 7277.66650391, 3999.20922852, 1549.94262695, 3545.34838867, 3387.70751953, 7617.34130859, 4952.20214844, 34027.4492188, 4783.8671875, 8527.49316406, 3038.20947266, 3510.95361328, 5482.93066406, 1776.43676758, 3198.85522461, 1039.84143066, 623.201416016, 441.855377197, 56.6172599792, 47.4082374573, 9.66434860229, 3.87580561638, 0.502314805984, 0.0707807764411, 0.00168579106685, 2.26903080147e-06], "max": [1.87367248535, 22.1895675659, 64.3121414185, 57.5544052124, 45.3118057251, 87.3429489136, 106.245170593, 224.616821289, 248.246841431, 476.868927002, 932.245605469, 3083.7824707, 1988.36975098, 1426.2791748, 967.151611328, 1142.0579834, 898.240783691, 1664.00439453, 1714.81665039, 1387.32653809, 922.290588379, 949.22052002, 470.473205566, 618.398376465, 427.208648682, 612.857299805, 568.993835449, 387.386871338, 353.578094482, 324.089569092, 170.577148438, 212.193130493, 57.34141922, 46.7646369934, 33.5596351624, 19.7586078644, 5.32184076309, 2.75042057037, 0.58084821701, 0.0190487988293], "mean": [0.133470594883, 1.54201877117, 2.91288900375, 1.72668766975, 1.39787077904, 3.23035669327, 5.0302157402, 4.44100093842, 7.58424949646, 11.2388706207, 21.0018482208, 19.7797489166, 17.4001541138, 32.5972137451, 21.9426555634, 16.5116863251, 14.1209907532, 17.3230800629, 22.1333656311, 23.7835655212, 18.7359619141, 31.50740242, 20.8003311157, 22.8763523102, 22.6415672302, 23.221244812, 20.7931079865, 15.4596986771, 13.557141304, 9.73754501343, 7.14699459076, 5.91264295578, 3.79502248764, 3.35054016113, 1.96588480473, 1.12744641304, 0.402452707291, 0.117440141737, 0.0158715583384, 0.000578693929128], "median": [0.0518174096942, 0.592555463314, 0.747816324234, 0.525559663773, 0.53326433897, 1.39972364902, 1.88283634186, 1.44059991837, 2.33588695526, 2.81986737251, 4.56016492844, 3.66346216202, 3.72713303566, 5.61966562271, 4.11482191086, 3.84965443611, 2.81306505203, 3.37304234505, 5.5191860199, 4.62784433365, 4.4959192276, 5.54209184647, 6.54261302948, 6.48869943619, 9.00154399872, 8.416639328, 6.46536016464, 4.51572704315, 3.04000329971, 2.01468992233, 1.82544457912, 1.74651670456, 1.59104561806, 1.27022957802, 0.70200419426, 0.390799313784, 0.12041401118, 0.0287217479199, 0.00348882679828, 0.000140349409776], "min": [2.20418945054e-22, 4.04529447395e-21, 1.78155672327e-20, 4.25281470259e-20, 2.36055843358e-20, 3.57845861626e-20, 2.35567932812e-19, 2.21511652663e-19, 1.68922469073e-19, 7.28413024366e-19, 3.79344822122e-19, 8.79204689613e-19, 3.05636101906e-18, 1.44096330952e-18, 1.98065378467e-18, 2.15810056967e-18, 3.91741198936e-18, 4.28509418523e-18, 3.59523134462e-18, 8.30746091865e-18, 4.72302717616e-18, 8.71161309414e-18, 7.22005507566e-18, 1.31120559614e-17, 1.03441375783e-17, 1.56928867696e-17, 1.47068593552e-17, 1.79734617687e-17, 2.19322439556e-17, 1.72532207201e-17, 1.22451954949e-17, 1.17788947584e-17, 1.08985247781e-17, 1.10987413639e-17, 8.62332148992e-18, 5.79371197666e-18, 3.12341931054e-18, 1.30071390609e-18, 3.41604422331e-19, 3.42372608163e-20], "var": [0.0427476540208, 7.97311496735, 46.7527542114, 18.6281433105, 5.88606071472, 27.5764541626, 72.8174972534, 95.3547439575, 370.31048584, 646.204956055, 3564.03295898, 5089.50585938, 2999.01000977, 7345.00439453, 3555.58398438, 1906.9876709, 1539.29711914, 3570.84350586, 2522.20654297, 4660.31787109, 1682.86608887, 8016.70947266, 1529.36364746, 2343.45019531, 1351.07495117, 1487.01342773, 1900.4173584, 822.210693359, 1038.20263672, 460.151855469, 237.234237671, 165.731674194, 37.5564537048, 27.0945568085, 7.96308135986, 2.87024927139, 0.372097432613, 0.0380891487002, 0.000852050667163, 1.13692044579e-06]}, "erbbands_crest": {"dmean": 3.01438546181, "dmean2": 4.87112522125, "dvar": 10.918504715, "dvar2": 26.1048736572, "max": 33.782333374, "mean": 8.56764602661, "median": 7.00404500961, "min": 2.01651883125, "var": 25.6061077118}, "erbbands_flatness_db": {"dmean": 0.0221203006804, "dmean2": 0.0320188589394, "dvar": 0.000461144081783, "dvar2": 0.000976818148047, "max": 0.436159700155, "mean": 0.120535105467, "median": 0.114965632558, "min": 0.0307035259902, "var": 0.00201867590658}, "erbbands_kurtosis": {"dmean": 1.40129518509, "dmean2": 2.28687810898, "dvar": 9.40785884857, "dvar2": 22.9265670776, "max": 124.461006165, "mean": 0.465465694666, "median": -0.414064884186, "min": -1.91552495956, "var": 10.9372406006}, "erbbands_skewness": {"dmean": 0.504132807255, "dmean2": 0.761082410812, "dvar": 0.273875594139, "dvar2": 0.614070415497, "max": 7.72181224823, "mean": 0.0221747439355, "median": -0.0280341021717, "min": -5.41511487961, "var": 0.724242329597}, "erbbands_spread": {"dmean": 12.8406639099, "dmean2": 20.0986309052, "dvar": 180.913772583, "dvar2": 430.661102295, "max": 200.616607666, "mean": 49.3849754333, "median": 48.570728302, "min": 0.526303589344, "var": 511.456970215}, "gfcc": {"cov": [[26712.8496094, -980.974121094, -625.457336426, 348.269714355, -470.267608643, 113.444793701, -30.5101146698, -18.3025093079, -289.268768311, -108.924804688, -342.471893311, -163.69758606, -204.704025269], [-980.974121094, 1847.55834961, 241.883178711, 414.084259033, 520.817871094, 132.043716431, 161.315826416, 67.9633102417, 124.390327454, -7.94874668121, -30.9899730682, -80.5954971313, 33.5478858948], [-625.457336426, 241.883178711, 1150.54980469, 291.221466064, 315.853515625, 198.651519775, -15.9302577972, 160.400619507, 116.45375824, 21.218214035, -25.6314945221, 15.6874876022, -30.3514156342], [348.269714355, 414.084259033, 291.221466064, 755.642272949, 332.634002686, 130.644104004, 75.059387207, 34.5959243774, 86.3549957275, -23.2486629486, -50.6265029907, -35.0231132507, -48.0372085571], [-470.267608643, 520.817871094, 315.853515625, 332.634002686, 813.271850586, 205.50958252, 47.5574226379, 120.735099792, 70.6289596558, -3.6520652771, -68.9070663452, -51.8187522888, -6.50830602646], [113.444793701, 132.043716431, 198.651519775, 130.644104004, 205.50958252, 323.830963135, 130.811935425, 54.3812141418, 52.9118270874, 35.5949668884, 2.71474409103, -13.4504384995, -4.31609869003], [-30.5101146698, 161.315826416, -15.9302577972, 75.059387207, 47.5574226379, 130.811935425, 250.988143921, 73.0821990967, 44.4103507996, 30.2231674194, 23.3472728729, -18.0960350037, -8.06089496613], [-18.3025093079, 67.9633102417, 160.400619507, 34.5959243774, 120.735099792, 54.3812141418, 73.0821990967, 231.385971069, 99.6137390137, 27.0395393372, 12.5314702988, 9.94455337524, -3.51390457153], [-289.268768311, 124.390327454, 116.45375824, 86.3549957275, 70.6289596558, 52.9118270874, 44.4103507996, 99.6137390137, 181.084503174, 49.2882041931, 18.6667156219, 9.04943847656, 1.23540508747], [-108.924804688, -7.94874668121, 21.218214035, -23.2486629486, -3.6520652771, 35.5949668884, 30.2231674194, 27.0395393372, 49.2882041931, 124.766357422, 54.4673347473, 11.4932632446, 6.79553079605], [-342.471893311, -30.9899730682, -25.6314945221, -50.6265029907, -68.9070663452, 2.71474409103, 23.3472728729, 12.5314702988, 18.6667156219, 54.4673347473, 121.782577515, 48.1757164001, 18.1294441223], [-163.69758606, -80.5954971313, 15.6874876022, -35.0231132507, -51.8187522888, -13.4504384995, -18.0960350037, 9.94455337524, 9.04943847656, 11.4932632446, 48.1757164001, 110.614616394, 43.2186737061], [-204.704025269, 33.5478858948, -30.3514156342, -48.0372085571, -6.50830602646, -4.31609869003, -8.06089496613, -3.51390457153, 1.23540508747, 6.79553079605, 18.1294441223, 43.2186737061, 98.0700454712]], "icov": [[4.4112894102e-05, 1.36553562697e-05, 4.17204901169e-05, -5.66931230424e-05, 5.77650098421e-05, -7.5117306551e-05, 4.77588910144e-05, -9.19689337024e-05, 9.84796206467e-05, -5.35045255674e-05, 0.000149493775098, -1.44695138715e-06, 4.91755527037e-05], [1.36553562697e-05, 0.000806720345281, -8.76192498254e-05, -0.000218237779336, -0.000422114972025, 0.000298409402603, -0.000528367119841, 0.000290071038762, -0.000394087168388, 0.000245714618359, -0.000248028896749, 0.000660351710394, -0.000686614133883], [4.17204901169e-05, -8.76192498254e-05, 0.00131879805122, -0.000357574957889, 1.72113268491e-05, -0.000878572755028, 0.000935240357649, -0.000896770216059, -2.86828617391e-06, -0.000185098062502, 0.000375791249098, -0.000518437300343, 0.000529138778802], [-5.66931230424e-05, -0.000218237779336, -0.000357574957889, 0.00207155314274, -0.000634949537925, 7.54741340643e-05, -0.000594522920437, 0.000870495452546, -0.000972328649368, 0.00061213754816, 0.000131287801196, -0.000403637473937, 0.0009273015894], [5.77650098421e-05, -0.000422114972025, 1.72113268491e-05, -0.000634949537925, 0.00230253278278, -0.00128395599313, 0.000935566029511, -0.00127569912001, 0.000584353751037, -0.000305259629386, 0.000999539508484, 0.000418210140197, -0.000268516159849], [-7.5117306551e-05, 0.000298409402603, -0.000878572755028, 7.54741340643e-05, -0.00128395599313, 0.0055224057287, -0.00305120763369, 0.00117790396325, -0.000611149240285, -0.000633526244201, -0.000284538517008, 0.000158886861755, -0.000510389509145], [4.77588910144e-05, -0.000528367119841, 0.000935240357649, -0.000594522920437, 0.000935566029511, -0.00305120763369, 0.00682846643031, -0.00247823819518, 0.000485469819978, -0.000417088420363, -0.000845016154926, 0.00097658240702, 0.000427564198617], [-9.19689337024e-05, 0.000290071038762, -0.000896770216059, 0.000870495452546, -0.00127569912001, 0.00117790396325, -0.00247823819518, 0.00742946984246, -0.00357513106428, 0.000555309001356, -0.000513980863616, -0.000708766921889, 0.000301258725813], [9.84796206467e-05, -0.000394087168388, -2.86828617391e-06, -0.000972328649368, 0.000584353751037, -0.000611149240285, 0.000485469819978, -0.00357513106428, 0.00900616310537, -0.00303077534772, 0.000571482349187, -0.000522530812304, 8.08479308034e-06], [-5.35045255674e-05, 0.000245714618359, -0.000185098062502, 0.00061213754816, -0.000305259629386, -0.000633526244201, -0.000417088420363, 0.000555309001356, -0.00303077534772, 0.0116760972887, -0.00529098883271, 0.00150520156603, -0.000471820530947], [0.000149493775098, -0.000248028896749, 0.000375791249098, 0.000131287801196, 0.000999539508484, -0.000284538517008, -0.000845016154926, -0.000513980863616, 0.000571482349187, -0.00529098883271, 0.0138051034883, -0.00542964134365, 0.000743621378206], [-1.44695138715e-06, 0.000660351710394, -0.000518437300343, -0.000403637473937, 0.000418210140197, 0.000158886861755, 0.00097658240702, -0.000708766921889, -0.000522530812304, 0.00150520156603, -0.00542964134365, 0.0144903315231, -0.00597720686346], [4.91755527037e-05, -0.000686614133883, 0.000529138778802, 0.0009273015894, -0.000268516159849, -0.000510389509145, 0.000427564198617, 0.000301258725813, 8.08479308034e-06, -0.000471820530947, 0.000743621378206, -0.00597720686346, 0.0136871803552]], "mean": [-29.8747177124, 31.4811973572, -93.4984512329, 23.1316871643, -48.0342407227, 10.2380743027, -26.7077388763, 17.8966503143, -21.4706840515, 10.1060256958, -15.825428009, 4.52310371399, -8.13971138]}, "hfc": {"dmean": 19.252374649, "dmean2": 29.1657352448, "dvar": 1067.15991211, "dvar2": 2650.41918945, "max": 315.572662354, "mean": 28.6599712372, "median": 16.5816326141, "min": 1.18914637828e-16, "var": 1363.41369629}, "melbands": {"dmean": [0.00117301999126, 0.00151392573025, 0.000314654986141, 0.000115318172902, 0.000108919288323, 6.63051760057e-05, 0.000111528315756, 9.4966715551e-05, 0.000109336695459, 7.81609560363e-05, 6.07026740909e-05, 0.000100143028249, 6.853567902e-05, 5.31868172402e-05, 2.20841357077e-05, 2.46921681537e-05, 2.23941588047e-05, 2.66119932348e-05, 3.28048045048e-05, 2.54675414908e-05, 2.23000224651e-05, 4.36831178376e-05, 2.26037373068e-05, 2.06458462344e-05, 1.91810759134e-05, 1.27824960146e-05, 1.48444623846e-05, 1.16359224194e-05, 1.18212110465e-05, 1.0368274161e-05, 6.49432195132e-06, 6.96762162988e-06, 6.33866511635e-06, 3.29368276653e-06, 2.99229895973e-06, 4.03259764425e-06, 2.58629802374e-06, 1.80632514457e-06, 1.8335324512e-06, 2.53208759204e-06], "dmean2": [0.0020652632229, 0.00259634503163, 0.000562525121495, 0.000192867475562, 0.000171928913915, 0.00010829011444, 0.000184116099263, 0.000149113271618, 0.000169272505445, 0.000119800446555, 9.59032186074e-05, 0.000160807030625, 0.000111570865556, 9.18009318411e-05, 3.48304747604e-05, 3.87946165574e-05, 3.58112229151e-05, 4.41223783127e-05, 5.59780892218e-05, 4.39522773377e-05, 3.87699365092e-05, 7.83790601417e-05, 3.87905165553e-05, 3.65889791283e-05, 3.38715362886e-05, 2.14760384551e-05, 2.53869329754e-05, 1.95032498596e-05, 1.98073903448e-05, 1.75404311449e-05, 1.07426849354e-05, 1.21641751321e-05, 1.09113343569e-05, 5.28131840838e-06, 4.93536708746e-06, 6.68643633617e-06, 4.15426438849e-06, 2.80133349406e-06, 2.70784335044e-06, 3.89114484278e-06], "dvar": [5.66134895053e-06, 1.44864307003e-05, 7.48511070015e-07, 4.45117507297e-08, 3.94592234443e-08, 2.21001652534e-08, 1.01170002154e-07, 5.12019617815e-08, 8.27227424338e-08, 7.58783613719e-08, 4.07753688592e-08, 7.87931995205e-08, 4.76719215214e-08, 2.75928950799e-08, 3.17081161327e-09, 6.17217565946e-09, 5.42819034166e-09, 3.76406328328e-09, 5.75302960826e-09, 3.42914829865e-09, 2.96993718507e-09, 1.51485597399e-08, 2.02408112493e-09, 2.3534940663e-09, 2.216651529e-09, 5.53812995463e-10, 8.8269641596e-10, 4.88058427006e-10, 8.08235645078e-10, 6.3118060778e-10, 1.76786973949e-10, 3.40427352974e-10, 3.98365923582e-10, 6.37902647371e-11, 6.08056174856e-11, 1.30674859822e-10, 4.10260991845e-11, 1.31303848003e-11, 1.06113390644e-11, 2.19820030234e-11], "dvar2": [1.74011074705e-05, 3.95799579564e-05, 2.13229259316e-06, 1.1659875554e-07, 9.279837343e-08, 5.28179064929e-08, 2.72989751693e-07, 1.13187759609e-07, 1.81377188824e-07, 1.44178684991e-07, 9.93704887264e-08, 1.91712075548e-07, 1.18546672923e-07, 7.56968532301e-08, 7.01184221796e-09, 1.41335743109e-08, 1.17081571105e-08, 8.26430657241e-09, 1.49692951368e-08, 9.05316888122e-09, 7.99197152901e-09, 4.19197334622e-08, 5.33170130268e-09, 6.5558261042e-09, 6.18091489102e-09, 1.44298351046e-09, 2.37732344921e-09, 1.26253651977e-09, 2.14526041376e-09, 1.68032365799e-09, 4.43315134602e-10, 9.66563273863e-10, 1.11102060885e-09, 1.59410540324e-10, 1.61501242935e-10, 3.54062196228e-10, 1.09858185049e-10, 3.28251592574e-11, 2.20313663146e-11, 5.27790380844e-11], "max": [0.019745901227, 0.0312265045941, 0.0088903773576, 0.00332218362018, 0.00353184784763, 0.00446788873523, 0.00397286005318, 0.00518327997997, 0.00745003344491, 0.0175067093223, 0.00988384708762, 0.00613933941349, 0.00540135242045, 0.00342637836002, 0.00151651632041, 0.00348047097214, 0.00274750776589, 0.0031136511825, 0.00148551922757, 0.00133173912764, 0.00134047737811, 0.00106061180122, 0.000594162789639, 0.000718766124919, 0.000644188199658, 0.000424004625529, 0.000324493361404, 0.000397067226004, 0.000422588229412, 0.000288614188321, 0.000255093968008, 0.000191833227291, 0.000243716931436, 0.000173366235686, 0.000105657680251, 0.000116081493616, 0.000104839753476, 4.65933953819e-05, 3.96701434511e-05, 3.98198790208e-05], "mean": [0.00150808342732, 0.00179387826938, 0.000295079313219, 0.000156136025907, 0.000176011162694, 9.83428471955e-05, 0.000122837926028, 0.000129776482936, 0.000167747930391, 0.000121570446936, 8.47664341563e-05, 0.000132400746224, 8.21359499241e-05, 5.45589209651e-05, 2.8778138585e-05, 3.57340832124e-05, 2.93601769954e-05, 3.17505073326e-05, 3.64816587535e-05, 2.52157224168e-05, 2.13018793147e-05, 3.3409709431e-05, 2.14065130422e-05, 1.92057432287e-05, 1.84294131031e-05, 1.57052400027e-05, 1.75441346073e-05, 1.43308352563e-05, 1.31199949465e-05, 1.12410216389e-05, 8.0802519733e-06, 7.94176412455e-06, 6.902370842e-06, 4.68602593173e-06, 3.88495300285e-06, 4.46411604571e-06, 3.20178855873e-06, 2.54318183579e-06, 2.63328661276e-06, 2.96560187962e-06], "median": [0.000634584750514, 0.000640055106487, 9.66549341683e-05, 6.78437791066e-05, 7.4299176049e-05, 3.23627937178e-05, 3.64827064914e-05, 3.29665454046e-05, 3.36605953635e-05, 1.95148768398e-05, 1.64635312103e-05, 2.14228239201e-05, 1.15629072752e-05, 1.07895921246e-05, 5.84961026107e-06, 6.25019902145e-06, 5.03293631482e-06, 7.61501178204e-06, 7.20991283742e-06, 4.8882639021e-06, 4.59801640318e-06, 5.08713810632e-06, 5.43889564142e-06, 5.28840610059e-06, 4.49836943517e-06, 5.6509670685e-06, 6.01819465373e-06, 4.93852530781e-06, 3.86144165532e-06, 3.09125516651e-06, 2.25153689826e-06, 1.72291811396e-06, 1.23958739096e-06, 1.00300849226e-06, 9.919126569e-07, 1.00959971405e-06, 9.8514203728e-07, 1.04127968825e-06, 1.05713490939e-06, 1.0263522654e-06], "min": [3.41110200178e-24, 8.14246449151e-24, 6.00141040333e-24, 1.5959568233e-24, 6.61492054553e-24, 5.03309981382e-24, 3.06832537239e-24, 7.68388623667e-24, 2.91360233596e-24, 6.98082894325e-24, 1.52802089129e-23, 5.44403796974e-24, 6.54848977984e-24, 3.58596800978e-24, 8.01086119327e-24, 7.53002680572e-24, 7.30144804754e-24, 4.65373344906e-24, 1.13606533199e-23, 1.1254728233e-23, 4.87545385052e-24, 7.93987081155e-24, 5.15706338862e-24, 8.20725521538e-24, 9.83733214638e-24, 7.08281998082e-24, 8.78281838702e-24, 1.10387917597e-23, 7.43442159717e-24, 1.01133261781e-23, 1.02142033441e-23, 1.20792164633e-23, 1.05858112619e-23, 8.35670018071e-24, 6.47086389461e-24, 7.64679478577e-24, 6.73315265142e-24, 7.284051298e-24, 8.43197802145e-24, 9.8425133848e-24], "var": [5.96911968387e-06, 1.35001564558e-05, 4.84235499698e-07, 6.08491035337e-08, 7.75260957653e-08, 4.28910844619e-08, 9.11190909392e-08, 8.07965463423e-08, 2.23484491357e-07, 1.96895655336e-07, 7.62432108559e-08, 1.25803950368e-07, 6.9003853298e-08, 2.48599754116e-08, 5.88258020073e-09, 1.30243309471e-08, 1.17565805979e-08, 6.3479057566e-09, 8.86689566215e-09, 4.20435330994e-09, 2.69299182953e-09, 9.82356240797e-09, 1.78952574981e-09, 1.77204950713e-09, 1.70217095974e-09, 7.34750982279e-10, 9.07217023727e-10, 5.69158220554e-10, 8.17362844074e-10, 5.48801726286e-10, 2.29698177145e-10, 3.42823353039e-10, 3.34436700555e-10, 9.2635614457e-11, 6.52343526419e-11, 1.16230379488e-10, 4.39267996977e-11, 1.79670618661e-11, 1.76069506197e-11, 2.47679706605e-11]}, "melbands_crest": {"dmean": 4.0332775116, "dmean2": 6.57460784912, "dvar": 14.2766485214, "dvar2": 35.2178459167, "max": 38.0475234985, "mean": 15.6700754166, "median": 15.2803354263, "min": 2.15389275551, "var": 40.5914611816}, "melbands_flatness_db": {"dmean": 0.0435774028301, "dmean2": 0.0644302591681, "dvar": 0.00249358336441, "dvar2": 0.00512819364667, "max": 0.640219867229, "mean": 0.17508906126, "median": 0.156257390976, "min": 0.00609502149746, "var": 0.00888401456177}, "melbands_kurtosis": {"dmean": 15.9683904648, "dmean2": 24.5697250366, "dvar": 1484.01171875, "dvar2": 3370.7331543, "max": 1050.30822754, "mean": 21.9126529694, "median": 6.46850299835, "min": -1.84352874756, "var": 2434.22998047}, "melbands_skewness": {"dmean": 1.22745621204, "dmean2": 1.88802337646, "dvar": 2.51158261299, "dvar2": 5.82896709442, "max": 26.8589344025, "mean": 3.10231256485, "median": 2.34030747414, "min": -2.77514195442, "var": 6.73431348801}, "melbands_spread": {"dmean": 15.6772184372, "dmean2": 25.2252826691, "dvar": 359.202758789, "dvar2": 858.51348877, "max": 269.904754639, "mean": 36.9696044922, "median": 31.6012706757, "min": 0.29615804553, "var": 762.445556641}, "mfcc": {"cov": [[17258.6601562, -287.955688477, -374.197052002, 80.5456466675, -526.325866699, -21.7763404846, 84.0059356689, -74.8765945435, -37.7529411316, -6.39258575439, -139.635299683, -172.621032715, -103.441337585], [-287.955688477, 1491.83947754, 77.6412811279, 265.449066162, 357.480407715, 134.666152954, 138.353317261, 88.1116485596, 164.488204956, 113.90058136, 41.6248893738, 3.53491926193, -16.2773895264], [-374.197052002, 77.6412811279, 849.417175293, 128.666091919, 152.81842041, 76.8875274658, 1.95272028446, 85.7885437012, 47.7909355164, 52.6418418884, 51.2446632385, 20.1104469299, 47.6394462585], [80.5456466675, 265.449066162, 128.666091919, 598.77166748, 319.713317871, 151.195983887, 51.1688919067, 107.105209351, 94.0739059448, 29.8485736847, 35.8398475647, 21.9176673889, -15.6520557404], [-526.325866699, 357.480407715, 152.81842041, 319.713317871, 681.467346191, 183.579742432, 93.1532058716, 120.740707397, 154.145980835, 68.9871749878, 23.8336601257, 12.601149559, 9.5656337738], [-21.7763404846, 134.666152954, 76.8875274658, 151.195983887, 183.579742432, 322.478271484, 117.227531433, 58.3293037415, 66.5359268188, 42.0044403076, 27.9306964874, -9.59644317627, 7.19060134888], [84.0059356689, 138.353317261, 1.95272028446, 51.1688919067, 93.1532058716, 117.227531433, 218.04624939, 73.0707550049, 57.3522605896, 47.0461006165, 32.9772377014, 5.25979042053, 7.1315703392], [-74.8765945435, 88.1116485596, 85.7885437012, 107.105209351, 120.740707397, 58.3293037415, 73.0707550049, 180.782058716, 95.0022964478, 44.6145973206, 36.3919525146, 36.2799835205, 16.4304771423], [-37.7529411316, 164.488204956, 47.7909355164, 94.0739059448, 154.145980835, 66.5359268188, 57.3522605896, 95.0022964478, 175.629440308, 77.9507827759, 37.9961395264, 22.4386920929, 12.3520259857], [-6.39258575439, 113.90058136, 52.6418418884, 29.8485736847, 68.9871749878, 42.0044403076, 47.0461006165, 44.6145973206, 77.9507827759, 144.057189941, 65.7700119019, 18.7665328979, 16.8297939301], [-139.635299683, 41.6248893738, 51.2446632385, 35.8398475647, 23.8336601257, 27.9306964874, 32.9772377014, 36.3919525146, 37.9961395264, 65.7700119019, 111.818870544, 51.2140617371, 18.2322559357], [-172.621032715, 3.53491926193, 20.1104469299, 21.9176673889, 12.601149559, -9.59644317627, 5.25979042053, 36.2799835205, 22.4386920929, 18.7665328979, 51.2140617371, 109.809951782, 46.3989524841], [-103.441337585, -16.2773895264, 47.6394462585, -15.6520557404, 9.5656337738, 7.19060134888, 7.1315703392, 16.4304771423, 12.3520259857, 16.8297939301, 18.2322559357, 46.3989524841, 90.1346664429]], "icov": [[6.28836933174e-05, 1.22484407257e-05, 1.75038094312e-05, -5.73461657041e-05, 7.85612501204e-05, 2.06568006433e-06, -5.19473651366e-05, 1.39308731377e-05, -3.46599736076e-05, -6.09887065366e-05, 9.41066173255e-05, 6.41639053356e-05, 1.23099907796e-05], [1.22484407257e-05, 0.000848702969961, -7.27770020603e-06, -0.000204921641853, -0.000232322068769, 7.59721297072e-05, -0.000364795530913, 0.00025057347375, -0.000403980346164, -0.00037098521716, 0.000152673615958, -2.65241997113e-05, 0.000244768889388], [1.75038094312e-05, -7.27770020603e-06, 0.00136997632217, -0.000140709642437, -0.000155181362061, -0.000172932617716, 0.000439222261775, -0.000608120928518, 0.000283615256194, -0.000190599574125, -0.00051480991533, 0.000540606561117, -0.000800810521469], [-5.73461657041e-05, -0.000204921641853, -0.000140709642437, 0.00260998308659, -0.000917626079172, -0.000697193434462, 0.000505520903971, -0.000786818214692, 6.09013704889e-06, 0.000597692385782, -0.000547772273421, -0.00055422593141, 0.000964881735854], [7.85612501204e-05, -0.000232322068769, -0.000155181362061, -0.000917626079172, 0.00260099349543, -0.000614000833593, -0.000134883419378, -0.000187842786545, -0.00120024592616, -0.000230892837862, 0.000801270478405, 5.11073085363e-05, -0.000192055755178], [2.06568006433e-06, 7.59721297072e-05, -0.000172932617716, -0.000697193434462, -0.000614000833593, 0.00465924991295, -0.00205594324507, 0.000311995594529, -0.000384339073207, 7.61267147027e-05, -0.000651883543469, 0.00131990946829, -0.000723454926629], [-5.19473651366e-05, -0.000364795530913, 0.000439222261775, 0.000505520903971, -0.000134883419378, -0.00205594324507, 0.00683983555064, -0.00223835976794, 0.000221761962166, -0.000552708341274, -0.00104057777207, 0.000646838918328, -0.000274354330031], [1.39308731377e-05, 0.00025057347375, -0.000608120928518, -0.000786818214692, -0.000187842786545, 0.000311995594529, -0.00223835976794, 0.00944310799241, -0.00387627491727, 0.000313523400109, 4.23704696004e-05, -0.00205538677983, 0.000218952205614], [-3.46599736076e-05, -0.000403980346164, 0.000283615256194, 6.09013704889e-06, -0.00120024592616, -0.000384339073207, 0.000221761962166, -0.00387627491727, 0.010967518203, -0.00401165243238, 0.000358423742, -0.000436205562437, -1.63740842254e-05], [-6.09887065366e-05, -0.00037098521716, -0.000190599574125, 0.000597692385782, -0.000230892837862, 7.61267147027e-05, -0.000552708341274, 0.000313523400109, -0.00401165243238, 0.0124624026939, -0.00669719604775, 0.00223517604172, -0.0015005673049], [9.41066173255e-05, 0.000152673615958, -0.00051480991533, -0.000547772273421, 0.000801270478405, -0.000651883543469, -0.00104057777207, 4.23704696004e-05, 0.000358423742, -0.00669719604775, 0.0165043044835, -0.00720671424642, 0.00192686310038], [6.41639053356e-05, -2.65241997113e-05, 0.000540606561117, -0.00055422593141, 5.11073085363e-05, 0.00131990946829, 0.000646838918328, -0.00205538677983, -0.000436205562437, 0.00223517604172, -0.00720671424642, 0.0161323267967, -0.00730466190726], [1.23099907796e-05, 0.000244768889388, -0.000800810521469, 0.000964881735854, -0.000192055755178, -0.000723454926629, -0.000274354330031, 0.000218952205614, -1.63740842254e-05, -0.0015005673049, 0.00192686310038, -0.00730466190726, 0.0154564557597]], "mean": [-678.998535156, 79.1119003296, 7.30004358292, 21.4787216187, 3.24551177025, 0.844265401363, 6.63055849075, 3.94545483589, 7.59947252274, 6.05076503754, 1.72438359261, 1.5674892664, 2.60503125191]}, "pitch_salience": {"dmean": 0.0961448550224, "dmean2": 0.155179098248, "dvar": 0.00970750302076, "dvar2": 0.0244999136776, "max": 0.944438099861, "mean": 0.507095694542, "median": 0.514385938644, "min": 0.0378666482866, "var": 0.0253110863268}, "silence_rate_20dB": {"dmean": 0, "dmean2": 0, "dvar": 0, "dvar2": 0, "max": 1, "mean": 1, "median": 1, "min": 1, "var": 0}, "silence_rate_30dB": {"dmean": 0.000349833833752, "dmean2": 0.000699728843756, "dvar": 0.000349743495462, "dvar2": 0.000874299439602, "max": 1, "mean": 0.999737620354, "median": 1, "min": 0, "var": 0.00026226483169}, "silence_rate_60dB": {"dmean": 0.0566730797291, "dmean2": 0.113356076181, "dvar": 0.0534619055688, "dvar2": 0.117822490633, "max": 1, "mean": 0.161259293556, "median": 0, "min": 0, "var": 0.13525249064}, "spectral_centroid": {"dmean": 447.596130371, "dmean2": 682.152526855, "dvar": 224024.890625, "dvar2": 468898.625, "max": 10898.2890625, "mean": 2037.16381836, "median": 2090.20800781, "min": 135.282073975, "var": 663590}, "spectral_complexity": {"dmean": 6.39233875275, "dmean2": 9.21875286102, "dvar": 63.0160102844, "dvar2": 124.707214355, "max": 63, "mean": 16.1194572449, "median": 13, "min": 0, "var": 168.108566284}, "spectral_contrast_coeffs": {"dmean": [0.0526872947812, 0.0502108372748, 0.043144878, 0.0349666550756, 0.0279017724097, 0.0267795305699], "dmean2": [0.0852146372199, 0.0809832885861, 0.0679927766323, 0.0551073029637, 0.0444861166179, 0.0417506843805], "dvar": [0.00205854838714, 0.00185862637591, 0.00132906413637, 0.000877626356669, 0.000630870228633, 0.000733692431822], "dvar2": [0.00528225768358, 0.00459719402716, 0.00302281836048, 0.00210208864883, 0.00151885894593, 0.00163092534058], "max": [-0.31624931097, -0.307353377342, -0.362152159214, -0.458634495735, -0.549457907677, -0.566414952278], "mean": [-0.679654479027, -0.74393415451, -0.772082269192, -0.790028572083, -0.791861593723, -0.778548777103], "median": [-0.692150056362, -0.751221656799, -0.786415278912, -0.799261510372, -0.795809268951, -0.775898575783], "min": [-0.961827278137, -0.965403318405, -0.972527205944, -0.960032224655, -0.960439622402, -0.961669445038], "var": [0.00895964540541, 0.00697336671874, 0.00712758908048, 0.00427467934787, 0.00267964904197, 0.00273202219978]}, "spectral_contrast_valleys": {"dmean": [0.537798941135, 0.467432826757, 0.485558241606, 0.566434025764, 0.554199278355, 0.542447090149], "dmean2": [0.822100400925, 0.731110155582, 0.722196102142, 0.812574625015, 0.759147286415, 0.6837028265], "dvar": [0.324467986822, 0.261193990707, 0.297488391399, 0.386225730181, 0.449080944061, 0.403807222843], "dvar2": [0.653760135174, 0.539519548416, 0.564870178699, 0.775818586349, 0.919613242149, 0.675078392029], "max": [-5.33691930771, -4.79690790176, -4.9803814888, -5.81460857391, -5.06348562241, -7.4104924202], "mean": [-8.15790557861, -7.58554267883, -7.97974920273, -8.31549930573, -7.78030014038, -9.93058776855], "median": [-7.54431533813, -7.24073696136, -7.62507581711, -8.01955318451, -7.40210819244, -9.4829120636], "min": [-27.0299568176, -26.9727840424, -27.1448326111, -27.4181079865, -27.3182621002, -27.2408542633], "var": [3.41898846626, 2.47259068489, 2.5869781971, 2.52948522568, 2.77187657356, 2.88121438026]}, "spectral_decrease": {"dmean": 2.62344390656e-09, "dmean2": 4.43888126256e-09, "dvar": 1.91758134568e-17, "dvar2": 5.28957186309e-17, "max": 2.91338411729e-11, "mean": -4.50647741346e-09, "median": -3.03335934149e-09, "min": -3.59415501805e-08, "var": 2.53403223779e-17}, "spectral_energy": {"dmean": 0.0112587586045, "dmean2": 0.0187776871026, "dvar": 0.000328450638335, "dvar2": 0.000885419663973, "max": 0.146596774459, "mean": 0.0196080580354, "median": 0.0131023759022, "min": 1.05197857624e-20, "var": 0.000446640886366}, "spectral_energyband_high": {"dmean": 0.0015813712962, "dmean2": 0.00238363491371, "dvar": 1.03581378426e-05, "dvar2": 2.61290151684e-05, "max": 0.0335428342223, "mean": 0.00217625149526, "median": 0.000971102679614, "min": 7.44642608484e-21, "var": 1.26065651784e-05}, "spectral_energyband_low": {"dmean": 0.00669585447758, "dmean2": 0.0118843028322, "dvar": 0.000228808276006, "dvar2": 0.000668895780109, "max": 0.121887631714, "mean": 0.00870290026069, "median": 0.00441701477394, "min": 5.70632380776e-23, "var": 0.000227176715271}, "spectral_energyband_middle_high": {"dmean": 0.00329315429553, "dmean2": 0.00547565985471, "dvar": 3.29520735249e-05, "dvar2": 8.63837121869e-05, "max": 0.0637293308973, "mean": 0.00479285977781, "median": 0.00179947807919, "min": 1.38958466922e-21, "var": 4.7707635531e-05}, "spectral_energyband_middle_low": {"dmean": 0.00231011002325, "dmean2": 0.00366217037663, "dvar": 1.4621236005e-05, "dvar2": 3.45895678038e-05, "max": 0.103332713246, "mean": 0.00425788108259, "median": 0.00248908507638, "min": 2.62947004435e-22, "var": 2.93694702123e-05}, "spectral_entropy": {"dmean": 0.217247113585, "dmean2": 0.306345999241, "dvar": 0.0689621940255, "dvar2": 0.129925727844, "max": 9.79935741425, "mean": 7.91435575485, "median": 7.99745798111, "min": 4.24711751938, "var": 0.220455780625}, "spectral_flux": {"dmean": 0.0308770984411, "dmean2": 0.0476467758417, "dvar": 0.00165360770188, "dvar2": 0.00358120328747, "max": 0.336013793945, "mean": 0.0821243971586, "median": 0.0691297650337, "min": 1.02566004301e-10, "var": 0.00348449801095}, "spectral_kurtosis": {"dmean": 1.32879388332, "dmean2": 2.05594873428, "dvar": 5.66267490387, "dvar2": 13.3708658218, "max": 55.6301040649, "mean": 3.54199528694, "median": 2.80877733231, "min": -1.23856699467, "var": 9.97459316254}, "spectral_rms": {"dmean": 0.00107641075738, "dmean2": 0.00169838510919, "dvar": 1.93550749827e-06, "dvar2": 4.80773496747e-06, "max": 0.0119591485709, "mean": 0.003785304958, "median": 0.00357530498877, "min": 3.20362378119e-12, "var": 4.80138942294e-06}, "spectral_rolloff": {"dmean": 1530.08435059, "dmean2": 2487.7331543, "dvar": 4653555.5, "dvar2": 9774318, "max": 19164.5507812, "mean": 3115.59936523, "median": 2304.05273438, "min": 21.533203125, "var": 9198942}, "spectral_skewness": {"dmean": 0.233825221658, "dmean2": 0.356336414814, "dvar": 0.0917432829738, "dvar2": 0.202257037163, "max": 5.43547201157, "mean": 1.4086805582, "median": 1.35850572586, "min": -0.0470372475684, "var": 0.252234518528}, "spectral_spread": {"dmean": 1151473.25, "dmean2": 1695522.625, "dvar": 1873190584320.0, "dvar2": 3536253878270.0, "max": 53357728, "mean": 6463592.5, "median": 6