{"lowlevel": {"average_loudness": 0.865781188011, "barkbands": {"dmean": [4.09333697462e-05, 0.0026533503551, 0.00152949639596, 0.00121299154125, 0.00127752427943, 0.00101961579639, 0.00066376675386, 0.000542630732525, 0.000521478883456, 0.000306767702568, 0.000367353670299, 0.00025521198404, 0.000210114987567, 0.000293386256089, 0.00028150039725, 0.000253861246165, 0.000323996326188, 0.000190310136531, 7.99504487077e-05, 0.000109744600195, 4.92331346322e-05, 3.58693614544e-05, 6.63164973957e-05, 4.68472244393e-05, 1.73248863575e-05, 8.54923200677e-06, 1.14374711302e-06], "dmean2": [6.6156630055e-05, 0.00445912312716, 0.0026205740869, 0.00194883567747, 0.00201472756453, 0.00153476535343, 0.000960257428233, 0.000774610438384, 0.000732826592866, 0.00044579745736, 0.000563431938644, 0.000405117985792, 0.000318324717227, 0.000437757582404, 0.000431000895333, 0.000398453645175, 0.000501995091327, 0.000295285746688, 0.000129307663883, 0.000163600154337, 7.86685777712e-05, 5.38758504263e-05, 9.76159208221e-05, 7.02306133462e-05, 2.51328292507e-05, 1.22394994833e-05, 1.79412393209e-06], "dvar": [1.02126263002e-08, 5.18452870892e-05, 1.67744947248e-05, 1.82686944754e-05, 5.04921536049e-06, 4.38985352957e-06, 1.8969226403e-06, 1.9191231786e-06, 1.61283287525e-06, 5.93205299992e-07, 6.13264774074e-07, 4.04405909649e-07, 2.36820824284e-07, 8.96239612302e-07, 4.02460528903e-07, 4.63856622446e-07, 4.88091927764e-07, 1.33458556206e-07, 2.25190035508e-08, 4.85264415317e-08, 2.37571491368e-08, 1.86404864877e-08, 4.35253362241e-08, 1.72124305919e-08, 1.81387649345e-09, 6.11976636034e-10, 2.2442636291e-11], "dvar2": [2.33732606603e-08, 0.000137372800964, 4.75165252283e-05, 4.26479273301e-05, 1.27142102428e-05, 9.68872882368e-06, 3.52829783878e-06, 3.56216128239e-06, 2.95816266771e-06, 1.12605221148e-06, 1.45232672821e-06, 1.0076282706e-06, 5.0162759635e-07, 1.86570093774e-06, 8.43521149818e-07, 1.07282801309e-06, 1.08320421077e-06, 2.87817215394e-07, 5.55390755608e-08, 1.11029429206e-07, 6.10383565913e-08, 4.15148413424e-08, 8.86893403163e-08, 3.71043284986e-08, 3.74007047554e-09, 1.25467369827e-09, 4.81180512102e-11], "max": [0.00197663693689, 0.0772981792688, 0.0503775291145, 0.0604586973786, 0.0382697582245, 0.0446360073984, 0.0523721277714, 0.0386299267411, 0.0279294643551, 0.0208254493773, 0.0154232280329, 0.0170311573893, 0.0134100755677, 0.0292053222656, 0.0172434002161, 0.0150221819058, 0.0136869819835, 0.00954100117087, 0.0036967121996, 0.00446014571935, 0.00445966888219, 0.00435267714784, 0.00538818445057, 0.00304496893659, 0.00118653371464, 0.000480527203763, 0.000135347640025], "mean": [9.52464688453e-05, 0.00516182044521, 0.00331458449364, 0.00176826049574, 0.00304339593276, 0.00249141664244, 0.00144154718146, 0.00098834594246, 0.00106594176032, 0.000561439665034, 0.000647206790745, 0.000437325157691, 0.000371986272512, 0.000498023873661, 0.000492316496093, 0.000422510289354, 0.000661568017676, 0.000410163280321, 0.000170402825461, 0.000271544646239, 9.24007981666e-05, 5.65721893508e-05, 0.000107046078483, 8.06390016805e-05, 2.9778926546e-05, 1.04235505205e-05, 1.03171896626e-06], "median": [2.15865038626e-05, 0.00352010712959, 0.00197385577485, 0.000806185184047, 0.00184309924953, 0.000789287034422, 0.000527902971953, 0.000308709277306, 0.000282355060335, 0.000159486095072, 0.000223818366067, 0.000148694467498, 0.000148951454321, 9.66598163359e-05, 0.000175909226527, 0.00010113055032, 0.000185608892934, 0.000143701792695, 7.56392400945e-05, 8.83409084054e-05, 1.80843835551e-05, 9.43237046158e-06, 1.49731095007e-05, 1.71441351995e-05, 5.94169387114e-06, 1.10187818336e-06, 8.69479155341e-09], "min": [5.78501481298e-25, 6.04253175017e-24, 6.43100196421e-24, 3.61564692919e-24, 1.53888524144e-23, 4.01189065748e-23, 2.70289115895e-23, 1.91757823454e-23, 6.78363706723e-23, 5.24902240318e-23, 6.77122292093e-23, 8.26301001089e-23, 7.64063031111e-23, 7.7759508797e-23, 4.31406572049e-23, 1.09254408096e-22, 1.34199250148e-22, 1.91748811507e-22, 2.23214390424e-22, 3.06469255748e-22, 4.30202681955e-22, 3.78816762216e-22, 5.20161148412e-22, 8.29713954153e-22, 1.18076680099e-21, 1.52407583576e-21, 2.27531597704e-21], "var": [2.89404358256e-08, 4.58561662526e-05, 1.82723197213e-05, 1.87416389963e-05, 1.49411534949e-05, 1.99959085876e-05, 9.54594543146e-06, 4.62257776235e-06, 5.22541722603e-06, 1.76204866875e-06, 1.30846342472e-06, 7.99448002908e-07, 5.16706961662e-07, 2.55120744441e-06, 9.72544171418e-07, 8.41367977955e-07, 1.66371683008e-06, 4.37287070554e-07, 6.05209251603e-08, 2.04852213415e-07, 7.15338330792e-08, 3.41414860827e-08, 9.65294262301e-08, 3.68102703874e-08, 4.25928892156e-09, 9.03359498317e-10, 2.59974576589e-11]}, "barkbands_crest": {"dmean": 1.97666013241, "dmean2": 3.15613484383, "dvar": 4.37087583542, "dvar2": 11.0815515518, "max": 23.6841220856, "mean": 9.50071907043, "median": 8.81635475159, "min": 2.30550432205, "var": 13.2868089676}, "barkbands_flatness_db": {"dmean": 0.0191119667143, "dmean2": 0.0275299586356, "dvar": 0.000419222284108, "dvar2": 0.00089259428205, "max": 0.4125649333, "mean": 0.160560905933, "median": 0.149983644485, "min": 0.0220218729228, "var": 0.00386216002516}, "barkbands_kurtosis": {"dmean": 2.373960495, "dmean2": 3.65402007103, "dvar": 19.3409481049, "dvar2": 43.5315475464, "max": 86.3205718994, "mean": 4.84096002579, "median": 1.45157718658, "min": -1.90588259697, "var": 94.9155807495}, "barkbands_skewness": {"dmean": 0.448011398315, "dmean2": 0.663214921951, "dvar": 0.270951360464, "dvar2": 0.592637121677, "max": 7.74957132339, "mean": 1.65608966351, "median": 1.39519000053, "min": -3.43616461754, "var": 1.59262037277}, "barkbands_spread": {"dmean": 4.37296628952, "dmean2": 6.6088514328, "dvar": 35.8165664673, "dvar2": 80.0762557983, "max": 112.002761841, "mean": 20.3038825989, "median": 18.919090271, "min": 0.879868626595, "var": 142.504364014}, "dissonance": {"dmean": 0.0181600227952, "dmean2": 0.0303246900439, "dvar": 0.00032336518052, "dvar2": 0.000872459379025, "max": 0.5, "mean": 0.45691588521, "median": 0.463822036982, "min": 0.300734698772, "var": 0.000808711280115}, "dynamic_complexity": 4.21248483658, "erbbands": {"dmean": [0.0522556900978, 0.689900875092, 1.73066437244, 3.23291754723, 3.12344050407, 5.25987815857, 7.80373191833, 8.48977088928, 8.25136756897, 9.94386768341, 11.8802690506, 12.2257976532, 8.76047611237, 12.9890632629, 11.2727918625, 10.8793039322, 8.80220127106, 15.4067783356, 12.5019493103, 11.4707136154, 16.0832939148, 13.4202327728, 11.6185979843, 5.57779932022, 3.84502100945, 5.5376996994, 1.98015117645, 2.06315279007, 1.274497509, 1.70151889324, 1.91610741615, 1.24361228943, 0.632667839527, 0.255643010139, 0.0944455936551, 0.0389679186046, 0.0141686480492, 0.00392968812957, 0.000126296101371, 1.01437581179e-05], "dmean2": [0.0859583690763, 1.16714537144, 2.9775390625, 5.23883962631, 5.0311498642, 8.13226890564, 11.8691511154, 12.4975090027, 11.7478666306, 14.479590416, 16.8499336243, 17.3709144592, 12.7385349274, 19.9498062134, 17.3444805145, 17.1765079498, 13.3507003784, 23.0320644379, 18.9355049133, 17.59009552, 25.2282428741, 20.2947025299, 17.920173645, 8.96508598328, 5.95524787903, 8.32279491425, 3.05512905121, 3.28112387657, 1.92239069939, 2.60738420486, 2.81020307541, 1.84227705002, 0.95280456543, 0.37238484621, 0.137265637517, 0.0564698539674, 0.0203528460115, 0.00579791469499, 0.000191072555026, 1.46416987263e-05], "dvar": [0.0183351486921, 3.55654168129, 21.5851249695, 114.970352173, 65.1857452393, 94.383644104, 261.810058594, 439.857849121, 408.136657715, 344.539093018, 1284.85253906, 962.010437012, 493.275787354, 1008.88006592, 642.901977539, 725.615478516, 379.950531006, 2410.32006836, 703.372619629, 1025.36572266, 1488.39123535, 807.100830078, 527.684509277, 112.961257935, 57.2840576172, 151.439743042, 23.7152843475, 54.1944618225, 20.3160533905, 38.4496154785, 39.5022201538, 13.2535839081, 2.84698653221, 0.411252737045, 0.0647463127971, 0.0101448874921, 0.0018903039163, 0.00020121911075, 2.60470756075e-07, 3.96849664241e-10], "dvar2": [0.0472766011953, 9.51440906525, 60.4411048889, 279.276367188, 159.887008667, 231.191818237, 626.717346191, 904.762084961, 693.240539551, 751.432067871, 2325.06616211, 1787.49645996, 968.228088379, 2348.8112793, 1435.87805176, 1771.05273438, 835.758911133, 5055.96386719, 1434.68664551, 2276.35180664, 3545.66601563, 1725.91271973, 1098.43408203, 290.486114502, 135.067245483, 354.191040039, 60.4794158936, 138.037185669, 47.3296928406, 81.0430526733, 80.9987564087, 27.39128685, 6.3960814476, 0.832568109035, 0.142923176289, 0.0213548149914, 0.00387220340781, 0.000416806869907, 5.51635139345e-07, 8.28561275146e-10], "max": [1.41607809067, 20.1222381592, 50.6398124695, 154.951919556, 99.85496521, 215.491455078, 390.078155518, 477.018280029, 802.478637695, 323.330810547, 1084.17053223, 878.725708008, 723.866516113, 824.79486084, 695.451782227, 753.692260742, 580.421386719, 1363.49035645, 792.430297852, 988.926330566, 1009.63317871, 646.203186035, 668.448974609, 256.301757813, 242.824829102, 276.908630371, 150.071121216, 222.342300415, 129.078567505, 229.824768066, 186.81048584, 86.1431808472, 38.5436782837, 17.4034061432, 8.05572509766, 1.75100183487, 0.935214400291, 0.322033107281, 0.0148007115349, 0.000305775523884], "mean": [0.130183905363, 1.23917269707, 3.51919460297, 5.55191612244, 5.8986787796, 12.316034317, 17.2135162354, 20.8427448273, 19.4172496796, 21.1805286407, 23.5034103394, 26.1706771851, 17.6995677948, 24.6073913574, 21.6418476105, 19.7733421326, 17.5222568512, 28.3668880463, 23.9483070374, 21.2258548737, 31.77592659, 32.4371795654, 25.3332157135, 12.469575882, 9.37547874451, 13.2517976761, 4.38754796982, 3.8094060421, 2.15013170242, 2.62437319756, 3.02759742737, 2.08264136314, 1.10129201412, 0.466026753187, 0.144178465009, 0.0522987358272, 0.016512548551, 0.00397812156007, 0.000131882814458, 3.23178646795e-05], "median": [0.0850968807936, 0.831978082657, 2.26888751984, 3.43052506447, 3.70550107956, 6.56760215759, 6.8299036026, 5.78204011917, 6.61627960205, 10.5132627487, 6.92662096024, 7.62949466705, 6.52451896667, 7.60747528076, 8.70051002502, 7.4867682457, 8.07484436035, 7.70508956909, 9.40505981445, 8.13196563721, 8.81526756287, 9.52828407288, 9.10991668701, 5.20337247849, 4.73243284225, 3.95263051987, 1.28860616684, 0.559834837914, 0.337740361691, 0.353336513042, 0.436824142933, 0.407605350018, 0.245779827237, 0.105906993151, 0.0240571312606, 0.00738290138543, 0.00167130248155, 0.000132725195726, 1.73854823515e-05, 2.644253982e-05], "min": [2.03117521463e-22, 1.50216160798e-21, 7.20063873622e-21, 1.20703608622e-20, 1.82557226383e-20, 8.03226560613e-20, 1.10353209093e-19, 4.27327346408e-19, 4.54539210417e-19, 4.7162715921e-19, 8.21937218048e-19, 1.37578706072e-18, 2.18858589756e-18, 1.48856569262e-18, 3.23466724472e-18, 3.39254190245e-18, 3.40403020039e-18, 3.05077134607e-18, 3.29611042741e-18, 3.73410214817e-18, 6.63536494121e-18, 8.3013877586e-18, 9.5550660037e-18, 1.06292096599e-17, 1.29070450369e-17, 1.41169935517e-17, 1.62745519045e-17, 1.71341067119e-17, 1.354431987e-17, 1.7891094432e-17, 1.42873646338e-17, 1.61801490899e-17, 1.30402219427e-17, 1.06869998063e-17, 8.66922008775e-18, 5.43209880495e-18, 3.12100663149e-18, 1.00644419638e-18, 2.95031103615e-19, 3.38860935657e-20], "var": [0.0234465207905, 2.93427634239, 19.945104599, 114.772918701, 76.9957809448, 299.088989258, 756.447387695, 2105.53881836, 2208.20874023, 969.526733398, 3095.83398438, 3313.50463867, 1415.89660645, 2617.56689453, 1477.37890625, 1480.59509277, 860.597290039, 6761.42041016, 2008.4588623, 2128.66796875, 3701.55615234, 3721.1003418, 1713.39953613, 331.785522461, 183.392120361, 570.358520508, 63.5131187439, 163.117263794, 41.1520805359, 78.0421905518, 81.6648025513, 29.4879932404, 5.83898258209, 1.02562117577, 0.118027202785, 0.016499446705, 0.00265886541456, 0.00026167780743, 3.12933735813e-07, 8.27317048202e-10]}, "erbbands_crest": {"dmean": 2.30127382278, "dmean2": 3.65585756302, "dvar": 4.88755846024, "dvar2": 11.9117870331, "max": 26.8636436462, "mean": 8.71042442322, "median": 7.94480037689, "min": 2.50283408165, "var": 13.6785831451}, "erbbands_flatness_db": {"dmean": 0.0167743302882, "dmean2": 0.0224282741547, "dvar": 0.000313327269396, "dvar2": 0.000538920168765, "max": 0.319460421801, "mean": 0.168963640928, "median": 0.172446370125, "min": 0.048763666302, "var": 0.00160468788818}, "erbbands_kurtosis": {"dmean": 0.602139234543, "dmean2": 0.944247186184, "dvar": 0.622890174389, "dvar2": 1.43251442909, "max": 14.1210184097, "mean": -0.0284603312612, "median": -0.408245593309, "min": -1.77831506729, "var": 1.82438826561}, "erbbands_skewness": {"dmean": 0.28807464242, "dmean2": 0.436092585325, "dvar": 0.0730588510633, "dvar2": 0.1584174335, "max": 2.64955306053, "mean": 0.134556904435, "median": 0.122705861926, "min": -3.65095305443, "var": 0.423424810171}, "erbbands_spread": {"dmean": 6.74555683136, "dmean2": 10.1722269058, "dvar": 66.005317688, "dvar2": 140.293045044, "max": 134.958175659, "mean": 38.1093292236, "median": 36.4381256104, "min": 6.16072225571, "var": 259.518432617}, "gfcc": {"cov": [[11532.7998047, -1258.90722656, -382.153869629, -20.7997074127, -494.776916504, -95.6504211426, -528.844482422, 220.055877686, -363.709320068, 123.836402893, -311.989440918, 313.673522949, -107.653030396], [-1258.90722656, 1432.10046387, -58.5027008057, -71.5151290894, 395.802337646, -71.6856307983, 339.865692139, -84.9296112061, 169.029052734, -129.18977356, 213.759094238, -210.18687439, 109.000785828], [-382.153869629, -58.5027008057, 655.653930664, 135.442062378, 79.3061904907, 154.821121216, 23.7804107666, 2.56040430069, 50.911075592, 24.8761005402, -26.8801879883, 32.4365959167, -71.5954284668], [-20.7997074127, -71.5151290894, 135.442062378, 340.696777344, 46.1369590759, 17.1451683044, 1.24714148045, -26.8175048828, 52.5023918152, -26.0012054443, 4.60017347336, 19.2728061676, 15.4788732529], [-494.776916504, 395.802337646, 79.3061904907, 46.1369590759, 308.811584473, 17.7401275635, 143.271438599, 0.154986828566, 75.9509963989, -19.1511955261, 49.6992416382, -41.9465751648, 5.80021190643], [-95.6504211426, -71.6856307983, 154.821121216, 17.1451683044, 17.7401275635, 226.208999634, 84.4781188965, -1.98870587349, 43.5955085754, 21.0399436951, -18.2845649719, -16.5655384064, -58.978263855], [-528.844482422, 339.865692139, 23.7804107666, 1.24714148045, 143.271438599, 84.4781188965, 301.522460938, -24.9256877899, 94.9548339844, -5.82523202896, 30.6781768799, -48.0373802185, -26.6018447876], [220.055877686, -84.9296112061, 2.56040430069, -26.8175048828, 0.154986828566, -1.98870587349, -24.9256877899, 143.018280029, -9.17051410675, 9.36558818817, 4.16734409332, -6.38806962967, 10.3528804779], [-363.709320068, 169.029052734, 50.911075592, 52.5023918152, 75.9509963989, 43.5955085754, 94.9548339844, -9.17051410675, 170.428466797, 13.3042678833, 36.9688529968, -31.6066989899, -16.4652004242], [123.836402893, -129.18977356, 24.8761005402, -26.0012054443, -19.1511955261, 21.0399436951, -5.82523202896, 9.36558818817, 13.3042678833, 96.6739959717, -8.50459098816, 28.6037654877, -29.508184433], [-311.989440918, 213.759094238, -26.8801879883, 4.60017347336, 49.6992416382, -18.2845649719, 30.6781768799, 4.16734409332, 36.9688529968, -8.50459098816, 119.71055603, -31.6302108765, 28.166852951], [313.673522949, -210.18687439, 32.4365959167, 19.2728061676, -41.9465751648, -16.5655384064, -48.0373802185, -6.38806962967, -31.6066989899, 28.6037654877, -31.6302108765, 124.648872375, -2.3396987915], [-107.653030396, 109.000785828, -71.5954284668, 15.4788732529, 5.80021190643, -58.978263855, -26.6018447876, 10.3528804779, -16.4652004242, -29.508184433, 28.166852951, -2.3396987915, 104.026420593]], "icov": [[0.00012202191283, -0.000164221492014, 0.000151763975737, -0.000166069934494, 0.000147444065078, -0.000118583426229, 0.00021240998467, -0.000309792347252, 0.000176880988874, -0.000159348361194, 0.000296041718684, -0.000335176329827, 0.000332306895871], [-0.000164221492014, 0.00397866824642, -0.000917503843084, 0.00213102716953, -0.00271343858913, 0.00200238241814, -0.00259675621055, 0.00283875782043, -0.0015211988939, 0.00274008046836, -0.00340759614483, 0.00358604919165, -0.00340764084831], [0.000151763975737, -0.000917503843084, 0.00255162571557, -0.00129316037055, -8.04424998933e-05, -0.00187165802345, 0.00125965138432, -0.00105365039781, 0.000328955356963, -0.000709523970727, 0.00105845334474, -0.00168576720171, 0.00196360470727], [-0.000166069934494, 0.00213102716953, -0.00129316037055, 0.00492004584521, -0.00177251244895, 0.00100934680086, -0.000978779047728, 0.0022927459795, -0.00230293069035, 0.00280532543547, -0.00176359177567, 0.00113540829625, -0.00289996434003], [0.000147444065078, -0.00271343858913, -8.04424998933e-05, -0.00177251244895, 0.00672306818888, -0.000492550083436, -0.000354731892003, -0.00239274627529, 0.000416577706346, -0.00140171544626, 0.00140116305556, -0.00189456215594, 0.0019437862793], [-0.000118583426229, 0.00200238241814, -0.00187165802345, 0.00100934680086, -0.000492550083436, 0.0078055774793, -0.00319033744745, 0.00116917060222, -0.00119028775953, 0.000739460636396, -0.00101455359254, 0.0029831554275, 0.00022464102949], [0.00021240998467, -0.00259675621055, 0.00125965138432, -0.000978779047728, -0.000354731892003, -0.00319033744745, 0.00740118697286, -0.00116980797611, -0.00072530109901, -0.00129556760658, 0.00216752849519, -0.00211995979771, 0.00305652339011], [-0.000309792347252, 0.00283875782043, -0.00105365039781, 0.0022927459795, -0.00239274627529, 0.00116917060222, -0.00116980797611, 0.00980822555721, -0.00110081280582, 0.000978461117484, -0.00279166735709, 0.00360281649046, -0.00390017684549], [0.000176880988874, -0.0015211988939, 0.000328955356963, -0.00230293069035, 0.000416577706346, -0.00119028775953, -0.00072530109901, -0.00110081280582, 0.00938765704632, -0.00317773735151, -0.000468588579679, -6.01422434556e-05, 0.00228206790052], [-0.000159348361194, 0.00274008046836, -0.000709523970727, 0.00280532543547, -0.00140171544626, 0.000739460636396, -0.00129556760658, 0.000978461117484, -0.00317773735151, 0.0152605753392, -0.00298059522174, -0.0011005080305, 0.000735098670702], [0.000296041718684, -0.00340759614483, 0.00105845334474, -0.00176359177567, 0.00140116305556, -0.00101455359254, 0.00216752849519, -0.00279166735709, -0.000468588579679, -0.00298059522174, 0.0138013036922, -0.00139075575862, 0.000358727033017], [-0.000335176329827, 0.00358604919165, -0.00168576720171, 0.00113540829625, -0.00189456215594, 0.0029831554275, -0.00211995979771, 0.00360281649046, -6.01422434556e-05, -0.0011005080305, -0.00139075575862, 0.0141087695956, -0.00416507618502], [0.000332306895871, -0.00340764084831, 0.00196360470727, -0.00289996434003, 0.0019437862793, 0.00022464102949, 0.00305652339011, -0.00390017684549, 0.00228206790052, 0.000735098670702, 0.000358727033017, -0.00416507618502, 0.0168780330569]], "mean": [-34.2736091614, 120.654052734, -122.242286682, 37.9721488953, -49.4505767822, 14.1638317108, -40.6744194031, 12.3048381805, -18.9766330719, -4.40142250061, -5.23098039627, -6.52318334579, -7.18716812134]}, "hfc": {"dmean": 4.0630903244, "dmean2": 5.70519828796, "dvar": 38.3127708435, "dvar2": 77.32787323, "max": 116.548583984, "mean": 16.3890762329, "median": 11.9318027496, "min": 1.17787607552e-16, "var": 242.030410767}, "melbands": {"dmean": [0.000608348462265, 0.000903147680219, 0.000521373702213, 0.000286891794531, 0.000257012899965, 0.000186351215234, 0.00013281313295, 0.000106363346276, 0.000101125515357, 7.75582811912e-05, 4.38810529886e-05, 5.17782609677e-05, 3.90181558032e-05, 3.17911726597e-05, 2.184359073e-05, 2.26383053814e-05, 3.2601536077e-05, 2.00129579753e-05, 2.11607348319e-05, 1.68395636138e-05, 2.29546749324e-05, 1.87848927453e-05, 1.04638393168e-05, 9.43644408835e-06, 4.73641330245e-06, 2.61254626821e-06, 4.01170518671e-06, 3.98436804971e-06, 1.42999670061e-06, 1.21322409541e-06, 1.33185585582e-06, 7.79229651471e-07, 6.82523989326e-07, 1.11795816338e-06, 1.20820561733e-06, 9.58460191214e-07, 7.46441060073e-07, 5.15625117714e-07, 3.03652569755e-07, 2.03537950938e-07], "dmean2": [0.00101072189864, 0.00153558014426, 0.000843322544824, 0.000450541410828, 0.000392182264477, 0.000274643796729, 0.000189491081983, 0.000154618755914, 0.000143726065289, 0.000109579726995, 6.38776473352e-05, 7.91782367742e-05, 6.00473103987e-05, 4.99169800605e-05, 3.37852470693e-05, 3.39776743203e-05, 4.90691345476e-05, 3.04244986182e-05, 3.28696951328e-05, 2.57423653238e-05, 3.62342289009e-05, 2.87026305159e-05, 1.63946551766e-05, 1.45535477714e-05, 7.84599615145e-06, 4.23621895607e-06, 6.10235929344e-06, 6.10940287515e-06, 2.23806796384e-06, 1.95140887627e-06, 2.12057238969e-06, 1.20194204101e-06, 1.03823435893e-06, 1.73845762674e-06, 1.7894432176e-06, 1.44897171594e-06, 1.13648957267e-06, 7.97700067778e-07, 4.5840738494e-07, 3.0180129329e-07], "dvar": [2.71264480034e-06, 5.619811418e-06, 2.82955284092e-06, 2.9239291166e-07, 2.34298141777e-07, 1.81601876648e-07, 8.92013076736e-08, 4.01929796112e-08, 9.48683478441e-08, 3.85932210634e-08, 1.27386305948e-08, 1.61229731788e-08, 7.07520753096e-09, 5.27068833023e-09, 3.52801632353e-09, 2.99150193506e-09, 1.21031424882e-08, 2.14140039034e-09, 2.53232257386e-09, 2.53855647614e-09, 3.29518834441e-09, 1.76307801691e-09, 4.1174685883e-10, 3.93107130181e-10, 8.88983886504e-11, 2.93172500165e-11, 5.8618353227e-11, 8.76747008327e-11, 1.26347239962e-11, 1.27696742069e-11, 2.56685350059e-11, 7.43842487605e-12, 8.54641704628e-12, 1.44701351595e-11, 1.63994044039e-11, 9.67425705517e-12, 4.80764083058e-12, 1.93688771619e-12, 6.78737122929e-13, 2.67263452038e-13], "dvar2": [7.07803337718e-06, 1.52807006089e-05, 6.75971705277e-06, 7.24815095055e-07, 5.64196852793e-07, 3.77346282221e-07, 1.54548501996e-07, 8.64018971924e-08, 1.7714685896e-07, 7.16220966979e-08, 2.49691627374e-08, 3.65608663344e-08, 1.61556368283e-08, 1.28369599395e-08, 8.76836381281e-09, 6.14317796632e-09, 2.55188119525e-08, 4.26659862995e-09, 5.69360203428e-09, 5.58439738896e-09, 7.99049537648e-09, 3.75550568421e-09, 9.3329155515e-10, 8.36459790321e-10, 2.34494867968e-10, 7.46017622677e-11, 1.30330732317e-10, 2.08292980086e-10, 3.08877957933e-11, 3.32007338288e-11, 6.40638167515e-11, 1.8367538393e-11, 1.76071882768e-11, 3.18058704374e-11, 3.42940120746e-11, 2.1208536663e-11, 1.02925818909e-11, 4.59759140481e-12, 1.51269242358e-12, 5.59494182754e-13], "max": [0.0169862695038, 0.0226132236421, 0.0235846955329, 0.0103563573211, 0.0111096315086, 0.00959645397961, 0.0122297769412, 0.00370830995962, 0.00888655800372, 0.00511741358787, 0.00373399839737, 0.00325064128265, 0.00208073435351, 0.0015512756072, 0.00187104672659, 0.00185929832514, 0.00306241889484, 0.00148188928142, 0.00140252092388, 0.00115355418529, 0.00161804771051, 0.0009719550726, 0.000505186850205, 0.000407874234952, 0.000221699971007, 0.000148150589666, 0.000145375190186, 0.000192208011867, 9.90888220258e-05, 0.000100099452538, 0.000140457414091, 7.53328276915e-05, 0.000123761332361, 0.000118841926451, 0.000117595518532, 8.91684394446e-05, 6.59828147036e-05, 2.56428047578e-05, 2.39339406107e-05, 1.13774940473e-05], "mean": [0.00132735271472, 0.00182275415864, 0.000957950658631, 0.000642141851131, 0.000601487059612, 0.000458106136648, 0.000309038005071, 0.000222282673349, 0.000193739819224, 0.000162205920788, 8.23253576527e-05, 9.44023922784e-05, 7.16342619853e-05, 5.70152042201e-05, 3.83738770324e-05, 4.07639890909e-05, 5.5894099205e-05, 3.49968213413e-05, 3.56742311851e-05, 2.66324404947e-05, 4.16429829784e-05, 3.93272457586e-05, 2.26778047363e-05, 1.90427363123e-05, 9.16550197871e-06, 5.40103428648e-06, 8.81881260284e-06, 8.8460619736e-06, 2.81535494651e-06, 2.05823266697e-06, 2.29206148106e-06, 1.22969277072e-06, 9.84782445812e-07, 1.67414680163e-06, 1.83229269624e-06, 1.48872129557e-06, 1.21321829738e-06, 8.35917319364e-07, 5.35541062163e-07, 3.45197946672e-07], "median": [0.000895873876289, 0.00140462815762, 0.00061392353382, 0.000390342902392, 0.000289771240205, 0.000134630943649, 0.000111259309051, 0.000107919739094, 4.84183910885e-05, 4.32177257608e-05, 2.79919058812e-05, 2.61674867943e-05, 2.6606468964e-05, 2.17683609662e-05, 1.52960128617e-05, 1.50509604282e-05, 1.07435007521e-05, 1.20975264508e-05, 1.21363518701e-05, 7.99870758783e-06, 1.05266026367e-05, 1.00814077086e-05, 8.01589703769e-06, 6.36469030724e-06, 3.48588173438e-06, 2.44408465733e-06, 3.62427135769e-06, 2.09284871744e-06, 7.05455136085e-07, 4.41846111698e-07, 2.22212406698e-07, 1.84919684898e-07, 1.49740287725e-07, 1.91740241462e-07, 2.20885368662e-07, 2.65499807028e-07, 2.28057899676e-07, 1.65058452239e-07, 1.27246863713e-07, 6.01088387953e-08], "min": [1.76381547849e-24, 4.2296520816e-24, 2.24735467288e-24, 2.93823865924e-24, 3.81075076928e-24, 9.85992038954e-24, 6.5653686422e-24, 4.40696079739e-24, 7.94422216831e-24, 9.27584698645e-24, 1.07146117373e-23, 5.28184816762e-24, 1.01509374884e-23, 9.79016299741e-24, 8.1607400321e-24, 4.67029597819e-24, 6.14498111593e-24, 5.70213669184e-24, 3.62711736118e-24, 7.1108418979e-24, 7.34487878468e-24, 8.83708176211e-24, 8.35110636803e-24, 8.25717512232e-24, 8.54720141185e-24, 7.69243985547e-24, 1.10234586703e-23, 9.00475414751e-24, 1.03176182756e-23, 8.85974415819e-24, 1.04427079493e-23, 7.04431883548e-24, 8.72299906458e-24, 9.78765757518e-24, 8.00865159388e-24, 9.44627565186e-24, 8.7825422857e-24, 8.66840200133e-24, 9.87941235364e-24, 8.24101846212e-24], "var": [2.71443059319e-06, 4.92589606438e-06, 2.9363629892e-06, 6.94797904544e-07, 7.46420369069e-07, 8.88882027539e-07, 5.02182615492e-07, 1.10357817107e-07, 2.24285514605e-07, 1.36711264531e-07, 3.49280568912e-08, 4.35580140845e-08, 1.55395376567e-08, 1.12389466622e-08, 6.18699891319e-09, 7.23447213247e-09, 3.34717071837e-08, 5.4652589121e-09, 5.45692557807e-09, 3.99433419673e-09, 7.4879356049e-09, 6.70905109246e-09, 1.30915456253e-09, 1.13843456884e-09, 2.15390233427e-10, 6.90531590242e-11, 1.96818672471e-10, 3.094086376e-10, 3.41218026056e-11, 3.03380862099e-11, 7.32572405515e-11, 1.3386927851e-11, 1.48060296662e-11, 2.9192332579e-11, 3.27581434201e-11, 1.76066886765e-11, 1.00628854208e-11, 3.52463717934e-12, 1.37889688816e-12, 6.54376563786e-13]}, "melbands_crest": {"dmean": 2.43413972855, "dmean2": 3.85889363289, "dvar": 6.44025278091, "dvar2": 16.17694664, "max": 29.7932243347, "mean": 13.0847759247, "median": 12.5147266388, "min": 2.0314207077, "var": 18.6123600006}, "melbands_flatness_db": {"dmean": 0.0226116236299, "dmean2": 0.0324272923172, "dvar": 0.000662065227516, "dvar2": 0.00145726453047, "max": 0.536162734032, "mean": 0.225779861212, "median": 0.211813151836, "min": 0.00559050729498, "var": 0.00621026614681}, "melbands_kurtosis": {"dmean": 5.69204568863, "dmean2": 8.83575344086, "dvar": 104.541778564, "dvar2": 251.390533447, "max": 146.420593262, "mean": 13.7503004074, "median": 7.34862804413, "min": -1.63448870182, "var": 346.630187988}, "melbands_skewness": {"dmean": 0.597765207291, "dmean2": 0.896048545837, "dvar": 0.534782707691, "dvar2": 1.20399272442, "max": 9.74622154236, "mean": 2.73531413078, "median": 2.44483757019, "min": -1.0804567337, "var": 2.39231204987}, "melbands_spread": {"dmean": 5.45013332367, "dmean2": 8.10609722137, "dvar": 64.4521484375, "dvar2": 130.758575439, "max": 199.881896973, "mean": 21.0608386993, "median": 18.8094406128, "min": 0.89600533247, "var": 253.540100098}, "mfcc": {"cov": [[9796.62402344, -709.448364258, -491.086700439, -13.4474334717, -159.626846313, -387.15826416, -257.628448486, -58.8377342224, -150.758789063, -96.3822631836, -310.313995361, -38.5646858215, -74.7755508423], [-709.448364258, 1440.85876465, -229.965805054, 61.3155860901, 80.7530670166, 41.6823577881, 193.368011475, 54.6756210327, 24.4636611938, 100.877510071, 111.838119507, -5.54350328445, -5.56971549988], [-491.086700439, -229.965805054, 567.035217285, 21.921377182, 87.8877029419, 136.030029297, -18.8691596985, 42.7947998047, 12.4820575714, 22.463640213, 18.1140975952, 47.9351806641, 12.7752380371], [-13.4474334717, 61.3155860901, 21.921377182, 296.297302246, 83.4901657104, 37.6431999207, -0.809353172779, 29.841375351, 21.9735202789, -29.9734306335, -31.1741905212, 43.8508605957, 29.4380874634], [-159.626846313, 80.7530670166, 87.8877029419, 83.4901657104, 232.199752808, -18.3943729401, 16.7817935944, 15.2957134247, -1.26182889938, 31.3325881958, -18.9190292358, 33.7710571289, 13.3397369385], [-387.15826416, 41.6823577881, 136.030029297, 37.6431999207, -18.3943729401, 313.432678223, 24.2157974243, 69.1619567871, 42.128074646, 21.3614616394, 94.7232208252, 14.8846626282, -4.58155918121], [-257.628448486, 193.368011475, -18.8691596985, -0.809353172779, 16.7817935944, 24.2157974243, 161.766967773, 40.9997024536, 15.6110181808, 34.3786582947, 28.2959022522, -3.11196994781, -2.0250248909], [-58.8377342224, 54.6756210327, 42.7947998047, 29.841375351, 15.2957134247, 69.1619567871, 40.9997024536, 120.718727112, 31.8359775543, 29.4847049713, 20.5098323822, 19.9506130219, 5.02202558517], [-150.758789063, 24.4636611938, 12.4820575714, 21.9735202789, -1.26182889938, 42.128074646, 15.6110181808, 31.8359775543, 106.348884583, 17.0718708038, 24.1796092987, 7.88995265961, 12.7179460526], [-96.3822631836, 100.877510071, 22.463640213, -29.9734306335, 31.3325881958, 21.3614616394, 34.3786582947, 29.4847049713, 17.0718708038, 134.060409546, 46.6734657288, 8.77333259583, -14.1289043427], [-310.313995361, 111.838119507, 18.1140975952, -31.1741905212, -18.9190292358, 94.7232208252, 28.2959022522, 20.5098323822, 24.1796092987, 46.6734657288, 147.444869995, 16.808921814, 4.74800157547], [-38.5646858215, -5.54350328445, 47.9351806641, 43.8508605957, 33.7710571289, 14.8846626282, -3.11196994781, 19.9506130219, 7.88995265961, 8.77333259583, 16.808921814, 96.0081710815, 35.8690605164], [-74.7755508423, -5.56971549988, 12.7752380371, 29.4380874634, 13.3397369385, -4.58155918121, -2.0250248909, 5.02202558517, 12.7179460526, -14.1289043427, 4.74800157547, 35.8690605164, 88.8001937866]], "icov": [[0.000125042832224, 5.16414766025e-05, 0.00011775920575, -2.33090686379e-05, 6.21831059107e-05, 6.19833517703e-05, 0.000140463132993, -0.0001258970442, 0.000115305309009, -6.64428807795e-05, 0.000169691367773, -6.35737669654e-05, 9.30194582907e-05], [5.16414766025e-05, 0.00102388509549, 0.000532161444426, -0.000269381009275, -0.000382899073884, -4.24848476541e-05, -0.000845102593303, -8.53484089021e-05, 0.000165404024301, -0.000382995407563, -0.000565135385841, 0.000175738881808, 3.5934663174e-05], [0.00011775920575, 0.000532161444426, 0.00261955684982, 0.000301991414744, -0.0011026886059, -0.00118462601677, 0.000207945122384, -0.000357099168468, 0.000233776299865, -0.000324222259223, 0.000367414846551, -0.000765288772527, -1.05605149656e-05], [-2.33090686379e-05, -0.000269381009275, 0.000301991414744, 0.00469855032861, -0.00160635495558, -0.00104932312388, 0.000287394213956, -0.000539526576176, -0.000848683062941, 0.00141567515675, 0.00148977001663, -0.001607350423, -0.000496949302033], [6.21831059107e-05, -0.000382899073884, -0.0011026886059, -0.00160635495558, 0.00603708811104, 0.000955720199272, -0.000242009889917, 5.39433167432e-05, 0.000488944700919, -0.00171228172258, 0.000998268136755, -0.00101223366801, -0.000133627370815], [6.19833517703e-05, -4.24848476541e-05, -0.00118462601677, -0.00104932312388, 0.000955720199272, 0.00542099308223, 0.00014011793246, -0.00213317899033, -0.000595622055698, 0.000642808445264, -0.00320397270843, 0.000556104525458, 0.000962037418503], [0.000140463132993, -0.000845102593303, 0.000207945122384, 0.000287394213956, -0.000242009889917, 0.00014011793246, 0.00828517414629, -0.00242627062835, -0.000111006418592, -0.000756179390009, -0.000227925513173, 0.000760238035582, -8.94921613508e-05], [-0.0001258970442, -8.53484089021e-05, -0.000357099168468, -0.000539526576176, 5.39433167432e-05, -0.00213317899033, -0.00242627062835, 0.0116296326742, -0.00211785687134, -0.00168202433269, 0.00102377682924, -0.00164008291904, -6.88986037858e-05], [0.000115305309009, 0.000165404024301, 0.000233776299865, -0.000848683062941, 0.000488944700919, -0.000595622055698, -0.000111006418592, -0.00211785687134, 0.0110801048577, -0.00113568082452, -0.000805926567409, 0.000617887882981, -0.0016058345791], [-6.64428807795e-05, -0.000382995407563, -0.000324222259223, 0.00141567515675, -0.00171228172258, 0.000642808445264, -0.000756179390009, -0.00168202433269, -0.00113568082452, 0.0103469118476, -0.0028228929732, -0.0008783955127, 0.0021803160198], [0.000169691367773, -0.000565135385841, 0.000367414846551, 0.00148977001663, 0.000998268136755, -0.00320397270843, -0.000227925513173, 0.00102377682924, -0.000805926567409, -0.0028228929732, 0.0112326452509, -0.00222679949366, -0.000852493045386], [-6.35737669654e-05, 0.000175738881808, -0.000765288772527, -0.001607350423, -0.00101223366801, 0.000556104525458, 0.000760238035582, -0.00164008291904, 0.000617887882981, -0.0008783955127, -0.00222679949366, 0.014461462386, -0.00505932839587], [9.30194582907e-05, 3.5934663174e-05, -1.05605149656e-05, -0.000496949302033, -0.000133627370815, 0.000962037418503, -8.94921613508e-05, -6.88986037858e-05, -0.0016058345791, 0.0021803160198, -0.000852493045386, -0.00505932839587, 0.014245737344]], "mean": [-671.987548828, 140.797668457, -3.45763707161, 23.9574508667, 16.6640529633, -0.51158207655, 2.12444639206, 6.3186044693, -4.72521209717, 6.31379747391, -5.46292209625, 5.15848350525, 1.13580060005]}, "pitch_salience": {"dmean": 0.0570645406842, "dmean2": 0.0926529169083, "dvar": 0.00336632202379, "dvar2": 0.00901803746819, "max": 0.844715833664, "mean": 0.528468251228, "median": 0.534358561039, "min": 0.147085353732, "var": 0.0115706147626}, "silence_rate_20dB": {"dmean": 0, "dmean2": 0, "dvar": 0, "dvar2": 0, "max": 1, "mean": 1, "median": 1, "min": 1, "var": 0}, "silence_rate_30dB": {"dmean": 0.00555646326393, "dmean2": 0.0111147435382, "dvar": 0.00552548468113, "dvar2": 0.0152406617999, "max": 1, "mean": 0.996568620205, "median": 1, "min": 0, "var": 0.00341953453608}, "silence_rate_60dB": {"dmean": 0.0150351366028, "dmean2": 0.0300751887262, "dvar": 0.0148087628186, "dvar2": 0.0314602591097, "max": 1, "mean": 0.0848039239645, "median": 0, "min": 0, "var": 0.0776137039065}, "spectral_centroid": {"dmean": 195.998901367, "dmean2": 290.693725586, "dvar": 64800.3085938, "dvar2": 129904.140625, "max": 11041.9111328, "mean": 1187.89416504, "median": 1137.85327148, "min": 163.708709717, "var": 358707.78125}, "spectral_complexity": {"dmean": 2.51969265938, "dmean2": 3.9333114624, "dvar": 8.46737957001, "dvar2": 18.4905586243, "max": 49, "mean": 16.4080066681, "median": 16, "min": 0, "var": 79.0316085815}, "spectral_contrast_coeffs": {"dmean": [0.0387507900596, 0.0411250479519, 0.0364212095737, 0.0313637517393, 0.0257142037153, 0.0209864750504], "dmean2": [0.0625386461616, 0.0655212774873, 0.0575717017055, 0.0482774078846, 0.0393598489463, 0.032516669482], "dvar": [0.00123651546892, 0.00119196786545, 0.00087625766173, 0.000698502699379, 0.000477495603263, 0.000351030612364], "dvar2": [0.00323939160444, 0.00297620124184, 0.00211277510971, 0.0016047777608, 0.00101998972241, 0.00079243874643], "max": [-0.352027773857, -0.427070558071, -0.469977855682, -0.527824521065, -0.551884055138, -0.604005217552], "mean": [-0.657628715038, -0.698180675507, -0.746674358845, -0.748774588108, -0.743409454823, -0.771723091602], "median": [-0.660041213036, -0.702302694321, -0.752489447594, -0.752907395363, -0.745227575302, -0.774259924889], "min": [-0.959755122662, -0.964201390743, -0.967035233974, -0.966263711452, -0.960084319115, -0.957997143269], "var": [0.00501517532393, 0.00585955334827, 0.00446651829407, 0.0032781525515, 0.00289440550841, 0.00205399515107]}, "spectral_contrast_valleys": {"dmean": [0.332477867603, 0.318082749844, 0.294153571129, 0.275072515011, 0.283792197704, 0.389544993639], "dmean2": [0.517474353313, 0.507706701756, 0.470496207476, 0.429920822382, 0.41651943326, 0.498653948307], "dvar": [0.14293859899, 0.100793652236, 0.088648699224, 0.0889286324382, 0.115467645228, 0.20692615211], "dvar2": [0.25688919425, 0.198985889554, 0.171852573752, 0.166701212525, 0.209380507469, 0.332807898521], "max": [-5.2467083931, -4.79276847839, -5.57479381561, -5.86420917511, -5.86395263672, -7.91420555115], "mean": [-7.14010429382, -7.06053590775, -7.71794891357, -8.1444311142, -8.22992897034, -10.975774765], "median": [-6.85562610626, -6.89739131927, -7.51983165741, -7.9258480072, -8.06169319153, -10.8737735748], "min": [-27.4202842712, -27.3535194397, -27.5082206726, -27.0893611908, -27.2894363403, -27.266500473], "var": [1.22367298603, 1.15242564678, 1.15774822235, 1.17083966732, 1.55272650719, 2.04980039597]}, "spectral_decrease": {"dmean": 1.7469431457e-09, "dmean2": 2.65068123007e-09, "dvar": 1.07987717593e-17, "dvar2": 2.47838233859e-17, "max": 8.83772056957e-29, "mean": -6.14863671089e-09, "median": -5.43997469293e-09, "min": -4.26927293518e-08, "var": 2.14419740065e-17}, "spectral_energy": {"dmean": 0.00685933232307, "dmean2": 0.010347452946, "dvar": 0.000160549388966, "dvar2": 0.000365101645002, "max": 0.167185753584, "mean": 0.0246929824352, "median": 0.0216132476926, "min": 1.03501200328e-20, "var": 0.000342816900229}, "spectral_energyband_high": {"dmean": 0.000238839740632, "dmean2": 0.000347621215042, "dvar": 3.33875561864e-07, "dvar2": 7.04394381046e-07, "max": 0.0149282123893, "mean": 0.000507165445015, "median": 0.000133415174787, "min": 7.68275740196e-21, "var": 9.68730887507e-07}, "spectral_energyband_low": {"dmean": 0.00431262794882, "dmean2": 0.00700971810147, "dvar": 0.000119308147987, "dvar2": 0.000301967316773, "max": 0.114977121353, "mean": 0.00963664334267, "median": 0.0074238460511, "min": 2.66342476341e-23, "var": 0.000121879049402}, "spectral_energyband_middle_high": {"dmean": 0.00133104098495, "dmean2": 0.00192531291395, "dvar": 3.84865415981e-06, "dvar2": 8.05992931419e-06, "max": 0.0415783375502, "mean": 0.00471354741603, "median": 0.00304196216166, "min": 1.295318896e-21, "var": 2.54051374213e-05}, "spectral_energyband_middle_low": {"dmean": 0.00353535427712, "dmean2": 0.00524720270187, "dvar": 3.63719591405e-05, "dvar2": 7.9381170508e-05, "max": 0.0849506929517, "mean": 0.0110271750018, "median": 0.00843404047191, "min": 2.47305950034e-22, "var": 0.000108879859908}, "spectral_entropy": {"dmean": 0.159998044372, "dmean2": 0.223604738712, "dvar": 0.0350165255368, "dvar2": 0.0690058171749, "max": 9.80059528351, "mean": 7.27131032944, "median": 7.28169059753, "min": 5.61574649811, "var": 0.223517760634}, "spectral_flux": {"dmean": 0.0211391877383, "dmean2": 0.0324866883457, "dvar": 0.000790051359218, "dvar2": 0.00165030616336, "max": 0.323506265879, "mean": 0.0674488469958, "median": 0.0574145466089, "min": 6.72961963932e-11, "var": 0.00227765995078}, "spectral_kurtosis": {"dmean": 2.29767751694, "dmean2": 3.90004134178, "dvar": 7.7918586731, "dvar2": 21.9035015106, "max": 57.199131012, "mean": 6.22449111938, "median": 5.33354711533, "min": -1.32913959026, "var": 19.485326767}, "spectral_rms": {"dmean": 0.000596859317739, "dmean2": 0.000869988172781, "dvar": 7.9454173374e-07, "dvar2": 1.69061274846e-06, "max": 0.0127713764086, "mean": 0.00453585246578, "median": 0.00459195999429, "min": 3.17768446105e-12, "var": 3.51672156285e-06}, "spectral_rolloff": {"dmean": 372.012420654, "dmean2": 613.583007813, "dvar": 560566.3125, "dvar2": 1200350.25, "max": 19186.0839844, "mean": 1271.9954834, "median": 1033.59375, "min": 86.1328125, "var": 1453884.875}, "spectral_skewness": {"dmean": 0.258358806372, "dmean2": 0.422023177147, "dvar": 0.07000669837, "dvar2": 0.179789870977, "max": 6.08078527451, "mean": 1.75731098652, "median": 1.69852375984, "min": -0.273210644722, "var": 0.317149221897}, "spectral_spread": {"dmean": 511405.71875, "dmean2": 711235.0625, "dvar": 613106647040, "dvar2": 1053139337220.0, "max": 41619216, "