{"lowlevel": {"average_loudness": 0.930731236935, "barkbands": {"dmean": [8.04804658401e-05, 0.00223485636525, 0.00161542242859, 0.00222727912478, 0.0015714855399, 0.00093137746444, 0.00042425468564, 0.000800977053586, 0.000885217334144, 0.000697025156114, 0.000327859394019, 0.000465488759801, 0.000324911088683, 0.000294049852528, 0.000446455727797, 0.000379557255656, 0.000552421668544, 0.00023846141994, 0.000282548367977, 0.000109111715574, 0.0001682901202, 0.000188957361388, 0.000139732685057, 5.68239411223e-05, 5.44057329535e-05, 1.11902809294e-05, 1.92502781715e-07], "dmean2": [0.000111290508357, 0.00343944318593, 0.00291386223398, 0.00383214675821, 0.0025005324278, 0.00146764190868, 0.000682668469381, 0.00119304819964, 0.0013955947943, 0.00105711491778, 0.000495001208037, 0.000737452064641, 0.000495567626785, 0.000447439029813, 0.000705250888132, 0.000603437249083, 0.000875859113876, 0.000376426818548, 0.000461863761302, 0.000173204112798, 0.000265267677605, 0.000291646661935, 0.000214583458728, 8.33963713376e-05, 7.84293588367e-05, 1.66081536008e-05, 3.37822143592e-07], "dvar": [2.90994801588e-08, 2.37396579905e-05, 1.57389895321e-05, 1.94648600882e-05, 1.04512118924e-05, 2.13193834497e-06, 7.54433187922e-07, 3.71066516891e-06, 6.75696628605e-06, 2.12989698412e-06, 7.76562671945e-07, 1.25752990243e-06, 6.84639644533e-07, 7.35657067708e-07, 8.38649896195e-07, 6.00125019901e-07, 9.28076815399e-07, 1.72753559013e-07, 3.34151764037e-07, 3.33121796814e-08, 8.18606764597e-08, 1.03886428349e-07, 1.21871210013e-07, 1.49134642413e-08, 4.14057303999e-08, 1.01432007238e-09, 7.33977060987e-13], "dvar2": [5.28592600801e-08, 5.49139404029e-05, 4.44796824013e-05, 5.15858664585e-05, 2.67181203526e-05, 5.66104972677e-06, 1.85028079613e-06, 8.19443175715e-06, 1.78366481123e-05, 4.92783419759e-06, 1.71668284565e-06, 3.11664848596e-06, 1.52545260335e-06, 1.61008028954e-06, 2.04133380066e-06, 1.51484050548e-06, 2.35901961787e-06, 4.09496863085e-07, 9.34439867706e-07, 8.13812235378e-08, 1.97375214839e-07, 2.47281377597e-07, 3.00092409589e-07, 3.25735065587e-08, 8.74881251889e-08, 2.28276308967e-09, 1.96703677652e-12], "max": [0.00136908877175, 0.0443427488208, 0.0364630520344, 0.0402703098953, 0.0561511330307, 0.0281048137695, 0.0159006752074, 0.0646227225661, 0.0638869404793, 0.0377698354423, 0.0266103297472, 0.0351319722831, 0.0276689548045, 0.0330206155777, 0.0225165132433, 0.0238962136209, 0.0205207634717, 0.0116251809523, 0.0191499460489, 0.00341526791453, 0.00557072367519, 0.00703669153154, 0.00812708307058, 0.00338945584372, 0.00687122065574, 0.000439735042164, 2.33615683101e-05], "mean": [8.19962224341e-05, 0.00271524512209, 0.00178271776531, 0.00255889305845, 0.00299854832701, 0.00210767122917, 0.000663932296447, 0.00156863487791, 0.00146579823922, 0.00139006378595, 0.000572849821765, 0.000992413726635, 0.000567895534914, 0.000496317981742, 0.00077997270273, 0.000737704278436, 0.0011722346535, 0.000508813653141, 0.000625190383289, 0.000244858412771, 0.000400760211051, 0.00044399392209, 0.000244979717536, 0.000100287492387, 8.05391391623e-05, 1.37788620123e-05, 1.51670164428e-07], "median": [2.14458373193e-06, 0.000470462924568, 0.000836853985675, 0.00118681625463, 0.00196780543774, 0.00134955940302, 0.000280904554529, 0.000337658508215, 0.000252108147833, 0.000397896918003, 0.0001228050387, 0.000231856538448, 0.000158749127877, 0.000103697777377, 0.000298622413538, 0.000292078271741, 0.000576411490329, 0.000246906303801, 0.000293195043923, 0.000135571855935, 0.000231767291552, 0.000245217088377, 8.01648493507e-05, 2.50701868936e-05, 9.34761465032e-06, 1.00943873349e-06, 2.92723756345e-09], "min": [1.86890922927e-25, 6.40271814531e-24, 7.51168736739e-25, 1.47434316653e-24, 5.10190505084e-24, 8.12675748203e-24, 5.59625459785e-24, 4.78928539055e-24, 1.67658533007e-23, 2.00772389454e-23, 1.40573340925e-23, 2.42995790752e-23, 1.90470449788e-23, 3.39863429183e-23, 3.30634135246e-23, 5.69946071788e-23, 7.00721286954e-23, 8.42424686903e-23, 1.24182774001e-22, 1.66930843532e-22, 2.99096069478e-22, 3.35532431352e-22, 4.06849420422e-22, 5.9918718917e-22, 8.45759157773e-22, 1.30891204225e-21, 2.08816394007e-21], "var": [4.01148305684e-08, 2.97549577226e-05, 1.07700570879e-05, 1.63374752447e-05, 1.40804804687e-05, 5.67733832213e-06, 1.32261607177e-06, 1.25040778585e-05, 1.55689867825e-05, 6.84087763148e-06, 2.33449395637e-06, 4.66468236482e-06, 1.73790328972e-06, 1.8169237137e-06, 2.26673273573e-06, 1.78347193014e-06, 2.94849814964e-06, 5.83993198688e-07, 9.60721308729e-07, 1.05683618301e-07, 2.51430009257e-07, 3.72590250208e-07, 2.16610686721e-07, 3.61874477051e-08, 7.7055297254e-08, 1.41492817463e-09, 5.4214949587e-13]}, "barkbands_crest": {"dmean": 2.19132041931, "dmean2": 3.49945640564, "dvar": 3.8522143364, "dvar2": 9.69079971313, "max": 24.8533420563, "mean": 8.25549125671, "median": 7.70863962173, "min": 2.34033346176, "var": 10.0012073517}, "barkbands_flatness_db": {"dmean": 0.0180084556341, "dmean2": 0.0271877795458, "dvar": 0.000305438588839, "dvar2": 0.000672571768519, "max": 0.396388798952, "mean": 0.138912960887, "median": 0.135094687343, "min": 0.0144125688821, "var": 0.00176144950092}, "barkbands_kurtosis": {"dmean": 1.62513005733, "dmean2": 2.61086583138, "dvar": 16.4239826202, "dvar2": 40.1785774231, "max": 201.780822754, "mean": 1.29899811745, "median": -0.219486951828, "min": -1.89112448692, "var": 28.3550109863}, "barkbands_skewness": {"dmean": 0.45943492651, "dmean2": 0.69936299324, "dvar": 0.25889134407, "dvar2": 0.592067360878, "max": 10.6059627533, "mean": 0.897262096405, "median": 0.759882628918, "min": -3.08980846405, "var": 1.03645324707}, "barkbands_spread": {"dmean": 5.56921005249, "dmean2": 8.38608646393, "dvar": 37.1908988953, "dvar2": 83.4340591431, "max": 131.755157471, "mean": 28.2191886902, "median": 27.2812957764, "min": 0.615405499935, "var": 174.96446228}, "dissonance": {"dmean": 0.017508931458, "dmean2": 0.0294054094702, "dvar": 0.000304604298435, "dvar2": 0.000818250118755, "max": 0.5, "mean": 0.46548011899, "median": 0.472377359867, "min": 0.207240462303, "var": 0.00077061803313}, "dynamic_complexity": 3.31847214699, "erbbands": {"dmean": [0.0628993064165, 0.571347236633, 1.68667793274, 4.78704690933, 7.3299164772, 4.26207256317, 7.97190284729, 7.63637733459, 6.39332818985, 6.34612703323, 20.3188858032, 23.550786972, 14.605175972, 21.0508975983, 15.8221855164, 20.3619747162, 14.3021364212, 13.568977356, 26.1554355621, 15.0143184662, 20.4953632355, 23.539855957, 13.5997428894, 13.6130695343, 12.5509309769, 5.44462394714, 5.19192171097, 8.38896179199, 6.58717632294, 4.84501457214, 3.53118896484, 1.52238762379, 0.833012700081, 0.471752673388, 0.521378517151, 0.0939873754978, 0.0156028084457, 0.0014320705086, 3.84929007851e-05, 1.06195157059e-05], "dmean2": [0.0828361734748, 0.936517477036, 3.00254821777, 8.42017173767, 11.9010915756, 6.95199775696, 11.8846635818, 12.4619264603, 10.2827243805, 9.82309150696, 30.2827339172, 37.1897697449, 22.878818512, 31.0887832642, 23.7273159027, 32.3150863647, 21.8635425568, 20.4620342255, 41.0299377441, 23.6406974792, 32.2608604431, 37.1658706665, 21.5372562408, 21.7759113312, 20.5388584137, 8.60681247711, 8.07972717285, 13.3472642899, 10.2047796249, 7.35853338242, 5.38807630539, 2.23927497864, 1.20919966698, 0.670472860336, 0.782399952412, 0.137318447232, 0.0230823624879, 0.00223569083028, 5.77350801905e-05, 1.52684715431e-05], "dvar": [0.0160690750927, 1.73536765575, 17.0113830566, 96.0155487061, 245.89100647, 75.9119033813, 171.917175293, 182.036346436, 152.268798828, 279.405914307, 2441.83129883, 5333.95605469, 1496.8951416, 2182.90063477, 1586.08435059, 2686.29443359, 1249.51196289, 1463.88977051, 2866.28833008, 910.637023926, 1346.65039062, 1794.63269043, 501.215484619, 911.901733398, 593.138305664, 89.1017456055, 96.7398452759, 212.257659912, 121.003684998, 105.713020325, 76.9256744385, 11.1343393326, 3.40383887291, 1.53466308117, 6.17703819275, 0.0810628905892, 0.00206515938044, 2.16995140363e-05, 1.34328281831e-08, 2.17121987056e-10], "dvar2": [0.0255513750017, 4.43709754944, 46.7174873352, 267.158538818, 584.127441406, 204.426803589, 398.866607666, 509.631134033, 368.13269043, 611.883422852, 5442.62988281, 14318.4970703, 3515.58959961, 4898.61914062, 3424.62548828, 6687.53222656, 2810.09448242, 3031.26245117, 6941.51074219, 2218.7512207, 3401.29833984, 4616.75146484, 1241.78234863, 2447.19970703, 1598.84558105, 218.206604004, 238.005874634, 534.956298828, 289.984069824, 253.221496582, 180.694549561, 24.7983779907, 7.30979442596, 3.24979996681, 13.4600887299, 0.180879101157, 0.00463609350845, 5.24977513123e-05, 3.19106661095e-08, 4.47748338406e-10], "max": [1.50998914242, 12.0247993469, 30.2494487762, 76.806060791, 225.860427856, 135.926498413, 301.452758789, 287.016357422, 244.682891846, 424.977233887, 1739.33459473, 1945.89306641, 1579.48999023, 1304.63452148, 1201.24353027, 1861.77612305, 1226.60705566, 1974.07751465, 1384.39868164, 874.889160156, 802.427429199, 1071.6036377, 532.448791504, 959.132568359, 724.178283691, 197.007415771, 370.726776123, 295.914154053, 267.511230469, 199.702011108, 286.19543457, 95.7490921021, 41.4043807983, 35.512752533, 92.4896469116, 6.52623510361, 0.717726767063, 0.0896772816777, 0.00246563740075, 0.00023612822406], "mean": [0.0812375843525, 0.601519167423, 1.83417272568, 5.83614778519, 9.67255401611, 8.83570289612, 18.1327171326, 14.9122009277, 10.9123945236, 11.6850414276, 40.842300415, 40.7628555298, 29.1448135376, 42.7940483093, 33.0116233826, 43.1809120178, 27.9919986725, 26.6334228516, 47.5665931702, 32.0245361328, 45.7652244568, 53.7042198181, 33.0487670898, 30.0241260529, 27.2701396942, 12.7401247025, 12.3967580795, 20.1894741058, 15.8161249161, 9.73883152008, 6.22826814651, 2.64826726913, 1.4614559412, 0.769918262959, 0.707666933537, 0.123402170837, 0.0192350950092, 0.00154146784917, 5.79682200623e-05, 3.52797433152e-05], "median": [0.00915118679404, 0.133253633976, 0.762616932392, 3.17573046684, 4.85024166107, 5.54819202423, 10.0114011765, 9.04231262207, 5.38820505142, 4.26412582397, 9.35356616974, 7.96718549728, 9.35128974915, 13.3429040909, 8.92820930481, 11.7185134888, 9.80169200897, 8.46359539032, 18.618812561, 15.1012525558, 22.5299396515, 29.1451530457, 18.9748249054, 14.8871173859, 13.9802093506, 7.60245943069, 7.48902511597, 10.9767570496, 9.00479412079, 3.94124436378, 2.09081530571, 0.744075238705, 0.330183804035, 0.141747102141, 0.0464347302914, 0.0103748412803, 0.00140114233363, 9.41176549532e-05, 2.20781857934e-05, 3.28812966472e-05], "min": [7.81608812256e-23, 2.11030503162e-22, 1.18779309041e-21, 3.42314923625e-21, 9.9036824167e-21, 2.06978893863e-20, 2.43857416692e-20, 6.52993306903e-20, 1.45843315727e-19, 1.46910107298e-19, 2.35043293509e-19, 3.67705848066e-19, 3.45721920625e-19, 4.86334533898e-19, 1.27653210806e-18, 1.34144593381e-18, 1.19066920951e-18, 2.1209245914e-18, 2.48250943218e-18, 2.8931795841e-18, 3.56518979913e-18, 4.10011385279e-18, 5.02564996249e-18, 5.4869177185e-18, 6.96357118312e-18, 7.30385343479e-18, 9.2568194164e-18, 9.72643301121e-18, 9.96990535271e-18, 1.03291912518e-17, 1.08811432319e-17, 9.90433226401e-18, 9.90873451923e-18, 7.24511368513e-18, 6.59454936825e-18, 4.30468968035e-18, 2.14655312832e-18, 9.722721245e-19, 2.47021592562e-19, 2.82200614661e-20], "var": [0.0282895714045, 1.64944398403, 12.2822179794, 73.0005645752, 264.452056885, 141.048965454, 599.622192383, 381.918457031, 282.83416748, 797.433288574, 8590.05078125, 12129.7158203, 4380.35253906, 7343.81005859, 5520.98242188, 9533.68359375, 3360.31616211, 4427.95849609, 8164.98632812, 2603.54150391, 4578, 5642.03076172, 1895.95837402, 2478.00292969, 1718.85510254, 267.006591797, 288.50668335, 726.777709961, 426.572601318, 227.339492798, 151.211349487, 25.2855072021, 8.24481773376, 3.13805747032, 10.4903001785, 0.122181139886, 0.00280002271757, 2.2873033231e-05, 1.60619695322e-08, 5.98305294197e-10]}, "erbbands_crest": {"dmean": 2.53459262848, "dmean2": 4.07593297958, "dvar": 5.59586334229, "dvar2": 13.7229833603, "max": 29.2150611877, "mean": 9.60467338562, "median": 8.58582019806, "min": 2.48762583733, "var": 19.2496032715}, "erbbands_flatness_db": {"dmean": 0.0176040790975, "dmean2": 0.0236710701138, "dvar": 0.000315959361615, "dvar2": 0.000531037629116, "max": 0.342768102884, "mean": 0.177618637681, "median": 0.178104698658, "min": 0.0307113602757, "var": 0.00176719063893}, "erbbands_kurtosis": {"dmean": 0.681690454483, "dmean2": 1.07801198959, "dvar": 0.956295251846, "dvar2": 2.19032454491, "max": 25.3604850769, "mean": 0.115809604526, "median": -0.330921411514, "min": -1.79781901836, "var": 2.8508541584}, "erbbands_skewness": {"dmean": 0.315949678421, "dmean2": 0.489981859922, "dvar": 0.0857283473015, "dvar2": 0.198955193162, "max": 3.92795372009, "mean": -0.0314703658223, "median": -0.0643707960844, "min": -3.27919864655, "var": 0.4911904037}, "erbbands_spread": {"dmean": 7.8413233757, "dmean2": 11.7749347687, "dvar": 75.3137512207, "dvar2": 161.107955933, "max": 134.50579834, "mean": 38.4507331848, "median": 35.458896637, "min": 4.00264930725, "var": 297.584899902}, "gfcc": {"cov": [[18776.1289062, 496.103271484, -1558.46118164, 726.321228027, -1021.2734375, 311.633483887, -599.034057617, 181.079147339, -77.7734985352, -63.4424324036, -423.835418701, -207.417266846, -20.3291301727], [496.103271484, 1583.3269043, -177.079910278, 31.926027298, 363.175750732, -236.841491699, 251.128173828, -108.413032532, 207.530014038, -93.3399810791, 125.003837585, -103.900253296, 106.481063843], [-1558.46118164, -177.079910278, 968.740234375, 1.68526506424, 68.4452667236, 190.072967529, -95.451713562, 120.499526978, 26.0580062866, 94.0857849121, 14.0999622345, -26.0746078491, -58.1348953247], [726.321228027, 31.926027298, 1.68526506424, 392.159423828, 62.6091690063, 10.1490268707, 22.1542663574, -11.1005887985, 47.1924705505, -7.60064983368, 7.71560573578, 12.7876157761, 30.6450862885], [-1021.2734375, 363.175750732, 68.4452667236, 62.6091690063, 421.574127197, -58.3836975098, 128.059371948, -31.9335460663, 55.7670288086, 18.7785148621, 54.09765625, 42.7115364075, 31.1922874451], [311.633483887, -236.841491699, 190.072967529, 10.1490268707, -58.3836975098, 306.342987061, -24.3721084595, 60.4762001038, -14.7683906555, 54.9894752502, 22.0387821198, -22.9067974091, -26.6272964478], [-599.034057617, 251.128173828, -95.451713562, 22.1542663574, 128.059371948, -24.3721084595, 270.423065186, -19.7208213806, 26.7710056305, -34.1282577515, 49.5838127136, 30.8457641602, 30.0015678406], [181.079147339, -108.413032532, 120.499526978, -11.1005887985, -31.9335460663, 60.4762001038, -19.7208213806, 179.519958496, 64.2054595947, 27.5667877197, -27.1021633148, -18.9982719421, -1.61192440987], [-77.7734985352, 207.530014038, 26.0580062866, 47.1924705505, 55.7670288086, -14.7683906555, 26.7710056305, 64.2054595947, 221.996871948, 25.2111320496, 5.54532766342, -72.6199035645, 44.9184608459], [-63.4424324036, -93.3399810791, 94.0857849121, -7.60064983368, 18.7785148621, 54.9894752502, -34.1282577515, 27.5667877197, 25.2111320496, 129.828994751, 31.7506599426, -4.29438495636, -27.5749874115], [-423.835418701, 125.003837585, 14.0999622345, 7.71560573578, 54.09765625, 22.0387821198, 49.5838127136, -27.1021633148, 5.54532766342, 31.7506599426, 139.038986206, 25.9934387207, 4.55764818192], [-207.417266846, -103.900253296, -26.0746078491, 12.7876157761, 42.7115364075, -22.9067974091, 30.8457641602, -18.9982719421, -72.6199035645, -4.29438495636, 25.9934387207, 157.742721558, 14.5860328674], [-20.3291301727, 106.481063843, -58.1348953247, 30.6450862885, 31.1922874451, -26.6272964478, 30.0015678406, -1.61192440987, 44.9184608459, -27.5749874115, 4.55764818192, 14.5860328674, 106.531402588]], "icov": [[0.000193355386727, -0.000484867399791, 0.000429992447607, -0.000501974427607, 0.00050745200133, -0.000561563647352, 0.000534411985427, -0.000452400039649, 0.000360727281077, -0.000415896211052, 0.000756080204155, -0.000320185354212, 0.000206035547308], [-0.000484867399791, 0.00262863351963, -0.00105611747131, 0.00142318627331, -0.0021273039747, 0.00212671956979, -0.00183725787792, 0.00159184262156, -0.00162385194562, 0.00203532748856, -0.00312795070931, 0.00215166597627, -0.000958964927122], [0.000429992447607, -0.00105611747131, 0.00237156404182, -0.00110840215348, 0.00053054431919, -0.00193935062271, 0.0017771164421, -0.00173800124321, 0.000800905108918, -0.00108861702029, 0.00151214934886, -0.0006317589432, 0.000986171420664], [-0.000501974427607, 0.00142318627331, -0.00110840215348, 0.00408863509074, -0.00173198617995, 0.0011180677684, -0.00132607505657, 0.00170611136127, -0.0018681131769, 0.00155087653548, -0.00195564795285, 0.000446653924882, -0.000901836436242], [0.00050745200133, -0.0021273039747, 0.00053054431919, -0.00173198617995, 0.00529252598062, -0.00112211715896, 0.000179593029316, -0.000611250521615, 0.000553666555788, -0.00257219397463, 0.00244960584678, -0.00247144838795, 0.000455278583104], [-0.000561563647352, 0.00212671956979, -0.00193935062271, 0.0011180677684, -0.00112211715896, 0.00650825770572, -0.00231003086083, 0.000296235346468, -0.00014065936557, 0.000254516780842, -0.00371365132742, 0.00264151743613, -0.00108010566328], [0.000534411985427, -0.00183725787792, 0.0017771164421, -0.00132607505657, 0.000179593029316, -0.00231003086083, 0.00688632205129, -0.00169158168137, 0.00053714949172, 0.000481586670503, 0.000901324499864, -0.00200535566546, 0.000828887918033], [-0.000452400039649, 0.00159184262156, -0.00173800124321, 0.00170611136127, -0.000611250521615, 0.000296235346468, -0.00169158168137, 0.00923166703433, -0.0041591739282, 0.00059059652267, -5.99794548179e-05, -0.000180600138265, -0.000313694850774], [0.000360727281077, -0.00162385194562, 0.000800905108918, -0.0018681131769, 0.000553666555788, -0.00014065936557, 0.00053714949172, -0.0041591739282, 0.00949883740395, -0.00338946934789, 0.00127251853701, 0.00327271176502, -0.00313012511469], [-0.000415896211052, 0.00203532748856, -0.00108861702029, 0.00155087653548, -0.00257219397463, 0.000254516780842, 0.000481586670503, 0.00059059652267, -0.00338946934789, 0.0125266294926, -0.00508386781439, 0.000600155442953, 0.00234305858612], [0.000756080204155, -0.00312795070931, 0.00151214934886, -0.00195564795285, 0.00244960584678, -0.00371365132742, 0.000901324499864, -5.99794548179e-05, 0.00127251853701, -0.00508386781439, 0.0133740147576, -0.00388001347892, 0.000864902394824], [-0.000320185354212, 0.00215166597627, -0.0006317589432, 0.000446653924882, -0.00247144838795, 0.00264151743613, -0.00200535566546, -0.000180600138265, 0.00327271176502, 0.000600155442953, -0.00388001347892, 0.0110871354118, -0.00331569788978], [0.000206035547308, -0.000958964927122, 0.000986171420664, -0.000901836436242, 0.000455278583104, -0.00108010566328, 0.000828887918033, -0.000313694850774, -0.00313012511469, 0.00234305858612, 0.000864902394824, -0.00331569788978, 0.0128841260448]], "mean": [-15.7005329132, 93.2204589844, -141.968734741, 48.3452529907, -65.7773590088, 9.60755443573, -39.8856315613, -1.75397396088, -23.191160202, -7.59825658798, -19.8280658722, 0.585406005383, -6.68814277649]}, "hfc": {"dmean": 6.2578253746, "dmean2": 9.02507972717, "dvar": 64.8791046143, "dvar2": 128.088058472, "max": 153.825317383, "mean": 27.4032726288, "median": 25.8839626312, "min": 1.07162446114e-16, "var": 398.621826172}, "melbands": {"dmean": [0.000562649045605, 0.000806857075077, 0.000940655649174, 0.000391299283365, 0.000242589740083, 0.000165212375578, 9.38809025683e-05, 8.10346318758e-05, 0.000171225939994, 0.000145764453919, 7.30784449843e-05, 9.14348711376e-05, 4.82871291752e-05, 5.43965907127e-05, 3.9239974285e-05, 3.44092550222e-05, 2.60980013991e-05, 4.25075631938e-05, 2.43981085077e-05, 2.96689231618e-05, 2.72803135886e-05, 3.04928780679e-05, 2.05333835765e-05, 1.15031434689e-05, 1.2418665392e-05, 1.20631293612e-05, 5.54603093406e-06, 3.64144398191e-06, 3.40816495736e-06, 4.19706611865e-06, 6.07281845078e-06, 4.57409896626e-06, 2.9298228128e-06, 3.14704311677e-06, 2.61228433374e-06, 1.16134083328e-06, 8.98868449895e-07, 6.25853374459e-07, 4.94329754019e-07, 3.63996946362e-07], "dmean2": [0.000814058003016, 0.0013746364275, 0.00161534897052, 0.00062579032965, 0.000366729160305, 0.000267916097073, 0.000150898325955, 0.000123901641928, 0.000256353639998, 0.000231032216107, 0.000114839283924, 0.000135435911943, 7.25244608475e-05, 8.48660638439e-05, 6.11892464804e-05, 5.19310597156e-05, 3.93257578253e-05, 6.67972999508e-05, 3.84023878723e-05, 4.7320700105e-05, 4.30458094343e-05, 4.80586240883e-05, 3.31120099872e-05, 1.82808780664e-05, 1.99758524104e-05, 1.97833978746e-05, 8.927016097e-06, 5.77530590817e-06, 5.4128058764e-06, 6.60929208607e-06, 9.81278117251e-06, 7.24350320525e-06, 4.45730256615e-06, 4.92924755235e-06, 4.10255415773e-06, 1.71743397459e-06, 1.36588778332e-06, 9.37642255394e-07, 7.26308826415e-07, 5.30921568043e-07], "dvar": [1.37504173381e-06, 3.52548863702e-06, 3.45962826032e-06, 6.94172967997e-07, 1.54787173301e-07, 7.82845148706e-08, 3.42552333166e-08, 4.69471572728e-08, 1.65040916045e-07, 2.08697585435e-07, 3.78493858477e-08, 4.14069063481e-08, 1.68718070626e-08, 1.57846802296e-08, 9.71194591415e-09, 7.73607844451e-09, 6.25140383903e-09, 7.72298491825e-09, 2.58345922433e-09, 4.21862766942e-09, 2.59889509913e-09, 3.50314577346e-09, 1.3335422766e-09, 4.63840660325e-10, 8.51503367816e-10, 6.92715995676e-10, 8.77224057283e-11, 4.12217621149e-11, 4.67887291411e-11, 5.61864270388e-11, 1.28706101332e-10, 6.88443885233e-11, 2.60816663405e-11, 6.23201837358e-11, 4.96317119347e-11, 6.67475102967e-12, 3.98983190236e-12, 2.20276986755e-12, 1.14739066772e-12, 1.02351254642e-12], "dvar2": [2.68545591098e-06, 9.26714528759e-06, 9.17382567422e-06, 1.74283729848e-06, 3.71394946796e-07, 2.1791568372e-07, 8.32433286746e-08, 1.01020546595e-07, 3.66311780908e-07, 5.57499049592e-07, 8.86813964485e-08, 9.353251329e-08, 3.80882951845e-08, 3.92160970364e-08, 2.37658994706e-08, 1.60750275313e-08, 1.30651063301e-08, 1.85384347873e-08, 6.10032158121e-09, 1.07139657146e-08, 6.48036690976e-09, 8.748402891e-09, 3.39866668142e-09, 1.09087738842e-09, 2.28998042751e-09, 1.88457094374e-09, 2.30973032367e-10, 1.01350004778e-10, 1.18024520712e-10, 1.31072819265e-10, 3.33467475855e-10, 1.73200495612e-10, 5.75760689125e-11, 1.62299687578e-10, 1.21588794588e-10, 1.50268773119e-11, 9.38193012862e-12, 4.9784989499e-12, 2.4727281854e-12, 2.25987978331e-12], "max": [0.0122524891049, 0.0149061828852, 0.0170264970511, 0.0139947747812, 0.00916092004627, 0.0059339501895, 0.00355644035153, 0.00511974468827, 0.0123504828662, 0.0112608186901, 0.00766764441505, 0.00554203987122, 0.00350502016954, 0.00403949664906, 0.00341071863659, 0.00332710077055, 0.00428912928328, 0.00214767223224, 0.0014283292694, 0.00220232177526, 0.00117725157179, 0.00144535664003, 0.000666505366098, 0.000899937702343, 0.000884762441274, 0.000841408618726, 0.000219218374696, 0.000114398651931, 0.000270983640803, 0.000174696688191, 0.0002786340483, 0.000197465778911, 0.000115565337182, 0.000141457028803, 0.000219497233047, 8.13186779851e-05, 5.49531250726e-05, 3.65990781575e-05, 2.05179276236e-05, 3.17777776218e-05], "mean": [0.000736546411645, 0.000911986338906, 0.001150023425, 0.000657976022922, 0.000561582099181, 0.000338999321684, 0.000157246759045, 0.000148725608597, 0.000336560740834, 0.000241659567109, 0.000140550429933, 0.000179379465408, 9.13755648071e-05, 0.000118200165161, 7.45711440686e-05, 6.25149405096e-05, 4.54923829238e-05, 7.47536105337e-05, 4.42409800598e-05, 5.60436892556e-05, 5.52877318114e-05, 6.28249763395e-05, 4.11622968386e-05, 2.32739039348e-05, 2.39719029196e-05, 2.38776428887e-05, 1.18224234029e-05, 7.43697864891e-06, 6.95206244927e-06, 9.13219446375e-06, 1.3216982552e-05, 1.02083195088e-05, 5.86490386922e-06, 5.38615950063e-06, 4.29184410677e-06, 1.90437685887e-06, 1.43644490436e-06, 1.03188392586e-06, 8.22234596853e-07, 5.43673593256e-07], "median": [0.000113288486318, 0.000373219954781, 0.000645583204459, 0.000385977647966, 0.000331304006977, 0.000218687768211, 7.54939610488e-05, 4.58438371425e-05, 7.30720930733e-05, 4.00841636292e-05, 4.10318207287e-05, 4.93393199577e-05, 2.07199445867e-05, 2.91908781946e-05, 2.06354652619e-05, 1.76812081918e-05, 1.03800703073e-05, 2.732246503e-05, 1.78500504262e-05, 2.09763766179e-05, 2.34058315982e-05, 2.92072800221e-05, 1.87187888514e-05, 1.08477515823e-05, 9.77508352662e-06, 1.02016283563e-05, 6.45225054541e-06, 3.81800055038e-06, 3.77339347324e-06, 4.88507885166e-06, 6.15793442194e-06, 5.23994731338e-06, 2.66960091722e-06, 1.79448943527e-06, 1.30848218305e-06, 5.2908762882e-07, 3.43405019976e-07, 2.27560732924e-07, 1.69871668732e-07, 8.90931133313e-08], "min": [1.79552512308e-24, 4.05565174984e-25, 9.10880036496e-25, 1.12343249374e-24, 6.75302159243e-25, 1.62524210112e-24, 2.24661077704e-24, 1.89740769228e-24, 2.17646763194e-24, 2.0602023535e-24, 1.46121474613e-24, 1.51426564201e-24, 2.33157129375e-24, 2.7257211091e-24, 1.99565814866e-24, 2.04351301497e-24, 3.71261410609e-24, 3.46985281213e-24, 3.17851799958e-24, 3.14926782607e-24, 3.71334261914e-24, 3.21248556129e-24, 4.93401612311e-24, 2.85862090023e-24, 4.07103424167e-24, 3.77716698839e-24, 4.27910498289e-24, 3.90542236095e-24, 5.08544704577e-24, 6.12920034795e-24, 5.09287653778e-24, 4.38291118941e-24, 4.52499411034e-24, 4.95985407877e-24, 5.41126277128e-24, 5.9838026335e-24, 5.83036445427e-24, 6.45849889435e-24, 5.9654998772e-24, 4.98323670486e-24], "var": [2.14061878978e-06, 2.9370410175e-06, 2.87874627247e-06, 8.56809833749e-07, 4.95281597068e-07, 1.68424165281e-07, 6.17552871063e-08, 1.40509030189e-07, 5.75716569529e-07, 4.58594229258e-07, 1.06538273315e-07, 1.36988504096e-07, 5.24033296756e-08, 6.13485440226e-08, 2.60429775523e-08, 2.10541628576e-08, 1.7235787908e-08, 2.14675690557e-08, 6.71082034387e-09, 1.18949925465e-08, 8.36640712265e-09, 1.00129771141e-08, 4.10413258933e-09, 1.37471534156e-09, 2.13181827746e-09, 1.84426862671e-09, 2.65665989208e-10, 1.11274121861e-10, 1.1911031883e-10, 1.53013726689e-10, 4.14099587953e-10, 2.23454005299e-10, 7.08000394423e-11, 9.64083674004e-11, 8.89407367199e-11, 1.47431476749e-11, 8.06624732286e-12, 4.66815431796e-12, 2.53798132684e-12, 1.83749695147e-12]}, "melbands_crest": {"dmean": 2.97328948975, "dmean2": 4.7294793129, "dvar": 7.50612258911, "dvar2": 17.9476070404, "max": 33.1132583618, "mean": 12.2699565887, "median": 11.6358938217, "min": 1.57177400589, "var": 19.649892807}, "melbands_flatness_db": {"dmean": 0.0224120300263, "dmean2": 0.0341187305748, "dvar": 0.000599161663558, "dvar2": 0.00130812905263, "max": 0.511576533318, "mean": 0.167122721672, "median": 0.158492252231, "min": 0.00300405477174, "var": 0.00377715169452}, "melbands_kurtosis": {"dmean": 4.57193613052, "dmean2": 7.29711866379, "dvar": 93.7641067505, "dvar2": 225.349227905, "max": 317.520446777, "mean": 7.02237272263, "median": 3.14573144913, "min": -1.82930862904, "var": 176.103744507}, "melbands_skewness": {"dmean": 0.641988098621, "dmean2": 0.969465613365, "dvar": 0.580714166164, "dvar2": 1.30463087559, "max": 16.0456485748, "mean": 1.98288571835, "median": 1.7184432745, "min": -1.43360543251, "var": 1.85630571842}, "melbands_spread": {"dmean": 9.02215862274, "dmean2": 13.9671869278, "dvar": 119.770011902, "dvar2": 269.569702148, "max": 216.959381104, "mean": 36.6314544678, "median": 33.5946388245, "min": 0.531919538975, "var": 534.543151855}, "mfcc": {"cov": [[9899.42285156, -101.83681488, -165.862838745, 138.150634766, -167.74520874, 29.5816783905, -266.10144043, 72.8830871582, 180.949401855, 173.888092041, -37.9794654846, -106.643218994, -293.217132568], [-101.83681488, 1568.42822266, -286.264099121, 263.186828613, 82.1500701904, 27.4287452698, 57.4259376526, 13.724190712, 70.0651092529, -2.32232236862, 64.7577056885, 34.9468574524, 10.3931856155], [-165.862838745, -286.264099121, 802.514831543, -173.327911377, 150.357833862, 10.3297538757, 7.31565141678, -3.06357359886, -20.1399116516, 141.953857422, 8.0360250473, 48.5153198242, 10.5316877365], [138.150634766, 263.186828613, -173.327911377, 479.08480835, 49.3282546997, 45.6192855835, -12.7634124756, 40.7326812744, 45.6703262329, -43.2195510864, -7.01675748825, -16.7693080902, 30.702545166], [-167.74520874, 82.1500701904, 150.357833862, 49.3282546997, 296.250274658, 37.2905693054, 2.61533808708, -17.2878303528, 34.6202125549, 61.931842804, 32.3087997437, 39.1231994629, -4.33116054535], [29.5816783905, 27.4287452698, 10.3297538757, 45.6192855835, 37.2905693054, 204.162857056, 78.0937652588, 10.6626205444, -12.7585172653, -3.06798696518, 20.2607936859, 13.9695034027, 12.993024826], [-266.10144043, 57.4259376526, 7.31565141678, -12.7634124756, 2.61533808708, 78.0937652588, 193.111709595, 44.4364089966, -33.5952720642, -30.6852340698, 20.3483467102, 21.0557346344, 20.389755249], [72.8830871582, 13.724190712, -3.06357359886, 40.7326812744, -17.2878303528, 10.6626205444, 44.4364089966, 142.005477905, 38.6086616516, -18.1151599884, -14.159620285, 3.31191253662, 22.0838546753], [180.949401855, 70.0651092529, -20.1399116516, 45.6703262329, 34.6202125549, -12.7585172653, -33.5952720642, 38.6086616516, 160.62562561, 68.0479278564, 16.0727653503, -5.14777565002, -32.4102783203], [173.888092041, -2.32232236862, 141.953857422, -43.2195510864, 61.931842804, -3.06798696518, -30.6852340698, -18.1151599884, 68.0479278564, 213.412796021, 52.2647399902, 13.3366756439, -29.090927124], [-37.9794654846, 64.7577056885, 8.0360250473, -7.01675748825, 32.3087997437, 20.2607936859, 20.3483467102, -14.159620285, 16.0727653503, 52.2647399902, 120.025253296, 45.2701187134, -6.53517007828], [-106.643218994, 34.9468574524, 48.5153198242, -16.7693080902, 39.1231994629, 13.9695034027, 21.0557346344, 3.31191253662, -5.14777565002, 13.3366756439, 45.2701187134, 111.610870361, 36.1489982605], [-293.217132568, 10.3931856155, 10.5316877365, 30.702545166, -4.33116054535, 12.993024826, 20.389755249, 22.0838546753, -32.4102783203, -29.090927124, -6.53517007828, 36.1489982605, 127.946006775]], "icov": [[0.000120061296911, 5.43750547877e-06, 1.74751694431e-05, -4.42671553174e-05, 9.47677035583e-05, -0.000113860616693, 0.000194932552404, -0.000148593258928, 2.22038306674e-05, -0.000109530934424, 5.62308778171e-05, -5.60531225346e-05, 0.000292672979413], [5.43750547877e-06, 0.000789155019447, 0.000275279191555, -0.000346128217643, -0.000210548969335, 0.000143644836498, -0.000352879345883, 0.000131273758598, -0.000213162769796, -9.47087246459e-05, -0.000207430886803, -0.000207183969906, -6.9696952778e-06], [1.74751694431e-05, 0.000275279191555, 0.00191029673442, 0.000489331781864, -0.000959029828664, -2.22400176426e-05, -3.87406398659e-05, -0.000513531733304, 0.000738851900678, -0.00133042316884, 0.000618083286099, -0.000476674147649, -0.000141463882755], [-4.42671553174e-05, -0.000346128217643, 0.000489331781864, 0.00288290157914, -0.000777293054853, -0.000710310181603, 0.000685789389536, -0.000669359695166, -0.000544415612239, 0.000555974373128, -8.41064902488e-05, 0.000803598260973, -0.000996175920591], [9.47677035583e-05, -0.000210548969335, -0.000959029828664, -0.000777293054853, 0.00461525749415, -0.000677458418068, 4.06705548812e-05, 0.000904083251953, -0.000917735102121, -0.000398078991566, -5.56664526812e-05, -0.00127650762442, 0.000597078120336], [-0.000113860616693, 0.000143644836498, -2.22400176426e-05, -0.000710310181603, -0.000677458418068, 0.00630628177896, -0.00278672180139, 0.000498311885167, 0.000226402902626, -0.000108337240817, -0.000545134069398, 9.08669899218e-05, -0.000426377722761], [0.000194932552404, -0.000352879345883, -3.87406398659e-05, 0.000685789389536, 4.06705548812e-05, -0.00278672180139, 0.00802084896713, -0.00320873572491, 0.00191240827553, 0.000648805638775, -0.00140018376987, -0.000251942779869, 0.000505626667291], [-0.000148593258928, 0.000131273758598, -0.000513531733304, -0.000669359695166, 0.000904083251953, 0.000498311885167, -0.00320873572491, 0.0100677786395, -0.00405785162002, 0.00118525093421, 0.00133766175713, -0.000362411752576, -0.00198237760924], [2.22038306674e-05, -0.000213162769796, 0.000738851900678, -0.000544415612239, -0.000917735102121, 0.000226402902626, 0.00191240827553, -0.00405785162002, 0.00998382270336, -0.0032063962426, -0.00037096318556, -1.27104911485e-07, 0.00226067425683], [-0.000109530934424, -9.47087246459e-05, -0.00133042316884, 0.000555974373128, -0.000398078991566, -0.000108337240817, 0.000648805638775, 0.00118525093421, -0.0032063962426, 0.00777934212238, -0.00291755236685, 0.000675670336932, 3.89688975702e-05], [5.62308778171e-05, -0.000207430886803, 0.000618083286099, -8.41064902488e-05, -5.56664526812e-05, -0.000545134069398, -0.00140018376987, 0.00133766175713, -0.00037096318556, -0.00291755236685, 0.0121665801853, -0.0049112290144, 0.00141244276892], [-5.60531225346e-05, -0.000207183969906, -0.000476674147649, 0.000803598260973, -0.00127650762442, 9.08669899218e-05, -0.000251942779869, -0.000362411752576, -1.27104911485e-07, 0.000675670336932, -0.0049112290144, 0.0129948658869, -0.00398370390758], [0.000292672979413, -6.9696952778e-06, -0.000141463882755, -0.000996175920591, 0.000597078120336, -0.000426377722761, 0.000505626667291, -0.00198237760924, 0.00226067425683, 3.89688975702e-05, 0.00141244276892, -0.00398370390758, 0.0108420671895]], "mean": [-640.374084473, 107.269668579, -13.678442955, 32.101436615, -3.56113028526, 9.52727890015, -11.5374507904, 5.41779708862, -1.56065630913, -9.3400888443, -4.72287607193, -6.0872502327, -4.23004436493]}, "pitch_salience": {"dmean": 0.0619465224445, "dmean2": 0.0994141623378, "dvar": 0.003079011105, "dvar2": 0.00778144132346, "max": 0.912125587463, "mean": 0.539039671421, "median": 0.532741010189, "min": 0.124012932181, "var": 0.00896080397069}, "silence_rate_20dB": {"dmean": 0, "dmean2": 0, "dvar": 0, "dvar2": 0, "max": 1, "mean": 1, "median": 1, "min": 1, "var": 0}, "silence_rate_30dB": {"dmean": 0, "dmean2": 0, "dvar": 0, "dvar2": 0, "max": 1, "mean": 1, "median": 1, "min": 1, "var": 0}, "silence_rate_60dB": {"dmean": 0.0173053145409, "dmean2": 0.0346136875451, "dvar": 0.0170083362609, "dvar2": 0.0385337620974, "max": 1, "mean": 0.0901386067271, "median": 0, "min": 0, "var": 0.0820075944066}, "spectral_centroid": {"dmean": 259.262329102, "dmean2": 404.981445312, "dvar": 90831.53125, "dvar2": 211818.21875, "max": 11625.8769531, "mean": 1808.92297363, "median": 1758.38818359, "min": 180.813186646, "var": 1110330}, "spectral_complexity": {"dmean": 3.10948252678, "dmean2": 4.6714348793, "dvar": 11.2318563461, "dvar2": 20.9736557007, "max": 50, "mean": 19.55610466, "median": 20, "min": 0, "var": 92.5776443481}, "spectral_contrast_coeffs": {"dmean": [0.0532463826239, 0.0465202890337, 0.0430534742773, 0.0346719846129, 0.0275519676507, 0.0243854019791], "dmean2": [0.0841308832169, 0.075452670455, 0.0685138776898, 0.0549811460078, 0.0435032881796, 0.035762231797], "dvar": [0.00241235690191, 0.00152469181921, 0.00125727150589, 0.000813790829852, 0.000558480212931, 0.000515052175615], "dvar2": [0.00576966255903, 0.00388322374783, 0.00311032892205, 0.00197947886772, 0.00130068999715, 0.000934086390771], "max": [-0.236887156963, -0.385265976191, -0.444172680378, -0.498464018106, -0.508824586868, -0.454995036125], "mean": [-0.610005378723, -0.707028210163, -0.724174141884, -0.730563163757, -0.738505840302, -0.68717443943], "median": [-0.609305858612, -0.708682656288, -0.723629117012, -0.731146514416, -0.738757312298, -0.694140434265], "min": [-0.979403376579, -0.984043955803, -0.9855260849, -0.98826187849, -0.984976649284, -0.965510547161], "var": [0.00871815532446, 0.00634334888309, 0.00649965601042, 0.00493192486465, 0.00410551670939, 0.00565083278343]}, "spectral_contrast_valleys": {"dmean": [0.444625914097, 0.384803950787, 0.366998940706, 0.307039260864, 0.29163724184, 0.384490668774], "dmean2": [0.66202378273, 0.609742820263, 0.57097697258, 0.465495079756, 0.428477853537, 0.480449348688], "dvar": [0.200960755348, 0.136958539486, 0.11054225266, 0.0859691947699, 0.0973258763552, 0.198364898562], "dvar2": [0.361025959253, 0.304173111916, 0.238493815064, 0.166698113084, 0.175785154104, 0.279904216528], "max": [-5.28028726578, -4.93051862717, -5.4182343483, -5.96560096741, -5.9727473259, -7.77242994308], "mean": [-7.79938983917, -7.12743282318, -7.75326013565, -8.08860015869, -7.83327150345, -10.687707901], "median": [-7.43346691132, -6.83521604538, -7.45479106903, -7.8077673912, -7.48033094406, -10.4295501709], "min": [-28.0604953766, -28.0898571014, -27.6679592133, -27.5722942352, -27.4930000305, -27.4065189362], "var": [4.29417181015, 4.10388422012, 3.81236577034, 3.69275641441, 3.89187240601, 3.7864522934]}, "spectral_decrease": {"dmean": 1.91875182409e-09, "dmean2": 2.88516432967e-09, "dvar": 7.00067354232e-18, "dvar2": 1.58990003259e-17, "max": 3.02313295593e-28, "mean": -6.04909722313e-09, "median": -5.59557822299e-09, "min": -2.45940565691e-08, "var": 1.67348183584e-17}, "spectral_energy": {"dmean": 0.00761537440121, "dmean2": 0.0113626495004, "dvar": 0.000104859034764, "dvar2": 0.000234842969803, "max": 0.0961716845632, "mean": 0.0253162700683, "median": 0.0239568427205, "min": 9.80487310759e-21, "var": 0.000274698162684}, "spectral_energyband_high": {"dmean": 0.00050790340174, "dmean2": 0.000735086970963, "dvar": 7.83373423019e-07, "dvar2": 1.58454361099e-06, "max": 0.0190508328378, "mean": 0.00139503739774, "median": 0.000861914362758, "min": 6.84902800696e-21, "var": 2.85371220343e-06}, "spectral_energyband_low": {"dmean": 0.00387123576365, "dmean2": 0.00610995851457, "dvar": 5.93763943471e-05, "dvar2": 0.000141453288961, "max": 0.0592591799796, "mean": 0.00583701673895, "median": 0.00272265519015, "min": 2.17472653703e-23, "var": 7.49213359086e-05}, "spectral_energyband_middle_high": {"dmean": 0.00199945666827, "dmean2": 0.00301341642626, "dvar": 6.4127443693e-06, "dvar2": 1.41654736581e-05, "max": 0.0621466338634, "mean": 0.00784947909415, "median": 0.00653741881251, "min": 1.17648680775e-21, "var": 4.63316318928e-05}, "spectral_energyband_middle_low": {"dmean": 0.0047992891632, "dmean2": 0.00762003427371, "dvar": 5.49617288925e-05, "dvar2": 0.000135363792651, "max": 0.0904920101166, "mean": 0.0116754965857, "median": 0.00911926291883, "min": 1.54569973749e-22, "var": 0.000110303415568}, "spectral_entropy": {"dmean": 0.149844333529, "dmean2": 0.210166677833, "dvar": 0.0245005656034, "dvar2": 0.0445395484567, "max": 9.822224617, "mean": 7.54011106491, "median": 7.5563120842, "min": 5.27376413345, "var": 0.205378592014}, "spectral_flux": {"dmean": 0.0257454551756, "dmean2": 0.0387806855142, "dvar": 0.000903653213754, "dvar2": 0.00171900435816, "max": 0.289347678423, "mean": 0.0823616832495, "median": 0.0748802572489, "min": 6.43780237453e-11, "var": 0.0023038117215}, "spectral_kurtosis": {"dmean": 1.4848344326, "dmean2": 2.48633790016, "dvar": 3.48366546631, "dvar2": 9.12055301666, "max": 45.0700149536, "mean": 3.2310218811, "median": 2.54599332809, "min": -1.26065468788, "var": 8.86656856537}, "spectral_rms": {"dmean": 0.000702829274815, "dmean2": 0.00100816809572, "dvar": 7.58586395477e-07, "dvar2": 1.55446775807e-06, "max": 0.00968638435006, "mean": 0.00460238615051, "median": 0.00483451457694, "min": 3.0928512789e-12, "var": 3.51684207089e-06}, "spectral_rolloff": {"dmean": 561.511291504, "dmean2": 936.867614746, "dvar": 753177.4375, "dvar2": 1725133.75, "max": 19552.1484375, "mean": 2405.10595703, "median": 2110.25390625, "min": 43.06640625, "var": 4371597.5}, "spectral_skewness": {"dmean": 0.20038934052, "dmean2": 0.323162972927, "dvar": 0.0419691242278, "dvar2": 0.100009605289, "max": 5.26154375076, "mean": 1.17581510544, "median": 1.12208735943, "min": -0.0694529116154, "var": 0.232201620936}, "spectral_spread": {"dmean": 486152.28125, "dmean2": 659857.8125, "dvar": 459434229760, "dvar2": 800783466496, "max": 42978364, "mean": 4509537, "median": 3945834.25, "min": 1514490.125, "var": 1154499