{"lowlevel": {"average_loudness": 0.902856171131, "barkbands": {"dmean": [7.7666791185e-06, 0.000310825358611, 0.000711526838131, 0.000831108598504, 0.00289947818965, 0.00115939078387, 0.00125272350851, 0.00127353926655, 0.0012026403565, 0.000924104766455, 0.000823180016596, 0.000575566431507, 0.000365439540474, 0.000251795048825, 0.00023909212905, 0.000236237247009, 0.00013902997307, 0.000123084784718, 6.34855605313e-05, 5.50068107259e-05, 3.69347071683e-05, 3.43240644725e-05, 2.94586752716e-05, 2.66973802354e-05, 1.79700109584e-05, 7.21255355529e-06, 4.26412043453e-06], "dmean2": [1.29226718855e-05, 0.000520426488947, 0.00123796670232, 0.00135380204301, 0.00464471429586, 0.00170567375608, 0.00179587327875, 0.00187429017387, 0.00177925918251, 0.00135293323547, 0.00124550017063, 0.000902788771782, 0.000551216420718, 0.000373941555154, 0.000356139091309, 0.000351384253008, 0.00021169417596, 0.000185758457519, 9.72899142653e-05, 8.03525763331e-05, 5.42966008652e-05, 4.8974827223e-05, 4.03802623623e-05, 3.47213535861e-05, 2.43843060161e-05, 1.12270690806e-05, 7.01056524122e-06], "dvar": [6.82425616017e-10, 1.38174800668e-06, 5.56514623895e-06, 2.23524034482e-06, 4.07529259974e-05, 4.13660291088e-06, 6.64837489239e-06, 9.4114584499e-06, 8.73882345331e-06, 4.02010209655e-06, 3.5627510897e-06, 1.48819435708e-06, 9.53143398874e-07, 5.32259036845e-07, 4.05353262067e-07, 2.7141950909e-07, 7.29041502723e-08, 8.09812732427e-08, 1.44089602472e-08, 1.34427446952e-08, 5.92083404527e-09, 6.52532561318e-09, 7.05348091046e-09, 8.23157275676e-09, 5.22694865168e-09, 1.05296837916e-09, 2.09769965287e-10], "dvar2": [1.71869307675e-09, 3.70953989659e-06, 1.56244223035e-05, 6.15866701992e-06, 0.000106324303488, 9.42521455727e-06, 1.41996024468e-05, 1.99642090593e-05, 1.89254278666e-05, 8.44195164973e-06, 7.58610849516e-06, 3.75104787054e-06, 2.1453752197e-06, 1.16598096156e-06, 8.87323210463e-07, 6.07326171576e-07, 1.64747348208e-07, 1.67208625612e-07, 3.19236228563e-08, 2.75092038038e-08, 1.30538291288e-08, 1.36745130774e-08, 1.31955681937e-08, 1.30081030392e-08, 1.13706004612e-08, 2.77002198956e-09, 5.42099087841e-10], "max": [0.000349915120751, 0.0165230333805, 0.0322719812393, 0.0322636216879, 0.0802296921611, 0.0630702748895, 0.061460133642, 0.0581228211522, 0.0500730387866, 0.0444724485278, 0.0479391030967, 0.0426734648645, 0.0216140113771, 0.0215692892671, 0.0192210171372, 0.0141917401925, 0.00694588944316, 0.00792227685452, 0.00347647978924, 0.00435642106459, 0.0018960966263, 0.00205760193057, 0.00285209342837, 0.00264422548935, 0.00262792594731, 0.00140049203765, 0.000346001237631], "mean": [6.79822778693e-06, 0.000407673825976, 0.00103078235406, 0.0018549899105, 0.00494914967567, 0.00223825895227, 0.00216872361489, 0.00198271591216, 0.00202869274653, 0.00170256150886, 0.00135631021112, 0.000955125899054, 0.000581934174988, 0.000372323702322, 0.000375103205442, 0.000389417720726, 0.000243979375227, 0.000207546239835, 0.000118725562061, 9.81913690339e-05, 6.84367405483e-05, 5.93719050812e-05, 5.13372324349e-05, 4.85536074848e-05, 2.86706326733e-05, 9.69551638264e-06, 4.28069779446e-06], "median": [6.22050208676e-07, 0.000162810261827, 0.000343124382198, 0.00103058596142, 0.00273634912446, 0.00107088079676, 0.000816790619865, 0.000484547694214, 0.000564520887565, 0.000527207972482, 0.000374435796402, 0.000357483542757, 0.00014317187015, 6.93478214089e-05, 9.21016544453e-05, 0.000124411395518, 8.22298388812e-05, 5.82932516409e-05, 5.06289579789e-05, 3.34795258823e-05, 1.82859912456e-05, 1.6297761249e-05, 1.03499087345e-05, 5.35757362741e-06, 2.85650207843e-06, 9.26111169974e-07, 3.20986828228e-07], "min": [4.18865074023e-25, 3.68315567331e-24, 1.46444276496e-24, 1.50324584681e-24, 7.21939468048e-24, 1.04487372132e-23, 3.16620782515e-24, 5.05155837014e-24, 1.29166120357e-23, 1.74078535489e-23, 1.01687239352e-23, 1.82718992093e-23, 3.11776888623e-23, 3.60640289933e-23, 6.20892476096e-23, 6.35328883097e-23, 6.91223906526e-23, 1.11320680931e-22, 1.36533458012e-22, 1.62644539405e-22, 2.20472208943e-22, 3.32505553126e-22, 3.47916184413e-22, 5.40357199276e-22, 8.03728598256e-22, 1.31042201037e-21, 1.94112410435e-21], "var": [6.19051809814e-10, 1.05982644527e-06, 4.46280137112e-06, 5.49377637071e-06, 5.16786167282e-05, 9.96905509965e-06, 1.46689189933e-05, 2.01883813133e-05, 1.91334765987e-05, 1.02871790659e-05, 8.15587827674e-06, 2.82607470581e-06, 1.84355621968e-06, 1.13063856588e-06, 8.44500561925e-07, 5.58706744869e-07, 1.67857976408e-07, 2.01872623506e-07, 3.50034241592e-08, 3.14702148785e-08, 1.39453044667e-08, 1.30945885246e-08, 1.77431971338e-08, 2.484802053e-08, 8.7412335148e-09, 9.83803372101e-10, 1.74308414924e-10]}, "barkbands_crest": {"dmean": 2.52167057991, "dmean2": 4.00042772293, "dvar": 5.28065299988, "dvar2": 12.9980268478, "max": 24.4320659637, "mean": 9.9560251236, "median": 9.16843128204, "min": 2.71742653847, "var": 14.6442699432}, "barkbands_flatness_db": {"dmean": 0.0224747620523, "dmean2": 0.0314887650311, "dvar": 0.000524887349457, "dvar2": 0.000978435040452, "max": 0.480163544416, "mean": 0.177292451262, "median": 0.167383536696, "min": 0.024214182049, "var": 0.00487442687154}, "barkbands_kurtosis": {"dmean": 2.73466253281, "dmean2": 4.21724414825, "dvar": 26.233669281, "dvar2": 59.4281387329, "max": 308.622741699, "mean": 5.32855319977, "median": 2.17141842842, "min": -1.88494205475, "var": 206.801101685}, "barkbands_skewness": {"dmean": 0.489852339029, "dmean2": 0.733680963516, "dvar": 0.249842077494, "dvar2": 0.573359668255, "max": 11.3201274872, "mean": 1.36942601204, "median": 1.25030386448, "min": -2.98186731339, "var": 1.64208996296}, "barkbands_spread": {"dmean": 3.7099301815, "dmean2": 5.36693048477, "dvar": 28.1052093506, "dvar2": 54.2603302002, "max": 121.04914093, "mean": 13.9686498642, "median": 11.4341516495, "min": 0.443021655083, "var": 114.169784546}, "dissonance": {"dmean": 0.0296070259064, "dmean2": 0.0490573309362, "dvar": 0.000809441611636, "dvar2": 0.00214334460907, "max": 0.5, "mean": 0.433180689812, "median": 0.444226801395, "min": 0, "var": 0.00230613932945}, "dynamic_complexity": 3.41380381584, "erbbands": {"dmean": [0.00544197624549, 0.0921554118395, 0.652608811855, 1.83370304108, 6.534283638, 11.0139741898, 9.45381450653, 9.76832008362, 13.5538663864, 23.4836082458, 25.7111282349, 30.1535758972, 28.7193717957, 27.745256424, 31.2475337982, 21.0804538727, 17.2194061279, 13.2919187546, 11.4352865219, 10.6263818741, 11.5992279053, 6.63589429855, 7.00296974182, 3.68878245354, 3.19504189491, 2.5515127182, 1.79681408405, 1.28774058819, 1.18513333797, 1.08857274055, 0.81452858448, 0.592618644238, 0.433314591646, 0.217028096318, 0.123720221221, 0.0442047342658, 0.0111762676388, 0.00310903089121, 0.000693328503985, 5.58481624466e-05], "dmean2": [0.00874780770391, 0.15898270905, 1.13984930515, 3.02676081657, 10.7083148956, 17.544960022, 14.4166717529, 14.3160037994, 19.3365974426, 33.9612464905, 38.095993042, 44.4584083557, 41.9628601074, 41.0577774048, 48.0404548645, 32.7452125549, 25.7854957581, 19.5138282776, 16.5672950745, 15.6504011154, 17.3059101105, 9.7612695694, 10.4719076157, 5.57864379883, 4.80388784409, 3.73352956772, 2.68537354469, 1.87713456154, 1.6963789463, 1.54183697701, 1.12716579437, 0.791597187519, 0.556796729565, 0.281756639481, 0.180420070887, 0.0684497058392, 0.017467148602, 0.00502440519631, 0.00114456913434, 9.10379967536e-05], "dvar": [0.000454040098703, 0.127370789647, 5.27321004868, 11.7540378571, 256.114685059, 526.516418457, 281.056884766, 338.776519775, 645.048522949, 2854.30761719, 3977.49633789, 6721.86230469, 4116.6328125, 4688.55419922, 5044.72705078, 1811.17443848, 2078.60595703, 1388.97851563, 887.51373291, 678.54888916, 542.858398438, 157.005096436, 283.651702881, 48.2466163635, 43.2394714355, 29.4294872284, 14.1216278076, 7.8906211853, 7.42683315277, 8.70166683197, 5.68933725357, 4.13807153702, 2.10757899284, 0.597182333469, 0.331032186747, 0.0476115494967, 0.00343167106621, 0.000168766942807, 6.37115545032e-06, 2.54077097139e-08], "dvar2": [0.00108643923886, 0.354897648096, 14.837600708, 32.6401405334, 672.097045898, 1360.38244629, 691.972839355, 764.373840332, 1369.65771484, 6133.05419922, 8570.30859375, 14749.1806641, 8716.421875, 9890.484375, 11439.34375, 4449.91113281, 4694.453125, 2986.08691406, 1855.5838623, 1544.08520508, 1192.6439209, 320.950683594, 573.167419434, 105.315353394, 92.5382232666, 61.6969528198, 32.7505645752, 16.9174194336, 15.5063028336, 18.0617351532, 10.6333904266, 7.22945022583, 3.31266021729, 1.07534253597, 0.798600494862, 0.126005649567, 0.00936216674745, 0.000451762927696, 1.63662916748e-05, 6.56601386595e-08], "max": [0.281340360641, 5.02234077454, 32.4765090942, 51.1341896057, 171.206680298, 353.377746582, 351.246459961, 459.95098877, 479.203308105, 1595.81201172, 1369.5859375, 1471.98327637, 1743.62438965, 2028.45629883, 2370.89355469, 1158.8548584, 961.65423584, 1138.67126465, 737.382324219, 918.999267578, 626.193603516, 295.085083008, 499.944488525, 173.766296387, 197.861236572, 181.873001099, 76.3588867188, 57.6464767456, 66.3742752075, 90.838432312, 73.2409439087, 57.2137374878, 36.1508026123, 30.1407432556, 25.0898990631, 9.34482288361, 3.34281229973, 0.51264923811, 0.0760010704398, 0.00319180707447], "mean": [0.006341913715, 0.123895667493, 0.966214239597, 4.07118463516, 10.572347641, 18.759475708, 17.8986377716, 18.1612529755, 25.8233757019, 40.4464874268, 41.5448036194, 51.1390571594, 55.9265060425, 49.8517723083, 55.6360473633, 37.6501159668, 29.1718120575, 22.1102828979, 19.0499362946, 18.4617042542, 20.7939357758, 13.0859308243, 12.2151947021, 7.18211364746, 5.94659233093, 4.70162534714, 3.24891209602, 2.30087161064, 2.04307484627, 1.91913700104, 1.43146550655, 1.0428185463, 0.770743250847, 0.371027350426, 0.181107699871, 0.0591667406261, 0.0148722892627, 0.00350842764601, 0.000711912405677, 7.69306352595e-05], "median": [0.00233391323127, 0.0539235658944, 0.417833954096, 2.58026766777, 5.64702415466, 9.23946094513, 8.67368984222, 8.75290298462, 11.6802530289, 13.5012836456, 12.6076660156, 14.2039842606, 18.34856987, 16.346818924, 17.8707084656, 15.8494462967, 8.48171710968, 5.38946628571, 5.1921377182, 5.99551391602, 7.54522562027, 5.06498289108, 3.84311246872, 2.76402640343, 2.25249838829, 1.6629846096, 1.01065468788, 0.66335695982, 0.57342094183, 0.476295679808, 0.273851960897, 0.136642247438, 0.0754933580756, 0.0347022078931, 0.0175983998924, 0.0056288917549, 0.00139883719385, 0.000314900855301, 6.9273817644e-05, 3.47521636286e-05], "min": [1.01803187705e-22, 1.03419790892e-21, 2.87423654384e-21, 9.17729747764e-21, 1.67222994192e-20, 2.04788787788e-20, 2.74703708749e-20, 8.13637662597e-20, 1.06889855567e-19, 2.07989847512e-19, 2.0560151859e-19, 2.46346742429e-19, 7.89495608014e-19, 6.55693043476e-19, 6.93287109847e-19, 1.46851431758e-18, 1.61092948666e-18, 2.04714876616e-18, 3.06114936083e-18, 3.89734789642e-18, 3.64759229099e-18, 4.54570819056e-18, 5.13696241675e-18, 6.0120442314e-18, 9.66757414754e-18, 8.60501184706e-18, 8.86613870437e-18, 9.27295026553e-18, 1.16821774925e-17, 1.18062479669e-17, 1.25917436397e-17, 8.46306269086e-18, 1.0389179217e-17, 8.90064702517e-18, 6.4940862149e-18, 4.00368155057e-18, 2.13927311175e-18, 1.03178921714e-18, 2.37299480328e-19, 2.49286322606e-20], "var": [0.000402658246458, 0.0896949917078, 4.03529119492, 22.4787960052, 280.374359131, 812.710144043, 677.697814941, 758.631958008, 1589.03588867, 6122.30126953, 7753.19970703, 13967.5380859, 11388.8417969, 10514.6992188, 11828.5644531, 3706.83007813, 4133.78222656, 3142.08935547, 1929.32275391, 1477.99206543, 1332.09924316, 448.945861816, 711.205871582, 136.849136353, 106.412284851, 67.618347168, 30.6691608429, 16.1868247986, 14.8612108231, 17.8749008179, 14.4793338776, 11.3831892014, 6.31107902527, 1.35537612438, 0.424533009529, 0.0444891601801, 0.00274361367337, 0.000133796173031, 5.31913974555e-06, 2.22633875779e-08]}, "erbbands_crest": {"dmean": 3.00078725815, "dmean2": 4.73816204071, "dvar": 7.48618555069, "dvar2": 17.5326595306, "max": 31.4326286316, "mean": 10.7395648956, "median": 9.70014095306, "min": 2.6308619976, "var": 22.4106235504}, "erbbands_flatness_db": {"dmean": 0.0215113945305, "dmean2": 0.0291173327714, "dvar": 0.000527042371687, "dvar2": 0.000893145042937, "max": 0.478130042553, "mean": 0.21072897315, "median": 0.206862643361, "min": 0.0268605481833, "var": 0.0046158162877}, "erbbands_kurtosis": {"dmean": 1.48056089878, "dmean2": 2.20284247398, "dvar": 8.89764595032, "dvar2": 17.3555049896, "max": 213.558746338, "mean": 2.11990594864, "median": 0.483152121305, "min": -1.84590339661, "var": 52.7355308533}, "erbbands_skewness": {"dmean": 0.396006345749, "dmean2": 0.585283696651, "dvar": 0.149597123265, "dvar2": 0.3283008039, "max": 12.4749259949, "mean": 0.634638011456, "median": 0.532789826393, "min": -4.40742874146, "var": 0.971391737461}, "erbbands_spread": {"dmean": 6.40433549881, "dmean2": 9.17983627319, "dvar": 65.315536499, "dvar2": 119.941108704, "max": 151.156356812, "mean": 27.348783493, "median": 23.0861740112, "min": 0.706508517265, "var": 374.576782227}, "gfcc": {"cov": [[25296.0039063, -534.719909668, -3303.47802734, 15.7140007019, -1390.46350098, 79.4021606445, -768.003662109, 64.530960083, -347.514221191, -25.8261966705, -427.506469727, -145.57182312, -327.161407471], [-534.719909668, 2195.15185547, -588.02154541, -334.488586426, 337.09274292, -301.235137939, 236.332000732, -155.635742188, 140.391189575, -205.837387085, 106.020637512, -88.5564727783, 103.368583679], [-3303.47802734, -588.02154541, 1694.46691895, 325.400665283, 5.4715180397, 203.760864258, -41.0308837891, 67.0229873657, -60.1065406799, 109.020339966, -19.3400554657, 43.2677841187, -50.6921424866], [15.7140007019, -334.488586426, 325.400665283, 614.077636719, 29.4604549408, 78.9405975342, -85.2070541382, 7.51703357697, -7.47482728958, 7.63416910172, -54.3249168396, -14.1188669205, -37.6701622009], [-1390.46350098, 337.09274292, 5.4715180397, 29.4604549408, 440.043182373, -15.2779884338, 100.999252319, -41.2468948364, 58.5245132446, -22.6849918365, 4.47637557983, -5.73675346375, 36.9100418091], [79.4021606445, -301.235137939, 203.760864258, 78.9405975342, -15.2779884338, 291.369110107, 39.7642211914, 35.1543235779, -52.0403900146, 24.1673545837, -27.7700099945, 4.99741840363, -20.5296916962], [-768.003662109, 236.332000732, -41.0308837891, -85.2070541382, 100.999252319, 39.7642211914, 305.017944336, 30.8101673126, 10.3661279678, -36.3115997314, 17.0383110046, -0.975412726402, 16.2830162048], [64.530960083, -155.635742188, 67.0229873657, 7.51703357697, -41.2468948364, 35.1543235779, 30.8101673126, 153.906860352, 29.4578208923, 5.68313646317, -24.0759925842, 1.93537163734, -14.6447162628], [-347.514221191, 140.391189575, -60.1065406799, -7.47482728958, 58.5245132446, -52.0403900146, 10.3661279678, 29.4578208923, 148.030609131, 13.5027608871, 4.44944524765, -14.5477371216, 10.1688194275], [-25.8261966705, -205.837387085, 109.020339966, 7.63416910172, -22.6849918365, 24.1673545837, -36.3115997314, 5.68313646317, 13.5027608871, 140.347091675, 20.8663196564, 0.807854235172, -32.5923423767], [-427.506469727, 106.020637512, -19.3400554657, -54.3249168396, 4.47637557983, -27.7700099945, 17.0383110046, -24.0759925842, 4.44944524765, 20.8663196564, 118.088310242, 22.4275474548, 2.20638465881], [-145.57182312, -88.5564727783, 43.2677841187, -14.1188669205, -5.73675346375, 4.99741840363, -0.975412726402, 1.93537163734, -14.5477371216, 0.807854235172, 22.4275474548, 94.0970916748, 38.2556190491], [-327.161407471, 103.368583679, -50.6921424866, -37.6701622009, 36.9100418091, -20.5296916962, 16.2830162048, -14.6447162628, 10.1688194275, -32.5923423767, 2.20638465881, 38.2556190491, 105.495552063]], "icov": [[0.000109141881694, -9.31991744437e-05, 0.000270384596661, -9.72783818725e-05, 0.00027049187338, -0.000159050381626, 0.000225443698582, -0.000128627580125, 0.000256250350503, -0.000196981578483, 0.000433692330262, -0.000225698880968, 0.000333952717483], [-9.31991744437e-05, 0.00109095510561, -0.000198139328859, 0.000398212927394, -0.000622899504378, 0.000686809187755, -0.000667227432132, 0.000868869246915, -0.000862947257701, 0.0013756044209, -0.00116102397442, 0.0013469037367, -0.000691788562108], [0.000270384596661, -0.000198139328859, 0.00143381976523, -0.000573603669181, 0.000542312220205, -0.000683296879288, 0.000581312167924, -0.000599717895966, 0.000902130443137, -0.00095854466781, 0.00103051750921, -0.000908283516765, 0.000945840845816], [-9.72783818725e-05, 0.000398212927394, -0.000573603669181, 0.00223975372501, -0.000656306336168, -9.12143732421e-05, 0.000302546686726, 0.000476089247968, -0.000661037163809, 0.000965144194197, 2.40361259785e-05, 0.000578595383558, 0.000215122563532], [0.00027049187338, -0.000622899504378, 0.000542312220205, -0.000656306336168, 0.00373357650824, -0.000590540817939, -0.000351092283381, 0.000647152657621, -0.000447080208687, -0.0007806000649, 0.00153071829118, -0.000806833384559, 0.000260749540757], [-0.000159050381626, 0.000686809187755, -0.000683296879288, -9.12143732421e-05, -0.000590540817939, 0.00498733809218, -0.00147840357386, -0.00020176077669, 0.000942134996876, -9.21087121242e-06, -0.00015185168013, 0.000783948285971, -0.000524533330463], [0.000225443698582, -0.000667227432132, 0.000581312167924, 0.000302546686726, -0.000351092283381, -0.00147840357386, 0.00496023427695, -0.00185620598495, 0.00092368631158, 0.000197326226044, 0.000245429953793, -0.000566200120375, 0.000724254234228], [-0.000128627580125, 0.000868869246915, -0.000599717895966, 0.000476089247968, 0.000647152657621, -0.00020176077669, -0.00185620598495, 0.00910489354283, -0.00358532066457, 0.00137882935815, 0.000856210826896, -0.000273321667919, 0.000769103702623], [0.000256250350503, -0.000862947257701, 0.000902130443137, -0.000661037163809, -0.000447080208687, 0.000942134996876, 0.00092368631158, -0.00358532066457, 0.0100171072409, -0.00298590236343, 0.000954148010351, 0.000673230329994, -0.000614966847934], [-0.000196981578483, 0.0013756044209, -0.00095854466781, 0.000965144194197, -0.0007806000649, -9.21087121242e-06, 0.000197326226044, 0.00137882935815, -0.00298590236343, 0.0108483051881, -0.00342216319405, 0.00108139321674, 0.00167633430101], [0.000433692330262, -0.00116102397442, 0.00103051750921, 2.40361259785e-05, 0.00153071829118, -0.00015185168013, 0.000245429953793, 0.000856210826896, 0.000954148010351, -0.00342216319405, 0.0127364518121, -0.00481622805819, 0.0028330963105], [-0.000225698880968, 0.0013469037367, -0.000908283516765, 0.000578595383558, -0.000806833384559, 0.000783948285971, -0.000566200120375, -0.000273321667919, 0.000673230329994, 0.00108139321674, -0.00481622805819, 0.0161501094699, -0.00725177628919], [0.000333952717483, -0.000691788562108, 0.000945840845816, 0.000215122563532, 0.000260749540757, -0.000524533330463, 0.000724254234228, 0.000769103702623, -0.000614966847934, 0.00167633430101, 0.0028330963105, -0.00725177628919, 0.0146731585264]], "mean": [-56.9493522644, 118.938964844, -124.446678162, 4.41420984268, -63.4536209106, -5.44399213791, -36.2967071533, -5.78243160248, -26.1304779053, -14.041934967, -16.9404392242, -4.49841070175, -10.1005716324]}, "hfc": {"dmean": 4.72487163544, "dmean2": 6.44570016861, "dvar": 35.0779495239, "dvar2": 63.3115386963, "max": 79.4225616455, "mean": 16.5479793549, "median": 13.071814537, "min": 1.06886597923e-16, "var": 174.474197388}, "melbands": {"dmean": [6.56354241073e-05, 0.000267612369498, 0.000396970222937, 0.000695798138622, 0.000340491213137, 0.000214744446566, 0.000230470803217, 0.00026388297556, 0.00020766381931, 0.000191688974155, 0.000142232718645, 0.000112547233584, 0.000100268625829, 7.74097061367e-05, 4.11165419791e-05, 3.70799571101e-05, 2.63419278781e-05, 1.86430715985e-05, 1.79548151209e-05, 1.7036252757e-05, 1.39046860568e-05, 7.89645400801e-06, 6.93533911544e-06, 5.6516623772e-06, 3.03394199364e-06, 2.33264518101e-06, 2.48611991083e-06, 1.63902984696e-06, 1.24481528019e-06, 8.49659670621e-07, 7.98547773684e-07, 7.21605488252e-07, 6.84872247803e-07, 6.1664502482e-07, 5.21517847574e-07, 4.0068943008e-07, 3.71838183355e-07, 3.39921399473e-07, 2.38930823571e-07, 1.7488217452e-07], "dmean2": [0.00010673324141, 0.00046706397552, 0.000650159374345, 0.00112880778033, 0.000521532609127, 0.000313935917802, 0.000328300986439, 0.00038114367635, 0.000307622773107, 0.000281508691842, 0.000208784578717, 0.000167626800248, 0.000152113367221, 0.000121561934066, 6.30897920928e-05, 5.59021355002e-05, 3.91753674194e-05, 2.734564805e-05, 2.71050357696e-05, 2.54736005445e-05, 2.11011010833e-05, 1.1908673514e-05, 1.03349548226e-05, 8.5648316599e-06, 4.69796304969e-06, 3.59605564881e-06, 3.70634984392e-06, 2.44097145696e-06, 1.88616502328e-06, 1.27559644625e-06, 1.19226388051e-06, 1.06061349925e-06, 9.96643734652e-07, 8.81204869074e-07, 7.46572368371e-07, 5.49814217266e-07, 5.12543294917e-07, 4.48528879815e-07, 3.18672704225e-07, 2.35398815107e-07], "dvar": [6.07363901395e-08, 9.345997114e-07, 4.98642464208e-07, 2.85372129838e-06, 3.22438722833e-07, 1.51911720536e-07, 1.92516978359e-07, 3.53842182221e-07, 2.48246351475e-07, 2.61858957629e-07, 1.03125948669e-07, 7.64728369518e-08, 5.11333091424e-08, 2.47233060691e-08, 9.2780840788e-09, 1.06372546327e-08, 6.56829790557e-09, 2.58759302874e-09, 2.45946218946e-09, 1.81709591818e-09, 7.98501875732e-10, 2.23582943826e-10, 2.51220239056e-10, 2.43457948246e-10, 3.39044625708e-11, 2.2206929004e-11, 3.2779830933e-11, 1.32806864464e-11, 6.64347266435e-12, 3.81127334553e-12, 3.10861102484e-12, 2.76329631919e-12, 3.15833470488e-12, 2.90480465202e-12, 2.32225306693e-12, 1.58428565405e-12, 1.79375709165e-12, 1.35009614165e-12, 6.77641428214e-13, 4.29392117566e-13], "dvar2": [1.55134074475e-07, 2.63366064246e-06, 1.3515431192e-06, 7.51552579459e-06, 8.13682106582e-07, 3.41565566941e-07, 4.05836146911e-07, 7.52739083509e-07, 5.35960793968e-07, 5.62130367143e-07, 2.1842213016e-07, 1.62027006922e-07, 1.14029518272e-07, 6.114657225e-08, 2.17730278251e-08, 2.35027250994e-08, 1.42443496998e-08, 5.47391243444e-09, 5.4829438767e-09, 4.13129397359e-09, 1.81659021159e-09, 4.84436601944e-10, 5.08433739554e-10, 5.29218946443e-10, 7.66794058804e-11, 4.98289604023e-11, 6.90497520273e-11, 2.82445195704e-11, 1.56837477033e-11, 8.86056072263e-12, 6.89919822661e-12, 5.98723891646e-12, 6.95077545868e-12, 6.18660027721e-12, 4.68136553827e-12, 2.85137603633e-12, 3.31157518942e-12, 2.24627716601e-12, 1.19731069677e-12, 8.35601932699e-13], "max": [0.00311612687074, 0.0136457243934, 0.0106537807733, 0.0223760288209, 0.0099266031757, 0.0105922985822, 0.00908068846911, 0.0144895100966, 0.0112702269107, 0.00890740379691, 0.00866256188601, 0.00784010346979, 0.00643562991172, 0.00515272002667, 0.00203620782122, 0.00289572146721, 0.00257354183123, 0.0012810662156, 0.0020233981777, 0.00121617503464, 0.000732061627787, 0.000315231707646, 0.000460876413854, 0.000549880496692, 0.000171537612914, 0.000157394257258, 0.000232732680161, 0.000139996103826, 4.76933601021e-05, 6.105403736e-05, 3.91452304029e-05, 3.83803380828e-05, 6.48332206765e-05, 5.04831659782e-05, 3.77018222935e-05, 4.82276809635e-05, 3.82908474421e-05, 2.9531382097e-05, 2.46361214522e-05, 2.78073875961e-05], "mean": [8.40918946778e-05, 0.00038448732812, 0.000860750791617, 0.00111259403639, 0.00067305425182, 0.000403971207561, 0.000428303610533, 0.000451469648397, 0.000327287736582, 0.000322135689203, 0.000268382427748, 0.000191852275748, 0.000173183449078, 0.000133896493935, 6.81189630996e-05, 5.85274356126e-05, 3.94387825509e-05, 2.85476289719e-05, 2.82016426354e-05, 2.64894551947e-05, 2.37921794906e-05, 1.40986385304e-05, 1.19108271974e-05, 9.10622475203e-06, 5.48584466742e-06, 4.08580672229e-06, 4.20020478487e-06, 2.83906729237e-06, 2.11114615922e-06, 1.46135732848e-06, 1.31117246838e-06, 1.13741668883e-06, 1.16071578304e-06, 1.01753175841e-06, 8.70017061061e-07, 6.66804680804e-07, 6.26153450867e-07, 5.83886901495e-07, 4.03731547749e-07, 2.82752694147e-07], "median": [3.42378407368e-05, 0.000166977784829, 0.000579995743465, 0.000593485950958, 0.000355881114956, 0.000191755185369, 0.000179904105607, 0.000142834556755, 9.35964417295e-05, 8.69403374963e-05, 8.21934518171e-05, 5.53927966394e-05, 5.05828611495e-05, 5.3615658544e-05, 2.20480524149e-05, 1.38209761644e-05, 7.31884938432e-06, 6.48305331197e-06, 6.90412935e-06, 7.5418652159e-06, 7.83871837484e-06, 4.72043257105e-06, 3.85785415347e-06, 2.20101901505e-06, 2.05580454349e-06, 1.62023013672e-06, 1.24471955587e-06, 9.93424805529e-07, 6.41676308533e-07, 3.72286905304e-07, 3.46013507624e-07, 3.00294573208e-07, 2.93656967187e-07, 2.32018678048e-07, 1.69144058759e-07, 9.40183682019e-08, 6.99506372825e-08, 5.41891154171e-08, 3.63614525156e-08, 2.46125502201e-08], "min": [1.54722868797e-24, 1.9234276776e-24, 2.7260035213e-24, 1.5970512692e-24, 8.80754325994e-25, 1.95387731411e-24, 1.58070912808e-24, 1.97623087115e-24, 1.34669847093e-24, 1.88342493552e-24, 3.37515203261e-24, 2.55886164485e-24, 2.01782888719e-24, 1.74548609814e-24, 3.83829463665e-24, 3.85452781636e-24, 3.53389648472e-24, 4.20961185917e-24, 4.8884550671e-24, 2.94868238876e-24, 4.08889484142e-24, 3.43248052674e-24, 3.63306616127e-24, 4.71571109494e-24, 4.57037293948e-24, 5.12603630593e-24, 5.06126767016e-24, 4.93200689439e-24, 4.26562335002e-24, 4.41315453879e-24, 5.1280344906e-24, 5.55951576778e-24, 4.83506929977e-24, 5.66334090696e-24, 5.51097242311e-24, 6.17158150565e-24, 4.53183274553e-24, 5.74771589166e-24, 6.54732266013e-24, 6.60042483196e-24], "var": [5.02121402235e-08, 6.86104669967e-07, 9.37914137467e-07, 3.1518702599e-06, 8.37279969801e-07, 3.53480857029e-07, 4.69794343871e-07, 8.06520006336e-07, 4.79455877667e-07, 5.54636642391e-07, 2.80363508409e-07, 1.65761690596e-07, 1.22412728842e-07, 5.01619368265e-08, 1.88356690245e-08, 1.96321607859e-08, 1.35973872162e-08, 5.11457542984e-09, 5.17479525897e-09, 3.19011395078e-09, 1.90081173024e-09, 5.48120882016e-10, 6.29834129295e-10, 5.25415322361e-10, 8.55894591312e-11, 4.85796611271e-11, 8.14438447239e-11, 2.72582963146e-11, 1.36658670491e-11, 7.34776475775e-12, 5.80496197986e-12, 4.9979829303e-12, 5.84871604273e-12, 5.83393316295e-12, 5.35432679097e-12, 4.08340852451e-12, 4.60171527619e-12, 3.8753479592e-12, 1.67048200359e-12, 8.45544391882e-13]}, "melbands_crest": {"dmean": 3.10609006882, "dmean2": 4.94801807404, "dvar": 8.48085784912, "dvar2": 21.4184970856, "max": 31.3841819763, "mean": 12.8704481125, "median": 11.9618091583, "min": 1.00119841099, "var": 23.3600616455}, "melbands_flatness_db": {"dmean": 0.0250724870712, "dmean2": 0.0350443422794, "dvar": 0.000717916700523, "dvar2": 0.00138148292899, "max": 0.613439679146, "mean": 0.240372180939, "median": 0.228802204132, "min": 9.060094186e-08, "var": 0.0073923682794}, "melbands_kurtosis": {"dmean": 4.52901744843, "dmean2": 6.985268116, "dvar": 69.144744873, "dvar2": 157.504867554, "max": 456.54510498, "mean": 9.66555786133, "median": 4.66257810593, "min": -1.8884563446, "var": 454.121368408}, "melbands_skewness": {"dmean": 0.583819627762, "dmean2": 0.872775733471, "dvar": 0.395202249289, "dvar2": 0.9055570364, "max": 15.4322414398, "mean": 1.88775420189, "median": 1.71353065968, "min": -2.24134325981, "var": 2.38250637054}, "melbands_spread": {"dmean": 4.56634473801, "dmean2": 6.76037454605, "dvar": 39.6025733948, "dvar2": 82.2513427734, "max": 168.707305908, "mean": 17.7204856873, "median": 14.997218132, "min": 0.351668804884, "var": 240.23034668}, "mfcc": {"cov": [[11462.5664063, -315.074829102, -924.347473145, -70.2087097168, -364.041259766, 17.5076351166, -319.819580078, -64.5212402344, -136.65663147, 50.1948013306, -47.6117935181, -49.4043922424, -138.694519043], [-315.074829102, 2225.0402832, -672.715698242, -76.3561935425, -65.0500717163, -113.638214111, 5.21501970291, 39.6363639832, 15.7694129944, -56.7920303345, -45.8152580261, -25.6204605103, 56.2674598694], [-924.347473145, -672.715698242, 1230.45581055, 107.460487366, 105.556900024, 69.5949249268, 53.6830177307, -11.2374382019, -19.4617042542, 13.4576473236, 30.4853973389, 24.3373069763, -37.2576828003], [-70.2087097168, -76.3561935425, 107.460487366, 443.177398682, 123.877006531, 54.7879600525, -27.7071533203, 7.55737781525, 20.0526866913, 3.7834610939, 1.27539610863, 11.4045314789, 1.64862251282], [-364.041259766, -65.0500717163, 105.556900024, 123.877006531, 311.144927979, 71.3155212402, -28.9143352509, -24.6398773193, 23.667137146, 2.08207464218, -4.89010715485, 10.2850799561, -3.89881539345], [17.5076351166, -113.638214111, 69.5949249268, 54.7879600525, 71.3155212402, 228.286270142, 85.8875198364, 5.53259420395, 25.6646156311, 1.40095174313, 14.6271314621, 14.0722007751, -25.4635295868], [-319.819580078, 5.21501970291, 53.6830177307, -27.7071533203, -28.9143352509, 85.8875198364, 224.494125366, 70.263420105, 25.695646286, -6.43199825287, 1.2014298439, 14.5459403992, 1.25471580029], [-64.5212402344, 39.6363639832, -11.2374382019, 7.55737781525, -24.6398773193, 5.53259420395, 70.263420105, 175.741027832, 67.8930282593, 1.41300308704, -19.1262397766, -2.06253790855, 11.0785455704], [-136.65663147, 15.7694129944, -19.4617042542, 20.0526866913, 23.667137146, 25.6646156311, 25.695646286, 67.8930282593, 173.393966675, 24.787858963, -30.9884033203, 6.32917165756, 12.2975845337], [50.1948013306, -56.7920303345, 13.4576473236, 3.7834610939, 2.08207464218, 1.40095174313, -6.43199825287, 1.41300308704, 24.787858963, 127.93157959, 53.9034004211, -3.94919967651, -14.7911100388], [-47.6117935181, -45.8152580261, 30.4853973389, 1.27539610863, -4.89010715485, 14.6271314621, 1.2014298439, -19.1262397766, -30.9884033203, 53.9034004211, 128.460266113, 31.3874034882, -20.8354530334], [-49.4043922424, -25.6204605103, 24.3373069763, 11.4045314789, 10.2850799561, 14.0722007751, 14.5459403992, -2.06253790855, 6.32917165756, -3.94919967651, 31.3874034882, 93.3003463745, 30.6683921814], [-138.694519043, 56.2674598694, -37.2576828003, 1.64862251282, -3.89881539345, -25.4635295868, 1.25471580029, 11.0785455704, 12.2975845337, -14.7911100388, -20.8354530334, 30.6683921814, 99.9832839966]], "icov": [[0.000111267923785, 3.61163110938e-05, 9.58604432526e-05, -1.46578995555e-05, 0.000158935290528, -0.00014230349916, 0.00021531310631, -6.18289486738e-05, 0.00012710710871, -0.00010871898121, 0.000178323403816, -0.000119817799714, 0.000186287070392], [3.61163110938e-05, 0.000573888071813, 0.000327610730892, -6.87720648784e-06, -1.6263767975e-05, 0.000214297062485, -0.000109213877295, -5.28547752765e-05, -1.08473641376e-05, 0.000205818068935, -2.93189914373e-05, 0.00013092107838, -0.000103988764749], [9.58604432526e-05, 0.000327610730892, 0.00112114660442, -0.000175580789801, -0.000153724700795, 8.21783487481e-06, -0.000192636245629, -2.22445360123e-05, 0.000257724517724, -6.69220025884e-05, 0.000111658271635, -0.000287574628601, 0.000440143543528], [-1.46578995555e-05, -6.87720648784e-06, -0.000175580789801, 0.00265617738478, -0.000869890791364, -0.000538059510291, 0.000597938604187, -0.000450799794635, -4.0505281504e-05, -1.69693430507e-06, -5.29569806531e-05, -0.000120718839753, -0.000223470968194], [0.000158935290528, -1.6263767975e-05, -0.000153724700795, -0.000869890791364, 0.00435709394515, -0.0015487113269, 0.00122908025514, 0.000453553337138, -0.000365205778508, -0.000218025525101, 0.000643336272333, -0.000464067532448, 0.000185560784303], [-0.00014230349916, 0.000214297062485, 8.21783487481e-06, -0.000538059510291, -0.0015487113269, 0.00662356382236, -0.00315675581805, 0.000990905216895, -0.00108992378227, 0.000665482191835, -0.000836337683722, -0.000348929781467, 0.00141548737884], [0.00021531310631, -0.000109213877295, -0.000192636245629, 0.000597938604187, 0.00122908025514, -0.00315675581805, 0.00708251399919, -0.00265025999397, 0.000476291432278, -6.23624418949e-06, 0.000375965551939, -0.000930362497456, 3.14646167681e-05], [-6.18289486738e-05, -5.28547752765e-05, -2.22445360123e-05, -0.000450799794635, 0.000453553337138, 0.000990905216895, -0.00265025999397, 0.00797388423234, -0.00298690330237, 0.000347726716427, -5.27589691046e-05, 0.000794191146269, -0.000472891348181], [0.00012710710871, -1.08473641376e-05, 0.000257724517724, -4.0505281504e-05, -0.000365205778508, -0.00108992378227, 0.000476291432278, -0.00298690330237, 0.00832380075008, -0.00309989368543, 0.00340922642499, -0.00180751900189, 9.47871449171e-05], [-0.00010871898121, 0.000205818068935, -6.69220025884e-05, -1.69693430507e-06, -0.000218025525101, 0.000665482191835, -6.23624418949e-06, 0.000347726716427, -0.00309989368543, 0.0111997015774, -0.00615706294775, 0.00279363128357, -0.000270878197625], [0.000178323403816, -2.93189914373e-05, 0.000111658271635, -5.29569806531e-05, 0.000643336272333, -0.000836337683722, 0.000375965551939, -5.27589691046e-05, 0.00340922642499, -0.00615706294775, 0.0133652379736, -0.0060572498478, 0.00343253766187], [-0.000119817799714, 0.00013092107838, -0.000287574628601, -0.000120718839753, -0.000464067532448, -0.000348929781467, -0.000930362497456, 0.000794191146269, -0.00180751900189, 0.00279363128357, -0.0060572498478, 0.0152417579666, -0.00583019666374], [0.000186287070392, -0.000103988764749, 0.000440143543528, -0.000223470968194, 0.000185560784303, 0.00141548737884, 3.14646167681e-05, -0.000472891348181, 9.47871449171e-05, -0.000270878197625, 0.00343253766187, -0.00583019666374, 0.0133579382673]], "mean": [-689.247314453, 152.508102417, -9.60987472534, 9.57315254211, -10.7931690216, -5.94574928284, -8.49261474609, 1.56837821007, -7.62608337402, -8.5685749054, -10.8512115479, -6.35623645782, -1.96981322765]}, "pitch_salience": {"dmean": 0.0645265877247, "dmean2": 0.103044189513, "dvar": 0.00324881682172, "dvar2": 0.00847426056862, "max": 0.996042132378, "mean": 0.575298845768, "median": 0.580139458179, "min": 0.189142733812, "var": 0.0094975233078}, "silence_rate_20dB": {"dmean": 0, "dmean2": 0, "dvar": 0, "dvar2": 0, "max": 1, "mean": 1, "median": 1, "min": 1, "var": 0}, "silence_rate_30dB": {"dmean": 0, "dmean2": 0, "dvar": 0, "dvar2": 0, "max": 1, "mean": 1, "median": 1, "min": 1, "var": 0}, "silence_rate_60dB": {"dmean": 0.0132527770475, "dmean2": 0.0265081375837, "dvar": 0.0130773577839, "dvar2": 0.0298979505897, "max": 1, "mean": 0.0684010535479, "median": 0, "min": 0, "var": 0.063724860549}, "spectral_centroid": {"dmean": 165.222518921, "dmean2": 243.021850586, "dvar": 49207.2773438, "dvar2": 96858.5234375, "max": 11675.8945313, "mean": 995.982666016, "median": 859.755859375, "min": 133.823699951, "var": 1000377.25}, "spectral_complexity": {"dmean": 2.80900406837, "dmean2": 4.12864255905, "dvar": 10.8108463287, "dvar2": 20.8895702362, "max": 56, "mean": 15.5029716492, "median": 15, "min": 0, "var": 52.0438117981}, "spectral_contrast_coeffs": {"dmean": [0.0451252758503, 0.0461316630244, 0.0424196980894, 0.0349770672619, 0.0247096605599, 0.0194137413055], "dmean2": [0.0715577751398, 0.0720200762153, 0.0659406110644, 0.0532544963062, 0.0376145504415, 0.0287535786629], "dvar": [0.00172235269565, 0.00147304264829, 0.00123952690046, 0.000886960420758, 0.000508248631377, 0.000373297050828], "dvar2": [0.00415086653084, 0.00365020381287, 0.00290055852383, 0.00201243069023, 0.00105825380888, 0.000750534993131], "max": [-0.223232239485, -0.372602939606, -0.384825468063, -0.50648522377, -0.55076032877, -0.559562921524], "mean": [-0.551100790501, -0.696995973587, -0.708529949188, -0.748595833778, -0.770595788956, -0.766695797443], "median": [-0.547366559505, -0.69809538126, -0.714258491993, -0.750526487827, -0.770405471325, -0.76199734211], "min": [-0.992757320404, -0.994840979576, -0.996329784393, -0.986551523209, -0.987869441509, -0.966163635254], "var": [0.00965041760355, 0.00640718545765, 0.00808397401124, 0.00538883544505, 0.00365926488303, 0.00298247346655]}, "spectral_contrast_valleys": {"dmean": [0.394799023867, 0.351410776377, 0.350977748632, 0.376634538174, 0.339715212584, 0.367314577103], "dmean2": [0.616523385048, 0.542539596558, 0.533615589142, 0.547320723534, 0.461590468884, 0.440525710583], "dvar": [0.1748816818, 0.114340059459, 0.115579433739, 0.161480054259, 0.165718525648, 0.228023722768], "dvar2": [0.357581049204, 0.229439169168, 0.225989922881, 0.30860927701, 0.290068566799, 0.341557443142], "max": [-5.54639959335, -4.57952785492, -5.24033927917, -5.72678375244, -6.01468658447, -7.92265987396], "mean": [-8.25229167938, -6.99073505402, -7.67803049088, -8.47234725952, -8.58593177795, -11.3443593979], "median": [-7.89081764221, -6.66461801529, -7.33411979675, -8.14255523682, -8.17719554901, -11.0458774567], "min": [-28.4039916992, -27.9584331512, -27.8518257141, -27.6513614655, -27.5300998688, -27.3923454285], "var": [4.11471033096, 4.99720001221, 5.00033092499, 4.9130616188, 4.8222951889, 4.36560249329]}, "spectral_decrease": {"dmean": 1.75887127085e-09, "dmean2": 2.62097521464e-09, "dvar": 5.78167567157e-18, "dvar2": 1.31345569284e-17, "max": 2.20216246519e-28, "mean": -5.78620706904e-09, "median": -4.79928363717e-09, "min": -2.51055141121e-08, "var": 1.81990206868e-17}, "spectral_energy": {"dmean": 0.00698515959084, "dmean2": 0.0103572793305, "dvar": 8.96488272701e-05, "dvar2": 0.000200873444555, "max": 0.100966863334, "mean": 0.0233393758535, "median": 0.0193697046489, "min": 9.89161963537e-21, "var": 0.00029319897294}, "spectral_energyband_high": {"dmean": 0.000149745552335, "dmean2": 0.000197040586499, "dvar": 1.06557422441e-07, "dvar2": 1.8399811097e-07, "max": 0.00831041671336, "mean": 0.000312661548378, "median": 9.67683008639e-05, "min": 7.11803295827e-21, "var": 3.10479208565e-07}, "spectral_energyband_low": {"dmean": 0.00126466678921, "dmean2": 0.00213693245314, "dvar": 1.34722067742e-05, "dvar2": 3.71070273104e-05, "max": 0.0491981506348, "mean": 0.00230571278371, "median": 0.00138002773747, "min": 1.91110894403e-23, "var": 1.23389572764e-05}, "spectral_energyband_middle_high": {"dmean": 0.00211698678322, "dmean2": 0.00301623903215, "dvar": 1.01812929643e-05, "dvar2": 1.99839651032e-05, "max": 0.0609324425459, "mean": 0.00591222802177, "median": 0.003775927471, "min": 1.24020031365e-21, "var": 4.48487480753e-05}, "spectral_energyband_middle_low": {"dmean": 0.00565364724025, "dmean2": 0.00847523193806, "dvar": 6.64226536173e-05, "dvar2": 0.000158273629495, "max": 0.0878320038319, "mean": 0.0160668902099, "median": 0.0126552833244, "min": 1.68411567006e-22, "var": 0.000181607872946}, "spectral_entropy": {"dmean": 0.202041089535, "dmean2": 0.275834083557, "dvar": 0.0538362748921, "dvar2": 0.0979365855455, "max": 9.82485198975, "mean": 7.04319810867, "median": 7.08521604538, "min": 4.41068410873, "var": 0.469518452883}, "spectral_flux": {"dmean": 0.0212810691446, "dmean2": 0.0328382067382, "dvar": 0.000625953485724, "dvar2": 0.00137855857611, "max": 0.249059826136, "mean": 0.0715574398637, "median": 0.0629605278373, "min": 6.07914760198e-11, "var": 0.00184850057121}, "spectral_kurtosis": {"dmean": 4.35853242874, "dmean2": 7.18402719498, "dvar": 50.5781784058, "dvar2": 132.582870483, "max": 134.960037231, "mean": 11.2088050842, "median": 7.00279521942, "min": -1.27537310123, "var": 212.141448975}, "spectral_rms": {"dmean": 0.000677701144014, "dmean2": 0.000975172093604, "dvar": 6.44276553885e-07, "dvar2": 1.34278911901e-06, "max": 0.00992493145168, "mean": 0.00440105330199, "median": 0.00434709945694, "min": 3.10650290214e-12, "var": 3.40086808137e-06}, "spectral_rolloff": {"dmean": 336.968048096, "dmean2": 562.458312988, "dvar": 608174.25, "dvar2": 1267216.875, "max": 19875.1464844, "mean": 1330.4083252, "median": 1033.59375, "min": 64.599609375, "var": 3863653}, "spectral_skewness": {"dmean": 0.388391137123, "dmean2": 0.612251996994, "dvar": 0.23368281126, "dvar2": 0.579959332943, "max": 9.97970485687, "mean": 2.22495985031, "median": 1.98055410385, "min": -0.0535770691931, "var": 1.39234650135}, "spectral_spread": {"dmean": 532616.1875, "dmean2": 711339.875, "dvar": 736024985600, "dvar2": 1250878685180.0, "max": 43103376, "mea