{"lowlevel": {"average_loudness": 0.923857271671, "barkbands": {"dmean": [7.33413162379e-06, 0.000560068932828, 0.000724031124264, 0.000312049291097, 0.000533628626727, 0.000200028836844, 0.000179603783181, 0.000160464202054, 0.000286797061563, 0.000175763168954, 0.000242396301473, 0.000348422705429, 0.000395088020014, 0.00052108935779, 0.000357815210009, 0.000370441557607, 0.000383063190384, 0.000422622222686, 0.000392872345401, 0.000218630899326, 8.27303374535e-05, 9.7391064628e-05, 9.81369230431e-05, 5.44601898582e-05, 5.32597914571e-05, 9.57509837463e-06, 7.29325364546e-08], "dmean2": [1.29173249661e-05, 0.000828940130305, 0.00120204465929, 0.000482122588437, 0.000831005047075, 0.000305258843582, 0.000276367907645, 0.000246541021625, 0.000431140535511, 0.000244733411819, 0.000349445297616, 0.000521608977579, 0.000588989874814, 0.00075426971307, 0.000536541861948, 0.000526261806954, 0.000547555449884, 0.000624977925327, 0.000560354208574, 0.000327879854012, 0.000126869636006, 0.000158990806085, 0.000173264750629, 9.87513340078e-05, 9.51501206146e-05, 1.75599507202e-05, 1.33082679099e-07], "dvar": [1.66853572625e-10, 2.80466588265e-06, 3.05687490254e-06, 4.96526467941e-07, 8.01191958999e-07, 1.53219190224e-07, 2.7771974942e-07, 2.83781730559e-07, 7.8766754541e-07, 3.69028583691e-07, 7.68897336911e-07, 8.87674389105e-07, 1.47760340496e-06, 2.26698512051e-06, 1.16097055525e-06, 1.01594719126e-06, 5.24019924342e-07, 1.06750326268e-06, 4.58750349708e-07, 2.2327155591e-07, 2.29549570463e-08, 3.59333220956e-08, 4.32246523019e-08, 1.30149206967e-08, 1.07659339221e-08, 3.79391795757e-10, 4.35852830878e-14], "dvar2": [4.06480432646e-10, 6.06826188232e-06, 7.8654529716e-06, 1.10517373741e-06, 1.83318593372e-06, 3.34921594458e-07, 6.0487434439e-07, 6.25188306458e-07, 1.65107110206e-06, 7.30539852611e-07, 1.52258076014e-06, 1.85371766293e-06, 3.3100247947e-06, 4.45636987934e-06, 2.52964400715e-06, 1.94796166397e-06, 9.99754888653e-07, 2.03945000976e-06, 8.72622365478e-07, 4.78467597986e-07, 5.38831628205e-08, 8.58690256678e-08, 1.14769896697e-07, 3.60125511634e-08, 2.84401977524e-08, 1.02429020821e-09, 1.22473401863e-13], "max": [0.000199031084776, 0.0230473726988, 0.0245301034302, 0.0121324397624, 0.017316782847, 0.00835922639817, 0.0130583578721, 0.0137800257653, 0.0160082168877, 0.012004497461, 0.0215476490557, 0.0192155782133, 0.0318835824728, 0.0268344394863, 0.0246294196695, 0.0228370763361, 0.0151557326317, 0.0184452217072, 0.0104357637465, 0.0128568839282, 0.00291376025416, 0.00341704906896, 0.00378308445215, 0.00159962871112, 0.000913117837626, 0.000197007626412, 3.28907322e-06], "mean": [6.8059230216e-06, 0.00073301687371, 0.000980197452009, 0.000633562856819, 0.00100712769199, 0.000457590795122, 0.000328437017743, 0.000224159433856, 0.000409001542721, 0.00026342520141, 0.000382334954338, 0.000510757556185, 0.000581342435908, 0.000755170185585, 0.000533015350811, 0.000683868012857, 0.000774350948632, 0.000967727683019, 0.000828297925182, 0.000363670231309, 0.000117213792691, 0.000113889364002, 8.34286984173e-05, 3.98400479753e-05, 3.82131656806e-05, 6.08583741268e-06, 7.4119903104e-08], "median": [3.4749950828e-06, 0.000100444434793, 0.000293659046292, 0.000189611309906, 0.000506544427481, 0.000221357186092, 0.000153387809405, 3.0490276913e-05, 4.59534567199e-05, 2.8863116313e-05, 2.88813462248e-05, 7.99540212029e-05, 9.34822892305e-05, 0.000104841099528, 0.000119531578093, 0.000154561610543, 0.0002460872347, 0.00024458632106, 0.000264510686975, 0.000137572817039, 4.80947637698e-05, 3.60507183359e-05, 1.57019494509e-05, 5.52271467313e-06, 3.48798107552e-06, 3.05435264636e-07, 3.41511707802e-08], "min": [7.1617403314e-16, 8.62432853268e-15, 2.63535285649e-15, 1.66430412136e-15, 1.40672572197e-14, 1.14834306479e-14, 1.39080294251e-14, 9.73959225038e-15, 3.36080718377e-14, 2.4472962109e-14, 2.15376066997e-14, 4.85574308626e-14, 5.21724556732e-14, 7.97875491804e-14, 1.02072931813e-13, 1.31798828036e-13, 9.96855389576e-14, 2.02983517581e-13, 2.3554940008e-13, 3.77284087218e-13, 4.67194913398e-13, 6.07253667923e-13, 5.88018674551e-13, 6.90076739241e-13, 1.6724319412e-12, 2.28003705326e-12, 3.67033514692e-10], "var": [1.60658444881e-10, 3.91124649468e-06, 3.50046366293e-06, 1.40091174217e-06, 1.98513998839e-06, 5.08357516082e-07, 5.28455700533e-07, 5.52127005449e-07, 1.43365548411e-06, 7.49105993236e-07, 1.90100888631e-06, 2.07233051697e-06, 2.6257484933e-06, 4.27633176514e-06, 1.98244993044e-06, 2.60484421233e-06, 1.62743174315e-06, 4.49075150755e-06, 1.58705222475e-06, 4.71036685212e-07, 3.41327996978e-08, 5.22724477037e-08, 3.91822467805e-08, 8.77827321943e-09, 7.88303466948e-09, 2.50038628691e-10, 2.7328355914e-14]}, "barkbands_crest": {"dmean": 2.2733066082, "dmean2": 3.66912579536, "dvar": 4.8338599205, "dvar2": 11.8605690002, "max": 26.6636505127, "mean": 9.34371089935, "median": 8.27806854248, "min": 2.35214281082, "var": 19.614025116}, "barkbands_flatness_db": {"dmean": 0.0245278067887, "dmean2": 0.0367842279375, "dvar": 0.000575115438551, "dvar2": 0.00129960733466, "max": 0.506761491299, "mean": 0.140912696719, "median": 0.136119127274, "min": 0.0399531945586, "var": 0.00291630183347}, "barkbands_kurtosis": {"dmean": 3.53791379929, "dmean2": 5.71437883377, "dvar": 1753.08496094, "dvar2": 4427.42089844, "max": 2219.27880859, "mean": 4.7057261467, "median": -0.379146754742, "min": -1.99632406235, "var": 1449.45410156}, "barkbands_skewness": {"dmean": 0.599044382572, "dmean2": 0.886594235897, "dvar": 1.0057939291, "dvar2": 2.43273019791, "max": 40.5111122131, "mean": 0.296431332827, "median": 0.201837554574, "min": -15.7279672623, "var": 4.95245027542}, "barkbands_spread": {"dmean": 8.12818622589, "dmean2": 12.9976110458, "dvar": 104.96736145, "dvar2": 261.115020752, "max": 168.082305908, "mean": 29.5289573669, "median": 28.1408233643, "min": 0.186572343111, "var": 257.266448975}, "dissonance": {"dmean": 0.0108415745199, "dmean2": 0.0180352609605, "dvar": 0.00019208980666, "dvar2": 0.000508953467943, "max": 0.500000059605, "mean": 0.478548586369, "median": 0.485572040081, "min": 0.29830250144, "var": 0.000448177335784}, "dynamic_complexity": 4.09228134155, "erbbands": {"dmean": [0.00381627795286, 0.169222488999, 0.844593524933, 0.79174041748, 1.11744725704, 2.42328476906, 1.90634286404, 1.40505981445, 2.00833368301, 2.99882769585, 4.24923944473, 6.05590009689, 5.33734798431, 6.96856689453, 9.37825584412, 13.4034137726, 16.5002555847, 23.056520462, 17.447435379, 22.5971546173, 17.9637413025, 21.7078399658, 22.6866931915, 16.5899486542, 20.6723022461, 9.0314540863, 3.63769030571, 3.71716713905, 3.39497303963, 3.48989129066, 2.40325546265, 1.21102833748, 0.901594519615, 0.703222453594, 0.313623934984, 0.0841903835535, 0.00837875157595, 0.000445086276159, 2.42788082687e-05, 6.16782654106e-06], "dmean2": [0.005849015899, 0.252727508545, 1.3735408783, 1.23842406273, 1.74810016155, 3.85957121849, 2.89613103867, 2.13552927971, 3.07127690315, 4.63547420502, 6.33987522125, 9.05502414703, 7.76587247849, 9.23286819458, 13.6429395676, 19.9868240356, 24.1043434143, 31.581993103, 25.1431064606, 32.8179779053, 25.5526809692, 30.4040336609, 33.0529632568, 24.0957775116, 29.0667819977, 13.3916311264, 5.52865982056, 5.78251504898, 5.51597356796, 5.86216449738, 4.2548995018, 2.1832716465, 1.63580012321, 1.26371526718, 0.556286990643, 0.152920678258, 0.0153634482995, 0.000811915902887, 4.30018590123e-05, 9.04988246475e-06], "dvar": [0.00012690697622, 0.250589102507, 4.80721378326, 2.62450242043, 3.73051643372, 18.3845100403, 17.8895626068, 7.23419094086, 25.3694915771, 136.873153687, 167.896820068, 388.564971924, 344.404541016, 549.993835449, 949.463562012, 1247.34289551, 2662.78295898, 4304.99267578, 2631.62719727, 4952.54980469, 1746.49975586, 1602.44287109, 2933.07788086, 1233.9017334, 1355.96044922, 380.00793457, 40.8855056763, 51.3729438782, 40.7190704346, 57.8114204407, 24.9995346069, 7.24777889252, 3.33970022202, 1.90539932251, 0.4231107831, 0.0288586132228, 0.000293733377475, 8.48561398925e-07, 2.50156029225e-09, 6.59853768847e-11], "dvar2": [0.000298465776723, 0.547790586948, 11.8894538879, 6.17009353638, 8.76746177673, 43.9127807617, 37.8330154419, 16.0087203979, 54.0003929138, 309.559509277, 337.261413574, 849.090881348, 725.10144043, 902.740905762, 2006.25415039, 2608.63061523, 5911.74755859, 7882.28662109, 5450.58447266, 10105.4365234, 3411.0690918, 3001.97460938, 5431.12158203, 2419.9453125, 2653.03710938, 790.925476074, 90.4883956909, 126.543701172, 98.3658065796, 139.512207031, 67.2894744873, 20.2140769958, 9.15523719788, 5.11589050293, 1.11887741089, 0.0773347467184, 0.000796662876382, 2.30283558267e-06, 6.80316514234e-09, 1.48075371409e-10], "max": [0.175676763058, 7.01507091522, 32.1496505737, 26.7124195099, 34.1142616272, 79.3905410767, 113.375999451, 59.4531326294, 173.940689087, 349.602722168, 328.179473877, 398.104522705, 380.725006104, 736.797180176, 687.507629395, 737.458007813, 1455.4810791, 1443.46130371, 919.217346191, 1726.8046875, 1141.67578125, 807.030822754, 1003.43280029, 633.04876709, 602.94329834, 412.759979248, 109.00176239, 174.440734863, 107.755088806, 178.724197388, 64.1100845337, 38.4121780396, 24.0421524048, 12.1818590164, 8.993309021, 1.90925228596, 0.164278045297, 0.0108629530296, 0.000597588543314, 9.83486534096e-05], "mean": [0.00496856914833, 0.224214345217, 1.12032854557, 1.63838410378, 2.12332725525, 4.17554044724, 4.30471515656, 3.41965579987, 4.12857961655, 4.67857074738, 6.67529916763, 8.64308929443, 8.04537296295, 12.5089979172, 14.9386091232, 20.8205337524, 27.3490524292, 37.3396339417, 26.1732616425, 39.1094474792, 36.9052085876, 46.7723884583, 54.0247306824, 38.2270736694, 42.5058784485, 16.5681438446, 5.73864841461, 4.972615242, 3.99065470695, 3.6303999424, 1.9907708168, 0.945399522781, 0.623909771442, 0.489388138056, 0.22989872098, 0.0556588247418, 0.00535269640386, 0.000309402239509, 2.7425985536e-05, 1.76554040081e-05], "median": [0.00110441748984, 0.0410920232534, 0.34194329381, 0.699529469013, 1.00580668449, 2.02339696884, 1.71006441116, 1.78885579109, 2.29591798782, 1.55415713787, 0.936808943748, 1.15376985073, 0.985610127449, 1.30599236488, 1.81508398056, 3.59635353088, 5.29854345322, 5.63352489471, 5.76703357697, 9.2957572937, 9.84403896332, 16.5000152588, 16.1683197021, 14.2821645737, 14.7370443344, 7.20329666138, 2.4923825264, 1.96741437912, 1.30165421963, 0.895917654037, 0.372979015112, 0.159655347466, 0.0680191516876, 0.0428286828101, 0.0206140838563, 0.00336346728727, 0.000338983139955, 4.44958495791e-05, 1.50367850438e-05, 1.45421763591e-05], "min": [2.73344498078e-13, 1.84054833006e-12, 5.55387289977e-12, 1.19913393451e-11, 1.92471281968e-11, 4.20947998681e-11, 8.79365399942e-11, 1.49942336325e-10, 3.27335908379e-10, 2.87870227655e-10, 2.60318044898e-10, 8.96049123789e-10, 8.47403813786e-10, 1.72586456237e-09, 2.1273347528e-09, 2.76301070912e-09, 3.59608010037e-09, 2.7845918904e-09, 6.3646483639e-09, 6.12845507675e-09, 7.74287123306e-09, 6.02782135317e-09, 9.54765511096e-09, 9.79122471989e-09, 1.94395504138e-08, 2.03711376656e-08, 1.53598769259e-08, 1.85035951006e-08, 1.58059894062e-08, 2.13820765538e-08, 1.94559355293e-08, 1.64515654433e-08, 1.1730904248e-08, 1.64773954481e-08, 1.01892538851e-08, 6.75557432217e-09, 4.35600222559e-09, 3.28162830243e-09, 5.26708365811e-09, 7.32839344764e-09], "var": [0.000153552202391, 0.346697837114, 5.66266584396, 5.74450016022, 8.96586322784, 37.3914146423, 60.9270248413, 24.7143707275, 66.8668441772, 193.558074951, 450.09967041, 638.778869629, 582.628051758, 1721.7677002, 2023.0838623, 2970.21801758, 5077.57324219, 10335.3017578, 4523.28955078, 10046.8193359, 5514.42431641, 5290.16308594, 12312.4853516, 4396.15429688, 4058.72851563, 900.886047363, 79.1690063477, 66.6931762695, 56.5572776794, 81.050239563, 20.8496742249, 4.98887681961, 2.23365998268, 1.33526861668, 0.312447577715, 0.0196991600096, 0.000191934377654, 5.61458762149e-07, 1.83408710441e-09, 1.95560401206e-10]}, "erbbands_crest": {"dmean": 2.51559352875, "dmean2": 3.96894431114, "dvar": 5.95155239105, "dvar2": 14.2183523178, "max": 30.0631065369, "mean": 9.91195106506, "median": 9.02491950989, "min": 2.27908229828, "var": 21.0792255402}, "erbbands_flatness_db": {"dmean": 0.0269882921129, "dmean2": 0.0373805500567, "dvar": 0.000694942020345, "dvar2": 0.00132020318415, "max": 0.39033344388, "mean": 0.19728115201, "median": 0.19745850563, "min": 0.0139384381473, "var": 0.0037613529712}, "erbbands_kurtosis": {"dmean": 1.56475698948, "dmean2": 2.24992084503, "dvar": 6.21458005905, "dvar2": 11.2591199875, "max": 47.7627563477, "mean": 2.42571592331, "median": 0.515076994896, "min": -1.84000253677, "var": 27.6071872711}, "erbbands_skewness": {"dmean": 0.41695189476, "dmean2": 0.608939945698, "dvar": 0.200045138597, "dvar2": 0.419163256884, "max": 3.2896270752, "mean": -0.83637368679, "median": -0.689188718796, "min": -5.63032865524, "var": 1.23368537426}, "erbbands_spread": {"dmean": 8.59815406799, "dmean2": 12.8461952209, "dvar": 112.890579224, "dvar2": 237.325149536, "max": 144.96534729, "mean": 33.2761459351, "median": 27.887752533, "min": 2.40413069725, "var": 483.642486572}, "gfcc": {"cov": [[26651.0820313, 2012.05651855, -3585.65698242, 1229.89172363, -1524.57055664, 230.230361938, -1172.18103027, 121.630187988, -843.886291504, -99.5512924194, -379.904724121, -234.65927124, -315.834259033], [2012.05651855, 1575.70788574, -570.392150879, 30.0362815857, 254.365997314, -261.56463623, 121.27545929, -100.980636597, 51.8750534058, -129.269104004, 57.3147010803, -105.614051819, -8.21692085266], [-3585.65698242, -570.392150879, 1641.13098145, 234.571472168, 83.8731079102, 270.257843018, -70.7240829468, 95.6420516968, 59.1701316833, 146.006210327, -52.7664108276, 128.951599121, -11.0784740448], [1229.89172363, 30.0362815857, 234.571472168, 593.72454834, 109.032592773, 14.9968986511, -145.852737427, 32.8265075684, 30.4555854797, 44.4570617676, -47.7902374268, -4.47652864456, 2.40071415901], [-1524.57055664, 254.365997314, 83.8731079102, 109.032592773, 509.573486328, -99.4774017334, 136.591583252, 16.0214385986, 144.563522339, -29.3555641174, 36.2444725037, -31.9478721619, 29.5532093048], [230.230361938, -261.56463623, 270.257843018, 14.9968986511, -99.4774017334, 338.968963623, 39.7054481506, 30.8396511078, -68.4013214111, 42.8066635132, -40.6639213562, 22.4290866852, -22.3939151764], [-1172.18103027, 121.27545929, -70.7240829468, -145.852737427, 136.591583252, 39.7054481506, 366.694580078, 8.51440429688, 33.6431808472, -55.1318283081, 70.9899978638, -30.6048336029, 12.7958068848], [121.630187988, -100.980636597, 95.6420516968, 32.8265075684, 16.0214385986, 30.8396511078, 8.51440429688, 144.927307129, 15.3357820511, 6.92443132401, -7.7444396019, 1.11461293697, -22.0698814392], [-843.886291504, 51.8750534058, 59.1701316833, 30.4555854797, 144.563522339, -68.4013214111, 33.6431808472, 15.3357820511, 164.179122925, 12.1740045547, 4.38385248184, -16.8913192749, 29.697385788], [-99.5512924194, -129.269104004, 146.006210327, 44.4570617676, -29.3555641174, 42.8066635132, -55.1318283081, 6.92443132401, 12.1740045547, 100.511657715, -12.3330774307, 3.84850287437, 7.5860824585], [-379.904724121, 57.3147010803, -52.7664108276, -47.7902374268, 36.2444725037, -40.6639213562, 70.9899978638, -7.7444396019, 4.38385248184, -12.3330774307, 100.098457336, 12.5888118744, -11.7833490372], [-234.65927124, -105.614051819, 128.951599121, -4.47652864456, -31.9478721619, 22.4290866852, -30.6048336029, 1.11461293697, -16.8913192749, 3.84850287437, 12.5888118744, 86.8368377686, -0.172826856375], [-315.834259033, -8.21692085266, -11.0784740448, 2.40071415901, 29.5532093048, -22.3939151764, 12.7958068848, -22.0698814392, 29.697385788, 7.5860824585, -11.7833490372, -0.172826856375, 90.9287719727]], "icov": [[0.000578778970521, -0.000925516651478, 0.00157400022727, -0.00154598534573, 0.00126781396102, -0.00144453358371, 0.00115081341937, -0.00165187683888, 0.00102231395431, -0.000531577679794, 0.000872060831171, -0.000615046941675, 0.000650897447485], [-0.000925516651478, 0.00244121346623, -0.00235080160201, 0.0022853075061, -0.00235000345856, 0.00270421267487, -0.00199390319176, 0.00322252488695, -0.00159063236788, 0.00147206592374, -0.0014720344916, 0.00160711992066, -0.000639348872937], [0.00157400022727, -0.00235080160201, 0.00533864460886, -0.00443558068946, 0.0030699078925, -0.00451596966013, 0.00307457637973, -0.00467192335054, 0.00234766141511, -0.00241326424293, 0.00277645862661, -0.00315738422796, 0.00213410099968], [-0.00154598534573, 0.0022853075061, -0.00443558068946, 0.00642184400931, -0.00415455363691, 0.00351233314723, -0.00185758736916, 0.00397464958951, -0.0025836462155, 0.0011252425611, -0.00213861046359, 0.00213190191425, -0.0019550351426], [0.00126781396102, -0.00235000345856, 0.0030699078925, -0.00415455363691, 0.00631381431594, -0.00253201811574, 0.00132734770887, -0.00376743404195, 9.05896959011e-05, -0.000361335783964, 0.00143468601163, -0.000884226057678, 0.00108293467201], [-0.00144453358371, 0.00270421267487, -0.00451596966013, 0.00351233314723, -0.00253201811574, 0.00886850431561, -0.00510748801753, 0.00399621482939, -0.000497464672662, -0.000423666700954, 0.000500665802974, 0.00104756536894, -0.000455597473774], [0.00115081341937, -0.00199390319176, 0.00307457637973, -0.00185758736916, 0.00132734770887, -0.00510748801753, 0.00768034718931, -0.00386334420182, 0.00138492265251, 0.00152867566794, -0.002105276566, 0.00109354464803, -0.000317650294164], [-0.00165187683888, 0.00322252488695, -0.00467192335054, 0.00397464958951, -0.00376743404195, 0.00399621482939, -0.00386334420182, 0.0128348404542, -0.00399141060188, 0.00187316781376, -0.00173171272036, 0.00204650545493, 0.000673731788993], [0.00102231395431, -0.00159063236788, 0.00234766141511, -0.0025836462155, 9.05896959011e-05, -0.000497464672662, 0.00138492265251, -0.00399141060188, 0.0115898707882, -0.00308976182714, 0.00229240464978, -3.27878005919e-05, -0.000784668431152], [-0.000531577679794, 0.00147206592374, -0.00241326424293, 0.0011252425611, -0.000361335783964, -0.000423666700954, 0.00152867566794, 0.00187316781376, -0.00308976182714, 0.0151177709922, -0.00333213154227, 0.00369393313304, -0.00246140244417], [0.000872060831171, -0.0014720344916, 0.00277645862661, -0.00213861046359, 0.00143468601163, 0.000500665802974, -0.002105276566, -0.00173171272036, 0.00229240464978, -0.00333213154227, 0.0163669642061, -0.00575852766633, 0.0044630356133], [-0.000615046941675, 0.00160711992066, -0.00315738422796, 0.00213190191425, -0.000884226057678, 0.00104756536894, 0.00109354464803, 0.00204650545493, -3.27878005919e-05, 0.00369393313304, -0.00575852766633, 0.0170299187303, -0.00255519268103], [0.000650897447485, -0.000639348872937, 0.00213410099968, -0.0019550351426, 0.00108293467201, -0.000455597473774, -0.000317650294164, 0.000673731788993, -0.000784668431152, -0.00246140244417, 0.0044630356133, -0.00255519268103, 0.0142914960161]], "mean": [-78.3404006958, 80.5620498657, -151.370788574, 51.6952667236, -48.5208625793, 0.54975348711, -45.4588165283, -0.910554289818, -28.5435943604, -6.16654491425, -11.8976802826, -5.8122420311, -12.3946647644]}, "hfc": {"dmean": 6.6064119339, "dmean2": 9.31870174408, "dvar": 76.0810317993, "dvar2": 151.773284912, "max": 97.8613815308, "mean": 18.4879741669, "median": 13.552942276, "min": 1.00797624327e-05, "var": 303.474853516}, "melbands": {"dmean": [9.05859633349e-05, 0.000367183005437, 0.000142416567542, 0.000125255333842, 7.32251719455e-05, 3.30420371029e-05, 3.15664437949e-05, 3.21104416798e-05, 3.90503955714e-05, 3.83253354812e-05, 2.72497818514e-05, 2.85029582301e-05, 3.32597592205e-05, 3.68651526514e-05, 4.3892308895e-05, 3.79489865736e-05, 4.65976336272e-05, 3.23371896229e-05, 2.87460770778e-05, 2.76615137409e-05, 2.30441710301e-05, 2.38424163399e-05, 2.37842905335e-05, 1.98450834432e-05, 1.34408437589e-05, 1.7175461835e-05, 1.22089595607e-05, 5.24486449649e-06, 2.58131080955e-06, 1.92532343135e-06, 2.40967710852e-06, 2.07464972846e-06, 1.78932054951e-06, 2.18516765926e-06, 1.63268157394e-06, 7.34648324396e-07, 7.8398761616e-07, 7.16044098681e-07, 4.77710443647e-07, 6.45058378268e-07], "dmean2": [0.00013475776359, 0.00058074912522, 0.000220292029553, 0.000196026114281, 0.000111707748147, 5.0193608331e-05, 4.85438395117e-05, 4.96256761835e-05, 5.87269096286e-05, 5.73906108912e-05, 3.95208844566e-05, 3.79303055524e-05, 4.73674881505e-05, 5.41795307072e-05, 6.67402709951e-05, 5.43257337995e-05, 6.5131993324e-05, 4.76371460536e-05, 4.2341016524e-05, 3.86208739656e-05, 3.39280777553e-05, 3.34555879817e-05, 3.46833148797e-05, 2.95863646897e-05, 1.98696288862e-05, 2.42481073656e-05, 1.77495930984e-05, 8.04752744443e-06, 4.01638999392e-06, 2.92123627332e-06, 3.85802604796e-06, 3.43147189596e-06, 2.88534465653e-06, 3.75264835384e-06, 2.91260835183e-06, 1.30150158384e-06, 1.43222189308e-06, 1.30844057367e-06, 8.57390375586e-07, 1.16242131298e-06], "dvar": [7.3092124353e-08, 9.67777395999e-07, 7.74907391587e-08, 4.41124115014e-08, 2.10881605511e-08, 3.76438080707e-09, 6.70355193577e-09, 1.41381244489e-08, 1.43754252946e-08, 1.56430139953e-08, 8.99684593492e-09, 8.83130191198e-09, 1.30406681009e-08, 1.17030216629e-08, 1.64893716459e-08, 1.20877770016e-08, 1.84799695546e-08, 1.09776943091e-08, 7.71850139358e-09, 7.71301067459e-09, 3.08557179807e-09, 2.23946505784e-09, 2.46507037005e-09, 2.78215184224e-09, 8.27569845985e-10, 1.02576458438e-09, 6.43500364106e-10, 1.58428797858e-10, 2.29584701944e-11, 1.13385308087e-11, 2.55351711997e-11, 1.53080811915e-11, 1.66128916179e-11, 2.47327922032e-11, 1.20891829533e-11, 2.33452862076e-12, 3.73011213931e-12, 2.31988213362e-12, 8.87382290045e-13, 1.69765601316e-12], "dvar2": [1.60885420541e-07, 2.2827846351e-06, 1.78374634174e-07, 1.03701374599e-07, 4.46298713541e-08, 8.19736367674e-09, 1.45188598921e-08, 3.20551869493e-08, 2.8297719723e-08, 3.40163524015e-08, 1.87471975721e-08, 1.47270906581e-08, 2.66489585954e-08, 2.26109921897e-08, 3.74167044015e-08, 2.48361970989e-08, 3.49111708431e-08, 2.31299743803e-08, 1.69076468381e-08, 1.39278482081e-08, 6.33739727363e-09, 4.13512868391e-09, 4.77836303858e-09, 5.39254463305e-09, 1.65596736323e-09, 1.98422567266e-09, 1.37986899684e-09, 3.36075584029e-10, 5.14570851207e-11, 2.47816350774e-11, 6.63211430219e-11, 3.82587364567e-11, 3.97110469508e-11, 6.29359481197e-11, 3.27602042716e-11, 6.38720890414e-12, 1.05475845072e-11, 6.414290106e-12, 2.39523830457e-12, 4.57859618275e-12], "max": [0.00375979393721, 0.0145924650133, 0.0045315567404, 0.00368607789278, 0.00403406890109, 0.00137408287264, 0.00238582747988, 0.00322546553798, 0.00298783439212, 0.00228847796097, 0.00195343699306, 0.00274326861836, 0.00269416696392, 0.00252708257176, 0.0036895936355, 0.0024072532542, 0.00263853394426, 0.00215303897858, 0.00216942117549, 0.00218087085523, 0.00132072786801, 0.00103398156352, 0.00109083531424, 0.00101514474954, 0.000525018374901, 0.000602408603299, 0.000786921067629, 0.000277485902188, 8.90359078767e-05, 5.70646006963e-05, 0.000130592787173, 5.26684016222e-05, 8.46295952215e-05, 0.000117532443255, 4.86067692691e-05, 1.83424490388e-05, 3.27155357809e-05, 2.26409101742e-05, 8.94025470188e-06, 1.17239178508e-05], "mean": [0.000118857038615, 0.000503026822116, 0.000303779233946, 0.000223264214583, 0.000167183636222, 7.97204775154e-05, 6.29494825262e-05, 4.87076031277e-05, 6.06660614721e-05, 5.32196718268e-05, 3.96420364268e-05, 4.90497695864e-05, 5.3048657719e-05, 5.13729683007e-05, 6.35875039734e-05, 6.06299872743e-05, 7.03783443896e-05, 4.2971532821e-05, 4.32749329775e-05, 4.89231206302e-05, 4.26259211963e-05, 4.74769549328e-05, 5.00726018799e-05, 4.49290273536e-05, 2.85148453258e-05, 3.47193890775e-05, 2.24047089432e-05, 8.40307257022e-06, 3.72672616322e-06, 2.73643354376e-06, 2.932792313e-06, 2.29109082284e-06, 2.08398910218e-06, 2.05008927878e-06, 1.30501666717e-06, 6.19525280854e-07, 5.72176418245e-07, 4.80970072658e-07, 3.39622857837e-07, 4.43723507715e-07], "median": [1.75967725227e-05, 0.00013895831944, 0.000145907601109, 0.00012207335385, 7.22221811884e-05, 4.13632005802e-05, 3.40115657309e-05, 1.35288300953e-05, 7.16803560863e-06, 6.325850336e-06, 4.20725518779e-06, 4.91550599691e-06, 5.34996615897e-06, 7.2785901466e-06, 1.15788789117e-05, 9.5413033705e-06, 9.5667601272e-06, 7.06885566615e-06, 9.85107180895e-06, 1.03112497527e-05, 1.06516672531e-05, 1.32385803226e-05, 1.46629245137e-05, 1.02722260635e-05, 9.36230026127e-06, 1.01970344986e-05, 7.77124841989e-06, 2.8720373848e-06, 1.39083840622e-06, 1.09889231226e-06, 1.05981348497e-06, 7.07032199898e-07, 6.0092406784e-07, 4.30277623309e-07, 2.20491187974e-07, 1.15873824313e-07, 8.22784969046e-08, 4.79120885188e-08, 3.30410259153e-08, 3.62534535725e-08], "min": [3.22238819355e-15, 2.78617639011e-15, 3.04792418213e-15, 1.65210324703e-15, 3.49709876603e-15, 2.9336687549e-15, 4.87324016115e-15, 3.08068000499e-15, 3.05082230536e-15, 5.29921048923e-15, 3.57209209857e-15, 5.32225613814e-15, 6.93933309049e-15, 5.62335475155e-15, 6.67054539589e-15, 3.81058989498e-15, 4.73553632085e-15, 9.46370938429e-15, 8.81284672652e-15, 4.11466244106e-15, 8.51380936779e-15, 6.30544412595e-15, 7.34042987255e-15, 8.51587782225e-15, 7.32745841e-15, 9.91962232705e-15, 1.15760121961e-14, 1.11164875048e-14, 6.2128604602e-15, 1.40067172338e-14, 9.546998134e-15, 5.95335285857e-15, 1.24219719526e-14, 8.60764537175e-15, 9.68624526833e-15, 1.30907569805e-14, 8.9203318194e-15, 7.38745036552e-15, 1.15286266319e-14, 1.19324495895e-14], "var": [9.89951445263e-08, 1.23795734908e-06, 1.82336293619e-07, 8.98715128983e-08, 7.43879553511e-08, 1.33950406322e-08, 1.58282187357e-08, 2.04746015697e-08, 3.95847941093e-08, 2.52347316376e-08, 1.55002091162e-08, 2.66625139744e-08, 3.15099910608e-08, 2.65177053649e-08, 3.0875995094e-08, 2.88542167937e-08, 3.96867783081e-08, 1.69750773438e-08, 1.27691626162e-08, 1.86537896241e-08, 8.34493452118e-09, 7.11094472194e-09, 8.73284733416e-09, 1.15149756397e-08, 2.71504507765e-09, 3.20678483767e-09, 1.44407064084e-09, 3.51360718298e-10, 4.17547663112e-11, 1.93591982722e-11, 2.76752735312e-11, 1.83440554413e-11, 2.54327479215e-11, 2.84108171017e-11, 9.70322693722e-12, 1.81491486336e-12, 2.35686145079e-12, 1.49455773278e-12, 6.26304943237e-13, 1.16865859438e-12]}, "melbands_crest": {"dmean": 3.22247099876, "dmean2": 5.11912727356, "dvar": 10.194480896, "dvar2": 24.1281929016, "max": 39.9613037109, "mean": 13.0356416702, "median": 11.5817966461, "min": 1.6098524332, "var": 38.021068573}, "melbands_flatness_db": {"dmean": 0.0300192702562, "dmean2": 0.0447858721018, "dvar": 0.000951553229243, "dvar2": 0.00205670366995, "max": 0.545037508011, "mean": 0.166331663728, "median": 0.158218771219, "min": 0.00332110445015, "var": 0.00426052464172}, "melbands_kurtosis": {"dmean": 8.69413280487, "dmean2": 13.15782547, "dvar": 7022.22900391, "dvar2": 17061.8242188, "max": 4087.73901367, "mean": 15.4047689438, "median": 1.01348793507, "min": -1.90565335751, "var": 13083.1308594}, "melbands_skewness": {"dmean": 0.752581775188, "dmean2": 1.08749079704, "dvar": 1.7322999239, "dvar2": 3.75053405762, "max": 51.3544464111, "mean": 1.91030728817, "median": 1.23544311523, "min": -2.84945988655, "var": 10.0783538818}, "melbands_spread": {"dmean": 12.7944412231, "dmean2": 20.1155567169, "dvar": 277.978027344, "dvar2": 663.344055176, "max": 179.711486816, "mean": 47.5942344666, "median": 44.3340873718, "min": 0.106352262199, "var": 855.794921875}, "mfcc": {"cov": [[11630.8525391, 212.171005249, -813.44329834, 352.988952637, -206.377960205, -15.3674068451, -105.879142761, -8.22389888763, -277.987884521, 31.6306037903, -34.1912002563, -294.079681396, -48.2294540405], [212.171005249, 1433.25708008, -518.885253906, 204.859207153, 9.91171836853, -9.65799617767, 52.5877037048, 67.7839889526, -29.9951591492, 27.7461566925, 31.397983551, -22.6440696716, -6.72175884247], [-813.44329834, -518.885253906, 1211.20593262, -4.3035607338, 172.894561768, 133.905883789, -10.1200361252, -30.1078796387, 67.10206604, -72.2796173096, -10.603263855, 86.5484542847, 42.2548751831], [352.988952637, 204.859207153, -4.3035607338, 586.429260254, 264.321899414, 17.3575439453, -60.940826416, -11.1137046814, 48.2286911011, 18.4443893433, -7.50984764099, 27.2740631104, 27.18983078], [-206.377960205, 9.91171836853, 172.894561768, 264.321899414, 378.407562256, 39.359577179, -68.6080474854, -10.8280391693, 71.7216339111, 12.2216691971, 9.45359992981, 30.6643333435, 8.07857608795], [-15.3674068451, -9.65799617767, 133.905883789, 17.3575439453, 39.359577179, 212.055862427, 66.1791915894, 5.15329551697, 42.6429977417, 3.47777533531, -8.71403026581, 12.5414428711, 9.74482059479], [-105.879142761, 52.5877037048, -10.1200361252, -60.940826416, -68.6080474854, 66.1791915894, 231.814361572, 90.5295333862, -0.61983525753, 14.007932663, 44.3537368774, 10.9788208008, -20.2176971436], [-8.22389888763, 67.7839889526, -30.1078796387, -11.1137046814, -10.8280391693, 5.15329551697, 90.5295333862, 163.971572876, 12.0945453644, 7.18425893784, 53.1686248779, 0.0997860208154, -5.67813444138], [-277.987884521, -29.9951591492, 67.10206604, 48.2286911011, 71.7216339111, 42.6429977417, -0.61983525753, 12.0945453644, 150.438858032, 54.240814209, -35.2360649109, 14.1425981522, 32.0815429688], [31.6306037903, 27.7461566925, -72.2796173096, 18.4443893433, 12.2216691971, 3.47777533531, 14.007932663, 7.18425893784, 54.240814209, 136.989318848, 13.2443790436, -30.0323295593, 16.6599826813], [-34.1912002563, 31.397983551, -10.603263855, -7.50984764099, 9.45359992981, -8.71403026581, 44.3537368774, 53.1686248779, -35.2360649109, 13.2443790436, 134.340438843, 17.1940631866, -44.3725357056], [-294.079681396, -22.6440696716, 86.5484542847, 27.2740631104, 30.6643333435, 12.5414428711, 10.9788208008, 0.0997860208154, 14.1425981522, -30.0323295593, 17.1940631866, 102.498199463, 8.5601568222], [-48.2294540405, -6.72175884247, 42.2548751831, 27.18983078, 8.07857608795, 9.74482059479, -20.2176971436, -5.67813444138, 32.0815429688, 16.6599826813, -44.3725357056, 8.5601568222, 110.151695251]], "icov": [[0.000106331281131, 2.81516786345e-05, 5.022125697e-05, -0.000131719541969, 9.06876739464e-05, -0.000106280458567, 7.81692142482e-05, -6.55087787891e-05, 0.000209426332731, -3.28141795762e-05, 3.72151444026e-05, 0.000235421452089, 1.59090377565e-05], [2.81516786345e-05, 0.000916139455512, 0.00041256294935, -0.000365605956176, 1.78893333214e-06, -0.00019008788513, -0.000123541147332, -0.000255650113104, 0.000227207943681, 5.24372735526e-05, -6.0925634898e-05, 7.28206141503e-05, -0.000123259131215], [5.022125697e-05, 0.00041256294935, 0.00127638306003, 0.000119829295727, -0.000530355900992, -0.000628651352599, -3.48417561327e-05, 0.000132976681925, -0.0001987254509, 0.000722745491657, -0.000275159749435, -0.00030682949, -0.000515503052156], [-0.000131719541969, -0.000365605956176, 0.000119829295727, 0.00292536104098, -0.00207256455906, 0.000113667701953, 6.87747597112e-05, 9.80391996563e-05, -6.07462025073e-05, -0.000171206906089, 0.000259760447079, -0.000784949806985, -0.000479195645312], [9.06876739464e-05, 1.78893333214e-06, -0.000530355900992, -0.00207256455906, 0.00501645356417, -0.000649273977615, 0.00148929888383, -0.000201831775485, -0.00155208806973, 5.38291242265e-05, -0.00113094784319, 4.10722204833e-05, 0.000692463654559], [-0.000106280458567, -0.00019008788513, -0.000628651352599, 0.000113667701953, -0.000649273977615, 0.00631893379614, -0.00256788777187, 0.00117179821245, -0.00169191474561, 0.000556092592888, 0.000184405173059, 0.000239397224505, -0.000303013221128], [7.81692142482e-05, -0.000123541147332, -3.48417561327e-05, 6.87747597112e-05, 0.00148929888383, -0.00256788777187, 0.00730209844187, -0.00365444901399, 0.000710997206625, -0.00132331869099, -0.00029195798561, -0.0012443511514, 0.00126506225206], [-6.55087787891e-05, -0.000255650113104, 0.000132976681925, 9.80391996563e-05, -0.000201831775485, 0.00117179821245, -0.00365444901399, 0.00961318518966, -0.00282717007212, 0.00209964578971, -0.00418515689671, 0.00176567793824, -0.00170084601268], [0.000209426332731, 0.000227207943681, -0.0001987254509, -6.07462025073e-05, -0.00155208806973, -0.00169191474561, 0.000710997206625, -0.00282717007212, 0.0121808992699, -0.00585732562467, 0.00500131957233, -0.00280424114317, 1.58978291438e-05], [-3.28141795762e-05, 5.24372735526e-05, 0.000722745491657, -0.000171206906089, 5.38291242265e-05, 0.000556092592888, -0.00132331869099, 0.00209964578971, -0.00585732562467, 0.0118146790192, -0.00452458905056, 0.00466268276796, -0.0026999306865], [3.72151444026e-05, -6.0925634898e-05, -0.000275159749435, 0.000259760447079, -0.00113094784319, 0.000184405173059, -0.00029195798561, -0.00418515689671, 0.00500131957233, -0.00452458905056, 0.0131181990728, -0.003999076318, 0.00467421021312], [0.000235421452089, 7.28206141503e-05, -0.00030682949, -0.000784949806985, 4.10722204833e-05, 0.000239397224505, -0.0012443511514, 0.00176567793824, -0.00280424114317, 0.00466268276796, -0.003999076318, 0.013621837832, -0.00230060447939], [1.59090377565e-05, -0.000123259131215, -0.000515503052156, -0.000479195645312, 0.000692463654559, -0.000303013221128, 0.00126506225206, -0.00170084601268, 1.58978291438e-05, -0.0026999306865, 0.00467421021312, -0.00230060447939, 0.0119798351079]], "mean": [-693.695739746, 98.4379577637, -33.2480735779, 40.0451507568, 9.39258480072, 4.14077234268, -3.59993767738, 0.315579205751, -11.9783210754, -6.84731626511, -1.39076161385, -4.96026229858, -0.797968327999]}, "pitch_salience": {"dmean": 0.0694730579853, "dmean2": 0.110620163381, "dvar": 0.00451763160527, "dvar2": 0.0111255701631, "max": 0.864091336727, "mean": 0.579577863216, "median": 0.591804623604, "min": 0.0277573633939, "var": 0.0165415946394}, "silence_rate_20dB": {"dmean": 0, "dmean2": 0, "dvar": 0, "dvar2": 0, "max": 1, "mean": 1, "median": 1, "min": 1, "var": 0}, "silence_rate_30dB": {"dmean": 0, "dmean2": 0, "dvar": 0, "dvar2": 0, "max": 1, "mean": 1, "median": 1, "min": 1, "var": 0}, "silence_rate_60dB": {"dmean": 0.0655852109194, "dmean2": 0.131193295121, "dvar": 0.0612854398787, "dvar2": 0.130729526281, "max": 1, "mean": 0.180502265692, "median": 0, "min": 0, "var": 0.147925972939}, "spectral_centroid": {"dmean": 293.46661377, "dmean2": 449.61907959, "dvar": 145218.625, "dvar2": 310999.65625, "max": 10717.2617188, "mean": 2176.08642578, "median": 2242.33154297, "min": 306.300201416, "var": 496021.84375}, "spectral_complexity": {"dmean": 3.27053904533, "dmean2": 4.85240745544, "dvar": 15.6462221146, "dvar2": 29.7957210541, "max": 49, "mean": 14.8257761002, "median": 15, "min": 0, "var": 72.222366333}, "spectral_contrast_coeffs": {"dmean": [0.0464795157313, 0.0412131920457, 0.0366532281041, 0.0342072360218, 0.0320927612484, 0.029959872365], "dmean2": [0.0769368559122, 0.0655302405357, 0.0569852851331, 0.0506218411028, 0.0454823970795, 0.0445322543383], "dvar": [0.0014963618014, 0.00130032165907, 0.0010612156475, 0.000991720124148, 0.000882964697666, 0.000838753418066], "dvar2": [0.00404014019296, 0.00310716871172, 0.00223491853103, 0.00184360856656, 0.00157121766824, 0.00176570797339], "max": [-0.374665498734, -0.42056402564, -0.45604133606, -0.485951215029, -0.524783194065, -0.555105209351], "mean": [-0.617329001427, -0.738816082478, -0.781027257442, -0.74652326107, -0.733412563801, -0.742558538914], "median": [-0.615085840225, -0.740786910057, -0.800021052361, -0.756736278534, -0.73136395216, -0.734655797482], "min": [-0.953791975975, -0.963171899319, -0.966187775135, -0.953239560127, -0.964948236942, -0.96183681488], "var": [0.00602949503809, 0.0059015089646, 0.00681251194328, 0.00641852570698, 0.00616446649656, 0.00312246684916]}, "spectral_contrast_valleys": {"dmean": [0.473479151726, 0.347716003656, 0.325010538101, 0.287272334099, 0.332616746426, 0.747633218765], "dmean2": [0.774978995323, 0.555097222328, 0.51047962904, 0.439084947109, 0.483418703079, 1.00697088242], "dvar": [0.208126068115, 0.119097284973, 0.11332603544, 0.0987080708146, 0.124977342784, 0.565105140209], "dvar2": [0.438834965229, 0.230147451162, 0.193298503757, 0.152046874166, 0.208893075585, 1.29284441471], "max": [-6.04766511917, -5.68515062332, -5.32641363144, -5.72819805145, -5.65931749344, -7.86054801941], "mean": [-8.57961940765, -7.86427783966, -8.37407016754, -8.26425266266, -7.90794897079, -10.9620313644], "median": [-8.21994590759, -7.54396533966, -8.15944099426, -7.98580741882, -7.60525369644, -10.9162731171], "min": [-27.6919670105, -26.9386024475, -27.1889057159, -27.4269351959, -27.1025371552, -27.2711753845], "var": [3.09564042091, 2.68345451355, 2.54627895355, 2.63937497139, 2.67294740677, 2.64547109604]}, "spectral_decrease": {"dmean": 7.90888798896e-10, "dmean2": 1.06969422209e-09, "dvar": 1.17916147283e-18, "dvar2": 2.24918618321e-18, "max": 3.31879684833e-16, "mean": -2.68815014692e-09, "median": -2.15255102631e-09, "min": -1.47854963828e-08, "var": 4.67549613739e-18}, "spectral_energy": {"dmean": 0.00345726613887, "dmean2": 0.00464572338387, "dvar": 2.07860921364e-05, "dvar2": 3.85107996408e-05, "max": 0.0593161098659, "mean": 0.0118225580081, "median": 0.00952533539385, "min": 5.04049302297e-10, "var": 8.92757234396e-05}, "spectral_energyband_high": {"dmean": 0.000430848769611, "dmean2": 0.000704061647411, "dvar": 5.36633081083e-07, "dvar2": 1.34030756271e-06, "max": 0.00842914916575, "mean": 0.000534809601959, "median": 0.000203122763196, "min": 1.51368570456e-10, "var": 7.3133207934e-07}, "spectral_energyband_low": {"dmean": 0.00128847651649, "dmean2": 0.00198293314315, "dvar": 1.02598933154e-05, "dvar2": 2.3532889827e-05, "max": 0.0475431755185, "mean": 0.0020342010539, "median": 0.00076194293797, "min": 4.85218825839e-14, "var": 1.4333796571e-05}, "spectral_energyband_middle_high": {"dmean": 0.00212757964619, "dmean2": 0.00274981348775, "dvar": 1.02358135337e-05, "dvar2": 1.58860129886e-05, "max": 0.0472746267915, "mean": 0.0065018767491, "median": 0.00346805993468, "min": 1.86522910832e-12, "var": 5.36298030056e-05}, "spectral_energyband_middle_low": {"dmean": 0.0011250654934, "dmean2": 0.00165515928529, "dvar": 2.60629303739e-06, "dvar2": 5.428453278e-06, "max": 0.0223895050585, "mean": 0.00311884330586, "median": 0.00206860085018, "min": 3.62673487162e-13, "var": 9.15584132599e-06}, "spectral_entropy": {"dmean": 0.253258734941, "dmean2": 0.35949459672, "dvar": 0.0627565532923, "dvar2": 0.13754864037, "max": 9.80011940002, "mean": 7.50066280365, "median": 7.44689178467, "min": 6.08884334564, "var": 0.231858760118}, "spectral_flux": {"dmean": 0.0188379827887, "dmean2": 0.0280685313046, "dvar": 0.000407560321037, "dvar2": 0.000892632000614, "max": 0.22355927527, "mean": 0.0591530948877, "median": 0.0506068393588, "min": 1.82899420906e-05, "var": 0.00147964514326}, "spectral_kurtosis": {"dmean": 2.62309241295, "dmean2": 4.44051742554, "dvar": 7.33154392242, "dvar2": 21.2006530762, "max": 30.3761310577, "mean": 5.13206291199, "median": 4.18843078613, "min": -1.20611989498, "var": 13.7571315765}, "spectral_rms": {"dmean": 0.000495151907671, "dmean2": 0.000650445639621, "dvar": 3.34886806286e-07, "dvar2": 5.56780889838e-07, "max": 0.00760719226673, "mean": 0.0030634123832, "median": 0.00304844393395, "min": 7.01252758972e-07, "var": 2.14976398638e-06}, "spectral_rolloff": {"dmean": 777.059631348, "dmean2": 1355.35205078, "dvar": 1809017.5, "dvar2": 4666028, "max": 21425.5371094, "mean": 2918.81396484, "median": 2691.65039063, "min": 21.533203125, "var": 7219481.5}, "spectral_skewness": {"dmean": 0.290284276009, "dmean2": 0.497035592794, "dvar": 0.0653380602598, "dvar2": 0.188388377428, "max": 3.22589278221, "mean": 1.23004472256, "median": 1.19986510277, "min": -0.0965353921056, "var": 0.15515100956}, "spectral_spread": {"dmean": 936057.75, "dmean2": 1422928.625, "dvar": 1348543447040.0, "dvar2": 2853500092420.0, "max": 40243128, "mean": 3864300, "median": 3172768.75, "min": 1036413.375, "var": 5437915136000.0}, "spectral_stron