{"lowlevel": {"average_loudness": 0.935738921165, "barkbands": {"dmean": [7.11120665073e-05, 0.00299252336845, 0.00511238258332, 0.00268027815036, 0.00186652271077, 0.00185678445268, 0.000897466554306, 0.000468644371722, 0.000489387894049, 0.000273564743111, 0.000443404424004, 0.000171450941707, 0.00025619121152, 0.000235120081925, 0.000207957767998, 0.000159101327881, 0.000267179624643, 0.000204744486837, 0.000300571380649, 0.000243090820732, 0.000237457730691, 0.000199537404114, 0.000207092176424, 0.000158696711878, 0.000151485277456, 8.97948484635e-05, 3.03157848975e-05], "dmean2": [9.6262912848e-05, 0.00455971155316, 0.0081844618544, 0.00465843360871, 0.00328810582869, 0.00321157020517, 0.0014679019805, 0.000768264988437, 0.000801811518613, 0.000455903937109, 0.000742792675737, 0.000284277572064, 0.000443516182713, 0.000391196663259, 0.000354455551133, 0.000278716703178, 0.000457469577668, 0.000350794289261, 0.000503226125147, 0.00042762758676, 0.000403295096476, 0.000326448760461, 0.00033136701677, 0.000253542646533, 0.000258830172243, 0.000154041743372, 5.34982136742e-05], "dvar": [1.19990097858e-08, 2.57716037595e-05, 0.000143653043779, 3.34858887072e-05, 2.09193112823e-05, 2.84080961137e-05, 3.02464104607e-06, 7.50639685521e-07, 1.14194835987e-06, 4.9705982974e-07, 1.90234823094e-06, 1.58420064622e-07, 3.25128240775e-07, 2.48512748158e-07, 8.96339926726e-08, 5.99306915205e-08, 2.43332380023e-07, 1.2661685389e-07, 2.6157533739e-07, 2.41302871018e-07, 2.39192814888e-07, 1.51271905224e-07, 1.57643270882e-07, 1.11970749117e-07, 7.37836600706e-08, 2.43504878483e-08, 4.84685935831e-09], "dvar2": [2.49269156427e-08, 6.64511389914e-05, 0.000340626109391, 9.36865617405e-05, 5.98400947638e-05, 8.09238626971e-05, 7.69261168898e-06, 1.94962740352e-06, 3.09540314447e-06, 1.37480401463e-06, 4.79412119603e-06, 4.25047232966e-07, 9.0740587666e-07, 6.4100356667e-07, 2.31304952081e-07, 1.58441679332e-07, 6.24574681751e-07, 3.34539635105e-07, 6.47512422347e-07, 6.54404516354e-07, 6.10214783592e-07, 3.38794592381e-07, 3.72493786926e-07, 2.52607264883e-07, 1.9005894103e-07, 6.30763281606e-08, 1.17725962312e-08], "max": [0.00177593261469, 0.082042299211, 0.111785680056, 0.0761017724872, 0.0647665858269, 0.0579105615616, 0.0250931084156, 0.0135729936883, 0.0190686546266, 0.021236486733, 0.0459694974124, 0.0138544281945, 0.0125163514167, 0.0169981550425, 0.00528255524114, 0.00421687355265, 0.00716726062819, 0.00596508616582, 0.0098935700953, 0.00584972975776, 0.00853554811329, 0.012472614646, 0.0145614193752, 0.00975413341075, 0.00324231991544, 0.00120519811753, 0.00243170140311], "mean": [0.000119844822621, 0.00542424339801, 0.00536262243986, 0.00305260322057, 0.00249096145853, 0.00226679607294, 0.00134412501939, 0.000676272553392, 0.000718241673894, 0.000338159064995, 0.000553452293389, 0.0002520706621, 0.000332198076649, 0.000347401830368, 0.00028204760747, 0.000195559507119, 0.000357582437573, 0.000308058224618, 0.000533264770638, 0.000264044763753, 0.000254390528426, 0.000255163235124, 0.000255314429523, 0.000209550315049, 0.000144067249494, 7.1901238698e-05, 2.24103696382e-05], "median": [5.7207646023e-05, 0.00320572406054, 0.00105549884029, 0.00112470332533, 0.00129487400409, 0.00090188102331, 0.000583987100981, 0.000254470622167, 0.00034315866651, 0.000136067348649, 0.000193910615053, 0.000107660584035, 0.000155949572218, 0.000144480072777, 0.000144788180478, 9.0120229288e-05, 0.000113410766062, 0.000111491593998, 0.000121815406601, 7.82762072049e-05, 5.27301417605e-05, 7.97932079877e-05, 6.31639559288e-05, 4.30666514148e-05, 2.57676420006e-05, 8.52334960655e-06, 1.38814266393e-06], "min": [1.43013816242e-24, 5.07876026631e-24, 1.52436621704e-24, 2.28818749384e-24, 1.86040916919e-23, 1.63874035923e-23, 1.85410932601e-23, 5.56617059837e-24, 1.43080340882e-23, 1.98562600731e-23, 2.31174220994e-23, 3.20593892297e-23, 2.00883445292e-23, 4.48726454985e-23, 3.59322608231e-23, 7.38975361059e-23, 7.76830208437e-23, 9.57732674746e-23, 1.58538802383e-22, 1.45493415904e-22, 2.57159744129e-22, 3.55938861954e-22, 4.13221043642e-22, 5.7078648002e-22, 9.06769382504e-22, 1.16324252735e-21, 2.06077751671e-21], "var": [2.60901238391e-08, 4.45616606157e-05, 0.000140414107591, 2.96701764455e-05, 1.68870901689e-05, 2.12313188968e-05, 4.72901729154e-06, 1.27036366848e-06, 1.29896102408e-06, 5.26385463218e-07, 2.66692291007e-06, 2.15775045831e-07, 3.16483152574e-07, 3.84050196089e-07, 1.39686676448e-07, 7.81029356745e-08, 3.35613094649e-07, 2.65284086254e-07, 8.4845839865e-07, 2.49754322112e-07, 3.62395212505e-07, 3.956729131e-07, 2.85052919935e-07, 2.87360961693e-07, 7.60953255963e-08, 2.02850181097e-08, 4.53731230365e-09]}, "barkbands_crest": {"dmean": 3.07634663582, "dmean2": 5.10998058319, "dvar": 9.6637430191, "dvar2": 25.2874279022, "max": 26.8078098297, "mean": 10.4473028183, "median": 9.44705581665, "min": 2.16797351837, "var": 22.7157230377}, "barkbands_flatness_db": {"dmean": 0.0341526940465, "dmean2": 0.0517525672913, "dvar": 0.00134893285576, "dvar2": 0.00311494478956, "max": 0.546255230904, "mean": 0.130762085319, "median": 0.117350757122, "min": 0.0156872142106, "var": 0.00462211575359}, "barkbands_kurtosis": {"dmean": 5.4020857811, "dmean2": 8.75044727325, "dvar": 201.514663696, "dvar2": 437.492675781, "max": 1016.39508057, "mean": 6.67273712158, "median": 2.38536882401, "min": -1.9516851902, "var": 438.923370361}, "barkbands_skewness": {"dmean": 0.812379419804, "dmean2": 1.29717051983, "dvar": 1.11667811871, "dvar2": 2.61750817299, "max": 29.8603973389, "mean": 1.88295924664, "median": 1.65879201889, "min": -2.51836466789, "var": 2.61253380775}, "barkbands_spread": {"dmean": 9.88873100281, "dmean2": 16.2531261444, "dvar": 133.150299072, "dvar2": 318.899841309, "max": 107.721374512, "mean": 25.4209499359, "median": 22.1669597626, "min": 0.357194751501, "var": 271.653198242}, "dissonance": {"dmean": 0.0172636639327, "dmean2": 0.0287563670427, "dvar": 0.00032374879811, "dvar2": 0.000847805757076, "max": 0.5, "mean": 0.467653095722, "median": 0.473915040493, "min": 0.106538213789, "var": 0.000641564256512}, "dynamic_complexity": 3.54690814018, "erbbands": {"dmean": [0.0634365901351, 0.795619308949, 4.40803623199, 8.93815898895, 5.45515108109, 6.61698770523, 15.5896282196, 12.695807457, 10.1873912811, 12.8587465286, 11.3705205917, 9.29359340668, 9.29571533203, 16.7390365601, 9.502409935, 6.24236154556, 10.4751033783, 13.0220365524, 8.52532482147, 11.1764316559, 9.7553358078, 14.0470180511, 11.5455675125, 11.8638706207, 17.7563419342, 10.7459335327, 10.7369337082, 7.75098848343, 7.65721321106, 5.16634893417, 6.33982992172, 3.68270659447, 2.91548275948, 1.76955723763, 1.01065194607, 0.440366625786, 0.158350110054, 0.031747687608, 0.00498404866084, 0.000344048050465], "dmean2": [0.0938797667623, 1.17180097103, 6.76590585709, 15.3015766144, 9.34216594696, 11.6582298279, 27.5721263885, 21.7812595367, 16.6799068451, 21.0318813324, 18.635969162, 15.3536529541, 15.4050006866, 27.9620094299, 15.9728097916, 10.3832941055, 18.0381088257, 21.7169475555, 14.2462778091, 19.5863742828, 17.0693874359, 23.8749961853, 19.4369163513, 20.0269584656, 30.0309181213, 18.8845710754, 18.6684093475, 12.9896717072, 12.6823377609, 8.09774780273, 10.2044868469, 5.86180639267, 4.76662731171, 2.98725652695, 1.74115967751, 0.753899931908, 0.271933168173, 0.0547633729875, 0.00878804828972, 0.00060810445575], "dvar": [0.0127389151603, 1.74519777298, 90.1494979858, 424.381347656, 101.643707275, 332.52432251, 2546.45581055, 1162.6439209, 457.054473877, 620.517089844, 504.129119873, 453.742401123, 375.55758667, 2991.40869141, 667.784118652, 157.059310913, 630.679260254, 651.174987793, 278.986785889, 299.541595459, 241.864929199, 622.786315918, 398.571624756, 441.246368408, 1046.97875977, 571.569152832, 527.414428711, 266.664459229, 216.94140625, 110.798995972, 144.438537598, 66.3994979858, 37.9240074158, 11.7798509598, 3.23751616478, 0.595548987389, 0.0771902278066, 0.00364316138439, 0.000135897949804, 6.30561316939e-07], "dvar2": [0.0346253849566, 4.44023561478, 200.723373413, 1137.73815918, 284.617980957, 952.051086426, 7297.55419922, 3284.48535156, 1230.48657227, 1584.99267578, 1321.90270996, 1246.13085938, 996.613769531, 7555.921875, 1833.65612793, 417.719482422, 1778.52587891, 1658.06030273, 704.556213379, 799.073791504, 634.592590332, 1582.96252441, 1038.94104004, 1118.79516602, 2615.34008789, 1565.96533203, 1408.17236328, 640.794677734, 494.345062256, 245.495819092, 345.485595703, 142.225708008, 93.7436141968, 29.99259758, 8.53087425232, 1.54573321342, 0.200129762292, 0.00915626063943, 0.000328144116793, 1.56606961355e-06], "max": [2.16142892838, 18.6177387238, 95.4033432007, 223.507675171, 177.670120239, 243.045257568, 574.694702148, 352.811645508, 356.318664551, 439.202362061, 333.671417236, 399.514190674, 404.607757568, 1730.46081543, 846.353027344, 383.068115234, 597.796936035, 602.478210449, 742.781860352, 249.531173706, 222.121185303, 396.408050537, 289.236572266, 613.873046875, 477.897277832, 311.268218994, 329.643432617, 390.71697998, 462.957855225, 320.222412109, 442.737213135, 278.020599365, 148.119689941, 49.6535415649, 15.6219425201, 6.43551492691, 2.23202085495, 1.84402024746, 0.452622115612, 0.0276342332363], "mean": [0.111325442791, 1.41574299335, 5.4618806839, 9.53358459473, 8.29045772552, 8.23612213135, 16.4048633575, 16.3563976288, 15.6719102859, 19.7304916382, 16.4782104492, 13.609375, 13.2394561768, 21.4018363953, 13.1793966293, 9.61028957367, 14.5493917465, 20.1581668854, 13.6155643463, 13.358499527, 12.889374733, 20.1502227783, 17.373292923, 21.993429184, 27.4666175842, 11.7584924698, 10.54093647, 8.99259376526, 9.49366188049, 7.1501288414, 7.54092121124, 5.00540351868, 3.45579648018, 1.83474397659, 0.892989218235, 0.367804169655, 0.12381529808, 0.0245133973658, 0.003691771999, 0.00027138509904], "median": [0.062888212502, 0.821030557156, 1.64328742027, 3.35438108444, 4.14273262024, 4.15211486816, 5.75765609741, 6.39695453644, 7.67487096786, 9.4014787674, 7.09171056747, 6.60065174103, 6.25676822662, 6.76638698578, 5.7759437561, 4.72635412216, 7.4766163826, 9.02175045013, 7.33204269409, 6.6166601181, 6.32808303833, 7.04039287567, 6.92625713348, 5.85763931274, 6.38789844513, 3.66526651382, 2.26571798325, 2.01302027702, 2.77294969559, 2.18606281281, 1.78236472607, 0.999101996422, 0.684685826302, 0.359112232924, 0.135802894831, 0.0499017611146, 0.0130067951977, 0.00212812586688, 0.000249987555435, 4.5778855565e-05], "min": [1.73713621056e-22, 2.27504582058e-22, 2.223905773e-21, 1.05503130891e-20, 2.46177529063e-20, 5.05226828564e-20, 5.84937538993e-20, 1.68525228508e-19, 1.13795495363e-19, 2.02959826831e-19, 1.53217617963e-19, 3.00004578747e-19, 4.80425155602e-19, 5.81274964186e-19, 1.18769228989e-18, 1.48096452318e-18, 1.35378839913e-18, 2.25966056451e-18, 2.2088801535e-18, 2.83540060472e-18, 4.24973924507e-18, 4.50603123171e-18, 5.7040910932e-18, 7.21737418329e-18, 7.53898365981e-18, 6.55551719668e-18, 9.15651301378e-18, 9.9943700465e-18, 1.22135558365e-17, 1.23195623407e-17, 1.38538913871e-17, 1.02181877495e-17, 1.06772638904e-17, 8.35374994573e-18, 6.31075941651e-18, 3.87831736565e-18, 2.27758122568e-18, 9.37984557532e-19, 2.6459783641e-19, 2.88333415733e-20], "var": [0.0200721975416, 3.08490872383, 105.043464661, 339.888580322, 159.836486816, 246.157531738, 1658.22143555, 1033.88134766, 572.340393066, 935.468444824, 695.503723145, 482.359954834, 465.666534424, 4409.5703125, 685.97064209, 229.739212036, 596.871948242, 1070.02941895, 444.231658936, 347.75213623, 316.171936035, 954.789123535, 739.657714844, 1673.48754883, 2167.60888672, 528.322814941, 574.729736328, 556.210021973, 525.378662109, 290.256622314, 247.548828125, 180.921875, 65.0580368042, 13.7424554825, 2.9364387989, 0.510436415672, 0.0631165355444, 0.00326216267422, 0.000126450948301, 5.78331082579e-07]}, "erbbands_crest": {"dmean": 2.50640726089, "dmean2": 4.17475414276, "dvar": 6.33946752548, "dvar2": 16.7010593414, "max": 31.5879039764, "mean": 7.52808666229, "median": 6.62880516052, "min": 2.41057395935, "var": 12.1201696396}, "erbbands_flatness_db": {"dmean": 0.026287579909, "dmean2": 0.0376208983362, "dvar": 0.000721448159311, "dvar2": 0.00150333717465, "max": 0.386468023062, "mean": 0.135195344687, "median": 0.129055827856, "min": 0.03769351542, "var": 0.00220475415699}, "erbbands_kurtosis": {"dmean": 0.883625984192, "dmean2": 1.40656018257, "dvar": 1.91699278355, "dvar2": 4.49665498734, "max": 28.9965019226, "mean": -0.0116882873699, "median": -0.485064804554, "min": -1.86176812649, "var": 3.2845556736}, "erbbands_skewness": {"dmean": 0.461144208908, "dmean2": 0.72722697258, "dvar": 0.218419626355, "dvar2": 0.534793078899, "max": 3.78329706192, "mean": 0.136690184474, "median": 0.132086724043, "min": -4.785572052, "var": 0.607072353363}, "erbbands_spread": {"dmean": 13.1767349243, "dmean2": 20.1713542938, "dvar": 204.969223022, "dvar2": 455.549713135, "max": 158.76914978, "mean": 49.2405509949, "median": 45.7244491577, "min": 3.05613303185, "var": 486.457733154}, "gfcc": {"cov": [[18690.3105469, -1646.83996582, -307.76159668, 365.62512207, -688.806152344, 338.950042725, -886.546203613, 348.112304688, -530.085388184, 13.1820793152, -275.463653564, -42.296421051, -260.540435791], [-1646.83996582, 2423.20947266, -162.354888916, 17.7579898834, 351.228851318, -103.98941803, 391.899871826, -132.611236572, 225.501296997, -93.4348220825, 165.112457275, -69.7709503174, 59.8127555847], [-307.76159668, -162.354888916, 1180.75402832, 79.2112884521, 61.8826942444, 188.606765747, 70.1407546997, 27.7621669769, 58.2668151855, 50.8397750854, -80.539642334, 62.079864502, -43.2643356323], [365.62512207, 17.7579898834, 79.2112884521, 492.609130859, 11.1380739212, 102.569503784, 31.7290782928, 19.5735836029, 38.6792449951, 6.26788568497, 34.0016670227, -47.3818855286, 5.18577623367], [-688.806152344, 351.228851318, 61.8826942444, 11.1380739212, 332.904083252, 24.2119064331, 116.066665649, -8.63705921173, 54.5138587952, -13.7034196854, 5.45297384262, -5.44206762314, 8.25812625885], [338.950042725, -103.98941803, 188.606765747, 102.569503784, 24.2119064331, 268.338012695, 44.0643348694, 41.8357620239, 21.7957191467, 14.0885715485, -12.6522006989, 13.5119094849, -6.65302944183], [-886.546203613, 391.899871826, 70.1407546997, 31.7290782928, 116.066665649, 44.0643348694, 297.900878906, -20.6630592346, 87.5397720337, 0.827421605587, 17.8732719421, 9.78823852539, 22.8325462341], [348.112304688, -132.611236572, 27.7621669769, 19.5735836029, -8.63705921173, 41.8357620239, -20.6630592346, 175.403884888, -9.87934207916, 11.8193454742, 18.5206165314, 11.0655288696, -19.0802268982], [-530.085388184, 225.501296997, 58.2668151855, 38.6792449951, 54.5138587952, 21.7957191467, 87.5397720337, -9.87934207916, 164.246414185, 36.0060577393, 36.1725158691, 15.7971429825, 16.4166927338], [13.1820793152, -93.4348220825, 50.8397750854, 6.26788568497, -13.7034196854, 14.0885715485, 0.827421605587, 11.8193454742, 36.0060577393, 109.238616943, 15.2218418121, 20.4044685364, 17.5468521118], [-275.463653564, 165.112457275, -80.539642334, 34.0016670227, 5.45297384262, -12.6522006989, 17.8732719421, 18.5206165314, 36.1725158691, 15.2218418121, 117.182769775, 10.1570949554, 15.6625890732], [-42.296421051, -69.7709503174, 62.079864502, -47.3818855286, -5.44206762314, 13.5119094849, 9.78823852539, 11.0655288696, 15.7971429825, 20.4044685364, 10.1570949554, 97.329750061, 16.6333713531], [-260.540435791, 59.8127555847, -43.2643356323, 5.18577623367, 8.25812625885, -6.65302944183, 22.8325462341, -19.0802268982, 16.4166927338, 17.5468521118, 15.6625890732, 16.6333713531, 99.1926269531]], "icov": [[7.95648011263e-05, -4.06137187383e-05, 5.14147104695e-05, -8.77415805007e-05, 0.000100775185274, -0.000128743355162, 0.000190953418496, -0.000113249770948, 0.000158982773428, -0.000112448105938, 0.000229474826483, -0.000105139668449, 0.000152700493345], [-4.06137187383e-05, 0.000822977337521, -2.99503135466e-05, 0.00017349277914, -0.000509736069944, 0.000344043190125, -0.000763311400078, 0.000436140457168, -0.000716807204299, 0.000866162357852, -0.00113485241309, 0.000727361359168, -0.00027731602313], [5.14147104695e-05, -2.99503135466e-05, 0.0011504573049, -0.000230387231568, -7.58606693125e-05, -0.000628993613645, 2.23775405175e-05, -8.86916604941e-05, -0.00016418674204, -0.000521468638908, 0.00106498308014, -0.000849399832077, 0.000702548364643], [-8.77415805007e-05, 0.00017349277914, -0.000230387231568, 0.0026347336825, -4.87224569952e-05, -0.000761641946156, -0.000318447651807, 8.47564733704e-05, -0.000673735805321, 0.000345909822499, -0.00134275283199, 0.00191904651001, -0.000590195762925], [0.000100775185274, -0.000509736069944, -7.58606693125e-05, -4.87224569952e-05, 0.00398788275197, -0.000404443359002, -0.00054004084086, -0.000435749825556, -0.00016876902373, 0.000116537616123, 0.00086469942471, -1.77605888894e-05, 9.66419247561e-05], [-0.000128743355162, 0.000344043190125, -0.000628993613645, -0.000761641946156, -0.000404443359002, 0.00511994119734, -0.00108209974132, -0.000726010592189, -0.000516593107022, 0.000271667027846, 2.84214056592e-05, -0.00025991135044, -0.000217099819565], [0.000190953418496, -0.000763311400078, 2.23775405175e-05, -0.000318447651807, -0.00054004084086, -0.00108209974132, 0.00559605751187, -0.000158476948855, -0.00103519437835, -0.00024113926338, 0.0011666190112, -0.000932029972319, -0.000171917097759], [-0.000113249770948, 0.000436140457168, -8.86916604941e-05, 8.47564733704e-05, -0.000435749825556, -0.000726010592189, -0.000158476948855, 0.00679368386045, 0.000226626914809, -0.000161017422215, -0.00224857102148, -0.000278535444522, 0.00112002738751], [0.000158982773428, -0.000716807204299, -0.00016418674204, -0.000673735805321, -0.00016876902373, -0.000516593107022, -0.00103519437835, 0.000226626914809, 0.00950345955789, -0.00331453792751, -0.000906086235773, -0.00135889777448, 0.000459128117654], [-0.000112448105938, 0.000866162357852, -0.000521468638908, 0.000345909822499, 0.000116537616123, 0.000271667027846, -0.00024113926338, -0.000161017422215, -0.00331453792751, 0.0119190244004, -0.00206171395257, -0.000282309803879, -0.00221711141057], [0.000229474826483, -0.00113485241309, 0.00106498308014, -0.00134275283199, 0.00086469942471, 2.84214056592e-05, 0.0011666190112, -0.00224857102148, -0.000906086235773, -0.00206171395257, 0.012708235532, -0.00261032488197, -3.63492245015e-06], [-0.000105139668449, 0.000727361359168, -0.000849399832077, 0.00191904651001, -1.77605888894e-05, -0.00025991135044, -0.000932029972319, -0.000278535444522, -0.00135889777448, -0.000282309803879, -0.00261032488197, 0.0133826360106, -0.00259764445946], [0.000152700493345, -0.00027731602313, 0.000702548364643, -0.000590195762925, 9.66419247561e-05, -0.000217099819565, -0.000171917097759, 0.00112002738751, 0.000459128117654, -0.00221711141057, -3.63492245015e-06, -0.00259764445946, 0.0119717698544]], "mean": [-16.9192237854, 83.4136734009, -100.583534241, 36.1084289551, -54.6643218994, 9.26522827148, -34.1493530273, 5.87455940247, -18.6213855743, 0.486113011837, -12.3212442398, -1.30988109112, -14.5152587891]}, "hfc": {"dmean": 12.8596429825, "dmean2": 20.7302265167, "dvar": 366.537384033, "dvar2": 893.73449707, "max": 224.584014893, "mean": 21.2465076447, "median": 12.6187763214, "min": 1.09914528951e-16, "var": 592.697509766}, "melbands": {"dmean": [0.000684958708007, 0.00182917027269, 0.00140374340117, 0.000379641773179, 0.000488580320962, 0.000296370417345, 0.000166614481714, 0.000129980340716, 9.81357006822e-05, 5.94553857809e-05, 4.60831724922e-05, 6.43556340947e-05, 4.24454847234e-05, 1.66949521372e-05, 2.03867857635e-05, 3.11841067742e-05, 2.39171731664e-05, 1.37273891596e-05, 1.7515356376e-05, 1.25419828692e-05, 1.24540638353e-05, 1.60707422765e-05, 1.24926273202e-05, 9.40842801356e-06, 9.98507221084e-06, 1.27855555547e-05, 1.23202826217e-05, 6.26891414868e-06, 7.12002429282e-06, 5.46547880731e-06, 4.15699378209e-06, 4.27688382842e-06, 4.04806223742e-06, 2.56147245636e-06, 3.7666281969e-06, 3.42067187376e-06, 1.98397378881e-06, 2.13439147956e-06, 1.79230892172e-06, 1.39198107263e-06], "dmean2": [0.00104481831659, 0.00277920602821, 0.00237360945903, 0.000663197482936, 0.000866914517246, 0.000509898760356, 0.000271498516668, 0.000212608167203, 0.000161193194799, 9.83825957519e-05, 7.65417717048e-05, 0.000107436746475, 7.15018832125e-05, 2.76604805549e-05, 3.45151092915e-05, 5.36160368938e-05, 3.96731629735e-05, 2.30190198636e-05, 3.00299798255e-05, 2.220733586e-05, 2.18887034862e-05, 2.77671988442e-05, 2.07441880775e-05, 1.61102252605e-05, 1.689376586e-05, 2.13283346966e-05, 2.14791798498e-05, 1.10860073619e-05, 1.26547247419e-05, 9.14036718314e-06, 7.04273088559e-06, 7.10643325874e-06, 6.65771858621e-06, 4.01552597395e-06, 6.12881922279e-06, 5.59872523809e-06, 3.17919852932e-06, 3.46945898855e-06, 3.04362697534e-06, 2.35384777625e-06], "dvar": [1.44383784573e-06, 1.27912580865e-05, 9.23075549508e-06, 5.94089385686e-07, 2.54986639447e-06, 6.54727443816e-07, 1.05095793401e-07, 5.68291156355e-08, 4.40321166195e-08, 1.71006515615e-08, 1.00122328206e-08, 4.29394759749e-08, 1.42619196453e-08, 2.49828535637e-09, 1.62892266342e-09, 4.61422500209e-09, 2.12026440849e-09, 1.07858399989e-09, 7.11248338003e-10, 4.24729584836e-10, 4.74216166335e-10, 8.43068725942e-10, 4.64188187888e-10, 2.74293976421e-10, 3.50684647987e-10, 5.53316337193e-10, 5.31978905371e-10, 2.75959838314e-10, 2.80940160025e-10, 1.2481558842e-10, 8.89562937201e-11, 7.26691068431e-11, 7.00295446632e-11, 2.90550621757e-11, 5.2083712343e-11, 5.60295906893e-11, 2.29197355539e-11, 2.12483173417e-11, 1.46347465396e-11, 6.82654757375e-12], "dvar2": [3.79972198061e-06, 2.88702831313e-05, 2.44052062044e-05, 1.69330394328e-06, 7.32981516194e-06, 1.858833798e-06, 2.74867232974e-07, 1.454615699e-07, 1.17057915361e-07, 4.66237572994e-08, 2.67919624264e-08, 1.09186423458e-07, 3.78135993628e-08, 6.88304657714e-09, 4.28506830019e-09, 1.28518049536e-08, 5.2493742686e-09, 2.77114842184e-09, 1.85427451171e-09, 1.13441078753e-09, 1.25283161623e-09, 2.21204499162e-09, 1.16544274231e-09, 7.26160187536e-10, 8.86020201651e-10, 1.34960997933e-09, 1.42113010249e-09, 7.66204710789e-10, 7.71231800645e-10, 3.12068482167e-10, 2.15158418859e-10, 1.68313363247e-10, 1.68388081256e-10, 6.44690065221e-11, 1.27529597993e-10, 1.33104804956e-10, 4.95039842452e-11, 5.20043071106e-11, 3.7546098175e-11, 1.74035577616e-11], "max": [0.0221741870046, 0.0351387150586, 0.0322031229734, 0.015104804188, 0.0170073118061, 0.00803338270634, 0.00502982828766, 0.00393866514787, 0.00338032888249, 0.00272414647043, 0.00234642764553, 0.00640975963324, 0.00313464878127, 0.0021094433032, 0.000619501341134, 0.00141545548104, 0.00103755586315, 0.00169032346457, 0.000500143039972, 0.00041323172627, 0.000384658836992, 0.000454802444438, 0.000372747774236, 0.000296723272186, 0.000628399953712, 0.000520580913872, 0.000361034180969, 0.000237250205828, 0.000204568146728, 0.000233773476793, 0.000259213557001, 0.000269054580713, 0.000273163546808, 0.000164711862453, 0.000248274824116, 0.000256464496488, 0.000160456853337, 0.000126699131215, 6.27589251962e-05, 3.62939172192e-05], "mean": [0.00128319533542, 0.00259840115905, 0.00162879657, 0.000562685308978, 0.000519401626661, 0.000379972101655, 0.000259545544395, 0.00020305927319, 0.000135878435685, 8.7958520453e-05, 6.33174204268e-05, 8.11099453131e-05, 5.5083524785e-05, 2.49179011007e-05, 2.75891161436e-05, 4.01025245083e-05, 3.61304992111e-05, 2.03101390071e-05, 2.32867805607e-05, 1.35330137709e-05, 1.52342599904e-05, 2.17059878196e-05, 1.72383497556e-05, 1.41118216561e-05, 1.77821548277e-05, 2.15911331907e-05, 1.51102995005e-05, 6.08889513387e-06, 6.38904020889e-06, 6.18324884272e-06, 4.70718623546e-06, 5.19143623023e-06, 5.07959202878e-06, 3.56293321602e-06, 4.3096843001e-06, 4.16758621213e-06, 2.67733844339e-06, 2.53587222687e-06, 1.94045196622e-06, 1.38988400522e-06], "median": [0.000767025921959, 0.00114140170626, 0.00065831549, 0.000320462480886, 0.000202609197004, 0.000156440379214, 0.000123738005641, 9.76628798526e-05, 5.50925396965e-05, 4.16394541389e-05, 2.85066107608e-05, 2.48968990491e-05, 2.22014241444e-05, 1.11079752969e-05, 1.21994362416e-05, 1.69694903889e-05, 1.50374653458e-05, 9.5026271083e-06, 1.15999828267e-05, 5.64428773941e-06, 6.58910039419e-06, 6.82214749759e-06, 6.2174631239e-06, 4.95163976666e-06, 4.32985643783e-06, 4.42470627604e-06, 3.84313079849e-06, 1.68635460795e-06, 1.31109845825e-06, 1.19291598821e-06, 1.05005040041e-06, 1.40422321238e-06, 1.58356124302e-06, 1.04457421912e-06, 1.02102683286e-06, 8.04221372164e-07, 4.88656723974e-07, 4.51790128864e-07, 3.95619167648e-07, 2.59372939126e-07], "min": [2.2945646454e-24, 1.22194869763e-24, 2.4134004271e-24, 2.56497018927e-24, 1.52318519366e-24, 3.78145365855e-24, 2.41656790085e-24, 1.78183168106e-24, 1.13632100181e-24, 1.69314912139e-24, 1.76553775906e-24, 2.03877570802e-24, 2.87547747727e-24, 2.7340313643e-24, 2.24948144188e-24, 3.22644307451e-24, 4.60022698601e-24, 3.79309566779e-24, 3.31221237086e-24, 3.46368470871e-24, 3.59691148269e-24, 3.37010923927e-24, 3.96035508451e-24, 5.60643129796e-24, 4.40648826971e-24, 4.76357878024e-24, 3.67910092825e-24, 4.24845418685e-24, 5.86392141388e-24, 4.56600501665e-24, 3.9251636051e-24, 4.99503214755e-24, 5.55539949157e-24, 5.69705051116e-24, 6.81299563022e-24, 5.99505257887e-24, 5.1689093184e-24, 7.3866371367e-24, 4.67610948863e-24, 6.81627255842e-24], "var": [2.50207699537e-06, 1.63046843227e-05, 8.04168212198e-06, 6.23849530257e-07, 1.6265424847e-06, 5.42247619251e-07, 1.5217764826e-07, 9.06519872501e-08, 5.43215783466e-08, 1.96017815313e-08, 1.21149481558e-08, 6.27965874855e-08, 1.65691904641e-08, 2.79796874558e-09, 2.20483764579e-09, 4.91301799244e-09, 3.56277340963e-09, 1.55240620359e-09, 1.07622988299e-09, 4.70851080348e-10, 5.50711809488e-10, 1.22603582842e-09, 7.54993623175e-10, 5.89563675657e-10, 1.31417243754e-09, 1.5934217279e-09, 7.01531832625e-10, 2.21117082977e-10, 2.46230508205e-10, 2.14407089305e-10, 1.87392226736e-10, 1.69432246011e-10, 1.56565913012e-10, 7.20164483603e-11, 8.04907460128e-11, 9.96347032656e-11, 6.51942458352e-11, 3.78498066222e-11, 1.87282255676e-11, 7.50702885272e-12]}, "melbands_crest": {"dmean": 3.67810034752, "dmean2": 5.71992444992, "dvar": 11.0243530273, "dvar2": 26.1944732666, "max": 39.13722229, "mean": 14.8337774277, "median": 14.1918706894, "min": 1.765848279, "var": 31.4049415588}, "melbands_flatness_db": {"dmean": 0.0427383296192, "dmean2": 0.0644346401095, "dvar": 0.00230106920935, "dvar2": 0.00524184899405, "max": 0.729942917824, "mean": 0.206112235785, "median": 0.195272803307, "min": 0.00368426879868, "var": 0.00817054510117}, "melbands_kurtosis": {"dmean": 14.8814077377, "dmean2": 24.3042240143, "dvar": 903.797241211, "dvar2": 2232.32250977, "max": 470.264312744, "mean": 22.6361656189, "median": 11.0823364258, "min": -1.87341892719, "var": 1390.85351562}, "melbands_skewness": {"dmean": 1.14593601227, "dmean2": 1.81097984314, "dvar": 2.16336989403, "dvar2": 5.01501178741, "max": 17.6031894684, "mean": 3.39707517624, "median": 2.92264962196, "min": -2.36796808243, "var": 4.84095668793}, "melbands_spread": {"dmean": 11.0816354752, "dmean2": 18.1384181976, "dvar": 262.969207764, "dvar2": 594.426208496, "max": 205.255493164, "mean": 25.1423511505, "median": 17.7937774658, "min": 0.480203092098, "var": 639.893554688}, "mfcc": {"cov": [[11409.0400391, -832.857971191, -169.603378296, -60.4913787842, 144.334854126, -311.569396973, -77.1796951294, -13.6935606003, -254.013458252, -44.5733528137, -83.6070480347, -151.459899902, -177.284515381], [-832.857971191, 2014.17114258, -140.440444946, 151.572357178, 1.84471976757, 121.557777405, 84.640335083, 118.259185791, 39.6133499146, 40.4624938965, 101.073150635, 16.4170665741, 34.4306869507], [-169.603378296, -140.440444946, 955.087585449, 58.7403068542, 86.635093689, 148.482833862, 19.2058162689, 78.5465545654, 62.282913208, 59.6275062561, 11.6357355118, 35.174659729, 58.9105758667], [-60.4913787842, 151.572357178, 58.7403068542, 339.43057251, 52.970123291, 74.8480834961, 37.9416313171, 26.0229473114, 27.1174678802, 39.8256378174, 26.0644226074, 21.8096199036, 15.996843338], [144.334854126, 1.84471976757, 86.635093689, 52.970123291, 237.258255005, 38.310749054, 18.5042476654, 35.3966064453, 0.332951277494, 29.7976436615, 10.9628105164, -8.04244995117, 12.4396677017], [-311.569396973, 121.557777405, 148.482833862, 74.8480834961, 38.310749054, 281.875793457, 52.69921875, 55.1818771362, 77.7080001831, 35.7363357544, 10.4387168884, 28.0250968933, 17.0943164825], [-77.1796951294, 84.640335083, 19.2058162689, 37.9416313171, 18.5042476654, 52.69921875, 160.76776123, 57.4383926392, 32.7786865234, 22.9820671082, 3.75772571564, 23.9255104065, -7.76326751709], [-13.6935606003, 118.259185791, 78.5465545654, 26.0229473114, 35.3966064453, 55.1818771362, 57.4383926392, 176.889633179, 25.067155838, 32.2137374878, 36.2026367188, 6.67133426666, 21.4949302673], [-254.013458252, 39.6133499146, 62.282913208, 27.1174678802, 0.332951277494, 77.7080001831, 32.7786865234, 25.067155838, 132.672225952, 32.9391212463, -5.83878135681, 23.6689434052, 14.4030542374], [-44.5733528137, 40.4624938965, 59.6275062561, 39.8256378174, 29.7976436615, 35.7363357544, 22.9820671082, 32.2137374878, 32.9391212463, 91.3453369141, 42.5887756348, 16.8654766083, 10.2668476105], [-83.6070480347, 101.073150635, 11.6357355118, 26.0644226074, 10.9628105164, 10.4387168884, 3.75772571564, 36.2026367188, -5.83878135681, 42.5887756348, 117.182975769, 23.4087123871, 6.39290904999], [-151.459899902, 16.4170665741, 35.174659729, 21.8096199036, -8.04244995117, 28.0250968933, 23.9255104065, 6.67133426666, 23.6689434052, 16.8654766083, 23.4087123871, 78.344909668, 27.9635658264], [-177.284515381, 34.4306869507, 58.9105758667, 15.996843338, 12.4396677017, 17.0943164825, -7.76326751709, 21.4949302673, 14.4030542374, 10.2668476105, 6.39290904999, 27.9635658264, 87.3482818604]], "icov": [[9.96081871563e-05, 3.38459176419e-05, 6.77569823893e-06, -2.16489606828e-05, -6.33013842162e-05, 6.75791525282e-05, 2.80973508779e-05, -8.043138223e-05, 0.000144199773786, -6.30285358056e-05, 8.25683382573e-05, 4.03658668802e-05, 0.00017096605734], [3.38459176419e-05, 0.000591241871007, 0.000153851826326, -0.000201010800083, 7.04444755684e-05, -0.000179449416464, -0.000183758791536, -0.000237539308728, -1.94030508283e-05, 0.000111631634354, -0.000451622909168, 0.000274660094874, -0.000228897697525], [6.77569823893e-06, 0.000153851826326, 0.00127759308089, -4.00307144446e-05, -0.000265425915131, -0.000522075744811, 0.000195729531697, -0.000377496355213, -8.28618067317e-05, -0.000459326198325, 0.000164593860973, -0.000183454088983, -0.000536612584256], [-2.16489606828e-05, -0.000201010800083, -4.00307144446e-05, 0.00341647793539, -0.00054311886197, -0.000572438992094, -0.000401567027438, 0.000296407961287, 1.66472580077e-06, -0.000799715402536, -0.000197440123884, -0.000363673985703, -0.000258051644778], [-6.33013842162e-05, 7.04444755684e-05, -0.000265425915131, -0.00054311886197, 0.00486823776737, -0.000438780116383, -0.000370623864001, -0.000399042939534, 0.000672928174026, -0.00123810325749, 3.23294225382e-05, 0.00127471704036, -0.000795834930614], [6.75791525282e-05, -0.000179449416464, -0.000522075744811, -0.000572438992094, -0.000438780116383, 0.00500864721835, -0.000505534815602, -0.000637011835352, -0.00204961956479, -4.70993800263e-05, 0.000211462480365, -0.000639742764179, 0.00039177731378], [2.80973508779e-05, -0.000183758791536, 0.000195729531697, -0.000401567027438, -0.000370623864001, -0.000505534815602, 0.00840028002858, -0.00269670807756, -0.000572669901885, -0.00101736013312, 0.0017179059796, -0.00317453802563, 0.00273749046028], [-8.043138223e-05, -0.000237539308728, -0.000377496355213, 0.000296407961287, -0.000399042939534, -0.000637011835352, -0.00269670807756, 0.00790012069046, -0.000546512834262, -0.000399331504013, -0.00231227744371, 0.00205437699333, -0.00222296779975], [0.000144199773786, -1.94030508283e-05, -8.28618067317e-05, 1.66472580077e-06, 0.000672928174026, -0.00204961956479, -0.000572669901885, -0.000546512834262, 0.0106825670227, -0.00369353429414, 0.00268336106092, -0.00182073866017, -0.000196068183868], [-6.30285358056e-05, 0.000111631634354, -0.000459326198325, -0.000799715402536, -0.00123810325749, -4.70993800263e-05, -0.00101736013312, -0.000399331504013, -0.00369353429414, 0.0164035130292, -0.00575904874131, -3.01592681353e-05, -0.000410161621403], [8.25683382573e-05, -0.000451622909168, 0.000164593860973, -0.000197440123884, 3.23294225382e-05, 0.000211462480365, 0.0017179059796, -0.00231227744371, 0.00268336106092, -0.00575904874131, 0.0125991208479, -0.0040559694171, 0.00155726843514], [4.03658668802e-05, 0.000274660094874, -0.000183454088983, -0.000363673985703, 0.00127471704036, -0.000639742764179, -0.00317453802563, 0.00205437699333, -0.00182073866017, -3.01592681353e-05, -0.0040559694171, 0.0179728772491, -0.00583322858438], [0.00017096605734, -0.000228897697525, -0.000536612584256, -0.000258051644778, -0.000795834930614, 0.00039177731378, 0.00273749046028, -0.00222296779975, -0.000196068183868, -0.000410161621403, 0.00155726843514, -0.00583322858438, 0.014955824241]], "mean": [-659.040405273, 112.868263245, 12.5253543854, 27.3376464844, 5.13830184937, 5.43259429932, -2.34657740593, 4.76503610611, -4.42146682739, 3.50613999367, 3.20856189728, -1.83219635487, -0.55559951067]}, "pitch_salience": {"dmean": 0.0893420726061, "dmean2": 0.145683035254, "dvar": 0.00930301472545, "dvar2": 0.0230928771198, "max": 0.980437994003, "mean": 0.543648421764, "median": 0.561819016933, "min": 0.0245857220143, "var": 0.0201779529452}, "silence_rate_20dB": {"dmean": 0, "dmean2": 0, "dvar": 0, "dvar2": 0, "max": 1, "mean": 1, "median": 1, "min": 1, "var": 0}, "silence_rate_30dB": {"dmean": 0.000781021197326, "dmean2": 0.00156219489872, "dvar": 0.00078041118104, "dvar2": 0.00214557745494, "max": 1, "mean": 0.999511897564, "median": 1, "min": 0, "var": 0.000487852346851}, "silence_rate_60dB": {"dmean": 0.0236258916557, "dmean2": 0.0472563952208, "dvar": 0.0230677090585, "dvar2": 0.0551774948835, "max": 1, "mean": 0.0775087848306, "median": 0, "min": 0, "var": 0.071501173079}, "spectral_centroid": {"dmean": 428.511810303, "dmean2": 689.174255371, "dvar": 282416.3125, "dvar2": 660527.6875, "max": 11586.6904297, "mean": 1463.51586914, "median": 1269.98632812, "min": 138.266784668, "var": 1001874}, "spectral_complexity": {"dmean": 5.5626282692, "dmean2": 8.92481899261, "dvar": 56.2636489868, "dvar2": 138.439178467, "max": 63, "mean": 17.9619293213, "median": 16, "min": 0, "var": 130.78515625}, "spectral_contrast_coeffs": {"dmean": [0.0593730546534, 0.0483485125005, 0.0425764992833, 0.0354233384132, 0.0329578071833, 0.0269982721657], "dmean2": [0.0922653600574, 0.0789500921965, 0.0711232423782, 0.0590743124485, 0.0538296215236, 0.0429627336562], "dvar": [0.00316970539279, 0.0017422932433, 0.00141642510425, 0.000998110393994, 0.001028443221, 0.000785559415817], "dvar2": [0.00762567156926, 0.00450430903584, 0.00383885670453, 0.00259509426542, 0.00262220855802, 0.00194181071129], "max": [-0.243522852659, -0.424185067415, -0.362630039454, -0.520508646965, -0.569662868977, -0.516344964504], "mean": [-0.640221118927, -0.735159873962, -0.774654686451, -0.787773430347, -0.789007484913, -0.766195714474], "median": [-0.652081429958, -0.742656826973, -0.781073570251, -0.787581205368, -0.792984008789, -0.771477401257], "min": [-0.977458298206, -0.981042265892, -0.979736745358, -0.975691139698, -0.970944583416, -0.970213055611], "var": [0.0100746722892, 0.00608235923573, 0.00450127571821, 0.00271189352497, 0.00343890627846, 0.00237591634504]}, "spectral_contrast_valleys": {"dmean": [0.466408848763, 0.429336845875, 0.448761224747, 0.433082401752, 0.525484025478, 0.685660302639], "dmean2": [0.730397880077, 0.678085148335, 0.70819735527, 0.680472433567, 0.826386988163, 0.912692904472], "dvar": [0.272995144129, 0.243263363838, 0.269882470369, 0.279465347528, 0.425957232714, 0.602222919464], "dvar2": [0.544980823994, 0.517413020134, 0.597895681858, 0.611206829548, 0.989629983902, 1.2407310009], "max": [-5.3937253952, -4.43002223969, -5.35525560379, -5.84976148605, -5.25671291351, -7.35995578766], "mean": [-7.47077083588, -6.90541124344, -7.8010764122, -8.02547836304, -7.80201768875, -10.2243671417], "median": [-6.99576282501, -6.61025810242, -7.55257892609, -7.74025058746, -7.57718467712, -9.86390304565], "min": [-27.7785758972, -27.8343048096, -27.8794059753, -27.6094112396, -27.4099960327, -27.3586044312], "var": [3.27525901794, 2.93123960495, 2.77068948746, 2.82014560699, 3.04725694656, 3.59842777252]}, "spectral_decrease": {"dmean": 3.28559823792e-09, "dmean2": 5.15027931414e-09, "dvar": 2.39290728435e-17, "dvar2": 5.76038321542e-17, "max": 1.55506962429e-28, "mean": -6.4932224042e-09, "median": -5.15561815462e-09, "min": -3.84817617771e-08, "var": 3.17733407433e-17}, "spectral_energy": {"dmean": 0.0131671000272, "dmean2": 0.020550204441, "dvar": 0.000371695670765, "dvar2": 0.000887687550858, "max": 0.154903709888, "mean": 0.0264340508729, "median": 0.0212260149419, "min": 1.01021314467e-20, "var": 0.000504945521243}, "spectral_energyband_high": {"dmean": 0.00108207482845, "dmean2": 0.00176570087206, "dvar": 3.08082303491e-06, "dvar2": 7.29692055756e-06, "max": 0.0309786088765, "mean": 0.00130863545928, "median": 0.000377327320166, "min": 7.08126784966e-21, "var": 6.12978465142e-06}, "spectral_energyband_low": {"dmean": 0.00832887832075, "dmean2": 0.013046306558, "dvar": 0.000240228589973, "dvar2": 0.00058220239589, "max": 0.127228453755, "mean": 0.0128059098497, "median": 0.00754758389667, "min": 1.74375857165e-23, "var": 0.000283649045741}, "spectral_energyband_middle_high": {"dmean": 0.00185695069376, "dmean2": 0.00305538135581, "dvar": 9.12219911697e-06, "dvar2": 2.24263276323e-05, "max": 0.0518227890134, "mean": 0.0036067510955, "median": 0.00218778895214, "min": 1.11323031105e-21, "var": 1.72258187376e-05}, "spectral_energyband_middle_low": {"dmean": 0.00650005927309, "dmean2": 0.0111562423408, "dvar": 0.000151482439833, "dvar2": 0.000420828349888, "max": 0.105213016272, "mean": 0.01066525653, "median": 0.00721604796126, "min": 1.98900548743e-22, "var": 0.000143172423122}, "spectral_entropy": {"dmean": 0.27399033308, "dmean2": 0.406825453043, "dvar": 0.0890696719289, "dvar2": 0.200360432267, "max": 9.83170986176, "mean": 7.65428495407, "median": 7.70128011703, "min": 4.99263286591, "var": 0.260680735111}, "spectral_flux": {"dmean": 0.035248529166, "dmean2": 0.0536977238953, "dvar": 0.00193189852871, "dvar2": 0.0039081084542, "max": 0.342389255762, "mean": 0.0890124589205, "median": 0.0743780881166, "min": 6.45629522067e-11, "var": 0.00362532329746}, "spectral_kurtosis": {"dmean": 2.30598711967, "dmean2": 3.6653316021, "dvar": 53.0058937073, "dvar2": 105.263130188, "max": 311.479431152, "mean": 5.00110244751, "median": 3.20969891548, "min": -1.26556050777, "var": 187.6222229}, "spectral_rms": {"dmean": 0.00113884778693, "dmean2": 0.00170116184745, "dvar": 1.99454007088e-06, "dvar2": 4.44224315288e-06, "max": 0.0122933136299, "mean": 0.00461296457797, "median": 0.00455063767731, "min": 3.13938501931e-12, "var": 4.50987681688e-06}, "spectral_rolloff": {"dmean": 845.178771973, "dmean2": 1483.31860352, "dvar": 1927793.25, "dvar2": 4440323, "max": 19530.6152344, "mean": 1685.18969727, "median": 925.927734375, "min": 21.533203125, "var": 4419983}, "spectral_skewness": {"dmean": 0.290930837393, "dmean2": 0.450980961323, "dvar": 0.20283330977, "dvar2": 0.439371168613, "max": 14.8601455688, "mean": 1.48991012573, "median": 1.40250813961, "min": -0.509257137775, "var": 0.7731975317}, "spectral_spread": {"dmean": 1114624.125, "dmean2": 1574051.5, "dvar": 1711207874560.0, "dvar2": 3352849285120.0, "max": 42553108, "mean": 5291616, "median": 4761347.5, "min": 312