{"lowlevel": {"average_loudness": 0.849717617035, "barkbands": {"dmean": [0.000143361481605, 0.00635946076363, 0.00226034293883, 0.00113362062257, 0.00186320429202, 0.000677884148899, 0.000484363525175, 0.000778390502091, 0.000490282080136, 0.000501179893035, 0.000343178457115, 0.000611201976426, 0.000599593098741, 0.000560680404305, 0.000714242167305, 0.000440754287411, 0.000248756725341, 0.000201727074455, 0.000132544839289, 0.000125418606331, 8.84069668246e-05, 0.000105902581709, 9.6204727015e-05, 7.84009243944e-05, 6.03326188866e-05, 3.21508341585e-05, 2.40715453401e-05], "dmean2": [0.000224869509111, 0.0104995435104, 0.00408706441522, 0.00197834847495, 0.00303173437715, 0.00110188871622, 0.000768814759795, 0.00123539450578, 0.000798441935331, 0.000770719954744, 0.000536073639523, 0.00096241774736, 0.000965119106695, 0.000914130650926, 0.00114970665891, 0.000694791495334, 0.000398711796151, 0.000321363448165, 0.0002065160661, 0.000190589038539, 0.000129109932459, 0.000149533050717, 0.000137848794111, 0.000113684189273, 8.49926145747e-05, 4.5881330152e-05, 3.87611871702e-05], "dvar": [1.25434269194e-07, 0.000371890375391, 5.66186681681e-05, 8.0378677012e-06, 2.41650704993e-05, 1.68429880887e-06, 1.53041378326e-06, 3.02547209685e-06, 1.42902001699e-06, 1.08241965791e-06, 8.60185139118e-07, 2.12611735151e-06, 1.86116096756e-06, 1.62903052114e-06, 2.17112460632e-06, 1.23279994568e-06, 2.75265279015e-07, 1.77591871875e-07, 1.03801092166e-07, 1.01612322112e-07, 9.61207504702e-08, 1.40547712135e-07, 1.28373784491e-07, 3.93338623894e-08, 1.76806498331e-08, 6.55625154167e-09, 5.87042681133e-09], "dvar2": [2.93900541237e-07, 0.00092639453942, 0.000160554118338, 2.19077119255e-05, 6.07584261161e-05, 4.14923351855e-06, 3.65037567462e-06, 7.60174407333e-06, 3.77268202101e-06, 2.62897810899e-06, 2.02748856282e-06, 5.08700259161e-06, 4.86048475068e-06, 4.44661372967e-06, 5.54221242055e-06, 3.17722378895e-06, 6.90091439992e-07, 4.42537952949e-07, 2.41459616745e-07, 2.29636924587e-07, 2.0006106638e-07, 2.73203767165e-07, 2.8040275879e-07, 8.17147807197e-08, 3.50989211029e-08, 1.33309683292e-08, 1.36168916143e-08], "max": [0.00559402815998, 0.220899254084, 0.0804492607713, 0.0346024334431, 0.0745480209589, 0.0203973948956, 0.0286700129509, 0.0274435393512, 0.0204260069877, 0.0274616554379, 0.0221425574273, 0.0335834771395, 0.0311336293817, 0.0228975396603, 0.0297076776624, 0.0273034833372, 0.0101046180353, 0.00959338061512, 0.00906090717763, 0.00653087068349, 0.0105652315542, 0.0101932752877, 0.0133298188448, 0.00472094165161, 0.0018205952365, 0.00107409665361, 0.00132941850461], "mean": [0.000188549951417, 0.00574381649494, 0.00204442837276, 0.00129698019009, 0.00250760512426, 0.0011419110233, 0.000842346111313, 0.00127704523038, 0.000736271147616, 0.000901103951037, 0.000586766167544, 0.00122912146617, 0.00102184317075, 0.000940585625358, 0.0012753122719, 0.000816581188701, 0.000469820486614, 0.000379545002943, 0.00023987822351, 0.000202335140784, 0.000126308266772, 0.000163498174516, 0.000143054538057, 0.00011976044334, 8.71661031852e-05, 4.6831140935e-05, 2.56259045273e-05], "median": [2.63927322521e-05, 0.00108271383215, 0.000497525674291, 0.000617750163656, 0.00114390009549, 0.00052613200387, 0.000297466671327, 0.000577763130423, 0.000232337843045, 0.000319342594594, 0.000110431145004, 0.000279857486021, 0.000281931192148, 0.000258828804363, 0.000373378483346, 0.000168272279552, 0.000144695251947, 0.000145520127262, 6.57382770441e-05, 4.85028103867e-05, 1.48699436977e-05, 2.50668290391e-05, 2.12368413486e-05, 2.08976671274e-05, 7.39149709261e-06, 2.24326936404e-06, 1.34289564357e-07], "min": [7.26724461641e-24, 2.64703097162e-23, 1.56496214307e-23, 4.67235924389e-24, 2.66717974132e-23, 6.23357761088e-23, 4.94052951095e-23, 1.60384493932e-23, 5.53556886948e-23, 3.26415969768e-23, 5.37182848237e-23, 5.46711341339e-23, 4.91579840603e-23, 6.69836057228e-23, 9.74539324777e-23, 1.47455243556e-22, 2.121288626e-22, 1.78425897451e-22, 1.97849710287e-22, 2.88362487214e-22, 5.07411187187e-22, 4.90826579412e-22, 4.52856192311e-22, 1.01299393364e-21, 1.40465708743e-21, 1.43559992294e-21, 2.29167157534e-21], "var": [1.95497179334e-07, 0.000320426770486, 3.72818140022e-05, 6.18705735178e-06, 2.41461912083e-05, 3.05869548356e-06, 2.94854976346e-06, 4.46908279628e-06, 2.15454133468e-06, 2.42425312535e-06, 2.38268830799e-06, 7.61202318245e-06, 3.98823794967e-06, 3.09515826302e-06, 4.70687336929e-06, 2.91837818622e-06, 6.36835068235e-07, 3.93092619788e-07, 2.12644422959e-07, 2.02961828677e-07, 1.5855054869e-07, 2.54105998465e-07, 1.89387677096e-07, 7.66438006394e-08, 3.75150293053e-08, 1.38983313747e-08, 7.79717090893e-09]}, "barkbands_crest": {"dmean": 2.80517673492, "dmean2": 4.5315823555, "dvar": 8.72479152679, "dvar2": 21.0593261719, "max": 26.9033718109, "mean": 9.27151489258, "median": 8.09181213379, "min": 1.9099676609, "var": 20.9689102173}, "barkbands_flatness_db": {"dmean": 0.0243080481887, "dmean2": 0.0365157425404, "dvar": 0.00076816388173, "dvar2": 0.00175269320607, "max": 0.525811433792, "mean": 0.149295136333, "median": 0.130279928446, "min": 0.0105354245752, "var": 0.00620112987235}, "barkbands_kurtosis": {"dmean": 4.56640815735, "dmean2": 7.0104804039, "dvar": 2401.06787109, "dvar2": 4218.41015625, "max": 4569.33740234, "mean": 8.1301574707, "median": 0.334454149008, "min": -1.86015355587, "var": 7705.8203125}, "barkbands_skewness": {"dmean": 0.619177520275, "dmean2": 0.893473267555, "dvar": 0.950334489346, "dvar2": 1.77251780033, "max": 62.8021850586, "mean": 1.13707792759, "median": 0.668085753918, "min": -2.52187728882, "var": 6.2575302124}, "barkbands_spread": {"dmean": 4.95491409302, "dmean2": 7.46509075165, "dvar": 35.5951118469, "dvar2": 76.4001235962, "max": 86.3420715332, "mean": 20.4669418335, "median": 18.6643657684, "min": 0.0685840770602, "var": 159.707504272}, "dissonance": {"dmean": 0.0233317874372, "dmean2": 0.0383816510439, "dvar": 0.000656680611428, "dvar2": 0.00164647412021, "max": 0.5, "mean": 0.450035065413, "median": 0.465549558401, "min": 0.152804255486, "var": 0.00228770566173}, "dynamic_complexity": 4.12582683563, "erbbands": {"dmean": [0.136869952083, 1.60333073139, 2.90585947037, 3.00730824471, 6.83256816864, 4.81842756271, 5.58664798737, 5.73756837845, 7.39131498337, 7.54399967194, 18.0735969543, 12.4206905365, 11.0318164825, 15.672785759, 16.1012382507, 28.0828018188, 25.6582641602, 28.7468757629, 39.2926712036, 23.1929912567, 17.1049175262, 11.0587682724, 11.2036628723, 6.3968462944, 7.70345163345, 5.68212556839, 3.89451885223, 3.45704245567, 3.65780711174, 3.70767641068, 2.59563541412, 1.86438500881, 1.22674310207, 0.756595313549, 0.386040896177, 0.152847915888, 0.0577825717628, 0.0183790344745, 0.00399277312681, 0.000304919522023], "dmean2": [0.218673765659, 2.7293305397, 5.01735782623, 5.32149457932, 11.3872966766, 7.9518404007, 8.91683483124, 9.48735046387, 11.5984535217, 12.046374321, 28.7775154114, 20.1087589264, 17.0540122986, 24.0831432343, 24.6488189697, 43.6776771545, 40.7264633179, 46.7051506042, 63.2853317261, 35.9754371643, 26.4995822906, 17.45520401, 17.7561016083, 10.0893602371, 11.801533699, 8.56801986694, 5.75335741043, 4.93851327896, 5.18808317184, 5.39057397842, 3.76561069489, 2.70629763603, 1.7569681406, 1.08772349358, 0.552646160126, 0.219686686993, 0.0838428288698, 0.027284225449, 0.00649498589337, 0.000506443320774], "dvar": [0.151121094823, 25.4123477936, 86.5391769409, 68.6104736328, 425.219116211, 134.030105591, 128.346191406, 150.229705811, 350.677398682, 392.93649292, 1626.5526123, 962.564025879, 799.063720703, 1194.73449707, 1830.55285645, 4656.81445313, 3610.71777344, 4091.47436523, 6850.65087891, 2518.61938477, 1801.55090332, 548.013183594, 591.957885742, 186.565414429, 383.058349609, 218.523284912, 155.708587646, 171.938415527, 163.016937256, 194.450897217, 91.1096191406, 27.1295623779, 9.02962684631, 2.74242353439, 0.786434829235, 0.135229244828, 0.0228478685021, 0.00274081481621, 0.000163886856171, 1.02692263226e-06], "dvar2": [0.345269054174, 65.8702316284, 234.371383667, 193.688964844, 1062.40808105, 351.878845215, 295.369415283, 381.388702393, 822.032409668, 982.357849121, 4073.77563477, 2524.04614258, 1968.94152832, 2818.23657227, 4296.23046875, 11282.3154297, 9402.58203125, 11036.4521484, 17739.5410156, 6185.60791016, 4627.10058594, 1322.4798584, 1481.32714844, 438.981689453, 868.980285645, 489.790405273, 327.992401123, 358.345062256, 311.521759033, 418.757019043, 202.534515381, 57.7831192017, 18.5015678406, 5.56562757492, 1.59316623211, 0.278281331062, 0.0472328811884, 0.00587118184194, 0.000374492025003, 2.51329151979e-06], "max": [5.67043828964, 56.7655410767, 101.142242432, 100.814117432, 286.478729248, 213.397994995, 236.658447266, 212.004348755, 441.479858398, 465.937988281, 747.706542969, 604.077331543, 653.942749023, 1048.91162109, 1053.50964355, 1726.30847168, 1484.30383301, 1063.36901855, 1840.21386719, 1016.60327148, 1293.71520996, 534.109863281, 555.058044434, 279.292724609, 534.307678223, 357.602752686, 324.289489746, 476.796020508, 324.938201904, 374.100280762, 328.444702148, 116.718109131, 102.621833801, 24.3516387939, 11.7923727036, 5.18839931488, 2.23696827888, 0.981429696083, 0.230411708355, 0.0134683959186], "mean": [0.13531024754, 1.36974489689, 2.62938690186, 3.47375869751, 7.51846837997, 6.98063421249, 9.5437746048, 9.21764469147, 13.4670276642, 12.3292379379, 30.3834991455, 20.094909668, 19.7925624847, 29.4006404877, 31.1275424957, 58.9439849854, 48.0628814697, 52.4853515625, 72.4988708496, 49.5947914124, 35.5897827148, 23.5375595093, 22.5255260468, 12.7267885208, 13.7663068771, 9.39649295807, 5.81639480591, 4.95506906509, 5.6329035759, 5.48642253876, 3.8315114975, 2.81499195099, 1.8296700716, 1.07780086994, 0.553655922413, 0.220252066851, 0.0830074474216, 0.024174021557, 0.004381459672, 0.000295512611046], "median": [0.0261701792479, 0.249804079533, 0.573384582996, 1.86043798923, 2.57183051109, 3.38725566864, 3.85644316673, 4.36185598373, 5.37977027893, 5.40109062195, 14.5103406906, 7.40170240402, 8.22051143646, 9.89633655548, 7.71527194977, 15.0849733353, 15.0202541351, 16.8094139099, 21.7481365204, 14.7234840393, 10.3423776627, 8.02654075623, 8.61779403687, 4.68459796906, 3.74171829224, 2.40508198738, 0.885497629642, 0.619917631149, 0.876117885113, 0.817410171032, 0.576167285442, 0.478766322136, 0.302404165268, 0.112144216895, 0.0380406007171, 0.0117315715179, 0.00366959557869, 0.000642463157419, 3.20819563058e-05, 2.46025574597e-05], "min": [1.01499342466e-21, 3.45726882093e-21, 1.42404086148e-20, 2.07865140341e-20, 2.26084164918e-20, 6.46898665999e-20, 2.43876057337e-19, 5.82264582391e-19, 7.56159143653e-19, 6.95991111571e-19, 4.87715873823e-19, 1.15274308182e-18, 1.04973872624e-18, 1.36183976162e-18, 2.54218472311e-18, 1.84137538787e-18, 2.23111807709e-18, 2.88515634575e-18, 4.84249604485e-18, 6.09893252371e-18, 1.06563941236e-17, 1.21701884113e-17, 7.68327952741e-18, 9.02005385531e-18, 1.33082913269e-17, 1.39928469767e-17, 2.2486299456e-17, 1.63321517993e-17, 1.76189123058e-17, 1.38826466667e-17, 1.60514563302e-17, 1.74755288184e-17, 1.75461568078e-17, 1.69756354501e-17, 8.58349108906e-18, 5.45521933025e-18, 2.53937499737e-18, 1.28462979267e-18, 3.21232514807e-19, 2.93731706271e-20], "var": [0.152428492904, 19.9503078461, 63.7043266296, 46.6175079346, 378.816253662, 142.943023682, 269.597961426, 244.609848022, 687.74230957, 522.735961914, 2526.17578125, 1503.16223145, 1517.99389648, 2890.10400391, 5299.41796875, 16956.1503906, 8383.41113281, 8237.84472656, 15545.9404297, 7269.39501953, 4180.27441406, 1441.15002441, 1319.46691895, 463.438842773, 801.918701172, 438.024383545, 268.394287109, 275.727142334, 304.741790771, 294.575439453, 131.610992432, 47.9719047546, 17.6915435791, 5.46309614182, 1.66728484631, 0.276387810707, 0.0474648103118, 0.00486410222948, 0.000236867505009, 1.06640186459e-06]}, "erbbands_crest": {"dmean": 2.64348053932, "dmean2": 4.26585102081, "dvar": 6.41830301285, "dvar2": 15.6017122269, "max": 30.9665927887, "mean": 10.2977705002, "median": 9.15021514893, "min": 2.53095626831, "var": 22.6130638123}, "erbbands_flatness_db": {"dmean": 0.0228376146406, "dmean2": 0.0306422319263, "dvar": 0.000642185041215, "dvar2": 0.00111418729648, "max": 0.376025140285, "mean": 0.185897111893, "median": 0.18044655025, "min": 0.0375682190061, "var": 0.00422678422183}, "erbbands_kurtosis": {"dmean": 1.02531945705, "dmean2": 1.59159827232, "dvar": 1.8778989315, "dvar2": 4.13605880737, "max": 31.3959999084, "mean": 1.0033749342, "median": 0.442022830248, "min": -1.74380874634, "var": 5.1604590416}, "erbbands_skewness": {"dmean": 0.348949551582, "dmean2": 0.51761162281, "dvar": 0.112546697259, "dvar2": 0.239283010364, "max": 4.64302587509, "mean": 0.0617960132658, "median": 0.0566884726286, "min": -3.53295326233, "var": 0.59997856617}, "erbbands_spread": {"dmean": 7.6511721611, "dmean2": 11.1169204712, "dvar": 109.016731262, "dvar2": 218.693695068, "max": 159.924179077, "mean": 27.540605545, "median": 23.4035701752, "min": 2.11800384521, "var": 293.434020996}, "gfcc": {"cov": [[19552.9042969, -3223.9440918, -1276.2409668, 1174.32641602, -411.41015625, 244.383468628, -553.927307129, 240.862442017, -345.147460938, -122.963752747, -425.810455322, 69.79246521, -260.589080811], [-3223.9440918, 3002.06811523, 27.6542739868, -647.562927246, 357.613586426, -118.514640808, 232.076705933, -188.821472168, 168.457748413, -110.655357361, 199.238433838, -169.118347168, 49.4193611145], [-1276.2409668, 27.6542739868, 1306.77636719, 21.5119781494, -11.4254970551, 101.152000427, 127.565338135, -38.0455207825, -53.1163787842, 28.4077835083, -71.6724700928, -32.6875190735, 7.83363819122], [1174.32641602, -647.562927246, 21.5119781494, 736.494628906, -97.3059463501, 66.3515014648, -7.49218320847, 68.7092285156, -22.2502040863, -23.2883930206, -36.8593101501, 11.069272995, -8.29039669037], [-411.41015625, 357.613586426, -11.4254970551, -97.3059463501, 412.930938721, 31.5163974762, 65.8454437256, 17.5513839722, 77.8035583496, -5.12179517746, 3.05074977875, -38.0198440552, -0.9762545228], [244.383468628, -118.514640808, 101.152000427, 66.3515014648, 31.5163974762, 213.487838745, 68.1165924072, 22.8391799927, -17.8634757996, 22.2520236969, -2.01371598244, -4.9480137825, -12.3090724945], [-553.927307129, 232.076705933, 127.565338135, -7.49218320847, 65.8454437256, 68.1165924072, 241.747589111, -6.61470222473, 2.86926722527, 12.6763830185, 49.1525650024, -19.7321147919, 4.95740175247], [240.862442017, -188.821472168, -38.0455207825, 68.7092285156, 17.5513839722, 22.8391799927, -6.61470222473, 136.765716553, 41.0913963318, 16.3524131775, -17.2529640198, 18.2421188354, -0.2030159235], [-345.147460938, 168.457748413, -53.1163787842, -22.2502040863, 77.8035583496, -17.8634757996, 2.86926722527, 41.0913963318, 150.908462524, 33.6462364197, 4.10854005814, -7.33816337585, 19.0829334259], [-122.963752747, -110.655357361, 28.4077835083, -23.2883930206, -5.12179517746, 22.2520236969, 12.6763830185, 16.3524131775, 33.6462364197, 108.595527649, 13.7382030487, 13.5657835007, 1.47127854824], [-425.810455322, 199.238433838, -71.6724700928, -36.8593101501, 3.05074977875, -2.01371598244, 49.1525650024, -17.2529640198, 4.10854005814, 13.7382030487, 128.76625061, 25.1817150116, 8.8898267746], [69.79246521, -169.118347168, -32.6875190735, 11.069272995, -38.0198440552, -4.9480137825, -19.7321147919, 18.2421188354, -7.33816337585, 13.5657835007, 25.1817150116, 91.4838256836, 23.405790329], [-260.589080811, 49.4193611145, 7.83363819122, -8.29039669037, -0.9762545228, -12.3090724945, 4.95740175247, -0.2030159235, 19.0829334259, 1.47127854824, 8.8898267746, 23.405790329, 71.3115463257]], "icov": [[7.98893597675e-05, 3.6053283111e-05, 9.02659157873e-05, -6.86430139467e-05, 6.40207917968e-06, -9.91455381154e-05, 7.53178246669e-05, -2.30268142332e-05, 0.000113775335194, 4.63723808934e-05, 0.000190641861991, -3.24484826706e-05, 0.000182207484613], [3.6053283111e-05, 0.000833098893054, -4.52244967164e-05, 0.000495906511787, -0.000234810373513, 0.000160194205819, -0.000342059793184, 0.000628235109616, -0.000933617760893, 0.00118577666581, -0.00115728273522, 0.00131752633024, -0.000395768380258], [9.02659157873e-05, -4.52244967164e-05, 0.00102569418959, -0.000131391832838, 9.47749358602e-05, -0.000377810501959, -0.000427881226642, 0.000207722579944, 0.000525035604369, -0.000435445312178, 0.00113299360964, -7.78596586315e-05, -4.75359156553e-05], [-6.86430139467e-05, 0.000495906511787, -0.000131391832838, 0.00196828786284, 0.000286897440674, -0.000288074254058, -0.000355289288564, -0.000356133910827, -0.000718118506484, 0.00126184057444, -0.000672951922752, 0.000823241018225, -0.000393534603063], [6.40207917968e-06, -0.000234810373513, 9.47749358602e-05, 0.000286897440674, 0.00316145806573, -0.000647682580166, -0.000577660102863, -0.000414026028011, -0.00138864829205, 0.00053235940868, 0.000487763376441, 0.00038183410652, 0.000354012532625], [-9.91455381154e-05, 0.000160194205819, -0.000377810501959, -0.000288074254058, -0.000647682580166, 0.00608967617154, -0.00162780995015, -0.000805311021395, 0.000970650522504, -0.00120018341113, -0.000245081289904, 0.000372179812985, 0.000361247715773], [7.53178246669e-05, -0.000342059793184, -0.000427881226642, -0.000355289288564, -0.000577660102863, -0.00162780995015, 0.00600313814357, -0.000479716225527, 0.000795736617874, -0.000668098218739, -0.00206827255897, 0.00112264265772, -0.000499388435856], [-2.30268142332e-05, 0.000628235109616, 0.000207722579944, -0.000356133910827, -0.000414026028011, -0.000805311021395, -0.000479716225527, 0.0100149298087, -0.00363504490815, 0.000409706117352, 0.000859653402586, -0.00180951715447, 0.000784484785981], [0.000113775335194, -0.000933617760893, 0.000525035604369, -0.000718118506484, -0.00138864829205, 0.000970650522504, 0.000795736617874, -0.00363504490815, 0.0111115192994, -0.0045811291784, 0.00133437116165, 0.000610335613601, -0.00224111857824], [4.63723808934e-05, 0.00118577666581, -0.000435445312178, 0.00126184057444, 0.00053235940868, -0.00120018341113, -0.000668098218739, 0.000409706117352, -0.0045811291784, 0.0128708984703, -0.00256436644122, 4.07608713431e-05, 0.000656630203594], [0.000190641861991, -0.00115728273522, 0.00113299360964, -0.000672951922752, 0.000487763376441, -0.000245081289904, -0.00206827255897, 0.000859653402586, 0.00133437116165, -0.00256436644122, 0.0127460220829, -0.00559296784922, 0.00134916696697], [-3.24484826706e-05, 0.00131752633024, -7.78596586315e-05, 0.000823241018225, 0.00038183410652, 0.000372179812985, 0.00112264265772, -0.00180951715447, 0.000610335613601, 4.07608713431e-05, -0.00559296784922, 0.0171746332198, -0.00604506907985], [0.000182207484613, -0.000395768380258, -4.75359156553e-05, -0.000393534603063, 0.000354012532625, 0.000361247715773, -0.000499388435856, 0.000784484785981, -0.00224111857824, 0.000656630203594, 0.00134916696697, -0.00604506907985, 0.0174287855625]], "mean": [-39.5660934448, 106.420539856, -119.581565857, 13.8726959229, -47.5988769531, 17.85505867, -39.6277770996, 4.58550167084, -17.0692558289, 1.27772164345, -10.4925899506, -2.75506329536, -12.4706535339]}, "hfc": {"dmean": 7.28876495361, "dmean2": 10.1577472687, "dvar": 131.690246582, "dvar2": 257.980285645, "max": 268.85333252, "mean": 22.5975933075, "median": 14.1936702728, "min": 1.11575653205e-16, "var": 596.705993652}, "melbands": {"dmean": [0.00152937485836, 0.00172684900463, 0.000649119087029, 0.000437778886408, 0.000186866920558, 0.000125115300762, 0.000109606204205, 9.54123752308e-05, 0.000141705255373, 7.54045759095e-05, 5.58469728276e-05, 6.62581733195e-05, 4.85334712721e-05, 6.89970402163e-05, 6.51721784379e-05, 5.84432200412e-05, 5.67886600038e-05, 6.34238604107e-05, 4.1204963054e-05, 3.93917325709e-05, 1.8015740352e-05, 1.26111572172e-05, 1.33559542519e-05, 1.01103396446e-05, 5.08556104251e-06, 5.49664355276e-06, 5.8065097619e-06, 3.59303999176e-06, 2.65695121016e-06, 2.16419039134e-06, 2.09305699173e-06, 2.12892268792e-06, 2.18753871195e-06, 2.08336200558e-06, 1.5841936829e-06, 1.30836190237e-06, 1.13875682928e-06, 9.28418103285e-07, 7.31689453914e-07, 6.32788669463e-07], "dmean2": [0.002481341362, 0.0028859898448, 0.0011247509392, 0.000721339136362, 0.000298929662677, 0.000205582706258, 0.000172086045495, 0.000152438078658, 0.000225902113016, 0.000122478828416, 8.62694651005e-05, 0.000102036872704, 7.42399279261e-05, 0.000108242442366, 9.90485859802e-05, 9.39280362218e-05, 9.25114945858e-05, 0.000102132602478, 6.53350507491e-05, 6.26557230134e-05, 2.82301916741e-05, 2.02266855922e-05, 2.15620439121e-05, 1.62808719324e-05, 8.15067141957e-06, 8.65703805175e-06, 8.97062000149e-06, 5.46897126696e-06, 4.0221616473e-06, 3.21021821037e-06, 3.07679010803e-06, 3.06149809148e-06, 3.18555248668e-06, 3.08285211759e-06, 2.36554024013e-06, 1.91675258066e-06, 1.70030205027e-06, 1.35458219575e-06, 1.07704636321e-06, 9.27237010728e-07], "dvar": [2.02355404326e-05, 2.80291787931e-05, 2.69032170763e-06, 1.5586946347e-06, 1.29437879082e-07, 6.45380922037e-08, 7.68387593553e-08, 6.2425094427e-08, 9.6085067014e-08, 3.86525265128e-08, 2.00314858034e-08, 2.19656559608e-08, 1.7390783924e-08, 2.42128521677e-08, 2.34381722919e-08, 1.79510593057e-08, 1.77751626751e-08, 1.77136669777e-08, 7.37128003081e-09, 9.66894031507e-09, 1.99797800526e-09, 7.54345752529e-10, 8.78872752352e-10, 4.8219761517e-10, 1.31501712297e-10, 2.04526090508e-10, 2.30884547592e-10, 1.03095858239e-10, 7.3180489446e-11, 5.56670126661e-11, 7.00454139135e-11, 5.73873795706e-11, 5.62985630337e-11, 6.80714304369e-11, 3.77436831789e-11, 1.73318547014e-11, 9.16421539349e-12, 5.90340710344e-12, 2.65584516185e-12, 2.08803005268e-12], "dvar2": [4.88378791488e-05, 7.15395071893e-05, 7.28974509911e-06, 3.965092219e-06, 3.06586258603e-07, 1.63258576436e-07, 1.79606729489e-07, 1.5545886356e-07, 2.40649058014e-07, 1.02131245683e-07, 4.92242548944e-08, 5.17476976825e-08, 4.07222131571e-08, 5.95671458825e-08, 5.08413684486e-08, 4.75195847116e-08, 4.8295845545e-08, 4.61780835792e-08, 1.80142230022e-08, 2.45552183031e-08, 5.15208542495e-09, 1.8394145096e-09, 2.24389440362e-09, 1.224624957e-09, 3.20762583161e-10, 4.8008802489e-10, 5.3248611076e-10, 2.39556818826e-10, 1.62306168505e-10, 1.17956991397e-10, 1.52662757436e-10, 1.125962934e-10, 1.14279627428e-10, 1.53180093609e-10, 8.72288005715e-11, 3.75335422464e-11, 2.0071899004e-11, 1.24981336044e-11, 5.65088470808e-12, 4.37204656159e-12], "max": [0.0533557459712, 0.0562191382051, 0.0170684978366, 0.0200687386096, 0.00771239027381, 0.0044029885903, 0.00668554240838, 0.00586019968614, 0.005700240843, 0.0038812069688, 0.00323779252358, 0.00462023261935, 0.00339563656598, 0.00304827676155, 0.00445152167231, 0.00321582565084, 0.00238534458913, 0.00285196094774, 0.00193863315508, 0.00206345762126, 0.00113286962733, 0.000655802898109, 0.000643155246507, 0.00059803982731, 0.00024599977769, 0.000420133583248, 0.000407197367167, 0.000300970888929, 0.00027555791894, 0.000206526034162, 0.000321567786159, 0.000214250205318, 0.000195224754862, 0.000253466831055, 0.000224982621148, 0.000121930344903, 6.15952012595e-05, 9.22652398003e-05, 2.87652237603e-05, 2.16324187932e-05], "mean": [0.00144413800444, 0.00160233350471, 0.000735306937713, 0.000542719732039, 0.000325643341057, 0.000204328549444, 0.000199438072741, 0.000152638473082, 0.000238037988311, 0.000115519091196, 9.6801762993e-05, 0.00011965342128, 8.73543831403e-05, 0.000139756346471, 0.00012318402878, 0.000101732228359, 9.47841544985e-05, 0.000112969450129, 7.67653982621e-05, 7.22098338883e-05, 3.4328775655e-05, 2.43387839873e-05, 2.38304073719e-05, 1.78919945029e-05, 9.00562918105e-06, 9.67512278294e-06, 9.1176279966e-06, 5.55312362849e-06, 3.76839375349e-06, 2.97304382002e-06, 2.84623706648e-06, 3.13317696055e-06, 3.26057192979e-06, 2.93715879707e-06, 2.22988091991e-06, 1.89550223695e-06, 1.6672519223e-06, 1.35085417696e-06, 1.03040201793e-06, 8.61099863414e-07], "median": [0.000291435513645, 0.000352367089363, 0.00036681475467, 0.000237825952354, 0.000137758892379, 9.67621308519e-05, 7.67705932958e-05, 6.86482308083e-05, 0.000112163244921, 3.70020970877e-05, 3.75294366677e-05, 3.61448146577e-05, 1.73022690433e-05, 3.37750279868e-05, 3.21282495861e-05, 3.04234145005e-05, 2.66671104328e-05, 3.22491287079e-05, 2.29786419368e-05, 1.44370851558e-05, 1.03066377051e-05, 7.6998703662e-06, 7.33028900868e-06, 6.31639250059e-06, 2.5491674478e-06, 2.5534834549e-06, 2.1340922558e-06, 1.26365978304e-06, 5.25455163825e-07, 2.99853951446e-07, 3.40331041571e-07, 4.5647755087e-07, 4.87145939587e-07, 4.00816333013e-07, 3.1616852425e-07, 2.97948389516e-07, 2.74623317864e-07, 2.18141707364e-07, 1.37876725148e-07, 7.26481417246e-08], "min": [8.21196944815e-24, 6.58972551151e-24, 4.26007529127e-24, 2.19582213703e-24, 7.78189431553e-24, 1.34709422272e-23, 1.1740012585e-23, 6.96894396485e-24, 4.78841606584e-24, 7.36167915538e-24, 5.10857250321e-24, 4.83294253077e-24, 7.90520905224e-24, 7.00265120247e-24, 2.81038836676e-24, 6.2106163154e-24, 4.88303007066e-24, 7.96133729451e-24, 6.97480520138e-24, 6.82662872438e-24, 1.11657928434e-23, 1.09236914316e-23, 5.68914415274e-24, 8.99664150196e-24, 6.63279534478e-24, 9.19735769296e-24, 1.13478122421e-23, 7.69040065003e-24, 1.31275818408e-23, 1.12441724853e-23, 7.88199839782e-24, 9.61332325943e-24, 1.00657760093e-23, 6.33895254619e-24, 9.71849498417e-24, 8.02494788246e-24, 1.1941255735e-23, 1.09964543838e-23, 1.32033014436e-23, 1.4150591651e-23], "var": [1.86541856237e-05, 2.31841313507e-05, 2.04396724257e-06, 1.43134673181e-06, 2.67391442321e-07, 1.10028345546e-07, 1.54061339686e-07, 8.1046785283e-08, 1.49914654912e-07, 5.79054670879e-08, 3.78764255515e-08, 5.22810204018e-08, 5.34177289069e-08, 8.25864177045e-08, 6.95587374366e-08, 3.62726275682e-08, 3.25395603795e-08, 3.96828454541e-08, 1.69151128659e-08, 2.39836630556e-08, 4.00037247772e-09, 1.75250203238e-09, 1.82262249737e-09, 9.1487578624e-10, 2.88662427295e-10, 4.12495315683e-10, 4.12200190647e-10, 1.82998213805e-10, 1.16275308826e-10, 8.87043563602e-11, 1.03055161627e-10, 1.01593365665e-10, 9.70656957588e-11, 9.34565549948e-11, 4.97792050635e-11, 2.72227535653e-11, 1.62835370188e-11, 1.08789964884e-11, 4.85659429339e-12, 3.86475009981e-12]}, "melbands_crest": {"dmean": 3.23847079277, "dmean2": 5.20942354202, "dvar": 10.407034874, "dvar2": 22.3927974701, "max": 39.9138221741, "mean": 12.2311868668, "median": 10.8354120255, "min": 1.99265813828, "var": 33.7896652222}, "melbands_flatness_db": {"dmean": 0.0300803892314, "dmean2": 0.0442903973162, "dvar": 0.00121632323135, "dvar2": 0.00266381446272, "max": 0.61239117384, "mean": 0.215002343059, "median": 0.193305417895, "min": 0.00721150590107, "var": 0.0101874405518}, "melbands_kurtosis": {"dmean": 8.18210601807, "dmean2": 12.7928314209, "dvar": 893.765075684, "dvar2": 1882.3894043, "max": 1946.25732422, "mean": 13.0945701599, "median": 1.83507752419, "min": -1.83819556236, "var": 4069.65429688}, "melbands_skewness": {"dmean": 0.808370471001, "dmean2": 1.1720443964, "dvar": 1.39587759972, "dvar2": 2.77195668221, "max": 40.2563934326, "mean": 1.94230425358, "median": 1.36121249199, "min": -1.39187562466, "var": 6.63111877441}, "melbands_spread": {"dmean": 7.68940114975, "dmean2": 11.4662971497, "dvar": 132.59753418, "dvar2": 247.563873291, "max": 212.966567993, "mean": 28.4013462067, "median": 24.8416309357, "min": 0.21518535912, "var": 503.476715088}, "mfcc": {"cov": [[14490.3681641, -2973.76904297, -1444.61572266, 607.127624512, 284.277038574, 16.5282611847, -131.472976685, 280.286224365, -22.4007835388, 44.6452865601, -150.655303955, -127.424079895, -126.931884766], [-2973.76904297, 2736.53369141, 72.111289978, -352.275238037, 85.9793624878, 48.1516342163, 82.906539917, -22.2098178864, -29.7570953369, 48.8716278076, 88.721282959, 4.47513818741, 39.7270812988], [-1444.61572266, 72.111289978, 1162.01293945, 89.2711791992, -92.5372161865, 100.416137695, 119.029029846, -55.3939361572, 62.45677948, -44.7411766052, -10.3712291718, 30.8408470154, -20.165719986], [607.127624512, -352.275238037, 89.2711791992, 438.988647461, 47.8530578613, 26.4307632446, 13.2511997223, 62.6544799805, 27.3390636444, 4.91175413132, -19.4226016998, -1.70674645901, 20.6449050903], [284.277038574, 85.9793624878, -92.5372161865, 47.8530578613, 280.081970215, 18.8748607635, -20.4810829163, 33.9433937073, 46.4324226379, 33.576007843, 2.84215402603, -7.77645254135, -7.2912774086], [16.5282611847, 48.1516342163, 100.416137695, 26.4307632446, 18.8748607635, 194.856719971, 96.7741470337, 8.7383928299, 34.2446556091, 12.6661338806, 32.5075683594, 16.0802116394, -5.31550455093], [-131.472976685, 82.906539917, 119.029029846, 13.2511997223, -20.4810829163, 96.7741470337, 203.616729736, 43.6774406433, 0.947469949722, 7.62051391602, 13.7276535034, 16.8860263824, 2.96648740768], [280.286224365, -22.2098178864, -55.3939361572, 62.6544799805, 33.9433937073, 8.7383928299, 43.6774406433, 123.368812561, 21.9254798889, 11.1770563126, 2.21209359169, -2.46153473854, 16.9471035004], [-22.4007835388, -29.7570953369, 62.45677948, 27.3390636444, 46.4324226379, 34.2446556091, 0.947469949722, 21.9254798889, 141.710769653, 38.0776023865, 8.78773498535, 6.88305568695, -6.7969045639], [44.6452865601, 48.8716278076, -44.7411766052, 4.91175413132, 33.576007843, 12.6661338806, 7.62051391602, 11.1770563126, 38.0776023865, 103.18561554, 35.8867073059, 0.959281563759, 0.61438959837], [-150.655303955, 88.721282959, -10.3712291718, -19.4226016998, 2.84215402603, 32.5075683594, 13.7276535034, 2.21209359169, 8.78773498535, 35.8867073059, 93.5438995361, 23.0436420441, 3.74492740631], [-127.424079895, 4.47513818741, 30.8408470154, -1.70674645901, -7.77645254135, 16.0802116394, 16.8860263824, -2.46153473854, 6.88305568695, 0.959281563759, 23.0436420441, 83.0061950684, 27.1098098755], [-126.931884766, 39.7270812988, -20.165719986, 20.6449050903, -7.2912774086, -5.31550455093, 2.96648740768, 16.9471035004, -6.7969045639, 0.61438959837, 3.74492740631, 27.1098098755, 84.2671127319]], "icov": [[0.000116948227515, 0.000111939079943, 0.000133305424242, -6.76393101458e-05, -6.7531807872e-05, -0.000133916459163, 3.93474256271e-05, -0.000175343899173, 9.64006176218e-05, -7.20232055755e-05, 0.000135214751936, 2.34785948123e-05, 0.00018618509057], [0.000111939079943, 0.000562456960324, 3.49954971171e-05, 0.00034863941255, -0.000333177449647, -0.000134763598908, -0.000135415888508, -0.000153627610416, 0.000259465770796, -0.000190549588297, -0.000204019699595, 0.00026580967824, -0.000229387238505], [0.000133305424242, 3.49954971171e-05, 0.00128951470833, -0.000489126367029, 0.000301473832224, -0.000271271099336, -0.000665301922709, 0.000698454445228, -0.00072147953324, 0.000588678522035, 0.000269097770797, -0.000236620442593, 0.000506329117343], [-6.76393101458e-05, 0.00034863941255, -0.000489126367029, 0.00307711446658, -0.000519934517797, -0.000412047433201, 0.000315108743962, -0.0013638708042, 0.000168633807334, -0.000340813450748, 0.000379607692594, 0.000270846532658, -0.00103287375532], [-6.7531807872e-05, -0.000333177449647, 0.000301473832224, -0.000519934517797, 0.00441674469039, -0.000642442493699, 0.000878904305864, -0.000832802266814, -0.00106532138307, -0.000780927715823, 0.000519890338182, -0.00014112216013, 0.000675121555105], [-0.000133916459163, -0.000134763598908, -0.000271271099336, -0.000412047433201, -0.000642442493699, 0.00802650209516, -0.00392751349136, 0.00164453778416, -0.00189840770327, 0.000972969282884, -0.00262612197548, -3.89965825889e-05, 0.000125125909108], [3.93474256271e-05, -0.000135415888508, -0.000665301922709, 0.000315108743962, 0.000878904305864, -0.00392751349136, 0.00818957295269, -0.00377515261061, 0.00176849903073, -0.00125004875008, 0.00100286584347, -0.0012512083631, 0.000695649709087], [-0.000175343899173, -0.000153627610416, 0.000698454445228, -0.0013638708042, -0.000832802266814, 0.00164453778416, -0.00377515261061, 0.0116646699607, -0.00235378229991, 0.000801116053481, -0.000949459848925, 0.00143005116843, -0.00248530157842], [9.64006176218e-05, 0.000259465770796, -0.00072147953324, 0.000168633807334, -0.00106532138307, -0.00189840770327, 0.00176849903073, -0.00235378229991, 0.00961370673031, -0.00371553166769, 0.00112353800796, -0.00119638675824, 0.00114558823407], [-7.20232055755e-05, -0.000190549588297, 0.000588678522035, -0.000340813450748, -0.000780927715823, 0.000972969282884, -0.00125004875008, 0.000801116053481, -0.00371553166769, 0.0134020699188, -0.00522441137582, 0.00147611380089, -0.000557699007913], [0.000135214751936, -0.000204019699595, 0.000269097770797, 0.000379607692594, 0.000519890338182, -0.00262612197548, 0.00100286584347, -0.000949459848925, 0.00112353800796, -0.00522441137582, 0.0148359313607, -0.00405226927251, 0.00107928272337], [2.34785948123e-05, 0.00026580967824, -0.000236620442593, 0.000270846532658, -0.00014112216013, -3.89965825889e-05, -0.0012512083631, 0.00143005116843, -0.00119638675824, 0.00147611380089, -0.00405226927251, 0.0154101364315, -0.00535596488044], [0.00018618509057, -0.000229387238505, 0.000506329117343, -0.00103287375532, 0.000675121555105, 0.000125125909108, 0.000695649709087, -0.00248530157842, 0.00114558823407, -0.000557699007913, 0.00107928272337, -0.00535596488044, 0.0149430641904]], "mean": [-679.374694824, 138.825546265, -5.57134962082, 4.33809995651, 11.4332017899, 7.47116947174, -3.69192504883, 2.2042119503, -5.39595985413, 5.83350086212, 2.39683008194, -0.995809435844, 0.429460853338]}, "pitch_salience": {"dmean": 0.0776293426752, "dmean2": 0.12457434088, "dvar": 0.00685712415725, "dvar2": 0.0168079324067, "max": 0.953826546669, "mean": 0.557822167873, "median": 0.581374824047, "min": 0.00595703627914, "var": 0.0171977821738}, "silence_rate_20dB": {"dmean": 0, "dmean2": 0, "dvar": 0, "dvar2": 0, "max": 1, "mean": 1, "median": 1, "min": 1, "var": 0}, "silence_rate_30dB": {"dmean": 0.0269155632704, "dmean2": 0.0538369677961, "dvar": 0.0261883009225, "dvar2": 0.0615730248392, "max": 1, "mean": 0.978187739849, "median": 1, "min": 0, "var": 0.0213350877166}, "silence_rate_60dB": {"dmean": 0.0299544166774, "dmean2": 0.0599153377116, "dvar": 0.0290569830686, "dvar2": 0.0639324486256, "max": 1, "mean": 0.11600650847, "median": 0, "min": 0, "var": 0.102530948818}, "spectral_centroid": {"dmean": 214.144851685, "dmean2": 317.586486816, "dvar": 88369.4765625, "dvar2": 164156.59375, "max": 11051.9970703, "mean": 1295.79956055, "median": 1267.89221191, "min": 121.405075073, "var": 513867.375}, "spectral_complexity": {"dmean": 3.02648139, "dmean2": 4.53120613098, "dvar": 12.6125602722, "dvar2": 24.6131458282, "max": 58, "mean": 19.0914821625, "median": 17, "min": 0, "var": 134.700027466}, "spectral_contrast_coeffs": {"dmean": [0.0518026538193, 0.0422209948301, 0.0401990972459, 0.0332055054605, 0.0261559411883, 0.0208336580545], "dmean2": [0.083029486239, 0.0693576857448, 0.063267506659, 0.0521618500352, 0.0412862412632, 0.0315187349916], "dvar": [0.00229921704158, 0.00131044804584, 0.0011845678091, 0.000801029556897, 0.000563312030863, 0.000480052927742], "dvar2": [0.00543331680819, 0.00335745373741, 0.00275205401704, 0.00184899859596, 0.00130863161758, 0.00105718022678], "max": [-0.282809734344, -0.407801628113, -0.467496484518, -0.459775239229, -0.532380402088, -0.619763731956], "mean": [-0.664044737816, -0.728009462357, -0.73212236166, -0.747098386288, -0.775734603405, -0.797410905361], "median": [-0.673329770565, -0.732933580875, -0.733096122742, -0.748342752457, -0.776776254177, -0.800038635731], "min": [-0.958739876747, -0.971346914768, -0.984081029892, -0.986465156078, -0.963654518127, -0.960024118423], "var": [0.00716877961531, 0.00474782753736, 0.00523841287941, 0.00432209810242, 0.00339023768902, 0.00207912409678]}, "spectral_contrast_valleys": {"dmean": [0.411618083715, 0.356440871954, 0.382555991411, 0.353608876467, 0.381128132343, 0.419133216143], "dmean2": [0.649916112423, 0.563642799854, 0.577681958675, 0.520611584187, 0.519232094288, 0.500569343567], "dvar": [0.174694612622, 0.128454223275, 0.159042626619, 0.164505571127, 0.238609299064, 0.255753546953], "dvar2": [0.364949226379, 0.29415127635, 0.333232939243, 0.308448731899, 0.454097002745, 0.4133502841], "max": [-5.1561293602, -4.72917509079, -5.14985084534, -5.49525547028, -5.55705595016, -7.55831575394], "mean": [-7.51670503616, -6.9829120636, -7.75397539139, -7.91346645355, -8.32635784149, -10.6895980835], "median": [-7.24374628067, -6.75752925873, -7.45622777939, -7.55587387085, -7.83590745926, -10.3698673248], "min": [-27.4108695984, -27.4358787537, -27.3256320953, -27.3059234619, -27.3188419342, -27.3162250519], "var": [1.73701381683, 1.56589984894, 1.9042314291, 2.54701757431, 2.85396242142, 3.00582480431]}, "spectral_decrease": {"dmean": 3.0062838885e-09, "dmean2": 4.52770265724e-09, "dvar": 3.52784557233e-17, "dvar2": 7.66099610889e-17, "max": -4.60218985712e-29, "mean": -5.96266147568e-09, "median": -4.05978051177e-09, "min": -7.50667865645e-08, "var": 5.0332484436e-17}, "spectral_energy": {"dmean": 0.0118853598833, "dmean2": 0.017782298848, "dvar": 0.000519442546647, "dvar2": 0.00112441706005, "max": 0.288042634726, "mean": 0.0245541110635, "median": 0.0169271938503, "min": 1.06112231474e-20, "var": 0.000785544863902}, "spectral_energyband_high": {"dmean": 0.000473778898595, "dmean2": 0.00063187838532, "dvar": 1.65795768226e-06, "dvar2": 3.17397689287e-06, "max": 0.0399895943701, "mean": 0.000798262481112, "median": 0.000141305179568, "min": 7.72998262947e-21, "var": 3.51342464455e-06}, "spectral_energyband_low": {"dmean": 0.00788337178528, "dmean2": 0.0123485950753, "dvar": 0.000486074219225, "dvar2": 0.00110959378071, "max": 0.262039393187, "mean": 0.00856717210263, "median": 0.00235773413442, "min": 6.66246298347e-23, "var": 0.000506115378812}, "spectral_energyband_middle_high": {"dmean": 0.00225878087804, "dmean2": 0.003403166309, "dvar": 1.09508846435e-05, "dvar2": 2.47609277721e-05, "max": 0.0533202886581, "mean": 0.00786144658923, "median": 0.00447080191225, "min": 1.42705185141e-21, "var": 7.76793531259e-05}, "spectral_energyband_middle_low": {"dmean": 0.00414269696921, "dmean2": 0.00665592495352, "dvar": 6.83495381963e-05, "dvar2": 0.000169364720932, "max": 0.111387252808, "mean": 0.00804895348847, "median": 0.00567334052175, "min": 2.54181737414e-22, "var": 8.39650310809e-05}, "spectral_entropy": {"dmean": 0.200378075242, "dmean2": 0.276961296797, "dvar": 0.0656318664551, "dvar2": 0.12642711401, "max": 9.8124370575, "mean": 7.30765485764, "median": 7.47312927246, "min": 4.80050802231, "var": 0.4981533885}, "spectral_flux": {"dmean": 0.0308074727654, "dmean2": 0.0451938994229, "dvar": 0.00180765416007, "dvar2": 0.00347202992998, "max": 0.468258619308, "mean": 0.0846916586161, "median": 0.0706524848938, "min": 6.68691282901e-11, "var": 0.00456510391086}, "spectral_kurtosis": {"dmean": 4.31888008118, "dmean2": 6.83514881134, "dvar": 59.6268730164, "dvar2": 141.968597412, "max": 171.35093689, "mean": 11.4875392914, "median": 5.87951469421, "min": -1.21308279037, "var": 276.157348633}, "spectral_rms": {"dmean": 0.0009617441101, "dmean2": 0.00136792915873, "dvar": 1.93699702322e-06, "dvar2": 3.79612856705e-06, "max": 0.0167635679245, "mean": 0.00429322244599, "median": 0.0040637832135, "min": 3.21751653098e-12, "var": 5.52341361981e-06}, "spectral_rolloff": {"dmean": 380.300811768, "dmean2": 609.996398926, "dvar": 543353.0625, "dvar2": 1065555.375, "max": 18561.6210938, "mean": 1540.70031738, "median": 1464.2578125, "min": 21.533203125, "var": 1554771}, "spectral_skewness": {"dmean": 0.39703887701, "dmean2": 0.608264505863, "dvar": 0.314219802618, "dvar2": 0.701305866241, "max": 11.1977682114, "mean": 2.24960517883, "median": 1.87781822681, "min": -0.147146463394, "var": 1.70751428604}, "spectral_spread": {"dmean": 715142.5, "dmean2": 935528.4375, "dvar": 909505069056, "dvar2": 1619153780740.0, "max": 40968868, "mean": 3980606.5, "median": 3609723.75, "