{"lowlevel": {"average_loudness": 0.816654801369, "barkbands": {"dmean": [4.98449480801e-05, 0.000546038267203, 0.000471806008136, 0.000213503444684, 0.00126045593061, 0.00151854963042, 0.000976377341431, 0.000625348649919, 0.0013051694259, 0.000420917145675, 0.000162975629792, 0.000224186835112, 0.000185982469702, 0.000133930181619, 5.74542209506e-05, 5.34845421498e-05, 5.48330062884e-05, 0.000109361579234, 0.000116863120638, 8.24009839562e-05, 4.11301625718e-05, 2.71181743301e-05, 1.81626892299e-05, 2.31157064263e-05, 2.66915922111e-05, 1.38484738272e-05, 7.14511452315e-06], "dmean2": [8.04777446319e-05, 0.000868073257152, 0.000718506344128, 0.000350937334588, 0.00188730040099, 0.00218814262189, 0.00151920493226, 0.000945544685237, 0.00193270039745, 0.000598065671511, 0.00022324717429, 0.000322654057527, 0.000275699479971, 0.000190277627553, 8.55943944771e-05, 7.82033021096e-05, 7.93282597442e-05, 0.000161146468599, 0.000178046248038, 0.000125434351503, 6.1512539105e-05, 4.05376376875e-05, 2.62654139078e-05, 3.43352185155e-05, 4.00623030146e-05, 2.07721950574e-05, 1.10281953312e-05], "dvar": [5.97912874767e-09, 1.51892243139e-06, 1.93856521946e-06, 1.16163015207e-07, 5.20705862073e-06, 7.58457917982e-06, 6.47949082122e-06, 3.32363447342e-06, 1.8480421204e-05, 2.77688127426e-06, 6.17580951712e-07, 1.2779798908e-06, 5.27551549112e-07, 3.75177449996e-07, 3.65246677347e-08, 4.17357028937e-08, 2.47928699793e-08, 1.95048329488e-07, 2.1386266269e-07, 5.91935815919e-08, 1.10035367484e-08, 5.38432853858e-09, 4.69465177844e-09, 5.09383868419e-09, 5.07252773119e-09, 2.10012007784e-09, 6.39264974289e-10], "dvar2": [1.50031951307e-08, 3.71650457964e-06, 4.1967564357e-06, 3.12663132718e-07, 1.15433058454e-05, 1.43577217386e-05, 1.46685060827e-05, 7.2616808211e-06, 4.09523090639e-05, 4.70288205179e-06, 8.86051168436e-07, 2.38271468334e-06, 1.16852561405e-06, 7.48768798076e-07, 8.26049841862e-08, 7.63445413554e-08, 5.06416597545e-08, 3.68229393644e-07, 4.67589387654e-07, 1.41199137715e-07, 2.46316371744e-08, 1.13293259218e-08, 9.77716663186e-09, 1.04244088917e-08, 1.05267874417e-08, 4.18552659198e-09, 1.25166754739e-09], "max": [0.00241947174072, 0.0480499751866, 0.0273382216692, 0.00672596041113, 0.0706189349294, 0.0728857442737, 0.0597459040582, 0.0516311712563, 0.0866931527853, 0.0667400211096, 0.0388401448727, 0.0379532650113, 0.0218360368162, 0.0223131552339, 0.00442334264517, 0.00842610187829, 0.00352206104435, 0.0172861274332, 0.0133212171495, 0.00536984298378, 0.00240722298622, 0.0021649308037, 0.00334909255616, 0.00339262885973, 0.00315826921724, 0.000744556076825, 0.000443195342086], "mean": [9.63067432167e-05, 0.000881634070538, 0.000713439949322, 0.00033579178853, 0.00316304550506, 0.00390095706098, 0.00243345671333, 0.00119119265582, 0.00272124726325, 0.000866477610543, 0.000294575002044, 0.000395049049985, 0.000306661124341, 0.000249655015068, 0.000102892860014, 9.89051550278e-05, 0.000103947582829, 0.000220009023906, 0.000249687233008, 0.000154923764057, 8.75467158039e-05, 4.75553933938e-05, 2.89447089017e-05, 3.47364257323e-05, 3.38674035447e-05, 1.37456563607e-05, 7.15782471161e-06], "median": [7.32379921828e-05, 0.000312563555781, 0.000119748030556, 0.000168777725776, 0.00147691217717, 0.0018168274546, 0.000671410234645, 0.000177932350198, 0.000265339855105, 7.66703451518e-05, 2.45857281698e-05, 5.42532325198e-05, 3.90403911297e-05, 1.1906357031e-05, 7.49783293941e-06, 5.35086837772e-06, 1.32349814521e-05, 2.02051887754e-05, 2.21064856305e-05, 1.82688017958e-05, 1.14372223834e-05, 7.48733145883e-06, 5.45001603314e-06, 5.79362404096e-06, 5.848978617e-06, 1.11776375888e-06, 1.21017421861e-06], "min": [4.48617801228e-25, 1.69443969783e-24, 1.04782688129e-24, 2.90460705366e-25, 4.6589446642e-24, 9.81287272515e-24, 9.18315109692e-24, 1.27919664907e-23, 1.36943287029e-23, 1.15469396673e-23, 1.25886652025e-23, 2.59043051722e-23, 2.66394225616e-23, 3.28648351466e-23, 4.35543484853e-23, 5.13326937157e-23, 7.06771408335e-23, 7.797818104e-23, 1.39004246098e-22, 1.81777155281e-22, 2.25720443747e-22, 2.43432403175e-22, 3.20112485197e-22, 5.07984316723e-22, 8.7106308931e-22, 1.29497447302e-21, 1.87715008502e-21], "var": [9.67715241273e-09, 3.05763410324e-06, 3.41455211128e-06, 2.13858257325e-07, 2.32626134675e-05, 3.4380274883e-05, 2.49024524237e-05, 9.1781721494e-06, 5.99941158725e-05, 1.22623987409e-05, 2.18347327063e-06, 3.09599181492e-06, 1.01785997231e-06, 9.60851593845e-07, 1.03568595478e-07, 1.2034020358e-07, 7.23147834947e-08, 5.52087499273e-07, 6.77317700593e-07, 1.39153399914e-07, 4.06647053808e-08, 1.1990692883e-08, 8.83097417415e-09, 1.01809565223e-08, 9.66459356988e-09, 2.59166110794e-09, 7.76746333919e-10]}, "barkbands_crest": {"dmean": 2.487865448, "dmean2": 3.90583324432, "dvar": 5.03023767471, "dvar2": 12.2946548462, "max": 26.4769077301, "mean": 12.7278013229, "median": 12.0703458786, "min": 3.24927353859, "var": 20.5242176056}, "barkbands_flatness_db": {"dmean": 0.0230212975293, "dmean2": 0.032479763031, "dvar": 0.000515042978805, "dvar2": 0.000966574414633, "max": 0.490186244249, "mean": 0.190785646439, "median": 0.183479785919, "min": 0.0302528161556, "var": 0.00442689051852}, "barkbands_kurtosis": {"dmean": 7.00109863281, "dmean2": 10.9862966537, "dvar": 231.94128418, "dvar2": 507.564117432, "max": 583.493164062, "mean": 15.5750999451, "median": 7.60342407227, "min": -1.87055540085, "var": 841.292419434}, "barkbands_skewness": {"dmean": 0.69692003727, "dmean2": 1.06104743481, "dvar": 0.64329046011, "dvar2": 1.42364239693, "max": 19.7446804047, "mean": 2.10824131966, "median": 1.77729439735, "min": -2.16424202919, "var": 3.51654148102}, "barkbands_spread": {"dmean": 3.92799115181, "dmean2": 5.9699883461, "dvar": 48.824256897, "dvar2": 99.4681549072, "max": 116.631874084, "mean": 11.5367832184, "median": 7.81748008728, "min": 0.468199312687, "var": 129.485900879}, "dissonance": {"dmean": 0.0329721011221, "dmean2": 0.0547352172434, "dvar": 0.000954771181569, "dvar2": 0.00253937137313, "max": 0.499989300966, "mean": 0.412926465273, "median": 0.422511041164, "min": 0, "var": 0.00295042083599}, "dynamic_complexity": 3.80602359772, "erbbands": {"dmean": [0.0141619797796, 0.137780576944, 0.534152984619, 0.548760056496, 1.61200749874, 4.45593118668, 12.0744113922, 11.690536499, 14.450963974, 11.0257310867, 15.2224931717, 30.9144935608, 18.9095859528, 9.84725284576, 5.80588531494, 8.54904556274, 8.18120384216, 6.01514530182, 4.45281219482, 2.43781971931, 2.94061779976, 2.92895174026, 6.0552277565, 5.26842451096, 5.07322072983, 3.75077295303, 1.76128101349, 1.49226093292, 1.04495680332, 0.58446252346, 0.530294299126, 0.408057451248, 0.44384804368, 0.329672008753, 0.169736325741, 0.0602448023856, 0.0253292974085, 0.00814473349601, 0.00117891898844, 6.4437634137e-05], "dmean2": [0.0236605908722, 0.215255767107, 0.805393815041, 0.874131143093, 2.50057435036, 6.5842051506, 17.9734745026, 16.6838626862, 22.8760967255, 15.9621686935, 23.1769866943, 46.3305130005, 25.5139923096, 13.4981327057, 7.86664676666, 11.904050827, 11.6796855927, 8.31284332275, 6.54627466202, 3.4016957283, 4.3943862915, 4.33296203613, 8.80560779572, 8.05156993866, 7.74953603745, 5.66721200943, 2.63756513596, 2.23425745964, 1.56472039223, 0.832138061523, 0.772956907749, 0.584055304527, 0.675005078316, 0.497838526964, 0.252860248089, 0.0894611477852, 0.0380738079548, 0.0123824672773, 0.00182319735177, 9.91126726149e-05], "dvar": [0.00110629072879, 0.106200672686, 2.74171805382, 0.848189175129, 8.55763435364, 71.3708343506, 602.523254395, 569.159484863, 1354.58312988, 1092.25634766, 1509.09265137, 12183.7880859, 5261.77929688, 1180.15686035, 545.602172852, 2007.08459473, 945.240600586, 857.676574707, 247.224136353, 85.3453979492, 105.562812805, 79.7120666504, 628.119506836, 513.989807129, 348.854278564, 115.602073669, 22.4344806671, 15.0106334686, 8.09080982208, 3.49145030975, 4.59641838074, 2.59174728394, 1.4553154707, 0.677314996719, 0.265211999416, 0.0327177345753, 0.00813726056367, 0.000941760779824, 1.69709983311e-05, 4.55764386231e-08], "dvar2": [0.00319975055754, 0.237305492163, 5.71723985672, 2.12881159782, 20.5629024506, 151.551467896, 1263.21606445, 1056.75878906, 3275.62890625, 1863.78845215, 3241.17211914, 28876.0996094, 8163.72216797, 1978.02661133, 802.447814941, 3671.25244141, 2010.27062988, 1632.68762207, 559.664916992, 141.828094482, 235.012420654, 171.905044556, 1163.4987793, 1187.69689941, 810.150878906, 258.217315674, 48.3421440125, 34.2168998718, 17.1811943054, 6.82944059372, 10.2104511261, 5.20678329468, 3.06495308876, 1.47902977467, 0.531398355961, 0.0633581876755, 0.0165822915733, 0.00186579406727, 3.34176693286e-05, 8.96023237829e-08], "max": [1.84775960445, 8.9872045517, 35.3374519348, 14.950261116, 68.2728118896, 256.780731201, 1008.24847412, 551.100402832, 883.140625, 1760.76611328, 1351.5958252, 2393.88134766, 2335.61865234, 1268.11035156, 1029.1427002, 1779.58032227, 948.454956055, 1201.14880371, 374.410461426, 464.559844971, 299.461029053, 184.664535522, 856.979980469, 876.18963623, 645.900756836, 355.130889893, 155.163116455, 95.8564987183, 71.0887298584, 78.0726928711, 113.240882874, 75.3779449463, 49.271648407, 29.5844268799, 25.3738365173, 5.59902000427, 1.51392030716, 0.539391577244, 0.0684117525816, 0.0037436822895], "mean": [0.0218577608466, 0.216412767768, 0.80491399765, 0.982893466949, 3.09688901901, 10.6679649353, 30.7153015137, 30.8416347504, 36.9045562744, 25.1098880768, 31.7668113708, 61.451084137, 42.5466194153, 20.8043785095, 12.9948940277, 15.5501661301, 15.3336448669, 11.0747375488, 9.10259342194, 4.9936132431, 5.91765975952, 6.05540180206, 11.6237926483, 11.8221759796, 12.3226490021, 8.01175498962, 3.81823849678, 3.15030503273, 1.90586900711, 0.985617935658, 0.840702593327, 0.612593412399, 0.649774253368, 0.436799287796, 0.207727149129, 0.0659275650978, 0.0242595151067, 0.00840835738927, 0.00111985974945, 7.98118344392e-05], "median": [0.0108931921422, 0.0626083761454, 0.151384279132, 0.498156487942, 1.57947897911, 4.78429841995, 13.3129901886, 14.5669155121, 13.5030670166, 6.49975585938, 8.41314220428, 8.35597419739, 4.13873195648, 3.12824440002, 1.78151118755, 3.27888584137, 2.82922840118, 0.922261714935, 0.709656596184, 0.382402420044, 0.378625631332, 0.813720583916, 1.19745635986, 1.21196115017, 1.0814871788, 0.91709536314, 0.560232520103, 0.401458323002, 0.277098864317, 0.196670740843, 0.155465185642, 0.112980544567, 0.0979944616556, 0.0739035755396, 0.0338591635227, 0.00706867314875, 0.00188835104927, 0.00155823782552, 0.000133138193632, 2.87623843178e-05], "min": [9.52806459274e-23, 4.48440944135e-22, 1.36517971095e-21, 2.46602594077e-21, 9.43348193725e-21, 1.76345503879e-20, 6.45066784059e-20, 8.27063385551e-20, 1.61951727578e-19, 1.21071337257e-19, 3.18796493752e-19, 3.44680267589e-19, 3.2234553802e-19, 5.87114755913e-19, 7.61058224229e-19, 9.24261527772e-19, 1.63742346129e-18, 2.08247661614e-18, 2.12952272028e-18, 3.40969039053e-18, 3.35426639435e-18, 4.54651965474e-18, 5.24249081058e-18, 7.64097337498e-18, 6.63416842446e-18, 8.79910812343e-18, 8.86699483631e-18, 1.0304987947e-17, 9.31251514141e-18, 9.10798811751e-18, 1.03403267572e-17, 1.04624144797e-17, 9.46113468207e-18, 7.71946206176e-18, 6.41114564206e-18, 4.29575819768e-18, 2.11356516549e-18, 9.80044520331e-19, 2.5124303127e-19, 2.47423679887e-20], "var": [0.00146239856258, 0.230406314135, 4.88611841202, 1.83381891251, 25.4546394348, 296.094116211, 2768.27050781, 2470.89257812, 4978.23583984, 3252.31640625, 4506.32226562, 32302.3164062, 24170.5664062, 4870.63623047, 2364.78393555, 4445.33642578, 2223.74926758, 1960.24987793, 812.315795898, 250.17427063, 311.622955322, 240.99760437, 1507.86206055, 1514.97583008, 1495.79516602, 369.524627686, 74.1048812866, 58.1200065613, 18.933473587, 7.52078771591, 7.97123718262, 4.62083053589, 3.06157040596, 1.29129219055, 0.490192532539, 0.0477595664561, 0.00956125184894, 0.00112833327148, 2.04078023671e-05, 5.59461312832e-08]}, "erbbands_crest": {"dmean": 2.9693312645, "dmean2": 4.61730957031, "dvar": 7.59790086746, "dvar2": 18.0580329895, "max": 32.3300437927, "mean": 13.9571704865, "median": 12.9860439301, "min": 2.42232990265, "var": 32.0029411316}, "erbbands_flatness_db": {"dmean": 0.0231834109873, "dmean2": 0.0317333042622, "dvar": 0.000556431128643, "dvar2": 0.000974112888798, "max": 0.366712927818, "mean": 0.202980995178, "median": 0.203230559826, "min": 0.030191116035, "var": 0.00302334968001}, "erbbands_kurtosis": {"dmean": 3.44106888771, "dmean2": 5.21677589417, "dvar": 37.6701202393, "dvar2": 78.8150177002, "max": 157.014007568, "mean": 6.88240718842, "median": 3.44442534447, "min": -1.89416944981, "var": 131.075866699}, "erbbands_skewness": {"dmean": 0.528837323189, "dmean2": 0.791122913361, "dvar": 0.308692574501, "dvar2": 0.651936411858, "max": 10.6843690872, "mean": 1.71587562561, "median": 1.54110622406, "min": -4.81136703491, "var": 1.97505152225}, "erbbands_spread": {"dmean": 8.00950908661, "dmean2": 11.9677658081, "dvar": 157.373031616, "dvar2": 338.093231201, "max": 180.237579346, "mean": 26.1689395905, "median": 20.0901222229, "min": 1.46737957001, "var": 476.16619873}, "gfcc": {"cov": [[25037.6152344, 733.013427734, -4021.01586914, 478.314178467, -1755.11901855, 30.4138622284, -718.380249023, 378.538909912, -399.011474609, 146.768005371, -192.11239624, -264.627319336, -26.3644638062], [733.013427734, 1431.47460938, -18.6854515076, -288.349731445, 42.7474975586, -289.416503906, 46.2696495056, -171.930541992, -64.203742981, -77.0953216553, 122.970573425, 94.723449707, -34.6845359802], [-4021.01586914, -18.6854515076, 2065.39550781, 8.96710205078, 202.349197388, -33.5266265869, -56.7582588196, -162.437393188, -52.3370170593, -31.2367095947, 11.7450675964, 164.059448242, -47.2561264038], [478.314178467, -288.349731445, 8.96710205078, 442.076263428, 28.8559856415, 5.93730735779, -101.147132874, 51.1654701233, 56.789440155, 23.2020168304, -56.1773643494, -28.3934516907, 28.2628097534], [-1755.11901855, 42.7474975586, 202.349197388, 28.8559856415, 365.509857178, 18.4712791443, 90.0357589722, -32.696472168, 39.4127960205, -0.0984626337886, 12.2132129669, 11.1524782181, -8.71754550934], [30.4138622284, -289.416503906, -33.5266265869, 5.93730735779, 18.4712791443, 349.649261475, 92.7596740723, 36.39320755, -23.2554683685, 9.8044052124, -19.9141788483, -52.5080909729, -26.9146003723], [-718.380249023, 46.2696495056, -56.7582588196, -101.147132874, 90.0357589722, 92.7596740723, 249.599624634, 22.5719394684, 7.70939350128, 4.69340515137, 0.573477625847, -18.7892475128, -33.0905570984], [378.538909912, -171.930541992, -162.437393188, 51.1654701233, -32.696472168, 36.39320755, 22.5719394684, 213.489395142, 72.9319915771, -8.58860778809, -27.375082016, -69.3484573364, -7.96828365326], [-399.011474609, -64.203742981, -52.3370170593, 56.789440155, 39.4127960205, -23.2554683685, 7.70939350128, 72.9319915771, 143.729019165, 31.0724201202, -30.5713615417, -36.7283096313, 6.31262207031], [146.768005371, -77.0953216553, -31.2367095947, 23.2020168304, -0.0984626337886, 9.8044052124, 4.69340515137, -8.58860778809, 31.0724201202, 110.129837036, 4.87012481689, -10.3006591797, 2.44751048088], [-192.11239624, 122.970573425, 11.7450675964, -56.1773643494, 12.2132129669, -19.9141788483, 0.573477625847, -27.375082016, -30.5713615417, 4.87012481689, 138.695892334, 69.0098266602, -14.2012042999], [-264.627319336, 94.723449707, 164.059448242, -28.3934516907, 11.1524782181, -52.5080909729, -18.7892475128, -69.3484573364, -36.7283096313, -10.3006591797, 69.0098266602, 134.165039062, 16.0677547455], [-26.3644638062, -34.6845359802, -47.2561264038, 28.2628097534, -8.71754550934, -26.9146003723, -33.0905570984, -7.96828365326, 6.31262207031, 2.44751048088, -14.2012042999, 16.0677547455, 85.9523468018]], "icov": [[0.000189495476661, -0.000328596914187, 0.00033834046917, -0.000316851219395, 0.000531191006303, -0.000281300657662, 0.000533211452421, -0.00055905879708, 0.00084275653353, -0.000685802951921, 0.000699330063071, -0.000484965305077, 0.000498808163684], [-0.000328596914187, 0.00178555340972, -0.000493735948112, 0.00100966764148, -0.000985757098533, 0.00150969636161, -0.0013086166, 0.00186675612349, -0.00160614599008, 0.00205491553061, -0.00194021966308, 0.00112870999146, -0.000413816829678], [0.00033834046917, -0.000493735948112, 0.00124983151909, -0.000500334659591, 0.000546402938198, -0.000509445904754, 0.00125377008226, -0.000779040157795, 0.00154377776198, -0.0011314250296, 0.00179668411147, -0.00187359808479, 0.00162850471679], [-0.000316851219395, 0.00100966764148, -0.000500334659591, 0.00371722667478, -0.00161060912069, 0.000462106108898, 0.000615844735876, 0.00049025710905, -0.00190343603026, 0.000792290258687, -0.000284401292447, 0.000514805899002, -0.000949235225562], [0.000531191006303, -0.000985757098533, 0.000546402938198, -0.00161060912069, 0.00525465933606, -0.000853395322338, -0.000291835574899, -0.000316448014928, 0.000682211772073, -0.00115958054084, 0.000924044870771, -0.000736977322958, 0.00099254201632], [-0.000281300657662, 0.00150969636161, -0.000509445904754, 0.000462106108898, -0.000853395322338, 0.00488794175908, -0.00248153833672, 0.00103725516237, 0.000128089697682, 0.00118940963876, -0.00164684094489, 0.0022533389274, -6.08922164247e-05], [0.000533211452421, -0.0013086166, 0.00125377008226, 0.000615844735876, -0.000291835574899, -0.00248153833672, 0.00778475776315, -0.00277749681845, 0.00235376018099, -0.00281070009805, 0.00317872641608, -0.00227486598305, 0.00291280960664], [-0.00055905879708, 0.00186675612349, -0.000779040157795, 0.00049025710905, -0.000316448014928, 0.00103725516237, -0.00277749681845, 0.00990767870098, -0.00653803255409, 0.00500206276774, -0.00403160322458, 0.0045942151919, -0.00105300289579], [0.00084275653353, -0.00160614599008, 0.00154377776198, -0.00190343603026, 0.000682211772073, 0.000128089697682, 0.00235376018099, -0.00653803255409, 0.0148829855025, -0.00664239609614, 0.00488565023988, -0.00170499563683, 0.00171640538611], [-0.000685802951921, 0.00205491553061, -0.0011314250296, 0.000792290258687, -0.00115958054084, 0.00118940963876, -0.00281070009805, 0.00500206276774, -0.00664239609614, 0.0138223869726, -0.00501528335735, 0.00356693402864, -0.00202841847204], [0.000699330063071, -0.00194021966308, 0.00179668411147, -0.000284401292447, 0.000924044870771, -0.00164684094489, 0.00317872641608, -0.00403160322458, 0.00488565023988, -0.00501528335735, 0.0147866364568, -0.00910462159663, 0.00487001147121], [-0.000484965305077, 0.00112870999146, -0.00187359808479, 0.000514805899002, -0.000736977322958, 0.0022533389274, -0.00227486598305, 0.0045942151919, -0.00170499563683, 0.00356693402864, -0.00910462159663, 0.0162151306868, -0.00522354384884], [0.000498808163684, -0.000413816829678, 0.00162850471679, -0.000949235225562, 0.00099254201632, -6.08922164247e-05, 0.00291280960664, -0.00105300289579, 0.00171640538611, -0.00202841847204, 0.00487001147121, -0.00522354384884, 0.0156460218132]], "mean": [-79.1680679321, 99.3773040771, -83.2455749512, 10.8756332397, -68.3310165405, -12.5359678268, -31.6390781403, 5.37166547775, -27.0519657135, 3.11726331711, -3.16625332832, 3.15695595741, -8.5789270401]}, "hfc": {"dmean": 3.25061964989, "dmean2": 4.52492952347, "dvar": 27.3371295929, "dvar2": 50.4887886047, "max": 108.761489868, "mean": 12.8516311646, "median": 7.51598358154, "min": 1.05679721557e-16, "var": 200.770355225}, "melbands": {"dmean": [0.000133217938128, 0.000240544846747, 0.000109599510324, 0.000210988262552, 0.000374050752725, 0.000264940230409, 0.000215022097109, 0.000125438164105, 0.000140077841934, 0.000192985418835, 9.3220063718e-05, 4.31514636148e-05, 2.20502879529e-05, 2.39419841819e-05, 2.6411644285e-05, 1.35612117447e-05, 1.2047967175e-05, 8.93143896974e-06, 3.58475290341e-06, 3.47167724613e-06, 3.82057896786e-06, 3.05902312903e-06, 4.39045061285e-06, 7.09971345714e-06, 4.63647984361e-06, 3.75895228899e-06, 3.95808956455e-06, 2.4809446586e-06, 1.12240309136e-06, 1.09509119284e-06, 9.09458833576e-07, 6.79801530623e-07, 4.3284143203e-07, 3.08081325784e-07, 3.10250527491e-07, 3.07316383896e-07, 2.36517067265e-07, 2.8781431638e-07, 3.98834316684e-07, 2.48170891837e-07], "dmean2": [0.000217092907405, 0.0003631800937, 0.000173720531166, 0.000310725939926, 0.000555627280846, 0.00037802089355, 0.000338188721798, 0.00018105172785, 0.0002120759018, 0.000286711350782, 0.000126470724354, 5.97546568315e-05, 2.94398178085e-05, 3.4762393625e-05, 3.77055548597e-05, 1.97670378839e-05, 1.64964421856e-05, 1.31200577016e-05, 5.28102054886e-06, 4.91267610414e-06, 5.69049689148e-06, 4.43635371994e-06, 6.73089289194e-06, 1.05570916276e-05, 7.1406529969e-06, 5.67620327274e-06, 6.10675760981e-06, 3.7527531731e-06, 1.71056842646e-06, 1.66391782841e-06, 1.38301277275e-06, 1.03793865946e-06, 6.30057513717e-07, 4.45514018566e-07, 4.61331950419e-07, 4.38900258359e-07, 3.46974530885e-07, 4.38830852545e-07, 6.27063627689e-07, 3.74735890318e-07], "dvar": [8.84374742327e-08, 4.7649376711e-07, 2.90722130813e-08, 1.55232939392e-07, 5.38710196452e-07, 2.56867849657e-07, 3.05355428054e-07, 1.31523023583e-07, 1.22402184388e-07, 4.88285365918e-07, 1.33153477577e-07, 2.4578788782e-08, 9.88840032079e-09, 2.00982306353e-08, 1.50678243216e-08, 2.32728858407e-09, 3.67722297057e-09, 1.18727694343e-09, 1.82488107958e-10, 2.44538084226e-10, 1.79126116717e-10, 1.01820565868e-10, 2.07881836745e-10, 1.18113674397e-09, 5.09812636551e-10, 1.54664725471e-10, 2.16744067139e-10, 7.30719512676e-11, 9.60747887496e-12, 1.02319472339e-11, 6.41529928139e-12, 3.33438810417e-12, 1.90502062909e-12, 1.00591312623e-12, 1.64959951081e-12, 1.75659064117e-12, 8.2071556582e-13, 7.65826529796e-13, 1.02496548575e-12, 4.18592217095e-13], "dvar2": [2.40814728159e-07, 9.76259343588e-07, 7.32877651899e-08, 3.33976146294e-07, 1.14927468076e-06, 4.73438547033e-07, 7.23407993064e-07, 2.43055467308e-07, 2.6199748504e-07, 1.14619035685e-06, 2.06091399946e-07, 4.0709185356e-08, 1.27224391022e-08, 4.5133841553e-08, 3.18841593128e-08, 4.65122695914e-09, 7.24555881959e-09, 2.60340971003e-09, 3.55290408205e-10, 3.88681337116e-10, 3.88417631392e-10, 2.05092387517e-10, 4.73977468385e-10, 2.33355401669e-09, 1.15750531382e-09, 3.72653408132e-10, 5.1906340337e-10, 1.61725868808e-10, 2.12796516519e-11, 2.2735983235e-11, 1.5032742412e-11, 7.40573661423e-12, 3.89546771576e-12, 2.00655182574e-12, 3.93682308975e-12, 3.4567240563e-12, 1.68453684161e-12, 1.60324444692e-12, 2.46532200036e-12, 8.95441327423e-13], "max": [0.0151417171583, 0.0150483334437, 0.00242048292421, 0.0102949757129, 0.0282227881253, 0.0120486607775, 0.0135992048308, 0.016446840018, 0.0100531587377, 0.0150786526501, 0.0112523017451, 0.00642672879621, 0.00515639130026, 0.00459381425753, 0.00517167709768, 0.00144986039959, 0.00242773350328, 0.000833997386508, 0.000433089997387, 0.00073099025758, 0.000306000380078, 0.000193514089915, 0.000420820171712, 0.00139702891465, 0.000897878722753, 0.000392304646084, 0.00030378534575, 0.000336864759447, 0.000117538635095, 7.73601132096e-05, 7.60231851018e-05, 5.07947552251e-05, 5.24792594661e-05, 3.96209470637e-05, 7.1571150329e-05, 5.54545404157e-05, 4.97221590194e-05, 3.8652906369e-05, 2.76543669315e-05, 2.53752223216e-05], "mean": [0.000226127289352, 0.000380501500331, 0.000204895506613, 0.000460153853055, 0.000984416808933, 0.000692710920703, 0.000549040909391, 0.000265448557911, 0.000284439709503, 0.000387537060305, 0.000207332908758, 8.83798129507e-05, 4.45618825324e-05, 4.03246776841e-05, 4.48379614681e-05, 2.50995817623e-05, 2.05882934097e-05, 1.72564014065e-05, 6.64461549604e-06, 6.0700162976e-06, 6.95651942806e-06, 5.35151957592e-06, 7.949841347e-06, 1.29431145979e-05, 9.02900137589e-06, 9.10283324629e-06, 7.67087385611e-06, 4.8238571253e-06, 2.17989122575e-06, 2.05278161047e-06, 1.80428435215e-06, 1.14703163945e-06, 7.03959528892e-07, 4.83430710574e-07, 4.74508368598e-07, 4.65827469043e-07, 3.2830681107e-07, 4.1817858687e-07, 5.10405868681e-07, 3.2460675925e-07], "median": [0.000101486795757, 8.73533208505e-05, 0.000114849288366, 0.000209993799217, 0.000449177372502, 0.000337787234457, 0.000184265401913, 6.4257736085e-05, 6.68866123306e-05, 3.72725116904e-05, 1.18027319331e-05, 1.01318773886e-05, 4.73772706755e-06, 5.21819401911e-06, 7.7412223618e-06, 2.70661121249e-06, 1.06014340417e-06, 9.1061576768e-07, 5.24604388374e-07, 3.4142288996e-07, 3.97773163741e-07, 6.68685743221e-07, 1.01436592104e-06, 9.07698733954e-07, 9.10025335088e-07, 8.02195359029e-07, 6.87992610438e-07, 4.99536952248e-07, 3.38823952006e-07, 2.51758365266e-07, 1.97848081029e-07, 1.52044066226e-07, 1.18022398965e-07, 9.1854957418e-08, 8.2323012407e-08, 7.41113694858e-08, 5.96395324237e-08, 5.73201646148e-08, 7.12650205514e-08, 5.43066569492e-08], "min": [1.51579544052e-24, 8.82139467136e-25, 6.24776850859e-25, 9.37296424414e-25, 2.1451265826e-24, 2.04049719973e-24, 2.09336626317e-24, 1.90096151066e-24, 2.8020566151e-24, 1.81732568863e-24, 1.50843241005e-24, 2.02579204359e-24, 2.02099281106e-24, 2.6767914198e-24, 3.07808180685e-24, 3.26920682975e-24, 2.99210839274e-24, 2.85552166295e-24, 3.2769360889e-24, 4.1791693224e-24, 3.04265859954e-24, 4.44037300104e-24, 3.26154008783e-24, 3.80217940112e-24, 5.10601343843e-24, 4.22476666602e-24, 5.36154520715e-24, 4.58479331683e-24, 4.29237441218e-24, 4.90372820309e-24, 5.57551820567e-24, 3.94716572461e-24, 4.22514965799e-24, 4.29813309678e-24, 5.40597621992e-24, 5.94877010956e-24, 5.45785644621e-24, 5.86520094627e-24, 7.05473022171e-24, 6.04717537989e-24], "var": [1.49315454223e-07, 9.29807583816e-07, 6.49370548444e-08, 6.16829368028e-07, 2.51349933933e-06, 1.14817066788e-06, 1.16809928841e-06, 3.6424481209e-07, 3.63185449714e-07, 1.3163486301e-06, 6.20713649369e-07, 1.06184685933e-07, 3.88562391151e-08, 4.01293434038e-08, 3.02861096202e-08, 5.97650018364e-09, 8.05002464688e-09, 3.76742814723e-09, 5.29517873993e-10, 5.6911175772e-10, 4.65064486921e-10, 2.33693231433e-10, 4.8901721561e-10, 2.60204369162e-09, 1.11778941658e-09, 8.16692491412e-10, 5.38575462006e-10, 2.07571612676e-10, 2.71177056504e-11, 2.48694051463e-11, 2.53782307669e-11, 7.09343391317e-12, 4.07003424019e-12, 2.01003601784e-12, 2.6280824305e-12, 3.15234166895e-12, 1.39256076288e-12, 1.47669723671e-12, 1.70517495523e-12, 8.3473885356e-13]}, "melbands_crest": {"dmean": 3.05129504204, "dmean2": 4.80071926117, "dvar": 7.90861415863, "dvar2": 19.6132469177, "max": 37.0220451355, "mean": 15.5907936096, "median": 14.4977407455, "min": 1.61026763916, "var": 36.8689651489}, "melbands_flatness_db": {"dmean": 0.0252914819866, "dmean2": 0.035283125937, "dvar": 0.00069164915476, "dvar2": 0.00124815257732, "max": 0.66297274828, "mean": 0.273265779018, "median": 0.268463492393, "min": 0.00342144467868, "var": 0.00838928762823}, "melbands_kurtosis": {"dmean": 13.1815738678, "dmean2": 20.2809619904, "dvar": 2438.11157227, "dvar2": 5754.18017578, "max": 1998.42834473, "mean": 26.2313537598, "median": 10.138917923, "min": -1.58433485031, "var": 7739.91699219}, "melbands_skewness": {"dmean": 0.84133285284, "dmean2": 1.26542627811, "dvar": 1.26706039906, "dvar2": 2.81851840019, "max": 27.6285591125, "mean": 2.37892436981, "median": 1.96109437943, "min": -2.13913178444, "var": 5.60816717148}, "melbands_spread": {"dmean": 3.69402146339, "dmean2": 5.57154512405, "dvar": 53.3217391968, "dvar2": 111.506706238, "max": 219.772094727, "mean": 13.8078289032, "median": 8.32820701599, "min": 0.178286269307, "var": 361.431640625}, "mfcc": {"cov": [[11453.1826172, -672.29699707, -1643.44506836, -162.75730896, -628.634399414, -345.612091064, -131.175704956, -200.860824585, 119.743591309, 168.578659058, 102.334938049, 82.573425293, -98.3685913086], [-672.29699707, 1905.71191406, 178.012481689, 43.6148452759, -124.785354614, -98.9562759399, 16.8953990936, -9.68256473541, -226.879180908, -190.044296265, -43.7363967896, -0.027180518955, 31.674987793], [-1643.44506836, 178.012481689, 1227.74890137, 105.430618286, 172.314086914, 34.9827423096, -37.3728523254, -18.8584461212, -48.6630134583, -159.050079346, -43.5895347595, 15.4470844269, 2.90476584435], [-162.75730896, 43.6148452759, 105.430618286, 386.426727295, 127.172264099, -36.9639472961, -88.9602966309, -55.1664390564, 52.4573440552, -52.7559242249, -35.0723838806, 66.7111282349, 14.7110433578], [-628.634399414, -124.785354614, 172.314086914, 127.172264099, 303.393981934, 42.5320243835, -19.4955673218, 18.7517929077, 16.2313938141, 16.081829071, -21.1472187042, -26.1023807526, 13.0960550308], [-345.612091064, -98.9562759399, 34.9827423096, -36.9639472961, 42.5320243835, 285.678955078, 89.328163147, 8.72852420807, 2.88888216019, 27.2183876038, 0.826597929001, -19.0799503326, -38.3194885254], [-131.175704956, 16.8953990936, -37.3728523254, -88.9602966309, -19.4955673218, 89.328163147, 195.997512817, 74.6727676392, -25.7836456299, 33.5320014954, 19.2983360291, -21.8692741394, 2.56272172928], [-200.860824585, -9.68256473541, -18.8584461212, -55.1664390564, 18.7517929077, 8.72852420807, 74.6727676392, 175.737609863, -10.7432260513, 36.1052856445, 15.4371109009, -32.8763237, 26.5010547638], [119.743591309, -226.879180908, -48.6630134583, 52.4573440552, 16.2313938141, 2.88888216019, -25.7836456299, -10.7432260513, 195.493774414, 75.4519577026, 15.0233488083, 30.0244007111, -33.3162345886], [168.578659058, -190.044296265, -159.050079346, -52.7559242249, 16.081829071, 27.2183876038, 33.5320014954, 36.1052856445, 75.4519577026, 222.885375977, 57.3904151917, -45.9947128296, -24.1659374237], [102.334938049, -43.7363967896, -43.5895347595, -35.0723838806, -21.1472187042, 0.826597929001, 19.2983360291, 15.4371109009, 15.0233488083, 57.3904151917, 95.4069824219, 17.5472412109, -7.76786851883], [82.573425293, -0.027180518955, 15.4470844269, 66.7111282349, -26.1023807526, -19.0799503326, -21.8692741394, -32.8763237, 30.0244007111, -45.9947128296, 17.5472412109, 145.440719604, 34.0925865173], [-98.3685913086, 31.674987793, 2.90476584435, 14.7110433578, 13.0960550308, -38.3194885254, 2.56272172928, 26.5010547638, -33.3162345886, -24.1659374237, -7.76786851883, 34.0925865173, 121.523178101]], "icov": [[0.000126744780573, 5.36585321242e-05, 0.000136307018693, -2.78841598629e-05, 0.000185108510777, 0.000127170438645, 1.97713161469e-05, 0.000105577120848, 4.65309458377e-05, -1.28467418108e-05, -2.59044463746e-05, -3.15408797178e-05, 0.000102832629636], [5.36585321242e-05, 0.000701932760421, -2.30965724768e-05, -0.000294751458568, 0.000439732975792, 0.000261442328338, -0.000180338844075, 9.60257693805e-06, 0.000722031516489, 0.000212665079744, 3.29584618157e-05, 7.34274872229e-05, 0.000155216068379], [0.000136307018693, -2.30965724768e-05, 0.00116324448027, 2.51514047704e-05, -0.000468777288916, 7.01366525391e-06, 0.000117242721899, 9.33192495722e-05, -2.19717094296e-06, 0.000785316864494, -0.00020003222744, -4.76827772218e-05, 0.000271568394965], [-2.78841598629e-05, -0.000294751458568, 2.51514047704e-05, 0.00415113242343, -0.00199483963661, 0.000264159898506, 0.000873775046784, 0.000513036036864, -0.00109679810703, 0.000440959061962, 0.000957768119406, -0.00172890874092, 5.23548842466e-05], [0.000185108510777, 0.000439732975792, -0.000468777288916, -0.00199483963661, 0.00534819159657, -0.000700926873833, 0.000510924437549, -0.000625405693427, 0.00033833362977, -0.000839233864099, 0.000353989715222, 0.00148486439139, -0.000851924880408], [0.000127170438645, 0.000261442328338, 7.01366525391e-06, 0.000264159898506, -0.000700926873833, 0.00483670830727, -0.00244290404953, 0.000793339742813, 0.000285867543425, -0.00027600658359, 0.000599386112299, -0.000485741125885, 0.00167990883347], [1.97713161469e-05, -0.000180338844075, 0.000117242721899, 0.000873775046784, 0.000510924437549, -0.00244290404953, 0.00800981745124, -0.00284491851926, 0.000721904216334, -0.000569685420487, -0.000494381529279, -0.000295008037938, -0.000283663335722], [0.000105577120848, 9.60257693805e-06, 9.33192495722e-05, 0.000513036036864, -0.000625405693427, 0.000793339742813, -0.00284491851926, 0.00795074738562, -0.000504830793943, -0.000247160904109, -0.000983383157291, 0.00168381037656, -0.00206047086976], [4.65309458377e-05, 0.000722031516489, -2.19717094296e-06, -0.00109679810703, 0.00033833362977, 0.000285867543425, 0.000721904216334, -0.000504830793943, 0.0083096595481, -0.00322705600411, 0.00127775792498, -0.00294767995365, 0.00267588021234], [-1.28467418108e-05, 0.000212665079744, 0.000785316864494, 0.000440959061962, -0.000839233864099, -0.00027600658359, -0.000569685420487, -0.000247160904109, -0.00322705600411, 0.00851430464536, -0.00468521239236, 0.00344039383344, -0.000524896197021], [-2.59044463746e-05, 3.29584618157e-05, -0.00020003222744, 0.000957768119406, 0.000353989715222, 0.000599386112299, -0.000494381529279, -0.000983383157291, 0.00127775792498, -0.00468521239236, 0.0147164044902, -0.00451500620693, 0.00186096155085], [-3.15408797178e-05, 7.34274872229e-05, -4.76827772218e-05, -0.00172890874092, 0.00148486439139, -0.000485741125885, -0.000295008037938, 0.00168381037656, -0.00294767995365, 0.00344039383344, -0.00451500620693, 0.0114401392639, -0.00413043005392], [0.000102832629636, 0.000155216068379, 0.000271568394965, 5.23548842466e-05, -0.000851924880408, 0.00167990883347, -0.000283663335722, -0.00206047086976, 0.00267588021234, -0.000524896197021, 0.00186096155085, -0.00413043005392, 0.0112426299602]], "mean": [-729.377990723, 140.747406006, 25.0315818787, 25.2699890137, -12.0515518188, -14.7125902176, 1.18850469589, -5.30573511124, -12.1345396042, -5.69006872177, 2.8476433754, 0.522647619247, -1.73315155506]}, "pitch_salience": {"dmean": 0.0644129663706, "dmean2": 0.100121334195, "dvar": 0.00331477355212, "dvar2": 0.00783100910485, "max": 0.864216446877, "mean": 0.536056041718, "median": 0.543456435204, "min": 0.0760420337319, "var": 0.0159283019602}, "silence_rate_20dB": {"dmean": 0, "dmean2": 0, "dvar": 0, "dvar2": 0, "max": 1, "mean": 1, "median": 1, "min": 1, "var": 0}, "silence_rate_30dB": {"dmean": 0.00029730933602, "dmean2": 0.000594707089476, "dvar": 0.000297249789583, "dvar2": 0.000891822157428, "max": 1, "mean": 0.999851346016, "median": 1, "min": 0, "var": 0.000148589795572}, "silence_rate_60dB": {"dmean": 0.0190277975053, "dmean2": 0.0380612537265, "dvar": 0.0186639744788, "dvar2": 0.0413698889315, "max": 1, "mean": 0.0870986953378, "median": 0, "min": 0, "var": 0.0795128792524}, "spectral_centroid": {"dmean": 146.31842041, "dmean2": 218.680770874, "dvar": 85017.828125, "dvar2": 171335.21875, "max": 11688.4707031, "mean": 982.768493652, "median": 616.623168945, "min": 122.242218018, "var": 1832738.5}, "spectral_complexity": {"dmean": 1.54422473907, "dmean2": 2.44246220589, "dvar": 2.78592419624, "dvar2": 5.89124679565, "max": 43, "mean": 9.95065402985, "median": 9, "min": 0, "var": 31.3551387787}, "spectral_contrast_coeffs": {"dmean": [0.0446358472109, 0.0438025742769, 0.0365932397544, 0.0296204574406, 0.0213678646833, 0.0181678719819], "dmean2": [0.0727662369609, 0.0695340558887, 0.0574624985456, 0.0460099875927, 0.0324253104627, 0.0271801594645], "dvar": [0.00130769843236, 0.0014104435686, 0.00102948001586, 0.000700593169313, 0.000380018318538, 0.000309392606141], "dvar2": [0.0033370652236, 0.00338955549523, 0.00227874959819, 0.00152762839571, 0.000754949112888, 0.000651420501526], "max": [-0.320652782917, -0.351473003626, -0.330727368593, -0.455815196037, -0.532814443111, -0.600792944431], "mean": [-0.628081560135, -0.644825637341, -0.715307474136, -0.750426828861, -0.777759253979, -0.789736151695], "median": [-0.624401450157, -0.64271402359, -0.731974720955, -0.755273759365, -0.795220851898, -0.794865727425], "min": [-0.984550654888, -0.977887988091, -0.982880890369, -0.982828378677, -0.98085552454, -0.980487167835], "var": [0.00915411766618, 0.00844850856811, 0.0102768167853, 0.00676630809903, 0.00498013338074, 0.00333688454702]}, "spectral_contrast_valleys": {"dmean": [0.36223205924, 0.321426779032, 0.282729536295, 0.273697078228, 0.251773297787, 0.378821760416], "dmean2": [0.596492707729, 0.508016943932, 0.444759905338, 0.407121926546, 0.338269114494, 0.463210076094], "dvar": [0.109818451107, 0.0962741225958, 0.0791279226542, 0.0801025032997, 0.0819476917386, 0.197880253196], "dvar2": [0.252864390612, 0.197821423411, 0.151436537504, 0.133152991533, 0.116372421384, 0.332162469625], "max": [-5.89385414124, -5.04857063293, -6.1644282341, -6.94390439987, -6.09569454193, -7.47757816315], "mean": [-8.08456420898, -7.40916347504, -8.61908626556, -9.56281852722, -9.01161289215, -11.2187290192], "median": [-7.79986000061, -6.92695903778, -8.22378540039, -9.17694377899, -8.6504611969, -10.9719085693], "min": [-27.9900531769, -28.1973209381, -27.6940383911, -27.6880931854, -27.5102405548, -27.3946266174], "var": [5.9923582077, 6.98218774796, 6.17680549622, 5.66049575806, 6.08921480179, 4.88629150391]}, "spectral_decrease": {"dmean": 1.17776266517e-09, "dmean2": 1.67177449661e-09, "dvar": 2.58545826327e-18, "dvar2": 5.16957111727e-18, "max": 2.23907628295e-28, "mean": -4.65466998278e-09, "median": -3.72525654768e-09, "min": -2.982451619e-08, "var": 1.45884865009e-17}, "spectral_energy": {"dmean": 0.00466646905988, "dmean2": 0.00661284709349, "dvar": 4.07211591664e-05, "dvar2": 8.09067278169e-05, "max": 0.115864977241, "mean": 0.0187334641814, "median": 0.01485266909, "min": 9.93502157592e-21, "var": 0.000238021559198}, "spectral_energyband_high": {"dmean": 0.00015468892525, "dmean2": 0.000221631635213, "dvar": 1.38391783366e-07, "dvar2": 2.6144081744e-07, "max": 0.0129886651412, "mean": 0.000315105658956, "median": 6.91470486345e-05, "min": 7.06516206152e-21, "var": 4.00605330242e-07}, "spectral_energyband_low": {"dmean": 0.00097514281515, "dmean2": 0.00149467936717, "dvar": 5.32093054062e-06, "dvar2": 1.14327776828e-05, "max": 0.0505535379052, "mean": 0.00182893127203, "median": 0.00073699222412, "min": 1.39455304142e-23, "var": 1.11307708721e-05}, "spectral_energyband_middle_high": {"dmean": 0.00087884766981, "dmean2": 0.00116000999697, "dvar": 4.4674570745e-06, "dvar2": 6.63097898723e-06, "max": 0.0719330459833, "mean": 0.0028305419255, "median": 0.00069430412259, "min": 1.20269142911e-21, "var": 3.17767226079e-05}, "spectral_energyband_middle_low": {"dmean": 0.00407014694065, "dmean2": 0.00589532544836, "dvar": 3.46591914422e-05, "dvar2": 7.28346713004e-05, "max": 0.113557972014, "mean": 0.0139922378585, "median": 0.0104784239084, "min": 1.28452379521e-22, "var": 0.000160687050084}, "spectral_entropy": {"dmean": 0.24223330617, "dmean2": 0.332047700882, "dvar": 0.0723280310631, "dvar2": 0.127399921417, "max": 9.82044696808, "mean": 6.78969955444, "median": 6.80203485489, "min": 4.22488927841, "var": 0.549879848957}, "spectral_flux": {"dmean": 0.0166503563523, "dmean2": 0.0262194704264, "dvar": 0.000360051286407, "dvar2": 0.000858291808981, "max": 0.274740815163, "mean": 0.0552070662379, "median": 0.0475947670639, "min": 6.25058685366e-11, "var": 0.0012714980403}, "spectral_kurtosis": {"dmean": 2.92946386337, "dmean2": 4.46211957932, "dvar": 14.983168602, "dvar2": 32.6640052795, "max": 86.0321273804, "mean": 8.76082038879, "median": 5.976354599, "min": -1.26175427437, "var": 74.2885818481}, "spectral_rms": {"dmean": 0.000509892532136, "dmean2": 0.000716513139196, "dvar": 3.20181612778e-07, "dvar2": 6.11926793681e-07, "max": 0.0106319803745, "mean": 0.00389916682616, "median": 0.00380662688985, "min": 3.11331082442e-12, "var": 3.07301161229e-06}, "spectral_rolloff": {"dmean": 256.22454834, "dmean2": 440.1668396, "dvar": 696902.625, "dvar2": 1600321.375, "max": 19358.3496094, "mean": 1169.96325684, "median": 602.9296875, "min": 43.06640625, "var": 5658334}, "spectral_skewness": {"dmean": 0.333556234837, "dmean2": 0.488382220268, "dvar": 0.142010763288, "dvar2": 0.274617671967, "max": 8.19752693176, "mean": 2.19880604744, "median": 1.98659706116, "min": -0.357550561428, "var": 1.05409598351}, "spectral_spread": {"dmean": 905891.9375, "dmean2": 1228543.5, "dvar": 1715725139