{"lowlevel": {"average_loudness": 0.910616636276, "barkbands": {"dmean": [3.04390505335e-05, 0.00189627811778, 0.00165721972007, 0.00170536933001, 0.0019482668722, 0.000852263590787, 0.000654399569612, 0.000534013845026, 0.00068922637729, 0.000592679192778, 0.000427096674684, 0.000494198000524, 0.000514993385877, 0.000565170892514, 0.000382321508368, 0.000334111304255, 0.000392790592741, 0.000271447235718, 0.000242839538259, 0.000144741788972, 8.83778193383e-05, 9.94181100396e-05, 0.000125136677525, 3.85211133107e-05, 0.00019415760471, 1.60400886671e-05, 1.47687046592e-06], "dmean2": [5.14054299856e-05, 0.00309148826636, 0.00283684232272, 0.002943581203, 0.00330276926979, 0.00138627132401, 0.00104395486414, 0.000810521421954, 0.00101767666638, 0.000890655152034, 0.000652008980978, 0.000745264755096, 0.000776666507591, 0.000869159644935, 0.000586433568969, 0.000528537202626, 0.000620378763415, 0.000428254686994, 0.000362479797332, 0.000226738819038, 0.000131455424707, 0.000154036650201, 0.000186619450687, 5.79037841817e-05, 0.000295690289931, 2.45331120823e-05, 2.55384543379e-06], "dvar": [4.8184407575e-09, 7.47334115658e-06, 6.15281578575e-06, 8.37827883515e-06, 9.30225996854e-06, 3.03318438455e-06, 2.89073682325e-06, 1.52297070599e-06, 2.99251200886e-06, 1.52213078763e-06, 9.51003300997e-07, 1.21503160244e-06, 1.26312420434e-06, 1.84022860594e-06, 6.89946489274e-07, 7.41677808946e-07, 5.89662420225e-07, 2.58064176251e-07, 2.04090611078e-07, 8.18020140514e-08, 3.61939598292e-08, 8.29241031397e-08, 1.518256596e-07, 2.17011653092e-08, 5.03696412579e-07, 3.73812669707e-09, 1.49290774187e-10], "dvar2": [1.32614070836e-08, 1.90035043488e-05, 1.59949431691e-05, 2.19576322706e-05, 2.49842505582e-05, 7.28500799596e-06, 6.59886791254e-06, 3.22642335959e-06, 6.16400802755e-06, 3.35678078045e-06, 2.16521289076e-06, 2.64415757556e-06, 2.70474697572e-06, 4.33689319834e-06, 1.47295588704e-06, 1.98712791644e-06, 1.41988891755e-06, 6.18267733898e-07, 4.1468987888e-07, 1.90690997215e-07, 8.33953421875e-08, 2.04223880473e-07, 3.27077543716e-07, 5.09647009039e-08, 1.20046638585e-06, 9.48482803409e-09, 4.17899159721e-10], "max": [0.00135018641595, 0.0352423489094, 0.0379190295935, 0.0387963913381, 0.0513097457588, 0.0404951348901, 0.033019438386, 0.0275629144162, 0.0416693538427, 0.0329589061439, 0.0278331674635, 0.030710214749, 0.0301256533712, 0.0308823436499, 0.0255978200585, 0.023931670934, 0.0194222573191, 0.011111180298, 0.0150710316375, 0.00997109338641, 0.00523856375366, 0.00592433894053, 0.00949994381517, 0.00571423210204, 0.0143659701571, 0.0011899031233, 0.000637036398984], "mean": [3.5065539123e-05, 0.00307937478647, 0.00234203925356, 0.00218065292574, 0.00288328924216, 0.00154302536976, 0.00110683403909, 0.000917973404285, 0.00130673043896, 0.000991148059256, 0.000665898201987, 0.000831318495329, 0.000842610839754, 0.000960124132689, 0.000647185079288, 0.000559550360776, 0.000634581723716, 0.000435025547631, 0.000458401453216, 0.000256197323324, 0.000141072901897, 0.000126878207084, 0.000150744526763, 5.17596527061e-05, 0.000201773218578, 1.81024097401e-05, 1.1478491615e-06], "median": [1.09326419988e-05, 0.00235356437042, 0.00137107376941, 0.00107969995588, 0.00183222896885, 0.000745961617213, 0.00041352363769, 0.000291668344289, 0.000346166925738, 0.000258133281022, 0.000181356968824, 0.000227410637308, 0.000255000952166, 0.000230167323025, 0.000217101740418, 0.000180990900844, 0.000259783293586, 0.000205336807994, 0.000198232824914, 9.55102514126e-05, 6.00311650487e-05, 4.37722483184e-05, 2.94888704957e-05, 1.72359777935e-05, 1.01546756923e-05, 2.25693383982e-06, 5.49528138549e-08], "min": [4.09151952957e-25, 3.47435326359e-24, 1.25687334484e-24, 1.35654513136e-24, 6.50967821773e-24, 9.40826202256e-24, 9.74192020875e-24, 2.95395119075e-24, 1.00647710005e-23, 2.28380012559e-23, 2.18471367386e-23, 2.7484078021e-23, 2.08887243813e-23, 3.60927529966e-23, 4.65837826207e-23, 3.8542768797e-23, 8.52678364058e-23, 1.13631942409e-22, 1.58482218968e-22, 1.90571919389e-22, 2.48847497838e-22, 3.11656249702e-22, 4.3741849994e-22, 6.19241724698e-22, 8.0005899403e-22, 1.35280249596e-21, 1.85329876827e-21], "var": [5.08078823458e-09, 1.03728107206e-05, 7.82822644396e-06, 9.89586351352e-06, 1.16041292131e-05, 7.10878839527e-06, 6.45307500236e-06, 3.61914499081e-06, 9.2875370683e-06, 4.30294085163e-06, 1.99196961148e-06, 2.97907240565e-06, 3.08015705741e-06, 5.17971102454e-06, 1.82428948392e-06, 1.86957458936e-06, 1.13116493594e-06, 4.81820904952e-07, 6.86826297169e-07, 1.8442308658e-07, 5.40781464053e-08, 8.44855136961e-08, 1.98957039288e-07, 2.71844555755e-08, 5.66081041597e-07, 3.61357210821e-09, 9.46303313487e-11]}, "barkbands_crest": {"dmean": 2.3173635006, "dmean2": 3.79197859764, "dvar": 4.75694656372, "dvar2": 11.729888916, "max": 24.9480686188, "mean": 8.61511993408, "median": 7.9248175621, "min": 2.41659808159, "var": 12.2414913177}, "barkbands_flatness_db": {"dmean": 0.0225754864514, "dmean2": 0.0321053527296, "dvar": 0.000487186567625, "dvar2": 0.000962385965977, "max": 0.37434476614, "mean": 0.137161180377, "median": 0.126754626632, "min": 0.0295846872032, "var": 0.00304129649885}, "barkbands_kurtosis": {"dmean": 2.58930110931, "dmean2": 4.01147174835, "dvar": 26.6963787079, "dvar2": 57.4169998169, "max": 117.344726563, "mean": 3.15382266045, "median": 0.565005779266, "min": -1.92868089676, "var": 57.28307724}, "barkbands_skewness": {"dmean": 0.532506883144, "dmean2": 0.809735000134, "dvar": 0.34236112237, "dvar2": 0.725849330425, "max": 9.40332889557, "mean": 1.25990486145, "median": 1.0708296299, "min": -2.97573018074, "var": 1.44396448135}, "barkbands_spread": {"dmean": 6.86756420135, "dmean2": 10.1127471924, "dvar": 71.7107009888, "dvar2": 153.408920288, "max": 120.621643066, "mean": 23.6564712524, "median": 21.9864234924, "min": 1.16138446331, "var": 202.896530151}, "dissonance": {"dmean": 0.01762977615, "dmean2": 0.0293541885912, "dvar": 0.000303857872495, "dvar2": 0.000793588696979, "max": 0.500000059605, "mean": 0.465106666088, "median": 0.471605449915, "min": 0.246192708611, "var": 0.000758229289204}, "dynamic_complexity": 3.087870121, "erbbands": {"dmean": [0.0396603085101, 0.489395081997, 1.58357048035, 3.99988675117, 7.17563295364, 6.08371686935, 4.77221393585, 7.55758190155, 9.83825492859, 7.95040798187, 13.5422830582, 14.8420810699, 18.8621864319, 15.6259403229, 16.1732978821, 20.1446800232, 22.5239181519, 25.7010097504, 21.7822418213, 18.1146430969, 17.2570915222, 20.8882713318, 15.0427570343, 12.9505672455, 10.8593740463, 5.9625658989, 3.60229277611, 3.77198576927, 3.43406462669, 4.001060009, 3.59519696236, 0.973342180252, 0.625432193279, 0.811397254467, 2.11319684982, 0.321475684643, 0.026418980211, 0.00302489567548, 0.000356562464731, 2.03731869988e-05], "dmean2": [0.0643985271454, 0.797821938992, 2.65809726715, 6.91024637222, 12.4445905685, 10.2534952164, 7.68997573853, 12.4468593597, 15.9524507523, 12.306895256, 20.3849258423, 21.4438114166, 27.5759754181, 23.9454746246, 24.4509544373, 30.256816864, 33.4613418579, 38.4076690674, 33.2605018616, 27.9965896606, 26.7417392731, 33.0394554138, 23.691986084, 19.4655838013, 16.392156601, 9.16447067261, 5.46546220779, 5.65567064285, 5.29749727249, 6.11586523056, 5.40088653564, 1.42572593689, 0.944162130356, 1.2425391674, 3.23640418053, 0.499372392893, 0.0399539358914, 0.00478283409029, 0.000609471288044, 3.14976896334e-05], "dvar": [0.00375814992003, 0.481483101845, 4.90966415405, 42.195728302, 146.292907715, 90.1673736572, 70.8078994751, 265.389282227, 547.946472168, 439.486816406, 1001.0111084, 1692.0012207, 1631.61035156, 1195.32543945, 1252.828125, 2271.33251953, 2108.59423828, 3677.46826172, 2389.47705078, 1563.41625977, 1156.1932373, 1751.27172852, 831.254943848, 592.853515625, 450.817321777, 125.176948547, 43.9313316345, 98.8040313721, 93.8293304443, 150.952133179, 132.037078857, 13.1641359329, 5.52997255325, 10.6748867035, 60.6452331543, 1.38693606853, 0.00960287079215, 0.000190345250303, 1.15041393656e-05, 6.80055167734e-09], "dvar2": [0.00927354674786, 1.2370929718, 12.3703222275, 113.979225159, 397.418762207, 237.25970459, 173.982498169, 645.614257813, 1266.21533203, 933.124145508, 2103.55102539, 3479.32983398, 3327.83081055, 2893.67407227, 2927.54760742, 4961.65625, 4619.02001953, 7811.04443359, 5875.44873047, 3555.88598633, 2903.25024414, 4351.97851563, 1975.25317383, 1207.52197266, 942.137756348, 296.090057373, 100.642524719, 228.429794312, 232.036865234, 334.526611328, 296.469848633, 28.193239212, 13.613858223, 23.9117622375, 147.610687256, 3.46485257149, 0.0233630854636, 0.000497413624544, 3.26008776028e-05, 1.82511268321e-08], "max": [0.676696300507, 9.46048069, 35.6205673218, 74.2310943604, 186.66519165, 175.953826904, 232.577163696, 359.176879883, 417.409423828, 596.557373047, 767.782165527, 1323.57189941, 1341.52087402, 892.026672363, 1027.54309082, 1588.3026123, 1170.56738281, 1601.17675781, 1173.51416016, 1076.3515625, 943.091552734, 1333.38549805, 763.014099121, 820.505126953, 786.596191406, 242.596298218, 110.382362366, 295.620391846, 175.054428101, 330.530456543, 341.33102417, 189.567687988, 81.0404281616, 136.39302063, 170.92565918, 23.9059009552, 2.17230081558, 0.330980092287, 0.195521041751, 0.00347265857272], "mean": [0.0613065212965, 0.800931274891, 2.55490970612, 5.44449090958, 9.1688079834, 9.46646404266, 8.89696884155, 13.1556739807, 16.3673477173, 15.2361278534, 24.5650253296, 28.8730812073, 34.9775123596, 26.8061389923, 26.7250728607, 35.6441612244, 39.5771179199, 47.4602241516, 38.2331314087, 33.9771232605, 32.2841720581, 35.2601776123, 26.0042610168, 24.1263999939, 21.2281665802, 10.9256334305, 6.23359155655, 5.45569419861, 4.45013713837, 4.84716367722, 4.2631816864, 1.34703338146, 0.800416827202, 0.930081427097, 2.12295627594, 0.32654106617, 0.0309546664357, 0.00308914342895, 0.000296268961392, 3.9468282921e-05], "median": [0.0398075655103, 0.61431479454, 1.73427081108, 3.37642288208, 5.2460694313, 5.93689346313, 5.47828483582, 5.75937652588, 6.67118310928, 6.29614400864, 8.40460681915, 8.80658721924, 10.3798236847, 9.56463432312, 10.2753791809, 11.7901668549, 14.5768203735, 14.0700616837, 13.2813625336, 12.5120887756, 13.1784305573, 14.736700058, 13.4281377792, 11.1643218994, 8.13493061066, 4.78521728516, 2.90404844284, 2.02667951584, 1.56296372414, 1.31881546974, 0.785404920578, 0.438082695007, 0.239187777042, 0.128617554903, 0.0597358494997, 0.0170267298818, 0.00294894399121, 0.000305172696244, 2.60543620243e-05, 2.90560528811e-05], "min": [1.33743641954e-22, 5.04586232109e-22, 2.14188221227e-21, 3.88764507753e-21, 5.54032043746e-21, 2.04239391228e-20, 4.07014866642e-20, 8.11950472642e-20, 1.26431273756e-19, 9.37845810909e-20, 1.03111947226e-19, 2.39893544579e-19, 5.62433547591e-19, 5.53069966454e-19, 1.22075997225e-18, 1.35045651562e-18, 1.12248688297e-18, 1.62705423533e-18, 1.94683802084e-18, 2.83861461499e-18, 3.23375155578e-18, 5.25621870002e-18, 6.84642545118e-18, 6.05735387663e-18, 8.27032547223e-18, 8.42547146792e-18, 8.91295133678e-18, 1.04395512076e-17, 1.06221058328e-17, 1.26797755092e-17, 1.1812687568e-17, 1.06073249425e-17, 1.02551718218e-17, 9.19933119101e-18, 5.07185503074e-18, 4.57282978848e-18, 2.30268119419e-18, 9.91119951745e-19, 2.41948442166e-19, 2.66454940896e-20], "var": [0.00532482052222, 0.672018289566, 7.42053747177, 44.5268096924, 145.484451294, 141.708786011, 148.531234741, 603.325195313, 1122.77880859, 1279.62207031, 2522.60668945, 5059.21044922, 6144.51171875, 2592.48461914, 2320.72070313, 5534.54541016, 5419.93359375, 11812.2753906, 5723.19287109, 5079.12451172, 3488.49755859, 3516.85791016, 1578.33105469, 2030.01501465, 1370.55737305, 254.807281494, 77.6277618408, 124.159317017, 95.4303359985, 181.375671387, 164.243728638, 19.4304847717, 6.13118267059, 12.8220529556, 65.2891159058, 1.39448714256, 0.0106091834605, 0.000156638983754, 7.09692267264e-06, 5.5054236725e-09]}, "erbbands_crest": {"dmean": 2.36619997025, "dmean2": 3.7392809391, "dvar": 4.91374158859, "dvar2": 11.6695375443, "max": 29.9672527313, "mean": 8.32942962646, "median": 7.42289209366, "min": 2.06733942032, "var": 15.1447439194}, "erbbands_flatness_db": {"dmean": 0.0173018611968, "dmean2": 0.024182908237, "dvar": 0.000258898682659, "dvar2": 0.000507554446813, "max": 0.323064118624, "mean": 0.162793546915, "median": 0.163216412067, "min": 0.0341321788728, "var": 0.00166437355801}, "erbbands_kurtosis": {"dmean": 0.780648291111, "dmean2": 1.22379934788, "dvar": 1.28756260872, "dvar2": 2.91738677025, "max": 35.0753479004, "mean": 0.197647169232, "median": -0.225237131119, "min": -1.8189895153, "var": 2.83545899391}, "erbbands_skewness": {"dmean": 0.348784118891, "dmean2": 0.528022050858, "dvar": 0.106987528503, "dvar2": 0.239800423384, "max": 3.84828352928, "mean": 0.0633200109005, "median": 0.057930521667, "min": -4.57024860382, "var": 0.488530367613}, "erbbands_spread": {"dmean": 8.64066314697, "dmean2": 12.8125972748, "dvar": 104.484428406, "dvar2": 223.55645752, "max": 160.738189697, "mean": 36.8287353516, "median": 33.0118141174, "min": 4.86247253418, "var": 359.746185303}, "gfcc": {"cov": [[15283.2373047, -798.296691895, -1900.50280762, 413.387908936, -937.62689209, 550.873352051, -696.393798828, 255.49382019, -364.382446289, 173.37046814, -256.140228271, 63.6527519226, -144.96546936], [-798.296691895, 1634.26000977, 5.52217578888, -111.458595276, 408.733825684, -235.640319824, 267.248352051, -93.6794281006, 134.976287842, -152.498413086, 152.389801025, -132.636581421, 71.017539978], [-1900.50280762, 5.52217578888, 1084.46228027, -42.0550498962, 110.706748962, 8.48932743073, -22.9115180969, 1.33170080185, -1.30965065956, 48.9675559998, -32.4505577087, 108.636138916, -63.5874557495], [413.387908936, -111.458595276, -42.0550498962, 409.7265625, -24.723903656, 0.832292556763, 15.8667678833, -11.7670688629, 19.7290248871, -21.0938720703, 3.43807864189, -39.1256484985, 20.5088024139], [-937.62689209, 408.733825684, 110.706748962, -24.723903656, 287.541656494, -50.5926933289, 100.591560364, -16.4987888336, 60.7970161438, -27.1246070862, 50.1588554382, -35.1597175598, 20.940076828], [550.873352051, -235.640319824, 8.48932743073, 0.832292556763, -50.5926933289, 185.932235718, -10.077796936, 29.2908439636, -31.7085151672, 37.4221534729, -27.2198123932, 22.8453006744, -11.8361883163], [-696.393798828, 267.248352051, -22.9115180969, 15.8667678833, 100.591560364, -10.077796936, 210.264175415, -1.04510748386, 44.376033783, -37.6908988953, 37.092716217, -41.0021781921, 33.941570282], [255.49382019, -93.6794281006, 1.33170080185, -11.7670688629, -16.4987888336, 29.2908439636, -1.04510748386, 102.651779175, 22.881521225, 24.3095588684, -4.33054256439, 15.4225482941, -7.61246347427], [-364.382446289, 134.976287842, -1.30965065956, 19.7290248871, 60.7970161438, -31.7085151672, 44.376033783, 22.881521225, 110.749519348, 16.9609375, 26.9665584564, -24.1646327972, 22.3042144775], [173.37046814, -152.498413086, 48.9675559998, -21.0938720703, -27.1246070862, 37.4221534729, -37.6908988953, 24.3095588684, 16.9609375, 104.906929016, 6.65051221848, 39.7948646545, -17.7665309906], [-256.140228271, 152.389801025, -32.4505577087, 3.43807864189, 50.1588554382, -27.2198123932, 37.092716217, -4.33054256439, 26.9665584564, 6.65051221848, 98.6468582153, 3.2348408699, 11.4944372177], [63.6527519226, -132.636581421, 108.636138916, -39.1256484985, -35.1597175598, 22.8453006744, -41.0021781921, 15.4225482941, -24.1646327972, 39.7948646545, 3.2348408699, 101.926651001, -0.0671624839306], [-144.96546936, 71.017539978, -63.5874557495, 20.5088024139, 20.940076828, -11.8361883163, 33.941570282, -7.61246347427, 22.3042144775, -17.7665309906, 11.4944372177, -0.0671624839306, 71.918800354]], "icov": [[0.000311902054818, -0.000699346710462, 0.000649772875477, -0.00063995126402, 0.000609066453762, -0.000926020671614, 0.00101691065356, -0.000959775876254, 0.000837533036247, -0.000754655629862, 0.000911645009182, -0.000606442103162, 0.000572576129343], [-0.000699346710462, 0.00316042453051, -0.00153219234198, 0.00203402386978, -0.00249697268009, 0.00294162821956, -0.00297394953668, 0.00291305151768, -0.00263459188864, 0.00303107267246, -0.00333061860874, 0.00210218830034, -0.00144205556717], [0.000649772875477, -0.00153219234198, 0.00268757040612, -0.00152124848682, 0.000443473341875, -0.00193142169155, 0.00201043486595, -0.00165003596339, 0.00127356871963, -0.00159285427071, 0.0029479789082, -0.00337164918892, 0.00279953889549], [-0.00063995126402, 0.00203402386978, -0.00152124848682, 0.00421331077814, -0.00101996818557, 0.00193833815865, -0.00227485899813, 0.00252368231304, -0.00253037177026, 0.00240495335311, -0.00275115086697, 0.00274906121194, -0.00206714798696], [0.000609066453762, -0.00249697268009, 0.000443473341875, -0.00101996818557, 0.00753103801981, -0.0020719463937, 0.0010093980236, -0.00174041755963, 0.000409713829868, -0.00158772151917, 0.000696245522704, -6.69273576932e-05, 0.000551346107386], [-0.000926020671614, 0.00294162821956, -0.00193142169155, 0.00193833815865, -0.0020719463937, 0.0102636311203, -0.00460326066241, 0.0013870926341, 3.90360000893e-05, -0.000202012786758, -0.00179026636761, 0.00227553281002, -0.00219378131442], [0.00101691065356, -0.00297394953668, 0.00201043486595, -0.00227485899813, 0.0010093980236, -0.00460326066241, 0.0106665650383, -0.0039719613269, 0.00173634907696, -0.00095314043574, 0.00162810983602, -0.000517221225891, -0.000127874285681], [-0.000959775876254, 0.00291305151768, -0.00165003596339, 0.00252368231304, -0.00174041755963, 0.0013870926341, -0.0039719613269, 0.0154196452349, -0.00752741703764, 0.00283989356831, -0.00237855385058, -0.000542134919669, 0.000667683139909], [0.000837533036247, -0.00263459188864, 0.00127356871963, -0.00253037177026, 0.000409713829868, 3.90360000893e-05, 0.00173634907696, -0.00752741703764, 0.0186932384968, -0.00897275097668, 0.00139406789094, 0.00357811478898, -0.00382510363124], [-0.000754655629862, 0.00303107267246, -0.00159285427071, 0.00240495335311, -0.00158772151917, -0.000202012786758, -0.00095314043574, 0.00283989356831, -0.00897275097668, 0.0186477601528, -0.00502544641495, -0.00352557958104, 0.00276037817821], [0.000911645009182, -0.00333061860874, 0.0029479789082, -0.00275115086697, 0.000696245522704, -0.00179026636761, 0.00162810983602, -0.00237855385058, 0.00139406789094, -0.00502544641495, 0.0169911980629, -0.00569021468982, 0.00260523380712], [-0.000606442103162, 0.00210218830034, -0.00337164918892, 0.00274906121194, -6.69273576932e-05, 0.00227553281002, -0.000517221225891, -0.000542134919669, 0.00357811478898, -0.00352557958104, -0.00569021468982, 0.0193153675646, -0.00753568997607], [0.000572576129343, -0.00144205556717, 0.00279953889549, -0.00206714798696, 0.000551346107386, -0.00219378131442, -0.000127874285681, 0.000667683139909, -0.00382510363124, 0.00276037817821, 0.00260523380712, -0.00753568997607, 0.0206016153097]], "mean": [-17.3956489563, 106.526885986, -124.155029297, 35.5810279846, -48.671497345, 12.2135562897, -37.9191932678, 8.81613826752, -25.6695079803, -1.23285639286, -16.049949646, -2.04087591171, -13.0306520462]}, "hfc": {"dmean": 8.73408699036, "dmean2": 12.3032665253, "dvar": 265.15625, "dvar2": 589.660522461, "max": 277.33895874, "mean": 22.2535877228, "median": 16.0905075073, "min": 1.03529978407e-16, "var": 551.265014648}, "melbands": {"dmean": [0.000453217653558, 0.000727133825421, 0.000763914897107, 0.000500528723933, 0.000170255560079, 0.000169697537785, 0.000144985169754, 8.90706069185e-05, 0.000116960029118, 9.4443312264e-05, 9.61205660133e-05, 6.46612679702e-05, 5.57617422601e-05, 5.41226509085e-05, 5.42166999367e-05, 5.22633526998e-05, 5.21264773852e-05, 3.96366376663e-05, 2.96988673654e-05, 2.52843710769e-05, 2.09991358133e-05, 2.48818250839e-05, 1.67469715961e-05, 1.25677688629e-05, 1.14783379104e-05, 8.70397980179e-06, 7.46819341657e-06, 3.69291046809e-06, 2.35824018091e-06, 2.11999667954e-06, 2.47484308602e-06, 2.0537556793e-06, 1.92597417481e-06, 2.39367182076e-06, 2.64761456492e-06, 8.07723949947e-07, 5.24165557181e-07, 4.58003881931e-07, 3.72594797682e-07, 7.47336684981e-07], "dmean2": [0.000736372370739, 0.00120101077482, 0.00131776940543, 0.000853235076647, 0.000274872843875, 0.000278811377939, 0.000233994374867, 0.000136747272336, 0.000176676679985, 0.000136741902679, 0.000141061289469, 9.95651353151e-05, 8.43271263875e-05, 8.12625075923e-05, 8.18165353849e-05, 7.84340227256e-05, 7.84391522757e-05, 6.14272503299e-05, 4.59071197838e-05, 4.02213445341e-05, 3.27461930283e-05, 3.96644245484e-05, 2.65359376499e-05, 1.98683592316e-05, 1.74060387508e-05, 1.31135439005e-05, 1.17602303362e-05, 5.81369749852e-06, 3.6472033571e-06, 3.24848565469e-06, 3.79541370421e-06, 3.22166852129e-06, 3.02531884699e-06, 3.63334333997e-06, 4.02785326514e-06, 1.21112213947e-06, 7.99545205155e-07, 7.06825005636e-07, 5.66051369333e-07, 1.17304955438e-06], "dvar": [4.50355770454e-07, 9.23707375478e-07, 1.55111399636e-06, 6.40201392343e-07, 7.35229690463e-08, 1.26929222688e-07, 1.25601275158e-07, 4.4564220758e-08, 7.4948680151e-08, 6.79375062873e-08, 4.19249097661e-08, 2.08958859105e-08, 1.55333275131e-08, 1.53202996955e-08, 1.39421878487e-08, 1.38723041943e-08, 1.62179478735e-08, 9.77056746621e-09, 4.68317518099e-09, 6.21916340648e-09, 1.57933643941e-09, 2.81252687806e-09, 1.09567699358e-09, 5.89311710542e-10, 5.256688973e-10, 3.12745995767e-10, 2.48944892478e-10, 5.27228434521e-11, 1.94937590375e-11, 1.62609179594e-11, 5.93488799772e-11, 3.47227836761e-11, 3.21696037864e-11, 5.59642610032e-11, 7.29548782497e-11, 8.10883478419e-12, 4.74934111136e-12, 3.24519794717e-12, 1.80597778485e-12, 1.1778216423e-11], "dvar2": [1.121519972e-06, 2.29896227211e-06, 4.15686417909e-06, 1.72001250576e-06, 1.82424173545e-07, 3.08049749265e-07, 2.88653154712e-07, 9.53595389319e-08, 1.57548768698e-07, 1.41756927974e-07, 8.62452154138e-08, 5.07261752603e-08, 3.46746809043e-08, 3.36811609714e-08, 3.16745136786e-08, 2.94470812179e-08, 3.42740129611e-08, 2.53385632476e-08, 1.02394359658e-08, 1.67301124065e-08, 3.78679132496e-09, 7.00200697423e-09, 2.62605914791e-09, 1.41736522519e-09, 1.07336539656e-09, 6.57158327755e-10, 5.6168508733e-10, 1.29465396737e-10, 4.57496991679e-11, 3.90972670905e-11, 1.3908726948e-10, 8.7732696108e-11, 7.98034346938e-11, 1.23110452388e-10, 1.66896968468e-10, 1.67084124314e-11, 1.09210583285e-11, 8.17783254309e-12, 4.46128117088e-12, 2.67628384731e-11], "max": [0.0075806574896, 0.0137702850625, 0.0137666491792, 0.0131788160652, 0.00701788906008, 0.00787762645632, 0.00655442290008, 0.00535334274173, 0.00684118783101, 0.00785973109305, 0.00656599551439, 0.00337163778022, 0.00449062418193, 0.00315575720742, 0.00277470913716, 0.00365749723278, 0.00354857044294, 0.00217831204645, 0.00198417366482, 0.00241114222445, 0.001060119248, 0.00164043006953, 0.0009718844085, 0.000583794200793, 0.000763438642025, 0.000682710146066, 0.000679983932059, 0.000167322374182, 7.55214277888e-05, 8.30874414532e-05, 0.000246586219873, 0.000114560913062, 0.000115349641419, 0.000214027008042, 0.000212716287933, 0.000149756015162, 0.000107225001557, 7.0863912697e-05, 4.8537098337e-05, 0.000171689782292], "mean": [0.000725819554646, 0.00127391540445, 0.00105730514042, 0.000715149857569, 0.000323923537508, 0.00030361811514, 0.000245691393502, 0.000167669553775, 0.000212782586459, 0.00018032148364, 0.000172545798705, 0.000106307932583, 8.87450805749e-05, 8.99104707059e-05, 9.0470937721e-05, 8.58870407683e-05, 9.05820998014e-05, 6.34052194073e-05, 4.97844084748e-05, 4.35978290625e-05, 3.5739132727e-05, 3.89663000533e-05, 2.70722539426e-05, 1.97634908545e-05, 1.97439585463e-05, 1.58917737281e-05, 1.32889281304e-05, 5.88660486756e-06, 3.86861529478e-06, 3.31728892888e-06, 3.2064788229e-06, 2.55024951912e-06, 2.34006938626e-06, 2.79845085061e-06, 3.0131470794e-06, 1.07915582248e-06, 6.94723951256e-07, 5.69963958696e-07, 4.60884137965e-07, 8.19532033347e-07], "median": [0.000543460948393, 0.00102261360735, 0.000680048076902, 0.000448237347882, 0.000213327788515, 0.000138552946737, 9.77847957984e-05, 6.56930496916e-05, 6.78279902786e-05, 4.89256381115e-05, 4.56803427369e-05, 3.19067548844e-05, 2.85036039713e-05, 2.6173893275e-05, 2.86194917862e-05, 2.36863743339e-05, 2.17380948015e-05, 1.78407462954e-05, 1.61304596986e-05, 1.36609251058e-05, 1.38950572364e-05, 1.41753316711e-05, 1.24253638205e-05, 9.22584422369e-06, 7.90693229646e-06, 6.32693536318e-06, 4.33011973655e-06, 2.5744566301e-06, 1.70303303548e-06, 1.42271210279e-06, 9.84188545772e-07, 8.24504809316e-07, 7.64950982557e-07, 6.4809955802e-07, 4.572056298e-07, 3.07138634525e-07, 2.31885834978e-07, 1.68736903561e-07, 1.20209179499e-07, 9.37274364787e-08], "min": [1.38485754646e-24, 9.73414519567e-25, 1.36098227673e-24, 6.30072128989e-25, 1.40857849527e-24, 1.88221008973e-24, 2.04337555596e-24, 8.38814733183e-25, 9.65769668535e-25, 1.2957865714e-24, 2.30947332764e-24, 2.1549987824e-24, 3.51542294004e-24, 2.90604583734e-24, 2.06717785605e-24, 1.73344315035e-24, 2.49988226206e-24, 2.18788580189e-24, 3.37681140152e-24, 3.9587824903e-24, 3.7647653061e-24, 4.88508465888e-24, 3.31912634226e-24, 5.7217264747e-24, 3.82036303941e-24, 6.65467282426e-24, 4.36862886272e-24, 5.25543671008e-24, 4.81965219667e-24, 5.05071152796e-24, 4.45026058362e-24, 5.43216442982e-24, 5.04446019972e-24, 5.95706813742e-24, 5.91448463689e-24, 5.28142336602e-24, 6.48929917954e-24, 5.91189875085e-24, 6.30147534231e-24, 6.27999742087e-24], "var": [6.20732407697e-07, 1.4393363017e-06, 1.61766809015e-06, 7.62023148582e-07, 1.60912406955e-07, 2.99508542412e-07, 2.67273264853e-07, 1.32861117663e-07, 2.02345262323e-07, 2.01587980087e-07, 1.54363291927e-07, 4.4655507736e-08, 3.16926715982e-08, 3.53868969682e-08, 3.39377947967e-08, 3.58323326566e-08, 5.03687687115e-08, 2.12709743153e-08, 1.22219940835e-08, 1.54412269637e-08, 3.8186200868e-09, 5.13569098359e-09, 2.11359507674e-09, 1.00878227993e-09, 1.74152303689e-09, 8.9635487921e-10, 6.6935218479e-10, 8.09398589818e-11, 3.26244274651e-11, 2.66421520262e-11, 6.59483925802e-11, 3.35048967737e-11, 3.18537488053e-11, 6.78943221089e-11, 8.689921005e-11, 1.24053614603e-11, 6.1109268687e-12, 3.36376434519e-12, 1.97353960431e-12, 1.33522056259e-11]}, "melbands_crest": {"dmean": 2.8739862442, "dmean2": 4.71300792694, "dvar": 6.83389616013, "dvar2": 16.5831604004, "max": 33.5485610962, "mean": 12.2570772171, "median": 11.6473236084, "min": 1.57640361786, "var": 21.0815258026}, "melbands_flatness_db": {"dmean": 0.0294036157429, "dmean2": 0.0415074191988, "dvar": 0.000872803619131, "dvar2": 0.00169939966872, "max": 0.517513334751, "mean": 0.199805065989, "median": 0.183878213167, "min": 0.00290456064977, "var": 0.00642991438508}, "melbands_kurtosis": {"dmean": 6.21410989761, "dmean2": 9.66603851318, "dvar": 145.594940186, "dvar2": 330.854675293, "max": 321.676483154, "mean": 10.7370862961, "median": 4.76570940018, "min": -1.82793164253, "var": 310.760955811}, "melbands_skewness": {"dmean": 0.7019957304, "dmean2": 1.06750738621, "dvar": 0.631096541882, "dvar2": 1.36032736301, "max": 13.9362735748, "mean": 2.33933758736, "median": 2.0467145443, "min": -1.25884401798, "var": 2.55320191383}, "melbands_spread": {"dmean": 7.7733206749, "dmean2": 11.7534618378, "dvar": 89.829826355, "dvar2": 199.219940186, "max": 159.687347412, "mean": 26.7815685272, "median": 24.0723228455, "min": 0.919333040714, "var": 364.294891357}, "mfcc": {"cov": [[9061.11328125, -1372.01647949, -714.840148926, -264.576293945, -233.352798462, 44.1419906616, -157.732894897, -14.9719715118, -78.4282073975, 15.3785171509, 13.99376297, -75.4825134277, 4.36893129349], [-1372.01647949, 1733.90429688, -35.3133468628, 104.353599548, 159.926376343, -30.0007286072, 127.118545532, 38.2387619019, 32.1021118164, 22.8133640289, -2.75322127342, 59.1620178223, 3.98542976379], [-714.840148926, -35.3133468628, 645.546203613, 64.6240539551, 78.0056915283, 53.3120040894, -36.3775062561, 31.0012722015, -19.1563777924, -46.4876403809, 32.5796012878, 4.49432754517, 31.1948566437], [-264.576293945, 104.353599548, 64.6240539551, 333.603302002, 54.3255805969, 20.9833545685, 18.5416755676, 12.3701105118, 20.2316665649, 19.9692134857, -10.2030668259, 0.783971071243, -6.85326242447], [-233.352798462, 159.926376343, 78.0056915283, 54.3255805969, 177.047317505, 9.3755903244, 0.517981886864, 1.37201666832, -1.60601401329, 22.5480136871, 3.13873100281, 7.44372367859, 14.3860578537], [44.1419906616, -30.0007286072, 53.3120040894, 20.9833545685, 9.3755903244, 135.652740479, 33.4955863953, 6.5325551033, 16.9793338776, -5.42507505417, 11.593547821, 1.58390641212, -10.9948940277], [-157.732894897, 127.118545532, -36.3775062561, 18.5416755676, 0.517981886864, 33.4955863953, 130.0078125, 36.9340858459, 11.3860912323, 11.602648735, 2.0890982151, 11.279671669, -13.8540229797], [-14.9719715118, 38.2387619019, 31.0012722015, 12.3701105118, 1.37201666832, 6.5325551033, 36.9340858459, 81.2602844238, 23.916809082, 2.56620550156, -0.0597992315888, -1.94725930691, -1.16155576706], [-78.4282073975, 32.1021118164, -19.1563777924, 20.2316665649, -1.60601401329, 16.9793338776, 11.3860912323, 23.916809082, 98.4195098877, 34.2637443542, 0.636021077633, 3.71377873421, -7.97305774689], [15.3785171509, 22.8133640289, -46.4876403809, 19.9692134857, 22.5480136871, -5.42507505417, 11.602648735, 2.56620550156, 34.2637443542, 85.7900695801, 23.6964550018, 4.10280942917, -1.6560972929], [13.99376297, -2.75322127342, 32.5796012878, -10.2030668259, 3.13873100281, 11.593547821, 2.0890982151, -0.0597992315888, 0.636021077633, 23.6964550018, 70.2763519287, 23.3447360992, 8.0515794754], [-75.4825134277, 59.1620178223, 4.49432754517, 0.783971071243, 7.44372367859, 1.58390641212, 11.279671669, -1.94725930691, 3.71377873421, 4.10280942917, 23.3447360992, 68.153137207, 27.4321517944], [4.36893129349, 3.98542976379, 31.1948566437, -6.85326242447, 14.3860578537, -10.9948940277, -13.8540229797, -1.16155576706, -7.97305774689, -1.6560972929, 8.0515794754, 27.4321517944, 74.0099334717]], "icov": [[0.000151887172251, 9.87758176052e-05, 0.000220810718019, 3.59072982974e-05, 2.75110396615e-05, -0.000194326377823, 0.000236917112488, -0.000256736093434, 0.000197049288545, -4.16464936279e-05, -0.000106450235762, 9.08383226488e-05, -9.97209426714e-05], [9.87758176052e-05, 0.000794833234977, 0.000210907383007, -8.73683093232e-05, -0.00069508573506, 0.00032537872903, -0.000589401635807, -0.000139651252539, -0.00016653201601, 0.000300117128063, -6.30192298559e-05, -0.000455035566119, 8.9599234343e-05], [0.000220810718019, 0.000210907383007, 0.0024262922816, -0.000346877670381, -0.000934480514843, -0.000994219095446, 0.00120417645667, -0.00155209563673, 0.000402898265747, 0.00163054955192, -0.00169274874497, 0.000564419024158, -0.000789348036051], [3.59072982974e-05, -8.73683093232e-05, -0.000346877670381, 0.00338170537725, -0.000655464304145, -0.000399411015678, -0.000146784776007, -0.000130111409817, -0.000215050124098, -0.00098917959258, 0.00112172251102, -0.000289164512651, 0.000440335395979], [2.75110396615e-05, -0.00069508573506, -0.000934480514843, -0.000655464304145, 0.00746870879084, -0.000914767966606, 0.000774960441049, 5.09529018018e-05, 0.00142011709977, -0.00325665459968, 0.00135078304447, -0.000121728189697, -0.00109452800825], [-0.000194326377823, 0.00032537872903, -0.000994219095446, -0.000399411015678, -0.000914767966606, 0.00954505987465, -0.00362314213999, 0.00193091260735, -0.00285426853225, 0.00248533673584, -0.0020276075229, 0.000335587334121, 0.00116825324949], [0.000236917112488, -0.000589401635807, 0.00120417645667, -0.000146784776007, 0.000774960441049, -0.00362314213999, 0.0119228269905, -0.00590316159651, 0.00230911909603, -0.00206289277412, 0.00084368645912, -0.00254163658246, 0.00199980428442], [-0.000256736093434, -0.000139651252539, -0.00155209563673, -0.000130111409817, 5.09529018018e-05, 0.00193091260735, -0.00590316159651, 0.0168985407799, -0.00493519520387, 0.00165295274928, -0.000478227389976, 0.00213969079778, -0.00113376416266], [0.000197049288545, -0.00016653201601, 0.000402898265747, -0.000215050124098, 0.00142011709977, -0.00285426853225, 0.00230911909603, -0.00493519520387, 0.0145148653537, -0.00688857352361, 0.00282567832619, -0.00216802675277, 0.0013680413831], [-4.16464936279e-05, 0.000300117128063, 0.00163054955192, -0.00098917959258, -0.00325665459968, 0.00248533673584, -0.00206289277412, 0.00165295274928, -0.00688857352361, 0.0188093353063, -0.00814032647759, 0.00252535450272, -0.00052219023928], [-0.000106450235762, -6.30192298559e-05, -0.00169274874497, 0.00112172251102, 0.00135078304447, -0.0020276075229, 0.00084368645912, -0.000478227389976, 0.00282567832619, -0.00814032647759, 0.0204736702144, -0.00730389868841, 0.00101581413765], [9.08383226488e-05, -0.000455035566119, 0.000564419024158, -0.000289164512651, -0.000121728189697, 0.000335587334121, -0.00254163658246, 0.00213969079778, -0.00216802675277, 0.00252535450272, -0.00730389868841, 0.0212602969259, -0.00787690188736], [-9.97209426714e-05, 8.9599234343e-05, -0.000789348036051, 0.000440335395979, -0.00109452800825, 0.00116825324949, 0.00199980428442, -0.00113376416266, 0.0013680413831, -0.00052219023928, 0.00101581413765, -0.00787690188736, 0.0175739005208]], "mean": [-653.592651367, 132.936279297, -11.4895734787, 28.0000953674, 7.99834775925, 6.04280996323, 0.2762183249, 6.42149972916, -3.84353137016, 0.873649537563, 0.203600659966, -2.58844089508, -2.05269956589]}, "pitch_salience": {"dmean": 0.069265589118, "dmean2": 0.111841924489, "dvar": 0.00401229038835, "dvar2": 0.00954143330455, "max": 0.948766589165, "mean": 0.566466748714, "median": 0.570977807045, "min": 0.105808116496, "var": 0.0112284254283}, "silence_rate_20dB": {"dmean": 0, "dmean2": 0, "dvar": 0, "dvar2": 0, "max": 1, "mean": 1, "median": 1, "min": 1, "var": 0}, "silence_rate_30dB": {"dmean": 0, "dmean2": 0, "dvar": 0, "dvar2": 0, "max": 1, "mean": 1, "median": 1, "min": 1, "var": 0}, "silence_rate_60dB": {"dmean": 0.0365161187947, "dmean2": 0.0730386152864, "dvar": 0.0351803228259, "dvar2": 0.0795840099454, "max": 1, "mean": 0.0617575123906, "median": 0, "min": 0, "var": 0.0579434335232}, "spectral_centroid": {"dmean": 282.126983643, "dmean2": 419.251831055, "dvar": 96998.3046875, "dvar2": 206267.3125, "max": 12020.8339844, "mean": 1420.6517334, "median": 1346.47741699, "min": 175.403656006, "var": 927389.4375}, "spectral_complexity": {"dmean": 4.72246026993, "dmean2": 6.56613683701, "dvar": 30.0667858124, "dvar2": 53.4414100647, "max": 60, "mean": 19.1954059601, "median": 18, "min": 0, "var": 117.004890442}, "spectral_contrast_coeffs": {"dmean": [0.0560496859252, 0.0461539141834, 0.0444771274924, 0.0359545573592, 0.0244969725609, 0.0186587031931], "dmean2": [0.0935276448727, 0.074350245297, 0.0689556151628, 0.0553368441761, 0.0380601845682, 0.0288763027638], "dvar": [0.00227988837287, 0.00153639225755, 0.00141365104355, 0.000965871964581, 0.00041899443022, 0.000288128532702], "dvar2": [0.00612387899309, 0.00379039533436, 0.00311748427339, 0.00204454548657, 0.000935724994633, 0.000644304964226], "max": [-0.325737655163, -0.442925870419, -0.45132535696, -0.530595600605, -0.556281507015, -0.608446419239], "mean": [-0.644428610802, -0.738870203495, -0.749064445496, -0.756307661533, -0.771723985672, -0.76000636816], "median": [-0.650037527084, -0.744188964367, -0.758659958839, -0.762534141541, -0.774125277996, -0.757184743881], "min": [-0.975556731224, -0.980155646801, -0.974891126156, -0.970540702343, -0.96546125412, -0.964291870594], "var": [0.00651842914522, 0.00549360318109, 0.00683087389916, 0.00566936144605, 0.00282929441892, 0.0022448268719]}, "spectral_contrast_valleys": {"dmean": [0.458783596754, 0.425201952457, 0.449048608541, 0.404494583607, 0.365446031094, 0.388570517302], "dmean2": [0.71979278326, 0.65912514925, 0.669369578362, 0.577919483185, 0.485271781683, 0.476244777441], "dvar": [0.175692021847, 0.176009729505, 0.193744495511, 0.169746369123, 0.156104072928, 0.173881843686], "dvar2": [0.355159461498, 0.363542973995, 0.380582422018, 0.304062187672, 0.272254407406, 0.310576051474], "max": [-5.53240013123, -4.83604860306, -5.37778043747, -5.5443944931, -5.52512264252, -7.43825960159], "mean": [-7.2735209465, -6.89606618881, -7.60502576828, -7.87945985794, -7.77592611313, -10.6184482574], "median": [-6.96343421936, -6.67141485214, -7.41079807281, -7.64171886444, -7.4918718338, -10.314535141], "min": [-27.932477951, -27.9650211334, -27.8149394989, -27.8848953247, -27.6299915314, -27.4057197571], "var": [2.98720669746, 3.03341054916, 3.00289416313, 3.06107163429, 3.19692993164, 2.91908073425]}, "spectral_decrease": {"dmean": 1.86516468936e-09, "dmean2": 2.88436696749e-09, "dvar": 4.84002277482e-18, "dvar2": 1.11586482654e-17, "max": 1.78168099424e-19, "mean": -5.65679592057e-09, "median": -5.20531440173e-09, "min": -2.21711875525e-08, "var": 1.26501889131e-17}, "spectral_energy": {"dmean": 0.00759937567636, "dmean2": 0.0116065731272, "dvar": 7.97439788585e-05, "dvar2": 0.000181147363037, "max": 0.0924929529428, "mean": 0.0233685579151, "median": 0.0214138962328, "min": 9.66787131864e-21, "var": 0.000221247479203}, "spectral_energyband_high": {"dmean": 0.000566663511563, "dmean2": 0.000819618173409, "dvar": 2.54265296462e-06, "dvar2": 5.71992177356e-06, "max": 0.0266808010638, "mean": 0.000783146824688, "median": 0.000274999532849, "min": 7.10949861924e-21, "var": 3.21302491102e-06}, "spectral_energyband_low": {"dmean": 0.00339299673215, "dmean2": 0.00550357066095, "dvar": 1.89206457435e-05, "dvar2": 4.51589294244e-05, "max": 0.0560758411884, "mean": 0.00656857760623, "median": 0.00558047974482, "min": 2.12620638488e-23, "var": 3.04960540234e-05}, "spectral_energyband_middle_high": {"dmean": 0.00237106229179, "dmean2": 0.00337255257182, "dvar": 1.06956194941e-05, "dvar2": 2.2329557396e-05, "max": 0.0622392967343, "mean": 0.00696270354092, "median": 0.00457903183997, "min": 1.15368319925e-21, "var": 5.60636835871e-05}, "spectral_energyband_middle_low": {"dmean": 0.00456615583971, "dmean2": 0.00741980737075, "dvar": 3.58389625035e-05, "dvar2": 9.19271114981e-05, "max": 0.064093708992, "mean": 0.010385805741, "median": 0.00823405943811, "min": 1.60051017184e-22, "var": 7.024918159e-05}, "spectral_entropy": {"dmean": 0.190517947078, "dmean2": 0.262739777565, "dvar": 0.0393847301602, "dvar2": 0.0758436247706, "max": 9.81988525391, "mean": 7.47753143311, "median": 7.52153205872, "min": 5.15464401245, "var": 0.25341552496}, "spectral_flux": {"dmean": 0.0261166188866, "dmean2": 0.0403984971344, "dvar": 0.000768669357058, "dvar2": 0.00164200272411, "max": 0.253907442093, "mean": 0.0810354426503, "median": 0.0755416974425, "min": 6.32233293496e-11, "var": 0.00183982914314}, "spectral_kurtosis": {"dmean": 2.22893476486, "dmean2": 3.7003133297, "dvar": 7.7667183876, "dvar2": 20.609172821, "max": 64.0122528076, "mean": 5.86298799515, "median": 4.61199378967, "min": -1.26715683937, "var": 28.5740242004}, "spectral_rms": {"dmean": 0.000787565833889, "dmean2": 0.0011654678965, "dvar": 7.47767956e-07, "dvar2": 1.5622384808e-06, "max": 0.00949931703508, "mean": 0.00447176769376, "median": 0.00457073375583, "min": 3.0711674523e-12, "var": 2.80185395241e-06}, "spectral_rolloff": {"dmean": 619.672119141, "dmean2": 1012.09051514, "dvar": 1376505, "dvar2": 3160602.25, "max": 21037.9394531, "mean": 1725.62634277, "median": 1378.125, "min": 64.599609375, "var": 3852789.5}, "spectral_skewness": {"dmean": 0.273198843002, "dmean2": 0.430189222097, "dvar": 0.0823377743363, "dvar2": 0.193830743432, "max": 6.36343193054, "mean": 1.64146459103, "median": 1.52852964401, "min": -0.0874478518963, "var": 0.441391736269}, "spectral_spread": {"dmean": 576006.8125, "dmean2": 825679.125, "dvar": 782035517440, "dvar2": 1575859781630.0, "max": 42332892, "mean": 4277318, "median": 3558542.5, "min": 1359221.625, "var": 10054391562200.0}, "spectral_strongpeak": {"dmean": 0.630274057388, "dmean2": 1.07268023491, "dvar": 1.43653595448, "dva