{"lowlevel": {"average_loudness": 0.689658284187, "barkbands": {"dmean": [0.000102943260572, 0.000603065884206, 0.000785287527833, 0.000532448582817, 0.000732097192667, 0.000269297132036, 0.000417416915298, 0.000291937612928, 0.000546591356397, 0.00108040147461, 0.000900664541405, 0.000603109772783, 0.000733845459763, 0.00060457456857, 0.000263989320956, 0.000231944402913, 0.000171798325027, 0.000277290004306, 0.00023165543098, 0.000165960955201, 9.42051628954e-05, 8.97034115042e-05, 4.58828653791e-05, 2.04258922167e-05, 1.13063870231e-05, 2.02116234505e-06, 5.89758890612e-08], "dmean2": [0.00011985655874, 0.000789808575064, 0.00138506956864, 0.000932671129704, 0.00119952380192, 0.000423026940553, 0.000650761881843, 0.000459616363514, 0.000858137034811, 0.00167854956817, 0.00139331270475, 0.00100116129033, 0.00118723872583, 0.00102267111652, 0.000428216939326, 0.00036720521166, 0.000266413582722, 0.000436172966147, 0.000350694055669, 0.000247515476076, 0.000138534625876, 0.00013152572501, 6.65646948619e-05, 2.93077628157e-05, 1.72543241206e-05, 3.06246352011e-06, 9.33913000267e-08], "dvar": [4.38027285554e-08, 1.22674509839e-06, 3.25017049363e-06, 1.4438726339e-06, 3.26024678543e-06, 2.39808315428e-07, 1.12482769055e-06, 7.38825804092e-07, 2.03699892154e-06, 6.94596292306e-06, 4.40976054961e-06, 1.74650836016e-06, 1.63458707902e-06, 3.22552409671e-06, 4.29220335718e-07, 3.02178847278e-07, 2.25382507324e-07, 6.66741698296e-07, 3.02579536537e-07, 1.03725660949e-07, 3.32522382962e-08, 4.31400231093e-08, 1.28667121402e-08, 2.05978722967e-09, 1.18887055756e-09, 2.95348329127e-11, 3.16347866143e-14], "dvar2": [4.74510066795e-08, 2.13461112253e-06, 9.29320685827e-06, 4.03690501116e-06, 8.01253645477e-06, 5.59424393032e-07, 2.66134998128e-06, 1.64480616149e-06, 4.73276759294e-06, 1.68480801221e-05, 9.73904843704e-06, 4.71857129014e-06, 4.18571698901e-06, 8.76115791471e-06, 1.02593992324e-06, 7.10522101599e-07, 4.78936840409e-07, 1.49706522734e-06, 6.19472132257e-07, 2.27143317488e-07, 7.16675856438e-08, 9.82033441232e-08, 2.74420308699e-08, 4.27848156903e-09, 2.93846591504e-09, 7.05693073422e-11, 7.80643114712e-14], "max": [0.00426882179454, 0.0160182230175, 0.0243412218988, 0.0195504520088, 0.0302736256272, 0.0187843907624, 0.0254509616643, 0.0236026868224, 0.0340756624937, 0.042068682611, 0.0501815751195, 0.0294183660299, 0.0258723050356, 0.0393645912409, 0.0198377352208, 0.0140315890312, 0.0128589235246, 0.0271002221853, 0.0130980685353, 0.00880594365299, 0.00365567626432, 0.00379539164715, 0.00325792841613, 0.00157281127758, 0.000925843778532, 0.000112745277875, 4.54603468825e-06], "mean": [0.000195020445972, 0.00118827424012, 0.00121771043632, 0.000715128961019, 0.000979058793746, 0.000436131609604, 0.000638176454231, 0.000479351409012, 0.000902980798855, 0.00188307580538, 0.00152790022548, 0.000919417419937, 0.00129015208222, 0.000956452917308, 0.000451325962786, 0.000386889936635, 0.000310970208375, 0.000531422439963, 0.000488900928758, 0.000362455873983, 0.000183615469723, 0.000154856403242, 7.4457442679e-05, 3.51364651578e-05, 1.53457749548e-05, 2.54715746451e-06, 6.31067322843e-08], "median": [3.41388476954e-05, 0.00032620318234, 0.000465735793114, 0.000294130470138, 0.000451467989478, 0.000211062200833, 0.000234513543546, 9.67603264144e-05, 0.000197606277652, 0.000259928317973, 0.000245735194767, 0.000257868377957, 0.000540652545169, 0.000320942723192, 0.00013063714141, 0.000131890032208, 0.000111228233436, 0.000196469802177, 0.000226319461945, 0.000169039951288, 9.00952363736e-05, 6.81140081724e-05, 2.85433252429e-05, 1.30324178826e-05, 4.32381330029e-06, 6.32995693195e-07, 1.15574207982e-08], "min": [1.54536737067e-24, 2.34821330062e-23, 4.6683648467e-24, 1.08274606564e-23, 6.2044339336e-23, 8.60812782168e-23, 9.31679817599e-23, 5.52414427031e-23, 7.49798217134e-23, 1.57502668294e-22, 7.51878979767e-23, 7.90370027687e-23, 8.16372839498e-23, 1.18206616218e-22, 7.27641764879e-23, 3.01579176416e-22, 1.27302498e-22, 1.79318042337e-22, 2.55915691549e-22, 3.21394024447e-22, 5.0945162325e-22, 4.55188140877e-22, 6.41324175489e-22, 6.80956496881e-22, 1.16356029314e-21, 1.95493212369e-21, 2.69092879646e-21], "var": [1.47875667267e-07, 3.76719208361e-06, 3.54095686816e-06, 1.41919451835e-06, 3.52978213414e-06, 5.30440161128e-07, 2.00511999537e-06, 2.09658537642e-06, 4.60704040961e-06, 1.75531240529e-05, 1.19230826385e-05, 3.08804169435e-06, 4.01581428378e-06, 6.7425294219e-06, 1.1285887922e-06, 6.57861164655e-07, 5.11158134486e-07, 1.27333578348e-06, 7.47156320813e-07, 2.59660026813e-07, 7.43122470226e-08, 7.36248750854e-08, 2.43138682521e-08, 4.54265824956e-09, 1.32234379002e-09, 3.43463625596e-11, 3.12558545669e-14]}, "barkbands_crest": {"dmean": 2.22870969772, "dmean2": 3.62665009499, "dvar": 4.12730979919, "dvar2": 10.2294225693, "max": 26.0286846161, "mean": 7.97617197037, "median": 7.15938091278, "min": 2.35611820221, "var": 11.9771986008}, "barkbands_flatness_db": {"dmean": 0.0162999592721, "dmean2": 0.0245445296168, "dvar": 0.000232289195992, "dvar2": 0.000485133525217, "max": 0.288466513157, "mean": 0.116414472461, "median": 0.113431669772, "min": 0.0352152399719, "var": 0.0011341185309}, "barkbands_kurtosis": {"dmean": 0.978459894657, "dmean2": 1.56004011631, "dvar": 2.36648607254, "dvar2": 5.4728808403, "max": 48.5593185425, "mean": 0.425095796585, "median": -0.331156551838, "min": -1.90949356556, "var": 6.68121242523}, "barkbands_skewness": {"dmean": 0.387521386147, "dmean2": 0.608921051025, "dvar": 0.146049305797, "dvar2": 0.35560631752, "max": 5.08466672897, "mean": 0.459519505501, "median": 0.350236952305, "min": -2.66295385361, "var": 0.704090833664}, "barkbands_spread": {"dmean": 5.50874090195, "dmean2": 8.53964233398, "dvar": 34.0834121704, "dvar2": 79.7561035156, "max": 88.9768218994, "mean": 28.5002822876, "median": 27.4021205902, "min": 1.26689767838, "var": 167.57270813}, "dissonance": {"dmean": 0.0160181801766, "dmean2": 0.0271563883871, "dvar": 0.000266209070105, "dvar2": 0.000723782693967, "max": 0.5, "mean": 0.471737980843, "median": 0.478686690331, "min": 0.288153171539, "var": 0.000554362137336}, "dynamic_complexity": 4.88319015503, "erbbands": {"dmean": [0.0270865317434, 0.129007443786, 0.764467656612, 1.34397113323, 2.03483104706, 3.14247608185, 1.79930853844, 2.41236138344, 4.42542123795, 7.39964532852, 7.09050369263, 10.8277158737, 26.0492687225, 29.4235935211, 27.2746944427, 22.1374816895, 30.7192592621, 27.9832229614, 17.9652786255, 13.6949205399, 11.7803211212, 9.63653182983, 15.7547502518, 9.65001869202, 12.1696681976, 7.54223251343, 4.5825252533, 3.36760663986, 3.50775074959, 2.06942915916, 1.28837382793, 0.540998756886, 0.306080341339, 0.142059937119, 0.0749105215073, 0.0168185327202, 0.00267264642753, 0.000306801201077, 9.87110979622e-06, 5.71214059164e-06], "dmean2": [0.030132593587, 0.195878714323, 1.33777415752, 2.34797382355, 3.53301978111, 5.13790416718, 2.82355880737, 3.77701354027, 7.13210058212, 11.5082054138, 11.2530727386, 17.1914024353, 40.2116355896, 45.7036323547, 42.6830635071, 36.8625526428, 49.3697853088, 47.4492225647, 28.8062858582, 22.0406341553, 18.7029495239, 14.8357305527, 24.6100254059, 14.7901935577, 18.2258472443, 11.2742166519, 6.78955078125, 4.91888284683, 5.23533535004, 2.99322390556, 1.90568304062, 0.785271525383, 0.447422415018, 0.210728362203, 0.118339926004, 0.0262002497911, 0.00404972257093, 0.000463259086246, 1.43285260492e-05, 8.32124987937e-06], "dvar": [0.00336342467926, 0.0654831528664, 3.01686120033, 8.09414196014, 35.6978759766, 58.7083892822, 11.5369415283, 21.875377655, 226.104873657, 278.446594238, 454.38192749, 720.398803711, 3688.12817383, 4657.80566406, 3201.35327148, 2994.375, 3879.21899414, 4670.52490234, 3071.01171875, 1104.78344727, 762.700561523, 715.062683105, 2714.36962891, 459.825897217, 797.616455078, 204.591552734, 74.0167160034, 49.7274627686, 75.0556182861, 21.2642631531, 12.4277906418, 1.60172367096, 0.456490695477, 0.125844985247, 0.0906949862838, 0.00337305944413, 5.54286089027e-05, 7.54317341034e-07, 5.83460058046e-10, 5.99375826749e-11], "dvar2": [0.00453280145302, 0.147738948464, 8.4983549118, 22.8294715881, 98.9048309326, 148.860565186, 27.5805301666, 49.4721755981, 534.189697266, 617.109924316, 1059.37792969, 1766.5612793, 8520.61132813, 11483.3681641, 7177.67919922, 8270.03515625, 9969.14355469, 12398.7763672, 8030.14453125, 2599.11450195, 1819.87939453, 1595.93933105, 6116.98388672, 1011.12841797, 1629.66760254, 449.787902832, 159.367004395, 107.644248962, 178.620895386, 43.6812705994, 28.8025245667, 3.34906244278, 0.971988379955, 0.284159004688, 0.242620676756, 0.0088103171438, 0.000133159963298, 1.76820219622e-06, 1.34300481847e-09, 1.27542670869e-10], "max": [0.881116569042, 3.50105237961, 20.6671066284, 42.6146011353, 89.6376037598, 156.630996704, 66.8027801514, 207.524505615, 420.509735107, 613.601196289, 654.01574707, 605.957824707, 1353.63720703, 1366.94152832, 1248.3927002, 1325.79174805, 1423.12768555, 1401.27099609, 1243.30480957, 880.479187012, 912.128540039, 739.952636719, 1881.24780273, 809.040344238, 666.538391113, 446.188568115, 202.595108032, 164.302124023, 155.714294434, 162.239959717, 80.6866989136, 39.2719230652, 19.7227077484, 13.8877315521, 9.1179485321, 1.63490724564, 0.198503926396, 0.0234318319708, 0.000665235216729, 0.000108051819552], "mean": [0.044237844646, 0.236728206277, 1.21322059631, 2.10267186165, 2.37783265114, 4.19757604599, 2.9522562027, 3.88679337502, 6.43936109543, 12.3468255997, 12.5472583771, 18.5567817688, 46.4147949219, 57.7828483582, 50.7702560425, 38.77917099, 57.4700698853, 49.6533203125, 33.2600975037, 23.6438007355, 21.3933448792, 19.5898857117, 30.6724338531, 22.1546020508, 26.0490283966, 16.9048786163, 9.47997093201, 6.24943733215, 5.92728567123, 3.61483502388, 1.98954188824, 0.91617256403, 0.503933429718, 0.213119491935, 0.0892149731517, 0.0205262117088, 0.00328786647879, 0.00037250368041, 2.03210056497e-05, 2.1305597329e-05], "median": [0.00523489108309, 0.0834014639258, 0.472533464432, 1.1618373394, 1.12329339981, 1.74131202698, 1.68143928051, 1.78633213043, 2.33009529114, 4.1435751915, 3.08106660843, 4.80483007431, 8.44675827026, 10.0302467346, 12.3305473328, 11.4961996078, 22.5277366638, 21.2978248596, 9.46406936646, 9.74669933319, 6.71260499954, 8.11255455017, 12.3331518173, 10.0189037323, 11.574306488, 7.95202732086, 5.02225875854, 2.83066987991, 2.56936120987, 1.58598446846, 0.702925562859, 0.315662920475, 0.18871755898, 0.0700165778399, 0.0217160582542, 0.0052327029407, 0.000812039128505, 8.45251925057e-05, 1.33744943014e-05, 1.56904134201e-05], "min": [7.81996174515e-22, 4.73683685309e-21, 7.06297051758e-21, 1.48370998733e-20, 9.05738019951e-20, 3.1099685266e-19, 1.74079358581e-19, 8.62466069533e-19, 1.28364069145e-18, 1.55057135813e-18, 1.19554512903e-18, 1.85366832575e-18, 4.45713286339e-18, 2.71756334979e-18, 4.9228380298e-18, 2.61220204645e-18, 4.19887549562e-18, 5.01823346112e-18, 5.24240933329e-18, 9.86367137382e-18, 1.3171944665e-17, 8.6024202902e-18, 9.58459469721e-18, 1.28273255053e-17, 9.59316180682e-18, 1.48435658407e-17, 1.37298647532e-17, 2.58867165315e-17, 2.16239636675e-17, 1.52626568981e-17, 1.96575386301e-17, 1.24675523969e-17, 1.16912897141e-17, 9.70517695101e-18, 9.61873657699e-18, 5.89823617323e-18, 4.21335115634e-18, 1.85081351866e-18, 3.14502521645e-19, 4.06838153721e-20], "var": [0.00915159098804, 0.129025548697, 3.41497802734, 8.24010944366, 27.0286712646, 65.2045593262, 16.9362182617, 52.4961090088, 371.765655518, 755.500488281, 1128.50402832, 1541.41577148, 9275.14746094, 13688.9169922, 9279.17675781, 5862.87060547, 9822.25, 9888.42480469, 7623.70703125, 2163.25097656, 2101.92651367, 1826.66333008, 4750.26171875, 1430.26867676, 1900.79064941, 538.068481445, 176.129074097, 100.686462402, 115.002052307, 46.6382064819, 19.2947807312, 3.49560284615, 0.880592226982, 0.187618598342, 0.0750490352511, 0.00305744586512, 6.16840552539e-05, 8.59448050505e-07, 8.13848100023e-10, 3.36572492099e-10]}, "erbbands_crest": {"dmean": 2.56828546524, "dmean2": 4.25500106812, "dvar": 5.29444169998, "dvar2": 14.3364372253, "max": 29.4381542206, "mean": 8.97439670563, "median": 8.13497447968, "min": 2.43162441254, "var": 14.8642044067}, "erbbands_flatness_db": {"dmean": 0.0176975298673, "dmean2": 0.0258680675179, "dvar": 0.000262187095359, "dvar2": 0.000525824259967, "max": 0.359013289213, "mean": 0.187926203012, "median": 0.184551417828, "min": 0.0595672950149, "var": 0.00163551734295}, "erbbands_kurtosis": {"dmean": 1.11007344723, "dmean2": 1.76818835735, "dvar": 2.04451036453, "dvar2": 4.68231630325, "max": 35.2535400391, "mean": 1.07560801506, "median": 0.459425151348, "min": -1.80160784721, "var": 5.94869470596}, "erbbands_skewness": {"dmean": 0.347093045712, "dmean2": 0.536237359047, "dvar": 0.0999469831586, "dvar2": 0.228401705623, "max": 4.83660125732, "mean": -0.0378707237542, "median": -0.0562399625778, "min": -4.15869569778, "var": 0.900041639805}, "erbbands_spread": {"dmean": 6.71533632278, "dmean2": 10.5004348755, "dvar": 47.7271347046, "dvar2": 113.119110107, "max": 107.442474365, "mean": 29.9318084717, "median": 26.106098175, "min": 2.39405298233, "var": 247.92326355}, "gfcc": {"cov": [[7199.68017578, -56.3888015747, -410.135864258, -380.032928467, -115.990257263, 524.024597168, -107.665519714, 112.130485535, 50.7353248596, 86.6326370239, 8.97104549408, -127.913642883, -84.1630630493], [-56.3888015747, 858.725280762, -172.442611694, -239.442276001, 175.537155151, -51.3145027161, 241.780349731, 7.39507389069, 122.739349365, -58.8942985535, 136.943832397, -46.9135971069, 49.1280593872], [-410.135864258, -172.442611694, 527.213439941, 222.468338013, -117.024238586, -26.7810058594, -108.845466614, 5.57253265381, -42.4786453247, 66.4456481934, -76.2018280029, 79.2657775879, -13.7799444199], [-380.032928467, -239.442276001, 222.468338013, 429.165924072, 48.3080673218, -74.8262405396, -134.286270142, -51.9317054749, -3.90434551239, 34.7703666687, -49.2984161377, 39.7852210999, 24.3327941895], [-115.990257263, 175.537155151, -117.024238586, 48.3080673218, 386.895019531, 130.478179932, 51.5381736755, -5.11020326614, 59.7180519104, 27.8642063141, 29.2442378998, -11.5613737106, 33.6759986877], [524.024597168, -51.3145027161, -26.7810058594, -74.8262405396, 130.478179932, 339.008514404, 118.13671875, 42.2742080688, -26.9650306702, 32.709651947, 14.510008812, 0.181525215507, 21.8941841125], [-107.665519714, 241.780349731, -108.845466614, -134.286270142, 51.5381736755, 118.13671875, 291.534698486, 63.6148109436, -8.78947639465, -55.6006965637, 73.7186737061, -15.6516561508, 31.9818058014], [112.130485535, 7.39507389069, 5.57253265381, -51.9317054749, -5.11020326614, 42.2742080688, 63.6148109436, 126.146026611, 38.8568916321, -1.70062744617, 10.3177137375, -3.31223058701, 0.0403101369739], [50.7353248596, 122.739349365, -42.4786453247, -3.90434551239, 59.7180519104, -26.9650306702, -8.78947639465, 38.8568916321, 133.520706177, 34.3947677612, 18.3354434967, -17.4156455994, 4.56620931625], [86.6326370239, -58.8942985535, 66.4456481934, 34.7703666687, 27.8642063141, 32.709651947, -55.6006965637, -1.70062744617, 34.3947677612, 103.031074524, 0.0409231036901, 11.268330574, -13.2321052551], [8.97104549408, 136.943832397, -76.2018280029, -49.2984161377, 29.2442378998, 14.510008812, 73.7186737061, 10.3177137375, 18.3354434967, 0.0409231036901, 107.992263794, 11.6349668503, 17.6082878113], [-127.913642883, -46.9135971069, 79.2657775879, 39.7852210999, -11.5613737106, 0.181525215507, -15.6516561508, -3.31223058701, -17.4156455994, 11.268330574, 11.6349668503, 82.4440460205, 31.5775928497], [-84.1630630493, 49.1280593872, -13.7799444199, 24.3327941895, 33.6759986877, 21.8941841125, 31.9818058014, 0.0403101369739, 4.56620931625, -13.2321052551, 17.6082878113, 31.5775928497, 90.0661315918]], "icov": [[0.000247796240728, -0.000470174942166, 0.000531925586984, -0.0003396118409, 0.000627270143013, -0.000932091032155, 0.000784089788795, -0.000503369548824, 0.000226770833251, -0.00018752332835, 0.000181362978765, -9.13983967621e-05, 0.000332540395902], [-0.000470174942166, 0.00587220676243, -0.00389922130853, 0.00440261652693, -0.00422645639628, 0.00468989368528, -0.00477095972747, 0.00464967358857, -0.00483611878008, 0.00281656160951, -0.00385700329207, 0.00320363114588, -0.00300636026077], [0.000531925586984, -0.00389922130853, 0.00688022747636, -0.00480990344658, 0.00435570906848, -0.00381723511964, 0.00301010068506, -0.00434026680887, 0.00382049172185, -0.00418269215152, 0.0046257013455, -0.00521895708516, 0.00332573987544], [-0.0003396118409, 0.00440261652693, -0.00480990344658, 0.00744095863774, -0.00460093840957, 0.00442380923778, -0.00243038870394, 0.00424839183688, -0.00336939096451, 0.00228894129395, -0.00274952198379, 0.00294095510617, -0.00394546659663], [0.000627270143013, -0.00422645639628, 0.00435570906848, -0.00460093840957, 0.00770517345518, -0.00608281465247, 0.00341893476434, -0.00238965405151, 0.000998155097477, -0.00234635011293, 0.0026514113415, -0.00240513123572, 0.00211526430212], [-0.000932091032155, 0.00468989368528, -0.00381723511964, 0.00442380923778, -0.00608281465247, 0.010618605651, -0.00669736182317, 0.0023538202513, -0.000195402564714, -0.00160019495524, -0.00157740409486, 0.00262752594426, -0.00397615833208], [0.000784089788795, -0.00477095972747, 0.00301010068506, -0.00243038870394, 0.00341893476434, -0.00669736182317, 0.0118819139898, -0.00639717839658, 0.00444990163669, 0.00165545986965, -0.00141725852154, -0.000173327687662, 0.00094110192731], [-0.000503369548824, 0.00464967358857, -0.00434026680887, 0.00424839183688, -0.00238965405151, 0.0023538202513, -0.00639717839658, 0.0154873738065, -0.00922143738717, 0.00392069108784, -0.00213787844405, 0.00134947826155, -0.00124412251171], [0.000226770833251, -0.00483611878008, 0.00382049172185, -0.00336939096451, 0.000998155097477, -0.000195402564714, 0.00444990163669, -0.00922143738717, 0.0174237564206, -0.00818500295281, 0.00187600823119, 0.00081516552018, -0.00029546872247], [-0.00018752332835, 0.00281656160951, -0.00418269215152, 0.00228894129395, -0.00234635011293, -0.00160019495524, 0.00165545986965, 0.00392069108784, -0.00818500295281, 0.0184416733682, -0.00503848679364, 0.000162601383636, 0.00175916100852], [0.000181362978765, -0.00385700329207, 0.0046257013455, -0.00274952198379, 0.0026514113415, -0.00157740409486, -0.00141725852154, -0.00213787844405, 0.00187600823119, -0.00503848679364, 0.0169369596988, -0.00706615485251, 0.00195102836005], [-9.13983967621e-05, 0.00320363114588, -0.00521895708516, 0.00294095510617, -0.00240513123572, 0.00262752594426, -0.000173327687662, 0.00134947826155, 0.00081516552018, 0.000162601383636, -0.00706615485251, 0.021833114326, -0.00939517933875], [0.000332540395902, -0.00300636026077, 0.00332573987544, -0.00394546659663, 0.00211526430212, -0.00397615833208, 0.00094110192731, -0.00124412251171, -0.00029546872247, 0.00175916100852, 0.00195102836005, -0.00939517933875, 0.0176563542336]], "mean": [-36.8181648254, 94.0340881348, -155.516387939, 46.894744873, -62.3114089966, 14.9532852173, -26.3745346069, 2.56012225151, -28.5573368073, -6.16394329071, -11.7758102417, -5.9665646553, -10.9450788498]}, "hfc": {"dmean": 5.32923936844, "dmean2": 7.53927183151, "dvar": 62.4784660339, "dvar2": 126.778846741, "max": 139.517074585, "mean": 19.2209262848, "median": 12.5347137451, "min": 1.26237634703e-16, "var": 357.07711792}, "melbands": {"dmean": [0.000187644560356, 0.000307955924654, 0.000248697760981, 0.000181053212145, 7.55159562686e-05, 5.47492309124e-05, 7.04166886862e-05, 7.5747811934e-05, 6.80820303387e-05, 7.08239895175e-05, 0.000141386233736, 0.00013066882093, 0.000122787314467, 5.35331528226e-05, 7.88125544204e-05, 6.32887022221e-05, 5.55265105504e-05, 3.75874951715e-05, 1.84103555512e-05, 1.75094664883e-05, 1.31208635139e-05, 1.02199273897e-05, 1.25897677208e-05, 1.55230791279e-05, 7.94917286839e-06, 9.85722363112e-06, 8.44967325975e-06, 4.88311206936e-06, 3.46141837326e-06, 2.26738325182e-06, 2.05245237339e-06, 2.14925830733e-06, 1.65604626545e-06, 1.03180764199e-06, 8.28799159081e-07, 4.93849768191e-07, 3.01853702922e-07, 2.38369537442e-07, 1.61099293905e-07, 1.10790615793e-07], "dmean2": [0.000211281352676, 0.000525318784639, 0.00043638178613, 0.000298582424875, 0.000117763280286, 8.58259008965e-05, 0.000112025700219, 0.000117673567729, 0.000108455300506, 0.000112250098027, 0.000218427521759, 0.000203074727324, 0.000190423728782, 8.8376167696e-05, 0.000129792781081, 0.000103959719127, 9.41673133639e-05, 6.07617221249e-05, 3.02083008137e-05, 2.80106432911e-05, 2.07916091313e-05, 1.5841482309e-05, 1.97408007807e-05, 2.45062801696e-05, 1.23358568089e-05, 1.47540204125e-05, 1.30395474116e-05, 7.46314162825e-06, 5.27299243913e-06, 3.3573867313e-06, 3.09232609652e-06, 3.26714075527e-06, 2.47487628258e-06, 1.51928190917e-06, 1.2553302895e-06, 7.35265928142e-07, 4.43298432629e-07, 3.55490101356e-07, 2.37568897887e-07, 1.68585970073e-07], "dvar": [1.29445425046e-07, 4.57671802678e-07, 2.98925669995e-07, 2.04807761861e-07, 2.17542606151e-08, 1.14614859825e-08, 4.67357175182e-08, 3.02865892365e-08, 3.72667123827e-08, 3.44117481177e-08, 1.06568684544e-07, 9.73951728156e-08, 7.69232784137e-08, 1.25773960136e-08, 2.83728365247e-08, 1.30854749258e-08, 2.32248371645e-08, 1.58444848353e-08, 2.14567408285e-09, 1.81174952818e-09, 1.10403541864e-09, 1.19162779644e-09, 8.41867353607e-10, 2.5160042938e-09, 3.18808646149e-10, 7.12874814734e-10, 3.21743715004e-10, 8.6623735962e-11, 4.32457090971e-11, 2.35014386424e-11, 2.10112812565e-11, 2.74566983732e-11, 1.50049486725e-11, 5.32916159118e-12, 5.22294924324e-12, 1.5264480218e-12, 5.45806509798e-13, 2.76186029342e-13, 1.27999038235e-13, 8.84186387301e-14], "dvar2": [1.75629182309e-07, 1.25925373595e-06, 8.38862604269e-07, 5.1777368526e-07, 4.83342397217e-08, 2.65371209451e-08, 1.09317319641e-07, 6.59066614617e-08, 8.78989254716e-08, 8.29816144687e-08, 2.47556471322e-07, 2.40636779836e-07, 1.6929386959e-07, 3.23837028304e-08, 7.8656654523e-08, 3.43237687161e-08, 6.1824415809e-08, 4.28044657497e-08, 5.27291321717e-09, 4.36042357777e-09, 2.52027998471e-09, 2.61957810999e-09, 1.90532367661e-09, 5.67906210946e-09, 7.08514691361e-10, 1.42951561699e-09, 6.85008938461e-10, 1.95558388927e-10, 9.68825020209e-11, 5.1918799121e-11, 4.88948118105e-11, 6.61909346777e-11, 3.46189431288e-11, 1.05683352694e-11, 1.24061524942e-11, 3.39724537564e-12, 1.20155675774e-12, 6.03016985304e-13, 2.79455928884e-13, 2.06634920763e-13], "max": [0.00579026946798, 0.0081376824528, 0.00739402789623, 0.0073779951781, 0.00270759500563, 0.00430951919407, 0.00612005731091, 0.00652259821072, 0.00612066080794, 0.0044112293981, 0.00653923256323, 0.00628088554367, 0.00657036853954, 0.00213131657802, 0.0042147776112, 0.00238949852064, 0.00332758156583, 0.00302959047258, 0.00113194272853, 0.00103139085695, 0.000994692440145, 0.0010616510408, 0.000787789234892, 0.0016344996402, 0.000680551340338, 0.00062142405659, 0.000424599449616, 0.000300752464682, 0.000146393635077, 9.22656254261e-05, 0.000139367388329, 9.54295974225e-05, 6.82856116327e-05, 0.000102716738184, 4.97654546052e-05, 2.8030910471e-05, 2.82695709757e-05, 1.53701548697e-05, 9.71139706962e-06, 1.28355641209e-05], "mean": [0.00035197174293, 0.000528728473, 0.000375225237804, 0.0002361178922, 0.000126015380374, 8.81771193235e-05, 0.000105465762317, 0.000128045881866, 0.00011496359366, 0.000114740207209, 0.000248768919846, 0.000251266668784, 0.000216047847061, 8.28237534733e-05, 0.000135537673486, 0.000114182854304, 9.16031276574e-05, 6.33291274426e-05, 3.04371969833e-05, 2.80285748886e-05, 2.31611793424e-05, 1.83624561032e-05, 2.41044272116e-05, 2.82264081761e-05, 1.61514017236e-05, 1.97363606276e-05, 1.68832084455e-05, 9.88147348835e-06, 6.63006949253e-06, 3.8437974581e-06, 3.53337281922e-06, 3.43119313584e-06, 2.74688682111e-06, 1.72610168647e-06, 1.22782432754e-06, 7.45368652133e-07, 4.8583433454e-07, 3.83105032142e-07, 2.40852301658e-07, 1.57617421337e-07], "median": [7.75349981268e-05, 0.000233718630625, 0.00021949634538, 0.000109569809865, 7.06978462404e-05, 4.11637302022e-05, 3.95241622755e-05, 4.03418125643e-05, 2.58685377048e-05, 2.73936766462e-05, 4.17370611103e-05, 4.1066261474e-05, 4.1029197746e-05, 2.39701057581e-05, 2.93432603939e-05, 5.48879543203e-05, 3.171800563e-05, 1.26600016301e-05, 9.35356274567e-06, 1.15870434456e-05, 5.82527991355e-06, 6.52823155178e-06, 9.8725722637e-06, 8.82764834387e-06, 7.17839157005e-06, 8.64767025632e-06, 7.26225925973e-06, 4.34378489444e-06, 3.36392440659e-06, 1.62191577147e-06, 1.50368646246e-06, 1.4245526927e-06, 1.17962622426e-06, 7.27190126781e-07, 4.17840453792e-07, 2.4000254939e-07, 1.62378583468e-07, 1.41170545476e-07, 8.08529492247e-08, 4.69348933052e-08], "min": [6.70365240901e-24, 4.63312840221e-24, 4.97497733119e-24, 1.40870820373e-23, 7.94900187653e-24, 1.96779175551e-23, 2.03090236342e-23, 1.55302667758e-23, 9.48977975306e-24, 1.18852481885e-23, 2.33878893716e-23, 1.23616570664e-23, 1.21712946747e-23, 1.23674299505e-23, 5.57160624444e-24, 9.28373086234e-24, 9.45203749191e-24, 9.07143340439e-24, 7.88185482514e-24, 1.6592669933e-23, 1.55970375405e-23, 7.24977923597e-24, 9.94473319204e-24, 8.73741313104e-24, 1.07376228099e-23, 8.27993770374e-24, 5.69370574092e-24, 1.1767467311e-23, 8.52116190223e-24, 9.2245268514e-24, 1.67880344917e-23, 1.2171157413e-23, 8.17884281215e-24, 8.91106271552e-24, 1.20514887914e-23, 9.64077325235e-24, 6.5578279208e-24, 9.27605524573e-24, 6.78241938153e-24, 8.66359626069e-24], "var": [4.21946452889e-07, 5.69192138755e-07, 2.78591613778e-07, 2.09503170367e-07, 3.32752598808e-08, 2.59231445199e-08, 7.89362815112e-08, 9.00748418076e-08, 9.08387818299e-08, 6.92205048836e-08, 2.68291501015e-07, 2.77442410379e-07, 2.13575930275e-07, 2.44837590202e-08, 6.47121893849e-08, 2.98260189879e-08, 4.64719249749e-08, 3.44287265364e-08, 4.22558299462e-09, 3.08267544824e-09, 3.37772476655e-09, 2.48923304191e-09, 1.82994597253e-09, 4.54961757157e-09, 8.6274004607e-10, 1.59123692001e-09, 7.15360659598e-10, 2.13773443392e-10, 9.62072921329e-11, 4.2847975168e-11, 3.6825695271e-11, 3.98902369469e-11, 2.50513793737e-11, 1.23579445288e-11, 7.86859639945e-12, 2.61324707533e-12, 1.09108598892e-12, 5.17925817251e-13, 2.16887177163e-13, 1.17884543273e-13]}, "melbands_crest": {"dmean": 3.13894438744, "dmean2": 5.14225816727, "dvar": 7.60316705704, "dvar2": 19.5293388367, "max": 32.1916656494, "mean": 11.7136621475, "median": 10.6811218262, "min": 2.18498635292, "var": 22.6381492615}, "melbands_flatness_db": {"dmean": 0.0204474404454, "dmean2": 0.0309092104435, "dvar": 0.000397681462346, "dvar2": 0.000847940624226, "max": 0.323496729136, "mean": 0.152228817344, "median": 0.149175167084, "min": 0.00517610553652, "var": 0.00200593518093}, "melbands_kurtosis": {"dmean": 2.39467287064, "dmean2": 3.8792142868, "dvar": 19.325428009, "dvar2": 49.3641090393, "max": 122.801612854, "mean": 3.6260945797, "median": 1.33722734451, "min": -1.88802790642, "var": 53.0531463623}, "melbands_skewness": {"dmean": 0.50857925415, "dmean2": 0.803121805191, "dvar": 0.269945681095, "dvar2": 0.663806974888, "max": 10.0261163712, "mean": 1.36167359352, "median": 1.16465616226, "min": -1.62895739079, "var": 1.47126531601}, "melbands_spread": {"dmean": 9.63049983978, "dmean2": 15.1527757645, "dvar": 155.540786743, "dvar2": 369.977325439, "max": 194.071105957, "mean": 40.9146270752, "median": 37.0212554932, "min": 2.57925510406, "var": 547.736572266}, "mfcc": {"cov": [[6619.25244141, 184.733154297, -435.273223877, -681.550415039, -27.0530166626, 188.419799805, 43.4061393738, 73.3274612427, -41.3405189514, 200.004882813, 201.101104736, 23.7492961884, -153.706726074], [184.733154297, 978.652893066, -306.969116211, -162.491455078, -89.5863113403, -24.2194576263, 106.479232788, 101.376083374, 6.17169380188, 80.4986724854, 101.393417358, 4.72561597824, 7.09220552444], [-435.273223877, -306.969116211, 594.65625, 156.213806152, -50.5175933838, -44.0634994507, -80.0536804199, -58.1825485229, 15.8299617767, -91.9312057495, -44.6353378296, 8.51215267181, 36.9136047363], [-681.550415039, -162.491455078, 156.213806152, 438.205352783, 108.465827942, -33.4506645203, -125.140617371, -79.0802230835, 0.87529104948, -59.9598388672, -72.0728759766, 5.71999120712, 33.7093887329], [-27.0530166626, -89.5863113403, -50.5175933838, 108.465827942, 312.852783203, 115.084991455, -43.5653839111, -46.9674835205, 40.8234519958, 11.9953269958, -0.762468755245, 36.995765686, -0.290916234255], [188.419799805, -24.2194576263, -44.0634994507, -33.4506645203, 115.084991455, 227.653701782, 104.620727539, 0.542572557926, 30.8138809204, 3.0278403759, 17.1478633881, 15.3915395737, -23.3985843658], [43.4061393738, 106.479232788, -80.0536804199, -125.140617371, -43.5653839111, 104.620727539, 261.850036621, 109.778755188, 17.586025238, 23.0754146576, 23.8535079956, -11.0650424957, -9.03721809387], [73.3274612427, 101.376083374, -58.1825485229, -79.0802230835, -46.9674835205, 0.542572557926, 109.778755188, 148.767166138, 30.8672962189, 35.219165802, 17.4344329834, -15.1006393433, 11.4473152161], [-41.3405189514, 6.17169380188, 15.8299617767, 0.87529104948, 40.8234519958, 30.8138809204, 17.586025238, 30.8672962189, 110.048629761, 26.349155426, -0.808692157269, 8.51813220978, -0.635848581791], [200.004882813, 80.4986724854, -91.9312057495, -59.9598388672, 11.9953269958, 3.0278403759, 23.0754146576, 35.219165802, 26.349155426, 108.014640808, 52.2165679932, 2.85789394379, -9.05445957184], [201.101104736, 101.393417358, -44.6353378296, -72.0728759766, -0.762468755245, 17.1478633881, 23.8535079956, 17.4344329834, -0.808692157269, 52.2165679932, 111.686767578, 29.7276229858, -13.0272827148], [23.7492961884, 4.72561597824, 8.51215267181, 5.71999120712, 36.995765686, 15.3915395737, -11.0650424957, -15.1006393433, 8.51813220978, 2.85789394379, 29.7276229858, 76.8533782959, 17.7851581573], [-153.706726074, 7.09220552444, 36.9136047363, 33.7093887329, -0.290916234255, -23.3985843658, -9.03721809387, 11.4473152161, -0.635848581791, -9.05445957184, -13.0272827148, 17.7851581573, 79.6506576538]], "icov": [[0.000204561452847, 2.17472152144e-05, 4.03327503591e-05, 0.000285950343823, 4.3347630708e-05, -0.00026884660474, 0.000304799090372, -0.000169697363162, 0.000187339945114, -0.000220060581341, -2.64762493316e-05, -0.000101926001662, 0.000228168108151], [2.17472152144e-05, 0.00145846279338, 0.000761906791013, -7.01048065821e-06, 0.000422113458626, 0.000239846369368, -0.000206718978006, -0.000189659869648, -0.000394234550186, 0.000208303346881, -0.00122972053941, 0.000146268270328, -0.000575482437853], [4.03327503591e-05, 0.000761906791013, 0.00273418589495, -0.000609349983279, 0.00108831678517, -2.27297859965e-05, 0.000231203288422, 0.000471214792924, -0.00145311036613, 0.00187178282067, -0.00121177721303, 9.56417716225e-05, -0.0010618257802], [0.000285950343823, -7.01048065821e-06, -0.000609349983279, 0.00393117917702, -0.00141305988654, 0.000279978645267, 0.00100405386183, 0.000299103907309, 0.000309291703161, 0.000238106091274, 0.00128731539007, 7.94807783677e-05, -0.000458539318061], [4.3347630708e-05, 0.000422113458626, 0.00108831678517, -0.00141305988654, 0.00606577051803, -0.00369673036039, 0.00195347541012, 0.00024591453257, -0.00138576538302, -0.00100406294223, 4.76271561638e-05, -0.00161793222651, -0.000493940140586], [-0.00026884660474, 0.000239846369368, -2.27297859965e-05, 0.000279978645267, -0.00369673036039, 0.00944643188268, -0.00543363578618, 0.00288875750266, -0.00178131042048, 0.00187514792196, -0.00109519076068, 2.0458292056e-05, 0.0010969825089], [0.000304799090372, -0.000206718978006, 0.000231203288422, 0.00100405386183, 0.00195347541012, -0.00543363578618, 0.00928287673742, -0.00589092634618, 0.00112045113929, -0.000193672938622, 0.000380836165277, -0.000231785059441, 0.000486288394313], [-0.000169697363162, -0.000189659869648, 0.000471214792924, 0.000299103907309, 0.00024591453257, 0.00288875750266, -0.00589092634618, 0.0134000554681, -0.00380902295001, -0.00112001539674, -0.00103055837099, 0.00271102390252, -0.00333189591765], [0.000187339945114, -0.000394234550186, -0.00145311036613, 0.000309291703161, -0.00138576538302, -0.00178131042048, 0.00112045113929, -0.00380902295001, 0.0125300651416, -0.00429808767512, 0.00317845796235, -0.00231878785416, 0.00173441774677], [-0.000220060581341, 0.000208303346881, 0.00187178282067, 0.000238106091274, -0.00100406294223, 0.00187514792196, -0.000193672938622, -0.00112001539674, -0.00429808767512, 0.0161614120007, -0.00731738330796, 0.00255547044799, -0.000689803680871], [-2.64762493316e-05, -0.00122972053941, -0.00121177721303, 0.00128731539007, 4.76271561638e-05, -0.00109519076068, 0.000380836165277, -0.00103055837099, 0.00317845796235, -0.00731738330796, 0.016429618001, -0.00705120991915, 0.00340011366643], [-0.000101926001662, 0.000146268270328, 9.56417716225e-05, 7.94807783677e-05, -0.00161793222651, 2.0458292056e-05, -0.000231785059441, 0.00271102390252, -0.00231878785416, 0.00255547044799, -0.00705120991915, 0.0185042005032, -0.00571657111868], [0.000228168108151, -0.000575482437853, -0.0010618257802, -0.000458539318061, -0.000493940140586, 0.0010969825089, 0.000486288394313, -0.00333189591765, 0.00173441774677, -0.000689803680871, 0.00340011366643, -0.00571657111868, 0.0163550041616]], "mean": [-660.294250488, 107.991264343, -25.6536769867, 28.6684913635, -10.4005146027, 10.285607338, 7.41088867188, 7.89539003372, -6.44603443146, 0.147132948041, -1.70297503471, -4.8775510788, -2.45642113686]}, "pitch_salience": {"dmean": 0.0592148713768, "dmean2": 0.0959998443723, "dvar": 0.00253178784624, "dvar2": 0.00650146510452, "max": 0.894336342812, "mean": 0.571790337563, "median": 0.574504613876, "min": 0.10585616529, "var": 0.00928253401071}, "silence_rate_20dB": {"dmean": 0, "dmean2": 0, "dvar": 0, "dvar2": 0, "max": 1, "mean": 1, "median": 1, "min": 1, "var": 0}, "silence_rate_30dB": {"dmean": 0, "dmean2": 0, "dvar": 0, "dvar2": 0, "max": 1, "mean": 1, "median": 1, "min": 1, "var": 0}, "silence_rate_60dB": {"dmean": 0.0261988844723, "dmean2": 0.0524037368596, "dvar": 0.025512734428, "dvar2": 0.0548985041678, "max": 1, "mean": 0.189635530114, "median": 0, "min": 0, "var": 0.153696835041}, "spectral_centroid": {"dmean": 255.716567993, "dmean2": 395.074615479, "dvar": 78707.9296875, "dvar2": 164558.1875, "max": 11430.0292969, "mean": 1995.75036621, "median": 1951.32641602, "min": 450.053466797, "var": 397568.25}, "spectral_complexity": {"dmean": 3.24023246765, "dmean2": 4.79699230194, "dvar": 14.5298070908, "dvar2": 25.0663566589, "max": 58, "mean": 18.7568340302, "median": 19, "min": 0, "var": 125.081375122}, "spectral_contrast_coeffs": {"dmean": [0.0478872768581, 0.0441998280585, 0.0386306792498, 0.0315342135727, 0.021934626624, 0.0189301595092], "dmean2": [0.0778947994113, 0.0715834572911, 0.06305193156, 0.0521310903132, 0.0352259688079, 0.0289915706962], "dvar": [0.00160258379765, 0.00123916985467, 0.00095438293647, 0.000632611161564, 0.000328548718244, 0.000301880209008], "dvar2": [0.00410644942895, 0.00328393396921, 0.00248900661245, 0.00163972785231, 0.000790202582721, 0.00066569109913], "max": [-0.344823032618, -0.444231897593, -0.467980444431, -0.551486253738, -0.56096714735, -0.56373333931], "mean": [-0.647740483284, -0.75213766098, -0.735587000847, -0.756743371487, -0.768369972706, -0.715499937534], "median": [-0.64796847105, -0.758684873581, -0.74791932106, -0.759124040604, -0.772182762623, -0.714596629143], "min": [-0.975944161415, -0.972675263882, -0.976221501827, -0.963185310364, -0.955504536629, -0.960854232311], "var": [0.00554206920788, 0.0043954490684, 0.00545341800898, 0.00304048415273, 0.00169358332641, 0.00128657126334]}, "spectral_contrast_valleys": {"dmean": [0.384533256292, 0.357177078724, 0.293033272028, 0.254383027554, 0.225610971451, 0.348015576601], "dmean2": [0.628566145897, 0.579198181629, 0.472232729197, 0.400381654501, 0.314013391733, 0.419154196978], "dvar": [0.107170857489, 0.0994599610567, 0.0654012486339, 0.0577641613781, 0.0604733675718, 0.171720817685], "dvar2": [0.259390980005, 0.226648792624, 0.135839641094, 0.11047654599, 0.0819014832377, 0.237979710102], "max": [-6.13649511337, -4.78217744827, -5.13566350937, -5.50745344162, -5.55271863937, -7.89343118668], "mean": [-7.98190736771, -7.289103508, -7.58239078522, -7.77609109879, -7.47012758255, -10.7349843979], "median": [-7.79476594925, -7.1374335289, -7.38709974289, -7.50716495514, -7.36071014404, -10.5982131958], "min": [-27.1939315796, -27.442029953, -27.5806465149, -27.2483196259, -27.3986244202, -27.2634239197], "var": [0.98846590519, 0.969269990921, 1.11334598064, 1.06776273251, 0.734286546707, 1.11826705933]}, "spectral_decrease": {"dmean": 1.04521125088e-09, "dmean2": 1.58448354437e-09, "dvar": 1.9598102808e-18, "dvar2": 4.46717649038e-18, "max": 8.39971896124e-29, "mean": -3.8639464961e-09, "median": -2.89863866243e-09, "min": -1.86442754568e-08, "var": 1.11250316453e-17}, "spectral_energy": {"dmean": 0.00435202382505, "dmean2": 0.00652674864978, "dvar": 3.39099060511e-05, "dvar2": 7.56570734666e-05, "max": 0.081773839891, "mean": 0.0163268260658, "median": 0.0121688898653, "min": 1.11331062593e-20, "var": 0.00019948866975}, "spectral_energyband_high": {"dmean": 0.000283663452137, "dmean2": 0.000387643580325, "dvar": 2.9770487231e-07, "dvar2": 5.82185862186e-07, "max": 0.00993460975587, "mean": 0.000623451371212, "median": 0.000325152359437, "min": 8.13419606802e-21, "var": 7.65381230394e-07}, "spectral_energyband_low": {"dmean": 0.00135340623092, "dmean2": 0.0021605619695, "dvar": 6.15052022113e-06, "dvar2": 1.70335752046e-05, "max": 0.0337546467781, "mean": 0.00297401752323, "median": 0.00183753482997, "min": 3.0206096217e-23, "var": 1.19292244563e-05}, "spectral_energyband_middle_high": {"dmean": 0.0027679761406, "dmean2": 0.00422185007483, "dvar": 1.85722037713e-05, "dvar2": 4.28117491538e-05, "max": 0.070551328361, "mean": 0.00888692028821, "median": 0.00464631896466, "min": 1.50040122385e-21, "var": 0.000113604088256}, "spectral_energyband_middle_low": {"dmean": 0.00195865263231, "dmean2": 0.00303082750179, "dvar": 1.18057860163e-05, "dvar2": 2.73684236163e-05, "max": 0.0454158261418, "mean": 0.00448097055778, "median": 0.00278728548437, "min": 4.29187790312e-22, "var": 2.74521044048e-05}, "spectral_entropy": {"dmean": 0.124645538628, "dmean2": 0.177924871445, "dvar": 0.0175112690777, "dvar2": 0.0313996709883, "max": 9.80699253082, "mean": 7.64067411423, "median": 7.63344669342, "min": 6.06728363037, "var": 0.0794133245945}, "spectral_flux": {"dmean": 0.0142293144017, "dmean2": 0.0215283241123, "dvar": 0.000261096720351, "dvar2": 0.000533137412276, "max": 0.214366331697, "mean": 0.0641307607293, "median": 0.0594034269452, "min": 1.05513535409e-10, "var": 0.00142690434586}, "spectral_kurtosis": {"dmean": 1.51969099045, "dmean2": 2.6301343441, "dvar": 2.32347297668, "dvar2": 6.80823945999, "max": 17.2509002686, "mean": 3.51227688789, "median": 3.07491588593, "min": -1.20197975636, "var": 4.29299020767}, "spectral_rms": {"dmean": 0.000490285456181, "dmean2": 0.000715915230103, "dvar": 2.89621681304e-07, "dvar2": 6.11059249422e-07, "max": 0.00893192924559, "mean": 0.00355900428258, "median": 0.00344558944926, "min": 3.29568924234e-12, "var": 3.26203689838e-06}, "spectral_rolloff": {"dmean": 501.464111328, "dmean2": 832.436523438, "dvar": 568211.625, "dvar2": 1295699.5, "max": 19121.484375, "mean": 2258.91040039, "median": 1959.52148438, "min": 107.666015625, "var": 1676014.375}, "spectral_skewness": {"dmean": 0.198800504208, "dmean2": 0.329758375883, "dvar": 0.0308410972357, "dvar2": 0.0821474269032, "max": 2.74199819565, "mean": 1.10258412361, "median": 1.10676717758, "min": -0.0689062401652, "var": 0.135736733675}, "spectral_spread": {"dmean": 380729.34375, "dmean2": 551063.625, "dvar": 323414523904, "dvar2": 537927778304, "max": 40318128, "mean": 3555397.5, "median": 3437397, "min": 1