{"lowlevel": {"average_loudness": 0.87388843298, "barkbands": {"dmean": [0.000901523511857, 0.00531193288043, 0.00747764762491, 0.00205483520404, 0.00271771615371, 0.00247611082159, 0.00155016896315, 0.00107058184221, 0.000997354858555, 0.000793466577306, 0.000781485170592, 0.000492528255563, 0.000394202390453, 0.00013744480384, 8.47335104481e-05, 4.10363827541e-05, 1.88500271179e-05, 1.40884612847e-05, 1.33298153742e-05, 1.45870117194e-05, 8.57650229591e-06, 4.31562557424e-06, 2.52126937994e-06, 2.1131579615e-06, 2.07392872653e-06, 2.64492041424e-06, 0.000329504924593], "dmean2": [0.00153116241563, 0.00840801000595, 0.0121050802991, 0.00341355451383, 0.00438305130228, 0.00384424813092, 0.00249484926462, 0.0017359808553, 0.00158364151139, 0.00125894485973, 0.00127123622224, 0.000780782080255, 0.000630909053143, 0.000219948109589, 0.000134507252369, 6.44200990791e-05, 2.96971957141e-05, 2.17512679228e-05, 2.02192131837e-05, 2.15519285121e-05, 1.27840930872e-05, 6.60799560137e-06, 4.06105345974e-06, 3.51277572008e-06, 3.43955252902e-06, 4.23855453846e-06, 0.000471292878501], "dvar": [2.23484448725e-06, 9.39217206906e-05, 0.00050400121836, 1.76410776476e-05, 2.45152441494e-05, 2.91368633043e-05, 1.23802219605e-05, 6.19120510237e-06, 6.69293103783e-06, 3.86327110391e-06, 2.05956007449e-06, 1.32059483349e-06, 5.77696425808e-07, 8.22039396553e-08, 2.16578133205e-08, 1.50707943902e-08, 2.10388950705e-09, 1.59621549312e-09, 2.39634356802e-09, 2.12459339011e-09, 6.37455088714e-10, 7.7437049828e-11, 2.0313672619e-11, 1.51327318731e-11, 1.41529652581e-11, 2.01665229654e-11, 2.55625991485e-07], "dvar2": [5.85941234021e-06, 0.00021754016052, 0.00122003036086, 4.65227240056e-05, 5.59979635e-05, 6.32805968053e-05, 2.8156740882e-05, 1.50464829858e-05, 1.60905547091e-05, 9.59384215093e-06, 5.00568376083e-06, 3.15075749313e-06, 1.4781230675e-06, 2.0192970851e-07, 5.70077425266e-08, 3.45953132808e-08, 5.0426347542e-09, 3.47545747736e-09, 5.17391685051e-09, 4.39777947392e-09, 1.33021771376e-09, 1.70415320744e-10, 4.93191217033e-11, 3.81045923981e-11, 3.56168497473e-11, 4.76534089966e-11, 5.07125037075e-07], "max": [0.0237156990916, 0.17618137598, 0.228621184826, 0.0825813859701, 0.0893438905478, 0.157832607627, 0.0795321539044, 0.0485669188201, 0.0569444708526, 0.0484589412808, 0.0281696841121, 0.0307788792998, 0.0203798748553, 0.00726488465443, 0.00363055709749, 0.00559132127091, 0.00139425578527, 0.00139130163006, 0.00235373899341, 0.00125464773737, 0.000948687957134, 0.000303693115711, 6.7904475145e-05, 4.74304542877e-05, 4.59336079075e-05, 6.90063970978e-05, 0.0104274600744], "mean": [0.00105916021857, 0.00656259153038, 0.00695123756304, 0.00242940336466, 0.00396008742973, 0.00380120007321, 0.0023290112149, 0.00148312805686, 0.001369435573, 0.00113383401185, 0.0012982764747, 0.000806562311482, 0.000632580718957, 0.00022414427076, 0.000147772865603, 7.29355451767e-05, 3.03607830574e-05, 2.46784893534e-05, 2.36289033637e-05, 2.52579666267e-05, 1.50945106725e-05, 6.90384467816e-06, 3.19869809573e-06, 2.14432679968e-06, 2.08098595067e-06, 3.42909356732e-06, 0.000788311066572], "median": [0.000580999010708, 0.00272633368149, 0.00154583156109, 0.000965875340626, 0.00202594487928, 0.00154902995564, 0.00114063138608, 0.000621578539722, 0.000516377273016, 0.000456578622106, 0.000617827638052, 0.000392170913983, 0.000312049116474, 0.000105143917608, 7.93343351688e-05, 2.90380867227e-05, 9.37405275181e-06, 6.19111870037e-06, 7.39033521313e-06, 6.5511712819e-06, 3.75415129383e-06, 2.13471662391e-06, 1.14201679935e-06, 7.66526682128e-07, 7.3296030223e-07, 1.36387404837e-06, 0.000462161871837], "min": [2.37454947125e-25, 9.2542574412e-25, 4.29577509293e-25, 2.25813504879e-24, 1.01803414897e-23, 1.43070290794e-23, 6.91446286415e-24, 7.43085357929e-24, 1.2337442192e-23, 1.24691559308e-23, 1.54967054774e-23, 2.70453230518e-23, 2.71741156386e-23, 2.82644350056e-23, 5.26928256003e-23, 4.19148399334e-23, 7.72585253242e-23, 1.04556451104e-22, 1.38313494246e-22, 1.93214679152e-22, 2.1695954386e-22, 3.1315713015e-22, 3.58056442302e-22, 5.83117549794e-22, 8.37773815442e-22, 1.37809622911e-21, 1.97872790464e-21], "var": [2.22756034418e-06, 0.000128785191919, 0.000447083089966, 1.93949363165e-05, 4.64159347757e-05, 5.61128654226e-05, 1.96647961275e-05, 9.6851890703e-06, 9.41098187468e-06, 6.016990028e-06, 4.18579520556e-06, 2.53938878814e-06, 9.87894736681e-07, 1.71374736624e-07, 4.29967599302e-08, 3.8229803323e-08, 5.01172703338e-09, 5.4609992084e-09, 5.34976862809e-09, 5.44318679019e-09, 2.12059525495e-09, 2.68734701159e-10, 3.26835641884e-11, 1.5836172651e-11, 1.49207503991e-11, 3.29809443644e-11, 9.73463556875e-07]}, "barkbands_crest": {"dmean": 3.1533601284, "dmean2": 5.16368150711, "dvar": 7.53605365753, "dvar2": 19.2225379944, "max": 23.6946811676, "mean": 9.73670387268, "median": 8.75977325439, "min": 2.98193860054, "var": 15.8103151321}, "barkbands_flatness_db": {"dmean": 0.0303002614528, "dmean2": 0.0481798611581, "dvar": 0.000649645924568, "dvar2": 0.00165010825731, "max": 0.404666960239, "mean": 0.185483664274, "median": 0.182013094425, "min": 0.0384109206498, "var": 0.00227769673802}, "barkbands_kurtosis": {"dmean": 6.11289834976, "dmean2": 9.67462825775, "dvar": 86.9425506592, "dvar2": 206.578536987, "max": 252.26461792, "mean": 12.2842226028, "median": 8.8576335907, "min": -1.79357898235, "var": 169.137924194}, "barkbands_skewness": {"dmean": 0.706084489822, "dmean2": 1.09198653698, "dvar": 0.514784455299, "dvar2": 1.18113481998, "max": 12.5012674332, "mean": 2.58148670197, "median": 2.41605806351, "min": -2.10430026054, "var": 1.62882113457}, "barkbands_spread": {"dmean": 6.19583749771, "dmean2": 9.56163978577, "dvar": 58.5636825562, "dvar2": 121.171180725, "max": 133.398712158, "mean": 20.2294387817, "median": 16.7307434082, "min": 0.757723748684, "var": 204.249084473}, "dissonance": {"dmean": 0.0318921506405, "dmean2": 0.0543020516634, "dvar": 0.000829164346214, "dvar2": 0.00234011514112, "max": 0.500000119209, "mean": 0.447043299675, "median": 0.456281304359, "min": 0.219683006406, "var": 0.00147711485624}, "dynamic_complexity": 3.73006510735, "erbbands": {"dmean": [0.146304890513, 1.37127017975, 7.86099243164, 6.97375869751, 6.23002147675, 11.0237264633, 16.65965271, 20.8494300842, 21.9198913574, 24.8885211945, 20.6284751892, 23.5172290802, 19.5046882629, 27.0301399231, 30.1831703186, 19.4007053375, 17.9828643799, 8.53942680359, 5.29677391052, 2.89570498466, 1.82658219337, 1.04848504066, 0.730763137341, 0.738343238831, 0.667448997498, 0.696261882782, 0.488333880901, 0.261424809694, 0.161869391799, 0.104992762208, 0.0679685398936, 0.047559812665, 0.033627461642, 0.0230967886746, 0.0148348528892, 0.00872751511633, 0.00511965248734, 0.00417177053168, 0.0110185937956, 0.0106259956956], "dmean2": [0.243587478995, 2.16272091866, 12.5683259964, 11.2791795731, 10.288895607, 17.9556884766, 26.1824970245, 32.5011138916, 34.9788475037, 40.5747070312, 33.3234863281, 37.4657592773, 31.1402206421, 42.8763885498, 49.0209083557, 30.1582393646, 28.5383358002, 13.6125917435, 8.40126800537, 4.50202322006, 2.84385800362, 1.63800311089, 1.12095403671, 1.12209105492, 1.0057387352, 1.0363035202, 0.731720387936, 0.396435767412, 0.245831131935, 0.163446560502, 0.110208295286, 0.0787163749337, 0.0559600181878, 0.0383613221347, 0.0245572663844, 0.0143756596372, 0.0081688920036, 0.00587539421394, 0.0147710740566, 0.0150325568393], "dvar": [0.0568402670324, 8.20773410797, 539.793212891, 233.36479187, 130.07460022, 518.281188965, 1974.34301758, 1703.95910645, 3385.26660156, 2336.63256836, 2717.74169922, 4462.42919922, 3260.47290039, 2698.45117188, 3635.17382812, 2491.8125, 1235.7376709, 274.565124512, 84.358253479, 26.3512840271, 26.9970302582, 6.65857219696, 3.57826566696, 9.29071712494, 3.4247777462, 5.0658621788, 2.42114496231, 0.471008270979, 0.107331968844, 0.0348103493452, 0.014936292544, 0.00763202086091, 0.00382446451113, 0.00178197619971, 0.000714580179192, 0.000237720902078, 7.51993939048e-05, 8.82765307324e-05, 0.0010299164569, 0.000218211222091], "dvar2": [0.152663320303, 18.321647644, 1267.24401855, 586.283752441, 334.362945557, 1150.0925293, 4284.25683594, 3624.30371094, 7669.89306641, 5802.65429688, 6853.08251953, 10833.5625, 7899.31884766, 6599.66113281, 9147.1796875, 5561.42919922, 3178.42285156, 663.452392578, 222.771453857, 63.1270370483, 59.943813324, 15.5665912628, 8.09685230255, 19.2595710754, 7.35999727249, 10.5535650253, 5.14521789551, 1.03086602688, 0.228404700756, 0.0790611132979, 0.03669513762, 0.0191403012723, 0.00964300148189, 0.00449347356334, 0.00179358548485, 0.000590337323956, 0.00017649072106, 0.000148331266246, 0.00186184933409, 0.0004376580182], "max": [2.3538351059, 48.1663475037, 228.788894653, 185.652404785, 258.118682861, 524.237548828, 1420.22253418, 1103.05908203, 1343.2244873, 1019.44061279, 1217.89709473, 1748.94677734, 1732.08764648, 1105.95678711, 1343.77856445, 1585.60839844, 900.972229004, 431.102844238, 224.876739502, 185.104202271, 215.39855957, 86.0436248779, 55.9912109375, 152.430648804, 63.1244392395, 61.2792167664, 53.4009971619, 24.1592006683, 11.2147378922, 4.58533763885, 2.1428334713, 1.07267403603, 0.751003921032, 0.516957402229, 0.324633091688, 0.181311294436, 0.134806469083, 0.369430333376, 0.877206087112, 0.322292536497], "mean": [0.175512507558, 1.59455251694, 7.54525232315, 8.30162715912, 8.45591259003, 14.6629390717, 23.6763572693, 33.0077857971, 32.6464920044, 37.1625595093, 29.5278968811, 32.5442695618, 29.1711406708, 45.1517333984, 52.0393028259, 34.6479110718, 30.475435257, 15.7584428787, 9.49826049805, 5.48107624054, 3.35172271729, 1.78376936913, 1.29749488831, 1.34546113014, 1.21271240711, 1.18967926502, 0.822599112988, 0.454984456301, 0.263015031815, 0.152980700135, 0.0839888751507, 0.0503795817494, 0.0334994532168, 0.0229907725006, 0.0150546031073, 0.00924748089164, 0.00673955352977, 0.00889000296593, 0.0250289030373, 0.0298455096781], "median": [0.0894393324852, 0.538550496101, 1.70768821239, 3.11800765991, 4.35625267029, 6.36341333389, 9.66530036926, 13.3980026245, 15.1087856293, 18.2644577026, 12.6887454987, 12.4791641235, 10.9245529175, 23.5851097107, 25.4659309387, 17.1786632538, 15.3368492126, 8.21989631653, 5.36042022705, 2.88541984558, 1.39944672585, 0.572657585144, 0.348115682602, 0.373982012272, 0.374018013477, 0.312910288572, 0.200067192316, 0.119625076652, 0.0797756910324, 0.0519501455128, 0.0303854364902, 0.0179999284446, 0.0118462918326, 0.00804078113288, 0.00546301482245, 0.00363265536726, 0.00271334033459, 0.00289496360347, 0.00921519473195, 0.0215899460018], "min": [2.38266743175e-23, 3.31364569957e-22, 1.10890710086e-21, 5.23992260865e-21, 1.14812216658e-20, 2.25708363194e-20, 5.14147842223e-20, 8.49632426953e-20, 1.01994361595e-19, 1.78509324351e-19, 3.84519121197e-19, 3.74412835268e-19, 6.05988639347e-19, 9.33192493448e-19, 9.18284527461e-19, 1.55900312031e-18, 1.58605140935e-18, 2.05877458287e-18, 1.99232675068e-18, 3.53243965073e-18, 3.10518349356e-18, 4.40017486077e-18, 5.07746042016e-18, 5.48460409433e-18, 6.00087150286e-18, 8.7220893366e-18, 6.35767627368e-18, 8.39109301449e-18, 1.1309667457e-17, 1.13996804241e-17, 1.06478394217e-17, 1.17335272106e-17, 9.87185632598e-18, 7.84944687758e-18, 6.94617226612e-18, 4.90581796151e-18, 2.40562754374e-18, 1.00964486836e-18, 2.58985338405e-19, 2.84084777e-20], "var": [0.0611962266266, 10.5683612823, 503.188110352, 248.795898438, 164.628326416, 913.267578125, 3126.23193359, 4238.33203125, 5265.44189453, 3716.36816406, 3857.18676758, 5998.59814453, 4841.25878906, 4954.20507812, 7429.00585938, 5237.19628906, 2178.80761719, 677.334106445, 163.420944214, 68.0653686523, 70.1536407471, 17.5742931366, 12.2281293869, 24.6379966736, 9.90536689758, 11.7932901382, 6.48653078079, 1.73935437202, 0.383599728346, 0.0931365191936, 0.022501418367, 0.00838779751211, 0.00396040361375, 0.00185647886246, 0.000763068150263, 0.000265649927314, 0.000125214268337, 0.000564292422496, 0.00311213964596, 0.000909562397283]}, "erbbands_crest": {"dmean": 3.21377062798, "dmean2": 5.27149343491, "dvar": 8.80633926392, "dvar2": 22.373456955, "max": 28.6692695618, "mean": 10.3107824326, "median": 9.26535701752, "min": 2.38470125198, "var": 20.4427528381}, "erbbands_flatness_db": {"dmean": 0.0302968248725, "dmean2": 0.0468942970037, "dvar": 0.000617281941231, "dvar2": 0.00149531930219, "max": 0.375023037195, "mean": 0.194740012288, "median": 0.193613260984, "min": 0.0322123244405, "var": 0.00224570161663}, "erbbands_kurtosis": {"dmean": 1.4085855484, "dmean2": 2.28882622719, "dvar": 3.37049365044, "dvar2": 8.62598419189, "max": 39.3674964905, "mean": 1.40645742416, "median": 0.709778785706, "min": -1.59327292442, "var": 6.40718698502}, "erbbands_skewness": {"dmean": 0.44210639596, "dmean2": 0.690387308598, "dvar": 0.151474416256, "dvar2": 0.353759795427, "max": 4.98086738586, "mean": 0.210712313652, "median": 0.187572300434, "min": -3.24345874786, "var": 0.695027649403}, "erbbands_spread": {"dmean": 4.8312458992, "dmean2": 7.3254532814, "dvar": 22.9181175232, "dvar2": 47.4642486572, "max": 111.060798645, "mean": 18.8581447601, "median": 16.8759498596, "min": 2.3126718998, "var": 100.372612}, "gfcc": {"cov": [[16442.84375, 775.924133301, -1113.55737305, -302.683532715, -208.078933716, -437.635498047, 52.7682342529, -257.802947998, 12.3069610596, -73.2899093628, 2.00835704803, -161.383651733, -88.0072250366], [775.924133301, 860.859069824, 34.5099716187, -232.834075928, 98.59790802, -6.80497264862, 71.986366272, -95.2843093872, 28.9781551361, -39.5981254578, 42.6357955933, -48.9141921997, 48.5371856689], [-1113.55737305, 34.5099716187, 315.66708374, 128.413772583, -20.7077980042, 142.082855225, -65.5604782104, 83.1011123657, -35.7121238708, 10.4968891144, -12.4467926025, 16.6513290405, 2.64005661011], [-302.683532715, -232.834075928, 128.413772583, 399.061309814, 79.7573471069, 15.3576936722, 13.4045352936, 40.1929092407, -20.7997741699, -7.53926324844, -52.4663581848, 28.3458137512, -35.9983024597], [-208.078933716, 98.59790802, -20.7077980042, 79.7573471069, 243.973388672, 11.3186855316, 94.3773880005, -65.5817184448, -0.4067504704, -27.33644104, 11.5746488571, -4.32973003387, 4.11033296585], [-437.635498047, -6.80497264862, 142.082855225, 15.3576936722, 11.3186855316, 286.766387939, -30.7747058868, 77.9614257812, -59.8863639832, -17.7718200684, 10.9357385635, 42.7324714661, 17.1163902283], [52.7682342529, 71.986366272, -65.5604782104, 13.4045352936, 94.3773880005, -30.7747058868, 191.366088867, -31.4406681061, 16.7337722778, -7.99743413925, 7.14587163925, -2.31434869766, 8.83971977234], [-257.802947998, -95.2843093872, 83.1011123657, 40.1929092407, -65.5817184448, 77.9614257812, -31.4406681061, 155.505813599, 40.3187294006, 18.9139842987, -14.5104494095, 23.1617622375, -6.16855669022], [12.3069610596, 28.9781551361, -35.7121238708, -20.7997741699, -0.4067504704, -59.8863639832, 16.7337722778, 40.3187294006, 125.535865784, 45.6282958984, -2.73381781578, 3.60209178925, -14.6336832047], [-73.2899093628, -39.5981254578, 10.4968891144, -7.53926324844, -27.33644104, -17.7718200684, -7.99743413925, 18.9139842987, 45.6282958984, 74.5736694336, 32.0842094421, -0.522037744522, -2.30970573425], [2.00835704803, 42.6357955933, -12.4467926025, -52.4663581848, 11.5746488571, 10.9357385635, 7.14587163925, -14.5104494095, -2.73381781578, 32.0842094421, 71.9446487427, 21.9281177521, 18.4792785645], [-161.383651733, -48.9141921997, 16.6513290405, 28.3458137512, -4.32973003387, 42.7324714661, -2.31434869766, 23.1617622375, 3.60209178925, -0.522037744522, 21.9281177521, 87.1217041016, 19.3236675262], [-88.0072250366, 48.5371856689, 2.64005661011, -35.9983024597, 4.11033296585, 17.1163902283, 8.83971977234, -6.16855669022, -14.6336832047, -2.30970573425, 18.4792785645, 19.3236675262, 61.1984977722]], "icov": [[0.000126690894831, -0.000377666612621, 0.000876167381648, -0.00039797250065, 0.000299204897601, -0.000124740225147, 0.000167096179212, -0.000207805322134, 0.000411249522585, -0.000384083628887, 0.000117244875582, 2.26080410357e-05, 0.000220838031964], [-0.000377666612621, 0.00369488936849, -0.00483705801889, 0.00251349061728, -0.00102252466604, 0.000264935544692, -0.00125726661645, 0.00260983034968, -0.00473656272516, 0.00566419912502, -0.00324091780931, 0.00204807822593, -0.00193406303879], [0.000876167381648, -0.00483705801889, 0.0136702992022, -0.00570211047307, 0.0022954843007, -0.00298861437477, 0.00314638251439, -0.00452376110479, 0.00688404450193, -0.00837934855372, 0.00374121963978, -0.000548215291928, 0.00129699334502], [-0.00039797250065, 0.00251349061728, -0.00570211047307, 0.00762556213886, -0.00471002468839, 0.00268753548153, -0.00125346938148, -0.000793061510194, 0.00185999635141, -0.00172634597402, 0.00492551550269, -0.00384906353429, 0.0019391879905], [0.000299204897601, -0.00102252466604, 0.0022954843007, -0.00471002468839, 0.00983059499413, -0.00335712078959, -0.00213729403913, 0.00464654015377, -0.00538537790999, 0.00639065448195, -0.00639047287405, 0.00399747490883, -0.000951691239607], [-0.000124740225147, 0.000264935544692, -0.00298861437477, 0.00268753548153, -0.00335712078959, 0.00762029271573, 0.000122176483274, -0.00486404681578, 0.00548618752509, -0.00143393618055, 0.00144555058796, -0.00379859586246, 0.000927206070628], [0.000167096179212, -0.00125726661645, 0.00314638251439, -0.00125346938148, -0.00213729403913, 0.000122176483274, 0.00753906462342, -0.00125354668126, 0.000936142227147, -0.00160553189926, 0.000716041598935, -0.0002955282107, -0.000701192242559], [-0.000207805322134, 0.00260983034968, -0.00452376110479, -0.000793061510194, 0.00464654015377, -0.00486404681578, -0.00125354668126, 0.0160310268402, -0.0121846543625, 0.00687710940838, -0.0032357480377, 0.00237675826065, -0.00222224975005], [0.000411249522585, -0.00473656272516, 0.00688404450193, 0.00185999635141, -0.00538537790999, 0.00548618752509, 0.000936142227147, -0.0121846543625, 0.0279292538762, -0.024256426841, 0.0161244738847, -0.0103749101982, 0.00677900854498], [-0.000384083628887, 0.00566419912502, -0.00837934855372, -0.00172634597402, 0.00639065448195, -0.00143393618055, -0.00160553189926, 0.00687710940838, -0.024256426841, 0.0443914830685, -0.0289689358324, 0.0133142722771, -0.00438319146633], [0.000117244875582, -0.00324091780931, 0.00374121963978, 0.00492551550269, -0.00639047287405, 0.00144555058796, 0.000716041598935, -0.0032357480377, 0.0161244738847, -0.0289689358324, 0.0378799214959, -0.0146695077419, 0.00102645112202], [2.26080410357e-05, 0.00204807822593, -0.000548215291928, -0.00384906353429, 0.00399747490883, -0.00379859586246, -0.0002955282107, 0.00237675826065, -0.0103749101982, 0.0133142722771, -0.0146695077419, 0.0212027151138, -0.00699973478913], [0.000220838031964, -0.00193406303879, 0.00129699334502, 0.0019391879905, -0.000951691239607, 0.000927206070628, -0.000701192242559, -0.00222224975005, 0.00677900854498, -0.00438319146633, 0.00102645112202, -0.00699973478913, 0.0223141871393]], "mean": [-54.3502731323, 134.715438843, -69.8078079224, -32.205657959, -17.8312110901, -10.6684989929, 0.49969831109, -24.4291801453, -6.75822114944, -7.51238250732, 2.04451465607, -9.69969177246, 0.297020375729]}, "hfc": {"dmean": 79.0662612915, "dmean2": 118.970230103, "dvar": 26526.8417969, "dvar2": 62777.9609375, "max": 2608.36889648, "mean": 166.272888184, "median": 99.7971343994, "min": 1.10874051844e-16, "var": 45029.765625}, "melbands": {"dmean": [0.00132539588958, 0.00326523813419, 0.00116104097106, 0.0005959176342, 0.000551394594368, 0.000465908990009, 0.000320920866216, 0.000264625938144, 0.000166120342328, 0.000150040898006, 0.000100531688076, 0.000113012516522, 0.000107631916762, 5.9357353166e-05, 4.71573912364e-05, 3.73776856577e-05, 1.48890439959e-05, 9.20299135032e-06, 5.44406111658e-06, 3.41699615092e-06, 1.92563902601e-06, 1.20414586036e-06, 8.11199470263e-07, 6.67529491238e-07, 6.27922702279e-07, 5.07955235207e-07, 5.27454290022e-07, 4.85499242586e-07, 3.55043965783e-07, 2.07972519206e-07, 1.40245717262e-07, 1.01265847263e-07, 7.26289428599e-08, 5.37444968529e-08, 4.07700504468e-08, 3.30000879956e-08, 2.77240648217e-08, 2.39109052558e-08, 2.11225312796e-08, 1.89076789781e-08], "dmean2": [0.0021381417755, 0.00517715094611, 0.00184939010069, 0.000964310835116, 0.000872281671036, 0.000724010169506, 0.000513712060638, 0.000429827021435, 0.000268677918939, 0.000239074375713, 0.000160586714628, 0.000179582697456, 0.00017418594507, 9.45534411585e-05, 7.4800074799e-05, 5.99751328991e-05, 2.38646607613e-05, 1.48298568092e-05, 8.6200534497e-06, 5.37389860256e-06, 3.03364481624e-06, 1.91796925719e-06, 1.27033342778e-06, 1.03731588297e-06, 9.70825908553e-07, 7.73370004481e-07, 8.0821314441e-07, 7.38136691325e-07, 5.39304096492e-07, 3.17034903219e-07, 2.17011148607e-07, 1.54845650968e-07, 1.1198319072e-07, 8.51543120461e-08, 6.60669101649e-08, 5.42820224325e-08, 4.60720279705e-08, 3.98070696406e-08, 3.51263551579e-08, 3.13971675325e-08], "dvar": [4.72725014333e-06, 8.07305186754e-05, 6.02051795795e-06, 1.29956049477e-06, 1.61603770721e-06, 8.38843902784e-07, 6.50389608836e-07, 2.75807849448e-07, 1.6969390515e-07, 1.83722860925e-07, 8.63623341729e-08, 5.24936751845e-08, 4.30900044535e-08, 1.71356706602e-08, 1.03979047594e-08, 5.06295894098e-09, 9.40539868211e-10, 2.56299453882e-10, 8.45497838409e-11, 9.38076630264e-11, 2.58952147919e-11, 8.91717168855e-12, 5.61809192917e-12, 3.48520344529e-12, 7.80717851478e-12, 2.3079043017e-12, 2.77490292029e-12, 2.5650727202e-12, 1.36622841946e-12, 3.90179289702e-13, 1.43976871441e-13, 4.88984835967e-14, 1.92369872879e-14, 9.20163908448e-15, 5.48071270917e-15, 3.61833120364e-15, 2.59703922694e-15, 1.93005181471e-15, 1.50478367695e-15, 1.19059311055e-15], "dvar2": [1.17361823868e-05, 0.000186737976037, 1.48479666677e-05, 2.93822267849e-06, 3.56094960807e-06, 1.81666018761e-06, 1.46721117744e-06, 6.83704456605e-07, 4.3109881176e-07, 4.427303395e-07, 2.10285250546e-07, 1.28255592813e-07, 1.05749123236e-07, 4.17364489635e-08, 2.57103280887e-08, 1.27340955558e-08, 2.28921503975e-09, 6.71498745497e-10, 2.11521952731e-10, 2.14866319181e-10, 5.94234592088e-11, 2.18799527107e-11, 1.43952861784e-11, 7.20984903724e-12, 1.64053683832e-11, 5.26916357768e-12, 6.1909891276e-12, 5.51131492874e-12, 3.01005552948e-12, 8.76579624859e-13, 3.4493095229e-13, 1.08756028543e-13, 4.28883545431e-14, 2.16033618674e-14, 1.34897831905e-14, 9.03688101184e-15, 6.52736887571e-15, 4.86831508808e-15, 3.79977370776e-15, 3.00124885508e-15], "max": [0.0338900834322, 0.0872301459312, 0.0292257666588, 0.0233266819268, 0.0371093377471, 0.0210989154875, 0.0185023918748, 0.0103068146855, 0.0083924792707, 0.0113120852038, 0.00881115626544, 0.00494828820229, 0.00405616685748, 0.0032805276569, 0.00243683368899, 0.00118718587328, 0.000824152957648, 0.000339036807418, 0.000150230815052, 0.000486968958285, 0.000190108563402, 7.97275497462e-05, 9.42349943216e-05, 7.12350229151e-05, 0.000139980184031, 6.12235162407e-05, 6.292067701e-05, 4.37141970906e-05, 3.85203566111e-05, 2.00083923119e-05, 1.33449593704e-05, 7.29434623281e-06, 4.43238059233e-06, 1.98109637495e-06, 1.66301867921e-06, 7.66167147503e-07, 6.33155366359e-07, 5.30961244749e-07, 4.73668876566e-07, 4.22879821826e-07], "mean": [0.00173427304253, 0.00333735882305, 0.00145690573845, 0.000821200897917, 0.00080726633314, 0.000736124755349, 0.000488637771923, 0.000390483502997, 0.000228637145483, 0.000202704090043, 0.00014335369633, 0.000179120252142, 0.000179690410732, 0.000101874786196, 7.74785585236e-05, 5.92828801018e-05, 2.49821896432e-05, 1.53020537255e-05, 9.52476057137e-06, 6.04970000495e-06, 3.24571055899e-06, 1.87039927368e-06, 1.27481621348e-06, 1.15481793728e-06, 1.08109009034e-06, 8.60475665831e-07, 8.99432563983e-07, 7.63012337757e-07, 5.67038171084e-07, 3.46028997456e-07, 2.33155589058e-07, 1.58560879981e-07, 1.09097385348e-07, 7.38504155606e-08, 5.07018356188e-08, 3.60702792079e-08, 2.84269212614e-08, 2.37276918114e-08, 2.08630215326e-08, 1.88198452378e-08], "median": [0.000861364067532, 0.000904435466509, 0.00059438846074, 0.000409412576118, 0.000338820944307, 0.000304200104438, 0.000233301892877, 0.000186695076991, 9.35042698984e-05, 7.28374507162e-05, 4.94469786645e-05, 8.75318655744e-05, 8.51378426887e-05, 5.04812778672e-05, 3.7750301999e-05, 2.79948399111e-05, 1.18583484436e-05, 8.30700628285e-06, 4.95803124068e-06, 2.50146968028e-06, 1.28947613121e-06, 5.77958644499e-07, 3.39783326808e-07, 2.85880219053e-07, 2.78433986978e-07, 2.75787556347e-07, 2.38524762608e-07, 1.9266531126e-07, 1.30746428795e-07, 8.57055511005e-08, 6.10402821621e-08, 4.75666297461e-08, 3.41169510421e-08, 2.5873280407e-08, 1.79788344212e-08, 1.27828547747e-08, 1.01261399266e-08, 8.28939317188e-09, 7.17365544745e-09, 6.57703536078e-09], "min": [4.0169576294e-25, 3.74643306613e-25, 1.34651259558e-24, 1.00491067868e-24, 2.22782050471e-24, 1.96254019014e-24, 1.44123299801e-24, 1.70469548124e-24, 3.00215808624e-24, 2.02323080945e-24, 2.51729616933e-24, 3.05773826739e-24, 3.07001392915e-24, 2.71322634122e-24, 2.80390274683e-24, 2.41939202289e-24, 2.98332777922e-24, 1.3157071828e-24, 3.8275708615e-24, 4.62856720846e-24, 3.01858394522e-24, 4.08306594819e-24, 3.52116663629e-24, 4.18349306902e-24, 3.20003280026e-24, 4.58766003736e-24, 3.52822023608e-24, 5.06120022256e-24, 3.95384737648e-24, 4.22612232348e-24, 5.10196105996e-24, 5.28507026999e-24, 6.10830421143e-24, 5.41906263348e-24, 5.5732143374e-24, 5.19600984594e-24, 6.78363186074e-24, 6.80220085759e-24, 6.39001156828e-24, 6.51687736235e-24], "var": [6.43641624265e-06, 7.89199912106e-05, 6.85859913574e-06, 2.18413651965e-06, 2.80504787042e-06, 1.95497977984e-06, 1.03707441212e-06, 4.47802449344e-07, 2.3575266539e-07, 2.47788364049e-07, 1.28054381321e-07, 9.16368136927e-08, 8.48860324254e-08, 3.33666534402e-08, 1.92753777384e-08, 9.14052833423e-09, 2.18422080422e-09, 4.62520577393e-10, 1.77427322834e-10, 2.35106600854e-10, 6.07387612428e-11, 1.92835677981e-11, 1.20074896207e-11, 1.24771859511e-11, 1.86356069465e-11, 5.20997828213e-12, 6.96932832625e-12, 5.2162310929e-12, 3.23829591614e-12, 1.09212291988e-12, 4.71426337637e-13, 1.49068420368e-13, 6.06619314785e-14, 1.93776354148e-14, 8.54557395035e-15, 4.30877020532e-15, 2.75242763287e-15, 1.99733884149e-15, 1.5538867063e-15, 1.24296865169e-15]}, "melbands_crest": {"dmean": 4.26404666901, "dmean2": 6.91144037247, "dvar": 13.6599340439, "dvar2": 32.7275314331, "max": 38.3405342102, "mean": 14.2012605667, "median": 13.1159381866, "min": 1.61599421501, "var": 32.5552864075}, "melbands_flatness_db": {"dmean": 0.0382925346494, "dmean2": 0.060529794544, "dvar": 0.00102486158721, "dvar2": 0.00259331637062, "max": 0.578298389912, "mean": 0.313646495342, "median": 0.312744438648, "min": 0.00267271301709, "var": 0.00427544442937}, "melbands_kurtosis": {"dmean": 5.18838691711, "dmean2": 8.13543128967, "dvar": 69.4280395508, "dvar2": 153.10925293, "max": 307.84463501, "mean": 7.31642246246, "median": 3.45874166489, "min": -1.82543003559, "var": 135.629577637}, "melbands_skewness": {"dmean": 0.751476228237, "dmean2": 1.13760006428, "dvar": 0.533935785294, "dvar2": 1.14021682739, "max": 13.7614030838, "mean": 1.86824667454, "median": 1.61249542236, "min": -1.40157091618, "var": 1.87052035332}, "melbands_spread": {"dmean": 3.72027516365, "dmean2": 5.72266244888, "dvar": 15.5788087845, "dvar2": 33.2243423462, "max": 154.571487427, "mean": 13.0319309235, "median": 10.9569854736, "min": 0.416960537434, "var": 161.002471924}, "mfcc": {"cov": [[7378.90332031, 603.20916748, -642.802185059, 276.539825439, -308.01361084, -41.8060112, -187.86857605, -51.0493202209, -57.5825386047, 17.8653202057, 43.2412376404, 23.1688194275, -1.11993503571], [603.20916748, 1246.71228027, -37.2650642395, -175.065582275, -26.4165973663, 53.718711853, 49.3074684143, -59.2436904907, -13.0509271622, 11.0686616898, -2.74422764778, -18.3312549591, 27.9524879456], [-642.802185059, -37.2650642395, 413.85723877, -61.2632675171, 95.7322235107, -9.03815937042, 24.7640190125, 44.4309082031, 20.0501346588, -3.87738871574, 1.04016077518, 13.7472114563, -10.7225923538], [276.539825439, -175.065582275, -61.2632675171, 384.765106201, 13.7238473892, 31.5653057098, -9.02007961273, 2.49186897278, 20.1604404449, 22.8645420074, -8.39226913452, -12.5469303131, 2.42481946945], [-308.01361084, -26.4165973663, 95.7322235107, 13.7238473892, 192.101089478, 57.8657112122, 30.1594161987, 42.9877243042, 3.31110048294, -19.6742954254, 5.71544456482, 3.71839404106, -9.48214530945], [-41.8060112, 53.718711853, -9.03815937042, 31.5653057098, 57.8657112122, 150.571121216, 94.0973739624, 31.57862854, -3.39812231064, -23.4541492462, -15.5170049667, -6.31640672684, 5.84289503098], [-187.86857605, 49.3074684143, 24.7640190125, -9.02007961273, 30.1594161987, 94.0973739624, 168.09236145, 40.1431465149, -6.33479547501, -15.1973295212, -35.8582344055, -10.9125490189, 7.8789691925], [-51.0493202209, -59.2436904907, 44.4309082031, 2.49186897278, 42.9877243042, 31.57862854, 40.1431465149, 130.090270996, 48.7986106873, -24.1640892029, 7.77304077148, 9.53883838654, -7.60180568695], [-57.5825386047, -13.0509271622, 20.0501346588, 20.1604404449, 3.31110048294, -3.39812231064, -6.33479547501, 48.7986106873, 77.7930145264, 32.3185882568, 13.880862236, 4.46850442886, -5.99210166931], [17.8653202057, 11.0686616898, -3.87738871574, 22.8645420074, -19.6742954254, -23.4541492462, -15.1973295212, -24.1640892029, 32.3185882568, 80.2654953003, 28.6021118164, -2.1618771553, 1.75783467293], [43.2412376404, -2.74422764778, 1.04016077518, -8.39226913452, 5.71544456482, -15.5170049667, -35.8582344055, 7.77304077148, 13.880862236, 28.6021118164, 65.5082473755, 33.3552627563, 5.5117688179], [23.1688194275, -18.3312549591, 13.7472114563, -12.5469303131, 3.71839404106, -6.31640672684, -10.9125490189, 9.53883838654, 4.46850442886, -2.1618771553, 33.3552627563, 58.1947555542, 26.7236099243], [-1.11993503571, 27.9524879456, -10.7225923538, 2.42481946945, -9.48214530945, 5.84289503098, 7.8789691925, -7.60180568695, -5.99210166931, 1.75783467293, 5.5117688179, 26.7236099243, 50.6196975708]], "icov": [[0.000194376625586, -0.000144935358549, 0.000228261298616, -0.000179132402991, 0.000245386763709, -0.000104256279883, 0.000343432795489, -0.000465730758151, 0.0005706892116, -0.00036782908137, 0.000305242661852, -0.00051578838611, 0.000395262759412], [-0.000144935358549, 0.0010774981929, -0.000127571867779, 0.000638312019873, -0.000110863271402, -0.000347422697814, -0.000540092936717, 0.00120799883734, -0.00117149041034, 0.000727263279259, -0.00101195008028, 0.00148764171172, -0.00121010805015], [0.000228261298616, -0.000127571867779, 0.00335324695334, 0.00029548938619, -0.00144977273885, 0.000982479308732, -0.0001617326634, -0.00107026158366, 0.00039828865556, -0.00120593432803, 0.00163889315445, -0.00211742846295, 0.00127954175696], [-0.000179132402991, 0.000638312019873, 0.00029548938619, 0.00338571472093, -0.000595212564804, -0.00125478301197, 0.000690332613885, 0.000252438883763, -0.000905447639525, -0.00128813902847, 0.00110787444282, 0.000817414547782, -0.00110685406253], [0.000245386763709, -0.000110863271402, -0.00144977273885, -0.000595212564804, 0.00771593907848, -0.00321476440877, 0.00109023030382, -0.0019638100639, 0.00179526512511, 0.000311053940095, -0.00127604301088, -0.00040771116619, 0.00169578008354], [-0.000104256279883, -0.000347422697814, 0.000982479308732, -0.00125478301197, -0.00321476440877, 0.013340597041, -0.00778469489887, 0.00174091814552, -0.00290200975724, 0.00549483438954, -0.00438366411254, 0.00316853704862, -0.00194095016923], [0.000343432795489, -0.000540092936717, -0.0001617326634, 0.000690332613885, 0.00109023030382, -0.00778469489887, 0.0141375996172, -0.00786459818482, 0.00785395782441, -0.00924217049032, 0.0113266548142, -0.0047570168972, 0.000488429330289], [-0.000465730758151, 0.00120799883734, -0.00107026158366, 0.000252438883763, -0.0019638100639, 0.00174091814552, -0.00786459818482, 0.0218819081783, -0.0196990631521, 0.0175015740097, -0.0124067366123, 0.00625734450296, -0.00186689966358], [0.0005706892116, -0.00117149041034, 0.00039828865556, -0.000905447639525, 0.00179526512511, -0.00290200975724, 0.00785395782441, -0.0196990631521, 0.0345351472497, -0.0234929211438, 0.0129870437086, -0.0104733379558, 0.00629675062373], [-0.00036782908137, 0.000727263279259, -0.00120593432803, -0.00128813902847, 0.000311053940095, 0.00549483438954, -0.00924217049032, 0.0175015740097, -0.0234929211438, 0.0370217189193, -0.0251818820834, 0.0174933429807, -0.00767251756042], [0.000305242661852, -0.00101195008028, 0.00163889315445, 0.00110787444282, -0.00127604301088, -0.00438366411254, 0.0113266548142, -0.0124067366123, 0.0129870437086, -0.0251818820834, 0.043807707727, -0.0285601764917, 0.0102199576795], [-0.00051578838611, 0.00148764171172, -0.00211742846295, 0.000817414547782, -0.00040771116619, 0.00316853704862, -0.0047570168972, 0.00625734450296, -0.0104733379558, 0.0174933429807, -0.0285601764917, 0.0452344790101, -0.0227006170899], [0.000395262759412, -0.00121010805015, 0.00127954175696, -0.00110685406253, 0.00169578008354, -0.00194095016923, 0.000488429330289, -0.00186689966358, 0.00629675062373, -0.00767251756042, 0.0102199576795, -0.0227006170899, 0.0328248217702]], "mean": [-723.804321289, 206.204299927, 2.53910279274, 4.25161600113, -4.56496143341, 16.1872997284, 8.95678710938, -3.28475213051, -2.55502510071, 0.57667273283, -1.75952982903, -0.186254754663, 4.82356452942]}, "pitch_salience": {"dmean": 0.0871680527925, "dmean2": 0.142508015037, "dvar": 0.00563375046477, "dvar2": 0.0147906402126, "max": 0.935686409473, "mean": 0.596200525761, "median": 0.610471308231, "min": 0.0706213340163, "var": 0.012062523514}, "silence_rate_20dB": {"dmean": 0.000261814362602, "dmean2": 0.000523697293829, "dvar": 0.00026175097446, "dvar2": 0.000785292359069, "max": 1, "mean": 0.9998691082, "median": 1, "min": 0, "var": 0.000130871165311}, "silence_rate_30dB": {"dmean": 0.0612645633519, "dmean2": 0.122545167804, "dvar": 0.0575115531683, "dvar2": 0.114594519138, "max": 1, "mean": 0.930366516113, "median": 1, "min": 0, "var": 0.0647868439555}, "silence_rate_60dB": {"dmean": 0.0206833351403, "dmean2": 0.0413720868528, "dvar": 0.020255016163, "dvar2": 0.0446331165731, "max": 1, "mean": 0.0591623038054, "median": 0, "min": 0, "var": 0.0556655451655}, "spectral_centroid": {"dmean": 110.731254578, "dmean2": 169.668457031, "dvar": 40085.2460938, "dvar2": 82973.0390625, "max": 11719.2958984, "mean": 668.239196777, "median": 544.305786133, "min": 172.78717041, "var": 897758.3125}, "spectral_complexity": {"dmean": 2.47283673286, "dmean2": 3.75595712662, "dvar": 4.75894069672, "dvar2": 9.54601478577, "max": 46, "mean": 14.5253925323, "median": 15, "min": 0, "var": 37.1997756958}, "spectral_contrast_coeffs": {"dmean": [0.0568802505732, 0.0516818463802, 0.0395766198635, 0.0309296734631, 0.0255389809608, 0.0301004741341], "dmean2": [0.0930211767554, 0.0851759687066, 0.0650913566351, 0.0509814023972, 0.0413606315851, 0.0478565208614], "dvar": [0.00219048862346, 0.00162776361685, 0.00100377527997, 0.000591416843235, 0.000510683923494, 0.000929897592869], "dvar2": [0.0056157563813, 0.00432409765199, 0.0026567846071, 0.00152610579971, 0.00125234178267, 0.00220588198863], "max": [-0.302663952112, -0.427646934986, -0.561049342155, -0.50546169281, -0.643996477127, -0.553147256374], "mean": [-0.665438234806, -0.755938708782, -0.794397056103, -0.799913823605, -0.857278048992, -0.818429648876], "median": [-0.669669032097, -0.762249052525, -0.801226258278, -0.802854418755, -0.855376005173, -0.834620118141], "min": [-0.977872133255, -0.981904864311, -0.989322900772, -0.994042932987, -0.994636774063, -0.965110063553], "var": [0.00774110946804, 0.00488860160112, 0.00330965174362, 0.00226346519776, 0.00162662845105, 0.00299210497178]}, "spectral_contrast_valleys": {"dmean": [0.428023993969, 0.377184540033, 0.323222637177, 0.307217746973, 0.435417979956, 0.70401930809], "dmean2": [0.675420880318, 0.59182626009, 0.492662400007, 0.45508813858, 0.660019338131, 1.10968482494], "dvar": [0.136936798692, 0.114536054432, 0.0866605862975, 0.0862700715661, 0.177827268839, 0.3238081038], "dvar2": [0.302553296089, 0.232012346387, 0.164600208402, 0.159590274096, 0.411141455173, 0.832975745201], "max": [-4.9147105217, -4.31565093994, -5.18146848679, -5.9238615036, -6.21019887924, -9.1228723526], "mean": [-7.03165340424, -6.46198654175, -6.94855833054, -7.92584085464, -8.78432369232, -11.5276441574], "median": [-6.76527690887, -6.11438941956, -6.61685371399, -7.61894512177, -8.52920913696, -11.3046483994], "min": [-28.2631492615, -27.9835186005, -27.7995262146, -27.7591457367, -27.5033988953, -27.4208965302], "var": [3.92592215538, 4.18558835983, 3.93491387367, 3.66125535965, 3.5434191227, 2.9038465023]}, "spectral_decrease": {"dmean": 4.11388789701e-09, "dmean2": 6.30498009357e-09, "dvar": 5.14290248345e-17, "dvar2": 1.16397322083e-16, "max": 9.77978498184e-09, "mean": -7.03877844899e-09, "median": -4.83130868645e-09, "min": -7.43391481706e-08, "var": 7.10515389831e-17}, "spectral_energy": {"dmean": 0.0197598785162, "dmean2": 0.028993755579, "dvar": 0.00133497011848, "dvar2": 0.00292599969544, "max": 0.438490778208, "mean": 0.0416474603117, "median": 0.0304922275245, "min": 1.02320472705e-20, "var": 0.00201205490157}, "spectral_energyband_high": {"dmean": 0.000178658709046, "dmean2": 0.000248758879025, "dvar": 1.17385070553e-07, "dvar2": 2.077763952e-07, "max": 0.00804045051336, "mean": 0.000421170814661, "median": 0.000201622431632, "min": 7.27938810768e-21, "var": 4.92303286137e-07}, "spectral_energyband_low": {"dmean": 0.0129097383469, "dmean2": 0.0201437845826, "dvar": 0.000863548659254, "dvar2": 0.0019701840356, "max": 0.285175472498, "mean": 0.0157814566046, "median": 0.00679899379611, "min": 1.63081640921e-23, "var": 0.000940872530919}, "spectral_energyband_middle_high": {"dmean": 0.00169821630698, "dmean2": 0.00260521331802, "dvar": 7.2400771387e-06, "dvar2": 1.71328119905e-05, "max": 0.0465823635459, "mean": 0.00428457697853, "median": 0.00282560894266, "min": 1.13399100962e-21, "var": 2.25798739848e-05}, "spectral_energyband_middle_low": {"dmean": 0.00707100797445, "dmean2": 0.0108634475619, "dvar": 9.66007355601e-05, "dvar2": 0.000216828775592, "max": 0.197051972151, "mean": 0.0156107125804, "median": 0.0110663222149, "min": 1.84989712432e-22, "var": 0.000240915978793}, "spectral_entropy": {"dmean": 0.250199407339, "dmean2": 0.391094237566, "dvar": 0.049050539732, "dvar2": 0.123288996518, "max": 9.81972885132, "mean": 6.91164398193, "median": 6.90204620361, "min": 5.05530166626, "var": 0.224042117596}, "spectral_flux": {"dmean": 0.0347562693059, "dmean2": 0.054532520473, "dvar": 0.00200737849809, "dvar2": 0.00478498311713, "max": 0.584764301777, "mean": 0.114036850631, "median": 0.103395231068, "min": 6.46349293532e-11, "var": 0.00478011323139}, "spectral_kurtosis": {"dmean": 14.3556079865, "dmean2": 22.7668933868, "dvar": 213.417495728, "dvar2": 554.486694336, "max": 187.607574463, "mean": 39.124786377, "median": 35.1903152466, "min": -1.25241518021, "var": 422.939300537}, "spectral_rms": {"dmean": 0.00127722159959, "dmean2": 0.00178014626727, "dvar": 2.70982241091e-06, "dvar2": 5.28812051925e-06, "max": 0.0206832271069, "mean": 0.00569754932076, "median": 0.00545421987772, "min": 3.15950716111e-12, "var": 8.16955980554e-06}, "spectral_rolloff": {"dmean": 4114.28710938, "dmean2": 8000.35253906, "dvar": 57174056, "dvar2": 139278864, "max": 22028.4667969, "mean": 10053.2109375, "median": 1679.58984375, "min": 43.06640625, "var": 98549384}, "spectral_skewness": {"dmean": 0.912525832653, "dmean2": 1.4295797348, "dvar": 0.722311794758, "dvar2": 1.87880122662, "max": 11.1928787231, "mean": 4.74845933914, "median": 4.64229631424, "min": -0.0942590758204, "var": 1.90183186531}, "spectral_spread": {"dmean": 637106.5, "dmean2": 1010347.5, "dvar": 503737876480, "dvar2": 1140793540610.0, "max": 42638