{"lowlevel": {"average_loudness": 0.865655124187, "barkbands": {"dmean": [0.000171967767528, 0.00195645354688, 0.0018685645191, 0.00124735594727, 0.000519179797266, 0.000168789440067, 0.00015637796605, 0.000150626510731, 0.000316647841828, 0.000272957433481, 0.000392525253119, 0.000339465332218, 0.000769827223849, 0.000567912764382, 0.00100042915437, 0.000458238850115, 0.000378532829927, 0.000311505369609, 0.000170407845872, 0.000146900885738, 5.50372315047e-05, 3.35801378242e-05, 3.69426197722e-05, 5.05761963723e-05, 9.61794139585e-05, 8.25563984108e-05, 7.48834736441e-06], "dmean2": [0.000282815395622, 0.00329987914301, 0.00340218283236, 0.00216757273301, 0.000888724229299, 0.000270689837635, 0.000258181069512, 0.000236004867475, 0.00049408961786, 0.000429598992923, 0.000614525750279, 0.000521975103766, 0.00118405150715, 0.000902280793525, 0.00157136237249, 0.000723889679648, 0.000597145117354, 0.000487172888825, 0.000265445443802, 0.000227741067647, 8.47444025567e-05, 5.18284468853e-05, 5.58962819923e-05, 7.71883496782e-05, 0.000145756872371, 0.000123480436741, 1.18122643471e-05], "dvar": [5.49555814189e-08, 1.54128920258e-05, 2.10979633266e-05, 8.29888085718e-06, 1.2684641888e-06, 1.39703544733e-07, 1.81454041126e-07, 2.36462184944e-07, 1.0518781437e-06, 9.95387608782e-07, 1.52710470047e-06, 1.0936913668e-06, 6.59453098706e-06, 4.0883537622e-06, 7.81897961133e-06, 1.95486131815e-06, 6.95643223025e-07, 4.35527795162e-07, 1.4106620938e-07, 8.43492102831e-08, 8.94034890564e-09, 2.78142797683e-09, 4.5451260533e-09, 1.04116093524e-08, 6.16263662323e-08, 2.40736515167e-08, 1.83133702647e-10], "dvar2": [1.51005380644e-07, 3.99304262828e-05, 6.01796200499e-05, 2.27599011851e-05, 3.51680023414e-06, 3.45873502283e-07, 4.7727604624e-07, 5.64621416288e-07, 2.5747788186e-06, 2.5086678761e-06, 3.94258040615e-06, 2.58996919911e-06, 1.42595727084e-05, 9.7735073723e-06, 1.88554095075e-05, 4.54078008261e-06, 1.71381725522e-06, 1.06999300442e-06, 3.37587380272e-07, 1.96487960125e-07, 1.98353760084e-08, 6.58518128915e-09, 9.92335547068e-09, 2.42960975783e-08, 1.4733369369e-07, 5.72135370192e-08, 4.30432939291e-10], "max": [0.00355980545282, 0.0509403198957, 0.0524920374155, 0.036061309278, 0.0146674420685, 0.0118355453014, 0.0106939030811, 0.0154722332954, 0.026315741241, 0.0400783270597, 0.031809810549, 0.0251586642116, 0.0981718674302, 0.0749974399805, 0.0699350982904, 0.0693731233478, 0.0215109270066, 0.0181172043085, 0.0100198406726, 0.00981003139168, 0.00263920379803, 0.00108061393257, 0.00157505727839, 0.00203155423515, 0.00383580336347, 0.00192073348444, 0.000202222377993], "mean": [0.000183646683581, 0.0022454271093, 0.00212428322993, 0.00137812877074, 0.000804825976957, 0.000271911005257, 0.000202697876375, 0.000222902628593, 0.000488062592922, 0.000377242889954, 0.000572208256926, 0.000519951281603, 0.00112959067337, 0.000776488799602, 0.00151909014676, 0.00073214864824, 0.000643297040369, 0.000527778407559, 0.000319642218528, 0.00031047189259, 0.000120837037684, 7.95768282842e-05, 8.28745978652e-05, 0.000103850536107, 0.00016461519408, 0.000123618272482, 9.90796525002e-06], "median": [8.57058839756e-05, 0.0010989101138, 0.00103521719575, 0.000651228590868, 0.000514690298587, 0.000143540120916, 8.22549700388e-05, 5.72582357563e-05, 9.64186983765e-05, 7.24476849427e-05, 0.000107119485619, 0.000110793414933, 0.000189375685295, 0.000105497172626, 0.000217229055124, 0.000171261694049, 0.000212073238799, 0.000151353247929, 0.000142291057273, 0.000144210542203, 7.18691007933e-05, 5.29949029442e-05, 4.9226309784e-05, 5.85853122175e-05, 9.51302281464e-05, 6.55653129797e-05, 3.10257019009e-06], "min": [3.79159313429e-25, 2.56778661992e-24, 7.40413604373e-25, 1.35185269087e-24, 8.37315897463e-24, 8.0683099887e-24, 6.05759781017e-24, 9.87078458192e-24, 1.51442313809e-23, 1.4257214091e-23, 2.06138663093e-23, 3.30159430307e-23, 4.45690697341e-23, 3.29815865606e-23, 4.44473548073e-23, 5.72933519591e-23, 6.52439402349e-23, 1.22373884391e-22, 1.25580092788e-22, 2.20204248671e-22, 2.62038741543e-22, 3.28869977204e-22, 4.76265444036e-22, 5.97230662663e-22, 8.77277243272e-22, 1.31632980862e-21, 2.06648215488e-21], "var": [6.61755308329e-08, 1.37092674777e-05, 1.46322881847e-05, 6.45645650366e-06, 1.14687986752e-06, 1.85836739774e-07, 1.88096692e-07, 3.95032145661e-07, 1.76236892457e-06, 1.38099539981e-06, 2.67646760221e-06, 2.13272596739e-06, 1.23603958855e-05, 6.68346092425e-06, 1.44509031088e-05, 3.70948669115e-06, 1.53470853093e-06, 9.78203388513e-07, 3.50923215819e-07, 2.60929880369e-07, 2.48343727804e-08, 7.77484654435e-09, 1.19044551994e-08, 2.00700078778e-08, 6.85554155666e-08, 2.97330213783e-08, 2.87594809079e-10]}, "barkbands_crest": {"dmean": 2.60710787773, "dmean2": 4.28959226608, "dvar": 5.64783525467, "dvar2": 14.6659526825, "max": 26.3533744812, "mean": 8.80160617828, "median": 8.01748180389, "min": 2.46012353897, "var": 14.4273920059}, "barkbands_flatness_db": {"dmean": 0.021114602685, "dmean2": 0.0334047712386, "dvar": 0.000419263233198, "dvar2": 0.00107203738298, "max": 0.439861923456, "mean": 0.0910348668694, "median": 0.0837707817554, "min": 0.0150472503155, "var": 0.00168092793319}, "barkbands_kurtosis": {"dmean": 2.67539930344, "dmean2": 4.32032203674, "dvar": 94.5380020142, "dvar2": 224.598876953, "max": 523.546813965, "mean": 3.08351683617, "median": -0.0203284174204, "min": -1.90577542782, "var": 323.943023682}, "barkbands_skewness": {"dmean": 0.589134395123, "dmean2": 0.90730625391, "dvar": 0.42358982563, "dvar2": 1.01281678677, "max": 19.8650627136, "mean": 0.967316746712, "median": 0.694367051125, "min": -3.13316750526, "var": 2.6880171299}, "barkbands_spread": {"dmean": 8.92412185669, "dmean2": 14.0365571976, "dvar": 85.9438018799, "dvar2": 210.857009888, "max": 124.685043335, "mean": 36.6559028625, "median": 35.615562439, "min": 0.703187584877, "var": 259.520935059}, "dissonance": {"dmean": 0.0112091349438, "dmean2": 0.0190410930663, "dvar": 0.000159300980158, "dvar2": 0.000439170369646, "max": 0.500000119209, "mean": 0.481193900108, "median": 0.48508054018, "min": 0.29813337326, "var": 0.000245513365371}, "dynamic_complexity": 4.50189399719, "erbbands": {"dmean": [0.0335937552154, 0.532416760921, 2.0074133873, 3.13860321045, 3.29311990738, 1.28254044056, 1.0767108202, 1.59547662735, 2.01185965538, 2.25550985336, 3.75339651108, 7.50429296494, 7.45598602295, 11.4295663834, 15.3542051315, 14.3787117004, 32.7588653564, 29.56391716, 48.5881004333, 32.1703681946, 21.9322338104, 18.605638504, 18.5809440613, 8.55973434448, 9.18050956726, 6.01357793808, 3.03569626808, 1.73386847973, 1.27929127216, 1.05226802826, 1.09875559807, 1.11309087276, 0.849228799343, 0.909965515137, 0.813261926174, 0.455463469028, 0.13716557622, 0.0170104708523, 0.00131917546969, 5.7631303207e-05], "dmean2": [0.0544122196734, 0.907156527042, 3.60519766808, 5.58849954605, 5.61086368561, 2.12444615364, 1.76331925392, 2.53898048401, 3.37383842468, 3.5830116272, 5.82570981979, 11.5452661514, 11.6619148254, 18.0839176178, 23.8303356171, 21.8544940948, 50.2934341431, 46.1327857971, 76.7364883423, 49.9429473877, 34.417804718, 28.7157707214, 28.9501037598, 13.226439476, 14.3213005066, 9.27887248993, 4.66150569916, 2.66303753853, 1.97828292847, 1.60961258411, 1.66967225075, 1.72502958775, 1.29036438465, 1.38011527061, 1.25768113136, 0.678845763206, 0.212175160646, 0.026265444234, 0.00208732765168, 8.97076315596e-05], "dvar": [0.00356287648901, 1.20655429363, 22.3362865448, 54.5727996826, 57.4262657166, 6.17478322983, 5.19114351273, 14.9586992264, 36.7480354309, 39.5756454468, 175.412307739, 567.578979492, 695.043151855, 1504.41870117, 3025.19946289, 2012.11657715, 11471.5878906, 8903.14746094, 21576.3417969, 7989.57128906, 4049.38867188, 1769.50183105, 1522.52429199, 474.867645264, 408.713806152, 133.156967163, 31.1526031494, 8.1044588089, 4.14581727982, 2.83313083649, 4.21139192581, 5.62044239044, 2.64747786522, 4.74252891541, 4.92428779602, 0.793209791183, 0.0732407048345, 0.000938764482271, 6.10286906522e-06, 1.41476697024e-08], "dvar2": [0.00874062441289, 3.15860199928, 62.9700202942, 152.88508606, 155.152877808, 16.7456016541, 13.2419376373, 36.5630950928, 97.5067214966, 99.6330032349, 425.126861572, 1339.00830078, 1715.93798828, 3842.14477539, 7766.05224609, 4871.42382813, 24410.0917969, 20556.6699219, 55052.34375, 18260.5859375, 10686.1328125, 4173.32910156, 3751.01147461, 1125.62646484, 967.516845703, 296.412689209, 66.7972335815, 18.4758281708, 10.0278282166, 6.3263297081, 9.28314304352, 13.7293787003, 5.87066221237, 11.0394535065, 12.1695709229, 1.88064622879, 0.181428089738, 0.00226324633695, 1.45922804222e-05, 3.42997914515e-08], "max": [1.03806185722, 12.6564188004, 51.5978240967, 83.5572967529, 104.447982788, 44.7986526489, 57.627948761, 132.669219971, 199.33215332, 237.114501953, 457.690063477, 551.064880371, 984.320617676, 1448.71643066, 1571.33251953, 1132.9432373, 3083.11254883, 3794.79125977, 4563.09033203, 2879.33984375, 3535.73364258, 948.082214355, 916.943847656, 737.956787109, 714.091552734, 475.778289795, 224.673797607, 53.5726623535, 41.3978271484, 44.4009895325, 44.8841705322, 48.174911499, 31.7985591888, 37.5142173767, 34.9093818665, 13.1798343658, 3.1776599884, 0.400139898062, 0.0350470170379, 0.00220792018808], "mean": [0.044783346355, 0.591240942478, 2.29518127441, 3.54921364784, 4.18766593933, 2.26507425308, 1.85910439491, 2.53274798393, 2.59818410873, 3.32705664635, 5.81709909439, 12.1921072006, 10.8152227402, 17.801908493, 23.6173210144, 23.7493228912, 49.5468254089, 46.9222946167, 76.473815918, 53.3012123108, 39.0850257874, 34.6696472168, 32.9613723755, 16.7125835419, 18.3222618103, 13.3904008865, 6.78643083572, 3.87203741074, 2.96778106689, 2.49111652374, 2.41023564339, 2.15549230576, 1.727845788, 1.6232727766, 1.2798897028, 0.704170644283, 0.189454808831, 0.0260331202298, 0.00170770811383, 8.61530934344e-05], "median": [0.0235360339284, 0.279123187065, 1.16732227802, 1.88309979439, 2.28192996979, 1.42930293083, 0.972837209702, 1.23565351963, 1.11377441883, 1.35695695877, 1.69790327549, 2.49321269989, 2.48952198029, 4.10717201233, 4.31502151489, 5.65573883057, 9.35563659668, 9.41981124878, 11.2113161087, 11.1970729828, 11.8382053375, 11.6025447845, 9.84911155701, 6.56646537781, 8.35221862793, 6.60207080841, 3.76047086716, 2.43919992447, 1.97893095016, 1.58999371529, 1.42624247074, 1.17739439011, 1.0047454834, 0.947265803814, 0.711574614048, 0.385918319225, 0.0939790606499, 0.0134931989014, 0.000478415808175, 4.17750416091e-05], "min": [5.19153337585e-23, 7.54502062183e-22, 2.15764872711e-21, 5.14863264596e-21, 1.6640915833e-20, 3.06752950829e-20, 3.77998889405e-20, 4.25904989958e-20, 8.41550872368e-20, 1.87926504206e-19, 3.88119993499e-19, 4.5972041128e-19, 7.68535006388e-19, 7.73328673134e-19, 1.15169855951e-18, 1.46728419661e-18, 1.8116872553e-18, 1.62325788991e-18, 2.47117581702e-18, 3.22424766413e-18, 3.32670990622e-18, 4.173729205e-18, 6.81636860285e-18, 6.93002115107e-18, 5.77441013066e-18, 1.06333472174e-17, 8.97904720362e-18, 8.93767162938e-18, 1.17250213123e-17, 1.16419748604e-17, 1.2220258481e-17, 1.09000112217e-17, 1.08717927823e-17, 9.08273760213e-18, 6.00278311726e-18, 4.7698298824e-18, 2.17949021954e-18, 1.01556034711e-18, 2.57541959935e-19, 2.84734404587e-20], "var": [0.00405203690752, 1.0230332613, 15.8798828125, 38.450252533, 48.6992301941, 7.45430517197, 8.23126029968, 20.0313110352, 33.4302749634, 52.7244186401, 279.277069092, 1125.59924316, 934.957214355, 2331.85253906, 5794.04541016, 4104.69140625, 21887.2714844, 16155.7558594, 39709.3671875, 15638.0957031, 7999.10009766, 4189.30078125, 3509.47363281, 1211.95031738, 1026.67053223, 475.638000488, 106.468154907, 20.9661273956, 10.8997220993, 8.73522853851, 10.4229202271, 9.94277477264, 5.32770204544, 6.07116365433, 4.8739771843, 0.997985243797, 0.0775925368071, 0.00125510653015, 9.25615404412e-06, 1.98943030938e-08]}, "erbbands_crest": {"dmean": 2.6632270813, "dmean2": 4.29888772964, "dvar": 7.61522197723, "dvar2": 18.0222473145, "max": 32.1387825012, "mean": 8.83626270294, "median": 7.54872846603, "min": 2.09948015213, "var": 24.1761760712}, "erbbands_flatness_db": {"dmean": 0.0183569155633, "dmean2": 0.0264715701342, "dvar": 0.000312706601107, "dvar2": 0.000605647219345, "max": 0.322521865368, "mean": 0.124675184488, "median": 0.119181722403, "min": 0.030177552253, "var": 0.00208993232809}, "erbbands_kurtosis": {"dmean": 1.21344101429, "dmean2": 1.87498342991, "dvar": 4.31475114822, "dvar2": 9.63784790039, "max": 65.1168899536, "mean": 1.4336707592, "median": 0.656929731369, "min": -1.80060827732, "var": 9.99979114532}, "erbbands_skewness": {"dmean": 0.335358768702, "dmean2": 0.522365808487, "dvar": 0.108264021575, "dvar2": 0.267265468836, "max": 5.07173013687, "mean": -0.194954827428, "median": -0.226268619299, "min": -3.16281080246, "var": 0.400633305311}, "erbbands_spread": {"dmean": 9.63384342194, "dmean2": 14.588104248, "dvar": 126.073616028, "dvar2": 276.193695068, "max": 188.908584595, "mean": 39.9546318054, "median": 32.8930435181, "min": 1.76463019848, "var": 708.505554199}, "gfcc": {"cov": [[14439.7363281, -230.960769653, -1309.93066406, -296.644439697, -298.047058105, -81.7642059326, -521.09173584, -0.550057709217, -427.986968994, -41.7621536255, -375.750610352, -16.5328083038, -341.090759277], [-230.960769653, 697.728393555, -225.46031189, 61.8520469666, -51.6278076172, 0.550190627575, 11.0681915283, 5.8764128685, -34.3753623962, -44.9761695862, 7.76849126816, -56.8821868896, 21.9977035522], [-1309.93066406, -225.46031189, 974.377380371, 86.1582107544, -32.4144363403, -52.8800888062, 28.8984794617, -22.5616931915, -7.11558485031, 43.0708045959, 14.1649923325, 46.8801841736, -23.9339199066], [-296.644439697, 61.8520469666, 86.1582107544, 243.514892578, -7.0438914299, 6.1795592308, -23.4873485565, 15.8812990189, 4.30972862244, -3.38646173477, 11.8242025375, 8.86657333374, 16.1894683838], [-298.047058105, -51.6278076172, -32.4144363403, -7.0438914299, 184.898193359, 25.0139465332, 28.0645713806, 1.80351746082, 26.5088634491, 18.3350448608, 14.9166822433, 6.43218851089, 17.8667507172], [-81.7642059326, 0.550190627575, -52.8800888062, 6.1795592308, 25.0139465332, 171.595092773, 45.2450637817, -2.34947061539, -3.09933757782, 1.53422665596, 7.0089263916, -6.61802768707, -10.4782438278], [-521.09173584, 11.0681915283, 28.8984794617, -23.4873485565, 28.0645713806, 45.2450637817, 128.192932129, 24.9725246429, 2.71003961563, 8.23453426361, 23.0143241882, -15.7136278152, 8.34055423737], [-0.550057709217, 5.8764128685, -22.5616931915, 15.8812990189, 1.80351746082, -2.34947061539, 24.9725246429, 101.790184021, 42.95362854, -1.6174197197, -21.3339099884, 4.90442895889, 11.9069881439], [-427.986968994, -34.3753623962, -7.11558485031, 4.30972862244, 26.5088634491, -3.09933757782, 2.71003961563, 42.95362854, 114.560699463, 17.8251552582, 0.735080122948, 0.764290809631, 22.8175373077], [-41.7621536255, -44.9761695862, 43.0708045959, -3.38646173477, 18.3350448608, 1.53422665596, 8.23453426361, -1.6174197197, 17.8251552582, 82.0428237915, 33.4322395325, 5.45942878723, -4.55276823044], [-375.750610352, 7.76849126816, 14.1649923325, 11.8242025375, 14.9166822433, 7.0089263916, 23.0143241882, -21.3339099884, 0.735080122948, 33.4322395325, 86.3618087769, 17.9796047211, 5.60108613968], [-16.5328083038, -56.8821868896, 46.8801841736, 8.86657333374, 6.43218851089, -6.61802768707, -15.7136278152, 4.90442895889, 0.764290809631, 5.45942878723, 17.9796047211, 69.8865432739, 17.6713867188], [-341.090759277, 21.9977035522, -23.9339199066, 16.1894683838, 17.8667507172, -10.4782438278, 8.34055423737, 11.9069881439, 22.8175373077, -4.55276823044, 5.60108613968, 17.6713867188, 78.3509597778]], "icov": [[0.000160319017596, 0.000101697114587, 0.000250540382694, 8.00404377514e-05, 0.000117948409752, 1.56402147695e-05, 0.000486543634906, -0.000306606234517, 0.000686276238412, -0.000415879912907, 0.000570682634134, -0.000177836322109, 0.000474655418657], [0.000101697114587, 0.00197486835532, 0.000548051088117, -0.000505888659973, 0.000568502757233, 0.000144752950291, 0.000245248316787, -0.000589088129345, 0.00112580356654, 0.000520520785358, -0.000590655370615, 0.00161273544654, -0.000505782372784], [0.000250540382694, 0.000548051088117, 0.0017867902061, -0.00071074697189, 0.000602713902481, 0.000752323132474, -0.000556046317797, 0.000479513517348, 0.000863948138431, -0.00130623485893, 0.0016514561139, -0.00144739402458, 0.00145987572614], [8.00404377514e-05, -0.000505888659973, -0.00071074697189, 0.00512848235667, -0.000141394819366, -0.00105019635521, 0.00271091214381, -0.00220507453196, 0.000836381164845, 0.0004475703754, -0.00161652697716, 0.000766862824094, -0.00112296361476], [0.000117948409752, 0.000568502757233, 0.000602713902481, -0.000141394819366, 0.00637249881402, -0.000458743568743, -0.00115923734847, 0.000812734186184, -0.000777892477345, -0.00126520369668, 0.000514197396114, -0.000697962648701, -0.000673739355989], [1.56402147695e-05, 0.000144752950291, 0.000752323132474, -0.00105019635521, -0.000458743568743, 0.0071341926232, -0.0034772597719, 0.00155752676073, -0.000376066571334, -0.000171738793142, 0.00107491295785, -0.00117645750288, 0.00195445632562], [0.000486543634906, 0.000245248316787, -0.000556046317797, 0.00271091214381, -0.00115923734847, -0.0034772597719, 0.014736013487, -0.00717755127698, 0.00461392477155, -0.000170951418113, -0.00440399581566, 0.00544531736523, -0.00162626057863], [-0.000306606234517, -0.000589088129345, 0.000479513517348, -0.00220507453196, 0.000812734186184, 0.00155752676073, -0.00717755127698, 0.0166435670108, -0.00746876234189, -0.000414274487412, 0.00589711219072, -0.00483520142734, 0.000510396144819], [0.000686276238412, 0.00112580356654, 0.000863948138431, 0.000836381164845, -0.000777892477345, -0.000376066571334, 0.00461392477155, -0.00746876234189, 0.0154304131866, -0.00376043049619, 0.000659595360048, 0.00239223567769, -0.00176529830787], [-0.000415879912907, 0.000520520785358, -0.00130623485893, 0.0004475703754, -0.00126520369668, -0.000171738793142, -0.000170951418113, -0.000414274487412, -0.00376043049619, 0.0175002701581, -0.00872045103461, 0.00211327895522, 0.000157365167979], [0.000570682634134, -0.000590655370615, 0.0016514561139, -0.00161652697716, 0.000514197396114, 0.00107491295785, -0.00440399581566, 0.00589711219072, 0.000659595360048, -0.00872045103461, 0.021404473111, -0.00811044499278, 0.00268812570721], [-0.000177836322109, 0.00161273544654, -0.00144739402458, 0.000766862824094, -0.000697962648701, -0.00117645750288, 0.00544531736523, -0.00483520142734, 0.00239223567769, 0.00211327895522, -0.00811044499278, 0.0215127170086, -0.00651668850332], [0.000474655418657, -0.000505782372784, 0.00145987572614, -0.00112296361476, -0.000673739355989, 0.00195445632562, -0.00162626057863, 0.000510396144819, -0.00176529830787, 0.000157365167979, 0.00268812570721, -0.00651668850332, 0.0179608464241]], "mean": [-9.99905204773, 46.7404441833, -105.790885925, 35.5563850403, -31.1614723206, 27.5381793976, -39.8847389221, 16.9863166809, -33.18542099, 7.78036928177, -23.5497646332, -0.658772647381, -16.1019077301]}, "hfc": {"dmean": 7.30574226379, "dmean2": 10.2238349915, "dvar": 112.862770081, "dvar2": 226.151870728, "max": 186.781417847, "mean": 21.5733966827, "median": 13.4959096909, "min": 1.10983286007e-16, "var": 514.847961426}, "melbands": {"dmean": [0.00042970845243, 0.000910936505534, 0.000565823691431, 0.000147969243699, 3.82673388231e-05, 3.42514831573e-05, 3.16737823596e-05, 2.49052700383e-05, 3.08005510306e-05, 5.18824381288e-05, 3.75442941731e-05, 4.54910950793e-05, 4.79281661683e-05, 4.11095716117e-05, 4.14513706346e-05, 8.9784298325e-05, 5.46757437405e-05, 7.69917533034e-05, 6.85090126353e-05, 3.82110665669e-05, 2.59372936853e-05, 2.25846761168e-05, 2.099609992e-05, 1.17226445582e-05, 7.35261255613e-06, 6.76558875057e-06, 7.32383023205e-06, 3.75403351427e-06, 2.23599045057e-06, 1.38486495871e-06, 1.00969464256e-06, 8.13796532384e-07, 6.74122134114e-07, 6.27403892395e-07, 6.81186406837e-07, 6.85672716827e-07, 7.51232505536e-07, 6.41090821318e-07, 6.23907681074e-07, 8.69868529207e-07], "dmean2": [0.00071185833076, 0.00158256106079, 0.000991414184682, 0.000251244666288, 6.24529275228e-05, 5.47208510397e-05, 5.26826988789e-05, 3.93317313865e-05, 4.82801879116e-05, 8.00691705081e-05, 5.90048512095e-05, 7.18874798622e-05, 7.48596794438e-05, 6.36592085357e-05, 6.4970125095e-05, 0.000138461502502, 8.65563124535e-05, 0.000121898694488, 0.000106666928332, 6.06953944953e-05, 4.14988644479e-05, 3.56452292181e-05, 3.27020388795e-05, 1.83621359611e-05, 1.15990487757e-05, 1.06868592411e-05, 1.15896646093e-05, 5.85534053243e-06, 3.48296225638e-06, 2.15576210394e-06, 1.59083458584e-06, 1.29007605665e-06, 1.05592607724e-06, 9.78213620328e-07, 1.05324647848e-06, 1.06368145225e-06, 1.19183653169e-06, 9.9748899629e-07, 9.49363709424e-07, 1.3464997437e-06], "dvar": [6.71368809435e-07, 4.11109658671e-06, 1.67534199136e-06, 1.07352612133e-07, 6.01201755046e-09, 6.54803278266e-09, 8.12087286306e-09, 4.68251970531e-09, 1.27836345953e-08, 2.87805850263e-08, 1.76589285417e-08, 2.59095322974e-08, 2.69264255337e-08, 1.53898067623e-08, 2.39096795696e-08, 9.84622730016e-08, 4.03319013742e-08, 6.13268085203e-08, 4.2390997379e-08, 1.35632252096e-08, 5.3034709957e-09, 2.78077649796e-09, 2.07578310096e-09, 7.6168954477e-10, 4.13619860584e-10, 2.82939949248e-10, 2.41719255722e-10, 5.40441545682e-11, 1.83967580752e-11, 5.85262003791e-12, 2.86182731159e-12, 1.73704605387e-12, 1.17881962872e-12, 1.07438114395e-12, 1.48268810424e-12, 2.17389713002e-12, 2.77352815194e-12, 1.67884781598e-12, 1.40038805205e-12, 4.9458397447e-12], "dvar2": [1.70508371866e-06, 1.12222232929e-05, 4.62026582682e-06, 2.92718681294e-07, 1.55106310018e-08, 1.61277977639e-08, 2.15935198611e-08, 1.16094378555e-08, 3.15942507711e-08, 6.86217092039e-08, 4.3588432419e-08, 6.6135712018e-08, 6.94391957268e-08, 3.85475296127e-08, 5.80100554259e-08, 2.03435348567e-07, 9.41244664432e-08, 1.58643459258e-07, 9.84590968756e-08, 3.00934246411e-08, 1.4730987985e-08, 6.85051437799e-09, 4.90816187693e-09, 1.86177662176e-09, 1.0029364006e-09, 6.74732603123e-10, 5.90918702859e-10, 1.21455998037e-10, 3.99640216753e-11, 1.34470429583e-11, 6.81867886806e-12, 4.33315709703e-12, 2.77430530805e-12, 2.45096087523e-12, 3.33454032615e-12, 5.12076448952e-12, 7.04084880676e-12, 3.93309343427e-12, 3.03814872565e-12, 1.1951447644e-11], "max": [0.0125091597438, 0.0211461745203, 0.0158721059561, 0.0045253909193, 0.00228737806901, 0.00274369725958, 0.00257358490489, 0.00251489621587, 0.00385724846274, 0.00384744512849, 0.00482736667618, 0.00648709200323, 0.00440107425675, 0.0034678094089, 0.00591492746025, 0.0118002360687, 0.00836100522429, 0.00784995593131, 0.00603386806324, 0.00499702664092, 0.00330403214321, 0.00121370283887, 0.000826364790555, 0.00101734104101, 0.000728359853383, 0.000654885836411, 0.000476782268379, 0.00033267607796, 0.000196291133761, 4.86883618578e-05, 2.97574824799e-05, 2.41518118855e-05, 2.56805669778e-05, 2.63372512563e-05, 2.30101650232e-05, 4.10782631661e-05, 3.53867944796e-05, 2.50957509706e-05, 2.52703939623e-05, 4.31747539551e-05], "mean": [0.00052508682711, 0.00108118506614, 0.000685111270286, 0.000221180685912, 7.10431995685e-05, 5.41928202438e-05, 4.14561909565e-05, 3.72033173335e-05, 4.56057059637e-05, 8.20836648927e-05, 5.19556087966e-05, 6.80081793689e-05, 7.16729991836e-05, 6.42567247269e-05, 6.28121706541e-05, 0.000132163069793, 7.73055071477e-05, 0.000114056063467, 0.000101483092294, 5.88364709984e-05, 4.28855710197e-05, 3.7581561628e-05, 3.54612639057e-05, 1.9942966901e-05, 1.27586099552e-05, 1.22093042592e-05, 1.37657652886e-05, 7.704710697e-06, 4.63558899355e-06, 2.74344256468e-06, 2.04142406801e-06, 1.70754492501e-06, 1.44463717788e-06, 1.36304504395e-06, 1.41413340771e-06, 1.2887791172e-06, 1.34248841732e-06, 1.21304526601e-06, 1.19552669275e-06, 1.42836802297e-06], "median": [0.000270905118668, 0.000571126700379, 0.000386530591641, 0.000141690688906, 3.99974233005e-05, 2.75693346339e-05, 1.77756355697e-05, 1.4404871763e-05, 1.21906832646e-05, 1.49557890836e-05, 1.09015090857e-05, 1.45707017509e-05, 1.29653035401e-05, 1.31222514028e-05, 1.35100217449e-05, 2.01709153771e-05, 1.20951008284e-05, 1.41405198519e-05, 1.5484261894e-05, 1.13531277748e-05, 1.31162323669e-05, 1.19802389236e-05, 9.72123416432e-06, 6.26406472293e-06, 4.57640271634e-06, 5.41352164873e-06, 5.81197946303e-06, 3.55149586539e-06, 2.44390253101e-06, 1.50144433064e-06, 1.248334911e-06, 1.10828477773e-06, 8.90640876605e-07, 8.22795641398e-07, 8.10517178707e-07, 6.81000130953e-07, 7.12339897291e-07, 6.69630367156e-07, 6.94697291692e-07, 8.11088796127e-07], "min": [7.5604384783e-25, 1.7519656044e-24, 1.2248845421e-24, 9.53337615099e-25, 1.86897734247e-24, 1.11918585827e-24, 1.24516290192e-24, 1.8548259667e-24, 3.21427647276e-24, 2.62406375968e-24, 3.69864692933e-24, 2.60669777572e-24, 4.21627457837e-24, 3.97025923318e-24, 3.82167728168e-24, 3.03134140378e-24, 2.5745396637e-24, 4.36235781295e-24, 3.44785029819e-24, 4.03053254507e-24, 3.296127497e-24, 3.96368328867e-24, 5.04777223223e-24, 5.89193504792e-24, 5.07068943039e-24, 4.48325035225e-24, 4.32528016712e-24, 6.37306407503e-24, 4.18757581864e-24, 5.79217175354e-24, 4.91764883705e-24, 6.42517543756e-24, 5.46191513557e-24, 5.41608192255e-24, 6.79946587683e-24, 5.26534361976e-24, 5.27192271971e-24, 6.51799281167e-24, 6.90791295206e-24, 7.24280649443e-24], "var": [6.48439993256e-07, 3.18169963975e-06, 1.25769327042e-06, 9.45427061083e-08, 9.98648008732e-09, 8.53858939109e-09, 7.73676678278e-09, 6.82215128833e-09, 1.85278619114e-08, 5.42870211007e-08, 2.32711183656e-08, 3.8671533531e-08, 4.90136002895e-08, 3.11022319011e-08, 3.94628898448e-08, 1.90309592085e-07, 6.77081715139e-08, 1.05065176115e-07, 7.29934015453e-08, 2.54934491295e-08, 9.9269845677e-09, 5.72094904783e-09, 4.51714132765e-09, 1.57447721527e-09, 9.3232188636e-10, 6.30862750928e-10, 5.87732307267e-10, 1.87195273171e-10, 6.09086461822e-11, 1.40151050487e-11, 6.36222064615e-12, 3.8936440877e-12, 3.15930484898e-12, 2.93771279004e-12, 3.57908082511e-12, 4.24256029613e-12, 4.14239606158e-12, 3.08682593375e-12, 2.67124972315e-12, 5.52003451629e-12]}, "melbands_crest": {"dmean": 3.42757415771, "dmean2": 5.73319292068, "dvar": 9.56597900391, "dvar2": 25.4038715363, "max": 34.5424728394, "mean": 14.0002498627, "median": 13.4328985214, "min": 1.00066387653, "var": 27.7792320251}, "melbands_flatness_db": {"dmean": 0.0271085444838, "dmean2": 0.0426851734519, "dvar": 0.000736726680771, "dvar2": 0.00188378849998, "max": 0.48715749383, "mean": 0.158440768719, "median": 0.147657424212, "min": 4.31434102666e-07, "var": 0.00317613850348}, "melbands_kurtosis": {"dmean": 9.33096408844, "dmean2": 14.9458885193, "dvar": 692.930847168, "dvar2": 1646.00061035, "max": 1433.61279297, "mean": 17.1564502716, "median": 3.2848238945, "min": -1.7780995369, "var": 4574.640625}, "melbands_skewness": {"dmean": 0.918538570404, "dmean2": 1.4156794548, "dvar": 1.19251298904, "dvar2": 2.79688596725, "max": 30.9982089996, "mean": 2.5298473835, "median": 1.93224346638, "min": -2.52971768379, "var": 7.574696064}, "melbands_spread": {"dmean": 10.6533203125, "dmean2": 16.8046417236, "dvar": 119.571670532, "dvar2": 285.114746094, "max": 166.488479614, "mean": 39.3560752869, "median": 38.7856369019, "min": 0.443663328886, "var": 515.757507324}, "mfcc": {"cov": [[8108.68310547, 221.335922241, -872.084960938, -240.727005005, -35.8332481384, -175.502822876, -143.434829712, -66.2184906006, -147.092147827, -52.365776062, -140.037857056, -138.463439941, -150.711639404], [221.335922241, 525.690490723, -77.7911224365, 12.4974746704, -34.1072845459, -24.9042301178, 35.1220092773, -13.8955354691, -13.1638154984, 0.305996000767, -7.57226896286, -25.7433872223, -30.1805114746], [-872.084960938, -77.7911224365, 702.805541992, 127.692626953, 6.75724935532, 20.5330047607, 9.72350025177, -18.6477279663, -17.1915950775, -41.7161407471, 29.8920154572, 21.9920711517, 28.2910709381], [-240.727005005, 12.4974746704, 127.692626953, 209.186904907, 45.4419364929, -30.2729454041, -3.38295912743, -15.3385467529, 5.90163803101, -16.8777999878, -20.1241950989, 21.7272644043, 35.7721366882], [-35.8332481384, -34.1072845459, 6.75724935532, 45.4419364929, 131.144042969, 28.1845569611, -22.6527900696, 7.66492843628, 17.1357536316, -6.9858417511, -0.679901719093, 9.2204875946, 13.9473428726], [-175.502822876, -24.9042301178, 20.5330047607, -30.2729454041, 28.1845569611, 126.351387024, 52.5860366821, 0.91693675518, -12.4651050568, 6.36836147308, 20.2571868896, -1.03408384323, -9.59869289398], [-143.434829712, 35.1220092773, 9.72350025177, -3.38295912743, -22.6527900696, 52.5860366821, 135.458755493, 8.79473686218, -14.8929042816, 6.24711990356, 11.7592115402, 3.16842079163, -3.75227379799], [-66.2184906006, -13.8955354691, -18.6477279663, -15.3385467529, 7.66492843628, 0.91693675518, 8.79473686218, 101.29712677, 34.6560554504, 4.03985881805, 3.14571356773, -8.61115264893, -9.6576385498], [-147.092147827, -13.1638154984, -17.1915950775, 5.90163803101, 17.1357536316, -12.4651050568, -14.8929042816, 34.6560554504, 101.943367004, 34.4542312622, -7.72424507141, -1.49432456493, 6.17774438858], [-52.365776062, 0.305996000767, -41.7161407471, -16.8777999878, -6.9858417511, 6.36836147308, 6.24711990356, 4.03985881805, 34.4542312622, 81.4221878052, 20.9742279053, -3.88913249969, -5.05537080765], [-140.037857056, -7.57226896286, 29.8920154572, -20.1241950989, -0.679901719093, 20.2571868896, 11.7592115402, 3.14571356773, -7.72424507141, 20.9742279053, 75.5383911133, 23.914516449, -2.9872481823], [-138.463439941, -25.7433872223, 21.9920711517, 21.7272644043, 9.2204875946, -1.03408384323, 3.16842079163, -8.61115264893, -1.49432456493, -3.88913249969, 23.914516449, 71.4270324707, 36.0437927246], [-150.711639404, -30.1805114746, 28.2910709381, 35.7721366882, 13.9473428726, -9.59869289398, -3.75227379799, -9.6576385498, 6.17774438858, -5.05537080765, -2.9872481823, 36.0437927246, 76.5764770508]], "icov": [[0.000166062498465, -2.1665915483e-05, 0.000164632394444, 0.000127607287141, -0.000119373369671, 0.000237816464505, 7.23150005797e-05, 7.80189075158e-05, 0.000285845657345, 2.41987800109e-05, 0.000199150643311, 8.4686842456e-05, 0.000209237521631], [-2.1665915483e-05, 0.00213992362842, 0.000281968212221, -0.000484729651362, 0.000320381630445, 0.000580848427489, -0.000793926301412, 0.000439206458395, -6.53776005493e-05, 0.000236718842643, -0.000365693704225, 0.000648322456982, 0.000655437121168], [0.000164632394444, 0.000281968212221, 0.00202634418383, -0.00131023779977, 0.000616889505181, -0.000446050049504, 0.000204013136681, 0.000328982860083, -8.61774096848e-05, 0.0013391567627, -0.00135142402723, 0.000721688091289, -0.000115248622024], [0.000127607287141, -0.000484729651362, -0.00131023779977, 0.00752512272447, -0.00337351392955, 0.00295031140558, -0.0013987038983, 0.000861105974764, 0.000292730866931, -0.000430458050687, 0.00263469107449, -0.00145780539606, -0.00120989885181], [-0.000119373369671, 0.000320381630445, 0.000616889505181, -0.00337351392955, 0.0109943393618, -0.00502055650577, 0.00326000223868, -0.000919025624171, -0.00212494330481, 0.00177967257332, -0.00108699174598, -7.14919515303e-05, -0.00106845016126], [0.000237816464505, 0.000580848427489, -0.000446050049504, 0.00295031140558, -0.00502055650577, 0.0129811409861, -0.00541744474322, 0.0010481675854, 0.00158558273688, -0.000822110392619, -0.00108226947486, 0.000816132524051, 0.00128331687301], [7.23150005797e-05, -0.000793926301412, 0.000204013136681, -0.0013987038983, 0.00326000223868, -0.00541744474322, 0.0105790924281, -0.00191266753245, 0.00140988267958, -0.000851035176311, 0.000163347562193, -0.00088474387303, -0.000335340300808], [7.80189075158e-05, 0.000439206458395, 0.000328982860083, 0.000861105974764, -0.000919025624171, 0.0010481675854, -0.00191266753245, 0.0123686548322, -0.00510116480291, 0.00258807651699, -0.00194644159637, 0.00169876799919, 0.00127467256971], [0.000285845657345, -6.53776005493e-05, -8.61774096848e-05, 0.000292730866931, -0.00212494330481, 0.00158558273688, 0.00140988267958, -0.00510116480291, 0.015646873042, -0.00777492066845, 0.00427036266774, -0.00111451931298, -0.000640978571028], [2.41987800109e-05, 0.000236718842643, 0.0013391567627, -0.000430458050687, 0.00177967257332, -0.000822110392619, -0.000851035176311, 0.00258807651699, -0.00777492066845, 0.0183600317687, -0.00730358203873, 0.00341768260114, -0.000349501002347], [0.000199150643311, -0.000365693704225, -0.00135142402723, 0.00263469107449, -0.00108699174598, -0.00108226947486, 0.000163347562193, -0.00194644159637, 0.00427036266774, -0.00730358203873, 0.020726762712, -0.00938335806131, 0.00373970763758], [8.4686842456e-05, 0.000648322456982, 0.000721688091289, -0.00145780539606, -7.14919515303e-05, 0.000816132524051, -0.00088474387303, 0.00169876799919, -0.00111451931298, 0.00341768260114, -0.00938335806131, 0.0231452994049, -0.00982198771089], [0.000209237521631, 0.000655437121168, -0.000115248622024, -0.00120989885181, -0.00106845016126, 0.00128331687301, -0.000335340300808, 0.00127467256971, -0.000640978571028, -0.000349501002347, 0.00373970763758, -0.00982198771089, 0.0196341685951]], "mean": [-657.486816406, 87.8686599731, -6.76205301285, 22.0215206146, 25.2960090637, 12.6034202576, 13.1447143555, 5.01540184021, 4.40340232849, 3.9425907135, -1.16694366932, -1.39642488956, -0.241291433573]}, "pitch_salience": {"dmean": 0.0735487267375, "dmean2": 0.120414413512, "dvar": 0.00449578789994, "dvar2": 0.0118962218985, "max": 0.996093273163, "mean": 0.549867093563, "median": 0.555720031261, "min": 0.0540399029851, "var": 0.0114841079339}, "silence_rate_20dB": {"dmean": 0, "dmean2": 0, "dvar": 0, "dvar2": 0, "max": 1, "mean": 1, "median": 1, "min": 1, "var": 0}, "silence_rate_30dB": {"dmean": 0.000192437219084, "dmean2": 0.000384911458241, "dvar": 0.000192392151803, "dvar2": 0.000577186932787, "max": 1, "mean": 0.999903798103, "median": 1, "min": 0, "var": 9.61980913416e-05}, "silence_rate_60dB": {"dmean": 0.0277109593153, "dmean2": 0.0554272532463, "dvar": 0.0269415657967, "dvar2": 0.063326664269, "max": 1, "mean": 0.109486244619, "median": 0, "min": 0, "var": 0.0974993780255}, "spectral_centroid": {"dmean": 279.108520508, "dmean2": 441.971038818, "dvar": 88055.171875, "dvar2": 218625.671875, "max": 11827.6503906, "mean": 1937.07104492, "median": 1963.83947754, "min": 283.386077881, "var": 640969.875}, "spectral_complexity": {"dmean": 3.68728947639, "dmean2": 5.49595832825, "dvar": 18.3081378937, "dvar2": 35.7274093628, "max": 54, "mean": 16.034828186, "median": 15, "min": 0, "var": 105.433624268}, "spectral_contrast_coeffs": {"dmean": [0.0514382235706, 0.0420044511557, 0.0376275442541, 0.0345602966845, 0.0226780567318, 0.0150881502777], "dmean2": [0.0863948613405, 0.0693695172668, 0.0598048456013, 0.0538646951318, 0.0351573564112, 0.0241134129465], "dvar": [0.00220465217717, 0.00118268781807, 0.000978764146566, 0.00089917430887, 0.000405430997489, 0.000164775105077], "dvar2": [0.0060759363696, 0.00316639291123, 0.00231940322556, 0.0020122800488, 0.00084876071196, 0.0004024435475], "max": [-0.34337157011, -0.469214498997, -0.480784893036, -0.449531048536, -0.569333791733, -0.689810037613], "mean": [-0.678533196449, -0.778869569302, -0.777413129807, -0.759709239006, -0.784370660782, -0.805901288986], "median": [-0.678621411324, -0.783441066742, -0.790645599365, -0.773163437843, -0.793708205223, -0.807053804398], "min": [-0.978501677513, -0.997363805771, -0.998731672764, -0.98851531744, -0.989144265652, -0.964211285114], "var": [0.00491792801768, 0.00369310472161, 0.00531228724867, 0.00634958967566, 0.00291777402163, 0.000858363695443]}, "spectral_contrast_valleys": {"dmean": [0.376965373755, 0.400784045458, 0.350034207106, 0.323575019836, 0.260865211487, 0.267722696066], "dmean2": [0.603505551815, 0.634052395821, 0.546417951584, 0.491337954998, 0.381753355265, 0.36724832654], "dvar": [0.0997396782041, 0.135078236461, 0.106271594763, 0.108302615583, 0.0820970609784, 0.0917114913464], "dvar2": [0.24085830152, 0.31646206975, 0.237095579505, 0.227773502469, 0.159709498286, 0.181463450193], "max": [-5.54785490036, -5.11837530136, -5.57266330719, -5.50327539444, -5.67093849182, -7.91995859146], "mean": [-7.55150651932, -7.66398143768, -7.8372836113, -7.77664756775, -7.57707023621, -9.78186416626], "median": [-7.34992218018, -7.45489454269, -7.65830993652, -7.59050369263, -7.36356639862, -9.55402469635], "min": [-27.9989566803, -27.8759155273, -27.8490600586, -27.6723365784, -27.5367603302, -27.4235668182], "var": [2.32201313972, 2.54385757446, 2.49638080597, 2.51324272156, 2.48648190498, 2.12831902504]}, "spectral_decrease": {"dmean": 1.60891866496e-09, "dmean2": 2.45924858255e-09, "dvar": 6.37902001502e-18, "dvar2": 1.50254694749e-17, "max": 3.89972382198e-28, "mean": -3.73011310728e-09, "median": -2.46608200527e-09, "min": -2.77353482403e-08, "var": 1.2792961114e-17}, "spectral_energy": {"dmean": 0.00659198034555, "dmean2": 0.0099531384185, "dvar": 0.000102227124444, "dvar2": 0.000235514933593, "max": 0.117855891585, "mean": 0.0160350762308, "median": 0.0106089245528, "min": 1.00781504791e-20, "var": 0.000232394551858}, "spectral_energyband_high": {"dmean": 0.000322475185385, "dmean2": 0.000459415750811, "dvar": 2.99090373801e-07, "dvar2": 6.63390892441e-07, "max": 0.00828307587653, "mean": 0.000801893824246, "median": 0.000564236193895, "min": 7.29321268679e-21, "var": 6.68966720241e-07}, "spectral_energyband_low": {"dmean": 0.00371453282423, "dmean2": 0.00614602584392, "dvar": 5.83784894843e-05, "dvar2": 0.000150846200995, "max": 0.0786118730903, "mean": 0.00505594210699, "median": 0.00297815003432, "min": 8.52902211229e-24, "var": 5.30365796294e-05}, "spectral_energyband_middle_high": {"dmean": 0.00277178664692, "dmean2": 0.00401556817815, "dvar": 2.63350502792e-05, "dvar2": 5.42365669389e-05, "max": 0.100408673286, "mean": 0.00725820474327, "median": 0.00267167016864, "min": 1.23867883447e-21, "var": 0.00011223594629}, "spectral_energyband_middle_low": {"dmean": 0.00207541440614, "dmean2": 0.00345356645994, "dvar": 1.78063964995e-05, "dvar2": 4.72679785162e-05, "max": 0.0669085681438, "mean": 0.00348211312667, "median": 0.00229612644762, "min": 1.48504983918e-22, "var": 1.80934785021e-05}, "spectral_entropy": {"dmean": 0.142771437764, "dmean2": 0.213297903538, "dvar": 0.019253173843, "dvar2": 0.0431787110865, "max": 9.81729507446, "mean": 7.9071521759, "median": 7.90850448608, "min": 6.66773939133, "var": 0.0927154570818}, "spectral_flux": {"dmean": 0.0215696468949, "dmean2": 0.0318302437663, "dvar": 0.000704217178281, "dvar2": 0.00122721085791, "max": 0.28228494525, "mean": 0.0711285322905, "median": 0.0577645823359, "min": 6.33111618686e-11, "var": 0.00217866385356}, "spectral_kurtosis": {"dmean": 0.903072416782, "dmean2": 1.38184857368, "dvar": 0.853944003582, "dvar2": 2.03435897827, "max": 15.2008810043, "mean": 3.88252568245, "median": 3.79221224785, "min": -1.2540320158, "var": 3.64336323738}, "spectral_rms": {"dmean": 0.000726324389689, "dmean2": 0.00105962867383, "dvar": 8.10367680515e-07, "dvar2": 1.71878843958e-06, "max": 0.0107229361311, "mean": 0.00354964914732, "median": 0.00321716815233, "min": 3.13565644804e-12, "var": 3.04403624796e-06}, "spectral_rolloff": {"dmean": 779.100646973, "dmean2": 1318.43286133, "dvar": 1966658.125, "dvar2": 4979075.5, "max": 19552.1484375, "mean": 2309.70483398, "median": 2110.25390625, "min": 21.533203125, "var": 4061974.5}, "spectral_skewness": {"dmean": 0.144160673022, "dmean2": 0.219797447324, "dvar": 0.019284941256, "dvar2": 0.0425925552845, "max": 2.70658993721, "mean": 1.57268404961, "median": 1.58154916763, "min": -0.0749978795648, "var": 0.0984617397189}, "spectral_spread": {"dmean": 792717.3125, "dmean2": 1146311, "dvar": 843228643328, "dvar2": 1721362153470.0, "max": 42253856, "mean":