{"lowlevel": {"average_loudness": 0.768024086952, "barkbands": {"dmean": [1.17829904411e-05, 0.00113489257637, 0.000602351035923, 0.000358506542398, 0.000809528690297, 0.000566809845623, 0.0009504770278, 0.000554212834686, 0.00075216696132, 0.000847474962939, 0.000683596765157, 0.000704200821929, 0.000673819391523, 0.000476549786981, 0.000308823364321, 0.000198422843823, 0.000139712050441, 0.000139439740451, 0.000114608126751, 0.000157544665853, 2.09059071494e-05, 1.85095723282e-05, 1.14737422336e-05, 1.15822758744e-05, 1.4468214431e-05, 2.58567229139e-06, 9.07016399765e-08], "dmean2": [1.99360583792e-05, 0.00178572686855, 0.000897272781003, 0.000636567303445, 0.00135901523754, 0.000860036350787, 0.00147971359547, 0.000868959934451, 0.00119934475515, 0.00130894582253, 0.00111347145867, 0.00113281782251, 0.00107789272442, 0.000742131611332, 0.000480852875626, 0.000301743013551, 0.000221490277909, 0.000223130977247, 0.000173516265932, 0.000236837528064, 3.03982342302e-05, 2.65278049483e-05, 1.66866793734e-05, 1.62877586263e-05, 2.0008024876e-05, 3.69905114894e-06, 1.45683898722e-07], "dvar": [1.01947350561e-09, 4.79097298012e-06, 1.63966114997e-06, 5.16722195698e-07, 1.59894614171e-06, 2.23493725571e-06, 5.33132697456e-06, 3.18994284498e-06, 3.6912572341e-06, 5.33977572559e-06, 5.63421644983e-06, 4.45283558292e-06, 3.80877986572e-06, 2.514177595e-06, 6.42315910682e-07, 2.45450280545e-07, 8.27958643868e-08, 1.15300373693e-07, 4.49803465585e-08, 1.16733794187e-07, 1.38163358532e-09, 1.34583444389e-09, 8.83877360192e-10, 1.28599386695e-09, 2.70730815544e-09, 1.89781759752e-10, 6.74831352365e-14], "dvar2": [2.55492982326e-09, 1.0895619198e-05, 3.46797401107e-06, 1.41194038861e-06, 4.10548318541e-06, 4.22869288741e-06, 1.32477744046e-05, 6.53471352052e-06, 9.14010706765e-06, 1.22581641335e-05, 1.50692339957e-05, 1.17177469292e-05, 9.42039787333e-06, 5.41477675142e-06, 1.65393976204e-06, 5.22961443039e-07, 2.08857073858e-07, 2.99922078284e-07, 1.01635528438e-07, 2.81026302673e-07, 3.00959746014e-09, 2.7217308407e-09, 2.11157669128e-09, 2.62660426742e-09, 5.38638689207e-09, 4.65910365843e-10, 1.71729587473e-13], "max": [0.000600526982453, 0.026722278446, 0.0280147641897, 0.00882287882268, 0.0200642552227, 0.0597886778414, 0.0409488901496, 0.0711720734835, 0.0407182089984, 0.057342287153, 0.052861571312, 0.0491501167417, 0.0382743403316, 0.0541807562113, 0.0237386524677, 0.0104604931548, 0.00688716955483, 0.0114106405526, 0.00639892369509, 0.00768070109189, 0.00113576301374, 0.000892969314009, 0.00105027772952, 0.00154981610831, 0.00231749098748, 0.000634657568298, 8.3822014858e-06], "mean": [1.13208016046e-05, 0.0017100329278, 0.00102248822805, 0.000341049220879, 0.00129244069103, 0.00103152636439, 0.00162241666112, 0.000855936086737, 0.00122978561558, 0.00148899538908, 0.00104551040567, 0.00110978865996, 0.00115865957923, 0.000851209799293, 0.000548946438357, 0.000379294360755, 0.000280871492578, 0.000287308328552, 0.000260916800471, 0.000347049470292, 3.2079344237e-05, 3.02102271235e-05, 2.15147701965e-05, 1.89421425603e-05, 2.45900919253e-05, 3.9921642383e-06, 1.76407368713e-07], "median": [3.37595065503e-06, 0.000497590051964, 0.00029953152989, 0.000126615064801, 0.000627765257377, 0.000434441084508, 0.000435506022768, 0.000245073897531, 0.000331593531882, 0.000255026883679, 0.000146884849528, 0.00020747880626, 0.000244184338953, 0.000158996263053, 0.000113976821012, 9.32009861572e-05, 0.00011330878624, 0.000106066428998, 0.000119101991004, 0.00011078811076, 1.37771348818e-05, 1.36655462484e-05, 8.7299513325e-06, 6.23200867267e-06, 7.28835038899e-06, 1.4165026414e-06, 1.23904825955e-07], "min": [5.01174818902e-23, 1.16910290559e-23, 4.69554812574e-23, 8.11428637998e-23, 8.36435591802e-23, 3.97614926313e-23, 1.64459370715e-23, 2.03588212677e-23, 9.41360529301e-23, 4.37752358497e-23, 1.08348316149e-22, 9.68641295779e-23, 4.25302366364e-23, 1.55168069155e-22, 2.31371085966e-22, 1.55693059242e-22, 2.34408869405e-22, 2.6502472522e-22, 3.9730791427e-22, 3.67585099487e-22, 4.37442127902e-22, 5.61567636912e-22, 7.22500007364e-22, 7.1180270008e-22, 1.40081895727e-21, 2.01813005535e-21, 2.07281162138e-21], "var": [9.36260624584e-10, 8.65010042617e-06, 3.4000991036e-06, 4.10794825711e-07, 3.71918849851e-06, 6.21906201559e-06, 1.20651830002e-05, 5.58461761102e-06, 7.29657722331e-06, 1.77673719008e-05, 1.03805778053e-05, 8.83314169187e-06, 9.5151417554e-06, 7.5969333011e-06, 1.38890095513e-06, 7.52153653139e-07, 2.47312101465e-07, 3.25494454501e-07, 1.51349425437e-07, 3.61858411679e-07, 2.77466827292e-09, 2.85127210731e-09, 1.65799018959e-09, 2.77624190304e-09, 6.08005024105e-09, 2.45463926962e-10, 7.73581841488e-14]}, "barkbands_crest": {"dmean": 2.58197331429, "dmean2": 4.25135135651, "dvar": 5.16004610062, "dvar2": 12.6841220856, "max": 23.7443180084, "mean": 8.94863986969, "median": 8.12666702271, "min": 2.47817015648, "var": 13.5704774857}, "barkbands_flatness_db": {"dmean": 0.0200911797583, "dmean2": 0.0299848746508, "dvar": 0.000354279327439, "dvar2": 0.000758360722102, "max": 0.315951555967, "mean": 0.134901955724, "median": 0.133403345942, "min": 0.0134328017011, "var": 0.00137578637805}, "barkbands_kurtosis": {"dmean": 1.71550416946, "dmean2": 2.76211547852, "dvar": 12.7301969528, "dvar2": 29.5724143982, "max": 180.260314941, "mean": 1.75041854382, "median": 0.570877373219, "min": -1.86177694798, "var": 20.7373008728}, "barkbands_skewness": {"dmean": 0.458027869463, "dmean2": 0.715249478817, "dvar": 0.234017699957, "dvar2": 0.562776267529, "max": 11.4247226715, "mean": 0.923910140991, "median": 0.824079155922, "min": -1.95630168915, "var": 0.895404815674}, "barkbands_spread": {"dmean": 4.95682907104, "dmean2": 7.59399271011, "dvar": 33.1640205383, "dvar2": 70.7461929321, "max": 103.399513245, "mean": 19.8345603943, "median": 18.1313591003, "min": 1.62341988087, "var": 103.317382813}, "dissonance": {"dmean": 0.0198131669313, "dmean2": 0.0335927717388, "dvar": 0.00033277089824, "dvar2": 0.000919487560168, "max": 0.499999493361, "mean": 0.464036554098, "median": 0.469202697277, "min": 0.285084992647, "var": 0.000620916311163}, "dynamic_complexity": 4.88216209412, "erbbands": {"dmean": [0.0229161158204, 0.290917098522, 0.745483458042, 0.808391809464, 2.16229462624, 3.01826763153, 3.08493757248, 4.81691503525, 11.3738269806, 13.8724012375, 13.2211761475, 16.25091362, 24.5426883698, 24.6755943298, 26.3177490234, 27.0887489319, 27.4614486694, 28.9988899231, 16.9327259064, 13.6522035599, 8.82790756226, 7.06542062759, 7.91650485992, 4.17478942871, 7.42760276794, 7.83912801743, 1.5090495348, 0.755308806896, 0.684568226337, 0.451143920422, 0.313055843115, 0.238032341003, 0.207859531045, 0.209421575069, 0.0749369859695, 0.0210288595408, 0.00242215557955, 0.00028135968023, 1.0204091268e-05, 5.85258703723e-06], "dmean2": [0.0377450734377, 0.452416062355, 1.09191644192, 1.37942636013, 3.78245258331, 4.972448349, 4.85390758514, 7.45069026947, 17.3167457581, 22.1397571564, 20.5000934601, 25.7009983063, 39.3790969849, 37.0896453857, 42.5166740417, 43.2841377258, 44.1342849731, 44.7089653015, 25.9901847839, 20.8753185272, 13.2683486938, 11.0929355621, 12.55448246, 6.47466754913, 11.0134601593, 11.8258066177, 2.24699401855, 1.08658385277, 0.987987339497, 0.646304905415, 0.453207820654, 0.341201305389, 0.29030802846, 0.291530579329, 0.104582048953, 0.0300328154117, 0.0033434049692, 0.00041120039532, 1.46570528159e-05, 8.36127219372e-06], "dvar": [0.00326787983067, 0.282471895218, 2.21033215523, 2.32306194305, 16.4461288452, 30.1390514374, 63.2674789429, 156.383651733, 795.850341797, 1477.84094238, 1967.79577637, 1767.19824219, 4147.61083984, 4823.08007813, 7285.39306641, 5364.78222656, 5861.90332031, 8882.60546875, 2302.72924805, 1406.73498535, 414.342071533, 212.939697266, 346.203369141, 83.861618042, 205.246017456, 352.627166748, 5.75302886963, 2.45962119102, 1.80696332455, 0.918977618217, 0.71343845129, 0.527456283569, 0.495400875807, 0.521063864231, 0.106604598463, 0.0130467275158, 8.79325016285e-05, 7.21678929949e-07, 1.15770848463e-09, 5.5690601436e-11], "dvar2": [0.00786652415991, 0.630254685879, 4.51319074631, 6.02690792084, 44.6801986694, 74.3553237915, 122.153945923, 309.23614502, 1819.90075684, 3921.58325195, 3912.48583984, 4365.59130859, 11083.0439453, 10597.0429688, 18963.8847656, 13426.1748047, 14458.0478516, 19545.0625, 6044.453125, 3209.95141602, 976.736877441, 516.522521973, 865.33581543, 217.569564819, 436.934539795, 871.322509766, 13.1090097427, 5.36662101746, 3.74720740318, 1.89943194389, 1.69373309612, 1.2281717062, 0.975750088692, 1.01605391502, 0.234877243638, 0.0313176363707, 0.000200835856958, 1.56892076575e-06, 2.82623768832e-09, 1.11218222132e-10], "max": [0.940485179424, 6.31333827972, 32.0010528564, 25.3556480408, 46.3037338257, 119.852584839, 308.292724609, 575.831665039, 595.979553223, 777.978820801, 1871.73413086, 989.560424805, 1597.4588623, 1850.15283203, 1616.91992188, 1366.68078613, 1763.90234375, 3248.11328125, 1631.34716797, 1085.41955566, 692.331542969, 478.716918945, 689.909729004, 335.669799805, 441.434753418, 520.334106445, 46.6636962891, 61.8246994019, 33.8218421936, 28.4922981262, 30.7657165527, 19.9247303009, 35.8968353271, 31.6011810303, 17.4709358215, 5.46980810165, 0.418136060238, 0.0293448287994, 0.00120411475655, 0.000132476139697], "mean": [0.0284927915782, 0.455213546753, 1.30142998695, 1.06147766113, 2.48041796684, 5.09868860245, 5.48260784149, 8.58567619324, 19.6713562012, 23.6977767944, 21.1450824738, 27.7717342377, 41.2515907288, 45.5072898865, 44.3459396362, 46.332233429, 50.0997848511, 55.3577194214, 31.649766922, 26.6823577881, 18.946975708, 15.8170595169, 17.0652675629, 10.2285022736, 18.205329895, 16.8781166077, 2.86385178566, 1.1676043272, 1.06864523888, 0.86848205328, 0.570965766907, 0.39701589942, 0.338850080967, 0.351128757, 0.123596481979, 0.0329918339849, 0.00404986646026, 0.000546461029444, 2.64421560132e-05, 2.14225710806e-05], "median": [0.00785576738417, 0.143618732691, 0.477127373219, 0.495030194521, 0.930918395519, 2.12642455101, 2.73372507095, 3.70995783806, 5.9066491127, 6.90626001358, 7.21136617661, 8.45524120331, 9.52923202515, 7.60452318192, 7.36386442184, 10.9399747849, 12.5445222855, 11.2253503799, 6.80906486511, 6.5228395462, 6.01111698151, 7.14422941208, 6.83660984039, 5.47502756119, 7.31380414963, 5.36618947983, 1.31604325771, 0.504677534103, 0.476795762777, 0.383052259684, 0.236287772655, 0.140601247549, 0.107704676688, 0.1001932621, 0.0367654412985, 0.0108004296198, 0.00161459529772, 0.000300490646623, 1.78479658643e-05, 1.55319412443e-05], "min": [5.31133761842e-22, 3.1071914858e-21, 4.1735262097e-20, 1.75937141613e-19, 3.55885359564e-19, 1.9886649772e-19, 3.08284760076e-19, 2.66590953945e-19, 1.70734537451e-19, 3.36379716937e-19, 8.70029395464e-19, 2.41813637576e-18, 1.39644848146e-18, 2.60043643621e-18, 5.11930045631e-18, 2.66043412078e-18, 2.24029151008e-18, 7.0766533903e-18, 1.10013714524e-17, 9.56368439851e-18, 9.80880034788e-18, 1.3002055002e-17, 1.4667081894e-17, 1.8766067886e-17, 1.73710062762e-17, 1.65405219043e-17, 1.680367949e-17, 1.96739962156e-17, 1.70536336188e-17, 2.22013837115e-17, 2.14049096976e-17, 1.50677731458e-17, 1.28832437419e-17, 1.51194405012e-17, 1.02702935106e-17, 8.24656801786e-18, 3.60694049978e-18, 1.37617883414e-18, 3.27975122474e-19, 2.6846649228e-20], "var": [0.00402035145089, 0.562966704369, 4.76391887665, 2.71632266045, 17.331905365, 90.0531311035, 163.138031006, 415.104888916, 1843.30822754, 2762.3815918, 3440.14624023, 3578.67480469, 8536.078125, 15813.5400391, 16408.5058594, 11359.0371094, 14755.2050781, 28510.4101563, 4883.9609375, 3639.50390625, 1453.22436523, 762.690429688, 1027.70385742, 237.056976318, 807.007446289, 935.243225098, 16.0230197906, 4.58096551895, 3.67994499207, 2.40051913261, 1.25212371349, 0.945354700089, 1.15237247944, 1.13896489143, 0.213803231716, 0.0186204947531, 0.000137579831062, 1.15710304271e-06, 1.60218871503e-09, 3.84694581745e-10]}, "erbbands_crest": {"dmean": 2.65776276588, "dmean2": 4.31703138351, "dvar": 5.66569900513, "dvar2": 13.9490270615, "max": 30.6508350372, "mean": 9.46551418304, "median": 8.57336902618, "min": 2.3319029808, "var": 16.5497360229}, "erbbands_flatness_db": {"dmean": 0.0191853195429, "dmean2": 0.0261391494423, "dvar": 0.000274558959063, "dvar2": 0.000480044836877, "max": 0.338943660259, "mean": 0.1871997118, "median": 0.188308045268, "min": 0.057539280504, "var": 0.00184993795119}, "erbbands_kurtosis": {"dmean": 0.805297851563, "dmean2": 1.26652407646, "dvar": 0.86770170927, "dvar2": 2.07583332062, "max": 13.8588266373, "mean": 0.439439982176, "median": -0.0276590771973, "min": -1.72175908089, "var": 2.78993797302}, "erbbands_skewness": {"dmean": 0.34798425436, "dmean2": 0.542511701584, "dvar": 0.0909495353699, "dvar2": 0.214558631182, "max": 2.976323843, "mean": 0.286438584328, "median": 0.277152061462, "min": -2.51816558838, "var": 0.436880350113}, "erbbands_spread": {"dmean": 6.09838914871, "dmean2": 9.02847576141, "dvar": 41.908416748, "dvar2": 85.4617767334, "max": 113.982269287, "mean": 28.5534896851, "median": 26.0030212402, "min": 3.72440552711, "var": 193.332595825}, "gfcc": {"cov": [[10342.9033203, -301.206695557, -770.66394043, 267.120056152, -190.812454224, 330.70413208, 40.1600074768, 252.883346558, -217.08241272, -19.2613372803, -73.1985092163, -149.093719482, -42.1347846985], [-301.206695557, 772.215515137, 66.2418136597, -114.290458679, 243.52104187, -128.862564087, 133.966629028, -20.7352657318, 101.992202759, -32.6924552917, 95.9438934326, -13.6300821304, -15.7677164078], [-770.66394043, 66.2418136597, 648.68170166, 244.129074097, -47.6062507629, 22.5270824432, -43.58776474, -30.678937912, 32.6325378418, 35.8869934082, -25.8254890442, 36.8054847717, -44.051700592], [267.120056152, -114.290458679, 244.129074097, 351.043823242, 33.3906364441, 29.7605762482, -50.5287628174, 21.6716918945, 28.1194877625, 38.3482055664, -38.9998550415, 19.3419647217, 10.7745351791], [-190.812454224, 243.52104187, -47.6062507629, 33.3906364441, 290.289672852, 14.6194801331, 70.8499221802, 12.2050561905, 70.5168304443, 11.469669342, 36.05078125, 3.10514760017, 30.6274528503], [330.70413208, -128.862564087, 22.5270824432, 29.7605762482, 14.6194801331, 257.430999756, 94.8989639282, 8.76941108704, -45.4674377441, 13.6169576645, -1.90918016434, 14.3449392319, 3.71097755432], [40.1600074768, 133.966629028, -43.58776474, -50.5287628174, 70.8499221802, 94.8989639282, 257.79586792, 50.7033424377, -34.7287940979, -31.0733509064, 39.971206665, 19.4828357697, 0.578249633312], [252.883346558, -20.7352657318, -30.678937912, 21.6716918945, 12.2050561905, 8.76941108704, 50.7033424377, 134.698577881, 40.563999176, 10.5143194199, -1.82752430439, -14.283241272, 16.2158069611], [-217.08241272, 101.992202759, 32.6325378418, 28.1194877625, 70.5168304443, -45.4674377441, -34.7287940979, 40.563999176, 150.053482056, 56.5826721191, 19.4307537079, -2.41399073601, 9.1174659729], [-19.2613372803, -32.6924552917, 35.8869934082, 38.3482055664, 11.469669342, 13.6169576645, -31.0733509064, 10.5143194199, 56.5826721191, 99.0260009766, 31.6060142517, 4.88700771332, 4.70057106018], [-73.1985092163, 95.9438934326, -25.8254890442, -38.9998550415, 36.05078125, -1.90918016434, 39.971206665, -1.82752430439, 19.4307537079, 31.6060142517, 108.308662415, 36.4869918823, -10.2761573792], [-149.093719482, -13.6300821304, 36.8054847717, 19.3419647217, 3.10514760017, 14.3449392319, 19.4828357697, -14.283241272, -2.41399073601, 4.88700771332, 36.4869918823, 88.7044906616, 21.7807197571], [-42.1347846985, -15.7677164078, -44.051700592, 10.7745351791, 30.6274528503, 3.71097755432, 0.578249633312, 16.2158069611, 9.1174659729, 4.70057106018, -10.2761573792, 21.7807197571, 80.3438949585]], "icov": [[0.000190499020391, -0.000480094720842, 0.00059520866489, -0.000621850427706, 0.000482778588776, -0.00050356698921, 0.000357375276508, -0.00052108685486, 0.000482311734231, -0.00027806579601, 0.00023478968069, -0.000124909594888, 0.000382671802072], [-0.000480094720842, 0.00549400085583, -0.00329751055688, 0.00322202942334, -0.00397686753422, 0.003608049592, -0.0032877784688, 0.00317035405897, -0.00362897128798, 0.00347141432576, -0.00377695262432, 0.00320245069452, -0.00182302913163], [0.00059520866489, -0.00329751055688, 0.00517213251442, -0.00441014999524, 0.00339023745619, -0.00260283658281, 0.00161169387866, -0.00137857510708, 0.00140575796831, -0.00224425387569, 0.00282065337524, -0.0027653852012, 0.00326895643957], [-0.000621850427706, 0.00322202942334, -0.00441014999524, 0.00768389413133, -0.00426296750084, 0.00221125176176, -0.000709572515916, 0.000445869663963, -0.00118569843471, 0.000165357167134, 0.000238235894358, -0.000145154030179, -0.0015095283743], [0.000482778588776, -0.00397686753422, 0.00339023745619, -0.00426296750084, 0.00859172549099, -0.00313469674438, 0.000268632516963, -0.000234325430938, -0.00114244152792, -0.000698927557096, 0.000469437945867, -0.0001279568678, -0.000916560471524], [-0.00050356698921, 0.003608049592, -0.00260283658281, 0.00221125176176, -0.00313469674438, 0.00798806548119, -0.00447826972231, 0.00242267013527, -0.000345972686773, -0.0008017361979, -0.000674886454362, 0.00110707769636, -0.00121065205894], [0.000357375276508, -0.0032877784688, 0.00161169387866, -0.000709572515916, 0.000268632516963, -0.00447826972231, 0.00927733071148, -0.0058707059361, 0.00451221736148, 0.000297534104902, -8.75633413671e-05, -0.00304211815819, 0.00202761311084], [-0.00052108685486, 0.00317035405897, -0.00137857510708, 0.000445869663963, -0.000234325430938, 0.00242267013527, -0.0058707059361, 0.0135114900768, -0.00717364624143, 0.00246038101614, -0.00223424914293, 0.0047574848868, -0.00407944619656], [0.000482311734231, -0.00362897128798, 0.00140575796831, -0.00118569843471, -0.00114244152792, -0.000345972686773, 0.00451221736148, -0.00717364624143, 0.0159093812108, -0.00879165995866, 0.00296018482186, -0.00296977930702, 0.00223003840074], [-0.00027806579601, 0.00347141432576, -0.00224425387569, 0.000165357167134, -0.000698927557096, -0.0008017361979, 0.000297534104902, 0.00246038101614, -0.00879165995866, 0.0200883224607, -0.00995186064392, 0.00511428527534, -0.00374939455651], [0.00023478968069, -0.00377695262432, 0.00282065337524, 0.000238235894358, 0.000469437945867, -0.000674886454362, -8.75633413671e-05, -0.00223424914293, 0.00296018482186, -0.00995186064392, 0.0200634282082, -0.0109970523044, 0.00699397129938], [-0.000124909594888, 0.00320245069452, -0.0027653852012, -0.000145154030179, -0.0001279568678, 0.00110707769636, -0.00304211815819, 0.0047574848868, -0.00296977930702, 0.00511428527534, -0.0109970523044, 0.0203029178083, -0.0087471883744], [0.000382671802072, -0.00182302913163, 0.00326895643957, -0.0015095283743, -0.000916560471524, -0.00121065205894, 0.00202761311084, -0.00407944619656, 0.00223003840074, -0.00374939455651, 0.00699397129938, -0.0087471883744, 0.0187303982675]], "mean": [-46.2728996277, 106.915283203, -140.145324707, 20.0367698669, -54.5941543579, 7.86516189575, -36.7235336304, 14.0113859177, -28.5707473755, 4.66414785385, -7.06966781616, -5.27879953384, -10.4086046219]}, "hfc": {"dmean": 4.09732580185, "dmean2": 5.65853834152, "dvar": 36.3417625427, "dvar2": 69.8739089966, "max": 111.546882629, "mean": 16.0931873322, "median": 9.35858631134, "min": 1.16916632689e-16, "var": 319.931518555}, "melbands": {"dmean": [0.000265637616394, 0.000389500375604, 0.00017623831809, 0.000188742313185, 0.000109902575787, 0.000114350768854, 0.000180888353498, 0.000140863703564, 0.000109677261207, 0.000107689738797, 0.000125841484987, 0.000103633305116, 9.70347537077e-05, 7.8569733887e-05, 6.27425251878e-05, 6.70052613714e-05, 5.62378663744e-05, 2.95470617857e-05, 2.00426402444e-05, 1.68883143488e-05, 1.06169418359e-05, 8.02274189482e-06, 8.01739861345e-06, 6.74265993439e-06, 3.34069090968e-06, 5.28919645149e-06, 6.77561865814e-06, 5.05833531861e-06, 1.12323118628e-06, 4.93792697398e-07, 4.37071264514e-07, 4.36996288045e-07, 3.21687480209e-07, 2.39108459255e-07, 1.99522915523e-07, 1.56509116778e-07, 1.47062721112e-07, 1.42747737186e-07, 1.77416836777e-07, 1.78909616011e-07], "dmean2": [0.000428529747296, 0.000575026497245, 0.000303385633742, 0.000319418380968, 0.000175084947841, 0.000174978558789, 0.000276583887171, 0.000224739051191, 0.000170908519067, 0.000171393097844, 0.000201261063921, 0.000155298199388, 0.000159023504239, 0.000126622340758, 0.000100430370367, 0.000107501291495, 8.74380712048e-05, 4.58156791865e-05, 3.12997981382e-05, 2.57274223259e-05, 1.64283010236e-05, 1.27807679746e-05, 1.28430838231e-05, 1.08070498754e-05, 5.3123944781e-06, 8.12301368569e-06, 1.00923543869e-05, 7.7964969023e-06, 1.71881401911e-06, 7.25752840935e-07, 6.37575169549e-07, 6.4256977339e-07, 4.69683840265e-07, 3.52770115342e-07, 2.94577347404e-07, 2.28607120789e-07, 2.14423494072e-07, 2.02364788038e-07, 2.52476553442e-07, 2.51148549069e-07], "dvar": [3.18703996527e-07, 4.73881215157e-07, 1.10972592893e-07, 9.92512951825e-08, 5.52452696923e-08, 8.80613271192e-08, 1.85495508731e-07, 1.3968288215e-07, 1.09246521163e-07, 8.18371432842e-08, 1.07820582684e-07, 9.18249938309e-08, 1.16408614304e-07, 5.94654032682e-08, 3.31884173477e-08, 4.00951449819e-08, 3.72098725165e-08, 7.93208609906e-09, 2.29382735029e-09, 2.1615815804e-09, 6.61475929586e-10, 3.28706950548e-10, 2.92416146852e-10, 3.53841844714e-10, 6.04246375158e-11, 1.02334925256e-10, 2.02248356951e-10, 1.5313116053e-10, 3.58591325036e-12, 1.07268490965e-12, 8.04296570751e-13, 8.11544679114e-13, 4.6787416606e-13, 3.06371898337e-13, 2.63081602943e-13, 2.47121279603e-13, 2.04703360382e-13, 2.3825657159e-13, 3.83711915323e-13, 3.87204347361e-13], "dvar2": [7.55914129513e-07, 9.5676091405e-07, 2.9030346127e-07, 2.56633370554e-07, 1.12607352776e-07, 1.75445123318e-07, 4.30981629052e-07, 3.61927874337e-07, 2.22920618853e-07, 2.03815289979e-07, 2.87060203163e-07, 1.96504629457e-07, 3.08626511014e-07, 1.58416440854e-07, 7.75632571504e-08, 9.98637972316e-08, 8.09472808783e-08, 2.05462082903e-08, 5.35653521538e-09, 4.67336835897e-09, 1.62225999301e-09, 8.10097322557e-10, 7.38825334246e-10, 9.26383580957e-10, 1.57917484644e-10, 2.25026941525e-10, 4.46538528376e-10, 3.90007692808e-10, 8.50203241143e-12, 2.32584351084e-12, 1.74036588092e-12, 1.74109836791e-12, 9.94518703501e-13, 6.80658166548e-13, 6.37622170774e-13, 6.035441244e-13, 4.74657476952e-13, 4.59231882122e-13, 8.3878135557e-13, 7.03162842623e-13], "max": [0.00815479084849, 0.0128393350169, 0.00476119341329, 0.00541744055226, 0.00807631015778, 0.0130264014006, 0.00770379463211, 0.00742508145049, 0.0129196727648, 0.00669817393646, 0.00816482678056, 0.00852207001299, 0.0073093501851, 0.00586447538808, 0.00464473944157, 0.00495760468766, 0.00688033131883, 0.00294452859089, 0.000807282049209, 0.00117346947081, 0.000843513058499, 0.000586046488024, 0.000640805345029, 0.000734282541089, 0.000245134637225, 0.000302145752357, 0.000334596843459, 0.000351427617716, 3.86137035093e-05, 3.57608369086e-05, 2.65978087555e-05, 2.40193712671e-05, 1.81524701475e-05, 1.64635166584e-05, 1.87479963643e-05, 1.41387736221e-05, 1.15789225674e-05, 2.69924530585e-05, 2.57295432675e-05, 3.1306011806e-05], "mean": [0.00037285356666, 0.000679735327139, 0.000223919865675, 0.000281463813735, 0.000201848248253, 0.000205004776944, 0.000317731202813, 0.000239289074671, 0.000171551582753, 0.000178532442078, 0.000208989353268, 0.000186214383575, 0.000151516214828, 0.000127023289679, 0.000105328879727, 0.000116771458124, 0.000100993383967, 5.01501272083e-05, 3.6708330299e-05, 3.10438117594e-05, 2.06920794881e-05, 1.61272528203e-05, 1.61977422977e-05, 1.35847076308e-05, 6.98637086316e-06, 1.16528599392e-05, 1.54416320584e-05, 9.85754832072e-06, 1.82743508503e-06, 7.06734908817e-07, 6.34329580862e-07, 6.22346362888e-07, 5.49937453798e-07, 4.49542483238e-07, 3.45135276802e-07, 2.66556810402e-07, 2.27355059224e-07, 2.21916522491e-07, 2.77616067024e-07, 3.03027860582e-07], "median": [0.000106371116999, 0.000278866675217, 0.000106040803075, 0.000115625967737, 0.000102182006231, 8.32858713693e-05, 9.3845424999e-05, 7.24625133444e-05, 5.36125226063e-05, 4.97947512486e-05, 4.36346635979e-05, 2.767058686e-05, 2.15734471567e-05, 2.38889388129e-05, 2.6373179935e-05, 2.43858212343e-05, 1.75161221705e-05, 9.44438215811e-06, 8.05433774076e-06, 7.20346633898e-06, 6.04005208515e-06, 6.44658166493e-06, 6.32701130598e-06, 4.71310295325e-06, 3.43605961461e-06, 4.89748708787e-06, 4.71676366942e-06, 2.93247035188e-06, 7.36458844131e-07, 2.6066587111e-07, 2.41320179839e-07, 2.37038207729e-07, 2.33359557456e-07, 1.77117399858e-07, 1.38838615271e-07, 9.28784444909e-08, 7.2676613172e-08, 6.52734115647e-08, 8.0876780828e-08, 8.20709047389e-08], "min": [6.59893270156e-24, 1.5521441e-23, 3.75878684485e-23, 2.0134652242e-23, 9.80116287387e-24, 6.17653673543e-24, 2.9997536382e-24, 3.0387645849e-24, 8.89445167144e-24, 1.49322265903e-23, 6.62703192701e-24, 9.89614330458e-24, 1.54029966905e-23, 1.16201467481e-23, 5.45989604608e-24, 4.82447371452e-24, 1.46128530974e-23, 1.63121383734e-23, 1.92529992063e-23, 8.00054131491e-24, 1.29588121498e-23, 1.23426470963e-23, 1.6167451817e-23, 1.02866744177e-23, 1.57106177336e-23, 1.524846515e-23, 9.81628928173e-24, 1.17243276636e-23, 1.08644274673e-23, 1.06971652895e-23, 1.05109743944e-23, 8.29064806825e-24, 1.32290041096e-23, 1.18879098052e-23, 1.30667283217e-23, 9.32990762429e-24, 9.96139945639e-24, 8.91793763831e-24, 1.01930689716e-23, 1.33227878384e-23], "var": [4.81235701955e-07, 1.05706703835e-06, 1.16847893139e-07, 2.13094196511e-07, 1.49052439724e-07, 2.41485651031e-07, 4.47727472874e-07, 2.61270912461e-07, 1.97835078097e-07, 1.61001082688e-07, 2.32890343455e-07, 3.14091465725e-07, 2.21498893893e-07, 1.20638091516e-07, 7.05813647528e-08, 1.03144955688e-07, 1.162927461e-07, 1.57192978634e-08, 6.03137806365e-09, 5.85953552346e-09, 1.98056371303e-09, 9.7736851945e-10, 8.46969105961e-10, 9.6801933136e-10, 1.29612071076e-10, 3.36753541719e-10, 7.38200667261e-10, 3.59876128897e-10, 8.13160823399e-12, 2.1435936793e-12, 1.43280049283e-12, 1.49549892869e-12, 1.03802936299e-12, 7.37767865463e-13, 4.54800151532e-13, 4.23835147751e-13, 3.5629710445e-13, 5.73177573113e-13, 7.28633191109e-13, 9.00745515502e-13]}, "melbands_crest": {"dmean": 3.27047014236, "dmean2": 5.25747203827, "dvar": 8.0540189743, "dvar2": 19.5355510712, "max": 29.1543178558, "mean": 12.0816431046, "median": 11.1376142502, "min": 2.7267639637, "var": 22.0145130157}, "melbands_flatness_db": {"dmean": 0.0252925585955, "dmean2": 0.0371032394469, "dvar": 0.000633887015283, "dvar2": 0.00133342272602, "max": 0.439706534147, "mean": 0.190713614225, "median": 0.185707971454, "min": 0.00766309956089, "var": 0.00252428231761}, "melbands_kurtosis": {"dmean": 3.5564391613, "dmean2": 5.74505472183, "dvar": 49.8036613464, "dvar2": 122.349197388, "max": 266.108398438, "mean": 5.51291799545, "median": 2.89112758636, "min": -1.67865824699, "var": 87.461517334}, "melbands_skewness": {"dmean": 0.568850934505, "dmean2": 0.888361275196, "dvar": 0.389489889145, "dvar2": 0.9256311059, "max": 11.8769435883, "mean": 1.61101174355, "median": 1.46971035004, "min": -1.62401521206, "var": 1.49942839146}, "melbands_spread": {"dmean": 6.84681272507, "dmean2": 10.6387958527, "dvar": 55.5916137695, "dvar2": 124.85823822, "max": 150.720962524, "mean": 25.8357753754, "median": 23.5473117828, "min": 0.771805644035, "var": 193.410324097}, "mfcc": {"cov": [[7851.60888672, 81.7297134399, -746.03918457, -60.0063972473, -64.9924316406, -68.3557052612, 268.804870605, 107.615287781, -6.68768978119, 192.173950195, 30.95977211, -170.917480469, 53.4414176941], [81.7297134399, 1043.58129883, -220.322067261, 53.1169891357, 34.9318275452, -42.3747596741, 66.8109283447, 65.2325210571, -40.0387840271, 48.9952659607, 49.7606582642, 26.5174064636, 59.1240653992], [-746.03918457, -220.322067261, 672.175598145, 156.871185303, 21.6097888947, 86.6979751587, -54.6260910034, -30.7858867645, 22.3274173737, -74.8289031982, 20.7067146301, 83.8302154541, -53.0983543396], [-60.0063972473, 53.1169891357, 156.871185303, 328.473449707, 121.961616516, -6.17053365707, -49.7637062073, -12.2479515076, 53.5961341858, -6.42628717422, -7.33761739731, 50.8657302856, 17.5848770142], [-64.9924316406, 34.9318275452, 21.6097888947, 121.961616516, 237.190505981, 41.3660545349, -74.7286376953, -38.7128295898, 42.4631271362, 37.1661338806, -1.01731407642, 29.4206809998, 32.4959487915], [-68.3557052612, -42.3747596741, 86.6979751587, -6.17053365707, 41.3660545349, 209.177352905, 79.2909088135, 16.6292686462, 16.0081996918, -34.1300125122, 23.5470066071, 28.2327537537, -26.6622962952], [268.804870605, 66.8109283447, -54.6260910034, -49.7637062073, -74.7286376953, 79.2909088135, 237.370620728, 105.365882874, 15.1766300201, -11.5581941605, 26.1192989349, -11.9565954208, -4.76307535172], [107.615287781, 65.2325210571, -30.7858867645, -12.2479515076, -38.7128295898, 16.6292686462, 105.365882874, 137.630050659, 28.3444061279, -2.27036952972, 15.794508934, -3.58523821831, 12.1983394623], [-6.68768978119, -40.0387840271, 22.3274173737, 53.5961341858, 42.4631271362, 16.0081996918, 15.1766300201, 28.3444061279, 143.096435547, 36.5704574585, -8.74543762207, -12.2703933716, -0.920786619186], [192.173950195, 48.9952659607, -74.8289031982, -6.42628717422, 37.1661338806, -34.1300125122, -11.5581941605, -2.27036952972, 36.5704574585, 133.29776001, 24.0868377686, -18.4403839111, 23.5169010162], [30.95977211, 49.7606582642, 20.7067146301, -7.33761739731, -1.01731407642, 23.5470066071, 26.1192989349, 15.794508934, -8.74543762207, 24.0868377686, 99.4671630859, 49.8700714111, -1.21334278584], [-170.917480469, 26.5174064636, 83.8302154541, 50.8657302856, 29.4206809998, 28.2327537537, -11.9565954208, -3.58523821831, -12.2703933716, -18.4403839111, 49.8700714111, 120.06111145, 23.9534702301], [53.4414176941, 59.1240653992, -53.0983543396, 17.5848770142, 32.4959487915, -26.6622962952, -4.76307535172, 12.1983394623, -0.920786619186, 23.5169010162, -1.21334278584, 23.9534702301, 92.5142822266]], "icov": [[0.000156167821842, 5.45586844964e-05, 0.000170305327629, -0.000146546750329, 3.06675210595e-05, -1.37276708756e-06, -0.000174097702256, 1.42380358739e-05, 0.000106092207716, -0.000161475603818, -0.000113940783194, 0.000167546968441, -2.42578753387e-05], [5.45586844964e-05, 0.00121733441483, 0.00046371811186, -0.000494309118949, -0.000213305000216, 0.000217003500438, -0.000355059106369, -0.000448028527899, 0.000657509663142, -0.000292244309094, -0.000470933999168, -0.000101158846519, -0.000170278799487], [0.000170305327629, 0.00046371811186, 0.00253565120511, -0.00134813867044, 0.000720713986084, -0.000939183926675, 0.000601370236836, -8.12341822893e-05, -0.000102310856164, 0.000362668157322, -0.000451875675935, -0.00091885071015, 0.000973471906036], [-0.000146546750329, -0.000494309118949, -0.00134813867044, 0.00523818982765, -0.00259538274258, 0.00159517256543, -0.000297861086437, -1.88623816939e-05, -0.0015934840776, 0.000979406642728, 0.00108538731001, -0.00164278701413, 0.000164403158124], [3.06675210595e-05, -0.000213305000216, 0.000720713986084, -0.00259538274258, 0.00810975395143, -0.00373707036488, 0.0029706612695, 0.000854956102557, -0.001185673289, -0.00195628474467, 0.000223151451792, -0.000148912993609, -0.00233282987028], [-1.37276708756e-06, 0.000217003500438, -0.000939183926675, 0.00159517256543, -0.00373707036488, 0.00845042895526, -0.00418119318783, 0.000964103790466, -0.000644469808321, 0.00202954909764, -0.00068053387804, -0.0014534003567, 0.00227057933807], [-0.000174097702256, -0.000355059106369, 0.000601370236836, -0.000297861086437, 0.0029706612695, -0.00418119318783, 0.00941197667271, -0.00509174820036, -0.000526536023244, 0.000220540896407, -0.00129222485702, 0.00124671496451, -0.00076431420166], [1.42380358739e-05, -0.000448028527899, -8.12341822893e-05, -1.88623816939e-05, 0.000854956102557, 0.000964103790466, -0.00509174820036, 0.0124721974134, -0.00281633576378, 0.00142581667751, -0.00157537299674, 0.000652312883176, -0.00227406900376], [0.000106092207716, 0.000657509663142, -0.000102310856164, -0.0015934840776, -0.001185673289, -0.000644469808321, -0.000526536023244, -0.00281633576378, 0.00992150884122, -0.00364801287651, 0.00177580688614, 0.000524336879607, 0.00125124538317], [-0.000161475603818, -0.000292244309094, 0.000362668157322, 0.000979406642728, -0.00195628474467, 0.00202954909764, 0.000220540896407, 0.00142581667751, -0.00364801287651, 0.0122445309535, -0.00576092815027, 0.00368898618035, -0.00278208241798], [-0.000113940783194, -0.000470933999168, -0.000451875675935, 0.00108538731001, 0.000223151451792, -0.00068053387804, -0.00129222485702, -0.00157537299674, 0.00177580688614, -0.00576092815027, 0.0173256974667, -0.00892879534513, 0.00378893106245], [0.000167546968441, -0.000101158846519, -0.00091885071015, -0.00164278701413, -0.000148912993609, -0.0014534003567, 0.00124671496451, 0.000652312883176, 0.000524336879607, 0.00368898618035, -0.00892879534513, 0.0159378945827, -0.00581183144823], [-2.42578753387e-05, -0.000170278799487, 0.000973471906036, 0.000164403158124, -0.00233282987028, 0.00227057933807, -0.00076431420166, -0.00227406900376, 0.00125124538317, -0.00278208241798, 0.00378893106245, -0.00581183144823, 0.0154678532854]], "mean": [-681.212280273, 136.935028076, -22.9124336243, 14.4940252304, 1.21585512161, -6.71440458298, 7.15799760818, -1.04810798168, -7.17663621902, 4.50191497803, 2.37748408318, -2.89318919182, 5.98211336136]}, "pitch_salience": {"dmean": 0.0704895630479, "dmean2": 0.113839916885, "dvar": 0.0037971988786, "dvar2": 0.00925792101771, "max": 0.907023489475, "mean": 0.576541006565, "median": 0.583884954453, "min": 0.181401744485, "var": 0.0117468079552}, "silence_rate_20dB": {"dmean": 0, "dmean2": 0, "dvar": 0, "dvar2": 0, "max": 1, "mean": 1, "median": 1, "min": 1, "var": 0}, "silence_rate_30dB": {"dmean": 0, "dmean2": 0, "dvar": 0, "dvar2": 0, "max": 1, "mean": 1, "median": 1, "min": 1, "var": 0}, "silence_rate_60dB": {"dmean": 0.0480101071298, "dmean2": 0.0960353836417, "dvar": 0.0457060113549, "dvar2": 0.101022601128, "max": 1, "mean": 0.127743571997, "median": 0, "min": 0, "var": 0.111427158117}, "spectral_centroid": {"dmean": 249.361282349, "dmean2": 382.377746582, "dvar": 77514.2734375, "dvar2": 156282.03125, "max": 11734.4589844, "mean": 1429.14111328, "median": 1394.08068848, "min": 247.44090271, "var": 289912.90625}, "spectral_complexity": {"dmean": 2.66045475006, "dmean2": 4.01074075699, "dvar": 6.48052501678, "dvar2": 12.5970315933, "max": 46, "mean": 16.6843509674, "median": 16, "min": 0, "var": 75.7114181519}, "spectral_contrast_coeffs": {"dmean": [0.0521636940539, 0.0466136038303, 0.0397589951754, 0.0324285700917, 0.0245329737663, 0.0150079550222], "dmean2": [0.0872489959002, 0.0754120126367, 0.0641141161323, 0.0512132793665, 0.0367150940001, 0.0236412491649], "dvar": [0.00191224738955, 0.0013414301211, 0.00100304069929, 0.000702405697666, 0.00042119374848, 0.000168163023773], "dvar2": [0.00522218691185, 0.0035305256024, 0.00250988337211, 0.00165262981318, 0.000884275068529, 0.000392611633288], "max": [-0.364678263664, -0.418182820082, -0.476636439562, -0.508311450481, -0.5500446558, -0.65272217989], "mean": [-0.658608615398, -0.732714414597, -0.747814178467, -0.75129956007, -0.766931474209, -0.79594707489], "median": [-0.661671578884, -0.741277098656, -0.758735656738, -0.756025493145, -0.769863188267, -0.796911895275], "min": [-0.96949672699, -0.961175560951, -0.974228978157, -0.971655845642, -0.955948233604, -0.964233994484], "var": [0.00597129203379, 0.00598060805351, 0.00590479094535, 0.00515234004706, 0.00349480123259, 0.000877102778759]}, "spectral_contrast_valleys": {"dmean": [0.447275906801, 0.338318765163, 0.298532187939, 0.287215709686, 0.292141407728, 0.396182984114], "dmean2": [0.718913674355, 0.554998934269, 0.472454100847, 0.437584787607, 0.38249412179, 0.451785087585], "dvar": [0.147573173046, 0.0876517295837, 0.0744090378284, 0.0811913534999, 0.0860401391983, 0.137387990952], "dvar2": [0.324789136648, 0.189306348562, 0.147377744317, 0.14860893786, 0.126990824938, 0.198686733842], "max": [-5.91509628296, -5.07215833664, -5.10810470581, -5.89987659454, -6.11974954605, -8.03955173492], "mean": [-7.91739702225, -6.95191431046, -7.47294616699, -7.91546630859, -7.9069185257, -10.8430118561], "median": [-7.72294712067, -6.82847166061, -7.3925409317, -7.79225635529, -7.75955057144, -10.7006034851], "min": [-27.1572780609, -27.6296367645, -27.2165222168, -26.8693618774, -27.376996994, -27.1620407104], "var": [1.17417573929, 0.908512830734, 1.138433218, 0.995882093906, 1.05310583115, 1.17101585865]}, "spectral_decrease": {"dmean": 1.20802201575e-09, "dmean2": 1.76842795963e-09, "dvar": 2.32372280782e-18, "dvar2": 4.70904244713e-18, "max": 7.9365246201e-20, "mean": -4.1193373157e-09, "median": -3.02202018965e-09, "min": -2.68066990827e-08, "var": 1.42834537238e-17}, "spectral_energy": {"dmean": 0.00485571101308, "dmean2": 0.0070710266009, "dvar": 3.8091569877e-05, "dvar2": 7.65040385886e-05, "max": 0.11008027941, "mean": 0.0170070752501, "median": 0.0123330829665, "min": 1.11962555214e-20, "var": 0.000247428513831}, "spectral_energyband_high": {"dmean": 0.000125276448671, "dmean2": 0.000180486254976, "dvar": 5.68996796346e-08, "dvar2": 1.30784030716e-07, "max": 0.00525635480881, "mean": 0.00024361917167, "median": 0.000110248096462, "min": 8.0438887862e-21, "var": 1.43794778751e-07}, "spectral_energyband_low": {"dmean": 0.0017001722008, "dmean2": 0.0025710912887, "dvar": 7.76972501626e-06, "dvar2": 1.63792574313e-05, "max": 0.0447122827172, "mean": 0.00289676943794, "median": 0.00139051885344, "min": 1.15916849622e-22, "var": 1.6168851289e-05}, "spectral_energyband_middle_high": {"dmean": 0.00231851567514, "dmean2": 0.00336136552505, "dvar": 1.88746926142e-05, "dvar2": 4.07595725846e-05, "max": 0.0846367403865, "mean": 0.0073862937279, "median": 0.00303481984884, "min": 1.84755777939e-21, "var": 0.000124840255012}, "spectral_energyband_middle_low": {"dmean": 0.00275742076337, "dmean2": 0.0043541463092, "dvar": 1.65815526998e-05, "dvar2": 3.84571212635e-05, "max": 0.0789616852999, "mean": 0.00685682334006, "median": 0.00439947331324, "min": 3.43942698344e-22, "var": 5.34319115104e-05}, "spectral_entropy": {"dmean": 0.167007267475, "dmean2": 0.226543560624, "dvar": 0.0237619522959, "dvar2": 0.0413551367819, "max": 9.80312347412, "mean": 7.42761993408, "median": 7.41613864899, "min": 6.27239561081, "var": 0.109179511666}, "spectral_flux": {"dmean": 0.0168621186167, "dmean2": 0.0264592338353, "dvar": 0.000299635285046, "dvar2": 0.000676752184518, "max": 0.265191584826, "mean": 0.0643333122134, "median": 0.0582694672048, "min": 1.05812358875e-10, "var": 0.0013165572891}, "spectral_kurtosis": {"dmean": 2.13019227982, "dmean2": 3.50381278992, "dvar": 4.59959363937, "dvar2": 12.2801799774, "max": 27.1155071259, "mean": 6.22627496719, "median": 5.79174613953, "min": -1.21821129322, "var": 9.47732448578}, "spectral_rms": {"dmean": 0.000567456823774, "dmean2": 0.000810682191513, "dvar": 3.33334696734e-07, "dvar2": 6.19256354639e-07, "max": 0.0103631746024, "mean": 0.00364196044393, "median": 0.00346875702962, "min": 3.30502292201e-12, "var": 3.32838158101e-06}, "spectral_rolloff": {"dmean": 386.445129395, "dmean2": 635.298522949, "dvar": 448894.90625, "dvar2": 904721.5625, "max": 19530.6152344, "mean": 1539.09289551, "median": 1399.65820313, "min": 86.1328125, "var": 1101492.125}, "spectral_skewness": {"dmean": 0.242535471916, "dmean2": 0.383781731129, "dvar": 0.0455860458314, "dvar2": 0.11486376822, "max": 3.55209946632, "mean": 1.701846838, "median": 1.6789342165, "min": -0.0214862842113, "var": 0.142282441258}, "spectral_spread": {"dmean": 464576.09375, "dmean2": 600844.0625, "dvar": 423701512192, "dvar2": 571753299968, "max": 41586852, "mean": 3565428.25, "median": 3262332, "min": 1591580.5, "var": 1549454934020.0},