{"lowlevel": {"average_loudness": 0.719858944416, "barkbands": {"dmean": [0.000199564135983, 0.00256866635755, 0.00106629880611, 0.000588356051594, 0.00101661286317, 0.000592681753915, 0.000722642347682, 0.000456092209788, 0.000519995111972, 0.000550066120923, 0.000229654629948, 0.000408726773458, 0.000338179408573, 0.000282042572508, 0.000205049698707, 0.000280248204945, 0.000392710266169, 0.000303357432131, 0.000169537684997, 0.000151071260916, 0.000155646237545, 0.000100225108326, 4.65460507257e-05, 3.06011352222e-05, 1.92989955394e-05, 4.43184808319e-06, 1.93831147044e-06], "dmean2": [0.000277130195173, 0.00378737505525, 0.00193715805653, 0.000977145973593, 0.00172082695644, 0.00100487750024, 0.00113799248356, 0.000725700403564, 0.000806834374089, 0.000816984276753, 0.000357898912625, 0.000596270139795, 0.000530930934474, 0.000446324876975, 0.000325170054566, 0.000436865986558, 0.0006092536496, 0.000468944461318, 0.000251093035331, 0.000208264871617, 0.00020508065063, 0.000133419627673, 6.24899548711e-05, 4.04283127864e-05, 2.52661193372e-05, 5.74115347263e-06, 2.61240029431e-06], "dvar": [2.4571855306e-07, 4.49870931334e-05, 9.48967499426e-06, 1.9960816644e-06, 5.74378827878e-06, 2.2927019927e-06, 3.81232962354e-06, 2.53366147263e-06, 3.6970925521e-06, 1.85708802292e-06, 3.75475025294e-07, 1.7971581201e-06, 7.31795864795e-07, 5.67772644899e-07, 2.33125760474e-07, 4.20022388425e-07, 8.59662520725e-07, 5.64031154227e-07, 1.38611540024e-07, 1.6443463835e-07, 2.11402664263e-07, 8.53272865697e-08, 1.93049878305e-08, 1.46060026296e-08, 1.55870771845e-09, 7.80789252697e-11, 2.27827704619e-11], "dvar2": [4.35748688687e-07, 9.33638875722e-05, 2.7395766665e-05, 5.17363559993e-06, 1.53155342559e-05, 6.15689032202e-06, 8.99731821846e-06, 5.82462962484e-06, 8.33601643535e-06, 3.58356805918e-06, 7.87562441928e-07, 3.70826887774e-06, 1.64275354564e-06, 1.40378051583e-06, 5.52536732812e-07, 9.4356767022e-07, 1.88812748547e-06, 1.23125778373e-06, 2.93463870094e-07, 3.11172044576e-07, 3.87678738889e-07, 1.50656049414e-07, 4.03868156695e-08, 2.6612855919e-08, 2.86829582308e-09, 1.48782028364e-10, 5.22697718441e-11], "max": [0.00444370973855, 0.0629732310772, 0.0277971494943, 0.0201125368476, 0.0329562947154, 0.0263429880142, 0.0663351789117, 0.0466793552041, 0.0872230902314, 0.0484505966306, 0.0279089640826, 0.0513081885874, 0.0300635341555, 0.0277587771416, 0.0172146465629, 0.0189172495157, 0.0313496254385, 0.0225819721818, 0.00751518830657, 0.00655653979629, 0.00892025511712, 0.00450282171369, 0.00672229425982, 0.00946570187807, 0.0014019140508, 0.000195505403099, 0.00017601410218], "mean": [0.000219924011617, 0.00275869155303, 0.00110382027924, 0.00072557979729, 0.00134058308322, 0.000780186674092, 0.00111658021342, 0.000731663720217, 0.000850393320434, 0.00104780634865, 0.00037100535701, 0.000750039587729, 0.000564296497032, 0.000471364299301, 0.000343080202583, 0.000482853676658, 0.000715178030077, 0.00054362276569, 0.000304460700136, 0.000240781519096, 0.000225476018386, 0.000150919819134, 6.77004791214e-05, 4.48886930826e-05, 2.71256722044e-05, 5.98149290454e-06, 2.24729797083e-06], "median": [2.90849220619e-06, 0.000167779464391, 0.000249442644417, 0.000124582904391, 0.000638449797407, 0.000252463592915, 0.000325602071825, 0.000206508513656, 0.000210036887438, 0.000317754864227, 9.36069554882e-05, 8.51838995004e-05, 0.00013255912927, 8.0577636254e-05, 0.000106200423033, 0.000160372102982, 0.000237756219576, 0.000153103479533, 9.92952045635e-05, 5.95312230871e-05, 4.08488776884e-05, 2.52202717093e-05, 1.52258044182e-05, 9.55923951551e-06, 5.21948049936e-06, 7.69029384173e-07, 1.51645409119e-07], "min": [1.09832409636e-22, 9.09044558329e-23, 1.83916214735e-23, 1.062178963e-23, 1.6269372646e-23, 5.37857734519e-23, 5.50747974145e-23, 4.13846812288e-23, 5.76335403358e-23, 6.42296418156e-23, 3.81299799734e-23, 7.60276372548e-23, 1.39570193844e-22, 4.51276936955e-23, 1.16540857531e-22, 1.23274006238e-22, 1.91085890668e-22, 2.92241335218e-22, 3.761551329e-22, 3.9381304589e-22, 4.7514675092e-22, 4.3115350547e-22, 7.51526807015e-22, 9.30037068406e-22, 1.18517472853e-21, 1.67698964337e-21, 2.12675486409e-21], "var": [3.59383989235e-07, 5.4683045164e-05, 6.05202149018e-06, 2.36654386754e-06, 5.25417908648e-06, 2.69934548669e-06, 7.01947055859e-06, 5.09061874254e-06, 8.30802491691e-06, 6.36840240986e-06, 9.30169051117e-07, 6.17196201347e-06, 1.70076464201e-06, 1.23189022361e-06, 4.74052029631e-07, 8.51923573464e-07, 1.88498177067e-06, 1.19766343687e-06, 2.91095687999e-07, 3.02084572468e-07, 3.7117786178e-07, 1.63532916986e-07, 2.98168814084e-08, 2.62597232847e-08, 2.90703172645e-09, 1.42191564079e-10, 2.81330098106e-11]}, "barkbands_crest": {"dmean": 2.81033158302, "dmean2": 4.41783285141, "dvar": 7.62877702713, "dvar2": 17.6443195343, "max": 26.304901123, "mean": 9.52617359161, "median": 8.3960018158, "min": 2.3840367794, "var": 20.2906455994}, "barkbands_flatness_db": {"dmean": 0.0222651474178, "dmean2": 0.0303905643523, "dvar": 0.000489857688081, "dvar2": 0.000941714388318, "max": 0.406987756491, "mean": 0.130948930979, "median": 0.125103160739, "min": 0.0223707575351, "var": 0.0025548809208}, "barkbands_kurtosis": {"dmean": 2.50098633766, "dmean2": 3.69876027107, "dvar": 37.2687110901, "dvar2": 73.4344406128, "max": 192.189590454, "mean": 3.00409388542, "median": 0.120886564255, "min": -1.94676494598, "var": 95.1221923828}, "barkbands_skewness": {"dmean": 0.525535583496, "dmean2": 0.751829624176, "dvar": 0.401395708323, "dvar2": 0.754852354527, "max": 11.1930761337, "mean": 1.06093347073, "median": 0.801720798016, "min": -5.54267692566, "var": 1.85319137573}, "barkbands_spread": {"dmean": 6.12044715881, "dmean2": 8.38486480713, "dvar": 52.1752548218, "dvar2": 100.193687439, "max": 149.204940796, "mean": 24.2274398804, "median": 21.430606842, "min": 0.503891348839, "var": 222.042526245}, "dissonance": {"dmean": 0.0173263810575, "dmean2": 0.0285609532148, "dvar": 0.000342155661201, "dvar2": 0.000883931119461, "max": 0.500000238419, "mean": 0.46707841754, "median": 0.474891752005, "min": 0.214967906475, "var": 0.000783098454122}, "dynamic_complexity": 5.11327219009, "erbbands": {"dmean": [0.0934475436807, 0.56132465601, 1.13728964329, 1.68819189072, 2.80276179314, 3.14241290092, 4.46101331711, 5.15476131439, 10.2106866837, 7.98245763779, 11.6488485336, 12.0100946426, 10.1919364929, 17.5556526184, 11.6754951477, 16.4318313599, 15.8373994827, 13.6654291153, 11.2971611023, 11.1587133408, 15.0391426086, 18.5807704926, 18.4362773895, 10.6629543304, 7.3800778389, 7.38502883911, 6.69720697403, 5.67525482178, 3.78947758675, 2.39839315414, 1.08322000504, 0.713767766953, 0.49198064208, 0.287208259106, 0.0826831161976, 0.0250719748437, 0.00708880741149, 0.00159380119294, 0.000313163734972, 3.20190556522e-05], "dmean2": [0.134871825576, 0.888245880604, 2.0035636425, 2.87700605392, 4.80371618271, 5.30010223389, 7.59173440933, 8.70837306976, 16.1834259033, 12.7487258911, 18.0719680786, 18.5024242401, 15.4124965668, 25.7273902893, 17.8200588226, 23.8529415131, 24.5895442963, 21.4024887085, 17.9352684021, 17.4039115906, 23.1650810242, 28.3726100922, 28.2077999115, 16.1762943268, 10.5630702972, 10.1950407028, 9.06854820251, 7.49645805359, 5.04537439346, 3.1367020607, 1.42703223228, 0.964653253555, 0.64861613512, 0.375580877066, 0.107209950686, 0.032584130764, 0.00933655444533, 0.00211734208278, 0.000418833107688, 4.25539656135e-05], "dvar": [0.0590538457036, 2.39728689194, 10.6645812988, 15.7479715347, 62.1098136902, 47.1615219116, 112.169319153, 215.370315552, 674.139709473, 569.489318848, 1776.69946289, 1888.41088867, 1136.22607422, 1725.40185547, 1138.3503418, 3346.21362305, 1473.19348145, 1297.94433594, 728.731750488, 795.872253418, 1047.42419434, 1954.18518066, 2053.78808594, 536.227905273, 292.840515137, 390.533508301, 391.013061523, 281.318572998, 127.593170166, 42.0987129211, 13.1644067764, 5.54073429108, 5.62034082413, 0.420388489962, 0.0262838993222, 0.0023332356941, 0.000212163635297, 2.24381183216e-05, 6.23792175247e-07, 4.04292732625e-09], "dvar2": [0.12095746398, 5.50714445114, 29.9976100922, 42.5237808228, 168.264968872, 127.026329041, 304.2918396, 558.24432373, 1559.3717041, 1445.50219727, 4061.89599609, 4169.58300781, 2123.40600586, 3366.65942383, 2519.43969727, 6981.19140625, 3357.50805664, 3156.62231445, 1727.58117676, 1829.75097656, 2313.40991211, 4183.77392578, 4482.97998047, 1236.08398438, 585.781677246, 751.116821289, 742.138671875, 513.428405762, 227.839828491, 76.0780334473, 27.9501094818, 11.616686821, 9.7103767395, 0.76941293478, 0.046563681215, 0.0042463443242, 0.000415973743657, 5.48178213648e-05, 1.4318952708e-06, 8.35513880304e-09], "max": [2.03835701942, 13.850815773, 32.4455718994, 38.8317718506, 129.435211182, 105.777999878, 182.580032349, 339.209899902, 821.217590332, 840.57409668, 1262.29589844, 2000.32714844, 1828.30957031, 1226.19482422, 1186.89135742, 2656.50854492, 1033.97924805, 1259.32434082, 1041.27441406, 982.569396973, 1181.0793457, 1433.4987793, 1156.26599121, 508.27520752, 317.667175293, 335.074981689, 330.877227783, 346.007141113, 164.322418213, 105.07384491, 189.861495972, 123.485435486, 212.965194702, 35.4194374084, 3.50451540947, 0.884592890739, 0.344639331102, 0.213928699493, 0.0310321319848, 0.00101770018227], "mean": [0.0970035046339, 0.550284326077, 1.21431016922, 2.05769538879, 3.22343158722, 4.48521709442, 5.7354183197, 6.89899873734, 16.2758293152, 12.2845830917, 19.7699146271, 20.6253051758, 19.295331955, 32.6492385864, 22.0697612762, 32.3797874451, 28.4325714111, 24.6435871124, 20.7546730042, 19.7206535339, 28.9583797455, 35.7377815247, 34.7715072632, 19.7391300201, 13.4809770584, 11.7987442017, 10.047334671, 8.22801113129, 5.6609416008, 3.49448108673, 1.59560966492, 1.03969943523, 0.712324023247, 0.405870944262, 0.117555275559, 0.0344567485154, 0.00942565314472, 0.00202640704811, 0.00037620254443, 4.75915985589e-05], "median": [0.00351030658931, 0.0480683259666, 0.325144588947, 0.591519773006, 1.06856846809, 2.16732859612, 2.32781362534, 2.20324277878, 4.85027647018, 4.52458620071, 5.73849248886, 6.07228803635, 6.39892625809, 9.10629177094, 5.92356967926, 4.69190311432, 7.41450881958, 5.33327293396, 5.96132993698, 7.22131347656, 11.0396184921, 12.6475324631, 10.5312252045, 7.10771083832, 4.02513885498, 3.01615738869, 2.04247736931, 1.42500948906, 0.922288358212, 0.704612016678, 0.359937757254, 0.230051636696, 0.139994263649, 0.0799485966563, 0.0218944549561, 0.00498804589733, 0.00120062718634, 0.000208955214475, 3.46888300555e-05, 1.8833867216e-05], "min": [5.32074558619e-21, 1.09529933355e-20, 1.73723906793e-20, 2.99567336245e-20, 3.74585606156e-20, 5.73737513499e-20, 1.62399335687e-19, 5.44164643377e-19, 6.61011556321e-19, 7.32248815963e-19, 1.45283324792e-18, 1.2471422775e-18, 1.9847994071e-18, 1.17541506844e-18, 1.70805868855e-18, 4.18478943697e-18, 7.74148574557e-18, 2.88388993223e-18, 3.07110902899e-18, 6.7104617739e-18, 7.95698366593e-18, 1.31281719213e-17, 1.66794899016e-17, 1.85139630876e-17, 1.77464800999e-17, 1.9521328453e-17, 1.48705914857e-17, 2.13596563007e-17, 1.79716965652e-17, 1.69188461923e-17, 2.00713357315e-17, 1.96182326618e-17, 1.51131440024e-17, 1.06451701099e-17, 1.02167517639e-17, 6.40101722905e-18, 3.0964819671e-18, 1.57867440585e-18, 2.66483265369e-19, 2.66380833914e-20], "var": [0.0742788240314, 2.3437962532, 7.24040174484, 14.6143512726, 50.8426399231, 49.7171897888, 106.005149841, 280.896270752, 1460.56286621, 825.510925293, 4056.9777832, 4558.89990234, 3954.09277344, 4943.03759766, 3055.75292969, 12053.2285156, 3683.99389648, 3019.4440918, 1726.26477051, 1543.38342285, 2435.01538086, 4378.05566406, 4676.12207031, 1098.51745605, 647.64074707, 701.77557373, 666.297241211, 502.626800537, 238.588150024, 77.141998291, 19.5534992218, 9.12414455414, 9.73394870758, 0.77488732338, 0.0515475794673, 0.00446753157303, 0.00036717162584, 2.55502291111e-05, 7.7059570458e-07, 6.15718631636e-09]}, "erbbands_crest": {"dmean": 2.65301918983, "dmean2": 4.11617231369, "dvar": 6.76038885117, "dvar2": 14.7889328003, "max": 33.1845436096, "mean": 9.4352016449, "median": 8.20699119568, "min": 2.31710505486, "var": 23.0598182678}, "erbbands_flatness_db": {"dmean": 0.0229880679399, "dmean2": 0.0292253792286, "dvar": 0.000572634919081, "dvar2": 0.000918778940104, "max": 0.393374472857, "mean": 0.177850916982, "median": 0.175564825535, "min": 0.0242617800832, "var": 0.0030815852806}, "erbbands_kurtosis": {"dmean": 1.04633545876, "dmean2": 1.63254952431, "dvar": 3.73454093933, "dvar2": 9.01023387909, "max": 53.3550643921, "mean": 0.547060608864, "median": -0.164026260376, "min": -1.85622906685, "var": 7.35501718521}, "erbbands_skewness": {"dmean": 0.393041938543, "dmean2": 0.564589321613, "dvar": 0.163965508342, "dvar2": 0.339480638504, "max": 5.98904657364, "mean": 0.0251335799694, "median": 0.00613509956747, "min": -3.79578256607, "var": 0.832411468029}, "erbbands_spread": {"dmean": 8.21681213379, "dmean2": 12.0055999756, "dvar": 102.40914917, "dvar2": 217.437683105, "max": 135.470535278, "mean": 34.1343765259, "median": 29.2575054169, "min": 1.87757885456, "var": 386.471801758}, "gfcc": {"cov": [[12356.8994141, -365.033538818, -1012.96356201, 623.834838867, -295.345916748, 633.916564941, -15.0107870102, 215.126190186, -71.8828811646, 161.686630249, 64.5735473633, 23.3471183777, 58.408493042], [-365.033538818, 1488.75256348, -523.13458252, -354.181427002, 231.326782227, -204.408660889, 51.5091133118, -90.0066986084, 70.266494751, -194.659988403, 47.5110855103, -32.5569801331, 11.6713190079], [-1012.96356201, -523.13458252, 1472.01708984, 445.56048584, -84.8408660889, 188.234100342, 79.4633636475, 40.9147605896, -38.6914024353, 155.389556885, -88.5356521606, -16.27967453, -0.436732649803], [623.834838867, -354.181427002, 445.56048584, 595.921020508, -5.06335067749, 133.803939819, 52.4640350342, 47.4411430359, 23.8050899506, 82.5712356567, -33.8015670776, -20.787569046, 28.1811599731], [-295.345916748, 231.326782227, -84.8408660889, -5.06335067749, 363.180023193, 15.253288269, 59.4293365479, 64.9953079224, 67.1941146851, -40.0508804321, -1.28572762012, 20.107339859, 0.312296181917], [633.916564941, -204.408660889, 188.234100342, 133.803939819, 15.253288269, 279.66784668, 97.7082214355, 64.7596359253, -3.81745505333, 66.9102401733, 14.917927742, -6.66655397415, -0.830194354057], [-15.0107870102, 51.5091133118, 79.4633636475, 52.4640350342, 59.4293365479, 97.7082214355, 201.00100708, 62.9951896667, 29.9454689026, 35.5711364746, 27.0015029907, 10.7549610138, -1.22362089157], [215.126190186, -90.0066986084, 40.9147605896, 47.4411430359, 64.9953079224, 64.7596359253, 62.9951896667, 149.113586426, 63.2150497437, 27.2752780914, 4.02969884872, 20.5612220764, 10.0552597046], [-71.8828811646, 70.266494751, -38.6914024353, 23.8050899506, 67.1941146851, -3.81745505333, 29.9454689026, 63.2150497437, 130.308151245, 39.8871002197, 18.4703903198, 14.8017940521, 14.9977884293], [161.686630249, -194.659988403, 155.389556885, 82.5712356567, -40.0508804321, 66.9102401733, 35.5711364746, 27.2752780914, 39.8871002197, 143.464065552, 46.2583389282, 10.4509725571, -11.0237169266], [64.5735473633, 47.5110855103, -88.5356521606, -33.8015670776, -1.28572762012, 14.917927742, 27.0015029907, 4.02969884872, 18.4703903198, 46.2583389282, 105.263816833, 35.4944953918, -6.57682228088], [23.3471183777, -32.5569801331, -16.27967453, -20.787569046, 20.107339859, -6.66655397415, 10.7549610138, 20.5612220764, 14.8017940521, 10.4509725571, 35.4944953918, 92.1801986694, 42.0198440552], [58.408493042, 11.6713190079, -0.436732649803, 28.1811599731, 0.312296181917, -0.830194354057, -1.22362089157, 10.0552597046, 14.9977884293, -11.0237169266, -6.57682228088, 42.0198440552, 92.3887863159]], "icov": [[0.0001619077957, -0.000180287912372, 0.000303035834804, -0.00033625389915, 0.000244586088229, -0.000473017717013, 0.000298879080219, -0.000412385823438, 0.000447543832706, -0.000487215409521, 0.000419546558987, -0.000404568767408, 0.000151264743181], [-0.000180287912372, 0.00175852829125, -0.000425576290581, 0.000972922367509, -0.000951911497395, 0.00111330370419, -0.00138693954796, 0.00183310976718, -0.00204241788015, 0.00275764800608, -0.00230721244588, 0.00228132167831, -0.00115284032654], [0.000303035834804, -0.000425576290581, 0.00172024895437, -0.00124189793132, 0.00056468648836, -0.00107653648593, 0.000332637864631, -0.000842483888846, 0.00163102510851, -0.00242680264637, 0.00248119980097, -0.00148523726966, 0.00063144689193], [-0.00033625389915, 0.000972922367509, -0.00124189793132, 0.00340760056861, -0.000902700936422, 0.000614519696683, -0.00101046368945, 0.00126472045667, -0.00184104440268, 0.00112802674994, -0.00123095314484, 0.00257315509953, -0.00192254770081], [0.000244586088229, -0.000951911497395, 0.00056468648836, -0.000902700936422, 0.0043842853047, -0.00137387018185, 0.000146647595102, -0.00172552955337, -0.000837860745378, 0.000533704645932, 0.00166106584948, -0.00263109034859, 0.00192082033027], [-0.000473017717013, 0.00111330370419, -0.00107653648593, 0.000614519696683, -0.00137387018185, 0.00731913838536, -0.00303920637816, -0.00044626815361, 0.000683143967763, 0.00017176932306, -0.00265356362797, 0.0034619490616, -0.00180924904998], [0.000298879080219, -0.00138693954796, 0.000332637864631, -0.00101046368945, 0.000146647595102, -0.00303920637816, 0.00819544307888, -0.00329775479622, 0.00147383951116, -0.00221924623474, 0.000229323399253, -0.00175792514347, 0.00104750692844], [-0.000412385823438, 0.00183310976718, -0.000842483888846, 0.00126472045667, -0.00172552955337, -0.00044626815361, -0.00329775479622, 0.0131130097434, -0.00734043307602, 0.00344184297137, -0.000669761095196, -0.000171571795363, -0.000197015775484], [0.000447543832706, -0.00204241788015, 0.00163102510851, -0.00184104440268, -0.000837860745378, 0.000683143967763, 0.00147383951116, -0.00734043307602, 0.0161842945963, -0.00887287314981, 0.00254975585267, -0.00109344616067, -0.00163537508342], [-0.000487215409521, 0.00275764800608, -0.00242680264637, 0.00112802674994, 0.000533704645932, 0.00017176932306, -0.00221924623474, 0.00344184297137, -0.00887287314981, 0.0186820868403, -0.00983682833612, 0.00304790656082, 0.000782852876], [0.000419546558987, -0.00230721244588, 0.00248119980097, -0.00123095314484, 0.00166106584948, -0.00265356362797, 0.000229323399253, -0.000669761095196, 0.00254975585267, -0.00983682833612, 0.0200886894017, -0.0105457846075, 0.0050987014547], [-0.000404568767408, 0.00228132167831, -0.00148523726966, 0.00257315509953, -0.00263109034859, 0.0034619490616, -0.00175792514347, -0.000171571795363, -0.00109344616067, 0.00304790656082, -0.0105457846075, 0.0220620613545, -0.0110326446593], [0.000151264743181, -0.00115284032654, 0.00063144689193, -0.00192254770081, 0.00192082033027, -0.00180924904998, 0.00104750692844, -0.000197015775484, -0.00163537508342, 0.000782852876, 0.0050987014547, -0.0110326446593, 0.0172154717147]], "mean": [-55.6953659058, 91.4110565186, -136.055130005, 29.1017074585, -55.7689399719, 0.17433193326, -34.1695022583, 5.48462486267, -20.0220146179, -6.08810806274, -13.5623207092, -1.97339296341, -8.792760849]}, "hfc": {"dmean": 5.77312755585, "dmean2": 7.68209028244, "dvar": 112.052276611, "dvar2": 188.48260498, "max": 139.300628662, "mean": 16.3484668732, "median": 9.52998542786, "min": 1.12357914602e-16, "var": 382.9034729}, "melbands": {"dmean": [0.000763590971474, 0.000604171713348, 0.00032309856033, 0.000213655584957, 0.000156034060637, 0.000117354124086, 0.000154806431965, 8.58739804244e-05, 0.000104012367956, 7.0196663728e-05, 5.1757775509e-05, 7.61495830375e-05, 3.52308306901e-05, 4.45503283117e-05, 4.25913240178e-05, 2.88943101623e-05, 2.81049688056e-05, 1.99530786631e-05, 1.37788620123e-05, 1.98449288291e-05, 1.82834519364e-05, 1.96541022888e-05, 2.5445875508e-05, 1.43822517202e-05, 8.84977634996e-06, 6.05821151112e-06, 5.04337413076e-06, 5.12093538418e-06, 4.35575566371e-06, 3.87007366953e-06, 3.24189591083e-06, 2.39501787291e-06, 1.61862919867e-06, 1.26406268919e-06, 6.32909745946e-07, 4.89588728669e-07, 4.37453621771e-07, 3.3794813703e-07, 3.77205537916e-07, 1.9984875621e-07], "dmean2": [0.00109907658771, 0.00097630394157, 0.000549970078282, 0.000363317929441, 0.000264122820226, 0.000198280322365, 0.000244335475145, 0.000137094830279, 0.000160155439517, 0.000108286571049, 7.86568634794e-05, 0.00011154517415, 5.40199762327e-05, 6.4545783971e-05, 6.41176447971e-05, 4.54283108411e-05, 4.43849094154e-05, 3.18665843224e-05, 2.16279659071e-05, 3.10906107188e-05, 2.84325105895e-05, 3.00124684145e-05, 3.99406599172e-05, 2.21582649829e-05, 1.37151300805e-05, 8.95078301255e-06, 7.24714891476e-06, 7.25148947822e-06, 6.14624104855e-06, 5.32341755388e-06, 4.41667680207e-06, 3.35544041263e-06, 2.1541852675e-06, 1.72984471192e-06, 8.60864190599e-07, 6.82915526795e-07, 6.02702868946e-07, 4.58055808394e-07, 5.10315089741e-07, 2.65718568926e-07], "dvar": [3.88428952647e-06, 2.65376047537e-06, 6.19396871571e-07, 2.62592635636e-07, 1.35597730377e-07, 1.04610158758e-07, 1.58920755666e-07, 6.54657625887e-08, 1.41098396966e-07, 6.45343121164e-08, 2.91551387477e-08, 3.34418146508e-08, 9.65926183483e-09, 2.10900257258e-08, 1.44951117775e-08, 4.40548353353e-09, 5.95364202383e-09, 2.50216602993e-09, 1.07463005161e-09, 2.53035392639e-09, 1.59912638686e-09, 2.49833309596e-09, 4.98882712918e-09, 1.66188984796e-09, 3.88208409863e-10, 1.85564438815e-10, 1.85598647562e-10, 1.85684481679e-10, 1.60395002835e-10, 1.50380347064e-10, 9.32730212511e-11, 5.24437923644e-11, 2.33562735125e-11, 1.12627320664e-11, 3.97721916165e-12, 5.24538051883e-12, 1.71320618282e-12, 3.71350866724e-12, 1.35651049855e-12, 1.75850856771e-13], "dvar2": [7.9825595094e-06, 6.61181275063e-06, 1.67012547081e-06, 7.14276893632e-07, 3.65456742202e-07, 2.73647827953e-07, 3.7316488033e-07, 1.65696548038e-07, 3.22068331116e-07, 1.41437709544e-07, 5.52847865265e-08, 6.51125589002e-08, 1.98953458153e-08, 4.3137223571e-08, 3.05383522914e-08, 1.05025685926e-08, 1.44948018033e-08, 5.95100191347e-09, 2.47730813641e-09, 5.69932057104e-09, 3.52517948166e-09, 5.1816875235e-09, 1.1550241652e-08, 3.7080047921e-09, 9.21678289245e-10, 3.91947724276e-10, 3.80033421399e-10, 3.74564240735e-10, 3.2215244361e-10, 2.90609980524e-10, 1.79041670378e-10, 1.0092597591e-10, 4.29897610565e-11, 2.21763753194e-11, 8.18147199294e-12, 1.25756037528e-11, 3.45638231578e-12, 6.77295329196e-12, 2.60616246466e-12, 3.24823149064e-13], "max": [0.0180839113891, 0.0151207596064, 0.00927965156734, 0.00675563374534, 0.00613134261221, 0.00650291796774, 0.0117785297334, 0.00978499092162, 0.0152646098286, 0.0118807153776, 0.00898502487689, 0.0053561530076, 0.00423170160502, 0.00655958941206, 0.00432803947479, 0.00162103271578, 0.00292896456085, 0.00159925664775, 0.00132536538877, 0.00188428314868, 0.00127056450583, 0.00202971533872, 0.00264913518913, 0.00141075823922, 0.000498664623592, 0.000224919669563, 0.000230074641877, 0.000251608347753, 0.000182526971912, 0.000236139094341, 0.000175186010893, 0.000111423760245, 8.18119224277e-05, 5.07100994582e-05, 9.94085130515e-05, 0.000164371565916, 6.40918151475e-05, 0.000182733900147, 9.5410621725e-05, 1.06248980956e-05], "mean": [0.000816828920506, 0.000677037867717, 0.000388147658668, 0.000283802859485, 0.000206185286515, 0.000156659458298, 0.000246057839831, 0.000131537119159, 0.000177076231921, 0.000116782168334, 9.51568872551e-05, 0.000137956085382, 6.17660698481e-05, 8.29311684356e-05, 7.89545592852e-05, 4.83689909743e-05, 4.68680627819e-05, 3.40097103617e-05, 2.30554742302e-05, 3.31521223416e-05, 3.32856579917e-05, 3.56955606549e-05, 4.17331139033e-05, 2.45986611844e-05, 1.50064188347e-05, 1.05507242552e-05, 8.18296757643e-06, 7.72741077526e-06, 6.3971410782e-06, 5.40316068509e-06, 4.60116734757e-06, 3.45378816746e-06, 2.31287071983e-06, 1.77857987183e-06, 9.14824681786e-07, 6.87109093178e-07, 6.18271883468e-07, 4.75734310612e-07, 5.14508144533e-07, 2.78769476836e-07], "median": [4.20669239247e-05, 0.000162299475051, 0.000123698118841, 0.000124743310153, 9.2256028438e-05, 4.66996134492e-05, 7.26531361579e-05, 4.63473079435e-05, 4.69677397632e-05, 3.22813320963e-05, 2.82053715637e-05, 3.49861584255e-05, 1.60778999998e-05, 1.18139860206e-05, 1.34644969876e-05, 1.23364070532e-05, 7.98133714852e-06, 8.2729402493e-06, 7.40471477911e-06, 1.06013412733e-05, 1.1798892956e-05, 1.15509938041e-05, 1.18042798931e-05, 6.52829066894e-06, 5.14136581842e-06, 3.07779146169e-06, 1.87977309452e-06, 1.81729501492e-06, 1.3394464986e-06, 8.21431115128e-07, 7.55973303512e-07, 5.16921431881e-07, 3.99104692406e-07, 3.72975449636e-07, 2.00862018573e-07, 1.47172897869e-07, 1.33231679911e-07, 9.18229190461e-08, 9.38579489684e-08, 5.53930590286e-08], "min": [3.99155950314e-23, 1.04204297285e-23, 5.90058727433e-24, 2.91725298701e-24, 5.61872411745e-24, 1.2334646469e-23, 1.05116441373e-23, 7.49852916749e-24, 1.32512018666e-23, 6.91566114387e-24, 1.01271549098e-23, 5.16596568394e-24, 5.19099742375e-24, 7.66684841884e-24, 1.46287470669e-23, 1.26963715373e-23, 4.78655869284e-24, 3.42877406378e-24, 9.98652546508e-24, 7.8244588834e-24, 8.87530680613e-24, 1.10215677707e-23, 2.11836147872e-23, 9.77950785316e-24, 1.66118534525e-23, 9.08334599292e-24, 1.6875298285e-23, 1.17768823659e-23, 8.93981432893e-24, 7.29386236108e-24, 1.48729373824e-23, 9.82219548333e-24, 7.89385497723e-24, 1.13553805736e-23, 1.24269289954e-23, 1.05552287023e-23, 1.31062518308e-23, 1.27449693134e-23, 7.23883457977e-24, 8.93319499708e-24], "var": [4.92121216666e-06, 2.31486114899e-06, 5.41155770861e-07, 2.42558911623e-07, 1.26034805703e-07, 1.40518309877e-07, 3.23489416587e-07, 1.0314192167e-07, 3.45997761997e-07, 1.4895809386e-07, 1.03554732789e-07, 9.61339452488e-08, 2.60248480544e-08, 7.54121387558e-08, 4.54611530643e-08, 9.59035251213e-09, 1.30894353134e-08, 5.34755928427e-09, 2.01368033359e-09, 4.87196860632e-09, 3.44781869721e-09, 5.17522957821e-09, 9.06527031219e-09, 3.24113691441e-09, 6.88308909869e-10, 3.93210131122e-10, 3.3560287882e-10, 3.12719433682e-10, 2.57596444175e-10, 2.45527265186e-10, 1.57950458268e-10, 9.09151989803e-11, 4.12723639986e-11, 1.88162211506e-11, 6.24715904007e-12, 5.81572463798e-12, 3.02004818722e-12, 6.06150503055e-12, 2.11194581788e-12, 3.23495895869e-13]}, "melbands_crest": {"dmean": 3.6835463047, "dmean2": 5.57424354553, "dvar": 12.158657074, "dvar2": 24.9149532318, "max": 36.2274932861, "mean": 13.7330904007, "median": 12.4854412079, "min": 2.63688182831, "var": 38.9707107544}, "melbands_flatness_db": {"dmean": 0.0262230504304, "dmean2": 0.0363728404045, "dvar": 0.000737847585697, "dvar2": 0.0014407960698, "max": 0.535268783569, "mean": 0.182439491153, "median": 0.172137841582, "min": 0.00844064261764, "var": 0.0042298506014}, "melbands_kurtosis": {"dmean": 6.90076684952, "dmean2": 10.1746768951, "dvar": 360.921691895, "dvar2": 753.148803711, "max": 446.895233154, "mean": 10.9599323273, "median": 3.06660032272, "min": -1.78220772743, "var": 734.727966309}, "melbands_skewness": {"dmean": 0.733036756516, "dmean2": 1.04110622406, "dvar": 1.01406753063, "dvar2": 1.87501740456, "max": 18.5741634369, "mean": 2.09173727036, "median": 1.63094449043, "min": -2.85501551628, "var": 3.97531080246}, "melbands_spread": {"dmean": 8.37591648102, "dmean2": 12.4440221786, "dvar": 127.749908447, "dvar2": 271.628234863, "max": 207.183441162, "mean": 30.7286205292, "median": 27.9825763702, "min": 0.517165005207, "var": 401.687530518}, "mfcc": {"cov": [[11751.6875, -635.133178711, -852.041931152, -63.0859069824, -115.87297821, 250.566879272, 156.161331177, 139.194717407, 38.6873626709, 37.7650680542, 121.981613159, 113.387626648, 3.25256919861], [-635.133178711, 1538.0390625, -617.612670898, -174.777053833, 25.1090888977, -140.238876343, -62.0046653748, 74.6614303589, -48.8296012878, -85.3654785156, -27.6004219055, -20.1107082367, -2.28187203407], [-852.041931152, -617.612670898, 1350.95898438, 281.25378418, 20.7257061005, 206.58190918, 138.050109863, -85.9292221069, 98.8863143921, 76.3591842651, 16.1224918365, 7.76838731766, -18.1203784943], [-63.0859069824, -174.777053833, 281.25378418, 404.228027344, 95.5725250244, 79.7104568481, 24.5089931488, 18.2589950562, 69.8391571045, 55.6749572754, 4.32167053223, -9.14524555206, 11.7715330124], [-115.87297821, 25.1090888977, 20.7257061005, 95.5725250244, 242.138214111, 35.7160186768, 8.62225914001, 50.1273193359, 63.6266403198, 25.2627754211, 5.34943342209, -0.239748582244, 7.17162036896], [250.566879272, -140.238876343, 206.58190918, 79.7104568481, 35.7160186768, 191.868789673, 104.411003113, 14.7563619614, 39.8474159241, 49.3153991699, 36.5616836548, 15.2859382629, 9.57883834839], [156.161331177, -62.0046653748, 138.050109863, 24.5089931488, 8.62225914001, 104.411003113, 178.484420776, 60.4930534363, 27.949256897, 40.9233016968, 45.2253952026, 17.1142692566, 9.31748962402], [139.194717407, 74.6614303589, -85.9292221069, 18.2589950562, 50.1273193359, 14.7563619614, 60.4930534363, 146.083602905, 67.5090560913, 20.0752468109, 18.9609069824, 13.4175777435, 20.7913169861], [38.6873626709, -48.8296012878, 98.8863143921, 69.8391571045, 63.6266403198, 39.8474159241, 27.949256897, 67.5090560913, 148.235275269, 53.0408058167, 11.4654283524, 11.0929365158, 13.9409046173], [37.7650680542, -85.3654785156, 76.3591842651, 55.6749572754, 25.2627754211, 49.3153991699, 40.9233016968, 20.0752468109, 53.0408058167, 122.545936584, 59.447845459, 15.7682752609, 4.06783914566], [121.981613159, -27.6004219055, 16.1224918365, 4.32167053223, 5.34943342209, 36.5616836548, 45.2253952026, 18.9609069824, 11.4654283524, 59.447845459, 120.859573364, 59.1680755615, 21.1928539276], [113.387626648, -20.1107082367, 7.76838731766, -9.14524555206, -0.239748582244, 15.2859382629, 17.1142692566, 13.4175777435, 11.0929365158, 15.7682752609, 59.1680755615, 105.276985168, 40.3330535889], [3.25256919861, -2.28187203407, -18.1203784943, 11.7715330124, 7.17162036896, 9.57883834839, 9.31748962402, 20.7913169861, 13.9409046173, 4.06783914566, 21.1928539276, 40.3330535889, 91.5053405762]], "icov": [[0.000107780804683, 7.94257284724e-05, 0.000149743282236, -3.12711163133e-05, 9.03696854948e-05, -0.000220608475502, -4.24951394962e-05, -1.92208517547e-05, -8.4079852968e-05, 9.38330922509e-05, -3.62106111425e-05, -0.00010360077431, 0.000119219628687], [7.94257284724e-05, 0.000897034013178, 0.000401029974455, 9.19938465813e-05, -0.000115076050861, 8.605291805e-05, -0.000101344528957, -0.000296440761304, -2.38534594246e-05, 0.000447326136054, -0.000144404140883, 6.33533854852e-05, 0.000154079956701], [0.000149743282236, 0.000401029974455, 0.00155470799655, -0.000676236813888, 0.000241308051045, -0.000706462364178, -0.00116759934463, 0.00156904221512, -0.00121641124133, 0.000421712669777, 0.000157750298968, -0.000387145060813, 0.000517646607477], [-3.12711163133e-05, 9.19938465813e-05, -0.000676236813888, 0.00351040065289, -0.00101260922384, -0.000679124321323, 0.000894380849786, -0.00064015109092, -7.7701137343e-05, -0.000997247057967, 0.000318432052154, 0.000683941005263, -0.000696302682627], [9.03696854948e-05, -0.000115076050861, 0.000241308051045, -0.00101260922384, 0.00530057633296, -0.00114038214087, 0.000862419896293, -0.00122263235971, -0.00138844538014, 0.000137559094583, -0.000155307003297, 7.63406351325e-05, 0.000273638259387], [-0.000220608475502, 8.605291805e-05, -0.000706462364178, -0.000679124321323, -0.00114038214087, 0.00996631477028, -0.00511495070532, 0.00199031503871, -0.000816585670691, -0.000975769769866, -0.000360114645446, 8.32166333566e-05, -0.00071334122913], [-4.24951394962e-05, -0.000101344528957, -0.00116759934463, 0.000894380849786, 0.000862419896293, -0.00511495070532, 0.0116558531299, -0.00610298197716, 0.00233928114176, -0.000943240942433, -0.00188623869326, 0.000725712394342, 0.000122914207168], [-1.92208517547e-05, -0.000296440761304, 0.00156904221512, -0.00064015109092, -0.00122263235971, 0.00199031503871, -0.00610298197716, 0.0137136513367, -0.00627182750031, 0.00134887860622, -0.000474136089906, -7.68451500335e-05, -0.00118144100998], [-8.4079852968e-05, -2.38534594246e-05, -0.00121641124133, -7.7701137343e-05, -0.00138844538014, -0.000816585670691, 0.00233928114176, -0.00627182750031, 0.0124966781586, -0.00477508176118, 0.0024375624489, -0.00101702508982, -0.000655211624689], [9.38330922509e-05, 0.000447326136054, 0.000421712669777, -0.000997247057967, 0.000137559094583, -0.000975769769866, -0.000943240942433, 0.00134887860622, -0.00477508176118, 0.0144746182486, -0.00747422035784, 0.0021560844034, 0.00096526928246], [-3.62106111425e-05, -0.000144404140883, 0.000157750298968, 0.000318432052154, -0.000155307003297, -0.000360114645446, -0.00188623869326, -0.000474136089906, 0.0024375624489, -0.00747422035784, 0.0164795760065, -0.00794692896307, -1.53944201884e-05], [-0.00010360077431, 6.33533854852e-05, -0.000387145060813, 0.000683941005263, 7.63406351325e-05, 8.32166333566e-05, 0.000725712394342, -7.68451500335e-05, -0.00101702508982, 0.0021560844034, -0.00794692896307, 0.0158836636692, -0.00533197633922], [0.000119219628687, 0.000154079956701, 0.000517646607477, -0.000696302682627, 0.000273638259387, -0.00071334122913, 0.000122914207168, -0.00118144100998, -0.000655211624689, 0.00096526928246, -1.53944201884e-05, -0.00533197633922, 0.0138398278505]], "mean": [-691.111938477, 118.528892517, -18.8743934631, 25.0755882263, -1.13350152969, -3.42981100082, -4.83937168121, 4.20301055908, -0.605765402317, -4.17603349686, -1.50675845146, -0.502818405628, -3.0341091156]}, "pitch_salience": {"dmean": 0.0766094923019, "dmean2": 0.118006460369, "dvar": 0.00543187558651, "dvar2": 0.0119034955278, "max": 0.885322391987, "mean": 0.551982522011, "median": 0.560895442963, "min": 0.0964265316725, "var": 0.0151574229822}, "silence_rate_20dB": {"dmean": 0, "dmean2": 0, "dvar": 0, "dvar2": 0, "max": 1, "mean": 1, "median": 1, "min": 1, "var": 0}, "silence_rate_30dB": {"dmean": 0, "dmean2": 0, "dvar": 0, "dvar2": 0, "max": 1, "mean": 1, "median": 1, "min": 1, "var": 0}, "silence_rate_60dB": {"dmean": 0.0675675645471, "dmean2": 0.135146006942, "dvar": 0.06301061064, "dvar2": 0.128639236093, "max": 1, "mean": 0.214268475771, "median": 0, "min": 0, "var": 0.168354779482}, "spectral_centroid": {"dmean": 282.896362305, "dmean2": 401.459686279, "dvar": 110015.523438, "dvar2": 215898.359375, "max": 10995.9316406, "mean": 1641.47363281, "median": 1618.96728516, "min": 169.1769104, "var": 512462.09375}, "spectral_complexity": {"dmean": 3.71074652672, "dmean2": 5.06749248505, "dvar": 27.9050712585, "dvar2": 40.7906417847, "max": 63, "mean": 17.0181770325, "median": 15, "min": 0, "var": 168.354797363}, "spectral_contrast_coeffs": {"dmean": [0.050723336637, 0.0454952828586, 0.0384645834565, 0.0322590209544, 0.0234116949141, 0.0170445665717], "dmean2": [0.0776574239135, 0.0736436024308, 0.0599343664944, 0.0504390895367, 0.0363874286413, 0.0264677796513], "dvar": [0.00178501207847, 0.00147891999222, 0.00103979336563, 0.000773639243562, 0.000453372689663, 0.000286897819024], "dvar2": [0.00397473247722, 0.00370865291916, 0.00239697587676, 0.00177618826274, 0.000964355131146, 0.000587017042562], "max": [-0.291691631079, -0.33209592104, -0.390412181616, -0.515988051891, -0.556208431721, -0.56955742836], "mean": [-0.636255860329, -0.738379299641, -0.753688514233, -0.761080622673, -0.779403805733, -0.758129954338], "median": [-0.645100712776, -0.748311161995, -0.758669555187, -0.764383673668, -0.785034894943, -0.761889696121], "min": [-0.973484873772, -0.954888045788, -0.961823940277, -0.961089968681, -0.962613224983, -0.953564226627], "var": [0.0099901072681, 0.00585241056979, 0.00479850964621, 0.0044452813454, 0.00295956269838, 0.00191269477364]}, "spectral_contrast_valleys": {"dmean": [0.539200365543, 0.409231364727, 0.384329110384, 0.356227904558, 0.313411235809, 0.444256573915], "dmean2": [0.81504201889, 0.64824539423, 0.589301526546, 0.523809671402, 0.407273173332, 0.48116260767], "dvar": [0.320725440979, 0.179900452495, 0.168463468552, 0.167459771037, 0.148932337761, 0.27966144681], "dvar2": [0.591726779938, 0.388774245977, 0.330741554499, 0.319336622953, 0.23389826715, 0.442039400339], "max": [-5.21011543274, -4.63661527634, -5.42192935944, -5.67348384857, -5.34728765488, -7.59046602249], "mean": [-8.21894836426, -7.23639202118, -7.85632562637, -8.23302364349, -7.82687997818, -10.7854499817], "median": [-8.1795425415, -7.03189182281, -7.63822555542, -8.05409145355, -7.64741039276, -10.5612163544], "min": [-26.8104629517, -27.5692901611, -27.13322258, -27.2295150757, -27.1260967255, -27.4512996674], "var": [1.7488629818, 1.32372975349, 1.60869324207, 1.63283216953, 1.48175060749, 1.70685195923]}, "spectral_decrease": {"dmean": 1.59165225444e-09, "dmean2": 2.21141172041e-09, "dvar": 7.72455170407e-18, "dvar2": 1.5355971143e-17, "max": -1.15375180546e-28, "mean": -3.84275589127e-09, "median": -2.44722708764e-09, "min": -2.49896459081e-08, "var": 1.69974382767e-17}, "spectral_energy": {"dmean": 0.00645510805771, "dmean2": 0.00888228788972, "dvar": 0.000123905832879, "dvar2": 0.000243295507971, "max": 0.100149437785, "mean": 0.0159862674773, "median": 0.0101664010435, "min": 1.06266608903e-20, "var": 0.000288542622002}, "spectral_energyband_high": {"dmean": 0.000409094442148, "dmean2": 0.000508326862473, "dvar": 1.15224759156e-06, "dvar2": 1.82640656021e-06, "max": 0.0156082501635, "mean": 0.000656216347124, "median": 0.000157001937623, "min": 7.5160207318e-21, "var": 2.41079237639e-06}, "spectral_energyband_low": {"dmean": 0.0032125627622, "dmean2": 0.00456284778193, "dvar": 5.61936940358e-05, "dvar2": 0.000104080922029, "max": 0.0659636631608, "mean": 0.00446256203577, "median": 0.00117970898282, "min": 1.63152729911e-22, "var": 8.30281423987e-05}, "spectral_energyband_middle_high": {"dmean": 0.00179690832738, "dmean2": 0.00255797896534, "dvar": 8.2117257989e-06, "dvar2": 1.66219469975e-05, "max": 0.0619656518102, "mean": 0.00560671836138, "median": 0.00271286768839, "min": 1.69527677707e-21, "var": 4.98501394759e-05}, "spectral_energyband_middle_low": {"dmean": 0.00298177893274, "dmean2": 0.00478893937543, "dvar": 3.55282827513e-05, "dvar2": 9.07055800781e-05, "max": 0.0981259346008, "mean": 0.00578021910042, "median": 0.0034117102623, "min": 2.50016753783e-22, "var": 5.63723842788e-05}, "spectral_entropy": {"dmean": 0.177448555827, "dmean2": 0.230106592178, "dvar": 0.0386538542807, "dvar2": 0.0679358914495, "max": 9.79501724243, "mean": 7.52641296387, "median": 7.57554101944, "min": 5.10687303543, "var": 0.208121627569}, "spectral_flux": {"dmean": 0.0228410661221, "dmean2": 0.0339876525104, "dvar": 0.000964956067037, "dvar2": 0.00172013079282, "max": 0.273668199778, "mean": 0.0659322366118, "median": 0.0525161884725, "min": 1.03085699699e-10, "var": 0.00271060294472}, "spectral_kurtosis": {"dmean": 2.12351107597, "dmean2": 3.52682590485, "dvar": 7.42171430588, "dvar2": 20.3251800537, "max": 47.7969207764, "mean": 5.31310081482, "median": 4.4004535675, "min": -1.219160676, "var": 15.1921243668}, "spectral_rms": {"dmean": 0.000705738726538, "dmean2": 0.000928891589865, "dvar": 1.01557668586e-06, "dvar2": 1.76018511411e-06, "max": 0.00988467317075, "mean": 0.00339803472161, "median": 0.00314935552888, "min": 3.21985623927e-12, "var": 4.04974389312e-06}, "spectral_rolloff": {"dmean": 502.645996094, "dmean2": 806.288208008, "dvar": 680810.75, "dvar2": 1436088, "max": 19982.8125, "mean": 1916.4465332, "median": 1765.72265625, "min": 64.599609375, "var": 2275558.75}, "spectral_skewness": {"dmean": 0.247046783566, "dmean2": 0.390087723732, "dvar": 0.0703126192093, "dvar2": 0.175062522292, "max": 5.58004808426, "mean": 1.45524120331, "median": 1.44043564796, "min": -0.0407094694674, "var": 0.253733813763}, "spectral_spread": {"dmean": 505310.3125, "dmean2": 677323.875, "dvar": 422436012032, "dvar2": 707695280128, "max": 40817936, "mean": 3875685.75, "median": 3669370.5, "min": 1181887.125, "var": 2191563685890.0}, "spectral_stro