{"lowlevel": {"average_loudness": 0.94902908802, "barkbands": {"dmean": [2.6267958674e-05, 0.00120494747534, 0.00304722017609, 0.00200645322911, 0.00151459942572, 0.000461021845695, 0.000288059702143, 0.000285749149043, 0.000493443629239, 0.000333275704179, 0.000478125497466, 0.000467905629193, 0.000521287729498, 0.000385208521038, 0.000566089816857, 0.000330116774421, 0.000320946826832, 0.000397043884732, 0.000224897448788, 0.000298354105325, 0.000253988255281, 0.000256546889432, 0.000178346905159, 0.000145774756675, 6.73049289617e-05, 1.11495755846e-05, 5.18230933721e-07], "dmean2": [4.08914347645e-05, 0.001991429599, 0.00471214717254, 0.00294627482072, 0.00226737791672, 0.000716327282134, 0.000456093694083, 0.000440145930042, 0.000769165635575, 0.000521571491845, 0.000729268649593, 0.000722568307538, 0.000806096591987, 0.000590737501625, 0.000853790494148, 0.000508249213453, 0.00049757224042, 0.000601216801442, 0.000336575845722, 0.000457638350781, 0.000375046132831, 0.000356365053449, 0.000246532115852, 0.000204629468499, 9.71661502263e-05, 1.69651430042e-05, 8.07295350569e-07], "dvar": [2.83369594456e-09, 3.48019830199e-06, 2.57778137893e-05, 8.46521379572e-06, 4.8781789701e-06, 4.4177065206e-07, 2.85533104716e-07, 3.66398296592e-07, 9.92192553895e-07, 7.03259331658e-07, 1.13186627004e-06, 1.04709181414e-06, 1.54916858719e-06, 7.90615899859e-07, 1.5807603404e-06, 4.61877078806e-07, 4.3335418809e-07, 5.88806472024e-07, 1.53082893917e-07, 5.4943819805e-07, 6.25297332135e-07, 3.32386065338e-07, 1.75328182195e-07, 9.40642479463e-08, 3.12143981773e-08, 7.49096451536e-10, 2.86718348716e-12], "dvar2": [6.86141721218e-09, 9.14632073545e-06, 5.6614557252e-05, 1.70267776411e-05, 1.08429685497e-05, 1.07777213998e-06, 7.20645800811e-07, 8.69277755555e-07, 2.37895574173e-06, 1.69971758623e-06, 2.6719599191e-06, 2.53365442404e-06, 3.92766378354e-06, 1.84719863228e-06, 3.55763427251e-06, 1.07381492853e-06, 1.01367368188e-06, 1.38433711072e-06, 3.47339266682e-07, 1.38525206239e-06, 1.61630828188e-06, 6.33442596154e-07, 3.22411779052e-07, 1.93460081732e-07, 7.07935328137e-08, 1.89453186472e-09, 7.64513365809e-12], "max": [0.00156239094213, 0.0285344906151, 0.0781139135361, 0.0392774641514, 0.0328748971224, 0.0108369719237, 0.0138730332255, 0.0122842323035, 0.0157846696675, 0.0225002989173, 0.0185691621155, 0.0184897426516, 0.0242359489202, 0.0213632024825, 0.0328604653478, 0.0182242561132, 0.0179293770343, 0.0147996190935, 0.00706041185185, 0.0129089159891, 0.034927573055, 0.0106410356238, 0.00657574413344, 0.00428261840716, 0.0048216865398, 0.000582773296628, 3.7679583329e-05], "mean": [3.13137607009e-05, 0.00238118926063, 0.00640301080421, 0.00519044557586, 0.00334376655519, 0.000804726674687, 0.000477906956803, 0.000441885087639, 0.00068681378616, 0.000448662147392, 0.00072703382466, 0.000713642046321, 0.00081584637519, 0.000574659730773, 0.000862016750034, 0.000511518563144, 0.000525417330209, 0.000676690426189, 0.000424416502938, 0.000423538091127, 0.000292363372864, 0.000331455114065, 0.000218907720409, 0.000172610685695, 7.76873348514e-05, 1.17248109746e-05, 5.42514158042e-07], "median": [1.13725909614e-05, 0.00156609900296, 0.00252021779306, 0.00251561496407, 0.00202896539122, 0.000547174015082, 0.000274586433079, 0.000155665475177, 0.000226520496653, 0.000115530216135, 0.000155393150635, 0.000258225249127, 0.000149498257088, 0.000138415620313, 0.000233590457356, 0.000160816402058, 0.000186188422958, 0.000263978145085, 0.000170832674485, 0.000144303456182, 7.93638828327e-05, 9.87149978755e-05, 5.74234582018e-05, 3.59994592145e-05, 1.45795347635e-05, 2.05134529097e-06, 1.09660206249e-07], "min": [5.28593336636e-13, 8.02079865199e-13, 5.45869230893e-13, 5.54362545452e-13, 1.37978690973e-12, 1.22426136069e-12, 8.90895430344e-13, 5.13477064687e-13, 3.10085670249e-13, 1.70889669603e-13, 1.15244700718e-13, 3.63922691353e-14, 1.3963447911e-13, 1.9057157111e-13, 2.55645029749e-14, 6.57478154494e-14, 1.22680033856e-14, 7.81411475239e-14, 3.26342380582e-14, 1.48394717467e-14, 2.6849634915e-14, 7.23308809765e-14, 4.50198485804e-14, 1.20743963872e-13, 1.23893042635e-13, 3.31953702807e-13, 1.61231718623e-13], "var": [3.84141918275e-09, 7.15893293091e-06, 8.54204190546e-05, 4.24218378612e-05, 1.41426435221e-05, 7.05509364707e-07, 4.32145867535e-07, 7.30478120659e-07, 1.65016331266e-06, 1.03541071894e-06, 2.64775621872e-06, 2.03629042517e-06, 3.45239322996e-06, 1.55412192271e-06, 3.38865220328e-06, 9.4420579444e-07, 8.7472864152e-07, 1.26607710627e-06, 4.00700770342e-07, 5.88732120832e-07, 5.31713055807e-07, 4.85093551106e-07, 2.57629409361e-07, 1.31208182097e-07, 3.91730168303e-08, 7.6238870772e-10, 2.54508003214e-12]}, "barkbands_crest": {"dmean": 2.3523850441, "dmean2": 3.61610245705, "dvar": 5.1210103035, "dvar2": 11.1077651978, "max": 24.8437728882, "mean": 9.83387947083, "median": 8.98854732513, "min": 2.107401371, "var": 19.4926185608}, "barkbands_flatness_db": {"dmean": 0.026034289971, "dmean2": 0.0344806872308, "dvar": 0.000807977339718, "dvar2": 0.00129083462525, "max": 0.437823921442, "mean": 0.139812871814, "median": 0.128499656916, "min": 0.0182115472853, "var": 0.00375867984258}, "barkbands_kurtosis": {"dmean": 4.7371840477, "dmean2": 6.82236146927, "dvar": 151.278640747, "dvar2": 290.043060303, "max": 337.684967041, "mean": 6.82876300812, "median": 0.562947034836, "min": -1.93446743488, "var": 336.156921387}, "barkbands_skewness": {"dmean": 0.705470740795, "dmean2": 0.986081838608, "dvar": 0.712975382805, "dvar2": 1.31469988823, "max": 15.0244464874, "mean": 1.65401470661, "median": 1.19940543175, "min": -3.19562339783, "var": 3.07957983017}, "barkbands_spread": {"dmean": 8.01299571991, "dmean2": 11.5403556824, "dvar": 98.1247711182, "dvar2": 198.417144775, "max": 104.691566467, "mean": 25.9343967438, "median": 24.460067749, "min": 0.499103754759, "var": 252.685775757}, "dissonance": {"dmean": 0.015838496387, "dmean2": 0.0257994607091, "dvar": 0.000290030555334, "dvar2": 0.000699341588188, "max": 0.5, "mean": 0.468581825495, "median": 0.474787533283, "min": 0, "var": 0.0006026639021}, "dynamic_complexity": 2.83140468597, "erbbands": {"dmean": [0.0190857071429, 0.351765632629, 2.78758907318, 5.19985723495, 6.51457214355, 4.45841503143, 4.01014041901, 4.22091722488, 3.88627719879, 4.4087843895, 6.69039535522, 11.8613920212, 9.00240325928, 15.1109867096, 18.1371440887, 19.3438091278, 21.8640155792, 22.0831050873, 25.6700458527, 20.680891037, 17.4006633759, 15.8123416901, 22.713766098, 14.1517419815, 10.2471609116, 16.1588363647, 9.79236221313, 10.0775117874, 8.89223766327, 7.44263839722, 4.79727602005, 3.60868763924, 2.0686109066, 1.00428891182, 0.344213247299, 0.0858809649944, 0.0140365287662, 0.00142851041164, 0.000101198093034, 1.25686883621e-05], "dmean2": [0.0311419218779, 0.576989471912, 4.35459327698, 7.66371297836, 9.75475025177, 6.76833534241, 6.27141094208, 6.53523826599, 6.23151493073, 6.74708080292, 10.3007421494, 18.2400627136, 14.0363368988, 23.5365333557, 28.0652313232, 30.1392936707, 33.8706283569, 33.6133079529, 39.0387115479, 30.5811290741, 26.3170948029, 23.934463501, 34.3973007202, 21.2093391418, 15.1742095947, 25.154794693, 14.2579660416, 14.683807373, 12.5136594772, 10.2917900085, 6.63060760498, 5.06235027313, 2.92801809311, 1.44856464863, 0.502106964588, 0.128280073404, 0.0214566942304, 0.00219262368046, 0.000155144647579, 1.75834411493e-05], "dvar": [0.0013479857007, 0.289169490337, 20.5730171204, 59.0732192993, 105.69128418, 39.8503952026, 38.8721084595, 39.9131355286, 54.2012825012, 75.3344802856, 225.304489136, 565.524047852, 394.032165527, 1330.74853516, 1996.79882812, 1911.66992188, 2665.56982422, 2267.3215332, 3220.27294922, 2283.93847656, 1327.23657227, 1022.38818359, 2063.68823242, 574.006530762, 303.402099609, 2165.99194336, 719.028930664, 675.692321777, 388.524841309, 299.730651855, 122.343666077, 56.5929450989, 20.9367809296, 7.04790735245, 0.766178488731, 0.0437220185995, 0.00117843248881, 1.63755830727e-05, 9.46717406691e-08, 3.56015328329e-10], "dvar2": [0.0035008226987, 0.739391028881, 45.2074279785, 119.440849304, 224.529098511, 90.4962234497, 96.0087203979, 96.6557769775, 137.728256226, 184.945373535, 532.912719727, 1285.35595703, 963.669128418, 3262.26953125, 4832.20703125, 4722.16894531, 6795.54443359, 5260.43261719, 7625.46728516, 4813.55957031, 3098.71044922, 2391.77709961, 4887.71582031, 1356.67138672, 661.396057129, 5681.77734375, 1785.4395752, 1582.1953125, 741.952941895, 550.706054688, 227.733581543, 113.241096497, 44.5674057007, 15.8111352921, 1.74845314026, 0.107780113816, 0.00301868584938, 4.28322091466e-05, 2.49982406331e-07, 7.63099861079e-10], "max": [0.58311611414, 8.21610164642, 71.2802581787, 98.2579040527, 145.421859741, 102.764160156, 159.394607544, 82.7010498047, 167.938995361, 175.3334198, 336.230743408, 482.574279785, 661.453796387, 662.067321777, 978.22442627, 920.467651367, 1093.1439209, 1280.16625977, 1395.90563965, 1618.93017578, 1200.00805664, 1084.63220215, 995.616943359, 452.607086182, 461.826171875, 858.653076172, 1097.43408203, 862.646789551, 333.063110352, 307.319732666, 146.24822998, 112.67565155, 76.5803909302, 90.4575500488, 20.1644287109, 4.94858264923, 0.681387364864, 0.0898147001863, 0.00642566848546, 0.000346452667145], "mean": [0.0322748199105, 0.745650529861, 5.9298453331, 13.7485160828, 16.1528205872, 9.08175945282, 6.68716955185, 7.28359460831, 6.52043151855, 7.59672117233, 10.3900136948, 17.2888469696, 13.0182275772, 22.6224384308, 29.522397995, 30.6667194366, 36.2749862671, 36.5673675537, 40.9744415283, 34.6061515808, 29.5918140411, 28.1158504486, 39.2684249878, 27.3288116455, 18.8956661224, 21.4087867737, 12.5717029572, 11.5974063873, 11.4841051102, 9.55355644226, 5.83169603348, 4.30219650269, 2.40185499191, 1.14057338238, 0.402743726969, 0.0939261391759, 0.0144428983331, 0.00150796107482, 0.000120295873785, 3.92462970922e-05], "median": [0.019342046231, 0.535475254059, 2.98146557808, 7.70892524719, 9.32108211517, 5.83943843842, 4.22019386292, 4.5371427536, 3.75144815445, 4.35096073151, 3.93602108955, 6.02191209793, 5.18632411957, 5.46947097778, 8.22134685516, 12.0893707275, 9.01652526855, 11.3244094849, 13.0455188751, 12.3653564453, 10.7076816559, 11.296251297, 14.8246479034, 11.3987064362, 8.53965950012, 6.99356937408, 3.95107603073, 3.09517121315, 3.34950852394, 2.93257904053, 1.46334600449, 0.868700265884, 0.497763931751, 0.206555485725, 0.0786552280188, 0.0177939832211, 0.00237243226729, 0.000282147550024, 3.79879347747e-05, 3.46399465343e-05], "min": [2.90738908643e-11, 1.63722202462e-10, 5.60221369295e-10, 1.37966627012e-09, 2.80850787071e-09, 4.95291629932e-09, 7.70956720686e-09, 1.05849977672e-08, 1.26069998885e-08, 1.26542634149e-08, 1.0394701988e-08, 7.23676807368e-09, 5.55102630528e-09, 5.42967315553e-09, 3.78933595613e-09, 1.58713076015e-09, 5.75569147898e-09, 1.03742872071e-08, 4.10786782368e-09, 2.17384066303e-09, 2.91533619468e-09, 9.24598286822e-10, 3.48578166331e-09, 3.68867847378e-09, 1.02759412091e-09, 6.26969365314e-10, 9.22156240257e-10, 1.20150289717e-09, 1.83163129108e-09, 2.90297430539e-09, 8.37900471229e-10, 1.95116056645e-09, 2.16284834487e-09, 1.46077949736e-09, 1.07477826639e-09, 1.84135007242e-09, 3.47392198341e-10, 1.06930950206e-10, 2.14740950716e-11, 2.47594523009e-12], "var": [0.00190606061369, 0.641169369221, 68.5517349243, 261.179077148, 408.550323486, 101.610221863, 60.6037635803, 68.1139602661, 74.8324966431, 127.00894165, 444.836975098, 1105.07202148, 579.990661621, 2542.00561523, 4545.05615234, 3659.0637207, 6155.84863281, 4769.76464844, 6769.34814453, 5110.45410156, 2932.55224609, 2112.0378418, 4373.28808594, 1613.7779541, 664.555664062, 1956.30163574, 702.708435059, 710.123657227, 564.27734375, 455.956298828, 178.203735352, 80.3176879883, 28.0695438385, 8.85325908661, 1.00242853165, 0.0484508275986, 0.00116388790775, 1.56769801833e-05, 8.69997691666e-08, 7.95001398046e-10]}, "erbbands_crest": {"dmean": 2.97992658615, "dmean2": 4.70826673508, "dvar": 8.92926120758, "dvar2": 20.8595542908, "max": 33.6494445801, "mean": 9.33350658417, "median": 8.15264797211, "min": 2.30582618713, "var": 21.8941879272}, "erbbands_flatness_db": {"dmean": 0.019446246326, "dmean2": 0.0269114412367, "dvar": 0.000353044801159, "dvar2": 0.000682795711327, "max": 0.35981041193, "mean": 0.159320011735, "median": 0.159391760826, "min": 0.0328456349671, "var": 0.00143380125519}, "erbbands_kurtosis": {"dmean": 1.12727272511, "dmean2": 1.75771081448, "dvar": 3.93201994896, "dvar2": 8.93848323822, "max": 45.2595787048, "mean": 0.607945859432, "median": -0.0682727098465, "min": -1.89733409882, "var": 6.43114519119}, "erbbands_skewness": {"dmean": 0.442773252726, "dmean2": 0.638027250767, "dvar": 0.222858205438, "dvar2": 0.459898710251, "max": 5.33023929596, "mean": -0.0923897176981, "median": -0.156082615256, "min": -4.27774953842, "var": 0.827536284924}, "erbbands_spread": {"dmean": 10.9037866592, "dmean2": 15.9718513489, "dvar": 162.56980896, "dvar2": 375.464904785, "max": 186.283874512, "mean": 42.395362854, "median": 39.2164764404, "min": 2.02020287514, "var": 454.472503662}, "gfcc": {"cov": [[7623.74951172, -1024.68994141, -710.094604492, 507.00402832, -406.253234863, 274.15512085, -335.575714111, 68.0512619019, -344.298706055, 77.5271224976, -222.451202393, 21.9261837006, -85.6097869873], [-1024.68994141, 1297.56958008, 65.6665725708, -68.1349411011, 291.88482666, -157.934432983, 156.021881104, -175.702636719, 85.7607803345, -182.024383545, 123.281074524, -112.037322998, 19.3137588501], [-710.094604492, 65.6665725708, 905.280151367, 166.031341553, 87.7869796753, 111.601051331, -13.6513595581, -1.1293810606, -6.49795770645, 0.217634215951, -59.9842567444, -37.7628898621, -47.8723144531], [507.00402832, -68.1349411011, 166.031341553, 302.111236572, 51.6584243774, 12.7407331467, -40.9147453308, -12.3140726089, -14.710103035, -20.916305542, -24.1734256744, -28.3828983307, -6.45709657669], [-406.253234863, 291.88482666, 87.7869796753, 51.6584243774, 327.466491699, -1.96604180336, 21.8091201782, -14.6666345596, 13.5269708633, -35.6600341797, -1.49518787861, -32.6848068237, -18.7191848755], [274.15512085, -157.934432983, 111.601051331, 12.7407331467, -1.96604180336, 198.655380249, 37.3369369507, -9.93469905853, -57.1824569702, 35.3933677673, -20.3160152435, -12.3036880493, -19.4580345154], [-335.575714111, 156.021881104, -13.6513595581, -40.9147453308, 21.8091201782, 37.3369369507, 167.1590271, -20.0286140442, -15.586566925, -17.6349124908, 36.3852348328, -25.0428199768, -8.11179828644], [68.0512619019, -175.702636719, -1.1293810606, -12.3140726089, -14.6666345596, -9.93469905853, -20.0286140442, 136.646942139, 21.2624549866, 23.4169692993, -29.5595626831, 24.7116222382, -5.13864517212], [-344.298706055, 85.7607803345, -6.49795770645, -14.710103035, 13.5269708633, -57.1824569702, -15.586566925, 21.2624549866, 118.769210815, 1.35940766335, 0.341075122356, 3.98376893997, 19.7806911469], [77.5271224976, -182.024383545, 0.217634215951, -20.916305542, -35.6600341797, 35.3933677673, -17.6349124908, 23.4169692993, 1.35940766335, 101.990943909, -0.305275768042, 15.477894783, -5.31990671158], [-222.451202393, 123.281074524, -59.9842567444, -24.1734256744, -1.49518787861, -20.3160152435, 36.3852348328, -29.5595626831, 0.341075122356, -0.305275768042, 100.435371399, 13.4708251953, 5.33197593689], [21.9261837006, -112.037322998, -37.7628898621, -28.3828983307, -32.6848068237, -12.3036880493, -25.0428199768, 24.7116222382, 3.98376893997, 15.477894783, 13.4708251953, 99.4580841064, 22.1003437042], [-85.6097869873, 19.3137588501, -47.8723144531, -6.45709657669, -18.7191848755, -19.4580345154, -8.11179828644, -5.13864517212, 19.7806911469, -5.31990671158, 5.33197593689, 22.1003437042, 76.7925720215]], "icov": [[0.000440187141066, -0.000624524895102, 0.000784651667345, -0.00122842390556, 0.000865163456183, -0.00109108304605, 0.00102465716191, -0.000654232688248, 0.00113763590343, -0.000578393228352, 0.00117241300177, -0.000571532174945, 0.000782518589403], [-0.000624524895102, 0.003908529412, -0.00176424894016, 0.0030937155243, -0.0031760991551, 0.00339361117221, -0.00283899880014, 0.00336754787713, -0.00312529853545, 0.0039907428436, -0.00411512469873, 0.00309066032059, -0.00203006342053], [0.000784651667345, -0.00176424894016, 0.00294881197624, -0.00314160413109, 0.00175279320683, -0.0031463643536, 0.00218017864972, -0.0016143998364, 0.00186234561261, -0.00160375784617, 0.00310910330154, -0.00155440182425, 0.0022855324205], [-0.00122842390556, 0.0030937155243, -0.00314160413109, 0.00813093408942, -0.00371028040536, 0.00382314180024, -0.00218314025551, 0.0029850108549, -0.00316014070995, 0.00375650613569, -0.00435583293438, 0.00365869235247, -0.0030651667621], [0.000865163456183, -0.0031760991551, 0.00175279320683, -0.00371028040536, 0.00639513367787, -0.00336634996347, 0.00254089082591, -0.00274404743686, 0.00251907343045, -0.00217658886686, 0.00376421678811, -0.00206434563734, 0.00286778924055], [-0.00109108304605, 0.00339361117221, -0.0031463643536, 0.00382314180024, -0.00336634996347, 0.0114932954311, -0.00556844007224, 0.00383246014826, -0.000491363578476, 0.000116995892313, -0.00236273091286, 0.00278764637187, -0.00245350459591], [0.00102465716191, -0.00283899880014, 0.00218017864972, -0.00218314025551, 0.00254089082591, -0.00556844007224, 0.0111425034702, -0.00308151077479, 0.00355000421405, -0.000761320523452, 0.000375433155568, -7.39162060199e-05, 0.00223914114758], [-0.000654232688248, 0.00336754787713, -0.0016143998364, 0.0029850108549, -0.00274404743686, 0.00383246014826, -0.00308151077479, 0.0120850121602, -0.00442858505994, 0.00156694930047, -0.000388765474781, 1.76667344931e-05, -0.000275163911283], [0.00113763590343, -0.00312529853545, 0.00186234561261, -0.00316014070995, 0.00251907343045, -0.000491363578476, 0.00355000421405, -0.00442858505994, 0.0145735545084, -0.00437117461115, 0.00422756932676, -0.00159812124912, -0.000372613983927], [-0.000578393228352, 0.0039907428436, -0.00160375784617, 0.00375650613569, -0.00217658886686, 0.000116995892313, -0.000761320523452, 0.00156694930047, -0.00437117461115, 0.0164857152849, -0.00571424327791, 0.00237141014077, -0.000826596049592], [0.00117241300177, -0.00411512469873, 0.00310910330154, -0.00435583293438, 0.00376421678811, -0.00236273091286, 0.000375433155568, -0.000388765474781, 0.00422756932676, -0.00571424327791, 0.0183818731457, -0.00632505165413, 0.00330565590411], [-0.000571532174945, 0.00309066032059, -0.00155440182425, 0.00365869235247, -0.00206434563734, 0.00278764637187, -7.39162060199e-05, 1.76667344931e-05, -0.00159812124912, 0.00237141014077, -0.00632505165413, 0.0154939256608, -0.00532326614484], [0.000782518589403, -0.00203006342053, 0.0022855324205, -0.0030651667621, 0.00286778924055, -0.00245350459591, 0.00223914114758, -0.000275163911283, -0.000372613983927, -0.000826596049592, 0.00330565590411, -0.00532326614484, 0.0172087773681]], "mean": [-5.68826675415, 94.7403411865, -125.087554932, 51.9042129517, -54.2012023926, 20.2028656006, -39.9995498657, 0.428795695305, -26.1481170654, -9.14883232117, -15.6206655502, -8.48489189148, -13.902176857]}, "hfc": {"dmean": 9.77326107025, "dmean2": 13.1099739075, "dvar": 239.126205444, "dvar2": 415.06829834, "max": 198.919067383, "mean": 24.0484390259, "median": 17.6678199768, "min": 1.43814435916e-08, "var": 546.814880371}, "melbands": {"dmean": [0.000242536014412, 0.00109474209603, 0.000908645684831, 0.000375096249627, 0.000147852580994, 9.04863918549e-05, 6.01278698014e-05, 4.93198058393e-05, 5.50118311367e-05, 8.00590205472e-05, 4.49892977485e-05, 6.03447879257e-05, 5.92733849771e-05, 5.27549673279e-05, 4.22165358032e-05, 6.12593357801e-05, 4.06733997806e-05, 3.97853873437e-05, 4.09320964536e-05, 2.49835266004e-05, 2.15086965909e-05, 1.83463307621e-05, 2.2014217393e-05, 1.81101768248e-05, 1.22144974739e-05, 7.59981094234e-06, 9.28033387027e-06, 1.11540375656e-05, 5.7953261603e-06, 7.04440799382e-06, 5.668047379e-06, 5.04006902702e-06, 5.17468743055e-06, 3.85343309972e-06, 2.92908498523e-06, 2.3503164357e-06, 2.20274296225e-06, 1.58439024744e-06, 1.06448680981e-06, 8.0202130448e-07], "dmean2": [0.000399618176743, 0.00171478523407, 0.00133412471041, 0.000563309178688, 0.000226849282626, 0.000140420204843, 9.55512441578e-05, 7.55921864766e-05, 8.47293340485e-05, 0.000123658435768, 7.03899713699e-05, 9.40837926464e-05, 9.09958398552e-05, 8.163369057e-05, 6.4945226768e-05, 9.48540109675e-05, 6.19596612523e-05, 6.11271316302e-05, 6.14083692199e-05, 3.81981408282e-05, 3.31551273121e-05, 2.84171837848e-05, 3.38278441632e-05, 2.74736066785e-05, 1.86494871741e-05, 1.14388767543e-05, 1.42873059303e-05, 1.74699798663e-05, 8.44404439704e-06, 1.10048367787e-05, 8.17861928226e-06, 7.19595936971e-06, 7.35460434953e-06, 5.41648932995e-06, 4.12320923715e-06, 3.30207853949e-06, 3.14009525937e-06, 2.27672353503e-06, 1.54777433181e-06, 1.17619094908e-06], "dvar": [1.53148050686e-07, 2.91222750093e-06, 1.55324471507e-06, 3.02496914628e-07, 4.7613546883e-08, 1.79857320148e-08, 1.21051684232e-08, 9.40308275688e-09, 1.55633497201e-08, 2.6657364316e-08, 1.03722301859e-08, 2.22024088004e-08, 1.95564400229e-08, 1.20186296471e-08, 1.21435377309e-08, 2.27399272745e-08, 9.15801123824e-09, 8.71033023486e-09, 1.07738173938e-08, 2.56575760638e-09, 2.6193716085e-09, 1.56351309677e-09, 2.58289412081e-09, 1.19631038409e-09, 4.93041274474e-10, 1.75240044697e-10, 3.66158992016e-10, 1.02134378732e-09, 1.52706541856e-10, 1.12557030363e-09, 1.65173527633e-10, 1.27564472874e-10, 1.42762815458e-10, 8.93119883605e-11, 5.03118206818e-11, 2.52101967774e-11, 2.22211016948e-11, 1.26179327403e-11, 6.46564442611e-12, 5.5132153183e-12], "dvar2": [4.10728489442e-07, 6.45935688226e-06, 3.21156289829e-06, 6.72089470299e-07, 1.14516105043e-07, 4.37577973855e-08, 3.05471523632e-08, 2.28863985541e-08, 3.66221151182e-08, 6.11772676962e-08, 2.54672176681e-08, 5.44677831726e-08, 4.63735077005e-08, 2.88577624019e-08, 2.91793380569e-08, 5.71356721935e-08, 2.12656487975e-08, 2.066341942e-08, 2.38735893276e-08, 5.94094862194e-09, 6.03162675361e-09, 3.77543951657e-09, 6.08001560209e-09, 2.85768697594e-09, 1.18451082276e-09, 3.97795990592e-10, 8.89295581619e-10, 2.66717314901e-09, 3.28638505298e-10, 3.20778559271e-09, 3.4064392973e-10, 2.51801357543e-10, 2.82063095103e-10, 1.67603722567e-10, 9.7310028091e-11, 4.94680685303e-11, 4.67227645462e-11, 2.74884403434e-11, 1.4034299764e-11, 1.28498869531e-11], "max": [0.00542239379138, 0.0268083401024, 0.0135921128094, 0.00795571506023, 0.0049089663662, 0.00176549726166, 0.00269503961317, 0.00186897802632, 0.00253248610534, 0.00315635977313, 0.00348269357346, 0.00269683846273, 0.00290102581494, 0.00267977244221, 0.00290099321865, 0.00309487525374, 0.00261991610751, 0.00215926533565, 0.00341187044978, 0.000880675681401, 0.00179728970397, 0.00110594870057, 0.00122630072292, 0.000811478006653, 0.000459206436062, 0.00029839592753, 0.000290774885798, 0.000572970078792, 0.000173481996171, 0.00177550385706, 0.000195416112547, 0.000175951150595, 0.000227396129048, 0.000200204463908, 0.000105809165689, 6.61976955598e-05, 8.5763836978e-05, 6.18714329903e-05, 4.38800998381e-05, 9.43555278354e-05], "mean": [0.000466237193905, 0.00241862889379, 0.00257356488146, 0.000878184626345, 0.000261788576609, 0.000155934802024, 0.000102409954707, 8.37032639538e-05, 8.21996800369e-05, 0.00011377329065, 6.1994905991e-05, 8.64896355779e-05, 9.32418042794e-05, 8.26102914289e-05, 6.56601332594e-05, 9.4583054306e-05, 6.25602115178e-05, 5.96909667365e-05, 6.20961582172e-05, 3.94152884837e-05, 3.3833188354e-05, 2.87519851554e-05, 3.55914089596e-05, 3.06108813675e-05, 2.17711312871e-05, 1.29456730065e-05, 1.43202369145e-05, 1.39252988447e-05, 7.57805310059e-06, 7.44308863432e-06, 6.50688161841e-06, 6.34335219729e-06, 6.57347527522e-06, 4.78297079098e-06, 3.46413889929e-06, 2.76246078101e-06, 2.58174168266e-06, 1.80960955731e-06, 1.19609399007e-06, 8.90521107522e-07], "median": [0.000312740361551, 0.00141372065991, 0.00166271300986, 0.000547379197087, 0.000166537240148, 0.000100901874248, 6.03453227086e-05, 4.56244888483e-05, 2.74311823887e-05, 3.6494442611e-05, 2.20897964027e-05, 1.78845530172e-05, 2.15247710003e-05, 2.93679913739e-05, 2.32643469644e-05, 1.57884351211e-05, 1.58474249474e-05, 1.63081567734e-05, 1.62223295774e-05, 1.2794700524e-05, 1.09875654744e-05, 1.09101692942e-05, 1.08460490083e-05, 1.23048002934e-05, 7.84474832471e-06, 5.59196496397e-06, 5.25729865331e-06, 4.05323953601e-06, 2.39230030274e-06, 1.78569575837e-06, 1.56262785822e-06, 1.77780657395e-06, 1.9010037704e-06, 1.37726351568e-06, 8.52791117723e-07, 5.80346863899e-07, 4.8758408866e-07, 3.64885067938e-07, 2.16934950004e-07, 1.47432899666e-07], "min": [2.66354023256e-13, 2.71046775519e-13, 2.76752416557e-13, 2.77770130031e-13, 2.6649326192e-13, 2.38548655655e-13, 1.915579918e-13, 1.33450338996e-13, 7.97392615262e-14, 4.27516502017e-14, 2.70533971608e-14, 2.21237941568e-14, 1.46281438026e-14, 5.01687407912e-15, 5.62860381472e-15, 1.68763352631e-14, 1.97780956516e-14, 8.01960545362e-15, 1.43473691095e-15, 4.51053260633e-15, 2.93599089573e-15, 5.33848920694e-16, 2.03678177771e-15, 4.05243220098e-15, 3.05217057005e-15, 5.33936800362e-16, 8.99122508895e-16, 2.49473278763e-16, 3.5471585191e-16, 9.25805529041e-16, 6.52797492779e-16, 9.80557632873e-16, 1.64158966233e-15, 1.49254288619e-15, 2.70556564094e-16, 7.25627291408e-16, 1.56635121963e-15, 1.75897169992e-15, 1.38987751667e-15, 1.14931740679e-15], "var": [2.75337868061e-07, 9.45662122831e-06, 6.87656483933e-06, 9.35680873226e-07, 8.54352038004e-08, 2.93824360398e-08, 1.78182162358e-08, 1.63961964006e-08, 3.01023881377e-08, 5.04862391892e-08, 1.47849084087e-08, 4.06246591922e-08, 4.50628441229e-08, 2.38686812537e-08, 2.67719872937e-08, 5.00342771659e-08, 1.86289614845e-08, 1.69769194258e-08, 2.19618847552e-08, 5.48281331447e-09, 5.21917842278e-09, 2.78701595136e-09, 4.84321516225e-09, 2.64492117097e-09, 1.28837884805e-09, 3.48525625027e-10, 5.09317310549e-10, 9.19562925805e-10, 2.02633312907e-10, 7.01342983689e-10, 2.12444881131e-10, 1.77808337498e-10, 2.00841343556e-10, 1.30614213889e-10, 6.91605384073e-11, 3.59376105263e-11, 2.96158410296e-11, 1.63505424478e-11, 8.21345248758e-12, 6.49920395279e-12]}, "melbands_crest": {"dmean": 3.18560171127, "dmean2": 4.93648719788, "dvar": 9.05608272552, "dvar2": 20.2924118042, "max": 36.7432479858, "mean": 15.5635957718, "median": 14.9876728058, "min": 3.24638223648, "var": 36.8835792542}, "melbands_flatness_db": {"dmean": 0.0346443541348, "dmean2": 0.0451306477189, "dvar": 0.00141754874494, "dvar2": 0.00226112129167, "max": 0.547398746014, "mean": 0.196863800287, "median": 0.185260593891, "min": 0.0204264707863, "var": 0.00707319751382}, "melbands_kurtosis": {"dmean": 12.7447290421, "dmean2": 18.5898551941, "dvar": 883.252502441, "dvar2": 1809.70983887, "max": 906.750427246, "mean": 22.1842727661, "median": 6.92394399643, "min": -1.83942317963, "var": 1841.89538574}, "melbands_skewness": {"dmean": 0.982404887676, "dmean2": 1.40464663506, "dvar": 1.46449840069, "dvar2": 2.92370700836, "max": 25.0412273407, "mean": 3.17464256287, "median": 2.56433653831, "min": -2.46457624435, "var": 5.74937486649}, "melbands_spread": {"dmean": 10.7124090195, "dmean2": 15.7933988571, "dvar": 213.055709839, "dvar2": 452.489013672, "max": 213.593338013, "mean": 29.0851631165, "median": 24.919834137, "min": 0.374449402094, "var": 531.202148438}, "mfcc": {"cov": [[7428.13134766, -1137.01208496, -471.828857422, 19.406003952, -155.548217773, 16.9611568451, -26.3641548157, -71.8700714111, -59.8577461243, -56.142906189, -88.1196975708, -91.6044006348, -169.446182251], [-1137.01208496, 1282.21459961, -86.8823776245, 124.853775024, 98.7805099487, 52.6460189819, 38.7688751221, 56.668258667, -64.6311569214, -27.0592327118, 24.4752788544, -30.8500404358, 10.4406318665], [-471.828857422, -86.8823776245, 719.539794922, 64.7681045532, 94.7367706299, 99.9259185791, 40.1893119812, -0.475344717503, 36.70262146, 12.4136972427, 7.82970333099, 13.7262783051, -7.62203216553], [19.406003952, 124.853775024, 64.7681045532, 291.637176514, 131.036102295, 10.7957029343, -5.59429883957, 25.8399295807, 1.56200993061, -5.87600851059, -12.0415506363, 2.12554907799, 2.34558534622], [-155.548217773, 98.7805099487, 94.7367706299, 131.036102295, 268.260803223, 40.7975311279, -2.55819582939, 18.4237003326, 31.9515724182, 0.13133405149, 5.0674123764, -6.24633598328, -3.93350553513], [16.9611568451, 52.6460189819, 99.9259185791, 10.7957029343, 40.7975311279, 190.086090088, 86.9787368774, -9.14231395721, -7.36090755463, 1.96558105946, 14.2472496033, -13.2211799622, -19.8660430908], [-26.3641548157, 38.7688751221, 40.1893119812, -5.59429883957, -2.55819582939, 86.9787368774, 187.845550537, 17.4616165161, -20.0094928741, 9.98191833496, 17.1670665741, -5.70408773422, -11.8860321045], [-71.8700714111, 56.668258667, -0.475344717503, 25.8399295807, 18.4237003326, -9.14231395721, 17.4616165161, 100.025260925, 10.1152420044, -8.13575363159, 6.74071931839, -8.15073776245, 6.60326051712], [-59.8577461243, -64.6311569214, 36.70262146, 1.56200993061, 31.9515724182, -7.36090755463, -20.0094928741, 10.1152420044, 103.921928406, 27.5842132568, -8.90507221222, -1.48868405819, -9.69794559479], [-56.142906189, -27.0592327118, 12.4136972427, -5.87600851059, 0.13133405149, 1.96558105946, 9.98191833496, -8.13575363159, 27.5842132568, 79.8746490479, 19.4395580292, -3.94517302513, -11.6835803986], [-88.1196975708, 24.4752788544, 7.82970333099, -12.0415506363, 5.0674123764, 14.2472496033, 17.1670665741, 6.74071931839, -8.90507221222, 19.4395580292, 85.3003005981, 10.1554479599, -12.5691223145], [-91.6044006348, -30.8500404358, 13.7262783051, 2.12554907799, -6.24633598328, -13.2211799622, -5.70408773422, -8.15073776245, -1.48868405819, -3.94517302513, 10.1554479599, 74.7366714478, 24.9188365936], [-169.446182251, 10.4406318665, -7.62203216553, 2.34558534622, -3.93350553513, -19.8660430908, -11.8860321045, 6.60326051712, -9.69794559479, -11.6835803986, -12.5691223145, 24.9188365936, 77.3945083618]], "icov": [[0.000194302061573, 0.00020739606407, 0.000163791672094, -0.000155727218953, 6.00539060542e-05, -0.000134467365569, 3.6839133827e-05, -5.99953352776e-07, 0.000181799390703, 0.000137030539918, 0.000149039959069, 0.000133596273372, 0.000417176110204], [0.00020739606407, 0.00113248440903, 0.000340883387253, -0.000452042324468, -0.000180546368938, -0.000385618914152, 2.82858036371e-05, -0.000401837925892, 0.000738477392588, 0.000238466949668, -0.000110095759737, 0.000514512241352, 0.000224032686674], [0.000163791672094, 0.000340883387253, 0.00176469096914, -0.000374175491743, -0.000297793973004, -0.000941547797993, -3.14626413456e-05, -1.21324155771e-05, -0.000276437232969, 6.43727544229e-05, 7.58535898058e-05, -0.000285052403342, 0.00031631172169], [-0.000155727218953, -0.000452042324468, -0.000374175491743, 0.00485370354727, -0.00227392185479, 0.000309282913804, 0.000201297021704, -0.000977228046395, 0.00078312313417, -0.000551631324925, 0.00113366276491, -0.00087224500021, 9.39971359912e-05], [6.00539060542e-05, -0.000180546368938, -0.000297793973004, -0.00227392185479, 0.00546292867512, -0.00105116586201, 0.000464081036625, -9.39419260249e-05, -0.00185028742999, 0.000659298268147, -0.000854308833368, 0.000587524613366, -0.0001776896097], [-0.000134467365569, -0.000385618914152, -0.000941547797993, 0.000309282913804, -0.00105116586201, 0.00794810708612, -0.00349760474637, 0.00174530083314, -0.000147205559188, 0.000752274296246, -0.000821170862764, 0.00103514734656, 0.000584668305237], [3.6839133827e-05, 2.82858036371e-05, -3.14626413456e-05, 0.000201297021704, 0.000464081036625, -0.00349760474637, 0.00745857879519, -0.00212798826396, 0.00175809359644, -0.00153462414164, -3.385929449e-05, -0.000442714925157, 0.000646141183097], [-5.99953352776e-07, -0.000401837925892, -1.21324155771e-05, -0.000977228046395, -9.39419260249e-05, 0.00174530083314, -0.00212798826396, 0.0119647299871, -0.00266053434461, 0.00253707286902, -0.00223485846072, 0.00231926352717, -0.00188316428103], [0.000181799390703, 0.000738477392588, -0.000276437232969, 0.00078312313417, -0.00185028742999, -0.000147205559188, 0.00175809359644, -0.00266053434461, 0.0132331466302, -0.00503571936861, 0.00309144938365, -0.00097896810621, 0.00232786871493], [0.000137030539918, 0.000238466949668, 6.43727544229e-05, -0.000551631324925, 0.000659298268147, 0.000752274296246, -0.00153462414164, 0.00253707286902, -0.00503571936861, 0.016052717343, -0.00437635323033, 0.00176702917088, 0.000578031758778], [0.000149039959069, -0.000110095759737, 7.58535898058e-05, 0.00113366276491, -0.000854308833368, -0.000821170862764, -3.385929449e-05, -0.00223485846072, 0.00309144938365, -0.00437635323033, 0.0147226620466, -0.0037303538993, 0.00356433656998], [0.000133596273372, 0.000514512241352, -0.000285052403342, -0.00087224500021, 0.000587524613366, 0.00103514734656, -0.000442714925157, 0.00231926352717, -0.00097896810621, 0.00176702917088, -0.0037303538993, 0.0167320910841, -0.00559785217047], [0.000417176110204, 0.000224032686674, 0.00031631172169, 9.39971359912e-05, -0.0001776896097, 0.000584668305237, 0.000646141183097, -0.00188316428103, 0.00232786871493, 0.000578031758778, 0.00356433656998, -0.00559785217047, 0.0169933643192]], "mean": [-639.661071777, 110.018074036, -1.73692727089, 30.8633918762, 10.9975509644, 14.5073385239, 1.07530593872, 7.41765928268, -6.07603406906, -1.24711346626, -2.96419405937, -4.12574672699, -3.7466275692]}, "pitch_salience": {"dmean": 0.0716272220016, "dmean2": 0.110155455768, "dvar": 0.00419661868364, "dvar2": 0.00949476566166, "max": 0.925755620003, "mean": 0.524828672409, "median": 0.532180428505, "min": 0.0706434696913, "var": 0.0148255554959}, "silence_rate_20dB": {"dmean": 0, "dmean2": 0, "dvar": 0, "dvar2": 0, "max": 1, "mean": 1, "median": 1, "min": 1, "var": 0}, "silence_rate_30dB": {"dmean": 0, "dmean2": 0, "dvar": 0, "dvar2": 0, "max": 1, "mean": 1, "median": 1, "min": 1, "var": 0}, "silence_rate_60dB": {"dmean": 0.0147547032684, "dmean2": 0.0295130349696, "dvar": 0.0145394625142, "dvar2": 0.0350379310548, "max": 1, "mean": 0.0399557426572, "median": 0, "min": 0, "var": 0.0383589938283}, "spectral_centroid": {"dmean": 354.378540039, "dmean2": 498.483978271, "dvar": 191927.234375, "dvar2": 365587.59375, "max": 4384.28369141, "mean": 1482.58081055, "median": 1465.20556641, "min": 140.401000977, "var": 618405.875}, "spectral_complexity": {"dmean": 5.0704536438, "dmean2": 6.87358570099, "dvar": 39.4064178467, "dvar2": 59.6038856506, "max": 61, "mean": 19.5199165344, "median": 17, "min": 0, "var": 130.697525024}, "spectral_contrast_coeffs": {"dmean": [0.0477296821773, 0.0450330935419, 0.0414985008538, 0.0367698632181, 0.0282787978649, 0.0221897605807], "dmean2": [0.0775975286961, 0.0729022994637, 0.0642120614648, 0.05577018857, 0.0423064231873, 0.0335538201034], "dvar": [0.00149856763892, 0.00135902664624, 0.00114420824684, 0.000969292013906, 0.000646002939902, 0.000443719181931], "dvar2": [0.00386199820787, 0.0034768495243, 0.00267458637245, 0.00210284418426, 0.00139371631667, 0.0010075608734], "max": [-0.341721862555, -0.448827147484, -0.510324239731, -0.501663029194, -0.567695736885, -0.548082709312], "mean": [-0.592950105667, -0.741054475307, -0.74843531847, -0.749175846577, -0.763684391975, -0.752132952213], "median": [-0.58803999424, -0.742758870125, -0.754815340042, -0.758737444878, -0.770316123962, -0.747366249561], "min": [-0.991383314133, -0.983616054058, -0.976558804512, -0.940052688122, -0.962794303894, -0.934090435505], "var": [0.00632174732164, 0.00370659539476, 0.00500496802852, 0.00503291375935, 0.00356701738201, 0.00178002077155]}, "spectral_contrast_valleys": {"dmean": [0.411440253258, 0.39842620492, 0.407991170883, 0.389313995838, 0.390662640333, 0.491624504328], "dmean2": [0.667660534382, 0.600718855858, 0.582186877728, 0.536962866783, 0.486706465483, 0.570784032345], "dvar": [0.112558588386, 0.123182050884, 0.152667343616, 0.144265592098, 0.167594149709, 0.266606092453], "dvar2": [0.283608943224, 0.247098520398, 0.290183633566, 0.265377521515, 0.266371428967, 0.446452438831], "max": [-5.55670261383, -5.17977762222, -5.45481920242, -5.78223514557, -5.40089797974, -7.33266592026], "mean": [-7.30848169327, -7.12316656113, -7.6200094223, -7.79915523529, -7.61965560913, -10.1052484512], "median": [-7.12016677856, -7.03896141052, -7.53921413422, -7.72691345215, -7.55793571472, -10.0555648804], "min": [-16.7046737671, -17.172328949, -17.492401123, -18.286491394, -17.8519458771, -19.0323905945], "var": [0.900161802769, 0.732865691185, 0.81734931469, 0.867108941078, 1.01533353329, 1.4061832428]}, "spectral_decrease": {"dmean": 1.73926273384e-09, "dmean2": 2.45431541757e-09, "dvar": 3.86282013688e-18, "dvar2": 7.69898272416e-18, "max": -1.91839665625e-18, "mean": -6.72680533498e-09, "median": -6.06547523319e-09, "min": -2.84585990329e-08, "var": 1.84992012224e-17}, "spectral_energy": {"dmean": 0.00707015767694, "dmean2": 0.00988084636629, "dvar": 6.31024886388e-05, "dvar2": 0.000121296048746, "max": 0.110765203834, "mean": 0.0275697540492, "median": 0.0252061914653, "min": 8.54493038827e-12, "var": 0.000298864033539}, "spectral_energyband_high": {"dmean": 0.000987289007753, "dmean2": 0.00134983169846, "dvar": 4.19480511482e-06, "dvar2": 7.89121349953e-06, "max": 0.0359859839082, "mean": 0.00131038203835, "median": 0.000433706823969, "min": 8.72093142059e-13, "var": 6.33066292721e-06}, "spectral_energyband_low": {"dmean": 0.00442278617993, "dmean2": 0.0066984994337, "dvar": 4.03558005928e-05, "dvar2": 8.70845324243e-05, "max": 0.0908336564898, "mean": 0.0114533444867, "median": 0.0073739993386, "min": 1.88876475224e-12, "var": 0.000145632700878}, "spectral_energyband_middle_high": {"dmean": 0.00232911971398, "dmean2": 0.00326472450979, "dvar": 8.35290666146e-06, "dvar2": 1.78978352778e-05, "max": 0.0401061326265, "mean": 0.00646005570889, "median": 0.00453390134498, "min": 8.5313906547e-13, "var": 4.05159953516e-05}, "spectral_energyband_middle_low": {"dmean": 0.00345113594085, "dmean2": 0.00494727957994, "dvar": 1.79898543138e-05, "dvar2": 3.6574099795e-05, "max": 0.0606037937105, "mean": 0.0110692745075, "median": 0.00857450440526, "min": 4.92599711022e-12, "var": 8.19920387585e-05}, "spectral_entropy": {"dmean": 0.235845029354, "dmean2": 0.298618286848, "dvar": 0.0684641376138, "dvar2": 0.115375973284, "max": 9.33210659027, "mean": 7.51750421524, "median": 7.54417133331, "min": 5.18522310257, "var": 0.253884464502}, "spectral_flux": {"dmean": 0.0213040206581, "dmean2": 0.0309196542948, "dvar": 0.000423654710175, "dvar2": 0.0008174245595, "max": 0.24437686801, "mean": 0.0766246989369, "median": 0.0729132071137, "min": 0.000148645864101, "var": 0.00145290675573}, "spectral_kurtosis": {"dmean": 1.61954641342, "dmean2": 2.58128380775, "dvar": 3.69736433029, "dvar2": 9.0112361908, "max": 32.7469673157, "mean": 3.70579147339, "median": 3.15876507759, "min": -1.24014031887, "var": 7.71152067184}, "spectral_rms": {"dmean": 0.000674129056279, "dmean2": 0.000925370142795, "dvar": 4.69290768024e-07, "dvar2": 8.32102955428e-07, "max": 0.0103953648359, "mean": 0.00487546017393, "median": 0.00495897233486, "min": 9.13045354878e-08, "var": 3.12710653816e-06}, "spectral_rolloff": {"dmean": 721.299438477, "dmean2": 1144.22399902, "dvar": 1331289.625, "dvar2": 2710110.75, "max": 12403.125, "mean": 1769.85314941, "median": 1464.2578125, "min": 64.599609375, "var": 2446475.25}, "spectral_skewness": {"dmean": 0.25006300211, "dmean2": 0.370458543301, "dvar": 0.0720675513148, "dvar2": 0.152490183711, "max": 4.57571744919, "mean": 1.36067068577, "median": 1.30096578598, "min": 0.0300229098648, "var": 0.209276631474}, "spectral_spread": {"dmean": 654271.6875, "dmean2": 895959.4375, "dvar": 642997813248, "dvar2": 1295024652290.0, "max": 28170656, "mean": 4498536, "median": 4149670.25, "min": 1542348.25, "var": 2160465018880.0}, "spectral_stron