{"lowlevel": {"average_loudness": 0.559349179268, "barkbands": {"dmean": [4.30382606282e-05, 0.00226333644241, 0.00163399393205, 0.00151995569468, 0.00131160963792, 0.000423261808464, 0.000451881729532, 0.00044125696877, 0.000927149550989, 0.000465832243208, 0.000293782970402, 0.000307416776195, 0.000268643547315, 0.000305687513901, 0.000300342682749, 0.000248854135862, 0.000221339956624, 0.000166104087839, 0.000282711756881, 0.000186704302905, 0.000131973691168, 0.000137364797411, 9.99606272671e-05, 0.000102677491668, 0.000124463098473, 0.000254426675383, 4.7174449719e-05], "dmean2": [6.6662003519e-05, 0.00384774012491, 0.0031097442843, 0.00257676606998, 0.00221816892736, 0.000674120034091, 0.000755498651415, 0.000680544006173, 0.00145167822484, 0.000709587940946, 0.000460329989437, 0.000482217990793, 0.000419871270424, 0.000466030614916, 0.000476493791211, 0.000400485587306, 0.000353700859705, 0.000274567573797, 0.000489811121952, 0.000299358565826, 0.000193992222194, 0.000204040770768, 0.000142227159813, 0.000143506287714, 0.000176944478881, 0.000367184111383, 7.57405650802e-05], "dvar": [9.08849262515e-09, 4.39626383013e-05, 3.33162242896e-05, 2.69397169177e-05, 1.71132141986e-05, 8.83635948412e-07, 1.83350118732e-06, 1.75054890406e-06, 1.0995699995e-05, 3.84847953683e-06, 8.03785667358e-07, 6.73890838243e-07, 5.94845403157e-07, 8.20380250843e-07, 6.92003425229e-07, 4.30894914416e-07, 3.11416556542e-07, 1.53348452159e-07, 6.1301165033e-07, 2.05475359394e-07, 1.20332586562e-07, 1.12961224374e-07, 5.68369813436e-08, 7.17557639973e-08, 1.42259210634e-07, 3.70520439219e-07, 2.1079179291e-08], "dvar2": [2.0204305784e-08, 0.000115027243737, 9.68766908045e-05, 7.01270473655e-05, 4.74844418932e-05, 2.18595437218e-06, 4.73846239402e-06, 4.01110355597e-06, 2.85957303277e-05, 9.33610499487e-06, 1.88901447018e-06, 1.58191562605e-06, 1.3510888266e-06, 1.63345350757e-06, 1.6052575802e-06, 1.03367051452e-06, 7.61397757287e-07, 4.03256990467e-07, 1.67672521911e-06, 4.95532333389e-07, 2.52778733056e-07, 2.47053520752e-07, 1.16137400141e-07, 1.4449723551e-07, 2.89285026156e-07, 7.94386721736e-07, 5.19323819503e-08], "max": [0.00166323326994, 0.0800995230675, 0.0577246919274, 0.0690369307995, 0.0482173934579, 0.0275517702103, 0.0466175228357, 0.0290964245796, 0.0863985195756, 0.0882928520441, 0.0230931062251, 0.0176188889891, 0.0173367727548, 0.0295734908432, 0.0221382137388, 0.0211111158133, 0.0136725828052, 0.0102363564074, 0.0109574440867, 0.0110485535115, 0.00669697020203, 0.00618075858802, 0.00517560867593, 0.00465588085353, 0.00861157570034, 0.00861790310591, 0.00271226512268], "mean": [7.42333140806e-05, 0.00267646485008, 0.00138575443998, 0.00125735101756, 0.00160697055981, 0.000711803382728, 0.000596590223722, 0.000674114562571, 0.00157759699505, 0.000723841891158, 0.000465630291728, 0.000498597451951, 0.000385047198506, 0.000506433018018, 0.000460167240817, 0.000378852913855, 0.000364151113899, 0.000243879869231, 0.000323338143062, 0.000263948022621, 0.000198232475668, 0.000221514346777, 0.000162581782206, 0.000140464297147, 0.000150836043758, 0.000274900579825, 3.986601223e-05], "median": [3.33964708261e-05, 0.00128842447884, 0.000262483779807, 0.000112686444481, 0.000493703177199, 0.000252107274719, 0.000192368112039, 0.000128483603476, 0.000172916857991, 0.000107479390863, 9.43603881751e-05, 8.27783005661e-05, 6.49501962471e-05, 5.97735779593e-05, 6.56449919916e-05, 6.88548534526e-05, 9.03938125703e-05, 7.84029471106e-05, 7.19155141269e-05, 6.21909275651e-05, 3.45066873706e-05, 4.19183052145e-05, 3.71795758838e-05, 1.79703783942e-05, 9.49817422224e-06, 5.0149146773e-06, 1.53037845507e-07], "min": [5.63539472053e-24, 6.83271951943e-24, 1.61126480722e-23, 1.37782887468e-23, 9.43919720296e-24, 4.22813825753e-23, 3.15715071588e-23, 4.04080619619e-23, 5.33822237672e-23, 9.277748299e-23, 9.45057131503e-23, 1.38190040669e-22, 9.44294902542e-23, 2.79783277771e-23, 7.36813061763e-23, 1.11311732093e-22, 2.44530876208e-22, 2.14280546983e-22, 4.23922793791e-22, 3.49703250975e-22, 4.70222794745e-22, 4.89190141107e-22, 5.72636882647e-22, 8.40927845424e-22, 1.15345812777e-21, 1.35051098756e-21, 2.32487391042e-21], "var": [1.21467991221e-08, 3.38692698278e-05, 1.88215908565e-05, 2.06921467907e-05, 1.38327386594e-05, 1.79420646873e-06, 2.37081849264e-06, 3.39413008987e-06, 2.489862527e-05, 8.98474263522e-06, 1.88139745205e-06, 1.77342485586e-06, 1.13758619591e-06, 2.66713118435e-06, 1.65183871559e-06, 9.84815642369e-07, 7.3152926916e-07, 2.31959177199e-07, 5.87976444422e-07, 3.36620644248e-07, 2.01355661034e-07, 1.97907965571e-07, 1.08308270796e-07, 1.14452063826e-07, 1.8813859981e-07, 4.81367749217e-07, 1.85240853767e-08]}, "barkbands_crest": {"dmean": 2.41213655472, "dmean2": 3.8939204216, "dvar": 6.01421928406, "dvar2": 15.8073415756, "max": 25.6204566956, "mean": 9.42565059662, "median": 8.51223945618, "min": 1.9727281332, "var": 17.2606201172}, "barkbands_flatness_db": {"dmean": 0.0222574733198, "dmean2": 0.0312949717045, "dvar": 0.000509638164658, "dvar2": 0.00105114805046, "max": 0.348544478416, "mean": 0.116172842681, "median": 0.110160335898, "min": 0.0101396823302, "var": 0.00267481128685}, "barkbands_kurtosis": {"dmean": 2.05674791336, "dmean2": 3.26778912544, "dvar": 16.0142803192, "dvar2": 36.1885948181, "max": 119.106132507, "mean": 2.58890151978, "median": 0.806685447693, "min": -1.94792187214, "var": 40.7365684509}, "barkbands_skewness": {"dmean": 0.501006245613, "dmean2": 0.763982772827, "dvar": 0.334836751223, "dvar2": 0.789414048195, "max": 9.5561542511, "mean": 1.19465124607, "median": 1.10735237598, "min": -5.43499803543, "var": 1.26592242718}, "barkbands_spread": {"dmean": 9.30738353729, "dmean2": 13.6596736908, "dvar": 153.560638428, "dvar2": 317.142211914, "max": 132.203796387, "mean": 29.9945259094, "median": 24.7594070435, "min": 1.04493188858, "var": 419.794952393}, "dissonance": {"dmean": 0.0179174300283, "dmean2": 0.029820330441, "dvar": 0.000359332276275, "dvar2": 0.000942526618019, "max": 0.500000119209, "mean": 0.465006947517, "median": 0.472947001457, "min": 0.251608431339, "var": 0.000857103732415}, "dynamic_complexity": 5.91200208664, "erbbands": {"dmean": [0.0539123974741, 0.571059286594, 1.74670553207, 3.52527284622, 5.47205877304, 3.96697211266, 3.32953882217, 3.65660691261, 5.82573604584, 7.22405815125, 11.2053279877, 18.5812110901, 21.4921455383, 8.68428039551, 10.8893671036, 12.4933185577, 11.4427833557, 16.1755371094, 11.1220960617, 16.6874313354, 12.691619873, 11.3477067947, 8.15596199036, 12.4386320114, 14.5914926529, 7.56025075912, 5.67379045486, 5.21371173859, 5.12972784042, 3.89747786522, 2.71762275696, 2.09712290764, 1.76213622093, 1.26992237568, 0.976969003677, 0.906311810017, 0.505699217319, 0.131257340312, 0.0060325069353, 0.000118231713714], "dmean2": [0.0891712680459, 1.00287902355, 3.28346681595, 6.2656788826, 9.20985889435, 6.62132072449, 5.23530817032, 5.8597073555, 9.84533977509, 11.2467823029, 17.4738464355, 28.6137046814, 33.5114479065, 13.606880188, 16.6706523895, 19.426115036, 17.6599979401, 24.4003124237, 17.3310279846, 26.5209827423, 20.0718803406, 17.9939308167, 13.3904438019, 21.264541626, 25.1431713104, 11.9127101898, 8.46166419983, 7.60104227066, 7.6654214859, 5.68434762955, 3.86752033234, 2.96677041054, 2.48331427574, 1.7966375351, 1.40643680096, 1.28933513165, 0.744060635567, 0.198724538088, 0.00975103769451, 0.000180790419108], "dvar": [0.0226268656552, 3.01486682892, 36.1451454163, 135.476242065, 402.882904053, 123.088485718, 59.149181366, 81.1994094849, 305.076965332, 402.032989502, 1732.66870117, 4025.29931641, 9335.67675781, 671.856628418, 1290.01904297, 1085.51782227, 1013.31115723, 2170.51098633, 927.781738281, 2371.44116211, 879.645202637, 1035.19628906, 348.043518066, 1134.89855957, 1661.63037109, 316.773773193, 230.446548462, 185.865921021, 160.63772583, 85.553314209, 45.1601295471, 29.8259048462, 23.1011352539, 13.5483350754, 9.43971157074, 4.92360258102, 1.50197172165, 0.120796881616, 0.000434669782408, 1.2271063099e-07], "dvar2": [0.0561327002943, 8.12183761597, 104.302604675, 374.57510376, 1055.2557373, 340.249908447, 141.922195435, 207.998840332, 817.66796875, 960.187683105, 4496.02246094, 9698.74511719, 23304.265625, 1668.51123047, 2741.26733398, 2601.11157227, 2381.60375977, 4376.6953125, 2176.86254883, 5471.96582031, 2085.65893555, 2580.77490234, 897.034423828, 3088.09448242, 4456.61328125, 736.962524414, 495.840881348, 387.842041016, 356.702301025, 179.965744019, 94.3590393066, 63.3093833923, 46.6960449219, 28.5172557831, 19.3923816681, 10.2814760208, 3.29483246803, 0.279462426901, 0.00109694642015, 2.92933464152e-07], "max": [2.80494832993, 16.3203964233, 58.821723938, 122.674964905, 245.837646484, 149.971420288, 214.024749756, 287.059844971, 368.356048584, 624.169616699, 1102.75366211, 1619.45056152, 3953.29833984, 1602.13708496, 1099.515625, 868.831359863, 950.491271973, 1769.453125, 927.729797363, 1493.17468262, 846.576660156, 921.774291992, 438.991088867, 1156.17907715, 791.748779297, 313.863311768, 287.895324707, 292.525878906, 224.814254761, 136.046615601, 158.323257446, 119.261932373, 89.9559249878, 97.4763870239, 77.7942581177, 50.2825813293, 20.5834770203, 5.51155805588, 0.482623547316, 0.00732919527218], "mean": [0.0704318284988, 0.622906327248, 1.59708309174, 2.87407493591, 5.23040151596, 5.25390720367, 5.5216178894, 5.78183555603, 7.64846849442, 11.6760816574, 18.3147850037, 32.9990921021, 37.4853019714, 14.9072275162, 18.2510757446, 22.1578865051, 18.5330486298, 28.0665740967, 18.3150348663, 25.7347984314, 21.5498657227, 19.521484375, 12.7838068008, 15.8738174438, 17.607257843, 11.0965862274, 8.43490409851, 8.07117271423, 8.136469841, 6.43657445908, 4.35398292542, 3.01011943817, 2.29841446877, 1.56775450706, 1.15049517155, 1.02249193192, 0.526911258698, 0.126418367028, 0.00501995999366, 0.000122503872262], "median": [0.0394086502492, 0.240556776524, 0.414154887199, 0.451619237661, 0.847816169262, 1.52001845837, 2.06013345718, 1.95471668243, 2.49791407585, 3.6139922142, 3.52573823929, 4.38155317307, 4.42286252975, 4.18842935562, 3.61925792694, 4.04828548431, 3.96911597252, 3.88501954079, 3.63828086853, 4.37619113922, 4.67374515533, 4.96048307419, 4.53721904755, 3.98355746269, 3.65035629272, 2.89454340935, 1.67785000801, 1.39127516747, 1.48937726021, 1.44919419289, 0.946225762367, 0.466724991798, 0.271231263876, 0.132918983698, 0.0457984730601, 0.0270123817027, 0.00702932616696, 0.00105696369428, 3.58107427019e-05, 1.70875009644e-05], "min": [1.67099785984e-22, 1.99975517508e-21, 1.66678218211e-20, 3.28024675762e-20, 2.62303366638e-20, 4.73137067558e-20, 8.76232810618e-20, 4.99853353444e-19, 3.57703269906e-19, 6.09536830585e-19, 9.2746623226e-19, 1.30313196181e-18, 1.97199403083e-18, 2.7339977742e-18, 6.7952002238e-18, 3.91031147098e-18, 4.56029758861e-18, 2.19919407532e-18, 3.98062140945e-18, 5.24029712759e-18, 6.0094245504e-18, 1.21988775165e-17, 9.03837342434e-18, 1.93719495605e-17, 2.25593179974e-17, 1.50864905887e-17, 2.14071149612e-17, 1.63361801689e-17, 1.84775042749e-17, 1.71743258876e-17, 1.57769944942e-17, 1.50747231173e-17, 1.56276056756e-17, 1.18234756576e-17, 8.15957674156e-18, 4.01932022723e-18, 3.24370129778e-18, 1.10663324275e-18, 2.95857689692e-19, 3.75643880352e-20], "var": [0.0195425450802, 2.14737677574, 21.0146789551, 89.994468689, 311.320831299, 127.284118652, 119.925048828, 146.158874512, 354.708435059, 872.265380859, 3220.44628906, 11406.4287109, 23050.6992188, 1624.15905762, 3416.51782227, 3294.30444336, 2212.22607422, 7414.15136719, 1811.02636719, 5272.43066406, 2269.23901367, 2289.88061523, 532.409790039, 1327.0435791, 1804.61462402, 525.334838867, 370.261535645, 317.02041626, 274.447723389, 160.31489563, 82.4399185181, 49.1405944824, 34.2466888428, 18.1947689056, 11.9858474731, 6.94232940674, 1.84702539444, 0.12535700202, 0.000359367695637, 1.18532916815e-07]}, "erbbands_crest": {"dmean": 2.69413614273, "dmean2": 4.28241157532, "dvar": 7.37193393707, "dvar2": 17.8302192688, "max": 31.0868339539, "mean": 8.84383296967, "median": 7.55135202408, "min": 1.86213493347, "var": 22.661529541}, "erbbands_flatness_db": {"dmean": 0.0222497470677, "dmean2": 0.0286692306399, "dvar": 0.000498310895637, "dvar2": 0.000796336506028, "max": 0.378309756517, "mean": 0.148828983307, "median": 0.146686837077, "min": 0.029050508514, "var": 0.00329389213584}, "erbbands_kurtosis": {"dmean": 0.877078950405, "dmean2": 1.39311742783, "dvar": 1.73540198803, "dvar2": 4.13064146042, "max": 24.9068183899, "mean": 0.403573602438, "median": -0.239136457443, "min": -1.7314094305, "var": 4.45504713058}, "erbbands_skewness": {"dmean": 0.382016658783, "dmean2": 0.576777994633, "dvar": 0.143075212836, "dvar2": 0.326951056719, "max": 4.25567483902, "mean": 0.244972452521, "median": 0.218758821487, "min": -3.52910280228, "var": 0.631402611732}, "erbbands_spread": {"dmean": 9.37073612213, "dmean2": 13.8425273895, "dvar": 116.66254425, "dvar2": 244.681137085, "max": 156.816101074, "mean": 40.6377716064, "median": 37.4940109253, "min": 3.96895694733, "var": 402.586669922}, "gfcc": {"cov": [[31051.9902344, -1596.14758301, 207.294815063, 739.518127441, -219.804168701, 1000.70788574, -148.00402832, 549.213562012, -210.065261841, 464.655761719, -614.631286621, 261.453948975, -499.862487793], [-1596.14758301, 2732.26489258, -650.809753418, 249.963363647, 112.602523804, -358.463378906, 152.162536621, -170.16885376, 116.498710632, -289.499633789, 180.156387329, -229.732589722, 45.1164627075], [207.294815063, -650.809753418, 1405.89294434, 160.05921936, 340.133544922, 224.310516357, 73.737991333, 162.334350586, -88.7920074463, 131.002639771, -109.232971191, 51.8441886902, -94.6073989868], [739.518127441, 249.963363647, 160.05921936, 540.127380371, 143.035461426, 65.6899719238, 8.05111980438, 28.92927742, 14.9783840179, -42.7336616516, -10.14610672, -43.8890304565, -1.89800167084], [-219.804168701, 112.602523804, 340.133544922, 143.035461426, 405.090148926, 71.2757873535, 89.1551589966, 56.7507133484, -12.9491109848, 14.7505521774, -31.1925811768, -3.27988815308, -31.6903171539], [1000.70788574, -358.463378906, 224.310516357, 65.6899719238, 71.2757873535, 376.426361084, 81.1305923462, 60.6447105408, 10.7718000412, 62.9279174805, -30.8527641296, 20.8467159271, -22.2223205566], [-148.00402832, 152.162536621, 73.737991333, 8.05111980438, 89.1551589966, 81.1305923462, 210.175292969, 46.1066856384, 0.522001385689, 2.7246837616, 15.1546602249, -12.4546413422, -25.0252857208], [549.213562012, -170.16885376, 162.334350586, 28.92927742, 56.7507133484, 60.6447105408, 46.1066856384, 163.087051392, 19.3032188416, 47.0288772583, -21.6854667664, 18.3627872467, -29.5890693665], [-210.065261841, 116.498710632, -88.7920074463, 14.9783840179, -12.9491109848, 10.7718000412, 0.522001385689, 19.3032188416, 167.047271729, 14.3912067413, 9.88178825378, -2.98858451843, 32.3739967346], [464.655761719, -289.499633789, 131.002639771, -42.7336616516, 14.7505521774, 62.9279174805, 2.7246837616, 47.0288772583, 14.3912067413, 132.434036255, -3.80697536469, 44.4042320251, -18.7654800415], [-614.631286621, 180.156387329, -109.232971191, -10.14610672, -31.1925811768, -30.8527641296, 15.1546602249, -21.6854667664, 9.88178825378, -3.80697536469, 132.533889771, 11.7308645248, 6.45484209061], [261.453948975, -229.732589722, 51.8441886902, -43.8890304565, -3.27988815308, 20.8467159271, -12.4546413422, 18.3627872467, -2.98858451843, 44.4042320251, 11.7308645248, 107.91204071, 23.2226657867], [-499.862487793, 45.1164627075, -94.6073989868, -1.89800167084, -31.6903171539, -22.2223205566, -25.0252857208, -29.5890693665, 32.3739967346, -18.7654800415, 6.45484209061, 23.2226657867, 99.8444595337]], "icov": [[5.96967329329e-05, -5.87624308537e-05, 7.43553609936e-05, -0.000116863448056, 0.000115893963084, -0.000166510042618, 0.000108149717562, -0.000138081290061, 0.000120771495858, -0.00018121516041, 0.000359265919542, -0.000319374463288, 0.00035740196472], [-5.87624308537e-05, 0.000950636400376, 0.000118973039207, -0.000174371874891, -0.00055559509201, 0.000855006393977, -0.000883550615981, 0.000596812169533, -0.000727707170881, 0.00107369141188, -0.00123159890063, 0.00142311456148, -0.000458594062366], [7.43553609936e-05, 0.000118973039207, 0.00133432261646, -0.000404192309361, -0.000670004403219, -0.000349004694726, 7.54970824346e-05, -0.000570816337131, 0.000632138049696, -0.00075597781688, 0.000847067683935, -0.000526973744854, 0.000855324731674], [-0.000116863448056, -0.000174371874891, -0.000404192309361, 0.00266474904492, -0.000833556579892, -0.000386871310184, 0.000656534219161, -0.000338563258993, -0.000304004119243, 0.00112376990728, -0.000852906261571, 0.00121916842181, -0.00104370561894], [0.000115893963084, -0.00055559509201, -0.000670004403219, -0.000833556579892, 0.00408603996038, -0.000457982183434, -0.000762317969929, -0.000504646624904, 0.000407251209253, -0.000670419074595, 0.00155924353749, -0.00136639585253, 0.000993854715489], [-0.000166510042618, 0.000855006393977, -0.000349004694726, -0.000386871310184, -0.000457982183434, 0.00449084211141, -0.00226166658103, 0.00070877088001, -0.00108330207877, -9.19540907489e-05, -0.000928242050577, 0.00128751981538, -0.000966163468547], [0.000108149717562, -0.000883550615981, 7.54970824346e-05, 0.000656534219161, -0.000762317969929, -0.00226166658103, 0.00723987724632, -0.00221771281213, 0.000822710862849, -0.000136750459205, -0.000167596110259, -0.000459883536678, 0.00126210926101], [-0.000138081290061, 0.000596812169533, -0.000570816337131, -0.000338563258993, -0.000504646624904, 0.00070877088001, -0.00221771281213, 0.00910202972591, -0.00217453949153, -0.000729217892513, -5.77430837438e-05, -0.00024012591166, 0.00125845312141], [0.000120771495858, -0.000727707170881, 0.000632138049696, -0.000304004119243, 0.000407251209253, -0.00108330207877, 0.000822710862849, -0.00217453949153, 0.00797143206, -0.00271233776584, 0.000863976951223, 0.000134952715598, -0.00220512179658], [-0.00018121516041, 0.00107369141188, -0.00075597781688, 0.00112376990728, -0.000670419074595, -9.19540907489e-05, -0.000136750459205, -0.000729217892513, -0.00271233776584, 0.0130476746708, -0.00244737346657, -0.00181588658597, 0.00134130532388], [0.000359265919542, -0.00123159890063, 0.000847067683935, -0.000852906261571, 0.00155924353749, -0.000928242050577, -0.000167596110259, -5.77430837438e-05, 0.000863976951223, -0.00244737346657, 0.011834109202, -0.00493287900463, 0.00301290908828], [-0.000319374463288, 0.00142311456148, -0.000526973744854, 0.00121916842181, -0.00136639585253, 0.00128751981538, -0.000459883536678, -0.00024012591166, 0.000134952715598, -0.00181588658597, -0.00493287900463, 0.0162903293967, -0.00690677668899], [0.00035740196472, -0.000458594062366, 0.000855324731674, -0.00104370561894, 0.000993854715489, -0.000966163468547, 0.00126210926101, 0.00125845312141, -0.00220512179658, 0.00134130532388, 0.00301290908828, -0.00690677668899, 0.0159711632878]], "mean": [-63.873046875, 70.7379226685, -117.408607483, 25.5454120636, -56.0524215698, 8.99544429779, -34.0445556641, 10.7415790558, -21.5580654144, 5.13020181656, -18.1175994873, 5.84830999374, -12.7257547379]}, "hfc": {"dmean": 10.8689126968, "dmean2": 14.9121780396, "dvar": 466.817047119, "dvar2": 841.166992188, "max": 274.708648682, "mean": 21.8778266907, "median": 8.63675689697, "min": 1.13056346206e-16, "var": 1020.43713379}, "melbands": {"dmean": [0.000560995773412, 0.000859820574988, 0.000702561519574, 0.000331102579366, 0.000125158156152, 8.28987031127e-05, 9.06846180442e-05, 7.85217707744e-05, 0.000102679317934, 0.000127586346935, 0.000105891354906, 3.32205090672e-05, 3.71427631762e-05, 3.10099458147e-05, 3.63460094377e-05, 2.45444771281e-05, 3.33177558787e-05, 1.81146406248e-05, 2.46547424467e-05, 2.17729066208e-05, 1.47687178469e-05, 1.35462760227e-05, 8.32637306303e-06, 7.70798396843e-06, 1.0687818758e-05, 1.14501544886e-05, 9.58965847531e-06, 4.42031387138e-06, 3.80413280254e-06, 3.24551206177e-06, 3.13100326821e-06, 3.14721069117e-06, 2.6256759611e-06, 2.11860356103e-06, 1.72576812929e-06, 1.32978675538e-06, 1.30672594878e-06, 1.26664474465e-06, 1.18879711408e-06, 1.06564675662e-06], "dmean2": [0.000936463184189, 0.00156254228204, 0.00121652381495, 0.000559246516787, 0.000196943772607, 0.000132720204419, 0.000152462758706, 0.000121377277537, 0.000160971772857, 0.000197468791157, 0.000165167148225, 5.23988128407e-05, 5.70589072595e-05, 4.7011206334e-05, 5.65497866774e-05, 3.85252460546e-05, 5.03938099428e-05, 2.8334579838e-05, 3.88669359381e-05, 3.50253321812e-05, 2.35140541918e-05, 2.15426152863e-05, 1.35196014526e-05, 1.27885077745e-05, 1.8364553398e-05, 1.9886139853e-05, 1.62647065736e-05, 6.85885606799e-06, 5.75644571654e-06, 4.9619488891e-06, 4.63322612632e-06, 4.74981243315e-06, 4.05653554481e-06, 3.08845392283e-06, 2.4981873139e-06, 1.92340576177e-06, 1.8840840994e-06, 1.81761640761e-06, 1.69788347648e-06, 1.5370909523e-06], "dvar": [2.57194551523e-06, 7.83428822615e-06, 5.328503903e-06, 1.23305812849e-06, 7.66305063848e-08, 3.73121125108e-08, 7.35879339686e-08, 4.75561527935e-08, 1.77444874794e-07, 1.9895740877e-07, 2.25444011903e-07, 1.02156629822e-08, 1.41726212988e-08, 6.8261449826e-09, 1.30783588403e-08, 4.84761475406e-09, 9.95101423484e-09, 3.01542968373e-09, 4.82650097666e-09, 3.76460151941e-09, 1.15506926246e-09, 1.51076251509e-09, 3.74945130499e-10, 3.49931666976e-10, 8.63811522311e-10, 1.02498143306e-09, 7.10642822366e-10, 1.11019783644e-10, 1.04513994681e-10, 8.02297464575e-11, 6.77676109673e-11, 6.00586039234e-11, 4.26616103555e-11, 2.47273625187e-11, 1.76995935269e-11, 1.20204124432e-11, 1.26081133381e-11, 1.27760458463e-11, 1.05265969552e-11, 1.04590424863e-11], "dvar2": [6.56719203107e-06, 2.2038764655e-05, 1.42160261021e-05, 3.36229891218e-06, 1.87790064388e-07, 9.53326306785e-08, 1.95255807967e-07, 1.12595756718e-07, 4.75777937936e-07, 4.91340472308e-07, 5.65351967907e-07, 2.51662051198e-08, 3.15034753839e-08, 1.43567753241e-08, 3.2167360331e-08, 1.13753149122e-08, 1.97551326409e-08, 6.97431223884e-09, 1.11248521506e-08, 9.00217411726e-09, 2.74958433799e-09, 3.72221431455e-09, 9.41464906035e-10, 9.37303235027e-10, 2.35603669907e-09, 2.78345990701e-09, 1.88261450873e-09, 2.48161546867e-10, 2.29798277629e-10, 1.8082585429e-10, 1.43961162435e-10, 1.35635974674e-10, 9.73841771112e-11, 5.24201272667e-11, 3.81603360022e-11, 2.64128753591e-11, 2.79037435519e-11, 2.66150573802e-11, 2.19624648329e-11, 2.28771290106e-11], "max": [0.0241874940693, 0.0262942947447, 0.0263699311763, 0.0125718181953, 0.00565564259887, 0.00597153883427, 0.00755666941404, 0.006106141489, 0.012926004827, 0.0116896228865, 0.0192164052278, 0.00633223541081, 0.00358990835957, 0.00227692350745, 0.00329448608682, 0.00193013006356, 0.00373527803458, 0.00201047351584, 0.001758780214, 0.0020114518702, 0.000784171861596, 0.00113350618631, 0.000604072818533, 0.000399891287088, 0.00104667304549, 0.000532736594323, 0.000710695981979, 0.000229310724535, 0.000184413074749, 0.000196713808691, 0.00017928815214, 0.000146187885548, 9.97004754026e-05, 7.61332048569e-05, 8.37147599668e-05, 9.96639937512e-05, 9.70087203314e-05, 7.36178772058e-05, 8.1381353084e-05, 8.01493224571e-05], "mean": [0.000688848260324, 0.000854164070915, 0.000606070680078, 0.000370680383639, 0.000207423130632, 0.000132632543682, 0.000121130819025, 0.000127288789372, 0.000163343400345, 0.000225098221563, 0.000180235423613, 5.23241287738e-05, 5.87464382988e-05, 5.37163141416e-05, 5.73918950977e-05, 3.58501492883e-05, 5.55334299861e-05, 2.57389910985e-05, 3.73945658794e-05, 3.2331678085e-05, 2.34802409977e-05, 2.23854585784e-05, 1.24340904222e-05, 1.09850734589e-05, 1.28950214275e-05, 1.26788936541e-05, 1.18204652608e-05, 6.36154027234e-06, 5.40044584341e-06, 4.64909135189e-06, 4.654136319e-06, 4.78568472317e-06, 4.01848774345e-06, 3.38486142937e-06, 2.65756261797e-06, 1.94776043827e-06, 1.7687655145e-06, 1.6111896457e-06, 1.48390927279e-06, 1.26425481994e-06], "median": [0.000361436512321, 0.00028933698195, 0.000107553431008, 9.9257194961e-05, 7.81046255725e-05, 4.54588953289e-05, 3.9258175093e-05, 3.52272218151e-05, 2.49087024713e-05, 2.60959768639e-05, 1.80494953383e-05, 1.39262356242e-05, 1.12277984954e-05, 9.33218780119e-06, 8.86835368874e-06, 6.31656985206e-06, 6.30970680504e-06, 4.74505213788e-06, 4.93209654451e-06, 5.61065689908e-06, 4.6389113777e-06, 5.02663215229e-06, 3.82401140087e-06, 3.57021440323e-06, 2.81855818685e-06, 2.47901039074e-06, 2.20717492994e-06, 1.59554667789e-06, 9.78311618383e-07, 7.94278435023e-07, 7.28183067622e-07, 8.34788920656e-07, 7.17327168331e-07, 7.82881386385e-07, 5.72588646719e-07, 3.38512364806e-07, 2.39001366253e-07, 1.65423898579e-07, 1.58830189889e-07, 8.72404726238e-08], "min": [2.36374893008e-24, 6.57937960073e-24, 5.74565065381e-24, 2.47934150738e-24, 2.94755234552e-24, 9.86700120502e-24, 6.25181575946e-24, 7.43095139805e-24, 6.62018776979e-24, 8.59278968356e-24, 1.05443613545e-23, 1.10913732834e-23, 2.00847504789e-23, 1.67381311508e-23, 7.19562393483e-24, 1.03630314202e-23, 2.97538355547e-24, 5.72431709392e-24, 5.76914884802e-24, 8.25109773791e-24, 7.66478081441e-24, 1.30032226522e-23, 1.03525979459e-23, 9.74699573982e-24, 1.57953240399e-23, 1.70657529733e-23, 1.46140426997e-23, 8.47836619812e-24, 1.44449093439e-23, 1.03115069702e-23, 8.95920295226e-24, 1.05620957365e-23, 8.58170934329e-24, 1.00186975794e-23, 9.30437456337e-24, 8.1460443423e-24, 1.02894583079e-23, 1.16562631669e-23, 9.44900274401e-24, 1.04434479009e-23], "var": [2.08431310966e-06, 4.9510658755e-06, 3.88488342651e-06, 9.5577729553e-07, 1.46557226799e-07, 6.99954796346e-08, 9.02261589886e-08, 1.05583069399e-07, 3.1446663229e-07, 5.56658960704e-07, 5.52381209218e-07, 2.36183232971e-08, 3.41462857989e-08, 2.32514452136e-08, 2.84210166512e-08, 9.89815607255e-09, 3.32195462249e-08, 5.0679340724e-09, 1.18563372453e-08, 8.26010193578e-09, 2.97824631623e-09, 3.46984307953e-09, 6.32003782641e-10, 4.48285852883e-10, 1.00661390334e-09, 9.62849022734e-10, 9.51889789214e-10, 1.8796803003e-10, 1.61301541568e-10, 1.17532095167e-10, 1.10811672338e-10, 9.86702108907e-11, 6.98773192087e-11, 4.51389654821e-11, 3.1275156076e-11, 1.99288467673e-11, 1.87869945295e-11, 1.80692284052e-11, 1.47635827175e-11, 1.31036570483e-11]}, "melbands_crest": {"dmean": 2.96545577049, "dmean2": 4.70030593872, "dvar": 9.07502555847, "dvar2": 22.5379180908, "max": 33.7502098083, "mean": 13.2567110062, "median": 12.3730144501, "min": 2.13381838799, "var": 26.3506698608}, "melbands_flatness_db": {"dmean": 0.0265769679099, "dmean2": 0.0384828001261, "dvar": 0.000839765009005, "dvar2": 0.00191571516916, "max": 0.483284920454, "mean": 0.175572484732, "median": 0.168341234326, "min": 0.00741141382605, "var": 0.0044427299872}, "melbands_kurtosis": {"dmean": 5.84943628311, "dmean2": 9.28622341156, "dvar": 129.89352417, "dvar2": 325.967651367, "max": 271.21673584, "mean": 10.5856122971, "median": 5.80430603027, "min": -1.73904466629, "var": 288.468719482}, "melbands_skewness": {"dmean": 0.70575851202, "dmean2": 1.06254589558, "dvar": 0.756016910076, "dvar2": 1.82483899593, "max": 13.7159662247, "mean": 2.32500195503, "median": 2.11114382744, "min": -1.22253167629, "var": 2.59959578514}, "melbands_spread": {"dmean": 9.00103569031, "dmean2": 13.8311166763, "dvar": 152.136291504, "dvar2": 349.859008789, "max": 208.481933594, "mean": 29.9995365143, "median": 24.6051445007, "min": 0.75242960453, "var": 462.02130127}, "mfcc": {"cov": [[16594.7734375, -290.162078857, 192.696151733, 193.892745972, 154.791366577, 595.656799316, 138.663635254, 381.999938965, 151.578826904, 284.726104736, 148.544387817, -57.3310203552, -32.888835907], [-290.162078857, 1875.21655273, -224.085952759, 297.995178223, -5.27217102051, -66.3521270752, 44.0358467102, 47.6125144958, -71.809715271, 5.1112241745, 25.6787834167, -5.16528558731, -1.53048467636], [192.696151733, -224.085952759, 722.972717285, 111.193099976, 179.68862915, 104.661621094, 114.805145264, 37.748752594, 74.1289749146, 45.3125267029, 18.3761825562, 22.9644317627, 3.25977230072], [193.892745972, 297.995178223, 111.193099976, 483.283172607, 168.592880249, 23.7940692902, 72.5620117188, 52.8479499817, 23.189037323, 28.4245262146, -14.6031866074, -5.4650182724, 22.9965610504], [154.791366577, -5.27217102051, 179.68862915, 168.592880249, 298.410705566, 91.5833282471, 59.0180511475, 42.4174308777, 60.6791572571, 34.5826721191, -3.26354241371, 4.89312934875, 7.99447965622], [595.656799316, -66.3521270752, 104.661621094, 23.7940692902, 91.5833282471, 264.673156738, 81.8316040039, 62.0386543274, 59.9627799988, 37.5002746582, 21.8009872437, 12.351395607, -11.9772615433], [138.663635254, 44.0358467102, 114.805145264, 72.5620117188, 59.0180511475, 81.8316040039, 251.821716309, 68.2583389282, 3.21001362801, 29.3345241547, 41.1820335388, -1.44830405712, -2.68511486053], [381.999938965, 47.6125144958, 37.748752594, 52.8479499817, 42.4174308777, 62.0386543274, 68.2583389282, 142.134017944, 38.6587219238, 39.7609901428, 22.1512298584, 10.0039434433, 7.60113573074], [151.578826904, -71.809715271, 74.1289749146, 23.189037323, 60.6791572571, 59.9627799988, 3.21001362801, 38.6587219238, 157.552337646, 33.8640708923, -5.80220603943, 15.510471344, 7.03155326843], [284.726104736, 5.1112241745, 45.3125267029, 28.4245262146, 34.5826721191, 37.5002746582, 29.3345241547, 39.7609901428, 33.8640708923, 117.769439697, 48.8983650208, -8.56099700928, -8.15320110321], [148.544387817, 25.6787834167, 18.3761825562, -14.6031866074, -3.26354241371, 21.8009872437, 41.1820335388, 22.1512298584, -5.80220603943, 48.8983650208, 104.632392883, 26.5871486664, 0.266985625029], [-57.3310203552, -5.16528558731, 22.9644317627, -5.4650182724, 4.89312934875, 12.351395607, -1.44830405712, 10.0039434433, 15.510471344, -8.56099700928, 26.5871486664, 100.156860352, 43.6592445374], [-32.888835907, -1.53048467636, 3.25977230072, 22.9965610504, 7.99447965622, -11.9772615433, -2.68511486053, 7.60113573074, 7.03155326843, -8.15320110321, 0.266985625029, 43.6592445374, 86.5662460327]], "icov": [[7.03706537024e-05, 1.57610975293e-05, 1.78368316028e-06, -3.44430409314e-05, 3.6938010453e-05, -0.000146830134327, 6.28929119557e-05, -0.000141017779242, 2.50777084148e-05, -7.39540409995e-05, -5.80154046474e-05, 8.65270849317e-05, -2.57592346316e-05], [1.57610975293e-05, 0.00066838884959, 0.000246105948463, -0.000514065963216, 0.000106062929262, 9.15491255e-05, -5.10291429237e-05, -0.00022287631873, 0.000214612780837, 3.04536461044e-05, -0.00022926213569, -9.23030893318e-05, 0.000198655179702], [1.78368316028e-06, 0.000246105948463, 0.00185454310849, -0.000226676449529, -0.000759235583246, -0.000103056438093, -0.000654612202197, 0.000282858411083, -0.00035849242704, -0.000267489347607, 5.10342852067e-06, -0.000493324419949, 0.000258842163021], [-3.44430409314e-05, -0.000514065963216, -0.000226676449529, 0.00319180265069, -0.0015886182664, 0.000449344632216, -0.000488372694235, -0.000373710587155, 0.000123316625832, -0.000471112085506, 0.000944676809013, 0.000287143164314, -0.000837122963276], [3.6938010453e-05, 0.000106062929262, -0.000759235583246, -0.0015886182664, 0.00532385939732, -0.00120211823378, -8.4984501882e-05, -5.8549510868e-05, -0.000837598869111, -0.000528214965016, 0.000484088814119, 4.85689197376e-05, -0.000196665598196], [-0.000146830134327, 9.15491255e-05, -0.000103056438093, 0.000449344632216, -0.00120211823378, 0.00553377298638, -0.00125997920986, -0.000865924521349, -0.00115972023923, -0.000180478935363, 2.88265273412e-05, -0.00101006415207, 0.00133049860597], [6.28929119557e-05, -5.10291429237e-05, -0.000654612202197, -0.000488372694235, -8.4984501882e-05, -0.00125997920986, 0.00564317172393, -0.00209388136864, 0.000888871494681, 0.000630211958196, -0.00209226529114, 0.00117964053061, -0.000231540747336], [-0.000141017779242, -0.00022287631873, 0.000282858411083, -0.000373710587155, -5.8549510868e-05, -0.000865924521349, -0.00209388136864, 0.00999982003123, -0.00159985246137, -0.001871466171, 3.15604279422e-06, -0.000695231196005, -0.000721981283277], [2.50777084148e-05, 0.000214612780837, -0.00035849242704, 0.000123316625832, -0.000837598869111, -0.00115972023923, 0.000888871494681, -0.00159985246137, 0.00850369408727, -0.00254010944627, 0.00227619078942, -0.00165775604546, -2.19050743908e-05], [-7.39540409995e-05, 3.04536461044e-05, -0.000267489347607, -0.000471112085506, -0.000528214965016, -0.000180478935363, 0.000630211958196, -0.001871466171, -0.00254010944627, 0.0135453818366, -0.00716733187437, 0.00371669139713, -5.49445539946e-05], [-5.80154046474e-05, -0.00022926213569, 5.10342852067e-06, 0.000944676809013, 0.000484088814119, 2.88265273412e-05, -0.00209226529114, 3.15604279422e-06, 0.00227619078942, -0.00716733187437, 0.0156296696514, -0.00590097438544, 0.00168484507594], [8.65270849317e-05, -9.23030893318e-05, -0.000493324419949, 0.000287143164314, 4.85689197376e-05, -0.00101006415207, 0.00117964053061, -0.000695231196005, -0.00165775604546, 0.00371669139713, -0.00590097438544, 0.0157918725163, -0.00753470277414], [-2.57592346316e-05, 0.000198655179702, 0.000258842163021, -0.000837122963276, -0.000196665598196, 0.00133049860597, -0.000231540747336, -0.000721981283277, -2.19050743908e-05, -5.49445539946e-05, 0.00168484507594, -0.00753470277414, 0.0158081687987]], "mean": [-697.634643555, 103.42817688, -4.30053377151, 19.7536830902, -0.719944000244, 2.23890852928, -3.55465579033, 4.74036979675, -0.134333580732, 1.50710952282, -0.00452606799081, -1.45817613602, 1.31693291664]}, "pitch_salience": {"dmean": 0.0649381279945, "dmean2": 0.104994297028, "dvar": 0.00418807426468, "dvar2": 0.0109062287956, "max": 0.861930370331, "mean": 0.559175729752, "median": 0.571018218994, "min": 0.0880132988095, "var": 0.0127344466746}, "silence_rate_20dB": {"dmean": 0, "dmean2": 0, "dvar": 0, "dvar2": 0, "max": 1, "mean": 1, "median": 1, "min": 1, "var": 0}, "silence_rate_30dB": {"dmean": 0.00340136047453, "dmean2": 0.00680336402729, "dvar": 0.00338979437947, "dvar2": 0.00978058483452, "max": 1, "mean": 0.998110532761, "median": 1, "min": 0, "var": 0.00188595394138}, "silence_rate_60dB": {"dmean": 0.0400604680181, "dmean2": 0.080128505826, "dvar": 0.0384565554559, "dvar2": 0.0795611143112, "max": 1, "mean": 0.246858760715, "median": 0, "min": 0, "var": 0.185906723142}, "spectral_centroid": {"dmean": 284.226318359, "dmean2": 432.117156982, "dvar": 113735.132812, "dvar2": 244489.75, "max": 11569.7304688, "mean": 1607.82141113, "median": 1531.31384277, "min": 210.030517578, "var": 492122.5625}, "spectral_complexity": {"dmean": 4.04308366776, "dmean2": 5.87262582779, "dvar": 41.6441192627, "dvar2": 74.814994812, "max": 62, "mean": 13.9799718857, "median": 11, "min": 0, "var": 136.57258606}, "spectral_contrast_coeffs": {"dmean": [0.0470349565148, 0.0441699773073, 0.0382991842926, 0.0313829183578, 0.023208681494, 0.022447200492], "dmean2": [0.0767052099109, 0.0712318718433, 0.0615052543581, 0.0497529879212, 0.0366502776742, 0.0337153188884], "dvar": [0.00205913837999, 0.0015221881913, 0.00115346256644, 0.000761149218306, 0.000471284642117, 0.000463296950329], "dvar2": [0.00530881574377, 0.00384628889151, 0.00272947899066, 0.00179149711039, 0.00109508004971, 0.00099682842847], "max": [-0.253997504711, -0.401225358248, -0.405455350876, -0.489359527826, -0.522526085377, -0.569900035858], "mean": [-0.676377952099, -0.746903955936, -0.763511419296, -0.772835850716, -0.783395826817, -0.761669754982], "median": [-0.682421028614, -0.756429314613, -0.776904523373, -0.785757482052, -0.78654974699, -0.758711397648], "min": [-0.956275999546, -0.958099067211, -0.964521348476, -0.961415886879, -0.96324712038, -0.957658052444], "var": [0.0071673495695, 0.00656238337979, 0.0068337759003, 0.00526187894866, 0.00291765807196, 0.00260244053788]}, "spectral_contrast_valleys": {"dmean": [0.445952236652, 0.404175251722, 0.369953870773, 0.326398193836, 0.333405673504, 0.484035968781], "dmean2": [0.665998578072, 0.649699926376, 0.570034503937, 0.478313356638, 0.463700383902, 0.561427116394], "dvar": [0.236863732338, 0.190857484937, 0.157459810376, 0.145759165287, 0.211267605424, 0.329055160284], "dvar2": [0.440040230751, 0.435447901487, 0.309770405293, 0.25408488512, 0.385201781988, 0.472232460976], "max": [-5.06335306168, -4.90364122391, -5.13823795319, -5.38363647461, -5.31829595566, -7.46224069595], "mean": [-8.20369243622, -7.48407459259, -8.04580879211, -8.3684425354, -8.20371627808, -10.7524452209], "median": [-7.5118098259, -7.19990205765, -7.77266645432, -8.08810138702, -7.9277677536, -10.4294567108], "min": [-27.8016872406, -27.1315364838, -27.11577034, -27.1750583649, -27.1658878326, -27.3696880341], "var": [3.57252144814, 2.52967810631, 2.46432495117, 2.5403649807, 2.77188706398, 3.66483664513]}, "spectral_decrease": {"dmean": 2.12316209058e-09, "dmean2": 3.38749961415e-09, "dvar": 2.36592316385e-17, "dvar2": 5.96637368726e-17, "max": 3.24081012026e-10, "mean": -3.80971831859e-09, "median": -2.18739115709e-09, "min": -4.01606250477e-08, "var": 2.71136966952e-17}, "spectral_energy": {"dmean": 0.00878370460123, "dmean2": 0.0136530157179, "dvar": 0.000381260848371, "dvar2": 0.00093508453574, "max": 0.165779173374, "mean": 0.0163631550968, "median": 0.00930240377784, "min": 1.01640520548e-20, "var": 0.000479551148601}, "spectral_energyband_high": {"dmean": 0.000832723046187, "dmean2": 0.00110113993287, "dvar": 3.32587478624e-06, "dvar2": 5.7547281358e-06, "max": 0.025237955153, "mean": 0.00130159105174, "median": 0.000258681015112, "min": 7.18867208232e-21, "var": 6.59551642457e-06}, "spectral_energyband_low": {"dmean": 0.00415708310902, "dmean2": 0.00707849627361, "dvar": 0.000150690771989, "dvar2": 0.000397533876821, "max": 0.103374481201, "mean": 0.00463289255276, "median": 0.00205597141758, "min": 3.52890141747e-23, "var": 0.000113000620331}, "spectral_energyband_middle_high": {"dmean": 0.00176035589539, "dmean2": 0.00269083003514, "dvar": 1.11708632176e-05, "dvar2": 2.56577513937e-05, "max": 0.0473241358995, "mean": 0.00416506221518, "median": 0.00156044750474, "min": 1.69601106142e-21, "var": 3.5739303712e-05}, "spectral_energyband_middle_low": {"dmean": 0.00416288571432, "dmean2": 0.00680152419955, "dvar": 9.49882596615e-05, "dvar2": 0.0002505730954, "max": 0.110778875649, "mean": 0.00695262849331, "median": 0.0032499099616, "min": 1.96332774942e-22, "var": 0.000121562428831}, "spectral_entropy": {"dmean": 0.191393300891, "dmean2": 0.257590264082, "dvar": 0.0449388809502, "dvar2": 0.0780291333795, "max": 9.79696750641, "mean": 7.67503595352, "median": 7.65125799179, "min": 5.76014661789, "var": 0.23015896976}, "spectral_flux": {"dmean": 0.0256618726999, "dmean2": 0.0362748578191, "dvar": 0.00168983615004, "dvar2": 0.00298329233192, "max": 0.37412571907, "mean": 0.0663566738367, "median": 0.046311698854, "min": 1.00816924253e-10, "var": 0.00412405841053}, "spectral_kurtosis": {"dmean": 1.5985916853, "dmean2": 2.62696504593, "dvar": 6.79421567917, "dvar2": 17.7470626831, "max": 88.0461120605, "mean": 4.17584371567, "median": 3.4861831665, "min": -1.33939051628, "var": 16.751499176}, "spectral_rms": {"dmean": 0.000794004881755, "dmean2": 0.00113919912837, "dvar": 1.93935807147e-06, "dvar2": 4.30138788943e-06, "max": 0.0127175385132, "mean": 0.00331155653112, "median": 0.00301255960949, "min": 3.14899148424e-12, "var": 4.99752241012e-06}, "spectral_rolloff": {"dmean": 1119.85595703, "dmean2": 1862.32104492, "dvar": 4819014, "dvar2": 10569566, "max": 19207.6171875, "mean": 2437.42651367, "median": 1571.92382812, "min": 21.533203125, "var": 7547921.5}, "spectral_skewness": {"dmean": 0.223973125219, "dmean2": 0.35737106204, "dvar": 0.063777551055, "dvar2": 0.155864134431, "max": 6.70211648941, "mean": 1.46742069721, "median": 1.41874217987, "min": -0.0468589998782, "var": 0.204180046916}, "spectral_spread": {"dmean": 988725.5, "dmean2": 1333090.375, "dvar": 1864738275330.0, "dvar2": 3207196835840.0, "max": 42322080, "mean": 5206929.5, "media