{"lowlevel": {"average_loudness": 0.84786272049, "barkbands": {"dmean": [9.42901715462e-06, 0.00165011000354, 0.00214982195757, 0.00107092491817, 0.00223993579857, 0.000473001186037, 0.000364939391147, 0.000625438115094, 0.000666600302793, 0.00047321524471, 0.000643072184175, 0.000420349097112, 0.000337786768796, 0.000582447391935, 0.000457181362435, 0.000346280139638, 0.000325926521327, 0.000198878668016, 0.000205259784707, 0.000195449480088, 0.000103138088889, 0.000110451008368, 0.000104153848952, 8.20663844934e-05, 8.14640225144e-05, 1.88906687981e-05, 7.57600673751e-07], "dmean2": [1.50274936459e-05, 0.0028438642621, 0.00398873211816, 0.00193582789507, 0.00381776178256, 0.000734547094908, 0.000569858180825, 0.000949231849518, 0.00101415312383, 0.000717134389561, 0.000996029702947, 0.000671954883728, 0.000529493321665, 0.000934306241106, 0.000748247490264, 0.000554647704121, 0.000532289268449, 0.00032350019319, 0.000335908815032, 0.000304749875795, 0.000160347379278, 0.000166726895259, 0.000151389627717, 0.000114557631605, 0.000119606986118, 2.82656619675e-05, 1.24795019474e-06], "dvar": [3.86112836148e-10, 1.34192050609e-05, 3.27263660438e-05, 5.94024504608e-06, 2.59325242951e-05, 9.25119309159e-07, 7.1339582064e-07, 3.17467606692e-06, 5.28470445715e-06, 1.8205298602e-06, 3.41208806276e-06, 1.8460401634e-06, 9.6696703622e-07, 2.01099442165e-06, 9.37237359722e-07, 6.1520285044e-07, 4.88123021114e-07, 1.21178729273e-07, 1.97149432779e-07, 2.96111153375e-07, 3.55283518161e-08, 5.57910091459e-08, 1.06508949216e-07, 1.57550203994e-07, 7.65744090359e-08, 2.65551847178e-09, 6.40263276425e-12], "dvar2": [9.77695369109e-10, 3.68546789105e-05, 9.33746632654e-05, 1.70228122442e-05, 6.95456474205e-05, 2.20453921429e-06, 1.57363149356e-06, 7.19750141798e-06, 1.15729571917e-05, 4.00457611249e-06, 8.35684477352e-06, 5.15682813784e-06, 2.1692262635e-06, 4.8833630899e-06, 2.37913991441e-06, 1.43890179061e-06, 1.2555289004e-06, 2.9741823937e-07, 5.10095844675e-07, 6.74535272083e-07, 8.25469896881e-08, 1.18116737724e-07, 2.16405453557e-07, 2.5068453624e-07, 1.57176472726e-07, 6.22894313906e-09, 1.74422663812e-11], "max": [0.000420078693423, 0.0451360829175, 0.0610547624528, 0.0341523401439, 0.0668087974191, 0.0373822525144, 0.0221816524863, 0.0442664586008, 0.0837132334709, 0.0489635206759, 0.0581993609667, 0.0395165421069, 0.0456249788404, 0.038134265691, 0.0215658843517, 0.0217178892344, 0.0226995814592, 0.01070479583, 0.0133409425616, 0.0276279449463, 0.00373874069192, 0.00717593170702, 0.0133670503274, 0.0202931724489, 0.00989641528577, 0.0010049972916, 6.256018969e-05], "mean": [2.00123940886e-05, 0.00257376814261, 0.00202764314599, 0.00120199855883, 0.00251425127499, 0.000926737498958, 0.000670719833579, 0.00103331089485, 0.00109637808055, 0.00081195711391, 0.00106532778591, 0.000661898986436, 0.000564030720852, 0.000984081882052, 0.000765311531723, 0.000573585100938, 0.000556990911718, 0.00038748656516, 0.00036676749005, 0.000380788114853, 0.000190534454305, 0.000212033090065, 0.000173549255123, 0.000143056735396, 0.000127794657601, 2.87340735667e-05, 8.54268421335e-07], "median": [5.0312410167e-06, 0.00156376243103, 0.00084136769874, 0.00055933924159, 0.00114427669905, 0.000515822437592, 0.000250290438998, 0.000253304751823, 0.000272696895991, 0.000242751426413, 0.000192455408978, 0.000148246297613, 0.000175089866389, 0.000329930859152, 0.000291295407806, 0.000217515364056, 0.000247807736741, 0.00022014931892, 0.000161885822308, 0.000124008918647, 8.26927935123e-05, 8.67465205374e-05, 4.83423136757e-05, 3.5931745515e-05, 2.25909498113e-05, 5.2258251344e-06, 5.35755333431e-08], "min": [5.06141242614e-25, 6.02212076311e-24, 2.16174354314e-24, 1.78760860808e-25, 8.54848804398e-24, 1.32627776116e-23, 1.08393267021e-23, 1.00981611161e-23, 2.10111193062e-23, 9.74789346353e-24, 9.1876491818e-24, 2.74960781731e-23, 2.10222296232e-23, 2.81568848653e-23, 4.27137004394e-23, 4.5641791192e-23, 7.61086816688e-23, 9.70638944026e-23, 1.40956026817e-22, 1.88943723102e-22, 2.36029883902e-22, 3.6195758036e-22, 3.27778168468e-22, 6.15954610726e-22, 8.98545438147e-22, 1.36489880073e-21, 1.87531134492e-21], "var": [1.39114642028e-09, 1.25796586872e-05, 2.0079776732e-05, 4.4569255806e-06, 2.05748838198e-05, 2.16067542169e-06, 1.93783125724e-06, 6.7458599915e-06, 1.14972472147e-05, 3.85395560443e-06, 8.15884050098e-06, 3.14052635986e-06, 2.17098886424e-06, 4.16286184191e-06, 1.80317772447e-06, 1.18197715437e-06, 9.36971446208e-07, 2.88494192091e-07, 4.0238182919e-07, 7.83551286077e-07, 7.80858400162e-08, 1.28974207314e-07, 2.44350047751e-07, 4.39949758402e-07, 1.53026647354e-07, 4.90050888757e-09, 7.04662326753e-12]}, "barkbands_crest": {"dmean": 2.39551115036, "dmean2": 3.97042274475, "dvar": 5.45765972137, "dvar2": 14.6934728622, "max": 24.8487796783, "mean": 8.27341747284, "median": 7.56059169769, "min": 2.17997670174, "var": 12.2926139832}, "barkbands_flatness_db": {"dmean": 0.0216788370162, "dmean2": 0.0334069021046, "dvar": 0.000591670861468, "dvar2": 0.00146878836676, "max": 0.486230790615, "mean": 0.118794180453, "median": 0.108540989459, "min": 0.0247578788549, "var": 0.00276922318153}, "barkbands_kurtosis": {"dmean": 2.25341844559, "dmean2": 3.81722998619, "dvar": 40.8337020874, "dvar2": 108.570030212, "max": 272.024780273, "mean": 1.85329580307, "median": 0.0285583250225, "min": -1.87867176533, "var": 54.1934547424}, "barkbands_skewness": {"dmean": 0.518900454044, "dmean2": 0.830887317657, "dvar": 0.415252476931, "dvar2": 1.04984462261, "max": 10.5934782028, "mean": 0.967409133911, "median": 0.786433160305, "min": -2.78352212906, "var": 1.23349130154}, "barkbands_spread": {"dmean": 6.68232059479, "dmean2": 10.415558815, "dvar": 58.8959503174, "dvar2": 144.508499146, "max": 110.195716858, "mean": 27.5538539886, "median": 25.6871356964, "min": 0.385851323605, "var": 192.895095825}, "dissonance": {"dmean": 0.0130808372051, "dmean2": 0.0219841524959, "dvar": 0.000198674504645, "dvar2": 0.000543776724953, "max": 0.5, "mean": 0.47326412797, "median": 0.477615892887, "min": 0.191697791219, "var": 0.000345549429767}, "dynamic_complexity": 3.58073282242, "erbbands": {"dmean": [0.0226583462209, 0.474025845528, 2.22828817368, 3.1361978054, 6.92766332626, 7.1261177063, 3.55743265152, 3.92451572418, 4.77184820175, 8.70792007446, 14.2109670639, 17.3153495789, 13.6802902222, 12.3059425354, 29.0342922211, 17.5186672211, 16.7420196533, 26.9498348236, 23.2041149139, 23.8395385742, 14.4260845184, 14.0498695374, 10.9671573639, 11.1626729965, 9.25855636597, 10.3971061707, 4.45298719406, 4.10669231415, 3.82126259804, 3.59832835197, 2.98886489868, 1.83989584446, 1.36000955105, 0.854989469051, 0.67100661993, 0.133163422346, 0.0281611979008, 0.00347580085509, 8.67408962222e-05, 1.29363725136e-05], "dmean2": [0.0379990711808, 0.824801683426, 4.10481786728, 5.72740936279, 11.8416538239, 12.5018672943, 5.61304998398, 6.18677139282, 7.17934608459, 13.4585580826, 21.7210712433, 25.8644962311, 20.7044563293, 18.7558727264, 44.5723228455, 27.7313346863, 26.0834121704, 43.4874572754, 37.5785636902, 38.0952033997, 22.9439849854, 22.6853713989, 17.6860542297, 18.3551769257, 14.7321834564, 16.1125793457, 7.01192092896, 6.40371322632, 5.79937124252, 5.33855628967, 4.30006551743, 2.66198515892, 1.90857470036, 1.23459398746, 1.01770448685, 0.19783757627, 0.0424335189164, 0.00537997623906, 0.00013245822629, 2.02449555218e-05], "dvar": [0.00191222922876, 1.17946445942, 33.8968849182, 58.6957817078, 198.68270874, 312.376281738, 49.4845542908, 78.6256332397, 150.304672241, 531.716918945, 1962.37719727, 3690.38916016, 1679.5925293, 1338.77307129, 8950.11132813, 2967.73608398, 2460.53808594, 4436.12109375, 2397.99902344, 3408.8347168, 780.188842773, 868.184204102, 348.370666504, 544.613586426, 525.66027832, 1035.73852539, 77.1126480103, 64.4264984131, 64.0020828247, 82.6276321411, 99.3597259521, 75.0750198364, 53.4056396484, 12.3364496231, 5.87617540359, 0.131439477205, 0.0067296908237, 0.000108778993308, 6.29314129696e-08, 3.87777115973e-10], "dvar2": [0.00502544781193, 3.26067233086, 96.6864242554, 167.027740479, 525.741516113, 866.78338623, 121.965835571, 191.309768677, 307.652984619, 1295.8626709, 4472.48486328, 7768.75195313, 3731.67651367, 3146.99365234, 22498.2265625, 8224.19433594, 5491.99560547, 11010.6582031, 6234.05712891, 8132.71435547, 1939.5769043, 2175.94970703, 818.956542969, 1447.04516602, 1307.69116211, 2374.38867188, 188.915969849, 154.696960449, 139.515975952, 173.999572754, 193.46295166, 134.53477478, 91.8137664795, 21.2371902466, 13.9962368011, 0.299346715212, 0.0162121895701, 0.000274372199783, 1.57653460064e-07, 9.08320085813e-10], "max": [0.466581463814, 13.2434415817, 57.5472221375, 86.3897094727, 173.781692505, 266.184417725, 164.818466187, 451.796386719, 389.469726563, 724.810546875, 1039.56408691, 2592.02905273, 1722.59973145, 1065.22473145, 2803.98071289, 1857.34606934, 2491.24731445, 1790.09033203, 805.571228027, 1836.14233398, 704.15625, 938.737426758, 621.459289551, 889.186767578, 879.11907959, 1721.34606934, 222.37008667, 204.894302368, 230.256011963, 301.487792969, 495.306427002, 546.892822266, 373.933044434, 168.333023071, 45.124382019, 6.96637392044, 1.58623337746, 0.205997243524, 0.00489100394771, 0.000364870560588], "mean": [0.0385557562113, 0.701927244663, 2.3997297287, 3.26937270164, 7.73050785065, 7.45415067673, 5.99370241165, 7.7513628006, 9.76068878174, 14.5391635895, 24.160150528, 30.0812110901, 24.0847206116, 21.9164390564, 50.7305870056, 29.6213417053, 30.1340312958, 47.3713035583, 41.5994110107, 42.9423599243, 27.2660980225, 26.0499839783, 22.4886436462, 21.3162536621, 17.487613678, 20.1015033722, 8.55683898926, 7.62370300293, 7.36230421066, 6.28233575821, 4.97936105728, 3.21383500099, 2.2757153511, 1.44521999359, 0.931443572044, 0.207292988896, 0.0405862629414, 0.00476843724027, 0.000130244210595, 3.1441799365e-05], "median": [0.0230506714433, 0.404113978148, 1.25529241562, 1.43863213062, 3.27578473091, 3.17249178886, 3.17380809784, 4.35176038742, 3.88682842255, 4.52800178528, 6.77611541748, 8.33202838898, 7.44232797623, 7.73140048981, 9.39217853546, 7.38355016708, 10.4906578064, 16.4008769989, 16.5875053406, 16.201215744, 12.5286712646, 12.5071163177, 13.3762426376, 11.3128643036, 6.61440467834, 6.51069450378, 3.8148829937, 3.22266936302, 3.10649943352, 2.18226361275, 1.36205887794, 0.844960987568, 0.538103342056, 0.275267571211, 0.136809200048, 0.0395376905799, 0.00713833607733, 0.000615202181507, 3.15562501783e-05, 2.29383622354e-05], "min": [1.4466843148e-22, 1.15432287078e-21, 3.38745748334e-21, 4.82871246611e-21, 6.48703834205e-21, 2.80422305591e-20, 3.90610614937e-20, 1.09068339108e-19, 5.89964535295e-20, 1.52508762952e-19, 2.62758135029e-19, 4.2482023952e-19, 6.43702853702e-19, 6.83453690123e-19, 6.72358458072e-19, 1.13973287496e-18, 1.51872438756e-18, 1.70718973531e-18, 2.48867482288e-18, 2.8371424403e-18, 3.98094152835e-18, 4.88593584831e-18, 5.1265755098e-18, 7.12699560238e-18, 9.11884320869e-18, 9.32783700789e-18, 8.94238490451e-18, 9.58340686585e-18, 1.21008152549e-17, 1.22100047501e-17, 1.09130922559e-17, 1.15947569095e-17, 8.82765247201e-18, 8.55605516251e-18, 6.63246939548e-18, 4.35525812632e-18, 2.45586118836e-18, 8.75146127938e-19, 2.41638611328e-19, 2.68412580137e-20], "var": [0.00232483469881, 1.04075622559, 21.3213005066, 38.5548629761, 173.505554199, 218.619995117, 90.2229614258, 155.125671387, 462.835388184, 1077.95617676, 4026.93652344, 8783.65722656, 3492.71484375, 2565.65405273, 22408.4335938, 5509.34716797, 5774.63378906, 9132.90625, 4893.41601563, 7326.52587891, 1755.27124023, 1787.79003906, 871.970397949, 1072.98950195, 1201.74975586, 2621.49902344, 162.118713379, 130.946853638, 144.680557251, 181.6355896, 233.986480713, 188.906677246, 127.593597412, 31.3979091644, 7.78756713867, 0.254626572132, 0.0102042648941, 0.000157974543981, 9.36505344384e-08, 8.4282031354e-10]}, "erbbands_crest": {"dmean": 2.48966670036, "dmean2": 4.03581380844, "dvar": 6.13803434372, "dvar2": 15.3229503632, "max": 31.5467529297, "mean": 8.17228126526, "median": 7.05344009399, "min": 2.42402410507, "var": 16.8978004456}, "erbbands_flatness_db": {"dmean": 0.0170549396425, "dmean2": 0.0241393446922, "dvar": 0.000283837987809, "dvar2": 0.000554328551516, "max": 0.329840153456, "mean": 0.154478639364, "median": 0.154196336865, "min": 0.0617723576725, "var": 0.00152237957809}, "erbbands_kurtosis": {"dmean": 0.727413415909, "dmean2": 1.17433559895, "dvar": 3.06537985802, "dvar2": 6.75126886368, "max": 92.8436584473, "mean": 0.155925258994, "median": -0.266532659531, "min": -1.78428339958, "var": 7.75488615036}, "erbbands_skewness": {"dmean": 0.327387273312, "dmean2": 0.515788793564, "dvar": 0.115162476897, "dvar2": 0.276629567146, "max": 7.53896570206, "mean": -0.0158363040537, "median": -0.0507908388972, "min": -4.2942609787, "var": 0.403343349695}, "erbbands_spread": {"dmean": 8.13722515106, "dmean2": 12.5083761215, "dvar": 86.9480209351, "dvar2": 205.462982178, "max": 139.547042847, "mean": 37.3872871399, "median": 34.3810768127, "min": 3.05796194077, "var": 285.470703125}, "gfcc": {"cov": [[22129.1699219, -12.1149511337, -1872.91345215, 373.956542969, -1096.42016602, 474.38885498, -632.072753906, 336.671936035, -515.13470459, 241.160797119, -377.800476074, 88.1833572388, -269.29019165], [-12.1149511337, 2004.95202637, -289.03338623, 69.5755844116, 416.765625, -276.676544189, 261.949432373, -167.036651611, 199.154830933, -220.66293335, 180.782714844, -188.86315918, 98.5763549805], [-1872.91345215, -289.03338623, 813.459899902, 108.390190125, 111.696632385, 90.3360443115, -15.4173583984, -0.14237524569, 20.3237190247, 20.7087020874, -22.8887653351, 38.2247276306, -25.6579399109], [373.956542969, 69.5755844116, 108.390190125, 333.551605225, 15.2867650986, 8.35595798492, -8.56772232056, -21.6468276978, 38.0065574646, -15.4898815155, 6.05786466599, -12.3608341217, 23.2546539307], [-1096.42016602, 416.765625, 111.696632385, 15.2867650986, 319.285644531, -30.1355991364, 111.055427551, -44.119052887, 58.7788543701, -44.5132408142, 50.2352905273, -30.072637558, 29.2468681335], [474.38885498, -276.676544189, 90.3360443115, 8.35595798492, -30.1355991364, 196.055755615, -14.6930093765, 40.375, -46.7636985779, 47.4809684753, -27.1614017487, 31.2705440521, -31.4266624451], [-632.072753906, 261.949432373, -15.4173583984, -8.56772232056, 111.055427551, -14.6930093765, 168.824447632, -4.29051685333, 47.4596595764, -35.5651283264, 45.9235343933, -32.8110427856, 19.6596508026], [336.671936035, -167.036651611, -0.14237524569, -21.6468276978, -44.119052887, 40.375, -4.29051685333, 115.470832825, 10.5243673325, 38.1844863892, -25.4674072266, 17.0411739349, -10.742064476], [-515.13470459, 199.154830933, 20.3237190247, 38.0065574646, 58.7788543701, -46.7636985779, 47.4596595764, 10.5243673325, 122.36756134, 3.51520013809, 33.1718177795, -27.8914051056, 26.2397575378], [241.160797119, -220.66293335, 20.7087020874, -15.4898815155, -44.5132408142, 47.4809684753, -35.5651283264, 38.1844863892, 3.51520013809, 104.944610596, 0.739883124828, 35.133441925, -13.9791221619], [-377.800476074, 180.782714844, -22.8887653351, 6.05786466599, 50.2352905273, -27.1614017487, 45.9235343933, -25.4674072266, 33.1718177795, 0.739883124828, 92.0747680664, 3.22221827507, 19.9453220367], [88.1833572388, -188.86315918, 38.2247276306, -12.3608341217, -30.072637558, 31.2705440521, -32.8110427856, 17.0411739349, -27.8914051056, 35.133441925, 3.22221827507, 80.2763824463, 9.59784412384], [-269.29019165, 98.5763549805, -25.6579399109, 23.2546539307, 29.2468681335, -31.4266624451, 19.6596508026, -10.742064476, 26.2397575378, -13.9791221619, 19.9453220367, 9.59784412384, 71.2012252808]], "icov": [[0.000160836483701, -0.000386892730603, 0.000332516094204, -0.000384868355468, 0.000384115759516, -0.000407022249419, 0.000339920807164, -0.000446578924311, 0.000591387390159, -0.000502098060679, 0.000610958551988, -0.00042263456271, 0.000460107898107], [-0.000386892730603, 0.00245660007931, -0.000266994000413, 0.000793353887275, -0.00212213909253, 0.00147731020115, -0.000944990606513, 0.0016043249052, -0.00244756788015, 0.00284286239184, -0.0029820476193, 0.00252976920456, -0.00123849138618], [0.000332516094204, -0.000266994000413, 0.00249791308306, -0.00132017757278, -0.000455626344774, -0.00131526915357, 0.000955381023232, -0.0004027223913, -1.51474869199e-05, -0.000301935593598, 0.00150464393664, -0.00174112268724, 0.00200016051531], [-0.000384868355468, 0.000793353887275, -0.00132017757278, 0.00447212159634, -0.00048138157581, 9.11907554837e-05, -3.6236961023e-05, 0.00172433000989, -0.00269095017575, 0.00182182749268, -0.00155328854453, 0.00162886700127, -0.00241727894172], [0.000384115759516, -0.00212213909253, -0.000455626344774, -0.00048138157581, 0.00686752423644, -0.00149775960017, -0.00151013687719, -6.06125468039e-05, 0.00111842318438, -0.00166343676392, 0.00181579135824, -0.00171136762947, 0.000292946206173], [-0.000407022249419, 0.00147731020115, -0.00131526915357, 9.11907554837e-05, -0.00149775960017, 0.00897227693349, -0.00255771516822, -0.000457597518107, 0.00160734134261, -0.00128790002782, -0.000983267673291, 0.00066469371086, 0.000464754586574], [0.000339920807164, -0.000944990606513, 0.000955381023232, -3.6236961023e-05, -0.00151013687719, -0.00255771516822, 0.011006298475, -0.00307364319451, -0.000357375160092, 0.00186128227506, -0.00271905423142, 0.00169862876646, -3.14364842779e-05], [-0.000446578924311, 0.0016043249052, -0.0004027223913, 0.00172433000989, -6.06125468039e-05, -0.000457597518107, -0.00307364319451, 0.0140823638067, -0.00596629735082, -0.000702663615812, 0.00238540652208, -0.00119697093032, -0.000268323463388], [0.000591387390159, -0.00244756788015, -1.51474869199e-05, -0.00269095017575, 0.00111842318438, 0.00160734134261, -0.000357375160092, -0.00596629735082, 0.0178888849914, -0.00732296565548, -0.000169824270415, 0.0038304568734, -0.00255180243403], [-0.000502098060679, 0.00284286239184, -0.000301935593598, 0.00182182749268, -0.00166343676392, -0.00128790002782, 0.00186128227506, -0.000702663615812, -0.00732296565548, 0.0190143287182, -0.00617511244491, -0.00233690347522, 0.00143289531115], [0.000610958551988, -0.0029820476193, 0.00150464393664, -0.00155328854453, 0.00181579135824, -0.000983267673291, -0.00271905423142, 0.00238540652208, -0.000169824270415, -0.00617511244491, 0.0204728934914, -0.00756099354476, 0.0015540306922], [-0.00042263456271, 0.00252976920456, -0.00174112268724, 0.00162886700127, -0.00171136762947, 0.00066469371086, 0.00169862876646, -0.00119697093032, 0.0038304568734, -0.00233690347522, -0.00756099354476, 0.0237179175019, -0.00886308960617], [0.000460107898107, -0.00123849138618, 0.00200016051531, -0.00241727894172, 0.000292946206173, 0.000464754586574, -3.14364842779e-05, -0.000268323463388, -0.00255180243403, 0.00143289531115, 0.0015540306922, -0.00886308960617, 0.0210439544171]], "mean": [-19.5607585907, 88.7611694336, -130.366027832, 39.1302642822, -52.7476463318, 19.3231296539, -40.2109718323, 8.56770801544, -24.0337581635, 1.17385947704, -18.2329998016, -3.5034327507, -11.293088913]}, "hfc": {"dmean": 6.97230386734, "dmean2": 10.13468647, "dvar": 125.770561218, "dvar2": 245.110992432, "max": 331.836608887, "mean": 22.1752147675, "median": 14.0402088165, "min": 1.08951439255e-16, "var": 569.896057129}, "melbands": {"dmean": [0.000331758987159, 0.000989051884972, 0.000623876461759, 0.000573513738345, 0.000143542813021, 8.99807782844e-05, 7.10893145879e-05, 0.000100516394014, 0.000127941981191, 9.81929551926e-05, 6.73728936817e-05, 4.85563505208e-05, 9.49249151745e-05, 5.56179875275e-05, 4.04718484788e-05, 3.35800832545e-05, 5.7648125221e-05, 3.9602182369e-05, 3.05253779516e-05, 3.22971172864e-05, 1.76529938472e-05, 1.66010358953e-05, 1.5457135305e-05, 9.54137613007e-06, 1.00930301414e-05, 6.63799164613e-06, 7.56468170948e-06, 6.90776505508e-06, 3.10420955429e-06, 2.64223035629e-06, 2.67756922767e-06, 2.36220125771e-06, 2.1801404273e-06, 2.06633603739e-06, 1.93537061932e-06, 1.40205202115e-06, 1.0880659147e-06, 1.00398347058e-06, 9.05814090402e-07, 6.8394876962e-07], "dmean2": [0.000563055451494, 0.0017900619423, 0.00111569522414, 0.000988267944194, 0.0002351407893, 0.000140634700074, 0.000108058673504, 0.000154442095663, 0.000196411900106, 0.000146439997479, 0.000102216661617, 7.40043760743e-05, 0.000146412989125, 8.65352485562e-05, 6.40159341856e-05, 5.2447518101e-05, 9.34211129788e-05, 6.37421981082e-05, 4.93551633554e-05, 5.17951448273e-05, 2.82992696157e-05, 2.6926783903e-05, 2.53100279224e-05, 1.56409005285e-05, 1.66801874002e-05, 1.07451451186e-05, 1.17815097838e-05, 1.08136318886e-05, 5.00861642649e-06, 4.15093109041e-06, 4.30052341471e-06, 3.7020115542e-06, 3.27544330503e-06, 3.14654835165e-06, 2.85711234937e-06, 2.07907191907e-06, 1.60534295901e-06, 1.42067005982e-06, 1.30698902012e-06, 9.93728122012e-07], "dvar": [4.83949008867e-07, 6.24856284048e-06, 1.79413802925e-06, 1.7678240738e-06, 7.66051115875e-08, 3.71781112563e-08, 3.10998835573e-08, 7.49917532517e-08, 1.61039821478e-07, 1.15611349827e-07, 4.40830554282e-08, 2.43811797418e-08, 7.50189670384e-08, 2.93647417493e-08, 1.32943780429e-08, 7.52001927395e-09, 2.1164124675e-08, 7.42550598787e-09, 4.2011900625e-09, 5.91711790676e-09, 1.41115275021e-09, 1.67642311144e-09, 8.66853533399e-10, 3.00288904853e-10, 5.23851739764e-10, 2.696376733e-10, 4.20808166091e-10, 4.49000753244e-10, 4.47586204211e-11, 2.41631610554e-11, 3.41485659194e-11, 2.47416809263e-11, 2.44934333232e-11, 3.07762808294e-11, 3.95810988152e-11, 3.2673089928e-11, 3.21484609767e-11, 2.8979842831e-11, 2.25195712772e-11, 6.56600208232e-12], "dvar2": [1.30908608753e-06, 1.76596131496e-05, 5.06679680257e-06, 4.75504157293e-06, 1.99930653366e-07, 8.75667964806e-08, 6.35119903336e-08, 1.77761009468e-07, 3.71281316802e-07, 2.40892688907e-07, 9.70866622652e-08, 5.69180969023e-08, 1.86106859701e-07, 7.84641756013e-08, 3.33069074543e-08, 1.75467516073e-08, 5.19716287783e-08, 1.86007760306e-08, 1.00115036261e-08, 1.41846934198e-08, 3.51424422895e-09, 4.28572688449e-09, 2.17899631672e-09, 7.5771000585e-10, 1.41353184713e-09, 6.70819622073e-10, 9.61371315888e-10, 1.02527220047e-09, 1.14650011707e-10, 5.7997620595e-11, 8.72013225517e-11, 5.79265004019e-11, 4.97681340583e-11, 6.82984224731e-11, 7.89831464121e-11, 7.30399352111e-11, 5.4178730946e-11, 5.06430661296e-11, 4.20327175843e-11, 1.19717994199e-11], "max": [0.00859091058373, 0.0259826947004, 0.015039502643, 0.0172467567027, 0.00427723210305, 0.00887654256076, 0.00517029548064, 0.00758569221944, 0.00862673763186, 0.0145335653797, 0.00884375814348, 0.00469151930884, 0.00784783996642, 0.00449503120035, 0.00337165198289, 0.00366520183161, 0.00362836034037, 0.00182969437446, 0.0018239391502, 0.00216154707596, 0.00123698206153, 0.00146096560638, 0.0010013517458, 0.000470942468382, 0.000927749439143, 0.000602673215326, 0.000834036560263, 0.00116503436584, 0.000166031852132, 0.000125293940073, 0.000156304144184, 0.000137772891321, 0.00016394269187, 0.000199613059522, 0.000320709135849, 0.000207248696825, 0.00037128929398, 0.000283375848085, 0.000243730013608, 0.000124556099763], "mean": [0.000533778918907, 0.0011894335039, 0.000694797781762, 0.000609079375863, 0.00022218360391, 0.000179658396519, 0.000143329511047, 0.000167186415638, 0.000214511252125, 0.000167676204001, 0.000114582289825, 8.05867603049e-05, 0.000160598661751, 9.35727657634e-05, 6.66151900077e-05, 5.82307584409e-05, 9.55315845204e-05, 6.81357196299e-05, 5.41005392733e-05, 5.36253901373e-05, 2.97719234368e-05, 2.79274518107e-05, 2.59242315224e-05, 1.82386102097e-05, 1.75206205313e-05, 1.108203287e-05, 1.41161235661e-05, 1.26004288177e-05, 5.18480874234e-06, 4.63203332401e-06, 4.42990767624e-06, 4.2457913878e-06, 3.89561591874e-06, 3.28903138325e-06, 3.04987042909e-06, 2.23943038691e-06, 1.84714940588e-06, 1.60690251505e-06, 1.44552393522e-06, 1.11138115244e-06], "median": [0.000325254368363, 0.000702278164681, 0.000353324139724, 0.00025745772291, 0.000121419019706, 9.94286019704e-05, 5.57770072191e-05, 4.87412435177e-05, 5.92419710301e-05, 4.51696760138e-05, 3.09854076477e-05, 2.6113813874e-05, 2.90369171125e-05, 2.01080001716e-05, 1.75358236447e-05, 2.04424541153e-05, 3.03253527818e-05, 2.46770923695e-05, 2.34612398344e-05, 1.80194347195e-05, 1.28211677293e-05, 1.16258215712e-05, 1.27009998323e-05, 9.92658260657e-06, 8.48407580634e-06, 4.35971605839e-06, 4.31562602898e-06, 4.01168335884e-06, 2.01496641239e-06, 1.9691738089e-06, 1.67008124663e-06, 1.73093610556e-06, 1.45357648762e-06, 1.00226259292e-06, 7.93422543666e-07, 5.73286172312e-07, 4.51937097523e-07, 3.76050365958e-07, 2.69757151727e-07, 2.08124333767e-07], "min": [2.14913281271e-24, 2.37381992282e-24, 1.2814160895e-24, 1.33013278635e-24, 1.05616809928e-24, 2.22141515138e-24, 1.1333909752e-24, 1.39249263534e-24, 2.02858954158e-24, 2.60855475429e-24, 2.98054250857e-24, 2.42579875673e-24, 1.32120327533e-24, 2.52014987365e-24, 3.46862692228e-24, 2.12530842451e-24, 2.71373062055e-24, 3.15050337947e-24, 3.49854407768e-24, 3.24445355783e-24, 3.96088519904e-24, 3.96173992983e-24, 3.41315422343e-24, 4.96068514374e-24, 3.97786424673e-24, 5.00621385645e-24, 5.15366103154e-24, 4.92490438523e-24, 4.76714167051e-24, 5.38279869766e-24, 4.96280086868e-24, 4.87525624087e-24, 5.82274090248e-24, 4.88997125776e-24, 5.37554354392e-24, 6.4893595274e-24, 6.22113459228e-24, 5.38999508127e-24, 5.77455372851e-24, 6.12547100802e-24], "var": [4.91074729325e-07, 4.19103753302e-06, 1.27249438719e-06, 1.36213145652e-06, 1.05874974565e-07, 8.39847729139e-08, 9.74341816118e-08, 1.58651062065e-07, 3.20249796459e-07, 2.76052020354e-07, 9.13470969977e-08, 4.52617641145e-08, 1.81328019266e-07, 6.5197333754e-08, 2.65997162074e-08, 1.68187845873e-08, 4.26809911858e-08, 1.55187844797e-08, 8.61701909827e-09, 1.17681766554e-08, 2.73973177478e-09, 3.08526448833e-09, 1.56271318108e-09, 7.29191540483e-10, 9.17749376494e-10, 5.15821663161e-10, 1.08000786092e-09, 1.09879549903e-09, 7.74063660391e-11, 5.06219337282e-11, 5.60369563252e-11, 4.92831817023e-11, 5.5444329683e-11, 6.06421440841e-11, 8.73019365133e-11, 6.68594971054e-11, 7.99237342974e-11, 6.73044675548e-11, 5.0394376172e-11, 1.60160495977e-11]}, "melbands_crest": {"dmean": 3.26413536072, "dmean2": 5.44258117676, "dvar": 10.2985286713, "dvar2": 28.1034374237, "max": 33.3340110779, "mean": 12.127699852, "median": 11.3570213318, "min": 1.71812105179, "var": 23.6031665802}, "melbands_flatness_db": {"dmean": 0.027549540624, "dmean2": 0.0423409156501, "dvar": 0.00104267080314, "dvar2": 0.00255352607928, "max": 0.62729382515, "mean": 0.164885267615, "median": 0.151119813323, "min": 0.00284580211155, "var": 0.00543816480786}, "melbands_kurtosis": {"dmean": 6.11471891403, "dmean2": 10.353187561, "dvar": 211.782089233, "dvar2": 569.301269531, "max": 345.731170654, "mean": 8.55493450165, "median": 3.30004286766, "min": -1.91933703423, "var": 277.973968506}, "melbands_skewness": {"dmean": 0.724779129028, "dmean2": 1.1634067297, "dvar": 0.936801433563, "dvar2": 2.3817243576, "max": 14.3160429001, "mean": 2.11011648178, "median": 1.75968146324, "min": -0.989445924759, "var": 2.42615675926}, "melbands_spread": {"dmean": 9.61419010162, "dmean2": 15.0127000809, "dvar": 155.527114868, "dvar2": 342.103607178, "max": 288.428863525, "mean": 34.6289710999, "median": 30.8942127228, "min": 0.359322279692, "var": 618.099060059}, "mfcc": {"cov": [[10291.7607422, -405.574798584, -307.98425293, -200.111968994, -269.82244873, -4.61670446396, -43.7261886597, -23.6517620087, -1.84769952297, -8.40665817261, -30.153213501, 1.17830920219, 65.9334564209], [-405.574798584, 1766.98217773, -355.972412109, 269.13192749, 129.21395874, 31.899684906, 86.1865615845, 64.5047302246, 3.24549627304, 41.9794120789, 55.8950805664, -5.15075826645, -59.3313903809], [-307.98425293, -355.972412109, 558.772277832, 48.3995742798, 93.7651672363, 72.9840087891, -17.0847740173, 15.8106174469, 6.02749967575, 1.17984342575, -0.816448509693, 11.30768013, 1.30871665478], [-200.111968994, 269.13192749, 48.3995742798, 318.660339355, 87.1991424561, 40.2505912781, -10.4781970978, 23.7393035889, 17.9316940308, 18.5603103638, -12.7786407471, -4.23322296143, 3.21278262138], [-269.82244873, 129.21395874, 93.7651672363, 87.1991424561, 180.391036987, 64.7461471558, 17.7616882324, 18.2943973541, 16.1391677856, 11.0349588394, -2.80612301826, 0.951756298542, -3.5723721981], [-4.61670446396, 31.899684906, 72.9840087891, 40.2505912781, 64.7461471558, 135.138381958, 48.4251708984, 13.7317237854, 3.20103335381, -1.76210069656, 8.59312152863, 4.49430942535, 5.87822961807], [-43.7261886597, 86.1865615845, -17.0847740173, -10.4781970978, 17.7616882324, 48.4251708984, 118.71056366, 35.4120178223, 1.32326853275, -3.63350176811, 16.1240634918, 1.1359333992, -1.38226771355], [-23.6517620087, 64.5047302246, 15.8106174469, 23.7393035889, 18.2943973541, 13.7317237854, 35.4120178223, 78.6885681152, 23.6827583313, 9.1563539505, 9.29738998413, -2.51059627533, -7.05902814865], [-1.84769952297, 3.24549627304, 6.02749967575, 17.9316940308, 16.1391677856, 3.20103335381, 1.32326853275, 23.6827583313, 81.8676834106, 32.8617134094, -0.337559372187, 4.92726516724, 7.74015665054], [-8.40665817261, 41.9794120789, 1.17984342575, 18.5603103638, 11.0349588394, -1.76210069656, -3.63350176811, 9.1563539505, 32.8617134094, 72.1561584473, 24.0396537781, 2.6930077076, 0.225661933422], [-30.153213501, 55.8950805664, -0.816448509693, -12.7786407471, -2.80612301826, 8.59312152863, 16.1240634918, 9.29738998413, -0.337559372187, 24.0396537781, 75.2680435181, 19.1003952026, -6.650867939], [1.17830920219, -5.15075826645, 11.30768013, -4.23322296143, 0.951756298542, 4.49430942535, 1.1359333992, -2.51059627533, 4.92726516724, 2.6930077076, 19.1003952026, 67.9189453125, 33.7604560852], [65.9334564209, -59.3313903809, 1.30871665478, 3.21278262138, -3.5723721981, 5.87822961807, -1.38226771355, -7.05902814865, 7.74015665054, 0.225661933422, -6.650867939, 33.7604560852, 78.7504653931]], "icov": [[0.000104941194877, 2.09951176657e-05, 6.70121517032e-05, 2.83231547655e-05, 0.000142653560033, -0.000138223549584, 8.0083598732e-05, -6.06059074926e-05, 5.5548553064e-06, -4.04223246733e-05, 4.72674219054e-05, 1.35717718877e-05, -6.38073179289e-05], [2.09951176657e-05, 0.000977676711045, 0.000803523289505, -0.000788161356468, -0.000664825201966, 7.31276595616e-05, -0.000408511899877, -0.000357348821126, 0.000353683863068, -0.000226590942475, -0.000517320353538, -0.00034704754944, 0.000733971479349], [6.70121517032e-05, 0.000803523289505, 0.00280143949203, -0.000522806949448, -0.00128126877826, -0.00111214153003, 0.000775498803705, -0.000945059931837, 0.000456682697404, -0.000120097618492, -0.000324011984048, -0.000679370947182, 0.000697181909345], [2.83231547655e-05, -0.000788161356468, -0.000522806949448, 0.00452355761081, -0.000973259622697, -0.000918168458156, 0.00151712435763, -0.00101590098348, -4.46045014542e-05, -0.000782860617619, 0.00128452980425, 0.000445136363851, -0.00090914836619], [0.000142653560033, -0.000664825201966, -0.00128126877826, -0.000973259622697, 0.00864648073912, -0.00309750624001, 8.39778658701e-05, -0.000143868601299, -0.000924657389987, -0.000733291206416, 0.00139338953886, -0.000317399448249, 0.000399427750381], [-0.000138223549584, 7.31276595616e-05, -0.00111214153003, -0.000918168458156, -0.00309750624001, 0.0114354118705, -0.00471624033526, 0.00127417652402, -0.000231600541156, 0.00110767350998, -0.00139607849997, 0.000417729315814, -0.00101329688914], [8.0083598732e-05, -0.000408511899877, 0.000775498803705, 0.00151712435763, 8.39778658701e-05, -0.00471624033526, 0.0127412881702, -0.00541351176798, 0.000707446539309, 0.00120732537471, -0.00150957715232, 0.000549512275029, -0.000791436119471], [-6.06059074926e-05, -0.000357348821126, -0.000945059931837, -0.00101590098348, -0.000143868601299, 0.00127417652402, -0.00541351176798, 0.017513377592, -0.00522533571348, 0.0008854274638, -0.0015220119385, 0.000893463904504, 0.00121134449728], [5.5548553064e-06, 0.000353683863068, 0.000456682697404, -4.46045014542e-05, -0.000924657389987, -0.000231600541156, 0.000707446539309, -0.00522533571348, 0.0174116156995, -0.00832868553698, 0.00328884483315, -0.00161930930335, -0.000940091733355], [-4.04223246733e-05, -0.000226590942475, -0.000120097618492, -0.000782860617619, -0.000733291206416, 0.00110767350998, 0.00120732537471, 0.0008854274638, -0.00832868553698, 0.0205897781998, -0.00782408285886, 0.00241715041921, -0.00105574144982], [4.72674219054e-05, -0.000517320353538, -0.000324011984048, 0.00128452980425, 0.00139338953886, -0.00139607849997, -0.00150957715232, -0.0015220119385, 0.00328884483315, -0.00782408285886, 0.01930953376, -0.0071792579256, 0.00393585627899], [1.35717718877e-05, -0.00034704754944, -0.000679370947182, 0.000445136363851, -0.000317399448249, 0.000417729315814, 0.000549512275029, 0.000893463904504, -0.00161930930335, 0.00241715041921, -0.0071792579256, 0.021885452792, -0.0100719714537], [-6.38073179289e-05, 0.000733971479349, 0.000697181909345, -0.00090914836619, 0.000399427750381, -0.00101329688914, -0.000791436119471, 0.00121134449728, -0.000940091733355, -0.00105574144982, 0.00393585627899, -0.0100719714537, 0.0182643905282]], "mean": [-647.942504883, 111.928779602, -12.4024772644, 22.5376567841, 9.35495281219, 9.88527679443, -0.980952680111, 4.02941036224, -0.160622894764, 2.82708382607, 0.0533104501665, -4.10265350342, -3.33327198029]}, "pitch_salience": {"dmean": 0.0666194856167, "dmean2": 0.109942033887, "dvar": 0.00397933414206, "dvar2": 0.0109445098788, "max": 0.939538896084, "mean": 0.564816594124, "median": 0.569901704788, "min": 0.100507609546, "var": 0.00957062654197}, "silence_rate_20dB": {"dmean": 0, "dmean2": 0, "dvar": 0, "dvar2": 0, "max": 1, "mean": 1, "median": 1, "min": 1, "var": 0}, "silence_rate_30dB": {"dmean": 0, "dmean2": 0, "dvar": 0, "dvar2": 0, "max": 1, "mean": 1, "median": 1, "min": 1, "var": 0}, "silence_rate_60dB": {"dmean": 0.018285965547, "dmean2": 0.036575961858, "dvar": 0.0179525874555, "dvar2": 0.0425121374428, "max": 1, "mean": 0.0628923922777, "median": 0, "min": 0, "var": 0.0589345358312}, "spectral_centroid": {"dmean": 298.33493042, "dmean2": 469.605041504, "dvar": 107605.273438, "dvar2": 252605.71875, "max": 11796.1328125, "mean": 1719.875, "median": 1636.64135742, "min": 132.940170288, "var": 1264144.125}, "spectral_complexity": {"dmean": 3.5880150795, "dmean2": 5.44871664047, "dvar": 20.5536441803, "dvar2": 43.006275177, "max": 56, "mean": 19.7585639954, "median": 19, "min": 0, "var": 99.4182357788}, "spectral_contrast_coeffs": {"dmean": [0.0517768859863, 0.0433881767094, 0.0371252335608, 0.030540259555, 0.0240883603692, 0.0183767098933], "dmean2": [0.0848303437233, 0.0699745565653, 0.0588455684483, 0.0485213473439, 0.037728048861, 0.0281523391604], "dvar": [0.00226274156012, 0.00145813846029, 0.000992897199467, 0.000666217820253, 0.000440418894868, 0.000292141397949], "dvar2": [0.00592957111076, 0.00370318675414, 0.00238251360133, 0.00158176093828, 0.000968128733803, 0.000658919743728], "max": [-0.280410170555, -0.38234385848, -0.4255169034, -0.468888640404, -0.511347651482, -0.600033521652], "mean": [-0.650129199028, -0.734923183918, -0.753112673759, -0.752543985844, -0.763911008835, -0.758123874664], "median": [-0.656080126762, -0.74246942997, -0.760085344315, -0.756926417351, -0.769840955734, -0.753460407257], "min": [-0.975714206696, -0.981323361397, -0.976330518723, -0.97022742033, -0.967467188835, -0.965730547905], "var": [0.0061897020787, 0.00627135997638, 0.00605956045911, 0.0044817533344, 0.00338231306523, 0.00206473446451]}, "spectral_contrast_valleys": {"dmean": [0.437950313091, 0.344682991505, 0.307833373547, 0.279798448086, 0.287292689085, 0.359501063824], "dmean2": [0.68680113554, 0.547089397907, 0.478878259659, 0.424173235893, 0.408263415098, 0.437006354332], "dvar": [0.187193632126, 0.117107786238, 0.10656876117, 0.104105964303, 0.13304784894, 0.195537030697], "dvar2": [0.406782597303, 0.245576694608, 0.203462257981, 0.189684137702, 0.240729779005, 0.32104614377], "max": [-5.43518018723, -5.02664995193, -5.38677453995, -5.76632785797, -5.71711301804, -6.97133684158], "mean": [-7.65123176575, -7.25283384323, -7.67541599274, -7.83993530273, -7.86433315277, -10.4129753113], "median": [-7.28420591354, -6.90052652359, -7.3700299263, -7.56924343109, -7.56485033035, -10.062128067], "min": [-28.0493450165, -27.9715499878, -27.7690963745, -27.6632404327, -27.5129756927, -27.4819984436], "var": [4.89628601074, 4.87567043304, 4.68273496628, 4.57393312454, 4.63522958755, 4.32294225693]}, "spectral_decrease": {"dmean": 2.10406470025e-09, "dmean2": 3.50906725899e-09, "dvar": 1.10625207792e-17, "dvar2": 2.96197991796e-17, "max": 2.0413056666e-28, "mean": -4.78195749665e-09, "median": -3.70630170998e-09, "min": -3.1309387083e-08, "var": 1.51393954063e-17}, "spectral_energy": {"dmean": 0.0084266513586, "dmean2": 0.0139347231016, "dvar": 0.000167275386048, "dvar2": 0.000444651464932, "max": 0.120881438255, "mean": 0.0200596638024, "median": 0.0157071854919, "min": 1.00170675529e-20, "var": 0.000257298612269}, "spectral_energyband_high": {"dmean": 0.000484499440063, "dmean2": 0.000683389545884, "dvar": 1.36168387144e-06, "dvar2": 2.42985515797e-06, "max": 0.0399440638721, "mean": 0.00103402789682, "median": 0.000411183718825, "min": 6.7443609828e-21, "var": 3.99466352974e-06}, "spectral_energyband_low": {"dmean": 0.00398079864681, "dmean2": 0.00708770751953, "dvar": 9.38494413276e-05, "dvar2": 0.000260968634393, "max": 0.0976429879665, "mean": 0.00520049175248, "median": 0.00312967272475, "min": 1.36627648004e-23, "var": 6.71817251714e-05}, "spectral_energyband_middle_high": {"dmean": 0.00215329998173, "dmean2": 0.00322683388367, "dvar": 1.25467458929e-05, "dvar2": 2.78667612292e-05, "max": 0.0766052305698, "mean": 0.00684371078387, "median": 0.00356559408829, "min": 1.20526344383e-21, "var": 6.97447103448e-05}, "spectral_energyband_middle_low": {"dmean": 0.0043174684979, "dmean2": 0.00712737813592, "dvar": 4.87685756525e-05, "dvar2": 0.000127605089801, "max": 0.0842967554927, "mean": 0.00783415231854, "median": 0.00541847525164, "min": 1.74823087655e-22, "var": 6.35567266727e-05}, "spectral_entropy": {"dmean": 0.15914914012, "dmean2": 0.233401685953, "dvar": 0.0318662263453, "dvar2": 0.0671111121774, "max": 9.82715511322, "mean": 7.67108011246, "median": 7.67726278305, "min": 4.69294691086, "var": 0.214156106114}, "spectral_flux": {"dmean": 0.0258856099099, "dmean2": 0.0401016175747, "dvar": 0.00110385916196, "dvar2": 0.00201411824673, "max": 0.314886629581, "mean": 0.0747860819101, "median": 0.0644664168358, "min": 6.4092169072e-11, "var": 0.00228642718866}, "spectral_kurtosis": {"dmean": 1.59766352177, "dmean2": 2.65843200684, "dvar": 4.98816299438, "dvar2": 13.9682073593, "max": 51.3401298523, "mean": 4.20905017853, "median": 3.57241821289, "min": -1.41341602802, "var": 10.6080646515}, "spectral_rms": {"dmean": 0.000840095279273, "dmean2": 0.00133238954004, "dvar": 1.21735661196e-06, "dvar2": 3.10203745357e-06, "max": 0.0108597008511, "mean": 0.00406480068341, "median": 0.00391459884122, "min": 3.12613953821e-12, "var": 3.04781269733e-06}, "spectral_rolloff": {"dmean": 677.337402344, "dmean2": 1117.68432617, "dvar": 1212694, "dvar2": 2831617, "max": 19724.4140625, "mean": 2259.65820313, "median": 1787.25585938, "min": 86.1328125, "var": 5804710.5}, "spectral_skewness": {"dmean": 0.204426571727, "dmean2": 0.328945875168, "dvar": 0.0522375591099, "dvar2": 0.133970811963, "max": 5.24202871323, "mean": 1.43839108944, "median": 1.40212440491, "min": -0.228370115161, "var": 0.199246257544}, "spectral_spread": {"dmean": 586033.0625, "dmean2": 821192.5, "dvar": 744538112000, "dvar2": 1356704120830.0, "max": 42425276, "mean": 4820149, "median": 4170300.5, "min": 1453079.5, "var": 14796574425100.0}, "spectral_strongpeak": {"dmean": 0.678713858128, "dmean2": 1.15517377853, "dvar": 1.4