{"lowlevel": {"average_loudness": 0.596064507961, "barkbands": {"dmean": [0.000106134546513, 0.00335391727276, 0.00146637810394, 0.000765706470702, 0.00138883083127, 0.000815732288174, 0.000642150174826, 0.000729949853849, 0.000524184375536, 0.00047259349958, 0.000207343764487, 0.000221997994231, 0.00025881305919, 0.000182431467692, 0.000145544283441, 0.000132663320983, 0.00011764728697, 0.000116341434477, 7.41340481909e-05, 0.000101252633613, 6.60980294924e-05, 3.3518026612e-05, 3.32188465109e-05, 2.90415664495e-05, 2.34459312196e-05, 1.21817101899e-05, 2.74004264611e-06], "dmean2": [0.000164293727721, 0.0060451682657, 0.00264725508168, 0.00128572399262, 0.00227878103033, 0.00121876061894, 0.000895674747881, 0.00108653248753, 0.000764802098274, 0.000670266919769, 0.000288804672891, 0.000322423002217, 0.000371844391339, 0.000254568294622, 0.000214387575397, 0.000188287769561, 0.000168328449945, 0.000169703300344, 0.000111268782348, 0.000149898856762, 9.80032709776e-05, 4.97077744512e-05, 4.76014902233e-05, 4.43587741756e-05, 3.82734760933e-05, 2.02136998269e-05, 4.69103770229e-06], "dvar": [2.46346047561e-07, 0.000390684988815, 5.96420577494e-05, 5.324169706e-06, 1.30876696858e-05, 3.13941336572e-06, 3.87716409023e-06, 8.9502082119e-06, 4.52321137345e-06, 1.75671880243e-06, 8.79773836004e-07, 4.55948224953e-07, 6.27539634479e-07, 5.05234083903e-07, 3.91157783497e-07, 2.61458666273e-07, 1.77210964125e-07, 1.04328336192e-07, 5.52188126335e-08, 7.13219066029e-08, 4.64142289047e-08, 1.92454709946e-08, 2.04970067585e-08, 1.77067498441e-08, 1.19569074641e-08, 2.69609712333e-09, 1.80328460497e-10], "dvar2": [4.72961346532e-07, 0.00112405850086, 0.000172556305188, 1.45626245285e-05, 3.5447323171e-05, 7.72318617237e-06, 8.80618972587e-06, 2.11505775951e-05, 1.0202530575e-05, 3.65918299394e-06, 1.85185638202e-06, 9.43111956531e-07, 1.29546162952e-06, 1.00217698673e-06, 8.02250553988e-07, 4.50948903108e-07, 3.52441702489e-07, 1.98650226935e-07, 1.31864936748e-07, 1.61691346534e-07, 1.04103627052e-07, 4.24563530999e-08, 4.0360045972e-08, 3.67799266598e-08, 3.0373502824e-08, 7.25570226123e-09, 4.82325901441e-10], "max": [0.00689751887694, 0.230053782463, 0.111869066954, 0.0488217547536, 0.0741830319166, 0.0671234279871, 0.0685607343912, 0.0881249830127, 0.0672766268253, 0.0330203063786, 0.0453471727669, 0.0227561872452, 0.0327037274837, 0.0297767780721, 0.0236597340554, 0.021792428568, 0.0217094030231, 0.0122573617846, 0.00932232383639, 0.0076932371594, 0.00521946558729, 0.00678721163422, 0.00721172243357, 0.00574993249029, 0.00376019976102, 0.00157786218915, 0.000492823135573], "mean": [0.00013934999879, 0.00325604435056, 0.00156042608432, 0.00110759655945, 0.00244401325472, 0.00194139045198, 0.00144579203334, 0.00136914441828, 0.00111043371726, 0.0013569870498, 0.000416101014707, 0.000473924475955, 0.000559497741051, 0.000372389768017, 0.000297675956972, 0.000306673522573, 0.000276431819657, 0.000297187711112, 0.000174016371602, 0.000253066507867, 0.000155801099027, 4.83369731228e-05, 5.75419180677e-05, 3.9397215005e-05, 2.24015966523e-05, 1.0477703654e-05, 2.1435855615e-06], "median": [8.0614208855e-06, 0.000889393617399, 0.000522100541275, 0.000383607868571, 0.00131033477373, 0.000994900474325, 0.000400249002269, 0.000254520273302, 0.000163586009876, 0.000111155910417, 3.20444050885e-05, 8.9254543127e-05, 5.7000965171e-05, 2.24877057917e-05, 2.11925107578e-05, 1.98345314857e-05, 2.53146990872e-05, 3.5875262256e-05, 3.14732569677e-05, 4.3152977014e-05, 1.58327547979e-05, 9.37894947128e-06, 6.63433775117e-06, 3.92213542e-06, 1.53559142291e-06, 6.92551566317e-07, 1.20497333e-07], "min": [1.47421251145e-24, 3.76429908931e-24, 3.39409130105e-25, 1.72370919842e-24, 1.34862666392e-23, 1.20209149092e-23, 8.20860968955e-24, 4.63366956079e-24, 1.30638308356e-23, 7.51216305052e-24, 2.75813035498e-23, 3.26301206283e-23, 3.93722749715e-23, 2.89986026066e-23, 4.09656320051e-23, 4.7250067163e-23, 5.26613532057e-23, 1.18758288737e-22, 1.04702314641e-22, 1.56573541609e-22, 2.44905515719e-22, 2.05134582e-22, 4.39855007286e-22, 6.11400422057e-22, 8.23913794394e-22, 1.3071697325e-21, 1.86456829632e-21], "var": [3.37405651862e-07, 0.000243515270995, 3.53675241058e-05, 5.57607336304e-06, 1.57454724103e-05, 8.73049339134e-06, 9.52784284891e-06, 1.35937580126e-05, 1.05714407255e-05, 1.0315921827e-05, 2.97532528748e-06, 1.76784999439e-06, 2.23452320824e-06, 1.64725759078e-06, 1.39855399084e-06, 1.26720465232e-06, 8.7173572183e-07, 4.56450436559e-07, 1.4669856796e-07, 2.70338944119e-07, 1.72988478653e-07, 3.05096605757e-08, 5.18446050535e-08, 4.53729889216e-08, 1.26837944592e-08, 2.05997374714e-09, 1.32663005581e-10]}, "barkbands_crest": {"dmean": 2.14195942879, "dmean2": 3.40287661552, "dvar": 4.79632091522, "dvar2": 12.5944099426, "max": 25.377368927, "mean": 10.0331678391, "median": 9.29746341705, "min": 2.58052992821, "var": 15.3309087753}, "barkbands_flatness_db": {"dmean": 0.0218567494303, "dmean2": 0.0304914116859, "dvar": 0.000534395803697, "dvar2": 0.0011089675827, "max": 0.558884322643, "mean": 0.184021443129, "median": 0.164827391505, "min": 0.0305597260594, "var": 0.00752715300769}, "barkbands_kurtosis": {"dmean": 4.0559797287, "dmean2": 6.43377256393, "dvar": 87.5782699585, "dvar2": 232.525650024, "max": 223.253555298, "mean": 7.66880941391, "median": 3.87926197052, "min": -1.92061781883, "var": 167.271820068}, "barkbands_skewness": {"dmean": 0.533532142639, "dmean2": 0.804208755493, "dvar": 0.515386104584, "dvar2": 1.29716610909, "max": 11.9018678665, "mean": 1.63921558857, "median": 1.46320319176, "min": -3.34525799751, "var": 1.94149160385}, "barkbands_spread": {"dmean": 4.183157444, "dmean2": 6.38481330872, "dvar": 56.1364364624, "dvar2": 127.818069458, "max": 145.559066772, "mean": 15.1091756821, "median": 11.3276367188, "min": 0.14543902874, "var": 186.324081421}, "dissonance": {"dmean": 0.0263382587582, "dmean2": 0.0435701534152, "dvar": 0.000796623469796, "dvar2": 0.00208688550629, "max": 0.500000059605, "mean": 0.435822337866, "median": 0.450396597385, "min": 0.0831773579121, "var": 0.00262521696277}, "dynamic_complexity": 5.1512336731, "erbbands": {"dmean": [0.0801981911063, 0.814889252186, 1.81030106544, 2.03300595284, 4.27591323853, 4.17115402222, 6.08577728271, 6.79956483841, 8.65609359741, 10.7410020828, 17.0131874084, 12.5595979691, 11.0411777496, 14.7948226929, 7.77694368362, 8.41108608246, 10.1503734589, 8.84916591644, 8.59650993347, 5.2877612114, 7.63155078888, 5.1315741539, 6.35342168808, 3.94347763062, 3.88181018829, 4.76995372772, 3.38085007668, 1.80112302303, 1.18943047523, 1.13455343246, 0.913767933846, 0.677765190601, 0.444920450449, 0.283848702908, 0.152025744319, 0.0501346737146, 0.0228289160877, 0.0063425982371, 0.000403376907343, 1.9247563614e-05], "dmean2": [0.142709851265, 1.48628818989, 3.30061650276, 3.42983579636, 7.22836589813, 6.74600362778, 8.99246692657, 10.2868185043, 12.0979614258, 15.418513298, 25.0310668945, 18.0090465546, 15.0947036743, 20.4366664886, 10.7988653183, 12.1582698822, 14.1132059097, 12.4159564972, 12.3427057266, 7.65258932114, 10.3355426788, 7.17830610275, 9.0935344696, 5.87131261826, 5.74059724808, 6.94865703583, 4.99032020569, 2.66516375542, 1.7783125639, 1.66864073277, 1.30992281437, 0.999247193336, 0.69463956356, 0.463368922472, 0.249843776226, 0.0827696397901, 0.0379333533347, 0.0107581522316, 0.000686171813868, 3.08006929117e-05], "dvar": [0.196898147464, 24.4025020599, 105.834732056, 46.5787124634, 168.868484497, 98.8691940308, 140.880493164, 316.583068848, 563.691040039, 1781.64746094, 5350.49072266, 2971.79736328, 1317.56945801, 1876.7421875, 885.044189453, 647.443115234, 1008.70422363, 910.409118652, 1299.9140625, 491.648071289, 827.260437012, 329.027862549, 312.261535645, 205.93170166, 120.597320557, 158.773071289, 112.916549683, 36.3024139404, 26.0149593353, 22.3647136688, 17.0315628052, 11.2020606995, 3.77079963684, 1.68006789684, 0.518022954464, 0.0447825826705, 0.0116084031761, 0.00084480753867, 3.16221871799e-06, 3.8112530909e-09], "dvar2": [0.557109117508, 70.6319961548, 306.208892822, 128.680679321, 461.572753906, 264.932220459, 329.244476318, 795.68572998, 1249.61035156, 4143.77441406, 12605.6396484, 6463.79931641, 2651.65966797, 3797.25, 1934.29394531, 1423.60974121, 1898.28845215, 1837.57177734, 2723.0559082, 989.367004395, 1240.13549805, 639.775024414, 572.018737793, 536.400146484, 272.278808594, 345.018341064, 258.906860352, 83.086730957, 61.0560722351, 44.0762519836, 34.0244979858, 22.1523036957, 8.46187114716, 4.27643871307, 1.31622743607, 0.118895284832, 0.0308466926217, 0.00226772157475, 8.66429218149e-06, 9.97196369923e-09], "max": [6.13617610931, 59.0195045471, 142.539611816, 110.995414734, 251.987670898, 228.387466431, 392.203979492, 727.09375, 825.169799805, 1209.45849609, 2320.94067383, 1834.70483398, 1317.25915527, 1351.98693848, 1337.16882324, 835.80480957, 1171.6706543, 966.704406738, 1329.41259766, 1075.48034668, 1494.98803711, 1191.81311035, 772.401611328, 846.548950195, 328.618499756, 474.631469727, 283.838867188, 193.223968506, 250.032516479, 235.848068237, 243.514434814, 186.472229004, 71.6515197754, 37.5007781982, 24.5135822296, 6.53035020828, 5.17257070541, 1.06351089478, 0.0336591638625, 0.00169192568865], "mean": [0.0884938240051, 0.744016766548, 1.84134042263, 2.96117091179, 5.91131925583, 7.57521533966, 13.2655105591, 15.6179265976, 20.2299480438, 22.1134319305, 33.4577102661, 26.118314743, 28.8196735382, 43.4416809082, 19.9416294098, 19.6119670868, 22.912612915, 22.8050060272, 20.0999221802, 11.1804227829, 20.8684520721, 14.1608066559, 17.1441650391, 10.3165845871, 10.2931842804, 12.5565395355, 8.35314178467, 3.73324012756, 1.80427610874, 1.77903473377, 1.57721590996, 1.02636194229, 0.5475872159, 0.287967979908, 0.137815311551, 0.0452551282942, 0.0192583929747, 0.00502123078331, 0.000324325694237, 3.35216827807e-05], "median": [0.018406406045, 0.209874644876, 0.632735908031, 1.11886155605, 2.56883502007, 3.69629073143, 6.48311376572, 7.38308191299, 7.22888803482, 5.74568319321, 7.62596130371, 5.71491527557, 3.68275570869, 4.01431560516, 3.30544543266, 4.08837223053, 3.01366209984, 1.99047017097, 1.53762423992, 1.02905380726, 1.31433022022, 1.4739177227, 2.09241628647, 1.80152797699, 2.09766387939, 2.15971374512, 1.0466337204, 0.531183838844, 0.352335363626, 0.268858581781, 0.181478768587, 0.108504995704, 0.0504742898047, 0.023591067642, 0.00728850113228, 0.00285500963219, 0.00122612831183, 0.00026300753234, 2.92779786832e-05, 1.99652604351e-05], "min": [7.02094725344e-23, 7.05178944292e-22, 2.68653157218e-21, 5.2325454339e-21, 2.5708742742e-20, 2.54548516083e-20, 5.55134673887e-20, 9.1039653314e-20, 8.71806037248e-20, 2.66150092528e-19, 3.31690507593e-19, 3.90527089082e-19, 4.6176111755e-19, 7.62438685273e-19, 1.07929213177e-18, 1.66599303888e-18, 2.07726579188e-18, 2.05800489131e-18, 2.22413915426e-18, 3.44320485382e-18, 4.25745063633e-18, 3.81897460133e-18, 6.02857130003e-18, 8.28871204289e-18, 5.79724445147e-18, 8.183348258e-18, 7.94786813558e-18, 1.04343383153e-17, 7.48116538936e-18, 1.20233506177e-17, 1.21701933744e-17, 1.22270264727e-17, 1.02641136443e-17, 8.29876725042e-18, 6.01451088398e-18, 4.5662756229e-18, 2.22348692235e-18, 8.50130273359e-19, 2.50041422183e-19, 2.86250439241e-20], "var": [0.136327758431, 14.5065193176, 61.6948776245, 42.7920417786, 151.263427734, 163.885314941, 447.414306641, 812.775634766, 1493.32348633, 3397.98632813, 7954.59033203, 6384.67382813, 5143.66503906, 11280.8876953, 3880.71679688, 2286.79394531, 3671.14941406, 3881.78466797, 6043.47021484, 1331.7980957, 5478.75048828, 2072.79467773, 1506.46203613, 441.477355957, 505.765472412, 641.171630859, 444.84753418, 90.6252059937, 36.7167892456, 47.1106300354, 43.3188476563, 30.8738861084, 8.12944602966, 1.98083460331, 0.516063868999, 0.0408354625106, 0.00866970419884, 0.000622142280918, 2.11916994886e-06, 3.41142247784e-09]}, "erbbands_crest": {"dmean": 2.37921118736, "dmean2": 3.6338198185, "dvar": 5.30456399918, "dvar2": 12.5541772842, "max": 30.2563343048, "mean": 10.9365367889, "median": 9.95105171204, "min": 2.39045500755, "var": 22.9424343109}, "erbbands_flatness_db": {"dmean": 0.0205681286752, "dmean2": 0.02611043863, "dvar": 0.000443275086582, "dvar2": 0.000693865120411, "max": 0.533941686153, "mean": 0.201692417264, "median": 0.190424248576, "min": 0.0297218058258, "var": 0.00609828112647}, "erbbands_kurtosis": {"dmean": 1.56735754013, "dmean2": 2.3291656971, "dvar": 8.66117668152, "dvar2": 19.7085552216, "max": 101.316322327, "mean": 2.51311612129, "median": 0.76350492239, "min": -1.90417683125, "var": 30.420545578}, "erbbands_skewness": {"dmean": 0.385792344809, "dmean2": 0.564432740211, "dvar": 0.181845456362, "dvar2": 0.399354606867, "max": 8.36698627472, "mean": 0.867661654949, "median": 0.82791608572, "min": -3.27823114395, "var": 1.05515038967}, "erbbands_spread": {"dmean": 7.25139379501, "dmean2": 10.6886901855, "dvar": 119.781318665, "dvar2": 256.41506958, "max": 156.762954712, "mean": 30.0184936523, "median": 27.1124668121, "min": 0.698123574257, "var": 385.802032471}, "gfcc": {"cov": [[23028.5, -1396.15014648, -2851.22192383, 1765.94677734, -83.6371688843, 1106.11364746, 39.2441253662, 643.513183594, -150.362335205, 227.975357056, -53.6603279114, 92.6604537964, -226.979217529], [-1396.15014648, 1770.50378418, 332.335784912, -492.3125, -11.1779489517, -330.917633057, 76.9912338257, -194.180526733, 20.5453052521, -126.477111816, 106.480545044, -115.999420166, 53.3215942383], [-2851.22192383, 332.335784912, 1892.60266113, -101.521232605, -39.4687385559, -42.350818634, -83.4705734253, -77.0936813354, -23.3684482574, 35.4012069702, -89.2384338379, 96.6790084839, -20.850725174], [1765.94677734, -492.3125, -101.521232605, 897.988769531, 216.626571655, 210.165527344, -10.7342424393, 98.9189147949, 106.290725708, 53.4372711182, -67.8058242798, 79.608505249, 5.99632072449], [-83.6371688843, -11.1779489517, -39.4687385559, 216.626571655, 389.04385376, 125.10521698, 52.0149841309, 45.4568824768, 58.8066062927, 42.1276321411, -5.90024423599, 11.0670433044, 8.08505153656], [1106.11364746, -330.917633057, -42.350818634, 210.165527344, 125.10521698, 379.092803955, 160.07170105, 115.961517334, -14.2908506393, 31.5217571259, -14.7933969498, 30.0804328918, -39.9324417114], [39.2441253662, 76.9912338257, -83.4705734253, -10.7342424393, 52.0149841309, 160.07170105, 297.351287842, 98.6460418701, -24.9215679169, -10.2567939758, 35.6452407837, -8.12774372101, -19.7917518616], [643.513183594, -194.180526733, -77.0936813354, 98.9189147949, 45.4568824768, 115.961517334, 98.6460418701, 185.186553955, 36.4318733215, 23.4767093658, -5.75311279297, 2.67027449608, -17.2531223297], [-150.362335205, 20.5453052521, -23.3684482574, 106.290725708, 58.8066062927, -14.2908506393, -24.9215679169, 36.4318733215, 175.225799561, 43.7572364807, -16.5115604401, 9.5954246521, 20.5065879822], [227.975357056, -126.477111816, 35.4012069702, 53.4372711182, 42.1276321411, 31.5217571259, -10.2567939758, 23.4767093658, 43.7572364807, 126.425125122, 20.4992675781, 23.4925289154, -9.78918266296], [-53.6603279114, 106.480545044, -89.2384338379, -67.8058242798, -5.90024423599, -14.7933969498, 35.6452407837, -5.75311279297, -16.5115604401, 20.4992675781, 126.941253662, 3.4779727459, 5.68315410614], [92.6604537964, -115.999420166, 96.6790084839, 79.608505249, 11.0670433044, 30.0804328918, -8.12774372101, 2.67027449608, 9.5954246521, 23.4925289154, 3.4779727459, 111.431518555, 18.1857585907], [-226.979217529, 53.3215942383, -20.850725174, 5.99632072449, 8.08505153656, -39.9324417114, -19.7917518616, -17.2531223297, 20.5065879822, -9.78918266296, 5.68315410614, 18.1857585907, 81.2261276245]], "icov": [[0.000132060216856, -0.000272513600066, 0.000273372133961, -0.00026712793624, 0.000330162380124, -0.000486114702653, 0.000505913398229, -0.000540524430107, 0.000508087163325, -0.000469992228318, 0.000265285954811, -0.000282727298327, 0.000234254694078], [-0.000272513600066, 0.00184730568435, -0.000902381783817, 0.000855581078213, -0.00114464445505, 0.00190412660595, -0.00215351255611, 0.00227031880058, -0.00201274640858, 0.00213890965097, -0.00158363289665, 0.00160266458988, -0.000743548036553], [0.000273372133961, -0.000902381783817, 0.00127199105918, -0.000486859382363, 0.000778330606408, -0.00118543417193, 0.00134971411899, -0.00120976136532, 0.00139268964995, -0.00153655139729, 0.00140450301114, -0.00152885110583, 0.000837647588924], [-0.00026712793624, 0.000855581078213, -0.000486859382363, 0.00233220681548, -0.00137080659624, 0.000390453293221, -0.000674517883454, 0.000982158468105, -0.00187174952589, 0.00127069314476, -0.000130084852572, -0.00018481760344, -0.000556430255529], [0.000330162380124, -0.00114464445505, 0.000778330606408, -0.00137080659624, 0.00435066269711, -0.00237932568416, 0.00127689354122, -0.00140420184471, 0.000846360693686, -0.00223243818618, 0.000902936211787, -0.000445540208602, -6.10451243119e-05], [-0.000486114702653, 0.00190412660595, -0.00118543417193, 0.000390453293221, -0.00237932568416, 0.00751909287646, -0.0047550695017, 0.0014323835494, -0.00118007103447, 0.00166260648984, -0.00072563753929, 0.00064669229323, 0.000541762914509], [0.000505913398229, -0.00215351255611, 0.00134971411899, -0.000674517883454, 0.00127689354122, -0.0047550695017, 0.00851726811379, -0.00526279117912, 0.00309155834839, -0.00143665540963, 0.00011189365614, -0.00159580423497, 0.00111218530219], [-0.000540524430107, 0.00227031880058, -0.00120976136532, 0.000982158468105, -0.00140420184471, 0.0014323835494, -0.00526279117912, 0.0114407744259, -0.00477864779532, 0.00214918144047, -0.00137716834433, 0.0023137871176, -0.000348367582774], [0.000508087163325, -0.00201274640858, 0.00139268964995, -0.00187174952589, 0.000846360693686, -0.00118007103447, 0.00309155834839, -0.00477864779532, 0.0105420667678, -0.00528975157067, 0.00300574512221, -0.00156219652854, -0.000848883297294], [-0.000469992228318, 0.00213890965097, -0.00153655139729, 0.00127069314476, -0.00223243818618, 0.00166260648984, -0.00143665540963, 0.00214918144047, -0.00528975157067, 0.0132291754708, -0.00468646269292, 0.000287051021587, 0.00113377871457], [0.000265285954811, -0.00158363289665, 0.00140450301114, -0.000130084852572, 0.000902936211787, -0.00072563753929, 0.00011189365614, -0.00137716834433, 0.00300574512221, -0.00468646269292, 0.0113202473149, -0.00245067081414, -0.00012782952399], [-0.000282727298327, 0.00160266458988, -0.00152885110583, -0.00018481760344, -0.000445540208602, 0.00064669229323, -0.00159580423497, 0.0023137871176, -0.00156219652854, 0.000287051021587, -0.00245067081414, 0.0128422342241, -0.00403084186837], [0.000234254694078, -0.000743548036553, 0.000837647588924, -0.000556430255529, -6.10451243119e-05, 0.000541762914509, 0.00111218530219, -0.000348367582774, -0.000848883297294, 0.00113377871457, -0.00012782952399, -0.00403084186837, 0.0154419057071]], "mean": [-85.0666275024, 118.310905457, -107.895881653, 22.4134292603, -63.7010498047, -7.03741884232, -29.5257606506, 1.36688864231, -24.7614173889, -2.02678251266, -9.31494426727, -2.84454488754, -11.0097646713]}, "hfc": {"dmean": 3.98799228668, "dmean2": 5.59107446671, "dvar": 64.6027755737, "dvar2": 137.399765015, "max": 165.673873901, "mean": 14.0163764954, "median": 6.29194402695, "min": 1.09942189871e-16, "var": 320.286621094}, "melbands": {"dmean": [0.000833508383948, 0.00100886053406, 0.00040297023952, 0.000318620295729, 0.000195150307263, 0.000152336098836, 0.000134458998218, 0.000120925913507, 0.000134463247377, 7.60078110034e-05, 5.89028786635e-05, 6.39005229459e-05, 2.80235362879e-05, 2.61666318693e-05, 2.10538746614e-05, 2.44241455221e-05, 1.68666811078e-05, 1.54337631102e-05, 8.3627010099e-06, 7.71793656895e-06, 9.97052029561e-06, 5.82801158089e-06, 6.29786836726e-06, 6.14162945567e-06, 3.21861989505e-06, 2.83170948023e-06, 3.43567717209e-06, 3.39013490702e-06, 2.47386014962e-06, 1.56889836944e-06, 9.58881173574e-07, 6.81483300013e-07, 6.80984157952e-07, 6.53264976336e-07, 5.60403066174e-07, 4.69605453191e-07, 4.27976118544e-07, 3.40448963243e-07, 2.55122529325e-07, 2.48968746064e-07], "dmean2": [0.00149045151193, 0.00184368912596, 0.000679372402374, 0.000530727673322, 0.000292725104373, 0.000229539742577, 0.000188083169633, 0.00017540762201, 0.000197240733542, 0.00010952084267, 7.97617758508e-05, 8.9723180281e-05, 3.82257203455e-05, 3.70434208889e-05, 3.14130120387e-05, 3.44797444995e-05, 2.35205734498e-05, 2.20629990508e-05, 1.22469336929e-05, 1.10955206765e-05, 1.34208630698e-05, 8.14087525214e-06, 8.86232464836e-06, 9.01494604477e-06, 4.8275055633e-06, 4.23616074841e-06, 5.14307566846e-06, 4.95668473377e-06, 3.68152791452e-06, 2.30836076298e-06, 1.44660782553e-06, 1.03589184164e-06, 1.01530986285e-06, 9.72336351879e-07, 8.04091826012e-07, 6.9711506967e-07, 6.54818563817e-07, 5.29953354089e-07, 4.11835543446e-07, 4.11241131815e-07], "dvar": [2.29247252719e-05, 3.49928413925e-05, 1.60946001415e-06, 8.40598033847e-07, 1.48997543192e-07, 1.45578823663e-07, 1.37048402848e-07, 2.16381977225e-07, 3.35178015121e-07, 1.09617559474e-07, 3.49514941433e-08, 3.45444135519e-08, 1.41092675321e-08, 6.22382501092e-09, 4.56606885635e-09, 6.57695498063e-09, 3.54530804714e-09, 4.44990710946e-09, 1.4692492778e-09, 9.93147786232e-10, 1.46050860295e-09, 5.46692469072e-10, 4.44085657136e-10, 2.74863909411e-10, 1.68664332501e-10, 7.21687085092e-11, 1.08501450879e-10, 8.7913662461e-11, 6.19547885217e-11, 2.76658192883e-11, 1.09650639263e-11, 8.4917888693e-12, 8.84137121154e-12, 7.86326212476e-12, 6.43776351672e-12, 5.38737240582e-12, 5.32644024373e-12, 2.53362370146e-12, 1.28778389862e-12, 1.58888234601e-12], "dvar2": [6.54520481476e-05, 0.000100906479929, 4.41865404355e-06, 2.29367265092e-06, 3.60133725508e-07, 3.64718488299e-07, 3.0823937891e-07, 5.11328096309e-07, 7.88115869454e-07, 2.38091303117e-07, 6.9415257542e-08, 7.10627006129e-08, 2.95641129355e-08, 1.25703598641e-08, 1.0683955054e-08, 1.34336728408e-08, 6.95668944672e-09, 9.24058252139e-09, 3.08935810267e-09, 1.92551885547e-09, 2.18324491819e-09, 1.03419561803e-09, 7.48665296424e-10, 5.69630842495e-10, 4.41610553681e-10, 1.6666214242e-10, 2.49038456523e-10, 1.875269523e-10, 1.38909578284e-10, 5.89082324587e-11, 2.61252894318e-11, 2.04394643571e-11, 1.94175613089e-11, 1.59662595645e-11, 1.30059201256e-11, 1.10184335614e-11, 1.14850117264e-11, 5.75605318617e-12, 3.19477452305e-12, 4.07821953291e-12], "max": [0.0609753318131, 0.079024553299, 0.0213132090867, 0.019883736968, 0.0118485009298, 0.0153985293582, 0.0118302498013, 0.0117802536115, 0.0178810562938, 0.0114191537723, 0.00655632233247, 0.00513592828065, 0.0065552550368, 0.00286154611968, 0.00173614022788, 0.00340268039145, 0.00180176959839, 0.00223763729446, 0.00188303552568, 0.00094872462796, 0.00175768916961, 0.00177389744204, 0.000911721901502, 0.000412600580603, 0.000779124558903, 0.000374042458134, 0.000426236947533, 0.000356144097168, 0.000219869965804, 0.000190859020222, 0.000124577520182, 0.000124321260955, 0.000160705385497, 0.000132754677907, 0.00015826933668, 0.000127481733216, 0.000106788742414, 5.77811515541e-05, 4.15118774981e-05, 4.99328089063e-05], "mean": [0.000856162630953, 0.00099493667949, 0.000592856726144, 0.000496354186907, 0.000431755441241, 0.000354389892891, 0.000312906835461, 0.000242685477133, 0.000260866770986, 0.000158564609592, 0.000147208644194, 0.000187075507711, 6.37476769043e-05, 5.87844260735e-05, 4.38821043645e-05, 5.61904889764e-05, 3.87722648156e-05, 3.36015436915e-05, 1.6369511286e-05, 1.54568133439e-05, 2.62867160927e-05, 1.44002606248e-05, 1.47782902786e-05, 1.55810193974e-05, 7.25894778952e-06, 6.70417784931e-06, 8.74085799296e-06, 8.06669777376e-06, 5.81403037359e-06, 3.27833663505e-06, 1.775105261e-06, 9.75468310571e-07, 9.39421056501e-07, 1.01148634712e-06, 9.26386633182e-07, 7.76288061388e-07, 5.91572302255e-07, 4.15163412981e-07, 2.74196565897e-07, 2.36931725794e-07], "median": [0.000212021695916, 0.0003527267545, 0.00025047804229, 0.00023905748094, 0.000221445574425, 0.000169592633029, 0.000109781292849, 5.86727255723e-05, 5.5720047385e-05, 2.49976201303e-05, 1.61651041708e-05, 1.4979072148e-05, 7.90350713942e-06, 1.10597375169e-05, 6.99557858752e-06, 5.1740780691e-06, 2.79320897789e-06, 2.07649873118e-06, 1.22884864595e-06, 1.32544130338e-06, 1.45956983033e-06, 1.17629724627e-06, 1.50167568336e-06, 1.83689371624e-06, 1.19533694942e-06, 1.18392370041e-06, 1.46546437918e-06, 1.24013070035e-06, 6.10717620475e-07, 3.05406160805e-07, 2.52854789551e-07, 1.76351107939e-07, 1.62656959901e-07, 1.2509303815e-07, 1.01461417046e-07, 8.16875527221e-08, 5.33357074062e-08, 3.45136683677e-08, 2.23964899959e-08, 1.69328604471e-08], "min": [1.22540755688e-24, 1.23295212397e-24, 1.56346058578e-24, 2.87634226603e-24, 1.82721583501e-24, 2.4904133674e-24, 1.33678160188e-24, 2.91188794399e-24, 2.33611848523e-24, 2.23064541561e-24, 1.53855555675e-24, 2.65626683677e-24, 3.95028488063e-24, 2.30674446056e-24, 3.57074891077e-24, 2.44045855336e-24, 3.1326490906e-24, 2.70620311258e-24, 3.35560011507e-24, 3.23197634211e-24, 4.34351113707e-24, 2.83361637612e-24, 4.67356541221e-24, 3.63240904013e-24, 6.08303699664e-24, 3.72453734424e-24, 4.27015732807e-24, 4.70420950294e-24, 3.52109366666e-24, 5.8644436398e-24, 5.58796800848e-24, 3.44723380339e-24, 4.54566463264e-24, 5.97895823868e-24, 5.70335311536e-24, 5.91621618658e-24, 6.8599304875e-24, 6.70285171519e-24, 6.52855565919e-24, 7.10926023178e-24], "var": [1.50382629727e-05, 2.06509885174e-05, 1.4772282384e-06, 8.43777456794e-07, 4.56550793615e-07, 3.75147067189e-07, 3.57102976523e-07, 3.83020591244e-07, 4.86123155952e-07, 2.52914333032e-07, 1.36822293939e-07, 2.17958444182e-07, 5.73403369231e-08, 2.90812742776e-08, 1.48563552571e-08, 2.4348803862e-08, 1.3213336203e-08, 1.90470803574e-08, 3.75687170262e-09, 2.64007327111e-09, 9.40823241535e-09, 3.2170586195e-09, 1.76806702612e-09, 1.31616140209e-09, 2.89979623647e-10, 2.22102045089e-10, 4.49359022214e-10, 3.19377468916e-10, 2.53203763512e-10, 9.00316765584e-11, 2.24151652101e-11, 1.13395117948e-11, 1.42930528524e-11, 1.57651704191e-11, 1.4774206164e-11, 1.37923309926e-11, 1.24047256841e-11, 5.21293772038e-12, 1.92944076514e-12, 1.6049604137e-12]}, "melbands_crest": {"dmean": 2.56038784981, "dmean2": 4.03553771973, "dvar": 6.34656524658, "dvar2": 15.5732078552, "max": 33.5266265869, "mean": 12.6215686798, "median": 11.8348350525, "min": 1.67943513393, "var": 22.0041828156}, "melbands_flatness_db": {"dmean": 0.0249059721828, "dmean2": 0.0349935777485, "dvar": 0.000810783123598, "dvar2": 0.00167427433189, "max": 0.664166033268, "mean": 0.255746036768, "median": 0.237419307232, "min": 0.0033567561768, "var": 0.0112317642197}, "melbands_kurtosis": {"dmean": 7.04183530807, "dmean2": 11.2470216751, "dvar": 284.903564453, "dvar2": 752.944274902, "max": 327.923461914, "mean": 13.3926734924, "median": 6.78383588791, "min": -1.78926050663, "var": 412.568786621}, "melbands_skewness": {"dmean": 0.641004621983, "dmean2": 0.952792227268, "dvar": 0.78966397047, "dvar2": 1.88213765621, "max": 12.9693365097, "mean": 2.1854596138, "median": 1.88342356682, "min": -1.68540167809, "var": 2.75238847733}, "melbands_spread": {"dmean": 4.61179590225, "dmean2": 6.84444189072, "dvar": 78.0586624146, "dvar2": 162.650039673, "max": 196.095809937, "mean": 18.3347930908, "median": 12.0547294617, "min": 0.459315925837, "var": 377.069702148}, "mfcc": {"cov": [[15057.8388672, -892.678649902, -2299.20410156, 517.258361816, 106.162216187, 591.00012207, 492.439361572, 514.122497559, 96.2565383911, 489.428497314, 108.224136353, 364.292358398, 26.2935714722], [-892.678649902, 1790.67749023, 234.482345581, -101.735595703, -126.05696106, -163.268859863, 23.7613296509, -86.8860778809, -120.619552612, -59.3526535034, 6.71858215332, -86.2204208374, 27.2419757843], [-2299.20410156, 234.482345581, 1456.08300781, 74.9272155762, 35.9533843994, -15.7946491241, -102.63885498, -58.0678749084, 43.0758972168, -180.641311646, 20.6133460999, -78.2650909424, 31.5359840393], [517.258361816, -101.735595703, 74.9272155762, 497.854248047, 196.288192749, 120.596481323, -55.4202194214, 40.5402374268, 85.7506103516, -11.2278690338, -6.056848526, 65.9371490479, 34.4514503479], [106.162216187, -126.05696106, 35.9533843994, 196.288192749, 365.287689209, 118.091888428, -33.077671051, 6.79070234299, 60.9179153442, 25.4729156494, 6.93778514862, 22.2322807312, 21.0562438965], [591.00012207, -163.268859863, -15.7946491241, 120.596481323, 118.091888428, 274.355987549, 94.0955505371, 89.6630706787, 77.0078430176, 5.07670736313, 51.2274856567, 42.9515953064, 6.01488828659], [492.439361572, 23.7613296509, -102.63885498, -55.4202194214, -33.077671051, 94.0955505371, 318.724090576, 129.585540771, 4.48342752457, 59.7405929565, 49.3717803955, 6.89085769653, 8.71770763397], [514.122497559, -86.8860778809, -58.0678749084, 40.5402374268, 6.79070234299, 89.6630706787, 129.585540771, 208.473220825, 74.4190673828, 43.4952316284, 26.6286582947, 30.4460296631, 12.0798435211], [96.2565383911, -120.619552612, 43.0758972168, 85.7506103516, 60.9179153442, 77.0078430176, 4.48342752457, 74.4190673828, 185.729949951, 24.0127429962, 29.0979728699, 47.7136802673, -2.93178105354], [489.428497314, -59.3526535034, -180.641311646, -11.2278690338, 25.4729156494, 5.07670736313, 59.7405929565, 43.4952316284, 24.0127429962, 172.628738403, 31.5388221741, 10.4567584991, -7.21701478958], [108.224136353, 6.71858215332, 20.6133460999, -6.056848526, 6.93778514862, 51.2274856567, 49.3717803955, 26.6286582947, 29.0979728699, 31.5388221741, 114.668991089, 29.7785930634, 16.2019557953], [364.292358398, -86.2204208374, -78.2650909424, 65.9371490479, 22.2322807312, 42.9515953064, 6.89085769653, 30.4460296631, 47.7136802673, 10.4567584991, 29.7785930634, 131.659332275, 29.7721786499], [26.2935714722, 27.2419757843, 31.5359840393, 34.4514503479, 21.0562438965, 6.01488828659, 8.71770763397, 12.0798435211, -2.93178105354, -7.21701478958, 16.2019557953, 29.7721786499, 94.4414520264]], "icov": [[0.00011041558173, 1.08349131551e-05, 0.000140690535773, -0.00012224065722, 7.95407104306e-05, -0.000175004286575, -1.11049912448e-05, -0.000119117059512, 0.000115366485261, -0.000154177425429, 1.20510867418e-05, -0.000113848313049, -9.58402210927e-07], [1.08349131551e-05, 0.000650249363389, -5.69547519262e-05, -8.49883508636e-05, 9.47833614191e-05, 0.00034495088039, -0.000240875844611, 0.000150641601067, 0.000187742698472, 0.000145653393702, -0.000265117007075, 0.000280915322946, -0.000206813609111], [0.000140690535773, -5.69547519262e-05, 0.00109913363121, -0.000290716940071, 7.46134764995e-06, -4.87937541038e-05, 7.43379059713e-05, -7.16071517672e-05, -0.000379201839678, 0.000810542842373, -0.000592288211919, 0.000684521626681, -0.000343985797372], [-0.00012224065722, -8.49883508636e-05, -0.000290716940071, 0.00319441850297, -0.00124534778297, -0.000672901922371, 0.000747275655158, -0.000373510963982, -0.000519137422089, 0.000203292045626, 0.000875366618857, -0.000909059715923, -0.000574541219976], [7.95407104306e-05, 9.47833614191e-05, 7.46134764995e-06, -0.00124534778297, 0.00420059263706, -0.00180365040433, 0.00051488407189, 0.000737148453481, -0.000391621957533, -0.00129559403285, 0.000466154015157, 0.00049670797307, -0.00090889231069], [-0.000175004286575, 0.00034495088039, -4.87937541038e-05, -0.000672901922371, -0.00180365040433, 0.00688757561147, -0.0017883554101, -0.000886988826096, -0.00109480181709, 0.00204107956961, -0.00227148691192, -0.000102589554444, 0.00099700212013], [-1.11049912448e-05, -0.000240875844611, 7.43379059713e-05, 0.000747275655158, 0.00051488407189, -0.0017883554101, 0.00545837637037, -0.00298622390255, 0.00132030644454, -0.00113925570622, -0.000898728496395, 0.00033779675141, -0.000346016109688], [-0.000119117059512, 0.000150641601067, -7.16071517672e-05, -0.000373510963982, 0.000737148453481, -0.000886988826096, -0.00298622390255, 0.0085706114769, -0.00296927150339, -0.000707548635546, 0.000819336681161, 0.000107506581116, -0.00109928241], [0.000115366485261, 0.000187742698472, -0.000379201839678, -0.000519137422089, -0.000391621957533, -0.00109480181709, 0.00132030644454, -0.00296927150339, 0.00840784329921, -0.00110459001735, -0.000928988330998, -0.00225235614926, 0.00169070076663], [-0.000154177425429, 0.000145653393702, 0.000810542842373, 0.000203292045626, -0.00129559403285, 0.00204107956961, -0.00113925570622, -0.000707548635546, -0.00110459001735, 0.0084482440725, -0.00254157208838, 0.000800132926088, 0.000805712887086], [1.20510867418e-05, -0.000265117007075, -0.000592288211919, 0.000875366618857, 0.000466154015157, -0.00227148691192, -0.000898728496395, 0.000819336681161, -0.000928988330998, -0.00254157208838, 0.0118024209514, -0.00225421017967, -0.00156673626043], [-0.000113848313049, 0.000280915322946, 0.000684521626681, -0.000909059715923, 0.00049670797307, -0.000102589554444, 0.00033779675141, 0.000107506581116, -0.00225235614926, 0.000800132926088, -0.00225421017967, 0.0108346175402, -0.00313304644078], [-9.58402210927e-07, -0.000206813609111, -0.000343985797372, -0.000574541219976, -0.00090889231069, 0.00099700212013, -0.000346016109688, -0.00109928241, 0.00169070076663, 0.000805712887086, -0.00156673626043, -0.00313304644078, 0.0126551520079]], "mean": [-723.437011719, 144.210525513, 8.73298454285, 27.7799854279, -10.5633544922, -5.67493391037, -1.11593079567, -1.38559508324, -9.75164985657, 0.475235968828, -4.2361702919, 0.627479314804, -1.6515455246]}, "pitch_salience": {"dmean": 0.0603726804256, "dmean2": 0.096136033535, "dvar": 0.00348118483089, "dvar2": 0.00892927218229, "max": 0.864663422108, "mean": 0.585463881493, "median": 0.592656433582, "min": 0.128733828664, "var": 0.010812330991}, "silence_rate_20dB": {"dmean": 0, "dmean2": 0, "dvar": 0, "dvar2": 0, "max": 1, "mean": 1, "median": 1, "min": 1, "var": 0}, "silence_rate_30dB": {"dmean": 0.0190065484494, "dmean2": 0.0380161330104, "dvar": 0.0186468232423, "dvar2": 0.0384836010635, "max": 1, "mean": 0.981394231319, "median": 1, "min": 0, "var": 0.0182609353215}, "silence_rate_60dB": {"dmean": 0.0281105246395, "dmean2": 0.0562255419791, "dvar": 0.0273233260959, "dvar2": 0.0610609129071, "max": 1, "mean": 0.156591877341, "median": 0, "min": 0, "var": 0.132081985474}, "spectral_centroid": {"dmean": 187.240310669, "dmean2": 274.996856689, "dvar": 93293.3125, "dvar2": 184552.21875, "max": 11549.1708984, "mean": 1105.4432373, "median": 854.203491211, "min": 178.370513916, "var": 897222.1875}, "spectral_complexity": {"dmean": 2.10062289238, "dmean2": 3.26667189598, "dvar": 9.4500246048, "dvar2": 20.1599445343, "max": 47, "mean": 11.6805076599, "median": 10, "min": 0, "var": 51.0242042542}, "spectral_contrast_coeffs": {"dmean": [0.0442899651825, 0.0398431494832, 0.0348773375154, 0.0307571925223, 0.0246248673648, 0.0209236312658], "dmean2": [0.0713848173618, 0.0640769451857, 0.0541183017194, 0.047221429646, 0.0361933708191, 0.0305970292538], "dvar": [0.00140448601451, 0.00121211179066, 0.000962735677604, 0.00081929838052, 0.000624459935352, 0.000452948355814], "dvar2": [0.00370123214088, 0.00292213982902, 0.00209925207309, 0.00172800756991, 0.00114616448991, 0.000908265879843], "max": [-0.276831775904, -0.361957550049, -0.432323157787, -0.452204734087, -0.512660682201, -0.550642430782], "mean": [-0.635211586952, -0.696122288704, -0.732397556305, -0.756566822529, -0.768327713013, -0.766514718533], "median": [-0.642869412899, -0.69690567255, -0.752216696739, -0.770191550255, -0.784994482994, -0.767162501812], "min": [-0.97586107254, -0.979038596153, -0.98521143198, -0.983618915081, -0.979654192924, -0.972064316273], "var": [0.00915563199669, 0.00631270883605, 0.00849702581763, 0.00713826762512, 0.00667521217838, 0.00363691826351]}, "spectral_contrast_valleys": {"dmean": [0.39002430439, 0.324115604162, 0.308585673571, 0.310220509768, 0.298829168081, 0.416774094105], "dmean2": [0.617010474205, 0.515054225922, 0.483670175076, 0.463072657585, 0.410243570805, 0.49247482419], "dvar": [0.166531145573, 0.0989848673344, 0.0969557315111, 0.107542835176, 0.114801190794, 0.211533114314], "dvar2": [0.344020456076, 0.219033196568, 0.206312164664, 0.20091894269, 0.196439564228, 0.302155643702], "max": [-4.61607265472, -4.88437700272, -5.11769628525, -5.86367607117, -5.4661026001, -7.39927339554], "mean": [-7.92127275467, -7.18260288239, -8.25824451447, -9.12630653381, -8.81322193146, -11.5315303802], "median": [-7.40536212921, -6.90732240677, -7.93502235413, -8.78529167175, -8.35534191132, -11.2919178009], "min": [-28.0374641418, -28.1599349976, -27.8362197876, -27.620885849, -27.6623802185, -27.3738899231], "var": [3.71839761734, 2.91348457336, 2.99695134163, 3.12550783157, 3.55221700668, 3.22855472565]}, "spectral_decrease": {"dmean": 2.05705408263e-09, "dmean2": 3.36125394185e-09, "dvar": 5.36196472507e-17, "dvar2": 1.46976005572e-16, "max": 6.87158522485e-17, "mean": -4.82825601722e-09, "median": -3.17244475134e-09, "min": -8.99381404906e-08, "var": 4.93743776761e-17}, "spectral_energy": {"dmean": 0.00805430486798, "dmean2": 0.0130765596405, "dvar": 0.000781056296546, "dvar2": 0.00213404116221, "max": 0.342950433493, "mean": 0.0194942448288, "median": 0.0127581190318, "min": 9.95498457834e-21, "var": 0.000753949396312}, "spectral_energyband_high": {"dmean": 0.000220314759645, "dmean2": 0.000321302359225, "dvar": 3.65110395251e-07, "dvar2": 7.7613447047e-07, "max": 0.0190895926207, "mean": 0.000452977605164, "median": 8.9654000476e-05, "min": 7.18775200545e-21, "var": 1.03871275314e-06}, "spectral_energyband_low": {"dmean": 0.00485407840461, "dmean2": 0.00859861075878, "dvar": 0.000691138324328, "dvar2": 0.00195006129798, "max": 0.328269988298, "mean": 0.00552857946604, "median": 0.00197131303139, "min": 1.10372108825e-23, "var": 0.000459795381175}, "spectral_energyband_middle_high": {"dmean": 0.00115614850074, "dmean2": 0.00159999728203, "dvar": 6.61515832689e-06, "dvar2": 1.27327630253e-05, "max": 0.0808571130037, "mean": 0.00455369660631, "median": 0.000980870681815, "min": 1.17086173724e-21, "var": 5.65360751352e-05}, "spectral_energyband_middle_low": {"dmean": 0.00346791441552, "dmean2": 0.00532883685082, "dvar": 5.013988266e-05, "dvar2": 0.000125104459585, "max": 0.106502912939, "mean": 0.00964524317533, "median": 0.00689931260422, "min": 1.71351821993e-22, "var": 9.78705866146e-05}, "spectral_entropy": {"dmean": 0.205762416124, "dmean2": 0.278211265802, "dvar": 0.0510529950261, "dvar2": 0.0880894735456, "max": 9.81409931183, "mean": 6.92901992798, "median": 7.02442789078, "min": 4.01197767258, "var": 0.567566215992}, "spectral_flux": {"dmean": 0.0220936834812, "dmean2": 0.0342724509537, "dvar": 0.00184308120515, "dvar2": 0.00359996990301, "max": 0.540370106697, "mean": 0.0587879568338, "median": 0.043361838907, "min": 6.28021870619e-11, "var": 0.00360951479524}, "spectral_kurtosis": {"dmean": 4.31973075867, "dmean2": 7.01534223557, "dvar": 92.7250442505, "dvar2": 217.938247681, "max": 393.276885986, "mean": 13.9827184677, "median": 5.18061351776, "min": -1.27029252052, "var": 1099.52307129}, "spectral_rms": {"dmean": 0.000644757878035, "dmean2": 0.000967228203081, "dvar": 1.89226909697e-06, "dvar2": 4.71070325148e-06, "max": 0.0182916857302, "mean": 0.00376283773221, "median": 0.00352802290581, "min": 3.11643701296e-12, "var": 4.85992813992e-06}, "spectral_rolloff": {"dmean": 310.066711426, "dmean2": 526.678649902, "dvar": 763982.6875, "dvar2": 1825288, "max": 21253.2714844, "mean": 1264.49462891, "median": 667.529296875, "min": 86.1328125, "var": 3762868}, "spectral_skewness": {"dmean": 0.371091514826, "dmean2": 0.583696782589, "dvar": 0.235782891512, "dvar2": 0.520362496376, "max": 16.3965854645, "mean": 2.22683978081, "median": 1.69391751289, "min": -0.0783515647054, "var": 4.07805728912}, "spectral_spread": {"dmean": 625760.75, "dmean2": 870458.875, "dvar": 888368922624, "dvar2": 1662398627840.0, "max": 42747016, "mean": 3911541.75, "median": 3483215, "min": 310570.0625, 