{"lowlevel": {"average_loudness": 0.946512103081, "barkbands": {"dmean": [0.0106010306627, 0.0127709079534, 0.00245758402161, 0.00106213439722, 0.00154705659952, 0.00113405124284, 0.000822398927994, 0.00112019467633, 0.00147514289711, 0.00139122270048, 0.000547832809389, 0.00065172102768, 0.000630678259768, 0.000383481121389, 0.000309516646666, 0.000155987931066, 0.000148517661728, 0.000136793896672, 0.000154835142894, 0.000124926868011, 0.000132916262373, 0.000157577043865, 0.000107140083855, 2.93491539196e-05, 2.62737376033e-06, 0.000115891059977, 0.000570340256672], "dmean2": [0.0156027767807, 0.0205451026559, 0.00430705258623, 0.00180567486677, 0.00254974327981, 0.00180960167199, 0.0013374844566, 0.00175151973963, 0.00236448436044, 0.00228380504996, 0.000904400949366, 0.00106014730409, 0.00101813138463, 0.000615405791905, 0.000485034572193, 0.000243880756898, 0.000224461284233, 0.000199413974769, 0.000224510236876, 0.000170493483893, 0.000177647481905, 0.00020654121181, 0.000140241289046, 3.87141299143e-05, 4.32711112808e-06, 0.000148315026308, 0.000739834737033], "dvar": [0.000477597408462, 0.000516930653248, 2.75342354144e-05, 5.03176988786e-06, 7.68531026551e-06, 7.11029224476e-06, 4.69485348731e-06, 1.15863886094e-05, 1.6892396161e-05, 1.75442783075e-05, 2.17310457629e-06, 2.82725909528e-06, 2.5504457426e-06, 6.81265191815e-07, 1.13164787763e-06, 8.37931892761e-08, 6.49843840961e-08, 7.47271471369e-08, 2.00710459808e-07, 1.79143967216e-07, 6.45973727842e-08, 1.04646083798e-07, 5.43121139174e-08, 3.91313603743e-09, 2.07304434036e-11, 6.19199269636e-08, 6.8077395099e-07], "dvar2": [0.0010004255455, 0.00126814295072, 7.66539596952e-05, 1.32232216856e-05, 1.92841707758e-05, 1.76097182703e-05, 1.0967192793e-05, 2.49577678915e-05, 4.12316767324e-05, 4.45344558102e-05, 5.54150619791e-06, 6.95603694112e-06, 6.20447917754e-06, 1.67795428752e-06, 2.58352383753e-06, 2.01289111601e-07, 1.53459183139e-07, 1.62189337516e-07, 4.67669337922e-07, 2.65807273081e-07, 1.2133962457e-07, 1.91276285477e-07, 9.83673018595e-08, 7.03374647415e-09, 5.18033081709e-11, 1.07210837541e-07, 1.13613600661e-06], "max": [0.270180463791, 0.242998570204, 0.0685555040836, 0.0360092036426, 0.0643206685781, 0.0776696205139, 0.0475669838488, 0.119100920856, 0.11660142988, 0.100057058036, 0.0414099059999, 0.0475744754076, 0.0367604531348, 0.0176411587745, 0.0674163773656, 0.00896733347327, 0.00676152389497, 0.00723595172167, 0.0174689423293, 0.0376043953001, 0.00585128553212, 0.00382230989635, 0.00325435306877, 0.000700029253494, 7.3957911809e-05, 0.00297632301226, 0.015459401533], "mean": [0.012327786535, 0.01563013345, 0.00247224583291, 0.00116511911619, 0.00215372187085, 0.00158807868138, 0.00112365256064, 0.00151519698557, 0.00205351691693, 0.00188484543469, 0.000801158195827, 0.00100504036527, 0.000949761306401, 0.000609733513556, 0.000492897583172, 0.000277141458355, 0.000231330661336, 0.000201707851375, 0.000211452279473, 0.000182544928975, 0.000187882862519, 0.000197334898985, 0.00012794653594, 3.40654914908e-05, 2.55566737906e-06, 0.00013923359802, 0.00115896144416], "median": [0.00393858738244, 0.00643039401621, 0.000919637968764, 0.00050220428966, 0.00113050465006, 0.000627578818239, 0.000396708957851, 0.000317212485243, 0.000441233540187, 0.000386111467378, 0.000269667682005, 0.000307014182908, 0.000284343084786, 0.000231819503824, 0.000178920832695, 9.70563778537e-05, 8.32686710055e-05, 6.75935589243e-05, 6.35969627183e-05, 4.28306193498e-05, 3.34422256856e-05, 1.88122266991e-05, 8.62455453898e-06, 3.29478098138e-06, 9.21981779811e-07, 8.23809750727e-06, 0.000525731535163], "min": [3.59285815759e-23, 1.39636347719e-23, 8.32644263183e-24, 1.19534578355e-23, 2.84919992887e-23, 7.49504697768e-23, 4.47512334943e-23, 3.38803389453e-23, 7.34552375735e-23, 3.95333635238e-23, 7.58247548518e-23, 7.92838278796e-23, 1.70235097874e-22, 4.71598056982e-23, 1.11210732653e-22, 1.39500067265e-22, 1.88196589784e-22, 2.39438116422e-22, 3.56622659208e-22, 3.19381103852e-22, 4.38822748082e-22, 4.91123948419e-22, 7.3534841843e-22, 8.33442426336e-22, 1.15054482027e-21, 1.83876050355e-21, 2.54335197997e-21], "var": [0.000590564217418, 0.000611857278273, 2.19392677536e-05, 4.85450891574e-06, 1.05029039332e-05, 1.07687346826e-05, 7.11416760169e-06, 2.12698232644e-05, 2.84288944385e-05, 2.4041528377e-05, 3.28683086082e-06, 5.48783009435e-06, 4.65814991912e-06, 1.33996024942e-06, 1.7519884068e-06, 2.23491426254e-07, 1.35611173846e-07, 1.35437858262e-07, 2.83384935074e-07, 4.66713260039e-07, 1.30868443193e-07, 1.7374858885e-07, 8.71813483627e-08, 6.25599883008e-09, 2.10123290295e-11, 1.04005017931e-07, 2.51438268606e-06]}, "barkbands_crest": {"dmean": 3.06703424454, "dmean2": 4.9582157135, "dvar": 6.74341154099, "dvar2": 16.8219738007, "max": 24.2599411011, "mean": 10.7009267807, "median": 10.3504295349, "min": 2.59979867935, "var": 19.2254390717}, "barkbands_flatness_db": {"dmean": 0.0340208150446, "dmean2": 0.05031189695, "dvar": 0.00101135065779, "dvar2": 0.00207377504557, "max": 0.465161472559, "mean": 0.15200856328, "median": 0.146050721407, "min": 0.0274105686694, "var": 0.00447559263557}, "barkbands_kurtosis": {"dmean": 8.89967727661, "dmean2": 13.9350004196, "dvar": 304.38293457, "dvar2": 727.038635254, "max": 305.91696167, "mean": 12.8310308456, "median": 4.33891201019, "min": -1.80793309212, "var": 568.733947754}, "barkbands_skewness": {"dmean": 0.948350846767, "dmean2": 1.41781961918, "dvar": 1.0163012743, "dvar2": 2.21845316887, "max": 14.5291595459, "mean": 2.39750051498, "median": 1.88873374462, "min": -2.06451916695, "var": 3.71897554398}, "barkbands_spread": {"dmean": 11.0091362, "dmean2": 15.8839893341, "dvar": 189.133255005, "dvar2": 305.093139648, "max": 124.923034668, "mean": 31.2843132019, "median": 23.4890670776, "min": 0.450189113617, "var": 666.094299316}, "dissonance": {"dmean": 0.0233331508934, "dmean2": 0.0389349609613, "dvar": 0.000643642735668, "dvar2": 0.00169431965332, "max": 0.500000059605, "mean": 0.463876992464, "median": 0.474577099085, "min": 0.219976320863, "var": 0.00121202575974}, "dynamic_complexity": 3.85196280479, "erbbands": {"dmean": [0.729084789753, 1.7860981226, 3.03447318077, 2.94609451294, 4.42969322205, 5.56772089005, 5.50283527374, 11.1037864685, 11.642118454, 15.9904279709, 24.6906032562, 31.1069164276, 48.7771644592, 29.5446281433, 20.5103664398, 27.9479789734, 27.6630573273, 19.8495559692, 18.2808532715, 10.2331094742, 8.19939517975, 7.13281917572, 7.38259267807, 7.78064775467, 7.55153512955, 5.93124389648, 5.26558542252, 5.45286560059, 5.57789564133, 4.81532144547, 2.8058359623, 1.11898386478, 0.258434981108, 0.0390493161976, 0.0198257528245, 0.0672782883048, 0.249735310674, 0.259714335203, 0.0693658739328, 0.00932022742927], "dmean2": [1.13627743721, 3.05524802208, 5.30229473114, 5.01432752609, 7.32203674316, 9.24098873138, 8.91012954712, 17.765504837, 18.7383537292, 25.3712711334, 39.2088890076, 49.4059257507, 79.3352508545, 48.3163604736, 33.6041870117, 45.3223724365, 44.4050979614, 31.5942440033, 28.7024345398, 15.8049182892, 12.4841175079, 10.5954332352, 10.6522388458, 11.2111120224, 10.8088674545, 8.07103347778, 7.20922708511, 7.30519723892, 7.34321689606, 6.34913492203, 3.68649148941, 1.46230101585, 0.34374460578, 0.0598018243909, 0.0318256467581, 0.0896282270551, 0.31936609745, 0.327396392822, 0.0865513756871, 0.0121858334169], "dvar": [1.69947648048, 13.8666028976, 43.3048286438, 34.1685295105, 67.9795761108, 119.564826965, 209.780441284, 706.090454102, 1073.44946289, 2070.9765625, 5524.36425781, 8210.10449219, 22018.1679688, 7193.17089844, 2176.66308594, 5608.97949219, 5203.77490234, 1574.99926758, 3973.89379883, 489.825500488, 240.97845459, 164.550430298, 207.328063965, 383.722900391, 533.878601074, 452.024169922, 118.059585571, 116.001304626, 128.864318848, 109.455955505, 37.5774536133, 5.92055702209, 0.266737550497, 0.00344552658498, 0.00105196319055, 0.0187401231378, 0.293145179749, 0.292482167482, 0.0150043722242, 0.000157004513312], "dvar2": [3.85666418076, 37.617275238, 119.629623413, 90.9768676758, 166.134613037, 305.57598877, 501.059509277, 1746.08984375, 2521.46484375, 4548.36914062, 13497.3144531, 19372.9941406, 55442.8242188, 18082.1816406, 5549.97802734, 13658.2431641, 13068.90625, 3749.49145508, 9326.77734375, 996.073181152, 549.385681152, 384.422943115, 458.598632812, 828.654724121, 1220.35693359, 688.633056641, 231.332229614, 223.522857666, 236.405136108, 204.226196289, 68.0935745239, 10.5965452194, 0.471808344126, 0.00785636622459, 0.00259850313887, 0.0334985628724, 0.507952213287, 0.503118276596, 0.0249947272241, 0.000280520122033], "max": [14.691116333, 43.0823974609, 76.9815597534, 81.8853225708, 199.493545532, 273.574523926, 520.395507812, 758.178955078, 847.393371582, 1859.22937012, 2138.33276367, 3668.94165039, 3598.45263672, 2211.79736328, 1279.94824219, 2457.01220703, 1759.86193848, 860.564453125, 4149.80810547, 1480.00732422, 615.675109863, 302.653411865, 366.744171143, 925.497924805, 1246.27868652, 1839.37854004, 407.745147705, 185.689300537, 124.111061096, 194.86026001, 96.3742904663, 27.5018920898, 6.02477359772, 0.818603515625, 0.52821290493, 2.52517676353, 7.17584466934, 8.72430610657, 2.06052660942, 0.350260585546], "mean": [0.885413885117, 1.92180681229, 3.0676817894, 3.46984124184, 5.73641681671, 7.43933963776, 7.29935455322, 15.5839195251, 16.3388652802, 22.5276947021, 34.7020568848, 44.9323577881, 66.7743225098, 43.5932846069, 33.7975311279, 45.04737854, 44.269859314, 34.2440567017, 31.2011451721, 19.0891609192, 14.5458526611, 11.6904592514, 11.2278461456, 11.0194320679, 10.3488483429, 8.7387304306, 7.59890699387, 7.40889644623, 7.08503007889, 5.73962020874, 3.32908582687, 1.30446565151, 0.303420841694, 0.0431642457843, 0.0208196584135, 0.0792704671621, 0.298710435629, 0.328268021345, 0.107655629516, 0.0258182138205], "median": [0.316330522299, 0.826135933399, 1.16637885571, 1.67348301411, 2.74948263168, 3.62176465988, 3.34249997139, 5.53874969482, 5.69547271729, 7.00847148895, 8.26741504669, 10.7317199707, 11.5945720673, 12.8024244308, 12.1344308853, 14.2818756104, 13.9369602203, 14.1334571838, 11.424413681, 8.34522438049, 5.64111995697, 4.49216985703, 4.02076482773, 3.47583270073, 2.83503937721, 2.06235694885, 1.6320950985, 1.05453622341, 0.713983058929, 0.432566642761, 0.221470072865, 0.100375406444, 0.0403647571802, 0.0152262616903, 0.00843333173543, 0.0106317140162, 0.0164164621383, 0.0235702935606, 0.0218072272837, 0.0146094355732], "min": [6.95232430641e-22, 2.17055868195e-21, 5.94785390757e-21, 2.93891907891e-20, 5.1670631832e-20, 8.2785676808e-20, 1.72360490192e-19, 6.84162945799e-19, 7.64576533567e-19, 1.08035557584e-18, 6.31689140979e-19, 1.90758333769e-18, 5.94498325157e-19, 3.24500989751e-18, 3.094788108e-18, 3.65533221998e-18, 7.39425104085e-18, 3.31046573335e-18, 4.00915665905e-18, 6.78968582424e-18, 9.43165313785e-18, 9.75544058093e-18, 1.21131245296e-17, 1.01942780939e-17, 2.26680790131e-17, 1.55272752848e-17, 1.72718868778e-17, 1.6830723333e-17, 1.67955466502e-17, 2.13151572925e-17, 2.01633579203e-17, 1.50704201237e-17, 1.42134974051e-17, 9.78406847475e-18, 9.52299952008e-18, 7.53763121951e-18, 3.4761305713e-18, 1.29283645832e-18, 3.62167356877e-19, 3.53474276713e-20], "var": [2.21049451828, 11.4599971771, 33.7151298523, 32.2605743408, 95.6530075073, 154.96446228, 253.319244385, 1148.98059082, 1739.34338379, 3432.18188477, 9238.0625, 14626.5947266, 32373.8691406, 10433.9853516, 4261.73583984, 11081.8457031, 9521.95996094, 3543.37109375, 6480.64892578, 1249.17956543, 642.908447266, 367.321899414, 385.443084717, 609.573425293, 837.574523926, 1190.66210938, 254.33001709, 210.264099121, 216.701919556, 171.103637695, 59.885269165, 9.49909210205, 0.441124558449, 0.00451258616522, 0.00113865325693, 0.0302795730531, 0.489011377096, 0.510919868946, 0.0330915600061, 0.00108911190182]}, "erbbands_crest": {"dmean": 2.7079269886, "dmean2": 4.41053724289, "dvar": 7.29363775253, "dvar2": 18.1646747589, "max": 32.405380249, "mean": 8.06537246704, "median": 6.86002397537, "min": 2.26264214516, "var": 18.876663208}, "erbbands_flatness_db": {"dmean": 0.0268204659224, "dmean2": 0.0377447158098, "dvar": 0.0006012666272, "dvar2": 0.00117506890092, "max": 0.365358620882, "mean": 0.13901668787, "median": 0.132954075933, "min": 0.0424937717617, "var": 0.00277760461904}, "erbbands_kurtosis": {"dmean": 1.32700502872, "dmean2": 2.10122489929, "dvar": 3.89430117607, "dvar2": 8.98051834106, "max": 62.5086288452, "mean": 1.1139383316, "median": 0.415183782578, "min": -1.62692010403, "var": 8.08417224884}, "erbbands_skewness": {"dmean": 0.454799771309, "dmean2": 0.681752502918, "dvar": 0.177412196994, "dvar2": 0.389425069094, "max": 4.71024370193, "mean": 0.144191920757, "median": 0.157308772206, "min": -3.79701185226, "var": 0.597731649876}, "erbbands_spread": {"dmean": 9.38816833496, "dmean2": 13.8302383423, "dvar": 102.038894653, "dvar2": 220.080245972, "max": 109.035453796, "mean": 30.8820114136, "median": 26.673078537, "min": 1.28743541241, "var": 307.278137207}, "gfcc": {"cov": [[18593.6425781, 312.089782715, -598.086425781, 100.381721497, 18.530008316, -611.07220459, 416.67678833, -496.336639404, 150.464996338, -199.853927612, -143.197647095, 160.738327026, -303.843994141], [312.089782715, 2120.3894043, 47.4679641724, -561.40045166, 279.220367432, 25.5936260223, -6.67237234116, 36.2058639526, -39.2892227173, 7.04766368866, 153.899261475, -257.224700928, 249.901763916], [-598.086425781, 47.4679641724, 575.224304199, 254.246994019, -104.523651123, 138.077606201, -91.6954421997, 81.3045043945, -46.7837600708, 1.54836249352, -15.5711860657, 38.8284301758, -8.24858188629], [100.381721497, -561.40045166, 254.246994019, 532.460083008, 51.9937782288, -26.5279521942, 24.0726013184, 1.53544557095, -1.31884717941, -21.827293396, -51.3915748596, 101.185462952, -75.6000900269], [18.530008316, 279.220367432, -104.523651123, 51.9937782288, 311.40637207, -38.8533401489, 56.2435302734, -27.9964370728, 9.11004543304, -28.8077716827, 32.2568588257, -41.6647491455, 68.4733505249], [-611.07220459, 25.5936260223, 138.077606201, -26.5279521942, -38.8533401489, 250.55871582, -35.3541946411, 76.2710189819, -43.7963905334, 27.8830070496, 6.078748703, -3.24670934677, 13.0809106827], [416.67678833, -6.67237234116, -91.6954421997, 24.0726013184, 56.2435302734, -35.3541946411, 185.837234497, -21.1984996796, 47.9385032654, -21.6470394135, -13.2948255539, 28.275428772, -26.0682487488], [-496.336639404, 36.2058639526, 81.3045043945, 1.53544557095, -27.9964370728, 76.2710189819, -21.1984996796, 156.720794678, 2.36215567589, 26.2091960907, 14.482626915, -24.8316879272, 33.8546333313], [150.464996338, -39.2892227173, -46.7837600708, -1.31884717941, 9.11004543304, -43.7963905334, 47.9385032654, 2.36215567589, 96.8986434937, 23.6329441071, -1.69639372826, 18.0230026245, -22.7358474731], [-199.853927612, 7.04766368866, 1.54836249352, -21.827293396, -28.8077716827, 27.8830070496, -21.6470394135, 26.2091960907, 23.6329441071, 79.5769805908, 35.2806472778, -3.95105671883, -1.50717711449], [-143.197647095, 153.899261475, -15.5711860657, -51.3915748596, 32.2568588257, 6.078748703, -13.2948255539, 14.482626915, -1.69639372826, 35.2806472778, 68.7435455322, -2.42804098129, 35.5746154785], [160.738327026, -257.224700928, 38.8284301758, 101.185462952, -41.6647491455, -3.24670934677, 28.275428772, -24.8316879272, 18.0230026245, -3.95105671883, -2.42804098129, 102.371315002, -20.2180747986], [-303.843994141, 249.901763916, -8.24858188629, -75.6000900269, 68.4733505249, 13.0809106827, -26.0682487488, 33.8546333313, -22.7358474731, -1.50717711449, 35.5746154785, -20.2180747986, 119.889694214]], "icov": [[7.58851674618e-05, -0.000176259913133, 0.000242880312726, -0.00022337482369, 0.00017662125174, 2.99651219393e-05, 3.42941348208e-05, 4.99063535244e-05, -9.43104168982e-06, 0.000101397665276, 0.000173692038516, -0.000304481276544, 0.000221396287088], [-0.000176259913133, 0.00280840275809, -0.00352853746153, 0.00367274554446, -0.00249002873898, 0.000984674552456, -0.0018668146804, 0.000813610502519, 8.39289787109e-05, -0.000205353091587, -0.00288906227797, 0.00429521268234, -0.00195344467647], [0.000242880312726, -0.00352853746153, 0.00846471823752, -0.00803482625633, 0.00614163000137, -0.00382777163759, 0.00331175653264, -0.000382273021387, -0.00204490195028, 0.0034452714026, 0.000417925213696, -0.00257917842828, 0.000320848921547], [-0.00022337482369, 0.00367274554446, -0.00803482625633, 0.0123634189367, -0.00972532760352, 0.00520816631615, -0.00207733130082, -0.00290219392627, 0.00556830968708, -0.00602267868817, 0.00438290089369, -0.00395642127842, 0.00338822510093], [0.00017662125174, -0.00249002873898, 0.00614163000137, -0.00972532760352, 0.0130359074101, -0.00457557570189, -0.000330694951117, 0.00441386317834, -0.00657990667969, 0.00826541613787, -0.00769639993086, 0.00718458322808, -0.00598504627123], [2.99651219393e-05, 0.000984674552456, -0.00382777163759, 0.00520816631615, -0.00457557570189, 0.00854143127799, -0.00111956032924, -0.00405123829842, 0.00658115092665, -0.00639441236854, 0.00484401686117, -0.00430473126471, 0.00263053108938], [3.42941348208e-05, -0.0018668146804, 0.00331175653264, -0.00207733130082, -0.000330694951117, -0.00111956032924, 0.00947368424386, -0.00167555559892, -0.00306766293943, 0.00262183556333, 0.00245527550578, -0.00575122563168, 0.00349295232445], [4.99063535244e-05, 0.000813610502519, -0.000382273021387, -0.00290219392627, 0.00441386317834, -0.00405123829842, -0.00167555559892, 0.012389655225, -0.00586857972667, 0.00254696141928, -0.00610878458247, 0.00972035527229, -0.00699665071443], [-9.43104168982e-06, 8.39289787109e-05, -0.00204490195028, 0.00556830968708, -0.00657990667969, 0.00658115092665, -0.00306766293943, -0.00586857972667, 0.0215931758285, -0.0135227320716, 0.010508925654, -0.0103865172714, 0.00625691842288], [0.000101397665276, -0.000205353091587, 0.0034452714026, -0.00602267868817, 0.00826541613787, -0.00639441236854, 0.00262183556333, 0.00254696141928, -0.0135227320716, 0.0300788059831, -0.0211417060345, 0.0098079117015, -0.00130683952011], [0.000173692038516, -0.00288906227797, 0.000417925213696, 0.00438290089369, -0.00769639993086, 0.00484401686117, 0.00245527550578, -0.00610878458247, 0.010508925654, -0.0211417060345, 0.0388754196465, -0.0184182748199, 0.00246648769826], [-0.000304481276544, 0.00429521268234, -0.00257917842828, -0.00395642127842, 0.00718458322808, -0.00430473126471, -0.00575122563168, 0.00972035527229, -0.0103865172714, 0.0098079117015, -0.0184182748199, 0.0322661735117, -0.0109659442678], [0.000221396287088, -0.00195344467647, 0.000320848921547, 0.00338822510093, -0.00598504627123, 0.00263053108938, 0.00349295232445, -0.00699665071443, 0.00625691842288, -0.00130683952011, 0.00246648769826, -0.0109659442678, 0.0195879936218]], "mean": [-13.3639259338, 88.8865966797, -84.5522994995, -4.10277605057, -14.7512674332, -9.3290271759, 8.73662757874, -16.069475174, 2.58778333664, -4.77290725708, -4.8566365242, 1.07600450516, -8.61331653595]}, "hfc": {"dmean": 36.4654541016, "dmean2": 51.0045204163, "dvar": 1991.4675293, "dvar2": 3959.04125977, "max": 805.462402344, "mean": 117.937988281, "median": 81.6753921509, "min": 1.20272444877e-16, "var": 13152.5898438}, "melbands": {"dmean": [0.00517429364845, 0.00176820589695, 0.000543768692296, 0.000356048141839, 0.000201430506422, 0.000242007721681, 0.00017501367256, 0.000190854814718, 0.000202872790396, 0.000212056067539, 0.000247253774432, 0.000127083243569, 6.99813754181e-05, 6.63485188852e-05, 8.03188086138e-05, 5.38379790669e-05, 3.91754911107e-05, 3.13282944262e-05, 1.97662975552e-05, 1.25555070554e-05, 1.02862004496e-05, 7.80275058787e-06, 7.48008096707e-06, 6.66600681143e-06, 6.52307289783e-06, 6.14017471889e-06, 4.88880914418e-06, 3.87673799196e-06, 3.25677751789e-06, 3.27698785441e-06, 3.25822111336e-06, 3.21808715853e-06, 3.240837259e-06, 2.47070488513e-06, 1.7732223796e-06, 1.08628853468e-06, 5.2491856195e-07, 2.06778366874e-07, 5.93303113305e-08, 2.37962609617e-08], "dmean2": [0.00783440191299, 0.00305539695546, 0.000911370443646, 0.000585755158681, 0.000328315451043, 0.000385569699574, 0.000283407687675, 0.000297577586025, 0.00032462485251, 0.000338426907547, 0.000402750825742, 0.000208095269045, 0.000114886577649, 0.000107863023004, 0.000129874169943, 8.66599511937e-05, 6.31860457361e-05, 4.95355379826e-05, 3.08658491122e-05, 1.98810175789e-05, 1.58957773237e-05, 1.17554081953e-05, 1.11730960271e-05, 9.91147589957e-06, 9.59775843512e-06, 9.04592889128e-06, 6.82301879351e-06, 5.42332190889e-06, 4.61605168312e-06, 4.50566449217e-06, 4.46499871032e-06, 4.36288792116e-06, 4.39269888375e-06, 3.32722220264e-06, 2.38394704866e-06, 1.42987880736e-06, 7.04628007497e-07, 2.79589158936e-07, 8.72712959676e-08, 3.92914429881e-08], "dvar": [8.19512133603e-05, 1.43114566526e-05, 1.14405111162e-06, 3.51108212726e-07, 2.65983373993e-07, 3.28023929796e-07, 2.16121947005e-07, 3.28218277446e-07, 3.78367644771e-07, 3.89634635667e-07, 5.64650861179e-07, 1.38034977226e-07, 3.12103694e-08, 2.64048605203e-08, 4.36002878246e-08, 2.29467129742e-08, 6.47307274448e-09, 1.01540802433e-08, 2.89920665253e-09, 5.51099166302e-10, 3.87160442594e-10, 1.87993703937e-10, 2.004102162e-10, 2.10035697168e-10, 2.85149653889e-10, 3.08838427054e-10, 2.67098704265e-10, 2.00118852045e-10, 5.07994479815e-11, 4.0824961467e-11, 4.52346250734e-11, 4.43044975706e-11, 5.08388019183e-11, 3.0602562151e-11, 1.57406535722e-11, 5.8962604764e-12, 1.33855968844e-12, 1.84176282623e-13, 1.0309057583e-14, 1.7475379198e-15], "dvar2": [0.000175139241037, 3.89183005609e-05, 2.96949497169e-06, 8.9160778316e-07, 6.41545227609e-07, 8.20711761662e-07, 5.14068119628e-07, 6.82853737999e-07, 9.51465608523e-07, 9.29569353048e-07, 1.42144608617e-06, 3.51730420789e-07, 8.01243658088e-08, 6.17974080797e-08, 1.1139269418e-07, 5.35261328594e-08, 1.60298192498e-08, 2.41319284555e-08, 6.46554942918e-09, 1.32960076282e-09, 8.95057084005e-10, 4.43751396739e-10, 4.83373285842e-10, 4.74473071943e-10, 6.31714791588e-10, 7.33085592231e-10, 4.53372700493e-10, 3.2688196594e-10, 1.06163980385e-10, 8.14366213353e-11, 8.9570226236e-11, 8.55586296256e-11, 9.9210938076e-11, 5.88260551382e-11, 2.98208749361e-11, 1.10311464824e-11, 2.48895023515e-12, 3.4218618607e-13, 2.08060904117e-14, 4.37389687457e-15], "max": [0.0974400416017, 0.0446702428162, 0.0142386276275, 0.0112770302221, 0.0141152450815, 0.0153088234365, 0.0108795147389, 0.0249220859259, 0.0145875550807, 0.0227890629321, 0.0183491688222, 0.0096526639536, 0.00572196440771, 0.00636099558324, 0.00488986680284, 0.00436788937077, 0.00195386726409, 0.00631157401949, 0.00234850053675, 0.00101962382905, 0.000767635239754, 0.000300730462186, 0.000428847619332, 0.000403488316806, 0.000835804326925, 0.000645516847726, 0.00137512374204, 0.00115203857422, 0.000294041383313, 0.000158848706633, 8.44791502459e-05, 8.97280770005e-05, 9.70932815108e-05, 0.000100380442746, 6.04632587056e-05, 3.51205017068e-05, 1.2303569747e-05, 5.19232935403e-06, 1.61966056567e-06, 6.75471312661e-07], "mean": [0.0067593138665, 0.0018924624892, 0.00067839428084, 0.000486723089125, 0.000275986181805, 0.000342714280123, 0.000246856245212, 0.000266396120423, 0.000279984582448, 0.000298274011584, 0.000332317897119, 0.00017760382616, 0.00010787705105, 0.000108574451588, 0.000120966389659, 8.24349626782e-05, 6.21208746452e-05, 5.10928439326e-05, 3.19292958011e-05, 2.21741229325e-05, 1.6298796254e-05, 1.22127239592e-05, 1.09391494334e-05, 9.52462414716e-06, 8.77031197888e-06, 8.05662330094e-06, 6.63814535073e-06, 5.57389194e-06, 4.57317946712e-06, 4.55483268524e-06, 4.23495430368e-06, 4.06082290283e-06, 3.79651919502e-06, 2.90922321255e-06, 2.06291201721e-06, 1.25733049572e-06, 6.00946066243e-07, 2.386027802e-07, 6.64950547957e-08, 2.28441177086e-08], "median": [0.00267641036771, 0.000810938712675, 0.00034184026299, 0.00025473817368, 0.000127261620946, 0.000124385565869, 8.69827708811e-05, 7.51420011511e-05, 6.70733425068e-05, 6.4969441155e-05, 5.58871033718e-05, 4.82018913317e-05, 3.74216433556e-05, 3.74690462195e-05, 3.44230866176e-05, 2.5585439289e-05, 2.35264578805e-05, 1.75188579306e-05, 1.22941073641e-05, 8.08971890365e-06, 5.74433533984e-06, 4.40526127932e-06, 3.94818198401e-06, 3.11635085382e-06, 2.70547525361e-06, 2.24334803534e-06, 1.56613077706e-06, 1.28988187953e-06, 1.02795297607e-06, 8.09778327948e-07, 5.39336951988e-07, 4.25425355388e-07, 3.01890224819e-07, 2.08261468515e-07, 1.32314795565e-07, 8.2715928329e-08, 4.91612830444e-08, 2.94614039831e-08, 1.62977134011e-08, 7.87259057944e-09], "min": [6.41132264564e-24, 3.46107357912e-24, 6.04562329606e-24, 4.15212835386e-24, 5.92720344127e-24, 1.57233183942e-23, 1.22655398871e-23, 1.12512974769e-23, 5.51588347668e-24, 1.18748959668e-23, 2.07628348026e-24, 1.21846642894e-23, 1.04665560034e-23, 9.61122646714e-24, 1.40946992782e-23, 1.43010968454e-23, 4.92488860801e-24, 5.69883254794e-24, 7.79688503932e-24, 1.03216091229e-23, 1.13417001478e-23, 9.96839191945e-24, 1.02717341811e-23, 1.25766019415e-23, 6.58200177438e-24, 1.75814881451e-23, 1.2521921259e-23, 1.00196552565e-23, 1.10331971582e-23, 1.03544825346e-23, 8.92558880023e-24, 8.16064221335e-24, 1.17693550552e-23, 1.317204993e-23, 1.25159961248e-23, 9.07884159715e-24, 9.45269540191e-24, 1.00609000601e-23, 1.0494030451e-23, 6.88539965068e-24], "var": [0.00011722301133, 1.14394024422e-05, 1.16715557397e-06, 4.81561301058e-07, 3.32362191102e-07, 5.30360352968e-07, 3.46648363347e-07, 5.73786337554e-07, 5.77446087391e-07, 6.78135734233e-07, 8.20860236672e-07, 1.91521138504e-07, 5.31915809177e-08, 5.78516470284e-08, 7.81816993367e-08, 4.16428278527e-08, 1.28214088235e-08, 1.72138161503e-08, 5.1144537494e-09, 1.40204525767e-09, 9.0354773663e-10, 3.94924287717e-10, 3.65045965678e-10, 3.35999950085e-10, 4.23782120507e-10, 4.35187691439e-10, 5.47338951939e-10, 5.23939946984e-10, 1.04565425763e-10, 7.8478376575e-11, 7.41524064374e-11, 7.09369715746e-11, 7.54685203219e-11, 4.5860811676e-11, 2.37650368135e-11, 9.07272434264e-12, 2.05309835973e-12, 2.88433990234e-13, 1.50927549267e-14, 1.75381941026e-15]}, "melbands_crest": {"dmean": 5.66956949234, "dmean2": 9.00496673584, "dvar": 23.1240139008, "dvar2": 50.5050544739, "max": 39.1520347595, "mean": 19.4890632629, "median": 18.6588401794, "min": 1.81781065464, "var": 70.7219619751}, "melbands_flatness_db": {"dmean": 0.0438348017633, "dmean2": 0.0644258782268, "dvar": 0.00157610501628, "dvar2": 0.00314890849404, "max": 0.585228085518, "mean": 0.255121707916, "median": 0.253998875618, "min": 0.00564685417339, "var": 0.00777751812711}, "melbands_kurtosis": {"dmean": 13.568810463, "dmean2": 21.737613678, "dvar": 815.197998047, "dvar2": 2001.63476562, "max": 608.87701416, "mean": 18.2753582001, "median": 7.22176170349, "min": -1.89046168327, "var": 1173.14282227}, "melbands_skewness": {"dmean": 1.18805098534, "dmean2": 1.82825267315, "dvar": 1.67885100842, "dvar2": 3.89429450035, "max": 19.5314445496, "mean": 2.93042778969, "median": 2.45907020569, "min": -2.25300931931, "var": 5.42271900177}, "melbands_spread": {"dmean": 8.08944988251, "dmean2": 12.5356321335, "dvar": 121.048431396, "dvar2": 269.283203125, "max": 171.92250061, "mean": 20.9413928986, "median": 16.4328804016, "min": 0.209113672376, "var": 417.572021484}, "mfcc": {"cov": [[10873.3896484, -268.603973389, -863.103942871, 669.434997559, -605.453552246, 354.824493408, -420.62121582, 324.713684082, -253.28453064, 215.787536621, -150.218582153, 155.538986206, -149.397949219], [-268.603973389, 2240.42919922, -140.982498169, -380.543487549, 189.574005127, -123.619277954, 252.717086792, -211.732025146, 148.930358887, -46.3723526001, 157.202774048, -94.3139953613, 80.2718963623], [-863.103942871, -140.982498169, 728.670471191, 12.9186811447, 68.8005752563, 13.4462366104, 6.81241369247, 52.2075424194, -17.283826828, -5.19795942307, 4.17279481888, 18.5702419281, -10.0614385605], [669.434997559, -380.543487549, 12.9186811447, 531.236755371, 27.8387241364, 81.6087265015, -51.3387489319, 95.8330764771, -24.5216178894, 12.0273761749, -59.9351348877, 27.0708694458, 0.433901071548], [-605.453552246, 189.574005127, 68.8005752563, 27.8387241364, 265.733612061, -8.98512649536, 91.4054260254, -44.2966690063, 46.112903595, -35.4798088074, 10.4117212296, -25.7049407959, 38.1335449219], [354.824493408, -123.619277954, 13.4462366104, 81.6087265015, -8.98512649536, 169.313064575, 0.515002131462, 59.4261665344, -29.9511966705, 11.3290376663, -26.0235424042, 16.0756759644, -11.5348510742], [-420.62121582, 252.717086792, 6.81241369247, -51.3387489319, 91.4054260254, 0.515002131462, 164.23600769, -8.79769134521, 51.9743423462, -24.3681182861, 33.0381240845, -26.9249725342, 22.2010383606], [324.713684082, -211.732025146, 52.2075424194, 95.8330764771, -44.2966690063, 59.4261665344, -8.79769134521, 141.212249756, 8.83094978333, 23.943113327, -32.9951820374, 19.9183959961, -14.8906116486], [-253.28453064, 148.930358887, -17.283826828, -24.5216178894, 46.112903595, -29.9511966705, 51.9743423462, 8.83094978333, 97.9829788208, 11.4596166611, 18.7423114777, -12.3910932541, 21.2576637268], [215.787536621, -46.3723526001, -5.19795942307, 12.0273761749, -35.4798088074, 11.3290376663, -24.3681182861, 23.943113327, 11.4596166611, 70.147819519, 24.238117218, 17.6965274811, -7.26549482346], [-150.218582153, 157.202774048, 4.17279481888, -59.9351348877, 10.4117212296, -26.0235424042, 33.0381240845, -32.9951820374, 18.7423114777, 24.238117218, 85.0312423706, 15.9650669098, 13.8071479797], [155.538986206, -94.3139953613, 18.5702419281, 27.0708694458, -25.7049407959, 16.0756759644, -26.9249725342, 19.9183959961, -12.3910932541, 17.6965274811, 15.9650669098, 59.9103546143, 13.7784776688], [-149.397949219, 80.2718963623, -10.0614385605, 0.433901071548, 38.1335449219, -11.5348510742, 22.2010383606, -14.8906116486, 21.2576637268, -7.26549482346, 13.8071479797, 13.7784776688, 55.6652297974]], "icov": [[0.000167560487171, -0.00012765415886, 0.000199089627131, -0.0001675033418, 0.000147562212078, -0.000112969042675, 0.000187041485333, -0.000285258080112, 0.000355769763701, -0.000331362942234, 0.000199250789592, -0.000285825080937, 0.000237895510509], [-0.00012765415886, 0.000844210619107, -7.90506965131e-05, 0.000362028484233, -0.000126400103909, -5.88643233641e-05, -0.000573954661377, 0.00078581616981, -0.000836680934299, 0.000521312991623, -0.00105740712024, 0.00107477535494, -0.000679793360177], [0.000199089627131, -7.90506965131e-05, 0.00181263918057, 8.4155217337e-06, -0.000685549748596, 0.000101606165117, 0.000374028808437, -0.00145158858504, 0.00105832261033, -4.10898428527e-05, -0.000393505615648, -0.000725007033907, 0.000796646287199], [-0.0001675033418, 0.000362028484233, 8.4155217337e-06, 0.00279117189348, -0.00121676945128, -0.000346463319147, 0.000471310224384, -0.00115126511082, 0.000139310956001, -3.46102242474e-05, 0.00054112484213, 1.31656397571e-05, -0.000921234954149], [0.000147562212078, -0.000126400103909, -0.000685549748596, -0.00121676945128, 0.00648564239964, -0.000822822446935, -0.00222985562868, 0.0025800447911, -0.00188471458387, 0.000945797655731, 0.000812993617728, 0.000934702286031, -0.00215993868187], [-0.000112969042675, -5.88643233641e-05, 0.000101606165117, -0.000346463319147, -0.000822822446935, 0.00850684009492, -0.00236437330022, -0.00259156827815, 0.00365741411224, -0.00224113138393, 0.00236666249111, -0.00185225775931, 0.000561169756111], [0.000187041485333, -0.000573954661377, 0.000374028808437, 0.000471310224384, -0.00222985562868, -0.00236437330022, 0.0126871345565, -0.0037755984813, -0.00297823804431, 0.00539983483031, -0.00670883757994, 0.00479715550318, -0.00132001354359], [-0.000285258080112, 0.00078581616981, -0.00145158858504, -0.00115126511082, 0.0025800447911, -0.00259156827815, -0.0037755984813, 0.0150777483359, -0.00574348540977, -0.00303220050409, 0.00607393495739, -0.00443897396326, 0.00247226608917], [0.000355769763701, -0.000836680934299, 0.00105832261033, 0.000139310956001, -0.00188471458387, 0.00365741411224, -0.00297823804431, -0.00574348540977, 0.0188637599349, -0.00673587294295, 0.000488245423185, 0.00303818425164, -0.0049040694721], [-0.000331362942234, 0.000521312991623, -4.10898428527e-05, -3.46102242474e-05, 0.000945797655731, -0.00224113138393, 0.00539983483031, -0.00303220050409, -0.00673587294295, 0.0248803272843, -0.0117178140208, -0.000168123471667, 0.00304250535555], [0.000199250789592, -0.00105740712024, -0.000393505615648, 0.00054112484213, 0.000812993617728, 0.00236666249111, -0.00670883757994, 0.00607393495739, 0.000488245423185, -0.0117178140208, 0.0251960363239, -0.0110016940162, 0.00097591947997], [-0.000285825080937, 0.00107477535494, -0.000725007033907, 1.31656397571e-05, 0.000934702286031, -0.00185225775931, 0.00479715550318, -0.00443897396326, 0.00303818425164, -0.000168123471667, -0.0110016940162, 0.0303688049316, -0.0125433104113], [0.000237895510509, -0.000679793360177, 0.000796646287199, -0.000921234954149, -0.00215993868187, 0.000561169756111, -0.00132001354359, 0.00247226608917, -0.0049040694721, 0.00304250535555, 0.00097591947997, -0.0125433104113, 0.0276508387178]], "mean": [-675.670837402, 155.153869629, -10.476020813, 26.2320461273, -6.33686161041, 22.939868927, 2.32391381264, 12.3536539078, 1.40712368488, 9.07220172882, 3.16132497787, 3.9766497612, -0.0205165892839]}, "pitch_salience": {"dmean": 0.100738249719, "dmean2": 0.157627090812, "dvar": 0.00749366218224, "dvar2": 0.0172138530761, "max": 0.875051856041, "mean": 0.500286996365, "median": 0.521300911903, "min": 0.0495978482068, "var": 0.0206893272698}, "silence_rate_20dB": {"dmean": 0, "dmean2": 0, "dvar": 0, "dvar2": 0, "max": 1, "mean": 1, "median": 1, "min": 1, "var": 0}, "silence_rate_30dB": {"dmean": 0.104041270912, "dmean2": 0.208104908466, "dvar": 0.093209721148, "dvar2": 0.174052849412, "max": 1, "mean": 0.871466934681, "median": 1, "min": 0, "var": 0.112015865743}, "silence_rate_60dB": {"dmean": 0.00322441966273, "dmean2": 0.00644953222945, "dvar": 0.00321345101111, "dvar2": 0.00834300369024, "max": 1, "mean": 0.0403009131551, "median": 0, "min": 0, "var": 0.0386774390936}, "spectral_centroid": {"dmean": 309.773468018, "dmean2": 423.173614502, "dvar": 154432.0625, "dvar2": 236714.421875, "max": 10390.9462891, "mean": 1256.75244141, "median": 1058.64135742, "min": 170.959518433, "var": 613457.9375}, "spectral_complexity": {"dmean": 4.97871875763, "dmean2": 6.93088245392, "dvar": 31.8601913452, "dvar2": 49.1638298035, "max": 60, "mean": 19.0679206848, "median": 18, "min": 0, "var": 129.343276978}, "spectral_contrast_coeffs": {"dmean": [0.0556314401329, 0.0500254072249, 0.0404817052186, 0.0311970375478, 0.0233446918428, 0.0441573224962], "dmean2": [0.0918175578117, 0.0826497077942, 0.0669374316931, 0.0504559800029, 0.0361846089363, 0.0625900477171], "dvar": [0.00194560748059, 0.00165748898871, 0.00110480806325, 0.000661719823256, 0.000376823445549, 0.00158213591203], "dvar2": [0.00526009034365, 0.00438691256568, 0.00291099608876, 0.00163461954799, 0.000886878580786, 0.00291121867485], "max": [-0.424965202808, -0.398984193802, -0.506214141846, -0.548725366592, -0.65071696043, -0.473111331463], "mean": [-0.728574156761, -0.774386167526, -0.794811785221, -0.800952970982, -0.827957689762, -0.730620861053], "median": [-0.733716845512, -0.782879710197, -0.804930508137, -0.806827485561, -0.823415577412, -0.728456377983], "min": [-0.951306343079, -0.9679646492, -0.965459167957, -0.96609389782, -0.965456843376, -0.962496459484], "var": [0.0053073191084, 0.00482223602012, 0.0039868298918, 0.00306368037127, 0.00151625473518, 0.00707637146115]}, "spectral_contrast_valleys": {"dmean": [0.44190210104, 0.388242095709, 0.343703120947, 0.352394074202, 0.465216726065, 0.653163015842], "dmean2": [0.697471618652, 0.622070431709, 0.536348104477, 0.501656293869, 0.572776794434, 0.950876891613], "dvar": [0.159313216805, 0.117472730577, 0.104199260473, 0.137832328677, 0.229089483619, 0.316114127636], "dvar2": [0.341090708971, 0.262563049793, 0.213500156999, 0.258739233017, 0.367196887732, 0.74933719635], "max": [-4.84954023361, -4.68295240402, -4.95033931732, -5.56351041794, -4.99420928955, -8.89722156525], "mean": [-6.89012908936, -6.69664812088, -7.00688266754, -7.5868024826, -7.84614467621, -11.0749378204], "median": [-6.67317295074, -6.48612165451, -6.82105970383, -7.33565187454, -7.63719177246, -10.91726017], "min": [-27.1113853455, -26.9975128174, -27.0754070282, -26.9902305603, -27.0091133118, -27.1756439209], "var": [2.31551742554, 1.91941249371, 1.86728787422, 1.74874567986, 1.88218533993, 1.46027398109]}, "spectral_decrease": {"dmean": 6.38653663287e-09, "dmean2": 9.18046083598e-09, "dvar": 9.49572572092e-17, "dvar2": 1.83089361157e-16, "max": 3.4368794477e-09, "mean": -1.10114140028e-08, "median": -6.42455466604e-09, "min": -9.39211446394e-08, "var": 1.71140743827e-16}, "spectral_energy": {"dmean": 0.0254139341414, "dmean2": 0.0359739214182, "dvar": 0.00139922834933, "dvar2": 0.00269190175459, "max": 0.362414330244, "mean": 0.0522568523884, "median": 0.0368701182306, "min": 1.0823134865e-20, "var": 0.00265259342268}, "spectral_energyband_high": {"dmean": 0.00102573260665, "dmean2": 0.00126849743538, "dvar": 3.15026204589e-06, "dvar2": 5.09244000568e-06, "max": 0.0299738235772, "mean": 0.0016030955594, "median": 0.00039246911183, "min": 7.98819626652e-21, "var": 7.02891929905e-06}, "spectral_energyband_low": {"dmean": 0.0195563677698, "dmean2": 0.0288949664682, "dvar": 0.00108433724381, "dvar2": 0.00218796730042, "max": 0.345728367567, "mean": 0.0279368273914, "median": 0.0123647460714, "min": 4.01239521291e-23, "var": 0.00171963742469}, "spectral_energyband_middle_high": {"dmean": 0.0026736992877, "dmean2": 0.00396454753354, "dvar": 2.42436817643e-05, "dvar2": 5.6675842643e-05, "max": 0.0887295007706, "mean": 0.00631653377786, "median": 0.00329497875646, "min": 1.59439265018e-21, "var": 7.49018581701e-05}, "spectral_energyband_middle_low": {"dmean": 0.00513033056632, "dmean2": 0.00795392505825, "dvar": 6.5788080974e-05, "dvar2": 0.000155460162205, "max": 0.127582937479, "mean": 0.010427643545, "median": 0.00610526371747, "min": 2.69006718364e-22, "var": 0.000157749396749}, "spectral_entropy": {"dmean": 0.231334656477, "dmean2": 0.313531786203, "dvar": 0.0572727285326, "dvar2": 0.101888149977, "max": 9.81471729279, "mean": 7.56204748154, "median": 7.60677194595, "min": 5.47471570969, "var": 0.237804561853}, "spectral_flux": {"dmean": 0.0422301776707, "dmean2": 0.0661370158195, "dvar": 0.0026455137413, "dvar2": 0.00608889712021, "max": 0.526228666306, "mean": 0.128368407488, "median": 0.114900670946, "min": 1.04034295068e-10, "var": 0.00557125126943}, "spectral_kurtosis": {"dmean": 6.07828044891, "dmean2": 8.81657600403, "dvar": 57.5552902222, "dvar2": 129.461013794, "max": 110.307350159, "mean": 18.256439209, "median": 15.2482089996, "min": -1.2020368576, "var": 133.070770264}, "spectral_rms": {"dmean": 0.00157964695245, "dmean2": 0.0021737893112, "dvar": 3.25096289089e-06, "dvar2": 5.48811203771e-06, "max": 0.018803589046, "mean": 0.00638293009251, "median": 0.00599757023156, "min": 3.24948553308e-12, "var": 1.02403910205e-05}, "spectral_rolloff": {"dmean": 3539.82519531, "dmean2": 6526.69189453, "dvar": 41536892, "dvar2": 95892576, "max": 22050, "mean": 7677.30712891, "median": 1464.2578125, "min": 21.533203125, "var": 82488928}, "spectral_skewness": {"dmean": 0.513709485531, "dmean2": 0.695877015591, "dvar": 0.323707193136, "dvar2": 0.644348621368, "max": 8.27931594849, "mean": 2.90060067177, "median": 2.76064562798, "min": 0.0722727105021, "var": 1.04339551926}, "spectral_spread": {"dmean": 666699.375, "dmean2": 935074.375, "dvar": 549064540160, "dvar2": 926312103936, "max": 41286680, "mean": 4385567.5, "median": 4144648.75, "min": 1300754.125, "var": 2029692780540.0}, "spectral_strongpeak": {"dmean": 1.2832942009, "dmean2": 2.38574409485, "dvar": 42.9666748047, "dvar2": 121.679161072, "max"