{"lowlevel": {"average_loudness": 0.95964050293, "barkbands": {"dmean": [0.00041770687676, 0.00568278832361, 0.00201774807647, 0.00137728743721, 0.00223594158888, 0.00123280833941, 0.000499315792695, 0.000387746171327, 0.00039009025204, 0.000438712420873, 0.000762600975577, 0.000502466806211, 0.000312194461003, 0.000462478987174, 0.000334148149705, 0.000470887229312, 0.000295983249089, 0.000201471018954, 0.000286269874778, 0.000258715037489, 0.00014621912851, 0.000107130872493, 9.60918550845e-05, 5.94937846472e-05, 4.28122402809e-05, 1.55196848937e-05, 2.13869429899e-06], "dmean2": [0.000598414742853, 0.00881309062243, 0.00341105810367, 0.00225135241635, 0.00354894669726, 0.0019578083884, 0.000781103328336, 0.000619495287538, 0.000605236331467, 0.000682025332935, 0.00123060750775, 0.000747558078729, 0.000494583335239, 0.000719849544112, 0.000527304655407, 0.000725631834939, 0.000457887217635, 0.00031282263808, 0.000443806697149, 0.000390499975765, 0.00022035992879, 0.000159556904691, 0.0001392528211, 8.18493863335e-05, 5.95524761593e-05, 2.12404975173e-05, 3.18977731695e-06], "dvar": [7.54811196657e-07, 0.000112899870146, 1.23416102724e-05, 9.10019934963e-06, 1.7443944671e-05, 2.94435494652e-06, 1.05670540052e-06, 7.77314824063e-07, 7.5780832276e-07, 9.97777647171e-07, 2.58315367319e-06, 1.22570565964e-06, 5.54636358174e-07, 1.1326413869e-06, 4.73790578326e-07, 8.10599090073e-07, 3.22429457356e-07, 1.72432521595e-07, 1.88956320812e-07, 1.89145765717e-07, 5.64161695138e-08, 4.01780582138e-08, 2.3146002448e-08, 1.73361129896e-08, 6.7295971462e-08, 3.93437371571e-09, 1.51961221384e-11], "dvar2": [1.52009715748e-06, 0.000241958492552, 3.3382078982e-05, 2.30477508012e-05, 4.07859297411e-05, 7.18915907783e-06, 2.33019500229e-06, 1.66472852925e-06, 1.69790769178e-06, 2.33068908528e-06, 6.55464327792e-06, 2.58510794993e-06, 1.39003168442e-06, 2.8043994007e-06, 1.15533794087e-06, 1.81123232323e-06, 6.54609209505e-07, 3.82966220513e-07, 4.08440655519e-07, 3.88596220091e-07, 1.33566885552e-07, 9.78543397423e-08, 4.96916463533e-08, 3.0640215698e-08, 1.43780866324e-07, 9.13864806051e-09, 3.31239619067e-11], "max": [0.00884126778692, 0.101884022355, 0.0436505079269, 0.0517517775297, 0.0617280937731, 0.0288329049945, 0.0445765070617, 0.0266710724682, 0.033997155726, 0.0210676752031, 0.0245512221009, 0.0195315983146, 0.0174610167742, 0.022986298427, 0.0152578186244, 0.0188452433795, 0.0207660403103, 0.0117337144911, 0.00824250094593, 0.0112970015034, 0.00864909030497, 0.00790862459689, 0.00494701135904, 0.00528790382668, 0.0162204094231, 0.00298059149645, 9.91309061646e-05], "mean": [0.000476773740957, 0.00785888545215, 0.00361299514771, 0.00194186286535, 0.00340522546321, 0.00222196173854, 0.00087587867165, 0.000609023380093, 0.000681801466271, 0.00076699978672, 0.00123397668358, 0.000898078666069, 0.000555873150006, 0.000826181960292, 0.000579639396165, 0.00085438718088, 0.000575478945393, 0.000381408899557, 0.0005949906772, 0.000570741482079, 0.000297879421851, 0.000208676385228, 0.000202505849302, 0.000127560866531, 8.16459432826e-05, 3.24901848217e-05, 3.86443252864e-06], "median": [4.6100376494e-05, 0.00424859672785, 0.00298458454199, 0.00125365913846, 0.00182859878987, 0.00123012741096, 0.000437062000856, 0.00026601360878, 0.000284046138404, 0.000233603190281, 0.000300684914691, 0.000251469027717, 0.000163858465385, 0.000271278287983, 0.000237289306824, 0.000326005654642, 0.000256863218965, 0.000182089861482, 0.000383777456591, 0.000331962306518, 0.000197910994757, 0.000128365951241, 0.000130394633743, 7.40545729059e-05, 3.33547541231e-05, 1.53215878527e-05, 1.25291410313e-06], "min": [1.1743985535e-25, 3.58630288124e-24, 1.05923193643e-24, 3.55536775014e-25, 6.82394028642e-24, 5.81937207198e-24, 8.67786281016e-24, 5.39672406479e-24, 2.13459702501e-23, 1.8775883509e-23, 1.70903228351e-23, 2.19336842463e-23, 4.01198090316e-23, 3.96588681384e-23, 4.31076354874e-23, 6.93144057078e-23, 8.08091314606e-23, 7.31284282777e-23, 1.43694447009e-22, 1.70510366154e-22, 2.8642767016e-22, 3.37017761774e-22, 3.91090125237e-22, 6.18237233398e-22, 7.88085170961e-22, 1.14262087025e-21, 1.81488434714e-21], "var": [1.14753754588e-06, 0.00014096054656, 1.37184779305e-05, 9.05674187379e-06, 2.54710812442e-05, 6.84607311996e-06, 2.02411933969e-06, 1.49822028561e-06, 2.06696154237e-06, 2.87465309157e-06, 5.35361959919e-06, 2.92506956612e-06, 1.43567888244e-06, 2.61700552073e-06, 8.99300118817e-07, 2.15449290408e-06, 1.04523780919e-06, 4.8943661568e-07, 4.8848340839e-07, 5.60379362469e-07, 1.14149159458e-07, 7.2428896658e-08, 5.20350340594e-08, 4.66742307026e-08, 1.17074336003e-07, 5.306314943e-09, 3.72003643168e-11]}, "barkbands_crest": {"dmean": 2.40610194206, "dmean2": 3.89825987816, "dvar": 6.08645820618, "dvar2": 14.4933137894, "max": 24.9390983582, "mean": 8.4792804718, "median": 7.59131908417, "min": 2.14276814461, "var": 13.3478879929}, "barkbands_flatness_db": {"dmean": 0.0179540161043, "dmean2": 0.0272221583873, "dvar": 0.000318365433486, "dvar2": 0.000704419682734, "max": 0.309925526381, "mean": 0.107093647122, "median": 0.10174549371, "min": 0.0212657954544, "var": 0.00145636859816}, "barkbands_kurtosis": {"dmean": 2.07417607307, "dmean2": 3.21581101418, "dvar": 16.092004776, "dvar2": 36.7575492859, "max": 76.8022766113, "mean": 2.36842250824, "median": 0.26374578476, "min": -1.88854634762, "var": 37.2390480042}, "barkbands_skewness": {"dmean": 0.501550078392, "dmean2": 0.743641018867, "dvar": 0.29385471344, "dvar2": 0.613550961018, "max": 7.80091190338, "mean": 1.24896454811, "median": 1.05817067623, "min": -2.6199259758, "var": 1.29135906696}, "barkbands_spread": {"dmean": 5.80527591705, "dmean2": 8.8389005661, "dvar": 35.0196762085, "dvar2": 76.9235687256, "max": 109.105293274, "mean": 29.3104476929, "median": 28.8580188751, "min": 1.72486448288, "var": 143.708969116}, "dissonance": {"dmean": 0.0149337733164, "dmean2": 0.0253001824021, "dvar": 0.000188551653991, "dvar2": 0.000516394735314, "max": 0.500000059605, "mean": 0.472460359335, "median": 0.476030260324, "min": 0.359144210815, "var": 0.000326002045767}, "dynamic_complexity": 2.18438887596, "erbbands": {"dmean": [0.212540030479, 1.21199262142, 2.25703239441, 3.45768141747, 7.43903779984, 6.38495969772, 8.40709018707, 10.9302434921, 8.36641311646, 7.67717313766, 6.96947097778, 9.16498565674, 11.6697025299, 15.6767463684, 33.1941413879, 17.6274662018, 14.4956941605, 23.0432682037, 15.0618429184, 21.2011089325, 20.9741325378, 13.3582801819, 10.1269321442, 16.1311454773, 11.9390478134, 11.8423757553, 6.5022854805, 5.83470392227, 3.93480086327, 3.09131479263, 2.93733549118, 1.53308916092, 0.885349869728, 0.573061406612, 0.274888336658, 0.0890680626035, 0.0273112654686, 0.00419339118525, 0.000400353164878, 1.767087997e-05], "dmean2": [0.328890860081, 1.94286310673, 3.8258125782, 5.52802276611, 11.8508081436, 10.4751014709, 13.3891134262, 17.4216995239, 12.9065608978, 12.6156835556, 10.7699775696, 14.0814933777, 18.1827106476, 24.4145679474, 52.783115387, 25.5640640259, 22.4177036285, 35.645690918, 22.9631118774, 33.2382316589, 31.3376369476, 20.2151870728, 15.6492843628, 25.152507782, 18.190366745, 17.8953437805, 9.83227825165, 8.85763072968, 5.89979171753, 4.48651361465, 4.30818510056, 2.17483949661, 1.22873365879, 0.785297691822, 0.38658067584, 0.125149950385, 0.037806019187, 0.0057008699514, 0.000606558052823, 2.4510496587e-05], "dvar": [0.190859571099, 5.14658498764, 15.8435916901, 43.6166267395, 344.625854492, 120.053016663, 132.126113892, 251.384963989, 233.517333984, 292.874298096, 250.909683228, 432.831329346, 748.3828125, 1794.65673828, 4902.32421875, 1310.0958252, 1137.40686035, 2901.078125, 811.188293457, 1736.19604492, 1733.88952637, 718.693725586, 326.517852783, 785.013916016, 352.691589355, 414.047363281, 94.5711212158, 123.570007324, 71.5384521484, 25.7994709015, 20.3453807831, 9.42226028442, 6.10228395462, 8.44649505615, 5.24590587616, 0.31310737133, 0.00569459749386, 6.41046717647e-05, 5.78381332161e-07, 5.19854326253e-10], "dvar2": [0.405058890581, 12.5225410461, 42.9713096619, 106.597663879, 808.16003418, 303.616394043, 317.371643066, 632.820739746, 506.432800293, 678.479736328, 514.562561035, 886.837219238, 1767.12939453, 4537.66015625, 12571.6162109, 2606.88598633, 2875.87573242, 7250.03173828, 1897.98596191, 4107.05761719, 3618.31079102, 1382.11523438, 723.54284668, 1706.04968262, 783.848205566, 920.606933594, 210.546630859, 316.067565918, 182.31413269, 56.9282836914, 44.2878074646, 20.2835273743, 11.7618427277, 15.7225818634, 11.7709655762, 0.698934555054, 0.0128296567127, 0.000122701443615, 1.32085267524e-06, 1.01878827596e-09], "max": [3.88430953026, 24.9613800049, 44.7914237976, 134.680038452, 255.422103882, 281.346954346, 186.571243286, 299.849761963, 412.72668457, 616.953186035, 708.794372559, 879.03112793, 740.746948242, 842.88684082, 1141.62927246, 779.623352051, 932.610412598, 1260.39868164, 594.03302002, 836.397155762, 1158.70422363, 763.875976562, 460.77432251, 682.329833984, 373.079833984, 483.821258545, 154.144271851, 503.464660645, 398.174346924, 145.898574829, 135.399887085, 157.620132446, 97.5834732056, 157.101882935, 164.132781982, 34.4699211121, 3.95839381218, 0.298016995192, 0.015963261947, 0.000618874270003], "mean": [0.249898642302, 1.66917335987, 3.88100194931, 6.10533237457, 9.46897697449, 10.1262769699, 14.2453784943, 18.8040313721, 15.8539772034, 12.4615945816, 11.9821605682, 17.0669269562, 21.6470241547, 28.0394287109, 58.3435935974, 36.2238922119, 27.8830509186, 42.0646057129, 30.9982376099, 39.542678833, 42.8472366333, 28.267621994, 21.524723053, 33.3029747009, 26.3420581818, 26.7397823334, 14.4913282394, 11.7159156799, 7.55218601227, 6.27219200134, 6.03182411194, 3.2432911396, 1.79748761654, 1.06717514992, 0.50454646349, 0.172196984291, 0.0572417415679, 0.00922775827348, 0.000698838732205, 5.1100148994e-05], "median": [0.096903719008, 1.04478883743, 3.00559425354, 4.41548490524, 4.48023509979, 5.06959056854, 8.88883590698, 10.1310682297, 7.05658149719, 6.69912958145, 5.65679359436, 7.36158323288, 7.27591657639, 8.33323669434, 17.4952201843, 13.0816431046, 11.2496509552, 16.1041679382, 14.5713186264, 19.0862197876, 18.3951683044, 13.7535066605, 11.9540519714, 19.2982234955, 16.8204669952, 15.8236732483, 9.28650856018, 7.72816610336, 4.59056425095, 4.03420782089, 3.811825037, 1.97960543633, 0.993333220482, 0.453912883997, 0.202732652426, 0.078287743032, 0.0265696961433, 0.00409291312099, 0.00020887820574, 4.30761901953e-05], "min": [1.21303078287e-22, 3.13408959794e-22, 2.42210539675e-21, 1.51096090331e-21, 9.55134144205e-21, 1.88486253449e-20, 2.9555376544e-20, 6.08467402375e-20, 1.26371535806e-19, 1.55347207374e-19, 1.90811994526e-19, 4.26940587773e-19, 5.81462630787e-19, 7.69006137446e-19, 7.1942276018e-19, 9.70695725048e-19, 1.98741205707e-18, 1.59146478947e-18, 2.85901681801e-18, 2.42999959331e-18, 4.52774596356e-18, 4.1005870001e-18, 4.31664823046e-18, 6.662799627e-18, 7.64536818557e-18, 7.38412635016e-18, 8.57869757741e-18, 1.1328839022e-17, 1.15391877431e-17, 1.23733762298e-17, 1.1518875496e-17, 1.0858793639e-17, 1.0073512206e-17, 7.97364225629e-18, 5.99944172117e-18, 3.71754323308e-18, 2.33223077401e-18, 9.90239004393e-19, 2.31641332294e-19, 2.77930520931e-20], "var": [0.222992941737, 5.49091625214, 16.4256267548, 54.6370658875, 354.356689453, 297.852020264, 266.918243408, 512.34777832, 596.499572754, 575.158447266, 496.936676025, 1301.68383789, 2801.20776367, 3784.17895508, 10559.0283203, 4291.55322266, 2853.11669922, 6051.32714844, 2319.54345703, 3559.33642578, 4944.54052734, 2351.44824219, 965.771789551, 2221.31347656, 1014.46960449, 1188.24121094, 259.970794678, 194.269485474, 102.21055603, 54.4165649414, 46.5000648499, 21.7238140106, 14.1428794861, 16.279378891, 6.85533666611, 0.376915484667, 0.00984928105026, 0.000177731766598, 1.2949859638e-06, 1.30834831857e-09]}, "erbbands_crest": {"dmean": 2.57999181747, "dmean2": 4.10185909271, "dvar": 5.92872524261, "dvar2": 14.4117975235, "max": 27.8330726624, "mean": 8.78880977631, "median": 7.87373781204, "min": 2.20935082436, "var": 17.2491340637}, "erbbands_flatness_db": {"dmean": 0.0156790819019, "dmean2": 0.022102015093, "dvar": 0.000210019963561, "dvar2": 0.000396695308154, "max": 0.326692789793, "mean": 0.134969368577, "median": 0.131106540561, "min": 0.0531520396471, "var": 0.00107480632141}, "erbbands_kurtosis": {"dmean": 0.623304367065, "dmean2": 0.960366129875, "dvar": 0.539161324501, "dvar2": 1.24432480335, "max": 14.9029445648, "mean": 0.017510170117, "median": -0.265144586563, "min": -1.87935304642, "var": 1.5608856678}, "erbbands_skewness": {"dmean": 0.292753577232, "dmean2": 0.444870203733, "dvar": 0.0706632435322, "dvar2": 0.159658968449, "max": 3.12900829315, "mean": -0.0372989065945, "median": -0.0201904643327, "min": -3.33145880699, "var": 0.36787673831}, "erbbands_spread": {"dmean": 8.22239780426, "dmean2": 12.1236600876, "dvar": 64.0872039795, "dvar2": 134.526031494, "max": 137.257064819, "mean": 42.2840576172, "median": 38.8022880554, "min": 7.35483026505, "var": 319.497650146}, "gfcc": {"cov": [[17765.109375, 646.426025391, -1459.18200684, 721.356384277, -690.501647949, 357.789764404, -465.47845459, 64.9234924316, -373.403625488, 94.0332717896, -219.877334595, 70.5558242798, -172.948913574], [646.426025391, 714.495483398, -82.7329177856, 104.587532043, 109.58506012, 0.734169125557, 42.9986610413, 13.43658638, 5.68986606598, -77.908782959, 19.5283260345, -67.7587585449, 3.93626308441], [-1459.18200684, -82.7329177856, 708.903564453, 79.6381607056, 75.0416564941, -33.9782066345, -9.94132137299, -17.9337787628, 50.6874465942, -12.5999422073, -21.2011871338, 9.90438652039, -6.42231369019], [721.356384277, 104.587532043, 79.6381607056, 285.29486084, 43.4148826599, -16.1941261292, -26.7156829834, 33.8682899475, 17.0553531647, -35.9277038574, -27.7879581451, -16.5089912415, -12.0222234726], [-690.501647949, 109.58506012, 75.0416564941, 43.4148826599, 233.245910645, 61.5692901611, 69.6048736572, 19.3806743622, 23.0020866394, -23.1063251495, 21.2885513306, -24.8942947388, 1.5747358799], [357.789764404, 0.734169125557, -33.9782066345, -16.1941261292, 61.5692901611, 200.240600586, 87.6156539917, -20.7646446228, -32.6074638367, 19.4976596832, -1.5211776495, -13.8116865158, -15.8355607986], [-465.47845459, 42.9986610413, -9.94132137299, -26.7156829834, 69.6048736572, 87.6156539917, 158.261322021, 25.3030796051, 2.51349639893, -4.71024417877, 12.2745819092, -25.249961853, -8.38594818115], [64.9234924316, 13.43658638, -17.9337787628, 33.8682899475, 19.3806743622, -20.7646446228, 25.3030796051, 128.511276245, 56.1141395569, -15.2326784134, -10.8606853485, 0.199968531728, 5.9908914566], [-373.403625488, 5.68986606598, 50.6874465942, 17.0553531647, 23.0020866394, -32.6074638367, 2.51349639893, 56.1141395569, 100.442649841, 24.529630661, 2.08149409294, 4.34938955307, 10.8505887985], [94.0332717896, -77.908782959, -12.5999422073, -35.9277038574, -23.1063251495, 19.4976596832, -4.71024417877, -15.2326784134, 24.529630661, 100.629928589, 41.5933151245, 18.150472641, -4.68644094467], [-219.877334595, 19.5283260345, -21.2011871338, -27.7879581451, 21.2885513306, -1.5211776495, 12.2745819092, -10.8606853485, 2.08149409294, 41.5933151245, 81.7371368408, 27.9604053497, 10.2057065964], [70.5558242798, -67.7587585449, 9.90438652039, -16.5089912415, -24.8942947388, -13.8116865158, -25.249961853, 0.199968531728, 4.34938955307, 18.150472641, 27.9604053497, 84.9909057617, 35.6751976013], [-172.948913574, 3.93626308441, -6.42231369019, -12.0222234726, 1.5747358799, -15.8355607986, -8.38594818115, 5.9908914566, 10.8505887985, -4.68644094467, 10.2057065964, 35.6751976013, 67.1953048706]], "icov": [[0.00022598542273, -0.000401360768592, 0.000342977844412, -0.000597598904278, 0.000511717866175, -0.00070158066228, 0.000764313386753, -0.000715299334843, 0.00101682159584, -0.000962860474829, 0.000892303010914, -0.000772371538915, 0.000556043174583], [-0.000401360768592, 0.00278354180045, -0.000247350981226, 0.000366609368939, -0.00111750664655, 0.00105118565261, -0.00137633364648, 0.00185559538659, -0.00284711807035, 0.00397198460996, -0.00380016537383, 0.0033324053511, -0.00167271913961], [0.000342977844412, -0.000247350981226, 0.00229743705131, -0.00138943514321, 3.29107351718e-05, -0.000580879976042, 0.000855847494677, 0.000184101663763, 0.000167510952451, -0.000965320272371, 0.0019370430382, -0.00189365679398, 0.00143777893391], [-0.000597598904278, 0.000366609368939, -0.00138943514321, 0.00605267938226, -0.00211374135688, 0.00163049378898, -0.000510888989083, 0.000522917369381, -0.00254325941205, 0.00287520023994, -0.00119969458319, 0.00169423944317, -0.000392152636778], [0.000511717866175, -0.00111750664655, 3.29107351718e-05, -0.00211374135688, 0.00826064497232, -0.00434729829431, 0.000860466680024, -0.00149958429392, -0.000573544180952, 0.00160069356207, -0.00270230253227, 0.000704930280335, 0.000270911841653], [-0.00070158066228, 0.00105118565261, -0.000580879976042, 0.00163049378898, -0.00434729829431, 0.011577906087, -0.00739699276164, 0.00315357721411, 0.00116874312516, -0.00249683740549, 0.0024048385676, 0.000254844169831, -0.000868458999321], [0.000764313386753, -0.00137633364648, 0.000855847494677, -0.000510888989083, 0.000860466680024, -0.00739699276164, 0.0137125132605, -0.00540711078793, 0.00263567268848, -0.000745588738937, -0.000882345135324, 0.000808832526673, 0.00169523037039], [-0.000715299334843, 0.00185559538659, 0.000184101663763, 0.000522917369381, -0.00149958429392, 0.00315357721411, -0.00540711078793, 0.0154162533581, -0.0116808004677, 0.00706010498106, -0.00228817970492, 0.000756098888814, -0.000784835661761], [0.00101682159584, -0.00284711807035, 0.000167510952451, -0.00254325941205, -0.000573544180952, 0.00116874312516, 0.00263567268848, -0.0116808004677, 0.0249953232706, -0.0153623595834, 0.0093058180064, -0.00360087188892, -0.000605133303907], [-0.000962860474829, 0.00397198460996, -0.000965320272371, 0.00287520023994, 0.00160069356207, -0.00249683740549, -0.000745588738937, 0.00706010498106, -0.0153623595834, 0.026701124385, -0.0171868670732, 0.00490009505302, 0.000714546011295], [0.000892303010914, -0.00380016537383, 0.0019370430382, -0.00119969458319, -0.00270230253227, 0.0024048385676, -0.000882345135324, -0.00228817970492, 0.0093058180064, -0.0171868670732, 0.028566500172, -0.0122038796544, 0.00265287235379], [-0.000772371538915, 0.0033324053511, -0.00189365679398, 0.00169423944317, 0.000704930280335, 0.000254844169831, 0.000808832526673, 0.000756098888814, -0.00360087188892, 0.00490009505302, -0.0122038796544, 0.024345472455, -0.0121326521039], [0.000556043174583, -0.00167271913961, 0.00143777893391, -0.000392152636778, 0.000270911841653, -0.000868458999321, 0.00169523037039, -0.000784835661761, -0.000605133303907, 0.000714546011295, 0.00265287235379, -0.0121326521039, 0.0227349884808]], "mean": [20.3082389832, 76.4775619507, -114.198417664, 45.1429786682, -50.7595329285, 16.8439369202, -35.0203170776, 7.73145532608, -24.507358551, 4.89849281311, -12.5843715668, 4.12787151337, -10.0685577393]}, "hfc": {"dmean": 6.42613077164, "dmean2": 8.56348991394, "dvar": 68.3966064453, "dvar2": 125.520828247, "max": 240.48197937, "mean": 25.1928653717, "median": 22.6894073486, "min": 1.04716466425e-16, "var": 310.113128662}, "melbands": {"dmean": [0.00168550130911, 0.00125429651234, 0.000712246110197, 0.000490304257255, 0.00029523021658, 0.000242026639171, 0.000119732176245, 8.59235660755e-05, 5.8901419834e-05, 5.76790844207e-05, 5.86294409004e-05, 6.14472155576e-05, 0.000102706937469, 7.18398296158e-05, 3.71592323063e-05, 2.97743754345e-05, 5.00259884575e-05, 2.72971665254e-05, 2.56803323282e-05, 3.78508557333e-05, 2.44253260462e-05, 1.57916565513e-05, 1.41658156281e-05, 8.41353812575e-06, 1.54179087986e-05, 8.55255075294e-06, 1.00794368336e-05, 8.71604061103e-06, 4.92644312544e-06, 3.77438323085e-06, 3.54871940544e-06, 2.38164670918e-06, 1.97874624064e-06, 1.76330286195e-06, 1.95641268874e-06, 1.2507680367e-06, 9.15769589938e-07, 6.58029648548e-07, 6.23339701633e-07, 4.8394622354e-07], "dmean2": [0.00259075593203, 0.00205198256299, 0.00112858391367, 0.000787137483712, 0.000470983766718, 0.000382606813218, 0.000185178170796, 0.000140153919347, 9.08492584131e-05, 8.86011985131e-05, 9.16879071156e-05, 9.53680355451e-05, 0.000163756747497, 0.00010684128938, 5.56442319066e-05, 4.69898004667e-05, 7.76583547122e-05, 4.19871394115e-05, 4.03326739615e-05, 5.88440998399e-05, 3.64483021258e-05, 2.38152642851e-05, 2.23206061492e-05, 1.31840215545e-05, 2.41956440732e-05, 1.32697732624e-05, 1.53255969053e-05, 1.33813100547e-05, 7.56262215873e-06, 5.76983438805e-06, 5.52464234715e-06, 3.66612835023e-06, 2.94226879305e-06, 2.62675780505e-06, 2.94198844131e-06, 1.84977557183e-06, 1.33350431497e-06, 9.48279364366e-07, 8.85821066277e-07, 6.82476979819e-07], "dvar": [1.06874831545e-05, 4.61691752207e-06, 1.94635413209e-06, 1.09208326649e-06, 1.62649428148e-07, 1.17914595421e-07, 4.94679071039e-08, 3.54988678453e-08, 1.78097625536e-08, 1.68699241243e-08, 1.93080804678e-08, 2.84344459089e-08, 4.52078481317e-08, 2.23719442971e-08, 6.07854877543e-09, 5.84903725454e-09, 1.43622393978e-08, 3.08196668186e-09, 3.30222094114e-09, 5.39554889656e-09, 2.6939295239e-09, 1.23360177628e-09, 7.34452831885e-10, 3.45692752202e-10, 7.44130757013e-10, 2.00528288419e-10, 3.84270865128e-10, 2.18144211028e-10, 5.93786617098e-11, 3.47174511361e-11, 5.08836479896e-11, 2.554203897e-11, 1.26629748354e-11, 8.51555805037e-12, 8.86009928619e-12, 6.0182922014e-12, 3.48095879378e-12, 2.62374648917e-12, 8.95196416995e-12, 7.1822413468e-12], "dvar2": [2.22218150157e-05, 1.19202713904e-05, 4.71602334073e-06, 2.60783099293e-06, 3.92066937138e-07, 2.89937730713e-07, 1.07945027139e-07, 8.18765073518e-08, 3.52951090576e-08, 3.54008804493e-08, 4.56050486264e-08, 7.05936997747e-08, 1.13812539837e-07, 4.94560410402e-08, 1.30773250007e-08, 1.5275475107e-08, 3.58673339917e-08, 7.14918391154e-09, 8.16377898616e-09, 1.22833148097e-08, 5.64885338505e-09, 2.3215769307e-09, 1.70265179733e-09, 7.76449404771e-10, 1.65120495055e-09, 4.77418049538e-10, 7.66643248884e-10, 5.08393660503e-10, 1.35505273668e-10, 8.06916269913e-11, 1.35122635303e-10, 6.6106155272e-11, 2.99696795159e-11, 1.9344758434e-11, 2.02850618247e-11, 1.4209880668e-11, 7.59060002353e-12, 5.09370930851e-12, 2.07026028265e-11, 1.31901174011e-11], "max": [0.0300638433546, 0.0228045918047, 0.0204439852387, 0.0161490570754, 0.00684869615361, 0.00651987595484, 0.00702645350248, 0.00724713876843, 0.00541439373046, 0.00573174003512, 0.00380929745734, 0.00335156428628, 0.00375975808129, 0.00269900565036, 0.00169870932586, 0.00185662310105, 0.00265091960318, 0.00123953144066, 0.00156166241504, 0.00125213130377, 0.00127410702407, 0.00117775565013, 0.00061087863287, 0.000540250563063, 0.000646473898087, 0.00025873593404, 0.000611727416981, 0.000310426636133, 0.000147703438415, 0.000163740332937, 0.000328876223648, 0.000229394674534, 0.000132614834001, 8.84854744072e-05, 8.21424255264e-05, 0.000129780717543, 7.9085046309e-05, 6.98432850186e-05, 0.000155057336087, 0.0001475597237], "mean": [0.00222550099716, 0.00214931694791, 0.00116510305088, 0.000706176797394, 0.000510836718604, 0.000432726257714, 0.000222985836444, 0.000135791444336, 0.000102432757558, 0.000102521931694, 0.000104592865682, 0.000103568148916, 0.000176711124368, 0.000128064959426, 7.06722566974e-05, 5.15267383889e-05, 8.58107450767e-05, 4.99304478581e-05, 4.34357170889e-05, 6.63331738906e-05, 4.64007134724e-05, 3.01792952087e-05, 2.52525387623e-05, 1.66795853147e-05, 2.94650562864e-05, 1.6396465071e-05, 1.99696296477e-05, 1.78923492058e-05, 9.77893523668e-06, 7.16768226994e-06, 6.64238359604e-06, 4.2765955186e-06, 3.58458123628e-06, 3.43290548699e-06, 3.78216805075e-06, 2.47522234531e-06, 1.80584402187e-06, 1.2730505432e-06, 1.07866924282e-06, 8.44217140639e-07], "median": [0.00106069678441, 0.00172559544444, 0.000899805745576, 0.000345336302416, 0.000315401586704, 0.000232300517382, 0.000102220175904, 6.96085844538e-05, 4.73530053569e-05, 4.25261496275e-05, 3.11791045533e-05, 2.38484426518e-05, 4.76542118122e-05, 3.95715724153e-05, 2.15869349631e-05, 1.64702305483e-05, 2.75405109278e-05, 1.99623973458e-05, 1.85076914931e-05, 2.62569137703e-05, 1.76349840331e-05, 1.22692335935e-05, 1.25771675812e-05, 8.23474056233e-06, 1.61633324751e-05, 9.99481289909e-06, 1.11028120955e-05, 9.71954978013e-06, 5.93140066485e-06, 4.55832469015e-06, 4.20855030825e-06, 2.5378499231e-06, 2.06949243875e-06, 2.22608287004e-06, 2.34932099374e-06, 1.52752102167e-06, 1.04499099507e-06, 7.10514086677e-07, 5.09376150148e-07, 3.28728532395e-07], "min": [1.60831156837e-24, 8.286266932e-25, 3.55687841878e-25, 5.29558874408e-25, 7.70874087721e-25, 1.11423210761e-24, 1.65445667728e-24, 1.5299442525e-24, 1.56224830379e-24, 2.82423524223e-24, 2.45894294488e-24, 2.93689266532e-24, 1.7700559599e-24, 2.56226341029e-24, 1.6802358628e-24, 3.61310916366e-24, 2.19105347286e-24, 3.26069561223e-24, 3.03602033503e-24, 2.72743313448e-24, 4.50433975969e-24, 3.85542199019e-24, 3.46850031011e-24, 4.11559265547e-24, 4.46128057604e-24, 4.5071078726e-24, 5.68467249469e-24, 3.52678450923e-24, 4.81698624124e-24, 5.75806653559e-24, 5.41902752917e-24, 6.31197153108e-24, 5.90847154464e-24, 6.59874731925e-24, 5.72802592346e-24, 5.78580959034e-24, 5.75286084248e-24, 6.40549730228e-24, 5.80082003564e-24, 6.10401083596e-24], "var": [1.3429151295e-05, 4.99889347338e-06, 2.13816974792e-06, 1.46224215314e-06, 3.44651823525e-07, 2.72350632713e-07, 1.18405530714e-07, 7.42967642964e-08, 3.72445541075e-08, 4.84754671959e-08, 7.17612707035e-08, 6.10320682881e-08, 1.0111165949e-07, 5.04722201811e-08, 2.07628687576e-08, 1.26362991182e-08, 2.94830506675e-08, 7.90633603032e-09, 5.45499156956e-09, 1.32385773455e-08, 7.46165085275e-09, 3.96098398525e-09, 1.68914071619e-09, 8.40516267697e-10, 1.91057170085e-09, 4.29144803027e-10, 9.49529566086e-10, 5.89470472434e-10, 1.45306516819e-10, 7.15418141395e-11, 7.05167660375e-11, 3.49611624373e-11, 2.2943027686e-11, 1.6379692741e-11, 1.84210546122e-11, 1.1638798432e-11, 7.47686114411e-12, 5.98787382525e-12, 1.24715047317e-11, 1.31441160039e-11]}, "melbands_crest": {"dmean": 3.10661244392, "dmean2": 4.96653795242, "dvar": 9.39254379272, "dvar2": 21.2651824951, "max": 33.5065841675, "mean": 12.8064041138, "median": 11.8168983459, "min": 1.5006262064, "var": 24.4113578796}, "melbands_flatness_db": {"dmean": 0.0243323948234, "dmean2": 0.0361170135438, "dvar": 0.000618841440883, "dvar2": 0.00128692970611, "max": 0.439926445484, "mean": 0.169697627425, "median": 0.163871601224, "min": 0.00376237439923, "var": 0.00317010446452}, "melbands_kurtosis": {"dmean": 6.44217586517, "dmean2": 9.90718841553, "dvar": 131.312484741, "dvar2": 305.810699463, "max": 228.337036133, "mean": 11.5885591507, "median": 5.5251750946, "min": -1.62541031837, "var": 297.79397583}, "melbands_skewness": {"dmean": 0.740705788136, "dmean2": 1.10381436348, "dvar": 0.656621813774, "dvar2": 1.3834682703, "max": 12.4516515732, "mean": 2.57730817795, "median": 2.24942326546, "min": -0.905355811119, "var": 2.49416780472}, "melbands_spread": {"dmean": 8.20794010162, "dmean2": 12.3846225739, "dvar": 86.3038787842, "dvar2": 178.356170654, "max": 222.445266724, "mean": 31.6639385223, "median": 28.9654655457, "min": 1.30408263206, "var": 430.239715576}, "mfcc": {"cov": [[5698.82373047, 200.654541016, -43.1270713806, 171.677505493, 3.35571336746, 179.339157104, 45.5310783386, 34.0750198364, -15.6834564209, 30.3145866394, -56.3158493042, -14.062456131, 21.124042511], [200.654541016, 657.476196289, -31.9848632812, 78.5289154053, 81.3316879272, 28.4244480133, 63.4024429321, 50.5558433533, -2.91932964325, 37.218120575, 9.69751930237, -13.3627271652, -10.2174091339], [-43.1270713806, -31.9848632812, 448.107452393, 113.149223328, 60.445476532, 16.2274227142, -48.2340888977, -15.3111352921, 11.7963676453, -36.041973114, 18.305606842, -3.84499168396, -43.7432098389], [171.677505493, 78.5289154053, 113.149223328, 283.181060791, 108.817588806, -44.9526634216, -30.2511672974, 39.2666168213, 17.4004516602, 3.151045084, -7.06072092056, 18.887178421, -3.40769410133], [3.35571336746, 81.3316879272, 60.445476532, 108.817588806, 178.398666382, 15.2264633179, 3.95290923119, 31.991891861, 16.9245624542, 7.6590089798, -0.819147586823, 2.10129737854, 1.4514272213], [179.339157104, 28.4244480133, 16.2274227142, -44.9526634216, 15.2264633179, 190.699462891, 89.3864059448, -4.36516618729, -4.76524066925, 9.72300624847, 7.7288813591, -6.36019706726, 9.68748378754], [45.5310783386, 63.4024429321, -48.2340888977, -30.2511672974, 3.95290923119, 89.3864059448, 147.23727417, 44.0166130066, -2.78206658363, 30.1638965607, 1.76455044746, -8.22191905975, 12.3963079453], [34.0750198364, 50.5558433533, -15.3111352921, 39.2666168213, 31.991891861, -4.36516618729, 44.0166130066, 112.782958984, 55.4424095154, 11.4466753006, -4.13662481308, -0.0183348208666, 3.49775648117], [-15.6834564209, -2.91932964325, 11.7963676453, 17.4004516602, 16.9245624542, -4.76524066925, -2.78206658363, 55.4424095154, 94.7724914551, 26.323677063, 4.27888822556, 3.35245513916, 0.840614557266], [30.3145866394, 37.218120575, -36.041973114, 3.151045084, 7.6590089798, 9.72300624847, 30.1638965607, 11.4466753006, 26.323677063, 86.6286849976, 31.7893848419, -3.60878276825, -3.24933099747], [-56.3158493042, 9.69751930237, 18.305606842, -7.06072092056, -0.819147586823, 7.7288813591, 1.76455044746, -4.13662481308, 4.27888822556, 31.7893848419, 76.6700592041, 22.9032020569, -8.96639347076], [-14.062456131, -13.3627271652, -3.84499168396, 18.887178421, 2.10129737854, -6.36019706726, -8.22191905975, -0.0183348208666, 3.35245513916, -3.60878276825, 22.9032020569, 70.1621704102, 33.4733467102], [21.124042511, -10.2174091339, -43.7432098389, -3.40769410133, 1.4514272213, 9.68748378754, 12.3963079453, 3.49775648117, 0.840614557266, -3.24933099747, -8.96639347076, 33.4733467102, 76.9654083252]], "icov": [[0.000197012690478, -4.092105155e-05, 4.67376376037e-05, -0.000203862175113, 0.000171867170138, -0.000349300622474, 0.000226975200349, -0.00016697254614, 0.000160524825333, -0.000182742645848, 0.000207032629987, 2.07983703149e-06, -1.64658995345e-05], [-4.092105155e-05, 0.0017936360091, 0.000221077745664, -0.000362863880582, -0.0006026365445, -4.14149944845e-05, -0.000451632717159, -0.000578076578677, 0.000635225675069, -0.000424057419877, -0.000286077032797, 0.000311678420985, 0.000280793814454], [4.67376376037e-05, 0.000221077745664, 0.00321884662844, -0.00149382685777, -0.000404146558139, -0.000939238583669, 0.000340532860719, 0.00109711405821, -0.00129924109206, 0.00222964258865, -0.00162161700428, 0.000608836591709, 0.00145555718336], [-0.000203862175113, -0.000362863880582, -0.00149382685777, 0.00629116594791, -0.00295220734552, 0.00150733173359, 0.000997565919533, -0.00207597855479, 0.00134360266384, -0.0018557558069, 0.00205338792875, -0.00262407399714, 0.000524376460817], [0.000171867170138, -0.0006026365445, -0.000404146558139, -0.00295220734552, 0.00825366377831, -0.00185261620209, 0.00111446063966, -0.00165428197943, 0.000196112319827, -0.000665237312205, 0.000138498784509, 0.000719984644093, -0.000841586093884], [-0.000349300622474, -4.14149944845e-05, -0.000939238583669, 0.00150733173359, -0.00185261620209, 0.00964490603656, -0.0073053650558, 0.00428908551112, -0.00266447337344, 0.00212386413477, -0.00154433888383, 0.00073617498856, -0.000955368217546], [0.000226975200349, -0.000451632717159, 0.000340532860719, 0.000997565919533, 0.00111446063966, -0.0073053650558, 0.0160835739225, -0.00976615399122, 0.00708904629573, -0.00634268997237, 0.00212017958984, 0.00015945728228, -0.00130024470855], [-0.00016697254614, -0.000578076578677, 0.00109711405821, -0.00207597855479, -0.00165428197943, 0.00428908551112, -0.00976615399122, 0.0202187523246, -0.0129883140326, 0.00581648293883, -0.00157942541409, 0.00101527560037, 0.000408023654018], [0.000160524825333, 0.000635225675069, -0.00129924109206, 0.00134360266384, 0.000196112319827, -0.00266447337344, 0.00708904629573, -0.0129883140326, 0.0205333121121, -0.00879890564829, 0.00293993228115, -0.00197194353677, -0.000254122249316], [-0.000182742645848, -0.000424057419877, 0.00222964258865, -0.0018557558069, -0.000665237312205, 0.00212386413477, -0.00634268997237, 0.00581648293883, -0.00879890564829, 0.020675195381, -0.0102736949921, 0.00519761070609, -0.000807051663287], [0.000207032629987, -0.000286077032797, -0.00162161700428, 0.00205338792875, 0.000138498784509, -0.00154433888383, 0.00212017958984, -0.00157942541409, 0.00293993228115, -0.0102736949921, 0.0219879690558, -0.011253260076, 0.00598646979779], [2.07983703149e-06, 0.000311678420985, 0.000608836591709, -0.00262407399714, 0.000719984644093, 0.00073617498856, 0.00015945728228, 0.00101527560037, -0.00197194353677, 0.00519761070609, -0.011253260076, 0.024753857404, -0.0117432326078], [-1.64658995345e-05, 0.000280793814454, 0.00145555718336, 0.000524376460817, -0.000841586093884, -0.000955368217546, -0.00130024470855, 0.000408023654018, -0.000254122249316, -0.000807051663287, 0.00598646979779, -0.0117432326078, 0.0199855454266]], "mean": [-615.126831055, 101.602500916, 0.467979967594, 31.763835907, 8.09776306152, 11.3548564911, 2.82302737236, 4.18452644348, -3.13165402412, 4.02099227905, -5.72132444382, 1.04818093777, 3.82386946678]}, "pitch_salience": {"dmean": 0.0688224062324, "dmean2": 0.110190555453, "dvar": 0.00377413397655, "dvar2": 0.00940409861505, "max": 0.914839744568, "mean": 0.534642517567, "median": 0.533071756363, "min": 0.138935506344, "var": 0.00948631577194}, "silence_rate_20dB": {"dmean": 0, "dmean2": 0, "dvar": 0, "dvar2": 0, "max": 1, "mean": 1, "median": 1, "min": 1, "var": 0}, "silence_rate_30dB": {"dmean": 0.000265181646682, "dmean2": 0.000530433608219, "dvar": 0.000265149195911, "dvar2": 0.000795520434622, "max": 1, "mean": 0.99986743927, "median": 1, "min": 0, "var": 0.000132542059873}, "silence_rate_60dB": {"dmean": 0.00954653974622, "dmean2": 0.0190956108272, "dvar": 0.00945580285043, "dvar2": 0.0221802610904, "max": 1, "mean": 0.0340713262558, "median": 0, "min": 0, "var": 0.0329093150795}, "spectral_centroid": {"dmean": 271.789428711, "dmean2": 412.246032715, "dvar": 83746.0234375, "dvar2": 175966.828125, "max": 11848.6494141, "mean": 1807.49279785, "median": 1721.5402832, "min": 257.382904053, "var": 1286705.5}, "spectral_complexity": {"dmean": 4.30283737183, "dmean2": 6.30844736099, "dvar": 20.7101860046, "dvar2": 39.5306549072, "max": 57, "mean": 21.3115463257, "median": 21, "min": 0, "var": 87.1148834229}, "spectral_contrast_coeffs": {"dmean": [0.0495389439166, 0.0496976524591, 0.0436492338777, 0.0361887030303, 0.0261703561991, 0.0169981773943], "dmean2": [0.0813108831644, 0.0803935080767, 0.0687245205045, 0.0564853176475, 0.0406901687384, 0.0268708374351], "dvar": [0.00176093366463, 0.00165152421687, 0.00130251306109, 0.000888765964191, 0.000480497576063, 0.00022153838654], "dvar2": [0.00456080166623, 0.0040984833613, 0.00310953008011, 0.00205724150874, 0.00107222772203, 0.000531389378011], "max": [-0.257474422455, -0.439143002033, -0.511884212494, -0.535390377045, -0.59545904398, -0.626861453056], "mean": [-0.667728602886, -0.721606552601, -0.729000091553, -0.743013322353, -0.763135492802, -0.75461268425], "median": [-0.673251390457, -0.72706925869, -0.730473935604, -0.744012534618, -0.765462994576, -0.751925945282], "min": [-0.97961628437, -0.978736519814, -0.977257907391, -0.97393143177, -0.969600081444, -0.963764190674], "var": [0.00576033769175, 0.00596973439679, 0.00508701754734, 0.00377363106236, 0.0024911579676, 0.00146435038187]}, "spectral_contrast_valleys": {"dmean": [0.451494276524, 0.412123709917, 0.376416891813, 0.326477766037, 0.297959119081, 0.278542309999], "dmean2": [0.693646013737, 0.643996477127, 0.571492254734, 0.49007126689, 0.430337429047, 0.351548373699], "dvar": [0.211228966713, 0.161752194166, 0.140811532736, 0.119729056954, 0.115434259176, 0.0977277904749], "dvar2": [0.3864544034, 0.318403244019, 0.2608525455, 0.202347174287, 0.190020859241, 0.136724501848], "max": [-5.13287687302, -4.85860061646, -5.44623374939, -5.93795537949, -5.43557548523, -7.47620296478], "mean": [-7.09522485733, -7.00210523605, -7.65834569931, -7.81393766403, -7.48043203354, -9.86222839355], "median": [-6.705722332, -6.74442148209, -7.39713525772, -7.54529237747, -7.21041631699, -9.59629154205], "min": [-28.2241210938, -28.2374324799, -27.8767471313, -27.7688484192, -27.6032104492, -27.3830661774], "var": [5.20711374283, 4.99044132233, 4.71265554428, 4.62188577652, 4.7183713913, 3.85998773575]}, "spectral_decrease": {"dmean": 2.71730171697e-09, "dmean2": 3.88799481499e-09, "dvar": 1.38263173214e-17, "dvar2": 2.56180019464e-17, "max": 2.04903249754e-28, "mean": -7.46954054165e-09, "median": -6.44044417797e-09, "min": -3.37653780491e-08, "var": 2.77930965282e-17}, "spectral_energy": {"dmean": 0.010646879673, "dmean2": 0.0151315154508, "dvar": 0.000204974916414, "dvar2": 0.000376257725293, "max": 0.12977848947, "mean": 0.0304768290371, "median": 0.0266618654132, "min": 1.00584104277e-20, "var": 0.000430873886216}, "spectral_energyband_high": {"dmean": 0.000485506898258, "dmean2": 0.000663244631141, "dvar": 5.9624073856e-07, "dvar2": 1.20274739857e-06, "max": 0.0215362720191, "mean": 0.00126174581237, "median": 0.000893413845915, "min": 6.89603351462e-21, "var": 1.74659373897e-06}, "spectral_energyband_low": {"dmean": 0.00719390297309, "dmean2": 0.0107703888789, "dvar": 0.000137210270623, "dvar2": 0.000274852005532, "max": 0.10822018981, "mean": 0.0130113279447, "median": 0.00968380831182, "min": 1.79258196193e-23, "var": 0.000214198531467}, "spectral_energyband_middle_high": {"dmean": 0.00204173265956, "dmean2": 0.00299107306637, "dvar": 7.10363701728e-06, "dvar2": 1.50090672832e-05, "max": 0.0441487245262, "mean": 0.00740562193096, "median": 0.00605937512591, "min": 1.21804283903e-21, "var": 3.87017171306e-05}, "spectral_energyband_middle_low": {"dmean": 0.00456432253122, "dmean2": 0.00695040216669, "dvar": 5.08450393681e-05, "dvar2": 0.000118116462545, "max": 0.0927715599537, "mean": 0.0100570041686, "median": 0.0078616021201, "min": 1.76009395617e-22, "var": 8.05435265647e-05}, "spectral_entropy": {"dmean": 0.133174091578, "dmean2": 0.188683956861, "dvar": 0.0173645000905, "dvar2": 0.0332317724824, "max": 9.81783008575, "mean": 7.73613214493, "median": 7.74892616272, "min": 6.16624355316, "var": 0.127778232098}, "spectral_flux": {"dmean": 0.0299573261291, "dmean2": 0.0457938164473, "dvar": 0.00105470162816, "dvar2": 0.00227881409228, "max": 0.29179751873, "mean": 0.0951992496848, "median": 0.0859689116478, "min": 6.43899933372e-11, "var": 0.0024769611191}, "spectral_kurtosis": {"dmean": 0.911951303482, "dmean2": 1.49363076687, "dvar": 0.862914562225, "dvar2": 2.25017666817, "max": 18.0941829681, "mean": 3.12653064728, "median": 2.87035751343, "min": -1.27255916595, "var": 2.49392580986}, "spectral_rms": {"dmean": 0.000911162758712, "dmean2": 0.00126363744494, "dvar": 1.13641863209e-06, "dvar2": 1.94085782823e-06, "max": 0.0112522514537, "mean": 0.00512398732826, "median": 0.00510015431792, "min": 3.13258403592e-12, "var": 3.47817331203e-06}, "spectral_rolloff": {"dmean": 519.305847168, "dmean2": 835.943054199, "dvar": 614155, "dvar2": 1193436.375, "max": 19530.6152344, "mean": 1898.41870117, "median": 1593.45703125, "min": 64.599609375, "var": 4706218}, "spectral_skewness": {"dmean": 0.147442504764, "dmean2": 0.234219402075, "dvar": 0.0196515098214, "dvar2": 0.0475984811783, "max": 3.40712666512, "mean": 1.26804423332, "median": 1.25489652157, "min": -0.0755093544722, "var": 0.0883784070611}, "spectral_spread": {"dmean": 460789.28125, "dmean2": 644561.875, "dvar": 415971901440, "dvar2": 604933455872, "max": 42949632, "mean": 5210053, "median": 4698162, "min": 2357712, "var": 15279003271200.0}, "spectral_strongpeak": {"dmean": 0.651237249374,