{"lowlevel": {"average_loudness": 0.65800100565, "barkbands": {"dmean": [8.15217936179e-06, 0.000459878821857, 0.000538816733751, 0.000680104712956, 0.00167578458786, 0.000663694168907, 0.00071966520045, 0.000899821287021, 0.000780132890213, 0.000562164816074, 0.000571744923946, 0.000503139919601, 0.000640113139525, 0.000523612136021, 0.000215265856241, 0.000111353685497, 0.000115047965664, 9.71838380792e-05, 8.41519213282e-05, 8.57443956193e-05, 6.29502610536e-05, 4.02513542213e-05, 8.20847999421e-05, 2.97277347272e-05, 2.3014657927e-05, 2.08962192119e-05, 6.25291750112e-06], "dmean2": [1.26915019791e-05, 0.000718396622688, 0.000876126752701, 0.00110694358591, 0.00260314298794, 0.000995752285235, 0.00106335023884, 0.00137176376302, 0.00124937051442, 0.000915299227927, 0.000938878045417, 0.000833877711557, 0.00107020768337, 0.000870168791153, 0.000344387954101, 0.000179412425496, 0.000186875666259, 0.000154622350237, 0.000137278955663, 0.000135132286232, 9.94054862531e-05, 5.89894079894e-05, 0.000120362296002, 4.26733386121e-05, 3.23110725731e-05, 2.92028671538e-05, 9.13914846024e-06], "dvar": [3.17533166427e-10, 6.14750661043e-07, 1.23379402339e-06, 1.34561753384e-06, 7.3083033385e-06, 1.78327957201e-06, 3.58253100785e-06, 3.83253654945e-06, 2.47991602009e-06, 1.62054573138e-06, 2.29583656619e-06, 1.30056719172e-06, 2.27992904911e-06, 1.39468534144e-06, 3.20168709322e-07, 5.85018433696e-08, 6.54712053461e-08, 4.57582913782e-08, 3.59600136335e-08, 3.17696020602e-08, 2.93741173607e-08, 1.12170841504e-08, 2.11067032296e-07, 1.21639320838e-08, 4.14640988211e-09, 2.84019008312e-09, 2.79804235337e-10], "dvar2": [7.18386738985e-10, 1.56757187142e-06, 3.3720148167e-06, 3.52659731107e-06, 1.72245927388e-05, 3.77095329895e-06, 7.02156967236e-06, 9.14626798476e-06, 6.27665031061e-06, 4.1980183596e-06, 6.31169677945e-06, 3.50013328898e-06, 6.30920430922e-06, 3.79788184546e-06, 8.30216947634e-07, 1.48996306848e-07, 1.73275708448e-07, 1.16498434011e-07, 9.70638680542e-08, 7.979002703e-08, 7.86551055398e-08, 2.38059012503e-08, 3.70361760815e-07, 2.54681307155e-08, 8.71122729507e-09, 6.53943610374e-09, 6.81434464411e-10], "max": [0.000330155773554, 0.00985329411924, 0.0166192986071, 0.0203064344823, 0.0472963824868, 0.0315256454051, 0.0404649525881, 0.0294394604862, 0.0213493593037, 0.0223441887647, 0.030101807788, 0.0188893731683, 0.0312163867056, 0.0188713427633, 0.0149541748688, 0.00420038262382, 0.0044266898185, 0.0052951304242, 0.00348302582279, 0.00480402633548, 0.00645877839997, 0.00447452487424, 0.0198411438614, 0.0045551918447, 0.00233555957675, 0.000982327153906, 0.000343461491866], "mean": [1.3979662981e-05, 0.00110214808956, 0.000974402530119, 0.00119231257122, 0.00349167408422, 0.00138830149081, 0.00132855598349, 0.00176057452336, 0.0012673153542, 0.000891256029718, 0.000882423657458, 0.000802675902378, 0.00109662290197, 0.00096815044526, 0.000362496124581, 0.000207948542084, 0.000225625248277, 0.000213617124246, 0.000186535122339, 0.000208242316148, 0.000143752942677, 9.82451383607e-05, 0.000146558173583, 5.45682778466e-05, 3.77116302843e-05, 3.02917524095e-05, 8.03721923148e-06], "median": [8.19048000267e-06, 0.000820679357275, 0.000501159520354, 0.000683457124978, 0.00210672593676, 0.000584910565522, 0.000401642697398, 0.000363407860277, 0.000291816220852, 0.000282104563667, 9.16190329008e-05, 0.000169941573404, 0.000146280610352, 0.000157929680427, 8.83453030838e-05, 4.82291143271e-05, 4.92128601763e-05, 4.66763704026e-05, 4.87654942845e-05, 4.01652505388e-05, 2.82952987618e-05, 3.04147779389e-05, 3.98254742322e-05, 1.79487706191e-05, 1.20100057757e-05, 6.77650223224e-06, 1.58643547366e-06], "min": [1.62560113144e-24, 4.49689449046e-24, 1.58130245009e-24, 1.22060487308e-24, 1.62077878528e-23, 6.89761437294e-24, 1.85817495734e-23, 2.23788984085e-23, 3.56442129968e-23, 2.06616271039e-23, 2.63311767406e-23, 1.62730440046e-23, 4.65092668196e-23, 2.73537392668e-23, 6.91803435302e-23, 8.04150291742e-23, 9.94798408783e-23, 1.07874179191e-22, 1.45112503372e-22, 2.64365237503e-22, 3.13813134257e-22, 3.73965431732e-22, 4.37924835045e-22, 7.23072632029e-22, 9.31202613549e-22, 1.47065574036e-21, 2.03013205022e-21], "var": [4.33481250894e-10, 1.49978950503e-06, 1.81525183507e-06, 2.57672127191e-06, 1.93970681721e-05, 5.17670423505e-06, 9.56416533882e-06, 1.24769803733e-05, 4.90687853016e-06, 2.95431641462e-06, 4.30253703598e-06, 2.53020198215e-06, 4.68130838271e-06, 3.2101661418e-06, 7.04148760633e-07, 1.43187321555e-07, 1.71500772694e-07, 1.45784724737e-07, 1.24078439967e-07, 1.26582833104e-07, 9.55333518959e-08, 3.75147983789e-08, 4.16553518789e-07, 2.11356248059e-08, 7.56128049062e-09, 4.0729370987e-09, 3.37311123477e-10]}, "barkbands_crest": {"dmean": 2.31856846809, "dmean2": 3.73342037201, "dvar": 4.75250720978, "dvar2": 11.7177553177, "max": 26.3797206879, "mean": 9.62281322479, "median": 8.61405658722, "min": 2.30227303505, "var": 19.6049022675}, "barkbands_flatness_db": {"dmean": 0.0177413634956, "dmean2": 0.0253140348941, "dvar": 0.000342170184013, "dvar2": 0.000669817323796, "max": 0.34486758709, "mean": 0.129225343466, "median": 0.11868494004, "min": 0.01650887914, "var": 0.00275679724291}, "barkbands_kurtosis": {"dmean": 3.44922852516, "dmean2": 5.24200868607, "dvar": 57.5520706177, "dvar2": 109.096839905, "max": 348.906768799, "mean": 7.35835790634, "median": 2.83345961571, "min": -1.93033146858, "var": 188.180465698}, "barkbands_skewness": {"dmean": 0.504951775074, "dmean2": 0.746978282928, "dvar": 0.377477884293, "dvar2": 0.723615348339, "max": 16.2885131836, "mean": 1.74499046803, "median": 1.43493962288, "min": -4.37101364136, "var": 2.30366373062}, "barkbands_spread": {"dmean": 4.32731485367, "dmean2": 6.59665393829, "dvar": 48.9082069397, "dvar2": 103.117195129, "max": 111.477813721, "mean": 17.5231456757, "median": 15.9105529785, "min": 0.433508902788, "var": 151.965240479}, "dissonance": {"dmean": 0.0221753064543, "dmean2": 0.0366202220321, "dvar": 0.000413641071646, "dvar2": 0.00108534679748, "max": 0.500000059605, "mean": 0.446090251207, "median": 0.453878611326, "min": 0.206691220403, "var": 0.00134095503017}, "dynamic_complexity": 5.24927711487, "erbbands": {"dmean": [0.0099942907691, 0.11909597367, 0.479759126902, 1.50418448448, 4.46351289749, 5.80961179733, 4.42236185074, 6.74095964432, 9.94507980347, 12.896317482, 18.3112754822, 16.9382781982, 17.3286685944, 17.96134758, 20.6853618622, 14.7042560577, 28.2143306732, 22.3735847473, 16.4447574615, 10.3716983795, 5.54081726074, 6.34962081909, 5.58240032196, 3.93543744087, 4.22655963898, 3.78767800331, 3.43199968338, 1.55556201935, 1.33134484291, 2.07056117058, 2.35337471962, 0.953603744507, 0.368289142847, 0.232126116753, 0.183618932962, 0.0924483388662, 0.0398402996361, 0.00980370212346, 0.000963476952165, 4.88226578454e-05], "dmean2": [0.0159264076501, 0.185688063502, 0.774865329266, 2.39678549767, 7.08235168457, 9.1529083252, 6.61155509949, 9.94525527954, 14.6676645279, 19.9443244934, 27.3446063995, 27.1572380066, 28.0442638397, 28.9348754883, 34.036605835, 24.0986976624, 47.1052055359, 37.0532722473, 26.5436534882, 16.3756008148, 8.9455242157, 10.209528923, 8.95339012146, 6.3228263855, 6.75518274307, 5.9524230957, 5.45541667938, 2.30387830734, 1.94963932037, 3.02074623108, 3.4440741539, 1.38935446739, 0.52271848917, 0.330699145794, 0.261278599501, 0.130656138062, 0.0562452040613, 0.0142673570663, 0.00140049029142, 7.04025151208e-05], "dvar": [0.00039995755651, 0.0395103394985, 0.920036315918, 6.79172325134, 52.1828308105, 111.153205872, 55.169052124, 217.674560547, 633.046203613, 896.735290527, 1492.39953613, 1233.27319336, 1460.91442871, 1251.95654297, 2305.54931641, 1047.7109375, 4910.33740234, 2447.72729492, 1327.32324219, 936.857299805, 149.444747925, 185.136123657, 126.086029053, 76.1328735352, 90.5647354126, 61.6457366943, 89.3339614868, 18.6275997162, 8.50234127045, 75.9057235718, 205.401916504, 20.0087718964, 1.12153053284, 0.339705765247, 0.315683364868, 0.0563104860485, 0.0120707061142, 0.000791504164226, 6.27004101261e-06, 1.35815705349e-08], "dvar2": [0.00102943798993, 0.10109436512, 2.50143766403, 17.7337799072, 130.992584229, 265.622558594, 124.382881165, 444.569366455, 1212.60900879, 2048.41186523, 3395.46850586, 3064.75732422, 3752.48754883, 3240.97241211, 6339.34765625, 2747.40014648, 13460.2304688, 6582.48046875, 3490.90551758, 2481.8449707, 388.169708252, 482.033721924, 327.530639648, 197.185791016, 234.479812622, 154.903213501, 239.748504639, 45.6625785828, 17.76861763, 140.367980957, 357.554901123, 39.5952568054, 2.3545396328, 0.758146226406, 0.644971549511, 0.12273170054, 0.0289106406271, 0.00192870013416, 1.4896247194e-05, 3.1221599528e-08], "max": [0.288651108742, 2.49328541756, 15.952296257, 34.4873390198, 130.616287231, 232.863876343, 147.372619629, 365.304412842, 572.065979004, 673.811706543, 775.2734375, 573.790222168, 525.993652344, 701.494262695, 914.456604004, 525.034057617, 1590.08166504, 819.184204102, 645.427612305, 835.501159668, 272.330657959, 236.936294556, 245.078430176, 164.77154541, 210.830978394, 179.028030396, 302.725067139, 176.108657837, 89.0549697876, 296.41003418, 672.47869873, 174.428314209, 40.1191482544, 14.6565237045, 23.3325557709, 6.28150129318, 2.75695872307, 0.590250492096, 0.048136536032, 0.00213268585503], "mean": [0.0189726930112, 0.294749081135, 1.00272095203, 2.86849403381, 8.47719287872, 10.6859073639, 9.85532093048, 14.5435438156, 19.5476741791, 25.8152008057, 34.6712989807, 28.683177948, 29.5773620605, 31.5393943787, 35.2675209045, 27.4594917297, 50.3892364502, 43.9748840332, 32.3939094543, 18.34948349, 11.3521680832, 13.4676589966, 13.0221157074, 9.1749382019, 10.5220708847, 9.61070919037, 7.7031750679, 3.765209198, 3.31137943268, 4.40594577789, 4.0108499527, 1.67661952972, 0.669142842293, 0.382772654295, 0.292614847422, 0.142889410257, 0.0540981926024, 0.012685268186, 0.00126397947315, 8.27827170724e-05], "median": [0.00852819625288, 0.231816366315, 0.626809120178, 1.65030455589, 4.90340805054, 5.55309772491, 5.15911483765, 5.36923360825, 7.10984230042, 8.26153469086, 10.5130252838, 7.71194648743, 9.42827129364, 9.8577375412, 6.69769763947, 6.87580347061, 7.50889825821, 6.64866733551, 7.92236423492, 4.04370546341, 2.88532400131, 3.2812962532, 2.90665555, 2.10905265808, 2.71447849274, 1.86208093166, 1.57375228405, 0.824194014072, 0.960590600967, 1.42372727394, 0.999019742012, 0.499722599983, 0.216506481171, 0.127563759685, 0.0894183665514, 0.0378489308059, 0.0104725733399, 0.00247682025656, 0.000256206141785, 4.04103120673e-05], "min": [2.71838110547e-22, 1.26240060133e-21, 3.08141216775e-21, 5.13452695469e-21, 1.00986668201e-20, 5.3887908851e-20, 8.56700685287e-20, 8.59320779877e-20, 2.82069209266e-19, 3.16335553882e-19, 5.37246156433e-19, 7.92402734276e-19, 6.55564210096e-19, 7.11473761288e-19, 1.06536292724e-18, 8.06031103555e-19, 2.56345712013e-18, 2.0098145896e-18, 3.90731004612e-18, 4.05600320586e-18, 5.15703271354e-18, 5.78171041316e-18, 6.83829964243e-18, 7.29467834744e-18, 9.51547052214e-18, 1.23184224858e-17, 1.02775098343e-17, 8.94417078746e-18, 1.38643626665e-17, 1.18581370068e-17, 1.30353432314e-17, 1.32237733206e-17, 1.24175170688e-17, 8.80481980556e-18, 5.81781850126e-18, 4.03288102619e-18, 2.76935395512e-18, 9.82734615081e-19, 2.76927092687e-19, 2.5608211217e-20], "var": [0.000708796666004, 0.101103357971, 1.55739247799, 13.2606201172, 116.662345886, 262.04788208, 179.361358643, 677.106872559, 1858.68188477, 2660.21435547, 4011.1184082, 2656.60424805, 2708.12866211, 2660.15258789, 4667.02978516, 2380.54882813, 10264.4394531, 5876.53515625, 3206.60375977, 1782.53210449, 388.510681152, 516.264892578, 425.887939453, 264.312744141, 376.276855469, 253.955505371, 272.079803467, 63.406627655, 38.0177307129, 174.839035034, 388.669403076, 33.7722320557, 2.24489784241, 0.578448414803, 0.582299053669, 0.0958221107721, 0.0148090785369, 0.000956927775405, 7.89110526966e-06, 1.81606836236e-08]}, "erbbands_crest": {"dmean": 2.58713316917, "dmean2": 4.09521245956, "dvar": 5.88741588593, "dvar2": 14.3087415695, "max": 28.8862419128, "mean": 9.80341243744, "median": 8.71021366119, "min": 2.36852478981, "var": 20.9502410889}, "erbbands_flatness_db": {"dmean": 0.0174092054367, "dmean2": 0.0240756496787, "dvar": 0.000299711129628, "dvar2": 0.000551290635485, "max": 0.297005653381, "mean": 0.15283061564, "median": 0.152169898152, "min": 0.0249812696129, "var": 0.00173991301563}, "erbbands_kurtosis": {"dmean": 1.21811270714, "dmean2": 1.89435780048, "dvar": 3.62618112564, "dvar2": 7.67616224289, "max": 41.0093917847, "mean": 1.61220943928, "median": 0.764014601707, "min": -1.89442503452, "var": 10.0160608292}, "erbbands_skewness": {"dmean": 0.36322966218, "dmean2": 0.543250262737, "dvar": 0.169243961573, "dvar2": 0.311959296465, "max": 5.85668373108, "mean": 0.770281016827, "median": 0.660626828671, "min": -5.90134572983, "var": 0.804271697998}, "erbbands_spread": {"dmean": 7.67117118835, "dmean2": 11.5351724625, "dvar": 103.70665741, "dvar2": 224.654144287, "max": 171.999786377, "mean": 32.7644004822, "median": 28.1315002441, "min": 4.66732501984, "var": 369.2550354}, "gfcc": {"cov": [[19778.6816406, 193.277084351, -2772.99951172, 597.607055664, -447.607666016, 560.725219727, 46.5625724792, 153.349365234, -423.975585938, 206.111877441, -66.9504089355, 15.9252567291, -295.575134277], [193.277084351, 918.674255371, -111.972106934, -104.968933105, 138.658905029, -53.4482879639, -21.1166973114, -42.8923416138, 58.783454895, -48.5302581787, 41.3222007751, -20.3964233398, 15.0214986801], [-2772.99951172, -111.972106934, 1211.0324707, 86.2163619995, 52.8216362, -68.1295394897, -84.038734436, -39.4440116882, 54.721622467, -29.038444519, -52.6116523743, 22.8344993591, 15.6634054184], [597.607055664, -104.968933105, 86.2163619995, 394.818237305, 17.461517334, 50.1241264343, 8.46372699738, 10.2229480743, -8.34823513031, 11.8655395508, 1.32081401348, 8.88467788696, -13.4569587708], [-447.607666016, 138.658905029, 52.8216362, 17.461517334, 244.531509399, 83.7853469849, 70.4781417847, 32.1324920654, 21.3841152191, 18.7043037415, -7.38948392868, -4.45143651962, 32.5268554688], [560.725219727, -53.4482879639, -68.1295394897, 50.1241264343, 83.7853469849, 256.218719482, 140.172393799, 59.3805503845, -0.803451895714, 27.5794792175, -7.29342746735, 0.85504835844, -6.06357049942], [46.5625724792, -21.1166973114, -84.038734436, 8.46372699738, 70.4781417847, 140.172393799, 194.934829712, 79.8736724854, -13.4484634399, 32.0214881897, 11.423286438, -8.40286254883, 8.54760551453], [153.349365234, -42.8923416138, -39.4440116882, 10.2229480743, 32.1324920654, 59.3805503845, 79.8736724854, 111.789741516, 33.9712753296, 30.2800235748, 0.620712459087, -4.31142091751, 3.72173643112], [-423.975585938, 58.783454895, 54.721622467, -8.34823513031, 21.3841152191, -0.803451895714, -13.4484634399, 33.9712753296, 119.831306458, 21.1116523743, 2.25487446785, -6.64677858353, 8.16114425659], [206.111877441, -48.5302581787, -29.038444519, 11.8655395508, 18.7043037415, 27.5794792175, 32.0214881897, 30.2800235748, 21.1116523743, 80.1550369263, 16.079574585, -0.655187904835, 3.58079838753], [-66.9504089355, 41.3222007751, -52.6116523743, 1.32081401348, -7.38948392868, -7.29342746735, 11.423286438, 0.620712459087, 2.25487446785, 16.079574585, 67.8203659058, 21.8729000092, -4.74781131744], [15.9252567291, -20.3964233398, 22.8344993591, 8.88467788696, -4.45143651962, 0.85504835844, -8.40286254883, -4.31142091751, -6.64677858353, -0.655187904835, 21.8729000092, 55.7756080627, 20.9016838074], [-295.575134277, 15.0214986801, 15.6634054184, -13.4569587708, 32.5268554688, -6.06357049942, 8.54760551453, 3.72173643112, 8.16114425659, 3.58079838753, -4.74781131744, 20.9016838074, 66.9067306519]], "icov": [[0.000189821977983, -0.00032188242767, 0.000397008931031, -0.000328911410179, 0.000464921176899, -0.00052356364904, 0.000632202252746, -0.000581073400099, 0.000825509720016, -0.000925010011997, 0.00108625786379, -0.000788112927694, 0.000701936194673], [-0.00032188242767, 0.0021910010837, -0.000438661925728, 0.000838634208776, -0.00204774434678, 0.00130048021674, -0.00121137744281, 0.00189259590115, -0.00252104224637, 0.00308670569211, -0.00337192765437, 0.00225817109458, -0.00128208950628], [0.000397008931031, -0.000438661925728, 0.00185088557191, -0.000893725373317, 0.000439367868239, -0.000617981131654, 0.00118473393377, -0.000643962819595, 0.000894058437552, -0.00158786389511, 0.00321187148802, -0.00258691376075, 0.00186615635175], [-0.000328911410179, 0.000838634208776, -0.000893725373317, 0.00335348537192, -0.00113266101107, 0.000249371572863, -0.000540820125025, 0.000755587767344, -0.00110826909076, 0.00143743667286, -0.00232294085436, 0.00114354258403, -0.000621129700448], [0.000464921176899, -0.00204774434678, 0.000439367868239, -0.00113266101107, 0.00751150865108, -0.00305549334735, 0.000754316220991, -0.00196095649153, 0.00225707096979, -0.0036035713274, 0.00343282637186, -0.00090966897551, -0.00128764065448], [-0.00052356364904, 0.00130048021674, -0.000617981131654, 0.000249371572863, -0.00305549334735, 0.00944668333977, -0.00760034751147, 0.00270962249488, -0.00380217540078, 0.00217743497342, 0.000419486052124, -0.00169994821772, 0.00165978760924], [0.000632202252746, -0.00121137744281, 0.00118473393377, -0.000540820125025, 0.000754316220991, -0.00760034751147, 0.0158539284021, -0.00945585221052, 0.00747766764835, -0.00377069204114, -0.0013894099975, 0.00278652692214, -0.00155560602434], [-0.000581073400099, 0.00189259590115, -0.000643962819595, 0.000755587767344, -0.00196095649153, 0.00270962249488, -0.00945585221052, 0.0184206757694, -0.00868765916675, 0.00111763027962, -0.000836904975586, 0.000278538413113, -0.000453472108347], [0.000825509720016, -0.00252104224637, 0.000894058437552, -0.00110826909076, 0.00225707096979, -0.00380217540078, 0.00747766764835, -0.00868765916675, 0.0160064678639, -0.00691397394985, 0.00292693288065, -0.000180794086191, 0.000548536423594], [-0.000925010011997, 0.00308670569211, -0.00158786389511, 0.00143743667286, -0.0036035713274, 0.00217743497342, -0.00377069204114, 0.00111763027962, -0.00691397394985, 0.0213833879679, -0.0108711542562, 0.00652310857549, -0.0048601552844], [0.00108625786379, -0.00337192765437, 0.00321187148802, -0.00232294085436, 0.00343282637186, 0.000419486052124, -0.0013894099975, -0.000836904975586, 0.00292693288065, -0.0108711542562, 0.0302009861916, -0.018237490207, 0.0109951896593], [-0.000788112927694, 0.00225817109458, -0.00258691376075, 0.00114354258403, -0.00090966897551, -0.00169994821772, 0.00278652692214, 0.000278538413113, -0.000180794086191, 0.00652310857549, -0.018237490207, 0.033161137253, -0.0152171133086], [0.000701936194673, -0.00128208950628, 0.00186615635175, -0.000621129700448, -0.00128764065448, 0.00165978760924, -0.00155560602434, -0.000453472108347, 0.000548536423594, -0.0048601552844, 0.0109951896593, -0.0152171133086, 0.0245008151978]], "mean": [-38.8522148132, 84.7878875732, -102.461555481, 10.5177946091, -59.2812385559, 5.21475505829, -37.8013381958, -2.02739834785, -24.849401474, -0.986312866211, -18.6924495697, -2.31901788712, -17.931520462]}, "hfc": {"dmean": 4.27495670319, "dmean2": 6.05420160294, "dvar": 47.7363243103, "dvar2": 92.1815948486, "max": 208.409332275, "mean": 17.1382732391, "median": 9.75286197662, "min": 1.0854131649e-16, "var": 367.641662598}, "melbands": {"dmean": [0.000108527179691, 0.000208251876757, 0.000305739755277, 0.00041366610094, 0.000165691424627, 0.000144380683196, 0.000149424944539, 0.000164501587278, 0.000143456272781, 0.000109524735308, 9.17323704925e-05, 7.59041504352e-05, 7.77414315962e-05, 5.54435355298e-05, 4.97644941788e-05, 6.55399271636e-05, 4.46708872914e-05, 3.46837005054e-05, 1.76211524376e-05, 9.20776619751e-06, 6.51851723887e-06, 6.53236293147e-06, 7.82609822636e-06, 4.52018093711e-06, 3.39400185112e-06, 3.45857483808e-06, 3.63792787539e-06, 2.51150822805e-06, 2.89261561193e-06, 1.08513756913e-06, 9.11835797979e-07, 7.67711753724e-07, 9.23585901091e-07, 1.42065675846e-06, 1.60346121447e-06, 9.12088694349e-07, 4.88884666083e-07, 2.82334809754e-07, 1.89382546978e-07, 1.98942458951e-07], "dmean2": [0.00017053350166, 0.000329759059241, 0.000490450998768, 0.000648762332276, 0.000248380034463, 0.000212940358324, 0.000219479523366, 0.000255137972999, 0.000217070031795, 0.000176287416252, 0.000148824794451, 0.000122446173918, 0.000128055573441, 9.11602983251e-05, 8.19372580736e-05, 0.000110235872853, 7.37818991183e-05, 5.66432827327e-05, 2.81556840491e-05, 1.45822286868e-05, 1.06829838842e-05, 1.061220064e-05, 1.27718121803e-05, 7.29331213734e-06, 5.51206267119e-06, 5.62749710298e-06, 5.79631068831e-06, 4.00428052671e-06, 4.72847750643e-06, 1.62865569564e-06, 1.37914230436e-06, 1.15752402507e-06, 1.37268716571e-06, 2.12467261917e-06, 2.38104234995e-06, 1.33956223181e-06, 7.24329652257e-07, 4.1432210196e-07, 2.70338603059e-07, 2.92290110337e-07], "dvar": [3.77389604012e-08, 1.49528474935e-07, 2.40589372424e-07, 5.13024929205e-07, 7.42822408029e-08, 9.37333624051e-08, 1.41693817568e-07, 1.2365684654e-07, 8.3468307821e-08, 5.11815585469e-08, 4.11078531215e-08, 2.12237036834e-08, 4.33326583504e-08, 1.85823871846e-08, 1.40843132712e-08, 2.83195902284e-08, 1.0286180796e-08, 7.07121650123e-09, 2.65246224984e-09, 6.73407274387e-10, 2.32543651002e-10, 2.09228814829e-10, 3.31692368016e-10, 1.17140547262e-10, 5.92380589026e-11, 6.77756670231e-11, 6.0841623406e-11, 2.86838070657e-11, 7.68911601057e-11, 6.50312442785e-12, 9.70663306676e-12, 2.72005096398e-12, 6.88404281496e-12, 4.36677777271e-11, 9.35077362763e-11, 2.89442220192e-11, 3.76038566605e-12, 7.12337415616e-13, 1.89361113595e-13, 2.77298773136e-13], "dvar2": [9.64110569157e-08, 4.01462472155e-07, 6.21869560291e-07, 1.22303049466e-06, 1.69843758613e-07, 1.92077749261e-07, 2.71106301852e-07, 2.95229625635e-07, 1.96076868519e-07, 1.28816040501e-07, 1.05541865025e-07, 5.46392868728e-08, 1.20282052762e-07, 4.93789329425e-08, 3.74424864447e-08, 7.96489203481e-08, 2.75645550829e-08, 1.88956938985e-08, 6.76676314981e-09, 1.7409073072e-09, 6.11834027886e-10, 5.4260052007e-10, 9.11591413466e-10, 3.06470460121e-10, 1.56746629565e-10, 1.88097162845e-10, 1.52636042694e-10, 7.40658784304e-11, 2.17452542084e-10, 1.52885881038e-11, 2.43480409445e-11, 6.20997697709e-12, 1.43084554621e-11, 8.59869467296e-11, 1.67440866727e-10, 5.61764558482e-11, 8.34248382181e-12, 1.59033550218e-12, 3.96341325645e-13, 6.5118429312e-13], "max": [0.00279780710116, 0.00616278545931, 0.0082729421556, 0.0129450261593, 0.00579566787928, 0.00738993892446, 0.00889163743705, 0.00642140302807, 0.00691558839753, 0.00326700089499, 0.00276144919917, 0.00261886138469, 0.00441218400374, 0.00246735312976, 0.00308082997799, 0.00374839594588, 0.00182738574222, 0.00150210538413, 0.00162743439432, 0.000744346471038, 0.000375705742044, 0.000300093583064, 0.000431550899521, 0.000327784451656, 0.000154008390382, 0.000198815803742, 0.000271748169325, 0.000114240203402, 0.000241429414018, 6.28768029856e-05, 0.000158402763191, 3.57797944162e-05, 9.73335190793e-05, 0.000242021429585, 0.000449094979558, 0.00021785676654, 8.16683532321e-05, 3.39695907314e-05, 1.15504481073e-05, 1.36893931995e-05], "mean": [0.000245154573349, 0.000498706707731, 0.000630610215012, 0.000765545410104, 0.000371424277546, 0.000310566305416, 0.000289662071737, 0.000333189935191, 0.000261289416812, 0.000177405323484, 0.000149823419633, 0.000129884923808, 0.000126948492834, 9.04123517103e-05, 8.37562256493e-05, 0.000111632332846, 8.12701618997e-05, 6.28734778729e-05, 2.89373165288e-05, 1.65619931067e-05, 1.18676980492e-05, 1.24184316519e-05, 1.55072139023e-05, 9.52586833591e-06, 7.01076987752e-06, 7.62737590776e-06, 8.01855003374e-06, 5.71820510231e-06, 5.95504070589e-06, 2.40655026573e-06, 2.02207502298e-06, 1.7701258912e-06, 2.09052632272e-06, 2.70646705758e-06, 2.62735125034e-06, 1.45660249018e-06, 8.3752286173e-07, 4.9019195103e-07, 3.29114385522e-07, 3.10102592493e-07], "median": [0.000164608412888, 0.000375285657356, 0.000425945851021, 0.000405098340707, 0.000200666996534, 0.000119843847642, 0.00010197811207, 8.66497357492e-05, 7.91229103925e-05, 3.88678054151e-05, 4.14677706431e-05, 4.14536079916e-05, 1.82658168342e-05, 1.97873378056e-05, 1.28903720906e-05, 1.41725022331e-05, 1.05960425572e-05, 1.25959131765e-05, 6.26410428595e-06, 3.69216490981e-06, 2.80443464362e-06, 2.92628465104e-06, 3.32526747115e-06, 1.95816596715e-06, 1.53799771851e-06, 2.04476668841e-06, 1.52613949922e-06, 1.07804805793e-06, 1.04159005332e-06, 5.91596972299e-07, 3.95561471578e-07, 4.66562596557e-07, 6.63895491471e-07, 8.37010816213e-07, 6.25694099199e-07, 3.54805791858e-07, 2.58982851165e-07, 1.44686893577e-07, 1.13272868418e-07, 1.01025968036e-07], "min": [2.9785106001e-24, 2.179162578e-24, 9.19416497567e-25, 1.98363551403e-24, 3.52541977986e-24, 2.0390344544e-24, 4.28849518868e-24, 3.80198731349e-24, 4.06755812609e-24, 5.29795986275e-24, 3.07897045866e-24, 2.47941881575e-24, 3.58211402983e-24, 2.22010347291e-24, 3.11555486921e-24, 3.66673553356e-24, 3.15445281159e-24, 5.51142720142e-24, 5.02120813011e-24, 5.02975662131e-24, 5.32579324207e-24, 5.53800944735e-24, 3.3742775803e-24, 6.12734691925e-24, 4.51176688511e-24, 5.666675422e-24, 7.14177865602e-24, 7.2450508037e-24, 5.1325534803e-24, 7.03303181365e-24, 3.92989203737e-24, 6.74109332529e-24, 6.42339142863e-24, 6.26605272665e-24, 5.76666314731e-24, 6.93607449751e-24, 7.41166059347e-24, 7.43693569687e-24, 8.36858358138e-24, 6.60898988924e-24], "var": [8.55570760905e-08, 3.07223359641e-07, 5.13537202096e-07, 1.15933744382e-06, 2.56157960621e-07, 2.87798371801e-07, 4.00497214059e-07, 4.0726368411e-07, 2.03037387791e-07, 1.02416947811e-07, 7.4875323719e-08, 4.451237956e-08, 8.19049148504e-08, 3.72341339983e-08, 3.02011358144e-08, 5.44375637901e-08, 2.32270416234e-08, 1.56202606405e-08, 6.06685279791e-09, 1.25622467984e-09, 5.0133908136e-10, 4.95329444128e-10, 7.98123622747e-10, 3.40730554882e-10, 1.67723432365e-10, 2.2061802385e-10, 2.33354585655e-10, 9.70780192344e-11, 2.08607728314e-10, 1.8257140591e-11, 3.00153894794e-11, 1.16930944094e-11, 2.12822155732e-11, 8.84290696224e-11, 1.75647926759e-10, 4.64439389725e-11, 5.84707672904e-12, 1.29396254996e-12, 3.85982885194e-13, 4.1094886283e-13]}, "melbands_crest": {"dmean": 2.7476747036, "dmean2": 4.4273276329, "dvar": 7.18607473373, "dvar2": 17.805929184, "max": 33.0456733704, "mean": 12.1946058273, "median": 11.0626583099, "min": 1.91129243374, "var": 30.2794628143}, "melbands_flatness_db": {"dmean": 0.0205502603203, "dmean2": 0.0292171500623, "dvar": 0.000531229306944, "dvar2": 0.000985032762401, "max": 0.451181381941, "mean": 0.202690958977, "median": 0.193498313427, "min": 0.00441829301417, "var": 0.00525325769559}, "melbands_kurtosis": {"dmean": 6.39882183075, "dmean2": 9.75217533112, "dvar": 156.930343628, "dvar2": 342.714172363, "max": 501.238983154, "mean": 14.5002622604, "median": 5.86031961441, "min": -1.88959860802, "var": 709.194396973}, "melbands_skewness": {"dmean": 0.635820627213, "dmean2": 0.958289027214, "dvar": 0.590435802937, "dvar2": 1.27962291241, "max": 20.1587657928, "mean": 2.3536131382, "median": 1.90353786945, "min": -1.30636513233, "var": 3.3492295742}, "melbands_spread": {"dmean": 5.48621559143, "dmean2": 8.28938865662, "dvar": 163.436782837, "dvar2": 279.839660645, "max": 241.439483643, "mean": 21.4467391968, "median": 16.6716060638, "min": 0.5692897439, "var": 461.744049072}, "mfcc": {"cov": [[14621.6386719, -516.972961426, -1542.30273438, 25.4115180969, -409.50668335, 321.638458252, 461.198394775, 189.356048584, -87.8516082764, 114.919181824, 254.419265747, 153.077575684, -90.3091659546], [-516.972961426, 1077.42382813, -26.3336486816, -37.2991447449, 99.5468902588, -26.9086456299, -52.4640655518, -15.2056131363, -16.7070407867, -14.0186128616, -15.4976730347, -24.1012535095, 21.2226905823], [-1542.30273438, -26.3336486816, 808.461242676, 162.749511719, 121.565231323, 10.980099678, -101.758155823, -19.6828956604, -4.64729452133, -29.6665325165, -61.7863845825, -25.2553977966, 25.5660667419], [25.4115180969, -37.2991447449, 162.749511719, 273.037078857, 83.3887176514, 5.49950742722, -23.5315227509, -10.6853752136, -11.3082809448, -10.4938411713, -26.3733482361, -1.62107896805, 25.5504169464], [-409.50668335, 99.5468902588, 121.565231323, 83.3887176514, 179.166625977, 45.1362876892, -29.0137214661, 4.65066957474, 32.7772789001, 6.84976816177, -19.9454364777, -5.92094516754, 18.9563846588], [321.638458252, -26.9086456299, 10.980099678, 5.49950742722, 45.1362876892, 162.547592163, 91.1625137329, 41.0203857422, 46.1137924194, 18.442615509, 22.0868778229, 14.6856117249, -1.26516795158], [461.198394775, -52.4640655518, -101.758155823, -23.5315227509, -29.0137214661, 91.1625137329, 224.017425537, 63.1318778992, 60.9962921143, 14.7861289978, 53.9291191101, 25.1774291992, -14.1423282623], [189.356048584, -15.2056131363, -19.6828956604, -10.6853752136, 4.65066957474, 41.0203857422, 63.1318778992, 108.64024353, 32.3617172241, 31.4868240356, 21.4330711365, 6.28889369965, 5.77718067169], [-87.8516082764, -16.7070407867, -4.64729452133, -11.3082809448, 32.7772789001, 46.1137924194, 60.9962921143, 32.3617172241, 145.593688965, 49.6058807373, 23.8431472778, 16.3426799774, -13.982755661], [114.919181824, -14.0186128616, -29.6665325165, -10.4938411713, 6.84976816177, 18.442615509, 14.7861289978, 31.4868240356, 49.6058807373, 104.505729675, 46.593460083, 8.69882965088, -9.75227928162], [254.419265747, -15.4976730347, -61.7863845825, -26.3733482361, -19.9454364777, 22.0868778229, 53.9291191101, 21.4330711365, 23.8431472778, 46.593460083, 95.765953064, 29.2218265533, -13.9778528214], [153.077575684, -24.1012535095, -25.2553977966, -1.62107896805, -5.92094516754, 14.6856117249, 25.1774291992, 6.28889369965, 16.3426799774, 8.69882965088, 29.2218265533, 68.8969955444, 17.4673786163], [-90.3091659546, 21.2226905823, 25.5660667419, 25.5504169464, 18.9563846588, -1.26516795158, -14.1423282623, 5.77718067169, -13.982755661, -9.75227928162, -13.9778528214, 17.4673786163, 71.1548461914]], "icov": [[0.000109041786345, 1.77204437932e-05, 0.000208750963793, -0.00020894233603, 0.000222515751375, -0.000288733746856, 2.06141012313e-05, -0.00010894452862, 0.000166330151842, -5.00322130392e-05, -4.23033816332e-05, -0.000129808453494, 0.000131044915179], [1.77204437932e-05, 0.00105870689731, 0.000140261603519, 0.000352661503712, -0.000898655562196, 0.000281774526229, 1.43159650179e-06, 5.16091349709e-05, 0.000182295349077, 0.000145675367094, -0.000222986214794, 0.000358654535376, -0.000305854046019], [0.000208750963793, 0.000140261603519, 0.00199235999025, -0.00106727634557, -0.000127658422571, -0.000871381547768, 0.000773470615968, -0.000350096321199, 5.29951867065e-05, 0.00034693343332, 9.11213137442e-05, 8.23022201075e-05, 0.000146823120303], [-0.00020894233603, 0.000352661503712, -0.00106727634557, 0.0053403316997, -0.00279801734723, 0.00118879636284, -0.000855247781146, 0.000745994795579, 0.000636689539533, -0.000339493853971, 0.000706383027136, -4.61724084744e-05, -0.00113982451148], [0.000222515751375, -0.000898655562196, -0.000127658422571, -0.00279801734723, 0.00998732820153, -0.00394203141332, 0.0024109238293, -0.000497465254739, -0.00230942992494, -7.79089314165e-05, 0.000411598826759, 0.000614851713181, -0.00114480138291], [-0.000288733746856, 0.000281774526229, -0.000871381547768, 0.00118879636284, -0.00394203141332, 0.0105371205136, -0.0040479619056, -0.000693882699125, -0.000525505864061, -0.000412302440964, 0.000236005216721, -0.000500322435983, -6.55405747239e-05], [2.06141012313e-05, 1.43159650179e-06, 0.000773470615968, -0.000855247781146, 0.0024109238293, -0.0040479619056, 0.00900402851403, -0.00325172906741, -0.00282896636054, 0.00334029272199, -0.003480266314, -0.000144287958392, 0.000647896900773], [-0.00010894452862, 5.16091349709e-05, -0.000350096321199, 0.000745994795579, -0.000497465254739, -0.000693882699125, -0.00325172906741, 0.0127102611586, -0.000449235725682, -0.00338213564828, 0.000260354659986, 0.00138913770206, -0.00269550969824], [0.000166330151842, 0.000182295349077, 5.29951867065e-05, 0.000636689539533, -0.00230942992494, -0.000525505864061, -0.00282896636054, -0.000449235725682, 0.0109062660486, -0.00490849278867, 0.0020099801477, -0.00274374359287, 0.00252804136835], [-5.00322130392e-05, 0.000145675367094, 0.00034693343332, -0.000339493853971, -7.79089314165e-05, -0.000412302440964, 0.00334029272199, -0.00338213564828, -0.00490849278867, 0.0160378720611, -0.00792521983385, 0.00194055889733, 4.25266262027e-05], [-4.23033816332e-05, -0.000222986214794, 9.11213137442e-05, 0.000706383027136, 0.000411598826759, 0.000236005216721, -0.003480266314, 0.000260354659986, 0.0020099801477, -0.00792521983385, 0.0187391377985, -0.00704465573654, 0.00362740806304], [-0.000129808453494, 0.000358654535376, 8.23022201075e-05, -4.61724084744e-05, 0.000614851713181, -0.000500322435983, -0.000144287958392, 0.00138913770206, -0.00274374359287, 0.00194055889733, -0.00704465573654, 0.0202700160444, -0.00723192607984], [0.000131044915179, -0.000305854046019, 0.000146823120303, -0.00113982451148, -0.00114480138291, -6.55405747239e-05, 0.000647896900773, -0.00269550969824, 0.00252804136835, 4.25266262027e-05, 0.00362740806304, -0.00723192607984, 0.0183099042624]], "mean": [-686.525268555, 128.463241577, 5.15101051331, 11.2893476486, -4.25981092453, 4.54624176025, -6.4283080101, 0.51108944416, -10.2640428543, 3.3051378727, -3.47287678719, -5.37119960785, -3.71542978287]}, "pitch_salience": {"dmean": 0.0615685619414, "dmean2": 0.0982925146818, "dvar": 0.00319298007526, "dvar2": 0.00793905369937, "max": 0.835990488529, "mean": 0.580087125301, "median": 0.588239371777, "min": 0.118165157735, "var": 0.0100879827514}, "silence_rate_20dB": {"dmean": 0, "dmean2": 0, "dvar": 0, "dvar2": 0, "max": 1, "mean": 1, "median": 1, "min": 1, "var": 0}, "silence_rate_30dB": {"dmean": 0, "dmean2": 0, "dvar": 0, "dvar2": 0, "max": 1, "mean": 1, "median": 1, "min": 1, "var": 0}, "silence_rate_60dB": {"dmean": 0.0494812466204, "dmean2": 0.0989756584167, "dvar": 0.0470273643732, "dvar2": 0.0977070108056, "max": 1, "mean": 0.170900389552, "median": 0, "min": 0, "var": 0.141712769866}, "spectral_centroid": {"dmean": 183.291763306, "dmean2": 274.801483154, "dvar": 107788.367188, "dvar2": 182049.21875, "max": 11600.0810547, "mean": 1084.04040527, "median": 951.478881836, "min": 205.067687988, "var": 569130.8125}, "spectral_complexity": {"dmean": 2.31231713295, "dmean2": 3.40029263496, "dvar": 6.50620555878, "dvar2": 12.0543794632, "max": 57, "mean": 15.643037796, "median": 12, "min": 0, "var": 137.902908325}, "spectral_contrast_coeffs": {"dmean": [0.0475826263428, 0.046132851392, 0.0376342535019, 0.0304005201906, 0.0199569556862, 0.0150419175625], "dmean2": [0.074990965426, 0.0729597061872, 0.0609264560044, 0.0481302700937, 0.0319489166141, 0.0231855884194], "dvar": [0.00170440936927, 0.0015756963985, 0.000956595235039, 0.000618158490397, 0.000296833284665, 0.000195656073629], "dvar2": [0.00405485928059, 0.0036131972447, 0.00240005669184, 0.0014839587966, 0.000691489665769, 0.000437124661403], "max": [-0.246056675911, -0.385598748922, -0.520870566368, -0.549843966961, -0.649143815041, -0.634826958179], "mean": [-0.60541588068, -0.711369991302, -0.7398416996, -0.754501998425, -0.795668840408, -0.784261167049], "median": [-0.612632989883, -0.718712449074, -0.737705767155, -0.753431141376, -0.792024731636, -0.78441131115], "min": [-0.969687521458, -0.976443052292, -0.982250392437, -0.973462224007, -0.967073857784, -0.963770389557], "var": [0.00886491779238, 0.00719055254012, 0.00459559541196, 0.00435589486733, 0.002169175772, 0.00226431363262]}, "spectral_contrast_valleys": {"dmean": [0.406198263168, 0.36201992631, 0.312982797623, 0.29482743144, 0.253465235233, 0.306865006685], "dmean2": [0.631110966206, 0.574734508991, 0.488337039948, 0.432616442442, 0.342324823141, 0.361774146557], "dvar": [0.167968079448, 0.131730213761, 0.103123322129, 0.0976232662797, 0.0985633358359, 0.148373350501], "dvar2": [0.317088991404, 0.271760195494, 0.19883325696, 0.170869201422, 0.149548813701, 0.222258210182], "max": [-5.83141946793, -5.00578546524, -5.42470264435, -5.77410268784, -5.80149745941, -7.7641377449], "mean": [-7.91295862198, -7.13422441483, -7.86851549149, -8.35596370697, -8.27690696716, -10.6127023697], "median": [-7.43914270401, -6.85037899017, -7.58071517944, -8.11353492737, -8.03238677979, -10.3622922897], "min": [-27.8628368378, -27.4587039948, -27.6056537628, -27.5163249969, -27.4367637634, -27.3653640747], "var": [2.50448417664, 2.38234329224, 2.71075534821, 2.75328159332, 2.7221224308, 2.01520752907]}, "spectral_decrease": {"dmean": 1.10310927059e-09, "dmean2": 1.60028179597e-09, "dvar": 1.79647230191e-18, "dvar2": 3.8123455759e-18, "max": 1.48813826241e-28, "mean": -4.64453497884e-09, "median": -3.85341492048e-09, "min": -1.89340010337e-08, "var": 1.47902954093e-17}, "spectral_energy": {"dmean": 0.00446738302708, "dmean2": 0.00645659398288, "dvar": 2.91963679047e-05, "dvar2": 6.13888332737e-05, "max": 0.0778583884239, "mean": 0.0190840344876, "median": 0.0156165389344, "min": 1.02174391316e-20, "var": 0.000255186256254}, "spectral_energyband_high": {"dmean": 0.00024626191589, "dmean2": 0.000346542976331, "dvar": 5.02022487581e-07, "dvar2": 8.92032744559e-07, "max": 0.0267142597586, "mean": 0.000608531932812, "median": 0.000202260474907, "min": 7.11294305101e-21, "var": 1.48008325596e-06}, "spectral_energyband_low": {"dmean": 0.00102861982305, "dmean2": 0.00159629120026, "dvar": 3.0062813039e-06, "dvar2": 7.88539273344e-06, "max": 0.0231623277068, "mean": 0.00263814581558, "median": 0.00195471406914, "min": 2.49092328709e-23, "var": 7.84109124652e-06}, "spectral_energyband_middle_high": {"dmean": 0.00171736674383, "dmean2": 0.00267540710047, "dvar": 9.03959607967e-06, "dvar2": 2.20272013394e-05, "max": 0.0575059242547, "mean": 0.00591052416712, "median": 0.00166613725014, "min": 1.24477919051e-21, "var": 6.27419067314e-05}, "spectral_energyband_middle_low": {"dmean": 0.0033703665249, "dmean2": 0.00502950232476, "dvar": 1.88768062799e-05, "dvar2": 4.16776892962e-05, "max": 0.0629892274737, "mean": 0.0105931665748, "median": 0.00829930603504, "min": 2.21891678945e-22, "var": 8.646936476e-05}, "spectral_entropy": {"dmean": 0.167968958616, "dmean2": 0.224883750081, "dvar": 0.0390342734754, "dvar2": 0.0650230050087, "max": 9.81288528442, "mean": 7.37824344635, "median": 7.48001623154, "min": 5.35593795776, "var": 0.273142695427}, "spectral_flux": {"dmean": 0.0157313980162, "dmean2": 0.0242761746049, "dvar": 0.000271064636763, "dvar2": 0.000586361275055, "max": 0.211721494794, "mean": 0.0610640980303, "median": 0.0569608658552, "min": 6.23459894822e-11, "var": 0.00145382725168}, "spectral_kurtosis": {"dmean": 1.40594422817, "dmean2": 2.19941329956, "dvar": 2.87157177925, "dvar2": 6.19283819199, "max": 30.0405158997, "mean": 5.73285770416, "median": 4.86396598816, "min": -1.23765385151, "var": 12.7644062042}, "spectral_rms": {"dmean": 0.000509594974574, "dmean2": 0.000713109504431, "dvar": 2.88213442445e-07, "dvar2": 5.4047723097e-07, "max": 0.00871546939015, "mean": 0.00383080099709, "median": 0.0039032867644, "min": 3.15725093639e-12, "var": 3.94351718569e-06}, "spectral_rolloff": {"dmean": 322.537231445, "dmean2": 547.415283203, "dvar": 859782.5, "dvar2": 1697201.625, "max": 19379.8828125, "mean": 1277.82751465, "median": 925.927734375, "min": 64.599609375, "var": 2284630.5}, "spectral_skewness": {"dmean": 0.204892262816, "dmean2": 0.303332448006, "dvar": 0.057245798409, "dvar2": 0.104701802135, "max": 4.6213555336, "mean": 1.86145782471, "median": 1.75166034698, "min": -0.191480055451, "var": 0.350296318531}, "spectral_spread": {"dmean": 586817.75, "dmean2": 787758.5, "dvar": 881033740288, "dvar2": 1585567760380.0, "max": 49802616, "mean": 4957548.5, "median": 4377458.5, "min": 2130616.25, "var": 5430083321860.0}