{"lowlevel": {"average_loudness": 0.231416389346, "barkbands": {"dmean": [3.55181873601e-05, 0.000845541711897, 0.000493019993883, 0.000790021498688, 0.000807611038908, 0.000368478678865, 0.000441249954747, 0.000346720451489, 0.000507967139129, 0.000374516414013, 0.00036386679858, 0.000250325043453, 0.000312941003358, 0.000212115366594, 9.31638278416e-05, 5.60666085221e-05, 7.50768740545e-05, 0.000137107243063, 6.77893985994e-05, 5.76468301006e-05, 2.14136762224e-05, 5.08413468197e-05, 3.83742699341e-05, 3.45590669895e-05, 1.65989640664e-05, 7.10145059202e-06, 5.73532702219e-07], "dmean2": [5.43619498785e-05, 0.00147758214734, 0.000833718222566, 0.00126740708947, 0.00124793173745, 0.000536525505595, 0.000621046987362, 0.000496082648169, 0.00075128278695, 0.000570391130168, 0.000560095941182, 0.000384591025067, 0.000469704449642, 0.000307230424369, 0.000141693264595, 8.29904092825e-05, 0.000112058572995, 0.000204187817872, 9.87622552202e-05, 8.54794780025e-05, 3.18301645166e-05, 7.44178760215e-05, 5.39599204785e-05, 4.82144532725e-05, 2.12830018427e-05, 9.85620499705e-06, 8.97855727544e-07], "dvar": [1.52973687051e-08, 1.35689733725e-05, 2.28955491366e-06, 6.98590156389e-06, 2.68076405519e-06, 6.30273234492e-07, 1.38977850384e-06, 1.36565404318e-06, 2.37812196247e-06, 1.79109611054e-06, 2.36650112129e-06, 1.27331531985e-06, 1.35495167797e-06, 6.82845040956e-07, 1.83724623071e-07, 5.41876552518e-08, 5.80256838134e-08, 1.3981939162e-07, 2.36983836999e-08, 2.0977642734e-08, 4.17115009199e-09, 4.26881214821e-08, 1.99272491841e-08, 1.83766442063e-08, 2.82731660306e-09, 5.26307053494e-10, 4.06130337693e-12], "dvar2": [3.37620029711e-08, 3.72922841052e-05, 6.41205042484e-06, 1.79767848749e-05, 6.83172584104e-06, 1.45767228332e-06, 2.68212238552e-06, 2.5955109777e-06, 4.91110677103e-06, 4.33384684584e-06, 5.66696098758e-06, 3.09910319629e-06, 2.98345435112e-06, 1.3298625845e-06, 3.41247414326e-07, 1.00573700479e-07, 1.1613937545e-07, 2.90076997089e-07, 4.72539376517e-08, 4.29180815331e-08, 8.5175209108e-09, 9.62863424547e-08, 4.25563868589e-08, 4.08690112863e-08, 5.00211116972e-09, 1.11332154606e-09, 9.88508754018e-12], "max": [0.00168368383311, 0.0480979457498, 0.0305112805218, 0.0436901524663, 0.0390447936952, 0.02274809964, 0.0369320400059, 0.0486586652696, 0.0440638922155, 0.0537590160966, 0.0610733442008, 0.0368346199393, 0.0518468506634, 0.0267702080309, 0.0239911917597, 0.0134557913989, 0.00951322354376, 0.015140440315, 0.00482501275837, 0.00469366693869, 0.00149557436816, 0.00376249384135, 0.00331154116429, 0.00333919981495, 0.0023523948621, 0.000477088993648, 3.42334169545e-05], "mean": [7.12915352779e-05, 0.000870568386745, 0.000738666916732, 0.0010557268979, 0.00178761000279, 0.000910125032533, 0.00111906172242, 0.000759698625188, 0.00109295384027, 0.000721646181773, 0.000827550888062, 0.000523610331584, 0.000672190217301, 0.000459541450255, 0.000197049288545, 0.000122690573335, 0.000177698078915, 0.000348155357642, 0.000175433335244, 0.000140372139867, 3.93502232328e-05, 7.7568256529e-05, 6.48936911603e-05, 5.46111041331e-05, 2.52121335507e-05, 8.88742397365e-06, 5.42743464393e-07], "median": [4.79712543893e-05, 0.000183228432434, 0.00021401810227, 0.000248822179856, 0.000855587772094, 0.000340939935995, 0.000167867314303, 8.55450925883e-05, 6.56880729366e-05, 5.59358086321e-05, 2.49234253715e-05, 3.43244319083e-05, 2.73655696219e-05, 2.15981872316e-05, 2.37188196479e-05, 1.6994023099e-05, 2.52655991062e-05, 3.58890356438e-05, 3.06039037241e-05, 2.48048891081e-05, 1.00627385109e-05, 1.42177677844e-05, 1.14816084533e-05, 7.59281283536e-06, 3.35872346113e-06, 8.46767648e-07, 3.03577003535e-08], "min": [1.22832356149e-23, 1.39476445614e-23, 1.74592904354e-23, 1.32724869116e-23, 9.24614274461e-23, 5.49426979228e-23, 3.24123887076e-23, 6.43539094963e-23, 6.01344439756e-23, 8.22123887933e-23, 1.35782765353e-22, 6.76509252507e-23, 7.18127155729e-23, 8.43354217485e-23, 1.27086173407e-22, 2.29034214907e-22, 1.14054519419e-22, 2.76022657929e-22, 3.38738690237e-22, 3.26320833142e-22, 3.02372505429e-22, 4.06063916908e-22, 5.36748633951e-22, 8.45948686339e-22, 1.33879495162e-21, 1.64808184181e-21, 2.70550583527e-21], "var": [1.5475531967e-08, 9.41072448768e-06, 2.38672328123e-06, 6.85531995259e-06, 6.65502648189e-06, 2.7098069495e-06, 7.91234288045e-06, 7.08178276909e-06, 8.07102696854e-06, 5.62746026844e-06, 1.15555531011e-05, 4.44913848696e-06, 5.03993896928e-06, 2.79346136267e-06, 7.88519287198e-07, 2.80184110579e-07, 3.33293201038e-07, 7.90388639871e-07, 1.43622898463e-07, 1.12938849384e-07, 8.40646574574e-09, 6.02940275485e-08, 3.52271811721e-08, 2.87273298483e-08, 6.08261796486e-09, 7.73569763801e-10, 3.87537961791e-12]}, "barkbands_crest": {"dmean": 1.92906236649, "dmean2": 3.04824185371, "dvar": 3.85105991364, "dvar2": 9.77423381805, "max": 26.9289970398, "mean": 10.3611879349, "median": 9.18133735657, "min": 2.67601823807, "var": 23.722322464}, "barkbands_flatness_db": {"dmean": 0.0168322436512, "dmean2": 0.0238852389157, "dvar": 0.000291778967949, "dvar2": 0.000568809977267, "max": 0.512781023979, "mean": 0.147319972515, "median": 0.135135918856, "min": 0.0209460239857, "var": 0.00506543880329}, "barkbands_kurtosis": {"dmean": 5.08219909668, "dmean2": 7.89936637878, "dvar": 421.694793701, "dvar2": 964.607788086, "max": 1224.46264648, "mean": 23.6828632355, "median": 3.81797790527, "min": -1.90503048897, "var": 9545.34375}, "barkbands_skewness": {"dmean": 0.473016053438, "dmean2": 0.70849776268, "dvar": 0.435936033726, "dvar2": 0.860369920731, "max": 34.5363540649, "mean": 2.53468942642, "median": 1.8251106739, "min": -2.59025096893, "var": 15.3280115128}, "barkbands_spread": {"dmean": 4.61770677567, "dmean2": 6.66673326492, "dvar": 50.6167182922, "dvar2": 100.957252502, "max": 98.0913009644, "mean": 18.9131507874, "median": 15.2148237228, "min": 0.387520879507, "var": 209.618881226}, "dissonance": {"dmean": 0.0182049442083, "dmean2": 0.0300182923675, "dvar": 0.000338418380124, "dvar2": 0.00090764084598, "max": 0.500000238419, "mean": 0.450743675232, "median": 0.458071559668, "min": 0.2659958601, "var": 0.00109652045649}, "dynamic_complexity": 8.57490634918, "erbbands": {"dmean": [0.0200730860233, 0.207018509507, 0.550347864628, 1.58826231956, 3.00139689445, 2.68193411827, 2.58780455589, 2.98432064056, 5.41972923279, 7.78048801422, 7.24195766449, 10.5809001923, 12.9216413498, 11.4742422104, 12.781870842, 8.15191841125, 13.3642053604, 11.2353582382, 4.33961486816, 5.17662239075, 2.64362430573, 3.87250852585, 7.55184173584, 2.78019499779, 3.51483345032, 2.31065702438, 1.20030713081, 0.750260770321, 1.26955723763, 2.46365404129, 0.843757092953, 0.643776059151, 0.59679543972, 0.213904500008, 0.101262263954, 0.0350247696042, 0.0120554324239, 0.00262571265921, 0.000117679766845, 6.80412858856e-06], "dmean2": [0.0349614173174, 0.366448551416, 0.941349089146, 2.5345416069, 4.79949045181, 4.15585517883, 3.83173274994, 4.39082050323, 7.70666646957, 10.5733613968, 10.1797065735, 14.9433145523, 19.8744392395, 16.4478435516, 19.4089794159, 12.2316541672, 19.8991241455, 16.0292301178, 6.48044395447, 7.56589317322, 3.92926001549, 5.42550945282, 11.032699585, 3.99995112419, 5.02606153488, 3.41360139847, 1.82775783539, 1.06686329842, 1.77845478058, 3.72678756714, 1.1119030714, 0.8556676507, 0.854224562645, 0.280037432909, 0.131804093719, 0.0460057891905, 0.0171155650169, 0.00391763169318, 0.000182560455869, 9.55558334681e-06], "dvar": [0.00908835884184, 0.791815042496, 3.22334194183, 24.3672542572, 62.7383308411, 33.0710716248, 28.6489200592, 55.3862991333, 199.936248779, 800.56628418, 507.342163086, 1362.7644043, 1651.54089355, 1683.90979004, 2500.39526367, 1122.57409668, 2772.13623047, 1839.49682617, 250.91960144, 751.22265625, 70.2521438599, 140.290283203, 404.428771973, 46.3048858643, 68.6898498535, 34.592792511, 11.2553014755, 5.79565095901, 16.2650203705, 130.731628418, 7.54515838623, 5.13204479218, 5.62518501282, 0.505356371403, 0.116287134588, 0.00879594124854, 0.00184372311924, 0.000148366190842, 1.89849544086e-07, 2.2329998961e-10], "dvar2": [0.0243155155331, 2.2284283638, 9.06249046326, 62.6175918579, 162.266586304, 86.1138687134, 68.7241439819, 132.816268921, 393.869018555, 1476.1237793, 864.415588379, 2614.84399414, 4121.07714844, 3157.81591797, 6025.1953125, 2567.84155273, 6253.77636719, 3581.25976563, 555.959228516, 1296.31347656, 150.366073608, 263.718933105, 834.469421387, 94.0244216919, 129.248916626, 66.4902114868, 24.6594047546, 11.1781272888, 30.1320419312, 315.780303955, 12.6171455383, 9.84917640686, 12.7885046005, 0.919654250145, 0.211263760924, 0.0159341525286, 0.00416237860918, 0.000364754669135, 4.60840283267e-07, 4.75006312062e-10], "max": [1.065497756, 12.2178106308, 32.3010749817, 77.0297317505, 140.5027771, 174.884262085, 168.502670288, 225.45425415, 407.21697998, 1070.45019531, 1026.9597168, 1388.4453125, 1372.2208252, 1595.13342285, 1589.73962402, 1684.17663574, 2823.15161133, 1615.46813965, 669.684143066, 1572.67956543, 380.638214111, 543.159301758, 785.825561523, 260.022033691, 263.490753174, 252.458679199, 74.9851455688, 56.8672866821, 62.3317756653, 209.420654297, 107.784164429, 81.9743041992, 59.8241500854, 36.6945228577, 15.9406452179, 2.79988121986, 0.883881866932, 0.300349056721, 0.00885063316673, 0.00028801933513], "mean": [0.017623372376, 0.223734244704, 0.810046076775, 2.40393996239, 5.08934879303, 5.76178359985, 6.32894802094, 7.14765739441, 12.8746442795, 19.4646778107, 16.9331054688, 22.2641124725, 28.5672645569, 25.5559883118, 29.8386516571, 20.6272583008, 32.8620529175, 27.8899116516, 10.552031517, 11.8440103531, 6.99573516846, 11.9503936768, 20.1319332123, 7.69395637512, 10.5101079941, 6.11961221695, 2.34666728973, 1.39651584625, 2.23318886757, 3.4006280899, 1.49411082268, 1.09608769417, 0.910590529442, 0.336961477995, 0.148376569152, 0.047796536237, 0.0141352424398, 0.00280393799767, 0.000118781354104, 1.89707243408e-05], "median": [0.00219690334052, 0.0558548867702, 0.266648262739, 0.70798522234, 1.90404880047, 2.38306570053, 2.67527937889, 2.4938211441, 3.08741211891, 2.26279139519, 2.37870001793, 1.64440953732, 2.18022918701, 1.45835053921, 1.47481262684, 1.68467867374, 1.3865582943, 1.27681672573, 1.06693661213, 1.32624578476, 1.21127641201, 1.40110182762, 2.071205616, 1.50860154629, 1.6185901165, 1.1737486124, 0.634460091591, 0.334863245487, 0.495692759752, 0.466377258301, 0.289766341448, 0.171389624476, 0.12348999083, 0.0468867756426, 0.0165610704571, 0.00567015493289, 0.00116929982323, 0.000139552343171, 1.22393275888e-05, 8.21763478598e-06], "min": [4.40563896628e-22, 3.22599590712e-21, 1.33929410746e-20, 4.1327016153e-20, 8.54110059006e-20, 3.91635097512e-19, 4.88831016686e-19, 4.57160132188e-19, 5.81917166534e-19, 5.139819085e-19, 1.65594786092e-18, 1.84622307985e-18, 2.11584508205e-18, 3.93443247123e-18, 4.5409535564e-18, 2.93961895125e-18, 3.47192228994e-18, 2.38345393344e-18, 6.79376630621e-18, 7.35138323279e-18, 1.31707121658e-17, 7.02670491619e-18, 1.0794740081e-17, 2.09008638827e-17, 1.42499462916e-17, 1.61719236059e-17, 1.51422690317e-17, 9.96161865733e-18, 1.45058263423e-17, 1.5686426489e-17, 1.53883883512e-17, 1.65539139584e-17, 1.55637671847e-17, 1.01796560222e-17, 1.15112521994e-17, 8.23283020225e-18, 2.83181849908e-18, 1.29512712823e-18, 3.51647739135e-19, 3.88854277852e-20], "var": [0.00643386645243, 0.528372704983, 2.98167538643, 26.6749649048, 87.7219009399, 78.482711792, 103.191505432, 218.543334961, 770.160766602, 4126.92480469, 2625.29638672, 3993.71191406, 5603.67919922, 7138.70214844, 10983.3105469, 6051.25097656, 11999.9921875, 8865.77246094, 1039.05822754, 3411.93725586, 526.845153809, 1224.8145752, 2517.06445313, 291.600311279, 489.543548584, 206.834320068, 23.5098743439, 12.2720108032, 34.8539009094, 150.341125488, 17.7888450623, 10.4127206802, 8.27471446991, 1.08838427067, 0.233295634389, 0.0169332083315, 0.00234332634136, 0.000152882494149, 1.83480793225e-07, 6.96502633346e-10]}, "erbbands_crest": {"dmean": 2.07945919037, "dmean2": 3.19826984406, "dvar": 4.18633556366, "dvar2": 9.78756332397, "max": 30.6517543793, "mean": 9.09535217285, "median": 8.20233917236, "min": 2.20182991028, "var": 19.6181411743}, "erbbands_flatness_db": {"dmean": 0.0154570871964, "dmean2": 0.019780876115, "dvar": 0.000249562697718, "dvar2": 0.00037573944428, "max": 0.346216797829, "mean": 0.156296864152, "median": 0.152689144015, "min": 0.0263897869736, "var": 0.00277947634459}, "erbbands_kurtosis": {"dmean": 0.777934849262, "dmean2": 1.19346094131, "dvar": 1.43194437027, "dvar2": 3.08579564095, "max": 43.0636138916, "mean": 0.587078630924, "median": -0.199584871531, "min": -1.82226610184, "var": 6.50778007507}, "erbbands_skewness": {"dmean": 0.301348268986, "dmean2": 0.445855110884, "dvar": 0.0937220081687, "dvar2": 0.191005438566, "max": 5.82483720779, "mean": 0.581540048122, "median": 0.553157508373, "min": -4.15341997147, "var": 0.746522247791}, "erbbands_spread": {"dmean": 7.79423332214, "dmean2": 11.2806577682, "dvar": 93.3251724243, "dvar2": 185.487609863, "max": 139.020370483, "mean": 45.1252555847, "median": 42.5551490784, "min": 4.63279294968, "var": 556.079467773}, "gfcc": {"cov": [[17297.8769531, 1547.17492676, -2193.05639648, -332.285430908, -1035.71826172, 129.69140625, -508.52255249, 84.6801605225, -600.612304688, -391.921844482, -271.158874512, -406.259552002, -531.932861328], [1547.17492676, 1499.45251465, -517.173400879, -115.178787231, -105.415237427, -259.535461426, -27.3139533997, -110.233718872, -32.8450241089, -232.408248901, 74.2332611084, -168.111114502, -34.8096618652], [-2193.05639648, -517.173400879, 1075.48474121, 338.807098389, 164.07623291, 49.5627326965, -28.2531032562, -33.5634765625, 57.7708740234, 152.555358887, -89.3560714722, 138.113708496, 66.388420105], [-332.285430908, -115.178787231, 338.807098389, 443.715087891, 68.8126449585, -2.94138169289, -159.883682251, -58.829875946, 34.5507240295, 52.8055610657, -54.9022293091, 39.6232299805, 48.160194397], [-1035.71826172, -105.415237427, 164.07623291, 68.8126449585, 337.359344482, 77.8815155029, 37.8849143982, 1.57509088516, 53.5874290466, 53.5252151489, 18.3948745728, 6.94618225098, 40.0453186035], [129.69140625, -259.535461426, 49.5627326965, -2.94138169289, 77.8815155029, 272.715911865, 113.88760376, 33.3668136597, -39.3454627991, 54.5659217834, -24.3176746368, 12.6676912308, -2.16585206985], [-508.52255249, -27.3139533997, -28.2531032562, -159.883682251, 37.8849143982, 113.88760376, 287.933959961, 78.9182891846, -3.89958953857, -16.2199878693, 42.4187583923, 4.02688074112, 0.453306287527], [84.6801605225, -110.233718872, -33.5634765625, -58.829875946, 1.57509088516, 33.3668136597, 78.9182891846, 134.791061401, 29.8755950928, 10.6474542618, 8.44110488892, 3.05175185204, -15.408575058], [-600.612304688, -32.8450241089, 57.7708740234, 34.5507240295, 53.5874290466, -39.3454627991, -3.89958953857, 29.8755950928, 132.22644043, 44.0766601563, 22.9709129333, 7.61998605728, 28.5840396881], [-391.921844482, -232.408248901, 152.555358887, 52.8055610657, 53.5252151489, 54.5659217834, -16.2199878693, 10.6474542618, 44.0766601563, 132.565643311, -0.844114899635, 31.1461791992, 11.0055656433], [-271.158874512, 74.2332611084, -89.3560714722, -54.9022293091, 18.3948745728, -24.3176746368, 42.4187583923, 8.44110488892, 22.9709129333, -0.844114899635, 98.6092300415, 11.2604627609, 13.1635255814], [-406.259552002, -168.111114502, 138.113708496, 39.6232299805, 6.94618225098, 12.6676912308, 4.02688074112, 3.05175185204, 7.61998605728, 31.1461791992, 11.2604627609, 93.8642501831, 37.4088516235], [-531.932861328, -34.8096618652, 66.388420105, 48.160194397, 40.0453186035, -2.16585206985, 0.453306287527, -15.408575058, 28.5840396881, 11.0055656433, 13.1635255814, 37.4088516235, 94.6240615845]], "icov": [[0.000171525360201, -0.000203879011679, 0.000268588220933, -6.94778791512e-05, 0.000277137733065, -0.000426067650551, 0.000476229615742, -0.000462198571768, 0.000389043794712, -9.45084902924e-05, 0.000377632502932, -0.000179279639269, 0.000443383149104], [-0.000203879011679, 0.0016594203189, -6.51993250358e-05, -0.000181695024366, -0.00030769064324, 0.00142345926724, -0.00104175170418, 0.0016200960381, -0.000548518321011, 0.00148221617565, -0.00126341159921, 0.00202767201699, -0.000598395883571], [0.000268588220933, -6.51993250358e-05, 0.00254233833402, -0.00136027135886, -0.000258413812844, 0.000430340965977, -0.00065365829505, 0.000103170619695, 0.000580452091526, -0.0015604380751, 0.00274095614441, -0.00244112429209, 0.00112357921898], [-6.94778791512e-05, -0.000181695024366, -0.00136027135886, 0.00438055722043, -0.000314913835609, -0.00113316427451, 0.00256530474871, 0.000264105561655, -0.00106999510899, 0.000661436060909, 0.000246690178756, -3.25083528878e-05, -0.00136970705353], [0.000277137733065, -0.00030769064324, -0.000258413812844, -0.000314913835609, 0.00456074206159, -0.00217742915265, 0.000747642305214, -0.000426299462561, -0.000738311733585, -0.000200085705728, -0.00102960027289, 0.00154384691268, -0.000487447425257], [-0.000426067650551, 0.00142345926724, 0.000430340965977, -0.00113316427451, -0.00217742915265, 0.0089103449136, -0.00521469023079, 0.00133350561373, 0.00262852478772, -0.00330515578389, 0.00167169270571, 0.000854035431985, -0.00120891549159], [0.000476229615742, -0.00104175170418, -0.00065365829505, 0.00256530474871, 0.000747642305214, -0.00521469023079, 0.00922990683466, -0.00445056892931, 0.000450559746241, 0.00251451227814, -0.00217052316293, -0.000219749024836, 0.000202422626899], [-0.000462198571768, 0.0016200960381, 0.000103170619695, 0.000264105561655, -0.000426299462561, 0.00133350561373, -0.00445056892931, 0.0126416413113, -0.00481781782582, 0.000839637767058, -5.93714757997e-05, -0.000223170849495, 0.00153593486175], [0.000389043794712, -0.000548518321011, 0.000580452091526, -0.00106999510899, -0.000738311733585, 0.00262852478772, 0.000450559746241, -0.00481781782582, 0.0136659527197, -0.00516221998259, -0.000690141168889, 0.00179165333975, -0.00243159825914], [-9.45084902924e-05, 0.00148221617565, -0.0015604380751, 0.000661436060909, -0.000200085705728, -0.00330515578389, 0.00251451227814, 0.000839637767058, -0.00516221998259, 0.0146616650745, -0.00318864360452, 5.34307182534e-05, 0.00118244113401], [0.000377632502932, -0.00126341159921, 0.00274095614441, 0.000246690178756, -0.00102960027289, 0.00167169270571, -0.00217052316293, -5.93714757997e-05, -0.000690141168889, -0.00318864360452, 0.0170253627002, -0.00601681927219, 0.000673788075801], [-0.000179279639269, 0.00202767201699, -0.00244112429209, -3.25083528878e-05, 0.00154384691268, 0.000854035431985, -0.000219749024836, -0.000223170849495, 0.00179165333975, 5.34307182534e-05, -0.00601681927219, 0.0202117804438, -0.00690273754299], [0.000443383149104, -0.000598395883571, 0.00112357921898, -0.00136970705353, -0.000487447425257, -0.00120891549159, 0.000202422626899, 0.00153593486175, -0.00243159825914, 0.00118244113401, 0.000673788075801, -0.00690273754299, 0.0164093021303]], "mean": [-96.0676727295, 90.6280288696, -111.874526978, 36.4393692017, -65.8933105469, 5.57734966278, -42.2271232605, 5.61444997787, -27.526889801, -6.1483039856, -12.0978488922, -2.30755186081, -14.6478881836]}, "hfc": {"dmean": 2.98376822472, "dmean2": 3.79984307289, "dvar": 39.2512741089, "dvar2": 67.9805831909, "max": 143.32749939, "mean": 11.5776033401, "median": 3.18138599396, "min": 1.23508759245e-16, "var": 350.584381104}, "melbands": {"dmean": [0.000207154167583, 0.000283874105662, 0.000319597107591, 0.000202411683858, 9.16074423003e-05, 6.98197836755e-05, 8.45908725751e-05, 8.42415392981e-05, 6.05328677921e-05, 7.09252853994e-05, 6.65694096824e-05, 4.85899472551e-05, 5.17705193488e-05, 2.52285681199e-05, 2.98759969155e-05, 2.97824226436e-05, 2.11654751183e-05, 8.31531906442e-06, 6.38524352325e-06, 5.3172693697e-06, 3.16523323818e-06, 3.61060642717e-06, 9.30323221837e-06, 4.95444555781e-06, 2.26902329814e-06, 2.72062675322e-06, 2.67383211394e-06, 1.43231886796e-06, 9.76353931037e-07, 5.24792369561e-07, 4.25200653353e-07, 6.48289812943e-07, 1.32005050091e-06, 1.36412279517e-06, 5.0491979664e-07, 3.83608295351e-07, 4.5031097784e-07, 5.65507775718e-07, 2.2835591551e-07, 1.71049393316e-07], "dmean2": [0.000358859455446, 0.000491888495162, 0.000509953242727, 0.00031849188963, 0.000137058406835, 0.000101825469756, 0.000119983793411, 0.000115611968795, 8.51404474815e-05, 0.00010220540571, 0.000102759324363, 6.94001937518e-05, 7.92762730271e-05, 3.84432532883e-05, 4.3394495151e-05, 4.36613809143e-05, 3.03960059682e-05, 1.25526630654e-05, 9.6067233244e-06, 7.72331350163e-06, 4.8699484978e-06, 5.30100169271e-06, 1.37939823617e-05, 7.39603365218e-06, 3.37545952789e-06, 3.96945461034e-06, 3.85909925171e-06, 2.18147283704e-06, 1.54370161454e-06, 7.8898102629e-07, 6.16111094587e-07, 9.14856116196e-07, 2.01674311029e-06, 2.0817406039e-06, 6.87997896875e-07, 5.20528033121e-07, 6.35939215954e-07, 8.40447398787e-07, 3.09097003992e-07, 2.32950753798e-07], "dvar": [8.75002683642e-07, 1.03896138626e-06, 9.43344502957e-07, 2.01228118613e-07, 3.24590736511e-08, 2.72771494281e-08, 4.44823555767e-08, 8.56896562595e-08, 3.25740359131e-08, 5.55441275196e-08, 4.41584440125e-08, 2.97210362987e-08, 4.49461907692e-08, 1.41033291712e-08, 1.57186814675e-08, 1.38457663112e-08, 7.00646918261e-09, 1.15219023211e-09, 9.65079571813e-10, 6.8643324358e-10, 8.55024731572e-11, 1.7103790606e-10, 7.71292640867e-10, 1.43011560927e-10, 3.37802841255e-11, 3.78534079082e-11, 5.02935817992e-11, 1.39388049714e-11, 7.71608037881e-12, 2.59268257904e-12, 1.81995629504e-12, 3.65582520853e-12, 3.35942211549e-11, 3.98115360123e-11, 2.70932104876e-12, 1.87951629087e-12, 3.29731381088e-12, 6.7075342676e-12, 3.95910816067e-13, 4.40982265894e-13], "dvar2": [2.36681876231e-06, 2.91012065645e-06, 2.43348586082e-06, 5.14642067628e-07, 7.92758996226e-08, 6.28715497442e-08, 8.54005506312e-08, 1.60536117733e-07, 5.61669502019e-08, 1.08814738553e-07, 1.10912260709e-07, 5.62831203865e-08, 1.10102554629e-07, 3.33338512348e-08, 3.26915383653e-08, 2.86611960831e-08, 1.33579014516e-08, 2.51658449635e-09, 1.7097617766e-09, 1.19204457416e-09, 1.91748256162e-10, 3.55793700058e-10, 1.5754132443e-09, 3.04215375113e-10, 7.29314872383e-11, 7.3767540687e-11, 9.9639449469e-11, 2.66419473288e-11, 1.82552219868e-11, 5.29620141146e-12, 3.58877250833e-12, 6.66224844389e-12, 8.01407759599e-11, 9.85163270406e-11, 4.92486346843e-12, 2.9267215821e-12, 7.39970584807e-12, 1.60649375747e-11, 7.43002230921e-13, 8.59722666322e-13], "max": [0.0111289713532, 0.0151914907619, 0.016611488536, 0.0108496546745, 0.00492790294811, 0.00503360526636, 0.0057500465773, 0.0108379330486, 0.00671265181154, 0.00817801523954, 0.00720314634964, 0.00653441809118, 0.0069652297534, 0.00459074415267, 0.00510771386325, 0.0058659077622, 0.00339076318778, 0.00144949532114, 0.0016963618109, 0.00133084063418, 0.000433912413428, 0.000695950526278, 0.00119113945402, 0.00026867527049, 0.000225006486289, 0.000178822956514, 0.000200629190658, 0.000200263253646, 6.09038652328e-05, 3.23480999214e-05, 4.49782164651e-05, 3.73348411813e-05, 0.000109546199383, 0.00012689261348, 6.03258922638e-05, 7.97270840849e-05, 5.66805902054e-05, 7.00166783645e-05, 1.79663620656e-05, 3.84477352782e-05], "mean": [0.00020315888105, 0.000387216365198, 0.000491817831062, 0.00041088098078, 0.000224591582082, 0.000167109130416, 0.000208798475796, 0.000205936376005, 0.000132982298965, 0.000149274463183, 0.000142453980516, 0.000100548066257, 0.000121668737847, 4.93745646963e-05, 6.68979046168e-05, 7.04532649252e-05, 4.85821365146e-05, 1.73748212546e-05, 1.4373274098e-05, 1.21013963508e-05, 7.25269046598e-06, 9.53138714976e-06, 2.40700392169e-05, 1.14946487884e-05, 5.32108833795e-06, 7.32211901777e-06, 7.49635046304e-06, 3.17103058478e-06, 1.67632322245e-06, 8.8518532948e-07, 7.42392899156e-07, 1.12238944894e-06, 1.80673339401e-06, 1.85305850664e-06, 8.42629560793e-07, 6.65181914883e-07, 6.96308006809e-07, 7.77858531364e-07, 3.77695698717e-07, 2.45198549464e-07], "median": [3.8251731894e-05, 0.000128464089357, 0.00017762434436, 0.000172767133336, 0.000105786217318, 5.87437170907e-05, 4.56440029666e-05, 2.28187691391e-05, 1.64083321579e-05, 9.63966795098e-06, 1.05154413177e-05, 5.32595731784e-06, 4.33972627434e-06, 4.0267955228e-06, 3.60923013432e-06, 2.52137010648e-06, 2.18583113565e-06, 1.44414389069e-06, 1.58735167588e-06, 1.47527691752e-06, 1.37184099458e-06, 1.2700534171e-06, 1.67485904967e-06, 1.68655049038e-06, 1.0383598692e-06, 1.14995430067e-06, 1.04202501916e-06, 6.26283451766e-07, 4.35304713164e-07, 2.1534772543e-07, 1.62369659051e-07, 2.49390211593e-07, 3.02962689602e-07, 2.2595605742e-07, 1.5199674408e-07, 1.29109821501e-07, 8.63187921141e-08, 8.69929834835e-08, 6.47799822673e-08, 2.51978011789e-08], "min": [5.19430827297e-24, 6.70930775284e-24, 8.11800507028e-24, 1.5092400064e-23, 1.9056328294e-23, 1.04627607936e-23, 8.38632269656e-24, 6.95964250592e-24, 1.43009296069e-23, 9.78121337044e-24, 1.04898423884e-23, 1.4680696713e-23, 1.7621800515e-23, 6.97572264661e-24, 1.01277568107e-23, 5.40272177425e-24, 4.08535837798e-24, 1.12030941313e-23, 9.66506937937e-24, 1.11698436442e-23, 1.69159041112e-23, 7.68817527341e-24, 4.86664582409e-24, 1.53544028587e-23, 1.7241959256e-23, 1.12387254007e-23, 1.01549780339e-23, 9.93672625385e-24, 9.94953025521e-24, 7.72304923631e-24, 4.33166165741e-24, 8.0921746088e-24, 8.55487229529e-24, 8.63495193236e-24, 7.95932806578e-24, 9.28000980545e-24, 1.10294603241e-23, 1.23594798103e-23, 7.99544132916e-24, 8.6206932715e-24], "var": [6.17776038325e-07, 8.33473393413e-07, 9.97811639536e-07, 4.12040350284e-07, 1.10389031249e-07, 1.11819645099e-07, 1.9883020741e-07, 4.35728196635e-07, 1.44752590359e-07, 1.70654516296e-07, 1.47680083273e-07, 1.16026171781e-07, 2.21027349312e-07, 3.63946810467e-08, 7.27375351062e-08, 5.9013203213e-08, 3.19173203422e-08, 4.3183350229e-09, 5.11283371196e-09, 3.25796500888e-09, 5.14322806566e-10, 1.10920850283e-09, 4.54008786122e-09, 6.57698173701e-10, 1.77024686576e-10, 2.47935227904e-10, 3.43770373279e-10, 6.31576110854e-11, 1.33625202917e-11, 4.79201140574e-12, 3.80342415549e-12, 8.36758700523e-12, 3.94330956777e-11, 4.46660070041e-11, 5.89648642413e-12, 4.33276374848e-12, 5.04622992697e-12, 8.08284082027e-12, 9.33811188097e-13, 7.97501875736e-13]}, "melbands_crest": {"dmean": 2.68608665466, "dmean2": 4.25219106674, "dvar": 7.03669643402, "dvar2": 16.930103302, "max": 39.9529647827, "mean": 14.1644639969, "median": 12.5776405334, "min": 1.88951861858, "var": 44.7551116943}, "melbands_flatness_db": {"dmean": 0.0196371152997, "dmean2": 0.0286158192903, "dvar": 0.00043025292689, "dvar2": 0.000877180253156, "max": 0.488072514534, "mean": 0.209580659866, "median": 0.200091376901, "min": 0.00490610534325, "var": 0.00468056928366}, "melbands_kurtosis": {"dmean": 11.4251785278, "dmean2": 18.3336658478, "dvar": 1555.4005127, "dvar2": 3903.76660156, "max": 1617.06604004, "mean": 42.1297950745, "median": 12.5322647095, "min": -1.90002596378, "var": 22229.5566406}, "melbands_skewness": {"dmean": 0.693833708763, "dmean2": 1.05838572979, "dvar": 0.994645059109, "dvar2": 2.14133810997, "max": 38.8843231201, "mean": 3.69061017036, "median": 2.9076333046, "min": -1.22439920902, "var": 20.4158630371}, "melbands_spread": {"dmean": 4.84483242035, "dmean2": 7.19560432434, "dvar": 72.9368057251, "dvar2": 146.495300293, "max": 231.086730957, "mean": 18.5206108093, "median": 14.8552589417, "min": 0.586644113064, "var": 246.369613647}, "mfcc": {"cov": [[15568.4658203, 1176.63598633, -1351.53027344, -733.256835938, -645.696044922, -460.861297607, -38.8143577576, 127.265380859, -513.418151855, 43.404132843, -107.603965759, -308.144287109, -350.308380127], [1176.63598633, 1255.16320801, -341.440002441, -23.05585289, -156.252105713, -180.297637939, -11.2018642426, 36.5112724304, -156.303009033, -21.4021282196, -11.3795833588, -70.9967651367, -73.5316696167], [-1351.53027344, -341.440002441, 730.192626953, 274.999938965, 130.916412354, 131.329269409, -64.327583313, -64.6850204468, 105.153137207, -61.7651748657, -41.990436554, 13.8751001358, 55.4220466614], [-733.256835938, -23.05585289, 274.999938965, 381.995269775, 188.984939575, 26.817735672, -129.298217773, -69.9851226807, 24.8517608643, -51.774269104, -55.280506134, -1.36596119404, 52.0551681519], [-645.696044922, -156.252105713, 130.916412354, 188.984939575, 336.994689941, 103.611450195, -64.3879928589, -78.5363769531, 47.7986717224, -13.6426973343, -20.6488075256, 30.2290725708, 15.2637329102], [-460.861297607, -180.297637939, 131.329269409, 26.817735672, 103.611450195, 235.386138916, 76.5241699219, -26.4813709259, 59.975933075, -8.36870574951, -2.09048318863, 43.191696167, -31.2204933167], [-38.8143577576, -11.2018642426, -64.327583313, -129.298217773, -64.3879928589, 76.5241699219, 223.215362549, 86.2328643799, 21.373128891, 20.0336093903, 38.2192878723, 18.8285903931, -42.7185020447], [127.265380859, 36.5112724304, -64.6850204468, -69.9851226807, -78.5363769531, -26.4813709259, 86.2328643799, 136.576660156, 15.5844078064, 21.4361095428, 20.7163028717, -13.138715744, -2.11516833305], [-513.418151855, -156.303009033, 105.153137207, 24.8517608643, 47.7986717224, 59.975933075, 21.373128891, 15.5844078064, 124.359039307, 33.6887130737, 4.82747602463, 15.4917755127, 13.5445394516], [43.404132843, -21.4021282196, -61.7651748657, -51.774269104, -13.6426973343, -8.36870574951, 20.0336093903, 21.4361095428, 33.6887130737, 94.8721237183, 42.9323348999, 8.87782382965, 0.531434714794], [-107.603965759, -11.3795833588, -41.990436554, -55.280506134, -20.6488075256, -2.09048318863, 38.2192878723, 20.7163028717, 4.82747602463, 42.9323348999, 93.7784118652, 30.2967987061, -4.52819156647], [-308.144287109, -70.9967651367, 13.8751001358, -1.36596119404, 30.2290725708, 43.191696167, 18.8285903931, -13.138715744, 15.4917755127, 8.87782382965, 30.2967987061, 82.6070632935, 20.0770721436], [-350.308380127, -73.5316696167, 55.4220466614, 52.0551681519, 15.2637329102, -31.2204933167, -42.7185020447, -2.11516833305, 13.5445394516, 0.531434714794, -4.52819156647, 20.0770721436, 97.1315231323]], "icov": [[9.75512957666e-05, -3.96632958655e-06, 7.86579257692e-05, 8.99239530554e-05, 5.80025734962e-05, -3.93182654079e-06, 0.000130827655084, -8.02698341431e-05, 0.000270921358606, -0.000148037681356, 0.000205131349503, 0.000116171489935, 0.000249739125138], [-3.96632958655e-06, 0.00119671609718, 0.0004738685966, -0.000760515918955, 0.000424019759521, 0.00048969022464, -0.000172601692611, -0.00010202654812, 0.000757923990022, 1.82458752533e-05, 4.93756233482e-05, 0.000150865045725, 0.000906806497369], [7.86579257692e-05, 0.0004738685966, 0.00283337966539, -0.00181661627721, 0.000957054726314, -0.00105247856118, 0.000191636499949, 0.000536821607966, -0.00153233855963, 0.00153905048501, -0.00059006822994, 0.000871063617524, -0.000395723473048], [8.99239530554e-05, -0.000760515918955, -0.00181661627721, 0.00642347196117, -0.00277083879337, 0.000127060717205, 0.00198397412896, -0.000599644263275, 0.000259198801359, 0.000800719775725, 0.00117104570381, 0.00025978544727, -0.00136124889832], [5.80025734962e-05, 0.000424019759521, 0.000957054726314, -0.00277083879337, 0.00566809298471, -0.00196852511726, 0.000756261870265, 0.0013939809287, -0.000956418574788, -0.000189609549125, -0.00018005851598, -0.000485596217914, 0.000534960650839], [-3.93182654079e-06, 0.00048969022464, -0.00105247856118, 0.000127060717205, -0.00196852511726, 0.00925304647535, -0.00398643687367, 0.00222455244511, -0.00203274562955, 0.000644084764645, 0.00165042292792, -0.00342184468172, 0.00353184528649], [0.000130827655084, -0.000172601692611, 0.000191636499949, 0.00198397412896, 0.000756261870265, -0.00398643687367, 0.0102006066591, -0.00577530870214, 0.000163908494869, 0.000593793170992, -0.00115752243437, -0.00133050640579, 0.00232379604131], [-8.02698341431e-05, -0.00010202654812, 0.000536821607966, -0.000599644263275, 0.0013939809287, 0.00222455244511, -0.00577530870214, 0.0130221629515, -0.00313929934055, 0.000175673820195, -0.00133692799136, 0.00285294326022, -0.0023273427505], [0.000270921358606, 0.000757923990022, -0.00153233855963, 0.000259198801359, -0.000956418574788, -0.00203274562955, 0.000163908494869, -0.00313929934055, 0.0148819284514, -0.00694669503719, 0.00272329570726, -0.000224605100811, -7.68958852859e-05], [-0.000148037681356, 1.82458752533e-05, 0.00153905048501, 0.000800719775725, -0.000189609549125, 0.000644084764645, 0.000593793170992, 0.000175673820195, -0.00694669503719, 0.0176657550037, -0.00750221032649, 0.00125752971508, -0.00106323021464], [0.000205131349503, 4.93756233482e-05, -0.00059006822994, 0.00117104570381, -0.00018005851598, 0.00165042292792, -0.00115752243437, -0.00133692799136, 0.00272329570726, -0.00750221032649, 0.0176210030913, -0.00655676145107, 0.00234493007883], [0.000116171489935, 0.000150865045725, 0.000871063617524, 0.00025978544727, -0.000485596217914, -0.00342184468172, -0.00133050640579, 0.00285294326022, -0.000224605100811, 0.00125752971508, -0.00655676145107, 0.0189851168543, -0.00585509696975], [0.000249739125138, 0.000906806497369, -0.000395723473048, -0.00136124889832, 0.000534960650839, 0.00353184528649, 0.00232379604131, -0.0023273427505, -7.68958852859e-05, -0.00106323021464, 0.00234493007883, -0.00585509696975, 0.0161964036524]], "mean": [-734.155944824, 116.165267944, 9.14843654633, 26.9334621429, 1.56305766106, -2.43156838417, -2.6323993206, 4.88733243942, -11.4573316574, -1.15799582005, -2.21691203117, -3.60651135445, -1.66772806644]}, "pitch_salience": {"dmean": 0.0562833435833, "dmean2": 0.0893313139677, "dvar": 0.00297340517864, "dvar2": 0.00736015709117, "max": 0.846346914768, "mean": 0.585130870342, "median": 0.612636446953, "min": 0.0040719746612, "var": 0.0216818638146}, "silence_rate_20dB": {"dmean": 0, "dmean2": 0, "dvar": 0, "dvar2": 0, "max": 1, "mean": 1, "median": 1, "min": 1, "var": 0}, "silence_rate_30dB": {"dmean": 0.000945894804318, "dmean2": 0.00189196853898, "dvar": 0.000945045438129, "dvar2": 0.0024561197497, "max": 1, "mean": 0.999243378639, "median": 1, "min": 0, "var": 0.000756027293392}, "silence_rate_60dB": {"dmean": 0.0408626571298, "dmean2": 0.0817330405116, "dvar": 0.0391960740089, "dvar2": 0.0854446664453, "max": 1, "mean": 0.373025625944, "median": 0, "min": 0, "var": 0.233876928687}, "spectral_centroid": {"dmean": 192.205291748, "dmean2": 283.013092041, "dvar": 68638.265625, "dvar2": 134114.171875, "max": 11245.3222656, "mean": 1231.53564453, "median": 1097.13134766, "min": 203.708679199, "var": 462359.53125}, "spectral_complexity": {"dmean": 1.83238744736, "dmean2": 2.81051945686, "dvar": 6.98647069931, "dvar2": 13.7904644012, "max": 49, "mean": 9.98760986328, "median": 8, "min": 0, "var": 71.695526123}, "spectral_contrast_coeffs": {"dmean": [0.0454616360366, 0.0368194207549, 0.0334972068667, 0.0272407345474, 0.0219806320965, 0.0184847675264], "dmean2": [0.0740799754858, 0.0579391345382, 0.0533467456698, 0.0426874533296, 0.0332393348217, 0.0275798067451], "dvar": [0.00145854824223, 0.00101554614957, 0.000839415413793, 0.000539288274013, 0.000366874766769, 0.000302631786326], "dvar2": [0.00373644987121, 0.00248034624383, 0.0019187371945, 0.00124182342552, 0.00074055447476, 0.000605217122938], "max": [-0.316835492849, -0.420878589153, -0.416170835495, -0.51509219408, -0.547073423862, -0.628510117531], "mean": [-0.629614531994, -0.705214381218, -0.751655578613, -0.773179531097, -0.772221505642, -0.776231110096], "median": [-0.629085361958, -0.708223223686, -0.765884757042, -0.785531461239, -0.776103973389, -0.771288335323], "min": [-0.964283645153, -0.959599196911, -0.96096855402, -0.964513421059, -0.962031245232, -0.959481179714], "var": [0.00763220014051, 0.00690227840096, 0.0072527192533, 0.00493258005008, 0.00325559964404, 0.00168000266422]}, "spectral_contrast_valleys": {"dmean": [0.433250486851, 0.30306237936, 0.298179090023, 0.269567251205, 0.246145367622, 0.324279218912], "dmean2": [0.692621231079, 0.486324161291, 0.475297838449, 0.412720710039, 0.358369320631, 0.3803383708], "dvar": [0.173104524612, 0.094823345542, 0.0899739712477, 0.0886373966932, 0.0888500660658, 0.12982365489], "dvar2": [0.381073415279, 0.202316969633, 0.178957358003, 0.166082531214, 0.152198046446, 0.176232606173], "max": [-5.20115995407, -5.32617282867, -5.37390899658, -5.99138307571, -5.89407205582, -8.06026935577], "mean": [-8.30931186676, -7.84266901016, -8.57755279541, -9.0178527832, -8.66576385498, -11.1568994522], "median": [-8.02564907074, -7.53974533081, -8.25763893127, -8.73592567444, -8.44830417633, -11.0713596344], "min": [-27.3829784393, -27.3434276581, -27.867181778, -27.3507595062, -27.2657165527, -27.2180576324], "var": [2.01451468468, 2.02697587013, 2.24229621887, 1.90825855732, 1.71771347523, 1.66891252995]}, "spectral_decrease": {"dmean": 9.53921164282e-10, "dmean2": 1.40367395485e-09, "dvar": 3.83354001115e-18, "dvar2": 8.94350077116e-18, "max": 9.21116139505e-29, "mean": -3.17750981083e-09, "median": -1.44944722891e-09, "min": -3.2723157517e-08, "var": 1.68690681174e-17}, "spectral_energy": {"dmean": 0.00383129832335, "dmean2": 0.00556860910729, "dvar": 6.0401049268e-05, "dvar2": 0.000138312971103, "max": 0.136504724622, "mean": 0.0130426706746, "median": 0.00586625142023, "min": 1.08549595082e-20, "var": 0.000289963791147}, "spectral_energyband_high": {"dmean": 0.000163387565408, "dmean2": 0.000209146441193, "dvar": 2.82131026097e-07, "dvar2": 5.12155850174e-07, "max": 0.00856938585639, "mean": 0.000312694290187, "median": 6.76472409396e-05, "min": 7.6882140475e-21, "var": 6.23967991942e-07}, "spectral_energyband_low": {"dmean": 0.00152112310752, "dmean2": 0.00250654760748, "dvar": 2.55269806075e-05, "dvar2": 6.7250635766e-05, "max": 0.066727437079, "mean": 0.00216842861846, "median": 0.000752262189053, "min": 4.73598829119e-23, "var": 2.35834922933e-05}, "spectral_energyband_middle_high": {"dmean": 0.00106237700675, "dmean2": 0.00145310128573, "dvar": 7.40459427107e-06, "dvar2": 1.52580614667e-05, "max": 0.0770158842206, "mean": 0.00420320080593, "median": 0.000507346645463, "min": 1.71640057884e-21, "var": 8.4734398115e-05}, "spectral_energyband_middle_low": {"dmean": 0.0022439644672, "dmean2": 0.00328268459998, "dvar": 2.03184863494e-05, "dvar2": 4.77394969494e-05, "max": 0.0711698457599, "mean": 0.00695651071146, "median": 0.00363031215966, "min": 3.51686914296e-22, "var": 7.50475664972e-05}, "spectral_entropy": {"dmean": 0.150917410851, "dmean2": 0.201884552836, "dvar": 0.0260757748038, "dvar2": 0.0434200912714, "max": 9.80831336975, "mean": 7.40157365799, "median": 7.357858181, "min": 5.19978523254, "var": 0.240603640676}, "spectral_flux": {"dmean": 0.0149786863476, "dmean2": 0.0230661779642, "dvar": 0.000492011895403, "dvar2": 0.00106412149034, "max": 0.283562898636, "mean": 0.0456970371306, "median": 0.0312756299973, "min": 1.04187138084e-10, "var": 0.00191613764036}, "spectral_kurtosis": {"dmean": 1.38297104836, "dmean2": 2.31250190735, "dvar": 2.3746111393, "dvar2": 6.49158000946, "max": 33.3796386719, "mean": 4.04190969467, "median": 3.54010033607, "min": -1.13729166985, "var": 7.60272979736}, "spectral_rms": {"dmean": 0.00042993776151, "dmean2": 0.000593405507971, "dvar": 4.5168664542e-07, "dvar2": 9.4801640671e-07, "max": 0.0115401623771, "mean": 0.0028752819635, "median": 0.00239231530577, "min": 3.25425949209e-12, "var": 4.45736395704e-06}, "spectral_rolloff": {"dmean": 379.928375244, "dmean2": 625.140136719, "dvar": 832551.6875, "dvar2": 1808935.75, "max": 18992.2851563, "mean": 1183.25, "median": 753.662109375, "min": 21.533203125, "var": 1782261.5}, "spectral_skewness": {"dmean": 0.188043966889, "dmean2": 0.300514310598, "dvar": 0.0340023078024, "dvar2": 0.0793790668249, "max": 4.67046689987, "mean": 1.48931980133, "median": 1.47445487976, "min": -0.0513381436467, "var": 0.174311250448}, "spectral_spread": {"dmean": 546370.3125, "dmean2": 728161.375, "dvar": 56633