{"lowlevel": {"average_loudness": 0.854942083359, "barkbands": {"dmean": [0.000205439413548, 0.00491716573015, 0.00160057155881, 0.000864374858793, 0.00201111729257, 0.000558659550734, 0.000667024520226, 0.000884938111994, 0.000840922642965, 0.000644454499707, 0.000894586322829, 0.000503561983351, 0.00073432008503, 0.000926008040551, 0.000499318528455, 0.000671431596857, 0.000319840037264, 0.00021104006737, 0.000140770891448, 7.38831004128e-05, 5.52109158889e-05, 4.67447971459e-05, 2.68894564215e-05, 1.31895340019e-05, 4.96033726449e-06, 3.86891315429e-06, 3.3206137573e-07], "dmean2": [0.000253767735558, 0.00765142962337, 0.00289900717326, 0.00146219437011, 0.00342049263418, 0.000924292777199, 0.00112829264253, 0.00135630881414, 0.00128437241074, 0.000993470661342, 0.0014257770963, 0.000794120598584, 0.00112272961996, 0.00149178004358, 0.000774881453253, 0.00111672282219, 0.000503465358634, 0.00032992096385, 0.000222294547711, 0.000111386718345, 8.25445313239e-05, 6.84487968101e-05, 3.82842445106e-05, 1.74429496838e-05, 6.81504388922e-06, 5.66904600419e-06, 5.26594703842e-07], "dvar": [2.3685467454e-07, 7.4207680882e-05, 1.07065961856e-05, 1.64030416272e-06, 8.62737670104e-06, 9.07824244223e-07, 2.09275640373e-06, 5.64031415706e-06, 6.16310398982e-06, 1.72253749042e-06, 3.4597519516e-06, 1.35381981181e-06, 2.14445503843e-06, 3.508369673e-06, 1.49768061419e-06, 2.06178197004e-06, 7.29539124222e-07, 1.22040660244e-07, 4.40389840151e-08, 1.7671041519e-08, 7.71300001645e-09, 7.03837965688e-09, 1.25530243977e-08, 4.129379505e-09, 2.36732078385e-10, 1.37964722979e-10, 1.46674567023e-12], "dvar2": [3.87516394085e-07, 0.000159807968885, 3.07812661049e-05, 4.37621520177e-06, 2.3677610443e-05, 2.24562495532e-06, 5.36355400982e-06, 1.2432481526e-05, 1.33539588205e-05, 3.60107333108e-06, 8.97649624676e-06, 3.19836613016e-06, 4.67641075375e-06, 8.9836139523e-06, 3.46160231857e-06, 5.25907989868e-06, 1.67202733792e-06, 2.91340029435e-07, 1.08010596023e-07, 3.74643427392e-08, 1.68436091741e-08, 1.52480534865e-08, 2.21910099185e-08, 6.0175144867e-09, 4.17870044123e-10, 3.04565150877e-10, 3.68985484528e-12], "max": [0.00776396878064, 0.0809180513024, 0.0419614985585, 0.0172564201057, 0.0359486378729, 0.0207309573889, 0.0376891158521, 0.0605136565864, 0.0570609048009, 0.0334842056036, 0.0384636484087, 0.0418090634048, 0.0277976468205, 0.0491282381117, 0.0342696160078, 0.0286937300116, 0.0176621749997, 0.00992815103382, 0.00374401314184, 0.00514524010941, 0.00211742892861, 0.00185614172369, 0.00572419073433, 0.00347250699997, 0.0006188947591, 0.000270444754278, 3.23478889186e-05], "mean": [0.000280253327219, 0.00682727387175, 0.00166930723935, 0.00130905059632, 0.00350799947046, 0.000848152732942, 0.000780857051723, 0.00135790172499, 0.00130765151698, 0.00110790017061, 0.00150788016617, 0.00078120524995, 0.00129226222634, 0.00176059722435, 0.0010767338099, 0.00103898323141, 0.000615420460235, 0.000393385649659, 0.000267170456937, 0.000145872196299, 0.000111411885882, 9.5550021797e-05, 5.15496794833e-05, 2.45833089139e-05, 9.3134585768e-06, 5.51737684873e-06, 3.7470815073e-07], "median": [2.33593145822e-05, 0.00221372582018, 0.000906052126084, 0.000905790599063, 0.00273940945044, 0.000530836055987, 0.000302509695757, 0.00029316439759, 0.00026932763285, 0.000431742548244, 0.000521050184034, 0.000301074498566, 0.000396601069951, 0.000433838460594, 0.000224844508921, 0.000330545124598, 0.000232356585911, 0.000224567571422, 0.000160770199727, 7.5679148722e-05, 6.11225186731e-05, 4.59022303403e-05, 1.94019485207e-05, 8.03109742264e-06, 2.89490571959e-06, 9.84310418062e-07, 3.34829834969e-08], "min": [2.79681798704e-24, 9.36797174068e-24, 1.14314922404e-23, 1.10959952194e-23, 1.66357780261e-23, 1.13780058933e-23, 3.8545876909e-23, 7.13580461238e-24, 4.43908376566e-23, 5.2812562064e-23, 4.06141566065e-23, 5.7968055225e-23, 9.92353444848e-23, 8.36032957196e-23, 1.20119799551e-22, 9.83614633066e-23, 1.18460288642e-22, 1.91258872087e-22, 2.53721598003e-22, 2.69252590531e-22, 5.10661798987e-22, 3.98968409678e-22, 4.93604631976e-22, 8.74602941694e-22, 1.02195084968e-21, 1.68609509246e-21, 2.40407039562e-21], "var": [5.02477632836e-07, 0.000114331705845, 7.56417330194e-06, 2.08223013942e-06, 1.13498517749e-05, 1.30640796669e-06, 2.7275254979e-06, 1.36142552947e-05, 1.50526657308e-05, 4.97666178489e-06, 7.22592585589e-06, 2.36000346376e-06, 5.28314649273e-06, 1.51221147462e-05, 9.01437942957e-06, 3.70079260392e-06, 1.98592510969e-06, 2.76560911061e-07, 1.0290341379e-07, 5.16027469644e-08, 2.01513010722e-08, 1.89868654132e-08, 2.85869248273e-08, 1.11467333141e-08, 6.00109406612e-10, 2.26346288934e-10, 1.67057383552e-12]}, "barkbands_crest": {"dmean": 2.80427408218, "dmean2": 4.59712028503, "dvar": 6.82396221161, "dvar2": 16.4467411041, "max": 25.9391613007, "mean": 9.53249454498, "median": 8.56027984619, "min": 2.38196825981, "var": 17.7727203369}, "barkbands_flatness_db": {"dmean": 0.0199441462755, "dmean2": 0.0292657930404, "dvar": 0.000432054657722, "dvar2": 0.000793252896983, "max": 0.434698313475, "mean": 0.141658708453, "median": 0.13517215848, "min": 0.0156661309302, "var": 0.00256427843124}, "barkbands_kurtosis": {"dmean": 2.10110330582, "dmean2": 3.21442222595, "dvar": 61.2491149902, "dvar2": 126.908302307, "max": 348.615447998, "mean": 1.95999085903, "median": -0.0913037359715, "min": -1.90666258335, "var": 118.36857605}, "barkbands_skewness": {"dmean": 0.510157167912, "dmean2": 0.779777109623, "dvar": 0.322051584721, "dvar2": 0.668305873871, "max": 14.2331542969, "mean": 0.83824211359, "median": 0.676208615303, "min": -4.03594255447, "var": 1.43515753746}, "barkbands_spread": {"dmean": 4.84434223175, "dmean2": 7.26128816605, "dvar": 24.0630741119, "dvar2": 46.9793701172, "max": 117.666687012, "mean": 23.4585838318, "median": 23.0757522583, "min": 0.310440927744, "var": 118.035499573}, "dissonance": {"dmean": 0.0172178950161, "dmean2": 0.0291879493743, "dvar": 0.000269208132522, "dvar2": 0.000731113250367, "max": 0.500000059605, "mean": 0.471039056778, "median": 0.476845920086, "min": 0.308502107859, "var": 0.000510743760969}, "dynamic_complexity": 4.08411693573, "erbbands": {"dmean": [0.10713583976, 1.23851573467, 2.00788974762, 2.16705965996, 6.07190227509, 6.32271814346, 4.84866380692, 5.28301429749, 8.97273921967, 12.9636278152, 18.4770278931, 19.1983013153, 18.8562107086, 18.9336223602, 40.8297195435, 19.0898323059, 32.2383804321, 44.9898643494, 30.5403137207, 27.3397083282, 26.014509201, 14.5265922546, 11.5711317062, 9.67747402191, 5.2707490921, 3.54803705215, 2.29086375237, 2.2580447197, 1.80585646629, 1.14459323883, 0.687717854977, 0.403494924307, 0.157997399569, 0.0658988580108, 0.0313640758395, 0.0178812928498, 0.00707481708378, 0.00129133241717, 4.25109392381e-05, 1.21942712212e-05], "dmean2": [0.15793427825, 1.96252977848, 3.53573656082, 3.71723651886, 10.3021459579, 10.7657346725, 8.07004547119, 8.75274944305, 15.2299528122, 20.638835907, 27.7298641205, 29.380487442, 28.8786048889, 29.0550479889, 64.743637085, 29.5456504822, 49.6211433411, 71.9214401245, 47.4054527283, 43.6864891052, 42.8867759705, 22.4976730347, 17.8643741608, 15.5847854614, 8.07319355011, 5.32668972015, 3.42996573448, 3.39040088654, 2.6681842804, 1.66821157932, 0.967185556889, 0.550813615322, 0.213112875819, 0.0917990282178, 0.043609444052, 0.0255950633436, 0.0106325624511, 0.00198791339062, 6.59347060719e-05, 1.74915039679e-05], "dvar": [0.0308655463159, 4.84597682953, 15.6641464233, 11.9840555191, 86.3513717651, 86.2322998047, 57.8611831665, 91.0190582275, 351.581756592, 755.730102539, 2994.86694336, 3363.05688477, 1839.10351563, 1669.89172363, 6538.61425781, 1815.22802734, 3886.06689453, 7512.79101563, 5150.26123047, 2473.83007813, 3280.33740234, 770.95135498, 376.253326416, 202.591293335, 85.0055999756, 40.6585884094, 12.9976186752, 14.4630088806, 10.4981040955, 14.5647239685, 7.84602594376, 4.88492250443, 0.489002466202, 0.0526333265007, 0.00792976748198, 0.00257879425772, 0.000522635877132, 1.84865493793e-05, 2.41651587629e-08, 2.04900860168e-10], "dvar2": [0.0634776651859, 10.6915464401, 43.4182510376, 32.5959396362, 239.456848145, 234.905715942, 148.040756226, 229.010818481, 938.799743652, 1734.34521484, 6418.52929688, 7471.95458984, 4016.5078125, 3384.20849609, 16898.1269531, 4345.33300781, 8782.95996094, 18967.7558594, 12567.0615234, 5840.35888672, 8414.32519531, 1804.07897949, 879.465637207, 527.850036621, 188.309387207, 89.674446106, 28.6025810242, 32.4903793335, 23.2469367981, 29.9457302094, 14.3342103958, 8.49420452118, 0.699729144573, 0.0879906639457, 0.0141890766099, 0.00537253031507, 0.00121239945292, 4.38808456238e-05, 6.1517141603e-08, 4.16320505847e-10], "max": [1.63136565685, 20.5148906708, 44.3697357178, 50.8987998962, 129.608932495, 117.033248901, 162.880126953, 249.695739746, 338.813659668, 689.651489258, 1165.77661133, 1545.48425293, 1544.20239258, 1032.91662598, 1326.79980469, 1305.72521973, 1162.17883301, 1861.02832031, 2205.07739258, 1162.52722168, 1378.19848633, 492.54977417, 440.428070068, 221.356521606, 303.606231689, 226.452804565, 78.879486084, 78.3375549316, 76.0968170166, 200.125457764, 138.921020508, 130.89239502, 32.7097854614, 10.1312055588, 3.15150809288, 1.1568145752, 0.634604275227, 0.0979620218277, 0.00396921206266, 0.000154640816618], "mean": [0.156456038356, 1.66288113594, 2.2537984848, 3.35853099823, 10.0483427048, 10.1205511093, 7.39034175873, 7.76042604446, 11.0312385559, 19.0896186829, 28.3411426544, 30.8866996765, 32.4459877014, 35.9929885864, 69.0489501953, 35.0260162354, 60.3034362793, 86.6178283691, 74.9873352051, 52.6075782776, 46.9004669189, 29.7732276917, 24.2232475281, 18.8218326569, 10.140335083, 7.07913589478, 4.69033050537, 4.55761051178, 3.65566515923, 2.23207592964, 1.28513562679, 0.729296267033, 0.298250108957, 0.122832015157, 0.0572485104203, 0.0281431656331, 0.00934873800725, 0.00165244471282, 6.15789467702e-05, 3.47960813087e-05], "median": [0.0471546277404, 0.517521858215, 1.13873744011, 2.5442032814, 7.70758914948, 7.67913532257, 4.89293479919, 4.67434120178, 5.22367334366, 6.07598352432, 6.12943649292, 7.25767707825, 12.6413459778, 14.4747142792, 24.8045196533, 15.6412734985, 22.1655349731, 29.2456512451, 17.0444793701, 21.5305099487, 16.8462505341, 14.1268081665, 13.6808738708, 11.4481916428, 5.64325618744, 3.66835641861, 2.60256695747, 2.43679094315, 1.76861929893, 0.980573773384, 0.471741318703, 0.233401164412, 0.0951464399695, 0.0393808595836, 0.0164923928678, 0.00620924774557, 0.00144343287684, 0.000197434535949, 2.33998762269e-05, 3.01038999169e-05], "min": [1.03646477962e-22, 2.84481185537e-21, 1.35578682871e-20, 3.04525250042e-20, 1.68697702128e-20, 6.6641243826e-20, 9.18770056631e-20, 1.24351004988e-19, 6.05015202863e-19, 2.69860617961e-19, 3.80120278097e-19, 1.34738912311e-18, 1.9792829396e-18, 1.2434431258e-18, 2.064281331e-18, 2.62132729617e-18, 4.67659008375e-18, 4.58340198389e-18, 4.0865075589e-18, 7.98535430658e-18, 6.06549664258e-18, 7.62259011305e-18, 1.00749945136e-17, 1.12270296322e-17, 9.94065707343e-18, 1.28081489772e-17, 1.69234221555e-17, 1.82366938006e-17, 1.67357150222e-17, 1.51862584967e-17, 1.46229385734e-17, 1.92313255477e-17, 1.21005646191e-17, 1.11232565157e-17, 7.95478419269e-18, 6.370274648e-18, 3.05250697779e-18, 1.28284339274e-18, 3.48595158332e-19, 3.25784664201e-20], "var": [0.0552295334637, 7.0776424408, 12.5917797089, 13.0879259109, 107.384513855, 104.079109192, 78.3271331787, 120.525382996, 391.187713623, 1806.80249023, 6572.58642578, 8337.93652344, 5243.64257813, 5036.5390625, 13813.2226563, 3466.95336914, 9903.9609375, 25921.4121094, 40001.4101563, 6444.50634766, 7273.89746094, 2189.30932617, 1021.1451416, 463.245849609, 206.489517212, 117.209144592, 33.9086112976, 36.8621368408, 27.1975688934, 24.3150100708, 19.0263175964, 11.0235042572, 1.36925375462, 0.134639874101, 0.0201200488955, 0.00513933645561, 0.000732600456104, 2.47473835771e-05, 2.67220521266e-08, 6.30539898072e-10]}, "erbbands_crest": {"dmean": 2.8819770813, "dmean2": 4.69365310669, "dvar": 7.01320934296, "dvar2": 17.6603450775, "max": 31.9498519897, "mean": 10.0494194031, "median": 9.0205745697, "min": 2.41159367561, "var": 22.5041103363}, "erbbands_flatness_db": {"dmean": 0.0192965548486, "dmean2": 0.0274965893477, "dvar": 0.00032196182292, "dvar2": 0.000602602493018, "max": 0.348323732615, "mean": 0.186506927013, "median": 0.186301350594, "min": 0.0451591014862, "var": 0.00194548408035}, "erbbands_kurtosis": {"dmean": 1.17427647114, "dmean2": 1.86992108822, "dvar": 2.97670030594, "dvar2": 7.11888027191, "max": 40.5582580566, "mean": 1.38374090195, "median": 0.606774091721, "min": -1.82610011101, "var": 8.59887313843}, "erbbands_skewness": {"dmean": 0.364051312208, "dmean2": 0.561570763588, "dvar": 0.11896917969, "dvar2": 0.270306527615, "max": 6.073366642, "mean": -0.206349045038, "median": -0.166330754757, "min": -5.46653699875, "var": 0.72637373209}, "erbbands_spread": {"dmean": 6.1698050499, "dmean2": 9.46527481079, "dvar": 45.3107070923, "dvar2": 98.1221847534, "max": 158.451599121, "mean": 26.5291957855, "median": 23.7477226257, "min": 2.23410654068, "var": 188.447677612}, "gfcc": {"cov": [[14361.1962891, 763.892822266, -1044.72399902, 302.135406494, -615.923339844, 208.129577637, -11.0398836136, 35.4121742249, -64.137046814, -47.9912872314, -114.595077515, -57.3553085327, -80.3013534546], [763.892822266, 1257.73242188, -218.05796814, -35.846446991, 218.590835571, -147.638046265, 187.196060181, -134.335723877, 78.4144515991, -155.165679932, 70.1653518677, -119.825828552, 93.4741592407], [-1044.72399902, -218.05796814, 756.638061523, 40.6015129089, -39.649471283, 47.6389732361, -41.3790130615, 74.8518981934, -25.787935257, 56.4876670837, -20.7883987427, 80.6153411865, -23.7428970337], [302.135406494, -35.846446991, 40.6015129089, 200.955337524, 22.0680084229, 16.3012695313, -37.8498306274, -7.69281816483, 32.3455886841, -3.89193558693, 1.73500454426, -2.4489967823, 30.4492912292], [-615.923339844, 218.590835571, -39.649471283, 22.0680084229, 379.279144287, -21.7301959991, 21.2769966125, -47.406665802, 14.9845161438, 10.5471143723, 6.25526380539, -7.45404911041, 50.8157539368], [208.129577637, -147.638046265, 47.6389732361, 16.3012695313, -21.7301959991, 184.457244873, 33.4125022888, 36.0397872925, -7.08951425552, 16.5390300751, 10.2826128006, 11.0650367737, -8.77788639069], [-11.0398836136, 187.196060181, -41.3790130615, -37.8498306274, 21.2769966125, 33.4125022888, 183.526153564, 21.2562122345, 25.8134593964, -21.8609695435, 22.5977230072, -14.3798646927, 10.0182771683], [35.4121742249, -134.335723877, 74.8518981934, -7.69281816483, -47.406665802, 36.0397872925, 21.2562122345, 120.274757385, 33.1968803406, 27.9760246277, -6.17677259445, 25.7336730957, -14.7292985916], [-64.137046814, 78.4144515991, -25.787935257, 32.3455886841, 14.9845161438, -7.08951425552, 25.8134593964, 33.1968803406, 143.422698975, 25.5767669678, 7.33198738098, -25.3461112976, 20.660982132], [-47.9912872314, -155.165679932, 56.4876670837, -3.89193558693, 10.5471143723, 16.5390300751, -21.8609695435, 27.9760246277, 25.5767669678, 108.56893158, 11.2068471909, 22.3966789246, -20.6311149597], [-114.595077515, 70.1653518677, -20.7883987427, 1.73500454426, 6.25526380539, 10.2826128006, 22.5977230072, -6.17677259445, 7.33198738098, 11.2068471909, 87.0863647461, 9.99993896484, 6.03702068329], [-57.3553085327, -119.825828552, 80.6153411865, -2.4489967823, -7.45404911041, 11.0650367737, -14.3798646927, 25.7336730957, -25.3461112976, 22.3966789246, 9.99993896484, 78.7262039185, 3.9647321701], [-80.3013534546, 93.4741592407, -23.7428970337, 30.4492912292, 50.8157539368, -8.77788639069, 10.0182771683, -14.7292985916, 20.660982132, -20.6311149597, 6.03702068329, 3.9647321701, 75.9511032104]], "icov": [[0.000169457125594, -0.000502191542182, 0.00037927707308, -0.000543273985386, 0.000485833734274, -0.000478378206026, 0.000272540608421, -0.000369313434931, 0.000454076944152, -0.000702346675098, 0.000745443103369, -0.000526222982444, 0.000299586768961], [-0.000502191542182, 0.00360149587505, -0.0013507908443, 0.00213329773396, -0.00223886198364, 0.00276607368141, -0.0023948517628, 0.00240389909595, -0.00243489909917, 0.00438569486141, -0.00392445595935, 0.00329127022997, -0.00164738320746], [0.00037927707308, -0.0013507908443, 0.00250449986197, -0.00172646227293, 0.00119670387357, -0.00136937457137, 0.000876846315805, -0.00160321779549, 0.00142334867269, -0.00226617185399, 0.00235495436937, -0.00265965145081, 0.00110189593397], [-0.000543273985386, 0.00213329773396, -0.00172646227293, 0.00804174039513, -0.00193199387286, 0.00072799611371, 0.000600788567681, 0.00208465871401, -0.00350604997948, 0.00371635402553, -0.00319931050763, 0.00239226268604, -0.00316910562105], [0.000485833734274, -0.00223886198364, 0.00119670387357, -0.00193199387286, 0.00486713275313, -0.00162864848971, 0.000709396786988, -0.000288809562335, 0.00182045763358, -0.00420340243727, 0.00308755133301, -0.00198768591508, -0.000955172232352], [-0.000478378206026, 0.00276607368141, -0.00136937457137, 0.00072799611371, -0.00162864848971, 0.00859461259097, -0.00329278735444, 0.000110862907604, -0.000486077507958, 0.00229021138512, -0.00375215499662, 0.00301541690715, -0.00119599583559], [0.000272540608421, -0.0023948517628, 0.000876846315805, 0.000600788567681, 0.000709396786988, -0.00329278735444, 0.00888014398515, -0.00321091338992, 0.000181830502697, -0.000480522023281, 0.000421529693995, -0.00100557866972, 0.000458564667497], [-0.000369313434931, 0.00240389909595, -0.00160321779549, 0.00208465871401, -0.000288809562335, 0.000110862907604, -0.00321091338992, 0.0145475016907, -0.00598999252543, 0.00205183774233, -0.000491930870339, -0.00279527157545, 0.00113671075087], [0.000454076944152, -0.00243489909917, 0.00142334867269, -0.00350604997948, 0.00182045763358, -0.000486077507958, 0.000181830502697, -0.00598999252543, 0.0128787225112, -0.00716472556815, 0.00207825866528, 0.00335788726807, -0.00292258197442], [-0.000702346675098, 0.00438569486141, -0.00226617185399, 0.00371635402553, -0.00420340243727, 0.00229021138512, -0.000480522023281, 0.00205183774233, -0.00716472556815, 0.0187941119075, -0.00680140638724, 0.000191683662706, 0.00278466101736], [0.000745443103369, -0.00392445595935, 0.00235495436937, -0.00319931050763, 0.00308755133301, -0.00375215499662, 0.000421529693995, -0.000491930870339, 0.00207825866528, -0.00680140638724, 0.0176820550114, -0.00660181324929, 0.00151271640789], [-0.000526222982444, 0.00329127022997, -0.00265965145081, 0.00239226268604, -0.00198768591508, 0.00301541690715, -0.00100557866972, -0.00279527157545, 0.00335788726807, 0.000191683662706, -0.00660181324929, 0.0224436372519, -0.00663676299155], [0.000299586768961, -0.00164738320746, 0.00110189593397, -0.00316910562105, -0.000955172232352, -0.00119599583559, 0.000458564667497, 0.00113671075087, -0.00292258197442, 0.00278466101736, 0.00151271640789, -0.00663676299155, 0.019563999027]], "mean": [-27.4434280396, 120.771995544, -140.962692261, 36.1442527771, -40.9168624878, 15.3385648727, -29.2154483795, -1.20272421837, -19.5036678314, -2.80398249626, -14.8070316315, 0.6983948946, -8.92867183685]}, "hfc": {"dmean": 6.2669672966, "dmean2": 8.99170970917, "dvar": 55.4814071655, "dvar2": 114.086463928, "max": 110.913879395, "mean": 22.0180397034, "median": 17.9140892029, "min": 1.167645241e-16, "var": 339.472137451}, "melbands": {"dmean": [0.00122249370907, 0.0012400818523, 0.000464491837192, 0.000470537372166, 0.000195317988982, 0.000114907146781, 0.000139827869134, 0.000159167844686, 0.000154336899868, 0.000120139338833, 9.56083240453e-05, 7.66694938648e-05, 0.000126327257021, 7.35094363336e-05, 5.70457013964e-05, 7.4040646723e-05, 9.5290626632e-05, 5.5593183788e-05, 3.3850192267e-05, 5.8227135014e-05, 2.54248152487e-05, 1.58203401952e-05, 1.59490646183e-05, 8.84922519617e-06, 8.62427805259e-06, 3.95135020881e-06, 3.52256120095e-06, 2.43110025622e-06, 1.53040832629e-06, 1.49462528043e-06, 1.3860967556e-06, 1.17058436899e-06, 7.74511761392e-07, 6.5613875222e-07, 4.32591548361e-07, 3.43368924405e-07, 2.21757659347e-07, 1.25391295569e-07, 7.92076946254e-08, 5.12984925649e-08], "dmean2": [0.00184073648416, 0.00203958083875, 0.000789159152191, 0.000806452764664, 0.000322904030327, 0.000189178957953, 0.000237331114477, 0.000250161712756, 0.000231973506743, 0.000184885269846, 0.000146536360262, 0.00011793498561, 0.000200927373953, 0.000114961258078, 8.94372496987e-05, 0.00011241986067, 0.000153637505719, 8.70745643624e-05, 5.21551592101e-05, 9.66676161624e-05, 4.17698793171e-05, 2.46608415182e-05, 2.50499342656e-05, 1.38791920108e-05, 1.40631336762e-05, 6.13024030827e-06, 5.4333963817e-06, 3.73705165657e-06, 2.36436130763e-06, 2.26950965043e-06, 2.13197245102e-06, 1.77265098955e-06, 1.14684519303e-06, 9.82067376754e-07, 6.29741464309e-07, 4.96190068588e-07, 2.99368451806e-07, 1.75210502107e-07, 1.14164564025e-07, 7.26850899468e-08], "dvar": [4.37818016508e-06, 4.94325649925e-06, 4.62438748627e-07, 5.01076613091e-07, 8.80917312429e-08, 4.07423890181e-08, 8.9966860628e-08, 1.31543245629e-07, 2.19421792735e-07, 1.26873658246e-07, 4.65083864754e-08, 2.9697705628e-08, 7.27381959109e-08, 2.43372753062e-08, 1.27406645234e-08, 2.38307578115e-08, 3.60346028572e-08, 1.81122903342e-08, 6.00868999001e-09, 1.60127164861e-08, 5.34697663923e-09, 1.41348521776e-09, 7.90948528895e-10, 2.30322316774e-10, 1.71083591738e-10, 4.72343067437e-11, 4.41067078694e-11, 1.91246046777e-11, 6.19757890841e-12, 6.28262112473e-12, 5.70299406658e-12, 4.72780798885e-12, 2.46365601531e-12, 8.54693399388e-12, 2.68663281726e-12, 4.21170476966e-12, 1.40899726782e-12, 3.17477055929e-13, 1.04332592099e-13, 2.73334499701e-14], "dvar2": [9.11278493732e-06, 1.23101508507e-05, 1.25111398575e-06, 1.4007559912e-06, 2.27566175681e-07, 1.02375175004e-07, 2.3831630358e-07, 3.05559581193e-07, 4.72147746677e-07, 2.82547688357e-07, 1.01722982038e-07, 5.9315205192e-08, 1.90437162928e-07, 5.70095153307e-08, 2.94945579071e-08, 5.15816935831e-08, 9.23287402088e-08, 4.51310313565e-08, 1.37650406629e-08, 4.09553457814e-08, 1.35106246191e-08, 3.20829451894e-09, 1.90406557188e-09, 5.52265622122e-10, 4.51768122911e-10, 1.0993320837e-10, 9.31593135967e-11, 4.39320697876e-11, 1.45179293934e-11, 1.40702744594e-11, 1.30976193433e-11, 1.09724616545e-11, 5.39254318283e-12, 1.77407949442e-11, 4.86464904817e-12, 9.06299254394e-12, 2.31712153805e-12, 5.12509956349e-13, 1.84205962658e-13, 4.87898228221e-14], "max": [0.0191126521677, 0.0209751557559, 0.00770949246362, 0.00918199215084, 0.00574633572251, 0.00489799911156, 0.00661381427199, 0.0101365176961, 0.0103532169014, 0.00963572785258, 0.00746853742748, 0.00437945034355, 0.00513105280697, 0.00631486671045, 0.00236032484099, 0.00329222413711, 0.00438323011622, 0.00398812582716, 0.00220427731983, 0.00272039067931, 0.00222684442997, 0.000801633344963, 0.000828821270261, 0.000354000978405, 0.000212777522393, 0.000186887467862, 0.000299307168461, 0.00012020842405, 3.93319678551e-05, 5.90685049247e-05, 4.53469147033e-05, 5.71088639845e-05, 4.75982706121e-05, 0.000177351874299, 7.12461478543e-05, 0.000106677849544, 7.4904273788e-05, 2.74149042525e-05, 1.23320933199e-05, 7.45453826312e-06], "mean": [0.00177142012399, 0.00160948210396, 0.00077449856326, 0.000792796607129, 0.000303926848574, 0.000171860330738, 0.000167541234987, 0.000239815941313, 0.000235149360378, 0.000188485020772, 0.00015853808145, 0.000136175527587, 0.000214307729038, 0.00012096100545, 0.000100711651612, 0.00013003598724, 0.000172595784534, 0.000127237377455, 7.05225247657e-05, 8.89244620339e-05, 4.60847768409e-05, 2.946839777e-05, 3.10012474074e-05, 1.66628924489e-05, 1.56302921823e-05, 6.87280589773e-06, 6.38051960777e-06, 4.41317069999e-06, 2.84386555904e-06, 2.80020094579e-06, 2.6277748475e-06, 2.24733980758e-06, 1.4582788026e-06, 1.16933813388e-06, 7.60112129683e-07, 5.7962330402e-07, 3.83938726145e-07, 2.18970441779e-07, 1.40820830552e-07, 9.09907384994e-08], "median": [0.000574978184886, 0.000702900637407, 0.000641379563604, 0.000635103264358, 0.000203303730814, 0.000104743958218, 7.31747422833e-05, 6.70165900374e-05, 4.66748097097e-05, 4.23028395744e-05, 5.96199097345e-05, 4.67896279588e-05, 7.30565370759e-05, 5.04226518387e-05, 3.58595461876e-05, 3.96076429752e-05, 4.68601683679e-05, 2.43934409809e-05, 1.66258287209e-05, 2.83328045043e-05, 1.54241424752e-05, 1.16552882901e-05, 1.46516676978e-05, 9.35217212827e-06, 8.91275703907e-06, 3.51036351276e-06, 3.05934963762e-06, 2.12595523408e-06, 1.55143141001e-06, 1.4313104657e-06, 1.33126582114e-06, 1.0371315966e-06, 6.2494575559e-07, 4.68477082904e-07, 2.684807896e-07, 1.75853983819e-07, 1.18818874739e-07, 6.70460877927e-08, 4.20313313043e-08, 2.81497243293e-08], "min": [2.14300908272e-24, 6.52926129527e-24, 4.72846224261e-24, 2.59662737462e-24, 3.72759141924e-24, 2.59639387179e-24, 8.82227484292e-24, 2.42200019425e-24, 4.92192091328e-24, 7.26238207779e-24, 9.559918165e-24, 4.7934371655e-24, 6.89763251674e-24, 6.8503095399e-24, 6.40074875406e-24, 1.06613904475e-23, 7.50656766012e-24, 6.15072165674e-24, 1.02555806763e-23, 8.50511016053e-24, 5.7525165047e-24, 5.5156026422e-24, 1.02499876525e-23, 8.67428690368e-24, 8.90956624638e-24, 8.96943763365e-24, 5.52985302002e-24, 9.48943107654e-24, 8.53590176824e-24, 1.51387472199e-23, 8.31460419622e-24, 9.54890566677e-24, 7.35406033675e-24, 8.81194628708e-24, 7.81313872941e-24, 9.12048240889e-24, 1.26276002213e-23, 7.06763756384e-24, 1.08715256377e-23, 8.51790469555e-24], "var": [7.3217274803e-06, 5.63626690564e-06, 5.56863881229e-07, 5.99347004027e-07, 1.21140146803e-07, 5.61427491164e-08, 1.03306383892e-07, 3.27909731368e-07, 4.88128250709e-07, 3.04046380961e-07, 1.29475338895e-07, 9.0954785037e-08, 1.50181818981e-07, 4.41686545116e-08, 3.16265733602e-08, 5.81346455419e-08, 1.25701788534e-07, 1.27948112549e-07, 2.73084328484e-08, 2.90087296406e-08, 1.24290062686e-08, 3.74546571535e-09, 2.22815943474e-09, 5.30512467289e-10, 3.57623208824e-10, 1.01334732272e-10, 1.11266301728e-10, 4.99323499215e-11, 1.34623839854e-11, 1.54032221006e-11, 1.36243906781e-11, 1.09733801906e-11, 5.5500638807e-12, 1.20707567206e-11, 6.3750727787e-12, 7.43395015684e-12, 3.26708235118e-12, 7.8273184375e-13, 2.39089591224e-13, 6.59037440506e-14]}, "melbands_crest": {"dmean": 2.97646689415, "dmean2": 4.74368715286, "dvar": 6.81809043884, "dvar2": 15.7950744629, "max": 33.0922317505, "mean": 12.0592679977, "median": 11.3273439407, "min": 1.87474691868, "var": 19.4211235046}, "melbands_flatness_db": {"dmean": 0.0252921581268, "dmean2": 0.0374051071703, "dvar": 0.000721531629097, "dvar2": 0.00135343475267, "max": 0.558751761913, "mean": 0.201429620385, "median": 0.189583256841, "min": 0.00630408385769, "var": 0.00424893666059}, "melbands_kurtosis": {"dmean": 4.28927707672, "dmean2": 6.69120931625, "dvar": 138.908050537, "dvar2": 337.516357422, "max": 442.661254883, "mean": 6.29971218109, "median": 2.0318274498, "min": -1.93293166161, "var": 245.859146118}, "melbands_skewness": {"dmean": 0.656320989132, "dmean2": 1.00606262684, "dvar": 0.493028998375, "dvar2": 1.09162557125, "max": 17.1498241425, "mean": 1.77313041687, "median": 1.50828909874, "min": -2.65947628021, "var": 1.93730127811}, "melbands_spread": {"dmean": 7.41650342941, "dmean2": 11.6503791809, "dvar": 66.9590759277, "dvar2": 146.7550354, "max": 268.239807129, "mean": 30.6865901947, "median": 28.7939834595, "min": 0.418967545033, "var": 314.122558594}, "mfcc": {"cov": [[10758.2744141, 563.585876465, -683.113952637, 66.0192108154, -424.835327148, 191.888046265, -121.089820862, 138.670150757, -44.7305145264, 36.0726509094, 83.2376937866, 56.165184021, -163.591964722], [563.585876465, 1293.77783203, -281.404785156, 146.91619873, 23.84425354, 52.5824165344, 72.39868927, 20.3475933075, 32.9565696716, -38.1063537598, 9.37641334534, -44.2036743164, -25.3629074097], [-683.113952637, -281.404785156, 684.946533203, -23.6591529846, -0.449222117662, -37.3917198181, -13.7027873993, 40.1877937317, -8.28367424011, 14.6053037643, -4.13097143173, 18.1144332886, 43.4100608826], [66.0192108154, 146.91619873, -23.6591529846, 205.712677002, 80.2986907959, 14.3278007507, -24.0641727448, -22.9247722626, 21.1427650452, -8.75322532654, -23.931552887, -5.29159069061, 13.7151784897], [-424.835327148, 23.84425354, -0.449222117662, 80.2986907959, 244.601242065, 46.1719589233, 0.00154459883925, -32.3720397949, 9.44662857056, 10.5280771255, -29.6956558228, -18.6961517334, 24.8303413391], [191.888046265, 52.5824165344, -37.3917198181, 14.3278007507, 46.1719589233, 134.883331299, 41.5646820068, 4.35145759583, 12.503241539, 8.74241924286, 7.480448246, -2.30741667747, -13.4954214096], [-121.089820862, 72.39868927, -13.7027873993, -24.0641727448, 0.00154459883925, 41.5646820068, 144.976623535, 33.9080162048, -8.82007598877, -20.4241466522, 3.1340970993, 6.17654752731, -5.92265272141], [138.670150757, 20.3475933075, 40.1877937317, -22.9247722626, -32.3720397949, 4.35145759583, 33.9080162048, 106.917991638, 31.2966060638, 1.95898318291, 13.475110054, 8.73810005188, -4.13110685349], [-44.7305145264, 32.9565696716, -8.28367424011, 21.1427650452, 9.44662857056, 12.503241539, -8.82007598877, 31.2966060638, 101.393104553, 38.7431793213, 7.70782899857, 0.253104120493, -2.09775519371], [36.0726509094, -38.1063537598, 14.6053037643, -8.75322532654, 10.5280771255, 8.74241924286, -20.4241466522, 1.95898318291, 38.7431793213, 89.4048690796, 35.532623291, 4.48250484467, 2.72550177574], [83.2376937866, 9.37641334534, -4.13097143173, -23.931552887, -29.6956558228, 7.480448246, 3.1340970993, 13.475110054, 7.70782899857, 35.532623291, 89.7182235718, 28.4285678864, -8.01914691925], [56.165184021, -44.2036743164, 18.1144332886, -5.29159069061, -18.6961517334, -2.30741667747, 6.17654752731, 8.73810005188, 0.253104120493, 4.48250484467, 28.4285678864, 76.4640350342, 25.2753791809], [-163.591964722, -25.3629074097, 43.4100608826, 13.7151784897, 24.8303413391, -13.4954214096, -5.92265272141, -4.13110685349, -2.09775519371, 2.72550177574, -8.01914691925, 25.2753791809, 84.9731521606]], "icov": [[0.000131347944262, -3.74716946681e-05, 0.000123019417515, -0.000131605163915, 0.000275525846519, -0.000304299173877, 0.000278356747003, -0.000316739053233, 0.000319988292176, -0.000223286479013, 0.000137240815093, -0.000174810164026, 0.000155256566359], [-3.74716946681e-05, 0.00104112992994, 0.000329607981257, -0.000787162047345, 6.49020730634e-05, 1.51813446791e-05, -0.000595085963141, -0.000131157052238, -0.000359911238775, 0.000585833564401, -0.000708105275407, 0.000880199135281, -0.000223443028517], [0.000123019417515, 0.000329607981257, 0.00185067800339, -0.000276824750472, 0.000181201772648, 2.19407029363e-05, 0.000298258120893, -0.00126967858523, 0.00073678989429, -0.000552710960619, 0.000220547066419, -5.03408664372e-05, -0.000584248569794], [-0.000131605163915, -0.000787162047345, -0.000276824750472, 0.00695588998497, -0.00214423122816, -1.19125215861e-05, 0.00117359275464, 0.00141355977394, -0.00207021227106, 0.0015374161303, 0.000883263826836, -0.000852740718983, -0.000457834510598], [0.000275525846519, 6.49020730634e-05, 0.000181201772648, -0.00214423122816, 0.00628086831421, -0.00250149727799, 9.84984944807e-05, 0.000593775534071, 0.000603920139838, -0.00167910079472, 0.00151339254808, 0.0010566203855, -0.00149627472274], [-0.000304299173877, 1.51813446791e-05, 2.19407029363e-05, -1.19125215861e-05, -0.00250149727799, 0.0100935418159, -0.00343502662145, 0.000923654239159, -0.00148197566159, -0.000371209549485, -0.00101673183963, 2.62784797087e-05, 0.00142046448309], [0.000278356747003, -0.000595085963141, 0.000298258120893, 0.00117359275464, 9.84984944807e-05, -0.00343502662145, 0.0098539236933, -0.00356754241511, 0.00190325942822, 0.0014347959077, 0.000379134173272, -0.00136921741068, 0.000399547599955], [-0.000316739053233, -0.000131157052238, -0.00126967858523, 0.00141355977394, 0.000593775534071, 0.000923654239159, -0.00356754241511, 0.013761697337, -0.00602525053546, 0.00241801631637, -0.00166052370332, 1.28820393002e-05, -0.000221729962504], [0.000319988292176, -0.000359911238775, 0.00073678989429, -0.00207021227106, 0.000603920139838, -0.00148197566159, 0.00190325942822, -0.00602525053546, 0.0155297536403, -0.00767060369253, 0.0025010718964, -0.00100468157325, 0.00105855020229], [-0.000223286479013, 0.000585833564401, -0.000552710960619, 0.0015374161303, -0.00167910079472, -0.000371209549485, 0.0014347959077, 0.00241801631637, -0.00767060369253, 0.0187651626766, -0.00813897885382, 0.00249665416777, -0.00187352509238], [0.000137240815093, -0.000708105275407, 0.000220547066419, 0.000883263826836, 0.00151339254808, -0.00101673183963, 0.000379134173272, -0.00166052370332, 0.0025010718964, -0.00813897885382, 0.0177498720586, -0.00721897417679, 0.00328481150791], [-0.000174810164026, 0.000880199135281, -5.03408664372e-05, -0.000852740718983, 0.0010566203855, 2.62784797087e-05, -0.00136921741068, 1.28820393002e-05, -0.00100468157325, 0.00249665416777, -0.00721897417679, 0.0187868643552, -0.00668419897556], [0.000155256566359, -0.000223443028517, -0.000584248569794, -0.000457834510598, -0.00149627472274, 0.00142046448309, 0.000399547599955, -0.000221729962504, 0.00105855020229, -0.00187352509238, 0.00328481150791, -0.00668419897556, 0.0154373487458]], "mean": [-658.607421875, 142.493743896, -25.9694461823, 27.1610603333, 5.65088129044, 18.6298313141, 0.444076597691, 8.48042869568, -0.720010876656, -1.18386399746, -0.518678307533, -1.6747174263, -2.98919391632]}, "pitch_salience": {"dmean": 0.0737339779735, "dmean2": 0.118918120861, "dvar": 0.00460909074172, "dvar2": 0.0112313106656, "max": 0.908031761646, "mean": 0.546674132347, "median": 0.555119395256, "min": 0.107930906117, "var": 0.0125048505142}, "silence_rate_20dB": {"dmean": 0, "dmean2": 0, "dvar": 0, "dvar2": 0, "max": 1, "mean": 1, "median": 1, "min": 1, "var": 0}, "silence_rate_30dB": {"dmean": 0.001438996871, "dmean2": 0.00287828943692, "dvar": 0.00143678346649, "dvar2": 0.00410298584029, "max": 1, "mean": 0.99917781353, "median": 1, "min": 0, "var": 0.000821351772174}, "silence_rate_60dB": {"dmean": 0.0162401068956, "dmean2": 0.0324835516512, "dvar": 0.01597898826, "dvar2": 0.0340999141335, "max": 1, "mean": 0.0871531367302, "median": 0, "min": 0, "var": 0.0795608609915}, "spectral_centroid": {"dmean": 210.464370728, "dmean2": 322.039825439, "dvar": 49901.7265625, "dvar2": 100810.46875, "max": 11354.1044922, "mean": 1398.27075195, "median": 1435.76318359, "min": 157.178436279, "var": 281260.28125}, "spectral_complexity": {"dmean": 3.9862267971, "dmean2": 5.75925159454, "dvar": 18.1998786926, "dvar2": 35.513835907, "max": 52, "mean": 20.4651584625, "median": 20, "min": 0, "var": 102.744651794}, "spectral_contrast_coeffs": {"dmean": [0.0508170798421, 0.0479214005172, 0.0401156134903, 0.0348054990172, 0.0228032711893, 0.0203641746193], "dmean2": [0.0853715762496, 0.0796008110046, 0.0646944120526, 0.0562009997666, 0.0367508232594, 0.0309651251882], "dvar": [0.00180056341924, 0.00146236480214, 0.00103919266257, 0.000802519090939, 0.000365737185348, 0.000349677487975], "dvar2": [0.00494591984898, 0.00393421249464, 0.00263713067397, 0.00201604072936, 0.000880691048224, 0.000750367587898], "max": [-0.413277029991, -0.434241354465, -0.488902449608, -0.48649302125, -0.548067688942, -0.529256641865], "mean": [-0.674284040928, -0.757214486599, -0.762031674385, -0.74834895134, -0.779923260212, -0.724193572998], "median": [-0.675344347954, -0.763581037521, -0.767561912537, -0.749471902847, -0.781079292297, -0.722721874714], "min": [-0.973281979561, -0.95358735323, -0.968103766441, -0.968411028385, -0.96128821373, -0.961674928665], "var": [0.00577348936349, 0.0045723086223, 0.00435027806088, 0.00390132237226, 0.00195900630206, 0.0022864327766]}, "spectral_contrast_valleys": {"dmean": [0.448429226875, 0.419554829597, 0.35885643959, 0.326004624367, 0.308511614799, 0.347373902798], "dmean2": [0.726053595543, 0.667543411255, 0.554730176926, 0.476849317551, 0.417653679848, 0.444450736046], "dvar": [0.180776238441, 0.15940643847, 0.126257330179, 0.117866009474, 0.124344602227, 0.175293490291], "dvar2": [0.418210834265, 0.374025404453, 0.265203595161, 0.235732197762, 0.225603535771, 0.285270124674], "max": [-5.15367555618, -4.71935462952, -5.09547615051, -5.40681743622, -5.68251943588, -7.93887901306], "mean": [-7.06642532349, -6.94974374771, -7.23553609848, -7.49158620834, -7.73414945602, -11.0128231049], "median": [-6.8516626358, -6.72473096848, -6.99682807922, -7.28980064392, -7.48456144333, -10.7443847656], "min": [-27.642534256, -27.8546352386, -27.44764328, -27.4210300446, -27.2870769501, -27.3156719208], "var": [1.67519903183, 1.58565163612, 1.58129251003, 1.51089560986, 1.45703732967, 1.47022855282]}, "spectral_decrease": {"dmean": 2.57593635311e-09, "dmean2": 3.77580544608e-09, "dvar": 1.00240161997e-17, "dvar2": 2.07983166478e-17, "max": 2.07403999428e-18, "mean": -6.93573909416e-09, "median": -5.83288128908e-09, "min": -3.0187951694e-08, "var": 2.66241993328e-17}, "spectral_energy": {"dmean": 0.010185090825, "dmean2": 0.0148781817406, "dvar": 0.000151824846398, "dvar2": 0.000314087257721, "max": 0.119926050305, "mean": 0.0281741097569, "median": 0.0239428207278, "min": 1.04479034441e-20, "var": 0.000428831233876}, "spectral_energyband_high": {"dmean": 0.000154765235493, "dmean2": 0.00021086045308, "dvar": 7.66612160419e-08, "dvar2": 1.37173728376e-07, "max": 0.0087194275111, "mean": 0.00037101531052, "median": 0.000204552983632, "min": 7.84659005424e-21, "var": 2.6435560585e-07}, "spectral_energyband_low": {"dmean": 0.00590014876798, "dmean2": 0.00908262189478, "dvar": 9.58972959779e-05, "dvar2": 0.000206825105124, "max": 0.0845492109656, "mean": 0.00926215574145, "median": 0.00446325959638, "min": 6.1202517465e-23, "var": 0.000148665421875}, "spectral_energyband_middle_high": {"dmean": 0.00298411771655, "dmean2": 0.00443194666877, "dvar": 1.45101930684e-05, "dvar2": 3.14131175401e-05, "max": 0.0631179511547, "mean": 0.00971147418022, "median": 0.00711963418871, "min": 1.41904429476e-21, "var": 9.04470798559e-05}, "spectral_energyband_middle_low": {"dmean": 0.00427943607792, "dmean2": 0.00683762831613, "dvar": 3.45654843841e-05, "dvar2": 8.6417858256e-05, "max": 0.0837676227093, "mean": 0.00954179931432, "median": 0.00764929223806, "min": 2.72973767328e-22, "var": 7.2262067988e-05}, "spectral_entropy": {"dmean": 0.138574123383, "dmean2": 0.196796193719, "dvar": 0.0219728425145, "dvar2": 0.0388853885233, "max": 9.81277942657, "mean": 7.49417972565, "median": 7.53578472137, "min": 5.90297555923, "var": 0.127714395523}, "spectral_flux": {"dmean": 0.0284407008439, "dmean2": 0.0437775142491, "dvar": 0.000895810022485, "dvar2": 0.00194503366947, "max": 0.287867754698, "mean": 0.0888421759009, "median": 0.0846757888794, "min": 6.70078922904e-11, "var": 0.00231319922023}, "spectral_kurtosis": {"dmean": 2.38938879967, "dmean2": 4.06392002106, "dvar": 8.44707393646, "dvar2": 22.9079303741, "max": 53.5299453735, "mean": 5.71066427231, "median": 4.82037162781, "min": -1.23977255821, "var": 14.2691335678}, "spectral_rms": {"dmean": 0.00090736761922, "dmean2": 0.00128528382629, "dvar": 9.67064124779e-07, "dvar2": 1.89497814063e-06, "max": 0.0108167007565, "mean": 0.00480040209368, "median": 0.00483309943229, "min": 3.19265989514e-12, "var": 4.4430471462e-06}, "spectral_rolloff": {"dmean": 323.785369873, "dmean2": 535.985900879, "dvar": 322959.875, "dvar2": 662115, "max": 19056.8847656, "mean": 1552.04736328, "median": 1528.85742188, "min": 86.1328125, "var": 1814803.25}, "spectral_skewness": {"dmean": 0.260034680367, "dmean2": 0.423360675573, "dvar": 0.0724329426885, "dvar2": 0.185254812241, "max": 5.33120107651, "mean": 1.56725847721, "median": 1.51010513306, "min": -0.336601853371, "var": 0.187157645822}, "spectral_spread": {"dmean": 352502.40625, "dmean2": 496922.09375, "dvar": 261642207232, "dvar2": 460068749312, "max": 41336792, "mean": 3374320