{"lowlevel": {"average_loudness": 0.779782831669, "barkbands": {"dmean": [3.1093153666e-05, 0.00262778322212, 0.00215156236663, 0.00125408079475, 0.000918894773349, 0.000517157837749, 0.000457573594758, 0.000342886720318, 0.000310984993121, 0.000311431504088, 0.000463452830445, 0.000316548015689, 0.000308497634251, 0.000418686337071, 0.000328253197949, 0.000526746967807, 0.000297099992167, 0.000265075592324, 0.000188887468539, 0.000167013364262, 0.000174772925675, 0.000127803999931, 9.72678899416e-05, 3.42809835274e-05, 4.8288176913e-05, 1.78564459929e-05, 5.66856988371e-06], "dmean2": [4.56020970887e-05, 0.00416611600667, 0.00391330663115, 0.00223045726307, 0.00153100874741, 0.00085103145102, 0.000757775502279, 0.00053258537082, 0.000474093627417, 0.000469959806651, 0.000710358144715, 0.000477297639009, 0.000480030255858, 0.000633444054984, 0.000520708039403, 0.000752055842895, 0.000454428402008, 0.00041129172314, 0.000286321301246, 0.000256996252574, 0.000268655450782, 0.00019357544079, 0.000147246944834, 5.16664185852e-05, 7.10399035597e-05, 2.64041027549e-05, 9.29750422074e-06], "dvar": [4.55336124361e-09, 4.04028760386e-05, 4.1798404709e-05, 1.2004367818e-05, 3.04816899188e-06, 1.12139412067e-06, 8.31322495287e-07, 4.39734463953e-07, 4.2722570015e-07, 6.92534740665e-07, 1.68651308741e-06, 1.01924501905e-06, 1.08687459033e-06, 2.17390834223e-06, 1.08226902285e-06, 3.00411647913e-06, 8.01327189492e-07, 5.83259975429e-07, 1.70136061683e-07, 1.30622780148e-07, 1.33172846972e-07, 1.08058408443e-07, 6.17441031636e-08, 1.7910933181e-08, 1.76560028819e-08, 1.58158441899e-09, 3.90067228517e-10], "dvar2": [8.75764527564e-09, 9.44638886722e-05, 0.000119191769045, 3.37332603522e-05, 8.32543719298e-06, 2.93949301522e-06, 2.184397772e-06, 1.05279423224e-06, 1.01054172319e-06, 1.51667711634e-06, 3.80341793971e-06, 2.13131374949e-06, 2.29389706874e-06, 4.53201437267e-06, 2.53665120908e-06, 5.8453897509e-06, 1.74730121216e-06, 1.22512471989e-06, 3.96189960838e-07, 3.21824984439e-07, 3.30204187549e-07, 2.5570787443e-07, 1.4163383355e-07, 3.86038792044e-08, 4.08435276711e-08, 3.46105410998e-09, 1.01739172642e-09], "max": [0.00105643027928, 0.0549457445741, 0.0524012818933, 0.034910377115, 0.029386151582, 0.0181745085865, 0.0136923249811, 0.0111111663282, 0.0155959213153, 0.0213214922696, 0.0211222302169, 0.0272234398872, 0.0370447561145, 0.044451624155, 0.0247692540288, 0.0400972478092, 0.0283648502082, 0.0191645435989, 0.00739275803789, 0.00784449838102, 0.0061318827793, 0.00950994808227, 0.00557914283127, 0.00876356195658, 0.00620678253472, 0.00112598796841, 0.000248883705353], "mean": [4.02321566071e-05, 0.00272869248874, 0.00178136199247, 0.00116704544052, 0.00147383031435, 0.000844216381665, 0.000703875208274, 0.000602533924393, 0.000482604576973, 0.000468792190077, 0.000717630726285, 0.000494984560646, 0.000446357007604, 0.000615489552729, 0.000437169335783, 0.000899158534594, 0.00056361942552, 0.000437854032498, 0.000301020627376, 0.000275183236226, 0.000263374764472, 0.000179855531314, 0.000133412191644, 4.54113469459e-05, 6.69556175126e-05, 2.28305780183e-05, 5.28051759829e-06], "median": [6.27679946774e-06, 0.000508586876094, 0.000429427775089, 0.000331551476847, 0.000901095336303, 0.000366047606803, 0.000325387896737, 0.000254747108556, 0.000199677975615, 0.000128400046378, 0.000119409669423, 8.97407735465e-05, 6.87020801706e-05, 8.45979593578e-05, 7.75576481828e-05, 6.26372348052e-05, 7.51175393816e-05, 8.69858195074e-05, 9.6782183391e-05, 8.8858010713e-05, 8.38609557832e-05, 4.74865155411e-05, 2.90888710879e-05, 1.04671289591e-05, 1.28758683786e-05, 3.64906600225e-06, 3.13922384976e-07], "min": [8.64396151276e-24, 3.09234610806e-23, 2.08863278219e-23, 5.8621598086e-23, 7.06828080102e-23, 4.44466448325e-23, 3.33868054749e-23, 7.1877578872e-23, 2.96555249477e-23, 3.31471779309e-23, 3.1544386752e-22, 5.36192859355e-23, 4.64761031071e-23, 1.27457556499e-22, 1.0893770253e-22, 1.84581082483e-22, 2.31918012698e-22, 1.56783567936e-22, 3.94742765798e-22, 4.16400645339e-22, 4.56994215832e-22, 5.89105067174e-22, 6.72700190294e-22, 6.39625133183e-22, 1.31663222634e-21, 1.77013581471e-21, 2.34026257982e-21], "var": [8.66186855575e-09, 4.21455224568e-05, 2.58726031461e-05, 8.00842462922e-06, 3.46796127815e-06, 1.70658120169e-06, 1.16042656373e-06, 9.32529701458e-07, 7.33840806788e-07, 1.27958196572e-06, 3.68101086679e-06, 2.39001633418e-06, 2.6033476388e-06, 4.86716953674e-06, 1.75904790467e-06, 9.13381427381e-06, 3.33411867359e-06, 1.34346419145e-06, 3.32552218651e-07, 2.40623421632e-07, 1.88544689195e-07, 1.45933896079e-07, 9.22202403331e-08, 2.92748971731e-08, 2.70571636207e-08, 2.55331489285e-09, 3.30894200928e-10]}, "barkbands_crest": {"dmean": 2.73389410973, "dmean2": 4.3566031456, "dvar": 6.60855293274, "dvar2": 16.2080726624, "max": 24.4558639526, "mean": 9.39549160004, "median": 8.40044116974, "min": 2.15812754631, "var": 17.5726699829}, "barkbands_flatness_db": {"dmean": 0.0224519465119, "dmean2": 0.0340070351958, "dvar": 0.000498292793054, "dvar2": 0.00110653496813, "max": 0.461541622877, "mean": 0.130261301994, "median": 0.120997838676, "min": 0.0136714940891, "var": 0.00362286856398}, "barkbands_kurtosis": {"dmean": 2.4773876667, "dmean2": 3.90117001534, "dvar": 26.8696308136, "dvar2": 65.3950271606, "max": 119.845527649, "mean": 2.67562747002, "median": 0.730586826801, "min": -1.89379048347, "var": 40.1874275208}, "barkbands_skewness": {"dmean": 0.572470903397, "dmean2": 0.831042587757, "dvar": 0.395955681801, "dvar2": 0.83599281311, "max": 9.52386474609, "mean": 0.988048911095, "median": 0.90046620369, "min": -3.89303874969, "var": 1.63986313343}, "barkbands_spread": {"dmean": 6.50735044479, "dmean2": 9.54929924011, "dvar": 51.2853240967, "dvar2": 103.190620422, "max": 118.551467896, "mean": 25.2797279358, "median": 22.4579277039, "min": 1.03286457062, "var": 242.85836792}, "dissonance": {"dmean": 0.0192673057318, "dmean2": 0.031874421984, "dvar": 0.000411514367443, "dvar2": 0.00106411264278, "max": 0.500000178814, "mean": 0.462615519762, "median": 0.472259104252, "min": 0.172620356083, "var": 0.0011773055885}, "dynamic_complexity": 3.72191882133, "erbbands": {"dmean": [0.0492279157043, 0.692099153996, 2.22897601128, 3.69564509392, 3.64101290703, 2.98955059052, 2.76216244698, 5.08049678802, 5.96027040482, 7.84031391144, 5.60331535339, 7.17706012726, 8.8193397522, 12.1052007675, 17.8268928528, 10.9753570557, 12.6575288773, 21.3239250183, 13.1984186172, 22.8273448944, 26.469379425, 15.1697835922, 13.129029274, 11.7564544678, 6.97261857986, 7.86574983597, 8.13195323944, 5.71494817734, 4.75282049179, 3.88595533371, 2.34518456459, 0.892634749413, 0.575687646866, 0.408953011036, 0.431386977434, 0.101371616125, 0.0315600894392, 0.00630194600672, 0.00128813472111, 5.38785679964e-05], "dmean2": [0.0759496539831, 1.10813844204, 3.93806529045, 6.61420297623, 6.25063896179, 4.94391727448, 4.47331237793, 8.26640701294, 10.0695676804, 12.3304176331, 8.71137428284, 11.0162658691, 13.2984285355, 18.172794342, 27.0283851624, 16.4093437195, 19.1628932953, 31.5022029877, 20.5673599243, 34.5081291199, 35.4214439392, 21.6769561768, 18.8724956512, 17.5916194916, 10.5350446701, 11.9732542038, 12.5797281265, 8.80909824371, 7.25092554092, 5.8664150238, 3.5782456398, 1.34478545189, 0.870832920074, 0.601993560791, 0.648052573204, 0.151198968291, 0.0469399057329, 0.00950808171183, 0.00212057679892, 8.66513000801e-05], "dvar": [0.0109731117263, 3.02786946297, 42.5272979736, 108.107803345, 71.2299194336, 28.4143562317, 29.0108966827, 117.067352295, 168.96546936, 229.485122681, 134.355407715, 243.44833374, 452.341491699, 1358.25366211, 2917.78735352, 1201.96789551, 1713.22973633, 5434.91455078, 1400.92724609, 5325.57128906, 8615.34472656, 2013.8840332, 1236.12866211, 662.464416504, 257.513122559, 289.910980225, 279.314056396, 164.606994629, 136.231796265, 112.060852051, 35.2787284851, 7.48382329941, 8.89585876465, 1.52892255783, 1.51671040058, 0.0635563880205, 0.00464356783777, 0.000207712204428, 2.19923513214e-05, 2.97154052475e-08], "dvar2": [0.0238491799682, 7.14383125305, 118.258262634, 304.584442139, 200.387435913, 74.112487793, 75.2983551025, 293.127166748, 461.679138184, 575.18963623, 301.778625488, 584.87890625, 983.70489502, 2902.79980469, 6736.20947266, 2466.40844727, 3786.72119141, 11258.0722656, 3275.60864258, 11834.5869141, 14250.8603516, 3993.44458008, 2081.53466797, 1447.21984863, 606.72668457, 706.365661621, 704.350341797, 410.112915039, 329.494750977, 250.323760986, 82.756980896, 16.009355545, 19.8066711426, 3.49025011063, 3.48903489113, 0.139058992267, 0.0105297416449, 0.000490776379593, 5.76712263864e-05, 7.71714070424e-08], "max": [1.05108773708, 15.4577579498, 52.9162330627, 90.3074645996, 132.157943726, 64.602935791, 114.92036438, 234.973968506, 160.386398315, 298.797088623, 251.643554688, 409.109313965, 605.606689453, 901.401245117, 1411.27526855, 851.928222656, 1340.24890137, 2114.39428711, 871.416687012, 1532.68505859, 2755.17138672, 1808.23681641, 1236.39160156, 544.279296875, 398.529266357, 363.951507568, 357.065307617, 243.848388672, 302.762756348, 343.978637695, 140.487533569, 117.890724182, 226.09765625, 74.1986465454, 22.9460372925, 8.04571819305, 1.46114730835, 0.167545005679, 0.0640638694167, 0.0024588718079], "mean": [0.0595384053886, 0.684041440487, 1.90307044983, 3.32459282875, 4.46776294708, 4.95006608963, 4.70338821411, 8.2685546875, 8.88405609131, 14.2917490005, 10.0716657639, 11.5532951355, 15.2105836868, 18.7165107727, 29.2887382507, 18.8443965912, 19.9881134033, 33.2127418518, 20.3367557526, 36.0610809326, 44.3181610107, 32.7902297974, 26.0630073547, 20.8348770142, 11.3314256668, 13.2118644714, 12.7171506882, 8.4658164978, 6.79152059555, 5.3122177124, 3.2332072258, 1.19943034649, 0.757581949234, 0.588871061802, 0.554938733578, 0.134462669492, 0.0395889356732, 0.00735383015126, 0.00118160981219, 6.25468601356e-05], "median": [0.011093493551, 0.128775507212, 0.457152426243, 1.04913234711, 2.08204007149, 2.61410117149, 2.30413269997, 3.13825535774, 4.46506357193, 7.59683036804, 5.12924337387, 5.10330200195, 5.17777776718, 4.78007030487, 6.00984764099, 4.21727371216, 4.05361652374, 5.34328365326, 4.69443845749, 4.87831687927, 3.91039562225, 4.38395214081, 4.85581588745, 6.09771203995, 3.93019104004, 4.37142467499, 4.60900020599, 2.38642644882, 1.84999513626, 1.17938351631, 0.765159845352, 0.289904892445, 0.16727861762, 0.138798817992, 0.072967082262, 0.0220711641014, 0.00609048362821, 0.00100059935357, 7.31036998332e-05, 1.97748086066e-05], "min": [1.42249730933e-21, 5.13523417796e-21, 2.52595061212e-20, 9.43370925036e-20, 1.93085461666e-19, 2.41066848579e-19, 3.73150040665e-19, 3.85323037354e-19, 5.85124611058e-19, 7.78567311351e-19, 1.39238661106e-18, 7.00051431005e-19, 8.66916456325e-19, 3.24642499674e-18, 1.29517285064e-17, 2.20839170335e-18, 2.25148078223e-18, 5.42795297572e-18, 5.31547130166e-18, 9.17262980084e-18, 8.48051537461e-18, 1.25803426093e-17, 1.01228907526e-17, 1.7295464834e-17, 1.79378235192e-17, 1.56869525758e-17, 1.87056473053e-17, 2.11656890645e-17, 1.71864027245e-17, 2.63191930255e-17, 1.79290024651e-17, 1.2616723667e-17, 1.26798904873e-17, 1.26416457917e-17, 9.82882804487e-18, 6.34209880838e-18, 3.52063371544e-18, 1.17980563973e-18, 3.36442918706e-19, 3.62076664277e-20], "var": [0.0154903158545, 2.9464173317, 28.5016822815, 69.4841384888, 59.0116386414, 41.2878112793, 46.3050117493, 201.566467285, 178.268280029, 418.975341797, 269.186767578, 402.958099365, 1071.94226074, 2464.40283203, 6854.77050781, 3199.96875, 4004.71508789, 12620.40625, 2722.39257813, 10312.4208984, 25341.7109375, 9936.33300781, 4774.54248047, 1660.00622559, 438.403747559, 548.576660156, 408.175537109, 222.395233154, 178.109909058, 166.531784058, 51.8785972595, 13.3123655319, 11.9227666855, 2.4127972126, 2.12209010124, 0.105259343982, 0.00682770926505, 0.000260713277385, 1.81372452062e-05, 2.59980268424e-08]}, "erbbands_crest": {"dmean": 2.8807785511, "dmean2": 4.5010099411, "dvar": 8.05252742767, "dvar2": 18.3357868195, "max": 31.7359848022, "mean": 9.96752262115, "median": 8.73565101624, "min": 2.14852762222, "var": 27.5207748413}, "erbbands_flatness_db": {"dmean": 0.0227444283664, "dmean2": 0.0302056800574, "dvar": 0.000524730538018, "dvar2": 0.000911269744392, "max": 0.483936697245, "mean": 0.169210880995, "median": 0.162070453167, "min": 0.0350554548204, "var": 0.00365862995386}, "erbbands_kurtosis": {"dmean": 1.21167039871, "dmean2": 1.8445533514, "dvar": 3.35345172882, "dvar2": 7.09071683884, "max": 52.7929458618, "mean": 1.07292926311, "median": 0.118552222848, "min": -1.83817565441, "var": 10.2864751816}, "erbbands_skewness": {"dmean": 0.395820558071, "dmean2": 0.573042929173, "dvar": 0.142176836729, "dvar2": 0.291091680527, "max": 6.19609880447, "mean": 0.11830842495, "median": 0.111389324069, "min": -4.10498189926, "var": 0.891619801521}, "erbbands_spread": {"dmean": 9.34837722778, "dmean2": 13.5836315155, "dvar": 106.355567932, "dvar2": 220.490493774, "max": 128.011138916, "mean": 35.6617050171, "median": 32.1330986023, "min": 1.77658712864, "var": 419.486419678}, "gfcc": {"cov": [[15742.5615234, -1268.43139648, -373.342590332, 983.979064941, -392.114898682, 410.385650635, -211.897842407, 33.162322998, -219.757492065, 209.73815918, -499.752807617, 182.625778198, -344.111755371], [-1268.43139648, 2383.078125, -319.338043213, -249.607467651, 176.743988037, -322.52722168, 114.283401489, -57.5290298462, 32.4602394104, -224.534820557, 325.089935303, -273.818878174, 162.286865234], [-373.342590332, -319.338043213, 995.816955566, 98.201713562, -187.575622559, 115.807342529, 34.0495758057, 33.8093948364, 29.7511672974, 93.8275222778, -137.841751099, 85.0076217651, -70.2317657471], [983.979064941, -249.607467651, 98.201713562, 507.518035889, 46.1559638977, 64.5468597412, -5.9220085144, 75.9914169312, 84.5548934937, 33.2890548706, -53.8289833069, 15.5361394882, -47.8188362122], [-392.114898682, 176.743988037, -187.575622559, 46.1559638977, 362.020751953, 31.7860832214, 34.5219459534, 13.336763382, 46.9923820496, -28.0829200745, 42.6349525452, -15.756360054, 19.53647995], [410.385650635, -322.52722168, 115.807342529, 64.5468597412, 31.7860832214, 362.025146484, 144.514358521, -10.6916351318, -3.71310901642, 81.8482131958, -38.5697212219, 37.5259361267, -44.8185348511], [-211.897842407, 114.283401489, 34.0495758057, -5.9220085144, 34.5219459534, 144.514358521, 226.403549194, 19.3566265106, -3.03352355957, 27.171459198, 41.1771430969, -15.9780006409, -14.8362073898], [33.162322998, -57.5290298462, 33.8093948364, 75.9914169312, 13.336763382, -10.6916351318, 19.3566265106, 160.22203064, 84.4722747803, 8.42427062988, 2.13573694229, 1.40629124641, -3.43815755844], [-219.757492065, 32.4602394104, 29.7511672974, 84.5548934937, 46.9923820496, -3.71310901642, -3.03352355957, 84.4722747803, 177.199188232, 26.7337856293, 0.864288508892, 6.40203237534, 13.0109081268], [209.73815918, -224.534820557, 93.8275222778, 33.2890548706, -28.0829200745, 81.8482131958, 27.171459198, 8.42427062988, 26.7337856293, 133.817779541, -11.5777044296, 29.6853809357, -36.4493637085], [-499.752807617, 325.089935303, -137.841751099, -53.8289833069, 42.6349525452, -38.5697212219, 41.1771430969, 2.13573694229, 0.864288508892, -11.5777044296, 175.891342163, -40.7634963989, 34.4777984619], [182.625778198, -273.818878174, 85.0076217651, 15.5361394882, -15.756360054, 37.5259361267, -15.9780006409, 1.40629124641, 6.40203237534, 29.6853809357, -40.7634963989, 126.836807251, 11.9645614624], [-344.111755371, 162.286865234, -70.2317657471, -47.8188362122, 19.53647995, -44.8185348511, -14.8362073898, -3.43815755844, 13.0109081268, -36.4493637085, 34.4777984619, 11.9645614624, 108.115280151]], "icov": [[0.000114954076707, -0.000120943244838, 0.000191542421817, -0.00024376854708, 0.000194119566004, -0.000216483313125, 0.000223464201554, -0.000198924841243, 0.000311446987325, -0.000209189602174, 0.000344576925272, -0.00028881453909, 0.000277620158158], [-0.000120943244838, 0.00123613956384, -0.000435268681031, 0.000433725712355, -0.000484059652081, 0.00106347212568, -0.00119098648429, 0.00108263571747, -0.00106035836507, 0.00122443807777, -0.00145875441376, 0.0019504209049, -0.00114229065366], [0.000191542421817, -0.000435268681031, 0.00174677663017, -0.000549738411792, 0.00103536143433, -0.000619746919256, 0.000212999599171, -0.000601207430009, 0.000387981446693, -0.00087951682508, 0.00153296266217, -0.00139279058203, 0.00104274321347], [-0.00024376854708, 0.000433725712355, -0.000549738411792, 0.00299696484581, -0.000788928358816, 0.000147955739521, -0.000172761749127, -0.000216242638999, -0.00155154161621, 0.00067066878546, -0.000529611192178, 0.000859669642523, 0.000201403308893], [0.000194119566004, -0.000484059652081, 0.00103536143433, -0.000788928358816, 0.00389155629091, -0.0011422522366, 0.000247520278208, -0.000236997453612, -0.000480143236928, 0.000391146080801, 0.000412104156567, -0.00106693594716, 0.00069409358548], [-0.000216483313125, 0.00106347212568, -0.000619746919256, 0.000147955739521, -0.0011422522366, 0.0060259946622, -0.0043558026664, 0.00200128438883, -0.000882526801433, -0.000829330121633, -0.000175060529727, 0.000753132102545, -0.000653054390568], [0.000223464201554, -0.00119098648429, 0.000212999599171, -0.000172761749127, 0.000247520278208, -0.0043558026664, 0.00846864841878, -0.0026691951789, 0.001903610304, -0.00116888072807, -0.000549472053535, -0.000731745967641, 0.00142081931699], [-0.000198924841243, 0.00108263571747, -0.000601207430009, -0.000216242638999, -0.000236997453612, 0.00200128438883, -0.0026691951789, 0.010058125481, -0.00525835203007, 0.00175782782026, -0.00158076453954, 0.00136176589876, -0.000339571357472], [0.000311446987325, -0.00106035836507, 0.000387981446693, -0.00155154161621, -0.000480143236928, -0.000882526801433, 0.001903610304, -0.00525835203007, 0.0101967900991, -0.00360712083057, 0.00180102803279, -0.00131391978357, -0.000908485788386], [-0.000209189602174, 0.00122443807777, -0.00087951682508, 0.00067066878546, 0.000391146080801, -0.000829330121633, -0.00116888072807, 0.00175782782026, -0.00360712083057, 0.012146987021, -0.00304973451421, -0.000272701785434, 0.00223455461673], [0.000344576925272, -0.00145875441376, 0.00153296266217, -0.000529611192178, 0.000412104156567, -0.000175060529727, -0.000549472053535, -0.00158076453954, 0.00180102803279, -0.00304973451421, 0.0101892240345, -0.000597464560997, -0.000652863993309], [-0.00028881453909, 0.0019504209049, -0.00139279058203, 0.000859669642523, -0.00106693594716, 0.000753132102545, -0.000731745967641, 0.00136176589876, -0.00131391978357, -0.000272701785434, -0.000597464560997, 0.0132989957929, -0.00513858674094], [0.000277620158158, -0.00114229065366, 0.00104274321347, 0.000201403308893, 0.00069409358548, -0.000653054390568, 0.00142081931699, -0.000339571357472, -0.000908485788386, 0.00223455461673, -0.000652863993309, -0.00513858674094, 0.014041652903]], "mean": [-42.6765174866, 87.8737182617, -122.156982422, 32.2174263, -55.9556732178, 4.55639028549, -32.2432365417, 6.4223651886, -23.2093105316, 3.15787410736, -17.0197181702, -1.67377853394, -10.8684854507]}, "hfc": {"dmean": 7.05855083466, "dmean2": 9.90129470825, "dvar": 123.691993713, "dvar2": 271.215667725, "max": 192.723190308, "mean": 17.7117099762, "median": 9.39930915833, "min": 1.17814328794e-16, "var": 437.673553467}, "melbands": {"dmean": [0.000604333879892, 0.00104941439349, 0.000634478696156, 0.000232504899031, 0.000100118704722, 0.000109779088234, 9.19485028135e-05, 8.5636987933e-05, 4.53385800938e-05, 4.67036770715e-05, 4.49990911875e-05, 4.7675006499e-05, 6.11558643868e-05, 3.87940126529e-05, 2.87158763967e-05, 3.20425824611e-05, 4.39748182544e-05, 2.30924797506e-05, 2.84678790194e-05, 3.84929808206e-05, 3.08953567583e-05, 1.74423566932e-05, 1.76734720299e-05, 1.07518380901e-05, 1.07048590507e-05, 5.62846980756e-06, 5.2005402722e-06, 5.67768938708e-06, 5.57267912882e-06, 4.61350055048e-06, 3.05975049741e-06, 2.80674930764e-06, 2.50293396675e-06, 2.28323847296e-06, 1.66189863648e-06, 7.8834108308e-07, 4.96428810948e-07, 4.27085552701e-07, 3.40598433013e-07, 3.43943270309e-07], "dmean2": [0.000939666933846, 0.00173167593312, 0.00112333684228, 0.000392351445043, 0.000160981580848, 0.000179433598532, 0.000153959685122, 0.000134005153086, 7.03292607795e-05, 7.13901099516e-05, 6.77736388752e-05, 7.1826223575e-05, 9.22220860957e-05, 5.79620100325e-05, 4.3085336074e-05, 4.88851765112e-05, 6.5607157012e-05, 3.63216386177e-05, 4.44268880528e-05, 5.78496437811e-05, 4.13828456658e-05, 2.54425012827e-05, 2.6191743018e-05, 1.59013798111e-05, 1.61353254953e-05, 8.76370177139e-06, 8.1058460637e-06, 8.74900069903e-06, 8.74935994943e-06, 7.17339071343e-06, 4.83224903292e-06, 4.35675383414e-06, 3.88307034882e-06, 3.5054813452e-06, 2.57808210335e-06, 1.22843584904e-06, 7.64419041843e-07, 6.52493611142e-07, 5.21604022197e-07, 5.12827057264e-07], "dvar": [1.89621039226e-06, 7.97093980509e-06, 2.86749400402e-06, 2.26605095577e-07, 3.21080726451e-08, 5.30378230224e-08, 3.60029055457e-08, 2.57364654033e-08, 8.7803613269e-09, 1.02285744319e-08, 1.21114061002e-08, 2.15680326932e-08, 3.0728710243e-08, 1.42412055482e-08, 1.05511777093e-08, 1.21510659312e-08, 2.47488038951e-08, 5.73897063205e-09, 8.45337577715e-09, 1.74001932862e-08, 1.33580631001e-08, 3.25233817655e-09, 2.88710721996e-09, 7.06315228527e-10, 5.85960613364e-10, 1.90451418525e-10, 1.51015089322e-10, 1.61753971328e-10, 1.25588886513e-10, 1.03860364753e-10, 5.29464423693e-11, 4.55213783335e-11, 4.95487609276e-11, 3.77581160782e-11, 1.76093063742e-11, 5.73462891756e-12, 2.59720543683e-12, 4.10884737692e-12, 4.96487052859e-12, 7.8338073875e-13], "dvar2": [4.28983457823e-06, 2.06158274523e-05, 8.03811963124e-06, 6.2743822582e-07, 8.06738000847e-08, 1.3613946237e-07, 9.74417773136e-08, 6.41168611537e-08, 1.96888976234e-08, 2.43052991067e-08, 2.60139216834e-08, 4.61896867421e-08, 7.06708433995e-08, 2.89744299664e-08, 2.27965823996e-08, 2.4132672749e-08, 5.06641022469e-08, 1.32380213458e-08, 1.93189961806e-08, 3.76871689411e-08, 2.05324663938e-08, 6.72924338474e-09, 5.62219915068e-09, 1.42556400018e-09, 1.28832944313e-09, 4.61909732685e-10, 3.74968445183e-10, 3.94447696728e-10, 3.19886589439e-10, 2.59715970952e-10, 1.35113475963e-10, 1.12563944277e-10, 1.16174930787e-10, 8.65508359427e-11, 4.28835092436e-11, 1.28646624603e-11, 5.85705312375e-12, 8.97680280804e-12, 1.20155491459e-11, 1.69078965238e-12], "max": [0.0122772585601, 0.0221272725612, 0.0152445845306, 0.00768006872386, 0.00302542559803, 0.00450918450952, 0.00244000693783, 0.00315919425339, 0.00211269105785, 0.00268826587126, 0.00312167964876, 0.00335673545487, 0.00350120360963, 0.00365719781257, 0.00288198539056, 0.00443901540712, 0.00486979447305, 0.00182235706598, 0.00218847417273, 0.00334474816918, 0.00328936381266, 0.0022819605656, 0.00224573654123, 0.000620434759185, 0.000518455402926, 0.00028349639615, 0.000323444430251, 0.000321262079524, 0.00020456672064, 0.000186184523045, 0.000134719521157, 0.000179152440978, 0.000210262733162, 0.000187693105545, 9.34705312829e-05, 7.23287521396e-05, 7.56950757932e-05, 0.000141404249007, 0.000181217474164, 3.35590084433e-05], "mean": [0.000665347906761, 0.00100466865115, 0.000622133200523, 0.000340346508892, 0.000181587849511, 0.000179336755536, 0.000140837335493, 0.000158581198775, 7.83311552368e-05, 7.25283971406e-05, 7.49047248974e-05, 7.0274945756e-05, 9.65377112152e-05, 6.25109969405e-05, 4.27216000389e-05, 4.71510538773e-05, 6.54271789244e-05, 3.11804178637e-05, 3.81015343009e-05, 6.4257736085e-05, 4.54866712971e-05, 3.14986391459e-05, 3.40691185556e-05, 1.65791352629e-05, 1.76431622094e-05, 8.09396533441e-06, 7.78226785769e-06, 9.14308020583e-06, 8.3290560724e-06, 6.7591286097e-06, 4.16681041315e-06, 3.88357420888e-06, 3.30997340825e-06, 3.0043197512e-06, 2.21961477109e-06, 9.90723719951e-07, 6.40055418444e-07, 5.44488329979e-07, 4.54420614915e-07, 4.83414055452e-07], "median": [0.000126280909171, 0.000245915813139, 0.000223462542635, 0.000200242502615, 9.09586378839e-05, 7.19029485481e-05, 6.97100622347e-05, 8.25804454507e-05, 3.86034698749e-05, 2.91183496302e-05, 2.26197917073e-05, 1.59723640536e-05, 1.75785608008e-05, 1.16021201393e-05, 7.33750903237e-06, 7.0063451858e-06, 9.02743613551e-06, 5.78688559472e-06, 6.53798906569e-06, 5.07789172843e-06, 3.83071528631e-06, 4.12787358073e-06, 4.51481946584e-06, 3.62790660802e-06, 4.90404363518e-06, 2.51204619417e-06, 2.53345410783e-06, 2.71859653367e-06, 2.99629164147e-06, 1.89662910088e-06, 1.08605058813e-06, 1.04907371679e-06, 8.03197963251e-07, 5.79331754125e-07, 4.99568784562e-07, 2.22109747483e-07, 1.4931090675e-07, 1.17554677104e-07, 9.87905224292e-08, 1.13425052461e-07], "min": [1.05148051029e-23, 1.0258247815e-23, 2.21234605142e-23, 1.35043362871e-23, 1.42379280196e-23, 9.31298024698e-24, 7.70599643012e-24, 1.04863753448e-23, 1.02992756818e-23, 4.15018065629e-24, 4.39976678037e-24, 9.64994612695e-24, 4.91635344856e-23, 1.00490742463e-23, 4.10025128301e-24, 5.73386704404e-24, 1.0876781029e-23, 8.40068390934e-24, 1.00886009108e-23, 1.29791410954e-23, 9.66443986836e-24, 1.20234526748e-23, 1.34882845454e-23, 6.60155645293e-24, 1.51949630257e-23, 1.43492441819e-23, 1.17108988844e-23, 1.05708134383e-23, 1.26372779669e-23, 1.03874845305e-23, 1.36939248062e-23, 8.8925718159e-24, 1.36958212278e-23, 1.33116806768e-23, 1.01249705539e-23, 8.44432290575e-24, 7.32614018273e-24, 9.80252918096e-24, 8.21173988962e-24, 1.12110166614e-23], "var": [2.22191965804e-06, 6.52600328976e-06, 1.93156392925e-06, 2.17552482695e-07, 5.94005591381e-08, 8.54392894212e-08, 4.21279722218e-08, 5.08667952204e-08, 1.78217529623e-08, 1.72983796176e-08, 2.84856405131e-08, 3.77053197553e-08, 6.94157691328e-08, 3.50890516643e-08, 2.37658905888e-08, 3.11108081519e-08, 5.63604984904e-08, 9.59533696943e-09, 1.41721407942e-08, 4.43822862906e-08, 3.43710055972e-08, 1.38508280401e-08, 1.10726015023e-08, 1.41650735586e-09, 1.37251532362e-09, 2.91277391096e-10, 2.15734152764e-10, 3.11818904031e-10, 1.80341880318e-10, 1.50817358602e-10, 6.15614573207e-11, 5.53643866863e-11, 6.8594768754e-11, 5.37981326154e-11, 2.38104674866e-11, 8.65258906191e-12, 4.43377019127e-12, 5.74319324737e-12, 5.51112844596e-12, 1.31043017149e-12]}, "melbands_crest": {"dmean": 3.26121759415, "dmean2": 5.25930452347, "dvar": 9.15859031677, "dvar2": 22.4258556366, "max": 31.9595947266, "mean": 12.2297830582, "median": 11.2188243866, "min": 3.32331347466, "var": 22.6822147369}, "melbands_flatness_db": {"dmean": 0.0275678709149, "dmean2": 0.0412877425551, "dvar": 0.00080941565102, "dvar2": 0.00173971022014, "max": 0.505221784115, "mean": 0.186888158321, "median": 0.175674557686, "min": 0.00742207746953, "var": 0.00602163607255}, "melbands_kurtosis": {"dmean": 6.25925016403, "dmean2": 9.75258541107, "dvar": 194.699737549, "dvar2": 477.940673828, "max": 323.567108154, "mean": 8.82439422607, "median": 4.01833820343, "min": -1.92174363136, "var": 240.842636108}, "melbands_skewness": {"dmean": 0.787430882454, "dmean2": 1.13176453114, "dvar": 0.898072242737, "dvar2": 1.91685843468, "max": 12.9588031769, "mean": 1.99145328999, "median": 1.80683016777, "min": -2.97072553635, "var": 2.68438720703}, "melbands_spread": {"dmean": 9.31405639648, "dmean2": 14.0072412491, "dvar": 134.917098999, "dvar2": 280.311035156, "max": 239.621826172, "mean": 32.327911377, "median": 25.8331737518, "min": 0.965827763081, "var": 614.941894531}, "mfcc": {"cov": [[10012.5449219, -1511.68481445, -251.41468811, 471.093292236, -56.9612693787, 582.093078613, -66.0597000122, 168.233291626, 164.471633911, -43.1862487793, 161.083404541, 128.834243774, -41.2067489624], [-1511.68481445, 2025.37158203, -230.843566895, -3.17645096779, 38.5774612427, -280.209106445, 183.820007324, -73.2941665649, -144.469284058, 83.1449508667, -44.965763092, -57.4303627014, -51.4961204529], [-251.41468811, -230.843566895, 929.120361328, 5.58544826508, -99.033706665, 96.370513916, -71.2350082397, 3.66429400444, 92.6617202759, -9.31439590454, 32.390335083, 2.42082834244, 2.28150081635], [471.093292236, -3.17645096779, 5.58544826508, 336.4246521, 117.581314087, -27.2496948242, -61.3337135315, 37.9178771973, 49.2299118042, 8.68680858612, 29.6517677307, 43.2177772522, 6.36041259766], [-56.9612693787, 38.5774612427, -99.033706665, 117.581314087, 239.101409912, -13.4377202988, -33.8816604614, 35.7010955811, 22.7205734253, 13.9202709198, 3.00694394112, 21.0698738098, 15.057261467], [582.093078613, -280.209106445, 96.370513916, -27.2496948242, -13.4377202988, 363.177520752, 85.1715164185, 52.6209907532, 52.5392532349, 20.4081325531, 43.4547386169, 9.26681041718, 28.500957489], [-66.0597000122, 183.820007324, -71.2350082397, -61.3337135315, -33.8816604614, 85.1715164185, 230.788925171, 24.3625469208, -38.2905044556, 43.6282157898, 20.244436264, -1.60866546631, -9.95105838776], [168.233291626, -73.2941665649, 3.66429400444, 37.9178771973, 35.7010955811, 52.6209907532, 24.3625469208, 146.366622925, 61.381072998, 22.3154945374, 19.6753005981, 32.7809562683, 25.4034614563], [164.471633911, -144.469284058, 92.6617202759, 49.2299118042, 22.7205734253, 52.5392532349, -38.2905044556, 61.381072998, 146.846939087, 26.3960094452, 17.112405777, 23.7600326538, 22.2140769958], [-43.1862487793, 83.1449508667, -9.31439590454, 8.68680858612, 13.9202709198, 20.4081325531, 43.6282157898, 22.3154945374, 26.3960094452, 135.982467651, 59.9720840454, 20.0669116974, -2.86559343338], [161.083404541, -44.965763092, 32.390335083, 29.6517677307, 3.00694394112, 43.4547386169, 20.244436264, 19.6753005981, 17.112405777, 59.9720840454, 129.530578613, 53.9871902466, -9.78628826141], [128.834243774, -57.4303627014, 2.42082834244, 43.2177772522, 21.0698738098, 9.26681041718, -1.60866546631, 32.7809562683, 23.7600326538, 20.0669116974, 53.9871902466, 108.853317261, 30.2051734924], [-41.2067489624, -51.4961204529, 2.28150081635, 6.36041259766, 15.057261467, 28.500957489, -9.95105838776, 25.4034614563, 22.2140769958, -2.86559343338, -9.78628826141, 30.2051734924, 97.3536834717]], "icov": [[0.000145686717588, 7.62104609748e-05, 0.000111847410153, -0.000267155031906, 0.00019662673003, -0.000239422806771, 6.89298394718e-05, -5.99952763878e-05, 4.83009944219e-06, 5.36454499525e-05, -2.28784338105e-05, -8.32088699099e-05, 0.000203185540158], [7.62104609748e-05, 0.000754369073547, 4.78811380162e-05, -0.00026213331148, -8.17824693513e-05, 0.000518410291988, -0.000734755303711, 0.000172485073563, 0.000291134841973, -0.00046465016203, 0.000224782459554, 0.000212391722016, 6.46517437417e-05], [0.000111847410153, 4.78811380162e-05, 0.00138924352359, -0.000302110303892, 0.00081052276073, -0.000520908331964, 0.000515320745762, 0.000114432004921, -0.000752577674575, 0.000233074708376, -0.000369469140423, 8.46654511406e-05, 0.000224977076869], [-0.000267155031906, -0.00026213331148, -0.000302110303892, 0.00453261565417, -0.00208338303491, 0.00066137133399, 0.000593137287069, -0.000288821174763, -0.00079331966117, 0.000291319622193, -0.000654282455798, -0.000750646693632, 8.05345116532e-05], [0.00019662673003, -8.17824693513e-05, 0.00081052276073, -0.00208338303491, 0.00593645498157, -0.000654311501421, 0.00110797048546, -0.00105240033008, 4.0527771489e-05, -0.000552182784304, 0.00046098450548, -0.000347801105818, -5.29124481545e-05], [-0.000239422806771, 0.000518410291988, -0.000520908331964, 0.00066137133399, -0.000654311501421, 0.0047116545029, -0.00247370987199, -0.000146620339365, -0.00114998721983, 0.000303795328364, -0.00138817704283, 0.00137956463732, -0.00164711161051], [6.89298394718e-05, -0.000734755303711, 0.000515320745762, 0.000593137287069, 0.00110797048546, -0.00247370987199, 0.00727907568216, -0.0020025789272, 0.00235049356706, -0.00169983424712, 0.000154868830577, -0.000567383540329, 0.00101434777025], [-5.99952763878e-05, 0.000172485073563, 0.000114432004921, -0.000288821174763, -0.00105240033008, -0.000146620339365, -0.0020025789272, 0.00977765209973, -0.0037290439941, -6.31547882222e-05, 7.46562873246e-05, -0.00136552588083, -0.00118814210873], [4.83009944219e-06, 0.000291134841973, -0.000752577674575, -0.00079331966117, 4.0527771489e-05, -0.00114998721983, 0.00235049356706, -0.0037290439941, 0.0109337884933, -0.00265289470553, 0.00100855063647, -0.000520250468981, -0.000540931709111], [5.36454499525e-05, -0.00046465016203, 0.000233074708376, 0.000291319622193, -0.000552182784304, 0.000303795328364, -0.00169983424712, -6.31547882222e-05, -0.00265289470553, 0.0109191415831, -0.00527241826057, 0.000907885609195, -0.000293317250907], [-2.28784338105e-05, 0.000224782459554, -0.000369469140423, -0.000654282455798, 0.00046098450548, -0.00138817704283, 0.000154868830577, 7.46562873246e-05, 0.00100855063647, -0.00527241826057, 0.0138540575281, -0.00668878667057, 0.00357467797585], [-8.32088699099e-05, 0.000212391722016, 8.46654511406e-05, -0.000750646693632, -0.000347801105818, 0.00137956463732, -0.000567383540329, -0.00136552588083, -0.000520250468981, 0.000907885609195, -0.00668878667057, 0.014701474458, -0.00501583050936], [0.000203185540158, 6.46517437417e-05, 0.000224977076869, 8.05345116532e-05, -5.29124481545e-05, -0.00164711161051, 0.00101434777025, -0.00118814210873, -0.000540931709111, -0.000293317250907, 0.00357467797585, -0.00501583050936, 0.013315949589]], "mean": [-681.200561523, 117.551231384, -6.83095693588, 29.2266960144, -3.30972695351, 2.81864094734, -1.54434299469, 0.377081513405, -0.034764662385, 0.381990671158, -0.979633510113, -1.43102729321, 0.444773793221]}, "pitch_salience": {"dmean": 0.0756861418486, "dmean2": 0.119983069599, "dvar": 0.00499773072079, "dvar2": 0.0123297404498, "max": 0.907644808292, "mean": 0.571226000786, "median": 0.578941345215, "min": 0.140574067831, "var": 0.013076257892}, "silence_rate_20dB": {"dmean": 0, "dmean2": 0, "dvar": 0, "dvar2": 0, "max": 1, "mean": 1, "median": 1, "min": 1, "var": 0}, "silence_rate_30dB": {"dmean": 0, "dmean2": 0, "dvar": 0, "dvar2": 0, "max": 1, "mean": 1, "median": 1, "min": 1, "var": 0}, "silence_rate_60dB": {"dmean": 0.0482751242816, "dmean2": 0.0965605676174, "dvar": 0.0459412299097, "dvar2": 0.104337789118, "max": 1, "mean": 0.125694140792, "median": 0, "min": 0, "var": 0.109902262688}, "spectral_centroid": {"dmean": 282.999816895, "dmean2": 414.297241211, "dvar": 99001, "dvar2": 197644.515625, "max": 10515.2783203, "mean": 1628.52819824, "median": 1606.70458984, "min": 198.200973511, "var": 599961.5625}, "spectral_complexity": {"dmean": 4.38299703598, "dmean2": 6.35825681686, "dvar": 33.311630249, "dvar2": 62.0899925232, "max": 60, "mean": 15.4763994217, "median": 13, "min": 0, "var": 107.225273132}, "spectral_contrast_coeffs": {"dmean": [0.0540741272271, 0.0455163605511, 0.0432530716062, 0.036394495517, 0.0253206435591, 0.0184331461787], "dmean2": [0.0866217464209, 0.0743951350451, 0.0677614659071, 0.0562679581344, 0.0391179732978, 0.02816397883], "dvar": [0.00232203863561, 0.0014315363951, 0.00142610934563, 0.00105460407212, 0.000527785625309, 0.000299071834888], "dvar2": [0.00550524285063, 0.00368780712597, 0.00316527369432, 0.00224190414883, 0.00107098033186, 0.000644102459773], "max": [-0.331196606159, -0.476363509893, -0.416813850403, -0.460869014263, -0.574540793896, -0.520910561085], "mean": [-0.657585263252, -0.738418221474, -0.745770633221, -0.7663397789, -0.784774005413, -0.742051362991], "median": [-0.664344966412, -0.744234204292, -0.751741051674, -0.781492352486, -0.79469370842, -0.737462639809], "min": [-0.965597987175, -0.967355191708, -0.965820431709, -0.95913374424, -0.964596152306, -0.954674124718], "var": [0.00756457820535, 0.00524616381153, 0.00593355996534, 0.00545031763613, 0.00304127158597, 0.00227417168207]}, "spectral_contrast_valleys": {"dmean": [0.439842432737, 0.403740376234, 0.404412835836, 0.368831783533, 0.340671896935, 0.411377847195], "dmean2": [0.686510622501, 0.645381689072, 0.631718218327, 0.550843417645, 0.469236493111, 0.496658176184], "dvar": [0.167791798711, 0.14717425406, 0.155431255698, 0.134859532118, 0.13161110878, 0.219117298722], "dvar2": [0.347778558731, 0.333395630121, 0.349152714014, 0.28041690588, 0.242360964417, 0.38087451458], "max": [-5.37501811981, -4.83607959747, -5.57329368591, -5.61247205734, -5.23787117004, -7.47979736328], "mean": [-7.79757928848, -7.14467811584, -7.89497947693, -8.14553833008, -7.8675737381, -10.7564897537], "median": [-7.57733249664, -6.97358798981, -7.74002456665, -7.98508644104, -7.68240499496, -10.4382429123], "min": [-27.8254089355, -27.234495163, -27.2220134735, -27.0040073395, -27.3210983276, -27.2833366394], "var": [1.97488486767, 1.50606274605, 1.49892222881, 1.56114411354, 1.72734951973, 2.1391711235]}, "spectral_decrease": {"dmean": 1.87598336865e-09, "dmean2": 2.75667577654e-09, "dvar": 1.07504371146e-17, "dvar2": 2.45500389837e-17, "max": 5.42309018769e-19, "mean": -3.86629128712e-09, "median": -2.54614862527e-09, "min": -2.58085695037e-08, "var": 1.66593844496e-17}, "spectral_energy": {"dmean": 0.00760205741972, "dmean2": 0.0110857672989, "dvar": 0.000166234050994, "dvar2": 0.000377393414965, "max": 0.10173074156, "mean": 0.0161987431347, "median": 0.0105922687799, "min": 1.09533188763e-20, "var": 0.000278005929431}, "spectral_energyband_high": {"dmean": 0.000534024846274, "dmean2": 0.00077577814227, "dvar": 1.16951139262e-06, "dvar2": 2.73379282589e-06, "max": 0.0220262724906, "mean": 0.000885500572622, "median": 0.000320138671668, "min": 7.81964044526e-21, "var": 2.02310275199e-06}, "spectral_energyband_low": {"dmean": 0.00453404895961, "dmean2": 0.00702218385413, "dvar": 0.000116717506899, "dvar2": 0.000274885504041, "max": 0.0879630222917, "mean": 0.00516072334722, "median": 0.00136740971357, "min": 7.75618391868e-23, "var": 0.00012375159713}, "spectral_energyband_middle_high": {"dmean": 0.00205010012724, "dmean2": 0.00290891621262, "dvar": 1.15477796498e-05, "dvar2": 2.25887833949e-05, "max": 0.0668406486511, "mean": 0.00542234163731, "median": 0.00196446105838, "min": 1.79567824729e-21, "var": 6.04718916293e-05}, "spectral_energyband_middle_low": {"dmean": 0.00298991217278, "dmean2": 0.00497871125117, "dvar": 3.21357729263e-05, "dvar2": 8.7232394435e-05, "max": 0.0590050667524, "mean": 0.00547956861556, "median": 0.00403224490583, "min": 3.16222050404e-22, "var": 3.19197133649e-05}, "spectral_entropy": {"dmean": 0.181735947728, "dmean2": 0.251768261194, "dvar": 0.0353408306837, "dvar2": 0.065072029829, "max": 9.78587150574, "mean": 7.52773332596, "median": 7.6126537323, "min": 4.38138866425, "var": 0.312235563993}, "spectral_flux": {"dmean": 0.0271916240454, "dmean2": 0.0405302047729, "dvar": 0.00115829065908, "dvar2": 0.00218198471703, "max": 0.287677049637, "mean": 0.0757139623165, "median": 0.0587055981159, "min": 1.0465810163e-10, "var": 0.00309531181119}, "spectral_kurtosis": {"dmean": 1.98278903961, "dmean2": 3.26226449013, "dvar": 7.79541063309, "dvar2": 20.8421802521, "max": 86.1366958618, "mean": 5.10105276108, "median": 3.72040390968, "min": -1.2033572197, "var": 29.6330699921}, "spectral_rms": {"dmean": 0.000797812012024, "dmean2": 0.00110453716479, "dvar": 1.12142765829e-06, "dvar2": 2.2873632588e-06, "max": 0.00996240414679, "mean": 0.00352649367414, "median": 0.00321464147419, "min": 3.26896994716e-12, "var": 3.36752555086e-06}, "spectral_rolloff": {"dmean": 583.372741699, "dmean2": 943.342468262, "dvar": 856409.5625, "dvar2": 1758712.875, "max": 18906.1523438, "mean": 2021.55383301, "median": 1528.85742188, "min": 86.1328125, "var": 4068009.5}, "spectral_skewness": {"dmean": 0.248617187142, "dmean2": 0.388989239931, "dvar": 0.0695942267776, "dvar2": 0.167347535491, "max": 7.12594127655, "mean": 1.46442759037, "median": 1.35903227329, "min": -0.150031790137, "var": 0.394804209471}, "spectral_spread": {"dmean": 594284.0625, "dmean2": 801997.375, "dvar": 523515068416, "dvar2": 832394297344, "max": 40250712, "mean": 4291843, "median": 4120944.25, "min": 1032831.0625, "var": 2678011723780.0}, "spectral_s