{"lowlevel": {"average_loudness": 0.712533473969, "barkbands": {"dmean": [1.17939871416e-05, 0.000359285157174, 0.000604356173426, 0.000674523413181, 0.00104360003024, 0.000531967787538, 0.000799068075139, 0.00080092967255, 0.00053444923833, 0.000475659035146, 0.000429499603342, 0.000678042299114, 0.00057141832076, 0.000549329794012, 0.000475149834529, 0.000345156004187, 0.000206783603062, 0.000238058841205, 0.00019505241653, 0.000113802940177, 4.02215555368e-05, 1.05649360194e-05, 6.5827312028e-06, 5.951287676e-06, 4.81614779346e-06, 2.10923508348e-06, 2.11218775803e-07], "dmean2": [2.01091879717e-05, 0.000576249440201, 0.000975738628767, 0.00112569250632, 0.00171989353839, 0.000844623544253, 0.0012617422035, 0.00125755590852, 0.000832646503113, 0.000764072232414, 0.000687449006364, 0.00103793828748, 0.000893539225217, 0.000860583153553, 0.000749223399907, 0.000521567300893, 0.000318463833537, 0.00036632901174, 0.000291702483082, 0.000167732621776, 6.21659855824e-05, 1.57388567459e-05, 1.00669467429e-05, 9.17193301575e-06, 7.29976864022e-06, 3.44364207194e-06, 3.64241202533e-07], "dvar": [6.92586266116e-10, 6.25501513696e-07, 1.59265243838e-06, 2.40429108089e-06, 3.30363423018e-06, 1.03131742435e-06, 3.63424601346e-06, 4.5299930207e-06, 3.29666841026e-06, 2.16870080294e-06, 2.77711387753e-06, 3.16186765303e-06, 2.38320694734e-06, 2.2114991225e-06, 1.62964352057e-06, 9.02951796888e-07, 3.00505348605e-07, 3.1745423712e-07, 2.11037487929e-07, 7.28162987684e-08, 6.29486596182e-09, 7.49989514937e-10, 9.03484453918e-10, 7.93874743721e-10, 4.28155261245e-10, 8.59756640881e-11, 6.77087021433e-13], "dvar2": [1.6865790986e-09, 1.56035901e-06, 4.13741099692e-06, 6.38669644104e-06, 8.87965052243e-06, 2.44593229581e-06, 8.62130218593e-06, 1.01413179436e-05, 7.62329727877e-06, 5.19177956448e-06, 6.47279193799e-06, 6.599390872e-06, 5.09206665811e-06, 5.18223487234e-06, 3.60342232852e-06, 1.87086152437e-06, 6.4397636379e-07, 7.28792656446e-07, 4.28447322065e-07, 1.48161220181e-07, 1.46358720698e-08, 1.55560542225e-09, 2.44952236272e-09, 1.95401050895e-09, 1.03220709757e-09, 2.17328155472e-10, 1.80537735369e-12], "max": [0.00145053840242, 0.0122390603647, 0.0270924512297, 0.0263296384364, 0.0315429084003, 0.0301621593535, 0.0451045893133, 0.0461263544858, 0.0534153953195, 0.0574174933136, 0.0389132425189, 0.0409067720175, 0.0550578795373, 0.0368699319661, 0.032382812351, 0.0237373616546, 0.0140601014718, 0.0156651455909, 0.0126168224961, 0.00811094604433, 0.00170395057648, 0.000963008380495, 0.00166397262365, 0.00130130688194, 0.000884562148713, 0.000408380641602, 1.89144921023e-05], "mean": [4.05370738008e-05, 0.000636953976937, 0.00137669569813, 0.00126251659822, 0.00222256919369, 0.00103660020977, 0.00135974574368, 0.00131824437995, 0.000821851368528, 0.000707578612491, 0.000566824397538, 0.00114687881432, 0.001035000314, 0.000924011459574, 0.000795033411123, 0.000578657665756, 0.000399909127736, 0.000427056278568, 0.00039147620555, 0.000231557118241, 9.09127484192e-05, 2.2317033654e-05, 1.28221900013e-05, 9.40489098866e-06, 6.87952069711e-06, 2.19594448936e-06, 2.07632808724e-07], "median": [3.90112654713e-05, 0.000304997724015, 0.000574733072426, 0.000476083077956, 0.00145622668788, 0.000572893419303, 0.000537075567991, 0.000407406274462, 0.000206243450521, 0.000261590146692, 0.000123866746435, 0.000261497800238, 0.000289474934107, 0.000281842134427, 0.000295480771456, 0.000145523401443, 0.000133234949317, 0.00012017183326, 0.000107113162812, 6.45666950732e-05, 3.06553120026e-05, 7.52740652388e-06, 3.98763904741e-06, 2.91820697385e-06, 1.61237619523e-06, 3.40918575148e-07, 4.17890362314e-08], "min": [4.36143839557e-25, 4.50080369068e-24, 9.00707970946e-25, 1.32739672091e-24, 3.93256312039e-24, 4.16181043818e-24, 6.43585069776e-24, 4.38850934082e-24, 8.97131038943e-24, 1.43272475844e-23, 1.08438823738e-23, 2.54405433123e-23, 2.36877653784e-23, 3.34901746525e-23, 3.53537417897e-23, 5.46934241876e-23, 5.3113026561e-23, 7.41728170074e-23, 8.43645591149e-23, 1.57704616685e-22, 2.32531405694e-22, 3.39280946913e-22, 4.22862489004e-22, 5.8134121174e-22, 7.95575083401e-22, 1.20306533656e-21, 1.92910534777e-21], "var": [7.83409170868e-10, 9.17243255572e-07, 3.62758669326e-06, 4.85594409838e-06, 6.52782227917e-06, 2.20023753172e-06, 7.01597991792e-06, 8.88805516297e-06, 5.34604532731e-06, 2.59168223238e-06, 3.68090013581e-06, 8.61784519657e-06, 9.01911516848e-06, 4.91100126965e-06, 3.35124923367e-06, 1.99923351829e-06, 8.16839815343e-07, 6.90492583999e-07, 5.78264746309e-07, 1.93422181383e-07, 1.93269968918e-08, 1.93619720257e-09, 9.50777123698e-10, 8.68907612528e-10, 4.80396999958e-10, 8.10051956068e-11, 5.35223503972e-13]}, "barkbands_crest": {"dmean": 2.00785040855, "dmean2": 3.26953911781, "dvar": 4.06090497971, "dvar2": 10.1650857925, "max": 25.5089836121, "mean": 9.19689750671, "median": 8.3022851944, "min": 2.35474443436, "var": 16.200340271}, "barkbands_flatness_db": {"dmean": 0.0158552639186, "dmean2": 0.0235468130559, "dvar": 0.00032045179978, "dvar2": 0.000673180504236, "max": 0.41279104352, "mean": 0.158324688673, "median": 0.137633517385, "min": 0.0288174878806, "var": 0.0039853323251}, "barkbands_kurtosis": {"dmean": 1.59805381298, "dmean2": 2.5375058651, "dvar": 24.6979293823, "dvar2": 68.2645263672, "max": 333.554138184, "mean": 2.61661911011, "median": 0.23410987854, "min": -1.76410353184, "var": 46.9229660034}, "barkbands_skewness": {"dmean": 0.369192063808, "dmean2": 0.56876796484, "dvar": 0.162113115191, "dvar2": 0.381550997496, "max": 12.8526277542, "mean": 0.929628789425, "median": 0.798363149166, "min": -2.31517481804, "var": 1.1757774353}, "barkbands_spread": {"dmean": 3.12570118904, "dmean2": 4.80684709549, "dvar": 14.0352621078, "dvar2": 31.5423984528, "max": 90.9308166504, "mean": 17.5607280731, "median": 18.0288124084, "min": 0.607319295406, "var": 95.7406463623}, "dissonance": {"dmean": 0.0201656147838, "dmean2": 0.0342696420848, "dvar": 0.000420386029873, "dvar2": 0.00117228529416, "max": 0.499999910593, "mean": 0.453218102455, "median": 0.46643948555, "min": 0.143082767725, "var": 0.00167043029796}, "dynamic_complexity": 4.4808473587, "erbbands": {"dmean": [0.00579574424773, 0.100798949599, 0.564392745495, 1.58322489262, 2.7695775032, 4.13750171661, 3.44597125053, 4.84936952591, 9.66021823883, 14.3921442032, 16.1023159027, 12.9184093475, 9.64162826538, 17.3868675232, 20.9549102783, 23.3782272339, 26.0136947632, 21.4202098846, 27.8255844116, 17.3941898346, 17.8756752014, 10.1779289246, 10.8309106827, 12.4525728226, 7.52604007721, 5.49557971954, 2.44029355049, 1.00676965714, 0.397519230843, 0.234914347529, 0.185178115964, 0.133194237947, 0.0973782762885, 0.0621338486671, 0.0309547167271, 0.0110311284661, 0.00380280101672, 0.000566177710425, 3.57215940312e-05, 5.69341727896e-06], "dmean2": [0.0093759233132, 0.161806210876, 0.896001696587, 2.64854097366, 4.57918024063, 6.93924713135, 5.60546445847, 7.64464998245, 15.169634819, 22.6612567902, 24.6537876129, 20.0412712097, 15.1105461121, 27.5671424866, 32.076461792, 34.4154472351, 40.1949729919, 32.5039825439, 43.5898971558, 26.6103973389, 26.8803291321, 15.062297821, 16.3909854889, 18.563243866, 10.9301137924, 8.06561470032, 3.73393011093, 1.50240337849, 0.58667320013, 0.350345999002, 0.280179530382, 0.206428647041, 0.151025533676, 0.0950968265533, 0.0476107560098, 0.0171846561134, 0.0064402539283, 0.000988268759102, 6.02072905167e-05, 8.33616650198e-06], "dvar": [0.000252732890658, 0.0452312976122, 1.31339514256, 13.453327179, 26.3566665649, 59.8554115295, 39.7565078735, 99.7443084717, 486.536376953, 1562.40087891, 2243.55932617, 2003.72900391, 1019.39697266, 3078.59790039, 4545.70751953, 3803.32128906, 4840.49511719, 3381.70336914, 5066.48828125, 2302.7722168, 2462.56689453, 680.653747559, 766.563964844, 864.040588379, 351.585296631, 152.752456665, 24.4041118622, 4.20345163345, 1.06626951694, 0.457165896893, 0.833425998688, 0.500366806984, 0.223251715302, 0.0635292679071, 0.021899625659, 0.00373715022579, 0.000228650140343, 5.1455576795e-06, 1.63618167903e-08, 6.55435150598e-11], "dvar2": [0.000634440511931, 0.113185502589, 3.32539224625, 36.020652771, 70.1447982788, 165.248550415, 96.6243438721, 240.607315063, 1163.33496094, 3652.73779297, 4975.75830078, 4666.70996094, 2396.11889648, 7118.84375, 10200.2197266, 7315.68652344, 10262.9951172, 7343.68505859, 10985.0898438, 5129.37207031, 5018.27832031, 1360.25317383, 1684.66052246, 1882.40161133, 644.471069336, 316.989715576, 55.7301368713, 8.73492527008, 2.14253377914, 1.1025468111, 2.26090145111, 1.30796098709, 0.542958199978, 0.149206265807, 0.0545996837318, 0.0093680145219, 0.00060707970988, 1.40248994285e-05, 4.30647801863e-08, 1.4076362298e-10], "max": [0.276344001293, 4.02425193787, 29.0025501251, 74.127204895, 83.962852478, 138.642562866, 303.466705322, 332.239440918, 627.033325195, 1154.6986084, 1328.74414062, 1499.01171875, 1164.92773438, 1659.18701172, 1620.3248291, 1676.45324707, 2874.19360352, 1682.5904541, 2326.61328125, 1422.97094727, 1586.72497559, 789.389221191, 973.003356934, 648.831726074, 740.842773438, 270.819396973, 121.011451721, 56.1092643738, 35.2471008301, 32.4529762268, 51.544708252, 43.0376167297, 18.5694656372, 7.6789522171, 7.69898319244, 3.14402222633, 0.573916494846, 0.061882764101, 0.00305772246793, 0.000119362550322], "mean": [0.00823218375444, 0.196937412024, 1.35598385334, 3.2212126255, 5.93564367294, 7.76567697525, 6.50106716156, 9.47967815399, 18.2247047424, 23.6294612885, 26.7162342072, 20.528213501, 14.7369813919, 27.6692180634, 34.8882598877, 43.8081588745, 49.7939491272, 41.0696296692, 53.8763275146, 30.3479423523, 32.2907333374, 22.5764217377, 22.3979816437, 23.8675365448, 17.121137619, 11.3010511398, 5.35255670547, 2.31591510773, 0.889215409756, 0.506693959236, 0.350719511509, 0.225733682513, 0.143100559711, 0.0885701030493, 0.0427412837744, 0.0132928891107, 0.00350313517265, 0.000499557936564, 4.457466639e-05, 2.25497697102e-05], "median": [0.00353015377186, 0.108153283596, 0.681076645851, 1.5509775877, 3.42753267288, 4.51360750198, 3.73856115341, 5.03643512726, 7.72769212723, 8.61819553375, 8.708943367, 5.60575294495, 6.32818126678, 10.9529466629, 9.80901908875, 13.3223314285, 15.5585975647, 15.1099834442, 19.7852554321, 11.8996753693, 8.99023628235, 7.83546733856, 7.70449113846, 6.77928256989, 5.52779626846, 3.00673103333, 1.69587242603, 0.869961619377, 0.330039709806, 0.158234715462, 0.109810657799, 0.0746518224478, 0.039392888546, 0.02031102404, 0.00948512554169, 0.00248542404734, 0.000455880508525, 6.80044176988e-05, 1.69494196598e-05, 1.84915024874e-05], "min": [1.08472590141e-22, 5.55332177394e-22, 1.23598585266e-21, 4.23475841611e-21, 7.99081998003e-21, 2.25752953399e-20, 4.34813983649e-20, 5.73160361151e-20, 7.06760111342e-20, 1.1444050237e-19, 1.77822363777e-19, 1.7667773968e-19, 4.03787595632e-19, 7.16021393501e-19, 1.02353726335e-18, 1.16442039053e-18, 1.56323239138e-18, 2.04457664804e-18, 2.1000227713e-18, 2.11095416989e-18, 3.95239221669e-18, 3.4979586269e-18, 4.77773524751e-18, 6.36157808463e-18, 6.20729277036e-18, 6.49686306022e-18, 9.20171098963e-18, 9.11404142523e-18, 1.11615003841e-17, 1.13861750462e-17, 1.16931376356e-17, 9.93861393731e-18, 1.04608833684e-17, 8.6186288943e-18, 5.88901062786e-18, 3.94736337216e-18, 2.31439076294e-18, 8.54061914509e-19, 2.36311154593e-19, 2.77087701435e-20], "var": [0.000265528826276, 0.0724948942661, 3.16507911682, 24.164484024, 55.0041007996, 99.761756897, 97.5642471313, 199.944335938, 1065.86291504, 2811.60449219, 4034.32080078, 3317.29101562, 1223.77905273, 4188.59423828, 8654.51757812, 11376.2568359, 19502.0957031, 9199.06542969, 16112.3251953, 4139.73193359, 6028.23828125, 2367.98706055, 1789.91882324, 1932.21716309, 1148.95581055, 399.504943848, 68.1935501099, 13.2017221451, 2.89450144768, 0.980940997601, 0.834381580353, 0.477014660835, 0.242593288422, 0.0767735615373, 0.0222118031234, 0.00354121392593, 0.000190979684703, 3.89888828067e-06, 1.39777567298e-08, 3.57657903294e-10]}, "erbbands_crest": {"dmean": 2.56301736832, "dmean2": 4.13113594055, "dvar": 6.21619081497, "dvar2": 15.2434806824, "max": 28.974822998, "mean": 10.1408958435, "median": 9.06427669525, "min": 1.88464963436, "var": 22.8667621613}, "erbbands_flatness_db": {"dmean": 0.015920041129, "dmean2": 0.0233218986541, "dvar": 0.000301332504023, "dvar2": 0.000580141495448, "max": 0.464662581682, "mean": 0.21122084558, "median": 0.207796260715, "min": 0.0227765608579, "var": 0.00237748050131}, "erbbands_kurtosis": {"dmean": 0.840895593166, "dmean2": 1.32945036888, "dvar": 1.38240075111, "dvar2": 3.29402828217, "max": 25.3873672485, "mean": 0.676019012928, "median": 0.0359003543854, "min": -1.7685021162, "var": 4.58229923248}, "erbbands_skewness": {"dmean": 0.311316281557, "dmean2": 0.480280578136, "dvar": 0.0890099704266, "dvar2": 0.209025248885, "max": 4.25666284561, "mean": 0.14506675303, "median": -0.0149881821126, "min": -2.63201475143, "var": 0.7017531991}, "erbbands_spread": {"dmean": 4.5400762558, "dmean2": 7.1054391861, "dvar": 28.8935928345, "dvar2": 66.527130127, "max": 126.000587463, "mean": 25.4382896423, "median": 24.965593338, "min": 3.01843070984, "var": 130.914306641}, "gfcc": {"cov": [[27278.3007812, 501.172576904, -4273.68701172, 1638.93347168, -1026.72412109, 221.451934814, -426.780792236, 333.875579834, -686.850341797, 79.478767395, -236.335357666, -297.629821777, -239.395370483], [501.172576904, 1359.62780762, 215.867797852, -273.083374023, 118.742179871, -117.368492126, -45.5854759216, -183.254653931, 10.5177736282, -110.808616638, 12.1216745377, -57.2196159363, 36.3739395142], [-4273.68701172, 215.867797852, 1627.00854492, -260.342956543, 140.748550415, 106.637001038, -46.3525772095, -72.6810531616, 16.6511554718, -45.4835472107, -38.8932151794, 46.2863693237, 1.5488203764], [1638.93347168, -273.083374023, -260.342956543, 541.574157715, -8.88589000702, 73.9308013916, 41.9422264099, 45.9011077881, -39.788848877, -5.50113010406, -15.5856542587, -37.4859199524, -3.55223584175], [-1026.72412109, 118.742179871, 140.748550415, -8.88589000702, 268.561523438, 39.0376396179, 48.9683113098, -34.9752426147, 27.2789669037, -15.266998291, -6.38723278046, 19.5515823364, 11.2284231186], [221.451934814, -117.368492126, 106.637001038, 73.9308013916, 39.0376396179, 208.212341309, 17.479850769, -18.3864135742, -37.6612586975, 2.04051136971, -13.3819875717, 9.82534599304, -26.8278427124], [-426.780792236, -45.5854759216, -46.3525772095, 41.9422264099, 48.9683113098, 17.479850769, 159.200942993, 13.2642631531, 5.63643932343, 4.90241956711, 21.706193924, -2.65232157707, -2.36723303795], [333.875579834, -183.254653931, -72.6810531616, 45.9011077881, -34.9752426147, -18.3864135742, 13.2642631531, 159.668045044, 21.7860050201, 31.2272758484, -13.1842184067, -5.96487045288, 0.681277453899], [-686.850341797, 10.5177736282, 16.6511554718, -39.788848877, 27.2789669037, -37.6612586975, 5.63643932343, 21.7860050201, 131.323730469, 10.0309705734, -0.517545461655, 2.20450901985, 8.13142108917], [79.478767395, -110.808616638, -45.4835472107, -5.50113010406, -15.266998291, 2.04051136971, 4.90241956711, 31.2272758484, 10.0309705734, 91.2008666992, 23.9713611603, -2.1640663147, -9.03378772736], [-236.335357666, 12.1216745377, -38.8932151794, -15.5856542587, -6.38723278046, -13.3819875717, 21.706193924, -13.1842184067, -0.517545461655, 23.9713611603, 92.2081985474, 9.66615581512, 5.17737627029], [-297.629821777, -57.2196159363, 46.2863693237, -37.4859199524, 19.5515823364, 9.82534599304, -2.65232157707, -5.96487045288, 2.20450901985, -2.1640663147, 9.66615581512, 85.288520813, 18.4550113678], [-239.395370483, 36.3739395142, 1.5488203764, -3.55223584175, 11.2284231186, -26.8278427124, -2.36723303795, 0.681277453899, 8.13142108917, -9.03378772736, 5.17737627029, 18.4550113678, 73.5254211426]], "icov": [[0.000341589970049, -0.000813374121208, 0.000841002911329, -0.000829148222692, 0.000903362000827, -0.000843389134388, 0.000884248991497, -0.000952911272179, 0.00120401778258, -0.000795482425019, 0.00102712295484, -0.000690001412295, 0.000918391917367], [-0.000813374121208, 0.00319124478847, -0.00203905487433, 0.00250237737782, -0.00270497519523, 0.00256040482782, -0.00183623493649, 0.0032440177165, -0.00278575439006, 0.00305742188357, -0.00284104049206, 0.00305726821534, -0.00268864352256], [0.000841002911329, -0.00203905487433, 0.00283549213782, -0.00165368791204, 0.00193159771152, -0.00259429961443, 0.00239654327743, -0.00231779599562, 0.00287332758307, -0.00170868914574, 0.00273066293448, -0.00183453271165, 0.00220491318032], [-0.000829148222692, 0.00250237737782, -0.00165368791204, 0.00462570320815, -0.00249431258999, 0.00118103343993, -0.00239359214902, 0.00200146227144, -0.00240035261959, 0.00291097536683, -0.00246770912781, 0.00327962753363, -0.00298936851323], [0.000903362000827, -0.00270497519523, 0.00193159771152, -0.00249431258999, 0.00728708226234, -0.00317438528873, 0.000624368200079, -0.00184345024172, 0.00192761386279, -0.00240403413773, 0.0035560184624, -0.00314962817356, 0.00191597105004], [-0.000843389134388, 0.00256040482782, -0.00259429961443, 0.00118103343993, -0.00317438528873, 0.00875489134341, -0.00262480624951, 0.00350965000689, -0.00135297433008, 0.00143767567351, -0.00168891309295, 0.00087175774388, -0.000112387453555], [0.000884248991497, -0.00183623493649, 0.00239654327743, -0.00239359214902, 0.000624368200079, -0.00262480624951, 0.00974115263671, -0.00331118726172, 0.00294884154573, -0.00135061633773, 0.000332613009959, -0.000988788204268, 0.00264527858235], [-0.000952911272179, 0.0032440177165, -0.00231779599562, 0.00200146227144, -0.00184345024172, 0.00350965000689, -0.00331118726172, 0.0112526221201, -0.0045336834155, 0.000144279241795, -0.000891566975042, 0.00262412731536, -0.00328748207539], [0.00120401778258, -0.00278575439006, 0.00287332758307, -0.00240035261959, 0.00192761386279, -0.00135297433008, 0.00294884154573, -0.0045336834155, 0.0130345439538, -0.00364042795263, 0.00395147781819, -0.00229322630912, 0.0028793187812], [-0.000795482425019, 0.00305742188357, -0.00170868914574, 0.00291097536683, -0.00240403413773, 0.00143767567351, -0.00135061633773, 0.000144279241795, -0.00364042795263, 0.0164748989046, -0.00688642263412, 0.00334607507102, -0.001007220475], [0.00102712295484, -0.00284104049206, 0.00273066293448, -0.00246770912781, 0.0035560184624, -0.00168891309295, 0.000332613009959, -0.000891566975042, 0.00395147781819, -0.00688642263412, 0.0165146384388, -0.00414823228493, 0.00202788505703], [-0.000690001412295, 0.00305726821534, -0.00183453271165, 0.00327962753363, -0.00314962817356, 0.00087175774388, -0.000988788204268, 0.00262412731536, -0.00229322630912, 0.00334607507102, -0.00414823228493, 0.0164925865829, -0.00600188830867], [0.000918391917367, -0.00268864352256, 0.00220491318032, -0.00298936851323, 0.00191597105004, -0.000112387453555, 0.00264527858235, -0.00328748207539, 0.0028793187812, -0.001007220475, 0.00202788505703, -0.00600188830867, 0.0184337384999]], "mean": [-79.2975006104, 128.654632568, -140.060516357, 17.089214325, -46.8408813477, -2.52519106865, -37.7894096375, -2.23184633255, -27.4918479919, -1.76171350479, -11.0640592575, -11.4352502823, -10.9527111053]}, "hfc": {"dmean": 4.14660978317, "dmean2": 5.67974472046, "dvar": 38.3945007324, "dvar2": 64.4547729492, "max": 104.216056824, "mean": 16.573764801, "median": 11.19917202, "min": 1.07684251497e-16, "var": 296.643249512}, "melbands": {"dmean": [7.57293528295e-05, 0.000232913298532, 0.0002864501148, 0.0002614899131, 0.000124429352582, 0.000106603954919, 0.00015064215404, 0.000162811906193, 0.000126530023408, 7.75852822699e-05, 4.99661000504e-05, 7.33070846763e-05, 6.53949318803e-05, 8.40077264002e-05, 6.13481897744e-05, 5.12599544891e-05, 4.41329211753e-05, 5.16076906933e-05, 3.05491266772e-05, 2.36736104853e-05, 2.18821714952e-05, 1.11317904157e-05, 1.16733499453e-05, 1.30886146508e-05, 1.1278254533e-05, 7.12439441486e-06, 5.09967640028e-06, 3.72454519493e-06, 2.08506321542e-06, 1.07383300474e-06, 4.88892283101e-07, 2.57205527987e-07, 1.78340158641e-07, 1.27482877588e-07, 1.12870729652e-07, 1.01522140028e-07, 7.87691050164e-08, 7.1121029066e-08, 6.33786001458e-08, 5.18587661702e-08], "dmean2": [0.000120786346088, 0.000367080443539, 0.000474521075375, 0.00042953438242, 0.000205128526432, 0.000167844817042, 0.000236869993387, 0.000255966820987, 0.000192635910935, 0.000121556942759, 7.92818609625e-05, 0.000116992036055, 0.000101246885606, 0.000128885279992, 9.40843456192e-05, 7.67554156482e-05, 6.85393970343e-05, 8.10248893686e-05, 4.78567853861e-05, 3.61588790838e-05, 3.33536627295e-05, 1.67233883985e-05, 1.78029495146e-05, 2.02529936359e-05, 1.70662224264e-05, 1.07518681034e-05, 7.56426879889e-06, 5.61050455872e-06, 3.26169583786e-06, 1.67322139077e-06, 7.44152032439e-07, 3.91618954154e-07, 2.68863090014e-07, 1.95677984038e-07, 1.72860353587e-07, 1.58563992159e-07, 1.24039729599e-07, 1.11199987884e-07, 9.89647332972e-08, 7.95141517074e-08], "dvar": [3.20115063346e-08, 2.10155050695e-07, 3.73569776002e-07, 2.24043049002e-07, 4.71580747785e-08, 4.55468267546e-08, 1.17972867031e-07, 1.77454765549e-07, 1.3823738243e-07, 7.58144409474e-08, 2.85579133674e-08, 5.4562626417e-08, 5.20316696395e-08, 5.52029142398e-08, 2.68401407766e-08, 2.38561117527e-08, 1.55971804361e-08, 1.84624155963e-08, 7.41178407537e-09, 5.32485344706e-09, 4.30525171069e-09, 1.09287379146e-09, 8.21291201714e-10, 1.04392761102e-09, 7.82820752665e-10, 3.36649264021e-10, 2.24666285575e-10, 7.11153635979e-11, 1.86148371023e-11, 4.67291309814e-12, 1.17154951105e-12, 5.16690965187e-13, 2.8629605197e-13, 1.44320197611e-13, 2.51357203281e-13, 4.93030258546e-13, 1.23855000691e-13, 1.17696745904e-13, 8.59381196847e-14, 4.24569504987e-14], "dvar2": [7.89425271819e-08, 5.27647671333e-07, 9.99706799121e-07, 6.07217089055e-07, 1.20743337106e-07, 1.08681561528e-07, 2.79683746385e-07, 4.09452241001e-07, 3.0330932077e-07, 1.78248185989e-07, 6.8447000956e-08, 1.26194734662e-07, 1.17455755344e-07, 1.18220270906e-07, 5.65903093275e-08, 4.08344504876e-08, 3.48040600784e-08, 4.0282642999e-08, 1.67669167439e-08, 1.15937064393e-08, 8.79181083491e-09, 2.17665174773e-09, 1.79483206075e-09, 2.40593434064e-09, 1.73967462658e-09, 6.69685640275e-10, 4.52968829112e-10, 1.53482407339e-10, 4.45355384515e-11, 1.1040182657e-11, 2.4313324791e-12, 1.04246494249e-12, 6.55301984551e-13, 3.67555215864e-13, 6.83958694802e-13, 1.35065808364e-12, 3.14363606761e-13, 2.90441119506e-13, 2.08165841335e-13, 9.86805851876e-14], "max": [0.00257291318849, 0.0119430422783, 0.0110384142026, 0.00876654405147, 0.00860466063023, 0.00694053294137, 0.00934167765081, 0.0110623333603, 0.0111638018861, 0.00847691763192, 0.00619922950864, 0.00781624484807, 0.00626547913998, 0.0061325635761, 0.00435693562031, 0.00708192354068, 0.00331078888848, 0.00455001369119, 0.00211543543264, 0.00173298630398, 0.00197229720652, 0.000915954296943, 0.00101584964432, 0.000917297438718, 0.000655753014144, 0.000631134258583, 0.000645312655251, 0.00017310999101, 9.20498423511e-05, 4.60658447992e-05, 2.79915511783e-05, 2.63921010628e-05, 2.44114053203e-05, 2.10119469557e-05, 3.20409126289e-05, 4.82569048472e-05, 1.75797977136e-05, 1.23139789139e-05, 1.12129828267e-05, 6.26507153356e-06], "mean": [0.000125882332213, 0.000559033534955, 0.000622501247562, 0.000541086425073, 0.000242475551204, 0.000207651421078, 0.000281951419311, 0.000269367475994, 0.000207472316106, 0.00011909515888, 7.20349271432e-05, 0.000112529894977, 9.85440201475e-05, 0.000141922268085, 0.000106729254185, 9.21287937672e-05, 7.50560793676e-05, 9.32750845095e-05, 4.90843958687e-05, 3.66839158232e-05, 3.63832696166e-05, 2.10703128687e-05, 2.23440420086e-05, 2.17274628085e-05, 1.90619102796e-05, 1.44730911416e-05, 9.81686480372e-06, 6.74497596265e-06, 3.80829055757e-06, 2.08433380067e-06, 1.01427372101e-06, 5.11139887749e-07, 3.49926381205e-07, 2.52933801903e-07, 2.09380189631e-07, 1.6476217013e-07, 1.25676081097e-07, 1.01430934762e-07, 8.67523795023e-08, 7.10712910745e-08], "median": [5.99312370468e-05, 0.000316290766932, 0.000363932951586, 0.000338652578648, 0.000149474042701, 0.000109957334644, 0.000118914620543, 9.23618208617e-05, 6.33811432635e-05, 3.02269963868e-05, 2.8863800253e-05, 4.10239881603e-05, 2.55514114542e-05, 3.06572837871e-05, 3.07553564198e-05, 2.85782243736e-05, 2.41846009885e-05, 2.9517659641e-05, 1.83929532795e-05, 1.04217879198e-05, 8.96081564861e-06, 6.76610943628e-06, 6.67850326863e-06, 5.80012374485e-06, 4.57238365925e-06, 4.15922113461e-06, 2.92692425319e-06, 1.53283144755e-06, 1.0213806263e-06, 6.22033383024e-07, 3.69484183693e-07, 1.70504037555e-07, 1.0231650549e-07, 7.5519281495e-08, 6.36806092302e-08, 4.87226792245e-08, 4.01440480857e-08, 2.72131135404e-08, 2.10526405198e-08, 1.4972810547e-08], "min": [1.32073972094e-24, 7.16846631348e-25, 1.32111186608e-24, 1.17306752328e-24, 1.60450669501e-24, 1.12049546598e-24, 1.36797907853e-24, 9.83372212166e-25, 1.96309613986e-24, 1.11606305377e-24, 2.14066340481e-24, 2.74771376227e-24, 2.5503228172e-24, 2.57663310333e-24, 3.23897965201e-24, 2.52171497369e-24, 2.83188068491e-24, 3.09801928015e-24, 3.04832262084e-24, 2.91886877136e-24, 4.03341425396e-24, 2.91336449439e-24, 3.01731348473e-24, 3.38316764827e-24, 4.34440649419e-24, 3.11495809594e-24, 4.2134086467e-24, 3.82954538035e-24, 4.73436804978e-24, 4.60869659112e-24, 5.17915977701e-24, 4.62197390901e-24, 5.10241899372e-24, 5.60407615373e-24, 5.90658656151e-24, 5.70521679925e-24, 5.64645928358e-24, 6.62310892172e-24, 6.73064012944e-24, 6.13594155882e-24], "var": [4.17417886922e-08, 4.86363660457e-07, 7.06536184225e-07, 4.30079751368e-07, 1.06908125019e-07, 9.52747072347e-08, 2.59082128196e-07, 3.46584954514e-07, 2.48825273275e-07, 1.20313117691e-07, 3.23728599483e-08, 7.30439637664e-08, 8.40610923092e-08, 1.5009351273e-07, 7.18299943969e-08, 8.84847608518e-08, 3.60831009516e-08, 5.69459288613e-08, 1.22630146038e-08, 8.87742057643e-09, 9.58592316636e-09, 2.91628965421e-09, 2.08251993428e-09, 2.05021932764e-09, 1.53869361696e-09, 9.09251784975e-10, 5.54118306795e-10, 1.55427268278e-10, 4.23105508962e-11, 1.20646999335e-11, 3.11546101417e-12, 1.2119967573e-12, 6.16447593926e-13, 2.60973534449e-13, 2.72272574495e-13, 3.83402999019e-13, 1.3334895254e-13, 1.26839917692e-13, 9.16073112007e-14, 5.19957408835e-14]}, "melbands_crest": {"dmean": 2.5990896225, "dmean2": 4.22634601593, "dvar": 6.73564195633, "dvar2": 17.0230503082, "max": 37.8871459961, "mean": 12.4530534744, "median": 11.5347614288, "min": 1.62288510799, "var": 26.5249137878}, "melbands_flatness_db": {"dmean": 0.0190492216498, "dmean2": 0.0276590324938, "dvar": 0.000490417238325, "dvar2": 0.000999919953756, "max": 0.550147593021, "mean": 0.224025636911, "median": 0.196344539523, "min": 0.00262588029727, "var": 0.00804267544299}, "melbands_kurtosis": {"dmean": 2.80235528946, "dmean2": 4.4556593895, "dvar": 42.8249549866, "dvar2": 110.88974762, "max": 355.577941895, "mean": 5.94912672043, "median": 2.43284463882, "min": -1.69695782661, "var": 121.270225525}, "melbands_skewness": {"dmean": 0.440983444452, "dmean2": 0.682943224907, "dvar": 0.232015535235, "dvar2": 0.539091706276, "max": 16.2201538086, "mean": 1.67152225971, "median": 1.51375544071, "min": -1.86119508743, "var": 1.42335605621}, "melbands_spread": {"dmean": 5.10936594009, "dmean2": 7.84256362915, "dvar": 39.2349777222, "dvar2": 90.0147399902, "max": 158.763595581, "mean": 25.9216690063, "median": 24.2066936493, "min": 0.345216453075, "var": 384.222106934}, "mfcc": {"cov": [[14540.90625, -716.008422852, -2513.61865234, 1059.34765625, -472.651702881, -15.6122770309, 313.9503479, 76.3995895386, -4.49996328354, 125.128753662, -35.4610061646, 140.250411987, -52.0188331604], [-716.008422852, 1560.94824219, 359.059631348, -115.833709717, 149.467041016, 28.9095573425, -36.1465530396, -61.1979408264, -43.2945175171, -58.9361114502, -35.2977981567, -80.8158950806, -32.1960067749], [-2513.61865234, 359.059631348, 1138.59753418, -175.3540802, 178.437637329, 66.8021621704, -42.1578369141, -7.80473995209, -31.6654663086, -30.4820289612, -21.8834152222, -72.7258682251, -24.9480552673], [1059.34765625, -115.833709717, -175.3540802, 359.790405273, -2.98338127136, 9.39165115356, 59.2436561584, 22.3927288055, 30.4465312958, 15.212143898, -26.3292045593, 27.5545024872, -20.1381130219], [-472.651702881, 149.467041016, 178.437637329, -2.98338127136, 212.887008667, 55.3984832764, -12.5777835846, 14.2547674179, 20.5502967834, -25.7783889771, -13.7509002686, -11.8794240952, -6.04869604111], [-15.6122770309, 28.9095573425, 66.8021621704, 9.39165115356, 55.3984832764, 221.469604492, 58.4531936646, 28.1559906006, -23.2570457458, -19.1592121124, 3.20320749283, -24.5365009308, -16.5734672546], [313.9503479, -36.1465530396, -42.1578369141, 59.2436561584, -12.5777835846, 58.4531936646, 160.736953735, 20.4011268616, -20.2850399017, 13.9007701874, -0.189656302333, -9.28553104401, 4.27720785141], [76.3995895386, -61.1979408264, -7.80473995209, 22.3927288055, 14.2547674179, 28.1559906006, 20.4011268616, 101.472320557, 28.0050163269, -9.50675296783, -0.608398497105, -1.08131146431, 0.963303685188], [-4.49996328354, -43.2945175171, -31.6654663086, 30.4465312958, 20.5502967834, -23.2570457458, -20.2850399017, 28.0050163269, 110.778137207, 16.1169376373, -2.61176991463, 16.2190494537, -6.15638208389], [125.128753662, -58.9361114502, -30.4820289612, 15.212143898, -25.7783889771, -19.1592121124, 13.9007701874, -9.50675296783, 16.1169376373, 98.2069320679, 31.5963726044, -2.91871976852, -2.0998044014], [-35.4610061646, -35.2977981567, -21.8834152222, -26.3292045593, -13.7509002686, 3.20320749283, -0.189656302333, -0.608398497105, -2.61176991463, 31.5963726044, 87.3901138306, 13.9797515869, 3.76406502724], [140.250411987, -80.8158950806, -72.7258682251, 27.5545024872, -11.8794240952, -24.5365009308, -9.28553104401, -1.08131146431, 16.2190494537, -2.91871976852, 13.9797515869, 95.7733383179, 24.6355571747], [-52.0188331604, -32.1960067749, -24.9480552673, -20.1381130219, -6.04869604111, -16.5734672546, 4.27720785141, 0.963303685188, -6.15638208389, -2.0998044014, 3.76406502724, 24.6355571747, 76.7136764526]], "icov": [[0.000138848394272, -2.62144294538e-05, 0.000262641435256, -0.000267363007879, 9.60402539931e-05, -4.25510552304e-05, -5.09252131451e-05, -8.70201911312e-05, 0.000157827220391, -0.000107110456156, 8.96808705875e-05, -2.65463750111e-05, 0.000114548500278], [-2.62144294538e-05, 0.000783753057476, -0.000165177552844, 0.000167422476807, -0.000457206973806, 9.28437730181e-05, -1.03929432953e-05, 0.000500046415254, 7.72991188569e-05, 0.000367645261576, 3.36679695465e-05, 0.000452748179669, 0.000148920196807], [0.000262641435256, -0.000165177552844, 0.00167361169588, -8.14489067125e-06, -0.000686317391228, -0.000178708680323, 5.30831784999e-05, -0.000241104891757, 0.000634009949863, -0.000385267921956, 0.000440867763245, 0.000314864650136, 0.00047584134154], [-0.000267363007879, 0.000167422476807, -8.14489067125e-06, 0.00417970586568, -0.00066764926305, 9.65905492194e-05, -0.00120142218657, -0.000173859254573, -0.000753953412641, -0.000560109969229, 0.00143360265065, -0.00128197460435, 0.00128643948119], [9.60402539931e-05, -0.000457206973806, -0.000686317391228, -0.00066764926305, 0.0065557193011, -0.00159691518638, 0.000614401244093, -0.000275574071566, -0.00173358852044, 0.00100901606493, 0.00017043860862, 3.71312598872e-05, -0.000515909749083], [-4.25510552304e-05, 9.28437730181e-05, -0.000178708680323, 9.65905492194e-05, -0.00159691518638, 0.00608127797022, -0.0020965419244, -0.00122272758745, 0.0012122518383, 0.00117350311484, -0.00104962545447, 0.000788527540863, 0.00122518604621], [-5.09252131451e-05, -1.03929432953e-05, 5.30831784999e-05, -0.00120142218657, 0.000614401244093, -0.0020965419244, 0.00821959879249, -0.00147704454139, 0.00174755149055, -0.00172525108792, 0.000428517203545, 0.0007034689188, -0.00133517105132], [-8.70201911312e-05, 0.000500046415254, -0.000241104891757, -0.000173859254573, -0.000275574071566, -0.00122272758745, -0.00147704454139, 0.012270508334, -0.00401617726311, 0.00245327642187, -0.00102257635444, 0.00120580289513, -0.000923017796595], [0.000157827220391, 7.72991188569e-05, 0.000634009949863, -0.000753953412641, -0.00173358852044, 0.0012122518383, 0.00174755149055, -0.00401617726311, 0.0122645748779, -0.00320658506826, 0.00146998814307, -0.00207909452729, 0.00171795941424], [-0.000107110456156, 0.000367645261576, -0.000385267921956, -0.000560109969229, 0.00100901606493, 0.00117350311484, -0.00172525108792, 0.00245327642187, -0.00320658506826, 0.0138524090871, -0.00551772443578, 0.00243958015926, -0.000183057316463], [8.96808705875e-05, 3.36679695465e-05, 0.000440867763245, 0.00143360265065, 0.00017043860862, -0.00104962545447, 0.000428517203545, -0.00102257635444, 0.00146998814307, -0.00551772443578, 0.0146035039797, -0.00310609489679, 0.00061815069057], [-2.65463750111e-05, 0.000452748179669, 0.000314864650136, -0.00128197460435, 3.71312598872e-05, 0.000788527540863, 0.0007034689188, 0.00120580289513, -0.00207909452729, 0.00243958015926, -0.00310609489679, 0.0137458285317, -0.00430515641347], [0.000114548500278, 0.000148920196807, 0.00047584134154, 0.00128643948119, -0.000515909749083, 0.00122518604621, -0.00133517105132, -0.000923017796595, 0.00171795941424, -0.000183057316463, 0.00061815069057, -0.00430515641347, 0.0154632302001]], "mean": [-705.210021973, 156.013259888, -27.3350105286, 20.0760231018, 2.37686681747, -0.24768742919, 1.19566082954, -7.47341156006, -8.81676101685, 0.573936998844, -3.19221544266, -2.28169941902, -3.71266698837]}, "pitch_salience": {"dmean": 0.0581076480448, "dmean2": 0.0936138033867, "dvar": 0.00286590703763, "dvar2": 0.0071405149065, "max": 0.90762835741, "mean": 0.580526828766, "median": 0.585096895695, "min": 0.0874623656273, "var": 0.00996598787606}, "silence_rate_20dB": {"dmean": 0, "dmean2": 0, "dvar": 0, "dvar2": 0, "max": 1, "mean": 1, "median": 1, "min": 1, "var": 0}, "silence_rate_30dB": {"dmean": 0, "dmean2": 0, "dvar": 0, "dvar2": 0, "max": 1, "mean": 1, "median": 1, "min": 1, "var": 0}, "silence_rate_60dB": {"dmean": 0.0283563807607, "dmean2": 0.056717723608, "dvar": 0.0275473892689, "dvar2": 0.0605103783309, "max": 1, "mean": 0.169685825706, "median": 0, "min": 0, "var": 0.140901222825}, "spectral_centroid": {"dmean": 178.460327148, "dmean2": 266.916778564, "dvar": 60486.2617188, "dvar2": 124693.90625, "max": 11870.7851562, "mean": 1368.70715332, "median": 1264.02539062, "min": 89.0042037964, "var": 1576354.25}, "spectral_complexity": {"dmean": 2.64134430885, "dmean2": 4.02345752716, "dvar": 8.15149402618, "dvar2": 16.8720016479, "max": 60, "mean": 18.0084896088, "median": 19, "min": 0, "var": 126.182449341}, "spectral_contrast_coeffs": {"dmean": [0.0433805212379, 0.0431463867426, 0.0375050231814, 0.0307082552463, 0.0221702139825, 0.017757255584], "dmean2": [0.0712997540832, 0.0705900341272, 0.0602460354567, 0.0496427118778, 0.0350437983871, 0.0271341092885], "dvar": [0.00144800031558, 0.00134355353657, 0.00103442685213, 0.000673392496537, 0.000409298430895, 0.000319072743878], "dvar2": [0.00389127666131, 0.00337259471416, 0.00252840807661, 0.00166349275969, 0.000906530069187, 0.000638377969153], "max": [-0.302954554558, -0.419275522232, -0.480240911245, -0.481514036655, -0.535163462162, -0.605174481869], "mean": [-0.605651795864, -0.720461547375, -0.759122371674, -0.761385798454, -0.773302316666, -0.768803358078], "median": [-0.600278615952, -0.722925186157, -0.763090312481, -0.763622641563, -0.77324193716, -0.76042085886], "min": [-0.985167443752, -0.978434145451, -0.978079855442, -0.974467873573, -0.9683817029, -0.96768373251], "var": [0.0072437338531, 0.00592445163056, 0.00448681926355, 0.0033581580501, 0.00359365483746, 0.00362663064152]}, "spectral_contrast_valleys": {"dmean": [0.396361738443, 0.336804270744, 0.311437547207, 0.264649540186, 0.251469582319, 0.297676384449], "dmean2": [0.645374119282, 0.544338047504, 0.491545796394, 0.410552948713, 0.35987213254, 0.394184529781], "dvar": [0.144532635808, 0.105116590858, 0.095070168376, 0.0780928879976, 0.0914323329926, 0.151343986392], "dvar2": [0.324039161205, 0.231531813741, 0.200108617544, 0.151694983244, 0.163908809423, 0.268584012985], "max": [-5.65475320816, -5.03945112228, -5.30714321136, -5.43579673767, -5.57738208771, -8.26775836945], "mean": [-8.23567581177, -7.24051046371, -7.85849094391, -8.13900852203, -8.443775177, -11.6787557602], "median": [-7.7562212944, -6.77349090576, -7.27526712418, -7.4180431366, -7.73095083237, -11.2253398895], "min": [-28.3969135284, -28.1526184082, -27.7836856842, -27.6285762787, -27.5962867737, -27.4378395081], "var": [5.80444335938, 6.12575674057, 6.14360237122, 6.41127157211, 6.566010952, 4.53974866867]}, "spectral_decrease": {"dmean": 1.02521946488e-09, "dmean2": 1.52149781663e-09, "dvar": 2.00797163119e-18, "dvar2": 4.27469445697e-18, "max": 1.59697870247e-28, "mean": -4.21838253217e-09, "median": -3.59064911137e-09, "min": -2.04866736908e-08, "var": 1.15970457182e-17}, "spectral_energy": {"dmean": 0.00418095849454, "dmean2": 0.00615272019058, "dvar": 3.28389178321e-05, "dvar2": 6.81517849443e-05, "max": 0.0848132818937, "mean": 0.0174243692309, "median": 0.0146779883653, "min": 1.00878019966e-20, "var": 0.000202823503059}, "spectral_energyband_high": {"dmean": 0.00010082902736, "dmean2": 0.000149241051986, "dvar": 4.05444140483e-08, "dvar2": 8.89084006417e-08, "max": 0.00425475044176, "mean": 0.000240576817305, "median": 9.8138298199e-05, "min": 6.84580087166e-21, "var": 1.16547518303e-07}, "spectral_energyband_low": {"dmean": 0.00109779636841, "dmean2": 0.00174459465779, "dvar": 4.90303682454e-06, "dvar2": 1.23944100778e-05, "max": 0.043031539768, "mean": 0.00268403929658, "median": 0.00171512097586, "min": 1.05187580849e-23, "var": 9.97449023998e-06}, "spectral_energyband_middle_high": {"dmean": 0.00209568277933, "dmean2": 0.00296287750825, "dvar": 1.20131107906e-05, "dvar2": 2.28533590416e-05, "max": 0.0694433450699, "mean": 0.0070563829504, "median": 0.00421538902447, "min": 1.14809801355e-21, "var": 7.58688984206e-05}, "spectral_energyband_middle_low": {"dmean": 0.0027620641049, "dmean2": 0.00434102583677, "dvar": 1.76455941983e-05, "dvar2": 4.12577173847e-05, "max": 0.0593365952373, "mean": 0.00813841819763, "median": 0.00646578008309, "min": 1.51537756512e-22, "var": 5.24698916706e-05}, "spectral_entropy": {"dmean": 0.13118609786, "dmean2": 0.194518387318, "dvar": 0.0307148918509, "dvar2": 0.063741274178, "max": 9.82070827484, "mean": 7.15807533264, "median": 7.36118030548, "min": 4.58131599426, "var": 0.44469872117}, "spectral_flux": {"dmean": 0.0184321980923, "dmean2": 0.0281677599996, "dvar": 0.00042332225712, "dvar2": 0.000944220286328, "max": 0.267052143812, "mean": 0.0654900297523, "median": 0.0587649084628, "min": 6.44117953419e-11, "var": 0.00213217781857}, "spectral_kurtosis": {"dmean": 3.86882472038, "dmean2": 6.51677703857, "dvar": 31.610206604, "dvar2": 80.461265564, "max": 102.243354797, "mean": 10.7242593765, "median": 6.58629608154, "min": -1.26449584961, "var": 145.121643066}, "spectral_rms": {"dmean": 0.000461977964733, "dmean2": 0.000667158514261, "dvar": 3.06266457528e-07, "dvar2": 5.98387487116e-07, "max": 0.00909640919417, "mean": 0.00370570318773, "median": 0.00378417619504, "min": 3.13715763436e-12, "var": 3.26721351485e-06}, "spectral_rolloff": {"dmean": 269.192169189, "dmean2": 443.421264648, "dvar": 223831.65625, "dvar2": 469259.09375, "max": 19509.0820312, "mean": 1629.25, "median": 1399.65820312, "min": 21.533203125, "var": 4380670.5}, "spectral_skewness": {"dmean": 0.351100355387, "dmean2": 0.573653936386, "dvar": 0.167706251144, "dvar2": 0.410348922014, "max": 8.64079856873, "mean": 2.02883887291, "median": 1.66955804825, "min": -0.0808553174138, "var": 1.38494694233}, "spectral_spread": {"dmean": 344179.78125, "dmean2": 521586, "dvar": 434644189184, "dvar2": 807976173568, "max": 43092052, 