{"lowlevel": {"average_loudness": 0.77606266737, "barkbands": {"dmean": [8.625855844e-05, 0.00352102727629, 0.0017366319662, 0.00136531947646, 0.00050221075071, 0.000513202394359, 0.000325598521158, 0.000294533820124, 0.000331639166689, 0.000380450714147, 0.000236340376432, 0.000273418903816, 0.000274419173365, 0.000242914844421, 0.000236092106206, 0.00033075796091, 0.000296663987683, 0.000317473604809, 0.000320623075822, 0.000220090150833, 0.000205490359804, 0.000176228291821, 6.72620226396e-05, 3.76051721105e-05, 2.19867324631e-05, 9.22078015719e-06, 2.01686452783e-06], "dmean2": [0.000140719901538, 0.00536121241748, 0.00294224312529, 0.00228945328854, 0.000802642840426, 0.000800489331596, 0.000495858723298, 0.000444392906502, 0.000512543483637, 0.000581311702263, 0.00037294923095, 0.000419748044806, 0.000429753767094, 0.000381995429052, 0.000373941060388, 0.000531536934432, 0.000482546136482, 0.000510821468197, 0.000531156954821, 0.000355252763256, 0.000308765593218, 0.00028094695881, 9.74126232904e-05, 5.36450934305e-05, 2.99522635032e-05, 1.30367106976e-05, 2.99996986541e-06], "dvar": [3.12928598589e-08, 7.4033945566e-05, 2.02583996725e-05, 1.11006802399e-05, 7.7280901678e-07, 8.35008677313e-07, 4.4070091576e-07, 6.02647446613e-07, 7.45418219594e-07, 6.6956624778e-07, 3.74789323132e-07, 5.12461156177e-07, 5.47224942693e-07, 4.23745433409e-07, 3.83161761874e-07, 9.40712027386e-07, 3.94093461864e-07, 3.81605843813e-07, 3.60363969776e-07, 1.43214521131e-07, 1.4841408813e-07, 2.55757527157e-07, 4.44852545911e-08, 3.09170111734e-08, 1.02974642147e-08, 1.12451337131e-09, 3.39436603825e-11], "dvar2": [8.16166689788e-08, 0.000154488894623, 5.55313417863e-05, 2.95482313959e-05, 1.9827352844e-06, 2.06182835427e-06, 9.97434881356e-07, 1.31849378704e-06, 1.75424497684e-06, 1.46515401411e-06, 8.85908093551e-07, 1.13645842248e-06, 1.26413647195e-06, 1.06494667307e-06, 8.91876823061e-07, 2.35120796788e-06, 9.77703848548e-07, 9.26197458284e-07, 9.21581147395e-07, 3.48064531863e-07, 3.11431392674e-07, 6.23678431566e-07, 8.52938342177e-08, 5.79114498578e-08, 2.01695797841e-08, 2.33770514058e-09, 7.54801984804e-11], "max": [0.00223105913028, 0.103005826473, 0.058091443032, 0.0482323206961, 0.0173643361777, 0.0191335696727, 0.017984572798, 0.0234772954136, 0.0207813475281, 0.016218861565, 0.0139117045328, 0.0165520608425, 0.0277398340404, 0.0194093473256, 0.0148786529899, 0.0264768134803, 0.0157129354775, 0.0138470334932, 0.0154707273468, 0.00963098183274, 0.00792871788144, 0.012878681533, 0.00897482503206, 0.00848934520036, 0.00391441723332, 0.00101371784694, 0.00013056541502], "mean": [0.000131541062729, 0.00584140140563, 0.00230660429224, 0.00168324494734, 0.000921578728594, 0.000967325933743, 0.000587762449868, 0.000528530217707, 0.000548087118659, 0.00064500735607, 0.000397016643547, 0.000471692095743, 0.000472733052447, 0.00040109117981, 0.000411456654547, 0.000618104590103, 0.000604620377999, 0.000709626765456, 0.000750139239244, 0.000583951594308, 0.000516753992997, 0.000344813684933, 0.000140877920785, 7.03357363818e-05, 4.2162660975e-05, 1.84569798876e-05, 3.84795112041e-06], "median": [2.09992322198e-05, 0.00115328165703, 0.000768823665567, 0.000489253783599, 0.000548242358491, 0.000551473989617, 0.00030677812174, 0.000219989029574, 0.000181802228326, 0.000230514735449, 0.000122406403534, 0.000146148988279, 0.000147556536831, 0.000155614077812, 0.000166600235389, 0.000209166188142, 0.000337644480169, 0.000430458079791, 0.000528656702954, 0.000446637219284, 0.000300614192383, 0.000155805406393, 5.14899620612e-05, 2.0399933419e-05, 1.04227265183e-05, 3.29215708916e-06, 2.94372398457e-07], "min": [9.04539708109e-14, 1.96824927369e-14, 4.4989888178e-15, 7.40963405253e-16, 8.87794120852e-15, 2.44376840338e-15, 3.2904212446e-15, 9.0350675143e-15, 1.37685095462e-14, 8.17375443859e-15, 2.08911676715e-15, 2.20021847895e-15, 1.23718701655e-15, 2.84365244602e-15, 4.29879596885e-15, 4.35208789376e-15, 1.02920796546e-14, 8.10568941205e-15, 7.69673343478e-15, 6.72721232358e-15, 1.11912135985e-14, 1.26078507918e-14, 1.45478383029e-14, 3.12149022179e-14, 4.97236766464e-14, 2.34949023127e-13, 3.55470063107e-11], "var": [5.93035274221e-08, 0.000115883252874, 1.90845476027e-05, 1.15052589535e-05, 1.429134727e-06, 1.6195825765e-06, 9.57071506491e-07, 1.34927631734e-06, 1.73889191046e-06, 1.70188434367e-06, 9.48190859162e-07, 1.26681254642e-06, 1.60678962402e-06, 7.67008657476e-07, 8.56252768244e-07, 2.44417765316e-06, 9.71658550952e-07, 1.09633640477e-06, 9.44334772157e-07, 4.68976708135e-07, 4.70602600444e-07, 3.91116230958e-07, 8.95516976129e-08, 5.54259216301e-08, 2.00765235547e-08, 2.30599206397e-09, 7.9298387301e-11]}, "barkbands_crest": {"dmean": 2.42101264, "dmean2": 3.74962711334, "dvar": 5.71456956863, "dvar2": 12.272315979, "max": 26.8285770416, "mean": 9.43015480042, "median": 8.34028816223, "min": 2.3239004612, "var": 22.0116539001}, "barkbands_flatness_db": {"dmean": 0.0153108350933, "dmean2": 0.0228876546025, "dvar": 0.000239038316067, "dvar2": 0.000483918818645, "max": 0.490029454231, "mean": 0.115551233292, "median": 0.105789914727, "min": 0.0266096126288, "var": 0.00333929760382}, "barkbands_kurtosis": {"dmean": 1.65687870979, "dmean2": 2.59764385223, "dvar": 20.272359848, "dvar2": 51.5440788269, "max": 276.517913818, "mean": 2.89506554604, "median": -0.196168214083, "min": -1.94459187984, "var": 335.309936523}, "barkbands_skewness": {"dmean": 0.448511779308, "dmean2": 0.656306564808, "dvar": 0.241267114878, "dvar2": 0.482164025307, "max": 7.18798303604, "mean": 0.688208341599, "median": 0.819791078568, "min": -16.6071109772, "var": 3.36347961426}, "barkbands_spread": {"dmean": 5.86001491547, "dmean2": 8.96540927887, "dvar": 39.8175125122, "dvar2": 84.5339050293, "max": 144.478210449, "mean": 33.3159942627, "median": 32.9907073975, "min": 2.32111787796, "var": 266.944152832}, "dissonance": {"dmean": 0.0113698253408, "dmean2": 0.0190638694912, "dvar": 0.000160269337357, "dvar2": 0.00043504673522, "max": 0.500000059605, "mean": 0.47760283947, "median": 0.48548707366, "min": 0.335306197405, "var": 0.000470279162982}, "dynamic_complexity": 4.44561576843, "erbbands": {"dmean": [0.1046031937, 0.821122646332, 1.83579218388, 3.53964853287, 2.7935757637, 1.47917282581, 3.00839781761, 4.3711643219, 5.02562761307, 4.76236963272, 6.29308319092, 7.87863254547, 11.3739862442, 9.3046579361, 8.50839614868, 12.4169406891, 12.4711151123, 12.576133728, 9.47157287598, 15.2058696747, 17.1599273682, 15.3724899292, 15.3067741394, 16.220199585, 14.4627904892, 10.0863275528, 8.66519737244, 7.64250183105, 6.72110176086, 3.66791176796, 1.63274419308, 1.06493294239, 0.490988701582, 0.274690568447, 0.146276980639, 0.0573031306267, 0.0143658490852, 0.0026136173401, 0.000368335313397, 1.97822264454e-05], "dmean2": [0.162396818399, 1.25685560703, 3.0483276844, 6.0392537117, 4.58644199371, 2.33936905861, 4.81135463715, 6.79753732681, 7.7491402626, 7.10033369064, 9.5493812561, 12.1973705292, 17.2917232513, 14.3045377731, 13.2354917526, 18.950761795, 19.3881702423, 19.6765975952, 14.9004955292, 24.2168693542, 27.289730072, 24.7988128662, 24.5815639496, 26.3685379028, 24.0495204926, 16.1027545929, 13.1277551651, 11.7924213409, 10.6383342743, 5.80971717834, 2.36440634727, 1.56546354294, 0.682907879353, 0.380593270063, 0.20307315886, 0.0816257223487, 0.0203856099397, 0.00371029111557, 0.000549135729671, 2.88557475869e-05], "dvar": [0.0703290179372, 4.02454137802, 22.0510158539, 66.5252685547, 45.3795127869, 7.00142097473, 32.8842010498, 70.7909851074, 97.0874023438, 121.33706665, 319.615020752, 452.252471924, 682.584411621, 495.585876465, 437.971984863, 1085.87976074, 1142.734375, 1180.31860352, 530.082275391, 2168.9296875, 2968.41552734, 1185.4440918, 945.036804199, 1055.00708008, 763.572875977, 311.817016602, 241.103317261, 261.127746582, 337.358215332, 122.213569641, 25.6645298004, 21.5122470856, 4.92841148376, 1.61442911625, 0.477125018835, 0.0587465539575, 0.00214941659942, 5.48244570382e-05, 1.14640783977e-06, 1.9575769894e-09], "dvar2": [0.160190865397, 8.79972839355, 58.7797737122, 184.15083313, 116.804893494, 16.9049301147, 84.3525314331, 172.956451416, 227.450500488, 261.693817139, 719.011169434, 1074.04455566, 1495.86425781, 1101.93237305, 1038.75476074, 2436.57519531, 2621.35571289, 2963.86352539, 1267.42175293, 5108.60498047, 7389.06982422, 2923.36694336, 2257.17675781, 2580.07324219, 1985.08581543, 730.577087402, 514.096679688, 563.004089355, 808.407775879, 271.565795898, 48.4499588013, 38.7900314331, 9.8799571991, 3.38231658936, 0.900336742401, 0.11913241446, 0.00444129901007, 0.000113201931526, 2.58205909631e-06, 4.20625356767e-09], "max": [3.03459835052, 25.7553348541, 61.4154167175, 146.735519409, 88.4948043823, 65.5773620605, 105.921417236, 191.658309937, 256.984832764, 372.43838501, 461.423675537, 630.9296875, 539.773254395, 592.747131348, 506.784637451, 812.412658691, 1393.80444336, 1123.97290039, 676.023193359, 1702.31323242, 1781.55932617, 1089.16186523, 846.981689453, 924.845031738, 815.756713867, 457.135253906, 459.307739258, 335.420928955, 485.36630249, 363.476959229, 205.663314819, 232.214675903, 83.5158462524, 51.2115898132, 22.4488697052, 7.79676151276, 1.36180305481, 0.160712957382, 0.0241270903498, 0.00125351257157], "mean": [0.166414409876, 1.31732487679, 2.63001132011, 4.69584035873, 3.8201212883, 2.86463952065, 5.18349075317, 8.07637310028, 9.4065618515, 8.92908191681, 11.6851501465, 13.5260887146, 20.0207271576, 16.8044586182, 16.2131748199, 22.331319809, 23.5075283051, 22.1305332184, 17.7624588013, 28.7979278564, 35.4924507141, 34.1867828369, 36.640007019, 39.2680931091, 36.3370056152, 27.3881244659, 23.1589698792, 18.1700153351, 13.2852420807, 7.13549089432, 3.62478470802, 2.01053524017, 0.916959583759, 0.510855972767, 0.273592919111, 0.109957523644, 0.0287184044719, 0.00539460359141, 0.000704520964064, 5.42876077816e-05], "median": [0.0249950047582, 0.281241446733, 0.937925219536, 1.82292211056, 1.62935984135, 1.62498033047, 2.66772246361, 4.40515422821, 5.10557746887, 4.31366872787, 4.85045433044, 4.77032470703, 6.9848446846, 6.39547538757, 6.16101455688, 6.93246173859, 7.8808298111, 8.81774806976, 8.39928150177, 10.6261997223, 13.1123085022, 19.7649173737, 22.9133167267, 27.1490821838, 26.8984031677, 20.7343940735, 15.2260503769, 9.89810085297, 6.07130098343, 2.56552290916, 1.35551297665, 0.587465167046, 0.265933871269, 0.132524177432, 0.0642153918743, 0.0223471336067, 0.00448241271079, 0.00060069502797, 7.13676490705e-05, 3.2321204344e-05], "min": [3.62522208433e-12, 5.29168679361e-12, 7.2724049005e-12, 1.50540031829e-11, 1.06483372467e-11, 2.66115410957e-11, 2.38036118594e-11, 1.81333975613e-11, 3.36185523864e-11, 1.005968156e-10, 2.41126563161e-10, 3.04984842936e-10, 3.07569858471e-10, 1.73756842248e-10, 7.71955624423e-11, 8.7713530883e-11, 5.00877984921e-11, 1.6164085348e-10, 1.76718875644e-10, 2.20152701624e-10, 2.95975050024e-10, 5.74955361099e-10, 5.18011578077e-10, 3.92526677828e-10, 3.42838951672e-10, 2.96068197736e-10, 4.73536709844e-10, 4.14512257851e-10, 4.52792525696e-10, 4.78162398565e-10, 3.87961329729e-10, 7.05269231904e-10, 3.84626330785e-10, 4.26167851009e-10, 4.44636910624e-10, 3.71322611548e-10, 3.82214981887e-10, 1.26213828278e-09, 2.66536570592e-09, 9.13937425739e-10], "var": [0.102834172547, 5.99942159653, 23.1603603363, 65.7727508545, 49.1163330078, 16.9578876495, 57.1559524536, 129.666885376, 203.987945557, 302.645965576, 700.667541504, 1047.10876465, 1842.54260254, 1208.16479492, 1187.13244629, 2771.82788086, 3671.72509766, 2262.66357422, 1023.74182129, 5546.31103516, 8040.32373047, 2884.12084961, 2841.02587891, 2974.09985352, 2141.52612305, 1081.43164062, 881.167297363, 648.10357666, 543.457641602, 220.029266357, 54.8972702026, 41.3911323547, 8.13494968414, 2.7954211235, 0.975170314312, 0.116175085306, 0.00471275905147, 0.00014631691738, 2.51498704529e-06, 5.19682297195e-09]}, "erbbands_crest": {"dmean": 2.15011978149, "dmean2": 3.48148393631, "dvar": 4.50630140305, "dvar2": 11.2618923187, "max": 28.6612300873, "mean": 8.12672328949, "median": 6.90568304062, "min": 2.557097435, "var": 14.9612903595}, "erbbands_flatness_db": {"dmean": 0.0124119017273, "dmean2": 0.0178156271577, "dvar": 0.000131592139951, "dvar2": 0.00023819427588, "max": 0.296459466219, "mean": 0.15969876945, "median": 0.152581974864, "min": 0.050386685878, "var": 0.00174572633114}, "erbbands_kurtosis": {"dmean": 0.758899748325, "dmean2": 1.17509961128, "dvar": 0.748607158661, "dvar2": 1.7303353548, "max": 18.3410015106, "mean": 0.473715811968, "median": 0.0123632559553, "min": -1.69562935829, "var": 2.931661129}, "erbbands_skewness": {"dmean": 0.286953449249, "dmean2": 0.434534609318, "dvar": 0.0614179112017, "dvar2": 0.133039698005, "max": 3.92405343056, "mean": -0.439667642117, "median": -0.489467054605, "min": -3.30549883842, "var": 0.662331700325}, "erbbands_spread": {"dmean": 6.72763252258, "dmean2": 10.1297588348, "dvar": 44.6883125305, "dvar2": 99.2159576416, "max": 108.402305603, "mean": 37.0011062622, "median": 34.6446495056, "min": 5.09221363068, "var": 225.073913574}, "gfcc": {"cov": [[25767.2089844, 1042.40368652, -2074.96459961, 2344.51489258, -1253.53930664, 560.978027344, -505.175018311, 674.753112793, -687.129272461, 501.930389404, -485.268035889, 306.236968994, -400.074371338], [1042.40368652, 2020.40527344, -797.045471191, -47.1770744324, -73.8028335571, -283.900482178, -40.4878425598, -208.037780762, -59.5061531067, -108.340049744, 16.1890468597, -170.544784546, 81.798866272], [-2074.96459961, -797.045471191, 963.550537109, -47.0498008728, 174.383743286, 105.756668091, 48.9045982361, 60.2458953857, 52.9661979675, 29.4667549133, 11.0482254028, 43.6653175354, -20.5412197113], [2344.51489258, -47.1770744324, -47.0498008728, 695.091552734, -1.6594543457, 68.0474700928, 16.0016288757, 87.433807373, -12.4432497025, 60.9015846252, -3.8592209816, 20.7790794373, -18.7651042938], [-1253.53930664, -73.8028335571, 174.383743286, -1.6594543457, 333.861053467, 16.3691654205, 119.750205994, 9.34053134918, 69.5974121094, 1.09661233425, 53.1395988464, -7.9919462204, 26.245267868], [560.978027344, -283.900482178, 105.756668091, 68.0474700928, 16.3691654205, 216.749404907, 50.9736366272, 73.6339263916, -12.6066646576, 25.558095932, 2.14730477333, 34.6395530701, -31.7538414001], [-505.175018311, -40.4878425598, 48.9045982361, 16.0016288757, 119.750205994, 50.9736366272, 209.451797485, 40.4499206543, 18.0556869507, -11.2075567245, 48.3382911682, 2.55449795723, 0.532393276691], [674.753112793, -208.037780762, 60.2458953857, 87.433807373, 9.34053134918, 73.6339263916, 40.4499206543, 165.838729858, 24.701133728, 47.3360023499, -1.05051553249, 45.4160575867, -18.4528141022], [-687.129272461, -59.5061531067, 52.9661979675, -12.4432497025, 69.5974121094, -12.6066646576, 18.0556869507, 24.701133728, 143.383117676, 21.5600528717, 25.7476062775, -3.92742347717, 21.5813236237], [501.930389404, -108.340049744, 29.4667549133, 60.9015846252, 1.09661233425, 25.558095932, -11.2075567245, 47.3360023499, 21.5600528717, 107.83341217, 18.050037384, 30.1063747406, -8.75400257111], [-485.268035889, 16.1890468597, 11.0482254028, -3.8592209816, 53.1395988464, 2.14730477333, 48.3382911682, -1.05051553249, 25.7476062775, 18.050037384, 104.371116638, 16.8122882843, 16.9100418091], [306.236968994, -170.544784546, 43.6653175354, 20.7790794373, -7.9919462204, 34.6395530701, 2.55449795723, 45.4160575867, -3.92742347717, 30.1063747406, 16.8122882843, 92.7969741821, 11.9236459732], [-400.074371338, 81.798866272, -20.5412197113, -18.7651042938, 26.245267868, -31.7538414001, 0.532393276691, -18.4528141022, 21.5813236237, -8.75400257111, 16.9100418091, 11.9236459732, 77.9650039673]], "icov": [[0.000224753690418, -0.000210925078136, 0.000331900722813, -0.000534378457814, 0.000255471008131, -0.000445581943495, 0.000275975908153, -0.000521134759765, 0.00056017911993, -0.000673942849971, 0.000755303481128, -0.000708670413587, 0.000654563482385], [-0.000210925078136, 0.00125878548715, 0.00038608055911, 0.000455365137896, -0.000315628829412, 0.00109230342787, -0.000329967180733, 0.00072117568925, -6.79953809595e-05, 0.000781938200817, -0.00112232030369, 0.00207828707062, -0.00143545400351], [0.000331900722813, 0.00038608055911, 0.00223235040903, -0.000650620553643, -0.000433969835285, -0.000705649610609, 0.000586261274293, -0.000684463535435, 0.00084248976782, -0.000937680655625, 0.00109636515845, -0.000727368576918, 0.000957265729085], [-0.000534378457814, 0.000455365137896, -0.000650620553643, 0.00290138297714, -0.000734172703233, 0.000741494703107, -0.000636503798887, 0.000535594299436, -0.00101409060881, 0.000851235818118, -0.00166351278313, 0.00185487582348, -0.00155932758935], [0.000255471008131, -0.000315628829412, -0.000433969835285, -0.000734172703233, 0.00506848376244, -0.000504204421304, -0.00203542620875, -0.000110251341539, -0.000840155000333, -0.000949778128415, 7.35673165764e-05, -1.14443764687e-06, -0.000462561758468], [-0.000445581943495, 0.00109230342787, -0.000705649610609, 0.000741494703107, -0.000504204421304, 0.0076842433773, -0.00183815625496, -0.000461884948891, -1.07304231278e-05, 0.00115906563587, -0.00155204173643, 0.000901297549717, 9.45729625528e-05], [0.000275975908153, -0.000329967180733, 0.000586261274293, -0.000636503798887, -0.00203542620875, -0.00183815625496, 0.00788170192391, -0.00279365153983, 0.0012017514091, 0.00133932707831, -0.0020640657749, -0.000162954282132, 0.00127545313444], [-0.000521134759765, 0.00072117568925, -0.000684463535435, 0.000535594299436, -0.000110251341539, -0.000461884948891, -0.00279365153983, 0.0112328212708, -0.00346895656548, -0.000883248518221, 0.000330852984916, -0.00194745312911, 0.000131557724671], [0.00056017911993, -6.79953809595e-05, 0.00084248976782, -0.00101409060881, -0.000840155000333, -1.07304231278e-05, 0.0012017514091, -0.00346895656548, 0.0107356645167, -0.00325945299119, 0.000259687774815, 0.00107038451824, -0.0011847402202], [-0.000673942849971, 0.000781938200817, -0.000937680655625, 0.000851235818118, -0.000949778128415, 0.00115906563587, 0.00133932707831, -0.000883248518221, -0.00325945299119, 0.0147795146331, -0.00499810930341, -0.00022609437292, -6.69361688779e-05], [0.000755303481128, -0.00112232030369, 0.00109636515845, -0.00166351278313, 7.35673165764e-05, -0.00155204173643, -0.0020640657749, 0.000330852984916, 0.000259687774815, -0.00499810930341, 0.0155406016856, -0.00555822486058, 0.00122363830451], [-0.000708670413587, 0.00207828707062, -0.000727368576918, 0.00185487582348, -1.14443764687e-06, 0.000901297549717, -0.000162954282132, -0.00194745312911, 0.00107038451824, -0.00022609437292, -0.00555822486058, 0.0196063145995, -0.00776918465272], [0.000654563482385, -0.00143545400351, 0.000957265729085, -0.00155932758935, -0.000462561758468, 9.45729625528e-05, 0.00127545313444, 0.000131557724671, -0.0011847402202, -6.69361688779e-05, 0.00122363830451, -0.00776918465272, 0.0190279502422]], "mean": [-26.0718269348, 82.8845748901, -133.138870239, 48.3469581604, -49.6532020569, 5.44525003433, -23.7084636688, 5.97330617905, -19.9122085571, 2.77023673058, -13.6604747772, 0.345082312822, -10.3557004929]}, "hfc": {"dmean": 5.1442565918, "dmean2": 7.63738107681, "dvar": 87.9487533569, "dvar2": 183.053222656, "max": 227.019973755, "mean": 22.5164871216, "median": 18.2096176147, "min": 1.18183868381e-06, "var": 408.280151367}, "melbands": {"dmean": [0.000963763159234, 0.000941089587286, 0.000590375158936, 0.000130643384182, 9.53077251324e-05, 0.000100019751699, 7.43658529245e-05, 5.29023855051e-05, 5.27277443325e-05, 4.97719920531e-05, 5.81630592933e-05, 3.90675959352e-05, 3.19924474752e-05, 2.86126960418e-05, 3.29350586981e-05, 2.56212188106e-05, 2.49239219556e-05, 1.58691964316e-05, 1.73980479303e-05, 2.21624541155e-05, 2.24385294132e-05, 1.81456744031e-05, 1.59924038599e-05, 1.56581099873e-05, 1.44744435602e-05, 1.37722972795e-05, 9.30768965191e-06, 7.2138655014e-06, 5.98392216489e-06, 5.60713488085e-06, 4.68086136607e-06, 4.4010585043e-06, 3.1035219763e-06, 1.77633125986e-06, 1.02454214357e-06, 7.87914132161e-07, 6.53256336136e-07, 4.01608559741e-07, 2.53451787557e-07, 2.36620522287e-07], "dmean2": [0.0014586164616, 0.00149690860417, 0.000993526424281, 0.000209006859222, 0.000151059794007, 0.000154983543325, 0.0001143002155, 7.88760371506e-05, 7.98772525741e-05, 7.7256867371e-05, 8.84349210537e-05, 6.00832172495e-05, 4.97385699418e-05, 4.40290532424e-05, 5.11290891154e-05, 4.01841352868e-05, 3.90973036701e-05, 2.49843651545e-05, 2.74643953162e-05, 3.60351587005e-05, 3.58623146894e-05, 2.93158609566e-05, 2.60359738604e-05, 2.52563368122e-05, 2.3621640139e-05, 2.29208526434e-05, 1.53232904267e-05, 1.17205427159e-05, 9.38863286137e-06, 8.54583322507e-06, 7.46299383536e-06, 7.08159404894e-06, 5.05799152961e-06, 2.74560011349e-06, 1.52655525198e-06, 1.17960087209e-06, 9.75227976596e-07, 5.70867143779e-07, 3.68707020471e-07, 3.30906374302e-07], "dvar": [5.650924777e-06, 4.99679390487e-06, 1.87761702364e-06, 6.48195950248e-08, 3.04725986666e-08, 3.44372317329e-08, 2.0508831966e-08, 1.57654280741e-08, 2.16116191609e-08, 1.82623676181e-08, 1.78759300695e-08, 8.87018902773e-09, 6.80873890602e-09, 5.08075981287e-09, 8.46072367722e-09, 4.51627490961e-09, 4.48669634778e-09, 1.59047786052e-09, 2.35003416726e-09, 4.10933376216e-09, 5.51861845111e-09, 1.87190507539e-09, 1.13600873153e-09, 9.76818625986e-10, 9.09602893007e-10, 6.91424750787e-10, 2.84323287136e-10, 1.701706831e-10, 1.12407853858e-10, 1.12498663163e-10, 1.13041652428e-10, 1.4017330352e-10, 8.81508130379e-11, 2.9134292201e-11, 9.18063975536e-12, 8.47009788696e-12, 9.57966605347e-12, 3.30195874983e-12, 1.34357282244e-12, 1.1675223505e-12], "dvar2": [1.18733341878e-05, 1.22467963592e-05, 5.06551396029e-06, 1.65091705639e-07, 7.73755814976e-08, 8.40857836693e-08, 4.74620129864e-08, 3.34945831071e-08, 4.85516409299e-08, 4.39181953027e-08, 3.9052785894e-08, 1.97804510549e-08, 1.55704018567e-08, 1.1710374892e-08, 1.99610816765e-08, 1.02482955455e-08, 1.11547002746e-08, 3.75612518866e-09, 5.38053379628e-09, 1.00032861994e-08, 1.38108404713e-08, 4.56871518395e-09, 2.77832112872e-09, 2.34381847264e-09, 2.23388574305e-09, 1.76417347397e-09, 7.21186887986e-10, 4.09188266604e-10, 2.50780923805e-10, 2.55214460676e-10, 2.57265320158e-10, 3.39811012662e-10, 2.25216692518e-10, 5.94349083838e-11, 1.83463366027e-11, 1.64926336477e-11, 1.81139062083e-11, 6.84415458335e-12, 2.98216182651e-12, 2.43791532101e-12], "max": [0.0279328003526, 0.0307155828923, 0.022908449173, 0.00503650167957, 0.00316877150908, 0.00413932232186, 0.00331942248158, 0.00494292797521, 0.00397962052375, 0.00346442800947, 0.00280948076397, 0.00227202102542, 0.00223094411194, 0.00154351699166, 0.00334761268459, 0.00194896839093, 0.00222757505253, 0.00101625162642, 0.00127048918512, 0.00223178323358, 0.00261884578504, 0.00123152707238, 0.00104098883457, 0.000727905950043, 0.000816786661744, 0.000919447804336, 0.000555776641704, 0.000316757766996, 0.000340932281688, 0.000222680682782, 0.000203610805329, 0.000294786324957, 0.000235209066886, 0.000214326253626, 0.000124247962958, 0.000142434990266, 0.000182429517736, 6.86699058861e-05, 4.87867328047e-05, 4.87136640004e-05], "mean": [0.00159230246209, 0.00153280398808, 0.0008002667455, 0.000221929818508, 0.000171657244209, 0.000187756144442, 0.000138736548251, 9.77919553407e-05, 9.54504066613e-05, 8.31079232739e-05, 9.92512068478e-05, 6.68533830321e-05, 5.6408571254e-05, 4.98181252624e-05, 5.87672730035e-05, 4.47926140623e-05, 4.08901651099e-05, 2.70554864983e-05, 3.15712713927e-05, 3.99733617087e-05, 4.26340666309e-05, 3.54121693817e-05, 3.28074347635e-05, 3.41284358001e-05, 3.12371194013e-05, 2.92894583254e-05, 2.21375667024e-05, 1.70309613168e-05, 1.4521500816e-05, 1.29317213577e-05, 9.74923295871e-06, 8.21828689368e-06, 5.35175468031e-06, 3.35194954459e-06, 2.16615194404e-06, 1.5155900428e-06, 1.12433440336e-06, 6.90617014243e-07, 4.46574887292e-07, 4.22681068812e-07], "median": [0.000281237036688, 0.00052394886734, 0.000324420077959, 0.000121805176605, 9.27776127355e-05, 0.000103956459498, 7.54460415919e-05, 4.60813935206e-05, 3.84896084142e-05, 2.75648835668e-05, 3.26630251948e-05, 2.35048810282e-05, 1.81770283234e-05, 1.74591241375e-05, 1.75660625246e-05, 1.48289209392e-05, 1.54142762767e-05, 1.24082198454e-05, 1.2226502804e-05, 1.45236135722e-05, 1.47557757373e-05, 1.89053735085e-05, 1.87401656149e-05, 2.02738738153e-05, 2.03862600756e-05, 1.95878656086e-05, 1.59879728017e-05, 1.19425594676e-05, 9.43106806517e-06, 7.42891370464e-06, 4.74165608466e-06, 3.82587859349e-06, 1.84956434168e-06, 1.14359500003e-06, 8.15807538856e-07, 4.73966281334e-07, 2.96446046377e-07, 1.86628028587e-07, 1.21630804983e-07, 1.01206481418e-07], "min": [3.10283144122e-14, 1.56378248634e-15, 3.26770276216e-15, 2.17525175932e-15, 8.78359772594e-16, 4.23119956329e-16, 5.48601111201e-16, 1.26882952048e-15, 2.10672340575e-15, 1.91629959954e-15, 1.51260899083e-15, 7.27270270628e-16, 2.58192980029e-16, 2.71693652887e-16, 1.1362152894e-16, 1.75232164425e-16, 3.02271224645e-16, 2.47927125996e-16, 3.17081436909e-16, 2.58473294995e-16, 3.83174014885e-16, 5.40605067239e-16, 6.8340836352e-16, 3.17530999646e-16, 3.19459190741e-16, 2.81891903102e-16, 2.11725242233e-16, 1.89553493094e-16, 2.8318074314e-16, 2.82740233068e-16, 2.35475397565e-16, 2.49420656841e-16, 2.53115679254e-16, 2.95185767572e-16, 2.30174083046e-16, 2.69694072796e-16, 4.76485096649e-16, 2.577159946e-16, 2.3918346958e-16, 4.20898930062e-16], "var": [8.84219025465e-06, 6.7165656219e-06, 1.90118646515e-06, 1.0355250879e-07, 5.61599691196e-08, 6.56961987033e-08, 4.40945839841e-08, 3.93010139987e-08, 4.82729838325e-08, 4.19629984094e-08, 4.78112553992e-08, 2.09014796582e-08, 1.86508515299e-08, 1.20975531814e-08, 2.42763498193e-08, 1.15690177438e-08, 8.42545500035e-09, 2.79875722597e-09, 5.75220715504e-09, 9.84572334772e-09, 1.42330662811e-08, 4.02875377503e-09, 2.73768940851e-09, 2.820740308e-09, 2.21758700292e-09, 1.61483282302e-09, 7.68052732525e-10, 4.92254292883e-10, 3.64012542331e-10, 3.25782872901e-10, 2.23250487541e-10, 2.11823864005e-10, 1.22794982516e-10, 5.52189023673e-11, 1.87650311956e-11, 1.52756713528e-11, 1.72721559277e-11, 4.99928614131e-12, 2.13329831231e-12, 2.0148869552e-12]}, "melbands_crest": {"dmean": 3.1430375576, "dmean2": 5.0307841301, "dvar": 9.16073989868, "dvar2": 22.1974754333, "max": 35.0334625244, "mean": 13.9181833267, "median": 13.1078529358, "min": 3.01272964478, "var": 30.1052341461}, "melbands_flatness_db": {"dmean": 0.0214128885418, "dmean2": 0.0315898619592, "dvar": 0.00052428006893, "dvar2": 0.00101870158687, "max": 0.376611828804, "mean": 0.164343088865, "median": 0.158940032125, "min": 0.0214512236416, "var": 0.00295623508282}, "melbands_kurtosis": {"dmean": 4.49181699753, "dmean2": 6.67796850204, "dvar": 80.0565414429, "dvar2": 156.927368164, "max": 194.036849976, "mean": 7.69097137451, "median": 4.00557422638, "min": -1.79324877262, "var": 159.418487549}, "melbands_skewness": {"dmean": 0.635696351528, "dmean2": 0.922337710857, "dvar": 0.548829078674, "dvar2": 1.02279031277, "max": 12.3909473419, "mean": 2.23678708076, "median": 1.960288167, "min": -1.3846848011, "var": 2.14145541191}, "melbands_spread": {"dmean": 9.86858654022, "dmean2": 14.9977846146, "dvar": 141.125320435, "dvar2": 299.373809814, "max": 210.145401001, "mean": 39.0724258423, "median": 33.6158027649, "min": 1.87626433372, "var": 589.395080566}, "mfcc": {"cov": [[10884.7470703, -531.606079102, 79.9112091064, 928.910095215, 96.3557510376, 342.047302246, 106.774040222, 385.880950928, 89.3489685059, 108.421447754, 183.943664551, 135.462890625, 32.6496963501], [-531.606079102, 1762.25744629, -439.406311035, -43.3944816589, -82.8594207764, -105.528312683, -61.2747840881, -153.922531128, -53.6762962341, -22.6760120392, -106.032157898, -80.4502334595, -10.8409404755], [79.9112091064, -439.406311035, 529.14239502, 37.2774085999, 57.1576042175, 39.873790741, 16.2712554932, 33.0115966797, 5.35681056976, 10.7794370651, 24.7015571594, -0.150363817811, -0.359732598066], [928.910095215, -43.3944816589, 37.2774085999, 450.499359131, 90.4891433716, 58.7105140686, 44.8966064453, 25.1631851196, 37.6845855713, 33.7980422974, 28.55402565, 23.6600589752, 23.5301074982], [96.3557510376, -82.8594207764, 57.1576042175, 90.4891433716, 169.396270752, 41.2467498779, 12.5414066315, 9.13856697083, 26.8221893311, 36.4516830444, 9.58429431915, 6.90402507782, 24.3383750916], [342.047302246, -105.528312683, 39.873790741, 58.7105140686, 41.2467498779, 135.755706787, 62.4622612, 31.9303207397, 11.9462709427, 10.6950092316, 19.3083362579, 16.1444911957, -1.45311772823], [106.774040222, -61.2747840881, 16.2712554932, 44.8966064453, 12.5414066315, 62.4622612, 206.968566895, 68.5203170776, 5.28396844864, 13.3979291916, 31.1780166626, 20.960817337, 0.878690838814], [385.880950928, -153.922531128, 33.0115966797, 25.1631851196, 9.13856697083, 31.9303207397, 68.5203170776, 145.830856323, 31.3916797638, 20.0759868622, 27.7077007294, 18.4574928284, 10.1351070404], [89.3489685059, -53.6762962341, 5.35681056976, 37.6845855713, 26.8221893311, 11.9462709427, 5.28396844864, 31.3916797638, 97.572479248, 26.2800674438, 14.6577997208, 5.58683872223, 6.59673500061], [108.421447754, -22.6760120392, 10.7794370651, 33.7980422974, 36.4516830444, 10.6950092316, 13.3979291916, 20.0759868622, 26.2800674438, 92.1508789062, 30.6170063019, 12.6921758652, 7.35372066498], [183.943664551, -106.032157898, 24.7015571594, 28.55402565, 9.58429431915, 19.3083362579, 31.1780166626, 27.7077007294, 14.6577997208, 30.6170063019, 84.7986068726, 35.0520973206, 11.8090343475], [135.462890625, -80.4502334595, -0.150363817811, 23.6600589752, 6.90402507782, 16.1444911957, 20.960817337, 18.4574928284, 5.58683872223, 12.6921758652, 35.0520973206, 80.282119751, 26.6473369598], [32.6496963501, -10.8409404755, -0.359732598066, 23.5301074982, 24.3383750916, -1.45311772823, 0.878690838814, 10.1351070404, 6.59673500061, 7.35372066498, 11.8090343475, 26.6473369598, 70.3007278442]], "icov": [[0.000133860245114, 5.50420224954e-07, 2.70868858934e-05, -0.000267800438451, 0.000111400680908, -0.000254013459198, 0.000194499240024, -0.000351918453816, 0.000103828111605, -1.68117421708e-05, -0.00011946525774, -4.78284491692e-05, 6.23886007816e-05], [5.50420224954e-07, 0.000857584469486, 0.000620028353296, -0.000104618462501, 0.000217047447222, 0.00025814390392, -0.000210674479604, 0.000651481968816, 0.000181211478775, -0.000360451784218, 0.000595955527388, 0.000609261216596, -0.000301262916764], [2.70868858934e-05, 0.000620028353296, 0.00249058427289, -0.000133851717692, -0.000510164943989, -0.000213242237805, 6.38746641926e-05, -4.54340915894e-05, 0.000409767555539, -3.80557357857e-05, -0.000248481082963, 0.000775697699282, 3.17868907587e-05], [-0.000267800438451, -0.000104618462501, -0.000133851717692, 0.00318383611739, -0.00129921268672, -0.00011930486653, -0.00064100587042, 0.000744861376006, -0.000789025682025, -8.09990524431e-05, -0.000107552354166, -0.000201208997169, -0.000433294946561], [0.000111400680908, 0.000217047447222, -0.000510164943989, -0.00129921268672, 0.00832560285926, -0.00216475268826, 0.000254221260548, 0.000567192968447, -0.000963445287198, -0.00272313179448, 0.00105659884866, 0.000877372920513, -0.00273286853917], [-0.000254013459198, 0.00025814390392, -0.000213242237805, -0.00011930486653, -0.00216475268826, 0.0103206187487, -0.00271167512983, 0.000204535230296, -0.000341159146046, 0.000604120490607, -0.000149414569023, -0.0010261744028, 0.00154668616597], [0.000194499240024, -0.000210674479604, 6.38746641926e-05, -0.00064100587042, 0.000254221260548, -0.00271167512983, 0.00692553399131, -0.00325686740689, 0.00107214250602, 6.35721589788e-05, -0.00145193154458, -0.000562999222893, 0.000681009318214], [-0.000351918453816, 0.000651481968816, -4.54340915894e-05, 0.000744861376006, 0.000567192968447, 0.000204535230296, -0.00325686740689, 0.0106045054272, -0.00267958780751, -0.000883352127858, -0.000144898876897, 0.000193941770704, -0.00137122510932], [0.000103828111605, 0.000181211478775, 0.000409767555539, -0.000789025682025, -0.000963445287198, -0.000341159146046, 0.00107214250602, -0.00267958780751, 0.012356554158, -0.00235307542607, -0.000694924034178, 0.000564482354093, -6.52630114928e-05], [-1.68117421708e-05, -0.000360451784218, -3.80557357857e-05, -8.09990524431e-05, -0.00272313179448, 0.000604120490607, 6.35721589788e-05, -0.000883352127858, -0.00235307542607, 0.0142044583336, -0.00463565671816, -0.000295694189845, 0.000686679210048], [-0.00011946525774, 0.000595955527388, -0.000248481082963, -0.000107552354166, 0.00105659884866, -0.000149414569023, -0.00145193154458, -0.000144898876897, -0.000694924034178, -0.00463565671816, 0.0175525844097, -0.00555457919836, -0.000440633652033], [-4.78284491692e-05, 0.000609261216596, 0.000775697699282, -0.000201208997169, 0.000877372920513, -0.0010261744028, -0.000562999222893, 0.000193941770704, 0.000564482354093, -0.000295694189845, -0.00555457919836, 0.0178728885949, -0.00602206867188], [6.23886007816e-05, -0.000301262916764, 3.17868907587e-05, -0.000433294946561, -0.00273286853917, 0.00154668616597, 0.000681009318214, -0.00137122510932, -6.52630114928e-05, 0.000686679210048, -0.000440633652033, -0.00602206867188, 0.0177525989711]], "mean": [-650.338317871, 105.031364441, -19.6843910217, 42.2693061829, -3.75019621849, 9.4116601944, 1.95597088337, 5.33841514587, 0.693970739841, 1.5069912672, 0.696711719036, 1.8034569025, 0.52090972662]}, "pitch_salience": {"dmean": 0.0646028518677, "dmean2": 0.101928420365, "dvar": 0.00365187600255, "dvar2": 0.00870287697762, "max": 0.888539195061, "mean": 0.556129217148, "median": 0.560698091984, "min": 0.127902120352, "var": 0.0122228888795}, "silence_rate_20dB": {"dmean": 0, "dmean2": 0, "dvar": 0, "dvar2": 0, "max": 1, "mean": 1, "median": 1, "min": 1, "var": 0}, "silence_rate_30dB": {"dmean": 0.00150930741802, "dmean2": 0.00301886792295, "dvar": 0.001507029403, "dvar2": 0.00451918831095, "max": 1, "mean": 0.999245405197, "median": 1, "min": 0, "var": 0.000754020991735}, "silence_rate_60dB": {"dmean": 0.0194532945752, "dmean2": 0.0389098525047, "dvar": 0.0190748646855, "dvar2": 0.0442721880972, "max": 1, "mean": 0.0861071497202, "median": 0, "min": 0, "var": 0.0786927118897}, "spectral_centroid": {"dmean": 227.653060913, "dmean2": 349.227813721, "dvar": 55655.0351562, "dvar2": 122284.507812, "max": 11117.3779297, "mean": 2158.49511719, "median": 2305.27197266, "min": 428.903137207, "var": 673049.5625}, "spectral_complexity": {"dmean": 3.49505281448, "dmean2": 5.48360586166, "dvar": 13.4379682541, "dvar2": 28.0469646454, "max": 61, "mean": 25.5678710938, "median": 27, "min": 0, "var": 190.393798828}, "spectral_contrast_coeffs": {"dmean": [0.0473668277264, 0.0416090264916, 0.0355962514877, 0.0282322391868, 0.0189696792513, 0.0159507635981], "dmean2": [0.0773911774158, 0.0668395608664, 0.0565562509, 0.0459036789834, 0.0312746837735, 0.025368122384], "dvar": [0.00172800046857, 0.0011741144117, 0.000804204610176, 0.000511257909238, 0.000227635682677, 0.000194907421246], "dvar2": [0.00457778153941, 0.0030429426115, 0.00197259779088, 0.00129802082665, 0.000605300301686, 0.000462922384031], "max": [-0.391556560993, -0.391629457474, -0.494711816311, -0.516574621201, -0.634722352028, -0.572095692158], "mean": [-0.674365222454, -0.742946088314, -0.767063498497, -0.775309920311, -0.783887207508, -0.701016902924], "median": [-0.676081955433, -0.747051179409, -0.772206068039, -0.780956029892, -0.786081969738, -0.692573308945], "min": [-0.965872645378, -0.970364689827, -0.963413000107, -0.963930785656, -0.958293020725, -0.957223415375], "var": [0.00627156998962, 0.00513931876048, 0.00443090312183, 0.00348807009868, 0.00154002499767, 0.002967112232]}, "spectral_contrast_valleys": {"dmean": [0.369659781456, 0.318309664726, 0.275905966759, 0.226575762033, 0.15689677, 0.193944975734], "dmean2": [0.594503462315, 0.517576634884, 0.438930541277, 0.360924810171, 0.247540697455, 0.262300461531], "dvar": [0.104425370693, 0.0786080211401, 0.058233320713, 0.0441972464323, 0.0289494767785, 0.0683669522405], "dvar2": [0.251341402531, 0.187160089612, 0.129992380738, 0.094488799572, 0.0533876754344, 0.109170861542], "max": [-5.4076166153, -5.08157062531, -5.82255792618, -5.88314962387, -5.48779964447, -7.43239164352], "mean": [-7.66213798523, -7.20096206665, -7.6831445694, -7.86988162994, -7.29904794693, -10.6474924088], "median": [-7.3704457283, -6.90029191971, -7.4392580986, -7.5186958313, -6.63579559326, -10.2037162781], "min": [-26.8927650452, -27.1627292633, -27.4642848969, -27.3706150055, -27.194644928, -27.3523292542], "var": [3.21041059494, 2.51223397255, 2.35455870628, 2.42879676819, 3.19643425941, 2.83115363121]}, "spectral_decrease": {"dmean": 1.61110957908e-09, "dmean2": 2.41044229021e-09, "dvar": 8.04658386989e-18, "dvar2": 1.62375074479e-17, "max": 3.08236433e-15, "mean": -4.9484225606e-09, "median": -3.93512378238e-09, "min": -3.61847156682e-08, "var": 2.06272341904e-17}, "spectral_energy": {"dmean": 0.00635900348425, "dmean2": 0.00947569962591, "dvar": 0.000119956937851, "dvar2": 0.000241462941631, "max": 0.138690546155, "mean": 0.0207188073546, "median": 0.0171331316233, "min": 5.96809199283e-11, "var": 0.00033523698221}, "spectral_energyband_high": {"dmean": 0.000480113463709, "dmean2": 0.000689646753017, "dvar": 1.21618813864e-06, "dvar2": 2.28683256864e-06, "max": 0.0328074172139, "mean": 0.00142218731344, "median": 0.000881736341398, "min": 3.35766484061e-11, "var": 3.63044546248e-06}, "spectral_energyband_low": {"dmean": 0.00481677055359, "dmean2": 0.0072575500235, "dvar": 0.000102671678178, "dvar2": 0.000205900883884, "max": 0.131879076362, "mean": 0.00928030535579, "median": 0.0033012391068, "min": 1.39224189902e-13, "var": 0.000194689491764}, "spectral_energyband_middle_high": {"dmean": 0.00143697636668, "dmean2": 0.00222799507901, "dvar": 4.60365072286e-06, "dvar2": 1.07800506157e-05, "max": 0.0365640297532, "mean": 0.00567755009979, "median": 0.0036706100218, "min": 5.24484528887e-14, "var": 3.20878061757e-05}, "spectral_energyband_middle_low": {"dmean": 0.00234285742044, "dmean2": 0.00371388578787, "dvar": 1.68851438502e-05, "dvar2": 4.25611397077e-05, "max": 0.0589212290943, "mean": 0.00552427442744, "median": 0.00411718059331, "min": 4.97550371942e-14, "var": 2.69001920969e-05}, "spectral_entropy": {"dmean": 0.0811060145497, "dmean2": 0.121498897672, "dvar": 0.006659750361, "dvar2": 0.0131689663976, "max": 9.79647827148, "mean": 7.7527256012, "median": 7.8295249939, "min": 6.40692281723, "var": 0.169604003429}, "spectral_flux": {"dmean": 0.0184206180274, "dmean2": 0.0287453066558, "dvar": 0.000656814547256, "dvar2": 0.00144157418981, "max": 0.312410712242, "mean": 0.0710067525506, "median": 0.06360681355, "min": 5.34558603249e-05, "var": 0.00215119612403}, "spectral_kurtosis": {"dmean": 1.31922352314, "dmean2": 2.2704911232, "dvar": 2.40804243088, "dvar2": 7.22682380676, "max": 23.9372444153, "mean": 3.7629981041, "median": 3.29211068153, "min": -1.20292925835, "var": 5.87246131897}, "spectral_rms": {"dmean": 0.000585327448789, "dmean2": 0.000860799627844, "dvar": 6.61401145408e-07, "dvar2": 1.25661654238e-06, "max": 0.0116321900859, "mean": 0.00405471073464, "median": 0.00408842880279, "min": 2.41299176196e-07, "var": 3.77279229724e-06}, "spectral_rolloff": {"dmean": 569.291931152, "dmean2": 910.626098633, "dvar": 691249.5625, "dvar2": 1432076, "max": 21920.8007812, "mean": 2744.46435547, "median": 2411.71875, "min": 86.1328125, "var": 9254914}, "spectral_skewness": {"dmean": 0.16812106967, "dmean2": 0.27843940258, "dvar": 0.0258392225951, "dvar2": 0.0718387067318, "max": 3.20308995247, "mean": 1.08307003975, "median": 1.01935482025, "min": -0.0456797033548, "var": 0.191925480962}, "spectral_spread": {"dmean": 304774.375, "dmean2": 439636.625, "dvar": 238231863296, "dvar2": 430349025280, "max": 44173016,