{"lowlevel": {"average_loudness": 0.926436305046, "barkbands": {"dmean": [0.00276711792685, 0.006741380319, 0.00225419201888, 0.00166100263596, 0.00217162468471, 0.00183225725777, 0.000768226571381, 0.000857600069139, 0.000761756440625, 0.000765167060308, 0.000393706199247, 0.000706251012161, 0.000451701198472, 0.000334975833539, 0.00052570697153, 0.00020122040587, 0.00013883781503, 0.000100565404864, 7.30935498723e-05, 7.4532632425e-05, 6.54419563944e-05, 6.52263770462e-05, 7.05332640791e-05, 4.35635265603e-05, 2.19434787141e-06, 2.42326896114e-05, 0.000133689522045], "dmean2": [0.00458096666262, 0.011158356443, 0.00390107813291, 0.00280760833994, 0.00353468209505, 0.00281024817377, 0.00124607840553, 0.00131687580142, 0.0012114145793, 0.0012347958982, 0.000638507306576, 0.00114570185542, 0.000724309764337, 0.000545507820789, 0.000843784306198, 0.000321328203427, 0.000221177615458, 0.000156839523697, 0.000113104870252, 0.000111312692752, 9.22144317883e-05, 8.91739546205e-05, 9.50716421357e-05, 6.04534288868e-05, 3.6497228848e-06, 3.18949969369e-05, 0.000190245656995], "dvar": [6.23314190307e-05, 0.000247512565693, 1.21351404232e-05, 8.80099287315e-06, 1.3787230273e-05, 2.14742103708e-05, 2.81277698377e-06, 6.06532239544e-06, 4.13596717408e-06, 4.06717254009e-06, 7.32234241241e-07, 3.45140506397e-06, 1.81906489161e-06, 4.91116452395e-07, 1.23291499676e-06, 1.43050101542e-07, 7.95468864112e-08, 6.18074622594e-08, 3.21066622178e-08, 2.2510327824e-08, 1.32287629739e-08, 1.66924998268e-08, 2.50386253953e-08, 1.18365734991e-08, 1.44299381472e-11, 2.93739299551e-09, 3.64769903172e-08], "dvar2": [0.000154713503434, 0.000638295314275, 3.60519552487e-05, 2.18795867113e-05, 3.33771167789e-05, 4.89797930641e-05, 6.78725473335e-06, 1.27266112031e-05, 8.88776594365e-06, 8.87539226824e-06, 1.75484046849e-06, 8.95316952665e-06, 4.11258133681e-06, 1.29859506615e-06, 2.93624680126e-06, 3.54075552877e-07, 2.00039039555e-07, 1.47378145243e-07, 7.70348407286e-08, 5.22778869083e-08, 2.68126605363e-08, 3.13367607419e-08, 4.8362551297e-08, 2.3794465065e-08, 3.56818012637e-11, 5.50931833487e-09, 7.87367540056e-08], "max": [0.111132070422, 0.202249854803, 0.0397756770253, 0.0578455254436, 0.0947672352195, 0.0937218144536, 0.0420101545751, 0.06431312114, 0.0929202735424, 0.08075915277, 0.0282929968089, 0.0546854324639, 0.0552745647728, 0.0173402111977, 0.0255395360291, 0.0130183240399, 0.00792302656919, 0.0108023732901, 0.00589509122074, 0.00379215972498, 0.0027498700656, 0.00295951939188, 0.0026706981007, 0.00207645469345, 4.91542596137e-05, 0.00111973541789, 0.00533805880696], "mean": [0.00256072613411, 0.0070887003094, 0.00278368033469, 0.0019633253105, 0.00334632536396, 0.00316218845546, 0.00109099922702, 0.00126881489996, 0.00113452877849, 0.00114785158075, 0.000558897096198, 0.001156147453, 0.00068905740045, 0.000532982638106, 0.000909150461666, 0.000344879226759, 0.000238369961153, 0.000173064516275, 0.000129931839183, 0.000143479803228, 0.000122479323181, 0.000116853887448, 9.90552434814e-05, 5.28319324076e-05, 2.19547791858e-06, 3.36875564244e-05, 0.00035476940684], "median": [0.000585722329561, 0.00240321853198, 0.00135978602339, 0.000898833037354, 0.00185431563295, 0.000741544761695, 0.000384751561796, 0.000321583647747, 0.000465347577119, 0.000450138642918, 0.00028276903322, 0.000390534958569, 0.000257916486589, 0.000250849610893, 0.000367182219634, 0.000196623950615, 0.000129098814796, 9.25044369069e-05, 6.10250426689e-05, 6.36032928014e-05, 4.97663640999e-05, 3.73900220438e-05, 1.83102492883e-05, 5.77937225898e-06, 7.52210155497e-07, 6.87946885591e-06, 0.00025282279239], "min": [9.23888254215e-26, 3.77694886835e-24, 4.08966634739e-24, 1.57442042755e-24, 2.40897799398e-23, 1.78979980729e-23, 1.12294838952e-23, 1.40686274252e-23, 2.65276409714e-23, 3.12013294459e-23, 2.6775182368e-23, 4.71100727513e-23, 2.90572780807e-23, 4.89537542828e-23, 7.07087142024e-23, 5.09850553365e-23, 6.6662955853e-23, 9.99458872793e-23, 1.511312344e-22, 1.51274958546e-22, 3.02832316674e-22, 2.99072163837e-22, 3.80549454174e-22, 5.89938255751e-22, 8.88224158768e-22, 1.32958075332e-21, 1.9307643538e-21], "var": [5.23390845046e-05, 0.000209866964724, 1.50561290866e-05, 1.17754907478e-05, 2.37420081248e-05, 6.44276078674e-05, 4.90856700708e-06, 1.30033249661e-05, 8.75398745848e-06, 8.22318907012e-06, 1.13660235002e-06, 7.33917840989e-06, 3.03753904518e-06, 8.00287807579e-07, 2.77095955425e-06, 2.67169070867e-07, 1.37229349662e-07, 8.87603448518e-08, 5.93041278307e-08, 6.45734132831e-08, 3.88081033975e-08, 4.56099407131e-08, 4.55998865334e-08, 1.77698105119e-08, 1.53693897886e-11, 5.26758769936e-09, 1.27334502054e-07]}, "barkbands_crest": {"dmean": 2.89696097374, "dmean2": 4.73648452759, "dvar": 6.20622253418, "dvar2": 16.1772823334, "max": 26.0002346039, "mean": 9.32616329193, "median": 8.45670986176, "min": 1.97070813179, "var": 16.8694648743}, "barkbands_flatness_db": {"dmean": 0.0253289211541, "dmean2": 0.0387177541852, "dvar": 0.000542167923413, "dvar2": 0.00124643370509, "max": 0.370547920465, "mean": 0.118996828794, "median": 0.114118337631, "min": 0.0171599052846, "var": 0.00214165099896}, "barkbands_kurtosis": {"dmean": 4.00277900696, "dmean2": 6.52503442764, "dvar": 53.880607605, "dvar2": 142.826568604, "max": 161.471939087, "mean": 6.25219774246, "median": 3.5213842392, "min": -1.86680102348, "var": 87.1496658325}, "barkbands_skewness": {"dmean": 0.627725362778, "dmean2": 0.992486715317, "dvar": 0.423227399588, "dvar2": 1.04528200626, "max": 9.45569705963, "mean": 1.87265360355, "median": 1.74071514606, "min": -2.08020186424, "var": 1.4567013979}, "barkbands_spread": {"dmean": 7.05551338196, "dmean2": 10.8328065872, "dvar": 55.5950584412, "dvar2": 117.055084229, "max": 133.671798706, "mean": 25.0899505615, "median": 22.7191162109, "min": 0.930989742279, "var": 198.190200806}, "dissonance": {"dmean": 0.0169133506715, "dmean2": 0.0287777483463, "dvar": 0.000310049479594, "dvar2": 0.000849812815432, "max": 0.500000059605, "mean": 0.472999572754, "median": 0.479327380657, "min": 0.128203362226, "var": 0.000517683278304}, "dynamic_complexity": 3.45364117622, "erbbands": {"dmean": [0.351054519415, 1.00667154789, 2.25687599182, 4.37203741074, 6.24417304993, 7.27840662003, 12.0707988739, 16.6669597626, 11.8014621735, 14.2230491638, 16.1223392487, 18.7802371979, 17.0189170837, 24.6930828094, 16.0270328522, 31.5204372406, 20.5491275787, 17.0679950714, 25.1062088013, 18.4929904938, 9.21045017242, 7.36743211746, 5.63939619064, 4.33844614029, 3.2408156395, 3.75186276436, 2.65117549896, 2.63972115517, 2.32581043243, 2.18441414833, 2.00262713432, 1.40702259541, 0.433030426502, 0.0449146255851, 0.01430287119, 0.0365730337799, 0.0577943250537, 0.0262026954442, 0.00747598102316, 0.00314550567418], "dmean2": [0.592474162579, 1.67274570465, 3.89088726044, 7.40056467056, 10.4632310867, 11.9883985519, 18.9751033783, 25.4156646729, 19.0091991425, 21.9641742706, 25.1209926605, 29.8300876617, 26.9164581299, 40.5739631653, 25.8544406891, 51.4521560669, 32.8448181152, 27.4378051758, 40.0509681702, 29.2670783997, 14.4340658188, 11.6712436676, 8.72836494446, 6.72728443146, 4.89610099792, 5.63067674637, 3.87217736244, 3.7007496357, 3.17050862312, 2.96574187279, 2.70038795471, 1.94593894482, 0.603705585003, 0.0675939768553, 0.0235062148422, 0.0513825044036, 0.0765286684036, 0.0340851470828, 0.00992394890636, 0.0044464962557], "dvar": [0.867323160172, 4.25895452499, 12.2505512238, 53.4984855652, 133.010070801, 218.095352173, 910.325500488, 2141.86401367, 727.515686035, 1470.75585938, 2187.97705078, 3284.99780273, 2604.84228516, 3755.19360352, 1282.43029785, 7964.03466797, 3766.30712891, 1389.20678711, 3021.58837891, 1904.33911133, 242.871612549, 235.485122681, 156.630096436, 126.587837219, 49.7870979309, 67.8597335815, 20.348941803, 24.7395877838, 19.8166637421, 21.5952472687, 20.5392360687, 11.9083805084, 1.20223343372, 0.00716291833669, 0.000582617183682, 0.00636444240808, 0.0177224148065, 0.00282062636688, 0.000145787984366, 1.85215867532e-05], "dvar2": [2.29350209236, 11.0964040756, 35.2538337708, 136.193481445, 342.018280029, 538.248291016, 2146.40966797, 4558.04296875, 1793.51977539, 3242.14501953, 5046.39599609, 7126.66357422, 5485.75585938, 9236.48046875, 3065.36254883, 20681.7910156, 8623.53027344, 3662.66870117, 7347.38964844, 4189.73779297, 581.167053223, 583.334533691, 364.606170654, 303.672149658, 111.451217651, 162.18699646, 43.7804985046, 51.1637802124, 36.6895866394, 41.2513427734, 39.8366546631, 23.9962615967, 2.44880747795, 0.0149210058153, 0.00145763950422, 0.0127592561767, 0.0336013026536, 0.0050073065795, 0.000273496145383, 3.88684748032e-05], "max": [9.53668498993, 36.2321739197, 34.2754707336, 140.076828003, 413.227874756, 379.325744629, 682.933105469, 1170.12353516, 679.263244629, 879.741699219, 1056.3770752, 2926.93896484, 1878.58288574, 2916.11254883, 1481.92382812, 2638.91992188, 2244.98461914, 987.823059082, 1547.83496094, 1284.45715332, 270.554504395, 355.291931152, 529.455810547, 464.88079834, 221.224700928, 241.873825073, 81.8978652954, 134.491790771, 112.410865784, 96.5494003296, 71.4480743408, 62.4134216309, 20.065990448, 1.47194719315, 0.347079753876, 1.50699937344, 2.78372049332, 1.17065656185, 0.301641613245, 0.11212131381], "mean": [0.323956727982, 1.15229773521, 2.90449309349, 5.68731689453, 8.37669754028, 10.7002515793, 17.4046573639, 30.1939353943, 18.2773265839, 21.480550766, 24.4410533905, 28.0992164612, 26.8370265961, 38.6448974609, 26.9146175385, 51.8205528259, 34.1825790405, 29.9866142273, 43.4713745117, 33.7556304932, 17.39453125, 13.1850748062, 10.1401233673, 7.82579040527, 6.06013441086, 7.0831413269, 5.10842943192, 4.7910618782, 4.24195098877, 3.51182985306, 2.7291727066, 1.74164688587, 0.511163532734, 0.052625797689, 0.0153894610703, 0.0456272363663, 0.0788150951266, 0.0471242405474, 0.0189213808626, 0.0105318762362], "median": [0.0818481296301, 0.470784395933, 1.5296087265, 2.94024658203, 4.38200521469, 5.50206279755, 5.92200803757, 6.22774791718, 5.53191804886, 6.70805263519, 7.32141065598, 10.990860939, 12.3656635284, 16.129196167, 13.9574861526, 17.4621067047, 13.6936273575, 14.0439348221, 18.3475437164, 16.5598297119, 10.760102272, 7.46304893494, 5.52300071716, 3.92071795464, 2.95116496086, 3.01040840149, 2.31565189362, 1.77293944359, 1.42147922516, 0.873445689678, 0.466438680887, 0.204372301698, 0.058732945472, 0.014460105449, 0.00629671476781, 0.00949511304498, 0.0145839629695, 0.0151280649006, 0.0104263303801, 0.00837996881455], "min": [1.3733222701e-22, 1.04821423802e-21, 6.76444717374e-21, 4.92855251982e-21, 1.6892570994e-20, 6.4680302324e-20, 8.98839462889e-20, 1.3683835616e-19, 1.42785009282e-19, 2.67801429374e-19, 4.01544514456e-19, 6.44688542799e-19, 9.31837881797e-19, 1.06905701246e-18, 1.38331078538e-18, 2.12998304629e-18, 1.64346984138e-18, 2.1011491845e-18, 3.87277939145e-18, 4.54308809597e-18, 3.43352394552e-18, 4.85235645134e-18, 6.72032921142e-18, 5.78140931941e-18, 7.97485573025e-18, 7.32774406524e-18, 1.13254252477e-17, 1.25905243755e-17, 1.22142605943e-17, 1.24309984584e-17, 1.1423756343e-17, 1.07225313495e-17, 8.76496045339e-18, 7.88577334136e-18, 7.21320684736e-18, 4.11438189118e-18, 2.42037410611e-18, 9.70523878276e-19, 2.68543332835e-19, 3.0320748024e-20], "var": [0.65784406662, 3.94735980034, 14.8639736176, 79.9630355835, 173.051254272, 354.047729492, 1417.72009277, 7862.69726562, 1520.83337402, 2921.02539062, 4082.66577148, 6650.33642578, 4967.67382812, 8196.79980469, 2615.76586914, 16506.7929688, 6517.03710938, 2691.88208008, 6405.08203125, 4179.26855469, 518.685241699, 408.885772705, 261.631774902, 203.180862427, 108.407752991, 189.918792725, 60.0127258301, 70.5592803955, 56.6317710876, 47.9287796021, 36.0723075867, 18.2673568726, 1.73682439327, 0.0106734866276, 0.000628778652754, 0.0100024938583, 0.0303790345788, 0.00738684367388, 0.000665050698444, 7.36617002985e-05]}, "erbbands_crest": {"dmean": 2.52843046188, "dmean2": 4.1318230629, "dvar": 6.2814617157, "dvar2": 15.451965332, "max": 32.5784645081, "mean": 8.0597114563, "median": 6.70719385147, "min": 2.2491338253, "var": 20.1429100037}, "erbbands_flatness_db": {"dmean": 0.0206441693008, "dmean2": 0.0301022343338, "dvar": 0.000375467527192, "dvar2": 0.000720457057469, "max": 0.335307896137, "mean": 0.138184428215, "median": 0.134249016643, "min": 0.0310657434165, "var": 0.00189138390124}, "erbbands_kurtosis": {"dmean": 0.927322506905, "dmean2": 1.47111082077, "dvar": 1.82327401638, "dvar2": 4.55007696152, "max": 33.1179199219, "mean": 0.583899617195, "median": 0.00165224075317, "min": -1.69595885277, "var": 4.19923973083}, "erbbands_skewness": {"dmean": 0.352973908186, "dmean2": 0.54247969389, "dvar": 0.0986938402057, "dvar2": 0.216196373105, "max": 4.52147769928, "mean": 0.0839052423835, "median": 0.0470268242061, "min": -2.46482110023, "var": 0.473208636045}, "erbbands_spread": {"dmean": 7.57529878616, "dmean2": 11.3701791763, "dvar": 55.9986457825, "dvar2": 114.692276001, "max": 123.160415649, "mean": 33.0241851807, "median": 30.60521698, "min": 1.66437995434, "var": 244.036834717}, "gfcc": {"cov": [[18723.0019531, 407.685546875, -1070.10473633, 137.065429688, -346.250274658, -410.574768066, -64.8817901611, -346.682159424, 244.481750488, -47.3871994019, 1.7862098217, 64.9192428589, -129.028701782], [407.685546875, 1218.2800293, -88.0889663696, -322.901397705, 289.074432373, -179.358413696, 84.5288619995, -48.5846214294, 28.7591896057, -14.5260982513, 32.5297813416, -98.9470062256, 141.03855896], [-1070.10473633, -88.0889663696, 405.876312256, 100.641532898, -73.5134429932, 129.11517334, -46.0971031189, 122.582702637, -30.0962924957, 14.578040123, 4.10199213028, 1.98177599907, -5.85641813278], [137.065429688, -322.901397705, 100.641532898, 333.951812744, -11.4111223221, 7.15005636215, 56.2200698853, 31.816286087, 23.8650436401, 0.996522128582, -8.37278175354, 40.1026649475, -57.8025131226], [-346.250274658, 289.074432373, -73.5134429932, -11.4111223221, 261.002624512, 11.8786449432, 96.9755935669, -22.3810997009, -9.02325344086, -14.6463212967, 10.4312486649, -30.4203624725, 52.6330337524], [-410.574768066, -179.358413696, 129.11517334, 7.15005636215, 11.8786449432, 285.507171631, 0.743408977985, 39.0027313232, -56.5966911316, -4.79957342148, -3.82030367851, 13.9779081345, -13.5290250778], [-64.8817901611, 84.5288619995, -46.0971031189, 56.2200698853, 96.9755935669, 0.743408977985, 164.817687988, -9.26736545563, 25.3645381927, -26.628736496, -0.909858822823, 4.1420841217, -4.81409358978], [-346.682159424, -48.5846214294, 122.582702637, 31.816286087, -22.3810997009, 39.0027313232, -9.26736545563, 149.881973267, 12.7571878433, 27.3917884827, 6.30851221085, -7.16178703308, 15.4331769943], [244.481750488, 28.7591896057, -30.0962924957, 23.8650436401, -9.02325344086, -56.5966911316, 25.3645381927, 12.7571878433, 92.960105896, 32.4395217896, 13.2936382294, 10.3660383224, -11.0742673874], [-47.3871994019, -14.5260982513, 14.578040123, 0.996522128582, -14.6463212967, -4.79957342148, -26.628736496, 27.3917884827, 32.4395217896, 82.929473877, 40.0251922607, 12.7017889023, 9.24474430084], [1.7862098217, 32.5297813416, 4.10199213028, -8.37278175354, 10.4312486649, -3.82030367851, -0.909858822823, 6.30851221085, 13.2936382294, 40.0251922607, 59.8592338562, 27.3970050812, 10.3448343277], [64.9192428589, -98.9470062256, 1.98177599907, 40.1026649475, -30.4203624725, 13.9779081345, 4.1420841217, -7.16178703308, 10.3660383224, 12.7017889023, 27.3970050812, 62.0364761353, 7.50123500824], [-129.028701782, 141.03855896, -5.85641813278, -57.8025131226, 52.6330337524, -13.5290250778, -4.81409358978, 15.4331769943, -11.0742673874, 9.24474430084, 10.3448343277, 7.50123500824, 82.4038543701]], "icov": [[0.000106231025711, -0.00033637607703, 0.000626386085059, -0.000633363728411, 0.000673768925481, -0.000410177133745, 0.000271102559054, -9.89481304714e-06, -0.000174051441718, 0.000299052451737, -0.000354271265678, 0.000290975382086, -0.000176650937647], [-0.00033637607703, 0.00409892061725, -0.00381139828824, 0.00474946713075, -0.00449508987367, 0.00323559064418, -0.00206702598371, 0.00140241719782, -0.00133289699443, 0.000310924689984, -0.001078564208, 0.00215333816595, -0.00173727807123], [0.000626386085059, -0.00381139828824, 0.009605451487, -0.00766991311684, 0.00746453134343, -0.00576252257451, 0.00315074552782, -0.00313938362524, 0.000379876757506, 0.00266822986305, -0.00420214328915, 0.00381497154012, -0.00220306636766], [-0.000633363728411, 0.00474946713075, -0.00766991311684, 0.0128483623266, -0.00952666066587, 0.00670285942033, -0.00398103659973, -0.000607097346801, 0.000926466658711, -0.0039625572972, 0.00732329720631, -0.00922085624188, 0.00690230028704], [0.000673768925481, -0.00449508987367, 0.00746453134343, -0.00952666066587, 0.0165961068124, -0.00721918651834, -0.00167068489827, 0.00168468989432, -0.000698475749232, 0.00385614391416, -0.00955084245652, 0.0128826452419, -0.010102270171], [-0.000410177133745, 0.00323559064418, -0.00576252257451, 0.00670285942033, -0.00721918651834, 0.0092599587515, -0.00243152910843, -0.00104384927545, 0.00414358917624, -0.00360560161062, 0.00533895706758, -0.00708830542862, 0.00523321889341], [0.000271102559054, -0.00206702598371, 0.00315074552782, -0.00398103659973, -0.00167068489827, -0.00243152910843, 0.0119843157008, -0.00163112557493, -0.00389464572072, 0.00546468421817, -0.00116629374679, -0.00260040583089, 0.002313896548], [-9.89481304714e-06, 0.00140241719782, -0.00313938362524, -0.000607097346801, 0.00168468989432, -0.00104384927545, -0.00163112557493, 0.0120102157816, -0.00406386936083, -0.000600443163421, -0.00362571422011, 0.00860232673585, -0.00746353156865], [-0.000174051441718, -0.00133289699443, 0.000379876757506, 0.000926466658711, -0.000698475749232, 0.00414358917624, -0.00389464572072, -0.00406386936083, 0.02050867863, -0.0113206710666, 0.00750247575343, -0.00946502108127, 0.00829163473099], [0.000299052451737, 0.000310924689984, 0.00266822986305, -0.0039625572972, 0.00385614391416, -0.00360560161062, 0.00546468421817, -0.000600443163421, -0.0113206710666, 0.0285552386194, -0.0222120136023, 0.0117848264053, -0.00828635133803], [-0.000354271265678, -0.001078564208, -0.00420214328915, 0.00732329720631, -0.00955084245652, 0.00533895706758, -0.00116629374679, -0.00362571422011, 0.00750247575343, -0.0222120136023, 0.0458205528557, -0.0308436434716, 0.0142730455846], [0.000290975382086, 0.00215333816595, 0.00381497154012, -0.00922085624188, 0.0128826452419, -0.00708830542862, -0.00260040583089, 0.00860232673585, -0.00946502108127, 0.0117848264053, -0.0308436434716, 0.0498422719538, -0.0238412227482], [-0.000176650937647, -0.00173727807123, -0.00220306636766, 0.00690230028704, -0.010102270171, 0.00523321889341, 0.002313896548, -0.00746353156865, 0.00829163473099, -0.00828635133803, 0.0142730455846, -0.0238412227482, 0.0307843908668]], "mean": [-8.88451957703, 92.1734771729, -95.8499526978, 2.45488023758, -20.3541412354, -8.57745552063, -3.11245560646, -24.0096244812, -0.402119964361, -11.94947052, -9.49459075928, -1.82027518749, -8.46848297119]}, "hfc": {"dmean": 25.7075004578, "dmean2": 38.2752609253, "dvar": 777.91784668, "dvar2": 1749.66333008, "max": 526.276977539, "mean": 98.5923538208, "median": 89.6822509766, "min": 1.09596355583e-16, "var": 3774.82006836}, "melbands": {"dmean": [0.00250442209654, 0.00114916532766, 0.000758845766541, 0.00046889463556, 0.000397780793719, 0.00035716444836, 0.000170909217559, 0.000165588120581, 0.000127257080749, 0.000120588185382, 8.74084144016e-05, 0.000105840692413, 5.18651904713e-05, 7.65774530009e-05, 6.60754158162e-05, 4.19675088779e-05, 3.27986563207e-05, 3.90735331166e-05, 3.58303805115e-05, 1.82939602382e-05, 1.05658837128e-05, 8.52237099025e-06, 6.24956328465e-06, 4.78717811347e-06, 3.65659002455e-06, 2.75594766208e-06, 2.39973974203e-06, 2.69183055934e-06, 1.835026751e-06, 1.46640206822e-06, 1.75674767888e-06, 1.35588027206e-06, 1.37488439123e-06, 1.21430355193e-06, 1.20542370041e-06, 1.07569178454e-06, 7.95263133568e-07, 3.65630086208e-07, 9.80953984708e-08, 1.76033712052e-08], "dmean2": [0.00414531398565, 0.00193886272609, 0.00127610540949, 0.000771182938479, 0.000629481859505, 0.000546113878954, 0.000274490041193, 0.000251946039498, 0.000199962320039, 0.000191476137843, 0.000138878283906, 0.000173603257281, 8.41537985252e-05, 0.000123689955217, 0.000106315092125, 6.74093462294e-05, 5.31300138391e-05, 6.27117478871e-05, 5.76394086238e-05, 2.91254036711e-05, 1.69022459886e-05, 1.37305241878e-05, 9.85836868495e-06, 7.54850361773e-06, 5.74967680222e-06, 4.30874933954e-06, 3.68436576537e-06, 4.12628151025e-06, 2.73982868748e-06, 2.15487261812e-06, 2.52333825301e-06, 1.90932314581e-06, 1.94974631995e-06, 1.68473422946e-06, 1.66900986187e-06, 1.4903880583e-06, 1.13487624276e-06, 5.20691969541e-07, 1.43234430539e-07, 2.95172508658e-08], "dvar": [3.98110532842e-05, 3.35191703016e-06, 1.46303227666e-06, 7.48460536215e-07, 7.67466303842e-07, 8.86072655248e-07, 1.43534251151e-07, 2.15923435576e-07, 1.36070383405e-07, 1.30469118176e-07, 6.8454632185e-08, 7.12879710818e-08, 1.34087017045e-08, 3.57918388261e-08, 3.68080108615e-08, 1.10350493188e-08, 5.20931964232e-09, 7.34470040342e-09, 5.90523407951e-09, 1.63107138906e-09, 3.30845600915e-10, 3.35568767218e-10, 1.58872470735e-10, 1.51212278809e-10, 9.06402800038e-11, 4.60102823896e-11, 2.34657085429e-11, 3.64715202483e-11, 9.77780703626e-12, 7.01414924406e-12, 1.31842566378e-11, 6.6160761765e-12, 8.59116163626e-12, 7.1650853653e-12, 7.68194362288e-12, 6.50528068913e-12, 4.25369765453e-12, 9.2224437722e-13, 5.6961169993e-14, 9.84428361683e-16], "dvar2": [0.000102968777355, 9.16294538911e-06, 3.74332171305e-06, 1.85339047221e-06, 1.78782795501e-06, 1.92002335098e-06, 3.48138570416e-07, 4.52208922752e-07, 3.22269869457e-07, 2.78169522971e-07, 1.45311020106e-07, 1.71898008716e-07, 3.23043174433e-08, 9.08015778123e-08, 9.10602864224e-08, 2.54174601366e-08, 1.37637368169e-08, 1.78491976754e-08, 1.40212970123e-08, 3.62666185971e-09, 8.29277480019e-10, 8.51428427762e-10, 3.71656067033e-10, 3.64903524064e-10, 2.2261563426e-10, 1.11591375029e-10, 5.45633017934e-11, 8.94917195904e-11, 2.24963520035e-11, 1.54796210572e-11, 2.84516854521e-11, 1.28346092435e-11, 1.76947432401e-11, 1.40802742729e-11, 1.53278934684e-11, 1.32691392596e-11, 8.95661409622e-12, 1.94198802005e-12, 1.20254717642e-13, 2.49183371148e-15], "max": [0.0645498782396, 0.0288378689438, 0.0201325584203, 0.0237092450261, 0.0192520264536, 0.0227096248418, 0.00921180378646, 0.0125407492742, 0.00862774252892, 0.0182777587324, 0.00964871421456, 0.013051122427, 0.00372051890008, 0.00515119452029, 0.00655046850443, 0.00339275482111, 0.00200258987024, 0.00228239339776, 0.0016386610223, 0.00137163000181, 0.000302507105516, 0.000536215608008, 0.000337959441822, 0.000508100201841, 0.000382524129236, 0.000189400205272, 0.000122163197375, 0.000182126430445, 5.35412364115e-05, 6.94293630659e-05, 9.53417329583e-05, 7.30516912881e-05, 6.2190600147e-05, 5.5357148085e-05, 4.35541260231e-05, 5.06958822371e-05, 4.45269179181e-05, 1.77060082933e-05, 4.79468099002e-06, 4.52403469353e-07], "mean": [0.00251110666431, 0.00152031658217, 0.00104850600474, 0.000689000124112, 0.000595433928538, 0.000644184532575, 0.000262928573648, 0.000249361066381, 0.000188877558685, 0.000176528585143, 0.000132416127599, 0.000160784649779, 7.89961559349e-05, 0.000125110702356, 0.000105605475255, 6.59124925733e-05, 5.28015225427e-05, 6.46817788947e-05, 6.2038001488e-05, 3.0942956073e-05, 1.81762516149e-05, 1.41567606988e-05, 1.04743321572e-05, 8.04904811957e-06, 6.18013518761e-06, 4.70002305519e-06, 4.2801921154e-06, 4.79845675727e-06, 3.24434790855e-06, 2.68360236078e-06, 2.90071557174e-06, 2.39047813011e-06, 2.24649534175e-06, 1.83280110377e-06, 1.61213620231e-06, 1.37096469643e-06, 9.41872087878e-07, 4.19456767986e-07, 1.11623577936e-07, 1.71376388636e-08], "median": [0.000776058936026, 0.000833875266835, 0.000601245439611, 0.000371300266124, 0.000229897821555, 0.00014131507487, 8.45795802888e-05, 7.09460291546e-05, 6.05548411841e-05, 6.8005239882e-05, 5.91300522501e-05, 6.35784454062e-05, 4.09043568652e-05, 4.47591155535e-05, 3.6792098399e-05, 2.54442056757e-05, 2.38552129304e-05, 2.7050900826e-05, 2.63388155872e-05, 1.60067356774e-05, 1.07135783765e-05, 7.75202443037e-06, 5.16234968018e-06, 4.28192879554e-06, 2.97361862067e-06, 2.11154224417e-06, 1.97559734261e-06, 1.96075006897e-06, 1.46872764617e-06, 1.09173254259e-06, 9.68529207057e-07, 8.36169135709e-07, 6.12824521795e-07, 4.27493802135e-07, 2.73753158808e-07, 1.86033489058e-07, 9.39407982514e-08, 4.30825224385e-08, 1.83591879477e-08, 6.00926641781e-09], "min": [1.31669661159e-24, 3.59787192084e-24, 1.62786516224e-24, 1.10823696194e-24, 3.1275848008e-24, 3.70194634007e-24, 2.05556128757e-24, 3.30568395522e-24, 3.42948443303e-24, 3.8010730237e-24, 4.358773229e-24, 3.9673400534e-24, 4.22330175132e-24, 5.38017139642e-24, 3.90616625678e-24, 3.58374066102e-24, 3.68932180457e-24, 5.09273651497e-24, 5.4780449745e-24, 4.22033169001e-24, 3.57989456967e-24, 4.39194995766e-24, 5.57451122472e-24, 4.25813351016e-24, 4.40118515228e-24, 5.95814651028e-24, 4.86973815883e-24, 4.18809843899e-24, 5.61803070871e-24, 7.88523430526e-24, 6.67325996491e-24, 5.85563916324e-24, 5.51838534904e-24, 7.30198683954e-24, 5.68700042323e-24, 7.88949415415e-24, 4.78189968033e-24, 5.37981049255e-24, 5.35681085843e-24, 6.84505967057e-24], "var": [3.24033062498e-05, 3.85263820135e-06, 2.11492670132e-06, 1.14468673473e-06, 1.33538674163e-06, 3.1772881357e-06, 3.00265583064e-07, 4.6133911269e-07, 2.37055985508e-07, 2.75743389011e-07, 1.27153782614e-07, 1.54695158017e-07, 2.27164971278e-08, 7.47991393268e-08, 6.86073491352e-08, 2.0573974524e-08, 9.13191922081e-09, 1.47082452884e-08, 1.3130895482e-08, 3.30753624489e-09, 6.03688987688e-10, 5.33037058936e-10, 2.86035334307e-10, 2.05962136235e-10, 1.38527841975e-10, 8.4366909292e-11, 5.42377462387e-11, 9.3819133018e-11, 2.34474679256e-11, 2.01930139276e-11, 3.04666430972e-11, 1.75956176712e-11, 2.02712308744e-11, 1.42517785767e-11, 1.28725276966e-11, 1.03318655714e-11, 5.95806173495e-12, 1.24778919836e-12, 7.93522962183e-14, 9.83145530285e-16]}, "melbands_crest": {"dmean": 4.37086868286, "dmean2": 7.15094995499, "dvar": 15.7387676239, "dvar2": 39.6771202087, "max": 37.8317527771, "mean": 14.5376586914, "median": 13.3591079712, "min": 1.60796535015, "var": 37.0767440796}, "melbands_flatness_db": {"dmean": 0.0331168211997, "dmean2": 0.0499719157815, "dvar": 0.000880736450199, "dvar2": 0.00195606146008, "max": 0.508378326893, "mean": 0.218345746398, "median": 0.214964419603, "min": 0.00212189881131, "var": 0.00403270637617}, "melbands_kurtosis": {"dmean": 6.73790359497, "dmean2": 11.0365581512, "dvar": 135.640777588, "dvar2": 359.434051514, "max": 201.774627686, "mean": 10.4804601669, "median": 6.48613357544, "min": -1.76091647148, "var": 203.463150024}, "melbands_skewness": {"dmean": 0.819596588612, "dmean2": 1.28724861145, "dvar": 0.708498358727, "dvar2": 1.7838357687, "max": 11.9875707626, "mean": 2.44968962669, "median": 2.27036929131, "min": -1.82301688194, "var": 2.20713496208}, "melbands_spread": {"dmean": 6.77183294296, "dmean2": 10.5955886841, "dvar": 55.8814163208, "dvar2": 126.938568115, "max": 176.570968628, "mean": 21.5827713013, "median": 18.2655887604, "min": 0.609802305698, "var": 235.628494263}, "mfcc": {"cov": [[9994.97460938, 464.053131104, -539.320922852, 489.921600342, -364.259887695, 275.033813477, -507.459197998, 117.304763794, -263.402038574, 221.515548706, -198.813705444, 175.844207764, -78.8164901733], [464.053131104, 1627.48596191, -297.785400391, -43.4999237061, 81.3377380371, -39.3441009521, 73.5577392578, -116.303886414, 124.520263672, -91.2552261353, 79.9899749756, -104.300239563, 87.0758972168], [-539.320922852, -297.785400391, 496.71697998, -53.6755523682, 41.9619140625, -39.2789726257, 10.5197210312, 52.7839660645, -16.9269752502, 43.8030967712, -10.9230194092, 50.1747398376, -33.0037269592], [489.921600342, -43.4999237061, -53.6755523682, 356.966827393, -40.1488380432, 0.0832184404135, -35.2147407532, 35.6459541321, 6.1440038681, 32.9871406555, 8.88938903809, 9.92232990265, 7.41144371033], [-364.259887695, 81.3377380371, 41.9619140625, -40.1488380432, 146.7890625, 8.56949615479, 75.4904708862, -10.018196106, 36.778793335, -12.866353035, 19.0695362091, -14.0974941254, 10.5612707138], [275.033813477, -39.3441009521, -39.2789726257, 0.0832184404135, 8.56949615479, 195.758056641, 49.6805267334, 58.262512207, -26.4385986328, 11.6419839859, -25.3463230133, 6.64247465134, -16.1068553925], [-507.459197998, 73.5577392578, 10.5197210312, -35.2147407532, 75.4904708862, 49.6805267334, 165.676422119, 38.6041069031, 47.6563339233, -22.1777572632, 21.2768497467, -25.0000343323, 11.7189054489], [117.304763794, -116.303886414, 52.7839660645, 35.6459541321, -10.018196106, 58.262512207, 38.6041069031, 122.501304626, 8.28400993347, 36.2694892883, -24.1034889221, 17.292591095, -27.7750835419], [-263.402038574, 124.520263672, -16.9269752502, 6.1440038681, 36.778793335, -26.4385986328, 47.6563339233, 8.28400993347, 93.5406188965, 3.2766020298, 26.3011894226, -25.2358512878, 17.9913730621], [221.515548706, -91.2552261353, 43.8030967712, 32.9871406555, -12.866353035, 11.6419839859, -22.1777572632, 36.2694892883, 3.2766020298, 76.696472168, 6.35122823715, 26.1860523224, -15.7825508118], [-198.813705444, 79.9899749756, -10.9230194092, 8.88938903809, 19.0695362091, -25.3463230133, 21.2768497467, -24.1034889221, 26.3011894226, 6.35122823715, 71.9590988159, 14.3278512955, 24.7828998566], [175.844207764, -104.300239563, 50.1747398376, 9.92232990265, -14.0974941254, 6.64247465134, -25.0000343323, 17.292591095, -25.2358512878, 26.1860523224, 14.3278512955, 76.5848922729, 11.3174333572], [-78.8164901733, 87.0758972168, -33.0037269592, 7.41144371033, 10.5612707138, -16.1068553925, 11.7189054489, -27.7750835419, 17.9913730621, -15.7825508118, 24.7828998566, 11.3174333572, 64.6542282104]], "icov": [[0.000189114973182, -0.000160703639267, 0.000190627601114, -0.000164232798852, 4.38370952907e-05, -0.000172004685737, 0.000367245462257, -8.17554537207e-05, 0.000267672672635, -0.000478517904412, 0.000546711671632, -0.000459267117549, 9.09468435566e-05], [-0.000160703639267, 0.00102008914109, 0.000163292570505, 0.000251661782386, -0.000263283553068, -1.13440239602e-06, -7.11193715688e-05, 0.00023413701274, -0.000937382283155, 0.000899982464034, -0.00116934650578, 0.00119074969552, -0.000638718542177], [0.000190627601114, 0.000163292570505, 0.00313205667771, 0.00029659687425, -0.00124569132458, 0.00130996946245, -0.000209900870686, -0.000987462582998, 0.000893370131962, -0.00149746821262, 0.00117151357699, -0.00205737515353, 0.00101786816958], [-0.000164232798852, 0.000251661782386, 0.00029659687425, 0.00345966382883, 0.000166575890034, 0.000294595782179, 0.000869067385793, -0.00184822059236, -0.0001145832357, -0.000385909574106, -0.00166580465157, 0.00138973421417, -0.00135671487078], [4.38370952907e-05, -0.000263283553068, -0.00124569132458, 0.000166575890034, 0.0105439955369, -0.000934691750444, -0.00455928966403, 0.00368337566033, -0.00275589711964, -0.000382184633054, 0.00061743624974, -0.000976001203526, 0.000814350845758], [-0.000172004685737, -1.13440239602e-06, 0.00130996946245, 0.000294595782179, -0.000934691750444, 0.00826799497008, -0.0036493097432, -0.00268265092745, 0.00398383568972, -0.00176588678733, 0.0018137502484, -0.000397987721954, -1.70168113982e-05], [0.000367245462257, -7.11193715688e-05, -0.000209900870686, 0.000869067385793, -0.00455928966403, -0.0036493097432, 0.0152284242213, -0.00769849028438, -0.00215025735088, 0.00499431369826, -0.00582465110347, 0.00432962365448, -0.00260282820091], [-8.17554537207e-05, 0.00023413701274, -0.000987462582998, -0.00184822059236, 0.00368337566033, -0.00268265092745, -0.00769849028438, 0.0194658599794, -0.0059463805519, -0.00521372770891, 0.00841010268778, -0.00727282045409, 0.00621198071167], [0.000267672672635, -0.000937382283155, 0.000893370131962, -0.0001145832357, -0.00275589711964, 0.00398383568972, -0.00215025735088, -0.0059463805519, 0.0213131010532, -0.00568537041545, -0.00416962755844, 0.00792624428868, -0.00577203417197], [-0.000478517904412, 0.000899982464034, -0.00149746821262, -0.000385909574106, -0.000382184633054, -0.00176588678733, 0.00499431369826, -0.00521372770891, -0.00568537041545, 0.0234082806855, -0.00720899226144, -0.00295336032286, 0.00453836191446], [0.000546711671632, -0.00116934650578, 0.00117151357699, -0.00166580465157, 0.00061743624974, 0.0018137502484, -0.00582465110347, 0.00841010268778, -0.00416962755844, -0.00720899226144, 0.0267640594393, -0.0110299726948, -0.000877809652593], [-0.000459267117549, 0.00119074969552, -0.00205737515353, 0.00138973421417, -0.000976001203526, -0.000397987721954, 0.00432962365448, -0.00727282045409, 0.00792624428868, -0.00295336032286, -0.0110299726948, 0.0270721856505, -0.0106594283134], [9.09468435566e-05, -0.000638718542177, 0.00101786816958, -0.00135671487078, 0.000814350845758, -1.70168113982e-05, -0.00260282820091, 0.00621198071167, -0.00577203417197, 0.00453836191446, -0.000877809652593, -0.0106594283134, 0.0250326320529]], "mean": [-663.715393066, 149.144760132, -14.9349222183, 25.5889949799, -3.55364871025, 25.2025241852, -6.09377193451, 9.95076560974, -2.79722929001, 5.76740455627, -6.24657678604, 0.952893018723, -3.55789399147]}, "pitch_salience": {"dmean": 0.0795615836978, "dmean2": 0.129957512021, "dvar": 0.00527281593531, "dvar2": 0.0134627837688, "max": 0.981239080429, "mean": 0.589040398598, "median": 0.609303236008, "min": 0.0601275600493, "var": 0.0127762965858}, "silence_rate_20dB": {"dmean": 0, "dmean2": 0, "dvar": 0, "dvar2": 0, "max": 1, "mean": 1, "median": 1, "min": 1, "var": 0}, "silence_rate_30dB": {"dmean": 0.036544047296, "dmean2": 0.0730969384313, "dvar": 0.0352135188878, "dvar2": 0.090755738318, "max": 1, "mean": 0.974833607674, "median": 1, "min": 0, "var": 0.0245367586613}, "silence_rate_60dB": {"dmean": 0.00701839290559, "dmean2": 0.0140384845436, "dvar": 0.00696945376694, "dvar2": 0.0160202216357, "max": 1, "mean": 0.0500907450914, "median": 0, "min": 0, "var": 0.0475812517107}, "spectral_centroid": {"dmean": 238.978591919, "dmean2": 355.062896729, "dvar": 73529.609375, "dvar2": 142730.40625, "max": 11558.7685547, "mean": 1164.07141113, "median": 1034.42138672, "min": 216.216827393, "var": 566540.625}, "spectral_complexity": {"dmean": 4.03630208969, "dmean2": 5.90899181366, "dvar": 16.4441814423, "dvar2": 30.2719402313, "max": 57, "mean": 20.0139141083, "median": 20, "min": 0, "var": 95.6664657593}, "spectral_contrast_coeffs": {"dmean": [0.056683588773, 0.0473990179598, 0.0382265560329, 0.0279747378081, 0.0188629366457, 0.0377442799509], "dmean2": [0.0939019098878, 0.0781810060143, 0.0638758540154, 0.0462946668267, 0.0313250757754, 0.0578018315136], "dvar": [0.00203644810244, 0.00142357044388, 0.0009528445662, 0.000523349735886, 0.000244884751737, 0.00109456002247], "dvar2": [0.00528909824789, 0.0037684335839, 0.00253330217674, 0.00136930926237, 0.000632031005807, 0.00267524644732], "max": [-0.367500841618, -0.407223045826, -0.522939562798, -0.592164993286, -0.676224470139, -0.479639261961], "mean": [-0.672364413738, -0.775107145309, -0.802150130272, -0.810155749321, -0.826211452484, -0.717818856239], "median": [-0.673535704613, -0.786647737026, -0.807809770107, -0.815363585949, -0.825706839561, -0.712570548058], "min": [-0.970954298973, -0.979003489017, -0.973510086536, -0.967485904694, -0.967233836651, -0.963394761086], "var": [0.00644593173638, 0.00545486388728, 0.00318084121682, 0.00219837087207, 0.000961721583735, 0.00461826706305]}, "spectral_contrast_valleys": {"dmean": [0.43970733881, 0.376358419657, 0.321922421455, 0.299883663654, 0.316437453032, 0.566928386688], "dmean2": [0.70004761219, 0.602502644062, 0.507322013378, 0.446366161108, 0.427537918091, 0.831921517849], "dvar": [0.167372554541, 0.11764229089, 0.0937643349171, 0.0999140292406, 0.129898130894, 0.259882509708], "dvar2": [0.343656629324, 0.24291202426, 0.177123904228, 0.172583520412, 0.208177044988, 0.564158558846], "max": [-5.06531572342, -4.46622276306, -5.18807554245, -5.48359441757, -5.63593149185, -8.60836696625], "mean": [-7.04318380356, -6.68854045868, -6.95293045044, -7.33654785156, -7.75053501129, -11.1035318375], "median": [-6.80502176285, -6.45467329025, -6.70235919952, -7.04686307907, -7.4466176033, -10.9371366501], "min": [-27.8693847656, -27.9929790497, -27.7410068512, -27.56889534, -27.4660358429, -27.3702850342], "var": [2.56748056412, 2.71720147133, 2.48233962059, 2.52688622475, 2.5197262764, 2.11847758293]}, "spectral_decrease": {"dmean": 3.77151643249e-09, "dmean2": 5.87427528842e-09, "dvar": 3.97172160781e-17, "dvar2": 9.4221245135e-17, "max": 1.18606890975e-09, "mean": -6.81029899141e-09, "median": -4.76208583677e-09, "min": -7.04673155383e-08, "var": 5.60414534132e-17}, "spectral_energy": {"dmean": 0.0149498516694, "dmean2": 0.0229478422552, "dvar": 0.000588866183534, "dvar2": 0.00138117768802, "max": 0.274922668934, "mean": 0.0346461310983, "median": 0.0276626087725, "min": 1.01925453573e-20, "var": 0.000917291326914}, "spectral_energyband_high": {"dmean": 0.000342809071299, "dmean2": 0.000438673421741, "dvar": 3.43211979725e-07, "dvar2": 6.04547778948e-07, "max": 0.012074938044, "mean": 0.000704829173628, "median": 0.000328118680045, "min": 7.06916710203e-21, "var": 1.03660011064e-06}, "spectral_energyband_low": {"dmean": 0.0104109104723, "dmean2": 0.0170228518546, "dvar": 0.000464941345854, "dvar2": 0.00116860936396, "max": 0.253363579512, "mean": 0.0129981543869, "median": 0.00658630859107, "min": 1.97685403182e-23, "var": 0.000442226591986}, "spectral_energyband_middle_high": {"dmean": 0.00221379497088, "dmean2": 0.00335585139692, "dvar": 1.36131120598e-05, "dvar2": 3.1524185033e-05, "max": 0.093696385622, "mean": 0.00583220692351, "median": 0.0036734205205, "min": 1.38438974879e-21, "var": 4.86531134811e-05}, "spectral_energyband_middle_low": {"dmean": 0.00528047373518, "dmean2": 0.00815478060395, "dvar": 5.86854475841e-05, "dvar2": 0.000131826091092, "max": 0.118633925915, "mean": 0.0122167458758, "median": 0.0071639190428, "min": 1.70486384782e-22, "var": 0.000203188043088}, "spectral_entropy": {"dmean": 0.175569325686, "dmean2": 0.249850794673, "dvar": 0.0310131888837, "dvar2": 0.0567000620067, "max": 9.81503772736, "mean": 7.62093496323, "median": 7.63467979431, "min": 5.62514734268, "var": 0.154214501381}, "spectral_flux": {"dmean": 0.0299608353525, "dmean2": 0.0476580932736, "dvar": 0.00155380181968, "dvar2": 0.00338085577823, "max": 0.413993239403, "mean": 0.104427486658, "median": 0.0952174142003, "min": 6.39676159264e-11, "var": 0.00351394317113}, "spectral_kurtosis": {"dmean": 3.78126764297, "dmean2": 5.42812108994, "dvar": 25.636838913, "dvar2": 55.3318443298, "max": 106.478561401, "mean": 14.1528377533, "median": 12.6313772202, "min": -1.26474404335, "var": 81.5250396729}, "spectral_rms": {"dmean": 0.00109553174116, "dmean2": 0.00161251518875, "dvar": 1.9008491563e-06, "dvar2": 4.03217472922e-06, "max": 0.0163773391396, "mean": 0.00529852509499, "median": 0.00519498903304, "min": 3.15340245235e-12, "var": 5.72683848077e-06}, "spectral_rolloff": {"dmean": 4275.06884766, "dmean2": 8040.72265625, "dvar": 51176040, "dvar2": 116849568, "max": 22006.9335938, "mean": 10193.3085938, "median": 3789.84375, "min": 21.533203125, "var": 93375080}, "spectral_skewness": {"dmean": 0.34310939908, "dmean2": 0.469857364893, "dvar": 0.159604474902, "dvar2": 0.30236274004, "max": 8.0258808136, "mean": 2.43733429909, "median": 2.36104440689, "min": -0.0543193519115, "var": 0.723095178604}, "spectral_spread": {"dmean": 534024.4375, "dmean2": 771609.9375, "dvar": 540542533632, "dvar2": 958013964288, "max": 42381332, "mean": 4218239, "median": 3871042, "min": 1604655.75, "var": 4874719723520.0}, "spectral_strongpeak": {"dme