{"lowlevel": {"average_loudness": 0.912524580956, "barkbands": {"dmean": [4.19762072852e-05, 0.00237365998328, 0.00269099720754, 0.00475798733532, 0.00379932834767, 0.000767865567468, 0.000288902345346, 0.000196624197997, 0.000255051214481, 0.000114436035801, 0.000131059947307, 0.00014316769375, 0.000109058513772, 0.000135298803798, 0.000178187212441, 0.000204192474484, 0.0002123243612, 0.000150523468619, 0.000137876719236, 0.000163069213158, 0.000138481904287, 0.000108289903437, 7.73804495111e-05, 5.33862112206e-05, 4.60688170278e-05, 1.20619943118e-05, 4.9302559546e-07], "dmean2": [6.94552218192e-05, 0.00365821202286, 0.00458009773865, 0.00849899370223, 0.00665308441967, 0.00128194713034, 0.000461809890112, 0.00031305779703, 0.000411200890085, 0.000180536444532, 0.000207243181649, 0.000227466982324, 0.000174270753632, 0.000216772983549, 0.000279394414974, 0.00032142654527, 0.000335977587383, 0.000231748039369, 0.000213167935726, 0.000246049952693, 0.000202264942345, 0.000155949397595, 0.000109533073555, 7.3271272413e-05, 6.39762874926e-05, 1.53007822519e-05, 8.02812451184e-07], "dvar": [1.32863950952e-08, 3.38267491315e-05, 5.91695134062e-05, 0.000187867641216, 0.000124484475236, 2.57648594015e-06, 1.11567226213e-06, 3.06734449396e-07, 7.68771315052e-07, 1.21993167568e-07, 1.05948856799e-07, 1.08908793095e-07, 7.87398519719e-08, 7.25103248556e-08, 1.35105324262e-07, 1.15166507442e-07, 1.38458801757e-07, 7.41221271028e-08, 6.21618241325e-08, 1.13157589965e-07, 7.73969475176e-08, 5.17503515596e-08, 3.15000541207e-08, 3.96099473221e-08, 2.67067612469e-08, 8.28462687341e-10, 1.49752616991e-12], "dvar2": [3.27579705584e-08, 6.58438002574e-05, 0.000147461541928, 0.000517760461662, 0.000341661652783, 6.69588916935e-06, 2.52052336691e-06, 7.58278702051e-07, 1.91431399799e-06, 2.7590647278e-07, 2.55887130152e-07, 2.77963380313e-07, 1.84573835327e-07, 1.76283535325e-07, 3.17982397746e-07, 2.70225370969e-07, 3.24437706922e-07, 1.64761743804e-07, 1.45733082491e-07, 2.49659052542e-07, 1.67004174045e-07, 1.13505301158e-07, 6.76461198168e-08, 7.76138904257e-08, 6.15953652527e-08, 1.60914914726e-09, 3.78129602283e-12], "max": [0.00194914580788, 0.0846268460155, 0.204347640276, 0.194915622473, 0.173051595688, 0.028054041788, 0.0353171341121, 0.0210647583008, 0.0289379227906, 0.0153158996254, 0.00614089425653, 0.0141729237512, 0.00880535505712, 0.00597160961479, 0.00834279786795, 0.0082230316475, 0.0122567340732, 0.0103185493499, 0.0066282665357, 0.00979569647461, 0.00898778345436, 0.00448803137988, 0.00437254225835, 0.0111365597695, 0.00623283209279, 0.000762389448937, 2.44170860242e-05], "mean": [4.24627614848e-05, 0.00312398723327, 0.0031640639063, 0.00400115828961, 0.00393737014383, 0.00102547835559, 0.000456555426354, 0.000283727858914, 0.00037208685535, 0.00016624572163, 0.000201058195671, 0.000232587321079, 0.000169785736944, 0.00021842942806, 0.000304839806631, 0.000374265044229, 0.000402483012294, 0.000306940200971, 0.000290242198389, 0.000386711297324, 0.000310687843012, 0.000189688740647, 0.000125542734168, 8.19140695967e-05, 6.6193540988e-05, 1.80109618668e-05, 4.91595812946e-07], "median": [5.32492504135e-06, 0.00102997699287, 0.00153632229194, 0.00109355314635, 0.00158924958669, 0.00041903113015, 0.000165989986272, 0.000105983082904, 0.000107911546365, 5.82506436331e-05, 5.6945351389e-05, 9.73787682597e-05, 6.30757713225e-05, 0.000103768397821, 0.00013534615573, 0.000184661854291, 0.000204390686122, 0.000163100645295, 0.000117721625429, 0.000134853136842, 9.06988861971e-05, 5.712714119e-05, 4.03759840992e-05, 1.9770794097e-05, 1.11540402941e-05, 2.39028122451e-06, 4.93061769191e-08], "min": [2.37113523195e-24, 1.61388761196e-23, 6.82583513031e-24, 7.70341685496e-24, 1.81551178186e-23, 5.39866979021e-24, 7.0621076489e-24, 3.05844370626e-23, 2.88802482272e-23, 3.11314805459e-23, 1.76024055808e-23, 5.61586039459e-23, 5.6315928054e-23, 4.03201102818e-23, 5.63582425529e-23, 1.03610726786e-22, 1.6542907956e-22, 1.69781256729e-22, 1.41871105467e-22, 2.0779766282e-22, 2.93116705765e-22, 3.79225606735e-22, 4.96553330931e-22, 6.54593699439e-22, 1.0310424653e-21, 1.51884517047e-21, 2.01354925998e-21], "var": [1.53203991715e-08, 4.84251031594e-05, 5.3934094467e-05, 0.000121709279483, 8.60856162035e-05, 3.27985480908e-06, 2.22106723413e-06, 4.72730448564e-07, 1.43948193454e-06, 2.01441409331e-07, 1.89644197235e-07, 2.06407506198e-07, 1.26647236698e-07, 1.32046807266e-07, 2.56231800222e-07, 3.11298208544e-07, 3.5284872979e-07, 1.75759652166e-07, 2.03544573196e-07, 5.27487770796e-07, 3.66472335145e-07, 1.0782957105e-07, 5.58309345422e-08, 7.51401216803e-08, 3.72481352429e-08, 1.69820202345e-09, 1.68131784536e-12]}, "barkbands_crest": {"dmean": 2.57601571083, "dmean2": 4.10535526276, "dvar": 6.29972553253, "dvar2": 15.037021637, "max": 24.8601512909, "mean": 9.07805633545, "median": 8.42583942413, "min": 2.30159330368, "var": 16.0671195984}, "barkbands_flatness_db": {"dmean": 0.0250705312937, "dmean2": 0.0386793166399, "dvar": 0.000659581739455, "dvar2": 0.00153293332551, "max": 0.555926680565, "mean": 0.128557473421, "median": 0.119676910341, "min": 0.0264250263572, "var": 0.00288377678953}, "barkbands_kurtosis": {"dmean": 3.7805814743, "dmean2": 6.12323665619, "dvar": 59.9138793945, "dvar2": 139.881362915, "max": 413.074768066, "mean": 4.5296459198, "median": 0.811254858971, "min": -1.93380093575, "var": 160.988967896}, "barkbands_skewness": {"dmean": 0.688572525978, "dmean2": 1.05944347382, "dvar": 0.623629927635, "dvar2": 1.38856184483, "max": 15.9910345078, "mean": 1.58370780945, "median": 1.36424481869, "min": -3.56400704384, "var": 2.07408332825}, "barkbands_spread": {"dmean": 7.70231199265, "dmean2": 11.7897481918, "dvar": 77.7714157104, "dvar2": 176.126937866, "max": 113.057006836, "mean": 29.7256507874, "median": 28.0387325287, "min": 0.294554233551, "var": 288.310455322}, "dissonance": {"dmean": 0.0108247473836, "dmean2": 0.0181060153991, "dvar": 0.000144543228089, "dvar2": 0.000388644519262, "max": 0.500000059605, "mean": 0.4784270823, "median": 0.482994228601, "min": 0.301325351, "var": 0.000320620980347}, "dynamic_complexity": 4.47825670242, "erbbands": {"dmean": [0.0680424794555, 0.579358279705, 2.53737974167, 10.0568904877, 18.0234966278, 9.91144371033, 7.07338380814, 5.73802280426, 4.34177446365, 3.83252906799, 4.57180976868, 5.64119338989, 4.15520477295, 3.67465281487, 5.29820632935, 5.10523700714, 4.75662183762, 5.33060407639, 7.99873781204, 8.58983612061, 10.5448207855, 12.5045986176, 8.31081008911, 6.38846254349, 8.1146364212, 7.34304189682, 6.32802581787, 4.94811153412, 3.95249176025, 3.12034130096, 2.14940857887, 1.23986721039, 0.839008271694, 0.514981746674, 0.363973647356, 0.0705751702189, 0.0206512827426, 0.00298585253768, 6.44331375952e-05, 1.64396915352e-05], "dmean2": [0.101234778762, 0.911356806755, 4.29417037964, 17.6736602783, 32.4081306458, 16.9938144684, 11.8468647003, 9.47934150696, 6.97500514984, 6.07375478745, 7.32996797562, 9.11196422577, 6.53199100494, 5.74560070038, 8.30619430542, 8.0657453537, 7.51348733902, 8.48041057587, 12.465511322, 13.2804231644, 16.3117694855, 19.8071727753, 12.6225090027, 9.78462219238, 12.5284347534, 11.1296787262, 9.39335727692, 7.27106618881, 5.75056028366, 4.47969198227, 3.06565642357, 1.72432649136, 1.17122483253, 0.722915709019, 0.519338130951, 0.0925832539797, 0.0263887885958, 0.00397817743942, 8.50018623169e-05, 2.53238576988e-05], "dvar": [0.0355106666684, 1.87048816681, 44.3414955139, 672.62677002, 3369.63330078, 728.250915527, 222.665863037, 174.729598999, 202.980682373, 236.389480591, 134.985595703, 482.800231934, 160.769256592, 126.567443848, 156.975799561, 148.261413574, 155.221008301, 130.562057495, 297.156066895, 207.445800781, 348.700805664, 471.882324219, 250.566513062, 101.915565491, 268.10446167, 229.292541504, 171.613296509, 95.3316726685, 69.8355484009, 44.0703201294, 27.106628418, 16.5536365509, 11.7485370636, 5.51738595963, 1.17763710022, 0.0323939919472, 0.00231741857715, 4.22665762017e-05, 1.90015825297e-08, 1.06796771426e-09], "dvar2": [0.0756411477923, 3.82732772827, 111.658432007, 1811.8626709, 9386.44726563, 1985.06945801, 588.442138672, 444.653625488, 445.611450195, 556.134277344, 347.209991455, 1204.85668945, 380.798461914, 308.512969971, 378.086608887, 376.134063721, 361.061401367, 306.988067627, 723.87890625, 479.347167969, 793.833435059, 1119.01818848, 548.202758789, 242.366241455, 669.605285645, 525.801879883, 370.255584717, 207.691467285, 156.890151978, 95.2108764648, 59.270614624, 32.4346656799, 24.0260410309, 13.2722530365, 2.55345582962, 0.0645230561495, 0.004501351621, 8.37642219267e-05, 3.73305617529e-08, 2.65346722372e-09], "max": [2.83089923859, 18.7222175598, 148.36781311, 325.080657959, 966.910705566, 386.163421631, 281.555969238, 313.563201904, 623.885131836, 569.649841309, 367.980957031, 694.36315918, 487.801208496, 425.109649658, 263.432250977, 442.49798584, 451.772613525, 316.381103516, 499.369934082, 383.81338501, 612.742858887, 600.793334961, 732.441345215, 235.298965454, 456.307861328, 536.520507813, 363.629058838, 277.951812744, 172.780197144, 120.022651672, 138.216644287, 243.722885132, 149.853485107, 98.6662902832, 23.9421424866, 4.71520805359, 1.33451044559, 0.147492915392, 0.00321349711157, 0.000412698893342], "mean": [0.0704849362373, 0.802084743977, 3.29542565346, 9.37588977814, 15.2355880737, 11.2788562775, 9.38030529022, 7.69962501526, 6.70913600922, 6.18021249771, 6.83088111877, 8.28769874573, 6.2409119606, 5.84829425812, 8.90318393707, 8.69068241119, 8.16242218018, 9.58035945892, 14.8678131104, 17.2354221344, 21.0595378876, 24.4673652649, 17.4019927979, 13.8376903534, 17.6185493469, 17.6032867432, 14.755317688, 10.3312063217, 6.90635156631, 5.31398010254, 3.42848873138, 1.98394453526, 1.22432339191, 0.734342813492, 0.493653863668, 0.10340103507, 0.0308232549578, 0.00449043372646, 0.000103174599644, 2.86228696496e-05], "median": [0.0116383219138, 0.312204986811, 1.67211997509, 3.31789064407, 4.68367385864, 4.7838101387, 4.08837270737, 2.94588065147, 2.87924385071, 2.05536007881, 2.62303376198, 2.30593633652, 2.15520834923, 1.94267499447, 2.72444725037, 3.87393021584, 3.52639770508, 4.65371322632, 7.53484249115, 9.11445236206, 10.5604515076, 12.9347114563, 8.85745811462, 7.26929140091, 6.61156272888, 6.0263209343, 4.42152690887, 3.07968950272, 2.05332899094, 1.69037210941, 1.06288909912, 0.534518539906, 0.256790488958, 0.115328192711, 0.0834916234016, 0.0147898066789, 0.00433359574527, 0.000685032340698, 2.58309810306e-05, 1.76182256837e-05], "min": [6.19379201066e-22, 2.06101520997e-21, 1.02922424315e-20, 1.99281057379e-20, 2.16966195031e-20, 5.67159165807e-20, 6.84871232123e-20, 6.57734732023e-20, 1.07914971453e-19, 4.19488595183e-19, 5.12434201875e-19, 6.31643697744e-19, 8.4068702439e-19, 1.6884769453e-18, 1.39432769377e-18, 2.0866257541e-18, 2.66371699384e-18, 2.38874892334e-18, 4.20802948987e-18, 3.58195261425e-18, 7.37162682392e-18, 1.07343013024e-17, 7.89325601718e-18, 6.24756074976e-18, 9.32309726298e-18, 9.5601134598e-18, 1.2351435264e-17, 8.08754833536e-18, 1.27357516484e-17, 1.40232905319e-17, 1.33848022248e-17, 1.20378031173e-17, 1.06594902606e-17, 9.85472789703e-18, 6.6372856546e-18, 4.70052869068e-18, 2.69232131301e-18, 1.1399487691e-18, 2.64137820592e-19, 2.94689458635e-20], "var": [0.0416941009462, 2.63969302177, 42.3774299622, 473.139953613, 2123.61572266, 547.354064941, 263.255706787, 220.666809082, 323.218109131, 569.42376709, 200.856307983, 937.173278809, 248.790115356, 200.246032715, 318.497039795, 283.304595947, 253.635192871, 261.047485352, 552.695373535, 626.528076172, 929.247497559, 1220.70690918, 606.347839355, 323.300994873, 863.718811035, 1131.95544434, 874.250244141, 351.932067871, 145.03125, 85.4767074585, 45.3996925354, 31.2440299988, 21.2437744141, 7.05427026749, 1.66061663628, 0.0615439750254, 0.00471113296226, 8.61886292114e-05, 3.91727326132e-08, 1.24396071222e-09]}, "erbbands_crest": {"dmean": 2.20359539986, "dmean2": 3.66623568535, "dvar": 5.07035827637, "dvar2": 13.1595392227, "max": 28.8979854584, "mean": 7.16660737991, "median": 6.26585674286, "min": 2.31275343895, "var": 11.0573806763}, "erbbands_flatness_db": {"dmean": 0.0155885284767, "dmean2": 0.0221048686653, "dvar": 0.000234429753618, "dvar2": 0.000458023074316, "max": 0.289131313562, "mean": 0.141501128674, "median": 0.138517379761, "min": 0.0335201248527, "var": 0.00118228176143}, "erbbands_kurtosis": {"dmean": 0.837594568729, "dmean2": 1.32101345062, "dvar": 1.45935380459, "dvar2": 3.25423645973, "max": 60.7083740234, "mean": 0.122075125575, "median": -0.313031464815, "min": -1.84892070293, "var": 3.74379968643}, "erbbands_skewness": {"dmean": 0.38395678997, "dmean2": 0.593923687935, "dvar": 0.157506734133, "dvar2": 0.359645813704, "max": 6.78009033203, "mean": -0.334192812443, "median": -0.431691855192, "min": -3.92050600052, "var": 0.654813408852}, "erbbands_spread": {"dmean": 11.0017385483, "dmean2": 16.7475166321, "dvar": 139.406906128, "dvar2": 310.093139648, "max": 183.804916382, "mean": 48.7865562439, "median": 45.9555358887, "min": 5.89074420929, "var": 424.129211426}, "gfcc": {"cov": [[22491.3769531, 886.128662109, -908.192993164, 431.760620117, -463.49822998, -23.5417232513, -569.113342285, -61.3763999939, -433.328643799, -31.8267784119, -427.698242188, -53.187877655, -278.411560059], [886.128662109, 1559.27539063, -225.897796631, -52.6071662903, 273.655303955, -52.6335411072, 111.755439758, -93.2707672119, 139.740509033, -142.227416992, 147.152999878, -146.205657959, 90.0374069214], [-908.192993164, -225.897796631, 872.425231934, 18.5458774567, 98.8268814087, 118.432662964, -67.278137207, 57.2967567444, -28.9666614532, 47.4594802856, -44.7596511841, 48.8476905823, -46.4738998413], [431.760620117, -52.6071662903, 18.5458774567, 387.163635254, 15.1488809586, -0.26276960969, 41.9860496521, -1.01478493214, 20.3405513763, -7.57777166367, -7.11950922012, -19.5261707306, 28.1066055298], [-463.49822998, 273.655303955, 98.8268814087, 15.1488809586, 279.886108398, 59.9206771851, 62.5055465698, 6.35094976425, 52.9205627441, -8.85266685486, 31.172498703, -12.6615123749, 17.7000236511], [-23.5417232513, -52.6335411072, 118.432662964, -0.26276960969, 59.9206771851, 168.965240479, 52.2529792786, 27.668132782, -9.13129615784, 7.71350908279, -4.23336267471, 10.493727684, -6.79750871658], [-569.113342285, 111.755439758, -67.278137207, 41.9860496521, 62.5055465698, 52.2529792786, 198.361022949, 30.2743396759, 48.0440292358, -5.54231739044, 43.7004241943, -15.1566734314, 28.0896339417], [-61.3763999939, -93.2707672119, 57.2967567444, -1.01478493214, 6.35094976425, 27.668132782, 30.2743396759, 116.929092407, 29.5309371948, 32.0101852417, -12.1009511948, 15.7665014267, -3.84886336327], [-433.328643799, 139.740509033, -28.9666614532, 20.3405513763, 52.9205627441, -9.13129615784, 48.0440292358, 29.5309371948, 131.924957275, 11.8296289444, 42.1850090027, -17.1556186676, 24.8852443695], [-31.8267784119, -142.227416992, 47.4594802856, -7.57777166367, -8.85266685486, 7.71350908279, -5.54231739044, 32.0101852417, 11.8296289444, 89.8429641724, 10.6738424301, 25.658744812, -15.7355260849], [-427.698242188, 147.152999878, -44.7596511841, -7.11950922012, 31.172498703, -4.23336267471, 43.7004241943, -12.1009511948, 42.1850090027, 10.6738424301, 95.9209747314, 2.17710447311, 23.9240455627], [-53.187877655, -146.205657959, 48.8476905823, -19.5261707306, -12.6615123749, 10.493727684, -15.1566734314, 15.7665014267, -17.1556186676, 25.658744812, 2.17710447311, 71.9433822632, 4.00830221176], [-278.411560059, 90.0374069214, -46.4738998413, 28.1066055298, 17.7000236511, -6.79750871658, 28.0896339417, -3.84886336327, 24.8852443695, -15.7355260849, 23.9240455627, 4.00830221176, 65.0664138794]], "icov": [[9.75231014309e-05, -0.000275580241578, 0.000176080444362, -0.000260028231423, 0.000217301349039, -0.000258960149949, 0.000296215235721, -0.000140670250403, 0.000231580270338, -0.000296992366202, 0.000502796261571, -0.00039036833914, 0.00049313850468], [-0.000275580241578, 0.00226854672655, -0.000408849533414, 0.00116066809278, -0.00178728450555, 0.00116904627066, -0.000722180993762, 0.000634220428765, -0.00102526624687, 0.002420327859, -0.00310770655051, 0.00333399977535, -0.00223939307034], [0.000176080444362, -0.000408849533414, 0.0018925316399, -0.000687977008056, -0.000331850547809, -0.00139446044341, 0.00141965888906, -0.000773594190832, 0.000488281773869, -0.000731703592464, 0.0010470780544, -0.0013014144497, 0.00158554501832], [-0.000260028231423, 0.00116066809278, -0.000687977008056, 0.00365571910515, -0.000824086659122, 0.00104045798071, -0.00147984735668, 0.000814848928712, -0.000932916882448, 0.000842840818223, -0.000881435233168, 0.00251163356006, -0.0030393442139], [0.000217301349039, -0.00178728450555, -0.000331850547809, -0.000824086659122, 0.00611000182107, -0.00218091695569, -0.000232836027863, 0.000137050752528, -0.000847118208185, -0.00121901812963, 0.0017814139137, -0.00204581487924, 0.00124085240532], [-0.000258960149949, 0.00116904627066, -0.00139446044341, 0.00104045798071, -0.00218091695569, 0.00900019798428, -0.00341918878257, -0.000460408511572, 0.00087004294619, 0.00115342915524, -0.0012376854429, 0.000978263677098, -0.000847816525493], [0.000296215235721, -0.000722180993762, 0.00141965888906, -0.00147984735668, -0.000232836027863, -0.00341918878257, 0.00882674194872, -0.00281377322972, 5.97946600465e-05, 5.92057085669e-06, -0.00154914031737, 0.000369059242075, 0.000174600878381], [-0.000140670250403, 0.000634220428765, -0.000773594190832, 0.000814848928712, 0.000137050752528, -0.000460408511572, -0.00281377322972, 0.0124736111611, -0.00411600666121, -0.00269762123935, 0.00320323021151, -0.00138184265234, -0.00068770890357], [0.000231580270338, -0.00102526624687, 0.000488281773869, -0.000932916882448, -0.000847118208185, 0.00087004294619, 5.97946600465e-05, -0.00411600666121, 0.0125865628943, -0.00288769393228, -0.00234131305479, 0.00233178841881, -0.00158153637312], [-0.000296992366202, 0.002420327859, -0.000731703592464, 0.000842840818223, -0.00121901812963, 0.00115342915524, 5.92057085669e-06, -0.00269762123935, -0.00288769393228, 0.0181370377541, -0.00662546651438, -0.00147845491301, 0.0028011102695], [0.000502796261571, -0.00310770655051, 0.0010470780544, -0.000881435233168, 0.0017814139137, -0.0012376854429, -0.00154914031737, 0.00320323021151, -0.00234131305479, -0.00662546651438, 0.0202264785767, -0.00623938767239, 6.52951130178e-05], [-0.00039036833914, 0.00333399977535, -0.0013014144497, 0.00251163356006, -0.00204581487924, 0.000978263677098, 0.000369059242075, -0.00138184265234, 0.00233178841881, -0.00147845491301, -0.00623938767239, 0.0235637165606, -0.00828750245273], [0.00049313850468, -0.00223939307034, 0.00158554501832, -0.0030393442139, 0.00124085240532, -0.000847816525493, 0.000174600878381, -0.00068770890357, -0.00158153637312, 0.0028011102695, 6.52951130178e-05, -0.00828750245273, 0.0242498349398]], "mean": [-46.8089637756, 82.8078536987, -117.91746521, 57.2673721313, -51.1504859924, 10.3284511566, -44.4906044006, 2.19842672348, -27.1950874329, -2.20479536057, -21.5877895355, -2.4570286274, -11.7724170685]}, "hfc": {"dmean": 5.94189739227, "dmean2": 8.14596843719, "dvar": 97.0072402954, "dvar2": 200.319351196, "max": 167.413146973, "mean": 15.165145874, "median": 9.57907009125, "min": 1.11026444983e-16, "var": 287.310089111}, "melbands": {"dmean": [0.000634173396975, 0.00107594649307, 0.00204045814462, 0.00101551960688, 0.000254032522207, 0.000129716325318, 6.28650159342e-05, 4.15425929532e-05, 3.97299772885e-05, 3.65977975889e-05, 2.11204114748e-05, 1.52465845531e-05, 1.74495289684e-05, 1.37205706778e-05, 1.51104150063e-05, 1.11989893412e-05, 1.09553657239e-05, 1.34087367769e-05, 1.52048633026e-05, 1.41766740853e-05, 1.2485613297e-05, 1.55982033903e-05, 8.57157829159e-06, 6.90400111125e-06, 5.50610593564e-06, 5.47244553672e-06, 6.68782877256e-06, 5.27310976395e-06, 4.31302350989e-06, 3.83686301575e-06, 2.80012704934e-06, 2.4692367333e-06, 2.02727164833e-06, 1.69741178979e-06, 1.43017848586e-06, 8.49826108151e-07, 7.50554590923e-07, 6.18391823082e-07, 5.12621795679e-07, 4.16292408545e-07], "dmean2": [0.000933061470278, 0.00176878040656, 0.00361432088539, 0.00179048732389, 0.000422312412411, 0.000214773317566, 0.000100987206679, 6.59879224258e-05, 6.37986740912e-05, 5.89520750509e-05, 3.32007621182e-05, 2.38798365899e-05, 2.73710866168e-05, 2.17489614442e-05, 2.40327499341e-05, 1.78260270332e-05, 1.76433077286e-05, 2.11957067222e-05, 2.3814927772e-05, 2.24257946684e-05, 1.9416480427e-05, 2.48818414548e-05, 1.33865696625e-05, 1.06384250103e-05, 8.61371700012e-06, 8.6053942141e-06, 1.03906131699e-05, 8.17673571873e-06, 6.60674322717e-06, 5.73485067434e-06, 4.22228413299e-06, 3.70531233784e-06, 2.97017004414e-06, 2.47445791501e-06, 2.09496920434e-06, 1.20924096336e-06, 1.06370055164e-06, 8.81246478457e-07, 7.32338946818e-07, 5.99117186084e-07], "dvar": [2.64230334324e-06, 7.15388114259e-06, 3.14350036206e-05, 9.46405180002e-06, 2.72956356184e-07, 8.08199587254e-08, 4.28395949825e-08, 2.30123102796e-08, 1.08423083844e-08, 2.05579731016e-08, 4.24603818772e-09, 2.14494288997e-09, 1.74686876075e-09, 1.33906219446e-09, 1.22283672077e-09, 8.34316615794e-10, 5.5300858337e-10, 8.3117446259e-10, 9.6366370439e-10, 5.82819570383e-10, 5.48148137991e-10, 7.79407982598e-10, 2.58049026591e-10, 1.75871386898e-10, 7.9280533527e-11, 9.64690341498e-11, 2.00904223813e-10, 1.34879232783e-10, 8.5908044567e-11, 6.69094502026e-11, 3.04938990725e-11, 2.99751473642e-11, 1.77215603303e-11, 1.36412504556e-11, 1.37880306131e-11, 4.84187603206e-12, 6.95185358932e-12, 6.16613964749e-12, 5.63228673769e-12, 3.96372691613e-12], "dvar2": [5.14275734531e-06, 1.77504261956e-05, 8.60042637214e-05, 2.60922206508e-05, 7.18338128536e-07, 2.06768575595e-07, 9.39193327554e-08, 5.38638431635e-08, 2.79960374883e-08, 5.02574692973e-08, 9.97350557697e-09, 5.15359666053e-09, 4.18199164187e-09, 3.32754357402e-09, 3.03124148004e-09, 1.9613572988e-09, 1.32383404239e-09, 2.06618877563e-09, 2.27119545393e-09, 1.39391653775e-09, 1.25138555074e-09, 1.86707582728e-09, 5.73299130391e-10, 4.10256800754e-10, 1.92840549085e-10, 2.38570135869e-10, 4.96100716063e-10, 3.31883381888e-10, 1.93608754029e-10, 1.49343065692e-10, 6.86944945372e-11, 7.0736548563e-11, 3.86602728997e-11, 3.02680623621e-11, 3.18424071832e-11, 9.28892813362e-12, 1.42765035904e-11, 1.2207876203e-11, 1.31901174011e-11, 9.91998757444e-12], "max": [0.0247349347919, 0.0560838654637, 0.0701868459582, 0.0486887954175, 0.00864089559764, 0.00612322194502, 0.00813413131982, 0.00524904346094, 0.00256992341019, 0.00483535043895, 0.00255537126213, 0.00175573106389, 0.000771950930357, 0.00189386925194, 0.000794355291873, 0.000940702157095, 0.000706375401933, 0.000755025947001, 0.000628490990493, 0.000579888874199, 0.000859254563693, 0.000794006162323, 0.000758345413487, 0.000517381937243, 0.000195675311261, 0.000207721153856, 0.000448645529104, 0.000457119575003, 0.000265749258688, 0.00022479002655, 0.000110871587822, 0.000154039400513, 8.6765991e-05, 6.47139167995e-05, 0.000104704682599, 9.94996516965e-05, 0.000157035639859, 0.000117200732348, 8.50426513352e-05, 8.85797271621e-05], "mean": [0.000761900213547, 0.00149707158562, 0.0018250788562, 0.000997096998617, 0.000342354178429, 0.000177554204129, 9.87513631117e-05, 6.49660141789e-05, 5.71618475078e-05, 5.26139301655e-05, 3.0673782021e-05, 2.30710866163e-05, 2.83894296444e-05, 2.33888331422e-05, 2.29392371693e-05, 1.72175732587e-05, 1.81362902367e-05, 2.28506632993e-05, 2.54697843047e-05, 2.4898796255e-05, 2.29451161431e-05, 2.78839252132e-05, 1.67191119544e-05, 1.34824622364e-05, 1.07380437839e-05, 1.13952819447e-05, 1.3753417079e-05, 1.1394122339e-05, 9.39875917538e-06, 7.97043321654e-06, 5.22880009157e-06, 3.97266740038e-06, 3.4135396163e-06, 2.7375551781e-06, 2.15770091927e-06, 1.34886840897e-06, 1.14548890906e-06, 8.78559603734e-07, 7.1032309279e-07, 5.71769533053e-07], "median": [0.000192042294657, 0.000759075803217, 0.000648599758279, 0.000374530733097, 0.000158690148965, 7.31369727873e-05, 4.05108003179e-05, 2.09388999792e-05, 2.1033525627e-05, 1.34764295581e-05, 1.01104624264e-05, 7.53676158638e-06, 8.27304938866e-06, 8.61506123329e-06, 9.96726521407e-06, 6.17433897787e-06, 8.60291856952e-06, 1.0789695807e-05, 1.16117917059e-05, 1.2052521015e-05, 1.02647418316e-05, 1.36843491418e-05, 8.59874398884e-06, 6.56790552966e-06, 5.51474977328e-06, 4.42463488071e-06, 4.66892015538e-06, 3.61056527254e-06, 2.75966749541e-06, 2.27272857956e-06, 1.53770133693e-06, 1.12411248665e-06, 1.02163653537e-06, 8.54811617046e-07, 6.52047788208e-07, 3.97749062131e-07, 2.89276755439e-07, 1.81153410495e-07, 1.21869632608e-07, 8.15018950107e-08], "min": [5.21466088432e-24, 4.12417901199e-24, 3.58394221498e-24, 3.22404395128e-24, 2.58306527793e-24, 1.51274452097e-24, 1.49553660501e-24, 3.88644000099e-24, 4.4054311961e-24, 4.32053043561e-24, 4.00627901654e-24, 6.40423551927e-24, 3.13669555261e-24, 4.76099486634e-24, 5.31738437925e-24, 6.12790306619e-24, 3.955185679e-24, 5.13118638435e-24, 3.82652246536e-24, 4.65253398605e-24, 7.69920591545e-24, 9.61960259223e-24, 6.91451492897e-24, 5.50290750365e-24, 3.73806433661e-24, 5.85357905299e-24, 6.4108804891e-24, 6.36624516136e-24, 6.0558315506e-24, 7.08620261639e-24, 3.88875570217e-24, 6.54393726355e-24, 7.83436382092e-24, 7.29769306963e-24, 6.86098519453e-24, 8.75694611591e-24, 7.15796213749e-24, 6.41643012557e-24, 8.94840186875e-24, 7.65054503051e-24], "var": [3.63435492545e-06, 7.62160334489e-06, 2.09361423913e-05, 6.36493132333e-06, 3.108326041e-07, 1.03026685849e-07, 7.4540601247e-08, 5.38437880948e-08, 1.50515191422e-08, 4.18869134933e-08, 6.43497655162e-09, 3.36233596521e-09, 3.44493678028e-09, 2.51394349782e-09, 1.96056215707e-09, 1.37540878686e-09, 1.01792119178e-09, 1.4753916977e-09, 1.73656389268e-09, 1.59221691387e-09, 1.34945576935e-09, 1.83357273809e-09, 5.88072701646e-10, 3.98286376102e-10, 2.13505171875e-10, 3.24678339769e-10, 6.46007081162e-10, 5.23802501373e-10, 3.74134750958e-10, 2.64833821539e-10, 8.74725777922e-11, 5.37489358576e-11, 3.56778495636e-11, 2.42464763545e-11, 1.94614133836e-11, 9.84480292426e-12, 1.22876006245e-11, 1.18393506804e-11, 7.69288886066e-12, 4.51250755512e-12]}, "melbands_crest": {"dmean": 3.44350194931, "dmean2": 5.64869308472, "dvar": 9.91106700897, "dvar2": 25.3700351715, "max": 39.4211425781, "mean": 14.7164096832, "median": 14.1854782104, "min": 1.79402685165, "var": 26.86951828}, "melbands_flatness_db": {"dmean": 0.0320272259414, "dmean2": 0.0479700490832, "dvar": 0.00107412016951, "dvar2": 0.00231605954468, "max": 0.682422399521, "mean": 0.183988973498, "median": 0.175053313375, "min": 0.00463549373671, "var": 0.00562022719532}, "melbands_kurtosis": {"dmean": 13.6593351364, "dmean2": 21.7994251251, "dvar": 3937.12768555, "dvar2": 7622.61376953, "max": 6679.84619141, "mean": 22.0439033508, "median": 9.51712703705, "min": -1.81881392002, "var": 13701.9677734}, "melbands_skewness": {"dmean": 1.0470918417, "dmean2": 1.63351643085, "dvar": 1.86214375496, "dvar2": 4.27395677567, "max": 62.884853363, "mean": 3.34650444984, "median": 2.95888590813, "min": -1.62116420269, "var": 5.85364818573}, "melbands_spread": {"dmean": 10.5142726898, "dmean2": 16.0046024323, "dvar": 174.871795654, "dvar2": 369.50958252, "max": 247.724349976, "mean": 31.0733757019, "median": 24.2972164154, "min": 0.0492456331849, "var": 648.350708008}, "mfcc": {"cov": [[13558.9609375, 482.591705322, -305.67855835, 623.916320801, -150.822402954, 97.0011520386, -177.672790527, -49.5622940063, -82.8275604248, -27.4366607666, -157.108001709, -41.1056747437, -64.4286727905], [482.591705322, 1514.07458496, -185.319030762, 47.1044769287, 172.982788086, 64.1237640381, 36.7491455078, 49.5867576599, -10.9234313965, 33.5897331238, 27.8711338043, 29.6682090759, -5.8091044426], [-305.67855835, -185.319030762, 583.400146484, 6.38006258011, 126.357955933, 22.3828544617, 18.6825656891, 1.50984025002, 7.70732927322, -17.4660816193, 24.9839859009, -14.4105186462, -6.31173419952], [623.916320801, 47.1044769287, 6.38006258011, 338.381958008, 35.4790649414, 45.8033714294, -2.01742839813, 18.8367137909, 21.949098587, 28.4948558807, -19.6533966064, 8.52293682098, 21.522436142], [-150.822402954, 172.982788086, 126.357955933, 35.4790649414, 231.362609863, 50.201171875, 10.9072227478, 17.0488147736, 18.5176334381, 6.31636476517, 19.7079925537, -0.956196188927, -2.38423299789], [97.0011520386, 64.1237640381, 22.3828544617, 45.8033714294, 50.201171875, 145.034408569, 64.4519348145, 30.4812984467, 15.4679021835, 6.73528051376, 8.72331047058, 6.24327278137, -1.74734187126], [-177.672790527, 36.7491455078, 18.6825656891, -2.01742839813, 10.9072227478, 64.4519348145, 132.568389893, 47.56640625, 18.8077697754, 12.8007726669, 13.3762741089, 7.03317451477, 2.94331288338], [-49.5622940063, 49.5867576599, 1.50984025002, 18.8367137909, 17.0488147736, 30.4812984467, 47.56640625, 95.3672790527, 41.3557243347, 20.8494606018, 9.22135257721, 1.67350423336, 0.860419750214], [-82.8275604248, -10.9234313965, 7.70732927322, 21.949098587, 18.5176334381, 15.4679021835, 18.8077697754, 41.3557243347, 86.3927764893, 38.5756607056, 10.6189365387, 7.8567533493, 5.63662052155], [-27.4366607666, 33.5897331238, -17.4660816193, 28.4948558807, 6.31636476517, 6.73528051376, 12.8007726669, 20.8494606018, 38.5756607056, 78.3498687744, 27.4251403809, 16.7202968597, 7.73038864136], [-157.108001709, 27.8711338043, 24.9839859009, -19.6533966064, 19.7079925537, 8.72331047058, 13.3762741089, 9.22135257721, 10.6189365387, 27.4251403809, 65.3753433228, 27.9710025787, 5.84217357635], [-41.1056747437, 29.6682090759, -14.4105186462, 8.52293682098, -0.956196188927, 6.24327278137, 7.03317451477, 1.67350423336, 7.8567533493, 16.7202968597, 27.9710025787, 63.7391166687, 26.9167728424], [-64.4286727905, -5.8091044426, -6.31173419952, 21.522436142, -2.38423299789, -1.74734187126, 2.94331288338, 0.860419750214, 5.63662052155, 7.73038864136, 5.84217357635, 26.9167728424, 61.6839408875]], "icov": [[8.86794223334e-05, -3.38681711582e-05, 9.24054529605e-06, -0.000160115843755, 0.000105497747427, -0.000107475709228, 0.00014631486556, -2.95018367069e-06, 6.46332628094e-05, 3.16821456181e-06, 0.000115022077807, -2.30238165386e-05, 0.000133190682391], [-3.38681711582e-05, 0.000867082446348, 0.000439733004896, 2.72798315564e-05, -0.00091232493287, 1.0315226973e-05, -0.000157562128152, -0.000438654329628, 0.00063605431933, -0.000308227201458, -7.90519843576e-05, -0.000366256019333, 0.000208239536732], [9.24054529605e-06, 0.000439733004896, 0.00228337268345, -0.000156886279001, -0.00148785242345, 0.000190612641745, -0.000441348645836, 0.000152397042257, -7.73471911089e-05, 0.000836044084281, -0.0012117207516, 0.000646824133582, 4.10755783378e-05], [-0.000160115843755, 2.72798315564e-05, -0.000156886279001, 0.00387882837094, -0.000532190722879, -0.00114662013948, 0.00065947585972, -0.000511572114192, -8.1276380115e-07, -0.00187081925105, 0.00221492303535, -0.000534679740667, -0.00135342020076], [0.000105497747427, -0.00091232493287, -0.00148785242345, -0.000532190722879, 0.00653236825019, -0.00192035816144, 0.00118391786236, 4.90188031108e-05, -0.00128211791161, 0.000632290611975, -0.00139725906774, 0.00101897364948, -7.57529851398e-05], [-0.000107475709228, 1.0315226973e-05, 0.000190612641745, -0.00114662013948, -0.00192035816144, 0.010273241438, -0.0048749325797, -0.000329947157297, -0.000431302963989, 0.00104278989602, -0.00055001617875, -0.000797549262643, 0.00107113539707], [0.00014631486556, -0.000157562128152, -0.000441348645836, 0.00065947585972, 0.00118391786236, -0.0048749325797, 0.0118125043809, -0.0045970287174, 0.000651670328807, -0.000695287366398, -0.000365849526133, -0.000200433569262, -0.000579430896323], [-2.95018367069e-06, -0.000438654329628, 0.000152397042257, -0.000511572114192, 4.90188031108e-05, -0.000329947157297, -0.0045970287174, 0.0161492023617, -0.00674520526081, 0.000212930201087, -0.00102720002178, 0.00159381283447, 0.000127821884234], [6.46332628094e-05, 0.00063605431933, -7.73471911089e-05, -8.1276380115e-07, -0.00128211791161, -0.000431302963989, 0.000651670328807, -0.00674520526081, 0.018630862236, -0.0080575523898, 0.00202288897708, -0.00109322636854, -0.000286224385491], [3.16821456181e-06, -0.000308227201458, 0.000836044084281, -0.00187081925105, 0.000632290611975, 0.00104278989602, -0.000695287366398, 0.000212930201087, -0.0080575523898, 0.0205686669797, -0.00819431990385, -0.000159260263899, -0.000199064044864], [0.000115022077807, -7.90519843576e-05, -0.0012117207516, 0.00221492303535, -0.00139725906774, -0.00055001617875, -0.000365849526133, -0.00102720002178, 0.00202288897708, -0.00819431990385, 0.0247391369194, -0.0102168619633, 0.00213538086973], [-2.30238165386e-05, -0.000366256019333, 0.000646824133582, -0.000534679740667, 0.00101897364948, -0.000797549262643, -0.000200433569262, 0.00159381283447, -0.00109322636854, -0.000159260263899, -0.0102168619633, 0.0248282961547, -0.00954838469625], [0.000133190682391, 0.000208239536732, 4.10755783378e-05, -0.00135342020076, -7.57529851398e-05, 0.00107113539707, -0.000579430896323, 0.000127821884234, -0.000286224385491, -0.000199064044864, 0.00213538086973, -0.00954838469625, 0.020915562287]], "mean": [-677.235412598, 101.571769714, -2.46312999725, 41.8801765442, 12.245016098, 11.6553955078, -3.93321299553, 2.00130486488, -2.37228727341, -1.79609823227, -7.14817237854, -2.81250238419, -2.98136663437]}, "pitch_salience": {"dmean": 0.0757394954562, "dmean2": 0.123884759843, "dvar": 0.00523474672809, "dvar2": 0.0136753851548, "max": 0.846193194389, "mean": 0.58154052496, "median": 0.596631348133, "min": 0.0304743424058, "var": 0.0125453444198}, "silence_rate_20dB": {"dmean": 0, "dmean2": 0, "dvar": 0, "dvar2": 0, "max": 1, "mean": 1, "median": 1, "min": 1, "var": 0}, "silence_rate_30dB": {"dmean": 0.0134357009083, "dmean2": 0.0268742665648, "dvar": 0.0132561149076, "dvar2": 0.0342574119568, "max": 1, "mean": 0.990510702133, "median": 1, "min": 0, "var": 0.00940042268485}, "silence_rate_60dB": {"dmean": 0.0358285345137, "dmean2": 0.0716647133231, "dvar": 0.0345432907343, "dvar2": 0.0731346383691, "max": 1, "mean": 0.143298864365, "median": 0, "min": 0, "var": 0.12275378406}, "spectral_centroid": {"dmean": 346.092529297, "dmean2": 525.457214355, "dvar": 144264.796875, "dvar2": 317214.59375, "max": 11725.0976563, "mean": 1699.64709473, "median": 1615.66333008, "min": 155.599533081, "var": 804107.0625}, "spectral_complexity": {"dmean": 3.69460439682, "dmean2": 5.22512531281, "dvar": 17.1686611176, "dvar2": 30.4076137543, "max": 56, "mean": 17.0263347626, "median": 15, "min": 0, "var": 138.80027771}, "spectral_contrast_coeffs": {"dmean": [0.0610023289919, 0.0463301762938, 0.0357396863401, 0.0301736388355, 0.021552791819, 0.0219228751957], "dmean2": [0.0981408283114, 0.0766355097294, 0.0576529540122, 0.0488531365991, 0.034642342478, 0.0332220308483], "dvar": [0.00328754982911, 0.00146943074651, 0.000866935995873, 0.000588362512644, 0.000335249176715, 0.000386620406061], "dvar2": [0.00817799381912, 0.00396438315511, 0.00219248398207, 0.00143893051427, 0.000819666776806, 0.000808068085462], "max": [-0.255211979151, -0.441701948643, -0.525002419949, -0.573640286922, -0.586781561375, -0.547300338745], "mean": [-0.625781476498, -0.755674004555, -0.805976092815, -0.788134992123, -0.798161506653, -0.741613686085], "median": [-0.627711355686, -0.757886946201, -0.81221228838, -0.789000213146, -0.798942923546, -0.746591627598], "min": [-0.971934318542, -0.960924625397, -0.972741127014, -0.974467635155, -0.962903559208, -0.961394131184], "var": [0.00867828633636, 0.00457435240969, 0.00312149897218, 0.00270498730242, 0.00169088633265, 0.00326620717533]}, "spectral_contrast_valleys": {"dmean": [0.463372290134, 0.387090712786, 0.33251541853, 0.301809996367, 0.305663913488, 0.432285159826], "dmean2": [0.709671616554, 0.60471624136, 0.515785932541, 0.453391253948, 0.40576171875, 0.518578588963], "dvar": [0.179490700364, 0.121269568801, 0.0921931639314, 0.086129873991, 0.116078726947, 0.208699434996], "dvar2": [0.356332927942, 0.265234410763, 0.189561411738, 0.162194535136, 0.176645562053, 0.324154734612], "max": [-5.252846241, -5.17245006561, -5.77384567261, -5.90483760834, -5.57484674454, -7.11506509781], "mean": [-7.64195299149, -7.41518354416, -8.08121871948, -8.03339099884, -7.64761209488, -10.530954361], "median": [-7.26594114304, -7.12504720688, -7.80462598801, -7.72722434998, -7.31996631622, -10.3363313675], "min": [-27.6875514984, -27.4804019928, -27.5089740753, -27.3837165833, -27.3675765991, -27.4489002228], "var": [2.70336890221, 2.47997117043, 2.35191345215, 2.33736300468, 2.38056659698, 2.36269712448]}, "spectral_decrease": {"dmean": 3.26238480675e-09, "dmean2": 5.389706903e-09, "dvar": 5.03226244431e-17, "dvar2": 1.30968393123e-16, "max": 8.92206667149e-29, "mean": -5.00166974504e-09, "median": -3.06040859321e-09, "min": -9.03985437617e-08, "var": 4.6271424675e-17}, "spectral_energy": {"dmean": 0.0127557227388, "dmean2": 0.0209184400737, "dvar": 0.000752024410758, "dvar2": 0.00195083406288, "max": 0.350379616022, "mean": 0.0202530026436, "median": 0.0126910312101, "min": 1.02268660826e-20, "var": 0.000708487408701}, "spectral_energyband_high": {"dmean": 0.000449684797786, "dmean2": 0.000605740759056, "dvar": 7.76695401328e-07, "dvar2": 1.49812285599e-06, "max": 0.0206920169294, "mean": 0.000994166126475, "median": 0.00034509494435, "min": 7.31898857172e-21, "var": 2.66416509476e-06}, "spectral_energyband_low": {"dmean": 0.00606658915058, "dmean2": 0.00993496272713, "dvar": 0.000179257243872, "dvar2": 0.000432048895163, "max": 0.242038175464, "mean": 0.00840438809246, "median": 0.00409105047584, "min": 4.72452109353e-23, "var": 0.000208197641768}, "spectral_energyband_middle_high": {"dmean": 0.000876669946592, "dmean2": 0.00122533063404, "dvar": 1.531766884e-06, "dvar2": 2.9452473882e-06, "max": 0.0317867584527, "mean": 0.00284478929825, "median": 0.00186639488675, "min": 1.3376539432e-21, "var": 8.73960470926e-06}, "spectral_energyband_middle_low": {"dmean": 0.00894074793905, "dmean2": 0.0154856564477, "dvar": 0.000556502025574, "dvar2": 0.00150435988326, "max": 0.340440452099, "mean": 0.0101157315075, "median": 0.00496967928484, "min": 2.12131967556e-22, "var": 0.000399657496018}, "spectral_entropy": {"dmean": 0.161821171641, "dmean2": 0.238807857037, "dvar": 0.0314539931715, "dvar2": 0.0661957859993, "max": 9.81573677063, "mean": 7.71974611282, "median": 7.76562213898, "min": 5.63951683044, "var": 0.155847117305}, "spectral_flux": {"dmean": 0.0325979143381, "dmean2": 0.0509062185884, "dvar": 0.0025531926658, "dvar2": 0.00500115193427, "max": 0.531879127026, "mean": 0.0770765393972, "median": 0.0582800284028, "min": 6.65390242904e-11, "var": 0.00445994082838}, "spectral_kurtosis": {"dmean": 1.39992451668, "dmean2": 2.29540729523, "dvar": 3.4532418251, "dvar2": 8.9292345047, "max": 39.5435371399, "mean": 3.49552893639, "median": 2.88872885704, "min": -1.29267382622, "var": 7.75871038437}, "spectral_rms": {"dmean": 0.00105952157173, "dmean2": 0.00161355966702, "dvar": 2.97656310977e-06, "dvar2": 6.9593356784e-06, "max": 0.0184887479991, "mean": 0.00380715657957, "median": 0.00351873459294, "min": 3.1587070199e-12, "var": 5.26449912286e-06}, "spectral_rolloff": {"dmean": 697.625549316, "dmean2": 1137.17077637, "dvar": 1206928, "dvar2": 2583206.25, "max": 19939.7460938, "mean": 1964.89416504, "median": 1679.58984375, "min": 21.533203125, "var": 3278487.25}, "spectral_skewness": {"dmean": 0.209644749761, "dmean2": 0.321073889732, "dvar": 0.0495960451663, "dvar2": 0.108456015587, "max": 4.81146097183, "mean": 1.21703672409, "median": 1.16663312912, "min": -0.057480186224, "var": 0.244367957115}, "spectral_spread": {"dmean": 536906.0625, "dmean2": 718341.375, "dvar": 474464878592, "dvar2": 834913304576, "max": 42314576, "mean": 4549793.5, "me