{"lowlevel": {"average_loudness": 0.927619159222, "barkbands": {"dmean": [0.00274525512941, 0.00957912020385, 0.00501875765622, 0.00239404663444, 0.00439544720575, 0.0015893044183, 0.00138992350549, 0.00082949991338, 0.000789604964666, 0.000504407507833, 0.00020673594554, 0.000177063921001, 0.000220973612159, 0.000123877907754, 5.72196368012e-05, 6.41044825898e-05, 4.21119657403e-05, 4.33710556536e-05, 4.18421514041e-05, 5.35505714652e-05, 4.96306347486e-05, 2.74652011285e-05, 6.33836589259e-06, 2.61117543232e-06, 2.5291633392e-06, 5.58206147616e-06, 0.000192651568796], "dmean2": [0.00450122263283, 0.0151798566803, 0.00814956333488, 0.00398824457079, 0.00695835566148, 0.00251755770296, 0.00221366295591, 0.00134475913364, 0.00125583843328, 0.000831061799545, 0.000328272290062, 0.000274080317467, 0.000339521939168, 0.000192727835383, 9.01291059563e-05, 9.63316488196e-05, 6.29156565992e-05, 6.53663009871e-05, 6.00794373895e-05, 8.08150653029e-05, 7.46653458918e-05, 4.16290349676e-05, 9.90346961771e-06, 4.3288150664e-06, 4.17943465436e-06, 9.17275156098e-06, 0.000276052422123], "dvar": [2.62701105385e-05, 0.000202910814551, 8.05730232969e-05, 1.53154287545e-05, 5.24078132003e-05, 1.45897329276e-05, 1.44245377669e-05, 7.78056255513e-06, 3.79936295758e-06, 1.97098779608e-06, 4.61828051357e-07, 2.01538639999e-07, 3.66769484117e-07, 1.41385584129e-07, 4.46393535469e-08, 5.18722167442e-08, 2.01283896217e-08, 2.92468254059e-08, 4.31863753647e-08, 5.2526338834e-08, 2.48124756297e-08, 6.91528789787e-09, 2.03030703361e-10, 1.9102934512e-11, 1.76092803533e-11, 8.53883491692e-11, 1.02016336712e-07], "dvar2": [6.66236446705e-05, 0.000501344853546, 0.000186494231457, 3.77637115889e-05, 0.000123720747069, 3.15368197334e-05, 3.57358003384e-05, 1.85339140444e-05, 9.1012179837e-06, 4.96123857374e-06, 1.07184609988e-06, 4.46901964324e-07, 7.51357049467e-07, 3.13347726433e-07, 1.16130777883e-07, 1.13578195737e-07, 4.29042046335e-08, 6.88153818373e-08, 8.40080858211e-08, 1.16756616819e-07, 4.85223523583e-08, 1.3355563766e-08, 4.32904850856e-10, 4.78858272479e-11, 4.39954288278e-11, 2.18729256929e-10, 2.30336937079e-07], "max": [0.076819986105, 0.222346872091, 0.12962269783, 0.0711329430342, 0.0904888063669, 0.121319636703, 0.102400965989, 0.0763526111841, 0.0391071811318, 0.023203227669, 0.016746358946, 0.00889097992331, 0.0154823390767, 0.0187652949244, 0.0077206143178, 0.00551164150238, 0.00379457045346, 0.00383084430359, 0.00883228611201, 0.00770829804242, 0.00416428269818, 0.00184163171798, 0.000595228397287, 5.4282729252e-05, 5.23937305843e-05, 0.000118136100355, 0.00302506959997], "mean": [0.00407859031111, 0.0160118099302, 0.00662952754647, 0.00306718260981, 0.00614534690976, 0.0021282217931, 0.00186876766384, 0.00103362416849, 0.00106300530024, 0.000650669971947, 0.000276063423371, 0.000237834319705, 0.000330556853442, 0.000179967770237, 7.90643462096e-05, 8.99100632523e-05, 6.02375621384e-05, 6.03366024734e-05, 5.49185861018e-05, 6.63886457914e-05, 6.60045698169e-05, 3.47761051671e-05, 7.60017201173e-06, 2.64085906565e-06, 2.55749318967e-06, 6.21730805506e-06, 0.000267655064818], "median": [0.00109639868606, 0.00743263820186, 0.00305846054107, 0.00157786160707, 0.00295776850544, 0.00057482678676, 0.000744525459595, 0.000284443260171, 0.000308753893478, 0.000179030495929, 8.02122813184e-05, 8.34921520436e-05, 9.001448052e-05, 6.1401304265e-05, 2.80087733699e-05, 2.65338476311e-05, 1.80611568794e-05, 1.54724584718e-05, 1.1352058209e-05, 1.48085946421e-05, 1.55091402121e-05, 8.13287533674e-06, 2.87038869828e-06, 9.84798589343e-07, 9.33627973154e-07, 2.77687672678e-06, 0.000102227917523], "min": [5.99889521894e-26, 2.28808040597e-24, 1.12797919217e-24, 3.74740114638e-25, 7.06549422876e-24, 7.19782485675e-24, 5.76312983931e-24, 1.08785370334e-23, 1.34331526344e-23, 6.52379488363e-24, 7.00294071442e-24, 2.63850149197e-23, 2.48247868887e-23, 2.46947557903e-23, 3.0721840855e-23, 5.75752529813e-23, 7.72884073753e-23, 1.00393745703e-22, 1.29141982791e-22, 1.62398301206e-22, 2.85054345365e-22, 3.35482095716e-22, 4.43690259681e-22, 4.99141350058e-22, 7.7367024622e-22, 1.31078773891e-21, 1.69153214901e-21], "var": [5.30382203578e-05, 0.000496231135912, 0.000124548911117, 2.17211400013e-05, 8.24575035949e-05, 2.54425049206e-05, 1.89021138794e-05, 9.90979970084e-06, 5.53027985006e-06, 2.55185500464e-06, 6.67403469379e-07, 2.78315127389e-07, 6.6598209969e-07, 2.63713531012e-07, 6.24226714763e-08, 8.51563370929e-08, 3.57703058285e-08, 4.67296317197e-08, 7.44048662682e-08, 7.93340859673e-08, 5.15801517054e-08, 1.42950105086e-08, 3.5006419985e-10, 2.11380704607e-11, 1.96559175186e-11, 9.03557922927e-11, 1.51340515231e-07]}, "barkbands_crest": {"dmean": 3.11489725113, "dmean2": 5.14632940292, "dvar": 6.46016168594, "dvar2": 17.1707324982, "max": 25.4334373474, "mean": 11.7086305618, "median": 11.0249624252, "min": 3.15234136581, "var": 16.5930461884}, "barkbands_flatness_db": {"dmean": 0.0356004945934, "dmean2": 0.055455699563, "dvar": 0.000879080500454, "dvar2": 0.00199853768572, "max": 0.423476397991, "mean": 0.195617288351, "median": 0.190778046846, "min": 0.0521411299706, "var": 0.00337095209397}, "barkbands_kurtosis": {"dmean": 12.5529851913, "dmean2": 19.9349689484, "dvar": 308.90536499, "dvar2": 759.802856445, "max": 298.077850342, "mean": 24.6967048645, "median": 16.5788841248, "min": -1.91924989223, "var": 803.54486084}, "barkbands_skewness": {"dmean": 0.989724636078, "dmean2": 1.54482901096, "dvar": 0.807689666748, "dvar2": 1.9373960495, "max": 13.8304920197, "mean": 3.52109217644, "median": 3.36385321617, "min": -6.75102758408, "var": 3.74382328987}, "barkbands_spread": {"dmean": 5.59351444244, "dmean2": 8.78869628906, "dvar": 57.0243873596, "dvar2": 129.336044312, "max": 139.057235718, "mean": 12.5475730896, "median": 9.22472763062, "min": 0.638267993927, "var": 137.58972168}, "dissonance": {"dmean": 0.0269077643752, "dmean2": 0.0446705780923, "dvar": 0.000673185102642, "dvar2": 0.0018552999245, "max": 0.500000059605, "mean": 0.452659279108, "median": 0.460566997528, "min": 0.230639070272, "var": 0.00125698174816}, "dynamic_complexity": 4.05124092102, "erbbands": {"dmean": [0.4181214571, 1.78761219978, 5.19292545319, 6.59633159637, 13.3448429108, 14.9074077606, 11.9236946106, 13.9369258881, 19.9287071228, 20.8568592072, 16.3853054047, 17.7156124115, 21.2928619385, 9.11918544769, 7.74594449997, 7.87653303146, 9.98187828064, 7.3367099762, 3.33790373802, 3.22284293175, 3.16760396957, 2.37406921387, 2.32216286659, 1.98617732525, 2.63186645508, 2.33406448364, 2.22102332115, 1.86704516411, 1.0778990984, 0.431881248951, 0.148890510201, 0.0629483163357, 0.0409533977509, 0.0281816497445, 0.0180782098323, 0.0105756176636, 0.0101530123502, 0.0117423776537, 0.012304441072, 0.006049153395], "dmean2": [0.63739168644, 2.96521711349, 8.41122817993, 10.7364673615, 21.9354305267, 23.4064693451, 18.9921798706, 22.0356616974, 31.5301856995, 33.6347160339, 26.3007678986, 28.2646980286, 35.2169952393, 14.3265571594, 12.0450325012, 12.0613040924, 15.2653045654, 11.2353992462, 5.17036962509, 4.88799571991, 4.65174818039, 3.50139188766, 3.42017316818, 2.8717508316, 3.88452672958, 3.47242093086, 3.33306789398, 2.80791068077, 1.62031066418, 0.661510109901, 0.233798608184, 0.103123895824, 0.0680426135659, 0.0466901063919, 0.0297896265984, 0.0173195172101, 0.016704082489, 0.0175735503435, 0.0179493520409, 0.00837004277855], "dvar": [0.50071144104, 6.51604270935, 77.7547149658, 106.870742798, 441.705749512, 982.610595703, 835.060546875, 1215.55932617, 3869.01879883, 3397.33935547, 3160.41455078, 2033.45422363, 3587.44311523, 653.864746094, 708.186767578, 418.655273438, 743.760009766, 517.175415039, 132.837539673, 125.834899902, 119.529708862, 68.8915557861, 85.3748703003, 74.3145141602, 193.950134277, 92.1962051392, 52.6791992188, 38.709312439, 10.7386035919, 1.32668352127, 0.0844223052263, 0.0105993496254, 0.00480545358732, 0.00223102909513, 0.000882403808646, 0.000283693691017, 0.000280554872006, 0.000588266295381, 0.000525490788277, 7.56566005293e-05], "dvar2": [1.11177420616, 17.7880725861, 179.903579712, 253.68661499, 1091.70471191, 2337.04907227, 1951.69189453, 2618.59375, 9334.8515625, 7587.77880859, 7769.16210938, 4906.10498047, 9342.18359375, 1520.58300781, 1632.75097656, 916.032714844, 1540.50695801, 1145.85107422, 365.204589844, 303.613006592, 248.069107056, 147.863555908, 203.409927368, 137.754104614, 437.541717529, 190.586883545, 110.373985291, 73.4925231934, 20.3532276154, 2.71460795403, 0.176712051034, 0.0260705687106, 0.0120473336428, 0.00558426510543, 0.00220047985204, 0.000701110984664, 0.000724320882, 0.00121658178978, 0.00122124620248, 0.000158692040714], "max": [10.3769330978, 33.4547271729, 133.495025635, 158.265899658, 405.352752686, 529.977600098, 622.418762207, 1145.859375, 1797.84118652, 2029.37072754, 1882.21447754, 1094.19677734, 1072.4876709, 785.777893066, 804.354980469, 439.386383057, 594.758422852, 1029.80810547, 512.222717285, 411.122619629, 256.00692749, 220.276092529, 241.249252319, 341.409576416, 522.095031738, 295.168487549, 215.523895264, 185.553512573, 74.6691970825, 32.4379920959, 7.77039432526, 1.57608115673, 0.870540618896, 0.591797411442, 0.369553685188, 0.205167964101, 0.312618821859, 0.561816096306, 0.343188345432, 0.0826883465052], "mean": [0.711957097054, 2.6116797924, 7.19078445435, 9.68976593018, 18.1413402557, 18.7161636353, 14.7411718369, 18.7584533691, 25.9049053192, 27.6719284058, 22.1990375519, 24.8419265747, 26.798582077, 13.1545648575, 10.9930200577, 10.974023819, 15.1730766296, 11.3872451782, 5.24612998962, 4.65883302689, 4.57955503464, 3.47997355461, 3.31764960289, 2.74009084702, 3.28019881248, 2.93424057961, 2.86815309525, 2.43024539948, 1.37828075886, 0.524261474609, 0.180624738336, 0.0696239247918, 0.040714327246, 0.0282212719321, 0.0185191296041, 0.0113348150626, 0.0113829271868, 0.0153570668772, 0.0163224972785, 0.0117632737383], "median": [0.213402345777, 1.44348216057, 3.51753973961, 5.60833215714, 9.31845283508, 7.27173423767, 3.83327746391, 5.09379720688, 7.44223165512, 12.3645267487, 6.47872257233, 7.5027885437, 6.296667099, 4.95921945572, 3.60707736015, 3.75785756111, 4.30532312393, 3.8119430542, 2.12304449081, 1.56272017956, 1.40199005604, 1.03958117962, 0.89328712225, 0.606192529202, 0.714529752731, 0.655370295048, 0.663700699806, 0.547443091869, 0.318597376347, 0.155542731285, 0.0711993947625, 0.0291316658258, 0.0144665082917, 0.0101888971403, 0.00694377766922, 0.00465519214049, 0.00512736244127, 0.00529624521732, 0.00541952438653, 0.0078513585031], "min": [3.11715704571e-23, 4.33798120634e-22, 3.16122843257e-21, 9.14319404883e-21, 1.09590348236e-20, 2.0537778239e-20, 5.50217472886e-20, 8.29313833805e-20, 8.67827750866e-20, 2.39072800465e-19, 3.26331850639e-19, 3.72589315607e-19, 3.27116715793e-19, 6.7291876954e-19, 6.05714377275e-19, 1.49755931723e-18, 1.37422430975e-18, 1.32777108732e-18, 1.90124506625e-18, 2.9336948905e-18, 3.4031424288e-18, 4.43808123952e-18, 5.84490701196e-18, 5.36395980199e-18, 7.6088622236e-18, 7.01151953451e-18, 9.93321162073e-18, 1.05310456551e-17, 1.06067988556e-17, 1.20123979192e-17, 1.28274181496e-17, 1.12419834034e-17, 8.43602546536e-18, 7.77180687811e-18, 5.38266525077e-18, 3.91325333883e-18, 2.1792147684e-18, 9.10332323244e-19, 2.36249762282e-19, 2.24594189683e-20], "var": [1.43485498428, 11.1975736618, 126.953361511, 178.767303467, 670.032470703, 1314.89245605, 1118.14990234, 2183.16308594, 5164.7578125, 4514.08496094, 4182.58935547, 2932.96191406, 4520.01171875, 934.567810059, 1046.70166016, 589.061340332, 1336.19152832, 898.302734375, 177.746810913, 206.371627808, 207.467163086, 122.630210876, 138.046844482, 142.027770996, 266.439727783, 151.91204834, 98.1741256714, 80.2085342407, 22.6662788391, 2.5355117321, 0.148274213076, 0.0130022205412, 0.00524556962773, 0.00246189814061, 0.000997195253149, 0.00033356694621, 0.000292762357276, 0.00112691044342, 0.000804057868663, 0.000144917445141]}, "erbbands_crest": {"dmean": 3.03622817993, "dmean2": 4.93723344803, "dvar": 7.28968429565, "dvar2": 18.5130233765, "max": 28.7350311279, "mean": 9.16728973389, "median": 8.23153305054, "min": 2.40712094307, "var": 16.9275817871}, "erbbands_flatness_db": {"dmean": 0.0264527518302, "dmean2": 0.0408169105649, "dvar": 0.000514670973644, "dvar2": 0.00120116129983, "max": 0.328846931458, "mean": 0.147494763136, "median": 0.140949457884, "min": 0.0377285368741, "var": 0.00172429520171}, "erbbands_kurtosis": {"dmean": 1.44556570053, "dmean2": 2.27812385559, "dvar": 3.77928709984, "dvar2": 8.67870330811, "max": 69.1144790649, "mean": 1.73093616962, "median": 0.958767175674, "min": -1.62603271008, "var": 11.3411359787}, "erbbands_skewness": {"dmean": 0.407011926174, "dmean2": 0.621036946774, "dvar": 0.129369840026, "dvar2": 0.290485590696, "max": 4.06999158859, "mean": 0.710399568081, "median": 0.797822892666, "min": -6.52026844025, "var": 0.641656458378}, "erbbands_spread": {"dmean": 8.17579364777, "dmean2": 12.8720741272, "dvar": 62.553150177, "dvar2": 148.730987549, "max": 91.6611175537, "mean": 29.8894996643, "median": 28.5136165619, "min": 2.02680563927, "var": 184.01133728}, "gfcc": {"cov": [[27369.3085938, 2452.85205078, -1585.69799805, -140.654083252, -452.483642578, -614.863647461, 266.843963623, -712.86315918, 5.73662376404, -176.047546387, -165.652481079, -14.8059606552, -200.001953125], [2452.85205078, 959.76574707, -38.8354911804, -212.31187439, -11.1146430969, -56.268119812, 78.2556533813, -102.961196899, 18.3427276611, -28.5217208862, 53.1570587158, -42.5438957214, -2.86942601204], [-1585.69799805, -38.8354911804, 452.540740967, -30.5710716248, -40.9118690491, 142.397674561, -77.1189498901, 142.490936279, 6.4586558342, 48.2359275818, 47.6565246582, -32.9020614624, 35.3951873779], [-140.654083252, -212.31187439, -30.5710716248, 230.369445801, 87.0021743774, -30.7034378052, 32.6199607849, -7.27367830276, 34.8582000732, 4.61870574951, -31.5486850739, 16.9754447937, -16.4681758881], [-452.483642578, -11.1146430969, -40.9118690491, 87.0021743774, 189.114730835, 21.9568901062, 79.7287445068, -24.4870262146, 24.9778957367, -9.04304790497, 5.19484519958, 9.08025360107, 10.136800766], [-614.863647461, -56.268119812, 142.397674561, -30.7034378052, 21.9568901062, 250.733154297, -59.6729316711, 128.520797729, -66.8502426147, 9.09537315369, 37.0746612549, -10.5065050125, 35.2504653931], [266.843963623, 78.2556533813, -77.1189498901, 32.6199607849, 79.7287445068, -59.6729316711, 222.624099731, -72.4987869263, 73.7924041748, -15.1808395386, -25.9211807251, 22.3271713257, -5.1101231575], [-712.86315918, -102.961196899, 142.490936279, -7.27367830276, -24.4870262146, 128.520797729, -72.4987869263, 207.19392395, 11.5636501312, 30.5322685242, 28.2491283417, -21.2657299042, 34.3731536865], [5.73662376404, 18.3427276611, 6.4586558342, 34.8582000732, 24.9778957367, -66.8502426147, 73.7924041748, 11.5636501312, 127.368751526, 38.4943161011, 2.35306096077, 3.26459908485, -6.73300504684], [-176.047546387, -28.5217208862, 48.2359275818, 4.61870574951, -9.04304790497, 9.09537315369, -15.1808395386, 30.5322685242, 38.4943161011, 70.8671340942, 37.0854492188, 0.959442317486, 0.965665698051], [-165.652481079, 53.1570587158, 47.6565246582, -31.5486850739, 5.19484519958, 37.0746612549, -25.9211807251, 28.2491283417, 2.35306096077, 37.0854492188, 72.3178787231, 17.8330917358, 13.1641597748], [-14.8059606552, -42.5438957214, -32.9020614624, 16.9754447937, 9.08025360107, -10.5065050125, 22.3271713257, -21.2657299042, 3.26459908485, 0.959442317486, 17.8330917358, 59.2337608337, 14.490603447], [-200.001953125, -2.86942601204, 35.3951873779, -16.4681758881, 10.136800766, 35.2504653931, -5.1101231575, 34.3731536865, -6.73300504684, 0.965665698051, 13.1641597748, 14.490603447, 57.8050346375]], "icov": [[8.34313905216e-05, -0.000276621838566, 0.000319042155752, -0.000327004265273, 0.000440160336439, -0.000196689972654, 1.37077313411e-05, 0.000110485423647, -7.78779576649e-05, -8.90859591891e-05, 0.000132072018459, 9.65718572843e-06, -7.5391268183e-05], [-0.000276621838566, 0.00287042441778, -0.000879123050254, 0.00224554073066, -0.00109460949898, 0.000581744185183, -0.000714299909305, 0.0010323356837, -0.00100307096727, 0.00278797955252, -0.00414894940332, 0.00314921489917, -0.000484386750031], [0.000319042155752, -0.000879123050254, 0.00472015608102, -0.00180429092143, 0.00305616226979, -0.00253856414929, 0.000237576910877, 0.000357096258085, -0.00182573182974, -0.000198356647161, -0.00165011116769, 0.00281215948053, -0.00206177541986], [-0.000327004265273, 0.00224554073066, -0.00180429092143, 0.00989892054349, -0.00670982245356, 0.0023313453421, 0.000853532401379, -0.00176917994395, 0.000141022566822, -0.00212928513065, 0.00481850188226, -0.00417347159237, 0.00378828006797], [0.000440160336439, -0.00109460949898, 0.00305616226979, -0.00670982245356, 0.0131656927988, -0.00487212091684, -0.00271826749668, 0.00415515853092, -0.00381987076253, 0.00470293173566, -0.00707304105163, 0.00601213984191, -0.00478296680376], [-0.000196689972654, 0.000581744185183, -0.00253856414929, 0.0023313453421, -0.00487212091684, 0.0113433729857, -0.00173134822398, -0.00719418702647, 0.00892983749509, -0.00279854563996, -0.00014116037346, -0.00156405358575, 0.00113994104322], [1.37077313411e-05, -0.000714299909305, 0.000237576910877, 0.000853532401379, -0.00271826749668, -0.00173134822398, 0.00927569251508, 0.00263907131739, -0.00654315995052, 0.00144257547799, 0.00462626339868, -0.00413923477754, 9.06848072191e-05], [0.000110485423647, 0.0010323356837, 0.000357096258085, -0.00176917994395, 0.00415515853092, -0.00719418702647, 0.00263907131739, 0.0135584073141, -0.00862886942923, 0.00390268536285, -0.00474667130038, 0.00677989283577, -0.00614862795919], [-7.78779576649e-05, -0.00100307096727, -0.00182573182974, 0.000141022566822, -0.00381987076253, 0.00892983749509, -0.00654315995052, -0.00862886942923, 0.0222747270018, -0.0133798737079, 0.00497566023842, -0.00354569009505, 0.00318953371607], [-8.90859591891e-05, 0.00278797955252, -0.000198356647161, -0.00212928513065, 0.00470293173566, -0.00279854563996, 0.00144257547799, 0.00390268536285, -0.0133798737079, 0.0333558320999, -0.0216318666935, 0.00918674934655, -0.00145859399345], [0.000132072018459, -0.00414894940332, -0.00165011116769, 0.00481850188226, -0.00707304105163, -0.00014116037346, 0.00462626339868, -0.00474667130038, 0.00497566023842, -0.0216318666935, 0.0396867096424, -0.0205435752869, 0.00424491101876], [9.65718572843e-06, 0.00314921489917, 0.00281215948053, -0.00417347159237, 0.00601213984191, -0.00156405358575, -0.00413923477754, 0.00677989283577, -0.00354569009505, 0.00918674934655, -0.0205435752869, 0.0337620042264, -0.0115706948563], [-7.5391268183e-05, -0.000484386750031, -0.00206177541986, 0.00378828006797, -0.00478296680376, 0.00113994104322, 9.06848072191e-05, -0.00614862795919, 0.00318953371607, -0.00145859399345, 0.00424491101876, -0.0115706948563, 0.0254938974977]], "mean": [-58.9935684204, 118.999153137, -59.6843147278, 3.62738180161, -19.4599056244, -14.4684028625, 4.15720701218, -17.0204658508, -2.49419212341, -3.37460684776, -9.25173568726, -8.91179084778, -6.68008518219]}, "hfc": {"dmean": 85.7923812866, "dmean2": 124.140777588, "dvar": 13985.5390625, "dvar2": 32039.4804688, "max": 2245.90283203, "mean": 213.820098877, "median": 159.470016479, "min": 1.08149530665e-16, "var": 42593.7304688}, "melbands": {"dmean": [0.00308015150949, 0.00244542886503, 0.00125584576745, 0.00103616435081, 0.000461386458483, 0.000317478872603, 0.000291823962471, 0.000216937289224, 0.000128399566165, 0.000115054514026, 0.000106265390059, 3.81199206458e-05, 2.80957337964e-05, 1.95674929273e-05, 2.15794170799e-05, 2.18961849896e-05, 1.35223608595e-05, 5.99444365434e-06, 4.39468794866e-06, 4.87919669467e-06, 3.55679003405e-06, 2.62812500296e-06, 2.25183589464e-06, 2.10735333894e-06, 1.60380159286e-06, 1.73455941876e-06, 2.2180254291e-06, 1.45500075632e-06, 1.55658153744e-06, 1.05254366645e-06, 1.15913633181e-06, 6.62661818751e-07, 4.30308574551e-07, 1.83032796031e-07, 9.52939203103e-08, 5.10618782812e-08, 3.41703945139e-08, 2.90543820114e-08, 2.57608157028e-08, 2.30732695172e-08], "dmean2": [0.00479174265638, 0.00398141797632, 0.00203204294667, 0.00164356583264, 0.000729002174921, 0.000500809692312, 0.000460792856757, 0.000349352834746, 0.000205829026527, 0.000183876341907, 0.00017652499082, 6.05508939771e-05, 4.42775308329e-05, 3.02252574329e-05, 3.31115916197e-05, 3.34225551342e-05, 2.11374535866e-05, 9.47126682149e-06, 6.88648924552e-06, 7.48429692976e-06, 5.31502837475e-06, 3.98872771257e-06, 3.39480379807e-06, 3.21835295836e-06, 2.34240155805e-06, 2.57426722783e-06, 3.45170496985e-06, 2.15954810301e-06, 2.3819220587e-06, 1.59544856615e-06, 1.78095297088e-06, 1.01094087768e-06, 6.56200370486e-07, 2.85952751256e-07, 1.50715891323e-07, 8.22142993684e-08, 5.66316771256e-08, 4.83033240073e-08, 4.2764060737e-08, 3.82041775993e-08], "dvar": [2.40640929405e-05, 1.34558013087e-05, 3.29490649165e-06, 3.01620661958e-06, 1.08614960936e-06, 6.23370965513e-07, 7.3761736985e-07, 3.80861166605e-07, 1.67980729771e-07, 8.42069596274e-08, 8.83463968648e-08, 1.23511645356e-08, 9.17696052483e-09, 2.59393084789e-09, 2.61255528322e-09, 3.85609322251e-09, 1.98102756421e-09, 4.10604911183e-10, 2.63219418484e-10, 3.28272825589e-10, 1.43112535711e-10, 8.24524129528e-11, 7.21357973354e-11, 7.345341696e-11, 5.21592630198e-11, 8.25683132977e-11, 1.45181006106e-10, 3.27192543892e-11, 2.94489120589e-11, 1.023518683e-11, 1.60186898468e-11, 4.35724980402e-12, 1.92598346126e-12, 2.52899670606e-13, 3.97965182672e-14, 8.00755471588e-15, 3.27795524895e-15, 2.43300600275e-15, 1.89063556003e-15, 1.48848009266e-15], "dvar2": [5.66597918805e-05, 3.22084633808e-05, 8.03304646979e-06, 7.26482539903e-06, 2.48942296821e-06, 1.32385378038e-06, 1.78334016709e-06, 8.50005164921e-07, 4.10811480833e-07, 2.05769140393e-07, 2.29843436728e-07, 2.87400894194e-08, 2.13542374894e-08, 5.84622528166e-09, 5.81436498948e-09, 7.99770383253e-09, 4.44036984959e-09, 1.11800391167e-09, 6.5127009341e-10, 7.93563603718e-10, 3.03843533667e-10, 1.8418998271e-10, 1.6886093912e-10, 1.7723726653e-10, 9.875063961e-11, 1.76684625264e-10, 3.5948208299e-10, 6.57619236843e-11, 6.42428749087e-11, 2.06338401226e-11, 3.143823743e-11, 8.76705999464e-12, 4.08336602378e-12, 5.80691148378e-13, 8.8024727752e-14, 1.90372128733e-14, 8.19277371639e-15, 6.10269027288e-15, 4.73858987463e-15, 3.72407479678e-15], "max": [0.073850877583, 0.0507048740983, 0.0243374127895, 0.0247467439622, 0.0180871356279, 0.0266877859831, 0.0242136176676, 0.0195325054228, 0.0130517920479, 0.00661214953288, 0.00519768986851, 0.00350287673064, 0.00249352981336, 0.00114310474601, 0.000939642370213, 0.00190389761701, 0.00224512675777, 0.000834307691548, 0.000454614899354, 0.000542788300663, 0.000261580600636, 0.000231805781368, 0.000223385883146, 0.000174426240847, 0.00030585861532, 0.000360549718607, 0.000485711614601, 0.000173105057911, 0.000166704630828, 8.31075085443e-05, 0.000116209055705, 4.72764659207e-05, 3.97106887249e-05, 2.13421953958e-05, 5.27251359017e-06, 1.86650061096e-06, 7.05347133589e-07, 6.19118566192e-07, 5.45973819044e-07, 4.82867449136e-07], "mean": [0.0053599178791, 0.00369751942344, 0.00194161909167, 0.0014214660041, 0.000571889162529, 0.000430943066021, 0.000390606903238, 0.000283497676719, 0.000171781008248, 0.000156614405569, 0.000130006752443, 5.19535242347e-05, 3.7949772377e-05, 2.68799121841e-05, 3.06113397528e-05, 3.24093452946e-05, 1.99372680072e-05, 8.76015019458e-06, 5.94941275267e-06, 6.58362932882e-06, 4.96616485179e-06, 3.63405547432e-06, 3.12040265271e-06, 2.82887526737e-06, 2.11362839764e-06, 2.13803104998e-06, 2.53742291534e-06, 1.78279742613e-06, 1.95989241547e-06, 1.34122740292e-06, 1.46411355217e-06, 8.25719951081e-07, 5.03713124544e-07, 2.13579852471e-07, 1.11598460251e-07, 5.95552585025e-08, 3.46197843726e-08, 2.84773147285e-08, 2.54853045334e-08, 2.31212897717e-08], "median": [0.0021706437692, 0.0020867921412, 0.00119827035815, 0.000697527080774, 0.0001481379295, 0.000117280855193, 0.000127675899421, 0.000120975957543, 4.65501143481e-05, 4.6216071496e-05, 2.92889071716e-05, 1.87754103536e-05, 1.14855392894e-05, 9.72480938799e-06, 9.13875737751e-06, 8.77300863067e-06, 6.54932455291e-06, 3.37155665875e-06, 2.01816419576e-06, 1.88638966847e-06, 1.50599930748e-06, 1.07429161744e-06, 8.09676635072e-07, 7.1263417567e-07, 4.29714702932e-07, 4.31964252812e-07, 5.6688463701e-07, 3.80182541448e-07, 4.22151259727e-07, 3.32463514496e-07, 3.05057312744e-07, 1.83885234151e-07, 1.2616544609e-07, 6.78460452264e-08, 4.26272457332e-08, 2.54532768196e-08, 1.28758887996e-08, 9.70980895687e-09, 8.95201246465e-09, 8.32535640427e-09], "min": [3.95779848493e-25, 1.70771741015e-24, 1.54883096308e-24, 1.56992204685e-24, 2.30433310999e-24, 1.67052281569e-24, 1.21997970081e-24, 2.50274760208e-24, 3.14105815063e-24, 1.72841238714e-24, 1.17286991363e-24, 2.10748174577e-24, 1.23053712491e-24, 2.51173351665e-24, 2.51803690972e-24, 2.44178975614e-24, 1.91508251529e-24, 1.97565559433e-24, 2.74439936318e-24, 4.07263760146e-24, 3.24781509137e-24, 3.50871367804e-24, 3.24400804864e-24, 4.38340541077e-24, 3.74476294899e-24, 4.23432292702e-24, 5.32921453181e-24, 3.38793473472e-24, 5.68398460798e-24, 6.65790794284e-24, 4.86435497202e-24, 5.71369981499e-24, 5.5302569168e-24, 5.95612544864e-24, 6.07062703131e-24, 5.34167380095e-24, 6.12066487296e-24, 5.43076972374e-24, 6.72921544664e-24, 6.28694767988e-24], "var": [6.51648151688e-05, 2.3668164431e-05, 5.59557201996e-06, 4.54993869425e-06, 1.53702978878e-06, 1.12708914912e-06, 1.01864350199e-06, 5.03023727561e-07, 2.29701356602e-07, 1.18663606941e-07, 1.10763096473e-07, 1.64942992598e-08, 1.32088082694e-08, 3.70955399731e-09, 4.39600933433e-09, 6.69961552902e-09, 3.30075500266e-09, 5.45450351552e-10, 3.75470432523e-10, 4.86259810195e-10, 2.35750668987e-10, 1.34053421141e-10, 1.16890414015e-10, 1.10526657271e-10, 9.47602898926e-11, 1.23593038581e-10, 1.59037089054e-10, 5.59464800876e-11, 5.11529950342e-11, 1.93308372781e-11, 3.17967596697e-11, 8.58835398632e-12, 3.21191640992e-12, 4.09290548502e-13, 6.20712791062e-14, 1.09934381815e-14, 3.64179020463e-15, 2.64258080038e-15, 2.06730588052e-15, 1.64654268749e-15]}, "melbands_crest": {"dmean": 4.1167883873, "dmean2": 6.71759796143, "dvar": 12.4680938721, "dvar2": 30.099943161, "max": 37.0131874084, "mean": 17.5930480957, "median": 16.3791847229, "min": 1.6246997118, "var": 44.7600669861}, "melbands_flatness_db": {"dmean": 0.04305485636, "dmean2": 0.0669668093324, "dvar": 0.00126206001732, "dvar2": 0.00291985622607, "max": 0.592468798161, "mean": 0.323505878448, "median": 0.322344958782, "min": 0.0037795228418, "var": 0.00606430601329}, "melbands_kurtosis": {"dmean": 12.9346761703, "dmean2": 20.7787723541, "dvar": 275.293487549, "dvar2": 673.982788086, "max": 453.99621582, "mean": 24.1586666107, "median": 17.3591556549, "min": -1.93868100643, "var": 673.864685059}, "melbands_skewness": {"dmean": 0.99995392561, "dmean2": 1.5725902319, "dvar": 0.775597989559, "dvar2": 1.87911891937, "max": 15.2375240326, "mean": 3.44538736343, "median": 3.26877880096, "min": -3.2232401371, "var": 3.09890627861}, "melbands_spread": {"dmean": 3.5772755146, "dmean2": 5.60661315918, "dvar": 48.8431472778, "dvar2": 113.24773407, "max": 340.260467529, "mean": 9.92764282227, "median": 5.85107421875, "min": 0.438276529312, "var": 441.662353516}, "mfcc": {"cov": [[10262.2978516, 1775.58178711, -715.581787109, 549.204772949, -525.256164551, 245.358840942, -163.675460815, -45.6082839966, -106.998336792, -127.571159363, -9.83225536346, -55.8057518005, -99.1709594727], [1775.58178711, 1433.01855469, 84.6647415161, -15.3321828842, -80.7983474731, 52.5553779602, 52.4863128662, -34.8229064941, -9.55873298645, -14.5337619781, 65.6901931763, 38.7500762939, -28.5467376709], [-715.581787109, 84.6647415161, 476.011474609, -164.833114624, 114.828742981, -89.8582305908, 44.9220733643, -13.1035423279, 15.7550344467, 50.7787399292, 25.1079292297, 32.6665802002, 14.9514923096], [549.204772949, -15.3321828842, -164.833114624, 336.836547852, -71.5938110352, 91.0169219971, -77.9390106201, 7.42110157013, 32.1517410278, 13.0211143494, -1.02807223797, -16.3428459167, 36.4915390015], [-525.256164551, -80.7983474731, 114.828742981, -71.5938110352, 222.445358276, -29.8705768585, 65.2877349854, 11.413441658, 9.74261379242, 12.8505601883, 5.81396436691, 29.6818943024, 8.87669181824], [245.358840942, 52.5553779602, -89.8582305908, 91.0169219971, -29.8705768585, 153.766876221, 35.5173377991, 21.3813018799, 6.02249622345, -14.627202034, -9.63480949402, -7.55985403061, 14.9773979187], [-163.675460815, 52.4863128662, 44.9220733643, -77.9390106201, 65.2877349854, 35.5173377991, 127.848716736, 41.1586494446, 10.7647275925, -8.84317684174, -6.22523498535, 11.2631111145, -5.59659004211], [-45.6082839966, -34.8229064941, -13.1035423279, 7.42110157013, 11.413441658, 21.3813018799, 41.1586494446, 86.4528961182, 40.0803451538, 10.3103284836, -4.19365262985, -4.84500217438, 3.15042471886], [-106.998336792, -9.55873298645, 15.7550344467, 32.1517410278, 9.74261379242, 6.02249622345, 10.7647275925, 40.0803451538, 92.0239181519, 44.6905860901, 5.34508705139, 2.98094964027, 14.6765527725], [-127.571159363, -14.5337619781, 50.7787399292, 13.0211143494, 12.8505601883, -14.627202034, -8.84317684174, 10.3103284836, 44.6905860901, 75.6943359375, 31.1641082764, 10.2858495712, 15.2381591797], [-9.83225536346, 65.6901931763, 25.1079292297, -1.02807223797, 5.81396436691, -9.63480949402, -6.22523498535, -4.19365262985, 5.34508705139, 31.1641082764, 60.2592353821, 31.2579193115, 7.51671504974], [-55.8057518005, 38.7500762939, 32.6665802002, -16.3428459167, 29.6818943024, -7.55985403061, 11.2631111145, -4.84500217438, 2.98094964027, 10.2858495712, 31.2579193115, 56.6950531006, 24.7269573212], [-99.1709594727, -28.5467376709, 14.9514923096, 36.4915390015, 8.87669181824, 14.9773979187, -5.59659004211, 3.15042471886, 14.6765527725, 15.2381591797, 7.51671504974, 24.7269573212, 57.2682037354]], "icov": [[0.000171342093381, -0.000226125615882, 0.000172718268004, -0.000210150901694, 0.000151721193106, 8.4958574007e-06, 0.000109312313725, -0.000145006983075, 0.000264582922682, -0.000144947349327, 0.000330782495439, -0.000250698038144, 0.000301320687868], [-0.000226125615882, 0.00118570192717, -0.000565214431845, 8.38627966004e-05, 0.000400332297431, -0.000292315351544, -0.00084265647456, 0.00083878665464, -0.00078244676115, 0.000939256511629, -0.00162125076167, -9.55915311351e-05, 0.000384166953154], [0.000172718268004, -0.000565214431845, 0.00355429132469, 0.00102675054222, -0.000903031032067, 0.00120484933723, -0.000478295318317, 0.000601164239924, 0.000303558335872, -0.00232573063113, 0.000677491538227, 0.000262607209152, -0.00148106121924], [-0.000210150901694, 8.38627966004e-05, 0.00102675054222, 0.00631311861798, -0.000749143538997, -0.00350879784673, 0.00449507543817, -0.000477162247989, -0.00206964509562, -8.21757785161e-05, -0.000916925841011, 0.00203092675656, -0.0033178916201], [0.000151721193106, 0.000400332297431, -0.000903031032067, -0.000749143538997, 0.00695916544646, 0.00150698283687, -0.0039810067974, 0.000573989120312, 0.000270211021416, -0.000636533077341, 0.00100952736102, -0.00314216641709, 0.000606302754022], [8.4958574007e-06, -0.000292315351544, 0.00120484933723, -0.00350879784673, 0.00150698283687, 0.0117376483977, -0.00695612467825, 0.000347489462001, 0.000709771818947, 0.00116844056174, -0.000660743331537, 0.00239884434268, -0.00365382735617], [0.000109312313725, -0.00084265647456, -0.000478295318317, 0.00449507543817, -0.0039810067974, -0.00695612467825, 0.0182346496731, -0.00720403715968, -0.000587180489674, 0.00108278437983, 0.0030193165876, -0.00386997056194, 0.00278148031794], [-0.000145006983075, 0.00083878665464, 0.000601164239924, -0.000477162247989, 0.000573989120312, 0.000347489462001, -0.00720403715968, 0.0189071390778, -0.00810954906046, 0.0017340175109, -0.00253722420894, 0.00364074460231, -0.00123193860054], [0.000264582922682, -0.00078244676115, 0.000303558335872, -0.00206964509562, 0.000270211021416, 0.000709771818947, -0.000587180489674, -0.00810954906046, 0.0215953290462, -0.0135943712667, 0.00690325861797, -0.00306017533876, -3.30212751578e-05], [-0.000144947349327, 0.000939256511629, -0.00232573063113, -8.21757785161e-05, -0.000636533077341, 0.00116844056174, 0.00108278437983, 0.0017340175109, -0.0135943712667, 0.0300974175334, -0.017509020865, 0.00805220473558, -0.0050228536129], [0.000330782495439, -0.00162125076167, 0.000677491538227, -0.000916925841011, 0.00100952736102, -0.000660743331537, 0.0030193165876, -0.00253722420894, 0.00690325861797, -0.017509020865, 0.0366742387414, -0.0215514823794, 0.00800446420908], [-0.000250698038144, -9.55915311351e-05, 0.000262607209152, 0.00203092675656, -0.00314216641709, 0.00239884434268, -0.00386997056194, 0.00364074460231, -0.00306017533876, 0.00805220473558, -0.0215514823794, 0.0394173339009, -0.0181122515351], [0.000301320687868, 0.000384166953154, -0.00148106121924, -0.0033178916201, 0.000606302754022, -0.00365382735617, 0.00278148031794, -0.00123193860054, -3.30212751578e-05, -0.0050228536129, 0.00800446420908, -0.0181122515351, 0.0299917925149]], "mean": [-720.880859375, 177.738128662, 14.1583433151, 36.2552185059, -4.20348215103, 19.5606422424, 3.85910129547, 1.7318469286, 6.77770376205, 3.20772695541, 5.48080873489, 2.7939786911, -0.103095754981]}, "pitch_salience": {"dmean": 0.0855238363147, "dmean2": 0.139043331146, "dvar": 0.00520645687357, "dvar2": 0.0129003794864, "max": 0.916077494621, "mean": 0.534998834133, "median": 0.554432272911, "min": 0.113641060889, "var": 0.0173262320459}, "silence_rate_20dB": {"dmean": 0, "dmean2": 0, "dvar": 0, "dvar2": 0, "max": 1, "mean": 1, "median": 1, "min": 1, "var": 0}, "silence_rate_30dB": {"dmean": 0.0781700313091, "dmean2": 0.156368225813, "dvar": 0.0720552802086, "dvar2": 0.155342921615, "max": 1, "mean": 0.87088060379, "median": 1, "min": 0, "var": 0.112442672253}, "silence_rate_60dB": {"dmean": 0.00216138339601, "dmean2": 0.0043235453777, "dvar": 0.00215680361725, "dvar2": 0.00466516939923, "max": 1, "mean": 0.063389159739, "median": 0, "min": 0, "var": 0.0593709126115}, "spectral_centroid": {"dmean": 171.359939575, "dmean2": 261.851318359, "dvar": 72294.2109375, "dvar2": 129379.070312, "max": 11806.2578125, "mean": 746.745117188, "median": 467.411590576, "min": 153.9034729, "var": 1862938.375}, "spectral_complexity": {"dmean": 2.71469736099, "dmean2": 3.99855875969, "dvar": 9.46217441559, "dvar2": 16.830072403, "max": 55, "mean": 11.7077255249, "median": 11, "min": 0, "var": 49.9909439087}, "spectral_contrast_coeffs": {"dmean": [0.0574657991529, 0.0493449568748, 0.039692055434, 0.0303394738585, 0.0234147049487, 0.0525684952736], "dmean2": [0.0938749089837, 0.0820823833346, 0.0662776678801, 0.0484766848385, 0.0378190651536, 0.0801007002592], "dvar": [0.00212613400072, 0.00155574514065, 0.00105727894697, 0.000700149743352, 0.000417320174165, 0.00231311260723], "dvar2": [0.00558462273329, 0.00423120660707, 0.00288244266994, 0.00171682541259, 0.00107217952609, 0.00521411048248], "max": [-0.405591905117, -0.406527400017, -0.528498589993, -0.530294001102, -0.716892540455, -0.428267776966], "mean": [-0.670328319073, -0.777919352055, -0.804104268551, -0.828260302544, -0.855709791183, -0.765585422516], "median": [-0.670522809029, -0.780981779099, -0.813300132751, -0.838375210762, -0.853999733925, -0.779958069324], "min": [-0.977388858795, -0.975484251976, -0.976386547089, -0.970640420914, -0.967153608799, -0.964448332787], "var": [0.00808984227479, 0.00439784582704, 0.00380782946013, 0.00301921414211, 0.0012791713234, 0.00648652901873]}, "spectral_contrast_valleys": {"dmean": [0.407698482275, 0.398370265961, 0.36406365037, 0.365753829479, 0.436674803495, 0.682933270931], "dmean2": [0.661405563354, 0.626991927624, 0.561762273312, 0.551161527634, 0.633875966072, 1.09743523598], "dvar": [0.135838463902, 0.131283760071, 0.117119275033, 0.124081589282, 0.183567553759, 0.359999299049], "dvar2": [0.305059760809, 0.270929604769, 0.2362998873, 0.243545889854, 0.397475272417, 0.895135402679], "max": [-4.94836854935, -4.45320653915, -5.17394161224, -5.96579217911, -5.52388381958, -9.05003833771], "mean": [-6.8962931633, -6.85548019409, -7.67426300049, -8.33146762848, -8.56400775909, -11.5253686905], "median": [-6.46405649185, -6.43262577057, -7.22769260406, -7.90770196915, -8.16831207275, -11.1890459061], "min": [-28.2444915771, -27.9465522766, -27.9526443481, -27.8969612122, -27.5540904999, -27.3810043335], "var": [7.13812446594, 7.27828836441, 6.72927522659, 6.26105165482, 6.18467998505, 4.78071880341]}, "spectral_decrease": {"dmean": 4.62087879072e-09, "dmean2": 7.17646653214e-09, "dvar": 3.15505313735e-17, "dvar2": 7.50405678563e-17, "max": 1.66590066186e-08, "mean": -9.05448871436e-09, "median": -6.21634166365e-09, "min": -7.10269958404e-08, "var": 8.38125734069e-17}, "spectral_energy": {"dmean": 0.0198410283774, "dmean2": 0.0292592924088, "dvar": 0.000533591548447, "dvar2": 0.0011804603273, "max": 0.306780397892, "mean": 0.053567904979, "median": 0.0427954383194, "min": 9.96683571776e-21, "var": 0.00199061166495}, "spectral_energyband_high": {"dmean": 0.000241744506638, "dmean2": 0.00034868408693, "dvar": 2.08879086472e-07, "dvar2": 4.24399217991e-07, "max": 0.00943385343999, "mean": 0.000334815267706, "median": 0.000112023233669, "min": 7.14762728339e-21, "var": 4.34404256566e-07}, "spectral_energyband_low": {"dmean": 0.0143075278029, "dmean2": 0.0222309976816, "dvar": 0.000361738086212, "dvar2": 0.0008591847145, "max": 0.26765820384, "mean": 0.0275874212384, "median": 0.0162355098873, "min": 1.82410878801e-23, "var": 0.000989608117379}, "spectral_energyband_middle_high": {"dmean": 0.000930216105189, "dmean2": 0.00134034047369, "dvar": 3.18495744978e-06, "dvar2": 6.60745718051e-06, "max": 0.0323024317622, "mean": 0.00184753385838, "median": 0.000839624321088, "min": 9.74307790946e-22, "var": 8.61176158651e-06}, "spectral_energyband_middle_low": {"dmean": 0.00792420748621, "dmean2": 0.0119085488841, "dvar": 0.000127853199956, "dvar2": 0.000273911835393, "max": 0.166756793857, "mean": 0.0156509000808, "median": 0.00909773819149, "min": 1.93160266682e-22, "var": 0.000325583008816}, "spectral_entropy": {"dmean": 0.286538571119, "dmean2": 0.443099677563, "dvar": 0.0621454566717, "dvar2": 0.143157169223, "max": 9.81525230408, "mean": 7.15785932541, "median": 7.15547323227, "min": 5.25768613815, "var": 0.290842324495}, "spectral_flux": {"dmean": 0.0324755012989, "dmean2": 0.0515776276588, "dvar": 0.00103895924985, "dvar2": 0.00245213508606, "max": 0.372940540314, "mean": 0.116260781884, "median": 0.111676827073, "min": 6.45258013687e-11, "var": 0.00365919899195}, "spectral_kurtosis": {"dmean": 5.70178699493, "dmean2": 9.11044597626, "dvar": 38.2767944336, "dvar2": 100.406097412, "max": 77.8307342529, "mean": 17.0886306763, "median": 15.5876197815, "min": -1.26554453373, "var": 68.6323394775}, "spectral_rms": {"dmean": 0.00127852149308, "dmean2": 0.0018425200833, "dvar": 1.4781161326e-06, "dvar2": 3.0417063499e-06, "max": 0.0173002295196, "mean": 0.0065192761831, "median": 0.00646155141294, "min": 3.1182916492e-12, "var": 9.76018145593e-06}, "spectral_rolloff": {"dmean": 5596.44873047, "dmean2": 10935.6689453, "dvar": 79014088, "dvar2": 178399872, "max": 22050, "mean": 12712.4824219, "median": 21317.8710938, "min": 43.06640625, "var": 106253568}, "spectral_skewness": {"dmean": 0.51104170084, "dmean2": 0.788125932217, "dvar": 0.242393031716, "dvar2": 0.613095760345, "max": 6.91557788849, "mean": 2.94402289391, "median": 2.90047025681, "min": -0.515678405762, "var": 0.747414052486}, "spectral_spread": {"dmean": 711998.6875, "dmean2": 1113102.5, "dvar": 593892474880, "dvar2": 1316467769340.0, "max": 42909732, "mean": 4589579.5, "median": 4062174, "min": 1299486.625, "var"