{"lowlevel": {"average_loudness": 0.807911813259, "barkbands": {"dmean": [0.00199297768995, 0.0117309400812, 0.00251599447802, 0.0010461412603, 0.00133259466384, 0.0023657376878, 0.00103999732528, 0.000793935148977, 0.00117821362801, 0.00103766506072, 0.000960936129559, 0.000569258059841, 0.000308651011437, 0.000135711554321, 0.000127889230498, 8.53349483805e-05, 4.88186269649e-05, 4.13705893152e-05, 3.6821635149e-05, 3.40921105817e-05, 2.48313790507e-05, 8.22438323667e-06, 3.32118543156e-06, 2.38279108089e-06, 2.25189182856e-06, 2.26247584578e-06, 1.34033798531e-05], "dmean2": [0.00326526840217, 0.0181578602642, 0.0041115633212, 0.00167423521634, 0.00212642480619, 0.00362828932703, 0.0016102953814, 0.00122985476628, 0.00183587695938, 0.00162407965399, 0.00142209162004, 0.000854583631735, 0.00047403408098, 0.000215630047023, 0.000205051037483, 0.000134176705615, 7.59157628636e-05, 6.34997704765e-05, 5.53751306143e-05, 4.97938708577e-05, 3.6840516259e-05, 1.24510906971e-05, 5.34799119123e-06, 4.04694947065e-06, 3.84519989893e-06, 3.8255511754e-06, 1.78514328582e-05], "dvar": [1.19107035061e-05, 0.000278815190541, 1.93084742932e-05, 4.48730224889e-06, 6.81608298692e-06, 4.59207803942e-05, 1.46644506458e-05, 5.84927556702e-06, 9.44943167269e-06, 7.33705246603e-06, 9.91625620372e-06, 4.06039953305e-06, 8.49797743285e-07, 1.18546857664e-07, 1.38161780683e-07, 2.94089623765e-08, 1.26944010859e-08, 8.39224778559e-09, 7.79668596351e-09, 9.81554837409e-09, 4.2223899932e-09, 2.22712084885e-10, 3.04906828952e-11, 1.87783556066e-11, 1.73002480397e-11, 1.66324003181e-11, 8.56192505783e-10], "dvar2": [3.00218762277e-05, 0.00066974532092, 4.72232968605e-05, 1.12854786494e-05, 1.58901129907e-05, 9.87831153907e-05, 3.24096472468e-05, 1.33860903588e-05, 2.24675841309e-05, 1.63668246387e-05, 1.94132589968e-05, 8.33856665849e-06, 1.81450752734e-06, 2.78628846218e-07, 3.66077472336e-07, 7.02878892866e-08, 2.96402049571e-08, 1.97258955836e-08, 1.62658224667e-08, 1.84965358585e-08, 8.68269722787e-09, 5.00539054649e-10, 7.30662752524e-11, 4.74417241603e-11, 4.37085367899e-11, 4.19107075433e-11, 1.3727785575e-09], "max": [0.050008226186, 0.23316706717, 0.0635818839073, 0.0652672946453, 0.0694029927254, 0.163586348295, 0.113830879331, 0.071982011199, 0.0721795558929, 0.0536564998329, 0.104183472693, 0.0655211955309, 0.0311052501202, 0.00958702340722, 0.011067613028, 0.0042820898816, 0.00331408251077, 0.00229600374587, 0.00335361878388, 0.00330131803639, 0.0027660781052, 0.000323446962284, 0.000100147764897, 7.30318570277e-05, 6.88254149281e-05, 6.72802343615e-05, 0.00137037294917], "mean": [0.00270076142624, 0.0202739778906, 0.00337113719434, 0.00148136494681, 0.002026950242, 0.00338210025802, 0.00147212378215, 0.00113472633529, 0.00192598800641, 0.001466697664, 0.00132959207986, 0.000803857808933, 0.000472437677672, 0.000208334939089, 0.000215991356527, 0.000133004170493, 8.04484370747e-05, 6.51531299809e-05, 6.30193098914e-05, 5.64922229387e-05, 4.20913129346e-05, 1.38122932185e-05, 4.74714033771e-06, 2.25373446483e-06, 1.99798023459e-06, 2.23065421778e-06, 2.87794937321e-05], "median": [0.0013130166335, 0.0110033676028, 0.00161439122166, 0.000687409017701, 0.000878441613168, 0.000613058800809, 0.000311950629111, 0.000284985464532, 0.00047111758613, 0.000405377446441, 0.000260482775047, 0.000187518860912, 0.0001467015245, 5.94849625486e-05, 6.16032848484e-05, 4.83081785205e-05, 2.96669441013e-05, 2.4373852284e-05, 2.58202853729e-05, 2.19687171921e-05, 1.79718390427e-05, 6.36993627268e-06, 2.22228163693e-06, 7.43199962017e-07, 5.63405308185e-07, 8.06516197827e-07, 1.43958905028e-05], "min": [5.98827192496e-24, 2.16888865079e-24, 1.32134359397e-23, 1.97851063972e-23, 6.91477667302e-23, 2.1356048737e-23, 3.64642433741e-23, 4.99741450748e-24, 1.19326457916e-22, 6.60008869833e-23, 4.59708787181e-23, 9.13712595404e-23, 1.3544623098e-22, 1.47301485099e-22, 1.23573773382e-22, 1.72138713902e-22, 2.22194020931e-22, 1.89288221815e-22, 3.09983511174e-22, 4.19700078164e-22, 3.72631133465e-22, 6.08297384043e-22, 5.59133098562e-22, 8.45575940095e-22, 9.44601687393e-22, 1.97404674092e-21, 2.47543693778e-21], "var": [1.49465022332e-05, 0.000624927226454, 2.7900108762e-05, 5.93275672145e-06, 1.18525076687e-05, 8.77515194588e-05, 2.59048101725e-05, 1.02790318124e-05, 2.01717557502e-05, 1.16161763799e-05, 1.700964458e-05, 6.1558980633e-06, 1.51156598349e-06, 2.09000333484e-07, 2.73758047342e-07, 6.17162712047e-08, 2.88278911853e-08, 1.48272603084e-08, 1.48976653236e-08, 1.94195184378e-08, 7.59929985605e-09, 4.50081971692e-10, 4.97327908022e-11, 1.8821708081e-11, 1.67884369601e-11, 1.69650803822e-11, 2.65911848096e-09]}, "barkbands_crest": {"dmean": 3.3173391819, "dmean2": 5.38917064667, "dvar": 8.01622390747, "dvar2": 20.8234729767, "max": 26.3206863403, "mean": 13.4899950027, "median": 12.9382743835, "min": 2.88480210304, "var": 25.6242160797}, "barkbands_flatness_db": {"dmean": 0.0344731174409, "dmean2": 0.0546082146466, "dvar": 0.00090622541029, "dvar2": 0.0022932626307, "max": 0.55409437418, "mean": 0.198544830084, "median": 0.193228527904, "min": 0.0423719659448, "var": 0.00358604616486}, "barkbands_kurtosis": {"dmean": 11.8648786545, "dmean2": 19.0405197144, "dvar": 1300.62182617, "dvar2": 3300.01000977, "max": 904.575256348, "mean": 19.4380569458, "median": 5.05575084686, "min": -1.81725037098, "var": 2845.52075195}, "barkbands_skewness": {"dmean": 0.963609755039, "dmean2": 1.47208368778, "dvar": 1.23669958115, "dvar2": 3.07619285583, "max": 22.4360198975, "mean": 2.56668257713, "median": 1.94886136055, "min": -2.37327504158, "var": 6.43224716187}, "barkbands_spread": {"dmean": 3.36729025841, "dmean2": 5.26194238663, "dvar": 15.0666275024, "dvar2": 32.0281677246, "max": 125.449813843, "mean": 11.0071792603, "median": 10.0074615479, "min": 0.0981867164373, "var": 56.174243927}, "dissonance": {"dmean": 0.0297034494579, "dmean2": 0.0496668256819, "dvar": 0.000896068813745, "dvar2": 0.00236163334921, "max": 0.500000238419, "mean": 0.450760811567, "median": 0.462223410606, "min": 0.200069487095, "var": 0.0017289717216}, "dynamic_complexity": 4.48047161102, "erbbands": {"dmean": [0.424895823002, 2.5121922493, 3.4793586731, 2.95644068718, 3.47612380981, 4.46036148071, 12.6023454666, 21.8045864105, 17.4541893005, 12.3656826019, 18.5441379547, 26.1552219391, 23.6990718842, 37.7475013733, 36.3079566956, 20.8029270172, 12.6683320999, 8.89105606079, 6.80618333817, 5.16873025894, 3.83859205246, 2.49291729927, 2.31007957458, 1.90110075474, 1.85466992855, 1.64078688622, 1.26240551472, 0.746301472187, 0.331099569798, 0.154347062111, 0.0868278890848, 0.0549379326403, 0.0375633202493, 0.0254670828581, 0.0158660411835, 0.00878009386361, 0.00420251581818, 0.00221435190178, 0.00157631677575, 0.000298090249998], "dmean2": [0.663655221462, 3.93496417999, 5.65999364853, 4.68776750565, 5.67128801346, 7.20026063919, 19.6757564545, 33.9352531433, 26.9700698853, 18.8852710724, 28.9588317871, 40.95154953, 36.5333633423, 57.5729637146, 52.4167480469, 30.7080421448, 19.4310054779, 13.5650863647, 10.9180212021, 8.00494480133, 5.90310764313, 3.80942940712, 3.50140976906, 2.8547475338, 2.76782560349, 2.41290330887, 1.86408507824, 1.11196637154, 0.498185664415, 0.237114235759, 0.140139713883, 0.0925683528185, 0.0640782266855, 0.0434724912047, 0.0270879752934, 0.0149849737063, 0.00711060641333, 0.00338333519176, 0.00214374437928, 0.000393788795918], "dvar": [0.362589865923, 14.381606102, 35.0087623596, 28.4340496063, 44.2517738342, 102.123153687, 1441.41442871, 4753.25634766, 4829.73876953, 880.11328125, 3466.05664062, 6321.97216797, 2575.72216797, 8980.40136719, 15701.5361328, 5240.91796875, 1228.30993652, 672.014526367, 431.665924072, 156.057571411, 61.7257347107, 31.7028141022, 27.6911792755, 15.4639139175, 25.5700092316, 23.2210922241, 11.8970909119, 2.79133319855, 0.376184225082, 0.0655198842287, 0.0204468593001, 0.00944698788226, 0.00479421718046, 0.00221266248263, 0.000857959559653, 0.000261932174908, 5.74233527004e-05, 1.316702037e-05, 1.61856514751e-05, 3.76177496264e-07], "dvar2": [0.867708444595, 35.0148506165, 87.9059448242, 67.7469406128, 106.293395996, 248.289932251, 2999.97290039, 10205.2773438, 10838.6621094, 1832.33435059, 8109.82324219, 15536.9003906, 5848.36181641, 19617.453125, 30825.9824219, 10311.5429688, 2623.80053711, 1438.16015625, 1229.18798828, 379.209686279, 139.64012146, 71.3396377563, 65.2913970947, 34.1609649658, 50.8214263916, 46.5434150696, 23.7992229462, 5.5118765831, 0.825067222118, 0.147358208895, 0.0498635210097, 0.0237957518548, 0.0121095953509, 0.00558980787173, 0.00216751196422, 0.000661885307636, 0.000144570221892, 2.71976023214e-05, 2.53330254054e-05, 6.30976444427e-07], "max": [6.61526012421, 51.6496200562, 98.625579834, 127.923973083, 166.245407104, 308.49798584, 1103.32067871, 1917.65698242, 2032.78942871, 713.936279297, 1843.2265625, 2067.91650391, 1038.08532715, 1885.95373535, 3588.26635742, 2049.06494141, 1095.9777832, 873.294006348, 677.053527832, 345.79800415, 170.040878296, 155.942932129, 145.839202881, 83.1014099121, 195.539337158, 175.71496582, 142.417327881, 50.6486473083, 12.7762460709, 5.10228013992, 2.51103854179, 1.64109742641, 1.13350427151, 0.781738340855, 0.482322633266, 0.261445373297, 0.123929344118, 0.0978437066078, 0.200780823827, 0.0290848277509], "mean": [0.622492015362, 4.32322978973, 5.08946561813, 4.61440324783, 5.08503961563, 6.43130302429, 17.3205776215, 30.9356594086, 24.5486736298, 19.0183048248, 28.3127326965, 43.2859802246, 38.2984199524, 57.9393920898, 53.9359512329, 32.0142211914, 20.8313026428, 14.3771295547, 11.7941837311, 9.24867725372, 6.4437251091, 4.36224555969, 3.70551156998, 3.19956111908, 3.12296724319, 2.72177124023, 2.08341789246, 1.29477715492, 0.567303478718, 0.251500278711, 0.118673168123, 0.0579277351499, 0.0337721221149, 0.0226530507207, 0.0141071965918, 0.00784291513264, 0.00422303844243, 0.00341547513381, 0.00297580310144, 0.000728596991394], "median": [0.320637136698, 2.22023773193, 2.71982812881, 2.44942188263, 2.49686408043, 2.43480920792, 3.70894384384, 5.02181100845, 4.7615404129, 5.36178350449, 7.82077693939, 10.6342172623, 11.8191423416, 17.1530590057, 10.3984537125, 7.76509094238, 6.83407592773, 4.62420606613, 3.57683229446, 3.10682225227, 2.56071901321, 1.65544366837, 1.36636722088, 1.3633749485, 1.23079431057, 1.04928398132, 0.869706690311, 0.557174623013, 0.262632280588, 0.122589208186, 0.0555547773838, 0.023258343339, 0.00979619380087, 0.00640678917989, 0.00398700730875, 0.00223595928401, 0.00159665418323, 0.00171714311, 0.00138252018951, 0.000409464031691], "min": [1.51858728237e-22, 3.71635376432e-22, 9.07251615069e-21, 5.61120747335e-20, 8.31068361432e-20, 3.85702170418e-19, 1.17570075594e-19, 1.79882250297e-19, 6.26079719053e-19, 2.15949082764e-19, 2.8211085264e-19, 2.90724000015e-18, 1.97849070736e-18, 2.43975287991e-18, 2.36339397641e-18, 4.19449391991e-18, 4.71003630464e-18, 5.80625079398e-18, 1.05247119332e-17, 4.93790264311e-18, 1.13095599235e-17, 1.24194849315e-17, 1.18086898041e-17, 1.57077197723e-17, 1.33552495431e-17, 1.60907474093e-17, 1.91710985273e-17, 1.56714876071e-17, 1.85720510189e-17, 2.08861814268e-17, 1.40667158597e-17, 1.53966717378e-17, 1.61053223317e-17, 1.14667027332e-17, 6.98172118012e-18, 5.82690259874e-18, 4.13204798752e-18, 1.35844832111e-18, 3.48784711939e-19, 3.65361249856e-20], "var": [0.642704427242, 31.4273796082, 50.8918457031, 46.9945869446, 68.8761138916, 165.913345337, 2285.4465332, 9446.09179688, 7878.80664062, 1847.08862305, 5999.36035156, 12891.2099609, 5005.96630859, 16061.2636719, 27820.6914062, 9080.37402344, 2438.10571289, 1210.66259766, 849.966491699, 346.50567627, 138.725509644, 79.9376296997, 50.6988716125, 31.0233078003, 46.2987976074, 43.8995704651, 22.2262229919, 5.9007358551, 0.782780170441, 0.134977608919, 0.0309294182807, 0.0101986788213, 0.00468157976866, 0.00214944360778, 0.000833154364955, 0.000254816608503, 5.90103409195e-05, 2.76297723758e-05, 3.99302625738e-05, 1.23043025724e-06]}, "erbbands_crest": {"dmean": 3.33364534378, "dmean2": 5.37652683258, "dvar": 9.34663105011, "dvar2": 22.4787273407, "max": 31.6831188202, "mean": 10.1880950928, "median": 8.98754787445, "min": 2.36202764511, "var": 25.7041320801}, "erbbands_flatness_db": {"dmean": 0.0297009516507, "dmean2": 0.046346526593, "dvar": 0.000619423983153, "dvar2": 0.0014578596456, "max": 0.394455105066, "mean": 0.17313799262, "median": 0.169122159481, "min": 0.0325985960662, "var": 0.00245970580727}, "erbbands_kurtosis": {"dmean": 1.75455439091, "dmean2": 2.67933821678, "dvar": 9.42600631714, "dvar2": 21.8209686279, "max": 78.0756454468, "mean": 2.09569692612, "median": 0.739557504654, "min": -1.59828591347, "var": 18.1212100983}, "erbbands_skewness": {"dmean": 0.429977834225, "dmean2": 0.658420145512, "dvar": 0.185555770993, "dvar2": 0.431861817837, "max": 7.56279993057, "mean": 0.303694069386, "median": 0.234408915043, "min": -3.99148821831, "var": 0.796954154968}, "erbbands_spread": {"dmean": 7.12034416199, "dmean2": 10.5814266205, "dvar": 50.2273635864, "dvar2": 110.542228699, "max": 107.868453979, "mean": 26.6391773224, "median": 24.04246521, "min": 1.42259132862, "var": 222.354980469}, "gfcc": {"cov": [[19507.9824219, 2489.72094727, -1185.36694336, -515.585205078, -264.01473999, -543.231262207, 361.42098999, -190.000350952, -92.8196258545, -221.28352356, -29.3951702118, 14.4548597336, 99.4943389893], [2489.72094727, 1151.42333984, -204.954238892, -208.448135376, 5.07633113861, -144.73425293, 226.942886353, -142.063217163, 62.1952552795, -102.792564392, 19.0018234253, 6.01719856262, 27.1608428955], [-1185.36694336, -204.954238892, 496.347290039, 159.64414978, -65.0224685669, 172.402679443, -167.32824707, 162.978286743, -39.9552230835, 74.760597229, -1.75864851475, 8.39693260193, -8.04616737366], [-515.585205078, -208.448135376, 159.64414978, 363.170959473, 138.257110596, -15.153922081, 25.1574325562, 10.9137592316, 34.4367027283, 20.3589611053, -12.9411592484, 13.0816020966, -18.5298843384], [-264.01473999, 5.07633113861, -65.0224685669, 138.257110596, 244.786697388, 43.467502594, 106.274932861, -52.9029769897, 24.0292415619, -40.4846000671, -2.76864743233, -2.31742882729, 5.76429462433], [-543.231262207, -144.73425293, 172.402679443, -15.153922081, 43.467502594, 318.705322266, -51.3256759644, 116.434394836, -83.8201751709, 9.12826442719, -14.4721956253, 7.05077075958, 14.5005588531], [361.42098999, 226.942886353, -167.32824707, 25.1574325562, 106.274932861, -51.3256759644, 280.316131592, -67.2738037109, 59.0608901978, -67.8318557739, -6.44960546494, 13.0890855789, -0.027173127979], [-190.000350952, -142.063217163, 162.978286743, 10.9137592316, -52.9029769897, 116.434394836, -67.2738037109, 190.373062134, -4.23735046387, 49.171546936, -5.29406452179, -17.7748603821, -2.03576683998], [-92.8196258545, 62.1952552795, -39.9552230835, 34.4367027283, 24.0292415619, -83.8201751709, 59.0608901978, -4.23735046387, 123.852531433, 31.5560569763, 8.96217250824, -3.97528553009, -16.4883136749], [-221.28352356, -102.792564392, 74.760597229, 20.3589611053, -40.4846000671, 9.12826442719, -67.8318557739, 49.171546936, 31.5560569763, 89.0207595825, 35.0291252136, -2.39509367943, -6.10547113419], [-29.3951702118, 19.0018234253, -1.75864851475, -12.9411592484, -2.76864743233, -14.4721956253, -6.44960546494, -5.29406452179, 8.96217250824, 35.0291252136, 62.9509925842, 27.2533950806, 3.96482110023], [14.4548597336, 6.01719856262, 8.39693260193, 13.0816020966, -2.31742882729, 7.05077075958, 13.0890855789, -17.7748603821, -3.97528553009, -2.39509367943, 27.2533950806, 61.4239883423, 27.7838859558], [99.4943389893, 27.1608428955, -8.04616737366, -18.5298843384, 5.76429462433, 14.5005588531, -0.027173127979, -2.03576683998, -16.4883136749, -6.10547113419, 3.96482110023, 27.7838859558, 60.7537078857]], "icov": [[0.000122073062812, -0.000397795200115, 0.000586231588386, -0.000336776603945, 0.000137176102726, 8.7615189841e-05, 0.000156406822498, -0.000484206771944, 0.000633320654742, -0.000574668869376, 0.000558839878067, -0.000500573427416, 0.000209347330383], [-0.000397795200115, 0.00287780351937, -0.00276811793447, 0.0020551213529, -5.39533903066e-05, -0.000136732764076, -0.00151157588698, 0.00251339492388, -0.00348050985485, 0.00440565682948, -0.00402291724458, 0.00349239073694, -0.0020900554955], [0.000586231588386, -0.00276811793447, 0.00952059682459, -0.00749927107245, 0.00561904674396, -0.00428931601346, 0.00369360484183, -0.00363163230941, 0.00126492744312, -0.000419050833443, -0.000594289158471, -0.000451689469628, 0.000168223195942], [-0.000336776603945, 0.0020551213529, -0.00749927107245, 0.0135394763201, -0.0126260984689, 0.00869531836361, -0.00350147066638, -0.00108581443783, 0.00476062437519, -0.0104645881802, 0.0125846629962, -0.0117033179849, 0.00662498129532], [0.000137176102726, -5.39533903066e-05, 0.00561904674396, -0.0126260984689, 0.0200781151652, -0.0123988576233, 0.0012962280307, 0.00579231511801, -0.0112752448767, 0.018218241632, -0.019835870713, 0.019111091271, -0.0107329003513], [8.7615189841e-05, -0.000136732764076, -0.00428931601346, 0.00869531836361, -0.0123988576233, 0.0139848273247, -0.00258913682774, -0.00673975795507, 0.0121258841828, -0.013950494118, 0.0155064184219, -0.014632249251, 0.00718179671094], [0.000156406822498, -0.00151157588698, 0.00369360484183, -0.00350147066638, 0.0012962280307, -0.00258913682774, 0.00854543875903, -0.00101266405545, -0.0046721547842, 0.00715423747897, -0.00313230254687, -4.02285186283e-05, -2.04907919397e-05], [-0.000484206771944, 0.00251339492388, -0.00363163230941, -0.00108581443783, 0.00579231511801, -0.00673975795507, -0.00101266405545, 0.0143166538328, -0.00855506118387, 0.00590641098097, -0.00848670210689, 0.012281306088, -0.00639537256211], [0.000633320654742, -0.00348050985485, 0.00126492744312, 0.00476062437519, -0.0112752448767, 0.0121258841828, -0.0046721547842, -0.00855506118387, 0.0283209532499, -0.0285072289407, 0.0228272397071, -0.0191865265369, 0.012131229043], [-0.000574668869376, 0.00440565682948, -0.000419050833443, -0.0104645881802, 0.018218241632, -0.013950494118, 0.00715423747897, 0.00590641098097, -0.0285072289407, 0.0574985854328, -0.0459862649441, 0.032668877393, -0.0163708943874], [0.000558839878067, -0.00402291724458, -0.000594289158471, 0.0125846629962, -0.019835870713, 0.0155064184219, -0.00313230254687, -0.00848670210689, 0.0228272397071, -0.0459862649441, 0.0613714046776, -0.043179307133, 0.0198535732925], [-0.000500573427416, 0.00349239073694, -0.000451689469628, -0.0117033179849, 0.019111091271, -0.014632249251, -4.02285186283e-05, 0.012281306088, -0.0191865265369, 0.032668877393, -0.043179307133, 0.0559685900807, -0.0269819628447], [0.000209347330383, -0.0020900554955, 0.000168223195942, 0.00662498129532, -0.0107329003513, 0.00718179671094, -2.04907919397e-05, -0.00639537256211, 0.012131229043, -0.0163708943874, 0.0198535732925, -0.0269819628447, 0.0308751426637]], "mean": [-60.9041023254, 133.108047485, -91.8595504761, 9.54174804688, -21.637845993, -1.21531677246, 7.19418907166, -4.98196268082, -6.42439556122, -0.979659795761, -7.3920211792, 0.155282899737, -2.33576202393]}, "hfc": {"dmean": 4.81445837021, "dmean2": 6.53679609299, "dvar": 43.7875976562, "dvar2": 83.7751159668, "max": 125.013252258, "mean": 14.7373008728, "median": 9.85120868683, "min": 1.17866646314e-16, "var": 218.8646698}, "melbands": {"dmean": [0.00344661297277, 0.0023018210195, 0.000500611437019, 0.000258424843196, 0.000384959275834, 0.000471411709441, 0.000249548727879, 0.000139790092362, 0.000152327003889, 0.000174584056367, 0.000123848745716, 0.000160051262355, 0.000136316943099, 7.42642660043e-05, 3.58648831025e-05, 2.74360609183e-05, 1.55582238222e-05, 1.12435827759e-05, 8.74899160408e-06, 6.9206871558e-06, 4.43550788987e-06, 2.9023881325e-06, 2.36212872551e-06, 1.94991207536e-06, 1.59228886787e-06, 1.45651108596e-06, 1.31066883569e-06, 1.10550251975e-06, 8.68683002864e-07, 6.32940384548e-07, 4.00372925924e-07, 2.130498018e-07, 1.19021542844e-07, 7.69050600979e-08, 5.25746628455e-08, 4.05475972798e-08, 3.10810115423e-08, 2.67066209148e-08, 2.3498635926e-08, 2.0779850729e-08], "dmean2": [0.00530405715108, 0.00367012619972, 0.000789919868112, 0.000418569543399, 0.000601581996307, 0.000729360850528, 0.000384636019589, 0.000212764483877, 0.000237386891968, 0.000272904289886, 0.0001919628412, 0.000245930568781, 0.000199158705072, 0.000110922970634, 5.47724666831e-05, 4.16870279878e-05, 2.41407979047e-05, 1.8253495e-05, 1.38755358421e-05, 1.09871425593e-05, 6.94732170814e-06, 4.52912945548e-06, 3.65499590771e-06, 3.00896590488e-06, 2.45210503635e-06, 2.24219752454e-06, 1.95047391571e-06, 1.66790721323e-06, 1.29884779199e-06, 9.6828750884e-07, 6.0929880874e-07, 3.273462994e-07, 1.82727603715e-07, 1.21371087403e-07, 8.50245385209e-08, 6.7185254693e-08, 5.28080512652e-08, 4.55707542812e-08, 4.01111250881e-08, 3.54747768938e-08], "dvar": [2.32977636188e-05, 1.32058012241e-05, 7.93399237864e-07, 2.34815715316e-07, 1.12784232442e-06, 2.02269870897e-06, 8.93567857929e-07, 1.21209041026e-07, 2.10996674355e-07, 2.552415026e-07, 7.1138103408e-08, 1.71373699231e-07, 2.26157681027e-07, 6.52901235298e-08, 1.27329524702e-08, 6.03009642219e-09, 1.9816412955e-09, 1.19578691393e-09, 5.57044077532e-10, 2.27053487123e-10, 9.19161829982e-11, 4.5384227626e-11, 3.15956670549e-11, 1.96040215311e-11, 1.09839628712e-11, 1.47621775914e-11, 1.50882657063e-11, 1.01439568551e-11, 5.67719135591e-12, 2.62918571463e-12, 7.70394653019e-13, 1.66715247293e-13, 4.22993346079e-14, 1.79524567412e-14, 7.51110447033e-15, 4.81060503932e-15, 3.19050735572e-15, 2.42827532374e-15, 1.88272342527e-15, 1.47406962701e-15], "dvar2": [5.40738874406e-05, 3.34700634994e-05, 1.89612546819e-06, 5.82077291256e-07, 2.35684819927e-06, 4.36223854194e-06, 1.99085252461e-06, 2.58364394767e-07, 4.90688819355e-07, 6.28676048109e-07, 1.61564017276e-07, 3.7847570411e-07, 4.36300325646e-07, 1.3266803478e-07, 2.69190305602e-08, 1.27147581352e-08, 4.2874264139e-09, 3.45017681092e-09, 1.3293816048e-09, 5.73377068047e-10, 2.1600167488e-10, 1.04570754833e-10, 7.68381816507e-11, 4.71201411223e-11, 2.5039062837e-11, 3.21496926303e-11, 2.93933315187e-11, 2.07000267621e-11, 1.09014360039e-11, 5.7407576956e-12, 1.62083291667e-12, 3.80682573138e-13, 9.69705137585e-14, 4.23789760337e-14, 1.83898238976e-14, 1.20551922869e-14, 8.06122187638e-15, 6.13437692841e-15, 4.75718267133e-15, 3.72405446799e-15], "max": [0.0655815899372, 0.0563709028065, 0.0239102430642, 0.00962698273361, 0.0292323566973, 0.0378933101892, 0.0264763887972, 0.00981716718525, 0.0125699872151, 0.0128359906375, 0.00502536492422, 0.00834759231657, 0.0164008438587, 0.00711404392496, 0.0029773642309, 0.00255115353502, 0.00150014471728, 0.00102313538082, 0.000671961344779, 0.000370028283214, 0.00019108664128, 0.000203063493245, 0.000134204499773, 0.000114033347927, 7.37644586479e-05, 0.000150784384459, 0.000128346233396, 0.00010762851889, 8.60100190039e-05, 6.6439199145e-05, 2.05054493563e-05, 8.29584405437e-06, 3.75064246327e-06, 3.23407607539e-06, 1.48556796375e-06, 1.14893987302e-06, 9.39236258546e-07, 8.02206898243e-07, 7.14736017926e-07, 6.40500729787e-07], "mean": [0.00590137345716, 0.00387501227669, 0.000825967697892, 0.000386885483749, 0.000547400210053, 0.000674552400596, 0.000355548865627, 0.00020894780755, 0.000231756304856, 0.000283549015876, 0.000191652710782, 0.000235428306041, 0.000192487394088, 0.000109208944195, 5.31999503437e-05, 4.27320337621e-05, 2.37836484303e-05, 1.8238040866e-05, 1.48239541886e-05, 1.06897523438e-05, 6.94559412295e-06, 4.78349784316e-06, 3.56387386091e-06, 2.98980421576e-06, 2.52887684837e-06, 2.35974857787e-06, 2.0715183382e-06, 1.7381919406e-06, 1.36567996378e-06, 1.01713851564e-06, 6.58878093418e-07, 3.42742140447e-07, 1.90725415905e-07, 1.17889563001e-07, 7.13001071517e-08, 4.7632966016e-08, 2.97883389067e-08, 2.37427197902e-08, 2.08647819022e-08, 1.84402786374e-08], "median": [0.00316541595384, 0.00216298061423, 0.000461300951429, 0.000183134834515, 0.000131093183882, 0.000115278613521, 7.29413004592e-05, 5.87611502851e-05, 6.46432017675e-05, 6.54569812468e-05, 5.6273474911e-05, 6.59648649162e-05, 3.53271752829e-05, 2.38407628785e-05, 1.49523175423e-05, 1.33518869916e-05, 7.15796340955e-06, 5.16572526976e-06, 4.36358641309e-06, 3.75269155484e-06, 2.67032282864e-06, 1.74953652277e-06, 1.18704326724e-06, 1.10820667487e-06, 1.03934848994e-06, 9.30885732942e-07, 7.37458094591e-07, 6.43580790438e-07, 5.47002343865e-07, 4.19126507722e-07, 2.70250694712e-07, 1.50706156887e-07, 9.17378102372e-08, 5.55522774448e-08, 3.25842250959e-08, 2.10198916051e-08, 1.00303738648e-08, 6.65830190982e-09, 5.87418647058e-09, 5.1789550426e-09], "min": [1.2668395177e-24, 3.37047684846e-24, 8.82369321482e-24, 1.75527562532e-23, 6.87600510616e-24, 4.83507718838e-24, 8.75927641102e-24, 1.69640179211e-24, 2.29862964564e-24, 2.04234384422e-23, 9.746824557e-24, 9.8699294567e-24, 6.64733878443e-24, 1.07035621626e-23, 1.05645277946e-23, 1.21811396588e-23, 1.01766748643e-23, 1.96510221314e-23, 6.13175941273e-24, 8.6556721529e-24, 1.2761872236e-23, 1.12851798417e-23, 1.49445659526e-23, 8.10478455037e-24, 1.3253185063e-23, 1.22260581877e-23, 7.50873229444e-24, 1.19808518193e-23, 1.52372333485e-23, 7.19915803168e-24, 9.57450814745e-24, 1.03079547295e-23, 1.23207065079e-23, 1.05452803774e-23, 6.87294511471e-24, 1.078610699e-23, 8.76409319571e-24, 1.02140242727e-23, 1.22182326875e-23, 9.10272830536e-24], "var": [5.207826689e-05, 2.37489366555e-05, 1.33287176141e-06, 4.03431528184e-07, 1.86672866676e-06, 3.99418468078e-06, 1.51590893438e-06, 2.42943542617e-07, 3.81975780783e-07, 5.21309857504e-07, 1.32845073608e-07, 2.8551022524e-07, 3.86699156252e-07, 1.08836843538e-07, 2.05110399776e-08, 1.13188791673e-08, 3.46097484005e-09, 2.17906337419e-09, 1.10886533289e-09, 4.35963959378e-10, 1.8553743264e-10, 1.09706438378e-10, 5.38548788898e-11, 3.24254546824e-11, 2.04345949883e-11, 2.4441761115e-11, 2.67438675372e-11, 1.86343405983e-11, 1.08518220451e-11, 4.39764240648e-12, 1.54958120988e-12, 3.09308947812e-13, 8.25543314807e-14, 3.23229060162e-14, 1.14640462989e-14, 5.86752597464e-15, 3.21915506879e-15, 2.36250448593e-15, 1.82881994257e-15, 1.43070672819e-15]}, "melbands_crest": {"dmean": 4.12428236008, "dmean2": 6.66000652313, "dvar": 11.7656650543, "dvar2": 30.7963218689, "max": 37.1550636292, "mean": 18.0946769714, "median": 18.0057144165, "min": 1.58905732632, "var": 39.1320075989}, "melbands_flatness_db": {"dmean": 0.0403585731983, "dmean2": 0.0637210533023, "dvar": 0.00118123134598, "dvar2": 0.00298767676577, "max": 0.695765376091, "mean": 0.315510451794, "median": 0.312477082014, "min": 0.00757740484551, "var": 0.0058311149478}, "melbands_kurtosis": {"dmean": 16.8730754852, "dmean2": 26.7739124298, "dvar": 1839.32299805, "dvar2": 4550.61376953, "max": 1497.78137207, "mean": 29.7978591919, "median": 9.03629779816, "min": -1.88156449795, "var": 4623.47363281}, "melbands_skewness": {"dmean": 1.11494922638, "dmean2": 1.69958782196, "dvar": 1.43099987507, "dvar2": 3.34443831444, "max": 27.0864448547, "mean": 3.33771967888, "median": 2.65527224541, "min": -2.11138033867, "var": 7.39051151276}, "melbands_spread": {"dmean": 3.89798140526, "dmean2": 6.04634904861, "dvar": 22.5760345459, "dvar2": 48.0801925659, "max": 160.777877808, "mean": 12.8588857651, "median": 9.51767730713, "min": 0.0983876883984, "var": 314.101287842}, "mfcc": {"cov": [[9320.14746094, 1652.49035645, -969.35949707, 234.356277466, -574.811218262, -18.0963764191, -211.947402954, -110.626914978, -109.404151917, -25.3827819824, -49.5146980286, -12.5699386597, -9.74832725525], [1652.49035645, 1196.26074219, -170.751464844, -32.8199157715, -190.75920105, 48.4872131348, -3.03384637833, 9.62816905975, 0.0940914228559, 3.24065446854, -5.17310142517, -21.4746189117, 9.70348262787], [-969.35949707, -170.751464844, 565.725036621, -63.1063728333, 156.779724121, -68.1181488037, 20.3929080963, -1.47191953659, 10.6120386124, 22.6188793182, 40.794178009, 27.3534240723, -7.71374607086], [234.356277466, -32.8199157715, -63.1063728333, 429.018798828, 5.13499355316, 54.4695091248, -35.6876945496, 6.30375146866, 20.0456905365, 19.713432312, 28.1743202209, 14.3219146729, 3.87547111511], [-574.811218262, -190.75920105, 156.779724121, 5.13499355316, 256.019287109, 44.3409423828, 53.3778915405, 12.1802902222, 18.808599472, 16.241645813, 8.44205570221, 6.5184431076, 5.24636030197], [-18.0963764191, 48.4872131348, -68.1181488037, 54.4695091248, 44.3409423828, 169.38331604, 76.2060470581, 51.8065681458, 22.2673225403, -14.9377155304, -25.1429252625, -11.2079076767, 21.2919483185], [-211.947402954, -3.03384637833, 20.3929080963, -35.6876945496, 53.3778915405, 76.2060470581, 152.874526978, 74.6342010498, 34.0397148132, -11.4816446304, -17.8660392761, -5.44231033325, 11.0159263611], [-110.626914978, 9.62816905975, -1.47191953659, 6.30375146866, 12.1802902222, 51.8065681458, 74.6342010498, 107.439788818, 55.2336235046, 2.23843407631, -4.329641819, -1.03332567215, 6.72468566895], [-109.404151917, 0.0940914228559, 10.6120386124, 20.0456905365, 18.808599472, 22.2673225403, 34.0397148132, 55.2336235046, 92.296546936, 34.9701499939, 7.60364341736, 4.01808023453, -3.05202317238], [-25.3827819824, 3.24065446854, 22.6188793182, 19.713432312, 16.241645813, -14.9377155304, -11.4816446304, 2.23843407631, 34.9701499939, 79.5653076172, 43.4990386963, 10.0849809647, -3.98846888542], [-49.5146980286, -5.17310142517, 40.794178009, 28.1743202209, 8.44205570221, -25.1429252625, -17.8660392761, -4.329641819, 7.60364341736, 43.4990386963, 77.3450698853, 40.9111022949, -2.12478756905], [-12.5699386597, -21.4746189117, 27.3534240723, 14.3219146729, 6.5184431076, -11.2079076767, -5.44231033325, -1.03332567215, 4.01808023453, 10.0849809647, 40.9111022949, 61.4794464111, 22.1686973572], [-9.74832725525, 9.70348262787, -7.71374607086, 3.87547111511, 5.24636030197, 21.2919483185, 11.0159263611, 6.72468566895, -3.05202317238, -3.98846888542, -2.12478756905, 22.1686973572, 52.700553894]], "icov": [[0.000182872303412, -0.000225498893997, 0.00022822736355, -0.000109208980575, 6.0321915953e-05, 0.000121268756629, 6.24482272542e-05, -2.66282950179e-06, 0.000218648507143, -0.000191422732314, 0.000384104234399, -0.000421295961132, 0.000239951375988], [-0.000225498893997, 0.00129535829183, -0.000252359459409, 0.00030483136652, 0.000791091297287, -0.000738934439141, -0.00011924134742, 0.000182917312486, -0.000377432588721, 9.39737510635e-05, -0.00101922464091, 0.00114556844346, -0.000655927578919], [0.00022822736355, -0.000252359459409, 0.0028149667196, 9.17904253583e-05, -0.0016044996446, 0.00166615005583, -0.000329530099407, -0.000218442757614, 0.000121722616313, 0.000175416731508, -0.0004695050593, -0.000739056500606, 0.000389569264371], [-0.000109208980575, 0.00030483136652, 9.17904253583e-05, 0.0028842438478, -6.02170075581e-05, -0.00165774987545, 0.00148498034105, -0.000184301490663, -0.000799986475613, 0.000328564347001, -0.0016305798199, 0.000327433896018, -0.000111065877718], [6.0321915953e-05, 0.000791091297287, -0.0016044996446, -6.02170075581e-05, 0.00639944430441, -0.00239165895618, -0.00161081762053, 0.00174759421498, -0.000373264425434, -0.00143635564018, 1.66942336364e-05, 6.64294930175e-05, -7.96002568677e-05], [0.000121268756629, -0.000738934439141, 0.00166615005583, -0.00165774987545, -0.00239165895618, 0.010949854739, -0.00363774690777, -0.00190528959502, -6.27829867881e-05, 0.00116722856183, 0.00106281333137, 0.00156209431589, -0.0031876116991], [6.24482272542e-05, -0.00011924134742, -0.000329530099407, 0.00148498034105, -0.00161081762053, -0.00363774690777, 0.0130417663604, -0.00713698007166, 1.86458200915e-05, 0.00100409623701, 0.000973398622591, -0.000507059216034, 2.03450927074e-05], [-2.66282950179e-06, 0.000182917312486, -0.000218442757614, -0.000184301490663, 0.00174759421498, -0.00190528959502, -0.00713698007166, 0.0205661486834, -0.011042188853, 0.00440047029406, -0.00414058752358, 0.00297418772243, -0.00231373053975], [0.000218648507143, -0.000377432588721, 0.000121722616313, -0.000799986475613, -0.000373264425434, -6.27829867881e-05, 1.86458200915e-05, -0.011042188853, 0.0226130187511, -0.0129212383181, 0.00877732690424, -0.00725386291742, 0.00539114233106], [-0.000191422732314, 9.39737510635e-05, 0.000175416731508, 0.000328564347001, -0.00143635564018, 0.00116722856183, 0.00100409623701, 0.00440047029406, -0.0129212383181, 0.0278793107718, -0.020378511399, 0.0122823864222, -0.00577778695151], [0.000384104234399, -0.00101922464091, -0.0004695050593, -0.0016305798199, 1.66942336364e-05, 0.00106281333137, 0.000973398622591, -0.00414058752358, 0.00877732690424, -0.020378511399, 0.039908323437, -0.0277591031045, 0.0124557660893], [-0.000421295961132, 0.00114556844346, -0.000739056500606, 0.000327433896018, 6.64294930175e-05, 0.00156209431589, -0.000507059216034, 0.00297418772243, -0.00725386291742, 0.0122823864222, -0.0277591031045, 0.0409595407546, -0.0191718861461], [0.000239951375988, -0.000655927578919, 0.000389569264371, -0.000111065877718, -7.96002568677e-05, -0.0031876116991, 2.03450927074e-05, -0.00231373053975, 0.00539114233106, -0.00577778695151, 0.0124557660893, -0.0191718861461, 0.0292341019958]], "mean": [-712.573303223, 181.181442261, -6.34338617325, 31.1403770447, -6.18559169769, 18.8562774658, 12.5422382355, 10.441324234, 10.2617473602, 5.62957811356, 1.78548192978, 1.87923645973, 3.92779326439]}, "pitch_salience": {"dmean": 0.092564150691, "dmean2": 0.150478720665, "dvar": 0.00636705663055, "dvar2": 0.0168089494109, "max": 0.961400985718, "mean": 0.466602623463, "median": 0.474809080362, "min": 0.0588098540902, "var": 0.0221921540797}, "silence_rate_20dB": {"dmean": 0, "dmean2": 0, "dvar": 0, "dvar2": 0, "max": 1, "mean": 1, "median": 1, "min": 1, "var": 0}, "silence_rate_30dB": {"dmean": 0.0539319068193, "dmean2": 0.107880063355, "dvar": 0.0510226339102, "dvar2": 0.114626511931, "max": 1, "mean": 0.929055571556, "median": 1, "min": 0, "var": 0.0659132152796}, "silence_rate_60dB": {"dmean": 0.0201868023723, "dmean2": 0.0403796881437, "dvar": 0.0197772793472, "dvar2": 0.0480882078409, "max": 1, "mean": 0.0673294141889, "median": 0, "min": 0, "var": 0.0627947896719}, "spectral_centroid": {"dmean": 156.282272339, "dmean2": 236.428344727, "dvar": 43990.5, "dvar2": 79796.4609375, "max": 11573.1923828, "mean": 793.286315918, "median": 693.632019043, "min": 97.2473373413, "var": 262313.25}, "spectral_complexity": {"dmean": 2.64085578918, "dmean2": 3.95871639252, "dvar": 7.91643381119, "dvar2": 14.631196022, "max": 51, "mean": 13.1381235123, "median": 13, "min": 0, "var": 59.1838111877}, "spectral_contrast_coeffs": {"dmean": [0.0506226308644, 0.0498730018735, 0.0420303791761, 0.0298587679863, 0.0194916967303, 0.0553223825991], "dmean2": [0.0839147418737, 0.0820031613111, 0.06774546206, 0.0486940853298, 0.0318353623152, 0.0910478234291], "dvar": [0.00157671316992, 0.00167024100665, 0.00113547116052, 0.000589284638409, 0.000270268908935, 0.00243891822174], "dvar2": [0.0043092048727, 0.0042549688369, 0.00288466643542, 0.00153231492732, 0.000706350721885, 0.00656636757776], "max": [-0.467123568058, -0.377422213554, -0.532494068146, -0.608567118645, -0.714468181133, -0.436618864536], "mean": [-0.718351960182, -0.770103394985, -0.778166353703, -0.82028067112, -0.843946814537, -0.755944788456], "median": [-0.719516098499, -0.779209911823, -0.783527374268, -0.822047352791, -0.841631770134, -0.765944361687], "min": [-0.984060049057, -0.97937732935, -0.975896298885, -0.982734024525, -0.959374129772, -0.957703828812], "var": [0.00445810332894, 0.0068266778253, 0.00515766395256, 0.00264869211242, 0.00118636921979, 0.00571741489694]}, "spectral_contrast_valleys": {"dmean": [0.397218346596, 0.394538104534, 0.344390809536, 0.336225152016, 0.358827590942, 0.879429936409], "dmean2": [0.640748620033, 0.629299104214, 0.531166434288, 0.507613360882, 0.519237279892, 1.45030319691], "dvar": [0.120769284666, 0.130967482924, 0.109405703843, 0.119098372757, 0.135318368673, 0.573675215244], "dvar2": [0.274784862995, 0.300129830837, 0.237764582038, 0.242575451732, 0.262627124786, 1.58633244038], "max": [-4.97944116592, -4.61688327789, -5.05731630325, -5.77969074249, -5.90052938461, -8.92436313629], "mean": [-6.82276535034, -6.81114149094, -7.18738079071, -7.9775428772, -8.22739601135, -11.5812988281], "median": [-6.57267427444, -6.55563020706, -6.93891716003, -7.77565002441, -8.00325107574, -11.4130802155], "min": [-26.8268299103, -27.2220306396, -27.388343811, -27.314874649, -27.3905143738, -27.3029136658], "var": [2.27650976181, 2.22203207016, 2.38294911385, 1.8202136755, 1.76104593277, 1.68020200729]}, "spectral_decrease": {"dmean": 4.35792957276e-09, "dmean2": 6.44390940607e-09, "dvar": 2.9079239958e-17, "dvar2": 6.36162903895e-17, "max": 1.64350468151e-21, "mean": -1.09945634819e-08, "median": -8.24369195129e-09, "min": -7.21411410609e-08, "var": 9.62759683941e-17}, "spectral_energy": {"dmean": 0.016761098057, "dmean2": 0.0247449614108, "dvar": 0.000426509563113, "dvar2": 0.000927775749005, "max": 0.277365088463, "mean": 0.0428327508271, "median": 0.0322930663824, "min": 1.06449719549e-20, "var": 0.0014419631334}, "spectral_energyband_high": {"dmean": 6.27377448836e-05, "dmean2": 8.92594616744e-05, "dvar": 1.6827858218e-08, "dvar2": 2.96846174308e-08, "max": 0.00461808079854, "mean": 0.000118926385767, "median": 5.96106146986e-05, "min": 7.89259470567e-21, "var": 4.23012096462e-08}, "spectral_energyband_low": {"dmean": 0.0137453656644, "dmean2": 0.0210174750537, "dvar": 0.000354249350494, "dvar2": 0.000828025804367, "max": 0.24097378552, "mean": 0.026639258489, "median": 0.0161190908402, "min": 3.23104016143e-23, "var": 0.00087365572108}, "spectral_energyband_middle_high": {"dmean": 0.00212240102701, "dmean2": 0.00302210403606, "dvar": 1.90951759578e-05, "dvar2": 3.72877766495e-05, "max": 0.109734341502, "mean": 0.00472857709974, "median": 0.00181181251537, "min": 1.61588258439e-21, "var": 6.13073061686e-05}, "spectral_energyband_middle_low": {"dmean": 0.00517630856484, "dmean2": 0.00761526217684, "dvar": 8.72101227287e-05, "dvar2": 0.000183672062121, "max": 0.166505560279, "mean": 0.0116550624371, "median": 0.00621833000332, "min": 2.83689174237e-22, "var": 0.00025523302611}, "spectral_entropy": {"dmean": 0.219361007214, "dmean2": 0.34252974391, "dvar": 0.0424657464027, "dvar2": 0.09821164608, "max": 9.79443645477, "mean": 7.26019477844, "median": 7.2764954567, "min": 5.77135038376, "var": 0.158611923456}, "spectral_flux": {"dmean": 0.031794436276, "dmean2": 0.0518420413136, "dvar": 0.00106061832048, "dvar2": 0.00265352590941, "max": 0.422211050987, "mean": 0.0995723828673, "median": 0.094084687531, "min": 1.03174475907e-10, "var": 0.0030211196281}, "spectral_kurtosis": {"dmean": 3.34027123451, "dmean2": 5.30534553528, "dvar": 20.681558609, "dvar2": 52.2895851135, "max": 80.3120269775, "mean": 11.6607112885, "median": 10.068072319, "min": -1.16969382763, "var": 44.554271698}, "spectral_rms": {"dmean": 0.00122117728461, "dmean2": 0.00176850159187, "dvar": 1.47515675053e-06, "dvar2": 3.05111211674e-06, "max": 0.016449926421, "mean": 0.00579706253484, "median": 0.00561296986416, "min": 3.22262919475e-12, "var": 8.18201988295e-06}, "spectral_rolloff": {"dmean": 192.253829956, "dmean2": 323.382446289, "dvar": 146031.75, "dvar2": 300329.34375, "max": 20456.5429688, "mean": 787.154541016, "median": 473.73046875, "min": 21.533203125, "var": 4776698.5}, "spectral_skewness": {"dmean": 0.332275032997, "dmean2": 0.499992102385, "dvar": 0.123231500387, "dvar2": 0.278370350599, "max": 6.65966176987, "mean": 2.32606935501, "median": 2.24110102654, "min": -0.0673905387521, "var": 0.446046382189}, "spectral_spread": {"dmean": 572250.375, "dmean2": 932542.9375, "dvar": 392226996224, "dvar2": 815150268416, "max": 40360904, "mean": 3359672.5, "median": 3179495.5, "min": 1004148.8125, "var": 1357536428030.0}, "spectral_strongpeak": {"dmean": 0.4