{"lowlevel": {"average_loudness": 0.88809388876, "barkbands": {"dmean": [2.8429843951e-05, 0.00327761587687, 0.0056637506932, 0.00201909220777, 0.00220410269685, 0.0012902400922, 0.000769649865106, 0.000614842050709, 0.000753001950216, 0.00050232745707, 0.000197781657334, 0.000426550512202, 0.000419997610152, 0.000428460654803, 0.000313131720759, 0.000382294761948, 0.00034374583629, 0.000342416198691, 0.000129339532577, 0.000106751314888, 5.51040138816e-05, 4.35167967225e-05, 2.67115046881e-05, 1.34194924613e-05, 5.26981830262e-06, 6.47829097034e-07, 1.71729823251e-07], "dmean2": [4.77846406284e-05, 0.00524387555197, 0.00934679806232, 0.00338134774938, 0.00347263598815, 0.002105853986, 0.00128718814813, 0.00096808077069, 0.00118979893159, 0.000763087416999, 0.000307064154185, 0.000658682081848, 0.000643912062515, 0.000675901712384, 0.000491056358442, 0.000586863781791, 0.000536504841875, 0.000535157043487, 0.000205303251278, 0.000173015287146, 8.89466755325e-05, 6.83780162944e-05, 4.20124015363e-05, 2.17024389713e-05, 8.24187463877e-06, 1.01638079286e-06, 2.89532977149e-07], "dvar": [1.83519581753e-08, 4.24927748099e-05, 6.29936184851e-05, 1.031480042e-05, 1.0048560398e-05, 5.55351152798e-06, 2.96343728223e-06, 2.53351799984e-06, 2.27712280321e-06, 1.60236822921e-06, 2.16410370513e-07, 1.37011056722e-06, 1.66783343047e-06, 1.69271447703e-06, 7.36192077966e-07, 8.62838021476e-07, 4.52736998113e-07, 6.34033824554e-07, 6.53292673292e-08, 3.51409390476e-08, 1.42721017227e-08, 1.71952336814e-08, 1.56975357157e-08, 5.78602810108e-09, 4.52657605843e-10, 9.36416309077e-12, 2.06966307157e-13], "dvar2": [2.75493992064e-08, 9.89322943497e-05, 0.000167561564012, 2.78621573671e-05, 2.37210770138e-05, 1.4551285858e-05, 7.45297256799e-06, 5.33546426595e-06, 5.18815613759e-06, 3.38679433298e-06, 4.51126538792e-07, 2.97844758279e-06, 3.37034521181e-06, 4.0500817704e-06, 1.55534326041e-06, 1.83851773272e-06, 9.95135565063e-07, 1.33478158659e-06, 1.52129871367e-07, 8.18914500655e-08, 3.23345581421e-08, 3.80521747445e-08, 3.48466322464e-08, 1.37042333037e-08, 9.77455338891e-10, 2.00523642829e-11, 5.66975069324e-13], "max": [0.0129925031215, 0.0978137776256, 0.109289415181, 0.0500544346869, 0.0450751781464, 0.0390345454216, 0.037365000695, 0.0507909320295, 0.0338031537831, 0.0416542291641, 0.0137510653585, 0.0375581383705, 0.0333918631077, 0.0528330206871, 0.0339016094804, 0.039457987994, 0.0219429302961, 0.0342069342732, 0.00967406947166, 0.0070332926698, 0.00549291679636, 0.00557547388598, 0.0055263149552, 0.00310458755121, 0.00077841890743, 0.000136153568747, 2.82718046947e-05], "mean": [3.08572307404e-05, 0.00447542965412, 0.00921621453017, 0.00301508931443, 0.00405480712652, 0.00218280171975, 0.00106553290971, 0.00101758900564, 0.00127892941236, 0.000926249835175, 0.0003073719854, 0.000757703150157, 0.000754580250941, 0.000715005677193, 0.000506773241796, 0.000627776898909, 0.000639406556729, 0.000612525152974, 0.000260504952166, 0.000227446100325, 0.000116981413157, 9.26733555389e-05, 5.09843957843e-05, 2.31818921748e-05, 9.14429347176e-06, 1.15427246783e-06, 1.25921451399e-06], "median": [1.55102898134e-05, 0.00226653227583, 0.00558307953179, 0.00174880342092, 0.00240984582342, 0.000989973777905, 0.000417598203057, 0.000279247993603, 0.00055560155306, 0.000268294825219, 0.000103041427792, 0.000166720361449, 0.000140694522997, 0.00022625667043, 0.000209793681279, 0.000223444425501, 0.000297920865705, 0.000249225151492, 0.000137998707942, 0.000127938648802, 6.04639571975e-05, 3.28847127093e-05, 1.34471283673e-05, 4.78795345771e-06, 1.71422652784e-06, 3.56154203018e-07, 1.29065278998e-06], "min": [4.23500716525e-25, 1.96292199882e-24, 1.02588708179e-24, 1.19703785075e-24, 9.225521605e-24, 5.73841877146e-24, 5.05945447337e-24, 7.8782497308e-24, 1.3453634619e-23, 6.91653599061e-24, 1.63802454685e-23, 2.03498392975e-23, 2.57150700628e-23, 3.47238332014e-23, 2.58463223179e-23, 5.73075388336e-23, 5.99280968954e-23, 8.26982450694e-23, 1.24367014043e-22, 1.54547090472e-22, 2.00938775996e-22, 3.40290840333e-22, 3.9208431717e-22, 5.67977630327e-22, 7.97170021312e-22, 1.2631856757e-21, 1.95575748677e-21], "var": [3.19450172981e-08, 4.93715197081e-05, 0.000116210729175, 1.47163082147e-05, 2.53361777141e-05, 1.0172666407e-05, 4.22445737058e-06, 6.08050595474e-06, 4.83142093799e-06, 5.1768161029e-06, 5.88554712522e-07, 4.22464154326e-06, 5.67740880797e-06, 4.26640735895e-06, 1.53359837896e-06, 1.6927095885e-06, 1.3891008166e-06, 1.4788676026e-06, 1.84884754617e-07, 1.00912075141e-07, 3.72306701024e-08, 5.0911506122e-08, 3.74812785253e-08, 9.7376258168e-09, 9.54279544274e-10, 2.09992162548e-11, 4.06319265343e-13]}, "barkbands_crest": {"dmean": 2.59035134315, "dmean2": 4.20537996292, "dvar": 5.19330263138, "dvar2": 13.3310699463, "max": 25.8453140259, "mean": 10.3682918549, "median": 9.59106254578, "min": 2.91266751289, "var": 16.0398483276}, "barkbands_flatness_db": {"dmean": 0.0227500647306, "dmean2": 0.0349128469825, "dvar": 0.000509079836775, "dvar2": 0.00116922869347, "max": 0.429484277964, "mean": 0.160236611962, "median": 0.149319082499, "min": 0.0402685925364, "var": 0.00312501657754}, "barkbands_kurtosis": {"dmean": 4.17325496674, "dmean2": 6.58194065094, "dvar": 76.0450515747, "dvar2": 193.306396484, "max": 275.684906006, "mean": 6.90125846863, "median": 2.50749182701, "min": -1.8927615881, "var": 186.201782227}, "barkbands_skewness": {"dmean": 0.614929914474, "dmean2": 0.94873636961, "dvar": 0.443233639002, "dvar2": 1.05693209171, "max": 15.4194364548, "mean": 1.8820823431, "median": 1.697920084, "min": -3.04091453552, "var": 2.28968262672}, "barkbands_spread": {"dmean": 4.64964914322, "dmean2": 7.22447776794, "dvar": 27.0388069153, "dvar2": 59.3656768799, "max": 89.6557998657, "mean": 18.6101512909, "median": 17.7578697205, "min": 0.657917201519, "var": 127.378517151}, "dissonance": {"dmean": 0.0156861487776, "dmean2": 0.0259571205825, "dvar": 0.000253512698691, "dvar2": 0.000630887807347, "max": 0.500000119209, "mean": 0.467442959547, "median": 0.475073993206, "min": 0.273950219154, "var": 0.000748496095184}, "dynamic_complexity": 2.95358943939, "erbbands": {"dmean": [0.0389444231987, 0.968463003635, 5.80932331085, 6.37127590179, 7.95511102676, 6.33054876328, 6.79794597626, 12.17182827, 12.7168273926, 10.1087245941, 12.9389343262, 17.1156616211, 17.1808414459, 11.1581420898, 9.38111114502, 16.8553562164, 18.0847377777, 20.9540882111, 14.8837652206, 14.3609523773, 22.2071380615, 19.2109146118, 17.8602962494, 10.8205957413, 6.01347780228, 4.72771120071, 2.55708813667, 2.1265642643, 1.5646532774, 1.22921407223, 0.702529430389, 0.37092474103, 0.179547414184, 0.0818258672953, 0.0270991958678, 0.00530577404425, 0.000743320619222, 0.000129557098262, 3.40958904417e-05, 1.37450515467e-05], "dmean2": [0.0615780055523, 1.54255652428, 9.49254894257, 10.5882167816, 12.610449791, 10.1878623962, 10.7771120071, 19.9797477722, 21.663269043, 16.084066391, 20.1044368744, 26.997926712, 26.0866603851, 17.0260906219, 13.9400653839, 25.5351791382, 27.2039527893, 32.425655365, 23.3123073578, 21.7435531616, 34.3745613098, 30.0055351257, 28.2689285278, 16.5518779755, 9.61738109589, 7.63516616821, 4.1412024498, 3.42365860939, 2.4805765152, 1.92145502567, 1.10924494267, 0.596996426582, 0.291242599487, 0.127795472741, 0.0423623248935, 0.00806610286236, 0.00120724062435, 0.000213703504414, 5.69261937926e-05, 2.13946586882e-05], "dvar": [0.00897721387446, 3.17748689651, 65.0370254517, 102.078300476, 133.139129639, 96.8748550415, 133.995300293, 641.47088623, 847.267089844, 607.816223145, 1275.59606934, 1291.36682129, 1906.67871094, 955.436035156, 380.509857178, 2412.32421875, 3265.36450195, 3454.63256836, 1789.98522949, 1682.67858887, 2445.13671875, 1360.98254395, 1509.49890137, 781.224975586, 102.597366333, 84.6410675049, 25.5730457306, 27.1896457672, 22.4532165527, 18.816160202, 13.6756486893, 3.62857151031, 1.22261404991, 0.126207605004, 0.012481790036, 0.000751438143197, 6.85358008923e-06, 1.75557914872e-07, 5.28727683857e-09, 2.94852281479e-10], "dvar2": [0.0208595693111, 7.39651679993, 167.581100464, 279.845794678, 320.115325928, 239.003723145, 312.770202637, 1668.99694824, 2237.19506836, 1305.27355957, 2666.24511719, 2991.2980957, 4078.52954102, 1809.93811035, 764.929382324, 5143.75244141, 6612.53369141, 8026.04638672, 4274.86767578, 3065.93579102, 5521.68164062, 3028.63256836, 3555.49755859, 1508.16430664, 241.311004639, 192.168441772, 57.4356269836, 65.6729354858, 50.1956062317, 38.3569412231, 32.271522522, 8.3345451355, 2.96347403526, 0.27757191658, 0.0264045055956, 0.00152184185572, 1.59611045092e-05, 4.49349698783e-07, 1.41605633885e-08, 6.80206779791e-10], "max": [1.66316258907, 27.3104248047, 117.467132568, 181.113494873, 182.73248291, 232.301193237, 383.999389648, 463.949768066, 642.71307373, 751.198120117, 1522.56164551, 955.199279785, 1466.18432617, 1649.83752441, 695.013671875, 1436.92810059, 1854.84460449, 2135.11303711, 2081.39697266, 2509.27026367, 1304.29626465, 1404.83251953, 900.356140137, 1610.60791016, 250.494354248, 412.981140137, 248.695388794, 198.337432861, 215.509460449, 163.289337158, 163.887786865, 78.9512786865, 50.8779296875, 15.1917800903, 4.33084440231, 1.21785783768, 0.100702382624, 0.0217030309141, 0.00442389957607, 0.000428139988799], "mean": [0.0475245043635, 1.42221462727, 9.77073955536, 10.7671766281, 13.9402656555, 10.8636798859, 12.9178419113, 18.9809684753, 17.5885372162, 16.4187431335, 22.4260826111, 29.8725357056, 32.2641143799, 20.5901756287, 18.2944736481, 31.9049549103, 35.2430305481, 39.7052955627, 26.5623970032, 26.582529068, 38.3403892517, 37.9109687805, 33.7543640137, 21.2793083191, 13.3043422699, 10.1241588593, 5.49374294281, 4.31984853745, 3.37240743637, 2.59266543388, 1.31519031525, 0.651206552982, 0.291188240051, 0.137334436178, 0.0464913733304, 0.00922519527376, 0.0014658162836, 0.000308006623527, 0.000262841378571, 5.65662849112e-05], "median": [0.0218347143382, 0.773598492146, 5.79894971848, 7.6099023819, 7.54341602325, 6.43376350403, 6.02041959763, 7.49660110474, 7.33970546722, 6.028881073, 7.62669467926, 12.896490097, 12.044424057, 6.59285545349, 6.30439424515, 6.610663414, 7.33313846588, 12.9258766174, 11.8054075241, 11.3657770157, 14.5486373901, 18.3000106812, 15.6781520844, 10.0793762207, 7.82038736343, 5.69109344482, 3.20706248283, 1.90635991096, 1.29646956921, 0.73751938343, 0.33223131299, 0.145271077752, 0.0575382113457, 0.0272645615041, 0.00749521702528, 0.00200752913952, 0.000597325153649, 0.000196323555429, 0.000272095145192, 5.42138222954e-05], "min": [4.44104613605e-23, 5.36283950702e-22, 1.51934509371e-21, 2.94085972217e-21, 1.71429837686e-20, 2.75124310703e-20, 2.91277500167e-20, 7.61396747894e-20, 9.59843645324e-20, 1.83225636785e-19, 2.35263504497e-19, 3.3833284546e-19, 4.26329456397e-19, 3.14707016202e-19, 8.99298561054e-19, 1.18116697223e-18, 1.38346184924e-18, 1.97510319596e-18, 2.25922443353e-18, 3.12256028348e-18, 3.14430313947e-18, 4.77738286857e-18, 4.87101681878e-18, 6.23418937516e-18, 5.96884885981e-18, 8.34142247306e-18, 6.61283336851e-18, 8.88704983026e-18, 1.12450390085e-17, 1.11662517096e-17, 9.90736967122e-18, 1.09105230329e-17, 9.66659311133e-18, 8.52169987012e-18, 6.24410396198e-18, 3.75713457874e-18, 2.37744446629e-18, 8.37801456522e-19, 2.55629854401e-19, 2.83142792766e-20], "var": [0.00923246983439, 4.0487613678, 130.001449585, 136.299484253, 332.555206299, 190.210922241, 374.366882324, 1167.01647949, 996.36114502, 1569.67358398, 2730.11328125, 2826.81396484, 4991.234375, 3485.90356445, 1638.7734375, 7747.68652344, 11862.0566406, 11387.6679688, 3196.89086914, 5833.61767578, 4961.50146484, 4358.58984375, 3134.13989258, 2173.06005859, 303.926330566, 222.004196167, 67.5164871216, 65.4085769653, 63.2632484436, 59.159122467, 27.3450393677, 7.05143499374, 1.7461861372, 0.233338937163, 0.0303608290851, 0.00189340382349, 1.38942195917e-05, 2.48704310479e-07, 1.56028434617e-08, 8.18423773197e-10]}, "erbbands_crest": {"dmean": 2.49940729141, "dmean2": 3.95002174377, "dvar": 5.96491003036, "dvar2": 13.6315145493, "max": 31.1491222382, "mean": 8.72137832642, "median": 7.54298877716, "min": 2.05192041397, "var": 18.9775524139}, "erbbands_flatness_db": {"dmean": 0.0136318635195, "dmean2": 0.0201090816408, "dvar": 0.000189046477317, "dvar2": 0.000373886025045, "max": 0.334589779377, "mean": 0.172919467092, "median": 0.172383755445, "min": 0.0176778938621, "var": 0.00133139081299}, "erbbands_kurtosis": {"dmean": 0.775456666946, "dmean2": 1.1974105835, "dvar": 1.3061773777, "dvar2": 2.87097024918, "max": 20.5343914032, "mean": 0.0789566040039, "median": -0.54415166378, "min": -1.87762629986, "var": 3.44729852676}, "erbbands_skewness": {"dmean": 0.36147543788, "dmean2": 0.541515171528, "dvar": 0.111395910382, "dvar2": 0.241778224707, "max": 3.77724170685, "mean": 0.0556977540255, "median": 0.0321276895702, "min": -4.30611515045, "var": 0.656742691994}, "erbbands_spread": {"dmean": 7.02188158035, "dmean2": 10.7131204605, "dvar": 47.4577064514, "dvar2": 102.730903625, "max": 156.933700562, "mean": 39.9923667908, "median": 39.4229888916, "min": 3.60344529152, "var": 273.36126709}, "gfcc": {"cov": [[21299.7285156, 1589.34851074, -3113.44116211, 978.136047363, -1222.00134277, 253.419113159, -548.805541992, -27.8778152466, -180.292404175, -218.959121704, -138.189117432, -216.063323975, -165.523284912], [1589.34851074, 1128.49938965, -29.5595340729, -128.203475952, 295.652862549, -247.159133911, 75.4390716553, -81.5613098145, -25.0603637695, -70.1812515259, -40.6024436951, -39.2938766479, 3.71932411194], [-3113.44116211, -29.5595340729, 918.850097656, -75.0238113403, 202.329910278, -13.2276163101, 88.2661209106, -27.5322208405, -17.9936084747, 27.3724021912, 11.1884346008, 23.500869751, 29.849571228], [978.136047363, -128.203475952, -75.0238113403, 326.272125244, -81.9048538208, 20.1420841217, -81.1373519897, -2.20430874825, 48.5247001648, -15.5329141617, 12.0880689621, -16.4690303802, 16.8948249817], [-1222.00134277, 295.652862549, 202.329910278, -81.9048538208, 384.540527344, -126.535476685, 59.3623085022, -7.20014667511, 31.0743637085, -7.01941108704, -26.231338501, -3.07885432243, 22.1745223999], [253.419113159, -247.159133911, -13.2276163101, 20.1420841217, -126.535476685, 265.969085693, 32.0360183716, 25.0034332275, -37.2972564697, 8.49654388428, 0.166976973414, -3.7620947361, -30.4424648285], [-548.805541992, 75.4390716553, 88.2661209106, -81.1373519897, 59.3623085022, 32.0360183716, 156.836532593, 15.3421430588, -6.41068696976, 0.503560721874, 8.96060752869, -2.68239450455, -22.7170295715], [-27.8778152466, -81.5613098145, -27.5322208405, -2.20430874825, -7.20014667511, 25.0034332275, 15.3421430588, 80.4295730591, 29.3821773529, 14.8647298813, -1.91234385967, -1.66063499451, -7.20160293579], [-180.292404175, -25.0603637695, -17.9936084747, 48.5247001648, 31.0743637085, -37.2972564697, -6.41068696976, 29.3821773529, 99.4665756226, 19.5643138885, 9.26380157471, -1.77817821503, 5.6995677948], [-218.959121704, -70.1812515259, 27.3724021912, -15.5329141617, -7.01941108704, 8.49654388428, 0.503560721874, 14.8647298813, 19.5643138885, 70.5059204102, 29.2414932251, 13.0171165466, 1.15030431747], [-138.189117432, -40.6024436951, 11.1884346008, 12.0880689621, -26.231338501, 0.166976973414, 8.96060752869, -1.91234385967, 9.26380157471, 29.2414932251, 67.6933288574, 31.9783782959, 4.36984968185], [-216.063323975, -39.2938766479, 23.500869751, -16.4690303802, -3.07885432243, -3.7620947361, -2.68239450455, -1.66063499451, -1.77817821503, 13.0171165466, 31.9783782959, 59.4025115967, 20.2993144989], [-165.523284912, 3.71932411194, 29.849571228, 16.8948249817, 22.1745223999, -30.4424648285, -22.7170295715, -7.20160293579, 5.6995677948, 1.15030431747, 4.36984968185, 20.2993144989, 58.7962341309]], "icov": [[0.000680181547068, -0.00209359568544, 0.00153584568761, -0.00213620299473, 0.00180126226041, -0.00115832069423, 0.00121387990657, -0.00134827860165, 0.00156181561761, -0.00134557066485, 0.00147118244786, -0.000854349054862, 0.000966742169112], [-0.00209359568544, 0.00809064973146, -0.00435795821249, 0.00682785315439, -0.00646396167576, 0.00470971968025, -0.00455458508804, 0.00533031625673, -0.004259807989, 0.00498703075573, -0.00477505102754, 0.00362461502664, -0.00296686263755], [0.00153584568761, -0.00435795821249, 0.00492104003206, -0.0048486716114, 0.00314223859459, -0.00259576993994, 0.00193175720051, -0.00225085951388, 0.00405636243522, -0.00362447672524, 0.00331641617231, -0.00196229922585, 0.0015446387697], [-0.00213620299473, 0.00682785315439, -0.0048486716114, 0.0114946281537, -0.00522701628506, 0.00273908581585, -0.00164304056671, 0.00491281459108, -0.00784018915147, 0.00703240558505, -0.00755634624511, 0.00572325848043, -0.00472259661183], [0.00180126226041, -0.00646396167576, 0.00314223859459, -0.00522701628506, 0.00956930313259, -0.00191410747357, 0.00200337683782, -0.00383949372917, 0.00236529298127, -0.00395586527884, 0.00626200297847, -0.00300847995095, 0.00151163106784], [-0.00115832069423, 0.00470971968025, -0.00259576993994, 0.00273908581585, -0.00191410747357, 0.00842131394893, -0.00447543803602, 0.00132136407774, 0.000184159885976, 0.00135478528682, -0.000864931207616, 0.00108695134986, 0.000131380438688], [0.00121387990657, -0.00455458508804, 0.00193175720051, -0.00164304056671, 0.00200337683782, -0.00447543803602, 0.0122928153723, -0.00473960675299, 0.00204075709917, -0.000136190967169, -0.00175532873254, 1.88078338397e-05, 0.00422190828249], [-0.00134827860165, 0.00533031625673, -0.00225085951388, 0.00491281459108, -0.00383949372917, 0.00132136407774, -0.00473960675299, 0.0197648108006, -0.00836887396872, 0.000485286989715, 0.000129970678245, 0.00110449572094, -0.00126921897754], [0.00156181561761, -0.004259807989, 0.00405636243522, -0.00784018915147, 0.00236529298127, 0.000184159885976, 0.00204075709917, -0.00836887396872, 0.0193060617894, -0.00695866765454, 0.00240500713699, -0.000871245923918, 0.00221324781887], [-0.00134557066485, 0.00498703075573, -0.00362447672524, 0.00703240558505, -0.00395586527884, 0.00135478528682, -0.000136190967169, 0.000485286989715, -0.00695866765454, 0.0239010620862, -0.0130503876135, 0.00404303474352, -0.00230295583606], [0.00147118244786, -0.00477505102754, 0.00331641617231, -0.00755634624511, 0.00626200297847, -0.000864931207616, -0.00175532873254, 0.000129970678245, 0.00240500713699, -0.0130503876135, 0.0311861634254, -0.0165432300419, 0.00487546250224], [-0.000854349054862, 0.00362461502664, -0.00196229922585, 0.00572325848043, -0.00300847995095, 0.00108695134986, 1.88078338397e-05, 0.00110449572094, -0.000871245923918, 0.00404303474352, -0.0165432300419, 0.0300411880016, -0.010579623282], [0.000966742169112, -0.00296686263755, 0.0015446387697, -0.00472259661183, 0.00151163106784, 0.000131380438688, 0.00422190828249, -0.00126921897754, 0.00221324781887, -0.00230295583606, 0.00487546250224, -0.010579623282, 0.0245844144374]], "mean": [-32.4669075012, 123.764305115, -124.416236877, 40.2548828125, -37.5801925659, -4.10864257812, -24.5063400269, -3.23803925514, -14.0274868011, -11.9950447083, -14.5962047577, -10.9393949509, -10.9121828079]}, "hfc": {"dmean": 5.25486898422, "dmean2": 7.77151107788, "dvar": 46.8713531494, "dvar2": 100.370452881, "max": 133.364807129, "mean": 18.8217105865, "median": 14.439699173, "min": 1.09111965234e-16, "var": 259.12677002}, "melbands": {"dmean": [0.000621181039605, 0.00235068844631, 0.00107564684004, 0.000559078471269, 0.000215871463297, 0.000266666029347, 0.000183384880074, 0.000114811591629, 0.000106680869067, 0.000110044362373, 8.73913668329e-05, 4.90659222123e-05, 2.87593684334e-05, 4.59368056909e-05, 4.2692576244e-05, 4.16291550209e-05, 4.28730127169e-05, 2.53934213106e-05, 2.53149828495e-05, 1.7414577087e-05, 3.04095465253e-05, 2.12612394535e-05, 1.9346109184e-05, 1.59360315592e-05, 9.04266653379e-06, 4.59747479908e-06, 5.05442449139e-06, 2.92260779133e-06, 1.81394852916e-06, 1.36511653182e-06, 1.25214751279e-06, 9.24810990455e-07, 9.11976655971e-07, 6.55816165818e-07, 4.65313235054e-07, 2.83199881324e-07, 2.15713427565e-07, 1.38257561844e-07, 1.00894631316e-07, 6.36745838278e-08], "dmean2": [0.000988734536804, 0.00380082661286, 0.00176784361247, 0.000884954177309, 0.000343720661476, 0.000438293471234, 0.000310595962219, 0.000182120886166, 0.000166022335179, 0.000173849519342, 0.000133071647724, 7.50338367652e-05, 4.31106927863e-05, 7.00721866451e-05, 6.46853004582e-05, 6.21159488219e-05, 6.64507897454e-05, 4.02039622713e-05, 3.93767440983e-05, 2.65919570666e-05, 4.74910666526e-05, 3.33644820785e-05, 3.08910748572e-05, 2.49943568633e-05, 1.40369238579e-05, 7.32299213269e-06, 8.29396503832e-06, 4.75720707982e-06, 2.97544647765e-06, 2.23463189286e-06, 2.0316233531e-06, 1.48857304794e-06, 1.42925705404e-06, 1.03467152712e-06, 7.4501645031e-07, 4.60704683292e-07, 3.486863136e-07, 2.27169522304e-07, 1.60477028999e-07, 1.00144731618e-07], "dvar": [1.88319381778e-06, 1.07782134364e-05, 2.4285618565e-06, 6.8699756639e-07, 1.19468580806e-07, 2.91039611966e-07, 1.69157431174e-07, 7.47458130945e-08, 8.20062453499e-08, 5.21578016333e-08, 4.81892001858e-08, 1.86398274593e-08, 3.72673136795e-09, 1.35587345795e-08, 1.91853519738e-08, 1.60797668514e-08, 1.64627476096e-08, 6.08147754377e-09, 3.64108609929e-09, 3.016322081e-09, 5.04343189434e-09, 2.17583306927e-09, 1.45213407965e-09, 1.43647571615e-09, 5.92083215789e-10, 7.88188819767e-11, 7.12082059984e-11, 3.56719966066e-11, 1.22889077386e-11, 8.87880914624e-12, 9.51032481933e-12, 8.02103435754e-12, 7.63299146112e-12, 5.97661460253e-12, 6.13046375816e-12, 2.33668076208e-12, 1.33481105943e-12, 7.64938730847e-13, 2.92936437911e-13, 6.54207590878e-14], "dvar2": [4.36066238763e-06, 2.67678169621e-05, 6.66267169436e-06, 1.64668699654e-06, 2.85064771788e-07, 7.67581411765e-07, 4.43774752057e-07, 1.57064263817e-07, 1.69134025896e-07, 1.19609325111e-07, 1.02470515628e-07, 3.63636232237e-08, 7.52969508966e-09, 2.9463738116e-08, 4.26547970278e-08, 3.04726235356e-08, 3.85214704579e-08, 1.48145513634e-08, 7.57002549534e-09, 5.92829074719e-09, 1.14794120876e-08, 4.74786299165e-09, 3.28504334846e-09, 3.12682724157e-09, 1.17185128268e-09, 1.7724040291e-10, 1.75879227848e-10, 8.24807999678e-11, 2.88838779283e-11, 2.10480122914e-11, 2.34341383104e-11, 1.89754774393e-11, 1.65714785644e-11, 1.20862252498e-11, 1.47644309972e-11, 5.58610449564e-12, 3.15755299511e-12, 1.91686987464e-12, 6.761773216e-13, 1.49193808349e-13], "max": [0.0189188402146, 0.0440909340978, 0.0261363964528, 0.0108030484989, 0.0102210342884, 0.00890604034066, 0.00868072453886, 0.00713409716263, 0.0132159553468, 0.00561811961234, 0.00723319733515, 0.00677218195051, 0.00190831115469, 0.00322030717507, 0.00489101139829, 0.00395466573536, 0.00509314611554, 0.00315966061316, 0.0026103486307, 0.00359234842472, 0.0020758647006, 0.00155617739074, 0.00148141838145, 0.00150702719111, 0.00134375493508, 0.000263563852059, 0.000233364262385, 0.000236903637415, 0.000169063845533, 0.000141953336424, 0.000107596271846, 0.000137909955811, 0.000107452346128, 8.81885716808e-05, 0.00010615975043, 5.8640322095e-05, 5.55881742912e-05, 3.78143886337e-05, 2.36879859585e-05, 9.14793599804e-06], "mean": [0.000808394455817, 0.00402589514852, 0.00197866954841, 0.000976880546659, 0.000417782692239, 0.000421708071372, 0.000255530525465, 0.000188264442841, 0.000184995966265, 0.000188983482076, 0.000159671617439, 8.58175044414e-05, 5.03346636833e-05, 8.44385504024e-05, 7.63425996411e-05, 7.59204413043e-05, 7.52196938265e-05, 4.11264700233e-05, 4.16151196987e-05, 3.01370873785e-05, 4.88927362312e-05, 3.82981997973e-05, 3.48473840859e-05, 2.75711827271e-05, 1.63684781e-05, 8.92539901542e-06, 1.00993365777e-05, 5.72742283111e-06, 3.63629646927e-06, 2.56265866483e-06, 2.4134180876e-06, 1.82245651104e-06, 1.85561088983e-06, 1.27500902636e-06, 8.25725408049e-07, 4.80378844259e-07, 3.53991254087e-07, 2.07990140666e-07, 1.56764173198e-07, 1.02178105976e-07], "median": [0.000400080461986, 0.00248233275488, 0.00158458133228, 0.00055317080114, 0.000218516492168, 0.000181722542038, 0.000106825675175, 6.26243709121e-05, 6.29610440228e-05, 8.06338503025e-05, 5.65747541259e-05, 2.51510064118e-05, 1.72821673914e-05, 1.95741777134e-05, 1.30990192702e-05, 1.69975319295e-05, 2.26944284805e-05, 1.66479312611e-05, 1.69317136169e-05, 1.1936388546e-05, 1.7160869902e-05, 1.73165026354e-05, 1.54155131895e-05, 1.11666322482e-05, 7.12061591912e-06, 4.77517369291e-06, 5.59060936212e-06, 3.02319153889e-06, 2.0304305508e-06, 1.32525246954e-06, 9.22583581087e-07, 6.99243571489e-07, 5.45931584384e-07, 3.41267138992e-07, 1.94083142446e-07, 1.10774230677e-07, 6.77572273844e-08, 3.67779051658e-08, 3.08594962917e-08, 1.79318320193e-08], "min": [5.91132623505e-25, 1.05355371564e-24, 7.81475194996e-25, 1.22576579834e-24, 1.20056425621e-24, 1.58272111782e-24, 1.16104271929e-24, 1.68719894079e-24, 2.01403801611e-24, 1.77648892336e-24, 1.60994174943e-24, 7.80841443866e-25, 2.67651946001e-24, 2.46679309696e-24, 1.90490325139e-24, 2.89757564059e-24, 3.26114822117e-24, 2.81846788015e-24, 2.22996167042e-24, 3.96873830935e-24, 2.85768807221e-24, 4.04664147919e-24, 3.3705758505e-24, 3.7018185446e-24, 4.14057588034e-24, 4.63703405255e-24, 3.82309802017e-24, 4.57973474627e-24, 3.16460840967e-24, 4.38410473596e-24, 4.81818136551e-24, 5.27180636273e-24, 5.81301345866e-24, 5.36720449529e-24, 4.90137187556e-24, 4.90878598478e-24, 6.36719100559e-24, 5.97965322514e-24, 4.12605926196e-24, 6.03553652609e-24], "var": [2.02633100344e-06, 2.0823590603e-05, 3.47022705682e-06, 1.60837021213e-06, 3.28789553805e-07, 4.93026561799e-07, 2.06070197351e-07, 2.09566806575e-07, 1.79112177534e-07, 1.13518048295e-07, 1.26231313402e-07, 6.61780035216e-08, 1.34782247585e-08, 4.97135843602e-08, 5.64955335847e-08, 5.59713484449e-08, 5.05882304935e-08, 1.0163716091e-08, 8.76259065308e-09, 7.95167487411e-09, 9.33647559265e-09, 6.35322505715e-09, 3.70355834889e-09, 3.10739722842e-09, 1.56500212789e-09, 2.19345000496e-10, 1.87502249838e-10, 8.21367487913e-11, 3.00300756484e-11, 1.92687619333e-11, 2.19961496933e-11, 1.93008543176e-11, 2.37624104421e-11, 1.77316095834e-11, 1.15199794148e-11, 4.29326713069e-12, 2.26639583836e-12, 1.01725702514e-12, 4.25362463351e-13, 1.21219711786e-13]}, "melbands_crest": {"dmean": 3.71742153168, "dmean2": 6.0578751564, "dvar": 10.7204246521, "dvar2": 27.1207313538, "max": 38.4797897339, "mean": 16.6138896942, "median": 15.9041481018, "min": 1.52053892612, "var": 35.01354599}, "melbands_flatness_db": {"dmean": 0.0293229538947, "dmean2": 0.0449187159538, "dvar": 0.000862819200847, "dvar2": 0.00195615389384, "max": 0.580212175846, "mean": 0.238178357482, "median": 0.226258307695, "min": 0.00289125507697, "var": 0.00657516391948}, "melbands_kurtosis": {"dmean": 10.838341713, "dmean2": 17.3969936371, "dvar": 1213.33374023, "dvar2": 3654.02490234, "max": 1720.11315918, "mean": 20.5758857727, "median": 10.653055191, "min": -1.84240448475, "var": 1992.96142578}, "melbands_skewness": {"dmean": 0.854338824749, "dmean2": 1.32870662212, "dvar": 0.979768455029, "dvar2": 2.51171326637, "max": 35.0625114441, "mean": 3.24142289162, "median": 2.97646141052, "min": -1.12901127338, "var": 4.33026409149}, "melbands_spread": {"dmean": 6.18145513535, "dmean2": 9.63236808777, "dvar": 66.9554367065, "dvar2": 145.761901855, "max": 197.594207764, "mean": 20.6197853088, "median": 16.0498962402, "min": 0.354092299938, "var": 405.181488037}, "mfcc": {"cov": [[9669.49316406, 9.80672168732, -730.341491699, 56.5914230347, -335.527313232, 56.8999099731, -255.780990601, 95.906036377, -134.272033691, 7.19922542572, 63.2299385071, -60.5544776917, -27.9229869843], [9.80672168732, 1659.30078125, -186.126434326, 239.406692505, 119.799659729, -20.4447021484, 87.7735595703, -13.6624689102, 42.9960250854, -33.0339508057, -42.1508407593, -15.3472337723, -46.3828544617], [-730.341491699, -186.126434326, 527.858703613, -5.0231962204, 8.702876091, 67.2557830811, 56.5778198242, -5.22525453568, -6.93029117584, -12.4587240219, -18.3182373047, 19.3533725739, 27.1669998169], [56.5914230347, 239.406692505, -5.0231962204, 305.211456299, 120.251937866, -26.2001667023, -47.6841278076, -26.000711441, 14.2140026093, 18.9689502716, -50.5377044678, 23.4506549835, -24.6240444183], [-335.527313232, 119.799659729, 8.702876091, 120.251937866, 197.692428589, 3.3029961586, -25.6467552185, -16.9200687408, 34.1364250183, 11.8638973236, -22.8479785919, -9.74891853333, -17.2734298706], [56.8999099731, -20.4447021484, 67.2557830811, -26.2001667023, 3.3029961586, 112.245285034, 51.6665802002, 24.7010822296, 0.132838711143, 0.69523859024, 17.4753684998, -7.51846885681, 0.264855086803], [-255.780990601, 87.7735595703, 56.5778198242, -47.6841278076, -25.6467552185, 51.6665802002, 128.058944702, 33.9174690247, 6.31284093857, -5.05596446991, 12.8859729767, 6.6113152504, -1.89946091175], [95.906036377, -13.6624689102, -5.22525453568, -26.000711441, -16.9200687408, 24.7010822296, 33.9174690247, 86.7801437378, 16.1354255676, 7.61655235291, 19.9486789703, -1.82358360291, 4.51981210709], [-134.272033691, 42.9960250854, -6.93029117584, 14.2140026093, 34.1364250183, 0.132838711143, 6.31284093857, 16.1354255676, 73.2367630005, 28.1583538055, -3.00553131104, 6.63567066193, -8.28069591522], [7.19922542572, -33.0339508057, -12.4587240219, 18.9689502716, 11.8638973236, 0.69523859024, -5.05596446991, 7.61655235291, 28.1583538055, 69.7106704712, 11.6244373322, 12.7988576889, -8.00134563446], [63.2299385071, -42.1508407593, -18.3182373047, -50.5377044678, -22.8479785919, 17.4753684998, 12.8859729767, 19.9486789703, -3.00553131104, 11.6244373322, 77.8233947754, 4.02404022217, 17.6932010651], [-60.5544776917, -15.3472337723, 19.3533725739, 23.4506549835, -9.74891853333, -7.51846885681, 6.6113152504, -1.82358360291, 6.63567066193, 12.7988576889, 4.02404022217, 72.7457046509, 12.820394516], [-27.9229869843, -46.3828544617, 27.1669998169, -24.6240444183, -17.2734298706, 0.264855086803, -1.89946091175, 4.51981210709, -8.28069591522, -8.00134563446, 17.6932010651, 12.820394516, 79.9318389893]], "icov": [[0.000151622807607, -2.02960582101e-05, 0.000191034705495, -0.000146030550241, 0.00037320406409, -0.00039738995838, 0.000461213319795, -0.000229171986575, 0.000185818731552, -3.2924945117e-05, -3.97562916987e-06, 6.07284709986e-05, 4.42545642727e-05], [-2.02960582101e-05, 0.000890527386218, 0.000378823810024, -0.000848464667797, -0.000156557784067, 0.000327339657815, -0.00135510868859, 0.000419184099883, -0.000610380200669, 0.000795718457084, -0.000131098830025, 0.000411728979088, 8.10960864328e-06], [0.000191034705495, 0.000378823810024, 0.00268502440304, -0.000513099425007, 0.000223547947826, -0.00169935519807, -0.000718936673366, 0.000411306275055, 0.000174436529051, 0.000395636452595, 0.000973897869699, -0.000366133637726, -0.00086966418894], [-0.000146030550241, -0.000848464667797, -0.000513099425007, 0.00632715923712, -0.00328578241169, 0.000422592362156, 0.00189639325254, -0.000468428566819, 0.00163546239492, -0.00195425469428, 0.00272169173695, -0.00287660071626, 0.000773012288846], [0.00037320406409, -0.000156557784067, 0.000223547947826, -0.00328578241169, 0.00882220454514, -0.00234366394579, 0.00212211930193, 0.000843638496008, -0.00339830247685, 0.000444759323727, -0.000294663914246, 0.00224695890211, 0.000265604699962], [-0.00039738995838, 0.000327339657815, -0.00169935519807, 0.000422592362156, -0.00234366394579, 0.0137003408745, -0.00570172909647, -0.00115777179599, 0.000593864067923, -0.000384162121918, -0.00224420311861, 0.00171548232902, 0.000381671445211], [0.000461213319795, -0.00135510868859, -0.000718936673366, 0.00189639325254, 0.00212211930193, -0.00570172909647, 0.0146461231634, -0.00412620138377, 0.000123193531181, 0.000438250077423, 0.000175222477992, -0.00245444267057, 0.00167370191775], [-0.000229171986575, 0.000419184099883, 0.000411306275055, -0.000468428566819, 0.000843638496008, -0.00115777179599, -0.00412620138377, 0.0152966016904, -0.00433417782187, 0.000131240885821, -0.00255780946463, 0.00137909257319, -0.000988661195152], [0.000185818731552, -0.000610380200669, 0.000174436529051, 0.00163546239492, -0.00339830247685, 0.000593864067923, 0.000123193531181, -0.00433417782187, 0.0198786761612, -0.00769478827715, 0.00243023317307, -0.00177947897464, 0.000703498139046], [-3.2924945117e-05, 0.000795718457084, 0.000395636452595, -0.00195425469428, 0.000444759323727, -0.000384162121918, 0.000438250077423, 0.000131240885821, -0.00769478827715, 0.0197806488723, -0.00426565669477, -0.00230094813742, 0.00231031514704], [-3.97562916987e-06, -0.000131098830025, 0.000973897869699, 0.00272169173695, -0.000294663914246, -0.00224420311861, 0.000175222477992, -0.00255780946463, 0.00243023317307, -0.00426565669477, 0.0173696894199, -0.00137336039916, -0.00327726406977], [6.07284709986e-05, 0.000411728979088, -0.000366133637726, -0.00287660071626, 0.00224695890211, 0.00171548232902, -0.00245444267057, 0.00137909257319, -0.00177947897464, -0.00230094813742, -0.00137336039916, 0.0168103575706, -0.00296494131908], [4.42545642727e-05, 8.10960864328e-06, -0.00086966418894, 0.000773012288846, 0.000265604699962, 0.000381671445211, 0.00167370191775, -0.000988661195152, 0.000703498139046, 0.00231031514704, -0.00327726406977, -0.00296494131908, 0.0147214848548]], "mean": [-663.536193848, 147.79107666, -18.5036716461, 43.9069023132, 5.7073597908, 8.2762966156, -2.41907787323, 7.28144550323, 0.59746748209, 1.66654849052, -0.689680695534, -2.19756174088, -5.61409950256]}, "pitch_salience": {"dmean": 0.0817383602262, "dmean2": 0.132142961025, "dvar": 0.00533754425123, "dvar2": 0.0139589617029, "max": 0.852315723896, "mean": 0.51965790987, "median": 0.523167431355, "min": 0.0814363434911, "var": 0.0138054424897}, "silence_rate_20dB": {"dmean": 0, "dmean2": 0, "dvar": 0, "dvar2": 0, "max": 1, "mean": 1, "median": 1, "min": 1, "var": 0}, "silence_rate_30dB": {"dmean": 0.00548095349222, "dmean2": 0.0109629090875, "dvar": 0.00545125827193, "dvar2": 0.0143153704703, "max": 1, "mean": 0.996072351933, "median": 1, "min": 0, "var": 0.00391210801899}, "silence_rate_60dB": {"dmean": 0.0158947650343, "dmean2": 0.0317924357951, "dvar": 0.0156435742974, "dvar2": 0.035528935492, "max": 1, "mean": 0.0597369372845, "median": 0, "min": 0, "var": 0.0561702884734}, "spectral_centroid": {"dmean": 229.46585083, "dmean2": 354.074371338, "dvar": 87258.2421875, "dvar2": 191488.21875, "max": 11654.3896484, "mean": 1291.04003906, "median": 1165.02783203, "min": 145.376937866, "var": 1483581.5}, "spectral_complexity": {"dmean": 4.18580436707, "dmean2": 6.06486368179, "dvar": 20.9258174896, "dvar2": 39.640537262, "max": 55, "mean": 19.7944831848, "median": 19, "min": 0, "var": 134.573455811}, "spectral_contrast_coeffs": {"dmean": [0.0520364157856, 0.0478164106607, 0.0369800366461, 0.0297839324921, 0.0227939374745, 0.016213612631], "dmean2": [0.0858905017376, 0.0775769948959, 0.0595548003912, 0.0471253059804, 0.0362965166569, 0.0256928056479], "dvar": [0.00169399601873, 0.00155867601279, 0.000927491113544, 0.00061249017017, 0.000382341939257, 0.00022032862762], "dvar2": [0.00459887739271, 0.00394760584459, 0.00222583138384, 0.00140066049062, 0.00089347618632, 0.000500157533679], "max": [-0.338931232691, -0.387770533562, -0.449381113052, -0.49229440093, -0.530136406422, -0.600805699825], "mean": [-0.595329225063, -0.73955231905, -0.778473317623, -0.79199975729, -0.783201873302, -0.725456655025], "median": [-0.591799557209, -0.743461728096, -0.787723302841, -0.80126285553, -0.784465193748, -0.71610301733], "min": [-0.976927816868, -0.975447356701, -0.976849615574, -0.988242685795, -0.983145654202, -0.964181900024], "var": [0.00754064274952, 0.00660175923258, 0.0049696196802, 0.0039449064061, 0.00259608007036, 0.00219716900028]}, "spectral_contrast_valleys": {"dmean": [0.465747922659, 0.406142771244, 0.361058264971, 0.323896855116, 0.259296089411, 0.262692779303], "dmean2": [0.749128878117, 0.64496409893, 0.556988120079, 0.476911365986, 0.378313064575, 0.384191423655], "dvar": [0.18406419456, 0.169279068708, 0.141585767269, 0.127831473947, 0.114576354623, 0.147728517652], "dvar2": [0.422758966684, 0.368044674397, 0.286467343569, 0.243915349245, 0.227947354317, 0.31137496233], "max": [-5.07952642441, -4.62208032608, -5.06219530106, -5.83238887787, -5.79561138153, -7.81328868866], "mean": [-7.42960834503, -6.95889854431, -7.52415561676, -7.80755853653, -7.71527385712, -11.2759046555], "median": [-7.1036362648, -6.62744808197, -7.20443820953, -7.47035074234, -7.33213806152, -11.0197315216], "min": [-28.1792087555, -28.2990036011, -27.7357540131, -27.7990627289, -27.546787262, -27.3959903717], "var": [5.41494607925, 5.71460771561, 5.45230674744, 5.37402820587, 5.45193386078, 4.02576828003]}, "spectral_decrease": {"dmean": 2.93357937942e-09, "dmean2": 4.52748372126e-09, "dvar": 1.32103614141e-17, "dvar2": 2.98129822486e-17, "max": 2.13953868638e-28, "mean": -8.28267587849e-09, "median": -7.5843331615e-09, "min": -4.47519923341e-08, "var": 3.22053771772e-17}, "spectral_energy": {"dmean": 0.0114013124257, "dmean2": 0.017571778968, "dvar": 0.000197085828404, "dvar2": 0.000443004013505, "max": 0.171761780977, "mean": 0.0329679772258, "median": 0.030391279608, "min": 9.95886360305e-21, "var": 0.000496518041473}, "spectral_energyband_high": {"dmean": 0.00014767992252, "dmean2": 0.000230426594499, "dvar": 1.65671409036e-07, "dvar2": 3.34090827891e-07, "max": 0.0167584903538, "mean": 0.000375001633074, "median": 0.00019683354185, "min": 7.07194914307e-21, "var": 5.46984040284e-07}, "spectral_energyband_low": {"dmean": 0.00849662814289, "dmean2": 0.0135333165526, "dvar": 0.00014066490985, "dvar2": 0.000335586752044, "max": 0.152646332979, "mean": 0.0155698731542, "median": 0.0109113417566, "min": 2.09797762847e-23, "var": 0.000256681349128}, "spectral_energyband_middle_high": {"dmean": 0.00193371961359, "dmean2": 0.00281864614226, "dvar": 7.61810179029e-06, "dvar2": 1.55438156071e-05, "max": 0.0628713071346, "mean": 0.00607454497367, "median": 0.00342496135272, "min": 1.07718403774e-21, "var": 5.37940395589e-05}, "spectral_energyband_middle_low": {"dmean": 0.00519696017727, "dmean2": 0.0081695606932, "dvar": 4.25011166953e-05, "dvar2": 0.000104325794382, "max": 0.080974265933, "mean": 0.0129784848541, "median": 0.0114162433892, "min": 1.2586803333e-22, "var": 8.97996869753e-05}, "spectral_entropy": {"dmean": 0.147608920932, "dmean2": 0.217713087797, "dvar": 0.0291051492095, "dvar2": 0.058695524931, "max": 9.82706165314, "mean": 7.39453315735, "median": 7.4515709877, "min": 5.12326383591, "var": 0.253960698843}, "spectral_flux": {"dmean": 0.0278454124928, "dmean2": 0.0441086106002, "dvar": 0.000853979086969, "dvar2": 0.00186513608787, "max": 0.342821985483, "mean": 0.0891122147441, "median": 0.0819451510906, "min": 6.37606148435e-11, "var": 0.00233487808146}, "spectral_kurtosis": {"dmean": 2.27708101273, "dmean2": 3.92942380905, "dvar": 7.88141155243, "dvar2": 21.4996643066, "max": 68.3149185181, "mean": 5.49797821045, "median": 4.2739200592, "min": -1.27416300774, "var": 20.1504573822}, "spectral_rms": {"dmean": 0.000955893541686, "dmean2": 0.00144504604395, "dvar": 1.06705886083e-06, "dvar2": 2.2371009436e-06, "max": 0.0129449786618, "mean": 0.00527437217534, "median": 0.0054451841861, "min": 3.11704416618e-12, "var": 4.34481671618e-06}, "spectral_rolloff": {"dmean": 376.269561768, "dmean2": 623.132263184, "dvar": 423849.53125, "dvar2": 929236.5, "max": 19638.28125, "mean": 1299.84521484, "median": 775.1953125, "min": 21.533203125, "var": 4595617.5}, "spectral_skewness": {"dmean": 0.247595101595, "dmean2": 0.411496192217, "dvar": 0.0723002776504, "dvar2": 0.181055828929, "max": 6.93221521378, "mean": 1.43173849583, "median": 1.31563222408, "min": -0.0848587602377, "var": 0.34004753828}, "spectral_spread": {"dmean": 299190.53125, "dmean2": 462190.8125, "dvar": 516492722176, "dvar2": 1165243711490.0, "max": 43463088, "mean": 3724938.25, "median"