{"lowlevel": {"average_loudness": 0.807770729065, "barkbands": {"dmean": [2.46496329055e-05, 0.0032541975379, 0.00267233815975, 0.00138569797855, 0.00485458830371, 0.000505725445691, 0.00020651788509, 0.000363102153642, 0.000569682219066, 0.000200713810045, 0.000158654060215, 0.000155940011609, 0.000279784493614, 0.000233858256252, 0.000200893831789, 0.000110476968985, 8.9140739874e-05, 6.37363191345e-05, 8.558256377e-05, 6.61244557705e-05, 4.35111178376e-05, 6.75022311043e-05, 5.50062468392e-05, 3.24108295899e-05, 3.08410999423e-05, 1.76870198629e-05, 1.63795302797e-05], "dmean2": [4.14359674323e-05, 0.00547682959586, 0.00464231148362, 0.00238590105437, 0.00781694985926, 0.000826552917715, 0.000320826598909, 0.000556569953915, 0.000894540862646, 0.00031638823566, 0.000248820579145, 0.000253149948549, 0.000449481420219, 0.000375646312023, 0.000312647287501, 0.000181750045158, 0.000138875824632, 9.89110412775e-05, 0.000134936955874, 9.90457119769e-05, 6.74512266414e-05, 0.000104957201984, 7.08259904059e-05, 4.18821182393e-05, 3.87953259633e-05, 2.39955570578e-05, 2.42889109359e-05], "dvar": [6.82617828929e-09, 0.000104985672806, 7.87188619142e-05, 1.01092819023e-05, 0.000268310686806, 1.67550649621e-06, 1.64430218774e-07, 6.04988485975e-07, 1.28777048758e-06, 2.19189956852e-07, 1.24721722727e-07, 8.99448338032e-08, 2.21813323265e-07, 1.78176506438e-07, 1.73085268784e-07, 3.4932302384e-08, 1.84815789339e-08, 1.1165245617e-08, 1.76965500032e-08, 1.09887654531e-08, 7.23608728492e-09, 2.16313900125e-08, 1.38785400949e-08, 4.59055948809e-09, 2.82837819832e-09, 7.02239877359e-10, 8.05909006196e-10], "dvar2": [1.8048844197e-08, 0.000272569188382, 0.000196314722416, 2.74462181551e-05, 0.000689288135618, 4.47709726359e-06, 3.8837805505e-07, 1.30625255679e-06, 3.18800243804e-06, 5.28866280547e-07, 2.92893275855e-07, 2.23851998271e-07, 5.62249169889e-07, 4.49959372872e-07, 4.12684642015e-07, 8.80690720351e-08, 4.27183621809e-08, 2.57419454641e-08, 4.19448653588e-08, 2.42130688832e-08, 1.75423355842e-08, 5.44101474986e-08, 2.71653899375e-08, 8.90933904429e-09, 4.28418944765e-09, 1.44501866028e-09, 1.79568937497e-09], "max": [0.00076922372682, 0.0842481255531, 0.137578934431, 0.0317293964326, 0.152019456029, 0.0154577307403, 0.00893701706082, 0.0146862752736, 0.0212201476097, 0.00856326613575, 0.00885721668601, 0.00802726019174, 0.00682832719758, 0.0062643783167, 0.0129458345473, 0.00352927180938, 0.00297698099166, 0.00180301838554, 0.00182671146467, 0.0014815608738, 0.00143300404307, 0.00173496408388, 0.00151620036922, 0.000814516155515, 0.000748382124584, 0.000404009595513, 0.000301330030197], "mean": [1.81254617928e-05, 0.00270620035008, 0.00240943464451, 0.00151146505959, 0.0046152244322, 0.000618112564553, 0.000340286700521, 0.000565898313653, 0.000857499078847, 0.000319695071084, 0.000215445761569, 0.000225039606448, 0.000423795834649, 0.000347097142367, 0.000358873599907, 0.000174803542905, 0.000160888550454, 0.000109449385491, 0.000151377767907, 0.000121801553178, 6.44847459625e-05, 9.48196320678e-05, 9.01368985069e-05, 5.24133865838e-05, 6.09401358815e-05, 2.37306285271e-05, 1.63903496286e-05], "median": [7.96717984031e-07, 0.00017205500626, 0.000279622210655, 0.000507427495904, 0.000828908465337, 0.000241833258769, 0.000140830728924, 0.00015967694344, 0.000260490400251, 8.89387156349e-05, 5.99422419327e-05, 8.78066057339e-05, 0.00017810362624, 0.000129259322421, 0.00012912072998, 8.70655130711e-05, 7.88868928794e-05, 5.10945719725e-05, 6.5291809733e-05, 4.67129830213e-05, 1.80899278348e-05, 2.68954190688e-05, 2.47560637945e-05, 1.37043161885e-05, 2.04679326998e-05, 6.84892938807e-06, 2.01906186703e-06], "min": [4.59853349886e-25, 3.76296433666e-24, 1.45172119957e-24, 1.63357710684e-24, 1.11569607567e-23, 9.38565642446e-24, 6.5643040744e-24, 4.18715969451e-24, 1.39928494467e-23, 1.08762848355e-23, 1.36838526301e-23, 2.5422090278e-23, 3.84565904763e-23, 3.20842699027e-23, 5.41520636583e-23, 5.97653896005e-23, 6.08395341635e-23, 1.07420628346e-22, 1.08644915228e-22, 1.63691048592e-22, 2.99622927589e-22, 2.99037453958e-22, 3.75049768378e-22, 5.88859094032e-22, 7.86185947311e-22, 1.23765849022e-21, 2.04819532412e-21], "var": [5.02957719917e-09, 8.32836667541e-05, 7.2140537668e-05, 8.33319518279e-06, 0.000232712860452, 1.49773086378e-06, 3.2937853689e-07, 1.28700003188e-06, 2.25876351578e-06, 5.23434323441e-07, 2.15835953554e-07, 1.51831287099e-07, 3.70138934613e-07, 2.92829440696e-07, 4.32146038065e-07, 6.18530435759e-08, 4.54402311334e-08, 2.33050307941e-08, 3.90906045311e-08, 2.97933606674e-08, 1.21980834322e-08, 3.09070991023e-08, 3.19153201644e-08, 9.70465841021e-09, 9.75270442183e-09, 1.29127297743e-09, 1.00379793366e-09]}, "barkbands_crest": {"dmean": 2.93977642059, "dmean2": 4.62615156174, "dvar": 7.9972281456, "dvar2": 18.7358970642, "max": 25.959980011, "mean": 9.54608535767, "median": 8.52079391479, "min": 1.91888976097, "var": 17.8716526031}, "barkbands_flatness_db": {"dmean": 0.0256613865495, "dmean2": 0.0391437597573, "dvar": 0.000669282162562, "dvar2": 0.00171782611869, "max": 0.347832709551, "mean": 0.125041782856, "median": 0.117092348635, "min": 0.0269809663296, "var": 0.00226876745}, "barkbands_kurtosis": {"dmean": 3.42358613014, "dmean2": 5.494099617, "dvar": 42.3946800232, "dvar2": 106.49647522, "max": 90.8140640259, "mean": 3.48829317093, "median": 0.963690042496, "min": -1.87271225452, "var": 55.9066123962}, "barkbands_skewness": {"dmean": 0.675505876541, "dmean2": 1.00056111813, "dvar": 0.619523823261, "dvar2": 1.32894635201, "max": 9.09701633453, "mean": 1.43071436882, "median": 1.19036543369, "min": -2.09535574913, "var": 1.54401803017}, "barkbands_spread": {"dmean": 6.54143762589, "dmean2": 9.96753406525, "dvar": 53.5271949768, "dvar2": 119.07736969, "max": 140.427932739, "mean": 23.2706203461, "median": 21.3194313049, "min": 1.47987055779, "var": 159.770187378}, "dissonance": {"dmean": 0.0183633267879, "dmean2": 0.0309235248715, "dvar": 0.000375091738533, "dvar2": 0.00101853441447, "max": 0.500000119209, "mean": 0.464801251888, "median": 0.471777975559, "min": 0.0944727808237, "var": 0.000720609736163}, "dynamic_complexity": 4.10191059113, "erbbands": {"dmean": [0.0577228441834, 0.881826281548, 2.99086856842, 3.71026611328, 17.7005729675, 10.9904661179, 4.0569319725, 3.86360883713, 2.4821100235, 4.86511945724, 8.38299942017, 13.6363143921, 8.25061511993, 5.06534099579, 6.31580448151, 6.55096340179, 12.1125202179, 11.1781072617, 11.3618946075, 8.1531829834, 5.43822097778, 4.55510950089, 3.7160089016, 3.25287914276, 4.42089748383, 3.26334857941, 1.73387932777, 1.92154014111, 2.76528096199, 1.87530732155, 1.52540898323, 0.794302940369, 0.488974690437, 0.265092670918, 0.302001982927, 0.0827123820782, 0.0332424193621, 0.0109053272754, 0.00304136727937, 0.000186617515283], "dmean2": [0.0977200940251, 1.48811018467, 5.13491392136, 6.32869958878, 28.2994918823, 18.3311767578, 6.68175029755, 6.2162399292, 3.82326579094, 7.46771812439, 13.0116882324, 21.3207969666, 12.9343299866, 7.67467498779, 10.0511331558, 10.4316520691, 19.1432628632, 18.0546188354, 17.8889503479, 12.6830654144, 8.86369514465, 6.99128770828, 5.68029069901, 5.06079339981, 6.84363079071, 4.84785223007, 2.60540723801, 3.06907272339, 4.29588460922, 2.44303154945, 2.11498165131, 1.01835775375, 0.627422213554, 0.337077498436, 0.40184378624, 0.106298618019, 0.0462553352118, 0.0160686988384, 0.00453141937032, 0.000271058903309], "dvar": [0.034305267036, 7.68431282043, 95.4297561646, 74.6674118042, 3569.73754883, 1247.96508789, 93.6067504883, 86.0307922363, 21.1742534637, 123.852165222, 332.411590576, 798.942199707, 320.366668701, 113.381607056, 194.1534729, 158.274581909, 419.023101807, 420.485839844, 508.561096191, 244.299362183, 89.7220916748, 50.7766036987, 37.1851196289, 27.5319633484, 46.5935783386, 28.5068664551, 10.589840889, 16.0249271393, 37.9676437378, 13.9899168015, 12.2144508362, 2.86979460716, 0.920710980892, 0.203469693661, 0.324236512184, 0.0145779121667, 0.00274039502256, 0.000345115462551, 2.8259388273e-05, 1.22129890201e-07], "dvar2": [0.0875040963292, 20.2081928253, 240.390884399, 198.437530518, 9145.10839844, 3306.78564453, 244.384643555, 226.839920044, 47.2101898193, 289.951843262, 736.312561035, 1977.55322266, 783.740112305, 252.85093689, 474.303436279, 369.885162354, 1049.58435059, 1082.98681641, 1197.53710938, 577.805664062, 227.217041016, 114.842430115, 84.5287628174, 62.2156486511, 106.602455139, 63.3132553101, 24.5769386292, 40.5921211243, 97.2458114624, 26.3739566803, 27.0931873322, 5.55181932449, 1.72526204586, 0.306321889162, 0.567402362823, 0.0271904300898, 0.00582156423479, 0.000775899039581, 6.35732212686e-05, 2.73984198884e-07], "max": [1.35068821907, 23.815952301, 144.916091919, 105.506790161, 544.088195801, 328.356140137, 107.957420349, 107.682418823, 147.232681274, 314.561279297, 348.548675537, 561.979187012, 317.694274902, 286.480773926, 428.915618896, 299.805725098, 352.923797607, 319.770446777, 550.081054688, 396.203369141, 149.275314331, 173.933654785, 111.034805298, 79.279876709, 77.3942489624, 76.9413528442, 52.3037986755, 55.5365486145, 78.4262161255, 52.1558227539, 45.8175888062, 21.7032032013, 12.3920888901, 7.96476554871, 8.52882194519, 1.69495022297, 0.988507866859, 0.213873669505, 0.0562169030309, 0.00496749999002], "mean": [0.045783855021, 0.740227997303, 2.6896853447, 4.0271320343, 16.4203586578, 10.6420240402, 5.09017181396, 5.03086709976, 4.13858699799, 8.31980133057, 13.6457891464, 21.2367839813, 13.0374011993, 8.24538803101, 9.33627796173, 10.3549909592, 19.4498558044, 17.324426651, 20.9326229095, 14.8140802383, 9.26689910889, 8.50641059875, 6.74883747101, 6.17547798157, 8.1763086319, 5.92612600327, 2.91309380531, 2.72817659378, 3.70299601555, 3.04671859741, 2.36856651306, 1.2613440752, 0.81270223856, 0.523958742619, 0.551021516323, 0.133097335696, 0.0422740541399, 0.0110543426126, 0.00298881204799, 0.000206853874261], "median": [0.00245218770579, 0.0589697994292, 0.372112691402, 1.28355920315, 2.75136446953, 2.44414258003, 1.98638963699, 2.00506615639, 1.97392821312, 2.81329751015, 4.58086872101, 6.88323354721, 3.68664312363, 3.08680772781, 3.57664704323, 4.26473093033, 8.83807468414, 8.07276821136, 7.63594055176, 7.96535158157, 4.57938528061, 4.2425994873, 3.4338786602, 2.76412200928, 3.55759644508, 2.31884837151, 1.04785609245, 0.703499257565, 1.0051330328, 0.836728990078, 0.660292744637, 0.31342586875, 0.21294991672, 0.16096803546, 0.173919945955, 0.0488490685821, 0.0103712882847, 0.00170410145074, 0.000355516385753, 3.30962138833e-05], "min": [1.40000230322e-22, 9.24384431948e-22, 1.80545113582e-21, 7.45300879462e-21, 2.14623674466e-20, 4.68256734256e-20, 6.82486431643e-20, 1.19810365036e-19, 1.86294476858e-19, 2.32394790434e-19, 1.88453547504e-19, 3.49562365112e-19, 4.14487331952e-19, 5.08781940976e-19, 1.11842118686e-18, 1.22668796211e-18, 1.80611433272e-18, 2.02698355039e-18, 2.25887412254e-18, 3.78195537379e-18, 4.82351349056e-18, 4.36443280009e-18, 5.78145191922e-18, 6.26156574471e-18, 6.2968466522e-18, 9.0846078575e-18, 1.03176851694e-17, 9.97732598998e-18, 1.08862337014e-17, 9.90778491588e-18, 1.03274384561e-17, 1.13180699576e-17, 1.05112065553e-17, 9.10850096949e-18, 5.56844877558e-18, 3.94196932738e-18, 2.26657021096e-18, 1.16302617761e-18, 2.69282186068e-19, 2.58122388694e-20], "var": [0.0273296646774, 5.99614143372, 85.8772888184, 66.1587295532, 3125.88037109, 1002.90374756, 92.1516723633, 85.9736633301, 41.7563056946, 252.528442383, 680.999389648, 1481.85546875, 703.995727539, 277.892608643, 293.82699585, 293.069793701, 735.731140137, 636.539611816, 1422.52478027, 492.438690186, 166.476333618, 121.503555298, 80.0785522461, 65.7579269409, 113.63747406, 72.5947036743, 21.0137443542, 23.0777359009, 49.130657196, 34.4777412415, 22.610616684, 5.96153354645, 2.18455600739, 0.733969509602, 0.923593759537, 0.0382080934942, 0.00452579371631, 0.00040697431541, 3.40432234225e-05, 1.63287239729e-07]}, "erbbands_crest": {"dmean": 2.66801476479, "dmean2": 4.30682849884, "dvar": 6.10128736496, "dvar2": 15.3206386566, "max": 31.9015483856, "mean": 8.78593254089, "median": 7.87215137482, "min": 2.2373714447, "var": 16.5731735229}, "erbbands_flatness_db": {"dmean": 0.0219683367759, "dmean2": 0.0284794457257, "dvar": 0.000550766242668, "dvar2": 0.00094397214707, "max": 0.411414146423, "mean": 0.149253413081, "median": 0.141680523753, "min": 0.0222136769444, "var": 0.00258111860603}, "erbbands_kurtosis": {"dmean": 0.712436318398, "dmean2": 1.09618794918, "dvar": 0.805277764797, "dvar2": 1.7588082552, "max": 19.2349720001, "mean": 0.165581330657, "median": -0.203255653381, "min": -1.76979720592, "var": 2.19420409203}, "erbbands_skewness": {"dmean": 0.338910877705, "dmean2": 0.510002613068, "dvar": 0.0960965454578, "dvar2": 0.207086950541, "max": 3.56212520599, "mean": 0.110470883548, "median": 0.122794553638, "min": -2.97345709801, "var": 0.378435373306}, "erbbands_spread": {"dmean": 8.57859516144, "dmean2": 12.4376049042, "dvar": 82.4795303345, "dvar2": 168.329727173, "max": 130.751144409, "mean": 38.9132919312, "median": 35.2664031982, "min": 3.36656093597, "var": 334.760986328}, "gfcc": {"cov": [[15443.2470703, -649.161987305, 118.543045044, 828.012268066, -666.277893066, 256.477966309, -171.273239136, 94.1462402344, -328.414306641, -466.390075684, -480.855316162, -173.813781738, -420.418304443], [-649.161987305, 1819.83337402, -61.1680259705, 253.687866211, 477.472076416, 62.1403007507, 174.52784729, 49.1096420288, 87.6427612305, -10.0648622513, 69.6775436401, -86.3014831543, -20.4009361267], [118.543045044, -61.1680259705, 1243.92053223, 204.75692749, 426.934326172, 233.898086548, 175.647491455, 5.18841695786, 13.6060009003, 17.6399536133, -85.2039108276, 40.7153129578, -33.3348770142], [828.012268066, 253.687866211, 204.75692749, 620.507263184, 40.9718894958, 196.600509644, 58.46251297, 23.7758865356, 3.15154123306, -74.7856369019, -47.416343689, -62.1954956055, -34.6020317078], [-666.277893066, 477.472076416, 426.934326172, 40.9718894958, 610.185058594, 105.25958252, 212.647445679, 58.7870635986, 86.0008773804, 84.1039047241, 9.173828125, 3.80730319023, 0.502167701721], [256.477966309, 62.1403007507, 233.898086548, 196.600509644, 105.25958252, 261.864105225, 103.706077576, 58.6021575928, 21.5519943237, 24.9559841156, -17.9971733093, -7.36526155472, -19.5402736664], [-171.273239136, 174.52784729, 175.647491455, 58.46251297, 212.647445679, 103.706077576, 246.484268188, 77.65990448, 52.8216934204, 24.8158340454, 21.1723423004, 5.39929628372, -25.2129669189], [94.1462402344, 49.1096420288, 5.18841695786, 23.7758865356, 58.7870635986, 58.6021575928, 77.65990448, 146.240951538, 66.5146179199, 38.4859008789, 13.3887138367, -1.21209061146, -21.0499267578], [-328.414306641, 87.6427612305, 13.6060009003, 3.15154123306, 86.0008773804, 21.5519943237, 52.8216934204, 66.5146179199, 117.024803162, 49.1650047302, 21.7916603088, 1.78039681911, 4.08196353912], [-466.390075684, -10.0648622513, 17.6399536133, -74.7856369019, 84.1039047241, 24.9559841156, 24.8158340454, 38.4859008789, 49.1650047302, 138.789749146, 49.0581207275, 27.9379520416, 17.8732128143], [-480.855316162, 69.6775436401, -85.2039108276, -47.416343689, 9.173828125, -17.9971733093, 21.1723423004, 13.3887138367, 21.7916603088, 49.0581207275, 100.930793762, 31.3390426636, 10.8435564041], [-173.813781738, -86.3014831543, 40.7153129578, -62.1954956055, 3.80730319023, -7.36526155472, 5.39929628372, -1.21209061146, 1.78039681911, 27.9379520416, 31.3390426636, 89.7074813843, 32.8144111633], [-420.418304443, -20.4009361267, -33.3348770142, -34.6020317078, 0.502167701721, -19.5402736664, -25.2129669189, -21.0499267578, 4.08196353912, 17.8732128143, 10.8435564041, 32.8144111633, 85.4499206543]], "icov": [[0.000104307488073, 1.01732848634e-05, 3.41063750966e-05, -0.000106669751403, 4.54708097095e-05, -2.32823294937e-05, 5.85243760725e-05, -0.000183383730473, 0.000213276667637, 7.12930923328e-05, 0.000412487221183, -0.000226894830121, 0.000461926829303], [1.01732848634e-05, 0.000979507574812, 0.000387445645174, -0.000397464464186, -0.00110804033466, -4.28356770499e-07, 9.28279769141e-05, 9.51851106947e-05, -0.000161883348483, 0.000723773788195, -0.00094009161694, 0.000636660901364, 6.25087195658e-05], [3.41063750966e-05, 0.000387445645174, 0.00167049875017, -0.000403589219786, -0.00136800669134, -0.000801215937827, -4.3824333261e-05, 0.00069917307701, 6.76866911817e-05, 0.000192700361367, 0.00125155551359, -0.00149778730702, 0.0011054999195], [-0.000106669751403, -0.000397464464186, -0.000403589219786, 0.00288058724254, 0.00044819447794, -0.00203334935941, 0.000167132806382, 0.000164593511727, -0.000664646504447, 0.00150049850345, -0.000633444869891, 0.0014359181514, -0.000741584575735], [4.54708097095e-05, -0.00110804033466, -0.00136800669134, 0.00044819447794, 0.00459414161742, 0.000466478231829, -0.0023785517551, 0.000216689499211, -0.000697850307915, -0.0022360929288, 0.00134906591848, 0.000480815506307, -0.000816557207145], [-2.32823294937e-05, -4.28356770499e-07, -0.000801215937827, -0.00203334935941, 0.000466478231829, 0.00728856539354, -0.00202864198945, -0.00162033166271, 0.00113592378329, -0.00266403425485, 0.00121259840671, 6.60408986732e-05, -0.000260632979916], [5.85243760725e-05, 9.28279769141e-05, -4.3824333261e-05, 0.000167132806382, -0.0023785517551, -0.00202864198945, 0.00798765849322, -0.00243508932181, -0.0006059880252, 0.00226035271771, -0.00214110035449, -0.000851430580951, 0.00182257953566], [-0.000183383730473, 9.51851106947e-05, 0.00069917307701, 0.000164593511727, 0.000216689499211, -0.00162033166271, -0.00243508932181, 0.0120186433196, -0.00571931991726, -0.00158071587794, 0.00028864655178, -0.000569343974348, 0.00211612321436], [0.000213276667637, -0.000161883348483, 6.76866911817e-05, -0.000664646504447, -0.000697850307915, 0.00113592378329, -0.0006059880252, -0.00571931991726, 0.0143117103726, -0.00292729237117, 0.000228692937526, 0.000739761802834, -0.000940395519137], [7.12930923328e-05, 0.000723773788195, 0.000192700361367, 0.00150049850345, -0.0022360929288, -0.00266403425485, 0.00226035271771, -0.00158071587794, -0.00292729237117, 0.0133031355217, -0.00545998150483, -0.000329231668729, -0.000935586693231], [0.000412487221183, -0.00094009161694, 0.00125155551359, -0.000633444869891, 0.00134906591848, 0.00121259840671, -0.00214110035449, 0.00028864655178, 0.000228692937526, -0.00545998150483, 0.0181415844709, -0.0067354044877, 0.00316094933078], [-0.000226894830121, 0.000636660901364, -0.00149778730702, 0.0014359181514, 0.000480815506307, 6.60408986732e-05, -0.000851430580951, -0.000569343974348, 0.000739761802834, -0.000329231668729, -0.0067354044877, 0.0181873533875, -0.00744242500514], [0.000461926829303, 6.25087195658e-05, 0.0011054999195, -0.000741584575735, -0.000816557207145, -0.000260632979916, 0.00182257953566, 0.00211612321436, -0.000940395519137, -0.000935586693231, 0.00316094933078, -0.00744242500514, 0.0178231485188]], "mean": [-50.3573493958, 71.3280944824, -116.461669922, 11.8563652039, -50.463684082, 7.96422386169, -43.3359184265, -1.08605611324, -27.2126617432, -0.0708809792995, -21.2445526123, -9.35215377808, -16.0594100952]}, "hfc": {"dmean": 4.68085098267, "dmean2": 6.33501625061, "dvar": 65.582862854, "dvar2": 116.198371887, "max": 100.14214325, "mean": 10.8043088913, "median": 7.03474998474, "min": 1.08882869291e-16, "var": 157.303207397}, "melbands": {"dmean": [0.000734639994334, 0.0014393243473, 0.000994295929559, 0.00124196440447, 0.000152356500621, 8.79644576344e-05, 3.80923738703e-05, 5.98398473812e-05, 7.2519396781e-05, 8.57891136548e-05, 4.07031438954e-05, 2.09213849303e-05, 2.29944635066e-05, 1.70589373738e-05, 2.36550131376e-05, 2.78185980278e-05, 2.15074942389e-05, 1.99885544134e-05, 1.31993447212e-05, 9.04025910131e-06, 6.61901458443e-06, 5.03681667396e-06, 4.66541814603e-06, 2.90999105346e-06, 2.71761769e-06, 3.86811052522e-06, 2.74213789453e-06, 2.1919804567e-06, 1.10675989617e-06, 1.00644604117e-06, 1.18367972846e-06, 1.57188276262e-06, 1.32902266614e-06, 1.04745288354e-06, 1.01069952052e-06, 6.20354171588e-07, 4.48768162187e-07, 3.88724515687e-07, 2.39724613493e-07, 2.26001901638e-07], "dmean2": [0.00123892340343, 0.00243139918894, 0.00164610985667, 0.00202564732172, 0.000252239202382, 0.000141319804243, 5.86137684877e-05, 9.14613628993e-05, 0.000113981608592, 0.000134728019475, 6.39220743324e-05, 3.20563849527e-05, 3.5960925743e-05, 2.76936825685e-05, 3.72099057131e-05, 4.45475852757e-05, 3.49808979081e-05, 3.17180965794e-05, 2.06308268389e-05, 1.43567622217e-05, 1.09781767605e-05, 7.87469616625e-06, 7.26787584426e-06, 4.5386786951e-06, 4.29448073191e-06, 6.16733950665e-06, 4.18317995354e-06, 3.33299999511e-06, 1.70119881204e-06, 1.56018631969e-06, 1.94198855752e-06, 2.44942611971e-06, 2.08257006307e-06, 1.32601610403e-06, 1.44595799156e-06, 8.72175121458e-07, 5.87141698816e-07, 5.12397321017e-07, 3.2244017234e-07, 3.01808910308e-07], "dvar": [5.41760573469e-06, 2.06684871955e-05, 5.81274252909e-06, 1.83201391337e-05, 1.29770000967e-07, 4.59348825643e-08, 4.77503814267e-09, 1.65321889511e-08, 2.28964136539e-08, 3.15904884474e-08, 8.01158339669e-09, 2.1178954146e-09, 2.56155185951e-09, 1.12603448787e-09, 2.03810968102e-09, 2.22304885611e-09, 1.71146341543e-09, 1.52380386087e-09, 9.18360998359e-10, 2.36374642082e-10, 1.47116763216e-10, 6.47186124136e-11, 5.94070626025e-11, 2.3588320533e-11, 1.99536671908e-11, 3.73483917404e-11, 1.95917709139e-11, 1.46203309875e-11, 4.17250999377e-12, 3.86809117722e-12, 6.16783924282e-12, 1.22811786782e-11, 8.48796120195e-12, 4.59576517467e-12, 5.55001097163e-12, 2.06272022032e-12, 8.68828555108e-13, 6.25661469248e-13, 1.92296184401e-13, 1.54190313404e-13], "dvar2": [1.3959152966e-05, 5.33114980499e-05, 1.47665741679e-05, 4.77414978377e-05, 3.4026501794e-07, 1.209075009e-07, 1.0798534511e-08, 3.75338586878e-08, 5.24995584783e-08, 7.8294796424e-08, 1.9558182629e-08, 4.76737849198e-09, 6.10544947932e-09, 2.88811685678e-09, 5.10789055497e-09, 5.64157609517e-09, 4.4343360095e-09, 3.60971785796e-09, 2.17987849993e-09, 5.6963928019e-10, 3.79162118369e-10, 1.52774778939e-10, 1.37626909869e-10, 5.43006264953e-11, 4.62610956486e-11, 9.06722266714e-11, 4.39478592407e-11, 3.40004205346e-11, 9.90062545836e-12, 9.33095267719e-12, 1.59548988604e-11, 3.16477608009e-11, 2.09682948088e-11, 8.15063815052e-12, 1.26328270761e-11, 4.59745609638e-12, 1.6131949292e-12, 1.23248362471e-12, 3.42491497402e-13, 2.68368606417e-13], "max": [0.0180488042533, 0.0541686937213, 0.0213436800987, 0.0397021211684, 0.00393472006544, 0.00244867242873, 0.00202523474582, 0.00308465585113, 0.00240236334503, 0.00388806289993, 0.0015552128898, 0.0012892462546, 0.00129642139655, 0.00103305035736, 0.000855803664308, 0.000738118542358, 0.000664546096232, 0.000804629118647, 0.00130087591242, 0.000420793890953, 0.000166249767062, 0.000152716675075, 0.000169100414496, 9.57589509198e-05, 6.98061630828e-05, 8.00886627985e-05, 7.8726458014e-05, 5.31536061317e-05, 4.26221413363e-05, 3.61798811355e-05, 2.96045418509e-05, 4.04596539738e-05, 3.74492447008e-05, 3.3348591387e-05, 3.0927672924e-05, 1.8052465748e-05, 1.09209167931e-05, 1.0248630133e-05, 8.78229366208e-06, 7.29553994461e-06], "mean": [0.000596823054366, 0.00129366968758, 0.00105437799357, 0.00114541244693, 0.000195146232727, 0.000112972418719, 6.37435732642e-05, 0.000100564844615, 0.00011602655286, 0.000130363827338, 6.21021463303e-05, 3.28130081471e-05, 3.2205676689e-05, 2.4429653422e-05, 3.51875096385e-05, 4.2586321797e-05, 3.05237736029e-05, 3.46050910593e-05, 2.27514356084e-05, 1.53855926328e-05, 1.00716561064e-05, 8.72502278071e-06, 7.93534127297e-06, 4.92763774673e-06, 4.78081892652e-06, 6.42167833576e-06, 5.1625524975e-06, 3.62207993021e-06, 1.82406881777e-06, 1.46644322285e-06, 1.59796877597e-06, 2.10658572541e-06, 1.81023960977e-06, 1.74567458089e-06, 1.52629888817e-06, 9.19965998492e-07, 7.12677092451e-07, 6.02323609655e-07, 4.3753357204e-07, 4.25822150874e-07], "median": [3.39318030456e-05, 0.000158514914801, 0.000304958433844, 0.000202876384719, 7.800891035e-05, 4.49925973953e-05, 3.01420750475e-05, 3.17654594255e-05, 3.71279311366e-05, 3.95203496737e-05, 1.49030702232e-05, 1.14947624752e-05, 1.03542033685e-05, 9.83423160505e-06, 1.33429530251e-05, 1.84180171345e-05, 1.10339879029e-05, 1.16939381769e-05, 8.88055092219e-06, 8.39772837935e-06, 4.52641825177e-06, 4.22294078817e-06, 3.75425565835e-06, 2.27215286941e-06, 1.94557696886e-06, 2.64091681856e-06, 1.99502665055e-06, 1.2555514104e-06, 6.34436503333e-07, 3.81135492944e-07, 3.86862268442e-07, 5.56738768864e-07, 4.70995814794e-07, 4.56710125718e-07, 4.27056789931e-07, 2.1414631135e-07, 1.66731766171e-07, 1.50518616238e-07, 1.21744719195e-07, 1.22141571524e-07], "min": [1.7669241821e-24, 9.19682639514e-25, 1.12361935516e-24, 1.96028641453e-24, 2.4847246942e-24, 2.88097307676e-24, 2.6190229385e-24, 1.8807927039e-24, 1.6182994349e-24, 1.9134117079e-24, 1.54682577727e-24, 1.64316078076e-24, 3.37364491385e-24, 3.15267393025e-24, 2.91329389134e-24, 4.29569985532e-24, 3.29853076175e-24, 3.46407677258e-24, 4.05967267248e-24, 4.14573108635e-24, 5.24063491849e-24, 3.81177668289e-24, 5.61871859542e-24, 4.36350876101e-24, 4.46473973111e-24, 4.09614289542e-24, 6.4577806365e-24, 4.72994530111e-24, 4.78429978963e-24, 5.95288914677e-24, 4.12073287313e-24, 5.31188325773e-24, 4.75626880066e-24, 5.19153621575e-24, 5.1576550343e-24, 6.72858041361e-24, 6.81238426302e-24, 6.79019281689e-24, 6.73823843768e-24, 7.11858851199e-24], "var": [4.30423460784e-06, 1.76008670678e-05, 5.56420900466e-06, 1.53010005306e-05, 1.27881804701e-07, 4.51540067559e-08, 9.53903800394e-09, 3.47482753682e-08, 4.47397248138e-08, 5.69064688705e-08, 1.75715317852e-08, 5.08157960155e-09, 4.31553814906e-09, 1.77563275194e-09, 3.44287864884e-09, 3.70000474703e-09, 2.46313569541e-09, 3.99872224222e-09, 1.81504034025e-09, 4.85141926632e-10, 2.35663377701e-10, 1.38788910919e-10, 1.27136703942e-10, 4.94796772998e-11, 4.41706220211e-11, 7.59474635958e-11, 5.26680123125e-11, 3.16861571703e-11, 8.23448167292e-12, 6.70488664589e-12, 8.25373536878e-12, 1.56092777592e-11, 1.25749315474e-11, 1.19641145949e-11, 9.72535593724e-12, 3.50233188805e-12, 1.88306748666e-12, 1.30706361533e-12, 5.71760358243e-13, 5.07189288398e-13]}, "melbands_crest": {"dmean": 3.47459816933, "dmean2": 5.49810504913, "dvar": 10.4495429993, "dvar2": 24.1329135895, "max": 32.0523872375, "mean": 13.5253477097, "median": 12.7254991531, "min": 1.656208992, "var": 27.2537059784}, "melbands_flatness_db": {"dmean": 0.0321553573012, "dmean2": 0.0482247285545, "dvar": 0.00114390836097, "dvar2": 0.0026228367351, "max": 0.478565603495, "mean": 0.187794536352, "median": 0.17812846601, "min": 0.0036913419608, "var": 0.00466115679592}, "melbands_kurtosis": {"dmean": 8.3537273407, "dmean2": 13.0981321335, "dvar": 230.57069397, "dvar2": 542.060119629, "max": 271.772949219, "mean": 11.6221694946, "median": 5.01862335205, "min": -1.71808636189, "var": 341.651245117}, "melbands_skewness": {"dmean": 0.902072131634, "dmean2": 1.33733713627, "dvar": 1.16127204895, "dvar2": 2.45542740822, "max": 14.7885065079, "mean": 2.48568916321, "median": 2.05585622787, "min": -1.83186233044, "var": 3.01921415329}, "melbands_spread": {"dmean": 8.26147937775, "dmean2": 12.4412698746, "dvar": 118.944198608, "dvar2": 238.983566284, "max": 183.218719482, "mean": 25.5014686584, "median": 22.923915863, "min": 1.28640770912, "var": 318.22845459}, "mfcc": {"cov": [[9153.46289062, -804.986755371, 501.857330322, 580.478210449, -167.428115845, 43.6988868713, -48.7575187683, 505.730834961, 33.0765037537, -156.98765564, -34.7452812195, -95.9360733032, -313.839599609], [-804.986755371, 1531.08740234, -70.0861663818, 199.836227417, 326.936309814, 138.228179932, 202.859024048, 84.2841491699, 85.5514755249, 116.541679382, 87.0181350708, 50.9147567749, 95.2482681274], [501.857330322, -70.0861663818, 660.51159668, 179.56237793, 170.084976196, 226.082397461, 111.459663391, 85.9549331665, 79.817276001, -22.3562068939, -0.122432418168, 4.08174657822, -33.9673118591], [580.478210449, 199.836227417, 179.56237793, 386.934417725, 167.340835571, 147.984573364, 94.0857772827, 114.479537964, 79.2031478882, 23.5061817169, 11.838019371, 19.643611908, -13.2022132874], [-167.428115845, 326.936309814, 170.084976196, 167.340835571, 314.117156982, 159.667770386, 109.351737976, 50.0340576172, 99.6947784424, 67.0025253296, 28.4486522675, 15.6821222305, 22.426820755], [43.6988868713, 138.228179932, 226.082397461, 147.984573364, 159.667770386, 266.605499268, 149.764099121, 70.6298751831, 87.8492736816, 29.9437274933, 30.9051361084, 20.4001426697, 0.00845755450428], [-48.7575187683, 202.859024048, 111.459663391, 94.0857772827, 109.351737976, 149.764099121, 217.508102417, 82.6943969727, 65.6360702515, 55.6104049683, 50.0812911987, 31.300994873, 31.148859024], [505.730834961, 84.2841491699, 85.9549331665, 114.479537964, 50.0340576172, 70.6298751831, 82.6943969727, 181.684295654, 71.1116485596, 15.4829750061, 45.1195983887, 21.8326244354, -6.88977622986], [33.0765037537, 85.5514755249, 79.817276001, 79.2031478882, 99.6947784424, 87.8492736816, 65.6360702515, 71.1116485596, 152.652038574, 49.3903198242, 29.6266613007, 38.2522315979, -1.20876574516], [-156.98765564, 116.541679382, -22.3562068939, 23.5061817169, 67.0025253296, 29.9437274933, 55.6104049683, 15.4829750061, 49.3903198242, 136.951278687, 56.53125, 17.327791214, 25.411907196], [-34.7452812195, 87.0181350708, -0.122432418168, 11.838019371, 28.4486522675, 30.9051361084, 50.0812911987, 45.1195983887, 29.6266613007, 56.53125, 118.629417419, 46.7284164429, 22.9559440613], [-95.9360733032, 50.9147567749, 4.08174657822, 19.643611908, 15.6821222305, 20.4001426697, 31.300994873, 21.8326244354, 38.2522315979, 17.327791214, 46.7284164429, 95.9794158936, 34.2215423584], [-313.839599609, 95.2482681274, -33.9673118591, -13.2022132874, 22.426820755, 0.00845755450428, 31.148859024, -6.88977622986, -1.20876574516, 25.411907196, 22.9559440613, 34.2215423584, 117.215408325]], "icov": [[0.000174594344571, 7.53846907173e-05, -7.34654604457e-05, -0.000257209001575, 0.000130278072902, 9.21691171243e-05, 8.65901165525e-05, -0.000482963165268, 0.00011944394646, 3.48360890712e-06, -4.48879973192e-06, 9.46603977354e-05, 0.000253341160715], [7.53846907173e-05, 0.00105871784035, 0.000438411661889, -0.000316268706229, -0.00106420647353, 0.000199490081286, -0.000575202982873, -0.000311806361424, 0.0003195014433, 7.49540122342e-05, -0.00023237921414, -8.83467600943e-06, -0.000193780811969], [-7.34654604457e-05, 0.000438411661889, 0.0026005578693, -0.000177188514499, -0.00112034298945, -0.0015797711676, -0.00025781293516, -0.00016380600573, 2.5794686735e-05, 0.000948769506067, 3.21270017594e-05, -2.65360267804e-05, 0.000250079552643], [-0.000257209001575, -0.000316268706229, -0.000177188514499, 0.00473154708743, -0.00159384834114, -0.00121804594528, 0.000308178656269, -0.00154132896569, 0.000338150712196, -0.00034829552169, 0.00129040761385, -0.00109832920134, 0.000329393369611], [0.000130278072902, -0.00106420647353, -0.00112034298945, -0.00159384834114, 0.0074977632612, -0.00175191252492, 0.000392466085032, 0.000944933330175, -0.00236599636264, -0.00160311465152, 9.33951960178e-05, 0.00136964279227, -0.0008687832742], [9.21691171243e-05, 0.000199490081286, -0.0015797711676, -0.00121804594528, -0.00175191252492, 0.00959776621312, -0.00462470948696, 0.000823735550512, -0.00179034122266, 0.00124823348597, -0.0009580507176, 0.000522274756804, 0.000847653078381], [8.65901165525e-05, -0.000575202982873, -0.00025781293516, 0.000308178656269, 0.000392466085032, -0.00462470948696, 0.00995452608913, -0.00289523042738, 0.000619907688815, -0.00219947146252, -0.00016560649965, -0.000543733418453, -0.00155659753364], [-0.000482963165268, -0.000311806361424, -0.00016380600573, -0.00154132896569, 0.000944933330175, 0.000823735550512, -0.00289523042738, 0.0109114041552, -0.00402971589938, 0.00203709769994, -0.00351160997525, 0.00114273803774, -0.000160021430929], [0.00011944394646, 0.0003195014433, 2.5794686735e-05, 0.000338150712196, -0.00236599636264, -0.00179034122266, 0.000619907688815, -0.00402971589938, 0.01224044431, -0.00350983231328, 0.00212587066926, -0.00462367711589, 0.00197767349891], [3.48360890712e-06, 7.49540122342e-05, 0.000948769506067, -0.00034829552169, -0.00160311465152, 0.00124823348597, -0.00219947146252, 0.00203709769994, -0.00350983231328, 0.0120300725102, -0.00543672638014, 0.0025183300022, -0.00111976987682], [-4.48879973192e-06, -0.00023237921414, 3.21270017594e-05, 0.00129040761385, 9.33951960178e-05, -0.0009580507176, -0.00016560649965, -0.00351160997525, 0.00212587066926, -0.00543672638014, 0.014527278021, -0.0061519574374, 0.000302857748466], [9.46603977354e-05, -8.83467600943e-06, -2.65360267804e-05, -0.00109832920134, 0.00136964279227, 0.000522274756804, -0.000543733418453, 0.00114273803774, -0.00462367711589, 0.0025183300022, -0.0061519574374, 0.0161445196718, -0.00402348302305], [0.000253341160715, -0.000193780811969, 0.000250079552643, 0.000329393369611, -0.0008687832742, 0.000847653078381, -0.00155659753364, -0.000160021430929, 0.00197767349891, -0.00111976987682, 0.000302857748466, -0.00402348302305, 0.0114255715162]], "mean": [-695.665222168, 115.182556152, -9.64809703827, 9.03992366791, 5.24967718124, 5.15403175354, -4.84161281586, -4.54581975937, -7.7216796875, 4.22269058228, -1.04237473011, -9.72768115997, -4.26830482483]}, "pitch_salience": {"dmean": 0.0827958360314, "dmean2": 0.13436999917, "dvar": 0.00638994062319, "dvar2": 0.016735849902, "max": 0.975965201855, "mean": 0.537837505341, "median": 0.543606877327, "min": 0.115830421448, "var": 0.013000709936}, "silence_rate_20dB": {"dmean": 0, "dmean2": 0, "dvar": 0, "dvar2": 0, "max": 1, "mean": 1, "median": 1, "min": 1, "var": 0}, "silence_rate_30dB": {"dmean": 0.015074309893, "dmean2": 0.0301518216729, "dvar": 0.0148484976962, "dvar2": 0.0392277352512, "max": 1, "mean": 0.988111674786, "median": 1, "min": 0, "var": 0.0117494734004}, "silence_rate_60dB": {"dmean": 0.0895965993404, "dmean2": 0.179212227464, "dvar": 0.0815776288509, "dvar2": 0.164075121284, "max": 1, "mean": 0.2355376333, "median": 0, "min": 0, "var": 0.180039450526}, "spectral_centroid": {"dmean": 283.720977783, "dmean2": 427.111083984, "dvar": 116746.070312, "dvar2": 238572.4375, "max": 11735.7197266, "mean": 1364.1619873, "median": 1279.44042969, "min": 221.250244141, "var": 770098.5}, "spectral_complexity": {"dmean": 3.67515921593, "dmean2": 5.21860074997, "dvar": 21.0171928406, "dvar2": 36.7120399475, "max": 50, "mean": 13.8341999054, "median": 13, "min": 0, "var": 77.9207687378}, "spectral_contrast_coeffs": {"dmean": [0.0600150860846, 0.0437024272978, 0.0401356182992, 0.0357737578452, 0.0252263061702, 0.0204346291721], "dmean2": [0.0952206477523, 0.0706635117531, 0.0638876259327, 0.0558403767645, 0.0394220985472, 0.0328604206443], "dvar": [0.0035004504025, 0.00138064054772, 0.00131138321012, 0.00109643174801, 0.000610960123595, 0.000518491491675], "dvar2": [0.00782972481102, 0.00352248665877, 0.00313141546212, 0.00240958598442, 0.00133962230757, 0.00130964501295], "max": [-0.243411123753, -0.384621679783, -0.440932571888, -0.50097566843, -0.585958719254, -0.654526531696], "mean": [-0.611009299755, -0.747667253017, -0.756238043308, -0.749781727791, -0.784520566463, -0.789992511272], "median": [-0.62341350317, -0.754495441914, -0.764829218388, -0.755692124367, -0.791225254536, -0.787259876728], "min": [-0.998584806919, -0.997237801552, -0.991380989552, -0.986218035221, -0.966581285, -0.96459043026], "var": [0.0130003076047, 0.00482130702585, 0.00517563009635, 0.00416246894747, 0.00252757966518, 0.00150000094436]}, "spectral_contrast_valleys": {"dmean": [0.580002307892, 0.417838335037, 0.450275301933, 0.428487539291, 0.400036931038, 0.429433196783], "dmean2": [0.868678987026, 0.620964348316, 0.658233165741, 0.615731239319, 0.550677716732, 0.486252486706], "dvar": [0.400294154882, 0.193334370852, 0.283705413342, 0.27832698822, 0.314501941204, 0.296611368656], "dvar2": [0.699758887291, 0.342853456736, 0.520732462406, 0.513490259647, 0.599520564079, 0.506887674332], "max": [-5.00471115112, -5.16801357269, -5.29769611359, -5.84470653534, -5.99088811874, -8.280377388], "mean": [-8.35994815826, -7.4339389801, -8.05369949341, -8.23888492584, -8.35221862793, -10.6288728714], "median": [-7.97972726822, -7.13930177689, -7.81038618088, -7.9895234108, -8.05519199371, -10.3803291321], "min": [-28.1674156189, -27.883026123, -27.8902301788, -27.5968742371, -27.4622535706, -27.3957042694], "var": [3.87029361725, 2.99856042862, 3.12631845474, 3.04001021385, 3.24311256409, 3.01010370255]}, "spectral_decrease": {"dmean": 3.25272075941e-09, "dmean2": 5.1876307694e-09, "dvar": 4.98053255403e-17, "dvar2": 1.24070143566e-16, "max": 1.58772713687e-28, "mean": -4.15280121402e-09, "median": -1.90821491941e-09, "min": -5.20708915985e-08, "var": 5.12861475816e-17}, "spectral_energy": {"dmean": 0.0126520125195, "dmean2": 0.0200248789042, "dvar": 0.000741040392313, "dvar2": 0.00183533877134, "max": 0.202348694205, "mean": 0.016653534025, "median": 0.00789726991206, "min": 1.02070969506e-20, "var": 0.000782075570896}, "spectral_energyband_high": {"dmean": 0.000255358027061, "dmean2": 0.000316283694701, "dvar": 2.01493193686e-07, "dvar2": 3.77037252974e-07, "max": 0.006114134565, "mean": 0.000455499859527, "median": 0.00018023562734, "min": 7.31628973341e-21, "var": 5.25214090885e-07}, "spectral_energyband_low": {"dmean": 0.0060301120393, "dmean2": 0.00996395386755, "dvar": 0.000322741660057, "dvar2": 0.000822817150038, "max": 0.170326426625, "mean": 0.00571254501119, "median": 0.000846049166285, "min": 1.64944062632e-23, "var": 0.000279672007309}, "spectral_energyband_middle_high": {"dmean": 0.00099523679819, "dmean2": 0.00147718202788, "dvar": 2.10320831684e-06, "dvar2": 4.34758158008e-06, "max": 0.0229759085923, "mean": 0.00248661660589, "median": 0.00162044249009, "min": 1.27055659005e-21, "var": 6.24392987447e-06}, "spectral_energyband_middle_low": {"dmean": 0.00704860221595, "dmean2": 0.0112307202071, "dvar": 0.000415745482314, "dvar2": 0.00105977326166, "max": 0.190882191062, "mean": 0.00864146277308, "median": 0.00377636682242, "min": 1.67772349859e-22, "var": 0.000378471246222}, "spectral_entropy": {"dmean": 0.203621804714, "dmean2": 0.294026941061, "dvar": 0.0610459446907, "dvar2": 0.131866037846, "max": 9.82835483551, "mean": 7.55759477615, "median": 7.60585403442, "min": 5.35603666306, "var": 0.277550846338}, "spectral_flux": {"dmean": 0.0337464176118, "dmean2": 0.0524358265102, "dvar": 0.00317499088123, "dvar2": 0.00711556663737, "max": 0.410449445248, "mean": 0.0683499127626, "median": 0.0455583184958, "min": 6.47062819992e-11, "var": 0.00467365514487}, "spectral_kurtosis": {"dmean": 1.87940514088, "dmean2": 2.93429875374, "dvar": 9.05598163605, "dvar2": 22.2892913818, "max": 55.9024925232, "mean": 5.65715312958, "median": 4.63785934448, "min": -1.26482856274, "var": 22.5522422791}, "spectral_rms": {"dmean": 0.00112144637387, "dmean2": 0.00161579798441, "dvar": 3.52429219674e-06, "dvar2": 7.94189691078e-06, "max": 0.0140503868461, "mean": 0.00324772926979, "median": 0.00277572567575, "min": 3.15565260554e-12, "var": 5.69965686736e-06}, "spectral_rolloff": {"dmean": 674.186218262, "dmean2": 1076.3939209, "dvar": 1720325.625, "dvar2": 3551070.75, "max": 19638.28125, "mean": 1853.7989502, "median": 1485.79101562, "min": 64.599609375, "var": 4572034.5}, "spectral_skewness": {"dmean": 0.25925001502, "dmean2": 0.395718336105, "dvar": 0.101638153195, "dvar2": 0.254199892282, "max": 5.64301490784, "mean": 1.76614618301, "median": 1.69651412964, "min": -0.0770554319024, "var": 0.367597579956}, "spectral_spread": {"dmean": 765854.375, "dmean2": 983454.625, "dvar": 1016696471550.0, "dvar2": 1949538320380.0, "max": 42472764, "mean": 5243078.5, "median": 4877124, "min": 1320246.875, "var": 9417048195070.0}, "spec