{"lowlevel": {"average_loudness": 0.748630642891, "barkbands": {"dmean": [0.000109110442281, 0.00367632042617, 0.00504630245268, 0.0019191717729, 0.00177752471063, 0.00102650991175, 0.00034537576721, 0.000266663118964, 0.000497442553751, 0.000266981427558, 0.000227041935432, 0.000348584086169, 0.0004421294434, 0.000337428791681, 0.000431153457612, 0.000207972538192, 0.000401145167416, 0.000512157159392, 0.00026652860106, 0.000112969100883, 7.80594200478e-05, 2.97839123959e-05, 1.06591887743e-05, 1.97023855435e-05, 4.3394491513e-05, 2.92282275041e-05, 3.07365212393e-06], "dmean2": [0.000183321550139, 0.00610017357394, 0.00858481880277, 0.00324644963257, 0.00296101975255, 0.00173476955388, 0.000585487810895, 0.000452903303085, 0.000835664337501, 0.000436241680291, 0.000362685270375, 0.000563530134968, 0.000754480774049, 0.000551493605599, 0.000662235775962, 0.000326875509927, 0.000624725536909, 0.000816099171061, 0.000435054680565, 0.000179834387382, 0.000111808301881, 4.20535834564e-05, 1.64543453138e-05, 2.882998524e-05, 6.05498971709e-05, 4.0482616896e-05, 4.38439747086e-06], "dvar": [7.20325772363e-08, 4.66658420919e-05, 0.000125171456602, 1.92681800399e-05, 1.23205827549e-05, 9.76562660071e-06, 9.33072442422e-07, 6.09886740222e-07, 2.12157215174e-06, 5.50322795334e-07, 2.86626431034e-07, 9.13150699944e-07, 2.25803137255e-06, 1.0564015156e-06, 1.70591488313e-06, 5.63385526675e-07, 2.40206850322e-06, 4.27493296229e-06, 9.44673558934e-07, 1.04269744838e-07, 2.85796222244e-08, 5.0630979409e-09, 2.25384821917e-09, 4.55454163273e-09, 1.41226808026e-08, 6.21894402641e-09, 1.03145172958e-10], "dvar2": [1.90875326211e-07, 0.000125741687953, 0.000335070013534, 5.09111960127e-05, 3.14665849146e-05, 2.62492976617e-05, 2.47335628956e-06, 1.61880655014e-06, 5.5989212342e-06, 1.38939765293e-06, 7.10460199116e-07, 2.2278184133e-06, 6.42942950435e-06, 2.45016053668e-06, 3.8555995161e-06, 1.19147830446e-06, 5.01280010212e-06, 1.01402965811e-05, 2.53239340964e-06, 2.70018659876e-07, 5.58950823404e-08, 9.97405713576e-09, 6.12621064988e-09, 1.11844054018e-08, 2.72814926205e-08, 1.19129524023e-08, 2.03168870616e-10], "max": [0.00366795808077, 0.0712924897671, 0.107900515199, 0.0508210323751, 0.0499874576926, 0.0451028123498, 0.0149807482958, 0.0176416989416, 0.0306681077927, 0.0275997985154, 0.00994294509292, 0.0217395685613, 0.0646235719323, 0.0302540380508, 0.0213575437665, 0.0357379466295, 0.0458980724216, 0.0356104299426, 0.0214130897075, 0.0108111863956, 0.00314603862353, 0.00171471305657, 0.00206389138475, 0.00172054022551, 0.00320166931488, 0.00165012548678, 0.000260231201537], "mean": [0.000136491318699, 0.00724650314078, 0.0076799527742, 0.00266194297001, 0.0023273259867, 0.00101146101952, 0.000325644563418, 0.000260880944552, 0.000479336624267, 0.000329281116137, 0.000279011030216, 0.000469502119813, 0.000550349010155, 0.000399246782763, 0.000502443290316, 0.000253448117292, 0.000545556365978, 0.000543137080967, 0.000298836297588, 0.000138234900078, 0.000108096013719, 3.9513939555e-05, 1.24243397295e-05, 2.44078928517e-05, 5.41941080883e-05, 3.51345333911e-05, 3.37297046826e-06], "median": [7.59762633606e-06, 0.000780506874435, 0.000732728862204, 0.000277597631793, 0.00057587842457, 0.000170248385984, 6.75871851854e-05, 5.21703004779e-05, 6.63566825096e-05, 4.35302899859e-05, 3.46224333043e-05, 5.01057475049e-05, 5.1583025197e-05, 5.24465722265e-05, 4.07252700825e-05, 3.65348132618e-05, 4.29821557191e-05, 4.613539204e-05, 6.02418222115e-05, 2.72812230833e-05, 1.96703240363e-05, 7.27333281247e-06, 1.79074675088e-06, 2.50112020694e-06, 3.37025653607e-06, 1.4994684534e-06, 1.02537669022e-07], "min": [2.37340734857e-25, 1.55122229631e-24, 8.5737219294e-25, 7.85994381907e-25, 5.49525831388e-24, 4.12789218027e-24, 5.01362559909e-24, 5.12463883883e-24, 1.11935418146e-23, 1.76125440212e-23, 6.54691994664e-24, 9.15431586425e-24, 2.84739028195e-23, 3.50483137798e-23, 3.64821915374e-23, 5.59373947263e-23, 6.1566927027e-23, 9.23179999118e-23, 9.8068227931e-23, 1.28078863348e-22, 2.54220890159e-22, 3.06079621569e-22, 3.33485962081e-22, 5.62427230241e-22, 8.21532671394e-22, 1.23977379865e-21, 1.8703977386e-21], "var": [1.00470408881e-07, 0.000125548423966, 0.000197596091311, 2.59357184405e-05, 1.65555793501e-05, 7.57709403842e-06, 7.61684987083e-07, 4.90869581427e-07, 1.71722979303e-06, 7.19563502116e-07, 3.93965422063e-07, 1.44339685448e-06, 3.29109388986e-06, 1.21822995425e-06, 2.19437629312e-06, 9.40897848523e-07, 4.06301387557e-06, 4.53557868241e-06, 8.26403322662e-07, 1.260152942e-07, 5.1624812869e-08, 8.27421331451e-09, 1.75887027165e-09, 5.5942814825e-09, 2.40436577315e-08, 1.00911030643e-08, 1.4239619206e-10]}, "barkbands_crest": {"dmean": 2.90734243393, "dmean2": 4.80353784561, "dvar": 6.66022157669, "dvar2": 17.352186203, "max": 25.492805481, "mean": 10.5780553818, "median": 10.1015195847, "min": 2.18658351898, "var": 18.2894458771}, "barkbands_flatness_db": {"dmean": 0.0330355018377, "dmean2": 0.0467689782381, "dvar": 0.00112211308442, "dvar2": 0.00202106870711, "max": 0.485837429762, "mean": 0.167367681861, "median": 0.146699249744, "min": 0.0195041056722, "var": 0.0084584550932}, "barkbands_kurtosis": {"dmean": 7.74186706543, "dmean2": 12.0906543732, "dvar": 212.493423462, "dvar2": 490.379272461, "max": 326.759429932, "mean": 11.3918123245, "median": 2.56012248993, "min": -1.95402598381, "var": 499.004577637}, "barkbands_skewness": {"dmean": 0.928287506104, "dmean2": 1.41289937496, "dvar": 0.958882927895, "dvar2": 2.1333065033, "max": 11.8096408844, "mean": 1.87285637856, "median": 1.50823926926, "min": -6.20996713638, "var": 4.54415512085}, "barkbands_spread": {"dmean": 8.24251937866, "dmean2": 12.3653554916, "dvar": 99.1804885864, "dvar2": 203.463394165, "max": 123.267562866, "mean": 22.7885818481, "median": 17.9984741211, "min": 0.315528273582, "var": 377.457244873}, "dissonance": {"dmean": 0.0171387661248, "dmean2": 0.0287400148809, "dvar": 0.000356878328603, "dvar2": 0.000961572455708, "max": 0.500000119209, "mean": 0.472472548485, "median": 0.479985684156, "min": 0.275445759296, "var": 0.00063088524621}, "dynamic_complexity": 5.50529050827, "erbbands": {"dmean": [0.0809930413961, 0.990841209888, 5.02375411987, 6.27316093445, 5.19967651367, 7.22401809692, 6.25767707825, 10.1629285812, 5.8758058548, 4.76007175446, 8.6373758316, 10.650604248, 6.99186038971, 8.5238904953, 10.3389625549, 14.9179925919, 19.1300964355, 19.8574428558, 23.9664649963, 13.3500890732, 13.9273872375, 21.3676071167, 25.7219161987, 19.6658248901, 11.6061944962, 5.29754209518, 4.33030033112, 2.05729150772, 1.15364277363, 0.516953825951, 0.291642725468, 0.314512252808, 0.396774560213, 0.41366237402, 0.350704401731, 0.164839789271, 0.0473016276956, 0.00748955504969, 0.00055270048324, 2.40908648266e-05], "dmean2": [0.13623572886, 1.66465198994, 8.61039543152, 10.4006156921, 8.96272087097, 12.0118045807, 10.3409051895, 17.2752380371, 9.87916755676, 8.17850208282, 14.7781867981, 17.7194023132, 11.4586429596, 13.69780159, 16.3957252502, 24.0873699188, 32.4001693726, 32.33852005, 36.8409347534, 20.2401657104, 21.6958122253, 33.2172851562, 40.0686264038, 31.5315742493, 19.3057632446, 8.44600105286, 6.25397777557, 2.90048217773, 1.63312125206, 0.755906522274, 0.449721574783, 0.478958368301, 0.569947242737, 0.578508555889, 0.499149799347, 0.23214431107, 0.0662740021944, 0.0102642215788, 0.000786660879385, 3.50991685991e-05], "dvar": [0.0327122285962, 3.28454327583, 113.617988586, 202.381286621, 122.063903809, 259.38369751, 193.588317871, 1095.89770508, 287.7890625, 186.291641235, 828.125061035, 854.550415039, 401.318603516, 503.525024414, 636.430786133, 1800.15283203, 4216.43212891, 3475.01269531, 5812.33691406, 1467.62585449, 2600.25854492, 6383.89746094, 10490.2578125, 5697.00439453, 2176.81738281, 255.719497681, 83.1423339844, 20.7471122742, 7.09760951996, 2.14337444305, 1.87141036987, 2.12606287003, 1.37086129189, 1.27211642265, 0.959436416626, 0.200264379382, 0.0174182280898, 0.000474309694255, 3.62193327419e-06, 1.95572602557e-09], "dvar2": [0.0882086604834, 8.9439573288, 311.207092285, 508.465515137, 335.752380371, 658.30859375, 514.812011719, 2950.50708008, 749.712280273, 497.396942139, 2238.43188477, 2218.63134766, 1058.34887695, 1243.92333984, 1558.10961914, 4417.92382812, 11876.2792969, 8928.94921875, 13622.6416016, 3146.7199707, 5314.61035156, 13478.2529297, 24224.0234375, 14602.7167969, 6048.28857422, 670.025085449, 165.11050415, 40.4426994324, 13.9719181061, 4.9868721962, 5.08783578873, 5.81044340134, 3.0301399231, 2.47063302994, 1.95850479603, 0.399651765823, 0.0337199941278, 0.000876686477568, 7.37656910133e-06, 4.02463262716e-09], "max": [1.88100337982, 18.5502243042, 121.366249084, 178.171157837, 112.716720581, 260.48425293, 178.971481323, 496.518707275, 283.262573242, 376.604705811, 617.981079102, 589.54296875, 874.120239258, 516.236694336, 833.345031738, 1121.33959961, 2981.25561523, 1775.08520508, 1997.75085449, 1437.35302734, 2039.47229004, 2113.94946289, 2337.83447266, 1658.34936523, 958.815979004, 540.167175293, 171.00668335, 113.824310303, 61.9895629883, 35.0019989014, 58.4952049255, 46.3650054932, 30.7651786804, 28.9267444611, 26.320438385, 10.8981084824, 2.41686558723, 0.462737560272, 0.0595930740237, 0.00111593818292], "mean": [0.127529755235, 1.95194232464, 8.18219566345, 9.8715801239, 6.81800365448, 8.64531040192, 7.84984254837, 9.32309818268, 5.6192574501, 4.59253311157, 7.76778650284, 10.7946510315, 8.37288761139, 11.6124219894, 14.3542537689, 20.5054225922, 24.8209590912, 24.5056877136, 27.693397522, 17.1392097473, 18.6671409607, 27.3884162903, 29.3944015503, 22.0795936584, 12.6541585922, 6.49194002151, 6.00143432617, 2.86100077629, 1.54210186005, 0.664778113365, 0.336825221777, 0.36354508996, 0.498579025269, 0.520608246326, 0.425435185432, 0.199019595981, 0.0559900179505, 0.00878963992, 0.000597928126808, 4.32915257988e-05], "median": [0.0129452031106, 0.209912523627, 0.841568768024, 1.04177105427, 1.64332997799, 1.7024616003, 1.48069024086, 1.32009971142, 1.19249343872, 1.09087324142, 1.40526103973, 1.68384230137, 1.66325283051, 1.45997273922, 1.8169324398, 2.42435455322, 2.6829764843, 3.47030353546, 2.76188087463, 2.22043561935, 2.34318780899, 2.56626844406, 2.82372617722, 2.99502682686, 2.63372588158, 1.34897315502, 1.1774289608, 0.561644375324, 0.298813581467, 0.111327402294, 0.0476352795959, 0.0389396250248, 0.0452720187604, 0.0367908962071, 0.0234561823308, 0.00926800630987, 0.00219864491373, 0.000320506282151, 3.55976153514e-05, 2.33779064729e-05], "min": [4.84081465263e-23, 1.78919585538e-22, 8.69933591955e-22, 6.15904224602e-21, 8.129778245e-21, 1.52312627443e-20, 2.6669522717e-20, 2.91071254314e-20, 1.06054416073e-19, 1.537813674e-19, 1.8132316015e-19, 2.68403539312e-19, 4.80150945229e-19, 6.21834214559e-19, 7.47494168243e-19, 7.24677735214e-19, 1.66469477891e-18, 1.85053082969e-18, 2.37177476358e-18, 2.72927560688e-18, 4.24163204789e-18, 3.52408140423e-18, 4.63478106687e-18, 5.21900094913e-18, 5.48094506089e-18, 6.543762133e-18, 9.46883738793e-18, 8.75500616189e-18, 1.09213607533e-17, 1.02082574462e-17, 9.28211542672e-18, 1.07571869084e-17, 9.68443208842e-18, 7.3363814852e-18, 5.75498627552e-18, 3.87457520056e-18, 2.1882041537e-18, 8.86132223846e-19, 1.93895000067e-19, 2.39796977704e-20], "var": [0.0517756193876, 9.15495586395, 196.218643188, 322.151672363, 143.075424194, 318.780975342, 235.310699463, 812.852905273, 234.281234741, 154.418411255, 594.950927734, 755.696655273, 403.580322266, 877.739562988, 1062.31237793, 2793.00146484, 6285.00390625, 4049.59912109, 6647.59765625, 2632.07641602, 4312.12597656, 9813.390625, 12501.8994141, 5376.54882812, 1676.43127441, 292.712402344, 152.972396851, 36.9031448364, 11.6693820953, 2.77854728699, 1.44586539268, 1.74467778206, 2.13060760498, 2.20325112343, 1.510160923, 0.317980736494, 0.0273178368807, 0.000742438016459, 4.70384247819e-06, 3.23539395275e-09]}, "erbbands_crest": {"dmean": 3.05741357803, "dmean2": 4.96868562698, "dvar": 8.27374458313, "dvar2": 20.0022068024, "max": 31.9245758057, "mean": 9.73205184937, "median": 8.90512943268, "min": 2.3504652977, "var": 19.5446281433}, "erbbands_flatness_db": {"dmean": 0.0260078664869, "dmean2": 0.0368056111038, "dvar": 0.000665265426505, "dvar2": 0.00121460016817, "max": 0.407106727362, "mean": 0.167174041271, "median": 0.162997722626, "min": 0.0310595352203, "var": 0.00357978232205}, "erbbands_kurtosis": {"dmean": 2.08820843697, "dmean2": 3.2554256916, "dvar": 14.0369091034, "dvar2": 31.0802536011, "max": 72.8977890015, "mean": 1.80419421196, "median": 0.292988777161, "min": -1.89702248573, "var": 26.9232158661}, "erbbands_skewness": {"dmean": 0.61090195179, "dmean2": 0.899839282036, "dvar": 0.424482822418, "dvar2": 0.842354416847, "max": 7.60655736923, "mean": 0.0503476113081, "median": -0.0130740823224, "min": -5.19516277313, "var": 1.73171770573}, "erbbands_spread": {"dmean": 11.667016983, "dmean2": 17.9346523285, "dvar": 141.811264038, "dvar2": 315.79776001, "max": 154.165740967, "mean": 38.830532074, "median": 36.066028595, "min": 0.832843542099, "var": 514.817687988}, "gfcc": {"cov": [[37139.84375, 2848.98364258, -3800.4375, 789.969543457, -931.16418457, -206.709823608, -894.282958984, 293.151184082, -1127.00061035, 320.816741943, -520.727050781, -169.892089844, -277.025482178], [2848.98364258, 2762.83813477, -104.554458618, 109.539596558, 686.346191406, -204.346038818, -16.4029331207, -237.975616455, 272.810302734, -247.998001099, 133.699157715, -206.936126709, -13.1165866852], [-3800.4375, -104.554458618, 2012.03051758, 443.384979248, 303.144042969, 6.37792539597, 29.877571106, 33.2446060181, 40.0118865967, 114.863449097, -42.9773864746, -62.5630493164, 47.9663391113], [789.969543457, 109.539596558, 443.384979248, 605.278442383, 200.243713379, -66.6528320312, 0.302952349186, 49.3466720581, -24.9742546082, 40.6591339111, -65.4384841919, -52.2882957458, 2.92459011078], [-931.16418457, 686.346191406, 303.144042969, 200.243713379, 622.980102539, -26.828086853, 24.8570365906, -44.906414032, 211.445175171, -63.7517127991, 13.2660713196, -97.9675216675, 5.93633127213], [-206.709823608, -204.346038818, 6.37792539597, -66.6528320312, -26.828086853, 283.598876953, 67.5648345947, -14.8636035919, -28.2598781586, 48.7592353821, 8.45202827454, 3.05825519562, -2.56192517281], [-894.282958984, -16.4029331207, 29.877571106, 0.302952349186, 24.8570365906, 67.5648345947, 295.770202637, -30.3541908264, -21.0374546051, -26.4241600037, 39.4335289001, 31.1821784973, -0.738554298878], [293.151184082, -237.975616455, 33.2446060181, 49.3466720581, -44.906414032, -14.8636035919, -30.3541908264, 187.976654053, -20.4549598694, -6.28438425064, -40.2555999756, 18.1091365814, 8.95194339752], [-1127.00061035, 272.810302734, 40.0118865967, -24.9742546082, 211.445175171, -28.2598781586, -21.0374546051, -20.4549598694, 264.736663818, -38.4966888428, 11.6067790985, -50.8795967102, 3.82030296326], [320.816741943, -247.998001099, 114.863449097, 40.6591339111, -63.7517127991, 48.7592353821, -26.4241600037, -6.28438425064, -38.4966888428, 176.641998291, -25.2380371094, -16.7105731964, -3.65244722366], [-520.727050781, 133.699157715, -42.9773864746, -65.4384841919, 13.2660713196, 8.45202827454, 39.4335289001, -40.2555999756, 11.6067790985, -25.2380371094, 130.202545166, 20.3468647003, 1.41964864731], [-169.892089844, -206.936126709, -62.5630493164, -52.2882957458, -97.9675216675, 3.05825519562, 31.1821784973, 18.1091365814, -50.8795967102, -16.7105731964, 20.3468647003, 120.331512451, 14.5214262009], [-277.025482178, -13.1165866852, 47.9663391113, 2.92459011078, 5.93633127213, -2.56192517281, -0.738554298878, 8.95194339752, 3.82030296326, -3.65244722366, 1.41964864731, 14.5214262009, 63.5783843994]], "icov": [[0.000126656537759, -0.000332514871843, 0.000269133364782, -0.000268707808573, 0.000205564370845, -0.000153455810505, 0.000263925408944, -0.00037205487024, 0.000492507359013, -0.000503008428495, 0.000480833579786, -0.000189708982361, 0.000296763377264], [-0.000332514871843, 0.0016379498411, -0.000603582186159, 0.000649617111776, -0.00114283221774, 0.000772330153268, -0.000573049706873, 0.00167226523627, -0.00119243783411, 0.00209286087193, -0.00183518521953, 0.00146696728189, -0.000891922449227], [0.000269133364782, -0.000603582186159, 0.00123936997261, -0.000944056781009, 0.000117111791042, -0.000311471609166, 0.000489041092806, -0.00079233472934, 0.00104531866964, -0.00141391111538, 0.000916982651688, -0.000254875572864, 0.00014400226064], [-0.000268707808573, 0.000649617111776, -0.000944056781009, 0.00319116096944, -0.00144698435906, 0.00103222660255, -0.000811735575553, 0.00011541503045, 6.49281282676e-05, 0.000414996640757, -0.000130680025904, 0.000787077005953, -0.000477249093819], [0.000205564370845, -0.00114283221774, 0.000117111791042, -0.00144698435906, 0.00398661848158, -0.000815244507976, 8.71859883773e-05, -0.000539337983355, -0.00142673659138, -0.000227919299505, 0.000797251239419, 0.000275844067801, 0.000301825697534], [-0.000153455810505, 0.000772330153268, -0.000311471609166, 0.00103222660255, -0.000815244507976, 0.00457987235859, -0.00133616884705, 0.000682625512127, -5.78418621444e-05, -0.000452845182735, -0.000817691558041, 0.000960272038355, -0.000396377377911], [0.000263925408944, -0.000573049706873, 0.000489041092806, -0.000811735575553, 8.71859883773e-05, -0.00133616884705, 0.00460688024759, -9.46902073338e-05, 0.00142108357977, -0.000111684821604, 9.99477051664e-05, -0.00132780009881, 0.000914244970772], [-0.00037205487024, 0.00167226523627, -0.00079233472934, 0.00011541503045, -0.000539337983355, 0.000682625512127, -9.46902073338e-05, 0.00796370673925, -0.00152234185953, 0.00303692929447, -0.000222228685743, 0.000359739933629, -0.00153946806677], [0.000492507359013, -0.00119243783411, 0.00104531866964, 6.49281282676e-05, -0.00142673659138, -5.78418621444e-05, 0.00142108357977, -0.00152234185953, 0.0078951055184, -0.00156242900994, 0.00170162867289, 0.000664285558742, 0.000716198817827], [-0.000503008428495, 0.00209286087193, -0.00141391111538, 0.000414996640757, -0.000227919299505, -0.000452845182735, -0.000111684821604, 0.00303692929447, -0.00156242900994, 0.0101352371275, -0.00173142214771, 0.0029027282726, -0.00108639034443], [0.000480833579786, -0.00183518521953, 0.000916982651688, -0.000130680025904, 0.000797251239419, -0.000817691558041, 9.99477051664e-05, -0.000222228685743, 0.00170162867289, -0.00173142214771, 0.0115661742166, -0.00299890735187, 0.0011807330884], [-0.000189708982361, 0.00146696728189, -0.000254875572864, 0.000787077005953, 0.000275844067801, 0.000960272038355, -0.00132780009881, 0.000359739933629, 0.000664285558742, 0.0029027282726, -0.00299890735187, 0.0128372348845, -0.00315926084295], [0.000296763377264, -0.000891922449227, 0.00014400226064, -0.000477249093819, 0.000301825697534, -0.000396377377911, 0.000914244970772, -0.00153946806677, 0.000716198817827, -0.00108639034443, 0.0011807330884, -0.00315926084295, 0.0175239816308]], "mean": [-99.8691864014, 90.4603729248, -101.532104492, 33.3635406494, -28.3881816864, 7.73489284515, -31.3847389221, 10.3439893723, -33.2222099304, 5.51318502426, -17.9557590485, -1.66417050362, -10.855928421]}, "hfc": {"dmean": 7.92514514923, "dmean2": 11.5378227234, "dvar": 214.88583374, "dvar2": 472.934967041, "max": 197.534301758, "mean": 13.9474859238, "median": 7.84030437469, "min": 1.05873698719e-16, "var": 364.179901123}, "melbands": {"dmean": [0.000854131940287, 0.00211457116529, 0.00103627797216, 0.000404680788051, 0.000255736435065, 0.000216210260987, 8.51291697472e-05, 4.90749553137e-05, 8.45258618938e-05, 6.36190452497e-05, 3.45773842128e-05, 3.52064344042e-05, 3.29514878104e-05, 3.99653545173e-05, 3.6727044062e-05, 4.66390993097e-05, 3.67998982256e-05, 3.86204119422e-05, 2.41385405388e-05, 1.59149712999e-05, 1.77845795406e-05, 2.35917977989e-05, 2.76015980489e-05, 1.87774166989e-05, 1.6229449102e-05, 1.02414223875e-05, 5.27878000867e-06, 3.20628782902e-06, 2.89678860099e-06, 2.15843556362e-06, 9.98346308734e-07, 7.55338760428e-07, 4.38201112729e-07, 2.35958708572e-07, 1.70090956431e-07, 1.67353846336e-07, 2.09535883755e-07, 2.78792782638e-07, 2.99345657595e-07, 3.76870644914e-07], "dmean2": [0.00139413052239, 0.0035727918148, 0.0017233104445, 0.00068062345963, 0.000421839416958, 0.000366491789464, 0.000143552315421, 8.39769854792e-05, 0.000145313562825, 0.000105744737084, 5.69904586882e-05, 5.7093486248e-05, 5.28052405571e-05, 6.41843071207e-05, 6.14843811491e-05, 7.94667284936e-05, 6.02880645602e-05, 5.95400342718e-05, 3.75335803255e-05, 2.44252005359e-05, 2.81961783912e-05, 3.69669069187e-05, 4.36718037236e-05, 2.96025209536e-05, 2.6203073503e-05, 1.69766299223e-05, 8.93092419574e-06, 5.11391635882e-06, 4.25012058258e-06, 3.13038572131e-06, 1.44310729411e-06, 1.09616780719e-06, 6.4234365027e-07, 3.62125689435e-07, 2.67448569957e-07, 2.61293138237e-07, 3.24522432038e-07, 4.09550125369e-07, 4.27205094411e-07, 5.33796196578e-07], "dvar": [2.76947298516e-06, 1.7588643459e-05, 5.37213509233e-06, 6.21069091267e-07, 3.32767967848e-07, 4.86462340632e-07, 5.81745887018e-08, 2.04086845201e-08, 8.98676759675e-08, 2.71674736041e-08, 1.05636068781e-08, 9.10303832313e-09, 6.38003028186e-09, 1.24013146419e-08, 1.11110907142e-08, 2.75472924471e-08, 1.31534498848e-08, 1.65665294816e-08, 5.08822273204e-09, 3.15445181087e-09, 4.22487156371e-09, 8.93503848687e-09, 1.13463700657e-08, 4.44021619472e-09, 4.02776700881e-09, 1.57492807684e-09, 4.42301473225e-10, 7.629290949e-11, 3.97742533353e-11, 2.33518551718e-11, 5.32679889781e-12, 3.24407362952e-12, 1.27594104987e-12, 6.4198684346e-13, 6.91328450649e-13, 6.79756110341e-13, 1.00624500052e-12, 7.37079017613e-13, 6.87089382785e-13, 1.10135045615e-12], "dvar2": [7.47597005102e-06, 4.76357672596e-05, 1.36507023853e-05, 1.60590741416e-06, 8.69878135745e-07, 1.30848877689e-06, 1.52604087589e-07, 5.4315133724e-08, 2.43849456183e-07, 6.99648623481e-08, 2.79002545511e-08, 2.24515463998e-08, 1.56807580254e-08, 3.02033171806e-08, 3.06617948809e-08, 7.73271793264e-08, 3.35397309925e-08, 4.02574045211e-08, 1.18518510561e-08, 6.87488377338e-09, 8.76806449668e-09, 1.86803212898e-08, 2.66692676831e-08, 1.03795638751e-08, 1.03860147149e-08, 4.35869962345e-09, 1.22263321689e-09, 1.95182398022e-10, 8.19096249161e-11, 4.81437736899e-11, 1.09989951175e-11, 6.82966487184e-12, 2.57238154389e-12, 1.6524310132e-12, 1.88970280396e-12, 1.85904720437e-12, 2.77083087377e-12, 1.70516910054e-12, 1.42146429176e-12, 2.18413807006e-12], "max": [0.0181908905506, 0.0484895780683, 0.0271743051708, 0.00952385552227, 0.00786225125194, 0.0102919852361, 0.00382999074645, 0.00372282369062, 0.00667427992448, 0.00313985883258, 0.00457589887083, 0.00220098951831, 0.00198605144396, 0.00244079506956, 0.00229247333482, 0.00827904511243, 0.00349695212208, 0.00407546106726, 0.00148522900417, 0.00198481092229, 0.00201671826653, 0.00275771110319, 0.00168768852018, 0.00134168297518, 0.00140252953861, 0.000917434110306, 0.000685712788254, 0.000303182314383, 0.000122778365039, 0.000115938586532, 5.18687338626e-05, 4.68429025204e-05, 3.51764138031e-05, 2.14313295146e-05, 3.63218059647e-05, 3.37402234436e-05, 3.14396602334e-05, 2.30916757573e-05, 1.85041462828e-05, 2.76741175185e-05], "mean": [0.00156839308329, 0.00383964646608, 0.00165769655723, 0.000512554601301, 0.000323297135765, 0.000200953494641, 8.10156634543e-05, 4.85055461468e-05, 7.21191026969e-05, 6.59144498059e-05, 4.03421945521e-05, 4.62084244646e-05, 4.25369980803e-05, 5.56217455596e-05, 4.72042629553e-05, 5.67583556403e-05, 4.31887274317e-05, 4.35181827925e-05, 2.82644377876e-05, 2.0016090275e-05, 2.32547245105e-05, 2.93386601697e-05, 3.19949613186e-05, 2.11162914638e-05, 1.75884379132e-05, 1.1052762602e-05, 5.60931312066e-06, 3.92589481635e-06, 3.88645594285e-06, 2.88606497634e-06, 1.29994532472e-06, 9.66795482782e-07, 5.60403407235e-07, 2.82639973648e-07, 1.86206534636e-07, 1.86059949669e-07, 2.33601369359e-07, 3.42820953847e-07, 3.69157817204e-07, 4.67162635687e-07], "median": [0.000176651694346, 0.000414390378864, 0.000209678008105, 0.000126189275761, 5.9294685343e-05, 3.01283835142e-05, 1.6908365069e-05, 1.17130457511e-05, 1.03202783066e-05, 9.67811502051e-06, 7.3835171861e-06, 5.03255250806e-06, 5.13640316058e-06, 5.92033939029e-06, 5.18643400937e-06, 5.44388785784e-06, 5.50029153601e-06, 3.98466454499e-06, 2.84026350528e-06, 2.66801862381e-06, 2.484309789e-06, 2.51979486166e-06, 2.5037704745e-06, 1.93958112504e-06, 2.16226726479e-06, 2.15711861529e-06, 9.70030669123e-07, 6.93784443229e-07, 7.63375794577e-07, 4.60384285361e-07, 2.43529143518e-07, 1.68897543062e-07, 8.46779784069e-08, 3.95685084698e-08, 2.36383996821e-08, 1.86454069961e-08, 2.22491216562e-08, 3.03931919632e-08, 2.84106143056e-08, 2.97673388161e-08], "min": [8.01145047237e-25, 4.31608875428e-25, 1.47756753688e-24, 5.22361800547e-25, 1.06235493815e-24, 5.44911488131e-25, 1.71571784024e-24, 1.86362472402e-24, 1.27309479024e-24, 1.58141515859e-24, 2.28125695636e-24, 1.87011586598e-24, 1.65987733499e-24, 1.31011455341e-24, 2.3154126614e-24, 2.91180728297e-24, 2.59383382093e-24, 3.22618965294e-24, 3.0502857012e-24, 3.28805666108e-24, 4.21978264282e-24, 3.43542810552e-24, 4.04527674982e-24, 3.94311176842e-24, 3.8533082374e-24, 3.99248499475e-24, 3.44960117497e-24, 4.0546215961e-24, 4.77164093869e-24, 4.97626356889e-24, 4.86333852474e-24, 4.85510991664e-24, 4.90325054781e-24, 4.93664145221e-24, 4.62265942914e-24, 5.27409248163e-24, 6.29694175869e-24, 5.27991900828e-24, 6.12104904822e-24, 5.49408093898e-24], "var": [6.11458790445e-06, 3.6244160583e-05, 8.21916091809e-06, 7.5977538927e-07, 4.27210522957e-07, 3.63368457101e-07, 4.7070926712e-08, 1.7258228624e-08, 6.25867215831e-08, 2.54192080718e-08, 1.03461248457e-08, 1.53189034791e-08, 9.47454914524e-09, 2.06759729338e-08, 1.53073322906e-08, 3.87141163571e-08, 1.41669289633e-08, 1.76470109636e-08, 6.49860787405e-09, 5.37975219927e-09, 6.77365941115e-09, 1.37717712789e-08, 1.3384974018e-08, 5.3652020604e-09, 3.71574082614e-09, 1.26358756791e-09, 3.59538343542e-10, 9.59796547795e-11, 6.8759581362e-11, 4.0423223796e-11, 8.32357707065e-12, 4.83705740392e-12, 2.01936015652e-12, 6.32969750832e-13, 5.13855234405e-13, 5.26939386222e-13, 8.00288058479e-13, 1.06805135482e-12, 1.13116037804e-12, 1.83658708901e-12]}, "melbands_crest": {"dmean": 3.68988895416, "dmean2": 6.14078617096, "dvar": 11.1188354492, "dvar2": 28.7767467499, "max": 38.6734695435, "mean": 15.1628885269, "median": 15.0097198486, "min": 1.43360316753, "var": 39.768321991}, "melbands_flatness_db": {"dmean": 0.0407221540809, "dmean2": 0.0579228624701, "dvar": 0.00172526750248, "dvar2": 0.00319820269942, "max": 0.632906019688, "mean": 0.24564063549, "median": 0.221487388015, "min": 0.00243452889845, "var": 0.0156860295683}, "melbands_kurtosis": {"dmean": 16.8910617828, "dmean2": 26.4649753571, "dvar": 772.220581055, "dvar2": 1750.57006836, "max": 445.741546631, "mean": 28.5738773346, "median": 10.4472389221, "min": -1.8574243784, "var": 2055.4128418}, "melbands_skewness": {"dmean": 1.21015107632, "dmean2": 1.87844526768, "dvar": 1.62112355232, "dvar2": 3.6936070919, "max": 16.2668418884, "mean": 3.28603363037, "median": 2.93509364128, "min": -4.85593318939, "var": 7.39721822739}, "melbands_spread": {"dmean": 10.8178358078, "dmean2": 16.9217262268, "dvar": 245.772994995, "dvar2": 560.392883301, "max": 210.420959473, "mean": 26.9390487671, "median": 17.8834209442, "min": 0.280242323875, "var": 863.078430176}, "mfcc": {"cov": [[15416.046875, 1589.73596191, -1530.6809082, 376.720397949, -300.851959229, -253.346847534, 150.063339233, -300.36038208, -21.8494319916, -260.325866699, 96.9880828857, -33.7133369446, -176.240509033], [1589.73596191, 2747.27441406, -167.054290771, 416.127380371, 558.958496094, 180.049819946, -70.8586578369, 95.3074417114, -46.4952545166, 30.2467422485, 100.117706299, 27.223487854, -114.476898193], [-1530.6809082, -167.054290771, 1248.91760254, 356.122528076, 187.14151001, 64.556427002, 150.732147217, -122.770042419, 112.434066772, 2.4334499836, -8.25627326965, 9.47382450104, 25.9017753601], [376.720397949, 416.127380371, 356.122528076, 812.948852539, 331.97479248, 42.3473243713, 54.2275428772, -14.8947248459, 125.622123718, -11.8245649338, 65.8378829956, -16.3438224792, -39.4325904846], [-300.851959229, 558.958496094, 187.14151001, 331.97479248, 599.614746094, 65.0035705566, -81.37474823, -3.05673241615, 98.4480285645, 92.0137939453, 42.3666267395, 23.1768703461, -73.1644134521], [-253.346847534, 180.049819946, 64.556427002, 42.3473243713, 65.0035705566, 313.972320557, 74.1658248901, -10.3346414566, 16.0693836212, 50.1990661621, 42.1745681763, -1.86044383049, 11.263343811], [150.063339233, -70.8586578369, 150.732147217, 54.2275428772, -81.37474823, 74.1658248901, 286.270965576, 14.1094741821, 4.40081501007, -37.544052124, -0.0999668985605, 16.1216506958, 5.42186164856], [-300.36038208, 95.3074417114, -122.770042419, -14.8947248459, -3.05673241615, -10.3346414566, 14.1094741821, 231.676513672, -0.741937160492, -17.7911968231, -21.9377403259, 16.0265655518, 28.5517063141], [-21.8494319916, -46.4952545166, 112.434066772, 125.622123718, 98.4480285645, 16.0693836212, 4.40081501007, -0.741937160492, 176.025848389, 32.2789230347, 9.83033180237, -6.88069677353, -10.6211585999], [-260.325866699, 30.2467422485, 2.4334499836, -11.8245649338, 92.0137939453, 50.1990661621, -37.544052124, -17.7911968231, 32.2789230347, 149.642578125, 23.418592453, -7.59433555603, -16.7004776001], [96.9880828857, 100.117706299, -8.25627326965, 65.8378829956, 42.3666267395, 42.1745681763, -0.0999668985605, -21.9377403259, 9.83033180237, 23.418592453, 93.8452987671, 2.09026932716, -9.65689754486], [-33.7133369446, 27.223487854, 9.47382450104, -16.3438224792, 23.1768703461, -1.86044383049, 16.1216506958, 16.0265655518, -6.88069677353, -7.59433555603, 2.09026932716, 90.5422821045, 17.5400981903], [-176.240509033, -114.476898193, 25.9017753601, -39.4325904846, -73.1644134521, 11.263343811, 5.42186164856, 28.5517063141, -10.6211585999, -16.7004776001, -9.65689754486, 17.5400981903, 97.5504760742]], "icov": [[0.000107109073724, -8.18453700049e-05, 0.000188132951735, -9.97562237899e-05, 9.92390778265e-05, 0.000120487842651, -0.000155860048835, 0.000293563323794, -0.000141267111758, 0.00011255798745, 1.9897477614e-05, -2.21489935939e-05, 2.8615633596e-07], [-8.18453700049e-05, 0.000614120275714, -2.07249504456e-05, -0.00010166841821, -0.000531646423042, -0.000383956881706, 0.000201405680855, -0.000466502504423, 0.000573416007683, 0.000130853353767, -0.000249320728472, -6.9869478466e-05, 0.000380868179491], [0.000188132951735, -2.07249504456e-05, 0.00152552465443, -0.000561915338039, -0.000282431399683, 0.00018722936511, -0.000938331941143, 0.00126261403784, -0.000509300967678, 0.000208422687137, 0.00061159132747, -4.16851362388e-05, -0.000819205248263], [-9.97562237899e-05, -0.00010166841821, -0.000561915338039, 0.00227671046741, -0.00109113671351, 0.000164094235515, -0.000363455037586, -0.000320763356285, -0.000772572180722, 0.000917812285479, -0.00127917365171, 0.000949572771788, -0.000177614827408], [9.92390778265e-05, -0.000531646423042, -0.000282431399683, -0.00109113671351, 0.00377830746584, -0.000335358927259, 0.00122721493244, -0.000122833007481, -0.000986410421319, -0.00141964957584, 0.000327308487613, -0.00173502566759, 0.00202350341715], [0.000120487842651, -0.000383956881706, 0.00018722936511, 0.000164094235515, -0.000335358927259, 0.00438159098849, -0.00171540491283, 0.000641516875476, -0.000261959212366, -0.00119159067981, -0.00133626279421, 0.000752513762563, -0.0015662398655], [-0.000155860048835, 0.000201405680855, -0.000938331941143, -0.000363455037586, 0.00122721493244, -0.00171540491283, 0.00518131209537, -0.00122589489911, 0.00013682169083, 0.000723541597836, 5.93636905251e-05, -0.00138911209069, 0.00164072751068], [0.000293563323794, -0.000466502504423, 0.00126261403784, -0.000320763356285, -0.000122833007481, 0.000641516875476, -0.00122589489911, 0.00611103884876, -0.000926112756133, 0.000546638213564, 0.00147220084909, -0.000399631535402, -0.00215832749382], [-0.000141267111758, 0.000573416007683, -0.000509300967678, -0.000772572180722, -0.000986410421319, -0.000261959212366, 0.00013682169083, -0.000926112756133, 0.00754838436842, -0.00135860196315, -5.41422487004e-05, 0.000479842274217, 0.000292133947369], [0.00011255798745, 0.000130853353767, 0.000208422687137, 0.000917812285479, -0.00141964957584, -0.00119159067981, 0.000723541597836, 0.000546638213564, -0.00135860196315, 0.00910700671375, -0.00165932218079, 0.000834290985949, 0.000642100581899], [1.9897477614e-05, -0.000249320728472, 0.00061159132747, -0.00127917365171, 0.000327308487613, -0.00133626279421, 5.93636905251e-05, 0.00147220084909, -5.41422487004e-05, -0.00165932218079, 0.013117402792, -0.00108625600114, 0.000233368220506], [-2.21489935939e-05, -6.9869478466e-05, -4.16851362388e-05, 0.000949572771788, -0.00173502566759, 0.000752513762563, -0.00138911209069, -0.000399631535402, 0.000479842274217, 0.000834290985949, -0.00108625600114, 0.0127477999777, -0.00312568806112], [2.8615633596e-07, 0.000380868179491, -0.000819205248263, -0.000177614827408, 0.00202350341715, -0.0015662398655, 0.00164072751068, -0.00215832749382, 0.000292133947369, 0.000642100581899, 0.000233368220506, -0.00312568806112, 0.0138101680204]], "mean": [-737.188842773, 129.920684814, -9.33834648132, 36.2751579285, 16.7230224609, 6.61415195465, 14.7350292206, -0.751161813736, 4.0514087677, -3.44672513008, 2.42470288277, -1.60791456699, -4.80679893494]}, "pitch_salience": {"dmean": 0.0899120941758, "dmean2": 0.148849278688, "dvar": 0.00633391132578, "dvar2": 0.0166192892939, "max": 0.971336781979, "mean": 0.547431588173, "median": 0.562152683735, "min": 0.0721483752131, "var": 0.0212402474135}, "silence_rate_20dB": {"dmean": 0, "dmean2": 0, "dvar": 0, "dvar2": 0, "max": 1, "mean": 1, "median": 1, "min": 1, "var": 0}, "silence_rate_30dB": {"dmean": 0.0131700551137, "dmean2": 0.0263431537896, "dvar": 0.0129975741729, "dvar2": 0.0330442897975, "max": 1, "mean": 0.989719331264, "median": 1, "min": 0, "var": 0.0101756425574}, "silence_rate_60dB": {"dmean": 0.0790203362703, "dmean2": 0.158058926463, "dvar": 0.0727755352855, "dvar2": 0.15041141212, "max": 1, "mean": 0.261060416698, "median": 0, "min": 0, "var": 0.192904159427}, "spectral_centroid": {"dmean": 357.659790039, "dmean2": 532.864440918, "dvar": 172376, "dvar2": 343647.65625, "max": 12285.9013672, "mean": 1646.11206055, "median": 1405.55249023, "min": 112.260025024, "var": 2675728}, "spectral_complexity": {"dmean": 4.43299436569, "dmean2": 6.13310241699, "dvar": 34.0372200012, "dvar2": 61.6738433838, "max": 53, "mean": 11.8252277374, "median": 10, "min": 0, "var": 106.998199463}, "spectral_contrast_coeffs": {"dmean": [0.0577816776931, 0.0511976666749, 0.0409233085811, 0.0356497727334, 0.0292567014694, 0.0283772367984], "dmean2": [0.0954483672976, 0.0838966965675, 0.0664542466402, 0.0562878213823, 0.044398881495, 0.0414627566934], "dvar": [0.00254185730591, 0.00188944104593, 0.00122401339468, 0.00108722306322, 0.000837911036797, 0.000762870826293], "dvar2": [0.00633597979322, 0.00486578326672, 0.00303758052178, 0.00234817247838, 0.00162643380463, 0.00151121139061], "max": [-0.3208104074, -0.494034975767, -0.483018249273, -0.454568207264, -0.484655290842, -0.494357019663], "mean": [-0.665033876896, -0.774758398533, -0.80057901144, -0.796623408794, -0.791866004467, -0.774085044861], "median": [-0.664527833462, -0.778340160847, -0.810013949871, -0.809328556061, -0.800142288208, -0.775999128819], "min": [-0.980209112167, -0.985262453556, -0.981243550777, -0.974115431309, -0.967985212803, -0.964428007603], "var": [0.0104714334011, 0.00572479190305, 0.00514153018594, 0.00546019198373, 0.00484497891739, 0.0043594581075]}, "spectral_contrast_valleys": {"dmean": [0.482397556305, 0.57528424263, 0.506063103676, 0.489095360041, 0.478778988123, 0.467722445726], "dmean2": [0.748765766621, 0.852726340294, 0.741677343845, 0.687442541122, 0.606806457043, 0.596713364124], "dvar": [0.183459624648, 0.348948031664, 0.279795438051, 0.273207217455, 0.271339446306, 0.258748114109], "dvar2": [0.369217306376, 0.69780600071, 0.543915688992, 0.511821568012, 0.472422510386, 0.434664607048], "max": [-5.05822372437, -4.56493473053, -5.44634389877, -5.63921833038, -5.50685310364, -8.17858314514], "mean": [-8.0369386673, -8.08638000488, -8.49266242981, -8.6953868866, -8.59275436401, -11.5228843689], "median": [-7.53321409225, -7.59475421906, -8.0138425827, -8.20529174805, -8.06257534027, -11.2812175751], "min": [-28.2615242004, -28.0428981781, -27.9706020355, -27.6512508392, -27.55519104, -27.5137615204], "var": [9.8818655014, 9.61439228058, 9.21699428558, 9.07220649719, 9.03860759735, 6.60188531876]}, "spectral_decrease": {"dmean": 3.08302672281e-09, "dmean2": 4.83336615176e-09, "dvar": 2.58120916054e-17, "dvar2": 6.32177283006e-17, "max": 1.29725550535e-22, "mean": -6.7432712747e-09, "median": -3.00159008759e-09, "min": -4.99914492025e-08, "var": 6.27653465323e-17}, "spectral_energy": {"dmean": 0.012226909399, "dmean2": 0.0190734267235, "dvar": 0.000391049485188, "dvar2": 0.000952633155975, "max": 0.191918596625, "mean": 0.0267157144845, "median": 0.0128071643412, "min": 9.87097485517e-21, "var": 0.000949456531089}, "spectral_energyband_high": {"dmean": 0.000236783438595, "dmean2": 0.000322091043927, "dvar": 2.39347400566e-07, "dvar2": 4.3157083951e-07, "max": 0.0106882238761, "mean": 0.000344715401297, "median": 7.87379321991e-05, "min": 6.93622124457e-21, "var": 4.79203890791e-07}, "spectral_energyband_low": {"dmean": 0.00806146580726, "dmean2": 0.0129864886403, "dvar": 0.000229861820117, "dvar2": 0.000579402490985, "max": 0.159337282181, "mean": 0.016783086583, "median": 0.00204332871363, "min": 1.08935916549e-23, "var": 0.000579903018661}, "spectral_energyband_middle_high": {"dmean": 0.00257273460738, "dmean2": 0.00387865537778, "dvar": 2.7266512916e-05, "dvar2": 6.14656237303e-05, "max": 0.0698341578245, "mean": 0.00419376371428, "median": 0.00130149419419, "min": 1.1697994887e-21, "var": 4.81365677842e-05}, "spectral_energyband_middle_low": {"dmean": 0.00489661283791, "dmean2": 0.00804202537984, "dvar": 9.22042599996e-05, "dvar2": 0.000236712541664, "max": 0.101930603385, "mean": 0.007156918291, "median": 0.00271737994626, "min": 1.38578463157e-22, "var": 0.000113336507638}, "spectral_entropy": {"dmean": 0.244070589542, "dmean2": 0.344271481037, "dvar": 0.0710257068276, "dvar2": 0.134463325143, "max": 9.83188724518, "mean": 7.40622901917, "median": 7.51232671738, "min": 4.60269594193, "var": 0.566013038158}, "spectral_flux": {"dmean": 0.0317740105093, "dmean2": 0.048818692565, "dvar": 0.00180511665531, "dvar2": 0.00406578741968, "max": 0.368329375982, "mean": 0.0778916850686, "median": 0.0633301213384, "min": 6.29774982164e-11, "var": 0.0038926792331}, "spectral_kurtosis": {"dmean": 2.93021774292, "dmean2": 4.71183013916, "dvar": 16.6218757629, "dvar2": 42.7644233704, "max": 60.3351707458, "mean": 7.47943258286, "median": 5.46572494507, "min": -1.27910900116, "var": 42.6220817566}, "spectral_rms": {"dmean": 0.00107348407619, "dmean2": 0.00157582771499, "dvar": 2.00295039576e-06, "dvar2": 4.37294556832e-06, "max": 0.0136834811419, "mean": 0.00412679603323, "median": 0.00353479757905, "min": 3.10325940292e-12, "var": 9.03371892491e-06}, "spectral_rolloff": {"dmean": 716.956726074, "dmean2": 1196.88793945, "dvar": 1703446.375, "dvar2": 3836544.75, "max": 19745.9472656, "mean": 2021.3125, "median": 1205.859375, "min": 43.06640625, "var": 10163896}, "spectral_skewness": {"dmean": 0.34742975235, "dmean2": 0.536652863026, "dvar": 0.161965399981, "dvar2": 0.401175588369, "max": 6.22304821014, "mean": 1.82295012474, "median": 1.69119465351, "min": -0.0935264080763, "var": 0.608772158623}, "spectral_spread": {"dmean": 732479.9375, "dmean2": 1054766.875, "dvar": 857068666880, "dvar2": 1819027963900.0, "max": 42593