{"lowlevel": {"average_loudness": 0.558947741985, "barkbands": {"dmean": [0.000419844931457, 0.0020575732924, 0.00153360061813, 0.000928875640966, 0.00160336459521, 0.00134261278436, 0.000917535333429, 0.000461513292976, 0.000719457806554, 0.000395993061829, 0.000924967287574, 0.000336120487191, 0.000435858528363, 0.000245118630119, 0.00019937788602, 0.000165982826729, 0.000147865779581, 0.000143373428728, 0.000111605702841, 6.44142201054e-05, 3.38145509886e-05, 1.09330594569e-05, 2.30588375416e-06, 1.60161403073e-06, 1.62826495398e-06, 2.56116072705e-06, 0.000443757715402], "dmean2": [0.000718458381016, 0.00349858799018, 0.00257979170419, 0.00153846433386, 0.00252456008457, 0.00209921598434, 0.00149673281703, 0.000732079264708, 0.00116597535089, 0.000637521676254, 0.00147653068416, 0.000556904065888, 0.000719929928891, 0.000390828383388, 0.000319736311212, 0.000254954647971, 0.000227011885727, 0.000214368119487, 0.000165517863934, 9.24647392821e-05, 5.11450343765e-05, 1.72028685483e-05, 3.66739618585e-06, 2.61483933173e-06, 2.64982691078e-06, 4.09554468206e-06, 0.000629374640994], "dvar": [6.7304449658e-07, 9.74750946625e-06, 6.89362968842e-06, 3.23830681737e-06, 1.81470095413e-05, 1.21633402159e-05, 1.53750243044e-05, 3.34978449246e-06, 2.98163922707e-06, 1.32189973101e-06, 7.10040330887e-06, 8.0404640812e-07, 9.66343350228e-07, 2.32385346521e-07, 2.02394389248e-07, 1.96623958004e-07, 1.60208898592e-07, 2.27657253049e-07, 1.12474808134e-07, 4.63445708476e-08, 1.1788868548e-08, 1.46951772972e-09, 2.59351672083e-11, 9.49819476542e-12, 9.37065876283e-12, 2.32050281768e-11, 1.19799665299e-06], "dvar2": [1.69199074662e-06, 2.73636032944e-05, 1.88025114767e-05, 8.36959043227e-06, 4.22426455771e-05, 2.83115095954e-05, 4.52001768281e-05, 7.88199486124e-06, 7.63771004131e-06, 3.4584718378e-06, 1.76737994479e-05, 2.21809136747e-06, 2.58325417235e-06, 5.49246465198e-07, 5.12393341978e-07, 4.30557491882e-07, 3.67616593167e-07, 5.58440262921e-07, 2.38653825591e-07, 8.61280398112e-08, 2.59470791519e-08, 3.41766193124e-09, 5.64582061657e-11, 2.38518319678e-11, 2.32540549316e-11, 5.4309667874e-11, 2.57268766291e-06], "max": [0.0184244289994, 0.050850328058, 0.0427414774895, 0.0439089052379, 0.118832707405, 0.0899637788534, 0.160886079073, 0.0636256560683, 0.0352955199778, 0.039911929518, 0.074255079031, 0.0182680040598, 0.0187869239599, 0.00966643169522, 0.0102225802839, 0.0169469751418, 0.0127982310951, 0.0211529955268, 0.0110135115683, 0.0102390209213, 0.00470814993605, 0.00148906256072, 0.000209169244044, 5.8312965848e-05, 5.61333436053e-05, 9.98354880721e-05, 0.0174865182489], "mean": [0.000451136438642, 0.00300632999279, 0.00216262112372, 0.00123609055299, 0.00237165158615, 0.00221200333908, 0.00135317107197, 0.000675714749377, 0.00111811421812, 0.000584332679864, 0.0013453142019, 0.000545852468349, 0.000701197830494, 0.000425262580393, 0.000320010993164, 0.000250948884059, 0.000222285932978, 0.000216045154957, 0.000174444066943, 9.57727897912e-05, 4.79505179101e-05, 1.42774006235e-05, 2.89470131065e-06, 1.68945803125e-06, 1.73215721588e-06, 3.13113241646e-06, 0.000742129457649], "median": [0.000179765323992, 0.00178301625419, 0.000928189430851, 0.000464871787699, 0.000710404710844, 0.000518724613357, 0.000347202003468, 0.000147414189996, 0.000345141568687, 0.000151331070811, 0.000218266242882, 0.000134191854158, 0.000212145416299, 0.000181345647434, 0.000103247155494, 7.72880157456e-05, 5.72593489778e-05, 4.71756684419e-05, 3.98709526053e-05, 1.95897609956e-05, 9.78038588073e-06, 3.00284682453e-06, 8.83890038494e-07, 5.55093265575e-07, 5.87996055401e-07, 1.14747706448e-06, 0.000237209387706], "min": [3.91949016677e-25, 2.61730953261e-24, 3.06343759022e-24, 9.77931438503e-25, 8.95657131228e-24, 8.58772914085e-24, 1.07031101453e-23, 9.18343903115e-24, 1.85236594341e-23, 1.71904781933e-23, 1.61981621721e-23, 2.28228677483e-23, 2.34022797722e-23, 4.06362415564e-23, 3.78860736479e-23, 4.99267447896e-23, 6.9529316662e-23, 1.06892533302e-22, 1.21807090986e-22, 1.83096988995e-22, 2.68570812761e-22, 3.13219279767e-22, 3.93122054224e-22, 5.91453272586e-22, 7.50172793535e-22, 1.30214899256e-21, 1.84017313255e-21], "var": [7.33361616767e-07, 1.39610710903e-05, 1.09613984023e-05, 4.9267500799e-06, 3.24482862197e-05, 2.84861744149e-05, 1.93019604922e-05, 6.29157284493e-06, 5.94629136685e-06, 2.10214261642e-06, 1.19913684102e-05, 1.46423315073e-06, 1.71542808403e-06, 4.93775019095e-07, 3.90890448898e-07, 3.7476351622e-07, 3.00277434917e-07, 3.98774716359e-07, 2.42919298898e-07, 9.94141515775e-08, 2.15892725919e-08, 2.11750883494e-09, 4.60037910543e-11, 1.08214617822e-11, 1.09275219082e-11, 3.22827459209e-11, 2.20834999709e-06]}, "barkbands_crest": {"dmean": 2.80589985847, "dmean2": 4.65498352051, "dvar": 5.939868927, "dvar2": 15.9370498657, "max": 24.4996948242, "mean": 9.52128219604, "median": 8.66925239563, "min": 2.52166652679, "var": 15.7080564499}, "barkbands_flatness_db": {"dmean": 0.0254846252501, "dmean2": 0.040047455579, "dvar": 0.00046427862253, "dvar2": 0.00113853428047, "max": 0.363426059484, "mean": 0.147225141525, "median": 0.141232743859, "min": 0.0416540056467, "var": 0.00208051479422}, "barkbands_kurtosis": {"dmean": 4.45112705231, "dmean2": 7.07063341141, "dvar": 81.0190658569, "dvar2": 196.46421814, "max": 251.691680908, "mean": 8.27214336395, "median": 3.83983039856, "min": -1.86222970486, "var": 267.705352783}, "barkbands_skewness": {"dmean": 0.618892908096, "dmean2": 0.967905938625, "dvar": 0.389965653419, "dvar2": 0.90254098177, "max": 13.7957363129, "mean": 1.88669168949, "median": 1.67692053318, "min": -2.58495211601, "var": 2.33468008041}, "barkbands_spread": {"dmean": 8.82167816162, "dmean2": 13.3574934006, "dvar": 108.863624573, "dvar2": 239.517684937, "max": 130.529922485, "mean": 28.3768005371, "median": 23.6490936279, "min": 0.752158403397, "var": 387.891418457}, "dissonance": {"dmean": 0.0229148548096, "dmean2": 0.0387733615935, "dvar": 0.000564434449188, "dvar2": 0.00155406747945, "max": 0.500000119209, "mean": 0.462380290031, "median": 0.472230434418, "min": 0.229398474097, "var": 0.0010682544671}, "dynamic_complexity": 4.66299819946, "erbbands": {"dmean": [0.0590469874442, 0.500545322895, 1.67377793789, 2.36521244049, 3.50590753555, 6.05532550812, 10.2300310135, 11.3971681595, 11.0675411224, 14.913611412, 9.93623161316, 17.2277946472, 12.2013196945, 16.1565914154, 33.3859138489, 12.8704023361, 20.8139457703, 9.7944393158, 12.131819725, 10.0629701614, 8.66982269287, 7.71883821487, 7.95435714722, 6.22870731354, 4.81587266922, 3.05298018456, 1.74115359783, 1.07791733742, 0.460118710995, 0.15126940608, 0.0581486150622, 0.0360163375735, 0.0256376191974, 0.0177766475827, 0.0118694500998, 0.00745541322976, 0.00509535474703, 0.0135553544387, 0.0256389006972, 0.0115195233375], "dmean2": [0.0998895987868, 0.855611979961, 2.8330013752, 3.88165545464, 5.7578587532, 9.58539295197, 16.0337505341, 17.8947963715, 17.5816669464, 24.3517913818, 15.866645813, 28.039691925, 19.7076721191, 25.8938579559, 52.7574195862, 20.9685840607, 34.4423561096, 15.493347168, 19.1297187805, 15.8654956818, 13.2573451996, 11.5834083557, 11.9428262711, 9.09359455109, 7.03678560257, 4.42513799667, 2.59771442413, 1.64969050884, 0.717350542545, 0.234804853797, 0.0930291935802, 0.0588085353374, 0.0418622754514, 0.0289850942791, 0.0192749332637, 0.0120374737307, 0.00808018352836, 0.0206166636199, 0.0370375216007, 0.0160549171269], "dvar": [0.0102043384686, 0.595640361309, 7.89031791687, 19.8007125854, 62.8032112122, 307.074829102, 805.300720215, 1064.1661377, 1345.33728027, 5568.54541016, 1015.45037842, 1817.94262695, 1342.06164551, 1690.90429688, 9161.82714844, 1093.14807129, 2340.38842773, 370.114013672, 658.365600586, 573.077880859, 465.56640625, 462.34564209, 745.685546875, 329.411315918, 222.266769409, 109.21308136, 30.8952560425, 16.3928928375, 2.68382406235, 0.240669772029, 0.0144361574203, 0.00483760982752, 0.00241779861972, 0.00114413048141, 0.000488399586175, 0.000184573378647, 9.26857028389e-05, 0.00187483429909, 0.00436638155952, 0.000762330542784], "dvar2": [0.0269452370703, 1.73004007339, 22.6589050293, 50.8688049316, 157.151031494, 749.285766602, 1857.35656738, 2501.93139648, 3448.76245117, 15059.5908203, 2350.80859375, 4713.27978516, 3545.96777344, 4457.18164062, 22727.9609375, 2997.96069336, 6273.18994141, 941.29876709, 1572.38635254, 1355.43322754, 1031.84985352, 1014.56768799, 1852.3848877, 659.96875, 457.458770752, 204.790176392, 67.0363922119, 36.8902168274, 6.06897783279, 0.528796672821, 0.0328803099692, 0.012124856934, 0.00605675345287, 0.00285470299423, 0.00120498856995, 0.000445331068477, 0.000213936393266, 0.00452858349308, 0.00975290033966, 0.00159290840384], "max": [2.39704442024, 14.7670135498, 45.9354515076, 144.902511597, 197.34614563, 394.472991943, 838.732116699, 813.860778809, 1044.55322266, 3425.68041992, 959.309509277, 978.112976074, 1312.33752441, 1322.35839844, 2479.17211914, 838.83581543, 1002.95727539, 439.673309326, 493.487030029, 705.343444824, 588.65435791, 822.674804688, 1232.18859863, 650.021789551, 469.552398682, 477.913330078, 290.429901123, 239.136886597, 76.4290008545, 20.4678211212, 4.04599237442, 1.29899299145, 0.935266137123, 0.634659469128, 0.395567893982, 0.2193749547, 0.183409154415, 0.744625806808, 0.985539138317, 0.456365317106], "mean": [0.0798146650195, 0.69937056303, 2.40760612488, 3.45938253403, 5.0888543129, 8.17791843414, 15.6197023392, 18.0916366577, 16.9361858368, 21.0770874023, 16.4201011658, 26.3553771973, 19.3092155457, 26.0771961212, 51.4525642395, 23.8526668549, 34.2359161377, 18.8535919189, 21.3164863586, 16.5625419617, 13.552063942, 12.113904953, 12.2268753052, 9.97920799255, 7.49072408676, 4.56879663467, 2.54419994354, 1.50028347969, 0.607524216175, 0.197486430407, 0.0726313889027, 0.0394493080676, 0.0268093962222, 0.0187465809286, 0.0127765955403, 0.00830879807472, 0.00645771808922, 0.0178242307156, 0.0370150990784, 0.0225298646837], "median": [0.0442285910249, 0.391491115093, 1.11602973938, 1.53945636749, 1.9042160511, 2.10925626755, 3.64553332329, 4.08666610718, 4.4287109375, 4.76443099976, 4.77419567108, 7.87626552582, 5.59112930298, 7.43894290924, 9.84856987, 7.58860397339, 10.5043258667, 8.71801185608, 8.37355327606, 5.55740356445, 4.1293296814, 3.24341249466, 2.74397468567, 2.32173156738, 1.60740733147, 0.964919686317, 0.565426468849, 0.295591294765, 0.123655892909, 0.0499960631132, 0.023428928107, 0.0132085904479, 0.00871729850769, 0.00625893380493, 0.00442312192172, 0.00304155889899, 0.00241420371458, 0.00377108179964, 0.00740935932845, 0.00938047654927], "min": [3.42259420634e-23, 8.09541783686e-22, 3.14174041276e-21, 7.91499562907e-21, 1.62740337663e-20, 2.90654497457e-20, 2.85508076953e-20, 7.62477769557e-20, 1.1151192111e-19, 1.36003291482e-19, 2.97226596057e-19, 4.61529351882e-19, 6.90102050898e-19, 6.08925802606e-19, 8.08693125862e-19, 1.47066436679e-18, 1.5116017421e-18, 2.38501792519e-18, 2.2218759881e-18, 3.40258863138e-18, 3.66029034057e-18, 4.05291989012e-18, 5.43805533254e-18, 5.78665529886e-18, 7.70193245022e-18, 8.66721417476e-18, 1.12384472062e-17, 8.359489752e-18, 1.13575785852e-17, 1.06438548927e-17, 1.17094190316e-17, 1.19948649989e-17, 9.89520101722e-18, 8.14071371487e-18, 6.42112474897e-18, 4.30241038417e-18, 2.52141090921e-18, 9.45070290057e-19, 2.22024711438e-19, 2.66464101275e-20], "var": [0.0130552677438, 0.815602898598, 12.0910825729, 32.4940490723, 106.463935852, 474.401519775, 1562.53479004, 2169.51367188, 1970.66918945, 8177.671875, 2241.58984375, 3440.90649414, 2299.43188477, 2671.29467773, 15748.4716797, 2250.50463867, 4093.96557617, 845.352111816, 1363.61645508, 1149.64331055, 939.88494873, 947.750061035, 1288.87841797, 777.92364502, 450.117645264, 226.782348633, 59.0406303406, 27.4604454041, 4.10824155807, 0.377901047468, 0.0242874976248, 0.00567405018955, 0.00275454483926, 0.00131492281798, 0.000578447827138, 0.000229629338719, 0.000133851310238, 0.00222066766582, 0.00679391575977, 0.00157099135686]}, "erbbands_crest": {"dmean": 2.81238055229, "dmean2": 4.5786242485, "dvar": 6.88674592972, "dvar2": 17.2391319275, "max": 33.2671165466, "mean": 9.54316139221, "median": 8.32048988342, "min": 2.26402783394, "var": 23.4074821472}, "erbbands_flatness_db": {"dmean": 0.0239769257605, "dmean2": 0.0369022153318, "dvar": 0.00039102131268, "dvar2": 0.000902460480575, "max": 0.405473351479, "mean": 0.169550165534, "median": 0.164530068636, "min": 0.0265861824155, "var": 0.00232397788204}, "erbbands_kurtosis": {"dmean": 1.23175668716, "dmean2": 1.9399831295, "dvar": 5.06802940369, "dvar2": 11.3242397308, "max": 86.1690826416, "mean": 1.19747042656, "median": 0.316985368729, "min": -1.74884474277, "var": 11.4539060593}, "erbbands_skewness": {"dmean": 0.385070443153, "dmean2": 0.587107360363, "dvar": 0.128439664841, "dvar2": 0.270029276609, "max": 3.81491136551, "mean": 0.101650059223, "median": 0.0563603751361, "min": -6.08290433884, "var": 0.757598936558}, "erbbands_spread": {"dmean": 5.7758564949, "dmean2": 9.10642719269, "dvar": 30.2648181915, "dvar2": 71.5752716064, "max": 98.3017120361, "mean": 24.9043083191, "median": 23.5525817871, "min": 1.06794941425, "var": 137.582672119}, "gfcc": {"cov": [[22424.0410156, 1782.47070312, -1735.82910156, -244.434234619, 121.25692749, -958.951843262, 319.509979248, -331.555358887, -228.129989624, -99.1773376465, -55.3733253479, -253.424240112, 126.516693115], [1782.47070312, 930.298217773, 28.5354595184, -182.336837769, -10.3342313766, -81.2973403931, -14.3435792923, -90.3101501465, 2.72091078758, -7.7711930275, 6.05840349197, -97.091545105, 8.42202186584], [-1735.82910156, 28.5354595184, 889.900085449, 149.801086426, -141.132629395, 243.580612183, -163.338943481, 111.6588974, 9.81635475159, 58.5691680908, -61.1661682129, -81.2929916382, -48.5726318359], [-244.434234619, -182.336837769, 149.801086426, 322.495513916, 80.1938400269, -37.7240905762, 41.073009491, 40.5264892578, 3.22832846642, -12.0576839447, -42.3802604675, -20.2316474915, -42.0339927673], [121.25692749, -10.3342313766, -141.132629395, 80.1938400269, 296.966339111, -18.2447414398, 134.428009033, -58.110912323, 17.8489265442, -23.0254573822, 20.7946681976, -2.88560724258, 6.530418396], [-958.951843262, -81.2973403931, 243.580612183, -37.7240905762, -18.2447414398, 349.8934021, -70.2869262695, 65.04246521, -49.9517860413, 12.4675712585, 2.69675993919, 4.05714988708, -5.38719987869], [319.509979248, -14.3435792923, -163.338943481, 41.073009491, 134.428009033, -70.2869262695, 271.875427246, -9.98130893707, 35.7927589417, -37.5139007568, -24.4758281708, 11.9435100555, 3.00197529793], [-331.555358887, -90.3101501465, 111.6588974, 40.5264892578, -58.110912323, 65.04246521, -9.98130893707, 187.091415405, 32.1037025452, 11.8604068756, -20.8309726715, -18.5367202759, -0.974275588989], [-228.129989624, 2.72091078758, 9.81635475159, 3.22832846642, 17.8489265442, -49.9517860413, 35.7927589417, 32.1037025452, 133.083267212, 49.6992225647, -2.13023996353, -14.7282981873, -4.14740371704], [-99.1773376465, -7.7711930275, 58.5691680908, -12.0576839447, -23.0254573822, 12.4675712585, -37.5139007568, 11.8604068756, 49.6992225647, 89.6314315796, 27.8229389191, -9.979637146, 2.50415205956], [-55.3733253479, 6.05840349197, -61.1661682129, -42.3802604675, 20.7946681976, 2.69675993919, -24.4758281708, -20.8309726715, -2.13023996353, 27.8229389191, 85.079284668, 45.697593689, 24.4540939331], [-253.424240112, -97.091545105, -81.2929916382, -20.2316474915, -2.88560724258, 4.05714988708, 11.9435100555, -18.5367202759, -14.7282981873, -9.979637146, 45.697593689, 100.243309021, 39.1272544861], [126.516693115, 8.42202186584, -48.5726318359, -42.0339927673, 6.530418396, -5.38719987869, 3.00197529793, -0.974275588989, -4.14740371704, 2.50415205956, 24.4540939331, 39.1272544861, 71.3429794312]], "icov": [[8.01562709967e-05, -0.000161597214174, 0.000204368523555, -0.00013635182404, 7.90719714132e-05, 6.51546870358e-05, -4.80628914374e-05, -2.52681675192e-05, 0.000272754492471, -0.000242532492848, 0.000126545448438, 0.000223973867833, -0.000206747834454], [-0.000161597214174, 0.0020898564253, -0.000946272397414, 0.001412926591, -5.89620285609e-05, 0.000472974177683, -0.000238005348365, 0.00082029926125, -0.000660339777824, 0.00173518632073, -0.0018261752557, 0.0023944764398, -0.000496152846608], [0.000204368523555, -0.000946272397414, 0.00305055337958, -0.00246613309719, 0.00155875843484, -0.00193270959426, 0.000557009479962, 0.000184180113138, -0.000319672311889, -0.00122950319201, 0.000955658906605, 0.00147018185817, -0.00104564381763], [-0.00013635182404, 0.001412926591, -0.00246613309719, 0.00709568802267, -0.0037621979136, 0.00305547332391, 0.000176681016455, -0.00209791818634, 0.00203537521884, -0.000828036107123, 0.00256799603812, -0.00263268779963, 0.00382667360827], [7.90719714132e-05, -5.89620285609e-05, 0.00155875843484, -0.0037621979136, 0.00795914418995, -0.00272378046066, -0.00302132987417, 0.00343113276176, -0.00282579287887, 0.0034696853254, -0.00600993307307, 0.00605478463694, -0.00359558523633], [6.51546870358e-05, 0.000472974177683, -0.00193270959426, 0.00305547332391, -0.00272378046066, 0.00595157779753, 0.000533989048563, -0.00262472825125, 0.00388827663846, -0.00214671390131, 0.00162125495262, -0.00235452107154, 0.00199040607549], [-4.80628914374e-05, -0.000238005348365, 0.000557009479962, 0.000176681016455, -0.00302132987417, 0.000533989048563, 0.00643525319174, -0.00100754527375, -0.00157660257537, 0.000815219362266, 0.00397306773812, -0.00325088202953, 0.000929797068238], [-2.52681675192e-05, 0.00082029926125, 0.000184180113138, -0.00209791818634, 0.00343113276176, -0.00262472825125, -0.00100754527375, 0.00863446388394, -0.00400455947965, 0.00288980011828, -0.00239174207672, 0.00454184925184, -0.00351998768747], [0.000272754492471, -0.000660339777824, -0.000319672311889, 0.00203537521884, -0.00282579287887, 0.00388827663846, -0.00157660257537, -0.00400455947965, 0.015131264925, -0.0108797429129, 0.00479307817295, -0.00245672697201, 0.00210570869967], [-0.000242532492848, 0.00173518632073, -0.00122950319201, -0.000828036107123, 0.0034696853254, -0.00214671390131, 0.000815219362266, 0.00288980011828, -0.0108797429129, 0.0240864548832, -0.0132760945708, 0.00864443462342, -0.00324246729724], [0.000126545448438, -0.0018261752557, 0.000955658906605, 0.00256799603812, -0.00600993307307, 0.00162125495262, 0.00397306773812, -0.00239174207672, 0.00479307817295, -0.0132760945708, 0.0281054917723, -0.0156446639448, 0.00231864000671], [0.000223973867833, 0.0023944764398, 0.00147018185817, -0.00263268779963, 0.00605478463694, -0.00235452107154, -0.00325088202953, 0.00454184925184, -0.00245672697201, 0.00864443462342, -0.0156446639448, 0.0272538419813, -0.0117940548807], [-0.000206747834454, -0.000496152846608, -0.00104564381763, 0.00382667360827, -0.00359558523633, 0.00199040607549, 0.000929797068238, -0.00351998768747, 0.00210570869967, -0.00324246729724, 0.00231864000671, -0.0117940548807, 0.022286714986]], "mean": [-65.4178314209, 108.327552795, -96.2629165649, -12.3867931366, -3.46159958839, -22.7603683472, 0.359731376171, -16.409412384, -6.01666307449, -7.84331178665, -1.65910339355, -7.78257846832, -2.20758509636]}, "hfc": {"dmean": 73.0169906616, "dmean2": 112.027389526, "dvar": 11645.1552734, "dvar2": 26720.9628906, "max": 1882.62133789, "mean": 180.176605225, "median": 121.923202515, "min": 1.02022325935e-16, "var": 36379.3789062}, "melbands": {"dmean": [0.000529462413397, 0.0007829524111, 0.000414518755861, 0.000316217367072, 0.000343750783941, 0.000254111218965, 0.000169321807334, 0.000149108920596, 9.2202128144e-05, 0.000104754042695, 6.21115905233e-05, 6.10773131484e-05, 0.0001378129964, 4.07844454458e-05, 4.52752574347e-05, 3.72687463823e-05, 1.8685208488e-05, 2.25417825277e-05, 1.56574351422e-05, 1.24623365991e-05, 1.06616735138e-05, 8.21209414426e-06, 8.61744229042e-06, 6.83007101543e-06, 5.18651131642e-06, 4.17874298364e-06, 2.90187153951e-06, 1.94214658222e-06, 1.21454354485e-06, 8.35056425785e-07, 5.68404402657e-07, 2.94505412057e-07, 1.41915734275e-07, 6.26977438856e-08, 3.46218911318e-08, 2.50171829919e-08, 2.0899701525e-08, 1.82462116527e-08, 1.60819517703e-08, 1.46180818561e-08], "dmean2": [0.000894409953617, 0.0013234205544, 0.000678669370245, 0.000505525851622, 0.000536522245966, 0.000397141033318, 0.000269948097412, 0.000241712070419, 0.000147378799738, 0.00017110533372, 0.00010053904407, 9.91978158709e-05, 0.000219017834752, 6.7207722168e-05, 7.49322207412e-05, 6.10448987572e-05, 2.99415823974e-05, 3.58417019015e-05, 2.51570181717e-05, 1.95394095499e-05, 1.66548925336e-05, 1.26066161101e-05, 1.32820650833e-05, 1.04602531792e-05, 7.84304756962e-06, 6.30056638329e-06, 4.29060173701e-06, 2.89773470286e-06, 1.8504883883e-06, 1.27994383092e-06, 8.89581599495e-07, 4.6900024131e-07, 2.25443585578e-07, 9.85135457654e-08, 5.56721531098e-08, 4.08476772407e-08, 3.4218611944e-08, 2.98226829898e-08, 2.62692640973e-08, 2.38270345676e-08], "dvar": [6.91972104505e-07, 1.56980706834e-06, 5.65343555081e-07, 6.68866107389e-07, 9.27166752263e-07, 4.78479648791e-07, 3.75961974441e-07, 5.06825415414e-07, 7.4081562218e-08, 6.6000190202e-08, 3.47713680071e-08, 2.52706318093e-08, 1.6953396198e-07, 1.18681482419e-08, 1.05939603756e-08, 6.53136922324e-09, 1.31579303009e-09, 2.45872833204e-09, 1.43192857571e-09, 1.29409216676e-09, 7.00194568992e-10, 4.98543206717e-10, 8.18051348883e-10, 5.23030063704e-10, 2.47278031384e-10, 1.63058011537e-10, 1.01699322574e-10, 5.19713647118e-11, 1.83299556089e-11, 6.28303702468e-12, 5.9343988057e-12, 1.13365946405e-12, 2.94744751609e-13, 3.31163692118e-14, 5.43080891604e-15, 2.34697519564e-15, 1.65014342455e-15, 1.22739679799e-15, 9.50599983352e-16, 7.69041065147e-16], "dvar2": [1.86206739272e-06, 4.57593614556e-06, 1.43084537285e-06, 1.60214824518e-06, 2.11694441532e-06, 1.11520660084e-06, 1.04623245534e-06, 1.34134234031e-06, 1.72343945337e-07, 1.72260513409e-07, 9.11190767283e-08, 6.72779592037e-08, 4.21509611215e-07, 3.25654561095e-08, 2.80604162128e-08, 1.73877641174e-08, 3.34825123183e-09, 5.82629500201e-09, 3.65816710257e-09, 2.99993430097e-09, 1.66932301315e-09, 1.12977127653e-09, 1.92173166269e-09, 1.31213517829e-09, 5.32755228821e-10, 3.54508200573e-10, 2.14708917312e-10, 9.80363429326e-11, 4.30764625359e-11, 1.32556986221e-11, 1.39391987536e-11, 2.71288764023e-12, 6.79168093293e-13, 7.27520460867e-14, 1.24361817773e-14, 5.85855166056e-15, 4.15893431212e-15, 3.07559272511e-15, 2.3795023196e-15, 1.91691645128e-15], "max": [0.0161390509456, 0.023915482685, 0.0206357650459, 0.024311657995, 0.0319884456694, 0.0159582626075, 0.0219232812524, 0.0332624427974, 0.00906210299581, 0.00552713638172, 0.00675112893805, 0.00578552111983, 0.0113511271775, 0.00244656414725, 0.00204166560434, 0.00149351987056, 0.000802076945547, 0.00107682938688, 0.000970371474978, 0.00151145877317, 0.000674490758684, 0.000795537023805, 0.00133862986695, 0.000862497603521, 0.000596522819251, 0.00040797420661, 0.000447732221801, 0.0003754447971, 0.00024055504764, 9.14762276807e-05, 0.000156830283231, 4.46988051408e-05, 1.95290813281e-05, 8.00209272711e-06, 2.56509520113e-06, 9.02859483176e-07, 7.54812106152e-07, 6.65362676955e-07, 5.85659506669e-07, 5.17795513133e-07], "mean": [0.000785958720371, 0.00117992097512, 0.000659509561956, 0.000462190102553, 0.000527523399796, 0.000414446927607, 0.000258127343841, 0.000212244398426, 0.000145950718434, 0.000158767274115, 9.35677599045e-05, 9.53294947976e-05, 0.000201995964744, 6.64982144372e-05, 7.33140477678e-05, 6.11673676758e-05, 3.25839537254e-05, 3.74829105567e-05, 2.45600203925e-05, 1.85238404811e-05, 1.55547859322e-05, 1.2282460375e-05, 1.24776452139e-05, 9.9094968391e-06, 7.92013270257e-06, 6.32603905615e-06, 4.15197428083e-06, 2.76132186627e-06, 1.70737996541e-06, 1.15899536013e-06, 7.54032669192e-07, 3.74624420374e-07, 1.76696147491e-07, 7.98201327257e-08, 4.26655972774e-08, 2.8417849407e-08, 2.19980655913e-08, 1.89343420942e-08, 1.6786923851e-08, 1.54122581364e-08], "median": [0.000479314243421, 0.00063582562143, 0.00030534749385, 0.00014216901036, 0.000127261926536, 9.72888810793e-05, 6.80996381561e-05, 4.57045498479e-05, 4.12367990066e-05, 4.80632515973e-05, 2.34458202613e-05, 2.79174564639e-05, 3.24078137055e-05, 1.90534919966e-05, 2.11222250073e-05, 2.06787372008e-05, 1.50270534505e-05, 1.41793261719e-05, 7.74300497142e-06, 5.79082370677e-06, 4.30749514635e-06, 3.20313438351e-06, 2.79203277387e-06, 2.0405500436e-06, 1.80500830993e-06, 1.38822144891e-06, 8.3181419086e-07, 5.56785664685e-07, 3.67692905456e-07, 2.34365955976e-07, 1.3929616216e-07, 7.35263796514e-08, 3.7440671008e-08, 2.14519424446e-08, 1.35510056509e-08, 9.63071578042e-09, 7.09972525215e-09, 6.04517946812e-09, 5.53689272209e-09, 5.15546538793e-09], "min": [6.92756791455e-25, 1.71781759075e-24, 2.07433775484e-24, 8.48666225383e-25, 1.21186350539e-24, 1.69959135397e-24, 1.82314629882e-24, 1.3984941905e-24, 2.34639083472e-24, 2.72548405639e-24, 2.88347751292e-24, 2.00811367071e-24, 2.14461835896e-24, 3.0707061546e-24, 3.22443483186e-24, 3.40820530454e-24, 4.14429220406e-24, 2.25260395056e-24, 2.2716935956e-24, 4.04834660203e-24, 3.92264280008e-24, 3.7179298453e-24, 3.98259741217e-24, 4.21268250024e-24, 4.19040191283e-24, 4.85073489406e-24, 3.87743909806e-24, 4.98973849644e-24, 6.52840222575e-24, 5.60086785643e-24, 4.38740454112e-24, 5.78832763435e-24, 5.63187718975e-24, 5.45278604274e-24, 5.92635502137e-24, 6.48388641044e-24, 6.98509983619e-24, 6.10564022816e-24, 6.33866855627e-24, 6.20239401818e-24], "var": [9.76819819698e-07, 2.40359304371e-06, 1.0407800346e-06, 1.17148056233e-06, 1.76339972313e-06, 1.03752097402e-06, 5.08682092004e-07, 7.96786707724e-07, 1.5946133658e-07, 1.21315537172e-07, 5.89634439052e-08, 3.73801647413e-08, 2.82899236481e-07, 2.09638226778e-08, 1.96328588942e-08, 1.20539853654e-08, 2.6740671899e-09, 4.74559191943e-09, 2.54950371925e-09, 2.21010987289e-09, 1.24247534483e-09, 9.68455871053e-10, 1.32642974382e-09, 8.8137569465e-10, 5.185508134e-10, 3.28418292561e-10, 1.68919336851e-10, 1.00886472787e-10, 3.02986212508e-11, 1.20297842868e-11, 8.31943628571e-12, 1.5336856134e-12, 4.01254414894e-13, 5.31548241566e-14, 9.12798618158e-15, 2.87891633344e-15, 1.85941223153e-15, 1.39258579864e-15, 1.08089800284e-15, 8.85848973216e-16]}, "melbands_crest": {"dmean": 3.85263609886, "dmean2": 6.42298746109, "dvar": 10.6233997345, "dvar2": 29.4029388428, "max": 38.2311973572, "mean": 14.0493545532, "median": 13.3250713348, "min": 1.49962341785, "var": 28.0252494812}, "melbands_flatness_db": {"dmean": 0.0330470427871, "dmean2": 0.0515621379018, "dvar": 0.000760621274821, "dvar2": 0.00182187953033, "max": 0.520799994469, "mean": 0.254714041948, "median": 0.250341355801, "min": 0.00203737756237, "var": 0.00428128382191}, "melbands_kurtosis": {"dmean": 5.067445755, "dmean2": 8.2211523056, "dvar": 73.6729660034, "dvar2": 180.879776001, "max": 263.36630249, "mean": 9.06035041809, "median": 3.85004520416, "min": -1.91452920437, "var": 317.241149902}, "melbands_skewness": {"dmean": 0.698787808418, "dmean2": 1.11374163628, "dvar": 0.425778508186, "dvar2": 1.0695952177, "max": 14.1327505112, "mean": 2.00282883644, "median": 1.78158974648, "min": -4.69312810898, "var": 2.56047844887}, "melbands_spread": {"dmean": 6.42821311951, "dmean2": 10.0231018066, "dvar": 67.6511764526, "dvar2": 147.572601318, "max": 175.843978882, "mean": 20.9706954956, "median": 16.8913574219, "min": 0.445900142193, "var": 333.101196289}, "mfcc": {"cov": [[11030.546875, 1522.57348633, -1381.78271484, 832.327819824, -599.395141602, -32.8467407227, 34.913898468, -104.127174377, 18.1720371246, -88.734588623, -59.7149543762, -112.634521484, -66.4792480469], [1522.57348633, 1277.54260254, 6.92511749268, 3.45637536049, -25.8619842529, 25.0592365265, -0.285434663296, -89.310874939, -9.84886455536, 30.7776851654, 3.83635950089, -29.4558029175, -12.9736528397], [-1381.78271484, 6.92511749268, 937.171447754, -167.124404907, 150.029495239, 1.81992661953, -55.6983108521, -15.9093227386, 7.36306285858, 85.3271331787, 5.26511001587, 0.520115494728, -8.72751140594], [832.327819824, 3.45637536049, -167.124404907, 488.562835693, -46.0465011597, -5.13648414612, 4.98568582535, 19.0014190674, 61.1514816284, 11.5635757446, 22.3418273926, -8.02195644379, -3.74558877945], [-599.395141602, -25.8619842529, 150.029495239, -46.0465011597, 229.019348145, 52.2119560242, 23.3953037262, 0.371969997883, -22.0312900543, 20.2311973572, 0.301759421825, 19.9242954254, 15.2576599121], [-32.8467407227, 25.0592365265, 1.81992661953, -5.13648414612, 52.2119560242, 179.807113647, 72.8551483154, 7.97818803787, 3.05234360695, -18.7175312042, -4.16368579865, 11.3785219193, 7.67017173767], [34.913898468, -0.285434663296, -55.6983108521, 4.98568582535, 23.3953037262, 72.8551483154, 145.920181274, 72.6117706299, 10.5794267654, -23.1152744293, -15.7213382721, 3.8681435585, -4.3491897583], [-104.127174377, -89.310874939, -15.9093227386, 19.0014190674, 0.371969997883, 7.97818803787, 72.6117706299, 127.718269348, 54.2808380127, -4.14578056335, -2.52977585793, 3.18364453316, -3.34920430183], [18.1720371246, -9.84886455536, 7.36306285858, 61.1514816284, -22.0312900543, 3.05234360695, 10.5794267654, 54.2808380127, 123.416976929, 54.4261207581, 18.3540287018, 14.784945488, -7.33088636398], [-88.734588623, 30.7776851654, 85.3271331787, 11.5635757446, 20.2311973572, -18.7175312042, -23.1152744293, -4.14578056335, 54.4261207581, 105.202705383, 45.0495605469, 5.44375944138, -3.8346157074], [-59.7149543762, 3.83635950089, 5.26511001587, 22.3418273926, 0.301759421825, -4.16368579865, -15.7213382721, -2.52977585793, 18.3540287018, 45.0495605469, 70.8687133789, 26.4591903687, -5.23751449585], [-112.634521484, -29.4558029175, 0.520115494728, -8.02195644379, 19.9242954254, 11.3785219193, 3.8681435585, 3.18364453316, 14.784945488, 5.44375944138, 26.4591903687, 60.8620948792, 26.995464325], [-66.4792480469, -12.9736528397, -8.72751140594, -3.74558877945, 15.2576599121, 7.67017173767, -4.3491897583, -3.34920430183, -7.33088636398, -3.8346157074, -5.23751449585, 26.995464325, 57.4593353271]], "icov": [[0.000178037793376, -0.000204059833777, 0.000193939544261, -0.00025406019995, 0.000337536272127, -8.99403021322e-05, 6.35944234091e-05, -7.10337189957e-05, 0.000276365113677, -0.000314415112371, 0.000482370785903, -0.000272229866823, 0.000282002554741], [-0.000204059833777, 0.00110673729796, -0.00024822819978, 0.000318815698847, -0.000274904305115, 9.98678588076e-05, -0.000667615327984, 0.00113926781341, -0.000663747312501, 0.000261512439465, -0.00081552535994, 0.000984522863291, -0.000531700672582], [0.000193939544261, -0.00024822819978, 0.00164904759731, 9.0115427156e-05, -0.000370679539628, -0.000400830322178, 0.00105350313243, -0.000679011747707, 0.000709749117959, -0.00187656318303, 0.00159564823844, -0.00078264932381, 0.00109525152948], [-0.00025406019995, 0.000318815698847, 9.0115427156e-05, 0.00284967944026, -0.000667502230499, 0.000389423134038, -0.000430613901699, 0.000810086436104, -0.00254512461834, 0.00170146138407, -0.0026274304837, 0.0024580610916, -0.00148812530097], [0.000337536272127, -0.000274904305115, -0.000370679539628, -0.000667502230499, 0.00690090237185, -0.0021018111147, 6.25572920399e-06, -0.00150085997302, 0.00424196897075, -0.00457204785198, 0.00376465870067, -0.00413190480322, 0.00111022836063], [-8.99403021322e-05, 9.98678588076e-05, -0.000400830322178, 0.000389423134038, -0.0021018111147, 0.008749589324, -0.00588525179774, 0.00434016762301, -0.00401720590889, 0.00446734298021, -0.00373623915948, 0.00251443963498, -0.00265564257279], [6.35944234091e-05, -0.000667615327984, 0.00105350313243, -0.000430613901699, 6.25572920399e-06, -0.00588525179774, 0.0154596334323, -0.0105158500373, 0.00504520954564, -0.00336314132437, 0.00602597650141, -0.00530401058495, 0.00485639693215], [-7.10337189957e-05, 0.00113926781341, -0.000679011747707, 0.000810086436104, -0.00150085997302, 0.00434016762301, -0.0105158500373, 0.0188438110054, -0.0116167794913, 0.00790061056614, -0.00666781980544, 0.00693904655054, -0.00457642925903], [0.000276365113677, -0.000663747312501, 0.000709749117959, -0.00254512461834, 0.00424196897075, -0.00401720590889, 0.00504520954564, -0.0116167794913, 0.0222527924925, -0.0162100140005, 0.0115001099184, -0.0130855208263, 0.00817976146936], [-0.000314415112371, 0.000261512439465, -0.00187656318303, 0.00170146138407, -0.00457204785198, 0.00446734298021, -0.00336314132437, 0.00790061056614, -0.0162100140005, 0.0277535598725, -0.0202334094793, 0.0142236556858, -0.00839799549431], [0.000482370785903, -0.00081552535994, 0.00159564823844, -0.0026274304837, 0.00376465870067, -0.00373623915948, 0.00602597650141, -0.00666781980544, 0.0115001099184, -0.0202334094793, 0.035794544965, -0.0233441330492, 0.014358760789], [-0.000272229866823, 0.000984522863291, -0.00078264932381, 0.0024580610916, -0.00413190480322, 0.00251443963498, -0.00530401058495, 0.00693904655054, -0.0130855208263, 0.0142236556858, -0.0233441330492, 0.0386462248862, -0.0202916301787], [0.000282002554741, -0.000531700672582, 0.00109525152948, -0.00148812530097, 0.00111022836063, -0.00265564257279, 0.00485639693215, -0.00457642925903, 0.00817976146936, -0.00839799549431, 0.014358760789, -0.0202916301787, 0.0291650760919]], "mean": [-724.225341797, 175.580612183, -28.8951740265, 27.0551319122, 3.57567214966, 8.55209827423, 8.37294483185, -0.217305198312, 1.47235751152, -0.126036331058, 2.15303778648, 0.571913659573, 0.0785977914929]}, "pitch_salience": {"dmean": 0.0727615877986, "dmean2": 0.119528949261, "dvar": 0.00368793075904, "dvar2": 0.00989152025431, "max": 0.98309803009, "mean": 0.55850237608, "median": 0.567005157471, "min": 0.0827547088265, "var": 0.0118090184405}, "silence_rate_20dB": {"dmean": 0, "dmean2": 0, "dvar": 0, "dvar2": 0, "max": 1, "mean": 1, "median": 1, "min": 1, "var": 0}, "silence_rate_30dB": {"dmean": 0.0137641429901, "dmean2": 0.0275314971805, "dvar": 0.0135754039511, "dvar2": 0.0319084450603, "max": 1, "mean": 0.983205020428, "median": 1, "min": 0, "var": 0.0165117047727}, "silence_rate_60dB": {"dmean": 0.0158637575805, "dmean2": 0.0317312180996, "dvar": 0.0156118739396, "dvar2": 0.0365574471653, "max": 1, "mean": 0.1154653579, "median": 0, "min": 0, "var": 0.102125667036}, "spectral_centroid": {"dmean": 218.896240234, "dmean2": 321.940338135, "dvar": 83467.421875, "dvar2": 160751.484375, "max": 11609.7783203, "mean": 1122.15270996, "median": 907.513000488, "min": 131.614883423, "var": 1151914}, "spectral_complexity": {"dmean": 3.44990086555, "dmean2": 4.88800764084, "dvar": 17.951166153, "dvar2": 31.1823787689, "max": 58, "mean": 15.5323066711, "median": 14, "min": 0, "var": 124.613189697}, "spectral_contrast_coeffs": {"dmean": [0.0519093051553, 0.047149181366, 0.0390213802457, 0.0297410879284, 0.0216154810041, 0.0425014272332], "dmean2": [0.0863220095634, 0.0774206593633, 0.0645150989294, 0.0491605699062, 0.0346090532839, 0.0658340826631], "dvar": [0.00170728215016, 0.00140669022221, 0.000982285826467, 0.00057489197934, 0.000319317303365, 0.00152022449765], "dvar2": [0.00462915096432, 0.00381348864175, 0.00264043058269, 0.00152679614257, 0.000813970516901, 0.00349371996708], "max": [-0.385926485062, -0.454897791147, -0.518176019192, -0.5914965868, -0.597947239876, -0.420624315739], "mean": [-0.693248689175, -0.766329884529, -0.790081143379, -0.802120029926, -0.820195317268, -0.779174506664], "median": [-0.695917248726, -0.77325630188, -0.795086562634, -0.804577052593, -0.821938276291, -0.791794717312], "min": [-0.979891002178, -0.995994210243, -0.98343026638, -0.972717940807, -0.966475367546, -0.965585768223], "var": [0.00740962522104, 0.00521558988839, 0.00386802479625, 0.00257703475654, 0.00193510146346, 0.00523862801492]}, "spectral_contrast_valleys": {"dmean": [0.412802547216, 0.369603216648, 0.336053788662, 0.306002408266, 0.359742641449, 0.648186922073], "dmean2": [0.679823279381, 0.591902077198, 0.522615194321, 0.451549321413, 0.489936858416, 1.01634323597], "dvar": [0.117156341672, 0.102741658688, 0.08621173352, 0.0858717784286, 0.129224479198, 0.279390990734], "dvar2": [0.288067370653, 0.226259440184, 0.185927540064, 0.164096340537, 0.236512944102, 0.725457549095], "max": [-5.12869977951, -4.40761232376, -5.07179737091, -5.40946102142, -5.41578149796, -9.01241970062], "mean": [-7.53345298767, -7.07579278946, -7.53383684158, -7.93465185165, -8.29088115692, -11.6940402985], "median": [-7.11083984375, -6.68327283859, -7.15589046478, -7.59170818329, -7.99210166931, -11.4455356598], "min": [-27.9703521729, -27.9614887238, -27.8256435394, -27.6602458954, -27.5542507172, -27.3693122864], "var": [4.69202566147, 4.96081781387, 4.78396892548, 4.58177137375, 4.57797574997, 3.20773696899]}, "spectral_decrease": {"dmean": 1.71809155791e-09, "dmean2": 2.74124833943e-09, "dvar": 5.86111065298e-18, "dvar2": 1.49983065179e-17, "max": 7.28281923656e-09, "mean": -2.91823476495e-09, "median": -1.47833723041e-09, "min": -4.58050060104e-08, "var": 1.91370319209e-17}, "spectral_energy": {"dmean": 0.00824447348714, "dmean2": 0.0120210917667, "dvar": 0.000128254992887, "dvar2": 0.00026901185629, "max": 0.209450736642, "mean": 0.0273565649986, "median": 0.020104425028, "min": 9.97278915635e-21, "var": 0.00067305075936}, "spectral_energyband_high": {"dmean": 0.000379218923626, "dmean2": 0.000536204199307, "dvar": 8.63206594204e-07, "dvar2": 1.86722456874e-06, "max": 0.0150248827413, "mean": 0.000582685985137, "median": 0.000143832032336, "min": 7.02884527834e-21, "var": 1.52283382704e-06}, "spectral_energyband_low": {"dmean": 0.00347911124118, "dmean2": 0.00579370325431, "dvar": 2.47793705057e-05, "dvar2": 6.86203566147e-05, "max": 0.0973517894745, "mean": 0.00609726458788, "median": 0.00404876563698, "min": 1.66700303666e-23, "var": 4.53125285276e-05}, "spectral_energyband_middle_high": {"dmean": 0.00185134587809, "dmean2": 0.00272533437237, "dvar": 1.224787502e-05, "dvar2": 2.80885633401e-05, "max": 0.0877498984337, "mean": 0.00476166559383, "median": 0.00194829422981, "min": 1.21631951243e-21, "var": 4.75294691569e-05}, "spectral_energyband_middle_low": {"dmean": 0.00385395716876, "dmean2": 0.0058745443821, "dvar": 5.66016096855e-05, "dvar2": 0.000134829359013, "max": 0.180477336049, "mean": 0.00913103669882, "median": 0.00422266079113, "min": 1.68122427396e-22, "var": 0.000184759584954}, "spectral_entropy": {"dmean": 0.188944488764, "dmean2": 0.282444804907, "dvar": 0.0307272356004, "dvar2": 0.0689691081643, "max": 9.82350540161, "mean": 7.33270597458, "median": 7.35929203033, "min": 5.26820039749, "var": 0.205254659057}, "spectral_flux": {"dmean": 0.0176612976938, "dmean2": 0.0266936328262, "dvar": 0.000359138706699, "dvar2": 0.000764987955336, "max": 0.357995539904, "mean": 0.0851801857352, "median": 0.0790010094643, "min": 6.33112867687e-11, "var": 0.00255766068585}, "spectral_kurtosis": {"dmean": 5.47075080872, "dmean2": 8.67412853241, "dvar": 27.5904560089, "dvar2": 70.6750793457, "max": 73.7444839478, "mean": 23.1636390686, "median": 22.3334732056, "min": -1.26979029179, "var": 73.1748657227}, "spectral_rms": {"dmean": 0.000713365036063, "dmean2": 0.00102159101516, "dvar": 5.5191935644e-07, "dvar2": 1.09655775304e-06, "max": 0.0142948310822, "mean": 0.00458018947393, "median": 0.00442877784371, "min": 3.11922276203e-12, "var": 5.71113741898e-06}, "spectral_rolloff": {"dmean": 2923.4934082, "dmean2": 5664.53320312, "dvar": 43946580, "dvar2": 110966744, "max": 22050, "mean": 17515.671875, "median": 21899.2675781, "min": 107.666015625, "var": 66668608}, "spectral_skewness": {"dmean": 0.394404470921, "dmean2": 0.613114833832, "dvar": 0.139325350523, "dvar2": 0.339748978615, "max": 6.54932689667, "mean": 3.27863025665, "median": 3.24805235863, "min": -0.0612777397037, "var": 0.577983677387}, "spectral_spread": {"dmean": 513361.1875, "dmean2": 804288.875, "dvar": 405972451328, "dvar2": 864337985536, "max": 43563808, "mean": 3852880.5, "median