{"lowlevel": {"average_loudness": 0.778019666672, "barkbands": {"dmean": [7.26047219359e-05, 0.00205173995346, 0.00135803106241, 0.00139001512434, 0.00112544873264, 0.000656171527226, 0.000353207869921, 0.000248270720476, 0.000240370500251, 0.000279591360595, 0.000147096972796, 0.000259116612142, 0.000296658166917, 0.000250568467891, 0.000339356309269, 0.000159979783348, 0.000175829190994, 0.000306252535665, 0.000191359271412, 0.000249511445872, 0.000172698142705, 0.000121683551697, 7.28027152945e-05, 5.11833532073e-05, 4.51746600447e-05, 1.29579448185e-05, 6.14704731561e-10], "dmean2": [0.000101895937405, 0.00343857705593, 0.00232539162971, 0.00232757558115, 0.00182238209527, 0.00102356413845, 0.000561450666282, 0.000370537251001, 0.000358407763997, 0.000393845548388, 0.000207111763302, 0.000373217713786, 0.000422396726208, 0.000369937828509, 0.000505234929733, 0.00024744469556, 0.000277770624962, 0.000469289632747, 0.000310731702484, 0.000404910882935, 0.000274975143839, 0.000190488455701, 0.000106892483018, 7.16968570487e-05, 6.49526627967e-05, 1.83054689842e-05, 1.14105713767e-09], "dvar": [2.85148935575e-08, 3.13679665851e-05, 9.20269121707e-06, 9.51440142671e-06, 2.8574679618e-06, 1.38119719395e-06, 9.34726017476e-07, 9.4989951549e-07, 8.7322428044e-07, 1.59395824539e-06, 6.12208850725e-07, 1.43075385495e-06, 1.88743922536e-06, 9.80178924692e-07, 2.17446267925e-06, 2.94639505682e-07, 2.76015953204e-07, 5.92684614276e-07, 1.75230184141e-07, 2.64874756795e-07, 1.48709233372e-07, 5.91995750199e-08, 1.87071353963e-08, 1.1318280535e-08, 6.58523324759e-09, 7.13771153293e-10, 1.25625760105e-18], "dvar2": [5.10427753397e-08, 8.04535811767e-05, 2.41384968831e-05, 2.40197368839e-05, 7.29459316062e-06, 3.16157365887e-06, 2.29367310567e-06, 2.20803940465e-06, 1.92298853108e-06, 3.22352184412e-06, 9.74409999799e-07, 2.80531435237e-06, 3.12427118843e-06, 1.83145118626e-06, 4.46616695626e-06, 5.76345485115e-07, 5.74376485929e-07, 1.23323911794e-06, 4.09990462913e-07, 6.49726132451e-07, 3.45371319099e-07, 1.3952310951e-07, 3.72268935678e-08, 1.92800087007e-08, 1.33939055402e-08, 1.4217972355e-09, 4.070904451e-18], "max": [0.00209305388853, 0.0598756372929, 0.0358341783285, 0.0500882081687, 0.0283039547503, 0.030893497169, 0.024522524327, 0.0496457591653, 0.0310254618526, 0.0443959906697, 0.0452239476144, 0.0372395478189, 0.0493000224233, 0.0314639396966, 0.0450561121106, 0.0152963064611, 0.0288398582488, 0.0195113122463, 0.0131535977125, 0.0093003064394, 0.013360414654, 0.00374139845371, 0.00305944401771, 0.00415282743052, 0.00126417085994, 0.000625661225058, 2.0491194519e-08], "mean": [8.69811119628e-05, 0.00202415906824, 0.00143708160613, 0.00156092899852, 0.00239553488791, 0.00128598453011, 0.000675585062709, 0.000457167654531, 0.000453070591902, 0.000488224381115, 0.000225920754019, 0.000443865399575, 0.000662434787955, 0.000365797139239, 0.000518427637871, 0.000234730934608, 0.000293194112601, 0.00054508971516, 0.000319628015859, 0.000478460657177, 0.000332203519065, 0.00022309992346, 0.000151001004269, 0.000102915990283, 8.34177262732e-05, 2.16831231228e-05, 5.91850790599e-10], "median": [1.24511352624e-05, 0.000581113272347, 0.000630215625279, 0.00062768656062, 0.00174053525552, 0.000597674865276, 0.000156615802553, 0.000107846950414, 6.17015830358e-05, 6.50260990369e-05, 3.27204325004e-05, 4.57334463135e-05, 5.47494928469e-05, 6.27242698101e-05, 6.75789051456e-05, 7.03325349605e-05, 0.000110068867798, 0.000177810870809, 0.000163435688592, 0.000215160718653, 0.000175698602106, 0.000113430709462, 6.99164957041e-05, 4.79653608636e-05, 3.7179877836e-05, 7.71766372054e-06, 2.47722009572e-10], "min": [1.36028354319e-24, 1.45713842574e-23, 3.04027308417e-24, 6.22248551658e-25, 2.23028048856e-23, 1.93798338403e-23, 1.02086576519e-23, 2.04258807556e-23, 2.35963742648e-23, 3.25713978225e-23, 4.44999876069e-23, 6.81516058009e-23, 7.03689423442e-23, 3.88412516755e-23, 1.14077326965e-22, 6.9960552209e-23, 1.80432103262e-22, 1.98723301164e-22, 1.73432609869e-22, 2.10837415256e-22, 3.68832787139e-22, 3.78606584428e-22, 5.40986268516e-22, 6.98090151845e-22, 1.02071553137e-21, 1.41572143592e-21, 2.25754997117e-21], "var": [4.51489370334e-08, 2.66085808107e-05, 7.61277351558e-06, 9.27296605369e-06, 6.34369780528e-06, 3.51491780748e-06, 3.03616502606e-06, 1.83204917903e-06, 3.21277798321e-06, 3.89280512536e-06, 1.62278877269e-06, 4.00109183829e-06, 1.17830404633e-05, 2.13861017073e-06, 4.75808064948e-06, 5.66352468923e-07, 9.16681699437e-07, 1.63950983278e-06, 2.85114936105e-07, 6.29399210084e-07, 3.05444132209e-07, 1.00058407781e-07, 5.29963415374e-08, 3.42170523027e-08, 1.45301086718e-08, 1.35279853986e-09, 9.29102602307e-19]}, "barkbands_crest": {"dmean": 2.58303499222, "dmean2": 4.27548503876, "dvar": 6.08105039597, "dvar2": 16.5028171539, "max": 26.0557632446, "mean": 8.93191432953, "median": 8.25644016266, "min": 1.90859305859, "var": 13.5469293594}, "barkbands_flatness_db": {"dmean": 0.0201720129699, "dmean2": 0.0326754525304, "dvar": 0.000423906254582, "dvar2": 0.00109588785563, "max": 0.344447225332, "mean": 0.12340310961, "median": 0.11847615242, "min": 0.0340989455581, "var": 0.00129384850152}, "barkbands_kurtosis": {"dmean": 2.31245326996, "dmean2": 3.80128145218, "dvar": 26.5289382935, "dvar2": 76.0431900024, "max": 148.904327393, "mean": 1.88952517509, "median": 0.240470528603, "min": -1.88403570652, "var": 32.6860466003}, "barkbands_skewness": {"dmean": 0.593247890472, "dmean2": 0.92289763689, "dvar": 0.456635802984, "dvar2": 1.13449168205, "max": 12.0694293976, "mean": 1.19334709644, "median": 1.12398314476, "min": -2.96462225914, "var": 1.3918235302}, "barkbands_spread": {"dmean": 8.22302627563, "dmean2": 12.8598556519, "dvar": 76.9794464111, "dvar2": 186.815490723, "max": 104.392402649, "mean": 34.9496994019, "median": 33.2339897156, "min": 3.21363902092, "var": 239.361053467}, "dissonance": {"dmean": 0.0123487254605, "dmean2": 0.0205311030149, "dvar": 0.00019473793509, "dvar2": 0.000523408351, "max": 0.499999910593, "mean": 0.47420668602, "median": 0.478730082512, "min": 0.332743048668, "var": 0.000389962573536}, "dynamic_complexity": 4.9384932518, "erbbands": {"dmean": [0.0491557642817, 0.532168984413, 1.60545063019, 3.2185819149, 4.10050630569, 3.24542880058, 6.19611501694, 4.62134885788, 5.31252145767, 4.83320331573, 5.72519111633, 5.07043981552, 8.59540557861, 6.98369789124, 5.76371860504, 11.6504821777, 12.9605503082, 12.4889125824, 14.9656496048, 13.0564537048, 9.17408657074, 8.71164608002, 12.4672250748, 13.8735208511, 9.04191493988, 11.5433959961, 8.54798603058, 5.9983253479, 4.67586612701, 2.7896027565, 1.97461593151, 1.21868479252, 0.807689547539, 0.614174008369, 0.274984270334, 0.0798956081271, 0.0219825785607, 0.00146296760067, 3.20800718328e-05, 9.13227268029e-06], "dmean2": [0.0790200382471, 0.922646760941, 2.78973007202, 5.32143497467, 6.68289661407, 5.34685611725, 9.63901424408, 7.3972120285, 8.37323570251, 7.5427980423, 8.15456008911, 7.3218755722, 12.1910238266, 9.96836566925, 8.16174316406, 15.7875452042, 17.9717178345, 17.6873493195, 22.0371341705, 19.237033844, 13.6863565445, 13.5369310379, 19.5573787689, 21.4832572937, 14.6199474335, 18.6694965363, 13.47128582, 9.66113185883, 7.3690943718, 4.13870239258, 2.93671631813, 1.74309563637, 1.15542507172, 0.898923277855, 0.401893168688, 0.114496707916, 0.0316927842796, 0.00218666344881, 4.53187203675e-05, 1.30060170704e-05], "dvar": [0.0164161194116, 2.25786375999, 16.2514305115, 42.5535812378, 48.3482437134, 26.6501617432, 134.731994629, 96.9466400146, 187.033737183, 189.27381897, 462.677642822, 471.591705322, 1804.81298828, 948.715026855, 758.651489258, 2453.15185547, 3848.23779297, 2249.55102539, 6171.30908203, 2960.67700195, 917.106689453, 553.638549805, 946.941711426, 1268.85473633, 277.358276367, 602.026916504, 461.085662842, 155.554504395, 90.0511016846, 26.9493846893, 14.5133724213, 7.123960495, 2.54928898811, 1.23909020424, 0.25646057725, 0.0251104980707, 0.00226410594769, 1.19189871839e-05, 4.43998127153e-09, 1.61700985934e-10], "dvar2": [0.0387530811131, 6.06924247742, 43.7481842041, 107.41809845, 121.175773621, 70.4938964844, 314.115264893, 232.025817871, 438.369171143, 436.405609131, 968.504516602, 1011.79736328, 3874.27514648, 1786.53161621, 1267.78149414, 4721.21533203, 6169.62841797, 3839.94018555, 12725.8994141, 5956.45605469, 1672.44116211, 1000.12097168, 2134.04858398, 2476.79638672, 690.37713623, 1493.84399414, 1042.6529541, 380.783630371, 217.268936157, 55.740322113, 29.5667724609, 12.4207239151, 4.64043569565, 2.56168627739, 0.532743155956, 0.0497977174819, 0.0047230985947, 2.70001110039e-05, 9.42095113032e-09, 3.36178973548e-10], "max": [1.74577903748, 15.3189640045, 43.1263618469, 91.0158996582, 113.695732117, 103.758811951, 234.669708252, 347.036071777, 370.624694824, 428.333465576, 831.747253418, 840.802246094, 1717.83898926, 1216.54663086, 1641.00866699, 1772.22009277, 2654.20751953, 1745.94702148, 2834.7512207, 1741.16601562, 1217.74658203, 1392.90539551, 1004.11236572, 1112.17736816, 352.600341797, 508.414245605, 867.763977051, 225.786895752, 145.32371521, 81.9971160889, 79.1810302734, 86.5175018311, 65.2427597046, 20.5034732819, 7.23704528809, 3.11640691757, 1.14349448681, 0.0816220119596, 0.00137800222728, 0.000134850342874], "mean": [0.0526697002351, 0.475073009729, 1.59861433506, 3.8867764473, 7.08321428299, 6.23552274704, 11.8866004944, 8.71460342407, 10.3209266663, 9.24067115784, 11.2484264374, 9.85476112366, 15.7953586578, 12.9580278397, 9.99949550629, 22.5530185699, 30.8384628296, 20.9274139404, 25.2439422607, 19.4971466064, 15.5492734909, 16.1066970825, 23.117515564, 25.5615406036, 17.7948684692, 22.2582321167, 16.0003700256, 11.7032232285, 8.55961990356, 5.70360612869, 4.0652589798, 2.41738533974, 1.58574593067, 1.10201048851, 0.497395157814, 0.137770324945, 0.0355456508696, 0.00213103019632, 5.89298251725e-05, 2.40570752794e-05], "median": [0.0120187262073, 0.140495955944, 0.627084732056, 1.73082304001, 4.54094552994, 4.25921821594, 5.0060338974, 4.07766962051, 2.84230613708, 2.37004566193, 2.73839426041, 1.68674397469, 2.3854637146, 1.81845891476, 1.8618273735, 2.65933179855, 2.98140907288, 3.93032550812, 3.86852645874, 3.40926146507, 4.91480350494, 6.60307312012, 9.06501579285, 9.64584350586, 9.62908554077, 10.2061576843, 7.56977272034, 6.61888599396, 4.38823366165, 2.75480699539, 1.82818186283, 1.0916967392, 0.735090851784, 0.470723450184, 0.225133150816, 0.0536991581321, 0.0114706642926, 0.000647274893709, 2.79779960692e-05, 1.73820553755e-05], "min": [5.32628280915e-22, 1.89095507514e-21, 5.46959891847e-21, 9.51472658304e-21, 2.51374016612e-20, 6.8548786942e-20, 1.37694759512e-19, 1.95714913737e-19, 1.73029847329e-19, 3.79071904218e-19, 4.28251720742e-19, 7.24886598319e-19, 8.84501127076e-19, 1.68800204023e-18, 1.85386953743e-18, 3.226753401e-18, 2.7945234068e-18, 2.7446047112e-18, 3.69676941917e-18, 4.17119968668e-18, 5.07029290015e-18, 1.09370019115e-17, 9.72014974727e-18, 7.79615493944e-18, 9.40456049125e-18, 1.03225704981e-17, 1.38121129759e-17, 1.44560383412e-17, 1.29917789373e-17, 1.71546125192e-17, 1.39929942148e-17, 1.42253459402e-17, 1.30446548036e-17, 1.23348751082e-17, 6.19541487036e-18, 4.26939347002e-18, 2.80479657642e-18, 1.24084960439e-18, 2.65201006173e-19, 2.95497995372e-20], "var": [0.0173753090203, 1.64995467663, 12.107213974, 44.3829231262, 74.7094726562, 52.7493362427, 366.904571533, 197.217391968, 675.175964355, 525.011779785, 1053.35961914, 1578.81604004, 4437.33300781, 3112.68945312, 1837.73400879, 8533.91113281, 27119.7636719, 5906.99365234, 14894.6083984, 5486.47119141, 2492.83984375, 1956.99987793, 2171.30664062, 3559.70996094, 631.459594727, 1347.36547852, 984.118347168, 261.730316162, 146.644851685, 64.8894195557, 41.7298278809, 20.2937431335, 7.38225603104, 2.71463727951, 0.515746772289, 0.0484873205423, 0.00402503460646, 1.73379194166e-05, 7.80093678543e-09, 4.65922356252e-10]}, "erbbands_crest": {"dmean": 2.14740872383, "dmean2": 3.39915943146, "dvar": 5.21739006042, "dvar2": 12.1403951645, "max": 32.7486763, "mean": 7.77305650711, "median": 6.31982851028, "min": 2.1707546711, "var": 20.0137481689}, "erbbands_flatness_db": {"dmean": 0.0143121061847, "dmean2": 0.0205260720104, "dvar": 0.000199675952899, "dvar2": 0.000372697249986, "max": 0.379355967045, "mean": 0.138876989484, "median": 0.132953733206, "min": 0.043115876615, "var": 0.00181738229003}, "erbbands_kurtosis": {"dmean": 0.738415241241, "dmean2": 1.16011369228, "dvar": 1.29654026031, "dvar2": 2.66486120224, "max": 43.7985153198, "mean": -0.114365980029, "median": -0.699005961418, "min": -1.84188628197, "var": 4.43925571442}, "erbbands_skewness": {"dmean": 0.336223572493, "dmean2": 0.508435428143, "dvar": 0.100703299046, "dvar2": 0.226357623935, "max": 3.45408844948, "mean": -0.270653396845, "median": -0.300037354231, "min": -2.63309931755, "var": 0.504885315895}, "erbbands_spread": {"dmean": 10.0953712463, "dmean2": 15.5067710876, "dvar": 106.905517578, "dvar2": 238.928451538, "max": 141.427337646, "mean": 54.7953224182, "median": 55.7409210205, "min": 2.93225502968, "var": 506.85458374}, "gfcc": {"cov": [[11476.0078125, 920.659301758, -539.625610352, 330.297332764, -401.272003174, 117.569664001, -154.25378418, -192.190063477, -67.5283279419, -162.529922485, 29.8247127533, -287.432617188, -42.3923339844], [920.659301758, 764.666931152, -22.6175384521, 85.1706085205, 10.6162519455, -89.7544250488, 18.3871612549, -63.0949325562, 35.992641449, -52.239944458, 59.5185394287, -58.2325592041, 51.085975647], [-539.625610352, -22.6175384521, 815.394104004, 164.311203003, 11.7058467865, 107.722198486, -89.2191162109, 60.6833343506, 39.0112342834, 64.3219833374, -28.0448741913, 41.1948509216, -4.52300405502], [330.297332764, 85.1706085205, 164.311203003, 411.089996338, 10.4302597046, -35.8889808655, -3.47329330444, -59.3763046265, 36.3816375732, -16.924030304, -3.19754624367, -24.7162666321, 20.4227313995], [-401.272003174, 10.6162519455, 11.7058467865, 10.4302597046, 263.868011475, 93.9498443604, 49.8469085693, 43.1030845642, -4.14174556732, 19.5270576477, 2.57823824883, 27.299905777, 15.7685508728], [117.569664001, -89.7544250488, 107.722198486, -35.8889808655, 93.9498443604, 234.31968689, 61.3387527466, 21.6574783325, -24.2482814789, 12.1747074127, 6.04389381409, 10.3695812225, -17.0539340973], [-154.25378418, 18.3871612549, -89.2191162109, -3.47329330444, 49.8469085693, 61.3387527466, 193.243133545, 40.2252044678, -29.2227516174, -17.7698478699, 18.0354976654, 14.643702507, 1.70940232277], [-192.190063477, -63.0949325562, 60.6833343506, -59.3763046265, 43.1030845642, 21.6574783325, 40.2252044678, 152.507568359, 37.7200241089, 13.6891078949, -19.2970123291, 23.1536922455, 14.0283145905], [-67.5283279419, 35.992641449, 39.0112342834, 36.3816375732, -4.14174556732, -24.2482814789, -29.2227516174, 37.7200241089, 109.221176147, 37.905506134, -5.91488790512, -19.1253414154, 7.35635852814], [-162.529922485, -52.239944458, 64.3219833374, -16.924030304, 19.5270576477, 12.1747074127, -17.7698478699, 13.6891078949, 37.905506134, 107.75617981, 30.0911083221, 4.46499013901, -14.4501571655], [29.8247127533, 59.5185394287, -28.0448741913, -3.19754624367, 2.57823824883, 6.04389381409, 18.0354976654, -19.2970123291, -5.91488790512, 30.0911083221, 103.208755493, 27.3061904907, -0.281185477972], [-287.432617188, -58.2325592041, 41.1948509216, -24.7162666321, 27.299905777, 10.3695812225, 14.643702507, 23.1536922455, -19.1253414154, 4.46499013901, 27.3061904907, 84.8964309692, 25.6156597137], [-42.3923339844, 51.085975647, -4.52300405502, 20.4227313995, 15.7685508728, -17.0539340973, 1.70940232277, 14.0283145905, 7.35635852814, -14.4501571655, -0.281185477972, 25.6156597137, 78.0888290405]], "icov": [[0.000170324856299, -0.000368013832485, 0.000384021230275, -0.000432912056567, 0.00052046275232, -0.000697573006619, 0.000581774977036, -0.000563859299291, 0.000544959679246, -0.000284967274638, 0.000189341590158, 8.02251463483e-07, 0.000196150227566], [-0.000368013832485, 0.00316393608227, -0.0017093179049, 0.00165682821535, -0.00216028653085, 0.00300786970183, -0.00236709788442, 0.00269274739549, -0.00265525770374, 0.00295103224926, -0.00321511365473, 0.00324867828749, -0.00242179189809], [0.000384021230275, -0.0017093179049, 0.00341298989952, -0.00272219977342, 0.00227497401647, -0.00373783800751, 0.00336522771977, -0.00337653676979, 0.002316522412, -0.00285622500814, 0.00238805194385, -0.00286279828288, 0.00169448100496], [-0.000432912056567, 0.00165682821535, -0.00272219977342, 0.00528682721779, -0.00262003601529, 0.00363628123887, -0.00345786544494, 0.00475122919306, -0.00404829019681, 0.00303834676743, -0.00181871769018, 0.00239558541216, -0.00216268096119], [0.00052046275232, -0.00216028653085, 0.00227497401647, -0.00262003601529, 0.00720448931679, -0.00507762655616, 0.00226784683764, -0.00380870513618, 0.00298157078214, -0.00347736245021, 0.00256326701492, -0.00278037670068, 0.000580584688578], [-0.000697573006619, 0.00300786970183, -0.00373783800751, 0.00363628123887, -0.00507762655616, 0.0105529958382, -0.00550951482728, 0.00426414282992, -0.0026503847912, 0.00298787816428, -0.00305816275068, 0.00326939625666, -0.00111027120147], [0.000581774977036, -0.00236709788442, 0.00336522771977, -0.00345786544494, 0.00226784683764, -0.00550951482728, 0.0105998674408, -0.00655741244555, 0.00516092730686, -0.00161625584587, 0.000474599277368, -0.00192764727399, 0.00209721899591], [-0.000563859299291, 0.00269274739549, -0.00337653676979, 0.00475122919306, -0.00380870513618, 0.00426414282992, -0.00655741244555, 0.0145664755255, -0.00855835527182, 0.00307631283067, 0.000303635402815, -0.000543666828889, -0.00272385310382], [0.000544959679246, -0.00265525770374, 0.002316522412, -0.00404829019681, 0.00298157078214, -0.0026503847912, 0.00516092730686, -0.00855835527182, 0.0180821921676, -0.0079162241891, 0.00214241538197, 0.00248333765194, -0.000505753501784], [-0.000284967274638, 0.00295103224926, -0.00285622500814, 0.00303834676743, -0.00347736245021, 0.00298787816428, -0.00161625584587, 0.00307631283067, -0.0079162241891, 0.0170075781643, -0.00777855888009, 0.00315975327976, 0.00062056130264], [0.000189341590158, -0.00321511365473, 0.00238805194385, -0.00181871769018, 0.00256326701492, -0.00305816275068, 0.000474599277368, 0.000303635402815, 0.00214241538197, -0.00777855888009, 0.01705250144, -0.00938701629639, 0.00306910090148], [8.02251463483e-07, 0.00324867828749, -0.00286279828288, 0.00239558541216, -0.00278037670068, 0.00326939625666, -0.00192764727399, -0.000543666828889, 0.00248333765194, 0.00315975327976, -0.00938701629639, 0.0231317467988, -0.00877288263291], [0.000196150227566, -0.00242179189809, 0.00169448100496, -0.00216268096119, 0.000580584688578, -0.00111027120147, 0.00209721899591, -0.00272385310382, -0.000505753501784, 0.00062056130264, 0.00306910090148, -0.00877288263291, 0.0182955414057]], "mean": [-29.7675113678, 61.9713439941, -116.356811523, 59.0510139465, -66.4090957642, 10.6150665283, -46.4062652588, 7.96764183044, -34.5739479065, 4.98251676559, -19.0161571503, -0.289631992579, -12.397816658]}, "hfc": {"dmean": 5.49292898178, "dmean2": 7.67632484436, "dvar": 75.3672637939, "dvar2": 149.155090332, "max": 149.951889038, "mean": 17.7989902496, "median": 10.979393959, "min": 1.11802247753e-16, "var": 352.499603271}, "melbands": {"dmean": [0.000487170211272, 0.00079751649173, 0.000567828305066, 0.00023708496883, 0.000200747075723, 0.000108754749817, 7.88650140748e-05, 5.1787141274e-05, 4.55600384157e-05, 3.34977848979e-05, 4.37434537162e-05, 2.9146187444e-05, 1.95894681383e-05, 3.0407714803e-05, 3.24656975863e-05, 2.58965137618e-05, 2.42886453634e-05, 2.52478585026e-05, 2.22866765398e-05, 1.31314309328e-05, 1.20269569379e-05, 9.47328680923e-06, 1.11909648695e-05, 1.53031414811e-05, 1.19211472338e-05, 7.19035506336e-06, 8.82720723894e-06, 7.63764728617e-06, 6.23814275968e-06, 4.54086466561e-06, 3.77841342925e-06, 3.05896537611e-06, 2.00758131541e-06, 1.57689123625e-06, 1.27221869661e-06, 9.1543194003e-07, 7.42128179354e-07, 5.9652006712e-07, 5.59760678698e-07, 5.45577847788e-07], "dmean2": [0.000801634858362, 0.00138644396793, 0.000932646566071, 0.000384739687433, 0.000315357086947, 0.000172398416908, 0.000124056692584, 7.95608284534e-05, 6.43715684419e-05, 4.92879516969e-05, 6.21762883384e-05, 4.19293901359e-05, 2.70980417554e-05, 4.19112147938e-05, 4.55405461253e-05, 3.65700907423e-05, 3.48750872945e-05, 3.72345966753e-05, 3.19159771607e-05, 2.01592702069e-05, 1.79883518285e-05, 1.47854989336e-05, 1.75593759195e-05, 2.31810972764e-05, 1.8552518668e-05, 1.17629351735e-05, 1.43918477988e-05, 1.23620357044e-05, 9.9679300547e-06, 7.26285179553e-06, 6.20660557615e-06, 4.96759821544e-06, 3.11143776344e-06, 2.38023699239e-06, 1.95418101612e-06, 1.33504113364e-06, 1.08872427518e-06, 8.70733231295e-07, 8.3840456e-07, 8.17938655473e-07], "dvar": [1.6753459704e-06, 4.37481639892e-06, 1.23383790651e-06, 1.26027074998e-07, 1.29126917159e-07, 4.74571137943e-08, 4.01016322371e-08, 2.25947918153e-08, 2.78007821208e-08, 1.911269365e-08, 4.50706565402e-08, 1.78409216289e-08, 1.1459014182e-08, 1.70638543295e-08, 2.26451568608e-08, 1.37468205708e-08, 9.71808766792e-09, 1.92709102009e-08, 8.78021744199e-09, 2.02923855497e-09, 1.85538173714e-09, 9.71589253496e-10, 6.92420509818e-10, 1.865581023e-09, 1.01535591046e-09, 2.19404036605e-10, 3.64287433552e-10, 2.76996203752e-10, 2.67102479024e-10, 1.11376352585e-10, 6.21032461567e-11, 4.03240843494e-11, 1.60777450381e-11, 8.72117916079e-12, 6.09325263856e-12, 3.85311314105e-12, 2.87372100942e-12, 1.56699393045e-12, 1.06624594137e-12, 1.01102015215e-12], "dvar2": [4.09284893976e-06, 1.17874960779e-05, 3.0793089536e-06, 3.2254675375e-07, 3.11917830231e-07, 1.11081554621e-07, 9.40473725564e-08, 5.16731937239e-08, 5.80091779057e-08, 4.16496881428e-08, 9.6416947315e-08, 3.40252341857e-08, 1.82107715574e-08, 2.8988580425e-08, 4.12190956922e-08, 2.19923848022e-08, 1.64826907678e-08, 4.02260944554e-08, 1.75676166947e-08, 4.40655245626e-09, 3.47491635466e-09, 1.64037727846e-09, 1.44510292621e-09, 3.91485421858e-09, 2.01862992988e-09, 5.78828873721e-10, 9.0965607269e-10, 6.87777890196e-10, 6.43155251279e-10, 2.59773813571e-10, 1.55192664275e-10, 1.00992110508e-10, 3.68097254067e-11, 1.88999770695e-11, 1.3324837761e-11, 7.2142816894e-12, 5.36954985683e-12, 3.05765872691e-12, 2.14809311831e-12, 2.20834071515e-12], "max": [0.0138313118368, 0.020703708753, 0.0176867749542, 0.00497712381184, 0.00764414388686, 0.00701818848029, 0.00537957483903, 0.00709530338645, 0.00641304068267, 0.00523779541254, 0.0085455160588, 0.00544052943587, 0.00719029735774, 0.00560433790088, 0.00596552435309, 0.00429926533252, 0.00314383278601, 0.00522045558318, 0.00330482725985, 0.000991105684079, 0.00202736840583, 0.00203457172029, 0.000552601588424, 0.0011686963262, 0.00101225997787, 0.000292003795039, 0.000573646975681, 0.000353427778464, 0.000610648014117, 0.000266410468612, 0.000169477207237, 0.000110687658889, 5.65760892641e-05, 5.76196107431e-05, 5.85883863096e-05, 5.53973804926e-05, 5.40019755135e-05, 5.08065240865e-05, 3.31914525304e-05, 1.23313657241e-05], "mean": [0.000513256993145, 0.000775559572503, 0.00077000062447, 0.000466001452878, 0.00039034159272, 0.000209005942452, 0.000156536829309, 9.7829666629e-05, 8.6526866653e-05, 6.39596401015e-05, 7.82462884672e-05, 5.24236747879e-05, 3.02354546875e-05, 5.36516272405e-05, 7.00550735928e-05, 5.19095556228e-05, 3.71407040802e-05, 3.92995170841e-05, 3.2581283449e-05, 1.78394275281e-05, 1.88892008737e-05, 1.58315615408e-05, 1.88062440429e-05, 2.54701753875e-05, 2.02165028895e-05, 1.19222768262e-05, 1.59083083417e-05, 1.39192252391e-05, 1.058345606e-05, 7.91435559222e-06, 6.66544110572e-06, 5.16372665516e-06, 3.56936880053e-06, 3.01928685076e-06, 2.48979131356e-06, 1.72110094354e-06, 1.37612175877e-06, 1.11918723178e-06, 9.8784050806e-07, 9.23825894006e-07], "median": [0.000139793031849, 0.000297937949654, 0.000424633035436, 0.000342376704793, 0.000184318880201, 9.85458973446e-05, 4.26269725722e-05, 2.50236371357e-05, 1.84562904906e-05, 9.37594995776e-06, 1.10065338959e-05, 6.1790624386e-06, 4.9526456678e-06, 5.64591437069e-06, 5.89791716266e-06, 5.6864923863e-06, 6.29544820185e-06, 5.0999638006e-06, 4.2411911636e-06, 4.53269967693e-06, 5.62270088267e-06, 6.2342774072e-06, 7.50753588363e-06, 7.85491465649e-06, 7.06945047568e-06, 5.95033634454e-06, 7.1578947427e-06, 6.17090699961e-06, 4.39038649347e-06, 3.96456243834e-06, 3.56470764018e-06, 2.55624718193e-06, 1.69523150362e-06, 1.40930501402e-06, 1.09805341708e-06, 7.40388770737e-07, 5.94383379848e-07, 4.95224185215e-07, 4.27547263371e-07, 3.72435721374e-07], "min": [4.71619979427e-24, 2.60655716126e-24, 2.44533193882e-24, 2.43357672804e-24, 4.53504183169e-24, 4.06010023509e-24, 2.48371869933e-24, 5.34219129371e-24, 3.04175673431e-24, 3.97420117112e-24, 3.82243498258e-24, 5.95381250846e-24, 5.71992984399e-24, 6.84340385153e-24, 4.62976785476e-24, 5.60531308763e-24, 3.64618176268e-24, 5.9337809635e-24, 8.57957547454e-24, 4.6367587401e-24, 5.17101163272e-24, 1.00663124348e-23, 1.0109986141e-23, 9.3326394496e-24, 5.74000911504e-24, 7.09174751969e-24, 6.18616675493e-24, 6.82744440656e-24, 7.70019830247e-24, 9.52783755857e-24, 7.75185922543e-24, 7.61208885024e-24, 6.64651994681e-24, 8.86586887426e-24, 7.31793602932e-24, 7.39528384108e-24, 8.08995080991e-24, 8.5356887758e-24, 8.44467631544e-24, 8.94494034709e-24], "var": [1.61669549925e-06, 3.21149923366e-06, 1.33615992581e-06, 2.42678424911e-07, 3.39412963513e-07, 1.07015225126e-07, 1.46561220049e-07, 5.67950735331e-08, 6.30121306244e-08, 7.04866849333e-08, 1.09352555455e-07, 5.68865772266e-08, 2.74633080721e-08, 5.86965143157e-08, 1.28658498966e-07, 6.67980799562e-08, 2.48230360711e-08, 4.28993800483e-08, 1.84175235063e-08, 3.15249693017e-09, 4.97352914408e-09, 3.48344686429e-09, 1.55033208493e-09, 4.36709557405e-09, 2.5889339561e-09, 3.90229071279e-10, 7.60807750133e-10, 5.85828108246e-10, 5.20071208321e-10, 1.98086602676e-10, 9.84729867093e-11, 6.04568270446e-11, 2.78695521522e-11, 2.01886805884e-11, 1.76774306998e-11, 9.9126548983e-12, 7.40722153753e-12, 4.19407347393e-12, 2.4802237087e-12, 1.96330798841e-12]}, "melbands_crest": {"dmean": 3.53126597404, "dmean2": 5.7343583107, "dvar": 11.462146759, "dvar2": 27.9155006409, "max": 39.345993042, "mean": 13.2400665283, "median": 12.1706295013, "min": 1.70366537571, "var": 28.0715236664}, "melbands_flatness_db": {"dmean": 0.0270448438823, "dmean2": 0.0424624532461, "dvar": 0.00078555487562, "dvar2": 0.00185770413373, "max": 0.355516463518, "mean": 0.153928115964, "median": 0.150556862354, "min": 0.00474328873679, "var": 0.00232437183149}, "melbands_kurtosis": {"dmean": 8.01637840271, "dmean2": 13.0227327347, "dvar": 242.846481323, "dvar2": 651.18157959, "max": 319.253692627, "mean": 13.3920612335, "median": 8.38905143738, "min": -1.75054836273, "var": 335.833557129}, "melbands_skewness": {"dmean": 0.85896140337, "dmean2": 1.34086942673, "dvar": 1.05012249947, "dvar2": 2.546916008, "max": 17.0124206543, "mean": 2.88191390038, "median": 2.81416702271, "min": -1.75368726254, "var": 3.06659507751}, "melbands_spread": {"dmean": 12.2428073883, "dmean2": 19.3758811951, "dvar": 217.454605103, "dvar2": 503.181365967, "max": 180.569168091, "mean": 36.5248718262, "median": 30.4321784973, "min": 1.70016694069, "var": 594.652099609}, "mfcc": {"cov": [[10757.1132812, 430.355926514, -128.343673706, 77.0641860962, -193.862960815, 47.4173965454, -97.0091400146, -109.582168579, -195.168334961, 21.0589866638, -69.123085022, -150.879745483, -100.389228821], [430.355926514, 608.905029297, -25.4327087402, 12.9044523239, 19.0612373352, -35.5428390503, 8.13698101044, -5.9317522049, -16.764383316, 7.5476398468, 18.4370384216, -17.4806556702, -23.2679195404], [-128.343673706, -25.4327087402, 704.3515625, 86.6980667114, 115.72618103, 61.6844177246, -50.373840332, -14.7422466278, 0.775656282902, 29.0296573639, -4.35923147202, 25.5705623627, 16.498790741], [77.0641860962, 12.9044523239, 86.6980667114, 363.556213379, 28.5791091919, 18.8512325287, -34.8474998474, -16.7906990051, 14.1454982758, -16.8297538757, -31.1709880829, 18.6601448059, 6.77842378616], [-193.862960815, 19.0612373352, 115.72618103, 28.5791091919, 232.218612671, 54.67162323, -0.194213837385, 7.1764998436, 31.310136795, 25.8351459503, 5.19337844849, -2.20204281807, 0.875031530857], [47.4173965454, -35.5428390503, 61.6844177246, 18.8512325287, 54.67162323, 182.293334961, 70.8871917725, 9.73202419281, -12.9160709381, 1.17734956741, 12.6224451065, 4.14348459244, -0.312348634005], [-97.0091400146, 8.13698101044, -50.373840332, -34.8474998474, -0.194213837385, 70.8871917725, 190.654586792, 74.92212677, 14.5149841309, -18.8753299713, 24.2244606018, 9.82827568054, 16.7026805878], [-109.582168579, -5.9317522049, -14.7422466278, -16.7906990051, 7.1764998436, 9.73202419281, 74.92212677, 129.694534302, 45.5012741089, 1.25497937202, -0.666202902794, -6.56884717941, 3.08846211433], [-195.168334961, -16.764383316, 0.775656282902, 14.1454982758, 31.310136795, -12.9160709381, 14.5149841309, 45.5012741089, 127.988380432, 31.9862957001, 2.97014069557, -5.60214042664, -6.12672519684], [21.0589866638, 7.5476398468, 29.0296573639, -16.8297538757, 25.8351459503, 1.17734956741, -18.8753299713, 1.25497937202, 31.9862957001, 103.667564392, 35.8802833557, -1.36559414864, -12.943564415], [-69.123085022, 18.4370384216, -4.35923147202, -31.1709880829, 5.19337844849, 12.6224451065, 24.2244606018, -0.666202902794, 2.97014069557, 35.8802833557, 88.3371810913, 25.3422927856, -3.29113578796], [-150.879745483, -17.4806556702, 25.5705623627, 18.6601448059, -2.20204281807, 4.14348459244, 9.82827568054, -6.56884717941, -5.60214042664, -1.36559414864, 25.3422927856, 80.4840393066, 36.9643096924], [-100.389228821, -23.2679195404, 16.498790741, 6.77842378616, 0.875031530857, -0.312348634005, 16.7026805878, 3.08846211433, -6.12672519684, -12.943564415, -3.29113578796, 36.9643096924, 81.3520507812]], "icov": [[0.000104848521005, -7.2927265137e-05, 1.25994001792e-05, -3.4812510421e-05, 0.000104052000097, -8.65664624143e-05, 3.56749515049e-05, 2.18180975935e-05, 0.000141776617966, -0.000108940497739, 7.54298307584e-05, 0.000164087352459, 2.11055339605e-05], [-7.2927265137e-05, 0.00181464094203, 2.21514419536e-05, -0.000187678961083, -0.000413840665715, 0.000748855585698, -0.000483848823933, 0.00011248588271, 0.000392554997234, -3.33956231771e-05, -0.000527086667717, 0.000321583385812, 0.000399371492676], [1.25994001792e-05, 2.21514419536e-05, 0.00169759278651, -0.00024906071485, -0.000651254726108, -0.00059217272792, 0.000679304415826, -0.000225329145906, 0.000204043884878, -0.000402275356464, 0.000225172378123, -0.000493757426739, -0.000243010334088], [-3.4812510421e-05, -0.000187678961083, -0.00024906071485, 0.00316940667108, -0.00013683445286, -0.000615641183686, 0.000659073761199, 0.000241061439738, -0.000845307484269, 0.000619611295406, 0.00120121939108, -0.00132723012939, 0.0002310093696], [0.000104052000097, -0.000413840665715, -0.000651254726108, -0.00013683445286, 0.00546794943511, -0.00185636873357, 0.000631849921774, -5.06610631419e-05, -0.00127261993475, -0.000717427872587, -2.06523945963e-05, 0.00066818180494, -0.000554658123292], [-8.65664624143e-05, 0.000748855585698, -0.00059217272792, -0.000615641183686, -0.00185636873357, 0.00812397059053, -0.0040502906777, 0.00106510764454, 0.00161533779465, -0.000649045512546, -0.000183895041118, 0.000105100378278, 0.0010842483025], [3.56749515049e-05, -0.000483848823933, 0.000679304415826, 0.000659073761199, 0.000631849921774, -0.0040502906777, 0.00994458142668, -0.00506486743689, -0.000674644310493, 0.00270624342375, -0.002975811949, -5.56065288038e-07, -0.00189923471771], [2.18180975935e-05, 0.00011248588271, -0.000225329145906, 0.000241061439738, -5.06610631419e-05, 0.00106510764454, -0.00506486743689, 0.0118320723996, -0.00337962526828, -0.000409063359257, 0.0014112876961, 0.000923379615415, -2.03921285902e-06], [0.000141776617966, 0.000392554997234, 0.000204043884878, -0.000845307484269, -0.00127261993475, 0.00161533779465, -0.000674644310493, -0.00337962526828, 0.0108427023515, -0.00354855088517, 0.000771415885538, 0.000272171426332, 0.000762513896916], [-0.000108940497739, -3.33956231771e-05, -0.000402275356464, 0.000619611295406, -0.000717427872587, -0.000649045512546, 0.00270624342375, -0.000409063359257, -0.00354855088517, 0.0139402626082, -0.00635161297396, 0.00117803679314, 0.000509597710334], [7.54298307584e-05, -0.000527086667717, 0.000225172378123, 0.00120121939108, -2.06523945963e-05, -0.000183895041118, -0.002975811949, 0.0014112876961, 0.000771415885538, -0.00635161297396, 0.0174182895571, -0.00685288244858, 0.00321944453754], [0.000164087352459, 0.000321583385812, -0.000493757426739, -0.00132723012939, 0.00066818180494, 0.000105100378278, -5.56065288038e-07, 0.000923379615415, 0.000272171426332, 0.00117803679314, -0.00685288244858, 0.0194244068116, -0.00843180157244], [2.11055339605e-05, 0.000399371492676, -0.000243010334088, 0.0002310093696, -0.000554658123292, 0.0010842483025, -0.00189923471771, -2.03921285902e-06, 0.000762513896916, 0.000509597710334, 0.00321944453754, -0.00843180157244, 0.0169626511633]], "mean": [-667.125671387, 80.1698074341, 7.68605089188, 41.833530426, 3.63237047195, 4.02952575684, -0.33973929286, -3.08328151703, -5.14227485657, -4.28481769562, -1.69818985462, -2.18900442123, -4.48217201233]}, "pitch_salience": {"dmean": 0.076135225594, "dmean2": 0.124284312129, "dvar": 0.00558730075136, "dvar2": 0.0148105230182, "max": 0.909466981888, "mean": 0.592894256115, "median": 0.60983735323, "min": 0.0304950512946, "var": 0.0137112634256}, "silence_rate_20dB": {"dmean": 0, "dmean2": 0, "dvar": 0, "dvar2": 0, "max": 1, "mean": 1, "median": 1, "min": 1, "var": 0}, "silence_rate_30dB": {"dmean": 0, "dmean2": 0, "dvar": 0, "dvar2": 0, "max": 1, "mean": 1, "median": 1, "min": 1, "var": 0}, "silence_rate_60dB": {"dmean": 0.0300072841346, "dmean2": 0.0600233115256, "dvar": 0.0291067231447, "dvar2": 0.0634118169546, "max": 1, "mean": 0.168074563146, "median": 0, "min": 0, "var": 0.139831438661}, "spectral_centroid": {"dmean": 338.001678467, "dmean2": 530.138061523, "dvar": 123165.695312, "dvar2": 273666.9375, "max": 10932.515625, "mean": 2011.90734863, "median": 1977.03466797, "min": 288.581176758, "var": 523998.90625}, "spectral_complexity": {"dmean": 3.67458128929, "dmean2": 5.7400932312, "dvar": 25.2580318451, "dvar2": 54.6340408325, "max": 56, "mean": 13.8250799179, "median": 13, "min": 0, "var": 83.7173843384}, "spectral_contrast_coeffs": {"dmean": [0.0508553944528, 0.0463643483818, 0.0375795736909, 0.0326058156788, 0.022351404652, 0.0190473720431], "dmean2": [0.081833191216, 0.074843339622, 0.0598376691341, 0.0520800575614, 0.0358777828515, 0.0298986528069], "dvar": [0.00185022933874, 0.00157336937264, 0.000964758277405, 0.000814227794763, 0.00039405724965, 0.000281164451735], "dvar2": [0.00460219522938, 0.0038820405025, 0.00224883388728, 0.00187371450011, 0.000880410487298, 0.000657897966448], "max": [-0.336919128895, -0.436059355736, -0.4671626091, -0.467998445034, -0.561088860035, -0.506737291813], "mean": [-0.640021204948, -0.722277283669, -0.782431900501, -0.788793921471, -0.789061486721, -0.747270703316], "median": [-0.640967190266, -0.724217891693, -0.797467708588, -0.803650856018, -0.798653841019, -0.74296104908], "min": [-0.962702453136, -0.966213583946, -0.979887068272, -0.965120971203, -0.959138095379, -0.961110770702], "var": [0.00778682297096, 0.00647074822336, 0.00627314299345, 0.00485007371753, 0.00288145267405, 0.00260075205006]}, "spectral_contrast_valleys": {"dmean": [0.451176732779, 0.382521510124, 0.352182924747, 0.336263477802, 0.257560521364, 0.265331625938], "dmean2": [0.711000680923, 0.61818343401, 0.567431330681, 0.53487610817, 0.398701310158, 0.368381857872], "dvar": [0.191399633884, 0.129507139325, 0.11823143065, 0.135976597667, 0.114994935691, 0.111776016653], "dvar2": [0.370248138905, 0.29006165266, 0.255628854036, 0.297670841217, 0.235760331154, 0.194791659713], "max": [-5.28202772141, -5.05494070053, -5.70534133911, -6.1108622551, -5.60598707199, -7.70959472656], "mean": [-7.76092386246, -7.48423862457, -8.12953281403, -8.20771694183, -7.45325756073, -9.92309093475], "median": [-7.42141342163, -7.26207208633, -7.95607757568, -8.05727863312, -7.27013301849, -9.73147964478], "min": [-28.0120868683, -27.9333133698, -27.3872909546, -27.2375526428, -27.4622821808, -27.3580131531], "var": [1.85479426384, 1.43755972385, 1.20666146278, 1.18569469452, 1.18491137028, 1.22770190239]}, "spectral_decrease": {"dmean": 1.58651181081e-09, "dmean2": 2.38717667855e-09, "dvar": 6.09592737654e-18, "dvar2": 1.38709710124e-17, "max": 3.05521324133e-20, "mean": -3.77618381009e-09, "median": -2.70785838197e-09, "min": -2.51293972298e-08, "var": 1.35039518018e-17}, "spectral_energy": {"dmean": 0.0063535226509, "dmean2": 0.00947641674429, "dvar": 9.35899515753e-05, "dvar2": 0.000208968020161, "max": 0.102721966803, "mean": 0.0158666148782, "median": 0.0112321497872, "min": 1.03088240101e-20, "var": 0.000229607088841}, "spectral_energyband_high": {"dmean": 0.000470794097055, "dmean2": 0.000679679738823, "dvar": 7.7115635122e-07, "dvar2": 1.6664538407e-06, "max": 0.0170970708132, "mean": 0.00112243345939, "median": 0.000649075198453, "min": 7.32909245365e-21, "var": 1.93298706108e-06}, "spectral_energyband_low": {"dmean": 0.0037787000183, "dmean2": 0.00613862881437, "dvar": 6.49852954666e-05, "dvar2": 0.00016042497009, "max": 0.0756556168199, "mean": 0.00441620592028, "median": 0.00191558641382, "min": 3.04759718435e-23, "var": 6.39610225335e-05}, "spectral_energyband_middle_high": {"dmean": 0.00141350179911, "dmean2": 0.00199783267453, "dvar": 8.53415895108e-06, "dvar2": 1.52031980178e-05, "max": 0.072731629014, "mean": 0.00422509480268, "median": 0.00145076855551, "min": 1.49202046657e-21, "var": 5.88915681874e-05}, "spectral_energyband_middle_low": {"dmean": 0.00291039561853, "dmean2": 0.00450318446383, "dvar": 1.97798035515e-05, "dvar2": 4.63060496259e-05, "max": 0.0645179077983, "mean": 0.00704653188586, "median": 0.00533443130553, "min": 2.29547769667e-22, "var": 4.733804235e-05}, "spectral_entropy": {"dmean": 0.126744925976, "dmean2": 0.186602473259, "dvar": 0.0163975246251, "dvar2": 0.0310373269022, "max": 9.79972457886, "mean": 7.84011554718, "median": 7.84830904007, "min": 6.65893030167, "var": 0.105133101344}, "spectral_flux": {"dmean": 0.0222135614604, "dmean2": 0.0341204814613, "dvar": 0.000776877976023, "dvar2": 0.00159125449136, "max": 0.311974406242, "mean": 0.0670420080423, "median": 0.0548407062888, "min": 6.64501162428e-11, "var": 0.00220863590948}, "spectral_kurtosis": {"dmean": 0.788429200649, "dmean2": 1.29208946228, "dvar": 0.719176352024, "dvar2": 1.96892309189, "max": 16.0156211853, "mean": 2.33806276321, "median": 1.99224710464, "min": -1.27718245983, "var": 2.39693164825}, "spectral_rms": {"dmean": 0.000703610130586, "dmean2": 0.00101477710996, "dvar": 7.94135019078e-07, "dvar2": 1.63462834735e-06, "max": 0.0100108217448, "mean": 0.00346632883884, "median": 0.00331031624228, "min": 3.17133884258e-12, "var": 3.46419778907e-06}, "spectral_rolloff": {"dmean": 935.509643555, "dmean2": 1544.9708252, "dvar": 1632725.75, "dvar2": 3675916, "max": 19315.2832031, "mean": 2592.81469727, "median": 2454.78515625, "min": 21.533203125, "var": 4023496.25}, "spectral_skewness": {"dmean": 0.138194292784, "dmean2": 0.218454420567, "dvar": 0.0162661951035, "dvar2": 0.0385776050389, "max": 2.39353585243, "mean": 1.03349506855, "median": 0.994826674461, "min": -0.00065503193764, "var": 0.103835709393}, "spectral_spread": {"dmean": 550491.5, "dmean2": 798604.875, "dvar": 666440564736, "dvar2": 1327827255300.0, "max": 42773552, "mean": 5281958, "median": 5007051, "min": 1879654.5, "var": 3060615610370.0}, "spectral_strongpeak": {"dmean": 0.532150864601, "dmean2": 0.87908