{"lowlevel": {"average_loudness": 0.822110176086, "barkbands": {"dmean": [0.00201895530336, 0.00664744945243, 0.00245798006654, 0.00188952253666, 0.0028574692551, 0.00163542572409, 0.00140894262586, 0.00116706301924, 0.000828094023746, 0.000597965146881, 0.000399622600526, 0.00037269826862, 0.000328456138959, 0.000341783597833, 0.000344427506207, 0.00030079370481, 0.0002312076831, 0.000191731698578, 0.000121893797768, 7.50287363189e-05, 5.7552519138e-05, 3.77489850507e-05, 2.61335899268e-05, 6.08998607277e-06, 1.88063893347e-06, 4.04851243729e-06, 2.7788531952e-05], "dmean2": [0.00325887906365, 0.0113333007321, 0.00427810521796, 0.0032514219638, 0.00462053064257, 0.00265462230891, 0.00224590557627, 0.00184048642404, 0.00132202671375, 0.000979293370619, 0.000639110105112, 0.000592679658439, 0.000525526702404, 0.000549341377337, 0.000553370104171, 0.000463225645944, 0.00036502580042, 0.000301738909911, 0.000195633430849, 0.000111691253551, 8.46014299896e-05, 5.26385811099e-05, 3.38296704285e-05, 8.52551329444e-06, 3.13908572025e-06, 5.57862222195e-06, 4.04373713536e-05], "dvar": [3.11660151056e-05, 0.000187027748325, 2.54203532677e-05, 1.14148697321e-05, 2.19075463974e-05, 8.1097259681e-06, 9.85381939245e-06, 5.25639507032e-06, 2.12506074604e-06, 1.06319419046e-06, 8.37770471662e-07, 5.05473224166e-07, 5.1879072771e-07, 3.96896126631e-07, 5.31102500645e-07, 5.379229151e-07, 5.6326257436e-07, 3.68007334828e-07, 1.90941165101e-07, 3.38901173791e-08, 2.0671130585e-08, 7.91607135397e-09, 4.01783939452e-09, 2.14853898561e-10, 1.29781281208e-11, 5.75470573971e-11, 1.73046323937e-08], "dvar2": [7.49896280468e-05, 0.000474316213513, 7.12101318641e-05, 3.16174373438e-05, 5.61091619602e-05, 2.09719473787e-05, 2.39052733377e-05, 1.30149783217e-05, 5.18313754583e-06, 2.63582069238e-06, 2.13706448449e-06, 1.21080734061e-06, 1.29903980906e-06, 1.03012973796e-06, 1.35536765811e-06, 1.24957921344e-06, 1.43401643982e-06, 9.46295585891e-07, 5.1507089438e-07, 8.25462507237e-08, 5.02913621858e-08, 1.69144840356e-08, 6.90528345615e-09, 3.99112826122e-10, 3.19125871562e-11, 9.91540946571e-11, 4.32039009013e-08], "max": [0.0964384302497, 0.30919906497, 0.0780476480722, 0.0491468682885, 0.0863313153386, 0.0578546151519, 0.0680486485362, 0.0548160746694, 0.0282459389418, 0.0212378632277, 0.0232588984072, 0.0210685376078, 0.016445916146, 0.0132811730728, 0.0145292272791, 0.0244923513383, 0.0199954528362, 0.0143498573452, 0.0147218862548, 0.00335647375323, 0.00246278150007, 0.00188202864956, 0.00110033177771, 0.00035083363764, 5.48590360268e-05, 0.000139226205647, 0.00617214571685], "mean": [0.00203500734642, 0.0078490646556, 0.00275544216856, 0.00244271685369, 0.00462044076994, 0.0027370559983, 0.00232754438184, 0.0021138812881, 0.00147046276834, 0.00101722008549, 0.000620270264335, 0.000605094595812, 0.000540036358871, 0.000563995039556, 0.000534584629349, 0.000459976028651, 0.000265393086011, 0.00020213323296, 0.000129886509967, 9.21551618376e-05, 6.88588697813e-05, 4.58555441583e-05, 3.2851119613e-05, 7.46605655877e-06, 1.74742888248e-06, 5.33203956365e-06, 3.86474712286e-05], "median": [0.000206547265407, 0.00147707492579, 0.00111071730498, 0.00114853982814, 0.00268307281658, 0.00155899254605, 0.000909212161787, 0.000891340314411, 0.000692217610776, 0.000494339969009, 0.000232502206927, 0.000286154681817, 0.000252332072705, 0.000297900027363, 0.000271948578302, 0.000204523588764, 7.10955355316e-05, 4.02013101848e-05, 2.94984547509e-05, 2.18213936023e-05, 1.23357658595e-05, 6.7582882366e-06, 4.15367776441e-06, 1.41040777635e-06, 4.2591636884e-07, 1.46773390952e-06, 1.61676052812e-05], "min": [1.55453324413e-25, 4.41106484625e-24, 5.53245507771e-25, 9.97534138959e-25, 9.5111334289e-24, 9.24133747729e-24, 4.02160776722e-24, 6.25503786183e-24, 1.80270020745e-23, 1.04616484997e-23, 7.61420299747e-24, 2.29655521756e-23, 1.96731954337e-23, 2.42813453443e-23, 4.267966898e-23, 5.22155615972e-23, 6.49579623795e-23, 7.79552914519e-23, 1.01605745287e-22, 1.72720060213e-22, 2.57261526119e-22, 3.07356793686e-22, 3.91300454487e-22, 5.50616480499e-22, 9.2271532849e-22, 1.25404438077e-21, 1.65566985068e-21], "var": [3.46663655364e-05, 0.000235705985688, 2.45798964897e-05, 1.39663261507e-05, 3.68213950424e-05, 1.61320112966e-05, 2.04341104109e-05, 1.18572988868e-05, 5.03950104758e-06, 2.47595380642e-06, 1.38761595281e-06, 1.07167386432e-06, 9.54224447014e-07, 6.84835072207e-07, 6.56026315937e-07, 8.13080021089e-07, 4.85425800889e-07, 3.09386052777e-07, 1.46554555158e-07, 4.2174313819e-08, 2.572591562e-08, 1.19694938405e-08, 7.57846940758e-09, 3.73121838981e-10, 1.3629312956e-11, 1.1904582875e-10, 1.43898910565e-08]}, "barkbands_crest": {"dmean": 2.76975893974, "dmean2": 4.55365180969, "dvar": 6.33321619034, "dvar2": 16.5648365021, "max": 25.4813175201, "mean": 9.31423282623, "median": 8.39900302887, "min": 2.69227099419, "var": 14.8750734329}, "barkbands_flatness_db": {"dmean": 0.0285700000823, "dmean2": 0.0428219884634, "dvar": 0.000601156440098, "dvar2": 0.00137374503538, "max": 0.374117791653, "mean": 0.150566205382, "median": 0.148336797953, "min": 0.0283980630338, "var": 0.00252502621152}, "barkbands_kurtosis": {"dmean": 3.21893811226, "dmean2": 5.20287513733, "dvar": 43.538646698, "dvar2": 107.141822815, "max": 194.179702759, "mean": 4.31428003311, "median": 2.11347270012, "min": -1.84302997589, "var": 76.2569580078}, "barkbands_skewness": {"dmean": 0.587921857834, "dmean2": 0.925541520119, "dvar": 0.429508060217, "dvar2": 1.03553450108, "max": 9.42136573792, "mean": 1.40058493614, "median": 1.29725027084, "min": -2.77419996262, "var": 1.41812300682}, "barkbands_spread": {"dmean": 5.00026512146, "dmean2": 7.64844655991, "dvar": 36.6992607117, "dvar2": 83.0032196045, "max": 125.27281189, "mean": 16.4777698517, "median": 13.5798606873, "min": 0.494249492884, "var": 142.650390625}, "dissonance": {"dmean": 0.0219094827771, "dmean2": 0.036570392549, "dvar": 0.00045642387704, "dvar2": 0.00124571134802, "max": 0.500000059605, "mean": 0.463091909885, "median": 0.470913469791, "min": 0.278727859259, "var": 0.000886529916897}, "dynamic_complexity": 4.04005002975, "erbbands": {"dmean": [0.265667170286, 1.30988800526, 2.73726177216, 4.81579828262, 7.80838060379, 10.4807882309, 13.3860826492, 12.3973178864, 15.8735647202, 24.8169345856, 26.1375312805, 18.9735145569, 20.7174434662, 14.6077165604, 15.0407962799, 14.4849596024, 15.4220209122, 15.614397049, 14.8564748764, 17.9090061188, 15.3802900314, 12.5271873474, 11.150762558, 7.50452375412, 5.22324991226, 3.46457386017, 3.00157761574, 1.81970226765, 1.42882370949, 1.05294847488, 0.674803733826, 0.264474779367, 0.0439297072589, 0.0214680787176, 0.0132391043007, 0.0077097020112, 0.00888464320451, 0.00635570148006, 0.00260243727826, 0.000579206040129], "dmean2": [0.462088465691, 2.19103193283, 4.71651268005, 8.18274879456, 13.2467250824, 16.8349170685, 21.4536991119, 20.5666217804, 25.6639175415, 39.0394706726, 40.8825912476, 29.9173049927, 33.6231422424, 23.4840545654, 23.9145812988, 22.7906551361, 24.5652656555, 24.9794464111, 23.4290885925, 28.3806476593, 23.2941951752, 19.4744377136, 17.5244541168, 11.9326181412, 8.19668865204, 5.16247177124, 4.43943691254, 2.63702607155, 1.99611163139, 1.42072951794, 0.874311387539, 0.350447237492, 0.067500911653, 0.0356598235667, 0.0220775827765, 0.0126053700224, 0.012009899132, 0.00839165784419, 0.00370616326109, 0.00086287612794], "dvar": [0.421859264374, 7.20903158188, 36.0140609741, 69.22240448, 213.740600586, 346.607177734, 504.204498291, 594.192749023, 1232.64477539, 4234.68261719, 3214.19433594, 1203.00842285, 1371.14538574, 781.333740234, 1151.75842285, 740.922241211, 1191.43286133, 955.048339844, 520.354736328, 1818.87182617, 1543.08886719, 1722.55810547, 1345.73730469, 783.534545898, 232.068084717, 74.1585159302, 61.4607620239, 16.7294406891, 11.3085489273, 6.18814659119, 2.76094555855, 0.458704054356, 0.00670031039044, 0.00167275278363, 0.000641773978714, 0.000202169147087, 0.000306511035888, 0.000161762582138, 5.60434236831e-05, 1.17485733426e-05], "dvar2": [1.18294465542, 17.5079345703, 97.152053833, 191.499847412, 591.700500488, 855.223449707, 1289.31054688, 1542.99194336, 3149.02636719, 9720.8046875, 8130.25048828, 2835.19189453, 3401.98852539, 1999.71130371, 2919.55126953, 1756.56616211, 2965.49365234, 2479.73779297, 1279.56311035, 4463.29882812, 3613.73510742, 4347.63916016, 3496.91601562, 2127.7824707, 593.81262207, 184.469100952, 154.705780029, 38.0008010864, 24.3948287964, 11.7520170212, 4.69659280777, 0.819158434868, 0.0141270812601, 0.00409940490499, 0.00157676974777, 0.000488457561005, 0.000520797912031, 0.000283524597762, 0.000139192954521, 2.95814843412e-05], "max": [7.44236564636, 85.24168396, 114.158027649, 128.49949646, 249.099914551, 344.06451416, 481.559417725, 529.946533203, 911.774597168, 1887.56506348, 1722.80310059, 887.877197266, 677.306091309, 657.55090332, 972.202941895, 1053.54968262, 862.782592773, 796.908691406, 372.683074951, 1139.52124023, 1375.15527344, 1284.34619141, 997.389465332, 929.682067871, 254.601135254, 151.573287964, 148.248764038, 76.296295166, 81.6294555664, 51.3936920166, 31.8741016388, 16.3013477325, 1.10164475441, 0.61944425106, 0.387071430683, 0.212780267, 0.321892410517, 0.219516262412, 0.273808956146, 0.17111903429], "mean": [0.270053327084, 1.58811330795, 3.22842144966, 6.73837089539, 10.7686862946, 15.8316907883, 22.6969604492, 19.5171966553, 26.0447597504, 43.6334190369, 48.1999053955, 35.5342826843, 35.8657569885, 26.3467063904, 25.1992492676, 25.1206111908, 26.5036277771, 27.2907066345, 27.4814300537, 28.6089363098, 22.6798210144, 14.9384641647, 11.7051782608, 7.96658706665, 5.80962562561, 4.23188972473, 3.54388999939, 2.1982023716, 1.72044956684, 1.30274009705, 0.850979268551, 0.328840374947, 0.0502250865102, 0.0206257328391, 0.0123994806781, 0.00787554774433, 0.0117475129664, 0.00849450752139, 0.00331773934886, 0.000832037185319], "median": [0.0402993485332, 0.312426626682, 1.23911499977, 3.41079235077, 5.88754177094, 8.10844612122, 11.9818096161, 10.2319889069, 11.2054367065, 17.0406227112, 19.8813686371, 17.2464942932, 18.4959430695, 12.9100723267, 10.8076534271, 12.7492904663, 13.4711208344, 14.7929153442, 16.4150161743, 15.1454629898, 9.24295139313, 4.2699432373, 2.38518285751, 1.77375483513, 1.36499023438, 0.98882907629, 0.662478923798, 0.386765986681, 0.25156378746, 0.172743052244, 0.108180783689, 0.0487639158964, 0.0136003661901, 0.00562029983848, 0.00308151822537, 0.00229863659479, 0.0029673576355, 0.00189133477397, 0.000861966051161, 0.000391482870327], "min": [7.46623525307e-23, 4.1193692955e-22, 8.14860447993e-22, 3.04405777373e-21, 1.38907050861e-20, 3.28734629373e-20, 3.90832725856e-20, 5.51601384825e-20, 7.02505430313e-20, 1.61949763024e-19, 2.88738223708e-19, 4.08949848889e-19, 5.4841402528e-19, 4.69253771237e-19, 8.16526112673e-19, 1.03407812929e-18, 1.07686425327e-18, 1.25454719834e-18, 2.48850173533e-18, 3.21472950362e-18, 3.22031607468e-18, 3.96877328795e-18, 4.60533054193e-18, 5.32210735813e-18, 6.42779182471e-18, 9.06103817312e-18, 7.59486467327e-18, 1.02496553543e-17, 8.64386865633e-18, 1.0819352013e-17, 9.51925652781e-18, 1.04324027127e-17, 9.26252448109e-18, 8.22684306897e-18, 6.36262240015e-18, 4.03403494315e-18, 2.3647979087e-18, 9.90518694837e-19, 2.35005010556e-19, 2.43711044498e-20], "var": [0.378204882145, 10.363615036, 36.8982200623, 93.4843215942, 230.902694702, 566.405944824, 1075.10705566, 1037.51330566, 2148.89038086, 10010.1015625, 7072.63623047, 3203.35009766, 2954.484375, 1596.01525879, 2084.63891602, 1782.86975098, 2199.34106445, 1642.30297852, 1110.80322266, 2537.57861328, 1938.78625488, 1511.85144043, 1092.61889648, 581.337890625, 213.675064087, 89.4329986572, 71.6791305542, 24.1324596405, 17.0310287476, 10.6543836594, 5.23936080933, 0.821772813797, 0.0102771995589, 0.00179263588507, 0.000676618888974, 0.000233171725995, 0.000635793141555, 0.000323160493281, 5.79082079639e-05, 9.26344637264e-06]}, "erbbands_crest": {"dmean": 2.56148099899, "dmean2": 4.09140586853, "dvar": 6.05574321747, "dvar2": 14.3731565475, "max": 30.5888271332, "mean": 8.71065807343, "median": 7.66276788712, "min": 2.13609790802, "var": 18.6964473724}, "erbbands_flatness_db": {"dmean": 0.0266763661057, "dmean2": 0.0385527275503, "dvar": 0.000581456813961, "dvar2": 0.00115532358177, "max": 0.376506119967, "mean": 0.181098952889, "median": 0.178317382932, "min": 0.0433442145586, "var": 0.00257955910638}, "erbbands_kurtosis": {"dmean": 0.998571753502, "dmean2": 1.54822003841, "dvar": 2.27982950211, "dvar2": 4.99693870544, "max": 33.7304611206, "mean": 0.50749206543, "median": -0.0967268943787, "min": -1.71767735481, "var": 5.28081560135}, "erbbands_skewness": {"dmean": 0.396091461182, "dmean2": 0.601147770882, "dvar": 0.146810859442, "dvar2": 0.317226111889, "max": 4.84897899628, "mean": 0.208533123136, "median": 0.223514840007, "min": -4.52517461777, "var": 0.620099246502}, "erbbands_spread": {"dmean": 6.56426906586, "dmean2": 9.69662952423, "dvar": 47.7181968689, "dvar2": 100.970718384, "max": 101.873420715, "mean": 27.6598815918, "median": 25.0691432953, "min": 2.04475879669, "var": 172.207550049}, "gfcc": {"cov": [[36451.6054688, 3865.7277832, -2736.35131836, -43.3280105591, -696.768798828, -286.931182861, -86.1768951416, -357.625030518, 265.496032715, -112.386917114, -379.176025391, -72.3135375977, -377.065460205], [3865.7277832, 1866.36657715, -242.019744873, -510.026397705, -37.5736541748, 2.7632420063, -111.4116745, -53.3939361572, -1.23689639568, -7.82212495804, -65.6818389893, -156.009994507, 33.347694397], [-2736.35131836, -242.019744873, 672.57611084, 89.4950408936, -56.9227752686, 196.25769043, -59.6641921997, 173.8462677, -64.1184082031, 83.0336303711, 17.1119670868, 20.8852596283, 40.2015838623], [-43.3280105591, -510.026397705, 89.4950408936, 539.703857422, 90.5083389282, -50.1443443298, 166.833251953, -46.6489372253, 59.1328163147, -31.4015617371, 22.8546142578, 96.1446075439, -81.2860717773], [-696.768798828, -37.5736541748, -56.9227752686, 90.5083389282, 255.81590271, 12.7710475922, 84.308380127, -18.0033569336, 40.7346611023, -14.0369796753, 46.5455474854, 13.6174926758, 28.6817760468], [-286.931182861, 2.7632420063, 196.25769043, -50.1443443298, 12.7710475922, 254.122039795, -27.3768634796, 121.448646545, -40.8878593445, 50.7259483337, 0.0891072079539, 5.22716903687, 33.2571182251], [-86.1768951416, -111.4116745, -59.6641921997, 166.833251953, 84.308380127, -27.3768634796, 230.277450562, -14.403254509, 101.087509155, -32.6850280762, 21.8705005646, 48.8954925537, -36.9213562012], [-357.625030518, -53.3939361572, 173.8462677, -46.6489372253, -18.0033569336, 121.448646545, -14.403254509, 225.525085449, 23.6168251038, 60.8493309021, -1.06899595261, -5.01481676102, 42.2495536804], [265.496032715, -1.23689639568, -64.1184082031, 59.1328163147, 40.7346611023, -40.8878593445, 101.087509155, 23.6168251038, 175.487106323, 31.0929031372, 19.5958652496, 21.5274085999, -28.7641639709], [-112.386917114, -7.82212495804, 83.0336303711, -31.4015617371, -14.0369796753, 50.7259483337, -32.6850280762, 60.8493309021, 31.0929031372, 111.136688232, 41.2093086243, -9.51025295258, 18.4060134888], [-379.176025391, -65.6818389893, 17.1119670868, 22.8546142578, 46.5455474854, 0.0891072079539, 21.8705005646, -1.06899595261, 19.5958652496, 41.2093086243, 78.1116867065, 45.7695045471, 18.5468387604], [-72.3135375977, -156.009994507, 20.8852596283, 96.1446075439, 13.6174926758, 5.22716903687, 48.8954925537, -5.01481676102, 21.5274085999, -9.51025295258, 45.7695045471, 98.4238739014, 21.8274440765], [-377.065460205, 33.347694397, 40.2015838623, -81.2860717773, 28.6817760468, 33.2571182251, -36.9213562012, 42.2495536804, -28.7641639709, 18.4060134888, 18.5468387604, 21.8274440765, 91.7810592651]], "icov": [[0.000133131572511, -0.000360444566468, 0.000801351619884, -0.000599976163357, 0.000450748193543, -0.000301556719933, 0.000267217837973, -0.000315727083944, 0.000157284841407, -0.000572407268919, 0.000598426093347, -0.000669250497594, 0.000219097972149], [-0.000360444566468, 0.00179764407221, -0.00207851408049, 0.00217784778215, -0.00101695256308, 0.000416126189521, -0.000750552164391, 0.00136928469874, -0.00107777689118, 0.00212317681871, -0.00195791688748, 0.0030675039161, -0.00115740252659], [0.000801351619884, -0.00207851408049, 0.00763591565192, -0.00533706136048, 0.00440743984655, -0.00375948427245, 0.00216136965901, -0.00296707125381, 0.00103859265801, -0.00267472746782, 0.000990071683191, -0.00152071239427, -0.000780319795012], [-0.000599976163357, 0.00217784778215, -0.00533706136048, 0.0100892987102, -0.0081700021401, 0.00563697284088, -0.00357618788257, 0.00103373732418, 0.00360074359924, -0.00577783258632, 0.00921204220504, -0.0108125768602, 0.00961031857878], [0.000450748193543, -0.00101695256308, 0.00440743984655, -0.0081700021401, 0.0148485340178, -0.00787225924432, 0.000925159198232, 0.0011811174918, -0.00704661244527, 0.0126569038257, -0.0185655821115, 0.0182865262032, -0.0142480852082], [-0.000301556719933, 0.000416126189521, -0.00375948427245, 0.00563697284088, -0.00787225924432, 0.011562901549, -0.00249155052006, -0.00313231255859, 0.00705066276714, -0.010450498201, 0.0127519881353, -0.0131543818861, 0.00881582777947], [0.000267217837973, -0.000750552164391, 0.00216136965901, -0.00357618788257, 0.000925159198232, -0.00249155052006, 0.00990907289088, -0.0010347282514, -0.005281066522, 0.00523371808231, -0.00388066237792, 0.000469000835437, 0.00030074219103], [-0.000315727083944, 0.00136928469874, -0.00296707125381, 0.00103373732418, 0.0011811174918, -0.00313231255859, -0.0010347282514, 0.00978617183864, -0.00462626572698, 0.00200872868299, -0.00235403538682, 0.00634263921529, -0.00662009930238], [0.000157284841407, -0.00107777689118, 0.00103859265801, 0.00360074359924, -0.00704661244527, 0.00705066276714, -0.005281066522, -0.00462626572698, 0.0173144936562, -0.017783517018, 0.0170096047223, -0.0187371578068, 0.0134358210489], [-0.000572407268919, 0.00212317681871, -0.00267472746782, -0.00577783258632, 0.0126569038257, -0.010450498201, 0.00523371808231, 0.00200872868299, -0.017783517018, 0.0437979251146, -0.0440732054412, 0.0386708341539, -0.0207037050277], [0.000598426093347, -0.00195791688748, 0.000990071683191, 0.00921204220504, -0.0185655821115, 0.0127519881353, -0.00388066237792, -0.00235403538682, 0.0170096047223, -0.0440732054412, 0.0674069672823, -0.0529864132404, 0.0247477442026], [-0.000669250497594, 0.0030675039161, -0.00152071239427, -0.0108125768602, 0.0182865262032, -0.0131543818861, 0.000469000835437, 0.00634263921529, -0.0187371578068, 0.0386708341539, -0.0529864132404, 0.0638109594584, -0.0345488190651], [0.000219097972149, -0.00115740252659, -0.000780319795012, 0.00961031857878, -0.0142480852082, 0.00881582777947, 0.00030074219103, -0.00662009930238, 0.0134358210489, -0.0207037050277, 0.0247477442026, -0.0345488190651, 0.0370741039515]], "mean": [-61.0754966736, 125.029060364, -108.399528503, 2.88923335075, -27.2720222473, -12.9420471191, -15.5865678787, -16.9728736877, -3.44636917114, -6.74876117706, -13.0810260773, -3.36166286469, -10.9884576797]}, "hfc": {"dmean": 6.10228395462, "dmean2": 8.545170784, "dvar": 96.8356933594, "dvar2": 216.142913818, "max": 176.594146729, "mean": 16.6076087952, "median": 13.3105182648, "min": 1.08484042505e-16, "var": 227.938827515}, "melbands": {"dmean": [0.00208384823054, 0.00150232412852, 0.000848654366564, 0.000683818245307, 0.000429396372056, 0.00028131189174, 0.000255294900853, 0.00025693787029, 0.000215074469452, 0.00011608973, 0.000105018785689, 6.10424976912e-05, 5.35326507816e-05, 3.86647698178e-05, 4.17413430114e-05, 3.08437593048e-05, 3.2253232348e-05, 2.51713790931e-05, 2.77793824353e-05, 2.24833329412e-05, 1.82278527063e-05, 1.20433105621e-05, 1.57011836563e-05, 7.03939440427e-06, 6.23227197138e-06, 3.8780099203e-06, 3.23366089106e-06, 2.20821289076e-06, 2.12168288272e-06, 1.39610494898e-06, 9.67838786892e-07, 8.43215389068e-07, 6.98073051808e-07, 5.57884902719e-07, 4.14497350221e-07, 2.90232691214e-07, 1.10138017817e-07, 2.97479321176e-08, 2.01089775942e-08, 1.73607723752e-08], "dmean2": [0.00355113856494, 0.00254499004222, 0.00145109707955, 0.00111294398084, 0.000688657979481, 0.000464037148049, 0.00040984316729, 0.000404001126299, 0.000335209391778, 0.000184440228622, 0.000170863233507, 9.89106410998e-05, 8.5533632955e-05, 6.12144576735e-05, 6.69361834298e-05, 4.93015832035e-05, 5.20939138369e-05, 4.01334800699e-05, 4.48051032436e-05, 3.54512048943e-05, 2.76282935374e-05, 1.85993667401e-05, 2.57134306594e-05, 1.09018128569e-05, 1.01148516478e-05, 6.15405588178e-06, 5.0665676099e-06, 3.33385037266e-06, 3.19910918734e-06, 2.10224629882e-06, 1.42535645864e-06, 1.20822392091e-06, 9.76566184363e-07, 7.60241732678e-07, 5.48307866666e-07, 3.86120433404e-07, 1.51096031686e-07, 4.74953409935e-08, 3.34667760171e-08, 2.89684329857e-08], "dvar": [2.11184415093e-05, 9.8831978903e-06, 2.32429783864e-06, 1.4143727185e-06, 4.79044615531e-07, 2.8449684919e-07, 2.85526709831e-07, 3.93459572479e-07, 2.19225157139e-07, 4.47738486287e-08, 3.53207383341e-08, 1.29090205192e-08, 1.53444030815e-08, 6.12840089786e-09, 7.03182889694e-09, 4.26733937076e-09, 4.28107282957e-09, 1.55165980065e-09, 3.9729832757e-09, 2.68539457338e-09, 2.03983518965e-09, 1.17871357119e-09, 4.63649785232e-09, 3.89839549531e-10, 6.63102461829e-10, 1.3821370437e-10, 7.60769433561e-11, 3.24138667296e-11, 3.24556666265e-11, 1.28970775032e-11, 5.04581532806e-12, 4.37028061309e-12, 2.98193436089e-12, 1.83532746292e-12, 1.07335028452e-12, 5.90243294778e-13, 7.88543560418e-14, 3.26424157378e-15, 1.45848422078e-15, 1.10667660355e-15], "dvar2": [5.57303319511e-05, 2.52316167462e-05, 6.4968667175e-06, 3.69975691683e-06, 1.20511651858e-06, 7.34295610982e-07, 7.22406525711e-07, 9.07320838905e-07, 5.47628303593e-07, 1.06395695809e-07, 8.77701538116e-08, 3.30347127431e-08, 3.90363368297e-08, 1.47681946672e-08, 1.72570970847e-08, 1.08618172234e-08, 1.12411049358e-08, 3.87681531322e-09, 1.02213872921e-08, 6.28099794397e-09, 4.62480853614e-09, 2.88094792467e-09, 1.24792141065e-08, 9.73556901762e-10, 1.83083304073e-09, 3.55841744959e-10, 1.91051716114e-10, 8.19068979308e-11, 8.26451684866e-11, 3.18809249833e-11, 1.16524906044e-11, 9.95227424777e-12, 6.30276343269e-12, 3.52415210729e-12, 1.8927882265e-12, 1.07668518198e-12, 1.45749853701e-13, 7.39384377021e-15, 3.58253982646e-15, 2.72115094129e-15], "max": [0.0602759122849, 0.0874761044979, 0.0225886460394, 0.0228861346841, 0.0193720459938, 0.0113426754251, 0.0123854484409, 0.0175694469362, 0.0155458869413, 0.00545407831669, 0.00356203154661, 0.00245731160976, 0.00375916203484, 0.00201443210244, 0.00206386251375, 0.00163468916435, 0.00162472215015, 0.000744564051274, 0.00142057985067, 0.00187948788516, 0.00134059181437, 0.00120843073819, 0.00220770575106, 0.000426990445703, 0.000923773332033, 0.000233281461988, 0.000143840297824, 0.000114857357403, 0.000121490826132, 6.77969874232e-05, 4.6346700401e-05, 5.88502407481e-05, 3.45575790561e-05, 2.55265349551e-05, 1.88984413398e-05, 1.66454974533e-05, 6.50805304758e-06, 8.2444552163e-07, 5.67956931263e-07, 5.0591421541e-07], "mean": [0.00242714700289, 0.00187739636749, 0.00121385138482, 0.00101037300192, 0.000750979583245, 0.000453940127045, 0.000425003323471, 0.000454024062492, 0.000389096618164, 0.000207806529943, 0.000175651512109, 0.000106141458673, 8.5762112576e-05, 6.48399873171e-05, 6.71497036819e-05, 5.12100523338e-05, 5.19207278558e-05, 4.41058691649e-05, 4.193831046e-05, 3.39986472682e-05, 2.51796027442e-05, 1.49067827806e-05, 1.47132795973e-05, 7.90145804785e-06, 6.34919751974e-06, 4.30630871051e-06, 3.60965236723e-06, 2.64778827841e-06, 2.45115643338e-06, 1.6122183979e-06, 1.14571457743e-06, 9.85394194686e-07, 8.39989013457e-07, 6.81039864503e-07, 5.15895578701e-07, 3.6138223436e-07, 1.32334363911e-07, 3.12939469893e-08, 1.89930577932e-08, 1.6141154191e-08], "median": [0.000429076957516, 0.000642907922156, 0.000682826968841, 0.000536875450052, 0.000421325035859, 0.000243389833486, 0.000179447510163, 0.000184207645361, 0.000154046952957, 9.60495090112e-05, 8.50560463732e-05, 4.94035266456e-05, 3.38019963237e-05, 3.04731547658e-05, 3.24745378748e-05, 2.499510083e-05, 2.62029461737e-05, 2.56438652286e-05, 2.09182235267e-05, 1.64041812241e-05, 8.54899008118e-06, 4.38843562733e-06, 2.35917150349e-06, 1.7372082084e-06, 1.34929337037e-06, 1.03194383883e-06, 8.4963039626e-07, 5.88151465308e-07, 4.47843035545e-07, 2.746219252e-07, 2.004368298e-07, 1.45178546518e-07, 1.11265521241e-07, 8.7616299993e-08, 6.44244622094e-08, 4.51804922363e-08, 2.09311483701e-08, 7.92414667217e-09, 4.83903406234e-09, 3.93243038133e-09], "min": [1.4296807217e-24, 7.68889806722e-25, 7.85935759681e-25, 1.3167265883e-24, 1.2366374849e-24, 1.64600166609e-24, 1.02822427944e-24, 1.50348339255e-24, 1.7905180257e-24, 2.18034863037e-24, 2.12863524816e-24, 1.76416947982e-24, 2.41988427209e-24, 2.42175032256e-24, 2.59141300403e-24, 2.46515088577e-24, 1.78232215533e-24, 2.89287264909e-24, 3.41852991607e-24, 3.38251999347e-24, 2.83584451374e-24, 3.84029597676e-24, 3.71679625218e-24, 3.02916000616e-24, 4.11646553006e-24, 3.5618304438e-24, 3.87803350475e-24, 5.49959073797e-24, 4.64936947053e-24, 4.93561198872e-24, 4.47999708987e-24, 3.6288804653e-24, 4.92794031642e-24, 5.96696281975e-24, 4.92326394897e-24, 5.38109199709e-24, 5.51759412155e-24, 5.98098718893e-24, 6.16832824328e-24, 6.39535215661e-24], "var": [2.38020820689e-05, 1.21274915728e-05, 2.76849596048e-06, 1.96138807951e-06, 1.12616578463e-06, 5.25079428826e-07, 5.41761323802e-07, 9.4580576615e-07, 4.93648940392e-07, 1.14345965585e-07, 7.57340501423e-08, 2.65258943699e-08, 2.583259473e-08, 1.26249561916e-08, 1.33551525394e-08, 7.72663177884e-09, 6.81491973964e-09, 3.14964854198e-09, 4.63041249787e-09, 4.3780290504e-09, 2.69530220365e-09, 1.18648457725e-09, 3.24383031547e-09, 3.77242292959e-10, 4.61164550991e-10, 1.25823754193e-10, 7.60519286436e-11, 3.7976045919e-11, 3.66818832254e-11, 1.4712727564e-11, 7.00809766122e-12, 5.91158372254e-12, 4.50781469444e-12, 3.09333353203e-12, 1.95536599065e-12, 1.03395287124e-12, 1.34647081354e-13, 4.24783296103e-15, 1.55397712707e-15, 1.16263583521e-15]}, "melbands_crest": {"dmean": 3.99758052826, "dmean2": 6.72028255463, "dvar": 14.0850658417, "dvar2": 38.0346717834, "max": 36.6143417358, "mean": 13.527671814, "median": 12.5813026428, "min": 1.65896606445, "var": 31.0837574005}, "melbands_flatness_db": {"dmean": 0.0358895659447, "dmean2": 0.0536869540811, "dvar": 0.00095509289531, "dvar2": 0.00216037710197, "max": 0.478398382664, "mean": 0.248460382223, "median": 0.252208203077, "min": 0.00321621703915, "var": 0.00526346033439}, "melbands_kurtosis": {"dmean": 5.95414972305, "dmean2": 9.78099822998, "dvar": 169.237869263, "dvar2": 453.291046143, "max": 337.422393799, "mean": 8.83565330505, "median": 4.61677694321, "min": -1.82739520073, "var": 236.547988892}, "melbands_skewness": {"dmean": 0.752942383289, "dmean2": 1.18233370781, "dvar": 0.772466897964, "dvar2": 1.90887856483, "max": 16.9937858582, "mean": 2.11969137192, "median": 1.8844769001, "min": -3.18515992165, "var": 2.05817580223}, "melbands_spread": {"dmean": 6.40032625198, "dmean2": 10.1582717896, "dvar": 88.7835006714, "dvar2": 211.74697876, "max": 183.244338989, "mean": 20.4098987579, "median": 14.8652019501, "min": 0.6684486866, "var": 487.40246582}, "mfcc": {"cov": [[14354.5126953, 2664.41088867, -791.922851562, 615.681213379, -528.071289062, 519.170043945, -519.395385742, 427.151519775, -89.3774871826, 437.671356201, -29.2308864594, 158.773422241, -38.2896156311], [2664.41088867, 2402.30273438, -118.25605011, -367.072265625, 36.4682502747, -39.5121231079, -47.3641548157, -148.096588135, 70.7091217041, 48.0272712708, 9.88687992096, -68.9855270386, 5.60949754715], [-791.922851562, -118.25605011, 563.813720703, -79.7163467407, 52.3024597168, -47.1132392883, 58.5487480164, -15.9980421066, 32.419128418, -12.6220159531, 16.9898109436, 17.6293239594, -2.56005740166], [615.681213379, -367.072265625, -79.7163467407, 536.682189941, -61.7801704407, 132.289352417, -45.6429901123, 128.091537476, -54.6192054749, 33.9693336487, -8.15154933929, 52.1882209778, -10.0006952286], [-528.071289062, 36.4682502747, 52.3024597168, -61.7801704407, 210.741012573, -12.2172985077, 80.9317932129, -37.6902770996, 41.7226676941, -32.0071258545, 19.2116775513, -8.38572216034, 19.7123165131], [519.170043945, -39.5121231079, -47.1132392883, 132.289352417, -12.2172985077, 187.356658936, 10.1124801636, 67.9867782593, -39.0646705627, 31.3588562012, -11.0246419907, 24.056596756, -1.6639059782], [-519.395385742, -47.3641548157, 58.5487480164, -45.6429901123, 80.9317932129, 10.1124801636, 155.517120361, 8.26020717621, 27.7642364502, -37.0125732422, 8.9783706665, -17.1825561523, 11.1439523697], [427.151519775, -148.096588135, -15.9980421066, 128.091537476, -37.6902770996, 67.9867782593, 8.26020717621, 186.811660767, 31.4942073822, 35.6991844177, -4.95092248917, 40.8276100159, 2.14667630196], [-89.3774871826, 70.7091217041, 32.419128418, -54.6192054749, 41.7226676941, -39.0646705627, 27.7642364502, 31.4942073822, 112.878334045, 36.769618988, 32.7314300537, 4.96833562851, 12.4996366501], [437.671356201, 48.0272712708, -12.6220159531, 33.9693336487, -32.0071258545, 31.3588562012, -37.0125732422, 35.6991844177, 36.769618988, 116.251304626, 48.7315254211, 28.9966716766, 1.9233288765], [-29.2308864594, 9.88687992096, 16.9898109436, -8.15154933929, 19.2116775513, -11.0246419907, 8.9783706665, -4.95092248917, 32.7314300537, 48.7315254211, 82.6943817139, 33.5417976379, 10.9855690002], [158.773422241, -68.9855270386, 17.6293239594, 52.1882209778, -8.38572216034, 24.056596756, -17.1825561523, 40.8276100159, 4.96833562851, 28.9966716766, 33.5417976379, 74.4649353027, 27.2043457031], [-38.2896156311, 5.60949754715, -2.56005740166, -10.0006952286, 19.7123165131, -1.6639059782, 11.1439523697, 2.14667630196, 12.4996366501, 1.9233288765, 10.9855690002, 27.2043457031, 56.9371604919]], "icov": [[0.000159017668921, -0.000212392231333, 9.01117891772e-05, -0.000112437119242, 0.000129262349219, -0.000170405168319, 0.000237758460571, -0.000305717549054, 0.000156066715135, -0.000274509540759, 0.000113105241326, -0.000161908756127, 5.79723491683e-05], [-0.000212392231333, 0.000804281968158, -4.54821656604e-06, 0.000482626375742, -0.000192448322196, -0.000106148581835, -1.7074011339e-05, 0.00074567948468, -0.00063695263816, 0.000172126819962, -9.19296508073e-05, 0.000555029662792, -0.000212185812416], [9.01117891772e-05, -4.54821656604e-06, 0.00211139931343, 0.000180912800715, -0.000141543947393, 0.000418654730311, -0.000814014056232, 0.000254441838479, -0.000253908452578, -0.000440116040409, 0.000781924522016, -0.00191625533625, 0.00123404723126], [-0.000112437119242, 0.000482626375742, 0.000180912800715, 0.00308563234285, -0.000252166006248, -0.00109483371489, 0.000671608664561, -0.00125217123423, 0.000993252848275, 0.000131530541694, -0.000414535199525, -0.000455294793937, 0.000473038759083], [0.000129262349219, -0.000192448322196, -0.000141543947393, -0.000252166006248, 0.00748799648136, -0.00163977430202, -0.0021296699997, 0.00201136502437, -0.00352754071355, 0.00265426002443, -0.00147757411469, -0.000159906790941, -0.00119788444135], [-0.000170405168319, -0.000106148581835, 0.000418654730311, -0.00109483371489, -0.00163977430202, 0.0100354608148, -0.00351129029877, -0.00207005138509, 0.00551092112437, -0.00521799409762, 0.00348070543259, -0.00235288240947, 0.00076770724263], [0.000237758460571, -1.7074011339e-05, -0.000814014056232, 0.000671608664561, -0.0021296699997, -0.00351129029877, 0.0120716169477, -0.00296586961485, -0.00186500581913, 0.00543589051813, -0.00571705726907, 0.0061839078553, -0.00299901771359], [-0.000305717549054, 0.00074567948468, 0.000254441838479, -0.00125217123423, 0.00201136502437, -0.00207005138509, -0.00296586961485, 0.0116113414988, -0.00665679527447, -0.000661372439936, 0.00526131922379, -0.00658104941249, 0.00251131085679], [0.000156066715135, -0.00063695263816, -0.000253908452578, 0.000993252848275, -0.00352754071355, 0.00551092112437, -0.00186500581913, -0.00665679527447, 0.0186656787992, -0.00728571973741, -0.00236117863096, 0.00306262983941, -0.0025303021539], [-0.000274509540759, 0.000172126819962, -0.000440116040409, 0.000131530541694, 0.00265426002443, -0.00521799409762, 0.00543589051813, -0.000661372439936, -0.00728571973741, 0.020270422101, -0.0119723333046, 0.00243416475132, -0.000247008312726], [0.000113105241326, -9.19296508073e-05, 0.000781924522016, -0.000414535199525, -0.00147757411469, 0.00348070543259, -0.00571705726907, 0.00526131922379, -0.00236117863096, -0.0119723333046, 0.0270454622805, -0.0146427908912, 0.00428217975423], [-0.000161908756127, 0.000555029662792, -0.00191625533625, -0.000455294793937, -0.000159906790941, -0.00235288240947, 0.0061839078553, -0.00658104941249, 0.00306262983941, 0.00243416475132, -0.0146427908912, 0.0315010808408, -0.0142857637256], [5.79723491683e-05, -0.000212185812416, 0.00123404723126, 0.000473038759083, -0.00119788444135, 0.00076770724263, -0.00299901771359, 0.00251131085679, -0.0025303021539, -0.000247008312726, 0.00428217975423, -0.0142857637256, 0.0252544376999]], "mean": [-699.878112793, 172.396392822, -20.3930149078, 24.8269023895, -1.13595235348, 14.0005578995, -10.5576305389, 2.10670900345, -2.24752664566, 5.631275177, -3.90485286713, -1.27793335915, -0.830083489418]}, "pitch_salience": {"dmean": 0.0828763842583, "dmean2": 0.13698323071, "dvar": 0.00593246659264, "dvar2": 0.0155140375718, "max": 0.921945929527, "mean": 0.607763886452, "median": 0.624936103821, "min": 0.111389704049, "var": 0.0138359442353}, "silence_rate_20dB": {"dmean": 0.00025274863583, "dmean2": 0.000505561183672, "dvar": 0.000252724916209, "dvar2": 0.000758246693294, "max": 1, "mean": 0.999873638153, "median": 1, "min": 0, "var": 0.000126330793137}, "silence_rate_30dB": {"dmean": 0.0202198904008, "dmean2": 0.0404448956251, "dvar": 0.0198128968477, "dvar2": 0.0494288988411, "max": 1, "mean": 0.98180437088, "median": 1, "min": 0, "var": 0.0178634170443}, "silence_rate_60dB": {"dmean": 0.0308353342116, "dmean2": 0.0616784617305, "dvar": 0.0298809949309, "dvar2": 0.0636958256364, "max": 1, "mean": 0.137983322144, "median": 0, "min": 0, "var": 0.118948757648}, "spectral_centroid": {"dmean": 232.740631104, "dmean2": 345.209777832, "dvar": 101049.289062, "dvar2": 196223.890625, "max": 11732.3203125, "mean": 1150.16491699, "median": 784.782592773, "min": 202.259658813, "var": 2224945.5}, "spectral_complexity": {"dmean": 4.10716533661, "dmean2": 5.62133455276, "dvar": 21.9412879944, "dvar2": 37.0400543213, "max": 56, "mean": 18.1434173584, "median": 19, "min": 0, "var": 113.061355591}, "spectral_contrast_coeffs": {"dmean": [0.0575887449086, 0.0483638681471, 0.0381159558892, 0.0286354646087, 0.0237324554473, 0.0550475269556], "dmean2": [0.0943645834923, 0.0798260048032, 0.0628193616867, 0.0470583029091, 0.0373325869441, 0.0826077014208], "dvar": [0.00217714463361, 0.00152883806732, 0.000960737466812, 0.000609190901741, 0.000478002271848, 0.00242093042471], "dvar2": [0.00555921113119, 0.00409799721092, 0.00258481595665, 0.00150781741831, 0.00108890992124, 0.00535468617454], "max": [-0.326889902353, -0.466430783272, -0.585965752602, -0.5969607234, -0.639879226685, -0.418140590191], "mean": [-0.650676965714, -0.755526959896, -0.797120332718, -0.811632812023, -0.824736714363, -0.742269635201], "median": [-0.648946166039, -0.755311787128, -0.798069119453, -0.812449574471, -0.825237154961, -0.754192352295], "min": [-0.979606747627, -0.985451579094, -0.976535856724, -0.97394913435, -0.967952847481, -0.965780138969], "var": [0.010602876544, 0.00551203032956, 0.00379008590244, 0.00232614134438, 0.00188373983838, 0.00856231618673]}, "spectral_contrast_valleys": {"dmean": [0.489011675119, 0.387487918139, 0.345995336771, 0.315886825323, 0.422155171633, 0.761384725571], "dmean2": [0.766606152058, 0.619593560696, 0.52857863903, 0.444428890944, 0.516065239906, 1.20752310753], "dvar": [0.2026232481, 0.152966678143, 0.129467144608, 0.127767235041, 0.199229195714, 0.445765674114], "dvar2": [0.410671174526, 0.306878507137, 0.235449835658, 0.204715684056, 0.324118405581, 1.11631596088], "max": [-4.80920505524, -4.62526226044, -5.19752693176, -5.57604026794, -5.52595949173, -9.09240150452], "mean": [-7.5825138092, -6.86301136017, -7.51965618134, -7.77843761444, -8.35638809204, -11.9150819778], "median": [-6.95741844177, -6.1125125885, -6.82675218582, -7.11608934402, -7.90289068222, -11.4723548889], "min": [-28.2436981201, -28.1382713318, -27.8194084167, -27.8167800903, -27.5579376221, -27.4075679779], "var": [9.41546630859, 9.8564157486, 9.11085700989, 8.78573131561, 8.23275947571, 5.88712024689]}, "spectral_decrease": {"dmean": 3.58182794535e-09, "dmean2": 5.70108982245e-09, "dvar": 2.89013431867e-17, "dvar2": 7.02992215247e-17, "max": 1.88707490961e-28, "mean": -8.50616821424e-09, "median": -6.76691325197e-09, "min": -1.02795937096e-07, "var": 6.20646385267e-17}, "spectral_energy": {"dmean": 0.0139231039211, "dmean2": 0.0220259409398, "dvar": 0.000425420905231, "dvar2": 0.00102822447661, "max": 0.393440455198, "mean": 0.0336106196046, "median": 0.0269316006452, "min": 1.00012873056e-20, "var": 0.000942176615354}, "spectral_energyband_high": {"dmean": 0.000186960416613, "dmean2": 0.000253744830843, "dvar": 1.57876371532e-07, "dvar2": 3.3991602777e-07, "max": 0.00673655932769, "mean": 0.000240153385676, "median": 5.11899052071e-05, "min": 6.91858064866e-21, "var": 2.48894991728e-07}, "spectral_energyband_low": {"dmean": 0.00981326401234, "dmean2": 0.0164784248918, "dvar": 0.0003289146116, "dvar2": 0.000828723306768, "max": 0.359051316977, "mean": 0.0136328013614, "median": 0.00560786249116, "min": 1.27529841402e-23, "var": 0.00045240522013}, "spectral_energyband_middle_high": {"dmean": 0.00200044014491, "dmean2": 0.00290113710798, "dvar": 9.61926798482e-06, "dvar2": 2.1265095711e-05, "max": 0.0456680618227, "mean": 0.00481661316007, "median": 0.00336522841826, "min": 1.17863230746e-21, "var": 2.65887083515e-05}, "spectral_energyband_middle_low": {"dmean": 0.00601072888821, "dmean2": 0.00952086877078, "dvar": 6.97547657182e-05, "dvar2": 0.000178608097485, "max": 0.124679192901, "mean": 0.0161200203001, "median": 0.013743779622, "min": 1.41706795207e-22, "var": 0.000194568900042}, "spectral_entropy": {"dmean": 0.211413666606, "dmean2": 0.286878854036, "dvar": 0.0383333861828, "dvar2": 0.071456193924, "max": 9.82287693024, "mean": 7.3304476738, "median": 7.3097076416, "min": 5.28582811356, "var": 0.318308204412}, "spectral_flux": {"dmean": 0.0298092123121, "dmean2": 0.0472835339606, "dvar": 0.00137525377795, "dvar2": 0.00300027616322, "max": 0.378275960684, "mean": 0.0971267819405, "median": 0.0898931324482, "min": 6.29966495636e-11, "var": 0.00372962653637}, "spectral_kurtosis": {"dmean": 4.59513521194, "dmean2": 6.81230115891, "dvar": 35.3849716187, "dvar2": 80.0240020752, "max": 92.2574386597, "mean": 13.2443685532, "median": 10.8158578873, "min": -1.29016017914, "var": 87.4285736084}, "spectral_rms": {"dmean": 0.00107705965638, "dmean2": 0.00162791123148, "dvar": 1.68934047906e-06, "dvar2": 3.72248700842e-06, "max": 0.0195919461548, "mean": 0.00503929005936, "median": 0.0051258886233, "min": 3.12367623087e-12, "var": 7.39642246117e-06}, "spectral_rolloff": {"dmean": 399.867156982, "dmean2": 670.475463867, "dvar": 956680.4375, "dvar2": 2073076.625, "max": 20068.9453125, "mean": 1483.0534668, "median": 796.728515625, "min": 43.06640625, "var": 8885346}, "spectral_skewness": {"dmean": 0.426915645599, "dmean2": 0.590397715569, "dvar": 0.194784000516, "dvar2": 0.386758029461, "max": 6.98633909225, "mean": 2.33073711395, "median": 2.29801130295, "min": -0.0690410137177, "var": 0.885921657085}, "spectral_spread": {"dmean": 529341.125, "dmean2": 801562.0625, "dvar": 574414651392, "dvar2": 1297864720380.0, "max": 4959905