{"lowlevel": {"average_loudness": 0.785217285156, "barkbands": {"dmean": [7.2354770964e-05, 0.000779212277848, 0.000550705357455, 0.00042057124665, 0.000631586764939, 0.000291599921184, 0.000501662958413, 0.000649693363812, 0.00114464969374, 0.000648084154818, 0.000701961456798, 0.000466941011837, 0.000411817134591, 0.000406255858252, 0.000487917364808, 0.00030031192, 0.000283223809674, 0.000213979903492, 0.000129147651023, 0.000112395442557, 5.6465734815e-05, 5.97917933192e-05, 3.51906091964e-05, 1.07200530692e-05, 3.74402657144e-06, 3.31757888716e-07, 1.95824121363e-08], "dmean2": [0.000131761102239, 0.00123944366351, 0.000764757802244, 0.000644957297482, 0.00104084564373, 0.000451421889011, 0.000774803047534, 0.00100724713411, 0.00172819022555, 0.000961037294473, 0.00103624654002, 0.000711396452971, 0.000610354880337, 0.000625627872068, 0.000735216774046, 0.000464595679659, 0.000435961846961, 0.000335120479576, 0.000201548507903, 0.000179422451765, 8.3871622337e-05, 9.47044609347e-05, 5.10785903316e-05, 1.50170963025e-05, 5.6683143157e-06, 5.07278059558e-07, 3.21781712387e-08], "dvar": [9.98485027992e-09, 3.32306103701e-06, 1.55721147621e-06, 2.56087560047e-06, 1.37965355407e-06, 2.16435495304e-07, 9.76377805273e-07, 3.46642968907e-06, 9.65896197158e-06, 3.76064394914e-06, 4.99809175381e-06, 1.84957320926e-06, 2.05954188459e-06, 1.98333259505e-06, 2.43378781306e-06, 7.55725750423e-07, 4.54964634855e-07, 4.23370096314e-07, 9.74758194161e-08, 5.22461398589e-08, 1.32607809178e-08, 2.97243314407e-08, 8.0377589029e-09, 7.76401221092e-10, 9.18953663165e-11, 8.37995471625e-13, 3.88868252107e-15], "dvar2": [2.85565953106e-08, 8.21660250949e-06, 2.7893704555e-06, 5.71215468881e-06, 3.99779582949e-06, 5.23107303252e-07, 2.12588793147e-06, 6.99839620211e-06, 1.95707707462e-05, 7.19776562619e-06, 9.49936020334e-06, 4.15466956838e-06, 4.39701807409e-06, 4.50174275102e-06, 5.37917776455e-06, 1.67653684002e-06, 1.02136129954e-06, 9.74072577264e-07, 2.58010572907e-07, 1.24797665535e-07, 2.86465784427e-08, 7.4158641894e-08, 1.68042006976e-08, 1.575640729e-09, 2.17864740137e-10, 2.02001501463e-12, 1.03834406283e-14], "max": [0.00132432859391, 0.0298604443669, 0.0217160619795, 0.0328719392419, 0.0246885437518, 0.0106538701802, 0.0224560629576, 0.0399273633957, 0.0902402922511, 0.0481480658054, 0.0575324296951, 0.0353831201792, 0.0495384857059, 0.0446789301932, 0.0399935767055, 0.032702293247, 0.0226440727711, 0.0212466418743, 0.00840763002634, 0.005214787554, 0.00197594566271, 0.00193152867723, 0.00142367812805, 0.000605899025686, 0.000212972197914, 1.41035989145e-05, 7.92885941792e-07], "mean": [7.34377972549e-05, 0.00118099735118, 0.00111169542652, 0.000519618508406, 0.00112035253551, 0.000571304582991, 0.000947232474573, 0.00111698708497, 0.00222349516116, 0.0011884982232, 0.00126637739595, 0.000822498637717, 0.000735476438422, 0.000643721898086, 0.000834719510749, 0.000556972110644, 0.000537449086551, 0.000374013034161, 0.000255727703916, 0.000208618526813, 9.3630857009e-05, 7.20984098734e-05, 4.5704349759e-05, 1.56086589413e-05, 4.61156832898e-06, 3.77846987476e-07, 2.0182039151e-08], "median": [3.79624470952e-05, 0.000200055772439, 0.000206680386327, 0.000107847925392, 0.000635968928691, 0.000309138849843, 0.0003749889147, 0.000306907168124, 0.000420986674726, 0.000186472199857, 0.00018417724641, 0.000182977964869, 9.43265331443e-05, 9.6219664556e-05, 9.4250717666e-05, 0.000138083210913, 0.000131669294205, 8.5111874796e-05, 9.51226684265e-05, 9.38640732784e-05, 3.26750523527e-05, 1.3516951185e-05, 9.39852998272e-06, 3.92011133954e-06, 8.12357370705e-07, 5.94515157104e-08, 3.34135474844e-09], "min": [1.22070197693e-25, 2.14524846161e-24, 6.37673346153e-25, 9.47970895753e-25, 7.88151324837e-24, 8.58635021199e-24, 3.19442005492e-24, 2.2502174491e-24, 1.52297249704e-23, 1.32867779158e-23, 9.57377529567e-24, 2.65148109376e-23, 1.98855410122e-23, 2.71834778399e-23, 3.52872629035e-23, 6.25134023411e-23, 6.82658707253e-23, 9.44528342261e-23, 9.67159120801e-23, 1.66315834949e-22, 1.96784129598e-22, 2.55534185794e-22, 3.5481299967e-22, 4.98985193464e-22, 8.26336720711e-22, 1.37406200706e-21, 1.78270245728e-21], "var": [1.11301750039e-08, 5.74423074795e-06, 5.5984573919e-06, 2.98599388771e-06, 2.2442293357e-06, 6.23549055945e-07, 3.10431937578e-06, 8.37333118398e-06, 4.02688965551e-05, 1.11122362796e-05, 1.57976082846e-05, 4.43090448243e-06, 6.39029622107e-06, 3.95771439798e-06, 6.19993397777e-06, 2.01403213396e-06, 1.47436560383e-06, 9.65659523899e-07, 2.43114129717e-07, 1.07583048248e-07, 2.62184691735e-08, 3.15001393858e-08, 1.11726263796e-08, 1.45157497133e-09, 1.31010563509e-10, 9.15894747197e-13, 3.18972512079e-15]}, "barkbands_crest": {"dmean": 2.33721709251, "dmean2": 3.75611329079, "dvar": 4.39989757538, "dvar2": 10.8311758041, "max": 25.4120178223, "mean": 9.22537326813, "median": 8.36287117004, "min": 2.52783226967, "var": 15.1043224335}, "barkbands_flatness_db": {"dmean": 0.0194370038807, "dmean2": 0.0282102841884, "dvar": 0.000379018631065, "dvar2": 0.000733562628739, "max": 0.39082595706, "mean": 0.154527500272, "median": 0.154296994209, "min": 0.0189938656986, "var": 0.00197168393061}, "barkbands_kurtosis": {"dmean": 1.52876341343, "dmean2": 2.38341188431, "dvar": 7.43523693085, "dvar2": 17.0624523163, "max": 78.5081787109, "mean": 2.03939771652, "median": 0.793254613876, "min": -1.83196949959, "var": 19.3333129883}, "barkbands_skewness": {"dmean": 0.413587778807, "dmean2": 0.625898003578, "dvar": 0.175759196281, "dvar2": 0.396755844355, "max": 7.87120819092, "mean": 0.728785812855, "median": 0.675899207592, "min": -2.5523519516, "var": 1.173148036}, "barkbands_spread": {"dmean": 4.71750593185, "dmean2": 7.16279459, "dvar": 37.3981285095, "dvar2": 79.7945098877, "max": 112.644355774, "mean": 19.2494735718, "median": 16.9482040405, "min": 1.1240632534, "var": 123.810211182}, "dissonance": {"dmean": 0.0215818975121, "dmean2": 0.0365181975067, "dvar": 0.000468735437607, "dvar2": 0.00132775458042, "max": 0.500000059605, "mean": 0.459589421749, "median": 0.467548191547, "min": 0.231029957533, "var": 0.000967149098869}, "dynamic_complexity": 4.40440416336, "erbbands": {"dmean": [0.0108196213841, 0.214386820793, 0.681048333645, 0.826961278915, 1.80450737476, 2.42077684402, 2.15089154243, 2.61740684509, 6.26921701431, 7.73444890976, 18.4256782532, 24.7046833038, 17.7187690735, 22.8269424438, 24.7564792633, 16.2483615875, 15.4416208267, 17.0269622803, 21.3673305511, 21.0506649017, 13.2300233841, 15.5029182434, 12.9619255066, 6.98416280746, 5.60479593277, 4.96151399612, 2.62073659897, 2.14142656326, 2.63478636742, 1.5233232975, 0.896480202675, 0.299880117178, 0.153515979648, 0.0649370625615, 0.015525306575, 0.00339531200007, 0.000354043295374, 4.28840394306e-05, 5.37340474693e-06, 5.162765774e-06], "dmean2": [0.0170831400901, 0.338941276073, 0.951090097427, 1.24224960804, 2.98715162277, 3.97944283485, 3.40795111656, 4.0672826767, 9.69653892517, 11.699005127, 28.2141628265, 36.8455467224, 26.3558330536, 33.6074638367, 35.5903816223, 24.0529212952, 22.6981239319, 25.0745658875, 32.2588920593, 31.1156539917, 20.4423789978, 23.6321678162, 20.1498374939, 10.940454483, 8.46516609192, 7.92255878448, 4.05354738235, 3.07513141632, 4.2791557312, 2.27797174454, 1.31139373779, 0.418621152639, 0.218591198325, 0.0985835567117, 0.0234513264149, 0.00507191056386, 0.000524886825588, 6.57827913528e-05, 7.8796829257e-06, 7.04561352904e-06], "dvar": [0.000644740182906, 0.251866191626, 2.44880819321, 6.98367881775, 28.893404007, 17.6901836395, 14.8671789169, 18.477766037, 169.65977478, 277.630645752, 2434.13110352, 6021.06054688, 2275.67529297, 4660.11083984, 5710.97851562, 2384.82958984, 2301.43115234, 4422.10205078, 4144.09619141, 5167.36035156, 785.887023926, 1466.5390625, 1704.48486328, 304.69921875, 141.116226196, 111.696990967, 31.7702617645, 19.0219478607, 68.639289856, 16.3472728729, 5.76948833466, 0.673931837082, 0.131572440267, 0.0271864831448, 0.00177392957266, 8.00274283392e-05, 7.37825985198e-07, 1.36281714802e-08, 1.19145984745e-10, 4.38744700293e-11], "dvar2": [0.00142531062011, 0.619407594204, 4.41555690765, 15.5978012085, 79.4816513062, 48.2637443542, 37.9722213745, 45.5471992493, 393.492248535, 561.970336914, 5002.68505859, 12354.6884766, 4777.15234375, 9205.0703125, 10749.2099609, 5386.109375, 4748.99755859, 9494.28808594, 9088.09863281, 10296.6367188, 1820.71923828, 3192.91894531, 3920.79101562, 814.661499023, 299.230316162, 270.509460449, 74.6113510132, 38.5900230408, 183.145797729, 34.7588768005, 12.4021692276, 1.34950137138, 0.266135513783, 0.0639802590013, 0.0042521962896, 0.00018985166389, 1.64708592365e-06, 3.32945333525e-08, 2.88564450113e-10, 7.61937943294e-11], "max": [0.523406028748, 8.26910591125, 29.9873657227, 50.8747673035, 117.670074463, 68.4738998413, 88.1876525879, 109.534912109, 286.401855469, 610.678466797, 1274.18737793, 2883.79443359, 1944.81921387, 1566.87854004, 2379.84863281, 1799.11584473, 1601.96887207, 2231.67773438, 1384.50671387, 2384.12353516, 700.063964844, 1377.71813965, 1498.67077637, 536.573547363, 507.609893799, 275.582427979, 100.94858551, 78.2869110107, 98.0741271973, 53.6025009155, 46.9914283752, 22.7669620514, 8.54158687592, 4.53294324875, 0.746921062469, 0.10379306227, 0.00980138406157, 0.0015478549758, 0.000140071744681, 0.0001225668384], "mean": [0.0149149596691, 0.339101910591, 1.41409909725, 1.28355777264, 2.6839287281, 3.99989080429, 4.09743499756, 5.20880079269, 12.2798051834, 14.9026641846, 34.916229248, 48.0067672729, 36.5788726807, 47.5035972595, 47.4784545898, 32.1988372803, 30.3608608246, 33.2221374512, 39.5222511292, 40.9312667847, 28.6703586578, 31.9092063904, 25.3533210754, 14.2219114304, 11.8744153976, 9.14504051208, 4.58453369141, 3.45707511902, 3.03719234467, 1.92336213589, 1.14273619652, 0.437179148197, 0.222838491201, 0.0813020467758, 0.0188051033765, 0.00395636912435, 0.000442604359705, 5.22703157912e-05, 1.36977068905e-05, 2.04703592317e-05], "median": [0.00343358749524, 0.0502179786563, 0.254796981812, 0.367939889431, 0.969131290913, 2.20765781403, 2.16915011406, 2.80976963043, 5.09370231628, 6.45169067383, 9.59658813477, 9.66221046448, 8.95120620728, 7.70598506927, 8.91886520386, 7.74869441986, 5.1617603302, 5.37169361115, 5.91885948181, 7.05837917328, 8.70355796814, 8.37166213989, 6.00014543533, 5.47677707672, 5.05842685699, 4.24823951721, 1.74122190475, 1.03180384636, 0.612262010574, 0.3953525424, 0.216974049807, 0.10027012974, 0.0557276904583, 0.0155680775642, 0.00310471327975, 0.000584241119213, 8.71380761964e-05, 1.14387166832e-05, 8.7002190412e-06, 1.47796399688e-05], "min": [7.26948955678e-23, 1.949532781e-22, 1.83066156525e-21, 6.41494478568e-21, 2.30623027723e-20, 2.86839643869e-20, 5.68195015654e-20, 8.34481192317e-20, 5.03229575125e-20, 1.53640694997e-19, 8.25242877345e-20, 3.3440973461e-19, 4.71522882754e-19, 5.19155044352e-19, 9.26723941058e-19, 1.14709922851e-18, 9.16228259856e-19, 1.85700724029e-18, 2.78726717167e-18, 2.40413468953e-18, 4.52052302245e-18, 4.40610740012e-18, 5.33029934132e-18, 5.94299698412e-18, 5.55150439432e-18, 8.96647819422e-18, 8.68701522427e-18, 9.29816438496e-18, 9.17295736436e-18, 1.0801142459e-17, 9.49309445939e-18, 1.00353684264e-17, 8.19381622866e-18, 8.27421073957e-18, 6.01429871216e-18, 4.04740962647e-18, 2.37674715304e-18, 9.2306656198e-19, 2.41445128613e-19, 2.47073404441e-20], "var": [0.00112945132423, 0.462594360113, 8.74729156494, 10.0574064255, 35.4284095764, 28.5293121338, 33.165927887, 51.2234382629, 520.187988281, 878.357543945, 7934.74755859, 24882.4414062, 8317.46875, 17228.5507812, 17810.7519531, 6473.83203125, 7581.93701172, 11960.6503906, 9853.23828125, 16045.8925781, 3081.18579102, 5076.54541016, 4309.3984375, 730.856140137, 405.841247559, 204.021759033, 66.3683395386, 36.3745002747, 60.5169754028, 21.492931366, 7.83079242706, 1.27592515945, 0.242253288627, 0.0388511233032, 0.00239447248168, 9.47234075284e-05, 9.54063011704e-07, 1.47245735604e-08, 2.19520027156e-10, 3.56348950348e-10]}, "erbbands_crest": {"dmean": 2.82942056656, "dmean2": 4.55200719833, "dvar": 6.83123397827, "dvar2": 17.0943317413, "max": 31.9879245758, "mean": 10.4803133011, "median": 9.48135185242, "min": 2.61665940285, "var": 23.3731250763}, "erbbands_flatness_db": {"dmean": 0.0180525463074, "dmean2": 0.0246928706765, "dvar": 0.00030160084134, "dvar2": 0.000526258023456, "max": 0.34939840436, "mean": 0.219320178032, "median": 0.221498608589, "min": 0.0359655097127, "var": 0.00223579956219}, "erbbands_kurtosis": {"dmean": 1.01037156582, "dmean2": 1.5979077816, "dvar": 1.66204357147, "dvar2": 3.96913862228, "max": 20.0975284576, "mean": 0.938836455345, "median": 0.113432049751, "min": -1.81909751892, "var": 6.16246986389}, "erbbands_skewness": {"dmean": 0.368908047676, "dmean2": 0.56237500906, "dvar": 0.114641353488, "dvar2": 0.262917369604, "max": 4.22634744644, "mean": 0.269208937883, "median": 0.282701075077, "min": -3.69622564316, "var": 0.850905895233}, "erbbands_spread": {"dmean": 5.88861846924, "dmean2": 8.93268871307, "dvar": 46.6391487122, "dvar2": 104.369018555, "max": 134.391601562, "mean": 27.6598587036, "median": 25.3427257538, "min": 3.31265759468, "var": 225.832672119}, "gfcc": {"cov": [[28392.6152344, 1537.83703613, -3773.5847168, 857.637268066, -1652.99023438, 407.383728027, -739.549194336, 112.51625061, -318.390197754, -206.546157837, -200.343475342, -184.816452026, -122.134666443], [1537.83703613, 1672.21362305, -117.206764221, -4.44335889816, 241.451339722, -275.490936279, 123.555290222, -32.9531326294, 28.5485782623, -133.104598999, 143.205490112, -211.428283691, 26.0452423096], [-3773.5847168, -117.206764221, 1190.38000488, 138.47833252, 186.254302979, 68.5897598267, 69.2521896362, 3.51736831665, 46.3673248291, 90.0195922852, -0.502563655376, 1.59339952469, -49.1384277344], [857.637268066, -4.44335889816, 138.47833252, 410.476867676, 14.1811151505, -2.47976207733, -133.979797363, -14.6742010117, 45.8645629883, 45.2458076477, -29.8875961304, -31.5801525116, -35.7824516296], [-1652.99023438, 241.451339722, 186.254302979, 14.1811151505, 454.653961182, -73.8422546387, 63.3230361938, -5.94882011414, 77.3261871338, 13.3035211563, 26.7674407959, -39.7673530579, 19.844783783], [407.383728027, -275.490936279, 68.5897598267, -2.47976207733, -73.8422546387, 291.484161377, 65.9043731689, 20.9380111694, -51.6091079712, 16.2733364105, -30.7764205933, 62.6161346436, -21.5154781342], [-739.549194336, 123.555290222, 69.2521896362, -133.979797363, 63.3230361938, 65.9043731689, 255.456344604, 47.9359588623, -33.1925201416, -46.1770362854, 23.5269069672, 12.3015069962, 17.1509876251], [112.51625061, -32.9531326294, 3.51736831665, -14.6742010117, -5.94882011414, 20.9380111694, 47.9359588623, 122.979728699, 29.931180954, -14.3754959106, -18.4154510498, 12.5407409668, 9.27471160889], [-318.390197754, 28.5485782623, 46.3673248291, 45.8645629883, 77.3261871338, -51.6091079712, -33.1925201416, 29.931180954, 146.373016357, 43.1746788025, -4.28192424774, -24.8182182312, 5.07300138474], [-206.546157837, -133.104598999, 90.0195922852, 45.2458076477, 13.3035211563, 16.2733364105, -46.1770362854, -14.3754959106, 43.1746788025, 133.535125732, 6.26004314423, -4.93664884567, -16.5888214111], [-200.343475342, 143.205490112, -0.502563655376, -29.8875961304, 26.7674407959, -30.7764205933, 23.5269069672, -18.4154510498, -4.28192424774, 6.26004314423, 111.69745636, 0.502637922764, 0.00662032607943], [-184.816452026, -211.428283691, 1.59339952469, -31.5801525116, -39.7673530579, 62.6161346436, 12.3015069962, 12.5407409668, -24.8182182312, -4.93664884567, 0.502637922764, 117.014892578, 17.347202301], [-122.134666443, 26.0452423096, -49.1384277344, -35.7824516296, 19.844783783, -21.5154781342, 17.1509876251, 9.27471160889, 5.07300138474, -16.5888214111, 0.00662032607943, 17.347202301, 79.5566711426]], "icov": [[0.000258838350419, -0.000562272034585, 0.000785677926615, -0.000616768200416, 0.000614558055531, -0.000835889717564, 0.000580468855333, -0.000615581462625, 0.000363904924598, -0.000415277056163, 0.00045997966663, -0.000105478749902, 0.000269747368293], [-0.000562272034585, 0.00246467837133, -0.00159969343804, 0.00102269125637, -0.00160276051611, 0.00237650843337, -0.0019257114036, 0.00156046252232, -0.000869965762831, 0.00204929267056, -0.00235791970044, 0.00212783413008, -0.000903413572814], [0.000785677926615, -0.00159969343804, 0.00345467031002, -0.00230895890854, 0.00145473331213, -0.00257435813546, 0.00114626577124, -0.0017728288658, 0.0010458084289, -0.00180063198786, 0.00140913121868, -0.000443002179964, 0.00137995986734], [-0.000616768200416, 0.00102269125637, -0.00230895890854, 0.00494097545743, -0.00160958152264, 0.00133424100932, 0.00075681990711, 0.0011716283625, -0.00126692943741, 0.000795384170488, -0.000414124137023, 0.000522869464476, 0.000109764754598], [0.000614558055531, -0.00160276051611, 0.00145473331213, -0.00160958152264, 0.00450700102374, -0.00151629338507, 0.000329775270075, -0.000662066740915, -0.000671987363603, -0.00115002738312, 0.00109609519131, -0.000189784463146, -4.11242072005e-05], [-0.000835889717564, 0.00237650843337, -0.00257435813546, 0.00133424100932, -0.00151629338507, 0.00816640909761, -0.00410065194592, 0.00178874121048, 0.000165777673828, 0.000275443628198, -0.000431831635069, -0.00130887364503, 0.000543335860129], [0.000580468855333, -0.0019257114036, 0.00114626577124, 0.00075681990711, 0.000329775270075, -0.00410065194592, 0.00869505573064, -0.00413537351415, 0.0021513318643, 0.000266695162281, 6.33906238363e-05, -5.90518138779e-05, -8.23844093247e-05], [-0.000615581462625, 0.00156046252232, -0.0017728288658, 0.0011716283625, -0.000662066740915, 0.00178874121048, -0.00413537351415, 0.0122113414109, -0.00469822250307, 0.00249201478437, 0.000419661169872, -0.000620466540568, -0.000952644564677], [0.000363904924598, -0.000869965762831, 0.0010458084289, -0.00126692943741, -0.000671987363603, 0.000165777673828, 0.0021513318643, -0.00469822250307, 0.0110827693716, -0.00395867740735, 0.00105564703699, 0.000860732223373, -0.000503944465891], [-0.000415277056163, 0.00204929267056, -0.00180063198786, 0.000795384170488, -0.00115002738312, 0.000275443628198, 0.000266695162281, 0.00249201478437, -0.00395867740735, 0.01181223616, -0.00328452698886, 0.00209447043017, 0.000209536985494], [0.00045997966663, -0.00235791970044, 0.00140913121868, -0.000414124137023, 0.00109609519131, -0.000431831635069, 6.33906238363e-05, 0.000419661169872, 0.00105564703699, -0.00328452698886, 0.012609988451, -0.0033311760053, 0.00168251455761], [-0.000105478749902, 0.00212783413008, -0.000443002179964, 0.000522869464476, -0.000189784463146, -0.00130887364503, -5.90518138779e-05, -0.000620466540568, 0.000860732223373, 0.00209447043017, -0.0033311760053, 0.0139242541045, -0.00377259775996], [0.000269747368293, -0.000903413572814, 0.00137995986734, 0.000109764754598, -4.11242072005e-05, 0.000543335860129, -8.23844093247e-05, -0.000952644564677, -0.000503944465891, 0.000209536985494, 0.00168251455761, -0.00377259775996, 0.0153655484319]], "mean": [-85.1204223633, 124.500923157, -161.830871582, 34.4363479614, -62.8426818848, 0.935046136379, -27.7214069366, 2.19784736633, -12.2455453873, -10.9585123062, -6.28393125534, -12.1149864197, -1.62842774391]}, "hfc": {"dmean": 4.33531475067, "dmean2": 5.93401002884, "dvar": 37.7948265076, "dvar2": 64.8501739502, "max": 110.011360168, "mean": 16.7844390869, "median": 10.4808864594, "min": 1.03559842936e-16, "var": 322.580657959}, "melbands": {"dmean": [0.00015695890761, 0.000329300703015, 0.000174908913323, 0.000144636476762, 8.20559871499e-05, 6.04854212725e-05, 9.68327876762e-05, 9.02574392967e-05, 0.000169713704963, 0.000156580063049, 9.13448311621e-05, 9.47685912251e-05, 9.01224266272e-05, 5.58221108804e-05, 4.3551561248e-05, 3.71282658307e-05, 3.36957091349e-05, 3.73518341803e-05, 3.98666597903e-05, 2.46832514676e-05, 1.53936143761e-05, 1.72462205228e-05, 1.52838147187e-05, 9.59171393333e-06, 6.00148587182e-06, 4.70558688903e-06, 4.69706765216e-06, 3.19599712384e-06, 1.94681274479e-06, 1.160820716e-06, 1.4018667116e-06, 1.51703579832e-06, 1.1051781712e-06, 8.35129583265e-07, 5.84766780776e-07, 2.81682901004e-07, 1.57040815907e-07, 1.13062384344e-07, 8.4950819712e-08, 4.86878093398e-08], "dmean2": [0.000249203410931, 0.000481917348225, 0.000265396811301, 0.000239973553107, 0.000130371758132, 9.35085190577e-05, 0.000149598316057, 0.000135941590997, 0.000261752109509, 0.000233438317082, 0.000136816408485, 0.000139294716064, 0.000129850930534, 8.38696505525e-05, 6.58478602418e-05, 5.46087612747e-05, 5.02087532368e-05, 5.74030127609e-05, 5.96749305259e-05, 3.64687366528e-05, 2.39276487264e-05, 2.64315949607e-05, 2.30596160691e-05, 1.48871813508e-05, 9.62013837125e-06, 7.20985235603e-06, 7.34256445867e-06, 5.15614647156e-06, 3.06133415506e-06, 1.7726212036e-06, 2.01666830435e-06, 2.45192381954e-06, 1.77903507392e-06, 1.23934626117e-06, 8.78169601037e-07, 4.04632999107e-07, 2.25438597568e-07, 1.63033973877e-07, 1.2378586689e-07, 7.79580560106e-08], "dvar": [1.35360309628e-07, 5.49929382032e-07, 3.26098387404e-07, 8.75923404919e-08, 1.96400193886e-08, 9.49605727385e-09, 3.71541197808e-08, 4.07600282415e-08, 2.03426566259e-07, 2.2768354313e-07, 6.19028668325e-08, 7.89537040191e-08, 8.45349035217e-08, 3.10239691714e-08, 2.0184055316e-08, 1.86253377166e-08, 1.84554682647e-08, 1.41983420576e-08, 1.88343367569e-08, 5.33073762909e-09, 1.15442988502e-09, 1.88309168259e-09, 1.5887493543e-09, 1.03593134071e-09, 2.6973265288e-10, 1.24474527907e-10, 1.11363314403e-10, 4.92448512524e-11, 1.77076409091e-11, 7.2161903189e-12, 8.68499022699e-12, 2.01870829081e-11, 1.19294851775e-11, 5.02238918856e-12, 2.96927218056e-12, 4.8563589131e-13, 2.31388123722e-13, 8.16777472479e-14, 3.45303924614e-14, 2.2012892133e-14], "dvar2": [3.21391809166e-07, 1.13565863558e-06, 7.36309345939e-07, 2.50065312457e-07, 5.03117369988e-08, 2.3380900771e-08, 8.35118925124e-08, 8.43856469146e-08, 4.36612822341e-07, 4.5896669576e-07, 1.29316021003e-07, 1.51907244117e-07, 1.57150665814e-07, 6.85556145186e-08, 4.36793783365e-08, 3.82812999078e-08, 4.00867072869e-08, 3.26342046719e-08, 4.22784935949e-08, 9.99297267157e-09, 2.62929211736e-09, 4.27603952247e-09, 3.24494164872e-09, 2.27319252311e-09, 7.42113426266e-10, 3.05682590351e-10, 2.57569215956e-10, 1.2142191419e-10, 4.2516448695e-11, 1.61772574503e-11, 1.80790521442e-11, 5.30963085998e-11, 3.03344259434e-11, 1.07149350156e-11, 6.73853290875e-12, 9.72859921962e-13, 4.99976741865e-13, 1.73015708748e-13, 7.41912905894e-14, 5.69942652643e-14], "max": [0.00641609821469, 0.0132777607068, 0.0123583078384, 0.00663402024657, 0.00253707705997, 0.00234003225341, 0.00427362881601, 0.00664686458185, 0.0118798837066, 0.0177174303681, 0.00965850055218, 0.00658156722784, 0.00804700795561, 0.00500835618004, 0.00378380669281, 0.00583821674809, 0.00498171895742, 0.00296555226669, 0.00355411856435, 0.00292966095731, 0.00105369463563, 0.00120690173935, 0.00133058638312, 0.00136877538171, 0.000535826722626, 0.000261952955043, 0.000402002362534, 0.00016601353127, 8.86622656253e-05, 5.75677622692e-05, 5.40882865607e-05, 5.02834482177e-05, 4.08130254073e-05, 3.18689199048e-05, 3.79825432901e-05, 2.18373261305e-05, 1.18360312626e-05, 6.89482749294e-06, 2.99965540762e-06, 3.46583215105e-06], "mean": [0.00023225446057, 0.000649809779134, 0.000276631850284, 0.000241601112066, 0.000156782160047, 0.000120476339362, 0.000189927421161, 0.000169894861756, 0.000322310079355, 0.000299117644317, 0.000179561800906, 0.000190464881598, 0.000166686382727, 0.000102763318864, 7.41588155506e-05, 6.99034790159e-05, 5.90166382608e-05, 6.0555019445e-05, 6.74732291372e-05, 4.42698037659e-05, 2.93712564599e-05, 3.26514382323e-05, 2.81248285319e-05, 1.73078369698e-05, 1.09325164885e-05, 9.1422780315e-06, 8.69266114023e-06, 5.33619368071e-06, 3.19121386383e-06, 1.85688543297e-06, 2.09441623156e-06, 1.79200833372e-06, 1.1970603282e-06, 1.03310946997e-06, 6.90541355652e-07, 4.06580937806e-07, 2.16898996541e-07, 1.62868673215e-07, 1.10257524e-07, 5.47064438194e-08], "median": [4.99102825415e-05, 0.000117037663586, 8.5598701844e-05, 0.000126828497741, 8.57634149725e-05, 6.64526305627e-05, 7.91863203631e-05, 6.58228018438e-05, 7.51688785385e-05, 5.53592763026e-05, 3.72819049517e-05, 2.68956609943e-05, 2.81627744698e-05, 2.14251467696e-05, 1.20469630929e-05, 8.393668395e-06, 8.1017096818e-06, 8.11910285847e-06, 7.30992815079e-06, 9.09385926207e-06, 9.14255451789e-06, 7.71516351961e-06, 6.22677453066e-06, 3.7648601392e-06, 3.84278246202e-06, 3.22631058225e-06, 3.52384768121e-06, 2.3392658477e-06, 1.1013561334e-06, 5.04268655277e-07, 5.43790292795e-07, 3.40456523418e-07, 1.94642041151e-07, 1.9020492914e-07, 1.13592605544e-07, 8.24815060696e-08, 4.49626291754e-08, 3.92974328633e-08, 2.22684821694e-08, 8.54407744555e-09], "min": [7.82170773099e-25, 3.88049726527e-25, 1.72719833021e-24, 1.8480157305e-24, 2.08213209501e-24, 1.96908872173e-24, 6.89320464048e-25, 1.62539514013e-24, 6.17167745086e-25, 1.96393272685e-24, 2.11854512554e-24, 1.71212674818e-24, 1.72087541284e-24, 2.35098851329e-24, 1.85088284546e-24, 2.17210148404e-24, 3.38262648969e-24, 3.54384441517e-24, 3.18893865492e-24, 3.6540751049e-24, 4.40387280138e-24, 4.06467602277e-24, 3.44477926269e-24, 4.22666308763e-24, 3.8926262482e-24, 3.50936488272e-24, 4.22379557824e-24, 4.0978251413e-24, 4.85586130665e-24, 4.44490185149e-24, 4.52030906542e-24, 4.53236049347e-24, 5.81905179445e-24, 5.17808258744e-24, 5.02837808687e-24, 5.43431999224e-24, 5.55648180873e-24, 5.79499863659e-24, 5.38550172955e-24, 5.62780153988e-24], "var": [2.32119987231e-07, 1.63054869518e-06, 4.62468165097e-07, 1.3135255017e-07, 4.32426041641e-08, 2.64433364094e-08, 1.19087587791e-07, 1.28084579387e-07, 7.66200457747e-07, 9.48007311763e-07, 2.18247890871e-07, 2.91468126079e-07, 2.70383083034e-07, 7.31910319018e-08, 4.39284271181e-08, 7.44756647464e-08, 4.30700879406e-08, 2.83226135878e-08, 4.77131862908e-08, 1.75216054998e-08, 3.63782715063e-09, 5.7072409021e-09, 4.51689530223e-09, 2.67367150641e-09, 5.67419611297e-10, 3.37250644078e-10, 2.47511733331e-10, 8.20220488751e-11, 3.69713808179e-11, 1.3178214596e-11, 1.50530820447e-11, 1.93509149676e-11, 1.13380945257e-11, 6.44369019948e-12, 3.46679716184e-12, 9.73908453883e-13, 3.70429733979e-13, 1.38715292508e-13, 5.83458316925e-14, 2.37857524204e-14]}, "melbands_crest": {"dmean": 2.96217918396, "dmean2": 4.70007801056, "dvar": 7.27127313614, "dvar2": 17.5539226532, "max": 34.4572792053, "mean": 12.3347740173, "median": 11.3297691345, "min": 1.51860821247, "var": 27.4018783569}, "melbands_flatness_db": {"dmean": 0.0229412093759, "dmean2": 0.0327597223222, "dvar": 0.000630662427284, "dvar2": 0.00120366085321, "max": 0.516191363335, "mean": 0.193204328418, "median": 0.192124024034, "min": 0.00286258663982, "var": 0.00429886113852}, "melbands_kurtosis": {"dmean": 3.0166656971, "dmean2": 4.71620464325, "dvar": 36.7177238464, "dvar2": 81.8778533936, "max": 158.302963257, "mean": 5.65375900269, "median": 2.68256354332, "min": -1.74600625038, "var": 102.903282166}, "melbands_skewness": {"dmean": 0.497066408396, "dmean2": 0.747535765171, "dvar": 0.28435716033, "dvar2": 0.631202638149, "max": 10.7501268387, "mean": 1.45002126694, "median": 1.27260649204, "min": -1.58983719349, "var": 1.79270803928}, "melbands_spread": {"dmean": 7.16689395905, "dmean2": 11.0522899628, "dvar": 100.638954163, "dvar2": 223.780273438, "max": 171.598266602, "mean": 28.7979869843, "median": 22.7947845459, "min": 0.958259403706, "var": 496.410736084}, "mfcc": {"cov": [[10631.1835938, 357.623626709, -910.587402344, 31.0858535767, -398.881134033, 158.359954834, -241.900177002, 205.631958008, -48.8379173279, -84.128288269, 83.0777664185, 3.91588306427, -241.92477417], [357.623626709, 1797.49951172, -164.423965454, 212.989517212, 104.62915802, -148.603881836, 177.138336182, 4.27804899216, -7.85040903091, 76.7635803223, -46.2370262146, 42.6166534424, 69.7158737183], [-910.587402344, -164.423965454, 750.706054688, 74.6688613892, 47.3541488647, 102.026771545, 17.1808319092, -8.80148601532, 0.656024158001, 39.5345191956, 16.7229709625, -7.12364768982, 54.3160247803], [31.0858535767, 212.989517212, 74.6688613892, 382.16192627, 184.142440796, -15.3315086365, -72.7695770264, -58.2001876831, 0.657994270325, 83.4156646729, -35.554561615, 16.69024086, 53.7870750427], [-398.881134033, 104.62915802, 47.3541488647, 184.142440796, 315.452575684, 30.3455467224, -55.9342041016, -56.2672462463, 23.8028526306, 67.3106384277, -2.19943475723, 14.5528745651, 31.2151355743], [158.359954834, -148.603881836, 102.026771545, -15.3315086365, 30.3455467224, 200.840927124, 34.8424339294, 3.62866020203, -4.01271343231, 6.81436634064, 39.1251068115, -6.66589832306, -22.3062725067], [-241.900177002, 177.138336182, 17.1808319092, -72.7695770264, -55.9342041016, 34.8424339294, 229.27104187, 70.4251937866, 8.65554428101, -31.1531829834, 17.0894870758, 4.15438938141, -16.7743358612], [205.631958008, 4.27804899216, -8.80148601532, -58.2001876831, -56.2672462463, 3.62866020203, 70.4251937866, 185.821640015, 41.0410003662, -39.3291969299, -2.55394673347, -2.19108939171, -11.4275722504], [-48.8379173279, -7.85040903091, 0.656024158001, 0.657994270325, 23.8028526306, -4.01271343231, 8.65554428101, 41.0410003662, 145.956344604, 16.0493793488, 7.63094758987, -7.0143532753, -6.27456331253], [-84.128288269, 76.7635803223, 39.5345191956, 83.4156646729, 67.3106384277, 6.81436634064, -31.1531829834, -39.3291969299, 16.0493793488, 141.553131104, 13.7370767593, -3.92198181152, 8.74731731415], [83.0777664185, -46.2370262146, 16.7229709625, -35.554561615, -2.19943475723, 39.1251068115, 17.0894870758, -2.55394673347, 7.63094758987, 13.7370767593, 122.800254822, 14.2562818527, -32.1216621399], [3.91588306427, 42.6166534424, -7.12364768982, 16.69024086, 14.5528745651, -6.66589832306, 4.15438938141, -2.19108939171, -7.0143532753, -3.92198181152, 14.2562818527, 93.5281600952, 24.8973121643], [-241.92477417, 69.7158737183, 54.3160247803, 53.7870750427, 31.2151355743, -22.3062725067, -16.7743358612, -11.4275722504, -6.27456331253, 8.74731731415, -32.1216621399, 24.8973121643, 116.732566833]], "icov": [[0.000151542350068, -9.40466270549e-05, 0.000179914655746, -0.000181919531315, 0.000328315101797, -0.000369601970306, 0.00040501440526, -0.000239990797127, 2.94730871246e-05, 7.23129414837e-05, -9.59128374234e-05, -5.94859557168e-05, 0.000229088604101], [-9.40466270549e-05, 0.000886102672666, 0.00010122837557, -0.000327261397615, -0.000382136669941, 0.000876258593053, -0.00128661841154, 0.000182467483683, 0.000152322332724, -0.000469546939712, 0.000124474070617, -6.40706566628e-05, -0.000426526094088], [0.000179914655746, 0.00010122837557, 0.00182790705003, -0.000606405723374, 0.000448221748229, -0.00111095712055, 8.22620058898e-05, -0.000290522672003, 6.05578497925e-05, -0.00024030295026, -0.000369289366063, 0.00028440085589, -0.000748488528188], [-0.000181919531315, -0.000327261397615, -0.000606405723374, 0.00476027512923, -0.00232570921071, 0.00055524893105, 0.000517249805853, 0.000394478731323, 0.00019485631492, -0.00136430992279, 0.00116967980284, -0.000375882169465, -0.00073710992001], [0.000328315101797, -0.000382136669941, 0.000448221748229, -0.00232570921071, 0.00568892480806, -0.00201472477056, 0.00150982988998, 0.000253004342085, -0.00100164010655, -0.000430817512097, -0.000360749516403, -0.000545941700693, 0.000102801961475], [-0.000369601970306, 0.000876258593053, -0.00111095712055, 0.00055524893105, -0.00201472477056, 0.00757621787488, -0.00260006659664, 0.000496263615787, 0.000632331415545, -0.000513584644068, -0.00115994270891, 0.000543755304534, 0.000270525109954], [0.00040501440526, -0.00128661841154, 8.22620058898e-05, 0.000517249805853, 0.00150982988998, -0.00260006659664, 0.00771996565163, -0.00237020663917, -0.000101921628811, 0.00104601716157, -0.000636695243884, -0.000510325247888, 0.00115769030526], [-0.000239990797127, 0.000182467483683, -0.000290522672003, 0.000394478731323, 0.000253004342085, 0.000496263615787, -0.00237020663917, 0.00746295647696, -0.00223783450201, 0.00121988274623, 0.000655423791613, -3.70817688236e-05, -0.000259198917774], [2.94730871246e-05, 0.000152322332724, 6.05578497925e-05, 0.00019485631492, -0.00100164010655, 0.000632331415545, -0.000101921628811, -0.00223783450201, 0.0078875394538, -0.00123752525542, -0.000522401125636, 0.000604658969678, 0.000251092656981], [7.23129414837e-05, -0.000469546939712, -0.00024030295026, -0.00136430992279, -0.000430817512097, -0.000513584644068, 0.00104601716157, 0.00121988274623, -0.00123752525542, 0.00935572013259, -0.00162854895461, 0.000988104962744, 3.10699942929e-05], [-9.59128374234e-05, 0.000124474070617, -0.000369289366063, 0.00116967980284, -0.000360749516403, -0.00115994270891, -0.000636695243884, 0.000655423791613, -0.000522401125636, -0.00162854895461, 0.0103468084708, -0.00268119992688, 0.00272022397257], [-5.94859557168e-05, -6.40706566628e-05, 0.00028440085589, -0.000375882169465, -0.000545941700693, 0.000543755304534, -0.000510325247888, -3.70817688236e-05, 0.000604658969678, 0.000988104962744, -0.00268119992688, 0.0123263960704, -0.00327959586866], [0.000229088604101, -0.000426526094088, -0.000748488528188, -0.00073710992001, 0.000102801961475, 0.000270525109954, 0.00115769030526, -0.000259198917774, 0.000251092656981, 3.10699942929e-05, 0.00272022397257, -0.00327959586866, 0.0116083938628]], "mean": [-694.506835938, 136.134124756, -31.1322135925, 24.4425506592, -9.27439785004, -2.78500008583, -4.59949445724, 4.89465856552, -1.52875435352, 4.86530303955, -5.54050111771, -0.808792471886, 1.21365904808]}, "pitch_salience": {"dmean": 0.0645372867584, "dmean2": 0.103234678507, "dvar": 0.00313096516766, "dvar2": 0.00767795694992, "max": 0.951405525208, "mean": 0.583016097546, "median": 0.592054009438, "min": 0.137793585658, "var": 0.0116379074752}, "silence_rate_20dB": {"dmean": 0, "dmean2": 0, "dvar": 0, "dvar2": 0, "max": 1, "mean": 1, "median": 1, "min": 1, "var": 0}, "silence_rate_30dB": {"dmean": 0, "dmean2": 0, "dvar": 0, "dvar2": 0, "max": 1, "mean": 1, "median": 1, "min": 1, "var": 0}, "silence_rate_60dB": {"dmean": 0.0440708175302, "dmean2": 0.0881528630853, "dvar": 0.0421308986843, "dvar2": 0.0895492210984, "max": 1, "mean": 0.164416715503, "median": 0, "min": 0, "var": 0.137387901545}, "spectral_centroid": {"dmean": 237.296936035, "dmean2": 361.998474121, "dvar": 103820.445312, "dvar2": 211947.53125, "max": 11957.6015625, "mean": 1648.05041504, "median": 1421.04052734, "min": 241.644851685, "var": 1892439.375}, "spectral_complexity": {"dmean": 2.90485286713, "dmean2": 4.3926115036, "dvar": 12.2467050552, "dvar2": 23.5996704102, "max": 52, "mean": 15.4305906296, "median": 15, "min": 0, "var": 72.9194946289}, "spectral_contrast_coeffs": {"dmean": [0.046920850873, 0.042459141463, 0.0371287316084, 0.0306690875441, 0.0221211574972, 0.0169293861836], "dmean2": [0.0770115628839, 0.069232173264, 0.0596558190882, 0.0486286431551, 0.0348817408085, 0.0259324796498], "dvar": [0.00140248879325, 0.00125933752861, 0.000972374517005, 0.000670799403451, 0.000366670836229, 0.000242437788984], "dvar2": [0.00377462431788, 0.0032960830722, 0.00242686807178, 0.001564219594, 0.000843428832013, 0.000509719073307], "max": [-0.405592828989, -0.405813008547, -0.435274213552, -0.507098078728, -0.56517213583, -0.624002099037], "mean": [-0.648247361183, -0.73543959856, -0.748719036579, -0.75724029541, -0.768637776375, -0.733766973019], "median": [-0.644396185875, -0.738663136959, -0.761906564236, -0.768801689148, -0.772416174412, -0.725761771202], "min": [-0.996015489101, -0.978048980236, -0.978515505791, -0.971926867962, -0.967682898045, -0.963842570782], "var": [0.00649435352534, 0.00616455730051, 0.00713604176417, 0.00573757616803, 0.00337449391373, 0.00229669013061]}, "spectral_contrast_valleys": {"dmean": [0.427590966225, 0.315792053938, 0.295627504587, 0.272211164236, 0.267828166485, 0.375211983919], "dmean2": [0.670345544815, 0.516690433025, 0.466181963682, 0.411821484566, 0.373417139053, 0.464360803366], "dvar": [0.140608474612, 0.0842863470316, 0.0812938213348, 0.078506052494, 0.0960005000234, 0.208726540208], "dvar2": [0.307038992643, 0.180966615677, 0.158743649721, 0.135751768947, 0.148482784629, 0.323208868504], "max": [-5.61854743958, -5.15416002274, -5.48235368729, -5.68920755386, -5.88098716736, -8.72675800323], "mean": [-8.44230937958, -7.33465337753, -7.8431687355, -8.2991104126, -8.23712730408, -11.7234525681], "median": [-8.05015850067, -6.87734794617, -7.3802280426, -7.88179111481, -7.79469347, -11.3772716522], "min": [-28.2771568298, -28.1292743683, -27.7768135071, -27.7403774261, -27.4847660065, -27.4361000061], "var": [7.27602863312, 7.77030563354, 7.52916622162, 7.15895271301, 7.24478816986, 5.58267307281]}, "spectral_decrease": {"dmean": 1.02393848955e-09, "dmean2": 1.41660461139e-09, "dvar": 1.90579269846e-18, "dvar2": 3.45710252208e-18, "max": 1.76038194156e-28, "mean": -3.97400778951e-09, "median": -2.83600898321e-09, "min": -2.59600785313e-08, "var": 1.39925773158e-17}, "spectral_energy": {"dmean": 0.00418792897835, "dmean2": 0.00576109439135, "dvar": 3.10421819449e-05, "dvar2": 5.52371420781e-05, "max": 0.105140216649, "mean": 0.01652123034, "median": 0.0118042193353, "min": 9.90636590693e-21, "var": 0.00023984046129}, "spectral_energyband_high": {"dmean": 0.000186951438081, "dmean2": 0.000273524434306, "dvar": 1.4767903167e-07, "dvar2": 3.07178964931e-07, "max": 0.00449319509789, "mean": 0.000313292781357, "median": 0.000122250814456, "min": 6.85288926021e-21, "var": 2.65085986939e-07}, "spectral_energyband_low": {"dmean": 0.00129274779465, "dmean2": 0.00190480204765, "dvar": 7.57714406063e-06, "dvar2": 1.60638137459e-05, "max": 0.0462460070848, "mean": 0.00254978728481, "median": 0.000640170183033, "min": 1.33559973047e-23, "var": 2.06536642509e-05}, "spectral_energyband_middle_high": {"dmean": 0.00207390170544, "dmean2": 0.00289609283209, "dvar": 1.22120936794e-05, "dvar2": 2.07783632504e-05, "max": 0.0701544433832, "mean": 0.00719649996608, "median": 0.00333956349641, "min": 1.12839259631e-21, "var": 9.81518533081e-05}, "spectral_energyband_middle_low": {"dmean": 0.00234162411653, "dmean2": 0.00354958907701, "dvar": 1.46603324538e-05, "dvar2": 3.30003094859e-05, "max": 0.0922783836722, "mean": 0.00676332600415, "median": 0.00407264754176, "min": 1.68082529967e-22, "var": 7.42614574847e-05}, "spectral_entropy": {"dmean": 0.150774493814, "dmean2": 0.210142880678, "dvar": 0.025083553046, "dvar2": 0.0449481755495, "max": 9.81931114197, "mean": 7.37392997742, "median": 7.30567312241, "min": 6.16561889648, "var": 0.221268430352}, "spectral_flux": {"dmean": 0.0178607814014, "dmean2": 0.0274880733341, "dvar": 0.000449083250714, "dvar2": 0.00107009534258, "max": 0.294210463762, "mean": 0.0643305405974, "median": 0.0552262365818, "min": 6.39168440397e-11, "var": 0.00180204142816}, "spectral_kurtosis": {"dmean": 2.72819280624, "dmean2": 4.73749923706, "dvar": 7.99833059311, "dvar2": 23.4711418152, "max": 40.9484786987, "mean": 5.18529129028, "median": 4.40825891495, "min": -1.26065051556, "var": 14.9601716995}, "spectral_rms": {"dmean": 0.000497094879393, "dmean2": 0.000663411628921, "dvar": 2.98835203694e-07, "dvar2": 4.72804998708e-07, "max": 0.0101279728115, "mean": 0.00355739612132, "median": 0.00339356902987, "min": 3.10881767378e-12, "var": 3.46316119249e-06}, "spectral_rolloff": {"dmean": 411.481750488, "dmean2": 684.644775391, "dvar": 583430.1875, "dvar2": 1270094.75, "max": 19745.9472656, "mean": 1965.68115234, "median": 1442.72460938, "min": 86.1328125, "var": 6239403}, "spectral_skewness": {"dmean": 0.291802287102, "dmean2": 0.490306705236, "dvar": 0.0739019140601, "dvar2": 0.20028655231, "max": 4.72308731079, "mean": 1.36536824703, "median": 1.33948254585, "min": -0.0984704494476, "var": 0.245966941118}, "spectral_spread": {"dmean": 366593, "dmean2": 535743.5, "dvar": 430879145984, "dvar