{"lowlevel": {"average_loudness": 0.886131703854, "barkbands": {"dmean": [0.00937976595014, 0.0132436426356, 0.00184869871009, 0.00125031906646, 0.00175879884046, 0.00191149115562, 0.00111043977086, 0.000670511741191, 0.000933415489271, 0.000746883102693, 0.000452612061054, 0.000508214929141, 0.000382471975172, 0.000266881776042, 0.000390258559491, 0.000297555292491, 0.000258276268141, 0.000168388098245, 0.000136251808726, 0.000108475338493, 8.00021807663e-05, 0.000100317985925, 0.000217112377868, 6.0660600866e-05, 2.40692952502e-06, 0.000177859241376, 0.00208926782943], "dmean2": [0.0151914656162, 0.0227201934904, 0.00312217185274, 0.0021053510718, 0.00283562019467, 0.00303928181529, 0.00173037638888, 0.0010767133208, 0.00149767578114, 0.00119684054516, 0.000726556754671, 0.000808008480817, 0.000612821313553, 0.000423343997682, 0.000624556618277, 0.000470157800009, 0.000419075717218, 0.000257450330537, 0.000203715710086, 0.000161064599524, 0.000115891984024, 0.000147244980326, 0.000319424027111, 9.3344693596e-05, 3.90936065742e-06, 0.000259596272372, 0.00281650642864], "dvar": [0.000691752997227, 0.00142557814252, 1.36621520141e-05, 5.89835735809e-06, 1.18718280646e-05, 1.84321306733e-05, 1.15264483611e-05, 4.00740100304e-06, 5.40294013263e-06, 3.48383082382e-06, 2.16606895265e-06, 1.53814778514e-06, 8.05371826118e-07, 2.90497922606e-07, 5.10543600285e-07, 3.88280852803e-07, 3.52856744712e-07, 1.15133779843e-07, 7.73008892452e-08, 6.33762766711e-08, 2.88312627106e-08, 3.93364452123e-08, 2.91888653692e-07, 2.65955684142e-08, 2.64285902191e-11, 2.00571136588e-07, 1.08192507469e-05], "dvar2": [0.00165332003962, 0.0038002259098, 3.64581756003e-05, 1.4719264982e-05, 2.85996884486e-05, 4.24377758463e-05, 2.59210974036e-05, 9.64454739005e-06, 1.31823298943e-05, 8.25274582894e-06, 5.10090285388e-06, 3.57389080818e-06, 1.95905749933e-06, 7.11794257313e-07, 1.19214359984e-06, 8.82044218997e-07, 9.01090970729e-07, 2.59380129819e-07, 1.67249226024e-07, 1.39259043408e-07, 6.08991683748e-08, 8.22445258564e-08, 6.31786576832e-07, 6.03052399129e-08, 6.28080087939e-11, 4.19283651354e-07, 1.81799987331e-05], "max": [0.296514451504, 0.440993458033, 0.0680222287774, 0.0544464066625, 0.0787782371044, 0.138161659241, 0.148377686739, 0.0768345594406, 0.0649996101856, 0.0526296570897, 0.0686401948333, 0.0486115403473, 0.036869071424, 0.0179025512189, 0.0181101672351, 0.019447946921, 0.0130913825706, 0.0122571717948, 0.00968475267291, 0.0115377381444, 0.00561785791069, 0.0058190478012, 0.0112518100068, 0.00360090238973, 9.91173365037e-05, 0.011346090585, 0.0669078603387], "mean": [0.00766966631636, 0.0110739730299, 0.0020627102349, 0.00153744185809, 0.00245498470031, 0.00264369347133, 0.00157432316337, 0.000857882085256, 0.0012180180056, 0.000974408059847, 0.000572121993173, 0.000699831289239, 0.000539399683475, 0.000426121405326, 0.000593000964727, 0.000457729765913, 0.000321084720781, 0.000240205117734, 0.000216945409193, 0.000193162617506, 0.000136624687002, 0.000152551350766, 0.000244197814027, 6.24147651251e-05, 2.42933947447e-06, 0.000202450610232, 0.00415944773704], "median": [0.000753123429604, 0.002449081745, 0.000893320946489, 0.000640101672616, 0.000982551602647, 0.00080100633204, 0.00037979579065, 0.000184309406905, 0.00033046718454, 0.000315521872835, 0.000157228962053, 0.000238088774495, 0.000178151312866, 0.000172929416294, 0.000255907187238, 0.000138012212119, 9.49738314375e-05, 6.64533145027e-05, 6.40451762592e-05, 5.36510888196e-05, 3.76682910428e-05, 5.74662772124e-05, 4.30092441093e-05, 8.00500401965e-06, 7.49808464207e-07, 3.32144627464e-05, 0.00183523620944], "min": [3.76820661319e-25, 6.95291115581e-24, 2.18832874729e-24, 1.07504465328e-23, 3.42454048396e-23, 2.48504374899e-23, 4.12283321529e-23, 2.42399475017e-23, 6.41748506926e-23, 1.68653523267e-23, 2.88652535592e-23, 2.48741995581e-23, 6.13074864525e-23, 4.08333368759e-23, 7.84845540105e-23, 7.00628012041e-23, 1.28803933805e-22, 1.02301331279e-22, 1.91618920826e-22, 2.40713117593e-22, 3.60556942045e-22, 4.14150814038e-22, 5.82245486151e-22, 8.19737855063e-22, 9.0134282727e-22, 1.52755146856e-21, 2.42491187355e-21], "var": [0.000596891331952, 0.00100654689595, 1.40499614645e-05, 9.7946385722e-06, 1.83474512596e-05, 3.5787379602e-05, 2.23164079216e-05, 6.57339387544e-06, 8.68969254952e-06, 5.12768565386e-06, 2.92433060167e-06, 2.69896713689e-06, 1.33215712594e-06, 5.59718500881e-07, 9.46096690768e-07, 8.70005123943e-07, 4.02830352186e-07, 2.22284668894e-07, 1.86403994462e-07, 1.86653323908e-07, 8.13841154468e-08, 7.63833583051e-08, 4.010738337e-07, 3.12386561063e-08, 2.72660730799e-11, 2.88734611331e-07, 3.42629755323e-05]}, "barkbands_crest": {"dmean": 3.12600231171, "dmean2": 5.12812757492, "dvar": 7.49660253525, "dvar2": 18.5902004242, "max": 26.3832397461, "mean": 9.88250732422, "median": 9.05698680878, "min": 2.81606459618, "var": 16.0372180939}, "barkbands_flatness_db": {"dmean": 0.0275596696883, "dmean2": 0.042189758271, "dvar": 0.00063093873905, "dvar2": 0.00148365006316, "max": 0.39670163393, "mean": 0.121262334287, "median": 0.114741176367, "min": 0.0335987359285, "var": 0.00193525361829}, "barkbands_kurtosis": {"dmean": 4.63140583038, "dmean2": 7.38133859634, "dvar": 90.4791793823, "dvar2": 215.240753174, "max": 373.476745605, "mean": 4.89883756638, "median": 1.6033115387, "min": -1.93811607361, "var": 140.729171753}, "barkbands_skewness": {"dmean": 0.835573136806, "dmean2": 1.25688254833, "dvar": 0.780749619007, "dvar2": 1.73833107948, "max": 16.9766292572, "mean": 1.70023977757, "median": 1.55392313004, "min": -3.9792330265, "var": 2.37292170525}, "barkbands_spread": {"dmean": 17.9374389648, "dmean2": 27.9340457916, "dvar": 298.646209717, "dvar2": 670.083679199, "max": 156.914489746, "mean": 55.8217849731, "median": 52.759021759, "min": 0.761654853821, "var": 836.957092285}, "dissonance": {"dmean": 0.0187661070377, "dmean2": 0.0313802622259, "dvar": 0.000420492666308, "dvar2": 0.0010934487218, "max": 0.500000119209, "mean": 0.470404446125, "median": 0.478934824467, "min": 0.197012364864, "var": 0.000823597598355}, "dynamic_complexity": 3.83397483826, "erbbands": {"dmean": [0.743231236935, 1.73371434212, 2.12446856499, 3.2727689743, 4.31261825562, 6.41876649857, 11.7648448944, 17.0282497406, 16.2759933472, 14.963470459, 14.6214227676, 20.3439979553, 23.0440692902, 20.2170848846, 19.0665187836, 18.1537647247, 16.7155475616, 13.2598075867, 15.5340013504, 20.4647254944, 14.228302002, 13.8588027954, 10.2801418304, 7.18452501297, 6.72220897675, 5.03920269012, 3.6448943615, 3.05085277557, 4.23199415207, 3.85027360916, 6.7507853508, 3.11836981773, 0.16301651299, 0.029462011531, 0.017828149721, 0.0327233448625, 0.40015950799, 0.407458513975, 0.293685138226, 0.039129152894], "dmean2": [1.28249776363, 2.99929618835, 3.59731912613, 5.44572210312, 7.10885763168, 10.4369859695, 18.8836688995, 27.15974617, 25.2218360901, 23.5950374603, 23.3067951202, 32.5368499756, 36.6666717529, 32.1615219116, 30.0562286377, 28.7658443451, 26.6141223907, 20.9254875183, 24.4935493469, 32.5525283813, 21.9850521088, 22.21118927, 15.8447284698, 10.7210731506, 10.0185422897, 7.42985343933, 5.33110427856, 4.42693376541, 6.35267162323, 5.56482791901, 10.0257940292, 4.68655061722, 0.24754846096, 0.0470108874142, 0.028638580814, 0.0489940270782, 0.585385620594, 0.568297982216, 0.392646849155, 0.0542982853949], "dvar": [4.70145130157, 23.9076957703, 21.5447559357, 37.6748046875, 70.58177948, 197.961654663, 756.636413574, 1768.21142578, 2786.98754883, 1900.35144043, 1720.7265625, 2910.53100586, 3472.86816406, 2743.1887207, 3752.53637695, 1939.09533691, 1588.6895752, 665.678222656, 852.360778809, 1399.34570312, 1002.22949219, 1022.53570557, 416.923492432, 225.31942749, 198.534286499, 129.282821655, 59.5098648071, 43.7216300964, 67.5910949707, 89.2719192505, 283.381622314, 67.9695053101, 0.157789245248, 0.00358738773502, 0.00135869148653, 0.00488275988027, 0.991433441639, 0.611061632633, 0.383751988411, 0.00358006777242], "dvar2": [12.4731054306, 64.660774231, 57.5512466431, 94.3811035156, 172.769546509, 480.18145752, 1789.63513184, 4074.79541016, 6150.86962891, 4478.94677734, 4108.01953125, 7106.82177734, 8338.83886719, 6537.45849609, 8578.40917969, 4506.81738281, 3868.28369141, 1583.29907227, 1988.50378418, 3338.46655273, 2131.53613281, 2596.71337891, 970.876464844, 483.852783203, 439.575286865, 274.654388428, 126.8254776, 91.2858505249, 147.46307373, 190.231536865, 620.522521973, 150.247360229, 0.348079353571, 0.00831939186901, 0.00320098968223, 0.0102975647897, 2.08690810204, 1.16990029812, 0.658093094826, 0.00663234200329], "max": [22.7912998199, 67.6095352173, 90.1637268066, 140.537475586, 191.922973633, 308.731262207, 748.703125, 1379.00866699, 2625.15917969, 1779.33361816, 1405.05236816, 1917.31298828, 2137.01489258, 1666.70544434, 2876.95605469, 2475.54785156, 2056.18115234, 724.652282715, 1088.84008789, 920.180969238, 1199.84301758, 842.569396973, 660.996520996, 587.895568848, 594.861083984, 448.717132568, 236.800994873, 219.050582886, 243.655761719, 275.577789307, 336.062927246, 178.66418457, 8.21647357941, 1.05669820309, 0.739265322685, 1.416441679, 26.0018692017, 17.5421009064, 15.8668718338, 1.3230175972], "mean": [0.590116322041, 1.49431061745, 2.31962418556, 4.23596334457, 5.82377004623, 8.4723739624, 15.9307355881, 22.8799495697, 23.7924823761, 20.6628952026, 19.7165641785, 26.6379890442, 31.1317253113, 28.1801528931, 26.0879459381, 26.6672477722, 24.6398429871, 22.2829532623, 25.5412845612, 31.8571090698, 23.6084861755, 17.9696273804, 14.2578306198, 11.301112175, 11.0447406769, 8.99804401398, 6.35454368591, 5.08692216873, 6.29004478455, 5.10608816147, 7.41940116882, 3.28068852425, 0.17637078464, 0.0318765342236, 0.0190929938108, 0.0383895374835, 0.452454984188, 0.598823785782, 0.507598936558, 0.0814675316215], "median": [0.0929758027196, 0.413327544928, 1.03250789642, 1.9400138855, 2.58812475204, 3.08194708824, 4.89163637161, 6.8347196579, 6.16229963303, 5.00614881516, 4.85267019272, 7.35125112534, 10.3275957108, 9.34037208557, 9.22605991364, 9.4946680069, 8.67160797119, 9.30426216125, 11.9836521149, 12.7780246735, 7.46232700348, 5.7321305275, 4.03926992416, 3.23037004471, 3.33831214905, 2.50081372261, 1.86644363403, 1.375010252, 2.33370184898, 1.32952201366, 1.25631558895, 0.40753698349, 0.0386354252696, 0.0111783025786, 0.00662478851154, 0.0109047973529, 0.0733357965946, 0.18891248107, 0.144894629717, 0.0406068339944], "min": [8.59409619499e-23, 2.04703775593e-21, 3.67140075914e-21, 2.22232379008e-20, 8.05828043639e-20, 5.82765220532e-20, 1.22411137205e-19, 1.37454140427e-19, 4.92065499676e-19, 4.94555106525e-19, 8.65773706309e-19, 1.19220518051e-18, 1.20646401651e-18, 1.18862969231e-18, 1.69308320394e-18, 9.63395339154e-19, 2.55075100554e-18, 4.00116609433e-18, 4.07934582915e-18, 5.24809040973e-18, 4.4395498987e-18, 7.75028777447e-18, 7.30266312189e-18, 8.47905540082e-18, 9.68425920768e-18, 1.18945031752e-17, 1.00152753821e-17, 1.30873861268e-17, 1.24692175115e-17, 2.01227814025e-17, 1.66312983591e-17, 1.76529011572e-17, 1.3103599694e-17, 1.01187134905e-17, 6.59627983009e-18, 4.03543246479e-18, 2.67773501689e-18, 1.32840594844e-18, 3.46901350931e-19, 3.21492598486e-20], "var": [3.30388736725, 16.7308864594, 19.0989322662, 56.516456604, 107.22341156, 285.001525879, 1290.5657959, 3237.80102539, 5906.41796875, 3310.09472656, 2852.42358398, 4430.02099609, 5361.19335938, 4158.90478516, 5238.4609375, 3811.83447266, 2627.578125, 1349.74963379, 1695.72363281, 2632.02783203, 2605.4284668, 1168.28149414, 741.112487793, 515.00402832, 498.711151123, 387.057617188, 168.031570435, 118.23135376, 118.632202148, 141.870620728, 377.858825684, 84.5850067139, 0.195955201983, 0.00395707134157, 0.00145762227476, 0.00694249756634, 1.40129125118, 1.21901905537, 1.01604235172, 0.0111472420394]}, "erbbands_crest": {"dmean": 2.86002969742, "dmean2": 4.72334527969, "dvar": 7.88944387436, "dvar2": 19.4050121307, "max": 31.0413761139, "mean": 8.08225917816, "median": 6.89285802841, "min": 2.1738653183, "var": 17.2522125244}, "erbbands_flatness_db": {"dmean": 0.0225315950811, "dmean2": 0.0329099111259, "dvar": 0.000420475786086, "dvar2": 0.000832352263387, "max": 0.409203112125, "mean": 0.118246011436, "median": 0.111134402454, "min": 0.0326929241419, "var": 0.00170780334156}, "erbbands_kurtosis": {"dmean": 1.19281601906, "dmean2": 1.9156690836, "dvar": 3.20575046539, "dvar2": 7.64728927612, "max": 58.7784767151, "mean": 0.70517373085, "median": 0.0811333656311, "min": -1.77001285553, "var": 5.98177051544}, "erbbands_skewness": {"dmean": 0.44969689846, "dmean2": 0.695008516312, "dvar": 0.176956176758, "dvar2": 0.414482414722, "max": 6.27177906036, "mean": 0.208996266127, "median": 0.145783394575, "min": -3.27983999252, "var": 0.605539917946}, "erbbands_spread": {"dmean": 11.4400053024, "dmean2": 17.3767204285, "dvar": 132.446044922, "dvar2": 296.648651123, "max": 143.759780884, "mean": 40.4850616455, "median": 37.3152236938, "min": 1.45428800583, "var": 402.291015625}, "gfcc": {"cov": [[6490.09130859, -119.793746948, -232.73890686, -322.68560791, -248.43460083, -20.726480484, -6.91511869431, 27.2804832458, 103.179748535, 29.3675346375, 79.2493438721, 41.8095703125, 6.28082942963], [-119.793746948, 1170.11523438, 18.8569774628, -355.901153564, 26.1494998932, -66.1499786377, -64.1202316284, -0.161736905575, -68.0495758057, 40.8625144958, 16.1089725494, -162.256195068, 178.613861084], [-232.73890686, 18.8569774628, 434.365081787, 248.217712402, -63.5717124939, 137.287384033, -44.1637649536, 64.1205673218, -11.2445859909, 34.7443237305, -14.3731632233, 26.3537635803, -45.2768058777], [-322.68560791, -355.901153564, 248.217712402, 460.992370605, 124.870788574, 71.4248886108, 59.442615509, 19.1951770782, 29.8504199982, 3.3844139576, -8.62390327454, 67.8050537109, -89.7429275513], [-248.43460083, 26.1494998932, -63.5717124939, 124.870788574, 282.807800293, 17.0279560089, 64.2489547729, -16.0411529541, 11.6705675125, -20.3399467468, 14.0064306259, -10.0275154114, 21.9934692383], [-20.726480484, -66.1499786377, 137.287384033, 71.4248886108, 17.0279560089, 245.211975098, 9.62115001678, 68.1418762207, -15.0400133133, 11.6682949066, 0.790361702442, 20.4376049042, -18.59856987], [-6.91511869431, -64.1202316284, -44.1637649536, 59.442615509, 64.2489547729, 9.62115001678, 187.628356934, 15.4189214706, 46.7835540771, -18.6811313629, -9.45195770264, 24.3245601654, -27.4555091858], [27.2804832458, -0.161736905575, 64.1205673218, 19.1951770782, -16.0411529541, 68.1418762207, 15.4189214706, 169.727706909, 31.7082023621, 33.0584373474, 7.3194360733, -19.28673172, 25.9895324707], [103.179748535, -68.0495758057, -11.2445859909, 29.8504199982, 11.6705675125, -15.0400133133, 46.7835540771, 31.7082023621, 143.287658691, 28.5853443146, 7.09520673752, 40.3391647339, -39.3299255371], [29.3675346375, 40.8625144958, 34.7443237305, 3.3844139576, -20.3399467468, 11.6682949066, -18.6811313629, 33.0584373474, 28.5853443146, 100.402191162, 41.9714775085, -9.85998535156, 25.7215480804], [79.2493438721, 16.1089725494, -14.3731632233, -8.62390327454, 14.0064306259, 0.790361702442, -9.45195770264, 7.3194360733, 7.09520673752, 41.9714775085, 73.010307312, 26.1999912262, 22.1863384247], [41.8095703125, -162.256195068, 26.3537635803, 67.8050537109, -10.0275154114, 20.4376049042, 24.3245601654, -19.28673172, 40.3391647339, -9.85998535156, 26.1999912262, 115.314163208, -25.358663559], [6.28082942963, 178.613861084, -45.2768058777, -89.7429275513, 21.9934692383, -18.59856987, -27.4555091858, 25.9895324707, -39.3299255371, 25.7215480804, 22.1863384247, -25.358663559, 124.897712708]], "icov": [[0.000172871557879, 3.48949397448e-05, 7.61313349358e-05, 2.54789647443e-05, 0.000224377508857, -0.00010208945605, -2.32650945691e-05, 6.0991897044e-05, -0.000239049913944, 0.000195728440303, -0.000343141291523, 0.000161539355759, -0.000107041218143], [3.48949397448e-05, 0.00288778031245, -0.00397921726108, 0.00421774946153, -0.00241733598523, 0.00128820445389, -0.00109809043352, 0.00107697513886, -0.000628895359114, 0.000264905247604, -0.00118127895985, 0.00254254881293, -0.00191795721184], [7.61313349358e-05, -0.00397921726108, 0.0116298142821, -0.0101477028802, 0.00667456537485, -0.00442693103105, 0.00307794706896, -0.00162772939075, 0.000418807641836, -0.000573325844016, 0.00192699756008, -0.00223346496932, 0.00124620646238], [2.54789647443e-05, 0.00421774946153, -0.0101477028802, 0.0138837359846, -0.00929731503129, 0.00445448607206, -0.00255467160605, -0.000685842183884, 0.00259801419452, -0.00387583929114, 0.00199393881485, -0.00213186326437, 0.00297513883561], [0.000224377508857, -0.00241733598523, 0.00667456537485, -0.00929731503129, 0.0114114750177, -0.00445944117382, -7.88999313954e-05, 0.00251848110929, -0.00440283492208, 0.0060581038706, -0.00527026737109, 0.00489378673956, -0.00473428610712], [-0.00010208945605, 0.00128820445389, -0.00442693103105, 0.00445448607206, -0.00445944117382, 0.00774987274781, -0.000914046540856, -0.00331738498062, 0.0038916952908, -0.0031001418829, 0.00216199015267, -0.00334167387336, 0.00298885907978], [-2.32650945691e-05, -0.00109809043352, 0.00307794706896, -0.00255467160605, -7.88999313954e-05, -0.000914046540856, 0.00761169334874, -0.00164253322873, -0.00110088847578, 0.000437213631812, 0.00190162740182, -0.00213480344974, 0.00153656559996], [6.0991897044e-05, 0.00107697513886, -0.00162772939075, -0.000685842183884, 0.00251848110929, -0.00331738498062, -0.00164253322873, 0.0108482958749, -0.00613997736946, 0.00301767908968, -0.00416773511097, 0.00714996224269, -0.0065449164249], [-0.000239049913944, -0.000628895359114, 0.000418807641836, 0.00259801419452, -0.00440283492208, 0.0038916952908, -0.00110088847578, -0.00613997736946, 0.0159893669188, -0.0104990201071, 0.00757068628445, -0.0105124963447, 0.00903837848455], [0.000195728440303, 0.000264905247604, -0.000573325844016, -0.00387583929114, 0.0060581038706, -0.0031001418829, 0.000437213631812, 0.00301767908968, -0.0104990201071, 0.0241182222962, -0.0168182905763, 0.0119304396212, -0.00830488465726], [-0.000343141291523, -0.00118127895985, 0.00192699756008, 0.00199393881485, -0.00527026737109, 0.00216199015267, 0.00190162740182, -0.00416773511097, 0.00757068628445, -0.0168182905763, 0.0297680404037, -0.0150892762467, 0.00386913819239], [0.000161539355759, 0.00254254881293, -0.00223346496932, -0.00213186326437, 0.00489378673956, -0.00334167387336, -0.00213480344974, 0.00714996224269, -0.0105124963447, 0.0119304396212, -0.0150892762467, 0.0230495743454, -0.00770913809538], [-0.000107041218143, -0.00191795721184, 0.00124620646238, 0.00297513883561, -0.00473428610712, 0.00298885907978, 0.00153656559996, -0.0065449164249, 0.00903837848455, -0.00830488465726, 0.00386913819239, -0.00770913809538, 0.0186266358942]], "mean": [7.36868476868, 64.6237335205, -80.2573928833, -1.8914296627, -10.7069826126, -21.7901821136, 6.23220729828, -30.0125026703, 10.8678750992, -14.5008916855, -6.03963899612, 4.71663331985, -14.0410528183]}, "hfc": {"dmean": 67.0364456177, "dmean2": 92.485786438, "dvar": 7109.15771484, "dvar2": 13139.1591797, "max": 1620.22766113, "mean": 180.48248291, "median": 123.126548767, "min": 1.16308026281e-16, "var": 31891.0234375}, "melbands": {"dmean": [0.0054827821441, 0.00142019765917, 0.000572820019443, 0.000354168267222, 0.000385756371543, 0.000374400289729, 0.000239704197156, 0.000158265218488, 0.000122821700643, 0.000134409667226, 0.000118393181765, 8.70087533258e-05, 6.31284565316e-05, 6.25406973995e-05, 4.08534506278e-05, 3.76290481654e-05, 2.45230712608e-05, 2.46177496592e-05, 3.24760185322e-05, 2.40572644543e-05, 1.60141207743e-05, 1.42123572004e-05, 1.4034000742e-05, 7.50637855162e-06, 5.93683762418e-06, 5.50474806005e-06, 4.44192437499e-06, 3.42206499226e-06, 2.5346359962e-06, 1.94710014512e-06, 1.78631489689e-06, 2.55208487943e-06, 1.78724428679e-06, 2.44459124588e-06, 4.0511285988e-06, 3.68816472474e-06, 1.19506034935e-06, 3.78729865247e-08, 2.47675941978e-08, 2.1841684017e-08], "dmean2": [0.00930646341294, 0.00240802392364, 0.000946448824834, 0.000576388847549, 0.00061639782507, 0.000594548007939, 0.000371100701159, 0.000250914483331, 0.00019666251319, 0.000215732041397, 0.000188689067727, 0.000139462252264, 0.000100361219666, 0.000100187608041, 6.54165633023e-05, 6.05723325862e-05, 3.90011082345e-05, 3.91673129343e-05, 5.21465299244e-05, 3.84722552553e-05, 2.49311760854e-05, 2.29130819207e-05, 2.27749696933e-05, 1.1549217561e-05, 9.06232799025e-06, 8.38484629639e-06, 6.76047147863e-06, 5.17558055435e-06, 3.8207963371e-06, 2.92218987852e-06, 2.63789888777e-06, 3.88132912121e-06, 2.65188396043e-06, 3.59866839972e-06, 6.06829235039e-06, 5.55524320589e-06, 1.84643397461e-06, 6.14748145722e-08, 4.03487732115e-08, 3.55340397107e-08], "dvar": [0.000242689609877, 1.1536682905e-05, 1.02834098925e-06, 4.91819662329e-07, 7.19596641829e-07, 7.87427609339e-07, 5.50163690605e-07, 2.05760557037e-07, 1.08297321333e-07, 1.27143138684e-07, 9.06658570443e-08, 5.18457206056e-08, 4.17204546466e-08, 2.56931667053e-08, 1.05458068944e-08, 7.6164274887e-09, 2.43515874132e-09, 2.46345788213e-09, 3.81453268972e-09, 2.30418506497e-09, 1.45150069741e-09, 1.07402853278e-09, 1.07383790748e-09, 2.82845552535e-10, 1.77269685042e-10, 1.38405065186e-10, 1.17194837168e-10, 6.57109783253e-11, 3.09614764382e-11, 1.87451720812e-11, 1.57569807896e-11, 2.49983783673e-11, 1.49540293343e-11, 3.98047914074e-11, 9.97720933649e-11, 9.63387217223e-11, 1.13444089192e-11, 6.6508374803e-15, 2.91340539746e-15, 2.22033699376e-15], "dvar2": [0.000631755508948, 3.04860404867e-05, 2.56874136539e-06, 1.20569382034e-06, 1.69780639681e-06, 1.80682820883e-06, 1.22470066799e-06, 4.87343299937e-07, 2.59488729171e-07, 3.10233843948e-07, 2.17690697468e-07, 1.22771709243e-07, 9.57916697075e-08, 6.11909882764e-08, 2.51586769195e-08, 1.86691142545e-08, 5.84329251652e-09, 5.96405103082e-09, 9.07215458312e-09, 5.58367618808e-09, 3.07114045306e-09, 2.66106758851e-09, 2.77474110355e-09, 6.56292020729e-10, 3.96910559974e-10, 3.1816035917e-10, 2.77911249569e-10, 1.44583900408e-10, 6.99436064622e-11, 4.35611269278e-11, 3.36349073593e-11, 5.57306319149e-11, 3.29916233222e-11, 8.72684910447e-11, 2.20667151218e-10, 2.15487586108e-10, 2.59466770985e-11, 1.55122683226e-14, 6.91740594858e-15, 5.27813927412e-15], "max": [0.165749385953, 0.0534058511257, 0.0201606396586, 0.0161534249783, 0.0193048287183, 0.0305912550539, 0.0346197001636, 0.0162297729403, 0.00949111022055, 0.0123576102778, 0.0103080747649, 0.00769327394664, 0.0110176540911, 0.00617881864309, 0.00334106455557, 0.00324551016092, 0.00148713693488, 0.00173260900192, 0.00177355774213, 0.00127697864082, 0.00151470897254, 0.00107503274921, 0.000664841732942, 0.000951151887421, 0.000525375828147, 0.000401127006626, 0.000557136896532, 0.000348090397893, 0.000154017063323, 0.000136651273351, 0.000120704688015, 0.000136205751915, 0.000175667664735, 0.000155051442562, 0.000234262173763, 0.000236335399677, 7.94092848082e-05, 1.46280706304e-06, 9.39466701766e-07, 8.73188014339e-07], "mean": [0.00454817479476, 0.00146423035767, 0.000789963349234, 0.000489021884277, 0.000531218713149, 0.000516311556567, 0.000351338734617, 0.000214451400097, 0.000160370531376, 0.000173192369402, 0.00015687852283, 0.000117174735351, 8.29113487271e-05, 8.44641836011e-05, 5.59444379178e-05, 5.38850581506e-05, 3.90735476685e-05, 3.80419296562e-05, 4.84356605739e-05, 3.55890188075e-05, 2.54318438238e-05, 1.81919949682e-05, 1.6162486645e-05, 1.08482527139e-05, 8.82266249391e-06, 8.36071831145e-06, 7.19842182662e-06, 5.73696615902e-06, 4.17479759562e-06, 3.11727649205e-06, 2.77674257632e-06, 3.69315694115e-06, 2.57274086835e-06, 3.01528984892e-06, 4.4335538405e-06, 3.88751504943e-06, 1.19608466775e-06, 3.7530021757e-08, 2.44484184009e-08, 2.18029061472e-08], "median": [0.000843546178658, 0.000612859032117, 0.000391745823435, 0.000207552540815, 0.000173154214281, 0.000157438480528, 9.1187619546e-05, 4.98545086884e-05, 3.81378849852e-05, 4.64100594399e-05, 5.04367853864e-05, 3.68462933693e-05, 2.65328599198e-05, 2.77643739537e-05, 1.83466618182e-05, 1.83259107871e-05, 1.54147710418e-05, 1.63388904184e-05, 2.04132484214e-05, 1.17016479635e-05, 7.18041064829e-06, 5.4197244026e-06, 4.36086247646e-06, 2.85748137685e-06, 2.34467302107e-06, 2.54156702795e-06, 1.92168272406e-06, 1.54350902903e-06, 1.20855008845e-06, 8.02006979939e-07, 6.59935210479e-07, 1.31976867124e-06, 9.46941497659e-07, 6.40347423086e-07, 7.89868408901e-07, 4.98527526815e-07, 1.24524518696e-07, 1.06225943597e-08, 7.1573795779e-09, 6.56572662905e-09], "min": [1.37734640735e-24, 2.59073241429e-24, 5.05306824992e-24, 6.24691456666e-24, 5.37656511879e-24, 3.55978926621e-24, 8.40295819533e-24, 4.59974459757e-24, 7.70314233137e-24, 6.38944003856e-24, 5.84392181778e-24, 2.9819610777e-24, 4.50010278777e-24, 3.79750066709e-24, 2.01621310284e-24, 6.1702790963e-24, 6.04515984027e-24, 6.06360893027e-24, 5.10394425628e-24, 3.80537862652e-24, 5.31578969693e-24, 7.60869201518e-24, 6.97993674157e-24, 5.14512831756e-24, 6.18087192053e-24, 6.49162119161e-24, 6.75184707715e-24, 7.65373281743e-24, 5.39366210119e-24, 8.12649242476e-24, 7.29842592141e-24, 6.31572256469e-24, 9.30899176624e-24, 1.08372306987e-23, 8.92517070395e-24, 7.86885913059e-24, 1.16496540903e-23, 9.21616019264e-24, 7.779055994e-24, 7.81874200842e-24], "var": [0.000178764486918, 9.28697863856e-06, 1.65711662703e-06, 7.06973196429e-07, 1.22834239846e-06, 1.52290965616e-06, 1.1596425793e-06, 3.61549467698e-07, 1.79242874765e-07, 1.95874434894e-07, 1.38943590855e-07, 7.72090018586e-08, 5.77416479075e-08, 4.20065866535e-08, 1.71810050631e-08, 1.29127135651e-08, 4.70835770372e-09, 4.56318449693e-09, 6.75227962432e-09, 4.36239933066e-09, 3.65128083324e-09, 1.33204092201e-09, 1.09197206832e-09, 5.50812839784e-10, 3.62972318868e-10, 2.84955337104e-10, 2.76420469847e-10, 1.69911570924e-10, 7.49470832617e-11, 4.61451953038e-11, 3.864458753e-11, 4.20051146643e-11, 2.51500608534e-11, 5.76588464474e-11, 1.31505542567e-10, 1.18608470268e-10, 1.29587573311e-11, 6.9304328918e-15, 2.95961146825e-15, 2.27152319476e-15]}, "melbands_crest": {"dmean": 5.23855257034, "dmean2": 8.42105770111, "dvar": 23.2786617279, "dvar2": 51.9651756287, "max": 39.244884491, "mean": 15.8245620728, "median": 14.4096679688, "min": 2.0495326519, "var": 49.9932556152}, "melbands_flatness_db": {"dmean": 0.0388703681529, "dmean2": 0.05914747715, "dvar": 0.00115304812789, "dvar2": 0.00265006395057, "max": 0.515967845917, "mean": 0.219337671995, "median": 0.217118248343, "min": 0.00457975827157, "var": 0.0041625155136}, "melbands_kurtosis": {"dmean": 14.6578321457, "dmean2": 23.848482132, "dvar": 1128.85852051, "dvar2": 2884.73339844, "max": 1332.32019043, "mean": 18.5374317169, "median": 7.7274980545, "min": -1.83921194077, "var": 1325.75390625}, "melbands_skewness": {"dmean": 1.2463132143, "dmean2": 1.92504382133, "dvar": 2.35100793839, "dvar2": 5.49453210831, "max": 32.8163909912, "mean": 2.97129654884, "median": 2.43917512894, "min": -1.66792619228, "var": 5.26114082336}, "melbands_spread": {"dmean": 10.0449104309, "dmean2": 15.6374425888, "dvar": 167.724807739, "dvar2": 377.273956299, "max": 235.424942017, "mean": 24.0213470459, "median": 18.1803874969, "min": 0.346225589514, "var": 463.555389404}, "mfcc": {"cov": [[6210.328125, 97.3475341797, -372.375488281, -156.28175354, -404.260467529, 18.5949668884, -250.223739624, 89.344909668, -188.434036255, 303.134460449, -240.111450195, 135.584762573, 48.2634658813], [97.3475341797, 1148.3079834, -52.9606437683, -286.104187012, 0.476425111294, -175.619918823, 66.589515686, -240.492767334, 103.899848938, -78.4546508789, 1.7115483284, -70.039642334, 18.7039299011], [-372.375488281, -52.9606437683, 541.729797363, 45.7377510071, 60.66796875, 31.6044750214, 5.64193677902, 33.776802063, -14.95038414, 43.4206161499, 21.2767124176, 9.3986158371, -21.8026409149], [-156.28175354, -286.104187012, 45.7377510071, 391.390350342, 49.3737754822, 105.629249573, -8.39782142639, 83.3855819702, -21.8137893677, 35.0919075012, 14.6715478897, 24.9319000244, -6.0113825798], [-404.260467529, 0.476425111294, 60.66796875, 49.3737754822, 253.824737549, 25.9081821442, 80.0295715332, -19.8653297424, 44.6071128845, -37.2316932678, 35.2782783508, -0.156371548772, 8.63970756531], [18.5949668884, -175.619918823, 31.6044750214, 105.629249573, 25.9081821442, 218.235305786, 3.1394033432, 106.796890259, -55.312828064, 38.6175689697, -15.9137601852, 19.187664032, -0.269857645035], [-250.223739624, 66.589515686, 5.64193677902, -8.39782142639, 80.0295715332, 3.1394033432, 196.168548584, -24.0209350586, 69.4565582275, -29.8905601501, 2.18110442162, -7.36514759064, 7.09338665009], [89.344909668, -240.492767334, 33.776802063, 83.3855819702, -19.8653297424, 106.796890259, -24.0209350586, 229.712890625, -14.0586137772, 52.8319473267, 6.80985212326, 28.9588565826, -9.77562427521], [-188.434036255, 103.899848938, -14.95038414, -21.8137893677, 44.6071128845, -55.312828064, 69.4565582275, -14.0586137772, 143.482452393, -0.564568221569, 44.684135437, -10.4221639633, 4.02799367905], [303.134460449, -78.4546508789, 43.4206161499, 35.0919075012, -37.2316932678, 38.6175689697, -29.8905601501, 52.8319473267, -0.564568221569, 155.343414307, -8.02461910248, 43.9101638794, -9.86219024658], [-240.111450195, 1.7115483284, 21.2767124176, 14.6715478897, 35.2782783508, -15.9137601852, 2.18110442162, 6.80985212326, 44.684135437, -8.02461910248, 122.794692993, 2.33063268661, 11.8589439392], [135.584762573, -70.039642334, 9.3986158371, 24.9319000244, -0.156371548772, 19.187664032, -7.36514759064, 28.9588565826, -10.4221639633, 43.9101638794, 2.33063268661, 94.4111557007, 19.6031112671], [48.2634658813, 18.7039299011, -21.8026409149, -6.0113825798, 8.63970756531, -0.269857645035, 7.09338665009, -9.77562427521, 4.02799367905, -9.86219024658, 11.8589439392, 19.6031112671, 63.7958755493]], "icov": [[0.000231325422646, -6.76396884955e-05, 0.000153328030137, 5.51890079805e-05, 0.000136386152008, 7.02005563653e-05, 0.000112743065984, -0.000106115170638, 0.000193318686797, -0.000432568107499, 0.000321386120049, -0.000119093281683, -0.000246765819611], [-6.76396884955e-05, 0.00139296671841, -0.000101442026789, 0.000660731457174, 7.65223812778e-05, -2.08327674045e-05, -5.72776443732e-05, 0.00109729170799, -0.000876295671333, 0.000200177702936, 4.81356437376e-05, 0.000487879704451, -0.000238163745962], [0.000153328030137, -0.000101442026789, 0.00215173955075, -2.8863116313e-05, -0.000546165392734, 0.000197345390916, -0.000120525866805, -0.000306073052343, 0.000841227476485, -0.0010254032677, -0.000290782394586, 8.8806509666e-06, 0.000527389405761], [5.51890079805e-05, 0.000660731457174, -2.8863116313e-05, 0.00346999894828, -0.000528051517904, -0.00108179077506, 0.000233821789152, -4.43947828899e-06, -0.000181810828508, -0.000315950368531, -0.000272642064374, -0.000169246559381, 0.000187221856322], [0.000136386152008, 7.65223812778e-05, -0.000546165392734, -0.000528051517904, 0.00554423499852, -0.00126528157853, -0.00135259400122, 0.000969784974586, -0.00127505755518, 0.00125432829373, -0.000786811229773, -0.000751857936848, -0.000167524034623], [7.02005563653e-05, -2.08327674045e-05, 0.000197345390916, -0.00108179077506, -0.00126528157853, 0.00802993774414, -0.00151095166802, -0.00321700982749, 0.00381676247343, -0.00171205936931, 0.000425771577284, 0.000806312076747, -0.00103368377313], [0.000112743065984, -5.72776443732e-05, -0.000120525866805, 0.000233821789152, -0.00135259400122, -0.00151095166802, 0.00756145827472, 0.000668097112793, -0.00415352638811, 0.0012283292599, 0.00187398819253, -0.00056309287902, -0.000372437934857], [-0.000106115170638, 0.00109729170799, -0.000306073052343, -4.43947828899e-06, 0.000969784974586, -0.00321700982749, 0.000668097112793, 0.00733958091587, -0.0020017796196, -0.000218323853915, -0.000653396942653, -0.000864670611918, 0.00103878008667], [0.000193318686797, -0.000876295671333, 0.000841227476485, -0.000181810828508, -0.00127505755518, 0.00381676247343, -0.00415352638811, -0.0020017796196, 0.0128094311804, -0.00296996883117, -0.00353841949254, 0.00150353868958, -0.000347213732312], [-0.000432568107499, 0.000200177702936, -0.0010254032677, -0.000315950368531, 0.00125432829373, -0.00171205936931, 0.0012283292599, -0.000218323853915, -0.00296996883117, 0.010094717145, 0.000353503681254, -0.00407776003703, 0.00247656553984], [0.000321386120049, 4.81356437376e-05, -0.000290782394586, -0.000272642064374, -0.000786811229773, 0.000425771577284, 0.00187398819253, -0.000653396942653, -0.00353841949254, 0.000353503681254, 0.0106654670089, -0.000437479204265, -0.00215255375952], [-0.000119093281683, 0.000487879704451, 8.8806509666e-06, -0.000169246559381, -0.000751857936848, 0.000806312076747, -0.00056309287902, -0.000864670611918, 0.00150353868958, -0.00407776003703, -0.000437479204265, 0.014354118146, -0.00508521078154], [-0.000246765819611, -0.000238163745962, 0.000527389405761, 0.000187221856322, -0.000167524034623, -0.00103368377313, -0.000372437934857, 0.00103878008667, -0.000347213732312, 0.00247656553984, -0.00215255375952, -0.00508521078154, 0.0187157746404]], "mean": [-666.979187012, 139.700469971, -14.4740190506, 35.9616394043, -6.28451633453, 27.626455307, -13.8344306946, 17.3419208527, -8.33306694031, 10.5963478088, -5.40444469452, 0.501146256924, 1.68721926212]}, "pitch_salience": {"dmean": 0.0956316366792, "dmean2": 0.153317913413, "dvar": 0.00803819205612, "dvar2": 0.0189726948738, "max": 0.923448562622, "mean": 0.570842683315, "median": 0.59434568882, "min": 0.0652704238892, "var": 0.016051992774}, "silence_rate_20dB": {"dmean": 0.000813248567283, "dmean2": 0.00162655720487, "dvar": 0.000812347221654, "dvar2": 0.00243636942469, "max": 1, "mean": 0.999593377113, "median": 1, "min": 0, "var": 0.000406369537814}, "silence_rate_30dB": {"dmean": 0.0917492210865, "dmean2": 0.183505237103, "dvar": 0.08332452178, "dvar2": 0.15864597261, "max": 1, "mean": 0.897460520267, "median": 1, "min": 0, "var": 0.0920135304332}, "silence_rate_60dB": {"dmean": 0.030977377668, "dmean2": 0.0619570426643, "dvar": 0.030014898628, "dvar2": 0.0669865012169, "max": 1, "mean": 0.0650205165148, "median": 0, "min": 0, "var": 0.0608018450439}, "spectral_centroid": {"dmean": 342.429443359, "dmean2": 506.520141602, "dvar": 123050.625, "dvar2": 252276.53125, "max": 11665.4433594, "mean": 1357.20874023, "median": 1187.90722656, "min": 156.653045654, "var": 517950.71875}, "spectral_complexity": {"dmean": 4.7913646698, "dmean2": 6.69890213013, "dvar": 27.3252944946, "dvar2": 43.0422554016, "max": 64, "mean": 18.3160095215, "median": 17, "min": 0, "var": 157.775756836}, "spectral_contrast_coeffs": {"dmean": [0.059370379895, 0.0551662370563, 0.0416435562074, 0.0302389673889, 0.0241765826941, 0.0552080906928], "dmean2": [0.0968989878893, 0.0896469652653, 0.0681415125728, 0.0494003035128, 0.0389444716275, 0.0843923762441], "dvar": [0.00221015908755, 0.00205722660758, 0.00113137613516, 0.000597256061155, 0.000482021423522, 0.00195956672542], "dvar2": [0.00577437272295, 0.0051951338537, 0.00293298461474, 0.00151693786029, 0.00116558861919, 0.00456508528441], "max": [-0.315361320972, -0.352405905724, -0.511787176132, -0.596499145031, -0.574269711971, -0.407470732927], "mean": [-0.693503260612, -0.760272860527, -0.80048930645, -0.80972802639, -0.812510490417, -0.67892563343], "median": [-0.700858831406, -0.769782483578, -0.807294666767, -0.814409613609, -0.816705584526, -0.679926991463], "min": [-0.972388327122, -0.969401597977, -0.972371101379, -0.96536141634, -0.962871730328, -0.961390554905], "var": [0.00702323392034, 0.00594238052145, 0.00353688187897, 0.00189187959768, 0.00133251736406, 0.00634212046862]}, "spectral_contrast_valleys": {"dmean": [0.494218736887, 0.441787034273, 0.404235869646, 0.375859320164, 0.374192237854, 0.653189241886], "dmean2": [0.772428691387, 0.679423809052, 0.600467443466, 0.549753308296, 0.515611350536, 0.995504021645], "dvar": [0.188449412584, 0.153641790152, 0.134790688753, 0.13865621388, 0.130090996623, 0.288945496082], "dvar2": [0.393135726452, 0.324332475662, 0.261822670698, 0.273930191994, 0.244325220585, 0.703023970127], "max": [-4.47415018082, -4.43454027176, -4.92147397995, -5.42434024811, -5.31830739975, -8.78420639038], "mean": [-7.06964349747, -6.73281335831, -7.12799692154, -7.41459178925, -7.62473535538, -11.3107538223], "median": [-6.95307779312, -6.5933599472, -6.97221517563, -7.29272508621, -7.60136032104, -11.2448272705], "min": [-27.8733043671, -27.7450714111, -27.6742477417, -27.3905982971, -27.4275436401, -27.2831840515], "var": [0.910657584667, 0.952574729919, 0.879106283188, 0.775816679001, 0.757606446743, 0.903606653214]}, "spectral_decrease": {"dmean": 6.86704693109e-09, "dmean2": 1.10142943655e-08, "dvar": 2.53342657615e-16, "dvar2": 6.20347713509e-16, "max": 9.51922185521e-09, "mean": -7.6237203217e-09, "median": -2.90914936585e-09, "min": -1.66052529949e-07, "var": 2.27217673362e-16}, "spectral_energy": {"dmean": 0.0293926652521, "dmean2": 0.0455955080688, "dvar": 0.00393750425428, "dvar2": 0.00940879900008, "max": 0.674028217793, "mean": 0.0451440773904, "median": 0.0256790816784, "min": 1.07881501334e-20, "var": 0.00410453509539}, "spectral_energyband_high": {"dmean": 0.0023857569322, "dmean2": 0.00320347817615, "dvar": 1.51391468535e-05, "dvar2": 2.56362200162e-05, "max": 0.0725330784917, "mean": 0.00435471255332, "median": 0.00170266395435, "min": 7.63024920452e-21, "var": 4.4029631681e-05}, "spectral_energyband_low": {"dmean": 0.020826516673, "dmean2": 0.0345256067812, "dvar": 0.00301855965517, "dvar2": 0.00763385230675, "max": 0.574957489967, "mean": 0.0194345191121, "median": 0.00547763938084, "min": 3.69531982958e-23, "var": 0.00240239105187}, "spectral_energyband_middle_high": {"dmean": 0.00232312805019, "dmean2": 0.00333971320651, "dvar": 1.25241749629e-05, "dvar2": 2.59506578004e-05, "max": 0.0849091038108, "mean": 0.00499508343637, "median": 0.00258822157048, "min": 1.4770014637e-21, "var": 3.88979024137e-05}, "spectral_energyband_middle_low": {"dmean": 0.00523458933458, "dmean2": 0.00800332520157, "dvar": 5.97235994064e-05, "dvar2": 0.000137009876198, "max": 0.164581730962, "mean": 0.0105599248782, "median": 0.00554608320817, "min": 2.26464775032e-22, "var": 0.000167633683304}, "spectral_entropy": {"dmean": 0.206939846277, "dmean2": 0.29305678606, "dvar": 0.0373738445342, "dvar2": 0.0737966746092, "max": 9.79887104034, "mean": 7.68197011948, "median": 7.72937870026, "min": 4.69497680664, "var": 0.148078605533}, "spectral_flux": {"dmean": 0.0480402559042, "dmean2": 0.0760706812143, "dvar": 0.00485895806924, "dvar2": 0.0107077527791, "max": 0.735994040966, "mean": 0.128119498491, "median": 0.10515011847, "min": 6.81266917879e-11, "var": 0.00884390994906}, "spectral_kurtosis": {"dmean": 4.10404062271, "dmean2": 5.91870975494, "dvar": 19.6699409485, "dvar2": 40.6720275879, "max": 102.124824524, "mean": 15.9216470718, "median": 14.5452804565, "min": -1.26681983471, "var": 58.3237838745}, "spectral_rms": {"dmean": 0.0016999138752, "dmean2": 0.00243463227525, "dvar": 6.242895779e-06, "dvar2": 1.26719542095e-05, "max": 0.0256434883922, "mean": 0.00564431818202, "median": 0.00500527350232, "min": 3.24422953779e-12, "var": 1.2184528714e-05}, "spectral_rolloff": {"dmean": 4372.82666016, "dmean2": 8026.84716797, "dvar": 47835040, "dvar2": 100208832, "max": 21985.4003906, "mean": 14750.953125, "median": 19466.015625, "min": 21.533203125, "var": 72903248}, "spectral_skewness": {"dmean": 0.386208027601, "dmean2": 0.549452006817, "dvar": 0.140676617622, "dvar2": 0.275596678257, "max": 8.10268115997, "mean": 2.84045672417, "median": 2.75451564789, "min": -0.0344399139285, "var": 0.517062604427}, "spectral_spread": {"dmean": 672112.3125, "dmean2": 959252, "dvar": 421759844352, "dvar2": 791939448832, "max": 44248940, "mean": 5329708, "median": 5227729.5, "min": 1568858.625, "var": 1536591790080.0}, "spectral_strongpeak": {