{"lowlevel": {"average_loudness": 0.922995448112, "barkbands": {"dmean": [0.00484712375328, 0.009720957838, 0.00530332699418, 0.00251543032937, 0.00404492253438, 0.00161080691032, 0.000731478095986, 0.000471711740829, 0.00047162224655, 0.000416800030507, 0.000147793020005, 0.000391827314161, 0.000114600472443, 0.000142713208334, 0.000138628194691, 7.48966485844e-05, 4.22866323788e-05, 3.47606583091e-05, 4.04528836953e-05, 3.9392070903e-05, 4.65131015517e-05, 3.95194729208e-05, 3.39596554113e-05, 5.57803832635e-05, 1.16577330118e-05, 9.19794038055e-05, 0.000289268034976], "dmean2": [0.00850042700768, 0.0161514598876, 0.00880244746804, 0.00407280167565, 0.00635243300349, 0.00248870626092, 0.00112523767166, 0.000756652210839, 0.000747534330003, 0.000667125801556, 0.000239565721131, 0.000630458584055, 0.000184748016181, 0.000230672085308, 0.00021607078088, 0.000118584670417, 6.39690697426e-05, 5.06406831846e-05, 5.81565363973e-05, 5.58273823117e-05, 6.64187537041e-05, 5.74069563299e-05, 5.08943921886e-05, 8.62407541717e-05, 1.86931538337e-05, 0.000140559393913, 0.000404547638027], "dvar": [4.19553834945e-05, 0.000161077099619, 7.15806017979e-05, 1.50390605995e-05, 6.16858451394e-05, 1.64114590007e-05, 2.0858865355e-06, 1.39269548072e-06, 1.42896863053e-06, 5.69195663047e-07, 6.65934436483e-08, 1.8627905547e-06, 5.35154214276e-08, 1.53884982979e-07, 1.22756659948e-07, 3.40322579007e-08, 9.69988001032e-09, 1.06742659156e-08, 1.94133438214e-08, 1.50527394993e-08, 1.99785876731e-08, 1.1905344266e-08, 1.03424913078e-08, 3.45029960158e-08, 1.10330855563e-09, 9.14080686698e-08, 3.83102218393e-07], "dvar2": [0.000112418398203, 0.000411184562836, 0.000175739245606, 3.67442371498e-05, 0.000143589320942, 3.93802620238e-05, 4.59389548269e-06, 3.19406240123e-06, 3.41794657288e-06, 1.3256441207e-06, 1.69912325987e-07, 5.5442287703e-06, 1.37972349989e-07, 4.2114541543e-07, 2.90272680559e-07, 8.45342285061e-08, 2.1344961354e-08, 2.2142735645e-08, 3.43355281984e-08, 2.33668462357e-08, 3.68961288189e-08, 2.43004603107e-08, 2.18423945597e-08, 7.65644045941e-08, 2.51530729578e-09, 1.99772458132e-07, 7.37685979857e-07], "max": [0.114211805165, 0.187371730804, 0.182363778353, 0.0845625922084, 0.175983935595, 0.105530068278, 0.0441269762814, 0.0557642281055, 0.0324794910848, 0.0261793639511, 0.00510490499437, 0.0304822437465, 0.00403428031132, 0.0109242498875, 0.00883046258241, 0.00817101635039, 0.00306729972363, 0.00532479025424, 0.00598253961653, 0.00707574607804, 0.00744651025161, 0.00267005153, 0.0014202655293, 0.00218793610111, 0.000451160100056, 0.00309711997397, 0.0149939516559], "mean": [0.00523597514257, 0.0136903515086, 0.00708677247167, 0.00355544220656, 0.00685351248831, 0.0024555826094, 0.00129563454539, 0.000706727965735, 0.000719321134966, 0.000639849866275, 0.000209615958738, 0.000582367239986, 0.000148221472045, 0.000198547117179, 0.000214215178858, 0.000118554940855, 6.10221541137e-05, 4.51677951787e-05, 5.10447607667e-05, 5.01787399116e-05, 5.36701591045e-05, 4.23968485848e-05, 3.30951588694e-05, 4.89162011945e-05, 1.08336307676e-05, 8.3164566604e-05, 0.000436051137513], "median": [0.00289733149111, 0.0083817653358, 0.00335168349557, 0.00188918143976, 0.00307012256235, 0.000710258609615, 0.000529065029696, 0.000241219851887, 0.000212389306398, 0.000227659067605, 0.000101474215626, 0.000114133385068, 5.78650870011e-05, 6.86476996634e-05, 7.18535738997e-05, 4.1935731133e-05, 2.40837689489e-05, 1.29136187752e-05, 1.16668634291e-05, 1.21270368254e-05, 1.10840537673e-05, 7.27250335331e-06, 4.18583795181e-06, 3.861152436e-06, 2.15040063267e-06, 7.17586499377e-06, 0.000139017342008], "min": [3.11423415828e-23, 1.82568398546e-23, 1.30152267486e-23, 1.27840526381e-23, 2.79754657897e-23, 9.24108898611e-23, 6.21513341183e-23, 4.36145606605e-23, 3.63505085642e-23, 1.466405585e-22, 1.48674052587e-22, 5.37417297698e-23, 1.80126429127e-22, 1.81966658603e-22, 1.39059188682e-22, 8.81219351609e-23, 2.19790961287e-22, 1.15203100897e-22, 3.03938716181e-22, 1.99914834541e-22, 4.70467909606e-22, 5.19606850564e-22, 5.82875514647e-22, 9.59594134047e-22, 1.10128991044e-21, 1.95497695623e-21, 2.69075653448e-21], "var": [4.48338214483e-05, 0.000266670918791, 0.000131336579216, 2.41939360421e-05, 0.000129296138766, 3.08699600282e-05, 5.43754822502e-06, 2.46720674113e-06, 2.76404375654e-06, 1.14614363156e-06, 1.02946863478e-07, 3.49389756593e-06, 7.18565189572e-08, 1.93083067757e-07, 2.07026786825e-07, 6.09629040582e-08, 1.53797756752e-08, 1.76093237769e-08, 4.13037817282e-08, 3.79873519307e-08, 3.76324464924e-08, 1.59704409697e-08, 1.14812230834e-08, 3.36071366291e-08, 1.06038855474e-09, 9.19556981671e-08, 6.9036673267e-07]}, "barkbands_crest": {"dmean": 3.08503222466, "dmean2": 5.1473274231, "dvar": 6.59825134277, "dvar2": 18.1919574738, "max": 26.9401473999, "mean": 11.6601171494, "median": 10.8758945465, "min": 3.37026643753, "var": 20.4657363892}, "barkbands_flatness_db": {"dmean": 0.0348654538393, "dmean2": 0.0537398010492, "dvar": 0.000858257059008, "dvar2": 0.00196358561516, "max": 0.779474556446, "mean": 0.192774236202, "median": 0.185025170445, "min": 0.026153145358, "var": 0.00641858531162}, "barkbands_kurtosis": {"dmean": 49.7381744385, "dmean2": 71.8527984619, "dvar": 229304.09375, "dvar2": 517778.71875, "max": 41195, "mean": 300.710418701, "median": 17.9832572937, "min": -1.65523350239, "var": 7378557}, "barkbands_skewness": {"dmean": 1.11318957806, "dmean2": 1.74103879929, "dvar": 2.80287957191, "dvar2": 5.65534448624, "max": 170.90473938, "mean": 5.31386327744, "median": 3.38615226746, "min": -1.78579378128, "var": 210.290161133}, "barkbands_spread": {"dmean": 6.24158620834, "dmean2": 9.32808494568, "dvar": 93.6635894775, "dvar2": 176.666793823, "max": 109.887763977, "mean": 13.6890153885, "median": 9.39272117615, "min": 0.00848828721792, "var": 197.871231079}, "dissonance": {"dmean": 0.0242243632674, "dmean2": 0.040398620069, "dvar": 0.000542743073311, "dvar2": 0.00148842902854, "max": 0.500000119209, "mean": 0.455718815327, "median": 0.463536739349, "min": 0.261790454388, "var": 0.00104679947253}, "dynamic_complexity": 3.60658240318, "erbbands": {"dmean": [0.344806611538, 2.13760256767, 5.62620449066, 7.21765756607, 14.6229639053, 10.8171710968, 12.2872476578, 12.9482822418, 11.625541687, 10.6326389313, 11.1029701233, 11.345117569, 10.9386453629, 11.3639202118, 7.85215377808, 15.2798290253, 5.33521699905, 7.08668994904, 7.35925006866, 5.47439050674, 3.50260663033, 2.23960566521, 1.93184280396, 2.02402973175, 1.91510772705, 1.92211389542, 2.04464626312, 1.68615651131, 1.43683421612, 1.13038885593, 0.957774162292, 1.13707232475, 0.884279489517, 0.23859359324, 0.0512407794595, 0.256158381701, 0.199969083071, 0.0805110558867, 0.027949301526, 0.0071702725254], "dmean2": [0.579168438911, 3.5537610054, 9.33648109436, 11.5555210114, 23.4106140137, 17.08852005, 19.1225471497, 20.1913108826, 18.1276664734, 16.7145557404, 17.6790504456, 17.8445167542, 18.0222263336, 17.9898319244, 12.8535366058, 24.0695285797, 8.53033256531, 11.3796463013, 11.5875482559, 8.47383403778, 5.47728300095, 3.32665252686, 2.81644797325, 2.96025586128, 2.72972941399, 2.73041772842, 2.92735075951, 2.42404413223, 2.0875647068, 1.66409361362, 1.44229137897, 1.77026844025, 1.3764513731, 0.377967864275, 0.081532664597, 0.401204824448, 0.307073354721, 0.115850612521, 0.0385652109981, 0.0102668432519], "dvar": [0.216572925448, 8.43906784058, 80.396446228, 113.517097473, 891.934082031, 550.157470703, 1319.50732422, 1081.2298584, 661.477294922, 701.947692871, 661.160705566, 926.50378418, 550.505249023, 448.893096924, 524.947692871, 2207.63427734, 95.9598388672, 329.525268555, 444.888366699, 171.738891602, 71.5606842041, 25.2500362396, 26.565032959, 56.2069892883, 43.1281394958, 33.5847015381, 36.2279396057, 29.9410705566, 15.4825696945, 10.7578697205, 8.49427032471, 14.3111400604, 9.02597427368, 0.578331172466, 0.012930563651, 0.770494222641, 0.438802808523, 0.0574526004493, 0.00618831627071, 0.000149034502101], "dvar2": [0.575768649578, 21.6325111389, 201.753479004, 273.077514648, 2202.09350586, 1307.34814453, 2968.19604492, 2607.47998047, 1552.67041016, 1409.10986328, 1635.32800293, 2181.56323242, 1292.49987793, 1094.57250977, 1657.58251953, 5735.39697266, 242.281112671, 886.869567871, 1134.78063965, 408.538818359, 167.583251953, 53.0778427124, 57.0689086914, 108.502464294, 80.2498779297, 54.9869384766, 66.3772125244, 55.6625595093, 31.6211891174, 22.4177436829, 18.1321678162, 31.5511054993, 20.4227485657, 1.29822599888, 0.0285409204662, 1.72681450844, 0.967164814472, 0.119915015996, 0.0113723967224, 0.000321142404573], "max": [5.64611387253, 45.1484031677, 171.434616089, 205.731887817, 636.84161377, 662.401489258, 1426.00744629, 712.800476074, 674.033691406, 994.476135254, 582.708129883, 747.49407959, 1014.11932373, 476.720397949, 564.674926758, 940.784912109, 139.61907959, 564.00769043, 616.149902344, 446.280517578, 294.739013672, 159.763031006, 239.324783325, 379.155151367, 294.043670654, 323.178222656, 269.984527588, 321.020751953, 106.967926025, 96.7967529297, 39.1647109985, 47.3304443359, 41.058757782, 9.6794462204, 1.55002248287, 9.64296722412, 7.00365400314, 3.28336596489, 3.00943231583, 0.212883114815], "mean": [0.436398178339, 2.95640587807, 7.82068252563, 11.2692832947, 22.2921581268, 17.6287097931, 17.9365615845, 19.636095047, 18.9470367432, 19.1457920074, 17.0366077423, 17.2698993683, 16.8923683167, 18.4484138489, 12.3911895752, 23.2096710205, 7.71214485168, 10.2946996689, 11.3366003036, 9.02604389191, 5.73734140396, 3.38723134995, 2.58542275429, 2.59396696091, 2.43851876259, 2.39357709885, 2.39183211327, 1.93426370621, 1.5570833683, 1.16084122658, 0.923014581203, 1.01410794258, 0.767681241035, 0.215270936489, 0.0504244565964, 0.224873706698, 0.17875418067, 0.0821864232421, 0.0344418622553, 0.01681670174], "median": [0.246506124735, 1.69984972477, 3.98613071442, 6.33844566345, 9.73437690735, 7.96910762787, 6.1312417984, 5.53251171112, 6.33939838409, 7.30887794495, 5.6893286705, 5.13343191147, 6.19842720032, 7.55815982819, 5.05724906921, 4.7501449585, 3.27648639679, 3.59979629517, 3.76765680313, 3.34951257706, 2.00238990784, 1.39085507393, 0.817564070225, 0.605800032616, 0.586949706078, 0.553625822067, 0.529836177826, 0.369522571564, 0.277886390686, 0.177211418748, 0.112129122019, 0.0826944410801, 0.0620656087995, 0.0293963514268, 0.0135371349752, 0.0190838314593, 0.0142331048846, 0.0104605071247, 0.0075144385919, 0.00913428328931], "min": [8.6769156091e-22, 3.57332088762e-21, 1.27842007672e-20, 3.57828639468e-20, 7.29854283186e-20, 9.28455695369e-20, 2.50102245807e-19, 8.74671222869e-19, 1.07284177735e-18, 9.21162082017e-19, 6.59327106401e-19, 1.08048420243e-18, 2.06897764893e-18, 6.82015171338e-18, 4.51911309309e-18, 3.15177444156e-18, 7.78583089821e-18, 9.56146755446e-18, 8.65260202924e-18, 6.39247948436e-18, 5.941304159e-18, 1.14355262959e-17, 6.89296387321e-18, 1.06489710048e-17, 1.46086763253e-17, 1.01475192282e-17, 1.30453322645e-17, 2.03721945552e-17, 1.56835727159e-17, 1.76666108486e-17, 1.63681870955e-17, 1.73668041987e-17, 1.82092016258e-17, 1.07432869654e-17, 8.78694029662e-18, 6.49968994996e-18, 3.94287674451e-18, 1.46647304263e-18, 3.79837330628e-19, 3.66150948847e-20], "var": [0.304134398699, 13.72930336, 134.32862854, 220.218826294, 1643.94836426, 956.241088867, 2085.53955078, 2030.71887207, 1308.51879883, 2133.36962891, 1204.37817383, 1695.55822754, 1022.8057251, 914.075866699, 978.374267578, 4637.97167969, 137.862747192, 467.958587646, 627.751831055, 321.131439209, 134.473678589, 43.3533287048, 43.4340934753, 106.831207275, 91.3414840698, 80.0452880859, 67.4068832397, 55.751159668, 21.0375423431, 12.9529819489, 9.18375587463, 14.0914983749, 8.53176879883, 0.554639160633, 0.013944754377, 0.733814060688, 0.435553967953, 0.0681433528662, 0.0106445057318, 0.000409745465731]}, "erbbands_crest": {"dmean": 2.93536758423, "dmean2": 4.7303147316, "dvar": 6.97510242462, "dvar2": 16.7480773926, "max": 32.7249488831, "mean": 9.23230361938, "median": 8.17430496216, "min": 1.71942591667, "var": 21.7431869507}, "erbbands_flatness_db": {"dmean": 0.0237007010728, "dmean2": 0.0341113843024, "dvar": 0.000406568520702, "dvar2": 0.000806432683021, "max": 0.302035868168, "mean": 0.127055048943, "median": 0.125909864902, "min": 0.0193071719259, "var": 0.00209308927879}, "erbbands_kurtosis": {"dmean": 1.24475359917, "dmean2": 1.93167710304, "dvar": 3.95877361298, "dvar2": 7.30989408493, "max": 91.6631393433, "mean": 1.18181145191, "median": 0.409952402115, "min": -1.70637845993, "var": 14.6330909729}, "erbbands_skewness": {"dmean": 0.413647413254, "dmean2": 0.62816464901, "dvar": 0.12985560298, "dvar2": 0.289670318365, "max": 6.81410980225, "mean": 0.69081813097, "median": 0.642433345318, "min": -2.53482174873, "var": 0.581951916218}, "erbbands_spread": {"dmean": 9.02555847168, "dmean2": 13.2031135559, "dvar": 93.5329055786, "dvar2": 173.747970581, "max": 198.661056519, "mean": 36.5243530273, "median": 31.120092392, "min": 1.65896105766, "var": 498.943969727}, "gfcc": {"cov": [[13989.6708984, 800.541687012, -951.988708496, -363.332672119, -150.306838989, -500.977416992, -106.552612305, -498.576293945, -206.995330811, -251.091064453, -239.71673584, -140.682174683, -179.333450317], [800.541687012, 1122.00305176, -64.3598327637, -387.781524658, 31.4671726227, -115.117103577, -5.48134374619, -120.211921692, 31.8985500336, -52.2504844666, -10.2135477066, -98.5699539185, 117.582191467], [-951.988708496, -64.3598327637, 257.924255371, 142.247650146, -7.32333040237, 64.1624526978, 4.94719982147, 70.8219223022, -15.1889200211, 14.8082113266, 14.7892217636, 14.9760475159, -14.2509050369], [-363.332672119, -387.781524658, 142.247650146, 376.245513916, 69.5380477905, 43.0040931702, 31.765630722, 63.0587806702, -31.0782356262, 12.124335289, -11.0408115387, 25.1901187897, -75.3359222412], [-150.306838989, 31.4671726227, -7.32333040237, 69.5380477905, 156.42565918, 42.7564430237, 50.3584327698, -16.7509689331, 10.8592996597, -12.7888946533, -1.77464413643, -10.8825016022, 9.30157279968], [-500.977416992, -115.117103577, 64.1624526978, 43.0040931702, 42.7564430237, 147.610198975, 39.2522621155, 47.4391975403, -18.3779449463, -0.438852638006, 6.3274269104, 17.1302108765, 7.01011419296], [-106.552612305, -5.48134374619, 4.94719982147, 31.765630722, 50.3584327698, 39.2522621155, 128.374755859, 36.1208992004, 15.8003606796, -16.9715538025, 3.53479957581, 9.1404876709, -5.23987960815], [-498.576293945, -120.211921692, 70.8219223022, 63.0587806702, -16.7509689331, 47.4391975403, 36.1208992004, 116.623519897, 32.5446281433, 18.794506073, 8.82045555115, 11.5941524506, -7.69423437119], [-206.995330811, 31.8985500336, -15.1889200211, -31.0782356262, 10.8592996597, -18.3779449463, 15.8003606796, 32.5446281433, 91.1098632812, 45.1258811951, 16.230342865, -2.50012898445, 7.88841819763], [-251.091064453, -52.2504844666, 14.8082113266, 12.124335289, -12.7888946533, -0.438852638006, -16.9715538025, 18.794506073, 45.1258811951, 73.6994400024, 40.3913345337, 9.34553813934, -6.22266674042], [-239.71673584, -10.2135477066, 14.7892217636, -11.0408115387, -1.77464413643, 6.3274269104, 3.53479957581, 8.82045555115, 16.230342865, 40.3913345337, 68.4120941162, 29.0674533844, 3.79179930687], [-140.682174683, -98.5699539185, 14.9760475159, 25.1901187897, -10.8825016022, 17.1302108765, 9.1404876709, 11.5941524506, -2.50012898445, 9.34553813934, 29.0674533844, 58.1963806152, 15.0302524567], [-179.333450317, 117.582191467, -14.2509050369, -75.3359222412, 9.30157279968, 7.01011419296, -5.23987960815, -7.69423437119, 7.88841819763, -6.22266674042, 3.79179930687, 15.0302524567, 80.1538162231]], "icov": [[0.000141332537169, -0.000243567919824, 0.000612710718997, -0.000245704111876, 0.000253808510024, 3.72776094082e-06, 2.80072417809e-05, 0.000133581808768, 0.000204755808227, 2.10695143323e-05, 0.000365614367183, -0.000434379617218, 0.00058203417575], [-0.000243567919824, 0.00321026705205, -0.00315480073914, 0.0031256522052, -0.00191608839668, 0.00235143722966, -0.00123198423535, 0.000971674511675, -0.000283106521238, 0.00104384112637, -0.001989987446, 0.00499618705362, -0.00358179956675], [0.000612710718997, -0.00315480073914, 0.0109015945345, -0.00679769460112, 0.00517407711595, -0.00453570997342, 0.00185643229634, -0.00143674807623, -0.000105639228423, 0.00174563925248, -0.00166865659412, -0.0013455619337, 0.00180482619908], [-0.000245704111876, 0.0031256522052, -0.00679769460112, 0.0136150047183, -0.011794869788, 0.00768367527053, -0.00122186983936, -0.00637449044734, 0.00997015740722, -0.00994579866529, 0.00904396083206, -0.00635323720053, 0.00546822929755], [0.000253808510024, -0.00191608839668, 0.00517407711595, -0.011794869788, 0.0203743968159, -0.0104575911537, -0.0025180852972, 0.0113986972719, -0.0136297661811, 0.0126852039248, -0.0106241395697, 0.0105040837079, -0.00644840719178], [3.72776094082e-06, 0.00235143722966, -0.00453570997342, 0.00768367527053, -0.0104575911537, 0.0165804754943, -0.00296815880574, -0.00832937750965, 0.0126592740417, -0.00969712715596, 0.006435490679, -0.00404197536409, 0.000198947032914], [2.80072417809e-05, -0.00123198423535, 0.00185643229634, -0.00122186983936, -0.0025180852972, -0.00296815880574, 0.0130953341722, -0.00393007183447, -0.00458223232999, 0.00770669337362, -0.00263384543359, -0.00399200059474, 0.00400462653488], [0.000133581808768, 0.000971674511675, -0.00143674807623, -0.00637449044734, 0.0113986972719, -0.00832937750965, -0.00393007183447, 0.0229747574776, -0.0159794166684, 0.00982991605997, -0.0070387236774, 0.00823576841503, -0.00489471992478], [0.000204755808227, -0.000283106521238, -0.000105639228423, 0.00997015740722, -0.0136297661811, 0.0126592740417, -0.00458223232999, -0.0159794166684, 0.0372794903815, -0.0304300431162, 0.0158337317407, -0.00904172286391, 0.00378170097247], [2.10695143323e-05, 0.00104384112637, 0.00174563925248, -0.00994579866529, 0.0126852039248, -0.00969712715596, 0.00770669337362, 0.00982991605997, -0.0304300431162, 0.0503346323967, -0.0307318847626, 0.0147528350353, -0.00410841777921], [0.000365614367183, -0.001989987446, -0.00166865659412, 0.00904396083206, -0.0106241395697, 0.006435490679, -0.00263384543359, -0.0070387236774, 0.0158337317407, -0.0307318847626, 0.0426468327641, -0.0265044607222, 0.0107715576887], [-0.000434379617218, 0.00499618705362, -0.0013455619337, -0.00635323720053, 0.0105040837079, -0.00404197536409, -0.00399200059474, 0.00823576841503, -0.00904172286391, 0.0147528350353, -0.0265044607222, 0.0455013737082, -0.0200907960534], [0.00058203417575, -0.00358179956675, 0.00180482619908, 0.00546822929755, -0.00644840719178, 0.000198947032914, 0.00400462653488, -0.00489471992478, 0.00378170097247, -0.00410841777921, 0.0107715576887, -0.0200907960534, 0.0275825429708]], "mean": [-28.5004119873, 100.832527161, -51.2014465332, 0.570230066776, -17.1757144928, -2.64131379128, -9.46974849701, -12.1863918304, -5.70522212982, -5.9946103096, -10.1655054092, -6.50892686844, -4.02570343018]}, "hfc": {"dmean": 62.8287277222, "dmean2": 96.7552871704, "dvar": 5127.40332031, "dvar2": 12062.7578125, "max": 1184.18640137, "mean": 199.868011475, "median": 167.668823242, "min": 1.24752243316e-16, "var": 21503.0742188}, "melbands": {"dmean": [0.00292460783385, 0.00279219588265, 0.00137635471765, 0.000975543051027, 0.00040671901661, 0.000295552250464, 0.000168776954524, 0.000109568645712, 9.05941124074e-05, 6.98265939718e-05, 5.50893455511e-05, 4.90561833431e-05, 2.23104943871e-05, 4.87987381348e-05, 1.89916408999e-05, 1.23874151541e-05, 1.37885726872e-05, 1.22161281979e-05, 9.60546003625e-06, 6.39117115497e-06, 3.90719333154e-06, 2.48906235356e-06, 1.93558753381e-06, 1.67876044088e-06, 1.70236853592e-06, 1.54297651989e-06, 1.30629075556e-06, 1.27792088733e-06, 1.29788861614e-06, 1.15098202969e-06, 9.62607828114e-07, 8.72630153026e-07, 6.63807895762e-07, 6.09226731285e-07, 5.33959848781e-07, 6.17855391738e-07, 7.24289236587e-07, 6.65045547521e-07, 4.66379646014e-07, 1.05841579057e-07], "dmean2": [0.00485949404538, 0.00462218886241, 0.00220283516683, 0.00153916282579, 0.000634827942122, 0.000457871938124, 0.000262972316705, 0.000172266634763, 0.000145135534694, 0.000110855457024, 9.08540678211e-05, 7.77130699134e-05, 3.62472746929e-05, 7.92991850176e-05, 2.92486929538e-05, 2.00087833946e-05, 2.23618462769e-05, 1.95124121092e-05, 1.49486722876e-05, 1.01646210169e-05, 6.15717999608e-06, 3.78744039153e-06, 2.89798572339e-06, 2.48554829341e-06, 2.54540418609e-06, 2.26340057452e-06, 1.90933883459e-06, 1.83699523859e-06, 1.88497779163e-06, 1.68909457443e-06, 1.40613133226e-06, 1.28785143261e-06, 9.75276066129e-07, 9.07200160327e-07, 8.05966976714e-07, 9.63429897638e-07, 1.12828035981e-06, 1.03286060948e-06, 7.37108280191e-07, 1.69522508031e-07], "dvar": [1.39545500133e-05, 1.67474026966e-05, 4.07633433497e-06, 3.80396318178e-06, 1.10022767785e-06, 5.25580162503e-07, 1.30561474521e-07, 7.28740445766e-08, 4.24458583836e-08, 3.32068808007e-08, 1.390644222e-08, 8.73593286599e-09, 2.07070049996e-09, 3.40979333657e-08, 2.23410867584e-09, 7.29278915035e-10, 1.28962018842e-09, 1.39674072308e-09, 5.2272802753e-10, 2.50327147899e-10, 9.17873069217e-11, 3.35985336775e-11, 2.13620041795e-11, 2.78338931764e-11, 4.56066781562e-11, 3.08503118884e-11, 1.94239398871e-11, 1.75797154611e-11, 1.61989727188e-11, 1.27629512861e-11, 1.22317208445e-11, 5.87100507099e-12, 3.3626226803e-12, 3.40564403935e-12, 2.62889710001e-12, 4.27052664065e-12, 5.92079250211e-12, 5.16175166845e-12, 2.62066800552e-12, 9.2899260062e-14], "dvar2": [3.59846453648e-05, 4.2458439566e-05, 1.01416462712e-05, 8.88626163942e-06, 2.44046486841e-06, 1.26319093852e-06, 3.05640384113e-07, 1.47922321503e-07, 1.05816290841e-07, 7.88785641248e-08, 3.26951266061e-08, 2.13273310123e-08, 5.95309135321e-09, 1.05251096727e-07, 4.89973484008e-09, 1.8856345374e-09, 3.46647111016e-09, 3.6453642327e-09, 1.26335308881e-09, 6.1262889206e-10, 2.17131673752e-10, 7.36301505877e-11, 4.82137385571e-11, 5.80477749201e-11, 9.3842024429e-11, 5.85319362423e-11, 3.76677092295e-11, 2.97355438883e-11, 2.89081571181e-11, 2.53617474244e-11, 2.48877429082e-11, 1.229104752e-11, 6.98734646531e-12, 7.34115372658e-12, 5.69165417921e-12, 9.48088222513e-12, 1.32040905987e-11, 1.17623610504e-11, 5.98576266678e-12, 2.11769404096e-13], "max": [0.0511662662029, 0.0626825988293, 0.0334001965821, 0.0447294265032, 0.0392204150558, 0.0152000114322, 0.00924006290734, 0.0108317062259, 0.00434280093759, 0.00476799998432, 0.00508978962898, 0.00211348291487, 0.000858207000419, 0.00437652273104, 0.00119637243915, 0.000511651684064, 0.00109566817991, 0.00118498853408, 0.000587009824812, 0.000767463468947, 0.000355822121492, 0.000180686372914, 0.000125633538119, 0.000276457401924, 0.00032638743869, 0.000249827367952, 0.000231007739785, 0.000265131035121, 0.000209008081583, 0.000165890334756, 0.000207814853638, 5.21965230291e-05, 4.53984685009e-05, 5.58548053959e-05, 2.38428110606e-05, 3.17163430736e-05, 3.17920821544e-05, 2.95185800496e-05, 2.39512919507e-05, 3.90703644371e-06], "mean": [0.00418756855652, 0.00415570754558, 0.00226303003728, 0.00158003612887, 0.000617400044575, 0.000457857880974, 0.000283075059997, 0.00019226517179, 0.000135695838253, 0.000104410457425, 8.29931595945e-05, 7.71959821577e-05, 3.37192941515e-05, 7.04678604961e-05, 2.9011775041e-05, 1.60883264471e-05, 1.90695027413e-05, 1.78102127393e-05, 1.48379731399e-05, 9.92739296635e-06, 5.9170147324e-06, 3.61863340004e-06, 2.55136092164e-06, 2.1434223072e-06, 2.08976484828e-06, 1.9022198785e-06, 1.6386624111e-06, 1.54752251547e-06, 1.51751521571e-06, 1.29766169721e-06, 1.07393316284e-06, 9.32444947921e-07, 6.98101359831e-07, 6.11765017311e-07, 5.16130739925e-07, 5.64421725358e-07, 6.34752609585e-07, 5.73109787183e-07, 4.04873929938e-07, 9.85804220477e-08], "median": [0.00266783358529, 0.00243363156915, 0.00134857895318, 0.000693369423971, 0.000226866337471, 0.000130621134304, 0.000102562975371, 7.16637005098e-05, 4.22119046561e-05, 3.01246618619e-05, 2.97503393085e-05, 2.87864986603e-05, 1.52031516336e-05, 1.3410961401e-05, 8.90999217518e-06, 5.78317849431e-06, 6.31025341136e-06, 5.64113270229e-06, 5.34445280209e-06, 3.57733551937e-06, 1.95743405129e-06, 1.44680689118e-06, 8.83385041561e-07, 5.81360723118e-07, 4.56898987977e-07, 4.35794504483e-07, 3.94317311248e-07, 3.43404792602e-07, 3.42037481005e-07, 2.649649673e-07, 1.89041102772e-07, 1.60024924867e-07, 1.21314613466e-07, 8.65376463821e-08, 6.55782130821e-08, 5.36784057203e-08, 4.93303389248e-08, 4.42130811962e-08, 3.69451242932e-08, 1.94158022992e-08], "min": [8.12264672785e-24, 5.46975601854e-24, 6.39945541661e-24, 7.04034455424e-24, 7.28672001444e-24, 1.94555534432e-23, 1.58968914592e-23, 1.02358197106e-23, 4.81644744924e-24, 6.74589591048e-24, 1.02032989198e-23, 2.73460273626e-23, 1.9919638736e-23, 3.88409511194e-24, 1.74478203978e-23, 1.45943716641e-23, 1.88123888363e-23, 1.38408280616e-23, 9.75086746914e-24, 7.48968603674e-24, 7.40201834663e-24, 1.15473049099e-23, 1.0284568948e-23, 4.13331599343e-24, 9.09207000567e-24, 1.09847516323e-23, 9.63910717811e-24, 5.85651598214e-24, 6.92484506253e-24, 1.11236440053e-23, 1.22046177371e-23, 7.59923988382e-24, 1.23133432802e-23, 8.43124832511e-24, 7.45528696811e-24, 1.26958548334e-23, 9.8936307826e-24, 1.3542709637e-23, 1.06619615828e-23, 8.75365498821e-24], "var": [2.29460893024e-05, 2.78440074908e-05, 7.53649101171e-06, 7.43663440517e-06, 1.93064670384e-06, 1.02754950149e-06, 2.67026194933e-07, 2.03768337315e-07, 7.9001353015e-08, 6.06562835515e-08, 2.5308791507e-08, 1.74489240834e-08, 3.96702715122e-09, 5.94255169517e-08, 5.26641397158e-09, 1.01375885464e-09, 1.74361525218e-09, 1.76838621524e-09, 8.7256946113e-10, 4.50401632657e-10, 1.56984439337e-10, 5.35205629815e-11, 3.22218536575e-11, 4.42041993287e-11, 7.88718604317e-11, 5.93537233251e-11, 3.97912293393e-11, 3.72840230911e-11, 2.94026122893e-11, 2.24388580633e-11, 1.99134077283e-11, 7.72588503589e-12, 4.20437079249e-12, 3.85239756762e-12, 2.81675594307e-12, 4.20224011838e-12, 5.72324652948e-12, 4.84171513646e-12, 2.42104556888e-12, 8.94434808336e-14]}, "melbands_crest": {"dmean": 4.09802150726, "dmean2": 6.86407279968, "dvar": 11.4536590576, "dvar2": 31.7715759277, "max": 39.9990577698, "mean": 17.1733455658, "median": 16.2926197052, "min": 2.57193875313, "var": 36.408782959}, "melbands_flatness_db": {"dmean": 0.041508756578, "dmean2": 0.063537299633, "dvar": 0.00117286026943, "dvar2": 0.00264956755564, "max": 0.771463096142, "mean": 0.315374165773, "median": 0.312711775303, "min": 0.00672934437171, "var": 0.00579719804227}, "melbands_kurtosis": {"dmean": 169.259429932, "dmean2": 280.234527588, "dvar": 4414811.5, "dvar2": 11501076, "max": 142105.890625, "mean": 716.750549316, "median": 20.5148353577, "min": -1.75241601467, "var": 56134156}, "melbands_skewness": {"dmean": 1.38469588757, "dmean2": 2.19102907181, "dvar": 17.0236625671, "dvar2": 42.1976928711, "max": 362.576171875, "mean": 6.38569974899, "median": 3.56824350357, "min": -1.25090062618, "var": 595.816467285}, "melbands_spread": {"dmean": 3.15517497063, "dmean2": 5.03840494156, "dvar": 24.5410785675, "dvar2": 49.1166534424, "max": 142.314147949, "mean": 7.56829452515, "median": 5.74938869476, "min": 0.00664540473372, "var": 55.0169754028}, "mfcc": {"cov": [[8518.95996094, 666.721008301, -394.29107666, 107.75907135, -190.691818237, 56.9047546387, -188.200668335, -108.294456482, -156.886642456, -90.4574661255, -210.122253418, -116.380622864, -172.810760498], [666.721008301, 1463.08325195, -57.2319297791, -212.051986694, -53.5850830078, -28.3981685638, -81.2129669189, -128.575256348, 47.0878715515, -34.1506538391, -75.302192688, -77.5867767334, -6.47397994995], [-394.29107666, -57.2319297791, 247.087158203, 51.5520935059, 18.3297958374, -23.1016769409, 31.6506099701, 24.309720993, -11.8352918625, -4.07678079605, 25.1955718994, 9.45061397552, -7.96583604813], [107.75907135, -212.051986694, 51.5520935059, 246.589416504, 48.7815170288, 26.9880847931, 27.1768951416, 32.3507080078, -16.529296875, 11.4842195511, 20.4711608887, 8.65921401978, -17.8291778564], [-190.691818237, -53.5850830078, 18.3297958374, 48.7815170288, 108.60243988, 43.2018318176, 21.9408245087, 2.5181415081, 3.63361644745, 6.11556720734, 1.80342590809, -1.72896707058, -1.25141561031], [56.9047546387, -28.3981685638, -23.1016769409, 26.9880847931, 43.2018318176, 100.515937805, 50.9662284851, 19.0935020447, 0.0495176129043, -2.15968871117, -8.29756355286, -6.31479597092, -6.10685539246], [-188.200668335, -81.2129669189, 31.6506099701, 27.1768951416, 21.9408245087, 50.9662284851, 110.324951172, 67.4975967407, 5.83676099777, -5.03915643692, 4.10601139069, -1.69135022163, -1.4232250452], [-108.294456482, -128.575256348, 24.309720993, 32.3507080078, 2.5181415081, 19.0935020447, 67.4975967407, 103.866966248, 33.5966072083, 5.00722932816, 6.46146440506, 1.27527415752, 1.82336628437], [-156.886642456, 47.0878715515, -11.8352918625, -16.529296875, 3.63361644745, 0.0495176129043, 5.83676099777, 33.5966072083, 77.9935073853, 29.1398601532, -7.5176448822, -7.87328863144, 6.11842536926], [-90.4574661255, -34.1506538391, -4.07678079605, 11.4842195511, 6.11556720734, -2.15968871117, -5.03915643692, 5.00722932816, 29.1398601532, 59.7399559021, 31.6194381714, 5.49412584305, -0.920192539692], [-210.122253418, -75.302192688, 25.1955718994, 20.4711608887, 1.80342590809, -8.29756355286, 4.10601139069, 6.46146440506, -7.5176448822, 31.6194381714, 76.9521026611, 40.1192169189, 7.51134157181], [-116.380622864, -77.5867767334, 9.45061397552, 8.65921401978, -1.72896707058, -6.31479597092, -1.69135022163, 1.27527415752, -7.87328863144, 5.49412584305, 40.1192169189, 63.5140151978, 29.1787109375], [-172.810760498, -6.47397994995, -7.96583604813, -17.8291778564, -1.25141561031, -6.10685539246, -1.4232250452, 1.82336628437, 6.11842536926, -0.920192539692, 7.51134157181, 29.1787109375, 58.2663955688]], "icov": [[0.000188275138498, -0.000133237219416, 0.000238494540099, -0.000204470066819, 0.000318399223033, -0.000264114496531, 0.000496336142533, -0.000522356596775, 0.000769563252106, -0.000417870236561, 0.000749320082832, -0.000410391483456, 0.000542771071196], [-0.000133237219416, 0.00112815480679, -0.00028238480445, 0.000578402599785, 0.000222191214561, -3.40257356584e-05, -0.000630953058135, 0.00229731411673, -0.00234311865643, 0.00165760191157, -0.00119367532898, 0.00163806730416, -0.000611738767475], [0.000238494540099, -0.00028238480445, 0.00542002823204, -0.00104679737706, -0.000970967346802, 0.00274247815832, -0.00161734118592, -0.00090578146046, 0.00129579973873, 0.000705654150806, -0.000666111416649, -0.000562664470635, 0.00159478979185], [-0.000204470066819, 0.000578402599785, -0.00104679737706, 0.00580711755902, -0.00234965793788, -0.000484975986183, 0.000539430766366, -0.00164044403937, 0.00136059243232, -0.001169529045, -0.000383092527045, -0.000377059244784, 0.00113175029401], [0.000318399223033, 0.000222191214561, -0.000970967346802, -0.00234965793788, 0.0135026741773, -0.00598342111334, -9.50413304963e-05, 0.00295538594946, -0.00174245005473, -0.000299126870232, 0.000372531445464, 0.000895847391803, -0.000633028626908], [-0.000264114496531, -3.40257356584e-05, 0.00274247815832, -0.000484975986183, -0.00598342111334, 0.0180760566145, -0.00980361085385, 0.00231432169676, -1.87245896086e-05, -0.000594658427872, 0.00155395513866, -0.00102373445407, 0.00119848060422], [0.000496336142533, -0.000630953058135, -0.00161734118592, 0.000539430766366, -9.50413304963e-05, -0.00980361085385, 0.0235495716333, -0.0156809818, 0.00648730620742, -0.000389483349863, 0.000583029468544, 0.000591418764088, 0.000323604268488], [-0.000522356596775, 0.00229731411673, -0.00090578146046, -0.00164044403937, 0.00295538594946, 0.00231432169676, -0.0156809818, 0.0278936736286, -0.0171628128737, 0.008444968611, -0.00672933785245, 0.0038492786698, -0.00199421471916], [0.000769563252106, -0.00234311865643, 0.00129579973873, 0.00136059243232, -0.00174245005473, -1.87245896086e-05, 0.00648730620742, -0.0171628128737, 0.0319754779339, -0.0209161099046, 0.0142906308174, -0.00464791897684, 6.90628003213e-05], [-0.000417870236561, 0.00165760191157, 0.000705654150806, -0.001169529045, -0.000299126870232, -0.000594658427872, -0.000389483349863, 0.008444968611, -0.0209161099046, 0.0380747541785, -0.0231157485396, 0.0102466614917, -0.00101284030825], [0.000749320082832, -0.00119367532898, -0.000666111416649, -0.000383092527045, 0.000372531445464, 0.00155395513866, 0.000583029468544, -0.00672933785245, 0.0142906308174, -0.0231157485396, 0.036639239639, -0.0220927894115, 0.00675182277337], [-0.000410391483456, 0.00163806730416, -0.000562664470635, -0.000377059244784, 0.000895847391803, -0.00102373445407, 0.000591418764088, 0.0038492786698, -0.00464791897684, 0.0102466614917, -0.0220927894115, 0.0370529033244, -0.0164789706469], [0.000542771071196, -0.000611738767475, 0.00159478979185, 0.00113175029401, -0.000633028626908, 0.00119848060422, 0.000323604268488, -0.00199421471916, 6.90628003213e-05, -0.00101284030825, 0.00675182277337, -0.0164789706469, 0.0268097445369]], "mean": [-701.252502441, 164.577377319, 22.2200622559, 24.4587268829, 11.7564315796, 17.950214386, 4.47468328476, 3.49394106865, 6.49658489227, 5.16809511185, -2.61114048958, 0.732251465321, -0.3057898283]}, "pitch_salience": {"dmean": 0.0823630094528, "dmean2": 0.136937409639, "dvar": 0.004690899048, "dvar2": 0.0126731051132, "max": 0.838853180408, "mean": 0.538257837296, "median": 0.558801949024, "min": 0.000799908535555, "var": 0.0162924751639}, "silence_rate_20dB": {"dmean": 0, "dmean2": 0, "dvar": 0, "dvar2": 0, "max": 1, "mean": 1, "median": 1, "min": 1, "var": 0}, "silence_rate_30dB": {"dmean": 0.0646324157715, "dmean2": 0.12928147614, "dvar": 0.0604574233294, "dvar2": 0.139100730419, "max": 1, "mean": 0.915551006794, "median": 1, "min": 0, "var": 0.0773206055164}, "silence_rate_60dB": {"dmean": 0.00128749839496, "dmean2": 0.00257532834075, "dvar": 0.00128586171195, "dvar2": 0.00359882856719, "max": 1, "mean": 0.0467301756144, "median": 0, "min": 0, "var": 0.0445465967059}, "spectral_centroid": {"dmean": 168.372924805, "dmean2": 245.960174561, "dvar": 64892.0546875, "dvar2": 118546.210938, "max": 11294.7304688, "mean": 606.982299805, "median": 483.669769287, "min": 148.689239502, "var": 218210.3125}, "spectral_complexity": {"dmean": 3.33848333359, "dmean2": 4.89363908768, "dvar": 17.8977851868, "dvar2": 33.5287666321, "max": 57, "mean": 12.2278575897, "median": 11, "min": 0, "var": 52.4971885681}, "spectral_contrast_coeffs": {"dmean": [0.0565045550466, 0.0475072860718, 0.0386260077357, 0.0286534596235, 0.0220868512988, 0.0244229137897], "dmean2": [0.0935859680176, 0.0790619552135, 0.0636539533734, 0.0470905825496, 0.0360037907958, 0.0369939208031], "dvar": [0.00193791266065, 0.00139146693982, 0.000954674207605, 0.000515549618285, 0.00034846534254, 0.000469848513603], "dvar2": [0.00527307577431, 0.00377462222241, 0.00255309091881, 0.00138704711571, 0.000911028881092, 0.00102828536183], "max": [-0.324068903923, -0.469563603401, -0.549047768116, -0.608492493629, -0.697726905346, -0.520740509033], "mean": [-0.664707243443, -0.769636213779, -0.802138984203, -0.82803350687, -0.854326963425, -0.800868391991], "median": [-0.670195162296, -0.774995923042, -0.809692144394, -0.832002520561, -0.852510988712, -0.805895984173], "min": [-0.981517672539, -0.969467818737, -0.977626502514, -0.975498557091, -0.95801627636, -0.958948254585], "var": [0.00682605756447, 0.00461335573345, 0.00369428121485, 0.00177411036566, 0.000941915088333, 0.00167937506922]}, "spectral_contrast_valleys": {"dmean": [0.418086528778, 0.385949224234, 0.369981974363, 0.365385860205, 0.452227592468, 0.521034419537], "dmean2": [0.682381331921, 0.619626522064, 0.577982008457, 0.538236796856, 0.64680993557, 0.778098404408], "dvar": [0.130858466029, 0.117504417896, 0.109518066049, 0.106537766755, 0.159698441625, 0.203635290265], "dvar2": [0.318525165319, 0.275238245726, 0.241032004356, 0.215999796987, 0.331616818905, 0.41264590621], "max": [-4.80769348145, -4.57851982117, -5.51962804794, -5.9192738533, -5.46181964874, -8.20247173309], "mean": [-6.60226583481, -6.71804237366, -7.41277980804, -7.95346355438, -8.30854320526, -10.8114557266], "median": [-6.38007974625, -6.53255939484, -7.19581460953, -7.78782463074, -8.22459125519, -10.8420228958], "min": [-27.6630516052, -27.0312156677, -27.0158348083, -27.4101638794, -27.4060497284, -27.2854156494], "var": [1.61832654476, 1.66074824333, 1.58603191376, 1.51347851753, 1.44047188759, 1.12629580498]}, "spectral_decrease": {"dmean": 4.91308727035e-09, "dmean2": 7.88547360742e-09, "dvar": 3.15113693346e-17, "dvar2": 7.65768010725e-17, "max": 5.01186692148e-09, "mean": -9.21303211499e-09, "median": -6.9604482178e-09, "min": -7.02974105593e-08, "var": 7.40581684561e-17}, "spectral_energy": {"dmean": 0.0200659036636, "dmean2": 0.0315780751407, "dvar": 0.000510292011313, "dvar2": 0.00120588007849, "max": 0.303845256567, "mean": 0.0529009364545, "median": 0.0455977544188, "min": 1.11309963025e-20, "var": 0.00144306267612}, "spectral_energyband_high": {"dmean": 0.000484720250824, "dmean2": 0.000680865545291, "dvar": 1.76089315573e-06, "dvar2": 3.41309555552e-06, "max": 0.0250662863255, "mean": 0.000567980052438, "median": 0.000123994512251, "min": 8.03540533816e-21, "var": 2.50438210969e-06}, "spectral_energyband_low": {"dmean": 0.0148068387061, "dmean2": 0.0241188202053, "dvar": 0.000339139340213, "dvar2": 0.000849252508488, "max": 0.246251255274, "mean": 0.0258574560285, "median": 0.018407329917, "min": 5.17370511939e-23, "var": 0.000674117240123}, "spectral_energyband_middle_high": {"dmean": 0.00102575495839, "dmean2": 0.00155006186105, "dvar": 2.98680174637e-06, "dvar2": 7.97410757514e-06, "max": 0.0329428166151, "mean": 0.00218510953709, "median": 0.00112051493488, "min": 1.67832886413e-21, "var": 8.92559091881e-06}, "spectral_energyband_middle_low": {"dmean": 0.00681454688311, "dmean2": 0.0103231985122, "dvar": 0.000117606236017, "dvar2": 0.000271173747024, "max": 0.256340742111, "mean": 0.0157859958708, "median": 0.00969509407878, "min": 2.95362876752e-22, "var": 0.000344677246176}, "spectral_entropy": {"dmean": 0.29539513588, "dmean2": 0.428649932146, "dvar": 0.0617311038077, "dvar2": 0.128490254283, "max": 9.77906131744, "mean": 7.212246418, "median": 7.16667985916, "min": 5.29668283463, "var": 0.287965774536}, "spectral_flux": {"dmean": 0.0320649594069, "dmean2": 0.0512619651854, "dvar": 0.000986611354165, "dvar2": 0.00227553257719, "max": 0.399844408035, "mean": 0.121090881526, "median": 0.116926848888, "min": 1.05503536463e-10, "var": 0.00301968096755}, "spectral_kurtosis": {"dmean": 5.29582452774, "dmean2": 8.05833911896, "dvar": 30.0424137115, "dvar2": 73.4659957886, "max": 68.1244049072, "mean": 16.7941551208, "median": 14.7604255676, "min": -1.24529564381, "var": 94.4621200562}, "spectral_rms": {"dmean": 0.00131019938271, "dmean2": 0.00202744244598, "dvar": 1.49576487729e-06, "dvar2": 3.43740862263e-06, "max": 0.0172172691673, "mean": 0.00667270924896, "median": 0.00666975323111, "min": 3.29537699212e-12, "var": 7.08541392669e-06}, "spectral_rolloff": {"dmean": 5240.25439453, "dmean2": 10194.9179688, "dvar": 73359752, "dvar2": 175288608, "max": 22050, "mean": 12790.6064453, "median": 20930.2734375, "min": 21.533203125, "var": 105445584}, "spectral_skewness": {"dmean": 0.49300339818, "dmean2": 0.730352818966, "dvar": 0.198350146413, "dvar2": 0.462462544441, "max": 6.39934253693, "mean": 3.05450034142, "median": 2.96808242798, "min": -0.0534169524908, "var": 0.839359164238}, "spectral_spread": {"dmean": 725098.875, "dmean2": 1036034.75, "dvar": 548997365760, "dvar2": 870030573568, "max": 42486664, "mean": 4861716.5, "median": 4572922, "min": 1859147.75, "var": 2885706842110.0}, "spectral_strongpeak": {"dmean": 3.67702269554, "dmean2": 7.05501079559, "dvar": 212.644470215, "dvar2": 628.455688477, "max": 