{"lowlevel": {"average_loudness": 0.951640725136, "barkbands": {"dmean": [0.000103798884084, 0.000862162385602, 0.000977911869995, 0.00119553715922, 0.00131179299206, 0.000918220204767, 0.000603732245509, 0.000715828035027, 0.000448785169283, 0.000355291587766, 0.000302109954646, 0.000649436959065, 0.000677154690493, 0.000287078728434, 0.000290094059892, 0.00038574723294, 0.000304250774207, 0.000196181266801, 0.000269191717962, 0.000155462286784, 7.33001797926e-05, 5.87337708566e-05, 6.71765519655e-05, 0.000213279156014, 9.30561727728e-05, 2.74267840723e-05, 1.92274023902e-06], "dmean2": [0.000113536130812, 0.00144700426608, 0.0016216308577, 0.00216681836173, 0.00214225030504, 0.00148338230792, 0.000919289712328, 0.00107880018186, 0.000720623240341, 0.000577589729801, 0.000458607042674, 0.000899765989743, 0.000941568636335, 0.000426396698458, 0.000429044128396, 0.000564476649743, 0.000476077373605, 0.000296302954666, 0.000367740547517, 0.000233964441577, 0.000103091049823, 7.98718610895e-05, 9.53510389081e-05, 0.000318591250107, 0.000136975766509, 3.99453165301e-05, 2.74867898042e-06], "dvar": [3.76651598799e-08, 2.55088093581e-06, 4.70567192679e-06, 9.74208251137e-06, 5.1720103329e-06, 2.94086225949e-06, 1.72588750047e-06, 3.46818524122e-06, 2.60921365225e-06, 1.23557049392e-06, 1.79198980277e-06, 2.85062992589e-06, 2.47094999395e-06, 9.62276089922e-07, 4.10073027979e-07, 9.57802853918e-07, 6.94456048222e-07, 1.24809503177e-07, 5.28290911461e-07, 7.62806706689e-08, 2.62020858344e-08, 6.2261456435e-08, 4.31576090421e-08, 4.50848318678e-07, 7.61901688406e-08, 6.34448360515e-09, 3.72384519054e-11], "dvar2": [5.16465128442e-08, 7.1966815085e-06, 1.11538502097e-05, 2.79243358818e-05, 1.18901562018e-05, 7.310750334e-06, 3.45428520632e-06, 7.03686873749e-06, 6.03736361882e-06, 2.80379322248e-06, 4.18377703681e-06, 5.12492943017e-06, 4.74955322716e-06, 2.01508692044e-06, 8.3498883896e-07, 2.10963889913e-06, 1.77256481493e-06, 2.85199774908e-07, 8.43962141062e-07, 1.69363758573e-07, 5.15874170048e-08, 1.10273440157e-07, 8.49572074912e-08, 1.07657012904e-06, 1.78887191282e-07, 1.47796104244e-08, 7.48564960018e-11], "max": [0.0031798039563, 0.0260247141123, 0.0341883189976, 0.0469544567168, 0.0245054550469, 0.0213719699532, 0.0317796096206, 0.0556502453983, 0.0409448258579, 0.0495296567678, 0.0471106693149, 0.0497502721846, 0.0303323771805, 0.0337858200073, 0.0141118466854, 0.0235976949334, 0.0196676384658, 0.00719322776422, 0.0234567411244, 0.00942137092352, 0.00536875147372, 0.0123566137627, 0.00635449355468, 0.0126385660842, 0.00365587114356, 0.00126434850972, 7.79614929343e-05], "mean": [0.000210019235965, 0.00149844854604, 0.00153783592395, 0.00118821801152, 0.0019394318806, 0.00176121783443, 0.000981498975307, 0.0014103280846, 0.000665572355501, 0.00058501312742, 0.000583972840104, 0.00167494942434, 0.00147620192729, 0.000478352943901, 0.000512508675456, 0.000861060630996, 0.000700300617609, 0.000442060729256, 0.000540470296983, 0.000349461653968, 0.000147626677062, 0.000104292710603, 0.000103842176031, 0.000256111467024, 0.000119454161904, 3.48495559592e-05, 2.24236646318e-06], "median": [3.73562434106e-05, 0.00061183370417, 0.000547279021703, 0.000348478846718, 0.000962395919487, 0.000624172855169, 0.000300801417325, 0.000163298594998, 0.000135629728902, 0.000148621271364, 7.29097009753e-05, 0.000233070575632, 0.000139036521432, 8.53641249705e-05, 0.000194798631128, 8.88986251084e-05, 0.000124210346257, 0.000166489480762, 0.000184621458175, 0.000167460239027, 5.10861536895e-05, 3.20873296005e-05, 3.63541839761e-05, 4.94243104185e-05, 2.69066695182e-05, 5.10133668286e-06, 1.31943352244e-07], "min": [1.39047879114e-11, 2.05685052324e-10, 3.47234480752e-12, 1.06786636825e-11, 2.35064593658e-12, 6.18995414821e-13, 1.86922851329e-13, 2.4637128275e-13, 2.65004489707e-13, 8.56374433172e-13, 6.08450356071e-13, 4.1696255281e-13, 6.95157419042e-13, 2.85840470217e-13, 7.69353764724e-13, 1.88458016553e-12, 1.50105925953e-12, 2.47724106853e-12, 3.14572933674e-12, 3.22292106197e-12, 4.20296523279e-12, 2.90075775899e-12, 3.42183247883e-12, 3.69436183034e-11, 1.8841280966e-11, 1.81615694705e-11, 7.53366480311e-10], "var": [1.55597462026e-07, 4.82915584143e-06, 7.49846731196e-06, 7.40936366128e-06, 7.11617485649e-06, 6.25986012892e-06, 4.81434199173e-06, 1.85579756362e-05, 5.02735383634e-06, 2.55657369053e-06, 5.07736831423e-06, 1.82361291081e-05, 9.47314674704e-06, 2.05013247978e-06, 9.61815089795e-07, 4.62921843791e-06, 2.99265366266e-06, 5.03110300087e-07, 1.8062195295e-06, 2.0936870726e-07, 6.11052470845e-08, 1.09330443365e-07, 6.85716443627e-08, 4.66943305355e-07, 8.63720828193e-08, 7.83160025719e-09, 5.1063212686e-11]}, "barkbands_crest": {"dmean": 2.27252531052, "dmean2": 3.63441133499, "dvar": 4.36216688156, "dvar2": 10.5765256882, "max": 26.2227020264, "mean": 9.596575737, "median": 8.74108314514, "min": 2.47715258598, "var": 16.0355014801}, "barkbands_flatness_db": {"dmean": 0.0179173331708, "dmean2": 0.0261030159891, "dvar": 0.000331770424964, "dvar2": 0.000703443656676, "max": 0.343967169523, "mean": 0.123000450432, "median": 0.123295091093, "min": 0.0234626848251, "var": 0.00215355819091}, "barkbands_kurtosis": {"dmean": 1.84050989151, "dmean2": 2.91889309883, "dvar": 33.1089897156, "dvar2": 89.8947677612, "max": 282.392150879, "mean": 2.20541143417, "median": 0.350672125816, "min": -1.96402478218, "var": 45.5394935608}, "barkbands_skewness": {"dmean": 0.462624013424, "dmean2": 0.698486328125, "dvar": 0.263456046581, "dvar2": 0.573076069355, "max": 12.819314003, "mean": 0.839743435383, "median": 0.672475516796, "min": -4.24059867859, "var": 1.4710829258}, "barkbands_spread": {"dmean": 5.63729906082, "dmean2": 8.33558559418, "dvar": 44.3023681641, "dvar2": 91.8926467896, "max": 155.222518921, "mean": 27.2839374542, "median": 23.8325042725, "min": 0.927928626537, "var": 432.091247559}, "dissonance": {"dmean": 0.0170844495296, "dmean2": 0.0286370068789, "dvar": 0.00035112578189, "dvar2": 0.000935718242545, "max": 0.5, "mean": 0.46536013484, "median": 0.475712090731, "min": 0.241515442729, "var": 0.00100653991103}, "dynamic_complexity": 4.94374322891, "erbbands": {"dmean": [0.0355586707592, 0.170189455152, 0.827314913273, 2.86231827736, 4.60291051865, 4.3600692749, 5.00229454041, 7.95989656448, 9.26851463318, 10.2788534164, 15.0169401169, 10.8743801117, 11.8429203033, 9.50076580048, 13.0606184006, 30.3835315704, 30.9958724976, 17.687335968, 9.63097858429, 19.3237171173, 20.5229682922, 12.112449646, 11.0351047516, 13.4349765778, 9.47211742401, 7.55096292496, 3.55654144287, 2.6880645752, 2.14977192879, 1.76060712337, 1.9835780859, 3.34271121025, 4.29608917236, 1.53411948681, 0.371925532818, 0.179238140583, 0.0355581603944, 0.00403801165521, 0.000369881105144, 1.61677635333e-05], "dmean2": [0.0572966895998, 0.28656744957, 1.35138165951, 5.11543035507, 7.99077606201, 6.95057344437, 8.34689998627, 12.9597558975, 14.1584100723, 15.7725133896, 22.1300907135, 16.85505867, 18.8815689087, 14.9437837601, 18.5973205566, 41.762638092, 42.321811676, 25.6484279633, 14.3553304672, 26.7565784454, 31.686498642, 18.3751239777, 16.5133647919, 18.6909503937, 13.3500967026, 11.3429489136, 5.0072889328, 3.80643224716, 3.00022363663, 2.39199733734, 2.84262657166, 4.9581193924, 6.55983495712, 2.30449533463, 0.512917995453, 0.262072712183, 0.0514661334455, 0.00550001952797, 0.000534314895049, 2.2459329557e-05], "dvar": [0.00461216643453, 0.108219660819, 3.10820364952, 58.4831733704, 72.5316085815, 64.8969116211, 144.328826904, 218.696212769, 315.132324219, 871.426513672, 1493.74157715, 1594.71081543, 1145.38208008, 1140.61914062, 2138.34155273, 5703.79882812, 5257.88867188, 3245.28076172, 504.177734375, 1865.84887695, 3423.87255859, 743.275695801, 427.365814209, 1542.0032959, 664.281677246, 226.40625, 56.2051849365, 38.4472198486, 64.6841049194, 91.5651855469, 30.8183364868, 101.685874939, 198.0496521, 22.6474914551, 0.840100109577, 0.277631908655, 0.0106260841712, 0.000138650590088, 1.36291873787e-06, 1.21458498814e-09], "dvar2": [0.0122149707749, 0.287827253342, 7.39770793915, 162.715194702, 196.549636841, 139.111206055, 372.155273438, 557.117370605, 677.962402344, 1672.1986084, 2835.75024414, 3630.42041016, 2760.0078125, 2439.92944336, 3801.32983398, 9779.14550781, 10222.6757812, 6864.49023438, 1139.04125977, 3459.7331543, 8717.14648438, 1739.2611084, 956.809265137, 2315.51660156, 1292.92004395, 494.623291016, 110.363960266, 74.8222579956, 125.757904053, 154.255340576, 63.4495544434, 239.872894287, 481.479553223, 54.074848175, 1.74414122105, 0.649393498898, 0.0242669060826, 0.000261078675976, 2.8028118777e-06, 2.47302356371e-09], "max": [0.971456587315, 5.18449354172, 26.5783309937, 149.492645264, 95.411529541, 100.208702087, 122.955841064, 197.506622314, 375.682922363, 1052.0559082, 1130.2442627, 1176.73071289, 995.471008301, 1440.02941895, 2428.53564453, 2434.20776367, 1609.73339844, 1967.55810547, 692.634338379, 830.593383789, 1510.30212402, 941.991760254, 427.102905273, 1231.13464355, 1652.39038086, 659.568054199, 320.887573242, 148.06993103, 377.700714111, 431.154663086, 146.322143555, 197.898803711, 228.025054932, 62.7519416809, 12.6888360977, 6.83105516434, 2.01735568047, 0.41745942831, 0.0143302623183, 0.000419835385401], "mean": [0.0602886192501, 0.28022184968, 1.39135146141, 3.46944141388, 6.11121559143, 5.83828544617, 6.17221784592, 15.421541214, 18.6142597198, 19.1348419189, 27.4984149933, 16.9899311066, 19.5722064972, 17.4682693481, 32.9269981384, 82.6219177246, 70.1633682251, 33.1708106995, 18.1240673065, 38.2768211365, 54.2332725525, 34.1746025085, 27.0465545654, 26.7975730896, 21.8145122528, 16.7791652679, 7.724360466, 5.50892543793, 3.96021008492, 2.96719622612, 2.99597764015, 4.33987426758, 4.74315452576, 1.81909656525, 0.580193161964, 0.22940723598, 0.0468812808394, 0.00579318590462, 0.000434716203017, 3.75280178559e-05], "median": [0.0133310500532, 0.144030481577, 0.597536325455, 0.987134814262, 3.12808418274, 2.13388109207, 2.0996260643, 5.22831344604, 6.42025279999, 3.30639457703, 4.12777996063, 3.85938334465, 5.9062128067, 3.01832151413, 5.7880153656, 18.4279899597, 10.2698383331, 8.78099727631, 8.34216499329, 11.3457794189, 7.15403842926, 7.24296998978, 9.41816425323, 10.0044221878, 10.2712059021, 8.29571437836, 2.98695707321, 2.13703966141, 1.29555392265, 0.998008847237, 1.04610610008, 0.927093267441, 0.814333558083, 0.368302851915, 0.152970612049, 0.0416177883744, 0.00585030158982, 0.000539510860108, 4.23167439294e-05, 2.67096984317e-05], "min": [9.94283055888e-09, 2.71582933919e-08, 9.0094447458e-09, 3.47890320995e-08, 2.64391815108e-08, 1.18437686325e-08, 8.64709814863e-09, 3.04523717354e-09, 2.10077177876e-09, 7.05584124461e-09, 6.33856478416e-09, 8.81778383643e-09, 1.48961296631e-08, 2.08404618007e-08, 3.02229352656e-08, 2.86317227705e-08, 3.78459859007e-08, 2.54548506717e-08, 3.06458041166e-08, 7.69295098735e-08, 8.73467627116e-08, 9.91085045143e-08, 1.42731579444e-07, 1.37088150609e-07, 1.97004496272e-07, 1.37250850685e-07, 1.73213805965e-07, 1.26532597733e-07, 1.08707176594e-07, 8.85868232103e-08, 1.12223162319e-07, 3.94200554865e-07, 6.68102359214e-07, 2.37044972096e-07, 1.08283963129e-07, 5.81032608693e-08, 3.69755319696e-08, 4.66844767288e-08, 4.24547366151e-08, 1.56093236114e-08], "var": [0.0112084075809, 0.158637270331, 5.09302854538, 54.8907546997, 74.3322753906, 88.7309265137, 135.822509766, 496.850494385, 985.126159668, 4013.93847656, 6316.54394531, 3046.68481445, 2217.84033203, 2877.58813477, 8885.07519531, 40091.8554688, 19517.0195312, 6862.37207031, 1279.90844727, 5438.77050781, 21471.8554688, 5722.37988281, 2001.49230957, 4694.1953125, 2971.87353516, 557.031921387, 147.705215454, 85.804397583, 117.026756287, 153.029281616, 46.2763710022, 112.233566284, 193.370452881, 23.7426071167, 1.36147975922, 0.324516475201, 0.0156696420163, 0.000298232596833, 1.78879224677e-06, 2.01726146898e-09]}, "erbbands_crest": {"dmean": 2.8409845829, "dmean2": 4.36175584793, "dvar": 7.68311357498, "dvar2": 17.1385631561, "max": 32.2802238464, "mean": 11.6854763031, "median": 10.715970993, "min": 2.19026279449, "var": 37.8507614136}, "erbbands_flatness_db": {"dmean": 0.0168128348887, "dmean2": 0.0230887550861, "dvar": 0.000295451260172, "dvar2": 0.000490535108838, "max": 0.351624697447, "mean": 0.170792609453, "median": 0.168306127191, "min": 0.0241625979543, "var": 0.00310442387126}, "erbbands_kurtosis": {"dmean": 1.24236106873, "dmean2": 1.89034044743, "dvar": 4.31744098663, "dvar2": 9.23143005371, "max": 58.3173904419, "mean": 1.82787239552, "median": 0.596783399582, "min": -1.65580308437, "var": 19.3941860199}, "erbbands_skewness": {"dmean": 0.344979435205, "dmean2": 0.519603550434, "dvar": 0.124001167715, "dvar2": 0.260472029448, "max": 6.73839998245, "mean": 0.0859629809856, "median": 0.109946399927, "min": -5.60508441925, "var": 1.15014314651}, "erbbands_spread": {"dmean": 6.84403800964, "dmean2": 10.047287941, "dvar": 54.1727828979, "dvar2": 107.71546936, "max": 100.093673706, "mean": 32.2664604187, "median": 28.5558605194, "min": 2.41557073593, "var": 330.97467041}, "gfcc": {"cov": [[21888.4550781, 1153.59729004, -1819.1373291, 242.322174072, -1496.45080566, 238.521057129, -1024.93225098, 165.516021729, -729.651733398, 240.764770508, -185.941482544, 155.061203003, -252.150482178], [1153.59729004, 1606.71740723, -68.6251525879, 95.4375076294, 46.4535369873, -18.3573379517, 165.693771362, 7.41309261322, 60.8970832825, -129.684936523, 53.2681732178, -128.190444946, -49.3856811523], [-1819.1373291, -68.6251525879, 785.669616699, 153.090087891, 193.356216431, 54.7083282471, 84.2396011353, 15.3344535828, 83.8411331177, -13.0335149765, -28.4202213287, -19.2805118561, -1.12117886543], [242.322174072, 95.4375076294, 153.090087891, 537.739746094, 211.019348145, -22.8238677979, -87.9498062134, 46.100944519, 131.899459839, 1.59823966026, -57.2887306213, 31.9004135132, 92.1906433105], [-1496.45080566, 46.4535369873, 193.356216431, 211.019348145, 402.843231201, 93.9566497803, 95.4699249268, 12.5995693207, 80.2284240723, 4.23736524582, 27.6337947845, -34.9599914551, 10.2104024887], [238.521057129, -18.3573379517, 54.7083282471, -22.8238677979, 93.9566497803, 330.34072876, 157.739395142, 17.3432826996, -113.08744812, 37.5211639404, 50.7297019958, -43.9931945801, -54.2623252869], [-1024.93225098, 165.693771362, 84.2396011353, -87.9498062134, 95.4699249268, 157.739395142, 327.314727783, 23.7018184662, -24.177236557, -40.7844810486, 53.7422103882, -59.6993980408, -39.4112930298], [165.516021729, 7.41309261322, 15.3344535828, 46.100944519, 12.5995693207, 17.3432826996, 23.7018184662, 98.8879318237, 45.5641899109, 7.35385751724, -13.7734947205, 3.12932991982, 12.3735666275], [-729.651733398, 60.8970832825, 83.8411331177, 131.899459839, 80.2284240723, -113.08744812, -24.177236557, 45.5641899109, 211.403259277, -6.79406404495, -33.7926330566, 16.7330379486, 62.8041687012], [240.764770508, -129.684936523, -13.0335149765, 1.59823966026, 4.23736524582, 37.5211639404, -40.7844810486, 7.35385751724, -6.79406404495, 101.004905701, 26.734500885, -0.680048406124, -32.31980896], [-185.941482544, 53.2681732178, -28.4202213287, -57.2887306213, 27.6337947845, 50.7297019958, 53.7422103882, -13.7734947205, -33.7926330566, 26.734500885, 110.316421509, -3.78406763077, -36.9161224365], [155.061203003, -128.190444946, -19.2805118561, 31.9004135132, -34.9599914551, -43.9931945801, -59.6993980408, 3.12932991982, 16.7330379486, -0.680048406124, -3.78406763077, 102.223274231, 59.1678009033], [-252.150482178, -49.3856811523, -1.12117886543, 92.1906433105, 10.2104024887, -54.2623252869, -39.4112930298, 12.3735666275, 62.8041687012, -32.31980896, -36.9161224365, 59.1678009033, 130.08531189]], "icov": [[0.000215589738218, -0.000280939100776, 0.000313131982693, -0.00045050913468, 0.000726222177036, -0.000569096649997, 0.000629257410765, -0.000536898209248, 0.000504200463183, -0.000235937564867, 0.00046435551485, -0.000538432621397, 0.000655161507893], [-0.000280939100776, 0.0013328344794, -0.000215217121877, 3.78918266506e-05, -0.000559876905754, 0.00074363371823, -0.00101420131978, 0.000739157141652, -0.00119685404934, 0.0018808793975, -0.00165676185861, 0.00193497864529, -0.000395834562369], [0.000313131982693, -0.000215217121877, 0.00206388975494, -0.000986747909337, 0.000646112661343, -0.0010832878761, 0.000506224576384, -0.000415374524891, 2.48320902756e-05, 9.10254166229e-05, 0.00121568317991, -0.000934752402827, 0.00171341723762], [-0.00045050913468, 3.78918266506e-05, -0.000986747909337, 0.00466753728688, -0.00352099607699, 0.000710914784577, 0.000226818563533, 0.000113890084322, -0.00146267365199, -0.000261111039435, 0.000516182801221, 0.000232552265516, -0.00286242063157], [0.000726222177036, -0.000559876905754, 0.000646112661343, -0.00352099607699, 0.0073228594847, -0.00322814076208, 0.00121549586765, -0.000448443490313, -0.000404589838581, -7.82858551247e-05, -0.00053475133609, 3.06326692225e-05, 0.0021957771387], [-0.000569096649997, 0.00074363371823, -0.0010832878761, 0.000710914784577, -0.00322814076208, 0.00838125124574, -0.00461453711614, -0.000475884822663, 0.00341847888194, -0.00292882462963, -0.00111715402454, 0.00205862615258, -0.00256874691695], [0.000629257410765, -0.00101420131978, 0.000506224576384, 0.000226818563533, 0.00121549586765, -0.00461453711614, 0.00844624359161, -0.00328534911387, 0.000225257826969, 0.00348761049099, -0.0010257064132, 7.37882219255e-05, 0.00196256581694], [-0.000536898209248, 0.000739157141652, -0.000415374524891, 0.000113890084322, -0.000448443490313, -0.000475884822663, -0.00328534911387, 0.0145808886737, -0.00519911665469, -0.000903339823708, 0.000720068404917, 0.000402903999202, -0.00108319928404], [0.000504200463183, -0.00119685404934, 2.48320902756e-05, -0.00146267365199, -0.000404589838581, 0.00341847888194, 0.000225257826969, -0.00519911665469, 0.0117601966485, -0.00397048704326, 0.00229835882783, -0.000868549162988, -0.00203669071198], [-0.000235937564867, 0.0018808793975, 9.10254166229e-05, -0.000261111039435, -7.82858551247e-05, -0.00292882462963, 0.00348761049099, -0.000903339823708, -0.00397048704326, 0.0181833412498, -0.00596535950899, 0.0016071627615, 0.00438027223572], [0.00046435551485, -0.00165676185861, 0.00121568317991, 0.000516182801221, -0.00053475133609, -0.00111715402454, -0.0010257064132, 0.000720068404917, 0.00229835882783, -0.00596535950899, 0.0156393013895, -0.0059594605118, 0.00366954598576], [-0.000538432621397, 0.00193497864529, -0.000934752402827, 0.000232552265516, 3.06326692225e-05, 0.00205862615258, 7.37882219255e-05, 0.000402903999202, -0.000868549162988, 0.0016071627615, -0.0059594605118, 0.0189130920917, -0.00911656953394], [0.000655161507893, -0.000395834562369, 0.00171341723762, -0.00286242063157, 0.0021957771387, -0.00256874691695, 0.00196256581694, -0.00108319928404, -0.00203669071198, 0.00438027223572, 0.00366954598576, -0.00911656953394, 0.0175635479391]], "mean": [-29.8377685547, 73.6608123779, -127.697189331, 33.9182701111, -55.4944953918, 14.8352537155, -45.9624023438, 10.9215602875, -30.2834358215, 2.65711736679, -7.37866735458, -4.30436038971, -10.420712471]}, "hfc": {"dmean": 8.03469753265, "dmean2": 10.4628219604, "dvar": 190.79510498, "dvar2": 386.967437744, "max": 172.32434082, "mean": 23.9802799225, "median": 17.2484874725, "min": 2.81177854049e-05, "var": 552.303710938}, "melbands": {"dmean": [0.000267705851002, 0.000334763986757, 0.000516563362908, 0.000338692509104, 0.000158820927027, 0.000179011170985, 0.000135152920848, 0.00012302371033, 0.000115812385047, 6.80434386595e-05, 5.96826102992e-05, 3.93284644815e-05, 3.99525924877e-05, 8.52534212754e-05, 6.79884615238e-05, 5.87516078667e-05, 3.35405929945e-05, 1.5648891349e-05, 2.11899587157e-05, 2.44680722972e-05, 2.8897280572e-05, 1.45524463733e-05, 1.32300338009e-05, 8.75305795489e-06, 1.21008479255e-05, 9.28257486521e-06, 6.40304779154e-06, 4.88285922984e-06, 2.49863751378e-06, 1.86843692518e-06, 1.62253229519e-06, 1.37313202231e-06, 1.02068167962e-06, 1.00788633972e-06, 9.03355328319e-07, 2.10926077671e-06, 1.82769269941e-06, 3.012207344e-06, 2.62783646576e-06, 9.21036644286e-07], "dmean2": [0.000441851763753, 0.000535951461643, 0.000917762285098, 0.000556588696782, 0.000258278829278, 0.000289694638923, 0.000204856434721, 0.000189321188373, 0.00017084486899, 0.000106663486804, 9.51451802393e-05, 6.26059700153e-05, 5.89688534092e-05, 0.000117313116789, 9.40343161346e-05, 8.17291947897e-05, 4.9310081522e-05, 2.34699418797e-05, 3.1018833397e-05, 3.32228628395e-05, 4.61688141513e-05, 2.28875760513e-05, 2.00163176487e-05, 1.34697929752e-05, 1.69260256371e-05, 1.28843130369e-05, 9.66348216025e-06, 7.39944425732e-06, 3.64211291526e-06, 2.69456404567e-06, 2.35298057305e-06, 1.97029999072e-06, 1.45021658682e-06, 1.41317673297e-06, 1.31082356347e-06, 3.17063131661e-06, 2.68922281066e-06, 4.61703575638e-06, 4.05926675739e-06, 1.3727650412e-06], "dvar": [2.51724941336e-07, 4.92598303481e-07, 1.5601758605e-06, 3.48183135657e-07, 1.32034415401e-07, 1.06280197087e-07, 6.74315003835e-08, 1.16509802695e-07, 8.97616558859e-08, 6.5603749988e-08, 2.94641253618e-08, 2.08664339141e-08, 2.74507083731e-08, 4.89093459066e-08, 2.09694697162e-08, 2.18491891246e-08, 1.43384264462e-08, 1.89018356522e-09, 2.46909470647e-09, 3.73348107985e-09, 8.87683970774e-09, 1.41345746218e-09, 6.89567403178e-10, 2.93055885114e-10, 1.45369472015e-09, 4.38104635903e-10, 2.26729759967e-10, 1.17940046618e-10, 2.83058194939e-11, 1.71056935977e-11, 1.41731305511e-11, 1.88999978862e-11, 3.96427994598e-11, 2.68140475101e-11, 7.35956347947e-12, 4.10879733015e-11, 2.81956871045e-11, 9.91915230508e-11, 7.63394000791e-11, 7.18901110516e-12], "dvar2": [6.99652957792e-07, 1.12714474199e-06, 4.36666095993e-06, 8.23812001727e-07, 3.30873859866e-07, 2.66039506869e-07, 1.44735906815e-07, 2.34301339219e-07, 1.74156951971e-07, 1.46991098404e-07, 6.97586273191e-08, 4.3590851817e-08, 5.83527324238e-08, 8.81063115798e-08, 3.98911552679e-08, 4.34941007654e-08, 2.9910740551e-08, 4.13530232279e-09, 5.14282216812e-09, 6.26814156135e-09, 2.30186323336e-08, 3.58912988219e-09, 1.52397638953e-09, 6.57819021477e-10, 2.17516338274e-09, 7.6967071605e-10, 4.89600970877e-10, 2.52747878182e-10, 5.69889031798e-11, 3.65276489611e-11, 2.86240111474e-11, 4.00734688488e-11, 7.1190310591e-11, 4.62239829746e-11, 1.3855014358e-11, 9.73217825773e-11, 6.63278598712e-11, 2.43255748877e-10, 1.854821019e-10, 1.67625670289e-11], "max": [0.00781555566937, 0.0107363909483, 0.0203158333898, 0.00660348497331, 0.00360572710633, 0.00419443193823, 0.00629209773615, 0.0123170660809, 0.00813183933496, 0.00789005868137, 0.00510283233598, 0.00658677192405, 0.00646293209866, 0.00630588363856, 0.00247671850957, 0.00415719253942, 0.00443444075063, 0.00143563002348, 0.00128062220756, 0.00149755331222, 0.00247492804192, 0.000818104250357, 0.000805248506367, 0.000289400748443, 0.00119801459368, 0.000892122625373, 0.000811577483546, 0.000542950525414, 0.000222073475015, 0.000107415216917, 9.8954384157e-05, 0.000171409003087, 0.000335704186, 0.000208911573282, 0.000101459285361, 9.01084931684e-05, 0.000110231289, 0.000159439339768, 0.000105438251921, 3.91239518649e-05], "mean": [0.000462622498162, 0.000616599572822, 0.000662704114802, 0.000474241969641, 0.000203285308089, 0.000361413898645, 0.000270419579465, 0.000237161439145, 0.000201158589334, 0.000103099882836, 9.56861040322e-05, 6.74723196425e-05, 8.59427891555e-05, 0.000219354697037, 0.000167436010088, 0.000120536460599, 5.65517184441e-05, 2.56261664617e-05, 3.7693826016e-05, 4.82894392917e-05, 7.63477437431e-05, 3.58438264811e-05, 3.13278542308e-05, 1.84030322998e-05, 2.21606042032e-05, 1.86572051462e-05, 1.41079462992e-05, 1.01810146589e-05, 5.02592820339e-06, 3.61165189133e-06, 3.12181532536e-06, 2.46350464295e-06, 1.57603699336e-06, 1.69432883013e-06, 1.46710544868e-06, 2.56553698819e-06, 2.47510570262e-06, 3.27139377987e-06, 2.84890938929e-06, 1.14580052468e-06], "median": [0.000149303872604, 0.000290617172141, 0.000297960039461, 0.000220637433813, 7.16843642294e-05, 0.000120727097965, 9.0305271442e-05, 3.21023835568e-05, 3.09447204927e-05, 2.20696365432e-05, 2.77831713902e-05, 8.85952249519e-06, 1.1985650417e-05, 2.93756747851e-05, 3.05142275465e-05, 1.41538885146e-05, 9.69041047938e-06, 8.63373043103e-06, 1.41321470437e-05, 1.0656840459e-05, 6.40757707515e-06, 6.0963066062e-06, 9.40511563385e-06, 6.3630227487e-06, 6.44609463052e-06, 6.72902478982e-06, 5.87950944464e-06, 4.5838078222e-06, 1.57374461196e-06, 1.11758879484e-06, 1.19202582027e-06, 7.31385057406e-07, 4.34405876604e-07, 5.71684950046e-07, 5.06973208303e-07, 5.775958698e-07, 5.04555885072e-07, 5.33873446784e-07, 4.59806699382e-07, 2.39468761265e-07], "min": [7.55086895787e-11, 1.39486000875e-11, 7.84436057777e-12, 1.03356342582e-12, 3.41893099118e-13, 7.23388024287e-14, 3.27514437012e-14, 5.74215696693e-14, 5.56710879924e-14, 4.65499560014e-14, 6.14339444116e-14, 7.476116758e-14, 1.05989212361e-13, 3.9051112333e-14, 6.76258094662e-14, 6.24595861143e-14, 2.77485249134e-14, 3.25814679056e-14, 7.18346551947e-14, 8.58468501906e-14, 6.98550240005e-14, 9.40387023351e-14, 1.40599486806e-13, 1.1973237614e-13, 1.02766841532e-13, 9.27916394438e-14, 1.03877179753e-13, 8.26377201803e-14, 9.74060716525e-14, 8.86392399909e-14, 5.97261633596e-14, 5.38327452819e-14, 5.20984487105e-14, 3.77796548928e-14, 4.68426939761e-14, 5.2114708355e-14, 3.250957717e-13, 4.6897717914e-13, 2.64254032068e-13, 1.51527797471e-13], "var": [5.40656117209e-07, 8.89757131972e-07, 1.44282034853e-06, 4.55088269291e-07, 1.36183615496e-07, 2.7370148814e-07, 2.22643279812e-07, 6.20361049641e-07, 3.20470974202e-07, 1.27840863229e-07, 5.76064209667e-08, 5.16456566402e-08, 9.52778620444e-08, 3.00484714444e-07, 1.00110518986e-07, 6.8305510581e-08, 2.95105238024e-08, 4.57653426267e-09, 5.38910116532e-09, 1.31793305158e-08, 5.624514543e-08, 7.17269976747e-09, 3.74155506577e-09, 9.49315293042e-10, 4.41491998515e-09, 1.70443748004e-09, 8.65452598475e-10, 2.53144061269e-10, 7.45233111332e-11, 4.08307485045e-11, 2.91253202112e-11, 3.44307117539e-11, 5.98078739311e-11, 4.54697980656e-11, 1.28011681116e-11, 4.33456569249e-11, 3.39851896625e-11, 9.51363154922e-11, 7.41887870581e-11, 8.22916734755e-12]}, "melbands_crest": {"dmean": 3.00663232803, "dmean2": 4.91042470932, "dvar": 7.32044315338, "dvar2": 19.0632991791, "max": 35.4485092163, "mean": 13.0894393921, "median": 12.1071147919, "min": 2.87229728699, "var": 27.2786235809}, "melbands_flatness_db": {"dmean": 0.0216948781163, "dmean2": 0.0319219902158, "dvar": 0.00055281521054, "dvar2": 0.00115600996651, "max": 0.478264272213, "mean": 0.17278008163, "median": 0.168526947498, "min": 0.0188942160457, "var": 0.00360262603499}, "melbands_kurtosis": {"dmean": 4.17127466202, "dmean2": 6.70438671112, "dvar": 119.209609985, "dvar2": 323.56427002, "max": 550.658325195, "mean": 8.04562091827, "median": 3.15778589249, "min": -1.92447149754, "var": 215.080291748}, "melbands_skewness": {"dmean": 0.594120800495, "dmean2": 0.901495277882, "dvar": 0.415526509285, "dvar2": 0.953478693962, "max": 16.2594261169, "mean": 1.85361802578, "median": 1.49999594688, "min": -2.00680661201, "var": 2.68273258209}, "melbands_spread": {"dmean": 8.00215625763, "dmean2": 12.132267952, "dvar": 90.2210693359, "dvar2": 199.267272949, "max": 144.063064575, "mean": 33.523853302, "median": 29.9569168091, "min": 0.386659741402, "var": 441.05770874}, "mfcc": {"cov": [[11645.2041016, 530.838989258, 70.7324295044, 7.69042491913, -111.150161743, -132.132980347, 53.1889343262, -81.0463638306, -228.862960815, -87.3106231689, -109.912124634, 40.3481369019, -57.4325447083], [530.838989258, 1399.47766113, 13.1468830109, 63.7681159973, -28.8368091583, 39.3576087952, 142.837295532, 128.558959961, -49.6821708679, 55.2619857788, 105.926719666, -4.73461866379, 17.3850154877], [70.7324295044, 13.1468830109, 434.840026855, 89.1613006592, 81.8631744385, 48.5572052002, 14.9540348053, 10.7014245987, 50.545173645, 12.380238533, -1.11821651459, 5.43589782715, -15.917134285], [7.69042491913, 63.7681159973, 89.1613006592, 478.785064697, 248.536193848, 23.7824172974, -131.272460938, 41.47423172, 126.644378662, -9.37210845947, -59.5995101929, 33.1149291992, 28.5102558136], [-111.150161743, -28.8368091583, 81.8631744385, 248.536193848, 337.882263184, 79.8750534058, -37.6676368713, -3.24843478203, 82.5388717651, 21.5137348175, -30.3108081818, 41.5123977661, 11.9959383011], [-132.132980347, 39.3576087952, 48.5572052002, 23.7824172974, 79.8750534058, 200.006500244, 156.795059204, 37.8853569031, 7.21974229813, 53.8962669373, 43.3117713928, -0.612139999866, -14.7752065659], [53.1889343262, 142.837295532, 14.9540348053, -131.272460938, -37.6676368713, 156.795059204, 346.133331299, 64.2994003296, -63.2128982544, 80.748588562, 88.2616577148, -7.32634735107, -13.790968895], [-81.0463638306, 128.558959961, 10.7014245987, 41.47423172, -3.24843478203, 37.8853569031, 64.2994003296, 131.910110474, 53.5077781677, 14.8335409164, 12.2955846786, -4.52950000763, 15.5944347382], [-228.862960815, -49.6821708679, 50.545173645, 126.644378662, 82.5388717651, 7.21974229813, -63.2128982544, 53.5077781677, 173.392410278, 7.30478143692, -41.8603363037, 6.29862499237, -6.58815765381], [-87.3106231689, 55.2619857788, 12.380238533, -9.37210845947, 21.5137348175, 53.8962669373, 80.748588562, 14.8335409164, 7.30478143692, 116.516609192, 64.9441604614, -0.400035381317, -14.4148750305], [-109.912124634, 105.926719666, -1.11821651459, -59.5995101929, -30.3108081818, 43.3117713928, 88.2616577148, 12.2955846786, -41.8603363037, 64.9441604614, 115.879676819, 14.9799518585, -9.20585823059], [40.3481369019, -4.73461866379, 5.43589782715, 33.1149291992, 41.5123977661, -0.612139999866, -7.32634735107, -4.52950000763, 6.29862499237, -0.400035381317, 14.9799518585, 94.861289978, 33.9784545898], [-57.4325447083, 17.3850154877, -15.917134285, 28.5102558136, 11.9959383011, -14.7752065659, -13.790968895, 15.5944347382, -6.58815765381, -14.4148750305, -9.20585823059, 33.9784545898, 80.4902420044]], "icov": [[9.74298745859e-05, -4.37896342191e-05, -2.9627684853e-05, -5.36994884897e-05, 4.08347841585e-05, 8.42963563628e-05, -6.81971359882e-05, 2.20095716941e-06, 0.000196655499167, -4.57476053271e-05, 0.000270600081421, -0.000173890977749, 0.00020167598268], [-4.37896342191e-05, 0.000918533361983, -1.69981558429e-05, -0.000341049541021, 8.32274236018e-06, 0.000291600386845, -0.000178748887265, -0.000896885292605, 0.000440312898718, 3.50110531144e-05, -0.0008321282221, 0.000256305036601, -7.78314861236e-05], [-2.9627684853e-05, -1.69981558429e-05, 0.00253596785478, -0.000295182515401, -0.000253306498053, -0.000311057112413, -0.000255822495092, 0.000327660061885, -0.000702683930285, 0.000290513882646, -0.000317260361044, 2.55628237937e-05, 0.000409354979638], [-5.36994884897e-05, -0.000341049541021, -0.000295182515401, 0.00464778486639, -0.00271311728284, -0.000698162417393, 0.00193176837638, -0.00157229253091, -0.000819238834083, -0.000201474438654, 0.000671872636303, -0.000135070920805, -0.000726782716811], [4.08347841585e-05, 8.32274236018e-06, -0.000253306498053, -0.00271311728284, 0.00637782365084, -0.00263619911857, 0.000192126521142, 0.00202029664069, -0.000853762612678, -0.00139879388735, 0.00163093791343, -0.00189058133401, -0.000190442660823], [8.42963563628e-05, 0.000291600386845, -0.000311057112413, -0.000698162417393, -0.00263619911857, 0.0106983361766, -0.00507950223982, -0.000418944371631, -0.000485578319058, 5.85934831179e-05, -0.00155815109611, 0.000914750911761, 0.00115692149848], [-6.81971359882e-05, -0.000178748887265, -0.000255822495092, 0.00193176837638, 0.000192126521142, -0.00507950223982, 0.00784105621278, -0.00374554470181, 0.00281978095882, -0.00258242106065, 5.28970449523e-05, -0.000689774868079, 0.000428747094702], [2.20095716941e-06, -0.000896885292605, 0.000327660061885, -0.00157229253091, 0.00202029664069, -0.000418944371631, -0.00374554470181, 0.0142467999831, -0.0067628310062, 0.00195429846644, -0.00215190462768, 0.0023657688871, -0.00441133091226], [0.000196655499167, 0.000440312898718, -0.000702683930285, -0.000819238834083, -0.000853762612678, -0.000485578319058, 0.00281978095882, -0.0067628310062, 0.012128058821, -0.00386990886182, 0.00507438043132, -0.00251485034823, 0.00396955991164], [-4.57476053271e-05, 3.50110531144e-05, 0.000290513882646, -0.000201474438654, -0.00139879388735, 5.85934831179e-05, -0.00258242106065, 0.00195429846644, -0.00386990886182, 0.0156857147813, -0.00931354146451, 0.00241255550645, -0.000104541097244], [0.000270600081421, -0.0008321282221, -0.000317260361044, 0.000671872636303, 0.00163093791343, -0.00155815109611, 5.28970449523e-05, -0.00215190462768, 0.00507438043132, -0.00931354146451, 0.0192603114992, -0.00582282757387, 0.00337729067542], [-0.000173890977749, 0.000256305036601, 2.55628237937e-05, -0.000135070920805, -0.00189058133401, 0.000914750911761, -0.000689774868079, 0.0023657688871, -0.00251485034823, 0.00241255550645, -0.00582282757387, 0.0152122359723, -0.00711489468813], [0.00020167598268, -7.78314861236e-05, 0.000409354979638, -0.000726782716811, -0.000190442660823, 0.00115692149848, 0.000428747094702, -0.00441133091226, 0.00396955991164, -0.000104541097244, 0.00337729067542, -0.00711489468813, 0.0177878066897]], "mean": [-661.753051758, 100.40196991, -8.5128698349, 18.6469688416, 10.2376441956, -2.91022253036, 4.63014221191, -2.30081415176, -8.03478527069, 0.102376997471, -3.20659708977, 3.62546205521, 0.602814853191]}, "pitch_salience": {"dmean": 0.0630594193935, "dmean2": 0.100145608187, "dvar": 0.00336692598648, "dvar2": 0.00768941268325, "max": 0.852262020111, "mean": 0.548771619797, "median": 0.545397639275, "min": 0.0976628363132, "var": 0.0112893702462}, "silence_rate_20dB": {"dmean": 0, "dmean2": 0, "dvar": 0, "dvar2": 0, "max": 1, "mean": 1, "median": 1, "min": 1, "var": 0}, "silence_rate_30dB": {"dmean": 0, "dmean2": 0, "dvar": 0, "dvar2": 0, "max": 1, "mean": 1, "median": 1, "min": 1, "var": 0}, "silence_rate_60dB": {"dmean": 0.0262166149914, "dmean2": 0.0524418205023, "dvar": 0.025528755039, "dvar2": 0.0546051636338, "max": 1, "mean": 0.107798166573, "median": 0, "min": 0, "var": 0.0961809903383}, "spectral_centroid": {"dmean": 246.080795288, "dmean2": 368.83694458, "dvar": 81865.5625, "dvar2": 161165.765625, "max": 11217.7128906, "mean": 1688.21594238, "median": 1702.47766113, "min": 299.120544434, "var": 442006.28125}, "spectral_complexity": {"dmean": 3.53629374504, "dmean2": 4.92559814453, "dvar": 23.1017608643, "dvar2": 35.7089958191, "max": 59, "mean": 16.2637615204, "median": 15, "min": 0, "var": 94.9835586548}, "spectral_contrast_coeffs": {"dmean": [0.050986841321, 0.0455928780138, 0.0383143387735, 0.0318723358214, 0.0230586752295, 0.0148496022448], "dmean2": [0.0859818011522, 0.0738478004932, 0.0599854253232, 0.049376796931, 0.0351571850479, 0.0227758251131], "dvar": [0.00181915052235, 0.00145741296001, 0.00112052552868, 0.000782421149779, 0.000413352565374, 0.000177078007255], "dvar2": [0.0048118494451, 0.00365315214731, 0.00250072125345, 0.0016306018224, 0.000850428128615, 0.000383916893043], "max": [-0.307750046253, -0.326717436314, -0.398144930601, -0.507798433304, -0.523532867432, -0.595485568047], "mean": [-0.641710817814, -0.721136271954, -0.743116974831, -0.742789149284, -0.755093932152, -0.779612839222], "median": [-0.64740562439, -0.733634233475, -0.759779810905, -0.752736926079, -0.762699365616, -0.782251775265], "min": [-0.96384036541, -0.968043267727, -0.972977876663, -0.952542960644, -0.962321996689, -0.95740455389], "var": [0.0077861812897, 0.00943990051746, 0.00791936181486, 0.00578102050349, 0.00407381495461, 0.0015007777838]}, "spectral_contrast_valleys": {"dmean": [0.416354686022, 0.401520162821, 0.352571457624, 0.286317527294, 0.247343480587, 0.282667249441], "dmean2": [0.658978164196, 0.640419006348, 0.539455711842, 0.428863972425, 0.339949131012, 0.345177352428], "dvar": [0.175014466047, 0.172816202044, 0.13584010303, 0.10873901844, 0.0999271124601, 0.148138672113], "dvar2": [0.304074943066, 0.34892103076, 0.25173291564, 0.175508379936, 0.144181385636, 0.224758505821], "max": [-5.38906908035, -4.71818447113, -5.04547071457, -5.75703477859, -5.65630340576, -7.53170919418], "mean": [-7.99233913422, -7.27942657471, -7.89660263062, -8.13816547394, -7.87008571625, -10.3186168671], "median": [-7.64351987839, -7.08302879333, -7.70119667053, -7.95714855194, -7.67313337326, -10.1928930283], "min": [-27.0118217468, -26.7398281097, -26.7671012878, -27.5946521759, -27.2215633392, -27.2546443939], "var": [2.41598367691, 2.42980790138, 2.28402256966, 2.06415534019, 2.01862645149, 2.0715675354]}, "spectral_decrease": {"dmean": 1.35369393472e-09, "dmean2": 1.97633243104e-09, "dvar": 3.74896658378e-18, "dvar2": 8.25620715354e-18, "max": 1.3403927931e-15, "mean": -4.76660266813e-09, "median": -4.41198233503e-09, "min": -2.81103886834e-08, "var": 1.13392052495e-17}, "spectral_energy": {"dmean": 0.0056186048314, "dmean2": 0.00806131586432, "dvar": 6.16729812464e-05, "dvar2": 0.00013041474449, "max": 0.108331881464, "mean": 0.020165335387, "median": 0.018835304305, "min": 2.18822493459e-09, "var": 0.000199728674488}, "spectral_energyband_high": {"dmean": 0.000544719630852, "dmean2": 0.000742954027373, "dvar": 1.91105914382e-06, "dvar2": 3.99415466745e-06, "max": 0.0210190415382, "mean": 0.000908469082788, "median": 0.000343770923791, "min": 5.1554149838e-10, "var": 2.92760341836e-06}, "spectral_energyband_low": {"dmean": 0.00184570206329, "dmean2": 0.00304735964164, "dvar": 1.6679712644e-05, "dvar2": 4.03450358135e-05, "max": 0.0872799754143, "mean": 0.00391865987331, "median": 0.00169515481684, "min": 2.76879935646e-10, "var": 3.41531522281e-05}, "spectral_energyband_middle_high": {"dmean": 0.00227998779155, "dmean2": 0.00305928569287, "dvar": 9.87309431366e-06, "dvar2": 1.7331673007e-05, "max": 0.0637117996812, "mean": 0.00790267717093, "median": 0.00538695976138, "min": 2.39179700351e-11, "var": 6.5364249167e-05}, "spectral_energyband_middle_low": {"dmean": 0.00369314639829, "dmean2": 0.00578943593428, "dvar": 3.82624348276e-05, "dvar2": 9.29951129365e-05, "max": 0.0642787516117, "mean": 0.00820757448673, "median": 0.00551080703735, "min": 4.39754829773e-11, "var": 7.58010573918e-05}, "spectral_entropy": {"dmean": 0.153980150819, "dmean2": 0.212851420045, "dvar": 0.0275667831302, "dvar2": 0.049115922302, "max": 9.78645038605, "mean": 7.49339485168, "median": 7.44061183929, "min": 5.95619392395, "var": 0.232686787844}, "spectral_flux": {"dmean": 0.0210504308343, "dmean2": 0.0319801978767, "dvar": 0.000630356953479, "dvar2": 0.00133620831184, "max": 0.256880193949, "mean": 0.0689490064979, "median": 0.0597994737327, "min": 4.08240157412e-05, "var": 0.00188286590856}, "spectral_kurtosis": {"dmean": 1.27722024918, "dmean2": 2.12680673599, "dvar": 2.36349821091, "dvar2": 6.75095558167, "max": 34.0215072632, "mean": 4.5094575882, "median": 4.18613767624, "min": -1.18278062344, "var": 6.54290342331}, "spectral_rms": {"dmean": 0.000592435419094, "dmean2": 0.00082454882795, "dvar": 5.54606515379e-07, "dvar2": 1.06897255137e-06, "max": 0.0102805467322, "mean": 0.00407215487212, "median": 0.0042867125012, "min": 1.46111381127e-06, "var": 3.09104370899e-06}, "spectral_rolloff": {"dmean": 568.198059082, "dmean2": 908.235107422, "dvar": 1225591.375, "dvar2": 2718921.5, "max": 21834.6679688, "mean": 2462.56445312, "median": 1679.58984375, "min": 64.599609375, "var": 10886515}, "spectral_skewness": {"dmean": 0.168230012059, "dmean2": 0.266361176968, "dvar": 0.02842679061, "dvar2": 0.0736359357834, "max": 4.04037666321, "mean": 1.56763708591, "median": 1.56088232994, "min": -0.0115658696741, "var": 0.115246996284}, "spectral_spread": {"dmean": 445415.5, "dmean2": 629579.375, "dvar": 419780853760, "dvar2": 627317145600, "max": 41432044, "mean": 4727326, "median": 4321261, "min": 1346737.5, "var": 3433776283650.0}, "spectral_strongpeak": {"