{"lowlevel": {"average_loudness": 0.666434884071, "barkbands": {"dmean": [3.44644395227e-05, 0.000285755842924, 0.000921716273297, 0.000983393983915, 0.00158849556465, 0.00092907960061, 0.000572137709241, 0.00115129514597, 0.000812782382127, 0.00138582556974, 0.000781735579949, 0.000377654039767, 0.000223580907914, 0.000139987139846, 6.87432693667e-05, 8.96386991371e-05, 6.82025929564e-05, 4.66317069368e-05, 4.51780651929e-05, 5.03976480104e-05, 4.38195856987e-05, 7.38969320082e-05, 5.69690309931e-05, 7.45219294913e-05, 2.76164028037e-05, 8.24817743705e-06, 4.50680744279e-07], "dmean2": [5.48500174773e-05, 0.000453153159469, 0.00151164131239, 0.00152662803885, 0.00243573822081, 0.00135745399166, 0.000839609303512, 0.00162877957337, 0.00121362472419, 0.00206308951601, 0.00122535543051, 0.00058161636116, 0.000357813754817, 0.000226775053306, 0.000112719455501, 0.000149100174895, 0.00011180608999, 7.349356747e-05, 7.2240785812e-05, 7.78306202847e-05, 6.5368374635e-05, 0.000109796601464, 9.01051025721e-05, 0.000121694269183, 4.31719090557e-05, 1.25827027659e-05, 7.09083906258e-07], "dvar": [2.58271626308e-08, 3.370697641e-07, 3.81551262763e-06, 4.24483550887e-06, 6.88756244926e-06, 6.79855338603e-06, 2.25997655434e-06, 9.57098563958e-06, 7.3415717452e-06, 1.91299186554e-05, 5.75102149014e-06, 1.35165169013e-06, 6.4496231289e-07, 1.95426935079e-07, 4.18363299559e-08, 5.94152744782e-08, 2.54537244615e-08, 1.00940882319e-08, 1.35102737886e-08, 1.60337378929e-08, 1.38088500634e-08, 8.48432222256e-08, 3.38461028093e-08, 4.42336833828e-08, 4.9886574871e-09, 6.98691271506e-10, 2.59294365493e-12], "dvar2": [5.04769346321e-08, 8.39645792894e-07, 1.06525312731e-05, 9.56102940108e-06, 1.59500723385e-05, 1.30469679789e-05, 4.24020981882e-06, 1.74904798769e-05, 1.53837718244e-05, 3.94670023525e-05, 1.24836451505e-05, 2.73920386462e-06, 1.54099564043e-06, 4.83751477987e-07, 1.05247032423e-07, 1.63829014355e-07, 6.8965363198e-08, 2.32829506785e-08, 3.30733413989e-08, 4.02321127524e-08, 2.59290597882e-08, 2.08606991237e-07, 8.01493271751e-08, 1.06294571367e-07, 1.14359535175e-08, 1.6754730936e-09, 6.37811374896e-12], "max": [0.00783865246922, 0.0263004824519, 0.0398463718593, 0.0514067448676, 0.0583204552531, 0.0972634479403, 0.0694070756435, 0.0940362662077, 0.0878292545676, 0.131379082799, 0.0672385841608, 0.0462501123548, 0.0242607947439, 0.0171406455338, 0.00741785904393, 0.00579186249524, 0.0034526612144, 0.00301918270998, 0.00539585668594, 0.00417772401124, 0.00564091140404, 0.014133435674, 0.00977404695004, 0.0120572447777, 0.00285515096039, 0.000781835755333, 6.90508095431e-05], "mean": [4.91606042488e-05, 0.000599987688474, 0.00185792567208, 0.00196744129062, 0.00349708343856, 0.00208643823862, 0.00104248826392, 0.00234987563454, 0.00148108042777, 0.00277267768979, 0.00142745859921, 0.000676630705129, 0.000391178386053, 0.000246933603194, 0.00011508174066, 0.000153433502419, 0.000124285696074, 9.80425320449e-05, 0.000102478370536, 0.000121088545711, 0.000111984598334, 0.00016506879183, 0.000118305579235, 0.000150266612764, 6.00067214691e-05, 1.91398630704e-05, 1.67279563357e-06], "median": [2.698035496e-05, 0.000319838378346, 0.000817549997009, 0.000703843892552, 0.00183441210538, 0.000684002356138, 0.00037248985609, 0.000520483998116, 0.000271554279607, 0.000335054617608, 0.000293968274491, 9.92978821159e-05, 4.71443127026e-05, 6.43004314043e-05, 3.72663271264e-05, 4.74055923405e-05, 4.45719560958e-05, 3.8174479414e-05, 3.55576594302e-05, 3.73303664674e-05, 3.73121620214e-05, 5.47686249774e-05, 4.37974122178e-05, 5.21329275216e-05, 2.24855011766e-05, 7.70063616073e-06, 1.26374197862e-06], "min": [1.18203854811e-25, 3.67329925073e-24, 5.97862149368e-25, 9.00016928793e-25, 6.24235495063e-24, 6.25487259547e-24, 9.77338629254e-24, 9.0665842764e-24, 1.83035688192e-23, 1.26877090557e-23, 1.52534539064e-23, 1.66330043911e-23, 3.35353795378e-23, 4.33314384816e-23, 3.17289417074e-23, 5.51986170222e-23, 7.59538503612e-23, 8.90264178313e-23, 1.34470428973e-22, 1.73529999481e-22, 2.72696921327e-22, 3.04137711078e-22, 3.76441773399e-22, 6.10020458209e-22, 8.77319349511e-22, 1.08064916922e-21, 2.01765426494e-21], "var": [4.82879194408e-08, 8.02749468676e-07, 8.40473512653e-06, 1.59385035658e-05, 2.2065549274e-05, 3.19457285514e-05, 6.99702286511e-06, 4.11831788369e-05, 2.77422386716e-05, 7.25671852706e-05, 2.16559747059e-05, 3.90838431485e-06, 1.75954892256e-06, 4.34424237028e-07, 7.57247988759e-08, 1.24260949974e-07, 5.83068668902e-08, 3.3149600398e-08, 4.34544027428e-08, 6.14666433307e-08, 7.05360534425e-08, 1.81851703474e-07, 9.75194822672e-08, 1.65964166854e-07, 1.34486937142e-08, 1.44312739536e-09, 4.72981246183e-12]}, "barkbands_crest": {"dmean": 2.38359975815, "dmean2": 3.80333209038, "dvar": 4.41101074219, "dvar2": 10.8237075806, "max": 26.7592334747, "mean": 11.1458454132, "median": 10.1829547882, "min": 2.87976789474, "var": 21.4019851685}, "barkbands_flatness_db": {"dmean": 0.0165791101754, "dmean2": 0.0258965585381, "dvar": 0.000223936789553, "dvar2": 0.00052843010053, "max": 0.406121701002, "mean": 0.142427369952, "median": 0.134183391929, "min": 0.0380220972002, "var": 0.00267775612883}, "barkbands_kurtosis": {"dmean": 3.99753785133, "dmean2": 6.28184270859, "dvar": 58.8388023376, "dvar2": 142.660263062, "max": 448.649658203, "mean": 10.4901485443, "median": 5.56502628326, "min": -1.90807855129, "var": 352.832824707}, "barkbands_skewness": {"dmean": 0.492179721594, "dmean2": 0.767367422581, "dvar": 0.262190788984, "dvar2": 0.633333206177, "max": 20.610704422, "mean": 2.13943958282, "median": 1.88681435585, "min": -2.10141372681, "var": 2.29609870911}, "barkbands_spread": {"dmean": 4.10819292068, "dmean2": 6.58423519135, "dvar": 36.6286468506, "dvar2": 84.8623275757, "max": 135.755630493, "mean": 15.895070076, "median": 13.4693670273, "min": 0.504172205925, "var": 139.437332153}, "dissonance": {"dmean": 0.0307582747191, "dmean2": 0.0518017858267, "dvar": 0.000807110511232, "dvar2": 0.00224215025082, "max": 0.49983844161, "mean": 0.426348000765, "median": 0.437550574541, "min": 0.124239586294, "var": 0.00252851401456}, "dynamic_complexity": 3.67145061493, "erbbands": {"dmean": [0.0072078066878, 0.0806011781096, 0.791104972363, 2.19406723976, 3.76049923897, 5.77647542953, 8.29735279083, 7.20531368256, 7.45628595352, 14.988951683, 22.6442108154, 18.1137943268, 38.3036766052, 29.0116729736, 25.8197937012, 17.1207275391, 10.8160905838, 7.61163759232, 3.17545366287, 5.26808977127, 3.38981938362, 2.77163863182, 2.23314714432, 2.15124535561, 2.16931200027, 2.68910861015, 1.4868773222, 2.14405870438, 2.71508026123, 2.08661079407, 1.58673083782, 1.71085715294, 1.13740551472, 0.423588365316, 0.147053435445, 0.0563096106052, 0.0114812264219, 0.00126308365725, 7.32190528652e-05, 7.98126802692e-06], "dmean2": [0.0114267794415, 0.130699783564, 1.32005536556, 3.46819186211, 5.8691740036, 8.78451728821, 12.291727066, 10.5445814133, 10.7096948624, 22.3377666473, 32.1258277893, 27.0034008026, 58.0150718689, 43.0661048889, 41.140083313, 26.729839325, 17.0186653137, 12.1400403976, 5.10658359528, 8.76452350616, 5.5866727829, 4.47323799133, 3.5156545639, 3.41496610641, 3.38806438446, 4.10581254959, 2.24082493782, 3.14806246758, 4.02460384369, 3.13529372215, 2.51156902313, 2.85788750648, 1.84449982643, 0.665712118149, 0.22937604785, 0.0867014303803, 0.0171889234334, 0.00188885012176, 0.000111924891826, 1.17293193398e-05], "dvar": [0.000337312783813, 0.0249734185636, 2.60378837585, 16.66954422, 65.5416259766, 100.970039368, 397.016235352, 460.320831299, 472.954467773, 1305.73449707, 5803.8671875, 4469.99609375, 17573.6210938, 10950.3720703, 4726.19042969, 2808.34301758, 1384.55322266, 543.545654297, 73.1900863647, 242.072265625, 60.982749939, 37.0981025696, 24.979467392, 26.549074173, 33.5908126831, 50.2487831116, 11.8442029953, 44.3623428345, 144.241348267, 65.5547103882, 20.1419219971, 30.4754238129, 8.74378585815, 1.23864650726, 0.149819195271, 0.0306227020919, 0.00148110860027, 1.48196513692e-05, 6.09525443451e-08, 1.93334070975e-10], "dvar2": [0.000675543153193, 0.0668997839093, 7.45612335205, 41.1733207703, 165.196838379, 220.955917358, 854.748718262, 875.036804199, 829.664672852, 2801.125, 10221.8847656, 8922.70996094, 38943.9296875, 23130.3046875, 11180.0244141, 6174.26367188, 3238.84228516, 1340.06494141, 180.454772949, 642.655273438, 170.549163818, 95.90650177, 56.5682373047, 63.9186592102, 79.1533508301, 125.218742371, 26.5488815308, 90.2009277344, 373.717376709, 153.294769287, 44.1908416748, 81.9508056641, 20.5658626556, 2.75602984428, 0.366237491369, 0.0771786347032, 0.00327782728709, 3.19184036925e-05, 1.43812584952e-07, 4.26232465989e-10], "max": [1.03927254677, 4.80045413971, 29.487077713, 82.9795684814, 138.843994141, 339.910583496, 836.729492188, 871.473083496, 1117.50793457, 1173.35522461, 2694.31884766, 2378.96386719, 5210.83544922, 3569.77661133, 2263.68823242, 1807.6348877, 1251.28295898, 871.670288086, 326.832305908, 511.205688477, 164.744308472, 150.792831421, 184.644119263, 178.58996582, 224.579086304, 270.310882568, 129.686813354, 285.028656006, 690.188293457, 444.815246582, 306.049346924, 277.581390381, 168.401092529, 47.5673980713, 11.2635574341, 5.16812515259, 1.35563743114, 0.120858468115, 0.0102359782904, 0.000984887476079], "mean": [0.0113047389314, 0.180454045534, 1.66453123093, 4.7426943779, 7.85113525391, 12.1371164322, 18.0130252838, 16.065158844, 15.3244743347, 30.3774662018, 48.3965568542, 37.9099960327, 83.064239502, 63.9105529785, 49.6404266357, 32.9525489807, 20.8167762756, 14.0662755966, 6.43557596207, 9.43585777283, 6.87331867218, 5.78464126587, 5.21013259888, 5.20834922791, 5.27409315109, 6.45423984528, 4.02232599258, 5.22003984451, 6.06962156296, 4.53792238235, 3.28919172287, 3.19615530968, 2.2893242836, 0.896240949631, 0.321749955416, 0.121458403766, 0.0271302834153, 0.00370120210573, 0.000295848352835, 3.98217707698e-05], "median": [0.00691649597138, 0.0965984538198, 0.828476190567, 2.21546649933, 2.67077589035, 6.32804346085, 7.30898094177, 5.097635746, 5.66454648972, 9.6767244339, 10.2860183716, 8.24656867981, 11.595079422, 10.4405784607, 14.7661495209, 6.29397296906, 3.74234342575, 4.0579199791, 2.50260806084, 3.31185507774, 2.63321566582, 2.36222672462, 2.18463969231, 1.95713889599, 1.62384915352, 1.99889242649, 1.47210299969, 1.58803606033, 1.80330884457, 1.68481886387, 1.26569378376, 1.0083707571, 0.802257537842, 0.319094330072, 0.122938595712, 0.0461997576058, 0.0110673969612, 0.00202185590751, 0.000222355680307, 3.19592800224e-05], "min": [1.06463228886e-22, 5.15445956388e-22, 1.5831584631e-21, 2.9713070773e-21, 1.25206185341e-20, 2.09587679343e-20, 2.16541198679e-20, 4.3392625083e-20, 1.56960222494e-19, 1.83716426307e-19, 2.13911297475e-19, 4.60934557323e-19, 4.31024430156e-19, 8.42631002227e-19, 7.91643330775e-19, 8.37367651989e-19, 1.59615128463e-18, 2.11417851992e-18, 2.6229984078e-18, 3.4021824857e-18, 3.46246430681e-18, 5.23287070005e-18, 5.24754033463e-18, 5.57003572159e-18, 7.78772514181e-18, 8.89328759926e-18, 9.39154480431e-18, 1.12024540962e-17, 1.15681994487e-17, 1.1322074339e-17, 1.09903484436e-17, 1.05084743777e-17, 9.95804523708e-18, 8.27930948087e-18, 6.89211187718e-18, 4.21694897841e-18, 1.94869069862e-18, 9.82588204112e-19, 2.73961055655e-19, 2.71181664173e-20], "var": [0.00066442968091, 0.0612668022513, 5.43471717834, 52.0685005188, 206.095703125, 334.275604248, 1541.86352539, 2006.6204834, 1850.77575684, 4668.984375, 26566.1347656, 18229.0996094, 75603.1015625, 49701.3007813, 14972.6806641, 7703.22509766, 4141.66357422, 1231.18408203, 196.733139038, 510.308776855, 155.58555603, 100.971244812, 90.6419372559, 86.3396530151, 128.448699951, 187.221664429, 57.4322471619, 185.021713257, 266.441131592, 145.289505005, 75.3490142822, 83.1328277588, 34.3029403687, 3.53666877747, 0.372906386852, 0.0597735345364, 0.00335556734353, 3.84686027246e-05, 1.32391051011e-07, 9.11868192066e-10]}, "erbbands_crest": {"dmean": 2.89933896065, "dmean2": 4.68246126175, "dvar": 6.78281450272, "dvar2": 16.8252086639, "max": 33.4079856873, "mean": 11.9299736023, "median": 10.4879131317, "min": 2.17838335037, "var": 35.1955375671}, "erbbands_flatness_db": {"dmean": 0.0148476809263, "dmean2": 0.0229042470455, "dvar": 0.000178862464963, "dvar2": 0.000404863763833, "max": 0.352423071861, "mean": 0.160628154874, "median": 0.152990847826, "min": 0.0253328476101, "var": 0.00189190648962}, "erbbands_kurtosis": {"dmean": 1.87623751163, "dmean2": 2.993227005, "dvar": 7.81562852859, "dvar2": 20.0343875885, "max": 89.3738632202, "mean": 3.72936701775, "median": 1.61835074425, "min": -1.82303857803, "var": 36.6929130554}, "erbbands_skewness": {"dmean": 0.385087937117, "dmean2": 0.597790896893, "dvar": 0.137359052896, "dvar2": 0.319188147783, "max": 7.60316467285, "mean": 1.26921796799, "median": 1.15219891071, "min": -3.56642913818, "var": 1.00462698936}, "erbbands_spread": {"dmean": 8.14979457855, "dmean2": 13.0013599396, "dvar": 105.968757629, "dvar2": 257.425048828, "max": 140.157714844, "mean": 33.9790153503, "median": 30.9729824066, "min": 1.37642419338, "var": 384.010406494}, "gfcc": {"cov": [[21488.7675781, 874.818908691, -2807.14868164, 445.231781006, -1649.69287109, 476.366424561, -506.814239502, 161.606719971, -491.449859619, -199.109725952, -236.11328125, -184.824920654, -168.874084473], [874.818908691, 612.977661133, 140.088287354, -123.217773438, 54.2381668091, -104.584602356, -26.5042285919, -43.0027236938, -1.87985265255, -29.7349967957, -22.1735877991, 2.76903820038, -20.2646350861], [-2807.14868164, 140.088287354, 1079.11450195, -104.849830627, 170.632446289, -164.003570557, -54.5961380005, -59.9222755432, 66.6163330078, 54.9981117249, -23.7457256317, 104.298538208, -4.49690246582], [445.231781006, -123.217773438, -104.849830627, 360.663909912, 66.9695739746, 21.8594169617, -105.634841919, -58.475982666, 23.2013072968, -8.00575637817, -4.53515052795, -53.8363037109, 26.5906963348], [-1649.69287109, 54.2381668091, 170.632446289, 66.9695739746, 375.795135498, -47.7938423157, 3.30609869957, -67.395324707, 37.7128410339, 25.1493663788, -11.4682626724, -5.95927667618, 32.0694694519], [476.366424561, -104.584602356, -164.003570557, 21.8594169617, -47.7938423157, 231.229370117, 86.9928894043, 60.6643218994, -28.9405441284, -44.7797203064, 27.1912117004, -62.951625824, -22.5292034149], [-506.814239502, -26.5042285919, -54.5961380005, -105.634841919, 3.30609869957, 86.9928894043, 258.713165283, 85.0013656616, -32.106086731, -27.2596359253, 10.351061821, -8.35474967957, -31.5900497437], [161.606719971, -43.0027236938, -59.9222755432, -58.475982666, -67.395324707, 60.6643218994, 85.0013656616, 123.959342957, 3.26679778099, -16.9288539886, 11.4490146637, -22.302696228, -22.1234703064], [-491.449859619, -1.87985265255, 66.6163330078, 23.2013072968, 37.7128410339, -28.9405441284, -32.106086731, 3.26679778099, 103.756713867, 30.4373130798, 4.66683006287, -5.72085046768, 0.39567258954], [-199.109725952, -29.7349967957, 54.9981117249, -8.00575637817, 25.1493663788, -44.7797203064, -27.2596359253, -16.9288539886, 30.4373130798, 93.8555297852, 14.8795318604, 22.9486637115, -3.79894328117], [-236.11328125, -22.1735877991, -23.7457256317, -4.53515052795, -11.4682626724, 27.1912117004, 10.351061821, 11.4490146637, 4.66683006287, 14.8795318604, 108.814926147, 0.120472632349, -8.79753780365], [-184.824920654, 2.76903820038, 104.298538208, -53.8363037109, -5.95927667618, -62.951625824, -8.35474967957, -22.302696228, -5.72085046768, 22.9486637115, 0.120472632349, 119.460151672, 36.8779258728], [-168.874084473, -20.2646350861, -4.49690246582, 26.5906963348, 32.0694694519, -22.5292034149, -31.5900497437, -22.1234703064, 0.39567258954, -3.79894328117, -8.79753780365, 36.8779258728, 95.696395874]], "icov": [[0.000658577482682, -0.00206045876257, 0.00140541559085, -0.00162600108888, 0.00218178797513, -0.00166625028942, 0.00182243622839, -0.00153860449791, 0.00228172237985, -0.00196875818074, 0.00214708899148, -0.00168412423227, 0.00112497806549], [-0.00206045876257, 0.00866264663637, -0.00444951606914, 0.00614557787776, -0.00717825442553, 0.00621581682935, -0.00540183857083, 0.00561597477645, -0.00723853427917, 0.00769321387634, -0.00679074553773, 0.00593456532806, -0.00291027012281], [0.00140541559085, -0.00444951606914, 0.00427217874676, -0.00310102594085, 0.00403875019401, -0.00325212511234, 0.00418435921893, -0.00323657155968, 0.00425593927503, -0.00406204769388, 0.00476146442816, -0.00467447983101, 0.00317452754825], [-0.00162600108888, 0.00614557787776, -0.00310102594085, 0.00857445970178, -0.0061824969016, 0.00375657412224, -0.00288586947136, 0.00553762400523, -0.00646503921598, 0.00599360233173, -0.00531312962994, 0.00599401816726, -0.00334611046128], [0.00218178797513, -0.00717825442553, 0.00403875019401, -0.0061824969016, 0.0111739169806, -0.00523512298241, 0.00424418738112, -0.00281774997711, 0.00651894370094, -0.0074930251576, 0.00717714196071, -0.00404446851462, 0.00190435897093], [-0.00166625028942, 0.00621581682935, -0.00325212511234, 0.00375657412224, -0.00523512298241, 0.011725881137, -0.00622058054432, 0.00274154311046, -0.0047529283911, 0.00716901617125, -0.00709112919867, 0.0070712142624, -0.00279816379771], [0.00182243622839, -0.00540183857083, 0.00418435921893, -0.00288586947136, 0.00424418738112, -0.00622058054432, 0.0119185503572, -0.00798435788602, 0.00783696770668, -0.00444941734895, 0.00603324687108, -0.00603455351666, 0.00494352821261], [-0.00153860449791, 0.00561597477645, -0.00323657155968, 0.00553762400523, -0.00281774997711, 0.00274154311046, -0.00798435788602, 0.0178312305361, -0.00872762035578, 0.005911602173, -0.00543182389811, 0.00618735840544, -0.00275339605287], [0.00228172237985, -0.00723853427917, 0.00425593927503, -0.00646503921598, 0.00651894370094, -0.0047529283911, 0.00783696770668, -0.00872762035578, 0.0205064937472, -0.0103702563792, 0.00701496237889, -0.00432768603787, 0.00357205467299], [-0.00196875818074, 0.00769321387634, -0.00406204769388, 0.00599360233173, -0.0074930251576, 0.00716901617125, -0.00444941734895, 0.005911602173, -0.0103702563792, 0.0210031010211, -0.00860243756324, 0.00289272144437, -0.000633674615528], [0.00214708899148, -0.00679074553773, 0.00476146442816, -0.00531312962994, 0.00717714196071, -0.00709112919867, 0.00603324687108, -0.00543182389811, 0.00701496237889, -0.00860243756324, 0.0170457102358, -0.00642554089427, 0.0043849889189], [-0.00168412423227, 0.00593456532806, -0.00467447983101, 0.00599401816726, -0.00404446851462, 0.0070712142624, -0.00603455351666, 0.00618735840544, -0.00432768603787, 0.00289272144437, -0.00642554089427, 0.018620563671, -0.00877564121038], [0.00112497806549, -0.00291027012281, 0.00317452754825, -0.00334611046128, 0.00190435897093, -0.00279816379771, 0.00494352821261, -0.00275339605287, 0.00357205467299, -0.000633674615528, 0.0043849889189, -0.00877564121038, 0.0163410361856]], "mean": [-32.3025932312, 83.1385879517, -90.5074081421, 15.1439199448, -74.0540924072, 14.3531866074, -37.42137146, 3.22134399414, -29.0140514374, -5.35673141479, -20.1934509277, 0.562546432018, -12.2223644257]}, "hfc": {"dmean": 4.12879180908, "dmean2": 5.88085460663, "dvar": 44.514793396, "dvar2": 86.0999526978, "max": 249.931594849, "mean": 16.7982807159, "median": 10.3270025253, "min": 1.04648425857e-16, "var": 363.301696777}, "melbands": {"dmean": [6.84304395691e-05, 0.00030365929706, 0.000426383805461, 0.000302855623886, 0.000298562168609, 0.000164639292052, 0.00011077295494, 0.000182731047971, 0.000186572433449, 0.000113642548968, 0.000194365973584, 0.000123383229948, 0.000101573008578, 4.56671805296e-05, 3.80478704756e-05, 1.62688502314e-05, 1.61517891684e-05, 5.7131005633e-06, 4.83087296743e-06, 8.46231705509e-06, 3.84140594178e-06, 3.47365062225e-06, 2.97788051284e-06, 1.89878267065e-06, 1.93213418243e-06, 1.76345429281e-06, 1.65671849572e-06, 1.91717776943e-06, 1.03053218936e-06, 1.10708811007e-06, 1.46157560721e-06, 1.66338566032e-06, 1.48070125761e-06, 1.16135197459e-06, 9.79886976893e-07, 9.17084889807e-07, 1.18148398087e-06, 9.13249152745e-07, 6.0212948938e-07, 3.10679183713e-07], "dmean2": [0.000106860403321, 0.000504456460476, 0.000668089662213, 0.000464027834823, 0.000448394013802, 0.000240835739532, 0.00016061415954, 0.000267734896624, 0.000267603754764, 0.000168349477462, 0.000293347635306, 0.000181721537956, 0.000159649905981, 7.1004149504e-05, 5.95459023316e-05, 2.53902944678e-05, 2.61162822426e-05, 9.2160753411e-06, 7.84217991168e-06, 1.42302933455e-05, 6.33638728686e-06, 5.64497167943e-06, 4.84245720145e-06, 2.9468556022e-06, 3.10197970066e-06, 2.82123301076e-06, 2.58815157395e-06, 2.95339737022e-06, 1.59016224188e-06, 1.69851784904e-06, 2.19134653889e-06, 2.49235858973e-06, 2.26076690524e-06, 1.79503217623e-06, 1.5644427549e-06, 1.52064558279e-06, 1.98582802113e-06, 1.48451340465e-06, 9.73807800619e-07, 4.8920617246e-07], "dvar": [2.26259704306e-08, 3.702511151e-07, 6.39798429347e-07, 2.6047882784e-07, 3.82691780487e-07, 2.17708119976e-07, 9.75207470333e-08, 1.9412676977e-07, 4.25553338346e-07, 1.65865898794e-07, 4.5245545266e-07, 2.03918077091e-07, 8.72648584505e-08, 1.6605683939e-08, 1.26792123467e-08, 2.91399260277e-09, 2.69324429425e-09, 2.5091834166e-10, 2.07865197277e-10, 5.08781961006e-10, 8.36212904476e-11, 8.20623707876e-11, 4.67204608334e-11, 2.01396278127e-11, 2.33562093277e-11, 2.76140482008e-11, 2.31979383619e-11, 2.560207428e-11, 6.88061413401e-12, 8.13774048147e-12, 2.59669646896e-11, 4.93725026141e-11, 3.74335701325e-11, 2.57683024224e-11, 8.3817649002e-12, 7.30023593659e-12, 1.79490745184e-11, 6.37482297852e-12, 2.27534896306e-12, 8.18548028837e-13], "dvar2": [4.97821908141e-08, 1.04800915324e-06, 1.52332859216e-06, 6.28668487934e-07, 8.64244441345e-07, 4.07748188991e-07, 1.74075523773e-07, 4.04682850785e-07, 7.66089044646e-07, 3.28902672209e-07, 9.92192667582e-07, 4.24058725912e-07, 1.97360733978e-07, 3.24845821353e-08, 2.95834006181e-08, 6.54680754053e-09, 6.73662636785e-09, 5.97825400295e-10, 5.04266128853e-10, 1.40684452976e-09, 2.26720753282e-10, 2.16467524461e-10, 1.1749870521e-10, 4.47986647778e-11, 5.64697490157e-11, 6.86625339918e-11, 5.60758731116e-11, 6.5031015295e-11, 1.71048331749e-11, 1.85853138435e-11, 5.62700684659e-11, 1.26518656662e-10, 9.14139874908e-11, 6.46574183083e-11, 1.8279279132e-11, 1.76740601321e-11, 5.12883138737e-11, 1.57604432977e-11, 5.25175215815e-12, 1.81130241014e-12], "max": [0.00821372587234, 0.0111153330654, 0.0175892971456, 0.0143231730908, 0.0217719282955, 0.0191425085068, 0.0165546592325, 0.0142491748556, 0.0228000041097, 0.0156130073592, 0.0256949141622, 0.0158850606531, 0.00971641764045, 0.00609199376777, 0.00247191987, 0.00172657880466, 0.00199935096316, 0.000554426515009, 0.000606094312388, 0.00050165085122, 0.000201814676984, 0.000224263683776, 0.000239738248638, 0.000119119104056, 0.000173860942596, 0.000292145996355, 0.000190726743313, 0.000190704406123, 0.000106053128548, 0.000101106110378, 0.000229732060689, 0.000376002775738, 0.000279263564153, 0.000313669763273, 0.0001844062499, 0.000140571239172, 0.000228353834245, 0.00015265881666, 7.70234328229e-05, 4.63520009362e-05], "mean": [0.000129826992634, 0.000661837577354, 0.000950834888499, 0.000666446925607, 0.000664696213789, 0.000373283197405, 0.000224162169616, 0.00036774147884, 0.00039239221951, 0.000222178699914, 0.000411127635743, 0.000253825623076, 0.000189601661987, 8.317965694e-05, 7.15098212822e-05, 2.86600115942e-05, 2.76455539279e-05, 1.03714201032e-05, 8.63179684529e-06, 1.44314490171e-05, 7.30835472496e-06, 6.44490501145e-06, 5.68609675611e-06, 4.19228899773e-06, 4.1711373342e-06, 3.78764411835e-06, 3.82140024158e-06, 4.25075086241e-06, 2.40621375269e-06, 2.57512510871e-06, 3.22779987982e-06, 3.51464245796e-06, 3.05199500872e-06, 2.32889806284e-06, 1.92511538444e-06, 1.68687745372e-06, 2.08843516702e-06, 1.71905571733e-06, 1.17278125344e-06, 6.13692634488e-07], "median": [7.70261467551e-05, 0.000333908217726, 0.000443848286523, 0.000332515308401, 0.000292551558232, 0.000117489049444, 7.90452977526e-05, 0.000105548380816, 7.47043450247e-05, 4.18836862082e-05, 4.95216190757e-05, 3.21285078826e-05, 4.36576701759e-05, 1.88588310266e-05, 1.1223492038e-05, 4.62620891994e-06, 6.84776114213e-06, 3.69727649741e-06, 2.79557161775e-06, 4.60200180896e-06, 2.37892709265e-06, 2.02140722649e-06, 2.17773072109e-06, 1.43623435633e-06, 1.46577508531e-06, 1.15200668915e-06, 1.004930823e-06, 1.27679641082e-06, 8.11573158899e-07, 8.12352880075e-07, 8.59512795159e-07, 9.20577690522e-07, 1.01790112694e-06, 7.90141370999e-07, 6.89425291966e-07, 5.41595113646e-07, 6.1087598624e-07, 5.59636418984e-07, 4.06211597692e-07, 2.01163928182e-07], "min": [1.30817582913e-24, 1.63198272034e-24, 1.12033749658e-24, 1.17196666789e-24, 8.8113169733e-25, 9.68302700901e-25, 2.41722482477e-24, 1.42929851859e-24, 1.34432123859e-24, 3.08796800893e-24, 1.95689667922e-24, 3.08062568605e-24, 2.17848711585e-24, 2.21180012023e-24, 1.95594767955e-24, 3.2496560955e-24, 3.38384251877e-24, 4.21144556634e-24, 3.11034424572e-24, 3.80114993763e-24, 3.1539516877e-24, 4.11964779495e-24, 5.19972064764e-24, 3.63729208914e-24, 3.55814409679e-24, 5.45372242064e-24, 5.13788539115e-24, 5.27986733789e-24, 4.74726316456e-24, 4.97167358172e-24, 5.86121562098e-24, 5.41598173721e-24, 5.61212292939e-24, 5.61655474996e-24, 5.06710090213e-24, 4.64677175157e-24, 7.19216162431e-24, 6.41676499702e-24, 6.16783323306e-24, 6.26318561169e-24], "var": [4.78676760451e-08, 8.22951051305e-07, 2.22415860662e-06, 8.85266615569e-07, 1.52385450747e-06, 1.04727371308e-06, 3.83521921776e-07, 7.2200282375e-07, 1.90063747141e-06, 6.58832846057e-07, 1.92429206436e-06, 8.76442015851e-07, 3.14863541462e-07, 4.73936161427e-08, 3.68136277018e-08, 7.98117572032e-09, 5.68674396462e-09, 6.14616746386e-10, 4.09384609545e-10, 1.13315890005e-09, 2.06576589168e-10, 1.90197371741e-10, 1.29212862632e-10, 7.24134016639e-11, 6.3132395145e-11, 8.60386692447e-11, 8.00094643316e-11, 8.14747089239e-11, 2.36931550768e-11, 3.38806517564e-11, 8.76910627445e-11, 9.42229766432e-11, 7.44684730547e-11, 4.39830602494e-11, 2.83445350524e-11, 2.07235929806e-11, 4.10291627062e-11, 2.22434327901e-11, 6.99449569444e-12, 1.99505060909e-12]}, "melbands_crest": {"dmean": 2.92257642746, "dmean2": 4.6691608429, "dvar": 6.66466331482, "dvar2": 16.8750190735, "max": 38.9174156189, "mean": 14.5723571777, "median": 13.6939611435, "min": 1.00422942638, "var": 30.9588031769}, "melbands_flatness_db": {"dmean": 0.0199357382953, "dmean2": 0.0308402124792, "dvar": 0.000365132204024, "dvar2": 0.000855664373375, "max": 0.486936479807, "mean": 0.218423351645, "median": 0.208829656243, "min": -2.76116480791e-07, "var": 0.00527861900628}, "melbands_kurtosis": {"dmean": 7.4056224823, "dmean2": 11.8300037384, "dvar": 166.143981934, "dvar2": 393.508392334, "max": 643.996459961, "mean": 17.836561203, "median": 10.7123394012, "min": -1.63709652424, "var": 702.298278809}, "melbands_skewness": {"dmean": 0.664276719093, "dmean2": 1.05232584476, "dvar": 0.513189435005, "dvar2": 1.23577606678, "max": 23.791425705, "mean": 2.59837698936, "median": 2.34541678429, "min": -2.26561117172, "var": 3.32908082008}, "melbands_spread": {"dmean": 4.1887345314, "dmean2": 6.71768093109, "dvar": 55.2533073425, "dvar2": 127.714561462, "max": 195.489959717, "mean": 17.0867614746, "median": 13.4987230301, "min": 0.672818303108, "var": 297.24899292}, "mfcc": {"cov": [[9606.56152344, -505.161865234, -857.582519531, -269.772918701, -472.913787842, -14.679353714, 135.412826538, 146.904785156, -66.3778457642, 96.1298141479, -83.2795410156, 37.8182830811, -134.082290649], [-505.161865234, 1066.28137207, 250.028045654, 43.3728027344, 34.9488945007, -36.1061553955, -51.211517334, -7.2299618721, -0.747634649277, -58.1061401367, 9.37538719177, -50.635017395, 1.60815608501], [-857.582519531, 250.028045654, 632.333129883, 35.6008148193, 54.6030769348, -29.0076847076, -83.7418518066, -8.30283069611, -19.9903411865, -41.2911491394, 15.4853258133, -11.7064657211, 2.49518561363], [-269.772918701, 43.3728027344, 35.6008148193, 287.40838623, 139.875549316, 45.1604652405, -95.3769226074, -84.7290420532, 18.1174964905, -38.1742324829, -45.4147949219, -36.4005699158, 21.2942562103], [-472.913787842, 34.9488945007, 54.6030769348, 139.875549316, 303.824279785, 60.4184150696, -75.2144165039, -91.3599472046, -3.07360625267, 6.75717830658, -56.6334953308, -4.39078044891, 3.77428746223], [-14.679353714, -36.1061553955, -29.0076847076, 45.1604652405, 60.4184150696, 126.012207031, 21.6586589813, -7.16469478607, 10.3570356369, 0.184958457947, -6.80154132843, -11.7396297455, -6.74119091034], [135.412826538, -51.211517334, -83.7418518066, -95.3769226074, -75.2144165039, 21.6586589813, 220.961639404, 92.5523986816, -3.77428245544, 39.9663505554, 23.7411212921, 25.9717292786, -25.2807731628], [146.904785156, -7.2299618721, -8.30283069611, -84.7290420532, -91.3599472046, -7.16469478607, 92.5523986816, 143.463302612, 25.1617832184, 21.7816829681, 13.7074394226, 10.2474050522, -3.58136487007], [-66.3778457642, -0.747634649277, -19.9903411865, 18.1174964905, -3.07360625267, 10.3570356369, -3.77428245544, 25.1617832184, 101.486801147, 11.7389364243, -18.3826446533, -27.90782547, 11.8136749268], [96.1298141479, -58.1061401367, -41.2911491394, -38.1742324829, 6.75717830658, 0.184958457947, 39.9663505554, 21.7816829681, 11.7389364243, 119.70753479, 18.8261375427, 25.5202922821, -17.0384807587], [-83.2795410156, 9.37538719177, 15.4853258133, -45.4147949219, -56.6334953308, -6.80154132843, 23.7411212921, 13.7074394226, -18.3826446533, 18.8261375427, 115.058326721, 33.657951355, -19.7074260712], [37.8182830811, -50.635017395, -11.7064657211, -36.4005699158, -4.39078044891, -11.7396297455, 25.9717292786, 10.2474050522, -27.90782547, 25.5202922821, 33.657951355, 105.86164856, 10.938038826], [-134.082290649, 1.60815608501, 2.49518561363, 21.2942562103, 3.77428746223, -6.74119091034, -25.2807731628, -3.58136487007, 11.8136749268, -17.0384807587, -19.7074260712, 10.938038826, 99.9524536133]], "icov": [[0.000140726144309, 7.90539343143e-06, 0.000166206053109, 1.08341091618e-05, 0.00027147916262, -0.000103600475995, 0.000151612839545, -8.96496130736e-05, 0.000183489843039, -0.000109915999928, 0.000305936991936, -9.93881476461e-05, 0.000230863690376], [7.90539343143e-06, 0.00109209970105, -0.000346000539139, -6.64604594931e-05, -0.000228546618018, 0.000398673437303, -5.93126351305e-05, -0.000162703247042, -6.05775767326e-06, 0.000379603385227, -0.000348081579432, 0.000544354843441, -3.2258380088e-05], [0.000166206053109, -0.000346000539139, 0.00213169842027, -1.03603970274e-05, -0.000230349774938, 0.00026850955328, 0.000919456186239, -0.000931602728087, 0.000648968736641, 0.000319619401125, -0.000215513442527, 1.98936322704e-05, 0.000336612953106], [1.08341091618e-05, -6.64604594931e-05, -1.03603970274e-05, 0.00562920141965, -0.00157187285367, -0.00121258245781, 0.000922985491343, 0.00157807848882, -0.00106316409074, 0.00104875175748, 0.000347714696545, 0.000740740913898, -0.000623906962574], [0.00027147916262, -0.000228546618018, -0.000230349774938, -0.00157187285367, 0.00659579318017, -0.00268637994304, 0.000912724877708, 0.0022837324068, 0.000598345766775, -0.00206533889286, 0.00337938498706, -0.00176659913268, 0.0010277624242], [-0.000103600475995, 0.000398673437303, 0.00026850955328, -0.00121258245781, -0.00268637994304, 0.0103375436738, -0.00227768160403, -0.000228198245168, -0.000971623812802, 0.000970814900938, -0.00154937361367, 0.00144454103429, 0.000137382332468], [0.000151612839545, -5.93126351305e-05, 0.000919456186239, 0.000922985491343, 0.000912724877708, -0.00227768160403, 0.00796829536557, -0.00424436433241, 0.00150963535998, -0.00127457140479, 0.000540166569408, -0.00104219675995, 0.00148484739475], [-8.96496130736e-05, -0.000162703247042, -0.000931602728087, 0.00157807848882, 0.0022837324068, -0.000228198245168, -0.00424436433241, 0.0128127047792, -0.00371010298841, -0.000542153662536, 0.000782766146585, -0.000773985462729, -0.000561519176699], [0.000183489843039, -6.05775767326e-06, 0.000648968736641, -0.00106316409074, 0.000598345766775, -0.000971623812802, 0.00150963535998, -0.00371010298841, 0.0129876295105, -0.00251506268978, 0.0012572350679, 0.00332514429465, -0.00146245944779], [-0.000109915999928, 0.000379603385227, 0.000319619401125, 0.00104875175748, -0.00206533889286, 0.000970814900938, -0.00127457140479, -0.000542153662536, -0.00251506268978, 0.0108310533687, -0.00175928475801, -0.00185715139378, 0.00141664489638], [0.000305936991936, -0.000348081579432, -0.000215513442527, 0.000347714696545, 0.00337938498706, -0.00154937361367, 0.000540166569408, 0.000782766146585, 0.0012572350679, -0.00175928475801, 0.0125891538337, -0.00395079888403, 0.00274590007029], [-9.93881476461e-05, 0.000544354843441, 1.98936322704e-05, 0.000740740913898, -0.00176659913268, 0.00144454103429, -0.00104219675995, -0.000773985462729, 0.00332514429465, -0.00185715139378, -0.00395079888403, 0.0133459195495, -0.00337662664242], [0.000230863690376, -3.2258380088e-05, 0.000336612953106, -0.000623906962574, 0.0010277624242, 0.000137382332468, 0.00148484739475, -0.000561519176699, -0.00146245944779, 0.00141664489638, 0.00274590007029, -0.00337662664242, 0.0120906410739]], "mean": [-677.790893555, 120.39591217, 28.6234340668, 6.11790847778, -7.82776546478, 1.76527774334, -3.1390786171, 4.13368749619, -2.82106804848, -6.05005025864, -7.12467002869, -4.7186126709, -3.56172394753]}, "pitch_salience": {"dmean": 0.0623146370053, "dmean2": 0.099270477891, "dvar": 0.00275826896541, "dvar2": 0.00694101536646, "max": 0.996031403542, "mean": 0.542390406132, "median": 0.550460398197, "min": 0.0453799813986, "var": 0.01354751084}, "silence_rate_20dB": {"dmean": 0, "dmean2": 0, "dvar": 0, "dvar2": 0, "max": 1, "mean": 1, "median": 1, "min": 1, "var": 0}, "silence_rate_30dB": {"dmean": 0.00212720688432, "dmean2": 0.00425486639142, "dvar": 0.00212258682586, "dvar2": 0.00487520592287, "max": 1, "mean": 0.997022211552, "median": 1, "min": 0, "var": 0.00296908477321}, "silence_rate_60dB": {"dmean": 0.0125505207106, "dmean2": 0.0251037124544, "dvar": 0.0123953316361, "dvar2": 0.0272354055196, "max": 1, "mean": 0.0672125890851, "median": 0, "min": 0, "var": 0.0626941993833}, "spectral_centroid": {"dmean": 142.838760376, "dmean2": 223.680038452, "dvar": 51977.5664063, "dvar2": 109130.007813, "max": 11808.9169922, "mean": 988.903015137, "median": 825.403503418, "min": 186.338256836, "var": 1144138.25}, "spectral_complexity": {"dmean": 1.794937253, "dmean2": 2.9656419754, "dvar": 2.85041165352, "dvar2": 7.21133041382, "max": 48, "mean": 12.7500801086, "median": 12, "min": 0, "var": 39.3988571167}, "spectral_contrast_coeffs": {"dmean": [0.0442598834634, 0.04278402403, 0.0372132398188, 0.0298114679754, 0.0204193685204, 0.0168800987303], "dmean2": [0.0716822892427, 0.068077839911, 0.0604705363512, 0.0488058701158, 0.0323295667768, 0.0260618813336], "dvar": [0.00131674925797, 0.0012366756564, 0.000898094207514, 0.000587419141084, 0.000279362255242, 0.000258321611909], "dvar2": [0.00348348822445, 0.00298625649884, 0.00227298145182, 0.00153563299682, 0.000668680702802, 0.000558403320611], "max": [-0.303942292929, -0.320908010006, -0.398426860571, -0.504989683628, -0.600272893906, -0.579945087433], "mean": [-0.58972799778, -0.689184844494, -0.712775945663, -0.743916213512, -0.781533420086, -0.787127196789], "median": [-0.589932858944, -0.697688043118, -0.724240541458, -0.742630541325, -0.781391322613, -0.788794994354], "min": [-0.98310905695, -0.997196376324, -0.996722102165, -0.98732817173, -0.988460123539, -0.966442286968], "var": [0.00809399597347, 0.00816712807864, 0.00735035911202, 0.00377001985908, 0.00257459492423, 0.00238272175193]}, "spectral_contrast_valleys": {"dmean": [0.339750498533, 0.308040738106, 0.270434677601, 0.223368629813, 0.188655033708, 0.262702643871], "dmean2": [0.560710191727, 0.504965543747, 0.443660616875, 0.35926258564, 0.285872429609, 0.388638973236], "dvar": [0.0916492044926, 0.0757837295532, 0.0630299970508, 0.0489062070847, 0.0496626161039, 0.121361039579], "dvar2": [0.2289313972, 0.170886084437, 0.138890013099, 0.0975060909986, 0.0855687558651, 0.254786521196], "max": [-5.68713140488, -5.13395929337, -5.41348266602, -6.36022377014, -5.98002243042, -7.29731750488], "mean": [-7.88037872314, -7.2301774025, -7.89386463165, -8.86897182465, -8.69018650055, -10.2670221329], "median": [-7.61970472336, -6.93565559387, -7.58528804779, -8.56453323364, -8.37926387787, -9.98685073853], "min": [-28.308927536, -28.1086425781, -27.771774292, -27.6926441193, -27.5534229279, -27.3817386627], "var": [4.26671791077, 4.69455480576, 4.6380443573, 4.24959611893, 4.37916612625, 3.74556565285]}, "spectral_decrease": {"dmean": 1.4012045968e-09, "dmean2": 2.08029304893e-09, "dvar": 3.23719924457e-18, "dvar2": 6.81238862334e-18, "max": 2.28615997379e-28, "mean": -5.3689310775e-09, "median": -4.13398071331e-09, "min": -3.7901074279e-08, "var": 2.087686241e-17}, "spectral_energy": {"dmean": 0.0055810958147, "dmean2": 0.00825697276741, "dvar": 5.18850683875e-05, "dvar2": 0.000107829626359, "max": 0.155378624797, "mean": 0.0217871777713, "median": 0.0166773702949, "min": 1.01563521665e-20, "var": 0.000348155503161}, "spectral_energyband_high": {"dmean": 0.000241852249019, "dmean2": 0.000357061566319, "dvar": 3.77658466277e-07, "dvar2": 8.1192183643e-07, "max": 0.0290860254318, "mean": 0.000689508276992, "median": 0.000319992017467, "min": 7.13235109925e-21, "var": 1.79574522008e-06}, "spectral_energyband_low": {"dmean": 0.00140306050889, "dmean2": 0.00226777466014, "dvar": 6.64020535623e-06, "dvar2": 1.77763813554e-05, "max": 0.0479604527354, "mean": 0.00337996752933, "median": 0.00189460953698, "min": 1.9022197438e-23, "var": 1.71865212906e-05}, "spectral_energyband_middle_high": {"dmean": 0.00190433033276, "dmean2": 0.00279468111694, "dvar": 1.89968450286e-05, "dvar2": 3.77386459149e-05, "max": 0.12795136869, "mean": 0.00547034759074, "median": 0.00187477318104, "min": 1.23268621789e-21, "var": 0.00010191801266}, "spectral_energyband_middle_low": {"dmean": 0.00434309337288, "dmean2": 0.00644486444071, "dvar": 3.80940109608e-05, "dvar2": 8.17586478661e-05, "max": 0.14264665544, "mean": 0.0138736469671, "median": 0.00966502446681, "min": 1.32697763855e-22, "var": 0.000200170252356}, "spectral_entropy": {"dmean": 0.169073089957, "dmean2": 0.257874429226, "dvar": 0.0335154496133, "dvar2": 0.0743574127555, "max": 9.82325553894, "mean": 7.2777261734, "median": 7.35419368744, "min": 4.98154973984, "var": 0.373064100742}, "spectral_flux": {"dmean": 0.0170752629638, "dmean2": 0.0274888128042, "dvar": 0.000376820622478, "dvar2": 0.000941796170082, "max": 0.354716181755, "mean": 0.0630870088935, "median": 0.0572174824774, "min": 6.40784300621e-11, "var": 0.00134791980963}, "spectral_kurtosis": {"dmean": 1.24169778824, "dmean2": 1.93969476223, "dvar": 2.36688137054, "dvar2": 5.370221138, "max": 34.9157562256, "mean": 4.33377933502, "median": 3.30887508392, "min": -1.26596999168, "var": 12.5501680374}, "spectral_rms": {"dmean": 0.000551814562641, "dmean2": 0.000813528313302, "dvar": 3.18084289574e-07, "dvar2": 6.60082946524e-07, "max": 0.0123121440411, "mean": 0.00420830445364, "median": 0.00403368379921, "min": 3.14779864501e-12, "var": 3.54597432306e-06}, "spectral_rolloff": {"dmean": 281.148162842, "dmean2": 490.765197754, "dvar": 552459.25, "dvar2": 1375023.5, "max": 19444.4824219, "mean": 1155.58508301, "median": 818.26171875, "min": 21.533203125, "var": 4031984.25}, "spectral_skewness": {"dmean": 0.207072734833, "dmean2": 0.317944377661, "dvar": 0.0575036741793, "dvar2": 0.128745228052, "max": 5.0575876236, "mean": 1.77184617519, "median": 1.64414763451, "min": -0.0667407661676, "var": 0.420813560486}, "spectral_spread": {"dmean": 614560.25, "dmean2": 956721.1875, "dvar": 820040237056, "dvar2": 1879867654140.0, "max": 42856704, "mean": 6090132.5, "median": 5643807.5, "min