{"lowlevel": {"average_loudness": 0.900408387184, "barkbands": {"dmean": [0.000220943504246, 0.00271308375522, 0.00124496442731, 0.00107462983578, 0.00120190251619, 0.000426336773671, 0.000330134935211, 0.000542754249182, 0.000865934416652, 0.000721193559002, 0.000914521631785, 0.000675441813655, 0.000358788704034, 0.000430906191468, 0.000494688400067, 0.000310534582241, 0.000261270703049, 0.000219847832341, 0.000153836939717, 0.000151800675667, 0.000109607091872, 9.66128136497e-05, 0.000126128667034, 7.0936177508e-05, 6.30707654636e-05, 4.33756613347e-05, 2.8398262657e-05], "dmean2": [0.000322349718772, 0.00417874054983, 0.00194684707094, 0.00172305770684, 0.00177548849024, 0.00066766992677, 0.000538327556569, 0.000885664427187, 0.00143138587009, 0.0011579283746, 0.0014993280638, 0.00105158484075, 0.000562310509849, 0.000673811126035, 0.00079524028115, 0.000481265771668, 0.000407474493841, 0.00034035925637, 0.000242418173002, 0.000238083026488, 0.000169458595337, 0.00014539998665, 0.00019200675888, 0.000106919374957, 9.11146707949e-05, 5.98833976255e-05, 3.88740299968e-05], "dvar": [4.18268939484e-07, 5.04957097291e-05, 5.06067453898e-06, 3.89249089494e-06, 4.82901850773e-06, 7.60540501688e-07, 9.90287958302e-07, 2.0360482722e-06, 7.38889411878e-06, 5.04583476868e-06, 8.51246750244e-06, 3.55763540938e-06, 1.41204748161e-06, 1.59231501584e-06, 1.80953009021e-06, 9.65876097325e-07, 7.10640051693e-07, 3.13632341431e-07, 1.63446131296e-07, 1.78784290483e-07, 7.31946201427e-08, 6.00920984084e-08, 1.19218000805e-07, 3.86518443918e-08, 6.14719581904e-08, 1.42290996763e-08, 7.81962938845e-09], "dvar2": [8.62714614414e-07, 0.000108869266114, 1.19950382214e-05, 9.58898908721e-06, 8.98658890947e-06, 1.69978193298e-06, 2.4845533062e-06, 4.91661467095e-06, 1.86867346201e-05, 1.20895510918e-05, 2.10693033296e-05, 7.81818744144e-06, 3.21874153997e-06, 4.14378155256e-06, 4.37652397522e-06, 2.04348020816e-06, 1.55977568284e-06, 6.91373941208e-07, 4.00959550007e-07, 4.42227104713e-07, 1.71403399918e-07, 1.26544080103e-07, 2.7222804988e-07, 8.64010942792e-08, 1.17702469993e-07, 2.64712145537e-08, 1.40700091578e-08], "max": [0.0207207445055, 0.0817892029881, 0.0287620835006, 0.041235294193, 0.0531230792403, 0.0220478940755, 0.0227622743696, 0.0322307422757, 0.0448447875679, 0.0432475917041, 0.0384400859475, 0.0435338243842, 0.0297022648156, 0.0564533099532, 0.0327645838261, 0.0272110775113, 0.0402431637049, 0.017988730222, 0.00735113397241, 0.00766554754227, 0.00635365117341, 0.008494627662, 0.00990861002356, 0.00664035882801, 0.0110742207617, 0.00203956500627, 0.0016133626923], "mean": [0.000386593426811, 0.00417478615418, 0.0032242143061, 0.0026948119048, 0.00346346525475, 0.000846092996653, 0.000434725690866, 0.000748889695387, 0.000975968781859, 0.000850134645589, 0.000978078809567, 0.00097862270195, 0.000500572728924, 0.000555794336833, 0.000641688355245, 0.000413049972849, 0.000356235075742, 0.000315745448461, 0.00019769796927, 0.000188582125702, 0.000143686687807, 0.000127713341499, 0.000176620480488, 0.000108810381789, 9.99514377327e-05, 5.87419344811e-05, 3.55130941898e-05], "median": [0.000110093838884, 0.00192919303663, 0.00112037151121, 0.00121735001449, 0.00118419528008, 0.000389541208278, 0.000116959337902, 0.00015986332437, 0.000156915441039, 0.000125151855173, 7.39836104913e-05, 9.30941168917e-05, 5.89142364333e-05, 7.29827806936e-05, 8.39296699269e-05, 5.57202583877e-05, 5.88548755331e-05, 6.60504592815e-05, 3.681596354e-05, 3.45261105394e-05, 2.41308862314e-05, 1.49117449837e-05, 2.36620835494e-05, 1.68842543644e-05, 8.403539141e-06, 1.66078632446e-06, 3.9473999891e-07], "min": [3.92594083031e-25, 1.35932724655e-24, 3.57288268091e-25, 7.01515218263e-25, 1.28779278747e-23, 9.54700924515e-24, 1.66518360786e-23, 1.39793488812e-23, 1.58523618388e-23, 1.57405045179e-23, 1.9895920844e-23, 2.98364423077e-23, 3.4083581069e-23, 4.04791730393e-23, 5.85989546225e-23, 4.38674663113e-23, 6.81459954221e-23, 8.1312096552e-23, 1.41907557151e-22, 1.39257287433e-22, 2.70811909795e-22, 3.59168041981e-22, 4.56914900601e-22, 6.15430504162e-22, 8.30139610876e-22, 1.16518113093e-21, 2.0921461604e-21], "var": [7.59759132052e-07, 6.5129774157e-05, 1.59487044584e-05, 1.72878790181e-05, 2.48420947173e-05, 2.12831241697e-06, 1.1990641724e-06, 3.31473847837e-06, 8.00598081696e-06, 6.59833176542e-06, 1.00000070233e-05, 9.32359580474e-06, 2.89871491077e-06, 2.21104119191e-06, 3.23947915604e-06, 1.71052624864e-06, 1.51171582274e-06, 5.8385256807e-07, 2.27960754273e-07, 2.17109615619e-07, 1.47171576259e-07, 1.22257432622e-07, 2.35986561847e-07, 8.58916990865e-08, 1.70666140775e-07, 2.51639207249e-08, 1.29440183017e-08]}, "barkbands_crest": {"dmean": 2.41577363014, "dmean2": 3.84144258499, "dvar": 6.70250797272, "dvar2": 16.2183685303, "max": 26.0119800568, "mean": 9.92042541504, "median": 9.11960315704, "min": 2.02630805969, "var": 18.6780834198}, "barkbands_flatness_db": {"dmean": 0.0293723717332, "dmean2": 0.0380930900574, "dvar": 0.000960990204476, "dvar2": 0.00154504238162, "max": 0.46100538969, "mean": 0.149495333433, "median": 0.137643739581, "min": 0.0100339064375, "var": 0.0054804799147}, "barkbands_kurtosis": {"dmean": 4.78142309189, "dmean2": 7.21153736115, "dvar": 123.447685242, "dvar2": 265.641723633, "max": 387.061126709, "mean": 7.78343009949, "median": 2.00064325333, "min": -1.96385025978, "var": 269.849975586}, "barkbands_skewness": {"dmean": 0.691815435886, "dmean2": 0.998863518238, "dvar": 0.666023313999, "dvar2": 1.37765526772, "max": 14.3166370392, "mean": 1.63161242008, "median": 1.31145870686, "min": -5.80936098099, "var": 2.83623814583}, "barkbands_spread": {"dmean": 7.3917632103, "dmean2": 11.0563611984, "dvar": 103.45300293, "dvar2": 218.801254272, "max": 151.766311646, "mean": 22.5522842407, "median": 18.6674747467, "min": 0.311586022377, "var": 404.225891113}, "dissonance": {"dmean": 0.0228639747947, "dmean2": 0.0377465710044, "dvar": 0.000579765357543, "dvar2": 0.0015070552472, "max": 0.500000178814, "mean": 0.457075715065, "median": 0.467635065317, "min": 0.224236026406, "var": 0.00145853881259}, "dynamic_complexity": 5.3944773674, "erbbands": {"dmean": [0.0844153165817, 0.614338457584, 1.29149508476, 2.63305139542, 4.17229652405, 3.82265806198, 3.45299839973, 3.87426757812, 3.73523783684, 7.76713657379, 14.2177276611, 18.6375312805, 22.1011543274, 27.3562717438, 33.0329704285, 24.8705940247, 16.3859291077, 19.1332817078, 26.9399108887, 18.3658466339, 15.912689209, 13.8939304352, 12.142203331, 8.62186908722, 7.69020938873, 7.35849237442, 5.96209573746, 3.30634236336, 3.2673060894, 4.03299617767, 3.49282622337, 1.92120599747, 1.00856852531, 0.780206799507, 0.412047296762, 0.191872507334, 0.0859385356307, 0.0192162003368, 0.0047353846021, 0.000373400660465], "dmean2": [0.134195432067, 0.945026397705, 2.06146407127, 4.09574460983, 6.17760229111, 5.94301748276, 5.42777442932, 6.04119491577, 6.02553749084, 12.4358978271, 23.9405956268, 30.665353775, 36.3514556885, 43.7096481323, 53.065864563, 37.2347488403, 25.0443019867, 29.5764484406, 42.3208045959, 28.8576774597, 24.1192131042, 21.6916122437, 18.6974239349, 13.4234952927, 12.1133880615, 11.5832595825, 9.23273181915, 5.15090560913, 4.92681026459, 6.12729167938, 5.34040307999, 2.89565658569, 1.51341319084, 1.13647627831, 0.598543286324, 0.266135543585, 0.117947801948, 0.026528576389, 0.00650676060468, 0.000510018726345], "dvar": [0.048851326108, 2.62920403481, 6.16402387619, 21.7718544006, 63.8624763489, 51.3235549927, 39.1468582153, 76.8334503174, 104.205314636, 531.574829102, 1642.828125, 3833.02026367, 4992.46826172, 7158.44580078, 9850.30859375, 4446.73730469, 2835.4296875, 3802.67944336, 4815.99023438, 3267.23583984, 2713.8527832, 1946.81652832, 963.941040039, 520.274047852, 454.172119141, 440.26348877, 232.798126221, 66.2245178223, 71.3083343506, 113.459777832, 97.2829437256, 31.9275817871, 7.38307905197, 10.5158061981, 2.22805070877, 0.308026283979, 0.0582020878792, 0.00355675746687, 0.000211556092836, 1.36405219564e-06], "dvar2": [0.113478578627, 5.64353084564, 15.1958265305, 52.0960350037, 119.580703735, 116.038063049, 92.5821990967, 170.1378479, 256.995910645, 1321.52722168, 4340.63037109, 9573.25292969, 12571.2685547, 17295.3886719, 23860.2734375, 8764.671875, 6274.15283203, 9904.74804688, 11707.4873047, 7939.85058594, 5561.64355469, 4424.08740234, 2111.09448242, 1175.50695801, 1127.7286377, 1093.69470215, 555.545227051, 154.899032593, 153.215774536, 243.837677002, 226.567840576, 72.3251037598, 16.432138443, 21.3155498505, 4.06183671951, 0.570723772049, 0.109258905053, 0.0069898548536, 0.000380686455173, 2.48352762355e-06], "max": [2.55329704285, 18.9720172882, 33.4501495361, 66.8806381226, 235.057998657, 172.226776123, 135.386505127, 249.914077759, 403.858062744, 421.959411621, 527.783752441, 1353.31420898, 1207.68310547, 1545.97412109, 1750.8236084, 2104.30419922, 1649.359375, 2769.74121094, 1549.98474121, 2071.42016602, 1425.05725098, 1936.17456055, 1165.59277344, 651.368103027, 527.625915527, 395.825531006, 340.346405029, 150.823928833, 279.595092773, 343.448822021, 270.02947998, 182.633285522, 75.447845459, 149.441894531, 58.6253547668, 16.0946846008, 3.73522806168, 1.45006418228, 0.287307500839, 0.0262001827359], "mean": [0.112530559301, 0.975237667561, 3.17290258408, 7.14650917053, 12.2343425751, 9.3087053299, 7.80368185043, 7.7642865181, 5.96896362305, 11.3349275589, 17.1430892944, 21.74492836, 25.2458839417, 32.5410690308, 41.5347442627, 39.8164329529, 25.1875476837, 27.7494544983, 35.7945861816, 25.115852356, 23.2823314667, 19.299238205, 17.385892868, 12.4182491302, 9.86657333374, 9.22497081757, 7.79326200485, 4.27305412292, 4.2778096199, 5.36213445663, 4.95611047745, 2.87668943405, 1.55708265305, 1.21790802479, 0.633609652519, 0.271623134613, 0.111813820899, 0.0246463641524, 0.00585390720516, 0.000483957468532], "median": [0.0446316562593, 0.44680672884, 1.77751469612, 4.22967386246, 3.82725739479, 3.37287735939, 3.81329345703, 3.27501106262, 2.17457842827, 2.65138721466, 4.01908445358, 4.30547571182, 3.93453502655, 3.85056567192, 3.98527622223, 4.68536090851, 3.77454662323, 4.2728471756, 5.58524417877, 4.04575681686, 3.61817669868, 3.54060840607, 3.65556907654, 2.65794634819, 1.8171800375, 1.64906775951, 1.27171456814, 0.724279820919, 0.501186549664, 0.608716189861, 0.696208715439, 0.473527818918, 0.223517626524, 0.116421617568, 0.0458011217415, 0.0116776656359, 0.00231158710085, 0.000421797856688, 7.42336196708e-05, 3.60973208444e-05], "min": [7.53563229354e-23, 5.01359551193e-22, 7.36333169275e-22, 7.90781999882e-21, 1.04510885741e-20, 3.90794727246e-20, 8.26132484244e-20, 8.22263670046e-20, 2.33288223044e-19, 3.23561002382e-19, 3.63736130758e-19, 3.13737999963e-19, 7.31811392515e-19, 8.81762021875e-19, 1.1085851822e-18, 1.60779933182e-18, 1.69749600571e-18, 2.24268413e-18, 2.33000483098e-18, 2.79071444688e-18, 4.04749730762e-18, 4.64181582439e-18, 4.03881852863e-18, 6.72913620341e-18, 5.74817568394e-18, 7.71614010442e-18, 1.05410504046e-17, 9.51713977262e-18, 9.61363287261e-18, 1.19455410462e-17, 1.13404791076e-17, 1.29101775698e-17, 1.0923832369e-17, 8.05027640414e-18, 7.06001630664e-18, 4.70578666424e-18, 2.33539536024e-18, 9.82536505324e-19, 2.57576184533e-19, 2.91454633141e-20], "var": [0.055012922734, 3.40206193924, 13.9158744812, 75.8766098022, 317.290466309, 188.321960449, 121.932624817, 209.926467896, 162.318969727, 807.231811523, 1854.05029297, 4175.18505859, 5540.47021484, 10400.3457031, 15688.7753906, 15311.5400391, 6602.75976562, 5599.62353516, 8722.16699219, 4429.37255859, 5531.703125, 3799.29931641, 1737.03369141, 901.667907715, 630.381103516, 541.391052246, 423.509307861, 107.349388123, 133.358261108, 238.077423096, 186.201553345, 66.3290863037, 17.7779445648, 27.826385498, 5.90025281906, 0.63345605135, 0.0965343266726, 0.00543694756925, 0.000347966968548, 2.26098586609e-06]}, "erbbands_crest": {"dmean": 2.70706939697, "dmean2": 4.22266054153, "dvar": 7.45428752899, "dvar2": 17.4268264771, "max": 32.9524154663, "mean": 9.68318462372, "median": 8.60835266113, "min": 2.09742212296, "var": 23.9221439362}, "erbbands_flatness_db": {"dmean": 0.0250294711441, "dmean2": 0.0334438718855, "dvar": 0.000635599310044, "dvar2": 0.0010326677002, "max": 0.399549514055, "mean": 0.160190686584, "median": 0.156013891101, "min": 0.0244582295418, "var": 0.00355029525235}, "erbbands_kurtosis": {"dmean": 1.63868689537, "dmean2": 2.4807343483, "dvar": 10.0024795532, "dvar2": 21.0667953491, "max": 66.2010269165, "mean": 1.69312620163, "median": 0.24072265625, "min": -1.90056586266, "var": 21.4790821075}, "erbbands_skewness": {"dmean": 0.465142011642, "dmean2": 0.675441265106, "dvar": 0.239620029926, "dvar2": 0.471526294947, "max": 6.5941119194, "mean": 0.476302146912, "median": 0.325904041529, "min": -5.21416425705, "var": 1.15430605412}, "erbbands_spread": {"dmean": 10.7774963379, "dmean2": 15.9081382751, "dvar": 183.155426025, "dvar2": 379.973571777, "max": 212.356887817, "mean": 36.9770431519, "median": 31.9870166779, "min": 1.86800706387, "var": 544.683105469}, "gfcc": {"cov": [[29742.8632812, 193.971176147, -1796.90686035, 883.764465332, -860.173950195, 888.906677246, -584.263244629, 357.020446777, -387.747650146, -20.5102329254, -471.345581055, -55.960144043, -323.647247314], [193.971176147, 2579.50244141, 101.383102417, 148.514373779, 336.647521973, -124.603027344, 16.759935379, -215.837661743, -18.8508815765, -234.375595093, 64.2213516235, -182.186416626, -20.1828346252], [-1796.90686035, 101.383102417, 1742.7331543, 146.733062744, 270.221466064, -105.541175842, 31.2884483337, -169.215133667, -66.6346435547, -84.8722457886, -156.959487915, -19.8763217926, -64.9884185791], [883.764465332, 148.514373779, 146.733062744, 656.904968262, 66.7911071777, 115.188171387, -49.5347824097, 10.9663267136, -23.6346664429, -74.0211486816, -66.8224105835, -61.7442359924, -17.8017177582], [-860.173950195, 336.647521973, 270.221466064, 66.7911071777, 435.715820312, -4.61080980301, 75.5527877808, -46.3426628113, 9.52995014191, -29.8764476776, -7.00514936447, -56.8116798401, -21.9579143524], [888.906677246, -124.603027344, -105.541175842, 115.188171387, -4.61080980301, 353.104522705, 51.6954536438, 49.4234580994, -15.4267206192, 9.38243961334, 6.93767786026, -23.3839836121, -25.8729133606], [-584.263244629, 16.759935379, 31.2884483337, -49.5347824097, 75.5527877808, 51.6954536438, 244.303512573, 15.0762557983, -17.4981155396, 4.9004406929, 22.1927013397, -10.0931625366, -0.578095197678], [357.020446777, -215.837661743, -169.215133667, 10.9663267136, -46.3426628113, 49.4234580994, 15.0762557983, 190.589004517, 69.4555282593, 43.2869758606, 15.8573265076, 9.75691699982, 6.06617355347], [-387.747650146, -18.8508815765, -66.6346435547, -23.6346664429, 9.52995014191, -15.4267206192, -17.4981155396, 69.4555282593, 179.521194458, 68.0787582397, 16.2985553741, 11.4931497574, 2.57081913948], [-20.5102329254, -234.375595093, -84.8722457886, -74.0211486816, -29.8764476776, 9.38243961334, 4.9004406929, 43.2869758606, 68.0787582397, 160.247543335, 48.1421356201, 33.6725883484, 0.8046464324], [-471.345581055, 64.2213516235, -156.959487915, -66.8224105835, -7.00514936447, 6.93767786026, 22.1927013397, 15.8573265076, 16.2985553741, 48.1421356201, 146.545043945, 39.655292511, 13.8309679031], [-55.960144043, -182.186416626, -19.8763217926, -61.7442359924, -56.8116798401, -23.3839836121, -10.0931625366, 9.75691699982, 11.4931497574, 33.6725883484, 39.655292511, 123.13848877, 39.9150047302], [-323.647247314, -20.1828346252, -64.9884185791, -17.8017177582, -21.9579143524, -25.8729133606, -0.578095197678, 6.06617355347, 2.57081913948, 0.8046464324, 13.8309679031, 39.9150047302, 95.0259094238]], "icov": [[6.2493068981e-05, -7.60875409469e-05, 7.79039255576e-05, -4.56938432762e-05, 6.68286447763e-05, -0.000126658036606, 0.000131270397105, -0.000173118489329, 0.000267647439614, -0.000198268491658, 0.000380916841095, -0.000246376817813, 0.000276693754131], [-7.60875409469e-05, 0.00075800542254, -5.1302366046e-05, -3.74205083062e-05, -0.000356918113539, 0.000354167394107, -0.000167294070707, 0.000880036619492, -0.000835629296489, 0.00124362844508, -0.0013495918829, 0.00120790221263, -0.000482349772938], [7.79039255576e-05, -5.1302366046e-05, 0.000914038217161, -0.000219248657231, -0.00037090817932, 8.94512559171e-05, -1.41081645779e-05, 0.000326326233335, 0.000379328761483, -0.000208784200368, 0.00127191317733, -0.000873217417393, 0.000929374422412], [-4.56938432762e-05, -3.74205083062e-05, -0.000219248657231, 0.0019641998224, -0.000259138498222, -0.000654334318824, 0.000550803844817, -0.000354485266143, -7.2677328717e-05, 0.000650326313917, 0.000172331259819, 0.000621190061793, -0.000447163067292], [6.68286447763e-05, -0.000356918113539, -0.00037090817932, -0.000259138498222, 0.00322271254845, -0.000130142027047, -0.000792635779362, 0.000173943757545, -0.000346604327206, -0.000253796431934, 2.38301945501e-05, 0.000707712664735, 0.000253701990005], [-0.000126658036606, 0.000354167394107, 8.94512559171e-05, -0.000654334318824, -0.000130142027047, 0.00380058493465, -0.00109152251389, -0.000178828529897, -4.80002381664e-05, 0.00024526802008, -0.00112550379708, 0.000919512298424, 0.000368735956727], [0.000131270397105, -0.000167294070707, -1.41081645779e-05, 0.000550803844817, -0.000792635779362, -0.00109152251389, 0.00518855731934, -0.00121732451953, 0.00145343784243, -0.000540144392289, 0.000102802681795, -1.57148897415e-05, 9.09142181627e-05], [-0.000173118489329, 0.000880036619492, 0.000326326233335, -0.000354485266143, 0.000173943757545, -0.000178828529897, -0.00121732451953, 0.00835481286049, -0.00386685691774, 0.000946497661062, -0.00160241872072, 0.00133332167752, -0.00102541199885], [0.000267647439614, -0.000835629296489, 0.000379328761483, -7.2677328717e-05, -0.000346604327206, -4.80002381664e-05, 0.00145343784243, -0.00386685691774, 0.00940713658929, -0.00449238950387, 0.00255897804163, -0.00172077980824, 0.00127631868236], [-0.000198268491658, 0.00124362844508, -0.000208784200368, 0.000650326313917, -0.000253796431934, 0.00024526802008, -0.000540144392289, 0.000946497661062, -0.00449238950387, 0.0110181104392, -0.00446157623082, 0.000734006229322, -0.00011836936028], [0.000380916841095, -0.0013495918829, 0.00127191317733, 0.000172331259819, 2.38301945501e-05, -0.00112550379708, 0.000102802681795, -0.00160241872072, 0.00255897804163, -0.00446157623082, 0.0127379857004, -0.00540016498417, 0.0020976907108], [-0.000246376817813, 0.00120790221263, -0.000873217417393, 0.000621190061793, 0.000707712664735, 0.000919512298424, -1.57148897415e-05, 0.00133332167752, -0.00172077980824, 0.000734006229322, -0.00540016498417, 0.0139262098819, -0.00575800845399], [0.000276693754131, -0.000482349772938, 0.000929374422412, -0.000447163067292, 0.000253701990005, 0.000368735956727, 9.09142181627e-05, -0.00102541199885, 0.00127631868236, -0.00011836936028, 0.0020976907108, -0.00575800845399, 0.0142200179398]], "mean": [-63.984161377, 87.8615646362, -101.132606506, 24.9921951294, -44.8741416931, 14.5903749466, -33.5534477234, 4.19209480286, -19.9963436127, -5.16096878052, -12.4611225128, -2.79958367348, -9.06617927551]}, "hfc": {"dmean": 8.73286914825, "dmean2": 12.4424667358, "dvar": 290.104705811, "dvar2": 657.999450684, "max": 181.173065186, "mean": 19.1942157745, "median": 9.07716083527, "min": 1.11406921595e-16, "var": 643.879333496}, "melbands": {"dmean": [0.00075651332736, 0.000677602074575, 0.000488755526021, 0.000278153456748, 0.000136404574732, 8.46175753395e-05, 5.98763290327e-05, 8.85424597072e-05, 0.000130319283926, 0.000119809556054, 0.000110389373731, 0.000108032727439, 0.000122799305245, 8.32517253002e-05, 4.95865278936e-05, 3.44391410181e-05, 3.85677922168e-05, 4.57597234345e-05, 3.31287519657e-05, 2.27014061238e-05, 1.94622261915e-05, 1.6054007574e-05, 1.28374313135e-05, 1.09584771053e-05, 7.14787620382e-06, 5.21456104252e-06, 5.76119418838e-06, 5.02105058331e-06, 4.44943907496e-06, 2.15074010157e-06, 1.9725337097e-06, 1.88776868981e-06, 1.97784902412e-06, 2.4443518214e-06, 2.20289575736e-06, 1.60344825417e-06, 1.11100359845e-06, 7.36443666938e-07, 6.76732781812e-07, 6.97580219367e-07], "dmean2": [0.00117880327161, 0.00105693330988, 0.000744412478525, 0.000418745534262, 0.000210585523746, 0.000131674241857, 9.66697698459e-05, 0.000141239797813, 0.000221833441174, 0.000196060544113, 0.000181574825547, 0.000172768734046, 0.000200652750209, 0.000128131767269, 7.43227283238e-05, 5.26857475052e-05, 6.00441817369e-05, 7.23010525689e-05, 5.25891555299e-05, 3.55531810783e-05, 2.9920720408e-05, 2.51535566349e-05, 2.02900937438e-05, 1.69451323018e-05, 1.13131973194e-05, 8.17326417746e-06, 9.28342888074e-06, 7.94805782789e-06, 6.97469567967e-06, 3.30387706526e-06, 3.15023703479e-06, 2.91202059088e-06, 2.99019006889e-06, 3.76327784579e-06, 3.3993096622e-06, 2.47519210461e-06, 1.70719295056e-06, 1.13326655082e-06, 1.02925582723e-06, 1.0201912346e-06], "dvar": [4.0370955503e-06, 1.98037400878e-06, 7.12005373771e-07, 2.65250037046e-07, 6.12090857999e-08, 3.32626441946e-08, 2.67288218225e-08, 6.5049924558e-08, 1.52066462533e-07, 1.56706093435e-07, 1.26780761889e-07, 1.15337627449e-07, 1.520566002e-07, 5.38219495638e-08, 2.165772095e-08, 1.49986547626e-08, 1.71546048477e-08, 1.42581741969e-08, 9.5724344007e-09, 5.21284970745e-09, 5.12499642724e-09, 3.36757199904e-09, 1.23989241096e-09, 9.97908644607e-10, 4.10979417165e-10, 1.85843548883e-10, 2.70823252713e-10, 2.09899361781e-10, 1.34075778258e-10, 2.9368563137e-11, 2.40744438273e-11, 2.56282599309e-11, 2.71544713798e-11, 4.29830893101e-11, 3.79363901404e-11, 2.43697770297e-11, 1.25448349625e-11, 4.07140467173e-12, 4.61106196628e-12, 1.08777171298e-11], "dvar2": [8.91177205631e-06, 4.35907713836e-06, 1.59453770721e-06, 5.34302387223e-07, 1.36283532015e-07, 7.34421519155e-08, 6.54733725014e-08, 1.55851708428e-07, 4.12103901226e-07, 3.8768357058e-07, 3.18985428294e-07, 2.74848247273e-07, 3.76469785124e-07, 1.18405239391e-07, 4.38531202462e-08, 3.33445342449e-08, 4.55120705567e-08, 3.46707587084e-08, 2.20014513275e-08, 1.19737784132e-08, 1.08280397981e-08, 7.62644525309e-09, 3.02343661218e-09, 2.22558949048e-09, 9.51056344789e-10, 4.47186260244e-10, 6.96605662043e-10, 5.1967913306e-10, 3.23594345764e-10, 6.71421390708e-11, 5.80472475642e-11, 5.81397915922e-11, 5.77620937192e-11, 9.51060896703e-11, 8.95305149462e-11, 5.91999921307e-11, 2.92802379565e-11, 9.54565246292e-12, 1.0317348538e-11, 2.28094175492e-11], "max": [0.0224107373506, 0.016474140808, 0.013387946412, 0.0128851383924, 0.00533835450187, 0.00500266533345, 0.0055193095468, 0.00612745946273, 0.0049642524682, 0.00864793919027, 0.00647040829062, 0.00629904959351, 0.00590550433844, 0.005831847433, 0.00473032379523, 0.00356811285019, 0.0063955350779, 0.00236547738314, 0.00318251759745, 0.00167322077323, 0.00206559943035, 0.00294384034351, 0.00101852125954, 0.00121825130191, 0.00056797452271, 0.000386854138924, 0.000436457485193, 0.000293014803901, 0.000243581569521, 0.00012396951206, 9.60883116932e-05, 0.000158016220666, 0.000223666473175, 0.000179059046786, 0.000184310483746, 0.000151024330989, 0.00014282570919, 6.43421735731e-05, 6.91702953191e-05, 0.000149841842358], "mean": [0.00110078579746, 0.00158821186051, 0.0014384862734, 0.000782248389442, 0.000326327251969, 0.000167977748788, 9.04350745259e-05, 0.000131561901071, 0.000148137420183, 0.000137834431371, 0.000122686484247, 0.000125404680148, 0.000138398900162, 0.000120049458928, 7.14005873306e-05, 4.85689597554e-05, 5.17557891726e-05, 5.64886686334e-05, 4.33011518908e-05, 2.94725596177e-05, 2.69637876045e-05, 2.0944597054e-05, 1.61704720085e-05, 1.49641800817e-05, 9.57636984822e-06, 6.61715102979e-06, 6.76059926263e-06, 6.00114344707e-06, 5.5872728808e-06, 2.84738075607e-06, 2.35087873079e-06, 2.34490403273e-06, 2.58798013419e-06, 3.1112731449e-06, 2.99748103316e-06, 2.29595548262e-06, 1.57498789122e-06, 1.07666096483e-06, 1.02300339222e-06, 1.03856382339e-06], "median": [0.000538630527444, 0.00100394885521, 0.000802699010819, 0.00027623042115, 0.000144943944179, 7.28409868316e-05, 2.94923429465e-05, 2.96209800581e-05, 3.22632768075e-05, 2.34667168115e-05, 1.74326796696e-05, 1.29747886604e-05, 1.07505702545e-05, 1.18017396744e-05, 9.42008955462e-06, 5.82295297136e-06, 6.57313648844e-06, 7.60441935199e-06, 5.71900682189e-06, 4.1181879169e-06, 3.75723016077e-06, 3.34742207997e-06, 3.20647723129e-06, 2.92731397167e-06, 1.83113161256e-06, 1.15239004117e-06, 1.12308259759e-06, 9.7248118891e-07, 7.79175593379e-07, 4.94601408718e-07, 3.23678818859e-07, 2.4408782906e-07, 2.77284925687e-07, 3.25988281702e-07, 3.99162416898e-07, 3.5126839748e-07, 2.29066728252e-07, 1.52514502361e-07, 1.11053886087e-07, 8.39145926079e-08], "min": [8.36606021256e-25, 4.27663782041e-25, 1.51945052892e-24, 2.1383991768e-24, 2.77337797132e-24, 1.89461236367e-24, 3.53670404068e-24, 3.38468383893e-24, 2.58656604541e-24, 1.96035524265e-24, 3.41473352296e-24, 3.27699229524e-24, 3.93932602493e-24, 2.08874945472e-24, 3.11368349393e-24, 3.49260001076e-24, 4.10066227955e-24, 2.05996234256e-24, 4.19139548314e-24, 3.11917771292e-24, 4.33058998987e-24, 4.00581832177e-24, 4.11163454588e-24, 3.86204487192e-24, 4.99708436919e-24, 4.58092198194e-24, 3.64163437399e-24, 5.67142199807e-24, 5.78081057878e-24, 5.27932381272e-24, 5.07360939903e-24, 4.44143007465e-24, 6.33507884472e-24, 5.87323707231e-24, 5.68560847816e-24, 6.88082504629e-24, 7.04850295373e-24, 7.52943200459e-24, 5.73688719801e-24, 6.62329035973e-24], "var": [4.89546982863e-06, 3.94607059206e-06, 3.04697164211e-06, 1.21254413443e-06, 2.42647729465e-07, 9.24799365976e-08, 4.0556280112e-08, 1.13722244066e-07, 1.54939030494e-07, 1.74137113618e-07, 1.38541111028e-07, 1.67962895148e-07, 1.95023105221e-07, 1.37269822176e-07, 4.86587694581e-08, 2.99277118643e-08, 2.34543726663e-08, 2.25872280879e-08, 1.67767595372e-08, 7.88297871424e-09, 9.94277016275e-09, 6.12711970049e-09, 1.60905466728e-09, 1.71603120602e-09, 6.30675567326e-10, 2.77813716476e-10, 3.16751597174e-10, 2.54793602883e-10, 2.3106384861e-10, 5.50659205734e-11, 3.46730560929e-11, 4.09154168879e-11, 5.80190166743e-11, 8.27532001257e-11, 6.91648613382e-11, 4.47378141477e-11, 2.29669581964e-11, 8.16728368963e-12, 1.18136099861e-11, 2.52520712674e-11]}, "melbands_crest": {"dmean": 2.82839202881, "dmean2": 4.50363016129, "dvar": 8.68426036835, "dvar2": 21.2390937805, "max": 35.5796890259, "mean": 13.60364151, "median": 12.9804830551, "min": 1.71004962921, "var": 27.578578949}, "melbands_flatness_db": {"dmean": 0.037459127605, "dmean2": 0.0474645644426, "dvar": 0.00159134552814, "dvar2": 0.00259185582399, "max": 0.628580033779, "mean": 0.226200506091, "median": 0.212748616934, "min": 0.00362541410141, "var": 0.0102555593476}, "melbands_kurtosis": {"dmean": 10.9920148849, "dmean2": 16.4494915009, "dvar": 627.226867676, "dvar2": 1510.86437988, "max": 852.932678223, "mean": 19.8494567871, "median": 7.77151107788, "min": -1.8482619524, "var": 1181.81835938}, "melbands_skewness": {"dmean": 0.929504394531, "dmean2": 1.33971345425, "dvar": 1.23027825356, "dvar2": 2.67538094521, "max": 22.264541626, "mean": 2.78009915352, "median": 2.3644695282, "min": -2.6867852211, "var": 4.62702894211}, "melbands_spread": {"dmean": 8.34644603729, "dmean2": 12.4015226364, "dvar": 173.792221069, "dvar2": 368.926452637, "max": 254.82258606, "mean": 23.8724498749, "median": 18.0386009216, "min": 0.361790537834, "var": 588.388061523}, "mfcc": {"cov": [[17626.2832031, -373.859313965, -799.983703613, -16.7431869507, -52.7529067993, 238.592208862, 110.164070129, 369.328369141, 48.6493339539, 267.995697021, -181.11328125, 27.0906009674, -31.1609840393], [-373.859313965, 2418.2902832, 129.402191162, 297.906341553, 244.238815308, 88.4327774048, 83.0091705322, 1.9838591814, -78.0229568481, -65.3934402466, -13.1428136826, -30.7736110687, -120.231933594], [-799.983703613, 129.402191162, 1055.39306641, 255.917129517, 164.53767395, 135.295181274, 6.63036632538, -0.730683207512, 14.9531497955, -93.319190979, -12.2871961594, -92.9608230591, -52.8072814941], [-16.7431869507, 297.906341553, 255.917129517, 524.831542969, 191.432434082, 65.8758773804, 17.135017395, 18.3265514374, 27.9576148987, -45.087310791, -37.1781044006, -31.4849300385, -19.8757266998], [-52.7529067993, 244.238815308, 164.53767395, 191.432434082, 351.155059814, 86.8184051514, 4.45278263092, 22.7979125977, 16.7271308899, 21.0245265961, -18.0536518097, -1.96050143242, -8.00827884674], [238.592208862, 88.4327774048, 135.295181274, 65.8758773804, 86.8184051514, 263.816680908, 100.115226746, 32.977935791, 6.62608671188, 7.71434831619, 11.7015218735, -26.7537631989, -31.5792770386], [110.164070129, 83.0091705322, 6.63036632538, 17.135017395, 4.45278263092, 100.115226746, 250.43522644, 54.211566925, -9.59298419952, 13.6376543045, -8.88487911224, 3.9781639576, -32.1464576721], [369.328369141, 1.9838591814, -0.730683207512, 18.3265514374, 22.7979125977, 32.977935791, 54.211566925, 147.041290283, 28.1177444458, 21.7311611176, -12.0266590118, -2.0730304718, 1.0456161499], [48.6493339539, -78.0229568481, 14.9531497955, 27.9576148987, 16.7271308899, 6.62608671188, -9.59298419952, 28.1177444458, 142.817626953, 40.0909881592, 15.3841295242, 2.7028298378, -2.09806799889], [267.995697021, -65.3934402466, -93.319190979, -45.087310791, 21.0245265961, 7.71434831619, 13.6376543045, 21.7311611176, 40.0909881592, 132.690948486, 30.4698486328, 33.1169242859, 12.0476608276], [-181.11328125, -13.1428136826, -12.2871961594, -37.1781044006, -18.0536518097, 11.7015218735, -8.88487911224, -12.0266590118, 15.3841295242, 30.4698486328, 128.43888855, 41.3901786804, 23.3464336395], [27.0906009674, -30.7736110687, -92.9608230591, -31.4849300385, -1.96050143242, -26.7537631989, 3.9781639576, -2.0730304718, 2.7028298378, 33.1169242859, 41.3901786804, 117.217926025, 38.460308075], [-31.1609840393, -120.231933594, -52.8072814941, -19.8757266998, -8.00827884674, -31.5792770386, -32.1464576721, 1.0456161499, -2.09806799889, 12.0476608276, 23.3464336395, 38.460308075, 108.991081238]], "icov": [[6.66652267682e-05, 9.1288384283e-06, 5.24268034496e-05, -3.26754816342e-05, 4.33877212345e-05, -0.000101006560726, 5.83693981753e-05, -0.000148641760461, 3.84275990655e-05, -0.000123054865981, 0.000122859462863, -2.96509606414e-05, 3.96247160097e-05], [9.1288384283e-06, 0.000512104539666, 7.39839088055e-05, -0.00021355584613, -0.000303737499053, 3.78659278795e-05, -9.34541967581e-05, -4.23375458922e-05, 0.000328115740558, 0.00018323562108, -0.000223417868256, -2.77119052043e-05, 0.000569626165088], [5.24268034496e-05, 7.39839088055e-05, 0.00132831220981, -0.000396318268031, -0.000375839299522, -0.000471673818538, 0.000123945021187, -6.33924573776e-05, -0.000132338172989, 0.000742982316297, -0.000337349018082, 0.000649059657007, 0.000299346342217], [-3.26754816342e-05, -0.00021355584613, -0.000396318268031, 0.00281973672099, -0.00121791497804, 1.62967826327e-05, -0.000203636183869, 3.87297477573e-05, -0.000830531760585, 0.00101137219463, 0.000419903750299, 7.28157538106e-05, -0.000311355775921], [4.33877212345e-05, -0.000303737499053, -0.000375839299522, -0.00121791497804, 0.00436033820733, -0.00124464451801, 0.000771327409893, -0.000340669648722, 0.000111181900138, -0.00161314569414, 0.00106634094846, -0.000780288595706, -0.000308948918246], [-0.000101006560726, 3.78659278795e-05, -0.000471673818538, 1.62967826327e-05, -0.00124464451801, 0.0056285248138, -0.00216006813571, -0.000137522234581, 2.75490274362e-05, -3.13503442158e-05, -0.00156907655764, 0.00138234184124, 0.000543222529814], [5.83693981753e-05, -9.34541967581e-05, 0.000123945021187, -0.000203636183869, 0.000771327409893, -0.00216006813571, 0.00554827274755, -0.0018315903144, 0.000846446724609, -0.000654478906654, 0.00074702873826, -0.0012500412995, 0.00139106682036], [-0.000148641760461, -4.23375458922e-05, -6.33924573776e-05, 3.87297477573e-05, -0.000340669648722, -0.000137522234581, -0.0018315903144, 0.00841016694903, -0.00165671273135, -0.000572880730033, 0.000811259029433, 0.000429210049333, -0.00109243346378], [3.84275990655e-05, 0.000328115740558, -0.000132338172989, -0.000830531760585, 0.000111181900138, 2.75490274362e-05, 0.000846446724609, -0.00165671273135, 0.0085672698915, -0.0026585618034, -0.000905255030375, 0.000242406007601, 0.00100623024628], [-0.000123054865981, 0.00018323562108, 0.000742982316297, 0.00101137219463, -0.00161314569414, -3.13503442158e-05, -0.000654478906654, -0.000572880730033, -0.0026585618034, 0.0107456250116, -0.00190202577505, -0.00140776636545, 6.14302189206e-05], [0.000122859462863, -0.000223417868256, -0.000337349018082, 0.000419903750299, 0.00106634094846, -0.00156907655764, 0.00074702873826, 0.000811259029433, -0.000905255030375, -0.00190202577505, 0.0102889668196, -0.00323053682223, -0.00133308512159], [-2.96509606414e-05, -2.77119052043e-05, 0.000649059657007, 7.28157538106e-05, -0.000780288595706, 0.00138234184124, -0.0012500412995, 0.000429210049333, 0.000242406007601, -0.00140776636545, -0.00323053682223, 0.0119717912748, -0.00311319483444], [3.96247160097e-05, 0.000569626165088, 0.000299346342217, -0.000311355775921, -0.000308948918246, 0.000543222529814, 0.00139106682036, -0.00109243346378, 0.00100623024628, 6.14302189206e-05, -0.00133308512159, -0.00311319483444, 0.0118551906198]], "mean": [-705.296081543, 122.626960754, 5.90899133682, 18.0991020203, 11.9068365097, 7.81766939163, 1.68835830688, 7.52450180054, -2.50542521477, 3.45195364952, -3.92023324966, -1.20476043224, -2.87435674667]}, "pitch_salience": {"dmean": 0.068291798234, "dmean2": 0.107228383422, "dvar": 0.00472196470946, "dvar2": 0.0110743148252, "max": 0.971174180508, "mean": 0.590713500977, "median": 0.604684472084, "min": 0.071821257472, "var": 0.0159330200404}, "silence_rate_20dB": {"dmean": 0, "dmean2": 0, "dvar": 0, "dvar2": 0, "max": 1, "mean": 1, "median": 1, "min": 1, "var": 0}, "silence_rate_30dB": {"dmean": 0, "dmean2": 0, "dvar": 0, "dvar2": 0, "max": 1, "mean": 1, "median": 1, "min": 1, "var": 0}, "silence_rate_60dB": {"dmean": 0.0384064875543, "dmean2": 0.0768221393228, "dvar": 0.0369325615466, "dvar2": 0.0811796486378, "max": 1, "mean": 0.17948718369, "median": 0, "min": 0, "var": 0.147277995944}, "spectral_centroid": {"dmean": 285.986724854, "dmean2": 404.22668457, "dvar": 142830.921875, "dvar2": 266716.65625, "max": 11727.3720703, "mean": 1268.27722168, "median": 1109.83605957, "min": 123.202842712, "var": 1096321.125}, "spectral_complexity": {"dmean": 4.26407432556, "dmean2": 6.04175138474, "dvar": 38.9461326599, "dvar2": 66.1526870728, "max": 58, "mean": 13.7810373306, "median": 11, "min": 0, "var": 128.006210327}, "spectral_contrast_coeffs": {"dmean": [0.0461476147175, 0.0493120104074, 0.0417194329202, 0.0341751538217, 0.0255222674459, 0.0219010841101], "dmean2": [0.0718550011516, 0.0788827091455, 0.0649332478642, 0.0529170036316, 0.0393868610263, 0.0324614308774], "dvar": [0.0016545105027, 0.00174033991061, 0.00132630148437, 0.000875319645274, 0.000542849535123, 0.000432422530139], "dvar2": [0.00372504279949, 0.00426838966087, 0.00300068547949, 0.00187540438492, 0.00119067612104, 0.000931254005991], "max": [-0.283349394798, -0.40442854166, -0.465066462755, -0.465780287981, -0.566974282265, -0.580184221268], "mean": [-0.658406674862, -0.741679906845, -0.77306586504, -0.781915664673, -0.800176978111, -0.795506238937], "median": [-0.662687897682, -0.748079657555, -0.784689545631, -0.791763067245, -0.80682092905, -0.796604037285], "min": [-0.980477631092, -0.995919764042, -0.984916090965, -0.96851336956, -0.967047393322, -0.96539157629], "var": [0.0109911337495, 0.00697945710272, 0.0067235105671, 0.00520853791386, 0.00333471060731, 0.0023642743472]}, "spectral_contrast_valleys": {"dmean": [0.413611739874, 0.484061717987, 0.492907524109, 0.450126826763, 0.442120701075, 0.473430335522], "dmean2": [0.644069373608, 0.736296474934, 0.710546374321, 0.617613375187, 0.56563693285, 0.579381167889], "dvar": [0.171703249216, 0.203378051519, 0.247083857656, 0.217567712069, 0.245792537928, 0.319558382034], "dvar2": [0.342504322529, 0.412402868271, 0.474634855986, 0.387930542231, 0.419351428747, 0.504340589046], "max": [-5.1010684967, -4.583319664, -4.66247034073, -5.37833738327, -5.32470798492, -7.44005298615], "mean": [-7.74501752853, -7.56669378281, -7.96987533569, -8.36760616302, -8.37748432159, -10.7462425232], "median": [-7.06032514572, -7.19502592087, -7.71569299698, -8.08843612671, -8.05775928497, -10.4255342484], "min": [-27.8653964996, -28.1307258606, -27.8525161743, -27.5502700806, -27.5058135986, -27.3429508209], "var": [4.86664390564, 4.14619398117, 4.20676660538, 4.13293075562, 4.17692470551, 4.06002426147]}, "spectral_decrease": {"dmean": 1.82651505032e-09, "dmean2": 2.69509103923e-09, "dvar": 9.5256779309e-18, "dvar2": 1.96572408451e-17, "max": 7.60652998921e-12, "mean": -5.8120552815e-09, "median": -5.18513409986e-09, "min": -2.70201194752e-08, "var": 2.61159845275e-17}, "spectral_energy": {"dmean": 0.00748742790893, "dmean2": 0.0109919188544, "dvar": 0.000160319148563, "dvar2": 0.000337753241183, "max": 0.115272313356, "mean": 0.0236769523472, "median": 0.0209057126194, "min": 9.96218363461e-21, "var": 0.000430282496382}, "spectral_energyband_high": {"dmean": 0.000524426577613, "dmean2": 0.00074989447603, "dvar": 1.21367145312e-06, "dvar2": 2.50443667937e-06, "max": 0.0194132532924, "mean": 0.000855503487401, "median": 0.000176797693712, "min": 7.3613323027e-21, "var": 3.26328972733e-06}, "spectral_energyband_low": {"dmean": 0.00368675985374, "dmean2": 0.0054549369961, "dvar": 6.15965254838e-05, "dvar2": 0.000120935270388, "max": 0.0865524783731, "mean": 0.00890394393355, "median": 0.00624388689175, "min": 6.01200480529e-24, "var": 0.000125979480799}, "spectral_energyband_middle_high": {"dmean": 0.00302694994025, "dmean2": 0.00459835259244, "dvar": 4.71298444609e-05, "dvar2": 0.000116228948173, "max": 0.0684852302074, "mean": 0.00570478895679, "median": 0.00142555602361, "min": 1.26582029442e-21, "var": 9.35580537771e-05}, "spectral_energyband_middle_low": {"dmean": 0.00324184284545, "dmean2": 0.00506196869537, "dvar": 3.23614622175e-05, "dvar2": 7.53460335545e-05, "max": 0.0735464766622, "mean": 0.00946803484112, "median": 0.00647639390081, "min": 2.17075664186e-22, "var": 9.85907536233e-05}, "spectral_entropy": {"dmean": 0.270956873894, "dmean2": 0.343936413527, "dvar": 0.094132438302, "dvar2": 0.143082752824, "max": 9.82270240784, "mean": 7.39830541611, "median": 7.50053691864, "min": 4.5309715271, "var": 0.540223777294}, "spectral_flux": {"dmean": 0.0261550843716, "dmean2": 0.0392352677882, "dvar": 0.00109219329897, "dvar2": 0.00229575810954, "max": 0.306841403246, "mean": 0.0734968110919, "median": 0.0595309510827, "min": 6.48760073441e-11, "var": 0.00338153773919}, "spectral_kurtosis": {"dmean": 2.63022875786, "dmean2": 3.93495988846, "dvar": 17.0564041138, "dvar2": 35.5942459106, "max": 83.3058319092, "mean": 6.62768983841, "median": 4.60257387161, "min": -1.58460211754, "var": 48.0249710083}, "spectral_rms": {"dmean": 0.000720517069567, "dmean2": 0.00101600668859, "dvar": 1.10453368052e-06, "dvar2": 2.11441169995e-06, "max": 0.010604753159, "mean": 0.00420304527506, "median": 0.00451617268845, "min": 3.11756371586e-12, "var": 5.43382520846e-06}, "spectral_rolloff": {"dmean": 660.227294922, "dmean2": 1067.16357422, "dvar": 2471823.5, "dvar2": 5266409, "max": 21210.2050781, "mean": 1865.22351074, "median": 1055.12695312, "min": 21.533203125, "var": 9626701}, "spectral_skewness": {"dmean": 0.339712053537, "dmean2": 0.489646196365, "dvar": 0.170031458139, "dvar2": 0.335453569889, "max": 7.21010541916, "mean": 1.86825788021, "median": 1.71354115009, "min": -0.480639249086, "var": 0.667151987553}, "spectral_spread": {"dmean": 943235, "dmean2": 1308849.375, "dvar": 1912679038980.0, "dvar2": 3466243342340.0, "max": 42706080, "mean": 5037848.5, "median": 4312127, "min": 1101283.75, "var": 11924388446200.0}, "spectral_strongpe