{"lowlevel": {"average_loudness": 0.853972673416, "barkbands": {"dmean": [0.000103540311102, 0.00591325666755, 0.00297556468286, 0.0014069059398, 0.00282838544808, 0.000723948061932, 0.000754316861276, 0.000485937780468, 0.000590752402786, 0.000377888907678, 0.000359153898899, 0.000303315144265, 0.000299550185446, 0.00027172951377, 0.000328345311573, 0.00026946561411, 0.000388903397834, 0.000266002432909, 0.000186258388567, 0.000129506690428, 9.36874494073e-05, 0.000101125464425, 7.8471719462e-05, 7.56423105486e-05, 7.54377178964e-05, 0.000141636235639, 8.47808114486e-05], "dmean2": [0.000170889121364, 0.00901836808771, 0.00557357119396, 0.00250537972897, 0.00470762047917, 0.00121181213763, 0.00129765283782, 0.000789470272139, 0.000916127930395, 0.0006161138881, 0.000586592359468, 0.000490587030072, 0.000481869152281, 0.000442881369963, 0.000530796998646, 0.000439903669758, 0.000638318306301, 0.000437727459939, 0.000302056752844, 0.000204044001293, 0.000142842472997, 0.000148582592374, 0.000109488028102, 0.000106210354716, 0.000104135557194, 0.000208801051485, 0.00012411850912], "dvar": [8.90561082656e-08, 0.000287656614091, 0.000108274165541, 1.56899932335e-05, 0.000119652402645, 5.95124811298e-06, 8.84738528839e-06, 3.88409762309e-06, 4.09921130995e-06, 2.26159204431e-06, 1.96473274627e-06, 1.19730702863e-06, 8.46046418701e-07, 1.08025028567e-06, 1.03471938928e-06, 7.51072377625e-07, 1.54289318743e-06, 1.02219121345e-06, 3.77697688236e-07, 1.17303656566e-07, 6.60429222421e-08, 8.14791505377e-08, 2.96454434334e-08, 2.78850755819e-08, 3.36590986194e-08, 1.91174322595e-07, 8.6797498966e-08], "dvar2": [2.31637997672e-07, 0.000602905114647, 0.000316154968459, 4.47007478215e-05, 0.000308359740302, 1.67509169842e-05, 2.50918892561e-05, 9.95547725324e-06, 9.50144658418e-06, 5.97967346039e-06, 5.14476187163e-06, 3.03451588479e-06, 2.13152156903e-06, 2.68487724497e-06, 2.74743706541e-06, 1.90799096345e-06, 3.93588470615e-06, 2.6594289011e-06, 9.83646941677e-07, 2.88321786002e-07, 1.5126950359e-07, 1.65291666576e-07, 5.75071723574e-08, 5.77509133848e-08, 6.72915376754e-08, 4.00304372761e-07, 1.85240992323e-07], "max": [0.00501616625115, 0.172811374068, 0.0985038876534, 0.0430888310075, 0.198596015573, 0.0559782423079, 0.0509416759014, 0.049249343574, 0.0641968473792, 0.0313101150095, 0.03434670344, 0.0287293922156, 0.017221102491, 0.0198105871677, 0.0147218508646, 0.0160397719592, 0.0216838084161, 0.0169360786676, 0.0118847331032, 0.00663381908089, 0.00967993959785, 0.0162890031934, 0.00568037806079, 0.00487297587097, 0.00319924182259, 0.00670189922675, 0.00452295737341], "mean": [0.000107583517092, 0.00660177692771, 0.00243044923991, 0.00147280562669, 0.00283568887971, 0.000933210307267, 0.000825143128168, 0.000563033041544, 0.000769115053117, 0.000435335881775, 0.000391026580473, 0.00038461049553, 0.000377941090846, 0.000302037165966, 0.000403818266932, 0.000292109907605, 0.000409939500969, 0.0002661543258, 0.000214178056922, 0.000171907086042, 0.000134962654556, 0.00016383206821, 0.000128957181005, 0.00011367827392, 9.76675801212e-05, 0.000147177081089, 8.59321880853e-05], "median": [2.4768680305e-05, 0.000812616257463, 0.000462737079943, 0.000310992647428, 0.000590604264289, 0.000314983248245, 0.000142688368214, 7.62118943385e-05, 9.28693843889e-05, 3.83908372896e-05, 2.01449238375e-05, 2.20367583097e-05, 2.74426420219e-05, 1.94098101929e-05, 3.24753891618e-05, 3.31365190505e-05, 7.437451859e-05, 3.98990632675e-05, 5.07415861648e-05, 3.6258414184e-05, 3.59616533387e-05, 3.66887325072e-05, 2.30360856222e-05, 1.70838302438e-05, 8.92191474122e-06, 2.81940901914e-06, 2.8301576549e-07], "min": [7.22757418199e-25, 1.75896871709e-24, 1.18412626849e-24, 7.28472419635e-25, 9.87981230612e-24, 8.82461144892e-24, 1.14699886525e-23, 5.96501078344e-24, 2.16152842077e-23, 9.49965471387e-24, 1.0067020043e-23, 2.36697146632e-23, 2.16965321478e-23, 1.96952204302e-23, 4.79353032997e-23, 5.58204224313e-23, 6.72439171998e-23, 7.50669435118e-23, 1.13456600718e-22, 1.70334229291e-22, 2.54462647627e-22, 2.94120490246e-22, 3.53403324165e-22, 5.81490805011e-22, 9.25991638223e-22, 1.27322553999e-21, 1.89310198849e-21], "var": [7.59623688396e-08, 0.000321323401295, 6.24365638942e-05, 1.19624573927e-05, 0.000102517748019, 4.89799094794e-06, 6.41052565697e-06, 3.88860644307e-06, 6.33064337308e-06, 2.08055280382e-06, 1.83071904303e-06, 1.76853370704e-06, 1.27598400468e-06, 1.17058925753e-06, 1.48546780565e-06, 7.27306201043e-07, 1.36953303809e-06, 8.30695114473e-07, 3.32784225066e-07, 1.4395537562e-07, 1.04483135033e-07, 1.56430047582e-07, 7.18419386203e-08, 5.2000221018e-08, 5.32506163609e-08, 2.50500818311e-07, 1.08230246099e-07]}, "barkbands_crest": {"dmean": 2.64537405968, "dmean2": 4.1428232193, "dvar": 7.77543973923, "dvar2": 17.5431346893, "max": 25.5851516724, "mean": 10.4526138306, "median": 9.44001102448, "min": 2.43711161613, "var": 21.2248420715}, "barkbands_flatness_db": {"dmean": 0.0244072321802, "dmean2": 0.0343957617879, "dvar": 0.000683178426698, "dvar2": 0.00132120703347, "max": 0.43743121624, "mean": 0.149239689112, "median": 0.126313433051, "min": 0.0173685941845, "var": 0.006161312107}, "barkbands_kurtosis": {"dmean": 4.89409255981, "dmean2": 7.51517248154, "dvar": 137.657592773, "dvar2": 314.635192871, "max": 349.265319824, "mean": 7.87230300903, "median": 2.26548862457, "min": -1.91946387291, "var": 290.273620605}, "barkbands_skewness": {"dmean": 0.702787995338, "dmean2": 1.03517854214, "dvar": 0.706096470356, "dvar2": 1.52368354797, "max": 15.5102043152, "mean": 1.79276740551, "median": 1.5002720356, "min": -3.15942811966, "var": 2.55612635612}, "barkbands_spread": {"dmean": 8.88716697693, "dmean2": 13.0620555878, "dvar": 170.336746216, "dvar2": 349.487457275, "max": 138.805252075, "mean": 26.8364944458, "median": 22.2043209076, "min": 0.480232328176, "var": 529.383483887}, "dissonance": {"dmean": 0.0189879350364, "dmean2": 0.0304410941899, "dvar": 0.000374285300495, "dvar2": 0.000907032983378, "max": 0.500000119209, "mean": 0.460008174181, "median": 0.469184756279, "min": 0.204442113638, "var": 0.00105925567914}, "dynamic_complexity": 7.10148143768, "erbbands": {"dmean": [0.169524043798, 1.40536284447, 3.31058073044, 4.43147373199, 7.00899219513, 10.6859836578, 5.6498799324, 6.6919054985, 11.0013256073, 9.25480079651, 10.7375364304, 12.8881015778, 12.2218828201, 13.2124958038, 12.7429943085, 12.7936182022, 13.8321294785, 11.532834053, 20.7479629517, 11.8032188416, 15.810303688, 21.6423873901, 15.5001010895, 10.9986476898, 8.53465747833, 6.09682750702, 4.31608772278, 3.6471862793, 3.58144640923, 3.14136981964, 2.1390171051, 1.66376852989, 1.25542891026, 0.712665557861, 0.649089157581, 0.459097206593, 0.280685067177, 0.104679353535, 0.0153064252809, 0.000497101456858], "dmean2": [0.257654666901, 2.19567370415, 6.11520767212, 7.99583959579, 11.8863039017, 18.1218566895, 9.6352853775, 11.2408590317, 18.8997802734, 15.4698295593, 17.4069538116, 19.9341526031, 19.6492099762, 21.2306594849, 20.6713199615, 20.5897445679, 22.3409519196, 18.8719329834, 33.3250274658, 19.2608165741, 25.7009277344, 35.3773384094, 25.2759552002, 18.0964813232, 13.4906644821, 9.58896923065, 6.74531269073, 5.47709608078, 5.36512899399, 4.52804279327, 2.96581482887, 2.35013985634, 1.77469575405, 0.984184324741, 0.915736198425, 0.678815603256, 0.418475300074, 0.154412016273, 0.0225469656289, 0.000722402939573], "dvar": [0.23418097198, 16.9880104065, 129.753967285, 184.614517212, 378.474212646, 2346.53833008, 492.731018066, 539.078552246, 1934.20239258, 1312.95910645, 1707.19348145, 1699.40136719, 2470.7434082, 2476.5234375, 2210.58496094, 1955.90979004, 1810.55187988, 1728.06689453, 4904.56054688, 1819.03955078, 2337.28491211, 4877.48828125, 3397.2565918, 1662.12011719, 579.931884766, 261.325592041, 138.066818237, 104.161521912, 122.142333984, 60.5261917114, 21.2180843353, 13.6259708405, 8.185754776, 2.54182100296, 2.96597719193, 1.74690413475, 0.816544294357, 0.127329617739, 0.00286060362123, 2.83248482447e-06], "dvar2": [0.496576726437, 38.2730064392, 376.116882324, 530.168884277, 970.785583496, 6256.73486328, 1396.42260742, 1499.5402832, 5503.32177734, 3546.73364258, 4332.88818359, 3996.40698242, 6218.26708984, 6492.93554688, 5868.46777344, 4916.078125, 4612.35791016, 4462.12451172, 12735.3242188, 4763.88964844, 5861.31347656, 12380.1650391, 8818.859375, 4363.37109375, 1438.0546875, 638.927429199, 330.805908203, 239.14074707, 255.010696411, 122.447753906, 40.300907135, 27.5978965759, 17.2591953278, 4.97447872162, 6.14406585693, 3.72057652473, 1.7444075346, 0.26985758543, 0.00608790386468, 6.01645615461e-06], "max": [4.60067558289, 39.1970901489, 106.22567749, 136.622695923, 253.932632446, 912.745605469, 387.508483887, 534.023864746, 738.106140137, 668.949462891, 1129.11071777, 979.93572998, 1274.94750977, 1297.19445801, 1201.42480469, 1194.52868652, 848.248718262, 822.325866699, 1081.10876465, 821.103515625, 761.478820801, 1228.47583008, 1011.48583984, 755.136169434, 368.458435059, 250.882629395, 346.387298584, 440.05682373, 650.127258301, 392.897399902, 93.9474411011, 101.431678772, 68.9878082275, 19.2840671539, 32.8074989319, 22.7631645203, 15.441198349, 5.43105697632, 0.766066133976, 0.0229020193219], "mean": [0.176918700337, 1.52590060234, 2.90024924278, 4.40111064911, 7.01525163651, 10.4363870621, 6.40693044662, 8.22949886322, 12.2414016724, 10.8200407028, 13.4022302628, 17.0795936584, 14.2412290573, 15.9188690186, 15.5615739822, 17.1318225861, 17.5713920593, 13.8723669052, 26.1359653473, 13.780005455, 17.6961193085, 22.8528633118, 16.2392196655, 11.3600845337, 10.7826223373, 8.22467708588, 6.19873952866, 5.29279088974, 5.78409957886, 5.04441022873, 3.504301548, 2.57506465912, 1.78964209557, 0.994956791401, 0.776893436909, 0.492398649454, 0.287115007639, 0.106596797705, 0.0155431823805, 0.000518522458151], "median": [0.0214645098895, 0.202165141702, 0.616621136665, 1.05428874493, 1.92066240311, 1.74776864052, 1.69074642658, 2.46207642555, 2.36554884911, 2.21496105194, 2.16906619072, 2.46662259102, 1.6631963253, 1.48071730137, 1.36743688583, 1.41503691673, 1.52991974354, 1.34928715229, 1.92417430878, 1.51959168911, 2.4927277565, 4.35165071487, 2.73780918121, 2.38149476051, 2.67008304596, 1.87938427925, 1.56257522106, 1.33581185341, 1.33543252945, 0.947539865971, 0.622587144375, 0.415790468454, 0.24413472414, 0.113154150546, 0.0517440028489, 0.0168785564601, 0.00444027036428, 0.000659701123368, 6.06865687587e-05, 1.74785509444e-05], "min": [2.2991264308e-23, 6.20509203292e-22, 1.65161008217e-21, 5.74484569067e-21, 1.18750177985e-20, 3.91169608085e-20, 4.57697644489e-20, 1.14685981142e-19, 1.75302564836e-19, 2.20247875784e-19, 2.88474818381e-19, 4.53645493464e-19, 4.80740725006e-19, 7.28107846419e-19, 8.76632674896e-19, 1.45220510764e-18, 1.32382367804e-18, 9.35931702047e-19, 2.48692988537e-18, 3.16598623166e-18, 2.90687314555e-18, 4.50177373309e-18, 3.70762988703e-18, 6.57332060501e-18, 6.83054316983e-18, 9.18106290718e-18, 7.26637388124e-18, 1.03483437917e-17, 1.05572135138e-17, 1.16288119353e-17, 1.093793828e-17, 1.1201449899e-17, 1.00760574407e-17, 8.49072857363e-18, 6.3326776348e-18, 3.69257106397e-18, 2.33641196521e-18, 8.88500338542e-19, 2.55847015161e-19, 2.74877675171e-20], "var": [0.248886838555, 17.6244277954, 78.8014068604, 124.0754776, 331.499847412, 1856.52429199, 354.780914307, 452.007598877, 1372.04760742, 1121.49682617, 1878.09082031, 2587.17114258, 2536.80493164, 2675.47167969, 2157.19677734, 3115.36547852, 2657.73852539, 1744.45129395, 7620.51660156, 1743.74023438, 2341.83129883, 4336.41699219, 2795.58276367, 1342.49389648, 617.721191406, 324.816864014, 194.619216919, 173.431045532, 227.310043335, 121.704620361, 52.6795158386, 29.5460758209, 13.1584510803, 4.41045951843, 4.27374696732, 2.28963398933, 1.03147351742, 0.16062772274, 0.00355829671025, 3.59591899723e-06]}, "erbbands_crest": {"dmean": 2.48734593391, "dmean2": 3.92494177818, "dvar": 6.26332139969, "dvar2": 15.5054731369, "max": 28.6221008301, "mean": 8.6163225174, "median": 7.70374917984, "min": 2.05728626251, "var": 16.591960907}, "erbbands_flatness_db": {"dmean": 0.0214066356421, "dmean2": 0.0284980684519, "dvar": 0.000515068182722, "dvar2": 0.000919300015084, "max": 0.339264065027, "mean": 0.139045640826, "median": 0.135069519281, "min": 0.0268645379692, "var": 0.00263884826563}, "erbbands_kurtosis": {"dmean": 1.2721414566, "dmean2": 1.90340769291, "dvar": 3.73282694817, "dvar2": 7.644572258, "max": 35.7796859741, "mean": 1.45036637783, "median": 0.0136144161224, "min": -1.86246502399, "var": 13.7794437408}, "erbbands_skewness": {"dmean": 0.441390812397, "dmean2": 0.638327479362, "dvar": 0.236118286848, "dvar2": 0.480054706335, "max": 4.93271207809, "mean": 0.361973077059, "median": 0.210348829627, "min": -3.36653232574, "var": 1.14396202564}, "erbbands_spread": {"dmean": 12.4557199478, "dmean2": 18.3019657135, "dvar": 221.723266602, "dvar2": 473.552764893, "max": 175.440353394, "mean": 45.7264823914, "median": 39.144859314, "min": 3.17376661301, "var": 825.357727051}, "gfcc": {"cov": [[36512.6015625, -1960.88586426, -3420.09521484, 1055.4354248, -829.308166504, 752.193481445, -600.421203613, 446.62121582, -472.13885498, 8.45869255066, -364.610229492, 150.475097656, -305.986572266], [-1960.88586426, 2600.14868164, -227.569168091, -213.607437134, 116.309066772, -150.624511719, 163.18347168, -156.630310059, 94.629989624, -113.883560181, 118.593574524, -94.1703338623, 113.180992126], [-3420.09521484, -227.569168091, 2121.56616211, -14.0387268066, 240.924743652, -120.318092346, 132.409393311, 13.4258680344, 27.960111618, 92.8702087402, 0.886177301407, 84.7752075195, -2.81916213036], [1055.4354248, -213.607437134, -14.0387268066, 622.931640625, -94.1448898315, 54.7624282837, -73.5324249268, 47.7812767029, -15.9594736099, -16.8744029999, -13.7288408279, -20.8508720398, 10.5096025467], [-829.308166504, 116.309066772, 240.924743652, -94.1448898315, 400.34185791, -39.1072731018, 118.992607117, -16.7998981476, 32.9799079895, 14.8633241653, 2.21099114418, 25.6906700134, 18.5347805023], [752.193481445, -150.624511719, -120.318092346, 54.7624282837, -39.1072731018, 259.262420654, 20.7156925201, 29.4007663727, -32.4389915466, 4.50267219543, 11.0391483307, -7.11734199524, -10.0894508362], [-600.421203613, 163.18347168, 132.409393311, -73.5324249268, 118.992607117, 20.7156925201, 187.84564209, 8.39476680756, 19.2490177155, 2.73074889183, 23.2381668091, 11.2851924896, 6.27939939499], [446.62121582, -156.630310059, 13.4258680344, 47.7812767029, -16.7998981476, 29.4007663727, 8.39476680756, 114.117240906, 23.0266742706, 16.6279125214, -6.42383098602, 10.2898187637, -4.33887767792], [-472.13885498, 94.629989624, 27.960111618, -15.9594736099, 32.9799079895, -32.4389915466, 19.2490177155, 23.0266742706, 109.60218811, 33.7290496826, 10.0766477585, -4.61270713806, 17.3656196594], [8.45869255066, -113.883560181, 92.8702087402, -16.8744029999, 14.8633241653, 4.50267219543, 2.73074889183, 16.6279125214, 33.7290496826, 83.5122299194, 21.0312767029, 12.8871498108, -4.06213521957], [-364.610229492, 118.593574524, 0.886177301407, -13.7288408279, 2.21099114418, 11.0391483307, 23.2381668091, -6.42383098602, 10.0766477585, 21.0312767029, 78.0956954956, 22.1250038147, 11.9256677628], [150.475097656, -94.1703338623, 84.7752075195, -20.8508720398, 25.6906700134, -7.11734199524, 11.2851924896, 10.2898187637, -4.61270713806, 12.8871498108, 22.1250038147, 77.0276031494, 15.8097705841], [-305.986572266, 113.180992126, -2.81916213036, 10.5096025467, 18.5347805023, -10.0894508362, 6.27939939499, -4.33887767792, 17.3656196594, -4.06213521957, 11.9256677628, 15.8097705841, 62.2764854431]], "icov": [[5.11658690812e-05, -3.78458353225e-05, 9.23797197174e-05, -8.02994545666e-05, 1.40717984323e-05, -8.37730112835e-05, 5.84727495152e-05, -0.000148544553667, 0.000195011729375, -0.000247749761911, 0.000372127164155, -0.000377488177037, 0.000257936189882], [-3.78458353225e-05, 0.000732277927455, -4.23865785706e-05, 0.000221660069656, -3.02037624351e-05, 0.000383275793865, -0.00049265276175, 0.000664326245897, -0.000697820389178, 0.0013598856749, -0.00163514795713, 0.00154849793762, -0.00118576863315], [9.23797197174e-05, -4.23865785706e-05, 0.00075321510667, -0.000260741449893, -0.000169188482687, 0.000167701189639, -0.000310142262606, -0.000200612252229, 0.000516156142112, -0.00113112246618, 0.000976711395197, -0.0011704491917, 0.000596235448029], [-8.02994545666e-05, 0.000221660069656, -0.000260741449893, 0.00203552376479, 0.000138590228744, -0.000161825926625, 0.000574364559725, -0.00056038540788, -0.000211487320485, 0.00113015831448, -0.00106309459079, 0.00158276164439, -0.00138265639544], [1.40717984323e-05, -3.02037624351e-05, -0.000169188482687, 0.000138590228744, 0.00347839505412, 0.000276185106486, -0.00203854660504, 0.000777437118813, -0.000534313963726, -0.000517804583069, 0.0012336258078, -0.000975275121164, -0.000511228921823], [-8.37730112835e-05, 0.000383275793865, 0.000167701189639, -0.000161825926625, 0.000276185106486, 0.00498698651791, -0.00148000800982, -0.000817745225504, 0.00154268264305, -0.000283862231299, -0.00189128611237, 0.00195367145352, -0.0008377484628], [5.84727495152e-05, -0.00049265276175, -0.000310142262606, 0.000574364559725, -0.00203854660504, -0.00148000800982, 0.00811008643359, -0.00164702394977, -0.000442529970314, 0.000963292666711, -0.00133748329245, -0.00067823327845, 0.0011206457857], [-0.000148544553667, 0.000664326245897, -0.000200612252229, -0.00056038540788, 0.000777437118813, -0.000817745225504, -0.00164702394977, 0.0118611054495, -0.00412423443049, 0.000332275376422, 0.000460163952084, -0.00096284475876, 0.000104892482341], [0.000195011729375, -0.000697820389178, 0.000516156142112, -0.000211487320485, -0.000534313963726, 0.00154268264305, -0.000442529970314, -0.00412423443049, 0.0145666366443, -0.00737522495911, 0.00168348825537, 0.00126088375691, -0.00273373792879], [-0.000247749761911, 0.0013598856749, -0.00113112246618, 0.00113015831448, -0.000517804583069, -0.000283862231299, 0.000963292666711, 0.000332275376422, -0.00737522495911, 0.0201323460788, -0.00837360974401, 0.00214430387132, 0.000532370060682], [0.000372127164155, -0.00163514795713, 0.000976711395197, -0.00106309459079, 0.0012336258078, -0.00189128611237, -0.00133748329245, 0.000460163952084, 0.00168348825537, -0.00837360974401, 0.0220203697681, -0.00972352921963, 0.001753110555], [-0.000377488177037, 0.00154849793762, -0.0011704491917, 0.00158276164439, -0.000975275121164, 0.00195367145352, -0.00067823327845, -0.00096284475876, 0.00126088375691, 0.00214430387132, -0.00972352921963, 0.0222951676697, -0.00839063059539], [0.000257936189882, -0.00118576863315, 0.000596235448029, -0.00138265639544, -0.000511228921823, -0.0008377484628, 0.0011206457857, 0.000104892482341, -0.00273373792879, 0.000532370060682, 0.001753110555, -0.00839063059539, 0.0222422201186]], "mean": [-91.0415649414, 82.6598205566, -83.2990264893, 37.6645698547, -49.9127922058, 7.56978464127, -32.8837013245, 6.88505125046, -18.7951087952, 0.65027397871, -15.5558681488, 1.96298825741, -11.8921833038]}, "hfc": {"dmean": 11.8053255081, "dmean2": 16.8735809326, "dvar": 775.704162598, "dvar2": 1695.85449219, "max": 326.313415527, "mean": 17.9077224731, "median": 6.16237449646, "min": 1.03423053732e-16, "var": 1092.48620605}, "melbands": {"dmean": [0.0016008450184, 0.00175684341229, 0.000794671243057, 0.000706477556378, 0.000241585352342, 0.000148138802615, 0.00016581111413, 0.000103134647361, 8.762429934e-05, 8.29751152196e-05, 6.23178857495e-05, 5.41572699149e-05, 4.79564696434e-05, 3.54345320375e-05, 3.58446741302e-05, 2.45962492045e-05, 2.20172132686e-05, 3.6447407183e-05, 1.72763648152e-05, 1.719537795e-05, 1.93383984879e-05, 2.2414526029e-05, 2.0091621991e-05, 1.15604425446e-05, 8.87086298462e-06, 6.99750034983e-06, 5.06193100591e-06, 3.98586917072e-06, 3.06915285364e-06, 2.12225245377e-06, 2.16978924072e-06, 2.1043738343e-06, 2.11489123103e-06, 1.67838663856e-06, 1.34100241667e-06, 1.10275300358e-06, 1.00564000149e-06, 9.17484044294e-07, 7.0198211688e-07, 5.90475053741e-07], "dmean2": [0.00242095952854, 0.00302981282584, 0.00142833637074, 0.00116820493713, 0.00042103981832, 0.00024902028963, 0.000285426765913, 0.000171148247318, 0.00014074833598, 0.000128481100546, 0.000100355660834, 8.70289586601e-05, 7.78908579377e-05, 5.61058186577e-05, 5.88844377489e-05, 3.96965333493e-05, 3.63881517842e-05, 5.88012298977e-05, 2.80363856291e-05, 2.8234146157e-05, 3.17810990964e-05, 3.6839475797e-05, 3.31356932293e-05, 1.91137987713e-05, 1.47816444951e-05, 1.1309151887e-05, 8.00108864496e-06, 6.32192632111e-06, 4.88924752062e-06, 3.26749682245e-06, 3.33495540872e-06, 3.2429870771e-06, 3.13259897666e-06, 2.45649425779e-06, 1.90229184227e-06, 1.56428757236e-06, 1.45745730151e-06, 1.32062507419e-06, 9.96285621113e-07, 8.3306366605e-07], "dvar": [2.08325473068e-05, 3.17368903779e-05, 5.58698548048e-06, 6.99692782291e-06, 1.12096279281e-06, 2.67216336169e-07, 4.28189991908e-07, 1.64456537277e-07, 9.48124920797e-08, 7.94470267351e-08, 6.45368416485e-08, 4.23886206136e-08, 3.28389688775e-08, 1.6306728412e-08, 1.36760505143e-08, 5.9949893938e-09, 6.83973544469e-09, 1.71151537387e-08, 3.29101657037e-09, 3.86866894075e-09, 3.35853478362e-09, 5.53008971949e-09, 5.19310683345e-09, 1.99103200593e-09, 1.14539722151e-09, 4.22709450776e-10, 1.98857333378e-10, 1.11285328175e-10, 6.50440395988e-11, 3.96291541249e-11, 4.05545215465e-11, 4.21831805597e-11, 3.45244388633e-11, 1.6289376098e-11, 8.61127922441e-12, 6.16593148067e-12, 5.12319917392e-12, 4.31905726461e-12, 2.46338019427e-12, 1.8619743334e-12], "dvar2": [4.24880745413e-05, 8.65677648108e-05, 1.60177824e-05, 1.76106586878e-05, 3.18762977258e-06, 7.46423154396e-07, 1.21962045796e-06, 4.36547026084e-07, 2.34208826555e-07, 1.87954654507e-07, 1.62272627335e-07, 1.10850763235e-07, 8.53588417726e-08, 3.92991204023e-08, 3.60722189896e-08, 1.5077931792e-08, 1.76642842575e-08, 4.41743068791e-08, 8.53714343663e-09, 1.00738049014e-08, 8.50294945565e-09, 1.424025875e-08, 1.36011593099e-08, 5.21567233847e-09, 3.05088687647e-09, 1.07258846249e-09, 4.93768081977e-10, 2.71943884078e-10, 1.58195803679e-10, 9.42859609832e-11, 9.68043561977e-11, 9.1391609558e-11, 7.09464431647e-11, 3.33647137696e-11, 1.70166311597e-11, 1.23207685374e-11, 1.08938032206e-11, 9.20730072046e-12, 5.18230640692e-12, 3.70035165703e-12], "max": [0.0462856031954, 0.0525468625128, 0.0229101330042, 0.0470845066011, 0.0200048033148, 0.0118067860603, 0.0111737307161, 0.00744381966069, 0.00801589526236, 0.00766310747713, 0.00654647499323, 0.00524213537574, 0.0040819440037, 0.00410250667483, 0.00217282120138, 0.00178044079803, 0.00154461176135, 0.00206246739253, 0.000918390112929, 0.00130818365142, 0.000987670267932, 0.00169789220672, 0.00126706878655, 0.00107886490878, 0.000687623571139, 0.00034906444489, 0.000296060898108, 0.000189169091755, 0.000159538554726, 0.000256484752754, 0.000306355475914, 0.000360542529961, 0.000330541806761, 0.000183318712516, 5.35008948646e-05, 6.70808003633e-05, 5.74858459004e-05, 3.85510466003e-05, 3.68668406736e-05, 1.73554690264e-05], "mean": [0.00175934878644, 0.00173281028401, 0.000788408797234, 0.000713201821782, 0.000254544807831, 0.000183378317161, 0.000185246492038, 0.000119822703709, 0.000111364359327, 0.000108047672256, 7.07043145667e-05, 6.40632133582e-05, 5.3866962844e-05, 4.78332513012e-05, 4.36400769104e-05, 3.02407352137e-05, 2.4024018785e-05, 4.52507156297e-05, 2.04170064535e-05, 1.82880157809e-05, 2.08684268728e-05, 2.28882327065e-05, 2.086031418e-05, 1.16288592835e-05, 8.70568965183e-06, 8.40929533297e-06, 6.37570565232e-06, 5.24664164914e-06, 4.26722090197e-06, 2.93406105811e-06, 3.01027671412e-06, 3.23566746374e-06, 3.29602880811e-06, 2.60603655988e-06, 2.12961435864e-06, 1.67794155459e-06, 1.50585196934e-06, 1.29056570586e-06, 9.74905674411e-07, 7.99405256657e-07], "median": [0.000208512181416, 0.000348855566699, 0.000228087505093, 0.000138789633638, 6.54183386359e-05, 5.67997594771e-05, 3.54312142008e-05, 2.34123453993e-05, 1.65351830219e-05, 1.40126376209e-05, 6.44080546408e-06, 5.13328177476e-06, 3.68310952581e-06, 2.74124613497e-06, 3.34984838446e-06, 2.63184347205e-06, 1.82670885351e-06, 2.75132788374e-06, 2.05414107768e-06, 1.75217940068e-06, 2.9160912618e-06, 4.30583668276e-06, 3.32616741616e-06, 1.68394888078e-06, 1.69514896697e-06, 1.89219565527e-06, 1.36679818752e-06, 1.06247898657e-06, 9.23038101064e-07, 7.52157575334e-07, 6.90300282713e-07, 7.24978974631e-07, 6.32450223748e-07, 4.67269785531e-07, 3.8166763261e-07, 2.50663305223e-07, 2.28844484695e-07, 1.76461639967e-07, 1.22252458823e-07, 8.24354629003e-08], "min": [3.47145119224e-25, 1.17394858231e-24, 1.65711888562e-24, 1.68058098944e-24, 1.31386400929e-24, 2.6312382524e-24, 2.85206743826e-24, 3.12388504316e-24, 2.31734497619e-24, 2.68896512129e-24, 2.12608880516e-24, 2.94523289724e-24, 1.79085822197e-24, 3.25328564453e-24, 4.68154986787e-24, 1.89005965017e-24, 1.58105583245e-24, 3.00673604329e-24, 3.13173203979e-24, 3.5878372157e-24, 2.84634228024e-24, 3.99034560398e-24, 3.71755829181e-24, 3.1047123705e-24, 4.87617999699e-24, 4.32453232698e-24, 5.38108805279e-24, 5.49813726175e-24, 3.49151217157e-24, 5.18101162798e-24, 5.71213195394e-24, 5.41856722883e-24, 5.49020210991e-24, 5.24379903958e-24, 5.2492508573e-24, 4.56283221809e-24, 5.61909724866e-24, 7.00688738553e-24, 5.53498811008e-24, 6.69739358659e-24], "var": [2.35058905673e-05, 2.36567047978e-05, 3.71251530851e-06, 6.2943508965e-06, 7.59626061608e-07, 2.18733390511e-07, 3.05548809365e-07, 1.44900312193e-07, 1.1594126903e-07, 1.17634122887e-07, 6.62846133537e-08, 4.54872477462e-08, 3.10324175246e-08, 2.87459709369e-08, 1.77188859141e-08, 8.17695688937e-09, 6.5067959909e-09, 2.66585367115e-08, 3.59848884024e-09, 3.5036153978e-09, 3.26345839241e-09, 4.69966909833e-09, 4.28357971316e-09, 1.59895163776e-09, 8.86765494368e-10, 4.20839835202e-10, 2.19461449014e-10, 1.44767600685e-10, 9.11480613208e-11, 5.52025508638e-11, 6.63477398022e-11, 7.55482759685e-11, 6.21082074659e-11, 3.29063304383e-11, 1.97830658105e-11, 1.41789583546e-11, 1.02135808491e-11, 6.91674235248e-12, 3.95582655174e-12, 3.0917417064e-12]}, "melbands_crest": {"dmean": 3.18036270142, "dmean2": 4.85020017624, "dvar": 9.87552452087, "dvar2": 23.0251274109, "max": 36.1096305847, "mean": 14.7220134735, "median": 14.2393083572, "min": 1.60754573345, "var": 28.817407608}, "melbands_flatness_db": {"dmean": 0.0311942659318, "dmean2": 0.0439146608114, "dvar": 0.00123543431982, "dvar2": 0.00235301302746, "max": 0.585208058357, "mean": 0.229165315628, "median": 0.200567945838, "min": 0.00355817750096, "var": 0.0119041819125}, "melbands_kurtosis": {"dmean": 12.7413625717, "dmean2": 19.3492527008, "dvar": 639.118469238, "dvar2": 1394.18469238, "max": 807.668151855, "mean": 22.655538559, "median": 10.5107078552, "min": -1.83565342426, "var": 1334.15466309}, "melbands_skewness": {"dmean": 0.985203623772, "dmean2": 1.44155013561, "dvar": 1.38392293453, "dvar2": 2.8950715065, "max": 23.8679332733, "mean": 3.20276665688, "median": 2.70138764381, "min": -1.72195982933, "var": 4.79600477219}, "melbands_spread": {"dmean": 8.69407558441, "dmean2": 13.1143045425, "dvar": 200.605911255, "dvar2": 403.848571777, "max": 236.058395386, "mean": 23.8963127136, "median": 18.106546402, "min": 0.492229640484, "var": 666.321838379}, "mfcc": {"cov": [[22833.0664062, -1284.4921875, -2561.00219727, -81.9510192871, -117.904510498, 43.5488052368, -185.568267822, 348.483673096, -57.0899734497, 51.1925239563, -5.20071220398, -35.5840988159, -99.4156188965], [-1284.4921875, 2220.10400391, 16.0533123016, 44.6960258484, -19.0833683014, 26.0476150513, 54.0901069641, 4.61075210571, 31.1773586273, -7.16134357452, -27.4101982117, 17.6875553131, 38.3290100098], [-2561.00219727, 16.0533123016, 1480.93066406, 238.668075562, 130.450180054, 37.2747802734, 81.6659927368, -22.7564277649, 29.3590946198, -6.34735679626, 29.9645195007, 36.2378730774, 24.1144828796], [-81.9510192871, 44.6960258484, 238.668075562, 441.093048096, 112.904762268, 13.2238521576, -2.62528681755, 16.7511177063, 28.0926609039, 0.351334303617, -16.698184967, 13.7391042709, 3.39318823814], [-117.904510498, -19.0833683014, 130.450180054, 112.904762268, 193.982147217, 44.0521621704, 25.2274589539, 8.78827667236, 30.4600334167, 11.3280353546, -0.185695424676, 0.503786444664, 0.945804834366], [43.5488052368, 26.0476150513, 37.2747802734, 13.2238521576, 44.0521621704, 147.225662231, 71.3213500977, 20.3916797638, 7.58464956284, 9.6284828186, 14.8201036453, -7.72893095016, -3.06837582588], [-185.568267822, 54.0901069641, 81.6659927368, -2.62528681755, 25.2274589539, 71.3213500977, 156.388015747, 48.1829147339, 8.61548709869, -7.69633245468, 21.1866359711, 3.1158208847, 2.26471018791], [348.483673096, 4.61075210571, -22.7564277649, 16.7511177063, 8.78827667236, 20.3916797638, 48.1829147339, 94.7631378174, 28.1680030823, 0.0831439197063, 1.83758592606, 9.73018550873, 6.21950912476], [-57.0899734497, 31.1773586273, 29.3590946198, 28.0926609039, 30.4600334167, 7.58464956284, 8.61548709869, 28.1680030823, 85.3028945923, 32.1028060913, 3.08820438385, 4.5951590538, 5.61770153046], [51.1925239563, -7.16134357452, -6.34735679626, 0.351334303617, 11.3280353546, 9.6284828186, -7.69633245468, 0.0831439197063, 32.1028060913, 85.2622451782, 19.1480503082, 1.52139484882, -3.28629827499], [-5.20071220398, -27.4101982117, 29.9645195007, -16.698184967, -0.185695424676, 14.8201036453, 21.1866359711, 1.83758592606, 3.08820438385, 19.1480503082, 76.7294845581, 18.2953605652, 0.0192782729864], [-35.5840988159, 17.6875553131, 36.2378730774, 13.7391042709, 0.503786444664, -7.72893095016, 3.1158208847, 9.73018550873, 4.5951590538, 1.52139484882, 18.2953605652, 73.6481170654, 30.9025039673], [-99.4156188965, 38.3290100098, 24.1144828796, 3.39318823814, 0.945804834366, -3.06837582588, 2.26471018791, 6.21950912476, 5.61770153046, -3.28629827499, 0.0192782729864, 30.9025039673, 64.8773880005]], "icov": [[6.31670336588e-05, 3.18051606882e-05, 0.000104600076156, -4.07961269957e-05, -9.36093329074e-06, -6.37174234726e-05, 0.000123802179587, -0.000284279085463, 0.000111175424536, -3.76735551981e-05, -4.06160361308e-05, -1.52949705807e-05, 5.70754382352e-05], [3.18051606882e-05, 0.000486762583023, 7.07659710315e-05, -9.56608928391e-05, 0.000147954197018, -9.0469737188e-05, -0.000186634177226, 7.01535100234e-05, -0.000195323067601, 1.89883394341e-05, 0.000218860572204, -8.56019105413e-05, -0.000208200493944], [0.000104600076156, 7.07659710315e-05, 0.000996746239252, -0.000463321455754, -0.000281134736724, 1.75634397692e-06, -0.000391564593883, 0.000226232848945, -9.90716580418e-05, 0.000131755266921, -0.000323153479258, -0.000258955260506, -9.29174930206e-05], [-4.07961269957e-05, -9.56608928391e-05, -0.000463321455754, 0.00298474985175, -0.00148691167124, 6.1730543166e-06, 0.000616290606558, -0.000565925904084, -0.000245988543611, 0.000174207380041, 0.000740953139029, -0.000597542850301, 0.000379342614906], [-9.36093329074e-06, 0.000147954197018, -0.000281134736724, -0.00148691167124, 0.0069485954009, -0.00169814517722, -0.00046771435882, 0.000753231230192, -0.00197971519083, -0.000113608963147, 0.000372610636987, 0.000124851416331, -5.08980738232e-05], [-6.37174234726e-05, -9.0469737188e-05, 1.75634397692e-06, 6.1730543166e-06, -0.00169814517722, 0.00954344589263, -0.00419647898525, 0.000197036526515, 0.000547361792997, -0.00126647530124, -0.00077836465789, 0.00143886532169, -0.00023813113512], [0.000123802179587, -0.000186634177226, -0.000391564593883, 0.000616290606558, -0.00046771435882, -0.00419647898525, 0.0108382729813, -0.00545200193301, 0.000761146307923, 0.00164241611492, -0.00236970651895, 0.000441253534518, 0.000173761640326], [-0.000284279085463, 7.01535100234e-05, 0.000226232848945, -0.000565925904084, 0.000753231230192, 0.000197036526515, -0.00545200193301, 0.016293823719, -0.00568475015461, 0.0014563765144, 0.00117749429774, -0.00184019817971, -0.000462730502477], [0.000111175424536, -0.000195323067601, -9.90716580418e-05, -0.000245988543611, -0.00197971519083, 0.000547361792997, 0.000761146307923, -0.00568475015461, 0.0168541260064, -0.00633097160608, 0.000552995712496, 0.000365764281014, -0.00104586861562], [-3.76735551981e-05, 1.89883394341e-05, 0.000131755266921, 0.000174207380041, -0.000113608963147, -0.00126647530124, 0.00164241611492, 0.0014563765144, -0.00633097160608, 0.0153496731073, -0.00386751582846, 0.000160204814165, 0.000868335773703], [-4.06160361308e-05, 0.000218860572204, -0.000323153479258, 0.000740953139029, 0.000372610636987, -0.00077836465789, -0.00236970651895, 0.00117749429774, 0.000552995712496, -0.00386751582846, 0.0163124762475, -0.00502026779577, 0.00196004239842], [-1.52949705807e-05, -8.56019105413e-05, -0.000258955260506, -0.000597542850301, 0.000124851416331, 0.00143886532169, 0.000441253534518, -0.00184019817971, 0.000365764281014, 0.000160204814165, -0.00502026779577, 0.0190901588649, -0.00873324088752], [5.70754382352e-05, -0.000208200493944, -9.29174930206e-05, 0.000379342614906, -5.08980738232e-05, -0.00023813113512, 0.000173761640326, -0.000462730502477, -0.00104586861562, 0.000868335773703, 0.00196004239842, -0.00873324088752, 0.0199604202062]], "mean": [-731.666809082, 111.634803772, 23.9016532898, 33.5144386292, 8.26885128021, 5.91313886642, -1.97656774521, 6.0066280365, 0.482508391142, 0.403982192278, -0.0547816306353, 1.75287163258, 0.128169119358]}, "pitch_salience": {"dmean": 0.0727704837918, "dmean2": 0.113256677985, "dvar": 0.00531810848042, "dvar2": 0.0130092110485, "max": 0.900518000126, "mean": 0.54797399044, "median": 0.558685362339, "min": 0.0762609615922, "var": 0.0145324459299}, "silence_rate_20dB": {"dmean": 0, "dmean2": 0, "dvar": 0, "dvar2": 0, "max": 1, "mean": 1, "median": 1, "min": 1, "var": 0}, "silence_rate_30dB": {"dmean": 0.0637887865305, "dmean2": 0.127589866519, "dvar": 0.059721659869, "dvar2": 0.140019536018, "max": 1, "mean": 0.94970613718, "median": 1, "min": 0, "var": 0.0477668121457}, "silence_rate_60dB": {"dmean": 0.0433609560132, "dmean2": 0.0867302715778, "dvar": 0.0414871945977, "dvar2": 0.0901828929782, "max": 1, "mean": 0.284805864096, "median": 0, "min": 0, "var": 0.203647598624}, "spectral_centroid": {"dmean": 307.7215271, "dmean2": 465.801727295, "dvar": 165550.140625, "dvar2": 339938.71875, "max": 11628.0234375, "mean": 1370.73474121, "median": 1283.67272949, "min": 143.122802734, "var": 1283751.125}, "spectral_complexity": {"dmean": 3.83734822273, "dmean2": 5.45629739761, "dvar": 34.479598999, "dvar2": 59.0620079041, "max": 68, "mean": 11.8352441788, "median": 9, "min": 0, "var": 123.52822876}, "spectral_contrast_coeffs": {"dmean": [0.046187505126, 0.0424985103309, 0.0393203869462, 0.0315703228116, 0.0236425474286, 0.0182048995048], "dmean2": [0.0737976655364, 0.0674515143037, 0.0602102614939, 0.0499542616308, 0.0371431782842, 0.0281680691987], "dvar": [0.00201563281007, 0.00139595603105, 0.00123578100465, 0.000784386822488, 0.000457429327071, 0.000364451610949], "dvar2": [0.00518960831687, 0.00352810602635, 0.0027707235422, 0.00178832770325, 0.00107823661529, 0.000829832046293], "max": [-0.267097979784, -0.441868633032, -0.469642430544, -0.521438598633, -0.592466890812, -0.592088878155], "mean": [-0.681966722012, -0.752552509308, -0.785315155983, -0.801929593086, -0.808149158955, -0.784178972244], "median": [-0.68782544136, -0.756746649742, -0.799226105213, -0.813886582851, -0.805525064468, -0.78182721138], "min": [-0.979899644852, -0.976649463177, -0.976829349995, -0.968645334244, -0.965994775295, -0.963768422604], "var": [0.00789162516594, 0.00543129071593, 0.00684000970796, 0.00584953464568, 0.00321206450462, 0.00279722269624]}, "spectral_contrast_valleys": {"dmean": [0.425760865211, 0.409240186214, 0.421404868364, 0.413914620876, 0.419755548239, 0.443136453629], "dmean2": [0.639533638954, 0.62863856554, 0.627174198627, 0.581093728542, 0.553690731525, 0.529048740864], "dvar": [0.223658829927, 0.194458037615, 0.224097058177, 0.209822252393, 0.244734764099, 0.327003836632], "dvar2": [0.456276506186, 0.419420808554, 0.443996429443, 0.358242899179, 0.436252266169, 0.556208193302], "max": [-4.73905324936, -3.85692477226, -4.56439065933, -5.0583524704, -5.01930093765, -7.87075901031], "mean": [-7.79514837265, -7.69275379181, -8.60100269318, -9.00565719604, -8.6192483902, -10.9281396866], "median": [-7.52851867676, -7.33861255646, -8.22031402588, -8.54733181, -8.03804016113, -10.4158763885], "min": [-28.1577510834, -28.1219367981, -27.8663902283, -27.5776767731, -27.5347518921, -27.4035720825], "var": [4.77230978012, 4.7666592598, 4.91892242432, 5.11643981934, 5.59906101227, 5.14919567108]}, "spectral_decrease": {"dmean": 3.83801790349e-09, "dmean2": 5.8764246802e-09, "dvar": 9.03778529892e-17, "dvar2": 2.18568778756e-16, "max": 1.80054443577e-10, "mean": -5.14967224419e-09, "median": -2.01578642667e-09, "min": -1.00745261022e-07, "var": 9.6589734544e-17}, "spectral_energy": {"dmean": 0.0153941037133, "dmean2": 0.0233701262623, "dvar": 0.00142554286867, "dvar2": 0.00342711340636, "max": 0.409833043814, "mean": 0.0210603307933, "median": 0.00848738476634, "min": 9.9312701826e-21, "var": 0.00155800906941}, "spectral_energyband_high": {"dmean": 0.000640817568637, "dmean2": 0.000872221135069, "dvar": 2.00773752113e-06, "dvar2": 3.88250782635e-06, "max": 0.0341701768339, "mean": 0.000960858596954, "median": 0.000203231582418, "min": 6.94461179635e-21, "var": 3.59338582712e-06}, "spectral_energyband_low": {"dmean": 0.00867820251733, "dmean2": 0.0133106708527, "dvar": 0.000624316104222, "dvar2": 0.00146263849456, "max": 0.23557344079, "mean": 0.0100482199341, "median": 0.00214268965647, "min": 8.47606903516e-24, "var": 0.000634280324448}, "spectral_energyband_middle_high": {"dmean": 0.00235099787824, "dmean2": 0.00369622255675, "dvar": 5.59712534596e-05, "dvar2": 0.000140891293995, "max": 0.0997219979763, "mean": 0.00349213578738, "median": 0.000786808959674, "min": 1.10523689079e-21, "var": 6.31966904621e-05}, "spectral_energyband_middle_low": {"dmean": 0.00578188477084, "dmean2": 0.00951435323805, "dvar": 0.000327665999066, "dvar2": 0.000848172290716, "max": 0.311198323965, "mean": 0.00751935876906, "median": 0.00314760371111, "min": 1.80249138019e-22, "var": 0.000306005531456}, "spectral_entropy": {"dmean": 0.20611679554, "dmean2": 0.272733360529, "dvar": 0.0676220282912, "dvar2": 0.11712808162, "max": 9.82089805603, "mean": 7.51264476776, "median": 7.66199636459, "min": 4.99577474594, "var": 0.520521342754}, "spectral_flux": {"dmean": 0.0342083051801, "dmean2": 0.0519944317639, "dvar": 0.00392247084528, "dvar2": 0.00807339604944, "max": 0.587046861649, "mean": 0.0707395076752, "median": 0.044328905642, "min": 6.42701447617e-11, "var": 0.00711845094338}, "spectral_kurtosis": {"dmean": 1.8339599371, "dmean2": 2.85038518906, "dvar": 7.25239706039, "dvar2": 16.6943492889, "max": 52.9817771912, "mean": 5.77124500275, "median": 3.4516749382, "min": -1.2672162056, "var": 49.1016120911}, "spectral_rms": {"dmean": 0.00110425648745, "dmean2": 0.00155854795594, "dvar": 4.36023128714e-06, "dvar2": 9.41125836107e-06, "max": 0.0199959278107, "mean": 0.00344739574939, "median": 0.00287756416947, "min": 3.11272297e-12, "var": 8.66211303219e-06}, "spectral_rolloff": {"dmean": 905.312011719, "dmean2": 1496.94396973, "dvar": 4018680.75, "dvar2": 8309156.5, "max": 19379.8828125, "mean": 2040.73742676, "median": 968.994140625, "min": 21.533203125, "var": 10171097}, "spectral_skewness": {"dmean": 0.259673029184, "dmean2": 0.387490212917, "dvar": 0.103007122874, "dvar2": 0.216587454081, "max": 6.27015256882, "mean": 1.70040011406, "median": 1.43845593929, "min": -0.0734316408634, "var": 0.9232609272}, "spectral_spread": {"dmean": 903980.875, "dmean2": 1224586.75, "dvar": 1464914280450.0, "dvar2": 2507610783740.0, "max": 43028564, "mean": 5624777, "median": 4766760.5, "min": 1445270.5, "var": 14512784670