{"lowlevel": {"average_loudness": 0.817568361759, "barkbands": {"dmean": [2.3221507945e-05, 0.000287228322122, 0.00065831450047, 0.0011840442894, 0.000929721398279, 0.000692929141223, 0.000984777696431, 0.000643903855234, 0.000806430820376, 0.000613777898252, 0.000471201376058, 0.000601970416028, 0.000302712025587, 0.000395468145143, 0.000419739692006, 0.00029352621641, 0.00031302071875, 0.00028845408815, 0.000264593196334, 7.16606373317e-05, 4.32935121353e-05, 2.95480276691e-05, 1.92807219719e-05, 1.97218396352e-05, 1.68813894561e-05, 2.24075065489e-05, 9.1453175628e-06], "dmean2": [3.95869647036e-05, 0.00043630041182, 0.00110214983579, 0.00191458675545, 0.00151652109344, 0.00109127210453, 0.00139932427555, 0.000987223349512, 0.00121753464919, 0.000903671083506, 0.000699374941178, 0.000874305085745, 0.000477554596728, 0.000602939922828, 0.000608717266005, 0.000425980513683, 0.000468583544716, 0.000415721850004, 0.000378059979994, 0.000103613965621, 6.49535213597e-05, 4.56291090813e-05, 3.13197015203e-05, 3.2637064578e-05, 3.00770770991e-05, 3.9916496462e-05, 1.6345818949e-05], "dvar": [2.39584063699e-09, 2.73476246093e-07, 1.7654452904e-06, 1.06921634142e-05, 3.26382405547e-06, 8.79990182057e-07, 2.68575922746e-06, 1.55154282311e-06, 2.65987159764e-06, 1.41326415815e-06, 1.16970227282e-06, 2.04946240956e-06, 9.16921976568e-07, 9.44389910273e-07, 2.26576321438e-06, 6.62405284402e-07, 5.2096146419e-07, 3.55001276375e-07, 4.98989209063e-07, 3.5588321623e-08, 8.81713368983e-09, 3.9959737741e-09, 2.89905477402e-09, 3.59560603513e-09, 4.06307965051e-09, 7.28137949935e-09, 2.16215534365e-09], "dvar2": [4.50892301274e-09, 6.04600700171e-07, 4.66931851406e-06, 2.6341775083e-05, 8.47888622957e-06, 2.13428279494e-06, 5.53603695153e-06, 3.48479738932e-06, 5.46011142433e-06, 3.0671812965e-06, 2.35514858105e-06, 3.80343044526e-06, 2.33273362937e-06, 2.2198832994e-06, 4.62442858407e-06, 1.41717168844e-06, 1.20524214253e-06, 7.21363505818e-07, 1.02717649497e-06, 6.76749678519e-08, 1.92664071363e-08, 9.88532100621e-09, 7.85934961556e-09, 9.95926630054e-09, 1.14650893224e-08, 2.08316563999e-08, 6.30547525304e-09], "max": [0.00276629603468, 0.0140639264137, 0.0151951424778, 0.0323540866375, 0.0243656318635, 0.0200831349939, 0.0476530008018, 0.0276472046971, 0.0482857003808, 0.0257155522704, 0.0345891304314, 0.028784442693, 0.0223155152053, 0.0261403676122, 0.0467570498586, 0.0298718549311, 0.0171672813594, 0.0134427146986, 0.0181522872299, 0.00582349207252, 0.00221872073598, 0.000938228040468, 0.00111657613888, 0.0016343225725, 0.000987410196103, 0.00124651286751, 0.00120262848213], "mean": [2.71822864306e-05, 0.000432585424278, 0.000852131226566, 0.00133374962024, 0.00130954454653, 0.00148282840382, 0.00220868247561, 0.00116226112004, 0.00141512323171, 0.00107099569868, 0.000824457150884, 0.00101633334998, 0.000491123413667, 0.000591941759922, 0.000684792583343, 0.000510070531163, 0.000541012617759, 0.000585789734032, 0.000494808191434, 0.000120355078252, 7.86423770478e-05, 4.61964191345e-05, 2.53121434071e-05, 2.49300064752e-05, 1.44781924973e-05, 1.80852475751e-05, 7.49295168134e-06], "median": [1.5803721908e-05, 0.000173831911525, 0.000299409963191, 0.000194425258087, 0.000635426491499, 0.00101547071245, 0.00110732321627, 0.000552656012587, 0.000421611068305, 0.000418687792262, 0.000246361130849, 0.000185850120033, 0.000115572474897, 0.000148061153595, 0.000149006693391, 0.000127867009724, 0.000182736024726, 0.0001584024576, 9.69143293332e-05, 2.59817043116e-05, 1.95670054381e-05, 1.32922814373e-05, 7.98543987912e-06, 5.13107352162e-06, 2.04061689146e-06, 2.23065194405e-06, 1.21232494621e-06], "min": [2.10317811511e-25, 1.89907652753e-24, 2.15080519783e-24, 7.71224440571e-25, 7.59793116358e-24, 1.07010591069e-23, 6.58866764903e-24, 9.0808886912e-24, 1.56507289914e-23, 6.07183714394e-24, 2.26818762164e-23, 2.45403520453e-23, 3.75974168209e-23, 4.37731721896e-23, 3.61428740631e-23, 4.72226337362e-23, 7.51175442057e-23, 9.7265022379e-23, 1.19831051216e-22, 1.52229682189e-22, 2.47375092114e-22, 3.33315845805e-22, 4.22819473997e-22, 5.96596494226e-22, 7.67047045791e-22, 1.26647521305e-21, 1.97588285569e-21], "var": [4.29346203035e-09, 5.10948098054e-07, 2.08428991755e-06, 1.15253360491e-05, 4.00673889089e-06, 2.67537643595e-06, 1.03161901279e-05, 3.54557892024e-06, 1.03699630927e-05, 3.41637223755e-06, 3.4069182675e-06, 5.86003079661e-06, 1.94274298337e-06, 1.82024427886e-06, 4.71457587992e-06, 1.56923101713e-06, 1.04337073026e-06, 1.19631465623e-06, 1.30741204885e-06, 9.04030557081e-08, 2.7174696271e-08, 6.42913411397e-09, 2.8433251309e-09, 3.49616136042e-09, 2.80058443103e-09, 4.86924633947e-09, 1.32399724517e-09]}, "barkbands_crest": {"dmean": 2.10501742363, "dmean2": 3.38600182533, "dvar": 3.81576561928, "dvar2": 9.24989700317, "max": 24.460439682, "mean": 8.18507766724, "median": 7.48574733734, "min": 2.55000972748, "var": 9.89277267456}, "barkbands_flatness_db": {"dmean": 0.0193462111056, "dmean2": 0.0288561489433, "dvar": 0.000325192639139, "dvar2": 0.00074914569268, "max": 0.290182948112, "mean": 0.125465407968, "median": 0.121467448771, "min": 0.016141442582, "var": 0.00139340059832}, "barkbands_kurtosis": {"dmean": 1.79610645771, "dmean2": 2.76953601837, "dvar": 8.01517677307, "dvar2": 18.2325611115, "max": 47.07629776, "mean": 2.12584114075, "median": 0.817448616028, "min": -1.84809541702, "var": 17.7703113556}, "barkbands_skewness": {"dmean": 0.459308832884, "dmean2": 0.675827205181, "dvar": 0.206526845694, "dvar2": 0.436572849751, "max": 5.88399267197, "mean": 0.869174003601, "median": 0.854891359806, "min": -2.65587496758, "var": 1.01284253597}, "barkbands_spread": {"dmean": 4.49693870544, "dmean2": 6.95642995834, "dvar": 31.8757133484, "dvar2": 80.4368515015, "max": 114.523826599, "mean": 18.0394592285, "median": 16.3356971741, "min": 1.88903737068, "var": 98.7128677368}, "dissonance": {"dmean": 0.0219451189041, "dmean2": 0.0358786955476, "dvar": 0.000389138964238, "dvar2": 0.000984967569821, "max": 0.499823719263, "mean": 0.45198944211, "median": 0.457777738571, "min": 0.298241555691, "var": 0.000998341129161}, "dynamic_complexity": 3.41441106796, "erbbands": {"dmean": [0.00857601314783, 0.0716905817389, 0.546317219734, 2.80519914627, 3.05169415474, 2.68445563316, 5.671438694, 5.49092102051, 9.04179000854, 21.5529308319, 13.2930164337, 22.056930542, 20.7003040314, 15.5755548477, 17.4236965179, 27.7631187439, 12.1156148911, 22.1826324463, 20.4724140167, 15.8909091949, 13.8050537109, 18.3401241302, 18.3888397217, 11.7021369934, 12.1384334564, 3.40756797791, 1.69589328766, 1.74778807163, 1.10564434528, 0.636461734772, 0.543457686901, 0.443239092827, 0.309028923512, 0.181663036346, 0.130322054029, 0.0831269472837, 0.0432693660259, 0.0136968819425, 0.00173722137697, 3.29006761604e-05], "dmean2": [0.0136458519846, 0.10799010098, 0.903151869774, 4.53248500824, 4.89052581787, 4.44099855423, 9.14694881439, 8.81488227844, 13.2889814377, 30.4570446014, 20.2254543304, 33.0506744385, 30.4500236511, 22.6898231506, 25.3550014496, 39.9425163269, 18.3517169952, 33.7503395081, 29.363494873, 23.0317058563, 20.2873344421, 27.4481220245, 26.5201225281, 16.6290950775, 17.3704319, 4.90742349625, 2.53272533417, 2.61046385765, 1.69493639469, 1.02457821369, 0.890316367149, 0.724123418331, 0.51547908783, 0.319699048996, 0.234508380294, 0.148399457335, 0.077180325985, 0.0245716758072, 0.00308659044094, 5.4541771533e-05], "dvar": [0.000355095544364, 0.0143921272829, 1.04537773132, 57.6810264587, 43.5402755737, 30.948387146, 95.8176574707, 59.8812789917, 240.126419067, 1376.41589355, 662.247314453, 2238.1027832, 1772.76660156, 887.693359375, 1736.68395996, 4931.78271484, 974.624572754, 2802.31591797, 5924.10107422, 1859.73937988, 1294.00439453, 1997.67773438, 1533.27539062, 858.292907715, 1258.15209961, 67.4721374512, 15.0525951385, 15.4053697586, 5.73413515091, 2.84422469139, 2.38854813576, 1.67621397972, 0.977138221264, 0.467532217503, 0.277639836073, 0.105663597584, 0.0280903093517, 0.00383782875724, 7.04769918229e-05, 1.75688157356e-08], "dvar2": [0.000839907908812, 0.0310989096761, 2.70923876762, 143.483673096, 103.240699768, 83.4349441528, 251.20880127, 145.708053589, 462.405639648, 2789.33081055, 1456.88232422, 4619.06347656, 3908.24023438, 1722.46142578, 3514.03515625, 8988.65136719, 2285.58764648, 6646.82763672, 12281.9746094, 3848.92480469, 2687.42407227, 4815.87158203, 3229.54858398, 1798.15856934, 2581.32641602, 129.119552612, 32.6226234436, 33.8889694214, 14.1193704605, 7.50940179825, 6.48205327988, 4.58997821808, 2.70252490044, 1.32619810104, 0.790089905262, 0.301982522011, 0.0804902017117, 0.0111613702029, 0.000204513809877, 5.04505841548e-08], "max": [0.677914559841, 2.92088413239, 12.9983167648, 76.4180374146, 94.744468689, 80.0196838379, 147.687744141, 174.471603394, 704.547058105, 916.992675781, 522.725402832, 1540.90771484, 839.462768555, 671.880432129, 1032.15612793, 1481.6817627, 693.807312012, 1497.52722168, 2648.74975586, 1474.08654785, 1246.15441895, 1067.41577148, 767.263916016, 759.790466309, 1012.12011719, 262.185302734, 111.015716553, 109.734169006, 37.7861175537, 27.4016571045, 29.2910480499, 40.1749000549, 21.2218284607, 13.6533079147, 11.9668693542, 4.70711612701, 2.73525953293, 1.33279693127, 0.205782011151, 0.00325731444173], "mean": [0.0105588305742, 0.113275803626, 0.766494989395, 3.3706946373, 3.79955744743, 3.64648652077, 8.79911136627, 11.2621517181, 21.0910930634, 44.7751045227, 24.6682491302, 38.8727455139, 36.5293273926, 28.4920253754, 32.9430122375, 47.6832618713, 23.0836257935, 36.0494499207, 35.3992271423, 29.7807178497, 25.9854946136, 32.0047111511, 36.3185768127, 23.9940242767, 21.8773040771, 6.06492853165, 2.93444728851, 3.26326489449, 1.85302817822, 0.865262806416, 0.710194528103, 0.581577301025, 0.367679744959, 0.164387464523, 0.107956640422, 0.0676476955414, 0.03461285308, 0.0110886115581, 0.00146352453157, 4.55743575003e-05], "median": [0.00325155071914, 0.0487515702844, 0.293641090393, 0.59131616354, 1.22555065155, 1.643055439, 4.92722702026, 7.20176315308, 13.0718727112, 18.2975120544, 11.4732551575, 12.1766834259, 15.3244905472, 12.1815910339, 11.7452545166, 9.00457286835, 7.22609186172, 10.4448699951, 8.91161346436, 8.62097072601, 8.24262905121, 11.0742692947, 10.3736820221, 6.11287021637, 4.23265075684, 1.61641836166, 0.913392424583, 0.694505035877, 0.518666386604, 0.292486697435, 0.222071483731, 0.146428376436, 0.0615577325225, 0.0254465509206, 0.0137463472784, 0.00819633994251, 0.00411558384076, 0.00158340914641, 0.000252076075412, 2.46137860813e-05], "min": [5.26592264367e-23, 4.99474867827e-22, 2.9856658099e-21, 4.9792597415e-21, 1.45162297282e-20, 2.12532038427e-20, 4.51135549604e-20, 7.67804424961e-20, 8.81837088515e-20, 1.31529989202e-19, 3.37398932699e-19, 4.02587046371e-19, 3.77465080029e-19, 7.47934021533e-19, 1.27803261369e-18, 1.1354134412e-18, 1.90828354608e-18, 2.06904485736e-18, 2.20079446301e-18, 2.89492431481e-18, 3.15435131596e-18, 4.63566697731e-18, 5.79913414558e-18, 6.25956065891e-18, 6.17441606333e-18, 8.44765562477e-18, 7.3501283998e-18, 1.09036276553e-17, 1.09985507665e-17, 1.1646301015e-17, 1.14742375214e-17, 1.0102411415e-17, 9.79909917366e-18, 8.82785513126e-18, 5.81573979638e-18, 4.18171646099e-18, 2.20405810412e-18, 9.32380615677e-19, 2.30259785575e-19, 2.68582588372e-20], "var": [0.000484454561956, 0.0309080965817, 1.39204454422, 65.9240341187, 53.9437637329, 34.1878013611, 138.718460083, 177.772689819, 900.722290039, 4869.31835938, 1661.7019043, 8544.03515625, 3926.24926758, 2282.11791992, 5270.06640625, 14250.5400391, 2470.29541016, 5466.88867188, 11770.9921875, 4760.92333984, 3639.58349609, 3669.22802734, 4805.40527344, 2499.96826172, 2932.25219727, 168.168365479, 39.4447898865, 48.6689682007, 10.1775560379, 2.89666032791, 2.33760595322, 1.69168269634, 0.945753991604, 0.318186372519, 0.183182165027, 0.070162281394, 0.018678214401, 0.00236583640799, 4.53036882391e-05, 1.22678276426e-08]}, "erbbands_crest": {"dmean": 2.7825152874, "dmean2": 4.39510345459, "dvar": 6.67394304276, "dvar2": 15.2970466614, "max": 29.921749115, "mean": 10.0831890106, "median": 9.2380657196, "min": 2.24888896942, "var": 18.6805610657}, "erbbands_flatness_db": {"dmean": 0.0221730358899, "dmean2": 0.0305727832019, "dvar": 0.000506624637637, "dvar2": 0.000966551422607, "max": 0.368435293436, "mean": 0.188927605748, "median": 0.19260853529, "min": 0.0340271629393, "var": 0.00265494617634}, "erbbands_kurtosis": {"dmean": 1.11148393154, "dmean2": 1.66591000557, "dvar": 2.52829957008, "dvar2": 5.04744958878, "max": 28.7905158997, "mean": 0.916155934334, "median": 0.13049685955, "min": -1.75436925888, "var": 6.90843057632}, "erbbands_skewness": {"dmean": 0.390311717987, "dmean2": 0.56622004509, "dvar": 0.146031439304, "dvar2": 0.28913462162, "max": 4.53911972046, "mean": 0.318302482367, "median": 0.314983069897, "min": -3.4871532917, "var": 0.881107032299}, "erbbands_spread": {"dmean": 6.33151102066, "dmean2": 9.46887016296, "dvar": 67.3637390137, "dvar2": 153.148681641, "max": 128.627807617, "mean": 25.673406601, "median": 23.3223495483, "min": 3.87439990044, "var": 169.04133606}, "gfcc": {"cov": [[29189.9882812, 1774.88720703, -2994.96923828, 447.882446289, -1058.24230957, -140.236801147, -608.111999512, 40.1514205933, -528.701843262, -275.291259766, -324.373657227, -95.4276657104, -366.765777588], [1774.88720703, 977.046569824, -276.484771729, -236.389358521, 18.6481628418, -106.03263855, -12.7038478851, -47.0541191101, 33.0886611938, 0.531059861183, 5.02957630157, -7.11927270889, -46.0754776001], [-2994.96923828, -276.484771729, 1350.84423828, -9.08078098297, -17.9832706451, 124.569236755, 5.01738834381, 0.947396695614, -0.860637962818, 43.2352523804, -83.5120162964, 18.9560718536, -34.1871452332], [447.882446289, -236.389358521, -9.08078098297, 503.795837402, 27.5452766418, -11.4930410385, -2.93869590759, 57.297706604, 5.35015630722, -73.9166564941, -13.8148069382, -8.6469707489, 7.98783683777], [-1058.24230957, 18.6481628418, -17.9832706451, 27.5452766418, 281.737976074, 18.3147335052, 31.5933494568, -4.67515707016, 29.8950824738, 10.798075676, 15.1822500229, -5.80431985855, 8.0705909729], [-140.236801147, -106.03263855, 124.569236755, -11.4930410385, 18.3147335052, 210.668457031, 56.9208221436, -24.4847793579, -45.8021888733, 15.5263242722, -11.0756893158, -22.2094917297, -2.64139699936], [-608.111999512, -12.7038478851, 5.01738834381, -2.93869590759, 31.5933494568, 56.9208221436, 146.880844116, 16.4174137115, -7.2943816185, -7.30224657059, 19.2049427032, -4.94917821884, 11.1049108505], [40.1514205933, -47.0541191101, 0.947396695614, 57.297706604, -4.67515707016, -24.4847793579, 16.4174137115, 102.924751282, 36.1386222839, -18.2890796661, 1.201862216, 10.8937749863, -0.362366646528], [-528.701843262, 33.0886611938, -0.860637962818, 5.35015630722, 29.8950824738, -45.8021888733, -7.2943816185, 36.1386222839, 115.405548096, 25.1684684753, 11.7097444534, 8.47839450836, 16.5071678162], [-275.291259766, 0.531059861183, 43.2352523804, -73.9166564941, 10.798075676, 15.5263242722, -7.30224657059, -18.2890796661, 25.1684684753, 94.1108093262, 19.2746772766, -5.22946882248, 2.73475193977], [-324.373657227, 5.02957630157, -83.5120162964, -13.8148069382, 15.1822500229, -11.0756893158, 19.2049427032, 1.201862216, 11.7097444534, 19.2746772766, 94.3551864624, 20.9385871887, 7.67969989777], [-95.4276657104, -7.11927270889, 18.9560718536, -8.6469707489, -5.80431985855, -22.2094917297, -4.94917821884, 10.8937749863, 8.47839450836, -5.22946882248, 20.9385871887, 72.9307403564, 17.8310604095], [-366.765777588, -46.0754776001, -34.1871452332, 7.98783683777, 8.0705909729, -2.64139699936, 11.1049108505, -0.362366646528, 16.5071678162, 2.73475193977, 7.67969989777, 17.8310604095, 71.2206954956]], "icov": [[0.000129259191453, -0.000265523325652, 0.00032098023803, -0.000264356262051, 0.000413843721617, -0.000310643255943, 0.000472079176689, -0.000386982981581, 0.000574197561946, -0.000301022751955, 0.000528778531589, -0.000290573807433, 0.00043780633132], [-0.000265523325652, 0.002003679052, -0.00038053598837, 0.00123250868637, -0.00097809988074, 0.00125490734354, -0.00129606400151, 0.0016539755743, -0.00196568598039, 0.00118243892211, -0.000767696183175, 0.00051298661856, 0.000340413185768], [0.00032098023803, -0.00038053598837, 0.00175379321445, -0.00060769461561, 0.00106930395123, -0.00121098989621, 0.00103156745899, -0.000830486416817, 0.0010633841157, -0.00126790779177, 0.00240067043342, -0.00161087699234, 0.00193228491116], [-0.000264356262051, 0.00123250868637, -0.00060769461561, 0.00331138819456, -0.00123932666611, 0.000760738039389, -0.000585724425036, -2.216356188e-05, -0.0015963006299, 0.00285123637877, -0.00123759382404, 0.00139229500201, -0.000921859114897], [0.000413843721617, -0.00097809988074, 0.00106930395123, -0.00123932666611, 0.00523088313639, -0.00141892104875, 0.000710086664185, -0.000441916956333, 0.000476426677778, -0.00112181319855, 0.00131292175502, -0.00072705547791, 0.00136544858105], [-0.000310643255943, 0.00125490734354, -0.00121098989621, 0.000760738039389, -0.00141892104875, 0.0077632041648, -0.00381551776081, 0.00196578563191, 0.000994621426798, -0.000805519230198, -0.000533603597432, 0.00205815467052, -0.00105820212048], [0.000472079176689, -0.00129606400151, 0.00103156745899, -0.000585724425036, 0.000710086664185, -0.00381551776081, 0.0106653356925, -0.00396046973765, 0.00278148590587, 0.000483377254568, -0.000653563183732, 0.000369291665265, -0.000436856120359], [-0.000386982981581, 0.0016539755743, -0.000830486416817, -2.216356188e-05, -0.000441916956333, 0.00196578563191, -0.00396046973765, 0.0149692939594, -0.00709001719952, 0.00354560022242, -0.000961757381447, -0.00105389766395, 0.00137238984462], [0.000574197561946, -0.00196568598039, 0.0010633841157, -0.0015963006299, 0.000476426677778, 0.000994621426798, 0.00278148590587, -0.00709001719952, 0.0160333178937, -0.00610809773207, 0.00191126053687, -0.000775678257924, -0.00160559138749], [-0.000301022751955, 0.00118243892211, -0.00126790779177, 0.00285123637877, -0.00112181319855, -0.000805519230198, 0.000483377254568, 0.00354560022242, -0.00610809773207, 0.0164306666702, -0.00507174013183, 0.00318040628918, -0.00113827595487], [0.000528778531589, -0.000767696183175, 0.00240067043342, -0.00123759382404, 0.00131292175502, -0.000533603597432, -0.000653563183732, -0.000961757381447, 0.00191126053687, -0.00507174013183, 0.016175698489, -0.00606929883361, 0.00297308783047], [-0.000290573807433, 0.00051298661856, -0.00161087699234, 0.00139229500201, -0.00072705547791, 0.00205815467052, 0.000369291665265, -0.00105389766395, -0.000775678257924, 0.00318040628918, -0.00606929883361, 0.018206268549, -0.00584419816732], [0.00043780633132, 0.000340413185768, 0.00193228491116, -0.000921859114897, 0.00136544858105, -0.00105820212048, -0.000436856120359, 0.00137238984462, -0.00160559138749, -0.00113827595487, 0.00297308783047, -0.00584419816732, 0.0189861375839]], "mean": [-50.028087616, 95.6575012207, -131.464172363, 2.06590270996, -50.9359931946, -9.30074882507, -34.1117362976, 6.22932577133, -18.6806526184, -1.77471590042, -15.0213346481, 2.40497374535, -17.1025676727]}, "hfc": {"dmean": 5.98315525055, "dmean2": 8.0703496933, "dvar": 83.6567230225, "dvar2": 175.615020752, "max": 170.288009644, "mean": 17.4144287109, "median": 12.7867469788, "min": 1.05561441347e-16, "var": 291.47567749}, "melbands": {"dmean": [7.5207426562e-05, 0.000210584956221, 0.000473191495985, 0.000184459117008, 0.000183127776836, 0.00013124171528, 0.000150016770931, 0.000213136547245, 0.000109056236397, 0.000135855952976, 0.000103074504295, 6.24216772849e-05, 6.13794254605e-05, 6.59130164422e-05, 4.37318267359e-05, 3.66626300092e-05, 4.30634063378e-05, 3.12780721288e-05, 2.85772475763e-05, 2.13819712371e-05, 1.65054188983e-05, 1.99652658921e-05, 1.71753254108e-05, 1.52481552504e-05, 9.65622894e-06, 1.02096410046e-05, 5.38987433174e-06, 1.79323012617e-06, 1.00431395822e-06, 1.13190890261e-06, 1.01827845356e-06, 7.28912027625e-07, 4.24832165891e-07, 3.48264762806e-07, 3.17894574664e-07, 3.08024596052e-07, 2.70585644557e-07, 2.32255345622e-07, 1.8228176657e-07, 1.44495800214e-07], "dmean2": [0.000116226496175, 0.000343462190358, 0.000757563917432, 0.000299455248751, 0.000297964317724, 0.000207043558476, 0.000218631495954, 0.000303322303807, 0.000166719997651, 0.000204288531677, 0.000151514730533, 9.17496072361e-05, 9.02847095858e-05, 9.57804877544e-05, 6.28741909168e-05, 5.65753689443e-05, 6.62256861688e-05, 4.57124515378e-05, 4.16822440457e-05, 3.0781084206e-05, 2.47816478804e-05, 3.01466698147e-05, 2.52728004853e-05, 2.24374653044e-05, 1.38754667205e-05, 1.48337339851e-05, 7.58243004384e-06, 2.69983956969e-06, 1.51913536683e-06, 1.72435181867e-06, 1.52085738137e-06, 1.11616452614e-06, 6.84339454438e-07, 5.68411451241e-07, 5.22847471984e-07, 5.06944957124e-07, 4.44241351261e-07, 3.82482227224e-07, 3.16198168093e-07, 2.56281680322e-07], "dvar": [2.25302478896e-08, 1.45202619706e-07, 1.46015111113e-06, 1.4748383137e-07, 1.07020383666e-07, 3.27489395602e-08, 6.33920294035e-08, 1.32821142529e-07, 4.67568241902e-08, 8.25550472427e-08, 4.48986945401e-08, 1.49045948916e-08, 2.19870504026e-08, 2.11932089655e-08, 1.31128059522e-08, 1.30830226652e-08, 1.04723127947e-08, 1.19236025498e-08, 9.57073975627e-09, 4.4382004738e-09, 1.70675917843e-09, 2.21954032931e-09, 1.39639599883e-09, 1.10621434235e-09, 7.36281924318e-10, 8.88654871911e-10, 2.14618711691e-10, 1.79842182813e-11, 5.84083259189e-12, 7.27987028298e-12, 5.30789865186e-12, 2.51156192198e-12, 1.17349597921e-12, 9.33893587463e-13, 8.81634771698e-13, 7.24365446098e-13, 6.81849650526e-13, 5.4899178736e-13, 4.36841101487e-13, 3.22660247045e-13], "dvar2": [5.09242177316e-08, 3.69247885601e-07, 3.55499059879e-06, 3.68509603277e-07, 2.84519700244e-07, 7.76441240191e-08, 1.24027437209e-07, 2.75294922858e-07, 9.9740219639e-08, 1.71397530835e-07, 9.89891262293e-08, 2.94640525311e-08, 4.41719265609e-08, 4.03469719856e-08, 2.55089247503e-08, 3.26378604143e-08, 2.49023699439e-08, 2.50497134147e-08, 1.91973796859e-08, 9.46656264489e-09, 3.5717795388e-09, 5.2667505912e-09, 2.9932718526e-09, 2.40387887374e-09, 1.59212820705e-09, 1.86605242369e-09, 3.96384564061e-10, 3.78525544242e-11, 1.28009165767e-11, 1.55365512122e-11, 1.14697929973e-11, 6.05819344343e-12, 3.01274196562e-12, 2.50203829009e-12, 2.41276920318e-12, 1.93650976331e-12, 1.8856203491e-12, 1.49436994897e-12, 1.23283317149e-12, 9.20217244418e-13], "max": [0.00454712193459, 0.00488253496587, 0.0117443781346, 0.00599394040182, 0.00474699167535, 0.00360038992949, 0.0109527204186, 0.00832040049136, 0.0050615365617, 0.0092728594318, 0.00436870474368, 0.00296863401309, 0.00488639203832, 0.00276049715467, 0.00221274606884, 0.00280136591755, 0.0025218394585, 0.00368377869017, 0.00346412369981, 0.00229293853045, 0.00124871334992, 0.000984619488008, 0.000749490980525, 0.000555248989258, 0.000773508858401, 0.000765363685787, 0.00034649844747, 0.000128915562527, 6.75217161188e-05, 7.57177476771e-05, 8.22697984404e-05, 2.54686419794e-05, 2.05978612939e-05, 1.82785879588e-05, 1.88069680007e-05, 1.69052036654e-05, 2.62563607976e-05, 1.82941057574e-05, 1.50708729052e-05, 9.74917111307e-06], "mean": [0.000107456391561, 0.000313410710078, 0.00058467319468, 0.000246663170401, 0.000276682287222, 0.000281067477772, 0.000354607327608, 0.000435420195572, 0.000188787089428, 0.00023688802321, 0.000174866523594, 0.000109553329821, 0.000110678403871, 0.000112770874694, 7.39030510886e-05, 6.24143649475e-05, 6.49318099022e-05, 5.19459717907e-05, 4.76029781566e-05, 3.70670859411e-05, 2.89197432721e-05, 3.3466189052e-05, 3.25702640112e-05, 2.78379811789e-05, 1.84294513019e-05, 1.80851002369e-05, 9.4693596111e-06, 2.72566535386e-06, 1.58290424679e-06, 1.9626431822e-06, 1.86525267054e-06, 1.19254275432e-06, 5.67298513943e-07, 4.44558992285e-07, 4.05223090638e-07, 3.8973277583e-07, 3.4238456692e-07, 2.82588558775e-07, 1.75516831291e-07, 1.24271394952e-07], "median": [4.16788097937e-05, 0.000129402324092, 0.00013772235252, 9.74618451437e-05, 0.000156125432113, 0.000181745737791, 0.000213174847886, 0.000188086443814, 7.42848569644e-05, 6.89582666382e-05, 6.76711570122e-05, 4.30282088928e-05, 3.48585963366e-05, 2.51278434007e-05, 1.34366855491e-05, 1.45289695865e-05, 1.68989463418e-05, 1.16567352961e-05, 1.09178972707e-05, 8.97039171832e-06, 9.00708073459e-06, 1.04827067844e-05, 8.92001480679e-06, 7.42818747312e-06, 3.84407394449e-06, 3.11950157084e-06, 1.81772384167e-06, 6.74550392432e-07, 4.42373732312e-07, 4.69533404157e-07, 3.4604519783e-07, 3.10237226131e-07, 1.67648266824e-07, 1.42268731906e-07, 1.22877906961e-07, 1.02689057258e-07, 7.48944302131e-08, 4.35373941343e-08, 2.59518060375e-08, 1.72314322811e-08], "min": [6.69199087546e-25, 1.4337696836e-24, 1.3402413486e-24, 2.17517035018e-24, 1.09209193744e-24, 1.75215118393e-24, 1.21121170907e-24, 1.6055751085e-24, 2.77590370672e-24, 2.53278308662e-24, 1.74999345214e-24, 2.00309651535e-24, 3.66925239428e-24, 2.53657080226e-24, 4.05899227995e-24, 2.7919124555e-24, 3.11557794339e-24, 3.2011938063e-24, 3.02462504203e-24, 4.54614189349e-24, 3.72140122771e-24, 3.89009242698e-24, 3.70788488496e-24, 4.03686275941e-24, 4.08890154674e-24, 3.29240860948e-24, 4.64841731542e-24, 4.30738446305e-24, 4.27659640521e-24, 4.12285648668e-24, 5.17476069417e-24, 5.92473233448e-24, 4.38503835284e-24, 6.03169990108e-24, 5.79223841229e-24, 5.32772003483e-24, 5.59565348584e-24, 5.35947326399e-24, 6.14425220845e-24, 6.34760358931e-24], "var": [3.63089931454e-08, 2.15225284705e-07, 1.66231870935e-06, 1.85261129104e-07, 1.41624667549e-07, 1.0651949367e-07, 2.42746722279e-07, 4.39938958152e-07, 1.19820768418e-07, 3.27821965129e-07, 9.86191395214e-08, 3.729260456e-08, 6.61021957171e-08, 5.75908245537e-08, 3.48338140554e-08, 2.81266476776e-08, 1.95692706484e-08, 2.41465603068e-08, 2.21037339543e-08, 9.36556077136e-09, 4.59666305019e-09, 4.62658888978e-09, 3.7732816871e-09, 2.83174195204e-09, 1.88111504151e-09, 2.07014694276e-09, 5.68298519354e-10, 3.53538691378e-11, 1.43362205787e-11, 2.19102340437e-11, 1.80939065814e-11, 4.70334968888e-12, 1.33144233486e-12, 8.76003479824e-13, 8.20013111233e-13, 7.67184872488e-13, 6.72562428927e-13, 6.04240778506e-13, 3.10671600208e-13, 2.14492770875e-13]}, "melbands_crest": {"dmean": 3.04405379295, "dmean2": 4.89253664017, "dvar": 8.91793251038, "dvar2": 22.4607086182, "max": 33.8034629822, "mean": 11.0106153488, "median": 9.89732170105, "min": 1.6397382021, "var": 22.9321937561}, "melbands_flatness_db": {"dmean": 0.022534461692, "dmean2": 0.0334231667221, "dvar": 0.000469529681141, "dvar2": 0.00110548106022, "max": 0.390439033508, "mean": 0.188479885459, "median": 0.186632186174, "min": 0.00338049908169, "var": 0.00268854340538}, "melbands_kurtosis": {"dmean": 3.02691221237, "dmean2": 4.65629339218, "dvar": 27.0670814514, "dvar2": 64.227104187, "max": 112.985725403, "mean": 4.394135952, "median": 2.43398427963, "min": -1.76820039749, "var": 44.2675361633}, "melbands_skewness": {"dmean": 0.520755767822, "dmean2": 0.768394351006, "dvar": 0.306806027889, "dvar2": 0.654422283173, "max": 7.75890445709, "mean": 1.37710249424, "median": 1.26989817619, "min": -1.28795909882, "var": 1.01257157326}, "melbands_spread": {"dmean": 6.44034481049, "dmean2": 9.61023807526, "dvar": 51.5634384155, "dvar2": 107.742012024, "max": 164.406921387, "mean": 26.9206447601, "median": 21.2905769348, "min": 2.40865254402, "var": 434.838562012}, "mfcc": {"cov": [[10209.7373047, 1112.47509766, -708.053710938, 447.508239746, -55.5432395935, -58.9594268799, -11.9241428375, 176.166473389, -163.632843018, -72.3818664551, -0.401038318872, -57.4450454712, -177.403106689], [1112.47509766, 1528.99035645, -187.814239502, -145.941665649, -48.2380561829, -38.3824768066, -78.1066741943, -57.3152770996, -45.8581428528, 21.7606048584, -0.12560673058, 20.2294216156, 55.1096801758], [-708.053710938, -187.814239502, 944.806396484, -10.0942373276, 1.83679986, 35.9210853577, 0.0734543725848, -7.65691041946, 46.7449913025, -16.6853961945, -42.1822090149, 10.7811126709, 3.98257398605], [447.508239746, -145.941665649, -10.0942373276, 367.093933105, 79.8896636963, -51.7723464966, -40.8127861023, 84.0186309814, 5.58272981644, 0.0486128143966, 0.527603387833, -29.5263442993, 7.5768699646], [-55.5432395935, -48.2380561829, 1.83679986, 79.8896636963, 177.932983398, 27.8573226929, -15.9240684509, 11.2768802643, 8.63899040222, 17.5602855682, -4.29587888718, -17.7065467834, 13.8982219696], [-58.9594268799, -38.3824768066, 35.9210853577, -51.7723464966, 27.8573226929, 165.661514282, 77.1652755737, -28.1688079834, 18.5145893097, -7.2609500885, 1.97384083271, 10.6926212311, -22.2279167175], [-11.9241428375, -78.1066741943, 0.0734543725848, -40.8127861023, -15.9240684509, 77.1652755737, 161.776794434, 16.0969715118, -0.938383996487, -8.76749038696, 4.14882421494, 9.86059951782, -21.8137435913], [176.166473389, -57.3152770996, -7.65691041946, 84.0186309814, 11.2768802643, -28.1688079834, 16.0969715118, 140.960159302, 14.7480745316, -11.240527153, 7.1527504921, -10.2674312592, -5.31627130508], [-163.632843018, -45.8581428528, 46.7449913025, 5.58272981644, 8.63899040222, 18.5145893097, -0.938383996487, 14.7480745316, 97.8058166504, 12.9945259094, -10.8572797775, 2.35551691055, -9.79014778137], [-72.3818664551, 21.7606048584, -16.6853961945, 0.0486128143966, 17.5602855682, -7.2609500885, -8.76749038696, -11.240527153, 12.9945259094, 99.0452651978, 16.0871219635, -17.4082393646, 15.5706863403], [-0.401038318872, -0.12560673058, -42.1822090149, 0.527603387833, -4.29587888718, 1.97384083271, 4.14882421494, 7.1527504921, -10.8572797775, 16.0871219635, 69.2576370239, 12.3003759384, -7.09376335144], [-57.4450454712, 20.2294216156, 10.7811126709, -29.5263442993, -17.7065467834, 10.6926212311, 9.86059951782, -10.2674312592, 2.35551691055, -17.4082393646, 12.3003759384, 82.2013778687, 7.0381860733], [-177.403106689, 55.1096801758, 3.98257398605, 7.5768699646, 13.8982219696, -22.2279167175, -21.8137435913, -5.31627130508, -9.79014778137, 15.5706863403, -7.09376335144, 7.0381860733, 93.3179092407]], "icov": [[0.000138366944157, -0.00012300311937, 7.23148114048e-05, -0.000232376230997, 0.000100131714134, -8.66903283168e-05, 2.08799505685e-07, -0.000125305596157, 0.000230516190641, -6.97071163813e-06, 0.000142544988194, -7.81934886618e-06, 0.000345586537151], [-0.00012300311937, 0.000859782157931, 8.32156219985e-05, 0.000514085229952, 4.32458655268e-05, 9.57503016252e-06, 0.000440222938778, 9.31448594201e-05, 7.67198798712e-05, -0.000161558753462, 2.38266948145e-05, -0.000142494012835, -0.000635264324956], [7.23148114048e-05, 8.32156219985e-05, 0.00118855584878, -7.56082808948e-05, 0.000140644173371, -0.000322809151839, 0.000198326233658, -6.06626417721e-05, -0.000269042386208, 7.94149163994e-05, 0.00071315310197, -0.000195650252863, 1.63029963005e-05], [-0.000232376230997, 0.000514085229952, -7.56082808948e-05, 0.00426430301741, -0.00172660523094, 0.000952184491325, 0.000745899626054, -0.0017145263264, -0.000275272555882, 0.000262122513959, -0.000365799467545, 0.00062930356944, -0.000675614457577], [0.000100131714134, 4.32458655268e-05, 0.000140644173371, -0.00172660523094, 0.00730839371681, -0.00278235808946, 0.00143394258339, -0.000513104198035, 0.000315045850584, -0.00120395759586, 0.000685705221258, 0.000833209953271, -0.000923022860661], [-8.66903283168e-05, 9.57503016252e-06, -0.000322809151839, 0.000952184491325, -0.00278235808946, 0.0100687630475, -0.00486726080999, 0.00274790893309, -0.00234959810041, 0.00128105422482, -0.00117052823771, -0.00023806480749, 0.00106624129694], [2.08799505685e-07, 0.000440222938778, 0.000198326233658, 0.000745899626054, 0.00143394258339, -0.00486726080999, 0.00941356737167, -0.0027083279565, 0.00162956770509, -0.000726405065507, 0.000695101218298, -0.000760285765864, 0.000747015583329], [-0.000125305596157, 9.31448594201e-05, -6.06626417721e-05, -0.0017145263264, -0.000513104198035, 0.00274790893309, -0.0027083279565, 0.0098172603175, -0.00258246250451, 0.00199255323969, -0.00210369098932, 0.00120536750183, -0.000348499801476], [0.000230516190641, 7.67198798712e-05, -0.000269042386208, -0.000275272555882, 0.000315045850584, -0.00234959810041, 0.00162956770509, -0.00258246250451, 0.0126806413755, -0.00316075491719, 0.00337317259982, -0.00180068402551, 0.00230393745005], [-6.97071163813e-06, -0.000161558753462, 7.94149163994e-05, 0.000262122513959, -0.00120395759586, 0.00128105422482, -0.000726405065507, 0.00199255323969, -0.00316075491719, 0.0128525374457, -0.00464539788663, 0.00376116903499, -0.00262728123926], [0.000142544988194, 2.38266948145e-05, 0.00071315310197, -0.000365799467545, 0.000685705221258, -0.00117052823771, 0.000695101218298, -0.00210369098932, 0.00337317259982, -0.00464539788663, 0.0177499614656, -0.00414578663185, 0.00270886369981], [-7.81934886618e-06, -0.000142494012835, -0.000195650252863, 0.00062930356944, 0.000833209953271, -0.00023806480749, -0.000760285765864, 0.00120536750183, -0.00180068402551, 0.00376116903499, -0.00414578663185, 0.0145808374509, -0.00249466160312], [0.000345586537151, -0.000635264324956, 1.63029963005e-05, -0.000675614457577, -0.000923022860661, 0.00106624129694, 0.000747015583329, -0.000348499801476, 0.00230393745005, -0.00262728123926, 0.00270886369981, -0.00249466160312, 0.0134227294475]], "mean": [-682.860595703, 139.979507446, -27.3882389069, 13.6093330383, -5.42790174484, -9.81239700317, -10.2811307907, 3.18333506584, -6.40257644653, -0.663214027882, -0.873366415501, 0.606026649475, -3.6970205307]}, "pitch_salience": {"dmean": 0.0670933052897, "dmean2": 0.107443109155, "dvar": 0.00365032511763, "dvar2": 0.00941614434123, "max": 0.865131437778, "mean": 0.613832175732, "median": 0.619597434998, "min": 0.224472329021, "var": 0.01003692206}, "silence_rate_20dB": {"dmean": 0, "dmean2": 0, "dvar": 0, "dvar2": 0, "max": 1, "mean": 1, "median": 1, "min": 1, "var": 0}, "silence_rate_30dB": {"dmean": 0, "dmean2": 0, "dvar": 0, "dvar2": 0, "max": 1, "mean": 1, "median": 1, "min": 1, "var": 0}, "silence_rate_60dB": {"dmean": 0.0505166463554, "dmean2": 0.101049870253, "dvar": 0.0479646995664, "dvar2": 0.10822673887, "max": 1, "mean": 0.101344704628, "median": 0, "min": 0, "var": 0.0910779982805}, "spectral_centroid": {"dmean": 229.309707642, "dmean2": 334.08782959, "dvar": 77405.4921875, "dvar2": 154435.953125, "max": 11531.3789062, "mean": 1485.95666504, "median": 1204.02331543, "min": 299.415008545, "var": 1714739.25}, "spectral_complexity": {"dmean": 3.26980471611, "dmean2": 4.65977668762, "dvar": 11.7667388916, "dvar2": 22.6408042908, "max": 40, "mean": 15.9931125641, "median": 16, "min": 0, "var": 50.4186172485}, "spectral_contrast_coeffs": {"dmean": [0.0523454062641, 0.0462278798223, 0.0416591763496, 0.035676125437, 0.029502954334, 0.0219880267978], "dmean2": [0.0848060101271, 0.0726278573275, 0.0651926919818, 0.0536403805017, 0.0423587188125, 0.0335504263639], "dvar": [0.00187958369497, 0.0013874755241, 0.00123905122746, 0.00100165861659, 0.000813644961454, 0.000445802230388], "dvar2": [0.00476268213242, 0.00345285516232, 0.00278833461925, 0.00203035981394, 0.00140571268275, 0.000945123785641], "max": [-0.340043693781, -0.428170233965, -0.455883592367, -0.499274015427, -0.493459194899, -0.597174942493], "mean": [-0.636797308922, -0.72524034977, -0.743488729, -0.753923773766, -0.753935694695, -0.763980567455], "median": [-0.636827170849, -0.723993182182, -0.747014939785, -0.763388037682, -0.764622211456, -0.769414782524], "min": [-0.978690862656, -0.980311214924, -0.976814329624, -0.969060897827, -0.967558026314, -0.965150713921], "var": [0.00781380292028, 0.00556509615853, 0.0054963962175, 0.00601017614827, 0.00631775613874, 0.00289943395182]}, "spectral_contrast_valleys": {"dmean": [0.447083592415, 0.359064877033, 0.382440894842, 0.358355909586, 0.338501989841, 0.412345916033], "dmean2": [0.704193294048, 0.561201035976, 0.573519468307, 0.511626183987, 0.452094197273, 0.58113604784], "dvar": [0.151740208268, 0.101658113301, 0.132582068443, 0.131253734231, 0.129104092717, 0.22188320756], "dvar2": [0.322070389986, 0.214850515127, 0.255565643311, 0.24231004715, 0.231305122375, 0.471387475729], "max": [-5.96634721756, -4.93555641174, -5.23500108719, -5.91808319092, -6.06407690048, -8.10928535461], "mean": [-8.42226314545, -7.00207185745, -7.62239170074, -8.28792858124, -8.36639785767, -11.2896518707], "median": [-8.0178604126, -6.56876564026, -7.21541404724, -7.91363620758, -8.02688980103, -11.0720291138], "min": [-28.2168731689, -28.0982646942, -27.9369525909, -27.6129627228, -27.4896373749, -27.4420166016], "var": [6.56805706024, 7.32331991196, 6.91248941422, 6.51818609238, 6.44960355759, 4.9510474205]}, "spectral_decrease": {"dmean": 1.38458033927e-09, "dmean2": 1.84850712515e-09, "dvar": 3.32042354036e-18, "dvar2": 6.91975542607e-18, "max": 3.08704951522e-28, "mean": -4.18399803692e-09, "median": -3.42807293663e-09, "min": -2.39371633626e-08, "var": 1.10900476956e-17}, "spectral_energy": {"dmean": 0.00568454526365, "dmean2": 0.00754751451313, "dvar": 5.57434432267e-05, "dvar2": 0.000114926879178, "max": 0.0984739735723, "mean": 0.0173708926886, "median": 0.0143438763916, "min": 1.00288274117e-20, "var": 0.000191000654013}, "spectral_energyband_high": {"dmean": 0.000156645968673, "dmean2": 0.000249779550359, "dvar": 1.50160602175e-07, "dvar2": 4.07314018958e-07, "max": 0.00520597025752, "mean": 0.000246173323831, "median": 8.60697036842e-05, "min": 7.0675636318e-21, "var": 1.79152110036e-07}, "spectral_energyband_low": {"dmean": 0.00148956733756, "dmean2": 0.00236617960036, "dvar": 1.0844884855e-05, "dvar2": 2.69097054115e-05, "max": 0.0344193950295, "mean": 0.00215446972288, "median": 0.00076304981485, "min": 1.26121906124e-23, "var": 1.41457621794e-05}, "spectral_energyband_middle_high": {"dmean": 0.00253268633969, "dmean2": 0.00340107036754, "dvar": 1.90673999896e-05, "dvar2": 3.72044414689e-05, "max": 0.0900087207556, "mean": 0.00667416863143, "median": 0.00388896395452, "min": 1.12972878784e-21, "var": 6.6935637733e-05}, "spectral_energyband_middle_low": {"dmean": 0.0036552126985, "dmean2": 0.00520064029843, "dvar": 2.56775547314e-05, "dvar2": 5.6087050325e-05, "max": 0.0857101231813, "mean": 0.00947291962802, "median": 0.0071283755824, "min": 1.79349672504e-22, "var": 7.47166923247e-05}, "spectral_entropy": {"dmean": 0.190474793315, "dmean2": 0.270342022181, "dvar": 0.0369568578899, "dvar2": 0.0779892578721, "max": 9.82509231567, "mean": 7.30561208725, "median": 7.26958465576, "min": 5.96203804016, "var": 0.234685704112}, "spectral_flux": {"dmean": 0.0216850750148, "dmean2": 0.0328333862126, "dvar": 0.000576617021579, "dvar2": 0.00132108817343, "max": 0.272101908922, "mean": 0.0675667971373, "median": 0.0604919791222, "min": 6.50044948425e-11, "var": 0.00150798039977}, "spectral_kurtosis": {"dmean": 2.76132965088, "dmean2": 4.5853266716, "dvar": 10.1026992798, "dvar2": 27.2008342743, "max": 78.2770843506, "mean": 8.32081127167, "median": 7.32694530487, "min": -1.31853270531, "var": 26.5008583069}, "spectral_rms": {"dmean": 0.000664756575134, "dmean2": 0.000852945377119, "dvar": 5.37261541922e-07, "dvar2": 1.02887122466e-06, "max": 0.00980164110661, "mean": 0.00375337526202, "median": 0.00374085898511, "min": 3.12797422512e-12, "var": 2.85938358502e-06}, "spectral_rolloff": {"dmean": 377.641326904, "dmean2": 616.437561035, "dvar": 461447.0625, "dvar2": 987647.5, "max": 20262.7441406, "mean": 1862.03344727, "median": 1421.19140625, "min": 64.599609375, "var": 5392882.5}, "spectral_skewness": {"dmean": 0.302136391401, "dmean2": 0.481472104788, "dvar": 0.0885380357504, "dvar2": 0.218606963754, "max": 6.9921875, "mean": 1.93501102924, "median": 1.87860107422, "min": -0.0713058635592, "var": 0.399177730083}, "spectral_spread": {"dmean": 642965.3125, "dmean2": 982321.1875, "dvar": 1238045425660.0, "dvar2": 2857983803390.0, "max": 51495476, "mean": 401614