{"lowlevel": {"average_loudness": 0.751570880413, "barkbands": {"dmean": [1.51694239321e-05, 0.00129747833125, 0.000902366649825, 0.000301421066979, 0.00122671120334, 0.00154172792099, 0.000412814639276, 0.000677568721585, 0.000758348789532, 0.000529744080268, 0.000515382329468, 0.000670948822517, 0.000425204721978, 0.000170648883795, 0.000171148887603, 0.000180692179129, 0.000189376864, 0.000160103751114, 0.000105951236037, 8.62354645506e-05, 7.8396013123e-05, 8.86951602297e-05, 6.45765685476e-05, 3.15872166539e-05, 1.31770575535e-05, 1.26946370074e-05, 8.49511323509e-08], "dmean2": [2.67687209998e-05, 0.00209632492624, 0.00150867109187, 0.000529367185663, 0.00199051434174, 0.00239902781323, 0.000649130553938, 0.00103098712862, 0.00111921597272, 0.000796371721663, 0.000753724714741, 0.000928084889892, 0.000636463984847, 0.000256189407082, 0.000259484106209, 0.000271799217444, 0.000284759618808, 0.000238577980781, 0.00015826561139, 0.000128361149109, 0.00011468170851, 0.000130319327582, 9.68614622252e-05, 4.8162353778e-05, 2.06994409382e-05, 2.01663697226e-05, 1.45424095876e-07], "dvar": [1.55237529498e-08, 6.6498673732e-06, 2.63073661699e-06, 2.63256396238e-07, 5.2667496675e-06, 1.24762937048e-05, 1.21033826872e-06, 3.80435767511e-06, 4.36234586232e-06, 3.36014795721e-06, 3.57821045327e-06, 5.16186355526e-06, 2.13080966205e-06, 2.52062562822e-07, 5.94018104039e-07, 7.91917386778e-07, 3.23678392533e-07, 2.67755751793e-07, 1.4761369016e-07, 6.08749246567e-08, 6.27861069802e-08, 1.11953049498e-07, 1.36871875611e-07, 5.28445660564e-08, 1.14549161268e-08, 4.99047470015e-09, 1.97792913233e-13], "dvar2": [4.36735767551e-08, 1.70077764778e-05, 7.55038081479e-06, 7.76145043346e-07, 1.38586046887e-05, 2.90332736768e-05, 2.7439580208e-06, 7.66513403505e-06, 8.66406389832e-06, 7.30400097382e-06, 7.10628364686e-06, 7.9777710198e-06, 4.10463053413e-06, 5.55799488211e-07, 1.3357108628e-06, 1.78589868938e-06, 6.84293638642e-07, 5.76781587824e-07, 3.11373838713e-07, 1.29423469275e-07, 1.35638543952e-07, 2.28474220876e-07, 3.05514106458e-07, 1.19896725437e-07, 2.79376646262e-08, 1.23319106038e-08, 5.43592352121e-13], "max": [0.00368902902119, 0.0449209921062, 0.0232683159411, 0.0118016237393, 0.039410289377, 0.0680009648204, 0.0402070246637, 0.0491080805659, 0.0602421425283, 0.0574753880501, 0.038060631603, 0.060160305351, 0.0462704598904, 0.0100480616093, 0.0212748236954, 0.0349178723991, 0.0164817702025, 0.0148220798001, 0.0120621211827, 0.00601899251342, 0.00748712103814, 0.00869685877115, 0.0113397631794, 0.00860430393368, 0.00548109225929, 0.00182631006464, 1.14512604341e-05], "mean": [1.28642004711e-05, 0.00259059108794, 0.00184242345858, 0.00041081168456, 0.00238340161741, 0.00359849911183, 0.000725422403775, 0.00118165556341, 0.00146234699059, 0.00113329954911, 0.000856211932842, 0.00132346141618, 0.000746567850001, 0.000269603275228, 0.000246169191087, 0.000287109141937, 0.000339038931997, 0.000281898770481, 0.000178398055141, 0.000138020070153, 0.000136157279485, 0.000143670331454, 9.83998543234e-05, 4.27362938353e-05, 1.6997961211e-05, 1.26764562083e-05, 8.73999113082e-08], "median": [2.21501454689e-06, 0.000940064899623, 0.000737141643185, 0.000198021429242, 0.000968137115706, 0.000511927006301, 0.000206311640795, 0.000190039587324, 0.000213544248254, 9.64671635302e-05, 5.4630349041e-05, 0.000165947480127, 9.40367535804e-05, 3.82547586923e-05, 1.96813325601e-05, 2.03312956728e-05, 5.07320401084e-05, 5.19240820722e-05, 3.9690748963e-05, 2.77690287476e-05, 1.11900453703e-05, 1.03932106867e-05, 7.38320704841e-06, 4.51423738923e-06, 2.27772693506e-06, 3.76684994308e-07, 2.51936036477e-08], "min": [5.7318278386e-24, 2.69105319667e-23, 4.9714377123e-24, 1.71230305859e-24, 1.03981712292e-22, 2.19719203343e-23, 2.22736485865e-23, 4.3731059639e-23, 4.44538771092e-23, 5.14845368181e-23, 5.48105605657e-23, 1.36783192442e-22, 7.20803161246e-23, 1.22471387598e-22, 2.82979836822e-23, 1.45342623564e-22, 9.33407296764e-23, 2.12524050359e-22, 2.78216196116e-22, 2.66094774017e-22, 3.97233041904e-22, 5.06394578983e-22, 6.82261436901e-22, 6.77511812676e-22, 8.15389401318e-22, 1.83483139564e-21, 2.32905242459e-21], "var": [1.05056994215e-08, 1.78107238753e-05, 7.00530381437e-06, 3.93115698216e-07, 1.38683872137e-05, 6.61019148538e-05, 2.38878055825e-06, 1.12973384603e-05, 1.47472273966e-05, 1.30370417537e-05, 9.06807144929e-06, 2.0284909624e-05, 5.92662536292e-06, 5.35911397037e-07, 9.85867472991e-07, 1.67171856447e-06, 9.73213786892e-07, 5.44824445115e-07, 2.47147454502e-07, 1.22206898823e-07, 1.49910619029e-07, 2.44712367703e-07, 3.04095067349e-07, 7.27650615318e-08, 1.18423706397e-08, 5.27610044543e-09, 1.66075066568e-13]}, "barkbands_crest": {"dmean": 2.51422739029, "dmean2": 4.07925128937, "dvar": 5.18977642059, "dvar2": 12.8732557297, "max": 26.4541244507, "mean": 11.4920406342, "median": 10.6686372757, "min": 2.61785316467, "var": 20.0768032074}, "barkbands_flatness_db": {"dmean": 0.0224740784615, "dmean2": 0.0332913473248, "dvar": 0.000504905823618, "dvar2": 0.00100797053892, "max": 0.535858571529, "mean": 0.194856747985, "median": 0.188940495253, "min": 0.0342296436429, "var": 0.00392900779843}, "barkbands_kurtosis": {"dmean": 4.07600927353, "dmean2": 6.53053951263, "dvar": 82.7752532959, "dvar2": 203.853668213, "max": 210.006881714, "mean": 6.5599193573, "median": 2.46688938141, "min": -1.92888998985, "var": 172.595321655}, "barkbands_skewness": {"dmean": 0.587212026119, "dmean2": 0.903496026993, "dvar": 0.462701052427, "dvar2": 1.06710255146, "max": 12.5769729614, "mean": 1.4385175705, "median": 1.22327172756, "min": -3.61982679367, "var": 2.06940746307}, "barkbands_spread": {"dmean": 4.3342089653, "dmean2": 6.58131408691, "dvar": 51.6738471985, "dvar2": 109.270080566, "max": 140.727813721, "mean": 15.042637825, "median": 11.6833267212, "min": 0.292846471071, "var": 186.864532471}, "dissonance": {"dmean": 0.0315827950835, "dmean2": 0.0527871139348, "dvar": 0.000882780645043, "dvar2": 0.00234609981999, "max": 0.499999970198, "mean": 0.427246123552, "median": 0.439000695944, "min": 0.152140155435, "var": 0.0026357236784}, "dynamic_complexity": 4.28519010544, "erbbands": {"dmean": [0.0126687297598, 0.371210187674, 1.208750844, 0.693444550037, 2.16920304298, 4.73924636841, 11.6271753311, 11.4068727493, 6.23763132095, 7.52702140808, 14.7519216537, 15.3239526749, 20.3427009583, 14.415356636, 22.1887893677, 20.276884079, 18.5715122223, 9.02817058563, 7.2850394249, 9.52635574341, 8.45491790771, 10.0511856079, 9.55411815643, 5.8408241272, 4.79583311081, 4.19694471359, 2.73389005661, 3.41904187202, 3.20868229866, 2.67694830894, 1.71448934078, 0.88275551796, 0.431131839752, 0.20461666584, 0.0763607919216, 0.0909277498722, 0.00870178174227, 0.000382574391551, 2.06778240681e-05, 6.58070803183e-06], "dmean2": [0.021721245721, 0.598754882813, 2.00179505348, 1.17305195332, 3.62454175949, 7.68295288086, 17.2737293243, 17.9087181091, 9.61847496033, 11.7692632675, 21.9177074432, 22.7256412506, 28.7577438354, 20.4999599457, 31.0013484955, 28.193271637, 27.9129104614, 13.2416887283, 10.9832162857, 14.2225084305, 12.391245842, 14.5858669281, 14.2516183853, 8.48674488068, 7.1336684227, 6.17138290405, 3.97835731506, 4.96805763245, 4.65556669235, 3.9855234623, 2.58785295486, 1.32979083061, 0.659635007381, 0.32398557663, 0.117506399751, 0.144373461604, 0.0139360781759, 0.000606244953815, 3.36676312145e-05, 9.81640187092e-06], "dvar": [0.000664244522341, 0.53186404705, 4.91563367844, 1.34750270844, 15.6471223831, 93.0238189697, 805.020812988, 755.577880859, 268.891082764, 470.551269531, 1799.95483398, 1663.36767578, 6174.79150391, 2008.2487793, 4990.10058594, 4359.26123047, 4496.7265625, 539.109619141, 704.664001465, 2444.42504883, 1414.87268066, 1034.25390625, 1011.36663818, 438.170349121, 264.378509521, 152.102828979, 67.9404983521, 136.291320801, 119.958976746, 219.158126831, 98.2246704102, 30.1222648621, 12.2310323715, 3.23178482056, 0.211654394865, 0.2494315207, 0.0024429121986, 3.58018610314e-06, 8.09705458238e-09, 9.00858068698e-11], "dvar2": [0.00182951241732, 1.36320137978, 13.8373813629, 3.81771802902, 44.5951271057, 239.290481567, 1724.77709961, 1778.90405273, 632.659729004, 965.276916504, 3589.30712891, 3364.24633789, 12245.0625, 3292.24584961, 8995.7421875, 7308.22607422, 8871.82226563, 1176.35217285, 1610.17492676, 5168.10791016, 3070.26831055, 2079.02490234, 2150.76171875, 916.765075684, 543.291870117, 318.304290771, 145.54296875, 293.672210693, 241.04864502, 494.241760254, 215.350463867, 60.6099853516, 27.9466152191, 7.95198917389, 0.502770721912, 0.616541862488, 0.00613207230344, 8.96218625712e-06, 2.10024744263e-08, 1.89646284787e-10], "max": [0.360302627087, 12.8074302673, 32.3480033875, 18.4112644196, 65.0415344238, 174.479629517, 533.647521973, 700.793701172, 694.72668457, 818.772888184, 1375.3704834, 1104.24255371, 2283.56445313, 1561.67358398, 1782.95874023, 2489.28759766, 1694.4387207, 442.538085938, 630.346374512, 1258.59082031, 1804.45153809, 1070.96435547, 982.676025391, 556.707946777, 617.888916016, 305.017669678, 185.700515747, 445.648712158, 285.584197998, 564.979248047, 321.357910156, 229.146850586, 127.477348328, 92.8124923706, 20.0120868683, 13.2656507492, 1.28125870228, 0.0503492951393, 0.00236378051341, 0.000179338472662], "mean": [0.0217861067504, 0.751376867294, 2.52947068214, 1.34254908562, 3.90111303329, 8.80103492737, 22.2171401978, 28.0118312836, 13.085729599, 13.7122907639, 26.884262085, 31.7844257355, 39.9808731079, 31.0591278076, 53.1702270508, 41.9622840881, 33.3780670166, 17.2096481323, 12.9288921356, 14.9243278503, 15.0550346375, 19.0529575348, 17.5141849518, 10.5478887558, 8.90554237366, 6.88324928284, 4.74406957626, 5.73522281647, 5.24316978455, 4.096763134, 2.6600317955, 1.26968514919, 0.565679073334, 0.265810728073, 0.0941273421049, 0.0909241884947, 0.0090688187629, 0.000468191108666, 3.20397266478e-05, 2.57571664406e-05], "median": [0.0103582115844, 0.277837663889, 1.00083363056, 0.832930088043, 1.89954221249, 3.40477013588, 3.92065405846, 4.04964017868, 3.9654173851, 4.10520601273, 6.50081157684, 6.31213855743, 3.96325469017, 3.81113266945, 6.24219655991, 6.98021745682, 5.07428836823, 2.49910140038, 1.83012938499, 1.18491959572, 1.38858985901, 3.0474615097, 3.32238936424, 2.30569863319, 2.14056563377, 1.42586004734, 0.569303035736, 0.43609175086, 0.383774012327, 0.299475818872, 0.197314426303, 0.10916274786, 0.0614282414317, 0.035111322999, 0.0100043807179, 0.00273099122569, 0.000554126338102, 0.000102792240796, 1.42509443322e-05, 1.97892240976e-05], "min": [5.95779158598e-22, 4.25399723159e-21, 8.57350571367e-21, 1.14225144605e-20, 3.91608110745e-20, 3.50084833067e-19, 2.45010561396e-19, 2.21895722961e-19, 1.76301915338e-19, 4.34896566001e-19, 1.00938079095e-18, 1.04674671057e-18, 1.23156688015e-18, 1.44703936471e-18, 2.71816574407e-18, 4.46329080946e-18, 3.7947845315e-18, 4.28096696756e-18, 4.05830731745e-18, 5.29839415792e-18, 9.01577154128e-18, 4.80407474617e-18, 1.2397467038e-17, 1.4202423111e-17, 1.49623605572e-17, 1.18266272157e-17, 1.28736600273e-17, 1.67977519137e-17, 1.43815623076e-17, 1.77373546433e-17, 2.27518277414e-17, 1.54899562042e-17, 1.10467464449e-17, 8.03729711315e-18, 6.94449805256e-18, 5.79239717308e-18, 3.46499713385e-18, 1.33498875515e-18, 3.01781233456e-19, 3.50819737805e-20], "var": [0.000993995461613, 1.46615672112, 13.6486568451, 2.42603993416, 35.4315834045, 221.095932007, 2739.71264648, 4723.44140625, 737.523254395, 1267.55004883, 5267.94970703, 5798.84765625, 17222.8769531, 7128.24560547, 25668.75, 16326.4375, 11774.9716797, 1616.77807617, 1425.35717773, 4537.09716797, 3261.10009766, 3314.78442383, 2063.49389648, 768.56463623, 531.758911133, 303.743835449, 149.281051636, 303.177886963, 276.785430908, 428.700042725, 222.505630493, 54.2634544373, 15.4497518539, 3.29725170135, 0.240575060248, 0.263659328222, 0.00245991395786, 3.92323499909e-06, 8.68099014895e-09, 4.74644490378e-10]}, "erbbands_crest": {"dmean": 3.0393383503, "dmean2": 4.8080906868, "dvar": 8.12080764771, "dvar2": 18.7855148315, "max": 31.8854827881, "mean": 12.2527656555, "median": 10.9872636795, "min": 2.74771857262, "var": 31.2102966309}, "erbbands_flatness_db": {"dmean": 0.0186947602779, "dmean2": 0.0277398824692, "dvar": 0.000346421438735, "dvar2": 0.000704841746483, "max": 0.361140191555, "mean": 0.2054990381, "median": 0.206512153149, "min": 0.0244189724326, "var": 0.00203083176166}, "erbbands_kurtosis": {"dmean": 1.97363936901, "dmean2": 3.0895588398, "dvar": 16.4920063019, "dvar2": 38.3868484497, "max": 115.627082825, "mean": 2.64894533157, "median": 1.06148016453, "min": -1.83251130581, "var": 34.1284332275}, "erbbands_skewness": {"dmean": 0.47388458252, "dmean2": 0.703856408596, "dvar": 0.260619550943, "dvar2": 0.529575943947, "max": 9.65879631042, "mean": 0.733213543892, "median": 0.637479066849, "min": -6.23296833038, "var": 1.17170453072}, "erbbands_spread": {"dmean": 7.59170818329, "dmean2": 11.8369283676, "dvar": 118.863220215, "dvar2": 284.274414063, "max": 146.117874146, "mean": 27.2923336029, "median": 22.455406189, "min": 2.18724370003, "var": 331.875396729}, "gfcc": {"cov": [[10483.0957031, -859.448852539, -2781.11279297, 888.860046387, -754.262512207, 70.4931945801, -172.106994629, -27.6498355865, 96.5487442017, -154.853240967, 128.879013062, 134.482543945, 145.592422485], [-859.448852539, 1318.66296387, 443.145874023, -501.674682617, 297.962005615, -71.2524719238, 163.33555603, 24.6361656189, -28.2920207977, -71.8463668823, 49.0311355591, -180.927978516, -49.5698242188], [-2781.11279297, 443.145874023, 1614.60656738, -186.392227173, 97.8536911011, -27.7520828247, -43.416885376, -31.0339431763, 7.79178857803, 120.418045044, -132.508789063, 15.7183942795, -38.5391731262], [888.860046387, -501.674682617, -186.392227173, 645.963012695, -81.9178314209, -51.7319030762, -131.874664307, -78.9962921143, 131.096694946, 52.5956916809, 18.5176467896, 78.5836715698, 87.418182373], [-754.262512207, 297.962005615, 97.8536911011, -81.9178314209, 386.608825684, 50.7391471863, 78.7544174194, 30.3535785675, -24.0476722717, 24.1305408478, -2.48624300957, -82.3366546631, -49.2181358337], [70.4931945801, -71.2524719238, -27.7520828247, -51.7319030762, 50.7391471863, 275.90032959, 158.300140381, 26.4455375671, -77.7397918701, -33.9652442932, 0.427726209164, -15.5169496536, -69.0397872925], [-172.106994629, 163.33555603, -43.416885376, -131.874664307, 78.7544174194, 158.300140381, 298.348144531, 81.1055679321, -101.388679504, -80.0241241455, 12.973690033, -51.8051071167, -74.3671569824], [-27.6498355865, 24.6361656189, -31.0339431763, -78.9962921143, 30.3535785675, 26.4455375671, 81.1055679321, 193.159255981, -15.8357009888, -47.8233757019, -16.3857078552, -51.6198310852, -45.3845405579], [96.5487442017, -28.2920207977, 7.79178857803, 131.096694946, -24.0476722717, -77.7397918701, -101.388679504, -15.8357009888, 218.812103271, 66.119758606, -20.9937362671, 5.03417301178, 61.7807731628], [-154.853240967, -71.8463668823, 120.418045044, 52.5956916809, 24.1305408478, -33.9652442932, -80.0241241455, -47.8233757019, 66.119758606, 166.685668945, -0.0134645365179, 4.84259653091, -15.1584100723], [128.879013062, 49.0311355591, -132.508789063, 18.5176467896, -2.48624300957, 0.427726209164, 12.973690033, -16.3857078552, -20.9937362671, -0.0134645365179, 153.380386353, 6.85119581223, -10.5877952576], [134.482543945, -180.927978516, 15.7183942795, 78.5836715698, -82.3366546631, -15.5169496536, -51.8051071167, -51.6198310852, 5.03417301178, 4.84259653091, 6.85119581223, 163.317932129, 58.2377204895], [145.592422485, -49.5698242188, -38.5391731262, 87.418182373, -49.2181358337, -69.0397872925, -74.3671569824, -45.3845405579, 61.7807731628, -15.1584100723, -10.5877952576, 58.2377204895, 166.777252197]], "icov": [[0.00038919452345, -0.000787294236943, 0.000844417954795, -0.000802186899818, 0.000985174556263, -0.000801565009169, 0.000633317686152, -0.000509251607582, 0.000506881449837, -0.000658397271764, 0.000761037750635, -0.000498028588481, 0.000119198048196], [-0.000787294236943, 0.00403570616618, -0.00237871101126, 0.00319076119922, -0.00330905010924, 0.00320803327486, -0.00255105504766, 0.0023691507522, -0.00237739831209, 0.00313320662826, -0.00313658686355, 0.0026571827475, -0.000438260613009], [0.000844417954795, -0.00237871101126, 0.00278139393777, -0.00191487488337, 0.00233160145581, -0.00206767977215, 0.00172768568154, -0.00135399564169, 0.00151310011279, -0.00246810819954, 0.00275875185616, -0.00183340942021, 0.000466858997243], [-0.000802186899818, 0.00319076119922, -0.00191487488337, 0.00473350565881, -0.00279235839844, 0.00238355714828, -0.0016972386511, 0.00226521515287, -0.00288384477608, 0.00228534662165, -0.00274423183873, 0.00147164298687, -0.00066480244277], [0.000985174556263, -0.00330905010924, 0.00233160145581, -0.00279235839844, 0.00635873898864, -0.00310879386961, 0.0016335680848, -0.00207426398993, 0.00220819422975, -0.00351536390372, 0.0026819864288, -0.000733019434847, 0.00020117519307], [-0.000801565009169, 0.00320803327486, -0.00206767977215, 0.00238355714828, -0.00310879386961, 0.00834016036242, -0.00496045593172, 0.00248916540295, -0.00133602286223, 0.00244533829391, -0.00198758859187, 0.00138822104782, 0.00103285058867], [0.000633317686152, -0.00255105504766, 0.00172768568154, -0.0016972386511, 0.0016335680848, -0.00496045593172, 0.00835207477212, -0.00285880756564, 0.00235604052432, -0.000100249540992, 0.00144364044536, -0.00106230832171, 0.000933412637096], [-0.000509251607582, 0.0023691507522, -0.00135399564169, 0.00226521515287, -0.00207426398993, 0.00248916540295, -0.00285880756564, 0.0083059668541, -0.00249819620512, 0.00367144495249, -0.00104392529465, 0.00251843081787, 0.00136573216878], [0.000506881449837, -0.00237739831209, 0.00151310011279, -0.00288384477608, 0.00220819422975, -0.00133602286223, 0.00235604052432, -0.00249819620512, 0.00861815456301, -0.00451708445325, 0.00260998285376, -0.000344783038599, -0.0021354763303], [-0.000658397271764, 0.00313320662826, -0.00246810819954, 0.00228534662165, -0.00351536390372, 0.00244533829391, -0.000100249540992, 0.00367144495249, -0.00451708445325, 0.0117920674384, -0.00303312647156, 0.00172311405186, 0.00261787255295], [0.000761037750635, -0.00313658686355, 0.00275875185616, -0.00274423183873, 0.0026819864288, -0.00198758859187, 0.00144364044536, -0.00104392529465, 0.00260998285376, -0.00303312647156, 0.00995907001197, -0.00255169323646, 0.00108840188477], [-0.000498028588481, 0.0026571827475, -0.00183340942021, 0.00147164298687, -0.000733019434847, 0.00138822104782, -0.00106230832171, 0.00251843081787, -0.000344783038599, 0.00172311405186, -0.00255169323646, 0.0102523416281, -0.00285823596641], [0.000119198048196, -0.000438260613009, 0.000466858997243, -0.00066480244277, 0.00020117519307, 0.00103285058867, 0.000933412637096, 0.00136573216878, -0.0021354763303, 0.00261787255295, 0.00108840188477, -0.00285823596641, 0.00958902947605]], "mean": [-67.601020813, 122.557800293, -111.648513794, 28.3030471802, -61.3570861816, 10.3118124008, -30.3226470947, 4.71074295044, -25.5915966034, -5.06279277802, -8.38739395142, -0.0223893988878, -10.7667102814]}, "hfc": {"dmean": 4.32075548172, "dmean2": 5.82988643646, "dvar": 75.7513656616, "dvar2": 137.274154663, "max": 200.814117432, "mean": 15.772061348, "median": 8.23459243774, "min": 1.19652774102e-16, "var": 373.943603516}, "melbands": {"dmean": [0.000235499697737, 0.000593191303778, 0.000150905238115, 0.000247954303632, 0.000350314512616, 0.000256547500612, 9.22039907891e-05, 0.00010017707973, 0.000118060481327, 0.000102919490018, 0.000102882069768, 6.2872095441e-05, 7.3021496064e-05, 8.11007121229e-05, 4.38866081822e-05, 3.55867123289e-05, 1.72210366145e-05, 1.29216132336e-05, 1.27231778606e-05, 1.45385356518e-05, 9.71325880528e-06, 1.05193912532e-05, 1.0925145034e-05, 8.39994936541e-06, 4.82640007249e-06, 3.83593351216e-06, 3.35290087605e-06, 2.85255396193e-06, 1.59590138082e-06, 2.18083778236e-06, 2.04975049201e-06, 1.88354135844e-06, 1.82906762802e-06, 1.41038162838e-06, 1.02607225472e-06, 8.84756673258e-07, 4.44073606332e-07, 3.37523886174e-07, 2.33794352766e-07, 1.58727189614e-07], "dmean2": [0.000388665677747, 0.000963099941146, 0.000257290288573, 0.000405350787332, 0.000531681405846, 0.000402956356993, 0.000142276679981, 0.000156070891535, 0.000174679866177, 0.000151437081513, 0.000144917576108, 8.99850201677e-05, 0.000103305006633, 0.000109801061626, 6.68754510116e-05, 5.18793822266e-05, 2.55113573076e-05, 2.00409758691e-05, 1.88981739484e-05, 2.12489467231e-05, 1.42680573845e-05, 1.55614998221e-05, 1.63247568707e-05, 1.2681822227e-05, 7.15224359737e-06, 5.7529687183e-06, 5.09863866682e-06, 4.26446740676e-06, 2.39704900196e-06, 3.21218431054e-06, 3.05042226501e-06, 2.76176842817e-06, 2.7907101412e-06, 2.12345003092e-06, 1.57036697601e-06, 1.33087166887e-06, 6.79621621202e-07, 5.30197951321e-07, 3.60886218687e-07, 2.53403811712e-07], "dvar": [2.24952330541e-07, 1.21838354517e-06, 5.68083109442e-08, 2.32452435966e-07, 6.26225471478e-07, 3.52974723228e-07, 5.65450726242e-08, 8.28330044556e-08, 1.03199035095e-07, 7.79149686991e-08, 1.52008411192e-07, 3.61547449756e-08, 5.79103449638e-08, 8.18001524294e-08, 2.89389934238e-08, 1.47492853486e-08, 2.29863150736e-09, 2.33853092446e-09, 4.2436889558e-09, 6.27594998193e-09, 1.60413704542e-09, 1.23710031108e-09, 1.0821682439e-09, 8.44177450166e-10, 3.51207340987e-10, 1.87841658894e-10, 1.05217404234e-10, 7.30597873866e-11, 2.47205571985e-11, 6.16546813603e-11, 5.23558869869e-11, 3.92968088625e-11, 6.41888001085e-11, 7.29986210368e-11, 3.67270380774e-11, 2.48972353151e-11, 1.13733553825e-11, 8.84721809702e-12, 3.49448183064e-12, 2.0149958091e-12], "dvar2": [5.90989259308e-07, 3.28149508277e-06, 1.64223138199e-07, 6.24000676908e-07, 1.41770226492e-06, 8.59611475335e-07, 1.31839811957e-07, 1.69538466821e-07, 2.04989063946e-07, 1.50960929091e-07, 2.97624637824e-07, 6.02015575168e-08, 1.13341322105e-07, 1.23927833329e-07, 6.15688122707e-08, 2.85673920075e-08, 4.91116791679e-09, 5.59534774069e-09, 9.3856931116e-09, 1.42415057525e-08, 3.52563511719e-09, 2.55919285763e-09, 2.29899232984e-09, 1.85070336833e-09, 7.67864827278e-10, 3.63193586317e-10, 2.2412945111e-10, 1.58484239621e-10, 5.49990157583e-11, 1.30654279062e-10, 1.17864426552e-10, 7.99727367662e-11, 1.41960346256e-10, 1.70740172001e-10, 8.29586052631e-11, 5.17379750153e-11, 2.61821102993e-11, 2.13653244402e-11, 8.12058059685e-12, 5.02043632361e-12], "max": [0.00780133204535, 0.0181126631796, 0.00499633233994, 0.0112297264859, 0.0138950282708, 0.0140477623791, 0.00942721683532, 0.00866839941591, 0.0111705074087, 0.00810202397406, 0.0114624770358, 0.00600819615647, 0.00560612557456, 0.00824062339962, 0.00920309778303, 0.00321256811731, 0.000920757534914, 0.00112290668767, 0.00208324822597, 0.0031860996969, 0.00174721237272, 0.00142802670598, 0.000774557818659, 0.000862787710503, 0.000555667385925, 0.000679583114106, 0.000331041665049, 0.000201976305107, 0.000138915274874, 0.000237917192862, 0.000224567163968, 0.000169029561221, 0.000231604208238, 0.000350854592398, 0.000205833421205, 0.000212704515434, 0.000131322361995, 0.000108459251351, 8.05583258625e-05, 7.7172415331e-05], "mean": [0.000450628285762, 0.00127254391555, 0.000296879472444, 0.000476142420666, 0.000694562972058, 0.000632188399322, 0.000185073513421, 0.000178607064299, 0.000214775733184, 0.000206628101296, 0.000202250230359, 0.000126119542983, 0.000154399123858, 0.000166773228557, 8.32647638163e-05, 6.070523159e-05, 2.81702577922e-05, 2.10381167562e-05, 1.87504338101e-05, 2.11903170566e-05, 1.59498813446e-05, 1.81587020052e-05, 1.88901267393e-05, 1.4668881704e-05, 7.67757956055e-06, 6.7297314672e-06, 5.72014641875e-06, 4.25677444582e-06, 2.51368032878e-06, 3.65336927644e-06, 3.16974455927e-06, 2.93649009109e-06, 2.76921196019e-06, 2.03314971259e-06, 1.51965195982e-06, 1.27457212784e-06, 5.81911706377e-07, 4.14140799876e-07, 2.99523577496e-07, 1.98831116904e-07], "median": [0.00017832677986, 0.000525480660144, 0.000187685785932, 0.000197846384253, 0.000148909544805, 9.23529005377e-05, 5.30706747668e-05, 4.27338163718e-05, 5.09629317094e-05, 3.07981608785e-05, 1.5338870071e-05, 1.26221475512e-05, 1.43330635183e-05, 2.12856630242e-05, 1.12942680062e-05, 7.88738634583e-06, 3.47564832737e-06, 2.35983111452e-06, 1.47800687955e-06, 1.35796085488e-06, 1.47642731463e-06, 2.51050823863e-06, 3.0559242532e-06, 2.37316771745e-06, 1.43256079355e-06, 1.59886542406e-06, 1.18241371183e-06, 7.54873553888e-07, 3.28106239067e-07, 2.25062436243e-07, 2.30537239077e-07, 2.07573293665e-07, 1.79801219247e-07, 1.40580524999e-07, 1.05719308863e-07, 9.0779010975e-08, 4.98961085782e-08, 3.7956738197e-08, 3.75588840029e-08, 2.33902817115e-08], "min": [7.1175006728e-24, 6.63390448321e-24, 2.63429035524e-24, 1.0214430536e-23, 1.2447807777e-23, 5.01407958854e-24, 3.49796820922e-24, 5.51876715772e-24, 8.66515820528e-24, 6.14086365644e-24, 6.68239102989e-24, 5.79730802689e-24, 9.07844322239e-24, 1.35980324522e-23, 1.11616529014e-23, 6.79337429292e-24, 9.0257275924e-24, 8.53069844171e-24, 3.34733324722e-24, 1.03905705544e-23, 1.13404845132e-23, 4.34376396699e-24, 6.19118824902e-24, 9.47743644648e-24, 1.04951040907e-23, 1.19894953683e-23, 1.03668518736e-23, 7.17273907997e-24, 6.43354170189e-24, 1.16521532016e-23, 9.26255231362e-24, 8.00083871547e-24, 1.03866191501e-23, 8.54922405121e-24, 1.44888062978e-23, 1.01310124396e-23, 9.18293652676e-24, 7.65812361723e-24, 5.78987182957e-24, 7.30411203082e-24], "var": [4.96729171573e-07, 3.52050506081e-06, 1.15422558622e-07, 6.07229821981e-07, 2.19470962293e-06, 2.21398954636e-06, 1.51412280047e-07, 2.27142194831e-07, 2.95060004873e-07, 2.96859809623e-07, 4.50817964293e-07, 1.27669025574e-07, 2.22972147412e-07, 3.31679615329e-07, 1.12690699439e-07, 3.67924748446e-08, 5.05564123898e-09, 4.47774661794e-09, 7.5470039107e-09, 1.1413649581e-08, 3.21899973343e-09, 3.27661431321e-09, 2.57562682293e-09, 1.66108737876e-09, 5.24251475564e-10, 3.65154739779e-10, 2.18069853841e-10, 1.30055133329e-10, 4.27647223189e-11, 1.5696929867e-10, 1.03291465658e-10, 8.90011120358e-11, 1.18266132998e-10, 1.37524103216e-10, 8.17494197336e-11, 4.82899692456e-11, 1.54142740239e-11, 9.95324569292e-12, 4.0220821465e-12, 1.98078099062e-12]}, "melbands_crest": {"dmean": 3.2402920723, "dmean2": 5.2856259346, "dvar": 8.24103832245, "dvar2": 21.2322235107, "max": 32.7328948975, "mean": 15.334654808, "median": 14.5392818451, "min": 2.72118806839, "var": 31.4517498016}, "melbands_flatness_db": {"dmean": 0.0279408320785, "dmean2": 0.0398684740067, "dvar": 0.000887902337126, "dvar2": 0.00161597772967, "max": 0.675084173679, "mean": 0.26029381156, "median": 0.253418415785, "min": 0.00607062038034, "var": 0.0080554774031}, "melbands_kurtosis": {"dmean": 7.8115234375, "dmean2": 12.6561450958, "dvar": 354.93737793, "dvar2": 914.078430176, "max": 441.363739014, "mean": 13.4383926392, "median": 5.66444063187, "min": -1.94262731075, "var": 694.072265625}, "melbands_skewness": {"dmean": 0.734131753445, "dmean2": 1.14622974396, "dvar": 0.813628315926, "dvar2": 1.97414731979, "max": 17.4617958069, "mean": 2.15109157562, "median": 1.87987816334, "min": -2.03318023682, "var": 3.30254673958}, "melbands_spread": {"dmean": 5.69786834717, "dmean2": 8.61532115936, "dvar": 138.630661011, "dvar2": 278.359039307, "max": 254.230224609, "mean": 19.0064029694, "median": 13.5701589584, "min": 0.26308503747, "var": 459.595458984}, "mfcc": {"cov": [[9929.64355469, -2278.15356445, -1951.57434082, 193.030212402, -561.832885742, 37.1897544861, -361.996246338, 246.588790894, -172.935531616, -144.458999634, 2.63724589348, 30.3898429871, -57.3230209351], [-2278.15356445, 1975.40808105, 303.345825195, -291.229217529, 127.787734985, -120.246658325, 330.148925781, -5.39714336395, 33.7055511475, 121.945487976, 80.1895217896, -15.5287675858, -36.3249015808], [-1951.57434082, 303.345825195, 1088.71887207, 84.2244186401, 80.9435043335, 48.8826065063, -109.836585999, -88.0408630371, 69.2992172241, -29.880317688, -37.0002746582, 8.78029346466, 52.5137405396], [193.030212402, -291.229217529, 84.2244186401, 417.743652344, 112.101051331, 39.1140861511, -179.936599731, -90.0666427612, 38.6447525024, -11.7525224686, -42.1713180542, 26.0680675507, 62.0852737427], [-561.832885742, 127.787734985, 80.9435043335, 112.101051331, 276.131225586, 19.2252120972, -58.4205818176, -80.1633682251, 46.3061408997, 48.2444648743, -11.2248563766, 13.6745290756, 37.3099021912], [37.1897544861, -120.246658325, 48.8826065063, 39.1140861511, 19.2252120972, 277.380157471, 15.8021764755, -4.26795387268, 10.6556081772, 2.04101133347, 1.4089384079, 17.5507984161, -2.51705551147], [-361.996246338, 330.148925781, -109.836585999, -179.936599731, -58.4205818176, 15.8021764755, 448.564361572, 164.576400757, -59.5624389648, 59.8537063599, 70.0210189819, -18.4879150391, -67.4888763428], [246.588790894, -5.39714336395, -88.0408630371, -90.0666427612, -80.1633682251, -4.26795387268, 164.576400757, 252.217681885, 11.6785364151, -3.42109417915, 19.9326972961, -27.6235942841, -42.4496955872], [-172.935531616, 33.7055511475, 69.2992172241, 38.6447525024, 46.3061408997, 10.6556081772, -59.5624389648, 11.6785364151, 175.892501831, 30.972158432, -36.9068527222, -22.8976898193, -11.1090564728], [-144.458999634, 121.945487976, -29.880317688, -11.7525224686, 48.2444648743, 2.04101133347, 59.8537063599, -3.42109417915, 30.972158432, 187.698471069, 68.7953338623, -9.09945392609, -35.8789558411], [2.63724589348, 80.1895217896, -37.0002746582, -42.1713180542, -11.2248563766, 1.4089384079, 70.0210189819, 19.9326972961, -36.9068527222, 68.7953338623, 152.704681396, 32.0444793701, -26.1389827728], [30.3898429871, -15.5287675858, 8.78029346466, 26.0680675507, 13.6745290756, 17.5507984161, -18.4879150391, -27.6235942841, -22.8976898193, -9.09945392609, 32.0444793701, 113.796607971, 32.0072669983], [-57.3230209351, -36.3249015808, 52.5137405396, 62.0852737427, 37.3099021912, -2.51705551147, -67.4888763428, -42.4496955872, -11.1090564728, -35.8789558411, -26.1389827728, 32.0072669983, 124.613258362]], "icov": [[0.000255688966718, 0.000127599050757, 0.000410131062381, -0.00013436836889, 0.00038179862895, -8.10718775028e-05, 0.000335351389367, -0.000256703584455, 0.000124555488583, -4.45371879323e-05, -2.82269156742e-05, -7.43503333069e-05, 3.8606722228e-05], [0.000127599050757, 0.000887575210072, -6.55643452774e-05, 0.000464066775749, -0.000299434876069, 0.000387690757634, -0.000563806737773, 0.000329821894411, -0.000315346580464, -8.92496755114e-05, -0.000204470707104, -4.36769696535e-05, -6.71471425449e-05], [0.000410131062381, -6.55643452774e-05, 0.00175158807542, -0.000401183526265, 0.000638931582216, -0.000424409779953, 0.000783908762969, -0.000272886274615, -0.000115054994239, 0.000205405143788, -7.64071446611e-05, -4.28148159699e-05, -0.000193136103917], [-0.00013436836889, 0.000464066775749, -0.000401183526265, 0.00371434632689, -0.00143037328962, -0.000123249075841, 0.000401070457883, 0.00044124739361, -0.000390407309169, -0.000180269824341, 0.000261920707999, -0.000308454182232, -0.000767287041526], [0.00038179862895, -0.000299434876069, 0.000638931582216, -0.00143037328962, 0.00575859332457, -0.000469784950837, 0.000543393020052, 0.000577361090109, -0.000629212823696, -0.00137888814788, 0.000377270713216, -0.000316369201755, -0.00100364396349], [-8.10718775028e-05, 0.000387690757634, -0.000424409779953, -0.000123249075841, -0.000469784950837, 0.00403119018301, -0.000918912002817, 0.00042550539365, -0.000508799275849, 0.000113138965389, -2.34361450566e-05, -0.000657097029034, 0.000336414843332], [0.000335351389367, -0.000563806737773, 0.000783908762969, 0.000401070457883, 0.000543393020052, -0.000918912002817, 0.00505984202027, -0.0030390410684, 0.00210382789373, -0.00118104182184, -9.64666614891e-05, -3.24562643073e-05, 0.000819179869723], [-0.000256703584455, 0.000329821894411, -0.000272886274615, 0.00044124739361, 0.000577361090109, 0.00042550539365, -0.0030390410684, 0.00676445942372, -0.00223234831356, 0.00125345599372, -0.000835675164126, 0.000898562197108, 0.000123162986711], [0.000124555488583, -0.000315346580464, -0.000115054994239, -0.000390407309169, -0.000629212823696, -0.000508799275849, 0.00210382789373, -0.00223234831356, 0.00808778498322, -0.00224734772928, 0.00240994105116, 0.000395351235056, 0.00124334776774], [-4.45371879323e-05, -8.92496755114e-05, 0.000205405143788, -0.000180269824341, -0.00137888814788, 0.000113138965389, -0.00118104182184, 0.00125345599372, -0.00224734772928, 0.00825087819248, -0.00401054695249, 0.00129635958001, 0.00116027414333], [-2.82269156742e-05, -0.000204470707104, -7.64071446611e-05, 0.000261920707999, 0.000377270713216, -2.34361450566e-05, -9.64666614891e-05, -0.000835675164126, 0.00240994105116, -0.00401054695249, 0.0102651454508, -0.00347897596657, 0.00148569256999], [-7.43503333069e-05, -4.36769696535e-05, -4.28148159699e-05, -0.000308454182232, -0.000316369201755, -0.000657097029034, -3.24562643073e-05, 0.000898562197108, 0.000395351235056, 0.00129635958001, -0.00347897596657, 0.0111470585689, -0.00268965330906], [3.8606722228e-05, -6.71471425449e-05, -0.000193136103917, -0.000767287041526, -0.00100364396349, 0.000336414843332, 0.000819179869723, 0.000123162986711, 0.00124334776774, 0.00116027414333, 0.00148569256999, -0.00268965330906, 0.0107269855216]], "mean": [-710.221252441, 148.548721313, 7.62410259247, 23.3779621124, -3.57171463966, 3.39460134506, 4.11016941071, 8.32396411896, -7.13379430771, -4.57824277878, 0.466909497976, 1.27697885036, 0.0595733001828]}, "pitch_salience": {"dmean": 0.0691530033946, "dmean2": 0.111597985029, "dvar": 0.00388780492358, "dvar2": 0.00966076552868, "max": 0.935876131058, "mean": 0.501302659512, "median": 0.504104375839, "min": 0.0647960752249, "var": 0.0138503806666}, "silence_rate_20dB": {"dmean": 0, "dmean2": 0, "dvar": 0, "dvar2": 0, "max": 1, "mean": 1, "median": 1, "min": 1, "var": 0}, "silence_rate_30dB": {"dmean": 0, "dmean2": 0, "dvar": 0, "dvar2": 0, "max": 1, "mean": 1, "median": 1, "min": 1, "var": 0}, "silence_rate_60dB": {"dmean": 0.0367647074163, "dmean2": 0.0735406801105, "dvar": 0.0354154482484, "dvar2": 0.0819198489189, "max": 1, "mean": 0.110736712813, "median": 0, "min": 0, "var": 0.0984784811735}, "spectral_centroid": {"dmean": 200.718994141, "dmean2": 289.96282959, "dvar": 103547.007813, "dvar2": 191425.21875, "max": 11110.9951172, "mean": 1015.47589111, "median": 829.820068359, "min": 98.7471389771, "var": 509187.5}, "spectral_complexity": {"dmean": 2.51838231087, "dmean2": 3.78213572502, "dvar": 14.2955331802, "dvar2": 25.0479927063, "max": 57, "mean": 12.3230199814, "median": 11, "min": 0, "var": 60.7267150879}, "spectral_contrast_coeffs": {"dmean": [0.047701895237, 0.0463961623609, 0.0388038009405, 0.0321280471981, 0.0240586921573, 0.0236749798059], "dmean2": [0.0807179138064, 0.074353531003, 0.0601907297969, 0.0493892021477, 0.0367007553577, 0.0342230126262], "dvar": [0.00142524042167, 0.00150275707711, 0.00115405081306, 0.000779994938057, 0.000471961713629, 0.000587878574152], "dvar2": [0.00401736376807, 0.00361678912304, 0.00252892519347, 0.00166791584343, 0.000958705786616, 0.00113358232193], "max": [-0.326297670603, -0.338238865137, -0.415431559086, -0.449742019176, -0.583196043968, -0.519066393375], "mean": [-0.6371935606, -0.684655785561, -0.730795443058, -0.753457307816, -0.780364513397, -0.767444133759], "median": [-0.641033113003, -0.696588873863, -0.740224599838, -0.753113090992, -0.776136338711, -0.772746562958], "min": [-0.980607569218, -0.971532642841, -0.962913453579, -0.961266994476, -0.963873386383, -0.959785580635], "var": [0.00554018653929, 0.00970862619579, 0.00762191601098, 0.00538888014853, 0.00372475362383, 0.00423466367647]}, "spectral_contrast_valleys": {"dmean": [0.411101162434, 0.346965551376, 0.329063236713, 0.328474193811, 0.337180346251, 0.264834821224], "dmean2": [0.697602808475, 0.572177767754, 0.515773057938, 0.484999626875, 0.455642849207, 0.365470290184], "dvar": [0.117629773915, 0.106492631137, 0.10471945256, 0.127423509955, 0.155006051064, 0.118830487132], "dvar2": [0.295489966869, 0.240295827389, 0.20691563189, 0.218173861504, 0.245912358165, 0.18566082418], "max": [-5.56799650192, -5.02618551254, -5.12728834152, -5.53335142136, -5.52019834518, -7.23431444168], "mean": [-7.63599729538, -7.27817487717, -7.87644481659, -8.75142002106, -8.5217924118, -11.114402771], "median": [-7.58590745926, -7.16674137115, -7.78807115555, -8.65271663666, -8.32428836823, -11.0496196747], "min": [-27.1776733398, -27.0780162811, -27.1480636597, -27.5615501404, -27.2876300812, -27.3807144165], "var": [0.843561708927, 1.02899730206, 1.2479583025, 1.34423875809, 1.63966119289, 1.2775105238]}, "spectral_decrease": {"dmean": 1.24671728496e-09, "dmean2": 1.92479499006e-09, "dvar": 2.53495164904e-18, "dvar2": 5.72852890362e-18, "max": 5.77173037607e-29, "mean": -5.04153563341e-09, "median": -4.02619448892e-09, "min": -2.31791954519e-08, "var": 1.64466733007e-17}, "spectral_energy": {"dmean": 0.00496824970469, "dmean2": 0.00760611891747, "dvar": 4.00349927077e-05, "dvar2": 8.80574662006e-05, "max": 0.0938159152865, "mean": 0.0204585380852, "median": 0.0163309555501, "min": 1.0745033344e-20, "var": 0.000273064913927}, "spectral_energyband_high": {"dmean": 0.000274194666417, "dmean2": 0.0003809221962, "dvar": 9.49039190346e-07, "dvar2": 1.8917125999e-06, "max": 0.0261016879231, "mean": 0.000513945356943, "median": 5.87219292356e-05, "min": 7.32061142899e-21, "var": 2.38097277361e-06}, "spectral_energyband_low": {"dmean": 0.00209042313509, "dmean2": 0.0034069691319, "dvar": 1.54146709974e-05, "dvar2": 4.10736647609e-05, "max": 0.0652087330818, "mean": 0.00459772953764, "median": 0.0021156212315, "min": 3.64375830309e-23, "var": 4.15218382841e-05}, "spectral_energyband_middle_high": {"dmean": 0.00162776221987, "dmean2": 0.00224370555952, "dvar": 9.69666234596e-06, "dvar2": 1.68539172591e-05, "max": 0.0754252076149, "mean": 0.00558808352798, "median": 0.00192768487614, "min": 1.59603893347e-21, "var": 8.38740088511e-05}, "spectral_energyband_middle_low": {"dmean": 0.0033280227799, "dmean2": 0.0051296162419, "dvar": 2.33401333389e-05, "dvar2": 5.42406560271e-05, "max": 0.0840941891074, "mean": 0.0100963357836, "median": 0.00587427942082, "min": 2.92871136521e-22, "var": 0.000122088589706}, "spectral_entropy": {"dmean": 0.213529214263, "dmean2": 0.309663444757, "dvar": 0.063170813024, "dvar2": 0.121234036982, "max": 9.81142139435, "mean": 6.99596071243, "median": 7.07398271561, "min": 4.55787611008, "var": 0.388556331396}, "spectral_flux": {"dmean": 0.0202576108277, "dmean2": 0.0321957282722, "dvar": 0.000519805587828, "dvar2": 0.00126115174498, "max": 0.260063618422, "mean": 0.0663649663329, "median": 0.0567937716842, "min": 6.78305397961e-11, "var": 0.00177717010956}, "spectral_kurtosis": {"dmean": 3.03333687782, "dmean2": 4.84438323975, "dvar": 13.700097084, "dvar2": 31.0382862091, "max": 57.7678451538, "mean": 8.20182323456, "median": 5.70185184479, "min": -1.23044896126, "var": 61.2439422607}, "spectral_rms": {"dmean": 0.000547342060599, "dmean2": 0.000828165037092, "dvar": 3.74232882905e-07, "dvar2": 7.524113812e-07, "max": 0.00956701207906, "mean": 0.004053294193, "median": 0.00399157078937, "min": 3.23773993727e-12, "var": 3.53037194145e-06}, "spectral_rolloff": {"dmean": 324.850006104, "dmean2": 546.870605469, "dvar": 688599.75, "dvar2": 1486423, "max": 19896.6796875, "mean": 1135.98254395, "median": 753.662109375, "min": 86.1328125, "var": 2230530}, "spectral_skewness": {"dmean": 0.366345643997, "dmean2": 0.553353309631, "dvar": 0.18119700253, "dvar2": 0.365295052528, "max": 6.43002891541, "mean": 2.02689766884, "median": 1.77453804016, "min": -0.292204737663, "var": 1.05360639095}, "spectral_spread": {"dmean": 482057.90625, "dmean2": 740326.75, "dvar": 587704893440, "dvar2": 1254817792000.0, "max": 41883852, "mean": 3751705.75, "median": 3452543