{"lowlevel": {"average_loudness": 0.934918284416, "barkbands": {"dmean": [0.000787475903053, 0.00540523603559, 0.00163859617896, 0.00171938841231, 0.00214054016396, 0.00155404605903, 0.000727943086531, 0.000651471025776, 0.00077626213897, 0.000791975064203, 0.000427467079135, 0.000435997062596, 0.000255096150795, 0.000376184121706, 0.00021119050507, 0.000204807263799, 0.000200896902243, 0.000179435548489, 0.000202960378374, 0.000232435617363, 0.000295931851724, 0.000301366060739, 0.000288359180558, 0.000293222459732, 0.000198139910935, 8.22833753773e-05, 1.69897884916e-05], "dmean2": [0.00121662823949, 0.0086290538311, 0.00261529209092, 0.00286715221591, 0.00375251402147, 0.0026590670459, 0.00118380819913, 0.00110271666199, 0.00124760135077, 0.00124151248019, 0.000675264920574, 0.000697574578226, 0.000405301834689, 0.000630685652141, 0.0003386066237, 0.000329422822688, 0.000323980406392, 0.000275273196166, 0.000310042727506, 0.000358165503712, 0.000428960833233, 0.000471038481919, 0.000440350238932, 0.000432174070738, 0.000295746664051, 0.000128390369355, 2.91626838589e-05], "dvar": [2.62167941401e-06, 0.000132866844069, 2.58356740233e-05, 3.91901085095e-05, 3.35294389515e-05, 2.53853322647e-05, 3.38196286975e-06, 3.31278147314e-06, 2.35285983763e-06, 2.47562570621e-06, 7.05021648173e-07, 7.56804183766e-07, 3.18291853318e-07, 1.02551553027e-06, 2.12443211467e-07, 1.8531193291e-07, 3.55078213943e-07, 2.1751415602e-07, 3.31704598011e-07, 6.01668432409e-07, 1.12862517199e-06, 1.36843971177e-06, 1.02052717921e-06, 1.04957825897e-06, 3.72154318029e-07, 8.28870909686e-08, 6.79615341781e-09], "dvar2": [5.98739734414e-06, 0.000347931723809, 6.41260558041e-05, 0.000101506091596, 9.42505866988e-05, 7.0579284511e-05, 9.1694182629e-06, 9.17022953217e-06, 6.07611536907e-06, 5.84750296184e-06, 1.76911771632e-06, 1.85232374861e-06, 7.48979744003e-07, 2.78264269582e-06, 5.09742221766e-07, 4.56447907027e-07, 9.20382490222e-07, 5.0273092711e-07, 7.9673725395e-07, 1.4882718915e-06, 2.53439975495e-06, 3.50162417817e-06, 2.48628157351e-06, 2.49247932516e-06, 8.81696848865e-07, 2.13723311049e-07, 1.88648492383e-08], "max": [0.0271901451051, 0.139231860638, 0.0690215602517, 0.0869831442833, 0.0700354352593, 0.0818895995617, 0.0440041571856, 0.0272107664496, 0.0274316240102, 0.0349936746061, 0.0177465341985, 0.0208537578583, 0.0215182378888, 0.0158515386283, 0.00725562730804, 0.00930051412433, 0.0230585392565, 0.00745548028499, 0.00920630246401, 0.0114437621087, 0.0175409372896, 0.0138918347657, 0.0118622295558, 0.0129650756717, 0.0100050512701, 0.00378828751855, 0.0010583193507], "mean": [0.00125276576728, 0.00814877543598, 0.00191235681996, 0.00152551068459, 0.00223462516442, 0.00192424235865, 0.00105820642784, 0.000865066074766, 0.00134272524156, 0.001385658863, 0.000769830890931, 0.000721368647646, 0.000374935509171, 0.000472943269415, 0.000306478701532, 0.000318608304951, 0.000277411803836, 0.000285581802018, 0.000315575540299, 0.000319344515447, 0.000353025039658, 0.00033609525417, 0.000372494134353, 0.000418663257733, 0.000300165644148, 9.29175657802e-05, 1.40721158459e-05], "median": [0.00026925932616, 0.00267573143356, 0.000266186369117, 0.000144674675539, 0.000903704552911, 0.000761450151913, 0.000429029722, 0.000316374993417, 0.000526045332663, 0.000392932794057, 0.00026287039509, 0.000251116987783, 0.000128883359139, 0.000146501683048, 8.47380288178e-05, 0.000101157798781, 7.60542825446e-05, 8.54615864228e-05, 9.8937220173e-05, 9.5461087767e-05, 5.57167441002e-05, 4.24951140303e-05, 6.69575529173e-05, 9.06023415155e-05, 6.33208401268e-05, 1.34697947942e-05, 1.07033861241e-06], "min": [1.80566395787e-24, 6.66364138389e-24, 3.02829068145e-24, 1.01577763208e-24, 1.67169912563e-23, 1.67337829495e-23, 1.31783253185e-23, 1.69086876117e-23, 2.95448193637e-23, 1.64538114811e-23, 1.34064796695e-23, 2.11379776061e-23, 3.34499427463e-23, 5.90719871757e-23, 5.75019709586e-23, 7.49357023007e-23, 9.58960836512e-23, 1.19621782195e-22, 1.74865875471e-22, 2.04053527016e-22, 2.60953975757e-22, 3.75339766269e-22, 5.20325433429e-22, 6.82746668399e-22, 9.31173129084e-22, 1.43592334329e-21, 2.28865365857e-21], "var": [5.28434293301e-06, 0.000195619679289, 2.57937044807e-05, 2.96103880828e-05, 2.27702967095e-05, 1.88599242392e-05, 3.73926900465e-06, 3.25513860844e-06, 4.67081054012e-06, 6.17856267127e-06, 1.9178430648e-06, 1.86533350188e-06, 5.98268798058e-07, 1.02390117718e-06, 3.5156949707e-07, 2.98613088034e-07, 3.80991224347e-07, 3.18835418511e-07, 4.38894971921e-07, 6.51981110877e-07, 1.31361309741e-06, 1.38483312639e-06, 1.22794267554e-06, 1.30832461309e-06, 5.23542894371e-07, 8.28955109e-08, 4.5989962949e-09]}, "barkbands_crest": {"dmean": 2.70506119728, "dmean2": 4.30373573303, "dvar": 6.32440757751, "dvar2": 15.4388818741, "max": 26.4774570465, "mean": 10.2928199768, "median": 9.43535232544, "min": 2.05083060265, "var": 21.6110534668}, "barkbands_flatness_db": {"dmean": 0.0220677368343, "dmean2": 0.0325413458049, "dvar": 0.00052945833886, "dvar2": 0.00110834161751, "max": 0.698104441166, "mean": 0.125465661287, "median": 0.119000166655, "min": 0.0174121819437, "var": 0.00347475963645}, "barkbands_kurtosis": {"dmean": 4.4714474678, "dmean2": 6.95671653748, "dvar": 385.729736328, "dvar2": 950.45904541, "max": 1258.39562988, "mean": 7.27926492691, "median": 2.22641038895, "min": -1.92464280128, "var": 1225.62243652}, "barkbands_skewness": {"dmean": 0.581451237202, "dmean2": 0.861588358879, "dvar": 0.567477703094, "dvar2": 1.26391232014, "max": 24.8467311859, "mean": 1.71218848228, "median": 1.43705224991, "min": -3.62180089951, "var": 2.43204855919}, "barkbands_spread": {"dmean": 6.03764867783, "dmean2": 8.85781669617, "dvar": 57.2235908508, "dvar2": 111.929214478, "max": 121.37928772, "mean": 24.4169063568, "median": 20.8100452423, "min": 0.0455043725669, "var": 257.887969971}, "dissonance": {"dmean": 0.0206931028515, "dmean2": 0.0350046083331, "dvar": 0.000395467650378, "dvar2": 0.00107818271499, "max": 0.500000119209, "mean": 0.460301995277, "median": 0.466367065907, "min": 0.158969461918, "var": 0.000824707676657}, "dynamic_complexity": 4.44777297974, "erbbands": {"dmean": [0.232607707381, 1.02568352222, 1.84936916828, 3.90148282051, 6.12573099136, 7.67028808594, 8.80633449554, 14.3706903458, 11.3152627945, 12.4727754593, 13.2916078568, 18.3916683197, 22.7676410675, 17.2190113068, 15.2285480499, 16.0072669983, 12.7185554504, 17.2797698975, 13.0088243484, 10.1738700867, 9.79236698151, 11.7336158752, 8.90557479858, 11.6924133301, 8.76879310608, 11.5569791794, 10.6847724915, 11.960486412, 11.8952856064, 7.92688989639, 8.40449047089, 7.09490203857, 4.41692447662, 2.71016407013, 1.14635670185, 0.416078031063, 0.146361663938, 0.0380347184837, 0.00224602036178, 5.309449989e-05], "dmean2": [0.378561139107, 1.62765181065, 2.8377456665, 6.19243955612, 10.5542058945, 13.6839380264, 14.4889764786, 24.8564147949, 18.5415096283, 21.3803005219, 21.7946872711, 29.5442657471, 35.6336021423, 26.9347229004, 24.1077022552, 25.4610118866, 20.1952915192, 29.0822467804, 20.9738788605, 15.9688615799, 15.6804761887, 18.8403930664, 13.360496521, 18.0768318176, 13.2701892853, 17.5369186401, 15.8155241013, 17.5815010071, 18.7045211792, 11.8175916672, 13.0525655746, 10.7816801071, 6.6209230423, 4.09240198135, 1.72476387024, 0.624327778816, 0.23585486412, 0.064216144383, 0.00382812297903, 8.57682462083e-05], "dvar": [0.240186199546, 5.48365545273, 27.0580806732, 186.328735352, 350.592926025, 456.762878418, 392.884063721, 2474.84204102, 783.289916992, 2161.19116211, 857.285766602, 1493.97045898, 1971.51159668, 909.294128418, 1031.6697998, 1139.69628906, 700.722351074, 2854.09179688, 700.807678223, 434.323974609, 527.745605469, 1302.65161133, 558.018432617, 1114.43591309, 697.023132324, 1519.40039062, 1521.70373535, 1870.10266113, 2227.91625977, 798.806213379, 904.638977051, 657.27923584, 220.911682129, 70.6697921753, 12.7390594482, 1.73682487011, 0.279428094625, 0.0300973150879, 0.000115760536573, 3.79662097316e-08], "dvar2": [0.649143397808, 13.6658334732, 63.8540534973, 466.487060547, 946.020568848, 1297.38000488, 1014.08831787, 6959.07958984, 2135.96508789, 6141.54443359, 2296.53637695, 3855.43164062, 4713.58007812, 2110.78295898, 2631.79638672, 2815.97802734, 1661.59240723, 7837.41845703, 1729.07495117, 1009.20257568, 1303.31860352, 3380.35546875, 1236.3515625, 2755.70141602, 1655.21508789, 3707.97802734, 3612.98608398, 4241.93896484, 5670.49707031, 1869.37304688, 2255.08178711, 1571.10888672, 539.052978516, 168.954101562, 30.5146846771, 4.22601985931, 0.736954092979, 0.0831774398685, 0.000320769759128, 1.01322498836e-07], "max": [6.11394023895, 32.6114387512, 65.9363708496, 219.587142944, 238.436218262, 301.152740479, 308.80770874, 898.679443359, 409.931274414, 907.024536133, 490.156402588, 665.522521973, 850.301818848, 947.344665527, 819.909851074, 953.639648438, 943.00189209, 840.536132812, 454.966003418, 412.136566162, 585.563537598, 1477.63305664, 437.049224854, 598.20690918, 393.938751221, 519.690307617, 723.189575195, 551.67980957, 579.45111084, 333.480621338, 398.230865479, 337.579284668, 223.618637085, 118.6304245, 67.4177398682, 25.2805747986, 6.37436532974, 2.14812898636, 0.142781987786, 0.00243831519037], "mean": [0.326206535101, 1.46126353741, 2.43367099762, 3.9411380291, 5.64292812347, 7.77522611618, 12.110663414, 16.8238430023, 16.3149318695, 15.3070240021, 21.6176338196, 31.8676300049, 41.3350906372, 33.5856132507, 28.0243110657, 27.5327892303, 20.8364391327, 21.5453987122, 20.369354248, 17.0952720642, 15.778796196, 16.7794799805, 14.7029190063, 18.737701416, 13.6718587875, 15.6168937683, 13.9953956604, 13.6246776581, 12.8471670151, 10.4113702774, 10.9114437103, 9.42741775513, 6.50778007507, 4.25749969482, 1.57298707962, 0.512143969536, 0.155645906925, 0.0340779423714, 0.00192429812159, 7.24637648091e-05], "median": [0.0960774868727, 0.367320775986, 0.497414767742, 0.634739279747, 1.26599431038, 3.05939602852, 5.7895898819, 6.23627758026, 7.16116809845, 5.3365073204, 10.3208351135, 12.4685401917, 14.5531673431, 16.0546455383, 9.60694503784, 10.2948379517, 8.43658924103, 6.64625453949, 7.52900505066, 6.26752138138, 5.38288927078, 5.00301170349, 4.54265832901, 6.16308307648, 4.53494977951, 4.57062482834, 2.93496274948, 1.92994236946, 1.58350253105, 1.58442676067, 2.01073741913, 1.941832304, 1.36693632603, 0.861914038658, 0.339452922344, 0.0815039724112, 0.0222845375538, 0.00343457655981, 0.000189555983525, 3.50494483428e-05], "min": [3.16042366822e-22, 6.16397786472e-22, 3.95210740806e-21, 3.99937625643e-21, 1.21324543382e-20, 4.90215471462e-20, 3.88498267071e-20, 1.4821943081e-19, 2.12863531058e-19, 3.16109345834e-19, 5.443130189e-19, 5.85398201046e-19, 8.20437746392e-19, 1.01872710469e-18, 1.26212417275e-18, 1.21545722753e-18, 1.67524153851e-18, 2.77341293039e-18, 3.52695502968e-18, 3.5382348781e-18, 5.67468358165e-18, 5.89889957208e-18, 5.69262967863e-18, 6.89634993705e-18, 9.47005168907e-18, 9.24372183858e-18, 8.17361482374e-18, 1.1210760644e-17, 1.16180925017e-17, 1.38386133612e-17, 1.33036260282e-17, 1.30627857754e-17, 1.23885831182e-17, 8.37336570678e-18, 7.19441495821e-18, 4.1452113262e-18, 2.73561015601e-18, 1.06888133997e-18, 2.61898306631e-19, 3.09324545493e-20], "var": [0.33351829648, 7.5888338089, 32.2559967041, 157.122497559, 250.234146118, 299.440643311, 421.284881592, 1740.68945312, 840.600280762, 1545.99975586, 1166.6217041, 2944.85327148, 4909.79052734, 2502.28833008, 2704.71679688, 2624.50683594, 1388.39282227, 2432.06958008, 1261.18811035, 798.933288574, 791.784790039, 1360.07348633, 850.052124023, 1407.99841309, 919.585632324, 1639.53112793, 1706.49401855, 2122.32958984, 2180.56054688, 1053.38269043, 1048.68444824, 760.368286133, 282.263549805, 98.5143127441, 17.282617569, 2.1911251545, 0.251503795385, 0.021251000464, 7.96144813648e-05, 3.09121119813e-08]}, "erbbands_crest": {"dmean": 2.48309278488, "dmean2": 3.95248985291, "dvar": 5.67289924622, "dvar2": 13.5672330856, "max": 33.7776145935, "mean": 8.93114948273, "median": 8.00951099396, "min": 2.17988228798, "var": 18.6099338531}, "erbbands_flatness_db": {"dmean": 0.0153374541551, "dmean2": 0.0226500388235, "dvar": 0.000243119502557, "dvar2": 0.000481573340949, "max": 0.395449757576, "mean": 0.142946451902, "median": 0.135780245066, "min": 0.0343053564429, "var": 0.00179020350333}, "erbbands_kurtosis": {"dmean": 1.19395899773, "dmean2": 1.83938837051, "dvar": 21.5169086456, "dvar2": 42.6705245972, "max": 312.441772461, "mean": 1.43568336964, "median": 0.320446491241, "min": -1.77095854282, "var": 84.0318374634}, "erbbands_skewness": {"dmean": 0.35860067606, "dmean2": 0.531415224075, "dvar": 0.152919128537, "dvar2": 0.321898847818, "max": 15.0740833282, "mean": 0.654761254787, "median": 0.651769638062, "min": -9.68335342407, "var": 0.854001879692}, "erbbands_spread": {"dmean": 8.38938903809, "dmean2": 12.6281232834, "dvar": 90.0265731812, "dvar2": 198.967575073, "max": 173.675567627, "mean": 40.6320037842, "median": 37.7222290039, "min": 1.08541953564, "var": 397.643676758}, "gfcc": {"cov": [[20820.78125, 336.830749512, 171.729370117, 1183.83569336, 204.316833496, 557.624267578, -269.691009521, 184.441894531, -411.327697754, 31.8415241241, -24.362695694, 4.7053194046, 6.19232606888], [336.830749512, 1493.52160645, 507.686340332, 360.189544678, 448.508026123, 203.139587402, 269.858734131, 92.7790298462, 115.383209229, -28.8175449371, 102.654434204, -97.9377822876, 45.8786392212], [171.729370117, 507.686340332, 1176.77844238, 625.297729492, 526.110412598, 329.064910889, 251.387786865, 195.007827759, 128.184890747, 69.0744857788, -2.01372480392, -14.2023496628, -56.0310630798], [1183.83569336, 360.189544678, 625.297729492, 726.76171875, 415.197296143, 195.90057373, 190.627700806, 155.308013916, 98.3842010498, 17.3665370941, 21.2205257416, -13.8247489929, -19.5285167694], [204.316833496, 448.508026123, 526.110412598, 415.197296143, 532.299987793, 274.084655762, 245.517547607, 178.169265747, 122.588005066, 40.1447296143, 22.7834453583, -0.620431363583, 7.78097581863], [557.624267578, 203.139587402, 329.064910889, 195.90057373, 274.084655762, 361.797851562, 205.277832031, 105.179946899, 62.2684059143, 58.5772171021, 20.052942276, -8.95181465149, 4.10647726059], [-269.691009521, 269.858734131, 251.387786865, 190.627700806, 245.517547607, 205.277832031, 279.071472168, 116.171783447, 94.1952896118, 39.2815742493, 29.1254119873, 0.17556579411, 11.3525800705], [184.441894531, 92.7790298462, 195.007827759, 155.308013916, 178.169265747, 105.179946899, 116.171783447, 250.162979126, 99.4039382935, 18.557062149, 25.5499725342, 14.1514835358, 30.0086097717], [-411.327697754, 115.383209229, 128.184890747, 98.3842010498, 122.588005066, 62.2684059143, 94.1952896118, 99.4039382935, 153.627243042, 44.9478912354, 23.6351909637, 15.3903198242, 17.694437027], [31.8415241241, -28.8175449371, 69.0744857788, 17.3665370941, 40.1447296143, 58.5772171021, 39.2815742493, 18.557062149, 44.9478912354, 107.614852905, 36.2081604004, 20.9081325531, 0.787643551826], [-24.362695694, 102.654434204, -2.01372480392, 21.2205257416, 22.7834453583, 20.052942276, 29.1254119873, 25.5499725342, 23.6351909637, 36.2081604004, 118.113014221, 22.9542713165, 30.812166214], [4.7053194046, -97.9377822876, -14.2023496628, -13.8247489929, -0.620431363583, -8.95181465149, 0.17556579411, 14.1514835358, 15.3903198242, 20.9081325531, 22.9542713165, 96.2274932861, 24.8100185394], [6.19232606888, 45.8786392212, -56.0310630798, -19.5285167694, 7.78097581863, 4.10647726059, 11.3525800705, 30.0086097717, 17.694437027, 0.787643551826, 30.812166214, 24.8100185394, 90.8861465454]], "icov": [[9.3341601314e-05, -0.000122438519611, 0.000183856012882, -0.000357380020432, 0.000178026952199, -0.00037055456778, 0.00038257567212, -0.000255124992691, 0.000424958678195, -0.000290782860247, 0.000219556459342, -0.000215875712456, 3.42354978784e-05], [-0.000122438519611, 0.00153478747234, -0.000658092147205, 0.000700525473803, -0.00121393718291, 0.000891295669135, -0.001192778931, 0.00112653535325, -0.00106496992521, 0.00163986405823, -0.00179513124749, 0.00196119374596, -0.000914564356208], [0.000183856012882, -0.000658092147205, 0.00257938914001, -0.00186452642083, -0.000239707573201, -0.00146399834193, 0.00118318130262, -0.00101628829725, 0.000948546512518, -0.00161007139832, 0.00134289870039, -0.00105106073897, 0.0014445988927], [-0.000357380020432, 0.000700525473803, -0.00186452642083, 0.00456481846049, -0.00238210451789, 0.00199902802706, -0.00173630414065, 0.000933780625928, -0.00178936461452, 0.00209817942232, -0.00176084449049, 0.00137849291787, 7.51157931518e-05], [0.000178026952199, -0.00121393718291, -0.000239707573201, -0.00238210451789, 0.00706262327731, -0.00273366877809, -0.000375334260752, -0.00178185570985, 0.00012910363148, -0.000804365845397, 0.00166676472872, -0.00181309878826, 6.82764994053e-06], [-0.00037055456778, 0.000891295669135, -0.00146399834193, 0.00199902802706, -0.00273366877809, 0.00782829616219, -0.00468859821558, 0.000880453619175, -0.000148839928443, -0.000750085513573, -0.000998933799565, 0.00226000021212, -0.00096521503292], [0.00038257567212, -0.001192778931, 0.00118318130262, -0.00173630414065, -0.000375334260752, -0.00468859821558, 0.00999346002936, -0.00197127601132, -0.000260194152361, -0.0014176343102, 0.000861834501848, -0.00152809417341, 0.000766859855503], [-0.000255124992691, 0.00112653535325, -0.00101628829725, 0.000933780625928, -0.00178185570985, 0.000880453619175, -0.00197127601132, 0.00769849447533, -0.00437414320186, 0.00269516697153, -0.00185119733214, 0.00116178067401, -0.00202137208544], [0.000424958678195, -0.00106496992521, 0.000948546512518, -0.00178936461452, 0.00012910363148, -0.000148839928443, -0.000260194152361, -0.00437414320186, 0.013369676657, -0.00572817586362, 0.00193288247101, -0.00180821178947, -0.000533600046765], [-0.000290782860247, 0.00163986405823, -0.00161007139832, 0.00209817942232, -0.000804365845397, -0.000750085513573, -0.0014176343102, 0.00269516697153, -0.00572817586362, 0.0155982328579, -0.00571556156501, -8.42119334266e-05, 0.000980896409601], [0.000219556459342, -0.00179513124749, 0.00134289870039, -0.00176084449049, 0.00166676472872, -0.000998933799565, 0.000861834501848, -0.00185119733214, 0.00193288247101, -0.00571556156501, 0.0130030689761, -0.00333754345775, -0.00207722326741], [-0.000215875712456, 0.00196119374596, -0.00105106073897, 0.00137849291787, -0.00181309878826, 0.00226000021212, -0.00152809417341, 0.00116178067401, -0.00180821178947, -8.42119334266e-05, -0.00333754345775, 0.0145986285061, -0.0039675408043], [3.42354978784e-05, -0.000914564356208, 0.0014445988927, 7.51157931518e-05, 6.82764994053e-06, -0.00096521503292, 0.000766859855503, -0.00202137208544, -0.000533600046765, 0.000980896409601, -0.00207722326741, -0.0039675408043, 0.0148661509156]], "mean": [-18.1435432434, 62.5794410706, -112.450668335, 16.7082176208, -72.1622238159, 18.6008663177, -40.1325454712, 15.4171829224, -25.2915534973, 4.11811161041, -10.4947481155, 3.79363250732, -5.32773256302]}, "hfc": {"dmean": 15.2650117874, "dmean2": 22.0718307495, "dvar": 2293.3347168, "dvar2": 5398.3515625, "max": 567.616760254, "mean": 27.6050243378, "median": 15.0022029877, "min": 1.12984282231e-16, "var": 2856.97167969}, "melbands": {"dmean": [0.0017250290839, 0.000990129658021, 0.000707489089109, 0.000507188029587, 0.000306517147692, 0.000313145312248, 0.000163234770298, 0.000143046403537, 0.000114707363537, 0.000114958784252, 0.00012000730203, 7.86031741882e-05, 5.16578002134e-05, 4.23149504059e-05, 4.77674475405e-05, 2.48916530836e-05, 3.56688142347e-05, 2.33896098507e-05, 1.57939211931e-05, 1.49211709868e-05, 1.15289813039e-05, 1.34128304126e-05, 9.02486681298e-06, 8.36015715322e-06, 1.02906215034e-05, 7.06139962858e-06, 6.80142329657e-06, 8.25888946565e-06, 6.24420908935e-06, 7.54571192374e-06, 7.01455201124e-06, 7.14717407391e-06, 5.25978748556e-06, 4.44877287009e-06, 5.03458295498e-06, 5.03098408444e-06, 3.96813811676e-06, 3.14129079015e-06, 2.89901458927e-06, 2.12603436012e-06], "dmean2": [0.00277858343907, 0.00152044836432, 0.00112249108497, 0.000897938618436, 0.000510926474817, 0.000539617147297, 0.000268457428319, 0.000245518604061, 0.00018625514349, 0.000184321557754, 0.00018781243125, 0.000122715006, 8.14328159322e-05, 6.72074456816e-05, 7.5826428656e-05, 3.99038799515e-05, 6.0295809817e-05, 3.80049823434e-05, 2.51541132457e-05, 2.38795819314e-05, 1.86034067156e-05, 2.17627093662e-05, 1.38746718221e-05, 1.290824639e-05, 1.61763073265e-05, 1.07183732325e-05, 1.0927794392e-05, 1.26721342895e-05, 9.35323896556e-06, 1.14119393402e-05, 1.04699038275e-05, 1.13864352898e-05, 8.31025772641e-06, 6.68571237838e-06, 7.95205232862e-06, 7.8172506619e-06, 5.97348662268e-06, 4.76167997476e-06, 4.46719559477e-06, 3.24924940287e-06], "dvar": [1.31222586788e-05, 5.80811274631e-06, 5.55532733415e-06, 2.21363848141e-06, 4.32383615134e-07, 1.13312171379e-06, 1.63478929949e-07, 2.58258893382e-07, 5.30453014846e-08, 5.97169247385e-08, 5.62205499932e-08, 1.85539317243e-08, 1.09968647521e-08, 8.04988431469e-09, 9.85794113006e-09, 3.18051518455e-09, 1.22367271871e-08, 2.15842299589e-09, 1.22078136489e-09, 8.85254869409e-10, 8.15779555019e-10, 1.62635827028e-09, 7.20114246011e-10, 4.77933803644e-10, 8.67304172925e-10, 3.88094750781e-10, 5.10164521739e-10, 7.39796557347e-10, 4.87331064392e-10, 8.14249445646e-10, 6.60585586232e-10, 8.23418278006e-10, 4.03649336178e-10, 2.5156304817e-10, 3.55831364374e-10, 2.9771266008e-10, 2.06152317439e-10, 1.10140972731e-10, 8.64188026695e-11, 4.15401983644e-11], "dvar2": [3.51571361534e-05, 1.2936911844e-05, 1.38676732604e-05, 6.18856802248e-06, 1.12440625344e-06, 3.18228808283e-06, 4.45133139237e-07, 7.329052778e-07, 1.40141366956e-07, 1.54302298938e-07, 1.33994959128e-07, 4.33969482572e-08, 2.79035816675e-08, 1.96001455066e-08, 2.42275604023e-08, 7.53050510838e-09, 3.36804326651e-08, 5.31921440228e-09, 2.88167933959e-09, 2.13121964521e-09, 2.04224570588e-09, 4.28624380433e-09, 1.69381908499e-09, 1.10993803037e-09, 2.17666062952e-09, 9.13667030922e-10, 1.29790078685e-09, 1.79540660117e-09, 1.16750642487e-09, 1.97726435225e-09, 1.49883361278e-09, 2.11241846237e-09, 1.02837005578e-09, 5.82277615013e-10, 9.06394292954e-10, 7.33806293507e-10, 4.83942830254e-10, 2.65171190561e-10, 2.14691972533e-10, 9.87611104009e-11], "max": [0.0442824885249, 0.0287612900138, 0.0340999923646, 0.0194764211774, 0.0101109044626, 0.0184697527438, 0.00642647175118, 0.00953846145421, 0.00375959998928, 0.00432637287304, 0.00469375029206, 0.00371727324091, 0.00257330853492, 0.00309818889946, 0.00208980892785, 0.00291332509369, 0.00175235734787, 0.000865880108904, 0.00070205074735, 0.000470483559184, 0.000745653873309, 0.00165047636256, 0.000582443317398, 0.000414649723098, 0.000516558706295, 0.000317462370731, 0.000315105076879, 0.000406152044889, 0.000424381782068, 0.000479194073705, 0.000394067115849, 0.000380918529117, 0.000298992585158, 0.00021626567468, 0.000252849276876, 0.000235775441979, 0.000189532176591, 0.000161761767231, 0.000134793212055, 0.000107942039904], "mean": [0.00258729793131, 0.00151150743477, 0.00072796351742, 0.000484254618641, 0.000412661640439, 0.000379951961804, 0.000234715771512, 0.000173581604031, 0.000189219499589, 0.000194558364456, 0.000211277394556, 0.00014669772645, 9.44958665059e-05, 7.00377349858e-05, 7.49864120735e-05, 3.52384377038e-05, 4.17093870055e-05, 3.48301655322e-05, 2.35015013459e-05, 2.33701794059e-05, 1.68145488715e-05, 1.84109103429e-05, 1.25984088299e-05, 1.36374837894e-05, 1.57032245625e-05, 1.07527694126e-05, 9.1473593784e-06, 1.07866480903e-05, 8.53272467793e-06, 8.38076539367e-06, 7.78778940003e-06, 7.42982729207e-06, 6.17522300672e-06, 5.7825118347e-06, 6.33400895822e-06, 6.26581777396e-06, 5.44968906979e-06, 4.55599138149e-06, 4.26620772487e-06, 3.34129549628e-06], "median": [0.000882525055204, 0.000392220041249, 0.000138829433126, 0.000159780145623, 0.000204609532375, 0.000155291170813, 0.000102890597191, 5.38857857464e-05, 8.59049032442e-05, 7.03281111782e-05, 6.46804110147e-05, 6.43126259092e-05, 3.08283124468e-05, 2.42922033067e-05, 2.58592444879e-05, 1.09717611849e-05, 1.1126663594e-05, 1.16709425129e-05, 7.28438681108e-06, 7.19789704817e-06, 4.35148194811e-06, 5.28068630956e-06, 3.3017286114e-06, 4.07137486036e-06, 4.91299761052e-06, 3.3303872442e-06, 2.82209612124e-06, 2.91968945021e-06, 1.76169442057e-06, 1.20402387438e-06, 9.33977048589e-07, 8.39918811835e-07, 7.78486423769e-07, 8.62873207552e-07, 1.05914114101e-06, 1.22961387206e-06, 1.07485698209e-06, 9.08705715119e-07, 8.26178848001e-07, 6.53295955999e-07], "min": [2.62830980351e-24, 2.21840032221e-24, 7.92282096359e-25, 1.96797110304e-24, 1.29172541685e-24, 3.27604704266e-24, 3.53996203622e-24, 4.05233429391e-24, 5.32314543044e-24, 3.80769117226e-24, 3.74289413751e-24, 3.53688508426e-24, 2.36799872099e-24, 2.99748724082e-24, 3.79957221582e-24, 3.97401776096e-24, 5.34579993792e-24, 5.63643522806e-24, 5.14612701546e-24, 5.03483846326e-24, 6.22547490498e-24, 5.44854394323e-24, 3.12302656528e-24, 5.67061104906e-24, 4.74055390256e-24, 5.97703736237e-24, 6.79491336055e-24, 5.73157343095e-24, 4.93938392714e-24, 4.82558443068e-24, 6.03100964779e-24, 5.81048515945e-24, 7.45120461293e-24, 6.98206035512e-24, 7.36456323085e-24, 5.68249839404e-24, 7.48281190282e-24, 6.54186098165e-24, 7.37491308592e-24, 5.33711615707e-24], "var": [1.92978386622e-05, 8.79011258803e-06, 4.72334386359e-06, 1.46067782225e-06, 4.42415341695e-07, 8.00322482064e-07, 1.72786883468e-07, 1.92110107378e-07, 8.5145181572e-08, 1.17256718113e-07, 1.38902535696e-07, 4.96331544753e-08, 3.03085485598e-08, 1.92791471676e-08, 2.0777605414e-08, 6.38179153967e-09, 1.03587600719e-08, 4.25112434144e-09, 2.07505057581e-09, 1.62291502459e-09, 1.15879605911e-09, 1.69758218593e-09, 8.82285411397e-10, 7.14008629998e-10, 1.04769726228e-09, 5.37187627714e-10, 5.46687306535e-10, 7.99181831823e-10, 5.6217885902e-10, 8.15581824298e-10, 7.45951189707e-10, 7.73662467424e-10, 4.34047353615e-10, 3.30629273959e-10, 3.85698889493e-10, 3.29839877633e-10, 2.5119054059e-10, 1.43499392924e-10, 1.11097041289e-10, 5.85399437258e-11]}, "melbands_crest": {"dmean": 3.7076189518, "dmean2": 5.89096069336, "dvar": 11.0231103897, "dvar2": 27.606595993, "max": 39.1751899719, "mean": 15.246468544, "median": 14.0690822601, "min": 1.82102835178, "var": 43.8858146667}, "melbands_flatness_db": {"dmean": 0.0272255446762, "dmean2": 0.0385068692267, "dvar": 0.00079539755825, "dvar2": 0.00153827259783, "max": 0.863673627377, "mean": 0.184528470039, "median": 0.179240375757, "min": 0.00418915553018, "var": 0.00654110731557}, "melbands_kurtosis": {"dmean": 9.52907752991, "dmean2": 14.7895154953, "dvar": 935.73046875, "dvar2": 2313.09350586, "max": 1391.99768066, "mean": 17.864944458, "median": 7.47282075882, "min": -1.75155210495, "var": 2132.67431641}, "melbands_skewness": {"dmean": 0.769498050213, "dmean2": 1.17141461372, "dvar": 0.957484126091, "dvar2": 2.09267687798, "max": 31.9512882233, "mean": 2.75368213654, "median": 2.23130893707, "min": -2.17306041718, "var": 4.18195104599}, "melbands_spread": {"dmean": 7.64660596848, "dmean2": 10.8104219437, "dvar": 112.61668396, "dvar2": 199.241119385, "max": 239.441894531, "mean": 26.2061290741, "median": 20.2510414124, "min": 0.106119982898, "var": 510.283172607}, "mfcc": {"cov": [[13930.7539062, 446.266021729, 264.425384521, 479.5753479, 475.864654541, 228.508087158, 290.407012939, 139.260192871, 54.3872184753, 56.4779396057, -52.9116477966, 18.8020114899, 28.2057037354], [446.266021729, 1321.59558105, 270.40032959, 234.444595337, 245.735412598, 184.387359619, 236.516998291, 150.807479858, 103.745597839, 127.43132019, 52.5685844421, 47.3253593445, 50.2975082397], [264.425384521, 270.40032959, 687.257507324, 375.401184082, 319.735748291, 236.85144043, 196.971832275, 162.069091797, 146.295776367, 104.310066223, 109.805358887, 75.6229019165, 58.5917358398], [479.5753479, 234.444595337, 375.401184082, 611.123901367, 331.612884521, 176.759628296, 159.254592896, 191.482757568, 144.641220093, 85.1606216431, 75.7083816528, 111.271034241, 51.285900116], [475.864654541, 245.735412598, 319.735748291, 331.612884521, 413.104644775, 171.216140747, 188.044723511, 181.010025024, 162.232910156, 112.664039612, 77.0952301025, 60.6343612671, 69.7282791138], [228.508087158, 184.387359619, 236.85144043, 176.759628296, 171.216140747, 363.12286377, 173.832580566, 111.458198547, 106.407447815, 80.4659500122, 91.4335098267, 35.3966331482, 28.293264389], [290.407012939, 236.516998291, 196.971832275, 159.254592896, 188.044723511, 173.832580566, 272.652801514, 147.969116211, 115.458618164, 102.385063171, 63.7624816895, 47.6967773438, 42.9410057068], [139.260192871, 150.807479858, 162.069091797, 191.482757568, 181.010025024, 111.458198547, 147.969116211, 220.933303833, 141.639755249, 81.5104675293, 53.6031799316, 50.255821228, 59.9914970398], [54.3872184753, 103.745597839, 146.295776367, 144.641220093, 162.232910156, 106.407447815, 115.458618164, 141.639755249, 204.904418945, 93.4243850708, 53.2403945923, 30.9608802795, 51.6612243652], [56.4779396057, 127.43132019, 104.310066223, 85.1606216431, 112.664039612, 80.4659500122, 102.385063171, 81.5104675293, 93.4243850708, 144.960296631, 60.5221824646, 29.5535259247, 31.7223358154], [-52.9116477966, 52.5685844421, 109.805358887, 75.7083816528, 77.0952301025, 91.4335098267, 63.7624816895, 53.6031799316, 53.2403945923, 60.5221824646, 108.379302979, 44.0812797546, 29.206861496], [18.8020114899, 47.3253593445, 75.6229019165, 111.271034241, 60.6343612671, 35.3966331482, 47.6967773438, 50.255821228, 30.9608802795, 29.5535259247, 44.0812797546, 102.745353699, 41.0918884277], [28.2057037354, 50.2975082397, 58.5917358398, 51.285900116, 69.7282791138, 28.293264389, 42.9410057068, 59.9914970398, 51.6612243652, 31.7223358154, 29.206861496, 41.0918884277, 91.1139678955]], "icov": [[7.78441753937e-05, -5.07830236529e-06, 2.51906476478e-05, -4.33225977758e-05, -9.59379249252e-05, -2.5738048862e-05, -6.75089322613e-05, 3.65055420843e-05, 6.27880654065e-05, 6.00693647357e-06, 0.000113239366328, 3.09517308779e-05, -1.18660582302e-05], [-5.07830236529e-06, 0.000945191481151, -0.000102929727291, -8.01651694928e-05, -0.000154588487931, -0.00010174408817, -0.000517115287948, -6.35676260572e-05, 0.000303770706523, -0.000454749038909, 0.00034184762626, 6.94639020367e-05, -0.000128242667415], [2.51906476478e-05, -0.000102929727291, 0.00281825126149, -0.00093802268384, -0.000977619900368, -0.000577427970711, -0.000415696355049, 0.00038858311018, -0.000100142322481, 0.000248027703492, -0.00104296347126, 0.000237469153944, -0.000170110128238], [-4.33225977758e-05, -8.01651694928e-05, -0.00093802268384, 0.00401510857046, -0.00205056602135, -0.000351442460669, 0.000863019144163, -0.00143536401447, -0.000156413967488, 0.000432945846114, 0.000740909890737, -0.00305363582447, 0.00169522943906], [-9.59379249252e-05, -0.000154588487931, -0.000977619900368, -0.00205056602135, 0.00674913590774, 6.21351364316e-06, -0.00114715530071, -0.000769206671976, -0.00118195672985, -0.000942756072618, -0.000290637399303, 0.00141140480991, -0.00176690286025], [-2.5738048862e-05, -0.00010174408817, -0.000577427970711, -0.000351442460669, 6.21351364316e-06, 0.00489892344922, -0.00207025394775, 0.000220082205487, -0.000656562508084, 0.000568798335735, -0.00270632421598, 0.00100372440647, 0.00052713585319], [-6.75089322613e-05, -0.000517115287948, -0.000415696355049, 0.000863019144163, -0.00114715530071, -0.00207025394775, 0.00851314328611, -0.00308309611864, 0.000149247760419, -0.00220647919923, 0.000650950882118, -0.00141776038799, 0.00074083043728], [3.65055420843e-05, -6.35676260572e-05, 0.00038858311018, -0.00143536401447, -0.000769206671976, 0.000220082205487, -0.00308309611864, 0.0116216819733, -0.00445716781542, 0.000227819182328, -6.52654125588e-05, -0.000277529499726, -0.00250282417983], [6.27880654065e-05, 0.000303770706523, -0.000100142322481, -0.000156413967488, -0.00118195672985, -0.000656562508084, 0.000149247760419, -0.00445716781542, 0.0109377168119, -0.00341608375311, -3.58735223926e-06, 0.0015172919957, -0.00175734225195], [6.00693647357e-06, -0.000454749038909, 0.000248027703492, 0.000432945846114, -0.000942756072618, 0.000568798335735, -0.00220647919923, 0.000227819182328, -0.00341608375311, 0.0127172246575, -0.00444298610091, 2.70354776148e-05, 0.000202005132451], [0.000113239366328, 0.00034184762626, -0.00104296347126, 0.000740909890737, -0.000290637399303, -0.00270632421598, 0.000650950882118, -6.52654125588e-05, -3.58735223926e-06, -0.00444298610091, 0.0164494793862, -0.00487997476012, -0.000694306741934], [3.09517308779e-05, 6.94639020367e-05, 0.000237469153944, -0.00305363582447, 0.00141140480991, 0.00100372440647, -0.00141776038799, -0.000277529499726, 0.0015172919957, 2.70354776148e-05, -0.00487997476012, 0.0163520276546, -0.00570281315595], [-1.18660582302e-05, -0.000128242667415, -0.000170110128238, 0.00169522943906, -0.00176690286025, 0.00052713585319, 0.00074083043728, -0.00250282417983, -0.00175734225195, 0.000202005132451, -0.000694306741934, -0.00570281315595, 0.0164127610624]], "mean": [-657.604675293, 97.1725997925, 9.79152297974, 1.21377444267, -3.65867495537, -5.17304801941, 1.8128439188, 2.08636546135, -3.41927981377, 2.7848534584, -4.05486345291, -1.03775918484, -0.991453230381]}, "pitch_salience": {"dmean": 0.0725321993232, "dmean2": 0.111642755568, "dvar": 0.00465695327148, "dvar2": 0.0104713495821, "max": 0.90208363533, "mean": 0.532149136066, "median": 0.543992996216, "min": 0.00834920536727, "var": 0.0202806703746}, "silence_rate_20dB": {"dmean": 0, "dmean2": 0, "dvar": 0, "dvar2": 0, "max": 1, "mean": 1, "median": 1, "min": 1, "var": 0}, "silence_rate_30dB": {"dmean": 0.0181661471725, "dmean2": 0.0363347046077, "dvar": 0.0178391356021, "dvar2": 0.0512004345655, "max": 1, "mean": 0.989923119545, "median": 1, "min": 0, "var": 0.00997622124851}, "silence_rate_60dB": {"dmean": 0.0209507383406, "dmean2": 0.0419042557478, "dvar": 0.0205128584057, "dvar2": 0.0453321412206, "max": 1, "mean": 0.111641474068, "median": 0, "min": 0, "var": 0.0991673544049}, "spectral_centroid": {"dmean": 244.94960022, "dmean2": 344.635284424, "dvar": 85050.7265625, "dvar2": 145589.25, "max": 11543.6425781, "mean": 1420.05871582, "median": 1245.06103516, "min": 55.0162315369, "var": 575900}, "spectral_complexity": {"dmean": 3.68878865242, "dmean2": 5.28285360336, "dvar": 28.1328048706, "dvar2": 43.0537071228, "max": 64, "mean": 17.2328948975, "median": 15, "min": 0, "var": 137.092712402}, "spectral_contrast_coeffs": {"dmean": [0.0517506562173, 0.0447240173817, 0.0396044962108, 0.0318047292531, 0.0219098478556, 0.0179281141609], "dmean2": [0.0822416767478, 0.0727868303657, 0.0631501749158, 0.0512996129692, 0.0350637100637, 0.0277442149818], "dvar": [0.00207133730873, 0.00132804061286, 0.00108419591561, 0.000692241010256, 0.000367630913388, 0.00029536645161], "dvar2": [0.00507523585111, 0.00350789562799, 0.00260622310452, 0.00171972624958, 0.000851965742186, 0.000654726987705], "max": [-0.252923190594, -0.453712910414, -0.477146089077, -0.498740553856, -0.565623700619, -0.676654696465], "mean": [-0.651674449444, -0.737128198147, -0.736355423927, -0.763186514378, -0.792642951012, -0.799375236034], "median": [-0.667835831642, -0.740477919579, -0.738522529602, -0.766887485981, -0.797989845276, -0.798108398914], "min": [-0.977543711662, -0.969547688961, -0.969026684761, -0.967631697655, -0.965817213058, -0.962884545326], "var": [0.0134073588997, 0.00479898275807, 0.00551918521523, 0.00394193921238, 0.00220363331027, 0.00134611560497]}, "spectral_contrast_valleys": {"dmean": [0.420610487461, 0.368032604456, 0.339323550463, 0.351020127535, 0.299963802099, 0.303754001856], "dmean2": [0.652838885784, 0.580921769142, 0.531034767628, 0.526752054691, 0.419836044312, 0.382826030254], "dvar": [0.209263756871, 0.143142744899, 0.130619600415, 0.163171485066, 0.143089994788, 0.150960832834], "dvar2": [0.399602770805, 0.311714231968, 0.264773070812, 0.317595422268, 0.253333330154, 0.242225319147], "max": [-5.22930908203, -4.2452507019, -5.10727882385, -5.35648059845, -5.02353143692, -6.9029173851], "mean": [-8.06219577789, -6.91679573059, -7.59692573547, -8.13540077209, -7.9214425087, -9.81055545807], "median": [-7.16710281372, -6.6344461441, -7.37342596054, -7.93024730682, -7.69363689423, -9.60652160645], "min": [-28.0857563019, -27.8115978241, -27.6558094025, -27.5198516846, -27.5723209381, -27.3378505707], "var": [4.43851804733, 2.26703381538, 2.24608206749, 2.34578800201, 2.3913629055, 2.42874264717]}, "spectral_decrease": {"dmean": 2.9739426477e-09, "dmean2": 4.72885197667e-09, "dvar": 2.3917652788e-17, "dvar2": 5.76453698559e-17, "max": 1.43263873921e-28, "mean": -6.67571198321e-09, "median": -4.85908557835e-09, "min": -4.43420731244e-08, "var": 4.21683573739e-17}, "spectral_energy": {"dmean": 0.0123989824206, "dmean2": 0.0195350702852, "dvar": 0.000446310557891, "dvar2": 0.00106877496, "max": 0.193413436413, "mean": 0.0276994369924, "median": 0.0203755162656, "min": 1.02700192227e-20, "var": 0.000732332235202}, "spectral_energyband_high": {"dmean": 0.00151570735034, "dmean2": 0.00217253807932, "dvar": 2.84075777017e-05, "dvar2": 6.72125461278e-05, "max": 0.0659959763288, "mean": 0.00207810918801, "median": 0.000509080360644, "min": 7.52043047689e-21, "var": 3.42962448485e-05}, "spectral_energyband_low": {"dmean": 0.00681119970977, "dmean2": 0.0105970557779, "dvar": 0.000181082490599, "dvar2": 0.000447613419965, "max": 0.158266276121, "mean": 0.0120533518493, "median": 0.00512062339112, "min": 2.02066421105e-23, "var": 0.000346700981027}, "spectral_energyband_middle_high": {"dmean": 0.00215420802124, "dmean2": 0.00329471752048, "dvar": 1.70295588759e-05, "dvar2": 4.00816570618e-05, "max": 0.0537387132645, "mean": 0.00525998417288, "median": 0.00336104212329, "min": 1.2275150264e-21, "var": 3.59874611604e-05}, "spectral_energyband_middle_low": {"dmean": 0.00591139541939, "dmean2": 0.00965335592628, "dvar": 0.000161135874805, "dvar2": 0.000409790634876, "max": 0.124841950834, "mean": 0.00925031583756, "median": 0.0059362850152, "min": 1.96866145888e-22, "var": 0.000151315049152}, "spectral_entropy": {"dmean": 0.157496109605, "dmean2": 0.226713657379, "dvar": 0.0334991179407, "dvar2": 0.0654377043247, "max": 9.82840824127, "mean": 7.71099281311, "median": 7.68524837494, "min": 3.78984618187, "var": 0.205723062158}, "spectral_flux": {"dmean": 0.027788374573, "dmean2": 0.0424917377532, "dvar": 0.00145716895349, "dvar2": 0.00280308374204, "max": 0.399552196264, "mean": 0.0875294804573, "median": 0.0731578916311, "min": 6.35943450678e-11, "var": 0.00401203054935}, "spectral_kurtosis": {"dmean": 0.876733422279, "dmean2": 1.38714134693, "dvar": 1.24239063263, "dvar2": 2.82869076729, "max": 59.3546638489, "mean": 3.16468572617, "median": 2.91320443153, "min": -1.47004890442, "var": 4.65791130066}, "spectral_rms": {"dmean": 0.000973894784693, "dmean2": 0.00147448037751, "dvar": 1.80727749921e-06, "dvar2": 3.91689127355e-06, "max": 0.0137366680428, "mean": 0.0045991637744, "median": 0.00445853732526, "min": 3.16536423808e-12, "var": 5.87142676522e-06}, "spectral_rolloff": {"dmean": 558.55847168, "dmean2": 849.88684082, "dvar": 1174379.625, "dvar2": 2078510.25, "max": 19121.484375, "mean": 1888.5760498, "median": 1098.19335938, "min": 21.533203125, "var": 4893320}, "spectral_skewness": {"dmean": 0.163025930524, "dmean2": 0.245238691568, "dvar": 0.0319395884871, "dvar2": 0.0660250261426, "max": 6.96821594238, "mean": 1.51688086987, "median": 1.51229989529, "min": -0.0797121971846, "var": 0.165191933513}, "spectral_spread": {"dmean": 602315.25, "dmean2": 886008.5625, "dvar": 727567958016, "dvar2": 1482476093440.0, "max": 41409144, "mean": 5962373, "median": 5742506, "min": 1675509.25, "var": 3813936988160.0}, "spectral_strongpeak": {"dmean": 0.406819045544, "dmean2": 0.695534944534, "dvar": 0