{"lowlevel": {"average_loudness": 0.849592804909, "barkbands": {"dmean": [3.57114477083e-05, 0.00540676619858, 0.00200820132159, 0.000645362073556, 0.000384694430977, 0.00021250678401, 0.000200995142222, 0.000478965026559, 0.000584024761338, 0.000434174755355, 0.000288973853458, 0.000297660997603, 0.000262170098722, 0.00026696358691, 0.000393898284528, 0.000369838089682, 0.000336882541887, 0.000227495896979, 0.000254453771049, 0.000219567125896, 0.000109070926555, 0.000110750283056, 0.000161707488587, 0.000120420932944, 9.81030752882e-05, 3.91068642784e-05, 7.37512073101e-06], "dmean2": [4.47594538855e-05, 0.00700837513432, 0.00358871906064, 0.00113212410361, 0.000634077179711, 0.000339037302183, 0.00031273852801, 0.000725788413547, 0.000866550661158, 0.000645989377517, 0.000440478295786, 0.000434254878201, 0.000408484862419, 0.000403849087888, 0.000589082366787, 0.000559330626857, 0.00050205696607, 0.000355570722604, 0.000389244058169, 0.000326708512148, 0.000170425788383, 0.00017698436568, 0.000247044750722, 0.000175249937456, 0.00014098106476, 5.49294709344e-05, 1.0145543456e-05], "dvar": [9.52661238784e-09, 0.000231947895372, 5.26198091393e-05, 4.53307711723e-06, 9.09689617856e-07, 1.918767083e-07, 3.1236439213e-07, 2.60760725723e-06, 3.28000965055e-06, 1.39612245675e-06, 7.35329194868e-07, 7.86595762747e-07, 5.80694006658e-07, 6.82821735154e-07, 1.08134656784e-06, 9.65157710198e-07, 8.14435566099e-07, 2.5446155405e-07, 2.66219785772e-07, 2.25362313699e-07, 6.09728019185e-08, 1.02429495996e-07, 2.41229230369e-07, 6.26920666491e-08, 5.28361319141e-08, 6.00434368891e-09, 2.29372409954e-10], "dvar2": [1.49573278208e-08, 0.000389862019802, 0.000145334430272, 1.28147494252e-05, 2.40681470132e-06, 4.60937542357e-07, 7.21275227988e-07, 5.84027247896e-06, 6.87193642079e-06, 2.86025760943e-06, 1.59164153501e-06, 1.54201757141e-06, 1.2532331084e-06, 1.4204396166e-06, 2.26001156989e-06, 2.06659547075e-06, 1.75693867277e-06, 5.79659172217e-07, 5.91165587593e-07, 4.55711159475e-07, 1.29320412157e-07, 2.65160565505e-07, 5.77841376526e-07, 1.30099692797e-07, 1.18402439853e-07, 1.18534320137e-08, 4.46469083926e-10], "max": [0.000966908002738, 0.14101588726, 0.084852732718, 0.0250291377306, 0.0138872675598, 0.0203758329153, 0.0165108796209, 0.0450266338885, 0.0650847554207, 0.0390421748161, 0.0260470509529, 0.0473519898951, 0.0257676970214, 0.0218766275793, 0.022877253592, 0.025856571272, 0.0235786307603, 0.0142525238916, 0.0125463427976, 0.0120438477024, 0.00480416836217, 0.00589433219284, 0.0133434711024, 0.00676930323243, 0.00448594428599, 0.000865086505655, 0.000216534957872], "mean": [3.98271768063e-05, 0.00673708738759, 0.0016234543873, 0.000742429343518, 0.000570173549931, 0.000363438535715, 0.000367075554095, 0.00124419573694, 0.00110948085785, 0.000922363018617, 0.000519872584846, 0.000660406018142, 0.000590801471844, 0.000450555118732, 0.000786989578046, 0.000750816194341, 0.000732872402295, 0.000506495242007, 0.000585241650697, 0.000566993723623, 0.000205380521948, 0.000183277341421, 0.000276963051874, 0.000262133340584, 0.000200055757887, 7.9263918451e-05, 1.05327317215e-05], "median": [2.83676763502e-06, 0.000382193538826, 0.000218115543248, 9.53686976572e-05, 0.000154269146151, 0.000159636983881, 0.000127603765577, 0.000202664494282, 0.000271577620879, 0.000211081787711, 0.000152976601385, 0.000123557532788, 9.15829805308e-05, 9.06260393094e-05, 0.000137414230267, 9.26769862417e-05, 0.000182099000085, 0.000133997440571, 0.000181951501872, 0.000153972767293, 8.44226451591e-05, 7.07008366589e-05, 0.000100732017017, 5.29033350176e-05, 3.07990485453e-05, 6.30551267022e-06, 3.1215091667e-07], "min": [2.29812083036e-24, 4.40330916026e-24, 9.16539028807e-25, 3.10549630102e-24, 2.32360541577e-23, 1.52398192345e-23, 2.35676423729e-23, 1.11791955902e-23, 6.31993200536e-23, 1.87527178197e-23, 3.19391510505e-23, 2.83795329671e-23, 2.29817885108e-23, 5.32760367785e-23, 7.39491212982e-23, 9.07845426644e-23, 1.16209763143e-22, 1.05739736151e-22, 1.05258543621e-22, 2.47881528194e-22, 2.53386515135e-22, 3.55943330062e-22, 3.86324622819e-22, 6.97628043438e-22, 8.92913198476e-22, 1.40017262145e-21, 2.05069342572e-21], "var": [1.52510200024e-08, 0.000380584824597, 3.35852164426e-05, 3.28085388901e-06, 1.04168623238e-06, 4.36082615352e-07, 8.30768158266e-07, 1.89669444808e-05, 9.22150593397e-06, 6.62799629936e-06, 2.25457461056e-06, 5.26043095306e-06, 2.28984436035e-06, 1.72680745436e-06, 4.17194041802e-06, 3.43267151948e-06, 3.23438507621e-06, 9.11472739062e-07, 8.76464582689e-07, 1.17068782401e-06, 1.3435013102e-07, 1.22345426234e-07, 3.224454872e-07, 1.71818456352e-07, 1.08456454484e-07, 1.53762442778e-08, 4.21269213957e-10]}, "barkbands_crest": {"dmean": 2.44628500938, "dmean2": 3.4823820591, "dvar": 7.22410583496, "dvar2": 11.9725961685, "max": 26.2849578857, "mean": 10.54185009, "median": 9.36529541016, "min": 1.94616639614, "var": 29.0265769958}, "barkbands_flatness_db": {"dmean": 0.0185960847884, "dmean2": 0.0263264812529, "dvar": 0.000485823489726, "dvar2": 0.000827361538541, "max": 0.441347390413, "mean": 0.133610725403, "median": 0.125227868557, "min": 0.0216042306274, "var": 0.00407977448776}, "barkbands_kurtosis": {"dmean": 2.06910228729, "dmean2": 2.93512988091, "dvar": 32.4277534485, "dvar2": 56.9399528503, "max": 257.924591064, "mean": 2.72671055794, "median": 0.115322910249, "min": -1.92897701263, "var": 80.0833892822}, "barkbands_skewness": {"dmean": 0.489613115788, "dmean2": 0.633984565735, "dvar": 0.396748781204, "dvar2": 0.565160214901, "max": 15.7009220123, "mean": 0.885199844837, "median": 0.579671382904, "min": -4.78157758713, "var": 2.09142875671}, "barkbands_spread": {"dmean": 6.20603275299, "dmean2": 9.01415061951, "dvar": 60.9748840332, "dvar2": 119.289787292, "max": 106.443244934, "mean": 28.2205142975, "median": 25.2886867523, "min": 0.947692573071, "var": 291.48348999}, "dissonance": {"dmean": 0.0190331339836, "dmean2": 0.032109670341, "dvar": 0.000424450874561, "dvar2": 0.00118125998415, "max": 0.5, "mean": 0.460470676422, "median": 0.471700757742, "min": 0.191923514009, "var": 0.00141355441883}, "dynamic_complexity": 4.81005430222, "erbbands": {"dmean": [0.117864213884, 1.39805614948, 2.58509039879, 2.13005590439, 1.64990460873, 1.19980967045, 1.30170083046, 1.88183128834, 2.23154687881, 5.83937835693, 11.3441076279, 12.5038261414, 14.1470537186, 11.4985437393, 11.3485660553, 12.329041481, 11.3770265579, 10.8718204498, 16.7464809418, 15.0048370361, 20.0553684235, 15.3881654739, 12.7288312912, 12.684838295, 10.2983322144, 11.3931388855, 5.85346651077, 3.87196350098, 3.87010383606, 3.68873786926, 5.36135101318, 2.51125121117, 2.12974977493, 1.03161180019, 0.846399128437, 0.245762720704, 0.0655692741275, 0.0121868913993, 0.00145170977339, 3.81551217288e-05], "dmean2": [0.136407151818, 1.88475227356, 4.20430088043, 3.72659301758, 2.78236436844, 1.95365858078, 2.08284854889, 3.0125579834, 3.52109289169, 8.45085716248, 16.7200717926, 18.6128349304, 20.7818183899, 16.9746437073, 16.6055221558, 17.5622291565, 17.4347190857, 16.458732605, 26.4417457581, 22.5163269043, 28.5457687378, 21.7326412201, 19.1765575409, 19.2819824219, 15.4897050858, 16.8223648071, 8.71539974213, 6.16228485107, 6.25016689301, 5.58860826492, 8.32797908783, 3.75234103203, 3.14016413689, 1.45621192455, 1.26329541206, 0.356042206287, 0.0920636206865, 0.01667871885, 0.00201308960095, 5.10471945745e-05], "dvar": [0.095130994916, 16.2867221832, 74.3542022705, 50.014251709, 24.2189846039, 7.64518737793, 6.73236656189, 16.4247131348, 45.4767036438, 385.088043213, 1630.75610352, 1208.37329102, 1803.64123535, 1159.9420166, 1128.81213379, 1407.5480957, 881.735595703, 1047.58227539, 2171.49780273, 1411.39782715, 2856.06958008, 1639.63366699, 843.879699707, 802.458618164, 424.943908691, 732.814208984, 168.552520752, 96.1518173218, 135.21244812, 89.8022994995, 315.776306152, 26.5899677277, 19.4538974762, 4.00094127655, 6.29085159302, 0.255284994841, 0.0174811966717, 0.000626738707069, 8.96457822819e-06, 5.36349942237e-09], "dvar2": [0.125762984157, 29.3907260895, 191.212158203, 138.908477783, 66.9634170532, 19.1571216583, 16.2947425842, 40.3915596008, 131.689666748, 719.081726074, 3285.9465332, 2695.78344727, 3694.68383789, 2339.73510742, 2271.66723633, 2633.76953125, 1960.27099609, 2234.01269531, 5351.05810547, 3098.42114258, 5160.16064453, 2849.3203125, 1847.60266113, 1763.96276855, 917.985595703, 1481.41174316, 306.180419922, 246.809555054, 355.859863281, 217.217605591, 757.972106934, 56.8497428894, 42.2396392822, 8.04183864594, 15.1091413498, 0.540688335896, 0.0353313609958, 0.00123120471835, 1.7502476112e-05, 1.02110417899e-08], "max": [3.70547890663, 34.4854049683, 106.977500916, 75.3386459351, 73.3874511719, 43.2619857788, 57.7566680908, 187.962371826, 409.82901001, 628.877868652, 1202.63378906, 877.092773438, 1686.99169922, 1195.26831055, 1441.94177246, 2391.45239258, 703.668701172, 1291.4597168, 1273.00964355, 1129.6307373, 1520.86767578, 1383.33190918, 877.136535645, 915.472167969, 572.14654541, 718.865844727, 318.781188965, 227.860473633, 199.59803772, 174.069824219, 505.692840576, 125.500556946, 116.235679626, 48.1526679993, 55.4365615845, 7.31077766418, 1.72367429733, 0.321902394295, 0.043049633503, 0.00105214025825], "mean": [0.15275298059, 1.63379478455, 2.35940098763, 2.20369529724, 2.10792636871, 1.90476810932, 2.17728853226, 3.17377376556, 4.30154418945, 12.5521507263, 29.7185974121, 25.3065280914, 30.1620407104, 23.7204532623, 23.2562599182, 29.3706645966, 26.7324581146, 23.7600212097, 41.9210128784, 33.8395500183, 45.0491790771, 37.9359550476, 30.786190033, 28.9657268524, 27.0630245209, 28.9172878265, 13.0470733643, 6.98766899109, 6.23621702194, 6.68456172943, 8.6623134613, 5.34022855759, 4.35301971436, 2.29814743996, 1.4847484827, 0.487448513508, 0.124676808715, 0.0209773816168, 0.00201628962532, 7.26884391042e-05], "median": [0.00546126160771, 0.108033999801, 0.354859948158, 0.410947948694, 0.456728994846, 0.553627669811, 0.870989918709, 1.31202197075, 1.78618860245, 3.28030705452, 5.39833068848, 7.46006011963, 8.49484348297, 7.23408460617, 6.43463134766, 6.00930309296, 5.23320674896, 6.61110591888, 7.23398017883, 8.82176971436, 7.92085266113, 9.95279407501, 8.96001338959, 10.7787914276, 8.00472640991, 7.29205513, 4.98717784882, 3.19840955734, 2.37433719635, 2.65148258209, 2.88872671127, 1.56901943684, 0.745362639427, 0.315744698048, 0.211859583855, 0.0519964918494, 0.00907660089433, 0.0010679353727, 7.47551821405e-05, 3.40581173077e-05], "min": [9.75304204311e-23, 6.75702859957e-22, 1.65696767202e-21, 9.97468666344e-21, 3.78304752361e-20, 1.0288610107e-19, 7.9386901531e-20, 1.70852695032e-19, 2.72717337905e-19, 2.76193461032e-19, 4.21171390741e-19, 1.37280941731e-18, 6.33365163997e-19, 8.79919683855e-19, 1.31855815645e-18, 1.22234391972e-18, 1.22400686295e-18, 3.08499759827e-18, 3.79922814575e-18, 5.41306827419e-18, 6.29753155775e-18, 5.7697878454e-18, 6.14204972673e-18, 9.1507012428e-18, 7.05001982894e-18, 1.14457204698e-17, 1.08514879798e-17, 1.22122397921e-17, 1.40470388873e-17, 1.13339352818e-17, 1.13323487494e-17, 1.12388624509e-17, 1.08923159605e-17, 8.98398629906e-18, 6.60667252731e-18, 4.99810732963e-18, 2.6512900527e-18, 1.04125940118e-18, 2.83559323441e-19, 2.86231052196e-20], "var": [0.195006325841, 23.6427593231, 59.0024147034, 33.985748291, 19.7498569489, 11.2195215225, 12.2897138596, 37.6968841553, 113.95488739, 1640.20446777, 11731.1035156, 3382.96020508, 6089.96679688, 4579.17919922, 4613.33251953, 10073.9892578, 3770.87304688, 3927.18164063, 12803.3095703, 5492.50927734, 10752.9228516, 7748.48974609, 3517.96191406, 2261.9831543, 1887.97509766, 3386.47460938, 523.653198242, 130.34992981, 150.486343384, 142.280670166, 387.696258545, 69.8243255615, 48.7697677612, 12.7274875641, 8.56742954254, 0.584941864014, 0.0405189618468, 0.00131554133259, 1.60320851137e-05, 1.13326992235e-08]}, "erbbands_crest": {"dmean": 2.42308783531, "dmean2": 3.73335242271, "dvar": 5.40013217926, "dvar2": 12.0804033279, "max": 31.7683162689, "mean": 10.365778923, "median": 9.13647079468, "min": 2.38243484497, "var": 28.2221412659}, "erbbands_flatness_db": {"dmean": 0.0174057316035, "dmean2": 0.0225892104208, "dvar": 0.000308121816488, "dvar2": 0.000506703334395, "max": 0.384705126286, "mean": 0.170725569129, "median": 0.166874825954, "min": 0.0462673865259, "var": 0.00345498952083}, "erbbands_kurtosis": {"dmean": 1.01784563065, "dmean2": 1.50955915451, "dvar": 4.03844118118, "dvar2": 9.52553462982, "max": 82.9031982422, "mean": 1.17736434937, "median": 0.111168399453, "min": -1.78762888908, "var": 15.204460144}, "erbbands_skewness": {"dmean": 0.31795746088, "dmean2": 0.461515307426, "dvar": 0.0986988693476, "dvar2": 0.205923065543, "max": 7.36588668823, "mean": 0.0869105532765, "median": 0.0416494458914, "min": -4.69213533401, "var": 0.983841955662}, "erbbands_spread": {"dmean": 7.56479740143, "dmean2": 10.3795642853, "dvar": 95.4440078735, "dvar2": 171.450698853, "max": 171.275192261, "mean": 35.3056526184, "median": 29.9440994263, "min": 1.88727891445, "var": 512.200805664}, "gfcc": {"cov": [[12324.5322266, -3605.4309082, -748.478820801, 430.527801514, -83.3796691895, 193.700668335, -300.554748535, 173.317779541, -360.800506592, 159.242599487, -163.204620361, 385.935668945, -124.987968445], [-3605.4309082, 3119.02368164, 107.628730774, 68.2276687622, 337.218231201, -98.5344772339, 264.132781982, -136.439987183, 113.221138, -241.847076416, 123.570411682, -364.524810791, 37.8843841553], [-748.478820801, 107.628730774, 1530.06872559, 126.812400818, -47.1494445801, 263.923828125, -14.5276241302, -42.2824935913, -14.3596019745, 22.5838832855, -115.827911377, 43.1625175476, -73.4409713745], [430.527801514, 68.2276687622, 126.812400818, 494.67489624, 206.793624878, 86.635383606, 75.8490371704, 73.2779998779, 66.7779312134, -33.9689674377, -26.8626441956, 63.2721862793, 16.2480239868], [-83.3796691895, 337.218231201, -47.1494445801, 206.793624878, 459.108520508, 67.2281417847, 129.748291016, 45.973487854, 84.5165176392, -3.04444599152, 26.3044757843, 8.35582828522, 12.3647785187], [193.700668335, -98.5344772339, 263.923828125, 86.635383606, 67.2281417847, 266.256286621, 89.4869384766, 0.0534663312137, 0.857055842876, 61.5541000366, 22.5546875, 35.2704811096, -6.12968492508], [-300.554748535, 264.132781982, -14.5276241302, 75.8490371704, 129.748291016, 89.4869384766, 251.894607544, 71.7486190796, 46.4972496033, 19.9994735718, 59.1696205139, -21.1062450409, 24.6558704376], [173.317779541, -136.439987183, -42.2824935913, 73.2779998779, 45.973487854, 0.0534663312137, 71.7486190796, 235.751556396, 89.5564651489, 22.9914226532, 18.8688335419, 35.7271156311, 41.9844512939], [-360.800506592, 113.221138, -14.3596019745, 66.7779312134, 84.5165176392, 0.857055842876, 46.4972496033, 89.5564651489, 184.511032104, 34.5314292908, 11.2020378113, 21.1039161682, -1.09276115894], [159.242599487, -241.847076416, 22.5838832855, -33.9689674377, -3.04444599152, 61.5541000366, 19.9994735718, 22.9914226532, 34.5314292908, 174.217437744, 62.509803772, 24.3181209564, 4.25530385971], [-163.204620361, 123.570411682, -115.827911377, -26.8626441956, 26.3044757843, 22.5546875, 59.1696205139, 18.8688335419, 11.2020378113, 62.509803772, 158.551589966, -2.29619598389, 24.0019550323], [385.935668945, -364.524810791, 43.1625175476, 63.2721862793, 8.35582828522, 35.2704811096, -21.1062450409, 35.7271156311, 21.1039161682, 24.3181209564, -2.29619598389, 188.475189209, 23.9045181274], [-124.987968445, 37.8843841553, -73.4409713745, 16.2480239868, 12.3647785187, -6.12968492508, 24.6558704376, 41.9844512939, -1.09276115894, 4.25530385971, 24.0019550323, 23.9045181274, 125.537689209]], "icov": [[0.000161072821356, 0.000146223799675, 0.000124911122839, -0.000198821042432, -5.62534951314e-05, -0.000139686933835, 0.000124871381558, -0.000167404985405, 0.000389948050724, -5.0554102927e-05, 6.835097156e-05, -9.50154458224e-07, 0.000237450032728], [0.000146223799675, 0.000986509607174, -0.000222378526814, -0.000160239840625, -0.000453935936093, 0.000403202167945, -0.000527707103174, 0.000809438701253, -0.000686797720846, 0.00138303812128, -0.00109446630813, 0.00139047414996, -0.000472516956506], [0.000124911122839, -0.000222378526814, 0.00114289147314, -0.000315633194987, 0.000340831786161, -0.00132339843549, 0.000509523495566, -0.000471466657473, 0.00065032648854, -0.000646680244245, 0.00116618722677, -0.00053510494763, 0.000766852230299], [-0.000198821042432, -0.000160239840625, -0.000315633194987, 0.00322307273746, -0.00104412739165, -0.000475578824989, -0.000267718103714, -0.000301689957269, -0.00092023704201, 0.00102128379513, 0.000338640558766, -0.000712477311026, -0.000490006932523], [-5.62534951314e-05, -0.000453935936093, 0.000340831786161, -0.00104412739165, 0.0034277732484, -0.000573150406126, -0.000824697781354, 6.4228894189e-05, -0.000702515244484, -0.00039230773109, 0.000342030660249, -0.000535786733963, 0.000234210630879], [-0.000139686933835, 0.000403202167945, -0.00132339843549, -0.000475578824989, -0.000573150406126, 0.00692022172734, -0.00275958958082, 0.00143264071085, 7.89776531747e-05, -0.00117402826436, -0.00104323716369, -0.000160545503604, -0.000245678791543], [0.000124871381558, -0.000527707103174, 0.000509523495566, -0.000267718103714, -0.000824697781354, -0.00275958958082, 0.00702264625579, -0.00238710292615, 0.000552448735107, -0.000369474553736, -0.000838416104671, 0.000455133005744, 7.28261220502e-05], [-0.000167404985405, 0.000809438701253, -0.000471466657473, -0.000301689957269, 6.4228894189e-05, 0.00143264071085, -0.00238710292615, 0.00741179008037, -0.00405053980649, 0.00126236397773, -0.00121277745347, 0.000778509187512, -0.0025884420611], [0.000389948050724, -0.000686797720846, 0.00065032648854, -0.00092023704201, -0.000702515244484, 7.89776531747e-05, 0.000552448735107, -0.00405053980649, 0.0099425194785, -0.00357263046317, 0.00191114575136, -0.00208637909964, 0.00265378132463], [-5.0554102927e-05, 0.00138303812128, -0.000646680244245, 0.00102128379513, -0.00039230773109, -0.00117402826436, -0.000369474553736, 0.00126236397773, -0.00357263046317, 0.0105420090258, -0.00492128171027, 0.00166079343762, -0.00111026421655], [6.835097156e-05, -0.00109446630813, 0.00116618722677, 0.000338640558766, 0.000342030660249, -0.00104323716369, -0.000838416104671, -0.00121277745347, 0.00191114575136, -0.00492128171027, 0.0104613825679, -0.00177862122655, 4.4362484914e-05], [-9.50154458224e-07, 0.00139047414996, -0.00053510494763, -0.000712477311026, -0.000535786733963, -0.000160545503604, 0.000455133005744, 0.000778509187512, -0.00208637909964, 0.00166079343762, -0.00177862122655, 0.00860774796456, -0.00231966399588], [0.000237450032728, -0.000472516956506, 0.000766852230299, -0.000490006932523, 0.000234210630879, -0.000245678791543, 7.28261220502e-05, -0.0025884420611, 0.00265378132463, -0.00111026421655, 4.4362484914e-05, -0.00231966399588, 0.0101670371369]], "mean": [-29.9496879578, 61.1429901123, -126.631523132, 26.731092453, -58.728061676, 19.636423111, -33.0385627747, 21.3587703705, -20.350725174, 1.42700827122, -15.3608369827, -4.65162706375, -11.3749876022]}, "hfc": {"dmean": 6.65057897568, "dmean2": 9.1505317688, "dvar": 118.090957642, "dvar2": 243.920684814, "max": 159.625259399, "mean": 26.403459549, "median": 22.4120750427, "min": 1.1059896466e-16, "var": 593.90637207}, "melbands": {"dmean": [0.00132572744042, 0.00146577309351, 0.000358871242497, 9.82443161774e-05, 4.5100456191e-05, 4.1801496991e-05, 3.58657525794e-05, 7.05765633029e-05, 9.57823722274e-05, 8.16647079773e-05, 7.23451012163e-05, 4.82892319269e-05, 3.66250969819e-05, 3.54265284841e-05, 3.17857447953e-05, 2.43244667217e-05, 2.23837287194e-05, 2.74068297585e-05, 2.79604228126e-05, 2.39797518589e-05, 2.68734765996e-05, 2.11386486626e-05, 1.36428425321e-05, 1.08785161501e-05, 1.21474176922e-05, 8.9930372269e-06, 7.50743038225e-06, 8.54974405229e-06, 5.03369710714e-06, 2.1672449293e-06, 2.63552442448e-06, 2.4638686682e-06, 2.02902401725e-06, 2.13710450225e-06, 4.01447732656e-06, 1.64675395808e-06, 1.63123115726e-06, 1.72270858911e-06, 1.18406319416e-06, 8.19544425212e-07], "dmean2": [0.00164076220244, 0.00204255408607, 0.000619425205514, 0.000162889977219, 7.18071969459e-05, 6.69784494676e-05, 5.63282737858e-05, 0.000105206534499, 0.000139965050039, 0.000121878721984, 0.000105987564893, 7.1128772106e-05, 5.37948508281e-05, 4.97110413562e-05, 4.65182565677e-05, 3.70436137018e-05, 3.3945972973e-05, 4.26413898822e-05, 4.04402053391e-05, 3.62924547517e-05, 3.8057918573e-05, 3.03158431052e-05, 2.0678364308e-05, 1.64240718732e-05, 1.86436445802e-05, 1.36205871968e-05, 1.11742956506e-05, 1.29123873194e-05, 7.65596632846e-06, 3.44299132848e-06, 4.27200075137e-06, 4.03048306907e-06, 3.25460928252e-06, 3.28141391037e-06, 6.37310586171e-06, 2.52223117059e-06, 2.48758101407e-06, 2.60639785665e-06, 1.72032400769e-06, 1.18412992833e-06], "dvar": [1.28944629978e-05, 1.87751793419e-05, 1.31437752771e-06, 6.70708146799e-08, 7.74011787996e-09, 8.5764204627e-09, 9.41691791212e-09, 5.59941462086e-08, 1.0823733021e-07, 5.65790223561e-08, 4.62796805323e-08, 2.16540207987e-08, 1.14246674343e-08, 1.17430589697e-08, 7.97166421762e-09, 5.444091844e-09, 4.80639528178e-09, 5.51936851778e-09, 5.06486452778e-09, 3.78775855125e-09, 5.64267033099e-09, 3.6850515972e-09, 1.35414934821e-09, 5.86449444562e-10, 7.97961308141e-10, 3.86185888823e-10, 2.48670528613e-10, 4.33641345055e-10, 1.41380629426e-10, 1.64649110318e-11, 6.15374556867e-11, 5.49244122405e-11, 3.11736990388e-11, 2.85680784584e-11, 2.20604312595e-10, 1.12010418302e-11, 1.24392909168e-11, 1.30017403094e-11, 5.89306338103e-12, 2.54298491986e-12], "dvar2": [1.9312121367e-05, 3.99580421799e-05, 3.60118133358e-06, 1.80546706474e-07, 1.84553243798e-08, 2.1693164598e-08, 2.56906567131e-08, 1.15261265421e-07, 2.12579521985e-07, 1.2561045537e-07, 9.52164356249e-08, 4.28786179896e-08, 2.33038779385e-08, 2.0859021177e-08, 1.50730254944e-08, 1.17590968074e-08, 1.05053352684e-08, 1.3202434701e-08, 9.95857352137e-09, 8.1598301449e-09, 9.78668612817e-09, 6.24928730986e-09, 2.99740965382e-09, 1.22328991381e-09, 1.76277381581e-09, 8.24853796377e-10, 5.07671960026e-10, 9.13232711675e-10, 2.76061812299e-10, 3.98996009843e-11, 1.59379218156e-10, 1.45140024999e-10, 8.1749135239e-11, 6.85769427355e-11, 5.34230493177e-10, 2.5898250558e-11, 2.76726228737e-11, 2.97710189834e-11, 1.2497988755e-11, 5.36945878385e-12], "max": [0.0389128625393, 0.0499993339181, 0.0118740601465, 0.00400912202895, 0.00166798161808, 0.00511209014803, 0.00539594329894, 0.00803948100656, 0.00982959568501, 0.00713557424024, 0.00839605368674, 0.00516718113795, 0.00366933830082, 0.00581442704424, 0.00259524513967, 0.00292909936979, 0.00257320748642, 0.00188150885515, 0.0024115331471, 0.00150933035184, 0.00202713464387, 0.0020365442615, 0.00103976076934, 0.000484783464344, 0.000879895407706, 0.000527693715412, 0.000517306325492, 0.000476849032566, 0.000242959868046, 7.78730682214e-05, 0.000201336355531, 0.000117487070384, 0.000130012558657, 0.000100971032225, 0.000452212436358, 7.91100537754e-05, 0.000101478566648, 9.3790491519e-05, 4.42617638328e-05, 4.00552780775e-05], "mean": [0.00169425399508, 0.00162971776444, 0.000391220091842, 0.00013916939497, 7.84623407526e-05, 7.16292124707e-05, 6.85371196596e-05, 0.000160571595188, 0.000246592244366, 0.000156730849994, 0.000151097163325, 9.62667400017e-05, 6.98508811183e-05, 7.78023677412e-05, 6.87162173563e-05, 5.25798241142e-05, 4.26415281254e-05, 6.47072010906e-05, 5.0821719924e-05, 5.12799015269e-05, 5.30352517671e-05, 4.38169772679e-05, 2.91171363642e-05, 2.30595487665e-05, 2.3696320568e-05, 2.07611501537e-05, 1.76780285983e-05, 1.9527897166e-05, 9.66209063336e-06, 4.13296902479e-06, 4.05936407333e-06, 3.63225626643e-06, 3.35387835548e-06, 3.71492706108e-06, 5.80913047088e-06, 3.24780194205e-06, 3.25879454977e-06, 3.30007947014e-06, 2.38913412431e-06, 1.74631315986e-06], "median": [7.93483341113e-05, 0.000202147173695, 7.71946142777e-05, 3.9615904825e-05, 3.11677467835e-05, 3.03480646835e-05, 2.69959309662e-05, 3.72427966795e-05, 4.18540876126e-05, 4.07096704294e-05, 3.84403974749e-05, 2.42873666139e-05, 1.94176955119e-05, 1.50431733346e-05, 9.97874849418e-06, 8.717505807e-06, 1.04328528323e-05, 9.12369523576e-06, 1.14665963338e-05, 7.49942319089e-06, 9.10917242436e-06, 9.57525116974e-06, 7.25124664314e-06, 6.59022271066e-06, 7.39722145227e-06, 4.70298937216e-06, 5.44412705494e-06, 4.14015994465e-06, 2.81563279714e-06, 1.90864102478e-06, 1.50016239786e-06, 1.21082689475e-06, 1.24438042803e-06, 1.39430403578e-06, 1.58683951668e-06, 1.25619499158e-06, 7.85385338986e-07, 5.58690317121e-07, 3.44734814917e-07, 2.22909989134e-07], "min": [1.20935413885e-24, 8.78268921105e-25, 3.01526284081e-24, 5.07944736416e-24, 3.48816148488e-24, 3.66916049199e-24, 4.39315573155e-24, 2.91503175192e-24, 3.44737343177e-24, 9.00034835936e-24, 2.72471846689e-24, 3.24927941442e-24, 3.79176485945e-24, 3.76666567202e-24, 1.48967448101e-24, 3.79827059533e-24, 4.56211396023e-24, 5.1929707593e-24, 4.93388043904e-24, 6.69586792959e-24, 6.68148462871e-24, 5.21520756493e-24, 6.03821589216e-24, 4.59481973893e-24, 7.38260447975e-24, 4.03146379537e-24, 5.37780520813e-24, 5.64223414458e-24, 6.41932366737e-24, 6.37080122752e-24, 6.70698534633e-24, 6.44606802421e-24, 4.23226123905e-24, 6.49651725682e-24, 6.11767075139e-24, 6.72097500563e-24, 6.05868959366e-24, 8.31077506539e-24, 6.17515267897e-24, 6.92084948204e-24], "var": [2.37658732658e-05, 2.25085623242e-05, 9.33918386181e-07, 6.54205862816e-08, 1.53505581579e-08, 2.03195167359e-08, 2.6405013287e-08, 2.89591696401e-07, 8.14142140371e-07, 1.48853942505e-07, 1.60358538892e-07, 8.83144721797e-08, 4.19484109671e-08, 7.28321154497e-08, 3.62626231265e-08, 2.13448192454e-08, 1.74672827313e-08, 3.32016796278e-08, 1.65090607851e-08, 1.72601577475e-08, 1.86260304957e-08, 1.35955184888e-08, 4.24907664609e-09, 1.90261206789e-09, 1.97134153446e-09, 1.39640354835e-09, 1.14423293063e-09, 1.70925240628e-09, 3.82399639731e-10, 3.82655122866e-11, 6.81726758378e-11, 5.76637626537e-11, 3.89496768172e-11, 4.62018964753e-11, 2.46193232467e-10, 2.51644902832e-11, 2.96502510044e-11, 2.95333167644e-11, 1.4908900503e-11, 7.73724747466e-12]}, "melbands_crest": {"dmean": 2.92914700508, "dmean2": 4.48860645294, "dvar": 11.143321991, "dvar2": 22.4937839508, "max": 33.5201950073, "mean": 14.3465890884, "median": 13.081817627, "min": 1.80946397781, "var": 43.9365272522}, "melbands_flatness_db": {"dmean": 0.023307884112, "dmean2": 0.0311417542398, "dvar": 0.000900854298379, "dvar2": 0.00130212481599, "max": 0.574551939964, "mean": 0.175594419241, "median": 0.162366628647, "min": 0.00448933104053, "var": 0.00821152981371}, "melbands_kurtosis": {"dmean": 7.43241214752, "dmean2": 10.02825737, "dvar": 574.789794922, "dvar2": 870.403625488, "max": 720.687561035, "mean": 12.0381975174, "median": 2.54812312126, "min": -1.84350538254, "var": 1323.14624023}, "melbands_skewness": {"dmean": 0.738637924194, "dmean2": 0.934419870377, "dvar": 1.34180510044, "dvar2": 1.8733124733, "max": 22.0956344604, "mean": 2.07424521446, "median": 1.47260415554, "min": -1.97653615475, "var": 5.19399690628}, "melbands_spread": {"dmean": 10.3594388962, "dmean2": 14.7027626038, "dvar": 230.36907959, "dvar2": 435.802429199, "max": 260.052368164, "mean": 39.0331916809, "median": 32.9944496155, "min": 0.659750461578, "var": 928.826965332}, "mfcc": {"cov": [[10492.0107422, -3055.25756836, -1106.96582031, 68.9123077393, 69.8179016113, -4.64423370361, 53.7902336121, 82.9854812622, -195.903488159, -27.343952179, -56.9773674011, -8.04553604126, -95.1608428955], [-3055.25756836, 2415.38232422, 156.878860474, 173.6875, 87.1018600464, 59.5861549377, 130.911087036, 9.23712444305, 17.6055774689, 73.5380859375, -16.7281036377, -33.7063140869, -12.14179039], [-1106.96582031, 156.878860474, 1338.38928223, -31.624174118, 78.1821594238, 190.565353394, 25.3608207703, -11.213511467, 68.9347610474, -88.8713378906, 55.0505905151, -17.0119171143, -11.5724315643], [68.9123077393, 173.6875, -31.624174118, 415.351501465, 169.229125977, 83.5659561157, 24.7955627441, 158.288986206, 82.400604248, 24.4272766113, 14.4957265854, 23.2609958649, 23.3185977936], [69.8179016113, 87.1018600464, 78.1821594238, 169.229125977, 282.643341064, 98.9775772095, 25.360918045, 78.6597518921, 73.6446838379, 11.9349851608, 20.1104621887, 36.400970459, 8.37928581238], [-4.64423370361, 59.5861549377, 190.565353394, 83.5659561157, 98.9775772095, 309.913635254, 76.5722351074, 48.4396438599, 16.5251541138, -4.86142635345, 66.0352096558, -6.93768262863, 25.5039196014], [53.7902336121, 130.911087036, 25.3608207703, 24.7955627441, 25.360918045, 76.5722351074, 263.581817627, 14.201335907, 14.7218818665, 90.8595733643, 3.5815577507, 9.45389842987, 23.7347354889], [82.9854812622, 9.23712444305, -11.213511467, 158.288986206, 78.6597518921, 48.4396438599, 14.201335907, 237.144714355, 72.7123794556, 16.2704963684, 20.7316799164, 24.2570877075, 21.6427307129], [-195.903488159, 17.6055774689, 68.9347610474, 82.400604248, 73.6446838379, 16.5251541138, 14.7218818665, 72.7123794556, 205.470947266, 17.823059082, 30.9439430237, 26.3894615173, 23.727853775], [-27.343952179, 73.5380859375, -88.8713378906, 24.4272766113, 11.9349851608, -4.86142635345, 90.8595733643, 16.2704963684, 17.823059082, 203.065124512, 39.746761322, 22.0100975037, 23.9529056549], [-56.9773674011, -16.7281036377, 55.0505905151, 14.4957265854, 20.1104621887, 66.0352096558, 3.5815577507, 20.7316799164, 30.9439430237, 39.746761322, 153.722702026, 42.077331543, 17.5374889374], [-8.04553604126, -33.7063140869, -17.0119171143, 23.2609958649, 36.400970459, -6.93768262863, 9.45389842987, 24.2570877075, 26.3894615173, 22.0100975037, 42.077331543, 127.11126709, 39.7512588501], [-95.1608428955, -12.14179039, -11.5724315643, 23.3185977936, 8.37928581238, 25.5039196014, 23.7347354889, 21.6427307129, 23.727853775, 23.9529056549, 17.5374889374, 39.7512588501, 115.875190735]], "icov": [[0.000194201275008, 0.00025934696896, 0.000140149117215, -0.000102557227365, -0.000133543173433, -3.73406764993e-05, -0.000197714776732, -2.84465932054e-05, 0.000194326436031, 5.35426843271e-05, 9.11449387786e-06, 5.54588186787e-05, 0.000213716979488], [0.00025934696896, 0.000797468295787, 0.000119793803606, -0.000372410431737, -0.000216884407564, -1.21448429127e-05, -0.0004427919921, 8.79241124494e-05, 0.000295704463497, -5.52181809326e-05, 6.5547414124e-05, 0.00020803953521, 0.000345659034792], [0.000140149117215, 0.000119793803606, 0.00100625876803, 0.000195213884581, -0.000257236592006, -0.000525478506461, -0.000216928761802, 8.60752697918e-05, -0.000233792947256, 0.000499464164022, -0.000210237150895, 0.000126999730128, 0.000284352921881], [-0.000102557227365, -0.000372410431737, 0.000195213884581, 0.00419440725818, -0.00163996231277, -0.000419983553002, 0.000286985799903, -0.00195912690833, -0.000517269945703, -0.000158297960297, 0.000264155649347, 0.000115855043987, -0.000370744586689], [-0.000133543173433, -0.000216884407564, -0.000257236592006, -0.00163996231277, 0.00565852038562, -0.00145920249633, 0.000356542470399, -2.12887534872e-05, -0.00125433818903, -0.000330533046508, 0.000769225589465, -0.00171357474755, 0.000811468751635], [-3.73406764993e-05, -1.21448429127e-05, -0.000525478506461, -0.000419983553002, -0.00145920249633, 0.00526846246794, -0.0016345246695, -0.000414745620219, 0.000880539068021, 0.00118477642536, -0.00258935499005, 0.00177813100163, -0.00128501106519], [-0.000197714776732, -0.0004427919921, -0.000216928761802, 0.000286985799903, 0.000356542470399, -0.0016345246695, 0.00545894121751, 7.39196766517e-05, -0.000464705080958, -0.00262529309839, 0.00143758032937, -0.000604309898335, -0.000458598951809], [-2.84465932054e-05, 8.79241124494e-05, 8.60752697918e-05, -0.00195912690833, -2.12887534872e-05, -0.000414745620219, 7.39196766517e-05, 0.00609737168998, -0.00130198220722, -9.33176343096e-05, -6.40989092062e-05, -0.000412825029343, -0.000235240557231], [0.000194326436031, 0.000295704463497, -0.000233792947256, -0.000517269945703, -0.00125433818903, 0.000880539068021, -0.000464705080958, -0.00130198220722, 0.00640912074596, -4.25716780228e-06, -0.00102051254362, 6.24597450951e-05, -0.000671911460813], [5.35426843271e-05, -5.52181809326e-05, 0.000499464164022, -0.000158297960297, -0.000330533046508, 0.00118477642536, -0.00262529309839, -9.33176343096e-05, -4.25716780228e-06, 0.00693233171478, -0.00231978995726, 0.000253597885603, -0.000729806954041], [9.11449387786e-06, 6.5547414124e-05, -0.000210237150895, 0.000264155649347, 0.000769225589465, -0.00258935499005, 0.00143758032937, -6.40989092062e-05, -0.00102051254362, -0.00231978995726, 0.00914437416941, -0.00309682870284, 0.000538891064934], [5.54588186787e-05, 0.00020803953521, 0.000126999730128, 0.000115855043987, -0.00171357474755, 0.00177813100163, -0.000604309898335, -0.000412825029343, 6.24597450951e-05, 0.000253597885603, -0.00309682870284, 0.0106172896922, -0.00324864918366], [0.000213716979488, 0.000345659034792, 0.000284352921881, -0.000370744586689, 0.000811468751635, -0.00128501106519, -0.000458598951809, -0.000235240557231, -0.000671911460813, -0.000729806954041, 0.000538891064934, -0.00324864918366, 0.0106280790642]], "mean": [-671.141906738, 94.3174667358, -6.99935483932, 11.8246603012, 1.99354064465, -2.57625937462, 3.17721390724, 9.88498783112, 3.80565667152, 11.3361253738, -2.21598434448, 0.899188876152, 0.61799633503]}, "pitch_salience": {"dmean": 0.0636002570391, "dmean2": 0.0928271636367, "dvar": 0.00560804223642, "dvar2": 0.00978189799935, "max": 0.845809221268, "mean": 0.503347814083, "median": 0.517520785332, "min": 0.0484784021974, "var": 0.0204167477787}, "silence_rate_20dB": {"dmean": 0, "dmean2": 0, "dvar": 0, "dvar2": 0, "max": 1, "mean": 1, "median": 1, "min": 1, "var": 0}, "silence_rate_30dB": {"dmean": 0.028198800981, "dmean2": 0.0564042292535, "dvar": 0.0274027120322, "dvar2": 0.0717857405543, "max": 1, "mean": 0.980968058109, "median": 1, "min": 0, "var": 0.0186697226018}, "silence_rate_60dB": {"dmean": 0.0321936309338, "dmean2": 0.0643948316574, "dvar": 0.031158098951, "dvar2": 0.0698872059584, "max": 1, "mean": 0.199248120189, "median": 0, "min": 0, "var": 0.159527316689}, "spectral_centroid": {"dmean": 240.346511841, "dmean2": 346.63168335, "dvar": 94927.6015625, "dvar2": 184004.78125, "max": 11531.9257813, "mean": 1940.78283691, "median": 2023.11120605, "min": 203.371780396, "var": 800879.5}, "spectral_complexity": {"dmean": 2.99588775635, "dmean2": 4.64582824707, "dvar": 16.2730865479, "dvar2": 36.499332428, "max": 55, "mean": 15.6965456009, "median": 15, "min": 0, "var": 86.8621902466}, "spectral_contrast_coeffs": {"dmean": [0.0449526533484, 0.0395228862762, 0.0377801731229, 0.0330942869186, 0.025381013751, 0.0178171675652], "dmean2": [0.0685618892312, 0.063558280468, 0.0594757162035, 0.0523454733193, 0.0388158895075, 0.0280183833092], "dvar": [0.00198898930103, 0.00118417677004, 0.00102654960938, 0.000839858257677, 0.000515227264259, 0.000290766765829], "dvar2": [0.00442686770111, 0.00295897456817, 0.00246992195025, 0.00197693961672, 0.00108389579691, 0.000682395184413], "max": [-0.361031770706, -0.345190733671, -0.437243521214, -0.452936381102, -0.53025084734, -0.58118802309], "mean": [-0.668279111385, -0.739850461483, -0.716510295868, -0.725612282753, -0.741828739643, -0.779926121235], "median": [-0.676588535309, -0.751409888268, -0.719924271107, -0.732996940613, -0.74402821064, -0.783101558685], "min": [-0.970148742199, -0.968773722649, -0.974444329739, -0.965192377567, -0.962825775146, -0.963686704636], "var": [0.00780323846266, 0.00625872425735, 0.00515694357455, 0.00523478258401, 0.00414414564148, 0.00179122481495]}, "spectral_contrast_valleys": {"dmean": [0.409986704588, 0.36654150486, 0.3245832026, 0.294710785151, 0.248692691326, 0.25400018692], "dmean2": [0.616964101791, 0.580357193947, 0.515371382236, 0.463343769312, 0.371699482203, 0.33540776372], "dvar": [0.182398304343, 0.13947455585, 0.100574016571, 0.0916181355715, 0.0742053240538, 0.111271604896], "dvar2": [0.338712543249, 0.318694293499, 0.224003568292, 0.19773645699, 0.152309060097, 0.183353096247], "max": [-5.50126552582, -5.1951417923, -5.73891782761, -6.11633825302, -5.71442174911, -7.6796836853], "mean": [-8.25583934784, -7.3874206543, -7.95194196701, -8.42154312134, -8.07943725586, -10.1980266571], "median": [-8.20743465424, -7.27324819565, -7.79017448425, -8.17440223694, -7.69537734985, -9.94203567505], "min": [-28.3578548431, -27.9131755829, -27.2140541077, -27.5447463989, -27.4236469269, -27.3255519867], "var": [1.64813268185, 1.20136928558, 1.38683915138, 1.68561685085, 2.0645878315, 2.67445397377]}, "spectral_decrease": {"dmean": 1.96247063045e-09, "dmean2": 2.34875363603e-09, "dvar": 1.54058038118e-17, "dvar2": 2.15302705738e-17, "max": 1.17274388212e-28, "mean": -4.95288743352e-09, "median": -2.80413381404e-09, "min": -4.94326961586e-08, "var": 4.3276226838e-17}, "spectral_energy": {"dmean": 0.00778734032065, "dmean2": 0.00927876401693, "dvar": 0.000221673457418, "dvar2": 0.000308627815684, "max": 0.196791887283, "mean": 0.0210881698877, "median": 0.0127750048414, "min": 1.02160456877e-20, "var": 0.000673393660691}, "spectral_energyband_high": {"dmean": 0.000635782897007, "dmean2": 0.000909814029001, "dvar": 1.58055581778e-06, "dvar2": 3.55531824425e-06, "max": 0.0194519218057, "mean": 0.00152353127487, "median": 0.000815939740278, "min": 7.16951768126e-21, "var": 3.87972158933e-06}, "spectral_energyband_low": {"dmean": 0.00613778363913, "dmean2": 0.00751725584269, "dvar": 0.000262344809016, "dvar2": 0.000399571290473, "max": 0.171488150954, "mean": 0.00881621148437, "median": 0.00108374468982, "min": 6.39107061405e-24, "var": 0.000510936486535}, "spectral_energyband_middle_high": {"dmean": 0.00159492075909, "dmean2": 0.00229043210857, "dvar": 5.69080611967e-06, "dvar2": 1.13215673991e-05, "max": 0.0546281822026, "mean": 0.00664125103503, "median": 0.00293366448022, "min": 1.20955353449e-21, "var": 5.92032884015e-05}, "spectral_energyband_middle_low": {"dmean": 0.00194062443916, "dmean2": 0.00310886884108, "dvar": 1.45407775562e-05, "dvar2": 3.68340297427e-05, "max": 0.0723125264049, "mean": 0.00478337472305, "median": 0.00248051667586, "min": 2.67894159431e-22, "var": 4.35172769357e-05}, "spectral_entropy": {"dmean": 0.143793746829, "dmean2": 0.198004037142, "dvar": 0.0227359589189, "dvar2": 0.0392602421343, "max": 9.81896400452, "mean": 7.52216291428, "median": 7.5670671463, "min": 5.22870254517, "var": 0.384166628122}, "spectral_flux": {"dmean": 0.0254745781422, "dmean2": 0.0373876467347, "dvar": 0.0011236827122, "dvar2": 0.00226597907022, "max": 0.355667024851, "mean": 0.0759302973747, "median": 0.0608301535249, "min": 6.57718116082e-11, "var": 0.00407653022557}, "spectral_kurtosis": {"dmean": 1.54015219212, "dmean2": 2.52687764168, "dvar": 6.76876354218, "dvar2": 18.1808300018, "max": 101.705780029, "mean": 4.82177066803, "median": 3.53687262535, "min": -1.26607906818, "var": 44.4876823425}, "spectral_rms": {"dmean": 0.000661723723169, "dmean2": 0.00075990811456, "dvar": 9.24732091789e-07, "dvar2": 1.09659401915e-06, "max": 0.0138561213389, "mean": 0.00386630138382, "median": 0.00353035656735, "min": 3.15703561383e-12, "var": 5.62556351724e-06}, "spectral_rolloff": {"dmean": 708.227294922, "dmean2": 1102.8269043, "dvar": 1568498.5, "dvar2": 2828216.75, "max": 19143.0175781, "mean": 2828.32299805, "median": 2239.453125, "min": 64.599609375, "var": 6483106.5}, "spectral_skewness": {"dmean": 0.192859217525, "dmean2": 0.305352270603, "dvar": 0.0467753373086, "dvar2": 0.116694711149, "max": 8.57411956787, "mean": 1.53199648857, "median": 1.41962552071, "min": -0.167836770415, "var": 0.502179682255}, "spectral_spread": {"dmean": 597304.3125, "dmean2": 819839.3125, "dvar": 695317233664, "dvar2": 1192555446270.0, "max": 42336448, "mean": 5184210.5, "median": 4780111, "