{"lowlevel": {"average_loudness": 0.546618580818, "barkbands": {"dmean": [2.1944175387e-05, 0.000987735926174, 0.000890308176167, 0.000498879002407, 0.000901375140529, 0.000837108469568, 0.000620685925242, 0.000584126799367, 0.0011277719168, 0.000694016984198, 0.000805968476925, 0.000489795289468, 0.000411918241298, 0.000399139622459, 0.000301002379274, 0.00019102456281, 0.000122705343529, 0.000100249322713, 0.000105005980004, 5.60955231776e-05, 1.90352184291e-05, 1.64589164342e-05, 2.11985970964e-05, 2.10029083973e-05, 1.65364563145e-05, 1.5768882804e-05, 3.25602218254e-06], "dmean2": [3.74409901269e-05, 0.00161951303016, 0.00154528021812, 0.000864773057401, 0.00150221015792, 0.00123466353398, 0.000888979411684, 0.00084742740728, 0.00163801049348, 0.00103346817195, 0.00120838149451, 0.000719509378541, 0.000619910017122, 0.000606402696576, 0.000474853935884, 0.000294470228255, 0.000190124599612, 0.000155968649779, 0.000160016672453, 8.64458634169e-05, 2.87695384031e-05, 2.42236746999e-05, 3.1136245525e-05, 3.01760774164e-05, 2.35958304984e-05, 2.29528141062e-05, 5.00929809277e-06], "dvar": [4.76471306854e-09, 8.45593967824e-06, 8.5088704509e-06, 1.92427978618e-06, 7.79172660259e-06, 3.10065001941e-06, 2.02656497095e-06, 3.03792057821e-06, 7.11528355168e-06, 4.03696276408e-06, 4.72937244922e-06, 1.99188593797e-06, 2.43989347837e-06, 1.17272281841e-06, 5.74482157845e-07, 2.62860766043e-07, 2.09506069382e-07, 5.84056003561e-08, 5.62958497596e-08, 1.43415848086e-08, 2.39394992718e-09, 3.8562912863e-09, 8.66988969506e-09, 1.01213855075e-08, 3.98917965327e-09, 4.53559900748e-09, 3.18306658809e-10], "dvar2": [1.28646071573e-08, 2.10576690733e-05, 2.30404566537e-05, 5.36337938684e-06, 2.04348871193e-05, 6.81291157889e-06, 3.8817697714e-06, 6.28131692793e-06, 1.50459673023e-05, 8.59453939484e-06, 1.05792878458e-05, 4.05867876907e-06, 5.52770416107e-06, 2.50832658821e-06, 1.33067896968e-06, 5.70970541958e-07, 4.45185918352e-07, 1.38765528845e-07, 1.20649872315e-07, 3.15278398944e-08, 5.43133849007e-09, 7.58638485365e-09, 1.75691834414e-08, 1.83600015191e-08, 7.15884596048e-09, 8.49549586235e-09, 6.19427009685e-10], "max": [0.00132753804792, 0.0535954684019, 0.0682992860675, 0.0415520817041, 0.051645424217, 0.0459805391729, 0.0532036088407, 0.0898458063602, 0.0669588819146, 0.0501607693732, 0.0622440800071, 0.0371020510793, 0.0901433005929, 0.0432152971625, 0.0192175656557, 0.0142399165779, 0.0171283129603, 0.00577828241512, 0.0089813163504, 0.00371588952839, 0.0016175233759, 0.00290002324618, 0.00436170073226, 0.00661181006581, 0.00357767310925, 0.00365831749514, 0.0010053756414], "mean": [2.64047084784e-05, 0.00154442118946, 0.00144638400525, 0.000721150601748, 0.00146346609108, 0.00192752573639, 0.00147655967157, 0.00119325646665, 0.00241182744503, 0.00134085235186, 0.00159754301421, 0.000916845514439, 0.000780435802881, 0.000782104558311, 0.000518953194842, 0.0003452738747, 0.000227154319873, 0.000192255494767, 0.000230867372011, 0.000124904123368, 3.95509523514e-05, 3.23260464938e-05, 4.0697548684e-05, 4.30528525612e-05, 3.36134471581e-05, 2.65290836978e-05, 4.27379245593e-06], "median": [8.78890750755e-06, 0.000862102664541, 0.000627560657449, 0.000229110548389, 0.000627288362011, 0.000786438933574, 0.000522505491972, 0.000270950666163, 0.000608291709796, 0.000219460926019, 0.000204473675694, 0.000141731637996, 0.000100893637864, 0.000118521827972, 0.000111216591904, 7.57737725507e-05, 3.82792932214e-05, 4.21382574132e-05, 6.62934617139e-05, 3.6838107917e-05, 1.10829823825e-05, 7.75187982072e-06, 8.89545208338e-06, 4.80714425066e-06, 4.27042323281e-06, 2.18821992348e-06, 9.60245216675e-08], "min": [4.1788402688e-25, 1.94883649292e-24, 1.33387800211e-24, 1.7326162269e-24, 6.45274730949e-24, 9.93661344674e-24, 1.32240287639e-23, 4.10170199822e-24, 2.14531906466e-23, 2.40354305788e-23, 1.52163474671e-23, 1.9689090981e-23, 2.89142859976e-23, 3.35874254249e-23, 5.96091194107e-23, 5.85215074143e-23, 5.96399228513e-23, 9.05806378976e-23, 1.04062371742e-22, 1.62311892538e-22, 2.35459808836e-22, 3.64570868279e-22, 3.68401703053e-22, 5.51823021165e-22, 8.96172645519e-22, 1.38308172905e-21, 1.95810917579e-21], "var": [3.78483777652e-09, 8.03304737929e-06, 7.56581948735e-06, 2.25609801419e-06, 8.09201173979e-06, 1.10282517198e-05, 9.07043340703e-06, 1.50187161125e-05, 2.23185616051e-05, 9.68212680164e-06, 1.56766600412e-05, 6.58056114844e-06, 6.15055978415e-06, 4.93198967888e-06, 1.30920147967e-06, 6.80949426624e-07, 5.3644731679e-07, 1.7606963354e-07, 1.8435591187e-07, 4.97264736055e-08, 6.51250298134e-09, 9.97250459989e-09, 2.27892211768e-08, 4.69103937917e-08, 1.73495653399e-08, 1.45222083248e-08, 8.51824166759e-10]}, "barkbands_crest": {"dmean": 2.09115982056, "dmean2": 3.28557682037, "dvar": 4.32478952408, "dvar2": 10.5050868988, "max": 25.5630073547, "mean": 9.6369638443, "median": 8.79155635834, "min": 2.68933558464, "var": 15.3037891388}, "barkbands_flatness_db": {"dmean": 0.0170930810273, "dmean2": 0.0247352365404, "dvar": 0.000351341499481, "dvar2": 0.000716830545571, "max": 0.420680463314, "mean": 0.153955116868, "median": 0.147227063775, "min": 0.0244359560311, "var": 0.00285715609789}, "barkbands_kurtosis": {"dmean": 1.97723531723, "dmean2": 3.13184523582, "dvar": 21.7362136841, "dvar2": 53.6894416809, "max": 145.522003174, "mean": 3.25019407272, "median": 1.52848505974, "min": -1.9218518734, "var": 44.4425239563}, "barkbands_skewness": {"dmean": 0.410208314657, "dmean2": 0.612920105457, "dvar": 0.274239838123, "dvar2": 0.618245661259, "max": 11.6449728012, "mean": 0.975492715836, "median": 0.856677651405, "min": -3.66710591316, "var": 1.28777801991}, "barkbands_spread": {"dmean": 3.50233674049, "dmean2": 5.2346496582, "dvar": 30.9429321289, "dvar2": 60.5205192566, "max": 146.515823364, "mean": 16.210855484, "median": 13.7463054657, "min": 0.639593541622, "var": 141.109069824}, "dissonance": {"dmean": 0.02592160739, "dmean2": 0.0433624461293, "dvar": 0.000607171212323, "dvar2": 0.00164955470245, "max": 0.500000059605, "mean": 0.440271139145, "median": 0.447456598282, "min": 0.171616718173, "var": 0.00157137587667}, "dynamic_complexity": 5.70226812363, "erbbands": {"dmean": [0.0207644850016, 0.265567928553, 0.979100525379, 1.28415393829, 2.57797956467, 3.10843253136, 4.42356729507, 8.1742067337, 8.62950611115, 8.79223632812, 16.7729644775, 24.9039764404, 21.1403980255, 26.0915985107, 24.4126586914, 18.5126361847, 15.6841993332, 17.3613414764, 17.0775260925, 12.7480230331, 8.66337871552, 5.73346662521, 4.40625190735, 6.37893295288, 3.59097599983, 2.47152543068, 1.07182919979, 0.630021870136, 0.595893681049, 0.584564387798, 0.635213077068, 0.461617261171, 0.354895889759, 0.218140602112, 0.107822462916, 0.0620199665427, 0.0322152078152, 0.00690735178068, 0.000499659858178, 2.32067541219e-05], "dmean2": [0.0322670675814, 0.449296563864, 1.70100712776, 2.21565771103, 4.43790578842, 5.2169418335, 6.56954288483, 12.135761261, 12.5719528198, 12.7449226379, 23.5362281799, 36.0900421143, 30.3158245087, 38.2201271057, 36.2204055786, 26.6332969666, 23.0123882294, 25.5670948029, 25.6264591217, 19.3802337646, 12.9528913498, 8.72689723969, 6.73710680008, 9.50882339478, 5.37861871719, 3.74676442146, 1.61507892609, 0.934580087662, 0.885110735893, 0.842305541039, 0.936395823956, 0.674307763577, 0.518915235996, 0.315607309341, 0.154816731811, 0.0868862345815, 0.0485638342798, 0.0105966618285, 0.000782693503425, 3.46138076566e-05], "dvar": [0.0036201577168, 0.647696197033, 10.0658655167, 14.1474313736, 59.1749649048, 112.653862, 84.8734588623, 363.62878418, 419.677612305, 654.164672852, 1804.17102051, 4216.43164062, 3111.73046875, 5063.828125, 4550.54785156, 2875.62939453, 3410.26953125, 1980.07409668, 3233.78466797, 937.520568848, 583.20513916, 364.162994385, 117.562240601, 226.175292969, 57.4107818604, 31.9696388245, 7.7479763031, 2.80300521851, 4.71880197525, 6.09399080276, 8.4469575882, 4.34569978714, 3.185557127, 0.788444936275, 0.16903115809, 0.0568923801184, 0.0237310323864, 0.00124931591563, 9.75543571258e-06, 1.44576324246e-08], "dvar2": [0.00823356956244, 1.70681536198, 27.2183837891, 39.1677932739, 157.095779419, 307.871368408, 197.451080322, 785.086303711, 853.957580566, 1458.08044434, 3355.08422852, 8886.13183594, 6518.77441406, 11537.8613281, 9949.4375, 5797.25292969, 7754.28320312, 4058.36889648, 7661.63720703, 2138.46679688, 1211.98303223, 795.436157227, 281.260070801, 486.815124512, 124.447151184, 68.1379394531, 16.1426792145, 5.84066915512, 9.29448986053, 11.2187805176, 17.7999343872, 8.46302700043, 6.18883657455, 1.37367534637, 0.32994478941, 0.0986137762666, 0.0495813377202, 0.00273713376373, 2.00611557375e-05, 2.83505041665e-08], "max": [0.828747868538, 15.6656455994, 70.47706604, 84.2791442871, 174.393508911, 193.901947021, 224.557876587, 600.69543457, 904.411560059, 919.319030762, 2270.02929688, 2120.8425293, 1627.60864258, 1825.9074707, 2795.61157227, 1663.43969727, 3543.06030273, 1823.36584473, 2134.29736328, 786.444030762, 825.420898438, 614.36517334, 408.29006958, 647.675109863, 248.698043823, 140.661773682, 105.049194336, 57.978351593, 90.7090454102, 167.449966431, 132.095428467, 115.996498108, 117.192199707, 67.2638931274, 14.1352567673, 12.8702936172, 7.89936923981, 2.35287499428, 0.203606635332, 0.00648654298857], "mean": [0.0325203537941, 0.39998793602, 1.66294765472, 1.9738407135, 3.40097522736, 4.88018369675, 9.50422954559, 18.8728904724, 20.5090694427, 21.4591293335, 37.4640274048, 52.1190834045, 43.6635437012, 55.6557502747, 49.6816139221, 36.9724464417, 32.9723510742, 38.9547119141, 32.6965065002, 25.2593193054, 18.5570449829, 12.3916969299, 9.86288928986, 14.2737073898, 8.93854618073, 5.68117618561, 2.31761622429, 1.35958719254, 1.1717467308, 1.14282548428, 1.18609571457, 0.895420372486, 0.712491095066, 0.432439237833, 0.211633473635, 0.111953988671, 0.0500255152583, 0.0100500984117, 0.000660318008158, 4.6855515393e-05], "median": [0.0166994221509, 0.222308158875, 0.814501404762, 0.832237303257, 1.46374058723, 1.96740829945, 4.12234401703, 6.55164718628, 8.37143707275, 6.53062915802, 11.2210283279, 13.7030191422, 11.7648601532, 10.1463527679, 9.29350566864, 7.02326917648, 6.30009460449, 6.83542060852, 7.92463779449, 6.89045476913, 4.57880163193, 2.52854633331, 2.56268215179, 3.60606122017, 2.99723482132, 1.6752011776, 0.688678503036, 0.376990258694, 0.287955284119, 0.281675666571, 0.240909546614, 0.117964670062, 0.0782684460282, 0.052247941494, 0.0256548337638, 0.0118554476649, 0.00333817582577, 0.000460048031528, 2.84280577034e-05, 2.06038312172e-05], "min": [7.54104387935e-23, 3.08970639015e-22, 2.61782489229e-21, 5.05926078909e-21, 2.28270732856e-20, 2.66505492617e-20, 3.96407600067e-20, 9.3993062917e-20, 1.82214124143e-19, 2.94048077006e-19, 3.24921249201e-19, 4.47923833468e-19, 5.66737471716e-19, 8.75642746498e-19, 7.91277665246e-19, 1.18785214254e-18, 1.56175184148e-18, 1.67340354319e-18, 3.31988980207e-18, 3.45276726849e-18, 3.36415740653e-18, 3.70138177827e-18, 5.50736603684e-18, 5.81010090614e-18, 7.3439932012e-18, 7.79879943585e-18, 1.04102078025e-17, 1.13041815952e-17, 1.15361710154e-17, 1.20756623468e-17, 1.08379122916e-17, 1.11310808171e-17, 7.96258036996e-18, 8.45555850834e-18, 6.54288614873e-18, 4.31229684685e-18, 2.48945774933e-18, 1.02254619758e-18, 2.31078875327e-19, 2.88274317556e-20], "var": [0.00392595073208, 0.552742481232, 9.0430393219, 14.5669240952, 52.245967865, 107.848190308, 225.958816528, 1379.71459961, 1609.83935547, 2501.36743164, 8112.34375, 12663.9238281, 8008.82958984, 17166.1210938, 15359.4111328, 8928.12792969, 8625.85546875, 10896.1875, 6200.81298828, 2807.39257812, 2127.84790039, 1314.41674805, 448.748474121, 899.78326416, 214.469848633, 105.589881897, 22.4329662323, 8.34858417511, 12.2107906342, 16.4696884155, 20.6992874146, 16.4845695496, 13.6285686493, 3.723726511, 0.607423067093, 0.192895948887, 0.0652266070247, 0.00295057496987, 2.4390514227e-05, 3.8030950833e-08]}, "erbbands_crest": {"dmean": 2.67024230957, "dmean2": 4.18771743774, "dvar": 6.90690135956, "dvar2": 16.4862537384, "max": 31.3837375641, "mean": 11.2888374329, "median": 10.2494916916, "min": 2.36537718773, "var": 24.9555168152}, "erbbands_flatness_db": {"dmean": 0.0179128907621, "dmean2": 0.0249781087041, "dvar": 0.000365473882994, "dvar2": 0.000665834522806, "max": 0.409486681223, "mean": 0.192960098386, "median": 0.194486051798, "min": 0.0211733262986, "var": 0.00278213527054}, "erbbands_kurtosis": {"dmean": 1.12073719501, "dmean2": 1.71852505207, "dvar": 2.47748827934, "dvar2": 5.51661062241, "max": 57.1825447083, "mean": 1.56377887726, "median": 0.708406090736, "min": -1.84886157513, "var": 10.6605577469}, "erbbands_skewness": {"dmean": 0.334654450417, "dmean2": 0.50605905056, "dvar": 0.110897250473, "dvar2": 0.242185220122, "max": 6.74331331253, "mean": 0.598648309708, "median": 0.582819223404, "min": -3.93667435646, "var": 0.660107135773}, "erbbands_spread": {"dmean": 5.19863653183, "dmean2": 7.75052165985, "dvar": 54.8963813782, "dvar2": 116.475341797, "max": 150.79069519, "mean": 24.695142746, "median": 21.4215011597, "min": 2.45694208145, "var": 222.477828979}, "gfcc": {"cov": [[26662.4609375, 81.2657165527, -1589.98730469, 408.4480896, -923.993591309, 534.106872559, -462.262908936, 624.083679199, -502.227874756, 239.598129272, -250.311233521, 79.1178283691, -443.680603027], [81.2657165527, 1656.15002441, -224.355545044, 5.12899208069, 246.853256226, -155.30519104, 107.074378967, -154.31048584, 74.4589004517, -72.9673080444, 96.3099975586, -92.9890518188, 89.5508270264], [-1589.98730469, -224.355545044, 1165.54638672, 155.981704712, 79.1832427979, 151.912414551, -58.8077049255, 41.0992469788, 41.3753929138, -11.6029834747, -54.9180908203, 37.7870903015, -35.0249519348], [408.4480896, 5.12899208069, 155.981704712, 367.617248535, 78.0716629028, 58.8900947571, -7.52579307556, 59.9196739197, 29.8249645233, -6.55846595764, 6.7990231514, -8.77929115295, -26.9693641663], [-923.993591309, 246.853256226, 79.1832427979, 78.0716629028, 366.905731201, -2.6995677948, 79.1710662842, -42.0981483459, 24.7451820374, 11.9767351151, 26.9215106964, -10.921959877, 3.4509871006], [534.106872559, -155.30519104, 151.912414551, 58.8900947571, -2.6995677948, 265.909637451, 78.5385360718, 44.4617462158, -19.3463840485, 37.4556770325, -24.6611442566, -11.4412555695, -23.9908256531], [-462.262908936, 107.074378967, -58.8077049255, -7.52579307556, 79.1710662842, 78.5385360718, 235.049835205, 14.4601039886, 24.8777084351, 28.1300029755, 7.86339187622, -32.4486503601, 5.17259263992], [624.083679199, -154.31048584, 41.0992469788, 59.9196739197, -42.0981483459, 44.4617462158, 14.4601039886, 187.427597046, 30.6246128082, 9.68059921265, -22.2206172943, 2.44578194618, -26.0437088013], [-502.227874756, 74.4589004517, 41.3753929138, 29.8249645233, 24.7451820374, -19.3463840485, 24.8777084351, 30.6246128082, 127.189903259, 18.1243610382, 12.0968742371, -5.29995059967, 10.7962064743], [239.598129272, -72.9673080444, -11.6029834747, -6.55846595764, 11.9767351151, 37.4556770325, 28.1300029755, 9.68059921265, 18.1243610382, 131.452789307, 37.3106384277, 7.83005046844, -19.9363822937], [-250.311233521, 96.3099975586, -54.9180908203, 6.7990231514, 26.9215106964, -24.6611442566, 7.86339187622, -22.2206172943, 12.0968742371, 37.3106384277, 115.955619812, 22.3060207367, 12.8407011032], [79.1178283691, -92.9890518188, 37.7870903015, -8.77929115295, -10.921959877, -11.4412555695, -32.4486503601, 2.44578194618, -5.29995059967, 7.83005046844, 22.3060207367, 90.8940200806, 9.12665939331], [-443.680603027, 89.5508270264, -35.0249519348, -26.9693641663, 3.4509871006, -23.9908256531, 5.17259263992, -26.0437088013, 10.7962064743, -19.9363822937, 12.8407011032, 9.12665939331, 95.9305267334]], "icov": [[9.47675507632e-05, -0.000165691060829, 0.000185667144251, -0.000145841942867, 0.000189382466488, -0.000274229503702, 0.000288630923023, -0.000313140801154, 0.000356813252438, -0.000312972493703, 0.000344771746313, -0.000312764459522, 0.000322199426591], [-0.000165691060829, 0.0012313851621, -0.000235145824263, 0.000215235369978, -0.000762711279094, 0.000782346411142, -0.00076424452709, 0.00104748329613, -0.00108137528878, 0.00120681233238, -0.0013628329616, 0.00149415689521, -0.000979715958238], [0.000185667144251, -0.000235145824263, 0.00149395258632, -0.000515261315741, -8.3800041466e-06, -0.00132824038155, 0.00112438737415, -0.000469003687613, 1.56139685714e-05, -0.000309228751576, 0.00111337180715, -0.00115864886902, 0.000854171812534], [-0.000145841942867, 0.000215235369978, -0.000515261315741, 0.00371150462888, -0.00116759561934, -0.000454597000498, 0.000343927531503, -0.000615802942775, -0.00118756375741, 0.00127375288866, -0.00142652262002, 0.00101112748962, 0.000215563573875], [0.000189382466488, -0.000762711279094, -8.3800041466e-06, -0.00116759561934, 0.00407345360145, -4.7463095143e-06, -0.000826124858577, 0.000243539325311, 0.000763639633078, -0.00112785515375, 0.000632458075415, -0.00097162113525, 0.000906960398424], [-0.000274229503702, 0.000782346411142, -0.00132824038155, -0.000454597000498, -4.7463095143e-06, 0.00664400216192, -0.00325282569975, 0.000391834153561, 0.000820470973849, -0.000746960227843, -0.000146518170368, 0.00146338809282, -0.0010350625962], [0.000288630923023, -0.00076424452709, 0.00112438737415, 0.000343927531503, -0.000826124858577, -0.00325282569975, 0.00713753467426, -0.00167035334744, -8.38449050207e-05, -0.00139752728865, 0.000774246174842, 0.000492063176353, 0.000502007256728], [-0.000313140801154, 0.00104748329613, -0.000469003687613, -0.000615802942775, 0.000243539325311, 0.000391834153561, -0.00167035334744, 0.00811097212136, -0.00332163041458, 0.0012269874569, -0.00020115627558, 0.0004714455863, 0.000221729686018], [0.000356813252438, -0.00108137528878, 1.56139685714e-05, -0.00118756375741, 0.000763639633078, 0.000820470973849, -8.38449050207e-05, -0.00332163041458, 0.0113409198821, -0.00326925562695, 0.0011403526878, -0.00057620415464, -0.000441541924374], [-0.000312972493703, 0.00120681233238, -0.000309228751576, 0.00127375288866, -0.00112785515375, -0.000746960227843, -0.00139752728865, 0.0012269874569, -0.00326925562695, 0.0114536797628, -0.00513520557433, 0.000951707654167, 0.00127843674272], [0.000344771746313, -0.0013628329616, 0.00111337180715, -0.00142652262002, 0.000632458075415, -0.000146518170368, 0.000774246174842, -0.00020115627558, 0.0011403526878, -0.00513520557433, 0.0132620148361, -0.00472091976553, 0.00019490235718], [-0.000312764459522, 0.00149415689521, -0.00115864886902, 0.00101112748962, -0.00097162113525, 0.00146338809282, 0.000492063176353, 0.0004714455863, -0.00057620415464, 0.000951707654167, -0.00472091976553, 0.0149572510272, -0.00300617725588], [0.000322199426591, -0.000979715958238, 0.000854171812534, 0.000215563573875, 0.000906960398424, -0.0010350625962, 0.000502007256728, 0.000221729686018, -0.000441541924374, 0.00127843674272, 0.00019490235718, -0.00300617725588, 0.0135183567181]], "mean": [-70.3471221924, 110.874725342, -123.073265076, 8.2598772049, -51.9850654602, 6.54370880127, -34.2033081055, 10.9723749161, -22.8847923279, 3.18744707108, -12.9029636383, -2.59977197647, -10.7047395706]}, "hfc": {"dmean": 3.94459581375, "dmean2": 5.43472528458, "dvar": 42.58984375, "dvar2": 77.2738113403, "max": 185.030715942, "mean": 16.309173584, "median": 10.3487052917, "min": 1.09015224807e-16, "var": 317.351654053}, "melbands": {"dmean": [0.000225677329581, 0.000457012356492, 0.000259128806647, 0.000201220362214, 0.000148299397551, 0.000175342342118, 0.000127616294776, 0.000100599434518, 0.000160768599017, 0.000154533146997, 0.000107347223093, 0.000106344108644, 9.36566430028e-05, 5.91066818743e-05, 4.46039084636e-05, 3.92810688936e-05, 3.46568449459e-05, 3.26487206621e-05, 2.26821757678e-05, 1.45671201608e-05, 1.08496369648e-05, 7.32366879674e-06, 4.29743295172e-06, 4.88160958412e-06, 5.97455800744e-06, 3.55718157152e-06, 2.5262922918e-06, 1.68746362306e-06, 8.78000776083e-07, 4.79139089293e-07, 3.78691765945e-07, 3.66193546597e-07, 3.38274560363e-07, 3.54634437372e-07, 3.93817742861e-07, 3.43919140278e-07, 2.87777396579e-07, 2.68065093678e-07, 2.3183947917e-07, 1.86213000575e-07], "dmean2": [0.00035863625817, 0.000791933620349, 0.000446664373158, 0.000343059276929, 0.000224848772632, 0.000260826433077, 0.000183534997632, 0.000146487509483, 0.000226279560593, 0.000225332347327, 0.000154368390213, 0.00015590347175, 0.000139060066431, 8.57845952851e-05, 6.66718697175e-05, 5.61159467907e-05, 5.13168233738e-05, 4.84687952849e-05, 3.50705013261e-05, 2.18162731471e-05, 1.64375214808e-05, 1.09755956146e-05, 6.58307590129e-06, 7.49133641875e-06, 8.9248715085e-06, 5.4201968851e-06, 3.83420729122e-06, 2.55763120549e-06, 1.34685285502e-06, 7.33564945676e-07, 5.69503242787e-07, 5.55503333999e-07, 5.05943376083e-07, 5.26596636519e-07, 5.91495961544e-07, 5.19936065757e-07, 4.28959964438e-07, 4.02695718549e-07, 3.41671437809e-07, 2.75925316373e-07], "dvar": [4.19323953338e-07, 2.09501104109e-06, 5.24591371232e-07, 4.63204230527e-07, 1.02653928025e-07, 1.52352100713e-07, 8.43690344254e-08, 8.60528004409e-08, 1.48113940668e-07, 1.5583977131e-07, 8.26379391583e-08, 8.46955501288e-08, 6.4396772359e-08, 3.23196047702e-08, 1.71513843128e-08, 3.12568424476e-08, 7.93818966116e-09, 1.36315900789e-08, 3.20936321963e-09, 1.3543927091e-09, 1.15735243611e-09, 6.72050581851e-10, 1.75451833617e-10, 1.60443283659e-10, 2.14396153608e-10, 6.15828707473e-11, 3.13848981526e-11, 1.79357171476e-11, 6.61577780406e-12, 1.64664386727e-12, 1.10893336614e-12, 1.68908680445e-12, 1.87569447821e-12, 2.35549275397e-12, 3.41005153802e-12, 2.25332426329e-12, 1.84822730037e-12, 1.80492383192e-12, 1.26859644751e-12, 5.7782749939e-13], "dvar2": [9.81110247267e-07, 5.65885375181e-06, 1.43862121149e-06, 1.22624567211e-06, 2.50701560844e-07, 3.31693200906e-07, 1.66014658021e-07, 1.96377925477e-07, 2.87610077976e-07, 3.23284638171e-07, 1.72089968942e-07, 1.90696184177e-07, 1.42215796473e-07, 6.72405988666e-08, 3.75840230049e-08, 6.99570250617e-08, 1.57758979213e-08, 3.2096831859e-08, 7.57521778638e-09, 2.82235812499e-09, 2.45305420421e-09, 1.35717770355e-09, 4.01674582484e-10, 3.88795523554e-10, 4.5453127373e-10, 1.41052530767e-10, 6.8921778007e-11, 3.97308227984e-11, 1.46554435254e-11, 3.90882682125e-12, 2.34578155511e-12, 3.41919353074e-12, 4.07343516556e-12, 4.42751998259e-12, 7.41209177368e-12, 4.86505757555e-12, 3.7029797631e-12, 3.71527331469e-12, 2.47404896049e-12, 1.18189182399e-12], "max": [0.00963458418846, 0.028733599931, 0.0165095478296, 0.0129442699254, 0.00597938522696, 0.0115427989513, 0.0126147223637, 0.0118682282045, 0.0156519431621, 0.0121542224661, 0.00812587328255, 0.00705106277019, 0.00710126804188, 0.00469335308298, 0.00344171724282, 0.0116462372243, 0.00429884810001, 0.00445444276556, 0.0018035635585, 0.00123696506489, 0.00129113625735, 0.000840017688461, 0.000357752112905, 0.000333678850438, 0.000633675255813, 0.000236992840655, 0.000232491278439, 0.000101685567643, 0.000111850495159, 3.88108855987e-05, 3.65566411347e-05, 5.1411028835e-05, 6.9639630965e-05, 0.000103179321741, 7.83841169323e-05, 6.94985064911e-05, 7.13702102075e-05, 7.50115796109e-05, 9.49934692471e-05, 5.00708338222e-05], "mean": [0.0003564193903, 0.000759434071369, 0.000394810544094, 0.000293084332952, 0.00031905551441, 0.000410602806369, 0.000310306670144, 0.000236570631387, 0.000350488204276, 0.000318778504152, 0.00021410244517, 0.000219103734707, 0.000184593533049, 0.000112576904939, 8.46802577144e-05, 7.24311175873e-05, 7.34480199753e-05, 5.66523776797e-05, 4.00739263569e-05, 2.62977227976e-05, 2.09846457437e-05, 1.36851958814e-05, 8.03912735137e-06, 9.70698602032e-06, 1.2145551409e-05, 7.30790225134e-06, 5.52828623768e-06, 3.26953954755e-06, 1.59760702445e-06, 9.29924112825e-07, 7.25283484826e-07, 6.67163760681e-07, 6.12292865299e-07, 6.47513672902e-07, 7.00051998592e-07, 6.02969748797e-07, 5.3903039543e-07, 5.12129531671e-07, 4.3380293846e-07, 3.45283581282e-07], "median": [0.000194362073671, 0.000425545091275, 0.000183807336725, 0.000127662584418, 0.000139535666676, 0.000156546244398, 0.000122857905808, 6.28197449259e-05, 9.34386334848e-05, 7.84950825619e-05, 4.73385844089e-05, 3.36780722137e-05, 2.85548867396e-05, 1.62321994139e-05, 1.26305130834e-05, 9.38679477258e-06, 9.65235358308e-06, 1.01543209894e-05, 8.85843110154e-06, 5.72758699491e-06, 4.32348406321e-06, 2.26966199079e-06, 1.81237328434e-06, 2.03947774935e-06, 2.69122824648e-06, 2.09823883779e-06, 1.6916635559e-06, 8.18456271645e-07, 3.91097586316e-07, 2.28896325893e-07, 1.66592172945e-07, 1.49082055145e-07, 1.35764764764e-07, 1.48177264236e-07, 1.37890367569e-07, 9.51115310954e-08, 5.50802781163e-08, 5.11286835092e-08, 4.65333123145e-08, 3.94101959955e-08], "min": [8.76703328031e-25, 1.51993163546e-24, 1.53279795683e-24, 1.52489199283e-24, 8.58486952007e-25, 2.36045444972e-24, 2.66060044415e-24, 2.67949050739e-24, 2.42833553618e-24, 3.28096795698e-24, 2.68911441322e-24, 2.9359482016e-24, 2.23227480781e-24, 2.92036346556e-24, 3.28182663208e-24, 4.1847647128e-24, 2.53790279389e-24, 3.73138623462e-24, 4.97194889417e-24, 5.29824700812e-24, 3.12737318886e-24, 2.85393191101e-24, 5.64551107278e-24, 3.90653741584e-24, 4.10613224106e-24, 3.93293980147e-24, 3.78443003075e-24, 4.96417545881e-24, 4.61006763137e-24, 5.55715194607e-24, 5.55288696959e-24, 6.01456663108e-24, 5.80931054557e-24, 5.88852795767e-24, 5.72846453013e-24, 4.19185105032e-24, 5.70925024506e-24, 4.82793247516e-24, 6.32582432301e-24, 7.04947956353e-24], "var": [4.38230472355e-07, 1.80963354524e-06, 5.1966776482e-07, 4.11599074823e-07, 2.50816299285e-07, 5.67912707083e-07, 3.59765294888e-07, 3.79470691314e-07, 5.70493625673e-07, 4.76466624377e-07, 2.12619639228e-07, 2.70172733963e-07, 2.07304552191e-07, 1.12587080991e-07, 5.93072115862e-08, 6.88884469469e-08, 4.86647557807e-08, 2.55953462869e-08, 8.17746403925e-09, 3.82055809212e-09, 4.05730249398e-09, 2.02082572898e-09, 4.84864148831e-10, 4.68089345063e-10, 7.76190611784e-10, 1.75399597624e-10, 1.0792135241e-10, 4.51678382196e-11, 1.46649810351e-11, 4.18911953737e-12, 2.93674785011e-12, 3.92094733417e-12, 4.5003189543e-12, 5.86960471546e-12, 7.3774372028e-12, 5.89557612798e-12, 7.01349612067e-12, 6.91137815381e-12, 5.54166521699e-12, 2.11922992176e-12]}, "melbands_crest": {"dmean": 2.48411846161, "dmean2": 3.94604873657, "dvar": 6.23779439926, "dvar2": 14.9441156387, "max": 35.9516601562, "mean": 12.1943149567, "median": 11.2453117371, "min": 1.00633144379, "var": 23.3936405182}, "melbands_flatness_db": {"dmean": 0.0190195534378, "dmean2": 0.0274676717818, "dvar": 0.00052050180966, "dvar2": 0.0010684322333, "max": 0.566050767899, "mean": 0.221411690116, "median": 0.212562412024, "min": -1.8120155687e-07, "var": 0.00473640998825}, "melbands_kurtosis": {"dmean": 3.58714175224, "dmean2": 5.65863466263, "dvar": 82.3946380615, "dvar2": 197.371856689, "max": 377.293731689, "mean": 6.53567218781, "median": 2.73008370399, "min": -1.80861914158, "var": 176.58203125}, "melbands_skewness": {"dmean": 0.493130743504, "dmean2": 0.74444437027, "dvar": 0.435500532389, "dvar2": 0.981617927551, "max": 17.3102397919, "mean": 1.48334789276, "median": 1.25773477554, "min": -1.71463656425, "var": 1.9021242857}, "melbands_spread": {"dmean": 4.65268707275, "dmean2": 7.04816770554, "dvar": 68.7579421997, "dvar2": 138.990737915, "max": 239.010955811, "mean": 22.0539550781, "median": 18.4862861633, "min": 0.538887381554, "var": 330.581481934}, "mfcc": {"cov": [[14418.9794922, 862.597229004, -769.706237793, 139.095336914, -305.910369873, -124.501022339, 116.057617188, 167.919326782, -64.1042098999, 224.014556885, 113.802444458, 44.8301544189, 42.6557617188], [862.597229004, 1670.80334473, -171.372879028, 143.055053711, 87.8868255615, 66.2808151245, 56.4522438049, -24.4705467224, -10.0724134445, 13.4468097687, 4.70613431931, -15.2467403412, 29.5667648315], [-769.706237793, -171.372879028, 834.485778809, -2.89140343666, 146.989379883, 68.1296539307, -26.7937030792, 49.2569503784, 41.1320762634, -16.9306240082, 5.39996480942, 10.844824791, -22.7558631897], [139.095336914, 143.055053711, -2.89140343666, 305.49206543, 120.62323761, 5.99015903473, 16.0933914185, 38.6403884888, 14.0907201767, -0.810826361179, 20.9034118652, 52.2570152283, 26.4877147675], [-305.910369873, 87.8868255615, 146.989379883, 120.62323761, 280.896514893, 24.5816574097, -2.77476334572, 19.1087398529, -5.46849393845, -17.913602829, -14.2499713898, 21.2133178711, 17.6126022339], [-124.501022339, 66.2808151245, 68.1296539307, 5.99015903473, 24.5816574097, 240.125732422, 94.93699646, -0.165452539921, 29.6452827454, 17.4212532043, 24.5102615356, 2.33935952187, -1.56217241287], [116.057617188, 56.4522438049, -26.7937030792, 16.0933914185, -2.77476334572, 94.93699646, 177.798553467, 32.9525337219, 18.8885936737, 45.3655052185, 17.0635452271, -8.23686218262, 10.5142412186], [167.919326782, -24.4705467224, 49.2569503784, 38.6403884888, 19.1087398529, -0.165452539921, 32.9525337219, 136.090805054, 47.0027198792, 17.7157211304, 9.20019626617, -2.32974338531, 9.08535575867], [-64.1042098999, -10.0724134445, 41.1320762634, 14.0907201767, -5.46849393845, 29.6452827454, 18.8885936737, 47.0027198792, 141.620788574, 36.5036392212, 13.7171525955, -0.395298302174, -10.0820093155], [224.014556885, 13.4468097687, -16.9306240082, -0.810826361179, -17.913602829, 17.4212532043, 45.3655052185, 17.7157211304, 36.5036392212, 126.106422424, 36.9776344299, -24.3200359344, 5.45009708405], [113.802444458, 4.70613431931, 5.39996480942, 20.9034118652, -14.2499713898, 24.5102615356, 17.0635452271, 9.20019626617, 13.7171525955, 36.9776344299, 101.160758972, 43.7676010132, 4.06717967987], [44.8301544189, -15.2467403412, 10.844824791, 52.2570152283, 21.2133178711, 2.33935952187, -8.23686218262, -2.32974338531, -0.395298302174, -24.3200359344, 43.7676010132, 128.591766357, 31.4856472015], [42.6557617188, 29.5667648315, -22.7558631897, 26.4877147675, 17.6126022339, -1.56217241287, 10.5142412186, 9.08535575867, -10.0820093155, 5.45009708405, 4.06717967987, 31.4856472015, 95.7992630005]], "icov": [[8.19791384856e-05, -4.27047270932e-05, 5.11177713634e-05, -3.01643940475e-05, 9.42181795835e-05, 2.43270715146e-05, 9.30799433263e-06, -0.000158476424986, 0.000115532500786, -0.000162459924468, 1.44243886098e-05, -9.01732637431e-05, 4.46685698989e-05], [-4.27047270932e-05, 0.000689658685587, 0.000133793888381, -0.000268938805675, -0.000236301973928, -0.000172144646058, -0.000101262892713, 0.000297600752674, -7.6716140029e-05, 0.000135978421895, -0.000119517106214, 0.000348206900526, -0.000189347047126], [5.11177713634e-05, 0.000133793888381, 0.00155131146312, 0.000351256254362, -0.000878923747223, -0.000531193101779, 0.000519765249919, -0.000657869270071, -0.00018768744485, 2.68729945674e-05, -0.000186957287951, -0.000127902356326, 0.00039428533637], [-3.01643940475e-05, -0.000268938805675, 0.000351256254362, 0.00464390730485, -0.00199209526181, 0.000233933678828, -0.000217154767597, -0.000991810229607, -0.000341440871125, 2.97702299576e-05, -0.00047783437185, -0.00143916776869, -0.000160518102348], [9.42181795835e-05, -0.000236301973928, -0.000878923747223, -0.00199209526181, 0.00525229703635, -0.000464663578896, 0.000310021045152, -0.000394640344894, 0.000757011584938, -0.000202309514862, 0.00136993755586, -0.000420487223892, -0.000425590347731], [2.43270715146e-05, -0.000172144646058, -0.000531193101779, 0.000233933678828, -0.000464663578896, 0.00602911738679, -0.00349873863161, 0.00139055307955, -0.00123518239707, 0.000896636047401, -0.00140163186006, 0.000316618185025, 6.17457626504e-05], [9.30799433263e-06, -0.000101262892713, 0.000519765249919, -0.000217154767597, 0.000310021045152, -0.00349873863161, 0.00857575051486, -0.00222456874326, 0.000780629285146, -0.00253039319068, 0.000488918740302, 1.41175414683e-05, -0.000432963919593], [-0.000158476424986, 0.000297600752674, -0.000657869270071, -0.000991810229607, -0.000394640344894, 0.00139055307955, -0.00222456874326, 0.00991042051464, -0.00328453117982, 0.00088051072089, -0.00095750199398, 0.00143396051135, -0.00133022165392], [0.000115532500786, -7.6716140029e-05, -0.00018768744485, -0.000341440871125, 0.000757011584938, -0.00123518239707, 0.000780629285146, -0.00328453117982, 0.00927300751209, -0.00299693481065, 0.00082814070629, -0.00121870799921, 0.00160034396686], [-0.000162459924468, 0.000135978421895, 2.68729945674e-05, 2.97702299576e-05, -0.000202309514862, 0.000896636047401, -0.00253039319068, 0.00088051072089, -0.00299693481065, 0.0124329449609, -0.00584828155115, 0.00476813456044, -0.0020669887308], [1.44243886098e-05, -0.000119517106214, -0.000186957287951, -0.00047783437185, 0.00136993755586, -0.00140163186006, 0.000488918740302, -0.00095750199398, 0.00082814070629, -0.00584828155115, 0.0154153909534, -0.0068072071299, 0.00188328046352], [-9.01732637431e-05, 0.000348206900526, -0.000127902356326, -0.00143916776869, -0.000420487223892, 0.000316618185025, 1.41175414683e-05, 0.00143396051135, -0.00121870799921, 0.00476813456044, -0.0068072071299, 0.0127428220585, -0.00405346415937], [4.46685698989e-05, -0.000189347047126, 0.00039428533637, -0.000160518102348, -0.000425590347731, 6.17457626504e-05, -0.000432963919593, -0.00133022165392, 0.00160034396686, -0.0020669887308, 0.00188328046352, -0.00405346415937, 0.0124062895775]], "mean": [-707.38494873, 145.756011963, -11.0749721527, 9.18490791321, 0.573563694954, -4.36679840088, 0.884420573711, 1.41279661655, -4.0214343071, 7.95296049118, -1.65441334248, -6.976957798, 2.55749487877]}, "pitch_salience": {"dmean": 0.0565975010395, "dmean2": 0.0890344157815, "dvar": 0.00277184974402, "dvar2": 0.00681045325473, "max": 0.995984971523, "mean": 0.546530783176, "median": 0.549871385098, "min": 0.10669465363, "var": 0.0104335909709}, "silence_rate_20dB": {"dmean": 0, "dmean2": 0, "dvar": 0, "dvar2": 0, "max": 1, "mean": 1, "median": 1, "min": 1, "var": 0}, "silence_rate_30dB": {"dmean": 0.00211323401891, "dmean2": 0.00422684056684, "dvar": 0.00210847519338, "dvar2": 0.00509008718655, "max": 1, "mean": 0.998063027859, "median": 1, "min": 0, "var": 0.00193324044812}, "silence_rate_60dB": {"dmean": 0.0269437357783, "dmean2": 0.0538922138512, "dvar": 0.0262220725417, "dvar2": 0.0559222884476, "max": 1, "mean": 0.1559253335, "median": 0, "min": 0, "var": 0.131598517299}, "spectral_centroid": {"dmean": 158.082260132, "dmean2": 235.132125854, "dvar": 60222.1523438, "dvar2": 117307.59375, "max": 11663.1132812, "mean": 1161.2421875, "median": 1015.44006348, "min": 140.398513794, "var": 852008.125}, "spectral_complexity": {"dmean": 2.18913435936, "dmean2": 3.36967253685, "dvar": 7.18369579315, "dvar2": 13.6924514771, "max": 47, "mean": 13.5857543945, "median": 13, "min": 0, "var": 69.6789093018}, "spectral_contrast_coeffs": {"dmean": [0.0409358032048, 0.0403133109212, 0.0376065559685, 0.0307410098612, 0.022501943633, 0.016549706459], "dmean2": [0.0668551176786, 0.0639529973269, 0.0588210076094, 0.0486886128783, 0.0349705554545, 0.0255798604339], "dvar": [0.00136562681291, 0.00130768318195, 0.00114462629426, 0.000746250618249, 0.000437965762103, 0.000253403326496], "dvar2": [0.00358346430585, 0.003149921773, 0.0025562280789, 0.00164274906274, 0.000906301604118, 0.000567390990909], "max": [-0.253800034523, -0.400355696678, -0.438285559416, -0.490387767553, -0.536566078663, -0.622521281242], "mean": [-0.667317092419, -0.69885122776, -0.719333767891, -0.742756962776, -0.76317602396, -0.794554412365], "median": [-0.673220515251, -0.69932103157, -0.725261330605, -0.747867405415, -0.766119360924, -0.794499158859], "min": [-0.984430015087, -0.995833098888, -0.997693836689, -0.985769093037, -0.988922357559, -0.963703453541], "var": [0.00709094339982, 0.00747711956501, 0.00794775318354, 0.00500391190872, 0.00354870595038, 0.00204151705839]}, "spectral_contrast_valleys": {"dmean": [0.371784180403, 0.324291646481, 0.30626475811, 0.269301712513, 0.252235621214, 0.312522023916], "dmean2": [0.593395590782, 0.512190103531, 0.477559387684, 0.41477149725, 0.367788732052, 0.402713865042], "dvar": [0.155164390802, 0.107428357005, 0.107007317245, 0.091663107276, 0.10333751142, 0.162623360753], "dvar2": [0.323968350887, 0.22525139153, 0.213419705629, 0.170301958919, 0.186676889658, 0.255858421326], "max": [-5.3924164772, -4.66502952576, -5.07697296143, -5.7388086319, -6.12249040604, -7.33813714981], "mean": [-8.06280517578, -7.28633642197, -7.95075273514, -8.47626781464, -8.72480201721, -11.3305997849], "median": [-7.55059289932, -6.88391542435, -7.54845380783, -8.09918880463, -8.3257188797, -10.9746646881], "min": [-28.1174278259, -27.9690856934, -27.8971042633, -27.7317256927, -27.5526771545, -27.4099369049], "var": [4.33994197845, 4.26698160172, 4.17102909088, 3.94523572922, 3.92986416817, 3.78361296654]}, "spectral_decrease": {"dmean": 1.32620547877e-09, "dmean2": 1.97687954895e-09, "dvar": 5.63475764143e-18, "dvar2": 1.23606111786e-17, "max": 1.87368127056e-28, "mean": -4.77155337464e-09, "median": -3.53835893918e-09, "min": -3.91539067834e-08, "var": 2.11474331884e-17}, "spectral_energy": {"dmean": 0.00530087761581, "dmean2": 0.00786594767123, "dvar": 8.74827383086e-05, "dvar2": 0.000189179176232, "max": 0.16008490324, "mean": 0.0194881800562, "median": 0.0144660538062, "min": 1.01167428167e-20, "var": 0.000351103284629}, "spectral_energyband_high": {"dmean": 0.000110554938146, "dmean2": 0.000152974069351, "dvar": 1.15914112087e-07, "dvar2": 1.96392633711e-07, "max": 0.0170646160841, "mean": 0.000267702474957, "median": 7.56210283726e-05, "min": 6.95525932336e-21, "var": 5.36709194421e-07}, "spectral_energyband_low": {"dmean": 0.00186229345854, "dmean2": 0.00307127297856, "dvar": 3.0380413591e-05, "dvar2": 7.76087181293e-05, "max": 0.105716280639, "mean": 0.00336408917792, "median": 0.00200057099573, "min": 2.18832586795e-23, "var": 3.011640365e-05}, "spectral_energyband_middle_high": {"dmean": 0.00199073250405, "dmean2": 0.00287034129724, "dvar": 1.39499124998e-05, "dvar2": 2.91614178423e-05, "max": 0.105433367193, "mean": 0.00680427066982, "median": 0.00286198081449, "min": 1.13793597048e-21, "var": 8.0490950495e-05}, "spectral_energyband_middle_low": {"dmean": 0.00311539135873, "dmean2": 0.00459170388058, "dvar": 3.19611935993e-05, "dvar2": 7.07039289409e-05, "max": 0.0989670753479, "mean": 0.00967243593186, "median": 0.00615318492055, "min": 1.84630458865e-22, "var": 0.000123564488604}, "spectral_entropy": {"dmean": 0.149894624949, "dmean2": 0.209664344788, "dvar": 0.0297585949302, "dvar2": 0.0521961264312, "max": 9.82660198212, "mean": 7.16204500198, "median": 7.17011451721, "min": 5.16191911697, "var": 0.277115315199}, "spectral_flux": {"dmean": 0.0203051548451, "dmean2": 0.0312629528344, "dvar": 0.000692334957421, "dvar2": 0.00148201326374, "max": 0.325305491686, "mean": 0.0627783536911, "median": 0.0522638782859, "min": 6.38136349318e-11, "var": 0.00227651465684}, "spectral_kurtosis": {"dmean": 2.71448612213, "dmean2": 4.59376001358, "dvar": 13.6714744568, "dvar2": 39.0306510925, "max": 79.2347717285, "mean": 8.57410430908, "median": 7.33862495422, "min": -1.38097524643, "var": 39.0976829529}, "spectral_rms": {"dmean": 0.000535710423719, "dmean2": 0.000769930775277, "dvar": 6.00572150233e-07, "dvar2": 1.22327753616e-06, "max": 0.0124972155318, "mean": 0.00382186681964, "median": 0.00375675689429, "min": 3.14165447129e-12, "var": 4.40624125986e-06}, "spectral_rolloff": {"dmean": 302.487030029, "dmean2": 502.559967041, "dvar": 771428.3125, "dvar2": 1589784, "max": 20047.4121094, "mean": 1419.03759766, "median": 1012.06054688, "min": 21.533203125, "var": 3994678.25}, "spectral_skewness": {"dmean": 0.270999640226, "dmean2": 0.441533744335, "dvar": 0.0869290083647, "dvar2": 0.231210500002, "max": 6.71880865097, "mean": 2.09656643867, "median": 2.02886772156, "min": -0.124014288187, "var": 0.406624704599}, "spectral_spread": {"dmean": 482631.25, "dmean2": 692078.625, "dvar": 673713815552, "dvar2":