{"lowlevel": {"average_loudness": 0.92309230566, "barkbands": {"dmean": [0.00378085789271, 0.0209957063198, 0.00557365873829, 0.00169967534021, 0.00259263743646, 0.00120155210607, 0.000834677950479, 0.000508561439347, 0.000629682792351, 0.000563830137253, 0.000476641755085, 0.000497153261676, 0.000250298035098, 0.000273153214948, 0.000416300987126, 0.000319618440699, 0.000226139774895, 0.000306470697979, 0.000195039639948, 8.41134678922e-05, 5.69532057852e-05, 3.72610666091e-05, 2.35589541262e-05, 5.05229400005e-06, 2.80947347164e-06, 1.86049819604e-05, 0.000616623146925], "dmean2": [0.00630033295602, 0.0366498604417, 0.00977530423552, 0.002906545531, 0.004344554618, 0.00188297987916, 0.00129944900982, 0.000818430387881, 0.000987029983662, 0.000896464684047, 0.000768691417761, 0.000805536692496, 0.000408446096117, 0.000441049545771, 0.0006468766951, 0.000502366223373, 0.00035881245276, 0.000461001094664, 0.000295437464956, 0.000126724349684, 8.35433966131e-05, 5.44532231288e-05, 3.25748260366e-05, 7.7562253864e-06, 4.59647662865e-06, 2.64523041551e-05, 0.000915957789402], "dvar": [4.35720212408e-05, 0.00183917558752, 0.000154585562996, 1.02175081338e-05, 1.9098222765e-05, 4.75015258417e-06, 2.26626184485e-06, 9.17550778468e-07, 1.1264855857e-06, 1.49493121171e-06, 1.50467553794e-06, 1.90380433196e-06, 2.91909259431e-07, 3.75309213041e-07, 1.16012643048e-06, 6.19090656073e-07, 2.06738633324e-07, 1.03655156636e-06, 6.81036112837e-07, 4.86726925431e-08, 1.65142051145e-08, 7.68631913672e-09, 2.64449795395e-09, 9.11357933564e-11, 2.49913215122e-11, 1.69479474899e-09, 1.66893232745e-06], "dvar2": [0.000107341875264, 0.00506979878992, 0.000416301889345, 2.70620275842e-05, 5.05293646711e-05, 1.06428060462e-05, 4.99158340972e-06, 2.22334506361e-06, 2.59785178969e-06, 3.59685600415e-06, 3.57206067747e-06, 4.8926076488e-06, 7.12548853699e-07, 9.25891356474e-07, 2.53426992458e-06, 1.4322208699e-06, 5.09461358433e-07, 2.17169235839e-06, 1.54346423642e-06, 1.05856500454e-07, 3.44288437759e-08, 1.68379550303e-08, 5.42370237611e-09, 1.96102550865e-10, 5.74188092906e-11, 3.47711437421e-09, 3.74732326236e-06], "max": [0.110483638942, 0.498640924692, 0.1603731215, 0.0548455379903, 0.100848868489, 0.0811361894011, 0.0537162050605, 0.0265263654292, 0.0386002771556, 0.0456224679947, 0.0484845638275, 0.0458576455712, 0.0214424822479, 0.035738222301, 0.0459796749055, 0.0339090451598, 0.0130621008575, 0.0497413873672, 0.0493585579097, 0.0128004001454, 0.00713962130249, 0.00236548250541, 0.00140997872222, 0.000286629539914, 8.67843264132e-05, 0.00104784802534, 0.0274120345712], "mean": [0.00391834182665, 0.0210926737636, 0.00492021255195, 0.001967047574, 0.00420452887192, 0.00222469796427, 0.00150758610107, 0.000765335862525, 0.00107465439942, 0.000843300367706, 0.000683590129483, 0.000732928514481, 0.000351347000105, 0.000412480527302, 0.00067173934076, 0.000529445998836, 0.000383403181331, 0.00052941578906, 0.000328986905515, 0.000155403729877, 0.000108738720883, 6.52877133689e-05, 3.40901424352e-05, 6.01641886533e-06, 2.89364743367e-06, 2.53364996752e-05, 0.00139665382449], "median": [0.00156265764963, 0.00921851582825, 0.00148880039342, 0.00074555631727, 0.00238235550933, 0.00100674841087, 0.00079154164996, 0.000408379593864, 0.000604821834713, 0.000361020996934, 0.000302786531392, 0.000311532465275, 0.000180239716428, 0.000193160463823, 0.000228813136346, 0.000160624462296, 0.000132316708914, 0.000134518093546, 8.35031823954e-05, 4.51105370303e-05, 3.03869819618e-05, 1.48010021803e-05, 8.42688586999e-06, 2.17471392716e-06, 1.08649703634e-06, 6.64742674417e-06, 0.000514016312081], "min": [6.94297175308e-10, 7.43788586277e-09, 5.951482418e-09, 5.88127768708e-09, 1.41779494811e-08, 1.40890517031e-08, 7.03233249411e-09, 4.60403537517e-09, 4.23842783093e-09, 1.78733505773e-09, 3.15547699081e-10, 1.1550007617e-09, 1.61483248995e-09, 1.40100686608e-09, 9.61459245552e-10, 1.10171516354e-09, 7.23082982379e-10, 5.50142043032e-10, 3.18595511084e-10, 3.35136779439e-10, 6.00431371289e-10, 2.74820055601e-09, 2.47693954236e-09, 2.23512083841e-10, 7.28200000299e-11, 8.00275934409e-09, 1.5679441745e-08], "var": [4.55567060271e-05, 0.0014045474818, 0.000113105030323, 1.19203705253e-05, 2.98225349979e-05, 1.15011980597e-05, 5.66087828702e-06, 1.42151804994e-06, 2.36816754295e-06, 2.44891407419e-06, 2.23607253247e-06, 2.66677648142e-06, 3.61352391565e-07, 5.44671024727e-07, 2.62874641521e-06, 1.26709210235e-06, 4.41375391347e-07, 2.08507390198e-06, 1.16290891583e-06, 1.1320082649e-07, 4.56535182991e-08, 1.77030976545e-08, 4.38256497759e-09, 1.24814950042e-10, 2.7221268642e-11, 2.64913579962e-09, 4.7778617045e-06]}, "barkbands_crest": {"dmean": 3.62277388573, "dmean2": 6.10079336166, "dvar": 9.63482761383, "dvar2": 25.7670936584, "max": 26.2365646362, "mean": 11.1761045456, "median": 10.2914972305, "min": 2.54135704041, "var": 22.4734039307}, "barkbands_flatness_db": {"dmean": 0.0313331335783, "dmean2": 0.0504329018295, "dvar": 0.000800081703346, "dvar2": 0.00208358536474, "max": 0.451221674681, "mean": 0.15161819756, "median": 0.146726354957, "min": 0.037752315402, "var": 0.00278563634492}, "barkbands_kurtosis": {"dmean": 8.4201965332, "dmean2": 14.2139482498, "dvar": 348.819854736, "dvar2": 954.739746094, "max": 778.631591797, "mean": 11.5242586136, "median": 5.34174728394, "min": -1.74223518372, "var": 477.140380859}, "barkbands_skewness": {"dmean": 0.920097827911, "dmean2": 1.47805249691, "dvar": 1.20310938358, "dvar2": 3.1017575264, "max": 23.0221824646, "mean": 2.46820640564, "median": 2.12346863747, "min": -1.63169932365, "var": 3.22016143799}, "barkbands_spread": {"dmean": 8.69334793091, "dmean2": 13.7198820114, "dvar": 94.3846893311, "dvar2": 218.53666687, "max": 118.896591187, "mean": 28.4505958557, "median": 21.6551952362, "min": 0.408940196037, "var": 445.330474854}, "dissonance": {"dmean": 0.0191248171031, "dmean2": 0.0318802371621, "dvar": 0.000429746665759, "dvar2": 0.00114768487401, "max": 0.500000119209, "mean": 0.468039393425, "median": 0.47646138072, "min": 0.193397834897, "var": 0.000842649140395}, "dynamic_complexity": 2.57933282852, "erbbands": {"dmean": [0.686733543873, 4.56991672516, 7.3981347084, 5.59026050568, 6.3156080246, 10.2667093277, 9.54669570923, 10.7255325317, 10.7583217621, 13.2803344727, 10.0318031311, 14.8595647812, 14.7221298218, 19.3289318085, 18.0548362732, 20.2607250214, 11.5546007156, 12.2126932144, 17.2489356995, 21.2422065735, 15.5643005371, 12.1355161667, 16.1686439514, 13.6115856171, 7.01494598389, 3.80401921272, 2.80878281593, 1.92823970318, 1.37356936932, 1.02437400818, 0.608600974083, 0.193198829889, 0.0538447760046, 0.0316448397934, 0.0200212672353, 0.0127206081524, 0.0345518887043, 0.0555107630789, 0.0363207235932, 0.0158305242658], "dmean2": [1.20685327053, 7.98397827148, 12.9740133286, 9.51533031464, 10.4711179733, 17.5351638794, 15.4327287674, 16.9283542633, 16.8737621307, 20.874792099, 16.0385799408, 23.2903423309, 23.3542556763, 30.6890068054, 29.0647506714, 32.741191864, 18.6909770966, 19.6676120758, 27.3709392548, 32.8211250305, 24.3208198547, 18.9006233215, 24.5762329102, 20.4156589508, 10.5124158859, 5.67218923569, 4.15867710114, 2.84145188332, 2.01436638832, 1.48241853714, 0.839892983437, 0.278367072344, 0.0861140266061, 0.0517428331077, 0.0326908491552, 0.0202758274972, 0.0488941408694, 0.0801930949092, 0.0525195859373, 0.023633543402], "dvar": [1.67795598507, 92.5602264404, 250.669845581, 127.17678833, 125.128791809, 333.692077637, 361.578369141, 370.575073242, 463.925415039, 539.705383301, 317.406219482, 656.286437988, 1014.34649658, 1889.94836426, 2196.20507812, 3272.69848633, 561.975646973, 647.442016602, 1729.20715332, 3583.80151367, 1318.49475098, 608.978637695, 2378.31445312, 4202.97216797, 595.213867188, 86.9035949707, 40.3949356079, 19.3825855255, 10.0478134155, 6.83020353317, 1.66104328632, 0.15246398747, 0.0100540472195, 0.00317480624653, 0.00125383108389, 0.000470327795483, 0.00616436172277, 0.0230077840388, 0.00599810853601, 0.00114913249854], "dvar2": [4.67075157166, 254.688934326, 675.705322266, 337.338684082, 323.190032959, 922.464172363, 819.124145508, 868.896118164, 1008.76037598, 1193.16210938, 770, 1512.87731934, 2382.93676758, 4589.38330078, 5149.49072266, 8353.47851562, 1343.27514648, 1629.46069336, 4151.91699219, 7473.13916016, 3041.36791992, 1435.03613281, 4973.11962891, 9491.32910156, 1233.48010254, 184.697280884, 85.2875900269, 41.0084533691, 21.9871921539, 15.974366188, 3.19912600517, 0.308790802956, 0.0226760543883, 0.00729512237012, 0.00287340348586, 0.00105240417179, 0.0127326119691, 0.0533811226487, 0.0130846640095, 0.00259422929958], "max": [15.1835346222, 111.07736969, 199.427200317, 204.334777832, 254.690139771, 373.874786377, 776.634094238, 633.49041748, 954.102600098, 946.836975098, 370.845611572, 714.94128418, 769.791503906, 1616.53686523, 1560.18493652, 2339.43261719, 1077.29650879, 711.024414062, 1893.60803223, 2996.39160156, 1586.52526855, 847.860839844, 1855.19006348, 4612.25048828, 1479.75036621, 482.068939209, 356.14730835, 234.797607422, 80.2087783813, 111.434204102, 29.2071418762, 12.7422771454, 3.4317908287, 0.988907039165, 0.609861731529, 0.585101485252, 2.54987740517, 5.87197303772, 2.12412858009, 0.658680737019], "mean": [0.684531986713, 4.37474060059, 6.73774242401, 6.36813735962, 9.40209102631, 15.4241762161, 15.4136190414, 19.9853115082, 19.713716507, 22.756067276, 16.7270507812, 25.3656158447, 23.2607135773, 30.5356006622, 27.5947132111, 30.6608352661, 17.864566803, 19.253446579, 28.4409351349, 36.7130241394, 27.4545764923, 22.1278781891, 28.3404426575, 22.8768291473, 12.6856775284, 7.21669721603, 5.36845397949, 3.63131666183, 2.44722247124, 1.57336294651, 0.879320204258, 0.254480749369, 0.0583199746907, 0.0326707176864, 0.0209350846708, 0.0146080134436, 0.0469581969082, 0.0883301794529, 0.0801572948694, 0.0368227697909], "median": [0.313200265169, 1.6670781374, 2.22681832314, 2.56848359108, 4.70759487152, 8.00157833099, 7.44696426392, 8.84971046448, 10.5087575912, 12.0225172043, 9.92649078369, 14.0261573792, 11.6964836121, 14.4510583878, 13.28627491, 13.2427892685, 9.71739292145, 9.84440517426, 11.8127088547, 12.0081262589, 9.2235250473, 7.60270261765, 7.50648164749, 5.86076259613, 3.37471389771, 2.18424296379, 1.5835095644, 0.947723209858, 0.564713597298, 0.370816498995, 0.217548474669, 0.0751357227564, 0.0227259397507, 0.0123466942459, 0.00811955984682, 0.00657550478354, 0.0119376666844, 0.0193723030388, 0.0246192030609, 0.0155267100781], "min": [3.58679045576e-07, 1.35769425924e-06, 6.54306359138e-06, 1.32429659061e-05, 2.4500202926e-05, 5.9303445596e-05, 9.45455904002e-05, 0.000118580712297, 0.000104850536445, 0.000109226530185, 0.000100436511275, 0.000101233381429, 6.17740297457e-05, 3.00631145365e-05, 2.58663621935e-05, 4.80942435388e-05, 7.79796246206e-05, 6.35740507278e-05, 6.11806317465e-05, 5.97261387156e-05, 6.23934611212e-05, 4.12423505622e-05, 3.21594961861e-05, 1.90805913007e-05, 1.30373264255e-05, 1.62773485499e-05, 2.53655252891e-05, 3.00685805996e-05, 0.00010316123371, 7.80073605711e-05, 6.60837758915e-05, 3.55090851372e-05, 2.30333603213e-06, 8.39852361878e-07, 5.60902151392e-07, 1.08553285827e-06, 1.84176242328e-05, 1.20567410704e-05, 1.10133487397e-06, 2.29275599395e-07], "var": [1.3175650835, 69.4676437378, 184.878311157, 120.267730713, 183.050415039, 494.213623047, 701.556640625, 947.417663574, 1193.59313965, 1222.00146484, 499.814941406, 1376.96936035, 1644.37609863, 3174.40625, 3227.92431641, 4879.69091797, 822.051757812, 888.101013184, 3124.93457031, 8598.09667969, 2817.64916992, 1490.83679199, 5053.73095703, 6549.23730469, 1262.03649902, 223.251022339, 114.675582886, 52.0943260193, 24.5442810059, 10.4233627319, 2.94753408432, 0.244590014219, 0.0115638189018, 0.00345977488905, 0.00137640885077, 0.000562332104892, 0.00962934270501, 0.0367024764419, 0.0210177469999, 0.00294309784658]}, "erbbands_crest": {"dmean": 2.37438678741, "dmean2": 3.82588863373, "dvar": 5.60534858704, "dvar2": 13.4707183838, "max": 31.9336261749, "mean": 7.73683786392, "median": 6.69404840469, "min": 1.87689375877, "var": 14.8410282135}, "erbbands_flatness_db": {"dmean": 0.0224123708904, "dmean2": 0.032587133348, "dvar": 0.000436716218246, "dvar2": 0.000866680173203, "max": 0.349643677473, "mean": 0.14304369688, "median": 0.136291459203, "min": 0.0450946055353, "var": 0.00201364117675}, "erbbands_kurtosis": {"dmean": 0.879752397537, "dmean2": 1.38432991505, "dvar": 1.90177166462, "dvar2": 4.25639486313, "max": 62.1954269409, "mean": 0.320591270924, "median": -0.194099903107, "min": -1.77584397793, "var": 4.00129127502}, "erbbands_skewness": {"dmean": 0.355653077364, "dmean2": 0.5406062603, "dvar": 0.105686411262, "dvar2": 0.236196428537, "max": 3.69673442841, "mean": 0.0201811101288, "median": 0.0394628979266, "min": -6.38860797882, "var": 0.518501877785}, "erbbands_spread": {"dmean": 7.49015665054, "dmean2": 11.253692627, "dvar": 59.0673103333, "dvar2": 122.3670578, "max": 128.36946106, "mean": 33.444606781, "median": 31.4811859131, "min": 2.46654653549, "var": 249.325866699}, "gfcc": {"cov": [[4284.75927734, -817.420654297, -296.339416504, 640.609680176, 151.761199951, -278.811523438, 196.117752075, -127.717956543, 100.598045349, -101.745269775, -148.747131348, 93.23097229, -199.600402832], [-817.420654297, 996.109313965, 177.349563599, -417.141296387, -12.4075870514, 158.793914795, -132.074020386, 45.2654533386, -59.3431930542, 30.7294712067, 52.9831314087, -71.7932739258, 137.420379639], [-296.339416504, 177.349563599, 491.916290283, 94.9062728882, -91.040473938, 191.966705322, -104.207290649, 113.513839722, -80.4461593628, 31.3276901245, 10.7307014465, -16.1342220306, 14.7552947998], [640.609680176, -417.141296387, 94.9062728882, 554.33416748, 146.327194214, -116.302970886, 121.306022644, 17.1618175507, 57.0269470215, -28.5839920044, -32.5071258545, 33.6697006226, -96.817489624], [151.761199951, -12.4075870514, -91.040473938, 146.327194214, 240.672958374, -62.1897850037, 81.5369796753, -19.4737873077, 56.8013801575, -19.3642082214, -0.116380907595, -12.7048959732, -10.1764421463], [-278.811523438, 158.793914795, 191.966705322, -116.302970886, -62.1897850037, 368.060516357, -78.2385559082, 114.026512146, -73.6619873047, 57.5581932068, 15.6489953995, -15.6954746246, 39.0654792786], [196.117752075, -132.074020386, -104.207290649, 121.306022644, 81.5369796753, -78.2385559082, 216.131149292, -47.6408691406, 73.3048400879, -35.6134338379, -16.8078231812, 39.7431640625, -65.1981201172], [-127.717956543, 45.2654533386, 113.513839722, 17.1618175507, -19.4737873077, 114.026512146, -47.6408691406, 165.308364868, -13.9432888031, 36.610496521, 10.0299825668, -32.2139587402, 42.9037780762], [100.598045349, -59.3431930542, -80.4461593628, 57.0269470215, 56.8013801575, -73.6619873047, 73.3048400879, -13.9432888031, 109.513343811, 9.59560871124, -5.56563711166, 17.3748035431, -32.3425636292], [-101.745269775, 30.7294712067, 31.3276901245, -28.5839920044, -19.3642082214, 57.5581932068, -35.6134338379, 36.610496521, 9.59560871124, 73.7986450195, 34.599811554, -5.02715015411, 18.0281333923], [-148.747131348, 52.9831314087, 10.7307014465, -32.5071258545, -0.116380907595, 15.6489953995, -16.8078231812, 10.0299825668, -5.56563711166, 34.599811554, 64.1305618286, 21.4102916718, 19.1058254242], [93.23097229, -71.7932739258, -16.1342220306, 33.6697006226, -12.7048959732, -15.6954746246, 39.7431640625, -32.2139587402, 17.3748035431, -5.02715015411, 21.4102916718, 74.34349823, -8.27261734009], [-199.600402832, 137.420379639, 14.7552947998, -96.817489624, -10.1764421463, 39.0654792786, -65.1981201172, 42.9037780762, -32.3425636292, 18.0281333923, 19.1058254242, -8.27261734009, 101.600379944]], "icov": [[0.000358443823643, -6.98738367646e-05, 0.000409033935284, -0.000457947229734, -7.70826227381e-06, 2.76501177723e-05, 0.000240985507844, -8.95856937859e-05, 0.000339679390891, -0.000353645329596, 0.00100186374038, -0.000730483036023, 0.000406975712394], [-6.98738367646e-05, 0.00276110647246, -0.00233192020096, 0.00277898111381, -0.00168756756466, 0.000165942139574, -0.000526977237314, 0.000622233259492, -0.00124778132886, 0.0013003294589, -0.0018527553184, 0.00199618004262, -0.00183576124255], [0.000409033935284, -0.00233192020096, 0.00627757282928, -0.00483917491511, 0.00335929915309, -0.00217268429697, 0.00180416274816, -0.000879546627402, 0.00153929227963, 6.53909592074e-05, 0.000431346095866, -0.000756921886932, 0.00147127313539], [-0.000457947229734, 0.00277898111381, -0.00483917491511, 0.00864402484149, -0.00625100918114, 0.00350501202047, -0.00133903510869, -0.00323509098962, 0.00179507047869, -0.00241370568983, 0.00298427394591, -0.00383630231954, 0.00294070504606], [-7.70826227381e-06, -0.00168756756466, 0.00335929915309, -0.00625100918114, 0.0110640572384, -0.00342271011323, -0.00123482721392, 0.00371258473024, -0.00567522086203, 0.00609895028174, -0.00767758022994, 0.00878806784749, -0.00484263617545], [2.76501177723e-05, 0.000165942139574, -0.00217268429697, 0.00350501202047, -0.00342271011323, 0.00705465953797, -0.000679744465742, -0.00474361423403, 0.00592374848202, -0.00705099664629, 0.00617727590725, -0.00597330508754, 0.003485864494], [0.000240985507844, -0.000526977237314, 0.00180416274816, -0.00133903510869, -0.00123482721392, -0.000679744465742, 0.00939595140517, -0.000606831163168, -0.0029467518907, 0.00280994921923, 0.00126042112242, -0.00448915734887, 0.00403241813183], [-8.95856937859e-05, 0.000622233259492, -0.000879546627402, -0.00323509098962, 0.00371258473024, -0.00474361423403, -0.000606831163168, 0.0137246251106, -0.00622909236699, 0.00291491439566, -0.00646478496492, 0.0104726459831, -0.00839365366846], [0.000339679390891, -0.00124778132886, 0.00153929227963, 0.00179507047869, -0.00567522086203, 0.00592374848202, -0.0029467518907, -0.00622909236699, 0.0228356085718, -0.0153700364754, 0.0130907939747, -0.0121780112386, 0.00827865302563], [-0.000353645329596, 0.0013003294589, 6.53909592074e-05, -0.00241370568983, 0.00609895028174, -0.00705099664629, 0.00280994921923, 0.00291491439566, -0.0153700364754, 0.0342036597431, -0.0237937569618, 0.0141884917393, -0.00620109634474], [0.00100186374038, -0.0018527553184, 0.000431346095866, 0.00298427394591, -0.00767758022994, 0.00617727590725, 0.00126042112242, -0.00646478496492, 0.0130907939747, -0.0237937569618, 0.0405596122146, -0.0234118141234, 0.00650569517165], [-0.000730483036023, 0.00199618004262, -0.000756921886932, -0.00383630231954, 0.00878806784749, -0.00597330508754, -0.00448915734887, 0.0104726459831, -0.0121780112386, 0.0141884917393, -0.0234118141234, 0.034370444715, -0.0110001266003], [0.000406975712394, -0.00183576124255, 0.00147127313539, 0.00294070504606, -0.00484263617545, 0.003485864494, 0.00403241813183, -0.00839365366846, 0.00827865302563, -0.00620109634474, 0.00650569517165, -0.0110001266003, 0.0216369703412]], "mean": [6.23053359985, 105.394119263, -86.7441635132, 0.0544304512441, -5.90049219131, -21.1675891876, 3.30172896385, -15.5040493011, 4.39604663849, -9.85206317902, -3.45337677002, 0.718043029308, -5.44586515427]}, "hfc": {"dmean": 70.6996688843, "dmean2": 112.421157837, "dvar": 21491.9375, "dvar2": 51843.1640625, "max": 2260.27416992, "mean": 159.422027588, "median": 119.321434021, "min": 0.000886498717591, "var": 28509.9394531}, "melbands": {"dmean": [0.00600742502138, 0.00462430529296, 0.000957333482802, 0.000575273414142, 0.000366182299331, 0.000235798492213, 0.000162480369909, 0.000138006027555, 8.58232669998e-05, 9.43004342844e-05, 7.46640216676e-05, 7.97193570179e-05, 6.32698138361e-05, 5.55338447157e-05, 4.25120233558e-05, 2.20020483539e-05, 2.45612482104e-05, 2.81802313111e-05, 3.11983058054e-05, 2.66932602244e-05, 1.79723956535e-05, 1.36881290018e-05, 1.36465787364e-05, 1.55897178047e-05, 1.15385873869e-05, 6.50534002489e-06, 3.81881636713e-06, 2.4774465146e-06, 1.95539132619e-06, 1.45780359162e-06, 1.0946812381e-06, 8.4976323933e-07, 6.83869870954e-07, 5.54929442842e-07, 4.04607362725e-07, 2.15759300204e-07, 8.04192623605e-08, 3.79286113628e-08, 2.94518578414e-08, 2.56860630543e-08], "dmean2": [0.0104651423171, 0.00806466955692, 0.00161269051023, 0.000966397172306, 0.000602313259151, 0.000370168971131, 0.00025415289565, 0.000218011249672, 0.000137446942972, 0.00014752127754, 0.000118661715533, 0.000126740633277, 0.000102112215245, 8.99828592082e-05, 6.91410095897e-05, 3.58253782906e-05, 3.98476950068e-05, 4.53416723758e-05, 4.8437177611e-05, 4.18398776674e-05, 2.85355909e-05, 2.1733552785e-05, 2.13987932511e-05, 2.36547202803e-05, 1.76747707883e-05, 9.91930210148e-06, 5.83985138292e-06, 3.78896720576e-06, 2.97012002193e-06, 2.20059951062e-06, 1.65302901678e-06, 1.27281384721e-06, 1.02902583876e-06, 8.0979981476e-07, 5.65961443044e-07, 3.07033644731e-07, 1.2252274928e-07, 6.15738855458e-08, 4.8248161022e-08, 4.20596322215e-08], "dvar": [0.000140651245601, 9.17025681701e-05, 3.46085607816e-06, 1.01551086118e-06, 4.3798149818e-07, 1.69122372995e-07, 9.3353463626e-08, 5.79459573657e-08, 2.15919815361e-08, 2.65236934638e-08, 2.6449093582e-08, 3.29175513514e-08, 2.98212015082e-08, 2.53358365399e-08, 1.33392230595e-08, 2.01155270219e-09, 2.64769273173e-09, 4.78299488904e-09, 6.70202071618e-09, 4.83820228325e-09, 1.64850022522e-09, 7.68617169911e-10, 1.08107345298e-09, 3.1085296559e-09, 3.39387207227e-09, 5.8688814919e-10, 1.26385554799e-10, 3.70519587234e-11, 2.11483781876e-11, 1.12731577545e-11, 6.33214531157e-12, 3.84976642578e-12, 3.30976500547e-12, 1.8981981785e-12, 7.7036521693e-13, 2.05472669586e-13, 2.8899496999e-14, 5.89515110718e-15, 2.8002413722e-15, 2.1093932536e-15], "dvar2": [0.000386319181416, 0.000248333904892, 9.07725006982e-06, 2.73349769486e-06, 1.04255991573e-06, 3.93801713017e-07, 2.05694462352e-07, 1.30414790078e-07, 5.21476231086e-08, 6.04443854968e-08, 6.21651281563e-08, 8.00417652158e-08, 6.93407571362e-08, 6.66199255761e-08, 3.03821501291e-08, 5.00761521138e-09, 6.74174405191e-09, 1.157643581e-08, 1.41568152756e-08, 1.08539195409e-08, 3.95426758004e-09, 1.89658133642e-09, 2.53428700248e-09, 6.48748699206e-09, 7.9399535835e-09, 1.28387289688e-09, 2.56284632405e-10, 8.29238691602e-11, 4.63954152874e-11, 2.50662147289e-11, 1.4119933521e-11, 8.54866264582e-12, 7.91686074336e-12, 4.43613505305e-12, 1.52053261475e-12, 4.07590519495e-13, 6.32542317678e-14, 1.35510202845e-14, 6.46204400076e-15, 4.85470750378e-15], "max": [0.14035281539, 0.119778208435, 0.0313277356327, 0.0217658150941, 0.0254560578614, 0.0124870827422, 0.0124566163868, 0.00867591891438, 0.0031309959013, 0.00480699073523, 0.00393262738362, 0.00725804595277, 0.00737348897383, 0.00617073709145, 0.00794492103159, 0.00151793519035, 0.00142619921826, 0.0041766804643, 0.0033884968143, 0.00258783833124, 0.00160419661552, 0.000898835831322, 0.00122743484098, 0.00266587687656, 0.00432413071394, 0.0014725754736, 0.000734936911613, 0.000321973901009, 0.000263188238023, 0.000162970172823, 0.000129930413095, 5.28160526301e-05, 6.81601231918e-05, 5.30789075128e-05, 2.34327926592e-05, 1.27867770061e-05, 6.04332808507e-06, 3.39465373145e-06, 9.26973314108e-07, 7.96829624505e-07], "mean": [0.00626804539934, 0.00444994447753, 0.00118268176448, 0.000902308383957, 0.000597375794314, 0.000447685393738, 0.000302203989122, 0.000231230296777, 0.000139736948768, 0.000158775044838, 0.000113754736958, 0.00012214241724, 9.28712688619e-05, 8.22903530207e-05, 6.24230888207e-05, 3.11784242513e-05, 3.63548970199e-05, 4.34263311035e-05, 5.03571645822e-05, 4.435595838e-05, 2.94821820717e-05, 2.27114051086e-05, 2.32870661421e-05, 2.56113744399e-05, 1.81333380169e-05, 1.08748872663e-05, 6.54958466839e-06, 4.34773755842e-06, 3.52052143171e-06, 2.60426236309e-06, 1.92456764125e-06, 1.4546675402e-06, 1.06773779862e-06, 7.99545603059e-07, 5.66662947676e-07, 2.9139647495e-07, 9.44267881664e-08, 3.827098638e-08, 2.98497369045e-08, 2.62565702513e-08], "median": [0.00294585293159, 0.00165236159228, 0.000543440168258, 0.000500986585394, 0.000301256135572, 0.000204573894734, 0.000163282311405, 0.000123051941046, 7.8707569628e-05, 8.6552608991e-05, 5.39433458471e-05, 5.54942598683e-05, 4.24329518864e-05, 3.65813575627e-05, 2.75671573036e-05, 1.6282996512e-05, 1.72463242052e-05, 1.78852187673e-05, 1.66617028299e-05, 1.31585156851e-05, 9.73417809291e-06, 7.66609991842e-06, 6.58015096633e-06, 6.18864169155e-06, 4.31052239946e-06, 2.76066725746e-06, 1.72479531102e-06, 1.3061782056e-06, 1.01601847291e-06, 7.11444499757e-07, 4.71504307598e-07, 3.27010354795e-07, 2.27361027783e-07, 1.89185641375e-07, 1.36471371093e-07, 7.08451679543e-08, 3.03836564797e-08, 1.27388117832e-08, 1.0751247892e-08, 9.66460600438e-09], "min": [3.39757733059e-09, 2.75714961973e-09, 2.70381583789e-09, 2.69382205431e-09, 3.2323874688e-09, 2.58140175902e-09, 1.60019320017e-09, 1.16690068719e-09, 8.20608525576e-10, 6.22884022139e-10, 2.91827728649e-10, 1.33712138584e-10, 5.5781112368e-11, 1.2800814575e-10, 1.53690699056e-10, 1.53131493597e-10, 1.20979073981e-10, 1.1329106403e-10, 5.96402163766e-11, 8.45615036327e-11, 7.08624547929e-11, 4.19616390246e-11, 3.80422221502e-11, 1.94920486002e-11, 1.52511926699e-11, 1.15067894449e-11, 5.99349432931e-12, 1.2586104034e-11, 1.27498888183e-11, 2.12385335013e-11, 1.31557195693e-11, 6.78747197336e-11, 4.43674090522e-11, 4.00176974891e-11, 2.97959538986e-11, 4.96801974559e-11, 6.12577827006e-12, 8.81582838414e-13, 7.83896114253e-13, 6.11279202169e-13], "var": [0.000110925509944, 6.90435772412e-05, 3.38769450536e-06, 1.4077158994e-06, 8.60900627231e-07, 4.3932607241e-07, 2.38715728074e-07, 1.22775347222e-07, 3.65603263219e-08, 5.47347660529e-08, 4.23977581931e-08, 5.46989724626e-08, 4.48226167293e-08, 3.18265556132e-08, 2.37080328702e-08, 2.35105224178e-09, 3.60383478615e-09, 7.8257968994e-09, 1.55212482866e-08, 1.08503224183e-08, 3.11946823928e-09, 1.57798007994e-09, 2.47717646396e-09, 5.80947689954e-09, 4.80192641206e-09, 1.12515141648e-09, 2.70159478122e-10, 8.45555500617e-11, 5.57610659035e-11, 2.72449215966e-11, 1.52221915628e-11, 9.08760306589e-12, 5.47238903498e-12, 2.66668046152e-12, 1.30220498013e-12, 3.47669403033e-13, 3.77577133513e-14, 6.31791033335e-15, 3.01817384392e-15, 2.28603244563e-15]}, "melbands_crest": {"dmean": 4.80157709122, "dmean2": 8.06391143799, "dvar": 14.6023406982, "dvar2": 40.2638092041, "max": 36.7297477722, "mean": 16.5315074921, "median": 15.9323749542, "min": 3.34489536285, "var": 39.3285522461}, "melbands_flatness_db": {"dmean": 0.0404830798507, "dmean2": 0.0650587901473, "dvar": 0.00122136471327, "dvar2": 0.00317627331242, "max": 0.621317028999, "mean": 0.26779872179, "median": 0.266496658325, "min": 0.0735475197434, "var": 0.00488069653511}, "melbands_kurtosis": {"dmean": 14.1987323761, "dmean2": 23.8495502472, "dvar": 759.988891602, "dvar2": 2057.2409668, "max": 737.743408203, "mean": 19.4655952454, "median": 8.64617443085, "min": -1.89417004585, "var": 1081.49291992}, "melbands_skewness": {"dmean": 1.15496051311, "dmean2": 1.84712195396, "dvar": 1.67344033718, "dvar2": 4.14208555222, "max": 22.2159938812, "mean": 3.12118816376, "median": 2.60528469086, "min": -1.70831763744, "var": 4.71267271042}, "melbands_spread": {"dmean": 6.04713726044, "dmean2": 9.59878253937, "dvar": 55.7582931519, "dvar2": 122.112586975, "max": 128.12953186, "mean": 16.9095039368, "median": 12.9972772598, "min": 0.358648508787, "var": 218.764450073}, "mfcc": {"cov": [[4465.96679688, -959.488342285, -559.51776123, 800.344665527, -202.686660767, 210.010864258, -224.789276123, 225.871276855, -57.4743423462, 54.0166893005, -43.780254364, -28.1632518768, -29.0956516266], [-959.488342285, 1111.05444336, 145.957946777, -496.846160889, 95.1528015137, -87.1385116577, 70.0293579102, -142.374542236, 40.8127822876, -49.8631362915, -18.4574565887, -28.8902397156, 21.4350624084], [-559.51776123, 145.957946777, 649.446838379, -189.88079834, 118.104682922, -28.8224773407, 103.098831177, -20.0447254181, 6.21134805679, -6.46816301346, 11.1505556107, 24.609664917, -17.7459278107], [800.344665527, -496.846160889, -189.88079834, 729.296813965, -31.7141075134, 64.4918441772, -81.4817810059, 130.346939087, -18.5983486176, 40.0347518921, 21.540681839, 11.9936475754, -16.7134380341], [-202.686660767, 95.1528015137, 118.104682922, -31.7141075134, 232.87550354, -18.3598861694, 72.198425293, -34.6279182434, 47.0123519897, 5.50829172134, 16.3345375061, 9.36730766296, 2.42930293083], [210.010864258, -87.1385116577, -28.8224773407, 64.4918441772, -18.3598861694, 172.454605103, 10.1675682068, 70.6507492065, -19.8286857605, 28.4294528961, 1.66329908371, 15.8819284439, 2.72515797615], [-224.789276123, 70.0293579102, 103.098831177, -81.4817810059, 72.198425293, 10.1675682068, 138.469161987, 7.53976774216, 33.6299133301, -4.20832824707, 13.0320167542, 11.3964643478, 3.35107326508], [225.871276855, -142.374542236, -20.0447254181, 130.346939087, -34.6279182434, 70.6507492065, 7.53976774216, 136.711914062, 9.28505134583, 34.4053955078, 1.50321269035, 10.4438781738, -1.57307684422], [-57.4743423462, 40.8127822876, 6.21134805679, -18.5983486176, 47.0123519897, -19.8286857605, 33.6299133301, 9.28505134583, 91.7039031982, 27.4616985321, 10.2136182785, -5.07419633865, 2.49273228645], [54.0166893005, -49.8631362915, -6.46816301346, 40.0347518921, 5.50829172134, 28.4294528961, -4.20832824707, 34.4053955078, 27.4616985321, 79.1461410522, 23.647731781, 12.042555809, -0.171089157462], [-43.780254364, -18.4574565887, 11.1505556107, 21.540681839, 16.3345375061, 1.66329908371, 13.0320167542, 1.50321269035, 10.2136182785, 23.647731781, 60.6864204407, 22.3147773743, -1.7003890276], [-28.1632518768, -28.8902397156, 24.609664917, 11.9936475754, 9.36730766296, 15.8819284439, 11.3964643478, 10.4438781738, -5.07419633865, 12.042555809, 22.3147773743, 55.8851203918, 23.1834926605], [-29.0956516266, 21.4350624084, -17.7459278107, -16.7134380341, 2.42930293083, 2.72515797615, 3.35107326508, -1.57307684422, 2.49273228645, -0.171089157462, -1.7003890276, 23.1834926605, 57.2827758789]], "icov": [[0.000339070131304, 0.000159209914273, 0.000142782388139, -0.000163398319273, 4.90980892209e-06, -0.000247534393566, 0.000280684325844, -0.000126684652059, -8.61807420733e-05, 6.78588476148e-05, 0.000215746418689, 0.000128098312416, 5.93884869886e-05], [0.000159209914273, 0.00148476229515, 2.46414656431e-05, 0.000718452443834, -0.000311230047373, -9.98727264232e-05, 0.000122822719277, 0.000439044495579, -0.000422388955485, 0.000371913803974, -1.14697122626e-05, 0.000759146118071, -0.000522738031577], [0.000142782388139, 2.46414656431e-05, 0.00214701611549, 0.000426030164817, -0.00086223782273, 0.000477333524032, -0.000868685892783, -0.000605352746788, 0.00086171249859, -0.000251684978139, 0.000446823862148, -0.00127665640321, 0.00139249570202], [-0.000163398319273, 0.000718452443834, 0.000426030164817, 0.00259115360677, -0.000939263380133, 0.000284300156636, 0.00115882128011, -0.0019272712525, 0.000387187261367, 0.000329322647303, -0.00101329723839, -5.9536912886e-05, 0.000419908872573], [4.90980892209e-06, -0.000311230047373, -0.00086223782273, -0.000939263380133, 0.00647976156324, -0.000428796804044, -0.0025527542457, 0.00277392333373, -0.00266219256446, -0.000407843879657, -3.08911717184e-06, -0.000663624377921, -6.79769873386e-05], [-0.000247534393566, -9.98727264232e-05, 0.000477333524032, 0.000284300156636, -0.000428796804044, 0.00864725746214, -0.0017186885234, -0.00382487964816, 0.00371537124738, -0.00287391990423, 0.000882700667717, -0.00119944731705, 8.61569715198e-05], [0.000280684325844, 0.000122822719277, -0.000868685892783, 0.00115882128011, -0.0025527542457, -0.0017186885234, 0.0118555473164, -0.00261216447689, -0.00370163680054, 0.00390896294266, -0.0022995385807, -0.000971069850493, 8.78457940416e-05], [-0.000126684652059, 0.000439044495579, -0.000605352746788, -0.0019272712525, 0.00277392333373, -0.00382487964816, -0.00261216447689, 0.0136241372675, -0.00269264332019, -0.00324467872269, 0.00261003454216, -0.00126381847076, 0.00030923759914], [-8.61807420733e-05, -0.000422388955485, 0.00086171249859, 0.000387187261367, -0.00266219256446, 0.00371537124738, -0.00370163680054, -0.00269264332019, 0.0172844864428, -0.00689535634592, -0.000779472116847, 0.00406564678997, -0.00186838069931], [6.78588476148e-05, 0.000371913803974, -0.000251684978139, 0.000329322647303, -0.000407843879657, -0.00287391990423, 0.00390896294266, -0.00324467872269, -0.00689535634592, 0.0198829565197, -0.00646020611748, -0.00160536298063, 0.000567055889405], [0.000215746418689, -1.14697122626e-05, 0.000446823862148, -0.00101329723839, -3.08911717184e-06, 0.000882700667717, -0.0022995385807, 0.00261003454216, -0.000779472116847, -0.00646020611748, 0.0239705108106, -0.0105120632797, 0.00510159879923], [0.000128098312416, 0.000759146118071, -0.00127665640321, -5.9536912886e-05, -0.000663624377921, -0.00119944731705, -0.000971069850493, -0.00126381847076, 0.00406564678997, -0.00160536298063, -0.0105120632797, 0.0302210655063, -0.0132494028658], [5.93884869886e-05, -0.000522738031577, 0.00139249570202, 0.000419908872573, -6.79769873386e-05, 8.61569715198e-05, 8.78457940416e-05, 0.00030923759914, -0.00186838069931, 0.000567055889405, 0.00510159879923, -0.0132494028658, 0.0238358043134]], "mean": [-662.647583008, 171.085372925, -18.4668579102, 38.02942276, 2.26825118065, 15.4724740982, -2.0882730484, 12.0913963318, 1.58477258682, 4.88140678406, 1.38698792458, 1.08890354633, 3.51652407646]}, "pitch_salience": {"dmean": 0.0939940363169, "dmean2": 0.157372117043, "dvar": 0.006491930224, "dvar2": 0.0174715779722, "max": 0.841004490852, "mean": 0.531387150288, "median": 0.547396123409, "min": 0.102217614651, "var": 0.0172593500465}, "silence_rate_20dB": {"dmean": 0.000264456990408, "dmean2": 0.00052893726388, "dvar": 0.000264363741735, "dvar2": 0.000793143582996, "max": 1, "mean": 0.999867796898, "median": 1, "min": 0, "var": 0.000132195156766}, "silence_rate_30dB": {"dmean": 0.128526091576, "dmean2": 0.257063508034, "dvar": 0.112013779581, "dvar2": 0.230286866426, "max": 1, "mean": 0.881925165653, "median": 1, "min": 0, "var": 0.104118064046}, "silence_rate_60dB": {"dmean": 0.0053772921674, "dmean2": 0.010755058378, "dvar": 0.0053496947512, "dvar2": 0.0136415818706, "max": 1, "mean": 0.0204945132136, "median": 0, "min": 0, "var": 0.0200771037489}, "spectral_centroid": {"dmean": 219.381393433, "dmean2": 325.716827393, "dvar": 58931.4023438, "dvar2": 121667.835938, "max": 3727.34985352, "mean": 1094.75830078, "median": 917.41619873, "min": 121.508018494, "var": 366675}, "spectral_complexity": {"dmean": 4.26383972168, "dmean2": 6.14290142059, "dvar": 22.6680545807, "dvar2": 37.4969596863, "max": 60, "mean": 21.0613079071, "median": 19, "min": 0, "var": 135.282546997}, "spectral_contrast_coeffs": {"dmean": [0.0565975755453, 0.0472796969116, 0.0377989001572, 0.0289737693965, 0.0235713664442, 0.0471007227898], "dmean2": [0.0948481038213, 0.0780160725117, 0.0622928366065, 0.0474308766425, 0.0378664061427, 0.0715043917298], "dvar": [0.00195786100812, 0.00133734499104, 0.000886143243406, 0.000550268043298, 0.000405997241614, 0.00187679484952], "dvar2": [0.00538750644773, 0.00362852145918, 0.00233290414326, 0.00141164811794, 0.000987922307104, 0.00399699015543], "max": [-0.356049507856, -0.471117585897, -0.529486060143, -0.512843549252, -0.536097824574, -0.423294126987], "mean": [-0.696501910686, -0.768706321716, -0.798294246197, -0.806815385818, -0.808993160725, -0.736579239368], "median": [-0.701498746872, -0.774182856083, -0.804111480713, -0.814345002174, -0.809803247452, -0.746422290802], "min": [-0.947654604912, -0.957079052925, -0.945495426655, -0.952390551567, -0.953154265881, -0.92109888792], "var": [0.00511426478624, 0.00393773708493, 0.00277918297797, 0.00232005724683, 0.00176309188828, 0.00811302941293]}, "spectral_contrast_valleys": {"dmean": [0.453648656607, 0.365187078714, 0.335387587547, 0.314601629972, 0.354051738977, 0.667304694653], "dmean2": [0.734114229679, 0.590469121933, 0.529923200607, 0.472423583269, 0.492564797401, 1.05792737007], "dvar": [0.142871290445, 0.0979741960764, 0.0886116996408, 0.101232275367, 0.156821101904, 0.320046782494], "dvar2": [0.346564143896, 0.232919856906, 0.19019754231, 0.194260671735, 0.288664102554, 0.762328267097], "max": [-4.57368850708, -4.55218839645, -5.16320514679, -5.33680677414, -5.19318675995, -8.84637546539], "mean": [-6.50926303864, -6.34814167023, -6.86726140976, -7.31569957733, -7.57635784149, -11.1345672607], "median": [-6.43085575104, -6.26630544662, -6.79634380341, -7.2749209404, -7.48946380615, -11.0811433792], "min": [-12.2744369507, -11.9473285675, -12.7511606216, -13.1650724411, -13.4676122665, -15.4763641357], "var": [0.582543849945, 0.387432903051, 0.40504232049, 0.465955287218, 0.835822165012, 0.737983226776]}, "spectral_decrease": {"dmean": 7.66129826246e-09, "dmean2": 1.2969413099e-08, "dvar": 1.95388425135e-16, "dvar2": 5.21847363804e-16, "max": 8.57445225932e-09, "mean": -1.05374899917e-08, "median": -7.07189951044e-09, "min": -1.53584693408e-07, "var": 1.66723771409e-16}, "spectral_energy": {"dmean": 0.0321604944766, "dmean2": 0.0534121207893, "dvar": 0.00320871267468, "dvar2": 0.00839830189943, "max": 0.612559974194, "mean": 0.0542310029268, "median": 0.0404971390963, "min": 1.29125169224e-07, "var": 0.00295838294551}, "spectral_energyband_high": {"dmean": 0.000606168352533, "dmean2": 0.000868075003382, "dvar": 1.46736635998e-06, "dvar2": 3.18114121001e-06, "max": 0.0256601516157, "mean": 0.00138496479485, "median": 0.000480932911159, "min": 2.49155203136e-08, "var": 4.90403772346e-06}, "spectral_energyband_low": {"dmean": 0.0271483659744, "dmean2": 0.046538349241, "dvar": 0.00275372574106, "dvar2": 0.00742406444624, "max": 0.586276471615, "mean": 0.0300065204501, "median": 0.0146949319169, "min": 2.27478302861e-08, "var": 0.00222727586515}, "spectral_energyband_middle_high": {"dmean": 0.00220888783224, "dmean2": 0.00325009343214, "dvar": 1.48868402903e-05, "dvar2": 3.22361338476e-05, "max": 0.0972960814834, "mean": 0.00543201109394, "median": 0.00337439007126, "min": 9.45064382307e-09, "var": 4.04743113904e-05}, "spectral_energyband_middle_low": {"dmean": 0.00508864596486, "dmean2": 0.00816572643816, "dvar": 5.34589926247e-05, "dvar2": 0.000133413661388, "max": 0.113005153835, "mean": 0.0119920028374, "median": 0.00939358212054, "min": 5.06692039437e-08, "var": 0.000105920422357}, "spectral_entropy": {"dmean": 0.177905604243, "dmean2": 0.261340171099, "dvar": 0.0327685922384, "dvar2": 0.0666743293405, "max": 8.48504543304, "mean": 7.44032764435, "median": 7.52233409882, "min": 5.59873914719, "var": 0.151691362262}, "spectral_flux": {"dmean": 0.0481948368251, "dmean2": 0.0775406062603, "dvar": 0.0044400091283, "dvar2": 0.00881910696626, "max": 0.710310995579, "mean": 0.137120127678, "median": 0.114180006087, "min": 0.000359339901479, "var": 0.00703772949055}, "spectral_kurtosis": {"dmean": 5.63589334488, "dmean2": 8.61691856384, "dvar": 63.7272071838, "dvar2": 152.943283081, "max": 150.280654907, "mean": 20.8332023621, "median": 17.9722156525, "min": 5.03046703339, "var": 134.324325562}, "spectral_rms": {"dmean": 0.00182892370503, "dmean2": 0.00290093338117, "dvar": 5.76373349759e-06, "dvar2": 1.38201221489e-05, "max": 0.0244462583214, "mean": 0.00664321240038, "median": 0.00628565065563, "min": 1.12238931251e-05, "var": 8.77593083715e-06}, "spectral_rolloff": {"dmean": 5429.07177734, "dmean2": 10444.0791016, "dvar": 66792420, "dvar2": 156238544, "max": 22028.4667969, "mean": 9307.72265625, "median": 2390.18554688, "min": 43.06640625, "var": 93963608}, "spectral_skewness": {"dmean": 0.412835329771, "dmean2": 0.606335520744, "dvar": 0.245674207807, "dvar2": 0.545476078987, "max": 9.42403697968, "mean": 3.06325554848, "median": 2.85978388786, "min": 1.12266218662, "var": 0.857351541519}, "spectral_spread": {"dmean": 488719.40625, "dmean2": 731376.1875, "dvar": 214724034560, "dvar2": 456472428544, "max": 14013762, "mean": 3779920.25, "median": 3764694.25, "