{"lowlevel": {"average_loudness": 0.355041742325, "barkbands": {"dmean": [1.08777685455e-05, 0.00100643385667, 0.000932084163651, 0.00080331589561, 0.00143540953286, 0.000931369664613, 0.00137997383717, 0.00118032097816, 0.000501989678014, 0.000297315069474, 0.00025038322201, 0.000194104883121, 0.000199894275283, 0.000201741844648, 0.000256358529441, 0.000145120662637, 0.000110888606287, 7.64322030591e-05, 2.66927618213e-05, 9.50500088948e-06, 7.66193170421e-06, 5.4854190239e-06, 2.89925333163e-06, 2.13093858292e-06, 8.94093091119e-07, 2.88093929157e-07, 8.81653150486e-08], "dmean2": [1.82550993486e-05, 0.00171064480674, 0.0015788039891, 0.00135008187499, 0.0022952305153, 0.00142811029218, 0.00210301927291, 0.00180237123277, 0.000749810948037, 0.000444685632829, 0.000389652355807, 0.000305906491121, 0.000304560962832, 0.000314215722028, 0.000387855456211, 0.000226331758313, 0.000166905039805, 0.0001168518138, 4.24729405495e-05, 1.44819532579e-05, 1.03901620605e-05, 7.71148643253e-06, 4.0835134314e-06, 3.02987132272e-06, 1.22849985473e-06, 4.1717285626e-07, 1.46032562043e-07], "dvar": [1.31137578574e-09, 6.22004699835e-06, 4.84833299197e-06, 5.78465596845e-06, 8.64803314471e-06, 3.61591969522e-06, 1.31139813675e-05, 1.49057268573e-05, 3.47225818587e-06, 1.14452393518e-06, 8.96979827303e-07, 1.01185980839e-06, 7.94550203409e-07, 7.12386565738e-07, 8.95728021533e-07, 2.52737777373e-07, 2.84756822566e-07, 9.36790485184e-08, 5.24982191052e-09, 1.31977728746e-09, 2.58350851823e-09, 1.44457645845e-09, 3.37014610663e-10, 1.25125507178e-10, 1.40134388468e-11, 1.18357277104e-12, 2.12370174072e-13], "dvar2": [3.36539351942e-09, 1.72510881384e-05, 1.31494607558e-05, 1.46428319567e-05, 2.18737768591e-05, 8.30550561659e-06, 2.76738264802e-05, 3.27447160089e-05, 7.03774821886e-06, 2.15454042518e-06, 1.91982439901e-06, 2.36625942307e-06, 1.75491084065e-06, 1.69029817698e-06, 1.9452484139e-06, 5.56420388875e-07, 5.81429787871e-07, 1.97731822027e-07, 1.2816761874e-08, 2.53127874217e-09, 4.59056703761e-09, 2.31571117837e-09, 6.42018493924e-10, 2.50304249549e-10, 2.59497718452e-11, 2.32938906879e-12, 5.04235271159e-13], "max": [0.00059872190468, 0.049901522696, 0.0480493158102, 0.0611319467425, 0.0704121515155, 0.0747796371579, 0.0955879539251, 0.104014128447, 0.0625862553716, 0.0417279265821, 0.0383870862424, 0.044408775866, 0.0279539059848, 0.0403219610453, 0.0292950291187, 0.0169803462923, 0.0287251230329, 0.00909399893135, 0.00228933803737, 0.00186100020073, 0.00278861797415, 0.00300143752247, 0.00104416557588, 0.000425443955464, 0.0001585528953, 2.98638369713e-05, 1.2703104403e-05], "mean": [1.7145419406e-05, 0.002284176182, 0.00192752224393, 0.00117662094999, 0.00282094650902, 0.00197573192418, 0.00237156683579, 0.00246552191675, 0.000920122663956, 0.000539028260391, 0.000403033540351, 0.000320505525451, 0.000328479771269, 0.000309756607749, 0.000491951592267, 0.000272027595202, 0.000219827677938, 0.000158046008437, 5.27969314135e-05, 1.77752208401e-05, 1.3072774891e-05, 8.84492419573e-06, 4.40768690169e-06, 3.33790944751e-06, 1.46477327689e-06, 3.88115893202e-07, 9.45222922155e-08], "median": [4.64905770059e-06, 0.00179390679114, 0.00132254115306, 0.000527374388184, 0.00128449569456, 0.000876630423591, 0.000572953431401, 0.000254858983681, 0.000174698710907, 8.83132015588e-05, 6.33542076685e-05, 4.37482303823e-05, 3.91536523239e-05, 3.19984319503e-05, 4.03357516916e-05, 2.35797124333e-05, 1.87798686966e-05, 1.64186894835e-05, 8.33882768347e-06, 3.97801250074e-06, 1.80574420483e-06, 1.33604373787e-06, 7.2242812621e-07, 6.08637265032e-07, 2.55147369899e-07, 8.20051013761e-08, 3.25008997493e-08], "min": [2.43533154912e-24, 1.90174445511e-24, 4.99184238848e-24, 3.1127569768e-24, 1.50566094447e-23, 1.62194535279e-23, 8.66010081802e-24, 1.40606630855e-23, 2.82581986657e-24, 1.89884184141e-23, 2.05568379767e-23, 2.69154797023e-23, 3.64939424094e-23, 5.5269488286e-23, 4.13468947915e-23, 7.11175082343e-23, 8.15856230269e-23, 1.22537626671e-22, 1.05520824095e-22, 2.02341093006e-22, 2.66889718617e-22, 3.27429479326e-22, 4.25938693125e-22, 6.46433217365e-22, 9.87829952334e-22, 1.38339757634e-21, 2.01372778236e-21], "var": [1.17299103763e-09, 6.84873248247e-06, 5.6909984778e-06, 5.79074549023e-06, 2.10589605558e-05, 1.09301190605e-05, 3.12870834023e-05, 6.32583178231e-05, 9.6971352832e-06, 3.49384845322e-06, 1.78308755494e-06, 1.7570731643e-06, 1.608144089e-06, 1.53986729856e-06, 2.64714049081e-06, 7.01150952409e-07, 9.30715998493e-07, 2.95427923902e-07, 1.35653843714e-08, 3.27783111764e-09, 6.28722007789e-09, 3.21285820171e-09, 6.29069685232e-10, 2.17026244198e-10, 3.11289084787e-11, 1.88291244575e-12, 1.9805352833e-13]}, "barkbands_crest": {"dmean": 2.18002700806, "dmean2": 3.52660226822, "dvar": 4.31341266632, "dvar2": 10.3254556656, "max": 25.074678421, "mean": 10.2430419922, "median": 9.52619457245, "min": 2.75857853889, "var": 15.9107284546}, "barkbands_flatness_db": {"dmean": 0.0185587070882, "dmean2": 0.0272692926228, "dvar": 0.000364649342373, "dvar2": 0.000748062797356, "max": 0.45679962635, "mean": 0.22079525888, "median": 0.215248733759, "min": 0.0531602948904, "var": 0.00389100052416}, "barkbands_kurtosis": {"dmean": 2.56266593933, "dmean2": 4.04464912415, "dvar": 17.2141227722, "dvar2": 42.2447280884, "max": 132.262039185, "mean": 5.1652340889, "median": 3.10331630707, "min": -1.83619141579, "var": 49.9362106323}, "barkbands_skewness": {"dmean": 0.427113562822, "dmean2": 0.656535863876, "dvar": 0.201756954193, "dvar2": 0.458740890026, "max": 8.66640377045, "mean": 1.4243503809, "median": 1.35462319851, "min": -3.56819915771, "var": 1.11267280579}, "barkbands_spread": {"dmean": 2.43818497658, "dmean2": 3.73370599747, "dvar": 12.9272098541, "dvar2": 24.7253723145, "max": 138.986968994, "mean": 11.5182561874, "median": 8.1765499115, "min": 0.629984617233, "var": 164.993896484}, "dissonance": {"dmean": 0.0311682112515, "dmean2": 0.0522057153285, "dvar": 0.000894998840522, "dvar2": 0.00240141712129, "max": 0.499999970198, "mean": 0.431112885475, "median": 0.443035423756, "min": 0.174407452345, "var": 0.00246652308851}, "dynamic_complexity": 6.15383720398, "erbbands": {"dmean": [0.0169181991369, 0.273342996836, 0.997446775436, 1.79811894894, 3.51425480843, 5.91070127487, 6.53241157532, 8.62958812714, 15.6690940857, 23.9384460449, 22.9843482971, 12.4627656937, 8.95220947266, 10.1026725769, 8.51764583588, 7.53170728683, 8.82271385193, 8.48625087738, 12.2174758911, 10.0167179108, 6.75104236603, 5.49059963226, 4.20365047455, 2.27073860168, 0.80705177784, 0.413462907076, 0.315465033054, 0.292972177267, 0.207321047783, 0.136993318796, 0.0737382397056, 0.0534281358123, 0.0316846258938, 0.0129212057218, 0.0051703019999, 0.00156728934962, 0.00050070771249, 0.000113053582027, 1.32712993945e-05, 6.67315680403e-06], "dmean2": [0.028017103672, 0.468669980764, 1.698174119, 3.00558447838, 5.74695539474, 9.39285373688, 10.4345245361, 12.9954204559, 24.4426956177, 36.5678825378, 34.4570388794, 18.6875610352, 13.252696991, 15.8916454315, 13.1042728424, 11.6460189819, 13.5665712357, 13.1873445511, 18.5266113281, 15.2381906509, 10.2129535675, 8.22005939484, 6.35505723953, 3.42585730553, 1.25529134274, 0.623779416084, 0.430326044559, 0.40978088975, 0.290055841208, 0.194173052907, 0.103219091892, 0.0757556036115, 0.0449284985662, 0.0181949436665, 0.00708573916927, 0.00219164742157, 0.000747471291106, 0.000174472603248, 2.15573454625e-05, 1.02308085843e-05], "dvar": [0.00206682318822, 0.460760056973, 5.98941421509, 20.1653862, 84.568977356, 185.623153687, 187.545028687, 343.512481689, 1866.6607666, 4745.0234375, 6206.63623047, 1836.80639648, 1394.73583984, 1317.35424805, 1315.15075684, 1502.33813477, 1775.94384766, 974.411010742, 2164.74560547, 1425.89746094, 596.45489502, 946.20703125, 286.469848633, 48.8710327148, 4.39330196381, 2.74796032906, 3.37218642235, 4.55703353882, 1.9944601059, 0.895863711834, 0.205433622003, 0.100617036223, 0.0294635202736, 0.00335906259716, 0.000500749098137, 3.31004484906e-05, 4.02192745241e-06, 2.49318446777e-07, 4.06424227606e-09, 1.59815258249e-10], "dvar2": [0.00545297702774, 1.2945073843, 16.4166355133, 52.2920837402, 213.868927002, 455.7840271, 484.098419189, 739.488586426, 4282.5, 10644.6015625, 12594.0019531, 3799.73950195, 2845.66967773, 2890.3527832, 2889.50830078, 3672.52563477, 4064.17822266, 2222.69238281, 4614.69824219, 3163.9699707, 1165.05529785, 2015.51635742, 608.210266113, 103.127388, 9.00785636902, 5.15087366104, 5.41256046295, 9.26497268677, 3.23350715637, 1.58041143417, 0.373118907213, 0.220138728619, 0.0637317821383, 0.00649673864245, 0.000935301708523, 5.88401526329e-05, 8.59225474414e-06, 5.39393909094e-07, 9.72900959795e-09, 3.77868042412e-10], "max": [0.72058236599, 13.7295742035, 53.5839004517, 94.0820846558, 314.11239624, 334.449676514, 339.958892822, 709.112854004, 1063.50500488, 1885.9744873, 2323.58227539, 1667.36328125, 1838.515625, 1539.97338867, 1819.38061523, 2213.16381836, 1427.00964355, 933.255432129, 1932.58911133, 955.988586426, 1132.14575195, 1900.41638184, 591.139099121, 212.522277832, 104.353134155, 81.6818008423, 126.737060547, 113.988815308, 107.699401855, 65.3280334473, 30.0128574371, 16.8579597473, 6.48273468018, 2.42412137985, 0.929992735386, 0.194962263107, 0.0567111745477, 0.0167340505868, 0.00156013469677, 0.000323489075527], "mean": [0.0429311133921, 0.603262901306, 2.12815237045, 3.1325507164, 5.98763561249, 10.8247785568, 12.5142040253, 17.8247299194, 27.969537735, 42.0996742249, 51.7626495361, 24.7158489227, 16.7399978638, 18.0733795166, 15.3687019348, 13.9817581177, 14.8088569641, 15.7101507187, 24.7780227661, 21.2788085938, 14.0116386414, 11.8745498657, 9.29456329346, 4.92892456055, 1.83296978474, 0.815357148647, 0.561989665031, 0.48683732748, 0.335792571306, 0.209215313196, 0.115487739444, 0.0804073065519, 0.0484007261693, 0.0209243670106, 0.00830472353846, 0.00231517944485, 0.000631783856079, 0.000136441201903, 2.24887753575e-05, 2.27304844884e-05], "median": [0.0358038544655, 0.430227786303, 1.70341861248, 2.05539035797, 2.91013145447, 4.16481256485, 5.24353694916, 7.77702045441, 8.58188056946, 9.52076244354, 6.70274114609, 5.29412221909, 2.9088010788, 3.64213895798, 2.25457382202, 2.12867689133, 2.01928377151, 2.22622084618, 2.37067389488, 1.94662284851, 1.4287416935, 1.05456399918, 1.037586689, 0.588168799877, 0.38115927577, 0.189800292253, 0.0982293635607, 0.0628527700901, 0.0494270846248, 0.0347862616181, 0.0197794176638, 0.0150242447853, 0.00787792727351, 0.00341590004973, 0.00143122428562, 0.000473630032502, 0.000137938885018, 3.72136491933e-05, 1.2280145711e-05, 1.49887455336e-05], "min": [7.1526990153e-23, 7.05203783944e-22, 5.95858827238e-21, 9.14588804037e-21, 1.05684512859e-20, 3.2875201309e-20, 4.23381216672e-20, 1.39982896183e-19, 1.38823163115e-19, 2.86337642173e-19, 3.5576479799e-19, 1.14198526192e-19, 5.18654961973e-19, 7.6322517894e-19, 1.36291602699e-18, 1.53511424761e-18, 1.4321068935e-18, 2.59907675808e-18, 3.365067512e-18, 3.14874696052e-18, 4.98828828217e-18, 5.51453727916e-18, 6.01568548045e-18, 6.25357104409e-18, 7.37221908524e-18, 9.19921952163e-18, 1.06738120658e-17, 1.1486899175e-17, 1.04922773542e-17, 1.27974948909e-17, 1.18806545174e-17, 1.12214734601e-17, 1.05088904496e-17, 9.2733224968e-18, 7.50493938734e-18, 4.39735996514e-18, 2.30907736828e-18, 9.61457358377e-19, 2.6333408538e-19, 2.79265836009e-20], "var": [0.00237311143428, 0.496744036674, 6.26388978958, 21.2211475372, 116.339805603, 432.672973633, 451.07119751, 1011.21533203, 4043.74194336, 10615.1816406, 31670.6992188, 5091.96484375, 4233.77392578, 3247.60742188, 2928.1015625, 2836.82421875, 3058.44702148, 2364.94580078, 7878.16894531, 4489.32421875, 1890.2232666, 3094.87963867, 975.408752441, 181.709640503, 15.0532503128, 7.05426883698, 8.55680656433, 9.60854911804, 4.57057857513, 1.73597598076, 0.405221700668, 0.147590667009, 0.0485157258809, 0.00690813641995, 0.00105962494854, 6.54938921798e-05, 5.34536775376e-06, 2.99963801353e-07, 3.99895849768e-09, 5.48410150625e-10]}, "erbbands_crest": {"dmean": 2.75364637375, "dmean2": 4.39077138901, "dvar": 6.91062831879, "dvar2": 16.4967079163, "max": 32.5574264526, "mean": 10.9750843048, "median": 9.55309772491, "min": 2.35630893707, "var": 27.317522049}, "erbbands_flatness_db": {"dmean": 0.0176663398743, "dmean2": 0.024981668219, "dvar": 0.000309234281303, "dvar2": 0.000580514373723, "max": 0.4011901021, "mean": 0.225197866559, "median": 0.226607918739, "min": 0.0242396574467, "var": 0.00230902805924}, "erbbands_kurtosis": {"dmean": 1.47107028961, "dmean2": 2.29993534088, "dvar": 5.70022821426, "dvar2": 13.5094146729, "max": 57.0084152222, "mean": 2.06737399101, "median": 0.657515406609, "min": -1.89454102516, "var": 20.1669616699}, "erbbands_skewness": {"dmean": 0.385604709387, "dmean2": 0.588354885578, "dvar": 0.137354567647, "dvar2": 0.312939435244, "max": 5.04294967651, "mean": 0.742505729198, "median": 0.709401607513, "min": -4.87513494492, "var": 0.892253518105}, "erbbands_spread": {"dmean": 4.44919776917, "dmean2": 6.71057033539, "dvar": 29.2928504944, "dvar2": 53.4032287598, "max": 127.922561646, "mean": 22.5111980438, "median": 20.4961700439, "min": 1.17078697681, "var": 172.391906738}, "gfcc": {"cov": [[16563.9101562, 1607.8536377, -2396.73461914, 621.39666748, -738.225402832, 287.164215088, -631.209960938, 243.187103271, -193.320007324, -65.4812698364, -57.7081565857, -137.386993408, -60.0776062012], [1607.8536377, 1065.06628418, 84.8771972656, -71.2804336548, 63.6444396973, -14.1166372299, 68.6476287842, -52.0801239014, 20.9347801208, -13.9835739136, 43.5562934875, 10.0666627884, 6.99140882492], [-2396.73461914, 84.8771972656, 1434.93017578, 179.840545654, 8.55113887787, 107.423034668, 234.719558716, -131.967529297, -33.008895874, 112.299705505, -13.1943712234, 105.605194092, 20.6601314545], [621.39666748, -71.2804336548, 179.840545654, 444.035797119, 1.51123487949, 25.6613674164, -41.4329452515, 16.2601833344, -8.97826099396, 51.1201934814, 3.31051135063, 3.79403972626, 26.6053276062], [-738.225402832, 63.6444396973, 8.55113887787, 1.51123487949, 320.075469971, -19.1136493683, -41.5825691223, 26.8803672791, 81.5146102905, -3.99121499062, 11.3918867111, -17.4213085175, 6.63704586029], [287.164215088, -14.1166372299, 107.423034668, 25.6613674164, -19.1136493683, 203.660186768, 90.4521484375, 9.9095249176, -32.5048179626, 12.6829586029, -22.8759498596, 7.94225645065, -11.0973033905], [-631.209960938, 68.6476287842, 234.719558716, -41.4329452515, -41.5825691223, 90.4521484375, 278.527008057, 12.1522464752, -39.3598213196, 5.29626131058, 2.85044670105, 30.2635383606, -9.93623352051], [243.187103271, -52.0801239014, -131.967529297, 16.2601833344, 26.8803672791, 9.9095249176, 12.1522464752, 150.8515625, 44.9039306641, -13.9223794937, 10.1780395508, -14.3586235046, -3.94973278046], [-193.320007324, 20.9347801208, -33.008895874, -8.97826099396, 81.5146102905, -32.5048179626, -39.3598213196, 44.9039306641, 131.832733154, 25.8423404694, 10.8610057831, -22.0498008728, -10.580616951], [-65.4812698364, -13.9835739136, 112.299705505, 51.1201934814, -3.99121499062, 12.6829586029, 5.29626131058, -13.9223794937, 25.8423404694, 102.746116638, 16.7234077454, -7.05198431015, -11.490275383], [-57.7081565857, 43.5562934875, -13.1943712234, 3.31051135063, 11.3918867111, -22.8759498596, 2.85044670105, 10.1780395508, 10.8610057831, 16.7234077454, 78.7393112183, 11.5495347977, -1.01791441441], [-137.386993408, 10.0666627884, 105.605194092, 3.79403972626, -17.4213085175, 7.94225645065, 30.2635383606, -14.3586235046, -22.0498008728, -7.05198431015, 11.5495347977, 92.7649078369, 27.2378368378], [-60.0776062012, 6.99140882492, 20.6601314545, 26.6053276062, 6.63704586029, -11.0973033905, -9.93623352051, -3.94973278046, -10.580616951, -11.490275383, -1.01791441441, 27.2378368378, 76.0774688721]], "icov": [[0.000452454230981, -0.00106145686004, 0.000829793512821, -0.000894127821084, 0.00116100325249, -0.00115052203182, 0.0012018425623, -0.000822342466563, 0.000627514440566, -0.00055587204406, 0.000765666191, -0.000482500676299, 0.00057366292458], [-0.00106145686004, 0.00353993917815, -0.00195626588538, 0.00217160955071, -0.0028905950021, 0.00270682666451, -0.00319311395288, 0.00254608085379, -0.00186583504546, 0.00171702133957, -0.00247984053567, 0.0012863430893, -0.00152345257811], [0.000829793512821, -0.00195626588538, 0.00271554733627, -0.00215407530777, 0.00185870961286, -0.0021718647331, 0.0011396035552, -0.000403943675337, 0.000831563374959, -0.00195044069551, 0.00194799038582, -0.00196273485199, 0.00104966654908], [-0.000894127821084, 0.00217160955071, -0.00215407530777, 0.00463981414214, -0.00229901843704, 0.00190227804706, -0.00128170195967, 0.000443873461336, -0.000287112838123, -0.000233046972426, -0.00167738215532, 0.00136214203667, -0.00219484255649], [0.00116100325249, -0.0028905950021, 0.00185870961286, -0.00229901843704, 0.00691765593365, -0.00326957716607, 0.00358165241778, -0.00218950770795, -0.000877834914718, -0.000294628291158, 0.00133543019183, -0.000550428580027, 0.000803745177109], [-0.00115052203182, 0.00270682666451, -0.0021718647331, 0.00190227804706, -0.00326957716607, 0.00939878821373, -0.00485427444801, 0.00108710525092, 4.60246083094e-05, 0.000123539284687, 0.000293233344564, 0.000838944630232, -0.000425471895142], [0.0012018425623, -0.00319311395288, 0.0011396035552, -0.00128170195967, 0.00358165241778, -0.00485427444801, 0.00899198744446, -0.00425616418943, 0.00325115257874, -0.00149146851618, 0.00134522351436, -0.0017749943072, 0.00219456432387], [-0.000822342466563, 0.00254608085379, -0.000403943675337, 0.000443873461336, -0.00218950770795, 0.00108710525092, -0.00425616418943, 0.0113299246877, -0.00549972662702, 0.00338303018361, -0.00294022029266, 0.00128304585814, -0.00129962305073], [0.000627514440566, -0.00186583504546, 0.000831563374959, -0.000287112838123, -0.000877834914718, 4.60246083094e-05, 0.00325115257874, -0.00549972662702, 0.0134146148339, -0.00498630106449, 0.00158122286666, 0.000191815503058, 0.00182902358938], [-0.00055587204406, 0.00171702133957, -0.00195044069551, -0.000233046972426, -0.000294628291158, 0.000123539284687, -0.00149146851618, 0.00338303018361, -0.00498630106449, 0.0146361310035, -0.00476036872715, 0.00251049245708, 0.000593535602093], [0.000765666191, -0.00247984053567, 0.00194799038582, -0.00167738215532, 0.00133543019183, 0.000293233344564, 0.00134522351436, -0.00294022029266, 0.00158122286666, -0.00476036872715, 0.0166692379862, -0.00406879279763, 0.00202015182003], [-0.000482500676299, 0.0012863430893, -0.00196273485199, 0.00136214203667, -0.000550428580027, 0.000838944630232, -0.0017749943072, 0.00128304585814, 0.000191815503058, 0.00251049245708, -0.00406879279763, 0.0150581821799, -0.00547724263743], [0.00057366292458, -0.00152345257811, 0.00104966654908, -0.00219484255649, 0.000803745177109, -0.000425471895142, 0.00219456432387, -0.00129962305073, 0.00182902358938, 0.000593535602093, 0.00202015182003, -0.00547724263743, 0.0166390500963]], "mean": [-116.446296692, 161.561355591, -107.792938232, 13.9919500351, -42.5770606995, -5.13748455048, -34.7290878296, 1.2801014185, -10.1437120438, -4.75715112686, -7.62026453018, -6.22166585922, -8.73803806305]}, "hfc": {"dmean": 2.57977557182, "dmean2": 3.71599650383, "dvar": 24.0941467285, "dvar2": 47.0034675598, "max": 124.407234192, "mean": 10.1076135635, "median": 4.71341991425, "min": 1.08308733154e-16, "var": 190.626281738}, "melbands": {"dmean": [0.000216786094825, 0.00046000877046, 0.000353775365511, 0.000330492039211, 0.000228232413065, 0.000188652324141, 0.000257525476627, 0.000264782254817, 0.000171945081092, 7.68530589994e-05, 4.56999550806e-05, 4.26936312579e-05, 2.98158120131e-05, 2.23091083171e-05, 1.96098462766e-05, 2.12389186345e-05, 1.74125125341e-05, 2.1098403522e-05, 1.88358990272e-05, 1.09906668513e-05, 8.43030920805e-06, 6.7081805355e-06, 4.31642274634e-06, 3.82943107979e-06, 1.90472076156e-06, 7.48211846258e-07, 4.4920665232e-07, 2.6258638286e-07, 2.00839224362e-07, 2.11578509379e-07, 1.63806063824e-07, 1.22264680158e-07, 1.04704071191e-07, 6.93917456829e-08, 4.44079617523e-08, 3.82700129364e-08, 3.17695310059e-08, 2.47049758428e-08, 1.58484514401e-08, 9.74975122858e-09], "dmean2": [0.000364270294085, 0.000784518430009, 0.000588176306337, 0.000527723459527, 0.00036226818338, 0.000284166890197, 0.000397402473027, 0.0004048399569, 0.000258111598669, 0.000114505543024, 6.78342184983e-05, 6.70177323627e-05, 4.57002206531e-05, 3.48744397343e-05, 2.99201637972e-05, 3.32004274242e-05, 2.73486202786e-05, 3.23088061123e-05, 2.8624859624e-05, 1.69335526152e-05, 1.28897218019e-05, 1.02190169855e-05, 6.5296799221e-06, 5.72307453695e-06, 2.95281461149e-06, 1.17697220503e-06, 7.14845327821e-07, 4.04124222086e-07, 2.85692777879e-07, 2.92738150165e-07, 2.38828704369e-07, 1.74991214408e-07, 1.50508071783e-07, 1.00060596253e-07, 6.41781880972e-08, 5.739340736e-08, 4.60614622e-08, 3.56482132702e-08, 2.2760413998e-08, 1.40233931134e-08], "dvar": [2.98318440173e-07, 1.28062652038e-06, 8.86923771759e-07, 5.28842633685e-07, 2.08980537764e-07, 1.59511344577e-07, 4.68161260869e-07, 5.84925714975e-07, 3.56152440872e-07, 8.15486274064e-08, 3.68295154374e-08, 2.42527420369e-08, 1.39487230655e-08, 1.14489031589e-08, 1.05590105548e-08, 1.01890398341e-08, 4.58862237096e-09, 7.53902096307e-09, 6.00797056549e-09, 1.48392831356e-09, 9.37882882468e-10, 1.37836353442e-09, 4.26192359182e-10, 2.65871408223e-10, 3.55677570729e-11, 3.35495888883e-12, 2.30915135103e-12, 1.13276673198e-12, 1.12505621139e-12, 2.12037353821e-12, 1.54136425845e-12, 6.40920964304e-13, 6.42571607902e-13, 2.18513819235e-13, 6.85233323534e-14, 8.80878079897e-14, 2.98653652806e-14, 1.86540744602e-14, 6.47137068054e-15, 1.75476131089e-15], "dvar2": [8.15810949462e-07, 3.5416121591e-06, 2.23753772843e-06, 1.33332173391e-06, 5.2767671832e-07, 3.44574601741e-07, 1.04797766198e-06, 1.33749460929e-06, 7.16580359494e-07, 1.67005296703e-07, 7.51709450242e-08, 5.32946451415e-08, 2.94161779379e-08, 2.62165880116e-08, 2.4649143171e-08, 2.36082264848e-08, 1.08026991796e-08, 1.6597290653e-08, 1.28207267025e-08, 3.4545748484e-09, 1.86924009604e-09, 3.01971070371e-09, 8.46975489743e-10, 5.47409506613e-10, 7.94125043502e-11, 7.69349254442e-12, 4.50997876197e-12, 2.26476563198e-12, 2.00620292948e-12, 3.75425602064e-12, 3.42547236236e-12, 1.01526480365e-12, 1.31684441997e-12, 3.9847733945e-13, 1.22881482008e-13, 2.19272869176e-13, 6.36552984802e-14, 4.17761494614e-14, 1.34190872796e-14, 3.46027422041e-15], "max": [0.0101071316749, 0.0235139001161, 0.024303689599, 0.0189406983554, 0.0121149448678, 0.0167922805995, 0.0150389801711, 0.0210316106677, 0.0214205347002, 0.0107982670888, 0.00902529992163, 0.00682548107579, 0.0055616167374, 0.00525260390714, 0.00548725295812, 0.00308817392215, 0.00240386929363, 0.00340180471539, 0.0025999720674, 0.00144415243994, 0.00120517588221, 0.00181060284376, 0.000979977310635, 0.00047476569307, 0.000166463301866, 6.58641511109e-05, 7.92883802205e-05, 4.604579226e-05, 7.0944413892e-05, 7.52271153033e-05, 6.81983292452e-05, 5.67513889109e-05, 6.15469398326e-05, 3.10080686177e-05, 1.56225723913e-05, 1.88332087419e-05, 7.05269576429e-06, 4.60220053355e-06, 3.82871257898e-06, 1.49810591665e-06], "mean": [0.000518011860549, 0.00103569903877, 0.000630469992757, 0.000620564387646, 0.000452129810583, 0.000389202235965, 0.000460779381683, 0.000484415417304, 0.000379637844162, 0.000141239259392, 8.02836366347e-05, 7.27841979824e-05, 5.03778537677e-05, 3.96877658204e-05, 3.11057301587e-05, 3.40182814398e-05, 2.78345396509e-05, 3.92374422518e-05, 3.47592067556e-05, 2.18419445446e-05, 1.55277521117e-05, 1.31465621962e-05, 8.82953645487e-06, 7.71573832026e-06, 3.65658479495e-06, 1.50904418206e-06, 8.53429355629e-07, 4.64942502276e-07, 3.41335464782e-07, 3.4243328173e-07, 2.57816708427e-07, 1.93961682271e-07, 1.54804226327e-07, 1.01122331841e-07, 6.89076671279e-08, 5.277209425e-08, 4.744112303e-08, 3.65950896253e-08, 2.36519248631e-08, 1.55433941273e-08], "median": [0.000457051908597, 0.000951832276769, 0.000413297151681, 0.000265814829618, 0.000202776267543, 0.000169628678123, 0.0001311476517, 9.67852101894e-05, 4.50568368251e-05, 2.74864869425e-05, 1.20952745419e-05, 1.39614821819e-05, 7.38775452191e-06, 5.73281158722e-06, 3.72322483599e-06, 4.28984185419e-06, 3.18812908517e-06, 3.07689879264e-06, 2.85919895759e-06, 1.97707186089e-06, 1.43962404309e-06, 1.04990249383e-06, 9.29007910599e-07, 7.11006862275e-07, 3.93483958305e-07, 2.65982635028e-07, 1.71474027866e-07, 1.0014974805e-07, 5.61644100117e-08, 4.39813874209e-08, 2.89049957303e-08, 2.6372088513e-08, 2.4881870786e-08, 1.55567771998e-08, 1.10260494068e-08, 8.98666208116e-09, 8.61369198191e-09, 5.64874902409e-09, 3.42243455798e-09, 2.3604802557e-09], "min": [9.43549133164e-25, 2.08813493207e-24, 1.78257321031e-24, 3.14387655343e-24, 1.24225535784e-24, 3.36040467242e-24, 2.39142788987e-24, 3.93359258387e-24, 2.5721292992e-24, 5.18706021897e-25, 2.73156952663e-24, 2.55559674678e-24, 2.7290019816e-24, 3.56773743426e-24, 3.60568756026e-24, 2.46758018293e-24, 4.15875675762e-24, 4.78257888957e-24, 2.67662792838e-24, 4.08670456912e-24, 5.93104913818e-24, 5.36143003346e-24, 5.56220026144e-24, 5.01644183252e-24, 4.58479134468e-24, 4.37620468842e-24, 7.5141146924e-24, 4.67042811239e-24, 6.31892731211e-24, 5.45948031639e-24, 5.76335072037e-24, 4.31191883553e-24, 5.56883576494e-24, 4.90351363292e-24, 6.8371694838e-24, 6.10291392487e-24, 6.20309018793e-24, 6.62888022811e-24, 7.00577745824e-24, 7.07628742367e-24], "var": [3.29041739633e-07, 1.26314091631e-06, 9.43331599501e-07, 1.2597214436e-06, 5.15780527621e-07, 4.77068965665e-07, 1.0896145568e-06, 1.50934454268e-06, 1.77909191734e-06, 2.21427413294e-07, 1.07117926973e-07, 5.79521746147e-08, 3.04873637447e-08, 2.10180388649e-08, 1.63315725388e-08, 1.90563707037e-08, 9.66386082268e-09, 2.51483882607e-08, 1.50495633733e-08, 4.55109194775e-09, 2.59898369492e-09, 3.8325520535e-09, 1.23767707194e-09, 8.45839953634e-10, 1.03695878273e-10, 1.02323791801e-11, 5.76684446724e-12, 2.71641866986e-12, 2.56292925251e-12, 4.96153378798e-12, 2.86993605964e-12, 1.51719435626e-12, 1.07294566027e-12, 4.09121304543e-13, 1.4585689156e-13, 9.67217096887e-14, 4.55474010288e-14, 2.86466678287e-14, 1.16627788631e-14, 3.5687636826e-15]}, "melbands_crest": {"dmean": 2.59733366966, "dmean2": 4.25407505035, "dvar": 6.13184738159, "dvar2": 15.4402780533, "max": 33.1828765869, "mean": 13.3152236938, "median": 12.5839176178, "min": 1.84883320332, "var": 22.4471492767}, "melbands_flatness_db": {"dmean": 0.0210524424911, "dmean2": 0.0309298895299, "dvar": 0.000526187417563, "dvar2": 0.00105831655674, "max": 0.559362649918, "mean": 0.308172941208, "median": 0.299528956413, "min": 0.00431088870391, "var": 0.00680783158168}, "melbands_kurtosis": {"dmean": 3.91917467117, "dmean2": 6.15960121155, "dvar": 39.6089859009, "dvar2": 92.1240081787, "max": 147.14440918, "mean": 8.91558647156, "median": 5.56342601776, "min": -1.76234269142, "var": 121.225418091}, "melbands_skewness": {"dmean": 0.495363980532, "dmean2": 0.764231026173, "dvar": 0.274290949106, "dvar2": 0.608148038387, "max": 9.30016136169, "mean": 1.93463456631, "median": 1.80951666832, "min": -1.95420873165, "var": 1.42290818691}, "melbands_spread": {"dmean": 3.09760642052, "dmean2": 4.76854085922, "dvar": 24.4576244354, "dvar2": 47.831577301, "max": 183.075744629, "mean": 13.1974048615, "median": 9.80762863159, "min": 0.832894027233, "var": 160.576690674}, "mfcc": {"cov": [[10891.6132812, 1191.47314453, -1833.82702637, 49.3988265991, -48.6919555664, -286.048858643, -351.63381958, 110.023406982, -134.92237854, 83.542930603, -4.24771642685, 4.26104354858, -138.547210693], [1191.47314453, 1677.89038086, 74.3566513062, 8.73334598541, 54.4491653442, 29.0539283752, 18.3343582153, 28.495765686, -11.1857862473, -16.7643051147, 8.63072872162, 35.0718269348, 50.0005722046], [-1833.82702637, 74.3566513062, 1168.82019043, 202.085418701, -94.5371932983, 246.029907227, 180.905960083, -26.8725700378, 42.2557640076, -41.6393966675, -15.9884252548, 12.275182724, 56.4523696899], [49.3988265991, 8.73334598541, 202.085418701, 356.308807373, 94.1777191162, 23.4918403625, 3.46715474129, -34.0178756714, 2.96205711365, 35.013469696, -19.5188503265, -12.075009346, 43.667881012], [-48.6919555664, 54.4491653442, -94.5371932983, 94.1777191162, 350.821105957, -17.4405117035, -95.4847793579, -19.5547294617, 5.25734233856, 68.6688079834, -8.98306179047, -20.58344841, 21.8663597107], [-286.048858643, 29.0539283752, 246.029907227, 23.4918403625, -17.4405117035, 209.82182312, 82.5662002563, -12.1120290756, 25.2881984711, -13.9976453781, 14.6833992004, 6.76031684875, -7.29611539841], [-351.63381958, 18.3343582153, 180.905960083, 3.46715474129, -95.4847793579, 82.5662002563, 208.202087402, 53.3648834229, 22.5192012787, -12.8631715775, 6.55713558197, 9.88469696045, 0.930098891258], [110.023406982, 28.495765686, -26.8725700378, -34.0178756714, -19.5547294617, -12.1120290756, 53.3648834229, 145.075210571, 40.4346580505, -4.35629606247, 7.42559337616, 16.5664901733, -7.56378889084], [-134.92237854, -11.1857862473, 42.2557640076, 2.96205711365, 5.25734233856, 25.2881984711, 22.5192012787, 40.4346580505, 99.3984298706, 21.1849269867, -0.961363315582, 3.84630990028, 4.99447441101], [83.542930603, -16.7643051147, -41.6393966675, 35.013469696, 68.6688079834, -13.9976453781, -12.8631715775, -4.35629606247, 21.1849269867, 134.67515564, 34.8958091736, -14.0415019989, 8.72165298462], [-4.24771642685, 8.63072872162, -15.9884252548, -19.5188503265, -8.98306179047, 14.6833992004, 6.55713558197, 7.42559337616, -0.961363315582, 34.8958091736, 109.494514465, 32.5923652649, -12.8353490829], [4.26104354858, 35.0718269348, 12.275182724, -12.075009346, -20.58344841, 6.76031684875, 9.88469696045, 16.5664901733, 3.84630990028, -14.0415019989, 32.5923652649, 88.0892028809, 14.6892404556], [-138.547210693, 50.0005722046, 56.4523696899, 43.667881012, 21.8663597107, -7.29611539841, 0.930098891258, -7.56378889084, 4.99447441101, 8.72165298462, -12.8353490829, 14.6892404556, 92.0414123535]], "icov": [[0.00018532096874, -0.000156842026627, 0.000362764491001, -0.000320182472933, 0.000309798226226, -0.000262600748101, 0.000289751216769, -0.000260625820374, 0.000219809822738, -0.00021486300102, 0.000199034708203, -8.69027207955e-05, 0.00022486691887], [-0.000156842026627, 0.000755242188461, -0.000335223041475, 0.00032137989183, -0.000413049478084, 0.000129435022245, -0.000265239126747, 3.58226025128e-05, 4.56120778836e-06, 0.000290004129056, -0.000229520781431, -6.67141357553e-05, -0.000528312055394], [0.000362764491001, -0.000335223041475, 0.00215234747157, -0.00136084167752, 0.000978745869361, -0.00181492604315, -1.03148358903e-05, -0.00020441909146, 0.000115074355563, -8.20324858068e-05, 0.000483080191771, -0.000117829731607, -0.000251699093496], [-0.000320182472933, 0.00032137989183, -0.00136084167752, 0.00429007736966, -0.00154714181554, 0.000789744080976, -0.000752683030441, 0.000997994327918, -0.000165150457178, -0.000372025504475, 0.000163278426044, 0.000245788745815, -0.00130973127671], [0.000309798226226, -0.000413049478084, 0.000978745869361, -0.00154714181554, 0.00464569497854, -0.00141760497354, 0.00246524414979, -0.00100799440406, 0.00044000564958, -0.00214523263276, 0.00100315525196, 0.000211606282392, -0.000213843537495], [-0.000262600748101, 0.000129435022245, -0.00181492604315, 0.000789744080976, -0.00141760497354, 0.00818941928446, -0.00303115206771, 0.00247389264405, -0.00232091639191, 0.00150223821402, -0.00169936241582, 3.68244741367e-07, 0.00123931723647], [0.000289751216769, -0.000265239126747, -1.03148358903e-05, -0.000752683030441, 0.00246524414979, -0.00303115206771, 0.00842656008899, -0.00370110059157, 0.000885035202373, -0.00117133569438, 0.000574514153413, 0.00013612555631, -0.000150220701471], [-0.000260625820374, 3.58226025128e-05, -0.00020441909146, 0.000997994327918, -0.00100799440406, 0.00247389264405, -0.00370110059157, 0.0102115049958, -0.00446321768686, 0.00131577579305, -0.000760831462685, -0.00120686774608, 0.000756275490858], [0.000219809822738, 4.56120778836e-06, 0.000115074355563, -0.000165150457178, 0.00044000564958, -0.00232091639191, 0.000885035202373, -0.00446321768686, 0.0132513269782, -0.00322510208935, 0.00192739139311, -0.000777805224061, -0.000348610046785], [-0.00021486300102, 0.000290004129056, -8.20324858068e-05, -0.000372025504475, -0.00214523263276, 0.00150223821402, -0.00117133569438, 0.00131577579305, -0.00322510208935, 0.011161739938, -0.00525454292074, 0.00326063833199, -0.00164125289302], [0.000199034708203, -0.000229520781431, 0.000483080191771, 0.000163278426044, 0.00100315525196, -0.00169936241582, 0.000574514153413, -0.000760831462685, 0.00192739139311, -0.00525454292074, 0.0133449910209, -0.00584533484653, 0.00279635819606], [-8.69027207955e-05, -6.67141357553e-05, -0.000117829731607, 0.000245788745815, 0.000211606282392, 3.68244741367e-07, 0.00013612555631, -0.00120686774608, -0.000777805224061, 0.00326063833199, -0.00584533484653, 0.0150395277888, -0.00377183197998], [0.00022486691887, -0.000528312055394, -0.000251699093496, -0.00130973127671, -0.000213843537495, 0.00123931723647, -0.000150220701471, 0.000756275490858, -0.000348610046785, -0.00164125289302, 0.00279635819606, -0.00377183197998, 0.0136449895799]], "mean": [-758.272277832, 190.495666504, -0.77550393343, 22.9009895325, 9.95583534241, -1.97521603107, -8.35839939117, 1.06920695305, -3.04668569565, 1.59037387371, 1.02937650681, 0.113152615726, -0.107497446239]}, "pitch_salience": {"dmean": 0.0612058788538, "dmean2": 0.0987793207169, "dvar": 0.00286677386612, "dvar2": 0.00727383885533, "max": 0.969333708286, "mean": 0.563481926918, "median": 0.570160031319, "min": 0.152730152011, "var": 0.0116278724745}, "silence_rate_20dB": {"dmean": 0, "dmean2": 0, "dvar": 0, "dvar2": 0, "max": 1, "mean": 1, "median": 1, "min": 1, "var": 0}, "silence_rate_30dB": {"dmean": 0.00283601740375, "dmean2": 0.00567260943353, "dvar": 0.00282782316208, "dvar2": 0.00726056005806, "max": 1, "mean": 0.997569382191, "median": 1, "min": 0, "var": 0.00242464174516}, "silence_rate_60dB": {"dmean": 0.0158006679267, "dmean2": 0.031604539603, "dvar": 0.0155503507704, "dvar2": 0.0348592400551, "max": 1, "mean": 0.119910873473, "median": 0, "min": 0, "var": 0.105527199805}, "spectral_centroid": {"dmean": 109.195037842, "dmean2": 164.097518921, "dvar": 41475, "dvar2": 66488.8984375, "max": 11496.9833984, "mean": 730.531005859, "median": 589.202514648, "min": 163.377029419, "var": 477946.65625}, "spectral_complexity": {"dmean": 1.80836629868, "dmean2": 2.93192863464, "dvar": 3.74836921692, "dvar2": 8.54476642609, "max": 46, "mean": 11.4083452225, "median": 10, "min": 0, "var": 52.1656036377}, "spectral_contrast_coeffs": {"dmean": [0.0425744131207, 0.0446927398443, 0.0349691584706, 0.0283046476543, 0.0206298828125, 0.0140813449398], "dmean2": [0.0705885514617, 0.0724295005202, 0.056232303381, 0.0456182956696, 0.0324246250093, 0.021757485345], "dvar": [0.00134679162875, 0.00142626196612, 0.000845208123792, 0.000587642891333, 0.000353873532731, 0.000161792035215], "dvar2": [0.00352370832115, 0.00354772130959, 0.00205672113225, 0.00140384689439, 0.000775538617745, 0.000353201263351], "max": [-0.308505654335, -0.37800514698, -0.426179170609, -0.476015865803, -0.46179407835, -0.619281351566], "mean": [-0.652278602123, -0.708981573582, -0.770678341389, -0.7758025527, -0.780024707317, -0.792957603931], "median": [-0.663323998451, -0.717540383339, -0.777209460735, -0.785017371178, -0.788745045662, -0.793649077415], "min": [-0.974471867085, -0.990853786469, -0.980634391308, -0.965848147869, -0.969647347927, -0.96370357275], "var": [0.00760402763262, 0.00751020386815, 0.0040319217369, 0.00407960312441, 0.00416845129803, 0.00158091273624]}, "spectral_contrast_valleys": {"dmean": [0.367973595858, 0.32289403677, 0.315853267908, 0.272557169199, 0.231125354767, 0.252986103296], "dmean2": [0.600656330585, 0.522400438786, 0.502541005611, 0.423859685659, 0.332119375467, 0.332640349865], "dvar": [0.159467354417, 0.109004855156, 0.121822178364, 0.100628651679, 0.0967011675239, 0.113757453859], "dvar2": [0.325927227736, 0.210690557957, 0.2350833565, 0.178446024656, 0.153614640236, 0.167950630188], "max": [-5.30131196976, -4.52586221695, -4.73152780533, -5.69343137741, -6.0215139389, -8.71949958801], "mean": [-7.54472208023, -7.02457046509, -8.10961914062, -8.71582126617, -9.24474716187, -12.2398786545], "median": [-7.12259578705, -6.78761720657, -7.92489242554, -8.48693180084, -9.04766845703, -12.0818386078], "min": [-27.9912662506, -28.0650119781, -27.4553909302, -27.6185951233, -27.3776626587, -27.3777084351], "var": [2.74513721466, 2.67958140373, 2.72044897079, 2.75117373466, 2.49925398827, 1.88818800449]}, "spectral_decrease": {"dmean": 1.35289146552e-09, "dmean2": 2.0853669902e-09, "dvar": 5.3068512525e-18, "dvar2": 1.25397751905e-17, "max": 1.44669521622e-15, "mean": -4.81883821735e-09, "median": -3.26953530916e-09, "min": -5.46958354164e-08, "var": 2.22851589096e-17}, "spectral_energy": {"dmean": 0.0053054257296, "dmean2": 0.00815172400326, "dvar": 8.08660915936e-05, "dvar2": 0.000189651371329, "max": 0.213904649019, "mean": 0.0191041268408, "median": 0.0127860289067, "min": 1.00870822526e-20, "var": 0.000357432523742}, "spectral_energyband_high": {"dmean": 2.03564286494e-05, "dmean2": 2.67342038569e-05, "dvar": 1.19633263296e-08, "dvar2": 1.74281815646e-08, "max": 0.00736650498584, "mean": 3.93208065361e-05, "median": 8.27010990179e-06, "min": 7.27699057638e-21, "var": 3.41586776642e-08}, "spectral_energyband_low": {"dmean": 0.0019852865953, "dmean2": 0.00334307830781, "dvar": 2.16782591451e-05, "dvar2": 5.85586058151e-05, "max": 0.0906321182847, "mean": 0.00475299637765, "median": 0.00446184258908, "min": 1.66935336884e-23, "var": 2.26479751291e-05}, "spectral_energyband_middle_high": {"dmean": 0.000986538711004, "dmean2": 0.00143560150173, "dvar": 6.23979713055e-06, "dvar2": 1.22578048831e-05, "max": 0.0654674991965, "mean": 0.00301102222875, "median": 0.000776226108428, "min": 1.17424316111e-21, "var": 3.36913399224e-05}, "spectral_energyband_middle_low": {"dmean": 0.00398046849295, "dmean2": 0.00611248239875, "dvar": 4.84621596115e-05, "dvar2": 0.000112012647151, "max": 0.161381438375, "mean": 0.0119036659598, "median": 0.0069323554635, "min": 1.81943750083e-22, "var": 0.000201432048925}, "spectral_entropy": {"dmean": 0.162724018097, "dmean2": 0.236674100161, "dvar": 0.0302672404796, "dvar2": 0.0575300306082, "max": 9.8212184906, "mean": 6.71399736404, "median": 6.76689481735, "min": 4.51610136032, "var": 0.328679382801}, "spectral_flux": {"dmean": 0.0183157101274, "dmean2": 0.0288609880954, "dvar": 0.000560204149224, "dvar2": 0.00131798221264, "max": 0.362386822701, "mean": 0.0589287430048, "median": 0.0481203868985, "min": 6.44921963056e-11, "var": 0.00206145038828}, "spectral_kurtosis": {"dmean": 5.75779247284, "dmean2": 9.6996307373, "dvar": 34.594165802, "dvar2": 91.892791748, "max": 121.116569519, "mean": 16.1105499268, "median": 13.1564149857, "min": -1.24698007107, "var": 124.403129578}, "spectral_rms": {"dmean": 0.000530248100404, "dmean2": 0.000801121816039, "dvar": 4.7533225711e-07, "dvar2": 1.04849925719e-06, "max": 0.014446019195, "mean": 0.00381531124003, "median": 0.00353187974542, "min": 3.1370457447e-12, "var": 4.08167170463e-06}, "spectral_rolloff": {"dmean": 178.499633789, "dmean2": 302.778900146, "dvar": 249969.90625, "dvar2": 510987.15625, "max": 19745.9472656, "mean": 989.000915527, "median": 559.86328125, "min": 86.1328125, "var": 4352537}, "spectral_skewness": {"dmean": 0.451589941978, "dmean2": 0.741776406765, "dvar": 0.172111138701, "dvar2": 0.432300746441, "max": 8.97911071777, "mean": 2.7757589817, "median": 2.60226106644, "min": -0.0607935786247, "var": 1.10240757465}, "spectral_spread": {"dmean": 329652, "dmean2": 492375.96875, "dvar": 4353