{"lowlevel": {"average_loudness": 0.756843805313, "barkbands": {"dmean": [1.32848381327e-05, 0.00237303925678, 0.00102663552389, 0.000516860513017, 0.0010037686443, 0.000193151950953, 0.000282759487163, 0.000168299957295, 0.000376633368433, 0.000240592475166, 0.000138264498673, 0.000195026004803, 0.00019072140276, 0.000222774862777, 0.000309891736833, 0.00026370541309, 0.000463174161268, 0.000238323715166, 0.000171536943526, 0.000224231655011, 0.000274625665043, 0.000122133365949, 0.000114380782179, 4.66217861685e-05, 0.000153843982844, 1.83923257282e-05, 1.1956169601e-06], "dmean2": [2.27133587032e-05, 0.00367234507576, 0.0016833813861, 0.000906002765987, 0.00157047982793, 0.000305344321532, 0.000452397449408, 0.000281509128399, 0.000586137117352, 0.000383178063203, 0.000218115412281, 0.000307314767269, 0.000303163047647, 0.000352389586624, 0.000489504949655, 0.000411938148318, 0.000711409549695, 0.000368985231034, 0.000267844588961, 0.000335802702466, 0.000404539401643, 0.00018050041399, 0.000162870695931, 6.86223211233e-05, 0.000215618303628, 2.56287257798e-05, 1.96193514057e-06], "dvar": [3.80324327587e-10, 2.47412463068e-05, 3.86301098843e-06, 1.49389154558e-06, 6.62550428387e-06, 1.45476079183e-07, 3.3739613059e-07, 9.47677705199e-08, 8.03794023341e-07, 3.28711962538e-07, 9.42479161381e-08, 2.03938640198e-07, 1.90043110138e-07, 2.4981778779e-07, 4.3594542376e-07, 2.78163724943e-07, 1.62773255852e-06, 2.10916397236e-07, 1.27022161678e-07, 2.243381374e-07, 2.6073868753e-07, 6.02580740861e-08, 5.5294620438e-08, 1.31230857292e-08, 1.44543847114e-07, 1.56920154648e-09, 1.34307270167e-11], "dvar2": [1.00705044304e-09, 5.57392340852e-05, 1.00888528323e-05, 4.26904944106e-06, 1.57008216775e-05, 3.28801405658e-07, 7.65535048686e-07, 2.49567875699e-07, 1.96789369511e-06, 7.56074143737e-07, 2.28290559789e-07, 4.46698010137e-07, 4.47940635695e-07, 5.78248659622e-07, 1.04201967588e-06, 6.80653897689e-07, 3.50869390786e-06, 5.15941337653e-07, 3.05942194245e-07, 4.71641385502e-07, 5.72265719256e-07, 1.32339309289e-07, 1.1514669751e-07, 2.93650757044e-08, 2.84999117639e-07, 3.13486347991e-09, 3.48136554307e-11], "max": [0.000275670172414, 0.0670542120934, 0.023618567735, 0.0164492223412, 0.0333910658956, 0.00431340187788, 0.012608169578, 0.00745922978967, 0.0279488414526, 0.0126407416537, 0.0054592625238, 0.0105457920581, 0.00854933913797, 0.0128811402246, 0.0118619669229, 0.00965031795204, 0.0235673654824, 0.00930014345795, 0.00881824363023, 0.0114426892251, 0.00801758468151, 0.00484349764884, 0.00512214098126, 0.00321459374391, 0.00432625459507, 0.000711265543941, 8.4448576672e-05], "mean": [1.74516753759e-05, 0.00285650556907, 0.00132904888596, 0.000505980744492, 0.00108575564809, 0.000242670008447, 0.000394133880036, 0.000244273280259, 0.000597354315687, 0.000379425851861, 0.000239743094426, 0.000270645919954, 0.000282723631244, 0.000353551993612, 0.000493806495797, 0.000467212143121, 0.0007484665839, 0.00049503945047, 0.000345861481037, 0.000488743011374, 0.000578656210564, 0.000249334989348, 0.000210783880902, 0.000100824574474, 0.000245840317803, 3.4328084439e-05, 1.29510851821e-06], "median": [1.11182198452e-05, 0.000672274443787, 0.000438417249825, 8.46527909744e-05, 0.000209714955417, 8.30455246614e-05, 0.000120887794765, 0.000126481725601, 0.00021369557362, 8.62227316247e-05, 5.8412020735e-05, 6.74843468005e-05, 7.27304868633e-05, 0.000116396622616, 0.000165281875525, 0.000170788611285, 0.000207565128221, 0.000147347134771, 0.000119346907013, 0.000167083941051, 0.000234557854128, 0.000102856232843, 5.96566605964e-05, 3.2225776522e-05, 4.00437202188e-05, 7.38486778573e-06, 1.68314841176e-07], "min": [1.36816953914e-25, 1.44663610357e-24, 1.32635798831e-24, 7.18271708573e-25, 7.68850659499e-24, 8.90033972924e-24, 5.71577018044e-24, 8.82637928621e-24, 2.27028646496e-23, 9.4975334669e-24, 1.6129674846e-23, 1.91749603523e-23, 2.84579141867e-23, 2.15073822354e-23, 4.93185393426e-23, 4.77786449903e-23, 7.72605952952e-23, 8.73888498771e-23, 1.2604778002e-22, 1.85311176406e-22, 2.53380179004e-22, 2.86043488588e-22, 3.60186922104e-22, 5.1054381064e-22, 8.57778823127e-22, 1.30314772833e-21, 1.88218385064e-21], "var": [3.81935871818e-10, 3.0298026104e-05, 4.28110797657e-06, 1.25303176901e-06, 6.96473853168e-06, 1.87029129961e-07, 6.32725743799e-07, 1.55409509262e-07, 1.52539053033e-06, 9.4956283192e-07, 2.23544262212e-07, 3.55518665174e-07, 3.60008414191e-07, 4.99757049965e-07, 8.093788324e-07, 6.86288899487e-07, 3.10215023092e-06, 7.66668335928e-07, 3.43719705143e-07, 6.8529834607e-07, 7.31812463073e-07, 1.4765309686e-07, 1.31990518071e-07, 3.3375478381e-08, 2.67509875584e-07, 3.8847800532e-09, 1.31923534596e-11]}, "barkbands_crest": {"dmean": 2.8836710453, "dmean2": 4.51460981369, "dvar": 7.91683673859, "dvar2": 17.316860199, "max": 24.9826030731, "mean": 8.99980163574, "median": 7.66861629486, "min": 2.36829280853, "var": 21.2052135468}, "barkbands_flatness_db": {"dmean": 0.0205857120454, "dmean2": 0.0308352243155, "dvar": 0.000558057916351, "dvar2": 0.00106365175452, "max": 0.368833482265, "mean": 0.0961953774095, "median": 0.0823297649622, "min": 0.030273238197, "var": 0.00205852137879}, "barkbands_kurtosis": {"dmean": 3.09951114655, "dmean2": 4.67193555832, "dvar": 86.114112854, "dvar2": 168.364044189, "max": 229.913604736, "mean": 2.58803415298, "median": -0.520679593086, "min": -1.92823123932, "var": 155.341064453}, "barkbands_skewness": {"dmean": 0.651058495045, "dmean2": 0.948549151421, "dvar": 0.693762302399, "dvar2": 1.30255365372, "max": 13.5431985855, "mean": 0.760323345661, "median": 0.49188387394, "min": -4.1592206955, "var": 2.57784676552}, "barkbands_spread": {"dmean": 8.73199081421, "dmean2": 12.8605241776, "dvar": 76.3402328491, "dvar2": 155.197845459, "max": 120.432281494, "mean": 38.3493347168, "median": 37.0133628845, "min": 0.850647032261, "var": 348.148376465}, "dissonance": {"dmean": 0.0114771677181, "dmean2": 0.0195051133633, "dvar": 0.000152735461597, "dvar2": 0.000420815922553, "max": 0.5, "mean": 0.481546610594, "median": 0.486066758633, "min": 0.325908273458, "var": 0.00026234658435}, "dynamic_complexity": 4.42813444138, "erbbands": {"dmean": [0.0427121892571, 0.624779224396, 1.24728763103, 1.59090709686, 2.17130112648, 4.3553519249, 1.40243887901, 1.8279504776, 3.26660108566, 4.77670288086, 3.75288486481, 8.70880126953, 7.68945217133, 5.10553455353, 5.99696159363, 7.79819107056, 8.25786018372, 9.31547546387, 12.213051796, 17.4017925262, 13.5349178314, 26.8826370239, 14.0899448395, 9.38644886017, 8.88875865936, 10.5979328156, 10.7766838074, 10.8165311813, 4.82840824127, 4.07060575485, 2.56641054153, 0.991061151028, 0.870839059353, 0.986251115799, 1.61585319042, 0.162082508206, 0.0318588800728, 0.00538118788972, 0.000123663019622, 1.17127174235e-05], "dmean2": [0.0624940432608, 0.982894778252, 2.03752064705, 2.67967796326, 3.51165127754, 6.84917211533, 2.3398296833, 2.95476436615, 5.33711433411, 7.67831993103, 6.1319642067, 13.6922264099, 11.9613370895, 8.00114536285, 9.31829547882, 12.1424360275, 13.0128126144, 14.5063657761, 18.998134613, 27.2707576752, 20.7474269867, 41.0553588867, 21.8521652222, 14.6224412918, 13.6200485229, 15.8947162628, 16.1650333405, 16.1822452545, 7.06360244751, 5.70399284363, 3.6745531559, 1.4623991251, 1.28722918034, 1.37968194485, 2.29421257973, 0.225388616323, 0.0449888259172, 0.00788155943155, 0.000178179121576, 1.50812729771e-05], "dvar": [0.00806660111994, 1.66966080666, 5.02825832367, 12.7321023941, 19.5598220825, 140.958511353, 10.2381649017, 15.3171014786, 38.2442512512, 121.533470154, 35.1366462708, 495.630493164, 393.355804443, 121.967140198, 173.008743286, 306.41595459, 362.628540039, 491.838165283, 681.888305664, 1357.01342773, 716.364379883, 7158.74462891, 629.088684082, 350.605224609, 436.959289551, 444.701416016, 380.098083496, 527.368652344, 86.4123840332, 67.6058120728, 28.2098789215, 4.98891782761, 5.17922544479, 4.81046628952, 17.80027771, 0.130682110786, 0.0048190690577, 0.000170331040863, 9.03923407236e-08, 3.41155131922e-10], "dvar2": [0.0170275717974, 3.83131217957, 12.4745893478, 35.2160873413, 47.3738899231, 339.658782959, 26.8455257416, 37.418838501, 97.9137802124, 263.864868164, 93.0472793579, 1286.59020996, 857.710571289, 285.124237061, 413.40234375, 662.413574219, 834.342773438, 1098.96618652, 1573.13769531, 3383.45678711, 1663.42053223, 15244.6074219, 1535.75488281, 902.968383789, 922.713256836, 978.146057129, 825.902404785, 1207.76977539, 182.248168945, 140.197616577, 61.0442008972, 10.8196048737, 12.0332450867, 9.66308403015, 35.9796676636, 0.261192828417, 0.00982410926372, 0.000373909133486, 1.97348015263e-07, 6.13020245677e-10], "max": [1.08418214321, 17.9540710449, 26.5337486267, 43.9225654602, 52.8498878479, 158.276397705, 33.2980728149, 50.9269523621, 112.702285767, 266.681762695, 115.683784485, 797.928527832, 462.277191162, 221.516204834, 250.225250244, 302.9034729, 447.343933105, 797.680114746, 816.400878906, 773.487792969, 555.234130859, 1665.85974121, 460.69241333, 594.614746094, 699.17590332, 489.789855957, 414.890594482, 356.947937012, 205.610305786, 161.054473877, 133.843704224, 49.983921051, 72.2545776367, 33.7068405151, 45.951839447, 5.94246435165, 1.02161693573, 0.209795087576, 0.00516081647947, 0.000284138310235], "mean": [0.0519027560949, 0.745878636837, 1.63804888725, 1.82190620899, 2.34628105164, 4.57026576996, 1.56473958492, 2.18206882477, 4.31533050537, 6.89298868179, 6.58561325073, 13.9545087814, 12.8956642151, 8.92494297028, 10.4468860626, 11.5599279404, 13.1666345596, 16.3482685089, 20.2216815948, 31.3117408752, 25.875869751, 43.4497642517, 29.8905010223, 20.0554885864, 18.8441123962, 23.9498519897, 24.3180789948, 19.9197349548, 9.96921730042, 7.85404682159, 5.04723834991, 2.12759947777, 1.75554275513, 1.7060573101, 2.4101228714, 0.281166821718, 0.0581954941154, 0.0083588771522, 0.000198701876798, 2.81641387119e-05], "median": [0.00933808274567, 0.213505446911, 0.64505636692, 0.650621533394, 0.636732876301, 0.722322583199, 0.505152344704, 0.752061724663, 1.49899554253, 2.34371304512, 3.91526174545, 5.21046543121, 3.21477222443, 2.94803547859, 3.27258896828, 3.39506602287, 3.90798091888, 5.47018241882, 7.27294540405, 10.5238761902, 10.0543556213, 12.0670728683, 11.0757102966, 6.78458452225, 7.27805948257, 8.02854347229, 11.0755147934, 6.56845474243, 4.09877872467, 2.65910482407, 1.47152686119, 0.750856399536, 0.495209872723, 0.359360069036, 0.330138027668, 0.0527397431433, 0.0115664303303, 0.0015543558402, 4.20647229475e-05, 1.66684330907e-05], "min": [7.07342417413e-23, 6.05289564697e-22, 2.40642188269e-21, 4.15914287979e-21, 1.42945017032e-20, 1.39669898794e-20, 4.75209445798e-20, 7.03264045408e-20, 7.46835073316e-20, 1.79170758648e-19, 2.9235830211e-19, 5.12787097804e-19, 4.82553077728e-19, 6.38498026493e-19, 1.01005825187e-18, 9.37513064583e-19, 1.58694900371e-18, 1.8692178737e-18, 2.48286429266e-18, 2.72064294321e-18, 3.34831586382e-18, 4.47087771003e-18, 5.68286729304e-18, 6.25339278667e-18, 6.68349155002e-18, 8.71663573482e-18, 8.99994923052e-18, 1.0090993841e-17, 9.72211264687e-18, 1.14711198777e-17, 1.0461770106e-17, 1.00367837324e-17, 7.23455555179e-18, 8.35931356253e-18, 6.34862195469e-18, 4.47265283963e-18, 2.28011715465e-18, 9.50284112855e-19, 2.37788033878e-19, 2.57003449201e-20], "var": [0.0104338359088, 2.00635814667, 6.01851892471, 11.7000284195, 20.4585418701, 143.585174561, 9.97225761414, 16.8500576019, 55.0519790649, 229.908630371, 68.5002288818, 834.013549805, 1184.57336426, 289.670013428, 358.090270996, 576.907592773, 726.146789551, 1094.87609863, 1295.87097168, 3173.96264648, 1906.60302734, 12786.734375, 2174.46972656, 1087.79321289, 1107.15576172, 1552.2902832, 1238.79211426, 1106.04870605, 226.228622437, 163.77822876, 73.9226379395, 14.060213089, 11.5265130997, 10.4674739838, 30.3446044922, 0.27733618021, 0.0116127189249, 0.000286970171146, 1.51717046037e-07, 1.0755309976e-09]}, "erbbands_crest": {"dmean": 2.39988231659, "dmean2": 3.88728237152, "dvar": 6.56020832062, "dvar2": 14.9447164536, "max": 32.3083648682, "mean": 7.7388343811, "median": 6.61267280579, "min": 2.48117256165, "var": 15.521487236}, "erbbands_flatness_db": {"dmean": 0.0164563991129, "dmean2": 0.0242700669914, "dvar": 0.000274346588412, "dvar2": 0.000539682281669, "max": 0.275828272104, "mean": 0.136468648911, "median": 0.129784405231, "min": 0.0534714348614, "var": 0.00132160435896}, "erbbands_kurtosis": {"dmean": 0.918650507927, "dmean2": 1.44512188435, "dvar": 1.85532069206, "dvar2": 4.34624958038, "max": 32.3164367676, "mean": 0.474082916975, "median": 0.00950504094362, "min": -1.73984134197, "var": 3.62126994133}, "erbbands_skewness": {"dmean": 0.352174788713, "dmean2": 0.526021778584, "dvar": 0.126771166921, "dvar2": 0.262313008308, "max": 2.97135448456, "mean": -0.369624584913, "median": -0.435063779354, "min": -4.18264865875, "var": 0.536449670792}, "erbbands_spread": {"dmean": 9.18567180634, "dmean2": 13.9806604385, "dvar": 97.9920120239, "dvar2": 212.304656982, "max": 145.868133545, "mean": 40.9122276306, "median": 37.6414642334, "min": 5.39769601822, "var": 347.786682129}, "gfcc": {"cov": [[44171.5820313, 1424.53491211, -4419.75244141, 1552.08093262, -1519.11303711, 428.342193604, -1170.59912109, 466.384429932, -875.800292969, 264.781097412, -903.18939209, 19.1068572998, -395.470153809], [1424.53491211, 1063.49816895, -3.75751543045, 84.4072036743, 220.442733765, 91.7125320435, 74.9135894775, 26.7222671509, 107.249992371, -28.1413059235, -9.94657516479, -64.1690673828, -17.8466587067], [-4419.75244141, -3.75751543045, 1210.77893066, 27.6296310425, 211.445129395, 71.2937011719, 164.352813721, -27.7172012329, 75.4303512573, -12.7416877747, 39.3958244324, 11.493689537, 16.5969314575], [1552.08093262, 84.4072036743, 27.6296310425, 335.963623047, 49.8430252075, 40.0583610535, 5.3317284584, 58.7308883667, 9.03489398956, 21.1236248016, -19.373003006, -12.0124893188, -10.4879188538], [-1519.11303711, 220.442733765, 211.445129395, 49.8430252075, 401.359466553, 62.9792060852, 107.728538513, -4.77181625366, 102.097473145, -23.9637336731, 59.9829406738, -22.5104084015, 13.3977994919], [428.342193604, 91.7125320435, 71.2937011719, 40.0583610535, 62.9792060852, 192.303375244, 71.8332138062, 37.6193199158, 4.92531585693, 21.6489963531, -6.0782365799, -4.1622672081, -25.7683486938], [-1170.59912109, 74.9135894775, 164.352813721, 5.3317284584, 107.728538513, 71.8332138062, 202.32635498, 63.6846084595, 70.3044891357, -6.80234146118, 44.4336204529, -10.4979372025, 14.34562397], [466.384429932, 26.7222671509, -27.7172012329, 58.7308883667, -4.77181625366, 37.6193199158, 63.6846084595, 145.737945557, 70.5185470581, 14.0501794815, -13.6328639984, -1.21399390697, 1.32984387875], [-875.800292969, 107.249992371, 75.4303512573, 9.03489398956, 102.097473145, 4.92531585693, 70.3044891357, 70.5185470581, 159.630203247, 25.8833427429, 33.6662902832, -19.0868244171, 16.4439144135], [264.781097412, -28.1413059235, -12.7416877747, 21.1236248016, -23.9637336731, 21.6489963531, -6.80234146118, 14.0501794815, 25.8833427429, 95.8032150269, 28.0461101532, -3.45539975166, -7.94861221313], [-903.18939209, -9.94657516479, 39.3958244324, -19.373003006, 59.9829406738, -6.0782365799, 44.4336204529, -13.6328639984, 33.6662902832, 28.0461101532, 107.261306763, 18.3648357391, 8.60260486603], [19.1068572998, -64.1690673828, 11.493689537, -12.0124893188, -22.5104084015, -4.1622672081, -10.4979372025, -1.21399390697, -19.0868244171, -3.45539975166, 18.3648357391, 72.7361450195, 26.8260917664], [-395.470153809, -17.8466587067, 16.5969314575, -10.4879188538, 13.3977994919, -25.7683486938, 14.34562397, 1.32984387875, 16.4439144135, -7.94861221313, 8.60260486603, 26.8260917664, 64.6384429932]], "icov": [[0.000132064160425, -0.000244735128945, 0.00037372825318, -0.000483900308609, 0.000170982268173, -0.000229095690884, 0.000288432609523, -0.000329618167598, 0.000509579782374, -0.000421097240178, 0.000599650957156, -0.00046739258687, 0.000314695120323], [-0.000244735128945, 0.00167857215274, -0.00051766767865, 0.00063761183992, -0.000688919739332, -0.000121994118672, -0.000595015473664, 0.00111604458652, -0.00189887417946, 0.00137133593671, -0.000796515785623, 0.00136078917421, -0.000401292054448], [0.00037372825318, -0.00051766767865, 0.0021459616255, -0.00158719578758, 0.000179516660864, -0.0007250343333, -0.000276054721326, 0.000231596073718, 0.000711192784365, -0.00125647219829, 0.00239302101545, -0.00213358667679, 0.00129688554443], [-0.000483900308609, 0.00063761183992, -0.00158719578758, 0.00547138508409, -0.00160136737395, 0.00088333664462, -0.000240029301494, -0.00132036651485, -0.000199305475689, 0.00024983624462, -0.00185003748629, 0.0022616260685, -0.00133572088089], [0.000170982268173, -0.000688919739332, 0.000179516660864, -0.00160136737395, 0.00499954167753, -0.0020403470844, -5.26205658389e-05, 0.00180268136319, -0.00243537547067, 0.00222765910439, -0.00151124363765, 0.000520460889675, -0.000446483551059], [-0.000229095690884, -0.000121994118672, -0.0007250343333, 0.00088333664462, -0.0020403470844, 0.00905762705952, -0.00419280445203, -0.000683024758473, 0.00175203813706, -0.00333811971359, 0.0021826706361, -0.00209213397466, 0.00359408883378], [0.000288432609523, -0.000595015473664, -0.000276054721326, -0.000240029301494, -5.26205658389e-05, -0.00419280445203, 0.0115918591619, -0.00594137376174, 0.00114648847375, 0.00259858905338, -0.00471678096801, 0.00355223985389, -0.00329726375639], [-0.000329618167598, 0.00111604458652, 0.000231596073718, -0.00132036651485, 0.00180268136319, -0.000683024758473, -0.00594137376174, 0.0160267930478, -0.00971776712686, 0.000974962254986, 0.00367940566503, -0.00337478262372, 0.00186369766016], [0.000509579782374, -0.00189887417946, 0.000711192784365, -0.000199305475689, -0.00243537547067, 0.00175203813706, 0.00114648847375, -0.00971776712686, 0.0169211924076, -0.00588220590726, -0.000447122845799, 0.00259857112542, -0.00251980312169], [-0.000421097240178, 0.00137133593671, -0.00125647219829, 0.00024983624462, 0.00222765910439, -0.00333811971359, 0.00259858905338, 0.000974962254986, -0.00588220590726, 0.0173022095114, -0.00862451642752, 0.00437316577882, -0.00126687565353], [0.000599650957156, -0.000796515785623, 0.00239302101545, -0.00185003748629, -0.00151124363765, 0.0021826706361, -0.00471678096801, 0.00367940566503, -0.000447122845799, -0.00862451642752, 0.0201734695584, -0.0100556351244, 0.00523033784702], [-0.00046739258687, 0.00136078917421, -0.00213358667679, 0.0022616260685, 0.000520460889675, -0.00209213397466, 0.00355223985389, -0.00337478262372, 0.00259857112542, 0.00437316577882, -0.0100556351244, 0.0241478569806, -0.0120367472991], [0.000314695120323, -0.000401292054448, 0.00129688554443, -0.00133572088089, -0.000446483551059, 0.00359408883378, -0.00329726375639, 0.00186369766016, -0.00251980312169, -0.00126687565353, 0.00523033784702, -0.0120367472991, 0.0237389057875]], "mean": [-55.3801040649, 47.1642875671, -119.238304138, 46.1073417664, -57.3323745728, 20.3079795837, -33.8864059448, 19.1494083405, -23.300283432, 10.3102989197, -27.0427780151, -0.837036132813, -12.9822778702]}, "hfc": {"dmean": 7.41984176636, "dmean2": 9.46068763733, "dvar": 139.332763672, "dvar2": 242.643630981, "max": 166.81791687, "mean": 21.379743576, "median": 11.626909256, "min": 1.04879599677e-16, "var": 650.422851563}, "melbands": {"dmean": [0.000540523440577, 0.000717022398021, 0.000259716849541, 0.000272663222859, 6.82723766658e-05, 4.06720537285e-05, 5.21468537045e-05, 4.95851054438e-05, 3.81917379855e-05, 5.32763006049e-05, 3.95092247345e-05, 2.3097565645e-05, 2.09030877159e-05, 2.3054657504e-05, 1.92027109733e-05, 1.86753932212e-05, 1.89269158e-05, 2.09564113902e-05, 2.34737017308e-05, 2.12815339182e-05, 1.61496591318e-05, 3.0755491025e-05, 1.85469889402e-05, 1.27196653921e-05, 7.76589513407e-06, 6.69435712553e-06, 7.51598645365e-06, 7.24616620573e-06, 7.5061429925e-06, 6.87517422193e-06, 6.30241129329e-06, 2.96896018881e-06, 2.11175938603e-06, 2.87542047772e-06, 1.96526161744e-06, 6.91281343279e-07, 5.78151627906e-07, 6.75715398302e-07, 5.58874376111e-07, 9.14954227937e-07], "dmean2": [0.000811267527752, 0.00115155533422, 0.000439840601757, 0.000423217570642, 0.000113273184979, 6.53739407426e-05, 8.42007648316e-05, 8.03922812338e-05, 6.26131732133e-05, 8.29205528134e-05, 6.15606913925e-05, 3.63772778655e-05, 3.28637725033e-05, 3.62423088518e-05, 3.01362179016e-05, 2.95806421491e-05, 2.97377555398e-05, 3.283584374e-05, 3.67849643226e-05, 3.31509872922e-05, 2.49032855208e-05, 4.68427606393e-05, 2.96059461107e-05, 1.98124926101e-05, 1.23539412016e-05, 1.04762411866e-05, 1.15566263048e-05, 1.10772562039e-05, 1.16368473755e-05, 1.03283773569e-05, 9.64514401858e-06, 4.4810262807e-06, 3.18072488881e-06, 4.13032830693e-06, 2.88605019705e-06, 1.05095011804e-06, 8.71896872923e-07, 1.01780210571e-06, 8.41972450871e-07, 1.31992862862e-06], "dvar": [1.31693604999e-06, 1.70181647263e-06, 3.28113429759e-07, 4.7169953632e-07, 2.9451447503e-08, 7.12878511777e-09, 9.54765511096e-09, 1.12784244166e-08, 4.60698812432e-09, 1.83837052248e-08, 1.02037898131e-08, 2.62512411808e-09, 2.11098805103e-09, 3.06728087374e-09, 2.08646255828e-09, 1.98416150177e-09, 2.15552553584e-09, 2.12658934906e-09, 2.63280441892e-09, 1.78452741473e-09, 1.14083908986e-09, 1.13306732885e-08, 1.16451670529e-09, 7.19591275455e-10, 2.73615990976e-10, 2.44954417861e-10, 3.41702971474e-10, 2.18973547628e-10, 2.06407016479e-10, 1.88442025872e-10, 1.91359803003e-10, 3.51934523191e-11, 2.04518763036e-11, 3.72464975529e-11, 1.63862916291e-11, 2.77592337138e-12, 1.88918694057e-12, 3.06030569809e-12, 2.27538647646e-12, 4.62685315408e-12], "dvar2": [2.87042007585e-06, 3.90171453546e-06, 9.104674632e-07, 1.10014036636e-06, 7.74797044301e-08, 1.72467782278e-08, 2.37515980217e-08, 2.53537528749e-08, 1.23960921528e-08, 4.57726265779e-08, 2.23514504682e-08, 6.13407280525e-09, 5.18512877079e-09, 6.71698385801e-09, 4.68443994706e-09, 4.74356687263e-09, 4.78427830686e-09, 5.05627273384e-09, 6.27256691033e-09, 4.4298289481e-09, 2.62061083944e-09, 2.42221513957e-08, 2.84521539662e-09, 1.78936476747e-09, 7.26423698971e-10, 5.78630754422e-10, 6.88190449072e-10, 4.93180496441e-10, 4.65075589151e-10, 4.39812880559e-10, 4.43976799769e-10, 7.88267576213e-11, 4.66136157451e-11, 7.81515963055e-11, 3.63970936723e-11, 6.18947991818e-12, 4.28354574034e-12, 7.3025344452e-12, 5.11992791913e-12, 9.84184955755e-12], "max": [0.0143829574808, 0.0178711041808, 0.00725906807929, 0.00920139998198, 0.0019055592129, 0.0011128425831, 0.00162967003416, 0.0023784392979, 0.00164393871091, 0.00465256487951, 0.00230297353119, 0.0010744855972, 0.000717539631296, 0.00142341665924, 0.00119316612836, 0.000737610156648, 0.00166168960277, 0.00146151415538, 0.000982631812803, 0.000782935065217, 0.000607752474025, 0.00197500200011, 0.000419759307988, 0.000614561024122, 0.000538504042197, 0.00034028996015, 0.000689569744281, 0.000420077325543, 0.000298878585454, 0.000259739841567, 0.000193077663425, 0.000133032706799, 0.000127718885778, 8.47540432005e-05, 8.95528792171e-05, 4.31762418884e-05, 3.44667278114e-05, 5.15163774253e-05, 4.13728630519e-05, 2.85824917228e-05], "mean": [0.000663211336359, 0.000946889573243, 0.000301958061755, 0.000295187928714, 7.233829092e-05, 4.96650354762e-05, 7.01609824318e-05, 7.20228854334e-05, 6.37103948975e-05, 8.4246181359e-05, 6.4317820943e-05, 3.77653122996e-05, 3.66507192666e-05, 3.07018999592e-05, 2.8832564567e-05, 2.77035323961e-05, 3.12326010317e-05, 3.17756894219e-05, 3.72702015738e-05, 3.85858293157e-05, 2.73336445389e-05, 4.69073929708e-05, 3.20020590152e-05, 2.64318696281e-05, 1.47336995724e-05, 1.29602885863e-05, 1.53023556777e-05, 1.53658493218e-05, 1.53794371727e-05, 1.37981960506e-05, 1.04622695289e-05, 5.50781305719e-06, 4.43406906925e-06, 4.84902784592e-06, 3.64058610103e-06, 1.36437438414e-06, 1.13921066713e-06, 1.30198463921e-06, 1.02835622329e-06, 1.44707485106e-06], "median": [0.000127854815219, 0.000430926389527, 0.000121680626762, 5.72915123485e-05, 2.0160114218e-05, 1.73255757545e-05, 2.32986440096e-05, 2.65433900495e-05, 3.45255321008e-05, 2.95891913993e-05, 1.37177312354e-05, 1.13124915515e-05, 1.00460265458e-05, 7.46427713239e-06, 8.7227590484e-06, 6.82832887833e-06, 1.012057146e-05, 9.80403274298e-06, 1.20461354527e-05, 1.23607642308e-05, 9.09874688659e-06, 1.11746703624e-05, 1.15681195894e-05, 6.96771621733e-06, 4.59944931208e-06, 4.55006647826e-06, 5.06662991029e-06, 4.90589718538e-06, 6.73104887028e-06, 5.40025484952e-06, 3.14640783472e-06, 2.29736724577e-06, 1.64364246302e-06, 1.37837537295e-06, 9.33945045745e-07, 5.0112498684e-07, 3.96357563659e-07, 3.56731220563e-07, 2.76045767578e-07, 2.87524130727e-07], "min": [9.32425602755e-25, 1.21785243877e-24, 1.00157290958e-24, 9.92394414339e-25, 1.72039479933e-24, 1.61396454562e-24, 1.16878272667e-24, 2.08430481516e-24, 1.92011051749e-24, 2.80946934381e-24, 1.99485765206e-24, 2.35052939624e-24, 3.11876375816e-24, 2.81339077137e-24, 3.22425891587e-24, 3.2182649535e-24, 1.93164839709e-24, 3.3379335751e-24, 3.27972530384e-24, 2.10795269573e-24, 3.04609961081e-24, 4.04844126534e-24, 3.49929270668e-24, 4.40812752267e-24, 4.16067290076e-24, 3.42196422202e-24, 5.4233579811e-24, 4.57707194629e-24, 4.73455974298e-24, 4.47576879542e-24, 5.24743687164e-24, 4.91246365432e-24, 5.26771059691e-24, 5.99946901664e-24, 5.56724423806e-24, 5.03300948925e-24, 5.50452387964e-24, 3.50497723837e-24, 6.11998724144e-24, 5.41457953695e-24], "var": [1.66070765317e-06, 2.17774436351e-06, 2.92196261853e-07, 5.08302889557e-07, 2.69572897338e-08, 8.15162870538e-09, 1.49874228583e-08, 2.10550634705e-08, 7.90055665334e-09, 3.30234080081e-08, 3.11624823723e-08, 6.18847684208e-09, 4.90756946192e-09, 4.83310236277e-09, 3.67469255025e-09, 3.73088848704e-09, 4.49404602421e-09, 3.71972164181e-09, 4.90636553607e-09, 4.95028240621e-09, 2.52114529253e-09, 1.94954203891e-08, 2.55163490337e-09, 2.8440021449e-09, 6.63544275081e-10, 5.63902868844e-10, 8.22744983253e-10, 6.78580025504e-10, 5.75158254357e-10, 4.87142493011e-10, 3.35954652986e-10, 7.51797304965e-11, 5.46936732015e-11, 7.62753749051e-11, 4.04716989089e-11, 6.73701372467e-12, 4.37827161678e-12, 6.82717641101e-12, 4.46629799117e-12, 8.41671784352e-12]}, "melbands_crest": {"dmean": 3.59180784225, "dmean2": 5.63355207443, "dvar": 10.1039094925, "dvar2": 23.1732082367, "max": 30.7554016113, "mean": 13.3200778961, "median": 13.11677742, "min": 1.62171769142, "var": 33.0103607178}, "melbands_flatness_db": {"dmean": 0.0294100008905, "dmean2": 0.0430440679193, "dvar": 0.00114029459655, "dvar2": 0.00203772960231, "max": 0.497791409492, "mean": 0.135224848986, "median": 0.118122458458, "min": 0.00270619243383, "var": 0.00550252851099}, "melbands_kurtosis": {"dmean": 9.26726055145, "dmean2": 13.8243408203, "dvar": 577.419677734, "dvar2": 1114.99853516, "max": 384.361236572, "mean": 12.1885738373, "median": 2.73776865005, "min": -1.89513146877, "var": 1124.67211914}, "melbands_skewness": {"dmean": 0.930234730244, "dmean2": 1.36511766911, "dvar": 1.40312218666, "dvar2": 2.70684599876, "max": 15.7916221619, "mean": 2.24525904655, "median": 1.7635191679, "min": -1.68537521362, "var": 4.60342788696}, "melbands_spread": {"dmean": 14.1388273239, "dmean2": 21.495223999, "dvar": 250.305862427, "dvar2": 516.576599121, "max": 211.205841064, "mean": 50.8488349915, "median": 45.7017936707, "min": 0.714934527874, "var": 1107.18994141}, "mfcc": {"cov": [[15371.9951172, 759.848632813, -931.002197266, 652.196044922, 87.2452087402, 83.0912399292, -35.5242958069, -3.75423550606, 119.455482483, 5.00363111496, -61.7613372803, -33.2001495361, -60.4252929688], [759.848632813, 1084.5682373, 50.6900405884, 105.833633423, 174.650100708, 141.617477417, 47.835231781, 96.7121505737, 112.495368958, 44.0857620239, 68.4918136597, 59.2100257874, -31.7313632965], [-931.002197266, 50.6900405884, 678.676818848, 95.7220535278, 16.8669643402, 70.2205886841, 44.3537521362, 45.4066772461, 52.5276412964, -2.52876758575, 26.8236465454, 1.5846170187, 16.7992305756], [652.196044922, 105.833633423, 95.7220535278, 296.799499512, 108.188148499, 31.9786872864, 26.8038597107, 32.0431556702, 56.8624839783, 34.2054595947, 1.07637822628, 25.5200366974, 21.7856864929], [87.2452087402, 174.650100708, 16.8669643402, 108.188148499, 229.767166138, 91.0371246338, 23.3520431519, 37.6332244873, 35.9181022644, 18.9983673096, 29.3600826263, 24.9295005798, -0.398483395576], [83.0912399292, 141.617477417, 70.2205886841, 31.9786872864, 91.0371246338, 165.755065918, 76.5918960571, 26.7116165161, 16.8228855133, 9.11889362335, 40.6131744385, 16.252363205, -2.38606595993], [-35.5242958069, 47.835231781, 44.3537521362, 26.8038597107, 23.3520431519, 76.5918960571, 134.536392212, 57.5848617554, 12.0805768967, 21.1516208649, 25.2573413849, 13.4154691696, 7.59447860718], [-3.75423550606, 96.7121505737, 45.4066772461, 32.0431556702, 37.6332244873, 26.7116165161, 57.5848617554, 138.148712158, 74.6075668335, 27.5621356964, 18.2482681274, 13.3093681335, 7.39612913132], [119.455482483, 112.495368958, 52.5276412964, 56.8624839783, 35.9181022644, 16.8228855133, 12.0805768967, 74.6075668335, 134.470748901, 61.9753990173, 11.6881408691, 21.8212585449, 6.30432796478], [5.00363111496, 44.0857620239, -2.52876758575, 34.2054595947, 18.9983673096, 9.11889362335, 21.1516208649, 27.5621356964, 61.9753990173, 122.7917099, 49.7737693787, 24.1757068634, 8.28764724731], [-61.7613372803, 68.4918136597, 26.8236465454, 1.07637822628, 29.3600826263, 40.6131744385, 25.2573413849, 18.2482681274, 11.6881408691, 49.7737693787, 96.6093826294, 36.2879714966, -0.0525153316557], [-33.2001495361, 59.2100257874, 1.5846170187, 25.5200366974, 24.9295005798, 16.252363205, 13.4154691696, 13.3093681335, 21.8212585449, 24.1757068634, 36.2879714966, 82.6974868774, 28.8908691406], [-60.4252929688, -31.7313632965, 16.7992305756, 21.7856864929, -0.398483395576, -2.38606595993, 7.59447860718, 7.39612913132, 6.30432796478, 8.28764724731, -0.0525153316557, 28.8908691406, 69.4204025269]], "icov": [[9.40343161346e-05, -5.64193433092e-05, 0.000193638290511, -0.000321222498314, 0.000195029962924, -0.000158311973792, 7.90230260463e-05, 2.29868164752e-05, -0.000103803380625, 0.000124608908664, -7.26296857465e-05, 0.000141672280733, 3.01285290334e-05], [-5.64193433092e-05, 0.00128228729591, -5.40204200661e-05, 4.38580209448e-05, -0.000482755043777, -0.000645583611913, 0.000256925035501, -0.000400274118874, -0.000594185432419, 0.000185208948096, -0.000244586961344, -0.000752299150918, 0.000870649062563], [0.000193638290511, -5.40204200661e-05, 0.00215501524508, -0.00131356145721, 0.000953731301706, -0.00105971714947, 0.000119311684102, -1.01694022305e-05, -0.00113989331294, 0.00121432787273, -0.00115932396147, 0.00100130564533, -0.000467381149065], [-0.000321222498314, 4.38580209448e-05, -0.00131356145721, 0.00594189064577, -0.00310275959782, 0.00158809486311, -0.00141774327494, 0.000724392244592, -0.000728707935195, -0.00129396806005, 0.0017228819197, -0.00105800188612, -0.00102941459045], [0.000195029962924, -0.000482755043777, 0.000953731301706, -0.00310275959782, 0.00793041009456, -0.00461230520159, 0.00257068430074, -0.00173831311986, 0.000347955385223, 0.000208472731174, -0.000596281723119, -0.00034899552702, 0.000571284675971], [-0.000158311973792, -0.000645583611913, -0.00105971714947, 0.00158809486311, -0.00461230520159, 0.0130728036165, -0.00743412133306, 0.00326606607996, -0.00202355952933, 0.0023120266851, -0.00340689625591, 0.000868336181156, -0.000242866779445], [7.90230260463e-05, 0.000256925035501, 0.000119311684102, -0.00141774327494, 0.00257068430074, -0.00743412133306, 0.0143717136234, -0.00707768369466, 0.00460921321064, -0.00301799946465, 0.00116182293277, -0.00103842408862, -8.19108754513e-05], [2.29868164752e-05, -0.000400274118874, -1.01694022305e-05, 0.000724392244592, -0.00173831311986, 0.00326606607996, -0.00707768369466, 0.014539681375, -0.00884696189314, 0.00322829978541, -0.00273502012715, 0.001847271109, -0.00141316151712], [-0.000103803380625, -0.000594185432419, -0.00113989331294, -0.000728707935195, 0.000347955385223, -0.00202355952933, 0.00460921321064, -0.00884696189314, 0.0175093375146, -0.00885153096169, 0.00560154067352, -0.00337652536109, 0.00138944399077], [0.000124608908664, 0.000185208948096, 0.00121432787273, -0.00129396806005, 0.000208472731174, 0.0023120266851, -0.00301799946465, 0.00322829978541, -0.00885153096169, 0.0159241650254, -0.0091012744233, 0.0019611583557, -0.00154808710795], [-7.26296857465e-05, -0.000244586961344, -0.00115932396147, 0.0017228819197, -0.000596281723119, -0.00340689625591, 0.00116182293277, -0.00273502012715, 0.00560154067352, -0.0091012744233, 0.0195841845125, -0.00789115298539, 0.00348536181264], [0.000141672280733, -0.000752299150918, 0.00100130564533, -0.00105800188612, -0.00034899552702, 0.000868336181156, -0.00103842408862, 0.001847271109, -0.00337652536109, 0.0019611583557, -0.00789115298539, 0.0194509197026, -0.00821460690349], [3.01285290334e-05, 0.000870649062563, -0.000467381149065, -0.00102941459045, 0.000571284675971, -0.000242866779445, -8.19108754513e-05, -0.00141316151712, 0.00138944399077, -0.00154808710795, 0.00348536181264, -0.00821460690349, 0.0188997518271]], "mean": [-675.219726563, 74.9417266846, -4.98583126068, 28.467124939, 0.422297596931, 8.52544116974, -0.160461902618, 4.74050331116, 11.8771028519, 4.03054952621, 3.06638431549, 2.60154747963, -0.637622535229]}, "pitch_salience": {"dmean": 0.0764130353928, "dmean2": 0.11595993489, "dvar": 0.00486076297238, "dvar2": 0.0103802848607, "max": 0.851066410542, "mean": 0.562143683434, "median": 0.572307705879, "min": 0.166706100106, "var": 0.0170228499919}, "silence_rate_20dB": {"dmean": 0, "dmean2": 0, "dvar": 0, "dvar2": 0, "max": 1, "mean": 1, "median": 1, "min": 1, "var": 0}, "silence_rate_30dB": {"dmean": 0, "dmean2": 0, "dvar": 0, "dvar2": 0, "max": 1, "mean": 1, "median": 1, "min": 1, "var": 0}, "silence_rate_60dB": {"dmean": 0.0772137343884, "dmean2": 0.154452845454, "dvar": 0.0712461471558, "dvar2": 0.150649771094, "max": 1, "mean": 0.1953022331, "median": 0, "min": 0, "var": 0.157161191106}, "spectral_centroid": {"dmean": 327.901519775, "dmean2": 498.367736816, "dvar": 146139.5, "dvar2": 311399.75, "max": 12076.8476563, "mean": 2548.12182617, "median": 2434.91503906, "min": 172.936157227, "var": 2484294}, "spectral_complexity": {"dmean": 4.34204053879, "dmean2": 6.09727239609, "dvar": 27.1486110687, "dvar2": 46.3665084839, "max": 62, "mean": 18.2526283264, "median": 15, "min": 0, "var": 201.169677734}, "spectral_contrast_coeffs": {"dmean": [0.0547417663038, 0.0427786000073, 0.0375304482877, 0.0318269096315, 0.0224166400731, 0.0173983089626], "dmean2": [0.0875893831253, 0.0711387097836, 0.0604140721262, 0.0503267049789, 0.0359833315015, 0.0274249576032], "dvar": [0.00246933265589, 0.00118150457274, 0.000957426265813, 0.000755648652557, 0.000377576885512, 0.000250096869422], "dvar2": [0.00598012795672, 0.00322954216972, 0.00248582847416, 0.00176152097993, 0.000892558542546, 0.000579012848902], "max": [-0.366223692894, -0.522922992706, -0.529047071934, -0.577576994896, -0.611748099327, -0.566433191299], "mean": [-0.67818915844, -0.793190538883, -0.787340581417, -0.786437034607, -0.7923848629, -0.745292246342], "median": [-0.677556097507, -0.795862078667, -0.788902521133, -0.786759912968, -0.792317390442, -0.738507807255], "min": [-0.978897571564, -0.982513546944, -0.983389079571, -0.97903239727, -0.977887332439, -0.965301811695], "var": [0.00835467129946, 0.00380823970772, 0.0043356185779, 0.00393328582868, 0.00266960449517, 0.00290183443576]}, "spectral_contrast_valleys": {"dmean": [0.490282773972, 0.391261935234, 0.359676063061, 0.350550889969, 0.284314185381, 0.259411841631], "dmean2": [0.755973160267, 0.634905278683, 0.558622956276, 0.516093432903, 0.392623603344, 0.348914146423], "dvar": [0.207992225885, 0.141455292702, 0.13774523139, 0.158740445971, 0.142545774579, 0.122702039778], "dvar2": [0.398180365562, 0.28161880374, 0.248316049576, 0.263927936554, 0.22446295619, 0.197505459189], "max": [-5.82077455521, -5.29281616211, -5.64344835281, -5.65613698959, -5.27166175842, -7.61759901047], "mean": [-8.54832172394, -7.79793548584, -8.31962585449, -8.45710659027, -7.98101234436, -10.3943834305], "median": [-7.9219751358, -7.1635017395, -7.72692966461, -7.83269882202, -7.3191318512, -9.89507579803], "min": [-28.3797492981, -27.9491901398, -27.8479404449, -27.750995636, -27.4893741608, -27.4434528351], "var": [10.5997257233, 11.1165008545, 10.6176958084, 10.7491893768, 11.1928424835, 8.54936981201]}, "spectral_decrease": {"dmean": 1.27368560143e-09, "dmean2": 1.80507797598e-09, "dvar": 3.11677891138e-18, "dvar2": 6.0894182923e-18, "max": 2.28827247819e-28, "mean": -2.99935520864e-09, "median": -2.19639151311e-09, "min": -2.72926463651e-08, "var": 8.67924717113e-18}, "spectral_energy": {"dmean": 0.00527262222022, "dmean2": 0.00729767559096, "dvar": 5.01354443259e-05, "dvar2": 9.58245436777e-05, "max": 0.108031988144, "mean": 0.0132594406605, "median": 0.00971579644829, "min": 9.73018612998e-21, "var": 0.000163971475558}, "spectral_energyband_high": {"dmean": 0.000695377937518, "dmean2": 0.000912815681659, "dvar": 1.5739152559e-06, "dvar2": 2.85427290692e-06, "max": 0.0174968410283, "mean": 0.00165941764135, "median": 0.000669676752295, "min": 6.97038445011e-21, "var": 5.42474299436e-06}, "spectral_energyband_low": {"dmean": 0.00319004734047, "dmean2": 0.00479688448831, "dvar": 3.43861574947e-05, "dvar2": 7.05289858161e-05, "max": 0.0860701650381, "mean": 0.00455041229725, "median": 0.0021614106372, "min": 1.09826556288e-23, "var": 5.15127576364e-05}, "spectral_energyband_middle_high": {"dmean": 0.00151156028733, "dmean2": 0.00215934566222, "dvar": 5.8938676375e-06, "dvar2": 1.27946696011e-05, "max": 0.0414726063609, "mean": 0.00429048854858, "median": 0.00238409545273, "min": 1.23652000616e-21, "var": 2.78262759821e-05}, "spectral_energyband_middle_low": {"dmean": 0.00199301727116, "dmean2": 0.00311413756572, "dvar": 1.2106082977e-05, "dvar2": 2.90442440019e-05, "max": 0.043675724417, "mean": 0.00318056927063, "median": 0.00179702485912, "min": 1.65731282707e-22, "var": 1.68714068423e-05}, "spectral_entropy": {"dmean": 0.114735595882, "dmean2": 0.170410782099, "dvar": 0.015384347178, "dvar2": 0.0323328711092, "max": 9.82489013672, "mean": 7.98538446426, "median": 7.96576881409, "min": 6.2833070755, "var": 0.163034230471}, "spectral_flux": {"dmean": 0.0207772031426, "dmean2": 0.0317503996193, "dvar": 0.000570442527533, "dvar2": 0.00131162547041, "max": 0.2457588166, "mean": 0.0653553828597, "median": 0.0596463307738, "min": 6.36901642537e-11, "var": 0.00162452831864}, "spectral_kurtosis": {"dmean": 0.786436736584, "dmean2": 1.27494204044, "dvar": 0.788674175739, "dvar2": 2.06016397476, "max": 21.7535381317, "mean": 2.7903342247, "median": 2.62987470627, "min": -1.26879918575, "var": 2.57972693443}, "spectral_rms": {"dmean": 0.00068675779039, "dmean2": 0.000920084537938, "dvar": 6.09670507856e-07, "dvar2": 1.09311133656e-06, "max": 0.0102663068101, "mean": 0.00315510877408, "median": 0.00307877012528, "min": 3.08104930458e-12, "var": 2.98134250443e-06}, "spectral_rolloff": {"dmean": 856.204223633, "dmean2": 1327.39990234, "dvar": 1191719.25, "dvar2": 2327556, "max": 19789.0136719, "mean": 3646.31396484, "median": 3165.38085938, "min": 86.1328125, "var": 10506928}, "spectral_skewness": {"dmean": 0.141879290342, "dmean2": 0.221546366811, "dvar": 0.0197186991572, "dvar2": 0.0450314953923, "max": 3.70622682571, "mean": 1.16495084763, "median": 1.16325736046, "min": -0.132462993264, "var": 0.112421557307}, "spectral_spread": {"dmean": 569944.625, "dmean2": 844706.4375, "dvar": 685439844352, "dvar2": 1319684407300.0, "max": 42997652, "mean": 6053285, "median": 5009878, "min": 2160266.5, "var": 33121391083500.0}, "spectral_strongpeak": {"dmean": 0.552087843418, "dmean2": 0.961195170879, "dvar": 1.5821276