{"lowlevel": {"average_loudness": 0.699106633663, "barkbands": {"dmean": [0.00255266064778, 0.00923385843635, 0.00295995618217, 0.00147564092185, 0.00257556978613, 0.00199596886523, 0.00119723263197, 0.000721202988643, 0.000961004057899, 0.000294786557788, 0.000186889054021, 0.000219122055569, 0.000214986153878, 0.000160834460985, 0.000238152089878, 0.000109640830487, 1.26186641864e-05, 8.07649394119e-06, 5.6502985899e-06, 4.40887470177e-06, 3.87511590816e-06, 3.20653475683e-06, 2.66844472208e-06, 2.54014821621e-06, 2.44603188548e-06, 2.39974906435e-06, 7.66982338973e-06], "dmean2": [0.00418516853824, 0.0141412047669, 0.00484413234517, 0.00238949200138, 0.00396079896018, 0.00315922149457, 0.00181458308361, 0.00111001380719, 0.00142546440475, 0.000460407463834, 0.000302725034999, 0.000349647481926, 0.000331630755682, 0.000257477164268, 0.000370741123334, 0.000170449478901, 2.00218200916e-05, 1.2897252418e-05, 9.30218811845e-06, 7.39932784199e-06, 6.52553671898e-06, 5.4099054978e-06, 4.51568257631e-06, 4.29727515439e-06, 4.14019359596e-06, 4.05969467465e-06, 1.20498471006e-05], "dvar": [2.47001662501e-05, 0.000298757513519, 2.39258461079e-05, 7.13728286428e-06, 4.40395633632e-05, 2.79100750049e-05, 1.03148222479e-05, 4.47207048637e-06, 1.16658848128e-05, 1.2057054164e-06, 5.29476551492e-07, 8.36791002712e-07, 6.44307760922e-07, 3.09243375796e-07, 8.65721631271e-07, 2.04466047649e-07, 9.04533503654e-10, 2.91152130183e-10, 1.04513134258e-10, 6.75251382587e-11, 5.62452029396e-11, 4.06409871034e-11, 2.86852503556e-11, 2.59780877365e-11, 2.41057260958e-11, 2.31975810089e-11, 2.95692692553e-10], "dvar2": [5.83243308938e-05, 0.000679108663462, 6.14908858552e-05, 1.82858966582e-05, 9.29462039494e-05, 6.65375700919e-05, 2.03535200853e-05, 9.53088783717e-06, 2.50426928687e-05, 2.81835173155e-06, 1.35762286391e-06, 2.02262617677e-06, 1.46430170389e-06, 8.61090086346e-07, 2.2404876745e-06, 5.05314858401e-07, 2.13175743724e-09, 6.60132892794e-10, 2.63228966402e-10, 1.76247794137e-10, 1.47143533469e-10, 1.06799492861e-10, 7.5268645483e-11, 6.81539893965e-11, 6.32522229038e-11, 6.08489161835e-11, 7.62855667524e-10], "max": [0.0685336366296, 0.287497937679, 0.108610570431, 0.0589348599315, 0.206610053778, 0.0995278134942, 0.106117740273, 0.0539366565645, 0.0961569771171, 0.0387539789081, 0.0194552037865, 0.0313672088087, 0.0244594365358, 0.0189273674041, 0.0305062886328, 0.013897234574, 0.000776130123995, 0.000619772356004, 0.000148836275912, 0.000106687752123, 9.85508813756e-05, 8.38889318402e-05, 7.21713076928e-05, 6.87003193889e-05, 6.61517260596e-05, 6.51627851767e-05, 0.000505269563291], "mean": [0.00285819964483, 0.0172408577055, 0.00543270399794, 0.00233634538017, 0.00431760866195, 0.00292973639444, 0.00191402807832, 0.00109051319305, 0.00145357986912, 0.000391526584281, 0.000240259876591, 0.000319834449328, 0.000321311905282, 0.000263365829596, 0.000390673027141, 0.000169724400621, 1.80601564352e-05, 1.08323820314e-05, 6.68080474497e-06, 4.57187525171e-06, 3.70497855329e-06, 2.94429537462e-06, 2.38170332523e-06, 2.25748408411e-06, 2.17334013541e-06, 2.14192482417e-06, 1.43384495459e-05], "median": [0.000943996128626, 0.0062522473745, 0.00232143234462, 0.000967163825408, 0.00142813380808, 0.00101968389936, 0.000447587284725, 0.000193178711925, 0.000203259842237, 6.03203443461e-05, 4.42410673713e-05, 5.34460232302e-05, 4.64565018774e-05, 3.7700192479e-05, 4.34871653852e-05, 1.29469735839e-05, 5.18409615324e-06, 4.02539262723e-06, 2.5653071134e-06, 1.75790557932e-06, 1.23503173199e-06, 8.25814936434e-07, 5.83873202231e-07, 5.43276257758e-07, 5.23905725913e-07, 5.23525841345e-07, 4.66480196337e-06], "min": [8.74886310195e-26, 7.33036423706e-25, 1.34476625475e-25, 9.25740795444e-25, 6.04587928142e-24, 7.66543951326e-24, 5.19566116942e-24, 1.0656470322e-23, 1.73335775615e-23, 1.1927854566e-23, 1.24192943995e-23, 1.60651602234e-23, 2.59375635479e-23, 2.50798240416e-23, 2.65765282594e-23, 4.89689225003e-23, 5.40451761611e-23, 8.14484117165e-23, 1.33667608385e-22, 1.87501230984e-22, 2.30336479111e-22, 3.26191661902e-22, 3.35631562769e-22, 6.01839276424e-22, 9.31395171341e-22, 1.33403714848e-21, 1.9061216013e-21], "var": [2.99739585898e-05, 0.000804034527391, 6.69204382575e-05, 1.66212157637e-05, 0.000119322605315, 4.71315543109e-05, 2.55884751823e-05, 1.05452299977e-05, 2.76815262623e-05, 2.17419437831e-06, 7.21795629488e-07, 1.41776092732e-06, 1.19863818782e-06, 6.50886647691e-07, 2.00593831323e-06, 4.55024775192e-07, 1.90255922128e-09, 5.74559733124e-10, 1.44730574747e-10, 7.12098227607e-11, 5.56000592788e-11, 3.91772031483e-11, 2.74300721026e-11, 2.48293139521e-11, 2.30220946473e-11, 2.21959273877e-11, 8.0738710162e-10]}, "barkbands_crest": {"dmean": 2.99939608574, "dmean2": 4.90377950668, "dvar": 6.82545995712, "dvar2": 17.5605487823, "max": 25.8660831451, "mean": 12.6761283875, "median": 11.9025783539, "min": 3.30482840538, "var": 22.6457099915}, "barkbands_flatness_db": {"dmean": 0.0486140176654, "dmean2": 0.0778597965837, "dvar": 0.00164884910919, "dvar2": 0.00431333808228, "max": 0.57617431879, "mean": 0.248319074512, "median": 0.242028594017, "min": 0.0384352058172, "var": 0.00520484242588}, "barkbands_kurtosis": {"dmean": 10.5434627533, "dmean2": 17.0106239319, "dvar": 450.88470459, "dvar2": 1225.21740723, "max": 405.167144775, "mean": 17.9210090637, "median": 7.5844707489, "min": -1.76456701756, "var": 982.867248535}, "barkbands_skewness": {"dmean": 0.892657756805, "dmean2": 1.40882217884, "dvar": 0.954669475555, "dvar2": 2.53478646278, "max": 15.286283493, "mean": 2.41858696938, "median": 2.08990716934, "min": -2.21478247643, "var": 4.03261756897}, "barkbands_spread": {"dmean": 2.42287278175, "dmean2": 3.74922776222, "dvar": 11.6806278229, "dvar2": 30.4020767212, "max": 127.687995911, "mean": 7.49798631668, "median": 5.75907087326, "min": 0.156225562096, "var": 48.9952468872}, "dissonance": {"dmean": 0.0326620936394, "dmean2": 0.0551706366241, "dvar": 0.000899159058463, "dvar2": 0.00249521341175, "max": 0.499999910593, "mean": 0.439011156559, "median": 0.447569102049, "min": 0.16239182651, "var": 0.00182991381735}, "dynamic_complexity": 4.48935890198, "erbbands": {"dmean": [0.318645328283, 2.0571615696, 3.72191309929, 3.81472396851, 4.99972677231, 9.5861749649, 18.8954410553, 14.4861335754, 14.7470979691, 19.4262638092, 15.399731636, 22.5910758972, 11.9690618515, 7.50432491302, 7.00114107132, 7.76984548569, 8.43024349213, 9.3943567276, 7.11147737503, 12.4272212982, 3.28087663651, 0.715480268002, 0.463582247496, 0.344933956861, 0.251760393381, 0.207938045263, 0.170845791698, 0.142403379083, 0.117335446179, 0.0939954444766, 0.0739947110415, 0.05618737638, 0.0406920574605, 0.0276493243873, 0.0172368697822, 0.00953748822212, 0.00444371905178, 0.00159682286903, 0.000388939748518, 0.000175134264282], "dmean2": [0.496846228838, 3.1817855835, 5.90768384933, 6.16050100327, 7.8012638092, 14.8350343704, 29.7511863708, 23.0139884949, 22.7652359009, 28.7085762024, 23.5411968231, 33.8476715088, 17.9748439789, 11.6971111298, 11.291431427, 12.2159366608, 13.0756416321, 14.9186925888, 10.5590820312, 19.3760890961, 4.9331908226, 1.11773133278, 0.737903416157, 0.557204067707, 0.41618463397, 0.349205315113, 0.28796005249, 0.239911988378, 0.197868138552, 0.15891097486, 0.125167295337, 0.0950928330421, 0.0688616856933, 0.0467890277505, 0.0291672032326, 0.0161373820156, 0.00751783046871, 0.00269789411686, 0.000646564294584, 0.000262530753389], "dvar": [0.410878092051, 15.0639820099, 38.3564796448, 41.0583496094, 122.20476532, 676.551574707, 3090.94873047, 1449.47143555, 1782.67114258, 3871.05444336, 2158.88427734, 8038.84082031, 1807.68115234, 835.338317871, 754.403747559, 999.358154297, 929.035400391, 1130.65649414, 516.637695312, 2849.92626953, 149.640136719, 2.80764579773, 0.922064244747, 0.408157616854, 0.208151578903, 0.150758042932, 0.109423495829, 0.0771981477737, 0.0538818947971, 0.0354771688581, 0.0220457334071, 0.0127208940685, 0.00666932249442, 0.00307897059247, 0.00119661609642, 0.000366271618987, 7.9514727986e-05, 1.0191301044e-05, 5.43149042187e-07, 1.67748737567e-07], "dvar2": [1.01520812511, 33.7080421448, 91.3750076294, 107.985038757, 272.815643311, 1430.49707031, 6977.25878906, 3516.12548828, 3830.39355469, 7027.75732422, 4601.75634766, 17468.4511719, 4007.68359375, 1980.22216797, 1863.28405762, 2427.46923828, 2246.20825195, 3177.11279297, 1248.61108398, 7421.00439453, 344.915588379, 6.31436347961, 2.01869344711, 0.976030230522, 0.536009073257, 0.39282977581, 0.286467075348, 0.20209081471, 0.141659960151, 0.0931422635913, 0.0578404255211, 0.033372271806, 0.0174990929663, 0.00807895790786, 0.00313952425495, 0.000960805162322, 0.000208524317713, 2.67406740022e-05, 1.42657779634e-06, 4.34290456042e-07], "max": [10.1030044556, 62.6492500305, 98.4451446533, 113.130271912, 295.020690918, 880.26965332, 1812.19360352, 918.571044922, 1540.08215332, 2818.77832031, 1244.64013672, 3031.38549805, 1333.53503418, 1059.52783203, 962.901245117, 1230.2064209, 1134.19677734, 1067.23852539, 961.983703613, 1523.42785645, 375.162811279, 48.3841133118, 35.0063476562, 13.5700979233, 5.75152254105, 5.16539049149, 4.39875745773, 3.63556241989, 3.02778124809, 2.56813192368, 1.98277831078, 1.51855874062, 1.10078632832, 0.748186707497, 0.466031610966, 0.257629930973, 0.120171517134, 0.0431898310781, 0.0102362260222, 0.0115434806794], "mean": [0.529282271862, 3.60195207596, 7.07156038284, 7.21207237244, 8.40714550018, 14.7864751816, 28.1604785919, 21.8090934753, 22.9312934875, 31.6631603241, 25.9002437592, 33.9727363586, 17.3831424713, 10.8692798615, 10.5917978287, 12.0261964798, 13.9622917175, 15.8067836761, 13.9454669952, 20.9592933655, 5.94173526764, 1.18108272552, 0.645698785782, 0.440837353468, 0.287844747305, 0.217069268227, 0.165639221668, 0.134355723858, 0.108571745455, 0.0847625732422, 0.0660527870059, 0.0499600581825, 0.0361710861325, 0.024587534368, 0.0153441010043, 0.00850591342896, 0.00397937418893, 0.00146513362415, 0.000459348986624, 0.000426531711128], "median": [0.165614515543, 1.27597975731, 3.04644227028, 3.30052781105, 3.46840238571, 4.31937885284, 7.35973453522, 7.86246013641, 6.16781902313, 5.78847122192, 5.00389480591, 4.81287097931, 2.83848237991, 1.92356479168, 2.12935829163, 2.28435707092, 2.3008081913, 2.13859701157, 2.21989631653, 1.82996594906, 0.651943862438, 0.320337951183, 0.235617935658, 0.169269174337, 0.111375965178, 0.0855870395899, 0.0568220056593, 0.0429914109409, 0.0318928174675, 0.0214414913207, 0.0161606110632, 0.0120609598234, 0.00872970372438, 0.00593652762473, 0.00372935272753, 0.00207723351195, 0.000980546115898, 0.000393341266317, 0.000207535951631, 0.000215615844354], "min": [3.96897473097e-23, 1.43708457178e-22, 1.41519192724e-21, 2.82669627684e-21, 1.09092650463e-20, 1.79215158214e-20, 3.67121011986e-20, 7.28644079176e-20, 8.53788557166e-20, 1.1526737279e-19, 3.3642823625e-19, 4.71158096104e-19, 3.28016119613e-19, 6.62749152595e-19, 5.24580987279e-19, 1.13256566514e-18, 1.27663509205e-18, 1.98457069166e-18, 2.34844103247e-18, 3.06619206064e-18, 3.38244119999e-18, 4.00754448403e-18, 4.36867706381e-18, 6.39479393571e-18, 7.28655377946e-18, 8.72603416094e-18, 8.67959375981e-18, 8.4071560348e-18, 1.12423721782e-17, 1.01691227043e-17, 1.05273357501e-17, 1.012658825e-17, 9.4846803782e-18, 8.08411305428e-18, 6.30183372411e-18, 4.07115674109e-18, 2.37449701497e-18, 8.35097661593e-19, 2.39112944574e-19, 2.57158868683e-20], "var": [0.871175706387, 38.1004142761, 110.009033203, 124.036994934, 272.525115967, 1552.26782227, 7196.11572266, 2483.63989258, 3565.34521484, 11403.078125, 5177.0703125, 17690.3847656, 3793.39428711, 1317.24707031, 1283.55712891, 1656.01647949, 1793.76293945, 2332.60302734, 1577.01403809, 6569.30664062, 436.520324707, 8.05390644073, 2.01504969597, 0.718631267548, 0.261850893497, 0.159054920077, 0.10833389312, 0.0757845416665, 0.0521203130484, 0.033991869539, 0.0210953429341, 0.0121553856879, 0.00637189578265, 0.00294182240032, 0.00114375364501, 0.000350337912096, 7.61587289162e-05, 9.82064466371e-06, 5.95988751684e-07, 4.79077925775e-07]}, "erbbands_crest": {"dmean": 3.16578888893, "dmean2": 5.20176124573, "dvar": 7.73136854172, "dvar2": 19.2838954926, "max": 31.6883735657, "mean": 10.5043134689, "median": 9.69618034363, "min": 2.52886247635, "var": 19.7825317383}, "erbbands_flatness_db": {"dmean": 0.044740088284, "dmean2": 0.0717722028494, "dvar": 0.00133866758551, "dvar2": 0.00363273266703, "max": 0.438178747892, "mean": 0.205722659826, "median": 0.20426017046, "min": 0.0412781685591, "var": 0.00375263113528}, "erbbands_kurtosis": {"dmean": 2.11135864258, "dmean2": 3.39340090752, "dvar": 12.0164785385, "dvar2": 30.7094135284, "max": 57.0326042175, "mean": 2.16000580788, "median": 0.896331906319, "min": -1.80958867073, "var": 20.6913948059}, "erbbands_skewness": {"dmean": 0.524950027466, "dmean2": 0.815218985081, "dvar": 0.230962395668, "dvar2": 0.569758057594, "max": 6.99467945099, "mean": 0.768253326416, "median": 0.786725223064, "min": -3.02742815018, "var": 1.05392932892}, "erbbands_spread": {"dmean": 6.33970308304, "dmean2": 10.0704488754, "dvar": 38.8609619141, "dvar2": 98.907333374, "max": 102.112121582, "mean": 22.6538352966, "median": 21.0022201538, "min": 1.03356719017, "var": 129.28477478}, "gfcc": {"cov": [[33691.7070312, 3615.88525391, -1882.10717773, -417.425933838, -858.858032227, 250.989700317, -823.533752441, -94.9729309082, -85.7697372437, 71.0643615723, -358.463684082, -184.599365234, -12.3380832672], [3615.88525391, 1795.078125, -341.305267334, -392.876342773, 172.133773804, -177.385803223, 0.599663972855, -169.799621582, 138.996871948, -38.6739654541, 26.79545784, -157.333312988, 67.1017913818], [-1882.10717773, -341.305267334, 759.646179199, 445.093536377, -96.5779266357, 101.980331421, 107.201927185, 136.092514038, -82.9765548706, 7.04786014557, -16.3281002045, 36.2758369446, -67.6369628906], [-417.425933838, -392.876342773, 445.093536377, 554.848571777, 1.90283727646, 56.9610939026, 85.0429611206, 104.779449463, -102.63621521, -6.04658651352, -20.0862903595, 59.2503700256, -66.9710388184], [-858.858032227, 172.133773804, -96.5779266357, 1.90283727646, 377.648468018, 32.0446281433, 42.8277740479, -113.778594971, 36.415019989, -36.6545257568, 45.7280426025, -33.7315826416, 42.9195899963], [250.989700317, -177.385803223, 101.980331421, 56.9610939026, 32.0446281433, 248.913406372, -4.54691457748, -3.24026465416, -60.7285041809, 16.0737762451, -7.34647512436, 15.932135582, -12.3235740662], [-823.533752441, 0.599663972855, 107.201927185, 85.0429611206, 42.8277740479, -4.54691457748, 168.228729248, 71.7789535522, 12.1185503006, -18.7262020111, 9.76890945435, 10.1438388824, -8.2961139679], [-94.9729309082, -169.799621582, 136.092514038, 104.779449463, -113.778594971, -3.24026465416, 71.7789535522, 182.201629639, 48.797088623, 18.7267913818, -17.0987091064, 18.4956741333, -27.460483551], [-85.7697372437, 138.996871948, -82.9765548706, -102.63621521, 36.415019989, -60.7285041809, 12.1185503006, 48.797088623, 145.628173828, 48.8944091797, 9.21751022339, -44.1391410828, 12.6930456161], [71.0643615723, -38.6739654541, 7.04786014557, -6.04658651352, -36.6545257568, 16.0737762451, -18.7262020111, 18.7267913818, 48.8944091797, 77.0416030884, 21.892375946, -3.33690905571, -13.9986124039], [-358.463684082, 26.79545784, -16.3281002045, -20.0862903595, 45.7280426025, -7.34647512436, 9.76890945435, -17.0987091064, 9.21751022339, 21.892375946, 68.4270629883, 39.5646743774, 19.3159236908], [-184.599365234, -157.333312988, 36.2758369446, 59.2503700256, -33.7315826416, 15.932135582, 10.1438388824, 18.4956741333, -44.1391410828, -3.33690905571, 39.5646743774, 96.3057556152, 34.3169441223], [-12.3380832672, 67.1017913818, -67.6369628906, -66.9710388184, 42.9195899963, -12.3235740662, -8.2961139679, -27.460483551, 12.6930456161, -13.9986124039, 19.3159236908, 34.3169441223, 77.2178039551]], "icov": [[0.000180391260074, -0.000600393977948, 0.000939597317483, -0.00100281508639, 0.000789026962593, -0.000864542322233, 0.000718967698049, -0.000395452021621, -1.2744479136e-05, 7.01059398125e-05, 0.000337029137881, -2.50068460446e-05, -0.000194478736375], [-0.000600393977948, 0.00306840310805, -0.0027827960439, 0.0025584504474, -0.000932088471018, 0.00235739164054, -0.00305226980709, 0.00309027079493, -0.00199203402735, 0.00269766640849, -0.00469029787928, 0.00381968915462, -0.00102334178519], [0.000939597317483, -0.0027827960439, 0.0086113056168, -0.00954646058381, 0.00827961973846, -0.00709630083293, 0.00232122605667, -0.000269041222055, -0.00305531057529, 0.00522554945201, -0.00509133422747, 0.00594505155459, -0.00366821442731], [-0.00100281508639, 0.0025584504474, -0.00954646058381, 0.0169323626906, -0.0164601393044, 0.011552224867, -0.00225887843408, -0.00830601714551, 0.0157858300954, -0.018096158281, 0.0159984249622, -0.0131101412699, 0.00768500380218], [0.000789026962593, -0.000932088471018, 0.00827961973846, -0.0164601393044, 0.0246588271111, -0.0145554179326, -0.00178390811197, 0.0169509202242, -0.0255567990243, 0.0299155004323, -0.0261079631746, 0.0179038029164, -0.00808155816048], [-0.000864542322233, 0.00235739164054, -0.00709630083293, 0.011552224867, -0.0145554179326, 0.0151000954211, -0.00163710629568, -0.0082355607301, 0.0177216529846, -0.0197492204607, 0.0129826907068, -0.00679422169924, 0.00229075038806], [0.000718967698049, -0.00305226980709, 0.00232122605667, -0.00225887843408, -0.00178390811197, -0.00163710629568, 0.0134142814204, -0.00973913632333, 0.00419072574005, -0.000626089400612, 0.00221437681466, -0.00245822570287, 0.00128555728588], [-0.000395452021621, 0.00309027079493, -0.000269041222055, -0.00830601714551, 0.0169509202242, -0.0082355607301, -0.00973913632333, 0.0341242700815, -0.0370929017663, 0.0285259746015, -0.0129433581606, -0.00128972181119, 0.00524452328682], [-1.2744479136e-05, -0.00199203402735, -0.00305531057529, 0.0157858300954, -0.0255567990243, 0.0177216529846, 0.00419072574005, -0.0370929017663, 0.0625991895795, -0.0532541126013, 0.0229092035443, 0.00412452919409, -0.0104716708884], [7.01059398125e-05, 0.00269766640849, 0.00522554945201, -0.018096158281, 0.0299155004323, -0.0197492204607, -0.000626089400612, 0.0285259746015, -0.0532541126013, 0.0719339698553, -0.0468482784927, 0.0186287239194, 0.00208163238131], [0.000337029137881, -0.00469029787928, -0.00509133422747, 0.0159984249622, -0.0261079631746, 0.0129826907068, 0.00221437681466, -0.0129433581606, 0.0229092035443, -0.0468482784927, 0.0737666860223, -0.0518590696156, 0.0180995184928], [-2.50068460446e-05, 0.00381968915462, 0.00594505155459, -0.0131101412699, 0.0179038029164, -0.00679422169924, -0.00245822570287, -0.00128972181119, 0.00412452919409, 0.0186287239194, -0.0518590696156, 0.0666917860508, -0.0352121256292], [-0.000194478736375, -0.00102334178519, -0.00366821442731, 0.00768500380218, -0.00808155816048, 0.00229075038806, 0.00128555728588, 0.00524452328682, -0.0104716708884, 0.00208163238131, 0.0180995184928, -0.0352121256292, 0.037341453135]], "mean": [-119.936416626, 153.679107666, -65.3536758423, -1.65223884583, -20.5652313232, 2.02008843422, -23.1360588074, -6.03422832489, -4.20906877518, 3.51627135277, -7.0356631279, -6.94600963593, -3.82014608383]}, "hfc": {"dmean": 4.1211233139, "dmean2": 5.96757316589, "dvar": 51.9952774048, "dvar2": 126.330421448, "max": 216.04196167, "mean": 12.3924016953, "median": 8.05549240112, "min": 1.0903192062e-16, "var": 202.398452759}, "melbands": {"dmean": [0.00266514695249, 0.00220688665286, 0.000667325104587, 0.000448444392532, 0.000630551076028, 0.000339813879691, 0.000220501766307, 0.000197992223548, 0.000140174015542, 0.000137597322464, 5.99459999648e-05, 3.21015722875e-05, 2.45509017986e-05, 2.74472477031e-05, 1.86324814422e-05, 2.17494980461e-05, 1.71959927684e-05, 1.08258673208e-05, 1.98418038053e-05, 1.18876423585e-05, 2.85569535663e-06, 7.73007286625e-07, 4.74036028209e-07, 3.858995683e-07, 2.7746818887e-07, 1.99043256544e-07, 1.62199938814e-07, 1.33542982894e-07, 1.08938664312e-07, 9.42662410353e-08, 7.86408520526e-08, 6.78370355445e-08, 5.80287888852e-08, 4.99153323119e-08, 4.33524007803e-08, 3.77294036014e-08, 3.29872200666e-08, 2.89479693549e-08, 2.55019134698e-08, 2.25647944774e-08], "dmean2": [0.00408479664475, 0.00340744038112, 0.00106310879346, 0.00068394059781, 0.000984464073554, 0.000535095867235, 0.000340418191627, 0.000294734316412, 0.000214024665183, 0.00020669636433, 9.08419460757e-05, 5.04370873387e-05, 3.98595257138e-05, 4.39426803496e-05, 2.96145954053e-05, 3.4394182876e-05, 2.75574075204e-05, 1.67990529008e-05, 3.09455936076e-05, 1.85156386578e-05, 4.41805605078e-06, 1.22235269373e-06, 7.628128742e-07, 6.18055025825e-07, 4.51133530532e-07, 3.28931918148e-07, 2.70935800017e-07, 2.25082075644e-07, 1.83638434237e-07, 1.58656163762e-07, 1.32611049253e-07, 1.14358179815e-07, 9.80249765803e-08, 8.43942302708e-08, 7.33184748469e-08, 6.38596944214e-08, 5.58264119377e-08, 4.89874345533e-08, 4.31574704862e-08, 3.8185618223e-08], "dvar": [2.56260937022e-05, 1.4433537217e-05, 1.2644892422e-06, 1.06400989353e-06, 3.21452807839e-06, 7.47700653392e-07, 3.45703114135e-07, 3.73298320255e-07, 1.99662011369e-07, 2.98475384852e-07, 4.70756802429e-08, 1.51270462823e-08, 8.58353743638e-09, 1.66020033276e-08, 5.0506687721e-09, 6.97045665632e-09, 4.02481559192e-09, 9.83393810827e-10, 6.50121201318e-09, 2.58023313826e-09, 1.36921751714e-10, 3.38048165849e-12, 9.82599852178e-13, 7.14591959824e-13, 2.65493302256e-13, 1.31686965477e-13, 8.59144569723e-14, 6.31324623113e-14, 4.50076479178e-14, 3.22647792273e-14, 2.3996682259e-14, 1.79536764687e-14, 1.34071263274e-14, 1.00236032446e-14, 7.56329186427e-15, 5.73759535569e-15, 4.38400240115e-15, 3.3753269802e-15, 2.61923953697e-15, 2.050851842e-15], "dvar2": [5.98463666392e-05, 3.14281169267e-05, 3.20099002238e-06, 2.34002573052e-06, 7.05991215e-06, 1.80174947673e-06, 7.30019053208e-07, 6.93680192398e-07, 4.26114041829e-07, 6.40404266505e-07, 1.04897196707e-07, 3.59561660446e-08, 2.22103011538e-08, 3.97525070639e-08, 1.19431460277e-08, 1.68771840947e-08, 1.15288463221e-08, 2.39096298316e-09, 1.63145958965e-08, 6.56448273517e-09, 3.22686211085e-10, 7.78440593235e-12, 2.25249658335e-12, 1.58973702258e-12, 6.43416797706e-13, 3.38676135747e-13, 2.22802665532e-13, 1.64767179935e-13, 1.18150498066e-13, 8.43327550805e-14, 6.28117214274e-14, 4.72212973747e-14, 3.52568587389e-14, 2.63049402139e-14, 1.98461411964e-14, 1.50509843439e-14, 1.15017087719e-14, 8.85630205782e-15, 6.87255470699e-15, 5.38140275478e-15], "max": [0.0821949243546, 0.0683467164636, 0.0214546639472, 0.0384107120335, 0.0565371774137, 0.0189093761146, 0.0207121055573, 0.0256530921906, 0.0119384713471, 0.0190643407404, 0.00689201056957, 0.0040631396696, 0.00282816472463, 0.00465190038085, 0.00343547947705, 0.0030178737361, 0.00213241809979, 0.00128984835465, 0.00266855675727, 0.00136805034708, 0.000350403861376, 5.57125422347e-05, 2.4589462555e-05, 3.5216424294e-05, 1.07478817881e-05, 4.81052438772e-06, 3.80064125238e-06, 3.44634690919e-06, 2.84790576188e-06, 2.32049683291e-06, 2.02021055884e-06, 1.70465659721e-06, 1.58203124556e-06, 1.37104382247e-06, 1.15720638405e-06, 1.01737975911e-06, 8.92329921953e-07, 7.83156849593e-07, 6.8955404231e-07, 6.10705683357e-07], "mean": [0.00482123717666, 0.00430170726031, 0.00133489794098, 0.000748768798076, 0.000976821524091, 0.000512433703989, 0.000352141389158, 0.00032055407064, 0.000222332513658, 0.000204510972253, 8.24618473416e-05, 4.43740718765e-05, 3.4248612792e-05, 3.76772113668e-05, 2.78759835055e-05, 3.39064426953e-05, 2.77815634036e-05, 1.88781123143e-05, 3.23485983245e-05, 1.95868269657e-05, 4.43270528194e-06, 1.12941097541e-06, 6.43037765258e-07, 5.0494389825e-07, 3.43353775634e-07, 2.28418002735e-07, 1.75665533675e-07, 1.35790003242e-07, 1.04673084422e-07, 9.0736847369e-08, 7.31691400802e-08, 6.28250234058e-08, 5.28238039976e-08, 4.47715251539e-08, 3.87049077233e-08, 3.35545564667e-08, 2.93070545609e-08, 2.57160781558e-08, 2.26545822102e-08, 2.00490255509e-08], "median": [0.00168801273685, 0.00188535440248, 0.000648924848065, 0.000290285766823, 0.000265188748017, 0.000185614131624, 9.31089234655e-05, 5.79472034588e-05, 3.98619231419e-05, 2.76090868283e-05, 1.20289860206e-05, 7.12533619662e-06, 6.74549619362e-06, 6.08219033893e-06, 5.25274390384e-06, 4.31976422988e-06, 3.5170735373e-06, 3.18678758049e-06, 3.05897742692e-06, 1.36054904942e-06, 5.28448538262e-07, 3.15950273944e-07, 2.1784401838e-07, 1.85980468359e-07, 1.30436333734e-07, 8.50393746532e-08, 6.97885838008e-08, 5.14928224504e-08, 3.50155815454e-08, 3.15366932568e-08, 2.17190763152e-08, 1.85978592526e-08, 1.41592000347e-08, 1.11798188485e-08, 9.50025658142e-09, 8.09643729838e-09, 7.03446945138e-09, 6.19182838335e-09, 5.45374057026e-09, 4.83032813747e-09], "min": [3.95609257322e-25, 5.73323891354e-25, 1.28118761566e-24, 1.36731219524e-24, 1.339396873e-24, 1.6753516305e-24, 1.27150296754e-24, 1.16183946881e-24, 2.42640026317e-24, 2.74473975666e-24, 1.4692070904e-24, 2.67307687102e-24, 1.25189366038e-24, 2.08418826096e-24, 3.05637353803e-24, 2.64165535787e-24, 2.04142983053e-24, 3.46435405719e-24, 2.74175786244e-24, 3.95491943845e-24, 3.24820380258e-24, 3.3530773379e-24, 2.95447933313e-24, 3.06017446708e-24, 4.28096275032e-24, 4.9406993527e-24, 4.96935906382e-24, 5.21771693147e-24, 4.34329814462e-24, 4.02937015853e-24, 3.76607718179e-24, 4.32976720795e-24, 5.34598532023e-24, 3.91087220651e-24, 5.34830141585e-24, 5.61497545043e-24, 6.06774177255e-24, 5.89810157361e-24, 5.53716142187e-24, 6.18544376391e-24], "var": [6.33148811175e-05, 4.1744664486e-05, 3.99625287173e-06, 2.34419485423e-06, 8.4104221969e-06, 1.31732144837e-06, 7.37715140531e-07, 1.08984852432e-06, 4.28037907341e-07, 6.61664785184e-07, 9.6157691587e-08, 2.34750654471e-08, 1.30573116763e-08, 2.46712748009e-08, 8.77471517668e-09, 1.24242012234e-08, 7.88938248064e-09, 2.62508015325e-09, 1.5346202531e-08, 5.97130611624e-09, 3.008613636e-10, 7.72302014007e-12, 1.95586103736e-12, 1.39427163391e-12, 4.34148919072e-13, 1.69918820767e-13, 9.90611130451e-14, 6.48086117649e-14, 4.42589893771e-14, 3.21525880193e-14, 2.33989141675e-14, 1.73673788973e-14, 1.28695356916e-14, 9.596641888e-15, 7.23875119053e-15, 5.48353841108e-15, 4.18819421825e-15, 3.22432578141e-15, 2.50199048356e-15, 1.95900318909e-15]}, "melbands_crest": {"dmean": 3.79268264771, "dmean2": 6.20339822769, "dvar": 11.3669528961, "dvar2": 29.3025455475, "max": 37.7660980225, "mean": 16.9732074738, "median": 16.7354927063, "min": 1.49754106998, "var": 39.0482444763}, "melbands_flatness_db": {"dmean": 0.0575278922915, "dmean2": 0.0918233543634, "dvar": 0.00228079687804, "dvar2": 0.00597022008151, "max": 0.74200874567, "mean": 0.374050617218, "median": 0.373044341803, "min": 0.00285822409205, "var": 0.00963247939944}, "melbands_kurtosis": {"dmean": 13.4595899582, "dmean2": 21.780380249, "dvar": 882.968261719, "dvar2": 2375.61987305, "max": 751.794677734, "mean": 23.3350429535, "median": 11.0261220932, "min": -1.7519068718, "var": 1531.09533691}, "melbands_skewness": {"dmean": 0.950703501701, "dmean2": 1.49750649929, "dvar": 1.07447004318, "dvar2": 2.74085664749, "max": 18.2871494293, "mean": 2.91129827499, "median": 2.59300994873, "min": -1.53495228291, "var": 4.07967472076}, "melbands_spread": {"dmean": 2.86679196358, "dmean2": 4.4072971344, "dvar": 20.3049488068, "dvar2": 51.5176544189, "max": 177.496292114, "mean": 10.2742996216, "median": 5.58487510681, "min": 0.108870737255, "var": 399.327606201}, "mfcc": {"cov": [[10068.3662109, 2310.06103516, -440.935241699, -299.734832764, -22.1021881104, 153.349380493, -248.014877319, -144.208068848, 48.5975990295, 119.620292664, -70.1746368408, -147.750701904, -47.6928024292], [2310.06103516, 2428.64624023, -196.80178833, -189.588897705, 138.524581909, 49.3985404968, -112.664840698, -135.431640625, 32.7841300964, 106.736419678, 23.7047309875, -54.1817131042, -0.934069812298], [-440.935241699, -196.80178833, 728.833496094, 327.938232422, -48.915058136, 7.17013502121, 112.264968872, 106.233604431, 22.0707435608, 11.9807357788, 43.0338096619, 41.8471794128, -23.8631248474], [-299.734832764, -189.588897705, 327.938232422, 428.858856201, 60.6031837463, -15.8008146286, 96.2218856812, 99.339630127, 29.3709011078, -14.5688838959, 29.2239685059, 34.9197120667, -7.33166456223], [-22.1021881104, 138.524581909, -48.915058136, 60.6031837463, 212.616409302, 128.758163452, 36.0246391296, -9.93586444855, -14.2281122208, 4.15858793259, -8.8420009613, -9.54486846924, 16.5936813354], [153.349380493, 49.3985404968, 7.17013502121, -15.8008146286, 128.758163452, 216.596679688, 96.8341445923, -13.6129903793, -31.4152183533, -16.2299423218, -22.4447479248, -15.671836853, 4.76915788651], [-248.014877319, -112.664840698, 112.264968872, 96.2218856812, 36.0246391296, 96.8341445923, 151.286437988, 85.2406234741, -5.48831510544, -39.2576446533, -11.593542099, 10.6570987701, 0.429089426994], [-144.208068848, -135.431640625, 106.233604431, 99.339630127, -9.93586444855, -13.6129903793, 85.2406234741, 124.088394165, 47.1353492737, -12.3587169647, -0.751505434513, 18.7035121918, 4.70045852661], [48.5975990295, 32.7841300964, 22.0707435608, 29.3709011078, -14.2281122208, -31.4152183533, -5.48831510544, 47.1353492737, 81.4323043823, 57.7836151123, 23.0529537201, 5.5451130867, -1.99762785435], [119.620292664, 106.736419678, 11.9807357788, -14.5688838959, 4.15858793259, -16.2299423218, -39.2576446533, -12.3587169647, 57.7836151123, 104.161094666, 61.7420921326, 2.14881539345, -12.8916568756], [-70.1746368408, 23.7047309875, 43.0338096619, 29.2239685059, -8.8420009613, -22.4447479248, -11.593542099, -0.751505434513, 23.0529537201, 61.7420921326, 79.5263061523, 40.2745132446, -4.94171285629], [-147.750701904, -54.1817131042, 41.8471794128, 34.9197120667, -9.54486846924, -15.671836853, 10.6570987701, 18.7035121918, 5.5451130867, 2.14881539345, 40.2745132446, 66.8508605957, 35.9504165649], [-47.6928024292, -0.934069812298, -23.8631248474, -7.33166456223, 16.5936813354, 4.76915788651, 0.429089426994, 4.70045852661, -1.99762785435, -12.8916568756, -4.94171285629, 35.9504165649, 63.0943603516]], "icov": [[0.000247646908974, -0.000320915249176, 0.000557153485715, -0.000950016721617, 0.00157542922534, -0.00215191929601, 0.00264129275456, -0.00287229055539, 0.00290828780271, -0.00286879972555, 0.0025211086031, -0.00157553632744, 0.000828215386719], [-0.000320915249176, 0.000947652501054, -0.000991414650343, 0.00180508312769, -0.00294312578626, 0.00350350979716, -0.00424756016582, 0.00535465590656, -0.00578411761671, 0.00534424791113, -0.00501075387001, 0.00360817532055, -0.00179410376586], [0.000557153485715, -0.000991414650343, 0.00499268621206, -0.00613730493933, 0.00786598213017, -0.00870691146702, 0.0091811241582, -0.0128238871694, 0.0162179172039, -0.0177178736776, 0.0148725975305, -0.010884154588, 0.00532375415787], [-0.000950016721617, 0.00180508312769, -0.00613730493933, 0.0123371323571, -0.0142385940999, 0.0164610501379, -0.0187262203544, 0.0204670596868, -0.0264569707215, 0.0280715543777, -0.0240427125245, 0.0147887235507, -0.00588746322319], [0.00157542922534, -0.00294312578626, 0.00786598213017, -0.0142385940999, 0.0266502425075, -0.0286039616913, 0.0296122524887, -0.0334978438914, 0.0375107638538, -0.0367348343134, 0.0285046473145, -0.0165798794478, 0.00527649372816], [-0.00215191929601, 0.00350350979716, -0.00870691146702, 0.0164610501379, -0.0286039616913, 0.0452997088432, -0.0516142621636, 0.0509755797684, -0.0432658791542, 0.0354983955622, -0.0271731130779, 0.0194273516536, -0.00961738545448], [0.00264129275456, -0.00424756016582, 0.0091811241582, -0.0187262203544, 0.0296122524887, -0.0516142621636, 0.0754814222455, -0.0733108073473, 0.0599974729121, -0.0426548495889, 0.0333080515265, -0.02405199036, 0.0137892570347], [-0.00287229055539, 0.00535465590656, -0.0128238871694, 0.0204670596868, -0.0334978438914, 0.0509755797684, -0.0733108073473, 0.0962808653712, -0.0929676070809, 0.0772641152143, -0.0565907545388, 0.0366513952613, -0.0187536906451], [0.00290828780271, -0.00578411761671, 0.0162179172039, -0.0264569707215, 0.0375107638538, -0.0432658791542, 0.0599974729121, -0.0929676070809, 0.134998485446, -0.132064431906, 0.105916671455, -0.0701930969954, 0.03067647852], [-0.00286879972555, 0.00534424791113, -0.0177178736776, 0.0280715543777, -0.0367348343134, 0.0354983955622, -0.0426548495889, 0.0772641152143, -0.132064431906, 0.171914383769, -0.157279327512, 0.108139410615, -0.0470068603754], [0.0025211086031, -0.00501075387001, 0.0148725975305, -0.0240427125245, 0.0285046473145, -0.0271731130779, 0.0333080515265, -0.0565907545388, 0.105916671455, -0.157279327512, 0.180527478456, -0.134602457285, 0.0652612745762], [-0.00157553632744, 0.00360817532055, -0.010884154588, 0.0147887235507, -0.0165798794478, 0.0194273516536, -0.02405199036, 0.0366513952613, -0.0701930969954, 0.108139410615, -0.134602457285, 0.128899991512, -0.0673255547881], [0.000828215386719, -0.00179410376586, 0.00532375415787, -0.00588746322319, 0.00527649372816, -0.00961738545448, 0.0137892570347, -0.0187536906451, 0.03067647852, -0.0470068603754, 0.0652612745762, -0.0673255547881, 0.0532601214945]], "mean": [-769.579345703, 201.605163574, 18.777633667, 16.0507774353, 18.5083827972, 13.7320547104, -0.404510647058, -3.42766141891, 3.08005070686, 7.89217805862, 3.91326117516, 0.601767718792, 1.91410982609]}, "pitch_salience": {"dmean": 0.090649291873, "dmean2": 0.147146806121, "dvar": 0.00617782957852, "dvar2": 0.0158956181258, "max": 0.865258395672, "mean": 0.519648194313, "median": 0.530838251114, "min": 0.0545603707433, "var": 0.0200269892812}, "silence_rate_20dB": {"dmean": 0, "dmean2": 0, "dvar": 0, "dvar2": 0, "max": 1, "mean": 1, "median": 1, "min": 1, "var": 0}, "silence_rate_30dB": {"dmean": 0.0459026992321, "dmean2": 0.0918202400208, "dvar": 0.0437945798039, "dvar2": 0.0976090878248, "max": 1, "mean": 0.921622514725, "median": 1, "min": 0, "var": 0.0722277909517}, "silence_rate_60dB": {"dmean": 0.0223048329353, "dmean2": 0.0446168780327, "dvar": 0.0218070391566, "dvar2": 0.0507065095007, "max": 1, "mean": 0.0987394973636, "median": 0, "min": 0, "var": 0.0889892205596}, "spectral_centroid": {"dmean": 102.414909363, "dmean2": 158.127029419, "dvar": 29131.2675781, "dvar2": 51377.0898438, "max": 11617.2529297, "mean": 689.090515137, "median": 410.175048828, "min": 93.7831268311, "var": 2430444.25}, "spectral_complexity": {"dmean": 1.97898817062, "dmean2": 3.06239891052, "dvar": 3.6607093811, "dvar2": 7.85426092148, "max": 32, "mean": 9.92291545868, "median": 9, "min": 0, "var": 33.0789718628}, "spectral_contrast_coeffs": {"dmean": [0.0517717078328, 0.0516380146146, 0.0419694520533, 0.0334096588194, 0.0367296822369, 0.0186009556055], "dmean2": [0.084510140121, 0.0845454633236, 0.0677026957273, 0.0525949783623, 0.0595459602773, 0.0317849740386], "dvar": [0.00180301559158, 0.00170848576818, 0.00115054962225, 0.000740185379982, 0.000946970307268, 0.00065406691283], "dvar2": [0.00470648379996, 0.00466079404578, 0.00299949664623, 0.00177188427188, 0.00233957543969, 0.0017037166981], "max": [-0.327009946108, -0.438698112965, -0.522356987, -0.594216644764, -0.582978308201, -0.598191261292], "mean": [-0.686236917973, -0.755249023438, -0.808920025826, -0.823290586472, -0.877367317677, -0.850772798061], "median": [-0.685938119888, -0.75745010376, -0.814247131348, -0.825687587261, -0.880881428719, -0.854406833649], "min": [-0.981388390064, -0.978284358978, -0.974541664124, -0.979984819889, -0.970444262028, -0.965519547462], "var": [0.00803372822702, 0.00633081747219, 0.005117604509, 0.00421484094113, 0.0029757344164, 0.00098123960197]}, "spectral_contrast_valleys": {"dmean": [0.404862105846, 0.407219022512, 0.436451882124, 0.411542773247, 0.680580079556, 0.897973358631], "dmean2": [0.641813218594, 0.642367601395, 0.680672764778, 0.633356273174, 1.112377882, 1.48998713493], "dvar": [0.133810967207, 0.142642840743, 0.172227412462, 0.168330207467, 0.354197740555, 0.633594632149], "dvar2": [0.276594668627, 0.306676566601, 0.376759290695, 0.362801134586, 0.869079828262, 1.66258740425], "max": [-4.92519807816, -4.4977722168, -5.47948217392, -5.49650382996, -6.48768377304, -8.93086433411], "mean": [-7.2178144455, -7.13096904755, -8.15625095367, -8.5927066803, -9.39548206329, -11.9079113007], "median": [-6.61966133118, -6.52974224091, -7.58737850189, -8.1113910675, -8.96544265747, -11.4331493378], "min": [-28.8678283691, -27.9749355316, -27.9232902527, -27.7251148224, -27.5310497284, -27.4139118195], "var": [10.1091384888, 10.260725975, 9.3154335022, 8.9548330307, 8.20889377594, 6.71973657608]}, "spectral_decrease": {"dmean": 3.9707690469e-09, "dmean2": 5.8794373814e-09, "dvar": 3.46464996615e-17, "dvar2": 7.52527363747e-17, "max": 1.96156025021e-28, "mean": -1.07895612445e-08, "median": -7.63858487574e-09, "min": -9.70805942302e-08, "var": 1.21268237986e-16}, "spectral_energy": {"dmean": 0.0152824828401, "dmean2": 0.0225947499275, "dvar": 0.000507009739522, "dvar2": 0.00110075424891, "max": 0.370904505253, "mean": 0.0418462119997, "median": 0.0297754593194, "min": 9.91307947926e-21, "var": 0.00179504428525}, "spectral_energyband_high": {"dmean": 2.23987517529e-05, "dmean2": 3.75685594918e-05, "dvar": 1.86253024115e-09, "dvar2": 4.88356199924e-09, "max": 0.00058881752193, "mean": 2.31077356148e-05, "median": 8.06672596809e-06, "min": 7.06025390781e-21, "var": 1.94174809565e-09}, "spectral_energyband_low": {"dmean": 0.0120792696252, "dmean2": 0.0181387383491, "dvar": 0.000430125335697, "dvar2": 0.000945642997976, "max": 0.33339074254, "mean": 0.0259403306991, "median": 0.0127185806632, "min": 6.95054141765e-24, "var": 0.00129857845604}, "spectral_energyband_middle_high": {"dmean": 0.000882717373315, "dmean2": 0.00129830650985, "dvar": 5.32882404514e-06, "dvar2": 1.18280331662e-05, "max": 0.0716332942247, "mean": 0.00207152799703, "median": 0.000496024731547, "min": 1.03156460287e-21, "var": 2.33317769016e-05}, "spectral_energyband_middle_low": {"dmean": 0.00581662170589, "dmean2": 0.00868205074221, "dvar": 9.95053342194e-05, "dvar2": 0.000218233646592, "max": 0.240862235427, "mean": 0.0141725828871, "median": 0.00785090215504, "min": 1.65432651523e-22, "var": 0.000363468367141}, "spectral_entropy": {"dmean": 0.402051746845, "dmean2": 0.647140562534, "dvar": 0.121658965945, "dvar2": 0.32320278883, "max": 9.82478904724, "mean": 6.71977901459, "median": 6.67382907867, "min": 4.53387784958, "var": 0.478015482426}, "spectral_flux": {"dmean": 0.0301146153361, "dmean2": 0.0489998348057, "dvar": 0.00107390608173, "dvar2": 0.00275952648371, "max": 0.423854380846, "mean": 0.0928949341178, "median": 0.0860789716244, "min": 6.30137469981e-11, "var": 0.00295669515617}, "spectral_kurtosis": {"dmean": 14.652970314, "dmean2": 24.5920181274, "dvar": 275.897674561, "dvar2": 742.388000488, "max": 157.059570312, "mean": 25.4702758789, "median": 19.652557373, "min": -1.2783113718, "var": 382.136474609}, "spectral_rms": {"dmean": 0.00110489013605, "dmean2": 0.00157728500199, "dvar": 1.45587682709e-06, "dvar2": 2.77891717815e-06, "max": 0.0190225671977, "mean": 0.00559502420947, "median": 0.00538973370567, "min": 3.10987086777e-12, "var": 9.52148002398e-06}, "spectral_rolloff": {"dmean": 141.840927124, "dmean2": 238.795715332, "dvar": 173842.390625, "dvar2": 396600.53125, "max": 21963.8671875, "mean": 830.858276367, "median": 322.998046875, "min": 21.533203125, "var": 7621026.5}, "spectral_skewness": {"dmean": 0.908416390419, "dmean2": 1.49072802067, "dvar": 0.771615684032, "dvar2": 2.09124445915, "max": 10.4491615295, "mean": 3.58359742165, "median": 3.459233284, "min": -0.077511690557, "var": 1.6180588007}, "spectral_spread": {"dmean": 960904.6875, "dmean2": 1581349, "dvar": 932060921856, "dvar2": 2158462369790.0, "max": 43345704, "mean": 3601428.5, "median": 2604838, "min": 613739.625, "var": 31976757133300.0}, "spectral_strongpeak": {"dmean": 0.389374554157, "dmean2": 0.644298970699, "dvar": 0.46263891458