{"lowlevel": {"average_loudness": 0.617002487183, "barkbands": {"dmean": [0.000111891589768, 0.00894900038838, 0.00314017990604, 0.00379515113309, 0.00120859837625, 0.000689002918079, 0.000285166403046, 0.000345542590367, 0.000264244212303, 0.000120349148347, 0.00010712724179, 0.000111181099783, 0.000138594055898, 0.000143348021084, 0.000203989417059, 0.000402409321396, 0.000281320215436, 0.000193097788724, 0.000245977804298, 0.000199432106456, 0.000162704964168, 0.000206264463486, 0.000261485081865, 0.000203527859412, 9.5369767223e-05, 7.59332833695e-05, 3.29995964421e-05], "dmean2": [0.000158487295266, 0.0148771386594, 0.00534224463627, 0.0064563783817, 0.00197639060207, 0.00106853758916, 0.00042468108586, 0.000532653124537, 0.000393213616917, 0.000188077989151, 0.000164173950907, 0.000166629048181, 0.000213687206269, 0.000232311926084, 0.000322962267091, 0.000643823237624, 0.000464038690552, 0.000320235965773, 0.000409681524616, 0.000316993886372, 0.000237904314417, 0.000302031985484, 0.000375852105208, 0.000283242901787, 0.000131451248308, 0.000104695413029, 4.69983424409e-05], "dvar": [7.03153872905e-08, 0.000655579613522, 5.57366765861e-05, 0.00010396909056, 9.96348262561e-06, 2.24081190936e-06, 5.03398837282e-07, 1.00637805645e-06, 4.91204218633e-07, 8.82372361843e-08, 7.46008907981e-08, 1.37966097213e-07, 1.39660642162e-07, 1.63987564861e-07, 3.51290083245e-07, 2.71093972515e-06, 6.80010373344e-07, 2.34209920791e-07, 2.96532675748e-07, 2.17111931988e-07, 1.4462908382e-07, 4.47823111926e-07, 1.68522137756e-06, 1.23253607853e-06, 2.76106931096e-07, 2.55032457375e-08, 4.73063188622e-09], "dvar2": [1.326176573e-07, 0.00169472629204, 0.000152888955199, 0.000285114976577, 2.60481028818e-05, 5.16171667186e-06, 1.0145295164e-06, 2.3505695026e-06, 1.04057994577e-06, 1.98533300022e-07, 1.69771595893e-07, 2.89247623186e-07, 3.18028696711e-07, 4.27780548762e-07, 8.56110830227e-07, 6.82967765897e-06, 1.75362720256e-06, 6.08704226579e-07, 7.8812593074e-07, 5.42918826341e-07, 3.07941888877e-07, 9.56045255407e-07, 3.2884772736e-06, 2.16130479203e-06, 5.40831479157e-07, 4.68248870789e-08, 8.72908412219e-09], "max": [0.00379747198895, 0.224054485559, 0.206564277411, 0.140146493912, 0.048283342272, 0.0327940769494, 0.0275115277618, 0.0266764722764, 0.0225504320115, 0.00955807417631, 0.00751046882942, 0.0117981880903, 0.00982732698321, 0.0136798862368, 0.0206565521657, 0.0810069516301, 0.0165921896696, 0.0107596274465, 0.0128798410296, 0.0122498553246, 0.00792250502855, 0.0272668432444, 0.0534559451044, 0.0721111521125, 0.0406915545464, 0.0046192035079, 0.000727331964299], "mean": [0.000219246488996, 0.011177639477, 0.0044726380147, 0.00462926039472, 0.00164887541905, 0.00115821429063, 0.00041720981244, 0.000589826027863, 0.000440782197984, 0.000189034108189, 0.000167039732332, 0.000164554643561, 0.000206361510209, 0.000189825936104, 0.000270875287242, 0.000513051927555, 0.000325544271618, 0.000211607228266, 0.000294700847007, 0.0003038495488, 0.000260186294327, 0.000369152752683, 0.000416572525864, 0.000329847563989, 0.000138553485158, 9.29851157707e-05, 3.44257059623e-05], "median": [4.02585355914e-05, 0.00299034290947, 0.00220629572868, 0.00181721383706, 0.000753192522097, 0.00040779725532, 0.000101014993561, 8.11422651168e-05, 7.23465782357e-05, 3.64240731869e-05, 1.95713328139e-05, 2.65862436208e-05, 2.39091605181e-05, 2.58167165157e-05, 2.69751708402e-05, 3.923499753e-05, 4.55982371932e-05, 3.99260061386e-05, 6.2077990151e-05, 3.69180379494e-05, 5.842351311e-05, 8.35374739836e-05, 9.34201380005e-05, 6.33679883322e-05, 2.51091005339e-05, 1.37808092404e-05, 2.33028322327e-06], "min": [7.7956828153e-24, 9.12912595783e-24, 8.53768459389e-24, 1.91481816801e-23, 2.48632154588e-23, 5.67349331015e-23, 6.43989881639e-23, 8.89810173085e-23, 4.15665483774e-23, 7.09012151959e-23, 7.28058472764e-23, 7.34274002499e-23, 6.78355187025e-23, 3.49133901661e-23, 1.26180106704e-22, 1.29643748814e-22, 2.22113115356e-22, 1.95118080609e-22, 2.43421245527e-22, 4.1895312155e-22, 4.98489662598e-22, 6.19632797759e-22, 7.96990034808e-22, 7.36104563696e-22, 9.40000899132e-22, 1.7012683839e-21, 2.66064178835e-21], "var": [1.47737850398e-07, 0.000572900229599, 5.76054990233e-05, 8.58368221088e-05, 9.11266397452e-06, 4.35950187239e-06, 1.09104769308e-06, 2.33537525673e-06, 1.29982527142e-06, 1.80057298849e-07, 1.50227009499e-07, 2.47990641355e-07, 3.24823844267e-07, 3.02838259358e-07, 6.19476907104e-07, 4.4864505071e-06, 8.02243334874e-07, 2.31445000054e-07, 3.93770051232e-07, 5.73953570893e-07, 2.67037961521e-07, 9.28193344407e-07, 2.78544189314e-06, 2.1508080863e-06, 4.98010763295e-07, 4.83183946187e-08, 6.83136791579e-09]}, "barkbands_crest": {"dmean": 3.00140285492, "dmean2": 4.8337635994, "dvar": 9.04600048065, "dvar2": 23.0471878052, "max": 25.8826656342, "mean": 11.7752809525, "median": 11.1319541931, "min": 2.44880151749, "var": 21.2130126953}, "barkbands_flatness_db": {"dmean": 0.0332160517573, "dmean2": 0.0466479212046, "dvar": 0.00129267096054, "dvar2": 0.00255103642121, "max": 0.592174112797, "mean": 0.162853091955, "median": 0.142607063055, "min": 0.0167409069836, "var": 0.00735629769042}, "barkbands_kurtosis": {"dmean": 10.1637830734, "dmean2": 16.0740470886, "dvar": 484.646636963, "dvar2": 1237.51831055, "max": 485.516601563, "mean": 14.9960012436, "median": 4.86608791351, "min": -1.95828735828, "var": 809.221435547}, "barkbands_skewness": {"dmean": 1.0481505394, "dmean2": 1.57201349735, "dvar": 1.69228279591, "dvar2": 3.90572166443, "max": 20.7782001495, "mean": 2.60733914375, "median": 2.21818327904, "min": -7.29908895493, "var": 5.062271595}, "barkbands_spread": {"dmean": 9.84090614319, "dmean2": 14.9889059067, "dvar": 134.198760986, "dvar2": 310.717102051, "max": 150.244415283, "mean": 27.2836227417, "median": 22.7635726929, "min": 0.378129810095, "var": 516.509338379}, "dissonance": {"dmean": 0.0200425144285, "dmean2": 0.0312096122652, "dvar": 0.000455989851616, "dvar2": 0.00102541455999, "max": 0.499999880791, "mean": 0.453973144293, "median": 0.464818388224, "min": 0.187616690993, "var": 0.00147040339652}, "dynamic_complexity": 4.72104883194, "erbbands": {"dmean": [0.195435419679, 2.24021267891, 3.65318846703, 8.48888587952, 8.60429286957, 2.65699458122, 3.99805140495, 6.57677412033, 4.20268964767, 5.52316236496, 6.88238096237, 5.44023704529, 3.78534960747, 3.83994174004, 4.63063383102, 4.22557020187, 5.36743497849, 5.75624513626, 8.57232284546, 13.1854543686, 21.892408371, 16.9649868011, 11.6510839462, 10.9578237534, 12.140378952, 9.22535991669, 6.56459760666, 6.73514223099, 7.18441390991, 7.97143507004, 7.47491788864, 5.3466219902, 2.77789282799, 1.29833269119, 0.566988050938, 0.257603675127, 0.157605439425, 0.05160574615, 0.0055776159279, 0.000176512709004], "dmean2": [0.312607586384, 3.77034664154, 6.05560159683, 14.3177719116, 14.5471735001, 4.35430002213, 6.1419634819, 10.1693086624, 6.40831899643, 8.30072689056, 10.5073900223, 8.20161247253, 5.71835279465, 5.96761035919, 6.80167961121, 6.33264923096, 8.18397140503, 9.17147350311, 13.5993099213, 20.8230762482, 34.9486160278, 27.8000621796, 19.1670131683, 18.2201404572, 20.1624832153, 14.5648870468, 9.72366714478, 9.86510753632, 10.5334682465, 11.5659275055, 10.7586050034, 7.63081216812, 3.80912041664, 1.80706143379, 0.785127639771, 0.352714419365, 0.22013874352, 0.0732010230422, 0.0079348217696, 0.000243672111537], "dvar": [0.273833066225, 42.2717781067, 74.6453933716, 435.232849121, 677.781005859, 37.589931488, 44.946762085, 273.806121826, 92.2356796265, 265.961669922, 316.503448486, 255.96963501, 67.7529373169, 94.0815124512, 168.520004272, 213.758132935, 218.237594604, 294.018493652, 530.848205566, 2086.75561523, 6182.53125, 2631.93725586, 956.891723633, 541.601257324, 804.269470215, 490.321563721, 246.631698608, 230.08732605, 397.820861816, 1280.60803223, 1528.24707031, 881.585632324, 247.670639038, 73.3774032593, 4.78353643417, 0.559467673302, 0.103498846292, 0.0114683043212, 0.000133381952764, 1.1656326393e-07], "dvar2": [0.675237357616, 110.919265747, 195.103088379, 1188.3092041, 1818.06506348, 98.3232803345, 102.690055847, 622.315063477, 209.620773315, 555.607299805, 756.208435059, 585.901733398, 149.899536133, 215.852920532, 356.267913818, 484.328582764, 494.029693604, 753.982666016, 1330.93933105, 5166.90087891, 15739.1494141, 6755.05908203, 2464.86157227, 1427.99914551, 2135.53662109, 1226.34533691, 540.96887207, 480.620605469, 817.967102051, 2760.91210938, 2945.00878906, 1649.4230957, 436.396606445, 146.459106445, 8.87765598297, 1.05195116997, 0.19132605195, 0.0211722142994, 0.000245295115747, 2.09421443742e-07], "max": [5.50350618362, 55.2593002319, 160.99520874, 339.579406738, 366.299316406, 140.066345215, 130.930664063, 372.808532715, 229.39743042, 519.430603027, 566.441467285, 542.717834473, 294.99911499, 327.835845947, 427.286621094, 508.554931641, 474.412628174, 592.357543945, 1003.05462646, 1992.47924805, 2907.58886719, 798.64074707, 728.733947754, 337.71963501, 813.879089355, 723.307006836, 338.154968262, 418.86907959, 806.109680176, 1470.49462891, 1796.51171875, 2275.02514648, 864.465881348, 676.582885742, 134.477798462, 36.0926208496, 7.8985657692, 1.17176103592, 0.120425336063, 0.0044709877111], "mean": [0.273299366236, 2.62999248505, 5.45376253128, 11.6178808212, 9.9873714447, 3.85077500343, 7.09794425964, 10.6824073792, 6.71072292328, 8.62171077728, 12.5722990036, 8.91490745544, 6.83338880539, 6.11468744278, 7.5953335762, 6.55859613419, 8.27425670624, 8.24581623077, 12.5513305664, 18.8321361542, 27.9615840912, 19.9026832581, 13.0574274063, 12.6200094223, 15.8428258896, 14.2876567841, 9.87100601196, 11.4862356186, 12.9489421844, 12.9587202072, 11.7543764114, 8.78716087341, 4.3084230423, 1.85979926586, 0.824600040913, 0.358587533236, 0.181911453605, 0.0548653528094, 0.00581930717453, 0.000212275888771], "median": [0.0557370260358, 0.810536503792, 3.05530977249, 5.34072828293, 4.05046415329, 2.01599049568, 3.08678889275, 2.97852611542, 2.32272291183, 1.88894987106, 2.23265385628, 1.8204523325, 1.50105750561, 1.28306663036, 1.25202512741, 1.09839236736, 1.08590650558, 1.29726183414, 1.81584644318, 1.73117923737, 2.59798598289, 2.86656451225, 2.47555112839, 2.80115056038, 2.81022500992, 1.77693963051, 1.90307557583, 2.75493144989, 2.93867850304, 2.8356025219, 2.57141900063, 1.73203802109, 0.733946979046, 0.302063584328, 0.164317369461, 0.0667013153434, 0.0230503510684, 0.00436226930469, 0.000407485786127, 4.29504361819e-05], "min": [5.58280068556e-22, 9.13206891388e-22, 8.0500045913e-21, 4.17867864019e-20, 5.52908524063e-20, 1.22252796741e-19, 1.8117726617e-19, 5.25512702841e-19, 1.0508283299e-18, 1.18010735386e-18, 1.48382387976e-18, 8.94321001718e-19, 2.16384389146e-18, 2.14855469861e-18, 3.28921856534e-18, 2.9638896712e-18, 2.82095120699e-18, 2.27706671934e-18, 3.72156663958e-18, 7.19497247794e-18, 1.01726282957e-17, 9.99473979624e-18, 1.03833757178e-17, 1.12909111366e-17, 1.48845824186e-17, 1.92405254504e-17, 2.58661296604e-17, 1.37487476323e-17, 2.37061890275e-17, 1.99984611196e-17, 2.56678958266e-17, 1.59880016511e-17, 1.2274461145e-17, 8.68924199447e-18, 7.88962138557e-18, 6.03337639221e-18, 3.508023347e-18, 1.360867721e-18, 3.48683278916e-19, 3.92343719879e-20], "var": [0.295672506094, 34.5437850952, 76.4103164673, 410.251525879, 537.103881836, 37.9148254395, 107.113319397, 519.160949707, 181.466583252, 521.257751465, 854.310791016, 556.140014648, 174.100845337, 174.435150146, 375.693054199, 374.976531982, 506.220977783, 539.07019043, 1146.13745117, 4067.82983398, 9667.92089844, 2858.27783203, 948.872314453, 602.172668457, 1320.65283203, 1364.73632813, 418.344818115, 493.555267334, 915.525512695, 2094.85766602, 2535.22631836, 1364.94348145, 475.141418457, 125.904029846, 9.49502849579, 1.13902235031, 0.178684547544, 0.016838721931, 0.000192848310689, 1.87824284126e-07]}, "erbbands_crest": {"dmean": 2.40420627594, "dmean2": 3.85401535034, "dvar": 5.4994392395, "dvar2": 13.1607599258, "max": 30.7750434875, "mean": 8.41812801361, "median": 7.51037931442, "min": 1.99935603142, "var": 14.9248113632}, "erbbands_flatness_db": {"dmean": 0.021900517866, "dmean2": 0.0298812109977, "dvar": 0.000507100543473, "dvar2": 0.000892680953257, "max": 0.396566331387, "mean": 0.130475223064, "median": 0.122198931873, "min": 0.0218183100224, "var": 0.00247103255242}, "erbbands_kurtosis": {"dmean": 2.00155377388, "dmean2": 3.06273889542, "dvar": 30.6092758179, "dvar2": 66.2481155396, "max": 141.626800537, "mean": 1.74092483521, "median": -0.449945211411, "min": -1.94061934948, "var": 81.6372146606}, "erbbands_skewness": {"dmean": 0.571518301964, "dmean2": 0.828947842121, "dvar": 0.437612503767, "dvar2": 0.867886960506, "max": 8.41365528107, "mean": 0.223171323538, "median": 0.0912170484662, "min": -7.48074150085, "var": 1.82593655586}, "erbbands_spread": {"dmean": 16.2124710083, "dmean2": 24.553478241, "dvar": 308.361114502, "dvar2": 658.71484375, "max": 199.508270264, "mean": 62.5991859436, "median": 60.6420249939, "min": 1.39868938923, "var": 1035.27319336}, "gfcc": {"cov": [[18837.6113281, -1024.53149414, -1728.4786377, 292.819671631, -500.776947021, 273.975738525, -278.313415527, 216.720230103, -59.0957336426, 227.307891846, -189.170608521, -69.6081008911, -246.364562988], [-1024.53149414, 1807.29223633, -43.9750900269, -145.798843384, 185.400939941, -49.5294418335, 131.928436279, -41.0849571228, 89.6409225464, -162.717651367, 38.0101966858, -58.0474205017, 94.5117263794], [-1728.4786377, -43.9750900269, 1458.18908691, 300.951080322, 265.382293701, 90.5465698242, 81.9940338135, -28.1309738159, -27.3638210297, -28.9631748199, 29.1449928284, 30.3981952667, -0.0854021534324], [292.819671631, -145.798843384, 300.951080322, 789.097167969, 110.334442139, 24.0203647614, -84.9419555664, -69.5121307373, -4.40413236618, -5.63863897324, 39.6097831726, -45.4299507141, 11.5742759705], [-500.776947021, 185.400939941, 265.382293701, 110.334442139, 575.192504883, 13.3752813339, 116.818008423, 75.2281646729, 49.4248275757, 50.8955764771, 4.82535076141, -4.14802408218, 39.1422653198], [273.975738525, -49.5294418335, 90.5465698242, 24.0203647614, 13.3752813339, 285.357757568, 146.56980896, -5.32597398758, -16.8921260834, 32.4881515503, 22.0662097931, -9.55374908447, -37.0795822144], [-278.313415527, 131.928436279, 81.9940338135, -84.9419555664, 116.818008423, 146.56980896, 279.716583252, 56.7054367065, -1.25879776478, 27.1672706604, 4.82956790924, 8.27444934845, 4.5288310051], [216.720230103, -41.0849571228, -28.1309738159, -69.5121307373, 75.2281646729, -5.32597398758, 56.7054367065, 203.961624146, 95.5924758911, 38.6493835449, -10.1998615265, 22.1543827057, 36.6759109497], [-59.0957336426, 89.6409225464, -27.3638210297, -4.40413236618, 49.4248275757, -16.8921260834, -1.25879776478, 95.5924758911, 167.716918945, 47.6678886414, -0.905675470829, 5.51667356491, 28.4437980652], [227.307891846, -162.717651367, -28.9631748199, -5.63863897324, 50.8955764771, 32.4881515503, 27.1672706604, 38.6493835449, 47.6678886414, 129.007202148, 24.7332191467, 11.1291093826, -10.4329614639], [-189.170608521, 38.0101966858, 29.1449928284, 39.6097831726, 4.82535076141, 22.0662097931, 4.82956790924, -10.1998615265, -0.905675470829, 24.7332191467, 113.445510864, 32.0075149536, -10.9405088425], [-69.6081008911, -58.0474205017, 30.3981952667, -45.4299507141, -4.14802408218, -9.55374908447, 8.27444934845, 22.1543827057, 5.51667356491, 11.1291093826, 32.0075149536, 98.9805297852, 27.6055545807], [-246.364562988, 94.5117263794, -0.0854021534324, 11.5742759705, 39.1422653198, -37.0795822144, 4.5288310051, 36.6759109497, 28.4437980652, -10.4329614639, -10.9405088425, 27.6055545807, 121.517913818]], "icov": [[7.79111942393e-05, -3.48888897861e-05, 9.88564570434e-05, -0.000100134748209, 3.74125629605e-05, -0.000162310738233, 0.000168722530361, -0.000236931518884, 0.000198141453438, -0.000196462409804, 0.000255438673776, -0.000141792465001, 0.000190304795979], [-3.48888897861e-05, 0.00107558176387, 4.79831032862e-05, 0.000393982976675, -0.000419417774538, 0.000376380194211, -0.000879659259226, 0.00108812982216, -0.00151173328049, 0.00202556629665, -0.00134793471079, 0.001149164862, -0.000845110916998], [9.88564570434e-05, 4.79831032862e-05, 0.000994942733087, -0.000406693201512, -0.00036862763227, -0.000377304444555, 6.04147953709e-06, -8.92509560799e-05, 0.000138583985972, 0.000345826527337, 0.000271470518783, -0.00067511969246, 0.000407921412261], [-0.000100134748209, 0.000393982976675, -0.000406693201512, 0.0019343191525, -0.000519803666975, -0.000170916871866, 0.000425722566433, 0.00103380659129, -0.000829046417493, 0.000878175196704, -0.00150493835099, 0.00162034505047, -0.00114070356358], [3.74125629605e-05, -0.000419417774538, -0.00036862763227, -0.000519803666975, 0.00256217923015, 0.000486059609102, -0.000794865714852, -0.000927588378545, 0.000487271754537, -0.00169632618781, 0.000554233614821, 0.000109743523353, -0.000150827559992], [-0.000162310738233, 0.000376380194211, -0.000377304444555, -0.000170916871866, 0.000486059609102, 0.0060823559761, -0.00393930729479, 0.00126887962688, -0.000727962877136, -0.000113885565952, -0.00139913707972, 0.00112506211735, 0.000636511656921], [0.000168722530361, -0.000879659259226, 6.04147953709e-06, 0.000425722566433, -0.000794865714852, -0.00393930729479, 0.00744884228334, -0.0027842221316, 0.00258005270734, -0.00193351006601, 0.00141838053241, -0.00105771492235, 0.000200469599804], [-0.000236931518884, 0.00108812982216, -8.92509560799e-05, 0.00103380659129, -0.000927588378545, 0.00126887962688, -0.0027842221316, 0.00960679817945, -0.00589461065829, 0.00175205699634, -0.00101346708834, 0.000195764223463, -0.0021404651925], [0.000198141453438, -0.00151173328049, 0.000138583985972, -0.000829046417493, 0.000487271754537, -0.000727962877136, 0.00258005270734, -0.00589461065829, 0.0116317234933, -0.00567308627069, 0.00215907394886, -0.000864515313879, 0.00014144765737], [-0.000196462409804, 0.00202556629665, 0.000345826527337, 0.000878175196704, -0.00169632618781, -0.000113885565952, -0.00193351006601, 0.00175205699634, -0.00567308627069, 0.0142007442191, -0.00458553992212, 0.00128062360454, -0.000158848284627], [0.000255438673776, -0.00134793471079, 0.000271470518783, -0.00150493835099, 0.000554233614821, -0.00139913707972, 0.00141838053241, -0.00101346708834, 0.00215907394886, -0.00458553992212, 0.0132888946682, -0.00614110892639, 0.00304979085922], [-0.000141792465001, 0.001149164862, -0.00067511969246, 0.00162034505047, 0.000109743523353, 0.00112506211735, -0.00105771492235, 0.000195764223463, -0.000864515313879, 0.00128062360454, -0.00614110892639, 0.0149848405272, -0.00469250511378], [0.000190304795979, -0.000845110916998, 0.000407921412261, -0.00114070356358, -0.000150827559992, 0.000636511656921, 0.000200469599804, -0.0021404651925, 0.00014144765737, -0.000158848284627, 0.00304979085922, -0.00469250511378, 0.0115564912558]], "mean": [-43.0613021851, 62.7751998901, -71.6020736694, 52.8849182129, -51.2318000793, 13.613489151, -34.7485656738, 5.97882461548, -15.9433059692, -2.37084174156, -18.9674568176, 1.57629477978, -15.4399585724]}, "hfc": {"dmean": 10.8989391327, "dmean2": 14.6112737656, "dvar": 734.765075684, "dvar2": 1275.95996094, "max": 1177.57019043, "mean": 22.4079551697, "median": 9.27696609497, "min": 1.19055337941e-16, "var": 1673.03820801}, "melbands": {"dmean": [0.00220586219802, 0.00222411495633, 0.00151847128291, 0.000355021213181, 0.000130945976707, 0.00013978194329, 6.34994867141e-05, 6.84578626533e-05, 5.4176129197e-05, 3.4598462662e-05, 1.96977980522e-05, 1.66512818396e-05, 1.41223372339e-05, 1.41183863889e-05, 1.31620026877e-05, 1.26677032313e-05, 1.1175079635e-05, 1.43953848237e-05, 1.66576755873e-05, 2.31595604419e-05, 2.61152654275e-05, 1.73487442225e-05, 1.24580237753e-05, 9.80867298495e-06, 8.7351518232e-06, 1.1190789337e-05, 7.92493028712e-06, 5.84367762713e-06, 4.29786405221e-06, 4.11509017795e-06, 4.08760161008e-06, 4.10721895605e-06, 4.63425340058e-06, 4.71228759125e-06, 4.65132370664e-06, 3.96678706238e-06, 3.13921327688e-06, 2.08718870454e-06, 1.540125254e-06, 9.8046803032e-07], "dmean2": [0.00364283774979, 0.00363438809291, 0.00256971153431, 0.000589130970184, 0.000201887349249, 0.000216081432882, 9.62528938544e-05, 0.00010353748803, 8.2327889686e-05, 5.22490627191e-05, 2.98892482533e-05, 2.6036566851e-05, 2.12643790292e-05, 2.10139351111e-05, 2.01856546482e-05, 1.99253827304e-05, 1.80449660547e-05, 2.3110442271e-05, 2.62822668446e-05, 3.67486536561e-05, 4.20310789195e-05, 2.8463320632e-05, 2.06667264138e-05, 1.64782104548e-05, 1.45689173223e-05, 1.8807771994e-05, 1.30763773996e-05, 9.18342175282e-06, 6.50882566333e-06, 6.16714351054e-06, 6.08190475759e-06, 6.13868178334e-06, 6.95076596458e-06, 6.97025143381e-06, 6.82216250425e-06, 5.75494277655e-06, 4.5774213504e-06, 2.96516031995e-06, 2.23380720854e-06, 1.39005021538e-06], "dvar": [3.86831816286e-05, 3.11126277666e-05, 1.54371864483e-05, 1.02681133285e-06, 4.69984762219e-08, 1.13750395769e-07, 2.07189838619e-08, 3.76702438132e-08, 1.88165465431e-08, 1.01989137136e-08, 1.84796222769e-09, 1.70489711238e-09, 1.42186207253e-09, 2.08990980077e-09, 1.90843851833e-09, 1.51846624163e-09, 1.22802368274e-09, 1.7225986193e-09, 2.58127985653e-09, 1.50445895741e-08, 7.4995831767e-09, 2.59693266891e-09, 1.23751620063e-09, 7.29721394421e-10, 3.48679723983e-10, 7.16201986606e-10, 3.81687098594e-10, 2.17136655878e-10, 1.05184298771e-10, 1.08535257171e-10, 8.27887897126e-11, 1.09376792345e-10, 3.42578299062e-10, 4.81189699197e-10, 6.04392980108e-10, 4.91216900489e-10, 2.61629690135e-10, 1.27810775852e-10, 1.18302603824e-10, 4.38934374958e-11], "dvar2": [9.94635702227e-05, 7.68672252889e-05, 4.22579723818e-05, 2.70207419817e-06, 1.07793468374e-07, 2.59967123384e-07, 4.61885498737e-08, 8.15041332203e-08, 4.30828031028e-08, 2.31514398763e-08, 4.10743083989e-09, 3.9188208234e-09, 3.06456482413e-09, 4.49281634118e-09, 4.26731938674e-09, 3.70190722521e-09, 3.18577475511e-09, 4.40985603589e-09, 6.12007511336e-09, 3.77044315769e-08, 1.9200003365e-08, 6.67574573399e-09, 3.19213588895e-09, 1.92759008755e-09, 9.23652820894e-10, 1.91276194883e-09, 9.90562076808e-10, 5.41457878533e-10, 2.36038077972e-10, 2.458232784e-10, 1.77997561135e-10, 2.33825819818e-10, 7.70545960371e-10, 1.04553998792e-09, 1.20345022836e-09, 9.77746883457e-10, 4.81918116524e-10, 2.28171204153e-10, 2.48113252166e-10, 9.14102959992e-11], "max": [0.0578620620072, 0.0605163834989, 0.052551034838, 0.014896934852, 0.00427152402699, 0.00764817511663, 0.00311167445034, 0.00588453514501, 0.00387265929021, 0.00397306028754, 0.00146719033364, 0.00134281232022, 0.00104297837242, 0.0016043294454, 0.00190276303329, 0.00125797791407, 0.00139273062814, 0.00177473865915, 0.00217809807509, 0.00690984399989, 0.00295413169079, 0.00119603378698, 0.000605676381383, 0.000388505141018, 0.000335405406076, 0.000720381271094, 0.000423704041168, 0.000462418945972, 0.000191073471797, 0.000200350885279, 0.000271038006758, 0.000452536682133, 0.00080981181236, 0.000843039888423, 0.00115955097135, 0.00159415905364, 0.00121909426525, 0.000570184376556, 0.000653631635942, 0.000568334711716], "mean": [0.0028176989872, 0.00319418474101, 0.00201305933297, 0.00044052634621, 0.000231460173381, 0.000230538949836, 9.77313466137e-05, 0.000110048094939, 9.76991141215e-05, 5.56156010134e-05, 3.46425840689e-05, 2.58218969975e-05, 2.24397936108e-05, 2.11467195186e-05, 1.95047432499e-05, 1.79008275154e-05, 1.48089948198e-05, 2.00950671569e-05, 2.13983239519e-05, 3.17157282552e-05, 3.18725651596e-05, 2.0405765099e-05, 1.38222785608e-05, 1.00885808934e-05, 9.76206501946e-06, 1.30457210616e-05, 1.0959127394e-05, 8.84667497303e-06, 6.08420759818e-06, 5.98725455347e-06, 6.80467110215e-06, 7.11723123459e-06, 7.53477934268e-06, 7.14460293239e-06, 6.95220614944e-06, 6.11011864748e-06, 5.05989282829e-06, 3.22123150909e-06, 2.10536404666e-06, 1.36620849389e-06], "median": [0.000648133514915, 0.00164830032736, 0.000968495442066, 0.000197299305, 0.000103784135717, 7.1018061135e-05, 3.19926257362e-05, 2.01871444006e-05, 1.59925893968e-05, 9.70558721747e-06, 6.94392656442e-06, 4.93258585266e-06, 3.30460898113e-06, 3.21470929521e-06, 1.71807187144e-06, 2.04610569199e-06, 2.0845002382e-06, 2.53579992204e-06, 2.05758306038e-06, 2.07269340535e-06, 2.90508614853e-06, 2.7745393254e-06, 2.36485652749e-06, 1.75269337888e-06, 2.00989211407e-06, 2.3683062409e-06, 1.25626684166e-06, 1.06086156393e-06, 1.06527863863e-06, 1.20410709314e-06, 1.60049467013e-06, 1.60892534495e-06, 1.4712736629e-06, 1.52883228566e-06, 1.44196155816e-06, 1.13807573143e-06, 9.22446758977e-07, 5.10962649969e-07, 2.89080560378e-07, 2.06478318887e-07], "min": [3.3025440916e-24, 3.00129684735e-24, 7.62513187645e-24, 6.01721010397e-24, 6.36383085256e-24, 1.25794355299e-23, 1.49607928214e-23, 1.62198337588e-23, 1.00105178806e-23, 6.0286395152e-24, 1.1322110365e-23, 8.80934462382e-24, 1.15019809065e-23, 9.27184351736e-24, 5.05200052668e-24, 6.98369803036e-24, 3.73426715465e-24, 4.50532110265e-24, 1.06220988635e-23, 7.10234349937e-24, 1.41606054514e-23, 1.09151283465e-23, 8.98437471489e-24, 1.12879929197e-23, 8.31423106501e-24, 1.10396271634e-23, 1.12759075706e-23, 1.2862505644e-23, 1.80643467497e-23, 9.99511458261e-24, 7.32389745118e-24, 1.24833577937e-23, 1.39040536855e-23, 1.03759837274e-23, 1.46645203313e-23, 1.25608823103e-23, 8.98615201851e-24, 8.5714604624e-24, 8.50023500013e-24, 6.71283790539e-24], "var": [3.5296776332e-05, 3.0885450542e-05, 1.32815348479e-05, 8.66388347731e-07, 1.0790247984e-07, 2.13568782215e-07, 4.0387678979e-08, 7.82116416076e-08, 5.29555457263e-08, 2.20256737293e-08, 4.60086724274e-09, 3.20907034279e-09, 3.02197844526e-09, 3.52646267743e-09, 5.04794472889e-09, 2.88482882027e-09, 2.10020889568e-09, 3.61505358981e-09, 4.29203250718e-09, 2.69973785549e-08, 1.10895026495e-08, 3.23994031604e-09, 1.20688203875e-09, 6.21637741283e-10, 3.91103816e-10, 1.02218522535e-09, 8.28481894199e-10, 5.83865455983e-10, 1.7460040358e-10, 1.64872629438e-10, 1.8036595828e-10, 2.47996845282e-10, 5.86537374225e-10, 7.33088700855e-10, 9.79736625162e-10, 7.1581351957e-10, 4.18576784345e-10, 2.41501180165e-10, 1.92985252778e-10, 6.94652946276e-11]}, "melbands_crest": {"dmean": 3.45747280121, "dmean2": 5.51979112625, "dvar": 11.0569162369, "dvar2": 26.938709259, "max": 35.615940094, "mean": 17.1613330841, "median": 17.0292663574, "min": 1.87196528912, "var": 28.0888061523}, "melbands_flatness_db": {"dmean": 0.0408047884703, "dmean2": 0.0574101209641, "dvar": 0.00198462768458, "dvar2": 0.00390235963278, "max": 0.74924916029, "mean": 0.245733186603, "median": 0.225136056542, "min": 0.00571559322998, "var": 0.0120434472337}, "melbands_kurtosis": {"dmean": 30.5017948151, "dmean2": 48.0312805176, "dvar": 4059.66186523, "dvar2": 9945.6328125, "max": 958.068664551, "mean": 51.3300361633, "median": 24.6646614075, "min": -1.95166707039, "var": 6178.42675781}, "melbands_skewness": {"dmean": 1.54482316971, "dmean2": 2.32514977455, "dvar": 3.53556227684, "dvar2": 7.86474132538, "max": 23.3894767761, "mean": 4.83774089813, "median": 4.24278211594, "min": -3.3725092411, "var": 9.95844078064}, "melbands_spread": {"dmean": 10.7900342941, "dmean2": 16.5350456238, "dvar": 382.489135742, "dvar2": 801.456359863, "max": 290.872528076, "mean": 23.1197395325, "median": 13.489859581, "min": 0.377451807261, "var": 931.181335449}, "mfcc": {"cov": [[14224.6513672, -1078.55957031, -1056.79785156, -55.3472328186, -302.022277832, 54.6621131897, -248.088363647, -77.2738189697, -93.2468948364, 194.599121094, 47.6687355042, 138.798675537, -25.182182312], [-1078.55957031, 1850.65637207, -60.6846580505, -71.0382614136, 49.8516159058, -29.6735706329, 61.0388870239, 148.363388062, 118.982391357, 0.557379305363, 19.1239051819, -50.0294494629, -37.8503227234], [-1056.79785156, -60.6846580505, 1097.1385498, 256.096618652, 161.58821106, 164.910675049, 93.9392089844, 52.0982017517, -56.5829734802, -54.2330322266, -5.84026479721, -11.3969249725, -1.0086222887], [-55.3472328186, -71.0382614136, 256.096618652, 637.180236816, 325.528167725, 88.6131668091, 27.8810997009, -11.8901014328, 12.7812137604, 24.5492954254, -43.5082855225, 1.55300152302, 41.1072425842], [-302.022277832, 49.8516159058, 161.58821106, 325.528167725, 411.059936523, 63.373134613, 39.5769958496, 7.52709054947, 40.2048149109, 53.4772644043, -2.34443092346, 7.9713768959, 36.9368438721], [54.6621131897, -29.6735706329, 164.910675049, 88.6131668091, 63.373134613, 305.265899658, 153.740432739, 19.1738185883, -7.50076198578, 13.078250885, 69.9541625977, 17.0178184509, -32.241065979], [-248.088363647, 61.0388870239, 93.9392089844, 27.8810997009, 39.5769958496, 153.740432739, 285.037384033, 65.5012283325, 39.7530555725, 6.84590816498, 57.1582717896, 25.4304828644, -8.6440782547], [-77.2738189697, 148.363388062, 52.0982017517, -11.8901014328, 7.52709054947, 19.1738185883, 65.5012283325, 150.361541748, 66.8410110474, 20.3758220673, 21.7599868774, 17.2286090851, 22.1374034882], [-93.2468948364, 118.982391357, -56.5829734802, 12.7812137604, 40.2048149109, -7.50076198578, 39.7530555725, 66.8410110474, 214.452514648, 86.0309753418, 4.18229722977, -1.98544418812, 20.8878421783], [194.599121094, 0.557379305363, -54.2330322266, 24.5492954254, 53.4772644043, 13.078250885, 6.84590816498, 20.3758220673, 86.0309753418, 161.434066772, 49.0867118835, 9.70376014709, 10.6134271622], [47.6687355042, 19.1239051819, -5.84026479721, -43.5082855225, -2.34443092346, 69.9541625977, 57.1582717896, 21.7599868774, 4.18229722977, 49.0867118835, 149.343048096, 39.4178466797, -14.8017416], [138.798675537, -50.0294494629, -11.3969249725, 1.55300152302, 7.9713768959, 17.0178184509, 25.4304828644, 17.2286090851, -1.98544418812, 9.70376014709, 39.4178466797, 123.690719604, 42.3789291382], [-25.182182312, -37.8503227234, -1.0086222887, 41.1072425842, 36.9368438721, -32.241065979, -8.6440782547, 22.1374034882, 20.8878421783, 10.6134271622, -14.8017416, 42.3789291382, 119.958724976]], "icov": [[8.69795185281e-05, 4.57091846329e-05, 9.55639116e-05, -5.47038871446e-05, 7.71937848185e-05, -9.69712200458e-05, 9.54747956712e-05, -9.41713660723e-05, 7.88877441664e-05, -0.000130156084197, 4.96939901495e-05, -9.39764868235e-05, 6.37685516267e-05], [4.57091846329e-05, 0.000658790522721, 0.000112724301289, 7.30509127607e-05, -0.000193706626305, 7.57235393394e-05, 2.97996393783e-05, -0.000673286034726, -0.000189378319192, 0.000213028339203, -0.000116460229037, 0.00022166375129, 0.00032121912227], [9.55639116e-05, 0.000112724301289, 0.00127280957531, -0.000374370574718, -0.000141815820825, -0.000571718788706, 7.80474001658e-05, -0.000771785678808, 0.000454254768556, 0.000265420909273, 0.000109980894194, 0.000161309493706, 8.66800328367e-05], [-5.47038871446e-05, 7.30509127607e-05, -0.000374370574718, 0.0029974707868, -0.00215187412687, -0.000527427298948, 6.40308790025e-05, 0.000357101467671, -3.27629531967e-05, -6.08570771874e-05, 0.000980213633738, 6.11161203778e-06, -0.000429322564742], [7.71937848185e-05, -0.000193706626305, -0.000141815820825, -0.00215187412687, 0.00454671867192, -0.000208015218959, -0.00017415820912, 0.000342115963576, -0.00016438565217, -0.00116663693916, -0.000111320783617, -6.31061921013e-05, -0.000699891825207], [-9.69712200458e-05, 7.57235393394e-05, -0.000571718788706, -0.000527427298948, -0.000208015218959, 0.0056391027756, -0.00262385280803, 0.000396156014176, 0.00032930605812, -5.88764050917e-05, -0.00170146103483, -6.34189345874e-05, 0.00125727849081], [9.54747956712e-05, 2.97996393783e-05, 7.80474001658e-05, 6.40308790025e-05, -0.00017415820912, -0.00262385280803, 0.00571656087413, -0.00171905523166, -0.000917670025956, 0.000900457263924, -0.000817676598672, -0.00056816538563, 0.00026569183683], [-9.41713660723e-05, -0.000673286034726, -0.000771785678808, 0.000357101467671, 0.000342115963576, 0.000396156014176, -0.00171905523166, 0.0098051475361, -0.00260744662955, 0.000278725579847, -0.000817233638372, -0.00052474194672, -0.00177936675027], [7.88877441664e-05, -0.000189378319192, 0.000454254768556, -3.27629531967e-05, -0.00016438565217, 0.00032930605812, -0.000917670025956, -0.00260744662955, 0.00759131414816, -0.00405357265845, 0.00152989791241, 0.000491155369673, -0.0004219043185], [-0.000130156084197, 0.000213028339203, 0.000265420909273, -6.08570771874e-05, -0.00116663693916, -5.88764050917e-05, 0.000900457263924, 0.000278725579847, -0.00405357265845, 0.0100663518533, -0.00377167016268, 0.000617619371042, -0.00044854983571], [4.96939901495e-05, -0.000116460229037, 0.000109980894194, 0.000980213633738, -0.000111320783617, -0.00170146103483, -0.000817676598672, -0.000817233638372, 0.00152989791241, -0.00377167016268, 0.0104312058538, -0.00319971446879, 0.00179239362478], [-9.39764868235e-05, 0.00022166375129, 0.000161309493706, 6.11161203778e-06, -6.31061921013e-05, -6.34189345874e-05, -0.00056816538563, -0.00052474194672, 0.000491155369673, 0.000617619371042, -0.00319971446879, 0.0109479092062, -0.00429489277303], [6.37685516267e-05, 0.00032121912227, 8.66800328367e-05, -0.000429322564742, -0.000699891825207, 0.00125727849081, 0.00026569183683, -0.00177936675027, -0.0004219043185, -0.00044854983571, 0.00179239362478, -0.00429489277303, 0.0113513348624]], "mean": [-695.038208008, 92.6432266235, 36.0585632324, 40.4402542114, 13.1671800613, 12.597659111, -5.10856676102, 11.3178834915, 0.146942794323, 3.6548306942, -2.29518866539, -0.732136905193, -2.01603269577]}, "pitch_salience": {"dmean": 0.0837770849466, "dmean2": 0.136305898428, "dvar": 0.00737744849175, "dvar2": 0.0194612499326, "max": 0.867565631866, "mean": 0.490514546633, "median": 0.489373356104, "min": 0.0498698614538, "var": 0.0132644204423}, "silence_rate_20dB": {"dmean": 0, "dmean2": 0, "dvar": 0, "dvar2": 0, "max": 1, "mean": 1, "median": 1, "min": 1, "var": 0}, "silence_rate_30dB": {"dmean": 0.0625, "dmean2": 0.125009045005, "dvar": 0.05859375, "dvar2": 0.132386043668, "max": 1, "mean": 0.946256756783, "median": 1, "min": 0, "var": 0.0508517250419}, "silence_rate_60dB": {"dmean": 0.0552662052214, "dmean2": 0.110540404916, "dvar": 0.0522093437612, "dvar2": 0.10988663882, "max": 1, "mean": 0.12209764868, "median": 0, "min": 0, "var": 0.107179261744}, "spectral_centroid": {"dmean": 402.103942871, "dmean2": 602.464477539, "dvar": 239054.921875, "dvar2": 491084.34375, "max": 11244.5048828, "mean": 1381.07800293, "median": 1232.06713867, "min": 113.838523865, "var": 881550.625}, "spectral_complexity": {"dmean": 4.33926486969, "dmean2": 6.23424720764, "dvar": 43.8261184692, "dvar2": 85.2994766235, "max": 59, "mean": 11.8643760681, "median": 8, "min": 0, "var": 112.818206787}, "spectral_contrast_coeffs": {"dmean": [0.0530716441572, 0.0507978871465, 0.0406277887523, 0.036417234689, 0.0262944903225, 0.0222136508673], "dmean2": [0.0835050269961, 0.0809215158224, 0.0616615153849, 0.0560569502413, 0.0409661270678, 0.0329275950789], "dvar": [0.00231793243438, 0.00181007490028, 0.00120285514276, 0.0010898137698, 0.000598135986365, 0.000434098939877], "dvar2": [0.00568669103086, 0.00444602780044, 0.0026015995536, 0.00243565347046, 0.00131447298918, 0.000921794620808], "max": [-0.27685585618, -0.378079414368, -0.420038044453, -0.37723788619, -0.517777144909, -0.576613903046], "mean": [-0.634527862072, -0.699014127254, -0.766722142696, -0.779371798038, -0.793836236, -0.768133878708], "median": [-0.644637405872, -0.705091953278, -0.777352452278, -0.790421903133, -0.804808557034, -0.76661580801], "min": [-0.981156826019, -0.975137233734, -0.972490131855, -0.973383069038, -0.96360039711, -0.96144759655], "var": [0.010198068805, 0.00781366601586, 0.00682932743803, 0.0063934950158, 0.00368787581101, 0.00290560419671]}, "spectral_contrast_valleys": {"dmean": [0.472134143114, 0.451444804668, 0.478607982397, 0.50123912096, 0.456744372845, 0.437583655119], "dmean2": [0.712745189667, 0.695616424084, 0.71093070507, 0.697239160538, 0.584879040718, 0.517109572887], "dvar": [0.248022451997, 0.191563114524, 0.253130614758, 0.353420197964, 0.287977695465, 0.222773075104], "dvar2": [0.500610947609, 0.378510087729, 0.485564678907, 0.701527655125, 0.519497573376, 0.336505174637], "max": [-4.85132360458, -5.28217983246, -5.51375865936, -5.83812189102, -5.41547060013, -6.45008611679], "mean": [-7.49710893631, -7.80993795395, -8.69133281708, -8.81550216675, -8.18233203888, -10.0956296921], "median": [-7.20616102219, -7.63046836853, -8.51416015625, -8.67807388306, -7.98703718185, -9.79466342926], "min": [-27.2173538208, -27.6038341522, -26.8364887238, -27.327747345, -27.1616764069, -27.1823577881], "var": [1.96553003788, 1.68496572971, 1.83506202698, 2.01425743103, 2.03811860085, 2.15004825592]}, "spectral_decrease": {"dmean": 3.89239485088e-09, "dmean2": 5.89616844238e-09, "dvar": 6.55053922376e-17, "dvar2": 1.44987781017e-16, "max": 2.79273722203e-11, "mean": -7.20661930131e-09, "median": -4.85842344133e-09, "min": -8.14010903127e-08, "var": 8.67254932428e-17}, "spectral_energy": {"dmean": 0.0154367024079, "dmean2": 0.0231605917215, "dvar": 0.000977707793936, "dvar2": 0.00213399063796, "max": 0.313548266888, "mean": 0.0292319320142, "median": 0.0195416398346, "min": 1.06374077759e-20, "var": 0.00134883448482}, "spectral_energyband_high": {"dmean": 0.00094107381301, "dmean2": 0.00125409907196, "dvar": 1.04509199446e-05, "dvar2": 1.79924190888e-05, "max": 0.148785367608, "mean": 0.00177235994488, "median": 0.000514106068294, "min": 7.96963317036e-21, "var": 2.1989148081e-05}, "spectral_energyband_low": {"dmean": 0.0117437262088, "dmean2": 0.018452335149, "dvar": 0.000755750748795, "dvar2": 0.00176686758641, "max": 0.282247543335, "mean": 0.0185596756637, "median": 0.0099501889199, "min": 2.9785238924e-23, "var": 0.000876188219991}, "spectral_energyband_middle_high": {"dmean": 0.00153791427147, "dmean2": 0.00236071809195, "dvar": 1.02924705061e-05, "dvar2": 2.46505278483e-05, "max": 0.100025929511, "mean": 0.00269687292166, "median": 0.000831017678138, "min": 1.41468937866e-21, "var": 2.14618303289e-05}, "spectral_energyband_middle_low": {"dmean": 0.00542897032574, "dmean2": 0.0087824082002, "dvar": 0.000168238591868, "dvar2": 0.000445561221568, "max": 0.170511797071, "mean": 0.00891265273094, "median": 0.00524371350184, "min": 3.13402472202e-22, "var": 0.000166581899975}, "spectral_entropy": {"dmean": 0.250683695078, "dmean2": 0.346515715122, "dvar": 0.0888855010271, "dvar2": 0.153754651546, "max": 9.81269836426, "mean": 7.57204914093, "median": 7.71878671646, "min": 4.02723455429, "var": 0.491031914949}, "spectral_flux": {"dmean": 0.0357054658234, "dmean2": 0.0535161755979, "dvar": 0.00267352629453, "dvar2": 0.00519819976762, "max": 0.490444213152, "mean": 0.0812846794724, "median": 0.0595443509519, "min": 1.03137810792e-10, "var": 0.00568415876478}, "spectral_kurtosis": {"dmean": 1.60953140259, "dmean2": 2.39810228348, "dvar": 13.3413858414, "dvar2": 25.5184059143, "max": 88.7032852173, "mean": 3.62005400658, "median": 1.92265236378, "min": -1.2280882597, "var": 39.3686752319}, "spectral_rms": {"dmean": 0.00117005547509, "dmean2": 0.00164441217203, "dvar": 3.0652456644e-06, "dvar2": 5.82185884923e-06, "max": 0.0174900181592, "mean": 0.00457843393087, "median": 0.00436635036021, "min": 3.22148406041e-12, "var": 7.55697237764e-06}, "spectral_rolloff": {"dmean": 828.820800781, "dmean2": 1382.25, "dvar": 2321698, "dvar2": 5067368, "max": 18906.1523438, "mean": 1720.86828613, "median": 538.330078125, "min": 64.599609375, "var": 6708911.5}, "spectral_skewness": {"dmean": 0.258444756269, "dmean2": 0.369478493929, "dvar": 0.136569947004, "dvar2": 0.249462023377, "max": 8.18971347809, "mean": 1.34679198265, "median": 1.15546452999, "min": -0.558106422424, "var": 0.679913282394}, "spectral_spread": {"dmean": 973358.5, "dmean2": 1396279.25, "dvar": 1375326830590.0, "dvar2": 2766478508030.0, "max": 40758508, "mean": 6288303.5, "median": 6028912.5, "min": 1278705.875, "var": 4390754451460.0}, "spectral_strongpeak": {"dmean": 0.355452269