{"lowlevel": {"average_loudness": 0.755830049515, "barkbands": {"dmean": [0.00010729268979, 0.00425853952765, 0.00218869908713, 0.00173325568903, 0.00160336762201, 0.00105708057526, 0.000487761601107, 0.000710980966687, 0.00188960460946, 0.000538146006875, 0.000530078774318, 0.00040333790821, 0.000293421617243, 0.00029853178421, 0.000344140978996, 0.000210624290048, 0.000138655741466, 0.000128955027321, 0.000134099886054, 0.000123102130601, 0.000130826752866, 0.000129861509777, 0.000105225146399, 7.13911867933e-05, 4.53315369668e-05, 3.24142201862e-05, 2.00834419957e-05], "dmean2": [0.000178269619937, 0.00671370141208, 0.00376089825295, 0.00299280649051, 0.00279683014378, 0.00166300020646, 0.00078940851381, 0.00112915749196, 0.00279071507975, 0.000820530578494, 0.000796430103946, 0.000643793377094, 0.000458817841718, 0.00045501664863, 0.000532217964064, 0.000327488116454, 0.000216970569454, 0.00020341326308, 0.000206278535188, 0.000201488655875, 0.000202952913241, 0.00019395534764, 0.000154657842359, 0.000107676656626, 6.57077689539e-05, 4.52967651654e-05, 2.90687767119e-05], "dvar": [3.5152684319e-08, 8.02251524874e-05, 3.02146709146e-05, 2.51984893112e-05, 1.41463269756e-05, 5.67847064303e-06, 1.60179547493e-06, 3.82707094104e-06, 3.2030926377e-05, 3.18024376611e-06, 2.00214230972e-06, 9.54169308898e-07, 4.49543563263e-07, 8.71383861067e-07, 2.35324159803e-06, 4.48618493465e-07, 9.8164001372e-08, 6.32383532206e-08, 5.16227984804e-08, 5.15856939387e-08, 4.37615170767e-08, 4.60430555904e-08, 3.42435377831e-08, 2.05782644258e-08, 5.51515633163e-09, 2.59308574613e-09, 1.17335940963e-09], "dvar2": [8.7101646784e-08, 0.000187966375961, 8.1296209828e-05, 6.83040343574e-05, 3.88817461499e-05, 1.18783746075e-05, 3.92045603803e-06, 8.34619368106e-06, 6.91988534527e-05, 6.27300960332e-06, 3.54519033863e-06, 2.33206810663e-06, 1.03480510916e-06, 1.7013148863e-06, 5.38816129847e-06, 1.10302016765e-06, 2.39584323936e-07, 1.37942606671e-07, 1.08108068275e-07, 1.2803258187e-07, 1.06374500319e-07, 1.04326829842e-07, 7.15398016382e-08, 4.6418680455e-08, 1.26907222509e-08, 5.19399057097e-09, 2.51142195928e-09], "max": [0.00330027099699, 0.0937149375677, 0.0635375827551, 0.073017552495, 0.0624221637845, 0.0828200057149, 0.0395027883351, 0.0757312253118, 0.112922005355, 0.0688206702471, 0.0610669180751, 0.0248305220157, 0.0165222156793, 0.0435161218047, 0.0659816786647, 0.0288474652916, 0.0106904627755, 0.00703944452107, 0.00598676735535, 0.00594601174816, 0.00376319140196, 0.00535743869841, 0.00534223811701, 0.00452591804788, 0.00191529782023, 0.000898938917089, 0.000411291170167], "mean": [0.000131038934342, 0.00468084169552, 0.00200790772215, 0.00144617049955, 0.00166796194389, 0.00174618698657, 0.000724037352484, 0.00104694860056, 0.00327147683129, 0.000837615167256, 0.000982797937468, 0.000629138608929, 0.000466779689305, 0.000447370635811, 0.000487466400955, 0.000328677531797, 0.000239362401771, 0.000214598563616, 0.000256014580373, 0.000212533472222, 0.000253363745287, 0.000267888623057, 0.000212612343603, 0.000147363491124, 9.3079128419e-05, 5.70390984649e-05, 2.68521798716e-05], "median": [5.38028980372e-05, 0.00123730860651, 0.000479158392409, 0.000224347168114, 0.000639936071821, 0.000703431316651, 0.000296085199807, 0.00032295944402, 0.000517530366778, 0.000242700407398, 0.000263504800387, 0.000235356070334, 0.000202791416086, 0.000166093246662, 0.000141593249282, 0.000112990484922, 0.000103550948552, 0.000101803874713, 0.000115138798719, 0.000105532119051, 0.000140693126014, 0.000147254904732, 0.000106584309833, 6.63953833282e-05, 4.10181346524e-05, 1.82961230166e-05, 6.80754419591e-06], "min": [3.21258377448e-25, 2.98005341481e-24, 2.32579269041e-24, 1.3717671886e-24, 1.28193683631e-23, 2.10929336484e-23, 2.19447172549e-23, 1.42976463678e-23, 1.87311740283e-23, 2.47086318536e-23, 2.73525275764e-23, 2.78781392867e-23, 4.9106477754e-23, 2.81048863098e-23, 6.65232643639e-23, 6.6663795201e-23, 8.73083355777e-23, 1.21819233133e-22, 1.67209065307e-22, 2.11515848256e-22, 2.38291226262e-22, 2.7663935783e-22, 4.79395593621e-22, 5.85325047664e-22, 9.62640727485e-22, 1.33384529751e-21, 2.08214123318e-21], "var": [4.4086792883e-08, 8.6404470494e-05, 2.31240483117e-05, 1.89215988939e-05, 1.08052836367e-05, 1.07601426862e-05, 2.43177419179e-06, 8.1319903984e-06, 7.3086564953e-05, 6.98596250004e-06, 7.45983834349e-06, 1.90689377177e-06, 7.80451955507e-07, 1.48475976403e-06, 2.96420466839e-06, 6.28928546575e-07, 1.96880975523e-07, 1.42881617649e-07, 1.5842086043e-07, 9.82864207799e-08, 1.02267875945e-07, 1.17364464813e-07, 9.10711435154e-08, 5.70450922055e-08, 1.62523470237e-08, 7.29155447132e-09, 2.03170147373e-09]}, "barkbands_crest": {"dmean": 2.94127678871, "dmean2": 4.69253540039, "dvar": 7.55695962906, "dvar2": 18.3115081787, "max": 26.391740799, "mean": 9.44420528412, "median": 8.54379272461, "min": 1.96086478233, "var": 18.4384441376}, "barkbands_flatness_db": {"dmean": 0.0229429174215, "dmean2": 0.0340069681406, "dvar": 0.000492632621899, "dvar2": 0.00113622506615, "max": 0.377598613501, "mean": 0.0957382172346, "median": 0.0902660638094, "min": 0.0146219665185, "var": 0.00165604706854}, "barkbands_kurtosis": {"dmean": 2.47290730476, "dmean2": 3.97691726685, "dvar": 56.4521713257, "dvar2": 161.700408936, "max": 299.217468262, "mean": 2.63109445572, "median": 1.23556518555, "min": -1.92651987076, "var": 50.5729408264}, "barkbands_skewness": {"dmean": 0.55410939455, "dmean2": 0.827922224998, "dvar": 0.466403722763, "dvar2": 1.08059644699, "max": 17.06990242, "mean": 1.22312474251, "median": 1.14221954346, "min": -5.08150100708, "var": 1.14481127262}, "barkbands_spread": {"dmean": 7.85285568237, "dmean2": 11.6006660461, "dvar": 77.9642562866, "dvar2": 162.228881836, "max": 129.616973877, "mean": 28.9825325012, "median": 25.7386779785, "min": 1.22202587128, "var": 256.209259033}, "dissonance": {"dmean": 0.0192796234041, "dmean2": 0.0320988409221, "dvar": 0.000412662600866, "dvar2": 0.00107586150989, "max": 0.500000059605, "mean": 0.46730786562, "median": 0.475420415401, "min": 0.27293908596, "var": 0.000819506123662}, "dynamic_complexity": 4.32500457764, "erbbands": {"dmean": [0.111883096397, 1.02198970318, 2.30900025368, 4.63797616959, 5.80191373825, 4.93369722366, 7.19524049759, 8.85925006866, 6.49107122421, 8.29017353058, 21.8894290924, 42.5656929016, 23.1711578369, 19.8286571503, 17.7623958588, 13.5444202423, 12.7249851227, 12.7516326904, 16.6796875, 13.9465436935, 10.9541826248, 7.90913534164, 7.4339094162, 6.03397464752, 6.51016139984, 5.47233057022, 5.57868099213, 4.88581371307, 4.72414398193, 4.20172262192, 2.80720043182, 1.79098975658, 1.10869443417, 0.587238132954, 0.297224909067, 0.120921909809, 0.0626326948404, 0.026042079553, 0.00313225877471, 0.000157496804604], "dmean2": [0.179973363876, 1.62183606625, 3.86000394821, 7.7915058136, 10.5452671051, 8.42762565613, 11.401260376, 13.9244089127, 10.3925132751, 13.447218895, 33.3758087158, 63.1687927246, 33.6629905701, 29.6269302368, 26.2646465302, 21.3339538574, 19.6754665375, 19.0578708649, 25.4126548767, 21.375038147, 16.6197948456, 12.200802803, 11.5593395233, 9.33154392242, 10.0842971802, 8.86849308014, 8.84964370728, 7.60231018066, 7.12930202484, 6.12266159058, 4.14131546021, 2.69114303589, 1.68056988716, 0.87516438961, 0.427756696939, 0.170888483524, 0.0882250443101, 0.0376781448722, 0.00452506309375, 0.000226298056077], "dvar": [0.0567308627069, 4.6779961586, 30.2046909332, 154.613739014, 306.331848145, 118.680137634, 244.027236938, 506.385162354, 326.101470947, 358.640472412, 3705.83374023, 18875.2675781, 6177.1171875, 3378.81665039, 1884.83105469, 1204.29785156, 822.184448242, 1179.40771484, 5834.65527344, 4609.52148438, 736.119934082, 332.819763184, 235.813690186, 97.5116577148, 117.843811035, 109.748703003, 89.2155914307, 59.7725219727, 61.8772239685, 52.0983734131, 27.2035484314, 14.2365751266, 4.66672515869, 1.01133954525, 0.229284778237, 0.0357105731964, 0.01020947285, 0.00199320330285, 2.7961896194e-05, 7.09937637566e-08], "dvar2": [0.141620874405, 10.8431129456, 78.3042068481, 407.638458252, 873.200073242, 307.734649658, 569.364196777, 1084.69177246, 821.796264648, 837.185119629, 7862.67919922, 40836.9648438, 12800.0214844, 6968.87988281, 3455.63427734, 2972.04931641, 1884.1940918, 2362.43725586, 12041.9980469, 10525.2753906, 1623.1920166, 807.531738281, 502.06439209, 212.540863037, 268.845825195, 260.589660645, 225.967025757, 144.783615112, 143.865890503, 114.134117126, 56.380191803, 31.4238166809, 10.9888181686, 2.43857002258, 0.514426887035, 0.0725148171186, 0.021069444716, 0.00427975878119, 5.93460245e-05, 1.53290073968e-07], "max": [2.47723460197, 24.2735233307, 55.5598640442, 190.13482666, 271.491882324, 338.827850342, 541.82598877, 898.371582031, 706.006530762, 619.98815918, 2013.85144043, 3481.19067383, 2949.07617188, 2306.64379883, 1326.51733398, 1005.39776611, 880.834838867, 1464.84875488, 3917.15161133, 3074.23901367, 653.87677002, 616.375549316, 497.769958496, 246.796524048, 261.929656982, 385.932220459, 202.428329468, 145.702301025, 230.644393921, 229.042816162, 174.078460693, 115.990234375, 59.1222572327, 21.6079292297, 14.2380723953, 3.97935843468, 1.80804157257, 0.557035923004, 0.0569415353239, 0.00308951572515], "mean": [0.126658722758, 1.07527279854, 2.25323414803, 4.19783830643, 4.5593919754, 5.46942472458, 10.8992443085, 14.6506986618, 10.2900648117, 12.9752445221, 36.9626617432, 72.2861862183, 38.2270202637, 34.1416740417, 35.6851081848, 22.9956855774, 21.3903102875, 21.615945816, 26.7004146576, 20.6895618439, 18.6139163971, 14.5199384689, 12.8367271423, 11.2846288681, 12.8803482056, 9.79882907867, 10.4301023483, 9.14060115814, 9.42658519745, 8.83882045746, 5.71276426315, 3.62566304207, 2.16938328743, 1.15165960789, 0.608419001102, 0.244246259332, 0.1028823331, 0.03615289554, 0.00422566896304, 0.000223517490667], "median": [0.0358574427664, 0.267069190741, 0.603802144527, 0.807040691376, 1.11621689796, 2.17772889137, 4.95170879364, 5.35709667206, 4.52579784393, 6.64114379883, 10.0353221893, 12.0795097351, 10.9444389343, 11.1180324554, 11.687871933, 10.3069210052, 9.93207550049, 9.48106575012, 9.58526515961, 7.4243388176, 7.29976654053, 6.62100124359, 6.19308853149, 5.59719896317, 6.18590259552, 5.04728889465, 5.60076189041, 5.13680410385, 5.14989852905, 4.69426631927, 2.79438066483, 1.56729722023, 0.986084580421, 0.532863616943, 0.247151449323, 0.0853455364704, 0.0311713069677, 0.00919836014509, 0.0010903950315, 8.0591365986e-05], "min": [1.27400001208e-22, 1.16675259234e-21, 2.9346405195e-21, 3.74796989576e-21, 1.88863638448e-20, 4.82597364203e-20, 8.60867542999e-20, 2.05381191279e-19, 3.30673644126e-19, 2.89662623892e-19, 3.86574277278e-19, 4.23981349131e-19, 3.92751067556e-19, 1.2526972089e-18, 1.36077952287e-18, 1.52451754698e-18, 2.5788306854e-18, 1.61402769164e-18, 3.18158623763e-18, 4.61888720499e-18, 4.27929151323e-18, 5.09943281877e-18, 6.14378060216e-18, 6.42824057019e-18, 7.45537307068e-18, 9.78379633233e-18, 8.79103484066e-18, 9.14296379535e-18, 1.01642042883e-17, 9.53692345133e-18, 1.34497350757e-17, 1.22432582379e-17, 9.10508884946e-18, 8.73398584817e-18, 6.69773270504e-18, 4.61385587891e-18, 2.32644609319e-18, 1.0307542074e-18, 2.98096790062e-19, 2.76521696639e-20], "var": [0.0593484416604, 4.96838521957, 25.3357563019, 127.840087891, 185.222045898, 112.553421021, 392.691131592, 893.321960449, 499.608551025, 530.997131348, 9717.60351562, 38713.8164062, 11368.0527344, 8359.83398438, 8534.35546875, 2350.06054688, 1514.74072266, 2358.32763672, 7637.05175781, 5514.39697266, 1471.88635254, 708.727600098, 544.651550293, 268.045837402, 340.515045166, 226.746307373, 180.850311279, 127.937934875, 145.994338989, 145.328887939, 70.1346740723, 37.8232269287, 11.6676931381, 2.54066610336, 0.732262194157, 0.129005253315, 0.0257261935622, 0.00365421897732, 4.96008906339e-05, 1.19476410987e-07]}, "erbbands_crest": {"dmean": 2.48056411743, "dmean2": 3.85372948647, "dvar": 6.58001089096, "dvar2": 14.3311891556, "max": 31.5223331451, "mean": 8.34676647186, "median": 6.94526958466, "min": 2.1130259037, "var": 22.0486278534}, "erbbands_flatness_db": {"dmean": 0.0208219084889, "dmean2": 0.0276724621654, "dvar": 0.000424365862273, "dvar2": 0.000767746707425, "max": 0.384954959154, "mean": 0.129312857985, "median": 0.122697412968, "min": 0.0281852353364, "var": 0.00183506472968}, "erbbands_kurtosis": {"dmean": 1.0260976553, "dmean2": 1.55440676212, "dvar": 3.09865546227, "dvar2": 6.6630115509, "max": 47.3565444946, "mean": 0.583493351936, "median": -0.205577969551, "min": -1.83273649216, "var": 7.04138278961}, "erbbands_skewness": {"dmean": 0.382978260517, "dmean2": 0.560474872589, "dvar": 0.153066426516, "dvar2": 0.308912158012, "max": 6.02985334396, "mean": 0.413291335106, "median": 0.377574384212, "min": -5.46422815323, "var": 0.723200142384}, "erbbands_spread": {"dmean": 10.2467365265, "dmean2": 14.9285154343, "dvar": 128.215011597, "dvar2": 258.908691406, "max": 164.794845581, "mean": 42.8456077576, "median": 39.3706130981, "min": 2.74647545815, "var": 423.690887451}, "gfcc": {"cov": [[16003.4287109, -219.799423218, -468.201507568, 60.83776474, -273.02166748, 199.953170776, -136.19317627, 29.2109546661, -240.557830811, 0.975095033646, -254.601470947, 26.6102809906, -185.361633301], [-219.799423218, 1508.63000488, -419.686157227, 26.6150131226, 123.748779297, -70.1786346436, 14.3266782761, -79.9244842529, 74.6105117798, -62.4326896667, 23.5511322021, -62.8396606445, 35.0274200439], [-468.201507568, -419.686157227, 846.911804199, 78.8395385742, 44.8714790344, 29.8162155151, 30.7398777008, 11.0855550766, -37.8242530823, 49.9133834839, -19.5557155609, 10.5733146667, -38.9487800598], [60.83776474, 26.6150131226, 78.8395385742, 414.461181641, 47.1851959229, 19.2101707458, -18.6414775848, 17.1377925873, -6.45763731003, -16.6900463104, 19.1428318024, -31.7351989746, -13.578915596], [-273.02166748, 123.748779297, 44.8714790344, 47.1851959229, 292.358398438, 25.4282875061, 20.9517021179, -0.418315917253, 31.1269245148, 21.9714241028, -27.0209903717, -14.1142177582, -8.45237636566], [199.953170776, -70.1786346436, 29.8162155151, 19.2101707458, 25.4282875061, 185.075866699, 54.6662979126, 13.2034482956, -21.2012786865, 12.5654783249, 4.34226608276, -22.5830039978, -11.1996603012], [-136.19317627, 14.3266782761, 30.7398777008, -18.6414775848, 20.9517021179, 54.6662979126, 151.396606445, 23.2754821777, -8.21929931641, 10.1551914215, 7.14461612701, -5.66882991791, -9.99201011658], [29.2109546661, -79.9244842529, 11.0855550766, 17.1377925873, -0.418315917253, 13.2034482956, 23.2754821777, 108.968254089, 43.8591575623, 11.0013122559, 3.83201599121, 9.18284702301, 6.12073659897], [-240.557830811, 74.6105117798, -37.8242530823, -6.45763731003, 31.1269245148, -21.2012786865, -8.21929931641, 43.8591575623, 121.335762024, 24.9467124939, 7.49312829971, 16.0249767303, 21.5980052948], [0.975095033646, -62.4326896667, 49.9133834839, -16.6900463104, 21.9714241028, 12.5654783249, 10.1551914215, 11.0013122559, 24.9467124939, 86.0793914795, 15.3044109344, 7.79689693451, 6.8515253067], [-254.601470947, 23.5511322021, -19.5557155609, 19.1428318024, -27.0209903717, 4.34226608276, 7.14461612701, 3.83201599121, 7.49312829971, 15.3044109344, 86.8553161621, 29.5991897583, 14.2214450836], [26.6102809906, -62.8396606445, 10.5733146667, -31.7351989746, -14.1142177582, -22.5830039978, -5.66882991791, 9.18284702301, 16.0249767303, 7.79689693451, 29.5991897583, 81.4284057617, 28.5897026062], [-185.361633301, 35.0274200439, -38.9487800598, -13.578915596, -8.45237636566, -11.1996603012, -9.99201011658, 6.12073659897, 21.5980052948, 6.8515253067, 14.2214450836, 28.5897026062, 65.9946670532]], "icov": [[8.49359785207e-05, -4.03855447075e-05, 8.35738537717e-05, -6.64727776893e-05, 0.000123252772028, -0.000155769608682, 0.000128889412736, -0.000126274695504, 0.000223121314775, -0.000232968406635, 0.000434404850239, -0.000394889997551, 0.000344846834196], [-4.03855447075e-05, 0.00106932362542, 0.000345878681401, -1.04160462797e-05, -0.000555001490284, 0.000525210809428, -0.000563891779166, 0.00108409218956, -0.0010061605135, 0.000965897983406, -0.000961356738117, 0.00142274668906, -0.000827052514069], [8.35738537717e-05, 0.000345878681401, 0.00161343847867, -0.000443683558842, -0.000138287927257, -2.73406512861e-05, -0.000233731392655, 7.1267655585e-05, 0.000517707667314, -0.00101548270322, 0.000853172852658, -0.000853957317304, 0.000969825778157], [-6.64727776893e-05, -1.04160462797e-05, -0.000443683558842, 0.00293285632506, -0.000711335043889, -2.51819692494e-05, 0.000689164327923, -0.000779498775955, 7.5291885878e-05, 0.00120766775217, -0.00200600898825, 0.00192793598399, -0.000311254378175], [0.000123252772028, -0.000555001490284, -0.000138287927257, -0.000711335043889, 0.00443469733, -0.000936163705774, -0.000246708223131, 0.000304188783048, -0.000774553685915, -0.00169483397622, 0.00270347250625, -0.00135637109634, 0.00119078287389], [-0.000155769608682, 0.000525210809428, -2.73406512861e-05, -2.51819692494e-05, -0.000936163705774, 0.00708158873022, -0.00238240417093, -0.000329932227032, 0.000734694942366, -0.000135439753649, -0.00194323714823, 0.00309617491439, -0.00113474880345], [0.000128889412736, -0.000563891779166, -0.000233731392655, 0.000689164327923, -0.000246708223131, -0.00238240417093, 0.00846395269036, -0.00269350665621, 0.00176857563201, -0.000922772509512, -0.000213200240978, -0.000749772880226, 0.00164832454175], [-0.000126274695504, 0.00108409218956, 7.1267655585e-05, -0.000779498775955, 0.000304188783048, -0.000329932227032, -0.00269350665621, 0.0131072215736, -0.00608247099444, 0.00107324949931, -0.00037760916166, 0.000410006177844, -0.000905948516447], [0.000223121314775, -0.0010061605135, 0.000517707667314, 7.5291885878e-05, -0.000774553685915, 0.000734694942366, 0.00176857563201, -0.00608247099444, 0.0133626731113, -0.00419659167528, 0.00143579440191, -0.00246340432204, -0.000840597611386], [-0.000232968406635, 0.000965897983406, -0.00101548270322, 0.00120766775217, -0.00169483397622, -0.000135439753649, -0.000922772509512, 0.00107324949931, -0.00419659167528, 0.0155876018107, -0.00489768898115, 0.00287501886487, -0.00243209884502], [0.000434404850239, -0.000961356738117, 0.000853172852658, -0.00200600898825, 0.00270347250625, -0.00194323714823, -0.000213200240978, -0.00037760916166, 0.00143579440191, -0.00489768898115, 0.0181136149913, -0.00885264761746, 0.00181065697689], [-0.000394889997551, 0.00142274668906, -0.000853957317304, 0.00192793598399, -0.00135637109634, 0.00309617491439, -0.000749772880226, 0.000410006177844, -0.00246340432204, 0.00287501886487, -0.00885264761746, 0.0213427376002, -0.00860194303095], [0.000344846834196, -0.000827052514069, 0.000969825778157, -0.000311254378175, 0.00119078287389, -0.00113474880345, 0.00164832454175, -0.000905948516447, -0.000840597611386, -0.00243209884502, 0.00181065697689, -0.00860194303095, 0.0212260317057]], "mean": [-4.44711446762, 62.8658409119, -105.22869873, 23.4700145721, -61.2958641052, 15.6123027802, -25.7696628571, 7.17029762268, -16.0995807648, 4.16609048843, -14.992934227, 3.25291395187, -9.26609230042]}, "hfc": {"dmean": 7.18262767792, "dmean2": 9.72802448273, "dvar": 93.9806365967, "dvar2": 174.917129517, "max": 160.928619385, "mean": 20.9416351318, "median": 15.0693912506, "min": 1.08542461308e-16, "var": 402.173614502}, "melbands": {"dmean": [0.0011220901506, 0.00120803806931, 0.000823120062705, 0.000394086149754, 0.000227558019105, 0.000194259133423, 0.00010033162107, 0.000101318393718, 0.000211866281461, 0.000271600467386, 0.000115103139251, 8.1452242739e-05, 6.45772015559e-05, 4.62544630864e-05, 3.55186202796e-05, 2.94104556815e-05, 2.52983190876e-05, 2.89366889774e-05, 2.63585297944e-05, 1.56782880367e-05, 1.30380667542e-05, 9.17451870919e-06, 6.89756825523e-06, 6.34678872302e-06, 5.20044795849e-06, 5.73038914808e-06, 4.65519997306e-06, 3.77681203645e-06, 3.65680352843e-06, 3.56156851922e-06, 2.86168165076e-06, 2.84533280137e-06, 2.73384671345e-06, 2.35849347519e-06, 1.83108215879e-06, 1.33296839522e-06, 1.08978565549e-06, 8.89452735464e-07, 6.00302598741e-07, 5.13615134423e-07], "dmean2": [0.00178140494972, 0.00194240571, 0.0014128171606, 0.000702199758962, 0.000360011792509, 0.00030504190363, 0.000161169387866, 0.000162623720826, 0.000319060345646, 0.000403841404477, 0.000169125240063, 0.000122062258015, 9.59516037256e-05, 7.20234020264e-05, 5.65349655517e-05, 4.57499809272e-05, 3.82702382922e-05, 4.4394244469e-05, 4.06897561334e-05, 2.4823444619e-05, 1.99655278266e-05, 1.43423176269e-05, 1.07485284389e-05, 1.01056839412e-05, 8.1506486822e-06, 8.80655534274e-06, 7.47301010051e-06, 6.18242665951e-06, 5.95801020609e-06, 5.63231924389e-06, 4.55650024378e-06, 4.44393390353e-06, 4.07388461099e-06, 3.51527069142e-06, 2.78373681795e-06, 2.01952957468e-06, 1.68638814557e-06, 1.38323196097e-06, 9.13776773359e-07, 7.83512348335e-07], "dvar": [5.59770296604e-06, 6.88939644533e-06, 5.06656078869e-06, 1.08667290988e-06, 2.07997373991e-07, 2.2253399834e-07, 7.0223933335e-08, 5.05239690085e-08, 3.83018175398e-07, 7.30579301944e-07, 1.55677540192e-07, 5.72922154163e-08, 2.91976345324e-08, 1.19649659069e-08, 1.11170113115e-08, 3.93978849544e-09, 5.44367884103e-09, 1.82370829549e-08, 1.31966091388e-08, 4.12442613396e-09, 1.07617681433e-09, 4.90963436572e-10, 2.07405315145e-10, 1.84453868846e-10, 7.91107665488e-11, 1.18767301549e-10, 7.53812082199e-11, 5.93842336416e-11, 4.21000907747e-11, 3.26925327088e-11, 2.21652522725e-11, 2.34437400048e-11, 2.29181517514e-11, 1.6780557846e-11, 1.17323884982e-11, 8.21577614968e-12, 5.84652942379e-12, 3.13333408698e-12, 1.56321245011e-12, 7.46757094095e-13], "dvar2": [1.34498586704e-05, 1.62577380252e-05, 1.36999278766e-05, 3.04091599901e-06, 4.79129028008e-07, 4.71284295145e-07, 1.77601876317e-07, 1.14327455947e-07, 8.02394765742e-07, 1.6002211396e-06, 3.24391294271e-07, 1.17325072324e-07, 5.26422176961e-08, 2.75300600094e-08, 2.70309499228e-08, 8.73597105766e-09, 1.08966835555e-08, 3.68546331231e-08, 3.02774161298e-08, 1.00596988517e-08, 2.41392839051e-09, 1.2354078871e-09, 4.64726951366e-10, 4.24529078558e-10, 1.73144040772e-10, 2.4070268001e-10, 1.89286031294e-10, 1.40456576925e-10, 1.09388630098e-10, 8.17283463128e-11, 5.45190941004e-11, 5.6206945348e-11, 5.1693881814e-11, 3.75323452873e-11, 2.4983914243e-11, 1.7969094962e-11, 1.35482640731e-11, 7.66074703673e-12, 3.82417101458e-12, 1.85957694555e-12], "max": [0.0222141072154, 0.0284453127533, 0.0327888019383, 0.0128173474222, 0.014580081217, 0.0174448080361, 0.00967721361667, 0.00606119120494, 0.0187355782837, 0.0204927306622, 0.0143637424335, 0.00970414467156, 0.00661654397845, 0.00262868241407, 0.00421155709773, 0.00155797542538, 0.00334218819626, 0.00767258508131, 0.00404335651547, 0.00279203546233, 0.000792669074144, 0.000765531673096, 0.000375960604288, 0.000334420794388, 0.000225739262532, 0.000309150665998, 0.000247771793511, 0.00035668417695, 0.000165907025803, 0.00010406083311, 0.000107583051431, 0.000143775745528, 0.000119294680189, 0.000120577824418, 0.00011301755876, 9.9601362308e-05, 8.04787268862e-05, 4.27742670581e-05, 3.28404166794e-05, 1.57255799422e-05], "mean": [0.00124694453552, 0.00130271608941, 0.000727558857761, 0.000355248135747, 0.000353335577529, 0.000325285276631, 0.000157276663231, 0.000156687441631, 0.000355409720214, 0.000458552589407, 0.000181424475159, 0.000134404108394, 0.000122612662381, 7.93435392552e-05, 5.16260370205e-05, 4.69836741104e-05, 3.87868749385e-05, 4.3174597522e-05, 3.65630403394e-05, 2.20107340283e-05, 2.08357541851e-05, 1.53479850269e-05, 1.16077426355e-05, 1.01668656498e-05, 8.81096548255e-06, 1.06468260128e-05, 7.94284187577e-06, 6.03603984928e-06, 6.29100759397e-06, 6.38017036181e-06, 4.82565565108e-06, 5.18113256476e-06, 5.46852243133e-06, 4.59646571471e-06, 3.44654927176e-06, 2.57153737948e-06, 2.0278739612e-06, 1.61790421771e-06, 1.11367330646e-06, 9.36136132168e-07], "median": [0.000339216698194, 0.000369015528122, 0.000154175708303, 0.000114276350359, 0.000167779769981, 0.00012579059694, 6.74701004755e-05, 7.07722792868e-05, 7.72693019826e-05, 7.03854457242e-05, 4.74039516121e-05, 3.89874112443e-05, 3.67703178199e-05, 2.65800226771e-05, 2.06625918509e-05, 1.86654524441e-05, 1.52377842824e-05, 1.37413207995e-05, 1.04142909549e-05, 7.35536923457e-06, 7.5099528658e-06, 6.36611730442e-06, 5.21510582985e-06, 4.64104459752e-06, 3.82042435376e-06, 4.25123425885e-06, 3.90326204069e-06, 2.87946613753e-06, 3.22104597217e-06, 3.43071087627e-06, 2.65371591013e-06, 2.70861482932e-06, 2.80999756797e-06, 2.35903780776e-06, 1.62226888278e-06, 1.1418055692e-06, 8.09523385215e-07, 7.06295395503e-07, 4.80395613067e-07, 4.23989320097e-07], "min": [1.23437167917e-24, 2.34296638953e-24, 1.33789882614e-24, 2.4923614594e-24, 2.80905361411e-24, 4.62784855617e-24, 5.5681151405e-24, 2.67553811704e-24, 3.04926452076e-24, 2.68178333161e-24, 1.32493024868e-24, 5.30391260714e-24, 3.54562211322e-24, 2.17932212512e-24, 6.06461748893e-24, 4.3974629121e-24, 2.14397583176e-24, 1.87960882089e-24, 5.15040776916e-24, 6.00902646094e-24, 4.83002966188e-24, 5.47774481292e-24, 3.85473528677e-24, 5.62133327489e-24, 4.87030732198e-24, 6.78024843632e-24, 5.03803768866e-24, 6.03134175823e-24, 3.82223934507e-24, 7.0247456187e-24, 4.77559865385e-24, 5.52960571212e-24, 4.40525882999e-24, 5.0893680789e-24, 6.71737148901e-24, 6.97714969599e-24, 7.24041230158e-24, 5.87968403806e-24, 5.41207924231e-24, 6.54629398551e-24], "var": [5.92809601585e-06, 7.04947979102e-06, 3.85443672712e-06, 7.21766184597e-07, 3.55036320343e-07, 4.05052560382e-07, 1.06204566919e-07, 9.29986114784e-08, 1.09149459604e-06, 1.47619130075e-06, 2.86338178057e-07, 1.38252374882e-07, 1.03413071884e-07, 3.27092131158e-08, 1.95193319286e-08, 8.19187029322e-09, 9.97697036098e-09, 2.3949311867e-08, 1.79336208106e-08, 4.65644234282e-09, 2.05768113659e-09, 9.05083785696e-10, 4.74972283726e-10, 3.60902835395e-10, 1.94897431527e-10, 3.58465646055e-10, 1.37469979844e-10, 1.10135914277e-10, 7.11744274629e-11, 7.1144853897e-11, 3.95436010325e-11, 4.73327731176e-11, 5.93240179203e-11, 4.29080000697e-11, 2.76454241444e-11, 1.87973941967e-11, 1.36035228221e-11, 6.96722670876e-12, 3.27905953258e-12, 1.64082809839e-12]}, "melbands_crest": {"dmean": 3.45804238319, "dmean2": 5.50970554352, "dvar": 8.97185134888, "dvar2": 21.8438262939, "max": 39.4179534912, "mean": 12.9061346054, "median": 12.1620941162, "min": 1.72422349453, "var": 24.6170864105}, "melbands_flatness_db": {"dmean": 0.0294938478619, "dmean2": 0.0435100793839, "dvar": 0.000847986084409, "dvar2": 0.00188360956963, "max": 0.467298656702, "mean": 0.159445911646, "median": 0.155154794455, "min": 0.00477378629148, "var": 0.00301897129975}, "melbands_kurtosis": {"dmean": 7.03274250031, "dmean2": 11.1301288605, "dvar": 375.396270752, "dvar2": 946.294433594, "max": 642.596984863, "mean": 10.6422138214, "median": 5.84909629822, "min": -1.93009209633, "var": 488.453613281}, "melbands_skewness": {"dmean": 0.794837832451, "dmean2": 1.1827455759, "dvar": 1.0111849308, "dvar2": 2.17209982872, "max": 23.9912796021, "mean": 2.28093075752, "median": 1.99031579494, "min": -2.07498550415, "var": 2.55514264107}, "melbands_spread": {"dmean": 10.5934867859, "dmean2": 15.6652164459, "dvar": 288.078491211, "dvar2": 552.667602539, "max": 300.206542969, "mean": 31.7935562134, "median": 25.1517696381, "min": 0.63980191946, "var": 810.796875}, "mfcc": {"cov": [[9631.359375, 158.604248047, -246.256637573, -3.37472248077, -123.804840088, 154.19758606, 2.26989293098, 104.399620056, -11.5175743103, 55.0662689209, 8.4287815094, -121.911460876, -60.4581298828], [158.604248047, 1234.69580078, -268.824768066, 5.21631097794, 20.1632080078, 34.4897117615, -51.7351646423, -21.3796443939, 29.9774398804, -12.875207901, 2.88545751572, 0.0199500247836, -4.85625314713], [-246.256637573, -268.824768066, 608.521057129, 74.1141433716, 6.09345960617, 20.2000198364, 53.8367767334, 1.8080009222, -23.2208766937, 14.3856658936, -0.684320032597, 15.2945547104, 5.86643314362], [-3.37472248077, 5.21631097794, 74.1141433716, 306.389068604, 89.5012512207, 16.3927783966, 8.39519309998, 9.75128555298, 4.11307525635, 3.01682782173, -8.96723365784, 29.8675174713, 12.4573230743], [-123.804840088, 20.1632080078, 6.09345960617, 89.5012512207, 218.572006226, 45.5222969055, -5.32685852051, -0.0846893563867, 35.9627990723, 10.3770093918, -2.80206108093, 32.2172775269, 3.63038444519], [154.19758606, 34.4897117615, 20.2000198364, 16.3927783966, 45.5222969055, 145.889190674, 71.2992782593, -1.08526575565, 14.5326900482, 9.24690151215, 17.7525653839, -5.77448368073, -4.66284656525], [2.26989293098, -51.7351646423, 53.8367767334, 8.39519309998, -5.32685852051, 71.2992782593, 161.739532471, 22.2272891998, -0.558042407036, 11.4029407501, 16.558719635, -4.46947431564, -2.3329577446], [104.399620056, -21.3796443939, 1.8080009222, 9.75128555298, -0.0846893563867, -1.08526575565, 22.2272891998, 97.3290328979, 16.2300624847, 7.27586555481, 7.79077005386, 1.54775619507, 6.34829044342], [-11.5175743103, 29.9774398804, -23.2208766937, 4.11307525635, 35.9627990723, 14.5326900482, -0.558042407036, 16.2300624847, 104.905960083, 26.5686130524, 7.96571969986, 13.1788473129, 5.24708509445], [55.0662689209, -12.875207901, 14.3856658936, 3.01682782173, 10.3770093918, 9.24690151215, 11.4029407501, 7.27586555481, 26.5686130524, 85.2007827759, 24.2577514648, -1.28663921356, 2.61087346077], [8.4287815094, 2.88545751572, -0.684320032597, -8.96723365784, -2.80206108093, 17.7525653839, 16.558719635, 7.79077005386, 7.96571969986, 24.2577514648, 70.4227828979, 10.5755119324, -0.235201314092], [-121.911460876, 0.0199500247836, 15.2945547104, 29.8675174713, 32.2172775269, -5.77448368073, -4.46947431564, 1.54775619507, 13.1788473129, -1.28663921356, 10.5755119324, 78.3928985596, 22.5579414368], [-60.4581298828, -4.85625314713, 5.86643314362, 12.4573230743, 3.63038444519, -4.66284656525, -2.3329577446, 6.34829044342, 5.24708509445, 2.61087346077, -0.235201314092, 22.5579414368, 62.6714820862]], "icov": [[0.000113691021397, -3.85488512222e-08, 4.87552970299e-05, -3.9343485696e-05, 0.00010718426347, -0.000207037272048, 0.000106752333522, -0.000156200680067, 4.7864188673e-05, -0.000100834426121, 4.59714356111e-05, 9.38957600738e-05, 7.76819506427e-05], [-3.85488512222e-08, 0.000931533402763, 0.000400634395191, -0.000124974336359, 8.52106386446e-05, -0.000438012910308, 0.00034081726335, 0.000150149440742, -0.000186155375559, 0.000125224847579, -4.65668636025e-05, -5.63987341593e-05, 4.99315028719e-05], [4.87552970299e-05, 0.000400634395191, 0.00197689142078, -0.00047385803191, 0.000190350896446, -0.000302319705952, -0.000379451579647, 6.99351367075e-05, 0.000452652398963, -0.00045824656263, 0.00026702255127, -0.000388251850381, 5.44313188584e-05], [-3.9343485696e-05, -0.000124974336359, -0.00047385803191, 0.00396970054135, -0.00158108922187, 0.000127415842144, -0.000224211777095, -0.000404354766943, 0.00047436991008, -0.000143259385368, 0.000641063961666, -0.000888872484211, -0.000370067427866], [0.00010718426347, 8.52106386446e-05, 0.000190350896446, -0.00158108922187, 0.00644199503586, -0.00265012006275, 0.00131359114312, -9.05535343918e-05, -0.00141924258787, -0.000632966868579, 0.00112104648724, -0.00219724141061, 0.000834465841763], [-0.000207037272048, -0.000438012910308, -0.000302319705952, 0.000127415842144, -0.00265012006275, 0.0108441673219, -0.00492119882256, 0.00164891092572, -0.00109285616782, 0.000788489822298, -0.00223142048344, 0.00182659423444, -0.000227764787269], [0.000106752333522, 0.00034081726335, -0.000379451579647, -0.000224211777095, 0.00131359114312, -0.00492119882256, 0.00903737917542, -0.00217160605825, 0.000668552413117, -0.0006864539464, -0.00046120933257, -0.000184092816198, 0.000360785983503], [-0.000156200680067, 0.000150149440742, 6.99351367075e-05, -0.000404354766943, -9.05535343918e-05, 0.00164891092572, -0.00217160605825, 0.0115082515404, -0.00200663995929, 0.000272716861218, -0.00117529521231, 0.000560378655791, -0.00123332964722], [4.7864188673e-05, -0.000186155375559, 0.000452652398963, 0.00047436991008, -0.00141924258787, -0.00109285616782, 0.000668552413117, -0.00200663995929, 0.0117136016488, -0.00360177829862, 0.000518790388014, -0.00168404961005, -9.84151483863e-05], [-0.000100834426121, 0.000125224847579, -0.00045824656263, -0.000143259385368, -0.000632966868579, 0.000788489822298, -0.0006864539464, 0.000272716861218, -0.00360177829862, 0.0145861897618, -0.00504252733663, 0.00208835396916, -0.00105075386818], [4.59714356111e-05, -4.65668636025e-05, 0.00026702255127, 0.000641063961666, 0.00112104648724, -0.00223142048344, -0.00046120933257, -0.00117529521231, 0.000518790388014, -0.00504252733663, 0.0173724573106, -0.00375272147357, 0.00134182698093], [9.38957600738e-05, -5.63987341593e-05, -0.000388251850381, -0.000888872484211, -0.00219724141061, 0.00182659423444, -0.000184092816198, 0.000560378655791, -0.00168404961005, 0.00208835396916, -0.00375272147357, 0.0167345926166, -0.00548473000526], [7.76819506427e-05, 4.99315028719e-05, 5.44313188584e-05, -0.000370067427866, 0.000834465841763, -0.000227764787269, 0.000360785983503, -0.00123332964722, -9.84151483863e-05, -0.00105075386818, 0.00134182698093, -0.00548473000526, 0.0182077884674]], "mean": [-648.448486328, 100.043609619, 8.82115936279, 13.9846582413, -7.07253217697, 9.02408885956, -1.18745315075, 6.08414077759, 2.60999369621, 4.07765007019, 1.37425982952, -0.139876693487, 0.386339575052]}, "pitch_salience": {"dmean": 0.0792266130447, "dmean2": 0.12554050982, "dvar": 0.00539453327656, "dvar2": 0.0132389869541, "max": 0.98766875267, "mean": 0.581327259541, "median": 0.591239929199, "min": 0.0358077436686, "var": 0.0127506759018}, "silence_rate_20dB": {"dmean": 0, "dmean2": 0, "dvar": 0, "dvar2": 0, "max": 1, "mean": 1, "median": 1, "min": 1, "var": 0}, "silence_rate_30dB": {"dmean": 0.0114905145019, "dmean2": 0.0229835212231, "dvar": 0.011358436197, "dvar2": 0.0309114549309, "max": 1, "mean": 0.99219596386, "median": 1, "min": 0, "var": 0.00774321844801}, "silence_rate_60dB": {"dmean": 0.0509485080838, "dmean2": 0.101908065379, "dvar": 0.0483510531485, "dvar2": 0.104526273906, "max": 1, "mean": 0.130067199469, "median": 0, "min": 0, "var": 0.113140486181}, "spectral_centroid": {"dmean": 319.116485596, "dmean2": 472.048400879, "dvar": 151830.265625, "dvar2": 313014.875, "max": 11771.6992188, "mean": 1610.60339355, "median": 1443.86047363, "min": 275.611297607, "var": 694214.9375}, "spectral_complexity": {"dmean": 4.54048776627, "dmean2": 6.71877717972, "dvar": 28.2168426514, "dvar2": 57.7964363098, "max": 56, "mean": 17.9632568359, "median": 17, "min": 0, "var": 114.228050232}, "spectral_contrast_coeffs": {"dmean": [0.0565965920687, 0.0504653267562, 0.0427570901811, 0.0362156294286, 0.0263533778489, 0.0221822019666], "dmean2": [0.0932572707534, 0.0802855268121, 0.0670133978128, 0.0559895522892, 0.0404246747494, 0.0346869975328], "dvar": [0.00250319368206, 0.00175142695662, 0.00143761734944, 0.00101830682252, 0.000550417345949, 0.000467025645776], "dvar2": [0.00666437856853, 0.00408646091819, 0.00303902546875, 0.00221126480028, 0.00120630010497, 0.00106830813456], "max": [-0.375526309013, -0.423698842525, -0.398714244366, -0.488365381956, -0.580441832542, -0.590429842472], "mean": [-0.698588609695, -0.74978274107, -0.768333375454, -0.7840077281, -0.79481446743, -0.756173491478], "median": [-0.708488225937, -0.758571624756, -0.786929190159, -0.792778611183, -0.800642609596, -0.752937138081], "min": [-0.982044935226, -0.977522671223, -0.993445694447, -0.989533483982, -0.969258069992, -0.963816761971], "var": [0.00616007717326, 0.00625787023455, 0.00703182024881, 0.00398586271331, 0.00223867362365, 0.00173425767571]}, "spectral_contrast_valleys": {"dmean": [0.518473386765, 0.452678740025, 0.444837927818, 0.445807814598, 0.411507040262, 0.398233652115], "dmean2": [0.785436630249, 0.690921127796, 0.6600304842, 0.638875603676, 0.567686736584, 0.495768100023], "dvar": [0.237343296409, 0.192202821374, 0.207263022661, 0.214300081134, 0.21047103405, 0.229670032859], "dvar2": [0.470775395632, 0.392435342073, 0.397817581892, 0.396079003811, 0.424394190311, 0.424676924944], "max": [-5.09318113327, -4.56138896942, -5.21337604523, -5.5184841156, -5.81479978561, -7.69300270081], "mean": [-7.52065753937, -6.85626411438, -7.35030412674, -7.91319942474, -7.78098726273, -9.91611385345], "median": [-7.28186607361, -6.57639026642, -7.06833744049, -7.65616703033, -7.56317138672, -9.62871551514], "min": [-27.5902576447, -27.968372345, -27.5880069733, -27.5749206543, -27.4415378571, -27.3758544922], "var": [2.28541088104, 2.20163488388, 2.22564172745, 2.2319355011, 2.16539001465, 2.18012785912]}, "spectral_decrease": {"dmean": 2.86638113245e-09, "dmean2": 4.18749834807e-09, "dvar": 2.1694679338e-17, "dvar2": 4.6584797087e-17, "max": 1.3631680387e-28, "mean": -5.55971846339e-09, "median": -3.42713102341e-09, "min": -4.56323618891e-08, "var": 3.884415672e-17}, "spectral_energy": {"dmean": 0.0113647794351, "dmean2": 0.0164903439581, "dvar": 0.000330946932081, "dvar2": 0.000706303457264, "max": 0.179029405117, "mean": 0.0228831321001, "median": 0.0144089292735, "min": 1.01999100112e-20, "var": 0.000622663879767}, "spectral_energyband_high": {"dmean": 0.000463022734039, "dmean2": 0.000647249049507, "dvar": 4.90426145916e-07, "dvar2": 9.92323293758e-07, "max": 0.0183820668608, "mean": 0.00116165657528, "median": 0.000724417273887, "min": 7.15392564983e-21, "var": 1.72795546405e-06}, "spectral_energyband_low": {"dmean": 0.00631735660136, "dmean2": 0.00969508476555, "dvar": 0.000163623597473, "dvar2": 0.000350658956449, "max": 0.141054287553, "mean": 0.00770367495716, "median": 0.00233982619829, "min": 2.45254299524e-23, "var": 0.000202890543733}, "spectral_energyband_middle_high": {"dmean": 0.00181243417319, "dmean2": 0.00256511196494, "dvar": 1.03098682303e-05, "dvar2": 1.90801838471e-05, "max": 0.0761184319854, "mean": 0.00488108675927, "median": 0.00281723309308, "min": 1.30113702916e-21, "var": 4.0850318328e-05}, "spectral_energyband_middle_low": {"dmean": 0.00587733369321, "dmean2": 0.00924617797136, "dvar": 0.000110522429168, "dvar2": 0.000275241240161, "max": 0.125949621201, "mean": 0.0101276859641, "median": 0.0056506996043, "min": 1.80367404046e-22, "var": 0.00017793024017}, "spectral_entropy": {"dmean": 0.181472748518, "dmean2": 0.251337200403, "dvar": 0.0377800092101, "dvar2": 0.0757020190358, "max": 9.82127761841, "mean": 7.8421163559, "median": 7.88828849792, "min": 5.94252920151, "var": 0.153003975749}, "spectral_flux": {"dmean": 0.0314870104194, "dmean2": 0.0480470508337, "dvar": 0.00159557338338, "dvar2": 0.00317783630453, "max": 0.383666694164, "mean": 0.0857532098889, "median": 0.0697557032108, "min": 6.46806427862e-11, "var": 0.00363277387805}, "spectral_kurtosis": {"dmean": 1.14215219021, "dmean2": 1.82381308079, "dvar": 4.04196453094, "dvar2": 10.5653295517, "max": 39.4046707153, "mean": 3.15803480148, "median": 2.70689320564, "min": -1.27699398994, "var": 6.07215261459}, "spectral_rms": {"dmean": 0.0010475438321, "dmean2": 0.00144932523835, "dvar": 1.80091944912e-06, "dvar2": 3.54092640009e-06, "max": 0.0132160065696, "mean": 0.00409864448011, "median": 0.00374933215789, "min": 3.15454151516e-12, "var": 5.52609071747e-06}, "spectral_rolloff": {"dmean": 778.335998535, "dmean2": 1226.76074219, "dvar": 1684815.875, "dvar2": 3276210.25, "max": 19659.8144531, "mean": 2090.44189453, "median": 1378.125, "min": 21.533203125, "var": 4830749}, "spectral_skewness": {"dmean": 0.206025376916, "dmean2": 0.315335631371, "dvar": 0.0632857233286, "dvar2": 0.152642443776, "max": 5.14729166031, "mean": 1.3629578352, "median": 1.33107948303, "min": -0.105031587183, "var": 0.170781761408}, "spectral_spread": {"dmean": 707999.625, "dmean2": 988573.3125, "dvar": 865079656448, "dvar2": 1661924147200.0, "max": 43020444, "mean": 5702070, "median