{"lowlevel": {"average_loudness": 0.957199752331, "barkbands": {"dmean": [0.000394848233555, 0.00383947626688, 0.00262980861589, 0.00155897205696, 0.00273738638498, 0.00149924156722, 0.000903346866835, 0.00172109622508, 0.00131244782824, 0.000919093319681, 0.000394651695387, 0.000462477910332, 0.000545459392015, 0.000407470070058, 0.00038911489537, 0.000295214995276, 0.000264234346105, 0.000151919244672, 0.000113770569442, 7.61471019359e-05, 7.88553370512e-05, 6.77996213199e-05, 4.81256029161e-05, 3.13614800689e-05, 2.29115503316e-05, 2.04955922527e-05, 4.67082054456e-06], "dmean2": [0.00050737784477, 0.00626946473494, 0.00474073784426, 0.00272888271138, 0.00458649080247, 0.00239184428938, 0.00146436213981, 0.00273220147938, 0.00211637793109, 0.00146554142702, 0.000649582012556, 0.000759332440794, 0.000872010365129, 0.000653709343169, 0.000635347561911, 0.000481084338389, 0.00042900283006, 0.000251753168413, 0.000187159181223, 0.000123343226733, 0.000123456426081, 0.000105046223325, 7.5199692219e-05, 4.83709918626e-05, 3.42627135979e-05, 3.06401307171e-05, 7.67699657445e-06], "dvar": [3.95411063892e-07, 6.02562031418e-05, 3.3273754525e-05, 5.72324552195e-06, 2.47035295615e-05, 5.86325359109e-06, 2.22008134187e-06, 1.04592118078e-05, 6.21591925665e-06, 3.24666439155e-06, 3.94481844523e-07, 4.27888238619e-07, 1.17437298286e-06, 5.81889082696e-07, 6.5372842073e-07, 2.58500904238e-07, 1.31722089236e-07, 3.86759957394e-08, 1.97838794236e-08, 1.11303188888e-08, 1.32791395657e-08, 1.0853272947e-08, 6.93243906724e-09, 3.87464682561e-09, 1.90709936732e-09, 1.13062770257e-09, 5.9603176561e-11], "dvar2": [6.26362691492e-07, 0.000152840191731, 9.57396332524e-05, 1.62521118909e-05, 6.59982324578e-05, 1.50440182551e-05, 5.56681879971e-06, 2.48219384957e-05, 1.50135610966e-05, 7.78782305133e-06, 1.01325110791e-06, 1.07848245534e-06, 2.92510958388e-06, 1.37292011004e-06, 1.65404469499e-06, 6.34773414276e-07, 3.19214223055e-07, 9.67192974599e-08, 5.10906943418e-08, 2.6912772455e-08, 2.97721545195e-08, 2.44041871156e-08, 1.54312065348e-08, 8.26975554702e-09, 4.16708045847e-09, 2.3682344974e-09, 1.45382955674e-10], "max": [0.00723052863032, 0.0643775314093, 0.0597646385431, 0.0284018181264, 0.0598365627229, 0.0416554696858, 0.0315132439137, 0.051883675158, 0.0519351661205, 0.0664268881083, 0.0210612863302, 0.0163413695991, 0.0261171087623, 0.0145571446046, 0.0158726386726, 0.0122655248269, 0.00776973273605, 0.00546653801575, 0.00338877807371, 0.00231014913879, 0.00180358707439, 0.00212922901846, 0.0017524958821, 0.00201883958653, 0.00112304592039, 0.000521490117535, 0.000104728496808], "mean": [0.000657652853988, 0.00503637455404, 0.00331262708642, 0.00251235044561, 0.0047571756877, 0.00307850283571, 0.00165311805904, 0.0029763947241, 0.00249310629442, 0.00174525764305, 0.000694007845595, 0.000829366908874, 0.00101052899845, 0.000709070591256, 0.000674143375363, 0.000621084531303, 0.000589019269682, 0.000361944170436, 0.000299636740237, 0.000201383940293, 0.000216090571485, 0.000191008322872, 0.000130543136038, 8.57077830005e-05, 6.295809726e-05, 4.99266388942e-05, 6.95081507729e-06], "median": [0.00015130295651, 0.00240922672674, 0.00195409054868, 0.00183598627336, 0.00319675868377, 0.00203575287014, 0.00114965240937, 0.00118412682787, 0.00132711348124, 0.00103202811442, 0.000456126464996, 0.000607228372246, 0.000516827858519, 0.000383336009691, 0.000306260655634, 0.000453891349025, 0.000439008028479, 0.000293232558761, 0.000234686376643, 0.000155449844897, 0.000147943515913, 0.000138949981192, 9.10849339562e-05, 5.9688311012e-05, 4.49663093605e-05, 2.91067553917e-05, 3.2021403058e-06], "min": [4.40992674235e-13, 3.82465597821e-13, 1.81431692586e-13, 4.97241882543e-14, 3.24739367341e-13, 3.8316409507e-13, 1.73253382127e-12, 3.0920715207e-12, 2.30674442221e-12, 2.29998984268e-12, 4.50235335125e-13, 4.38666464264e-13, 1.05990856283e-12, 1.66786994372e-12, 1.01339639805e-12, 4.53877647272e-12, 2.69610137167e-12, 2.84376363603e-12, 3.1148686061e-12, 3.92404468294e-12, 2.16451856438e-12, 1.91267986692e-12, 3.7191178956e-12, 4.58060325781e-12, 3.35311509461e-12, 3.29977581717e-12, 4.5807485409e-12], "var": [1.04986156657e-06, 6.19603597443e-05, 2.41667821683e-05, 6.27805229669e-06, 3.13167947752e-05, 1.21149523693e-05, 3.54940607394e-06, 2.49438471656e-05, 1.65405817825e-05, 7.85699648986e-06, 7.70110148096e-07, 7.68109032379e-07, 3.16924092658e-06, 1.15880925478e-06, 1.20043887364e-06, 4.92408275932e-07, 3.55771334171e-07, 8.77185755144e-08, 6.49611493486e-08, 3.55885418912e-08, 4.94877383517e-08, 3.17891668544e-08, 1.7312638434e-08, 9.54145562559e-09, 4.53678250523e-09, 3.24182591882e-09, 9.47291411979e-11]}, "barkbands_crest": {"dmean": 2.31529474258, "dmean2": 3.79477119446, "dvar": 4.84407281876, "dvar2": 12.5808181763, "max": 24.7897071838, "mean": 7.5561413765, "median": 6.83305835724, "min": 2.18701529503, "var": 8.93526363373}, "barkbands_flatness_db": {"dmean": 0.0145308775827, "dmean2": 0.02301062271, "dvar": 0.000199876798433, "dvar2": 0.000490274396725, "max": 0.312119066715, "mean": 0.0919717848301, "median": 0.0891668051481, "min": 0.0262945853174, "var": 0.000698145711794}, "barkbands_kurtosis": {"dmean": 1.37128305435, "dmean2": 2.23447799683, "dvar": 3.50291252136, "dvar2": 8.34593772888, "max": 56.3121643066, "mean": 1.842918396, "median": 1.29167819023, "min": -1.69941067696, "var": 7.54494047165}, "barkbands_skewness": {"dmean": 0.368587613106, "dmean2": 0.593870580196, "dvar": 0.138481333852, "dvar2": 0.346655517817, "max": 6.94754743576, "mean": 1.26023328304, "median": 1.22680079937, "min": -1.86779236794, "var": 0.393281131983}, "barkbands_spread": {"dmean": 3.79132390022, "dmean2": 5.96129369736, "dvar": 13.2560815811, "dvar2": 31.6379508972, "max": 71.9029388428, "mean": 22.517244339, "median": 21.6365413666, "min": 1.92240059376, "var": 57.5830955505}, "dissonance": {"dmean": 0.0151292271912, "dmean2": 0.0258123930544, "dvar": 0.000200005189981, "dvar2": 0.000548460695427, "max": 0.5, "mean": 0.473004639149, "median": 0.477093666792, "min": 0.154903039336, "var": 0.000398078322178}, "dynamic_complexity": 2.30052757263, "erbbands": {"dmean": [0.128033265471, 0.905635356903, 2.64090633392, 4.39534854889, 8.34151363373, 8.51088047028, 13.0428171158, 11.3280382156, 13.4999656677, 16.5470104218, 39.8861808777, 33.2726516724, 26.6582565308, 22.9457893372, 16.1198043823, 20.6609611511, 24.8277683258, 19.4772701263, 23.3351230621, 13.5238466263, 14.504904747, 12.0624332428, 8.53361988068, 6.34700489044, 4.88951730728, 3.5835814476, 2.67872524261, 3.50076055527, 2.43862485886, 1.9929792881, 1.22654104233, 0.841664612293, 0.464043617249, 0.278743863106, 0.16938072443, 0.0848772451282, 0.0409510619938, 0.00967557914555, 0.000837733154185, 2.45203245868e-05], "dmean2": [0.194339796901, 1.57540035248, 4.78624105453, 7.7510061264, 14.0029315948, 14.5428686142, 21.1227302551, 18.3659687042, 21.4961967468, 26.7957820892, 62.8301887512, 53.6070175171, 42.0207901001, 36.8650360107, 26.5591602325, 33.6588096619, 39.5926208496, 31.1386756897, 37.7970123291, 22.2039413452, 23.7775325775, 19.5076904297, 14.086356163, 10.4637155533, 7.98385620117, 5.81719207764, 4.30004549026, 5.44576978683, 3.79834508896, 3.15341663361, 1.88901400566, 1.30836641788, 0.714466571808, 0.419808387756, 0.257726550102, 0.128003045917, 0.0628284439445, 0.0148975588381, 0.0014021967072, 3.91672474507e-05], "dvar": [0.0518509596586, 4.11668395996, 36.5148391724, 60.5577774048, 264.13671875, 241.243637085, 545.10925293, 342.33380127, 437.977416992, 1360.06555176, 5719.18212891, 4298.68896484, 3357.54833984, 1551.82653809, 552.186401367, 829.68359375, 2601.05541992, 1380.70507813, 2370.85986328, 750.272827148, 390.954345703, 263.514526367, 121.324630737, 52.4695472717, 45.0011711121, 25.0652675629, 16.6286830902, 26.4196338654, 13.1466808319, 11.2764434814, 4.94846439362, 2.86947154999, 0.684919118881, 0.27696827054, 0.0963960140944, 0.0179696027189, 0.00468237372115, 0.000260992819676, 2.07663015317e-06, 1.12270626129e-09], "dvar2": [0.113714568317, 11.1604766846, 104.449409485, 172.886138916, 681.760498047, 659.469055176, 1384.04748535, 887.468139648, 1064.59191895, 3327.66796875, 13356.8701172, 10663.8525391, 7684.04736328, 3738.85888672, 1481.4588623, 2097.88305664, 6544.07910156, 3106.2902832, 5988.77539063, 1953.56933594, 985.778625488, 637.192871094, 303.948059082, 139.492263794, 111.400657654, 61.1265640259, 38.7765617371, 58.5848503113, 30.1803226471, 25.9046783447, 10.5522851944, 6.12486743927, 1.4702180624, 0.602318823338, 0.218017295003, 0.0385469868779, 0.0102600604296, 0.000575196521822, 5.19714876646e-06, 2.66072897048e-09], "max": [1.90763306618, 15.2884368896, 61.2449417114, 78.6929321289, 207.34046936, 217.239257813, 548.391296387, 326.369110107, 552.054016113, 591.885559082, 1428.53430176, 1425.18688965, 2428.90942383, 1311.31982422, 465.425506592, 658.699279785, 1358.9609375, 762.197509766, 947.306213379, 634.929016113, 549.031433105, 390.442749023, 256.482788086, 112.170173645, 206.088150024, 132.276260376, 89.1378173828, 97.0262908936, 64.6452560425, 91.3853607178, 59.0499916077, 47.2854957581, 23.5983810425, 12.7625598907, 8.80805015564, 2.00845432281, 0.96793794632, 0.235332563519, 0.0224837418646, 0.000445520126959], "mean": [0.182019963861, 0.998481452465, 3.23879384995, 7.29787969589, 12.4756364822, 14.1315698624, 24.1694145203, 22.5803508759, 27.4242115021, 28.9003372192, 71.6999511719, 65.5237121582, 52.868927002, 44.6503639221, 31.9438896179, 39.6654090881, 48.2657966614, 37.7194595337, 43.6065864563, 28.9500389099, 34.6199798584, 29.9064273834, 22.1811981201, 17.1487960815, 13.1146287918, 9.60123252869, 7.43141365051, 9.49525928497, 6.86937427521, 5.34794855118, 3.34878778458, 2.17303609848, 1.25663113594, 0.749360382557, 0.431037694216, 0.213667094707, 0.0914319977164, 0.0197866410017, 0.00111756066326, 6.6243672336e-05], "median": [0.0655532553792, 0.51219201088, 1.77349328995, 5.82259178162, 7.53931522369, 9.40707778931, 13.4114189148, 13.5258808136, 18.5185470581, 15.2897377014, 31.1141853333, 34.8693847656, 32.1777572632, 26.9285240173, 22.4707126617, 28.3075561523, 27.3443260193, 21.7702865601, 20.3702316284, 17.905008316, 26.7808856964, 23.6676158905, 18.2942504883, 13.7412929535, 10.4308156967, 7.5322766304, 5.34105014801, 6.57629299164, 5.04473781586, 3.72990512848, 2.26980185509, 1.46801948547, 0.883752942085, 0.548418283463, 0.286709010601, 0.130395621061, 0.0509808659554, 0.0108412969857, 0.000447432830697, 5.67017013964e-05], "min": [2.55431543972e-11, 3.61712257368e-11, 2.07274628017e-10, 1.28830834889e-10, 3.30253879799e-10, 1.51904766543e-09, 2.3504524993e-09, 3.47247053334e-09, 1.57866235639e-08, 4.5234930468e-08, 6.87939376576e-08, 4.91922484969e-08, 7.12900884992e-08, 5.00712964424e-08, 2.59742343189e-08, 1.50272896349e-08, 4.80952131454e-08, 9.65961675092e-08, 4.18170067462e-08, 1.36093589731e-07, 2.32722157989e-07, 1.60042944231e-07, 1.64075544262e-07, 1.46838218029e-07, 2.02636712743e-07, 1.6981711326e-07, 1.13545276292e-07, 7.22272446296e-08, 7.6017244055e-08, 1.37191278782e-07, 7.4404979955e-08, 6.87680170586e-08, 8.7988382802e-08, 3.89479168916e-08, 2.49547760234e-08, 1.11958238236e-08, 6.66396671178e-09, 3.47556028402e-09, 6.87365442342e-10, 5.58319362964e-11], "var": [0.0792653113604, 3.10088968277, 26.0169277191, 54.7410888672, 297.746063232, 289.600830078, 1089.37585449, 730.11126709, 969.703430176, 2578.13085938, 13729.5136719, 10859.5644531, 6997.71679688, 4757.16357422, 1219.10681152, 1695.70288086, 6446.43457031, 2829.85742188, 4772.67236328, 1512.00964355, 1000.95385742, 728.837341309, 297.581207275, 176.994979858, 139.140197754, 78.3137283325, 56.0280227661, 96.0383911133, 39.1666374207, 29.3481864929, 12.2286472321, 6.72932004929, 1.79419708252, 0.633266568184, 0.232949063182, 0.0542271733284, 0.0117085194215, 0.000597271544393, 2.86856447929e-06, 2.17461093577e-09]}, "erbbands_crest": {"dmean": 2.24199295044, "dmean2": 3.6519446373, "dvar": 4.62517976761, "dvar2": 11.8268451691, "max": 30.114616394, "mean": 7.59636354446, "median": 6.5585269928, "min": 2.44364476204, "var": 13.1879453659}, "erbbands_flatness_db": {"dmean": 0.0121448962018, "dmean2": 0.0182013176382, "dvar": 0.000132835251861, "dvar2": 0.000270105956588, "max": 0.326425462961, "mean": 0.134886339307, "median": 0.130324795842, "min": 0.0463634878397, "var": 0.000985910184681}, "erbbands_kurtosis": {"dmean": 0.505772531033, "dmean2": 0.822553396225, "dvar": 0.565966367722, "dvar2": 1.49651610851, "max": 22.9999580383, "mean": 0.0762641578913, "median": -0.208447813988, "min": -1.4120029211, "var": 1.2812949419}, "erbbands_skewness": {"dmean": 0.25637331605, "dmean2": 0.410345941782, "dvar": 0.0533138625324, "dvar2": 0.134057581425, "max": 4.2739572525, "mean": 0.381052166224, "median": 0.366375476122, "min": -1.57710051537, "var": 0.218259885907}, "erbbands_spread": {"dmean": 5.32473802567, "dmean2": 8.41992473602, "dvar": 25.8603744507, "dvar2": 58.5510177612, "max": 99.6964874268, "mean": 35.3865203857, "median": 34.6013946533, "min": 5.23911046982, "var": 118.731185913}, "gfcc": {"cov": [[4046.65087891, 444.766174316, 777.117370605, 49.4362373352, 13.9848546982, -96.5746841431, -209.121994019, -244.525421143, -30.3162956238, 78.7949295044, -93.9115219116, 15.0383787155, -96.6337509155], [444.766174316, 653.480895996, 123.860870361, 168.970794678, 57.3590316772, 6.02070236206, 3.94449973106, -37.8278961182, 45.1662483215, -68.5969314575, 60.148727417, -47.3904647827, 22.7882442474], [777.117370605, 123.860870361, 565.87890625, -10.1661748886, 97.0945053101, -23.7635784149, -30.4999256134, -50.8614578247, -33.0177307129, 59.4410705566, -32.3011894226, 62.319606781, -58.2306671143], [49.4362373352, 168.970794678, -10.1661748886, 270.432098389, 6.702729702, 38.1138038635, -2.86854672432, -9.87423801422, 20.9521179199, -46.132724762, 44.4142150879, -27.8051872253, 38.8427429199], [13.9848546982, 57.3590316772, 97.0945053101, 6.702729702, 188.554885864, 41.6385383606, 53.4917793274, 50.6192970276, 10.1563558578, 13.089673996, -8.13628005981, 17.13621521, -13.3640995026], [-96.5746841431, 6.02070236206, -23.7635784149, 38.1138038635, 41.6385383606, 106.978218079, 51.8055000305, 37.5036087036, 12.4480266571, -6.7899646759, 13.3845052719, -2.10742926598, 9.05714893341], [-209.121994019, 3.94449973106, -30.4999256134, -2.86854672432, 53.4917793274, 51.8055000305, 102.987297058, 68.1884384155, 16.0155181885, 1.87552189827, 12.0176668167, 0.496603429317, -4.95080947876], [-244.525421143, -37.8278961182, -50.8614578247, -9.87423801422, 50.6192970276, 37.5036087036, 68.1884384155, 118.115722656, 31.1513938904, 6.2559299469, 4.42700433731, -0.0948445275426, -4.28692531586], [-30.3162956238, 45.1662483215, -33.0177307129, 20.9521179199, 10.1563558578, 12.4480266571, 16.0155181885, 31.1513938904, 75.885017395, 18.9036464691, 7.83012533188, -23.4757785797, 6.93682289124], [78.7949295044, -68.5969314575, 59.4410705566, -46.132724762, 13.089673996, -6.7899646759, 1.87552189827, 6.2559299469, 18.9036464691, 77.5850753784, 4.54185056686, 16.3301334381, -21.3071613312], [-93.9115219116, 60.148727417, -32.3011894226, 44.4142150879, -8.13628005981, 13.3845052719, 12.0176668167, 4.42700433731, 7.83012533188, 4.54185056686, 70.3497543335, 13.5326881409, 13.4951572418], [15.0383787155, -47.3904647827, 62.319606781, -27.8051872253, 17.13621521, -2.10742926598, 0.496603429317, -0.0948445275426, -23.4757785797, 16.3301334381, 13.5326881409, 64.1792831421, 9.01641082764], [-96.6337509155, 22.7882442474, -58.2306671143, 38.8427429199, -13.3640995026, 9.05714893341, -4.95080947876, -4.28692531586, 6.93682289124, -21.3071613312, 13.4951572418, 9.01641082764, 58.1776580811]], "icov": [[0.000431846041465, -0.000354548741598, -0.000330276816385, -0.000125152961118, 0.000184969743714, -0.000235816434724, 0.000535679864697, 0.000335945776897, -2.60763372353e-05, -0.000532853067853, 0.000764286320191, -0.000252598983934, 0.000428517843829], [-0.000354548741598, 0.00377177400514, -0.00151100941002, 5.80169980822e-05, -0.00152680161409, 0.00129683385603, -0.00123277492821, 0.00139341584872, -0.0027540193405, 0.00495083630085, -0.00521109765396, 0.00385346426629, -0.00141912279651], [-0.000330276816385, -0.00151100941002, 0.00441080192104, -0.0011678673327, -0.000881019688677, -0.000160783194588, 0.000365906889783, 0.000734409200959, 0.00104707735591, -0.00322939222679, 0.00389844784513, -0.00575385708362, 0.0038255744148], [-0.000125152961118, 5.80169980822e-05, -0.0011678673327, 0.00634290836751, -0.000687560357619, -0.00161559449043, 0.00119899888523, 4.32762954006e-06, -0.000832046091091, 0.00333928898908, -0.00502214673907, 0.00449286075309, -0.00364764453843], [0.000184969743714, -0.00152680161409, -0.000881019688677, -0.000687560357619, 0.00861297734082, -0.00200804206543, -0.00205339770764, -0.00250098342076, 0.000326131179463, -0.00189523014706, 0.00395757099614, -0.00338042271324, 0.00128748861607], [-0.000235816434724, 0.00129683385603, -0.000160783194588, -0.00161559449043, -0.00200804206543, 0.0142273372039, -0.00643350044265, -0.00015844173322, -0.000544900947716, 0.00156182562932, -0.00223230547272, 0.00172316539101, -0.00232954253443], [0.000535679864697, -0.00123277492821, 0.000365906889783, 0.00119899888523, -0.00205339770764, -0.00643350044265, 0.0209068227559, -0.00828391406685, 0.0011130401399, -0.000684148108121, -0.00142753077671, -0.000193796455278, 0.00261486205272], [0.000335945776897, 0.00139341584872, 0.000734409200959, 4.32762954006e-06, -0.00250098342076, -0.00015844173322, -0.00828391406685, 0.0177516154945, -0.00746601214632, 0.00278242817149, 0.000251272373134, -0.00293609662913, 0.00310367927887], [-2.60763372353e-05, -0.0027540193405, 0.00104707735591, -0.000832046091091, 0.000326131179463, -0.000544900947716, 0.0011130401399, -0.00746601214632, 0.025448679924, -0.0137072326615, 0.0013187113218, 0.0100533282384, -0.00757521158084], [-0.000532853067853, 0.00495083630085, -0.00322939222679, 0.00333928898908, -0.00189523014706, 0.00156182562932, -0.000684148108121, 0.00278242817149, -0.0137072326615, 0.0285061076283, -0.0101725161076, -0.00202546454966, 0.00593026541173], [0.000764286320191, -0.00521109765396, 0.00389844784513, -0.00502214673907, 0.00395757099614, -0.00223230547272, -0.00142753077671, 0.000251272373134, 0.0013187113218, -0.0101725161076, 0.0283921435475, -0.0145145701244, 0.00350007228553], [-0.000252598983934, 0.00385346426629, -0.00575385708362, 0.00449286075309, -0.00338042271324, 0.00172316539101, -0.000193796455278, -0.00293609662913, 0.0100533282384, -0.00202546454966, -0.0145145701244, 0.0365045778453, -0.0161965563893], [0.000428517843829, -0.00141912279651, 0.0038255744148, -0.00364764453843, 0.00128748861607, -0.00232954253443, 0.00261486205272, 0.00310367927887, -0.00757521158084, 0.00593026541173, 0.00350007228553, -0.0161965563893, 0.030603857711]], "mean": [45.7685775757, 85.2989196777, -119.23765564, 23.040561676, -58.300365448, 14.444729805, -36.3165206909, 10.8108997345, -22.7825527191, 2.09989500046, -21.3039112091, 3.94767141342, -14.3970651627]}, "hfc": {"dmean": 4.69788694382, "dmean2": 7.17366075516, "dvar": 31.7082042694, "dvar2": 66.5475540161, "max": 94.3342666626, "mean": 25.1426963806, "median": 22.9997997284, "min": 3.36584662364e-07, "var": 169.646240234}, "melbands": {"dmean": [0.00104873219971, 0.00129589869175, 0.000827181152999, 0.000614631455392, 0.00042051950004, 0.000260430359049, 0.000199337533559, 0.000214882922592, 0.000313429627568, 0.000204306808882, 0.000134797548526, 9.94598522084e-05, 5.2070034144e-05, 5.27144802618e-05, 5.52382080059e-05, 4.93378320243e-05, 3.8929611037e-05, 4.06243016187e-05, 2.23721926886e-05, 2.21173158934e-05, 1.86621491594e-05, 1.4076905245e-05, 1.24704738482e-05, 6.82792369844e-06, 5.73700208406e-06, 4.49002391179e-06, 3.35803247253e-06, 2.49826348409e-06, 1.7466910549e-06, 2.1541550268e-06, 2.23585652748e-06, 1.60759725532e-06, 1.30116211494e-06, 1.16522824101e-06, 7.73341128024e-07, 7.01578755979e-07, 5.03920205119e-07, 3.64201468983e-07, 3.07139600864e-07, 2.34955848555e-07], "dmean2": [0.00165494717658, 0.00231085834093, 0.0014372341102, 0.00104328326415, 0.000685070815962, 0.000419312738813, 0.000317117548548, 0.00034711859189, 0.000491336570121, 0.000331399409333, 0.000212408034713, 0.000159256815095, 8.58443236211e-05, 8.68501956575e-05, 8.90711089596e-05, 7.86358068581e-05, 6.23658925178e-05, 6.56544798403e-05, 3.66581589333e-05, 3.60528574674e-05, 3.07902409986e-05, 2.28338358284e-05, 2.04633524845e-05, 1.14084414236e-05, 9.51797028392e-06, 7.37894561098e-06, 5.46548881175e-06, 4.10208849644e-06, 2.85345140583e-06, 3.41783447766e-06, 3.50462937604e-06, 2.54766518992e-06, 2.07317611967e-06, 1.88858803085e-06, 1.2075321365e-06, 1.11411770831e-06, 7.97979907929e-07, 5.72911687868e-07, 4.73561044601e-07, 3.59065950306e-07], "dvar": [3.96798805014e-06, 8.80278366822e-06, 1.74154718025e-06, 1.48348328821e-06, 5.13219163167e-07, 1.73067206788e-07, 9.45717886225e-08, 2.10475562312e-07, 3.36448522376e-07, 1.65449691281e-07, 8.86544953005e-08, 3.09721919223e-08, 5.86338710917e-09, 5.14793452311e-09, 8.74395844619e-09, 1.0846736842e-08, 5.78813263985e-09, 7.30201943355e-09, 2.32861063765e-09, 2.03357553019e-09, 6.68652966329e-10, 3.97148036679e-10, 2.92425611503e-10, 7.26844348597e-11, 4.51263922063e-11, 4.01947676532e-11, 2.17606401648e-11, 1.1571924842e-11, 7.07552159224e-12, 1.0810726446e-11, 1.05635760556e-11, 5.35460391304e-12, 4.88870098916e-12, 3.62798614935e-12, 1.84964175053e-12, 1.76461818248e-12, 1.08719543784e-12, 4.25251495259e-13, 2.79233721649e-13, 2.02237952405e-13], "dvar2": [9.46285672399e-06, 2.46808904194e-05, 4.87272382088e-06, 4.01101397074e-06, 1.33722221562e-06, 4.43940393779e-07, 2.31307581089e-07, 5.12074620929e-07, 7.68726010847e-07, 4.14415495698e-07, 2.0299613368e-07, 7.43270476278e-08, 1.52536827613e-08, 1.33930848634e-08, 2.130702903e-08, 2.60456722856e-08, 1.32583020118e-08, 1.83867996384e-08, 5.97402216584e-09, 4.98178343022e-09, 1.71485692313e-09, 9.73979119578e-10, 7.03736402485e-10, 1.91357610313e-10, 1.21571572254e-10, 1.00866766328e-10, 5.31035111717e-11, 2.90418019494e-11, 1.74606527154e-11, 2.48365893823e-11, 2.38783073175e-11, 1.27038995643e-11, 1.14894812414e-11, 8.57107440577e-12, 4.04772959942e-12, 3.93906218407e-12, 2.39014342172e-12, 9.4556513227e-13, 6.31971580102e-13, 4.51087951714e-13], "max": [0.0167659372091, 0.0262900963426, 0.0123122455552, 0.0141694657505, 0.0148781584576, 0.00726371025667, 0.00727262860164, 0.00754835410044, 0.0113784428686, 0.00938703399152, 0.0122694661841, 0.005802704487, 0.00157316762488, 0.00151714798994, 0.00260926620103, 0.00320005277172, 0.00170412333682, 0.00177090056241, 0.00118345289957, 0.000934833020438, 0.000588052382227, 0.000392841146095, 0.000455940404208, 0.00016103546659, 0.000106301755295, 0.000211446080357, 0.000102910984424, 8.004171832e-05, 7.07243816578e-05, 5.41352601431e-05, 7.22789336578e-05, 3.86314059142e-05, 6.38558121864e-05, 4.54014079878e-05, 3.79614393751e-05, 2.999813114e-05, 2.87759394269e-05, 1.85226253961e-05, 1.08413159978e-05, 1.10480323201e-05], "mean": [0.0015138523886, 0.00160186190624, 0.00139472598676, 0.000974204333033, 0.000800325127784, 0.00053284590831, 0.000398408592446, 0.000369751651306, 0.000571747892536, 0.000390643428545, 0.000256734114373, 0.000184951582924, 9.67920932453e-05, 9.91257402347e-05, 0.000107832005597, 9.13063340704e-05, 6.76984418533e-05, 7.24286146578e-05, 4.00838907808e-05, 4.26379701821e-05, 4.05458522437e-05, 3.12513948302e-05, 2.71202898148e-05, 1.56481091835e-05, 1.37858032758e-05, 1.06296056401e-05, 8.01787700766e-06, 5.90098261455e-06, 4.23974461228e-06, 5.24074948771e-06, 5.61229126106e-06, 4.03978992836e-06, 3.27828797708e-06, 2.8108463539e-06, 1.91545382222e-06, 1.69300358266e-06, 1.16881778922e-06, 8.90079206783e-07, 7.5264881616e-07, 5.79738070883e-07], "median": [0.00066646176856, 0.000930509413593, 0.00114316574764, 0.000641855760477, 0.000482550502056, 0.000330277078319, 0.000270944117801, 0.000178617774509, 0.000267085211817, 0.000200325550395, 0.000148479302879, 0.000103574959212, 6.61427038722e-05, 7.40058894735e-05, 7.19994714018e-05, 4.53332831967e-05, 3.68707915186e-05, 3.24792054016e-05, 2.06424629141e-05, 2.80162967101e-05, 3.05703506456e-05, 2.33924620261e-05, 2.08400524571e-05, 1.2105818314e-05, 1.06479283204e-05, 8.19709475763e-06, 5.91125080973e-06, 4.49141680292e-06, 2.98537565868e-06, 3.35584036293e-06, 3.87085583498e-06, 2.89900162898e-06, 2.24869791055e-06, 1.93303549167e-06, 1.27188127408e-06, 1.13627038445e-06, 7.68265977058e-07, 6.01846465997e-07, 5.29770886715e-07, 4.15606848492e-07], "min": [1.82534488826e-13, 8.18659173112e-14, 2.69490443958e-14, 6.73605390759e-14, 7.47458735531e-14, 7.65305651967e-14, 2.72945511678e-13, 5.41191874301e-13, 5.25153976295e-13, 3.08602562992e-13, 3.68795353414e-13, 2.22258396041e-13, 7.93380118547e-14, 5.27199337246e-14, 5.12459981405e-14, 1.32541953758e-13, 1.87579932056e-13, 5.62812668106e-14, 1.06740022366e-13, 2.62256823246e-13, 2.67714046461e-13, 1.60196996727e-13, 1.43262626155e-13, 1.38501677575e-13, 1.16247723253e-13, 1.29000949462e-13, 1.51530887447e-13, 1.0728299759e-13, 7.05063923369e-14, 5.43954631501e-14, 3.47253387883e-14, 4.42754387569e-14, 4.13222177287e-14, 9.06709264419e-14, 3.91559580712e-14, 3.65914675675e-14, 4.4239344989e-14, 6.68978896801e-14, 4.17175889916e-14, 3.23520337852e-14], "var": [5.08462608195e-06, 6.3240390773e-06, 1.69383611137e-06, 1.54068595748e-06, 9.99444068839e-07, 3.80631092867e-07, 1.97787315415e-07, 4.43109144044e-07, 8.28242036732e-07, 4.30050562272e-07, 1.84876924436e-07, 9.484043062e-08, 1.22945138514e-08, 9.22503495815e-09, 2.513123043e-08, 2.53612846279e-08, 1.10472608839e-08, 1.45601140034e-08, 3.77481379488e-09, 3.58611740303e-09, 1.64539681879e-09, 1.04679032109e-09, 6.55711929198e-10, 1.74396636021e-10, 1.34823346931e-10, 1.07892139667e-10, 6.63830587722e-11, 3.13137918373e-11, 1.94804259529e-11, 3.63420994687e-11, 3.49620714324e-11, 1.44801575244e-11, 1.17017090462e-11, 8.60851754464e-12, 4.2361049564e-12, 3.9974252207e-12, 2.26961548513e-12, 1.03155689286e-12, 6.30588734441e-13, 4.24951794673e-13]}, "melbands_crest": {"dmean": 3.02629470825, "dmean2": 4.93857479095, "dvar": 7.46436977386, "dvar2": 18.6141376495, "max": 34.8791656494, "mean": 11.2809352875, "median": 10.4402084351, "min": 3.61043119431, "var": 16.6534671783}, "melbands_flatness_db": {"dmean": 0.0190803036094, "dmean2": 0.0301193017513, "dvar": 0.000381832447601, "dvar2": 0.000917491444852, "max": 0.387136876583, "mean": 0.160492345691, "median": 0.157961949706, "min": 0.0236189626157, "var": 0.00134640967008}, "melbands_kurtosis": {"dmean": 3.37150144577, "dmean2": 5.54757976532, "dvar": 29.85115242, "dvar2": 69.0293426514, "max": 222.187133789, "mean": 6.57306241989, "median": 5.06817531586, "min": -1.06165421009, "var": 57.2420578003}, "melbands_skewness": {"dmean": 0.51333963871, "dmean2": 0.828205347061, "dvar": 0.309637337923, "dvar2": 0.774307370186, "max": 12.6975746155, "mean": 2.02980661392, "median": 1.94406223297, "min": -1.15799450874, "var": 0.791564881802}, "melbands_spread": {"dmean": 5.20727872849, "dmean2": 8.31301021576, "dvar": 25.5589065552, "dvar2": 63.7541503906, "max": 93.0423278809, "mean": 24.0291728973, "median": 22.7280254364, "min": 2.22753000259, "var": 87.8675994873}, "mfcc": {"cov": [[3445.39160156, 412.477813721, 511.258087158, 192.498916626, 110.465553284, 128.898742676, -179.442474365, -174.982513428, -87.7185897827, -99.5508956909, -17.1093864441, 20.8956394196, -44.7916603088], [412.477813721, 499.42578125, 150.151138306, 80.0618438721, 89.4012145996, 28.2139225006, 8.64623069763, 12.4725227356, -4.34902143478, -20.6172561646, 23.2282085419, 23.9338359833, 11.9262752533], [511.258087158, 150.151138306, 360.574768066, 92.2828979492, 52.3410797119, 53.30210495, -28.7448348999, -46.3969573975, -38.6866531372, -52.2727584839, -7.76290607452, 21.4051685333, 10.2340536118], [192.498916626, 80.0618438721, 92.2828979492, 169.341278076, 66.0729217529, 23.3898773193, 6.63145685196, 8.0170879364, -8.73182582855, -7.40816497803, -8.52871417999, 3.01183199883, 20.4353466034], [110.465553284, 89.4012145996, 52.3410797119, 66.0729217529, 119.501808167, 39.9248924255, 19.8935489655, 21.1130447388, 16.8290252686, 5.90521001816, 1.15229666233, 2.7743730545, 15.2528629303], [128.898742676, 28.2139225006, 53.30210495, 23.3898773193, 39.9248924255, 85.0450820923, 19.3033390045, 0.700637280941, 2.42011165619, -4.55768060684, 1.55318975449, 6.00576925278, -3.0088429451], [-179.442474365, 8.64623069763, -28.7448348999, 6.63145685196, 19.8935489655, 19.3033390045, 107.275939941, 66.9172897339, 15.4395189285, 8.34555435181, 15.8084716797, 8.50445079803, 17.4786872864], [-174.982513428, 12.4725227356, -46.3969573975, 8.0170879364, 21.1130447388, 0.700637280941, 66.9172897339, 101.50428009, 39.0220031738, 18.1935939789, 8.93130779266, 4.36242103577, 15.1535959244], [-87.7185897827, -4.34902143478, -38.6866531372, -8.73182582855, 16.8290252686, 2.42011165619, 15.4395189285, 39.0220031738, 76.2059936523, 41.8237991333, 15.3587999344, -3.927952528, -2.03627085686], [-99.5508956909, -20.6172561646, -52.2727584839, -7.40816497803, 5.90521001816, -4.55768060684, 8.34555435181, 18.1935939789, 41.8237991333, 75.8326644897, 34.052444458, 2.44827985764, -2.72575616837], [-17.1093864441, 23.2282085419, -7.76290607452, -8.52871417999, 1.15229666233, 1.55318975449, 15.8084716797, 8.93130779266, 15.3587999344, 34.052444458, 69.190536499, 25.365064621, -0.221272736788], [20.8956394196, 23.9338359833, 21.4051685333, 3.01183199883, 2.7743730545, 6.00576925278, 8.50445079803, 4.36242103577, -3.927952528, 2.44827985764, 25.365064621, 52.9030799866, 16.5978832245], [-44.7916603088, 11.9262752533, 10.2340536118, 20.4353466034, 15.2528629303, -3.0088429451, 17.4786872864, 15.1535959244, -2.03627085686, -2.72575616837, -0.221272736788, 16.5978832245, 50.9485092163]], "icov": [[0.000444801698904, -0.000211352104088, -0.000319802842569, -0.000227870012168, -3.15303550451e-05, -0.00043566574459, 0.000598998274654, 0.000191421815543, 3.54887815774e-05, 0.000194799926248, -0.000115319569886, -5.89302944718e-05, 0.000347979163053], [-0.000211352104088, 0.00279423920438, -0.000650228117593, -0.000188760619494, -0.00170098431408, 0.000772892963141, -1.6068941477e-05, -0.000723037286662, 6.41138467472e-06, 0.000990685308352, -0.00134233897552, -0.000338962010574, 0.000299724255456], [-0.000319802842569, -0.000650228117593, 0.00479820230976, -0.00154639559332, -0.000211888953345, -0.00169903307687, 0.000464247423224, 0.00140265887603, -0.000153648943524, 0.00241320556961, -0.00050720089348, -0.00110971729737, -0.000603588530794], [-0.000227870012168, -0.000188760619494, -0.00154639559332, 0.00892541743815, -0.00376891647466, 0.000353756418917, 0.000128304847749, -0.0014347032411, 0.00220882007852, -0.00175309961196, 0.00117297796533, 0.000919011421502, -0.00219337036833], [-3.15303550451e-05, -0.00170098431408, -0.000211888953345, -0.00376891647466, 0.0145792290568, -0.00523758446798, -0.000147720158566, -0.000963620317634, -0.00268071750179, -0.00124455417972, 0.000768260564655, 0.00146574585233, -0.0030599005986], [-0.00043566574459, 0.000772892963141, -0.00169903307687, 0.000353756418917, -0.00523758446798, 0.0172241125256, -0.005717611406, 0.00299940444529, -0.0015178269241, 0.00038968314766, 0.00117641093675, -0.0024897463154, 0.00406647054479], [0.000598998274654, -1.6068941477e-05, 0.000464247423224, 0.000128304847749, -0.000147720158566, -0.005717611406, 0.0198215320706, -0.0126268509775, 0.00370376044884, 0.00153525767382, -0.00471058068797, 0.00157065596431, -0.00325424643233], [0.000191421815543, -0.000723037286662, 0.00140265887603, -0.0014347032411, -0.000963620317634, 0.00299940444529, -0.0126268509775, 0.0230824202299, -0.009755381383, 0.00133828155231, 0.00234763906337, -0.00196295697242, -0.00110530271195], [3.54887815774e-05, 6.41138467472e-06, -0.000153648943524, 0.00220882007852, -0.00268071750179, -0.0015178269241, 0.00370376044884, -0.009755381383, 0.0246514882892, -0.0114329662174, 1.28032688735e-05, 0.0024516840931, 0.00109336327296], [0.000194799926248, 0.000990685308352, 0.00241320556961, -0.00175309961196, -0.00124455417972, 0.00038968314766, 0.00153525767382, 0.00133828155231, -0.0114329662174, 0.0264263879508, -0.0119191277772, 0.00193541904446, -9.67637824942e-05], [-0.000115319569886, -0.00134233897552, -0.00050720089348, 0.00117297796533, 0.000768260564655, 0.00117641093675, -0.00471058068797, 0.00234763906337, 1.28032688735e-05, -0.0119191277772, 0.0259562861174, -0.0119578111917, 0.00397264864296], [-5.89302944718e-05, -0.000338962010574, -0.00110971729737, 0.000919011421502, 0.00146574585233, -0.0024897463154, 0.00157065596431, -0.00196295697242, 0.0024516840931, 0.00193541904446, -0.0119578111917, 0.028488362208, -0.00979028362781], [0.000347979163053, 0.000299724255456, -0.000603588530794, -0.00219337036833, -0.0030599005986, 0.00406647054479, -0.00325424643233, -0.00110530271195, 0.00109336327296, -9.67637824942e-05, 0.00397264864296, -0.00979028362781, 0.0267110448331]], "mean": [-597.047546387, 120.030288696, -5.17754173279, 14.4811563492, -0.319429159164, 4.09841251373, -4.21379423141, 7.01265907288, 1.39638066292, -0.609617054462, 0.965187549591, -0.370713233948, -3.06078863144]}, "pitch_salience": {"dmean": 0.0623935014009, "dmean2": 0.102589435875, "dvar": 0.00308440509252, "dvar2": 0.00811168551445, "max": 0.855718553066, "mean": 0.62847417593, "median": 0.639778852463, "min": 0.18022403121, "var": 0.00754298921674}, "silence_rate_20dB": {"dmean": 0, "dmean2": 0, "dvar": 0, "dvar2": 0, "max": 1, "mean": 1, "median": 1, "min": 1, "var": 0}, "silence_rate_30dB": {"dmean": 0, "dmean2": 0, "dvar": 0, "dvar2": 0, "max": 1, "mean": 1, "median": 1, "min": 1, "var": 0}, "silence_rate_60dB": {"dmean": 0.00383763830177, "dmean2": 0.00767641002312, "dvar": 0.00382270198315, "dvar2": 0.00968443602324, "max": 1, "mean": 0.0509149953723, "median": 0, "min": 0, "var": 0.0483238659799}, "spectral_centroid": {"dmean": 169.451721191, "dmean2": 271.094360352, "dvar": 24092.421875, "dvar2": 59761.9023438, "max": 3244.44580078, "mean": 1311.67102051, "median": 1233.53637695, "min": 390.595825195, "var": 175353.90625}, "spectral_complexity": {"dmean": 3.39306282997, "dmean2": 5.48139953613, "dvar": 8.77743053436, "dvar2": 20.2781772614, "max": 54, "mean": 26.8823795319, "median": 27, "min": 0, "var": 67.4071044922}, "spectral_contrast_coeffs": {"dmean": [0.0502282008529, 0.0464068725705, 0.0383297465742, 0.0286829899997, 0.0188617520034, 0.0142982155085], "dmean2": [0.0832747220993, 0.0768569037318, 0.0637939348817, 0.0477485023439, 0.0313220880926, 0.0230881534517], "dvar": [0.00182149244938, 0.00136723055039, 0.000856529979501, 0.000509212200996, 0.0002189566585, 0.000135864029289], "dvar2": [0.00480577163398, 0.00368705065921, 0.00228195521049, 0.00137554400135, 0.000588516297285, 0.000333318399498], "max": [-0.359718352556, -0.442355453968, -0.464932441711, -0.552149176598, -0.64567476511, -0.632097303867], "mean": [-0.63937073946, -0.733188152313, -0.767131090164, -0.786871492863, -0.793854296207, -0.752872765064], "median": [-0.639851391315, -0.73827701807, -0.773313879967, -0.791874289513, -0.795853018761, -0.752194166183], "min": [-0.918218255043, -0.929986476898, -0.935610115528, -0.930075407028, -0.945259034634, -0.914352893829], "var": [0.00624734535813, 0.00447496725246, 0.00305679719895, 0.00198120228015, 0.000834062695503, 0.000759905786254]}, "spectral_contrast_valleys": {"dmean": [0.369049370289, 0.321373432875, 0.276011377573, 0.223145082593, 0.167581602931, 0.159673705697], "dmean2": [0.60121512413, 0.537744104862, 0.454732298851, 0.364393651485, 0.267250329256, 0.229277521372], "dvar": [0.11265591532, 0.0784307047725, 0.0615429058671, 0.04371406883, 0.0336429923773, 0.0420846156776], "dvar2": [0.258865237236, 0.19416706264, 0.140806794167, 0.0918803215027, 0.0617975741625, 0.0644557401538], "max": [-5.16433382034, -4.60602807999, -5.32888460159, -5.83298873901, -6.03217697144, -7.98101377487], "mean": [-6.96095991135, -6.20511627197, -6.58948469162, -7.03707838058, -7.07122802734, -9.68650054932], "median": [-6.74015045166, -6.07532978058, -6.51417541504, -6.97460222244, -6.98958683014, -9.61810874939], "min": [-15.0198736191, -15.7025995255, -16.1294269562, -16.284778595, -15.5765981674, -17.570192337], "var": [1.01095378399, 0.605917692184, 0.317854136229, 0.280262678862, 0.265376985073, 0.378598630428]}, "spectral_decrease": {"dmean": 2.71668953999e-09, "dmean2": 4.42414238577e-09, "dvar": 1.37526932838e-17, "dvar2": 3.55735805309e-17, "max": -7.18710929904e-18, "mean": -8.65748628343e-09, "median": -7.88461562706e-09, "min": -3.46284494412e-08, "var": 2.37914895466e-17}, "spectral_energy": {"dmean": 0.0105734001845, "dmean2": 0.0171760283411, "dvar": 0.000204304669751, "dvar2": 0.000526832300238, "max": 0.134546712041, "mean": 0.0349559672177, "median": 0.0319331176579, "min": 5.76550231168e-11, "var": 0.000370002904674}, "spectral_energyband_high": {"dmean": 0.000212199345697, "dmean2": 0.000305945286527, "dvar": 1.10081536775e-07, "dvar2": 2.0885029528e-07, "max": 0.00602796580642, "mean": 0.000836362829432, "median": 0.000651824753731, "min": 2.51563631037e-11, "var": 4.56185716757e-07}, "spectral_energyband_low": {"dmean": 0.00620905170217, "dmean2": 0.0103145753965, "dvar": 0.000153301953105, "dvar2": 0.000404232152505, "max": 0.102459087968, "mean": 0.0104079982266, "median": 0.00700095761567, "min": 8.65784603298e-13, "var": 0.000158265422215}, "spectral_energyband_middle_high": {"dmean": 0.00185633101501, "dmean2": 0.00290576857515, "dvar": 5.68785890209e-06, "dvar2": 1.33225203172e-05, "max": 0.0577560327947, "mean": 0.00736065255478, "median": 0.00630446430296, "min": 2.20871342049e-11, "var": 2.50353696174e-05}, "spectral_energyband_middle_low": {"dmean": 0.00594723923132, "dmean2": 0.00971475150436, "dvar": 6.11493233009e-05, "dvar2": 0.00015745703422, "max": 0.0861719325185, "mean": 0.0181085597724, "median": 0.0154140889645, "min": 8.50538389718e-12, "var": 0.0001446903334}, "spectral_entropy": {"dmean": 0.085949845612, "dmean2": 0.128617331386, "dvar": 0.00662556570023, "dvar2": 0.0134260216728, "max": 8.87950229645, "mean": 7.78735589981, "median": 7.80303668976, "min": 5.76915693283, "var": 0.0394393950701}, "spectral_flux": {"dmean": 0.0255544018, "dmean2": 0.0394498482347, "dvar": 0.000976530660409, "dvar2": 0.00185004482046, "max": 0.321239799261, "mean": 0.0965852886438, "median": 0.087388202548, "min": 0.000244086113526, "var": 0.00216296664439}, "spectral_kurtosis": {"dmean": 0.864536881447, "dmean2": 1.44488441944, "dvar": 0.758099079132, "dvar2": 2.00585079193, "max": 23.6018466949, "mean": 4.27021455765, "median": 3.97767686844, "min": 0.431264817715, "var": 2.91765451431}, "spectral_rms": {"dmean": 0.000810657511465, "dmean2": 0.00128888478503, "dvar": 9.26579161842e-07, "dvar2": 2.3161765057e-06, "max": 0.0114570977166, "mean": 0.00557001074776, "median": 0.00558160012588, "min": 2.37168293893e-07, "var": 3.07837763103e-06}, "spectral_rolloff": {"dmean": 330.563201904, "dmean2": 544.287780762, "dvar": 151019.078125, "dvar2": 343272.46875, "max": 12360.0585938, "mean": 1381.86657715, "median": 1248.92578125, "min": 64.599609375, "var": 504331.75}, "spectral_skewness": {"dmean": 0.128143951297, "dmean2": 0.206283092499, "dvar": 0.0135760242119, "dvar2": 0.0318739153445, "max": 4.09567832947, "mean": 1.6001611948, "median": 1.56555628777, "min": 0.753341913223, "var": 0.0973813384771}, "spectral_spread": {"dmean": 320124.96875, "dmean2": 477127.5, "dvar": 167827374080, "dvar2": 277332656128, "max": 22252982, "mean": 4588891.5, "median": 4541249, "min": 2498317, "var": 756772634624}, "spectral_strongpeak": {"dmean": 0.540767252445, "dmean2": 0.925010859966, "dvar": 0.629705965519, "dvar2": 1.56