{"lowlevel": {"average_loudness": 0.883076488972, "barkbands": {"dmean": [2.03603103728e-05, 0.00397483678535, 0.00357273779809, 0.0019016857259, 0.0010469192639, 0.000496561639011, 0.000704621488694, 0.00113875605166, 0.000669933331665, 0.000621435872745, 0.000573204888497, 0.000710463442374, 0.000497952860314, 0.000396251212806, 0.000348655768903, 0.000258324405877, 0.000357011944288, 0.000296491605695, 0.000273779238341, 0.000252815691056, 0.000219362249481, 0.000177248482942, 0.000132190165459, 0.00013110350119, 9.20933016459e-05, 7.012491551e-05, 6.0156435211e-05], "dmean2": [3.00859883282e-05, 0.00632040062919, 0.00626168679446, 0.00336802378297, 0.00172412255779, 0.000777784909587, 0.00112242880277, 0.00180981587619, 0.00107658561319, 0.000998250441626, 0.000933437549975, 0.00121871416923, 0.000845403061248, 0.000676924188156, 0.000587631366216, 0.00042881743866, 0.000588263384998, 0.000503907911479, 0.000458086986328, 0.000440425530542, 0.00036272034049, 0.000280003616353, 0.000200913913432, 0.000190737264347, 0.000133678404381, 9.85503284028e-05, 8.39953791001e-05], "dvar": [8.55794324295e-10, 4.92100552947e-05, 5.43631649634e-05, 1.40235661092e-05, 2.82894689008e-06, 1.20118932045e-06, 2.30776413446e-06, 6.99788142811e-06, 2.3080272058e-06, 1.90397315691e-06, 1.80078370704e-06, 4.4630623961e-06, 1.64352934462e-06, 5.13588929607e-07, 4.50003312835e-07, 2.61583437577e-07, 5.44620945675e-07, 3.28251502424e-07, 3.23188174889e-07, 4.09514456123e-07, 3.1492967878e-07, 1.5529376185e-07, 8.40541147795e-08, 1.13554108339e-07, 2.83815904112e-08, 1.18769278856e-08, 1.05999626854e-08], "dvar2": [1.64907765221e-09, 0.000113677007903, 0.0001464082452, 3.92501933675e-05, 7.15886153557e-06, 2.88795990855e-06, 5.57876364837e-06, 1.64917601069e-05, 5.85075213166e-06, 4.83024950881e-06, 4.34929779658e-06, 1.33267903948e-05, 4.54341261502e-06, 1.3719530898e-06, 1.24989014694e-06, 6.74119576161e-07, 1.39083965678e-06, 8.6792260845e-07, 8.53411791013e-07, 1.15411239676e-06, 8.44391536248e-07, 3.63056443575e-07, 1.75104389655e-07, 2.29149975439e-07, 6.4589372073e-08, 2.52298093528e-08, 2.27129408614e-08], "max": [0.000744529010262, 0.074820138514, 0.0787358731031, 0.0532161258161, 0.0320824496448, 0.0319145657122, 0.0390328317881, 0.0683959200978, 0.0337167680264, 0.0396769195795, 0.0365240722895, 0.0465183928609, 0.0347396694124, 0.0157185327262, 0.0161176752299, 0.0129480706528, 0.0175352022052, 0.0206553097814, 0.01188703347, 0.00755998119712, 0.00814844109118, 0.00999928731471, 0.00716712139547, 0.0103371376172, 0.00448926398531, 0.00146439520177, 0.00125703820959], "mean": [3.30064212903e-05, 0.00451051956043, 0.00359482807107, 0.00194059417117, 0.00160693202633, 0.000918263162021, 0.00107874535024, 0.00173005030956, 0.00108843343332, 0.000973700894974, 0.000887200410943, 0.0010465499945, 0.000737269117963, 0.000604584696703, 0.000560672022402, 0.000426284852438, 0.000667382904794, 0.000487022800371, 0.000461564399302, 0.000368572946172, 0.000345458189258, 0.000352646660758, 0.000287528324407, 0.000327870249748, 0.000220743968384, 0.000130098778754, 7.20774260117e-05], "median": [1.36332519105e-05, 0.00171218230389, 0.0015873311786, 0.000824718677904, 0.000968546431977, 0.000433001026977, 0.000428907660535, 0.000464252894744, 0.000369901477825, 0.000310069182888, 0.000351020920789, 0.000315122510074, 0.000324652995914, 0.000309547816869, 0.000281864166027, 0.00022241708939, 0.000286365073407, 0.00024226368987, 0.000205475094845, 0.000167806720128, 0.000150823587319, 0.000145878715557, 0.000120891316328, 0.000126194296172, 9.69963584794e-05, 5.71425989619e-05, 2.04922107514e-05], "min": [1.17603364029e-24, 1.68988126509e-24, 3.25099715904e-24, 2.30013104516e-24, 1.64321335834e-23, 9.0792178838e-24, 2.66836587258e-23, 8.18742482994e-24, 1.63105827397e-23, 2.61508242051e-23, 1.48588514821e-23, 4.2610403837e-23, 4.68254769803e-23, 5.3046648649e-23, 4.92710625379e-23, 5.47408315726e-23, 8.25207955419e-23, 1.16402712209e-22, 1.41518957959e-22, 2.11642659225e-22, 3.38307252742e-22, 3.48392959322e-22, 4.64598027165e-22, 6.20711000222e-22, 9.1904804667e-22, 1.4271794828e-21, 2.25132652758e-21], "var": [2.86332046961e-09, 5.69749463466e-05, 4.21832919528e-05, 1.09232751129e-05, 4.52562926512e-06, 2.93312928079e-06, 4.08621372117e-06, 1.43923534779e-05, 4.48167247669e-06, 4.02421028411e-06, 3.93553773392e-06, 7.16674594514e-06, 2.31274952966e-06, 8.42008489599e-07, 8.18256353341e-07, 4.59647282014e-07, 1.29520060455e-06, 6.16533725406e-07, 5.55587917006e-07, 4.19289847287e-07, 4.1800635131e-07, 4.67361644496e-07, 2.80106604578e-07, 4.24515661734e-07, 1.11094038857e-07, 3.23204751851e-08, 1.46434775417e-08]}, "barkbands_crest": {"dmean": 2.92516326904, "dmean2": 4.77581739426, "dvar": 6.66730308533, "dvar2": 16.2840137482, "max": 25.9376220703, "mean": 8.43720149994, "median": 7.50391674042, "min": 2.06633019447, "var": 15.7412061691}, "barkbands_flatness_db": {"dmean": 0.021618431434, "dmean2": 0.0346280634403, "dvar": 0.000472399144201, "dvar2": 0.0011102585122, "max": 0.466164708138, "mean": 0.0881245806813, "median": 0.0777201876044, "min": 0.0099158603698, "var": 0.00208120443858}, "barkbands_kurtosis": {"dmean": 1.9574368, "dmean2": 3.19934916496, "dvar": 11.532292366, "dvar2": 28.6559295654, "max": 59.5261268616, "mean": 1.80058240891, "median": 0.449279069901, "min": -1.89392650127, "var": 21.0001087189}, "barkbands_skewness": {"dmean": 0.539266645908, "dmean2": 0.844214081764, "dvar": 0.302705287933, "dvar2": 0.710140705109, "max": 7.22944021225, "mean": 1.07086324692, "median": 0.995310664177, "min": -5.06031703949, "var": 1.09008002281}, "barkbands_spread": {"dmean": 7.66292905807, "dmean2": 12.1281518936, "dvar": 60.0636558533, "dvar2": 138.485473633, "max": 144.043838501, "mean": 33.4530830383, "median": 31.7411518097, "min": 1.86686372757, "var": 265.288482666}, "dissonance": {"dmean": 0.0147489579394, "dmean2": 0.0250776093453, "dvar": 0.000228242599405, "dvar2": 0.00062778335996, "max": 0.500000059605, "mean": 0.472893238068, "median": 0.479265511036, "min": 0.299760878086, "var": 0.000518218788784}, "dynamic_complexity": 4.30803108215, "erbbands": {"dmean": [0.0593903921545, 1.07325053215, 3.56454157829, 5.88473987579, 4.35038614273, 3.41775131226, 3.36519503593, 4.25308704376, 6.84186553955, 19.2287635803, 22.5069599152, 14.9478321075, 24.2698402405, 12.00440979, 23.1460399628, 33.9400062561, 22.3852138519, 20.6373653412, 17.7900714874, 15.2844247818, 13.7891387939, 17.6744346619, 16.0560436249, 15.9953937531, 12.2807397842, 12.186419487, 9.27703475952, 7.93785524368, 6.58743715286, 5.33666610718, 3.62650609016, 2.71888589859, 2.24329924583, 1.19956743717, 0.635257184505, 0.337866127491, 0.121190018952, 0.0351484380662, 0.00990234967321, 0.000792258302681], "dmean2": [0.0962562784553, 1.69839024544, 5.98751163483, 10.2701025009, 7.57280111313, 5.51640129089, 5.30795860291, 6.76386499405, 10.5023908615, 30.993730545, 35.539390564, 23.903837204, 38.5823516846, 19.7771606445, 37.8257751465, 58.0863571167, 37.820640564, 35.142490387, 30.2547111511, 25.0186691284, 23.045923233, 29.3380565643, 27.0907821655, 27.1201972961, 20.9627037048, 21.1594142914, 15.5037765503, 12.8812551498, 10.4954853058, 8.45945549011, 5.46642875671, 3.98598456383, 3.32880282402, 1.75246977806, 0.929887831211, 0.479666024446, 0.172279909253, 0.0490662939847, 0.0140014365315, 0.00111658254173], "dvar": [0.00872463267297, 3.62830924988, 50.6250457764, 114.970504761, 76.5390777588, 37.842792511, 53.1329078674, 114.958374023, 200.833358765, 2236.29003906, 2986.81542969, 1046.64831543, 3129.37915039, 656.248168945, 2377.09326172, 10574.3320313, 3202.62158203, 1358.3873291, 1219.63977051, 836.534362793, 713.102722168, 1422.42443848, 886.387023926, 1187.71875, 704.733947754, 937.545349121, 556.979492188, 393.967956543, 236.136993408, 120.506629944, 69.3344421387, 49.2738685608, 33.7182006836, 7.44254875183, 0.997116923332, 0.271581560373, 0.0372806750238, 0.00321732764132, 0.000299158331472, 1.92333322957e-06], "dvar2": [0.0221646279097, 8.15832328796, 131.74118042, 314.927124023, 214.084381104, 85.4892883301, 129.175979614, 280.149475098, 441.14553833, 5415.75732422, 7157.27294922, 2593.5703125, 7932.83642578, 1774.86340332, 5794.77099609, 31441.5, 8790.96191406, 3674.90454102, 3412.77758789, 2134.33227539, 1858.44824219, 3719.9152832, 2321.62744141, 3128.17236328, 1930.62280273, 2633.49633789, 1517.71142578, 1012.20825195, 566.654052734, 265.222503662, 145.980331421, 98.8195495605, 69.7442779541, 16.9195423126, 2.2524189949, 0.584405064583, 0.0812945440412, 0.00690298713744, 0.000656840275042, 4.1017865442e-06], "max": [0.898386538029, 20.8227443695, 73.7587890625, 118.615249634, 103.854705811, 149.953552246, 218.588394165, 401.168914795, 368.173370361, 1145.02380371, 1284.32397461, 692.965759277, 1490.87207031, 506.930328369, 1287.33544922, 2222.32397461, 1539.42871094, 757.114013672, 825.818786621, 794.010009766, 768.56640625, 1046.89953613, 1179.22192383, 844.020935059, 328.878692627, 378.484008789, 509.768585205, 333.354217529, 387.515258789, 303.508972168, 181.903945923, 193.774734497, 172.485778809, 85.3083114624, 16.6235847473, 7.54346609116, 3.54594659805, 0.777333259583, 0.216022312641, 0.0192883312702], "mean": [0.0750712826848, 1.2113827467, 3.86941099167, 6.36746835709, 5.21066188812, 5.35178089142, 5.70437574387, 7.48303079605, 12.1492929459, 28.303030014, 35.7169570923, 26.2162456512, 38.7999076843, 20.734582901, 37.8845863342, 51.6814041138, 35.9516029358, 33.3498039246, 28.6812458038, 27.7363624573, 26.2321949005, 34.2794456482, 29.128786087, 26.8517684937, 20.0052433014, 17.99650383, 14.4796104431, 13.0734262466, 12.5890712738, 10.9403820038, 7.84658241272, 6.53920698166, 5.49072408676, 3.04889321327, 1.29424405098, 0.628673613071, 0.222777932882, 0.0546302497387, 0.0117131406441, 0.000900417508092], "median": [0.0329098664224, 0.440023094416, 1.69041848183, 3.0800306797, 2.87041401863, 2.78400659561, 3.09187912941, 3.1661901474, 5.14005661011, 8.86238193512, 10.5369386673, 9.96567153931, 12.0213136673, 8.88096237183, 17.0719966888, 16.435874939, 16.6654548645, 18.6035480499, 15.073884964, 15.068520546, 13.7502918243, 15.7993097305, 15.0209674835, 11.4842863083, 10.1509218216, 8.02039432526, 6.18666219711, 5.5759100914, 5.1016869545, 4.59134101868, 3.2864048481, 2.64872574806, 1.95140326023, 1.14684617519, 0.61762791872, 0.272706091404, 0.0944432616234, 0.0223163980991, 0.0033171675168, 0.00022016389994], "min": [2.50134887281e-23, 5.65982329729e-22, 3.71930251376e-21, 7.81509256748e-21, 4.31335042938e-20, 6.01808210703e-20, 5.96150359937e-20, 1.0181835307e-19, 4.13221926561e-19, 2.16423806887e-19, 2.79292596594e-19, 4.30036724806e-19, 7.90110099811e-19, 8.27127362801e-19, 6.67741549483e-19, 2.06435184815e-18, 2.42233824647e-18, 2.77743654368e-18, 3.29887052232e-18, 2.5131043615e-18, 3.113876955e-18, 4.55923424794e-18, 6.42906940517e-18, 6.89852624924e-18, 8.71643886583e-18, 9.65481984968e-18, 1.10830265866e-17, 1.01589963592e-17, 1.37499702052e-17, 1.2142799634e-17, 1.17184841039e-17, 1.2152000364e-17, 1.07796796036e-17, 8.1038024344e-18, 6.73593893676e-18, 3.93989434481e-18, 2.53825954431e-18, 1.05746924605e-18, 3.01580564609e-19, 2.99034515608e-20], "var": [0.0114835305139, 4.25309562683, 44.2276496887, 94.1568603516, 62.8672065735, 82.1303100586, 101.034675598, 265.510131836, 551.622680664, 4055.87011719, 6048.88232422, 2216.22460938, 6484.81738281, 1348.00219727, 5130.49316406, 16767.5390625, 4726.35595703, 2248.29174805, 1990.90039063, 1855.08154297, 1510.16162109, 3130.75366211, 1816.24255371, 2206.97338867, 892.670532227, 983.837341309, 731.929260254, 618.698364258, 623.565429688, 420.289886475, 211.421875, 181.309158325, 122.094467163, 29.3389911652, 2.95705771446, 0.7331148386, 0.103248082101, 0.0063314489089, 0.000395898649003, 2.54265114563e-06]}, "erbbands_crest": {"dmean": 2.61948037148, "dmean2": 4.35627841949, "dvar": 6.50329685211, "dvar2": 17.2886600494, "max": 30.0434970856, "mean": 8.07878398895, "median": 7.00129699707, "min": 2.08481216431, "var": 16.9647312164}, "erbbands_flatness_db": {"dmean": 0.0178235210478, "dmean2": 0.0248634386808, "dvar": 0.000282563385554, "dvar2": 0.000523181806784, "max": 0.328804463148, "mean": 0.120795711875, "median": 0.113231606781, "min": 0.0236732661724, "var": 0.00172913470306}, "erbbands_kurtosis": {"dmean": 0.834197759628, "dmean2": 1.34333789349, "dvar": 1.24551832676, "dvar2": 3.07249116898, "max": 29.633140564, "mean": 0.553932130337, "median": 0.013554116711, "min": -1.57928228378, "var": 3.45670080185}, "erbbands_skewness": {"dmean": 0.330286562443, "dmean2": 0.513368546963, "dvar": 0.0871206000447, "dvar2": 0.204573348165, "max": 4.31555986404, "mean": 0.130074292421, "median": 0.0857313796878, "min": -2.71817159653, "var": 0.5938539505}, "erbbands_spread": {"dmean": 7.90898609161, "dmean2": 12.2815132141, "dvar": 56.5606002808, "dvar2": 134.898361206, "max": 134.774154663, "mean": 39.9253387451, "median": 38.0514411926, "min": 5.05978918076, "var": 276.990447998}, "gfcc": {"cov": [[21053.9121094, -822.697265625, -898.409301758, 522.542907715, -482.725036621, 647.970581055, -326.954833984, 421.85748291, -299.297668457, 246.092468262, -307.857513428, 44.6893196106, -295.49319458], [-822.697265625, 1436.63220215, -427.641662598, 7.50901556015, 164.531387329, -159.215286255, 114.822952271, -75.6340484619, 16.310760498, -50.6199684143, 40.7560348511, 26.4773368835, 63.0537834167], [-898.409301758, -427.641662598, 732.672119141, -137.20085144, 44.1926574707, 75.1828842163, -35.4126052856, -10.5449457169, 18.2309761047, 36.0337028503, -2.50772166252, -2.83137178421, -37.854183197], [522.542907715, 7.50901556015, -137.20085144, 381.125793457, 41.0784263611, 20.9678554535, -15.4776659012, -34.3739852905, -0.877888143063, 11.626958847, 3.66982889175, -6.10138368607, 26.8138809204], [-482.725036621, 164.531387329, 44.1926574707, 41.0784263611, 381.73348999, -49.2312011719, 99.9618988037, -11.540104866, 32.4327278137, -0.224162638187, 17.4081954956, 27.7990055084, 35.8658714294], [647.970581055, -159.215286255, 75.1828842163, 20.9678554535, -49.2312011719, 215.537872314, 14.6581277847, 51.6338424683, -13.0431451797, 16.3706130981, -5.20966863632, -10.0020475388, -27.9540596008], [-326.954833984, 114.822952271, -35.4126052856, -15.4776659012, 99.9618988037, 14.6581277847, 190.332580566, 14.4008169174, 17.8364105225, -23.696685791, 11.8461456299, -10.1504440308, 11.4239006042], [421.85748291, -75.6340484619, -10.5449457169, -34.3739852905, -11.540104866, 51.6338424683, 14.4008169174, 132.31187439, 31.0830955505, 20.3424224854, -1.02881610394, 11.7311172485, -10.1662340164], [-299.297668457, 16.310760498, 18.2309761047, -0.877888143063, 32.4327278137, -13.0431451797, 17.8364105225, 31.0830955505, 91.7931060791, 21.8108577728, 11.5728883743, -2.76206231117, 8.32046985626], [246.092468262, -50.6199684143, 36.0337028503, 11.626958847, -0.224162638187, 16.3706130981, -23.696685791, 20.3424224854, 21.8108577728, 85.0342178345, 25.1038131714, 14.3072795868, -6.59488677979], [-307.857513428, 40.7560348511, -2.50772166252, 3.66982889175, 17.4081954956, -5.20966863632, 11.8461456299, -1.02881610394, 11.5728883743, 25.1038131714, 78.310585022, 25.9579124451, 11.2556629181], [44.6893196106, 26.4773368835, -2.83137178421, -6.10138368607, 27.7990055084, -10.0020475388, -10.1504440308, 11.7311172485, -2.76206231117, 14.3072795868, 25.9579124451, 68.6728363037, 25.7272129059], [-295.49319458, 63.0537834167, -37.854183197, 26.8138809204, 35.8658714294, -27.9540596008, 11.4239006042, -10.1662340164, 8.32046985626, -6.59488677979, 11.2556629181, 25.7272129059, 68.6267776489]], "icov": [[8.41284054331e-05, 2.64896571025e-05, 0.000145301659359, -8.77510974533e-05, -5.26428812009e-06, -0.000161636489793, 5.72126700717e-05, -0.000169603110407, 0.000250180746661, -0.00030563303153, 0.000402785663027, -0.000250116892857, 0.000322598149069], [2.64896571025e-05, 0.00105053652078, 0.000694270827807, 0.000259173830273, -0.00036161483149, 0.000167987906025, -0.000274644291494, 0.000643678940833, -0.000270146905677, 0.000138503834023, -0.000190602004295, -0.000329143251292, 2.97280494124e-05], [0.000145301659359, 0.000694270827807, 0.00243648863398, 0.000869952258654, -0.000809952442069, -0.00116777385119, 0.000575527024921, 0.00107170292176, -0.000463405012852, -0.000928753812332, 0.000691485009156, -0.000618779740762, 0.00108786788769], [-8.77510974533e-05, 0.000259173830273, 0.000869952258654, 0.00353134563193, -0.000825279566925, -0.00100367947016, 0.000732555461582, 0.00163416587748, -0.00065180240199, -0.000462114752736, -0.000506102223881, 0.00122805044521, -0.00171601318289], [-5.26428812009e-06, -0.00036161483149, -0.000809952442069, -0.000825279566925, 0.00384528259747, 0.000992255983874, -0.00218143453822, 2.36640044022e-05, -0.000609492417425, -0.000289641029667, 0.000532844045665, -0.00169601163361, -0.000459063245216], [-0.000161636489793, 0.000167987906025, -0.00116777385119, -0.00100367947016, 0.000992255983874, 0.00693253241479, -0.00166965683457, -0.0025476324372, 0.00161151774228, -0.00025809975341, -0.00079298124183, 0.000858847168274, 0.000691423774697], [5.72126700717e-05, -0.000274644291494, 0.000575527024921, 0.000732555461582, -0.00218143453822, -0.00166965683457, 0.00766778038815, -0.000972116482444, -0.00064421602292, 0.00220881658606, -0.00180363073014, 0.00259916880168, -0.000818744883873], [-0.000169603110407, 0.000643678940833, 0.00107170292176, 0.00163416587748, 2.36640044022e-05, -0.0025476324372, -0.000972116482444, 0.0118086682633, -0.005209247116, -0.000722815981135, 0.0010374262929, -0.00337101938203, 0.00114770513028], [0.000250180746661, -0.000270146905677, -0.000463405012852, -0.00065180240199, -0.000609492417425, 0.00161151774228, -0.00064421602292, -0.005209247116, 0.015573640354, -0.0044884136878, -0.000352488044882, 0.00357154710218, -0.00196561100893], [-0.00030563303153, 0.000138503834023, -0.000928753812332, -0.000462114752736, -0.000289641029667, -0.00025809975341, 0.00220881658606, -0.000722815981135, -0.0044884136878, 0.0173766575754, -0.00623470498249, -0.00143722537905, 0.00157189706806], [0.000402785663027, -0.000190602004295, 0.000691485009156, -0.000506102223881, 0.000532844045665, -0.00079298124183, -0.00180363073014, 0.0010374262929, -0.000352488044882, -0.00623470498249, 0.0189032629132, -0.00738489814103, 0.00145275390241], [-0.000250116892857, -0.000329143251292, -0.000618779740762, 0.00122805044521, -0.00169601163361, 0.000858847168274, 0.00259916880168, -0.00337101938203, 0.00357154710218, -0.00143722537905, -0.00738489814103, 0.0234834570438, -0.00945505034178], [0.000322598149069, 2.97280494124e-05, 0.00108786788769, -0.00171601318289, -0.000459063245216, 0.000691423774697, -0.000818744883873, 0.00114770513028, -0.00196561100893, 0.00157189706806, 0.00145275390241, -0.00945505034178, 0.0217273794115]], "mean": [15.7845621109, 57.5449676514, -103.406555176, 21.3441619873, -45.3656768799, 14.7514619827, -28.8807487488, 7.74971675873, -20.228012085, 0.33211928606, -16.1828269958, -2.42635011673, -17.0370769501]}, "hfc": {"dmean": 10.3371286392, "dmean2": 15.5213623047, "dvar": 263.32208252, "dvar2": 626.785095215, "max": 209.449050903, "mean": 30.761800766, "median": 23.7559375763, "min": 1.06052402819e-16, "var": 773.025634766}, "melbands": {"dmean": [0.000844252936076, 0.00164975144435, 0.000948303379118, 0.00026465713745, 0.00012148872338, 9.82662822935e-05, 0.000113585112558, 0.00021560699679, 0.000172874671989, 9.6657386166e-05, 0.000121222285088, 4.65464545414e-05, 8.33618687466e-05, 7.83127761679e-05, 7.49890095904e-05, 4.24859754276e-05, 4.11078217439e-05, 2.94612018479e-05, 2.25784115173e-05, 2.10057769436e-05, 1.75538716576e-05, 1.94232561626e-05, 2.00702124857e-05, 1.37945226015e-05, 1.40832798934e-05, 9.40413428907e-06, 9.54237930273e-06, 7.87399403634e-06, 5.57334033147e-06, 6.59162924421e-06, 4.09034737459e-06, 3.77937521989e-06, 3.77529886464e-06, 2.89777608486e-06, 2.29008014685e-06, 1.89793945538e-06, 1.73114608515e-06, 1.63708386935e-06, 1.55533018642e-06, 9.46380453115e-07], "dmean2": [0.00134111451916, 0.00263448897749, 0.00165967247449, 0.000443708471721, 0.000190677368664, 0.00015425310994, 0.000175937952008, 0.000346222164808, 0.000273486279184, 0.000155524947331, 0.000192837716895, 7.72828352638e-05, 0.000135166177643, 0.00013411459804, 0.000128264538944, 7.19796444173e-05, 7.00437012711e-05, 5.01217728015e-05, 3.78096156055e-05, 3.45614498656e-05, 2.93205048365e-05, 3.23535277857e-05, 3.32803938363e-05, 2.3577176762e-05, 2.39727287408e-05, 1.58454568009e-05, 1.67254420376e-05, 1.36016933538e-05, 9.28499321162e-06, 1.13389587568e-05, 6.54451923765e-06, 6.03884973316e-06, 6.16164697931e-06, 4.61909348815e-06, 3.53611108039e-06, 2.86249610326e-06, 2.57770625467e-06, 2.49208642344e-06, 2.36159144151e-06, 1.41634836837e-06], "dvar": [2.05859942071e-06, 8.95189987205e-06, 3.03589195028e-06, 2.00207267653e-07, 5.60964643626e-08, 5.51799743675e-08, 5.16667313377e-08, 2.77899800949e-07, 1.71100950297e-07, 4.50193233803e-08, 7.7903045792e-08, 1.10970832523e-08, 3.98070163499e-08, 5.40487938849e-08, 3.72761519429e-08, 7.62896235074e-09, 5.68389735278e-09, 3.2727398569e-09, 2.10927675326e-09, 1.67558056319e-09, 1.26034915837e-09, 1.82723713937e-09, 1.57113277943e-09, 7.18545500877e-10, 1.02353858722e-09, 3.81496362278e-10, 5.74017389177e-10, 3.49530626664e-10, 1.84378803891e-10, 3.40196065762e-10, 8.85371290171e-11, 7.8100748091e-11, 6.94611590468e-11, 3.65808390523e-11, 2.79862522046e-11, 2.29901948173e-11, 2.04474544935e-11, 1.69785123461e-11, 1.63936416525e-11, 4.02863679916e-12], "dvar2": [4.86217732032e-06, 2.14367264562e-05, 8.32130626804e-06, 5.30464774329e-07, 1.32648210638e-07, 1.31638387302e-07, 1.1753466822e-07, 6.64709034481e-07, 4.13151553857e-07, 1.13530134627e-07, 1.96811583919e-07, 3.05818623758e-08, 9.45950020537e-08, 1.63264900266e-07, 1.05730521227e-07, 2.01006074008e-08, 1.52543222498e-08, 8.99406682464e-09, 5.88418158642e-09, 4.1996632838e-09, 3.18606896421e-09, 4.76383643644e-09, 4.07280165149e-09, 1.88761650755e-09, 2.69239341932e-09, 1.0272764861e-09, 1.63790436769e-09, 9.68971458626e-10, 4.98287966444e-10, 9.48596645678e-10, 2.10356343455e-10, 1.88293713954e-10, 1.70301980851e-10, 8.10204334178e-11, 6.19564746729e-11, 4.69003585968e-11, 4.43574343922e-11, 3.5693059619e-11, 3.70081604251e-11, 9.40927630949e-12], "max": [0.0143663408235, 0.0286818463355, 0.0202816314995, 0.00806674361229, 0.0062382738106, 0.00775018380955, 0.00571681093425, 0.0149637740105, 0.00894473399967, 0.00391547847539, 0.00753186503425, 0.00225615454838, 0.0058282292448, 0.00564341293648, 0.0045330086723, 0.00263122771867, 0.00174664403312, 0.00125710421707, 0.00150479888543, 0.00123481277842, 0.00126978335902, 0.00123459962197, 0.00129238190129, 0.000904939195607, 0.000861111213453, 0.0003042408498, 0.000307575275656, 0.000280385342194, 0.000399658805691, 0.000239827888436, 0.000233757469687, 0.000246907118708, 0.000237225365709, 0.000197161731194, 0.00012942905596, 0.000124524987768, 0.000138452378451, 0.000123200617963, 0.000121210425277, 6.02525797149e-05], "mean": [0.000993208843283, 0.00197391281836, 0.001056663692, 0.000372391601559, 0.00020684330957, 0.000177408815944, 0.000194580046809, 0.000322415668052, 0.000274431455182, 0.000160180672538, 0.000190175589523, 7.49533210183e-05, 0.000130686545162, 0.000117372859677, 0.000113438843982, 6.37626289972e-05, 6.27748449915e-05, 4.52311905974e-05, 3.69257795683e-05, 3.54224139301e-05, 3.06143701891e-05, 3.54305047949e-05, 3.45278749592e-05, 2.16423213715e-05, 2.2184505724e-05, 1.47735736391e-05, 1.34450310725e-05, 1.13184460133e-05, 8.68653023645e-06, 8.97416430234e-06, 6.97915811543e-06, 7.07839490133e-06, 6.73717022437e-06, 5.82489838052e-06, 4.52061431133e-06, 4.19337175117e-06, 3.83784299629e-06, 3.76348998543e-06, 3.60247486242e-06, 2.26044357987e-06], "median": [0.000401419296395, 0.000864737841766, 0.00054182310123, 0.000217259541387, 0.000112687586807, 7.52356208977e-05, 8.34380989545e-05, 9.97283350443e-05, 7.90054982645e-05, 5.72985118197e-05, 5.62815075682e-05, 2.99452258332e-05, 5.16299187439e-05, 3.96280447603e-05, 4.15292488469e-05, 2.9984921639e-05, 3.17787125823e-05, 2.23431616178e-05, 1.90457376448e-05, 1.82084586413e-05, 1.43748911796e-05, 1.53630608111e-05, 1.54920326167e-05, 1.05507733679e-05, 8.46921284392e-06, 7.06883201929e-06, 6.75441015119e-06, 4.66089113615e-06, 3.55531255991e-06, 3.70798557014e-06, 2.8547869988e-06, 2.81955158243e-06, 2.64036475528e-06, 2.43030831371e-06, 1.86492604826e-06, 1.63251934282e-06, 1.49899562985e-06, 1.35447157845e-06, 1.14536373985e-06, 8.71352995091e-07], "min": [4.29809286488e-25, 1.556474335e-24, 1.3076314165e-24, 4.03604234406e-24, 2.7121601957e-24, 2.08077426818e-24, 6.33942034071e-24, 1.99848818716e-24, 2.66353757052e-24, 2.41361322233e-24, 3.76496133804e-24, 2.80934845087e-24, 1.85730693424e-24, 4.48073388596e-24, 4.86101059621e-24, 4.00846928884e-24, 4.86443267482e-24, 5.59132618935e-24, 2.44616734252e-24, 5.18260473258e-24, 3.02691135815e-24, 4.89292041426e-24, 4.66931660738e-24, 5.08869005295e-24, 4.74692592653e-24, 5.24331073468e-24, 6.57307344666e-24, 4.85534894149e-24, 5.17802736718e-24, 6.34882435156e-24, 4.80395504795e-24, 6.98205246651e-24, 6.41857622166e-24, 7.05367472582e-24, 6.44041662468e-24, 6.39262467003e-24, 6.97771057609e-24, 6.58531577905e-24, 6.75800019221e-24, 5.73375187034e-24], "var": [2.48545325121e-06, 9.71494864643e-06, 2.45264754994e-06, 2.59325133811e-07, 1.15655971911e-07, 1.38682707984e-07, 1.25989316757e-07, 5.35412254976e-07, 3.48179838738e-07, 8.94538558782e-08, 1.61885111538e-07, 2.07148893594e-08, 8.97556233781e-08, 8.68610996463e-08, 5.67291209563e-08, 1.19303633639e-08, 9.44114830759e-09, 5.15752196506e-09, 3.74979158835e-09, 3.43702888372e-09, 2.71652522699e-09, 3.90377108417e-09, 3.07760505969e-09, 1.2867522603e-09, 1.81448889247e-09, 5.2551313301e-10, 5.0961296294e-10, 4.2012512913e-10, 2.80440476397e-10, 3.34391625501e-10, 1.84657802937e-10, 2.04931849268e-10, 1.87319312839e-10, 1.207751954e-10, 7.14247827549e-11, 7.97676785735e-11, 6.52300644055e-11, 5.81051422255e-11, 5.65781657635e-11, 1.49933537807e-11]}, "melbands_crest": {"dmean": 3.83054089546, "dmean2": 6.2773604393, "dvar": 10.7512874603, "dvar2": 28.1025257111, "max": 37.2444267273, "mean": 12.9452581406, "median": 12.1974058151, "min": 1.67965900898, "var": 24.5422000885}, "melbands_flatness_db": {"dmean": 0.0303021203727, "dmean2": 0.0485458299518, "dvar": 0.000966068822891, "dvar2": 0.00226466171443, "max": 0.412782013416, "mean": 0.153881371021, "median": 0.142651647329, "min": 0.00443965243176, "var": 0.00369732291438}, "melbands_kurtosis": {"dmean": 5.71428108215, "dmean2": 9.24937057495, "dvar": 86.492980957, "dvar2": 209.788482666, "max": 142.432388306, "mean": 8.54885292053, "median": 4.91889286041, "min": -1.7797421217, "var": 138.98034668}, "melbands_skewness": {"dmean": 0.777905762196, "dmean2": 1.21843779087, "dvar": 0.665231585503, "dvar2": 1.55021977425, "max": 10.1821718216, "mean": 2.24306106567, "median": 1.97234737873, "min": -1.16758787632, "var": 1.9103935957}, "melbands_spread": {"dmean": 11.1273336411, "dmean2": 17.6739063263, "dvar": 184.800796509, "dvar2": 391.868652344, "max": 217.176345825, "mean": 35.0125007629, "median": 30.2103767395, "min": 1.61432468891, "var": 595.179016113}, "mfcc": {"cov": [[12472.3515625, -430.538787842, -78.2135467529, -32.6825065613, 21.2393112183, 129.863220215, 106.557182312, 185.949386597, 103.935020447, 105.388839722, 150.657775879, 76.0665740967, -4.07746362686], [-430.538787842, 1328.70227051, -322.282470703, 104.881660461, 10.8177099228, 6.95530176163, 40.5493812561, 44.4719810486, -0.159873008728, -12.6076192856, -14.6967172623, -4.1648235321, 22.5362873077], [-78.2135467529, -322.282470703, 570.956237793, -180.811264038, 16.8596878052, 10.5679454803, -30.7941761017, -41.7043075562, -28.3209571838, 11.7174386978, 22.3969707489, 12.8622436523, -4.22927951813], [-32.6825065613, 104.881660461, -180.811264038, 342.55645752, 75.1122894287, 67.9565505981, 9.71892738342, -9.08152866364, 9.02670860291, -6.5300860405, -40.3819923401, -0.0366895534098, 12.8760061264], [21.2393112183, 10.8177099228, 16.8596878052, 75.1122894287, 194.067947388, 45.0356330872, 0.799622654915, 2.27604365349, 12.4250984192, 2.56921696663, 3.7530465126, 4.3978562355, 14.3375310898], [129.863220215, 6.95530176163, 10.5679454803, 67.9565505981, 45.0356330872, 148.674194336, 57.0576438904, 12.0401697159, 10.1687192917, 6.59739494324, -1.11789023876, 3.15085840225, 0.127126097679], [106.557182312, 40.5493812561, -30.7941761017, 9.71892738342, 0.799622654915, 57.0576438904, 124.396224976, 49.3976325989, 15.5629701614, 4.53549003601, 10.9961662292, 10.7795095444, 6.2344827652], [185.949386597, 44.4719810486, -41.7043075562, -9.08152866364, 2.27604365349, 12.0401697159, 49.3976325989, 104.210166931, 40.8109512329, 12.7733230591, 10.8121414185, 9.55253982544, 4.34301900864], [103.935020447, -0.159873008728, -28.3209571838, 9.02670860291, 12.4250984192, 10.1687192917, 15.5629701614, 40.8109512329, 86.5096664429, 32.8611183167, 7.30313253403, 1.23811531067, -2.1176173687], [105.388839722, -12.6076192856, 11.7174386978, -6.5300860405, 2.56921696663, 6.59739494324, 4.53549003601, 12.7733230591, 32.8611183167, 70.6262283325, 29.6101608276, 5.84551382065, -1.59120810032], [150.657775879, -14.6967172623, 22.3969707489, -40.3819923401, 3.7530465126, -1.11789023876, 10.9961662292, 10.8121414185, 7.30313253403, 29.6101608276, 78.405380249, 22.8402671814, 8.29364776611], [76.0665740967, -4.1648235321, 12.8622436523, -0.0366895534098, 4.3978562355, 3.15085840225, 10.7795095444, 9.55253982544, 1.23811531067, 5.84551382065, 22.8402671814, 72.0901489258, 27.0018672943], [-4.07746362686, 22.5362873077, -4.22927951813, 12.8760061264, 14.3375310898, 0.127126097679, 6.2344827652, 4.34301900864, -2.1176173687, -1.59120810032, 8.29364776611, 27.0018672943, 62.6708068848]], "icov": [[8.6578373157e-05, 3.78016666218e-05, 3.67379507225e-05, 1.05291264845e-05, 3.50941172655e-06, -8.48264462547e-05, 3.10121540679e-05, -0.000140991411172, 5.24202141605e-06, -4.1479630454e-05, -0.000125060294522, -4.83649273519e-05, 3.49223410012e-05], [3.78016666218e-05, 0.000906108820345, 0.000514968705829, 2.80292570096e-05, -9.49023742578e-05, -5.81091044296e-05, -8.43007073854e-05, -0.000313546916004, 0.000327080721036, -8.40992652229e-05, 3.11664189212e-05, 7.56205045036e-05, -0.000270227144938], [3.67379507225e-05, 0.000514968705829, 0.00274835573509, 0.00167479319498, -0.00071063474752, -0.00106503407005, 0.000538508757018, 0.000659182667732, 0.000761919247452, -0.000744246004615, 0.00035248560016, -0.000623218133114, -4.72138235637e-05], [1.05291264845e-05, 2.80292570096e-05, 0.00167479319498, 0.00485554849729, -0.00152748217806, -0.00208554882556, 0.000480621820316, 0.00105424807407, -5.02059174323e-06, -0.000777832581662, 0.00243322364986, -0.000793096667621, -0.000661372963805], [3.50941172655e-06, -9.49023742578e-05, -0.00071063474752, -0.00152748217806, 0.00632410356775, -0.00150212587323, 0.0009994112188, -0.000373085931642, -0.00105408846866, 0.000807471107692, -0.00124492042232, 0.000528911419678, -0.00129534117877], [-8.48264462547e-05, -5.81091044296e-05, -0.00106503407005, -0.00208554882556, -0.00150212587323, 0.0102084698156, -0.00508375372738, 0.000943980179727, -0.000315109355142, -0.000608663482126, 0.00029439284117, 0.000138668488944, 0.0010104397079], [3.10121540679e-05, -8.43007073854e-05, 0.000538508757018, 0.000480621820316, 0.0009994112188, -0.00508375372738, 0.0126634174958, -0.00530626578256, 0.00057302985806, 0.000767900783103, -0.00124738214072, -0.000582791341003, -0.000685407081619], [-0.000140991411172, -0.000313546916004, 0.000659182667732, 0.00105424807407, -0.000373085931642, 0.000943980179727, -0.00530626578256, 0.0152358934283, -0.00626035127789, 0.000691562250722, -0.000103678408777, -0.00105695566162, -0.000237927801209], [5.24202141605e-06, 0.000327080721036, 0.000761919247452, -5.02059174323e-06, -0.00105408846866, -0.000315109355142, 0.00057302985806, -0.00626035127789, 0.0177148301154, -0.00794994737953, 0.00188532669563, 0.000214460116695, 0.000608620233834], [-4.1479630454e-05, -8.40992652229e-05, -0.000744246004615, -0.000777832581662, 0.000807471107692, -0.000608663482126, 0.000767900783103, 0.000691562250722, -0.00794994737953, 0.0210739485919, -0.00783816725016, 0.000511420657858, 0.000912689429242], [-0.000125060294522, 3.11664189212e-05, 0.00035248560016, 0.00243322364986, -0.00124492042232, 0.00029439284117, -0.00124738214072, -0.000103678408777, 0.00188532669563, -0.00783816725016, 0.0186347514391, -0.00472332676873, -0.000646301021334], [-4.83649273519e-05, 7.56205045036e-05, -0.000623218133114, -0.000793096667621, 0.000528911419678, 0.000138668488944, -0.000582791341003, -0.00105695566162, 0.000214460116695, 0.000511420657858, -0.00472332676873, 0.0183617807925, -0.00716542964801], [3.49223410012e-05, -0.000270227144938, -4.72138235637e-05, -0.000661372963805, -0.00129534117877, 0.0010104397079, -0.000685407081619, -0.000237927801209, 0.000608620233834, 0.000912689429242, -0.000646301021334, -0.00716542964801, 0.0197840090841]], "mean": [-629.286437988, 99.9955444336, -0.212017193437, 15.414349556, 6.3878030777, 7.87852907181, 3.38546729088, 6.66306304932, 1.0624768734, 2.25206232071, 3.39849042892, 2.45213103294, -0.894791185856]}, "pitch_salience": {"dmean": 0.0804598778486, "dmean2": 0.130890861154, "dvar": 0.00531445723027, "dvar2": 0.0134993158281, "max": 0.945260882378, "mean": 0.55986058712, "median": 0.568882584572, "min": 0.126056432724, "var": 0.011893266812}, "silence_rate_20dB": {"dmean": 0, "dmean2": 0, "dvar": 0, "dvar2": 0, "max": 1, "mean": 1, "median": 1, "min": 1, "var": 0}, "silence_rate_30dB": {"dmean": 0.000180342656677, "dmean2": 0.000360717822332, "dvar": 0.000180307091796, "dvar2": 0.000540934561286, "max": 1, "mean": 0.999909818172, "median": 1, "min": 0, "var": 9.01543098735e-05}, "silence_rate_60dB": {"dmean": 0.00667267804965, "dmean2": 0.0133465593681, "dvar": 0.00662900088355, "dvar2": 0.0158753972501, "max": 1, "mean": 0.0870074853301, "median": 0, "min": 0, "var": 0.0794355496764}, "spectral_centroid": {"dmean": 304.296447754, "dmean2": 487.294708252, "dvar": 120339.679688, "dvar2": 290810.03125, "max": 11682.3642578, "mean": 1705.94360352, "median": 1634.1307373, "min": 294.323944092, "var": 632612.8125}, "spectral_complexity": {"dmean": 4.40577077866, "dmean2": 6.93588256836, "dvar": 26.5877342224, "dvar2": 58.6220169067, "max": 61, "mean": 23.434677124, "median": 23, "min": 0, "var": 139.649917603}, "spectral_contrast_coeffs": {"dmean": [0.0565383061767, 0.0460419952869, 0.0394999086857, 0.0288774501532, 0.020912764594, 0.0186250191182], "dmean2": [0.0929207578301, 0.0757484138012, 0.06524836272, 0.0480440482497, 0.0343928001821, 0.0297464951873], "dvar": [0.00205152807757, 0.0013716975227, 0.00101409759372, 0.00055034190882, 0.000299569859635, 0.000380352663342], "dvar2": [0.00552961230278, 0.00362514192238, 0.00270820828155, 0.00149951758794, 0.000781104841735, 0.000896838959306], "max": [-0.34657740593, -0.449098318815, -0.509224951267, -0.56711602211, -0.602847218513, -0.544390439987], "mean": [-0.662405192852, -0.745241761208, -0.769742846489, -0.786740958691, -0.78906929493, -0.774920165539], "median": [-0.663496255875, -0.750990629196, -0.777187764645, -0.78857165575, -0.790572464466, -0.776634097099], "min": [-0.99193751812, -0.973135530949, -0.97927314043, -0.968702793121, -0.977184295654, -0.96191316843], "var": [0.00547493854538, 0.00504761002958, 0.00440410617739, 0.00230578775518, 0.0019790425431, 0.00232716393657]}, "spectral_contrast_valleys": {"dmean": [0.422257870436, 0.325576633215, 0.327208071947, 0.293710649014, 0.272638350725, 0.288102328777], "dmean2": [0.691326737404, 0.538337767124, 0.537635445595, 0.47745847702, 0.424627155066, 0.375503957272], "dvar": [0.13009954989, 0.079619422555, 0.093134790659, 0.0938425958157, 0.122291579843, 0.161278158426], "dvar2": [0.319719940424, 0.196611091495, 0.227867260575, 0.221896529198, 0.273802489042, 0.294463187456], "max": [-5.40275001526, -4.64807224274, -5.36342763901, -5.50382089615, -5.26430559158, -7.35039377213], "mean": [-7.3733382225, -6.90229320526, -7.27553462982, -7.4991774559, -7.46209335327, -9.70888233185], "median": [-7.07851171494, -6.66385364532, -7.0126953125, -7.20868444443, -7.14358711243, -9.23970317841], "min": [-27.75938797, -27.8161811829, -27.8548297882, -27.5574016571, -27.4939460754, -27.4181690216], "var": [2.37081933022, 2.19816184044, 2.34419155121, 2.3869395256, 2.5769097805, 2.93603038788]}, "spectral_decrease": {"dmean": 2.56571031088e-09, "dmean2": 3.99312005683e-09, "dvar": 1.15732096817e-17, "dvar2": 2.68793828974e-17, "max": 1.26031694524e-15, "mean": -6.00616889557e-09, "median": -5.02441110939e-09, "min": -3.3061738236e-08, "var": 2.13754885376e-17}, "spectral_energy": {"dmean": 0.0102921565995, "dmean2": 0.0159241519868, "dvar": 0.000181055496796, "dvar2": 0.000418617390096, "max": 0.132594197989, "mean": 0.0254589710385, "median": 0.0218103192747, "min": 1.00462006279e-20, "var": 0.000359958561603}, "spectral_energyband_high": {"dmean": 0.000804785871878, "dmean2": 0.00116361177061, "dvar": 2.47047455559e-06, "dvar2": 5.51985476704e-06, "max": 0.0286679510027, "mean": 0.00190328422468, "median": 0.00101247010753, "min": 7.16881490086e-21, "var": 7.83108862379e-06}, "spectral_energyband_low": {"dmean": 0.00699129840359, "dmean2": 0.0110447388142, "dvar": 0.000127931038151, "dvar2": 0.00029702016036, "max": 0.10895191133, "mean": 0.00946374516934, "median": 0.00514288805425, "min": 8.72936043892e-24, "var": 0.000158715789439}, "spectral_energyband_middle_high": {"dmean": 0.00258700805716, "dmean2": 0.00427816435695, "dvar": 1.5029791939e-05, "dvar2": 4.03288649977e-05, "max": 0.0567021965981, "mean": 0.00676903547719, "median": 0.00487577123567, "min": 1.21039454856e-21, "var": 4.18700692535e-05}, "spectral_energyband_middle_low": {"dmean": 0.00417296262458, "dmean2": 0.00679933838546, "dvar": 3.47089116985e-05, "dvar2": 8.99135193322e-05, "max": 0.0811104774475, "mean": 0.00898086838424, "median": 0.00659949984401, "min": 2.73825762349e-22, "var": 6.92993635312e-05}, "spectral_entropy": {"dmean": 0.134610131383, "dmean2": 0.207966580987, "dvar": 0.0202532541007, "dvar2": 0.0442625395954, "max": 9.80869579315, "mean": 7.90584897995, "median": 7.95888233185, "min": 6.21591615677, "var": 0.149389609694}, "spectral_flux": {"dmean": 0.0261750146747, "dmean2": 0.0411092638969, "dvar": 0.000952373724431, "dvar2": 0.00198011915199, "max": 0.307424992323, "mean": 0.0894715413451, "median": 0.0838511586189, "min": 6.55603557553e-11, "var": 0.00239608297125}, "spectral_kurtosis": {"dmean": 0.996935963631, "dmean2": 1.58543920517, "dvar": 1.98927748203, "dvar2": 5.35781669617, "max": 32.2566719055, "mean": 4.01951646805, "median": 3.41329407692, "min": -1.24606263638, "var": 7.99156475067}, "spectral_rms": {"dmean": 0.000908470479771, "dmean2": 0.00137366878334, "dvar": 1.0375937336e-06, "dvar2": 2.27828991228e-06, "max": 0.0113736623898, "mean": 0.00456993049011, "median": 0.00461284723133, "min": 3.13068234531e-12, "var": 3.95358847527e-06}, "spectral_rolloff": {"dmean": 795.932250977, "dmean2": 1312.23925781, "dvar": 1351807, "dvar2": 2984803.25, "max": 21834.6679688, "mean": 2475.23022461, "median": 1787.25585938, "min": 86.1328125, "var": 7214468.5}, "spectral_skewness": {"dmean": 0.172016009688, "dmean2": 0.265254199505, "dvar": 0.0372159816325, "dvar2": 0.0872450768948, "max": 3.90814566612, "mean": 1.50490546227, "median": 1.4824975729, "min": -0.065830051899, "var": 0.195371776819}, "spectral_spread": {"dmean": 598896, "dmean2": 855440.1875, "dvar": 485898813440, "dvar2": 1034066329600.0, "max": 43386076, "mean": 5785546.5, "median": 5687699.5, "min": 1542446.75, "var"