{"lowlevel": {"average_loudness": 0.851618230343, "barkbands": {"dmean": [4.2304280214e-05, 0.00235188379884, 0.00144651369192, 0.000321499624988, 0.00147875631228, 0.00134784018155, 0.000364391220501, 0.00036756915506, 0.000456631416455, 0.0002721369965, 0.000304264045553, 9.91779306787e-05, 7.17480506864e-05, 0.000146007136209, 0.000168511644006, 0.000204349373234, 0.000181720024557, 0.000147019265569, 5.39026295883e-05, 0.000105900013295, 9.07304201974e-05, 0.000112522480777, 0.000122429351904, 0.000107398649561, 4.03682424803e-05, 1.50102523548e-05, 2.94612476637e-07], "dmean2": [7.16097129043e-05, 0.00352196861058, 0.00214380864054, 0.00052508211229, 0.00215885741636, 0.00199660798535, 0.00052622333169, 0.000541564892046, 0.000657860131469, 0.000387169682654, 0.000422222947236, 0.000133439185447, 0.000105400227767, 0.000221382040763, 0.000265408598352, 0.000341323873727, 0.000286428781692, 0.000223504626774, 8.22028450784e-05, 0.000152944659931, 0.000147924976773, 0.000185457669431, 0.000192087507457, 0.000167819642229, 6.35326796328e-05, 2.48123396887e-05, 4.89773185564e-07], "dvar": [6.46865094822e-09, 2.35702864302e-05, 1.55535017257e-05, 2.11684459828e-06, 1.15795328384e-05, 1.31842189148e-05, 3.22849859913e-06, 2.82947030428e-06, 3.28671580974e-06, 1.73724151864e-06, 2.58294699051e-06, 4.43823836349e-07, 1.33006622605e-07, 4.57268782839e-07, 5.15269562129e-07, 1.13570661142e-06, 1.00018485227e-06, 3.6299300632e-07, 3.38786918519e-08, 1.59393067634e-07, 1.1206955719e-07, 2.03765168294e-07, 3.73373239881e-07, 2.18796500917e-07, 2.25407852383e-08, 4.13599909876e-09, 1.68959160898e-12], "dvar2": [1.63364628492e-08, 5.82825196034e-05, 3.23003696394e-05, 5.52753454031e-06, 2.3704220439e-05, 2.66579099844e-05, 5.97612552156e-06, 5.92700325797e-06, 5.96057088842e-06, 3.37049755217e-06, 4.27892973676e-06, 5.96037295963e-07, 2.39010631731e-07, 9.36949845709e-07, 1.18958769235e-06, 3.03780120703e-06, 1.81782468189e-06, 8.20182947336e-07, 7.36568281923e-08, 3.17333586963e-07, 2.90003271175e-07, 5.4505846947e-07, 9.40974530295e-07, 5.03079775171e-07, 5.2814282725e-08, 1.07245350378e-08, 4.41942793125e-12], "max": [0.0027286526747, 0.0872029662132, 0.0779651403427, 0.0711767151952, 0.0858986675739, 0.0942638516426, 0.0825154185295, 0.0572363846004, 0.049471963197, 0.0578456521034, 0.0799935013056, 0.0537688359618, 0.0137172555551, 0.0214073117822, 0.0285185892135, 0.0531352944672, 0.0671350583434, 0.036510605365, 0.00641182297841, 0.0117508722469, 0.0110699767247, 0.0133959557861, 0.0338688194752, 0.0200713183731, 0.00470236875117, 0.00104106706567, 3.15146899084e-05], "mean": [5.47266208741e-05, 0.00588120380417, 0.00256773480214, 0.000558697909582, 0.00313272420317, 0.00294309412129, 0.000575341924559, 0.000533630605787, 0.000766040408053, 0.000436615024228, 0.00055209628772, 0.000156948444783, 0.000103967155155, 0.00020306276565, 0.000215787309571, 0.000218446512008, 0.000241847679717, 0.000233799102716, 7.22115437384e-05, 0.000167024045368, 9.12548857741e-05, 0.000102446334495, 0.000144059740705, 0.000123424164485, 3.88768894481e-05, 1.1991402971e-05, 3.0472139656e-07], "median": [2.4469811251e-05, 0.00244697229937, 0.000687401043251, 0.000138463074109, 0.000402179692173, 8.69643481565e-05, 1.4568451661e-05, 1.38257964863e-05, 1.82955791388e-05, 1.14487665996e-05, 9.18468685995e-06, 3.83872020393e-06, 3.97853546019e-06, 1.05435874502e-05, 1.59384999279e-05, 1.54338849825e-05, 1.70160292328e-05, 1.65865330928e-05, 5.11999132868e-06, 8.059875654e-06, 4.48497939942e-06, 3.59616205969e-06, 6.24349877398e-06, 4.70870554636e-06, 8.72260727647e-07, 2.97806025173e-07, 7.16421482139e-08], "min": [5.00244605955e-25, 3.06188984512e-24, 3.20983015688e-25, 1.1234475807e-24, 5.28357735073e-24, 1.01193988294e-23, 9.31842812039e-24, 7.12784816129e-24, 1.82458226232e-23, 1.61658961833e-23, 1.70914004191e-23, 1.24038666468e-23, 2.02783748104e-23, 4.84637422875e-23, 3.39573443915e-23, 4.87397678736e-23, 5.8909046378e-23, 9.77597391408e-23, 1.17333353507e-22, 1.80791318963e-22, 2.67480670099e-22, 2.14191210063e-22, 3.55035799233e-22, 5.91668448597e-22, 9.35531175378e-22, 1.33419012439e-21, 1.93848908174e-21], "var": [9.25913035132e-09, 6.80240700603e-05, 3.27335365e-05, 2.86965041596e-06, 4.54572036688e-05, 5.24145689269e-05, 1.08333460958e-05, 4.94647383675e-06, 8.31313536764e-06, 4.13218140238e-06, 8.98275993677e-06, 1.62031903983e-06, 3.35937613727e-07, 9.65659069152e-07, 9.25626352455e-07, 1.05355081814e-06, 2.34963704315e-06, 6.90828755978e-07, 6.72447555417e-08, 3.58638857278e-07, 1.07068736099e-07, 1.70426645241e-07, 3.89042924098e-07, 2.88185447062e-07, 2.35114434588e-08, 3.17379322823e-09, 1.37164899664e-12]}, "barkbands_crest": {"dmean": 2.66272187233, "dmean2": 4.2121925354, "dvar": 7.21572780609, "dvar2": 16.6736888885, "max": 26.7110137939, "mean": 14.9078550339, "median": 14.5696210861, "min": 2.40591406822, "var": 30.7193164825}, "barkbands_flatness_db": {"dmean": 0.0293143540621, "dmean2": 0.0408681295812, "dvar": 0.00111152045429, "dvar2": 0.00188608583994, "max": 0.504976570606, "mean": 0.232957094908, "median": 0.219354718924, "min": 0.031253580004, "var": 0.00980176310986}, "barkbands_kurtosis": {"dmean": 16.1835002899, "dmean2": 24.8960437775, "dvar": 1153.95703125, "dvar2": 2574.97119141, "max": 876.120056152, "mean": 38.9241256714, "median": 12.2221136093, "min": -1.94400417805, "var": 4813.25146484}, "barkbands_skewness": {"dmean": 1.0914812088, "dmean2": 1.64971208572, "dvar": 1.98328602314, "dvar2": 4.31116533279, "max": 25.6233711243, "mean": 3.63595247269, "median": 2.85450839996, "min": -5.06864929199, "var": 10.7571287155}, "barkbands_spread": {"dmean": 6.26425123215, "dmean2": 9.37138557434, "dvar": 129.153289795, "dvar2": 260.320007324, "max": 112.812080383, "mean": 15.1132459641, "median": 8.4773273468, "min": 0.16056612134, "var": 333.891540527}, "dissonance": {"dmean": 0.0191167294979, "dmean2": 0.0313851423562, "dvar": 0.000445591576863, "dvar2": 0.00110606406815, "max": 0.499999970198, "mean": 0.454123586416, "median": 0.463771313429, "min": 0.172050356865, "var": 0.00150059477892}, "dynamic_complexity": 6.09645652771, "erbbands": {"dmean": [0.0575470887125, 0.578475773335, 1.61079144478, 1.20293915272, 1.8902990818, 5.29976701736, 14.1779003143, 6.95533847809, 4.02773237228, 7.06257200241, 8.51283073425, 11.4717063904, 6.49350690842, 11.0559310913, 8.43699741364, 4.31852960587, 3.17726540565, 6.28668737411, 7.36328601837, 9.64173698425, 11.1345767975, 9.20545768738, 7.87364721298, 4.36882209778, 2.6544277668, 5.0427775383, 4.14966964722, 3.37808442116, 3.63825726509, 4.22599840164, 3.45641040802, 2.57936573029, 1.55094659328, 0.570336043835, 0.242913708091, 0.106624893844, 0.0188777782023, 0.00110489840154, 6.26563050901e-05, 1.12225188786e-05], "dmean2": [0.0891182497144, 0.856803357601, 2.38463282585, 1.84777271748, 2.93645811081, 7.54002571106, 20.8081970215, 10.083896637, 5.94929552078, 10.5077733994, 12.1424121857, 16.0919952393, 9.25834178925, 14.7379636765, 10.9677600861, 5.62650918961, 4.44434261322, 9.37785625458, 11.1428718567, 15.3009223938, 18.3508968353, 13.8939685822, 12.0410203934, 6.36494636536, 3.93982648849, 7.25815677643, 6.36070775986, 5.56696033478, 6.02657938004, 6.82876729965, 5.41360855103, 4.07424783707, 2.41590237617, 0.885645389557, 0.389596670866, 0.175930649042, 0.031208332628, 0.00180632236879, 0.000101662364614, 1.66553782037e-05], "dvar": [0.0132839083672, 1.5113158226, 18.8407936096, 11.5617370605, 58.3815383911, 193.177688599, 1402.82019043, 467.743896484, 533.768981934, 1146.59631348, 1270.98901367, 2384.26342773, 1179.12438965, 2265.15039062, 1837.3927002, 933.297912598, 206.102493286, 903.252380371, 952.085205078, 1547.50195312, 3689.29956055, 1914.49133301, 1410.2598877, 208.019241333, 99.6282196045, 360.575134277, 194.331985474, 179.567092896, 230.244033813, 340.362976074, 280.81741333, 147.297714233, 40.7272567749, 4.67310380936, 0.90489846468, 0.207655847073, 0.00646992772818, 2.05326414289e-05, 5.71673908212e-08, 6.36727170988e-10], "dvar2": [0.0354663692415, 3.62398767471, 37.3391685486, 28.746099472, 152.440338135, 360.522979736, 2944.65087891, 989.62298584, 1072.91430664, 2499.7043457, 2406.61547852, 4297.86914062, 2258.79150391, 3585.19970703, 2689.60742188, 1127.9597168, 376.511352539, 1793.49768066, 2092.29394531, 3728.87158203, 9780.97363281, 2982.15112305, 3228.60644531, 403.547088623, 242.083068848, 663.631958008, 455.25958252, 482.868408203, 620.940551758, 897.708312988, 690.966430664, 351.175140381, 91.4928207397, 10.523932457, 2.22483158112, 0.537301063538, 0.016784504056, 5.2249080909e-05, 1.46174144788e-07, 1.6313373985e-09], "max": [1.74636435509, 21.6608200073, 89.9362869263, 111.617652893, 296.423126221, 495.584014893, 822.403198242, 461.828216553, 1109.53430176, 1112.34960938, 1020.00183105, 1570.41418457, 1417.50097656, 1430.0748291, 2382.55810547, 2640.69555664, 691.20489502, 1187.10131836, 1446.19152832, 1086.66137695, 3562.20849609, 3289.14233398, 2532.72338867, 488.197845459, 440.012695312, 606.958679199, 572.507568359, 287.329559326, 461.994903564, 818.207702637, 890.854492188, 531.645996094, 223.208526611, 86.52684021, 18.7568473816, 8.45843029022, 1.22286272049, 0.117703691125, 0.00516818463802, 0.000787338009104], "mean": [0.13333722949, 1.45834958553, 3.14613652229, 2.39134097099, 3.42072725296, 11.7747964859, 31.1401042938, 15.5032911301, 6.88747835159, 10.0804452896, 14.2146949768, 19.7825584412, 10.2081890106, 20.9262599945, 16.1652183533, 7.29879188538, 5.25521087646, 9.09274101257, 10.7732992172, 12.7746963501, 12.8889484406, 12.7797651291, 12.1266622543, 7.14747333527, 3.85547733307, 8.06953811646, 5.32840776443, 3.11870288849, 3.24598073959, 4.46915340424, 4.05792427063, 3.06046247482, 1.71657967567, 0.588521063328, 0.213674083352, 0.0857407674193, 0.0152332186699, 0.000973141053692, 7.15553251212e-05, 2.81482116407e-05], "median": [0.0664339661598, 0.537014186382, 1.00684058666, 0.867318928242, 0.966236889362, 1.23175656796, 1.56794083118, 0.756750762463, 0.536212027073, 0.454723745584, 0.555027425289, 0.514863848686, 0.446713358164, 0.549130022526, 0.364473074675, 0.208167374134, 0.209181308746, 0.495256364346, 0.762027680874, 0.886074304581, 1.0336805582, 0.988052785397, 0.907250165939, 0.442755579948, 0.283485531807, 0.395495802164, 0.286644786596, 0.149834558368, 0.113411463797, 0.169192925096, 0.173744276166, 0.122643694282, 0.0608423985541, 0.0161482617259, 0.00442783161998, 0.00184907077346, 0.000431410007877, 6.9825699029e-05, 2.02467490453e-05, 1.8701515728e-05], "min": [4.58472042608e-23, 7.41420047315e-22, 1.59490539715e-21, 7.12218744059e-21, 8.51243248105e-21, 1.0012543909e-20, 5.58448953957e-20, 8.30676419993e-20, 1.43559663926e-19, 2.24132910476e-19, 1.99360259922e-19, 4.15942161704e-19, 5.78209846426e-19, 5.06671493041e-19, 1.07525735153e-18, 8.8943184731e-19, 1.30693327032e-18, 2.1931792315e-18, 2.83250237065e-18, 2.4260189934e-18, 3.5367972382e-18, 4.50237261186e-18, 5.28479820378e-18, 5.38066016497e-18, 7.1972356441e-18, 8.98179096172e-18, 9.49343691217e-18, 9.35066553844e-18, 8.62625384519e-18, 1.10864097553e-17, 1.1166908491e-17, 1.04546058947e-17, 1.0409981155e-17, 8.17760927891e-18, 6.72358664868e-18, 4.21964889593e-18, 2.5006459875e-18, 8.87741917318e-19, 2.61054194666e-19, 2.52193862459e-20], "var": [0.0348173715174, 4.35533237457, 41.7318649292, 19.9317913055, 92.8390426636, 820.501525879, 5178.01025391, 1724.6661377, 1858.88305664, 2110.8918457, 2724.02880859, 6184.57714844, 2571.72875977, 7409.22851562, 7283.06298828, 3230.28125, 594.442016602, 1868.24511719, 2195.72167969, 2948.81835938, 4394.52929688, 5417.63476562, 2463.3137207, 572.976928711, 154.542068481, 854.836730957, 291.401245117, 148.88420105, 186.606613159, 308.721160889, 315.508483887, 185.327728271, 53.6296310425, 5.46694135666, 0.813536942005, 0.159937247634, 0.00499124871567, 1.68421447597e-05, 4.97101950714e-08, 1.06208930539e-09]}, "erbbands_crest": {"dmean": 2.90039110184, "dmean2": 4.60916376114, "dvar": 7.86360645294, "dvar2": 17.9049282074, "max": 31.3430347443, "mean": 12.1710271835, "median": 11.2418174744, "min": 2.40329790115, "var": 31.8759746552}, "erbbands_flatness_db": {"dmean": 0.0203596018255, "dmean2": 0.0300151687115, "dvar": 0.000473249499919, "dvar2": 0.000989143038169, "max": 0.361150622368, "mean": 0.178330123425, "median": 0.178176924586, "min": 0.0292846821249, "var": 0.0024623950012}, "erbbands_kurtosis": {"dmean": 2.48106575012, "dmean2": 3.85599207878, "dvar": 24.7783908844, "dvar2": 51.0636749268, "max": 160.614074707, "mean": 3.88377833366, "median": 1.00431919098, "min": -1.89648294449, "var": 76.2635574341}, "erbbands_skewness": {"dmean": 0.569454669952, "dmean2": 0.845211565495, "dvar": 0.439241588116, "dvar2": 0.807828128338, "max": 10.5648918152, "mean": 1.00884377956, "median": 0.891569435596, "min": -5.26939487457, "var": 2.74573945999}, "erbbands_spread": {"dmean": 11.5433034897, "dmean2": 17.9394378662, "dvar": 213.607696533, "dvar2": 522.900390625, "max": 184.665985107, "mean": 41.6442260742, "median": 35.9027366638, "min": 1.52225971222, "var": 661.817077637}, "gfcc": {"cov": [[26069.7578125, 378.06552124, -3802.14306641, 286.314178467, -2877.56347656, 358.236419678, -1206.5604248, 459.798339844, -488.400024414, -285.004577637, 374.593505859, 50.3346633911, 248.218765259], [378.06552124, 2042.28979492, 367.802154541, -373.122497559, 393.49822998, -161.923202515, 319.192047119, -88.244934082, 74.1135253906, -193.359222412, 96.796661377, -147.879669189, -18.8213615417], [-3802.14306641, 367.802154541, 1760.140625, 364.421813965, 694.889648438, 71.5120544434, 190.790130615, -58.1628494263, 114.35243988, 38.5555496216, -144.363525391, -73.7361831665, -101.308029175], [286.314178467, -373.122497559, 364.421813965, 737.497680664, 249.15713501, 65.2502975464, -89.9428482056, 36.2308197021, 75.9234008789, 69.2316818237, -126.955734253, -15.6422185898, -15.4664545059], [-2877.56347656, 393.49822998, 694.889648438, 249.15713501, 962.496887207, 28.284324646, 284.58480835, -28.6054897308, 154.315078735, 86.6513214111, -174.5287323, -43.6797218323, -71.6705474854], [358.236419678, -161.923202515, 71.5120544434, 65.2502975464, 28.284324646, 293.963104248, 83.3543319702, 29.7778301239, -6.10361385345, 31.931438446, -20.4722633362, -4.72032880783, -39.7620201111], [-1206.5604248, 319.192047119, 190.790130615, -89.9428482056, 284.58480835, 83.3543319702, 342.695800781, -5.47852230072, 35.8025665283, 20.3104801178, -32.0002937317, -29.5092277527, -51.7947387695], [459.798339844, -88.244934082, -58.1628494263, 36.2308197021, -28.6054897308, 29.7778301239, -5.47852230072, 148.140670776, 30.9543418884, 9.71563434601, 4.95725536346, -5.64481401443, 10.4755659103], [-488.400024414, 74.1135253906, 114.35243988, 75.9234008789, 154.315078735, -6.10361385345, 35.8025665283, 30.9543418884, 132.403640747, 26.7262401581, -25.9082221985, -18.9509506226, -13.7312393188], [-285.004577637, -193.359222412, 38.5555496216, 69.2316818237, 86.6513214111, 31.931438446, 20.3104801178, 9.71563434601, 26.7262401581, 132.847625732, -49.29662323, 8.65634441376, -24.7196311951], [374.593505859, 96.796661377, -144.363525391, -126.955734253, -174.5287323, -20.4722633362, -32.0002937317, 4.95725536346, -25.9082221985, -49.29662323, 185.725204468, 23.5819568634, 39.6098518372], [50.3346633911, -147.879669189, -73.7361831665, -15.6422185898, -43.6797218323, -4.72032880783, -29.5092277527, -5.64481401443, -18.9509506226, 8.65634441376, 23.5819568634, 105.174613953, 30.4762973785], [248.218765259, -18.8213615417, -101.308029175, -15.4664545059, -71.6705474854, -39.7620201111, -51.7947387695, 10.4755659103, -13.7312393188, -24.7196311951, 39.6098518372, 30.4762973785, 92.2977294922]], "icov": [[0.000293217250146, -0.000830573320854, 0.000583854794968, -0.000813894788735, 0.000803124916274, -0.000867016089614, 0.000800350971986, -0.00077407975914, 0.000657334341668, -0.000564060872421, 0.000518182758242, -0.000564342190046, 0.000244340888457], [-0.000830573320854, 0.00342954159714, -0.001753788325, 0.00273923878558, -0.00270807580091, 0.00295579433441, -0.00287211081013, 0.00255419802852, -0.00225666537881, 0.00293674296699, -0.00209725042805, 0.00280145253055, -0.000838260690216], [0.000583854794968, -0.001753788325, 0.00205065077171, -0.00195059855469, 0.0011076197261, -0.00186685891822, 0.00161872361787, -0.00127602694556, 0.00130740110762, -0.000954469956923, 0.00100083998404, -0.0010219841497, 0.000952022266574], [-0.000813894788735, 0.00273923878558, -0.00195059855469, 0.00458651408553, -0.0029249151703, 0.00193288142327, -0.00104564591311, 0.00186970911454, -0.00245586060919, 0.00170947099105, -0.000858432031237, 0.0021676463075, -0.00111745134927], [0.000803124916274, -0.00270807580091, 0.0011076197261, -0.0029249151703, 0.00495620444417, -0.00206302688457, 0.000565128284506, -0.00167934410274, 0.000338548241416, -0.00251597235911, 0.00280883908272, -0.00229701912031, 0.000410634063883], [-0.000867016089614, 0.00295579433441, -0.00186685891822, 0.00193288142327, -0.00206302688457, 0.00711141433567, -0.00414514029399, 0.00149877893273, -0.00123373605311, 0.0016760812141, -0.00193059851881, 0.00180732575245, 0.000671730493195], [0.000800350971986, -0.00287211081013, 0.00161872361787, -0.00104564591311, 0.000565128284506, -0.00414514029399, 0.00792866386473, -0.00259970454499, 0.00206636730582, -0.00220454973169, 0.00144091807306, -0.0016272283392, 0.00189683889039], [-0.00077407975914, 0.00255419802852, -0.00127602694556, 0.00186970911454, -0.00167934410274, 0.00149877893273, -0.00259970454499, 0.0101154437289, -0.00437874067575, 0.00153148290701, -0.00169709720649, 0.00260969880037, -0.00212465110235], [0.000657334341668, -0.00225666537881, 0.00130740110762, -0.00245586060919, 0.000338548241416, -0.00123373605311, 0.00206636730582, -0.00437874067575, 0.0122798578814, -0.00288997078314, 0.000610735092778, -0.000525205919985, 0.00114769057836], [-0.000564060872421, 0.00293674296699, -0.000954469956923, 0.00170947099105, -0.00251597235911, 0.0016760812141, -0.00220454973169, 0.00153148290701, -0.00288997078314, 0.0122101092711, -0.000101164623629, 0.000567071838304, 0.00140843528789], [0.000518182758242, -0.00209725042805, 0.00100083998404, -0.000858432031237, 0.00280883908272, -0.00193059851881, 0.00144091807306, -0.00169709720649, 0.000610735092778, -0.000101164623629, 0.00905469805002, -0.00272480282001, -0.00143829057924], [-0.000564342190046, 0.00280145253055, -0.0010219841497, 0.0021676463075, -0.00229701912031, 0.00180732575245, -0.0016272283392, 0.00260969880037, -0.000525205919985, 0.000567071838304, -0.00272480282001, 0.0138216083869, -0.00420469604433], [0.000244340888457, -0.000838260690216, 0.000952022266574, -0.00111745134927, 0.000410634063883, 0.000671730493195, 0.00189683889039, -0.00212465110235, 0.00114769057836, 0.00140843528789, -0.00143829057924, -0.00420469604433, 0.0153315737844]], "mean": [-125.181388855, 100.695121765, -83.3493652344, 54.9738883972, -39.2059745789, 13.306517601, -36.5588569641, 7.19897031784, -10.4103393555, -5.57596349716, -12.4658412933, -1.13637924194, -0.660450994968]}, "hfc": {"dmean": 5.77388525009, "dmean2": 8.33380126953, "dvar": 203.105712891, "dvar2": 471.521148682, "max": 456.220733643, "mean": 11.8800592422, "median": 3.30558729172, "min": 1.08454237533e-16, "var": 463.034698486}, "melbands": {"dmean": [0.000597150879912, 0.000772511179093, 0.000218784072786, 0.000241360161453, 0.000427596882218, 0.000176884161192, 6.44087049295e-05, 7.81797352829e-05, 7.54601205699e-05, 6.78181895637e-05, 3.16154437314e-05, 4.46206940978e-05, 3.74394476239e-05, 1.14507447506e-05, 9.79769265541e-06, 7.95747291704e-06, 1.26452223412e-05, 1.21109505926e-05, 1.32974846565e-05, 1.29891150209e-05, 1.4698922314e-05, 1.13307442007e-05, 7.12550718163e-06, 7.52786900193e-06, 3.46399565387e-06, 1.68063536421e-06, 2.45451951741e-06, 3.82408779842e-06, 2.88706769425e-06, 2.34736285165e-06, 1.83940176157e-06, 1.91367439584e-06, 2.5424424166e-06, 2.31162357522e-06, 2.040309937e-06, 1.87364207704e-06, 1.54610336267e-06, 1.25593783196e-06, 6.64699655317e-07, 4.3041248432e-07], "dmean2": [0.000903209089302, 0.00114149565343, 0.000333294738084, 0.000352081289748, 0.000622027670033, 0.000259086111328, 9.49678869802e-05, 0.000116455899843, 0.000107110594399, 9.60809265962e-05, 4.56056077383e-05, 6.04462438787e-05, 5.00303103763e-05, 1.56134356075e-05, 1.33341018227e-05, 1.15199209176e-05, 1.9143721147e-05, 1.84031196113e-05, 2.09052068385e-05, 2.13415059989e-05, 2.43729173235e-05, 1.7355880118e-05, 1.10990531539e-05, 1.12511906991e-05, 5.16752470503e-06, 2.55509507952e-06, 3.65764867638e-06, 5.47604122403e-06, 4.38099641542e-06, 3.88228636439e-06, 3.0712114949e-06, 3.21539118886e-06, 4.19611797042e-06, 3.71241276298e-06, 3.21823586091e-06, 2.96550297207e-06, 2.45820820055e-06, 1.98409202312e-06, 1.04225512132e-06, 6.78542335208e-07], "dvar": [1.46080515151e-06, 3.38418703905e-06, 4.5330108378e-07, 4.70340154379e-07, 1.10921973828e-06, 2.66407909066e-07, 1.22880919662e-07, 1.34505881988e-07, 8.85219293423e-08, 8.3676020779e-08, 3.09536716259e-08, 3.78073323759e-08, 4.04401134801e-08, 7.07855463133e-09, 3.52700224582e-09, 1.60516622216e-09, 3.75712083667e-09, 3.0566311704e-09, 3.58628726715e-09, 3.08813086214e-09, 8.1523232609e-09, 3.9886187686e-09, 9.94818893929e-10, 8.53334514161e-10, 1.5648130014e-10, 2.80106614986e-11, 1.29642671598e-10, 2.17754536624e-10, 1.031647337e-10, 8.01527594296e-11, 5.89738050061e-11, 6.64108074089e-11, 1.21550589038e-10, 1.2284162576e-10, 1.21714957557e-10, 7.45036254912e-11, 5.73642591761e-11, 2.9340734703e-11, 6.19799177259e-12, 3.26668791843e-12], "dvar2": [3.71874102711e-06, 6.88346244715e-06, 1.13576959393e-06, 9.30114879338e-07, 2.34019398704e-06, 5.54020459731e-07, 2.38216131265e-07, 2.99270965343e-07, 1.58563821628e-07, 1.50400737198e-07, 5.94224438544e-08, 5.99906826437e-08, 6.11568466979e-08, 1.010978945e-08, 5.43701528244e-09, 3.34617267228e-09, 7.72661845616e-09, 6.76559341883e-09, 8.76539907324e-09, 7.55587148404e-09, 2.13906670155e-08, 6.10315442628e-09, 2.34089481133e-09, 1.9160970588e-09, 3.18413406752e-10, 6.18710638278e-11, 3.19976017904e-10, 4.01964683761e-10, 2.31120705907e-10, 2.09079073499e-10, 1.60727403609e-10, 1.81429357649e-10, 3.27146282286e-10, 3.24429400012e-10, 3.0590122102e-10, 1.81854406534e-10, 1.36337566237e-10, 6.75611788736e-11, 1.37199219e-11, 7.72140424515e-12], "max": [0.0215914323926, 0.0348372608423, 0.0286479052156, 0.0228660590947, 0.025539662689, 0.0115834325552, 0.0149336820468, 0.0109361587092, 0.00753792375326, 0.00917337462306, 0.00711979530752, 0.0067305341363, 0.0116725750268, 0.00696639483795, 0.00395515980199, 0.00169347191695, 0.00216106628068, 0.00270855869167, 0.00312007707544, 0.00165814126376, 0.00534774689004, 0.00497012352571, 0.00195327564143, 0.00132168352138, 0.000406554609071, 0.000186649340321, 0.000564515648875, 0.000531632511411, 0.000383373291697, 0.000199025016627, 0.000179704322363, 0.000213645733311, 0.000353480892954, 0.000568979652599, 0.000641552149318, 0.000324830587488, 0.000367202417692, 0.000211978825973, 6.87886204105e-05, 8.20235800347e-05], "mean": [0.00147883058526, 0.00179576152004, 0.000429588777479, 0.000504302617628, 0.000982629600912, 0.000391221692553, 0.00010570086306, 0.000107943618787, 0.00012898199202, 0.000113547212095, 4.59982184111e-05, 8.21463327156e-05, 7.06730861566e-05, 1.72367890627e-05, 1.52283000716e-05, 1.18297584777e-05, 1.72673881025e-05, 1.70726161741e-05, 1.7168944396e-05, 1.49753741425e-05, 1.63242184499e-05, 1.47912678585e-05, 9.84579764918e-06, 1.15753009595e-05, 5.2148998293e-06, 2.27544069276e-06, 3.5138880321e-06, 5.99499935561e-06, 3.8795283217e-06, 2.20291394726e-06, 1.62162723427e-06, 1.64301809491e-06, 2.33607397604e-06, 2.51173742072e-06, 2.32768184105e-06, 2.18415425479e-06, 1.77031813564e-06, 1.35774951104e-06, 7.16451381777e-07, 4.15856618474e-07], "median": [0.000686923973262, 0.000664911640342, 0.000168524828041, 6.26749024377e-05, 6.38182100374e-05, 1.40166557685e-05, 4.05362197853e-06, 3.59295836461e-06, 3.63226922673e-06, 2.66878714683e-06, 1.50799098719e-06, 2.03986473934e-06, 1.23667689422e-06, 5.08021912538e-07, 3.87704716331e-07, 5.13053578288e-07, 8.94490881365e-07, 1.06840695935e-06, 1.2304694792e-06, 9.77388822321e-07, 1.20458446418e-06, 1.03804848095e-06, 8.20329432827e-07, 7.24697883925e-07, 2.97336896438e-07, 1.77815380198e-07, 1.9899530912e-07, 2.75303875696e-07, 1.85651131801e-07, 1.02961962511e-07, 6.57041354657e-08, 4.90731260072e-08, 7.52908491108e-08, 9.36586630473e-08, 8.57377457919e-08, 9.02477026443e-08, 6.04656165137e-08, 3.95078352255e-08, 2.14087005901e-08, 7.71861508042e-09], "min": [6.89377212729e-25, 1.58418672278e-24, 1.58515879663e-24, 9.91417804538e-25, 1.45941880568e-24, 2.0781400644e-24, 2.38699705538e-24, 2.4733512921e-24, 2.17269253807e-24, 2.55837669261e-24, 2.96556085669e-24, 2.07549402771e-24, 2.50362737921e-24, 1.64388889937e-24, 2.52141007895e-24, 3.42006543382e-24, 3.77588430056e-24, 2.78815353329e-24, 3.67991266612e-24, 2.64505870103e-24, 3.50671864881e-24, 3.5499829363e-24, 3.04307354038e-24, 4.13089458488e-24, 3.48249706915e-24, 4.41568914888e-24, 4.50726012276e-24, 4.21376678955e-24, 4.50570133361e-24, 5.48987473263e-24, 3.90225547884e-24, 4.60862283262e-24, 3.78765371084e-24, 4.53433027915e-24, 6.36413732502e-24, 5.2333545212e-24, 5.34518935958e-24, 6.29634301326e-24, 5.97763255793e-24, 6.78990093836e-24], "var": [4.28214525527e-06, 8.20461809781e-06, 7.09244432073e-07, 1.82460621545e-06, 4.39991526946e-06, 1.02303090443e-06, 4.32577479614e-07, 2.32018408042e-07, 2.10960564573e-07, 2.12691091406e-07, 6.65486723506e-08, 1.21030780065e-07, 1.58702420094e-07, 1.95964453553e-08, 1.02673434199e-08, 3.98237487431e-09, 7.13690884169e-09, 7.34478078357e-09, 6.34495256335e-09, 4.1841472509e-09, 9.97985605267e-09, 1.07227320356e-08, 1.56335033807e-09, 1.70247815845e-09, 3.72487179989e-10, 5.20872789345e-11, 1.85982368395e-10, 5.05135488993e-10, 1.79711079351e-10, 7.16987580418e-11, 4.64478108753e-11, 5.17770375186e-11, 9.87156398291e-11, 1.09038084117e-10, 1.24001420243e-10, 8.82902709276e-11, 7.24963700183e-11, 3.78169683068e-11, 7.92698112012e-12, 3.35209139092e-12]}, "melbands_crest": {"dmean": 3.01191449165, "dmean2": 4.78711605072, "dvar": 8.9086894989, "dvar2": 21.588596344, "max": 36.869556427, "mean": 18.5419101715, "median": 18.655632019, "min": 1.50330913067, "var": 33.6445846558}, "melbands_flatness_db": {"dmean": 0.0361099727452, "dmean2": 0.0492859892547, "dvar": 0.00187364942394, "dvar2": 0.0031302110292, "max": 0.659170091152, "mean": 0.317318528891, "median": 0.302261263132, "min": 0.00337808509357, "var": 0.0178320147097}, "melbands_kurtosis": {"dmean": 26.1300849915, "dmean2": 41.2504310608, "dvar": 2438.79858398, "dvar2": 5803.21923828, "max": 883.340148926, "mean": 60.0448150635, "median": 29.9300460815, "min": -1.86646366119, "var": 6246.7890625}, "melbands_skewness": {"dmean": 1.26468217373, "dmean2": 1.94357836246, "dvar": 2.62913799286, "dvar2": 6.16990232468, "max": 20.0486564636, "mean": 4.56703948975, "median": 3.87647485733, "min": -1.59312295914, "var": 9.97068786621}, "melbands_spread": {"dmean": 8.05997562408, "dmean2": 12.3415470123, "dvar": 364.546478271, "dvar2": 786.082946777, "max": 273.318572998, "mean": 16.8174209595, "median": 6.22573804855, "min": 0.231840983033, "var": 854.901672363}, "mfcc": {"cov": [[14963.0615234, -1537.70532227, -1003.50219727, -1220.70812988, -1151.8470459, -1005.04840088, -366.394500732, 50.5838050842, -924.143249512, 250.350753784, -569.118469238, -49.281829834, -123.709571838], [-1537.70532227, 2608.56518555, 178.463409424, 114.975410461, 126.816291809, 105.775917053, 241.819000244, 134.289306641, 81.8882598877, 62.1107444763, 39.3519554138, 18.6290092468, -12.8826904297], [-1003.50219727, 178.463409424, 1010.79101562, 268.975708008, 254.149536133, 142.445663452, 52.0854454041, 39.696346283, 62.4792671204, 13.1909761429, 18.9809474945, 33.8886375427, 3.78765892982], [-1220.70812988, 114.975410461, 268.975708008, 695.919433594, 403.036468506, 192.855102539, 1.42958986759, -4.29811143875, 247.75340271, -30.3139705658, 85.9343185425, 28.2894439697, 49.3997116089], [-1151.8470459, 126.816291809, 254.149536133, 403.036468506, 495.020355225, 164.284210205, 22.936630249, 25.7423934937, 184.864532471, 12.4096460342, 60.4278182983, 22.8228569031, 30.9238853455], [-1005.04840088, 105.775917053, 142.445663452, 192.855102539, 164.284210205, 388.097381592, 104.503837585, 34.7822341919, 166.395874023, -10.8737859726, 118.131500244, 6.94781780243, 14.1223039627], [-366.394500732, 241.819000244, 52.0854454041, 1.42958986759, 22.936630249, 104.503837585, 212.52583313, 62.9578323364, 39.9518852234, 20.3063831329, 36.5809860229, 11.1813516617, 18.0198631287], [50.5838050842, 134.289306641, 39.696346283, -4.29811143875, 25.7423934937, 34.7822341919, 62.9578323364, 142.446548462, 12.1696176529, 26.0531806946, -0.808243274689, 7.56496667862, 18.0867195129], [-924.143249512, 81.8882598877, 62.4792671204, 247.75340271, 184.864532471, 166.395874023, 39.9518852234, 12.1696176529, 295.281799316, -1.57670617104, 104.068344116, 6.3280673027, 25.5808639526], [250.350753784, 62.1107444763, 13.1909761429, -30.3139705658, 12.4096460342, -10.8737859726, 20.3063831329, 26.0531806946, -1.57670617104, 126.064735413, 9.27198123932, 9.24338150024, -2.38427805901], [-569.118469238, 39.3519554138, 18.9809474945, 85.9343185425, 60.4278182983, 118.131500244, 36.5809860229, -0.808243274689, 104.068344116, 9.27198123932, 134.480453491, 16.5118732452, 15.4450473785], [-49.281829834, 18.6290092468, 33.8886375427, 28.2894439697, 22.8228569031, 6.94781780243, 11.1813516617, 7.56496667862, 6.3280673027, 9.24338150024, 16.5118732452, 77.9621276855, 25.4399433136], [-123.709571838, -12.8826904297, 3.78765892982, 49.3997116089, 30.9238853455, 14.1223039627, 18.0198631287, 18.0867195129, 25.5808639526, -2.38427805901, 15.4450473785, 25.4399433136, 83.1989593506]], "icov": [[0.000115072172775, 5.52726414753e-05, 5.84246190556e-05, -3.08395538013e-05, 0.00016075084568, 6.26762630418e-05, 7.43615601095e-05, -0.000151915242895, 0.000121741424664, -0.00027228705585, 0.000257804640569, -5.70402335143e-05, 6.61917947582e-05], [5.52726414753e-05, 0.00047517157509, 4.03132389692e-06, -9.92804707494e-05, 4.37544149463e-05, 0.000128670872073, -0.000448371632956, -0.00031229419983, 3.10817340505e-05, -0.000219996960368, 0.000108284490125, -8.11422723928e-05, 0.000330272800056], [5.84246190556e-05, 4.03132389692e-06, 0.00125505554024, -0.000334684213158, -0.000332950294251, -0.00026496607461, -0.00010944368114, -0.000227279582759, 0.000411224813433, -0.000239068322117, 0.00040104665095, -0.000450062128948, 0.000400798657211], [-3.08395538013e-05, -9.92804707494e-05, -0.000334684213158, 0.00342226005159, -0.00203296588734, -0.000290358526399, 0.000598294078372, 0.000566368747968, -0.00142675777897, 0.000917497032788, -4.56427842437e-05, -0.000279675034108, -0.000966805324424], [0.00016075084568, 4.37544149463e-05, -0.000332950294251, -0.00203296588734, 0.00456126406789, -0.000445308280177, 0.000341577251675, -0.00062446272932, -0.000678318901919, -0.00126125966199, 0.000906513654627, -0.000299709936371, 5.81070798944e-06], [6.26762630418e-05, 0.000128670872073, -0.00026496607461, -0.000290358526399, -0.000445308280177, 0.00479384651408, -0.0016345421318, -0.000658210890833, -0.000845915812533, 0.000788806530181, -0.00267153885216, 0.000522003334481, 0.000765519333072], [7.43615601095e-05, -0.000448371632956, -0.00010944368114, 0.000598294078372, 0.000341577251675, -0.0016345421318, 0.00696235476062, -0.00202242820524, -7.68954341765e-05, -0.00062987790443, -0.000283174449578, -0.000277408456896, -0.00108394213021], [-0.000151915242895, -0.00031229419983, -0.000227279582759, 0.000566368747968, -0.00062446272932, -0.000658210890833, -0.00202242820524, 0.00909684970975, -0.000414424255723, -0.00106801348738, 0.00119175820146, 6.12871444901e-05, -0.00193905294873], [0.000121741424664, 3.10817340505e-05, 0.000411224813433, -0.00142675777897, -0.000678318901919, -0.000845915812533, -7.68954341765e-05, -0.000414424255723, 0.00683334283531, -0.000327294605086, -0.00291638541967, 0.000947078864556, -0.000341885286616], [-0.00027228705585, -0.000219996960368, -0.000239068322117, 0.000917497032788, -0.00126125966199, 0.000788806530181, -0.00062987790443, -0.00106801348738, -0.000327294605086, 0.00955417286605, -0.00199413439259, -0.000771599821746, 0.000711240223609], [0.000257804640569, 0.000108284490125, 0.00040104665095, -4.56427842437e-05, 0.000906513654627, -0.00267153885216, -0.000283174449578, 0.00119175820146, -0.00291638541967, -0.00199413439259, 0.0132317738608, -0.00225678877905, -0.000599009625148], [-5.70402335143e-05, -8.11422723928e-05, -0.000450062128948, -0.000279675034108, -0.000299709936371, 0.000522003334481, -0.000277408456896, 6.12871444901e-05, 0.000947078864556, -0.000771599821746, -0.00225678877905, 0.0150946658105, -0.00435116700828], [6.61917947582e-05, 0.000330272800056, 0.000400798657211, -0.000966805324424, 5.81070798944e-06, 0.000765519333072, -0.00108394213021, -0.00193905294873, -0.000341885286616, 0.000711240223609, -0.000599009625148, -0.00435116700828, 0.014816109091]], "mean": [-767.77545166, 122.094299316, 22.1744651794, 43.5926170349, 27.0939102173, 12.1052312851, -2.97416234016, 11.0308570862, 4.41062688828, 7.67453718185, -8.16046619415, 0.0627234429121, -3.22668814659]}, "pitch_salience": {"dmean": 0.0739178135991, "dmean2": 0.116508692503, "dvar": 0.00644929287955, "dvar2": 0.0151488380507, "max": 0.931914627552, "mean": 0.440771073103, "median": 0.434528142214, "min": 0.0534328632057, "var": 0.0227526370436}, "silence_rate_20dB": {"dmean": 0, "dmean2": 0, "dvar": 0, "dvar2": 0, "max": 1, "mean": 1, "median": 1, "min": 1, "var": 0}, "silence_rate_30dB": {"dmean": 0.00255873450078, "dmean2": 0.00511806458235, "dvar": 0.00255181011744, "dvar2": 0.00625541107729, "max": 1, "mean": 0.997790455818, "median": 1, "min": 0, "var": 0.00220487103797}, "silence_rate_60dB": {"dmean": 0.0530355907977, "dmean2": 0.106083519757, "dvar": 0.0502192787826, "dvar2": 0.104127019644, "max": 1, "mean": 0.191882774234, "median": 0, "min": 0, "var": 0.155062645674}, "spectral_centroid": {"dmean": 273.733551025, "dmean2": 399.12121582, "dvar": 229264.859375, "dvar2": 417735.90625, "max": 11651.3085938, "mean": 1076.81176758, "median": 649.595092773, "min": 103.442359924, "var": 2016802.5}, "spectral_complexity": {"dmean": 2.30611777306, "dmean2": 3.6138188839, "dvar": 17.7925720215, "dvar2": 40.0880470276, "max": 53, "mean": 6.72961950302, "median": 4, "min": 0, "var": 46.1217193604}, "spectral_contrast_coeffs": {"dmean": [0.0469155609608, 0.0484735630453, 0.0374631658196, 0.0308224633336, 0.0228887628764, 0.0190016105771], "dmean2": [0.0751273036003, 0.0767788738012, 0.0588010326028, 0.0490129999816, 0.0354780219495, 0.0299456324428], "dvar": [0.00175163103268, 0.0020793476142, 0.00119138427544, 0.000831831770483, 0.000534203893039, 0.000496255699545], "dvar2": [0.0040553486906, 0.00441669626161, 0.0024899574928, 0.00187862792518, 0.00107843161095, 0.00121005123947], "max": [-0.251265615225, -0.302864313126, -0.397711515427, -0.488239407539, -0.524233579636, -0.558356046677], "mean": [-0.658004879951, -0.701161265373, -0.778202354908, -0.798656046391, -0.81346487999, -0.793350160122], "median": [-0.662927567959, -0.744263529778, -0.802448034286, -0.811378836632, -0.825475633144, -0.790797293186], "min": [-0.976804256439, -0.980636000633, -0.975858986378, -0.970610737801, -0.967512786388, -0.966259121895], "var": [0.0104437060654, 0.0190523657948, 0.0108857909217, 0.0045888479799, 0.00357262254693, 0.00209468370304]}, "spectral_contrast_valleys": {"dmean": [0.392647594213, 0.418332099915, 0.359482735395, 0.32795137167, 0.315563112497, 0.415635108948], "dmean2": [0.627782344818, 0.670735001564, 0.561721146107, 0.512203097343, 0.450154036283, 0.512078940868], "dvar": [0.165938556194, 0.200141683221, 0.161879315972, 0.183636590838, 0.219500541687, 0.282384037971], "dvar2": [0.341638743877, 0.42606306076, 0.319687247276, 0.35984686017, 0.389111399651, 0.463576436043], "max": [-5.47613811493, -4.66236257553, -5.61256217957, -5.72512245178, -5.19232797623, -7.23742866516], "mean": [-7.89332532883, -8.53278160095, -9.22862243652, -9.20159816742, -8.9052696228, -11.3600139618], "median": [-7.54301357269, -8.23480224609, -8.93645191193, -8.95658683777, -8.64358615875, -11.2437973022], "min": [-28.1454753876, -28.201713562, -27.847826004, -27.9139995575, -27.5470619202, -27.4732322693], "var": [5.69081163406, 5.54341316223, 5.34931564331, 5.25968694687, 5.70478773117, 5.12651014328]}, "spectral_decrease": {"dmean": 1.56742641089e-09, "dmean2": 2.21137974599e-09, "dvar": 5.59766148609e-18, "dvar2": 1.14027757339e-17, "max": 5.56101945291e-19, "mean": -5.04732788897e-09, "median": -3.62436192169e-09, "min": -3.85016392102e-08, "var": 2.49429795532e-17}, "spectral_energy": {"dmean": 0.00629276270047, "dmean2": 0.00886604283005, "dvar": 8.71625743457e-05, "dvar2": 0.000177587106009, "max": 0.151784956455, "mean": 0.0201273467392, "median": 0.0145031884313, "min": 1.00534328037e-20, "var": 0.000398205098463}, "spectral_energyband_high": {"dmean": 0.000503537128679, "dmean2": 0.000773092499003, "dvar": 3.01634008792e-06, "dvar2": 7.36685115044e-06, "max": 0.0697614178061, "mean": 0.000622083200142, "median": 3.79930206691e-05, "min": 6.73668532833e-21, "var": 3.73347825189e-06}, "spectral_energyband_low": {"dmean": 0.0033442422282, "dmean2": 0.00491394940764, "dvar": 4.68035541417e-05, "dvar2": 0.000100175362604, "max": 0.109187155962, "mean": 0.00882838387042, "median": 0.00396938482299, "min": 1.54882820207e-23, "var": 0.000137030816404}, "spectral_energyband_middle_high": {"dmean": 0.00111315085087, "dmean2": 0.00147738005035, "dvar": 8.94474123925e-06, "dvar2": 1.36133839987e-05, "max": 0.0919024720788, "mean": 0.00244254269637, "median": 0.000209780540899, "min": 1.18127520606e-21, "var": 4.61774907308e-05}, "spectral_energyband_middle_low": {"dmean": 0.00320530263707, "dmean2": 0.00463041942567, "dvar": 3.80892415706e-05, "dvar2": 8.22312722448e-05, "max": 0.126327291131, "mean": 0.008610307239, "median": 0.00254279538058, "min": 1.64434041969e-22, "var": 0.000160133480676}, "spectral_entropy": {"dmean": 0.252795547247, "dmean2": 0.351473867893, "dvar": 0.0889037176967, "dvar2": 0.148204609752, "max": 9.82226753235, "mean": 7.08539295197, "median": 7.07653284073, "min": 4.4457359314, "var": 0.688841283321}, "spectral_flux": {"dmean": 0.0221767686307, "dmean2": 0.0348393283784, "dvar": 0.000768576166593, "dvar2": 0.00174632715061, "max": 0.335975021124, "mean": 0.0551222786307, "median": 0.0415522269905, "min": 6.25665214082e-11, "var": 0.002174268011}, "spectral_kurtosis": {"dmean": 2.23560023308, "dmean2": 3.54418063164, "dvar": 8.40065860748, "dvar2": 18.9829387665, "max": 73.6576461792, "mean": 6.19927835464, "median": 4.36181735992, "min": -1.51236474514, "var": 38.0823440552}, "spectral_rms": {"dmean": 0.000676687865052, "dmean2": 0.000929837231524, "dvar": 7.02173622358e-07, "dvar2": 1.32019033572e-06, "max": 0.0121689308435, "mean": 0.00384160107933, "median": 0.00376157579012, "min": 3.13180883137e-12, "var": 4.87852412334e-06}, "spectral_rolloff": {"dmean": 518.173400879, "dmean2": 850.877685547, "dvar": 1693896.5, "dvar2": 3534241.5, "max": 19487.5488281, "mean": 1210.81359863, "median": 301.46484375, "min": 21.533203125, "var": 6835423.5}, "spectral_skewness": {"dmean": 0.28974416852, "dmean2": 0.437274813652, "dvar": 0.109945908189, "dvar2": 0.221197769046, "max": 6.78533935547, "mean": 1.77744352818, "median": 1.60625243187, "min": -0.423225522041, "var": 0.764891147614}, "spectral_spread": {"dmean": 649619.8125, "dmean2": 954320.875, "dvar": 929540145152, "dvar2": 2033817354240.0, "max": 42533692, "mean": 5006095, "median": 4197142, "