{"lowlevel": {"average_loudness": 0.960439801216, "barkbands": {"dmean": [0.000357248209184, 0.00708296988159, 0.00195209332742, 0.00152907962911, 0.000958472839557, 0.000548579962924, 0.00055049470393, 0.000393157883082, 0.000408505875384, 0.000537453510333, 0.00047082034871, 0.000508958240971, 0.000459580362076, 0.000371777598048, 0.00042876592488, 0.000530497112777, 0.000536039704457, 0.00033941474976, 0.000372949143639, 0.000227270560572, 0.000201116985409, 0.000202028430067, 0.000202461786103, 0.000162490279763, 0.000120034470456, 3.22939085891e-05, 2.89729541691e-06], "dmean2": [0.00045622952166, 0.0110652586445, 0.00335450097919, 0.00255827931687, 0.00158377562184, 0.000922648236156, 0.000903646228835, 0.000627268629614, 0.000650241039693, 0.000852388388012, 0.000745126279071, 0.000808860757388, 0.000726052443497, 0.000594281591475, 0.000679552555084, 0.000839924614411, 0.000829671160318, 0.000531608995516, 0.000596331257839, 0.000361666927347, 0.000310249684844, 0.000305168476189, 0.000309329421725, 0.000242950147367, 0.000170057901414, 4.95835447509e-05, 4.59165812572e-06], "dvar": [4.09138664281e-07, 0.000211471444345, 1.07483765532e-05, 8.23566369945e-06, 2.933265705e-06, 9.55246719059e-07, 1.16608862299e-06, 3.7583458834e-07, 4.29596553886e-07, 1.03461752587e-06, 1.3295118606e-06, 1.61176501479e-06, 1.0291921626e-06, 5.02384523315e-07, 6.59598413222e-07, 1.84171130968e-06, 3.37349911206e-06, 5.7338689885e-07, 4.96684663176e-07, 1.68232247688e-07, 2.0626737296e-07, 2.50503120469e-07, 3.98825079628e-07, 2.59911445255e-07, 1.70588478454e-07, 8.16906275958e-09, 1.18052650988e-10], "dvar2": [6.59255590563e-07, 0.000473969848827, 3.03832021018e-05, 2.06335898838e-05, 7.80596838013e-06, 2.58792010754e-06, 2.99528051073e-06, 8.79172148416e-07, 1.04685364022e-06, 2.39401583713e-06, 3.07052096105e-06, 3.61788193004e-06, 2.38706479649e-06, 1.21309926726e-06, 1.4861220734e-06, 4.08025016441e-06, 6.946873782e-06, 1.17958222745e-06, 1.2918004586e-06, 4.09832182413e-07, 4.95160463743e-07, 5.77013565817e-07, 9.24800190205e-07, 5.5541556776e-07, 3.73145212507e-07, 1.99681942092e-08, 3.11333986369e-10], "max": [0.0073657585308, 0.167097732425, 0.0364775918424, 0.0435815677047, 0.0246529988945, 0.0188992898911, 0.0315549820662, 0.0181393586099, 0.012678029947, 0.0220227781683, 0.0365289524198, 0.0484454631805, 0.024141792208, 0.013306569308, 0.0194639209658, 0.0360377840698, 0.0552486330271, 0.0469001755118, 0.0165674835443, 0.00798561517149, 0.00838247686625, 0.0109747042879, 0.0126833673567, 0.0106896394864, 0.0100753139704, 0.0017386340769, 0.000354000309017], "mean": [0.000561120104976, 0.00855914782733, 0.00286247162148, 0.00204050936736, 0.00165981880855, 0.000904497690499, 0.000897173653357, 0.000677964359056, 0.000738123431802, 0.000893275893759, 0.000759425282013, 0.00078639597632, 0.000722156371921, 0.000619291968178, 0.000743661541492, 0.000883903645445, 0.000851549382787, 0.000654506031424, 0.000708163599484, 0.00045534587116, 0.000405637547374, 0.000393767666537, 0.000396624149289, 0.000345127598848, 0.000250359327765, 5.76227903366e-05, 4.30778800364e-06], "median": [8.90070441528e-05, 0.00224444549531, 0.00176196335815, 0.000943268300034, 0.00101755664218, 0.000542052381206, 0.000458468799479, 0.000377661781386, 0.000376098061679, 0.00047269690549, 0.000330526207108, 0.000392927904613, 0.000377331511118, 0.000354095071089, 0.000400344666559, 0.000429142586654, 0.000361692742445, 0.000339133781381, 0.000424032012234, 0.000256716739386, 0.000196295193746, 0.000191035520402, 0.000156280817464, 0.000121103941638, 8.35380487842e-05, 1.81691593752e-05, 1.01187538348e-06], "min": [3.49689259738e-23, 2.94477957832e-23, 1.13102348529e-23, 5.26667797798e-24, 3.46954941623e-23, 1.74069321594e-23, 3.56261701701e-23, 3.50037210506e-23, 4.31381991143e-23, 5.55137953529e-23, 4.83240602647e-23, 2.28256688356e-22, 7.98374820173e-23, 1.10599169814e-22, 1.32860155606e-22, 1.85683278939e-22, 2.56537844057e-22, 2.83406471732e-22, 2.55020302867e-22, 2.90979435448e-22, 4.65209173485e-22, 5.76007855689e-22, 8.45720333195e-22, 8.1585282239e-22, 1.42534962842e-21, 1.55663446035e-21, 2.41764455872e-21], "var": [1.01405555597e-06, 0.00026428772253, 1.22476021716e-05, 9.81593348115e-06, 3.94199832954e-06, 1.30752323457e-06, 1.81948109912e-06, 9.47321723288e-07, 1.35594405037e-06, 1.8272013449e-06, 2.09807240026e-06, 2.26673455472e-06, 1.60815056915e-06, 8.24341952921e-07, 1.49834693275e-06, 2.99684870697e-06, 4.91352193421e-06, 1.2446691926e-06, 8.17331226699e-07, 3.33054686052e-07, 3.75375890371e-07, 4.79633570194e-07, 6.7850146479e-07, 5.6497259493e-07, 3.30878634713e-07, 1.40920883851e-08, 1.29134605786e-10]}, "barkbands_crest": {"dmean": 3.02458167076, "dmean2": 4.85290670395, "dvar": 10.5994977951, "dvar2": 23.7644195557, "max": 26.0733585358, "mean": 8.81642627716, "median": 7.33143949509, "min": 2.05837917328, "var": 24.0497665405}, "barkbands_flatness_db": {"dmean": 0.0228048115969, "dmean2": 0.0346756726503, "dvar": 0.000648492889013, "dvar2": 0.00140384817496, "max": 0.48824852705, "mean": 0.104413449764, "median": 0.0895707458258, "min": 0.0151317324489, "var": 0.00322903553024}, "barkbands_kurtosis": {"dmean": 3.09540271759, "dmean2": 4.9490404129, "dvar": 120.649497986, "dvar2": 303.598205566, "max": 354.88394165, "mean": 2.95861363411, "median": 0.102657668293, "min": -1.89632880688, "var": 172.077880859}, "barkbands_skewness": {"dmean": 0.60965937376, "dmean2": 0.909873127937, "dvar": 0.616475045681, "dvar2": 1.35133254528, "max": 14.9007053375, "mean": 1.01585698128, "median": 0.832372844219, "min": -6.21813201904, "var": 2.13008761406}, "barkbands_spread": {"dmean": 6.88045120239, "dmean2": 10.4368066788, "dvar": 53.7501182556, "dvar2": 109.068832397, "max": 134.390289307, "mean": 31.892578125, "median": 31.0388412476, "min": 0.223408192396, "var": 287.626220703}, "dissonance": {"dmean": 0.0120204407722, "dmean2": 0.0204528309405, "dvar": 0.000180907780305, "dvar2": 0.000498870620504, "max": 0.500000119209, "mean": 0.480617195368, "median": 0.485190331936, "min": 0.297479689121, "var": 0.000312856456731}, "dynamic_complexity": 2.25247573853, "erbbands": {"dmean": [0.233946636319, 1.56499159336, 2.30098557472, 3.55182409286, 4.57402515411, 2.67061066628, 3.6373667717, 4.81215429306, 7.19145727158, 8.59319972992, 7.95026540756, 9.97049236298, 15.0516614914, 15.5846986771, 19.0993595123, 22.0568523407, 20.7305679321, 19.4494800568, 21.8439369202, 20.1755561829, 29.8953094482, 22.3219432831, 19.9875888824, 16.8415660858, 17.7546062469, 9.72526168823, 8.68690013885, 7.81785297394, 7.32530450821, 6.8256020546, 5.70351266861, 3.83480095863, 2.6567530632, 1.75863337517, 0.627292811871, 0.212274640799, 0.0478723570704, 0.0060572931543, 0.000475077104056, 2.51695455518e-05], "dmean2": [0.357378304005, 2.55616760254, 3.84683823586, 5.91955900192, 7.60817670822, 4.41342782974, 5.98722028732, 8.13637542725, 12.0327644348, 13.6223421097, 12.6690397263, 15.7609844208, 23.8127689362, 24.8262615204, 29.9915409088, 35.1112632751, 32.6978530884, 30.8936862946, 34.2382240295, 31.6931171417, 46.0460128784, 34.4202728271, 30.7870254517, 26.9028606415, 28.3791847229, 15.3047685623, 13.476234436, 12.0562562943, 11.0427598953, 10.4038438797, 8.73088264465, 5.72434997559, 4.01580476761, 2.53286933899, 0.922503888607, 0.320610553026, 0.0745070278645, 0.00936929415911, 0.000736429414246, 3.72002250515e-05], "dvar": [0.234152510762, 11.1323604584, 16.2161617279, 36.4889183044, 76.7192230225, 22.5520610809, 36.3429908752, 83.9152450562, 222.38734436, 221.177383423, 151.265182495, 274.443481445, 730.976379395, 1268.36730957, 2647.12646484, 3653.9909668, 2136.86230469, 1291.03540039, 1821.08679199, 1663.78271484, 5825.23730469, 3298.19140625, 2481.64868164, 850.266296387, 1332.10656738, 305.177490234, 352.126464844, 370.335449219, 341.730194092, 335.909118652, 383.736846924, 136.647903442, 86.8897476196, 38.6468658447, 5.39974308014, 0.33082562685, 0.0220622736961, 0.000479053327581, 3.20577851198e-06, 3.4330518428e-09], "dvar2": [0.489466965199, 26.7286491394, 43.6058006287, 90.7911758423, 198.813079834, 59.7126426697, 95.8054351807, 225.784194946, 593.748474121, 537.449584961, 369.310882568, 657.036254883, 1701.02648926, 2930.73901367, 5950.96923828, 8312.05859375, 4975.68164063, 3106.13500977, 4153.28613281, 3735.43383789, 12071.5175781, 6895.0234375, 4954.68457031, 2171.53295898, 3413.27294922, 743.75390625, 843.201965332, 899.587890625, 791.415283203, 771.271240234, 929.243225098, 291.156799316, 194.608276367, 78.5739440918, 13.7148361206, 0.79500412941, 0.0559968389571, 0.00125917175319, 8.35286300571e-06, 8.49917469736e-09], "max": [5.9094877243, 33.5775680542, 50.0311775208, 91.4418182373, 118.384712219, 63.9097976685, 93.6312026978, 153.137680054, 298.336273193, 373.48260498, 341.747802734, 334.098266602, 488.083618164, 938.602294922, 1803.07617188, 2462.20703125, 1136.42175293, 739.229736328, 1221.73999023, 1049.0279541, 2066.4831543, 1498.3157959, 3367.82739258, 555.679931641, 700.470275879, 317.969299316, 395.587463379, 483.317077637, 403.143371582, 390.715118408, 439.347564697, 312.72555542, 225.577255249, 168.660949707, 66.743347168, 13.0818681717, 3.79268813133, 0.625465452671, 0.0624928735197, 0.00171091989614], "mean": [0.298975586891, 1.6872177124, 3.43230319023, 5.39838504791, 6.81350469589, 4.43695640564, 6.31883955002, 7.24856615067, 11.2301492691, 15.3168449402, 14.0886650085, 19.0512428284, 26.4002170563, 26.6885147095, 31.8748130798, 34.3475112915, 34.2218170166, 35.0703163147, 39.3692893982, 38.1980209351, 54.5436019897, 40.0332298279, 39.457233429, 33.1887130737, 33.3264846802, 20.3119373322, 18.0097370148, 15.3208007813, 14.2835292816, 13.109752655, 10.9852333069, 7.90386390686, 5.48215055466, 3.57963991165, 1.28242218494, 0.404211342335, 0.0798402577639, 0.00999048631638, 0.000750601815525, 6.28168490948e-05], "median": [0.0529220253229, 0.479917824268, 2.07601523399, 3.22042489052, 3.89466714859, 2.42008018494, 3.62292861938, 3.9349732399, 5.7184586525, 7.96153211594, 8.84333229065, 10.118470192, 15.478553772, 13.6841363907, 14.7628078461, 18.1737785339, 18.8794288635, 22.7371444702, 23.0168838501, 21.9097328186, 26.6662902832, 20.3836517334, 19.5661869049, 21.1371192932, 18.6606712341, 12.048330307, 8.78318309784, 7.37474346161, 6.91105556488, 6.10498142242, 4.1921710968, 2.96589994431, 1.74040198326, 1.12584960461, 0.473042428493, 0.141690462828, 0.0230099093169, 0.00272788410075, 0.000199762667762, 4.60316441604e-05], "min": [2.13357728661e-21, 2.28154790246e-21, 1.03713641958e-20, 2.01658523093e-20, 1.51795671872e-20, 1.02927014198e-19, 3.00413464464e-19, 1.26409792909e-19, 5.65701686492e-19, 6.26324099225e-19, 6.31800551868e-19, 1.16327257403e-18, 1.10009675815e-18, 1.94319801255e-18, 3.10419852824e-18, 9.67156777554e-18, 4.29617716466e-18, 4.2276969497e-18, 8.75614353524e-18, 7.80598515384e-18, 1.03809132011e-17, 1.52566664561e-17, 1.82140290519e-17, 1.42798902297e-17, 1.06863314443e-17, 1.35651788835e-17, 2.07610306545e-17, 2.01230742245e-17, 1.75327498645e-17, 1.77010926997e-17, 2.48157310509e-17, 1.43363684676e-17, 1.90012402972e-17, 1.38009377658e-17, 9.86722990481e-18, 5.4120777254e-18, 3.22503989636e-18, 1.30573158368e-18, 3.42634339741e-19, 3.50637887317e-20], "var": [0.333145916462, 11.5258779526, 18.8734951019, 49.9797439575, 88.573387146, 32.4097175598, 67.4499664307, 103.454719543, 279.173126221, 499.082702637, 295.026580811, 921.917053223, 1306.86682129, 2029.64648438, 4528.86865234, 4629.95410156, 3321.68652344, 2184.97705078, 4425.76269531, 3557.52929688, 11067.1464844, 5498.87792969, 5445.04248047, 1591.70544434, 2137.43432617, 620.549926758, 678.350646973, 637.96862793, 645.408935547, 584.418395996, 588.419494629, 267.852661133, 174.21685791, 82.4540863037, 7.98249864578, 0.63610035181, 0.031822450459, 0.000600521278102, 3.69374515685e-06, 5.38866196109e-09]}, "erbbands_crest": {"dmean": 2.14457273483, "dmean2": 3.46973109245, "dvar": 5.54181575775, "dvar2": 12.9723110199, "max": 31.2929782867, "mean": 7.20451450348, "median": 5.93139648438, "min": 2.14679121971, "var": 16.1423511505}, "erbbands_flatness_db": {"dmean": 0.016239611432, "dmean2": 0.0233533419669, "dvar": 0.000298847211525, "dvar2": 0.000597413338255, "max": 0.343237817287, "mean": 0.142108246684, "median": 0.128240153193, "min": 0.0229258947074, "var": 0.0029195335228}, "erbbands_kurtosis": {"dmean": 0.840953886509, "dmean2": 1.31798958778, "dvar": 3.89780449867, "dvar2": 9.04280567169, "max": 49.0900154114, "mean": 0.391434729099, "median": -0.174522221088, "min": -1.75754785538, "var": 5.51415300369}, "erbbands_skewness": {"dmean": 0.313614457846, "dmean2": 0.47434464097, "dvar": 0.132749855518, "dvar2": 0.289215326309, "max": 3.54859614372, "mean": -0.127745434642, "median": -0.146200567484, "min": -6.3379611969, "var": 0.426994085312}, "erbbands_spread": {"dmean": 7.56241369247, "dmean2": 11.6369056702, "dvar": 63.9397850037, "dvar2": 144.330627441, "max": 165.629226685, "mean": 38.5347824097, "median": 37.0555992126, "min": 2.77665662766, "var": 322.164123535}, "gfcc": {"cov": [[10790.3076172, -616.085571289, -665.501708984, 809.652954102, -381.075073242, 376.053833008, -501.05645752, 80.1702957153, -413.221618652, 29.5157852173, -330.842559814, -27.0553073883, -163.03843689], [-616.085571289, 2357.84765625, -41.695224762, -391.959381104, 276.771392822, -370.710021973, 183.545181274, -165.347549438, 90.5194091797, -178.996765137, 85.209815979, -118.075431824, 22.4115562439], [-665.501708984, -41.695224762, 1190.36413574, 159.398254395, -16.4524536133, 88.244972229, -38.4770469666, 13.2018594742, -58.5536727905, 60.9704322815, -76.1050262451, 24.8012962341, -64.8696594238], [809.652954102, -391.959381104, 159.398254395, 460.801177979, -26.3499965668, 102.060508728, -73.6283187866, 17.7147693634, -27.5619754791, 14.288734436, -37.1842346191, -16.073015213, -6.09047889709], [-381.075073242, 276.771392822, -16.4524536133, -26.3499965668, 309.039398193, 28.2238960266, 95.8227767944, 28.6721134186, 60.2455368042, 13.2095909119, 35.9264640808, 1.3883626461, 14.1937179565], [376.053833008, -370.710021973, 88.244972229, 102.060508728, 28.2238960266, 254.521575928, 43.26146698, 79.1433410645, -4.09429836273, 55.6160736084, -2.23648190498, 33.9727478027, 1.00148367882], [-501.05645752, 183.545181274, -38.4770469666, -73.6283187866, 95.8227767944, 43.26146698, 195.003646851, 58.179889679, 66.4833526611, 1.38203430176, 42.9461746216, 8.35127449036, 28.0517902374], [80.1702957153, -165.347549438, 13.2018594742, 17.7147693634, 28.6721134186, 79.1433410645, 58.179889679, 144.342834473, 51.5587158203, 42.3443908691, 0.954711079597, 25.0211868286, 8.47992897034], [-413.221618652, 90.5194091797, -58.5536727905, -27.5619754791, 60.2455368042, -4.09429836273, 66.4833526611, 51.5587158203, 141.145278931, 34.2697753906, 44.9210510254, 2.89035916328, 24.8232250214], [29.5157852173, -178.996765137, 60.9704322815, 14.288734436, 13.2095909119, 55.6160736084, 1.38203430176, 42.3443908691, 34.2697753906, 116.738861084, 32.8659439087, 35.9526290894, -3.3167245388], [-330.842559814, 85.209815979, -76.1050262451, -37.1842346191, 35.9264640808, -2.23648190498, 42.9461746216, 0.954711079597, 44.9210510254, 32.8659439087, 111.227867126, 36.6638641357, 30.5820331573], [-27.0553073883, -118.075431824, 24.8012962341, -16.073015213, 1.3883626461, 33.9727478027, 8.35127449036, 25.0211868286, 2.89035916328, 35.9526290894, 36.6638641357, 82.7238693237, 25.8554611206], [-163.03843689, 22.4115562439, -64.8696594238, -6.09047889709, 14.1937179565, 1.00148367882, 28.0517902374, 8.47992897034, 24.8232250214, -3.3167245388, 30.5820331573, 25.8554611206, 74.4292602539]], "icov": [[0.000252127938438, -0.000344780739397, 0.000412919704104, -0.000523377791978, 0.000318147824146, -0.000581559143029, 0.000554394093342, -0.000457864225609, 0.000602273328695, -0.000553375342861, 0.000795352098066, -0.000581312633585, 0.000413150002714], [-0.000344780739397, 0.00147172203287, -0.000850533077028, 0.00120697938837, -0.00115581182763, 0.00179087312426, -0.00138530426193, 0.00119827711023, -0.00103677331936, 0.00174396694638, -0.00192396622151, 0.00188888795674, -0.000701163255144], [0.000412919704104, -0.000850533077028, 0.00178614316974, -0.00133368349634, 0.000682379060891, -0.00124144530855, 0.000769962731283, -0.00061655510217, 0.00121218222193, -0.00180848396849, 0.00243126135319, -0.0020726355724, 0.00151099311188], [-0.000523377791978, 0.00120697938837, -0.00133368349634, 0.00422166893259, -0.00105938024353, 0.000267954019364, 0.000171168780071, 0.000799083616585, -0.00141164241359, 0.0018423453439, -0.00222136569209, 0.00326375197619, -0.00195210904349], [0.000318147824146, -0.00115581182763, 0.000682379060891, -0.00105938024353, 0.00488094845787, -0.0017320929328, -0.000467157573439, -0.000661824306007, -4.25202924816e-05, -0.00148416042794, 0.00115075858776, -0.00118819298223, 0.000784930540249], [-0.000581559143029, 0.00179087312426, -0.00124144530855, 0.000267954019364, -0.0017320929328, 0.00864822417498, -0.00386596284807, -0.000640502257738, 0.000479057605844, -6.90078013577e-05, -0.00188785989303, 0.000968207023107, -0.000852756318636], [0.000554394093342, -0.00138530426193, 0.000769962731283, 0.000171168780071, -0.000467157573439, -0.00386596284807, 0.0108048459515, -0.00413941172883, -0.000554249039851, 0.000948801811319, -0.000600875995588, -0.000173253109097, -0.000608714122791], [-0.000457864225609, 0.00119827711023, -0.00061655510217, 0.000799083616585, -0.000661824306007, -0.000640502257738, -0.00413941172883, 0.0130326431245, -0.00522596156225, -0.000659527722746, 0.00220338976942, -0.00179601903073, -0.000193551677512], [0.000602273328695, -0.00103677331936, 0.00121218222193, -0.00141164241359, -4.25202924816e-05, 0.000479057605844, -0.000554249039851, -0.00522596156225, 0.0137765174732, -0.00499774701893, -0.0011216038838, 0.00225883978419, -0.00176279153675], [-0.000553375342861, 0.00174396694638, -0.00180848396849, 0.0018423453439, -0.00148416042794, -6.90078013577e-05, 0.000948801811319, -0.000659527722746, -0.00499774701893, 0.0163282006979, -0.006477965042, -0.00143319321796, 0.00239277048968], [0.000795352098066, -0.00192396622151, 0.00243126135319, -0.00222136569209, 0.00115075858776, -0.00188785989303, -0.000600875995588, 0.00220338976942, -0.0011216038838, -0.006477965042, 0.0190146844834, -0.00888101384044, -0.000602218497079], [-0.000581312633585, 0.00188888795674, -0.0020726355724, 0.00326375197619, -0.00118819298223, 0.000968207023107, -0.000173253109097, -0.00179601903073, 0.00225883978419, -0.00143319321796, -0.00888101384044, 0.0230347197503, -0.00806801207364], [0.000413150002714, -0.000701163255144, 0.00151099311188, -0.00195210904349, 0.000784930540249, -0.000852756318636, -0.000608714122791, -0.000193551677512, -0.00176279153675, 0.00239277048968, -0.000602218497079, -0.00806801207364, 0.0195668358356]], "mean": [21.463602066, 67.5028610229, -124.036621094, 39.9999961853, -52.7890892029, 24.8247108459, -34.023765564, 15.3261985779, -20.7984619141, 3.14491915703, -14.2681951523, -0.831982731819, -11.7805404663]}, "hfc": {"dmean": 8.69472408295, "dmean2": 11.6964159012, "dvar": 179.782867432, "dvar2": 304.83493042, "max": 242.601409912, "mean": 32.4510154724, "median": 24.3600234985, "min": 1.24630945551e-16, "var": 871.828796387}, "melbands": {"dmean": [0.00201681233011, 0.0014155030949, 0.000644357525744, 0.000244318653131, 0.000117417250294, 0.000107936306449, 0.00011100541451, 9.13354597287e-05, 6.50864385534e-05, 6.38663332211e-05, 7.72267667344e-05, 6.46681874059e-05, 6.1511178501e-05, 6.07032525295e-05, 4.68063371954e-05, 4.9504396884e-05, 3.83105070796e-05, 3.5767126974e-05, 2.68561270786e-05, 3.77821961592e-05, 3.93171940232e-05, 2.91728920274e-05, 1.89507300092e-05, 1.69789709616e-05, 1.47155142258e-05, 1.56142377818e-05, 1.01869709397e-05, 6.6379971031e-06, 6.08289701631e-06, 5.57279372515e-06, 4.60047522211e-06, 4.39461291535e-06, 4.17385444962e-06, 3.97172561861e-06, 3.5142750221e-06, 3.05363869302e-06, 2.36416599364e-06, 2.1211742478e-06, 1.66634049492e-06, 1.53871997099e-06], "dmean2": [0.00312094017863, 0.00228632381186, 0.00107555673458, 0.000402377801947, 0.000193554587895, 0.000182318748557, 0.000184315664228, 0.000144489036757, 0.000104072503746, 0.00010107729031, 0.000122326964629, 0.000103279664472, 9.69646498561e-05, 9.59344033618e-05, 7.47725425754e-05, 7.86750752013e-05, 6.14120581304e-05, 5.62608875043e-05, 4.25170073868e-05, 6.01190513407e-05, 6.0824011598e-05, 4.54540386272e-05, 2.93032062473e-05, 2.6794947189e-05, 2.3812875952e-05, 2.52682693827e-05, 1.64474186022e-05, 1.06049328679e-05, 9.56990515988e-06, 8.76051581145e-06, 7.18504770703e-06, 6.70166718919e-06, 6.45908721708e-06, 6.15202043264e-06, 5.4737456594e-06, 4.74630860481e-06, 3.58355646313e-06, 3.27770294462e-06, 2.47383513852e-06, 2.24694690587e-06], "dvar": [1.73646949406e-05, 6.69432392897e-06, 1.18601849408e-06, 1.98589404476e-07, 3.67517891675e-08, 4.04044619984e-08, 5.11904332257e-08, 2.33636576752e-08, 1.06740412065e-08, 1.12456550738e-08, 1.94311393642e-08, 2.18848743572e-08, 2.31575292275e-08, 2.19328111228e-08, 1.07141451267e-08, 1.32409452291e-08, 5.63528335107e-09, 4.92423923859e-09, 2.48800469116e-09, 1.09056035313e-08, 1.3490174311e-08, 8.18162870786e-09, 1.87133819551e-09, 1.42872746967e-09, 6.86515400083e-10, 1.01239572281e-09, 4.61994165146e-10, 1.50712262115e-10, 1.51893900235e-10, 1.63628915972e-10, 1.50106649333e-10, 1.27274163431e-10, 1.25395041572e-10, 1.2922798942e-10, 1.54833687538e-10, 8.74783717686e-11, 6.36897826145e-11, 5.58154390762e-11, 4.66832163204e-11, 2.78029769346e-11], "dvar2": [3.80420206056e-05, 1.60523650266e-05, 2.97452970699e-06, 5.1858239658e-07, 9.72627276496e-08, 1.08904011142e-07, 1.34947953256e-07, 5.61398572074e-08, 2.624123141e-08, 2.68708326701e-08, 4.53596769034e-08, 5.04379578103e-08, 5.32640669348e-08, 4.83148347996e-08, 2.5060243658e-08, 3.06895309166e-08, 1.37924223154e-08, 1.15815943502e-08, 5.96616933635e-09, 2.38459190172e-08, 2.78127885167e-08, 1.72796070785e-08, 3.85133436254e-09, 3.02331115698e-09, 1.77865577822e-09, 2.64655208859e-09, 1.17456211424e-09, 3.78360814901e-10, 3.67111674393e-10, 3.96442267903e-10, 3.71981889735e-10, 2.96219881957e-10, 3.07283476442e-10, 2.96524471644e-10, 3.80260545274e-10, 2.09811806817e-10, 1.36542485651e-10, 1.2975513719e-10, 1.00911931589e-10, 5.66095469112e-11], "max": [0.0506572537124, 0.0249896701425, 0.0147738326341, 0.00664765387774, 0.00265612150542, 0.00349808717147, 0.00562079530209, 0.00383333163336, 0.00272125075571, 0.00228446652181, 0.00265745958313, 0.0036435322836, 0.00499057816342, 0.00554813398048, 0.00271959323436, 0.00317094917409, 0.00136894185562, 0.00206951703876, 0.00168941239826, 0.00268373754807, 0.00316891749389, 0.0025148759596, 0.00204304256476, 0.00213182042353, 0.000499963294715, 0.000780792150181, 0.000422336248448, 0.000254443817539, 0.000257645006059, 0.000247580610448, 0.000333206058713, 0.000249764241744, 0.000273284880677, 0.000263739726506, 0.000267121067736, 0.000195708562387, 0.000226662406931, 0.000186767225387, 0.000272164092166, 0.000141598182381], "mean": [0.00248763547279, 0.00197988352738, 0.00101094960701, 0.000396211777115, 0.000209405698115, 0.000168408165337, 0.000177950671059, 0.000164486802532, 0.00011046086729, 0.000120327495097, 0.000130806351081, 0.000105398830783, 0.000100475459476, 9.48207016336e-05, 7.2578448453e-05, 7.72581406636e-05, 6.33204035694e-05, 6.15389217273e-05, 4.71174207632e-05, 6.29660935374e-05, 6.61959929857e-05, 4.60152768937e-05, 3.41436898452e-05, 3.16079094773e-05, 2.60548604274e-05, 2.73220266536e-05, 1.80060396815e-05, 1.26884287965e-05, 1.18219222713e-05, 1.02074800452e-05, 8.26439463708e-06, 8.03916009318e-06, 7.4912763921e-06, 7.21001879356e-06, 6.3515126385e-06, 5.73199577047e-06, 4.57915712104e-06, 4.08721325584e-06, 3.20705225931e-06, 2.98429131362e-06], "median": [0.000549588003196, 0.00105464132503, 0.000666143372655, 0.000232144113397, 0.000125073536765, 9.3789116363e-05, 9.15238488233e-05, 8.73698299984e-05, 6.70870867907e-05, 6.08611444477e-05, 7.36583169783e-05, 5.07825679961e-05, 4.43140670541e-05, 4.8422429245e-05, 3.84128870792e-05, 3.93540467485e-05, 3.65879604942e-05, 3.45638545696e-05, 2.63327274297e-05, 3.0689239793e-05, 2.85187070403e-05, 2.02358751267e-05, 1.56006608449e-05, 1.64954653883e-05, 1.55361467478e-05, 1.52698194142e-05, 9.98763243842e-06, 6.98425355949e-06, 5.56234272153e-06, 4.58348768007e-06, 3.78829349756e-06, 3.72170552509e-06, 3.60175476999e-06, 3.13137843477e-06, 2.29917031902e-06, 2.18217383008e-06, 1.61181560543e-06, 1.26802751765e-06, 9.31203089749e-07, 9.22589265429e-07], "min": [1.59393290204e-23, 4.3352687239e-24, 3.08509320257e-24, 2.91031968851e-24, 1.02472747598e-23, 3.31161756973e-24, 7.80325272454e-24, 7.33015864019e-24, 5.76512762956e-24, 6.52820027736e-24, 5.56825003572e-24, 7.92317614822e-24, 7.84138073868e-24, 2.6617880348e-23, 1.42931009513e-23, 8.48318850483e-24, 6.79785817831e-24, 1.59067569537e-23, 7.86931272561e-24, 1.23828119493e-23, 1.12966404129e-23, 1.54734545911e-23, 1.56196005401e-23, 1.37241791996e-23, 1.16036295785e-23, 9.88544950615e-24, 6.60215914266e-24, 9.76329281726e-24, 1.07015639779e-23, 1.51752620135e-23, 1.18777074671e-23, 1.2316560255e-23, 6.73268249032e-24, 1.03779345804e-23, 1.41663609805e-23, 1.28648714378e-23, 7.30035705291e-24, 1.43349642218e-23, 1.12820480639e-23, 1.17820241613e-23], "var": [2.28607350437e-05, 8.06682874099e-06, 1.55317718509e-06, 2.51777152016e-07, 6.7028651074e-08, 5.18930463045e-08, 6.90654431423e-08, 5.74513947527e-08, 1.91412539152e-08, 4.15975556223e-08, 3.43541906034e-08, 3.49956437162e-08, 3.81840017383e-08, 3.30029834572e-08, 1.54202961511e-08, 2.05656469632e-08, 8.83004069863e-09, 1.16766001312e-08, 5.0939412688e-09, 1.76872667623e-08, 2.2880040973e-08, 1.1918974252e-08, 3.98101951404e-09, 2.93277180319e-09, 1.16626508451e-09, 1.48982903792e-09, 6.82455814083e-10, 2.9492824849e-10, 2.996770887e-10, 2.79724993169e-10, 2.31993022015e-10, 2.28353891352e-10, 1.97465571672e-10, 2.07341310787e-10, 2.22614648937e-10, 1.39214084705e-10, 1.11348943954e-10, 1.01023661658e-10, 8.40375199984e-11, 5.76915563932e-11]}, "melbands_crest": {"dmean": 3.81354904175, "dmean2": 5.91337823868, "dvar": 12.9162015915, "dvar2": 27.9936485291, "max": 35.4046363831, "mean": 14.2200918198, "median": 13.1233453751, "min": 2.01522159576, "var": 43.1371002197}, "melbands_flatness_db": {"dmean": 0.0315889231861, "dmean2": 0.046871829778, "dvar": 0.00117023161147, "dvar2": 0.00235589244403, "max": 0.639513731003, "mean": 0.158549547195, "median": 0.141325637698, "min": 0.00607969937846, "var": 0.00605869479477}, "melbands_kurtosis": {"dmean": 8.08536148071, "dmean2": 12.9282360077, "dvar": 413.656097412, "dvar2": 1021.68811035, "max": 643.862304688, "mean": 11.7719802856, "median": 4.40097999573, "min": -1.95001208782, "var": 847.349914551}, "melbands_skewness": {"dmean": 0.857823848724, "dmean2": 1.30252742767, "dvar": 1.15651273727, "dvar2": 2.45724344254, "max": 21.590341568, "mean": 2.35295033455, "median": 2.05425882339, "min": -2.59203362465, "var": 3.9302084446}, "melbands_spread": {"dmean": 10.932352066, "dmean2": 16.4813976288, "dvar": 161.815887451, "dvar2": 332.141571045, "max": 281.948822021, "mean": 38.6284713745, "median": 32.9186859131, "min": 0.283293455839, "var": 883.321105957}, "mfcc": {"cov": [[7098.76757813, -1169.4083252, -196.24899292, 168.177886963, 116.506942749, 131.266479492, -15.5858945847, -13.5576038361, -57.2391777039, -61.380607605, -81.7147979736, -71.9466094971, -104.050247192], [-1169.4083252, 2402.43945313, -234.602798462, 18.9714813232, -48.0389480591, -106.796989441, 7.10798788071, 13.0711011887, -47.393901825, 0.734990775585, -12.8608217239, -31.0555477142, -16.0087394714], [-196.24899292, -234.602798462, 990.550720215, 150.47694397, 94.1061401367, 71.5707702637, 13.852558136, -28.6535835266, 3.66438794136, -14.1192932129, 2.69285535812, -25.2670650482, -38.917804718], [168.177886963, 18.9714813232, 150.47694397, 279.574676514, 92.5190505981, 24.0668888092, -6.02094364166, -14.186457634, 2.03770661354, -8.05141544342, 3.3992600441, -7.3928103447, -25.2914142609], [116.506942749, -48.0389480591, 94.1061401367, 92.5190505981, 199.218170166, 67.4564285278, 30.0172843933, 11.2211322784, 19.3246593475, 19.8059635162, 22.7383289337, 4.09383869171, 1.98712360859], [131.266479492, -106.796989441, 71.5707702637, 24.0668888092, 67.4564285278, 144.272872925, 62.5589027405, 20.4398345947, 18.9979820251, 15.3799028397, 21.8397731781, 14.0820827484, 5.83260679245], [-15.5858945847, 7.10798788071, 13.852558136, -6.02094364166, 30.0172843933, 62.5589027405, 131.205505371, 57.6135787964, 25.7567214966, 21.7872009277, 15.3504104614, 8.04263782501, 13.9565725327], [-13.5576038361, 13.0711011887, -28.6535835266, -14.186457634, 11.2211322784, 20.4398345947, 57.6135787964, 119.051025391, 58.8358383179, 29.7513713837, 16.1274490356, 9.82880878448, 16.0715808868], [-57.2391777039, -47.393901825, 3.66438794136, 2.03770661354, 19.3246593475, 18.9979820251, 25.7567214966, 58.8358383179, 111.885650635, 52.1827125549, 22.1068134308, 17.0832004547, 12.285364151], [-61.380607605, 0.734990775585, -14.1192932129, -8.05141544342, 19.8059635162, 15.3799028397, 21.7872009277, 29.7513713837, 52.1827125549, 98.6357574463, 38.6337585449, 16.404335022, 12.9964857101], [-81.7147979736, -12.8608217239, 2.69285535812, 3.3992600441, 22.7383289337, 21.8397731781, 15.3504104614, 16.1274490356, 22.1068134308, 38.6337585449, 80.0630569458, 38.0997276306, 20.9096393585], [-71.9466094971, -31.0555477142, -25.2670650482, -7.3928103447, 4.09383869171, 14.0820827484, 8.04263782501, 9.82880878448, 17.0832004547, 16.404335022, 38.0997276306, 81.8637542725, 45.8820228577], [-104.050247192, -16.0087394714, -38.917804718, -25.2914142609, 1.98712360859, 5.83260679245, 13.9565725327, 16.0715808868, 12.285364151, 12.9964857101, 20.9096393585, 45.8820228577, 82.137550354]], "icov": [[0.000170811472344, 9.08744623302e-05, 9.26598731894e-05, -0.000117545307148, -5.18634478794e-05, -0.000156154899742, 6.32314913673e-05, -0.000100089680927, 0.000146114645759, -7.79704259912e-06, 0.000155673842528, 3.32366216753e-05, 0.00018416866078], [9.08744623302e-05, 0.000501283095218, 0.000148966166307, -0.000195757704205, -3.34183641826e-06, 0.000294264988042, -0.000179188355105, -0.000175900480826, 0.000364179897588, -0.000141332522617, 2.80087479041e-05, 0.000142869510455, 0.000148129314766], [9.26598731894e-05, 0.000148966166307, 0.00123739510309, -0.000561269524042, -0.000204905096325, -0.00044356691069, -9.07822104637e-05, 0.000307231355691, -0.000129449254018, 0.000227098411415, -0.000101146950328, 0.00035231714719, 0.000364021776477], [-0.000117545307148, -0.000195757704205, -0.000561269524042, 0.00478914938867, -0.00209076469764, 0.000228786622756, 0.000377386371838, 0.000411049550166, -0.000532026810106, 0.0007093733293, -0.000208154160646, -0.000576504098717, 0.00125379755627], [-5.18634478794e-05, -3.34183641826e-06, -0.000204905096325, -0.00209076469764, 0.00723415846005, -0.00259843468666, -0.000182179705007, 5.55261940463e-05, -0.000277833838481, -0.00072806928074, -0.00110143993516, 0.00102610723116, -0.000913657539058], [-0.000156154899742, 0.000294264988042, -0.00044356691069, 0.000228786622756, -0.00259843468666, 0.0109631773084, -0.00481971213594, 0.000915596145205, -0.000520861998666, 0.000322944455547, -0.00118004344404, -0.00134640652686, 0.000723294215277], [6.32314913673e-05, -0.000179188355105, -9.07822104637e-05, 0.000377386371838, -0.000182179705007, -0.00481971213594, 0.0123333139345, -0.00537123344839, 0.00119798514061, -0.000934727548156, 0.000160137846251, 0.000717831833754, -0.00105267716572], [-0.000100089680927, -0.000175900480826, 0.000307231355691, 0.000411049550166, 5.55261940463e-05, 0.000915596145205, -0.00537123344839, 0.0143590681255, -0.00676305638626, 0.000640293816105, -0.000885328976437, 0.00104428664781, -0.00129994261079], [0.000146114645759, 0.000364179897588, -0.000129449254018, -0.000532026810106, -0.000277833838481, -0.000520861998666, 0.00119798514061, -0.00676305638626, 0.0156465284526, -0.00656679272652, 0.00116010860074, -0.00187410367653, 0.000644713523798], [-7.79704259912e-06, -0.000141332522617, 0.000227098411415, 0.0007093733293, -0.00072806928074, 0.000322944455547, -0.000934727548156, 0.000640293816105, -0.00656679272652, 0.0161529500037, -0.00645829224959, 0.00144368223846, -0.000419187534135], [0.000155673842528, 2.80087479041e-05, -0.000101146950328, -0.000208154160646, -0.00110143993516, -0.00118004344404, 0.000160137846251, -0.000885328976437, 0.00116010860074, -0.00645829224959, 0.0199543964118, -0.00816936325282, 0.000679115299135], [3.32366216753e-05, 0.000142869510455, 0.00035231714719, -0.000576504098717, 0.00102610723116, -0.00134640652686, 0.000717831833754, 0.00104428664781, -0.00187410367653, 0.00144368223846, -0.00816936325282, 0.0220680162311, -0.0103918006644], [0.00018416866078, 0.000148129314766, 0.000364021776477, 0.00125379755627, -0.000913657539058, 0.000723294215277, -0.00105267716572, -0.00129994261079, 0.000644713523798, -0.000419187534135, 0.000679115299135, -0.0103918006644, 0.0190012529492]], "mean": [-613.504089355, 93.8508377075, -6.49236774445, 19.6822776794, 8.11028671265, 8.82307624817, 4.32169723511, 9.02569484711, 2.15832901001, 5.8176035881, 1.67178308964, 0.641689240932, 1.87343513966]}, "pitch_salience": {"dmean": 0.0835302248597, "dmean2": 0.133071124554, "dvar": 0.00728928763419, "dvar2": 0.0168125331402, "max": 0.950437664986, "mean": 0.567170381546, "median": 0.580160021782, "min": 0.0720853284001, "var": 0.0212741326541}, "silence_rate_20dB": {"dmean": 0, "dmean2": 0, "dvar": 0, "dvar2": 0, "max": 1, "mean": 1, "median": 1, "min": 1, "var": 0}, "silence_rate_30dB": {"dmean": 0.0058670877479, "dmean2": 0.0117354998365, "dvar": 0.00583258178085, "dvar2": 0.0161110740155, "max": 1, "mean": 0.996389865875, "median": 1, "min": 0, "var": 0.00359734357335}, "silence_rate_60dB": {"dmean": 0.00767234573141, "dmean2": 0.0153464227915, "dvar": 0.00761362165213, "dvar2": 0.0189442336559, "max": 1, "mean": 0.0294449459761, "median": 0, "min": 0, "var": 0.0285793580115}, "spectral_centroid": {"dmean": 277.651794434, "dmean2": 416.261352539, "dvar": 92083.953125, "dvar2": 184733.90625, "max": 10781.5537109, "mean": 1942.9564209, "median": 1945.57495117, "min": 119.692962646, "var": 614559.6875}, "spectral_complexity": {"dmean": 5.12444972992, "dmean2": 7.52674341202, "dvar": 27.1963443756, "dvar2": 52.4238624573, "max": 64, "mean": 26.7260837555, "median": 27, "min": 0, "var": 144.337203979}, "spectral_contrast_coeffs": {"dmean": [0.0525211803615, 0.0463396199048, 0.038833335042, 0.032393399626, 0.0251981168985, 0.0194420497864], "dmean2": [0.0849282518029, 0.0764040499926, 0.0632797628641, 0.0524268820882, 0.0407848246396, 0.0306329820305], "dvar": [0.00203849864192, 0.00146432837937, 0.0010481531499, 0.000858199375216, 0.000660143618006, 0.000520238885656], "dvar2": [0.0050652208738, 0.00378403509967, 0.00269869994372, 0.00197513378225, 0.00151072419249, 0.00116831995547], "max": [-0.36144810915, -0.518065929413, -0.426973670721, -0.488604038954, -0.539402544498, -0.513256907463], "mean": [-0.673169672489, -0.76845908165, -0.782445728779, -0.785934627056, -0.7809420228, -0.763824999332], "median": [-0.671068668365, -0.774289667606, -0.791462063789, -0.794008374214, -0.788883090019, -0.765320003033], "min": [-0.977441072464, -0.976689219475, -0.97790068388, -0.957073748112, -0.958135902882, -0.959291994572], "var": [0.0077665806748, 0.00438825413585, 0.0037907352671, 0.0031865905039, 0.00247156620026, 0.00164993596263]}, "spectral_contrast_valleys": {"dmean": [0.418369472027, 0.401444613934, 0.35033416748, 0.325169801712, 0.294616013765, 0.29517185688], "dmean2": [0.6637378335, 0.645477771759, 0.556276381016, 0.501960515976, 0.438124537468, 0.400649160147], "dvar": [0.15387237072, 0.14634488523, 0.121647663414, 0.122579403222, 0.13924895227, 0.17803157866], "dvar2": [0.333511143923, 0.329302608967, 0.262836396694, 0.242616802454, 0.265919238329, 0.331935852766], "max": [-5.28845310211, -4.76767396927, -5.30554437637, -5.42557525635, -5.24404621124, -7.16675806046], "mean": [-7.29600381851, -6.76952219009, -7.03187847137, -7.24738931656, -7.14396619797, -9.56591510773], "median": [-7.07269191742, -6.58850193024, -6.86501550674, -7.03873538971, -6.94900894165, -9.27764511108], "min": [-26.4496822357, -27.3287315369, -27.1441078186, -27.5736217499, -27.2952232361, -27.222070694], "var": [1.44943165779, 1.16333711147, 1.18565309048, 1.25126504898, 1.31714832783, 1.70006585121]}, "spectral_decrease": {"dmean": 2.63224619879e-09, "dmean2": 3.89006160617e-09, "dvar": 1.39565320934e-17, "dvar2": 2.83250563801e-17, "max": 3.94802056715e-15, "mean": -6.85928602806e-09, "median": -5.86811932379e-09, "min": -4.66334100224e-08, "var": 2.60416358797e-17}, "spectral_energy": {"dmean": 0.0103947632015, "dmean2": 0.0152660934255, "dvar": 0.000201459653908, "dvar2": 0.000409081956604, "max": 0.177618950605, "mean": 0.0288319811225, "median": 0.0253149978817, "min": 1.12378940486e-20, "var": 0.000391106586903}, "spectral_energyband_high": {"dmean": 0.000749810074922, "dmean2": 0.00101274263579, "dvar": 2.49550362241e-06, "dvar2": 4.08240975958e-06, "max": 0.0276492405683, "mean": 0.00209067598917, "median": 0.00106273312122, "min": 8.04077231862e-21, "var": 1.00856104837e-05}, "spectral_energyband_low": {"dmean": 0.00828540977091, "dmean2": 0.0124922059476, "dvar": 0.000210157624679, "dvar2": 0.000433421664638, "max": 0.175125613809, "mean": 0.0130549678579, "median": 0.00645684078336, "min": 7.52611168904e-23, "var": 0.000334363081492}, "spectral_energyband_middle_high": {"dmean": 0.00229543400928, "dmean2": 0.00331266154535, "dvar": 9.20946149563e-06, "dvar2": 1.81689538294e-05, "max": 0.0627947077155, "mean": 0.00768039794639, "median": 0.00601475685835, "min": 1.74195270495e-21, "var": 4.20218711952e-05}, "spectral_energyband_middle_low": {"dmean": 0.00302749103867, "dmean2": 0.00482135266066, "dvar": 2.21667578444e-05, "dvar2": 5.39403845323e-05, "max": 0.0611479394138, "mean": 0.00729482108727, "median": 0.00611547753215, "min": 1.85841025877e-22, "var": 3.82664293284e-05}, "spectral_entropy": {"dmean": 0.132794573903, "dmean2": 0.195189610124, "dvar": 0.0250761471689, "dvar2": 0.05395822227, "max": 9.79598426819, "mean": 7.88796758652, "median": 7.97183704376, "min": 5.60798501968, "var": 0.158757120371}, "spectral_flux": {"dmean": 0.030148351565, "dmean2": 0.047211818397, "dvar": 0.00115493871272, "dvar2": 0.00265714689158, "max": 0.340153306723, "mean": 0.0948356166482, "median": 0.0850927680731, "min": 1.060089308e-10, "var": 0.00230657984503}, "spectral_kurtosis": {"dmean": 1.43666768074, "dmean2": 2.37115979195, "dvar": 6.87104320526, "dvar2": 18.8908367157, "max": 50.4340858459, "mean": 3.89372205734, "median": 2.78190755844, "min": -1.39672064781, "var": 16.8288211823}, "spectral_rms": {"dmean": 0.000887446512934, "dmean2": 0.00128171849065, "dvar": 1.06647064513e-06, "dvar2": 2.06027198146e-06, "max": 0.0131638441235, "mean": 0.00499691395089, "median": 0.00496966391802, "min": 3.31116275891e-12, "var": 3.15967531606e-06}, "spectral_rolloff": {"dmean": 715.396240234, "dmean2": 1101.37573242, "dvar": 926388.25, "dvar2": 1798662.25, "max": 21382.4707031, "mean": 2564.03051758, "median": 2088.72070313, "min": 64.599609375, "var": 5556097.5}, "spectral_skewness": {"dmean": 0.197922557592, "dmean2": 0.3163639009, "dvar": 0.0696614608169, "dvar2": 0.173947274685, "max": 5.43034362793, "mean": 1.38707089424, "median": 1.29752230644, "min": -0.574302792549, "var": 0.25388276577}, "spectral_spread": {"dmean": 554793.9375, "dmean2": 807240.4375, "dvar": 491055611904, "dvar2": 942785298432, "max": 40140076, "mean": 4921903, "median": 4819549, "min": 1251441.5, "var": 3103169970180.0},