{"lowlevel": {"average_loudness": 0.775905430317, "barkbands": {"dmean": [3.88684529753e-05, 0.000521842506714, 0.00049988029059, 0.000262548448518, 0.000684514583554, 0.000562042405363, 0.000344812084222, 0.000453724438557, 0.00106149504427, 0.000524278439116, 0.000452795182355, 0.000500229536556, 0.000389916356653, 0.000353706098394, 0.000579702493269, 0.000406593608204, 0.000182192248758, 0.000133988098241, 0.000131680397317, 0.000211623162613, 0.000124871672597, 0.000105719780549, 5.18381311849e-05, 2.24355371756e-05, 1.8993514459e-05, 4.00714407078e-06, 6.0391931811e-07], "dmean2": [6.68006177875e-05, 0.000833052152302, 0.000769195496105, 0.000425577600254, 0.0011103352299, 0.000856025668327, 0.000505276082549, 0.000687086605467, 0.00156649737619, 0.00076808326412, 0.000687820778694, 0.000748094869778, 0.000575478421524, 0.000554249912966, 0.000887870497536, 0.000641897204332, 0.00028641152312, 0.000207761651836, 0.000201888527954, 0.000316485617077, 0.000181498951861, 0.000157136586495, 7.85780721344e-05, 3.35860386258e-05, 2.87900274998e-05, 6.3404759203e-06, 9.05852346023e-07], "dvar": [7.34145899628e-09, 6.14956093159e-07, 1.07817027128e-06, 3.31103620965e-07, 2.89450326818e-06, 1.06721984139e-06, 6.42978534415e-07, 1.52881011672e-06, 8.5463425421e-06, 6.02862291998e-06, 1.98343605007e-06, 2.29906027016e-06, 2.8208319236e-06, 2.63609013018e-06, 2.69433644462e-06, 1.80008350981e-06, 1.98564393372e-07, 6.3335491518e-08, 7.78410367275e-08, 2.89801960207e-07, 6.76095979202e-08, 4.98629475487e-08, 1.16391962734e-08, 5.54417844967e-09, 1.98140437391e-09, 4.22402772482e-11, 1.81209734718e-12], "dvar2": [2.02748946521e-08, 1.51440860918e-06, 2.30088562603e-06, 7.48036768528e-07, 7.22436880096e-06, 2.32876323025e-06, 1.11887800358e-06, 3.38609402206e-06, 1.66449954122e-05, 1.15605644169e-05, 3.77056267098e-06, 4.31594844486e-06, 5.55601081942e-06, 5.66096787225e-06, 6.17928299107e-06, 4.20597643824e-06, 4.79774598716e-07, 1.4251253333e-07, 1.87315194466e-07, 6.38350115878e-07, 1.43014375453e-07, 1.05147876184e-07, 2.64580624076e-08, 1.29811255078e-08, 4.22447810067e-09, 9.92080514961e-11, 4.15513023294e-12], "max": [0.00129187386483, 0.010251166299, 0.013989389874, 0.0107533698902, 0.0193857476115, 0.0325160771608, 0.0397441722453, 0.0411984547973, 0.0771512538195, 0.100820347667, 0.0441475212574, 0.0505923591554, 0.0458574555814, 0.0655863210559, 0.0401057675481, 0.0388202145696, 0.0134916910902, 0.00656285323203, 0.00739536061883, 0.0154823232442, 0.00596112664789, 0.00764773320407, 0.00298716546968, 0.00284212455153, 0.00120844505727, 0.000147281389218, 5.52589153813e-05], "mean": [5.5434567912e-05, 0.00151551701128, 0.000833672296721, 0.000420025869971, 0.000812501646578, 0.00118220550939, 0.000718577590305, 0.000883531407453, 0.00201326888055, 0.000831483514048, 0.000671659596264, 0.000861134787556, 0.000550468626898, 0.000497219560202, 0.000874439370818, 0.000687087594997, 0.000325600907672, 0.000228760429309, 0.00023787614191, 0.000397858733777, 0.000225231327931, 0.000175378052518, 8.76550911926e-05, 3.30769726133e-05, 2.66213701252e-05, 5.10850031787e-06, 8.70021381161e-07], "median": [2.14032079384e-05, 0.00131655589212, 0.00039231221308, 0.000123942445498, 0.000276686565485, 0.000552390934899, 0.000225494412007, 0.000266637740424, 0.000453050015494, 0.00019701749261, 0.00022705704032, 0.000280081003439, 0.000158734852448, 0.000116766699648, 0.000230617966736, 0.000157390590175, 0.000145639496623, 0.000101281773823, 9.99163166853e-05, 0.000127687599161, 8.31216530059e-05, 6.77056741551e-05, 4.35565707448e-05, 1.13066134872e-05, 1.21376078823e-05, 2.4357852908e-06, 2.87220075279e-07], "min": [1.63975105276e-25, 1.6280965943e-24, 1.98630541377e-24, 1.57170960566e-24, 1.20205054904e-23, 1.61805058873e-23, 8.90826699247e-24, 9.71111440154e-24, 1.56635400925e-23, 2.37232341424e-23, 2.30858471528e-23, 2.41529392993e-23, 3.53132164273e-23, 4.73403601822e-23, 4.30614745027e-23, 4.50821417114e-23, 8.4309818479e-23, 9.89694541835e-23, 1.31379406889e-22, 2.34056999576e-22, 2.76453489579e-22, 3.74879197718e-22, 3.71029859423e-22, 6.39347605605e-22, 8.19284935307e-22, 1.35136533023e-21, 2.13845938898e-21], "var": [8.35684144107e-09, 1.75154980298e-06, 1.74632032213e-06, 7.86397379215e-07, 2.83869553641e-06, 4.01479701395e-06, 3.10822406391e-06, 5.11305870532e-06, 3.16815385304e-05, 1.45416652231e-05, 3.79307402909e-06, 6.77738853483e-06, 4.62491607323e-06, 5.16051113664e-06, 4.9556670092e-06, 3.71868873117e-06, 3.71156204437e-07, 1.2946861716e-07, 1.8153723147e-07, 7.06774414994e-07, 1.55662149837e-07, 1.13127406109e-07, 2.27591741009e-08, 6.80244127693e-09, 2.78289902234e-09, 6.17309051099e-11, 3.45816257574e-12]}, "barkbands_crest": {"dmean": 2.15652036667, "dmean2": 3.47020363808, "dvar": 4.21950769424, "dvar2": 10.5000143051, "max": 25.6014766693, "mean": 8.51480102539, "median": 7.77836370468, "min": 2.19442224503, "var": 13.5729093552}, "barkbands_flatness_db": {"dmean": 0.0163268912584, "dmean2": 0.0241343360394, "dvar": 0.00019873745623, "dvar2": 0.000409921340179, "max": 0.287430465221, "mean": 0.105013541877, "median": 0.101548172534, "min": 0.0245093517005, "var": 0.00115777819883}, "barkbands_kurtosis": {"dmean": 1.02817583084, "dmean2": 1.60055983067, "dvar": 1.94467234612, "dvar2": 4.47549724579, "max": 40.7394523621, "mean": 0.940679848194, "median": 0.151992797852, "min": -1.90118741989, "var": 6.68412446976}, "barkbands_skewness": {"dmean": 0.371032208204, "dmean2": 0.561787366867, "dvar": 0.126974254847, "dvar2": 0.279345363379, "max": 6.08946943283, "mean": 0.767027080059, "median": 0.732510089874, "min": -5.62858915329, "var": 0.771635770798}, "barkbands_spread": {"dmean": 5.48647212982, "dmean2": 8.28538417816, "dvar": 36.2361030579, "dvar2": 77.9070739746, "max": 133.047225952, "mean": 26.401594162, "median": 24.7660045624, "min": 3.00815653801, "var": 132.602539062}, "dissonance": {"dmean": 0.0167502034456, "dmean2": 0.0277518518269, "dvar": 0.0002480984258, "dvar2": 0.000651984242722, "max": 0.500000059605, "mean": 0.466818571091, "median": 0.471473962069, "min": 0.302116930485, "var": 0.000537018466275}, "dynamic_complexity": 4.46689939499, "erbbands": {"dmean": [0.0152057046071, 0.130502849817, 0.573730170727, 0.547612726688, 2.48964095116, 1.78358781338, 2.14030838013, 5.81541109085, 4.70224380493, 5.65620708466, 12.6811923981, 24.8321437836, 19.3872947693, 14.2640609741, 17.7860107422, 18.086063385, 14.6533508301, 20.0849151611, 19.5064735413, 26.9818687439, 17.0735626221, 9.05589485168, 7.632853508, 6.61552715302, 6.76431703568, 9.65082550049, 6.21805286407, 4.48143434525, 4.30938625336, 1.93698978424, 1.39806580544, 0.798187017441, 0.270279079676, 0.17489618063, 0.140849649906, 0.0371431410313, 0.0071280580014, 0.000936391938012, 9.48762899498e-05, 9.8394430097e-06], "dmean2": [0.0245530903339, 0.208392485976, 0.893614530563, 0.880135178566, 4.05118703842, 2.96721935272, 3.44617414474, 8.75724411011, 6.76437854767, 8.53143978119, 18.7367134094, 36.7899208069, 28.0957431793, 21.1366252899, 26.0794563293, 27.128704071, 21.1813793182, 30.1312961578, 29.9043731689, 41.4622993469, 25.9070186615, 13.7609167099, 11.8419084549, 10.0574760437, 10.1255750656, 14.4439735413, 9.04239559174, 6.38126420975, 6.47873926163, 2.88012433052, 2.15400242805, 1.21010577679, 0.399084508419, 0.258309155703, 0.219199240208, 0.058102838695, 0.0115756662562, 0.00145549385343, 0.000141124328366, 1.33054873004e-05], "dvar": [0.00065509689739, 0.0444254986942, 1.37812566757, 0.843493461609, 42.9279060364, 17.0553836823, 16.8739109039, 132.374801636, 127.967651367, 177.053131104, 1240.97167969, 5351.40380859, 5828.77685547, 2037.19726562, 3879.77490234, 2940.82080078, 3030.70605469, 8052.99658203, 3018.77612305, 7215.70849609, 2604.60742188, 487.638275146, 201.62020874, 174.949813843, 231.904174805, 803.497131348, 161.384292603, 112.539085388, 97.7062454224, 19.4083957672, 8.84048557281, 5.57833480835, 0.646195471287, 0.326072007418, 0.081446968019, 0.00369233102538, 0.000130340791657, 2.44910461333e-06, 4.79399240305e-08, 3.46069450874e-10], "dvar2": [0.00170039141085, 0.109392531216, 2.9975039959, 1.93667864799, 107.789840698, 44.8702964783, 36.6327514648, 284.882171631, 208.601928711, 369.470001221, 2619.24194336, 10859.125, 11573.1425781, 3680.26171875, 6865.0390625, 5847.48388672, 5982.19042969, 15531.1376953, 6667.38183594, 17129.6210938, 5807.5, 1140.96948242, 447.416473389, 385.780273438, 514.411315918, 1873.52807617, 335.85144043, 231.174850464, 205.47819519, 42.3614616394, 20.1551418304, 13.2444190979, 1.44082677364, 0.699256062508, 0.178015038371, 0.00848049297929, 0.000323127460433, 5.6503840824e-06, 1.1239003328e-07, 6.93903656757e-10], "max": [0.326420366764, 2.71217775345, 14.7062368393, 14.210600853, 97.8838272095, 45.0666275024, 179.592910767, 338.024688721, 791.133728027, 431.696502686, 1130.20910645, 2192.67480469, 2957.62304688, 1729.75463867, 2242.04980469, 2430.32714844, 1422.40576172, 3681.42456055, 1322.05090332, 2919.19824219, 1744.53686523, 731.847167969, 350.593078613, 418.39263916, 499.208282471, 947.463500977, 253.557052612, 318.345672607, 422.615509033, 143.507980347, 99.5888519287, 87.7471160889, 26.6363372803, 19.8913726807, 8.26606941223, 1.01939272881, 0.245968520641, 0.0491887405515, 0.00923500210047, 0.000769208883867], "mean": [0.0478937588632, 0.329748362303, 0.938951730728, 1.03762769699, 2.85875654221, 2.16870427132, 3.99294662476, 11.8098392487, 10.7057380676, 12.0551891327, 25.4473648071, 47.2532501221, 34.9786720276, 24.9990730286, 31.4577293396, 32.8946647644, 24.058429718, 31.6240367889, 32.5742492676, 47.2440986633, 33.2175941467, 18.0716438293, 13.8211612701, 11.7467861176, 13.6442499161, 18.4107723236, 12.1151428223, 7.77934551239, 6.96073293686, 3.40335416794, 2.34788393974, 1.22116041183, 0.407294094563, 0.252821922302, 0.187710702419, 0.0476885735989, 0.00870921090245, 0.001271112822, 0.000145162164699, 2.84982506855e-05], "median": [0.0386682040989, 0.270540446043, 0.48888990283, 0.578648686409, 0.577037155628, 0.878456354141, 2.2652490139, 4.72080469131, 3.51265001297, 4.44399881363, 7.61946153641, 11.7838850021, 8.50058078766, 10.2002010345, 9.47275543213, 11.8509531021, 8.18719005585, 8.96039009094, 10.2054243088, 11.3950710297, 9.82103061676, 7.82420730591, 6.51669692993, 5.25184392929, 5.48831653595, 5.50755786896, 4.14421987534, 2.79616856575, 2.6764125824, 1.27756810188, 1.20449793339, 0.575167775154, 0.125855818391, 0.0764058679342, 0.0945547968149, 0.0244452450424, 0.00433047348633, 0.000565885391552, 5.23838061781e-05, 1.77255260496e-05], "min": [1.12512277416e-22, 4.64365180669e-22, 2.75891068357e-21, 8.03980054296e-21, 1.63859471027e-20, 3.07362996531e-20, 3.66539303682e-20, 1.09846405872e-19, 1.25625044077e-19, 2.39269617752e-19, 3.25966960591e-19, 5.15836550831e-19, 7.99402698511e-19, 9.98362331598e-19, 1.22528899289e-18, 1.06543416817e-18, 1.29813103462e-18, 2.45949085689e-18, 2.78259091288e-18, 2.40145359037e-18, 2.93131922778e-18, 5.66394470935e-18, 4.80668987767e-18, 7.27539676736e-18, 7.7871155097e-18, 1.13814336469e-17, 9.52070078516e-18, 1.04134362884e-17, 1.30898072845e-17, 1.00400874918e-17, 1.11123939799e-17, 1.2203821575e-17, 1.07389583293e-17, 8.95971516553e-18, 5.82374400957e-18, 4.8026226306e-18, 2.36781753153e-18, 1.09343319793e-18, 2.56159146596e-19, 2.70121871325e-20], "var": [0.00203751027584, 0.0978226959705, 2.10235500336, 1.93939697742, 45.9591331482, 16.08335495, 38.0326461792, 466.933776855, 783.898254395, 750.924133301, 4188.19628906, 18189.0625, 16198.6269531, 5294.42089844, 10729.6845703, 10204.3388672, 5526.13818359, 17565.6152344, 5816.01708984, 18376.3652344, 6634.60839844, 1093.98413086, 442.849517822, 374.886505127, 691.314697266, 1762.97961426, 453.356445312, 238.203201294, 204.700942993, 43.1725273132, 16.2058696747, 6.95712947845, 0.898792147636, 0.445488750935, 0.107789427042, 0.00495905801654, 0.000167002828675, 4.27232407674e-06, 8.82937882807e-08, 1.23816179531e-09]}, "erbbands_crest": {"dmean": 2.56127095222, "dmean2": 4.06888389587, "dvar": 6.43832778931, "dvar2": 15.2043094635, "max": 31.2758731842, "mean": 8.74237632751, "median": 7.47713851929, "min": 2.13586878777, "var": 21.3411369324}, "erbbands_flatness_db": {"dmean": 0.0181612446904, "dmean2": 0.0264051929116, "dvar": 0.000275434198556, "dvar2": 0.000513430859428, "max": 0.320653408766, "mean": 0.161042720079, "median": 0.155381605029, "min": 0.0212813708931, "var": 0.00176985375583}, "erbbands_kurtosis": {"dmean": 0.714063942432, "dmean2": 1.12994611263, "dvar": 1.25512421131, "dvar2": 2.87431001663, "max": 32.7427902222, "mean": 0.182324022055, "median": -0.274985074997, "min": -1.67655479908, "var": 3.01574587822}, "erbbands_skewness": {"dmean": 0.310408234596, "dmean2": 0.463417768478, "dvar": 0.0808088630438, "dvar2": 0.173133775592, "max": 4.21627759933, "mean": 0.230312392116, "median": 0.196251243353, "min": -4.81810903549, "var": 0.432672828436}, "erbbands_spread": {"dmean": 6.85911417007, "dmean2": 10.5571584702, "dvar": 49.2370834351, "dvar2": 107.183639526, "max": 101.439064026, "mean": 33.6130905151, "median": 32.1233329773, "min": 3.03979635239, "var": 174.190643311}, "gfcc": {"cov": [[23971.2871094, 1062.61633301, -1808.54370117, 652.799560547, -1026.78662109, 409.824523926, -550.032348633, 304.92565918, -391.359619141, 195.898361206, -463.679382324, -3.55269765854, -193.606384277], [1062.61633301, 803.643676758, -20.9062023163, 100.079544067, 103.179840088, 36.9167327881, 60.288684845, 10.4755907059, 2.32487678528, -21.7572345734, 45.543258667, -8.80153942108, -34.6840324402], [-1808.54370117, -20.9062023163, 836.544128418, 146.928207397, 118.300003052, 141.170715332, 29.7614421844, -2.43534851074, 13.7207756042, -27.7030601501, -2.41732192039, 62.0954055786, -89.4792709351], [652.799560547, 100.079544067, 146.928207397, 296.918304443, 75.9850006104, 65.4388198853, -11.5958337784, 14.898150444, -15.8544778824, -6.89218568802, -29.0232715607, 3.84354281425, 3.19927978516], [-1026.78662109, 103.179840088, 118.300003052, 75.9850006104, 271.223815918, 45.8769493103, 103.216049194, 12.9358291626, 27.6133499146, -11.5327291489, 18.7930526733, -29.5875797272, 13.0720558167], [409.824523926, 36.9167327881, 141.170715332, 65.4388198853, 45.8769493103, 199.145065308, 66.0098114014, 27.0824584961, -7.61831331253, 17.1035728455, -8.84406089783, 8.21422767639, -38.3100013733], [-550.032348633, 60.288684845, 29.7614421844, -11.5958337784, 103.216049194, 66.0098114014, 184.360656738, 42.7339401245, 9.05901813507, 9.90166187286, 33.4717330933, -24.4554843903, -3.96233534813], [304.92565918, 10.4755907059, -2.43534851074, 14.898150444, 12.9358291626, 27.0824584961, 42.7339401245, 119.496925354, 57.7339401245, 19.0877742767, -16.2409172058, -4.05515909195, 3.13189315796], [-391.359619141, 2.32487678528, 13.7207756042, -15.8544778824, 27.6133499146, -7.61831331253, 9.05901813507, 57.7339401245, 144.521087646, 23.1766719818, -4.72931480408, -1.01680207253, 17.8258152008], [195.898361206, -21.7572345734, -27.7030601501, -6.89218568802, -11.5327291489, 17.1035728455, 9.90166187286, 19.0877742767, 23.1766719818, 77.9656829834, 32.7903213501, 15.4354000092, -3.80459833145], [-463.679382324, 45.543258667, -2.41732192039, -29.0232715607, 18.7930526733, -8.84406089783, 33.4717330933, -16.2409172058, -4.72931480408, 32.7903213501, 120.226470947, 39.8441352844, 1.09262955189], [-3.55269765854, -8.80153942108, 62.0954055786, 3.84354281425, -29.5875797272, 8.21422767639, -24.4554843903, -4.05515909195, -1.01680207253, 15.4354000092, 39.8441352844, 121.247184753, 4.58885860443], [-193.606384277, -34.6840324402, -89.4792709351, 3.19927978516, 13.0720558167, -38.3100013733, -3.96233534813, 3.13189315796, 17.8258152008, -3.80459833145, 1.09262955189, 4.58885860443, 93.6984558105]], "icov": [[0.00016957698972, -0.000250045908615, 0.000469369930215, -0.000413183646742, 0.000457276037196, -0.000514590472449, 0.000427927239798, -0.000544817012269, 0.000489167578053, -0.000429734296631, 0.000542249996215, -0.000159436953254, 0.000373262650101], [-0.000250045908615, 0.00191341422033, -0.000283996312646, -9.54237111728e-05, -0.00105237425305, 0.000642689003143, -0.000836574763525, 0.000755966582801, -0.00111081125215, 0.00173852685839, -0.00174652133137, 0.000158076130901, 0.000567160663195], [0.000469369930215, -0.000283996312646, 0.00326628307812, -0.0019518051995, 0.000519658846315, -0.00221153092571, 0.00116032280494, -0.00107033015229, 0.000501558708493, 0.000200498921913, 0.00130457023624, -0.00171177159064, 0.00314003741369], [-0.000413183646742, -9.54237111728e-05, -0.0019518051995, 0.00598772102967, -0.00256509170868, 5.0496601034e-05, 0.00089496630244, 7.09086380084e-05, 0.000458808732219, 9.18004116102e-06, -0.000106244704511, 0.00048225565115, -0.00265274569392], [0.000457276037196, -0.00105237425305, 0.000519658846315, -0.00256509170868, 0.00749809946865, -0.00139978341758, -0.00211892090738, -0.000220785819693, -0.000243772621616, -0.000132616289193, 0.00050115812337, 0.00111411581747, -0.000580892898142], [-0.000514590472449, 0.000642689003143, -0.00221153092571, 5.0496601034e-05, -0.00139978341758, 0.00943567045033, -0.00436643417925, 0.00128176563885, -0.000570583215449, -0.00123042543419, 0.000589102506638, -0.000734694942366, 0.000974358175881], [0.000427927239798, -0.000836574763525, 0.00116032280494, 0.00089496630244, -0.00211892090738, -0.00436643417925, 0.0113959861919, -0.00544129358605, 0.00282044056803, -0.000642997212708, -0.00207034358755, 0.00200320407748, 0.000189531172509], [-0.000544817012269, 0.000755966582801, -0.00107033015229, 7.09086380084e-05, -0.000220785819693, 0.00128176563885, -0.00544129358605, 0.0148119134828, -0.00661537516862, -0.000568861141801, 0.0013371494133, -0.000550429220311, -0.000793964893091], [0.000489167578053, -0.00111081125215, 0.000501558708493, 0.000458808732219, -0.000243772621616, -0.000570583215449, 0.00282044056803, -0.00661537516862, 0.0117071066052, -0.00453598005697, 0.00248973048292, -0.000106860614324, -0.00123123417143], [-0.000429734296631, 0.00173852685839, 0.000200498921913, 9.18004116102e-06, -0.000132616289193, -0.00123042543419, -0.000642997212708, -0.000568861141801, -0.00453598005697, 0.0196385476738, -0.00778562109917, -0.000112531088234, 0.00121067382861], [0.000542249996215, -0.00174652133137, 0.00130457023624, -0.000106244704511, 0.00050115812337, 0.000589102506638, -0.00207034358755, 0.0013371494133, 0.00248973048292, -0.00778562109917, 0.0157515220344, -0.00526996282861, 0.00104670459405], [-0.000159436953254, 0.000158076130901, -0.00171177159064, 0.00048225565115, 0.00111411581747, -0.000734694942366, 0.00200320407748, -0.000550429220311, -0.000106860614324, -0.000112531088234, -0.00526996282861, 0.011673127301, -0.00276927091181], [0.000373262650101, 0.000567160663195, 0.00314003741369, -0.00265274569392, -0.000580892898142, 0.000974358175881, 0.000189531172509, -0.000793964893091, -0.00123123417143, 0.00121067382861, 0.00104670459405, -0.00276927091181, 0.0156637523323]], "mean": [-38.0690917969, 82.1849594116, -138.607147217, 30.9853973389, -60.0984954834, 15.1124181747, -26.9143028259, 9.43442058563, -15.4678735733, 8.05023479462, -15.8115673065, 3.59922504425, -6.44244146347]}, "hfc": {"dmean": 5.1669216156, "dmean2": 6.61880970001, "dvar": 62.9631919861, "dvar2": 97.8027420044, "max": 184.629180908, "mean": 17.2907981873, "median": 9.87781906128, "min": 1.09647349613e-16, "var": 405.933959961}, "melbands": {"dmean": [0.000131167907966, 0.000248761178227, 0.000151573913172, 0.000169777107658, 6.83102334733e-05, 0.000122888421174, 7.06416976755e-05, 6.26113614999e-05, 0.000115712136903, 0.000165449993801, 9.98554023681e-05, 5.94391894992e-05, 5.60262269573e-05, 5.74200093979e-05, 3.49341316905e-05, 4.4417247409e-05, 3.8417216274e-05, 2.90301959467e-05, 4.63668911834e-05, 3.41510422004e-05, 1.92711922864e-05, 1.14624663183e-05, 6.74135162626e-06, 6.74888815411e-06, 5.80342430112e-06, 4.52376343674e-06, 6.56698011881e-06, 6.9700304266e-06, 4.75202705275e-06, 3.01585396301e-06, 2.67699579126e-06, 2.71600674751e-06, 1.9088265617e-06, 8.87515284376e-07, 7.26494761238e-07, 9.68141762314e-07, 3.62523365993e-07, 1.83514544005e-07, 1.889619341e-07, 1.38317702181e-07], "dmean2": [0.000207772071008, 0.00038861768553, 0.000239655724727, 0.000279406638583, 0.000110327913717, 0.00018568620726, 0.000102778503788, 9.46264990489e-05, 0.000170485262061, 0.000242522452027, 0.000143646509969, 8.88071881491e-05, 8.15231105662e-05, 8.4327897639e-05, 5.27548072569e-05, 6.46343032713e-05, 5.87150279898e-05, 4.5059263357e-05, 7.13577246643e-05, 5.27986849193e-05, 2.95421432384e-05, 1.7907073925e-05, 1.05664084913e-05, 1.04796945379e-05, 8.99567203305e-06, 6.90324213792e-06, 9.98777159111e-06, 1.07049190774e-05, 7.04150761521e-06, 4.47026968686e-06, 3.87808631785e-06, 4.09651966038e-06, 2.96401390187e-06, 1.31608715037e-06, 1.11786414436e-06, 1.52920347318e-06, 5.52735855308e-07, 2.75954249673e-07, 2.79537943015e-07, 2.09094281445e-07], "dvar": [3.85491460975e-08, 2.26020588912e-07, 9.48187945937e-08, 1.91039291053e-07, 1.63124749264e-08, 5.48012089041e-08, 2.41395241574e-08, 2.07665724616e-08, 1.09183169172e-07, 2.29638558835e-07, 1.60161548024e-07, 4.38346319243e-08, 3.52456410724e-08, 3.05031981895e-08, 2.44468782995e-08, 3.56937377433e-08, 3.06773166869e-08, 7.37098204695e-09, 1.8020479331e-08, 1.15889200458e-08, 4.28873159208e-09, 9.08468356098e-10, 2.18919882222e-10, 1.91068272315e-10, 1.46660530942e-10, 1.0214224605e-10, 2.97181279585e-10, 4.31392255251e-10, 1.10829179167e-10, 4.19361455284e-11, 5.15698317383e-11, 5.06600525418e-11, 1.52553334548e-11, 5.80903814634e-12, 2.68244172534e-12, 4.04533784942e-12, 1.86229308884e-12, 2.68406336653e-13, 3.64724255571e-13, 2.0860105364e-13], "dvar2": [9.44522255963e-08, 5.01791419083e-07, 2.23905360031e-07, 4.86329042815e-07, 3.72746278288e-08, 1.20192552799e-07, 4.13812379918e-08, 4.28273203568e-08, 2.21739455242e-07, 4.57113287666e-07, 3.13882253522e-07, 8.12015557017e-08, 6.07942851616e-08, 5.61387878406e-08, 5.48476144502e-08, 6.55735377109e-08, 5.94544253829e-08, 1.70878902139e-08, 4.09786942157e-08, 2.59297934235e-08, 9.48005141055e-09, 2.17657647461e-09, 5.35784028255e-10, 4.31126190303e-10, 3.24594379153e-10, 2.28168997585e-10, 6.29020779908e-10, 1.03462971524e-09, 2.33214225709e-10, 8.80190573205e-11, 1.08918270236e-10, 1.07533343341e-10, 3.48873221978e-11, 1.36942601356e-11, 6.10249741365e-12, 9.61120853044e-12, 4.47573618792e-12, 6.18393682615e-13, 7.72514485107e-13, 4.61634311506e-13], "max": [0.00259767984971, 0.00625936873257, 0.0055417213589, 0.00507962470874, 0.0049966564402, 0.00723886489868, 0.0100243575871, 0.00410936586559, 0.00859942939132, 0.0148419626057, 0.0157720800489, 0.00687548145652, 0.00697874370962, 0.00448666093871, 0.00686520850286, 0.00557402614504, 0.00843950361013, 0.0020314748399, 0.00343436817639, 0.00366836134344, 0.00255192047916, 0.00109264301136, 0.000409680156736, 0.000530336168595, 0.000426978105679, 0.000340816826792, 0.00050443544751, 0.000617095152847, 0.000241388755967, 0.000147849350469, 0.000237579166424, 0.000347202905687, 0.000132317582029, 8.72617019922e-05, 5.35589606443e-05, 5.80562737014e-05, 5.01292925037e-05, 1.62807282322e-05, 1.97634890355e-05, 1.54220451805e-05], "mean": [0.00042362124077, 0.000472933519632, 0.000255656603258, 0.000189034151845, 0.000125949562062, 0.000257811392657, 0.000162284923135, 0.000133317167638, 0.000221394569962, 0.000309880735585, 0.000169575228938, 9.76190494839e-05, 9.29804955376e-05, 9.96133676381e-05, 5.57530656806e-05, 6.52058006381e-05, 5.71171403863e-05, 4.37953458459e-05, 7.02644392732e-05, 5.7742887293e-05, 3.41549239238e-05, 2.04682619369e-05, 1.19682299555e-05, 1.08297072074e-05, 9.43986378843e-06, 8.19626347948e-06, 1.2302290088e-05, 1.22843039208e-05, 8.44136502565e-06, 5.31547766514e-06, 4.18884928877e-06, 4.16587772634e-06, 2.98342297356e-06, 1.47756622937e-06, 1.20313268326e-06, 1.43587385537e-06, 5.09417816374e-07, 2.62149541186e-07, 2.69962669108e-07, 1.90076647755e-07], "median": [0.000365015439456, 0.00030337224598, 0.000114053334983, 5.34405007784e-05, 7.23912162357e-05, 0.000104811035271, 5.48367752344e-05, 4.53794455098e-05, 5.61930719414e-05, 7.29189050617e-05, 3.78170516342e-05, 3.62236860383e-05, 2.89074487227e-05, 3.20844701491e-05, 1.78424306796e-05, 1.78242644324e-05, 1.35974523801e-05, 1.2783783859e-05, 1.79918479262e-05, 1.26780450955e-05, 1.06607985799e-05, 8.79611707205e-06, 5.31305977347e-06, 4.73933505418e-06, 3.80183337256e-06, 2.99769112644e-06, 4.31151602243e-06, 3.12574161399e-06, 2.50948482972e-06, 2.05595711122e-06, 1.27639123093e-06, 1.47760601976e-06, 1.25628162095e-06, 4.60823429194e-07, 5.464362971e-07, 8.05675483662e-07, 1.70141575495e-07, 7.73981057023e-08, 7.02967639654e-08, 5.58943860085e-08], "min": [1.19875027056e-24, 1.36276806061e-24, 1.7789775823e-24, 3.04234009695e-24, 1.34201697589e-24, 2.58032240857e-24, 1.69532598305e-24, 2.1595372964e-24, 3.24428848869e-24, 2.45485368716e-24, 3.91090021107e-24, 3.86479129116e-24, 3.79713700221e-24, 3.08926647398e-24, 3.00872712821e-24, 3.08114850362e-24, 3.90986009797e-24, 4.14816314452e-24, 3.08257673628e-24, 1.99823437116e-24, 3.70705184785e-24, 5.34174085413e-24, 4.66284913125e-24, 5.09011355246e-24, 4.00180617521e-24, 3.93520895987e-24, 5.5212110488e-24, 6.93145887236e-24, 5.35550608249e-24, 5.1745098364e-24, 5.44731765895e-24, 6.56997558988e-24, 5.66200930975e-24, 5.12413239013e-24, 5.11217720311e-24, 6.32307040959e-24, 6.84640231183e-24, 6.77187388895e-24, 6.61536822409e-24, 6.27054607837e-24], "var": [1.37765383101e-07, 3.75622562387e-07, 1.69982627085e-07, 1.77519865474e-07, 3.42555637189e-08, 2.19251987232e-07, 1.52985663249e-07, 9.56307815159e-08, 3.5302480228e-07, 8.43193674882e-07, 4.30204067925e-07, 1.0515072546e-07, 8.71509868716e-08, 7.99941872742e-08, 4.79616275584e-08, 6.76819809087e-08, 7.22504793771e-08, 1.27708972286e-08, 3.51547875255e-08, 2.87251271658e-08, 9.40374267344e-09, 1.67690072939e-09, 4.02434280344e-10, 3.47007367285e-10, 3.02124991691e-10, 2.67782712671e-10, 7.52727158382e-10, 8.74093297742e-10, 2.79941875236e-10, 9.18040227171e-11, 9.75921149449e-11, 9.86166703854e-11, 2.92048815687e-11, 1.08021152787e-11, 5.1663161596e-12, 5.71588826617e-12, 2.07741788182e-12, 3.61281994989e-13, 5.25043008202e-13, 2.66043995644e-13]}, "melbands_crest": {"dmean": 2.9322707653, "dmean2": 4.68452358246, "dvar": 8.10688114166, "dvar2": 19.8986206055, "max": 32.1082878113, "mean": 12.1049919128, "median": 11.4289608002, "min": 1.63945937157, "var": 21.8865261078}, "melbands_flatness_db": {"dmean": 0.0188667923212, "dmean2": 0.0275445505977, "dvar": 0.000295982608804, "dvar2": 0.000601771578658, "max": 0.412151426077, "mean": 0.154032126069, "median": 0.152670189738, "min": 0.00363704957999, "var": 0.00199634535238}, "melbands_kurtosis": {"dmean": 2.68632030487, "dmean2": 4.15780544281, "dvar": 16.995059967, "dvar2": 40.4120445251, "max": 139.94380188, "mean": 4.90691232681, "median": 2.83500862122, "min": -1.70983922482, "var": 45.2598381042}, "melbands_skewness": {"dmean": 0.494938522577, "dmean2": 0.73666870594, "dvar": 0.253644645214, "dvar2": 0.546652853489, "max": 10.02115345, "mean": 1.6430106163, "median": 1.50484037399, "min": -1.82086455822, "var": 1.21122181416}, "melbands_spread": {"dmean": 7.79342460632, "dmean2": 11.7900657654, "dvar": 79.376083374, "dvar2": 180.910751343, "max": 163.884918213, "mean": 33.9128837585, "median": 30.1289196014, "min": 2.96691012383, "var": 343.236846924}, "mfcc": {"cov": [[10478.7597656, 948.502441406, -412.104034424, 259.869628906, -224.726150513, 84.3673782349, -122.409568787, 0.246847689152, 77.3311080933, 120.548614502, -64.363822937, -54.5415992737, -40.3409996033], [948.502441406, 898.252197266, -49.3602981567, 111.072166443, 14.7068681717, 78.903427124, 47.5566558838, 86.3913192749, -26.8140201569, 33.6456947327, 33.6884613037, 42.6922302246, 26.94647789], [-412.104034424, -49.3602981567, 573.518493652, 58.0592308044, 104.856498718, 112.26864624, 3.49240159988, 85.3581771851, -30.0595436096, -43.631061554, 49.6481552124, 25.1783123016, -7.04226636887], [259.869628906, 111.072166443, 58.0592308044, 232.752853394, 90.5782852173, 43.6498260498, 29.8148670197, 27.464881897, 22.4655647278, -5.91391944885, -27.9259548187, 12.9855966568, 16.733669281], [-224.726150513, 14.7068681717, 104.856498718, 90.5782852173, 182.640945435, 57.8352203369, 14.7666025162, 31.0800476074, 38.6041793823, 5.04270839691, -0.92942237854, 5.48006343842, 1.15842151642], [84.3673782349, 78.903427124, 112.26864624, 43.6498260498, 57.8352203369, 170.180557251, 73.1179428101, 48.9392662048, -3.69703865051, 3.97575998306, 28.1094913483, 4.38559627533, -1.95528066158], [-122.409568787, 47.5566558838, 3.49240159988, 29.8148670197, 14.7666025162, 73.1179428101, 201.085220337, 29.2641010284, -1.63230776787, 19.2373485565, 20.109369278, 2.16367030144, -3.766310215], [0.246847689152, 86.3913192749, 85.3581771851, 27.464881897, 31.0800476074, 48.9392662048, 29.2641010284, 123.542388916, 31.0451660156, 11.4575986862, 25.1581840515, 16.9701251984, 14.0111713409], [77.3311080933, -26.8140201569, -30.0595436096, 22.4655647278, 38.6041793823, -3.69703865051, -1.63230776787, 31.0451660156, 147.335922241, 62.7616424561, -4.16658115387, -7.30943870544, -9.07421684265], [120.548614502, 33.6456947327, -43.631061554, -5.91391944885, 5.04270839691, 3.97575998306, 19.2373485565, 11.4575986862, 62.7616424561, 116.482749939, 27.7940807343, 0.423849582672, -4.14883995056], [-64.363822937, 33.6884613037, 49.6481552124, -27.9259548187, -0.92942237854, 28.1094913483, 20.109369278, 25.1581840515, -4.16658115387, 27.7940807343, 91.9424591064, 27.9095211029, -1.21355497837], [-54.5415992737, 42.6922302246, 25.1783123016, 12.9855966568, 5.48006343842, 4.38559627533, 2.16367030144, 16.9701251984, -7.30943870544, 0.423849582672, 27.9095211029, 86.8186798096, 38.2677841187], [-40.3409996033, 26.94647789, -7.04226636887, 16.733669281, 1.15842151642, -1.95528066158, -3.766310215, 14.0111713409, -9.07421684265, -4.14883995056, -1.21355497837, 38.2677841187, 82.0561294556]], "icov": [[0.000125467908219, -0.000111585221021, 6.29397691227e-05, -0.000203797811992, 0.000285553978756, -0.000194204127183, 0.000179575712536, 4.08689884352e-05, -7.99230183475e-05, -8.97382997209e-05, 5.13861887157e-05, 5.94307821302e-05, 9.75622460828e-05], [-0.000111585221021, 0.00155613839161, 0.000435045833001, -0.000622811028734, -7.66799057601e-05, -0.000350943271769, 5.10335812578e-05, -0.00118737574667, 0.0009894547984, -0.000535396684427, -0.000300088751828, -0.000474672444398, 9.55543873715e-05], [6.29397691227e-05, 0.000435045833001, 0.00276817800477, -0.000548036128748, -0.00087052345043, -0.00127590424381, 0.000814006663859, -0.00167292112019, 0.00093990622554, 0.000732533284463, -0.00116359069943, -0.000394096423406, 0.000849872652907], [-0.000203797811992, -0.000622811028734, -0.000548036128748, 0.00677760038525, -0.00301166623831, 1.61788866535e-05, -0.00110566068906, 0.000119125696074, -0.000637237390038, 0.000492920575198, 0.00273800222203, -0.00103298015893, -0.000876352947671], [0.000285553978756, -7.66799057601e-05, -0.00087052345043, -0.00301166623831, 0.00892359856516, -0.00228819763288, 0.000749840517528, 0.000313617609208, -0.00230611721054, -1.68452916114e-05, 0.000221050926484, 1.98828474822e-05, 0.000243509784923], [-0.000194204127183, -0.000350943271769, -0.00127590424381, 1.61788866535e-05, -0.00228819763288, 0.00972117763013, -0.003033882007, -0.00146359193604, 0.000823897251394, 0.000162663651281, -0.00158450345043, 0.00107448722702, -0.00014362494403], [0.000179575712536, 5.10335812578e-05, 0.000814006663859, -0.00110566068906, 0.000749840517528, -0.003033882007, 0.00659181643277, -0.000972700770944, 0.000771929917391, -0.00113427825272, -0.00054133386584, 6.64440085529e-05, 0.000741653318983], [4.08689884352e-05, -0.00118737574667, -0.00167292112019, 0.000119125696074, 0.000313617609208, -0.00146359193604, -0.000972700770944, 0.0123399021104, -0.00404088804498, 0.00121106312145, -0.00191099615768, 6.65818006382e-05, -0.00239379703999], [-7.99230183475e-05, 0.0009894547984, 0.00093990622554, -0.000637237390038, -0.00230611721054, 0.000823897251394, 0.000771929917391, -0.00404088804498, 0.0115785077214, -0.00620505260304, 0.00204427214339, -0.000259294640273, 0.00174184178468], [-8.97382997209e-05, -0.000535396684427, 0.000732533284463, 0.000492920575198, -1.68452916114e-05, 0.000162663651281, -0.00113427825272, 0.00121106312145, -0.00620505260304, 0.0137006063014, -0.00499162217602, 0.0010333902901, -0.000709918676876], [5.13861887157e-05, -0.000300088751828, -0.00116359069943, 0.00273800222203, 0.000221050926484, -0.00158450345043, -0.00054133386584, -0.00191099615768, 0.00204427214339, -0.00499162217602, 0.0170436352491, -0.00591668393463, 0.00271122832783], [5.94307821302e-05, -0.000474672444398, -0.000394096423406, -0.00103298015893, 1.98828474822e-05, 0.00107448722702, 6.64440085529e-05, 6.65818006382e-05, -0.000259294640273, 0.0010333902901, -0.00591668393463, 0.0172749906778, -0.00774137955159], [9.75622460828e-05, 9.55543873715e-05, 0.000849872652907, -0.000876352947671, 0.000243509784923, -0.00014362494403, 0.000741653318983, -0.00239379703999, 0.00174184178468, -0.000709918676876, 0.00271122832783, -0.00774137955159, 0.0166980456561]], "mean": [-664.209594727, 109.12121582, -19.9153747559, 20.1374454498, -10.138053894, 11.0736017227, -5.20552158356, 5.76360797882, 3.67019367218, 6.69932317734, -2.71497225761, 2.19329452515, 3.47632837296]}, "pitch_salience": {"dmean": 0.0592082068324, "dmean2": 0.0959105193615, "dvar": 0.00305771757849, "dvar2": 0.00781685765833, "max": 0.844794988632, "mean": 0.561261236668, "median": 0.559292554855, "min": 0.206748366356, "var": 0.00881559867412}, "silence_rate_20dB": {"dmean": 0, "dmean2": 0, "dvar": 0, "dvar2": 0, "max": 1, "mean": 1, "median": 1, "min": 1, "var": 0}, "silence_rate_30dB": {"dmean": 0.000261574692558, "dmean2": 0.000523217779119, "dvar": 0.000261533685261, "dvar2": 0.000522924936377, "max": 1, "mean": 0.999476909637, "median": 1, "min": 0, "var": 0.000522788322996}, "silence_rate_60dB": {"dmean": 0.0300810877234, "dmean2": 0.0601700469851, "dvar": 0.0291741490364, "dvar2": 0.0628341659904, "max": 1, "mean": 0.106970056891, "median": 0, "min": 0, "var": 0.0955285951495}, "spectral_centroid": {"dmean": 249.902099609, "dmean2": 377.629760742, "dvar": 74360.234375, "dvar2": 158018.984375, "max": 11626.3994141, "mean": 1794.75756836, "median": 1699.44262695, "min": 460.410827637, "var": 843564.8125}, "spectral_complexity": {"dmean": 3.61679315567, "dmean2": 5.04800510406, "dvar": 19.7513809204, "dvar2": 31.3184509277, "max": 56, "mean": 18.221786499, "median": 17, "min": 0, "var": 100.786315918}, "spectral_contrast_coeffs": {"dmean": [0.0480158999562, 0.0435564443469, 0.0388526916504, 0.033495888114, 0.0226233731955, 0.018553186208], "dmean2": [0.0771469026804, 0.0695392489433, 0.0608768165112, 0.0523658767343, 0.0353017710149, 0.0290660206228], "dvar": [0.00190450111404, 0.00132063566707, 0.0010647920426, 0.000802832189947, 0.00036803225521, 0.000249530858127], "dvar2": [0.00436495104805, 0.0031266247388, 0.00235979212448, 0.00181532686111, 0.000833630794659, 0.000580589403398], "max": [-0.348356544971, -0.45350086689, -0.421032190323, -0.512500405312, -0.596550345421, -0.563739418983], "mean": [-0.714895427227, -0.732147932053, -0.745069563389, -0.758562088013, -0.789530456066, -0.720972239971], "median": [-0.726024746895, -0.737805604935, -0.749652087688, -0.765802741051, -0.794144034386, -0.717292070389], "min": [-0.975694954395, -0.977517008781, -0.976446211338, -0.969281375408, -0.965831756592, -0.965059220791], "var": [0.00685633346438, 0.006078700535, 0.00526882102713, 0.00428594183177, 0.00235874089412, 0.00177162967157]}, "spectral_contrast_valleys": {"dmean": [0.397133052349, 0.350532263517, 0.313470155001, 0.279800772667, 0.240422144532, 0.353199124336], "dmean2": [0.643710255623, 0.559787213802, 0.489109635353, 0.416534394026, 0.334569811821, 0.473727881908], "dvar": [0.138123914599, 0.109704583883, 0.0894111543894, 0.0800081863999, 0.073747433722, 0.105537839234], "dvar2": [0.295007497072, 0.241708725691, 0.187659218907, 0.147754013538, 0.122953549027, 0.209471017122], "max": [-6.09894371033, -4.85501670837, -5.56409883499, -5.76377058029, -5.77039766312, -7.8792181015], "mean": [-7.97529506683, -7.25862789154, -7.61795330048, -7.95139884949, -7.80174922943, -10.7422990799], "median": [-7.48133802414, -6.93983221054, -7.3133854866, -7.6706867218, -7.53427791595, -10.5036563873], "min": [-27.8677692413, -27.9531650543, -27.7523422241, -27.7760639191, -27.5865764618, -27.3582630157], "var": [4.23933458328, 4.05888080597, 3.91568470001, 3.84557366371, 3.90205931664, 3.26312041283]}, "spectral_decrease": {"dmean": 9.30079180339e-10, "dmean2": 1.25235910531e-09, "dvar": 1.61645525995e-18, "dvar2": 2.6827859885e-18, "max": 1.76426467645e-16, "mean": -3.59915053316e-09, "median": -2.62475707835e-09, "min": -2.88856867314e-08, "var": 1.05167569372e-17}, "spectral_energy": {"dmean": 0.00388237624429, "dmean2": 0.00513399532065, "dvar": 2.83026183752e-05, "dvar2": 4.50413390354e-05, "max": 0.120212882757, "mean": 0.0151523388922, "median": 0.0108209522441, "min": 1.01465431292e-20, "var": 0.000192794410395}, "spectral_energyband_high": {"dmean": 0.000370424357243, "dmean2": 0.000523408176377, "dvar": 4.36228162926e-07, "dvar2": 9.03097429727e-07, "max": 0.0196971073747, "mean": 0.000764870259445, "median": 0.000334813725203, "min": 7.22796316142e-21, "var": 1.23224606341e-06}, "spectral_energyband_low": {"dmean": 0.000933573232032, "dmean2": 0.00142552552279, "dvar": 2.3705113108e-06, "dvar2": 5.10297832079e-06, "max": 0.0240708719939, "mean": 0.00251189107075, "median": 0.00193152204156, "min": 2.49079422944e-23, "var": 6.1674159042e-06}, "spectral_energyband_middle_high": {"dmean": 0.00205192342401, "dmean2": 0.00276379729621, "dvar": 1.59390419867e-05, "dvar2": 2.46135950874e-05, "max": 0.111183404922, "mean": 0.00581628317013, "median": 0.0028160342481, "min": 1.17682537422e-21, "var": 7.84641160863e-05}, "spectral_energyband_middle_low": {"dmean": 0.00240056146868, "dmean2": 0.00357006746344, "dvar": 1.56832302309e-05, "dvar2": 3.34806500177e-05, "max": 0.079278640449, "mean": 0.00637181196362, "median": 0.00365265086293, "min": 2.05216270125e-22, "var": 6.15052267676e-05}, "spectral_entropy": {"dmean": 0.132421642542, "dmean2": 0.187303751707, "dvar": 0.0145611427724, "dvar2": 0.028388094157, "max": 9.81986618042, "mean": 7.7305893898, "median": 7.72099351883, "min": 6.58606290817, "var": 0.102129653096}, "spectral_flux": {"dmean": 0.0179767161608, "dmean2": 0.0273344926536, "dvar": 0.00045563178719, "dvar2": 0.00107020547148, "max": 0.297477930784, "mean": 0.0630820244551, "median": 0.0534413158894, "min": 6.48844936113e-11, "var": 0.00167542067356}, "spectral_kurtosis": {"dmean": 1.12282824516, "dmean2": 1.90393269062, "dvar": 1.36550807953, "dvar2": 3.89819025993, "max": 30.9509735107, "mean": 3.51462578773, "median": 3.28718852997, "min": -1.26674079895, "var": 2.84236097336}, "spectral_rms": {"dmean": 0.00047500396613, "dmean2": 0.000615206721704, "dvar": 2.97135017036e-07, "dvar2": 4.63412618501e-07, "max": 0.0108296293765, "mean": 0.00346640613861, "median": 0.00324915768579, "min": 3.14627815988e-12, "var": 2.76679361377e-06}, "spectral_rolloff": {"dmean": 504.783905029, "dmean2": 819.965454102, "dvar": 723871.4375, "dvar2": 1743709.125, "max": 21770.0683594, "mean": 2179.04516602, "median": 1830.32226562, "min": 107.666015625, "var": 5634908.5}, "spectral_skewness": {"dmean": 0.167187005281, "dmean2": 0.267737090588, "dvar": 0.0221121199429, "dvar2": 0.0562911555171, "max": 4.70205783844, "mean": 1.2824395895, "median": 1.27929651737, "min": -0.0627420544624, "var": 0.0947753190994}, "spectral_spread": {"dmean": 495092.625, 