{"lowlevel": {"average_loudness": 0.636507093906, "barkbands": {"dmean": [0.000689158157911, 0.00550833949819, 0.00534971011803, 0.00207386352122, 0.00166281638667, 0.00116100593004, 0.000380641431548, 0.000566791626625, 0.000637733610347, 0.000527473341208, 0.000344543397659, 0.000311294337735, 0.000402776669944, 0.000381749909138, 0.000411758664995, 0.000285466114292, 0.000131048087496, 9.37191289268e-05, 0.000121955679788, 0.00016425891954, 0.000154223889695, 0.000128846411826, 1.8570377506e-05, 2.71497583526e-06, 2.31101148529e-06, 8.14216673461e-06, 0.00033466872992], "dmean2": [0.00116550491657, 0.00912005919963, 0.00887190829962, 0.00347779737785, 0.00272305402905, 0.0018790056929, 0.000614779710304, 0.000903659849428, 0.00103246141225, 0.000832813442685, 0.000550160708372, 0.00050762022147, 0.000649241614155, 0.000608971633483, 0.00062748597702, 0.000442031770945, 0.00020686078642, 0.000138472998515, 0.000178392772796, 0.000245578150498, 0.000222613874939, 0.000176459914655, 2.68243584287e-05, 4.34498679169e-06, 3.741827868e-06, 1.21061057143e-05, 0.000482666277094], "dvar": [9.54686697696e-07, 4.52493477496e-05, 5.89841401961e-05, 1.10450127977e-05, 1.10524479169e-05, 1.25453198052e-05, 1.5735524812e-06, 4.47629417977e-06, 5.18256365467e-06, 4.12003828387e-06, 2.6973527838e-06, 4.63563083031e-07, 1.32097591177e-06, 2.27385066864e-06, 1.37013762469e-06, 7.86909595263e-07, 2.3882540745e-07, 1.87082449088e-07, 3.96217870957e-07, 1.02415788206e-06, 1.29771910906e-06, 1.04452215055e-06, 2.33734152033e-08, 3.74860073538e-11, 1.27586873358e-11, 1.41616740557e-09, 5.68367681808e-07], "dvar2": [2.45451019509e-06, 0.000112209272629, 0.000146633261465, 2.72766737908e-05, 2.53260732279e-05, 3.06128895318e-05, 4.09528593082e-06, 1.11193476187e-05, 1.33768944579e-05, 1.00933202702e-05, 6.56729525872e-06, 1.15788122912e-06, 3.45827538695e-06, 6.10986171523e-06, 3.12198153551e-06, 1.85254532425e-06, 5.04581635141e-07, 3.51767596385e-07, 7.94129960013e-07, 2.10385974242e-06, 2.69974202638e-06, 1.80931385785e-06, 4.68715732893e-08, 7.72411440364e-11, 2.97750782363e-11, 2.68838640238e-09, 9.97470010589e-07], "max": [0.0167820546776, 0.166696444154, 0.142296731472, 0.0697072818875, 0.0944027155638, 0.0724664554, 0.0296786241233, 0.0642932504416, 0.0497365482152, 0.0665268972516, 0.0440433993936, 0.0228183809668, 0.0311930794269, 0.0662421807647, 0.0250984299928, 0.0242526624352, 0.0241266898811, 0.0204395595938, 0.0192258115858, 0.03455260396, 0.0394861251116, 0.0561423189938, 0.0113940536976, 0.000215568419662, 0.000112463043479, 0.00213919533417, 0.0259513948113], "mean": [0.000780355068855, 0.00885982252657, 0.00850514974445, 0.00300799147226, 0.00245618098415, 0.0015072717797, 0.000488140940433, 0.000704508391209, 0.00081435154425, 0.000710992608219, 0.000465258402983, 0.000490668579005, 0.000580855179578, 0.000554526573978, 0.000638662895653, 0.000456876616227, 0.00022648232698, 0.000153859029524, 0.00018415368686, 0.000238686741795, 0.000221950322157, 0.000195700966287, 2.65833259618e-05, 3.67196935258e-06, 2.68039480034e-06, 1.35679656523e-05, 0.00100119516719], "median": [0.000447960890597, 0.00596109963953, 0.00362714799121, 0.00132626364939, 0.00118769367691, 0.000409907777794, 0.000139601906994, 0.000107331979962, 0.00013092039444, 0.000154064531671, 0.000106434650661, 0.000256291474216, 0.000212272949284, 0.000174272907316, 0.000159879782586, 0.000133053545142, 0.000106504943687, 4.67685968033e-05, 3.63954859495e-05, 1.99522746698e-05, 1.32447366923e-05, 9.01753719518e-06, 4.98235840496e-06, 1.77042056748e-06, 1.2985263993e-06, 5.55483575226e-06, 0.000494243751746], "min": [1.4304047481e-25, 4.01973422257e-24, 1.28757314887e-24, 5.01851219796e-25, 6.98826316842e-24, 1.44985660849e-23, 9.48777683522e-24, 1.40908007276e-23, 1.93849062159e-23, 1.81737538687e-23, 9.48897669266e-24, 2.13153119599e-23, 3.02654217125e-23, 4.40103826638e-23, 6.32478192221e-23, 4.86044435185e-23, 8.5827006259e-23, 1.04602261835e-22, 1.62000197817e-22, 1.71577284751e-22, 2.50376247164e-22, 3.03160255618e-22, 4.86904489209e-22, 6.26886985938e-22, 9.24110791877e-22, 1.33974360419e-21, 1.94232630313e-21], "var": [1.1080638842e-06, 0.000108984437247, 0.000181459356099, 2.5878796805e-05, 2.22559774556e-05, 1.71950905496e-05, 2.10245798371e-06, 6.23030882707e-06, 7.05340971763e-06, 7.3727283052e-06, 4.07407378589e-06, 8.84262817635e-07, 2.0104973828e-06, 3.16374666909e-06, 2.42782380155e-06, 1.54274937358e-06, 4.50836864729e-07, 3.97043237399e-07, 8.01131648132e-07, 1.798472681e-06, 2.50011885328e-06, 2.60127058027e-06, 4.01059310207e-08, 6.54611018169e-11, 1.93807227211e-11, 2.90906432276e-09, 2.17681713366e-06]}, "barkbands_crest": {"dmean": 3.19099760056, "dmean2": 5.29699611664, "dvar": 7.09375095367, "dvar2": 18.4982681274, "max": 25.5005722046, "mean": 11.7994709015, "median": 11.1506614685, "min": 2.81649017334, "var": 22.2828979492}, "barkbands_flatness_db": {"dmean": 0.0302922837436, "dmean2": 0.0483531728387, "dvar": 0.00066312920535, "dvar2": 0.00163007597439, "max": 0.519444704056, "mean": 0.163489744067, "median": 0.153634995222, "min": 0.0379822254181, "var": 0.00310035212897}, "barkbands_kurtosis": {"dmean": 12.0330171585, "dmean2": 19.0373878479, "dvar": 596.793457031, "dvar2": 1326.84399414, "max": 952.206298828, "mean": 20.69972229, "median": 7.23604679108, "min": -1.8184107542, "var": 1831.34362793}, "barkbands_skewness": {"dmean": 1.03458607197, "dmean2": 1.62059915066, "dvar": 1.23911368847, "dvar2": 2.88218784332, "max": 22.2030162811, "mean": 3.19816255569, "median": 2.61780309677, "min": -2.7492377758, "var": 5.99804496765}, "barkbands_spread": {"dmean": 9.40373039246, "dmean2": 14.9529438019, "dvar": 106.998527527, "dvar2": 244.772262573, "max": 132.160598755, "mean": 27.9740371704, "median": 22.7473621368, "min": 0.161178931594, "var": 479.552520752}, "dissonance": {"dmean": 0.0160092152655, "dmean2": 0.0273190736771, "dvar": 0.000259642518358, "dvar2": 0.000706163293216, "max": 0.500000178814, "mean": 0.473410338163, "median": 0.478388488293, "min": 0.334468692541, "var": 0.000438595860032}, "dynamic_complexity": 2.19888520241, "erbbands": {"dmean": [0.148994266987, 1.36934101582, 5.3898935318, 6.80300474167, 5.42186641693, 5.90316820145, 6.60511922836, 10.5736494064, 6.47309494019, 7.35788965225, 12.4424152374, 13.8621263504, 17.5150184631, 14.1898288727, 13.5786781311, 10.9349708557, 16.3350086212, 20.710357666, 15.1673784256, 22.2281322479, 11.9022045135, 6.85856389999, 4.71845912933, 6.05648803711, 6.53661394119, 7.67730998993, 6.05670499802, 6.38168478012, 5.12752771378, 2.02399587631, 0.36206433177, 0.0835705623031, 0.0383229292929, 0.0252934787422, 0.016893107444, 0.0117223002017, 0.0152441915125, 0.0517073683441, 0.0297067631036, 0.0087720034644], "dmean2": [0.249457925558, 2.26567173004, 8.91454982758, 11.3662052155, 9.0498752594, 9.71406555176, 10.6383132935, 17.0996551514, 10.4167604446, 11.8029565811, 19.7558956146, 22.0207958221, 27.6656551361, 21.8347492218, 21.6590576172, 17.6255130768, 26.0133514404, 32.6954460144, 22.9162425995, 33.7486953735, 18.0630397797, 10.5662031174, 7.03681945801, 8.99864673615, 9.82562541962, 11.4138431549, 8.82313251495, 9.10760116577, 6.91868972778, 2.79489278793, 0.516349971294, 0.127780750394, 0.0615434795618, 0.0410106889904, 0.0272460300475, 0.0186425596476, 0.0222524348646, 0.0710609182715, 0.0416576601565, 0.0131370415911], "dvar": [0.0313250161707, 3.04803848267, 55.6655464172, 99.5597610474, 76.8326263428, 182.392532349, 529.615600586, 1131.15942383, 536.221679688, 705.742431641, 2322.50976562, 2588.42822266, 5096.11132812, 3285.91796875, 2656.07128906, 642.801208496, 2338.55078125, 7058.60791016, 1658.92932129, 4304.60986328, 1527.64050293, 585.652526855, 378.059936523, 1180.88549805, 1190.18041992, 2249.70654297, 1502.58605957, 2633.27587891, 1653.16113281, 240.930755615, 8.13352870941, 0.0805463343859, 0.00533333048224, 0.00182427442633, 0.000611444178503, 0.000444228993729, 0.00390463601798, 0.120405584574, 0.0196044519544, 0.000136489150464], "dvar2": [0.0823138803244, 7.54485034943, 138.021835327, 255.114593506, 197.788833618, 408.112670898, 1299.11987305, 2664.53442383, 1353.67285156, 1773.02844238, 5748.62597656, 6653.76171875, 12909.5253906, 7153.89355469, 6234.48730469, 1624.42810059, 6081.42089844, 18934.5917969, 3762.55175781, 9982.64746094, 3480.10424805, 1261.12194824, 713.553100586, 2377.3984375, 2449.68798828, 4602.29443359, 3123.30859375, 5314.36181641, 2904.84448242, 416.425567627, 16.2699737549, 0.148056477308, 0.0115287182853, 0.00425429595634, 0.00143268401735, 0.000983786419965, 0.00669145351276, 0.197229370475, 0.0345751419663, 0.000276661623502], "max": [2.57818746567, 44.8607025146, 130.206161499, 168.948898315, 197.720916748, 388.456085205, 595.049743652, 696.348083496, 585.931945801, 573.478393555, 1611.1763916, 1249.74853516, 2085.63208008, 2790.20361328, 1609.6986084, 985.900268555, 1498.65856934, 3891.7980957, 861.35357666, 1769.90002441, 1571.74243164, 1004.03826904, 970.245361328, 1289.48608398, 1105.50195312, 1734.86486816, 1166.80249023, 1764.99230957, 2262.44189453, 994.044311523, 222.907424927, 16.2187423706, 2.65866088867, 1.44433772564, 0.570778012276, 0.979440629482, 3.02391839027, 17.0914287567, 5.03351545334, 0.339926272631], "mean": [0.22380399704, 2.1652507782, 8.78979492188, 11.1179885864, 8.01812553406, 8.58764076233, 8.87637710571, 13.5310287476, 8.60763454437, 9.73938655853, 16.4349765778, 18.4017601013, 23.5565490723, 20.0594921112, 20.6409053802, 18.8006019592, 25.3925170898, 31.4489402771, 25.9647006989, 35.9495162964, 21.354681015, 12.610865593, 8.36478233337, 9.45086956024, 9.86665916443, 11.173163414, 9.09578418732, 9.1258687973, 7.5981593132, 3.02353239059, 0.553234577179, 0.12879294157, 0.0461013950408, 0.0293176211417, 0.0198092870414, 0.0146500403062, 0.0267844554037, 0.0932465270162, 0.0685094222426, 0.0325913727283], "median": [0.14995546639, 1.35766232014, 4.16988420486, 5.2589673996, 4.31612348557, 3.66623806953, 3.07944512367, 3.46909594536, 2.40356612206, 1.93900001049, 2.89131855965, 3.01675248146, 3.97975468636, 4.79600954056, 7.57213401794, 10.120929718, 9.63617420197, 9.03112220764, 8.70694351196, 8.60244655609, 7.58628225327, 5.9541721344, 2.99592137337, 2.21128678322, 1.51950252056, 0.96232843399, 0.643249094486, 0.454990535975, 0.326164960861, 0.246241286397, 0.125010892749, 0.0545811988413, 0.0213407259434, 0.0138389151543, 0.00987868476659, 0.00741294492036, 0.0110374176875, 0.0175486989319, 0.022764487192, 0.0238345749676], "min": [7.37265363052e-23, 5.69368246952e-22, 1.84270132447e-21, 2.11727399294e-21, 5.59878288128e-21, 1.61023340125e-20, 3.9348997895e-20, 1.22492459399e-19, 1.67723638796e-19, 1.40501732297e-19, 3.81610935109e-19, 4.22657679206e-19, 4.1991704889e-19, 7.65319031564e-19, 5.50954917327e-19, 1.30185045225e-18, 1.55318638624e-18, 2.2569689188e-18, 2.48023241075e-18, 3.46351275824e-18, 3.35122629881e-18, 5.48136816377e-18, 5.6658153783e-18, 6.89045917032e-18, 7.63369501277e-18, 7.53559966393e-18, 1.04378720309e-17, 1.07357885731e-17, 1.15738730805e-17, 1.15550580303e-17, 1.21896958117e-17, 1.10596000045e-17, 1.0523790454e-17, 9.27331174346e-18, 6.11166696924e-18, 4.08930053423e-18, 2.50121508776e-18, 9.68569147091e-19, 2.37211437292e-19, 2.41655694546e-20], "var": [0.0554880797863, 7.67379188538, 167.097564697, 245.557846069, 135.532150269, 380.679412842, 744.965454102, 1518.96447754, 694.163879395, 1037.28503418, 3322.30541992, 3679.23657227, 8340.63867188, 6581.62548828, 4370.98632812, 1267.91479492, 3814.14526367, 10671.6835938, 3361.11499023, 7983.75292969, 3409.29858398, 1158.29211426, 813.842468262, 2346.87158203, 2227.18969727, 3907.56103516, 2979.50683594, 5404.34912109, 4055.73144531, 566.034362793, 14.524435997, 0.174005940557, 0.00837901327759, 0.00279153347947, 0.000882116262801, 0.000721507705748, 0.00959963910282, 0.338570266962, 0.0473496355116, 0.000867116614245]}, "erbbands_crest": {"dmean": 2.5327129364, "dmean2": 4.20321559906, "dvar": 5.60736989975, "dvar2": 14.4295473099, "max": 27.0619106293, "mean": 8.00255489349, "median": 7.06531715393, "min": 2.33335185051, "var": 13.431219101}, "erbbands_flatness_db": {"dmean": 0.020522011444, "dmean2": 0.0314067713916, "dvar": 0.000319820421282, "dvar2": 0.000721844087821, "max": 0.336238861084, "mean": 0.134742513299, "median": 0.12885196507, "min": 0.0294611044228, "var": 0.00163309089839}, "erbbands_kurtosis": {"dmean": 1.19205546379, "dmean2": 1.91967463493, "dvar": 13.1029996872, "dvar2": 25.3380470276, "max": 180.113265991, "mean": 0.641572058201, "median": -0.416839361191, "min": -1.70830118656, "var": 48.8939628601}, "erbbands_skewness": {"dmean": 0.441051632166, "dmean2": 0.689921379089, "dvar": 0.203648090363, "dvar2": 0.443832069635, "max": 11.4493160248, "mean": 0.0465603023767, "median": -0.0347501561046, "min": -5.16327381134, "var": 0.89497345686}, "erbbands_spread": {"dmean": 7.92085075378, "dmean2": 12.746219635, "dvar": 58.2958755493, "dvar2": 145.160232544, "max": 115.941955566, "mean": 37.8833618164, "median": 38.2526664734, "min": 2.58696699142, "var": 206.251190186}, "gfcc": {"cov": [[13483.0546875, 672.530639648, -1495.54492188, -150.056121826, 70.6584472656, -374.365203857, 146.286514282, -315.843261719, 68.7213134766, -18.3013019562, -138.07359314, -85.9876937866, -31.1604499817], [672.530639648, 796.53704834, 49.5189628601, -226.286392212, 98.5558624268, 76.189163208, -20.6394405365, -17.2148284912, 18.3668060303, -34.4767494202, 36.0105171204, -65.4798736572, 23.6922931671], [-1495.54492188, 49.5189628601, 739.048278809, 172.739532471, 21.2142276764, 225.331466675, -95.0269088745, 167.651580811, -55.4504241943, -30.954492569, 52.3236083984, 10.6537036896, -12.2825241089], [-150.056121826, -226.286392212, 172.739532471, 311.283081055, 26.278345108, -15.0777587891, 67.7917022705, -7.89373397827, 5.14702892303, 3.00781774521, -11.2302827835, 37.2845573425, -36.9457702637], [70.6584472656, 98.5558624268, 21.2142276764, 26.278345108, 277.730682373, 63.4954109192, 62.6869430542, -26.4250640869, -0.370098441839, -102.017631531, 41.5782356262, 31.514081955, -18.5176105499], [-374.365203857, 76.189163208, 225.331466675, -15.0777587891, 63.4954109192, 278.992828369, -33.8559303284, 104.814743042, -76.6044311523, -11.3439445496, 27.8484401703, 4.29241466522, 24.8397979736], [146.286514282, -20.6394405365, -95.0269088745, 67.7917022705, 62.6869430542, -33.8559303284, 180.159606934, -34.4354438782, 48.4339790344, -19.603553772, -12.0805969238, 24.7761535645, -23.2968883514], [-315.843261719, -17.2148284912, 167.651580811, -7.89373397827, -26.4250640869, 104.814743042, -34.4354438782, 168.03805542, 14.9272136688, 31.9048919678, 17.5347805023, -15.5337705612, 14.4605064392], [68.7213134766, 18.3668060303, -55.4504241943, 5.14702892303, -0.370098441839, -76.6044311523, 48.4339790344, 14.9272136688, 126.3463974, 38.802230835, -5.04615688324, -1.48611330986, -17.0854587555], [-18.3013019562, -34.4767494202, -30.954492569, 3.00781774521, -102.017631531, -11.3439445496, -19.603553772, 31.9048919678, 38.802230835, 133.979202271, 5.23914194107, -20.445110321, 25.6351890564], [-138.07359314, 36.0105171204, 52.3236083984, -11.2302827835, 41.5782356262, 27.8484401703, -12.0805969238, 17.5347805023, -5.04615688324, 5.23914194107, 65.6661987305, 26.8434677124, 8.99893665314], [-85.9876937866, -65.4798736572, 10.6537036896, 37.2845573425, 31.514081955, 4.29241466522, 24.7761535645, -15.5337705612, -1.48611330986, -20.445110321, 26.8434677124, 72.6324920654, 13.3945360184], [-31.1604499817, 23.6922931671, -12.2825241089, -36.9457702637, -18.5176105499, 24.8397979736, -23.2968883514, 14.4605064392, -17.0854587555, 25.6351890564, 8.99893665314, 13.3945360184, 72.1356277466]], "icov": [[0.000130723419716, -0.000304478075122, 0.000530989840627, -0.000487779412651, 7.09621381247e-05, -4.24750469392e-05, 0.000260482833255, -0.000322208274156, 0.000119175594591, 0.000144564372022, 7.78852336225e-05, -0.000150973035488, 0.000173785316292], [-0.000304478075122, 0.00329889426939, -0.00233331206255, 0.00314920814708, -0.000465748395072, -0.000809859775472, -0.00147332448978, 0.0032602250576, -0.00229501887225, 0.000582261593081, -0.00215445365757, 0.00411056214944, -0.00221444503404], [0.000530989840627, -0.00233331206255, 0.00645371247083, -0.00623127259314, 0.00227238424122, -0.00271511008032, 0.00362469954416, -0.00368519453332, -0.000694411515724, 0.00411728676409, -0.00296547380276, -3.11372132273e-05, 0.00107884884346], [-0.000487779412651, 0.00314920814708, -0.00623127259314, 0.011114907451, -0.00370387616567, 0.00313666695729, -0.00465095601976, 0.00266743288375, 0.0024854214862, -0.0066349147819, 0.00525362044573, -0.00311330519617, 0.00218825927004], [7.09621381247e-05, -0.000465748395072, 0.00227238424122, -0.00370387616567, 0.00997643731534, -0.00521261105314, -0.000365434621926, 0.00262727821246, -0.00591157842427, 0.0102260317653, -0.00978987663984, 0.00469804182649, -0.0023005171679], [-4.24750469392e-05, -0.000809859775472, -0.00271511008032, 0.00313666695729, -0.00521261105314, 0.0110461823642, -0.00187469040975, -0.00625370955095, 0.00952563341707, -0.00692872470245, 0.00627353880554, -0.00549748260528, 0.00185483135283], [0.000260482833255, -0.00147332448978, 0.00362469954416, -0.00465095601976, -0.000365434621926, -0.00187469040975, 0.010317934677, -0.000909210939426, -0.0035254326649, 0.00208827666938, 0.00135852920357, -0.00290700397454, 0.0016909748083], [-0.000322208274156, 0.0032602250576, -0.00368519453332, 0.00266743288375, 0.00262727821246, -0.00625370955095, -0.000909210939426, 0.0157441850752, -0.00888220779598, 0.00247593340464, -0.00605683680624, 0.00828585308045, -0.0048597631976], [0.000119175594591, -0.00229501887225, -0.000694411515724, 0.0024854214862, -0.00591157842427, 0.00952563341707, -0.0035254326649, -0.00888220779598, 0.0210418645293, -0.0123330429196, 0.00943719130009, -0.00976552907377, 0.00780697213486], [0.000144564372022, 0.000582261593081, 0.00411728676409, -0.0066349147819, 0.0102260317653, -0.00692872470245, 0.00208827666938, 0.00247593340464, -0.0123330429196, 0.0236107204109, -0.0150940828025, 0.0130084929988, -0.00948113854975], [7.78852336225e-05, -0.00215445365757, -0.00296547380276, 0.00525362044573, -0.00978987663984, 0.00627353880554, 0.00135852920357, -0.00605683680624, 0.00943719130009, -0.0150940828025, 0.0344148464501, -0.0200474783778, 0.00693513592705], [-0.000150973035488, 0.00411056214944, -3.11372132273e-05, -0.00311330519617, 0.00469804182649, -0.00549748260528, -0.00290700397454, 0.00828585308045, -0.00976552907377, 0.0130084929988, -0.0200474783778, 0.0332389958203, -0.0131228705868], [0.000173785316292, -0.00221444503404, 0.00107884884346, 0.00218825927004, -0.0023005171679, 0.00185483135283, 0.0016909748083, -0.0048597631976, 0.00780697213486, -0.00948113854975, 0.00693513592705, -0.0131228705868, 0.0230506919324]], "mean": [-22.391752243, 94.7511520386, -77.8431015015, 3.56461930275, 5.67081212997, -11.9714488983, 0.616230964661, -23.0458374023, -1.19528126717, -12.4825515747, -8.64929103851, -5.69426345825, -7.52833366394]}, "hfc": {"dmean": 153.87361145, "dmean2": 250.782516479, "dvar": 28807.7929688, "dvar2": 73514.3125, "max": 2826.98071289, "mean": 397.075012207, "median": 319.213684082, "min": 1.08800766652e-16, "var": 92360.4140625}, "melbands": {"dmean": [0.00139415659942, 0.00235332874581, 0.00109365012031, 0.000388898159144, 0.000235441155382, 0.000229881843552, 9.47122971411e-05, 8.94438344403e-05, 0.000101880126749, 9.1734014859e-05, 8.86064808583e-05, 5.90768686379e-05, 4.73315994896e-05, 3.70802590623e-05, 3.55119591404e-05, 3.94934395445e-05, 4.00431272283e-05, 2.3211034204e-05, 3.43402207363e-05, 2.47127045441e-05, 1.34733145387e-05, 8.11233712739e-06, 4.66102846985e-06, 4.74260605188e-06, 5.23625294591e-06, 4.58328941022e-06, 5.53339032194e-06, 5.32337526238e-06, 4.0369418457e-06, 3.93636901208e-06, 3.83187898478e-06, 3.33457842316e-06, 2.02473847821e-06, 7.98063354068e-07, 2.20164508846e-07, 7.51691402456e-08, 3.92538161975e-08, 2.71172631017e-08, 2.3209960176e-08, 2.06482635434e-08], "dmean2": [0.00231356895529, 0.00386623269878, 0.0018181251362, 0.000644383311737, 0.000377478252631, 0.000371691829059, 0.000152339111082, 0.000144137346069, 0.000162400538102, 0.000146933787619, 0.00014050010941, 9.14302290766e-05, 7.4843854236e-05, 6.04806336924e-05, 5.85606176173e-05, 6.33792878943e-05, 6.37307166471e-05, 3.5813129216e-05, 5.25152463524e-05, 3.80034543923e-05, 2.09578702197e-05, 1.27059884107e-05, 7.28193253963e-06, 7.13068220648e-06, 7.94569314166e-06, 6.96846836945e-06, 8.53331494e-06, 7.86969121691e-06, 5.96136351305e-06, 5.84081999477e-06, 5.53722475161e-06, 4.58991780761e-06, 2.84222824121e-06, 1.13091448384e-06, 3.23921739209e-07, 1.14067162826e-07, 6.22656060045e-08, 4.38797798097e-08, 3.76481068542e-08, 3.35151284503e-08], "dvar": [2.70676696346e-06, 9.32717193791e-06, 2.24863083531e-06, 5.018292768e-07, 5.39971551916e-07, 5.12441602041e-07, 1.081763088e-07, 1.10384902996e-07, 1.54501080374e-07, 1.20223248246e-07, 1.30356539785e-07, 5.55885151243e-08, 4.72718753031e-08, 7.6117521175e-09, 7.24538740116e-09, 1.71058918141e-08, 2.90949984105e-08, 3.92448695763e-09, 9.8166550444e-09, 5.57303891924e-09, 2.51231746518e-09, 9.33573551798e-10, 2.68217170696e-10, 5.05062436318e-10, 9.526085476e-10, 5.80802239636e-10, 1.04756181507e-09, 1.09600972742e-09, 6.05484495875e-10, 9.10354347461e-10, 1.01031305544e-09, 8.06701150324e-10, 2.43133235767e-10, 3.87109302946e-11, 4.00590628377e-12, 8.769246722e-14, 9.62818285386e-15, 2.70294396809e-15, 2.03152615004e-15, 1.13351876002e-15], "dvar2": [6.76806121191e-06, 2.34769795497e-05, 5.75460444452e-06, 1.20486868127e-06, 1.26506256493e-06, 1.21334278447e-06, 2.74771309705e-07, 2.8047159617e-07, 3.86243101502e-07, 3.08432163365e-07, 3.29698337964e-07, 1.21226534588e-07, 1.14471966128e-07, 1.90232825048e-08, 1.90114430865e-08, 4.4142407063e-08, 7.84769014217e-08, 9.26476051433e-09, 2.24176925911e-08, 1.29866943865e-08, 5.80020476093e-09, 2.02649608205e-09, 5.64459756713e-10, 9.45973188671e-10, 2.00590744015e-09, 1.1891619911e-09, 2.28279040115e-09, 2.26680807458e-09, 1.31074495702e-09, 2.03453298653e-09, 2.06274797243e-09, 1.51311374541e-09, 4.33775237951e-10, 7.05576638782e-11, 9.0303433134e-12, 1.49535508216e-13, 2.01666838746e-14, 6.08128659734e-15, 4.86097851221e-15, 2.62632136768e-15], "max": [0.0353436358273, 0.0522032007575, 0.0254134088755, 0.0147990593687, 0.0199096128345, 0.0150527898222, 0.00777359260246, 0.00719703128561, 0.0125260939822, 0.00895356107503, 0.0100701842457, 0.0111068207771, 0.00707775913179, 0.0031838202849, 0.00280093937181, 0.00404737843201, 0.00824855826795, 0.00135187315755, 0.00226582423784, 0.00187189236749, 0.00228078197688, 0.00139388057869, 0.000594897079282, 0.000952009460889, 0.00116676778998, 0.000934457115363, 0.00122778234072, 0.00126466120128, 0.000783441995736, 0.00119701703079, 0.00119775405619, 0.00171438930556, 0.000937911681831, 0.000400312856073, 0.000160149065778, 1.3414557543e-05, 3.68938276551e-06, 1.58688578722e-06, 2.06252138923e-06, 1.20054983199e-06], "mean": [0.0022629648447, 0.00410112831742, 0.00186926487368, 0.000583529763389, 0.000331169896526, 0.000297401595162, 0.000125195176224, 0.000115819319035, 0.000134524627356, 0.000117352261441, 0.000116576389701, 8.02586146165e-05, 6.73556351103e-05, 5.70336596866e-05, 5.24831775692e-05, 5.82280845265e-05, 5.77482496738e-05, 3.71675523638e-05, 5.21725014551e-05, 3.90033455915e-05, 2.24743180297e-05, 1.38236591738e-05, 7.96209224063e-06, 7.52035111873e-06, 7.66376342654e-06, 6.82889731252e-06, 7.68403970142e-06, 7.4083736763e-06, 5.71783357373e-06, 5.29275030203e-06, 5.36517518412e-06, 4.70985014545e-06, 2.97874953503e-06, 1.12551151688e-06, 3.16397063216e-07, 1.20305173823e-07, 5.49036087705e-08, 3.12354266896e-08, 2.62725610156e-08, 2.38061907964e-08], "median": [0.00155309750699, 0.00224058725871, 0.000976517621893, 0.000304271554342, 0.000120788783533, 7.70254482632e-05, 3.47461536876e-05, 2.09545178222e-05, 2.45685841946e-05, 1.77738893399e-05, 1.96643086383e-05, 1.8395105144e-05, 2.02459705179e-05, 2.80095955532e-05, 2.52452373388e-05, 1.7205840777e-05, 1.63571803569e-05, 1.33906223709e-05, 1.23052277559e-05, 9.4866982181e-06, 8.37697825773e-06, 6.43233624942e-06, 3.26585040966e-06, 2.17862907448e-06, 1.66496170095e-06, 1.26020643165e-06, 7.97707798483e-07, 5.7276241705e-07, 4.03787907999e-07, 2.97375464697e-07, 2.41511031618e-07, 1.81395890309e-07, 1.58816220619e-07, 1.23435100363e-07, 7.29787075215e-08, 4.75234678277e-08, 2.56012189226e-08, 1.41242715301e-08, 1.19670700016e-08, 1.12557829723e-08], "min": [1.17071129437e-24, 8.71037926224e-25, 5.96844962534e-25, 1.05446100429e-24, 1.49541778283e-24, 2.83520652249e-24, 2.44135568543e-24, 1.80598699641e-24, 3.54462617632e-24, 3.19144999361e-24, 1.82729235452e-24, 3.07109762682e-24, 1.36470037539e-24, 1.85488256747e-24, 2.78497442384e-24, 3.28415002466e-24, 3.49394935734e-24, 3.32030332273e-24, 4.62404269674e-24, 3.70761943327e-24, 3.65260151272e-24, 5.29177992642e-24, 3.52819538696e-24, 4.74551978196e-24, 3.82108129727e-24, 5.00453397715e-24, 4.37573492175e-24, 4.59322426775e-24, 5.57288222695e-24, 4.79022097959e-24, 6.25914269955e-24, 5.63622578549e-24, 5.84019129456e-24, 5.5422337975e-24, 6.46262029815e-24, 6.32051726127e-24, 6.21294108848e-24, 6.33307908232e-24, 5.62438025014e-24, 6.60106459816e-24], "var": [6.0000038502e-06, 2.87524835585e-05, 5.76282263864e-06, 1.04781076971e-06, 8.4629630237e-07, 6.99054908182e-07, 1.42666905845e-07, 1.56704459187e-07, 2.19520146061e-07, 1.63654078733e-07, 2.1405452344e-07, 1.10305208523e-07, 6.878167369e-08, 1.47180738708e-08, 1.04449817684e-08, 2.71366999982e-08, 4.09572926685e-08, 7.09744218952e-09, 1.696678531e-08, 1.05459836419e-08, 4.98241892188e-09, 1.72019309908e-09, 4.87922868775e-10, 1.0635006209e-09, 1.73652292546e-09, 1.13803155788e-09, 1.58357194024e-09, 1.8813335334e-09, 1.150093909e-09, 1.51320944664e-09, 2.08906225652e-09, 1.78820513952e-09, 5.79296333125e-10, 7.95457866243e-11, 5.75610436052e-12, 2.03410042716e-13, 1.72255212074e-14, 3.77605890282e-15, 2.65943781482e-15, 1.78181575499e-15]}, "melbands_crest": {"dmean": 3.96199917793, "dmean2": 6.56779146194, "dvar": 10.4752779007, "dvar2": 28.2332630157, "max": 35.8886222839, "mean": 17.5324764252, "median": 17.4022216797, "min": 1.64746773243, "var": 33.6026954651}, "melbands_flatness_db": {"dmean": 0.0376965850592, "dmean2": 0.0597023777664, "dvar": 0.000982490251772, "dvar2": 0.00238850899041, "max": 0.675753653049, "mean": 0.283661872149, "median": 0.278061956167, "min": 0.00399585207924, "var": 0.0058862529695}, "melbands_kurtosis": {"dmean": 16.9984607697, "dmean2": 27.4236164093, "dvar": 545.390014648, "dvar2": 1359.77331543, "max": 352.966278076, "mean": 31.8962059021, "median": 16.9353961945, "min": -1.90143251419, "var": 1491.59130859}, "melbands_skewness": {"dmean": 1.1603127718, "dmean2": 1.84208083153, "dvar": 1.13029885292, "dvar2": 2.77370047569, "max": 13.4326276779, "mean": 4.02785825729, "median": 3.71778559685, "min": -3.76093649864, "var": 5.90432167053}, "melbands_spread": {"dmean": 6.26336574554, "dmean2": 9.95307350159, "dvar": 127.123077393, "dvar2": 283.755310059, "max": 197.934341431, "mean": 15.5815019608, "median": 9.60661029816, "min": 0.237083405256, "var": 447.13192749}, "mfcc": {"cov": [[5376.53369141, 376.817230225, -1023.89447021, 204.08265686, -377.540313721, 94.0656967163, -151.752822876, -138.036148071, 31.8159580231, 105.554786682, -25.1248989105, -114.677398682, 35.5126495361], [376.817230225, 1018.32647705, -16.6794681549, -198.526580811, 149.295623779, 28.9747276306, 50.8061523438, 19.6541996002, 3.70938825607, 3.91201400757, -4.95929479599, 22.7213897705, 14.839509964], [-1023.89447021, -16.6794681549, 709.580993652, -20.6497364044, 191.201263428, -42.7429428101, 96.2298126221, 40.3625717163, 32.1176567078, -12.8292570114, 41.2722396851, 57.6109733582, -7.4657292366], [204.08265686, -198.526580811, -20.6497364044, 364.452758789, -65.976852417, 67.8351821899, -47.4286270142, 41.7728004456, -15.557349205, 20.7114658356, 5.27637720108, -5.73667907715, -0.226015269756], [-377.540313721, 149.295623779, 191.201263428, -65.976852417, 301.870056152, 18.304851532, 108.667503357, 96.1341629028, -11.1228199005, -59.2150726318, 3.72071027756, 56.3309669495, -2.79839420319], [94.0656967163, 28.9747276306, -42.7429428101, 67.8351821899, 18.304851532, 154.33026123, 58.6917915344, 47.6728553772, -3.64299082756, -25.7127628326, -16.5350170135, 2.49392294884, 7.20768117905], [-151.752822876, 50.8061523438, 96.2298126221, -47.4286270142, 108.667503357, 58.6917915344, 163.24887085, 72.9366073608, 5.7264547348, -42.7619514465, -7.86929941177, 22.2398986816, 3.07351851463], [-138.036148071, 19.6541996002, 40.3625717163, 41.7728004456, 96.1341629028, 47.6728553772, 72.9366073608, 183.492828369, 6.22445583344, -38.2333831787, 7.39634418488, 32.0480270386, -6.78657913208], [31.8159580231, 3.70938825607, 32.1176567078, -15.557349205, -11.1228199005, -3.64299082756, 5.7264547348, 6.22445583344, 84.2640838623, 41.3830337524, 19.9639778137, 2.35476064682, 7.81260824203], [105.554786682, 3.91201400757, -12.8292570114, 20.7114658356, -59.2150726318, -25.7127628326, -42.7619514465, -38.2333831787, 41.3830337524, 103.823623657, 37.1749610901, -7.31060600281, 11.4560594559], [-25.1248989105, -4.95929479599, 41.2722396851, 5.27637720108, 3.72071027756, -16.5350170135, -7.86929941177, 7.39634418488, 19.9639778137, 37.1749610901, 65.9561920166, 24.6668949127, 8.68715953827], [-114.677398682, 22.7213897705, 57.6109733582, -5.73667907715, 56.3309669495, 2.49392294884, 22.2398986816, 32.0480270386, 2.35476064682, -7.31060600281, 24.6668949127, 64.4684906006, 18.1765918732], [35.5126495361, 14.839509964, -7.4657292366, -0.226015269756, -2.79839420319, 7.20768117905, 3.07351851463, -6.78657913208, 7.81260824203, 11.4560594559, 8.68715953827, 18.1765918732, 44.4315452576]], "icov": [[0.000299722945783, -0.000178255795618, 0.000424468191341, -0.00030603230698, 9.84698635875e-05, 8.42472582008e-05, -0.000195864893612, 0.000235751183936, -0.000319672661135, 0.000117597046483, -0.000198877009097, 0.000172453423147, -7.39412134863e-05], [-0.000178255795618, 0.00136501388624, -0.000127654100652, 0.000977662391961, -0.000782951770816, -0.000687362567987, 0.000438122660853, -0.000279280240647, 0.000481197959743, -0.000970426306594, 0.000476625922602, -0.000150391555508, -0.000206735756365], [0.000424468191341, -0.000127654100652, 0.00266280444339, -0.00095040188171, -0.00104573671706, 0.00115500763059, -0.00145081570372, 0.00108639069367, -0.00141626643017, 0.000424326542998, -0.00109610822983, -0.000519958906807, 0.000725672580302], [-0.00030603230698, 0.000977662391961, -0.00095040188171, 0.00480644032359, 0.000442309305072, -0.00294222240336, 0.00254182028584, -0.00220727175474, 0.00215908582322, -0.00210894481279, 0.000567796640098, -0.000170684812474, -0.000102064739622], [9.84698635875e-05, -0.000782951770816, -0.00104573671706, 0.000442309305072, 0.00673444429412, 0.000383871025406, -0.0020173531957, -0.00169165933039, 0.000886609719601, 0.00141507096123, 0.000258872227278, -0.0031858922448, 0.00098432332743], [8.42472582008e-05, -0.000687362567987, 0.00115500763059, -0.00294222240336, 0.000383871025406, 0.0104045420885, -0.00458199391142, -0.000298077997286, -0.00111073255539, 0.00178786902688, 0.000951014342718, 0.000443270371761, -0.00168383051641], [-0.000195864893612, 0.000438122660853, -0.00145081570372, 0.00254182028584, -0.0020173531957, -0.00458199391142, 0.0120381107554, -0.00287678092718, -0.000704864040017, 0.00125802436378, 0.000907255802304, 0.000465715042083, -0.0014448557049], [0.000235751183936, -0.000279280240647, 0.00108639069367, -0.00220727175474, -0.00169165933039, -0.000298077997286, -0.00287678092718, 0.00933036021888, -0.00276470533572, 0.00295306346379, -0.0021197530441, -0.00232962798327, 0.0027343200054], [-0.000319672661135, 0.000481197959743, -0.00141626643017, 0.00215908582322, 0.000886609719601, -0.00111073255539, -0.000704864040017, -0.00276470533572, 0.0173292923719, -0.00800507888198, -0.000226939766435, 0.000556284910999, -0.0014359978959], [0.000117597046483, -0.000970426306594, 0.000424326542998, -0.00210894481279, 0.00141507096123, 0.00178786902688, 0.00125802436378, 0.00295306346379, -0.00800507888198, 0.0203094705939, -0.0100897895172, 0.00410117628053, -0.00308015057817], [-0.000198877009097, 0.000476625922602, -0.00109610822983, 0.000567796640098, 0.000258872227278, 0.000951014342718, 0.000907255802304, -0.0021197530441, -0.000226939766435, -0.0100897895172, 0.0258069820702, -0.0103396987543, 0.00111955718603], [0.000172453423147, -0.000150391555508, -0.000519958906807, -0.000170684812474, -0.0031858922448, 0.000443270371761, 0.000465715042083, -0.00232962798327, 0.000556284910999, 0.00410117628053, -0.0103396987543, 0.0276685338467, -0.0112890815362], [-7.39412134863e-05, -0.000206735756365, 0.000725672580302, -0.000102064739622, 0.00098432332743, -0.00168383051641, -0.0014448557049, 0.0027343200054, -0.0014359978959, -0.00308015057817, 0.00111955718603, -0.0112890815362, 0.0290548820049]], "mean": [-689.27142334, 161.888259888, -15.9356765747, 35.9699363708, 13.6644325256, 27.3273944855, 3.55866718292, 9.14018726349, 2.20579767227, 2.69305825233, -0.869819045067, -1.59034335613, 1.77679717541]}, "pitch_salience": {"dmean": 0.0823526084423, "dmean2": 0.134091630578, "dvar": 0.00454598711804, "dvar2": 0.0119704604149, "max": 0.858389794827, "mean": 0.496927917004, "median": 0.507832169533, "min": 0.0615096762776, "var": 0.0155275342986}, "silence_rate_20dB": {"dmean": 0, "dmean2": 0, "dvar": 0, "dvar2": 0, "max": 1, "mean": 1, "median": 1, "min": 1, "var": 0}, "silence_rate_30dB": {"dmean": 0.0279260780662, "dmean2": 0.0558578893542, "dvar": 0.0271454453468, "dvar2": 0.0634124279022, "max": 1, "mean": 0.943537652493, "median": 1, "min": 0, "var": 0.0532699748874}, "silence_rate_60dB": {"dmean": 0.00574948685244, "dmean2": 0.0115001536906, "dvar": 0.0057170027867, "dvar2": 0.0136262346059, "max": 1, "mean": 0.0190945491195, "median": 0, "min": 0, "var": 0.0187308378518}, "spectral_centroid": {"dmean": 235.180206299, "dmean2": 365.742980957, "dvar": 111744.15625, "dvar2": 199423.21875, "max": 11759.0898438, "mean": 964.49041748, "median": 741.928771973, "min": 119.251304626, "var": 1100547.75}, "spectral_complexity": {"dmean": 3.57022595406, "dmean2": 5.31574106216, "dvar": 13.4041223526, "dvar2": 24.6816043854, "max": 57, "mean": 15.8744478226, "median": 15, "min": 0, "var": 86.6773071289}, "spectral_contrast_coeffs": {"dmean": [0.0582467950881, 0.0498363040388, 0.0387355200946, 0.0281144715846, 0.0225896369666, 0.0419181920588], "dmean2": [0.0975635871291, 0.0823068916798, 0.0629005208611, 0.0460635721684, 0.0365217141807, 0.0647227615118], "dvar": [0.00206019217148, 0.00165802019183, 0.00101988832466, 0.000537878193427, 0.000358392338967, 0.00152989057824], "dvar2": [0.00572094507515, 0.00436463858932, 0.0026038477663, 0.0013923055958, 0.000882701715454, 0.00337352696806], "max": [-0.25646969676, -0.480544388294, -0.516882002354, -0.601276874542, -0.632981956005, -0.310654520988], "mean": [-0.659862339497, -0.781613945961, -0.813291609287, -0.817273318768, -0.815353870392, -0.758283317089], "median": [-0.667279958725, -0.792001724243, -0.824463486671, -0.824131369591, -0.813494026661, -0.774448215961], "min": [-0.976775228977, -0.982141137123, -0.979281187057, -0.974154651165, -0.968866407871, -0.964087843895], "var": [0.00752311944962, 0.00496949115768, 0.00367625756189, 0.0022976687178, 0.00159262213856, 0.00687593361363]}, "spectral_contrast_valleys": {"dmean": [0.39601919055, 0.395509660244, 0.332140594721, 0.291958719492, 0.279870033264, 0.581948101521], "dmean2": [0.665884315968, 0.633974909782, 0.522142648697, 0.439261943102, 0.412774533033, 0.923125624657], "dvar": [0.119464665651, 0.11954768002, 0.0946406573057, 0.0877861306071, 0.100844457746, 0.265855848789], "dvar2": [0.293334215879, 0.267581641674, 0.193525910378, 0.156713187695, 0.172198787332, 0.649062275887], "max": [-5.28188323975, -4.44336700439, -4.7832493782, -5.04118061066, -4.8902554512, -9.05875301361], "mean": [-6.90107631683, -7.04381752014, -7.37298107147, -7.48302221298, -7.96735048294, -11.2198991776], "median": [-6.63843774796, -6.89536237717, -7.1708779335, -7.27883481979, -7.82898521423, -11.0558795929], "min": [-27.9822368622, -28.0560283661, -27.8476200104, -27.6656074524, -27.5084114075, -27.3905982971], "var": [3.38265681267, 3.31094408035, 3.21653747559, 3.30423140526, 3.13773655891, 2.35469651222]}, "spectral_decrease": {"dmean": 3.66221475367e-09, "dmean2": 5.8742104514e-09, "dvar": 1.5870179699e-17, "dvar2": 3.98921184555e-17, "max": 2.96539202083e-08, "mean": -3.67114161293e-09, "median": -2.36151387334e-09, "min": -4.56774955637e-08, "var": 3.5952697258e-17}, "spectral_energy": {"dmean": 0.0140458121896, "dmean2": 0.0220159105957, "dvar": 0.000186726334505, "dvar2": 0.000460880168248, "max": 0.261422783136, "mean": 0.0498714372516, "median": 0.0435923524201, "min": 9.79051538473e-21, "var": 0.000946515763644}, "spectral_energyband_high": {"dmean": 0.000619095168076, "dmean2": 0.000857947103214, "dvar": 9.16537010198e-06, "dvar2": 1.56784917635e-05, "max": 0.115780651569, "mean": 0.00136895454489, "median": 0.00043680833187, "min": 7.2071842875e-21, "var": 2.43421309278e-05}, "spectral_energyband_low": {"dmean": 0.0097425095737, "dmean2": 0.015958186239, "dvar": 0.000124787911773, "dvar2": 0.000315629964462, "max": 0.214322328568, "mean": 0.0198471378535, "median": 0.0138620007783, "min": 1.78296353869e-23, "var": 0.000409571133787}, "spectral_energyband_middle_high": {"dmean": 0.00188468187116, "dmean2": 0.00267044873908, "dvar": 1.73240405275e-05, "dvar2": 3.48752910213e-05, "max": 0.112006604671, "mean": 0.00442939298227, "median": 0.00191754149273, "min": 1.23945542701e-21, "var": 6.63161699777e-05}, "spectral_energyband_middle_low": {"dmean": 0.00463665043935, "dmean2": 0.00728177092969, "dvar": 4.52007734566e-05, "dvar2": 0.00010334221588, "max": 0.142766475677, "mean": 0.00926181394607, "median": 0.00550360046327, "min": 1.45994727543e-22, "var": 0.000115369017294}, "spectral_entropy": {"dmean": 0.18939550221, "dmean2": 0.301327049732, "dvar": 0.0322858579457, "dvar2": 0.0771692544222, "max": 9.82264900208, "mean": 7.42214345932, "median": 7.45312929153, "min": 4.27323818207, "var": 0.1603102386}, "spectral_flux": {"dmean": 0.0270487815142, "dmean2": 0.0432574935257, "dvar": 0.000566091155633, "dvar2": 0.00142802949995, "max": 0.335016995668, "mean": 0.117910034955, "median": 0.115019857883, "min": 6.43021469404e-11, "var": 0.00191368162632}, "spectral_kurtosis": {"dmean": 3.98908376694, "dmean2": 6.22002363205, "dvar": 12.8181228638, "dvar2": 31.4658584595, "max": 48.6861495972, "mean": 19.2090415955, "median": 19.1333351135, "min": -1.27426743507, "var": 46.2664718628}, "spectral_rms": {"dmean": 0.000985117512755, "dmean2": 0.00153118174057, "dvar": 7.2898393455e-07, "dvar2": 1.78052755473e-06, "max": 0.0159701798111, "mean": 0.00661895982921, "median": 0.00652143592015, "min": 3.09058616373e-12, "var": 4.84473639517e-06}, "spectral_rolloff": {"dmean": 1878.74194336, "dmean2": 3658.94580078, "dvar": 30489806, "dvar2": 80068160, "max": 22028.4667969, "mean": 20018.1875, "median": 21942.3339844, "min": 86.1328125, "var": 32484730}, "spectral_skewness": {"dmean": 0.332188904285, "dmean2": 0.51062899828, "dvar": 0.0864725261927, "dvar2": 0.194888696074, "max": 5.0571770668, "mean": 3.08622312546, "median": 3.17745065689, "min": -0.0918812155724, "var": 0.494520127773}, "spectral_spread": {"dmean": 533440.875, "dmean2": 821294.375, "dvar": 437901623296, "dvar2": 891120451584, "max": 42925068, "mean": 4512956, "median": 4201089.5, "min": 1882127, "var": 9513245605890.0}, "spectral_strongpeak": {"dmean": 22.9830055