{"lowlevel": {"average_loudness": 0.879707753658, "barkbands": {"dmean": [2.08884375752e-05, 0.00396807212383, 0.00440425192937, 0.00199334556237, 0.00230879639275, 0.00101409165654, 0.000538956956007, 0.000910376955289, 0.000694693997502, 0.000438592629507, 0.000344502506778, 0.000484395917738, 0.000418068055296, 0.000359594792826, 0.000276363105513, 0.000279277039226, 0.000238341061049, 0.000176473797183, 0.000126863917103, 0.000145007768879, 0.000100544493762, 0.000119148506201, 0.000131583045004, 0.000145874044392, 0.000116524024634, 2.98114628094e-05, 4.02156729251e-06], "dmean2": [3.44465952367e-05, 0.00687585305423, 0.0074579087086, 0.00346149806865, 0.00388404075056, 0.0015791793121, 0.000840688182507, 0.00140420324169, 0.0010543349199, 0.000662062026095, 0.000505802512635, 0.000715337460861, 0.0006475612754, 0.000561708642635, 0.000416217459133, 0.00040022743633, 0.000355861790013, 0.000271406257525, 0.00019743158191, 0.000214554689592, 0.000157506889082, 0.000183346637641, 0.000199130910914, 0.000220138361328, 0.000177510970389, 4.67854952149e-05, 6.48863397146e-06], "dvar": [1.279298667e-09, 6.53263341519e-05, 8.42768859002e-05, 2.43284648604e-05, 4.79462505609e-05, 2.70220016318e-06, 1.0973026292e-06, 4.42124110123e-06, 3.02131206809e-06, 1.03535160179e-06, 9.03785746686e-07, 1.48195067595e-06, 1.93368987311e-06, 1.00575130091e-06, 4.91106106892e-07, 5.66524988699e-07, 2.80167739675e-07, 2.15531969161e-07, 8.86230040464e-08, 1.13041849659e-07, 3.7273260034e-08, 7.26666158357e-08, 1.34079883196e-07, 2.65113612841e-07, 1.39311239877e-07, 7.15438108756e-09, 9.79391900913e-10], "dvar2": [3.27812554879e-09, 0.000177255831659, 0.000222269227379, 6.67148560751e-05, 0.000126677812659, 6.77531033944e-06, 2.5505182748e-06, 1.02232952486e-05, 6.7909122663e-06, 2.31506373893e-06, 1.83738484338e-06, 2.98563008982e-06, 4.8771062211e-06, 2.34516892306e-06, 1.18184209441e-06, 9.81200628303e-07, 6.01506712883e-07, 5.00427859151e-07, 2.17096811639e-07, 2.31819981877e-07, 8.94731897461e-08, 1.65645445804e-07, 2.73377708027e-07, 4.90711784096e-07, 2.96578548387e-07, 1.70449805381e-08, 2.07994665935e-09], "max": [0.000542855646927, 0.0807451158762, 0.0989558398724, 0.057116098702, 0.0957499742508, 0.0213516782969, 0.032149322331, 0.0561117529869, 0.0518454536796, 0.0196279883385, 0.0435630269349, 0.0311000496149, 0.0455956086516, 0.0393292941153, 0.023200346157, 0.0292155072093, 0.0130888558924, 0.0129130221903, 0.0109932385385, 0.0133344586939, 0.00303558609448, 0.00869446899742, 0.0116974050179, 0.0238635055721, 0.0123304352164, 0.00249375868589, 0.00194361957256], "mean": [2.83091831079e-05, 0.0045983963646, 0.00500244321302, 0.00212082453072, 0.00283643929288, 0.00160671258345, 0.000948904489633, 0.00138558982871, 0.001109972829, 0.000718874915037, 0.000582202919759, 0.000810253783129, 0.000645505439024, 0.000541108078323, 0.000426256272476, 0.000477831519675, 0.000410706183175, 0.000290413823677, 0.000212894155993, 0.000253164413152, 0.000169621809619, 0.00018304339028, 0.000190149017726, 0.000183312178706, 0.00014611716324, 3.4505064832e-05, 4.5591145863e-06], "median": [1.19343421829e-05, 0.00239579030313, 0.00178487261292, 0.000868774019182, 0.000883251661435, 0.000801743357442, 0.000348852016032, 0.000483389187139, 0.000325371802319, 0.00021537966677, 0.000116163879284, 0.000194018008187, 0.000110600842163, 0.000160552313901, 0.000136524904519, 0.000136144488351, 0.00012527272338, 9.22553736018e-05, 7.93082290329e-05, 6.68425636832e-05, 6.60426885588e-05, 6.32888550172e-05, 4.40467629232e-05, 3.58809083991e-05, 2.9970498872e-05, 4.74054331789e-06, 8.64025793135e-08], "min": [1.08022557616e-23, 2.42399585457e-23, 9.44233134733e-24, 1.65866335694e-23, 1.43975193139e-23, 3.17610578126e-23, 1.88715912695e-23, 2.68126374838e-23, 2.2611558733e-23, 8.31513983278e-23, 6.03989080163e-23, 7.29551691794e-23, 5.42506902041e-23, 8.80547368336e-23, 1.13179830447e-22, 1.2091124792e-22, 1.23529483575e-22, 1.8268525409e-22, 2.48352396112e-22, 3.03619587235e-22, 4.4369445011e-22, 4.56610867297e-22, 5.47352338156e-22, 8.87534404036e-22, 8.49698161154e-22, 1.79179780895e-21, 2.30449105729e-21], "var": [1.8006416358e-09, 5.44949252799e-05, 7.44641656638e-05, 1.91044327948e-05, 4.3505726353e-05, 4.50291372545e-06, 3.12305746775e-06, 8.01959140517e-06, 6.81010578774e-06, 2.40123063122e-06, 2.28999761021e-06, 3.49181868842e-06, 3.50221716872e-06, 1.67065263668e-06, 9.21268338061e-07, 1.7046221501e-06, 6.65666618715e-07, 4.10217211311e-07, 1.41030881196e-07, 2.81072857433e-07, 6.9127388258e-08, 1.2581645592e-07, 2.89736306058e-07, 5.08482287387e-07, 2.25178965252e-07, 1.07804503102e-08, 1.62030810991e-09]}, "barkbands_crest": {"dmean": 2.61472153664, "dmean2": 4.27323389053, "dvar": 5.34458732605, "dvar2": 13.6025104523, "max": 24.4453887939, "mean": 9.20142841339, "median": 8.58635520935, "min": 2.2166287899, "var": 13.502040863}, "barkbands_flatness_db": {"dmean": 0.0244505424052, "dmean2": 0.0378625579178, "dvar": 0.00062695046654, "dvar2": 0.0014890646562, "max": 0.515415072441, "mean": 0.129779070616, "median": 0.122790917754, "min": 0.0151424109936, "var": 0.00265243789181}, "barkbands_kurtosis": {"dmean": 4.1603140831, "dmean2": 6.70778512955, "dvar": 116.190460205, "dvar2": 254.441696167, "max": 341.968353271, "mean": 5.56008291245, "median": 1.21647071838, "min": -1.95421242714, "var": 365.477478027}, "barkbands_skewness": {"dmean": 0.702288985252, "dmean2": 1.06577777863, "dvar": 0.658833682537, "dvar2": 1.50600326061, "max": 13.4800758362, "mean": 1.5547939539, "median": 1.26078438759, "min": -4.36542224884, "var": 2.4254617691}, "barkbands_spread": {"dmean": 7.73049879074, "dmean2": 12.1934347153, "dvar": 101.099716187, "dvar2": 224.561782837, "max": 135.840484619, "mean": 25.8839817047, "median": 21.5980110168, "min": 0.376103252172, "var": 323.849090576}, "dissonance": {"dmean": 0.0179908256978, "dmean2": 0.0299885179847, "dvar": 0.000295017060125, "dvar2": 0.000807004864328, "max": 0.500000119209, "mean": 0.464348852634, "median": 0.469483882189, "min": 0.266512066126, "var": 0.000599709048402}, "dynamic_complexity": 3.86016130447, "erbbands": {"dmean": [0.0554742738605, 1.13304746151, 4.83375263214, 5.35430288315, 9.26217937469, 5.96038389206, 6.38372135162, 9.18628692627, 8.77568721771, 9.15637493134, 22.5617675781, 18.1742343903, 9.51920795441, 14.2761058807, 16.6182289124, 18.0939807892, 19.4480323792, 13.9485530853, 17.3139839172, 14.361743927, 13.8908166885, 11.8575248718, 10.3478393555, 6.00514745712, 6.41168785095, 7.4457025528, 4.49813890457, 3.96544837952, 4.26320266724, 4.44097518921, 3.52126669884, 3.06365847588, 2.39604043961, 1.56743896008, 0.676999688148, 0.204885557294, 0.0402547046542, 0.00675443932414, 0.000708911044057, 2.95046775136e-05], "dmean2": [0.092810600996, 1.9723842144, 8.309882164, 8.9258852005, 15.7505540848, 10.2323083878, 10.5199222565, 14.2478179932, 13.5032787323, 14.1785879135, 34.8267059326, 27.3811511993, 14.0695581436, 21.2701721191, 23.9752311707, 26.3754138947, 30.0447444916, 21.1771469116, 26.2674293518, 21.601896286, 19.4098300934, 17.5552139282, 15.5285053253, 9.38003826141, 9.76576519012, 11.0077028275, 6.93800973892, 6.19224643707, 6.57476758957, 6.83345317841, 5.32734394073, 4.57038259506, 3.68676590919, 2.3868598938, 1.04361736774, 0.321445137262, 0.0633690804243, 0.0107020270079, 0.00114308693446, 4.57988317066e-05], "dvar": [0.00998971331865, 5.64005947113, 110.223342896, 115.865753174, 955.903259277, 266.046142578, 193.276626587, 249.002502441, 270.522949219, 353.007873535, 3094.8112793, 2287.12158203, 504.615814209, 1073.43603516, 1482.21679688, 2069.1027832, 4532.3359375, 1989.13049316, 1541.61987305, 1705.08129883, 1909.62011719, 678.83203125, 753.296508789, 316.050537109, 167.243240356, 364.404418945, 77.0051269531, 59.6882286072, 95.9728469849, 126.576210022, 112.049812317, 115.756752014, 74.8295059204, 35.6378211975, 3.66339302063, 0.332140386105, 0.0154397496954, 0.000932557042688, 2.69001357083e-05, 8.23878387735e-09], "dvar2": [0.0257031898946, 15.4121866226, 298.093292236, 305.975463867, 2541.11230469, 721.233581543, 539.54864502, 628.48046875, 620.330566406, 837.843200684, 7212.79492188, 5183.58105469, 1031.27734375, 2324.30371094, 2987.21728516, 4200.47753906, 11498.5, 4357.48339844, 3442.38208008, 4437.171875, 3073.74804688, 1485.5612793, 1663.79785156, 824.937011719, 366.630584717, 769.283996582, 177.063140869, 145.64982605, 223.869430542, 267.252716064, 225.212860107, 214.190505981, 146.538116455, 75.9913787842, 8.30144500732, 0.780028104782, 0.0365865677595, 0.00215225690044, 5.38434724149e-05, 1.63236357764e-08], "max": [1.26463782787, 23.8059043884, 111.442909241, 107.001426697, 381.792755127, 256.510498047, 296.841949463, 223.212341309, 561.315063477, 459.613952637, 1548.37634277, 1521.92822266, 709.830383301, 753.743225098, 1445.66223145, 1549.01416016, 2494.60498047, 2041.40869141, 1148.01330566, 1396.09094238, 1906.12756348, 724.527282715, 795.12109375, 735.361450195, 325.659393311, 930.143676758, 154.988586426, 133.741882324, 339.573181152, 320.388916016, 384.815032959, 490.96496582, 362.888244629, 218.964294434, 41.2765769958, 17.1743965149, 6.09234762192, 1.66693603992, 0.313120394945, 0.00413338886574], "mean": [0.078725501895, 1.26284444332, 5.23423480988, 6.69673013687, 9.24306774139, 7.81793928146, 10.6487789154, 14.2825174332, 14.9165048599, 16.8918857574, 34.0832290649, 29.465877533, 17.2705402374, 24.6428890228, 31.0454673767, 31.6077251434, 32.3385543823, 23.5174236298, 27.7916507721, 24.8849983215, 25.4299697876, 21.5606441498, 18.3242797852, 10.6710758209, 11.4075279236, 12.8612184525, 7.90820980072, 6.50058460236, 6.70188093185, 6.73226833344, 4.87474346161, 3.890427351, 2.96726369858, 1.93322908878, 0.847198486328, 0.248665601015, 0.0445488616824, 0.00741591444239, 0.000831627228763, 5.04251984239e-05], "median": [0.0395365543664, 0.632325708866, 2.08821630478, 3.14258384705, 2.76849460602, 2.51380443573, 4.35347986221, 6.72631835938, 6.04542255402, 6.95948314667, 12.1450462341, 8.8112449646, 6.48356199265, 8.68103122711, 8.7479839325, 9.06499099731, 6.82573604584, 8.0125837326, 9.07621097565, 8.09251308441, 7.40527486801, 7.57277965546, 5.88469696045, 4.1940946579, 4.1925239563, 3.29714918137, 2.93891835213, 2.43328809738, 2.45100045204, 1.70574522018, 1.14501023293, 0.721818387508, 0.602303743362, 0.393292963505, 0.161533236504, 0.0388446226716, 0.00542282639071, 0.000563781824894, 3.57001481461e-05, 2.9799346521e-05], "min": [1.30434518132e-21, 3.58566316553e-21, 7.44037974999e-21, 5.41683521592e-20, 2.21853216864e-20, 6.32699916914e-20, 9.8282550155e-20, 3.6540768183e-19, 3.61979974619e-19, 3.46132951841e-19, 6.41290743337e-19, 5.70816868003e-19, 2.00149232545e-18, 3.40095639723e-18, 3.79165448006e-18, 2.01914704806e-18, 2.77379591501e-18, 4.40654042917e-18, 5.25548664518e-18, 6.77395657131e-18, 6.70656327167e-18, 8.55870544919e-18, 1.02410989981e-17, 1.25571021428e-17, 1.27518403114e-17, 1.45444407876e-17, 1.26602375031e-17, 1.73269572542e-17, 1.70994908576e-17, 1.49346202282e-17, 1.53923373114e-17, 1.88121881682e-17, 1.324088107e-17, 9.13465145737e-18, 6.62815647577e-18, 6.09980437208e-18, 3.00052839566e-18, 1.36736884363e-18, 3.26750481577e-19, 3.31739007519e-20], "var": [0.0115451384336, 4.48335456848, 86.9153289795, 110.155822754, 768.311096191, 261.89553833, 348.142364502, 397.226928711, 714.066894531, 826.53704834, 5429.34912109, 5205.45654297, 1358.22180176, 2449.44091797, 4040.10742188, 4765.89111328, 8599.36425781, 4229.77783203, 3114.08007812, 3630.12426758, 6063.30029297, 1531.390625, 1678.78161621, 402.479522705, 377.515838623, 832.797241211, 164.829528809, 104.594413757, 164.191146851, 302.732818604, 210.694122314, 222.253387451, 134.313919067, 54.2966575623, 5.95488262177, 0.545669853687, 0.0193699654192, 0.00139868957922, 4.54598994111e-05, 1.34960762566e-08]}, "erbbands_crest": {"dmean": 2.61013126373, "dmean2": 4.16797304153, "dvar": 6.34459877014, "dvar2": 15.0474672318, "max": 32.1128349304, "mean": 8.53933811188, "median": 7.44340324402, "min": 2.2383377552, "var": 18.6252613068}, "erbbands_flatness_db": {"dmean": 0.0201266594231, "dmean2": 0.0275229010731, "dvar": 0.000414381036535, "dvar2": 0.00070015800884, "max": 0.343079417944, "mean": 0.144209995866, "median": 0.137536287308, "min": 0.05277794227, "var": 0.00203030789271}, "erbbands_kurtosis": {"dmean": 0.996249616146, "dmean2": 1.54155087471, "dvar": 8.66980743408, "dvar2": 15.2517404556, "max": 120.684288025, "mean": 0.485256552696, "median": -0.246552705765, "min": -1.83282876015, "var": 30.0618877411}, "erbbands_skewness": {"dmean": 0.385084956884, "dmean2": 0.577822983265, "dvar": 0.186994761229, "dvar2": 0.381411135197, "max": 9.25893211365, "mean": 0.207600906491, "median": 0.213348269463, "min": -5.15618228912, "var": 0.765609562397}, "erbbands_spread": {"dmean": 11.2163915634, "dmean2": 16.8711338043, "dvar": 170.398361206, "dvar2": 367.221954346, "max": 167.201705933, "mean": 44.3674354553, "median": 39.2963256836, "min": 2.31420636177, "var": 537.113708496}, "gfcc": {"cov": [[24607.3359375, 2095.92749023, -1187.30163574, 381.269805908, -882.711303711, 233.795059204, -674.662109375, 114.429573059, -325.536499023, 156.588943481, -260.151580811, -36.9210472107, -144.333251953], [2095.92749023, 1707.8651123, -619.354370117, -36.0778961182, 203.149414062, -54.9535331726, 46.3576850891, -62.5267944336, 58.1424827576, -93.615020752, 85.3895492554, -92.6178131104, 62.3869514465], [-1187.30163574, -619.354370117, 1142.84484863, 245.355484009, -12.5140705109, 117.978050232, -19.1545734406, -9.34360694885, -40.23802948, -0.743531107903, -108.507247925, 37.2550430298, -73.0976791382], [381.269805908, -36.0778961182, 245.355484009, 351.233947754, 3.77516078949, 20.8499946594, -5.94187068939, -16.9307842255, -4.19544219971, -16.4892883301, -41.6137123108, -43.1836013794, -12.2757263184], [-882.711303711, 203.149414062, -12.5140705109, 3.77516078949, 277.069458008, 21.0424537659, 75.1403503418, -0.557952702045, 39.5089530945, -27.5812931061, 25.0795249939, -17.9488487244, 10.2078170776], [233.795059204, -54.9535331726, 117.978050232, 20.8499946594, 21.0424537659, 184.074295044, 34.3087615967, 30.717628479, -7.51352071762, 15.6029529572, -10.2260332108, -3.90454483032, -21.1370944977], [-674.662109375, 46.3576850891, -19.1545734406, -5.94187068939, 75.1403503418, 34.3087615967, 164.016067505, 8.08506298065, 32.3473052979, -8.54211139679, 14.852935791, -20.7610759735, -8.36619281769], [114.429573059, -62.5267944336, -9.34360694885, -16.9307842255, -0.557952702045, 30.717628479, 8.08506298065, 155.968429565, 29.9024276733, 40.320148468, -11.2935180664, -3.99159431458, 1.27816557884], [-325.536499023, 58.1424827576, -40.23802948, -4.19544219971, 39.5089530945, -7.51352071762, 32.3473052979, 29.9024276733, 112.689910889, 6.59332561493, 18.7461395264, -14.4996614456, 6.35161066055], [156.588943481, -93.615020752, -0.743531107903, -16.4892883301, -27.5812931061, 15.6029529572, -8.54211139679, 40.320148468, 6.59332561493, 110.468635559, 9.80742359161, 1.62650406361, -8.40935707092], [-260.151580811, 85.3895492554, -108.507247925, -41.6137123108, 25.0795249939, -10.2260332108, 14.852935791, -11.2935180664, 18.7461395264, 9.80742359161, 105.979698181, 22.5158729553, 11.0942373276], [-36.9210472107, -92.6178131104, 37.2550430298, -43.1836013794, -17.9488487244, -3.90454483032, -20.7610759735, -3.99159431458, -14.4996614456, 1.62650406361, 22.5158729553, 99.569519043, 21.7134151459], [-144.333251953, 62.3869514465, -73.0976791382, -12.2757263184, 10.2078170776, -21.1370944977, -8.36619281769, 1.27816557884, 6.35161066055, -8.40935707092, 11.0942373276, 21.7134151459, 84.905128479]], "icov": [[9.44826970226e-05, -0.000178990361746, 0.000142644668813, -0.00020138520631, 0.000286336289719, -0.000245197938057, 0.000288890587399, -9.10615053726e-05, 0.000132567307446, -0.000160125578986, 0.00032139220275, -0.000295890466077, 0.000328093155986], [-0.000178990361746, 0.00125262001529, 0.000186548553756, 0.000242423906457, -0.00107195193414, 0.00034459962626, -0.000343520980095, 0.000435838708654, -0.00038315859274, 0.000869412091561, -0.000961683574133, 0.00125149148516, -0.000934387149755], [0.000142644668813, 0.000186548553756, 0.00181667599827, -0.00128332152963, 1.2269675608e-05, -0.00106059247628, 0.000620796578005, 0.000188758698641, 7.53175336285e-05, -0.000100341472717, 0.00156076822896, -0.00157074443996, 0.00145891204011], [-0.00020138520631, 0.000242423906457, -0.00128332152963, 0.004227548372, -0.000484317104565, 0.000517790496815, -0.000388728250982, 0.000493563478813, -0.000351520022377, 0.000626845867373, -0.000492553401273, 0.00269339117222, -0.00140876078513], [0.000286336289719, -0.00107195193414, 1.2269675608e-05, -0.000484317104565, 0.00565969897434, -0.00106489518657, -0.000834128819406, -0.000416260707425, -0.000466303987196, 0.000315315410262, 0.000140921125421, -0.000503285962623, 0.000369881425286], [-0.000245197938057, 0.00034459962626, -0.00106059247628, 0.000517790496815, -0.00106489518657, 0.00721070729196, -0.00216743024066, -0.0011200447334, 0.000791703525465, -0.000307132897433, -0.000908399641048, 0.000759144080803, 5.30686265847e-05], [0.000288890587399, -0.000343520980095, 0.000620796578005, -0.000388728250982, -0.000834128819406, -0.00216743024066, 0.00864440575242, -0.00022268203611, -0.00113743019756, 0.000266585615464, 0.000145620957483, 0.000386195111787, 0.00163131044246], [-9.10615053726e-05, 0.000435838708654, 0.000188758698641, 0.000493563478813, -0.000416260707425, -0.0011200447334, -0.00022268203611, 0.00815723557025, -0.00244030519389, -0.00241924659349, 0.0014030742459, 0.000243633316131, -0.00091740564676], [0.000132567307446, -0.00038315859274, 7.53175336285e-05, -0.000351520022377, -0.000466303987196, 0.000791703525465, -0.00113743019756, -0.00244030519389, 0.011098540388, -0.000561245775316, -0.00146467750892, 0.00114354165271, -0.000288183859084], [-0.000160125578986, 0.000869412091561, -0.000100341472717, 0.000626845867373, 0.000315315410262, -0.000307132897433, 0.000266585615464, -0.00241924659349, -0.000561245775316, 0.011396413669, -0.00261145853437, 0.00133874162566, 0.000211124846828], [0.00032139220275, -0.000961683574133, 0.00156076822896, -0.000492553401273, 0.000140921125421, -0.000908399641048, 0.000145620957483, 0.0014030742459, -0.00146467750892, -0.00261145853437, 0.0138364443555, -0.00515292352065, 0.00163637718651], [-0.000295890466077, 0.00125149148516, -0.00157074443996, 0.00269339117222, -0.000503285962623, 0.000759144080803, 0.000386195111787, 0.000243633316131, 0.00114354165271, 0.00133874162566, -0.00515292352065, 0.0153499757871, -0.00530678080395], [0.000328093155986, -0.000934387149755, 0.00145891204011, -0.00140876078513, 0.000369881425286, 5.30686265847e-05, 0.00163131044246, -0.00091740564676, -0.000288183859084, 0.000211124846828, 0.00163637718651, -0.00530678080395, 0.0154035938904]], "mean": [-25.3712596893, 88.6059494019, -111.476768494, 37.6848144531, -59.423500061, 21.7937793732, -37.4894294739, 11.9524812698, -21.3705177307, 3.12832212448, -15.6092243195, -2.5129096508, -9.88799762726]}, "hfc": {"dmean": 8.22243976593, "dmean2": 11.4485769272, "dvar": 170.26776123, "dvar2": 347.656951904, "max": 347.071136475, "mean": 20.5574874878, "median": 14.2468976974, "min": 1.16641399921e-16, "var": 488.544616699}, "melbands": {"dmean": [0.00080397084821, 0.00217392342165, 0.001073154388, 0.000553479592782, 0.000222991846385, 0.000202613548026, 0.000129952677526, 0.000111802713946, 0.000185138487723, 0.000103138096165, 4.83721960336e-05, 6.14020245848e-05, 5.48139832972e-05, 6.28901980235e-05, 4.21802069468e-05, 3.76798197976e-05, 2.62438006757e-05, 3.18733145832e-05, 1.884005178e-05, 1.75128534465e-05, 1.89397305803e-05, 1.07573205241e-05, 1.77389902092e-05, 5.88247803535e-06, 5.05496882397e-06, 5.14783550898e-06, 4.97224300489e-06, 5.20702542417e-06, 3.06009133055e-06, 2.49728964263e-06, 2.38289067056e-06, 2.49465233537e-06, 2.45462319981e-06, 2.67630025519e-06, 2.19919888877e-06, 1.77171557425e-06, 1.99452915695e-06, 1.76599428414e-06, 1.52553002408e-06, 1.30974467538e-06], "dmean2": [0.00137639476452, 0.00373696954921, 0.0017800637288, 0.000946910469793, 0.000367616215954, 0.000313240336254, 0.00019887003873, 0.000172990738065, 0.00028605532134, 0.000154701207066, 7.22807089915e-05, 9.1883870482e-05, 7.94436855358e-05, 9.2229078291e-05, 6.41509977868e-05, 5.79295265197e-05, 4.03401936637e-05, 4.91409009555e-05, 2.84381512756e-05, 2.66985134658e-05, 2.64461323241e-05, 1.62057058333e-05, 2.69228657999e-05, 9.04018543224e-06, 8.04510273156e-06, 8.10427809483e-06, 7.43682858229e-06, 7.80972004577e-06, 4.80061908092e-06, 3.9484334593e-06, 3.776202675e-06, 3.91256480725e-06, 3.7977838474e-06, 4.1662615331e-06, 3.3795249692e-06, 2.678564897e-06, 3.00814804177e-06, 2.73548062069e-06, 2.34838580582e-06, 2.01947091227e-06], "dvar": [2.41243355958e-06, 2.19124740397e-05, 5.30959414391e-06, 3.26130361827e-06, 2.34158605394e-07, 1.1665986932e-07, 5.67457085765e-08, 5.08645250363e-08, 2.02793373205e-07, 7.25514013311e-08, 1.36391173911e-08, 2.08878940811e-08, 2.17229985111e-08, 2.8387244555e-08, 1.32827535637e-08, 1.53749635246e-08, 7.14569603488e-09, 5.82976555918e-09, 2.45585707326e-09, 2.12099493524e-09, 4.42099512554e-09, 5.59058466187e-10, 3.87876397667e-09, 1.35003008772e-10, 3.08133824012e-10, 1.01882960402e-10, 1.22585497309e-10, 2.01327371441e-10, 4.02762372065e-11, 2.5629953021e-11, 2.15429028783e-11, 3.23610270525e-11, 3.66208625924e-11, 5.3565395175e-11, 4.46263755116e-11, 3.62466098802e-11, 5.46924831812e-11, 4.27337019937e-11, 2.90679546405e-11, 2.54724609461e-11], "dvar2": [6.41273163637e-06, 5.93285221839e-05, 1.40116517287e-05, 8.74644229043e-06, 6.43692260383e-07, 2.90967989258e-07, 1.30465721782e-07, 1.20938153714e-07, 4.71811347325e-07, 1.62094522693e-07, 2.83376255794e-08, 4.59267077701e-08, 4.3599687416e-08, 5.58588162392e-08, 3.14913819466e-08, 3.87331695606e-08, 1.59851811787e-08, 1.33200392938e-08, 5.81613734951e-09, 5.21356335881e-09, 6.96290580748e-09, 1.25173327259e-09, 8.4540694445e-09, 2.92572382987e-10, 8.21134549245e-10, 2.39904290877e-10, 2.60718169276e-10, 4.31632285469e-10, 9.25160156817e-11, 6.27971216693e-11, 5.31766679301e-11, 7.78926576017e-11, 8.08559608156e-11, 1.16121348648e-10, 9.1076764186e-11, 7.42254036012e-11, 1.02285048487e-10, 8.25495019563e-11, 6.00131819239e-11, 5.60999267873e-11], "max": [0.0158847086132, 0.0476420484483, 0.0284047853202, 0.0250304229558, 0.00984755344689, 0.00454371981323, 0.00768254138529, 0.00517060561106, 0.0118138408288, 0.0084826182574, 0.00351176667027, 0.00330576999113, 0.00673976493999, 0.0038648780901, 0.00330402655527, 0.00468075228855, 0.00404126290232, 0.00185568118468, 0.00146326003596, 0.00131540175062, 0.00294726225547, 0.000765835517086, 0.00198286375962, 0.000372041773517, 0.00075800617924, 0.000192236708244, 0.000331046845531, 0.000691387453116, 0.000144526318763, 0.000105604842247, 6.91617460689e-05, 0.000178929636604, 0.000206647091545, 0.000261167006101, 0.00024449385819, 0.00025946344249, 0.000310822855681, 0.000286137103103, 0.000181246898137, 0.00019259135297], "mean": [0.0010112808086, 0.00245030131191, 0.00130762520712, 0.00059988675639, 0.000382087833714, 0.000316451274557, 0.000224943898502, 0.000198268346139, 0.00028157964698, 0.000164997924003, 8.32478908706e-05, 0.000101332654594, 9.63913917076e-05, 0.000106452920591, 6.78930373397e-05, 6.05573732173e-05, 4.08645173593e-05, 4.76770328532e-05, 3.09298557113e-05, 2.87933489744e-05, 3.23973508785e-05, 1.8445754904e-05, 2.87905331788e-05, 9.87224393612e-06, 8.21125013317e-06, 8.5599385784e-06, 8.29160671856e-06, 8.46391867526e-06, 5.07937147631e-06, 3.89677052226e-06, 3.68553378394e-06, 3.89708748116e-06, 3.42286398336e-06, 3.93641812479e-06, 2.97172550745e-06, 2.20074934987e-06, 2.46667786996e-06, 2.14020997191e-06, 1.8295644395e-06, 1.57585839133e-06], "median": [0.000545145012438, 0.00116694008466, 0.000587980262935, 0.00018913357053, 0.000152316890308, 0.000150757259689, 9.21238679439e-05, 7.90408375906e-05, 9.72054258455e-05, 4.55156441603e-05, 2.72376219073e-05, 3.17134617944e-05, 2.36914656853e-05, 2.28359294852e-05, 1.55796951731e-05, 1.237979086e-05, 1.26847944557e-05, 1.34972888191e-05, 1.03330967249e-05, 8.667639122e-06, 7.57939960749e-06, 6.60313071421e-06, 6.50902347843e-06, 3.68661903849e-06, 2.96790290122e-06, 3.0451396924e-06, 2.63071387963e-06, 1.82538610716e-06, 1.68121891875e-06, 1.50461937665e-06, 1.25819030927e-06, 1.38082691592e-06, 9.96056087388e-07, 8.52164475873e-07, 6.92243588674e-07, 4.45832313289e-07, 4.07678101055e-07, 4.17449172119e-07, 3.33900686655e-07, 2.97351704148e-07], "min": [1.01940629363e-23, 4.47482965651e-24, 8.20379290486e-24, 2.55665559533e-24, 3.33332544412e-24, 7.46171539563e-24, 5.22033042765e-24, 4.36954788567e-24, 5.38885793828e-24, 2.9349287961e-24, 1.03580781626e-23, 1.33834070658e-23, 1.10807828257e-23, 9.18886166102e-24, 5.41831637106e-24, 4.21164554258e-24, 8.02038116668e-24, 7.30815099865e-24, 1.07169869975e-23, 7.22554148466e-24, 8.02077244169e-24, 7.13787537226e-24, 1.24968386377e-23, 6.6504910726e-24, 1.00031017993e-23, 9.38739507389e-24, 1.07143608795e-23, 9.63921051889e-24, 6.40005850077e-24, 1.1032443796e-23, 9.75673580541e-24, 9.81629874806e-24, 6.39312993544e-24, 9.18023625588e-24, 8.4502504066e-24, 9.94900092954e-24, 1.1884270001e-23, 9.35901659169e-24, 6.42510917325e-24, 8.25654876676e-24], "var": [2.24705399887e-06, 1.72350009962e-05, 4.89468220621e-06, 2.61459331341e-06, 4.36126185832e-07, 1.89372897808e-07, 1.54068032998e-07, 1.11997863428e-07, 3.66331875057e-07, 1.66703600257e-07, 3.56180933636e-08, 4.6535340914e-08, 5.57282646696e-08, 6.82159964072e-08, 2.80619918414e-08, 2.89273298648e-08, 1.37646010145e-08, 1.10985487467e-08, 4.96041785425e-09, 4.59889992754e-09, 1.41747111826e-08, 1.12179243672e-09, 8.30986213174e-09, 3.38191363802e-10, 3.21963067318e-10, 2.22630774926e-10, 2.70564542992e-10, 4.24376894737e-10, 8.35663135912e-11, 4.06402550501e-11, 3.6654339286e-11, 5.45347725311e-11, 6.13972969687e-11, 1.33008506986e-10, 8.1563325538e-11, 6.09029493503e-11, 1.0442341436e-10, 7.66653199258e-11, 4.91501839228e-11, 3.63285929117e-11]}, "melbands_crest": {"dmean": 3.67388486862, "dmean2": 6.05495929718, "dvar": 12.0786991119, "dvar2": 32.7137184143, "max": 32.7580070496, "mean": 13.6200656891, "median": 12.9874095917, "min": 1.76630580425, "var": 26.5807609558}, "melbands_flatness_db": {"dmean": 0.0310079846531, "dmean2": 0.0477026216686, "dvar": 0.00104764022399, "dvar2": 0.00243145017885, "max": 0.659571051598, "mean": 0.190927520394, "median": 0.186622262001, "min": 0.00511328922585, "var": 0.0047870115377}, "melbands_kurtosis": {"dmean": 11.68953228, "dmean2": 18.7273864746, "dvar": 622.528137207, "dvar2": 1465.86437988, "max": 617.046020508, "mean": 18.2214679718, "median": 6.96344518661, "min": -1.88608539104, "var": 1458.453125}, "melbands_skewness": {"dmean": 1.00107097626, "dmean2": 1.53948616982, "dvar": 1.49157226086, "dvar2": 3.5306622982, "max": 16.144575119, "mean": 2.86681294441, "median": 2.36327266693, "min": -0.814610183239, "var": 4.27247714996}, "melbands_spread": {"dmean": 9.28618240356, "dmean2": 14.2051057816, "dvar": 208.329040527, "dvar2": 447.318603516, "max": 271.4269104, "mean": 27.0243110657, "median": 21.6548843384, "min": 0.282498508692, "var": 647.640075684}, "mfcc": {"cov": [[12729.9208984, 967.95489502, -332.289123535, 108.099761963, -86.6441040039, -25.4774036407, -61.3734474182, -77.4926452637, -5.19521045685, 42.8790130615, 15.2561950684, 47.9652633667, 14.2718925476], [967.95489502, 1425.69238281, -465.933837891, 41.6733055115, 71.8341140747, 36.48279953, 48.6469421387, 48.8266487122, 22.1234493256, -41.3699684143, 37.6702079773, 52.1160964966, 24.2794952393], [-332.289123535, -465.933837891, 921.256347656, 142.208984375, 100.447784424, 103.717582703, -5.27437067032, 38.8641281128, 4.69144582748, 21.3067741394, -41.684135437, -60.8919754028, -8.32126998901], [108.099761963, 41.6733055115, 142.208984375, 293.52355957, 61.8595199585, 46.2199668884, 0.93428081274, 2.27795529366, 17.5300769806, 16.1321964264, -24.3323230743, -23.5214557648, -12.5833206177], [-86.6441040039, 71.8341140747, 100.447784424, 61.8595199585, 189.556106567, 37.5749893188, 20.2268409729, 27.125328064, 22.0684490204, 17.2197227478, -10.4746694565, 9.18229579926, 7.71183156967], [-25.4774036407, 36.48279953, 103.717582703, 46.2199668884, 37.5749893188, 167.081039429, 47.936340332, 23.6638660431, -2.4054710865, -1.13606274128, 4.98467826843, -6.57357597351, -0.83401787281], [-61.3734474182, 48.6469421387, -5.27437067032, 0.93428081274, 20.2268409729, 47.936340332, 124.957588196, 28.4673271179, 13.8005304337, 6.65837574005, 23.9511318207, 7.37181901932, 2.95728063583], [-77.4926452637, 48.8266487122, 38.8641281128, 2.27795529366, 27.125328064, 23.6638660431, 28.4673271179, 113.261833191, 24.5196456909, 4.52243709564, 6.1496887207, -2.89600372314, 8.08660030365], [-5.19521045685, 22.1234493256, 4.69144582748, 17.5300769806, 22.0684490204, -2.4054710865, 13.8005304337, 24.5196456909, 119.367095947, 44.2741966248, 5.20914411545, -2.8019618988, 0.52122682333], [42.8790130615, -41.3699684143, 21.3067741394, 16.1321964264, 17.2197227478, -1.13606274128, 6.65837574005, 4.52243709564, 44.2741966248, 107.890617371, 30.9415359497, -3.31335687637, -6.28463840485], [15.2561950684, 37.6702079773, -41.684135437, -24.3323230743, -10.4746694565, 4.98467826843, 23.9511318207, 6.1496887207, 5.20914411545, 30.9415359497, 98.7416610718, 27.3356075287, -4.17884302139], [47.9652633667, 52.1160964966, -60.8919754028, -23.5214557648, 9.18229579926, -6.57357597351, 7.37181901932, -2.89600372314, -2.8019618988, -3.31335687637, 27.3356075287, 76.2516403198, 20.9662132263], [14.2718925476, 24.2794952393, -8.32126998901, -12.5833206177, 7.71183156967, -0.83401787281, 2.95728063583, 8.08660030365, 0.52122682333, -6.28463840485, -4.17884302139, 20.9662132263, 72.2368240356]], "icov": [[8.54489626363e-05, -7.00886739651e-05, -1.05175504359e-05, -3.13980781357e-05, 7.88385805208e-05, 2.42098531089e-06, 4.02041659981e-05, 5.96667450736e-05, 2.2224323402e-05, -9.34881682042e-05, 3.75048184651e-05, -4.91708306072e-05, -8.57248960529e-06], [-7.00886739651e-05, 0.00106128444895, 0.000647222797852, -0.000324335298501, -0.000587168557104, -0.000341577106155, -1.69813793036e-05, -0.000452307634987, -0.000206621669349, 0.000656971940771, -0.000409280910389, -2.35183670156e-05, -0.000172934538568], [-1.05175504359e-05, 0.000647222797852, 0.00176452368032, -0.00058064685436, -0.000829575525131, -0.000881187967025, 0.00036886453745, -0.000575874117203, 9.30630849325e-05, 9.4177412393e-05, -1.53990185936e-05, 0.000834472361021, -0.00022115574393], [-3.13980781357e-05, -0.000324335298501, -0.00058064685436, 0.00422549946234, -0.000839613727294, -0.000692284491379, 0.000185238357517, 0.000554370169993, -0.000341159058735, -0.000585604226217, 0.000849103787914, 0.000613162934314, 0.000619058089796], [7.88385805208e-05, -0.000587168557104, -0.000829575525131, -0.000839613727294, 0.00688832299784, -0.000534069840796, -0.000562049332075, -0.00077729014447, -0.000400281162001, -0.00137107842602, 0.00160646263976, -0.0020365845412, -0.000123925463413], [2.42098531089e-06, -0.000341577106155, -0.000881187967025, -0.000692284491379, -0.000534069840796, 0.00782440789044, -0.0027482600417, -0.000502507202327, 0.000786346092355, 0.000326392182615, -0.00044122361578, 0.000483477837406, 6.52177041047e-05], [4.02041659981e-05, -1.69813793036e-05, 0.00036886453745, 0.000185238357517, -0.000562049332075, -0.0027482600417, 0.0100440122187, -0.00161479308736, -0.000846171809826, 0.000320951105095, -0.00209850491956, -7.47312806197e-05, -0.000195301778149], [5.96667450736e-05, -0.000452307634987, -0.000575874117203, 0.000554370169993, -0.00077729014447, -0.000502507202327, -0.00161479308736, 0.0104993069544, -0.00196412950754, 0.000584930239711, -0.000698571559042, 0.00111030775588, -0.00115920591634], [2.2224323402e-05, -0.000206621669349, 9.30630849325e-05, -0.000341159058735, -0.000400281162001, 0.000786346092355, -0.000846171809826, -0.00196412950754, 0.0107007473707, -0.00456816749647, 0.0011288234964, 3.62843966286e-05, -9.71964982455e-05], [-9.34881682042e-05, 0.000656971940771, 9.4177412393e-05, -0.000585604226217, -0.00137107842602, 0.000326392182615, 0.000320951105095, 0.000584930239711, -0.00456816749647, 0.0131819685921, -0.00501501234248, 0.00185608770698, 0.000128985717311], [3.75048184651e-05, -0.000409280910389, -1.53990185936e-05, 0.000849103787914, 0.00160646263976, -0.00044122361578, -0.00209850491956, -0.000698571559042, 0.0011288234964, -0.00501501234248, 0.0143516827375, -0.00548730185255, 0.00224223476835], [-4.91708306072e-05, -2.35183670156e-05, 0.000834472361021, 0.000613162934314, -0.0020365845412, 0.000483477837406, -7.47312806197e-05, 0.00111030775588, 3.62843966286e-05, 0.00185608770698, -0.00548730185255, 0.0177753586322, -0.00499306200072], [-8.57248960529e-06, -0.000172934538568, -0.00022115574393, 0.000619058089796, -0.000123925463413, 6.52177041047e-05, -0.000195301778149, -0.00115920591634, -9.71964982455e-05, 0.000128985717311, 0.00224223476835, -0.00499306200072, 0.0157281160355]], "mean": [-658.725280762, 113.498764038, 8.65057277679, 20.0400485992, 5.85122537613, 7.48261022568, 0.6198990345, 4.06890439987, 2.84608983994, 1.57348358631, 1.69238436222, 0.835048317909, 1.49639093876]}, "pitch_salience": {"dmean": 0.0824919864535, "dmean2": 0.137520283461, "dvar": 0.00609793094918, "dvar2": 0.0168547332287, "max": 0.872147142887, "mean": 0.521984875202, "median": 0.525392413139, "min": 0.0502710267901, "var": 0.0115287806839}, "silence_rate_20dB": {"dmean": 0, "dmean2": 0, "dvar": 0, "dvar2": 0, "max": 1, "mean": 1, "median": 1, "min": 1, "var": 0}, "silence_rate_30dB": {"dmean": 0.00616253679618, "dmean2": 0.0123266568407, "dvar": 0.00612469715998, "dvar2": 0.017824864015, "max": 1, "mean": 0.996662378311, "median": 1, "min": 0, "var": 0.00332662393339}, "silence_rate_60dB": {"dmean": 0.023366285488, "dmean2": 0.0467385724187, "dvar": 0.0228228867054, "dvar2": 0.0522618554533, "max": 1, "mean": 0.0818998739123, "median": 0, "min": 0, "var": 0.0751951932907}, "spectral_centroid": {"dmean": 305.641387939, "dmean2": 458.320892334, "dvar": 140962.171875, "dvar2": 283771.96875, "max": 11484.5166016, "mean": 1389.57702637, "median": 1235.66479492, "min": 122.99974823, "var": 568559.8125}, "spectral_complexity": {"dmean": 3.47130560875, "dmean2": 5.05752420425, "dvar": 16.5872612, "dvar2": 33.6855125427, "max": 55, "mean": 16.3938388824, "median": 15, "min": 0, "var": 88.1559524536}, "spectral_contrast_coeffs": {"dmean": [0.0529228337109, 0.0464393347502, 0.0406779311597, 0.0336164310575, 0.025792915374, 0.0215126574039], "dmean2": [0.0874047353864, 0.0747470408678, 0.0626912638545, 0.0513799265027, 0.038454670459, 0.0326906256378], "dvar": [0.00218504038639, 0.00155661348253, 0.00113517290447, 0.000821625581011, 0.000523480761331, 0.000398564705392], "dvar2": [0.00564827723429, 0.00396578293294, 0.0025477129966, 0.00173954304773, 0.00104204623494, 0.000900330429431], "max": [-0.268316030502, -0.436933487654, -0.471049308777, -0.487497925758, -0.530988454819, -0.596459209919], "mean": [-0.656309783459, -0.736524581909, -0.747512936592, -0.767059803009, -0.779590845108, -0.774485945702], "median": [-0.658818125725, -0.737348735332, -0.752562820911, -0.774294674397, -0.784351050854, -0.77386456728], "min": [-0.96267157793, -0.968068420887, -0.974038243294, -0.961018323898, -0.960991501808, -0.961262643337], "var": [0.00675027444959, 0.00529930600896, 0.00586523255333, 0.00460300594568, 0.00301416008733, 0.00219272635877]}, "spectral_contrast_valleys": {"dmean": [0.448964655399, 0.423758417368, 0.359327584505, 0.337633550167, 0.348645418882, 0.447668910027], "dmean2": [0.705960631371, 0.649536669254, 0.528353095055, 0.487221509218, 0.477960050106, 0.566469311714], "dvar": [0.188778012991, 0.191737920046, 0.123052053154, 0.130092069507, 0.160785466433, 0.237773552537], "dvar2": [0.385161817074, 0.382281899452, 0.223284244537, 0.226997926831, 0.29166162014, 0.397772580385], "max": [-5.19555521011, -4.97011423111, -5.60581254959, -5.67371559143, -5.75549459457, -6.968937397], "mean": [-7.44127941132, -7.00457239151, -7.74793195724, -8.12996768951, -7.99406576157, -10.1720380783], "median": [-7.04437923431, -6.68129634857, -7.46010541916, -7.85041618347, -7.7822599411, -9.94911003113], "min": [-27.3248348236, -27.5419387817, -27.211479187, -27.2894668579, -27.5217247009, -27.318397522], "var": [3.48215007782, 2.78603100777, 2.43480682373, 2.30365586281, 2.13246130943, 2.27286696434]}, "spectral_decrease": {"dmean": 3.21147064497e-09, "dmean2": 5.05351849256e-09, "dvar": 2.58135275909e-17, "dvar2": 6.49960210338e-17, "max": 4.06553712416e-17, "mean": -6.37309049978e-09, "median": -4.69499017441e-09, "min": -4.56588047371e-08, "var": 3.58840445759e-17}, "spectral_energy": {"dmean": 0.0126213142648, "dmean2": 0.0197132881731, "dvar": 0.000382033904316, "dvar2": 0.000958160730079, "max": 0.174563497305, "mean": 0.0259181894362, "median": 0.0192818529904, "min": 1.03732633185e-20, "var": 0.000561461376492}, "spectral_energyband_high": {"dmean": 0.000628848734777, "dmean2": 0.000922160572372, "dvar": 2.07734024116e-06, "dvar2": 4.25911139246e-06, "max": 0.0384003408253, "mean": 0.00104598270264, "median": 0.000382957339752, "min": 7.70091094679e-21, "var": 4.18282843384e-06}, "spectral_energyband_low": {"dmean": 0.0083316732198, "dmean2": 0.0139674721286, "dvar": 0.000267426745268, "dvar2": 0.000701158540323, "max": 0.167839512229, "mean": 0.0106256771833, "median": 0.00563342031091, "min": 7.48932237187e-23, "var": 0.000241544476012}, "spectral_energyband_middle_high": {"dmean": 0.00191710691433, "dmean2": 0.00256528845057, "dvar": 9.13047551876e-06, "dvar2": 1.70894691109e-05, "max": 0.0811092928052, "mean": 0.00518904812634, "median": 0.00275971461087, "min": 1.4979087768e-21, "var": 4.2325740651e-05}, "spectral_energyband_middle_low": {"dmean": 0.00562354968861, "dmean2": 0.00894311163574, "dvar": 0.000129885127535, "dvar2": 0.000337148143444, "max": 0.143766745925, "mean": 0.0101182721555, "median": 0.00681694876403, "min": 2.45715354013e-22, "var": 0.000153027314809}, "spectral_entropy": {"dmean": 0.195155382156, "dmean2": 0.280456602573, "dvar": 0.0470733568072, "dvar2": 0.0898761376739, "max": 9.80153274536, "mean": 7.62895870209, "median": 7.64170742035, "min": 4.45637321472, "var": 0.210740059614}, "spectral_flux": {"dmean": 0.0325592271984, "dmean2": 0.0500977002084, "dvar": 0.00173760845792, "dvar2": 0.00349703268148, "max": 0.365499824286, "mean": 0.0843823775649, "median": 0.0704425275326, "min": 1.04169319004e-10, "var": 0.00348666543141}, "spectral_kurtosis": {"dmean": 1.47937333584, "dmean2": 2.33942437172, "dvar": 3.47312688828, "dvar2": 8.63250637054, "max": 37.1047782898, "mean": 3.72799253464, "median": 3.07207560539, "min": -1.23612046242, "var": 8.75488567352}, "spectral_rms": {"dmean": 0.00107158708852, "dmean2": 0.00158415734768, "dvar": 1.85799513019e-06, "dvar2": 4.31422904512e-06, "max": 0.0130501287058, "mean": 0.00451289862394, "median": 0.00433722976595, "min": 3.18123522317e-12, "var": 4.91969558425e-06}, "spectral_rolloff": {"dmean": 729.143737793, "dmean2": 1242.27563477, "dvar": 1958767.25, "dvar2": 4516814.5, "max": 20198.1445312, "mean": 1929.77685547, "median": 1152.02636719, "min": 86.1328125, "var": 7307633.5}, "spectral_skewness": {"dmean": 0.2318431288, "dmean2": 0.356203764677, "dvar": 0.0603521689773, "dvar2": 0.135214015841, "max": 5.07238340378, "mean": 1.47570967674, "median": 1.44161295891, "min": -0.396986842155, "var": 0.219420745969}, "spectral_spread": {"dmean": 809327.6875, "dmean2": 1128017.125, "dvar": 1118822727680.0, "dvar2": 1868289015810.0, "max": 41699228, "mean": 5325097.5, "median": 4938429,