{"lowlevel": {"average_loudness": 0.902428746223, "barkbands": {"dmean": [1.97540589397e-06, 0.00289461784996, 0.0029339583125, 0.00370696675964, 0.00176590005867, 0.000761341420002, 0.000744793913327, 0.000799432047643, 0.000488810765091, 0.000422576704295, 0.000367188767996, 0.000240125285927, 0.000188504185644, 0.000210895057535, 0.000266127695795, 0.000303504348267, 0.000217843567953, 0.000152057327796, 0.000182029907592, 0.000173646112671, 0.000141884884215, 0.000153398039402, 0.000144500518218, 0.00011856774654, 5.92197320657e-05, 2.5921039196e-05, 1.83952288353e-05], "dmean2": [2.90870343633e-06, 0.00481075048447, 0.00524610513821, 0.00632446072996, 0.002911523683, 0.00121378933545, 0.00122441677377, 0.00122144457418, 0.000770832994021, 0.000664515886456, 0.000580175139476, 0.000381428690162, 0.000303130596876, 0.000330358714564, 0.000431005028076, 0.000485641154228, 0.000347880384652, 0.000244059207034, 0.000283582397969, 0.000265281734755, 0.000208107536309, 0.000217724329559, 0.000205200456548, 0.000170633516973, 8.63392706378e-05, 3.60915873898e-05, 2.62946978182e-05], "dvar": [3.4556836559e-11, 0.000108327971247, 8.49486023071e-05, 0.000126726430608, 7.47574904381e-06, 2.09053564504e-06, 2.79650362245e-06, 2.45682394961e-06, 1.65092160387e-06, 1.04114701571e-06, 1.25781707538e-06, 6.28593625152e-07, 3.31139375476e-07, 4.19088991066e-07, 3.93270568111e-07, 1.09416362193e-06, 3.60799333521e-07, 1.27147842477e-07, 1.35884619112e-07, 1.75388663592e-07, 1.41814197718e-07, 1.43555794807e-07, 3.17754199841e-07, 2.13786421455e-07, 2.92466459939e-08, 4.93822716052e-09, 2.7768236599e-09], "dvar2": [7.19806436678e-11, 0.000273637473583, 0.000241403991822, 0.000333928794134, 1.98227535293e-05, 5.50056120119e-06, 7.73479678173e-06, 5.30677334609e-06, 3.80580127057e-06, 2.3515515295e-06, 2.83833674075e-06, 1.39637609209e-06, 6.78387493735e-07, 9.61223577178e-07, 9.58917098615e-07, 2.49176991929e-06, 8.47391731895e-07, 3.2682106621e-07, 3.37650277515e-07, 4.38788305246e-07, 3.51562192691e-07, 3.21396555591e-07, 6.70739780162e-07, 4.86951819312e-07, 6.37434709461e-08, 9.89743931257e-09, 5.65483437853e-09], "max": [7.43989730836e-05, 0.121865451336, 0.108453050256, 0.122553117573, 0.0359475016594, 0.0378579646349, 0.0547684617341, 0.0349467471242, 0.0379188545048, 0.0282541438937, 0.0327404774725, 0.0408183671534, 0.0373468212783, 0.0214489884675, 0.024496788159, 0.0328273996711, 0.0265644099563, 0.00924833118916, 0.00921443942934, 0.0161716192961, 0.0122589543462, 0.00855982769281, 0.0207869298756, 0.0149410553277, 0.00773276714608, 0.00199716398492, 0.00113778584637], "mean": [2.21979576054e-06, 0.00290417531505, 0.00278993672691, 0.00361200910993, 0.00289973989129, 0.00141926412471, 0.00116825697478, 0.00133737211581, 0.000706043152604, 0.000647508190013, 0.000510739919264, 0.000357121170964, 0.000288031646051, 0.000313935277518, 0.000422974175308, 0.000462756695924, 0.000354074581992, 0.000253563339356, 0.000294869882055, 0.000287418399239, 0.000216196916881, 0.000232747392147, 0.00020291133842, 0.000150807522004, 7.73714054958e-05, 3.40292681358e-05, 1.9387818611e-05], "median": [1.76750575065e-07, 0.000401014985982, 0.000417632341851, 0.000850546057336, 0.00189743936062, 0.000851081567816, 0.00064098223811, 0.000564717571251, 0.000272513483651, 0.000198895926587, 8.89190414455e-05, 8.31497454783e-05, 8.01660644356e-05, 7.72230414441e-05, 0.000135804410093, 0.000111076667963, 0.000101819387055, 8.75611222e-05, 0.000103585574834, 9.18183650356e-05, 5.75958547415e-05, 4.16462862631e-05, 2.87060829578e-05, 1.85353128472e-05, 1.05799481389e-05, 3.06834726871e-06, 5.90843740156e-07], "min": [5.1823990371e-25, 1.46816421628e-24, 4.2361372085e-25, 3.98234216636e-25, 1.24184668845e-23, 9.64967791424e-24, 4.67283177157e-24, 6.64101527541e-24, 9.66186344865e-24, 8.20595517261e-24, 5.02228295309e-24, 2.50483374475e-23, 3.32611336218e-23, 2.97690609646e-23, 4.45733232721e-23, 5.32392884821e-23, 5.44629568965e-23, 9.41735837766e-23, 1.32540281975e-22, 1.63723940937e-22, 2.35273208522e-22, 3.14747928118e-22, 3.58931913824e-22, 5.70845146028e-22, 7.88882412725e-22, 1.28461088545e-21, 1.89388736578e-21], "var": [4.28511393036e-11, 8.9589288109e-05, 5.67860915908e-05, 9.95999362203e-05, 1.10522378236e-05, 3.26565827891e-06, 3.01473505715e-06, 5.31285695615e-06, 2.74924332189e-06, 2.1725620627e-06, 2.52766108133e-06, 1.08494259621e-06, 6.60475791392e-07, 8.25067161259e-07, 7.76354454501e-07, 2.10261828215e-06, 7.92218315837e-07, 2.40515504402e-07, 2.4659593123e-07, 2.94880322826e-07, 1.89589400179e-07, 2.46940459192e-07, 6.13564907326e-07, 2.82986491129e-07, 5.26916075216e-08, 9.08041464243e-09, 3.68259978067e-09]}, "barkbands_crest": {"dmean": 2.74532794952, "dmean2": 4.48196601868, "dvar": 6.80267286301, "dvar2": 17.5192432404, "max": 25.6775131226, "mean": 8.93545150757, "median": 8.12744140625, "min": 2.35231852531, "var": 13.3927698135}, "barkbands_flatness_db": {"dmean": 0.0254936572164, "dmean2": 0.0380909480155, "dvar": 0.000671582005452, "dvar2": 0.00152879231609, "max": 0.415511578321, "mean": 0.137233883142, "median": 0.127274900675, "min": 0.0160195212811, "var": 0.00312835769728}, "barkbands_kurtosis": {"dmean": 4.12580490112, "dmean2": 6.51158237457, "dvar": 60.3073616028, "dvar2": 137.314804077, "max": 198.337249756, "mean": 5.37734937668, "median": 1.90480971336, "min": -1.9116410017, "var": 122.209190369}, "barkbands_skewness": {"dmean": 0.687180578709, "dmean2": 1.04116904736, "dvar": 0.603947460651, "dvar2": 1.34024441242, "max": 12.9418392181, "mean": 1.58748209476, "median": 1.41302418709, "min": -4.98640775681, "var": 1.92236638069}, "barkbands_spread": {"dmean": 7.23089265823, "dmean2": 11.072640419, "dvar": 84.5668945313, "dvar2": 191.9193573, "max": 111.695411682, "mean": 22.7977657318, "median": 20.1794891357, "min": 0.622878789902, "var": 230.28414917}, "dissonance": {"dmean": 0.0196641497314, "dmean2": 0.032194249332, "dvar": 0.00042123044841, "dvar2": 0.00107880611904, "max": 0.500000119209, "mean": 0.459479272366, "median": 0.468752086163, "min": 0.215555116534, "var": 0.00112907437142}, "dynamic_complexity": 4.01981878281, "erbbands": {"dmean": [0.0337357372046, 0.818575561047, 3.08456063271, 8.97462463379, 7.87366676331, 6.4167637825, 6.56071949005, 6.36768007278, 9.10405731201, 12.1841087341, 17.2783946991, 11.5454311371, 11.5531578064, 15.9614553452, 10.2126741409, 9.73491764069, 7.91267776489, 10.762140274, 10.9408388138, 13.925992012, 14.6306438446, 9.55995750427, 8.84760665894, 7.6097536087, 9.57126522064, 7.79452610016, 7.33671665192, 4.83964538574, 5.63808488846, 4.8910112381, 3.90998888016, 3.12536334991, 1.56559467316, 0.787547469139, 0.354604005814, 0.124729521573, 0.0444589182734, 0.0190930217505, 0.00314197619446, 0.000152207285282], "dmean2": [0.053703840822, 1.36603546143, 5.39862823486, 15.6145858765, 12.9947986603, 10.5804920197, 10.582865715, 10.2548513412, 14.8301858902, 19.5546016693, 26.4851894379, 18.2135562897, 18.097946167, 24.8028945923, 16.2444858551, 15.3029794693, 12.4984035492, 17.0741672516, 17.3339290619, 22.2976360321, 22.9493618011, 15.0236825943, 14.0562429428, 12.032989502, 14.781255722, 11.7807302475, 10.7898616791, 7.03684425354, 8.07779407501, 7.03600215912, 5.54453134537, 4.58991193771, 2.23877096176, 1.13560390472, 0.525833427906, 0.177252471447, 0.0622444115579, 0.0268024429679, 0.00451720738783, 0.000218919449253], "dvar": [0.0139849279076, 8.50841236115, 97.9139785767, 725.770202637, 267.408691406, 117.978713989, 126.010848999, 167.220001221, 444.483673096, 517.163513184, 1402.86791992, 989.653381348, 639.66192627, 2064.75512695, 995.720336914, 918.850891113, 492.813964844, 1049.47436523, 739.497314453, 1139.77770996, 2053.84057617, 625.118225098, 483.079467773, 299.0625, 400.585906982, 369.619232178, 340.38104248, 186.224273682, 197.068618774, 216.9190979, 249.7734375, 183.559127808, 30.6254234314, 5.24059867859, 1.13601255417, 0.129673063755, 0.0147369150072, 0.00302713667043, 8.10897545307e-05, 1.57383269084e-07], "dvar2": [0.0321222431958, 21.6622047424, 272.690734863, 1956.29650879, 682.11895752, 310.836486816, 332.495513916, 438.341552734, 1233.35998535, 1296.86608887, 3069.58349609, 2306.21142578, 1514.12390137, 4352.75146484, 2421.15795898, 2146.2746582, 1048.26879883, 2444.21679688, 1638.1114502, 2769.34838867, 4662.94970703, 1403.06811523, 1246.18322754, 767.865661621, 967.971374512, 920.205383301, 846.060241699, 453.455413818, 450.725036621, 489.48638916, 513.233398438, 412.436401367, 70.0366592407, 11.631814003, 2.49287319183, 0.267106801271, 0.0300304889679, 0.00599249918014, 0.0001669388148, 3.210887769e-07], "max": [1.36817717552, 34.4474868774, 121.192276001, 282.090148926, 199.283172607, 159.104248047, 257.687530518, 322.962280273, 676.64074707, 535.298400879, 985.579956055, 866.367736816, 630.409790039, 1393.69299316, 1073.74707031, 946.693786621, 1256.8416748, 1283.19885254, 1514.30615234, 901.290649414, 1319.00683594, 1081.33447266, 646.394714355, 572.586364746, 550.713378906, 731.420227051, 712.896240234, 437.739685059, 362.969696045, 390.376525879, 672.350097656, 530.52923584, 207.169998169, 103.371147156, 46.8545036316, 13.5036668777, 3.07653999329, 1.4462313652, 0.183315038681, 0.00763722090051], "mean": [0.0352678224444, 0.828197598457, 3.08938670158, 8.59249591827, 10.1005716324, 9.78103160858, 11.7032022476, 10.9606218338, 15.3861255646, 20.8890209198, 28.2941970825, 17.9307899475, 18.2335510254, 24.8469600677, 15.8514604568, 15.3224020004, 13.2150564194, 17.3396720886, 18.8842697144, 23.4691581726, 24.6783332825, 16.8291854858, 15.5420131683, 13.1867208481, 15.4367227554, 13.065413475, 11.5006284714, 7.51765727997, 8.53635311127, 6.91001558304, 5.54971218109, 3.97548437119, 2.01068639755, 1.03594219685, 0.447360247374, 0.164762571454, 0.0579101480544, 0.0218668002635, 0.00329931057058, 0.000169782026205], "median": [0.00419040583074, 0.125118717551, 0.539764463902, 1.93559491634, 4.63792085648, 5.66460990906, 6.67393016815, 6.3153796196, 9.05289840698, 11.1662025452, 11.3462677002, 8.01247692108, 6.82001781464, 6.41912317276, 3.92478632927, 3.77946376801, 4.06907749176, 5.00155496597, 6.03976154327, 8.13602828979, 6.83124065399, 5.3290271759, 5.51510429382, 4.99886131287, 5.33540773392, 4.31778144836, 3.30845975876, 1.82481813431, 1.43742084503, 1.10473871231, 0.808408737183, 0.495856046677, 0.2555128932, 0.141354545951, 0.056375272572, 0.0181156024337, 0.00466391071677, 0.00102722877637, 0.000109041531687, 2.79481573671e-05], "min": [6.22637941289e-23, 4.3570663391e-22, 8.04638072838e-22, 3.99176320596e-21, 9.40760992489e-21, 3.19061979955e-20, 6.48845900859e-20, 8.60580485477e-20, 6.92724795051e-20, 1.93365113336e-19, 1.68700241831e-19, 2.50783015451e-19, 2.91820660562e-19, 3.07241607776e-19, 7.92528931019e-19, 1.3030601005e-18, 1.60182677761e-18, 1.79366319655e-18, 2.63287473752e-18, 2.93575974011e-18, 3.49871136125e-18, 4.24529439005e-18, 5.29702393323e-18, 6.50718172477e-18, 7.20359087274e-18, 7.4848670226e-18, 7.41381055362e-18, 1.01317242144e-17, 1.13276164491e-17, 1.04553214059e-17, 1.10961878573e-17, 1.04212374288e-17, 9.02415667115e-18, 8.44186701485e-18, 5.45654116487e-18, 3.82512303482e-18, 2.23661200392e-18, 9.85350263575e-19, 2.44432801588e-19, 2.83175072197e-20], "var": [0.0131809655577, 6.98242902756, 70.3009414673, 538.510559082, 288.318908691, 162.476913452, 229.786987305, 231.131866455, 474.779022217, 902.003479004, 2839.78564453, 1633.4876709, 1184.67565918, 4889.02197266, 1921.63415527, 1691.66589355, 1049.79418945, 2106.51538086, 1860.49658203, 2257.70556641, 4304.34667969, 1436.12231445, 950.393493652, 572.312194824, 694.779174805, 604.059326172, 479.071014404, 259.02230835, 336.272979736, 356.697601318, 517.756713867, 248.578567505, 42.1658630371, 9.20731735229, 1.93051409721, 0.252512186766, 0.0253959596157, 0.00448750983924, 0.000105731269286, 2.04841811069e-07]}, "erbbands_crest": {"dmean": 2.58817625046, "dmean2": 4.20525741577, "dvar": 6.16241645813, "dvar2": 15.2093009949, "max": 30.643371582, "mean": 8.25549697876, "median": 7.27188968658, "min": 2.18838238716, "var": 15.961979866}, "erbbands_flatness_db": {"dmean": 0.0213578604162, "dmean2": 0.0286665130407, "dvar": 0.000493491243105, "dvar2": 0.000835735874716, "max": 0.392501890659, "mean": 0.153115078807, "median": 0.151232987642, "min": 0.033907558769, "var": 0.00226311502047}, "erbbands_kurtosis": {"dmean": 1.32543575764, "dmean2": 2.02694869041, "dvar": 8.36034107208, "dvar2": 17.4500808716, "max": 127.681518555, "mean": 0.827362716198, "median": -0.303405284882, "min": -1.8700466156, "var": 17.847782135}, "erbbands_skewness": {"dmean": 0.44331073761, "dmean2": 0.65667283535, "dvar": 0.243602335453, "dvar2": 0.489810496569, "max": 9.35394096375, "mean": 0.382092088461, "median": 0.308662384748, "min": -5.6124920845, "var": 0.921830534935}, "erbbands_spread": {"dmean": 11.1291856766, "dmean2": 16.2623710632, "dvar": 162.567672729, "dvar2": 352.003448486, "max": 153.116958618, "mean": 42.4713363647, "median": 38.8510665894, "min": 1.7195943594, "var": 459.537841797}, "gfcc": {"cov": [[29189.1855469, 324.392608643, -2071.80175781, 822.70904541, -809.81427002, 337.552062988, -501.044158936, 121.049339294, -353.451843262, 13.1675434113, -352.516815186, 3.87082529068, -258.558563232], [324.392608643, 2055.97460938, -283.703430176, 6.60920333862, 205.982925415, -83.1177062988, 124.413269043, 18.4657173157, 60.3445968628, -17.031873703, 137.071990967, -90.5263900757, 67.331993103], [-2071.80175781, -283.703430176, 1332.98596191, 52.0665931702, 161.548171997, 90.8145065308, 57.7303581238, 33.1253509521, 93.3982086182, 58.7052726746, 17.3994464874, 5.2218132019, -23.2403774261], [822.70904541, 6.60920333862, 52.0665931702, 497.228759766, 102.485298157, 66.6346740723, -9.27062988281, 24.0518169403, 54.6260490417, 16.5290203094, 1.98545324802, 14.8369522095, 3.76125431061], [-809.81427002, 205.982925415, 161.548171997, 102.485298157, 452.820739746, 66.1890029907, 129.968048096, 35.7029762268, 65.2079238892, 43.7838096619, 44.7978744507, 29.1588535309, 30.2917823792], [337.552062988, -83.1177062988, 90.8145065308, 66.6346740723, 66.1890029907, 252.128616333, 79.8042831421, 23.7878551483, 2.55777692795, -1.1298995018, 10.5661907196, 19.3607349396, -9.50736999512], [-501.044158936, 124.413269043, 57.7303581238, -9.27062988281, 129.968048096, 79.8042831421, 224.466308594, 56.5380096436, 6.08994531631, 27.7712497711, 56.9942016602, 5.20189476013, 9.64901256561], [121.049339294, 18.4657173157, 33.1253509521, 24.0518169403, 35.7029762268, 23.7878551483, 56.5380096436, 137.350067139, 43.786151886, 0.781280755997, 4.58423995972, 8.83473873138, 2.07109379768], [-353.451843262, 60.3445968628, 93.3982086182, 54.6260490417, 65.2079238892, 2.55777692795, 6.08994531631, 43.786151886, 145.561676025, 41.4963874817, 4.64902210236, 9.66147899628, 18.5016021729], [13.1675434113, -17.031873703, 58.7052726746, 16.5290203094, 43.7838096619, -1.1298995018, 27.7712497711, 0.781280755997, 41.4963874817, 118.536087036, 40.7552185059, 2.85277962685, 2.63562726974], [-352.516815186, 137.071990967, 17.3994464874, 1.98545324802, 44.7978744507, 10.5661907196, 56.9942016602, 4.58423995972, 4.64902210236, 40.7552185059, 110.300498962, 22.5952701569, 4.13123559952], [3.87082529068, -90.5263900757, 5.2218132019, 14.8369522095, 29.1588535309, 19.3607349396, 5.20189476013, 8.83473873138, 9.66147899628, 2.85277962685, 22.5952701569, 86.8653335571, 23.4080696106], [-258.558563232, 67.331993103, -23.2403774261, 3.76125431061, 30.2917823792, -9.50736999512, 9.64901256561, 2.07109379768, 18.5016021729, 2.63562726974, 4.13123559952, 23.4080696106, 73.7700500488]], "icov": [[5.91969401285e-05, -6.57252821838e-05, 7.70305923652e-05, -0.000106463572592, 9.19522208278e-05, -0.000142092190799, 0.00012998926104, -0.000166399040609, 0.000224079791224, -0.000288219773211, 0.000307082344079, -0.000205157077289, 0.000230764300795], [-6.57252821838e-05, 0.000829167547636, 0.000102304162283, 0.000116574607091, -0.000432568893302, 0.000387340143789, -0.000266006536549, 0.000248412281508, -0.000731318665203, 0.0010945944814, -0.0016645580763, 0.00163479277398, -0.00098673067987], [7.70305923652e-05, 0.000102304162283, 0.000986586906947, -9.62509948295e-05, -0.000187548270333, -0.000365565356333, 0.000135435955599, -0.00017121694691, -0.000284108304186, -0.000395357405068, 0.000135809517815, 7.11896864232e-05, 0.000564506102819], [-0.000106463572592, 0.000116574607091, -9.62509948295e-05, 0.00249322061427, -0.000701064011082, -0.00042580475565, 0.000519215129316, 1.62997730513e-05, -0.000966578198131, 0.000415554532083, -0.000630302820355, 0.000347643479472, -0.000319804938044], [9.19522208278e-05, -0.000432568893302, -0.000187548270333, -0.000701064011082, 0.00341618480161, -0.000377691932954, -0.00148998305667, 0.000121476310596, -0.000365931569831, -0.000966024177615, 0.000963944999967, -0.00148146389984, -2.38122865994e-05], [-0.000142092190799, 0.000387340143789, -0.000365565356333, -0.00042580475565, -0.000377691932954, 0.00540313264355, -0.00235025235452, 0.000561043736525, -0.000514248560648, 0.00138677086215, -0.000452161097201, -0.000482706382172, 0.000455997389508], [0.00012998926104, -0.000266006536549, 0.000135435955599, 0.000519215129316, -0.00148998305667, -0.00235025235452, 0.00813060346991, -0.00338032632135, 0.00203615589999, -0.00150036707055, -0.00224343058653, 0.00107373192441, -0.000617189682089], [-0.000166399040609, 0.000248412281508, -0.00017121694691, 1.62997730513e-05, 0.000121476310596, 0.000561043736525, -0.00338032632135, 0.00998228229582, -0.0039979647845, 0.00229221675545, -0.000198772613658, -0.000384404469514, 0.000373499904526], [0.000224079791224, -0.000731318665203, -0.000284108304186, -0.000966578198131, -0.000365931569831, -0.000514248560648, 0.00203615589999, -0.0039979647845, 0.0110941240564, -0.0049340124242, 0.00271672033705, -0.00160184211563, -0.000907437992282], [-0.000288219773211, 0.0010945944814, -0.000395357405068, 0.000415554532083, -0.000966024177615, 0.00138677086215, -0.00150036707055, 0.00229221675545, -0.0049340124242, 0.0134341893718, -0.00664280448109, 0.00317062321119, -0.00132428994402], [0.000307082344079, -0.0016645580763, 0.000135809517815, -0.000630302820355, 0.000963944999967, -0.000452161097201, -0.00224343058653, -0.000198772613658, 0.00271672033705, -0.00664280448109, 0.0165774561465, -0.00702167209238, 0.00337110459805], [-0.000205157077289, 0.00163479277398, 7.11896864232e-05, 0.000347643479472, -0.00148146389984, -0.000482706382172, 0.00107373192441, -0.000384404469514, -0.00160184211563, 0.00317062321119, -0.00702167209238, 0.0174305383116, -0.00663923239335], [0.000230764300795, -0.00098673067987, 0.000564506102819, -0.000319804938044, -2.38122865994e-05, 0.000455997389508, -0.000617189682089, 0.000373499904526, -0.000907437992282, -0.00132428994402, 0.00337110459805, -0.00663923239335, 0.0177908167243]], "mean": [-43.2435302734, 82.0408172607, -109.752410889, 27.1116580963, -65.1534423828, -3.19472384453, -41.2736740112, 0.0247492641211, -22.6740703583, -3.99994325638, -20.7840862274, -8.18748950958, -13.3793973923]}, "hfc": {"dmean": 8.17260837555, "dmean2": 11.1792945862, "dvar": 233.141174316, "dvar2": 503.241485596, "max": 330.060882568, "mean": 18.6064949036, "median": 10.5684108734, "min": 1.07991347262e-16, "var": 521.389038086}, "melbands": {"dmean": [0.000566227303352, 0.00141944154166, 0.00151131534949, 0.000437045790022, 0.000236188468989, 0.000142508375575, 0.000146957056131, 0.000138231203891, 0.000137659357279, 7.18074152246e-05, 5.8085865021e-05, 6.47970591672e-05, 4.01150500693e-05, 2.8046873922e-05, 1.98740035557e-05, 1.99738042284e-05, 2.18730529014e-05, 1.66471545526e-05, 2.17850647459e-05, 2.43535214395e-05, 1.65354376804e-05, 1.17280214909e-05, 9.6847415989e-06, 7.04196827428e-06, 6.57865712128e-06, 7.03265504853e-06, 6.22524612481e-06, 5.58083502256e-06, 5.37337518836e-06, 3.48717071574e-06, 2.84694237962e-06, 3.40039787261e-06, 2.95314566756e-06, 2.80789981844e-06, 2.34942922361e-06, 2.23791471399e-06, 1.80483266377e-06, 1.17229876651e-06, 8.93882941e-07, 6.03911928465e-07], "dmean2": [0.000925943197217, 0.00243705022149, 0.00258873403072, 0.000714362424333, 0.000382680183975, 0.00022905447986, 0.00023964457796, 0.00021847843891, 0.000211508551729, 0.000113401620183, 9.12593459361e-05, 0.000100905148429, 6.34253010503e-05, 4.44761608378e-05, 3.14922144753e-05, 3.16899859172e-05, 3.47310669895e-05, 2.62438461505e-05, 3.53168688889e-05, 3.86786887248e-05, 2.60232827713e-05, 1.8624095901e-05, 1.56212936417e-05, 1.12727320811e-05, 1.05605140561e-05, 1.10216215035e-05, 9.65903927863e-06, 8.60423915583e-06, 8.06148364063e-06, 5.29221915713e-06, 4.20857759309e-06, 5.00184250996e-06, 4.27149188909e-06, 4.14456781073e-06, 3.39201915267e-06, 3.29183262693e-06, 2.68895564659e-06, 1.69745271705e-06, 1.32111063067e-06, 8.8356358674e-07], "dvar": [4.07099332733e-06, 2.13129369513e-05, 1.80545484909e-05, 4.9546468972e-07, 1.49829233465e-07, 8.20496595111e-08, 1.11267205227e-07, 6.59073222664e-08, 9.78432908028e-08, 3.86541074704e-08, 1.68664513467e-08, 3.35096110859e-08, 1.42664617897e-08, 8.92924134632e-09, 3.1583606841e-09, 4.37580194301e-09, 4.80643791434e-09, 2.09562944775e-09, 2.8227549187e-09, 7.35580618638e-09, 2.27540764008e-09, 1.1728310545e-09, 6.53578413612e-10, 2.69974959055e-10, 2.60785476547e-10, 2.1276702622e-10, 2.00306618514e-10, 2.00731833933e-10, 1.98612501445e-10, 7.96189988939e-11, 6.78331765758e-11, 7.20811604848e-11, 6.40348538083e-11, 9.48337033901e-11, 1.01320549173e-10, 9.35189981011e-11, 6.48924872171e-11, 1.99225965586e-11, 7.10691878611e-12, 3.28124485048e-12], "dvar2": [9.90613898466e-06, 5.67040406168e-05, 4.7877409088e-05, 1.26613645079e-06, 4.01709598918e-07, 2.16144826481e-07, 3.08143313532e-07, 1.56330628442e-07, 2.13000404869e-07, 8.94663614304e-08, 3.9905597049e-08, 7.07856386839e-08, 3.29234133289e-08, 1.94139584409e-08, 7.65825003413e-09, 8.28111712536e-09, 1.12133990982e-08, 4.46986803126e-09, 7.0205783409e-09, 1.69325069521e-08, 5.1941828616e-09, 2.63037436277e-09, 1.72810044052e-09, 6.87212231565e-10, 6.71116273665e-10, 5.21934662157e-10, 4.82154594028e-10, 5.0525156281e-10, 5.03444452793e-10, 2.01124242261e-10, 1.63437527401e-10, 1.68411562473e-10, 1.48113202258e-10, 2.19906884369e-10, 2.14715981106e-10, 1.96430885446e-10, 1.52526546948e-10, 4.70671800146e-11, 1.55570053367e-11, 7.51864542847e-12], "max": [0.0219872873276, 0.0527108795941, 0.0448540858924, 0.00983503833413, 0.00835932884365, 0.00734263891354, 0.010919042863, 0.00544845173135, 0.00835529714823, 0.00591726787388, 0.00338075566106, 0.005735270679, 0.00292579643428, 0.00567900016904, 0.00209051929414, 0.00486671179533, 0.00271345488727, 0.0024712451268, 0.00146209914237, 0.00264625484124, 0.00124473508913, 0.00169414770789, 0.000820595305413, 0.000502741953824, 0.000552240759134, 0.000470733997645, 0.000323267100612, 0.000503873859998, 0.000606534187682, 0.000220019181143, 0.00030696002068, 0.000235414219787, 0.000223564886255, 0.000368019071175, 0.000476870918646, 0.000385259045288, 0.000305011926685, 0.000177947280463, 0.000116179136967, 8.38698251755e-05], "mean": [0.000576141523197, 0.00148393702693, 0.00155711616389, 0.000675730057992, 0.00042000747635, 0.000250851473538, 0.000244967843173, 0.000238538865233, 0.000220890113269, 0.000106431078166, 8.8194370619e-05, 9.8556636658e-05, 5.81225249334e-05, 4.22289522248e-05, 3.02639073197e-05, 3.10628784064e-05, 3.27843881678e-05, 2.69368792942e-05, 3.37266646966e-05, 3.66130261682e-05, 2.68916937785e-05, 1.8708218704e-05, 1.54808167281e-05, 1.16846968012e-05, 1.04939144876e-05, 1.07338782982e-05, 9.89778072835e-06, 8.69984341989e-06, 8.03090188128e-06, 5.09426126882e-06, 4.14224041378e-06, 5.01513250128e-06, 4.18770923716e-06, 3.75659055862e-06, 3.28606711264e-06, 2.86611589218e-06, 2.21494860853e-06, 1.46189086081e-06, 1.12502766569e-06, 7.85491465649e-07], "median": [7.38989765523e-05, 0.000270804390311, 0.000479922891827, 0.000397313822759, 0.000252508296398, 0.000149524479639, 0.000142461634823, 0.000124059559312, 8.39019194245e-05, 4.2397157813e-05, 3.05933826894e-05, 2.42416590481e-05, 1.2190101188e-05, 1.02283656815e-05, 7.58540682e-06, 8.86718407855e-06, 8.11277914181e-06, 8.02311478765e-06, 1.00458419183e-05, 1.00417219073e-05, 6.8448730417e-06, 5.20487719768e-06, 4.79793379782e-06, 4.1870671339e-06, 3.44409954778e-06, 3.48397566086e-06, 3.16266050504e-06, 2.49391996476e-06, 2.19429603021e-06, 1.30119315145e-06, 8.15739895188e-07, 8.03119746706e-07, 6.82871643676e-07, 5.27102542947e-07, 4.63749813662e-07, 3.72103045265e-07, 2.50411176239e-07, 1.79442935178e-07, 1.3920421793e-07, 1.0685567986e-07], "min": [6.06342897137e-25, 5.23635613694e-25, 8.31508007656e-25, 1.02917534987e-24, 2.40857397886e-24, 1.7537750541e-24, 9.64147671906e-25, 2.38336237876e-24, 1.05125103065e-24, 1.52811636318e-24, 1.28059439226e-24, 7.91764159871e-25, 2.56196778467e-24, 2.55318756558e-24, 3.308484017e-24, 2.66816088707e-24, 2.82005112399e-24, 3.88958558384e-24, 3.7402841912e-24, 2.82706942225e-24, 3.58362509289e-24, 2.83814640986e-24, 4.70241287223e-24, 4.5042285303e-24, 4.20533228876e-24, 4.92749894874e-24, 4.29780769166e-24, 4.50996039364e-24, 2.91549284111e-24, 3.89294494801e-24, 4.78916587813e-24, 5.41007593004e-24, 5.77041615307e-24, 4.78458535728e-24, 5.21233532238e-24, 6.19286812832e-24, 5.88403855026e-24, 5.04913025628e-24, 5.82299728227e-24, 6.23013825622e-24], "var": [3.54611802322e-06, 1.67457856151e-05, 1.42089675137e-05, 7.13061922397e-07, 2.54913857134e-07, 1.12484094927e-07, 1.21059926528e-07, 1.31419341187e-07, 1.95329903363e-07, 6.6432328083e-08, 3.03497600385e-08, 7.86995428825e-08, 2.75273439598e-08, 1.60793707238e-08, 5.43373213091e-09, 9.22691523186e-09, 8.87705819963e-09, 4.90241935935e-09, 5.04474328977e-09, 1.35075763907e-08, 4.91490181886e-09, 2.48599296704e-09, 1.08003417321e-09, 5.14047915345e-10, 4.64493832286e-10, 3.49896417395e-10, 3.42988470958e-10, 3.28205546074e-10, 2.65229366248e-10, 1.07425728035e-10, 9.21129353348e-11, 1.18321533127e-10, 9.81870626471e-11, 1.46750875341e-10, 2.10389386468e-10, 1.47088952129e-10, 7.90814635998e-11, 2.49524810536e-11, 1.13345600267e-11, 5.59212702186e-12]}, "melbands_crest": {"dmean": 3.55134677887, "dmean2": 5.7277173996, "dvar": 11.8841867447, "dvar2": 28.8551959991, "max": 31.052778244, "mean": 12.8601560593, "median": 11.8405685425, "min": 1.0004761219, "var": 27.8520755768}, "melbands_flatness_db": {"dmean": 0.0320594534278, "dmean2": 0.0471552461386, "dvar": 0.00112319737673, "dvar2": 0.00247153709643, "max": 0.525363087654, "mean": 0.191456481814, "median": 0.179239675403, "min": 1.29429963636e-07, "var": 0.00609549321234}, "melbands_kurtosis": {"dmean": 10.0116147995, "dmean2": 15.9684858322, "dvar": 409.204925537, "dvar2": 973.926025391, "max": 600.537536621, "mean": 15.0369052887, "median": 7.66024303436, "min": -1.91829586029, "var": 704.094787598}, "melbands_skewness": {"dmean": 0.927509486675, "dmean2": 1.41052389145, "dvar": 1.17448842525, "dvar2": 2.69539952278, "max": 19.1002540588, "mean": 2.66746425629, "median": 2.34560489655, "min": -2.48454141617, "var": 3.13609623909}, "melbands_spread": {"dmean": 9.61148834229, "dmean2": 14.8500747681, "dvar": 250.216506958, "dvar2": 524.615905762, "max": 245.612548828, "mean": 26.4881763458, "median": 19.8914871216, "min": 0.465494811535, "var": 692.20916748}, "mfcc": {"cov": [[13708.5390625, -77.2471542358, -601.19921875, 350.925964355, -10.0345039368, 277.024536133, 31.3912811279, 166.808746338, 71.952293396, -8.81068325043, -10.4973392487, -34.374332428, 72.8089523315], [-77.2471542358, 1999.32458496, -134.888000488, 130.926605225, 55.683467865, -35.0330543518, 109.733169556, -7.65458345413, 1.45739614964, 92.2167892456, 40.798828125, 27.5519828796, 21.4182071686], [-601.19921875, -134.888000488, 923.70300293, 50.876411438, 103.38142395, 47.5623092651, -15.6526355743, 6.53508615494, 25.4314613342, 38.7728652954, 20.9786586761, 51.7956390381, -7.25292396545], [350.925964355, 130.926605225, 50.876411438, 403.046203613, 150.72869873, 47.268409729, 7.86235952377, 12.3200683594, 45.4074440002, 37.0008544922, 18.2844371796, 50.4192886353, 28.0973739624], [-10.0345039368, 55.683467865, 103.38142395, 150.72869873, 280.884857178, 98.1653594971, 9.67368221283, 42.0810470581, 64.5509262085, 18.3250484467, 25.079574585, 30.0135059357, 19.5873432159], [277.024536133, -35.0330543518, 47.5623092651, 47.268409729, 98.1653594971, 225.061416626, 85.9540710449, 34.2056808472, 25.2198429108, 19.2170543671, 39.9888496399, 10.0799913406, 12.9596538544], [31.3912811279, 109.733169556, -15.6526355743, 7.86235952377, 9.67368221283, 85.9540710449, 240.981735229, 68.1316146851, -1.49130034447, 33.9707679749, 38.2538223267, 17.4979228973, 14.72742939], [166.808746338, -7.65458345413, 6.53508615494, 12.3200683594, 42.0810470581, 34.2056808472, 68.1316146851, 168.339172363, 49.6479949951, -0.377994656563, 14.7745666504, 7.94667196274, 19.4352226257], [71.952293396, 1.45739614964, 25.4314613342, 45.4074440002, 64.5509262085, 25.2198429108, -1.49130034447, 49.6479949951, 136.711456299, 35.1421737671, 12.9058351517, 13.4451179504, 13.2906684875], [-8.81068325043, 92.2167892456, 38.7728652954, 37.0008544922, 18.3250484467, 19.2170543671, 33.9707679749, -0.377994656563, 35.1421737671, 118.400840759, 39.4623298645, 11.9851875305, -0.641951143742], [-10.4973392487, 40.798828125, 20.9786586761, 18.2844371796, 25.079574585, 39.9888496399, 38.2538223267, 14.7745666504, 12.9058351517, 39.4623298645, 99.9071578979, 38.4028205872, 17.1219615936], [-34.374332428, 27.5519828796, 51.7956390381, 50.4192886353, 30.0135059357, 10.0799913406, 17.4979228973, 7.94667196274, 13.4451179504, 11.9851875305, 38.4028205872, 91.6399841309, 35.2373504639], [72.8089523315, 21.4182071686, -7.25292396545, 28.0973739624, 19.5873432159, 12.9596538544, 14.72742939, 19.4352226257, 13.2906684875, -0.641951143742, 17.1219615936, 35.2373504639, 80.6220474243]], "icov": [[8.24050293886e-05, 3.78813228963e-06, 5.54208818357e-05, -9.87598032225e-05, 9.62688718573e-05, -0.000148604041897, 6.62842139718e-05, -9.53251219471e-05, -3.72617000721e-06, -8.95447192306e-06, 3.4946242522e-05, 3.89531560359e-05, -4.85550699523e-05], [3.78813228963e-06, 0.000563449575566, 0.000103203587059, -0.000135700131068, -0.000181423398317, 0.000304996210616, -0.000314203149173, 0.000119603944768, 0.000109687818622, -0.000376582436729, -5.63319881621e-05, 1.46032443809e-05, -8.84168766788e-05], [5.54208818357e-05, 0.000103203587059, 0.00125150126405, 1.35560121635e-05, -0.000353763636667, -0.000235855099163, 0.000228782271734, -0.000129185500555, 0.000137871698826, -0.000496959488373, 0.000239458444412, -0.000837462197524, 0.000432094791904], [-9.87598032225e-05, -0.000135700131068, 1.35560121635e-05, 0.0034982599318, -0.00175402441528, 0.000108521715447, 3.37210913131e-05, 0.000305512425257, -0.000101967947558, -0.00080307177268, 0.000678046257235, -0.00146416330244, -0.000257462525042], [9.62688718573e-05, -0.000181423398317, -0.000353763636667, -0.00175402441528, 0.00595737202093, -0.00234047160484, 0.000905227963813, -0.000841510656755, -0.00155880558304, 0.000566920964047, -0.000208493016544, -0.000269273470622, -6.94615519024e-05], [-0.000148604041897, 0.000304996210616, -0.000235855099163, 0.000108521715447, -0.00234047160484, 0.0068982494995, -0.00249339966103, 0.000605288078077, -0.000339425052516, 0.00037793800584, -0.00197164178826, 0.0013118928764, -0.000332240073476], [6.62842139718e-05, -0.000314203149173, 0.000228782271734, 3.37210913131e-05, 0.000905227963813, -0.00249339966103, 0.0062908269465, -0.00273685879074, 0.00155847240239, -0.00164132891223, -0.000366371241398, -0.00083540257765, -0.000103131038486], [-9.53251219471e-05, 0.000119603944768, -0.000129185500555, 0.000305512425257, -0.000841510656755, 0.000605288078077, -0.00273685879074, 0.00830445066094, -0.00314702023752, 0.00177308532875, -0.000708929554094, 0.00080493587302, -0.0011269482784], [-3.72617000721e-06, 0.000109687818622, 0.000137871698826, -0.000101967947558, -0.00155880558304, -0.000339425052516, 0.00155847240239, -0.00314702023752, 0.01023526676, -0.00348866614513, 0.000756010762416, -0.000638744793832, -0.000667067884933], [-8.95447192306e-06, -0.000376582436729, -0.000496959488373, -0.00080307177268, 0.000566920964047, 0.00037793800584, -0.00164132891223, 0.00177308532875, -0.00348866614513, 0.0118693672121, -0.00438826717436, 0.00113108381629, 0.00112441845704], [3.4946242522e-05, -5.63319881621e-05, 0.000239458444412, 0.000678046257235, -0.000208493016544, -0.00197164178826, -0.000366371241398, -0.000708929554094, 0.000756010762416, -0.00438826717436, 0.014829589054, -0.00563111435622, -0.000473740510643], [3.89531560359e-05, 1.46032443809e-05, -0.000837462197524, -0.00146416330244, -0.000269273470622, 0.0013118928764, -0.00083540257765, 0.00080493587302, -0.000638744793832, 0.00113108381629, -0.00563111435622, 0.0167757701129, -0.00581298116595], [-4.85550699523e-05, -8.84168766788e-05, 0.000432094791904, -0.000257462525042, -6.94615519024e-05, -0.000332240073476, -0.000103131038486, -0.0011269482784, -0.000667067884933, 0.00112441845704, -0.000473740510643, -0.00581298116595, 0.0157204829156]], "mean": [-677.588134766, 113.866790771, 5.23536491394, 24.5661296844, -3.30465841293, -3.22657585144, -10.728852272, -4.16191959381, -3.91099739075, 1.66001868248, -7.05652284622, -5.2544465065, -3.88622021675]}, "pitch_salience": {"dmean": 0.0831909626722, "dmean2": 0.134897246957, "dvar": 0.00650224089622, "dvar2": 0.0170821361244, "max": 0.996098101139, "mean": 0.586751639843, "median": 0.597364962101, "min": 0.100102514029, "var": 0.0132023068145}, "silence_rate_20dB": {"dmean": 0, "dmean2": 0, "dvar": 0, "dvar2": 0, "max": 1, "mean": 1, "median": 1, "min": 1, "var": 0}, "silence_rate_30dB": {"dmean": 0.0244378447533, "dmean2": 0.0488798357546, "dvar": 0.0238418374211, "dvar2": 0.0671926662326, "max": 1, "mean": 0.985915482044, "median": 1, "min": 0, "var": 0.0138861378655}, "silence_rate_60dB": {"dmean": 0.0468392036855, "dmean2": 0.0936863571405, "dvar": 0.0446478612721, "dvar2": 0.0983255729079, "max": 1, "mean": 0.132869511843, "median": 0, "min": 0, "var": 0.115206047893}, "spectral_centroid": {"dmean": 324.910858154, "dmean2": 493.431976318, "dvar": 156477.609375, "dvar2": 322959.84375, "max": 11710.5966797, "mean": 1462.95178223, "median": 1265.39648438, "min": 143.503173828, "var": 1728501}, "spectral_complexity": {"dmean": 3.70233345032, "dmean2": 5.30227422714, "dvar": 22.9614315033, "dvar2": 41.5629844666, "max": 57, "mean": 16.4531650543, "median": 15, "min": 0, "var": 111.860832214}, "spectral_contrast_coeffs": {"dmean": [0.0534817799926, 0.0449464507401, 0.0414019152522, 0.0350507237017, 0.0260157138109, 0.0201460402459], "dmean2": [0.0871455445886, 0.0733811408281, 0.0646855160594, 0.0534783788025, 0.0393932126462, 0.0304932706058], "dvar": [0.00202241097577, 0.001419635606, 0.00120038213208, 0.000866429763846, 0.000568069925066, 0.000398813135689], "dvar2": [0.00513581745327, 0.00362456473522, 0.00280825630762, 0.0019095314201, 0.0011743985815, 0.000847441027872], "max": [-0.308831810951, -0.376438766718, -0.410926550627, -0.475714355707, -0.574770987034, -0.582000136375], "mean": [-0.585163116455, -0.739135026932, -0.75496584177, -0.762716710567, -0.783317744732, -0.769530594349], "median": [-0.58764731884, -0.740238904953, -0.760316491127, -0.765956759453, -0.788784086704, -0.768725514412], "min": [-0.979514479637, -0.99656522274, -0.999018847942, -0.988115787506, -0.988797485828, -0.965738654137], "var": [0.00963004212826, 0.00516012124717, 0.00597906624898, 0.00513686006889, 0.0035826114472, 0.0026977926027]}, "spectral_contrast_valleys": {"dmean": [0.53269982338, 0.412939190865, 0.403145909309, 0.394803076982, 0.366820693016, 0.444696396589], "dmean2": [0.804611086845, 0.643622040749, 0.611910164356, 0.573742806911, 0.488157063723, 0.513804495335], "dvar": [0.2846108675, 0.179250076413, 0.180960267782, 0.183044418693, 0.185532346368, 0.276978492737], "dvar2": [0.525765359402, 0.365409731865, 0.368069767952, 0.344571948051, 0.335341244936, 0.474675089121], "max": [-5.02610301971, -4.50324964523, -5.47283172607, -5.9099612236, -5.20836496353, -7.18370819092], "mean": [-8.22231483459, -7.06393861771, -8.1220035553, -8.48553562164, -8.19263362885, -10.5893707275], "median": [-7.68201828003, -6.58511543274, -7.70929431915, -8.09582901001, -7.7752532959, -10.3189735413], "min": [-28.5327148438, -28.4058589935, -27.7999897003, -27.893705368, -27.458864212, -27.4492950439], "var": [6.79530000687, 6.65555000305, 6.08285188675, 5.96713638306, 6.20192527771, 5.37520551682]}, "spectral_decrease": {"dmean": 3.02331604196e-09, "dmean2": 4.72223993242e-09, "dvar": 3.84911557393e-17, "dvar2": 9.42554043856e-17, "max": 2.13356885526e-22, "mean": -5.37269162493e-09, "median": -3.50129347737e-09, "min": -5.59516522003e-08, "var": 4.42774892649e-17}, "spectral_energy": {"dmean": 0.0120108360425, "dmean2": 0.01856190525, "dvar": 0.000576785590965, "dvar2": 0.00140163337346, "max": 0.216954246163, "mean": 0.0219654105604, "median": 0.0145881604403, "min": 1.01199861079e-20, "var": 0.000693602487445}, "spectral_energyband_high": {"dmean": 0.000673259492032, "dmean2": 0.000916267454159, "dvar": 2.83325380224e-06, "dvar2": 6.1291439124e-06, "max": 0.0404949039221, "mean": 0.00109990267083, "median": 0.000281767453998, "min": 6.94804249563e-21, "var": 5.26736221218e-06}, "spectral_energyband_low": {"dmean": 0.00723531888798, "dmean2": 0.0121365496889, "dvar": 0.000389624357922, "dvar2": 0.000993539928459, "max": 0.195731580257, "mean": 0.00771320052445, "median": 0.00153431587387, "min": 1.28030152765e-23, "var": 0.00033632654231}, "spectral_energyband_middle_high": {"dmean": 0.00153638271149, "dmean2": 0.00228543579578, "dvar": 6.90849446983e-06, "dvar2": 1.48092431118e-05, "max": 0.0528040118515, "mean": 0.00393055379391, "median": 0.00196167547256, "min": 1.16992651424e-21, "var": 2.83530916931e-05}, "spectral_energyband_middle_low": {"dmean": 0.00644210726023, "dmean2": 0.0103748906404, "dvar": 0.00017783200019, "dvar2": 0.000451698841061, "max": 0.144073575735, "mean": 0.011381527409, "median": 0.00794097408652, "min": 1.58313592061e-22, "var": 0.000194096923224}, "spectral_entropy": {"dmean": 0.211254358292, "dmean2": 0.295660167933, "dvar": 0.0597886405885, "dvar2": 0.114355146885, "max": 9.82605171204, "mean": 7.52001857758, "median": 7.55291032791, "min": 4.85882377625, "var": 0.338265269995}, "spectral_flux": {"dmean": 0.0309672933072, "dmean2": 0.0469588525593, "dvar": 0.00198648450896, "dvar2": 0.00407164590433, "max": 0.412062734365, "mean": 0.0783501267433, "median": 0.062774643302, "min": 6.38936820119e-11, "var": 0.00395644176751}, "spectral_kurtosis": {"dmean": 1.82357609272, "dmean2": 2.84227991104, "dvar": 9.84383296967, "dvar2": 21.2175273895, "max": 133.183746338, "mean": 4.62846899033, "median": 3.62022304535, "min": -1.35675752163, "var": 25.9893341064}, "spectral_rms": {"dmean": 0.00102627102751, "dmean2": 0.00147785630543, "dvar": 2.26453130381e-06, "dvar2": 4.88920159114e-06, "max": 0.014548631385, "mean": 0.00400528404862, "median": 0.00377257890068, "min": 3.14215819162e-12, "var": 5.38733092981e-06}, "spectral_rolloff": {"dmean": 709.827026367, "dmean2": 1179.83276367, "dvar": 1547694, "dvar2": 3402958.75, "max": 19810.546875, "mean": 1929.94750977, "median": 1162.79296875, "min": 86.1328125, "var": 6690130.5}, "spectral_skewness": {"dmean": 0.270418167114, "dmean2": 0.392332851887, "dvar": 0.111770272255, "dvar2": 0.22100764513, "max": 9.66311740875, "mean": 1.51974666119, "median": 1.41880941391, "min": -0.441977083683, "var": 0.478134393692}, "spectral_spread": {"dmean": 722033.625, "dmean2": 984776.9375, "dvar": 989328113664, "dvar2": 1889065762820.0, "max": 42610116, "mean": 5222990, "median": 4413146, "min": 877442.25, "var": 19103777554400.0}, "spe