{"lowlevel": {"average_loudness": 0.93239325285, "barkbands": {"dmean": [5.56548402528e-05, 0.0019436274888, 0.00118058233056, 0.000574177829549, 0.00208952231333, 0.000577883794904, 0.000742160656955, 0.000847899995279, 0.000558929285035, 0.000503124087118, 0.000392021174775, 0.000343336549122, 0.000422947487095, 0.000477379013319, 0.000541493354831, 0.000450994208222, 0.000406405044487, 0.000248895405093, 0.000151154221385, 0.000111687746539, 0.000129526568344, 0.000141711803735, 0.000129553096485, 9.54724018811e-05, 7.72823259467e-05, 5.25996147189e-05, 3.48298308381e-05], "dmean2": [7.22628756193e-05, 0.00302508403547, 0.00215882435441, 0.000981510034762, 0.00364649808034, 0.000956981442869, 0.00125788175501, 0.00127250340302, 0.000879370432813, 0.000766426150221, 0.000591472839005, 0.00053755089175, 0.000648303946946, 0.000744542165194, 0.000797481276095, 0.000690869113896, 0.000618252612185, 0.000375790696125, 0.00023044104455, 0.000169993480085, 0.000187966172234, 0.000193557905732, 0.0001699415443, 0.000120107259136, 9.71731133177e-05, 6.75892006257e-05, 4.60790433863e-05], "dvar": [9.68914992683e-09, 2.17928027268e-05, 1.19857713798e-05, 1.66927407008e-06, 3.9461410779e-05, 2.11725136978e-06, 3.79175389753e-06, 8.0961635831e-06, 4.03310150432e-06, 1.93857886188e-06, 1.3850213918e-06, 1.44303180605e-06, 2.49271806751e-06, 2.29115198636e-06, 2.81784332401e-06, 1.32656612095e-06, 9.30279213662e-07, 2.82779183181e-07, 1.23537148511e-07, 6.08921268963e-08, 7.3714417681e-08, 1.18031330487e-07, 8.79783144114e-08, 4.38951843762e-08, 2.80577729939e-08, 1.19076535299e-08, 5.94536464504e-09], "dvar2": [1.52792267727e-08, 4.57939095213e-05, 3.42262683262e-05, 4.36308255303e-06, 0.000105397826701, 5.3387434491e-06, 9.8257260106e-06, 1.75253462658e-05, 9.94813854049e-06, 4.34704543295e-06, 3.11569510814e-06, 3.3221947433e-06, 6.12509666098e-06, 5.38333688382e-06, 5.78468598178e-06, 2.90223420052e-06, 2.00408180717e-06, 6.14704561031e-07, 2.75944415762e-07, 1.35367571374e-07, 1.39191598691e-07, 2.04302949669e-07, 1.64679889281e-07, 7.21499588963e-08, 4.62279636793e-08, 2.19293809778e-08, 1.12318838674e-08], "max": [0.00152315839659, 0.0464849323034, 0.0288851428777, 0.0127202048898, 0.0522131025791, 0.0262923818082, 0.0339805670083, 0.0735606849194, 0.0697645172477, 0.0447500795126, 0.03776691854, 0.0404676012695, 0.0522085428238, 0.0368287339807, 0.0504636019468, 0.0303371679038, 0.0239808596671, 0.0139483828098, 0.0113351074979, 0.00576401036233, 0.0109356539324, 0.0137283569202, 0.0101730674505, 0.0094153592363, 0.00702600926161, 0.00220341864042, 0.000939495046623], "mean": [7.60642142268e-05, 0.00244445353746, 0.00120727159083, 0.000655002892017, 0.00191174959764, 0.000647327280603, 0.000798285589553, 0.00115360366181, 0.000728302984498, 0.00077111722203, 0.000652944901958, 0.000450041232398, 0.000545630580746, 0.00065077963518, 0.000783715280704, 0.000715029309504, 0.000673257629387, 0.000402309815399, 0.000225677780691, 0.000188919715583, 0.000222427494009, 0.000248630385613, 0.000220380738028, 0.000156738533406, 0.00011809780699, 6.94737245794e-05, 3.90410932596e-05], "median": [2.50126613537e-05, 0.000843901536427, 0.000516970350873, 0.000345203268807, 0.000522056187037, 0.000201473085326, 0.000204632218811, 0.0001665543532, 0.000147954924614, 0.000196918408619, 0.000167391321156, 7.65090298955e-05, 7.64602373238e-05, 7.10068270564e-05, 0.000119462332805, 0.000129793668748, 0.000129626307171, 8.50287251524e-05, 5.52626079298e-05, 4.25045291195e-05, 6.40247671981e-05, 7.03075420461e-05, 5.83474175073e-05, 3.73647926608e-05, 3.01452655549e-05, 1.76494886546e-05, 4.79396476294e-06], "min": [2.53293336462e-24, 4.68387503539e-24, 4.50818782318e-24, 2.83510456221e-24, 1.69990374289e-23, 1.19919337373e-23, 1.18082159211e-23, 8.24781528768e-24, 1.74817698158e-23, 1.33009064146e-23, 1.4832621857e-23, 3.17104981394e-23, 4.53233438218e-23, 4.42756103219e-23, 4.34997088236e-23, 7.70686559707e-23, 7.53039110168e-23, 1.11039619257e-22, 1.44671801494e-22, 2.13998374592e-22, 2.61795999576e-22, 3.25571579366e-22, 3.31492024635e-22, 6.39354067954e-22, 8.45125292259e-22, 1.37540355023e-21, 2.13799995639e-21], "var": [1.9163504561e-08, 2.61213317572e-05, 7.58738951845e-06, 1.3253910538e-06, 2.79056657746e-05, 2.12117311094e-06, 3.66572385246e-06, 1.59179689945e-05, 7.2355123848e-06, 3.80106575903e-06, 3.69616441276e-06, 2.38192774304e-06, 3.43843703376e-06, 3.97711028199e-06, 5.31036357643e-06, 2.91636729344e-06, 2.13997668652e-06, 6.84823760366e-07, 2.19277353608e-07, 1.41248051477e-07, 1.90635773833e-07, 3.34904768806e-07, 2.2194576843e-07, 1.15461006089e-07, 7.76093926902e-08, 2.08382644473e-08, 8.51882475672e-09]}, "barkbands_crest": {"dmean": 2.96379327774, "dmean2": 4.67070674896, "dvar": 7.84427165985, "dvar2": 19.0483608246, "max": 25.2115440369, "mean": 9.10870933533, "median": 8.15319156647, "min": 1.64352190495, "var": 17.1238174438}, "barkbands_flatness_db": {"dmean": 0.0221549384296, "dmean2": 0.0320151895285, "dvar": 0.000439815252321, "dvar2": 0.000962618680205, "max": 0.296867996454, "mean": 0.104310050607, "median": 0.0994182303548, "min": 0.0152977211401, "var": 0.00181485980283}, "barkbands_kurtosis": {"dmean": 2.38180494308, "dmean2": 3.75348091125, "dvar": 17.7105197906, "dvar2": 41.9349746704, "max": 64.1052627563, "mean": 2.68865156174, "median": 0.74761390686, "min": -1.94964933395, "var": 33.6108322144}, "barkbands_skewness": {"dmean": 0.617199599743, "dmean2": 0.906430065632, "dvar": 0.426230013371, "dvar2": 0.949835240841, "max": 7.25229454041, "mean": 0.9502171278, "median": 0.845308244228, "min": -5.24315357208, "var": 1.68408823013}, "barkbands_spread": {"dmean": 7.82293319702, "dmean2": 11.430973053, "dvar": 72.8257064819, "dvar2": 157.507156372, "max": 146.734893799, "mean": 27.9455928802, "median": 25.0655727386, "min": 1.13167750835, "var": 253.057373047}, "dissonance": {"dmean": 0.0207929871976, "dmean2": 0.0345563478768, "dvar": 0.000466091150884, "dvar2": 0.00123010575771, "max": 0.500000059605, "mean": 0.463160157204, "median": 0.472379118204, "min": 0.207460209727, "var": 0.00101505103521}, "dynamic_complexity": 4.37067174911, "erbbands": {"dmean": [0.0580781213939, 0.465356230736, 1.27941703796, 1.62299656868, 6.0508685112, 6.60235214233, 3.79521536827, 5.39725589752, 9.92266845703, 13.2974443436, 18.3617591858, 12.8894577026, 11.8341026306, 15.7062807083, 15.378247261, 14.720744133, 19.6914691925, 20.6391429901, 28.9821357727, 22.0107707977, 23.5184993744, 20.601190567, 14.4912500381, 9.74125385284, 5.73708057404, 5.39441585541, 5.32306671143, 5.13946008682, 5.07150125504, 4.33070993423, 3.72360301018, 2.27825927734, 1.54618215561, 0.859158992767, 0.582564651966, 0.249314844608, 0.0927998796105, 0.0339629687369, 0.00699085230008, 0.000227543714573], "dmean2": [0.0845202356577, 0.749526917934, 2.30216574669, 2.84008455276, 10.467634201, 11.8267307281, 6.40857505798, 8.88658905029, 16.8974456787, 21.23595047, 27.7971744537, 19.9931850433, 18.2949867249, 23.1844482422, 23.0187339783, 22.6134204865, 30.2660751343, 30.9970989227, 42.7765541077, 32.0192260742, 35.6968307495, 30.7903957367, 21.6738491058, 14.7417078018, 8.67499256134, 8.17201423645, 7.95328044891, 7.32322072983, 7.09060811996, 5.80627250671, 4.90280103683, 2.89986276627, 1.97680163383, 1.08978962898, 0.759834706783, 0.32343763113, 0.120497852564, 0.0446970760822, 0.00932819768786, 0.000304450251861], "dvar": [0.0184903666377, 1.34218800068, 13.5953769684, 12.7291898727, 388.993164063, 377.45123291, 78.0090332031, 203.778167725, 726.723388672, 1303.32751465, 4192.93798828, 2430.59057617, 1534.45361328, 2072.75683594, 1671.0847168, 2879.82543945, 5765.41845703, 4330.49462891, 8099.64648438, 3590.75708008, 3557.31518555, 2406.05126953, 1030.3013916, 546.666870117, 155.953262329, 142.037841797, 133.828445435, 127.166679382, 161.144943237, 106.169631958, 73.9157485962, 27.0447444916, 11.473077774, 3.58340764046, 1.82633316517, 0.288271903992, 0.0379852987826, 0.00544494530186, 0.000243978705839, 2.51420345876e-07], "dvar2": [0.037009999156, 3.03245329857, 38.1720657349, 34.6266975403, 1026.36450195, 1045.3392334, 198.840072632, 506.942443848, 1922.82116699, 3014.9453125, 9502.75585938, 6123.20751953, 3574.92504883, 4600.2421875, 3876.71557617, 6333.90136719, 14421.9091797, 9988.96289063, 16611.5214844, 7096.47070313, 7675.23144531, 5212.77734375, 2177.5090332, 1218.16638184, 353.924591064, 305.459106445, 277.04196167, 220.743637085, 285.253112793, 188.038528442, 143.4815979, 46.3935890198, 20.2873249054, 5.88304424286, 3.34796404839, 0.536896467209, 0.0704652294517, 0.0102723129094, 0.00046486404608, 4.7374442147e-07], "max": [1.48880803585, 9.86688709259, 30.7541503906, 33.1873931885, 190.149887085, 174.067398071, 209.665466309, 311.685119629, 593.289672852, 893.892456055, 1459.20861816, 1681.41918945, 1398.61779785, 1709.94836426, 1750.40576172, 1719.30126953, 2833.14404297, 2166.72729492, 2754.0078125, 2238.93408203, 1849.3293457, 1266.08190918, 989.493652344, 787.339782715, 232.746261597, 233.473144531, 358.979003906, 473.452575684, 519.393127441, 314.776428223, 309.374267578, 217.896286011, 160.576080322, 78.3732452393, 47.0333023071, 16.7418670654, 2.54069638252, 0.823195755482, 0.180226892233, 0.00586268585175], "mean": [0.0738056004047, 0.538529336452, 1.29104220867, 1.95489919186, 5.36215734482, 5.84042024612, 4.40767812729, 5.9808344841, 10.8531112671, 16.6731300354, 24.8191547394, 17.7948627472, 17.6842880249, 25.8781929016, 26.944934845, 21.0228691101, 26.9988536835, 30.0208702087, 43.3803253174, 35.9157714844, 40.3175811768, 35.4911575317, 25.3992843628, 15.5770893097, 9.38918209076, 9.3796787262, 9.13988304138, 8.86810302734, 8.79144287109, 7.52658462524, 6.22302818298, 3.75111794472, 2.44349622726, 1.33030939102, 0.85450553894, 0.345194250345, 0.119224622846, 0.0397372953594, 0.00777594279498, 0.000269494426902], "median": [0.0224947482347, 0.191849514842, 0.572992444038, 1.07873666286, 1.21771895885, 1.58907663822, 1.41701066494, 1.7233953476, 3.02796959877, 3.91480135918, 4.02914428711, 4.14731025696, 4.92538881302, 7.4051861763, 8.99970722198, 4.50424718857, 4.57440423965, 4.38201856613, 6.3321480751, 7.27321100235, 7.57656288147, 7.49345588684, 5.62302207947, 3.59882688522, 2.54304790497, 2.07835650444, 2.31185865402, 2.77401161194, 2.4297747612, 2.10709547997, 1.60740745068, 0.919612824917, 0.575800597668, 0.33487701416, 0.21547652781, 0.089111879468, 0.0293278787285, 0.00730971386656, 0.000864649715368, 5.01966351294e-05], "min": [1.99257568256e-22, 1.20922092549e-21, 6.20391598646e-21, 1.38984792914e-20, 3.08403757762e-20, 5.38006186781e-20, 5.19578735309e-20, 6.4090554859e-20, 1.25529995855e-19, 1.85594384792e-19, 2.85390494522e-19, 4.64863716931e-19, 3.29230420752e-19, 5.96434651573e-19, 1.40648259588e-18, 1.64938407936e-18, 2.26571883532e-18, 2.30253085412e-18, 2.68128196735e-18, 3.81722759588e-18, 4.83377053016e-18, 5.80518538535e-18, 6.27501321993e-18, 5.63537099586e-18, 8.41692834656e-18, 1.10367044723e-17, 9.63219645992e-18, 1.17139784511e-17, 1.10862774064e-17, 9.29461164423e-18, 9.93419927438e-18, 1.12601582158e-17, 9.49057652161e-18, 8.65293538303e-18, 6.88505106347e-18, 4.08704439911e-18, 2.51057091408e-18, 1.04376586183e-18, 2.80269083307e-19, 2.83195202413e-20], "var": [0.0249410215765, 1.37540304661, 8.84841537476, 9.83085346222, 275.432281494, 249.883789063, 85.8949356079, 207.448898315, 666.465576172, 2145.29980469, 7566.85888672, 4404.89794922, 2830.38769531, 4276.60302734, 4966.38720703, 4843.41503906, 7622.25195313, 7640.51318359, 15546.2578125, 7477.87792969, 8164.88671875, 5547.79589844, 2530.4855957, 1053.85339355, 281.704772949, 354.970397949, 335.977600098, 338.400299072, 448.282623291, 282.828521729, 178.517776489, 66.8366470337, 28.4896430969, 10.5075426102, 4.15072345734, 0.574100077152, 0.0614147037268, 0.00792907457799, 0.000345608073985, 3.63485554544e-07]}, "erbbands_crest": {"dmean": 2.96638035774, "dmean2": 4.6364531517, "dvar": 8.958360672, "dvar2": 20.2592449188, "max": 32.3360290527, "mean": 9.62933349609, "median": 8.24799537659, "min": 2.10484313965, "var": 26.5995941162}, "erbbands_flatness_db": {"dmean": 0.0237398985773, "dmean2": 0.0305678658187, "dvar": 0.000512685568538, "dvar2": 0.000842922134325, "max": 0.35752761364, "mean": 0.144022002816, "median": 0.13751745224, "min": 0.0286658443511, "var": 0.00295651657507}, "erbbands_kurtosis": {"dmean": 1.42553341389, "dmean2": 2.15945291519, "dvar": 6.09354114532, "dvar2": 11.9306783676, "max": 69.8583984375, "mean": 1.33385848999, "median": 0.341966420412, "min": -1.78399789333, "var": 14.7314758301}, "erbbands_skewness": {"dmean": 0.422303140163, "dmean2": 0.621822416782, "dvar": 0.182569146156, "dvar2": 0.383979678154, "max": 6.02656459808, "mean": 0.2142046839, "median": 0.212772652507, "min": -4.66925191879, "var": 0.878905117512}, "erbbands_spread": {"dmean": 10.4176063538, "dmean2": 15.1275415421, "dvar": 135.11656189, "dvar2": 285.957489014, "max": 147.17326355, "mean": 36.2377166748, "median": 31.4813251495, "min": 1.23559904099, "var": 435.88381958}, "gfcc": {"cov": [[16448.125, -37.4478988647, -464.495483398, 220.445526123, -243.361053467, 38.643661499, -378.32232666, -114.413497925, -68.3218460083, -5.42013406754, -120.10256958, -121.260810852, -321.206695557], [-37.4478988647, 1697.64196777, 295.412384033, 108.072753906, 201.836654663, -8.01212215424, 91.6528930664, 6.39783859253, 76.3031845093, -45.6583938599, -13.6973466873, -67.5789718628, -66.1875534058], [-464.495483398, 295.412384033, 1484.39550781, 209.479660034, 174.663757324, 110.849594116, 117.140640259, 14.7121839523, -5.15256786346, -14.4504451752, 7.76007843018, -72.2231369019, -44.4883499146], [220.445526123, 108.072753906, 209.479660034, 581.526733398, 77.3102111816, -21.2711601257, -90.3862075806, -21.9371128082, -4.74441289902, 11.4208030701, -50.3688316345, -34.066242218, -18.7799720764], [-243.361053467, 201.836654663, 174.663757324, 77.3102111816, 414.804962158, 44.9045715332, 62.5531692505, 22.8435993195, 75.7398757935, 21.6995792389, 4.37124824524, -21.5447673798, -6.66040325165], [38.643661499, -8.01212215424, 110.849594116, -21.2711601257, 44.9045715332, 234.667388916, 118.105308533, 39.2138404846, -9.39241027832, 20.5754928589, 21.4996089935, 0.431737929583, -5.25667905807], [-378.32232666, 91.6528930664, 117.140640259, -90.3862075806, 62.5531692505, 118.105308533, 274.454528809, 82.0132064819, 0.111103102565, 2.15591883659, 36.8970489502, 11.1325101852, -4.43209314346], [-114.413497925, 6.39783859253, 14.7121839523, -21.9371128082, 22.8435993195, 39.2138404846, 82.0132064819, 133.305358887, 55.1320953369, 7.30424070358, 1.8850826025, 12.1064453125, 7.19106912613], [-68.3218460083, 76.3031845093, -5.15256786346, -4.74441289902, 75.7398757935, -9.39241027832, 0.111103102565, 55.1320953369, 153.271591187, 45.2254753113, -10.9999990463, -2.52809000015, 4.95464897156], [-5.42013406754, -45.6583938599, -14.4504451752, 11.4208030701, 21.6995792389, 20.5754928589, 2.15591883659, 7.30424070358, 45.2254753113, 98.8389663696, 30.3381557465, -9.62954425812, -8.60102081299], [-120.10256958, -13.6973466873, 7.76007843018, -50.3688316345, 4.37124824524, 21.4996089935, 36.8970489502, 1.8850826025, -10.9999990463, 30.3381557465, 100.450202942, 33.3538970947, -19.2157058716], [-121.260810852, -67.5789718628, -72.2231369019, -34.066242218, -21.5447673798, 0.431737929583, 11.1325101852, 12.1064453125, -2.52809000015, -9.62954425812, 33.3538970947, 106.751815796, 49.7472991943], [-321.206695557, -66.1875534058, -44.4883499146, -18.7799720764, -6.66040325165, -5.25667905807, -4.43209314346, 7.19106912613, 4.95464897156, -8.60102081299, -19.2157058716, 49.7472991943, 108.64515686]], "icov": [[7.05521015334e-05, -4.52726135336e-06, 2.15388172364e-05, -5.25434870724e-06, 2.24454979616e-05, -8.42238587211e-05, 0.000109214910481, -8.14413670014e-06, 3.01993513858e-05, -3.03815522784e-05, 0.000156633454026, -9.94258807623e-05, 0.000285481073661], [-4.52726135336e-06, 0.000717780960258, -5.78970211791e-05, -0.000139394120197, -0.000178908579983, 0.00014029898739, -0.000374605035177, 0.000344193802448, -0.000629918591585, 0.000744841992855, -0.000232870064792, 0.00035179767292, 0.000219269742956], [2.15388172364e-05, -5.78970211791e-05, 0.000833682890516, -0.000333556177793, -0.000157952745212, -0.000291743228445, -0.000261112174485, 0.000104189588455, -6.79266740917e-05, 0.000439124327386, -0.000403098907555, 0.000614601653069, -4.40693365817e-05], [-5.25434870724e-06, -0.000139394120197, -0.000333556177793, 0.00221820292063, -0.000487893325044, 4.96512329846e-05, 0.000973237503786, -0.000459029019112, 0.000965671963058, -0.00118788343389, 0.00155969674233, -0.000615273602307, 0.000608473143075], [2.24454979616e-05, -0.000178908579983, -0.000157952745212, -0.000487893325044, 0.0031392830424, -0.000407228799304, -0.000702306453604, 0.00071229407331, -0.00189875764772, 0.000412142166169, -0.000662159232888, 0.000660556775983, -0.000395051494706], [-8.42238587211e-05, 0.00014029898739, -0.000291743228445, 4.96512329846e-05, -0.000407228799304, 0.00594453653321, -0.00228941580281, -0.000707592291292, 0.00121881021187, -0.00167496758513, 0.000196672044694, -7.70835467847e-05, -0.000176423942321], [0.000109214910481, -0.000374605035177, -0.000261112174485, 0.000973237503786, -0.000702306453604, -0.00228941580281, 0.00676722591743, -0.00377469230443, 0.00174786255229, -5.42681227671e-05, -0.000946754182223, -0.000236302381381, 0.000384812563425], [-8.14413670014e-06, 0.000344193802448, 0.000104189588455, -0.000459029019112, 0.00071229407331, -0.000707592291292, -0.00377469230443, 0.0120049724355, -0.0054151522927, 0.00176732253749, 0.000168266633409, -0.000681197270751, -6.16841643932e-05], [3.01993513858e-05, -0.000629918591585, -6.79266740917e-05, 0.000965671963058, -0.00189875764772, 0.00121881021187, 0.00174786255229, -0.0054151522927, 0.0120320729911, -0.00668588094413, 0.00381208420731, -0.00188235705718, 0.000675065617543], [-3.03815522784e-05, 0.000744841992855, 0.000439124327386, -0.00118788343389, 0.000412142166169, -0.00167496758513, -5.42681227671e-05, 0.00176732253749, -0.00668588094413, 0.0166287906468, -0.00801501236856, 0.00498969107866, -0.00191751017701], [0.000156633454026, -0.000232870064792, -0.000403098907555, 0.00155969674233, -0.000662159232888, 0.000196672044694, -0.000946754182223, 0.000168266633409, 0.00381208420731, -0.00801501236856, 0.0186891350895, -0.00965612474829, 0.00726346392184], [-9.94258807623e-05, 0.00035179767292, 0.000614601653069, -0.000615273602307, 0.000660556775983, -7.70835467847e-05, -0.000236302381381, -0.000681197270751, -0.00188235705718, 0.00498969107866, -0.00965612474829, 0.0176226235926, -0.00915827881545], [0.000285481073661, 0.000219269742956, -4.40693365817e-05, 0.000608473143075, -0.000395051494706, -0.000176423942321, 0.000384812563425, -6.16841643932e-05, 0.000675065617543, -0.00191751017701, 0.00726346392184, -0.00915827881545, 0.0155515754595]], "mean": [-24.2133617401, 50.2485961914, -109.845062256, 20.1609287262, -51.7481994629, 14.9384841919, -34.4187393188, 9.18909454346, -16.171295166, 1.54894638062, -19.8052711487, 6.90137434006, -10.6378479004]}, "hfc": {"dmean": 8.81989955902, "dmean2": 11.2015314102, "dvar": 168.082199097, "dvar2": 258.233123779, "max": 212.569992065, "mean": 21.7642974854, "median": 11.8045511246, "min": 1.11251318996e-16, "var": 615.871032715}, "melbands": {"dmean": [0.00052789109759, 0.000628390465863, 0.000399090204155, 0.000503321585711, 0.000154824068886, 0.000120755052194, 0.000150763487909, 0.000154717592523, 0.00014914519852, 7.53216954763e-05, 5.98951264692e-05, 6.58997305436e-05, 5.45014008821e-05, 3.64863008144e-05, 4.53076972917e-05, 4.09163367294e-05, 4.16124385083e-05, 4.97985383845e-05, 3.66286512872e-05, 3.17472185998e-05, 2.86638569378e-05, 2.40419594775e-05, 1.81082468771e-05, 1.15153197839e-05, 8.32341083878e-06, 5.00551414007e-06, 3.57676003659e-06, 3.67324742001e-06, 3.58661804967e-06, 3.16190016747e-06, 3.13855161949e-06, 3.07577897729e-06, 2.79860228147e-06, 2.38283041654e-06, 2.35486004385e-06, 1.81454629455e-06, 1.31880619847e-06, 1.14164174647e-06, 9.06490640773e-07, 6.92259391144e-07], "dmean2": [0.000795548316091, 0.00105781259481, 0.0006905621849, 0.000885318149813, 0.000265977170784, 0.000199601257918, 0.000256181316217, 0.000244786438998, 0.000226590258535, 0.000116829789476, 9.27594883251e-05, 9.74851718638e-05, 8.07493779575e-05, 5.62476016057e-05, 7.0110996603e-05, 6.24658787274e-05, 6.33739546174e-05, 7.47147423681e-05, 5.36334118806e-05, 4.79991322209e-05, 4.40111107309e-05, 3.64269108104e-05, 2.7430618502e-05, 1.75075238076e-05, 1.28186302391e-05, 7.67587425798e-06, 5.59050795346e-06, 5.6291846704e-06, 5.48677735424e-06, 4.74785338156e-06, 4.53797974842e-06, 4.41514612248e-06, 3.93378695662e-06, 3.26567260345e-06, 3.21775723933e-06, 2.43538738687e-06, 1.72825230038e-06, 1.50268829202e-06, 1.18977868624e-06, 8.9865272912e-07], "dvar": [1.58037346409e-06, 2.81445181827e-06, 8.61626460846e-07, 2.53504731518e-06, 1.19386157849e-07, 9.75103375822e-08, 1.60301055985e-07, 1.94635759954e-07, 2.52326344707e-07, 8.64057412286e-08, 4.0666513712e-08, 3.6296491146e-08, 2.47222278205e-08, 1.20560921246e-08, 2.03784544794e-08, 3.03543536972e-08, 1.95928340219e-08, 2.41099016307e-08, 1.25307053622e-08, 8.25328871912e-09, 5.82801495952e-09, 3.89581211735e-09, 1.82299841889e-09, 7.27462645678e-10, 4.87227258539e-10, 1.28260096988e-10, 6.68946217863e-11, 6.71923974793e-11, 6.71241881522e-11, 4.23091353619e-11, 5.40706437957e-11, 5.51002438121e-11, 5.58032682563e-11, 3.33701989652e-11, 2.91788121443e-11, 1.95931725705e-11, 9.39191259486e-12, 6.46486900471e-12, 4.56399544893e-12, 2.42146276988e-12], "dvar2": [3.23944459524e-06, 7.39252800486e-06, 2.25926942221e-06, 6.82972722643e-06, 3.1535398648e-07, 2.44799196025e-07, 4.20478386332e-07, 4.22086714025e-07, 5.73079830701e-07, 2.1622726365e-07, 9.44814786408e-08, 8.01979709308e-08, 5.72197933479e-08, 2.69999844704e-08, 4.83576592103e-08, 7.40999652749e-08, 4.51637305332e-08, 5.07953998863e-08, 2.52691148006e-08, 1.76579426636e-08, 1.25726904443e-08, 8.5666211902e-09, 3.84354947869e-09, 1.60198887489e-09, 1.09917719371e-09, 2.91048990464e-10, 1.59302876446e-10, 1.44825304527e-10, 1.4562952233e-10, 8.84762124675e-11, 9.56745793701e-11, 1.02903553734e-10, 1.08202891091e-10, 6.2852667515e-11, 5.80143884321e-11, 3.9441023364e-11, 1.67138490548e-11, 1.18694082341e-11, 8.51759114628e-12, 4.11532960487e-12], "max": [0.0137756280601, 0.0144451949745, 0.00792003236711, 0.0133908987045, 0.0056742602028, 0.00606438471004, 0.00797829031944, 0.0120932497084, 0.0152615616098, 0.0103996852413, 0.00735674984753, 0.00725436257198, 0.00567906070501, 0.0031411733944, 0.00467631360516, 0.00569731229916, 0.00409616762772, 0.00453511392698, 0.0042811864987, 0.00314512033947, 0.00268643791787, 0.00187603407539, 0.00162575847935, 0.000724160810933, 0.000814629951492, 0.000297660095384, 0.00014321305207, 0.000187795085367, 0.000260023662122, 0.0001954571635, 0.000318259524647, 0.000297203718219, 0.000293024088023, 0.000196037086425, 0.000164408033015, 0.000208406607271, 0.000127104722196, 0.000112093424832, 0.000122670346173, 8.11977879493e-05], "mean": [0.000675414863508, 0.000703350873664, 0.000438039656729, 0.000435772148194, 0.000174009881448, 0.00013354550174, 0.000165372926858, 0.000200989903533, 0.000200501221116, 0.000100526718597, 8.67965864018e-05, 0.00010401448526, 9.30737660383e-05, 5.17197731824e-05, 6.1325612478e-05, 5.13684935868e-05, 5.74865371163e-05, 6.98038275004e-05, 5.34512728336e-05, 4.87464603793e-05, 4.62385178253e-05, 3.73977563868e-05, 3.08127127937e-05, 1.7888873117e-05, 1.21969706015e-05, 7.41264284443e-06, 5.75853073315e-06, 6.15374847257e-06, 5.92208971284e-06, 5.02152533954e-06, 5.21876654602e-06, 5.03485671288e-06, 4.632936907e-06, 3.97701069232e-06, 3.7909214825e-06, 2.86531530946e-06, 2.07613447856e-06, 1.7680010842e-06, 1.36189987643e-06, 1.04027049019e-06], "median": [0.000222935006605, 0.00035345077049, 0.000212259677937, 0.000109855121991, 5.78326180403e-05, 3.81438221666e-05, 4.44732831966e-05, 4.04705388064e-05, 3.31872142851e-05, 2.18078639591e-05, 2.16226744669e-05, 2.57589326793e-05, 2.55781360465e-05, 1.27448993226e-05, 1.03309130282e-05, 6.79511458657e-06, 6.46863372822e-06, 8.90457795322e-06, 8.89441162144e-06, 9.35359366849e-06, 7.88477154856e-06, 7.31480713512e-06, 5.83637347518e-06, 3.81892687074e-06, 2.58481145465e-06, 1.85224303095e-06, 1.25680321617e-06, 1.26054123939e-06, 1.32454670165e-06, 1.36197843403e-06, 1.49749826051e-06, 1.28257738652e-06, 1.23304823774e-06, 1.03337629298e-06, 9.30332305416e-07, 7.32488899757e-07, 4.6565583034e-07, 4.15851843627e-07, 3.18603213145e-07, 2.56103561469e-07], "min": [1.52154633513e-24, 3.40112291133e-24, 4.39998845028e-24, 3.11690342693e-24, 1.99818703951e-24, 1.63540637667e-24, 1.98326948257e-24, 1.98613501981e-24, 2.48093323147e-24, 2.90000119066e-24, 1.64130459105e-24, 2.18422745944e-24, 3.15577099816e-24, 3.4267628629e-24, 4.73970666595e-24, 3.74775549283e-24, 3.89825477076e-24, 3.86366558665e-24, 3.83051055167e-24, 3.73484933399e-24, 6.27900385056e-24, 4.5190342662e-24, 5.93676482987e-24, 5.05849324636e-24, 3.8243353485e-24, 5.26218817614e-24, 6.61265335929e-24, 5.43282273425e-24, 5.90628324449e-24, 5.68116679683e-24, 5.71881202809e-24, 6.16477166389e-24, 5.53782761491e-24, 4.69212730931e-24, 4.42752364018e-24, 6.24160789935e-24, 7.09464737238e-24, 5.97354507515e-24, 5.64381265525e-24, 7.21235725235e-24], "var": [2.00874478651e-06, 2.2381391318e-06, 6.5236622504e-07, 1.73600778908e-06, 1.17581748782e-07, 9.80261987138e-08, 1.52114864704e-07, 3.7195431446e-07, 4.87216368583e-07, 1.5136261311e-07, 7.50073780864e-08, 7.34041663009e-08, 7.01061324548e-08, 2.08175539029e-08, 3.28786917692e-08, 3.94273236282e-08, 3.44678809938e-08, 4.31191011785e-08, 2.35286403694e-08, 1.70501781582e-08, 1.22295000793e-08, 7.86556331178e-09, 4.30454383249e-09, 1.65282998399e-09, 8.44195935379e-10, 2.14644954588e-10, 1.2145014161e-10, 1.63700747402e-10, 1.55219323505e-10, 9.58523677097e-11, 1.36039166043e-10, 1.4679196747e-10, 1.33666563928e-10, 8.05345720667e-11, 6.76191602711e-11, 4.0749875696e-11, 2.17378441636e-11, 1.51067647974e-11, 1.05557151561e-11, 7.3447168486e-12]}, "melbands_crest": {"dmean": 3.68530106544, "dmean2": 5.7719836235, "dvar": 12.0806427002, "dvar2": 27.5467185974, "max": 34.4550933838, "mean": 12.6199712753, "median": 11.5371360779, "min": 1.61580586433, "var": 28.8173217773}, "melbands_flatness_db": {"dmean": 0.0288542360067, "dmean2": 0.0426125489175, "dvar": 0.000827534706332, "dvar2": 0.00189492746722, "max": 0.41310480237, "mean": 0.160888418555, "median": 0.15791207552, "min": 0.00331194489263, "var": 0.00398866878822}, "melbands_kurtosis": {"dmean": 6.84494161606, "dmean2": 10.8961448669, "dvar": 216.301132202, "dvar2": 516.677856445, "max": 221.002120972, "mean": 9.41897201538, "median": 3.56287646294, "min": -1.87357854843, "var": 318.661834717}, "melbands_skewness": {"dmean": 0.859470486641, "dmean2": 1.27427387238, "dvar": 1.04157805443, "dvar2": 2.25729107857, "max": 13.0611200333, "mean": 1.95561540127, "median": 1.6118336916, "min": -2.59971642494, "var": 3.10316467285}, "melbands_spread": {"dmean": 12.6926279068, "dmean2": 19.1303920746, "dvar": 290.899139404, "dvar2": 646.08770752, "max": 276.494171143, "mean": 36.7231216431, "median": 29.339384079, "min": 1.51225352287, "var": 856.537353516}, "mfcc": {"cov": [[9465.84765625, -60.9473953247, -282.015411377, 163.449295044, 130.710632324, 90.4389648438, -216.858078003, -68.8962783813, -166.913848877, -33.5940437317, 137.293060303, 13.3081588745, -169.612945557], [-60.9473953247, 1584.87512207, 212.530761719, 81.7993850708, 124.131393433, 71.1354446411, 78.7529830933, 99.7416381836, 79.2178115845, 9.81698322296, 98.7838821411, 46.9637298584, -5.13096666336], [-282.015411377, 212.530761719, 1084.47460938, 190.617645264, 115.725296021, 85.0369720459, 145.671539307, 18.8156147003, 26.4788074493, 8.6553106308, -18.8939247131, 36.1749267578, 46.1732597351], [163.449295044, 81.7993850708, 190.617645264, 489.26461792, 188.127639771, 47.1873664856, -32.9673957825, -24.4388809204, 24.6714992523, -6.97173833847, -25.2445392609, 10.7056159973, 26.1297283173], [130.710632324, 124.131393433, 115.725296021, 188.127639771, 333.611999512, 77.2798080444, -25.5434322357, -17.7023277283, 41.8151435852, 32.940738678, 8.17509746552, 13.3903579712, 10.5259218216], [90.4389648438, 71.1354446411, 85.0369720459, 47.1873664856, 77.2798080444, 171.729522705, 78.5152511597, 8.96725082397, 19.7516403198, 24.191242218, 24.4185657501, 9.31035709381, 4.28977108002], [-216.858078003, 78.7529830933, 145.671539307, -32.9673957825, -25.5434322357, 78.5152511597, 251.108505249, 72.9843826294, 4.24918174744, 28.2752933502, 17.9144554138, 27.4782276154, 13.7316246033], [-68.8962783813, 99.7416381836, 18.8156147003, -24.4388809204, -17.7023277283, 8.96725082397, 72.9843826294, 153.185501099, 58.6124458313, -9.26308917999, 24.4405097961, 14.8423643112, 12.4182815552], [-166.913848877, 79.2178115845, 26.4788074493, 24.6714992523, 41.8151435852, 19.7516403198, 4.24918174744, 58.6124458313, 166.722290039, 49.3490943909, -10.2509393692, 12.1159601212, 14.728515625], [-33.5940437317, 9.81698322296, 8.6553106308, -6.97173833847, 32.940738678, 24.191242218, 28.2752933502, -9.26308917999, 49.3490943909, 122.417266846, 38.5966072083, 1.4828196764, -0.105316504836], [137.293060303, 98.7838821411, -18.8939247131, -25.2445392609, 8.17509746552, 24.4185657501, 17.9144554138, 24.4405097961, -10.2509393692, 38.5966072083, 153.843643188, 41.5911407471, -17.20844841], [13.3081588745, 46.9637298584, 36.1749267578, 10.7056159973, 13.3903579712, 9.31035709381, 27.4782276154, 14.8423643112, 12.1159601212, 1.4828196764, 41.5911407471, 107.055770874, 35.4153709412], [-169.612945557, -5.13096666336, 46.1732597351, 26.1297283173, 10.5259218216, 4.28977108002, 13.7316246033, 12.4182815552, 14.728515625, -0.105316504836, -17.20844841, 35.4153709412, 94.4229888916]], "icov": [[0.000118771844427, 6.57132659398e-06, 2.00949889404e-05, -4.55636472907e-05, -1.10589244287e-05, -0.000135167851113, 0.000158993760124, -0.000104463681055, 0.000174059532583, -5.19333698321e-05, -1.08325148176e-05, -0.000124599377159, 0.000232031947235], [6.57132659398e-06, 0.000730825238861, -0.000100059805845, -3.07426562358e-05, -0.000221700189286, -1.93302694242e-05, -0.000121722252516, -0.00022129919671, -0.000316735357046, 0.00031165452674, -0.000508572091348, -1.12795578389e-05, 0.000142650911584], [2.00949889404e-05, -0.000100059805845, 0.00114899652544, -0.000367616972653, -0.000192062288988, -4.08169362345e-05, -0.000752469291911, 0.000264954112936, -9.08492002054e-05, 0.000159108996741, 0.000137288021506, -8.52759621921e-05, -0.000260272528976], [-4.55636472907e-05, -3.07426562358e-05, -0.000367616972653, 0.00285881129093, -0.00138154812157, -0.000192904044525, 0.000339988531778, 0.000311573880026, -0.000239199813223, 0.000538627034985, 0.000288716430077, 4.20914254562e-08, -0.000532003701665], [-1.10589244287e-05, -0.000221700189286, -0.000192062288988, -0.00138154812157, 0.00461651058868, -0.00186709070113, 0.00119332748, 5.91327079746e-05, -0.000278752151644, -0.00114569917787, 0.000220212663407, -0.000500101363286, 0.000103108279291], [-0.000135167851113, -1.93302694242e-05, -4.08169362345e-05, -0.000192904044525, -0.00186709070113, 0.00860904064029, -0.00356545951217, 0.00178200856317, -0.00159449968487, 0.000906630593818, -0.00178895238787, 0.00128136668354, -0.000626258377451], [0.000158993760124, -0.000121722252516, -0.000752469291911, 0.000339988531778, 0.00119332748, -0.00356545951217, 0.00756682595238, -0.00447888113558, 0.00300564919598, -0.00338321970776, 0.00197290605865, -0.00222873780876, 0.000793339626398], [-0.000104463681055, -0.00022129919671, 0.000264954112936, 0.000311573880026, 5.91327079746e-05, 0.00178200856317, -0.00447888113558, 0.0119134848937, -0.00614770548418, 0.00521624833345, -0.00383390067145, 0.00207682373002, -0.00193141074851], [0.000174059532583, -0.000316735357046, -9.08492002054e-05, -0.000239199813223, -0.000278752151644, -0.00159449968487, 0.00300564919598, -0.00614770548418, 0.0109521523118, -0.00634898943827, 0.00400392943993, -0.00256429542787, 0.000857074744999], [-5.19333698321e-05, 0.00031165452674, 0.000159108996741, 0.000538627034985, -0.00114569917787, 0.000906630593818, -0.00338321970776, 0.00521624833345, -0.00634898943827, 0.013691262342, -0.00544570991769, 0.00313707976602, -0.00157418905292], [-1.08325148176e-05, -0.000508572091348, 0.000137288021506, 0.000288716430077, 0.000220212663407, -0.00178895238787, 0.00197290605865, -0.00383390067145, 0.00400392943993, -0.00544570991769, 0.0110852243379, -0.00555768422782, 0.0035540824756], [-0.000124599377159, -1.12795578389e-05, -8.52759621921e-05, 4.20914254562e-08, -0.000500101363286, 0.00128136668354, -0.00222873780876, 0.00207682373002, -0.00256429542787, 0.00313707976602, -0.00555768422782, 0.0140164671466, -0.00600079679862], [0.000232031947235, 0.000142650911584, -0.000260272528976, -0.000532003701665, 0.000103108279291, -0.000626258377451, 0.000793339626398, -0.00193141074851, 0.000857074744999, -0.00157418905292, 0.0035540824756, -0.00600079679862, 0.0142082972452]], "mean": [-669.735290527, 92.7687072754, -1.67200744152, 12.2049980164, 4.38297748566, 6.92481803894, -7.31636381149, 8.90003013611, 5.26008462906, -0.537854790688, -2.35438895226, 1.51201379299, 1.16579163074]}, "pitch_salience": {"dmean": 0.0818986445665, "dmean2": 0.129663169384, "dvar": 0.00671801669523, "dvar2": 0.0162129811943, "max": 0.887004435062, "mean": 0.575675606728, "median": 0.58343732357, "min": 0.0934807136655, "var": 0.0140092307702}, "silence_rate_20dB": {"dmean": 0, "dmean2": 0, "dvar": 0, "dvar2": 0, "max": 1, "mean": 1, "median": 1, "min": 1, "var": 0}, "silence_rate_30dB": {"dmean": 0, "dmean2": 0, "dvar": 0, "dvar2": 0, "max": 1, "mean": 1, "median": 1, "min": 1, "var": 0}, "silence_rate_60dB": {"dmean": 0.0641517937183, "dmean2": 0.128318086267, "dvar": 0.0600382499397, "dvar2": 0.122932247818, "max": 1, "mean": 0.144551098347, "median": 0, "min": 0, "var": 0.123650692403}, "spectral_centroid": {"dmean": 333.61315918, "dmean2": 498.429840088, "dvar": 168064.671875, "dvar2": 351020.375, "max": 11764.7021484, "mean": 1722.3314209, "median": 1585.22961426, "min": 272.133361816, "var": 927478.625}, "spectral_complexity": {"dmean": 4.39665699005, "dmean2": 6.14119529724, "dvar": 36.4470901489, "dvar2": 61.0412025452, "max": 58, "mean": 14.9900617599, "median": 13, "min": 0, "var": 115.480651855}, "spectral_contrast_coeffs": {"dmean": [0.053415581584, 0.050490539521, 0.0444293804467, 0.0402469225228, 0.0285267941654, 0.0214249212295], "dmean2": [0.0827581807971, 0.0794721916318, 0.0668780431151, 0.0609708614647, 0.0431077927351, 0.0319005995989], "dvar": [0.00280054239556, 0.00201961863786, 0.0014674050035, 0.00128154887352, 0.000774926214945, 0.000422560056904], "dvar2": [0.00612551253289, 0.00475255493075, 0.00312409433536, 0.00271605141461, 0.00156375218648, 0.000858908868395], "max": [-0.271288871765, -0.303637892008, -0.421631664038, -0.424299299717, -0.520728230476, -0.561791956425], "mean": [-0.683580338955, -0.735824108124, -0.744760453701, -0.75801640749, -0.781441926956, -0.773375689983], "median": [-0.693898260593, -0.744736790657, -0.75379383564, -0.773911178112, -0.798924088478, -0.779401957989], "min": [-0.977513551712, -0.974405825138, -0.974677026272, -0.968797326088, -0.965061247349, -0.964272022247], "var": [0.00793505739421, 0.00722808903083, 0.00699921650812, 0.00668229069561, 0.00445728516206, 0.00245692301542]}, "spectral_contrast_valleys": {"dmean": [0.481012612581, 0.4991094172, 0.446484804153, 0.433126062155, 0.366462349892, 0.391006737947], "dmean2": [0.685817182064, 0.76427257061, 0.656728625298, 0.627803742886, 0.512173652649, 0.424911081791], "dvar": [0.293312042952, 0.320193231106, 0.207401305437, 0.215097129345, 0.202691569924, 0.180240213871], "dvar2": [0.488156318665, 0.66099947691, 0.405825555325, 0.399530291557, 0.375714331865, 0.270378381014], "max": [-5.57956790924, -4.51887512207, -5.463971138, -5.74040031433, -5.41543865204, -7.22432851791], "mean": [-7.97609043121, -7.42969989777, -7.93954229355, -8.12361335754, -7.95804738998, -10.0309772491], "median": [-7.48927354813, -7.24172353745, -7.79586935043, -8.00941562653, -7.84750175476, -9.85364246368], "min": [-28.101852417, -27.8665142059, -27.6820240021, -27.6296825409, -27.4584369659, -27.3940143585], "var": [3.22493052483, 2.68968677521, 2.55510544777, 2.58992910385, 2.53032660484, 2.44476437569]}, "spectral_decrease": {"dmean": 2.06015093873e-09, "dmean2": 3.06897773861e-09, "dvar": 1.04986681516e-17, "dvar2": 2.46061747688e-17, "max": 2.13674196937e-22, "mean": -3.91660925914e-09, "median": -2.36487629479e-09, "min": -2.45950424471e-08, "var": 1.66202406086e-17}, "spectral_energy": {"dmean": 0.00844214577228, "dmean2": 0.012314453721, "dvar": 0.000167766775121, "dvar2": 0.000383876846172, "max": 0.101541779935, "mean": 0.0167562551796, "median": 0.0102348811924, "min": 9.91044930341e-21, "var": 0.000291449803626}, "spectral_energyband_high": {"dmean": 0.000603783293627, "dmean2": 0.000726648257114, "dvar": 1.30146520405e-06, "dvar2": 1.84653481483e-06, "max": 0.0278503354639, "mean": 0.00117776019033, "median": 0.000411704182625, "min": 6.94548744458e-21, "var": 4.25219013778e-06}, "spectral_energyband_low": {"dmean": 0.00280436687171, "dmean2": 0.00436136033386, "dvar": 4.20492069679e-05, "dvar2": 9.28581357584e-05, "max": 0.0561395995319, "mean": 0.00401085149497, "median": 0.00196745363064, "min": 2.64759989811e-23, "var": 5.14876446687e-05}, "spectral_energyband_middle_high": {"dmean": 0.00251071061939, "dmean2": 0.00355622917414, "dvar": 1.56767127919e-05, "dvar2": 3.15075194521e-05, "max": 0.0597868151963, "mean": 0.00587558280677, "median": 0.00242391950451, "min": 1.31132451773e-21, "var": 5.88705479458e-05}, "spectral_energyband_middle_low": {"dmean": 0.00459568854421, "dmean2": 0.00758558465168, "dvar": 0.000101554651337, "dvar2": 0.000260265398538, "max": 0.0911045372486, "mean": 0.00610770797357, "median": 0.00284937513061, "min": 1.42705417382e-22, "var": 0.000101170007838}, "spectral_entropy": {"dmean": 0.184487864375, "dmean2": 0.245704218745, "dvar": 0.0309354420751, "dvar2": 0.0547265484929, "max": 9.81800174713, "mean": 7.75806903839, "median": 7.78003931046, "min": 5.9778342247, "var": 0.202918946743}, "spectral_flux": {"dmean": 0.0283379815519, "dmean2": 0.0411012880504, "dvar": 0.00112351833377, "dvar2": 0.00213013705797, "max": 0.281748384237, "mean": 0.0757422819734, "median": 0.0613815002143, "min": 6.58107179863e-11, "var": 0.00300096673891}, "spectral_kurtosis": {"dmean": 1.14359235764, "dmean2": 1.69955468178, "dvar": 1.70725786686, "dvar2": 4.0478105545, "max": 32.6189727783, "mean": 4.00189781189, "median": 3.65691781044, "min": -1.26463663578, "var": 5.91569232941}, "spectral_rms": {"dmean": 0.000900580140296, "dmean2": 0.00121679971926, "dvar": 1.29626107537e-06, "dvar2": 2.59714579443e-06, "max": 0.00995314773172, "mean": 0.00354477809742, "median": 0.00315994466655, "min": 3.10945843726e-12, "var": 3.78210916097e-06}, "spectral_rolloff": {"dmean": 775.918701172, "dmean2": 1223.66931152, "dvar": 1507398.75, "dvar2": 3117707, "max": 19832.0800781, "mean": 2423.73022461, "median": 1830.32226563, "min": 64.599609375, "var": 5365822}, "spectral_skewness": {"dmean": 0.196683317423, "dmean2": 0.283552736044, "dvar": 0.0385069698095, "dvar2": 0.0784172862768, "max": 4.31960439682, "mean": 1.53652942181, "median": 1.53049767017, "min": -0.13755390048, "var": 0.202356681228}, "spectral_spread": {"dmean": 779306.125, "dmean2": 991177.3125, "dvar": 861325688832, "dvar2": 1491457277950.0, "max": 42308732, "mean": 5625964, "median": 5243862, "min": 1850357.375, "var": 7124743094270