{"lowlevel": {"average_loudness": 0.61555147171, "barkbands": {"dmean": [2.03112213057e-05, 0.00199821661226, 0.00181295268703, 0.0019832928665, 0.00200494006276, 0.000635426840745, 0.000374711002223, 0.000635845994111, 0.000518138171174, 0.000241814355832, 0.000129876076244, 0.000234054095927, 0.000244670867687, 0.000303284439724, 0.000143519835547, 7.66159137129e-05, 8.70049916557e-05, 8.61549196998e-05, 9.4252609415e-05, 5.94366247242e-05, 9.94542642729e-05, 8.25685638119e-05, 8.22421279736e-05, 8.61745647853e-05, 2.9756603908e-05, 6.16242459728e-06, 2.06024040494e-07], "dmean2": [3.06892252411e-05, 0.00334789999761, 0.00301221758127, 0.00320395152085, 0.00325924064964, 0.000910860486329, 0.00052439677529, 0.000951180816628, 0.000729280756786, 0.000326320296153, 0.000189981408766, 0.000347065506503, 0.000371654430637, 0.000440541567514, 0.000217736611376, 0.000121211574879, 0.000140377189382, 0.000134249261464, 0.000141765791341, 8.99501610547e-05, 0.000142526900163, 0.000116815434012, 0.000108580774395, 0.000113251328003, 3.95870556531e-05, 8.1460320871e-06, 3.40313846436e-07], "dvar": [1.75066006136e-08, 6.46242915536e-05, 1.55907382577e-05, 1.50998639583e-05, 1.67412308656e-05, 2.1204496079e-06, 2.08039591598e-06, 9.8283016996e-06, 5.60195849175e-06, 7.41379153624e-07, 4.45834672291e-07, 1.27259761484e-06, 1.32806621878e-06, 1.85203668934e-06, 5.98012661612e-07, 7.08252727577e-08, 8.359997139e-08, 1.55265524882e-07, 3.03957165215e-07, 6.19646485234e-08, 3.8154826143e-07, 2.61533813273e-07, 3.37539518114e-07, 4.87006957428e-07, 4.26482067439e-08, 1.89565985131e-09, 7.9937038976e-13], "dvar2": [3.79052842447e-08, 0.000163466058439, 4.27058694186e-05, 4.04147285735e-05, 4.66432720714e-05, 4.59715283796e-06, 3.38769450536e-06, 2.12434460991e-05, 1.15102893687e-05, 1.22292135529e-06, 9.53973426476e-07, 2.64062850874e-06, 2.96155144497e-06, 3.73513466911e-06, 1.26838324377e-06, 1.59171477776e-07, 1.7915733963e-07, 3.16712657877e-07, 6.67802453336e-07, 1.46566804915e-07, 7.31806721888e-07, 4.63296686348e-07, 5.29842850483e-07, 7.5412640399e-07, 7.36532896894e-08, 2.83814394209e-09, 1.96504076032e-12], "max": [0.00226413179189, 0.2221352458, 0.0865260735154, 0.0900826454163, 0.0884586274624, 0.0366385802627, 0.0676588341594, 0.0949100926518, 0.0956148058176, 0.033178973943, 0.0335304997861, 0.0497725829482, 0.0281195435673, 0.039528157562, 0.0396000184119, 0.00973568391055, 0.0125939166173, 0.0173509661108, 0.0438932627439, 0.0093888072297, 0.0336157642305, 0.0222656838596, 0.0272707287222, 0.0463170334697, 0.00934334192425, 0.00262624607421, 4.11221481045e-05], "mean": [1.89441725524e-05, 0.002737067407, 0.00379499443807, 0.0049880775623, 0.00417621433735, 0.00159732403699, 0.000680539873429, 0.00108807848301, 0.0010083168745, 0.000565480673686, 0.000212945058593, 0.000388958200347, 0.000372555921786, 0.00045346506522, 0.000226109579671, 0.000127694191178, 0.000150470616063, 0.000148748542415, 0.000165123507031, 9.80173572316e-05, 0.000161765477969, 0.000139324969496, 0.000133570356411, 0.000135098671308, 4.8616922868e-05, 9.47274475038e-06, 1.89405071183e-07], "median": [4.34043073483e-07, 0.00102037657052, 0.00197730422951, 0.00220856792293, 0.00232866033912, 0.000697089883033, 0.000187599784113, 7.71814084146e-05, 9.14712873055e-05, 6.23800733592e-05, 1.93852574739e-05, 4.41815791419e-05, 4.06538638345e-05, 4.02060977649e-05, 4.12392437283e-05, 3.07030531985e-05, 5.66695562156e-05, 2.48448159255e-05, 2.94496239803e-05, 2.15228501474e-05, 1.84109412658e-05, 1.28122255774e-05, 5.71819646211e-06, 3.47228683495e-06, 1.43274485254e-06, 4.39593691226e-07, 1.07934798876e-08], "min": [1.11791510985e-22, 4.30862384242e-23, 1.06794443181e-23, 1.30923994333e-23, 1.44699272786e-23, 3.90355134065e-23, 3.71966912582e-23, 5.60728452992e-23, 1.64963563274e-22, 6.35086418809e-23, 6.81374315481e-23, 1.08914465843e-22, 5.06498841151e-23, 1.43283242218e-22, 1.04751047312e-22, 1.72559953003e-22, 1.8748876067e-22, 2.10569795772e-22, 2.02453313203e-22, 1.79344194654e-22, 8.79462526819e-22, 5.79849469458e-22, 6.66531272772e-22, 5.87716116622e-22, 9.18398782591e-22, 1.55701543599e-21, 2.51121653824e-21], "var": [1.85885227211e-08, 6.73331451253e-05, 2.84278212348e-05, 5.26423100382e-05, 3.30764560204e-05, 8.72640885063e-06, 5.21056790603e-06, 1.85860135389e-05, 1.60543349921e-05, 4.78073252452e-06, 9.83472773441e-07, 3.09679239763e-06, 2.48022615779e-06, 3.65638038602e-06, 9.28870463213e-07, 1.27830460883e-07, 1.38111957426e-07, 3.37083633895e-07, 4.81570282318e-07, 1.06940468925e-07, 8.50990886647e-07, 5.60976502584e-07, 9.18486136925e-07, 1.24898451759e-06, 1.06439401293e-07, 4.75396655375e-09, 8.80910145176e-13]}, "barkbands_crest": {"dmean": 2.1883893013, "dmean2": 3.59170174599, "dvar": 3.96849632263, "dvar2": 10.8731384277, "max": 26.0443649292, "mean": 11.6460103989, "median": 11.1346235275, "min": 3.13978505135, "var": 14.6035928726}, "barkbands_flatness_db": {"dmean": 0.019594443962, "dmean2": 0.0298728868365, "dvar": 0.000373333197786, "dvar2": 0.000828601710964, "max": 0.460835784674, "mean": 0.206001847982, "median": 0.199183508754, "min": 0.0506079643965, "var": 0.00359503738582}, "barkbands_kurtosis": {"dmean": 5.40736341476, "dmean2": 8.57790756226, "dvar": 71.5959854126, "dvar2": 169.376678467, "max": 213.542251587, "mean": 14.7499065399, "median": 9.39663410187, "min": -1.94279766083, "var": 359.667114258}, "barkbands_skewness": {"dmean": 0.586941540241, "dmean2": 0.902526795864, "dvar": 0.414944440126, "dvar2": 0.913753330708, "max": 12.2637386322, "mean": 2.76015353203, "median": 2.74586820602, "min": -8.08274364471, "var": 2.98358082771}, "barkbands_spread": {"dmean": 3.56991195679, "dmean2": 5.49200487137, "dvar": 46.0509986877, "dvar2": 88.5533981323, "max": 149.635299683, "mean": 12.7351789474, "median": 9.00181388855, "min": 0.340401142836, "var": 191.2265625}, "dissonance": {"dmean": 0.0166238099337, "dmean2": 0.0273280087858, "dvar": 0.000358912744559, "dvar2": 0.000925263739191, "max": 0.5, "mean": 0.456960260868, "median": 0.465814262629, "min": 0.217410892248, "var": 0.00109150784556}, "dynamic_complexity": 5.07120752335, "erbbands": {"dmean": [0.0333893746138, 0.550186157227, 1.89326381683, 4.76189231873, 6.3539557457, 6.96544361115, 5.47841119766, 5.08164310455, 5.47733831406, 6.13340139389, 16.4604549408, 12.6542272568, 6.92005062103, 7.36098146439, 5.47803688049, 9.82004451752, 9.36945533752, 14.7262210846, 10.142621994, 5.25284433365, 4.29280519485, 4.07081460953, 3.95398879051, 5.1064696312, 4.05455064774, 2.73292279243, 3.75759673119, 3.81137466431, 3.11347770691, 2.26145601273, 2.46831798553, 2.10036325455, 1.29205143452, 0.491695761681, 0.137181222439, 0.0432567000389, 0.0079855658114, 0.00082137901336, 3.56003474735e-05, 9.5206351034e-06], "dmean2": [0.0497011840343, 0.959426105022, 3.20766282082, 7.62035799026, 10.4984560013, 11.209733963, 7.95677232742, 7.40286540985, 7.83937168121, 8.8937292099, 24.1306228638, 17.2946166992, 9.41375637054, 10.0947856903, 8.03285598755, 14.5236854553, 13.7317695618, 21.3257789612, 15.1098127365, 7.9968547821, 6.73692464828, 6.44356060028, 6.08551645279, 7.83979606628, 6.07910919189, 4.08930921555, 5.4192404747, 5.3563246727, 4.36356258392, 3.13616490364, 3.24746417999, 2.82550859451, 1.68809890747, 0.665722548962, 0.18504178524, 0.0556074604392, 0.0106149483472, 0.00120994402096, 5.53833124286e-05, 1.40633965202e-05], "dvar": [0.0272130239755, 4.74066829681, 22.662563324, 83.3244781494, 178.498138428, 220.807418823, 123.121101379, 200.121963501, 352.305786133, 929.076477051, 6772.7421875, 3719.01416016, 875.074890137, 725.089111328, 848.890075684, 2062.03320313, 2018.23657227, 4092.65795898, 2862.49682617, 916.046203613, 160.683441162, 251.26109314, 280.720581055, 1498.34008789, 360.602172852, 114.367576599, 429.835388184, 622.878295898, 379.426116943, 218.841369629, 331.985198975, 329.248809814, 98.3901138306, 11.8435840607, 1.09266090393, 0.103720128536, 0.00270735356025, 1.4396876395e-05, 2.0693954994e-08, 3.9919351158e-10], "dvar2": [0.0503611192107, 12.892531395, 62.8342399597, 216.996856689, 487.400726318, 623.655822754, 276.334197998, 440.403015137, 667.710205078, 1612.1784668, 14737.859375, 7448.55029297, 1491.56213379, 1144.96264648, 1863.54284668, 4289.91650391, 4306.81494141, 8143.375, 6354.69042969, 2136.71264648, 341.107574463, 523.7265625, 548.188354492, 3595.80224609, 813.516235352, 262.040771484, 842.229919434, 1202.40905762, 686.35723877, 400.301696777, 520.473571777, 575.512207031, 159.435195923, 20.5982704163, 2.05372452736, 0.157625332475, 0.00426478823647, 2.82347609755e-05, 4.49222348209e-08, 7.89539211787e-10], "max": [2.89039707184, 61.4509391785, 139.281082153, 218.842956543, 384.858825684, 362.454650879, 336.234741211, 416.309448242, 817.697875977, 1134.00439453, 2589.62670898, 2840.09838867, 1254.12805176, 1209.10632324, 1336.56896973, 1736.95349121, 1551.25964355, 2169.93383789, 2190.79492188, 2258.12353516, 456.999389648, 808.792053223, 926.334533691, 3235.79223633, 1086.11242676, 380.397460938, 995.756958008, 1243.58666992, 876.344482422, 613.866210938, 804.354797363, 1288.85827637, 440.242095947, 160.062576294, 47.4317054749, 19.7545909882, 2.32682728767, 0.154962137341, 0.00435292767361, 0.000596773752477], "mean": [0.0485079549253, 0.754138350487, 3.67307686806, 13.4985971451, 12.9438753128, 14.534866333, 13.1426534653, 11.9277982712, 10.824552536, 10.2686376572, 30.0150222778, 24.8615493774, 14.7937049866, 18.4615116119, 10.5996427536, 16.8015232086, 16.5452880859, 24.843667984, 15.7914848328, 9.03060817719, 7.87067890167, 7.4614777565, 7.52637481689, 9.15729141235, 7.23336648941, 4.80368185043, 5.96285390854, 6.24840497971, 5.10864067078, 3.79794120789, 4.00769710541, 3.21614050865, 2.01110029221, 0.793500363827, 0.220987305045, 0.0683083310723, 0.0119451526552, 0.00104865001049, 4.95750100526e-05, 2.99521052511e-05], "median": [0.0144664067775, 0.317989706993, 1.91174840927, 6.66982984543, 7.61094999313, 7.52106571198, 6.67843770981, 4.31888389587, 3.67186784744, 2.14582538605, 2.21075940132, 2.17626333237, 2.01366710663, 2.1915230751, 1.38091230392, 2.15029144287, 2.02944779396, 2.50827884674, 2.45336604118, 1.92026233673, 2.62862348557, 2.82746195793, 1.63331663609, 1.47252106667, 1.61499261856, 1.13059985638, 0.885363221169, 0.549632549286, 0.465432196856, 0.276670366526, 0.162395164371, 0.0889337733388, 0.0498313643038, 0.0200698319823, 0.00768002262339, 0.00285373278894, 0.00062264042208, 7.15023852536e-05, 1.29118134282e-05, 2.10775306186e-05], "min": [1.91410886214e-21, 7.66712901982e-21, 1.73022515795e-20, 3.05789576221e-20, 4.31370198114e-20, 2.54050172076e-20, 1.71284496237e-19, 4.29608141851e-19, 4.40271275428e-19, 5.96322103311e-19, 1.4303788098e-18, 2.45601008087e-18, 4.48302692528e-18, 2.33155041796e-18, 3.1853805151e-18, 4.79662722552e-18, 2.22073385847e-18, 6.84056032705e-18, 6.85171237607e-18, 5.66978295011e-18, 8.08288055517e-18, 8.72233831796e-18, 1.33214509432e-17, 1.21047724869e-17, 8.6462294298e-18, 9.64913298296e-18, 2.65166724706e-17, 3.51727155712e-17, 2.14640067893e-17, 1.51022086747e-17, 1.95896949306e-17, 1.31447866711e-17, 1.1902242277e-17, 1.04330280612e-17, 6.40432926023e-18, 5.06829029589e-18, 3.20982432258e-18, 1.22572512387e-18, 3.52296946669e-19, 3.96753788078e-20], "var": [0.0383417867124, 4.20939683914, 31.7096557617, 350.805023193, 334.097717285, 456.53729248, 380.177337646, 774.356933594, 794.849487305, 1952.8326416, 13201.7646484, 10976.5380859, 2714.24755859, 5894.82568359, 1824.98657227, 5225.57568359, 4382.82519531, 10128.140625, 4278.20361328, 1233.13952637, 353.653503418, 419.659210205, 688.462463379, 1973.40869141, 593.974243164, 222.957733154, 910.856872559, 1430.23815918, 799.860046387, 462.546142578, 898.848999023, 786.844299316, 246.112289429, 29.4926834106, 2.31910204887, 0.261440187693, 0.00667101657018, 3.01692998619e-05, 3.49105100383e-08, 1.33760735821e-09]}, "erbbands_crest": {"dmean": 2.26298165321, "dmean2": 3.57864499092, "dvar": 5.25488424301, "dvar2": 12.8156337738, "max": 31.5027313232, "mean": 10.194606781, "median": 9.18457126617, "min": 2.35081124306, "var": 23.004901886}, "erbbands_flatness_db": {"dmean": 0.0154249183834, "dmean2": 0.0222646445036, "dvar": 0.000255411170656, "dvar2": 0.000520059897099, "max": 0.480915725231, "mean": 0.178762957454, "median": 0.172357186675, "min": 0.0294320266694, "var": 0.00218011718243}, "erbbands_kurtosis": {"dmean": 1.20917642117, "dmean2": 1.87029790878, "dvar": 5.79791498184, "dvar2": 12.8781805038, "max": 89.5991668701, "mean": 1.20023870468, "median": -0.143419072032, "min": -1.91681790352, "var": 20.3844242096}, "erbbands_skewness": {"dmean": 0.378383100033, "dmean2": 0.564426481724, "dvar": 0.1797824651, "dvar2": 0.349953323603, "max": 6.20921516418, "mean": 0.623459815979, "median": 0.637573897839, "min": -7.24047517776, "var": 1.20477616787}, "erbbands_spread": {"dmean": 7.23343324661, "dmean2": 11.0432662964, "dvar": 81.3546142578, "dvar2": 180.761016846, "max": 135.675628662, "mean": 41.180393219, "median": 40.9024772644, "min": 1.46634042263, "var": 355.749267578}, "gfcc": {"cov": [[13191.3125, -1499.63146973, -460.311309814, 308.844329834, -1093.78918457, 277.138397217, -472.307220459, 606.296813965, -389.38394165, 204.520553589, -215.970001221, 62.6929244995, -351.346160889], [-1499.63146973, 1594.82543945, -219.881469727, -246.039077759, 407.742004395, -239.401473999, 211.138275146, -206.79258728, 181.678665161, -177.325942993, 122.302970886, -86.8345870972, 120.116035461], [-460.311309814, -219.881469727, 563.616760254, 139.32673645, -16.4233760834, -3.60374879837, -50.561290741, -32.1328086853, -32.2817306519, 17.6544647217, -52.8692321777, 32.7288398743, 8.86477947235], [308.844329834, -246.039077759, 139.32673645, 484.379333496, 10.5482568741, -38.4917030334, -62.4769706726, -53.3225364685, 4.76409053802, 32.2497940063, -3.33742618561, 23.3890380859, 54.9264793396], [-1093.78918457, 407.742004395, -16.4233760834, 10.5482568741, 375.653625488, -70.9165649414, 40.9861907959, -108.103889465, 65.9838943481, -28.9453811646, 32.7145271301, -1.78869748116, 40.8480033875], [277.138397217, -239.401473999, -3.60374879837, -38.4917030334, -70.9165649414, 223.187255859, 31.7901382446, 35.9745941162, -48.2401123047, 21.3548793793, 1.023619771, -0.101100593805, -35.6818504333], [-472.307220459, 211.138275146, -50.561290741, -62.4769706726, 40.9861907959, 31.7901382446, 212.602050781, 2.78456020355, 13.4165153503, -38.8537902832, 34.3210868835, 1.30169212818, 5.96081542969], [606.296813965, -206.79258728, -32.1328086853, -53.3225364685, -108.103889465, 35.9745941162, 2.78456020355, 197.818649292, 8.7732257843, 25.69190979, -28.0316448212, 8.52610969543, -31.050661087], [-389.38394165, 181.678665161, -32.2817306519, 4.76409053802, 65.9838943481, -48.2401123047, 13.4165153503, 8.7732257843, 121.421722412, 7.55251121521, 12.0761270523, -14.2050819397, 26.6148452759], [204.520553589, -177.325942993, 17.6544647217, 32.2497940063, -28.9453811646, 21.3548793793, -38.8537902832, 25.69190979, 7.55251121521, 111.313079834, 16.4786529541, 29.3579826355, -16.0059185028], [-215.970001221, 122.302970886, -52.8692321777, -3.33742618561, 32.7145271301, 1.023619771, 34.3210868835, -28.0316448212, 12.0761270523, 16.4786529541, 95.4591903687, 20.9531898499, 14.0569410324], [62.6929244995, -86.8345870972, 32.7288398743, 23.3890380859, -1.78869748116, -0.101100593805, 1.30169212818, 8.52610969543, -14.2050819397, 29.3579826355, 20.9531898499, 101.690315247, 15.5798101425], [-351.346160889, 120.116035461, 8.86477947235, 54.9264793396, 40.8480033875, -35.6818504333, 5.96081542969, -31.050661087, 26.6148452759, -16.0059185028, 14.0569410324, 15.5798101425, 91.388343811]], "icov": [[0.000192435298231, -0.000363852508599, 0.000254559417954, -0.000453279906651, 0.000461155694211, -0.000259416789049, 0.00048386506387, -0.000556300336029, 0.000653344031889, -0.000289811840048, 0.000485542754177, -0.000389297492802, 0.000688462809194], [-0.000363852508599, 0.0032566243317, -0.000317347876262, 0.00222205254249, -0.0019568412099, 0.0022510595154, -0.00220685056411, 0.00244667963125, -0.00317902280949, 0.00267230463214, -0.00307617429644, 0.00222955667414, -0.00276817800477], [0.000254559417954, -0.000317347876262, 0.00248868414201, -0.00100274628494, 0.000574625504669, -0.00027503061574, 0.000606330810115, -0.000134327536216, 0.00103105057497, -0.000560452986974, 0.00198757369071, -0.00121277570724, 0.000810228346381], [-0.000453279906651, 0.00222205254249, -0.00100274628494, 0.00435641687363, -0.00154233246576, 0.00172487879172, -0.0013917273609, 0.00258535589091, -0.00251373113133, 0.000933079922106, -0.00214422727004, 0.00169449066743, -0.00391577417031], [0.000461155694211, -0.0019568412099, 0.000574625504669, -0.00154233246576, 0.00537910172716, -0.000879045808688, 0.00116785219871, 0.000128745057737, 0.000366951164324, -0.00110309675802, 0.00187312066555, -0.00207093101926, 0.00220105657354], [-0.000259416789049, 0.0022510595154, -0.00027503061574, 0.00172487879172, -0.000879045808688, 0.0072434018366, -0.00283995037898, 0.00116190162953, -2.93617067655e-05, 0.000321114435792, -0.00236091809347, 0.0022663786076, -0.00112341099884], [0.00048386506387, -0.00220685056411, 0.000606330810115, -0.0013917273609, 0.00116785219871, -0.00283995037898, 0.00798330456018, -0.00275190803222, 0.00173572660424, 0.00105376390275, -0.000101066871139, -0.0023425319232, 0.0025458666496], [-0.000556300336029, 0.00244667963125, -0.000134327536216, 0.00258535589091, 0.000128745057737, 0.00116190162953, -0.00275190803222, 0.00980452354997, -0.00532645313069, 0.000854260695633, 9.55705982051e-05, 0.000294254190521, -0.00135252147447], [0.000653344031889, -0.00317902280949, 0.00103105057497, -0.00251373113133, 0.000366951164324, -2.93617067655e-05, 0.00173572660424, -0.00532645313069, 0.0156246712431, -0.00540482532233, 0.00250610522926, 0.000788518111221, -1.43538391058e-05], [-0.000289811840048, 0.00267230463214, -0.000560452986974, 0.000933079922106, -0.00110309675802, 0.000321114435792, 0.00105376390275, 0.000854260695633, -0.00540482532233, 0.0152942696586, -0.00583876576275, -0.00182428909466, 0.00116877700202], [0.000485542754177, -0.00307617429644, 0.00198757369071, -0.00214422727004, 0.00187312066555, -0.00236091809347, -0.000101066871139, 9.55705982051e-05, 0.00250610522926, -0.00583876576275, 0.0175039153546, -0.0048758960329, 0.00167221878655], [-0.000389297492802, 0.00222955667414, -0.00121277570724, 0.00169449066743, -0.00207093101926, 0.0022663786076, -0.0023425319232, 0.000294254190521, 0.000788518111221, -0.00182428909466, -0.0048758960329, 0.0144373290241, -0.00552498595789], [0.000688462809194, -0.00276817800477, 0.000810228346381, -0.00391577417031, 0.00220105657354, -0.00112341099884, 0.0025458666496, -0.00135252147447, -1.43538391058e-05, 0.00116877700202, 0.00167221878655, -0.00552498595789, 0.0183478929102]], "mean": [-77.8342895508, 128.798248291, -107.641746521, 48.0660476685, -51.3399391174, 8.35091876984, -37.8298988342, -6.60784578323, -24.4242744446, -8.36937618256, -16.3051834106, -10.0959978104, -9.72919178009]}, "hfc": {"dmean": 4.79421949387, "dmean2": 6.49362659454, "dvar": 269.473846436, "dvar2": 422.539031982, "max": 653.445922852, "mean": 13.6675462723, "median": 5.89044713974, "min": 1.14285457187e-16, "var": 921.091064453}, "melbands": {"dmean": [0.000425090896897, 0.000899032165762, 0.000798511609901, 0.000517870706972, 0.000187541430932, 0.000112728412205, 8.38806590764e-05, 7.53480271669e-05, 0.000137895622174, 7.26506768842e-05, 3.42929597537e-05, 3.13826421916e-05, 1.87291170732e-05, 2.52836834989e-05, 2.29236102314e-05, 2.65653234237e-05, 2.71041026281e-05, 1.8499300495e-05, 9.24318555917e-06, 5.89253022554e-06, 5.58052170163e-06, 4.90007141707e-06, 3.2998500501e-06, 5.21406263942e-06, 4.39451105194e-06, 3.31514047502e-06, 2.47592083724e-06, 1.76662103968e-06, 2.21420395974e-06, 2.7503608635e-06, 2.15262207348e-06, 1.86762406429e-06, 1.57542456236e-06, 1.21373250295e-06, 1.39822270739e-06, 1.59617809459e-06, 1.23641723349e-06, 1.00063402897e-06, 6.94140339874e-07, 3.43709672279e-07], "dmean2": [0.000674611073919, 0.00153545546345, 0.00128412980121, 0.000845533737447, 0.000280152860796, 0.000163562595844, 0.000118178242701, 0.000110564280476, 0.000199688482098, 9.93816574919e-05, 4.65976117994e-05, 4.29403480666e-05, 2.70771433861e-05, 3.72312242689e-05, 3.39383950632e-05, 3.96372197429e-05, 3.93390073441e-05, 2.77221352007e-05, 1.37759270729e-05, 9.30276019062e-06, 8.92831758392e-06, 7.86741475167e-06, 5.25846826349e-06, 8.12149755802e-06, 6.7703044806e-06, 5.0086759984e-06, 3.78337108486e-06, 2.7019054869e-06, 3.32802164849e-06, 4.01856959797e-06, 3.07321761284e-06, 2.69203314929e-06, 2.28123190027e-06, 1.73642001755e-06, 1.88079422969e-06, 2.12374061448e-06, 1.68191365901e-06, 1.32248817408e-06, 9.60756324275e-07, 4.78432866657e-07], "dvar": [3.33309935741e-06, 6.83059852236e-06, 2.23074471251e-06, 1.14941758511e-06, 1.34266301188e-07, 8.80123494085e-08, 8.01067372436e-08, 1.22430947158e-07, 4.38092627064e-07, 1.1984990067e-07, 2.1766490832e-08, 1.29860620035e-08, 9.60214396883e-09, 1.74717076362e-08, 1.21001111353e-08, 1.48166430236e-08, 1.36313156318e-08, 1.13716822625e-08, 3.23550186643e-09, 5.49267964445e-10, 2.43495945629e-10, 3.4670383231e-10, 1.16920903515e-10, 7.34133531743e-10, 1.36123001759e-09, 1.97524219203e-10, 1.48182410786e-10, 4.89188238528e-11, 1.47071937961e-10, 3.24526044926e-10, 2.0408751078e-10, 1.35076463903e-10, 1.03540648277e-10, 6.84391501804e-11, 1.00297777028e-10, 1.78603146161e-10, 1.17433410218e-10, 6.30393237611e-11, 2.54008671735e-11, 5.56299320845e-12], "dvar2": [7.58244550525e-06, 1.87688619917e-05, 5.88940747548e-06, 3.24685129272e-06, 3.09450996383e-07, 1.91693544593e-07, 1.47607920553e-07, 2.33722047938e-07, 9.42297106121e-07, 2.37642311163e-07, 3.6203889664e-08, 2.05056256419e-08, 2.09920827388e-08, 3.51629196871e-08, 2.47097684536e-08, 3.37583152543e-08, 2.65056794291e-08, 2.62862034361e-08, 7.07579594916e-09, 1.26004850998e-09, 5.44311262729e-10, 7.32727045705e-10, 2.58350868476e-10, 1.45924428097e-09, 3.3349298878e-09, 4.01122524085e-10, 3.64943769648e-10, 1.13542154845e-10, 3.07722042292e-10, 6.59196419672e-10, 4.05323635766e-10, 2.57380644575e-10, 1.85932436114e-10, 1.37300379399e-10, 1.6268925096e-10, 3.3128363941e-10, 2.10226697162e-10, 1.06410040501e-10, 4.69449028262e-11, 1.03840321758e-11], "max": [0.0433058217168, 0.0808256566525, 0.0319233722985, 0.0234593022615, 0.0108904512599, 0.00801793206483, 0.012256433256, 0.0115611618385, 0.0196231864393, 0.0159999821335, 0.00603296048939, 0.00513407355174, 0.0054332264699, 0.00751413917169, 0.0040825875476, 0.00297739496455, 0.00377108459361, 0.00331187970005, 0.00375275104307, 0.00109206081834, 0.00047400596668, 0.00085438194219, 0.000471126521006, 0.00136305461638, 0.00309208710678, 0.000718416296877, 0.000614819815382, 0.000210903192055, 0.000500819529407, 0.00091825373238, 0.000645475345664, 0.00048760289792, 0.000436592003098, 0.000338923739037, 0.000444748817245, 0.000816878513433, 0.000704667298123, 0.000350997404894, 0.000218484274228, 9.97537790681e-05], "mean": [0.000609532638919, 0.00162215938326, 0.00217502773739, 0.00105517671909, 0.000457004556665, 0.000268274190603, 0.000164250566741, 0.000122219396872, 0.000255065126112, 0.000140678574098, 7.08531515556e-05, 7.77092209319e-05, 3.35033728334e-05, 4.36503432866e-05, 3.57768876711e-05, 4.37972630607e-05, 4.43787102995e-05, 2.62091070908e-05, 1.48428443936e-05, 9.5634304671e-06, 9.51866604737e-06, 8.19632168714e-06, 5.71856344322e-06, 8.68117967912e-06, 7.27210817786e-06, 5.75479862164e-06, 4.04344336857e-06, 2.89995114144e-06, 3.36279208568e-06, 4.18535364588e-06, 3.42268936038e-06, 2.90030743599e-06, 2.56441148849e-06, 1.90324499272e-06, 2.21369737119e-06, 2.3907546165e-06, 1.81632572094e-06, 1.49725838128e-06, 1.06399863853e-06, 5.32438207301e-07], "median": [0.000214740983211, 0.000867057067808, 0.00121650786605, 0.000566631380934, 0.000252803001786, 0.000103573023807, 5.33336424269e-05, 2.03867239179e-05, 1.74974484253e-05, 1.25337874124e-05, 8.98773123481e-06, 8.4309185695e-06, 3.61726415576e-06, 5.33717002327e-06, 4.22850098403e-06, 4.7600265134e-06, 4.12038389186e-06, 3.41876148013e-06, 2.81068992081e-06, 2.13574799091e-06, 3.22060054714e-06, 2.96941038869e-06, 1.37342738071e-06, 1.32124876018e-06, 9.552567235e-07, 1.08726771941e-06, 9.56175085776e-07, 6.01228578034e-07, 5.19525713116e-07, 4.34441631114e-07, 2.24265050974e-07, 2.50972675531e-07, 1.90711489267e-07, 1.0586466459e-07, 9.19751030892e-08, 6.39343369357e-08, 4.63421017116e-08, 3.42506751849e-08, 2.40772948246e-08, 1.33133903901e-08], "min": [2.09464342897e-23, 1.02509516405e-23, 5.77360117897e-24, 1.95408084022e-24, 5.38296830276e-24, 8.73028340617e-24, 6.86683380928e-24, 7.1080209313e-24, 1.02595731013e-23, 2.08456494205e-23, 2.23878156922e-23, 8.4831064633e-24, 9.58624639772e-24, 1.3558027738e-23, 6.03414615875e-24, 6.49723985341e-24, 1.38724803166e-23, 1.08640709021e-23, 7.99772429262e-24, 1.28707823726e-23, 7.96781936456e-24, 7.69154292062e-24, 1.34965139423e-23, 1.10030950149e-23, 9.93914332367e-24, 7.54286630581e-24, 5.57912921646e-24, 5.45826980933e-24, 1.40688341068e-23, 2.17894536515e-23, 1.82814018278e-23, 1.04189616584e-23, 1.32070075122e-23, 7.07185008108e-24, 1.1029046961e-23, 1.08283370808e-23, 7.53536976063e-24, 7.87317183316e-24, 9.39207301906e-24, 7.86322824145e-24], "var": [4.04508273277e-06, 7.6645255831e-06, 7.9643286881e-06, 2.23043593905e-06, 4.02993578064e-07, 3.48838312902e-07, 1.89253157146e-07, 2.37356871935e-07, 8.93101059773e-07, 3.55030209676e-07, 6.9549216164e-08, 1.09834914497e-07, 2.22693739005e-08, 4.21925356875e-08, 2.70726481233e-08, 2.98137408095e-08, 3.34934711077e-08, 1.56396229301e-08, 4.62045290917e-09, 9.31080601507e-10, 4.92528184903e-10, 5.44115030809e-10, 2.27679597398e-10, 1.51826262673e-09, 1.59019375445e-09, 4.09286687875e-10, 1.88722329431e-10, 9.73697164564e-11, 2.82989964795e-10, 6.32744301399e-10, 4.55495807739e-10, 2.67402350262e-10, 2.05578401524e-10, 1.29106142444e-10, 2.59606391939e-10, 4.25223106726e-10, 2.65146737899e-10, 1.47763981606e-10, 5.98137372965e-11, 1.27251299775e-11]}, "melbands_crest": {"dmean": 2.78478360176, "dmean2": 4.54767799377, "dvar": 6.3130903244, "dvar2": 17.157995224, "max": 33.6173057556, "mean": 16.9513435364, "median": 16.2223987579, "min": 2.14080166817, "var": 29.892911911}, "melbands_flatness_db": {"dmean": 0.022184252739, "dmean2": 0.0337322093546, "dvar": 0.000532091071364, "dvar2": 0.00109609018546, "max": 0.548565208912, "mean": 0.274384707212, "median": 0.273192763329, "min": 0.00730422744527, "var": 0.0055221519433}, "melbands_kurtosis": {"dmean": 11.514837265, "dmean2": 18.2055606842, "dvar": 295.441375732, "dvar2": 717.010192871, "max": 451.705566406, "mean": 33.8227005005, "median": 24.3823947906, "min": -1.90061461926, "var": 1396.43444824}, "melbands_skewness": {"dmean": 0.778978645802, "dmean2": 1.19788336754, "dvar": 0.702575206757, "dvar2": 1.63019907475, "max": 16.4470405579, "mean": 4.06852006912, "median": 4.01971340179, "min": -3.96495294571, "var": 4.61236429214}, "melbands_spread": {"dmean": 4.48889350891, "dmean2": 6.51163721085, "dvar": 146.092803955, "dvar2": 224.099990845, "max": 249.840560913, "mean": 13.7478780746, "median": 7.48051834106, "min": 0.360588014126, "var": 562.113708496}, "mfcc": {"cov": [[10132.2714844, -854.527648926, -294.271240234, -48.7961921692, -464.334594727, -394.655303955, -130.627380371, 130.590454102, -161.280044556, 159.309921265, 137.67086792, -124.639022827, -40.8044319153], [-854.527648926, 1541.47998047, -304.20993042, 12.2532787323, 44.7764625549, -12.3149442673, -9.40487384796, 36.7435150146, 13.2327022552, -34.1430549622, -1.25966262817, -16.0757408142, 24.9744377136], [-294.271240234, -304.20993042, 499.092010498, 48.3375663757, 6.1047744751, 39.8156509399, 1.79041445255, -28.0663871765, 20.0777130127, -24.1029987335, -51.2489776611, 32.8989562988, -4.93147230148], [-48.7961921692, 12.2532787323, 48.3375663757, 465.018768311, 90.0809783936, 37.9773521423, -74.2652206421, -46.5858421326, 20.5387592316, -29.9167137146, -95.4047317505, 37.9255638123, 34.1128807068], [-464.334594727, 44.7764625549, 6.1047744751, 90.0809783936, 256.90057373, 61.7246437073, -43.1480140686, -55.9346466064, 4.66227626801, 1.17294740677, -26.8898334503, 1.02069592476, -1.77431380749], [-394.655303955, -12.3149442673, 39.8156509399, 37.9773521423, 61.7246437073, 190.326400757, 48.5788841248, -20.4493122101, -20.9435443878, -28.0375938416, -15.0989093781, 19.0289058685, -8.28684425354], [-130.627380371, -9.40487384796, 1.79041445255, -74.2652206421, -43.1480140686, 48.5788841248, 155.116348267, 50.1610984802, -13.3830299377, -2.87490296364, 18.3526115417, 3.51212286949, -5.24368572235], [130.590454102, 36.7435150146, -28.0663871765, -46.5858421326, -55.9346466064, -20.4493122101, 50.1610984802, 123.400993347, 26.7108802795, 7.88813638687, 14.6402835846, -2.83136057854, 0.474994033575], [-161.280044556, 13.2327022552, 20.0777130127, 20.5387592316, 4.66227626801, -20.9435443878, -13.3830299377, 26.7108802795, 107.021202087, 24.8838386536, -13.1132249832, 6.45976924896, 2.94285273552], [159.309921265, -34.1430549622, -24.1029987335, -29.9167137146, 1.17294740677, -28.0375938416, -2.87490296364, 7.88813638687, 24.8838386536, 94.5556030273, 34.9620552063, -13.3660430908, -2.64577722549], [137.67086792, -1.25966262817, -51.2489776611, -95.4047317505, -26.8898334503, -15.0989093781, 18.3526115417, 14.6402835846, -13.1132249832, 34.9620552063, 112.209388733, 1.93098580837, -15.5359363556], [-124.639022827, -16.0757408142, 32.8989562988, 37.9255638123, 1.02069592476, 19.0289058685, 3.51212286949, -2.83136057854, 6.45976924896, -13.3660430908, 1.93098580837, 94.3817977905, 25.3594398499], [-40.8044319153, 24.9744377136, -4.93147230148, 34.1128807068, -1.77431380749, -8.28684425354, -5.24368572235, 0.474994033575, 2.94285273552, -2.64577722549, -15.5359363556, 25.3594398499, 77.609703064]], "icov": [[0.000138656207127, 8.7971391622e-05, 8.64681351231e-05, -8.5291423602e-05, 0.000205870601349, 0.000157738977578, 0.000177920650458, -0.000191334154806, 0.000327139045112, -0.000203529009013, -2.59489879681e-05, 8.64703615662e-05, 6.95246417308e-05], [8.7971391622e-05, 0.000828456657473, 0.000540511740837, -5.55512087885e-05, -5.41968875041e-05, 0.000106800369394, 0.000140275238664, -0.000309644819936, -3.70302623196e-05, 0.000371457688743, -2.85086571239e-05, 0.000160977564519, -0.000184281234397], [8.64681351231e-05, 0.000540511740837, 0.00260895979591, -5.81671110922e-06, 0.000244343158556, -0.000193735846551, -4.65224766231e-05, 0.000384898652555, -0.000486615666887, 0.000283273489913, 0.00101151666604, -0.00072959123645, 0.000488256657263], [-8.5291423602e-05, -5.55512087885e-05, -5.81671110922e-06, 0.00311417365447, -0.000614019052591, -0.00062045478262, 0.00106571859214, 0.000269928568741, -0.000412754103309, 6.98793373886e-05, 0.00217710062861, -0.00112014974002, -0.000586225592997], [0.000205870601349, -5.41968875041e-05, 0.000244343158556, -0.000614019052591, 0.00545582408085, -0.00167443905957, 0.00143108260818, 0.00127253110986, -1.3436275367e-05, -0.00121552136261, 0.000438062241301, 0.000411253713537, 0.000358321383828], [0.000157738977578, 0.000106800369394, -0.000193735846551, -0.00062045478262, -0.00167443905957, 0.00768130877987, -0.00317551754415, 0.00096479995409, 0.00109664502088, 0.00117743574083, 0.000171950217918, -0.00109040702228, 0.00125968654174], [0.000177920650458, 0.000140275238664, -4.65224766231e-05, 0.00106571859214, 0.00143108260818, -0.00317551754415, 0.00999907031655, -0.00412478903309, 0.00182437500916, -0.000719993549865, -8.05342569947e-05, -0.000232671387494, -6.2320381403e-05], [-0.000191334154806, -0.000309644819936, 0.000384898652555, 0.000269928568741, 0.00127253110986, 0.00096479995409, -0.00412478903309, 0.011888820678, -0.0039966898039, 0.000840770313516, -0.000584478781093, 0.000247646443313, -0.000332196068484], [0.000327139045112, -3.70302623196e-05, -0.000486615666887, -0.000412754103309, -1.3436275367e-05, 0.00109664502088, 0.00182437500916, -0.0039966898039, 0.0128912590444, -0.00460085691884, 0.00248763361014, -0.00148384424392, 0.000936094671488], [-0.000203529009013, 0.000371457688743, 0.000283273489913, 6.98793373886e-05, -0.00121552136261, 0.00117743574083, -0.000719993549865, 0.000840770313516, -0.00460085691884, 0.0147941038013, -0.00504951551557, 0.00235733878799, -0.00129740382545], [-2.59489879681e-05, -2.85086571239e-05, 0.00101151666604, 0.00217710062861, 0.000438062241301, 0.000171950217918, -8.05342569947e-05, -0.000584478781093, 0.00248763361014, -0.00504951551557, 0.0137620903552, -0.00320333056152, 0.00266452203505], [8.64703615662e-05, 0.000160977564519, -0.00072959123645, -0.00112014974002, 0.000411253713537, -0.00109040702228, -0.000232671387494, 0.000247646443313, -0.00148384424392, 0.00235733878799, -0.00320333056152, 0.0134011274204, -0.00456812093034], [6.95246417308e-05, -0.000184281234397, 0.000488256657263, -0.000586225592997, 0.000358321383828, 0.00125968654174, -6.2320381403e-05, -0.000332196068484, 0.000936094671488, -0.00129740382545, 0.00266452203505, -0.00456812093034, 0.0153563776985]], "mean": [-716.22668457, 144.025848389, 10.264175415, 37.9075202942, 10.2015333176, 13.373544693, -1.09268581867, 0.0962999910116, -4.6599354744, -1.88309454918, -4.20862293243, -4.57019615173, -6.51204109192]}, "pitch_salience": {"dmean": 0.0620173104107, "dmean2": 0.100657366216, "dvar": 0.00333873135969, "dvar2": 0.00877432525158, "max": 0.989238977432, "mean": 0.533461034298, "median": 0.546082735062, "min": 0.0755896940827, "var": 0.0149521175772}, "silence_rate_20dB": {"dmean": 0, "dmean2": 0, "dvar": 0, "dvar2": 0, "max": 1, "mean": 1, "median": 1, "min": 1, "var": 0}, "silence_rate_30dB": {"dmean": 0.0124773960561, "dmean2": 0.0249570477754, "dvar": 0.0123206526041, "dvar2": 0.0283108912408, "max": 1, "mean": 0.987794935703, "median": 1, "min": 0, "var": 0.0120573649183}, "silence_rate_60dB": {"dmean": 0.0278481021523, "dmean2": 0.0557012371719, "dvar": 0.027069978416, "dvar2": 0.0591172203422, "max": 1, "mean": 0.166711866856, "median": 0, "min": 0, "var": 0.138944625854}, "spectral_centroid": {"dmean": 166.606506348, "dmean2": 241.116912842, "dvar": 90116.7109375, "dvar2": 135998.34375, "max": 11029.4208984, "mean": 813.414245605, "median": 615.504882813, "min": 150.522018433, "var": 492111.9375}, "spectral_complexity": {"dmean": 1.96491861343, "dmean2": 3.0999186039, "dvar": 7.16893768311, "dvar2": 15.4085788727, "max": 51, "mean": 10.814031601, "median": 9, "min": 0, "var": 55.295463562}, "spectral_contrast_coeffs": {"dmean": [0.0431219041348, 0.0393672958016, 0.032947730273, 0.0283537879586, 0.0207245759666, 0.016929032281], "dmean2": [0.0727595612407, 0.0614061616361, 0.0514814965427, 0.0449336431921, 0.0327979400754, 0.0267555937171], "dvar": [0.00128929596394, 0.00121211959049, 0.000859180290718, 0.000639735138975, 0.000321613246342, 0.000237510612351], "dvar2": [0.00362229906023, 0.00280230632052, 0.00186343374662, 0.00141928333323, 0.00072022434324, 0.000547470815945], "max": [-0.276825875044, -0.384143084288, -0.410969227552, -0.505012571812, -0.574877023697, -0.543737709522], "mean": [-0.594753563404, -0.708077669144, -0.764825165272, -0.780823290348, -0.795346915722, -0.751604020596], "median": [-0.595210313797, -0.714534282684, -0.776026546955, -0.788141071796, -0.798393368721, -0.752429068089], "min": [-0.963258743286, -0.984585165977, -0.989843726158, -0.965412259102, -0.960104763508, -0.957119703293], "var": [0.00647200876847, 0.00620066793635, 0.00604259222746, 0.00410472275689, 0.00253326073289, 0.00192206481006]}, "spectral_contrast_valleys": {"dmean": [0.367603003979, 0.300336182117, 0.283373683691, 0.234527021646, 0.199988543987, 0.292228013277], "dmean2": [0.621490180492, 0.48145070672, 0.452846705914, 0.37401163578, 0.300418138504, 0.376915067434], "dvar": [0.103137888014, 0.0727437660098, 0.0694058835506, 0.053317066282, 0.052532620728, 0.12228807807], "dvar2": [0.263711988926, 0.159302026033, 0.148001223803, 0.106160707772, 0.0922953262925, 0.187316372991], "max": [-4.93423461914, -4.90951442719, -5.63603067398, -5.88944530487, -5.13427448273, -6.65961647034], "mean": [-7.39059448242, -7.45297193527, -8.2760925293, -8.55697059631, -8.43729305267, -11.3606367111], "median": [-7.16806125641, -7.23869132996, -8.20732212067, -8.45900726318, -8.24215888977, -11.3387508392], "min": [-27.4459438324, -27.4634342194, -27.1842193604, -27.6252975464, -27.2603721619, -27.331237793], "var": [1.19593834877, 1.25726211071, 1.15809309483, 1.05192291737, 1.28873300552, 2.07024145126]}, "spectral_decrease": {"dmean": 1.81930381871e-09, "dmean2": 2.77774248048e-09, "dvar": 1.29769806761e-17, "dvar2": 2.95729840656e-17, "max": -2.63910962688e-29, "mean": -5.93165871976e-09, "median": -4.54630066926e-09, "min": -9.8030241702e-08, "var": 3.76211337884e-17}, "spectral_energy": {"dmean": 0.00719136651605, "dmean2": 0.0109260287136, "dvar": 0.000195096916286, "dvar2": 0.000445207435405, "max": 0.376211851835, "mean": 0.023627107963, "median": 0.0180176924914, "min": 1.04656393596e-20, "var": 0.000589802803006}, "spectral_energyband_high": {"dmean": 0.000359611585736, "dmean2": 0.000458174181404, "dvar": 4.49508479505e-06, "dvar2": 6.24413678452e-06, "max": 0.0822840407491, "mean": 0.00067635497544, "median": 6.22965017101e-05, "min": 7.62220600397e-21, "var": 1.40002393891e-05}, "spectral_energyband_low": {"dmean": 0.00416803080589, "dmean2": 0.00675750570372, "dvar": 0.000118324169307, "dvar2": 0.000291541306069, "max": 0.310971796513, "mean": 0.0100969430059, "median": 0.00603849440813, "min": 1.16719253691e-22, "var": 0.000207136938116}, "spectral_energyband_middle_high": {"dmean": 0.00102903041989, "dmean2": 0.00145269290078, "dvar": 9.03192085389e-06, "dvar2": 1.83630563697e-05, "max": 0.0758333802223, "mean": 0.00280450982973, "median": 0.000676307361573, "min": 1.40565410664e-21, "var": 4.18142335548e-05}, "spectral_energyband_middle_low": {"dmean": 0.00437645008788, "dmean2": 0.00673424499109, "dvar": 5.59647196496e-05, "dvar2": 0.000135226655402, "max": 0.147869467735, "mean": 0.0136396698654, "median": 0.00974122434855, "min": 3.52678455656e-22, "var": 0.000190307080629}, "spectral_entropy": {"dmean": 0.157780528069, "dmean2": 0.232634872198, "dvar": 0.0284375119954, "dvar2": 0.055295329541, "max": 9.77841567993, "mean": 7.05810451508, "median": 7.11625337601, "min": 4.78415393829, "var": 0.279408663511}, "spectral_flux": {"dmean": 0.0178546551615, "dmean2": 0.0276745185256, "dvar": 0.000594170182012, "dvar2": 0.00126520101912, "max": 0.446496725082, "mean": 0.0580389983952, "median": 0.0454389639199, "min": 1.02301708771e-10, "var": 0.00238445331343}, "spectral_kurtosis": {"dmean": 2.41417336464, "dmean2": 4.08332872391, "dvar": 11.0678815842, "dvar2": 29.1866836548, "max": 78.0587158203, "mean": 6.15628194809, "median": 4.64586782455, "min": -1.21811187267, "var": 37.1867446899}, "spectral_rms": {"dmean": 0.00062746880576, "dmean2": 0.000940831494518, "dvar": 6.73803583595e-07, "dvar2": 1.46301522364e-06, "max": 0.0191581826657, "mean": 0.00421667518094, "median": 0.00419264100492, "min": 3.195368449e-12, "var": 5.2704663176e-06}, "spectral_rolloff": {"dmean": 248.616210938, "dmean2": 405.636993408, "dvar": 548599.5625, "dvar2": 996749.6875, "max": 19013.8183594, "mean": 811.305114746, "median": 344.53125, "min": 86.1328125, "var": 2224967}, "spectral_skewness": {"dmean": 0.260778993368, "dmean2": 0.418193101883, "dvar": 0.0756219252944, "dvar2": 0.183641806245, "max": 6.47534608841, "mean": 1.75215899944, "median": 1.65446436405, "min": -0.253024250269, "var": 0.460062026978}, "spectral_spread": {"dmean": 390361.8125, "dmean2": 573596.625, "dvar": 309101133824, "dvar2": 508645638144, "max": 40337524, "mean": 3874526, "media