{"lowlevel": {"average_loudness": 0.831457734108, "barkbands": {"dmean": [0.000575637852307, 0.00226139766164, 0.0011848002905, 0.000993869383819, 0.000870610994752, 0.00218273652717, 0.00160622980911, 0.00169756123796, 0.00117283232976, 0.000484763208078, 0.000269326963462, 0.000243558650254, 0.000200738155399, 0.000119203519716, 0.000148463484948, 0.000102270423668, 9.3611459306e-05, 6.94163536537e-05, 3.8932877942e-05, 1.45644835357e-05, 7.837146768e-06, 2.03269291887e-06, 1.27014834561e-06, 1.19522826481e-06, 1.15355760499e-06, 1.59873559369e-06, 0.000141290322063], "dmean2": [0.000955276133027, 0.00375442556106, 0.00204257597215, 0.00162441423163, 0.00139747106005, 0.00328874820843, 0.0024435967207, 0.0024574578274, 0.00180199928582, 0.000765513046645, 0.000403682526667, 0.000377281598048, 0.000318143924233, 0.000191062703379, 0.000234616702073, 0.000156370515469, 0.000142883014632, 0.000105463070213, 5.8041568991e-05, 2.08137498703e-05, 1.1581747458e-05, 3.21782158608e-06, 2.13373050428e-06, 2.0109257548e-06, 1.94131985154e-06, 2.5205847578e-06, 0.000188289472135], "dvar": [9.93489607026e-07, 1.36260705403e-05, 3.9153724174e-06, 2.2650954179e-06, 2.53549478657e-06, 2.45213577728e-05, 2.31620797422e-05, 2.83289209619e-05, 8.93722972251e-06, 2.10740518014e-06, 1.11776284939e-06, 4.24306733748e-07, 2.04727811592e-07, 4.60291502691e-08, 1.62981848462e-07, 4.34074785005e-08, 1.01806492125e-07, 3.97819981401e-08, 2.35401635962e-08, 2.40356490266e-09, 1.3672365462e-09, 2.34714452735e-11, 5.67576628058e-12, 5.09392528159e-12, 4.7600196354e-12, 1.45126168027e-11, 1.10777300222e-07], "dvar2": [2.5386575544e-06, 3.73679613404e-05, 1.08344056571e-05, 5.80407549933e-06, 5.34386526851e-06, 4.93416519021e-05, 4.50794213975e-05, 5.52406963834e-05, 1.95830052689e-05, 4.74207081425e-06, 2.29222382586e-06, 9.96093717731e-07, 5.12110091222e-07, 1.16580437748e-07, 4.14737712617e-07, 9.49772314129e-08, 2.33403980587e-07, 7.57626210657e-08, 5.30872412696e-08, 4.30465929568e-09, 2.82482504055e-09, 4.76564933349e-11, 1.477165959e-11, 1.32706814288e-11, 1.24040847038e-11, 3.14879511354e-11, 1.79131092182e-07], "max": [0.0189082343131, 0.0559290573001, 0.0303095765412, 0.0301982611418, 0.0668200030923, 0.112250417471, 0.142007365823, 0.0938216224313, 0.0680649504066, 0.0393269211054, 0.0421963073313, 0.0184114091098, 0.00995467975736, 0.00394320674241, 0.0139866303653, 0.00453984318301, 0.0133241349831, 0.0131778549403, 0.0101041002199, 0.00198758579791, 0.00145042606164, 0.000195746179088, 3.79076409445e-05, 3.62869759556e-05, 3.51842245436e-05, 0.000159798146342, 0.0154109904543], "mean": [0.000779340218287, 0.00318911136128, 0.00141417817213, 0.00132015440613, 0.00132151017897, 0.00330690597184, 0.00260369456373, 0.00270036817528, 0.00182807061356, 0.000711972010322, 0.00035605832818, 0.000358747056453, 0.000298863044009, 0.000195834305487, 0.000233864862821, 0.00016422769113, 0.000139678100822, 0.000122329074657, 6.34919124423e-05, 2.39146575041e-05, 1.11230938273e-05, 2.38421125687e-06, 1.19765240925e-06, 1.10130224584e-06, 1.05678782347e-06, 2.12684426515e-06, 0.000313073716825], "median": [0.000285834859824, 0.00159920682199, 0.000649004068691, 0.000643696053885, 0.000752439082135, 0.00096325983759, 0.000395691138692, 0.000207844641409, 0.000211330596358, 0.000117014984426, 8.07894830359e-05, 0.00010348467913, 0.000120582684758, 9.30566602619e-05, 0.000104012513475, 6.30695940345e-05, 4.04611309932e-05, 4.0699596866e-05, 1.84967939276e-05, 7.72345447331e-06, 2.66130518867e-06, 8.03760940471e-07, 3.28212621525e-07, 2.81227414689e-07, 2.65171394176e-07, 8.76835088093e-07, 0.000151469590492], "min": [2.92671611312e-25, 1.92706274865e-24, 1.01159459852e-24, 1.93597510194e-24, 9.78518844054e-24, 9.16174220082e-24, 9.54779179517e-24, 9.10132176636e-24, 1.6278463479e-23, 2.21463548354e-23, 1.47251506027e-23, 2.00004969788e-23, 2.35786706484e-23, 2.80632817857e-23, 4.46646323441e-23, 7.94487692286e-23, 7.90216357583e-23, 6.13853628011e-23, 1.2375442884e-22, 1.65842404809e-22, 2.47483942297e-22, 2.81322389573e-22, 4.10610633487e-22, 5.83917416887e-22, 8.89985148744e-22, 1.15336715001e-21, 1.89367087711e-21], "var": [1.75147420123e-06, 2.04187053896e-05, 4.69321048513e-06, 3.53430914402e-06, 4.35316769654e-06, 5.50120639673e-05, 6.92192552378e-05, 7.7583717939e-05, 2.37228214246e-05, 4.97872997585e-06, 1.77329252438e-06, 7.79848505772e-07, 3.33088991056e-07, 9.32680990218e-08, 2.38543179876e-07, 8.92414107057e-08, 1.80424152063e-07, 2.12209059214e-07, 6.53475282775e-08, 5.93985616248e-09, 2.24901608448e-09, 4.23211639344e-11, 5.63336920514e-12, 5.01797258259e-12, 4.68741321799e-12, 2.48656234492e-11, 5.17972182479e-07]}, "barkbands_crest": {"dmean": 3.06614279747, "dmean2": 5.0474281311, "dvar": 6.7205786705, "dvar2": 16.9409790039, "max": 25.6216144562, "mean": 10.6659479141, "median": 9.78803062439, "min": 2.89404344559, "var": 18.9173221588}, "barkbands_flatness_db": {"dmean": 0.0321327447891, "dmean2": 0.0502370111644, "dvar": 0.000721032498404, "dvar2": 0.00174317148048, "max": 0.49228182435, "mean": 0.183486163616, "median": 0.177254572511, "min": 0.0433181114495, "var": 0.00295577710494}, "barkbands_kurtosis": {"dmean": 8.5774307251, "dmean2": 13.3870267868, "dvar": 268.906066895, "dvar2": 580.3515625, "max": 550.934265137, "mean": 16.5009040833, "median": 8.74243831635, "min": -1.93613708019, "var": 772.504150391}, "barkbands_skewness": {"dmean": 0.806406080723, "dmean2": 1.25279045105, "dvar": 0.696650564671, "dvar2": 1.54178488255, "max": 15.5573158264, "mean": 2.60368275642, "median": 2.25824093819, "min": -2.87803816795, "var": 3.03407239914}, "barkbands_spread": {"dmean": 6.35854768753, "dmean2": 9.53135967255, "dvar": 71.2211380005, "dvar2": 137.502746582, "max": 139.776107788, "mean": 18.439245224, "median": 13.6991653442, "min": 0.338613122702, "var": 293.444702148}, "dissonance": {"dmean": 0.030933091417, "dmean2": 0.0514412969351, "dvar": 0.00108246144373, "dvar2": 0.00295351166278, "max": 0.500000119209, "mean": 0.445061951876, "median": 0.46116527915, "min": 0.182984516025, "var": 0.00240752985701}, "dynamic_complexity": 4.76045274734, "erbbands": {"dmean": [0.0816002041101, 0.482483327389, 1.29890322685, 2.48333096504, 2.33400225639, 3.16898584366, 8.91411113739, 20.1427059174, 24.1878089905, 22.2481117249, 40.044506073, 25.0525493622, 20.455581665, 10.1963195801, 8.66425609589, 9.65297031403, 8.603972435, 6.05325603485, 5.88945627213, 7.02031421661, 5.5123090744, 4.70297527313, 4.10709428787, 2.69209384918, 1.24748444557, 0.649111509323, 0.486920893192, 0.183412700891, 0.0789190083742, 0.0480736792088, 0.035003490746, 0.0264877192676, 0.0191191565245, 0.0129979085177, 0.00815615989268, 0.00461050635204, 0.00298684788868, 0.00747760897502, 0.0124859334901, 0.00323682301678], "dmean2": [0.134259596467, 0.817163050175, 2.22644948959, 4.09254693985, 3.79374670982, 5.10008716583, 13.7215843201, 30.324634552, 36.2606925964, 32.8077354431, 58.9787330627, 37.5880050659, 31.7531280518, 15.4139842987, 12.9208221436, 15.0098409653, 13.3732728958, 9.55366611481, 9.15795040131, 10.8314065933, 8.20662021637, 7.07870435715, 6.26611852646, 3.96754431725, 1.80253624916, 0.901665687561, 0.704041242599, 0.27118653059, 0.124213464558, 0.079548984766, 0.058845218271, 0.0445522032678, 0.0321826040745, 0.0218789838254, 0.0137167582288, 0.00771812396124, 0.0046725301072, 0.0100070247427, 0.0162050481886, 0.00438339682296], "dvar": [0.0192740932107, 0.757341086864, 5.09552049637, 13.3451719284, 14.0795478821, 47.4745178223, 588.730834961, 2440.42016602, 5392.52099609, 4480.33056641, 15061.5742188, 4878.44726562, 4104.60107422, 948.473632812, 1035.50598145, 666.213012695, 337.274505615, 102.77545166, 123.859817505, 335.743804932, 167.674407959, 201.532714844, 159.633636475, 102.826820374, 17.958612442, 4.95802783966, 5.05192184448, 0.573148071766, 0.0415167994797, 0.00872461590916, 0.00431818049401, 0.00248733814806, 0.00131050939672, 0.000605505541898, 0.000237266373006, 7.40975883673e-05, 6.77205534885e-05, 0.00172909803223, 0.00240809470415, 5.72438984818e-05], "dvar2": [0.0510722920299, 2.11454820633, 13.9386091232, 35.1203117371, 34.8406105042, 106.64176178, 1211.44360352, 4811.56152344, 10249.7402344, 8853.23925781, 31453.0703125, 10137.7783203, 9315.45214844, 1971.7401123, 2165.4609375, 1552.54370117, 828.185974121, 255.147171021, 313.939727783, 809.729614258, 370.349487305, 466.487091064, 347.214233398, 215.35105896, 36.8319587708, 7.91633272171, 9.99481678009, 1.09174060822, 0.0852667093277, 0.0221750810742, 0.0112384455279, 0.0064738583751, 0.00341787491925, 0.00157785019837, 0.00061821192503, 0.000192731400602, 0.000154017383466, 0.0033510280773, 0.00391414668411, 9.61649129749e-05], "max": [2.66242241859, 14.8602056503, 40.0126647949, 58.1944084167, 65.8428726196, 360.463348389, 919.1796875, 1125.49938965, 2536.99707031, 2088.046875, 2467.95141602, 1935.69934082, 2084.2043457, 1025.5760498, 1443.10424805, 654.279785156, 338.077148438, 170.877502441, 266.77154541, 610.452087402, 378.877502441, 471.566650391, 802.46484375, 660.05267334, 272.703338623, 96.8016815186, 107.425788879, 25.1767253876, 7.97428846359, 2.5311384201, 1.04816579819, 0.790789306164, 0.588359415531, 0.397434473038, 0.248497575521, 0.138140663505, 0.411460280418, 2.21379494667, 2.13429546356, 0.43125885725], "mean": [0.115154787898, 0.616918623447, 1.64681899548, 3.40748882294, 3.49990797043, 4.58615064621, 13.1323518753, 30.9066333771, 41.2827568054, 37.3557701111, 63.3376808167, 40.9867248535, 31.9096107483, 15.1805028915, 12.7097892761, 15.0430212021, 13.8571195602, 10.6818704605, 10.5551481247, 11.5721387863, 9.1622838974, 7.58154916763, 7.11908006668, 4.65480995178, 2.12384152412, 1.10918045044, 0.734757184982, 0.252546966076, 0.0959950089455, 0.0495048947632, 0.0328332521021, 0.0245545338839, 0.0175416320562, 0.0118953557685, 0.00751821277663, 0.004404110834, 0.00405661808327, 0.0125003159046, 0.0229811165482, 0.00750368926674], "median": [0.0497523881495, 0.280011057854, 0.794713675976, 1.87903606892, 2.06086468697, 2.4562151432, 4.92143058777, 7.59176635742, 6.9837141037, 5.14407157898, 5.21057319641, 4.89944410324, 4.3018078804, 4.04150009155, 3.77564191818, 4.62252140045, 5.87356281281, 5.93161964417, 5.61840677261, 4.98198986053, 3.63535284996, 2.46198868752, 2.37556934357, 1.48545849323, 0.687663912773, 0.363510489464, 0.185784518719, 0.0728979259729, 0.0327078923583, 0.0160123370588, 0.00880238041282, 0.00636309990659, 0.00442486722022, 0.00296864379197, 0.00191735138651, 0.00125212513376, 0.00171559408773, 0.00356611749157, 0.00724507449195, 0.00392629625276], "min": [8.12142146909e-23, 3.88565189739e-22, 1.44920094517e-21, 4.18680859777e-21, 1.09902213098e-20, 2.85522487991e-20, 3.74172371278e-20, 8.82018486639e-20, 1.28200393366e-19, 1.99199825657e-19, 3.42454815699e-19, 4.64119461175e-19, 7.12447249472e-19, 8.25683622439e-19, 8.93384012879e-19, 1.05484884127e-18, 1.20619518282e-18, 2.29622877182e-18, 2.59517225879e-18, 3.11336637776e-18, 4.12640620215e-18, 5.14304384861e-18, 4.1151275945e-18, 6.72813324691e-18, 6.72177388236e-18, 8.09012417579e-18, 7.84736486398e-18, 1.03934185176e-17, 1.02187940729e-17, 8.00872877633e-18, 1.09964406288e-17, 1.14148815222e-17, 1.06300120251e-17, 9.2800085977e-18, 6.78216675248e-18, 3.84110168272e-18, 1.98428924346e-18, 1.02091396343e-18, 2.44732861355e-19, 2.62377522087e-20], "var": [0.0318629965186, 0.98178601265, 6.32642412186, 19.6322517395, 22.4369602203, 70.1438140869, 1042.29858398, 5759.890625, 16826.0195312, 12476.2773438, 37038.8789062, 13344.6220703, 9200.72753906, 2072.33227539, 1616.32958984, 1240.40319824, 626.677368164, 218.272567749, 245.398208618, 555.12677002, 338.192901611, 439.028533936, 670.342224121, 359.709777832, 61.8358268738, 13.546585083, 8.81481075287, 1.07997655869, 0.0752667710185, 0.00956536736339, 0.00428086100146, 0.0024576028809, 0.00128719850909, 0.000595775316469, 0.000234206803725, 7.42784250178e-05, 0.00010011455015, 0.00331461965106, 0.00637971796095, 0.000312881049467]}, "erbbands_crest": {"dmean": 3.06784367561, "dmean2": 4.89839601517, "dvar": 8.3102722168, "dvar2": 19.7721366882, "max": 32.748626709, "mean": 10.5018081665, "median": 8.94855499268, "min": 2.44192624092, "var": 29.9969863892}, "erbbands_flatness_db": {"dmean": 0.0310372430831, "dmean2": 0.0486403815448, "dvar": 0.000641910708509, "dvar2": 0.00153878959827, "max": 0.410291224718, "mean": 0.191949471831, "median": 0.188707366586, "min": 0.0306286923587, "var": 0.00279771187343}, "erbbands_kurtosis": {"dmean": 1.99933981895, "dmean2": 3.04442381859, "dvar": 11.1792821884, "dvar2": 24.2738628387, "max": 75.8309783936, "mean": 2.1304974556, "median": 0.169764995575, "min": -1.76635491848, "var": 30.548418045}, "erbbands_skewness": {"dmean": 0.515277147293, "dmean2": 0.75823122263, "dvar": 0.226541191339, "dvar2": 0.463622450829, "max": 7.76982307434, "mean": 0.580741226673, "median": 0.459409296513, "min": -3.58683729172, "var": 1.49799621105}, "erbbands_spread": {"dmean": 6.59698486328, "dmean2": 10.1038999557, "dvar": 43.0917320251, "dvar2": 97.1871948242, "max": 91.3722763062, "mean": 25.8414020538, "median": 24.4112091064, "min": 0.924608945847, "var": 204.823760986}, "gfcc": {"cov": [[24452.4550781, 2328.46411133, -2294.31494141, -1118.51794434, -387.490631104, -941.352600098, -9.11406517029, -147.355621338, 224.048233032, -156.881195068, 99.3437728882, -357.799682617, -2.46278786659], [2328.46411133, 1136.88476562, -217.502334595, -251.034088135, 232.435592651, -183.814071655, 60.7018203735, -119.556900024, 24.3850860596, -48.066078186, 45.6336021423, -44.0228004456, 10.2257671356], [-2294.31494141, -217.502334595, 561.329772949, 351.727020264, -88.1279830933, 264.790039062, -107.73097229, 61.4324951172, -58.4180870056, 31.2291698456, -19.1232528687, 71.7411880493, -5.90712404251], [-1118.51794434, -251.034088135, 351.727020264, 498.064056396, 207.984222412, 138.433517456, -36.2129440308, -20.3835487366, -80.1562576294, -18.8848075867, -13.3015651703, 70.3112869263, 0.577212870121], [-387.490631104, 232.435592651, -88.1279830933, 207.984222412, 645.123901367, -58.6887512207, 153.31539917, -172.560470581, -64.6392440796, -86.5359802246, 29.0032253265, 31.1869068146, 26.4628887177], [-941.352600098, -183.814071655, 264.790039062, 138.433517456, -58.6887512207, 510.237182617, -107.707504272, 22.1126384735, -105.431411743, -11.9007511139, -1.0535351038, 51.9877052307, 24.0739994049], [-9.11406517029, 60.7018203735, -107.73097229, -36.2129440308, 153.31539917, -107.707504272, 246.609207153, -17.7982769012, 0.364789813757, -3.91324710846, -5.73506593704, 7.00689792633, 0.4708968997], [-147.355621338, -119.556900024, 61.4324951172, -20.3835487366, -172.560470581, 22.1126384735, -17.7982769012, 173.432067871, 99.6482696533, 33.1350669861, -19.5850868225, -26.2319259644, -3.8273999691], [224.048233032, 24.3850860596, -58.4180870056, -80.1562576294, -64.6392440796, -105.431411743, 0.364789813757, 99.6482696533, 155.743774414, 59.0880775452, -16.4673061371, -45.911403656, -4.19826221466], [-156.881195068, -48.066078186, 31.2291698456, -18.8848075867, -86.5359802246, -11.9007511139, -3.91324710846, 33.1350669861, 59.0880775452, 89.443862915, 19.786775589, -1.22347033024, -8.83095550537], [99.3437728882, 45.6336021423, -19.1232528687, -13.3015651703, 29.0032253265, -1.0535351038, -5.73506593704, -19.5850868225, -16.4673061371, 19.786775589, 88.112487793, 38.1014328003, 9.51379680634], [-357.799682617, -44.0228004456, 71.7411880493, 70.3112869263, 31.1869068146, 51.9877052307, 7.00689792633, -26.2319259644, -45.911403656, -1.22347033024, 38.1014328003, 95.3978118896, 26.7841434479], [-2.46278786659, 10.2257671356, -5.90712404251, 0.577212870121, 26.4628887177, 24.0739994049, 0.4708968997, -3.8273999691, -4.19826221466, -8.83095550537, 9.51379680634, 26.7841434479, 58.3742294312]], "icov": [[0.000316979596391, -0.00104184390511, 0.00284594739787, -0.00267650512978, 0.00205328688025, -0.000581506930757, -0.000378076423658, 0.000588801805861, -0.000796968932264, 0.00076627387898, -0.000609385431744, 0.000275744649116, -0.000107607025711], [-0.00104184390511, 0.00492028612643, -0.0104563618079, 0.0103651834652, -0.00752393295988, 0.00218553817831, 0.00129055394791, -0.000734526081942, 0.00144163821824, -0.00113980146125, 0.000932179274969, -0.000206943615922, 0.00025872560218], [0.00284594739787, -0.0104563618079, 0.0322259999812, -0.0289444178343, 0.0200420599431, -0.00665287254378, -0.00267868139781, 0.00263949972577, -0.00467497715726, 0.00316972332075, -0.0029866124969, -7.82104252721e-05, 1.76675384864e-05], [-0.00267650512978, 0.0103651834652, -0.0289444178343, 0.0321279838681, -0.0235147532076, 0.00690814387053, 0.00651470338926, -0.00956601556391, 0.0124690569937, -0.0102722756565, 0.00871664844453, -0.00451358221471, 0.0019490235718], [0.00205328688025, -0.00752393295988, 0.0200420599431, -0.0235147532076, 0.0215421523899, -0.00599186122417, -0.00788380485028, 0.0137554472312, -0.0156800486147, 0.0146660394967, -0.0101079931483, 0.00428210198879, -0.0018902446609], [-0.000581506930757, 0.00218553817831, -0.00665287254378, 0.00690814387053, -0.00599186122417, 0.00522631313652, 0.00316559080966, -0.00564112141728, 0.00822038948536, -0.00526385335252, 0.00342154805548, -0.00105773762334, -0.00126083660871], [-0.000378076423658, 0.00129055394791, -0.00267868139781, 0.00651470338926, -0.00788380485028, 0.00316559080966, 0.00925813801587, -0.00901437923312, 0.0105221867561, -0.00961622688919, 0.00719668203965, -0.0041465475224, 0.00105689174961], [0.000588801805861, -0.000734526081942, 0.00263949972577, -0.00956601556391, 0.0137554472312, -0.00564112141728, -0.00901437923312, 0.0293756984174, -0.029152687639, 0.0209465157241, -0.0123096266761, 0.00566394161433, -0.000915778742637], [-0.000796968932264, 0.00144163821824, -0.00467497715726, 0.0124690569937, -0.0156800486147, 0.00822038948536, 0.0105221867561, -0.029152687639, 0.0427245721221, -0.0313633941114, 0.0166063047945, -0.00185998133384, -0.0026857831981], [0.00076627387898, -0.00113980146125, 0.00316972332075, -0.0102722756565, 0.0146660394967, -0.00526385335252, -0.00961622688919, 0.0209465157241, -0.0313633941114, 0.0391064882278, -0.0187599621713, 0.00431083515286, 0.00236753933132], [-0.000609385431744, 0.000932179274969, -0.0029866124969, 0.00871664844453, -0.0101079931483, 0.00342154805548, 0.00719668203965, -0.0123096266761, 0.0166063047945, -0.0187599621713, 0.0253589544445, -0.011189145036, 0.0010858878959], [0.000275744649116, -0.000206943615922, -7.82104252721e-05, -0.00451358221471, 0.00428210198879, -0.00105773762334, -0.0041465475224, 0.00566394161433, -0.00185998133384, 0.00431083515286, -0.011189145036, 0.0219264216721, -0.00873420666903], [-0.000107607025711, 0.00025872560218, 1.76675384864e-05, 0.0019490235718, -0.0018902446609, -0.00126083660871, 0.00105689174961, -0.000915778742637, -0.0026857831981, 0.00236753933132, 0.0010858878959, -0.00873420666903, 0.0223674047738]], "mean": [-88.4618148804, 128.392196655, -86.7845840454, -16.6996154785, 0.96473300457, -31.9838256836, -10.2213373184, -10.6364431381, -2.71013784409, -6.7677230835, -0.793763935566, -7.47763872147, -4.55298280716]}, "hfc": {"dmean": 7.53241491318, "dmean2": 10.3259506226, "dvar": 116.867530823, "dvar2": 211.057037354, "max": 383.713531494, "mean": 20.5973625183, "median": 13.9699773788, "min": 1.04204441626e-16, "var": 590.331848145}, "melbands": {"dmean": [0.000663672282826, 0.000643791106995, 0.000404891674407, 0.000173242398887, 0.000268287432846, 0.000448795675766, 0.00035747102811, 0.000268145464361, 0.000321306113619, 0.000154003297212, 0.00010135924822, 4.12494846387e-05, 3.38838508469e-05, 2.40662538999e-05, 2.9122846172e-05, 1.71345345734e-05, 1.18078414744e-05, 9.47239732341e-06, 1.2870901628e-05, 7.99738427304e-06, 6.74204648021e-06, 5.60885700907e-06, 3.90710101783e-06, 3.41755639965e-06, 2.3335012429e-06, 1.24029213566e-06, 6.20298408194e-07, 4.20784033395e-07, 3.7263683339e-07, 1.84509943324e-07, 8.30791933026e-08, 4.76732573418e-08, 3.17947872475e-08, 2.46049509656e-08, 2.0465229511e-08, 1.77507128996e-08, 1.55696842086e-08, 1.36074653767e-08, 1.19697238787e-08, 1.06128741351e-08], "dmean2": [0.00108935078606, 0.00109365896787, 0.000662400852889, 0.000280054868199, 0.000412469962612, 0.000672333466355, 0.000539959757589, 0.000389044522308, 0.000477257242892, 0.00023312830308, 0.000158104216098, 6.28099223832e-05, 5.04833333252e-05, 3.75134404749e-05, 4.5340959332e-05, 2.71597418759e-05, 1.8974969862e-05, 1.4898561858e-05, 2.04254338314e-05, 1.2351287296e-05, 1.01291561805e-05, 8.61302487465e-06, 5.82772418056e-06, 5.31238902113e-06, 3.49835272573e-06, 1.87048840417e-06, 9.12937252906e-07, 6.04047954766e-07, 5.44339116004e-07, 2.73005639428e-07, 1.25167488818e-07, 7.54360272026e-08, 5.22678078596e-08, 4.10725995437e-08, 3.44408555009e-08, 2.98637736762e-08, 2.6190694058e-08, 2.29067449453e-08, 2.01527043941e-08, 1.78635648496e-08], "dvar": [1.11267172542e-06, 1.24899850107e-06, 3.36682774105e-07, 9.36469461976e-08, 4.49057495189e-07, 1.11780741463e-06, 1.0941371329e-06, 6.50977426631e-07, 8.40873497054e-07, 2.0269918366e-07, 1.00256883684e-07, 1.54741908176e-08, 2.03861993953e-08, 5.76636027816e-09, 6.0508105193e-09, 1.19883514227e-09, 4.54015408602e-10, 2.72045719285e-10, 1.60434365792e-09, 2.54510607034e-10, 3.5666247733e-10, 3.31333266379e-10, 1.19919504882e-10, 1.29087629475e-10, 9.60729967803e-11, 1.96637723465e-11, 3.59120632537e-12, 2.37347923433e-12, 3.12688958927e-12, 8.39409000208e-13, 8.78909304277e-14, 1.79182637152e-14, 4.27670238497e-15, 2.19309853176e-15, 1.48187249452e-15, 1.11736510056e-15, 8.60032097198e-16, 6.63952069661e-16, 5.14290294667e-16, 4.03501640949e-16], "dvar2": [2.9846473808e-06, 3.40491737916e-06, 8.78892535638e-07, 2.15269452042e-07, 9.17941520129e-07, 2.22574067266e-06, 2.10971074921e-06, 1.23804295526e-06, 1.78807238171e-06, 4.17755501303e-07, 2.26868962727e-07, 3.23888933451e-08, 4.23858423915e-08, 1.31608395293e-08, 1.46312437721e-08, 2.92319146666e-09, 1.15162579473e-09, 6.73944344776e-10, 4.13793221909e-09, 5.88013859826e-10, 8.13090372809e-10, 7.63619056876e-10, 2.5240901036e-10, 2.86835444285e-10, 2.24488913569e-10, 4.62781826749e-11, 7.15337034399e-12, 3.92222105489e-12, 6.36229220349e-12, 1.76578239877e-12, 1.62780636952e-13, 3.68316861114e-14, 1.06774957392e-14, 5.67599234351e-15, 3.85900629824e-15, 2.90759813958e-15, 2.23886478069e-15, 1.73254162498e-15, 1.34047961397e-15, 1.05142644435e-15], "max": [0.0188629124314, 0.0198774822056, 0.0101294033229, 0.0119686834514, 0.025102077052, 0.0245581194758, 0.0337907932699, 0.0197220090777, 0.0175377447158, 0.0131861204281, 0.0101003600284, 0.00396853173152, 0.00658514350653, 0.00249821390025, 0.00178852013778, 0.000583251181524, 0.000386545609217, 0.000289813964628, 0.00133363553323, 0.000309963914333, 0.000689787906595, 0.000716565060429, 0.000750385224819, 0.00074801442679, 0.000599112187047, 0.000246304494794, 9.24984196899e-05, 7.03303448972e-05, 8.8029759354e-05, 2.72063152806e-05, 1.23069448819e-05, 5.29812632521e-06, 2.05757010008e-06, 9.2421385034e-07, 6.07179742929e-07, 5.31254499947e-07, 4.64636940478e-07, 4.18442652972e-07, 3.69224380847e-07, 3.2364442859e-07], "mean": [0.000977128976956, 0.000865787325893, 0.000593187811319, 0.000265352166025, 0.000406823062804, 0.00070514268009, 0.000604079163168, 0.000441096373834, 0.000508330238517, 0.000243822185439, 0.000153518922161, 5.87856193306e-05, 4.65872690256e-05, 3.50320042344e-05, 4.21080367232e-05, 2.58034342551e-05, 1.94778313016e-05, 1.59544542839e-05, 1.93760788534e-05, 1.28712426886e-05, 1.01862806332e-05, 8.35721584735e-06, 6.36575714452e-06, 5.76840329813e-06, 3.6636540699e-06, 1.95232632905e-06, 9.73574969976e-07, 6.7442300633e-07, 5.42617669907e-07, 2.50605665997e-07, 1.06969352487e-07, 5.70349136808e-08, 3.42552866073e-08, 2.41856401573e-08, 1.90604581007e-08, 1.64384363899e-08, 1.43997906932e-08, 1.24743575469e-08, 1.09295879014e-08, 9.69914726312e-09], "median": [0.000484790798509, 0.000432524859207, 0.000344959727954, 0.000163451491972, 0.000163738470292, 0.000180535120307, 9.96515736915e-05, 5.01380818605e-05, 4.05902756029e-05, 2.832066275e-05, 1.92025017896e-05, 1.48557010107e-05, 1.18356711027e-05, 1.05023682409e-05, 1.24059197333e-05, 1.08773438114e-05, 9.5826217148e-06, 8.10106757854e-06, 7.86576310929e-06, 5.00969099448e-06, 3.67246138921e-06, 2.38305051425e-06, 2.01712418857e-06, 1.88037938642e-06, 1.04944888335e-06, 5.59547459034e-07, 2.99977102713e-07, 2.0878096052e-07, 1.28192681359e-07, 5.83406212229e-08, 3.1828257363e-08, 1.8633912191e-08, 1.161229779e-08, 7.3232584441e-09, 5.05266228856e-09, 4.25954338468e-09, 3.71018771261e-09, 3.13678372166e-09, 2.71221822779e-09, 2.42092390579e-09], "min": [9.71873479789e-25, 7.65435877856e-25, 1.10575372642e-24, 1.33025614447e-24, 1.69114482304e-24, 1.87588756679e-24, 2.09789728299e-24, 2.5172387797e-24, 2.46434092284e-24, 2.48260482773e-24, 3.07900299917e-24, 2.76992354941e-24, 2.45590661925e-24, 2.48543802167e-24, 2.55007787589e-24, 2.57602055283e-24, 4.0092329062e-24, 3.10187897934e-24, 3.79013586168e-24, 5.07661456465e-24, 3.49335613394e-24, 4.00538918144e-24, 3.68583425051e-24, 3.41623511969e-24, 3.66657066163e-24, 4.96473476119e-24, 3.16958572755e-24, 5.0250924812e-24, 3.7275649924e-24, 5.31450030378e-24, 5.29565283903e-24, 4.91953539791e-24, 5.15252822728e-24, 4.28671157417e-24, 5.39035756286e-24, 4.91350652844e-24, 6.10456737733e-24, 5.99567696227e-24, 6.88131019575e-24, 7.00837359948e-24], "var": [1.85646570117e-06, 1.66555389569e-06, 5.33977242867e-07, 1.46158996017e-07, 8.41328699153e-07, 2.70601890406e-06, 3.38020868185e-06, 1.88108833754e-06, 2.1101634502e-06, 5.4957786233e-07, 2.23122270882e-07, 3.36691563518e-08, 3.04180041155e-08, 9.76556968624e-09, 1.0353414126e-08, 2.05255257235e-09, 9.02920571644e-10, 5.54951695708e-10, 2.15328999076e-09, 5.15983478167e-10, 5.88193826978e-10, 5.98909088989e-10, 4.47086867528e-10, 5.52947965193e-10, 2.39113201461e-10, 5.81603445959e-11, 1.04075862511e-11, 5.8397783137e-12, 4.99185241754e-12, 1.33522208047e-12, 1.72662841598e-13, 3.15227377079e-14, 5.29707935433e-15, 2.22670159932e-15, 1.46430111366e-15, 1.1037573045e-15, 8.49122948112e-16, 6.51531072644e-16, 5.05235194823e-16, 3.97057255468e-16]}, "melbands_crest": {"dmean": 4.14835691452, "dmean2": 6.88938379288, "dvar": 12.4548931122, "dvar2": 32.6690826416, "max": 38.053943634, "mean": 15.3580627441, "median": 14.5182733536, "min": 1.66205465794, "var": 36.4789390564}, "melbands_flatness_db": {"dmean": 0.0404727347195, "dmean2": 0.0636586546898, "dvar": 0.00110981799662, "dvar2": 0.00271436106414, "max": 0.646595716476, "mean": 0.30543076992, "median": 0.303090184927, "min": 0.00325552211143, "var": 0.00545345479622}, "melbands_kurtosis": {"dmean": 8.87942695618, "dmean2": 14.1016798019, "dvar": 346.433563232, "dvar2": 748.516784668, "max": 908.40423584, "mean": 16.0914115906, "median": 6.93150234222, "min": -1.85619914532, "var": 1318.24743652}, "melbands_skewness": {"dmean": 0.854802012444, "dmean2": 1.34570741653, "dvar": 0.769555926323, "dvar2": 1.80426561832, "max": 19.8556442261, "mean": 2.39747834206, "median": 2.01606249809, "min": -2.62563157082, "var": 3.94870448112}, "melbands_spread": {"dmean": 4.87648105621, "dmean2": 7.49561452866, "dvar": 44.2267341614, "dvar2": 94.7872772217, "max": 218.170913696, "mean": 14.6010742188, "median": 10.6154613495, "min": 0.128482103348, "var": 324.737121582}, "mfcc": {"cov": [[8553.54296875, 2001.44580078, -1174.84680176, -102.916038513, -579.593078613, -435.109130859, -252.237091064, -162.392791748, 38.3900718689, 104.15750885, 114.102935791, 96.2696304321, -44.3827667236], [2001.44580078, 1710.84313965, -406.536895752, 7.47215843201, 41.9719009399, -96.4159851074, 15.1899251938, -73.1581420898, -17.8531799316, 27.6188659668, 20.8574256897, 7.75530052185, -10.4164161682], [-1174.84680176, -406.536895752, 797.226379395, -80.8735809326, 58.2063865662, 81.8452911377, -46.7209243774, 56.6024780273, -26.8500270844, 5.49225854874, 18.9202461243, -5.34027528763, -3.00566792488], [-102.916038513, 7.47215843201, -80.8735809326, 492.982208252, 160.254867554, 30.6218471527, 77.9326934814, 7.99231004715, 15.8747320175, -33.6118354797, -16.2629356384, -2.81859183311, 8.00149059296], [-579.593078613, 41.9719009399, 58.2063865662, 160.254867554, 406.999755859, 200.974533081, 94.8328781128, 57.5708045959, -35.2421607971, -51.2839813232, -61.7073249817, -31.5814151764, 38.9980773926], [-435.109130859, -96.4159851074, 81.8452911377, 30.6218471527, 200.974533081, 307.73236084, 177.636138916, 50.9163131714, -33.2796211243, -86.4519958496, -71.2176818848, -16.8087425232, 29.083234787], [-252.237091064, 15.1899251938, -46.7209243774, 77.9326934814, 94.8328781128, 177.636138916, 217.348327637, 65.0802078247, -29.5323009491, -72.6579589844, -56.2914123535, -8.12361812592, 19.4959926605], [-162.392791748, -73.1581420898, 56.6024780273, 7.99231004715, 57.5708045959, 50.9163131714, 65.0802078247, 102.828941345, 29.8051071167, -18.1868286133, -14.2731571198, -8.80824756622, 6.5345697403], [38.3900718689, -17.8531799316, -26.8500270844, 15.8747320175, -35.2421607971, -33.2796211243, -29.5323009491, 29.8051071167, 114.605728149, 71.0597000122, 13.2768974304, 1.75536382198, -8.77510070801], [104.15750885, 27.6188659668, 5.49225854874, -33.6118354797, -51.2839813232, -86.4519958496, -72.6579589844, -18.1868286133, 71.0597000122, 127.970504761, 57.2460708618, 1.92836141586, -9.475897789], [114.102935791, 20.8574256897, 18.9202461243, -16.2629356384, -61.7073249817, -71.2176818848, -56.2914123535, -14.2731571198, 13.2768974304, 57.2460708618, 86.1074981689, 36.4263572693, -11.8892631531], [96.2696304321, 7.75530052185, -5.34027528763, -2.81859183311, -31.5814151764, -16.8087425232, -8.12361812592, -8.80824756622, 1.75536382198, 1.92836141586, 36.4263572693, 66.8128051758, 22.1212291718], [-44.3827667236, -10.4164161682, -3.00566792488, 8.00149059296, 38.9980773926, 29.083234787, 19.4959926605, 6.5345697403, -8.77510070801, -9.475897789, -11.8892631531, 22.1212291718, 57.527885437]], "icov": [[0.000316310703056, -0.000405501748901, 0.000538189837243, -0.000533548765816, 0.00115209759679, -0.00128801283427, 0.0018509530928, -0.00199293810874, 0.00190323113929, -0.00162549014203, 0.0014544398291, -0.00117226340808, 0.000516109343152], [-0.000405501748901, 0.00128514983226, -0.00046170729911, 0.00108885427471, -0.00224584410898, 0.00262648658827, -0.00345665612258, 0.00380016257986, -0.00316146458499, 0.00269008800387, -0.00267256563529, 0.00178490323015, -0.000599112885538], [0.000538189837243, -0.00046170729911, 0.00296971737407, -0.00143149716314, 0.00280211865902, -0.00459133880213, 0.00624372670427, -0.00717639410868, 0.00700832810253, -0.00585399148986, 0.00420430209488, -0.0035844843369, 0.00215867580846], [-0.000533548765816, 0.00108885427471, -0.00143149716314, 0.00514756888151, -0.00572765991092, 0.00684225093573, -0.0088747004047, 0.010043960996, -0.0107037769631, 0.00969718117267, -0.00825149193406, 0.00533424131572, -0.00250677601434], [0.00115209759679, -0.00224584410898, 0.00280211865902, -0.00572765991092, 0.0123697491363, -0.012884831056, 0.0146248787642, -0.0171616282314, 0.016956076026, -0.014765757136, 0.0125979073346, -0.00682186661288, 0.00192785693798], [-0.00128801283427, 0.00262648658827, -0.00459133880213, 0.00684225093573, -0.012884831056, 0.0220285411924, -0.02316182293, 0.02210232988, -0.0220917016268, 0.020505104214, -0.0149278212339, 0.0111857168376, -0.0061513572], [0.0018509530928, -0.00345665612258, 0.00624372670427, -0.0088747004047, 0.0146248787642, -0.02316182293, 0.0344616957009, -0.0325965806842, 0.0301614720374, -0.0248166639358, 0.0239626076072, -0.0170145407319, 0.00818959716707], [-0.00199293810874, 0.00380016257986, -0.00717639410868, 0.010043960996, -0.0171616282314, 0.02210232988, -0.0325965806842, 0.0487752258778, -0.0419336408377, 0.0362679250538, -0.0313990451396, 0.0235486589372, -0.0126217268407], [0.00190323113929, -0.00316146458499, 0.00700832810253, -0.0107037769631, 0.016956076026, -0.0220917016268, 0.0301614720374, -0.0419336408377, 0.0541338436306, -0.046194743365, 0.0375274010003, -0.0274987965822, 0.0159445852041], [-0.00162549014203, 0.00269008800387, -0.00585399148986, 0.00969718117267, -0.014765757136, 0.020505104214, -0.0248166639358, 0.0362679250538, -0.046194743365, 0.0535789206624, -0.0432328246534, 0.0309625007212, -0.0175495464355], [0.0014544398291, -0.00267256563529, 0.00420430209488, -0.00825149193406, 0.0125979073346, -0.0149278212339, 0.0239626076072, -0.0313990451396, 0.0375274010003, -0.0432328246534, 0.0576143190265, -0.0392819307745, 0.0220732484013], [-0.00117226340808, 0.00178490323015, -0.0035844843369, 0.00533424131572, -0.00682186661288, 0.0111857168376, -0.0170145407319, 0.0235486589372, -0.0274987965822, 0.0309625007212, -0.0392819307745, 0.0463674068451, -0.0244920905679], [0.000516109343152, -0.000599112885538, 0.00215867580846, -0.00250677601434, 0.00192785693798, -0.0061513572, 0.00818959716707, -0.0126217268407, 0.0159445852041, -0.0175495464355, 0.0220732484013, -0.0244920905679, 0.0321164466441]], "mean": [-746.854431152, 195.343185425, -22.9826374054, 27.8927993774, 15.2183980942, -3.29355025291, 1.25800991058, -2.33289885521, -0.337190747261, 2.66770124435, 2.19456410408, 2.2702524662, -0.233832910657]}, "pitch_salience": {"dmean": 0.0882321894169, "dmean2": 0.145401194692, "dvar": 0.0056028040126, "dvar2": 0.015202049166, "max": 0.980894744396, "mean": 0.570446074009, "median": 0.581861019135, "min": 0.0808500722051, "var": 0.014663641341}, "silence_rate_20dB": {"dmean": 0, "dmean2": 0, "dvar": 0, "dvar2": 0, "max": 1, "mean": 1, "median": 1, "min": 1, "var": 0}, "silence_rate_30dB": {"dmean": 0.0032154340297, "dmean2": 0.00643190229312, "dvar": 0.00320475106128, "dvar2": 0.00703418208286, "max": 1, "mean": 0.996624350548, "median": 1, "min": 0, "var": 0.00336430920288}, "silence_rate_60dB": {"dmean": 0.0282958205789, "dmean2": 0.0566007383168, "dvar": 0.0274931360036, "dvar2": 0.0614377148449, "max": 1, "mean": 0.0933933481574, "median": 0, "min": 0, "var": 0.0846739187837}, "spectral_centroid": {"dmean": 178.354644775, "dmean2": 263.497192383, "dvar": 63818.140625, "dvar2": 106788.101562, "max": 11910.4609375, "mean": 911.164978027, "median": 676.086242676, "min": 138.676528931, "var": 1525010.375}, "spectral_complexity": {"dmean": 2.83022499084, "dmean2": 4.09808635712, "dvar": 9.49854469299, "dvar2": 15.363527298, "max": 49, "mean": 12.0435619354, "median": 12, "min": 0, "var": 52.0467567444}, "spectral_contrast_coeffs": {"dmean": [0.0540080927312, 0.0553119517863, 0.041257943958, 0.0301228053868, 0.0258524809033, 0.0334808640182], "dmean2": [0.0900796726346, 0.0892213955522, 0.0664162859321, 0.0483932979405, 0.0412222668529, 0.0548885948956], "dvar": [0.00176615931559, 0.00200674310327, 0.00119163678028, 0.000568997929804, 0.000452380889328, 0.0012451998191], "dvar2": [0.00497269397601, 0.00504250219092, 0.00297782081179, 0.00143148971256, 0.00110419013072, 0.00296882214025], "max": [-0.42128276825, -0.356421351433, -0.486708551645, -0.622784972191, -0.616242468357, -0.452903449535], "mean": [-0.691893219948, -0.733655393124, -0.794979631901, -0.807519137859, -0.804389894009, -0.818834483624], "median": [-0.691838920116, -0.742624342442, -0.806334972382, -0.807831585407, -0.803461909294, -0.83607339859], "min": [-0.979817450047, -0.987150073051, -0.980226993561, -0.987168490887, -0.968159258366, -0.964978456497], "var": [0.00609167525545, 0.00751080410555, 0.00572945410386, 0.00232182419859, 0.00214367196895, 0.00295563368127]}, "spectral_contrast_valleys": {"dmean": [0.407493025064, 0.382698953152, 0.365020155907, 0.304268360138, 0.350109636784, 0.840047299862], "dmean2": [0.669566690922, 0.603657364845, 0.552526175976, 0.436718434095, 0.489137142897, 1.36012208462], "dvar": [0.111452013254, 0.113574445248, 0.109538152814, 0.0895555615425, 0.122141599655, 0.479543834925], "dvar2": [0.273196995258, 0.243431344628, 0.206981614232, 0.153979510069, 0.218369141221, 1.3010840416], "max": [-5.63846302032, -4.39021635056, -5.58661270142, -5.99684000015, -5.83445644379, -9.2487154007], "mean": [-7.50982761383, -7.01682472229, -7.88131570816, -8.16264915466, -8.74250984192, -12.0745344162], "median": [-7.12406682968, -6.60361289978, -7.42354869843, -7.7093911171, -8.38772392273, -11.7901391983], "min": [-27.8885307312, -28.4821529388, -27.792514801, -27.6440391541, -27.4530792236, -27.4127731323], "var": [5.9404668808, 6.66322469711, 6.01182126999, 5.7833404541, 5.3365020752, 4.25953054428]}, "spectral_decrease": {"dmean": 2.05430561451e-09, "dmean2": 3.04618508196e-09, "dvar": 6.31825987672e-18, "dvar2": 1.36400734706e-17, "max": 2.13448215731e-28, "mean": -5.25000576346e-09, "median": -4.03836697416e-09, "min": -3.88935141871e-08, "var": 2.2797276353e-17}, "spectral_energy": {"dmean": 0.00823758821934, "dmean2": 0.0121155455709, "dvar": 0.000102012010757, "dvar2": 0.000218048851821, "max": 0.155165597796, "mean": 0.0216830037534, "median": 0.016839414835, "min": 9.9234475097e-21, "var": 0.000380490848329}, "spectral_energyband_high": {"dmean": 0.000134324975079, "dmean2": 0.00017933754134, "dvar": 1.25355796854e-07, "dvar2": 1.95458142116e-07, "max": 0.0154412807897, "mean": 0.000280054402538, "median": 0.000121206096082, "min": 7.11157626429e-21, "var": 5.34423861609e-07}, "spectral_energyband_low": {"dmean": 0.00348906195723, "dmean2": 0.00574107654393, "dvar": 2.47775278694e-05, "dvar2": 6.57474884065e-05, "max": 0.073044501245, "mean": 0.00601904885843, "median": 0.0039215167053, "min": 1.15230316598e-23, "var": 4.3237600039e-05}, "spectral_energyband_middle_high": {"dmean": 0.00105980969965, "dmean2": 0.00149582826998, "dvar": 3.51589119418e-06, "dvar2": 6.74316834193e-06, "max": 0.0481809191406, "mean": 0.00243614753708, "median": 0.00141906412318, "min": 1.22394084278e-21, "var": 1.17770441648e-05}, "spectral_energyband_middle_low": {"dmean": 0.00590831087902, "dmean2": 0.00862837396562, "dvar": 8.89583097887e-05, "dvar2": 0.000179784867214, "max": 0.152736052871, "mean": 0.0134876202792, "median": 0.00658895820379, "min": 1.90245129026e-22, "var": 0.000329347880324}, "spectral_entropy": {"dmean": 0.242355957627, "dmean2": 0.371074825525, "dvar": 0.0460202656686, "dvar2": 0.104264833033, "max": 9.81779289246, "mean": 7.03803348541, "median": 7.03900003433, "min": 5.1402425766, "var": 0.275932639837}, "spectral_flux": {"dmean": 0.0218263175339, "dmean2": 0.035313192755, "dvar": 0.000506106065586, "dvar2": 0.00129888160154, "max": 0.292202591896, "mean": 0.077038936317, "median": 0.0726912021637, "min": 6.45104594743e-11, "var": 0.00154412153643}, "spectral_kurtosis": {"dmean": 8.12472629547, "dmean2": 13.0922803879, "dvar": 54.4575881958, "dvar2": 145.720474243, "max": 84.2721405029, "mean": 27.0450019836, "median": 26.5716629028, "min": -1.26127457619, "var": 124.675544739}, "spectral_rms": {"dmean": 0.00083745905431, "dmean2": 0.00121416163165, "dvar": 6.48187267416e-07, "dvar2": 1.38715040521e-06, "max": 0.0123037016019, "mean": 0.00414649629965, "median": 0.00405323319137, "min": 3.11149673735e-12, "var": 3.96071936848e-06}, "spectral_rolloff": {"dmean": 485.64263916, "dmean2": 843.013366699, "dvar": 3043093, "dvar2": 7405161.5, "max": 19509.0820312, "mean": 1365.31420898, "median": 645.99609375, "min": 43.06640625, "var": 9679959}, "spectral_skewness": {"dmean": 0.473822265863, "dmean2": 0.756636381149, "dvar": 0.180116176605, "dvar2": 0.468086838722, "max": 7.00838136673, "mean": 3.5521042347, "median": 3.56049966812, "min": -0.0986976325512, "var": 0.628121733665}, "spectral_spread": {"dmean": 563262.9375, "dmean2": 915297.125, "dvar": 553648259072, "dvar2": 1277681598460.0, "max": 42129216, "mean": 3455276.5, "median": 2816686.5, "min": 1346862, "var": 18257931141100.0}, "spectral_strongpeak": {"dmean": 0.483174949884, "dmean2": 0.76986682