{"lowlevel": {"average_loudness": 0.410589337349, "barkbands": {"dmean": [8.01051210146e-05, 0.00137175864074, 0.00143206270877, 0.00107295892667, 0.000960188976023, 0.000673643371556, 0.000253830337897, 0.000356225558789, 0.000830448581837, 0.000517116102856, 0.000479377253214, 0.000415897608036, 0.000231235215324, 0.000202028662898, 0.000216996879317, 0.000182532094186, 0.000137849841849, 6.91897876095e-05, 9.18622172321e-05, 3.77352298528e-05, 1.68466231116e-05, 1.00263632703e-05, 1.05007429738e-05, 1.97728331841e-05, 1.05228573375e-05, 2.59581088358e-06, 1.90758015606e-07], "dmean2": [0.000131338165374, 0.00224185734987, 0.0024499068968, 0.00181891117245, 0.00151584774721, 0.00104007124901, 0.000385480001569, 0.000556994578801, 0.00129255151842, 0.000791910337284, 0.000710047897883, 0.000620120204985, 0.000345446227584, 0.000311460084049, 0.000330894428771, 0.000275074009551, 0.000196868728381, 0.000101301753602, 0.000137454379001, 5.68184550502e-05, 2.56736111623e-05, 1.46727970787e-05, 1.58022576215e-05, 2.78571533272e-05, 1.51963349708e-05, 3.66140398e-06, 3.12893291721e-07], "dvar": [7.93536543142e-08, 1.43559136632e-05, 2.30634832405e-05, 1.0961883163e-05, 4.1034941205e-06, 2.15771251533e-06, 5.20007290561e-07, 2.59173611994e-06, 9.3786711659e-06, 6.79866934661e-06, 4.24951531386e-06, 2.5690756047e-06, 1.13003227398e-06, 8.51640038491e-07, 7.47980038796e-07, 5.94035327595e-07, 2.56618477579e-07, 5.79418397706e-08, 7.9218494875e-08, 1.04353850006e-08, 2.25640817142e-09, 1.38949185491e-09, 3.16084070029e-09, 1.97312015615e-08, 7.37186400812e-09, 2.37544178772e-10, 6.84121813019e-13], "dvar2": [1.98162240395e-07, 3.63482577086e-05, 6.15917160758e-05, 2.91088163067e-05, 1.0481321624e-05, 4.83244639327e-06, 1.1880455304e-06, 6.55743906464e-06, 2.33550927078e-05, 1.72533473233e-05, 9.01925250218e-06, 5.69203166378e-06, 2.45819524025e-06, 1.92949391931e-06, 1.55772477228e-06, 1.25957524233e-06, 4.91310629513e-07, 1.12375971639e-07, 1.72083971961e-07, 2.20444658083e-08, 5.14007725272e-09, 2.81201839591e-09, 6.43938014022e-09, 3.46630635306e-08, 1.21345209436e-08, 3.93683446953e-10, 1.42257429794e-12], "max": [0.00397915160283, 0.0676445960999, 0.105803608894, 0.0683955699205, 0.035952437669, 0.0273071527481, 0.0202134493738, 0.0685364976525, 0.0812587589025, 0.0718456730247, 0.0512395463884, 0.0562334507704, 0.0302274841815, 0.0262891203165, 0.0384073629975, 0.0305723752826, 0.0190459880978, 0.0100704776123, 0.00790278241038, 0.00327494833618, 0.00101639295463, 0.00208433717489, 0.00249593658373, 0.00510622886941, 0.00387310003862, 0.000803510949481, 2.43212398345e-05], "mean": [7.88293109508e-05, 0.00217394018546, 0.00179077987559, 0.00142413203139, 0.00191465939861, 0.00126874714624, 0.000423440651502, 0.000542891502846, 0.0014143321896, 0.000864578585606, 0.000788624281995, 0.000800552312285, 0.000377430143999, 0.00031791094807, 0.000381013844162, 0.000313872616971, 0.000274794874713, 0.000137107621413, 0.000185752185644, 7.69991092966e-05, 3.16672558256e-05, 1.82732637768e-05, 1.86122251762e-05, 3.66368876712e-05, 1.93681389646e-05, 4.13773341279e-06, 2.05585976687e-07], "median": [3.40424276146e-06, 0.000515012943652, 0.000355444557499, 0.000180645103683, 0.000899002712686, 0.000399316370022, 0.000122331548482, 0.00012873900414, 0.000163730946952, 0.000126415543491, 8.65800611791e-05, 0.000130779197207, 6.2154031184e-05, 6.55082403682e-05, 5.52949095436e-05, 4.985423584e-05, 3.56841301254e-05, 2.13578186958e-05, 2.16801054194e-05, 1.21359098557e-05, 6.85812756274e-06, 3.0569331102e-06, 1.42555074945e-06, 1.64836831118e-06, 1.10643736662e-06, 2.17491731291e-07, 3.79824571795e-09], "min": [2.25368362503e-23, 7.32627902225e-24, 9.35672179532e-24, 1.32042890975e-23, 4.29140553321e-23, 3.75483938488e-23, 2.99434970434e-23, 4.76571130792e-23, 6.23886487221e-23, 8.388255248e-23, 3.2282936633e-23, 8.27134606185e-23, 1.04585815663e-22, 1.20195820499e-22, 3.43513280333e-22, 1.77175672823e-22, 1.67530718608e-22, 1.88478206816e-22, 2.61575194253e-22, 2.90718593857e-22, 3.85064818265e-22, 5.68725798631e-22, 7.91547121754e-22, 8.90473358981e-22, 1.52051306224e-21, 1.78706595618e-21, 2.24914992782e-21], "var": [7.16317174465e-08, 1.99827627512e-05, 2.06320491998e-05, 1.1088732208e-05, 7.65242566558e-06, 5.64129913982e-06, 1.05488868485e-06, 3.23390986523e-06, 1.90996761376e-05, 1.09597758637e-05, 9.55069754127e-06, 7.12773544365e-06, 2.04465641218e-06, 1.45883257119e-06, 2.38707957578e-06, 1.36212202051e-06, 8.31560498682e-07, 2.04125115033e-07, 2.58442696577e-07, 2.77664646831e-08, 4.64585125926e-09, 3.42140205056e-09, 8.69706440199e-09, 6.31781134075e-08, 2.35489245881e-08, 6.95780322246e-10, 1.46990785429e-12]}, "barkbands_crest": {"dmean": 2.22474431992, "dmean2": 3.59146976471, "dvar": 4.70970582962, "dvar2": 12.0447778702, "max": 25.9010715485, "mean": 9.86690998077, "median": 9.04482746124, "min": 2.67402386665, "var": 16.4389419556}, "barkbands_flatness_db": {"dmean": 0.0193517450243, "dmean2": 0.0294635333121, "dvar": 0.000439965864643, "dvar2": 0.000974681868684, "max": 0.476650506258, "mean": 0.184504717588, "median": 0.169881090522, "min": 0.041233561933, "var": 0.00496035953984}, "barkbands_kurtosis": {"dmean": 2.72986030579, "dmean2": 4.23591423035, "dvar": 27.6543693542, "dvar2": 67.3258666992, "max": 97.5679931641, "mean": 4.3328795433, "median": 1.45844757557, "min": -1.92190396786, "var": 76.2451934814}, "barkbands_skewness": {"dmean": 0.505557060242, "dmean2": 0.746058225632, "dvar": 0.352395862341, "dvar2": 0.775209903717, "max": 8.69750022888, "mean": 1.31041717529, "median": 1.17394971848, "min": -4.07786417007, "var": 1.67816543579}, "barkbands_spread": {"dmean": 3.62635207176, "dmean2": 5.45716190338, "dvar": 32.4608535767, "dvar2": 61.756023407, "max": 108.558128357, "mean": 15.890917778, "median": 13.6017341614, "min": 0.513334095478, "var": 138.21762085}, "dissonance": {"dmean": 0.0247423946857, "dmean2": 0.0413519777358, "dvar": 0.000661114056129, "dvar2": 0.00176823651418, "max": 0.500000119209, "mean": 0.442133545876, "median": 0.4572006464, "min": 0.114863820374, "var": 0.00262432335876}, "dynamic_complexity": 6.80926990509, "erbbands": {"dmean": [0.0397735349834, 0.348623305559, 1.46359443665, 2.86791086197, 3.24956774712, 2.98503112793, 4.53525066376, 6.31702375412, 4.24107646942, 3.75265812874, 9.9559431076, 17.0962028503, 16.0066509247, 18.221326828, 17.4976806641, 12.0039300919, 9.09646320343, 8.90711402893, 11.9534406662, 7.26448345184, 10.2407836914, 8.51034450531, 3.60372042656, 5.30725002289, 2.77497506142, 1.61410236359, 0.993032574654, 0.500177979469, 0.371209979057, 0.295574337244, 0.306743502617, 0.366906970739, 0.35741302371, 0.169305339456, 0.0555753111839, 0.0182580202818, 0.00338810263202, 0.000434563087765, 3.75267045456e-05, 7.12450128049e-06], "dmean2": [0.0600497610867, 0.589731633663, 2.51156210899, 4.8197555542, 5.38243818283, 4.81480979919, 7.10321331024, 9.74540805817, 6.43610143661, 6.01860809326, 15.0768346786, 26.5713863373, 23.9478607178, 27.6661434174, 25.4014720917, 17.445941925, 13.6528673172, 13.2584218979, 17.4085445404, 11.3210449219, 15.007393837, 12.0425539017, 5.12716197968, 7.57877540588, 4.04608488083, 2.4228014946, 1.47112774849, 0.762435019016, 0.548161566257, 0.454448997974, 0.460572779179, 0.524043619633, 0.512464046478, 0.251440048218, 0.0764479637146, 0.0253310725093, 0.00484646903351, 0.000648235494737, 5.95276142121e-05, 1.09003622129e-05], "dvar": [0.0136609394103, 0.976451516151, 21.4379062653, 77.9266662598, 75.2923049927, 40.7425537109, 82.8683319092, 250.687393188, 129.413131714, 226.044281006, 1638.73754883, 4692.40234375, 4090.03369141, 7482.26416016, 5520.49951172, 2123.86181641, 1743.82128906, 1698.86755371, 2602.3918457, 698.631835938, 1823.36120605, 994.17779541, 125.819442749, 291.549957275, 63.5384292603, 18.7997951508, 7.09878253937, 2.5711619854, 1.80935573578, 2.1395804882, 2.8360555172, 5.59375095367, 7.99126434326, 1.95150446892, 0.203079268336, 0.0146602066234, 0.000359620054951, 4.52209815194e-06, 2.23627516505e-08, 1.96314811629e-10], "dvar2": [0.0298699438572, 2.64416456223, 56.887298584, 207.659545898, 198.840362549, 108.857719421, 201.688720703, 553.55065918, 288.839294434, 594.154785156, 3801.28442383, 11893.8789063, 9175.10253906, 18256.6757813, 12066.4765625, 4562.86083984, 3774.86181641, 3624.08007813, 5108.73193359, 1758.95947266, 3435.18481445, 1877.12646484, 233.831542969, 565.311584473, 139.105545044, 40.10572052, 15.575378418, 5.76717996597, 3.68378686905, 5.13311481476, 5.61553525925, 9.67711448669, 15.8303508759, 3.64008688927, 0.327779948711, 0.0231829807162, 0.000602478685323, 7.50902427171e-06, 4.53196840056e-08, 4.49831338845e-10], "max": [2.03044056892, 15.967467308, 90.3884048462, 189.985916138, 154.264984131, 105.302787781, 191.236190796, 330.279022217, 344.857543945, 517.485412598, 1238.50939941, 1860.74975586, 2100.31567383, 2497.56152344, 2624.21435547, 1809.11010742, 1375.59301758, 1438.56323242, 2590.83056641, 1224.21337891, 1783.22827148, 1236.51928711, 415.631622314, 523.951965332, 324.287994385, 136.84928894, 60.3282394409, 52.1347503662, 60.4124145508, 88.0324783325, 58.6701049805, 91.9035491943, 113.909240723, 65.2679367065, 23.5210056305, 6.3284740448, 0.829822063446, 0.0858288779855, 0.00434409780428, 0.000213200837607], "mean": [0.0578720681369, 0.512593626976, 1.90888690948, 3.8880712986, 5.55696487427, 5.62273645401, 8.34377670288, 11.7957820892, 7.66401958466, 6.16631889343, 16.1404628754, 29.3035831451, 29.6589756012, 31.2768630981, 35.4751243591, 24.3517837524, 16.7585220337, 16.1587982178, 23.1740093231, 13.5083246231, 18.84375, 17.5977020264, 8.21300601959, 11.1161174774, 6.20714426041, 3.42289018631, 1.98699653149, 0.933695077896, 0.676140069962, 0.517622411251, 0.551611483097, 0.69341135025, 0.617936909199, 0.29725125432, 0.0996776223183, 0.0304765794426, 0.00499701267108, 0.000570189731661, 4.73993022752e-05, 1.97382687475e-05], "median": [0.00804359931499, 0.136949360371, 0.474515080452, 0.718697071075, 1.6536295414, 2.6262755394, 3.98179268837, 3.00295329094, 2.29104828835, 1.9295951128, 3.78562951088, 3.56333017349, 4.75258731842, 4.74890708923, 5.50467205048, 4.87590169907, 3.07997512817, 2.87443375587, 4.32055330276, 3.1268260479, 2.91151189804, 2.30807113647, 1.42623770237, 1.25354707241, 0.914135396481, 0.58317732811, 0.391634404659, 0.211132824421, 0.116839624941, 0.0720947608352, 0.0396698340774, 0.0317930020392, 0.0263058841228, 0.0153512135148, 0.00598509982228, 0.00165955873672, 0.000226087810006, 2.07066477742e-05, 5.51110679226e-06, 9.0922912932e-06], "min": [3.35259447614e-22, 1.31032002643e-21, 1.20900936435e-20, 2.91357794848e-20, 1.44326421579e-19, 8.27217577187e-20, 8.71112562627e-20, 3.91124442731e-19, 6.19210811246e-19, 3.03408943956e-19, 1.41352924412e-18, 1.59035119757e-18, 2.46594700157e-18, 1.43430119687e-18, 2.07944851472e-18, 3.81376088193e-18, 4.26821473765e-18, 4.65103516591e-18, 1.7995089233e-17, 1.05459886729e-17, 1.14086296911e-17, 9.33712045591e-18, 9.0838526416e-18, 1.10709472681e-17, 1.40490042684e-17, 1.44085978787e-17, 1.84699719683e-17, 1.79903891927e-17, 1.80788148002e-17, 1.97724621413e-17, 1.97113252223e-17, 1.9984847381e-17, 1.53023483326e-17, 1.63071990689e-17, 1.15379990845e-17, 5.85140368849e-18, 3.67408109574e-18, 1.29836957283e-18, 2.5707884219e-19, 3.61907996981e-20], "var": [0.0195444375277, 1.11594748497, 20.3723888397, 76.393989563, 97.4393920898, 70.9400405884, 160.777633667, 684.803405762, 312.141601563, 251.530487061, 2592.38183594, 9540.78320313, 8521.26171875, 13407.4316406, 18342.953125, 5631.39550781, 3575.50732422, 3874.73950195, 10094.6601563, 1219.64868164, 4861.97314453, 3418.31445313, 550.908569336, 1062.04443359, 218.367279053, 52.8605270386, 18.0444583893, 4.7441163063, 4.18348550797, 4.26158237457, 8.25950717926, 19.4419612885, 20.7377414703, 5.44977378845, 0.653406560421, 0.045247849077, 0.00103885028511, 1.34028896355e-05, 5.24949328451e-08, 6.87205847782e-10]}, "erbbands_crest": {"dmean": 2.479129076, "dmean2": 3.88586783409, "dvar": 6.40430164337, "dvar2": 14.8570632935, "max": 30.7456855774, "mean": 9.87488460541, "median": 8.75288391113, "min": 2.65080046654, "var": 21.9783668518}, "erbbands_flatness_db": {"dmean": 0.0172045584768, "dmean2": 0.0240825079381, "dvar": 0.000384490209399, "dvar2": 0.000706556253135, "max": 0.521470367908, "mean": 0.211035713553, "median": 0.200883582234, "min": 0.0459402129054, "var": 0.00422052433714}, "erbbands_kurtosis": {"dmean": 1.14398050308, "dmean2": 1.71778738499, "dvar": 5.36187982559, "dvar2": 10.8684082031, "max": 95.4569625854, "mean": 1.20871460438, "median": 0.0918191894889, "min": -1.82318592072, "var": 14.7722482681}, "erbbands_skewness": {"dmean": 0.363589465618, "dmean2": 0.527672231197, "dvar": 0.16517983377, "dvar2": 0.335210263729, "max": 6.07978534698, "mean": 0.255486309528, "median": 0.224406540394, "min": -8.06464672089, "var": 0.8390391469}, "erbbands_spread": {"dmean": 5.4309630394, "dmean2": 8.03669261932, "dvar": 57.065372467, "dvar2": 126.960029602, "max": 142.515945435, "mean": 27.5932064056, "median": 26.280166626, "min": 0.972099721432, "var": 246.067825317}, "gfcc": {"cov": [[18507.9746094, -747.356018066, -1230.95288086, 1500.23327637, -10.8131847382, 923.773193359, -95.7635421753, 601.88293457, -107.879402161, 8.69119548798, -15.8944444656, -108.499961853, -86.3479919434], [-747.356018066, 1715.76574707, -67.0657043457, -128.974319458, 526.014587402, -240.088378906, 353.51260376, -307.348907471, 165.935379028, -120.309127808, 99.9657974243, -106.380500793, 57.5812492371], [-1230.95288086, -67.0657043457, 1274.34313965, 37.08203125, -103.378845215, 225.21887207, -134.695831299, 28.6798114777, -27.0190143585, 34.0444564819, -22.5844764709, 17.1230316162, -129.832901001], [1500.23327637, -128.974319458, 37.08203125, 843.52746582, 272.528259277, 109.502883911, 19.9890861511, 113.822792053, 90.4892807007, 6.00080919266, -6.46925973892, -2.2551343441, -18.7265281677], [-10.8131847382, 526.014587402, -103.378845215, 272.528259277, 559.638244629, 10.2738494873, 189.393722534, -24.9517211914, 116.781898499, 0.614297509193, 22.9943275452, -7.56905698776, 7.1792140007], [923.773193359, -240.088378906, 225.21887207, 109.502883911, 10.2738494873, 496.084106445, 31.5926017761, 82.4862213135, 1.57051742077, 48.7022705078, -9.01669979095, -1.23286116123, -67.9093093872], [-95.7635421753, 353.51260376, -134.695831299, 19.9890861511, 189.393722534, 31.5926017761, 308.507324219, -19.9177951813, 58.1476707458, -16.0492973328, 29.4370231628, -35.5952758789, 11.6973552704], [601.88293457, -307.348907471, 28.6798114777, 113.822792053, -24.9517211914, 82.4862213135, -19.9177951813, 279.531921387, 0.553681910038, 36.2476501465, -15.6646795273, 13.4159965515, -15.9346008301], [-107.879402161, 165.935379028, -27.0190143585, 90.4892807007, 116.781898499, 1.57051742077, 58.1476707458, 0.553681910038, 166.791442871, 20.5039234161, 8.39231777191, -10.2977800369, 2.85879135132], [8.69119548798, -120.309127808, 34.0444564819, 6.00080919266, 0.614297509193, 48.7022705078, -16.0492973328, 36.2476501465, 20.5039234161, 113.701065063, 33.8833351135, 18.5834827423, -9.49038410187], [-15.8944444656, 99.9657974243, -22.5844764709, -6.46925973892, 22.9943275452, -9.01669979095, 29.4370231628, -15.6646795273, 8.39231777191, 33.8833351135, 119.753753662, 26.3677978516, 14.9999408722], [-108.499961853, -106.380500793, 17.1230316162, -2.2551343441, -7.56905698776, -1.23286116123, -35.5952758789, 13.4159965515, -10.2977800369, 18.5834827423, 26.3677978516, 101.611335754, 25.8244152069], [-86.3479919434, 57.5812492371, -129.832901001, -18.7265281677, 7.1792140007, -67.9093093872, 11.6973552704, -15.9346008301, 2.85879135132, -9.49038410187, 14.9999408722, 25.8244152069, 109.411315918]], "icov": [[0.000104383667349, -0.000178699148819, 0.000209372461541, -0.000253909674939, 0.000224775940296, -0.00027424748987, 0.000164377124747, -0.000204310184927, 0.000208145429497, -7.91967831901e-05, 5.56302838959e-05, -3.21903571603e-05, 0.000136784467031], [-0.000178699148819, 0.0025328474585, -0.000889577844646, 0.00125907710753, -0.0022829065565, 0.00115480367094, -0.00116402492858, 0.00155845249537, -0.00149024068378, 0.0021979957819, -0.00207302416675, 0.00212988792919, -0.00108508148696], [0.000209372461541, -0.000889577844646, 0.00154280650895, -0.000724744051695, 0.000974786700681, -0.00106933759525, 0.000908579328097, -0.000582584587391, 0.000645367137622, -0.000641706283204, 0.000598961487412, -0.000878613733221, 0.00148320931476], [-0.000253909674939, 0.00125907710753, -0.000724744051695, 0.00257540517487, -0.00217113923281, 0.000616799690761, -0.000142374905408, 0.000249324948527, -0.00141868554056, 0.00141337781679, -0.000992917804979, 0.00100934074726, -0.000647848297376], [0.000224775940296, -0.0022829065565, 0.000974786700681, -0.00217113923281, 0.00513893505558, -0.000996465212665, -0.00055022619199, -0.00092550663976, 0.000349906418705, -0.00212075933814, 0.00191314518452, -0.0024547635112, 0.00125633727293], [-0.00027424748987, 0.00115480367094, -0.00106933759525, 0.000616799690761, -0.000996465212665, 0.00354117993265, -0.00146058748942, 0.0004873185826, -0.000604053202551, -0.000164200406289, -0.000354243937181, 0.0004499797069, 0.000446795049356], [0.000164377124747, -0.00116402492858, 0.000908579328097, -0.000142374905408, -0.00055022619199, -0.00146058748942, 0.0056443088688, -0.00100114941597, -2.10022990359e-05, 0.000287395087071, -0.000663454178721, 0.000951433670707, 6.82957543177e-05], [-0.000204310184927, 0.00155845249537, -0.000582584587391, 0.000249324948527, -0.00092550663976, 0.0004873185826, -0.00100114941597, 0.00534581532702, -0.000872465199791, -0.000120228905871, -0.000223500916036, 0.000505444011651, -0.00045757679618], [0.000208145429497, -0.00149024068378, 0.000645367137622, -0.00141868554056, 0.000349906418705, -0.000604053202551, -2.10022990359e-05, -0.000872465199791, 0.00853138975799, -0.00304076238535, 0.00139708863571, -0.000385305640521, 0.000361595826689], [-7.91967831901e-05, 0.0021979957819, -0.000641706283204, 0.00141337781679, -0.00212075933814, -0.000164200406289, 0.000287395087071, -0.000120228905871, -0.00304076238535, 0.0133989360183, -0.00536837382242, 0.000945927575231, 4.56572342955e-06], [5.56302838959e-05, -0.00207302416675, 0.000598961487412, -0.000992917804979, 0.00191314518452, -0.000354243937181, -0.000663454178721, -0.000223500916036, 0.00139708863571, -0.00536837382242, 0.0122514516115, -0.00441243220121, 0.000228361590416], [-3.21903571603e-05, 0.00212988792919, -0.000878613733221, 0.00100934074726, -0.0024547635112, 0.0004499797069, 0.000951433670707, 0.000505444011651, -0.000385305640521, 0.000945927575231, -0.00441243220121, 0.0143189197406, -0.00428657326847], [0.000136784467031, -0.00108508148696, 0.00148320931476, -0.000647848297376, 0.00125633727293, 0.000446795049356, 6.82957543177e-05, -0.00045757679618, 0.000361595826689, 4.56572342955e-06, 0.000228361590416, -0.00428657326847, 0.0125603377819]], "mean": [-114.660453796, 134.616363525, -129.931549072, 17.7465209961, -51.4241371155, 4.21366930008, -35.0116348267, 2.70702052116, -26.5144767761, -6.64072751999, -11.5394392014, -5.70000314713, -0.879031956196]}, "hfc": {"dmean": 3.19181060791, "dmean2": 4.45412302017, "dvar": 42.0233154297, "dvar2": 80.8214950562, "max": 123.016075134, "mean": 10.7188005447, "median": 4.22327566147, "min": 1.21629378424e-16, "var": 274.182434082}, "melbands": {"dmean": [0.00035072688479, 0.000650892208796, 0.000495169137139, 0.000219217006816, 0.000148827413796, 0.000133228313643, 6.00340245001e-05, 4.9451871746e-05, 9.18785226531e-05, 0.000115423674288, 8.32098303363e-05, 7.69928155933e-05, 5.70252777834e-05, 5.67295173823e-05, 1.94471722352e-05, 2.4623617719e-05, 1.62154537975e-05, 2.06622080441e-05, 1.54988210852e-05, 9.91855904431e-06, 1.27084686028e-05, 9.98327141133e-06, 4.47217826149e-06, 3.31120691044e-06, 4.94779897053e-06, 2.83189137917e-06, 1.65179255873e-06, 1.10439100354e-06, 7.79247216087e-07, 3.74638062794e-07, 3.06618886725e-07, 2.35787240399e-07, 1.81519055786e-07, 1.71520667891e-07, 1.75296477778e-07, 2.12227348584e-07, 2.43927985366e-07, 2.82906142957e-07, 2.04617322197e-07, 1.29024385842e-07], "dmean2": [0.000552006298676, 0.00111440662295, 0.00083179899957, 0.000353068055119, 0.000233917366131, 0.000205314281629, 9.14336123969e-05, 7.90891572251e-05, 0.000136999311508, 0.000179363065399, 0.000124830039567, 0.000118020325317, 8.2761667727e-05, 8.42697554617e-05, 2.9128668757e-05, 3.6883258872e-05, 2.44946804742e-05, 3.01168493024e-05, 2.43341819441e-05, 1.55054258357e-05, 1.8918490241e-05, 1.43282177305e-05, 6.43743987894e-06, 4.87669603899e-06, 7.19904573998e-06, 4.28412022302e-06, 2.50172092819e-06, 1.69917257153e-06, 1.1753011222e-06, 5.84942540627e-07, 4.81512643091e-07, 3.5445168578e-07, 2.76169799918e-07, 2.65734371396e-07, 2.69309651912e-07, 3.0006665952e-07, 3.55850573897e-07, 4.11451395621e-07, 2.98901852602e-07, 1.94803774889e-07], "dvar": [9.47465537138e-07, 3.82571533919e-06, 2.1730552362e-06, 2.44313923758e-07, 9.08978421421e-08, 1.02040104366e-07, 2.57857113439e-08, 4.79485002813e-08, 1.46780124055e-07, 2.01172440484e-07, 1.11945041681e-07, 1.39213895523e-07, 5.91764433011e-08, 4.70436347655e-08, 8.77906192187e-09, 1.58935193895e-08, 6.29896845794e-09, 8.52199111279e-09, 3.30803073822e-09, 2.36634245532e-09, 3.23602966645e-09, 1.55412693825e-09, 2.2298174418e-10, 1.40331857246e-10, 2.70793248935e-10, 7.03323857487e-11, 2.23717138564e-11, 8.96349574425e-12, 4.57144825466e-12, 1.23659546145e-12, 1.17007261085e-12, 8.4049818971e-13, 5.05181671235e-13, 7.61605784948e-13, 8.18393421607e-13, 1.7450436712e-12, 2.58129043314e-12, 5.25487639513e-12, 2.41129577243e-12, 1.30870704898e-12], "dvar2": [2.22803828365e-06, 1.01744535641e-05, 5.78140816287e-06, 6.27432825695e-07, 2.25082757765e-07, 2.25795318443e-07, 5.79387489097e-08, 1.2685792683e-07, 3.39461593057e-07, 5.09156961925e-07, 2.56193175119e-07, 3.48138257777e-07, 1.28013809331e-07, 1.05232722092e-07, 2.02962162632e-08, 3.47300641579e-08, 1.36808591122e-08, 1.7218733106e-08, 8.08225131266e-09, 5.88782622657e-09, 6.21554985258e-09, 2.89744184201e-09, 4.34683455897e-10, 2.8411831221e-10, 5.31602983855e-10, 1.64381841472e-10, 4.98371205415e-11, 2.00556741353e-11, 1.00856961671e-11, 3.13091479826e-12, 2.67504920125e-12, 1.72132143608e-12, 1.19236055491e-12, 1.85900838993e-12, 1.79841818521e-12, 2.98036920664e-12, 4.64488343621e-12, 1.12882220932e-11, 4.61940164939e-12, 2.61019634726e-12], "max": [0.0171589162201, 0.0334645137191, 0.0298540517688, 0.00898634362966, 0.0056833201088, 0.00651290267706, 0.00451598595828, 0.00919925607741, 0.0129580963403, 0.0123682208359, 0.0105586582795, 0.0110955033451, 0.00749622564763, 0.00868304539472, 0.00464370334521, 0.00402975268662, 0.00271407631226, 0.00464791990817, 0.00189129251521, 0.00295290467329, 0.00260808668099, 0.00173271109816, 0.000667596235871, 0.000408943364164, 0.000512881204486, 0.000261500070337, 0.000149336789036, 8.42330991873e-05, 5.04253221152e-05, 2.76760201814e-05, 3.66063941328e-05, 4.01457946282e-05, 3.67930297216e-05, 4.87447723572e-05, 3.27601810568e-05, 6.01569117862e-05, 5.89335904806e-05, 8.95661796676e-05, 5.6089455029e-05, 5.47802483197e-05], "mean": [0.000555987993721, 0.000900221988559, 0.000712255190592, 0.000416581722675, 0.00028334686067, 0.000253654987318, 0.000107191001007, 7.75226872065e-05, 0.000143005425343, 0.000196534529096, 0.000150469801156, 0.00012921578309, 0.000105269646156, 0.00011204911425, 3.28222158714e-05, 4.23419260187e-05, 2.63338552031e-05, 3.792591815e-05, 2.52710487985e-05, 1.64367302204e-05, 2.17043016164e-05, 1.92314510059e-05, 8.96640631254e-06, 6.5804733822e-06, 9.68699896475e-06, 5.61979231861e-06, 3.17423359775e-06, 2.07413859243e-06, 1.46547790791e-06, 6.60874206915e-07, 5.09980225161e-07, 4.01562346042e-07, 3.10165489736e-07, 2.77420554085e-07, 2.93526085215e-07, 3.79619223168e-07, 4.40719304606e-07, 4.62592993244e-07, 3.42037424161e-07, 2.20227931891e-07], "median": [0.000109013184556, 0.00026968921884, 0.000169675171492, 0.000155920744874, 0.000140314514283, 7.03254845575e-05, 3.18972961395e-05, 2.20079018618e-05, 2.95759546134e-05, 2.1067851776e-05, 2.23443021241e-05, 1.92883817363e-05, 1.45305702972e-05, 1.68190290424e-05, 5.94553193878e-06, 5.50539562028e-06, 4.42131886302e-06, 6.668441074e-06, 4.09377298638e-06, 3.27201314576e-06, 2.82047403743e-06, 2.43603676608e-06, 1.25621170355e-06, 1.05550827811e-06, 9.73334977061e-07, 7.17867806088e-07, 4.66925826004e-07, 3.45769223031e-07, 2.642161121e-07, 1.47286471019e-07, 1.03346458502e-07, 6.02160596941e-08, 4.78122785807e-08, 3.05359826314e-08, 2.1333327993e-08, 1.86035240546e-08, 1.81863892834e-08, 1.8216992359e-08, 1.50735139925e-08, 1.11924585156e-08], "min": [2.06113261772e-24, 4.28200759659e-24, 7.80998801895e-24, 9.9164462177e-24, 2.5333126095e-24, 8.55653126977e-24, 8.93757238624e-24, 4.10694595109e-24, 1.33085031451e-23, 8.70956239678e-24, 1.27917653311e-23, 6.35461695719e-24, 5.10420734139e-24, 1.15151793384e-23, 1.08737115712e-23, 7.65063496065e-24, 7.62146525096e-24, 2.85839994029e-23, 2.06067839161e-23, 1.1318820815e-23, 1.37840521646e-23, 1.02967544824e-23, 8.13427217101e-24, 8.24540216217e-24, 8.8746859726e-24, 1.02614458571e-23, 7.57640946036e-24, 1.0344810311e-23, 1.26931190638e-23, 9.20016051576e-24, 1.15881765822e-23, 1.24314318134e-23, 7.2965153003e-24, 1.2403547947e-23, 1.07120171738e-23, 1.45557111689e-23, 1.11334818896e-23, 9.81967507274e-24, 1.18096713695e-23, 1.44324406084e-23], "var": [1.42822375437e-06, 3.83319138564e-06, 2.20369452109e-06, 4.28807112485e-07, 1.7272456887e-07, 2.81775498934e-07, 5.94089755168e-08, 5.12542293052e-08, 2.40038389165e-07, 4.17134600639e-07, 2.28267467151e-07, 2.35533022419e-07, 1.57564485903e-07, 1.47009998841e-07, 1.57102153509e-08, 3.03586169537e-08, 1.23480745629e-08, 3.13740251556e-08, 6.07541839059e-09, 3.5399470022e-09, 7.72122010773e-09, 4.66211247385e-09, 8.25480017674e-10, 4.26204516124e-10, 8.92059481838e-10, 2.29958149744e-10, 5.21958622157e-11, 2.18689042569e-11, 1.11642873765e-11, 2.06437362864e-12, 1.85816509748e-12, 1.77175104015e-12, 1.01726157879e-12, 1.40738614339e-12, 2.05409907833e-12, 5.65224603233e-12, 8.28162712019e-12, 1.21362008984e-11, 6.37252100047e-12, 3.31648814314e-12]}, "melbands_crest": {"dmean": 2.843105793, "dmean2": 4.591609478, "dvar": 7.87730932236, "dvar2": 19.4980373383, "max": 34.5388526917, "mean": 13.2093334198, "median": 12.3567914963, "min": 2.80072593689, "var": 24.8633823395}, "melbands_flatness_db": {"dmean": 0.0235076677054, "dmean2": 0.0353283844888, "dvar": 0.000713533256203, "dvar2": 0.00149302149657, "max": 0.561711370945, "mean": 0.253102123737, "median": 0.238498702645, "min": 0.0073801772669, "var": 0.00721083860844}, "melbands_kurtosis": {"dmean": 4.89720582962, "dmean2": 7.70159721375, "dvar": 86.6563262939, "dvar2": 218.546264648, "max": 216.798431396, "mean": 9.33133602142, "median": 4.48585796356, "min": -1.94745612144, "var": 223.028671265}, "melbands_skewness": {"dmean": 0.602531373501, "dmean2": 0.899484097958, "dvar": 0.494214266539, "dvar2": 1.12014555931, "max": 11.9961490631, "mean": 2.05039000511, "median": 1.88475418091, "min": -4.31535387039, "var": 2.30752587318}, "melbands_spread": {"dmean": 5.54899597168, "dmean2": 8.23989772797, "dvar": 130.809707642, "dvar2": 240.443450928, "max": 284.047393799, "mean": 20.5971889496, "median": 16.00340271, "min": 0.772049427032, "var": 443.415100098}, "mfcc": {"cov": [[14899.2744141, 180.5206604, -1425.59521484, 821.766601563, 360.20980835, 249.607955933, 377.845916748, 443.345550537, 166.085144043, 377.046295166, 74.2755279541, 106.89377594, -0.109382152557], [180.5206604, 1680.85961914, -168.44921875, 28.3228969574, 51.9541702271, 94.1904373169, 107.817420959, -27.1668930054, 1.44915652275, -19.7882976532, -19.6352043152, -24.3133392334, 60.3693656921], [-1425.59521484, -168.44921875, 1207.88696289, -167.719467163, 58.5988388062, 87.6664810181, -67.9762649536, 12.0254659653, -92.9685211182, -0.220494657755, 40.5914039612, -7.14856338501, 2.17346119881], [821.766601563, 28.3228969574, -167.719467163, 668.682861328, 246.342453003, 41.5600395203, 52.8554039001, 61.2193984985, 106.263931274, 8.3126707077, 7.14071035385, 104.910423279, 19.318063736], [360.20980835, 51.9541702271, 58.5988388062, 246.342453003, 351.880157471, 133.378585815, 28.2915897369, 70.2870483398, 62.7762298584, 31.2400531769, 33.0600242615, 64.185043335, 34.6729621887], [249.607955933, 94.1904373169, 87.6664810181, 41.5600395203, 133.378585815, 376.77166748, 92.9955749512, 71.9159698486, 36.1562614441, 48.3132972717, 45.5815353394, 8.41833877563, 44.9978599548], [377.845916748, 107.817420959, -67.9762649536, 52.8554039001, 28.2915897369, 92.9955749512, 225.326812744, 79.0142745972, 22.374332428, 61.2350502014, 20.5770378113, 9.46493339539, 37.3046035767], [443.345550537, -27.1668930054, 12.0254659653, 61.2193984985, 70.2870483398, 71.9159698486, 79.0142745972, 179.230621338, 72.407699585, 45.5110702515, 30.5665111542, 23.8222560883, 22.4378833771], [166.085144043, 1.44915652275, -92.9685211182, 106.263931274, 62.7762298584, 36.1562614441, 22.374332428, 72.407699585, 154.704681396, 50.1261825562, 14.3722867966, 20.2804870605, 8.41949272156], [377.046295166, -19.7882976532, -0.220494657755, 8.3126707077, 31.2400531769, 48.3132972717, 61.2350502014, 45.5110702515, 50.1261825562, 152.059539795, 49.629940033, -0.168870329857, 19.1999950409], [74.2755279541, -19.6352043152, 40.5914039612, 7.14071035385, 33.0600242615, 45.5815353394, 20.5770378113, 30.5665111542, 14.3722867966, 49.629940033, 104.425010681, 43.4985427856, 7.5766544342], [106.89377594, -24.3133392334, -7.14856338501, 104.910423279, 64.185043335, 8.41833877563, 9.46493339539, 23.8222560883, 20.2804870605, -0.168870329857, 43.4985427856, 119.072669983, 34.0973091125], [-0.109382152557, 60.3693656921, 2.17346119881, 19.318063736, 34.6729621887, 44.9978599548, 37.3046035767, 22.4378833771, 8.41949272156, 19.1999950409, 7.5766544342, 34.0973091125, 96.6946563721]], "icov": [[9.66819934547e-05, -8.15793464426e-06, 0.000125706603285, -8.69882278494e-05, -2.2086142053e-05, -4.85056662001e-05, 3.77428223146e-05, -0.000264732603682, 0.000254090846283, -0.000287270348053, 0.000101608711702, -6.15159005974e-05, 0.000145765428897], [-8.15793464426e-06, 0.000665270141326, 7.26938451407e-05, 3.44916516042e-05, -0.000156318303198, -7.42763077142e-05, -0.000376039679395, 0.00035422143992, -0.000130817483296, 0.000340423925081, -0.000106611172669, 0.000354290939867, -0.000443169730715], [0.000125706603285, 7.26938451407e-05, 0.00117008655798, 0.000152976135723, -0.000385419611121, -0.000291645410471, 0.000489618338179, -0.000701723969541, 0.00110257661436, -0.000471986015327, -0.000110694112664, -2.70126329269e-05, 0.000161672971444], [-8.69882278494e-05, 3.44916516042e-05, 0.000152976135723, 0.00264200451784, -0.00159087893553, 0.000279386964394, -0.000639994337689, 0.000491948972922, -0.00123353302479, 0.00050415401347, 0.00078039400978, -0.00167723663617, 0.000557889230549], [-2.2086142053e-05, -0.000156318303198, -0.000385419611121, -0.00159087893553, 0.00496667670086, -0.00134052091744, 0.00082240474876, -0.000765534758102, -0.000289907184197, -0.000423802062869, -1.09219690785e-05, -0.000953423092142, -0.000426256592618], [-4.85056662001e-05, -7.42763077142e-05, -0.000291645410471, 0.000279386964394, -0.00134052091744, 0.00381935993209, -0.00120513036381, -0.000111952198495, -0.000568005780224, 0.000499440240674, -0.00147868867498, 0.00131892808713, -0.00120765983593], [3.77428223146e-05, -0.000376039679395, 0.000489618338179, -0.000639994337689, 0.00082240474876, -0.00120513036381, 0.00687235407531, -0.00289718457498, 0.00180616346188, -0.00242001446895, 0.000508326280396, -3.35999247909e-05, -0.001066185534], [-0.000264732603682, 0.00035422143992, -0.000701723969541, 0.000491948972922, -0.000765534758102, -0.000111952198495, -0.00289718457498, 0.00961646810174, -0.00443894648924, 0.00117444025818, -0.0013707394246, 6.40791404294e-05, -0.000852996425238], [0.000254090846283, -0.000130817483296, 0.00110257661436, -0.00123353302479, -0.000289907184197, -0.000568005780224, 0.00180616346188, -0.00443894648924, 0.0109666036442, -0.00392351625487, 0.00135700486135, -0.000819803855848, 0.00101206591353], [-0.000287270348053, 0.000340423925081, -0.000471986015327, 0.00050415401347, -0.000423802062869, 0.000499440240674, -0.00242001446895, 0.00117444025818, -0.00392351625487, 0.0112860072404, -0.00560987694189, 0.00342318601906, -0.00238921353593], [0.000101608711702, -0.000106611172669, -0.000110694112664, 0.00078039400978, -1.09219690785e-05, -0.00147868867498, 0.000508326280396, -0.0013707394246, 0.00135700486135, -0.00560987694189, 0.0157332681119, -0.0073301163502, 0.00307502178475], [-6.15159005974e-05, 0.000354290939867, -2.70126329269e-05, -0.00167723663617, -0.000953423092142, 0.00131892808713, -3.35999247909e-05, 6.40791404294e-05, -0.000819803855848, 0.00342318601906, -0.0073301163502, 0.0147828226909, -0.0054061957635], [0.000145765428897, -0.000443169730715, 0.000161672971444, 0.000557889230549, -0.000426256592618, -0.00120765983593, -0.001066185534, -0.000852996425238, 0.00101206591353, -0.00238921353593, 0.00307502178475, -0.0054061957635, 0.0138794220984]], "mean": [-747.531738281, 155.621917725, -11.0451478958, 14.8596372604, 2.530823946, -2.16534996033, 3.78557515144, -0.318250358105, -1.64606499672, -2.60625219345, -8.92920780182, -5.52560806274, -3.28399801254]}, "pitch_salience": {"dmean": 0.0633798465133, "dmean2": 0.101513102651, "dvar": 0.00360583281144, "dvar2": 0.00940341968089, "max": 0.870619952679, "mean": 0.549759566784, "median": 0.556745767593, "min": 0.101612873375, "var": 0.0120230475441}, "silence_rate_20dB": {"dmean": 0, "dmean2": 0, "dvar": 0, "dvar2": 0, "max": 1, "mean": 1, "median": 1, "min": 1, "var": 0}, "silence_rate_30dB": {"dmean": 0.00417863670737, "dmean2": 0.00835836492479, "dvar": 0.00416097557172, "dvar2": 0.0108997533098, "max": 1, "mean": 0.99686640501, "median": 1, "min": 0, "var": 0.00312355812639}, "silence_rate_60dB": {"dmean": 0.0485766530037, "dmean2": 0.0971659943461, "dvar": 0.0462148189545, "dvar2": 0.0997448191047, "max": 1, "mean": 0.282151728868, "median": 0, "min": 0, "var": 0.202533125877}, "spectral_centroid": {"dmean": 181.109054565, "dmean2": 264.477661133, "dvar": 86970.078125, "dvar2": 148894.5625, "max": 10461.9951172, "mean": 1029.86975098, "median": 905.413452148, "min": 159.866989136, "var": 393431.6875}, "spectral_complexity": {"dmean": 1.93705928326, "dmean2": 2.93744277954, "dvar": 5.52402496338, "dvar2": 11.02231884, "max": 50, "mean": 11.7681159973, "median": 11, "min": 0, "var": 69.2406311035}, "spectral_contrast_coeffs": {"dmean": [0.0431519374251, 0.0416512452066, 0.0367234274745, 0.0309293493629, 0.0219748225063, 0.0157035365701], "dmean2": [0.0712486505508, 0.0664692148566, 0.0568425580859, 0.0483221821487, 0.0338561572134, 0.0242295078933], "dvar": [0.00147400330752, 0.00132299761754, 0.0010332724778, 0.000786469317973, 0.000407170911785, 0.000243265632889], "dvar2": [0.00381298596039, 0.00317528750747, 0.00231866678223, 0.00171705486719, 0.000859234423842, 0.000531097699422], "max": [-0.275857627392, -0.390845954418, -0.411700963974, -0.515850782394, -0.551291525364, -0.587955057621], "mean": [-0.633616089821, -0.723371982574, -0.73555213213, -0.762653052807, -0.786384820938, -0.781460106373], "median": [-0.643447518349, -0.728493750095, -0.744509041309, -0.766040027142, -0.794249892235, -0.790325284004], "min": [-0.958181202412, -0.9734826684, -0.960159480572, -0.960397541523, -0.956827223301, -0.958118617535], "var": [0.0104995062575, 0.00668613659218, 0.0065364218317, 0.00447963317856, 0.0034159894567, 0.00311967497692]}, "spectral_contrast_valleys": {"dmean": [0.395329356194, 0.340992093086, 0.318397641182, 0.30208748579, 0.261830806732, 0.29662451148], "dmean2": [0.645071208477, 0.536990523338, 0.500835061073, 0.458070576191, 0.35941773653, 0.384938836098], "dvar": [0.167659521103, 0.121507413685, 0.122631147504, 0.125520467758, 0.115089856088, 0.180795431137], "dvar2": [0.335164427757, 0.229876205325, 0.222802966833, 0.218958213925, 0.174461334944, 0.300203114748], "max": [-5.17629671097, -4.84074115753, -5.02522659302, -5.47075796127, -5.87870073318, -7.48235940933], "mean": [-8.20141887665, -7.52826976776, -8.1310377121, -8.73736858368, -8.84968757629, -11.9378433228], "median": [-7.74933099747, -7.35229682922, -7.90196180344, -8.48013114929, -8.56464099884, -11.7580423355], "min": [-27.1060390472, -26.722700119, -26.9383525848, -27.0852108002, -27.4435043335, -27.25689888], "var": [2.81854248047, 1.53273224831, 1.79238677025, 1.98667442799, 2.30272483826, 2.59405303001]}, "spectral_decrease": {"dmean": 1.4346260846e-09, "dmean2": 2.20552998087e-09, "dvar": 8.65633923125e-18, "dvar2": 2.00139872997e-17, "max": -2.04036433825e-29, "mean": -3.89670473666e-09, "median": -1.79965531366e-09, "min": -4.73089443176e-08, "var": 2.6266668711e-17}, "spectral_energy": {"dmean": 0.00564839318395, "dmean2": 0.00864680018276, "dvar": 0.000130807573441, "dvar2": 0.000300626241369, "max": 0.185035139322, "mean": 0.0156792625785, "median": 0.00734705524519, "min": 1.11091366008e-20, "var": 0.000422413548222}, "spectral_energyband_high": {"dmean": 7.62698546168e-05, "dmean2": 0.000105863247882, "dvar": 9.14536570917e-08, "dvar2": 1.47894894553e-07, "max": 0.0135909244418, "mean": 0.000165692705195, "median": 2.74564172287e-05, "min": 8.12429898124e-21, "var": 3.57129721351e-07}, "spectral_energyband_low": {"dmean": 0.00300378352404, "dmean2": 0.00493843713775, "dvar": 6.57413183944e-05, "dvar2": 0.000166394253029, "max": 0.133782118559, "mean": 0.00488634919748, "median": 0.00140155141708, "min": 2.38376694608e-23, "var": 8.75223413459e-05}, "spectral_energyband_middle_high": {"dmean": 0.00148658489343, "dmean2": 0.00208796095103, "dvar": 1.64182365552e-05, "dvar2": 3.43774627254e-05, "max": 0.0982596874237, "mean": 0.00440693646669, "median": 0.00131601758767, "min": 1.64352790558e-21, "var": 8.1212267105e-05}, "spectral_energyband_middle_low": {"dmean": 0.00296606263146, "dmean2": 0.00462472904474, "dvar": 3.85431158065e-05, "dvar2": 9.38754892559e-05, "max": 0.11162352562, "mean": 0.0071391579695, "median": 0.00328913726844, "min": 2.65741970176e-22, "var": 9.24720516196e-05}, "spectral_entropy": {"dmean": 0.158940047026, "dmean2": 0.231671631336, "dvar": 0.0370896942914, "dvar2": 0.0687077492476, "max": 9.79647064209, "mean": 7.02263402939, "median": 7.13904714584, "min": 4.39304924011, "var": 0.390160411596}, "spectral_flux": {"dmean": 0.0188253279775, "dmean2": 0.0291290283203, "dvar": 0.000775994616561, "dvar2": 0.00171107391361, "max": 0.346560001373, "mean": 0.0534947216511, "median": 0.0365203432739, "min": 1.05399890205e-10, "var": 0.00256762420759}, "spectral_kurtosis": {"dmean": 4.22569513321, "dmean2": 7.15286064148, "dvar": 49.0432052612, "dvar2": 124.724403381, "max": 191.629257202, "mean": 11.4960899353, "median": 7.08506917953, "min": -1.25015091896, "var": 266.85836792}, "spectral_rms": {"dmean": 0.000570692645852, "dmean2": 0.000843338726554, "dvar": 7.98324037987e-07, "dvar2": 1.71846579633e-06, "max": 0.0134358508512, "mean": 0.00321629992686, "median": 0.00267728581093, "min": 3.29213934759e-12, "var": 4.95229687658e-06}, "spectral_rolloff": {"dmean": 309.708648682, "dmean2": 507.898284912, "dvar": 663612.125, "dvar2": 1190666.375, "max": 18992.2851563, "mean": 1216.4017334, "median": 947.4609375, "min": 86.1328125, "var": 1643782.375}, "spectral_skewness": {"dmean": 0.371961861849, "dmean2": 0.60560631752, "dvar": 0.19987373054, "dvar2": 0.491515815258, "max": 11.1683616638, "mean": 2.19686365128, "median": 1.92993044853, "min": -0.434781581163, "var": 1.5441993475}, "spectral_spread": {"dmean": 374007.46875, "dmean2": 549104.625, "dvar": 535657152512, 