{"lowlevel": {"average_loudness": 0.821340024471, "barkbands": {"dmean": [0.000203843956115, 0.00669745588675, 0.00791683793068, 0.00372494547628, 0.00254900124855, 0.000886606925633, 0.000354117364623, 0.000477199355373, 0.000534103310201, 0.000384052022127, 0.000147671526065, 0.000222602451686, 0.00015099819575, 0.000159724455443, 0.000205156306038, 7.65521253925e-05, 5.28410128027e-05, 8.6465581262e-05, 8.40471693664e-05, 0.000137286435347, 9.43299601204e-05, 7.4316158134e-05, 6.50208021398e-05, 7.17315269867e-05, 6.23387604719e-05, 3.28706082655e-05, 1.47187156472e-05], "dmean2": [0.000305864872644, 0.0110227661207, 0.0127452388406, 0.00644870707765, 0.00413814466447, 0.00138563325163, 0.000539910863154, 0.000690946239047, 0.000783158291597, 0.000524839386344, 0.000213972583879, 0.000314283563057, 0.000227091586567, 0.000229870929616, 0.000344985252013, 0.000121219680295, 8.4534920461e-05, 0.000136615883093, 0.000144662990351, 0.0002412024769, 0.000149410218, 0.000111914581794, 9.39617384574e-05, 0.000103455487988, 9.24224659684e-05, 5.1507162425e-05, 2.28509143199e-05], "dvar": [1.82040508889e-07, 0.000261603796389, 0.000207799472264, 5.37562773388e-05, 1.56046389748e-05, 6.39442578176e-06, 2.08952769754e-06, 3.16279852086e-06, 4.23827214036e-06, 2.20911852011e-06, 6.95160395026e-07, 7.02479553638e-07, 3.73463848291e-07, 5.57940666113e-07, 6.19599973106e-07, 1.31969684958e-07, 4.03757312029e-08, 7.03912590438e-08, 8.8948574728e-08, 3.19535104154e-07, 1.14757646941e-07, 6.78360905226e-08, 4.56329729559e-08, 5.39021094426e-08, 5.00989365548e-08, 1.63005537956e-08, 3.34040639594e-09], "dvar2": [3.96594458607e-07, 0.000685871171299, 0.000536291627213, 0.000149647108628, 4.0250706661e-05, 1.59483042808e-05, 4.52655149275e-06, 6.12959547652e-06, 8.83338361746e-06, 4.11339260609e-06, 1.22657877455e-06, 1.27833436636e-06, 7.26538758045e-07, 1.15114187338e-06, 1.6444511175e-06, 2.58654949903e-07, 1.04946238366e-07, 1.68009094637e-07, 2.41873635787e-07, 8.93328206075e-07, 2.90815648896e-07, 1.58476765932e-07, 9.26292429426e-08, 1.07309816144e-07, 1.10692930377e-07, 3.8172217387e-08, 7.5097652541e-09], "max": [0.00386221474037, 0.165807306767, 0.206262841821, 0.107365742326, 0.0953750833869, 0.119005590677, 0.0746159926057, 0.0794390365481, 0.076701246202, 0.0513781122863, 0.0429898276925, 0.0333841629326, 0.0232441406697, 0.0276351645589, 0.0195584185421, 0.0193865541369, 0.0103601906449, 0.00824747327715, 0.00440320931375, 0.00821498595178, 0.00390247488394, 0.00552664604038, 0.00476803164929, 0.0112194344401, 0.0048194527626, 0.00329236197285, 0.00144436978735], "mean": [0.000242414884269, 0.00708120595664, 0.0104797054082, 0.00520462030545, 0.00509235542268, 0.00159004982561, 0.000656968797557, 0.000941821373999, 0.000941234640777, 0.000837953411974, 0.000258237938397, 0.000473304418847, 0.000230659687077, 0.000274686084595, 0.000237588988966, 0.000100870231108, 6.76211275277e-05, 0.000125197911984, 7.85684678704e-05, 0.000112648704089, 8.74737888807e-05, 7.45672732592e-05, 7.53140848246e-05, 8.73232784215e-05, 6.28321649856e-05, 2.96610069199e-05, 1.30189009724e-05], "median": [5.93508448219e-05, 0.00171767466236, 0.00428415741771, 0.00292618386447, 0.0033097253181, 0.000406259408919, 0.000121418459457, 0.000129175386974, 5.5922770116e-05, 5.03372175444e-05, 1.63509394042e-05, 1.77504334715e-05, 1.0967624803e-05, 1.1189677025e-05, 1.18465013657e-05, 1.03068114186e-05, 1.04831060526e-05, 1.08048188849e-05, 9.64433547779e-06, 9.8760065157e-06, 6.19792172074e-06, 2.90338039122e-06, 4.44980651082e-06, 7.38645940146e-06, 2.78915831586e-06, 8.40349230202e-07, 2.31665865158e-07], "min": [9.2553026819e-25, 3.10518548983e-24, 1.19530304701e-24, 7.08200863738e-26, 1.41699755412e-23, 1.59079591777e-23, 6.32343249674e-24, 1.35701493747e-23, 1.93131419617e-23, 1.17331124186e-23, 2.12158791982e-23, 3.36353881679e-23, 2.11042443361e-23, 3.47981975412e-23, 5.53858547358e-23, 6.82713548863e-23, 7.62726953173e-23, 1.10990305984e-22, 1.33139324014e-22, 1.8604660934e-22, 2.3776812944e-22, 2.6994971638e-22, 4.21117654899e-22, 6.24427607937e-22, 8.52858653485e-22, 1.33769635237e-21, 2.15000962529e-21], "var": [2.4427603762e-07, 0.000238918117248, 0.000262622401351, 5.14516395924e-05, 3.59400692105e-05, 1.22840792756e-05, 7.03483010511e-06, 1.32566610773e-05, 1.25214473883e-05, 1.01020068541e-05, 2.16357625504e-06, 4.1247453737e-06, 1.07219204892e-06, 1.53696078087e-06, 7.97973996214e-07, 3.56617164243e-07, 5.29543520145e-08, 1.58585308441e-07, 6.9099172606e-08, 2.09695869557e-07, 1.02328350238e-07, 7.11014038757e-08, 6.42452135935e-08, 1.00846030193e-07, 5.84313966101e-08, 1.58891424462e-08, 3.33713545686e-09]}, "barkbands_crest": {"dmean": 2.94551086426, "dmean2": 4.8451666832, "dvar": 6.53382301331, "dvar2": 17.4932804108, "max": 25.7836647034, "mean": 12.0693454742, "median": 11.6401615143, "min": 2.77807712555, "var": 14.9184617996}, "barkbands_flatness_db": {"dmean": 0.0373310297728, "dmean2": 0.0552866645157, "dvar": 0.00153513497207, "dvar2": 0.00338746258058, "max": 0.489779651165, "mean": 0.232559785247, "median": 0.230134487152, "min": 0.0189059730619, "var": 0.00642080558464}, "barkbands_kurtosis": {"dmean": 14.079164505, "dmean2": 21.9396381378, "dvar": 495.041625977, "dvar2": 1241.09814453, "max": 393.60357666, "mean": 25.4538936615, "median": 15.1713504791, "min": -1.95456409454, "var": 1052.51318359}, "barkbands_skewness": {"dmean": 1.08954334259, "dmean2": 1.61749923229, "dvar": 1.2595641613, "dvar2": 2.95626735687, "max": 14.0287218094, "mean": 3.08147215843, "median": 2.77612018585, "min": -2.09827375412, "var": 4.47789049149}, "barkbands_spread": {"dmean": 4.56129407883, "dmean2": 6.6868057251, "dvar": 74.8386154175, "dvar2": 144.407867432, "max": 125.497886658, "mean": 10.1097717285, "median": 4.96107244492, "min": 0.319070249796, "var": 192.632263184}, "dissonance": {"dmean": 0.0307568386197, "dmean2": 0.0495242550969, "dvar": 0.000891197123565, "dvar2": 0.00227184803225, "max": 0.5, "mean": 0.427583068609, "median": 0.437903732061, "min": 0.140407696366, "var": 0.00250940816477}, "dynamic_complexity": 4.99778366089, "erbbands": {"dmean": [0.163763329387, 1.75695753098, 7.78253698349, 11.4638204575, 8.04231262207, 9.90306186676, 10.0269050598, 7.03584861755, 4.41487836838, 8.12887954712, 9.36163234711, 11.2389450073, 12.0764160156, 8.03167819977, 6.05605220795, 9.59087276459, 6.76388025284, 8.19811725616, 8.73797702789, 7.9334821701, 3.66819500923, 2.8381228447, 4.34086561203, 3.94857406616, 6.140812397, 5.81115627289, 4.50754213333, 3.26067590714, 2.57521176338, 2.55102682114, 1.82048857212, 1.42027974129, 1.18796741962, 0.777504563332, 0.404857873917, 0.173167765141, 0.0519370213151, 0.0138869555667, 0.00211348989978, 0.000191650091438], "dmean2": [0.238456860185, 3.05956935883, 12.6268663406, 19.5230083466, 13.71687603, 16.0757312775, 15.591219902, 11.1023569107, 6.6005616188, 12.4066457748, 13.6377210617, 16.2475910187, 17.0230827332, 10.7911939621, 8.55041122437, 12.9801702499, 9.93514156342, 11.6297779083, 14.1728286743, 12.5222587585, 5.62046718597, 4.49402475357, 6.78330993652, 6.25763463974, 11.0740919113, 10.1094455719, 7.35105705261, 5.08149003983, 3.88215303421, 3.79697823524, 2.62368631363, 2.07501077652, 1.7007420063, 1.15316796303, 0.606817007065, 0.267581403255, 0.0824639946222, 0.0217952560633, 0.00327056017704, 0.000295655685477], "dvar": [0.135771170259, 18.4482479095, 206.823516846, 517.840820313, 183.3671875, 275.304138184, 383.769927979, 623.454223633, 299.341583252, 1037.73022461, 1268.34155273, 2246.86254883, 2685.33325195, 1814.52722168, 580.548461914, 1349.58337402, 722.617736816, 1260.72045898, 1117.59545898, 920.251281738, 220.173965454, 91.2068405151, 181.144989014, 149.735076904, 755.563415527, 540.054016113, 268.875183105, 140.819824219, 74.9953308105, 84.281036377, 34.7570381165, 17.326002121, 19.6946868896, 8.0397939682, 2.20967769623, 0.420574486256, 0.0449178665876, 0.00273911096156, 7.08031002432e-05, 5.54549387743e-07], "dvar2": [0.273712962866, 51.4832649231, 529.397399902, 1438.03674316, 506.82510376, 720.592102051, 934.971679688, 1604.15734863, 583.947387695, 2339.59033203, 2331.47680664, 4608.99462891, 5176.09619141, 3243.56323242, 1177.45605469, 2182.71435547, 1365.64782715, 2491.60498047, 2768.14672852, 2078.12939453, 364.365447998, 233.989059448, 422.931335449, 357.897277832, 2158.37084961, 1497.34619141, 703.196228027, 349.506072998, 173.334793091, 191.736587524, 69.2195739746, 34.7033729553, 38.7058258057, 18.3922863007, 4.87652015686, 0.959677278996, 0.109374120831, 0.00636129733175, 0.000158854294568, 1.27422617879e-06], "max": [3.04895138741, 45.2370223999, 172.910308838, 380.641876221, 199.351409912, 362.182922363, 461.435577393, 1343.45202637, 1164.6204834, 1871.28417969, 1302.46936035, 1375.22241211, 1853.52282715, 1972.60693359, 943.762573242, 1728.25769043, 1287.38378906, 1368.54858398, 1279.73242188, 814.885253906, 884.469116211, 406.487213135, 336.789154053, 364.651977539, 428.651306152, 334.902252197, 229.289794922, 170.419281006, 164.511795044, 213.925918579, 138.89630127, 113.641273499, 296.393066406, 81.191192627, 31.4734573364, 15.2401599884, 5.75493431091, 1.07845830917, 0.199152395129, 0.0219718627632], "mean": [0.196327552199, 1.75765824318, 10.3339605331, 16.5542144775, 13.4087171555, 18.3643722534, 18.8087482452, 12.2210903168, 8.94035339355, 17.7295150757, 19.143239975, 20.8401374817, 26.8835391998, 19.4489955902, 11.7239208221, 21.6329364777, 11.6418828964, 15.2282352448, 11.2911148071, 10.420630455, 5.29436445236, 3.77963542938, 5.92188024521, 5.59283065796, 4.72388124466, 4.93279933929, 4.26891088486, 3.0303030014, 2.55379867554, 2.66004109383, 2.14587807655, 1.74905228615, 1.40782988071, 0.810256898403, 0.397555232048, 0.160821467638, 0.0451514348388, 0.0122862262651, 0.00188573985361, 0.000189054684597], "median": [0.0237950328737, 0.545158863068, 4.16420030594, 9.84642982483, 8.75750827789, 10.5784816742, 8.04767608643, 3.11526465416, 2.07477855682, 3.04441308975, 2.26434707642, 1.69872283936, 1.94652354717, 1.08617424965, 1.10403752327, 0.900349020958, 0.66015714407, 0.709689021111, 0.712806522846, 0.610898971558, 0.616527616978, 0.630012452602, 0.680218458176, 0.585668981075, 0.472409129143, 0.462923586369, 0.370955824852, 0.158451765776, 0.11132196337, 0.0956180542707, 0.14823782444, 0.155989587307, 0.0975618511438, 0.0479787141085, 0.0128505099565, 0.00441674888134, 0.00128606567159, 0.000360527541488, 5.58138708584e-05, 3.4059608879e-05], "min": [8.21552184658e-23, 7.89427824844e-22, 2.57815798723e-21, 2.68582152163e-21, 1.15210095379e-20, 4.89958496173e-20, 6.58042598307e-20, 1.27217056564e-19, 1.08154052499e-19, 2.1109408833e-19, 4.35894714506e-19, 5.01213393468e-19, 6.78645340921e-19, 9.31215428387e-19, 1.27223635234e-18, 1.31003199229e-18, 1.72742288329e-18, 2.44476352647e-18, 3.28327775418e-18, 3.55612638116e-18, 2.60595993475e-18, 4.49528780991e-18, 5.43764918686e-18, 5.29921099877e-18, 7.80085911558e-18, 8.99346413452e-18, 9.6555270891e-18, 1.14514346334e-17, 1.04579063453e-17, 1.02523064682e-17, 1.18954436796e-17, 1.11524816339e-17, 1.09392129653e-17, 8.20087704237e-18, 6.7166908575e-18, 4.56299088869e-18, 2.58087837101e-18, 1.06434704605e-18, 2.85258429967e-19, 2.92417199955e-20], "var": [0.189572557807, 14.1512556076, 255.304534912, 497.993774414, 238.619995117, 591.548095703, 940.306762695, 923.907653809, 1102.98522949, 5914.83398438, 4296.88916016, 6512.1640625, 9188.34472656, 10574.3896484, 1960.21789551, 8644.44824219, 2279.18579102, 4283.57617188, 2033.92468262, 1777.22631836, 732.534118652, 131.113830566, 328.469696045, 299.57208252, 457.278411865, 367.418670654, 221.637313843, 131.950836182, 79.7774887085, 93.621925354, 50.9619140625, 28.4019012451, 39.8378105164, 9.38152980804, 2.53830218315, 0.439240276814, 0.0399901978672, 0.0026784457732, 7.13226108928e-05, 5.30963347956e-07]}, "erbbands_crest": {"dmean": 2.98029756546, "dmean2": 4.69008159637, "dvar": 7.21430253983, "dvar2": 17.3895149231, "max": 32.0201644897, "mean": 11.8429670334, "median": 11.226064682, "min": 2.22858214378, "var": 24.1954021454}, "erbbands_flatness_db": {"dmean": 0.0286664944142, "dmean2": 0.0393185913563, "dvar": 0.000841030734591, "dvar2": 0.00169275386725, "max": 0.404769003391, "mean": 0.183978542686, "median": 0.183847993612, "min": 0.0357179269195, "var": 0.00379326683469}, "erbbands_kurtosis": {"dmean": 3.79377698898, "dmean2": 5.94187545776, "dvar": 45.585357666, "dvar2": 108.238883972, "max": 143.367874146, "mean": 5.97354698181, "median": 2.50931406021, "min": -1.92551600933, "var": 113.710609436}, "erbbands_skewness": {"dmean": 0.627268493176, "dmean2": 0.935229480267, "dvar": 0.464538633823, "dvar2": 1.02582967281, "max": 8.95364284515, "mean": 1.49081170559, "median": 1.36408305168, "min": -4.48586320877, "var": 2.23540472984}, "erbbands_spread": {"dmean": 12.6626520157, "dmean2": 18.6271343231, "dvar": 272.515228271, "dvar2": 556.110595703, "max": 190.214370728, "mean": 35.2531433105, "median": 26.0127830505, "min": 1.14746069908, "var": 849.40435791}, "gfcc": {"cov": [[24105.8554688, -54.7185096741, -2046.03833008, 208.862640381, -611.009094238, 672.655517578, -397.114532471, 144.947296143, -347.980072021, -92.4678573608, -103.858078003, -305.676025391, -241.508102417], [-54.7185096741, 2012.47302246, -105.364395142, -255.670974731, 127.893432617, -260.317108154, 122.678894043, 38.5972595215, 62.8020362854, -180.88053894, 197.160217285, -113.251930237, 84.3566970825], [-2046.03833008, -105.364395142, 1181.94897461, 297.604064941, -23.3323936462, -30.6990795135, 2.44333219528, -75.314453125, 84.2701950073, 54.8010749817, -96.9903869629, 125.31741333, -48.0836982727], [208.862640381, -255.670974731, 297.604064941, 554.887939453, 104.315711975, -20.5643005371, -22.1049041748, -43.8398323059, 75.2747802734, 43.9474143982, -85.6057891846, 43.7934036255, 16.9321479797], [-611.009094238, 127.893432617, -23.3323936462, 104.315711975, 349.16494751, -27.1181488037, 66.2660751343, -15.1488523483, 7.77591943741, 2.89632534981, 1.46559894085, 2.46823310852, 40.8175926208], [672.655517578, -260.317108154, -30.6990795135, -20.5643005371, -27.1181488037, 297.594573975, 59.2033424377, 7.46440649033, -21.4490966797, 7.98542833328, 13.7271690369, -22.9115371704, -35.1795043945], [-397.114532471, 122.678894043, 2.44333219528, -22.1049041748, 66.2660751343, 59.2033424377, 224.622817993, 34.1218299866, -1.63264262676, -1.19701600075, 26.6809844971, -12.6949481964, -1.96161031723], [144.947296143, 38.5972595215, -75.314453125, -43.8398323059, -15.1488523483, 7.46440649033, 34.1218299866, 151.67779541, 50.0567932129, -11.2536878586, 9.65773773193, -26.992816925, -9.90472316742], [-347.980072021, 62.8020362854, 84.2701950073, 75.2747802734, 7.77591943741, -21.4490966797, -1.63264262676, 50.0567932129, 145.792144775, 28.1639022827, -5.50175952911, -8.34520339966, -1.07901978493], [-92.4678573608, -180.88053894, 54.8010749817, 43.9474143982, 2.89632534981, 7.98542833328, -1.19701600075, -11.2536878586, 28.1639022827, 114.939277649, -16.428401947, 24.6308345795, -15.3168096542], [-103.858078003, 197.160217285, -96.9903869629, -85.6057891846, 1.46559894085, 13.7271690369, 26.6809844971, 9.65773773193, -5.50175952911, -16.428401947, 137.559066772, -1.63604199886, 12.6901788712], [-305.676025391, -113.251930237, 125.31741333, 43.7934036255, 2.46823310852, -22.9115371704, -12.6949481964, -26.992816925, -8.34520339966, 24.6308345795, -1.63604199886, 117.902359009, 26.3458347321], [-241.508102417, 84.3566970825, -48.0836982727, 16.9321479797, 40.8175926208, -35.1795043945, -1.96161031723, -9.90472316742, -1.07901978493, -15.3168096542, 12.6901788712, 26.3458347321, 90.52003479]], "icov": [[8.5017112724e-05, -0.000142465680256, 0.000213781764614, -0.000255606690189, 0.00017892140022, -0.00029546499718, 0.000219688969082, -0.000158922543051, 0.000304513261653, -0.000129796666442, 0.000223194903811, -0.000138672170579, 0.000303563807392], [-0.000142465680256, 0.00129887834191, -0.000573955185246, 0.000873518933076, -0.000557960534934, 0.00149313674774, -0.000944262195844, 0.000658010481857, -0.00128486764152, 0.00148727046326, -0.00159229221754, 0.00133791670669, -0.00110522273462], [0.000213781764614, -0.000573955185246, 0.00189364072867, -0.00117320218123, 0.000724507437553, -0.000831610464957, 0.000260544969933, 0.000262140791165, 8.20063996798e-06, -0.000204012772883, 0.00135373021476, -0.00206839363091, 0.00209282734431], [-0.000255606690189, 0.000873518933076, -0.00117320218123, 0.00361285754479, -0.00142169487663, 0.00107621354982, -0.000624446489383, 0.0012996152509, -0.00250173779204, 0.000692251720466, 6.10688657616e-05, 0.000610993127339, -0.00170607317705], [0.00017892140022, -0.000557960534934, 0.000724507437553, -0.00142169487663, 0.00399679411203, -0.000440806383267, -0.000693255045917, 5.55817096028e-05, 0.000828730757348, -0.000731134670787, 0.000680417288095, -0.000217141147004, -0.000480407528812], [-0.00029546499718, 0.00149313674774, -0.000831610464957, 0.00107621354982, -0.000440806383267, 0.00583722721785, -0.00239445175976, 0.000937984208576, -0.00110741355456, 0.0012443875894, -0.00229846546426, 0.001962228911, -0.000356267904863], [0.000219688969082, -0.000944262195844, 0.000260544969933, -0.000624446489383, -0.000693255045917, -0.00239445175976, 0.00641172612086, -0.00216488307342, 0.00186026503798, -0.00136450387072, 0.000294803496217, -0.000413340574596, 0.000875661615282], [-0.000158922543051, 0.000658010481857, 0.000262140791165, 0.0012996152509, 5.55817096028e-05, 0.000937984208576, -0.00216488307342, 0.00952817965299, -0.00504620373249, 0.00221457588486, -0.000375438597985, 0.000681997218635, 0.000362782244338], [0.000304513261653, -0.00128486764152, 8.20063996798e-06, -0.00250173779204, 0.000828730757348, -0.00110741355456, 0.00186026503798, -0.00504620373249, 0.0118724768981, -0.00424891896546, 0.000573773111682, 0.000973976042587, 0.000224876086577], [-0.000129796666442, 0.00148727046326, -0.000204012772883, 0.000692251720466, -0.000731134670787, 0.0012443875894, -0.00136450387072, 0.00221457588486, -0.00424891896546, 0.0123979113996, -0.000813855789602, -0.00160971900914, 0.001685684314], [0.000223194903811, -0.00159229221754, 0.00135373021476, 6.10688657616e-05, 0.000680417288095, -0.00229846546426, 0.000294803496217, -0.000375438597985, 0.000573773111682, -0.000813855789602, 0.0107318842784, -0.00272669107653, 0.000710460182745], [-0.000138672170579, 0.00133791670669, -0.00206839363091, 0.000610993127339, -0.000217141147004, 0.001962228911, -0.000413340574596, 0.000681997218635, 0.000973976042587, -0.00160971900914, -0.00272669107653, 0.0135212242603, -0.00571748660877], [0.000303563807392, -0.00110522273462, 0.00209282734431, -0.00170607317705, -0.000480407528812, -0.000356267904863, 0.000875661615282, 0.000362782244338, 0.000224876086577, 0.001685684314, 0.000710460182745, -0.00571748660877, 0.0163072105497]], "mean": [-93.6834335327, 118.910133362, -63.5998001099, 37.4257736206, -46.6558113098, 8.23943138123, -35.2119598389, 1.06107127666, -26.1817646027, -9.90224075317, -14.3363380432, -10.4096879959, -10.2047615051]}, "hfc": {"dmean": 6.93009471893, "dmean2": 10.2474422455, "dvar": 254.349365234, "dvar2": 562.528808594, "max": 263.11807251, "mean": 13.311375618, "median": 6.22906541824, "min": 1.09604038437e-16, "var": 399.728607178}, "melbands": {"dmean": [0.00162091467064, 0.00343405641615, 0.00184333790094, 0.000549674790818, 0.000403089623433, 0.000156766996952, 6.67815402267e-05, 9.15273121791e-05, 8.11980935396e-05, 7.14401394362e-05, 5.98560545768e-05, 3.34410578944e-05, 1.97890785785e-05, 2.67495033768e-05, 1.87962396012e-05, 1.50426176333e-05, 1.62321430253e-05, 1.35234076879e-05, 1.52891625476e-05, 6.89373064233e-06, 4.23308983954e-06, 3.01360933008e-06, 3.40683391187e-06, 4.30342424806e-06, 3.18476077155e-06, 3.11098483508e-06, 5.51994162379e-06, 3.68336145584e-06, 3.02408284369e-06, 2.04501202461e-06, 1.89252170912e-06, 1.38099494507e-06, 1.6245213601e-06, 1.35260199841e-06, 1.13674332169e-06, 9.11382016966e-07, 8.70277460763e-07, 8.85645533799e-07, 7.46589421396e-07, 6.45593161153e-07], "dmean2": [0.00250733387657, 0.00568913435563, 0.00312321959063, 0.000919549376704, 0.000626944296528, 0.000244785100222, 9.98767500278e-05, 0.00013796678104, 0.000118953808851, 0.00010243896395, 8.41068249429e-05, 4.47115598945e-05, 2.76573628071e-05, 3.76408825105e-05, 2.58909021795e-05, 2.26288302656e-05, 2.29318975471e-05, 2.12645882129e-05, 2.59273583652e-05, 1.04352666312e-05, 6.48757804811e-06, 4.81480083181e-06, 5.35515573574e-06, 6.83583402861e-06, 5.04313720739e-06, 5.45971442989e-06, 1.01124269349e-05, 6.3437546487e-06, 4.97476185046e-06, 3.23640756505e-06, 2.99962766803e-06, 2.1202993139e-06, 2.48204219133e-06, 2.02668275051e-06, 1.63991251156e-06, 1.35482548558e-06, 1.28111037156e-06, 1.27137707295e-06, 1.0962108945e-06, 9.77558215709e-07], "dvar": [1.4308043319e-05, 4.38493807451e-05, 1.23017916849e-05, 7.33732917979e-07, 5.24648157807e-07, 2.6140207865e-07, 6.30150864822e-08, 1.23843875599e-07, 1.03315130673e-07, 8.39511145045e-08, 6.66469333055e-08, 3.0846475596e-08, 8.34126012705e-09, 1.04431441272e-08, 4.80953277204e-09, 3.54738594055e-09, 5.73585934305e-09, 3.00642044593e-09, 3.67150554403e-09, 1.06237962871e-09, 3.34218180909e-10, 1.39818073785e-10, 9.53225970379e-11, 1.95710780915e-10, 1.00072290732e-10, 1.47051440469e-10, 6.97809199313e-10, 1.97498489785e-10, 1.18537665794e-10, 5.58272039708e-11, 5.02952540726e-11, 2.12486816337e-11, 3.79378715942e-11, 2.28597991231e-11, 1.46203639473e-11, 7.17655318852e-12, 7.17209321446e-12, 1.12854083717e-11, 7.87110220751e-12, 6.32690731403e-12], "dvar2": [3.43364845321e-05, 0.000115375194582, 3.40042461175e-05, 2.01742568606e-06, 1.27097098357e-06, 6.4726640403e-07, 1.25192215705e-07, 2.83572973103e-07, 2.04008586024e-07, 1.6995095109e-07, 1.27867039623e-07, 5.42458877817e-08, 1.50094852103e-08, 1.8409238578e-08, 8.38726421648e-09, 7.50920658987e-09, 1.12707159161e-08, 6.89497747786e-09, 9.93483162404e-09, 2.09135775364e-09, 5.67996150114e-10, 3.66661728757e-10, 2.23645976738e-10, 4.64853766591e-10, 2.33596336718e-10, 4.12122780347e-10, 2.00984873189e-09, 5.41072797677e-10, 3.12357362198e-10, 1.41159070544e-10, 1.26582619386e-10, 4.97009759737e-11, 9.11976674733e-11, 5.06169516024e-11, 2.96869057115e-11, 1.49381427367e-11, 1.47072545115e-11, 2.2660113369e-11, 1.68938005946e-11, 1.5223407604e-11], "max": [0.0351149663329, 0.0644387826324, 0.0577779300511, 0.0146059477702, 0.0208093021065, 0.0274094734341, 0.015936806798, 0.02096770145, 0.0117189083248, 0.00865226052701, 0.0094548733905, 0.00861331447959, 0.00413203146309, 0.00370606943034, 0.00254659727216, 0.00246206577867, 0.00243049697019, 0.00273583270609, 0.00101791939232, 0.00191078160424, 0.00101886619814, 0.000616722449195, 0.000228347140364, 0.000489148311317, 0.0003329438332, 0.000203257513931, 0.000395134818973, 0.000182883624802, 0.000152743450599, 0.000109583626909, 0.000108506596007, 7.1936265158e-05, 0.000156385125592, 0.00010646017472, 0.000102310958027, 6.18618068984e-05, 8.10823621578e-05, 0.000220673551667, 0.000128889209009, 7.85708907642e-05], "mean": [0.00182349944953, 0.00434295274317, 0.00281319557689, 0.00107046111953, 0.000762961280998, 0.00027547540958, 0.000132738932734, 0.000197475543246, 0.000162099619047, 0.000129257925437, 0.000130806351081, 7.85411684774e-05, 3.46893102687e-05, 5.79700317758e-05, 3.54533731297e-05, 2.27636119234e-05, 2.93093871733e-05, 1.70752609847e-05, 1.69418490259e-05, 9.57267093327e-06, 5.62952982364e-06, 3.72975955543e-06, 4.67953304906e-06, 5.81146105105e-06, 4.46432250101e-06, 2.62523963102e-06, 3.90081277146e-06, 3.22111623063e-06, 2.90550087811e-06, 1.89849299659e-06, 1.71620786205e-06, 1.35735888307e-06, 1.59348849138e-06, 1.42333817621e-06, 1.29020679651e-06, 1.09500854251e-06, 1.05079527657e-06, 1.02941805835e-06, 8.29197801977e-07, 6.42699831133e-07], "median": [0.000346230895957, 0.00172846834175, 0.00183557579294, 0.000745222438127, 0.000362359976862, 6.67469139444e-05, 2.75935890386e-05, 3.10781324515e-05, 1.45569738379e-05, 8.72677810548e-06, 8.30674798635e-06, 3.52364213541e-06, 2.68065332421e-06, 2.53838607023e-06, 1.81951565992e-06, 1.09502252599e-06, 1.17280478662e-06, 9.90734633888e-07, 8.01464580036e-07, 7.29271960154e-07, 6.44514102532e-07, 5.85270186093e-07, 6.08552340964e-07, 5.25723294231e-07, 4.20793526246e-07, 3.22789048823e-07, 3.04903892356e-07, 2.7847175943e-07, 2.43980139203e-07, 1.26401744183e-07, 6.18711908373e-08, 5.94983049496e-08, 4.93939680268e-08, 4.86055498072e-08, 6.73111628657e-08, 1.04152505287e-07, 8.3301827658e-08, 6.27932905672e-08, 5.01913426376e-08, 3.17272217387e-08], "min": [8.62474249453e-25, 1.36201765667e-24, 6.16038638612e-25, 2.24727302577e-24, 2.75159732451e-24, 2.91064292427e-24, 1.43639136421e-24, 2.71578146169e-24, 2.95111996896e-24, 2.77286974768e-24, 2.94699067655e-24, 3.28965864036e-24, 3.73122215155e-24, 3.50790036245e-24, 2.43969434436e-24, 2.95268487178e-24, 3.49739352405e-24, 4.31619880038e-24, 3.30514812145e-24, 4.72365374096e-24, 1.81770236971e-24, 4.05159513124e-24, 4.81389627308e-24, 4.32362277035e-24, 3.76816726876e-24, 4.99410326383e-24, 4.83263645274e-24, 5.47070422934e-24, 4.97251371858e-24, 5.76149571395e-24, 6.01698015102e-24, 5.26088261134e-24, 5.14458834227e-24, 4.68182912463e-24, 6.21191478045e-24, 6.7769699304e-24, 6.45728799286e-24, 7.18045571734e-24, 6.37914422045e-24, 6.73442271748e-24], "var": [1.58520506375e-05, 4.76040113426e-05, 1.22848741739e-05, 1.37537335831e-06, 1.32425236643e-06, 4.4578510483e-07, 2.52414821489e-07, 7.53106405682e-07, 3.46042781985e-07, 2.5152067451e-07, 2.28701168226e-07, 1.90038548453e-07, 2.70975384353e-08, 6.17500433009e-08, 2.03260910325e-08, 1.03518686956e-08, 1.80216002121e-08, 6.36409014376e-09, 4.03297217844e-09, 2.5704136597e-09, 8.97756424756e-10, 1.77008532831e-10, 1.83046730551e-10, 3.91616711282e-10, 2.10088654806e-10, 9.88936987856e-11, 4.04483585514e-10, 1.41407788257e-10, 9.71021388296e-11, 4.9767728133e-11, 4.58552119886e-11, 2.21622095675e-11, 3.72142490435e-11, 2.67792975295e-11, 2.04451022084e-11, 1.10047327154e-11, 1.12226304638e-11, 2.21007309675e-11, 1.20488315505e-11, 6.68036632956e-12]}, "melbands_crest": {"dmean": 3.47648215294, "dmean2": 5.68904209137, "dvar": 8.91108608246, "dvar2": 22.7258777618, "max": 37.9660568237, "mean": 16.8411922455, "median": 16.43491745, "min": 1.62803411484, "var": 24.4124755859}, "melbands_flatness_db": {"dmean": 0.0439004637301, "dmean2": 0.0650986656547, "dvar": 0.00220931507647, "dvar2": 0.00485265534371, "max": 0.632227659225, "mean": 0.336704492569, "median": 0.337384015322, "min": 0.00360609823838, "var": 0.00996099505574}, "melbands_kurtosis": {"dmean": 26.0231056213, "dmean2": 40.0863037109, "dvar": 1548.06713867, "dvar2": 3745.27490234, "max": 652.404052734, "mean": 47.7890014648, "median": 26.5220108032, "min": -1.61444103718, "var": 3689.54541016}, "melbands_skewness": {"dmean": 1.35367774963, "dmean2": 2.03476905823, "dvar": 2.18908548355, "dvar2": 4.91799068451, "max": 20.392906189, "mean": 3.99512863159, "median": 3.40868711472, "min": -1.25222623348, "var": 7.49237442017}, "melbands_spread": {"dmean": 4.04974651337, "dmean2": 6.29245042801, "dvar": 77.4340744019, "dvar2": 185.19229126, "max": 174.266616821, "mean": 9.09666824341, "median": 4.06435966492, "min": 0.301401734352, "var": 208.352859497}, "mfcc": {"cov": [[14719.9570313, 69.8719177246, -993.086364746, -451.400085449, -144.763137817, 7.17334794998, 149.170394897, 9.12016010284, -178.632263184, 285.215423584, -106.480148315, 21.0045204163, -237.002670288], [69.8719177246, 2277.65429688, -15.656129837, 79.6083831787, 23.7447719574, -261.237365723, 107.582374573, 49.6663208008, -89.3901824951, 41.5815391541, -64.9490203857, 79.0103225708, -49.5377120972], [-993.086364746, -15.656129837, 970.436340332, 203.449676514, 1.37447392941, 137.896194458, -115.176116943, 39.6097335815, 42.5559921265, -89.0600280762, 80.0499649048, -10.4195356369, 81.9058761597], [-451.400085449, 79.6083831787, 203.449676514, 562.695922852, 132.506942749, 81.1084518433, -71.8068161011, -12.8078536987, 105.926300049, -77.1214752197, 6.44853258133, -6.05531072617, 80.4732513428], [-144.763137817, 23.7447719574, 1.37447392941, 132.506942749, 236.647125244, 40.5453262329, -21.9727725983, -1.0567817688, 21.5571632385, 1.59867012501, -22.6477909088, 3.49438071251, -5.60601520538], [7.17334794998, -261.237365723, 137.896194458, 81.1084518433, 40.5453262329, 280.018615723, 44.6429405212, -3.98207902908, 40.0511779785, -39.8275337219, 47.7639427185, -34.3136444092, 20.9150505066], [149.170394897, 107.582374573, -115.176116943, -71.8068161011, -21.9727725983, 44.6429405212, 212.547332764, 47.2954139709, -20.8401050568, 20.6518173218, 3.80910778046, 8.42566204071, -26.9476890564], [9.12016010284, 49.6663208008, 39.6097335815, -12.8078536987, -1.0567817688, -3.98207902908, 47.2954139709, 124.625762939, 22.6669750214, 21.6397628784, 6.29778766632, 17.1616268158, 2.96853685379], [-178.632263184, -89.3901824951, 42.5559921265, 105.926300049, 21.5571632385, 40.0511779785, -20.8401050568, 22.6669750214, 140.388412476, 10.8200130463, 21.9019126892, -15.4580497742, 25.6469955444], [285.215423584, 41.5815391541, -89.0600280762, -77.1214752197, 1.59867012501, -39.8275337219, 20.6518173218, 21.6397628784, 10.8200130463, 155.694854736, 19.7562217712, 22.8330955505, -41.144744873], [-106.480148315, -64.9490203857, 80.0499649048, 6.44853258133, -22.6477909088, 47.7639427185, 3.80910778046, 6.29778766632, 21.9019126892, 19.7562217712, 118.639595032, 12.7689161301, 16.0876064301], [21.0045204163, 79.0103225708, -10.4195356369, -6.05531072617, 3.49438071251, -34.3136444092, 8.42566204071, 17.1616268158, -15.4580497742, 22.8330955505, 12.7689161301, 91.5551071167, 12.4544048309], [-237.002670288, -49.5377120972, 81.9058761597, 80.4732513428, -5.60601520538, 20.9150505066, -26.9476890564, 2.96853685379, 25.6469955444, -41.144744873, 16.0876064301, 12.4544048309, 105.208953857]], "icov": [[7.89322366472e-05, -7.90572994447e-06, 8.14037848613e-05, -7.47541253077e-06, 8.10836718301e-05, -0.000123906662338, 6.95534108672e-05, -5.82411666983e-05, 9.98417890514e-05, -0.000124116035295, 7.13897825335e-05, -2.10432608583e-05, 8.35397731862e-05], [-7.90572994447e-06, 0.000580750696827, -0.000149605999468, -0.000280014792224, -8.11006175354e-05, 0.000688807573169, -0.000548649812117, -5.05617799718e-06, 0.000276605278486, -5.73463148612e-05, 0.000102428646642, -0.000205904376344, 0.000223505237955], [8.14037848613e-05, -0.000149605999468, 0.00160241557751, -0.00030522965244, 0.00038731796667, -0.000981874880381, 0.00127366813831, -0.00112267280929, 0.00047276620171, 0.000381435849704, -0.000720117066521, 9.4646733487e-05, -0.000194517997443], [-7.47541253077e-06, -0.000280014792224, -0.00030522965244, 0.00307670771144, -0.00143926253077, -0.000354003132088, 0.00035461600055, 0.000614668359049, -0.00203596008942, 0.00106103357393, 0.000102251200587, -0.000263282650849, -0.00127044715919], [8.10836718301e-05, -8.11006175354e-05, 0.00038731796667, -0.00143926253077, 0.00558721739799, -0.00144625862595, 0.000983500853181, -0.000511083111633, 0.000311016046908, -0.000857782026287, 0.00149749265984, -0.000863167340867, 0.00125729013234], [-0.000123906662338, 0.000688807573169, -0.000981874880381, -0.000354003132088, -0.00144625862595, 0.00636204984039, -0.00291973003186, 0.0011491990881, -0.000915245211218, 0.00119172642007, -0.00203252374195, 0.00165581551846, -0.00023775632144], [6.95534108672e-05, -0.000548649812117, 0.00127366813831, 0.00035461600055, 0.000983500853181, -0.00291973003186, 0.00744927348569, -0.00321467453614, 0.00117833749391, -0.00010410942923, -0.000107078340079, -0.000486831064336, 0.00101314892527], [-5.82411666983e-05, -5.05617799718e-06, -0.00112267280929, 0.000614668359049, -0.000511083111633, 0.0011491990881, -0.00321467453614, 0.0105326417834, -0.00269967899658, -0.000797310029157, 0.000539314816706, -0.00154006073717, -0.000659850018565], [9.98417890514e-05, 0.000276605278486, 0.00047276620171, -0.00203596008942, 0.000311016046908, -0.000915245211218, 0.00117833749391, -0.00269967899658, 0.0105269979686, -0.00236221193336, -0.00104111281689, 0.00241541210562, -0.00149583548773], [-0.000124116035295, -5.73463148612e-05, 0.000381435849704, 0.00106103357393, -0.000857782026287, 0.00119172642007, -0.00010410942923, -0.000797310029157, -0.00236221193336, 0.00945390015841, -0.00240717711858, -0.00202328059822, 0.00317872851156], [7.13897825335e-05, 0.000102428646642, -0.000720117066521, 0.000102251200587, 0.00149749265984, -0.00203252374195, -0.000107078340079, 0.000539314816706, -0.00104111281689, -0.00240717711858, 0.0110600935295, -0.00207193614915, -0.00100087653846], [-2.10432608583e-05, -0.000205904376344, 9.4646733487e-05, -0.000263282650849, -0.000863167340867, 0.00165581551846, -0.000486831064336, -0.00154006073717, 0.00241541210562, -0.00202328059822, -0.00207193614915, 0.0137165002525, -0.00316003221087], [8.35397731862e-05, 0.000223505237955, -0.000194517997443, -0.00127044715919, 0.00125729013234, -0.00023775632144, 0.00101314892527, -0.000659850018565, -0.00149583548773, 0.00317872851156, -0.00100087653846, -0.00316003221087, 0.0134487776086]], "mean": [-746.360595703, 146.879150391, 40.4285392761, 35.4426765442, 17.8535137177, 6.05523061752, 6.7296795845, 3.24064922333, -3.63782215118, 2.04055929184, -7.63117599487, -2.16671442986, -8.13761901855]}, "pitch_salience": {"dmean": 0.0840370208025, "dmean2": 0.136626601219, "dvar": 0.00577031774446, "dvar2": 0.014935253188, "max": 0.899896979332, "mean": 0.517760038376, "median": 0.516873598099, "min": 0.0639827176929, "var": 0.0135091245174}, "silence_rate_20dB": {"dmean": 0, "dmean2": 0, "dvar": 0, "dvar2": 0, "max": 1, "mean": 1, "median": 1, "min": 1, "var": 0}, "silence_rate_30dB": {"dmean": 0.0582311302423, "dmean2": 0.11647387594, "dvar": 0.0548413097858, "dvar2": 0.127035081387, "max": 1, "mean": 0.948654055595, "median": 1, "min": 0, "var": 0.0487061738968}, "silence_rate_60dB": {"dmean": 0.0169508419931, "dmean2": 0.0339050665498, "dvar": 0.0166653841734, "dvar2": 0.0377409309149, "max": 1, "mean": 0.0927218347788, "median": 0, "min": 0, "var": 0.0841233432293}, "spectral_centroid": {"dmean": 187.273971558, "dmean2": 282.982666016, "dvar": 113678.765625, "dvar2": 247691.671875, "max": 11590.9140625, "mean": 624.603881836, "median": 386.678497314, "min": 124.721038818, "var": 753065.375}, "spectral_complexity": {"dmean": 2.83338308334, "dmean2": 4.42461109161, "dvar": 35.5037155151, "dvar2": 70.1196136475, "max": 58, "mean": 8.63160514832, "median": 7, "min": 0, "var": 60.425075531}, "spectral_contrast_coeffs": {"dmean": [0.0505618043244, 0.0470311306417, 0.0391315445304, 0.0328353457153, 0.0249015688896, 0.0199790932238], "dmean2": [0.0835501551628, 0.0755364373326, 0.0606398321688, 0.0506603382528, 0.0381942875683, 0.0313860215247], "dvar": [0.00164248351939, 0.00165754905902, 0.00122660899069, 0.000920181686524, 0.00054774741875, 0.000420299125835], "dvar2": [0.00448564672843, 0.0040981201455, 0.00261948397383, 0.00205331225879, 0.00122638291214, 0.00102341221645], "max": [-0.30364343524, -0.369442641735, -0.393999099731, -0.455053329468, -0.561842501163, -0.637566447258], "mean": [-0.607097029686, -0.706224322319, -0.764042913914, -0.796554267406, -0.813894569874, -0.811867892742], "median": [-0.601030111313, -0.713623523712, -0.786118984222, -0.817331671715, -0.825384378433, -0.812971055508], "min": [-0.973288476467, -0.979095578194, -0.978282809258, -0.972614526749, -0.965965151787, -0.964432954788], "var": [0.00682519795373, 0.00894632656127, 0.0104754250497, 0.00679258210585, 0.00361169176176, 0.00149575690739]}, "spectral_contrast_valleys": {"dmean": [0.451213151217, 0.430897802114, 0.458718836308, 0.516114234924, 0.523316442966, 0.488060206175], "dmean2": [0.715039610863, 0.68359464407, 0.698910355568, 0.742628335953, 0.692675828934, 0.594478130341], "dvar": [0.174248471856, 0.192117884755, 0.227561339736, 0.309299588203, 0.326118439436, 0.288510978222], "dvar2": [0.373889386654, 0.441401720047, 0.460522502661, 0.624752044678, 0.672910451889, 0.51620900631], "max": [-4.70491456985, -4.86924791336, -5.02310800552, -5.58864784241, -5.42343139648, -7.4595208168], "mean": [-7.1463227272, -7.76698493958, -8.68086528778, -9.21989059448, -9.02005672455, -11.1591806412], "median": [-6.83668613434, -7.42900371552, -8.41368293762, -9.02955436707, -8.83497238159, -10.9886741638], "min": [-28.1919593811, -27.8427085876, -27.6423225403, -27.6478004456, -27.5921974182, -27.3765258789], "var": [3.61653518677, 3.490016222, 3.42222285271, 3.48168587685, 3.48190546036, 3.34120535851]}, "spectral_decrease": {"dmean": 4.56755966383e-09, "dmean2": 7.22821269505e-09, "dvar": 6.45093675184e-17, "dvar2": 1.62424788034e-16, "max": 1.54805623003e-28, "mean": -9.07485819823e-09, "median": -6.22641671555e-09, "min": -8.97532501654e-08, "var": 9.17203009489e-17}, "spectral_energy": {"dmean": 0.0177099723369, "dmean2": 0.0279637705535, "dvar": 0.000950889661908, "dvar2": 0.00238596950658, "max": 0.344103246927, "mean": 0.0354579128325, "median": 0.0243508443236, "min": 1.01749887719e-20, "var": 0.0013750421349}, "spectral_energyband_high": {"dmean": 0.000447459431598, "dmean2": 0.000656110758428, "dvar": 2.11245674109e-06, "dvar2": 4.59082275484e-06, "max": 0.0263762976974, "mean": 0.000490218633786, "median": 4.47589955002e-05, "min": 7.2324989223e-21, "var": 2.53597272604e-06}, "spectral_energyband_low": {"dmean": 0.0148794753477, "dmean2": 0.0237786993384, "dvar": 0.000819322711322, "dvar2": 0.00208628783002, "max": 0.298850983381, "mean": 0.0210101548582, "median": 0.0100694028661, "min": 2.3739178599e-23, "var": 0.000950608286075}, "spectral_energyband_middle_high": {"dmean": 0.00115275848657, "dmean2": 0.00170677446295, "dvar": 9.41353482631e-06, "dvar2": 2.08261735679e-05, "max": 0.0821671262383, "mean": 0.00249093468301, "median": 0.000279409519862, "min": 1.22781057787e-21, "var": 3.6732366425e-05}, "spectral_energyband_middle_low": {"dmean": 0.00628332048655, "dmean2": 0.0103834001347, "dvar": 9.9021672213e-05, "dvar2": 0.000265835784376, "max": 0.141868710518, "mean": 0.0148340398446, "median": 0.0112383347005, "min": 1.29746086162e-22, "var": 0.000201651884709}, "spectral_entropy": {"dmean": 0.369409054518, "dmean2": 0.527628719807, "dvar": 0.164893880486, "dvar2": 0.344373971224, "max": 9.81905269623, "mean": 6.67022228241, "median": 6.60656166077, "min": 4.06417226791, "var": 0.699241399765}, "spectral_flux": {"dmean": 0.0390169098973, "dmean2": 0.0598131977022, "dvar": 0.00282570510171, "dvar2": 0.00595701206475, "max": 0.528718173504, "mean": 0.088697001338, "median": 0.068693831563, "min": 6.4583664805e-11, "var": 0.00512051582336}, "spectral_kurtosis": {"dmean": 4.13504219055, "dmean2": 6.2830119133, "dvar": 33.6705703735, "dvar2": 75.8760070801, "max": 75.6737060547, "mean": 9.7701177597, "median": 7.12114524841, "min": -1.51972067356, "var": 91.8132400513}, "spectral_rms": {"dmean": 0.00127007928677, "dmean2": 0.00191345566418, "dvar": 2.92333379548e-06, "dvar2": 6.63521223032e-06, "max": 0.018322404474, "mean": 0.00515479873866, "median": 0.0048741074279, "min": 3.15068544171e-12, "var": 8.02124486654e-06}, "spectral_rolloff": {"dmean": 326.253753662, "dmean2": 559.779968262, "dvar": 1052947.875, "dvar2": 2434951.75, "max": 19530.6152344, "mean": 710.259094238, "median": 279.931640625, "min": 21.533203125, "var": 2870646.5}, "spectral_skewness": {"dmean": 0.475859850645, "dmean2": 0.693303048611, "dvar": 0.305396676064, "dvar2": 0.657404243946, "max": 7.40061426163, "mean": 2.37608337402, "median": 2.23441791534, "min": -0.387768089771, "var": 1.16539120674}, "spectral_spread": {"dmean": 846804.8125, "dmean2": 1177505.5, "dvar": 1031206993920.0, "dvar2": 1922587426820.0, "max": 42502680, "mean": 4695476, "median": 411807