{"lowlevel": {"average_loudness": 0.851558804512, "barkbands": {"dmean": [1.81889345185e-06, 0.000311613257509, 0.000839221116621, 0.00136218697298, 0.00253422884271, 0.000749228696804, 0.00033874536166, 0.0010040133493, 0.000385350111173, 0.000271935336059, 0.000420747644966, 0.000222002301598, 0.000630033260677, 0.00023212537053, 0.00045983408927, 0.000361578626325, 0.000418917450588, 0.000256229977822, 0.000252163474215, 0.000102449266706, 4.85819728056e-05, 5.56133600185e-05, 3.62880819011e-05, 2.85573569272e-05, 6.63340824758e-06, 9.83833956525e-07, 8.98741561173e-08], "dmean2": [3.19145624417e-06, 0.000507716613356, 0.00139819225296, 0.00230813259259, 0.00399459851906, 0.00111335178372, 0.00047399327741, 0.00138382054865, 0.000533686077688, 0.000381437333999, 0.0006315743085, 0.00034619885264, 0.000935766613111, 0.000365308456821, 0.000701261742506, 0.000593629374634, 0.000688436848577, 0.000424390775152, 0.000416893715737, 0.000165781268151, 7.4810886872e-05, 8.27618205221e-05, 5.41971858183e-05, 4.31583866884e-05, 9.72209272732e-06, 1.47783896409e-06, 1.55089665554e-07], "dvar": [3.72393574311e-11, 4.41057352418e-07, 3.07742197947e-06, 8.23670507089e-06, 2.31311823882e-05, 3.02749322145e-06, 1.34973254262e-06, 8.0881309259e-06, 1.26884356177e-06, 4.50812649433e-07, 6.91722505053e-07, 2.04165203854e-07, 2.41204224949e-06, 3.24880375047e-07, 8.13032272617e-07, 5.32775402462e-07, 1.22538449432e-06, 3.72546537619e-07, 2.94908858223e-07, 3.99675101903e-08, 1.19083303218e-08, 4.86294950974e-08, 1.58870978595e-08, 1.9703277232e-08, 4.27593183083e-10, 1.16003560924e-11, 2.49706098897e-13], "dvar2": [9.63717231017e-11, 1.06944480649e-06, 7.32983926355e-06, 2.28645112657e-05, 5.84025401622e-05, 6.49873300063e-06, 2.20320998778e-06, 1.44888326759e-05, 2.24654513659e-06, 7.9068291825e-07, 1.48566232383e-06, 4.6920939667e-07, 4.77337516713e-06, 8.17127499886e-07, 1.54073973135e-06, 1.4554406107e-06, 3.29231966134e-06, 9.67933260654e-07, 7.95888468019e-07, 1.06069059314e-07, 2.86454415743e-08, 1.05577605325e-07, 3.15364445669e-08, 4.3052288845e-08, 8.36979485719e-10, 2.77107382179e-11, 7.02497521959e-13], "max": [0.000297398364637, 0.0126037877053, 0.0486980527639, 0.0529902204871, 0.0851713642478, 0.0367580540478, 0.0375514440238, 0.0613641627133, 0.0264064501971, 0.0243361312896, 0.0174663998187, 0.0119080413133, 0.0415883436799, 0.0162150524557, 0.0365970321, 0.0176708847284, 0.0194670781493, 0.0179096851498, 0.0129858851433, 0.00348768220283, 0.00248564360663, 0.00636712647974, 0.00528439786285, 0.00417857430875, 0.00113123038318, 0.000130359578179, 1.39002268043e-05], "mean": [2.35119068748e-06, 0.000495693646371, 0.00164644455072, 0.00227535469458, 0.00492099765688, 0.00153560761828, 0.000610821472947, 0.00242707319558, 0.000851976568811, 0.000616424542386, 0.00079915614333, 0.000407041574363, 0.00136108370498, 0.000390275003156, 0.000939467397984, 0.000647959357593, 0.000735377136152, 0.000466587254778, 0.000501766277011, 0.000208046840271, 9.76496812655e-05, 9.43594568525e-05, 5.40907931281e-05, 4.34958274127e-05, 1.10624969238e-05, 1.65063090662e-06, 1.14452568312e-07], "median": [1.33096136778e-06, 0.000272490287898, 0.000673037837259, 0.000787311349995, 0.00239035999402, 0.000511106045451, 0.000118016308988, 0.000373538496206, 0.000168064885656, 0.000139044743264, 0.000329536444042, 0.000160051698913, 0.000396927876864, 0.000118630225188, 0.000431603810284, 0.000288612558506, 0.000311808660626, 0.000250882061664, 0.000253025151324, 0.000100628676591, 3.89219931094e-05, 2.6593939765e-05, 1.30355683723e-05, 8.1207117546e-06, 3.7764125409e-06, 6.42946247353e-07, 5.27744674628e-08], "min": [6.39235931695e-26, 3.48177565585e-24, 7.03742024687e-25, 6.74967830131e-25, 9.68149819658e-24, 3.13368959813e-24, 9.1364876078e-24, 6.30193603708e-24, 2.1101028939e-23, 7.35201482043e-24, 1.46171855215e-23, 2.1647853119e-23, 2.98885481482e-23, 4.19204660893e-23, 2.33785618803e-23, 4.69203548591e-23, 6.90858001284e-23, 8.68247322884e-23, 1.12385163526e-22, 1.65942886756e-22, 2.42729723746e-22, 2.84970385321e-22, 3.78253174742e-22, 5.56960739712e-22, 8.12235068413e-22, 1.28754671019e-21, 1.92447224776e-21], "var": [4.25112237079e-11, 6.10113261246e-07, 8.88217255124e-06, 1.51085368998e-05, 4.95561798743e-05, 8.91372565093e-06, 4.70173472422e-06, 4.1349514504e-05, 5.56270788366e-06, 2.39580595007e-06, 2.11096539715e-06, 5.40498149348e-07, 8.95598805073e-06, 5.95519907165e-07, 2.95530844596e-06, 1.05155959318e-06, 1.75579418737e-06, 5.25895643477e-07, 5.73564534534e-07, 8.73234569099e-08, 2.76719696046e-08, 9.14424518328e-08, 3.05496534736e-08, 3.96387171975e-08, 1.0213486723e-09, 1.68687980251e-11, 1.84978294075e-13]}, "barkbands_crest": {"dmean": 2.14656424522, "dmean2": 3.39511203766, "dvar": 4.07360553741, "dvar2": 9.97073841095, "max": 25.1902580261, "mean": 9.70918750763, "median": 8.85815525055, "min": 2.72074961662, "var": 17.4419307709}, "barkbands_flatness_db": {"dmean": 0.0155641967431, "dmean2": 0.0233126077801, "dvar": 0.000229846846196, "dvar2": 0.000489363039378, "max": 0.414406955242, "mean": 0.145610332489, "median": 0.140731602907, "min": 0.0355397090316, "var": 0.00201733340509}, "barkbands_kurtosis": {"dmean": 1.40628039837, "dmean2": 2.19775867462, "dvar": 7.18406820297, "dvar2": 16.358341217, "max": 109.005493164, "mean": 1.64618170261, "median": -0.00700199604034, "min": -1.86979961395, "var": 24.5891647339}, "barkbands_skewness": {"dmean": 0.411402612925, "dmean2": 0.627441167831, "dvar": 0.173797607422, "dvar2": 0.40048366785, "max": 8.83303260803, "mean": 0.928472518921, "median": 0.825897812843, "min": -3.10698342323, "var": 1.33730816841}, "barkbands_spread": {"dmean": 4.0912528038, "dmean2": 6.30350446701, "dvar": 21.6173019409, "dvar2": 46.3994483948, "max": 107.107452393, "mean": 22.5010433197, "median": 21.2284221649, "min": 0.907698571682, "var": 140.218002319}, "dissonance": {"dmean": 0.0145498188213, "dmean2": 0.0240513943136, "dvar": 0.00024856973323, "dvar2": 0.000666980457027, "max": 0.499979048967, "mean": 0.464523583651, "median": 0.470753610134, "min": 0.117928601801, "var": 0.000675994553603}, "dynamic_complexity": 3.39860868454, "erbbands": {"dmean": [0.00435361266136, 0.0931871682405, 0.738999724388, 2.64820718765, 7.71796512604, 8.48414802551, 6.67712402344, 6.79020786285, 3.13175654411, 13.1239414215, 17.4369277954, 9.51892471313, 6.27524852753, 12.9000072479, 15.2073698044, 9.02465057373, 26.5647258759, 16.9480819702, 22.5006332397, 15.0632305145, 18.6108779907, 19.2443904877, 15.3654928207, 14.5756216049, 9.15466594696, 4.4531621933, 2.66146683693, 1.62851452827, 2.03990101814, 1.57582461834, 0.970758080482, 0.786742031574, 0.325332760811, 0.102539330721, 0.0359958969057, 0.00776914088055, 0.00135390122887, 0.000205933160032, 1.73047610588e-05, 7.03025898474e-06], "dmean2": [0.00680674146861, 0.150992870331, 1.20594286919, 4.48437595367, 12.734995842, 13.1131248474, 9.75122928619, 10.0591936111, 4.40053129196, 18.6565494537, 23.5370502472, 12.7082109451, 8.15843296051, 18.1152553558, 23.0354290009, 13.9690570831, 39.2212867737, 25.6892528534, 33.8106498718, 24.1311721802, 30.1376724243, 31.3720817566, 25.3094177246, 24.3146286011, 14.7676591873, 7.18685770035, 4.14976596832, 2.45317530632, 3.0404791832, 2.33111715317, 1.43216836452, 1.1938560009, 0.482860714197, 0.153137430549, 0.0523966811597, 0.0114842932671, 0.00205464987084, 0.000331545335939, 2.927854257e-05, 1.05460685518e-05], "dvar": [0.000110376422526, 0.0374400392175, 2.50865125656, 27.428527832, 253.376419067, 274.235534668, 225.884048462, 239.023834229, 91.3402557373, 1793.09057617, 2343.15820312, 817.977783203, 309.013275146, 829.69921875, 887.626831055, 323.790740967, 4423.35498047, 1508.74914551, 2372.56958008, 646.43963623, 1523.9083252, 3423.53540039, 1258.80578613, 1329.84362793, 361.442504883, 87.9461975098, 33.813583374, 15.8182897568, 61.2753753662, 42.7550315857, 10.0956230164, 16.4246368408, 1.70068573952, 0.093666382134, 0.0161994323134, 0.000619528524112, 2.22002236114e-05, 8.00098803211e-07, 8.96311735943e-09, 1.04733985373e-10], "dvar2": [0.000262501300313, 0.0879662036896, 5.5964307785, 74.8386001587, 676.457946777, 647.915161133, 505.525024414, 490.000823975, 160.328094482, 3276.07910156, 4492.43310547, 1369.21728516, 499.808929443, 1498.56750488, 1872.08959961, 775.796875, 8998.97851562, 3228.78662109, 4306.81347656, 1666.66748047, 4027.09326172, 8897.82519531, 3214.30444336, 3721.09106445, 950.494995117, 237.78288269, 85.808303833, 36.154800415, 131.672912598, 89.1808166504, 19.6811618805, 35.37865448, 3.49465656281, 0.189512893558, 0.0301634352654, 0.00137920188718, 5.49603028048e-05, 2.12893860407e-06, 2.55701984031e-08, 2.44540054872e-10], "max": [0.205386579037, 3.70970869064, 48.0732345581, 96.560508728, 281.889770508, 311.527954102, 312.479431152, 340.061065674, 305.580505371, 1150.58776855, 1034.85864258, 817.951416016, 524.806335449, 862.532714844, 826.121826172, 618.911560059, 1804.03723145, 848.471740723, 2062.45629883, 448.779388428, 589.00012207, 1222.50195312, 988.675048828, 967.408081055, 436.74331665, 189.853057861, 161.979858398, 107.737121582, 212.30796814, 278.688140869, 117.01133728, 121.506408691, 37.2713508606, 15.3335971832, 6.86595058441, 0.927695631981, 0.171396404505, 0.0202628616244, 0.00274473056197, 0.000161091214977], "mean": [0.00752138486132, 0.159074991941, 1.45389544964, 5.01207828522, 12.4510784149, 16.9394760132, 14.4899721146, 13.8934383392, 6.9399561882, 34.8876228333, 39.8300247192, 22.7022628784, 15.2292442322, 26.3322181702, 30.9009189606, 19.5618591309, 57.7046585083, 35.7869720459, 47.6765365601, 31.4013538361, 37.2546234131, 35.867099762, 30.4557723999, 28.4022731781, 19.5328006744, 9.54690074921, 5.65025472641, 3.2584695816, 3.46746301651, 2.4826259613, 1.49375712872, 1.22451651096, 0.48541456461, 0.159885242581, 0.0629278048873, 0.0134036736563, 0.00225977809168, 0.000321472296491, 3.24057837133e-05, 2.75203074125e-05], "median": [0.00423606904224, 0.0865860357881, 0.656781673431, 2.23524355888, 4.8778181076, 7.40126848221, 6.07088279724, 4.3735294342, 2.46780967712, 4.69840908051, 8.47362709045, 5.54445791245, 3.66724538803, 9.25638580322, 13.4875116348, 8.66517448425, 18.5594329834, 15.241147995, 21.0698642731, 19.2473258972, 18.7171382904, 16.3445148468, 17.8584327698, 12.1454086304, 10.6142272949, 5.07941150665, 2.6555519104, 1.30531394482, 0.838790655136, 0.639597952366, 0.364891350269, 0.210677415133, 0.107795268297, 0.0511252060533, 0.0199001990259, 0.00494021363556, 0.000944562721997, 0.000136585702421, 2.21805676119e-05, 2.53735997831e-05], "min": [1.15957150948e-22, 2.94588556131e-22, 9.17787585783e-22, 6.15245994014e-21, 1.32898666154e-20, 3.46538561147e-20, 4.83140589221e-20, 3.61196266225e-20, 1.07586270557e-19, 1.53841389693e-19, 2.60231537697e-19, 5.56360077341e-19, 5.25345250466e-19, 6.72046972873e-19, 4.30660910126e-19, 1.08623114313e-18, 1.67910416178e-18, 1.9459097174e-18, 2.38439485139e-18, 2.82931607093e-18, 2.67424886419e-18, 4.70323315769e-18, 4.41476880831e-18, 5.22434784461e-18, 6.32061651428e-18, 8.25428313143e-18, 9.00142492074e-18, 1.12682687217e-17, 9.82244882799e-18, 1.07528243579e-17, 1.13540134368e-17, 1.09054664778e-17, 9.37367935744e-18, 8.42056959561e-18, 6.44837125117e-18, 4.2850780552e-18, 2.35712187941e-18, 9.57810215658e-19, 2.45615773261e-19, 2.62570019294e-20], "var": [0.000136496222694, 0.063143953681, 7.61224555969, 54.9791069031, 392.853851318, 754.512390137, 705.18762207, 735.888305664, 288.978057861, 11291.8447266, 10371.1054688, 3780.06079102, 1446.09277344, 3018.34594727, 3295.9909668, 1002.78826904, 16014.8974609, 3605.3293457, 9216.6796875, 1463.24084473, 3072.04077148, 4353.96240234, 1930.00708008, 2641.0690918, 704.621765137, 176.320098877, 72.8986206055, 36.6067848206, 114.717796326, 81.427482605, 21.4832649231, 33.7003631592, 3.75439190865, 0.202432543039, 0.0438354723155, 0.00117063289508, 2.89133222395e-05, 8.0384205603e-07, 6.08094463672e-09, 3.72211872435e-10]}, "erbbands_crest": {"dmean": 2.42737030983, "dmean2": 3.86121416092, "dvar": 5.23369312286, "dvar2": 12.1553153992, "max": 30.7110424042, "mean": 9.65428733826, "median": 8.49527931213, "min": 2.15001368523, "var": 20.5246429443}, "erbbands_flatness_db": {"dmean": 0.0149731580168, "dmean2": 0.0216621141881, "dvar": 0.000214309140574, "dvar2": 0.000408547930419, "max": 0.33687415719, "mean": 0.191142439842, "median": 0.190540209413, "min": 0.0299086403102, "var": 0.00162064307369}, "erbbands_kurtosis": {"dmean": 0.732316374779, "dmean2": 1.16687464714, "dvar": 1.18322169781, "dvar2": 2.80409479141, "max": 31.6081695557, "mean": 0.200174376369, "median": -0.173234701157, "min": -1.73977077007, "var": 3.00903224945}, "erbbands_skewness": {"dmean": 0.308592319489, "dmean2": 0.47008651495, "dvar": 0.084449775517, "dvar2": 0.188295722008, "max": 5.2558350563, "mean": -0.226909548044, "median": -0.289959609509, "min": -4.1241350174, "var": 0.53958427906}, "erbbands_spread": {"dmean": 5.97687196732, "dmean2": 9.22795963287, "dvar": 40.4777107239, "dvar2": 93.3054656982, "max": 104.861740112, "mean": 32.4091339111, "median": 31.4600448608, "min": 2.4753267765, "var": 172.044754028}, "gfcc": {"cov": [[34155.3398438, 3014.61816406, -4566.01171875, 1114.11779785, -1677.84143066, 91.0383987427, -1241.34094238, -121.357315063, -828.504272461, -375.365478516, -413.176544189, -365.36416626, -348.852386475], [3014.61816406, 1230.97363281, -281.155303955, -129.716674805, 72.2454528809, -184.004547119, -75.3429794312, -79.8464279175, -7.84476184845, -80.3884277344, -4.39239168167, -129.288665771, -38.3116493225], [-4566.01171875, -281.155303955, 997.044677734, -19.4772071838, 242.022094727, 28.8606681824, 103.708747864, -9.83127975464, 122.557769775, 26.7509098053, 23.2386016846, 33.9106063843, 52.1321907043], [1114.11779785, -129.716674805, -19.4772071838, 350.942321777, -28.5805416107, 62.4692840576, -94.2880706787, 1.52114546299, -43.742389679, -17.8674449921, -41.400554657, 25.8777084351, 16.1398258209], [-1677.84143066, 72.2454528809, 242.022094727, -28.5805416107, 300.107696533, -20.6050453186, 73.8974456787, -12.8156099319, 32.6666870117, 2.16332960129, 12.2455129623, 6.29443454742, 20.1502609253], [91.0383987427, -184.004547119, 28.8606681824, 62.4692840576, -20.6050453186, 214.339706421, 47.0053367615, 6.61349439621, -31.7201061249, 0.0695721879601, -18.1496925354, 1.95893228054, -8.31198120117], [-1241.34094238, -75.3429794312, 103.708747864, -94.2880706787, 73.8974456787, 47.0053367615, 197.45413208, 55.6855010986, 21.5463104248, 9.63536930084, 12.2112779617, 2.66554784775, -16.2635211945], [-121.357315063, -79.8464279175, -9.83127975464, 1.52114546299, -12.8156099319, 6.61349439621, 55.6855010986, 121.459960938, 34.3017539978, 0.88524466753, -8.71602725983, 5.30987405777, -4.77041244507], [-828.504272461, -7.84476184845, 122.557769775, -43.742389679, 32.6666870117, -31.7201061249, 21.5463104248, 34.3017539978, 105.686103821, 31.2753391266, 10.8348236084, -10.856751442, 2.20511817932], [-375.365478516, -80.3884277344, 26.7509098053, -17.8674449921, 2.16332960129, 0.0695721879601, 9.63536930084, 0.88524466753, 31.2753391266, 76.5844650269, 29.8420543671, 7.84081697464, -2.29762244225], [-413.176544189, -4.39239168167, 23.2386016846, -41.400554657, 12.2455129623, -18.1496925354, 12.2112779617, -8.71602725983, 10.8348236084, 29.8420543671, 75.5641326904, 21.7776489258, -1.60639262199], [-365.36416626, -129.288665771, 33.9106063843, 25.8777084351, 6.29443454742, 1.95893228054, 2.66554784775, 5.30987405777, -10.856751442, 7.84081697464, 21.7776489258, 81.7862243652, 35.4210472107], [-348.852386475, -38.3116493225, 52.1321907043, 16.1398258209, 20.1502609253, -8.31198120117, -16.2635211945, -4.77041244507, 2.20511817932, -2.29762244225, -1.60639262199, 35.4210472107, 78.5558700562]], "icov": [[0.000582276144996, -0.00153587548994, 0.00148100103252, -0.00127027463168, 0.0015304510016, -0.00119427521713, 0.00159247859847, -0.000999508891255, 0.00136901403312, -0.000793054001406, 0.00138738309033, -0.000729343562853, 0.00116054923274], [-0.00153587548994, 0.0055661839433, -0.00338694173843, 0.00356882275082, -0.00472376635298, 0.00402289349586, -0.00399211188778, 0.00339200068265, -0.00401123426855, 0.0037895499263, -0.00448793591931, 0.00411852821708, -0.00330002838746], [0.00148100103252, -0.00338694173843, 0.00555325578898, -0.00341640459374, 0.00278846756555, -0.00320804468356, 0.00350342830643, -0.0013123677345, 0.00113327940926, -0.000979643198662, 0.00315168546513, -0.00172315677628, 0.00231352797709], [-0.00127027463168, 0.00356882275082, -0.00341640459374, 0.00718298414722, -0.00397002743557, 0.00124436581973, -0.00040077738231, 0.000672210939229, -0.00157691456843, 0.00155640987214, -0.0011496496154, 0.000175804481842, -0.00201423559338], [0.0015304510016, -0.00472376635298, 0.00278846756555, -0.00397002743557, 0.00913813896477, -0.00247680442408, 0.00177480420098, -0.00149261951447, 0.0033458401449, -0.00231743790209, 0.00368793471716, -0.00236406712793, 0.00210822420195], [-0.00119427521713, 0.00402289349586, -0.00320804468356, 0.00124436581973, -0.00247680442408, 0.00923141464591, -0.00587511761114, 0.00294484617189, -0.000834244012367, 0.00130347418599, -0.00210921932012, 0.00327502144501, -0.00235201185569], [0.00159247859847, -0.00399211188778, 0.00350342830643, -0.00040077738231, 0.00177480420098, -0.00587511761114, 0.0142301209271, -0.00762516073883, 0.00519220624119, -0.00246601225808, 0.00346037582494, -0.00282885390334, 0.00541687104851], [-0.000999508891255, 0.00339200068265, -0.0013123677345, 0.000672210939229, -0.00149261951447, 0.00294484617189, -0.00762516073883, 0.014832730405, -0.00874721445143, 0.00400200812146, -0.000967509520706, 4.94857158628e-06, -0.00169441127218], [0.00136901403312, -0.00401123426855, 0.00113327940926, -0.00157691456843, 0.0033458401449, -0.000834244012367, 0.00519220624119, -0.00874721445143, 0.0208847057074, -0.00893651600927, 0.00345063116401, 0.00197075866163, 0.00162674416788], [-0.000793054001406, 0.0037895499263, -0.000979643198662, 0.00155640987214, -0.00231743790209, 0.00130347418599, -0.00246601225808, 0.00400200812146, -0.00893651600927, 0.0211303941905, -0.0090802628547, 0.00201253755949, -0.00110271084122], [0.00138738309033, -0.00448793591931, 0.00315168546513, -0.0011496496154, 0.00368793471716, -0.00210921932012, 0.00346037582494, -0.000967509520706, 0.00345063116401, -0.0090802628547, 0.0231641232967, -0.00957598909736, 0.00603456562385], [-0.000729343562853, 0.00411852821708, -0.00172315677628, 0.000175804481842, -0.00236406712793, 0.00327502144501, -0.00282885390334, 4.94857158628e-06, 0.00197075866163, 0.00201253755949, -0.00957598909736, 0.0235230922699, -0.0105541860685], [0.00116054923274, -0.00330002838746, 0.00231352797709, -0.00201423559338, 0.00210822420195, -0.00235201185569, 0.00541687104851, -0.00169441127218, 0.00162674416788, -0.00110271084122, 0.00603456562385, -0.0105541860685, 0.0201859846711]], "mean": [-50.9267578125, 106.88835907, -146.234329224, 35.0582313538, -48.0610771179, 2.84434294701, -44.0390129089, -3.45681858063, -27.537984848, -10.5773887634, -15.1477298737, -9.95008277893, -11.7794418335]}, "hfc": {"dmean": 4.83608055115, "dmean2": 7.13666057587, "dvar": 75.9576416016, "dvar2": 177.337356567, "max": 207.682723999, "mean": 19.4166488647, "median": 16.3501186371, "min": 1.07461461979e-16, "var": 250.356079102}, "melbands": {"dmean": [6.24093518127e-05, 0.000288367009489, 0.000581529922783, 0.00060391187435, 0.000255011313129, 0.000142549964949, 5.17602748005e-05, 0.000168317987118, 0.000137035385706, 5.6188164308e-05, 3.21557818097e-05, 5.16074178449e-05, 5.19138775417e-05, 2.9448478017e-05, 3.09380411636e-05, 7.30395404389e-05, 2.83422323264e-05, 3.29472386511e-05, 3.00727133435e-05, 2.78368370346e-05, 2.18082695937e-05, 2.11521146412e-05, 2.3027530915e-05, 9.38958055485e-06, 1.36040453071e-05, 7.218396604e-06, 4.77014737044e-06, 3.1718820992e-06, 2.17849901674e-06, 1.20991978747e-06, 1.00296392702e-06, 1.19572109725e-06, 1.15170189474e-06, 8.14352972611e-07, 5.95166909534e-07, 5.28322402715e-07, 4.76799755234e-07, 2.56117800745e-07, 1.43870281022e-07, 6.96279158774e-08], "dmean2": [0.000100197932625, 0.00047018341138, 0.000971679517534, 0.000965245533735, 0.000375539384549, 0.000211101345485, 7.23880657461e-05, 0.000238502048887, 0.000182151430636, 7.54109059926e-05, 4.19242896896e-05, 7.20404277672e-05, 7.74858999648e-05, 4.51559208159e-05, 4.70854756713e-05, 0.000107655978354, 4.37197595602e-05, 4.96971333632e-05, 4.68858306704e-05, 4.61759882455e-05, 3.53076029569e-05, 3.46023152815e-05, 3.77269934688e-05, 1.55481484398e-05, 2.27842338063e-05, 1.17885510917e-05, 7.69251346355e-06, 5.2096293075e-06, 3.46556203112e-06, 1.88572039406e-06, 1.5471257484e-06, 1.82206315458e-06, 1.72591842329e-06, 1.24396967749e-06, 9.01189537217e-07, 7.89302362136e-07, 7.30894953449e-07, 3.84642021345e-07, 2.20428589159e-07, 1.0547351792e-07], "dvar": [1.93316491703e-08, 3.66026682741e-07, 1.2356130128e-06, 1.45628223436e-06, 2.6359759886e-07, 1.04231524745e-07, 2.69044146961e-08, 2.72474522944e-07, 1.40988760222e-07, 2.86629937563e-08, 8.04804933807e-09, 1.37380347098e-08, 1.08839435242e-08, 2.85940693345e-09, 5.9803579866e-09, 3.43993455942e-08, 5.17603471195e-09, 4.93316942851e-09, 3.10971914885e-09, 3.56380858157e-09, 2.65227595442e-09, 4.00559585501e-09, 4.00013622226e-09, 3.21261378611e-10, 1.22359677945e-09, 2.50685583403e-10, 9.5221219798e-11, 4.7242661172e-11, 1.97180830691e-11, 8.09977692556e-12, 7.02649700576e-12, 1.9274434479e-11, 3.0032813042e-11, 1.09194805975e-11, 3.61655800793e-12, 6.68546685026e-12, 6.07512044143e-12, 1.12909345502e-12, 2.09506213376e-13, 4.70057003846e-14], "dvar2": [4.65945859673e-08, 8.1995273149e-07, 3.33856996804e-06, 3.75435342903e-06, 5.87942395214e-07, 2.15244099877e-07, 4.39071996539e-08, 4.94920357141e-07, 2.66735071364e-07, 4.73344456964e-08, 1.27678818629e-08, 2.40352910907e-08, 2.26999077313e-08, 6.57941612303e-09, 1.37745583828e-08, 6.80853844415e-08, 1.19625873651e-08, 9.12871200853e-09, 6.65868382654e-09, 1.01729060731e-08, 7.05272551471e-09, 1.06225339636e-08, 1.0411890905e-08, 8.3198214984e-10, 3.44360118198e-09, 6.64299448783e-10, 2.48962100935e-10, 1.30514668517e-10, 5.17638258646e-11, 1.98346287311e-11, 1.66127372275e-11, 4.34947564076e-11, 6.82295331345e-11, 2.18892248077e-11, 6.94550406771e-12, 1.50306572744e-11, 1.3107231446e-11, 2.37879941439e-12, 4.52464996893e-13, 9.42033248825e-14], "max": [0.00271326303482, 0.017664546147, 0.0176065173, 0.0220078676939, 0.011114930734, 0.00664830906317, 0.00591711374, 0.0137954521924, 0.00839175935835, 0.00506552215666, 0.00253565842286, 0.00388570921496, 0.0025703557767, 0.00131937640253, 0.00242267549038, 0.00567403575405, 0.0019536674954, 0.00283765071072, 0.00182123377454, 0.00160495983437, 0.000903352629393, 0.00113945931662, 0.00189514877275, 0.000525634677615, 0.000941711652558, 0.000358965306077, 0.00021316933271, 0.000122282028315, 9.33122137212e-05, 5.91205862293e-05, 6.58747012494e-05, 0.000123340039863, 0.00018945345073, 0.000148431805428, 7.74851432652e-05, 9.30036476348e-05, 6.83471298544e-05, 2.98762261082e-05, 1.98604666366e-05, 1.08835802166e-05], "mean": [0.000101414480014, 0.00057624722831, 0.00110992928967, 0.00109463906847, 0.000587253831327, 0.000291875563562, 0.00010660377302, 0.000438594986917, 0.000300093292026, 0.000128378916997, 7.17940856703e-05, 0.000102465477539, 0.000102866804809, 5.66719245398e-05, 6.30242284387e-05, 0.000153243759996, 5.20991852682e-05, 6.61294252495e-05, 5.86286405451e-05, 4.81523311464e-05, 4.15651629737e-05, 3.6951234506e-05, 3.89761444239e-05, 1.88536450878e-05, 2.42049245571e-05, 1.41971249832e-05, 9.63375259744e-06, 5.95330129727e-06, 4.20572177973e-06, 2.28667863666e-06, 1.77226581854e-06, 1.98592192646e-06, 1.75666968971e-06, 1.2049280258e-06, 8.63568914156e-07, 7.93853928371e-07, 7.2343885904e-07, 3.67570066828e-07, 2.08811840707e-07, 1.06347023632e-07], "median": [5.83000437473e-05, 0.000274637597613, 0.000492752529681, 0.000507425982505, 0.000261024630163, 8.95591001608e-05, 3.12708616548e-05, 5.58001811441e-05, 6.15229946561e-05, 2.74906160485e-05, 1.48563740368e-05, 3.18758575304e-05, 4.33415152656e-05, 2.69970187219e-05, 1.85364460776e-05, 4.21756667492e-05, 1.83517768164e-05, 2.65573053184e-05, 2.86173526547e-05, 2.1967356588e-05, 1.94740423467e-05, 1.44357181853e-05, 1.81026225619e-05, 1.02877111203e-05, 8.24815106171e-06, 7.33277829568e-06, 4.4345065362e-06, 2.52217819252e-06, 1.84358566457e-06, 7.94054983544e-07, 5.8656848978e-07, 4.68100211037e-07, 3.81141319394e-07, 2.84589305011e-07, 2.06953984616e-07, 1.46470355844e-07, 1.15883466378e-07, 7.50086925905e-08, 5.92103859276e-08, 3.3664562693e-08], "min": [1.3176124791e-24, 8.30051474602e-25, 1.44126760929e-24, 1.47189809216e-24, 1.95463402893e-24, 6.66622174792e-25, 1.71671653814e-24, 1.63820880503e-24, 1.86910809617e-24, 3.17337797913e-24, 2.22872138387e-24, 2.33538997218e-24, 1.15666966886e-24, 2.40500379162e-24, 2.87834656438e-24, 2.80043728087e-24, 3.46173898329e-24, 2.73485592116e-24, 1.74963136498e-24, 3.15005905356e-24, 2.67201960019e-24, 4.00329475574e-24, 3.58071025185e-24, 3.37994909577e-24, 3.89154550876e-24, 2.66618597379e-24, 4.07505269912e-24, 5.03903717543e-24, 4.50691381282e-24, 5.41049008202e-24, 4.89998111379e-24, 6.12759659373e-24, 4.42723097279e-24, 5.78002881763e-24, 5.97846165074e-24, 4.55200391887e-24, 6.00009694993e-24, 6.18202129087e-24, 6.10407197268e-24, 6.00144590207e-24], "var": [2.46380444935e-08, 1.05380956938e-06, 2.53572284237e-06, 2.84182556243e-06, 9.62245621849e-07, 3.21783630852e-07, 9.92825164303e-08, 1.74064405201e-06, 6.02687350693e-07, 1.45386991335e-07, 3.66792960449e-08, 5.39548921097e-08, 3.81208238309e-08, 8.74209860058e-09, 2.08937738222e-08, 1.23200322832e-07, 1.01746309156e-08, 1.8665044621e-08, 8.94779628169e-09, 6.407245845e-09, 4.84860507299e-09, 5.35486899267e-09, 4.8251123097e-09, 6.65394184196e-10, 2.38058861513e-09, 4.18824641635e-10, 2.01260924593e-10, 8.78713560248e-11, 4.12769887714e-11, 1.79230571357e-11, 1.36894905134e-11, 3.39206752964e-11, 4.98267330173e-11, 2.0022440303e-11, 6.96875630118e-12, 1.26322450764e-11, 1.25240113419e-11, 2.29557779036e-12, 4.2948427475e-13, 9.63120438979e-14]}, "melbands_crest": {"dmean": 2.80759215355, "dmean2": 4.49917507172, "dvar": 7.13492870331, "dvar2": 18.3001461029, "max": 32.8822212219, "mean": 13.4601325989, "median": 12.6684494019, "min": 1.52214920521, "var": 32.1732940674}, "melbands_flatness_db": {"dmean": 0.0196205712855, "dmean2": 0.0290123764426, "dvar": 0.000417759030825, "dvar2": 0.000873106531799, "max": 0.557006657124, "mean": 0.187673285604, "median": 0.183347284794, "min": 0.00331017444842, "var": 0.0045572607778}, "melbands_kurtosis": {"dmean": 3.30328249931, "dmean2": 5.18185329437, "dvar": 29.0563030243, "dvar2": 68.822769165, "max": 111.423103333, "mean": 6.61286354065, "median": 2.7890958786, "min": -1.72654545307, "var": 115.319541931}, "melbands_skewness": {"dmean": 0.519523739815, "dmean2": 0.799697160721, "dvar": 0.304649829865, "dvar2": 0.722099602222, "max": 8.1759223938, "mean": 1.95347177982, "median": 1.72456037998, "min": -2.18856215477, "var": 1.94920217991}, "melbands_spread": {"dmean": 7.12496376038, "dmean2": 11.0342626572, "dvar": 81.6844329834, "dvar2": 180.513900757, "max": 174.744125366, "mean": 32.3877983093, "median": 27.2742919922, "min": 0.993127167225, "var": 594.643310547}, "mfcc": {"cov": [[11543.2207031, 1170.22570801, -778.209594727, 359.983062744, -191.508041382, -7.91553783417, -114.502967834, 35.5043258667, -237.141265869, -75.1886672974, -117.924362183, -100.715866089, -140.992248535], [1170.22570801, 1546.91430664, -201.73526001, 105.529144287, 103.793479919, -71.4827270508, -20.7954597473, -57.8129997253, -34.8045692444, 5.8408870697, -3.90992879868, -17.9524860382, -19.1170959473], [-778.209594727, -201.73526001, 453.264801025, 14.4274520874, 77.8306808472, 56.4846572876, -26.2860126495, 0.887896537781, 29.7639331818, 14.842959404, -29.4982357025, -4.67530632019, 9.52716350555], [359.983062744, 105.529144287, 14.4274520874, 249.659393311, 102.585380554, -0.320890814066, -28.9713859558, -2.53442668915, 4.45715332031, -18.7593669891, -40.4531593323, -17.7622337341, 25.6758861542], [-191.508041382, 103.793479919, 77.8306808472, 102.585380554, 200.1849823, 38.9856567383, -19.4902153015, -15.5969839096, 13.6562194824, -4.58647918701, -39.9718284607, -14.0018930435, 10.9274787903], [-7.91553783417, -71.4827270508, 56.4846572876, -0.320890814066, 38.9856567383, 147.43572998, 51.352016449, 3.22133994102, 4.39025115967, -3.07751345634, -3.48870205879, -6.22585964203, -18.3879127502], [-114.502967834, -20.7954597473, -26.2860126495, -28.9713859558, -19.4902153015, 51.352016449, 129.468582153, 49.0152435303, 12.0217666626, -2.48059487343, 14.749045372, 10.663892746, -10.4343194962], [35.5043258667, -57.8129997253, 0.887896537781, -2.53442668915, -15.5969839096, 3.22133994102, 49.0152435303, 107.618263245, 37.5437316895, 8.0965719223, 5.04607248306, 3.67857146263, 1.12232494354], [-237.141265869, -34.8045692444, 29.7639331818, 4.45715332031, 13.6562194824, 4.39025115967, 12.0217666626, 37.5437316895, 94.8373260498, 30.9782619476, -7.11704158783, -5.90079307556, 2.46353626251], [-75.1886672974, 5.8408870697, 14.842959404, -18.7593669891, -4.58647918701, -3.07751345634, -2.48059487343, 8.0965719223, 30.9782619476, 87.37940979, 32.3958358765, -0.583484232426, -7.33144187927], [-117.924362183, -3.90992879868, -29.4982357025, -40.4531593323, -39.9718284607, -3.48870205879, 14.749045372, 5.04607248306, -7.11704158783, 32.3958358765, 98.0887527466, 32.2799987793, -9.57622146606], [-100.715866089, -17.9524860382, -4.67530632019, -17.7622337341, -14.0018930435, -6.22585964203, 10.663892746, 3.67857146263, -5.90079307556, -0.583484232426, 32.2799987793, 73.1326675415, 18.552816391], [-140.992248535, -19.1170959473, 9.52716350555, 25.6758861542, 10.9274787903, -18.3879127502, -10.4343194962, 1.12232494354, 2.46353626251, -7.33144187927, -9.57622146606, 18.552816391, 68.7193832397]], "icov": [[0.000141164215165, -9.0747133072e-05, 0.000204872223549, -0.000273683690466, 0.000317843776429, -0.00027960317675, 0.000331285118591, -0.000341618375387, 0.000392707239371, -0.000156530106324, 0.000334929587552, -6.97006471455e-05, 0.00030347352731], [-9.0747133072e-05, 0.000851600256283, 0.000231475918554, -2.80803105852e-05, -0.000794603314716, 0.000709793821443, -0.000498232839163, 0.000610784394667, -5.31870064151e-05, -0.000142768374644, -0.00024243631924, 9.65106373769e-05, 0.000186610224773], [0.000204872223549, 0.000231475918554, 0.00309913489036, -0.000120272343338, -0.000559979176614, -0.00139295693953, 0.00145220744889, -0.000720732088666, 0.000202898823773, -0.000840202905238, 0.0011403321987, -0.000445663899882, 0.000230918929446], [-0.000273683690466, -2.80803105852e-05, -0.000120272343338, 0.00616227276623, -0.00321335555054, 0.000573780504055, 0.000318187609082, -0.000253812992014, -0.000696229282767, 0.00111329637002, -0.000160910742125, 0.00111705285963, -0.00231839623302], [0.000317843776429, -0.000794603314716, -0.000559979176614, -0.00321335555054, 0.00875725317746, -0.00298017542809, 0.00157839269377, 3.00747942674e-05, -0.000107738509541, -0.000757469970267, 0.00252453261055, -0.000558025843929, 0.000184024727787], [-0.00027960317675, 0.000709793821443, -0.00139295693953, 0.000573780504055, -0.00298017542809, 0.0106028243899, -0.00562654761598, 0.00248492090032, -0.000634251977317, 0.00063001428498, -0.000952911970671, 0.000794637191575, 0.00176123250276], [0.000331285118591, -0.000498232839163, 0.00145220744889, 0.000318187609082, 0.00157839269377, -0.00562654761598, 0.013315057382, -0.00629280274734, 0.000632868788671, 0.000799676752649, 0.000115396360343, -0.0015680041397, 0.00109090271872], [-0.000341618375387, 0.000610784394667, -0.000720732088666, -0.000253812992014, 3.00747942674e-05, 0.00248492090032, -0.00629280274734, 0.0145421437919, -0.00576382922009, 0.000731455511414, -0.00124023400713, 0.000274263438769, -0.000831309240311], [0.000392707239371, -5.31870064151e-05, 0.000202898823773, -0.000696229282767, -0.000107738509541, -0.000634251977317, 0.000632868788671, -0.00576382922009, 0.0160628613085, -0.00634097028524, 0.00365106505342, 5.16883046657e-05, 0.000303071428789], [-0.000156530106324, -0.000142768374644, -0.000840202905238, 0.00111329637002, -0.000757469970267, 0.00063001428498, 0.000799676752649, 0.000731455511414, -0.00634097028524, 0.016569847241, -0.00717983674258, 0.00249602668919, 5.88497714489e-05], [0.000334929587552, -0.00024243631924, 0.0011403321987, -0.000160910742125, 0.00252453261055, -0.000952911970671, 0.000115396360343, -0.00124023400713, 0.00365106505342, -0.00717983674258, 0.0173044875264, -0.00738265924156, 0.00341082829982], [-6.97006471455e-05, 9.65106373769e-05, -0.000445663899882, 0.00111705285963, -0.000558025843929, 0.000794637191575, -0.0015680041397, 0.000274263438769, 5.16883046657e-05, 0.00249602668919, -0.00738265924156, 0.0188954863697, -0.00627868436277], [0.00030347352731, 0.000186610224773, 0.000230918929446, -0.00231839623302, 0.000184024727787, 0.00176123250276, 0.00109090271872, -0.000831309240311, 0.000303071428789, 5.88497714489e-05, 0.00341082829982, -0.00627868436277, 0.0188477672637]], "mean": [-667.323120117, 127.356552124, -30.334028244, 27.51039505, 8.86344432831, 3.50252890587, -4.27821350098, 0.262479752302, -9.26797866821, -2.52388119698, -7.98117828369, -6.40090560913, -6.24679231644]}, "pitch_salience": {"dmean": 0.0581862218678, "dmean2": 0.092824973166, "dvar": 0.00280912290327, "dvar2": 0.00709752598777, "max": 0.970551967621, "mean": 0.542158126831, "median": 0.540567815304, "min": 0.179702624679, "var": 0.0124206813052}, "silence_rate_20dB": {"dmean": 0, "dmean2": 0, "dvar": 0, "dvar2": 0, "max": 1, "mean": 1, "median": 1, "min": 1, "var": 0}, "silence_rate_30dB": {"dmean": 0, "dmean2": 0, "dvar": 0, "dvar2": 0, "max": 1, "mean": 1, "median": 1, "min": 1, "var": 0}, "silence_rate_60dB": {"dmean": 0.0128333093598, "dmean2": 0.0256702788174, "dvar": 0.0126705328003, "dvar2": 0.0287166163325, "max": 1, "mean": 0.0828343331814, "median": 0, "min": 0, "var": 0.0759758874774}, "spectral_centroid": {"dmean": 216.601760864, "dmean2": 330.575592041, "dvar": 63652.9882812, "dvar2": 128357.328125, "max": 11821.3916016, "mean": 1656.96362305, "median": 1409.56518555, "min": 173.836853027, "var": 2188919.75}, "spectral_complexity": {"dmean": 2.74148011208, "dmean2": 4.21791219711, "dvar": 8.46645832062, "dvar2": 17.6086921692, "max": 47, "mean": 18.6797828674, "median": 19, "min": 0, "var": 68.8138046265}, "spectral_contrast_coeffs": {"dmean": [0.0480270832777, 0.0424196720123, 0.0357509329915, 0.031392659992, 0.023818494752, 0.0170959103853], "dmean2": [0.0796366855502, 0.0666665136814, 0.0560788139701, 0.0498581789434, 0.0372880361974, 0.0269652716815], "dvar": [0.00174115074333, 0.00143741257489, 0.000872603442986, 0.000661807949655, 0.000422927492764, 0.000278153805993], "dvar2": [0.00465024774894, 0.00321629527025, 0.00211391504854, 0.00162601890042, 0.000942416663747, 0.000659348035697], "max": [-0.269601643085, -0.37673074007, -0.487273305655, -0.50502705574, -0.552339017391, -0.562672317028], "mean": [-0.582276761532, -0.705669522285, -0.739933907986, -0.716573476791, -0.734635353088, -0.754046618938], "median": [-0.577504515648, -0.717723846436, -0.743727385998, -0.7134963274, -0.732998490334, -0.751192212105], "min": [-0.977341353893, -0.980174422264, -0.9807472229, -0.977987170219, -0.968223869801, -0.964452326298], "var": [0.0107344156131, 0.010242568329, 0.0060019493103, 0.00529608177021, 0.0043767048046, 0.00252237170935]}, "spectral_contrast_valleys": {"dmean": [0.400089204311, 0.331452339888, 0.298666030169, 0.26908069849, 0.250554084778, 0.333530306816], "dmean2": [0.65820145607, 0.532477319241, 0.465137541294, 0.409519791603, 0.347851186991, 0.447926849127], "dvar": [0.135944738984, 0.0981465652585, 0.0863682255149, 0.0819092914462, 0.0904239341617, 0.173939019442], "dvar2": [0.308199346066, 0.204577207565, 0.165210068226, 0.148521840572, 0.149351269007, 0.315883904696], "max": [-5.6273431778, -5.29510593414, -5.19848918915, -5.72197294235, -5.45635843277, -7.85905361176], "mean": [-8.14962291718, -7.62489175797, -8.13784599304, -8.25510883331, -8.25513553619, -11.2316827774], "median": [-7.6261806488, -7.08446550369, -7.62212085724, -7.74032688141, -7.73790884018, -10.9036064148], "min": [-28.5465526581, -28.5650653839, -27.865278244, -27.774433136, -27.5838298798, -27.4201011658], "var": [8.43151950836, 8.90933513641, 8.40504169464, 8.36783027649, 8.37075996399, 6.22760438919]}, "spectral_decrease": {"dmean": 1.41553313515e-09, "dmean2": 2.13297512985e-09, "dvar": 3.88998598897e-18, "dvar2": 8.97964194648e-18, "max": 2.06061359578e-28, "mean": -5.39997824234e-09, "median": -4.86976414749e-09, "min": -3.56103910804e-08, "var": 1.55030041512e-17}, "spectral_energy": {"dmean": 0.00568821793422, "dmean2": 0.00855255313218, "dvar": 6.21309736744e-05, "dvar2": 0.000142707693158, "max": 0.138705611229, "mean": 0.0221418943256, "median": 0.0201806239784, "min": 9.81028128552e-21, "var": 0.000251262565143}, "spectral_energyband_high": {"dmean": 0.000195386412088, "dmean2": 0.000282153225271, "dvar": 2.47673682452e-07, "dvar2": 5.04864033246e-07, "max": 0.0111350975931, "mean": 0.000413066416513, "median": 0.000169635051861, "min": 6.7251867908e-21, "var": 6.68091502121e-07}, "spectral_energyband_low": {"dmean": 0.00142979470547, "dmean2": 0.00234438572079, "dvar": 7.27922588339e-06, "dvar2": 1.75531567947e-05, "max": 0.0588433519006, "mean": 0.00303870555945, "median": 0.0015909721842, "min": 1.2788867845e-23, "var": 1.90415703401e-05}, "spectral_energyband_middle_high": {"dmean": 0.00189423235133, "dmean2": 0.00280781183392, "dvar": 1.19445048767e-05, "dvar2": 2.66598708549e-05, "max": 0.0771918222308, "mean": 0.00687249004841, "median": 0.00534574594349, "min": 1.12694139516e-21, "var": 4.46068843303e-05}, "spectral_energyband_middle_low": {"dmean": 0.00435812445357, "dmean2": 0.00669835321605, "dvar": 4.46205194748e-05, "dvar2": 0.000109708846139, "max": 0.122262902558, "mean": 0.0128138121217, "median": 0.00915432907641, "min": 1.37434337166e-22, "var": 0.000146683320054}, "spectral_entropy": {"dmean": 0.14185757935, "dmean2": 0.201613157988, "dvar": 0.022482033819, "dvar2": 0.0406794659793, "max": 9.82336425781, "mean": 7.34342718124, "median": 7.29971694946, "min": 4.97419023514, "var": 0.271389603615}, "spectral_flux": {"dmean": 0.0192443206906, "dmean2": 0.030141485855, "dvar": 0.000521473702975, "dvar2": 0.00114937126637, "max": 0.290483206511, "mean": 0.0672828555107, "median": 0.0615531764925, "min": 6.34160640667e-11, "var": 0.00145260058343}, "spectral_kurtosis": {"dmean": 2.22928547859, "dmean2": 3.783182621, "dvar": 5.4007897377, "dvar2": 14.5621070862, "max": 59.0890388489, "mean": 5.74895572662, "median": 5.03952121735, "min": -1.26848506927, "var": 14.5163736343}, "spectral_rms": {"dmean": 0.000568003859371, "dmean2": 0.00084045244148, "dvar": 4.56491676459e-07, "dvar2": 9.7556039691e-07, "max": 0.011632822454, "mean": 0.00426978850737, "median": 0.00443716254085, "min": 3.09370432917e-12, "var": 3.37075425705e-06}, "spectral_rolloff": {"dmean": 368.916900635, "dmean2": 609.351745605, "dvar": 408788.9375, "dvar2": 846334.1875, "max": 20068.9453125, "mean": 2148.06079102, "median": 1765.72265625, "min": 129.19921875, "var": 7114973.5}, "spectral_skewness": {"dmean": 0.234069555998, "dmean2": 0.385783702135, "dvar": 0.0480897538364, "dvar2": 0.122560665011, "max": 6.57627105713, "mean": 1.49473774433, "median": 1.45004892349, "min": -0.165926977992, "var": 0.243688747287}, "spectral_spread": {"dmean": 387624.21875, "dmean2": 596855.8125, "dvar": 496144777216, "dvar2": 1045630353410.0, "max": 42618944, "mean": 4031615.25, "median": 3076492.5, "min": 