{"lowlevel": {"average_loudness": 0.940959692001, "barkbands": {"dmean": [9.45535648498e-05, 0.00527860410511, 0.00344898947515, 0.00255706836469, 0.00201455620117, 0.00117851188406, 0.000660663761664, 0.00123812828679, 0.00113762950059, 0.000488290039357, 0.000359033263521, 0.000417823815951, 0.000252027704846, 0.000476408808026, 0.000386736792279, 0.000304788874928, 0.000293821824016, 0.000245127943344, 0.000175901019247, 0.000105013801658, 4.34311441495e-05, 3.58452962246e-05, 3.39474136126e-05, 3.50724621967e-05, 2.99810635624e-05, 1.09549609988e-05, 1.46154366121e-06], "dmean2": [0.000131902692374, 0.00819983612746, 0.0056773936376, 0.00423133792356, 0.00334178516641, 0.00192885356955, 0.00111397705041, 0.00193123682402, 0.00174024014268, 0.000756705587264, 0.000585907720961, 0.000695856695529, 0.000387776293792, 0.000720212236047, 0.000558736384846, 0.000442966906121, 0.000447789381724, 0.000367298722267, 0.000265195209067, 0.000157871167175, 6.4470077632e-05, 5.11323305545e-05, 4.89237318106e-05, 4.94004016218e-05, 4.21078584623e-05, 1.56490787049e-05, 2.19428261516e-06], "dvar": [2.22095284386e-08, 9.75418442977e-05, 3.68557994079e-05, 2.07187731576e-05, 1.16495166367e-05, 7.09298592483e-06, 2.68456756203e-06, 7.69858706917e-06, 6.89275657351e-06, 1.31333797526e-06, 6.76721640502e-07, 7.70360884417e-07, 4.39527724438e-07, 1.34972788146e-06, 7.2342106705e-07, 3.93460936721e-07, 4.85020677843e-07, 5.93917093283e-07, 1.12659400031e-07, 3.93014687461e-08, 5.66389068979e-09, 5.46266365475e-09, 4.73349581753e-09, 4.88877560656e-09, 4.01164479413e-09, 1.08357811612e-09, 2.1115810489e-11], "dvar2": [3.94701764606e-08, 0.000229655764997, 9.79210453806e-05, 5.59404361411e-05, 3.06152687699e-05, 1.77554629772e-05, 7.0792061706e-06, 1.82253770618e-05, 1.54409626703e-05, 2.97308361041e-06, 1.67593452716e-06, 1.98643510885e-06, 9.53250719249e-07, 2.92834988613e-06, 1.44367595567e-06, 7.31809791432e-07, 9.33991486818e-07, 1.13514488476e-06, 2.3666962079e-07, 8.55688142565e-08, 1.29564892148e-08, 1.08840358948e-08, 1.00888870591e-08, 1.02267438962e-08, 8.19159495791e-09, 2.53243936932e-09, 5.08930328436e-11], "max": [0.00202165939845, 0.0868163779378, 0.0593640245497, 0.0642554312944, 0.0488140285015, 0.0434006676078, 0.0285752005875, 0.0492989420891, 0.047433540225, 0.0311366375536, 0.0194469802082, 0.0277543198317, 0.0131127443165, 0.0233161449432, 0.0232952851802, 0.0171433631331, 0.0300788488239, 0.0584792941809, 0.0155779030174, 0.010517578572, 0.00195655133575, 0.00203884998336, 0.00141031621024, 0.00257534394041, 0.0015079213772, 0.00150140211917, 0.000104982274934], "mean": [0.000133245368488, 0.00677203992382, 0.00463549699634, 0.00330032291822, 0.00282429973595, 0.00162540306337, 0.000898645725101, 0.00207908102311, 0.00206326530315, 0.000794963736553, 0.000462240364868, 0.000587198650464, 0.000418435694883, 0.000829810567666, 0.000695072580129, 0.000541153596714, 0.000523978495039, 0.000442456686869, 0.000324915687088, 0.000202233961318, 8.74159377418e-05, 7.66156590544e-05, 6.68920620228e-05, 6.98128569638e-05, 5.38073036296e-05, 1.63967633853e-05, 1.99994815375e-06], "median": [5.12457627337e-05, 0.00313240615651, 0.00250515853986, 0.00145391491242, 0.00160458975006, 0.000680060882587, 0.00027850602055, 0.000469210761366, 0.000370107998606, 0.000226510645007, 0.000124047379359, 0.000198025431018, 9.32790571824e-05, 0.000198477166123, 0.000183246796951, 0.000170958446688, 0.000212817758438, 0.00017683711485, 0.000158923881827, 8.24377639219e-05, 3.60190861102e-05, 2.05781761906e-05, 1.62138530868e-05, 1.70506027644e-05, 1.29604268295e-05, 3.10077393806e-06, 4.83294741116e-07], "min": [2.98809220326e-25, 3.6650651206e-24, 5.02586586071e-25, 1.17612376765e-24, 8.84184569311e-24, 8.48305676506e-24, 7.43861912604e-24, 8.3404346577e-24, 1.42752427181e-23, 1.73622984094e-23, 1.92689846836e-23, 2.61733382953e-23, 3.58170461102e-23, 3.56557429877e-23, 2.89220168344e-23, 4.1620241406e-23, 5.97999732626e-23, 9.59874085005e-23, 1.44570865163e-22, 1.64638691421e-22, 1.95799454483e-22, 3.25335703644e-22, 4.26291749401e-22, 6.20264088431e-22, 8.63428228412e-22, 1.34569441745e-21, 1.99331948373e-21], "var": [4.25404564908e-08, 0.000110888162453, 3.94546841562e-05, 2.45535447903e-05, 1.33428984554e-05, 8.46288548928e-06, 4.04868660553e-06, 1.89870934264e-05, 2.09220634133e-05, 3.21010747939e-06, 1.14317515454e-06, 1.56147348207e-06, 1.0613628092e-06, 3.26417966789e-06, 2.03636750484e-06, 1.07247342385e-06, 1.62199376064e-06, 1.81921086551e-06, 2.67636892204e-07, 1.19424385048e-07, 1.56218220582e-08, 2.09290451636e-08, 1.40002942572e-08, 1.4393781278e-08, 1.04104938004e-08, 1.69073566259e-09, 2.60481410747e-11]}, "barkbands_crest": {"dmean": 2.66386842728, "dmean2": 4.19763326645, "dvar": 6.26801919937, "dvar2": 14.7685155869, "max": 26.1411190033, "mean": 9.55502414703, "median": 8.76066017151, "min": 2.79691648483, "var": 15.3871831894}, "barkbands_flatness_db": {"dmean": 0.0232670977712, "dmean2": 0.0331658869982, "dvar": 0.000563027104363, "dvar2": 0.00105121918023, "max": 0.508321642876, "mean": 0.142822429538, "median": 0.13139206171, "min": 0.0138970231637, "var": 0.00369842373766}, "barkbands_kurtosis": {"dmean": 5.05354547501, "dmean2": 7.66431236267, "dvar": 648.82220459, "dvar2": 1446.96459961, "max": 985.467163086, "mean": 6.55752515793, "median": 1.8889605999, "min": -1.83431136608, "var": 824.132263184}, "barkbands_skewness": {"dmean": 0.634111583233, "dmean2": 0.924366593361, "dvar": 0.692343831062, "dvar2": 1.4265229702, "max": 24.1851158142, "mean": 1.61666083336, "median": 1.37985420227, "min": -2.11062240601, "var": 2.3142054081}, "barkbands_spread": {"dmean": 4.99269723892, "dmean2": 7.39238214493, "dvar": 24.6750946045, "dvar2": 53.5009689331, "max": 91.4321517944, "mean": 19.6138362885, "median": 18.7372303009, "min": 0.131005108356, "var": 116.674827576}, "dissonance": {"dmean": 0.0206946451217, "dmean2": 0.0350588411093, "dvar": 0.000503167684656, "dvar2": 0.0014109989861, "max": 0.500000059605, "mean": 0.460518449545, "median": 0.468086481094, "min": 0.0416065491736, "var": 0.000920995487832}, "dynamic_complexity": 3.19213962555, "erbbands": {"dmean": [0.0976761206985, 1.41318321228, 3.96941900253, 6.23075199127, 7.35976982117, 7.27375173569, 7.68153047562, 9.7714509964, 7.76514482498, 14.5870332718, 29.9104557037, 24.85688591, 16.9730072021, 13.6722183228, 17.2599315643, 15.319683075, 12.2620315552, 24.4654006958, 17.857755661, 16.9590053558, 14.3820877075, 15.558262825, 12.0168447495, 8.89970970154, 9.01755714417, 4.84230995178, 2.27389645576, 1.37385952473, 1.16586744785, 1.13475060463, 1.00763261318, 0.756285846233, 0.615575253963, 0.406602084637, 0.179595470428, 0.0692626014352, 0.0164059698582, 0.00212360010482, 0.000284606852802, 2.3150603738e-05], "dmean2": [0.14393928647, 2.23624229431, 6.39572763443, 10.2152853012, 12.0498905182, 12.2820091248, 12.8474845886, 15.9539470673, 13.2067918777, 24.0877304077, 46.3113708496, 37.482963562, 26.6427593231, 21.1305007935, 29.1065654755, 24.7771778107, 18.4535770416, 36.8192214966, 25.7866268158, 23.8352565765, 20.8118915558, 23.3576545715, 17.6253147125, 13.2715082169, 13.5930404663, 7.18364191055, 3.3578338623, 2.03202915192, 1.65812528133, 1.62165462971, 1.46724939346, 1.08709681034, 0.870981633663, 0.583265006542, 0.250498622656, 0.0977475419641, 0.023932306096, 0.00312743918039, 0.0004252922663, 3.23601125274e-05], "dvar": [0.028794111684, 7.38403987885, 48.9847755432, 117.358161926, 149.514099121, 184.251296997, 186.428771973, 689.246582031, 350.077850342, 1871.51281738, 4285.78076172, 4426.75048828, 1983.16088867, 956.45489502, 1639.27404785, 1093.10168457, 902.271362305, 3878.9050293, 1506.89489746, 1437.15332031, 788.782287598, 1466.77416992, 1216.64379883, 281.019287109, 249.811187744, 77.8296585083, 17.0865745544, 5.74991941452, 5.54867219925, 6.18004989624, 4.16569900513, 2.23710536957, 1.71199333668, 0.786378204823, 0.139941051602, 0.0332665070891, 0.00312507338822, 5.56479935767e-05, 7.82572499247e-07, 1.6840417949e-09], "dvar2": [0.0626054629683, 17.5653018951, 122.421669006, 315.962982178, 397.467376709, 484.710632324, 471.593170166, 1712.00610352, 943.530456543, 4802.35595703, 9524.38867188, 10003.3515625, 4613.79248047, 2135.47290039, 4407.18017578, 2670.5456543, 1912.65393066, 8347.79980469, 3125.02416992, 2809.93676758, 1463.43701172, 2793.96411133, 2264.83813477, 575.881774902, 559.538513184, 166.044006348, 39.1772994995, 13.155125618, 10.6549911499, 13.1268596649, 9.04863071442, 4.77802467346, 3.73153972626, 1.68547320366, 0.275844693184, 0.0718138813972, 0.0077849063091, 0.000138853531098, 1.87904151971e-06, 3.73326303205e-09], "max": [1.82192373276, 23.8697319031, 73.0036849976, 162.580673218, 195.733779907, 208.460403442, 252.789810181, 486.310028076, 328.008636475, 992.217895508, 1405.52075195, 1495.24462891, 1415.47607422, 984.281188965, 1011.48419189, 1371.87792969, 634.063110352, 1330.85693359, 808.195495605, 1093.84912109, 815.567382812, 1654.72192383, 2509.53491211, 544.089172363, 404.424835205, 398.254943848, 127.698829651, 48.0364608765, 73.0222320557, 69.4815979004, 37.6827087402, 29.5623989105, 58.5324440002, 22.8023281097, 8.53189182281, 6.07232475281, 2.81813311577, 0.324906796217, 0.0184105485678, 0.000736710964702], "mean": [0.134416848421, 1.72454309464, 5.42064666748, 8.70439147949, 10.4168796539, 9.24391174316, 11.4837903976, 12.2001476288, 10.364774704, 22.0555496216, 56.9937095642, 47.8918495178, 29.9772224426, 23.3946323395, 20.4693775177, 24.9796161652, 24.2431507111, 44.1178894043, 34.6390380859, 32.1567192078, 27.222826004, 29.9231109619, 23.3212890625, 17.2041721344, 17.1104125977, 9.90038299561, 4.54488611221, 2.86153197289, 2.52982234955, 2.36187410355, 1.94414067268, 1.47387778759, 1.17454612255, 0.733610570431, 0.308250755072, 0.10969825834, 0.022745648399, 0.00291884783655, 0.000394060101826, 5.30436154804e-05], "median": [0.0633979961276, 0.752966165543, 2.63427639008, 4.81013679504, 5.26684761047, 4.61184883118, 4.8677854538, 4.6290140152, 3.93135094643, 6.14028549194, 12.9760532379, 8.52408027649, 7.31686782837, 8.10714530945, 6.42458581924, 9.6206407547, 7.21570396423, 11.4952259064, 10.8356275558, 10.9230690002, 10.6738739014, 12.5929813385, 9.79474925995, 9.04124450684, 8.42712783813, 4.49910068512, 1.98431611061, 1.11133527756, 0.703126192093, 0.550499618053, 0.501123547554, 0.354131519794, 0.289628535509, 0.171987533569, 0.0733336061239, 0.0222587939352, 0.00412407610565, 0.000606578250881, 9.73550631898e-05, 3.92390866182e-05], "min": [1.0780425456e-22, 6.15055334537e-22, 2.1799377711e-21, 5.49087498933e-21, 1.11986667852e-20, 2.04408381642e-20, 4.87121040489e-20, 8.48668244551e-20, 1.47529109815e-19, 2.71403128857e-19, 1.95678918455e-19, 4.91579272572e-19, 5.85254892004e-19, 9.91150660825e-19, 1.19237423555e-18, 1.38975524614e-18, 1.98501592163e-18, 2.01690580219e-18, 2.02183248992e-18, 2.88936731545e-18, 2.70887898733e-18, 4.18731316502e-18, 5.66843878162e-18, 6.2506568868e-18, 8.47222867923e-18, 9.03085848847e-18, 8.07955032602e-18, 8.80996073307e-18, 1.1298387195e-17, 1.1436255042e-17, 1.1645779064e-17, 1.11918471593e-17, 1.04094583769e-17, 8.9914085907e-18, 6.8223015558e-18, 3.43419127348e-18, 2.35391283223e-18, 1.00616192099e-18, 2.60784999075e-19, 2.68401513366e-20], "var": [0.0410007722676, 7.7812628746, 56.9336471558, 135.068191528, 200.495574951, 185.570846558, 359.950622559, 711.358459473, 398.728729248, 3630.68286133, 14453.7695312, 14335.8017578, 5293.60986328, 2601.07568359, 1835.43920898, 2843.86767578, 2647.60327148, 9846.75683594, 4246.10742188, 3879.10986328, 2311.82836914, 5308.34423828, 4099.80761719, 761.444030762, 609.739440918, 251.331329346, 44.2880363464, 17.7757701874, 23.1777858734, 20.7513999939, 11.2141685486, 6.37431383133, 4.38164424896, 1.95184206963, 0.358062714338, 0.0655824616551, 0.00373433856294, 6.30461290712e-05, 9.94673314381e-07, 3.00456481916e-09]}, "erbbands_crest": {"dmean": 2.711165905, "dmean2": 4.29286527634, "dvar": 6.52302646637, "dvar2": 15.6471776962, "max": 32.6808242798, "mean": 9.69889259338, "median": 8.43003845215, "min": 2.54086017609, "var": 24.7464981079}, "erbbands_flatness_db": {"dmean": 0.0171074215323, "dmean2": 0.023646408692, "dvar": 0.000268735486316, "dvar2": 0.000513807288371, "max": 0.354381859303, "mean": 0.161042451859, "median": 0.156349539757, "min": 0.0460881143808, "var": 0.00197239033878}, "erbbands_kurtosis": {"dmean": 1.07106614113, "dmean2": 1.61736428738, "dvar": 4.99352216721, "dvar2": 10.2285137177, "max": 78.955581665, "mean": 0.758794546127, "median": -0.0710415840149, "min": -1.79754054546, "var": 15.1112613678}, "erbbands_skewness": {"dmean": 0.390094876289, "dmean2": 0.582306742668, "dvar": 0.14573135972, "dvar2": 0.312489390373, "max": 7.09139919281, "mean": 0.236298397183, "median": 0.226283699274, "min": -2.98569083214, "var": 0.844046890736}, "erbbands_spread": {"dmean": 7.43987083435, "dmean2": 10.9997644424, "dvar": 50.9241676331, "dvar2": 109.399871826, "max": 111.183479309, "mean": 35.2653884888, "median": 33.6959762573, "min": 2.13548707962, "var": 250.170349121}, "gfcc": {"cov": [[23326.4003906, 913.173706055, -2032.15026855, 851.310852051, -874.530151367, 380.87902832, -715.271362305, 363.089569092, -379.032714844, -69.0774765015, -313.818572998, -250.014129639, -247.46975708], [913.173706055, 1195.27429199, 89.5576934814, -73.5038909912, 309.45904541, -116.880432129, 90.5002365112, -73.6075668335, 28.0950984955, -63.2108573914, 20.8511123657, -70.2991333008, -14.9411773682], [-2032.15026855, 89.5576934814, 838.687194824, 78.0382614136, 151.182418823, 42.1378288269, 69.3863372803, -62.9473266602, -13.0880670547, -44.0248603821, -3.39647769928, 17.2914543152, -22.522108078], [851.310852051, -73.5038909912, 78.0382614136, 424.654327393, 5.69184160233, 59.84141922, -13.7694005966, -1.94895720482, 11.8106136322, -40.7350692749, -28.7308731079, -22.1173801422, -2.34284877777], [-874.530151367, 309.45904541, 151.182418823, 5.69184160233, 434.133605957, 5.04904508591, 68.5285339355, -29.9426422119, 19.781124115, 0.573690831661, 6.33140516281, 1.03089702129, 26.6513500214], [380.87902832, -116.880432129, 42.1378288269, 59.84141922, 5.04904508591, 242.403030396, 52.7194519043, 1.62988388538, -29.7794132233, -17.5678806305, -4.51140022278, -11.9212255478, -31.3262863159], [-715.271362305, 90.5002365112, 69.3863372803, -13.7694005966, 68.5285339355, 52.7194519043, 205.390274048, 14.7836885452, 39.2668151855, 2.83271360397, 12.1200857162, -13.327955246, -17.6709938049], [363.089569092, -73.6075668335, -62.9473266602, -1.94895720482, -29.9426422119, 1.62988388538, 14.7836885452, 154.137084961, 47.3499107361, 25.9083518982, -5.89196825027, -21.4245948792, 2.43380308151], [-379.032714844, 28.0950984955, -13.0880670547, 11.8106136322, 19.781124115, -29.7794132233, 39.2668151855, 47.3499107361, 145.259521484, 40.3851165771, 17.608215332, -16.5144100189, 12.2923784256], [-69.0774765015, -63.2108573914, -44.0248603821, -40.7350692749, 0.573690831661, -17.5678806305, 2.83271360397, 25.9083518982, 40.3851165771, 105.087303162, 28.481136322, 5.93493032455, 11.6248664856], [-313.818572998, 20.8511123657, -3.39647769928, -28.7308731079, 6.33140516281, -4.51140022278, 12.1200857162, -5.89196825027, 17.608215332, 28.481136322, 92.5824127197, 39.6971168518, 11.1095876694], [-250.014129639, -70.2991333008, 17.2914543152, -22.1173801422, 1.03089702129, -11.9212255478, -13.327955246, -21.4245948792, -16.5144100189, 5.93493032455, 39.6971168518, 105.979270935, 34.6633224487], [-247.46975708, -14.9411773682, -22.522108078, -2.34284877777, 26.6513500214, -31.3262863159, -17.6709938049, 2.43380308151, 12.2923784256, 11.6248664856, 11.1095876694, 34.6633224487, 81.6117172241]], "icov": [[0.000191067956621, -0.000545630522538, 0.00042227798258, -0.000508313416503, 0.000429845182225, -0.000586825888604, 0.000661934784148, -0.00062809640076, 0.000511738588102, -0.000596764613874, 0.000687998137437, -0.000511197606102, 0.000509250443429], [-0.000545630522538, 0.00295801530592, -0.00114449544344, 0.00168692343868, -0.00215932074934, 0.0025322297588, -0.00228572264314, 0.00231909146532, -0.00158846727572, 0.00291154533625, -0.00296409265138, 0.00280288071372, -0.001229770598], [0.00042227798258, -0.00114449544344, 0.00233298749663, -0.00134761980735, 0.000474814121844, -0.00129198853392, 0.0010982088279, -0.000963934056927, 0.00106584397145, -0.000910921837203, 0.00160336121917, -0.0015748454025, 0.00171147671062], [-0.000508313416503, 0.00168692343868, -0.00134761980735, 0.00408943928778, -0.00127335463185, 0.000899092992768, -0.00126693234779, 0.00182225788012, -0.00222104857676, 0.00279605342075, -0.00153940159362, 0.00195912015624, -0.00174102769233], [0.000429845182225, -0.00215932074934, 0.000474814121844, -0.00127335463185, 0.00430892733857, -0.00187739729881, 0.00089545827359, -0.00116924569011, 0.00107384857256, -0.00225985352881, 0.00218390510418, -0.00153813592624, -0.000380274897907], [-0.000586825888604, 0.0025322297588, -0.00129198853392, 0.000899092992768, -0.00187739729881, 0.00734138535336, -0.00373492669314, 0.00181127805263, -9.40849567996e-05, 0.00256604049355, -0.00304628023878, 0.00243274588138, -4.81692113681e-05], [0.000661934784148, -0.00228572264314, 0.0010982088279, -0.00126693234779, 0.00089545827359, -0.00373492669314, 0.00864998437464, -0.00271288608201, -0.000148272622027, -0.0018392103957, 0.00190518656746, -0.00187082763296, 0.00290276389569], [-0.00062809640076, 0.00231909146532, -0.000963934056927, 0.00182225788012, -0.00116924569011, 0.00181127805263, -0.00271288608201, 0.010142323561, -0.00394694320858, 0.00120066676755, -0.00167150457855, 0.00318448245525, -0.0022080403287], [0.000511738588102, -0.00158846727572, 0.00106584397145, -0.00222104857676, 0.00107384857256, -9.40849567996e-05, -0.000148272622027, -0.00394694320858, 0.011294297874, -0.00445616338402, 6.70043809805e-05, 0.000726390397176, -0.000193944419152], [-0.000596764613874, 0.00291154533625, -0.000910921837203, 0.00279605342075, -0.00225985352881, 0.00256604049355, -0.0018392103957, 0.00120066676755, -0.00445616338402, 0.0152042536065, -0.00611563120037, 0.00300908577628, -0.0020988159813], [0.000687998137437, -0.00296409265138, 0.00160336121917, -0.00153940159362, 0.00218390510418, -0.00304628023878, 0.00190518656746, -0.00167150457855, 6.70043809805e-05, -0.00611563120037, 0.0179813597351, -0.00861977040768, 0.00259610172361], [-0.000511197606102, 0.00280288071372, -0.0015748454025, 0.00195912015624, -0.00153813592624, 0.00243274588138, -0.00187082763296, 0.00318448245525, 0.000726390397176, 0.00300908577628, -0.00861977040768, 0.0169256981462, -0.00703284004703], [0.000509250443429, -0.001229770598, 0.00171147671062, -0.00174102769233, -0.000380274897907, -4.81692113681e-05, 0.00290276389569, -0.0022080403287, -0.000193944419152, -0.0020988159813, 0.00259610172361, -0.00703284004703, 0.0177564453334]], "mean": [-25.7755756378, 102.42275238, -111.808547974, 29.3188819885, -41.4133377075, 12.109869957, -35.8751907349, 14.8734006882, -21.9567871094, -0.811467587948, -13.6492509842, -7.22884130478, -11.1784477234]}, "hfc": {"dmean": 5.79679679871, "dmean2": 7.77186775208, "dvar": 60.7013397217, "dvar2": 110.516647339, "max": 211.351852417, "mean": 19.0938072205, "median": 14.7497386932, "min": 1.04613075466e-16, "var": 288.786071777}, "melbands": {"dmean": [0.00116661051288, 0.00195434922352, 0.0010919731576, 0.000520005181897, 0.000263447320322, 0.000216247630306, 0.00012399116531, 0.00016787032655, 0.000264237867668, 0.000149402520037, 8.42790614115e-05, 5.58408137294e-05, 5.37680098205e-05, 4.98197696288e-05, 3.23329404637e-05, 3.15095385304e-05, 4.75579654449e-05, 2.72187971859e-05, 2.96596881526e-05, 2.31349349633e-05, 1.77830406756e-05, 1.74282795342e-05, 1.7574393496e-05, 9.61756904871e-06, 7.52707182983e-06, 7.18317369319e-06, 5.69960002395e-06, 3.14342833008e-06, 1.4849664467e-06, 1.22522544643e-06, 7.64131073083e-07, 6.57325585962e-07, 8.73030558068e-07, 5.9835429056e-07, 6.2018926883e-07, 5.37933772193e-07, 4.75853198623e-07, 4.59993771074e-07, 4.09533470247e-07, 3.43388592228e-07], "dmean2": [0.00177366286516, 0.00304919295013, 0.00177023967262, 0.000859240069985, 0.00044333958067, 0.000352802599082, 0.000210921542021, 0.000278060120763, 0.000407008308684, 0.00022530221031, 0.000132776593091, 8.61405278556e-05, 8.88510912773e-05, 8.35625833133e-05, 5.00103924423e-05, 4.75068081869e-05, 7.13650952093e-05, 3.97181684093e-05, 4.27832383139e-05, 3.3150328818e-05, 2.65037160716e-05, 2.66493298113e-05, 2.61636523646e-05, 1.44654968608e-05, 1.13968389996e-05, 1.10314240374e-05, 8.63848435984e-06, 4.77615640193e-06, 2.23919823839e-06, 1.84997054475e-06, 1.1442681398e-06, 9.62558488027e-07, 1.28752299133e-06, 8.80394679825e-07, 9.21590753933e-07, 7.84392341302e-07, 6.98898475093e-07, 6.60775640426e-07, 5.90068793827e-07, 5.04385866407e-07], "dvar": [4.49258004664e-06, 1.16727251225e-05, 3.3847393297e-06, 8.00979023552e-07, 2.1112577997e-07, 3.04684562025e-07, 8.70106546813e-08, 2.46698817818e-07, 3.28395771021e-07, 1.59141919198e-07, 5.01714367829e-08, 1.66826978898e-08, 1.48139873701e-08, 1.10840376877e-08, 7.68824026665e-09, 5.32565636036e-09, 1.48773677822e-08, 3.67169539217e-09, 4.52385950922e-09, 2.61931276668e-09, 1.27556376572e-09, 1.70531566646e-09, 5.33388622159e-09, 4.03552774531e-10, 2.12641862452e-10, 2.0428160552e-10, 1.16728585131e-10, 3.79728887223e-11, 7.78724740941e-12, 4.97647192552e-12, 2.05936114515e-12, 1.95629406771e-12, 4.52560775313e-12, 1.89562970355e-12, 1.65108291622e-12, 1.23643630057e-12, 8.98021837014e-13, 8.58260131801e-13, 9.66787630854e-13, 5.59509741056e-13], "dvar2": [1.0318501154e-05, 2.72051001957e-05, 9.01548537513e-06, 2.08141045732e-06, 5.47638535409e-07, 7.55771111471e-07, 2.33898404645e-07, 6.40823600406e-07, 7.16845931947e-07, 3.54660329549e-07, 1.1670483957e-07, 3.75176405498e-08, 3.94324572994e-08, 2.89941421983e-08, 1.76888192982e-08, 1.18416583206e-08, 3.16164374681e-08, 7.78578534977e-09, 8.86086759522e-09, 5.08799091747e-09, 2.5666149206e-09, 3.49853657156e-09, 9.71075397871e-09, 8.52474590918e-10, 4.42544584311e-10, 4.43015041318e-10, 2.67959904265e-10, 8.62212315433e-11, 1.80829188429e-11, 1.17546796949e-11, 4.80730906471e-12, 3.85392152219e-12, 1.01066429531e-11, 4.21847886484e-12, 3.6695113094e-12, 2.78908732047e-12, 1.969194122e-12, 1.85383284244e-12, 2.22949566794e-12, 1.21989430276e-12], "max": [0.0216371323913, 0.038058038801, 0.0258576795459, 0.0110731525347, 0.00696949614212, 0.00987477041781, 0.00459613977, 0.0110234310851, 0.0121711911634, 0.0095432093367, 0.00685084797442, 0.00385520979762, 0.00273008388467, 0.00213708891533, 0.00286876154132, 0.00123093719594, 0.00244780932553, 0.0013977602357, 0.00258340942673, 0.00118340819608, 0.000906937522814, 0.00192771211732, 0.00523600075394, 0.000711914093699, 0.00050487590488, 0.000703594123479, 0.000463849719381, 0.00020855240291, 7.39315364626e-05, 4.41657175543e-05, 2.72035158559e-05, 5.48723292013e-05, 6.72935057082e-05, 3.8486909034e-05, 2.46299550781e-05, 2.5521236239e-05, 2.11374663195e-05, 3.38209138135e-05, 4.58543727291e-05, 1.34333049573e-05], "mean": [0.00154726055916, 0.00274032424204, 0.00159479933791, 0.000713194720447, 0.000387113774195, 0.000276425969787, 0.000168209400726, 0.000244506896706, 0.000504750933032, 0.000279393221717, 0.000139181749546, 9.13784606382e-05, 6.65220868541e-05, 6.27032422926e-05, 5.76110105612e-05, 5.70863194298e-05, 8.18503103801e-05, 4.84015472466e-05, 5.29224635102e-05, 3.97516050725e-05, 3.05967259919e-05, 3.00452702504e-05, 3.05026896967e-05, 1.70016210177e-05, 1.33477324198e-05, 1.25700880744e-05, 1.05027520476e-05, 5.74486330152e-06, 2.70310488304e-06, 2.28875796893e-06, 1.44677358094e-06, 1.31134709136e-06, 1.68116469013e-06, 1.15483101126e-06, 1.13307271477e-06, 9.67762730397e-07, 8.78167440987e-07, 8.45361682877e-07, 7.09514097252e-07, 5.95891947341e-07], "median": [0.000758246169426, 0.00139732728712, 0.00090633740183, 0.000396351126255, 0.000184413554962, 0.000108986452688, 6.03714433964e-05, 6.49591820547e-05, 0.000101585203083, 4.80291091662e-05, 3.00182073261e-05, 2.78753595921e-05, 1.79346279765e-05, 2.22108756134e-05, 1.79020607902e-05, 1.48502385855e-05, 1.88207559404e-05, 1.26284203361e-05, 1.53646833496e-05, 1.05584485937e-05, 1.18796524475e-05, 1.1567241927e-05, 9.91759407043e-06, 6.88516774972e-06, 6.39403151581e-06, 5.71743657929e-06, 4.57541818832e-06, 2.18137620323e-06, 1.05050162347e-06, 8.80228526512e-07, 4.79432969769e-07, 3.18076388339e-07, 3.70718368004e-07, 2.27859032975e-07, 2.8557923315e-07, 2.30453068184e-07, 2.0250232069e-07, 1.97510104272e-07, 1.66978708194e-07, 1.27721776266e-07], "min": [1.26173755979e-24, 6.50362075206e-25, 1.38440434587e-24, 1.46846477228e-24, 1.32579158618e-24, 1.78263119159e-24, 1.98657934572e-24, 3.15386649072e-24, 1.30172472186e-24, 2.30067338703e-24, 2.6685407236e-24, 3.37218078801e-24, 3.57769995863e-24, 4.27775997505e-24, 3.74382578223e-24, 3.52803248718e-24, 3.43502263101e-24, 2.32333144438e-24, 1.91958336119e-24, 3.6106163632e-24, 2.60045966089e-24, 3.67905596318e-24, 4.76986915709e-24, 4.5113523387e-24, 4.15628920071e-24, 5.11268444068e-24, 5.47128049224e-24, 4.40709174831e-24, 4.21313846184e-24, 3.99733530603e-24, 3.69872857644e-24, 5.02372893513e-24, 5.32814799187e-24, 5.69933623563e-24, 5.87082710225e-24, 5.93195593379e-24, 5.87278702717e-24, 6.64453675049e-24, 5.93082746827e-24, 6.40365136777e-24], "var": [5.53808831683e-06, 1.44151372297e-05, 4.2149958972e-06, 9.11226891276e-07, 3.30384665403e-07, 3.25228995735e-07, 1.09305211993e-07, 4.37583111079e-07, 1.16979606446e-06, 5.23373500982e-07, 1.28428922608e-07, 4.35719655911e-08, 2.04511945157e-08, 1.3590367054e-08, 2.02836396568e-08, 1.44699576765e-08, 3.71332724569e-08, 9.32554300448e-09, 1.18508314273e-08, 6.69802480147e-09, 3.16395487587e-09, 5.01847718937e-09, 1.73643712742e-08, 9.9880859139e-10, 5.33001476288e-10, 4.31153168723e-10, 2.96030144842e-10, 9.90992912731e-11, 1.8285702813e-11, 1.16266935316e-11, 5.73800035264e-12, 7.01081987603e-12, 1.24331239748e-11, 5.4540629825e-12, 4.13403599547e-12, 2.96589619184e-12, 2.34499138857e-12, 2.21508944e-12, 2.06942882969e-12, 1.33393675879e-12]}, "melbands_crest": {"dmean": 3.52400779724, "dmean2": 5.69084882736, "dvar": 10.3931427002, "dvar2": 25.2881507874, "max": 36.5182800293, "mean": 14.4460134506, "median": 13.8813209534, "min": 1.63059914112, "var": 29.1355571747}, "melbands_flatness_db": {"dmean": 0.0295674223453, "dmean2": 0.0413282886147, "dvar": 0.000886256515514, "dvar2": 0.00162135320716, "max": 0.658795535564, "mean": 0.22188718617, "median": 0.210457056761, "min": 0.00273560080677, "var": 0.00724021717906}, "melbands_kurtosis": {"dmean": 8.74725627899, "dmean2": 13.4131574631, "dvar": 418.910003662, "dvar2": 986.800415039, "max": 841.100341797, "mean": 14.6810445786, "median": 6.82656335831, "min": -1.75618970394, "var": 662.611694336}, "melbands_skewness": {"dmean": 0.833872020245, "dmean2": 1.22034049034, "dvar": 0.866556167603, "dvar2": 1.84225094318, "max": 19.0775222778, "mean": 2.63631272316, "median": 2.27166891098, "min": -1.14250540733, "var": 3.14459466934}, "melbands_spread": {"dmean": 6.59162855148, "dmean2": 9.81352233887, "dvar": 59.0987510681, "dvar2": 124.188987732, "max": 203.011932373, "mean": 22.4303359985, "median": 18.5714187622, "min": 0.175405561924, "var": 374.998413086}, "mfcc": {"cov": [[11275.6914062, -417.115386963, -421.215789795, 97.5688018799, 7.13128042221, -93.0929946899, -24.1914234161, 91.4490814209, -3.67409873009, 157.288711548, -3.67015075684, -109.31350708, -82.8767776489], [-417.115386963, 1544.43908691, -103.699050903, 125.158004761, 177.523681641, 44.4308052063, 92.4957809448, 2.59520101547, 16.2249736786, 0.910928249359, 16.7574939728, 57.149848938, -17.6410808563], [-421.215789795, -103.699050903, 612.717163086, 75.4177780151, 14.5689678192, 79.0223617554, 30.1857795715, 57.6204147339, -14.1171541214, -37.4071769714, -13.4878616333, -4.18055057526, 11.8530578613], [97.5688018799, 125.158004761, 75.4177780151, 330.038085938, 111.281013489, 28.5058021545, 0.896417617798, 15.1212148666, 49.0767860413, -4.57228279114, -18.3666439056, 3.73759961128, 30.4037303925], [7.13128042221, 177.523681641, 14.5689678192, 111.281013489, 273.49017334, 65.1046905518, 32.6611442566, 7.57579469681, 28.2676715851, -4.75750112534, -32.3472251892, -3.57502198219, 9.89026260376], [-93.0929946899, 44.4308052063, 79.0223617554, 28.5058021545, 65.1046905518, 224.503601074, 84.4425582886, 39.471950531, -0.0255131330341, -13.1255502701, 21.8766231537, -19.0880947113, -27.630645752], [-24.1914234161, 92.4957809448, 30.1857795715, 0.896417617798, 32.6611442566, 84.4425582886, 155.274276733, 49.9669761658, 4.65336370468, -2.76000142097, 22.7709655762, 3.32765769958, -28.1553535461], [91.4490814209, 2.59520101547, 57.6204147339, 15.1212148666, 7.57579469681, 39.471950531, 49.9669761658, 128.179870605, 22.3972110748, 2.78213787079, 16.0539646149, 6.6275844574, -10.734087944], [-3.67409873009, 16.2249736786, -14.1171541214, 49.0767860413, 28.2676715851, -0.0255131330341, 4.65336370468, 22.3972110748, 112.202537537, 50.6355400085, 9.96676158905, 2.39346837997, 3.21580553055], [157.288711548, 0.910928249359, -37.4071769714, -4.57228279114, -4.75750112534, -13.1255502701, -2.76000142097, 2.78213787079, 50.6355400085, 130.789154053, 46.8016929626, 2.02264165878, -5.95475912094], [-3.67015075684, 16.7574939728, -13.4878616333, -18.3666439056, -32.3472251892, 21.8766231537, 22.7709655762, 16.0539646149, 9.96676158905, 46.8016929626, 109.626152039, 33.8968544006, -18.0471591949], [-109.31350708, 57.149848938, -4.18055057526, 3.73759961128, -3.57502198219, -19.0880947113, 3.32765769958, 6.6275844574, 2.39346837997, 2.02264165878, 33.8968544006, 88.5014953613, 28.9641551971], [-82.8767776489, -17.6410808563, 11.8530578613, 30.4037303925, 9.89026260376, -27.630645752, -28.1553535461, -10.734087944, 3.21580553055, -5.95475912094, -18.0471591949, 28.9641551971, 92.1014785767]], "icov": [[9.91144479485e-05, 3.61910824722e-05, 8.52712837514e-05, -8.31977522466e-05, -1.85085118574e-05, 4.80301241623e-05, -7.27632993858e-07, -0.000137439114042, 0.000140759017086, -0.000157762638992, 4.09103740822e-05, 8.4799969045e-05, 7.89996411186e-05], [3.61910824722e-05, 0.000786254066043, 0.000192358391359, -0.000274317833828, -0.00041375355795, 7.2790273407e-05, -0.000414594076574, 9.55870564212e-05, 0.000166885132785, -8.08657350717e-05, 5.7823908719e-05, -0.000585422851145, 0.000384011451388], [8.52712837514e-05, 0.000192358391359, 0.00196959101595, -0.000552639365196, 0.000138394694659, -0.000554455036763, -2.45692917815e-05, -0.000862435263116, 0.000545448448975, 8.23966256576e-05, 0.0002933658252, -1.51434360305e-05, -0.000198164576432], [-8.31977522466e-05, -0.000274317833828, -0.000552639365196, 0.00409738486633, -0.00124736083671, -0.000180228293175, 0.000473771244287, -1.1974244444e-05, -0.00182155065704, 0.000755655986723, -0.000210762416827, 0.000274766643997, -0.0012008138001], [-1.85085118574e-05, -0.00041375355795, 0.000138394694659, -0.00124736083671, 0.00514356093481, -0.00148928433191, -0.000480988033814, 0.000319734797813, -0.000683133141138, -0.000453635235317, 0.00211571389809, -0.000519206980243, -0.000238473861828], [4.80301241623e-05, 7.2790273407e-05, -0.000554455036763, -0.000180228293175, -0.00148928433191, 0.00677598500624, -0.00274500786327, -0.000554026803002, 0.000261890585534, 0.00109311577398, -0.00239840405993, 0.00231479713693, 0.00034063970088], [-7.27632993858e-07, -0.000414594076574, -2.45692917815e-05, 0.000473771244287, -0.000480988033814, -0.00274500786327, 0.00956688821316, -0.00262231007218, -1.61832485901e-05, 0.000299590901705, -0.000614888616838, -0.000886553898454, 0.00179206370376], [-0.000137439114042, 9.55870564212e-05, -0.000862435263116, -1.1974244444e-05, 0.000319734797813, -0.000554026803002, -0.00262231007218, 0.0100232912228, -0.00238735205494, 0.000780506175943, -0.000602012500167, -0.000909234571736, 0.000477368274005], [0.000140759017086, 0.000166885132785, 0.000545448448975, -0.00182155065704, -0.000683133141138, 0.000261890585534, -1.61832485901e-05, -0.00238735205494, 0.0127185881138, -0.00531779089943, 0.00104595371522, -0.000265271955868, 5.89618321101e-05], [-0.000157762638992, -8.08657350717e-05, 8.23966256576e-05, 0.000755655986723, -0.000453635235317, 0.00109311577398, 0.000299590901705, 0.000780506175943, -0.00531779089943, 0.0120737394318, -0.00592148164287, 0.00237442040816, -0.000799025874585], [4.09103740822e-05, 5.7823908719e-05, 0.0002933658252, -0.000210762416827, 0.00211571389809, -0.00239840405993, -0.000614888616838, -0.000602012500167, 0.00104595371522, -0.00592148164287, 0.0158640984446, -0.00758972810581, 0.0039508570917], [8.4799969045e-05, -0.000585422851145, -1.51434360305e-05, 0.000274766643997, -0.000519206980243, 0.00231479713693, -0.000886553898454, -0.000909234571736, -0.000265271955868, 0.00237442040816, -0.00758972810581, 0.0173466671258, -0.00653098104522], [7.89996411186e-05, 0.000384011451388, -0.000198164576432, -0.0012008138001, -0.000238473861828, 0.00034063970088, 0.00179206370376, 0.000477368274005, 5.89618321101e-05, -0.000799025874585, 0.0039508570917, -0.00653098104522, 0.014929718338]], "mean": [-664.415405273, 134.867523193, -5.70744228363, 23.836309433, 15.7267141342, -0.0590408705175, 5.50994062424, 5.28759288788, 0.748256027699, 6.70503997803, 0.809689581394, -0.348313122988, -2.11666870117]}, "pitch_salience": {"dmean": 0.0820024088025, "dmean2": 0.129271253943, "dvar": 0.00622715894133, "dvar2": 0.0147571191192, "max": 0.995922446251, "mean": 0.530348777771, "median": 0.530734777451, "min": 0.0538136921823, "var": 0.0151234744117}, "silence_rate_20dB": {"dmean": 0, "dmean2": 0, "dvar": 0, "dvar2": 0, "max": 1, "mean": 1, "median": 1, "min": 1, "var": 0}, "silence_rate_30dB": {"dmean": 0.00312186428346, "dmean2": 0.00624442473054, "dvar": 0.00311193056405, "dvar2": 0.00932688079774, "max": 1, "mean": 0.998439252377, "median": 1, "min": 0, "var": 0.00155857566278}, "silence_rate_60dB": {"dmean": 0.0301036909223, "dmean2": 0.0602140948176, "dvar": 0.0291948970407, "dvar2": 0.0626109018922, "max": 1, "mean": 0.0761426985264, "median": 0, "min": 0, "var": 0.0703457891941}, "spectral_centroid": {"dmean": 243.036849976, "dmean2": 360.130401611, "dvar": 75809.125, "dvar2": 154997.203125, "max": 11839.3632812, "mean": 1296.81298828, "median": 1176.84106445, "min": 98.9489212036, "var": 1084627}, "spectral_complexity": {"dmean": 3.72728276253, "dmean2": 5.20294380188, "dvar": 18.590341568, "dvar2": 31.9662513733, "max": 54, "mean": 17.7488288879, "median": 17, "min": 0, "var": 94.2284317017}, "spectral_contrast_coeffs": {"dmean": [0.0562823712826, 0.0502072833478, 0.0394944138825, 0.034011144191, 0.024864628911, 0.0174626111984], "dmean2": [0.0898616313934, 0.0810186490417, 0.0634988844395, 0.0514236725867, 0.0372002013028, 0.0260320231318], "dvar": [0.00252078450285, 0.0017599798739, 0.00109586841427, 0.000883124070242, 0.000440088304458, 0.000235639410676], "dvar2": [0.0060877641663, 0.0044976756908, 0.00266440003179, 0.00180003198329, 0.000912007759325, 0.000501292292029], "max": [-0.331096410751, -0.349866718054, -0.43788215518, -0.508184552193, -0.525147259235, -0.644189178944], "mean": [-0.654445052147, -0.71903949976, -0.760375857353, -0.745266735554, -0.760325491428, -0.795097410679], "median": [-0.653781294823, -0.729466974735, -0.770683884621, -0.75009739399, -0.760274648666, -0.793729484081], "min": [-0.999849140644, -0.999455392361, -0.99882286787, -0.997657716274, -0.995787084103, -0.965044021606], "var": [0.00680621340871, 0.00788590218872, 0.00559547217563, 0.0059240036644, 0.00345928198658, 0.00168647873215]}, "spectral_contrast_valleys": {"dmean": [0.434228956699, 0.459740191698, 0.383994698524, 0.332310438156, 0.313803195953, 0.342674911022], "dmean2": [0.656377136707, 0.725582838058, 0.585289299488, 0.48647415638, 0.407811909914, 0.408081531525], "dvar": [0.171528503299, 0.22637014091, 0.169872313738, 0.141502708197, 0.144630610943, 0.162640020251], "dvar2": [0.328000724316, 0.493471294641, 0.328451782465, 0.249168053269, 0.213941559196, 0.236196964979], "max": [-5.30553627014, -4.41248989105, -5.36687088013, -5.99899816513, -5.74629354477, -8.20682811737], "mean": [-7.28946495056, -7.0859079361, -7.69789552689, -8.14424419403, -8.08760929108, -10.6313314438], "median": [-6.87495660782, -6.81383228302, -7.44587278366, -7.8961687088, -7.77676582336, -10.4259910583], "min": [-27.9286155701, -27.8084659576, -27.7427845001, -27.5881900787, -27.5070724487, -27.3523292542], "var": [4.70370817184, 4.51403570175, 4.22445344925, 4.09603214264, 4.27161502838, 3.74603366852]}, "spectral_decrease": {"dmean": 3.06365000036e-09, "dmean2": 4.37357972061e-09, "dvar": 1.53658609144e-17, "dvar2": 3.08356090962e-17, "max": 1.3064988971e-18, "mean": -7.62944463162e-09, "median": -6.64612631596e-09, "min": -4.1749409263e-08, "var": 3.4583835767e-17}, "spectral_energy": {"dmean": 0.0119626419619, "dmean2": 0.0170060675591, "dvar": 0.000230215242482, "dvar2": 0.000459782779217, "max": 0.160606428981, "mean": 0.0305272806436, "median": 0.0266840979457, "min": 9.82785806575e-21, "var": 0.000538672262337}, "spectral_energyband_high": {"dmean": 0.000183016236406, "dmean2": 0.00024338599178, "dvar": 8.84501218934e-08, "dvar2": 1.60753870659e-07, "max": 0.00499339727685, "mean": 0.000456592155388, "median": 0.000180653878488, "min": 6.77235426107e-21, "var": 3.952868326e-07}, "spectral_energyband_low": {"dmean": 0.00798657350242, "dmean2": 0.0117355175316, "dvar": 0.000159156275913, "dvar2": 0.000337165489327, "max": 0.136943563819, "mean": 0.0133273918182, "median": 0.0085096322, "min": 1.38407097325e-23, "var": 0.000253794278251}, "spectral_energyband_middle_high": {"dmean": 0.00199258490466, "dmean2": 0.0028385235928, "dvar": 8.07751803222e-06, "dvar2": 1.57529611897e-05, "max": 0.080512046814, "mean": 0.00556328706443, "median": 0.00342717720196, "min": 1.12215168418e-21, "var": 3.87523105019e-05}, "spectral_energyband_middle_low": {"dmean": 0.00643500126898, "dmean2": 0.0102997412905, "dvar": 8.44319656608e-05, "dvar2": 0.000212764338357, "max": 0.0897932946682, "mean": 0.0131100211293, "median": 0.00994123704731, "min": 1.43157251665e-22, "var": 0.000141985350638}, "spectral_entropy": {"dmean": 0.165350601077, "dmean2": 0.22821007669, "dvar": 0.029145270586, "dvar2": 0.0536474958062, "max": 9.82832050323, "mean": 7.35945510864, "median": 7.41577720642, "min": 4.51780414581, "var": 0.277037352324}, "spectral_flux": {"dmean": 0.0327038578689, "dmean2": 0.047903418541, "dvar": 0.00123728299513, "dvar2": 0.00232761492953, "max": 0.322487175465, "mean": 0.0923470109701, "median": 0.080864444375, "min": 6.21331736061e-11, "var": 0.00308597180992}, "spectral_kurtosis": {"dmean": 1.93178081512, "dmean2": 3.14283394814, "dvar": 5.84216737747, "dvar2": 14.9290046692, "max": 52.1576690674, "mean": 6.74620056152, "median": 5.24458503723, "min": -1.49438107014, "var": 23.693561554}, "spectral_rms": {"dmean": 0.00103736622259, "dmean2": 0.00141104368959, "dvar": 1.35023640269e-06, "dvar2": 2.4392782052e-06, "max": 0.0125175556168, "mean": 0.00498351221904, "median": 0.00510228052735, "min": 3.09647446572e-12, "var": 4.94711912324e-06}, "spectral_rolloff": {"dmean": 368.855987549, "dmean2": 599.475097656, "dvar": 320885.78125, "dvar2": 641177.125, "max": 19961.2792969, "mean": 1379.13793945, "median": 990.52734375, "min": 64.599609375, "var": 4816759.5}, "spectral_skewness": {"dmean": 0.22601185739, "dmean2": 0.351752638817, "dvar": 0.0557380206883, "dvar2": 0.126742765307, "max": 6.33710718155, "mean": 1.85529696941, "median": 1.71624398232, "min": -0.0805254504085, "var": 0.385338366032}, "spectral_spread": {"dmean": 477703.3125, "dmean2": 686006.25, "dvar": 497206198272, "dvar2": 859524366336, "max": 42129064, "mean": 4393285.5, "median": 3962689, 