{"lowlevel": {"average_loudness": 0.0126928668469, "barkbands": {"dmean": [9.76001319941e-05, 0.000955020543188, 0.000254939310253, 0.000210828860872, 0.000298607861623, 0.00022983989038, 0.000353205832653, 0.00125538371503, 0.000524631643202, 0.000295062054647, 0.000356884207577, 0.000349601177732, 0.000258802814642, 0.000128935178509, 6.94150658092e-05, 5.16801374033e-05, 6.96054994478e-05, 4.9440204748e-05, 3.81274148822e-05, 2.68408821285e-05, 1.24322759802e-05, 2.95714598906e-05, 3.09331298922e-05, 1.32191771627e-05, 8.2311926235e-06, 2.91374954031e-06, 3.6851380969e-07], "dmean2": [0.00015303089458, 0.00154791772366, 0.000380996934837, 0.000329316506395, 0.000454068620456, 0.000335127930157, 0.00049596716417, 0.0017687168438, 0.000711251981556, 0.000420294003561, 0.000530564109795, 0.000464728858788, 0.000367959582945, 0.00017874117475, 0.000104021884908, 7.72978673922e-05, 0.00010665418813, 7.2024849942e-05, 5.69574731344e-05, 3.95070564991e-05, 2.0903917175e-05, 5.02518705616e-05, 5.13832274009e-05, 2.06486784009e-05, 1.265598803e-05, 4.61984973299e-06, 5.9306825051e-07], "dvar": [3.90402448147e-07, 3.35386539518e-05, 1.48223841734e-06, 9.45191004575e-07, 5.78766275794e-07, 5.62572552099e-07, 3.45070884578e-06, 1.37314500535e-05, 1.17290155686e-05, 1.28505894281e-06, 2.19502180698e-06, 2.42267492467e-06, 1.88983699445e-06, 3.19606044741e-07, 7.23882394027e-08, 3.80506826048e-08, 5.41218341255e-08, 2.77773022361e-08, 1.27471651012e-08, 7.43329620079e-09, 6.93402579799e-09, 4.36557741068e-08, 4.86833826585e-08, 4.94507990112e-09, 1.62083468869e-09, 2.22341853262e-10, 3.92345184119e-12], "dvar2": [8.60719978846e-07, 8.29319469631e-05, 3.50646541847e-06, 2.12676764022e-06, 1.42122337365e-06, 1.22309302242e-06, 6.33426952845e-06, 2.76330374618e-05, 2.21182890527e-05, 2.44711577579e-06, 4.62495290776e-06, 4.28997918789e-06, 3.5679049688e-06, 5.74222781324e-07, 1.62458022146e-07, 8.21990937538e-08, 1.32347679482e-07, 5.41454632241e-08, 2.95892466085e-08, 1.55822164061e-08, 1.94043323631e-08, 1.22229067756e-07, 1.35101757337e-07, 1.19431433632e-08, 3.70165453845e-09, 5.43355027638e-10, 9.7200771737e-12], "max": [0.0126354247332, 0.129201069474, 0.0401239581406, 0.0358135998249, 0.0209069456905, 0.0246977396309, 0.11831407249, 0.103983849287, 0.190683707595, 0.0624184943736, 0.0547421611845, 0.056826222688, 0.0669394284487, 0.0201172698289, 0.0109816575423, 0.00690133683383, 0.00724645378068, 0.00529885385185, 0.00377687509172, 0.00362274236977, 0.00261992728338, 0.00521708186716, 0.00652933120728, 0.00222835224122, 0.000891183444764, 0.000320775987348, 5.61207343708e-05], "mean": [0.000110731831228, 0.00156016496476, 0.000640304526314, 0.000463100877823, 0.000751759973355, 0.000661533209495, 0.000658562814351, 0.00301196612418, 0.00102773273829, 0.000730985717382, 0.000744698219933, 0.000559489417356, 0.000644490122795, 0.000269131269306, 0.000136904316605, 0.000129401392769, 0.00017805043899, 0.000110323111585, 9.73625283223e-05, 6.14852906438e-05, 1.63698969118e-05, 3.8854599552e-05, 3.77371507057e-05, 1.72859072336e-05, 9.13065287023e-06, 2.73755381386e-06, 3.56116061084e-07], "median": [4.9176679795e-07, 6.95615817676e-05, 5.93933582422e-05, 6.47485867376e-05, 0.000253289385, 9.60036704782e-05, 6.50324582239e-05, 0.000205488104257, 3.0378010706e-05, 4.49991566711e-05, 4.31274056609e-05, 2.43816648435e-05, 1.86553261301e-05, 1.49718216562e-05, 7.63265234127e-06, 7.63888419897e-06, 1.12464313133e-05, 1.02559488369e-05, 1.28534475152e-05, 5.06293781655e-06, 3.61698710094e-07, 1.72305112756e-06, 1.12154464205e-06, 2.93559054398e-07, 8.67155520723e-08, 2.55888465972e-08, 6.67936328469e-09], "min": [5.77299010759e-25, 2.36234022171e-24, 8.3868762797e-25, 1.97869758989e-25, 4.17395297967e-24, 7.23672753229e-24, 1.01528812416e-23, 7.33521129428e-24, 1.77156197425e-23, 2.05412485075e-23, 1.43407229064e-23, 2.23265101558e-23, 3.33175750419e-23, 2.82636556111e-23, 3.79839807525e-23, 4.70030243265e-23, 3.97171460266e-23, 1.12296546047e-22, 1.48163388213e-22, 1.83152486938e-22, 2.41176917319e-22, 3.07440198372e-22, 3.75813057568e-22, 5.41071591712e-22, 8.74220653389e-22, 1.35456974634e-21, 1.94830215799e-21], "var": [4.09876577123e-07, 3.47106797562e-05, 3.12419160764e-06, 1.98611701308e-06, 1.97885674424e-06, 3.34575520355e-06, 7.18577712178e-06, 6.41911829007e-05, 2.83513072645e-05, 6.11440646026e-06, 6.94553864378e-06, 5.2247360145e-06, 9.74561498879e-06, 1.28662168208e-06, 1.88174780646e-07, 1.92716925085e-07, 2.6378864959e-07, 9.6703004715e-08, 5.43996101499e-08, 2.90713941808e-08, 6.15373130231e-09, 3.91674959133e-08, 4.56539694937e-08, 7.73419550626e-09, 2.12626116713e-09, 2.14661760589e-10, 3.88140908303e-12]}, "barkbands_crest": {"dmean": 1.99562311172, "dmean2": 3.04871678352, "dvar": 4.3615026474, "dvar2": 10.2378835678, "max": 25.9073505402, "mean": 11.5354385376, "median": 10.597278595, "min": 2.98948407173, "var": 22.4818553925}, "barkbands_flatness_db": {"dmean": 0.0178526993841, "dmean2": 0.0254673399031, "dvar": 0.000430716288975, "dvar2": 0.000831743469462, "max": 0.420522034168, "mean": 0.206208944321, "median": 0.206073597074, "min": 0.034114446491, "var": 0.0046400190331}, "barkbands_kurtosis": {"dmean": 2.24479627609, "dmean2": 3.4480741024, "dvar": 19.9373016357, "dvar2": 47.0151863098, "max": 111.655258179, "mean": 4.56088590622, "median": 2.49761748314, "min": -1.88703095913, "var": 50.5537796021}, "barkbands_skewness": {"dmean": 0.397018104792, "dmean2": 0.586940288544, "dvar": 0.244602009654, "dvar2": 0.549244523048, "max": 9.22221088409, "mean": 1.36815619469, "median": 1.26691865921, "min": -2.15675282478, "var": 1.39125716686}, "barkbands_spread": {"dmean": 3.33299565315, "dmean2": 4.94960308075, "dvar": 44.3894805908, "dvar2": 92.5871582031, "max": 111.118080139, "mean": 13.2051544189, "median": 9.46333408356, "min": 0.568155229092, "var": 132.604568481}, "dissonance": {"dmean": 0.0293791089207, "dmean2": 0.0490036420524, "dvar": 0.000817747961264, "dvar2": 0.00219161156565, "max": 0.499988377094, "mean": 0.417215943336, "median": 0.428288638592, "min": 0.173649117351, "var": 0.0028942192439}, "dynamic_complexity": 9.4876499176, "erbbands": {"dmean": [0.0364224612713, 0.192537933588, 0.278777092695, 0.563826680183, 0.790049672127, 1.09738636017, 1.38059234619, 1.95649981499, 3.21722126007, 17.4489326477, 19.679813385, 13.3357896805, 11.2009773254, 5.14556312561, 17.3614768982, 9.29432582855, 11.1067409515, 7.60683584213, 4.07417106628, 3.30744051933, 2.26618552208, 2.66430306435, 2.67273020744, 1.6716054678, 1.80102860928, 1.07752549648, 0.469089776278, 0.633131861687, 1.00947761536, 1.15142011642, 0.792564928532, 0.364750295877, 0.174786016345, 0.108000472188, 0.0513551086187, 0.0194359980524, 0.00376167264767, 0.000554609345272, 7.00882374076e-05, 6.86802604832e-06], "dmean2": [0.0590961202979, 0.322858244181, 0.435995966196, 0.835300922394, 1.24211502075, 1.68680787086, 2.05354881287, 2.85755419731, 4.44564723969, 26.1031837463, 26.6419200897, 17.9224052429, 15.6460905075, 7.01154184341, 25.7390499115, 12.6506567001, 15.6055135727, 10.3467931747, 5.86900138855, 4.96192026138, 3.39617729187, 3.95671892166, 3.78861761093, 2.47299814224, 2.58271980286, 1.58703124523, 0.753513455391, 1.09901785851, 1.73901832104, 1.93868756294, 1.31582403183, 0.584356725216, 0.272608339787, 0.166670322418, 0.0792021453381, 0.0307214986533, 0.00595310423523, 0.000878600461874, 0.000112209905637, 1.01342920971e-05], "dvar": [0.0554015412927, 1.35157012939, 1.6866672039, 9.09658241272, 6.3783864975, 10.5810594559, 14.8017416, 44.016910553, 193.526229858, 3541.6003418, 4657.10986328, 8548.20019531, 2129.85913086, 336.56072998, 5737.41259766, 1512.80969238, 3865.47851563, 1129.80383301, 364.9140625, 164.04586792, 59.9379463196, 68.2462539673, 64.720123291, 31.0690784454, 26.3342056274, 12.0067968369, 6.84741830826, 25.5588951111, 62.524394989, 53.0729522705, 33.3451423645, 3.69777441025, 1.01994156837, 0.33280056715, 0.0618553049862, 0.00977847911417, 0.00037773035001, 7.65560980653e-06, 1.39825473866e-07, 6.02057237398e-10], "dvar2": [0.133588954806, 3.60071134567, 4.15428590775, 19.5588665009, 15.9960384369, 27.1603431702, 33.7619857788, 95.3873214722, 373.466094971, 7291.50537109, 9041.93554688, 16244.9082031, 3789.46069336, 549.411010742, 12524.2724609, 2899.04638672, 7371.28515625, 2086.33520508, 664.710510254, 397.449432373, 140.087234497, 159.131744385, 130.219360352, 67.3344497681, 60.0377311707, 27.9796714783, 18.7447986603, 73.2266540527, 179.291870117, 143.868972778, 91.9738006592, 8.93448829651, 2.53112268448, 0.793711960316, 0.144223928452, 0.0238578282297, 0.000926058273762, 1.85781555047e-05, 3.42489727245e-07, 1.38771338865e-09], "max": [5.06700944901, 26.9939689636, 41.8039588928, 126.145301819, 86.2794113159, 82.3966369629, 110.421775818, 213.787109375, 553.264282227, 2662.59350586, 2862.2409668, 4781.31787109, 2705.51123047, 772.736938477, 2777.859375, 1811.8671875, 3587.61303711, 1120.61413574, 752.790344238, 448.087249756, 308.45501709, 296.120239258, 312.145690918, 220.305328369, 198.134414673, 149.340789795, 75.7503967285, 160.727462769, 191.996871948, 204.599563599, 166.329391479, 57.8151893616, 38.1784896851, 15.1635389328, 6.54473209381, 2.30385446548, 0.405125528574, 0.0634562447667, 0.0113029684871, 0.000927815155592], "mean": [0.050093267113, 0.323768377304, 0.677194774151, 1.37442040443, 1.90228867531, 2.47856616974, 3.35021305084, 5.67817592621, 8.23170280457, 43.5010719299, 44.1065597534, 27.844285965, 27.5587997437, 13.7582702637, 42.9249534607, 21.2775363922, 28.5726566315, 17.2348270416, 9.27714061737, 8.15591430664, 6.62994527817, 8.41517162323, 7.52895593643, 4.61342906952, 5.08727121353, 2.91458797455, 0.867526948452, 0.775134801865, 1.26911842823, 1.50392091274, 0.985238075256, 0.48491820693, 0.220918595791, 0.123244427145, 0.0538040809333, 0.0183904375881, 0.00357702816837, 0.000551206991076, 7.38874223316e-05, 1.78919181053e-05], "median": [0.000914671749342, 0.020097291097, 0.0688956454396, 0.181559130549, 0.415871024132, 0.688176751137, 0.975911080837, 0.774078547955, 0.865295708179, 3.4155049324, 3.75639724731, 1.5690779686, 1.67176353931, 1.40062367916, 2.16060638428, 1.47493767738, 1.23547410965, 1.06656491756, 0.616746664047, 0.473487973213, 0.476921916008, 0.612284839153, 0.746864020824, 0.513890862465, 0.725327730179, 0.271850556135, 0.0414213985205, 0.019963843748, 0.0477590449154, 0.0670840665698, 0.0249723866582, 0.00825102813542, 0.00466000149027, 0.00142816978041, 0.00045601974125, 0.000169029997778, 3.39466896548e-05, 7.61985756981e-06, 3.33876755576e-06, 4.47801267001e-06], "min": [8.82141877106e-23, 5.06999969774e-22, 1.79639375045e-21, 4.16788441787e-21, 5.4875012395e-21, 1.2377638265e-20, 2.80899937771e-20, 8.48950649182e-20, 1.30856664183e-19, 2.33255368464e-19, 1.48721426044e-19, 3.73861881281e-19, 3.17751040856e-19, 7.91173647284e-19, 9.58524589515e-19, 1.44483492838e-18, 1.51284096206e-18, 1.06633445087e-18, 1.93251352738e-18, 2.2850471511e-18, 3.12190122733e-18, 3.15279394166e-18, 5.22396403281e-18, 5.47869430244e-18, 8.35385086177e-18, 8.60635518837e-18, 8.26405957909e-18, 9.20466154288e-18, 1.19075362329e-17, 8.75723789519e-18, 1.08786360475e-17, 9.97705715628e-18, 9.49400849397e-18, 8.22378746379e-18, 6.53466728216e-18, 4.40100576369e-18, 2.0881103365e-18, 8.05009225306e-19, 2.29627044105e-19, 2.67694483968e-20], "var": [0.0535169653594, 1.29421818256, 3.2056646347, 18.4840831757, 17.790189743, 29.5815544128, 46.8647155762, 265.596313477, 835.744750977, 13852.1513672, 20707.5273438, 20100.2226563, 10280.1533203, 1648.56140137, 23755.1347656, 6008.14160156, 17491.9394531, 4380.3046875, 1299.49743652, 730.832763672, 390.246276855, 537.657897949, 367.598297119, 134.266891479, 145.613418579, 61.3875961304, 9.19801902771, 19.4841766357, 49.206741333, 54.8711090088, 33.2009239197, 5.97142028809, 1.38093864918, 0.425981432199, 0.0737242624164, 0.00951814372092, 0.000367574917618, 8.1164025687e-06, 1.45078189462e-07, 1.37554823088e-09]}, "erbbands_crest": {"dmean": 2.27309775352, "dmean2": 3.47301602364, "dvar": 5.32580471039, "dvar2": 11.990858078, "max": 32.3696937561, "mean": 11.4204120636, "median": 10.4736776352, "min": 2.432295084, "var": 26.3474693298}, "erbbands_flatness_db": {"dmean": 0.0162920262665, "dmean2": 0.0224972050637, "dvar": 0.000425053149229, "dvar2": 0.000685010163579, "max": 0.45929557085, "mean": 0.236973136663, "median": 0.235902175307, "min": 0.024883095175, "var": 0.00518610002473}, "erbbands_kurtosis": {"dmean": 0.989498615265, "dmean2": 1.51862633228, "dvar": 2.63980913162, "dvar2": 5.95564556122, "max": 59.3813972473, "mean": 1.24801421165, "median": 0.321115404367, "min": -1.77263867855, "var": 9.38569641113}, "erbbands_skewness": {"dmean": 0.320715457201, "dmean2": 0.476644992828, "dvar": 0.115995943546, "dvar2": 0.256047874689, "max": 5.94357919693, "mean": 0.628861010075, "median": 0.583027660847, "min": -2.42619872093, "var": 0.664702534676}, "erbbands_spread": {"dmean": 5.1025633812, "dmean2": 7.55533313751, "dvar": 84.4952087402, "dvar2": 172.397857666, "max": 138.077148438, "mean": 25.1544151306, "median": 21.0723190308, "min": 1.44891285896, "var": 299.694824219}, "gfcc": {"cov": [[37263.9921875, -1466.08435059, -4177.52490234, 2760.55029297, -2462.07446289, 963.994995117, -256.370117188, 1037.27185059, -112.308258057, 97.4082946777, -180.585571289, -13.2113428116, -802.460632324], [-1466.08435059, 2304.77392578, -151.011505127, -624.522705078, 555.319152832, -383.275085449, 130.659744263, -218.82131958, 48.6955299377, -172.345581055, 136.864074707, -109.974365234, 72.4543991089], [-4177.52490234, -151.011505127, 1708.11547852, 69.5788421631, 356.161224365, 342.670471191, -15.3825960159, 9.7670841217, -9.65048980713, 154.801040649, -86.7987976074, 66.0117492676, 131.74382019], [2760.55029297, -624.522705078, 69.5788421631, 1032.5670166, -104.853141785, 208.191711426, -79.6045074463, 155.821044922, 44.1212615967, 32.6264381409, -98.6881256104, 21.6750335693, -15.4262552261], [-2462.07446289, 555.319152832, 356.161224365, -104.853141785, 641.018310547, -8.13152694702, 49.0757064819, -47.8970298767, 71.6350860596, 53.10414505, -20.7877445221, -3.35166287422, 141.623413086], [963.994995117, -383.275085449, 342.670471191, 208.191711426, -8.13152694702, 431.052276611, 30.504535675, 97.9182128906, -23.1094379425, 111.554405212, -39.9769706726, 8.29231357574, 16.6952152252], [-256.370117188, 130.659744263, -15.3825960159, -79.6045074463, 49.0757064819, 30.504535675, 330.708984375, 45.7401428223, -9.70019435883, 7.4582195282, 75.2518844604, -6.19034862518, -13.3129034042], [1037.27185059, -218.82131958, 9.7670841217, 155.821044922, -47.8970298767, 97.9182128906, 45.7401428223, 176.415634155, 32.4968147278, 47.9769554138, 1.66072750092, 3.13857126236, -25.120929718], [-112.308258057, 48.6955299377, -9.65048980713, 44.1212615967, 71.6350860596, -23.1094379425, -9.70019435883, 32.4968147278, 161.246170044, 28.7183361053, 8.46516036987, 4.41858577728, 19.9068450928], [97.4082946777, -172.345581055, 154.801040649, 32.6264381409, 53.10414505, 111.554405212, 7.4582195282, 47.9769554138, 28.7183361053, 166.744796753, -10.6345157623, 18.5428733826, 39.6330833435], [-180.585571289, 136.864074707, -86.7987976074, -98.6881256104, -20.7877445221, -39.9769706726, 75.2518844604, 1.66072750092, 8.46516036987, -10.6345157623, 118.98613739, 0.269447147846, -20.0344696045], [-13.2113428116, -109.974365234, 66.0117492676, 21.6750335693, -3.35166287422, 8.29231357574, -6.19034862518, 3.13857126236, 4.41858577728, 18.5428733826, 0.269447147846, 124.012268066, 47.3718032837], [-802.460632324, 72.4543991089, 131.74382019, -15.4262552261, 141.623413086, 16.6952152252, -13.3129034042, -25.120929718, 19.9068450928, 39.6330833435, -20.0344696045, 47.3718032837, 144.518478394]], "icov": [[0.000187799072592, -0.000389646767871, 0.000524547474924, -0.000392122805351, 0.000549572578166, -0.000662654871121, 0.000188609410543, -0.000600321043748, 0.000194292631932, -0.000555679085664, 0.000587186019402, -0.000595843011979, 0.000571448646951], [-0.000389646767871, 0.00172963389196, -0.00103433628101, 0.00105933449231, -0.00190821604338, 0.00166777009144, -0.000503208604641, 0.00160568323918, -0.000527195516042, 0.00191006809473, -0.00196810974739, 0.00190635002218, -0.00141358922701], [0.000524547474924, -0.00103433628101, 0.00233412627131, -0.00103651487734, 0.00101914163679, -0.00249338406138, 0.000621221959591, -0.0014903357951, 0.000701931363437, -0.00174841959961, 0.0018628918333, -0.00203388929367, 0.00158798124176], [-0.000392122805351, 0.00105933449231, -0.00103651487734, 0.0022329587955, -0.0012260209769, 0.000938485609367, -0.000167492195033, 0.000377883465262, -0.000847036368214, 0.00178124126978, -0.000502418144606, 0.00117140938528, -0.0012073169928], [0.000549572578166, -0.00190821604338, 0.00101914163679, -0.0012260209769, 0.00482448004186, -0.00178500334732, -2.44753464358e-05, -0.00159789959434, -0.000359841913451, -0.00242379982956, 0.00278546940535, -0.00116156798322, -0.000372114678612], [-0.000662654871121, 0.00166777009144, -0.00249338406138, 0.000938485609367, -0.00178500334732, 0.00643478846177, -0.0011604106985, 0.000985761871561, 0.000324643828208, 0.00035572759225, -0.00179680495057, 0.00286743207835, -0.00240341736935], [0.000188609410543, -0.000503208604641, 0.000621221959591, -0.000167492195033, -2.44753464358e-05, -0.0011604106985, 0.00421241112053, -0.00197979109362, 0.000943133491091, -0.000418361218181, -0.00180622900371, -0.000693121808581, 0.000878945807926], [-0.000600321043748, 0.00160568323918, -0.0014903357951, 0.000377883465262, -0.00159789959434, 0.000985761871561, -0.00197979109362, 0.010814068839, -0.00250147958286, 0.000291001517326, -0.00221220427193, 0.00173236790579, -0.00019982381491], [0.000194292631932, -0.000527195516042, 0.000701931363437, -0.000847036368214, -0.000359841913451, 0.000324643828208, 0.000943133491091, -0.00250147958286, 0.00790559966117, -0.00192996393889, -0.000510798883624, -0.000647214357741, 0.000161692019901], [-0.000555679085664, 0.00191006809473, -0.00174841959961, 0.00178124126978, -0.00242379982956, 0.00035572759225, -0.000418361218181, 0.000291001517326, -0.00192996393889, 0.0108569972217, -0.00238449918106, 0.00196144357324, -0.00359801505692], [0.000587186019402, -0.00196810974739, 0.0018628918333, -0.000502418144606, 0.00278546940535, -0.00179680495057, -0.00180622900371, -0.00221220427193, -0.000510798883624, -0.00238449918106, 0.0139193115756, -0.00328527274542, 0.00315307290293], [-0.000595843011979, 0.00190635002218, -0.00203388929367, 0.00117140938528, -0.00116156798322, 0.00286743207835, -0.000693121808581, 0.00173236790579, -0.000647214357741, 0.00196144357324, -0.00328527274542, 0.012372629717, -0.00620061671361], [0.000571448646951, -0.00141358922701, 0.00158798124176, -0.0012073169928, -0.000372114678612, -0.00240341736935, 0.000878945807926, -0.00019982381491, 0.000161692019901, -0.00359801505692, 0.00315307290293, -0.00620061671361, 0.0133474152535]], "mean": [-185.671005249, 143.512619019, -129.749038696, 6.31430625916, -53.4308357239, -1.43516492844, -27.5134963989, 1.16823470592, -14.095000267, -11.4837121964, -2.42599534988, -6.4708404541, -14.3096675873]}, "hfc": {"dmean": 2.497133255, "dmean2": 3.40678572655, "dvar": 47.3611602783, "dvar2": 97.7719650269, "max": 298.085327148, "mean": 9.3325843811, "median": 1.92796826363, "min": 1.07020032082e-16, "var": 316.109893799}, "melbands": {"dmean": [0.000286801165203, 0.00018220214406, 9.90155458567e-05, 6.06219182373e-05, 5.13013619639e-05, 4.57317328255e-05, 5.13759950991e-05, 0.000225291601964, 0.00015156729205, 8.07116448414e-05, 5.52982637601e-05, 2.09097124753e-05, 4.87609177071e-05, 4.13125380874e-05, 2.53525358858e-05, 2.31768972299e-05, 1.51664153236e-05, 7.94413881522e-06, 4.66783967568e-06, 4.74146372653e-06, 2.79506002698e-06, 2.7141920782e-06, 4.41785095973e-06, 1.81571442681e-06, 1.47434298015e-06, 1.28211354422e-06, 1.28164197122e-06, 6.71615168812e-07, 3.13042846756e-07, 2.86271642835e-07, 4.18630349941e-07, 5.87228328186e-07, 6.20301989329e-07, 6.87422925694e-07, 5.35357344233e-07, 2.85944366851e-07, 2.02649744097e-07, 1.224883448e-07, 1.14183180244e-07, 8.57106812191e-08], "dmean2": [0.000462447555037, 0.000293722667266, 0.00014886748977, 9.37101794989e-05, 7.63907955843e-05, 6.63763275952e-05, 7.17164875823e-05, 0.000331713643391, 0.000201326038223, 0.000107785890577, 7.74634027039e-05, 2.80813674181e-05, 7.30687243049e-05, 5.5282143876e-05, 3.5525761632e-05, 3.20845756505e-05, 2.081070852e-05, 1.1264684872e-05, 6.88462478138e-06, 7.24745632397e-06, 4.24656036557e-06, 4.08649020756e-06, 6.3281072471e-06, 2.72417628366e-06, 2.2260253445e-06, 1.8746659407e-06, 1.80496465418e-06, 1.03166451026e-06, 5.03729779666e-07, 4.88782177399e-07, 7.33022204713e-07, 1.03043385025e-06, 1.04099603959e-06, 1.16905414416e-06, 8.98660516668e-07, 4.63488220248e-07, 3.26716929067e-07, 1.91198409993e-07, 1.81156579515e-07, 1.32545181941e-07], "dvar": [3.17044350595e-06, 8.63907700932e-07, 1.98176692834e-07, 2.91186807999e-08, 1.76529137974e-08, 2.49160567733e-08, 5.55895631749e-08, 4.93770187404e-07, 3.15815412932e-07, 3.0784849514e-07, 5.24199350593e-08, 6.13378592362e-09, 3.90491479152e-08, 3.23598712271e-08, 1.65733684554e-08, 1.67769194093e-08, 4.31241353738e-09, 1.60336977029e-09, 3.7366085226e-10, 3.29821586709e-10, 1.07437669872e-10, 8.16042719509e-11, 2.11725470489e-10, 4.38297488581e-11, 2.68136710752e-11, 1.37342429096e-11, 1.32734491801e-11, 5.73082770475e-12, 2.81182217267e-12, 3.26809044236e-12, 1.29218588954e-11, 2.7128573693e-11, 1.29266111704e-11, 2.13211687888e-11, 1.77896430226e-11, 2.72921767651e-12, 1.06510991433e-12, 4.60182402167e-13, 6.04944805187e-13, 1.88893212595e-13], "dvar2": [7.59383920013e-06, 2.23550296141e-06, 4.31724998862e-07, 7.39996650623e-08, 4.07885814013e-08, 5.32853761115e-08, 1.09278964544e-07, 1.02785031686e-06, 5.94272307808e-07, 5.7981151258e-07, 9.33698771632e-08, 9.72063229909e-09, 8.56509601022e-08, 6.01037939418e-08, 3.2551206175e-08, 3.05827789759e-08, 7.88269538532e-09, 2.79447887053e-09, 8.41070102453e-10, 7.51025630574e-10, 2.63112032162e-10, 2.07000944163e-10, 4.59399990271e-10, 9.38248645443e-11, 6.08184405615e-11, 3.04671739226e-11, 2.56317883585e-11, 1.43068092096e-11, 7.52648290914e-12, 9.10740319965e-12, 3.73382193219e-11, 7.93868859539e-11, 3.38237320097e-11, 5.93128254844e-11, 4.99397571907e-11, 6.88329428178e-12, 2.5414653021e-12, 1.1303707536e-12, 1.5920350975e-12, 4.35371357022e-13], "max": [0.0378048829734, 0.022445095703, 0.0174731388688, 0.00510253943503, 0.00314929964952, 0.00574339367449, 0.0111685143784, 0.0239842608571, 0.0247253365815, 0.0264922678471, 0.0131525872275, 0.0032095676288, 0.00755207799375, 0.00669633271173, 0.00539708277211, 0.00541984383017, 0.0024194221478, 0.00170346023515, 0.0009832221549, 0.000603792082984, 0.000402619421948, 0.000383884151233, 0.000512335042004, 0.000322200037772, 0.000220009940676, 0.000135008478537, 0.000130163345602, 9.15564960451e-05, 5.30604593223e-05, 4.31632142863e-05, 0.000112730063847, 0.000133562178235, 8.70425501489e-05, 0.000135814480018, 0.000122500263387, 5.04355375597e-05, 3.46212000295e-05, 2.51156543527e-05, 3.33831958415e-05, 1.0245618796e-05], "mean": [0.000441583106294, 0.000397354218876, 0.000253976235399, 0.000151218904648, 0.000124730999232, 0.000134762594826, 0.00011931591871, 0.000557513383683, 0.000325452769175, 0.000162498574355, 0.000133116132929, 4.86321150674e-05, 0.000121243632748, 8.32196892588e-05, 5.52049641556e-05, 5.76437669224e-05, 2.99374005408e-05, 1.61947536981e-05, 9.81807443168e-06, 1.14015365398e-05, 7.18720184523e-06, 7.66509219829e-06, 1.1341674508e-05, 4.3849395297e-06, 3.56040845872e-06, 3.51328731085e-06, 3.29475869876e-06, 1.61854643466e-06, 5.71021473661e-07, 3.65892134369e-07, 4.80527489799e-07, 6.84898054715e-07, 8.37600794057e-07, 8.35221044326e-07, 6.29907901839e-07, 3.67962456949e-07, 2.6449177426e-07, 1.55939858359e-07, 1.27094594404e-07, 9.56994199441e-08], "median": [1.37759116114e-05, 3.9254740841e-05, 4.72509454994e-05, 4.51591331512e-05, 3.86853607779e-05, 1.70811563294e-05, 1.01668656498e-05, 3.9987033233e-05, 2.42941277975e-05, 5.80785581406e-06, 6.99168003848e-06, 4.03826197726e-06, 6.61523381495e-06, 3.79757375413e-06, 2.85187297777e-06, 1.72157319867e-06, 1.70105886355e-06, 9.0805929176e-07, 5.40421240203e-07, 6.43595058136e-07, 5.0506844218e-07, 5.26074245499e-07, 7.64742026149e-07, 4.4885683792e-07, 3.31693399858e-07, 5.04266779444e-07, 3.64185041235e-07, 9.8266070836e-08, 1.43352707482e-08, 6.76173339542e-09, 9.30231003338e-09, 1.78726136113e-08, 4.03913169578e-08, 3.18362793905e-08, 1.41941489673e-08, 6.7155725425e-09, 3.04363911852e-09, 3.32920668811e-09, 1.70751501827e-09, 7.49224071672e-10], "min": [1.10739909305e-24, 8.84508120612e-25, 1.16468341098e-24, 1.15173435782e-24, 1.2220299503e-24, 1.82332083429e-24, 2.18657550393e-24, 2.19141043242e-24, 8.90867029761e-25, 1.91326202154e-24, 9.71114299775e-25, 3.04989777885e-24, 3.23035858561e-24, 2.59014609342e-24, 2.74366020051e-24, 2.63435681677e-24, 1.52070481776e-24, 2.72588815039e-24, 2.72090964922e-24, 2.39579660157e-24, 3.40491181026e-24, 2.53013882486e-24, 3.8037516009e-24, 5.1595940544e-24, 3.42577008145e-24, 4.99209600726e-24, 3.42495006054e-24, 4.43831683509e-24, 4.25037151328e-24, 4.61363170494e-24, 4.49771963897e-24, 6.09410668729e-24, 4.02561163075e-24, 5.32104784929e-24, 5.17903434812e-24, 6.69878277064e-24, 5.21169397846e-24, 5.98709139461e-24, 5.72226171683e-24, 5.90644417212e-24], "var": [3.28662076754e-06, 1.20991580843e-06, 4.51089988474e-07, 9.15792668366e-08, 5.8040715345e-08, 1.61214245509e-07, 1.95287995552e-07, 2.20865968004e-06, 1.31641445478e-06, 7.53585652546e-07, 2.51740175372e-07, 2.72997837669e-08, 1.71103067714e-07, 9.40045765674e-08, 6.05018968258e-08, 9.20967480056e-08, 1.36857991606e-08, 5.84411763427e-09, 9.85278525434e-10, 1.63628588457e-09, 4.5955231287e-10, 4.662033537e-10, 1.09524744829e-09, 1.41510608787e-10, 9.12400779929e-11, 6.99834773465e-11, 6.80518141838e-11, 2.43929720173e-11, 4.37471803574e-12, 2.983942737e-12, 9.23126245583e-12, 1.845823841e-11, 1.54610751285e-11, 1.92223303247e-11, 1.59191219234e-11, 3.84806336101e-12, 1.80426452858e-12, 6.84652638402e-13, 5.88851070769e-13, 2.54742245093e-13]}, "melbands_crest": {"dmean": 2.49294018745, "dmean2": 3.80559110641, "dvar": 7.17377328873, "dvar2": 16.4242534637, "max": 33.5604248047, "mean": 15.2022237778, "median": 14.1000518799, "min": 1.58572161198, "var": 38.4160232544}, "melbands_flatness_db": {"dmean": 0.0204688291997, "dmean2": 0.0286556538194, "dvar": 0.000657814263832, "dvar2": 0.00126127083786, "max": 0.57891535759, "mean": 0.279443383217, "median": 0.275308609009, "min": 0.0032979727257, "var": 0.00821869354695}, "melbands_kurtosis": {"dmean": 3.81091403961, "dmean2": 5.83084869385, "dvar": 68.6613540649, "dvar2": 165.741928101, "max": 230.854003906, "mean": 8.7927312851, "median": 5.09690093994, "min": -1.66585826874, "var": 145.485794067}, "melbands_skewness": {"dmean": 0.465881973505, "dmean2": 0.683818995953, "dvar": 0.359627008438, "dvar2": 0.768831849098, "max": 12.3489770889, "mean": 1.93970072269, "median": 1.75101673603, "min": -1.15258920193, "var": 1.95756494999}, "melbands_spread": {"dmean": 3.91388678551, "dmean2": 5.7957906723, "dvar": 70.4226531982, "dvar2": 153.344726563, "max": 222.812637329, "mean": 17.04322052, "median": 11.9111223221, "min": 0.89200335741, "var": 356.91104126}, "mfcc": {"cov": [[18199.7011719, 778.682373047, -2352.05957031, 935.477111816, -397.524719238, -46.65858078, -215.075149536, 899.588684082, -172.532012939, 543.205810547, 421.2840271, -10.0600242615, 272.32321167], [778.682373047, 1793.74353027, -300.884735107, -47.3162841797, -12.6758909225, -159.240402222, 81.9847488403, 44.2549095154, -128.903640747, 9.74991226196, 47.9817962646, -67.7135848999, 96.275352478], [-2352.05957031, -300.884735107, 1339.63061523, -67.0088043213, 218.474945068, 268.564819336, 136.52947998, -127.970718384, 170.99382019, -52.6721382141, -69.7663879395, 69.4855728149, -77.1357345581], [935.477111816, -47.3162841797, -67.0088043213, 546.789245605, 164.144851685, 25.2301864624, -37.3500900269, 95.2434158325, 88.62059021, -8.02149105072, 50.0294456482, -3.02025985718, 24.8709430695], [-397.524719238, -12.6758909225, 218.474945068, 164.144851685, 440.079437256, 153.181335449, -38.7247772217, -40.9579200745, 126.387138367, 11.3757543564, -10.2881917953, 3.59170460701, -45.5105895996], [-46.65858078, -159.240402222, 268.564819336, 25.2301864624, 153.181335449, 284.76739502, 91.1832427979, -32.9079666138, 130.148590088, 20.9193725586, -21.4624481201, 59.9276809692, -54.3598632813], [-215.075149536, 81.9847488403, 136.52947998, -37.3500900269, -38.7247772217, 91.1832427979, 280.802215576, 37.3468170166, 28.3829631805, 46.7857437134, 10.2147054672, 49.661365509, -14.5363693237], [899.588684082, 44.2549095154, -127.970718384, 95.2434158325, -40.9579200745, -32.9079666138, 37.3468170166, 208.505523682, -30.1284179688, 50.4900512695, 53.5914764404, -25.6642513275, 41.6968078613], [-172.532012939, -128.903640747, 170.99382019, 88.62059021, 126.387138367, 130.148590088, 28.3829631805, -30.1284179688, 222.34727478, 4.36477470398, -32.0335731506, 62.3510627747, -20.9567985535], [543.205810547, 9.74991226196, -52.6721382141, -8.02149105072, 11.3757543564, 20.9193725586, 46.7857437134, 50.4900512695, 4.36477470398, 181.608673096, 60.2098045349, 11.5751047134, 10.2037782669], [421.2840271, 47.9817962646, -69.7663879395, 50.0294456482, -10.2881917953, -21.4624481201, 10.2147054672, 53.5914764404, -32.0335731506, 60.2098045349, 110.254241943, 9.13280582428, 22.8948574066], [-10.0600242615, -67.7135848999, 69.4855728149, -3.02025985718, 3.59170460701, 59.9276809692, 49.661365509, -25.6642513275, 62.3510627747, 11.5751047134, 9.13280582428, 127.670753479, 13.8892612457], [272.32321167, 96.275352478, -77.1357345581, 24.8709430695, -45.5105895996, -54.3598632813, -14.5363693237, 41.6968078613, -20.9567985535, 10.2037782669, 22.8948574066, 13.8892612457, 119.024993896]], "icov": [[0.000116346527648, -6.3066923758e-05, 0.000152384644025, -0.000169602164533, 0.000195479922695, -0.000347105669789, 0.000254800426774, -0.000333564501489, 6.40335347271e-05, -0.000249552220339, 5.0113872021e-06, -0.000132271918119, 3.03412980429e-05], [-6.3066923758e-05, 0.000735626381356, 7.20193711459e-05, 0.00023190540378, -0.000489329162519, 0.000545992341358, -0.000729564926587, 0.000356200820534, 9.76419032668e-05, 0.000318799138768, -0.000239163200604, 0.000472691637697, -0.000623433908913], [0.000152384644025, 7.20193711459e-05, 0.00128850026522, 4.0860963054e-05, -0.000180290880962, -0.000928985478822, -0.00024323364778, -6.67657659505e-05, -0.000194766384084, 0.000152708045789, -7.42843621993e-05, -2.92668464681e-05, -0.000109620137664], [-0.000169602164533, 0.00023190540378, 4.0860963054e-05, 0.00306478771381, -0.00140398263466, 0.000773659674451, -0.000315040088026, -0.000792612496298, -0.00141711439937, 0.00148353143595, -0.00154533598106, 0.000521769048646, -0.000498090463225], [0.000195479922695, -0.000489329162519, -0.000180290880962, -0.00140398263466, 0.00438049947843, -0.00237232074142, 0.00179189350456, 4.22150478698e-05, -0.000817225780338, -0.00119060976431, -5.43286369066e-05, 0.000543680274859, 0.000825796334539], [-0.000347105669789, 0.000545992341358, -0.000928985478822, 0.000773659674451, -0.00237232074142, 0.0082293767482, -0.00258093955927, 0.000863058259711, -0.00209973542951, 0.000317706115311, 0.000343960913597, -0.0010213246569, 0.00147870217916], [0.000254800426774, -0.000729564926587, -0.00024323364778, -0.000315040088026, 0.00179189350456, -0.00258093955927, 0.00610126229003, -0.00228692102246, 0.00029321241891, -0.00164875935297, 0.000427657156251, -0.00208195368759, 0.00132170994766], [-0.000333564501489, 0.000356200820534, -6.67657659505e-05, -0.000792612496298, 4.22150478698e-05, 0.000863058259711, -0.00228692102246, 0.00835658051074, -2.00256963581e-05, -0.000358203746146, -0.00183474633377, 0.00274961371906, -0.00213980930857], [6.40335347271e-05, 9.76419032668e-05, -0.000194766384084, -0.00141711439937, -0.000817225780338, -0.00209973542951, 0.00029321241891, -2.00256963581e-05, 0.00831742305309, -0.00108520919457, 0.00298744626343, -0.00316489674151, 6.79471777403e-05], [-0.000249552220339, 0.000318799138768, 0.000152708045789, 0.00148353143595, -0.00119060976431, 0.000317706115311, -0.00164875935297, -0.000358203746146, -0.00108520919457, 0.00834847148508, -0.00432414142415, 0.000685255450662, -0.000438921881141], [5.0113872021e-06, -0.000239163200604, -7.42843621993e-05, -0.00154533598106, -5.43286369066e-05, 0.000343960913597, 0.000427657156251, -0.00183474633377, 0.00298744626343, -0.00432414142415, 0.0142362723127, -0.00287932017818, -0.00021765450947], [-0.000132271918119, 0.000472691637697, -2.92668464681e-05, 0.000521769048646, 0.000543680274859, -0.0010213246569, -0.00208195368759, 0.00274961371906, -0.00316489674151, 0.000685255450662, -0.00287932017818, 0.0119591243565, -0.00314146070741], [3.03412980429e-05, -0.000623433908913, -0.000109620137664, -0.000498090463225, 0.000825796334539, 0.00147870217916, 0.00132170994766, -0.00213980930857, 6.79471777403e-05, -0.000438921881141, -0.00021765450947, -0.00314146070741, 0.0112296584994]], "mean": [-799.524780273, 153.616149902, -5.94753170013, 7.97489690781, -3.0505759716, -4.30060958862, -3.72472643852, 9.38368797302, -12.5817909241, 2.10606765747, 3.64924454689, -4.65785646439, 5.40351915359]}, "pitch_salience": {"dmean": 0.053285587579, "dmean2": 0.0820879936218, "dvar": 0.00297383102588, "dvar2": 0.00700604496524, "max": 0.853588402271, "mean": 0.524833798409, "median": 0.522763252258, "min": 0.132736772299, "var": 0.0151559924707}, "silence_rate_20dB": {"dmean": 0.00020088389283, "dmean2": 0.00040180812357, "dvar": 0.000200833252165, "dvar2": 0.000602509593591, "max": 1, "mean": 0.999899566174, "median": 1, "min": 0, "var": 0.000100419194496}, "silence_rate_30dB": {"dmean": 0.0100441947579, "dmean2": 0.0200904067606, "dvar": 0.0099430102855, "dvar2": 0.0239045787603, "max": 1, "mean": 0.987144708633, "median": 1, "min": 0, "var": 0.0126905031502}, "silence_rate_60dB": {"dmean": 0.037967056036, "dmean2": 0.0759417414665, "dvar": 0.0365212075412, "dvar2": 0.0806104689837, "max": 1, "mean": 0.485085874796, "median": 0, "min": 0, "var": 0.249792069197}, "spectral_centroid": {"dmean": 138.122421265, "dmean2": 198.738342285, "dvar": 75375.1875, "dvar2": 156696.171875, "max": 11620.2519531, "mean": 1044.99645996, "median": 776.530395508, "min": 177.128692627, "var": 1556737.25}, "spectral_complexity": {"dmean": 1.18300521374, "dmean2": 1.86740326881, "dvar": 2.73878312111, "dvar2": 6.27462339401, "max": 52, "mean": 8.00441932678, "median": 6, "min": 0, "var": 53.4273986816}, "spectral_contrast_coeffs": {"dmean": [0.0355383269489, 0.0388829596341, 0.0308181997389, 0.0267322696745, 0.0221767313778, 0.0155796129256], "dmean2": [0.0574062354863, 0.0610650256276, 0.0481860116124, 0.041303973645, 0.0331167727709, 0.0234496053308], "dvar": [0.000956752570346, 0.00129955937155, 0.000838316627778, 0.000616952660494, 0.00047361056204, 0.000255265185842], "dvar2": [0.00232948432676, 0.00289733754471, 0.00186060811393, 0.00131263537332, 0.000931840797421, 0.000522781978361], "max": [-0.356367707253, -0.318367987871, -0.384903907776, -0.436801552773, -0.538245081902, -0.590012311935], "mean": [-0.667427778244, -0.673460066319, -0.722834706306, -0.743006110191, -0.751000523567, -0.790369331837], "median": [-0.668309092522, -0.6793140769, -0.733805060387, -0.749576866627, -0.750350177288, -0.787264049053], "min": [-0.980834424496, -0.980251014233, -0.97717744112, -0.969389200211, -0.968477129936, -0.965134859085], "var": [0.00930383522063, 0.0120630264282, 0.00910173170269, 0.00627066800371, 0.00619049975649, 0.00400483235717]}, "spectral_contrast_valleys": {"dmean": [0.333658069372, 0.307989358902, 0.273091435432, 0.257502585649, 0.245844781399, 0.317852139473], "dmean2": [0.547643005848, 0.502719163895, 0.443491846323, 0.41119146347, 0.371485501528, 0.423974633217], "dvar": [0.126208603382, 0.0987400710583, 0.086516097188, 0.0839587897062, 0.0950057581067, 0.224268913269], "dvar2": [0.278927832842, 0.213977232575, 0.17995865643, 0.170886695385, 0.178850695491, 0.36900678277], "max": [-5.26016283035, -5.06316328049, -5.19495105743, -6.00181436539, -5.75576496124, -7.74873924255], "mean": [-8.94840908051, -8.41927433014, -9.05515861511, -9.85896205902, -10.1704893112, -12.9330701828], "median": [-8.76115894318, -8.12057971954, -8.70961093903, -9.52882480621, -9.73037433624, -12.6705055237], "min": [-28.0814800262, -28.1114521027, -27.8422546387, -27.8243103027, -27.5227527618, -27.4024143219], "var": [6.78411769867, 6.32737636566, 6.07034301758, 6.17651176453, 6.87268686295, 6.2366604805]}, "spectral_decrease": {"dmean": 8.73299543791e-10, "dmean2": 1.24215127073e-09, "dvar": 5.97706938074e-18, "dvar2": 1.22833037057e-17, "max": 2.88097838154e-28, "mean": -3.13286063758e-09, "median": -8.48155767841e-10, "min": -9.59182173688e-08, "var": 3.16032790268e-17}, "spectral_energy": {"dmean": 0.00348649336956, "dmean2": 0.00494138849899, "dvar": 9.25451968214e-05, "dvar2": 0.000187714147614, "max": 0.389055043459, "mean": 0.0126706166193, "median": 0.00338522810489, "min": 9.98055124474e-21, "var": 0.00051548902411}, "spectral_energyband_high": {"dmean": 9.65039580478e-05, "dmean2": 0.00015546103532, "dvar": 3.58993503369e-07, "dvar2": 9.6688290796e-07, "max": 0.0155386775732, "mean": 0.000143379031215, "median": 6.62187903799e-06, "min": 7.25868355077e-21, "var": 3.92847653075e-07}, "spectral_energyband_low": {"dmean": 0.00126771291252, "dmean2": 0.00195459579118, "dvar": 4.36594273197e-05, "dvar2": 0.000101507699583, "max": 0.155965611339, "mean": 0.00257288827561, "median": 0.000283122499241, "min": 1.2175427517e-23, "var": 6.03009902989e-05}, "spectral_energyband_middle_high": {"dmean": 0.000947555992752, "dmean2": 0.00128189532552, "dvar": 8.53236088005e-06, "dvar2": 1.58056391228e-05, "max": 0.10483404994, "mean": 0.00343753653578, "median": 0.000431587686762, "min": 1.11608464962e-21, "var": 6.44518513582e-05}, "spectral_energyband_middle_low": {"dmean": 0.00217065308243, "dmean2": 0.00306129665114, "dvar": 3.13108284899e-05, "dvar2": 6.18877311354e-05, "max": 0.201827391982, "mean": 0.00702441809699, "median": 0.00192799000069, "min": 1.66484575452e-22, "var": 0.000169629216543}, "spectral_entropy": {"dmean": 0.172770604491, "dmean2": 0.245496720076, "dvar": 0.0502659678459, "dvar2": 0.0883575379848, "max": 9.8225812912, "mean": 6.7538523674, "median": 6.73438835144, "min": 4.90735387802, "var": 0.522909045219}, "spectral_flux": {"dmean": 0.0131439203396, "dmean2": 0.0211576707661, "dvar": 0.000445542682428, "dvar2": 0.00108518882189, "max": 0.431706517935, "mean": 0.0360168032348, "median": 0.0221898108721, "min": 6.25880944294e-11, "var": 0.00170752545819}, "spectral_kurtosis": {"dmean": 5.59100866318, "dmean2": 9.46097660065, "dvar": 58.1829109192, "dvar2": 158.778564453, "max": 180.783737183, "mean": 15.9560661316, "median": 8.57841205597, "min": -1.25353205204, "var": 435.798950195}, "spectral_rms": {"dmean": 0.000358118297299, "dmean2": 0.000488563848194, "dvar": 3.95393442432e-07, "dvar2": 7.28507018266e-07, "max": 0.0194824505597, "mean": 0.00258216331713, "median": 0.00181732256897, "min": 3.12043641794e-12, "var": 5.69400390305e-06}, "spectral_rolloff": {"dmean": 268.742492676, "dmean2": 450.786224365, "dvar": 658218.6875, "dvar2": 1459442.875, "max": 19466.015625, "mean": 1293.29431152, "median": 818.26171875, "min": 43.06640625, "var": 5083900}, "spectral_skewness": {"dmean": 0.460702419281, "dmean2": 0.756574928761, "dvar": 0.249249875546, "dvar2": 0.648615241051, "max": 10.6104011536, "mean": 2.48156929016, "median": 2.09017038345, "m