{"lowlevel": {"average_loudness": 0.848758220673, "barkbands": {"dmean": [3.42617240676e-05, 0.00129815377295, 0.000584918132517, 0.000957605720032, 0.000770602491684, 0.000280778011074, 0.000324390159221, 0.000161870731972, 0.000400233751861, 0.00044596864609, 0.000433708570199, 0.000313110067509, 0.000425631034886, 0.000592009047978, 0.000764813274145, 0.000692027329933, 0.00075700058369, 0.000417490373366, 0.000173977197846, 0.000162696815096, 8.93394608283e-05, 6.43307212158e-05, 5.60565677006e-05, 3.33795760525e-05, 2.09488371183e-05, 5.08220182383e-06, 2.01583634407e-06], "dmean2": [5.46319133718e-05, 0.00207307608798, 0.0010253326036, 0.001566102379, 0.00129293056671, 0.00044915615581, 0.000509548583068, 0.000255403108895, 0.000629027490504, 0.000701863726135, 0.000690731976647, 0.000510352198035, 0.000709321815521, 0.000991137931123, 0.00126389251091, 0.00111201172695, 0.00125646719243, 0.000686971528921, 0.000282432738459, 0.000261287379544, 0.000144382269355, 0.000103700338514, 8.8840330136e-05, 5.04609633936e-05, 3.14956669172e-05, 7.24780693417e-06, 2.88852106678e-06], "dvar": [3.92538179739e-09, 8.66668688104e-06, 2.17956426241e-06, 4.40959684056e-06, 3.48680191564e-06, 2.73814265483e-07, 5.87963540966e-07, 1.12832367449e-07, 2.72931492873e-06, 3.93806612919e-06, 1.28255499021e-06, 6.23674566214e-07, 6.67254710152e-07, 2.15655995817e-06, 1.70341093053e-06, 2.19641015065e-06, 2.0662002953e-06, 4.13535190091e-07, 6.55298819652e-08, 6.9799327207e-08, 1.69634581937e-08, 1.28160078106e-08, 9.86423032145e-09, 6.66238841873e-09, 3.71059538651e-09, 1.13776051081e-10, 1.9995245043e-11], "dvar2": [9.1046077344e-09, 1.87057248695e-05, 5.96482141191e-06, 1.12752995847e-05, 9.26400934986e-06, 6.94422681136e-07, 1.3857443264e-06, 2.83359867126e-07, 6.70879899189e-06, 9.97971983452e-06, 3.20621984429e-06, 1.54606721026e-06, 1.81645987141e-06, 5.86099258726e-06, 4.60883984488e-06, 5.46085402675e-06, 5.73920397073e-06, 1.11188705887e-06, 1.6931848279e-07, 1.67119196703e-07, 4.1789128602e-08, 3.22231663574e-08, 2.33360548663e-08, 1.38055913368e-08, 8.90648443885e-09, 2.50453796591e-10, 4.29728023998e-11], "max": [0.000678789801896, 0.0250771995634, 0.0236762352288, 0.0287096034735, 0.0268436614424, 0.0121329464018, 0.0210136026144, 0.0100606335327, 0.0488297492266, 0.0802796557546, 0.0306126438081, 0.0227731410414, 0.0173153262585, 0.0382126830518, 0.0237576812506, 0.0333558917046, 0.0283531844616, 0.0131912566721, 0.00502574490383, 0.00663143256679, 0.00247384468094, 0.00185632950161, 0.00236123544164, 0.00318010500632, 0.00104482460301, 0.000209457444726, 9.45258216234e-05], "mean": [8.40301945573e-05, 0.00135336187668, 0.000684374477714, 0.00123848184012, 0.00124523590785, 0.000488590390887, 0.000569319876377, 0.000285753194476, 0.000621234998107, 0.000674674287438, 0.000692670699209, 0.000516352884006, 0.000648849585559, 0.000863812456373, 0.00133541820105, 0.0012629351113, 0.00143190054223, 0.000876964710187, 0.000387543143006, 0.000353354611434, 0.000198407258722, 0.000139215684612, 0.000124230718939, 7.43056079955e-05, 3.39203361364e-05, 1.06309726107e-05, 3.40105884788e-06], "median": [6.93027104717e-05, 0.000342398037901, 0.000194295440451, 0.000456227891846, 0.000735558336601, 0.000278871972114, 0.000258444983047, 0.000167240388691, 0.000248139258474, 0.00023898157815, 0.000302155211102, 0.00023407129629, 0.000375824223738, 0.00033972680103, 0.000764701457229, 0.000541547487956, 0.000687318854034, 0.000508667668328, 0.000253377656918, 0.000214480489376, 0.00014787017426, 9.39379970077e-05, 8.04402516223e-05, 4.08603445976e-05, 1.38805899041e-05, 5.55773385713e-06, 1.26307929804e-06], "min": [3.01695958201e-25, 7.65385509087e-24, 1.95402778932e-24, 5.83082002144e-24, 1.29912209224e-23, 2.34678404244e-23, 1.55337693182e-23, 1.18649081989e-23, 2.8286523111e-23, 2.25870377806e-23, 2.42013327604e-23, 4.2239670766e-23, 5.04490117296e-23, 6.2527734366e-23, 7.63585864927e-23, 6.12617956289e-23, 1.09077488683e-22, 1.02065695371e-22, 1.27158155387e-22, 2.11537961605e-22, 2.73597459692e-22, 3.54596889647e-22, 5.54434112896e-22, 7.27757531795e-22, 1.05644100966e-21, 1.54964603626e-21, 2.07709232144e-21], "var": [4.60491200727e-09, 8.81678897713e-06, 2.38277789322e-06, 5.2359628171e-06, 3.53555333277e-06, 4.62586172034e-07, 1.07965308871e-06, 2.01765018915e-07, 4.4465391511e-06, 6.52055041428e-06, 2.28421504289e-06, 1.21196865166e-06, 9.15458088002e-07, 3.09807433041e-06, 3.18848356073e-06, 4.70003715236e-06, 4.92190019941e-06, 1.083357688e-06, 1.85980525202e-07, 1.94862352032e-07, 4.31474553864e-08, 2.44181279641e-08, 2.26457714803e-08, 1.66979940985e-08, 5.05272090834e-09, 2.50285070447e-10, 3.70524860793e-11]}, "barkbands_crest": {"dmean": 2.21621918678, "dmean2": 3.67380595207, "dvar": 4.73699712753, "dvar2": 12.0403985977, "max": 23.9724121094, "mean": 7.23779726028, "median": 6.49252653122, "min": 2.09072780609, "var": 10.8501262665}, "barkbands_flatness_db": {"dmean": 0.0136112682521, "dmean2": 0.0216451492161, "dvar": 0.000164234501426, "dvar2": 0.000390885397792, "max": 0.251335561275, "mean": 0.0816405043006, "median": 0.0782891958952, "min": 0.0186133310199, "var": 0.000867528782692}, "barkbands_kurtosis": {"dmean": 0.752204656601, "dmean2": 1.20735085011, "dvar": 1.11613881588, "dvar2": 2.48663568497, "max": 26.1633319855, "mean": -0.221677958965, "median": -0.707763493061, "min": -1.82789921761, "var": 2.56556725502}, "barkbands_skewness": {"dmean": 0.389742791653, "dmean2": 0.591598033905, "dvar": 0.128244012594, "dvar2": 0.273410618305, "max": 4.12031030655, "mean": 0.133985891938, "median": 0.0956052988768, "min": -2.62942528725, "var": 0.698874413967}, "barkbands_spread": {"dmean": 5.54109334946, "dmean2": 8.59722328186, "dvar": 27.8325481415, "dvar2": 57.8068351746, "max": 97.0091552734, "mean": 31.1630039215, "median": 30.4462776184, "min": 3.64156031609, "var": 112.763526917}, "dissonance": {"dmean": 0.00867782905698, "dmean2": 0.0148073993623, "dvar": 9.48076849454e-05, "dvar2": 0.000267364754109, "max": 0.500000119209, "mean": 0.485753178596, "median": 0.48880764842, "min": 0.24824051559, "var": 0.000151239946717}, "dynamic_complexity": 4.33079576492, "erbbands": {"dmean": [0.0393117256463, 0.295975655317, 0.596828103065, 1.82780241966, 3.99684977531, 1.9869389534, 1.60865831375, 2.58913612366, 4.59957075119, 4.26395082474, 4.03074264526, 9.04878997803, 11.7842559814, 13.8414850235, 14.7111129761, 12.4914569855, 19.1760406494, 22.9784698486, 33.3627662659, 48.0697517395, 28.601896286, 41.4975318909, 23.8299655914, 10.4822692871, 8.80314254761, 8.21339893341, 3.79819464684, 3.3271188736, 2.23901391029, 2.06522655487, 1.62560129166, 0.921318769455, 0.433227151632, 0.169075086713, 0.211355134845, 0.0368335358799, 0.00895128306001, 0.00196647294797, 0.000363609637134, 2.51316068898e-05], "dmean2": [0.0635662823915, 0.472311735153, 1.01534807682, 3.09750413895, 6.48343420029, 3.43460202217, 2.65084505081, 4.16245126724, 7.39844274521, 6.40148878098, 6.30703926086, 14.3065404892, 18.304977417, 22.0370807648, 23.395526886, 20.3821716309, 31.7867488861, 38.3708076477, 55.3429298401, 77.4750900269, 45.9665107727, 68.5036773682, 38.9469833374, 17.0112476349, 14.1679668427, 13.2264461517, 6.14541292191, 5.41821479797, 3.63397836685, 3.25740933418, 2.612221241, 1.43881523609, 0.650026798248, 0.245728731155, 0.330566555262, 0.0543993227184, 0.0129600651562, 0.00275591318496, 0.000521804904565, 3.68109685951e-05], "dvar": [0.00862175226212, 0.44041159749, 2.04741811752, 14.0809221268, 105.58996582, 17.9007892609, 8.79024505615, 26.6305141449, 151.271972656, 86.0792922974, 81.8577957153, 1872.06079102, 2856.7175293, 1245.73156738, 1582.67883301, 894.696899414, 1277.55554199, 2318.38427734, 4597.17480469, 9893.89550781, 2614.54394531, 6749.86181641, 1360.85742188, 213.727890015, 215.760101318, 176.680221558, 38.3063316345, 25.7556285858, 16.487279892, 12.210026741, 9.4381313324, 4.3221411705, 1.32234501839, 0.204152703285, 0.57865011692, 0.00839144177735, 0.000388207379729, 1.72929776454e-05, 6.64050958221e-07, 2.7762885324e-09], "dvar2": [0.0196374747902, 0.979973852634, 5.53149366379, 37.6727600098, 271.981384277, 50.6695480347, 23.5550689697, 66.1819458008, 364.48425293, 185.654159546, 202.439361572, 4689.10107422, 7340.62548828, 3148.5847168, 3869.046875, 2274.16235352, 3487.85791016, 6259.39111328, 12646.5849609, 25074.890625, 6646.83154297, 18623.5722656, 3673.25, 536.373901367, 540.819763184, 437.017028809, 94.4742431641, 64.7859573364, 42.3086585999, 29.4952735901, 22.7583351135, 9.81339740753, 2.4960436821, 0.389631509781, 1.46685421467, 0.0200658272952, 0.000857259845361, 3.54091425834e-05, 1.43953593579e-06, 6.27661611574e-09], "max": [0.810985028744, 5.59434700012, 21.6686077118, 52.5034637451, 150.725601196, 66.3375091553, 52.8918647766, 139.129562378, 383.062774658, 347.23425293, 200.484710693, 1419.1940918, 1767.61169434, 1123.02124023, 1127.10437012, 922.86505127, 843.147705078, 899.475280762, 1367.74487305, 1756.7421875, 1128.828125, 1752.09143066, 754.398254395, 338.817718506, 309.929534912, 267.986206055, 136.909729004, 82.4081726074, 69.8507843018, 58.2384033203, 57.1862487793, 76.0319747925, 42.2330513, 17.2813396454, 12.9644575119, 1.39436292648, 0.410668194294, 0.0935987383127, 0.0178845170885, 0.00107750832103], "mean": [0.0356893800199, 0.318583369255, 0.763376951218, 2.3098859787, 5.49193572998, 3.4374666214, 3.02475214005, 4.39911413193, 7.2559800148, 8.11570262909, 7.48441839218, 13.7738666534, 18.6534843445, 23.799446106, 25.3188209534, 22.2186260223, 31.0749168396, 37.0047149658, 55.3035163879, 87.736114502, 63.5216560364, 82.0558700562, 54.21875, 25.539106369, 20.4246578217, 17.6409339905, 8.66592884064, 6.97161483765, 4.78332519531, 4.77864933014, 3.41223955154, 1.98558592796, 0.941721856594, 0.357944756746, 0.284103810787, 0.0650786608458, 0.0182213671505, 0.00408968748525, 0.000617390440311, 5.02487018821e-05], "median": [0.00651138834655, 0.090966321528, 0.266666591167, 0.958810091019, 2.27642059326, 2.14780902863, 2.07478046417, 2.30340862274, 2.98196649551, 4.23705291748, 4.40360116959, 5.34700775146, 6.98059940338, 12.3186740875, 12.0104589462, 11.6555480957, 18.475561142, 18.7741546631, 30.2815952301, 43.0195198059, 31.0800743103, 40.0675811768, 32.7346534729, 18.2450084686, 12.5298757553, 10.5152702332, 5.99848842621, 5.09466552734, 3.31152105331, 3.1353635788, 2.13452100754, 1.1447968483, 0.483466565609, 0.180750116706, 0.0851165652275, 0.0310094803572, 0.00920241139829, 0.00191950448789, 0.000232291757129, 3.10795003315e-05], "min": [1.86792884378e-22, 1.57469844107e-21, 5.70028416245e-21, 1.76564625962e-20, 4.22413479979e-20, 5.0150438656e-20, 5.65588233501e-20, 2.45500562511e-19, 2.68779415352e-19, 3.41608325589e-19, 1.80975589197e-19, 6.37152720624e-19, 7.29781542991e-19, 8.99286153344e-19, 1.18008460639e-18, 2.09141781818e-18, 1.91431245197e-18, 3.21027472243e-18, 4.41764781044e-18, 4.0085912811e-18, 4.83175717255e-18, 6.50331134668e-18, 7.96772543337e-18, 6.9645960599e-18, 7.51525515676e-18, 1.01412963484e-17, 1.02519135574e-17, 1.16696051744e-17, 1.33023182557e-17, 1.31039098868e-17, 1.3936378665e-17, 1.29606876996e-17, 1.03745133047e-17, 9.27184349787e-18, 8.00245874729e-18, 5.26707048248e-18, 2.70152845362e-18, 1.08387864147e-18, 2.78848555702e-19, 3.16315675698e-20], "var": [0.00800948496908, 0.442304313183, 2.30279040337, 14.4591217041, 112.764457703, 19.8522262573, 12.0716238022, 43.4900550842, 229.832717896, 205.527526855, 147.950653076, 2767.91699219, 4886.13427734, 2122.94873047, 2762.30151367, 1763.20690918, 1891.12341309, 3774.75756836, 6751.71826172, 21740.3847656, 8065.49365234, 16026.2441406, 3936.47265625, 673.700439453, 601.432617188, 483.274780273, 97.6104888916, 52.411945343, 28.7695331573, 29.1044063568, 18.9768981934, 9.643658638, 3.59820890427, 0.560076534748, 0.578168451786, 0.0120599986985, 0.000821170338895, 4.40829062427e-05, 1.20880110899e-06, 4.39123359897e-09]}, "erbbands_crest": {"dmean": 2.59117913246, "dmean2": 4.31540203094, "dvar": 5.62632226944, "dvar2": 15.0773115158, "max": 26.9415798187, "mean": 8.6529006958, "median": 7.7632818222, "min": 2.28654265404, "var": 14.4282875061}, "erbbands_flatness_db": {"dmean": 0.01643432118, "dmean2": 0.0245934333652, "dvar": 0.000217435415834, "dvar2": 0.00045922229765, "max": 0.321691036224, "mean": 0.16273856163, "median": 0.162136733532, "min": 0.0578684173524, "var": 0.00133692740928}, "erbbands_kurtosis": {"dmean": 0.987887918949, "dmean2": 1.59812176228, "dvar": 1.28825175762, "dvar2": 3.24126529694, "max": 21.9253635406, "mean": 1.30854952335, "median": 0.727851808071, "min": -1.79131495953, "var": 4.37233734131}, "erbbands_skewness": {"dmean": 0.285640656948, "dmean2": 0.450802475214, "dvar": 0.0598971284926, "dvar2": 0.148449644446, "max": 2.43672561646, "mean": -0.536349952221, "median": -0.483658701181, "min": -3.40147686005, "var": 0.363846391439}, "erbbands_spread": {"dmean": 5.97374010086, "dmean2": 9.34440135956, "dvar": 35.4973335266, "dvar2": 76.7960662842, "max": 137.25982666, "mean": 26.8023071289, "median": 24.280834198, "min": 4.2680311203, "var": 165.665496826}, "gfcc": {"cov": [[18520.4296875, 221.131317139, -968.425964355, -40.027545929, -241.544906616, 5.67516803741, -324.406188965, -52.2945709229, -194.745269775, -101.760520935, -196.925094604, 48.342464447, -53.5400886536], [221.131317139, 872.421813965, -112.248420715, 98.8497467041, 116.147903442, -24.262638092, 75.3418502808, -38.2366867065, 9.76443767548, -103.101844788, 59.7189254761, -78.7491226196, 38.7609138489], [-968.425964355, -112.248420715, 452.085144043, 52.2156181335, 5.93185091019, 61.9716911316, 41.1221656799, 9.31537437439, -0.286948829889, 36.3395118713, 2.62151193619, 19.7117042542, -4.09303474426], [-40.027545929, 98.8497467041, 52.2156181335, 196.095962524, 34.8890151978, 2.26575708389, -3.87773561478, 7.20988798141, 18.6280632019, -12.3864994049, 9.86646747589, -5.94005393982, 11.9340705872], [-241.544906616, 116.147903442, 5.93185091019, 34.8890151978, 171.019775391, 7.71510791779, 30.9014091492, 25.2859973907, 25.2465572357, -1.08080720901, 18.8672885895, -2.4378721714, 13.8540506363], [5.67516803741, -24.262638092, 61.9716911316, 2.26575708389, 7.71510791779, 144.540328979, 53.7056922913, -19.1691265106, 3.2665977478, 22.1070175171, 5.58398294449, 7.61091136932, -8.42994976044], [-324.406188965, 75.3418502808, 41.1221656799, -3.87773561478, 30.9014091492, 53.7056922913, 118.234153748, 11.1328735352, 14.4690237045, 13.4493055344, 21.9962291718, 4.98506402969, 1.19953250885], [-52.2945709229, -38.2366867065, 9.31537437439, 7.20988798141, 25.2859973907, -19.1691265106, 11.1328735352, 92.4351043701, 40.2282409668, 12.1598892212, 8.14089488983, 8.52876091003, 12.0948400497], [-194.745269775, 9.76443767548, -0.286948829889, 18.6280632019, 25.2465572357, 3.2665977478, 14.4690237045, 40.2282409668, 93.1362380981, 37.3111228943, 19.0707473755, 7.225918293, 11.9126682281], [-101.760520935, -103.101844788, 36.3395118713, -12.3864994049, -1.08080720901, 22.1070175171, 13.4493055344, 12.1598892212, 37.3111228943, 87.975982666, 21.6449337006, 25.0923805237, -2.20406937599], [-196.925094604, 59.7189254761, 2.62151193619, 9.86646747589, 18.8672885895, 5.58398294449, 21.9962291718, 8.14089488983, 19.0707473755, 21.6449337006, 71.1911849976, 19.8049430847, 13.638589859], [48.342464447, -78.7491226196, 19.7117042542, -5.94005393982, -2.4378721714, 7.61091136932, 4.98506402969, 8.52876091003, 7.225918293, 25.0923805237, 19.8049430847, 74.6145324707, 21.5373725891], [-53.5400886536, 38.7609138489, -4.09303474426, 11.9340705872, 13.8540506363, -8.42994976044, 1.19953250885, 12.0948400497, 11.9126682281, -2.20406937599, 13.638589859, 21.5373725891, 57.147354126]], "icov": [[7.42832999094e-05, -0.000110851280624, 0.000165770776221, -3.65675041394e-05, 9.88524552668e-05, -0.000183928263141, 0.000243293834501, -0.000202289287699, 0.000215713080252, -0.000160039722687, 0.000271458702628, -0.000260527711362, 0.000133161942358], [-0.000110851280624, 0.00262138759717, 0.000162264754181, -0.000684790837113, -0.00107313902117, 0.000983504578471, -0.00218484573998, 0.00222615594976, -0.00133352633566, 0.00292657967657, -0.00278557837009, 0.00289624230936, -0.00178313953802], [0.000165770776221, 0.000162264754181, 0.00304563180543, -0.00111596076749, 0.000168872633367, -0.00107136764564, -0.000372423004592, -0.000710363208782, 0.00124456244521, -0.00114096701145, 0.000742576492485, -0.000600756320637, 0.000201359915081], [-3.65675041394e-05, -0.000684790837113, -0.00111596076749, 0.00615662941709, -0.000722718134057, -0.000386561936466, 0.00144219223876, -0.00013374586706, -0.00150466104969, 0.00109496491496, -0.000410032400396, 1.39772773764e-05, -0.000370714231394], [9.88524552668e-05, -0.00107313902117, 0.000168872633367, -0.000722718134057, 0.00732173351571, -0.000676073366776, -0.000448966020485, -0.0022046584636, -0.000247599673457, -0.000481100316392, 0.000167444479303, -0.000499831221532, -0.000233716200455], [-0.000183928263141, 0.000983504578471, -0.00107136764564, -0.000386561936466, -0.000676073366776, 0.0102065978572, -0.00534832524136, 0.00395097071305, -0.00125757872593, -0.000507762248162, -0.000374209193978, 0.000579240149818, 0.000223737035412], [0.000243293834501, -0.00218484573998, -0.000372423004592, 0.00144219223876, -0.000448966020485, -0.00534832524136, 0.013834329322, -0.00367097510025, 0.000954192713834, -0.00183825637214, -0.000457103044027, -0.00210238411091, 0.00182005774695], [-0.000202289287699, 0.00222615594976, -0.000710363208782, -0.00013374586706, -0.0022046584636, 0.00395097071305, -0.00367097510025, 0.0167887341231, -0.00749401235953, 0.00300403009169, -0.00170667923521, 0.00140641641337, -0.00252597057261], [0.000215713080252, -0.00133352633566, 0.00124456244521, -0.00150466104969, -0.000247599673457, -0.00125757872593, 0.000954192713834, -0.00749401235953, 0.018477678299, -0.00897547416389, 0.000556163489819, 0.0004454596492, -0.00154807406943], [-0.000160039722687, 0.00292657967657, -0.00114096701145, 0.00109496491496, -0.000481100316392, -0.000507762248162, -0.00183825637214, 0.00300403009169, -0.00897547416389, 0.0211590453982, -0.00654294341803, -0.00165321095847, 0.00187084602658], [0.000271458702628, -0.00278557837009, 0.000742576492485, -0.000410032400396, 0.000167444479303, -0.000374209193978, -0.000457103044027, -0.00170667923521, 0.000556163489819, -0.00654294341803, 0.021199086681, -0.00642639864236, -0.000448143051472], [-0.000260527711362, 0.00289624230936, -0.000600756320637, 1.39772773764e-05, -0.000499831221532, 0.000579240149818, -0.00210238411091, 0.00140641641337, 0.0004454596492, -0.00165321095847, -0.00642639864236, 0.0215180460364, -0.00903387088329], [0.000133161942358, -0.00178313953802, 0.000201359915081, -0.000370714231394, -0.000233716200455, 0.000223737035412, 0.00182005774695, -0.00252597057261, -0.00154807406943, 0.00187084602658, -0.000448143051472, -0.00903387088329, 0.0234171636403]], "mean": [-16.0208873749, 68.3648834229, -146.088287354, 36.3822059631, -45.5404548645, 11.1942520142, -39.5215454102, 3.36075139046, -19.8990898132, -5.90235185623, -18.1007995605, -0.557684361935, -12.1545667648]}, "hfc": {"dmean": 6.31965017319, "dmean2": 9.63691711426, "dvar": 66.8014984131, "dvar2": 151.591079712, "max": 134.713363647, "mean": 23.6072864532, "median": 18.8200836182, "min": 1.1674059542e-16, "var": 361.000946045}, "melbands": {"dmean": [0.000363835453754, 0.000322233652696, 0.000408755178796, 0.000202933952096, 5.76664169785e-05, 5.904801219e-05, 6.62234888296e-05, 4.31677472079e-05, 3.85049133911e-05, 5.71897689952e-05, 6.16340548731e-05, 5.92265132582e-05, 6.08518130321e-05, 2.96377766063e-05, 4.76081295346e-05, 3.93431801058e-05, 4.54362671007e-05, 5.85230955039e-05, 5.80504383834e-05, 6.24774911557e-05, 3.21003863064e-05, 5.16901709489e-05, 2.96922789857e-05, 2.19282974285e-05, 8.01736496214e-06, 7.38343578632e-06, 7.13626877769e-06, 5.16887439517e-06, 2.71014641839e-06, 2.08794017453e-06, 2.1704458959e-06, 1.29411648686e-06, 1.39884571126e-06, 1.19084666039e-06, 1.1375776694e-06, 6.91306752287e-07, 5.48714524484e-07, 3.59653569149e-07, 2.01156382218e-07, 1.29742872446e-07], "dmean2": [0.00058279215591, 0.000512982776854, 0.000671635672916, 0.000338325335179, 9.58876116783e-05, 9.46870422922e-05, 0.000105874263681, 6.51110385661e-05, 6.02035106567e-05, 9.07138746697e-05, 9.56738222158e-05, 9.38401426538e-05, 9.65908402577e-05, 4.78249385196e-05, 7.83432260505e-05, 6.53830429655e-05, 7.60654947953e-05, 9.72718407866e-05, 9.53963899519e-05, 0.000100570221548, 5.22966874996e-05, 8.59833235154e-05, 4.92111721542e-05, 3.59955593012e-05, 1.31373690238e-05, 1.21230450532e-05, 1.14780277727e-05, 8.39817130327e-06, 4.43018643637e-06, 3.43383430845e-06, 3.5557436604e-06, 2.12575332625e-06, 2.27087707572e-06, 1.87919863492e-06, 1.85137469089e-06, 1.11564793315e-06, 8.62474280439e-07, 5.51791742964e-07, 3.01021572113e-07, 1.93629361434e-07], "dvar": [7.08426284746e-07, 4.86614226247e-07, 7.82176243774e-07, 2.47443267654e-07, 1.1010543588e-08, 1.32233095584e-08, 2.80605725322e-08, 8.29021740145e-09, 1.26742047968e-08, 6.5659016002e-08, 8.27723525276e-08, 2.97471807187e-08, 2.72414091285e-08, 7.54320161889e-09, 1.28735679894e-08, 4.87662665805e-09, 9.77638769939e-09, 1.82847159635e-08, 9.65106483619e-09, 2.11955537566e-08, 4.08612566005e-09, 1.22114318657e-08, 2.8972118038e-09, 1.28821120438e-09, 1.34290217835e-10, 1.53702481298e-10, 1.60620960976e-10, 7.20921516928e-11, 2.24823926837e-11, 9.71646808151e-12, 1.22683243772e-11, 5.8426935165e-12, 5.92106788946e-12, 3.93279723024e-12, 4.76526890864e-12, 2.01053388348e-12, 1.75330485807e-12, 8.91329002793e-13, 3.33584017614e-13, 1.13959894039e-13], "dvar2": [1.55806890234e-06, 1.19151798117e-06, 2.02161822926e-06, 6.52511289445e-07, 3.02162952437e-08, 3.29491172124e-08, 6.71406539254e-08, 1.83351112071e-08, 3.1577613413e-08, 1.63959555266e-07, 2.11817081208e-07, 7.37371266268e-08, 6.65681199052e-08, 1.83075261617e-08, 3.45028396964e-08, 1.30815820398e-08, 2.64615849233e-08, 5.02338330932e-08, 2.52618086449e-08, 5.17487102059e-08, 1.06883630835e-08, 3.41381145574e-08, 8.10870393053e-09, 3.4157312534e-09, 3.37292083152e-10, 4.1184183841e-10, 3.85647819234e-10, 1.81232737151e-10, 5.6368226059e-11, 2.46347733879e-11, 3.14025229431e-11, 1.50740028099e-11, 1.55190790774e-11, 9.39126294092e-12, 1.17561828328e-11, 4.8207453654e-12, 4.04530315495e-12, 1.767555503e-12, 6.49038819651e-13, 2.27293363167e-13], "max": [0.00701602874324, 0.00909519568086, 0.0121163018048, 0.00701065966859, 0.00206933519803, 0.00278327474371, 0.00490286294371, 0.00327786803246, 0.00336675043218, 0.0078383423388, 0.0100978156552, 0.00641200644895, 0.00448866421357, 0.00323135941289, 0.0031621796079, 0.00140266423114, 0.00191618141253, 0.00314590753987, 0.00176974700298, 0.00312471017241, 0.00140152592212, 0.00198287516832, 0.0011710759718, 0.000624375417829, 0.000284040463157, 0.000315579207381, 0.000417959992774, 0.000184125237865, 0.000104438033304, 6.18303965894e-05, 6.57865966787e-05, 4.57985661342e-05, 4.43224744231e-05, 3.76346397388e-05, 4.4702719606e-05, 3.97694311687e-05, 5.22746340721e-05, 3.57003882527e-05, 2.24816594709e-05, 1.26352142615e-05], "mean": [0.000359587458661, 0.000411446992075, 0.000549429969396, 0.000319319486152, 0.000114222013508, 0.000101355588413, 0.000109584987513, 8.16484025563e-05, 6.65751140332e-05, 8.65124238771e-05, 9.51327529037e-05, 9.74800932454e-05, 9.82613710221e-05, 5.04556592205e-05, 7.42252450436e-05, 6.27466724836e-05, 6.89667722327e-05, 8.60365908011e-05, 0.00010403811757, 0.000110312721517, 6.52413218631e-05, 9.19104350032e-05, 5.92930191488e-05, 4.25505459134e-05, 1.74146607606e-05, 1.53782639245e-05, 1.48328572322e-05, 1.02552749013e-05, 5.46946466784e-06, 4.20059359385e-06, 4.0865520532e-06, 2.50595417128e-06, 2.86801468974e-06, 2.58279783338e-06, 2.17777824219e-06, 1.38181394504e-06, 1.1024583273e-06, 7.15925523309e-07, 4.12453601939e-07, 2.55590379084e-07], "median": [8.23624141049e-05, 0.000146057893289, 0.000234179518884, 0.00017309357645, 8.11375502963e-05, 5.31494042662e-05, 4.86601056764e-05, 4.41648771812e-05, 3.55507290806e-05, 3.24505090248e-05, 3.27737325279e-05, 4.70277445856e-05, 4.1516024794e-05, 2.39348737523e-05, 3.66292151739e-05, 3.78995537176e-05, 3.08494272758e-05, 3.92720394302e-05, 5.73425058974e-05, 4.41648735432e-05, 2.93724915537e-05, 3.93550944864e-05, 3.31196679326e-05, 2.37777785514e-05, 1.208633239e-05, 9.14733936952e-06, 8.61348780745e-06, 5.81409494771e-06, 3.3435030673e-06, 2.9206905765e-06, 2.65713106273e-06, 1.64886205312e-06, 1.8845539671e-06, 1.59090654961e-06, 1.3084696775e-06, 7.87192050211e-07, 5.90012575685e-07, 3.42916536056e-07, 2.020885006e-07, 1.27716546672e-07], "min": [2.27558228543e-24, 2.94359739137e-24, 4.40867854202e-24, 3.32409340495e-24, 1.7211832658e-24, 5.07330450429e-24, 3.98139321599e-24, 3.40031393447e-24, 1.3646965297e-24, 3.84077994293e-24, 3.58926032077e-24, 3.18442814548e-24, 3.47270414987e-24, 4.66319623005e-24, 4.16451386451e-24, 6.20539287291e-24, 5.57567558342e-24, 4.79382528506e-24, 5.1316715338e-24, 3.59535979329e-24, 6.05090945298e-24, 5.78797106922e-24, 6.62889916077e-24, 4.07975115467e-24, 5.30589028143e-24, 3.93764851222e-24, 6.0945523937e-24, 5.75947070801e-24, 5.80148741197e-24, 6.00535589115e-24, 6.32354806487e-24, 7.02468250983e-24, 7.04201772822e-24, 7.39190278324e-24, 7.13530368571e-24, 8.49148258839e-24, 6.91571557527e-24, 7.33562150195e-24, 6.76096394263e-24, 7.6702271101e-24], "var": [6.94895504694e-07, 5.6107819546e-07, 8.81394441876e-07, 2.62593886191e-07, 1.46869272299e-08, 2.19242171084e-08, 4.47629986411e-08, 1.91103488589e-08, 2.04818988436e-08, 1.00612709275e-07, 1.41234252737e-07, 5.01685377685e-08, 4.82939022106e-08, 1.43727287849e-08, 1.96070288894e-08, 7.86370613071e-09, 1.54234189864e-08, 2.46076155008e-08, 2.05077679283e-08, 4.63859493038e-08, 1.17329461702e-08, 2.54998155924e-08, 6.68185062835e-09, 2.94288460267e-09, 3.63986507601e-10, 3.72660763359e-10, 3.91748827822e-10, 1.77825282277e-10, 5.23358890947e-11, 2.08138575819e-11, 2.27215260495e-11, 8.93401325142e-12, 1.12374077058e-11, 9.42171167473e-12, 8.3510733051e-12, 4.37200449455e-12, 3.53533044853e-12, 2.22291152499e-12, 8.97635102099e-13, 2.86464753828e-13]}, "melbands_crest": {"dmean": 3.11027526855, "dmean2": 4.96677875519, "dvar": 8.98884868622, "dvar2": 21.088092804, "max": 33.2906646729, "mean": 10.3603134155, "median": 9.33116340637, "min": 1.7717884779, "var": 21.5639247894}, "melbands_flatness_db": {"dmean": 0.0188554078341, "dmean2": 0.0294914226979, "dvar": 0.000370755034965, "dvar2": 0.000828450662084, "max": 0.359260946512, "mean": 0.122071713209, "median": 0.113432407379, "min": 0.00505056418478, "var": 0.00175153126474}, "melbands_kurtosis": {"dmean": 1.93031060696, "dmean2": 3.01742005348, "dvar": 11.091219902, "dvar2": 23.5282726288, "max": 87.4017028809, "mean": 1.80666565895, "median": 0.195905148983, "min": -1.75816404819, "var": 25.9506263733}, "melbands_skewness": {"dmean": 0.522336363792, "dmean2": 0.789496362209, "dvar": 0.270425707102, "dvar2": 0.562278926373, "max": 8.52324676514, "mean": 1.10161364079, "median": 0.959939479828, "min": -1.65658569336, "var": 1.17704820633}, "melbands_spread": {"dmean": 9.23439311981, "dmean2": 14.5763015747, "dvar": 73.6406860352, "dvar2": 174.672943115, "max": 159.816146851, "mean": 49.5329818726, "median": 49.9779853821, "min": 2.76122045517, "var": 302.81362915}, "mfcc": {"cov": [[11599.5566406, 787.939575195, -809.275390625, 120.815681458, -53.9566383362, 95.3278579712, -268.337371826, 76.2651596069, -96.6802902222, -51.2904052734, -108.429641724, -69.163772583, -104.003013611], [787.939575195, 811.734985352, -163.049926758, 119.796272278, 61.3540344238, 21.4691200256, 56.8707199097, 56.9538040161, -21.3744163513, 30.440782547, -29.1046276093, -33.6305198669, -18.1803207397], [-809.275390625, -163.049926758, 410.803436279, -4.15949821472, -6.45992183685, 49.9172134399, 42.1966667175, -11.1529941559, 18.5420761108, -5.84227752686, 15.911813736, 19.9840354919, -1.70355951786], [120.815681458, 119.796272278, -4.15949821472, 193.853637695, 63.9497909546, -20.0238704681, -3.2062921524, 22.4760284424, 7.63725757599, 5.17458963394, -20.5574512482, 6.68177127838, 20.2098579407], [-53.9566383362, 61.3540344238, -6.45992183685, 63.9497909546, 134.256713867, -5.67767953873, 3.89072346687, 16.4196853638, 12.6834926605, 20.8683776855, -9.95335102081, 4.91667366028, 16.3963069916], [95.3278579712, 21.4691200256, 49.9172134399, -20.0238704681, -5.67767953873, 154.385910034, 40.014125824, 6.82486391068, 0.835451900959, -2.54153823853, 30.3477725983, -0.931193828583, -17.3535118103], [-268.337371826, 56.8707199097, 42.1966667175, -3.2062921524, 3.89072346687, 40.014125824, 99.853843689, 25.5633850098, -4.77981615067, 10.1870145798, 11.6739196777, -5.60941791534, -3.84865617752], [76.2651596069, 56.9538040161, -11.1529941559, 22.4760284424, 16.4196853638, 6.82486391068, 25.5633850098, 72.0153045654, 17.6014976501, 3.86178255081, 2.26705145836, -0.401012837887, 3.44599366188], [-96.6802902222, -21.3744163513, 18.5420761108, 7.63725757599, 12.6834926605, 0.835451900959, -4.77981615067, 17.6014976501, 71.9132156372, 19.8483715057, 7.75505638123, 13.1076421738, 10.8845157623], [-51.2904052734, 30.440782547, -5.84227752686, 5.17458963394, 20.8683776855, -2.54153823853, 10.1870145798, 3.86178255081, 19.8483715057, 78.3266677856, 18.5202922821, 0.960163474083, 5.59463739395], [-108.429641724, -29.1046276093, 15.911813736, -20.5574512482, -9.95335102081, 30.3477725983, 11.6739196777, 2.26705145836, 7.75505638123, 18.5202922821, 72.3950042725, 23.0819168091, -0.121856205165], [-69.163772583, -33.6305198669, 19.9840354919, 6.68177127838, 4.91667366028, -0.931193828583, -5.60941791534, -0.401012837887, 13.1076421738, 0.960163474083, 23.0819168091, 64.2798995972, 26.0480957031], [-104.003013611, -18.1803207397, -1.70355951786, 20.2098579407, 16.3963069916, -17.3535118103, -3.84865617752, 3.44599366188, 10.8845157623, 5.59463739395, -0.121856205165, 26.0480957031, 64.7553939819]], "icov": [[0.00012280390365, -8.04919691291e-05, 0.000180060131242, -5.09720412083e-05, 0.000114713737275, -0.000250773504376, 0.000445889716502, -0.000232639533351, 0.000157368078362, -4.89029443997e-05, 0.000179603943252, -9.3757880677e-05, 0.000153738146764], [-8.04919691291e-05, 0.00180623074993, 0.000628116715234, -0.000957334064879, -0.000248714903137, -0.000255946128163, -0.00122773135081, -0.000556591316126, 0.000489819445647, -0.000699317490216, 0.000564929447137, 0.000146302467328, 0.000564467627555], [0.000180060131242, 0.000628116715234, 0.00337016303092, -0.000661954167299, 0.000191441911738, -0.00111344933975, -0.0011851413874, 0.000616124249063, -0.000678634387441, 0.000189662692719, 0.000601340259891, -0.000995540060103, 0.000809980148915], [-5.09720412083e-05, -0.000957334064879, -0.000661954167299, 0.00714173959568, -0.00263614486903, 0.000683600199409, 0.000816210638732, -0.00126215303317, -5.31808655069e-06, 0.000350666668965, 0.00108512747101, -0.000644381972961, -0.00139876117464], [0.000114713737275, -0.000248714903137, 0.000191441911738, -0.00263614486903, 0.00966929551214, -0.000642435858026, 0.00042878248496, -0.00116619642358, -0.000302412983729, -0.00247441837564, 0.00169562199153, -0.00057956733508, -0.00108980678488], [-0.000250773504376, -0.000255946128163, -0.00111344933975, 0.000683600199409, -0.000642435858026, 0.00891030393541, -0.00347084947862, 0.000842407287564, -0.00103323278017, 0.00177004735451, -0.00393793499097, 0.00084078515647, 0.0012572495034], [0.000445889716502, -0.00122773135081, -0.0011851413874, 0.000816210638732, 0.00042878248496, -0.00347084947862, 0.0158127639443, -0.00601055566221, 0.00345327425748, -0.00213241670281, -0.000336090277415, 0.00103387585841, -0.000506233540364], [-0.000232639533351, -0.000556591316126, 0.000616124249063, -0.00126215303317, -0.00116619642358, 0.000842407287564, -0.00601055566221, 0.0187729652971, -0.0058616460301, 0.00224910839461, -0.00147010583896, 0.00101471261587, -0.000574978534132], [0.000157368078362, 0.000489819445647, -0.000678634387441, -5.31808655069e-06, -0.000302412983729, -0.00103323278017, 0.00345327425748, -0.0058616460301, 0.018049441278, -0.00490892259404, 0.000753971165977, -0.00261758081615, -0.000864480796736], [-4.89029443997e-05, -0.000699317490216, 0.000189662692719, 0.000350666668965, -0.00247441837564, 0.00177004735451, -0.00213241670281, 0.00224910839461, -0.00490892259404, 0.0165353473276, -0.00572390900925, 0.00286106299609, -0.00128999212757], [0.000179603943252, 0.000564929447137, 0.000601340259891, 0.00108512747101, 0.00169562199153, -0.00393793499097, -0.000336090277415, -0.00147010583896, 0.000753971165977, -0.00572390900925, 0.0205726623535, -0.00851713493466, 0.00253038830124], [-9.3757880677e-05, 0.000146302467328, -0.000995540060103, -0.000644381972961, -0.00057956733508, 0.00084078515647, 0.00103387585841, 0.00101471261587, -0.00261758081615, 0.00286106299609, -0.00851713493466, 0.023129940033, -0.00868241116405], [0.000153738146764, 0.000564467627555, 0.000809980148915, -0.00139876117464, -0.00108980678488, 0.0012572495034, -0.000506233540364, -0.000574978534132, -0.000864480796736, -0.00128999212757, 0.00253038830124, -0.00868241116405, 0.0206734091043]], "mean": [-643.429016113, 95.9980697632, -31.458114624, 23.0192489624, 9.34177875519, 8.26029109955, -6.36668157578, 8.30759334564, -3.23286032677, 1.53342580795, -6.50213670731, -2.07724022865, -2.86632490158]}, "pitch_salience": {"dmean": 0.0615054927766, "dmean2": 0.100861608982, "dvar": 0.00299173872918, "dvar2": 0.00758318183944, "max": 0.973295807838, "mean": 0.606625258923, "median": 0.614200234413, "min": 0.143060818315, "var": 0.0079813413322}, "silence_rate_20dB": {"dmean": 0, "dmean2": 0, "dvar": 0, "dvar2": 0, "max": 1, "mean": 1, "median": 1, "min": 1, "var": 0}, "silence_rate_30dB": {"dmean": 0, "dmean2": 0, "dvar": 0, "dvar2": 0, "max": 1, "mean": 1, "median": 1, "min": 1, "var": 0}, "silence_rate_60dB": {"dmean": 0.0207109432667, "dmean2": 0.0414260104299, "dvar": 0.0202805195004, "dvar2": 0.0438875667751, "max": 1, "mean": 0.102150537074, "median": 0, "min": 0, "var": 0.0917183607817}, "spectral_centroid": {"dmean": 204.503585815, "dmean2": 323.463378906, "dvar": 47721.8632813, "dvar2": 107991.054688, "max": 11516.828125, "mean": 2112.4362793, "median": 2156.81567383, "min": 350.528289795, "var": 264731.375}, "spectral_complexity": {"dmean": 3.58936572075, "dmean2": 5.57000589371, "dvar": 12.695646286, "dvar2": 26.7122173309, "max": 57, "mean": 25.3663883209, "median": 28, "min": 0, "var": 128.868087769}, "spectral_contrast_coeffs": {"dmean": [0.0473696999252, 0.0403796695173, 0.0361304692924, 0.031519472599, 0.0233464799821, 0.0156007483602], "dmean2": [0.0756070017815, 0.0663889497519, 0.0589490383863, 0.0515373833477, 0.0376371592283, 0.0253729335964], "dvar": [0.00164952420164, 0.00109533942305, 0.000873664743267, 0.000623299507424, 0.000367152271792, 0.000186253062566], "dvar2": [0.00405716476962, 0.00292690750211, 0.00231660623103, 0.0016026860103, 0.00091498735128, 0.000459291622974], "max": [-0.384458184242, -0.519579529762, -0.526107370853, -0.570111691952, -0.588467478752, -0.61415708065], "mean": [-0.656605005264, -0.778770506382, -0.785045027733, -0.771556198597, -0.757227301598, -0.744604110718], "median": [-0.658598959446, -0.781711339951, -0.789795994759, -0.774468243122, -0.757942676544, -0.73689353466], "min": [-0.973047316074, -0.977265357971, -0.984978914261, -0.979945838451, -0.964143455029, -0.963342487812], "var": [0.00661726528779, 0.00344514404424, 0.00339119555429, 0.00290609709918, 0.0024460835848, 0.00153068976942]}, "spectral_contrast_valleys": {"dmean": [0.440887182951, 0.314105778933, 0.279708087444, 0.273501574993, 0.21542224288, 0.242953374982], "dmean2": [0.685290515423, 0.513471126556, 0.451875060797, 0.442081987858, 0.32907423377, 0.346463352442], "dvar": [0.186318799853, 0.0972908139229, 0.0815097987652, 0.0808002278209, 0.0764752551913, 0.10758625716], "dvar2": [0.371449261904, 0.208421438932, 0.167690902948, 0.160392448306, 0.136133745313, 0.207480415702], "max": [-5.38959217072, -5.48222255707, -5.58078670502, -5.65745258331, -5.64079189301, -7.91914796829], "mean": [-7.92788982391, -7.15961647034, -7.41762113571, -7.29811573029, -7.3893289566, -10.3221473694], "median": [-7.70999002457, -6.87097644806, -7.10494852066, -6.92390203476, -7.05856132507, -9.98971557617], "min": [-27.5039024353, -27.7992916107, -27.5674610138, -27.4521026611, -27.3158740997, -27.3493270874], "var": [2.08715176582, 1.98536241055, 1.99298942089, 2.10117554665, 1.99993121624, 1.87081336975]}, "spectral_decrease": {"dmean": 1.28165988933e-09, "dmean2": 1.95755456289e-09, "dvar": 3.43404134699e-18, "dvar2": 7.74210447667e-18, "max": 1.06223582747e-28, "mean": -3.72465569498e-09, "median": -3.10039838247e-09, "min": -3.06816474449e-08, "var": 8.59274724012e-18}, "spectral_energy": {"dmean": 0.00532600237057, "dmean2": 0.00810894370079, "dvar": 5.64642468817e-05, "dvar2": 0.000126961138449, "max": 0.128018453717, "mean": 0.0161989685148, "median": 0.0136753525585, "min": 1.06071688315e-20, "var": 0.00015672876907}, "spectral_energyband_high": {"dmean": 0.000249165314017, "dmean2": 0.000375879026251, "dvar": 1.66580520045e-07, "dvar2": 3.82387128184e-07, "max": 0.0063625103794, "mean": 0.000700694334228, "median": 0.000536640174687, "min": 7.47627567272e-21, "var": 4.61521466377e-07}, "spectral_energyband_low": {"dmean": 0.00186809385195, "dmean2": 0.00289571168832, "dvar": 1.39032490551e-05, "dvar2": 2.90572352242e-05, "max": 0.0412039011717, "mean": 0.00246469047852, "median": 0.000941795879044, "min": 3.0957107576e-23, "var": 1.726489063e-05}, "spectral_energyband_middle_high": {"dmean": 0.00275532878004, "dmean2": 0.00429319916293, "dvar": 1.56646656251e-05, "dvar2": 3.83155274903e-05, "max": 0.11103489995, "mean": 0.00888285133988, "median": 0.00668971426785, "min": 1.27937395976e-21, "var": 6.44911779091e-05}, "spectral_energyband_middle_low": {"dmean": 0.00221358193085, "dmean2": 0.00352836237289, "dvar": 1.91192975763e-05, "dvar2": 4.79251975776e-05, "max": 0.0604966767132, "mean": 0.00457627233118, "median": 0.00311471475288, "min": 2.31731538601e-22, "var": 2.74389185506e-05}, "spectral_entropy": {"dmean": 0.106147170067, "dmean2": 0.163925051689, "dvar": 0.0112105598673, "dvar2": 0.0251232367009, "max": 9.80628967285, "mean": 7.77559185028, "median": 7.78052902222, "min": 6.55854272842, "var": 0.0737017244101}, "spectral_flux": {"dmean": 0.0168048627675, "dmean2": 0.0259904563427, "dvar": 0.00039140068111, "dvar2": 0.000816139974631, "max": 0.226551800966, "mean": 0.0694895237684, "median": 0.0662574544549, "min": 6.59134899439e-11, "var": 0.00138314359356}, "spectral_kurtosis": {"dmean": 1.33965563774, "dmean2": 2.26618456841, "dvar": 2.05460214615, "dvar2": 6.22268915176, "max": 24.2936172485, "mean": 4.71227359772, "median": 4.43190860748, "min": -1.22124946117, "var": 4.78708267212}, "spectral_rms": {"dmean": 0.000586559530348, "dmean2": 0.00087183713913, "dvar": 4.9117124945e-07, "dvar2": 1.0137408708e-06, "max": 0.0111756902188, "mean": 0.0036380647216, "median": 0.00365264387801, "min": 3.21690178835e-12, "var": 2.56837120105e-06}, "spectral_rolloff": {"dmean": 402.292114258, "dmean2": 658.149841309, "dvar": 335920.0625, "dvar2": 687226.5, "max": 19293.75, "mean": 2537.82104492, "median": 2519.38476563, "min": 21.533203125, "var": 1116103.75}, "spectral_skewness": {"dmean": 0.166821017861, "dmean2": 0.280040711164, "dvar": 0.0226197484881, "dvar2": 0.0639652758837, "max": 2.80102038383, "mean": 1.42064702511, "median": 1.41201198101, "min": -0.0326721295714, "var": 0.0694208294153}, "spectral_spread": {"dmean": 361421.59375, "dmean2": 535248.625, "dvar": 389419368448, "dvar2": 709116952576, "max": 42098552, "mean": 3769240.5, "median": 357216