{"lowlevel": {"average_loudness": 0.907541692257, "barkbands": {"dmean": [0.000170047394931, 0.00367619586177, 0.00234780972824, 0.00263883336447, 0.00420963577926, 0.00132006360218, 0.000892151205335, 0.000544139358681, 0.0010113127064, 0.000744154211134, 0.000427616207162, 0.000518303946592, 0.000640353071503, 0.00040221051313, 0.000271296798019, 0.000168429294717, 0.000164514989592, 0.000144640071085, 0.000136918592034, 9.66022707871e-05, 6.54003306408e-05, 4.3664007535e-05, 4.51196392532e-05, 4.6889159421e-05, 2.69806478173e-05, 7.79938727646e-06, 1.86782187939e-06], "dmean2": [0.000238846725551, 0.00594437913969, 0.00400222977623, 0.00459619471803, 0.00719153136015, 0.00212879502214, 0.00146114872769, 0.000882313004695, 0.00158844853286, 0.00120909209363, 0.000687278748956, 0.000828251242638, 0.00103199272417, 0.000643050589133, 0.000434988527559, 0.000266927818302, 0.000263025052845, 0.00022326769249, 0.000209943100344, 0.000146103979205, 9.8751821497e-05, 6.28776833764e-05, 6.59672805341e-05, 6.61442172714e-05, 3.65756932297e-05, 1.06769593913e-05, 2.6777572657e-06], "dvar": [1.55314950234e-07, 0.000102074627648, 2.48095439019e-05, 2.12908889807e-05, 9.75973598543e-05, 3.34541550728e-06, 2.30146247304e-06, 1.21485709315e-06, 4.27262557423e-06, 1.98787984118e-06, 6.40633913918e-07, 1.17799356758e-06, 1.77306537807e-06, 4.48969046829e-07, 2.25428919975e-07, 6.78355362993e-08, 7.27497351249e-08, 6.14793620457e-08, 5.23294190202e-08, 3.05522682709e-08, 2.15061728426e-08, 9.97852911411e-09, 2.76250649023e-08, 4.25371240453e-08, 1.29960273654e-08, 4.90150031673e-10, 3.91129559296e-11], "dvar2": [2.83933360379e-07, 0.000255548395216, 6.46051994408e-05, 5.85704256082e-05, 0.000266647984972, 8.56975475472e-06, 5.83963674217e-06, 2.80806193587e-06, 1.01636869658e-05, 5.17606758876e-06, 1.62068556619e-06, 3.00208762383e-06, 4.61479748992e-06, 1.11503038625e-06, 5.45450177469e-07, 1.62081178701e-07, 1.81616329087e-07, 1.40014179806e-07, 1.18671138694e-07, 6.84465817358e-08, 4.74696832953e-08, 2.26850307428e-08, 6.80776039985e-08, 8.79571828705e-08, 2.49961171761e-08, 1.05853237287e-09, 9.17165024483e-11], "max": [0.00566660286859, 0.121331036091, 0.0632634684443, 0.121270172298, 0.155705109239, 0.0319178700447, 0.0271301530302, 0.0371452234685, 0.0692932829261, 0.0367813594639, 0.0261688847095, 0.0227060616016, 0.0489761121571, 0.0205328911543, 0.0136657673866, 0.00607935385779, 0.00610770704225, 0.00613418919966, 0.00539878988639, 0.00566033739597, 0.00876058638096, 0.00449471874163, 0.00750674167648, 0.00704579334706, 0.00537334941328, 0.00117492955178, 0.000281021028059], "mean": [0.000202314142371, 0.00417093513533, 0.00303167873062, 0.00353430700488, 0.00617477064952, 0.00242273928598, 0.00159079942387, 0.000833548430819, 0.00176201341674, 0.00125016237143, 0.000715187401511, 0.00093179999385, 0.00115201482549, 0.000748937833123, 0.000492088962346, 0.000334864569595, 0.000318941194564, 0.000309027527692, 0.000310141564114, 0.00021477341943, 0.000149602565216, 9.29365778575e-05, 9.02581086848e-05, 8.11331919977e-05, 4.83452568005e-05, 1.50257119458e-05, 3.31371143147e-06], "median": [3.10385439661e-05, 0.00164201157168, 0.00163242430426, 0.00211472809315, 0.00344633543864, 0.00150581018534, 0.00077092210995, 0.00040789245395, 0.000848899304401, 0.000624797074124, 0.000334772223141, 0.000375928124413, 0.000495966756716, 0.000368067820091, 0.000247986405157, 0.000188381090993, 0.000190287581063, 0.000152570108185, 0.000151304353494, 0.000112236419227, 6.26301989541e-05, 3.93015579903e-05, 3.45446424035e-05, 2.14621159103e-05, 1.2176376913e-05, 4.73698264614e-06, 8.95896050679e-07], "min": [9.40079958323e-12, 1.25013385061e-11, 6.26017293559e-12, 4.30936796664e-12, 4.27802628392e-12, 1.3841547266e-12, 1.97349059837e-12, 1.14537893059e-12, 4.62349342839e-13, 8.41276917921e-13, 1.97979504427e-13, 3.19811478732e-13, 1.77410386729e-13, 1.8385777113e-13, 1.65302653835e-13, 1.43133809384e-13, 1.30283899446e-13, 2.00956330569e-13, 1.63073249565e-13, 1.1275408504e-13, 5.84705284949e-14, 4.68881389878e-14, 6.45527264997e-14, 1.30326738984e-13, 1.26716440617e-13, 3.09802693482e-13, 3.37412823376e-13], "var": [2.40147130626e-07, 9.07081848709e-05, 2.41165835178e-05, 2.43901431531e-05, 0.000100294761069, 7.84922212915e-06, 5.41264671483e-06, 2.23101392294e-06, 9.31948852667e-06, 3.78886124963e-06, 1.3465196389e-06, 2.95745303447e-06, 4.13165162172e-06, 1.13045427952e-06, 5.22574794104e-07, 1.72104179796e-07, 1.63720059732e-07, 1.88817551816e-07, 1.61397693432e-07, 8.08864797364e-08, 6.50964864235e-08, 2.90325985475e-08, 5.32613810833e-08, 8.42605345497e-08, 2.87376238362e-08, 1.0669474193e-09, 6.0535867985e-11]}, "barkbands_crest": {"dmean": 2.53072428703, "dmean2": 4.20264339447, "dvar": 5.84889888763, "dvar2": 14.9694976807, "max": 26.8580360413, "mean": 8.75026607513, "median": 7.85814332962, "min": 2.24220323563, "var": 14.4258947372}, "barkbands_flatness_db": {"dmean": 0.0205289814621, "dmean2": 0.0313106700778, "dvar": 0.000406043516705, "dvar2": 0.000938092998695, "max": 0.444346338511, "mean": 0.12552434206, "median": 0.118637308478, "min": 0.0271364673972, "var": 0.00210700090975}, "barkbands_kurtosis": {"dmean": 3.08435916901, "dmean2": 4.82001447678, "dvar": 169.772628784, "dvar2": 299.972808838, "max": 1135.69104004, "mean": 4.88494348526, "median": 1.71651923656, "min": -1.90288627148, "var": 563.826904297}, "barkbands_skewness": {"dmean": 0.526052415371, "dmean2": 0.830909907818, "dvar": 0.402809023857, "dvar2": 0.910937070847, "max": 32.6006126404, "mean": 1.57784688473, "median": 1.38040757179, "min": -2.26537299156, "var": 1.65370571613}, "barkbands_spread": {"dmean": 4.44535493851, "dmean2": 6.89099121094, "dvar": 28.3321285248, "dvar2": 64.2764053345, "max": 98.2317352295, "mean": 18.4571590424, "median": 17.2438335419, "min": 0.441036939621, "var": 111.163970947}, "dissonance": {"dmean": 0.0166169535369, "dmean2": 0.0279359295964, "dvar": 0.000251801306149, "dvar2": 0.000666302861646, "max": 0.500000119209, "mean": 0.467950612307, "median": 0.473418802023, "min": 0.104781791568, "var": 0.000520372705068}, "dynamic_complexity": 2.67695569992, "erbbands": {"dmean": [0.0859597325325, 0.944897472858, 2.73971056938, 5.23612213135, 14.9088373184, 13.0819587708, 8.94963264465, 11.1200199127, 13.3988428116, 10.0216913223, 14.4008178711, 25.4424152374, 20.5230426788, 19.3428497314, 16.1871604919, 21.4903087616, 30.3794784546, 18.1054039001, 17.1087856293, 10.5711250305, 9.59787273407, 8.12062931061, 7.42461299896, 7.23090648651, 6.30592918396, 4.44372701645, 3.08265256882, 2.46770524979, 1.66101169586, 1.38131606579, 1.36177623272, 1.05730962753, 0.739398300648, 0.389924734831, 0.146782383323, 0.0461239852011, 0.0128561640158, 0.00260244682431, 0.000328503490891, 2.3277974833e-05], "dmean2": [0.134964749217, 1.59620809555, 4.67629909515, 9.00363826752, 25.9598293304, 22.2137546539, 14.7039699554, 18.1162776947, 22.0916728973, 16.1789360046, 23.2623500824, 39.5539054871, 32.7840423584, 31.2742652893, 25.7411136627, 34.032989502, 48.8627471924, 28.6839962006, 27.2462177277, 16.5721683502, 15.0970516205, 12.7725896835, 11.3995914459, 10.9508199692, 9.65207099915, 6.69172000885, 4.62385463715, 3.74267339706, 2.39237451553, 2.00990223885, 2.00813508034, 1.53072297573, 1.02668309212, 0.543577730656, 0.204479619861, 0.0642942562699, 0.0178521294147, 0.00362197449431, 0.000471006380394, 3.36075863743e-05], "dvar": [0.0435424856842, 7.44159030914, 43.4640960693, 78.6423416138, 1475.64709473, 625.110656738, 192.774108887, 264.722167969, 583.687316895, 322.47769165, 803.999267578, 3110.14794922, 1743.86437988, 1393.86743164, 881.69329834, 2206.30908203, 3800.54199219, 976.157104492, 910.432495117, 312.175506592, 230.42880249, 177.527618408, 160.640869141, 151.87890625, 110.104690552, 66.490447998, 34.5060386658, 42.2158126831, 13.6944007874, 17.0331954956, 28.4131679535, 19.270570755, 12.7715396881, 3.55764603615, 0.281303465366, 0.0135310823098, 0.00181328738108, 0.000106176034024, 1.10724749902e-06, 2.24887153344e-09], "dvar2": [0.0936822071671, 19.7485256195, 113.124214172, 206.428314209, 4029.68505859, 1712.04699707, 503.505340576, 667.920837402, 1492.64685059, 796.956237793, 1900.40209961, 7160.92822266, 4481.33544922, 3532.76489258, 2217.90478516, 5663.046875, 9918.57421875, 2427.87255859, 2261.26879883, 754.598083496, 547.147888184, 434.301177979, 364.305969238, 348.196899414, 250.930450439, 149.105712891, 76.6851577759, 96.8816833496, 31.14793396, 42.3401947021, 69.0274200439, 43.6896972656, 24.3043231964, 7.1355547905, 0.54537153244, 0.0267430059612, 0.00413947645575, 0.000255157763604, 2.55788472714e-06, 4.94147744945e-09], "max": [2.10376596451, 32.0613441467, 81.822769165, 246.462081909, 623.491760254, 507.290161133, 344.593566895, 369.084289551, 443.559906006, 665.874450684, 997.022460938, 1764.17980957, 1064.65380859, 1512.04785156, 746.511474609, 1120.60559082, 1872.31530762, 1094.42346191, 894.873840332, 460.2605896, 401.222839355, 353.059692383, 300.286987305, 348.277923584, 229.711593628, 246.939193726, 199.837768555, 504.791290283, 148.037841797, 175.73248291, 282.856842041, 187.071609497, 145.996032715, 88.9297714233, 28.3622875214, 3.55902647972, 2.48173761368, 0.636675417423, 0.044348359108, 0.00159367115702], "mean": [0.100496053696, 1.00483322144, 3.45228767395, 7.8620390892, 17.7827072144, 21.5044212341, 17.3937530518, 20.14336586, 23.2330665588, 18.3626403809, 24.5835075378, 43.9204406738, 36.2310943604, 35.0407981873, 30.1836662292, 42.6977806091, 56.7522850037, 36.4024543762, 32.8810958862, 21.4852581024, 20.0401706696, 17.2401237488, 16.3981609344, 16.7866363525, 14.3412590027, 10.178776741, 7.11177492142, 5.30766916275, 3.55504751205, 2.85219287872, 2.6116399765, 1.88011670113, 1.23557674885, 0.668102264404, 0.27035433054, 0.0889614149928, 0.0241004489362, 0.00474543776363, 0.000591221672948, 6.04575361649e-05], "median": [0.0273415725678, 0.425136178732, 1.80691111088, 5.2687754631, 9.18661117554, 12.3073978424, 10.5821695328, 12.6068611145, 10.8552675247, 9.9412355423, 13.3043384552, 20.7375507355, 18.0617523193, 20.1931972504, 16.015417099, 18.4899539948, 25.4216423035, 19.4183578491, 16.357093811, 12.3195333481, 11.5741224289, 10.9212903976, 8.56644821167, 8.43804359436, 7.22583293915, 5.34186077118, 3.26701164246, 2.13812375069, 1.47992885113, 1.17891407013, 0.957071483135, 0.584045052528, 0.281241506338, 0.149791821837, 0.0750314369798, 0.0285070557147, 0.00723363924772, 0.00142401200719, 0.000170711369719, 4.20595606556e-05], "min": [4.83017903452e-10, 2.42014697172e-09, 6.75862565913e-09, 1.20563434791e-08, 1.5174460799e-08, 1.35473214868e-08, 9.92562299018e-09, 1.25214976165e-08, 2.42900366487e-08, 3.14208570273e-08, 2.00248440052e-08, 1.01684083376e-08, 2.25744205551e-08, 2.09090469383e-08, 7.06007563522e-09, 1.34146294073e-08, 8.27943580362e-09, 1.1613039419e-08, 7.28882376677e-09, 6.71297240018e-09, 8.77921735309e-09, 8.63387494832e-09, 1.20416965288e-08, 1.01006092379e-08, 6.3157372665e-09, 6.01921890109e-09, 2.46586129293e-09, 2.1036881126e-09, 1.91235183244e-09, 1.2014009787e-09, 2.43800246658e-09, 2.0083499308e-09, 2.59721910645e-09, 1.52442169998e-09, 7.68262287121e-10, 8.52581782951e-10, 7.49488138219e-10, 2.06670569547e-10, 5.13475720276e-11, 4.28741764313e-12], "var": [0.0517185665667, 5.70432567596, 37.7211112976, 106.764884949, 1223.15820313, 1182.18310547, 502.462463379, 596.068786621, 1243.22644043, 652.112609863, 1540.49890137, 6540.74853516, 3812.42236328, 2657.43432617, 1947.36791992, 5988.20605469, 8753.1484375, 2410.99316406, 2281.13867188, 844.401306152, 598.786682129, 445.363708496, 488.885070801, 503.208740234, 329.41998291, 182.148162842, 103.528297424, 109.164710999, 38.3631095886, 42.6660804749, 50.6454200745, 34.4654350281, 25.546497345, 7.28819274902, 0.625827670097, 0.0364876464009, 0.0032286325004, 0.000142249424243, 1.79453491e-06, 4.42081038443e-09]}, "erbbands_crest": {"dmean": 2.38702535629, "dmean2": 3.88807654381, "dvar": 5.11463022232, "dvar2": 12.9557819366, "max": 29.5696277618, "mean": 8.07802009583, "median": 7.12808561325, "min": 2.0927977562, "var": 14.3135251999}, "erbbands_flatness_db": {"dmean": 0.0157150570303, "dmean2": 0.0218786988407, "dvar": 0.000213289386011, "dvar2": 0.000402216508519, "max": 0.351941198111, "mean": 0.151824295521, "median": 0.151073679328, "min": 0.0203197672963, "var": 0.00131958618294}, "erbbands_kurtosis": {"dmean": 0.775541007519, "dmean2": 1.21762561798, "dvar": 1.69882249832, "dvar2": 3.62244820595, "max": 73.2589492798, "mean": 0.406294941902, "median": -0.0993097350001, "min": -1.82146036625, "var": 5.73767280579}, "erbbands_skewness": {"dmean": 0.30571693182, "dmean2": 0.47594255209, "dvar": 0.086695112288, "dvar2": 0.196185901761, "max": 7.3597984314, "mean": 0.361455827951, "median": 0.272226661444, "min": -3.14817500114, "var": 0.432749569416}, "erbbands_spread": {"dmean": 6.93851089478, "dmean2": 10.6292991638, "dvar": 56.2657852173, "dvar2": 117.62903595, "max": 151.781799316, "mean": 35.3277511597, "median": 32.613609314, "min": 2.03726744652, "var": 255.093597412}, "gfcc": {"cov": [[6154.68359375, -448.057861328, -666.947814941, 109.020294189, -144.030014038, 219.07182312, 0.516431033611, 85.7037353516, -120.976066589, 43.3337631226, -55.6608963013, 22.3454399109, -126.225524902], [-448.057861328, 908.81451416, -51.1871414185, -39.5276107788, 113.596946716, -124.126106262, 75.2460098267, -23.2075042725, 67.0464477539, -60.3971481323, 61.3965034485, -47.3353538513, 62.5873069763], [-666.947814941, -51.1871414185, 646.580566406, 51.4864120483, 32.2074775696, 99.7724838257, -52.9624137878, 26.2296905518, 27.6388263702, 32.1407470703, -32.571182251, 24.0015945435, 29.3989334106], [109.020294189, -39.5276107788, 51.4864120483, 266.113891602, 19.7641410828, -2.51907968521, 21.7942199707, 21.8359565735, 36.1838798523, 4.14987611771, 11.0420942307, 5.50848531723, 7.60273551941], [-144.030014038, 113.596946716, 32.2074775696, 19.7641410828, 180.12878418, 31.7391605377, 44.413848877, 21.2360553741, 12.1074924469, 14.5112800598, 12.6226329803, 9.59963607788, 11.7202701569], [219.07182312, -124.126106262, 99.7724838257, -2.51907968521, 31.7391605377, 204.046264648, 30.2241973877, 18.9438743591, -18.5330734253, 6.98142194748, -0.882169246674, 8.09222602844, -8.21430587769], [0.516431033611, 75.2460098267, -52.9624137878, 21.7942199707, 44.413848877, 30.2241973877, 134.894592285, 32.817905426, 11.720744133, 12.8972129822, 20.9475212097, 4.17697143555, -1.3758649826], [85.7037353516, -23.2075042725, 26.2296905518, 21.8359565735, 21.2360553741, 18.9438743591, 32.817905426, 101.689094543, 37.7401008606, 14.2184228897, 5.62140226364, 3.25079226494, -0.26929295063], [-120.976066589, 67.0464477539, 27.6388263702, 36.1838798523, 12.1074924469, -18.5330734253, 11.720744133, 37.7401008606, 90.2191772461, 26.2270393372, 7.68482398987, -0.472332298756, 11.1692152023], [43.3337631226, -60.3971481323, 32.1407470703, 4.14987611771, 14.5112800598, 6.98142194748, 12.8972129822, 14.2184228897, 26.2270393372, 85.4960327148, 18.0816955566, 17.8020477295, -4.50963115692], [-55.6608963013, 61.3965034485, -32.571182251, 11.0420942307, 12.6226329803, -0.882169246674, 20.9475212097, 5.62140226364, 7.68482398987, 18.0816955566, 73.4902420044, 21.2963314056, 0.565370798111], [22.3454399109, -47.3353538513, 24.0015945435, 5.50848531723, 9.59963607788, 8.09222602844, 4.17697143555, 3.25079226494, -0.472332298756, 17.8020477295, 21.2963314056, 55.9133148193, 12.8432712555], [-126.225524902, 62.5873069763, 29.3989334106, 7.60273551941, 11.7202701569, -8.21430587769, -1.3758649826, -0.26929295063, 11.1692152023, -4.50963115692, 0.565370798111, 12.8432712555, 53.7361946106]], "icov": [[0.000284601119347, -0.000269364798442, 0.000502528448123, -0.000391101290006, 0.000372117938241, -0.00065407587681, 0.000489817699417, -0.000630591181107, 0.000653263763525, -0.000686510116793, 0.000864482834004, -0.000722153403331, 0.000561001710594], [-0.000269364798442, 0.00290907802992, -0.000949043605942, 0.00141225382686, -0.00196042703465, 0.00228311610408, -0.00221812771633, 0.00224896706641, -0.00295514473692, 0.00336355669424, -0.00410811742768, 0.00403669802472, -0.00299556390382], [0.000502528448123, -0.000949043605942, 0.00304161757231, -0.00127318676095, 0.00066334172152, -0.00260176905431, 0.00244002533145, -0.00176278315485, 0.00112566351891, -0.0024568666704, 0.00322683644481, -0.00254148081876, 0.000446436402854], [-0.000391101290006, 0.00141225382686, -0.00127318676095, 0.00507466122508, -0.00130898330826, 0.00177591678221, -0.00200674543157, 0.00143796217162, -0.00334451487288, 0.00271685770713, -0.00299483467825, 0.00204909965396, -0.00160725263413], [0.000372117938241, -0.00196042703465, 0.00066334172152, -0.00130898330826, 0.00785895995796, -0.00245628971606, -0.000136405185913, -0.00223070336506, 0.00221391441301, -0.00306251086295, 0.00263186986558, -0.00302269333042, 0.000853047240525], [-0.00065407587681, 0.00228311610408, -0.00260176905431, 0.00177591678221, -0.00245628971606, 0.00869410578161, -0.00380856730044, 0.00147063157056, -0.000876828911714, 0.00320529239252, -0.00397698953748, 0.00334251159802, -0.00155462278053], [0.000489817699417, -0.00221812771633, 0.00244002533145, -0.00200674543157, -0.000136405185913, -0.00380856730044, 0.0118971373886, -0.004680655431, 0.0026508376468, -0.00381963793188, 0.00207581231371, -0.00303270271979, 0.0022432252299], [-0.000630591181107, 0.00224896706641, -0.00176278315485, 0.00143796217162, -0.00223070336506, 0.00147063157056, -0.004680655431, 0.0154346404597, -0.00835467595607, 0.00356452749111, -0.00362232327461, 0.00286188651808, -0.00128105434123], [0.000653263763525, -0.00295514473692, 0.00112566351891, -0.00334451487288, 0.00221391441301, -0.000876828911714, 0.0026508376468, -0.00835467595607, 0.0200687814504, -0.00871665030718, 0.003892760491, -0.00133205205202, -0.000382609345252], [-0.000686510116793, 0.00336355669424, -0.0024568666704, 0.00271685770713, -0.00306251086295, 0.00320529239252, -0.00381963793188, 0.00356452749111, -0.00871665030718, 0.0195834357291, -0.00753685459495, 0.000636035751086, -0.000109897737275], [0.000864482834004, -0.00410811742768, 0.00322683644481, -0.00299483467825, 0.00263186986558, -0.00397698953748, 0.00207581231371, -0.00362232327461, 0.003892760491, -0.00753685459495, 0.0238388422877, -0.0126828672364, 0.00566563243046], [-0.000722153403331, 0.00403669802472, -0.00254148081876, 0.00204909965396, -0.00302269333042, 0.00334251159802, -0.00303270271979, 0.00286188651808, -0.00133205205202, 0.000636035751086, -0.0126828672364, 0.0296775419265, -0.0108199110255], [0.000561001710594, -0.00299556390382, 0.000446436402854, -0.00160725263413, 0.000853047240525, -0.00155462278053, 0.0022432252299, -0.00128105434123, -0.000382609345252, -0.000109897737275, 0.00566563243046, -0.0108199110255, 0.0256233774126]], "mean": [10.3338880539, 106.215286255, -116.044769287, 24.9781074524, -54.1112747192, 9.92741298676, -36.7482032776, 0.41746070981, -27.617357254, -3.091599226, -16.1043014526, -4.74569320679, -12.2153539658]}, "hfc": {"dmean": 5.10511732101, "dmean2": 7.11606645584, "dvar": 46.5158195496, "dvar2": 91.6846237183, "max": 119.601547241, "mean": 19.9663219452, "median": 16.8087501526, "min": 2.51560816622e-08, "var": 216.751800537}, "melbands": {"dmean": [0.00086018058937, 0.00138265022542, 0.00117425364442, 0.00106605060864, 0.000326988258166, 0.00025038458989, 0.000194956955966, 0.000105217659438, 0.000135631518788, 0.000150282663526, 0.000104982842458, 8.38200649014e-05, 6.04954802839e-05, 5.72693897993e-05, 7.38364396966e-05, 4.92599137942e-05, 3.66183194274e-05, 3.19728278555e-05, 1.77303572855e-05, 1.17411464089e-05, 1.26742588691e-05, 9.44690236793e-06, 8.09265657153e-06, 7.25145036995e-06, 6.31415605312e-06, 5.39635402674e-06, 4.0588874981e-06, 3.01249224322e-06, 2.32431557379e-06, 1.60297850016e-06, 1.50686742018e-06, 1.01822843135e-06, 8.54265124417e-07, 7.93287370016e-07, 8.30383271477e-07, 7.43591442642e-07, 6.61271428726e-07, 5.741046607e-07, 4.35591346104e-07, 3.09921830421e-07], "dmean2": [0.00135170656722, 0.00235570804216, 0.00203171023168, 0.00183486775495, 0.000539144442882, 0.000406554492656, 0.000320513092447, 0.00016903100186, 0.000217171182157, 0.000234604420257, 0.000168750266312, 0.000136207134346, 9.67759406194e-05, 9.10445305635e-05, 0.000118711330288, 7.90768390289e-05, 5.84484623687e-05, 5.13549384777e-05, 2.84167199425e-05, 1.86355682672e-05, 2.01569437195e-05, 1.51521398948e-05, 1.27089033413e-05, 1.12471989269e-05, 9.6961230156e-06, 8.36577146401e-06, 6.21286881142e-06, 4.61138051833e-06, 3.56021746484e-06, 2.43150884671e-06, 2.3256818622e-06, 1.5165626337e-06, 1.26571728742e-06, 1.18827335882e-06, 1.24838857118e-06, 1.09641848667e-06, 9.87931912277e-07, 8.26560494716e-07, 6.20175853783e-07, 4.4126122134e-07], "dvar": [4.98297049489e-06, 1.29931468109e-05, 4.53976326753e-06, 6.6082570811e-06, 2.31777093518e-07, 1.26095358155e-07, 1.17624288976e-07, 3.57821399177e-08, 6.72682389791e-08, 1.04585254235e-07, 4.51131150214e-08, 2.66737636423e-08, 1.2513694081e-08, 1.56324428957e-08, 2.60946304564e-08, 7.21274728832e-09, 4.41612035829e-09, 3.25064264395e-09, 9.59078150231e-10, 3.35273392382e-10, 4.25317059349e-10, 2.42143999296e-10, 2.34867153504e-10, 1.84248907797e-10, 1.23870774749e-10, 8.11597872241e-11, 5.11455287844e-11, 3.22476316483e-11, 1.96975109834e-11, 1.25068367121e-11, 2.11424142083e-11, 4.88290180858e-12, 5.22379318621e-12, 6.29051194814e-12, 1.06852070594e-11, 8.72830713955e-12, 8.87797561161e-12, 8.19737767249e-12, 5.62019701611e-12, 2.33792347461e-12], "dvar2": [1.16206492748e-05, 3.4248947486e-05, 1.22615329019e-05, 1.82557432709e-05, 6.05181469382e-07, 3.19415192962e-07, 2.98965261436e-07, 8.66853611114e-08, 1.63489730198e-07, 2.42681551299e-07, 1.16428935826e-07, 6.79842813156e-08, 3.20918864816e-08, 3.89612466734e-08, 6.77310865171e-08, 1.86446325046e-08, 1.09858788733e-08, 8.17078316118e-09, 2.32191132987e-09, 8.04779520802e-10, 1.0211749224e-09, 6.00913319104e-10, 5.92233762031e-10, 4.22523377397e-10, 2.93387508732e-10, 1.90644597331e-10, 1.18136694871e-10, 7.48548792395e-11, 4.51245325828e-11, 2.91889463988e-11, 5.15814752022e-11, 1.11748848022e-11, 1.3202971702e-11, 1.61712639807e-11, 2.67488444589e-11, 1.97719948053e-11, 2.09326150163e-11, 1.70687179668e-11, 1.16018895879e-11, 4.97685963621e-12], "max": [0.0258031580597, 0.0429395586252, 0.0412973724306, 0.0407107695937, 0.0103406198323, 0.00749290501699, 0.00640584062785, 0.00663441652432, 0.00706871552393, 0.00972593761981, 0.00531254615635, 0.00645699677989, 0.00309662520885, 0.00333877815865, 0.00605331640691, 0.00211420841515, 0.00245362217538, 0.00146959011909, 0.000728975748643, 0.000362392922398, 0.000447964936029, 0.000393921945943, 0.000437230803072, 0.00041243727901, 0.000348632282112, 0.000180747461854, 0.000277640501736, 0.000205914489925, 0.000128485757159, 0.000168939557625, 0.000383495178539, 9.85719307209e-05, 0.000142829638207, 0.000119200391055, 0.00018739940424, 0.000151822387124, 0.000125057034893, 0.000127151666675, 0.00010942544759, 8.09501652839e-05], "mean": [0.00102374597918, 0.00167370890267, 0.00168098590802, 0.00148601888213, 0.000685153820086, 0.000461054383777, 0.000344710657373, 0.00018861926219, 0.000231006953982, 0.00025773406378, 0.00017712143017, 0.000145287267515, 0.000104421364085, 9.9931465229e-05, 0.000139413008583, 9.16468925425e-05, 6.6886532295e-05, 5.71586751903e-05, 3.25967630488e-05, 2.30592413573e-05, 2.41991765506e-05, 1.81718351087e-05, 1.56310106831e-05, 1.46399224832e-05, 1.34506108225e-05, 1.13581554615e-05, 8.59138435771e-06, 6.28769203104e-06, 4.83992744194e-06, 3.39015468853e-06, 2.92145728054e-06, 1.99916894417e-06, 1.69783538695e-06, 1.53063842845e-06, 1.52644940954e-06, 1.32303534883e-06, 1.08680171707e-06, 9.16264980333e-07, 6.93755396242e-07, 5.17183991633e-07], "median": [0.000363055878552, 0.000881885702256, 0.00107335241046, 0.00084220856661, 0.000430473184679, 0.000289363582851, 0.000162978773005, 0.000102017838799, 0.000121456359921, 0.000121002776723, 8.44269670779e-05, 8.15555395093e-05, 5.07026088599e-05, 3.75074632757e-05, 5.60962798772e-05, 4.61435956822e-05, 3.26783701894e-05, 2.62603389274e-05, 1.72622985701e-05, 1.32074183057e-05, 1.30097141664e-05, 1.07751457108e-05, 8.09537050372e-06, 6.8521508183e-06, 6.37245329926e-06, 5.37388677913e-06, 4.3767090574e-06, 3.11940652864e-06, 2.12119448406e-06, 1.27383032122e-06, 1.13590397177e-06, 7.92129071669e-07, 6.99250051639e-07, 6.05016055033e-07, 5.45659133877e-07, 4.57861290215e-07, 3.03699380311e-07, 2.06813453474e-07, 1.37760736152e-07, 1.16499784042e-07], "min": [4.34367212337e-12, 3.48894307542e-12, 2.21286617502e-12, 1.06246207578e-12, 3.9010559106e-13, 2.82885721141e-13, 3.83985757687e-13, 3.32225810447e-13, 1.40256499448e-13, 6.30095815476e-14, 1.1621274418e-13, 9.10567059037e-14, 2.31224578601e-14, 3.33322711338e-14, 2.72441811678e-14, 1.85922105619e-14, 2.14466523018e-14, 9.67443169981e-15, 1.31612851788e-14, 8.01084543888e-15, 9.8755715316e-15, 8.63594813065e-15, 9.15966351974e-15, 1.01138410526e-14, 8.31251791711e-15, 4.51894576107e-15, 4.88113239064e-15, 3.46670531806e-15, 1.26919872097e-15, 1.62192335724e-15, 9.84123323943e-16, 1.31061312637e-15, 5.7791760972e-16, 6.8322095748e-16, 1.64367145755e-15, 1.03964823946e-15, 1.10330678885e-15, 1.88273401318e-15, 1.37521103531e-15, 1.3667114832e-15], "var": [5.15764122611e-06, 1.05444642031e-05, 4.95789663546e-06, 6.0172137637e-06, 8.21733294742e-07, 2.94669462164e-07, 2.6554539545e-07, 7.09784799824e-08, 1.31786563884e-07, 2.20556430008e-07, 9.50053831161e-08, 4.85607181133e-08, 2.64229562674e-08, 3.69027226554e-08, 6.46502513746e-08, 1.68566387515e-08, 9.91815696239e-09, 7.83468134813e-09, 2.24520446679e-09, 8.77127315224e-10, 1.00114272428e-09, 5.39388311793e-10, 5.09180586583e-10, 5.0525589268e-10, 3.5727701353e-10, 2.27719759716e-10, 1.29966939988e-10, 7.68922217564e-11, 4.96166302488e-11, 3.56474225138e-11, 4.32252601767e-11, 1.18762838106e-11, 1.36474460205e-11, 1.33495697135e-11, 1.80766773078e-11, 1.50369248303e-11, 1.43174326561e-11, 1.4379263405e-11, 9.96311540213e-12, 4.42405834189e-12]}, "melbands_crest": {"dmean": 3.25969362259, "dmean2": 5.41456413269, "dvar": 8.29030895233, "dvar2": 21.4664344788, "max": 39.7262573242, "mean": 12.5030612946, "median": 11.7077589035, "min": 3.48807430267, "var": 21.0705413818}, "melbands_flatness_db": {"dmean": 0.0261174887419, "dmean2": 0.0399856604636, "dvar": 0.000648094748612, "dvar2": 0.00151737721171, "max": 0.512388527393, "mean": 0.20015886426, "median": 0.193129450083, "min": 0.0457051284611, "var": 0.00357564911246}, "melbands_kurtosis": {"dmean": 6.17311668396, "dmean2": 9.95277786255, "dvar": 205.812011719, "dvar2": 456.752868652, "max": 923.610656738, "mean": 11.4511146545, "median": 6.35849571228, "min": -1.59514462948, "var": 569.734313965}, "melbands_skewness": {"dmean": 0.697865009308, "dmean2": 1.1134032011, "dvar": 0.58466309309, "dvar2": 1.41677165031, "max": 26.7876853943, "mean": 2.44225096703, "median": 2.22091960907, "min": -1.57094991207, "var": 2.09966468811}, "melbands_spread": {"dmean": 5.48219442368, "dmean2": 8.69957542419, "dvar": 38.4174957275, "dvar2": 94.7082595825, "max": 184.293655396, "mean": 20.091917038, "median": 18.2408409119, "min": 0.53154784441, "var": 146.980300903}, "mfcc": {"cov": [[5911.96289063, -494.38482666, -561.170715332, -104.694313049, -189.167755127, 43.0121192932, 62.4013938904, 62.9233589172, -67.0840988159, 7.54493665695, 34.3910179138, 40.0628547668, -45.8797264099], [-494.38482666, 901.919921875, -77.6232223511, 38.1275367737, 20.1425743103, -40.2011795044, 6.15227890015, 0.61601048708, 4.80390977859, 18.0340633392, -16.768157959, -15.4271612167, -4.06154870987], [-561.170715332, -77.6232223511, 538.192382813, 1.68955719471, 107.009124756, 46.0101737976, -18.3670368195, 1.03179979324, 45.8932380676, -2.046905756, -3.16072297096, -4.80805015564, -2.9491891861], [-104.694313049, 38.1275367737, 1.68955719471, 271.673278809, 13.8760576248, -15.0635490417, -21.7498893738, 6.15215587616, 21.8865718842, 14.7941970825, -2.345028162, 18.914516449, 38.5109176636], [-189.167755127, 20.1425743103, 107.009124756, 13.8760576248, 164.212677002, 30.9565181732, 7.67074584961, 14.4122915268, 24.3251876831, 8.6709356308, 2.22211265564, -6.97320413589, -1.99887800217], [43.0121192932, -40.2011795044, 46.0101737976, -15.0635490417, 30.9565181732, 131.921508789, 52.4929428101, 11.1459274292, 11.0724964142, -3.03682208061, 9.75347709656, 6.63825416565, 2.02722167969], [62.4013938904, 6.15227890015, -18.3670368195, -21.7498893738, 7.67074584961, 52.4929428101, 124.280342102, 43.7964935303, -0.434095859528, 10.5498275757, 13.5511426926, 9.04983234406, 1.22775888443], [62.9233589172, 0.61601048708, 1.03179979324, 6.15215587616, 14.4122915268, 11.1459274292, 43.7964935303, 93.9180679321, 18.865814209, 19.0600261688, 9.50019645691, 2.48575496674, -4.72853469849], [-67.0840988159, 4.80390977859, 45.8932380676, 21.8865718842, 24.3251876831, 11.0724964142, -0.434095859528, 18.865814209, 92.9999160767, 28.3688545227, 6.12081480026, 5.26447057724, 6.27059841156], [7.54493665695, 18.0340633392, -2.046905756, 14.7941970825, 8.6709356308, -3.03682208061, 10.5498275757, 19.0600261688, 28.3688545227, 75.2895278931, 20.4612903595, 5.09305095673, 1.4649078846], [34.3910179138, -16.768157959, -3.16072297096, -2.345028162, 2.22211265564, 9.75347709656, 13.5511426926, 9.50019645691, 6.12081480026, 20.4612903595, 63.5849342346, 27.3806343079, 10.8182821274], [40.0628547668, -15.4271612167, -4.80805015564, 18.914516449, -6.97320413589, 6.63825416565, 9.04983234406, 2.48575496674, 5.26447057724, 5.09305095673, 27.3806343079, 69.6765365601, 32.1265792847], [-45.8797264099, -4.06154870987, -2.9491891861, 38.5109176636, -1.99887800217, 2.02722167969, 1.22775888443, -4.72853469849, 6.27059841156, 1.4649078846, 10.8182821274, 32.1265792847, 66.1803283691]], "icov": [[0.00021038261184, 0.000123457735754, 0.000224505929509, 3.65695559594e-05, 0.000104740298411, -0.000137200986501, 4.78371548525e-05, -0.000155142872245, 5.75266676606e-05, -5.37771520612e-05, 9.29167799768e-06, -0.000167504535057, 0.000213077786611], [0.000123457735754, 0.00124609132763, 0.000326043809764, -0.000127588864416, -0.000248098542215, 0.00033766933484, -0.000269753567409, 8.15305102151e-05, -4.54229630122e-05, -0.000294883910101, 0.00032123705023, 5.50371405552e-05, 0.000175430963282], [0.000224505929509, 0.000326043809764, 0.00254034087993, 0.000122257028124, -0.00123090844136, -0.000746429839637, 0.000667997286655, -0.000107058076537, -0.000800223788247, 0.000256023864495, 0.000161515403306, -0.000227068507229, 0.000337336648954], [3.65695559594e-05, -0.000127588864416, 0.000122257028124, 0.00429297471419, -0.000358506600605, 0.000172643485712, 0.000969241664279, -0.000681537843775, -0.000472639978398, -0.000712745648343, 0.000899290898815, -0.000523626280483, -0.00239019864239], [0.000104740298411, -0.000248098542215, -0.00123090844136, -0.000358506600605, 0.00760030373931, -0.00145608081948, 0.000156439869897, -0.000855036603753, -0.000801645219326, -0.00030779230292, -0.000420177733758, 0.00101892475504, 7.81423077569e-05], [-0.000137200986501, 0.00033766933484, -0.000746429839637, 0.000172643485712, -0.00145608081948, 0.0103803938255, -0.00483843032271, 0.00137893797364, -0.00134876894299, 0.00155288225506, -0.000885409477632, -0.000125765247503, -8.25719034765e-05], [4.78371548525e-05, -0.000269753567409, 0.000667997286655, 0.000969241664279, 0.000156439869897, -0.00483843032271, 0.0124708907679, -0.00543267931789, 0.00164919730742, -0.00112246559002, -0.000475613080198, -0.000812551646959, -0.000643440522254], [-0.000155142872245, 8.15305102151e-05, -0.000107058076537, -0.000681537843775, -0.000855036603753, 0.00137893797364, -0.00543267931789, 0.0142328320071, -0.00236278376542, -0.00152650824748, -0.000659860786982, 3.77510841645e-05, 0.00168612156995], [5.75266676606e-05, -4.54229630122e-05, -0.000800223788247, -0.000472639978398, -0.000801645219326, -0.00134876894299, 0.00164919730742, -0.00236278376542, 0.0136780422181, -0.00482949521393, 0.000797532324214, -0.000619146507233, -0.000924753083382], [-5.37771520612e-05, -0.000294883910101, 0.000256023864495, -0.000712745648343, -0.00030779230292, 0.00155288225506, -0.00112246559002, -0.00152650824748, -0.00482949521393, 0.0173884443939, -0.00557337701321, 0.00119131233077, 0.000631127215456], [9.29167799768e-06, 0.00032123705023, 0.000161515403306, 0.000899290898815, -0.000420177733758, -0.000885409477632, -0.000475613080198, -0.000659860786982, 0.000797532324214, -0.00557337701321, 0.0214032810181, -0.00808475259691, -4.01050601795e-05], [-0.000167504535057, 5.50371405552e-05, -0.000227068507229, -0.000523626280483, 0.00101892475504, -0.000125765247503, -0.000812551646959, 3.77510841645e-05, -0.000619146507233, 0.00119131233077, -0.00808475259691, 0.0221724528819, -0.00917527545244], [0.000213077786611, 0.000175430963282, 0.000337336648954, -0.00239019864239, 7.81423077569e-05, -8.25719034765e-05, -0.000643440522254, 0.00168612156995, -0.000924753083382, 0.000631127215456, -4.01050601795e-05, -0.00917527545244, 0.0213461741805]], "mean": [-632.492553711, 138.151245117, -3.61284255981, 19.4310703278, 1.99042797089, 6.59188461304, 0.914865672588, 1.12510204315, -6.7232260704, 1.26415205002, -4.79547548294, -3.8379149437, -5.97738265991]}, "pitch_salience": {"dmean": 0.0761585831642, "dmean2": 0.125632449985, "dvar": 0.00503391306847, "dvar2": 0.0133604677394, "max": 0.861126542091, "mean": 0.61622351408, "median": 0.630568921566, "min": 0.0141583317891, "var": 0.010480441153}, "silence_rate_20dB": {"dmean": 0, "dmean2": 0, "dvar": 0, "dvar2": 0, "max": 1, "mean": 1, "median": 1, "min": 1, "var": 0}, "silence_rate_30dB": {"dmean": 0.0120955547318, "dmean2": 0.0241929385811, "dvar": 0.0119491890073, "dvar2": 0.0322242304683, "max": 1, "mean": 0.992062866688, "median": 1, "min": 0, "var": 0.00787445064634}, "silence_rate_60dB": {"dmean": 0.005442999769, "dmean2": 0.0108868228272, "dvar": 0.00541424332187, "dvar2": 0.012432471849, "max": 1, "mean": 0.0331846699119, "median": 0, "min": 0, "var": 0.0320809036493}, "spectral_centroid": {"dmean": 210.842208862, "dmean2": 330.88180542, "dvar": 56255.9648438, "dvar2": 125855.539063, "max": 10951.8671875, "mean": 1093.93994141, "median": 1033.1373291, "min": 194.431304932, "var": 268232.0625}, "spectral_complexity": {"dmean": 3.74402785301, "dmean2": 5.40334177017, "dvar": 14.32762146, "dvar2": 25.5700206757, "max": 56, "mean": 22.6907558441, "median": 22, "min": 0, "var": 111.572807312}, "spectral_contrast_coeffs": {"dmean": [0.0555366314948, 0.0470943450928, 0.0372097976506, 0.028681833297, 0.0211346670985, 0.0177137348801], "dmean2": [0.0912429243326, 0.0778931602836, 0.0613678954542, 0.0475816950202, 0.0334630683064, 0.0275684576482], "dvar": [0.00230423454195, 0.00139286357444, 0.000859529303852, 0.000512763042934, 0.000325694418279, 0.000293027696898], "dvar2": [0.00607171282172, 0.00375573639758, 0.00229460862465, 0.00136669038329, 0.000751259620301, 0.000637650722638], "max": [-0.268755704165, -0.433800786734, -0.441536843777, -0.608133077621, -0.613681554794, -0.616587638855], "mean": [-0.60978281498, -0.740240156651, -0.774218022823, -0.790637135506, -0.795195400715, -0.769924759865], "median": [-0.616816163063, -0.743907392025, -0.777964293957, -0.79326069355, -0.800041675568, -0.775237262249], "min": [-0.989551007748, -0.959871292114, -0.96900510788, -0.956781148911, -0.958511590958, -0.958247184753], "var": [0.00672663096339, 0.00408130092546, 0.00286356802098, 0.00195657927543, 0.00163836509455, 0.0017179006245]}, "spectral_contrast_valleys": {"dmean": [0.408976644278, 0.335078060627, 0.301042556763, 0.275140434504, 0.270386189222, 0.298742175102], "dmean2": [0.650203287601, 0.546400547028, 0.470675587654, 0.410025805235, 0.37223303318, 0.360669434071], "dvar": [0.151243045926, 0.0909588634968, 0.0793663561344, 0.0758800953627, 0.0921657681465, 0.111773133278], "dvar2": [0.323142945766, 0.20559476316, 0.156612306833, 0.133670240641, 0.148080557585, 0.169706553221], "max": [-4.95912742615, -4.7310295105, -5.255879879, -5.68340301514, -5.68750333786, -7.63722515106], "mean": [-7.00280618668, -6.41318511963, -6.89996862411, -7.2887134552, -7.49641036987, -10.2386722565], "median": [-6.84213829041, -6.29812908173, -6.7607831955, -7.13666152954, -7.35199165344, -10.1482191086], "min": [-27.5314617157, -27.3641395569, -27.2611885071, -27.1405467987, -27.2855529785, -27.2643451691], "var": [0.840541124344, 0.634203493595, 0.759157180786, 0.777997136116, 0.835365712643, 0.904599964619]}, "spectral_decrease": {"dmean": 3.03795011369e-09, "dmean2": 4.85155693397e-09, "dvar": 2.47080883834e-17, "dvar2": 6.21934404743e-17, "max": -1.14505561676e-17, "mean": -7.72890995648e-09, "median": -6.5488050538e-09, "min": -5.71257849913e-08, "var": 3.32807582957e-17}, "spectral_energy": {"dmean": 0.011795909144, "dmean2": 0.0187508370727, "dvar": 0.000365175394109, "dvar2": 0.000915301323403, "max": 0.222870230675, "mean": 0.0309817064553, "median": 0.0264950618148, "min": 4.54987506004e-11, "var": 0.000510543060955}, "spectral_energyband_high": {"dmean": 0.000232597332797, "dmean2": 0.000312931602821, "dvar": 2.72592416195e-07, "dvar2": 5.59846284887e-07, "max": 0.0141254113987, "mean": 0.000582776556257, "median": 0.000282505643554, "min": 1.10020911652e-12, "var": 8.60624140842e-07}, "spectral_energyband_low": {"dmean": 0.00615583127365, "dmean2": 0.0099390828982, "dvar": 0.000203590039746, "dvar2": 0.000502291368321, "max": 0.163144931197, "mean": 0.0089448466897, "median": 0.00526875210926, "min": 2.5824739916e-11, "var": 0.000206916593015}, "spectral_energyband_middle_high": {"dmean": 0.00195158226416, "dmean2": 0.0028591316659, "dvar": 6.59275383441e-06, "dvar2": 1.4852550521e-05, "max": 0.0652830675244, "mean": 0.00647965306416, "median": 0.00481784390286, "min": 2.49321223389e-12, "var": 3.6860248656e-05}, "spectral_energyband_middle_low": {"dmean": 0.00720835244283, "dmean2": 0.0120376748964, "dvar": 0.000176965084393, "dvar2": 0.000477894238429, "max": 0.201908797026, "mean": 0.0167064778507, "median": 0.0135019710287, "min": 1.37993297344e-11, "var": 0.000216245331103}, "spectral_entropy": {"dmean": 0.150782763958, "dmean2": 0.217226400971, "dvar": 0.0249008480459, "dvar2": 0.0487465523183, "max": 9.79904079437, "mean": 7.52836513519, "median": 7.58776187897, "min": 4.86414241791, "var": 0.149993821979}, "spectral_flux": {"dmean": 0.0275323204696, "dmean2": 0.0422676131129, "dvar": 0.00129404838663, "dvar2": 0.00280106835999, "max": 0.393542408943, "mean": 0.0936317890882, "median": 0.0844416692853, "min": 0.000164127064636, "var": 0.00262890337035}, "spectral_kurtosis": {"dmean": 1.72229611874, "dmean2": 2.81513667107, "dvar": 4.63193464279, "dvar2": 11.8429203033, "max": 51.9658241272, "mean": 5.61638069153, "median": 4.85559511185, "min": -1.24173998833, "var": 12.8431081772}, "spectral_rms": {"dmean": 0.000927252869587, "dmean2": 0.00142467173282, "dvar": 1.42778662848e-06, "dvar2": 3.39443886332e-06, "max": 0.0147456554696, "mean": 0.00517084775493, "median": 0.0050841756165, "min": 2.10687034041e-07, "var": 3.48834305441e-06}, "spectral_rolloff": {"dmean": 359.50479126, "dmean2": 599.698791504, "dvar": 431797.59375, "dvar2": 968634.9375, "max": 9797.60742188, "mean": 1179.40136719, "median": 990.52734375, "min": 21.533203125, "var": 1017662.5625}, "spectral_skewness": {"dmean": 0.22585965693, "dmean2": 0.350475519896, "dvar": 0.0582588724792, "dvar2": 0.130839258432, "max": 5.81853485107, "mean": 1.73979175091, "median": 1.68215751648, "min": 0.0316044017673, "var": 0.268271744251}, "spectral_spread": {"dmean": 442975.09375, "dmean2": 612720.0625, "dvar": 397576699904, "dvar2": 610889695232, "max": 41044028, "mean": 4129356, "median": 3841488, "min": 1326874.