{"lowlevel": {"average_loudness": 0.755373716354, "barkbands": {"dmean": [2.02778192033e-05, 0.000718127121218, 0.00222422275692, 0.000757933652494, 0.00174329476431, 0.00145294924732, 0.00206345226616, 0.0013117082417, 0.001030866988, 0.0006626372342, 0.000219124733121, 0.000227394048125, 0.000178083209903, 9.17177530937e-05, 5.75794219912e-05, 4.72189858556e-05, 4.02724144806e-05, 3.68268338207e-05, 2.80364693026e-05, 6.95708949934e-05, 8.76865451573e-05, 7.94111256255e-05, 6.18107878836e-05, 7.54297507228e-05, 4.34782014054e-05, 9.36572541832e-06, 2.58549584942e-06], "dmean2": [3.21266306855e-05, 0.00112875271589, 0.003247480141, 0.00125303142704, 0.00269724638201, 0.00219059316441, 0.00314977113158, 0.00199737097137, 0.00163208169397, 0.00101526197977, 0.000341839884641, 0.000370376859792, 0.00028745693271, 0.000143543802551, 8.6929750978e-05, 7.05789570929e-05, 6.24681124464e-05, 5.69039984839e-05, 4.27346640208e-05, 0.000103491045593, 0.000131114153191, 0.000108205080323, 8.55929029058e-05, 0.000113537287689, 6.12384392298e-05, 1.36702383315e-05, 3.95590586777e-06], "dvar": [1.62081121857e-08, 3.03667434309e-06, 4.62720126961e-05, 2.31247827287e-06, 6.92084358889e-06, 6.5573167376e-06, 1.08005688162e-05, 8.29103646538e-06, 5.6010571825e-06, 3.92734864363e-06, 4.20430779968e-07, 4.10757962754e-07, 1.85080025972e-07, 8.74499619385e-08, 3.19457349462e-08, 2.43201228045e-08, 1.64664726299e-08, 1.15696829894e-08, 1.995135257e-08, 2.12439530856e-07, 4.45587886588e-07, 3.08558384177e-07, 2.55166924035e-07, 3.15601596412e-07, 4.6370747242e-08, 1.64820024295e-09, 1.82079504252e-10], "dvar2": [2.3663105253e-08, 6.88950058247e-06, 9.3083421234e-05, 6.32199316897e-06, 1.65935434779e-05, 1.47806185851e-05, 2.50693246926e-05, 1.93052383111e-05, 1.41546452141e-05, 9.38493212743e-06, 1.00678948911e-06, 1.09906761736e-06, 4.51057417195e-07, 2.20510059989e-07, 6.61167618432e-08, 5.23967962351e-08, 4.01673609929e-08, 2.73645834881e-08, 4.43481731338e-08, 4.38431300154e-07, 1.05473520762e-06, 5.97937230395e-07, 4.90391698804e-07, 6.65296283842e-07, 8.4191988492e-08, 2.95413982165e-09, 4.29141139291e-10], "max": [0.00755512621254, 0.032003633678, 0.127816051245, 0.0285628512502, 0.0558495260775, 0.0644922927022, 0.0761814489961, 0.0679696798325, 0.0510917976499, 0.0575412586331, 0.0204689670354, 0.0233971085399, 0.0103947725147, 0.00940025690943, 0.0070102061145, 0.00518056657165, 0.00476696761325, 0.00380092812702, 0.00591535214335, 0.0272605754435, 0.0430212877691, 0.0278926081955, 0.0313336737454, 0.0269009973854, 0.00682454090565, 0.00181189051364, 0.000719022296835], "mean": [2.83650515485e-05, 0.00188763230108, 0.00448459992185, 0.00126996973995, 0.00441995402798, 0.00349464640021, 0.00481627183035, 0.00234199943952, 0.00205304054543, 0.00151249777991, 0.000387914013118, 0.00037669154699, 0.00031073440914, 0.000168089900399, 0.000101188066765, 8.43887537485e-05, 7.74264117354e-05, 7.63740754337e-05, 5.00761489093e-05, 0.000114089605631, 0.000137358161737, 0.000121670258522, 9.48334272834e-05, 0.00011003936379, 6.86483035679e-05, 1.34741439979e-05, 3.7124393657e-06], "median": [9.26225402509e-06, 0.00061347708106, 0.000465400051326, 0.00046745678992, 0.00262892898172, 0.00186885846779, 0.00264580082148, 0.000572217977606, 0.000290963274892, 0.000127566454466, 8.86882626219e-05, 0.000142923905514, 9.43076156545e-05, 3.43856663676e-05, 3.08277885779e-05, 2.0966241209e-05, 2.56948114838e-05, 2.60161577899e-05, 1.85306162166e-05, 2.26709198614e-05, 1.69338527485e-05, 9.97908682621e-06, 1.14542872325e-05, 1.50766572915e-05, 1.21932716866e-05, 2.9421535146e-06, 9.73328496912e-07], "min": [1.18492849073e-25, 2.35638511074e-24, 1.31881549198e-24, 1.0839728824e-24, 5.19810861038e-24, 6.59641544641e-24, 9.52485803093e-24, 5.84457972778e-24, 1.05816752641e-23, 1.55884184463e-23, 1.58294107196e-23, 1.85307402495e-23, 3.84104515797e-23, 2.43910017433e-23, 5.89165878883e-23, 5.1763768335e-23, 6.05042809006e-23, 9.15487784876e-23, 1.31074540548e-22, 1.44906616987e-22, 2.63122396613e-22, 3.10610889096e-22, 4.03835820302e-22, 5.40908316437e-22, 8.01895967088e-22, 1.35791219417e-21, 2.09365229151e-21], "var": [3.22345101722e-08, 9.77394665824e-06, 0.000172279891558, 4.22566608904e-06, 3.06274596369e-05, 2.17699835048e-05, 4.35360743722e-05, 2.00573358597e-05, 1.55925190484e-05, 2.10892576433e-05, 1.14679528451e-06, 8.59522003793e-07, 4.3831019525e-07, 2.17556561211e-07, 8.49098427125e-08, 6.53515925819e-08, 3.78212767771e-08, 2.53655390026e-08, 2.73763181013e-08, 3.87613653174e-07, 8.8083203309e-07, 6.68763107115e-07, 4.55017186596e-07, 5.02598197727e-07, 1.04883561391e-07, 3.55307294697e-09, 2.2121787735e-10]}, "barkbands_crest": {"dmean": 2.40287017822, "dmean2": 3.81870913506, "dvar": 4.50164556503, "dvar2": 10.946770668, "max": 26.9170131683, "mean": 11.6729593277, "median": 10.9696378708, "min": 2.92301368713, "var": 18.0649719238}, "barkbands_flatness_db": {"dmean": 0.0193605832756, "dmean2": 0.028400240466, "dvar": 0.00044903359958, "dvar2": 0.00087432510918, "max": 1, "mean": 0.18267390132, "median": 0.177419051528, "min": 0.0356277264655, "var": 0.00331621733494}, "barkbands_kurtosis": {"dmean": 7.25501203537, "dmean2": 12.0892677307, "dvar": 5851.06689453, "dvar2": 16923.8027344, "max": 5080.85253906, "mean": 15.2789669037, "median": 8.65651893616, "min": -1.91522479057, "var": 6088.30810547}, "barkbands_skewness": {"dmean": 0.605463504791, "dmean2": 0.933670639992, "dvar": 1.59990847111, "dvar2": 4.7087635994, "max": 69.8347473145, "mean": 2.25726509094, "median": 2.05417728424, "min": -3.52862143517, "var": 3.84657502174}, "barkbands_spread": {"dmean": 3.03332519531, "dmean2": 4.53293800354, "dvar": 39.2831115723, "dvar2": 71.1632995605, "max": 120.590270996, "mean": 10.1692934036, "median": 7.19233322144, "min": 0.00306499237195, "var": 132.893371582}, "dissonance": {"dmean": 0.0280810818076, "dmean2": 0.0463299527764, "dvar": 0.000693177920766, "dvar2": 0.00186326040421, "max": 0.5, "mean": 0.42446526885, "median": 0.43167719245, "min": 0.0844964981079, "var": 0.00207799836062}, "dynamic_complexity": 3.02802944183, "erbbands": {"dmean": [0.0129743348807, 0.215748757124, 1.9752395153, 2.66471743584, 3.94831585884, 6.87744569778, 8.67226982117, 13.2303791046, 29.2072963715, 27.6522445679, 23.6582527161, 24.0048332214, 17.5617198944, 14.1591529846, 8.91935253143, 7.0092382431, 7.75242185593, 4.55863523483, 3.27632284164, 2.83985304832, 2.65140748024, 1.96409726143, 1.72358012199, 1.55338060856, 1.82041704655, 3.29194641113, 4.11038923264, 3.09939908981, 2.96371340752, 1.90810370445, 1.83371222019, 1.93901216984, 1.04479491711, 0.667057394981, 0.205166950822, 0.0514062345028, 0.0159591808915, 0.00415512733161, 0.000433720328147, 1.89426918951e-05], "dmean2": [0.0203805994242, 0.335202991962, 2.86555242538, 4.29685878754, 6.19127511978, 10.6478700638, 13.3446063995, 19.6291332245, 45.1143913269, 41.6447677612, 36.2741165161, 37.8251037598, 26.9624023438, 21.234003067, 14.2699623108, 11.1728878021, 12.4024267197, 7.01731920242, 4.92267513275, 4.28506278992, 3.91357278824, 2.97564482689, 2.61983776093, 2.37423062325, 2.75767445564, 4.84006166458, 6.2896938324, 4.45156526566, 4.07872104645, 2.67808961868, 2.50514578819, 2.94325089455, 1.5287566185, 0.941539227962, 0.296854406595, 0.0748993903399, 0.0236493293196, 0.00618154089898, 0.00066051381873, 2.82305336441e-05], "dvar": [0.00113508931827, 0.266918540001, 33.8151435852, 48.8385314941, 43.5848960876, 130.802474976, 244.555831909, 609.286071777, 2452.73803711, 2284.28344727, 2318.93652344, 3320.95483398, 2581.09716797, 2187.28125, 645.356750488, 293.932952881, 301.627471924, 258.376403809, 77.9938735962, 87.1151046753, 70.9823074341, 31.0401210785, 25.7276611328, 30.9324207306, 131.513092041, 474.543762207, 1580.30908203, 427.023712158, 414.132598877, 164.815292358, 227.74861145, 324.316925049, 31.4544410706, 11.0863685608, 1.01658058167, 0.0547803342342, 0.00474968319759, 0.000467136938823, 4.27719351137e-06, 3.40331096638e-09], "dvar2": [0.00260997563601, 0.59294873476, 65.3320236206, 123.920722961, 111.614608765, 316.857391357, 604.863220215, 1335.67602539, 5881.06689453, 5034.35693359, 5557.98242188, 8168.03515625, 5977.96289062, 4775.27880859, 1617.23474121, 718.724487305, 722.804199219, 710.279541016, 166.363861084, 184.070678711, 152.23890686, 70.8465576172, 58.1980628967, 70.1313781738, 302.668121338, 939.296569824, 4382.12890625, 803.420532227, 806.065856934, 324.060211182, 414.314300537, 661.165527344, 63.5257492065, 20.0461921692, 1.88148260117, 0.102814808488, 0.00884067919105, 0.00101452774834, 9.81538141787e-06, 7.64968888234e-09], "max": [1.38905119896, 10.340669632, 113.524147034, 105.85369873, 123.580810547, 275.916809082, 407.543518066, 664.320922852, 1191.01379395, 1401.16369629, 1132.31311035, 1575.82495117, 1643.02026367, 1751.01062012, 686.764038086, 489.03036499, 347.287811279, 551.514465332, 283.624450684, 418.830078125, 321.916290283, 181.137374878, 166.360412598, 213.266067505, 410.325653076, 1298.99121094, 2794.28686523, 1002.19195557, 963.713806152, 535.593688965, 995.260620117, 929.10949707, 168.370635986, 109.577331543, 33.9961280823, 10.7442646027, 2.49388575554, 1.1078234911, 0.100611627102, 0.00221136934124], "mean": [0.0411114469171, 0.546107172966, 4.1320066452, 5.25989055634, 8.73789024353, 16.5467758179, 19.4272403717, 32.963054657, 66.641708374, 61.5128211975, 48.7827033997, 47.9388885498, 41.5242195129, 32.762046814, 17.2650928497, 13.3808546066, 14.62895298, 8.91729450226, 6.26242589951, 5.45153093338, 5.1672167778, 4.23335599899, 3.79974198341, 3.41509056091, 3.00719451904, 5.53432130814, 6.25000667572, 4.98526954651, 4.53885555267, 2.93772721291, 2.82189893723, 2.64738726616, 1.61127603054, 1.04789078236, 0.315081417561, 0.0756402760744, 0.0223114714026, 0.00575603637844, 0.000640121754259, 5.61254601052e-05], "median": [0.0127786565572, 0.153253138065, 0.55330324173, 1.45267868042, 4.02714347839, 9.05345153809, 12.1178731918, 17.8859176636, 35.7500534058, 32.1000442505, 15.0305652618, 7.81947565079, 4.86276626587, 4.56474399567, 4.35950660706, 6.02560091019, 5.67050647736, 2.14650154114, 1.63893270493, 1.73552083969, 1.41236305237, 1.44024062157, 1.46614909172, 1.2144472599, 0.962555408478, 1.0614259243, 0.914220035076, 0.517646074295, 0.355710864067, 0.310169041157, 0.34295129776, 0.267804831266, 0.269883215427, 0.174233824015, 0.0556594058871, 0.0161874257028, 0.00473099201918, 0.00120879069436, 0.000171173800481, 3.99708151235e-05], "min": [6.86464361586e-23, 2.48885741815e-22, 1.78056665109e-21, 5.16312850151e-21, 1.50678024848e-20, 2.08808287798e-20, 5.13338788498e-20, 4.80812269667e-20, 1.46362991946e-19, 1.80232897329e-19, 3.52364930576e-19, 4.16465741182e-19, 4.90394853333e-19, 7.43062237918e-19, 1.33103410804e-18, 1.01176917157e-18, 1.59978591624e-18, 1.5042206027e-18, 2.8397277933e-18, 3.28609078865e-18, 3.78246946654e-18, 4.05255593065e-18, 5.73938895789e-18, 5.4234696568e-18, 7.38975283268e-18, 8.09370834938e-18, 7.76293784758e-18, 1.08169267194e-17, 1.19896008215e-17, 1.10100601576e-17, 1.09340075177e-17, 1.12978726886e-17, 1.01927312661e-17, 8.34619447802e-18, 5.61547275263e-18, 4.32404033001e-18, 2.24482156471e-18, 1.00997780856e-18, 2.46684542311e-19, 2.85303188193e-20], "var": [0.00420187786222, 0.872067570686, 130.422668457, 133.030883789, 141.15397644, 501.766265869, 602.020263672, 2053.56054688, 9472.52050781, 7144.72412109, 6361.87060547, 8904.36132812, 12421.3417969, 10836.2832031, 1775.81738281, 661.189208984, 773.864013672, 622.850280762, 219.583969116, 244.858154297, 232.190795898, 97.9036407471, 60.3996925354, 62.3043136597, 164.390365601, 945.766174316, 2064.14819336, 1148.0871582, 901.422729492, 365.590362549, 417.837158203, 464.019042969, 66.2138671875, 25.3785743713, 2.20364737511, 0.115166597068, 0.00950710009784, 0.000702518969774, 5.81435642744e-06, 5.83900394702e-09]}, "erbbands_crest": {"dmean": 2.7941133976, "dmean2": 4.49224710464, "dvar": 6.38004398346, "dvar2": 16.3062820435, "max": 35.7714080811, "mean": 11.7580766678, "median": 11.118481636, "min": 1.99826490879, "var": 19.2748413086}, "erbbands_flatness_db": {"dmean": 0.0174018889666, "dmean2": 0.0256295315921, "dvar": 0.000296442187391, "dvar2": 0.000627984234598, "max": 0.340824276209, "mean": 0.188831597567, "median": 0.186562180519, "min": 0.0184741280973, "var": 0.00234708050266}, "erbbands_kurtosis": {"dmean": 3.00980472565, "dmean2": 4.75449705124, "dvar": 57.8751373291, "dvar2": 159.241592407, "max": 319.898071289, "mean": 6.30009412766, "median": 3.81047582626, "min": -1.85575318336, "var": 140.613723755}, "erbbands_skewness": {"dmean": 0.478099763393, "dmean2": 0.729835152626, "dvar": 0.35124155879, "dvar2": 0.850054621696, "max": 16.6365737915, "mean": 1.64618349075, "median": 1.56863367558, "min": -3.83096861839, "var": 1.46012711525}, "erbbands_spread": {"dmean": 6.24620389938, "dmean2": 9.45198440552, "dvar": 95.8981628418, "dvar2": 210.499633789, "max": 188.80696106, "mean": 24.7750663757, "median": 19.0541648865, "min": 1.64867925644, "var": 380.597473145}, "gfcc": {"cov": [[18817.7929688, 1119.62109375, -1786.81628418, 226.323867798, -1214.63928223, 249.266021729, -328.364044189, 340.065612793, -292.65032959, -33.6710662842, -424.619293213, -361.6875, -143.397674561], [1119.62109375, 1043.22473145, -82.9127044678, -217.644042969, 121.09161377, -16.5585308075, -8.31126499176, 21.5788879395, 16.1623401642, -48.8845291138, 98.1461334229, -40.4900054932, -22.7185688019], [-1786.81628418, -82.9127044678, 641.162780762, 161.868728638, 183.860031128, -11.2682132721, -44.6630058289, -76.6567382812, 17.5073604584, 43.181137085, 86.9881515503, 90.9802246094, -4.6784787178], [226.323867798, -217.644042969, 161.868728638, 560.117370605, 117.788795471, -19.7224636078, -23.2019615173, -13.4574966431, 8.94234657288, -19.5026130676, -76.2657394409, 59.0454330444, 61.9193992615], [-1214.63928223, 121.09161377, 183.860031128, 117.788795471, 375.186462402, 41.7103919983, 36.0334854126, 18.7626361847, 48.817779541, -10.1529216766, -1.51011276245, 34.2146835327, 37.8680801392], [249.266021729, -16.5585308075, -11.2682132721, -19.7224636078, 41.7103919983, 236.570281982, 133.012695312, 57.7444610596, 35.3114471436, 29.8759784698, -14.2272891998, -41.1379089355, -3.45492959023], [-328.364044189, -8.31126499176, -44.6630058289, -23.2019615173, 36.0334854126, 133.012695312, 259.905517578, 79.9193649292, 35.7641525269, -6.23150634766, -32.0351066589, -29.3065814972, -3.93284320831], [340.065612793, 21.5788879395, -76.6567382812, -13.4574966431, 18.7626361847, 57.7444610596, 79.9193649292, 164.674438477, 62.3035087585, 7.42531967163, -25.0343990326, -36.5175819397, 8.94481945038], [-292.65032959, 16.1623401642, 17.5073604584, 8.94234657288, 48.817779541, 35.3114471436, 35.7641525269, 62.3035087585, 134.754714966, 59.8124237061, 9.34109306335, -14.3586006165, 9.49586009979], [-33.6710662842, -48.8845291138, 43.181137085, -19.5026130676, -10.1529216766, 29.8759784698, -6.23150634766, 7.42531967163, 59.8124237061, 135.427932739, 66.4081954956, 2.1818151474, -6.35971975327], [-424.619293213, 98.1461334229, 86.9881515503, -76.2657394409, -1.51011276245, -14.2272891998, -32.0351066589, -25.0343990326, 9.34109306335, 66.4081954956, 184.660079956, 61.64635849, -17.8338565826], [-361.6875, -40.4900054932, 90.9802246094, 59.0454330444, 34.2146835327, -41.1379089355, -29.3065814972, -36.5175819397, -14.3586006165, 2.1818151474, 61.64635849, 122.957481384, 28.8624858856], [-143.397674561, -22.7185688019, -4.6784787178, 61.9193992615, 37.8680801392, -3.45492959023, -3.93284320831, 8.94481945038, 9.49586009979, -6.35971975327, -17.8338565826, 28.8624858856, 88.8050842285]], "icov": [[0.000301944324747, -0.000717285729479, 0.000555171165615, -0.000713108107448, 0.00105321197771, -0.000936473428737, 0.000914165459108, -0.000926378241275, 0.00102624495048, -0.00103361206129, 0.00110199209303, -0.000666339066811, 0.000732890388463], [-0.000717285729479, 0.00310025853105, -0.0010189859895, 0.0020661377348, -0.00326440436766, 0.00240299594589, -0.00202082493342, 0.0022487945389, -0.00283618224785, 0.0037086578086, -0.00410244613886, 0.00265553873032, -0.00180798873771], [0.000555171165615, -0.0010189859895, 0.00345890154131, -0.00180022488348, 0.00073804782005, -0.00182904920075, 0.00186531001236, -0.000772418396082, 0.00155109900516, -0.00205762055703, 0.00103510322515, -0.00185101514217, 0.00234399735928], [-0.000713108107448, 0.0020661377348, -0.00180022488348, 0.00428479677066, -0.00300538330339, 0.0023009062279, -0.00188263098244, 0.00210457248613, -0.00259083439596, 0.00240333913825, -0.00114703353029, 0.000471349252621, -0.00256401812658], [0.00105321197771, -0.00326440436766, 0.00073804782005, -0.00300538330339, 0.0078212544322, -0.00397870643064, 0.00291244289838, -0.00341218942776, 0.00233811326325, -0.00292065413669, 0.00450395327061, -0.00318309175782, 0.00146254512947], [-0.000936473428737, 0.00240299594589, -0.00182904920075, 0.0023009062279, -0.00397870643064, 0.00959730148315, -0.00593166798353, 0.00231674755923, -0.00259289517999, 0.00145790225361, -0.00360585609451, 0.00398113531992, -0.00266053201631], [0.000914165459108, -0.00202082493342, 0.00186531001236, -0.00188263098244, 0.00291244289838, -0.00593166798353, 0.00893788971007, -0.00452130753547, 0.00241364701651, -0.00192980316933, 0.00380925321952, -0.00276139285415, 0.00301480828784], [-0.000926378241275, 0.0022487945389, -0.000772418396082, 0.00210457248613, -0.00341218942776, 0.00231674755923, -0.00452130753547, 0.0121790422127, -0.00716573605314, 0.00428035249934, -0.003735674778, 0.00353716290556, -0.0031375286635], [0.00102624495048, -0.00283618224785, 0.00155109900516, -0.00259083439596, 0.00233811326325, -0.00259289517999, 0.00241364701651, -0.00716573605314, 0.0161849334836, -0.00972888339311, 0.00467797555029, -0.00153932615649, 0.00156285753474], [-0.00103361206129, 0.0037086578086, -0.00205762055703, 0.00240333913825, -0.00292065413669, 0.00145790225361, -0.00192980316933, 0.00428035249934, -0.00972888339311, 0.0174477379769, -0.00971038918942, 0.0047714356333, -0.0029298372101], [0.00110199209303, -0.00410244613886, 0.00103510322515, -0.00114703353029, 0.00450395327061, -0.00360585609451, 0.00380925321952, -0.003735674778, 0.00467797555029, -0.00971038918942, 0.016012692824, -0.00951112248003, 0.00517961103469], [-0.000666339066811, 0.00265553873032, -0.00185101514217, 0.000471349252621, -0.00318309175782, 0.00398113531992, -0.00276139285415, 0.00353716290556, -0.00153932615649, 0.0047714356333, -0.00951112248003, 0.0168719049543, -0.00667638843879], [0.000732890388463, -0.00180798873771, 0.00234399735928, -0.00256401812658, 0.00146254512947, -0.00266053201631, 0.00301480828784, -0.0031375286635, 0.00156285753474, -0.0029298372101, 0.00517961103469, -0.00667638843879, 0.0164482742548]], "mean": [-43.5688819885, 106.037849426, -85.0110549927, 8.00147438049, -70.7085800171, -0.72697520256, -41.8321037292, 3.4549176693, -24.3258781433, 3.12171077728, -6.22701978683, -2.58662819862, -10.5771312714]}, "hfc": {"dmean": 4.48759937286, "dmean2": 6.32146692276, "dvar": 183.046295166, "dvar2": 302.932525635, "max": 445.770385742, "mean": 16.0140647888, "median": 10.5670795441, "min": 1.07174053112e-16, "var": 590.761108398}, "melbands": {"dmean": [0.00015345288557, 0.000770860468037, 0.000464559532702, 0.000386274972698, 0.000304188957671, 0.000299278995954, 0.000424209196353, 0.000316847901559, 0.000195918706595, 0.000137854047352, 9.33188057388e-05, 6.63572645863e-05, 3.23745225614e-05, 2.2074642402e-05, 2.61352779489e-05, 1.31804517878e-05, 8.60777618072e-06, 6.2924455051e-06, 4.31469834439e-06, 3.27392308463e-06, 3.36849416271e-06, 2.31965373132e-06, 1.8323509039e-06, 1.75113177647e-06, 1.27883083678e-06, 1.13365092602e-06, 1.8942295128e-06, 2.38258144236e-06, 2.82189330392e-06, 2.01981629289e-06, 1.94325116354e-06, 1.93350592781e-06, 1.33960963922e-06, 9.74619752014e-07, 1.00154568372e-06, 1.38725124543e-06, 1.15101329357e-06, 7.31627721962e-07, 7.00877819781e-07, 5.42224142919e-07], "dmean2": [0.000239747343585, 0.00112766085658, 0.000731026404537, 0.00059743958991, 0.000469173857709, 0.000445422541816, 0.000653126044199, 0.000480232061818, 0.000304096320178, 0.00021647028916, 0.000143323588418, 0.000100301564089, 5.17251464771e-05, 3.60200283467e-05, 4.17059018218e-05, 2.08466353797e-05, 1.33234734676e-05, 9.60120996751e-06, 6.46013540972e-06, 4.94285359309e-06, 5.07054028276e-06, 3.57711110155e-06, 2.8826898415e-06, 2.70255554824e-06, 1.98665520657e-06, 1.75095908617e-06, 2.85694181912e-06, 3.58942884304e-06, 4.38320694229e-06, 3.03409137814e-06, 2.86637191493e-06, 2.76653963738e-06, 1.95881784748e-06, 1.41434577472e-06, 1.37568201808e-06, 2.05262267627e-06, 1.7588558876e-06, 1.08479378014e-06, 1.02124181467e-06, 7.82250197062e-07], "dvar": [1.40606530863e-07, 4.71626708531e-06, 1.13320220407e-06, 3.72617648736e-07, 2.50135229862e-07, 2.73068792467e-07, 5.00101009493e-07, 3.09699402123e-07, 1.44747502873e-07, 1.06791354426e-07, 7.30951086325e-08, 4.75952894874e-08, 8.45417424955e-09, 5.41318767588e-09, 3.17612025569e-09, 1.45082257319e-09, 9.2346746916e-10, 3.16734943828e-10, 2.02243138903e-10, 1.09393251402e-10, 1.2401166205e-10, 4.64146082679e-11, 3.2872406186e-11, 2.71559424253e-11, 2.14832561463e-11, 4.46799819365e-11, 1.92557303436e-10, 2.7685023718e-10, 8.15990774949e-10, 1.75618616871e-10, 2.09611245028e-10, 1.90840870884e-10, 8.02302252412e-11, 4.61693877574e-11, 5.38745333067e-11, 2.1963254826e-10, 9.76947620024e-11, 1.56208639773e-11, 1.26702676129e-11, 7.63763705058e-12], "dvar2": [3.18490975815e-07, 9.33557203098e-06, 2.72413467428e-06, 8.81984533407e-07, 6.21123263045e-07, 5.97042287609e-07, 1.17658623822e-06, 6.96995414273e-07, 3.58249934607e-07, 2.59344346887e-07, 1.70895773977e-07, 1.07025392992e-07, 2.15195754549e-08, 1.46303698045e-08, 7.7099731044e-09, 3.41930617154e-09, 2.45910269925e-09, 7.07701841574e-10, 4.10226602687e-10, 2.28365576449e-10, 2.73840033982e-10, 1.05651862259e-10, 8.30137000807e-11, 6.12288830748e-11, 4.89355361788e-11, 1.04799231793e-10, 4.76295058949e-10, 5.85822057531e-10, 2.34844077518e-09, 3.45972084315e-10, 4.52595960709e-10, 3.88093335246e-10, 1.68676211887e-10, 9.25564277998e-11, 9.86470072295e-11, 4.30677271623e-10, 2.20573337373e-10, 3.25685034497e-11, 2.35968744544e-11, 1.45860823419e-11], "max": [0.00936987623572, 0.0412359498441, 0.0169647019356, 0.0111692734063, 0.0109779248014, 0.0147349471226, 0.017930932343, 0.0129043841735, 0.00800527632236, 0.00878619402647, 0.00874186679721, 0.00786701403558, 0.00296794413589, 0.00292314309627, 0.00196313788183, 0.00115935783833, 0.000950639601797, 0.000387452135328, 0.000698881514836, 0.000460765673779, 0.000497931439895, 0.000232377104112, 0.000191199636902, 0.000184485834325, 0.000168007667526, 0.000319843296893, 0.000786384509411, 0.00107326707803, 0.00197893800214, 0.000647259294055, 0.00075689482037, 0.000740196031984, 0.000317649857607, 0.000275534635875, 0.000426654645707, 0.000933144125156, 0.00048632977996, 0.000105775048723, 0.000141666620038, 7.33655469958e-05], "mean": [0.000449068320449, 0.00168899574783, 0.00100041914266, 0.000960445147939, 0.000711269269232, 0.000751892861445, 0.000989772728644, 0.000653014401905, 0.000408078369219, 0.000270762917353, 0.000212176077184, 0.000149828323629, 5.9559737565e-05, 3.64812913176e-05, 4.50483785244e-05, 2.3704034902e-05, 1.59425380843e-05, 1.1049931345e-05, 7.62077388572e-06, 5.92629339735e-06, 6.19299635218e-06, 4.54120799986e-06, 3.56809482582e-06, 3.58551346835e-06, 2.6646216611e-06, 1.87473665392e-06, 2.76184891845e-06, 3.84952772947e-06, 4.10793745687e-06, 3.07974232783e-06, 2.86903582492e-06, 2.78602601611e-06, 1.94761878447e-06, 1.47045727772e-06, 1.51994822772e-06, 1.85940166375e-06, 1.4822248886e-06, 1.08031235868e-06, 1.1027839264e-06, 8.15222961137e-07], "median": [0.000148971419549, 0.000295972859021, 0.000371142465156, 0.00050349754747, 0.00045743046212, 0.000421007571276, 0.000538371037692, 0.000304888031678, 0.000105495259049, 3.83637852792e-05, 2.05691940209e-05, 1.79988310265e-05, 1.4621680748e-05, 1.07094510895e-05, 2.01355796889e-05, 6.45542559141e-06, 3.11335134029e-06, 2.37510266743e-06, 2.16007629206e-06, 1.65022754572e-06, 1.58216016644e-06, 1.39202052196e-06, 1.26749614537e-06, 1.2173416053e-06, 8.6284956069e-07, 6.95758444635e-07, 6.51391474094e-07, 6.32893375041e-07, 5.92018409407e-07, 3.54215501375e-07, 2.477941905e-07, 1.86902454402e-07, 1.74906091388e-07, 1.54416355258e-07, 1.93124293446e-07, 1.66115427191e-07, 1.4975667284e-07, 1.68418978319e-07, 1.81838956337e-07, 1.24977901805e-07], "min": [1.44030431151e-24, 6.18399600693e-25, 1.40402252772e-24, 1.12298954834e-24, 1.9245973611e-24, 1.15920861769e-24, 1.93016533859e-24, 1.56353769694e-24, 2.49793318398e-24, 1.92152218408e-24, 1.2191571161e-24, 2.11006132093e-24, 3.0565662173e-24, 3.64185131074e-24, 2.79544201641e-24, 3.07960253346e-24, 1.63295479419e-24, 3.87203382313e-24, 3.28925001041e-24, 1.96922637796e-24, 4.11236424221e-24, 3.30012958559e-24, 4.4957163267e-24, 4.32283548717e-24, 3.42653369881e-24, 4.63105882563e-24, 4.84337166637e-24, 4.7543420079e-24, 4.35820919345e-24, 5.30413112161e-24, 5.82526012978e-24, 6.00077773689e-24, 4.98050527398e-24, 5.31064001294e-24, 4.90621587595e-24, 5.81566758117e-24, 5.55681786348e-24, 6.65027965788e-24, 6.14357339364e-24, 5.64457863919e-24], "var": [5.04450554217e-07, 1.79438338819e-05, 3.52021652361e-06, 1.64443690664e-06, 6.77266257298e-07, 9.76727619673e-07, 1.98915518013e-06, 8.95799416867e-07, 4.31657781519e-07, 2.92194130225e-07, 3.46599392742e-07, 2.32895857266e-07, 2.12709654335e-08, 1.19139036414e-08, 6.73345645907e-09, 3.53668205832e-09, 2.21730811489e-09, 8.21390233607e-10, 6.00961280739e-10, 3.04536729168e-10, 4.00199595685e-10, 1.34134078844e-10, 6.8785414864e-11, 5.82423831386e-11, 4.33234940977e-11, 5.11241708689e-11, 2.29464641732e-10, 4.8845977263e-10, 1.00283370497e-09, 4.23071355726e-10, 4.41948311281e-10, 3.76931874602e-10, 1.63701094347e-10, 9.6297539387e-11, 1.0757017499e-10, 3.00402813735e-10, 1.3027952328e-10, 3.06149793017e-11, 2.92240814881e-11, 1.60176993197e-11]}, "melbands_crest": {"dmean": 2.66870307922, "dmean2": 4.20837116241, "dvar": 5.79224395752, "dvar2": 13.9362564087, "max": 40, "mean": 13.5517854691, "median": 12.6447515488, "min": 1.66796779633, "var": 25.9236164093}, "melbands_flatness_db": {"dmean": 0.0218679029495, "dmean2": 0.031460814178, "dvar": 0.000643396226224, "dvar2": 0.00118814152665, "max": 1, "mean": 0.263500124216, "median": 0.26020359993, "min": 0.00329122692347, "var": 0.00533026037738}, "melbands_kurtosis": {"dmean": 5679637, "dmean2": 10466506, "dvar": 95796359319300000, "dvar2": 177628096332000000, "max": 22374447104, "mean": 12508751, "median": 11.0588684082, "min": -1.88710820675, "var": 252068108729000000}, "melbands_skewness": {"dmean": 25.0231723785, "dmean2": 47.1277351379, "dvar": 1761554.75, "dvar2": 3439989, "max": 92093.625, "mean": 56.4073944092, "median": 1.98637270927, "min": -1.55731391907, "var": 4596713}, "melbands_spread": {"dmean": 3.71271467209, "dmean2": 5.48233318329, "dvar": 106.396736145, "dvar2": 192.30921936, "max": 215.124938965, "mean": 12.56391716, "median": 8.11783218384, "min": 1.0928236982e-08, "var": 401.968170166}, "mfcc": {"cov": [[7439.54638672, 254.097305298, -228.699584961, -97.2999343872, -397.027496338, -152.919021606, 34.8987770081, 80.2734451294, 373.364593506, 291.951599121, 86.3833999634, -161.357940674, -158.732437134], [254.097305298, 1388.36779785, -57.2813224792, -183.476165771, 91.8581848145, -92.0069198608, 64.5892105103, 7.2601518631, -103.218994141, 18.6668701172, 26.0389785767, 77.7835083008, 23.7583599091], [-228.699584961, -57.2813224792, 431.402709961, 128.236053467, 71.5667114258, 62.822479248, -11.0071086884, -45.4094810486, -72.3728713989, -75.1528244019, -20.1213817596, 80.4698791504, 50.7476615906], [-97.2999343872, -183.476165771, 128.236053467, 494.106262207, 186.655349731, 56.0131492615, -46.6091003418, 20.9236488342, 41.4483718872, -109.065818787, -77.2330169678, 8.08989238739, 21.0307502747], [-397.027496338, 91.8581848145, 71.5667114258, 186.655349731, 336.356231689, 50.2532730103, -20.3621311188, -16.0230312347, 24.3770046234, -57.7721977234, -35.5858802795, 46.1830749512, 40.9934577942], [-152.919021606, -92.0069198608, 62.822479248, 56.0131492615, 50.2532730103, 205.040969849, 55.927230835, 27.2510490417, 41.0396347046, 19.6241989136, 5.22062921524, -3.6382920742, 10.3249731064], [34.8987770081, 64.5892105103, -11.0071086884, -46.6091003418, -20.3621311188, 55.927230835, 158.134063721, 72.9781723022, 21.3893985748, 39.8750495911, 24.4897460938, -11.1260328293, -2.15002703667], [80.2734451294, 7.2601518631, -45.4094810486, 20.9236488342, -16.0230312347, 27.2510490417, 72.9781723022, 172.121231079, 75.8375854492, 30.6267204285, 7.87660455704, -39.0097007751, -10.6813850403], [373.364593506, -103.218994141, -72.3728713989, 41.4483718872, 24.3770046234, 41.0396347046, 21.3893985748, 75.8375854492, 230.224960327, 95.9249801636, 17.574508667, -52.915473938, -11.9275074005], [291.951599121, 18.6668701172, -75.1528244019, -109.065818787, -57.7721977234, 19.6241989136, 39.8750495911, 30.6267204285, 95.9249801636, 197.988723755, 71.4456176758, -29.1398086548, -16.9154262543], [86.3833999634, 26.0389785767, -20.1213817596, -77.2330169678, -35.5858802795, 5.22062921524, 24.4897460938, 7.87660455704, 17.574508667, 71.4456176758, 125.700614929, 36.1524848938, 1.93748247623], [-161.357940674, 77.7835083008, 80.4698791504, 8.08989238739, 46.1830749512, -3.6382920742, -11.1260328293, -39.0097007751, -52.915473938, -29.1398086548, 36.1524848938, 167.20866394, 64.8994293213], [-158.732437134, 23.7583599091, 50.7476615906, 21.0307502747, 40.9934577942, 10.3249731064, -2.15002703667, -10.6813850403, -11.9275074005, -16.9154262543, 1.93748247623, 64.8994293213, 100.61101532]], "icov": [[0.000176169385668, -8.55642210809e-05, -3.01522268273e-05, -0.000112821791845, 0.000277725135675, 0.000129944804939, -3.9142814785e-05, 0.000133275956614, -0.000367521541193, -7.44268982089e-05, -1.10480950752e-05, -1.02250151031e-05, 0.000174481814611], [-8.55642210809e-05, 0.000973909569439, 0.000116497067211, 0.000449505692814, -0.00077478174353, 0.000439376075519, -0.000415933609474, -0.000340278580552, 0.000700465112459, -0.000259473978076, 0.000165307472344, -0.000342718762113, -3.48125504388e-05], [-3.01522268273e-05, 0.000116497067211, 0.00314541300759, -0.000650431960821, -1.9749506464e-05, -0.0009556543082, -0.000163733071531, 0.000440608069766, 0.000882702879608, 0.000240954948822, 0.000165835386724, -0.000966412655544, -0.000610903196502], [-0.000112821791845, 0.000449505692814, -0.000650431960821, 0.00364916375838, -0.0017056541983, -0.000400319113396, 0.000884103064891, -0.00108441058546, -0.000616657664068, 0.00139957189094, 0.000870678923093, -0.000104776736407, 0.000133973691845], [0.000277725135675, -0.00077478174353, -1.9749506464e-05, -0.0017056541983, 0.00509305298328, -0.000807692587841, 0.000145312544191, 0.001081731054, -0.0017642301973, 0.000630455499049, 0.000421519449446, -0.000792421516962, -0.000486806529807], [0.000129944804939, 0.000439376075519, -0.0009556543082, -0.000400319113396, -0.000807692587841, 0.00670838635415, -0.00264922832139, 0.000267999304924, -0.000795700121671, -0.000740581366699, -0.000161512594786, 0.000380048848456, -0.000181424111361], [-3.9142814785e-05, -0.000415933609474, -0.000163733071531, 0.000884103064891, 0.000145312544191, -0.00264922832139, 0.00973104219884, -0.00403019879013, 0.000926276261453, -0.000720894022379, -0.000629997870419, 0.000177391411853, -0.000186693490832], [0.000133275956614, -0.000340278580552, 0.000440608069766, -0.00108441058546, 0.001081731054, 0.000267999304924, -0.00403019879013, 0.00917256064713, -0.00290140439756, 0.000815045961645, -0.000485983851831, 0.00111316295806, -0.000201133778319], [-0.000367521541193, 0.000700465112459, 0.000882702879608, -0.000616657664068, -0.0017642301973, -0.000795700121671, 0.000926276261453, -0.00290140439756, 0.00865539629012, -0.0038054313045, 2.16077842197e-05, 0.00121916399803, -0.00094985566102], [-7.44268982089e-05, -0.000259473978076, 0.000240954948822, 0.00139957189094, 0.000630455499049, -0.000740581366699, -0.000720894022379, 0.000815045961645, -0.0038054313045, 0.00982677284628, -0.00411117682233, 0.00125729793217, -0.000110835426312], [-1.10480950752e-05, 0.000165307472344, 0.000165835386724, 0.000870678923093, 0.000421519449446, -0.000161512594786, -0.000629997870419, -0.000485983851831, 2.16077842197e-05, -0.00411117682233, 0.0123457806185, -0.00439361762255, 0.00136539351661], [-1.02250151031e-05, -0.000342718762113, -0.000966412655544, -0.000104776736407, -0.000792421516962, 0.000380048848456, 0.000177391411853, 0.00111316295806, 0.00121916399803, 0.00125729793217, -0.00439361762255, 0.010808554478, -0.00555157288909], [0.000174481814611, -3.48125504388e-05, -0.000610903196502, 0.000133973691845, -0.000486806529807, -0.000181424111361, -0.000186693490832, -0.000201133778319, -0.00094985566102, -0.000110835426312, 0.00136539351661, -0.00555157288909, 0.0141180455685]], "mean": [-691.707214355, 146.582901001, 27.985168457, 10.374745369, -4.651450634, -10.1431999207, -3.29695868492, -8.63725757599, -9.21658420563, -4.54503774643, -3.3906879425, 5.71832990646, 0.815997838974]}, "pitch_salience": {"dmean": 0.0596391260624, "dmean2": 0.0952102020383, "dvar": 0.00290970597416, "dvar2": 0.00721901049837, "max": 0.863839924335, "mean": 0.574096739292, "median": 0.586422920227, "min": 1.39440744533e-05, "var": 0.0130784763023}, "silence_rate_20dB": {"dmean": 0, "dmean2": 0, "dvar": 0, "dvar2": 0, "max": 1, "mean": 1, "median": 1, "min": 1, "var": 0}, "silence_rate_30dB": {"dmean": 0.00896079652011, "dmean2": 0.0179238244891, "dvar": 0.00888074096292, "dvar2": 0.0213363710791, "max": 1, "mean": 0.991538107395, "median": 1, "min": 0, "var": 0.00839044526219}, "silence_rate_60dB": {"dmean": 0.0134411947802, "dmean2": 0.026885734871, "dvar": 0.0132618127391, "dvar2": 0.0303913578391, "max": 1, "mean": 0.0540069676936, "median": 0, "min": 0, "var": 0.051088090986}, "spectral_centroid": {"dmean": 127.226318359, "dmean2": 184.461746216, "dvar": 100789.101562, "dvar2": 167053.15625, "max": 11545.4404297, "mean": 790.405395508, "median": 568.291625977, "min": 132.48626709, "var": 1155768}, "spectral_complexity": {"dmean": 1.84492838383, "dmean2": 2.9377644062, "dvar": 4.37800216675, "dvar2": 9.10966300964, "max": 44, "mean": 11.7249879837, "median": 11, "min": 0, "var": 26.7793827057}, "spectral_contrast_coeffs": {"dmean": [0.0449500344694, 0.0426123067737, 0.0341128148139, 0.0281831715256, 0.0191821083426, 0.0145270517096], "dmean2": [0.0730997845531, 0.0692993327975, 0.0552262589335, 0.0460021793842, 0.0303424783051, 0.0229534152895], "dvar": [0.00137409043964, 0.00121070386376, 0.00075033295434, 0.000521395297255, 0.00030008261092, 0.000186316799955], "dvar2": [0.00355565547943, 0.00315966899507, 0.00189057399984, 0.00134944717865, 0.000662808655761, 0.000422033743234], "max": [-0.269939541817, -0.411886394024, -0.44818007946, -0.59749007225, -0.467696160078, -0.647486329079], "mean": [-0.594678282738, -0.649135351181, -0.744137048721, -0.763652861118, -0.79834318161, -0.808853626251], "median": [-0.596168935299, -0.647047400475, -0.754055261612, -0.762843489647, -0.798549294472, -0.810154080391], "min": [-0.977827608585, -0.999339818954, -0.997556209564, -0.994373083115, -0.987858653069, -0.964440047741], "var": [0.0111090280116, 0.00711504509673, 0.00614992156625, 0.00275709223934, 0.00172576203477, 0.00143975531682]}, "spectral_contrast_valleys": {"dmean": [0.358125925064, 0.308898955584, 0.276551663876, 0.247117757797, 0.21314740181, 0.236293897033], "dmean2": [0.601204812527, 0.498591214418, 0.452702224255, 0.388675332069, 0.315476685762, 0.325737804174], "dvar": [0.134340390563, 0.101721003652, 0.0886368602514, 0.0824433714151, 0.089765034616, 0.120072253048], "dvar2": [0.296926170588, 0.216326385736, 0.184057876468, 0.157420799136, 0.154849350452, 0.192709207535], "max": [-5.51362848282, -4.59739303589, -5.43036794662, -6.38192558289, -5.54260015488, -6.91727542877], "mean": [-7.78507423401, -6.83435153961, -7.98505067825, -8.69371795654, -8.63393211365, -10.6491670609], "median": [-7.4719285965, -6.52917861938, -7.75336265564, -8.4164390564, -8.34544181824, -10.4509840012], "min": [-28.277507782, -28.1797828674, -27.9961795807, -27.5826320648, -27.4931373596, -27.4192028046], "var": [4.42818832397, 4.80761957169, 4.34832859039, 4.00451946259, 4.04482746124, 3.44241333008]}, "spectral_decrease": {"dmean": 1.63893110194e-09, "dmean2": 2.4621913397e-09, "dvar": 5.13065351022e-18, "dvar2": 1.0948005068e-17, "max": 2.64720876415e-28, "mean": -7.19439130492e-09, "median": -5.81893910834e-09, "min": -4.30984137267e-08, "var": 3.14487087488e-17}, "spectral_energy": {"dmean": 0.00649080891162, "dmean2": 0.00973272509873, "dvar": 7.7596596384e-05, "dvar2": 0.000166201280081, "max": 0.165512889624, "mean": 0.0286057665944, "median": 0.0232781171799, "min": 1.01097780206e-20, "var": 0.000486100645503}, "spectral_energyband_high": {"dmean": 0.000346409069607, "dmean2": 0.000456706271507, "dvar": 3.7899687868e-06, "dvar2": 6.24644189884e-06, "max": 0.0734067857265, "mean": 0.000619049009401, "median": 0.000101950776298, "min": 7.18801938512e-21, "var": 1.06023444459e-05}, "spectral_energyband_low": {"dmean": 0.00294517283328, "dmean2": 0.00438076118007, "dvar": 6.19656202616e-05, "dvar2": 0.000131320877699, "max": 0.138039112091, "mean": 0.00706397695467, "median": 0.00191199430265, "min": 8.57377813574e-24, "var": 0.000232634440181}, "spectral_energyband_middle_high": {"dmean": 0.00100300554186, "dmean2": 0.00150185311213, "dvar": 4.90241882289e-06, "dvar2": 1.10760502139e-05, "max": 0.0673068165779, "mean": 0.00312867644243, "median": 0.00115297350567, "min": 1.10741803439e-21, "var": 3.81933678e-05}, "spectral_energyband_middle_low": {"dmean": 0.00467196013778, "dmean2": 0.00713649112731, "dvar": 3.02844982798e-05, "dvar2": 6.91275490681e-05, "max": 0.106969036162, "mean": 0.0186880938709, "median": 0.0163958780468, "min": 1.72266395772e-22, "var": 0.000178815753316}, "spectral_entropy": {"dmean": 0.178632169962, "dmean2": 0.255892693996, "dvar": 0.0394768677652, "dvar2": 0.0706612244248, "max": 9.82117652893, "mean": 6.93770170212, "median": 6.94758081436, "min": 4.97904968262, "var": 0.389343202114}, "spectral_flux": {"dmean": 0.0175229329616, "dmean2": 0.0292475577444, "dvar": 0.00034832872916, "dvar2": 0.000948887551203, "max": 0.24693749845, "mean": 0.0654317513108, "median": 0.0602354705334, "min": 6.46836265106e-11, "var": 0.00124946713913}, "spectral_kurtosis": {"dmean": 2.13009905815, "dmean2": 3.40997123718, "dvar": 6.20920753479, "dvar2": 14.4235601425, "max": 55.0421218872, "mean": 8.35327148438, "median": 7.19583177567, "min": -1.26527571678, "var": 32.4717140198}, "spectral_rms": {"dmean": 0.000565469264984, "dmean2": 0.000840704829898, "dvar": 3.61553219363e-07, "dvar2": 7.50253434489e-07, "max": 0.0127073209733, "mean": 0.00488056568429, "median": 0.00476553849876, "min": 3.14057287121e-12, "var": 4.08808136854e-06}, "spectral_rolloff": {"dmean": 224.026062012, "dmean2": 365.342163086, "dvar": 690112.0625, "dvar2": 1289273.125, "max": 19875.1464844, "mean": 978.124023438, "median": 538.330078125, "min": 21.533203125, "var": 4304290.5}, "spectral_skewness": {"dmean": 0.259560704231, "dmean2": 0.392688930035, "dvar": 0.0792457684875, "dvar2": 0.150580510497, "max": 6.12003469467, "mean": 2.33375740051, "median": 2.3025124073, "min": -0.0716739818454, "var": 0.6824477911}, "spectral_spread": {"dmean": 540035.875, "dmean2": 805672.5625, "dvar": 1040219439100.0, "dvar2": 1923597991940.0, "max": 50571116, "mean": 4818287.5, "median": 4261854.5, "min": 1776152.375, "var": 14185193799700.0}, "spectral_strongpeak": {"dmean":