{"lowlevel": {"average_loudness": 0.878130733967, "barkbands": {"dmean": [5.94336233917e-05, 0.00543800834566, 0.00557636003941, 0.00299067259766, 0.00234744255431, 0.00103135756217, 0.00085292942822, 0.000825065304525, 0.000678895274177, 0.00047338186414, 0.000535253493581, 0.000293365475954, 0.000301457272144, 0.00016766229237, 0.000173296430148, 0.000137301292852, 0.000139037598274, 6.51620575809e-05, 0.00010058265616, 7.0997281e-05, 7.54267821321e-05, 0.00014541616838, 0.000148437145981, 9.74464492174e-05, 8.18672051537e-05, 9.73799396888e-05, 4.40668409283e-05], "dmean2": [8.01586502348e-05, 0.00915447156876, 0.0101661682129, 0.00495674740523, 0.00383674749173, 0.00160962203518, 0.00131563807372, 0.00125493144151, 0.00106814876199, 0.000722323253285, 0.000810644298326, 0.000457272282802, 0.000470106606372, 0.000265958078671, 0.000275911996141, 0.000219564710278, 0.00022405674099, 0.000103956954263, 0.000159850154887, 0.000108278705738, 0.000108734813693, 0.000201790317078, 0.000199075599085, 0.000134263260406, 0.000110331719043, 0.000132838802529, 6.00531602686e-05], "dvar": [1.83733543935e-08, 0.000180146249477, 0.000215401363675, 0.000118401156215, 3.18646852975e-05, 4.69255928692e-06, 2.70511031886e-06, 4.17763521909e-06, 6.32278261037e-06, 4.21651429861e-06, 5.1817169151e-06, 8.777639664e-07, 1.28624355966e-06, 2.07510609584e-07, 1.42567543548e-07, 5.81788377474e-08, 5.53822800953e-08, 1.36759634728e-08, 3.62052645642e-08, 2.66353872291e-08, 6.26137364179e-08, 5.52237054308e-07, 4.93533434565e-07, 1.17536956168e-07, 5.47690426345e-08, 1.11133097391e-07, 2.40414141928e-08], "dvar2": [3.49698261459e-08, 0.000459845818114, 0.000608164118603, 0.000293832854368, 8.2784332335e-05, 1.0931579709e-05, 6.60374007566e-06, 9.95446680463e-06, 1.53846849571e-05, 9.30592705117e-06, 1.18726638902e-05, 2.17703382077e-06, 2.88323371933e-06, 5.19161403645e-07, 3.48191349531e-07, 1.47753496549e-07, 1.36867484457e-07, 3.10058752007e-08, 8.785134753e-08, 6.03096097507e-08, 1.24872840956e-07, 1.06421907731e-06, 8.67901405854e-07, 2.19156333969e-07, 1.05458482835e-07, 2.14111750552e-07, 4.47941843618e-08], "max": [0.00216917390935, 0.16112780571, 0.143057629466, 0.24195677042, 0.0971278622746, 0.0548190586269, 0.0275841839612, 0.0533246845007, 0.0701835379004, 0.0744461938739, 0.0741484761238, 0.0270973108709, 0.0417404770851, 0.0168071184307, 0.00859265588224, 0.00378938042559, 0.0051277265884, 0.00315103330649, 0.00435404246673, 0.00387087254785, 0.00821117777377, 0.0306197553873, 0.0216423999518, 0.0108442436904, 0.00453290436417, 0.00573291769251, 0.00313844508491], "mean": [6.52282760711e-05, 0.00487694703043, 0.0047286930494, 0.00326999393292, 0.00407914537936, 0.00193251413293, 0.00168331235182, 0.00144150294363, 0.000914274132811, 0.00069849845022, 0.000824569200631, 0.000449020037195, 0.000495686253998, 0.000265782669885, 0.000287577306153, 0.000245082599577, 0.000252216501394, 0.000132993023726, 0.000212863247725, 0.000151214961079, 0.000157377129653, 0.000260315166088, 0.000260140252067, 0.000188194884686, 0.000144309335155, 0.000127531340695, 4.79373520648e-05], "median": [8.02864815341e-06, 0.0011468041921, 0.0012369180331, 0.000840274034999, 0.00248427665792, 0.00100853620097, 0.00088187365327, 0.000673819740769, 0.000223064605962, 0.000168930389918, 0.000145925412653, 0.000169845530763, 0.000113793073979, 0.000100218247098, 0.000123253936181, 0.000111102090159, 0.000131600900204, 7.44056960684e-05, 9.93564535747e-05, 6.64077379042e-05, 5.01626054756e-05, 4.2773772293e-05, 3.43108040397e-05, 5.06338365085e-05, 3.80136043532e-05, 2.01475013455e-05, 1.97452413886e-06], "min": [3.28088828203e-25, 4.58208969329e-25, 5.75642353554e-25, 6.63559915365e-25, 1.15870027572e-23, 1.10973157726e-23, 3.47933965338e-24, 3.70571038988e-24, 1.73914326203e-23, 1.60728768608e-23, 1.56189946949e-23, 2.49121816329e-23, 3.96786275263e-23, 3.99562055908e-23, 4.98657910852e-23, 4.41025342393e-23, 6.96943779178e-23, 7.04250776862e-23, 1.15460585096e-22, 1.56979243306e-22, 2.41770999e-22, 2.96361385332e-22, 3.82792444474e-22, 5.38543197847e-22, 8.29475453103e-22, 1.29156820949e-21, 1.95396862791e-21], "var": [2.50698128923e-08, 0.000144102581544, 0.000140893636853, 0.000101196317701, 4.22731354774e-05, 9.16976750887e-06, 5.92902370045e-06, 7.70498172642e-06, 8.96008896234e-06, 6.68424081596e-06, 1.05263879959e-05, 1.19729713788e-06, 2.91584115075e-06, 3.32495517341e-07, 2.51837008136e-07, 1.26758266106e-07, 1.29620843836e-07, 3.5198283399e-08, 1.01913293804e-07, 6.8083764404e-08, 1.78031910991e-07, 1.57859710725e-06, 1.33384310175e-06, 2.84195550648e-07, 1.21279740029e-07, 1.61099222851e-07, 3.4442678043e-08]}, "barkbands_crest": {"dmean": 2.42560148239, "dmean2": 3.9377117157, "dvar": 5.63920736313, "dvar2": 13.4747400284, "max": 24.1575241089, "mean": 8.95548629761, "median": 8.16728401184, "min": 2.24458050728, "var": 12.7101383209}, "barkbands_flatness_db": {"dmean": 0.0216533113271, "dmean2": 0.0324054658413, "dvar": 0.000476381566841, "dvar2": 0.00119016715325, "max": 0.364479720592, "mean": 0.12195045501, "median": 0.111413635314, "min": 0.0177612118423, "var": 0.00261259684339}, "barkbands_kurtosis": {"dmean": 4.05842113495, "dmean2": 6.61023330688, "dvar": 63.2924423218, "dvar2": 167.147598267, "max": 133.338272095, "mean": 5.71786165237, "median": 3.48487782478, "min": -1.91157817841, "var": 70.3861846924}, "barkbands_skewness": {"dmean": 0.62001824379, "dmean2": 0.943180441856, "dvar": 0.598446786404, "dvar2": 1.42574214935, "max": 9.42905712128, "mean": 1.79760324955, "median": 1.71868872643, "min": -3.51042842865, "var": 1.57291829586}, "barkbands_spread": {"dmean": 6.01120615005, "dmean2": 8.81313037872, "dvar": 60.0223274231, "dvar2": 115.706108093, "max": 130.218185425, "mean": 21.7607326508, "median": 18.4127731323, "min": 1.68095219135, "var": 238.712631226}, "dissonance": {"dmean": 0.016024844721, "dmean2": 0.0262834131718, "dvar": 0.000261226436123, "dvar2": 0.000694333517458, "max": 0.500000059605, "mean": 0.457702308893, "median": 0.464231163263, "min": 0.235987335443, "var": 0.000837639498059}, "dynamic_complexity": 3.8238735199, "erbbands": {"dmean": [0.104008801281, 1.47103619576, 5.77049779892, 8.56435394287, 7.93462705612, 8.49422073364, 8.98387527466, 8.28472995758, 10.7420558929, 14.7289409637, 18.37733078, 16.5044555664, 13.4389219284, 16.7342815399, 19.7987442017, 11.384180069, 13.2245769501, 9.83038139343, 8.59663200378, 7.47397089005, 7.06506872177, 5.74746084213, 3.60230350494, 4.0048661232, 5.21320867538, 3.08385658264, 2.78452253342, 3.68957996368, 5.36715841293, 4.931391716, 4.11348676682, 2.22353315353, 1.65202963352, 0.985120236874, 0.569578945637, 0.360801517963, 0.188366934657, 0.0598474107683, 0.0075595038943, 0.000320807739627], "dmean2": [0.161592260003, 2.56336355209, 10.5296230316, 14.506029129, 13.2137851715, 13.7609596252, 13.7823400497, 13.0084028244, 16.5436935425, 22.6304264069, 28.0343914032, 25.9252872467, 20.6339988708, 24.9589710236, 30.2799530029, 17.8351230621, 20.3668632507, 15.3383674622, 13.4834251404, 11.9934329987, 11.2203836441, 9.2692565918, 5.77031898499, 6.31758832932, 8.10024833679, 4.6196346283, 4.19418668747, 5.21027374268, 7.598777771, 6.79239320755, 5.63039875031, 3.05991339684, 2.29994297028, 1.34623134136, 0.777530968189, 0.493944942951, 0.260443001986, 0.0827982574701, 0.0102445995435, 0.000431063614087], "dvar": [0.066264308989, 13.7791500092, 231.363311768, 612.292419434, 687.353759766, 428.693695068, 394.830047607, 364.435394287, 414.696228027, 1102.05603027, 2429.10888672, 3748.33886719, 4546.74853516, 4480.01074219, 7192.25878906, 1012.6918335, 2340.78710938, 713.801147461, 435.657684326, 192.213424683, 161.738967896, 84.9669189453, 42.3080329895, 58.3233985901, 116.33417511, 43.2541236877, 95.7647018433, 195.230133057, 753.820373535, 803.304077148, 363.615692139, 74.7757263184, 30.0482406616, 8.40914058685, 2.77556157112, 1.28178083897, 0.429548531771, 0.0536196194589, 0.000656796328258, 9.91984506982e-07], "dvar2": [0.153113856912, 36.3653373718, 653.239624023, 1540.18725586, 1746.74121094, 1036.81018066, 915.198608398, 855.325134277, 988.267700195, 2786.67041016, 5729.05224609, 9301.82128906, 10094.6660156, 9810.12207031, 17568.0390625, 2562.65380859, 5227.72265625, 1737.53515625, 1053.14978027, 490.477539063, 413.242340088, 212.001068115, 103.222389221, 136.759063721, 275.548492432, 96.7601165771, 226.4347229, 374.982452393, 1505.09753418, 1584.70983887, 654.090637207, 145.44078064, 55.1226654053, 16.4172916412, 5.4575843811, 2.5227856636, 0.832201302052, 0.103714257479, 0.00120040588081, 1.79937865141e-06], "max": [3.55627322197, 42.2121009827, 121.685310364, 479.756378174, 539.610168457, 566.593688965, 400.925537109, 618.565307617, 600.829162598, 770.840698242, 1533.80847168, 1985.68615723, 2708.15161133, 2548.30249023, 2598.31347656, 1191.87158203, 1586.16113281, 835.160949707, 587.817565918, 380.608642578, 246.16835022, 167.252716064, 204.713195801, 183.845321655, 317.306396484, 181.041122437, 387.210876465, 381.90322876, 1201.21069336, 1160.88513184, 541.998352051, 248.375839233, 181.676544189, 66.0621185303, 29.8155097961, 19.214012146, 10.1823043823, 4.23228740692, 0.468133032322, 0.0161866191775], "mean": [0.0960414558649, 1.2803337574, 5.04287338257, 8.88095378876, 11.4870100021, 14.0351800919, 16.1547985077, 15.2871818542, 22.1624279022, 26.8677749634, 32.1875495911, 23.4231777191, 19.0933189392, 26.9117183685, 32.091796875, 19.5926246643, 23.1401996613, 16.5886669159, 14.8946199417, 14.1847448349, 14.215970993, 11.458073616, 7.83662748337, 8.54261302948, 11.367310524, 7.06819868088, 5.85550546646, 7.35188245773, 9.55553531647, 8.59543800354, 7.17230987549, 4.10738325119, 3.14892196655, 1.74510478973, 0.958988547325, 0.535090446472, 0.228295892477, 0.0666418746114, 0.00831426400691, 0.000370958267013], "median": [0.012733079493, 0.324815064669, 1.46015024185, 2.37219333649, 6.25924539566, 6.81327199936, 7.71229505539, 7.89469957352, 12.1663570404, 13.6724567413, 15.2094497681, 7.04666519165, 5.12411212921, 5.80823898315, 6.63548564911, 7.81813240051, 6.31109046936, 6.36671590805, 6.1654510498, 7.73424196243, 6.98462438583, 6.72354269028, 4.54507923126, 4.60261297226, 4.83674669266, 3.30442333221, 2.16123390198, 2.04284358025, 1.62204301357, 1.03817725182, 1.04308140278, 0.942456841469, 0.868732690811, 0.477117478848, 0.2254999578, 0.110741429031, 0.0289507713169, 0.00438228761777, 0.000356132892193, 4.26539627369e-05], "min": [2.9934538739e-23, 1.66366385155e-22, 1.17769718543e-21, 4.29663540334e-21, 1.79511860791e-20, 2.8853342542e-20, 3.25254783933e-20, 9.015504181e-20, 5.15038450786e-20, 1.27082394145e-19, 2.20907345527e-19, 3.88670327101e-19, 5.96683167649e-19, 6.38609333984e-19, 7.10242037658e-19, 1.35018892269e-18, 1.69628780503e-18, 2.39671570661e-18, 2.40236204147e-18, 2.55698505222e-18, 3.59602750596e-18, 4.78753278828e-18, 4.53655667785e-18, 3.89229175492e-18, 7.08108294248e-18, 7.46052557871e-18, 8.64333926074e-18, 8.61993501249e-18, 1.023456758e-17, 1.0201244609e-17, 1.06430698983e-17, 1.00370815174e-17, 1.0047690936e-17, 7.45161022607e-18, 5.83554663614e-18, 3.82827872886e-18, 2.27768669121e-18, 1.0599887348e-18, 2.51393448894e-19, 2.7923562453e-20], "var": [0.063820771873, 10.0778875351, 150.010238647, 514.991027832, 603.785705566, 729.512451172, 781.840759277, 700.828613281, 988.606933594, 1896.64892578, 4668.26074219, 5348.12939453, 6316.83447266, 9113.42578125, 14361.859375, 1676.0579834, 5567.41699219, 1246.82067871, 768.570739746, 380.336212158, 378.086669922, 204.105270386, 107.163970947, 154.270202637, 361.249725342, 127.258872986, 181.530014038, 577.29119873, 2113.35717773, 1945.29602051, 944.250427246, 173.125549316, 72.3856582642, 18.7478923798, 5.68813180923, 2.07386398315, 0.602320432663, 0.0721989274025, 0.000975138042122, 1.5074347175e-06]}, "erbbands_crest": {"dmean": 2.35240912437, "dmean2": 3.75497603416, "dvar": 5.92102146149, "dvar2": 14.3247919083, "max": 30.9420146942, "mean": 8.34496212006, "median": 7.33410358429, "min": 2.25932240486, "var": 16.6756649017}, "erbbands_flatness_db": {"dmean": 0.0180399045348, "dmean2": 0.0228942073882, "dvar": 0.000338392710546, "dvar2": 0.000520116300322, "max": 0.308435887098, "mean": 0.133042484522, "median": 0.1272444278, "min": 0.0296686161309, "var": 0.00188801414333}, "erbbands_kurtosis": {"dmean": 0.871859133244, "dmean2": 1.33322584629, "dvar": 1.88063120842, "dvar2": 4.23521852493, "max": 32.6493988037, "mean": 0.537280738354, "median": -0.0734298974276, "min": -1.8110435009, "var": 4.53285312653}, "erbbands_skewness": {"dmean": 0.327221691608, "dmean2": 0.488637655973, "dvar": 0.109051898122, "dvar2": 0.226668611169, "max": 4.69637584686, "mean": 0.521775484085, "median": 0.579473018646, "min": -4.32160329819, "var": 0.577728033066}, "erbbands_spread": {"dmean": 7.97993898392, "dmean2": 11.4969882965, "dvar": 69.9878234863, "dvar2": 138.72958374, "max": 128.924331665, "mean": 42.0375175476, "median": 39.3337059021, "min": 3.32195401192, "var": 321.921966553}, "gfcc": {"cov": [[30674.3359375, 3.06350517273, -1295.72314453, 450.017486572, -1400.25744629, 584.176574707, -790.870300293, 231.563781738, -657.100708008, 121.888168335, -390.437316895, 76.9449920654, -370.479370117], [3.06350517273, 1936.99755859, -432.631286621, -102.966758728, 350.139953613, -350.239013672, 78.0660095215, -66.6674957275, 16.2499809265, -121.557174683, 65.8991317749, -146.079467773, 3.92091560364], [-1295.72314453, -432.631286621, 931.077026367, -79.0226593018, 234.948608398, 41.7682266235, 109.749549866, 37.3647613525, 73.3973083496, 33.594871521, -35.6384735107, 21.8937110901, -34.6710929871], [450.017486572, -102.966758728, -79.0226593018, 328.997009277, -111.387420654, 85.6980285645, -60.7578964233, -13.9316511154, -3.56909680367, 1.64597666264, -33.6639595032, 1.30637276173, 15.5223054886], [-1400.25744629, 350.139953613, 234.948608398, -111.387420654, 434.343078613, -90.5776290894, 150.122894287, 1.32832241058, 64.4001235962, -17.7433414459, 26.478187561, -25.1813697815, -19.4783821106], [584.176574707, -350.239013672, 41.7682266235, 85.6980285645, -90.5776290894, 253.940628052, -16.8443889618, 41.7163887024, -37.6860923767, 8.28998851776, -24.3907852173, 24.1294765472, -15.2249822617], [-790.870300293, 78.0660095215, 109.749549866, -60.7578964233, 150.122894287, -16.8443889618, 189.428649902, -1.5055847168, 41.1811180115, -19.4829940796, 18.009721756, 0.629038929939, -10.0162286758], [231.563781738, -66.6674957275, 37.3647613525, -13.9316511154, 1.32832241058, 41.7163887024, -1.5055847168, 100.509559631, 13.4672365189, 19.6693763733, -8.07524490356, -5.05895042419, -2.44722533226], [-657.100708008, 16.2499809265, 73.3973083496, -3.56909680367, 64.4001235962, -37.6860923767, 41.1811180115, 13.4672365189, 109.684425354, 28.8318367004, 6.6219086647, -15.4307441711, 0.121899016201], [121.888168335, -121.557174683, 33.594871521, 1.64597666264, -17.7433414459, 8.28998851776, -19.4829940796, 19.6693763733, 28.8318367004, 80.8287200928, 13.3573188782, 10.2005624771, -5.27791595459], [-390.437316895, 65.8991317749, -35.6384735107, -33.6639595032, 26.478187561, -24.3907852173, 18.009721756, -8.07524490356, 6.6219086647, 13.3573188782, 81.2874069214, 18.0335617065, 12.3137178421], [76.9449920654, -146.079467773, 21.8937110901, 1.30637276173, -25.1813697815, 24.1294765472, 0.629038929939, -5.05895042419, -15.4307441711, 10.2005624771, 18.0335617065, 77.5921325684, 18.505563736], [-370.479370117, 3.92091560364, -34.6710929871, 15.5223054886, -19.4783821106, -15.2249822617, -10.0162286758, -2.44722533226, 0.121899016201, -5.27791595459, 12.3137178421, 18.505563736, 74.274520874]], "icov": [[5.84620356676e-05, -8.31971192383e-05, 2.29226006923e-05, -1.56125388457e-05, 0.000149890154717, -5.33514648851e-05, 5.15801439178e-05, -0.000151472966536, 0.000246884213993, -0.000217264707317, 0.000276778708212, -0.000232808903093, 0.000336573808454], [-8.31971192383e-05, 0.00136594462674, 0.000617371697444, -0.000154778594151, -0.00128954928368, 0.00119514530525, 4.0992446884e-05, 8.48389827297e-05, -2.58781365119e-05, 0.00143846124411, -0.00110472296365, 0.00186262710486, -0.00043010225636], [2.29226006923e-05, 0.000617371697444, 0.00185792974662, 0.000191970422748, -0.00132924993522, 6.74017574056e-05, -0.000119020980492, -0.000161336662131, -0.000381977326469, -0.000141393189551, 0.00100995181128, -0.000246191950282, 0.000437240960309], [-1.56125388457e-05, -0.000154778594151, 0.000191970422748, 0.00406314479187, 0.000439995113993, -0.00176724104676, 0.00082243536599, 0.00145704112947, -0.00148922693916, -3.11677686113e-05, 0.00139912927989, 4.14408787037e-05, -0.00115923397243], [0.000149890154717, -0.00128954928368, -0.00132924993522, 0.000439995113993, 0.00543663324788, -2.15614618355e-05, -0.00216912175529, -0.000598289771006, -0.000300339597743, -0.000522002519574, 8.93503529369e-05, -0.000795107567683, 0.00135907065123], [-5.33514648851e-05, 0.00119514530525, 6.74017574056e-05, -0.00176724104676, -2.15614618355e-05, 0.00703038321808, -0.00100009306334, -0.00277712149546, 0.00233720312826, 0.000916269840673, -0.000431059976108, 5.83392466069e-05, 0.00139886979014], [5.15801439178e-05, 4.0992446884e-05, -0.000119020980492, 0.00082243536599, -0.00216912175529, -0.00100009306334, 0.00854971725494, 0.000286548340227, -0.00284730177373, 0.00308351591229, -0.00109923770651, -0.0013928237604, 0.00116928492207], [-0.000151472966536, 8.48389827297e-05, -0.000161336662131, 0.00145704112947, -0.000598289771006, -0.00277712149546, 0.000286548340227, 0.012609125115, -0.00220539257862, -0.00218080636114, 0.000706799095497, 0.00202512182295, -0.00218498986214], [0.000246884213993, -2.58781365119e-05, -0.000381977326469, -0.00148922693916, -0.000300339597743, 0.00233720312826, -0.00284730177373, -0.00220539257862, 0.0151526257396, -0.00655161775649, 0.000904710439499, 0.00255075888708, 3.34907672368e-05], [-0.000217264707317, 0.00143846124411, -0.000141393189551, -3.11677686113e-05, -0.000522002519574, 0.000916269840673, 0.00308351591229, -0.00218080636114, -0.00655161775649, 0.0194198731333, -0.00550613878295, -0.000623625528533, 0.00163470255211], [0.000276778708212, -0.00110472296365, 0.00100995181128, 0.00139912927989, 8.93503529369e-05, -0.000431059976108, -0.00109923770651, 0.000706799095497, 0.000904710439499, -0.00550613878295, 0.0178510136902, -0.00556139647961, -0.000538529828191], [-0.000232808903093, 0.00186262710486, -0.000246191950282, 4.14408787037e-05, -0.000795107567683, 5.83392466069e-05, -0.0013928237604, 0.00202512182295, 0.00255075888708, -0.000623625528533, -0.00556139647961, 0.0198181252927, -0.00576501432806], [0.000336573808454, -0.00043010225636, 0.000437240960309, -0.00115923397243, 0.00135907065123, 0.00139886979014, 0.00116928492207, -0.00218498986214, 3.34907672368e-05, 0.00163470255211, -0.000538529828191, -0.00576501432806, 0.0179820545018]], "mean": [-21.2668914795, 84.9914627075, -94.5685653687, 20.7737617493, -53.3572158813, 6.0140748024, -41.6151542664, 7.22314596176, -24.6161308289, 2.91332030296, -16.5182971954, -2.84972643852, -14.575928688]}, "hfc": {"dmean": 8.35544872284, "dmean2": 10.8005056381, "dvar": 290.329040527, "dvar2": 474.819030762, "max": 388.943023682, "mean": 21.4429588318, "median": 11.7490558624, "min": 1.10735231085e-16, "var": 937.676635742}, "melbands": {"dmean": [0.00122369569726, 0.00266087218188, 0.00146901491098, 0.000563948298804, 0.000321301544318, 0.000187327546882, 0.000167356338352, 0.000158850263688, 0.000152194770635, 0.000102161029645, 6.69532091706e-05, 6.74859838909e-05, 7.05336860847e-05, 3.53410214302e-05, 2.75516740658e-05, 3.26195731759e-05, 1.80731076398e-05, 1.40960210047e-05, 1.19112964967e-05, 1.13283404062e-05, 9.02791452972e-06, 7.77539662522e-06, 4.33495233665e-06, 3.13789837492e-06, 3.5993673464e-06, 4.08882260672e-06, 3.29309887093e-06, 2.09440099752e-06, 1.95090183297e-06, 1.77502374754e-06, 2.45803289545e-06, 3.39274265571e-06, 2.76045739156e-06, 2.91279548037e-06, 2.66536176241e-06, 1.85602675629e-06, 1.2532348137e-06, 1.268172241e-06, 1.01356545201e-06, 8.25670497306e-07], "dmean2": [0.00199491740204, 0.00477121956646, 0.00247024814598, 0.000923071231227, 0.000491720624268, 0.000293866469292, 0.000256929721218, 0.000243498361669, 0.000232368518482, 0.00016126819537, 0.000102604186395, 0.000100786091934, 0.000107488303911, 5.50621225557e-05, 4.304653703e-05, 4.99638808833e-05, 2.85810074274e-05, 2.2299522243e-05, 1.8936530978e-05, 1.82147105079e-05, 1.44551640915e-05, 1.25396445583e-05, 7.08312700226e-06, 5.04024410475e-06, 5.74558180233e-06, 6.43433895675e-06, 5.05059824718e-06, 3.20853291669e-06, 3.01311479234e-06, 2.66613983513e-06, 3.57684280061e-06, 4.99613452121e-06, 3.82803409593e-06, 4.1387179408e-06, 3.73078250959e-06, 2.65181802206e-06, 1.77771107701e-06, 1.81350128514e-06, 1.43652118823e-06, 1.15944612844e-06], "dvar": [8.99734186532e-06, 4.71056810056e-05, 1.88946778508e-05, 2.23403867494e-06, 4.80521805457e-07, 1.66778320931e-07, 9.70849924897e-08, 1.34158057108e-07, 1.83953133615e-07, 1.59824409707e-07, 1.1521769494e-07, 7.24561033394e-08, 9.28765970798e-08, 1.51526204917e-08, 8.51423909154e-09, 1.83139157173e-08, 2.58778642959e-09, 1.21784193841e-09, 5.71625025092e-10, 3.8625083687e-10, 2.79303108419e-10, 1.7602663771e-10, 5.91354465396e-11, 3.36224763309e-11, 5.10780272245e-11, 7.88740045499e-11, 5.07783051718e-11, 2.30365518328e-11, 5.11692736793e-11, 2.76632085294e-11, 1.0020605179e-10, 3.21883242282e-10, 2.20121129657e-10, 2.85798579247e-10, 1.62863764142e-10, 6.79675482562e-11, 2.14950574701e-11, 1.99273774565e-11, 8.66168248237e-12, 6.31426855247e-12], "dvar2": [2.19209305214e-05, 0.0001302385499, 4.66811179649e-05, 5.77342871111e-06, 1.10795667752e-06, 3.90529663719e-07, 2.29540361829e-07, 3.3493842011e-07, 4.29362955856e-07, 3.97004924935e-07, 2.54267604305e-07, 1.59810653599e-07, 2.21979561843e-07, 3.78470836893e-08, 2.0223675179e-08, 4.1606902812e-08, 6.46210418509e-09, 2.96535640487e-09, 1.36834676923e-09, 9.70001856615e-10, 7.13532233299e-10, 4.40310427008e-10, 1.50335507931e-10, 7.92452284348e-11, 1.23484042436e-10, 1.87757281944e-10, 1.15874455864e-10, 5.45201037094e-11, 1.27512639336e-10, 5.68046269744e-11, 2.06573091965e-10, 7.15720038791e-10, 4.29586533013e-10, 5.7444815571e-10, 2.94918534038e-10, 1.44618553244e-10, 4.23633211843e-11, 3.88270804397e-11, 1.66912351995e-11, 1.30564031808e-11], "max": [0.0365290939808, 0.0542273633182, 0.0816009193659, 0.0235955026001, 0.0150423860177, 0.0124487858266, 0.0077622695826, 0.00881375744939, 0.013264939189, 0.0133289434016, 0.0137970587239, 0.00993946194649, 0.0106866816059, 0.00407459866256, 0.00297913164832, 0.0057025118731, 0.0019186749123, 0.00109045603313, 0.000476461835206, 0.000369154528016, 0.000310976669425, 0.000274284888292, 0.000191705461475, 0.000211014164961, 0.000171678242623, 0.000269186188234, 0.000194559353986, 0.000130757834995, 0.000287841103273, 0.000210010606679, 0.000279073690763, 0.000667802931275, 0.000657738128211, 0.000682973302901, 0.000342330284184, 0.000228964185226, 0.000134190588142, 0.000160482231877, 8.93129326869e-05, 5.02935654367e-05], "mean": [0.00111596181523, 0.0023733722046, 0.00164561264683, 0.000912343966775, 0.000589759554714, 0.000352515082341, 0.000344119180227, 0.000285708287265, 0.000257713370956, 0.000136556016514, 9.16661301744e-05, 0.000104502134491, 0.000111224166176, 5.77281789447e-05, 4.61387207906e-05, 5.17017215316e-05, 2.8078809919e-05, 2.2886080842e-05, 1.98818252102e-05, 2.0226552806e-05, 1.65231103892e-05, 1.36276776175e-05, 8.02267913969e-06, 6.32631281405e-06, 6.79943514115e-06, 8.3091090346e-06, 6.7729984039e-06, 4.30026693721e-06, 3.66680251318e-06, 3.48840580955e-06, 4.48006949227e-06, 5.63599314773e-06, 4.73496629638e-06, 4.82758014186e-06, 4.50347215519e-06, 3.02086777992e-06, 2.2999936391e-06, 2.29471402236e-06, 1.846560167e-06, 1.35459049488e-06], "median": [0.000216751112021, 0.000709514250048, 0.000575394136831, 0.000553230638616, 0.000292953714961, 0.000189190352103, 0.000183137628483, 0.00014151216601, 0.000114241032861, 3.33198440785e-05, 2.32839593082e-05, 2.12815884879e-05, 2.10339421756e-05, 2.00067588594e-05, 1.51818567247e-05, 1.24148746181e-05, 1.01488994915e-05, 8.84591736394e-06, 9.14166594157e-06, 9.45715055423e-06, 7.69925736677e-06, 7.21995957065e-06, 4.26676297138e-06, 3.56194391316e-06, 3.2813748021e-06, 3.32467561748e-06, 2.79082428278e-06, 1.91971867025e-06, 1.29659986214e-06, 1.08249025743e-06, 1.12289887966e-06, 9.17287593438e-07, 6.60441116906e-07, 4.93223240028e-07, 5.84028100548e-07, 4.99401210163e-07, 5.94894970618e-07, 6.13283305029e-07, 5.21525521435e-07, 3.34578203365e-07], "min": [4.53661186211e-25, 1.00381682442e-24, 1.32086712198e-24, 1.45122194923e-24, 1.6236007774e-24, 2.18427834097e-24, 8.20605456908e-25, 1.43700342166e-24, 2.38213767221e-24, 1.77561368219e-24, 2.92215694083e-24, 2.56222672826e-24, 1.98753978387e-24, 2.90442413654e-24, 2.51280202875e-24, 3.51455400975e-24, 4.05091316099e-24, 3.23196529806e-24, 3.0466810013e-24, 2.7006067361e-24, 3.19935516874e-24, 4.38253135288e-24, 5.01871256863e-24, 2.73696217978e-24, 2.73456483149e-24, 3.36071114488e-24, 4.55485052345e-24, 4.08078535132e-24, 4.58982467168e-24, 4.11782592069e-24, 4.87242856895e-24, 4.6838312536e-24, 4.45282517042e-24, 5.52215255429e-24, 4.66545671097e-24, 5.97685986867e-24, 5.21677463712e-24, 6.09742700284e-24, 6.28240620765e-24, 5.46235492552e-24], "var": [7.87436511018e-06, 3.18280508509e-05, 1.64807206602e-05, 2.50088078246e-06, 1.02108072042e-06, 3.30280613525e-07, 2.35780049707e-07, 2.31684381902e-07, 3.5490558048e-07, 2.17665643731e-07, 1.60994900966e-07, 1.45197162738e-07, 1.88069861906e-07, 2.6606056025e-08, 1.75565944005e-08, 3.74990811736e-08, 4.00648891841e-09, 2.00746641532e-09, 1.0360448055e-09, 8.67499461155e-10, 6.00266947259e-10, 3.79763137603e-10, 1.23970972377e-10, 8.68657368258e-11, 1.16217424573e-10, 2.09824074782e-10, 1.47456338806e-10, 5.55413146031e-11, 7.76836373007e-11, 7.73458588843e-11, 2.57718069108e-10, 7.46966044574e-10, 5.99513882982e-10, 6.53797016525e-10, 4.17980122736e-10, 1.35233477194e-10, 4.81439714484e-11, 4.30170135624e-11, 2.08817269032e-11, 1.2168953345e-11]}, "melbands_crest": {"dmean": 3.25194239616, "dmean2": 5.23074817657, "dvar": 10.0130558014, "dvar2": 25.3475131989, "max": 32.1950378418, "mean": 12.9076471329, "median": 12.1680545807, "min": 1.57694911957, "var": 24.3909549713}, "melbands_flatness_db": {"dmean": 0.0270782448351, "dmean2": 0.0406556017697, "dvar": 0.000865706475452, "dvar2": 0.00211330060847, "max": 0.504342257977, "mean": 0.197752103209, "median": 0.189359858632, "min": 0.00285824225284, "var": 0.00577184185386}, "melbands_kurtosis": {"dmean": 8.48485565186, "dmean2": 13.7407960892, "dvar": 238.4427948, "dvar2": 617.186645508, "max": 195.588790894, "mean": 14.895939827, "median": 9.80887889862, "min": -1.81317508221, "var": 298.103546143}, "melbands_skewness": {"dmean": 0.771574258804, "dmean2": 1.18422853947, "dvar": 0.875323176384, "dvar2": 2.10092997551, "max": 10.5974636078, "mean": 2.78233218193, "median": 2.58951854706, "min": -1.39615547657, "var": 2.18836450577}, "melbands_spread": {"dmean": 6.80910873413, "dmean2": 10.0743303299, "dvar": 136.962936401, "dvar2": 243.789733887, "max": 230.152389526, "mean": 22.9097194672, "median": 15.6840724945, "min": 0.877343356609, "var": 707.269226074}, "mfcc": {"cov": [[12114.4511719, -185.307800293, 431.0418396, -56.6396331787, -136.466125488, 129.874694824, 12.0328054428, 6.5123500824, -85.7481536865, -27.5252113342, -53.7290306091, -17.2817955017, -50.7664222717], [-185.307800293, 2015.70300293, -345.488189697, 241.102706909, 194.950286865, -133.652511597, 98.53515625, -9.03853034973, -12.203494072, 14.6248598099, 54.6098175049, -3.0979642868, 1.6858536005], [431.0418396, -345.488189697, 516.275024414, -19.1472949982, 42.7144622803, 58.9473114014, -8.2163476944, 24.2285900116, 38.9108772278, 21.3972396851, 1.33166337013, 3.94641232491, 1.7491081953], [-56.6396331787, 241.102706909, -19.1472949982, 239.937255859, 49.0262069702, 18.1881771088, -17.5048789978, -7.91363239288, 17.2942790985, 8.14549446106, -2.91659665108, 9.09005069733, 6.10982084274], [-136.466125488, 194.950286865, 42.7144622803, 49.0262069702, 180.8802948, 15.3312225342, 27.7013931274, 11.5815992355, 27.189874649, 26.1671180725, 16.7803268433, 9.67111778259, 5.63437700272], [129.874694824, -133.652511597, 58.9473114014, 18.1881771088, 15.3312225342, 143.230438232, 24.4854068756, 41.5770759583, 10.6347341537, -3.60852169991, 14.9713773727, 2.18838739395, -12.6000881195], [12.0328054428, 98.53515625, -8.2163476944, -17.5048789978, 27.7013931274, 24.4854068756, 123.469360352, 48.6692771912, 2.47606039047, 0.297029942274, 13.8941030502, -2.34858465195, -7.32267379761], [6.5123500824, -9.03853034973, 24.2285900116, -7.91363239288, 11.5815992355, 41.5770759583, 48.6692771912, 101.265159607, 22.4602565765, 2.35293292999, 10.6890621185, -5.72981548309, -1.32199633121], [-85.7481536865, -12.203494072, 38.9108772278, 17.2942790985, 27.189874649, 10.6347341537, 2.47606039047, 22.4602565765, 83.9207839966, 37.2370872498, 7.91016197205, -3.34308481216, 0.373939722776], [-27.5252113342, 14.6248598099, 21.3972396851, 8.14549446106, 26.1671180725, -3.60852169991, 0.297029942274, 2.35293292999, 37.2370872498, 85.0680541992, 28.4923477173, -1.47216308117, 2.30448293686], [-53.7290306091, 54.6098175049, 1.33166337013, -2.91659665108, 16.7803268433, 14.9713773727, 13.8941030502, 10.6890621185, 7.91016197205, 28.4923477173, 82.2579803467, 21.3317298889, -4.06150436401], [-17.2817955017, -3.0979642868, 3.94641232491, 9.09005069733, 9.67111778259, 2.18838739395, -2.34858465195, -5.72981548309, -3.34308481216, -1.47216308117, 21.3317298889, 67.1311645508, 24.5372848511], [-50.7664222717, 1.6858536005, 1.7491081953, 6.10982084274, 5.63437700272, -12.6000881195, -7.32267379761, -1.32199633121, 0.373939722776, 2.30448293686, -4.06150436401, 24.5372848511, 64.0609588623]], "icov": [[8.93670730875e-05, -2.96255420835e-05, -9.821641288e-05, 2.30636014749e-05, 0.000107668725832, -0.000100063065474, -7.97782831796e-06, 1.16205983431e-05, 0.00012309163867, -7.20502794138e-05, 0.000103154641693, -3.95314236812e-05, 6.58143108012e-05], [-2.96255420835e-05, 0.000893064832781, 0.000504557916429, -0.000869169656653, -0.000869421462994, 0.00105654587969, -0.000705962243956, -4.21494587499e-05, 0.000184083080967, 0.000297670048894, -0.000779624970164, 0.000450870778877, -9.05471824808e-06], [-9.821641288e-05, 0.000504557916429, 0.00254851626232, -2.60470642388e-05, -0.00107143213972, -0.000283605157165, 0.000181762618013, -0.000239491564571, -0.000711794476956, -8.96986821317e-05, -8.53337842273e-05, 3.2781084883e-05, -0.000114507733088], [2.30636014749e-05, -0.000869169656653, -2.60470642388e-05, 0.00558130675927, -0.000537111714948, -0.00196590437554, 0.00164397375192, 0.000469113321742, -0.00100894318894, -0.000343700754456, 0.00138593348674, -0.000994459027424, -0.000145256446558], [0.000107668725832, -0.000869421462994, -0.00107143213972, -0.000537111714948, 0.00763072445989, -0.00115787342656, -0.00120193324983, 0.000531824538484, -0.00126101018395, -0.00145535275806, 0.000295613426715, -0.00098423124291, -0.000381171674235], [-0.000100063065474, 0.00105654587969, -0.000283605157165, -0.00196590437554, -0.00115787342656, 0.0101237399504, -0.00126500881743, -0.00319420755841, 6.29029600532e-05, 0.0016045763623, -0.00226354179904, -7.35737121431e-05, 0.00179727177601], [-7.97782831796e-06, -0.000705962243956, 0.000181762618013, 0.00164397375192, -0.00120193324983, -0.00126500881743, 0.0114804301411, -0.00505787041038, 0.0010781576857, -0.00010129664588, -0.000217539301957, -0.000339011603501, 0.00102873693686], [1.16205983431e-05, -4.21494587499e-05, -0.000239491564571, 0.000469113321742, 0.000531824538484, -0.00319420755841, -0.00505787041038, 0.0147354137152, -0.00405761692673, 0.00163960643113, -0.00131757208146, 0.00199183262885, -0.00185875629541], [0.00012309163867, 0.000184083080967, -0.000711794476956, -0.00100894318894, -0.00126101018395, 6.29029600532e-05, 0.0010781576857, -0.00405761692673, 0.0171221140772, -0.00717763975263, 0.00135281018447, 0.000151383472257, 0.000557195860893], [-7.20502794138e-05, 0.000297670048894, -8.96986821317e-05, -0.000343700754456, -0.00145535275806, 0.0016045763623, -0.00010129664588, 0.00163960643113, -0.00717763975263, 0.0177384894341, -0.00682161469012, 0.0032052975148, -0.00182027369738], [0.000103154641693, -0.000779624970164, -8.53337842273e-05, 0.00138593348674, 0.000295613426715, -0.00226354179904, -0.000217539301957, -0.00131757208146, 0.00135281018447, -0.00682161469012, 0.0176520850509, -0.00728705944493, 0.00359695614316], [-3.95314236812e-05, 0.000450870778877, 3.2781084883e-05, -0.000994459027424, -0.00098423124291, -7.35737121431e-05, -0.000339011603501, 0.00199183262885, 0.000151383472257, 0.0032052975148, -0.00728705944493, 0.0208150111139, -0.00842576473951], [6.58143108012e-05, -9.05471824808e-06, -0.000114507733088, -0.000145256446558, -0.000381171674235, 0.00179727177601, 0.00102873693686, -0.00185875629541, 0.000557195860893, -0.00182027369738, 0.00359695614316, -0.00842576473951, 0.0196633711457]], "mean": [-661.557495117, 123.402793884, 11.3041353226, 18.6809196472, 8.50924015045, -1.12931871414, -2.0829064846, -2.70738005638, -2.30321025848, 0.165403425694, -2.0744099617, 0.782000362873, 0.906878650188]}, "pitch_salience": {"dmean": 0.0721905305982, "dmean2": 0.115448012948, "dvar": 0.00543653313071, "dvar2": 0.0142015311867, "max": 0.933573722839, "mean": 0.599626004696, "median": 0.60811406374, "min": 0.197188273072, "var": 0.0120120812207}, "silence_rate_20dB": {"dmean": 0, "dmean2": 0, "dvar": 0, "dvar2": 0, "max": 1, "mean": 1, "median": 1, "min": 1, "var": 0}, "silence_rate_30dB": {"dmean": 0.0417063869536, "dmean2": 0.0834227129817, "dvar": 0.0399670153856, "dvar2": 0.094576433301, "max": 1, "mean": 0.966400563717, "median": 1, "min": 0, "var": 0.032470703125}, "silence_rate_60dB": {"dmean": 0.00667302170768, "dmean2": 0.0133476341143, "dvar": 0.0066283615306, "dvar2": 0.0148371458054, "max": 1, "mean": 0.0772071927786, "median": 0, "min": 0, "var": 0.0712451264262}, "spectral_centroid": {"dmean": 225.603424072, "dmean2": 340.267456055, "dvar": 93610.34375, "dvar2": 179070.609375, "max": 11742.7216797, "mean": 1259.39733887, "median": 984.992004395, "min": 200.991470337, "var": 1761705.625}, "spectral_complexity": {"dmean": 2.70424222946, "dmean2": 4.12537240982, "dvar": 8.88515663147, "dvar2": 17.1027050018, "max": 47, "mean": 16.3054924011, "median": 16, "min": 0, "var": 63.3269844055}, "spectral_contrast_coeffs": {"dmean": [0.0497608296573, 0.0395615175366, 0.035277299583, 0.0291187781841, 0.0195386130363, 0.0164920128882], "dmean2": [0.0811614245176, 0.0642890930176, 0.0556392930448, 0.0465946570039, 0.0312923453748, 0.0248545408249], "dvar": [0.00188251724467, 0.00119150534738, 0.00090537534561, 0.000580712221563, 0.000264708331088, 0.000261238252278], "dvar2": [0.00503471959382, 0.00311800371855, 0.0022175332997, 0.00142227613833, 0.000632277631667, 0.000501613423694], "max": [-0.260002344847, -0.457031935453, -0.439548760653, -0.583435773849, -0.577337622643, -0.577408075333], "mean": [-0.619104146957, -0.72847110033, -0.765043616295, -0.769913733006, -0.789894521236, -0.793089270592], "median": [-0.615275740623, -0.729382872581, -0.769988834858, -0.769867956638, -0.788930296898, -0.793862462044], "min": [-0.986387372017, -0.979674398899, -0.97698700428, -0.971000313759, -0.969764173031, -0.964563131332], "var": [0.00775663694367, 0.00534085929394, 0.00487267086282, 0.00308284652419, 0.00187535828445, 0.00201236107387]}, "spectral_contrast_valleys": {"dmean": [0.470536738634, 0.315484017134, 0.302291452885, 0.269956916571, 0.213513925672, 0.314017921686], "dmean2": [0.70332711935, 0.495772719383, 0.461299687624, 0.401381969452, 0.300654113293, 0.349216103554], "dvar": [0.198095455766, 0.0980276688933, 0.0931283384562, 0.0898646935821, 0.0798865705729, 0.175291985273], "dvar2": [0.381402343512, 0.202520176768, 0.176966905594, 0.160969570279, 0.127991989255, 0.227672189474], "max": [-4.70210790634, -4.49493837357, -5.49442434311, -5.98258638382, -5.92717456818, -7.04585075378], "mean": [-7.64424753189, -6.93938398361, -7.89858818054, -8.28418827057, -8.17910194397, -10.3754491806], "median": [-7.28177213669, -6.50261735916, -7.47468185425, -7.82229614258, -7.66732406616, -9.84595870972], "min": [-28.5198345184, -28.1674747467, -27.8452587128, -27.6817722321, -27.5180912018, -27.3905277252], "var": [6.76933670044, 6.86123466492, 6.35640096664, 6.15731620789, 6.30814552307, 5.99999237061]}, "spectral_decrease": {"dmean": 4.13327017057e-09, "dmean2": 6.64281651908e-09, "dvar": 7.30348467767e-17, "dvar2": 1.75491899137e-16, "max": 1.94959522062e-18, "mean": -6.95462754052e-09, "median": -4.20441903515e-09, "min": -9.32842070256e-08, "var": 7.85395683172e-17}, "spectral_energy": {"dmean": 0.0161669105291, "dmean2": 0.0257712323219, "dvar": 0.00108014978468, "dvar2": 0.00257375976071, "max": 0.359428673983, "mean": 0.0281933322549, "median": 0.0175132062286, "min": 1.00094330959e-20, "var": 0.00120936776511}, "spectral_energyband_high": {"dmean": 0.000610389513895, "dmean2": 0.000756990222726, "dvar": 3.79563880415e-06, "dvar2": 5.97583220951e-06, "max": 0.0513773411512, "mean": 0.00126100587659, "median": 0.000340809550835, "min": 7.04435006806e-21, "var": 1.28870005938e-05}, "spectral_energyband_low": {"dmean": 0.0113958530128, "dmean2": 0.0192848071456, "dvar": 0.000738146016374, "dvar2": 0.00188811670523, "max": 0.227431356907, "mean": 0.0114125106484, "median": 0.00350796151906, "min": 9.84081575614e-24, "var": 0.00060710060643}, "spectral_energyband_middle_high": {"dmean": 0.00135586981196, "dmean2": 0.00196266942658, "dvar": 1.08613257908e-05, "dvar2": 2.43313825194e-05, "max": 0.0765590965748, "mean": 0.00384557107463, "median": 0.00193300982937, "min": 1.19372603123e-21, "var": 3.83664300898e-05}, "spectral_energyband_middle_low": {"dmean": 0.0063648223877, "dmean2": 0.00995897501707, "dvar": 0.00022655131761, "dvar2": 0.000522494199686, "max": 0.288242161274, "mean": 0.0135582378134, "median": 0.00875346176326, "min": 1.57078816485e-22, "var": 0.000294941884931}, "spectral_entropy": {"dmean": 0.151015684009, "dmean2": 0.213710799813, "dvar": 0.02569960244, "dvar2": 0.0511005222797, "max": 9.82579898834, "mean": 7.57199811935, "median": 7.61270666122, "min": 5.34273386002, "var": 0.307659804821}, "spectral_flux": {"dmean": 0.034413523972, "dmean2": 0.0519198551774, "dvar": 0.00289805326611, "dvar2": 0.00540908845142, "max": 0.495432794094, "mean": 0.0856297910213, "median": 0.0625958889723, "min": 6.40125522033e-11, "var": 0.0059651103802}, "spectral_kurtosis": {"dmean": 1.64346790314, "dmean2": 2.53629279137, "dvar": 10.6683320999, "dvar2": 25.4769859314, "max": 87.6981124878, "mean": 5.36429166794, "median": 4.04203605652, "min": -1.29340028763, "var": 35.886100769}, "spectral_rms": {"dmean": 0.00114818767179, "dmean2": 0.00172892748378, "dvar": 3.34049400408e-06, "dvar2": 7.32021408112e-06, "max": 0.0187259744853, "mean": 0.00457634963095, "median": 0.00413352809846, "min": 3.12494800002e-12, "var": 6.56276915834e-06}, "spectral_rolloff": {"dmean": 517.426208496, "dmean2": 840.075073242, "dvar": 1207341.5, "dvar2": 2579875.75, "max": 21705.46875, "mean": 1667.89086914, "median": 796.728515625, "min": 129.19921875, "var": 7700612.5}, "spectral_skewness": {"dmean": 0.205297067761, "dmean2": 0.305588275194, "dvar": 0.0651042386889, "dvar2": 0.150391429663, "max": 7.48053789139, "mean": 1.73541176319, "median": 1.67224287987, "min": -0.0718172937632, "var": 0.453398376703}, "spectral_spread": {"dmean": 664326.625, "dmean2": 821933.6875, "dvar": 848591781888, "dvar2": 1245486907390.0, "max": 43293956, "mean": 5861666.5, "median": 5255013.5, "min": 979856.25, "var": 19941728