{"lowlevel": {"average_loudness": 0.819445610046, "barkbands": {"dmean": [1.35267700898e-05, 0.00180009496398, 0.00415741791949, 0.00158022949472, 0.00179166754242, 0.00101698620711, 0.000613641692325, 0.000555940787308, 0.00068196374923, 0.000475419074064, 0.000479134527268, 0.000356853182893, 0.000434220652096, 0.00026660138974, 0.000348339322954, 0.000188838035683, 0.000193508327357, 0.000172519023181, 0.000158423674293, 0.000114911024866, 0.000112921079563, 0.000105072307633, 0.000103761136415, 0.000101857833215, 8.54923346196e-05, 5.877044714e-06, 1.59589390591e-07], "dmean2": [2.1850803023e-05, 0.00304440571927, 0.0068738614209, 0.00268129026517, 0.00293004070409, 0.00158387143165, 0.000988871208392, 0.000835113925859, 0.000984212500043, 0.000680721655954, 0.000666706939228, 0.00052403868176, 0.000653136055917, 0.000408084335504, 0.000531829835381, 0.000294386874884, 0.00030467734905, 0.000258865678916, 0.000232586229686, 0.000175414708792, 0.000173819658812, 0.000156088746735, 0.000157854155987, 0.000148190083564, 0.000115045266284, 7.7487920862e-06, 2.28399372304e-07], "dvar": [8.03509703218e-10, 1.84250311577e-05, 7.87823082646e-05, 1.16574146887e-05, 9.13255462365e-06, 2.98498503071e-06, 2.43447470893e-06, 2.99325984088e-06, 8.82800668478e-06, 3.19838659379e-06, 3.1546730952e-06, 2.00147837859e-06, 1.56217822678e-06, 6.34309117231e-07, 1.22984431528e-06, 2.8492448223e-07, 2.65159798118e-07, 2.58821131638e-07, 1.42230277334e-07, 5.62642590296e-08, 3.96217473053e-07, 5.29846069242e-08, 6.0583118966e-08, 5.82493129286e-08, 7.67616725739e-08, 3.51532081222e-10, 2.63547457512e-13], "dvar2": [2.15396500636e-09, 4.80077542306e-05, 0.000199410525966, 3.19555656461e-05, 2.39193159359e-05, 7.25108293409e-06, 6.34729030935e-06, 6.23518599241e-06, 1.67702091858e-05, 5.48280195289e-06, 6.12106759945e-06, 3.43790975421e-06, 3.40842325386e-06, 1.42030125971e-06, 2.66287656814e-06, 6.20486162006e-07, 5.58356077818e-07, 5.34898958904e-07, 2.54307963132e-07, 1.36744375823e-07, 1.11615486276e-06, 1.28740452965e-07, 1.57415001922e-07, 1.26936214428e-07, 1.1760614882e-07, 5.72784153441e-10, 5.22852540343e-13], "max": [0.000472265266581, 0.0407532975078, 0.107800573111, 0.0415941700339, 0.097846403718, 0.0353732071817, 0.0415331684053, 0.0630472227931, 0.115779511631, 0.0691271945834, 0.0502600222826, 0.0685549899936, 0.0380734279752, 0.0234200228006, 0.032121360302, 0.0176563337445, 0.0178185533732, 0.0203250329942, 0.0163737908006, 0.00738863600418, 0.0354479961097, 0.00458572478965, 0.0053278747946, 0.00327186333016, 0.00537472451106, 0.000367218774045, 7.73185820435e-06], "mean": [1.85333592526e-05, 0.00223369244486, 0.00505861826241, 0.00190743862186, 0.0031105701346, 0.00194597686641, 0.00102157716174, 0.000933992618229, 0.00124976364896, 0.000850942917168, 0.000958485587034, 0.000568088900764, 0.000890588329639, 0.000420604366809, 0.000548168609384, 0.000349396053934, 0.000358506717021, 0.000314283941407, 0.000296391634038, 0.000236048712395, 0.000183187803486, 0.000125910213683, 0.000114907568786, 0.000112271853141, 0.000101464160252, 6.9866382546e-06, 1.62626903943e-07], "median": [4.69017686555e-06, 0.000904381508008, 0.00182367372327, 0.000776703062002, 0.00198529404588, 0.000979995005764, 0.000378341355827, 0.000274064659607, 0.000236836174736, 0.000117496296298, 0.00010591706814, 5.77929167775e-05, 9.34978743317e-05, 8.3413469838e-05, 0.000105054321466, 5.93693039264e-05, 7.93388680904e-05, 8.74158504303e-05, 9.93134453893e-05, 6.09606067883e-05, 4.23533492722e-05, 1.6622547264e-05, 7.8653847595e-06, 4.38604365627e-06, 1.18053321785e-06, 1.21098679529e-07, 4.11357614638e-09], "min": [5.17808022086e-24, 1.00837801818e-23, 9.91911966731e-24, 4.5347536608e-23, 3.58776274723e-23, 1.00577146397e-22, 4.64685963067e-23, 6.25748325175e-23, 7.62856263253e-23, 3.95100795053e-23, 6.15661003008e-23, 1.37430702095e-22, 1.55445596732e-22, 6.22677321225e-23, 7.73547600438e-23, 9.46502009137e-23, 1.98155031012e-22, 2.07058367623e-22, 3.1812586838e-22, 4.29159265102e-22, 4.57228274018e-22, 6.15693541942e-22, 6.28190007449e-22, 7.78018245582e-22, 1.23246932532e-21, 1.77122431654e-21, 2.68344297347e-21], "var": [1.05220088198e-09, 1.70505772985e-05, 8.79705185071e-05, 1.09111833808e-05, 1.55579673446e-05, 7.52168853069e-06, 4.50109382655e-06, 6.55269241179e-06, 2.61547647824e-05, 1.18241950986e-05, 1.3149679944e-05, 5.78892149861e-06, 6.24282301942e-06, 1.35672269153e-06, 2.72438592219e-06, 6.42930046979e-07, 6.91061416092e-07, 6.15147541794e-07, 4.35932605569e-07, 1.77629061682e-07, 2.98330462556e-07, 6.95068536061e-08, 6.8094287542e-08, 8.15179603819e-08, 1.39259014986e-07, 6.04767125267e-10, 3.41845800798e-13]}, "barkbands_crest": {"dmean": 2.59810996056, "dmean2": 4.26507902145, "dvar": 5.52848339081, "dvar2": 14.6327762604, "max": 25.9900569916, "mean": 9.78953742981, "median": 9.07707309723, "min": 2.43972873688, "var": 15.9191398621}, "barkbands_flatness_db": {"dmean": 0.0267604123801, "dmean2": 0.0369638651609, "dvar": 0.000697030569427, "dvar2": 0.00129891629331, "max": 0.433488637209, "mean": 0.178325563669, "median": 0.17155508697, "min": 0.0415879748762, "var": 0.00392175419256}, "barkbands_kurtosis": {"dmean": 3.61631774902, "dmean2": 5.79930639267, "dvar": 50.1956558228, "dvar2": 123.064468384, "max": 168.483734131, "mean": 5.02319955826, "median": 1.98122525215, "min": -1.89641964436, "var": 93.80859375}, "barkbands_skewness": {"dmean": 0.629071116447, "dmean2": 0.973944604397, "dvar": 0.472539097071, "dvar2": 1.14313220978, "max": 10.8677616119, "mean": 1.50405704975, "median": 1.39552927017, "min": -4.36021280289, "var": 1.79415166378}, "barkbands_spread": {"dmean": 6.90633916855, "dmean2": 10.6204481125, "dvar": 96.140045166, "dvar2": 224.083297729, "max": 106.750671387, "mean": 20.0455226898, "median": 17.0922832489, "min": 0.336923539639, "var": 203.33921814}, "dissonance": {"dmean": 0.0240136608481, "dmean2": 0.0389500558376, "dvar": 0.000617872225121, "dvar2": 0.00163360917941, "max": 0.499774098396, "mean": 0.446922272444, "median": 0.458330184221, "min": 0.202717602253, "var": 0.00171888573095}, "dynamic_complexity": 3.81533908844, "erbbands": {"dmean": [0.0252294894308, 0.525639533997, 3.61814570427, 5.97751045227, 3.77339601517, 7.04724645615, 9.75015735626, 8.3093547821, 8.40689563751, 9.52163600922, 12.0649614334, 17.5192928314, 13.186170578, 13.70383358, 20.0314121246, 13.1537847519, 19.5683326721, 12.4525518417, 19.717218399, 11.3940534592, 8.33452320099, 9.31309986115, 8.78303146362, 7.85314130783, 7.51509571075, 5.28890419006, 5.42255306244, 3.80109739304, 3.5535261631, 3.41094923019, 3.00757050514, 2.10399365425, 1.75155925751, 1.11907029152, 0.549972891808, 0.0687901377678, 0.00537293683738, 0.000447072263341, 4.37185735791e-05, 1.24270036395e-05], "dmean2": [0.0421876497567, 0.876743555069, 5.9613699913, 9.93273258209, 6.32646226883, 11.5087394714, 15.5474557877, 12.8351793289, 13.2528295517, 14.6963701248, 17.7400016785, 25.6659317017, 18.5719184875, 19.163274765, 27.969367981, 18.6278896332, 29.4174118042, 18.6807994843, 29.4894790649, 17.0421104431, 12.7425374985, 14.5568504333, 12.9238052368, 11.3696651459, 11.1008338928, 8.02967739105, 8.39303874969, 5.70493555069, 5.29019021988, 5.10888910294, 4.58349704742, 3.18130421638, 2.51457023621, 1.5611487627, 0.726499736309, 0.090236261487, 0.00700392201543, 0.000590328359976, 6.03202461207e-05, 1.74695887836e-05], "dvar": [0.00297587295063, 1.47693538666, 58.8252334595, 163.381652832, 56.7164344788, 168.10848999, 288.18069458, 255.604858398, 596.779602051, 722.343261719, 1494.71252441, 6493.52050781, 3540.6796875, 1728.28991699, 5726.77539062, 2944.20385742, 3188.13623047, 1081.15649414, 3746.00512695, 1246.13867188, 362.714782715, 715.026000977, 661.455322266, 467.234130859, 220.008758545, 136.858566284, 816.649658203, 253.829956055, 69.73777771, 60.9192237854, 47.53074646, 24.7773685455, 19.4397220612, 11.6381063461, 3.65532159805, 0.0503264591098, 0.000258714717347, 1.71443991803e-06, 1.65024101051e-08, 4.11182476956e-10], "dvar2": [0.00798487197608, 3.75157737732, 150.456680298, 415.431030273, 154.702514648, 443.427642822, 705.554504395, 624.291320801, 1547.98791504, 1686.08154297, 3111.65795898, 13045.7685547, 5756.60253906, 3222.32714844, 11043.1992188, 4468.39257812, 6906.56640625, 2139.77172852, 7693.25683594, 2384.93334961, 771.264343262, 1420.29040527, 1186.92419434, 832.615112305, 431.572113037, 337.284912109, 2319.42431641, 681.837890625, 172.905929565, 153.573364258, 122.076934814, 60.2490158081, 40.2837104797, 19.4818210602, 5.58653879166, 0.0743186026812, 0.000399957731133, 2.8066485811e-06, 3.01264151403e-08, 7.61435581254e-10], "max": [0.636493802071, 11.3434734344, 90.1055145264, 162.453018188, 99.8282928467, 477.114990234, 602.935852051, 303.223968506, 730.674926758, 988.378112793, 1571.96191406, 3397.37695312, 2670.80175781, 1294.96496582, 2358.44506836, 3409.98364258, 1960.25317383, 1096.00097656, 1855.08642578, 2002.0925293, 442.034759521, 1226.42590332, 1406.80957031, 970.562011719, 761.606262207, 436.718658447, 1652.49523926, 814.721374512, 223.741073608, 164.430786133, 97.510925293, 71.5796966553, 69.4099807739, 67.5433197021, 30.8301372528, 3.88373684883, 0.270074725151, 0.021527254954, 0.00190087279771, 0.000249114411417], "mean": [0.0356348454952, 0.660194694996, 4.46490383148, 7.69358539581, 5.37943744659, 11.7784061432, 17.7484550476, 15.4924077988, 14.967505455, 16.7738838196, 21.1138057709, 31.5390834808, 27.0486373901, 25.365032196, 43.0896606445, 24.6880302429, 41.4893722534, 24.3824539185, 33.2292671204, 22.0393161774, 18.191576004, 18.6527919769, 17.6438503265, 16.0128307343, 14.1941509247, 10.9165782928, 9.73035812378, 5.68507623672, 4.36654996872, 3.93632936478, 3.28064012527, 2.29673314095, 1.92834699154, 1.28916406631, 0.651622116566, 0.0830578431487, 0.00651257252321, 0.0005323078949, 5.57640232728e-05, 3.16753867082e-05], "median": [0.0153336673975, 0.270157277584, 1.74134945869, 3.03785467148, 2.97868227959, 6.80557394028, 9.85210227966, 6.84468698502, 5.46936798096, 6.5311164856, 6.71599578857, 6.48893260956, 4.58558654785, 4.93989801407, 4.66651058197, 3.9526951313, 4.96535396576, 5.97722625732, 7.43243217468, 4.9828286171, 4.19459819794, 4.60217380524, 5.35207033157, 4.52253437042, 5.12881278992, 3.02265977859, 2.27161455154, 1.26275491714, 0.673638761044, 0.365340203047, 0.211570084095, 0.112090043724, 0.0574003010988, 0.0188575088978, 0.00531137641519, 0.00104651972651, 0.000158465278219, 1.93363521248e-05, 1.21806051538e-05, 2.1787453079e-05], "min": [2.81616830328e-22, 2.23223473052e-21, 1.10898198332e-20, 9.68890351662e-20, 1.27951592947e-19, 1.30971138225e-19, 2.17609350575e-19, 1.2016688505e-18, 7.72323803786e-19, 1.14098253807e-18, 1.07763735695e-18, 1.31196635415e-18, 1.66081354408e-18, 1.6038197659e-18, 4.1265662616e-18, 5.17415452504e-18, 6.23950525137e-18, 4.89115701233e-18, 2.82090323051e-18, 5.53426222804e-18, 6.41320118589e-18, 1.21341125832e-17, 1.03217027857e-17, 1.56687761091e-17, 1.69517663264e-17, 1.89575386911e-17, 1.96837387488e-17, 1.41510353426e-17, 2.16934236779e-17, 2.17074907114e-17, 1.85179798767e-17, 1.57789284425e-17, 1.37866548382e-17, 1.29180978242e-17, 8.90896515341e-18, 6.3136913582e-18, 3.55809507102e-18, 1.40843701687e-18, 3.70188759921e-19, 4.04798701147e-20], "var": [0.00309441448189, 1.43289840221, 62.745262146, 180.829147339, 57.0811576843, 281.278839111, 574.060913086, 643.961486816, 1183.55529785, 1534.87841797, 3392.77099609, 17453.9140625, 17145.84375, 4579.06787109, 25319.7792969, 9685.91308594, 13462.4501953, 3182.01391602, 7927.40722656, 5071.82666016, 1314.03771973, 1801.59460449, 2035.13598633, 1503.14660645, 667.166015625, 348.361541748, 697.944152832, 220.625411987, 85.8348770142, 74.9687728882, 53.9944229126, 29.6216850281, 28.3072967529, 19.888633728, 6.5277223587, 0.092456869781, 0.00046676187776, 2.90198340736e-06, 2.46554545669e-08, 1.05055419919e-09]}, "erbbands_crest": {"dmean": 2.89328312874, "dmean2": 4.51438713074, "dvar": 8.39428329468, "dvar2": 19.4413948059, "max": 33.1253471375, "mean": 10.3616781235, "median": 8.71662902832, "min": 2.19774031639, "var": 32.9736824036}, "erbbands_flatness_db": {"dmean": 0.0249074213207, "dmean2": 0.0309753436595, "dvar": 0.000691058987286, "dvar2": 0.00105862540659, "max": 0.410452544689, "mean": 0.195204779506, "median": 0.200393661857, "min": 0.0336074642837, "var": 0.00353871867992}, "erbbands_kurtosis": {"dmean": 1.41825032234, "dmean2": 2.18832015991, "dvar": 7.57635116577, "dvar2": 17.2931003571, "max": 59.4394569397, "mean": 1.20435869694, "median": -0.0132540464401, "min": -1.85942924023, "var": 17.810125351}, "erbbands_skewness": {"dmean": 0.450353115797, "dmean2": 0.674201965332, "dvar": 0.223826467991, "dvar2": 0.493870019913, "max": 6.20920610428, "mean": 0.347754716873, "median": 0.253401488066, "min": -6.45907640457, "var": 1.0448256731}, "erbbands_spread": {"dmean": 11.3728322983, "dmean2": 16.0001335144, "dvar": 215.280044556, "dvar2": 420.846374512, "max": 154.892501831, "mean": 38.2796936035, "median": 32.0064544678, "min": 1.55079185963, "var": 637.162841797}, "gfcc": {"cov": [[10995.0673828, -1603.05688477, -835.360473633, 1025.66125488, -850.914001465, 878.092041016, -390.004852295, 301.36026001, -232.119735718, 182.991119385, -112.204460144, 16.9925079346, -33.1674308777], [-1603.05688477, 2111.13452148, -416.437286377, -581.067016602, 535.869689941, -600.010253906, 314.800720215, -307.00592041, 188.127761841, -180.636917114, 197.197235107, -85.6123733521, 79.7243652344], [-835.360473633, -416.437286377, 1439.91662598, 195.635726929, -277.006530762, 226.462188721, -164.922073364, 185.515197754, -110.914466858, 47.9272041321, -65.806640625, 16.9908447266, -78.9350204468], [1025.66125488, -581.067016602, 195.635726929, 539.643554688, -143.789978027, 121.355354309, -97.5701217651, 90.0329742432, -4.55098724365, 61.9869880676, -72.6946411133, 12.4851026535, 16.302318573], [-850.914001465, 535.869689941, -277.006530762, -143.789978027, 464.487426758, -148.341125488, 116.710006714, -77.144569397, 74.5398864746, -23.5888786316, 43.277015686, -13.6717710495, 26.0082588196], [878.092041016, -600.010253906, 226.462188721, 121.355354309, -148.341125488, 449.713470459, -60.6745948792, 110.391609192, -84.2033081055, 60.577960968, -37.2044639587, 24.7182121277, -54.3671264648], [-390.004852295, 314.800720215, -164.922073364, -97.5701217651, 116.710006714, -60.6745948792, 261.556152344, -29.9531993866, 16.1490440369, -40.9516143799, 20.9720191956, -21.6706447601, 27.3658218384], [301.36026001, -307.00592041, 185.515197754, 90.0329742432, -77.144569397, 110.391609192, -29.9531993866, 192.587875366, -17.9473781586, 28.5180912018, -52.2817955017, 8.7495470047, -10.1905899048], [-232.119735718, 188.127761841, -110.914466858, -4.55098724365, 74.5398864746, -84.2033081055, 16.1490440369, -17.9473781586, 130.760635376, 11.8328666687, 15.3434801102, -14.8985509872, 15.4155731201], [182.991119385, -180.636917114, 47.9272041321, 61.9869880676, -23.5888786316, 60.577960968, -40.9516143799, 28.5180912018, 11.8328666687, 126.12046814, 11.3433580399, 0.409722715616, -8.81291675568], [-112.204460144, 197.197235107, -65.806640625, -72.6946411133, 43.277015686, -37.2044639587, 20.9720191956, -52.2817955017, 15.3434801102, 11.3433580399, 116.261802673, 30.3212471008, 3.9948246479], [16.9925079346, -85.6123733521, 16.9908447266, 12.4851026535, -13.6717710495, 24.7182121277, -21.6706447601, 8.7495470047, -14.8985509872, 0.409722715616, 30.3212471008, 85.1086196899, 21.0728149414], [-33.1674308777, 79.7243652344, -78.9350204468, 16.302318573, 26.0082588196, -54.3671264648, 27.3658218384, -10.1905899048, 15.4155731201, -8.81291675568, 3.9948246479, 21.0728149414, 89.3767242432]], "icov": [[0.000280245789327, -0.000460733659565, 0.000541848072316, -0.000700601376593, 0.000590548443142, -0.000652020738926, 0.000453728280263, -0.000535580213182, 0.000694786722306, -0.000296387122944, 0.000109214954136, -3.727258445e-05, 0.000207697943551], [-0.000460733659565, 0.00298308534548, -0.00140004733112, 0.00228549726307, -0.00204079807736, 0.00229028915055, -0.00155741814524, 0.00188466859981, -0.00257014785893, 0.00230194022879, -0.00268821837381, 0.00233845948242, -0.00156740483362], [0.000541848072316, -0.00140004733112, 0.00210198271088, -0.00175120891072, 0.00162363867275, -0.00155277329031, 0.00133705453482, -0.00190007849596, 0.00213592057116, -0.00099429266993, 0.000729364401195, -0.000617187703028, 0.00122919247951], [-0.000700601376593, 0.00228549726307, -0.00175120891072, 0.00485267071053, -0.00160880107433, 0.00190722080879, -0.00111821794417, 0.00164414499886, -0.00302953273058, 0.000765074219089, -0.000189709186088, 0.000882357999217, -0.0021738531068], [0.000590548443142, -0.00204079807736, 0.00162363867275, -0.00160880107433, 0.0047431117855, -0.00158370751888, 0.00047942015226, -0.00128438591491, 0.00106696016155, -0.00165603065398, 0.00133781938348, -0.00132091995329, 0.00103445537388], [-0.000652020738926, 0.00229028915055, -0.00155277329031, 0.00190722080879, -0.00158370751888, 0.00567356171086, -0.00176048860885, 0.00070940394653, -0.000800125068054, 0.000353776238626, -0.00114592444152, 0.000128683866933, 0.000721568067092], [0.000453728280263, -0.00155741814524, 0.00133705453482, -0.00111821794417, 0.00047942015226, -0.00176048860885, 0.00608205934986, -0.00177294225432, 0.00196466222405, 0.000215564999962, -4.67316422146e-05, 0.00114594853949, -0.000918076199014], [-0.000535580213182, 0.00188466859981, -0.00190007849596, 0.00164414499886, -0.00128438591491, 0.00070940394653, -0.00177294225432, 0.00910259783268, -0.00275692320429, 0.000201959177502, 0.00188583519775, -0.000585671397857, -0.000922663253732], [0.000694786722306, -0.00257014785893, 0.00213592057116, -0.00302953273058, 0.00106696016155, -0.000800125068054, 0.00196466222405, -0.00275692320429, 0.012735334225, -0.00337515887804, 0.000634426018223, 0.00034308040631, 0.000637681980152], [-0.000296387122944, 0.00230194022879, -0.00099429266993, 0.000765074219089, -0.00165603065398, 0.000353776238626, 0.000215564999962, 0.000201959177502, -0.00337515887804, 0.0118684610352, -0.00510855391622, 0.00364648620598, -0.00140588125214], [0.000109214954136, -0.00268821837381, 0.000729364401195, -0.000189709186088, 0.00133781938348, -0.00114592444152, -4.67316422146e-05, 0.00188583519775, 0.000634426018223, -0.00510855391622, 0.0161784458905, -0.00887690111995, 0.0030168434605], [-3.727258445e-05, 0.00233845948242, -0.000617187703028, 0.000882357999217, -0.00132091995329, 0.000128683866933, 0.00114594853949, -0.000585671397857, 0.00034308040631, 0.00364648620598, -0.00887690111995, 0.0190327074379, -0.0065510510467], [0.000207697943551, -0.00156740483362, 0.00122919247951, -0.0021738531068, 0.00103445537388, 0.000721568067092, -0.000918076199014, -0.000922663253732, 0.000637681980152, -0.00140588125214, 0.0030168434605, -0.0065510510467, 0.0156208248809]], "mean": [-50.9341773987, 129.182357788, -127.322814941, 43.4994163513, -58.8936080933, 4.31765651703, -35.484703064, -1.56827557087, -21.3370227814, -7.19457483292, -8.72070789337, -12.3894777298, -5.86933994293]}, "hfc": {"dmean": 6.48008823395, "dmean2": 8.70936775208, "dvar": 107.083724976, "dvar2": 197.013458252, "max": 233.240936279, "mean": 18.5826873779, "median": 11.5081005096, "min": 1.22155055012e-16, "var": 412.26965332}, "melbands": {"dmean": [0.000365078507457, 0.00147448433563, 0.000926458451431, 0.000359867466614, 0.000341119390214, 0.000185485783732, 0.000125452977954, 0.00010550852312, 0.000101748810266, 0.000109804823296, 6.73520553391e-05, 5.75737831241e-05, 6.72201786074e-05, 4.50362022093e-05, 3.77859687433e-05, 4.4485561375e-05, 2.32309121202e-05, 3.45588960045e-05, 1.97054432647e-05, 1.58700531756e-05, 1.01715941128e-05, 1.03132952063e-05, 1.07768328235e-05, 7.36261881684e-06, 7.04647573002e-06, 6.25487064099e-06, 4.47912179879e-06, 3.76580533157e-06, 3.67341340279e-06, 3.14919088851e-06, 2.09616723623e-06, 2.08205301533e-06, 2.06275626624e-06, 1.80132519745e-06, 1.77050731054e-06, 1.62953745075e-06, 1.18343825761e-06, 1.35505820253e-06, 9.68250901678e-07, 9.88030024018e-07], "dmean2": [0.000615974946413, 0.00239221099764, 0.00153427605983, 0.000591523712501, 0.000545338145457, 0.000286530499579, 0.000198557158001, 0.000162970798556, 0.000151537213242, 0.000159730450832, 9.6329691587e-05, 8.20009008748e-05, 9.37153599807e-05, 6.3471692556e-05, 5.46886003576e-05, 6.68687789585e-05, 3.51430717274e-05, 5.20254434377e-05, 2.94754718198e-05, 2.41761918005e-05, 1.5717900169e-05, 1.62478700076e-05, 1.64391549333e-05, 1.08182121039e-05, 1.03084703369e-05, 9.38690482144e-06, 6.81041728967e-06, 5.8735768107e-06, 5.7244465097e-06, 4.96074198963e-06, 3.20907770401e-06, 3.1536806091e-06, 3.1129893614e-06, 2.72785678135e-06, 2.72514603239e-06, 2.56214707406e-06, 1.76765661308e-06, 1.96594419322e-06, 1.401669806e-06, 1.38169332331e-06], "dvar": [7.32148691895e-07, 9.44643761613e-06, 3.69415715795e-06, 4.2038757897e-07, 3.31022476985e-07, 1.16421986718e-07, 1.12367210647e-07, 9.32070989279e-08, 1.07913272984e-07, 2.70016784043e-07, 9.05604196078e-08, 3.16507318132e-08, 6.81358329757e-08, 3.08363539148e-08, 1.50773065144e-08, 2.02294305751e-08, 4.4204040428e-09, 1.19901715223e-08, 5.50590284476e-09, 2.26501439826e-09, 6.62248422767e-10, 9.28625509822e-10, 9.34796573482e-10, 5.38673938788e-10, 4.42558767411e-10, 2.02397779092e-10, 7.18275439127e-11, 7.27668342249e-11, 2.7593408114e-10, 2.63653626709e-10, 5.53520250468e-11, 2.4724826353e-11, 2.16809938058e-11, 1.88612944707e-11, 1.69274802508e-11, 1.77715567956e-11, 7.69825956454e-12, 1.22154682203e-11, 6.75131608605e-12, 1.05231266409e-11], "dvar2": [1.94075414583e-06, 2.32727943512e-05, 9.2766886155e-06, 1.1407682905e-06, 8.19732292712e-07, 2.84805338424e-07, 2.91589458357e-07, 2.03457133807e-07, 2.14263621956e-07, 5.26354028807e-07, 1.51341438936e-07, 5.96917359985e-08, 1.33769674449e-07, 5.04937389678e-08, 2.95719644328e-08, 4.33542233225e-08, 8.74551808749e-09, 2.45167992574e-08, 1.06687458867e-08, 4.25700141804e-09, 1.49062617805e-09, 1.89441817788e-09, 1.81625681162e-09, 1.01692509968e-09, 7.80154107982e-10, 4.20597862094e-10, 1.59968288616e-10, 1.79368242481e-10, 7.79740605417e-10, 7.3749950591e-10, 1.44777009825e-10, 6.2582036775e-11, 5.3649470283e-11, 4.87028681273e-11, 4.37430161537e-11, 4.71323674534e-11, 1.79818677309e-11, 2.67182560798e-11, 1.32518241172e-11, 1.79358732727e-11], "max": [0.00875408947468, 0.0360195487738, 0.0261722560972, 0.0148903243244, 0.0191664751619, 0.00603140098974, 0.00983180757612, 0.0112564051524, 0.0154780512676, 0.0228316131979, 0.0132427811623, 0.00546039314941, 0.00753903901204, 0.00830148439854, 0.00685557676479, 0.00469830259681, 0.00250944588333, 0.00367392459884, 0.00347783742473, 0.00199041538872, 0.000745565223042, 0.00138436106499, 0.00162248127162, 0.00119891762733, 0.00100212858524, 0.000540404987987, 0.0003547219967, 0.000313825934427, 0.000945429434069, 0.000840727123432, 0.000368380278815, 0.000130718413857, 7.92092541815e-05, 0.000105720188003, 5.9061057982e-05, 8.74001416378e-05, 4.36943191744e-05, 5.79794905207e-05, 4.08191917813e-05, 6.66496125632e-05], "mean": [0.000471902021673, 0.00191562541295, 0.0012507038191, 0.000572993245441, 0.000639044505078, 0.000350576330675, 0.000220648929826, 0.000188786478247, 0.00017379091878, 0.00019544508541, 0.000130538755911, 9.71977206063e-05, 0.000141026233905, 7.83730502008e-05, 6.66593768983e-05, 9.07793146325e-05, 3.8419606426e-05, 5.53486279387e-05, 3.26454901369e-05, 2.76098508039e-05, 2.05128417292e-05, 1.8997461666e-05, 1.95428456209e-05, 1.33363364512e-05, 1.29005811687e-05, 1.11590088636e-05, 8.07350988907e-06, 7.23882658349e-06, 6.38115898255e-06, 4.9741379371e-06, 2.80604103864e-06, 2.47487560046e-06, 2.36076607507e-06, 2.04791763281e-06, 1.90097080122e-06, 1.67572989085e-06, 1.30498835915e-06, 1.47080049828e-06, 1.04792468392e-06, 1.1305606904e-06], "median": [0.000193695363123, 0.000787668686826, 0.000542289344594, 0.000345433392795, 0.000378195894882, 0.000164060606039, 8.15035455162e-05, 7.07758226781e-05, 4.97508408444e-05, 3.46388333128e-05, 1.81224349944e-05, 1.65075671248e-05, 1.46946995301e-05, 8.70286203281e-06, 8.39965832711e-06, 9.15363852982e-06, 7.38880180506e-06, 1.07461892185e-05, 6.41123642708e-06, 4.54842893305e-06, 4.09725817008e-06, 4.10454413213e-06, 4.95588938065e-06, 3.83863789466e-06, 3.03903721033e-06, 3.70048837794e-06, 2.4439000299e-06, 1.72759609995e-06, 1.41443547363e-06, 9.31256295189e-07, 6.13147562945e-07, 3.75449047851e-07, 2.40645192662e-07, 1.73036696083e-07, 1.24202216512e-07, 8.11560028069e-08, 6.19009057345e-08, 4.59729818658e-08, 2.28060716978e-08, 1.26862147454e-08], "min": [2.52667276726e-24, 4.53910959295e-24, 1.65465973007e-23, 1.09522576627e-23, 6.79301693893e-24, 2.38210087185e-23, 1.06335105254e-23, 1.24054640902e-23, 8.90828040311e-24, 9.40664722428e-24, 8.04148082931e-24, 6.03779227385e-24, 9.6478627453e-24, 1.89970343529e-23, 1.03647748028e-23, 1.46106711082e-23, 8.56469124698e-24, 4.15870666495e-24, 6.59765080259e-24, 7.35588970519e-24, 7.2073661294e-24, 1.29654093936e-23, 8.90543892613e-24, 1.03292902616e-23, 1.31052318336e-23, 1.2765099466e-23, 1.69046675765e-23, 1.00127661342e-23, 1.38419592882e-23, 1.0135796881e-23, 6.66425827312e-24, 1.23930868626e-23, 1.19234172234e-23, 1.08891645675e-23, 9.46911790823e-24, 1.09027771513e-23, 1.0128611147e-23, 9.40923153261e-24, 1.03793166647e-23, 1.09434492419e-23], "var": [6.83840937654e-07, 1.06927382149e-05, 4.21400591222e-06, 5.47733407075e-07, 7.0756709647e-07, 2.95251197713e-07, 2.25121809194e-07, 2.21743292173e-07, 2.77885078503e-07, 7.26725318145e-07, 4.22032854885e-07, 7.78967077508e-08, 2.84801302541e-07, 9.58739434509e-08, 4.12024760976e-08, 8.21718728616e-08, 1.13375220323e-08, 2.44424978035e-08, 1.53713966e-08, 5.85277071252e-09, 2.28688668003e-09, 2.03882200012e-09, 2.89910873086e-09, 1.31757205146e-09, 1.2965136742e-09, 5.29086885415e-10, 1.90323340421e-10, 1.73842509832e-10, 2.61817262315e-10, 2.1787752158e-10, 5.07119485293e-11, 2.88628253242e-11, 2.68919470026e-11, 2.19558034947e-11, 1.86945944836e-11, 1.70697275759e-11, 9.9384432975e-12, 1.65446545353e-11, 1.0065010457e-11, 1.75257950513e-11]}, "melbands_crest": {"dmean": 3.33178091049, "dmean2": 5.40708398819, "dvar": 8.14621734619, "dvar2": 21.6253299713, "max": 32.6972961426, "mean": 13.465086937, "median": 12.8114204407, "min": 2.26767086983, "var": 22.3100357056}, "melbands_flatness_db": {"dmean": 0.0338101945817, "dmean2": 0.0472611859441, "dvar": 0.00121407676488, "dvar2": 0.0023372087162, "max": 0.538702309132, "mean": 0.235218882561, "median": 0.224436223507, "min": 0.00544041907415, "var": 0.00682305172086}, "melbands_kurtosis": {"dmean": 9.33985996246, "dmean2": 14.9330501556, "dvar": 328.375213623, "dvar2": 826.7734375, "max": 265.581115723, "mean": 15.0843582153, "median": 7.51689147949, "min": -1.84675693512, "var": 553.390014648}, "melbands_skewness": {"dmean": 0.882299721241, "dmean2": 1.32578706741, "dvar": 1.09198629856, "dvar2": 2.47140097618, "max": 13.5529603958, "mean": 2.60447406769, "median": 2.30468225479, "min": -2.1843290329, "var": 3.64498829842}, "melbands_spread": {"dmean": 7.35538673401, "dmean2": 11.6471843719, "dvar": 116.717445374, "dvar2": 289.137054443, "max": 179.388885498, "mean": 21.8500518799, "median": 16.8663787842, "min": 0.607276797295, "var": 311.779418945}, "mfcc": {"cov": [[9918.8046875, -2155.83837891, -375.640197754, 22.6152114868, -193.10723877, 336.637420654, -30.7695446014, 99.3315429688, 77.1086502075, 25.424451828, -37.0780487061, 162.016967773, 32.4946632385], [-2155.83837891, 2457.48754883, -740.459106445, 12.1526479721, -27.6756439209, -152.024139404, 15.0232810974, -55.6760292053, -113.507354736, -48.8202552795, 34.9839744568, -34.8570404053, -36.6745491028], [-375.640197754, -740.459106445, 1544.109375, -29.3240909576, 104.228225708, -4.4782705307, 47.5869255066, 50.1778106689, -7.81752443314, 48.9775924683, 31.3111801147, -64.2998046875, 19.8508071899], [22.6152114868, 12.1526479721, -29.3240909576, 401.614471436, 22.0144367218, -27.4337863922, -45.273059845, -24.1350250244, 60.8603858948, 17.4316978455, -58.4045677185, 25.5947761536, 31.2941665649], [-193.10723877, -27.6756439209, 104.228225708, 22.0144367218, 249.678863525, 16.4790935516, -14.4534339905, 7.33600187302, 8.78278636932, 15.4879398346, 19.2069206238, -3.12405991554, 21.23579216], [336.637420654, -152.024139404, -4.4782705307, -27.4337863922, 16.4790935516, 189.692489624, 49.1391792297, 9.00142383575, 4.12346792221, 10.3402891159, 15.5597457886, 24.3415412903, 4.88120317459], [-30.7695446014, 15.0232810974, 47.5869255066, -45.273059845, -14.4534339905, 49.1391792297, 180.952789307, 47.8044776917, 14.1354942322, 4.80537414551, 18.2176513672, -7.45910406113, 2.61946249008], [99.3315429688, -55.6760292053, 50.1778106689, -24.1350250244, 7.33600187302, 9.00142383575, 47.8044776917, 132.5990448, 30.6925792694, -7.22276687622, 5.16409635544, -15.1269178391, -5.83472156525], [77.1086502075, -113.507354736, -7.81752443314, 60.8603858948, 8.78278636932, 4.12346792221, 14.1354942322, 30.6925792694, 142.165267944, 46.1071662903, -24.3251647949, -0.510208904743, 2.65574002266], [25.424451828, -48.8202552795, 48.9775924683, 17.4316978455, 15.4879398346, 10.3402891159, 4.80537414551, -7.22276687622, 46.1071662903, 113.118537903, 26.3076114655, -15.1853599548, -3.89060091972], [-37.0780487061, 34.9839744568, 31.3111801147, -58.4045677185, 19.2069206238, 15.5597457886, 18.2176513672, 5.16409635544, -24.3251647949, 26.3076114655, 104.306861877, 10.5648488998, -12.6538944244], [162.016967773, -34.8570404053, -64.2998046875, 25.5947761536, -3.12405991554, 24.3415412903, -7.45910406113, -15.1269178391, -0.510208904743, -15.1853599548, 10.5648488998, 110.146377563, 30.4250354767], [32.4946632385, -36.6745491028, 19.8508071899, 31.2941665649, 21.23579216, 4.88120317459, 2.61946249008, -5.83472156525, 2.65574002266, -3.89060091972, -12.6538944244, 30.4250354767, 87.758605957]], "icov": [[0.00014700225438, 0.000150248146383, 0.000101836572867, -2.92760141747e-05, 0.000107311738248, -0.000145253332448, 5.43189235032e-05, -0.000147751765326, 0.000110008557385, -8.0730067566e-05, 9.31613976718e-06, -9.35629359446e-05, -6.69783094054e-06], [0.000150248146383, 0.000717198417988, 0.000403711048421, -0.000147770435433, -6.10187839811e-07, 0.000356409087544, -0.000280995125649, -1.31270398924e-05, 0.000564771820791, -4.06527979067e-05, -0.000261311972281, 0.000177683163201, 7.51272382331e-05], [0.000101836572867, 0.000403711048421, 0.000939638179261, -7.57913730922e-05, -0.000238903507125, 0.00023089190654, -0.000280288339127, -0.000265866401605, 0.000524830364157, -0.000344571802998, -0.000220757996431, 0.000475008186186, -0.000246525596594], [-2.92760141747e-05, -0.000147770435433, -7.57913730922e-05, 0.00313416891731, -0.000301764230244, 0.000303792854538, 0.000506844429765, 0.000419873860665, -0.00112204719335, -0.000537670275662, 0.00161052192561, -0.000842339126393, -0.000548113661353], [0.000107311738248, -6.10187839811e-07, -0.000238903507125, -0.000301764230244, 0.00455995975062, -0.0007733120583, 0.000888023641892, -0.000430405314546, -0.000367348693544, -3.26173467329e-05, -0.00121506256983, 0.000557899766136, -0.00135281740222], [-0.000145253332448, 0.000356409087544, 0.00023089190654, 0.000303792854538, -0.0007733120583, 0.00665425462648, -0.00204767240211, 0.000282101362245, 0.000430684158346, -0.000677748175804, -0.000122518933495, -0.00137999129947, 0.000356739765266], [5.43189235032e-05, -0.000280995125649, -0.000280288339127, 0.000506844429765, 0.000888023641892, -0.00204767240211, 0.00716427527368, -0.0021649596747, -0.000931682123337, 0.000185639044503, -0.000971996458247, 0.000614455784671, -0.00103040446993], [-0.000147751765326, -1.31270398924e-05, -0.000265866401605, 0.000419873860665, -0.000430405314546, 0.000282101362245, -0.0021649596747, 0.0096735432744, -0.00302122533321, 0.00254871905781, -0.00125749851577, 0.00144938763697, 0.000276485196082], [0.000110008557385, 0.000564771820791, 0.000524830364157, -0.00112204719335, -0.000367348693544, 0.000430684158346, -0.000931682123337, -0.00302122533321, 0.0110434219241, -0.00544443028048, 0.00354299112223, -0.00124170561321, 0.000734349363483], [-8.0730067566e-05, -4.06527979067e-05, -0.000344571802998, -0.000537670275662, -3.26173467329e-05, -0.000677748175804, 0.000185639044503, 0.00254871905781, -0.00544443028048, 0.0131043419242, -0.0052058682777, 0.00297190295532, -0.00054317159811], [9.31613976718e-06, -0.000261311972281, -0.000220757996431, 0.00161052192561, -0.00121506256983, -0.000122518933495, -0.000971996458247, -0.00125749851577, 0.00354299112223, -0.0052058682777, 0.0139275826514, -0.00357871758752, 0.0025201337412], [-9.35629359446e-05, 0.000177683163201, 0.000475008186186, -0.000842339126393, 0.000557899766136, -0.00137999129947, 0.000614455784671, 0.00144938763697, -0.00124170561321, 0.00297190295532, -0.00357871758752, 0.0122327804565, -0.00426606368273], [-6.69783094054e-06, 7.51272382331e-05, -0.000246525596594, -0.000548113661353, -0.00135281740222, 0.000356739765266, -0.00103040446993, 0.000276485196082, 0.000734349363483, -0.00054317159811, 0.0025201337412, -0.00426606368273, 0.0138327134773]], "mean": [-684.532165527, 142.386749268, -1.55299818516, 34.4679946899, 1.49440026283, 3.67368006706, -0.846042633057, -0.965446650982, -6.21958017349, 1.84370100498, -4.11551523209, -3.01147866249, -5.46097612381]}, "pitch_salience": {"dmean": 0.0731149464846, "dmean2": 0.119493961334, "dvar": 0.00435753073543, "dvar2": 0.0121872313321, "max": 0.910209536552, "mean": 0.534677028656, "median": 0.538905382156, "min": 0.133149683475, "var": 0.0110997958109}, "silence_rate_20dB": {"dmean": 0, "dmean2": 0, "dvar": 0, "dvar2": 0, "max": 1, "mean": 1, "median": 1, "min": 1, "var": 0}, "silence_rate_30dB": {"dmean": 0.00754927983508, "dmean2": 0.0151006709784, "dvar": 0.00749246636406, "dvar2": 0.0201864670962, "max": 1, "mean": 0.994548499584, "median": 1, "min": 0, "var": 0.00542217446491}, "silence_rate_60dB": {"dmean": 0.0246050599962, "dmean2": 0.0492170006037, "dvar": 0.0240006316453, "dvar2": 0.052381888032, "max": 1, "mean": 0.0703103169799, "median": 0, "min": 0, "var": 0.0653668940067}, "spectral_centroid": {"dmean": 269.814910889, "dmean2": 407.886199951, "dvar": 123122.039062, "dvar2": 257878.453125, "max": 11447.1201172, "mean": 1192.24182129, "median": 1086.73425293, "min": 167.048522949, "var": 475619.25}, "spectral_complexity": {"dmean": 2.82371044159, "dmean2": 4.20917224884, "dvar": 10.9323329926, "dvar2": 21.48254776, "max": 49, "mean": 14.9970645905, "median": 13, "min": 0, "var": 73.6891708374}, "spectral_contrast_coeffs": {"dmean": [0.0509283803403, 0.0465441271663, 0.0406789816916, 0.0346589908004, 0.0265697464347, 0.0243435166776], "dmean2": [0.0831835120916, 0.0741842836142, 0.0627448111773, 0.0540347471833, 0.0407761894166, 0.0357374362648], "dvar": [0.00173790822737, 0.00148354086559, 0.00118914921768, 0.000834839360323, 0.000553549267352, 0.000641006394289], "dvar2": [0.00447903154418, 0.00380848022178, 0.00260360958055, 0.00182034238242, 0.00118405476678, 0.00127382064238], "max": [-0.277204573154, -0.398077219725, -0.382552057505, -0.47677385807, -0.523141145706, -0.518136024475], "mean": [-0.614391803741, -0.703849434853, -0.732053637505, -0.734575212002, -0.760906338692, -0.75524353981], "median": [-0.616735816002, -0.707468628883, -0.741192221642, -0.736674427986, -0.767286539078, -0.76703953743], "min": [-0.964591383934, -0.966878294945, -0.959921658039, -0.966165661812, -0.962475597858, -0.959359586239], "var": [0.00614531058818, 0.0060925828293, 0.0064592147246, 0.0053963791579, 0.00373618607409, 0.00366624607705]}, "spectral_contrast_valleys": {"dmean": [0.458750188351, 0.370067387819, 0.354047298431, 0.334467887878, 0.377880483866, 0.635688602924], "dmean2": [0.717026293278, 0.57671803236, 0.541964888573, 0.49081403017, 0.477437406778, 0.682568848133], "dvar": [0.18540045619, 0.130307972431, 0.1245008111, 0.12281023711, 0.181933999062, 0.527986586094], "dvar2": [0.374920368195, 0.26312866807, 0.247335866094, 0.210835695267, 0.278083860874, 0.854815721512], "max": [-5.31715774536, -5.09913778305, -5.75313711166, -6.06731843948, -5.9672794342, -7.56012678146], "mean": [-7.39565753937, -7.05508708954, -7.97036075592, -8.46122360229, -8.22016525269, -11.016076088], "median": [-7.22707653046, -6.93842220306, -7.8928194046, -8.36200141907, -8.07748794556, -11.1769838333], "min": [-27.7112884521, -27.4031677246, -27.1264686584, -27.3527526855, -27.3639259338, -27.161272049], "var": [1.15547835827, 1.04836297035, 1.07014667988, 1.23239660263, 1.41737544537, 2.63570475578]}, "spectral_decrease": {"dmean": 2.29445928923e-09, "dmean2": 3.45022210801e-09, "dvar": 1.36140586403e-17, "dvar2": 3.029291244e-17, "max": 4.05714673342e-16, "mean": -5.89021720288e-09, "median": -4.25421031736e-09, "min": -4.34112230607e-08, "var": 3.03930906296e-17}, "spectral_energy": {"dmean": 0.00904938578606, "dmean2": 0.0134445065632, "dvar": 0.000205393953365, "dvar2": 0.000448203179985, "max": 0.168321400881, "mean": 0.0239165555686, "median": 0.0174323748797, "min": 1.1015256448e-20, "var": 0.000493036583066}, "spectral_energyband_high": {"dmean": 0.000535572646186, "dmean2": 0.000761268602218, "dvar": 1.61466664395e-06, "dvar2": 3.71818327949e-06, "max": 0.0468477644026, "mean": 0.000779685098678, "median": 0.00015058174904, "min": 8.06284770122e-21, "var": 2.30167506743e-06}, "spectral_energyband_low": {"dmean": 0.00611154269427, "dmean2": 0.00982668064535, "dvar": 0.000153806613525, "dvar2": 0.000364970328519, "max": 0.131173342466, "mean": 0.00863475631922, "median": 0.00380268041044, "min": 4.83457192297e-23, "var": 0.000190584803931}, "spectral_energyband_middle_high": {"dmean": 0.00168700970244, "dmean2": 0.00221897661686, "dvar": 1.00150073195e-05, "dvar2": 1.57663944265e-05, "max": 0.0792424604297, "mean": 0.00548087060452, "median": 0.00210452289321, "min": 1.6484477723e-21, "var": 7.17758084647e-05}, "spectral_energyband_middle_low": {"dmean": 0.00427195895463, "dmean2": 0.00666389847174, "dvar": 4.36351801909e-05, "dvar2": 0.000103679012682, "max": 0.123920850456, "mean": 0.0104991262779, "median": 0.00730994530022, "min": 3.7700697646e-22, "var": 0.00011593682575}, "spectral_entropy": {"dmean": 0.266335844994, "dmean2": 0.33906775713, "dvar": 0.0939146354795, "dvar2": 0.162055119872, "max": 9.80491733551, "mean": 7.17744779587, "median": 7.18937110901, "min": 4.54782962799, "var": 0.402692615986}, "spectral_flux": {"dmean": 0.0261221453547, "dmean2": 0.0409341938794, "dvar": 0.00103011447936, "dvar2": 0.00240814569406, "max": 0.334978252649, "mean": 0.0785088539124, "median": 0.0657563880086, "min": 1.04953594426e-10, "var": 0.0027445233427}, "spectral_kurtosis": {"dmean": 3.60980391502, "dmean2": 5.63034391403, "dvar": 25.5394153595, "dvar2": 58.450969696, "max": 104.417633057, "mean": 6.40450143814, "median": 3.85352706909, "min": -1.13190793991, "var": 61.7139701843}, "spectral_rms": {"dmean": 0.000830466276966, "dmean2": 0.00119783449918, "dvar": 1.12785846795e-06, "dvar2": 2.29285501518e-06, "max": 0.0128146791831, "mean": 0.00435654912144, "median": 0.00412397831678, "min": 3.27819932658e-12, "var": 4.35368156104e-06}, "spectral_rolloff": {"dmean": 587.737670898, "dmean2": 1018.88171387, "dvar": 1474460.125, "dvar2": 3743373.75, "max": 18841.5527344, "mean": 1371.30651855, "median": 904.39453125, "min": 129.19921875, "var": 2464679.5}, "spectral_skewness": {"dmean": 0.396740347147, "dmean2": 0.581042289734, "dvar": 0.199654385448, "dvar2": 0.419359624386, "max": 8.52662372589, "mean": 1.61094307899, "median": 1.37663531303, "min": -0.505993664265, "var": 0.756243169308}, "spectral_spread": {"dmean": 793694.3125, "dmean2": 994596.0625, "dvar": 1125797199870.0, "dvar2": 1898888429570.0, "max": 38387368