{"lowlevel": {"average_loudness": 0.407335460186, "barkbands": {"dmean": [2.48144006036e-05, 0.0017579147825, 0.00174348894507, 0.00136233912781, 0.000620431033894, 0.000390938483179, 0.000401360419346, 0.000427927909186, 0.000455140660051, 0.000456874200609, 0.00021558694425, 0.000210073616472, 0.00025152642047, 0.000390929781133, 0.000232002756093, 0.000161971605849, 0.000168911195942, 0.000108965439722, 0.000143143493915, 4.69888655061e-05, 3.47204622813e-05, 4.78446272609e-05, 1.77554102265e-05, 1.68364676938e-05, 1.09053498818e-05, 6.46172566121e-06, 5.86277415504e-10], "dmean2": [3.86171304854e-05, 0.00270014256239, 0.00311657437123, 0.00224501476623, 0.00103010050952, 0.00058042188175, 0.00054654374253, 0.000622014515102, 0.000688644417096, 0.000649921421427, 0.000327060581185, 0.000316522055073, 0.000392621965148, 0.000605902227107, 0.000349616224412, 0.000246179144597, 0.000256855215412, 0.000170602957951, 0.000212463215576, 7.567468856e-05, 5.30162724317e-05, 7.24737619748e-05, 2.58247600868e-05, 2.51182809734e-05, 1.58452439791e-05, 9.40287281992e-06, 1.08286624112e-09], "dvar": [6.83212286745e-09, 2.38055017689e-05, 3.37548299285e-05, 2.87273214781e-05, 3.21360107591e-06, 1.31571630391e-06, 1.6505197209e-06, 1.92746028915e-06, 2.92567460747e-06, 2.43566410063e-06, 5.5254901099e-07, 9.16123724437e-07, 1.09396296466e-06, 2.32126967603e-06, 7.62097215556e-07, 3.92044739783e-07, 2.77060706821e-07, 1.16687068896e-07, 1.73009823357e-07, 1.43135379105e-08, 2.10074269091e-08, 4.55453559312e-08, 7.11001257869e-09, 3.4889904299e-09, 1.70071212668e-09, 6.5264577076e-10, 1.58811295023e-18], "dvar2": [1.5612716453e-08, 5.03766968905e-05, 9.42236874835e-05, 7.40798204788e-05, 8.70657277119e-06, 2.61427567239e-06, 3.01106888401e-06, 4.17663568442e-06, 7.07331400918e-06, 5.37812638868e-06, 1.25354392821e-06, 2.10725875149e-06, 2.67536984211e-06, 5.32424974153e-06, 1.63610889103e-06, 8.59709246015e-07, 6.10916231381e-07, 2.4524069886e-07, 3.57379150273e-07, 3.57929827999e-08, 4.59830715727e-08, 9.32828072564e-08, 1.42581004781e-08, 7.9348829729e-09, 3.856060804e-09, 1.44776479694e-09, 5.07668080243e-18], "max": [0.00144868157804, 0.0499778427184, 0.0696032717824, 0.0797888785601, 0.0341949164867, 0.0353530272841, 0.0494269281626, 0.028876543045, 0.0377649143338, 0.0407297462225, 0.0203557237983, 0.0390524044633, 0.0305099785328, 0.045823354274, 0.0196461547166, 0.0231176130474, 0.0215998832136, 0.0125913871452, 0.0100579019636, 0.00263055739924, 0.00595237640664, 0.0106888115406, 0.00483815930784, 0.00146172405221, 0.000619503669441, 0.000456462468719, 2.10235189257e-08], "mean": [2.1834493964e-05, 0.00195179926232, 0.0014959248947, 0.00132494361605, 0.000920688849874, 0.00100888218731, 0.000983742182143, 0.00074611150194, 0.000763329444453, 0.000956615025643, 0.000366424705135, 0.000353444454959, 0.000402564386604, 0.000816023617517, 0.000391287438106, 0.00030407847953, 0.000337175268214, 0.000183355834452, 0.000301420455799, 7.97688189778e-05, 6.09286325925e-05, 9.21521059354e-05, 2.42966507358e-05, 2.32811089518e-05, 1.25854758153e-05, 6.71649831929e-06, 5.27667021188e-10], "median": [7.73835722612e-07, 0.000208327342989, 0.000165142904734, 0.000143253011629, 0.000369017652702, 0.000177093694219, 0.000103342768853, 0.000101555175206, 6.45911713946e-05, 7.27185761207e-05, 4.40924450231e-05, 3.73444745492e-05, 3.76719981432e-05, 2.91513042612e-05, 2.68404619419e-05, 2.74356716545e-05, 2.76632326859e-05, 1.2891505321e-05, 1.06797806438e-05, 4.4590192374e-06, 3.64561446986e-06, 3.16416662827e-06, 1.45527246787e-06, 1.42003830206e-06, 5.9393016727e-07, 2.03987539749e-07, 1.40576106311e-10], "min": [2.08151788791e-23, 5.82481134681e-23, 6.31127536133e-23, 6.49882546383e-23, 4.73176914752e-23, 1.48418452187e-23, 5.82654431645e-23, 4.75440913996e-23, 1.39432717476e-22, 1.39139841821e-22, 7.49474342401e-23, 4.05401109665e-23, 9.83607564873e-23, 7.78283984422e-23, 1.02602802363e-22, 1.87049207374e-22, 1.06066539136e-22, 2.04911605732e-22, 4.36354837761e-22, 2.31839782939e-22, 6.17502898558e-22, 5.47802784044e-22, 5.06455113013e-22, 7.42802131621e-22, 1.34025534141e-21, 1.73470922004e-21, 2.64040514586e-21], "var": [6.55657084181e-09, 2.92573895422e-05, 2.32641214097e-05, 2.3962391424e-05, 3.22666528518e-06, 9.53483777266e-06, 1.06342176878e-05, 4.44819943368e-06, 6.35893547951e-06, 7.48335696699e-06, 1.23656434425e-06, 1.9417304884e-06, 1.98172097043e-06, 7.21850437913e-06, 1.86772706456e-06, 1.1327277889e-06, 9.50665139499e-07, 2.98642532925e-07, 6.84298811393e-07, 3.99063324608e-08, 4.12401846006e-08, 1.14397643358e-07, 1.3302388524e-08, 5.53764856193e-09, 2.00617922275e-09, 7.43649641866e-10, 1.24688750587e-18]}, "barkbands_crest": {"dmean": 2.50630760193, "dmean2": 3.85542535782, "dvar": 5.80519342422, "dvar2": 12.9266471863, "max": 26.4562683105, "mean": 10.4677839279, "median": 9.64658069611, "min": 2.60932207108, "var": 19.527677536}, "barkbands_flatness_db": {"dmean": 0.024998029694, "dmean2": 0.0379119366407, "dvar": 0.00083602941595, "dvar2": 0.00185626931489, "max": 0.589385151863, "mean": 0.190756112337, "median": 0.178285166621, "min": 0.0350896753371, "var": 0.0043699266389}, "barkbands_kurtosis": {"dmean": 6.95647525787, "dmean2": 10.8034448624, "dvar": 2429.52539063, "dvar2": 6456.88232422, "max": 3560.53100586, "mean": 10.1678781509, "median": 1.90137732029, "min": -1.8927975893, "var": 1991.05981445}, "barkbands_skewness": {"dmean": 0.698230624199, "dmean2": 1.03251874447, "dvar": 1.15013670921, "dvar2": 2.3912923336, "max": 39.2624740601, "mean": 1.76058530807, "median": 1.26413011551, "min": -4.01370668411, "var": 4.1415271759}, "barkbands_spread": {"dmean": 4.61083221436, "dmean2": 7.29969406128, "dvar": 49.6836433411, "dvar2": 118.09803009, "max": 141.649246216, "mean": 15.6364679337, "median": 12.7725419998, "min": 0.0366503596306, "var": 182.519515991}, "dissonance": {"dmean": 0.0227378662676, "dmean2": 0.0374033711851, "dvar": 0.000534799939487, "dvar2": 0.00136580877006, "max": 0.500000119209, "mean": 0.449051499367, "median": 0.459592819214, "min": 0.177361920476, "var": 0.00166454655118}, "dynamic_complexity": 8.48872947693, "erbbands": {"dmean": [0.0459070056677, 0.455299109221, 1.78582656384, 3.48544287682, 3.29143071175, 1.81863856316, 1.76238632202, 3.83120584488, 5.83069181442, 7.50062704086, 7.42427110672, 11.1427402496, 15.0983381271, 8.14433574677, 9.56905651093, 8.64975357056, 11.3080692291, 19.1655597687, 13.4510097504, 9.79559993744, 7.50605630875, 8.44490337372, 5.7637720108, 6.08974170685, 6.04148483276, 1.94933748245, 1.11298370361, 1.75081634521, 1.8736230135, 0.783951818943, 0.463063716888, 0.40536737442, 0.246375828981, 0.127866283059, 0.078311227262, 0.0363976992667, 0.0104933483526, 0.000906894099899, 1.96335113287e-05, 7.83074028732e-06], "dmean2": [0.0649709552526, 0.726170778275, 3.16568732262, 5.9339132309, 5.3959069252, 2.9679043293, 2.72551870346, 5.73864746094, 7.96194839478, 10.9728059769, 10.9554929733, 16.9100227356, 22.3164730072, 11.532664299, 14.4212598801, 13.084230423, 17.5527629852, 29.273519516, 19.854139328, 14.5883302689, 11.1114902496, 12.8416671753, 8.86589050293, 8.95909881592, 9.19887638092, 3.07700395584, 1.72383582592, 2.59574961662, 2.79937791824, 1.19081664085, 0.667762458324, 0.607762515545, 0.367652267218, 0.188606023788, 0.11413449049, 0.0532869100571, 0.0154969561845, 0.00136186985765, 2.85242185782e-05, 1.11217050289e-05], "dvar": [0.0159270185977, 1.67440032959, 34.9036598206, 156.49546814, 151.848144531, 20.7379245758, 18.5127830505, 153.550613403, 370.093597412, 560.657653809, 715.382385254, 1977.74975586, 2841.35107422, 941.641601563, 1151.72009277, 1741.9173584, 2180.48461914, 6002.24755859, 2084.6237793, 1641.87341309, 698.770507813, 851.780090332, 299.257568359, 281.032775879, 336.60748291, 24.9779682159, 14.3873538971, 64.6796875, 76.7337188721, 16.2530937195, 4.07529497147, 2.68211483955, 0.641398906708, 0.235306143761, 0.0948389694095, 0.0210061985999, 0.00174959737342, 1.3397137991e-05, 4.9913162492e-09, 2.80299977673e-10], "dvar2": [0.0294860824943, 3.97439599037, 97.0503463745, 422.096679688, 387.310272217, 54.3957519531, 42.9919471741, 304.202392578, 664.277404785, 1210.02966309, 1620.97839355, 4794.875, 6505.77929688, 1970.07971191, 2576.11547852, 4234.00830078, 5350.06884766, 13770.9267578, 4287.32617188, 3792.8034668, 1407.00561523, 1975.1472168, 617.900634766, 532.474975586, 773.935058594, 59.253818512, 32.3913955688, 133.461013794, 153.695343018, 33.2728729248, 7.9994559288, 6.09592866898, 1.47360777855, 0.55959379673, 0.214644506574, 0.046982422471, 0.00390503369272, 3.04381901515e-05, 1.1044742898e-08, 6.31809271567e-10], "max": [1.3935624361, 13.3484268188, 56.31067276, 197.324310303, 189.591293335, 76.7674255371, 150.061889648, 468.519683838, 752.724182129, 596.228759766, 720.201538086, 923.692260742, 1307.03649902, 1774.65283203, 1009.25323486, 1525.56469727, 1671.68212891, 2402.23681641, 1177.21289063, 1272.10009766, 862.297668457, 1268.84387207, 662.192138672, 437.984039307, 531.764099121, 105.380081177, 130.00100708, 385.469543457, 464.598022461, 203.760009766, 98.4818649292, 49.3680038452, 16.8790931702, 12.3175201416, 4.90425539017, 3.02139019966, 0.723348200321, 0.0792732536793, 0.00141134334262, 0.000200698937988], "mean": [0.0495977289975, 0.474311083555, 1.5197198391, 3.40803742409, 3.61508965492, 3.02026319504, 3.703540802, 9.82169151306, 16.2874126434, 14.7419471741, 13.7410945892, 19.4542503357, 30.1343898773, 18.3652687073, 17.6760883331, 15.6188278198, 20.3350906372, 39.9474830627, 26.7098808289, 18.3473434448, 16.3120708466, 17.4751415253, 11.8338880539, 13.47315979, 12.3883686066, 3.78444218636, 1.85441839695, 3.46300458908, 3.69610357285, 1.2470395565, 0.648363411427, 0.56674516201, 0.32750838995, 0.151506185532, 0.086025647819, 0.0387236252427, 0.0106655890122, 0.000900655577425, 2.52588833973e-05, 1.76763478521e-05], "median": [0.00426412606612, 0.0560677908361, 0.167032048106, 0.527790665627, 0.768280565739, 1.18770217896, 1.33525311947, 1.63332509995, 1.69426643848, 2.25325393677, 1.96514475346, 2.05027031898, 2.32784438133, 1.91618728638, 2.53116822243, 1.84078478813, 2.28518295288, 1.82345986366, 1.70428228378, 1.45256650448, 1.6672334671, 1.47634840012, 0.895727276802, 0.614301860332, 0.421458244324, 0.238482415676, 0.158355370164, 0.14421145618, 0.119314305484, 0.0653915554285, 0.0391550064087, 0.0322548784316, 0.0208710823208, 0.00843144860119, 0.00310721760616, 0.00129352649674, 0.000287018861854, 2.34208946495e-05, 4.13586985815e-06, 6.15286353423e-06], "min": [2.28267780371e-21, 1.10975940385e-20, 5.19913226469e-20, 1.82773673053e-19, 1.78559549724e-19, 1.50434698039e-19, 1.19379675356e-19, 1.77804837888e-19, 4.72156968392e-19, 1.18696902384e-18, 1.38037067529e-18, 3.1036370794e-18, 3.89378564311e-18, 4.52448645835e-18, 2.22376775016e-18, 1.81636082576e-18, 4.13438311839e-18, 3.765468837e-18, 6.05149164763e-18, 6.07575120063e-18, 9.54541446032e-18, 7.10037693027e-18, 1.14675166789e-17, 1.06305248771e-17, 2.55314738913e-17, 1.21038501805e-17, 1.80134509882e-17, 2.62099489364e-17, 1.8955340045e-17, 1.90263882422e-17, 1.45804793925e-17, 1.40141005553e-17, 1.33860967625e-17, 1.23711444965e-17, 1.11513078646e-17, 6.4840938731e-18, 2.93176197621e-18, 1.67413094514e-18, 3.64745911491e-19, 3.63163760548e-20], "var": [0.0211435481906, 1.76714158058, 24.0139694214, 119.744743347, 131.3177948, 29.8269901276, 50.5900192261, 1030.15881348, 3057.15722656, 1705.73132324, 1551.98608398, 4120.16210938, 7549.06591797, 3508.54760742, 2716.13500977, 3658.24047852, 4202.83398438, 16804.8417969, 6423.21484375, 4118.02197266, 2631.23144531, 2661.1340332, 995.551940918, 1327.61584473, 1089.54577637, 81.962852478, 27.4745769501, 146.912963867, 191.809997559, 34.4224205017, 8.03328895569, 4.43543481827, 0.910168886185, 0.262663155794, 0.109133303165, 0.0238058138639, 0.00196489552036, 1.46234706335e-05, 5.91459103916e-09, 6.22874141154e-10]}, "erbbands_crest": {"dmean": 2.44673466682, "dmean2": 3.86654782295, "dvar": 5.34959793091, "dvar2": 13.3360738754, "max": 28.9885482788, "mean": 9.6378030777, "median": 8.78000164032, "min": 2.25415325165, "var": 16.3858451843}, "erbbands_flatness_db": {"dmean": 0.0204866994172, "dmean2": 0.0275659635663, "dvar": 0.000495247833896, "dvar2": 0.000823023729026, "max": 0.378128826618, "mean": 0.193466037512, "median": 0.194461748004, "min": 0.0528119727969, "var": 0.00305550917983}, "erbbands_kurtosis": {"dmean": 1.20307207108, "dmean2": 1.8290810585, "dvar": 5.59187078476, "dvar2": 13.0480422974, "max": 103.629798889, "mean": 1.14765238762, "median": 0.239961057901, "min": -1.85303199291, "var": 10.1491174698}, "erbbands_skewness": {"dmean": 0.403468638659, "dmean2": 0.60775333643, "dvar": 0.227063477039, "dvar2": 0.522737264633, "max": 9.50524425507, "mean": 0.438510000706, "median": 0.378176271915, "min": -4.18311834335, "var": 0.957133710384}, "erbbands_spread": {"dmean": 8.17738723755, "dmean2": 11.8994054794, "dvar": 137.421234131, "dvar2": 270.737823486, "max": 171.525848389, "mean": 30.7455883026, "median": 25.4933605194, "min": 3.28300070763, "var": 405.917388916}, "gfcc": {"cov": [[25616.9785156, 126.176246643, -3522.24243164, 637.593261719, -1018.40698242, -123.512374878, -421.051391602, 145.684631348, -35.1457939148, -242.51473999, 5.66305160522, -313.339324951, -202.672164917], [126.176246643, 2115.08569336, 70.1225891113, -540.171875, 272.323547363, -168.920318604, 41.5181350708, -155.840270996, 130.097549438, -147.86555481, 145.993148804, -10.316649437, 107.89666748], [-3522.24243164, 70.1225891113, 2001.66625977, 333.599914551, 288.281982422, 249.062225342, -14.3757734299, 90.3684844971, -35.4018707275, 124.989547729, -58.8402557373, 115.129119873, -38.0124893188], [637.593261719, -540.171875, 333.599914551, 761.930297852, 61.9839439392, 118.427528381, -0.377565652132, 104.988777161, 12.5093011856, 37.0708961487, -46.597202301, -34.5261230469, -23.0019073486], [-1018.40698242, 272.323547363, 288.281982422, 61.9839439392, 450.915527344, 93.50365448, 71.4200820923, 65.2640380859, 65.3724594116, 9.39193058014, 0.574267685413, -0.557567298412, 14.1368122101], [-123.512374878, -168.920318604, 249.062225342, 118.427528381, 93.50365448, 274.546722412, 111.580085754, 64.5271606445, -15.1219186783, 58.106464386, -33.6645278931, 2.00822162628, -13.5617113113], [-421.051391602, 41.5181350708, -14.3757734299, -0.377565652132, 71.4200820923, 111.580085754, 317.374908447, 32.8280982971, -2.81997942924, 34.1723327637, 22.2372226715, 6.46859073639, 12.2581930161], [145.684631348, -155.840270996, 90.3684844971, 104.988777161, 65.2640380859, 64.5271606445, 32.8280982971, 170.75920105, 34.0473175049, 27.3397140503, -10.7168626785, 2.34031844139, -17.8819923401], [-35.1457939148, 130.097549438, -35.4018707275, 12.5093011856, 65.3724594116, -15.1219186783, -2.81997942924, 34.0473175049, 159.697021484, 16.3398113251, 46.1851844788, -10.5948123932, 29.5280227661], [-242.51473999, -147.86555481, 124.989547729, 37.0708961487, 9.39193058014, 58.106464386, 34.1723327637, 27.3397140503, 16.3398113251, 146.545227051, 24.2668781281, 30.0025482178, -8.98444652557], [5.66305160522, 145.993148804, -58.8402557373, -46.597202301, 0.574267685413, -33.6645278931, 22.2372226715, -10.7168626785, 46.1851844788, 24.2668781281, 132.314712524, 29.0562229156, 25.6772861481], [-313.339324951, -10.316649437, 115.129119873, -34.5261230469, -0.557567298412, 2.00822162628, 6.46859073639, 2.34031844139, -10.5948123932, 30.0025482178, 29.0562229156, 117.161697388, 26.7416610718], [-202.672164917, 107.89666748, -38.0124893188, -23.0019073486, 14.1368122101, -13.5617113113, 12.2581930161, -17.8819923401, 29.5280227661, -8.98444652557, 25.6772861481, 26.7416610718, 93.137512207]], "icov": [[9.08317015273e-05, -0.000171610838152, 0.000236411113292, -0.000244615686825, 0.000217076434637, -0.00024308252614, 0.000209297068068, -0.000217431646888, 0.000104823971924, -6.30151043879e-05, 3.69399858755e-05, -0.000126440427266, 0.000281706597889], [-0.000171610838152, 0.00129754294176, -0.000711904198397, 0.0010984785622, -0.00096837466117, 0.000819160486571, -0.000638917030301, 0.00101681263186, -0.000708392472006, 0.00105149566662, -0.000874597695656, 0.00078889838187, -0.00100965239108], [0.000236411113292, -0.000711904198397, 0.00142540596426, -0.0010458844481, 0.000278352934401, -0.00117201555986, 0.000911365670618, -0.000619888887741, 0.000565987837035, -0.000736353802495, 0.000534311926458, -0.0013207042357, 0.00119216996245], [-0.000244615686825, 0.0010984785622, -0.0010458844481, 0.00269687431864, -0.000842308800202, 0.000523819995578, -0.000548264710233, 0.000184387070476, -0.000649696448818, 0.000618336664047, -0.000430450949352, 0.00146260904148, -0.00128963193856], [0.000217076434637, -0.00096837466117, 0.000278352934401, -0.000842308800202, 0.00377028156072, -0.00131093210075, 0.000126364873722, -0.00141794676892, -0.00069509271998, -5.5495173001e-05, 0.000605453620665, -0.000296077749226, 0.000580864609219], [-0.00024308252614, 0.000819160486571, -0.00117201555986, 0.000523819995578, -0.00131093210075, 0.00667632278055, -0.00242680916563, -0.000252756290138, 0.000286212976789, -0.00114446796943, 0.000957266893238, 0.00109365757089, -0.0011639756849], [0.000209297068068, -0.000638917030301, 0.000911365670618, -0.000548264710233, 0.000126364873722, -0.00242680916563, 0.00463798874989, -0.0010549526196, 0.00110354134813, -0.000798931287136, -0.000774673186243, -0.000275585916825, 0.000112409426947], [-0.000217431646888, 0.00101681263186, -0.000619888887741, 0.000184387070476, -0.00141794676892, -0.000252756290138, -0.0010549526196, 0.00863922666758, -0.0027049977798, 0.000424631289206, 0.00028195354389, -0.000623518310022, 0.0011172509985], [0.000104823971924, -0.000708392472006, 0.000565987837035, -0.000649696448818, -0.00069509271998, 0.000286212976789, 0.00110354134813, -0.0027049977798, 0.0094240764156, -0.0018809561152, -0.00242458935827, 0.00195173290558, -0.00245927972719], [-6.30151043879e-05, 0.00105149566662, -0.000736353802495, 0.000618336664047, -5.5495173001e-05, -0.00114446796943, -0.000798931287136, 0.000424631289206, -0.0018809561152, 0.0097980806604, -0.0024348332081, -0.00145427335519, 0.00115570100024], [3.69399858755e-05, -0.000874597695656, 0.000534311926458, -0.000430450949352, 0.000605453620665, 0.000957266893238, -0.000774673186243, 0.00028195354389, -0.00242458935827, -0.0024348332081, 0.0109735056758, -0.0028642998077, -0.000260183151113], [-0.000126440427266, 0.00078889838187, -0.0013207042357, 0.00146260904148, -0.000296077749226, 0.00109365757089, -0.000275585916825, -0.000623518310022, 0.00195173290558, -0.00145427335519, -0.0028642998077, 0.0123487943783, -0.00476109469309], [0.000281706597889, -0.00100965239108, 0.00119216996245, -0.00128963193856, 0.000580864609219, -0.0011639756849, 0.000112409426947, 0.0011172509985, -0.00245927972719, 0.00115570100024, -0.000260183151113, -0.00476109469309, 0.0149595001712]], "mean": [-139.89175415, 118.83870697, -120.294319153, 23.8054332733, -52.4679641724, 9.28001689911, -38.253742218, 4.47097635269, -22.3287277222, -2.06083130836, -16.1811714172, -2.77014040947, -10.536324501]}, "hfc": {"dmean": 3.46703958511, "dmean2": 4.84851121902, "dvar": 45.6499023438, "dvar2": 86.8906936646, "max": 114.185874939, "mean": 11.350030899, "median": 2.52011632919, "min": 1.21228268618e-16, "var": 305.093719482}, "melbands": {"dmean": [0.000438662042143, 0.000805978605058, 0.000614908523858, 0.000171714622411, 6.34190728306e-05, 8.34612364997e-05, 8.27292460599e-05, 8.81198648131e-05, 6.27034532954e-05, 7.12180699338e-05, 7.64467768022e-05, 3.533488416e-05, 3.10304494633e-05, 2.58476266026e-05, 2.26463816944e-05, 2.46823565249e-05, 4.11151049775e-05, 2.55977229244e-05, 1.59647752298e-05, 1.30525359054e-05, 8.95828270586e-06, 9.42697806749e-06, 8.84895234776e-06, 4.46781223218e-06, 5.42293128092e-06, 5.86036594541e-06, 2.82060273094e-06, 1.10747680537e-06, 7.34481488962e-07, 7.45951012959e-07, 1.22615392684e-06, 1.28860040149e-06, 6.60579416945e-07, 3.81820882467e-07, 2.66283791461e-07, 2.78871880255e-07, 2.48546882631e-07, 1.9574268606e-07, 1.2126828608e-07, 1.06747855e-07], "dmean2": [0.000651584123261, 0.00137337739579, 0.00102645519655, 0.000283383822534, 9.81794946711e-05, 0.000124874000903, 0.000113492576929, 0.000128970001242, 9.30347086978e-05, 0.000107866304461, 0.000112500594696, 4.99783927808e-05, 4.69344377052e-05, 3.86879291909e-05, 3.58501711162e-05, 3.81554018531e-05, 6.30357972113e-05, 3.78908771381e-05, 2.40982681134e-05, 1.97319059225e-05, 1.3345892512e-05, 1.44897885548e-05, 1.36990174724e-05, 6.87909960106e-06, 8.00056386652e-06, 8.8573751782e-06, 4.44651141152e-06, 1.77069227902e-06, 1.15768682463e-06, 1.14953843422e-06, 1.82283895356e-06, 1.93100800061e-06, 1.01712089418e-06, 5.89429021147e-07, 3.87429992088e-07, 4.177790629e-07, 3.79066307232e-07, 2.97472325883e-07, 1.79963706159e-07, 1.61151135103e-07], "dvar": [1.45980709476e-06, 6.33544277662e-06, 4.89479089083e-06, 2.97437424024e-07, 2.07474251113e-08, 6.63632704345e-08, 7.03623825871e-08, 7.63952243688e-08, 4.99259193987e-08, 7.95677976839e-08, 7.24748616676e-08, 1.78770651615e-08, 1.13829017323e-08, 1.38554554496e-08, 7.56578089067e-09, 1.2222957757e-08, 2.81419776371e-08, 7.95059662551e-09, 4.07350331244e-09, 3.19097659407e-09, 9.37521393851e-10, 1.32138477937e-09, 8.10692457609e-10, 1.63331709269e-10, 2.43722292348e-10, 3.50331597065e-10, 5.64620086796e-11, 9.49704204167e-12, 6.1872330176e-12, 7.89566155512e-12, 3.42122441488e-11, 3.56788765199e-11, 1.06418242274e-11, 4.68735250267e-12, 1.41429869118e-12, 1.61265716492e-12, 9.51865756355e-13, 4.09358582188e-13, 1.62980319887e-13, 1.87685099667e-13], "dvar2": [2.74214016827e-06, 1.72479594767e-05, 1.29084810396e-05, 7.75293301558e-07, 4.96855001586e-08, 1.32205911996e-07, 1.29797228965e-07, 1.63810383924e-07, 1.12037874089e-07, 1.96402524466e-07, 1.64884298215e-07, 3.69255310773e-08, 2.59939536562e-08, 3.20294404332e-08, 1.83566921663e-08, 2.94068200901e-08, 6.50778346767e-08, 1.65343987391e-08, 9.15753339825e-09, 7.38853023208e-09, 1.9491253056e-09, 3.21309090445e-09, 1.79248560439e-09, 3.28789689918e-10, 4.65220001411e-10, 7.76431696714e-10, 1.3658991993e-10, 2.2917702458e-11, 1.46769315451e-11, 1.66937713653e-11, 7.27169019443e-11, 7.49064213434e-11, 2.26523418079e-11, 1.00411129064e-11, 2.76766522027e-12, 3.59105410339e-12, 2.24187487151e-12, 9.51970165024e-13, 3.77724815401e-13, 4.55207540499e-13], "max": [0.0115711065009, 0.023849029094, 0.031348451972, 0.00956561416388, 0.00395261310041, 0.00898130610585, 0.0103947017342, 0.00694316532463, 0.00615759193897, 0.00559464003891, 0.00639440631494, 0.00750598451123, 0.00321478187107, 0.00437527708709, 0.00245747179724, 0.00367419328541, 0.00477774860337, 0.00217730458826, 0.00165134272538, 0.00200950354338, 0.000964214093983, 0.00184810149949, 0.000884955341462, 0.000416257826146, 0.000411649118178, 0.00065096601611, 0.000167972757481, 6.48219647701e-05, 7.83438008511e-05, 0.000108071457362, 0.000302401196677, 0.000301118270727, 0.000139335403219, 0.000125259306515, 6.84944170644e-05, 3.69895642507e-05, 3.2927004213e-05, 1.21727525766e-05, 9.73692840489e-06, 9.72576981439e-06], "mean": [0.000505121715833, 0.000749885686673, 0.000617781304754, 0.000229257057072, 0.000135103429784, 0.00022868324595, 0.00023186726321, 0.000163263408467, 0.00011401809752, 0.000118502575788, 0.000148974286276, 7.4275478255e-05, 5.53683494218e-05, 4.46936974186e-05, 3.90052337025e-05, 4.12156514358e-05, 8.31084689707e-05, 4.58570066257e-05, 2.67404866463e-05, 2.29218512686e-05, 1.86160486919e-05, 1.79837334144e-05, 1.64500015671e-05, 7.86544205766e-06, 1.11579265649e-05, 1.13793985292e-05, 5.34494893145e-06, 1.7941358692e-06, 1.06231004793e-06, 1.19297533274e-06, 2.39340442931e-06, 2.49440654443e-06, 1.07756659418e-06, 5.31773423518e-07, 3.56626173925e-07, 3.63816610616e-07, 3.39914919323e-07, 2.53704769193e-07, 1.51602819187e-07, 1.18488379997e-07], "median": [5.02954608237e-05, 9.13213516469e-05, 0.000105926439574, 7.72049243096e-05, 5.18543165526e-05, 3.63198159903e-05, 2.37132753682e-05, 2.42563091888e-05, 1.44290015669e-05, 1.09932534542e-05, 1.04965674836e-05, 6.5259287112e-06, 7.35031971999e-06, 4.94844289278e-06, 4.35478386862e-06, 3.94885455535e-06, 2.98564009427e-06, 2.51182586908e-06, 1.96589826373e-06, 1.86611521258e-06, 1.85773546946e-06, 1.50494520312e-06, 1.02842841443e-06, 4.68740438464e-07, 4.50805032415e-07, 3.20897129313e-07, 2.07296452004e-07, 1.15260391453e-07, 8.26214119343e-08, 8.52435988463e-08, 7.22460100633e-08, 7.11856245061e-08, 3.98903452492e-08, 3.1078954521e-08, 1.9380312466e-08, 1.79584667137e-08, 1.88091107134e-08, 1.42819684967e-08, 9.74947855781e-09, 5.16505371806e-09], "min": [1.89932493983e-23, 2.40747852717e-23, 3.17817669891e-23, 1.10770972676e-23, 5.22120527439e-24, 4.01368247614e-24, 8.34617677623e-24, 1.16772784215e-23, 1.32589895015e-23, 2.03683223085e-23, 1.88356902097e-23, 1.87563986446e-23, 9.59412711816e-24, 4.4410940199e-24, 5.69926878802e-24, 1.04528140464e-23, 5.98490861649e-24, 9.38323383262e-24, 7.99490648147e-24, 1.09223046141e-23, 1.05299062672e-23, 6.42634965702e-24, 8.42172204082e-24, 1.14259970353e-23, 7.43919893881e-24, 1.53900530607e-23, 1.5271122813e-23, 7.04642036094e-24, 1.06325867692e-23, 1.22879427479e-23, 1.65681994678e-23, 8.66701912816e-24, 1.3661207589e-23, 8.90031290796e-24, 7.80998959667e-24, 8.9983336086e-24, 8.4718470516e-24, 8.90170288088e-24, 1.02977019043e-23, 9.65537033454e-24], "var": [1.98293514586e-06, 4.87438865093e-06, 3.91151934309e-06, 2.83113394062e-07, 5.55516415091e-08, 5.39171765013e-07, 5.96039626544e-07, 2.12524312815e-07, 1.16188076049e-07, 1.56467891088e-07, 1.92041710534e-07, 6.37406003534e-08, 2.65414730194e-08, 2.87187411629e-08, 1.56518602523e-08, 2.38593997892e-08, 7.92272203398e-08, 2.17257074553e-08, 8.51211900965e-09, 7.58710960724e-09, 3.55558560372e-09, 3.20762083561e-09, 2.48576781381e-09, 5.21045484536e-10, 1.065701416e-09, 1.07935149707e-09, 1.89629575931e-10, 2.31260600947e-11, 1.012971651e-11, 1.58923672833e-11, 7.53057199931e-11, 8.51209797093e-11, 2.38493738647e-11, 8.47123326347e-12, 2.74455696885e-12, 2.4981074067e-12, 1.50693856265e-12, 5.67364623165e-13, 2.07232329712e-13, 1.95793549559e-13]}, "melbands_crest": {"dmean": 3.05168509483, "dmean2": 4.86531162262, "dvar": 9.0767660141, "dvar2": 21.3956356049, "max": 34.0622062683, "mean": 13.8398141861, "median": 12.9680576324, "min": 1.60530793667, "var": 30.8348484039}, "melbands_flatness_db": {"dmean": 0.0309178698808, "dmean2": 0.0460659712553, "dvar": 0.00140366586857, "dvar2": 0.00302967964672, "max": 0.717299818993, "mean": 0.24787068367, "median": 0.233618110418, "min": 0.0046891826205, "var": 0.00919907633215}, "melbands_kurtosis": {"dmean": 12.2306041718, "dmean2": 18.5408554077, "dvar": 1165.41601563, "dvar2": 2409.14599609, "max": 755.838928223, "mean": 20.4609718323, "median": 5.05305814743, "min": -1.9093811512, "var": 2301.14648438}, "melbands_skewness": {"dmean": 0.87375831604, "dmean2": 1.27548408508, "dvar": 1.69735097885, "dvar2": 3.41777539253, "max": 21.7434635162, "mean": 2.57520413399, "median": 1.91182279587, "min": -1.9066375494, "var": 5.82672214508}, "melbands_spread": {"dmean": 6.27195835114, "dmean2": 9.73108196259, "dvar": 123.291976929, "dvar2": 250.315475464, "max": 205.959945679, "mean": 20.9226951599, "median": 15.3943967819, "min": 0.237757191062, "var": 503.147888184}, "mfcc": {"cov": [[19983.4140625, -156.530609131, -3199.83691406, 186.86555481, -806.781311035, -357.043457031, -348.161804199, 103.060394287, -205.622833252, 69.8837432861, 347.562530518, -267.682098389, -255.270980835], [-156.530609131, 2250.19116211, -93.1744842529, -317.203979492, 105.751945496, -36.1851425171, -42.9660873413, 7.03737783432, -23.4679298401, -114.843048096, -47.0582847595, 93.5049972534, 77.2270355225], [-3199.83691406, -93.1744842529, 1526.63305664, 262.109527588, 318.247314453, 192.481933594, 128.26373291, 23.9219455719, 58.7037239075, 33.5258369446, -106.989273071, 129.98097229, 113.135139465], [186.86555481, -317.203979492, 262.109527588, 509.221923828, 176.977722168, 74.6169128418, 57.6373329163, 54.3037910461, 52.5579299927, 68.0465240479, 8.59389686584, 12.9052362442, 30.6905975342], [-806.781311035, 105.751945496, 318.247314453, 176.977722168, 463.760314941, 61.663444519, 1.42912340164, 46.16847229, 65.0785598755, 74.8022003174, -48.6925888062, 53.5806808472, 54.2137908936], [-357.043457031, -36.1851425171, 192.481933594, 74.6169128418, 61.663444519, 246.109405518, 136.037734985, 31.9519824982, 63.8213119507, 37.6291160583, 35.7274856567, 19.4422779083, -7.37515354156], [-348.161804199, -42.9660873413, 128.26373291, 57.6373329163, 1.42912340164, 136.037734985, 246.974212646, 82.1444854736, 52.7377586365, 46.6217803955, 54.468952179, 6.54212808609, -15.0316534042], [103.060394287, 7.03737783432, 23.9219455719, 54.3037910461, 46.16847229, 31.9519824982, 82.1444854736, 148.448745728, 63.4791870117, 22.4231929779, 26.2455806732, 7.32982587814, 2.77012777328], [-205.622833252, -23.4679298401, 58.7037239075, 52.5579299927, 65.0785598755, 63.8213119507, 52.7377586365, 63.4791870117, 140.571105957, 52.466129303, 21.8270511627, 5.59735298157, -5.65103244781], [69.8837432861, -114.843048096, 33.5258369446, 68.0465240479, 74.8022003174, 37.6291160583, 46.6217803955, 22.4231929779, 52.466129303, 155.244445801, 41.645652771, 6.19507789612, 3.6638481617], [347.562530518, -47.0582847595, -106.989273071, 8.59389686584, -48.6925888062, 35.7274856567, 54.468952179, 26.2455806732, 21.8270511627, 41.645652771, 145.246627808, 2.69604945183, -22.1728630066], [-267.682098389, 93.5049972534, 129.98097229, 12.9052362442, 53.5806808472, 19.4422779083, 6.54212808609, 7.32982587814, 5.59735298157, 6.19507789612, 2.69604945183, 119.319358826, 66.2442092896], [-255.270980835, 77.2270355225, 113.135139465, 30.6905975342, 54.2137908936, -7.37515354156, -15.0316534042, 2.77012777328, -5.65103244781, 3.6638481617, -22.1728630066, 66.2442092896, 131.411468506]], "icov": [[9.25977656152e-05, -2.02347055165e-05, 0.000188462829101, -0.00017658820434, 0.000126241910039, -8.59692809172e-05, 0.000182226664037, -0.000203208008315, 0.000184050048119, -0.000141282056575, -2.30660207308e-05, -4.11562614318e-05, 6.7685439717e-05], [-2.02347055165e-05, 0.000567151000723, 3.594804366e-05, 0.000449098472018, -0.000366135704098, 2.32390448218e-05, -0.000139717260026, -1.81259292731e-05, -7.62560011935e-05, 0.000482234434457, 1.63790934948e-06, -0.000297428283375, -0.000238200867898], [0.000188462829101, 3.594804366e-05, 0.00140794680919, -0.000601946609095, -0.000159640592756, -0.000621189479716, -0.00015601128689, -8.25522074592e-05, 0.000310428178636, -8.92627722351e-05, 0.000778661575168, -0.00083543593064, -0.000143328914419], [-0.00017658820434, 0.000449098472018, -0.000601946609095, 0.00315624359064, -0.00115064333659, -7.75417138357e-05, -0.000417797506088, -0.000170644489117, -0.000342106679454, 8.38403429952e-05, -0.000340868951753, 0.000571684620809, -0.000762444688007], [0.000126241910039, -0.000366135704098, -0.000159640592756, -0.00115064333659, 0.00376601726748, -0.000743093201891, 0.00140804587863, -0.00122579105664, -0.000216529748286, -0.00191115622874, 0.00126736995298, -0.00064570538234, 4.14024361817e-05], [-8.59692809172e-05, 2.32390448218e-05, -0.000621189479716, -7.75417138357e-05, -0.000743093201891, 0.00713866995648, -0.00376149173826, 0.00202728551812, -0.0023167678155, 0.000737231981475, -0.000966544321273, -0.000501282920595, 0.000575887504965], [0.000182226664037, -0.000139717260026, -0.00015601128689, -0.000417797506088, 0.00140804587863, -0.00376149173826, 0.00828854553401, -0.00421905657277, 0.00115706410725, -0.00173927447759, -0.00108475971501, 0.000165942576132, 0.000744583434425], [-0.000203208008315, -1.81259292731e-05, -8.25522074592e-05, -0.000170644489117, -0.00122579105664, 0.00202728551812, -0.00421905657277, 0.0110621685162, -0.00450413487852, 0.00169941270724, -0.000820860266685, -5.46912724531e-06, -0.000746290897951], [0.000184050048119, -7.62560011935e-05, 0.000310428178636, -0.000342106679454, -0.000216529748286, -0.0023167678155, 0.00115706410725, -0.00450413487852, 0.0112521694973, -0.0028985159006, -4.59967632196e-05, -6.8024994107e-05, 0.000992799643427], [-0.000141282056575, 0.000482234434457, -8.92627722351e-05, 8.38403429952e-05, -0.00191115622874, 0.000737231981475, -0.00173927447759, 0.00169941270724, -0.0028985159006, 0.0095178661868, -0.00248460285366, 0.000301507883705, -0.000866744550876], [-2.30660207308e-05, 1.63790934948e-06, 0.000778661575168, -0.000340868951753, 0.00126736995298, -0.000966544321273, -0.00108475971501, -0.000820860266685, -4.59967632196e-05, -0.00248460285366, 0.009725545533, -0.0020413629245, 0.00141691335011], [-4.11562614318e-05, -0.000297428283375, -0.00083543593064, 0.000571684620809, -0.00064570538234, -0.000501282920595, 0.000165942576132, -5.46912724531e-06, -6.8024994107e-05, 0.000301507883705, -0.0020413629245, 0.0131131401286, -0.006028146483], [6.7685439717e-05, -0.000238200867898, -0.000143328914419, -0.000762444688007, 4.14024361817e-05, 0.000575887504965, 0.000744583434425, -0.000746290897951, 0.000992799643427, -0.000866744550876, 0.00141691335011, -0.006028146483, 0.0116434600204]], "mean": [-772.669250488, 142.844268799, -3.21761202812, 16.7005882263, 6.22861671448, 3.72676968575, -3.76027798653, 2.14148902893, -1.58125936985, -2.74500846863, -0.808126628399, -2.10312700272, -4.65164136887]}, "pitch_salience": {"dmean": 0.0723753869534, "dmean2": 0.113855779171, "dvar": 0.00531879579648, "dvar2": 0.0122892335057, "max": 0.941576898098, "mean": 0.542858421803, "median": 0.554205358028, "min": 0.035672083497, "var": 0.0158225111663}, "silence_rate_20dB": {"dmean": 0, "dmean2": 0, "dvar": 0, "dvar2": 0, "max": 1, "mean": 1, "median": 1, "min": 1, "var": 0}, "silence_rate_30dB": {"dmean": 0.000621504033916, "dmean2": 0.00124313682318, "dvar": 0.000621148094069, "dvar2": 0.00186328100972, "max": 1, "mean": 0.999689280987, "median": 1, "min": 0, "var": 0.000310600007651}, "silence_rate_60dB": {"dmean": 0.0652579218149, "dmean2": 0.130529373884, "dvar": 0.0610082186759, "dvar2": 0.12406565249, "max": 1, "mean": 0.400414288044, "median": 0, "min": 0, "var": 0.240070745349}, "spectral_centroid": {"dmean": 226.46534729, "dmean2": 353.284881592, "dvar": 130113.820313, "dvar2": 289652.125, "max": 10865.4833984, "mean": 1106.07580566, "median": 894.797424316, "min": 78.088760376, "var": 615091}, "spectral_complexity": {"dmean": 1.98114776611, "dmean2": 3.05314421654, "dvar": 7.91682291031, "dvar2": 16.969707489, "max": 47, "mean": 10.3616781235, "median": 8, "min": 0, "var": 79.4210281372}, "spectral_contrast_coeffs": {"dmean": [0.0487791113555, 0.0391794256866, 0.0352279208601, 0.031677685678, 0.0249915439636, 0.0202561728656], "dmean2": [0.0768112838268, 0.0626268833876, 0.0544352531433, 0.048472635448, 0.0378888472915, 0.0304803643376], "dvar": [0.00190894457046, 0.00118587107863, 0.000955942145083, 0.000786908029113, 0.000554218015168, 0.000393628404709], "dvar2": [0.00445370096713, 0.00285596307367, 0.00213599973358, 0.00170750543475, 0.00113655754831, 0.000761864881497], "max": [-0.265799403191, -0.382968425751, -0.460038244724, -0.50036996603, -0.518457949162, -0.514220178127], "mean": [-0.654219210148, -0.729840219021, -0.755114257336, -0.76952123642, -0.782206892967, -0.776092648506], "median": [-0.660067558289, -0.7354195714, -0.765049815178, -0.780175924301, -0.791087567806, -0.787077009678], "min": [-0.96408957243, -0.961772501469, -0.987143337727, -0.965251624584, -0.958715379238, -0.956566989422], "var": [0.0104067241773, 0.00683249998838, 0.00709568522871, 0.0065740654245, 0.00556056015193, 0.00477568013594]}, "spectral_contrast_valleys": {"dmean": [0.460871100426, 0.361147433519, 0.356673210859, 0.383855611086, 0.397503644228, 0.421829670668], "dmean2": [0.697542726994, 0.568979799747, 0.543208122253, 0.559342563152, 0.542334258556, 0.524791896343], "dvar": [0.235830888152, 0.145180255175, 0.141077667475, 0.195415407419, 0.290908366442, 0.294965475798], "dvar2": [0.409392178059, 0.304654985666, 0.270049512386, 0.363471984863, 0.549562931061, 0.474503397942], "max": [-5.40012741089, -4.89549589157, -5.16576623917, -5.95942306519, -6.05665397644, -8.16896820068], "mean": [-8.41682624817, -7.96084213257, -8.60670852661, -8.99755191803, -9.19830799103, -11.9171161652], "median": [-8.06082248688, -7.63541936874, -8.29771614075, -8.69047355652, -8.99538707733, -11.8220081329], "min": [-27.1586971283, -27.5919914246, -27.3317127228, -27.0523815155, -27.1903190613, -27.4082870483], "var": [2.51800012589, 2.58256602287, 2.59004473686, 2.61900424957, 2.7584733963, 2.45272517204]}, "spectral_decrease": {"dmean": 1.55328483409e-09, "dmean2": 2.26147567339e-09, "dvar": 1.12440530093e-17, "dvar2": 2.63656789216e-17, "max": 5.24027917777e-17, "mean": -3.41787487201e-09, "median": -1.22864129981e-09, "min": -3.98567756577e-08, "var": 2.30628327625e-17}, "spectral_energy": {"dmean": 0.00613019010052, "dmean2": 0.00887296255678, "dvar": 0.000168554965057, "dvar2": 0.000392130692489, "max": 0.153412431479, "mean": 0.0139293679968, "median": 0.0050407233648, "min": 1.10424790912e-20, "var": 0.000373147515347}, "spectral_energyband_high": {"dmean": 0.000125760954688, "dmean2": 0.000179791430128, "dvar": 1.90998633798e-07, "dvar2": 3.62517283747e-07, "max": 0.0147613892332, "mean": 0.000243021582719, "median": 1.74624929059e-05, "min": 8.10989925311e-21, "var": 4.92426067922e-07}, "spectral_energyband_low": {"dmean": 0.0036865461152, "dmean2": 0.00579100474715, "dvar": 0.000102906335087, "dvar2": 0.000255618710071, "max": 0.116978600621, "mean": 0.00416637212038, "median": 0.00061924214242, "min": 1.75888946023e-22, "var": 0.000107288826257}, "spectral_energyband_middle_high": {"dmean": 0.00134168763179, "dmean2": 0.00190101645421, "dvar": 9.16698718356e-06, "dvar2": 1.83477513929e-05, "max": 0.0640690103173, "mean": 0.00426708254963, "median": 0.000684324535541, "min": 1.51546475634e-21, "var": 6.23857413302e-05}, "spectral_energyband_middle_low": {"dmean": 0.00283327954821, "dmean2": 0.00432650512084, "dvar": 5.25624855072e-05, "dvar2": 0.000129822059534, "max": 0.105044044554, "mean": 0.00623200694099, "median": 0.0023266619537, "min": 4.15684283907e-22, "var": 0.000106018596853}, "spectral_entropy": {"dmean": 0.212911561131, "dmean2": 0.30977922678, "dvar": 0.0676187053323, "dvar2": 0.136011824012, "max": 9.78528118134, "mean": 7.11401224136, "median": 7.17666912079, "min": 4.9732003212, "var": 0.335363775492}, "spectral_flux": {"dmean": 0.0221242140979, "dmean2": 0.0338844619691, "dvar": 0.00118089735042, "dvar2": 0.00235552922823, "max": 0.336016535759, "mean": 0.0546384826303, "median": 0.0343532077968, "min": 1.05083199087e-10, "var": 0.00321779004298}, "spectral_kurtosis": {"dmean": 3.56583094597, "dmean2": 5.71012735367, "dvar": 24.8777141571, "dvar2": 58.5110244751, "max": 82.2307052612, "mean": 9.3040933609, "median": 6.28935337067, "min": -1.22578263283, "var": 88.059135437}, "spectral_rms": {"dmean": 0.000643992272671, "dmean2": 0.000868520583026, "dvar": 1.14881129321e-06, "dvar2": 2.300460892e-06, "max": 0.0122339967638, "mean": 0.00287404819392, "median": 0.00221760664135, "min": 3.28224773749e-12, "var": 5.32947024112e-06}, "spectral_rolloff": {"dmean": 346.228820801, "dmean2": 580.29888916, "dvar": 508598.21875, "dvar2": 1077394.125, "max": 18432.421875, "mean": 1371.71154785, "median": 904.39453125, "min": 64.599609375, "var": 4078979.75}, "spectral_skewness": {"dmean": 0.367884933949, "dmean2": 0.568896234035, "dvar": 0.179588377476, "dvar2": 0.39582696557, "max": 6.93411588669, "mean": 2.08558964729, "median": 1.8561694622, "min": -0.151483103633, "var": 0.907544255257}, "spectral_spread": {"dmean": 557555.375, "dmean2": 784470.625, "dvar": 699049181184, "dvar2": 1228742459390.0, 