{"lowlevel": {"average_loudness": 0.522990763187, "barkbands": {"dmean": [6.81552919559e-05, 0.0016493742587, 0.000901851046365, 0.000457808055216, 0.000773722713348, 0.000484808435431, 0.000708105508238, 0.000975262199063, 0.000751556479372, 0.000655146315694, 0.000383285107091, 0.000422090437496, 0.00033015551162, 0.000283292785753, 0.000217023582081, 0.000112795263703, 0.000124590878841, 9.32962720981e-05, 9.68859894783e-05, 8.24391900096e-05, 2.7828866223e-05, 2.80576423393e-05, 3.74930386897e-05, 3.53614268533e-05, 2.11992719414e-05, 5.54923781237e-06, 3.54234884981e-07], "dmean2": [0.00011252152035, 0.00292754429393, 0.00159152061678, 0.000758279056754, 0.00123515084852, 0.000747504876927, 0.00104631402064, 0.00138253287878, 0.0010531359585, 0.000955878000241, 0.000582515611313, 0.000637291930616, 0.00047740721493, 0.000411432789406, 0.000299742794596, 0.000166261321283, 0.000183704658411, 0.000137748735142, 0.000144709963934, 0.000127475708723, 4.644369983e-05, 4.66011806566e-05, 6.00304920226e-05, 5.72412209294e-05, 3.37971796398e-05, 8.98770849744e-06, 5.98735027779e-07], "dvar": [5.18285361295e-08, 4.47241000074e-05, 1.1743450159e-05, 8.73467456586e-07, 2.45911201091e-06, 9.10719279545e-07, 2.93356470138e-06, 6.77522348269e-06, 3.50540290128e-06, 2.87751913675e-06, 1.74288595645e-06, 1.71567933194e-06, 1.17846684589e-06, 6.97588120602e-07, 4.23705074581e-07, 1.45855878486e-07, 1.03079081271e-07, 6.24639682201e-08, 6.00962408726e-08, 2.30182024552e-07, 1.64774558442e-08, 1.10472138104e-08, 4.04600690729e-08, 2.63821675617e-08, 1.49766297142e-08, 6.91798951458e-10, 3.36893620639e-12], "dvar2": [1.01104411954e-07, 0.00012715109915, 3.37429555657e-05, 2.29025408771e-06, 5.64170341022e-06, 2.1796895453e-06, 6.3788152147e-06, 1.31857214001e-05, 7.112053936e-06, 6.05221157457e-06, 3.78526169698e-06, 3.66809945263e-06, 2.26470478992e-06, 1.42868259445e-06, 7.50031574626e-07, 3.07982617187e-07, 2.23858151571e-07, 1.24021198644e-07, 1.2679907968e-07, 4.03129888582e-07, 4.48324755098e-08, 3.00717566404e-08, 9.5280299206e-08, 6.26287715022e-08, 3.36109451382e-08, 1.74477610138e-09, 9.0377219597e-12], "max": [0.0133120641112, 0.104766666889, 0.0780462399125, 0.0205934941769, 0.039469782263, 0.0193979907781, 0.0431749895215, 0.0819679200649, 0.0640940591693, 0.0481334067881, 0.0810081884265, 0.0537923462689, 0.0363423638046, 0.0220497269183, 0.0173474866897, 0.0132989725098, 0.0079703098163, 0.00848278682679, 0.00590923894197, 0.0380439683795, 0.00533603597432, 0.00203530327417, 0.0149885984138, 0.0063213785179, 0.00565559836105, 0.000749584869482, 7.88729084888e-05], "mean": [0.000121919008961, 0.00250873691402, 0.00175793864764, 0.00112548249308, 0.00192262372002, 0.00110408687033, 0.00155406945851, 0.00217101140879, 0.00171989097726, 0.0013706702739, 0.000810922938399, 0.000867662776727, 0.000685467908625, 0.000573149416596, 0.000483637617435, 0.000244113442022, 0.000278629508102, 0.000198434034246, 0.000211711900192, 0.000150755833602, 3.37124802172e-05, 3.97942130803e-05, 5.44293689018e-05, 4.43823591922e-05, 2.50851371675e-05, 5.60448415854e-06, 3.02279516973e-07], "median": [7.95771338744e-05, 0.000232383303228, 0.000381494406611, 0.000424922909588, 0.00090290728258, 0.000471507519251, 0.000638613593765, 0.000299349194393, 0.000491993036121, 0.000236760854023, 0.00010341698362, 0.000112352900032, 8.09367702459e-05, 6.50922884233e-05, 5.3815994761e-05, 3.93494410673e-05, 4.24298887083e-05, 3.10790055664e-05, 3.47954955942e-05, 1.97619046958e-05, 4.43775661552e-06, 6.0890788518e-06, 4.84169868287e-06, 2.98652548736e-06, 1.06981497083e-06, 2.59442799688e-07, 7.97704302613e-09], "min": [5.13655882293e-25, 2.23342082549e-24, 9.89669491557e-25, 5.95131359433e-25, 4.91095653556e-24, 7.06459650505e-24, 5.88995027388e-24, 7.6863877146e-24, 1.78043760607e-23, 1.35325427976e-23, 1.91972298957e-23, 2.03085739835e-23, 1.69467880157e-23, 2.46150934606e-23, 4.59131656543e-23, 3.58208673524e-23, 6.01707883752e-23, 8.7581723213e-23, 1.17826170692e-22, 1.64405415785e-22, 2.43826808384e-22, 3.33092490884e-22, 3.83398112944e-22, 5.40022772739e-22, 7.26271545041e-22, 1.26794307494e-21, 1.94519760536e-21], "var": [7.3739506945e-08, 3.65811065421e-05, 1.20141385196e-05, 2.70120335699e-06, 1.03628208308e-05, 2.87163970825e-06, 6.87307056069e-06, 3.34171600116e-05, 1.31836759465e-05, 1.27399098346e-05, 1.13785135909e-05, 7.18081810192e-06, 4.5397687245e-06, 2.45665501097e-06, 1.80261645255e-06, 5.21857032254e-07, 3.87623146025e-07, 1.9592141598e-07, 1.91200768995e-07, 4.36027363548e-07, 1.8688291803e-08, 1.17660556853e-08, 6.98701470014e-08, 5.28966701552e-08, 3.05575618142e-08, 8.84060880058e-10, 2.86067502152e-12]}, "barkbands_crest": {"dmean": 1.95948565006, "dmean2": 3.16097021103, "dvar": 3.95986247063, "dvar2": 10.3927879333, "max": 25.8259010315, "mean": 9.62479400635, "median": 8.82353973389, "min": 2.87190485001, "var": 13.8744812012}, "barkbands_flatness_db": {"dmean": 0.0194763354957, "dmean2": 0.0275977551937, "dvar": 0.000456194597064, "dvar2": 0.000933627074119, "max": 0.574576735497, "mean": 0.176135882735, "median": 0.169853240252, "min": 0.028452347964, "var": 0.00410530203953}, "barkbands_kurtosis": {"dmean": 2.04362416267, "dmean2": 3.20180630684, "dvar": 16.8408966064, "dvar2": 42.8378944397, "max": 125.431091309, "mean": 3.86765384674, "median": 1.82114005089, "min": -1.90282034874, "var": 53.6978034973}, "barkbands_skewness": {"dmean": 0.404281765223, "dmean2": 0.613578975201, "dvar": 0.228195056319, "dvar2": 0.536493122578, "max": 8.37511920929, "mean": 1.14878129959, "median": 1.02720546722, "min": -3.19288015366, "var": 1.18546807766}, "barkbands_spread": {"dmean": 3.56719136238, "dmean2": 5.39903354645, "dvar": 36.6687545776, "dvar2": 79.9561309814, "max": 122.3826828, "mean": 15.0953464508, "median": 12.2903232574, "min": 0.282427757978, "var": 127.262985229}, "dissonance": {"dmean": 0.0280871875584, "dmean2": 0.0467410683632, "dvar": 0.000725638587028, "dvar2": 0.00195265992079, "max": 0.5, "mean": 0.428560376167, "median": 0.438299179077, "min": 0.112679362297, "var": 0.00226261327043}, "dynamic_complexity": 5.49158096313, "erbbands": {"dmean": [0.0298891440034, 0.431260764599, 1.10142660141, 1.20003533363, 2.01352453232, 2.90738868713, 3.36659312248, 4.21885061264, 8.27919387817, 15.2385101318, 19.2170009613, 15.9150905609, 17.9154319763, 17.8725166321, 15.5593986511, 12.6454916, 14.6894674301, 11.4399785995, 12.3337087631, 9.56320667267, 5.61826896667, 7.08300733566, 5.13788127899, 3.38259267807, 5.33505105972, 3.36271190643, 1.56175065041, 1.06357336044, 0.997255206108, 0.897348403931, 1.13950312138, 0.961565792561, 0.4827491045, 0.3064417243, 0.113739155233, 0.0330935865641, 0.00850259512663, 0.00147226406261, 3.95408023905e-05, 7.19807758287e-06], "dmean2": [0.0523286275566, 0.766244649887, 1.96238863468, 2.01124024391, 3.31049728394, 4.57699918747, 5.28756904602, 6.44485235214, 12.6377725601, 22.2111606598, 26.289604187, 22.4675521851, 25.036907196, 26.1649532318, 23.1144161224, 18.5640277863, 21.15026474, 16.3527469635, 17.7611083984, 12.8949956894, 8.21880435944, 10.2490491867, 7.41920804977, 4.94734477997, 7.82040119171, 5.12962961197, 2.47726011276, 1.76768040657, 1.66445374489, 1.46177124977, 1.82830607891, 1.5205873251, 0.795662999153, 0.492324531078, 0.182435289025, 0.0530509613454, 0.0141122126952, 0.00247331499122, 6.54268587823e-05, 1.11502467917e-05], "dvar": [0.0135709308088, 3.08390426636, 19.2162055969, 8.80339431763, 20.1670398712, 41.1598434448, 54.5643119812, 80.0751800537, 347.820739746, 1595.31970215, 2451.4152832, 1798.25024414, 2609.11279297, 2800.71264648, 1832.72607422, 1684.71374512, 2452.08496094, 1087.29248047, 1479.04394531, 898.895935059, 334.51663208, 367.12097168, 193.176620483, 86.5751037598, 189.483535767, 172.195236206, 365.733154297, 20.1273212433, 15.0172576904, 11.1234312057, 46.0391464233, 23.1265735626, 4.82667064667, 3.56584906578, 0.445349991322, 0.0264509711415, 0.00168665009551, 4.57269597973e-05, 3.33702949717e-08, 2.17561746396e-10], "dvar2": [0.0376336760819, 8.80060768127, 55.6706199646, 23.6645240784, 48.4536170959, 93.5643234253, 126.561759949, 186.922134399, 823.003845215, 3409.46801758, 4757.90332031, 3854.86523438, 4979.95849609, 6112.91210938, 3882.51953125, 3181.4597168, 4622.11962891, 2112.90014648, 3027.29882812, 1492.39587402, 723.807373047, 787.96484375, 383.379486084, 190.469696045, 381.244628906, 362.887054443, 624.725219727, 54.0660934448, 41.0872268677, 29.176864624, 104.516204834, 52.9517936707, 12.183678627, 8.26254653931, 1.06299507618, 0.0614700503647, 0.00447546551004, 0.000124666883494, 8.74371366422e-08, 5.52249856955e-10], "max": [1.90359830856, 29.381690979, 88.6741333008, 63.920627594, 159.333267212, 214.243362427, 314.643218994, 233.728805542, 561.709228516, 1047.85021973, 1390.63134766, 1824.64575195, 1517.93530273, 2911.24291992, 1340.04956055, 1438.45275879, 1856.51062012, 1151.5222168, 1114.62365723, 1042.51245117, 590.064147949, 484.182250977, 436.233459473, 307.165985107, 381.925872803, 751.018676758, 1736.89367676, 119.399108887, 76.8346099854, 93.720375061, 515.722167969, 205.227371216, 60.2270545959, 80.807144165, 36.302192688, 5.98226118088, 1.06015944481, 0.152715906501, 0.00567730888724, 0.000242380410782], "mean": [0.046717364341, 0.653124034405, 1.93100035191, 3.25545930862, 4.87835884094, 6.72137069702, 7.54370641708, 9.81564712524, 17.8727664948, 34.8943939209, 44.5470542908, 37.0580291748, 41.1685752869, 40.9388084412, 35.9608917236, 28.8546009064, 34.1313552856, 27.1873054504, 26.9242591858, 23.8015937805, 14.3191642761, 17.851442337, 12.2652397156, 7.42968606949, 12.5235652924, 6.88758850098, 2.3003578186, 1.32500338554, 1.37367153168, 1.34707713127, 1.64988088608, 1.29379546642, 0.544556379318, 0.355023115873, 0.132233098149, 0.0362760126591, 0.00813246518373, 0.00133354973514, 4.53078100691e-05, 2.5073024517e-05], "median": [0.00371609115973, 0.0839124470949, 0.516461372375, 1.26337718964, 2.32849359512, 2.77964496613, 3.41456365585, 4.52276659012, 8.73948860168, 11.152223587, 10.418006897, 12.1715517044, 10.0504608154, 8.65190887451, 6.56266832352, 4.48681592941, 4.63276958466, 3.06457138062, 3.36691188812, 3.07285022736, 2.14881968498, 2.4968752861, 2.18539237976, 1.52261471748, 1.84107136726, 0.958767235279, 0.309789776802, 0.183385744691, 0.202529400587, 0.19083930552, 0.132380247116, 0.088570356369, 0.035204321146, 0.016097523272, 0.00487486645579, 0.00152185524348, 0.000373721763026, 5.65169611946e-05, 1.0526463484e-05, 1.72487452801e-05], "min": [4.27397486265e-23, 5.74278470636e-22, 1.80491516478e-21, 5.97896850018e-21, 9.74914827617e-21, 1.5352918071e-20, 3.57179625804e-20, 5.12080149186e-20, 1.26662225168e-19, 1.63214186138e-19, 2.58160148196e-19, 4.5601531422e-19, 3.72982898482e-19, 7.0849606618e-19, 9.65696452221e-19, 1.40289283882e-18, 1.0604410992e-18, 2.07628578964e-18, 2.47495727319e-18, 2.49071361629e-18, 2.83563345606e-18, 4.42028982531e-18, 4.50156486999e-18, 4.8800525262e-18, 6.80262334261e-18, 8.22298013551e-18, 8.48431378798e-18, 1.00411115414e-17, 1.02750961212e-17, 1.08880013864e-17, 1.1735617496e-17, 1.08723833892e-17, 8.33708970101e-18, 8.01466876031e-18, 4.27381185526e-18, 4.39627180905e-18, 2.28714901704e-18, 8.96502276993e-19, 2.53956726516e-19, 2.60448026373e-20], "var": [0.0132718542591, 2.44887924194, 15.5698451996, 22.4629306793, 88.9757919312, 143.813537598, 192.946884155, 234.398300171, 729.266601562, 5115.62353516, 11325.4882812, 6908.29541016, 9383.0625, 15688.3056641, 9648.61230469, 6913.82470703, 10773.5703125, 5142.56201172, 4832.40771484, 5022.46191406, 1469.00891113, 1576.07385254, 655.609680176, 226.831542969, 683.27935791, 370.900909424, 670.177734375, 22.525478363, 15.28657341, 14.6005496979, 80.8777160645, 49.3621444702, 7.66983795166, 6.79484558105, 0.833293020725, 0.047776594758, 0.00166395376436, 3.73385773855e-05, 3.05429992409e-08, 6.60645371742e-10]}, "erbbands_crest": {"dmean": 2.31117105484, "dmean2": 3.61557888985, "dvar": 4.68272304535, "dvar2": 11.0932121277, "max": 31.4016838074, "mean": 10.5467557907, "median": 9.73073959351, "min": 2.6689927578, "var": 18.2891979218}, "erbbands_flatness_db": {"dmean": 0.0189411528409, "dmean2": 0.0265085287392, "dvar": 0.000404812482884, "dvar2": 0.000795191677753, "max": 0.403730094433, "mean": 0.210532337427, "median": 0.213475435972, "min": 0.0516914092004, "var": 0.00245522218756}, "erbbands_kurtosis": {"dmean": 1.13617253304, "dmean2": 1.71246933937, "dvar": 5.91239356995, "dvar2": 12.9430465698, "max": 96.5916213989, "mean": 1.75341188908, "median": 0.63415312767, "min": -1.81485509872, "var": 30.3536128998}, "erbbands_skewness": {"dmean": 0.327599793673, "dmean2": 0.493767052889, "dvar": 0.118080891669, "dvar2": 0.246371924877, "max": 7.60508394241, "mean": 0.638357281685, "median": 0.611019134521, "min": -7.99265432358, "var": 0.752426147461}, "erbbands_spread": {"dmean": 5.68192481995, "dmean2": 8.5228433609, "dvar": 66.3012771606, "dvar2": 141.002471924, "max": 136.134262085, "mean": 26.0150775909, "median": 22.9028987885, "min": 1.39714205265, "var": 243.933822632}, "gfcc": {"cov": [[31918.5722656, 771.126464844, -3263.54418945, 457.513580322, -1405.82116699, 457.881317139, -492.601501465, 447.035797119, -455.12210083, 46.2084312439, -211.870162964, 69.3377990723, -613.216125488], [771.126464844, 1843.25939941, -172.818847656, -16.2849216461, 131.844711304, -127.419616699, 134.653930664, -159.969680786, 137.297622681, -258.96862793, 176.010223389, -184.059661865, 133.166412354], [-3263.54418945, -172.818847656, 1322.09094238, 178.447738647, 203.46875, 79.1953735352, 53.8766860962, 13.750128746, -33.9465179443, 63.7763824463, -18.8882408142, 67.7486495972, 80.6341552734], [457.513580322, -16.2849216461, 178.447738647, 447.626922607, 95.0866241455, 11.8873128891, -25.1950798035, 16.8179225922, 51.9768791199, 38.9651870728, -15.5736646652, 16.2264060974, 52.4834289551], [-1405.82116699, 131.844711304, 203.46875, 95.0866241455, 372.065307617, 0.35150963068, 68.1501541138, 16.7777862549, 107.176422119, -3.46663784981, 10.8964948654, -10.4730796814, 24.0619983673], [457.881317139, -127.419616699, 79.1953735352, 11.8873128891, 0.35150963068, 327.12878418, 172.099334717, 38.8153648376, -54.6343841553, 12.0916461945, 28.5061340332, 34.8971176147, -27.585893631], [-492.601501465, 134.653930664, 53.8766860962, -25.1950798035, 68.1501541138, 172.099334717, 368.049194336, 18.5731601715, -14.7383623123, -37.7576980591, 85.4806900024, 27.6777019501, -1.05434691906], [447.035797119, -159.969680786, 13.750128746, 16.8179225922, 16.7777862549, 38.8153648376, 18.5731601715, 187.028366089, 42.0067024231, 50.6135063171, -18.8748188019, 25.3405475616, -21.9132289886], [-455.12210083, 137.297622681, -33.9465179443, 51.9768791199, 107.176422119, -54.6343841553, -14.7383623123, 42.0067024231, 216.615356445, 11.3425693512, 1.32371366024, -37.4068336487, 32.1044464111], [46.2084312439, -258.96862793, 63.7763824463, 38.9651870728, -3.46663784981, 12.0916461945, -37.7576980591, 50.6135063171, 11.3425693512, 143.016586304, -20.6399745941, 31.9961967468, -15.7599916458], [-211.870162964, 176.010223389, -18.8882408142, -15.5736646652, 10.8964948654, 28.5061340332, 85.4806900024, -18.8748188019, 1.32371366024, -20.6399745941, 135.694824219, 11.1111030579, 15.0591583252], [69.3377990723, -184.059661865, 67.7486495972, 16.2264060974, -10.4730796814, 34.8971176147, 27.6777019501, 25.3405475616, -37.4068336487, 31.9961967468, 11.1111030579, 135.835342407, 14.0225543976], [-613.216125488, 133.166412354, 80.6341552734, 52.4834289551, 24.0619983673, -27.585893631, -1.05434691906, -21.9132289886, 32.1044464111, -15.7599916458, 15.0591583252, 14.0225543976, 133.05670166]], "icov": [[0.000103930076875, -0.000233405415202, 0.000236686435528, -0.000283579487586, 0.000281001732219, -0.000268191099167, 0.000217146531213, -0.000318731443258, 0.000223847848247, -0.000141331212944, 0.000270105461823, -0.000321990024531, 0.000456421985291], [-0.000233405415202, 0.00163527450059, -0.000469450897072, 0.00058263016399, -0.000781697803177, 0.000934593379498, -0.000762468436733, 0.00100790511351, -0.000857080623973, 0.00164270761888, -0.00169556192122, 0.00186448474415, -0.00176577991806], [0.000236686435528, -0.000469450897072, 0.00151390396059, -0.000843063578941, 2.5467161322e-05, -0.000750570266973, 0.000444103468908, -0.000704668636899, 0.00103118037805, -0.000682488200255, 0.000783330237027, -0.000833332887851, 0.000372517446522], [-0.000283579487586, 0.00058263016399, -0.000843063578941, 0.00342621724121, -0.00125076738186, 0.000358160323231, -0.000220422574785, 0.000874532619491, -0.000950557121541, -0.000218472850975, -0.000483722571516, 0.000684982107487, -0.00210182112642], [0.000281001732219, -0.000781697803177, 2.5467161322e-05, -0.00125076738186, 0.00461542000994, -0.000501662027091, -0.000222019589273, -0.000736303802114, -0.00132632860914, -0.000158689523232, 0.000955962983426, -0.000989560154267, 0.00179095135536], [-0.000268191099167, 0.000934593379498, -0.000750570266973, 0.000358160323231, -0.000501662027091, 0.00537537038326, -0.00281804497354, 0.00022857861768, 0.000273293611826, 0.000267484894721, -0.000946231361013, 0.00100563489832, -0.000670457433444], [0.000217146531213, -0.000762468436733, 0.000444103468908, -0.000220422574785, -0.000222019589273, -0.00281804497354, 0.00513946404681, -0.0012068633223, 0.000606441462878, 0.000630460737739, -0.00134655239526, -0.00144054240081, 0.00111210206524], [-0.000318731443258, 0.00100790511351, -0.000704668636899, 0.000874532619491, -0.000736303802114, 0.00022857861768, -0.0012068633223, 0.00792111549526, -0.00272948178463, -0.000967121100985, -4.34106777902e-06, -5.72232384002e-05, -0.000369517278159], [0.000223847848247, -0.000857080623973, 0.00103118037805, -0.000950557121541, -0.00132632860914, 0.000273293611826, 0.000606441462878, -0.00272948178463, 0.00768936937675, -0.00161797553301, 0.000454052584246, 0.00107261328958, -0.000720130978152], [-0.000141331212944, 0.00164270761888, -0.000682488200255, -0.000218472850975, -0.000158689523232, 0.000267484894721, 0.000630460737739, -0.000967121100985, -0.00161797553301, 0.0108460569754, -0.00135928590316, -0.000252580328379, -1.02462145151e-05], [0.000270105461823, -0.00169556192122, 0.000783330237027, -0.000483722571516, 0.000955962983426, -0.000946231361013, -0.00134655239526, -4.34106777902e-06, 0.000454052584246, -0.00135928590316, 0.0109086446464, -0.00273286481388, 0.00106027419679], [-0.000321990024531, 0.00186448474415, -0.000833332887851, 0.000684982107487, -0.000989560154267, 0.00100563489832, -0.00144054240081, -5.72232384002e-05, 0.00107261328958, -0.000252580328379, -0.00273286481388, 0.0113393804058, -0.00392299471423], [0.000456421985291, -0.00176577991806, 0.000372517446522, -0.00210182112642, 0.00179095135536, -0.000670457433444, 0.00111210206524, -0.000369517278159, -0.000720130978152, -1.02462145151e-05, 0.00106027419679, -0.00392299471423, 0.0119406897575]], "mean": [-97.6564559937, 131.855728149, -128.068634033, 20.8630619049, -62.5065155029, 4.24467992783, -35.3090019226, 5.98462677002, -15.8405151367, -10.3753376007, -7.42290973663, -10.9746389389, -11.243719101]}, "hfc": {"dmean": 3.77579188347, "dmean2": 5.3591094017, "dvar": 53.6497421265, "dvar2": 111.979362488, "max": 186.024246216, "mean": 14.7934436798, "median": 7.09967422485, "min": 1.06314890388e-16, "var": 318.181762695}, "melbands": {"dmean": [0.000368632056052, 0.000589067232795, 0.000226203803322, 0.000173644410097, 0.000119945376355, 9.60307224886e-05, 0.000128145024064, 0.000189121376025, 0.000150362873683, 9.97157112579e-05, 9.41193575272e-05, 8.00249836175e-05, 5.65491063753e-05, 4.10867687606e-05, 3.87917061744e-05, 3.06109723169e-05, 2.25739677262e-05, 2.42236746999e-05, 1.44683917824e-05, 9.61099067354e-06, 6.74147486279e-06, 7.93111394159e-06, 6.89441185386e-06, 3.72765362044e-06, 2.74965395874e-06, 4.21675395046e-06, 3.70543739336e-06, 2.12344139072e-06, 1.19393689602e-06, 6.48813795578e-07, 6.39291101834e-07, 5.90048557569e-07, 5.44021304449e-07, 5.0470964652e-07, 6.4145280021e-07, 7.47733281514e-07, 5.52491542294e-07, 3.57595098421e-07, 2.85891218255e-07, 2.56096086559e-07], "dmean2": [0.000647972396109, 0.00104836106766, 0.000377179763746, 0.000277437415207, 0.000188317484572, 0.000146567981574, 0.000193045605556, 0.000273601093795, 0.000206679673283, 0.000140522359288, 0.000131568041979, 0.000117074057925, 8.45298054628e-05, 6.20233913651e-05, 5.67808165215e-05, 4.3025767809e-05, 3.24671018461e-05, 3.5448509152e-05, 1.98533325602e-05, 1.37242495839e-05, 9.95337813947e-06, 1.16178525786e-05, 1.00474990177e-05, 5.63191952097e-06, 4.12345661971e-06, 6.21692606728e-06, 5.54078224013e-06, 3.30095895151e-06, 1.8671989892e-06, 1.10579094326e-06, 1.07527830551e-06, 9.92163904812e-07, 9.00757697764e-07, 8.31484044284e-07, 1.0494424032e-06, 1.17686090562e-06, 8.8602496362e-07, 5.95453172991e-07, 4.69488753652e-07, 4.13166674207e-07], "dvar": [2.16271496356e-06, 5.55722590434e-06, 2.53659123928e-07, 1.24613720232e-07, 6.81690650595e-08, 3.81312794673e-08, 8.1663891649e-08, 2.2017721335e-07, 1.33164135718e-07, 6.77238034541e-08, 6.81696690208e-08, 5.10767677042e-08, 2.61858073003e-08, 2.07897326021e-08, 1.53677728321e-08, 1.28571828739e-08, 4.91046669993e-09, 6.19860029971e-09, 2.4012523081e-09, 1.12843756561e-09, 4.8959969412e-10, 4.85932238892e-10, 2.93257362838e-10, 1.20412735338e-10, 5.98553290265e-11, 1.20028723072e-10, 1.06395399435e-10, 1.04680632218e-10, 4.10161737907e-10, 9.89723494133e-12, 7.28564517744e-12, 5.63512951579e-12, 3.74347384688e-12, 3.90394661043e-12, 1.19134042909e-11, 2.71919899791e-11, 7.48146683494e-12, 2.72397013799e-12, 2.42037770035e-12, 2.97032233879e-12], "dvar2": [6.07796209806e-06, 1.59933206305e-05, 6.72339695029e-07, 2.97770355928e-07, 1.5200538428e-07, 8.8907441409e-08, 1.87398782714e-07, 4.55807764865e-07, 2.60710635303e-07, 1.40397077075e-07, 1.3036078883e-07, 1.10546622523e-07, 5.57542954027e-08, 4.58808457893e-08, 3.09139274179e-08, 2.32338113193e-08, 9.46609635122e-09, 1.27924399962e-08, 3.94975918638e-09, 2.36970731926e-09, 1.06764752594e-09, 1.02308062022e-09, 5.9646299011e-10, 2.60221039161e-10, 1.36016448105e-10, 2.4574517421e-10, 2.3777096958e-10, 2.1336625522e-10, 6.71701860799e-10, 2.72507034299e-11, 1.99256392636e-11, 1.55434918409e-11, 1.00269445524e-11, 1.02144204553e-11, 2.80544268372e-11, 6.61285748382e-11, 1.72281806876e-11, 7.02818532539e-12, 5.88402980853e-12, 6.8983777024e-12], "max": [0.0224444828928, 0.0442477352917, 0.0120452912524, 0.00985510088503, 0.0112342713401, 0.0046123303473, 0.00745549146086, 0.0138669237494, 0.00909455027431, 0.00996983610094, 0.00733744120225, 0.0107186418027, 0.00802604481578, 0.00747530534863, 0.00419699028134, 0.00454642623663, 0.0025494794827, 0.00215718219988, 0.0017069154419, 0.00128920224961, 0.000645734427962, 0.000551333185285, 0.000452225096524, 0.000397725088987, 0.000243188653258, 0.000289833726129, 0.00028022119659, 0.000714466441423, 0.00185543298721, 0.000150258769281, 8.4829312982e-05, 5.23481357959e-05, 3.67130742234e-05, 6.54436662444e-05, 0.000213054518099, 0.000406169012422, 0.000106476181827, 5.09635865455e-05, 6.74946568324e-05, 7.19027157174e-05], "mean": [0.00057678198209, 0.00100812758319, 0.00060991832288, 0.000426392158261, 0.00027937386767, 0.000223538751015, 0.000277891027508, 0.000437629205408, 0.000346988847014, 0.000226305375691, 0.000210806683754, 0.000175733832293, 0.000124666636111, 8.78739447217e-05, 8.13319566078e-05, 6.75159026287e-05, 4.77174289699e-05, 4.74522930745e-05, 3.20486724377e-05, 2.20982637984e-05, 1.52046059156e-05, 1.85081953532e-05, 1.54199879034e-05, 7.51675088395e-06, 5.39757638762e-06, 9.17955276236e-06, 7.86399596109e-06, 3.85235716749e-06, 1.71747035438e-06, 7.03700152371e-07, 7.79081744895e-07, 7.56992903916e-07, 7.96711105977e-07, 7.18844944458e-07, 9.1786705525e-07, 1.00246438706e-06, 7.10069912202e-07, 3.81008135264e-07, 3.16351730589e-07, 2.9455017625e-07], "median": [5.1915190852e-05, 0.000265381881036, 0.000299609586364, 0.0001994005288, 0.000131146123749, 0.000101753466879, 0.000134726520628, 0.000114896749437, 7.86262389738e-05, 6.48584100418e-05, 4.46773628937e-05, 3.53240466211e-05, 2.10487833101e-05, 9.64205810305e-06, 1.15031507448e-05, 7.04868580215e-06, 5.03211549585e-06, 5.34645187145e-06, 3.61330376109e-06, 3.31543333232e-06, 2.00488511837e-06, 2.15427735384e-06, 2.69706788458e-06, 1.26337613437e-06, 1.0441382301e-06, 1.43521765494e-06, 9.99928829515e-07, 4.69249528123e-07, 1.67972387999e-07, 8.39157223709e-08, 9.23740799408e-08, 1.02210606201e-07, 1.12806162633e-07, 9.26736021256e-08, 7.60675646916e-08, 6.15674125015e-08, 4.47113208679e-08, 2.22669775951e-08, 1.58835185005e-08, 1.10813491716e-08], "min": [6.90489457302e-25, 9.46783758698e-25, 1.45718169476e-24, 9.72080950207e-25, 1.49160087934e-24, 9.54116023597e-25, 1.95430231292e-24, 1.54471172865e-24, 1.85629305076e-24, 2.4269899367e-24, 1.95926977004e-24, 2.57472267943e-24, 3.03287790761e-24, 2.36191936442e-24, 2.79697339264e-24, 1.47932926049e-24, 2.49846369294e-24, 3.19250864495e-24, 2.85978959766e-24, 4.07741178766e-24, 2.99994217596e-24, 3.97952795438e-24, 3.43874092689e-24, 3.17836910208e-24, 2.54004888999e-24, 4.28381606022e-24, 4.79903610577e-24, 4.47340694587e-24, 3.92505316457e-24, 4.0692265669e-24, 5.22143917165e-24, 5.0499490939e-24, 5.11111697406e-24, 4.46639594458e-24, 5.41847256552e-24, 6.31313470649e-24, 6.06022195597e-24, 5.19452087098e-24, 5.53542908333e-24, 6.09901458541e-24], "var": [1.9034878278e-06, 4.34525418314e-06, 6.48271395676e-07, 5.16945533491e-07, 2.52532259992e-07, 1.16118037852e-07, 1.73916376411e-07, 8.97836855529e-07, 5.807286243e-07, 2.58177834667e-07, 2.59358216681e-07, 2.67725226877e-07, 1.48001390698e-07, 9.29037469177e-08, 6.17991560148e-08, 5.17682501311e-08, 1.9823611197e-08, 1.82998256548e-08, 1.00087573784e-08, 4.05700495421e-09, 1.9111767724e-09, 2.0039996329e-09, 1.01614017201e-09, 2.9295441073e-10, 1.38139777395e-10, 3.89229759534e-10, 2.93196744661e-10, 2.07306782851e-10, 7.55741691449e-10, 1.0712451759e-11, 7.15925149025e-12, 5.29098596533e-12, 4.53412437804e-12, 5.02130368535e-12, 2.04853599362e-11, 4.31370876519e-11, 1.54750223053e-11, 3.73162134873e-12, 4.35135000948e-12, 5.37445869059e-12]}, "melbands_crest": {"dmean": 2.33022665977, "dmean2": 3.76693749428, "dvar": 5.76917982101, "dvar2": 15.0996217728, "max": 32.6096954346, "mean": 12.266875267, "median": 11.6124839783, "min": 1.62649619579, "var": 21.1657886505}, "melbands_flatness_db": {"dmean": 0.0221212916076, "dmean2": 0.0312525629997, "dvar": 0.000678198528476, "dvar2": 0.00141516234726, "max": 0.730221509933, "mean": 0.240966454148, "median": 0.23373863101, "min": 0.0024366483558, "var": 0.00726503320038}, "melbands_kurtosis": {"dmean": 3.74025297165, "dmean2": 5.88993501663, "dvar": 58.5540122986, "dvar2": 146.742630005, "max": 242.336120605, "mean": 7.92748975754, "median": 3.92194342613, "min": -1.85595083237, "var": 145.008911133}, "melbands_skewness": {"dmean": 0.494282901287, "dmean2": 0.751704514027, "dvar": 0.368297100067, "dvar2": 0.86378544569, "max": 12.4965801239, "mean": 1.80049049854, "median": 1.57996916771, "min": -1.18009912968, "var": 1.69383192062}, "melbands_spread": {"dmean": 4.45040035248, "dmean2": 6.78940153122, "dvar": 66.3258132935, "dvar2": 140.457580566, "max": 240.698623657, "mean": 20.156414032, "median": 15.1089286804, "min": 0.417058795691, "var": 418.552703857}, "mfcc": {"cov": [[14966.4189453, 557.14239502, -1488.42431641, -116.24987793, -448.227783203, 9.52394962311, -27.9542999268, 514.997680664, -324.942626953, 417.237121582, 62.5846366882, -108.255310059, 81.4920196533], [557.14239502, 1946.77648926, -67.9426651001, 56.1389656067, 27.1540584564, -43.4900436401, 16.7390499115, 83.3518295288, -56.8365707397, -35.4240646362, 31.13539505, -72.3832550049, 12.3629398346], [-1488.42431641, -67.9426651001, 890.119750977, 144.764694214, 93.9606628418, 102.26739502, 127.086273193, -43.1863632202, 96.630859375, -95.8389434814, -49.931312561, 68.7700271606, -9.29661273956], [-116.24987793, 56.1389656067, 144.764694214, 434.347595215, 173.80619812, 12.1339645386, -70.8486557007, -34.7709350586, 71.0344619751, -2.50445866585, -35.1422538757, 21.8759803772, 36.9973220825], [-448.227783203, 27.1540584564, 93.9606628418, 173.80619812, 349.969024658, -11.2485876083, -103.227760315, -45.1464538574, 57.2230491638, 53.6312599182, -22.3417339325, 14.3169631958, 5.22789716721], [9.52394962311, -43.4900436401, 102.26739502, 12.1339645386, -11.2485876083, 242.231430054, 128.971511841, 55.4022521973, 19.8111972809, -23.0766143799, 33.8301315308, 12.4555540085, -14.4506387711], [-27.9542999268, 16.7390499115, 127.086273193, -70.8486557007, -103.227760315, 128.971511841, 308.099639893, 117.717567444, -17.0301246643, -32.7666168213, 37.5849761963, 15.2098293304, -3.05285596848], [514.997680664, 83.3518295288, -43.1863632202, -34.7709350586, -45.1464538574, 55.4022521973, 117.717567444, 219.984115601, -1.28993010521, 35.5625495911, 30.1120967865, -0.226091176271, 31.3341464996], [-324.942626953, -56.8365707397, 96.630859375, 71.0344619751, 57.2230491638, 19.8111972809, -17.0301246643, -1.28993010521, 185.59979248, 15.2260503769, 3.63088750839, 22.0071849823, 0.761819601059], [417.237121582, -35.4240646362, -95.8389434814, -2.50445866585, 53.6312599182, -23.0766143799, -32.7666168213, 35.5625495911, 15.2260503769, 192.494567871, 29.0743103027, 2.99180269241, 19.7521934509], [62.5846366882, 31.13539505, -49.931312561, -35.1422538757, -22.3417339325, 33.8301315308, 37.5849761963, 30.1120967865, 3.63088750839, 29.0743103027, 123.701171875, 8.88694667816, -5.24347543716], [-108.255310059, -72.3832550049, 68.7700271606, 21.8759803772, 14.3169631958, 12.4555540085, 15.2098293304, -0.226091176271, 22.0071849823, 2.99180269241, 8.88694667816, 100.393707275, 25.1090660095], [81.4920196533, 12.3629398346, -9.29661273956, 36.9973220825, 5.22789716721, -14.4506387711, -3.05285596848, 31.3341464996, 0.761819601059, 19.7521934509, -5.24347543716, 25.1090660095, 104.622833252]], "icov": [[9.7221804026e-05, -2.07788998523e-05, 0.000127160819829, -8.8903507276e-05, 0.000146059464896, -7.90608901298e-05, 6.7401007982e-05, -0.000186403398402, 0.000118226183986, -0.000186645236681, 0.000101038371213, -4.35703404946e-05, 5.89386218053e-05], [-2.07788998523e-05, 0.000569973781239, -2.52905101661e-05, -0.000103502301499, -0.000150707928697, 0.000220254019951, -4.607874871e-05, -0.000242534952122, 0.000139709023642, 0.000275593309198, -0.00029054612969, 0.000435854191892, -7.97795655672e-05], [0.000127160819829, -2.52905101661e-05, 0.00182360003237, -0.000418636889663, -0.00025452976115, -0.00031941459747, -0.000967060273979, 0.000346583838109, -0.000491432612762, 0.000330446724547, 0.00081785506336, -0.000849560601637, 0.000236678155488], [-8.8903507276e-05, -0.000103502301499, -0.000418636889663, 0.00338105321862, -0.00141429435462, -0.000414476875449, 0.000490849430207, 0.000298611441394, -0.000781271606684, 0.000524261035025, 0.000343149207765, 7.06527453076e-06, -0.00129082181957], [0.000146059464896, -0.000150707928697, -0.00025452976115, -0.00141429435462, 0.00451148860157, -0.000492088496685, 0.00133644486777, -0.000103104757727, -0.000165492267115, -0.00167209235951, 0.000476131710457, -0.000355805648724, 0.000584170105867], [-7.90608901298e-05, 0.000220254019951, -0.00031941459747, -0.000414476875449, -0.000492088496685, 0.00594802154228, -0.00222294195555, -0.000506873358972, -0.000480521732243, 0.000758290290833, -0.00130812078714, 3.0389690437e-05, 0.000874305726029], [6.7401007982e-05, -4.607874871e-05, -0.000967060273979, 0.000490849430207, 0.00133644486777, -0.00222294195555, 0.00645358487964, -0.00288126152009, 0.000862492597662, 0.000375035306206, -0.000742274802178, -0.000534886203241, 0.00038494556793], [-0.000186403398402, -0.000242534952122, 0.000346583838109, 0.000298611441394, -0.000103104757727, -0.000506873358972, -0.00288126152009, 0.00735497521237, -0.000800074543804, -0.00101997877937, -0.000291830481729, 0.000639784440864, -0.0022224476561], [0.000118226183986, 0.000139709023642, -0.000491432612762, -0.000781271606684, -0.000165492267115, -0.000480521732243, 0.000862492597662, -0.000800074543804, 0.00653116311878, -0.000703207508195, -0.000422156357672, -0.000836465740576, 0.000595494057052], [-0.000186645236681, 0.000275593309198, 0.000330446724547, 0.000524261035025, -0.00167209235951, 0.000758290290833, 0.000375035306206, -0.00101997877937, -0.000703207508195, 0.00704917497933, -0.00175109808333, 8.43540547066e-05, -0.000972232373897], [0.000101038371213, -0.00029054612969, 0.00081785506336, 0.000343149207765, 0.000476131710457, -0.00130812078714, -0.000742274802178, -0.000291830481729, -0.000422156357672, -0.00175109808333, 0.00984572432935, -0.00149479822721, 0.00095409527421], [-4.35703404946e-05, 0.000435854191892, -0.000849560601637, 7.06527453076e-06, -0.000355805648724, 3.0389690437e-05, -0.000534886203241, 0.000639784440864, -0.000836465740576, 8.43540547066e-05, -0.00149479822721, 0.0120668066666, -0.00326153589413], [5.89386218053e-05, -7.97795655672e-05, 0.000236678155488, -0.00129082181957, 0.000584170105867, 0.000874305726029, 0.00038494556793, -0.0022224476561, 0.000595494057052, -0.000972232373897, 0.00095409527421, -0.00326153589413, 0.0117773665115]], "mean": [-721.690551758, 153.45375061, -4.82637071609, 14.3402414322, -1.32380127907, -5.79527854919, -5.47157764435, 7.39060544968, -8.82697963715, 6.90816545486, -1.38160657883, -4.25217342377, 0.601128935814]}, "pitch_salience": {"dmean": 0.056857869029, "dmean2": 0.09196896106, "dvar": 0.00333532434888, "dvar2": 0.00879774056375, "max": 0.978024542332, "mean": 0.574886441231, "median": 0.575055420399, "min": 0.114775925875, "var": 0.0110602555797}, "silence_rate_20dB": {"dmean": 0, "dmean2": 0, "dvar": 0, "dvar2": 0, "max": 1, "mean": 1, "median": 1, "min": 1, "var": 0}, "silence_rate_30dB": {"dmean": 0.0028183190152, "dmean2": 0.00563720567152, "dvar": 0.00281027122401, "dvar2": 0.0066118449904, "max": 1, "mean": 0.997181952, "median": 1, "min": 0, "var": 0.00280995923094}, "silence_rate_60dB": {"dmean": 0.0285858083516, "dmean2": 0.0571773722768, "dvar": 0.0277740284801, "dvar2": 0.059750713408, "max": 1, "mean": 0.19212962687, "median": 0, "min": 0, "var": 0.155214741826}, "spectral_centroid": {"dmean": 167.768920898, "dmean2": 246.130432129, "dvar": 80711.203125, "dvar2": 166957.40625, "max": 11635.5605469, "mean": 1146.94592285, "median": 893.044799805, "min": 132.449645996, "var": 1810057.875}, "spectral_complexity": {"dmean": 2.03361845016, "dmean2": 3.15019130707, "dvar": 7.882376194, "dvar2": 17.1438579559, "max": 48, "mean": 12.581823349, "median": 12, "min": 0, "var": 62.0135307312}, "spectral_contrast_coeffs": {"dmean": [0.0425687767565, 0.0422918014228, 0.037568282336, 0.0308170989156, 0.0261786077172, 0.0186344273388], "dmean2": [0.0697816088796, 0.0677271485329, 0.0583942458034, 0.0477008968592, 0.0399547144771, 0.0290725436062], "dvar": [0.00146388704889, 0.00146214326378, 0.00103559123818, 0.000726329803001, 0.000611081602983, 0.000316163495881], "dvar2": [0.0037012246903, 0.00357417901978, 0.00238854833879, 0.00154772493988, 0.00125555018894, 0.000735372304916], "max": [-0.287766695023, -0.407181859016, -0.424819171429, -0.480902671814, -0.470321297646, -0.570330142975], "mean": [-0.617516160011, -0.682907938957, -0.708523035049, -0.737605750561, -0.754652619362, -0.782629132271], "median": [-0.622713685036, -0.680475771427, -0.710998952389, -0.741446137428, -0.76263910532, -0.782444238663], "min": [-0.980617463589, -0.98153090477, -0.984076738358, -0.970911443233, -0.974555313587, -0.965182185173], "var": [0.0102167194709, 0.00827279035002, 0.00817305315286, 0.00637000193819, 0.00531525118276, 0.00267159659415]}, "spectral_contrast_valleys": {"dmean": [0.417211085558, 0.352223485708, 0.32684263587, 0.304169178009, 0.31276255846, 0.375022619963], "dmean2": [0.678477108479, 0.564060926437, 0.519334554672, 0.461553782225, 0.453836590052, 0.503136634827], "dvar": [0.185027882457, 0.126242414117, 0.109434641898, 0.103401355445, 0.126995950937, 0.215629592538], "dvar2": [0.413010537624, 0.280107617378, 0.226291716099, 0.203481301665, 0.242933884263, 0.404972910881], "max": [-5.04587841034, -4.78022432327, -5.61365604401, -6.09938287735, -5.75802993774, -7.8267083168], "mean": [-8.38276195526, -7.54208564758, -8.41832542419, -8.95653057098, -9.06203556061, -11.7645597458], "median": [-7.95795249939, -7.0723233223, -7.94852542877, -8.53058815002, -8.62112808228, -11.5428581238], "min": [-28.1068077087, -28.2282752991, -27.8662986755, -27.7705039978, -27.6054954529, -27.4497776031], "var": [7.32630634308, 7.33006238937, 7.01043176651, 6.6130900383, 6.69693756104, 5.52715826035]}, "spectral_decrease": {"dmean": 1.32834032662e-09, "dmean2": 2.04899497369e-09, "dvar": 8.39293680007e-18, "dvar2": 2.14406935309e-17, "max": 5.46905315194e-28, "mean": -4.96058971677e-09, "median": -3.57562734976e-09, "min": -5.70494513852e-08, "var": 2.5057049414e-17}, "spectral_energy": {"dmean": 0.00528516480699, "dmean2": 0.00811700709164, "dvar": 0.000125606835354, "dvar2": 0.000317460973747, "max": 0.21947452426, "mean": 0.020064195618, "median": 0.0143162347376, "min": 9.99607219033e-21, "var": 0.000407918880228}, "spectral_energyband_high": {"dmean": 0.000170364510268, "dmean2": 0.000272442382993, "dvar": 5.53013649096e-07, "dvar2": 1.20045160656e-06, "max": 0.0415996424854, "mean": 0.000260145228822, "median": 3.47972927557e-05, "min": 6.96280815424e-21, "var": 9.91674937723e-07}, "spectral_energyband_low": {"dmean": 0.00256896368228, "dmean2": 0.00450590485707, "dvar": 9.44349521887e-05, "dvar2": 0.000267147435807, "max": 0.172299697995, "mean": 0.00494615826756, "median": 0.00165516510606, "min": 1.02201947427e-23, "var": 8.42830486363e-05}, "spectral_energyband_middle_high": {"dmean": 0.00153316417709, "dmean2": 0.00211492669769, "dvar": 8.39696076582e-06, "dvar2": 1.5313122276e-05, "max": 0.103889137506, "mean": 0.00572172459215, "median": 0.00171130569652, "min": 1.16439009908e-21, "var": 8.19033812149e-05}, "spectral_energyband_middle_low": {"dmean": 0.00267525925301, "dmean2": 0.00389268272556, "dvar": 1.72545460373e-05, "dvar2": 3.50211666955e-05, "max": 0.0914594456553, "mean": 0.00981743540615, "median": 0.00744923902676, "min": 1.71904314928e-22, "var": 9.85519945971e-05}, "spectral_entropy": {"dmean": 0.179699972272, "dmean2": 0.254099160433, "dvar": 0.0432130731642, "dvar2": 0.0855812579393, "max": 9.8281917572, "mean": 7.01101875305, "median": 6.99256038666, "min": 4.02582883835, "var": 0.428895503283}, "spectral_flux": {"dmean": 0.019669143483, "dmean2": 0.0307616181672, "dvar": 0.000770098413341, "dvar2": 0.00158909428865, "max": 0.391857653856, "mean": 0.0567733049393, "median": 0.0452816337347, "min": 6.45393599674e-11, "var": 0.00221225805581}, "spectral_kurtosis": {"dmean": 3.61984276772, "dmean2": 6.10693883896, "dvar": 19.3008823395, "dvar2": 52.3261604309, "max": 115.952110291, "mean": 9.00944042206, "median": 6.85064315796, "min": -1.280636549, "var": 79.5877380371}, "spectral_rms": {"dmean": 0.000509151897859, "dmean2": 0.000751833722461, "dvar": 6.55044914311e-07, "dvar2": 1.49384152337e-06, "max": 0.0146328909323, "mean": 0.0038378983736, "median": 0.00373725267127, "min": 3.1228617782e-12, "var": 4.84531983602e-06}, "spectral_rolloff": {"dmean": 276.518371582, "dmean2": 467.357513428, "dvar": 535673.1875, "dvar2": 1173626.125, "max": 19616.7480469, "mean": 1413.17248535, "median": 882.861328125, "min": 86.1328125, "var": 5889760.5}, "spectral_skewness": {"dmean": 0.355465531349, "dmean2": 0.578639566898, "dvar": 0.129487544298, "dvar2": 0.327952474356, "max": 9.30742549896, "mean": 2.07236003876, "median": 1.92432045937, "min": -0.0890311971307, "var": 0.844108223915}, "spectral_spread": {"dmean": 506831.875, "dmean2": 748123.5, "dvar":