{"lowlevel": {"average_loudness": 0.868337035179, "barkbands": {"dmean": [5.78019935347e-05, 0.00144003296737, 0.00104023632593, 0.00094316265313, 0.00131304212846, 0.000533143989742, 0.000655980489682, 0.000553262012545, 0.000615646422375, 0.000308936956571, 0.000295337609714, 0.000279948115349, 0.000346309592715, 0.000306061090669, 0.000294214318274, 0.000227191689191, 0.000239900880842, 0.000221182606765, 0.000191069353605, 0.000303122564219, 0.000288818991976, 0.000319192651659, 0.000233755301451, 0.00030905046151, 0.00029274073313, 9.13555340958e-05, 2.82124747173e-05], "dmean2": [9.72204579739e-05, 0.00244832108729, 0.00179134414066, 0.00150456582196, 0.00208067521453, 0.00081579957623, 0.00100612337701, 0.000824902032036, 0.000952149392106, 0.000458310649265, 0.000451255473308, 0.000426238984801, 0.000532790087163, 0.000493252533488, 0.00047718101996, 0.000372498907382, 0.000386083644116, 0.00036726979306, 0.000306630245177, 0.000485446944367, 0.000454905297374, 0.000480903050629, 0.000346033048118, 0.000453094980912, 0.000449058949016, 0.000149950952618, 4.86873395857e-05], "dvar": [1.81509332009e-08, 1.15946731967e-05, 7.41820076655e-06, 2.96612756756e-06, 4.82158839077e-06, 1.27623445678e-06, 1.2839819874e-06, 2.03012587008e-06, 2.562543159e-06, 5.33508057288e-07, 7.07912079179e-07, 5.71043699438e-07, 7.55331200253e-07, 5.78241440508e-07, 3.94991332087e-07, 2.96527957744e-07, 2.33278768746e-07, 1.67485467273e-07, 1.36224102221e-07, 2.49956997322e-07, 3.23622231235e-07, 6.26396797543e-07, 3.11593908009e-07, 1.10852954549e-06, 1.02042736216e-06, 5.21619156757e-08, 8.11482703256e-09], "dvar2": [4.59957085752e-08, 2.89780273306e-05, 2.05230171559e-05, 6.9338184403e-06, 1.13798323582e-05, 2.97675524052e-06, 3.06274955619e-06, 4.37023254563e-06, 5.95070832787e-06, 1.12039992928e-06, 1.65291316989e-06, 1.2872607158e-06, 1.5563331317e-06, 1.40930137604e-06, 9.72104203356e-07, 7.43952625726e-07, 5.59913246434e-07, 4.23697883889e-07, 3.27519757093e-07, 6.02364934821e-07, 7.45070224184e-07, 1.47207651935e-06, 6.95859057487e-07, 2.45944329436e-06, 2.29858119383e-06, 1.35560895842e-07, 2.22662386307e-08], "max": [0.00403769919649, 0.0865915045142, 0.0499281138182, 0.0287193097174, 0.0441798791289, 0.026439556852, 0.027787765488, 0.0413103103638, 0.039001993835, 0.0254358649254, 0.022264637053, 0.0195489693433, 0.0308195613325, 0.0210481453687, 0.0166042409837, 0.0137515421957, 0.00885478965938, 0.0122337313369, 0.00842875987291, 0.00878729484975, 0.0199152603745, 0.0161899514496, 0.0185967478901, 0.0336395800114, 0.0319545604289, 0.00241136620753, 0.00128430931363], "mean": [6.9384361268e-05, 0.00219001155347, 0.00137682142667, 0.00148019066546, 0.00271964678541, 0.00109217048157, 0.00128272164147, 0.00103781616781, 0.00128885963932, 0.000638291356154, 0.000584972905926, 0.000538415391929, 0.000666113977786, 0.000541215646081, 0.000458284281194, 0.000355427764589, 0.00040450450615, 0.000397347524995, 0.00037916819565, 0.000632401846815, 0.000613389536738, 0.000579040846787, 0.000428976753028, 0.000485964294057, 0.000365089159459, 8.64593530423e-05, 2.15933559957e-05], "median": [1.81982322829e-05, 0.000629157410003, 0.000575580575969, 0.000693865586072, 0.00157424493227, 0.000619853031822, 0.000643647625111, 0.000273043842753, 0.000337427016348, 0.000190508697415, 8.65651672939e-05, 0.000135254958877, 0.000182357645826, 0.000137149458169, 0.000167078018421, 0.000136403818033, 0.000165637742612, 0.000179782975465, 0.000186584802577, 0.00033664147486, 0.00028741848655, 0.000242024034378, 0.00017290294636, 0.000123628298752, 5.88398543186e-05, 1.63317272381e-05, 2.25395433517e-06], "min": [2.70551211973e-25, 2.20818141805e-24, 7.84111765356e-25, 8.70398653068e-25, 6.19144778426e-24, 1.14555958853e-23, 5.02748036316e-24, 1.06324147976e-23, 1.5836231211e-23, 1.43151732794e-23, 1.6218494273e-23, 2.18321499592e-23, 1.66543004801e-23, 3.61347487957e-23, 4.22137677293e-23, 6.21230424108e-23, 5.75808759818e-23, 7.09297277845e-23, 1.32353593309e-22, 1.83850559419e-22, 2.22611322039e-22, 3.08805849127e-22, 3.19854243691e-22, 5.70048661571e-22, 9.64254396109e-22, 1.32476115398e-21, 1.93022939252e-21], "var": [2.95391977545e-08, 1.68430269696e-05, 6.38994924884e-06, 5.11440475748e-06, 1.23615654957e-05, 2.51641858995e-06, 3.48377193404e-06, 5.77061700824e-06, 7.95084906713e-06, 2.27451664614e-06, 2.62000844486e-06, 1.87612420177e-06, 2.68192980002e-06, 1.70738189809e-06, 7.54617644816e-07, 4.49713610351e-07, 4.41765564574e-07, 3.22712622847e-07, 3.38550535162e-07, 6.26221435596e-07, 7.97588484147e-07, 1.09850986973e-06, 6.1234925397e-07, 1.91131994143e-06, 1.55842906224e-06, 4.35657518949e-08, 5.36352073865e-09]}, "barkbands_crest": {"dmean": 2.32775139809, "dmean2": 3.72860455513, "dvar": 5.0268073082, "dvar2": 12.2588148117, "max": 26.0730266571, "mean": 8.54793071747, "median": 7.68915081024, "min": 2.15136265755, "var": 16.3020801544}, "barkbands_flatness_db": {"dmean": 0.019009437412, "dmean2": 0.0290350224823, "dvar": 0.00042692682473, "dvar2": 0.000936827040277, "max": 0.552450299263, "mean": 0.0964091271162, "median": 0.0854851007462, "min": 0.0137829612941, "var": 0.00243155146018}, "barkbands_kurtosis": {"dmean": 2.11571478844, "dmean2": 3.31182742119, "dvar": 25.2915420532, "dvar2": 59.9039115906, "max": 147.492553711, "mean": 2.30902552605, "median": 0.10487049073, "min": -1.95480310917, "var": 54.8491172791}, "barkbands_skewness": {"dmean": 0.514862716198, "dmean2": 0.78145301342, "dvar": 0.403565853834, "dvar2": 0.888149738312, "max": 11.2947950363, "mean": 1.03142881393, "median": 0.892009973526, "min": -9.4750995636, "var": 1.66605317593}, "barkbands_spread": {"dmean": 8.27340602875, "dmean2": 12.5355882645, "dvar": 108.958351135, "dvar2": 232.493560791, "max": 118.681930542, "mean": 35.3271980286, "median": 32.4387664795, "min": 0.696056187153, "var": 352.333679199}, "dissonance": {"dmean": 0.0152115151286, "dmean2": 0.0248381309211, "dvar": 0.000287439499516, "dvar2": 0.000714226043783, "max": 0.500000059605, "mean": 0.468030631542, "median": 0.477042138577, "min": 0.184587135911, "var": 0.000862988526933}, "dynamic_complexity": 3.67507696152, "erbbands": {"dmean": [0.0337629951537, 0.370381683111, 1.16408884525, 2.08074951172, 3.07483196259, 5.54571676254, 5.48200368881, 4.18981933594, 7.74931812286, 11.266828537, 11.228102684, 15.1609287262, 8.63936519623, 10.70129776, 12.0775985718, 10.8455219269, 16.5327358246, 12.4472379684, 17.5325317383, 13.8336496353, 11.3832044601, 12.748468399, 11.5712022781, 8.75764846802, 11.1293020248, 14.0817289352, 12.6054553986, 11.8581352234, 11.6151237488, 8.100274086, 7.02851915359, 6.52843093872, 5.25106668472, 3.63609838486, 1.83580005169, 0.504734396935, 0.15112388134, 0.0378783680499, 0.00446920935065, 0.000269670417765], "dmean2": [0.0538872852921, 0.638540685177, 2.00509953499, 3.35588979721, 4.93184375763, 8.86128807068, 8.50575637817, 6.4102025032, 12.1148729324, 16.7065029144, 16.7610721588, 23.128528595, 12.6365947723, 15.9118900299, 18.2180080414, 16.4019527435, 25.3130683899, 19.8134899139, 28.7023029327, 22.4416561127, 18.5619163513, 20.4422035217, 18.8908081055, 14.5051174164, 17.7791385651, 22.4392108917, 20.2676391602, 18.7927303314, 17.8724079132, 12.0607423782, 10.3145084381, 9.63408565521, 7.88766050339, 5.37866020203, 2.94113087654, 0.816580116749, 0.249275714159, 0.064113907516, 0.00760663766414, 0.000475694891065], "dvar": [0.00583539437503, 0.84002071619, 10.3050689697, 13.3986272812, 24.7979106903, 104.533538818, 148.181045532, 96.0123138428, 206.61000061, 654.47052002, 898.273010254, 1838.65161133, 465.915496826, 721.079223633, 1095.85107422, 945.979248047, 1863.13305664, 1032.79943848, 1406.77880859, 1212.40441895, 615.053527832, 736.157897949, 478.914001465, 251.363983154, 450.751861572, 547.895935059, 473.713867188, 790.471740723, 931.194335938, 288.963653564, 325.876800537, 445.885559082, 485.420043945, 227.439682007, 49.079410553, 1.65469944477, 0.149968206882, 0.0108258044347, 0.000150798921823, 2.50001085078e-06], "dvar2": [0.0138171324506, 2.180519104, 28.5855045319, 32.8332176208, 62.5984649658, 246.587310791, 345.930755615, 235.118225098, 519.653503418, 1381.37365723, 1831.33435059, 4257.81005859, 972.467224121, 1499.68151855, 2535.91601563, 2180.45629883, 3822.65087891, 2448.44775391, 3608.60498047, 2830.17260742, 1524.9083252, 1775.68701172, 1166.39672852, 614.892883301, 1081.6953125, 1317.98095703, 1108.30639648, 1844.8359375, 2201.17822266, 672.407775879, 734.541442871, 992.304504395, 1183.78527832, 477.236480713, 125.721534729, 4.24539756775, 0.385796636343, 0.0284943245351, 0.000396282208385, 7.18235514796e-06], "max": [1.99830091, 22.5398368835, 59.0753440857, 62.0172805786, 87.3189620972, 235.334381104, 290.317932129, 287.153045654, 337.827514648, 686.763183594, 1090.21569824, 1043.68151855, 1037.08215332, 884.143066406, 1073.15161133, 926.19744873, 1545.84008789, 1145.01367188, 843.971435547, 1161.85546875, 472.043884277, 546.999328613, 734.919372559, 385.017608643, 491.904693604, 471.947601318, 461.442840576, 1147.27062988, 805.921691895, 330.762512207, 689.600585938, 1086.56665039, 784.684448242, 556.055786133, 371.131469727, 36.0539054871, 4.12482118607, 1.09481465816, 0.115295082331, 0.0315208621323], "mean": [0.0528029426932, 0.531833589077, 1.56596064568, 3.51451325417, 5.50087165833, 10.8546009064, 10.8036880493, 8.73958492279, 14.7557983398, 22.4026489258, 23.0641117096, 29.8343429565, 21.0153179169, 22.9807338715, 26.1443519592, 22.8031005859, 33.7589569092, 23.8374156952, 29.7253513336, 22.8180065155, 18.8757324219, 22.3318157196, 22.1043319702, 17.9235229492, 23.4261417389, 30.3767814636, 27.2853527069, 22.7987327576, 20.9600753784, 15.0913534164, 12.6735944748, 10.6222085953, 7.75510835648, 4.94473838806, 2.05952739716, 0.527253031731, 0.137572929263, 0.0307400040329, 0.00350508885458, 0.000225595023949], "median": [0.016093518585, 0.152542561293, 0.660139381886, 2.04782700539, 3.42826104164, 5.31709957123, 5.80251789093, 4.92625331879, 7.83315563202, 8.5774307251, 7.59547615051, 8.77424812317, 6.19686317444, 7.63271379471, 6.1714258194, 6.95883750916, 9.90862083435, 7.6447763443, 10.6796646118, 8.37047386169, 8.05936813354, 9.62624168396, 10.8235902786, 8.46643352509, 12.258441925, 15.8289966583, 14.0915288925, 10.0538234711, 8.54024219513, 7.08908224106, 4.83407783508, 3.14838838577, 1.71413731575, 0.862988829613, 0.308130502701, 0.102637395263, 0.0238796472549, 0.00398982129991, 0.000389557302697, 4.98518929817e-05], "min": [4.24867104471e-23, 3.30049456786e-22, 1.5719348783e-21, 3.37198278392e-21, 6.5192147793e-21, 1.80362935937e-20, 5.42655361877e-20, 7.42733485324e-20, 6.91241298322e-20, 2.03614217168e-19, 2.84105702085e-19, 3.80334440327e-19, 4.41688287516e-19, 6.9066985869e-19, 7.60797610637e-19, 1.10729260909e-18, 1.34455933824e-18, 1.62565299137e-18, 2.00043829056e-18, 3.50834636103e-18, 4.11150371624e-18, 3.44808397866e-18, 4.95303549883e-18, 7.11585678825e-18, 7.25807229661e-18, 8.54853112765e-18, 7.7681805183e-18, 9.40197389747e-18, 9.83048819636e-18, 1.03154691526e-17, 9.1661289884e-18, 9.19924681859e-18, 9.75934239188e-18, 8.21769362422e-18, 6.39316232196e-18, 4.58520606481e-18, 2.49110466593e-18, 9.34656499735e-19, 2.22424937608e-19, 2.78734178595e-20], "var": [0.00959144067019, 1.08994603157, 8.84732246399, 22.0839633942, 46.2669715881, 274.220123291, 289.794769287, 175.649780273, 472.918121338, 1833.7286377, 2783.35888672, 4450.28515625, 2319.73754883, 2665.84790039, 3896.61181641, 2746.97167969, 6927.11181641, 2929.37939453, 3074.48950195, 2191.28125, 990.126342773, 1354.01123047, 957.300537109, 629.884887695, 1148.36865234, 1474.12133789, 1239.84912109, 1606.0300293, 1617.64367676, 544.466552734, 613.619445801, 767.695861816, 653.563171387, 368.430725098, 51.1926231384, 1.65844106674, 0.12069644779, 0.0079410020262, 0.000109625761979, 1.45899173276e-06]}, "erbbands_crest": {"dmean": 2.12092733383, "dmean2": 3.36848258972, "dvar": 5.14850950241, "dvar2": 11.7801160812, "max": 32.6598854065, "mean": 7.77804279327, "median": 6.49835968018, "min": 2.26817154884, "var": 17.1241378784}, "erbbands_flatness_db": {"dmean": 0.0160328242928, "dmean2": 0.0221242439002, "dvar": 0.000287757313345, "dvar2": 0.000506737444084, "max": 0.403811335564, "mean": 0.132057458162, "median": 0.125199466944, "min": 0.0309818107635, "var": 0.00141964200884}, "erbbands_kurtosis": {"dmean": 0.926069140434, "dmean2": 1.42371141911, "dvar": 4.50524425507, "dvar2": 9.91247272491, "max": 95.662322998, "mean": 0.365916222334, "median": -0.33425039053, "min": -1.81485569477, "var": 8.59621715546}, "erbbands_skewness": {"dmean": 0.363554239273, "dmean2": 0.535274863243, "dvar": 0.189364016056, "dvar2": 0.369412779808, "max": 8.12529087067, "mean": 0.0117354057729, "median": 0.0118772257119, "min": -7.37566280365, "var": 0.932339966297}, "erbbands_spread": {"dmean": 9.76257228851, "dmean2": 15.0608596802, "dvar": 135.824890137, "dvar2": 319.391143799, "max": 148.413726807, "mean": 48.6388206482, "median": 46.2556228638, "min": 2.06325244904, "var": 439.811859131}, "gfcc": {"cov": [[24241.6621094, 186.863250732, -1427.72595215, 746.534912109, -832.276123047, 377.298461914, -517.763061523, 38.1686019897, -317.710479736, 171.632537842, -274.626586914, -52.0672874451, -218.813903809], [186.863250732, 1513.5324707, -215.416397095, -34.9516220093, 48.0483627319, 24.3061771393, 100.701011658, -31.1875095367, 57.865436554, -31.6293392181, 76.6549758911, -5.38461065292, 36.7747421265], [-1427.72595215, -215.416397095, 908.775878906, 59.7526473999, 113.334602356, 33.2378044128, -4.27701854706, 6.88783788681, -17.1208286285, -7.04387140274, -15.0656671524, 11.983792305, -11.8276405334], [746.534912109, -34.9516220093, 59.7526473999, 491.195831299, 82.4919433594, 23.2475147247, -6.10047340393, 28.0837478638, 30.0644645691, 13.5306224823, -15.6633119583, -25.2081737518, 0.997430860996], [-832.276123047, 48.0483627319, 113.334602356, 82.4919433594, 306.205749512, 47.9238929749, 93.2346572876, 32.6467857361, 71.9615249634, 28.6639232635, 2.96465706825, 13.4415359497, 13.8915090561], [377.298461914, 24.3061771393, 33.2378044128, 23.2475147247, 47.9238929749, 179.192840576, 99.3717346191, 43.4497871399, 5.93127393723, 13.1551532745, -0.844223618507, 4.26634693146, 0.455600947142], [-517.763061523, 100.701011658, -4.27701854706, -6.10047340393, 93.2346572876, 99.3717346191, 227.773849487, 71.2628555298, 53.3258399963, 10.4264059067, 8.56560897827, 19.8682594299, -4.69667100906], [38.1686019897, -31.1875095367, 6.88783788681, 28.0837478638, 32.6467857361, 43.4497871399, 71.2628555298, 137.950088501, 67.8807373047, 26.011095047, 9.70863819122, 3.76424622536, 5.59895133972], [-317.710479736, 57.865436554, -17.1208286285, 30.0644645691, 71.9615249634, 5.93127393723, 53.3258399963, 67.8807373047, 128.925720215, 48.0875701904, 10.1175775528, 7.171875, 15.6492471695], [171.632537842, -31.6293392181, -7.04387140274, 13.5306224823, 28.6639232635, 13.1551532745, 10.4264059067, 26.011095047, 48.0875701904, 83.9026870728, 32.5923843384, 13.2012119293, 1.68774330616], [-274.626586914, 76.6549758911, -15.0656671524, -15.6633119583, 2.96465706825, -0.844223618507, 8.56560897827, 9.70863819122, 10.1175775528, 32.5923843384, 105.495918274, 27.7111148834, 3.98147344589], [-52.0672874451, -5.38461065292, 11.983792305, -25.2081737518, 13.4415359497, 4.26634693146, 19.8682594299, 3.76424622536, 7.171875, 13.2012119293, 27.7111148834, 74.1040115356, 22.1612854004], [-218.813903809, 36.7747421265, -11.8276405334, 0.997430860996, 13.8915090561, 0.455600947142, -4.69667100906, 5.59895133972, 15.6492471695, 1.68774330616, 3.98147344589, 22.1612854004, 71.9395065308]], "icov": [[9.11993338377e-05, -8.05391100585e-05, 0.000148592633195, -0.000169445906067, 0.000182545525604, -0.000339305552188, 0.00035773680429, -0.000249969598372, 0.000333287578542, -0.000479761307361, 0.00047393256682, -0.000357179786079, 0.000377610587748], [-8.05391100585e-05, 0.000911425566301, 3.15555007546e-05, 0.000176283909241, -0.000185807250091, 0.000136611342896, -0.000699433439877, 0.0009476665291, -0.00111539289355, 0.00137457496021, -0.00137348147109, 0.000834677193779, -0.000763267336879], [0.000148592633195, 3.15555007546e-05, 0.00148762040772, -0.000333810719894, -0.000304863177007, -0.000797433604021, 0.000891330593731, -0.000555177801289, 0.000808081182186, -0.000462675001472, 0.000780222937465, -0.000921506725717, 0.000926126085687], [-0.000169445906067, 0.000176283909241, -0.000333810719894, 0.00257307221182, -0.000980439479463, 0.000300293351756, -0.000111101748189, 7.43646305637e-05, -0.000826198840514, 0.000789071549661, -0.000718354946002, 0.00144680484664, -0.000766408862546], [0.000182545525604, -0.000185807250091, -0.000304863177007, -0.000980439479463, 0.00505068805069, -0.00101478211582, -0.000906270230189, 0.000694326823577, -0.00158685864881, -0.00135422346648, 0.001072886982, -0.000859962543473, 0.000114127178676], [-0.000339305552188, 0.000136611342896, -0.000797433604021, 0.000300293351756, -0.00101478211582, 0.00956840533763, -0.00496370624751, -0.000896269863006, 0.00210729963146, -0.000766804092564, -0.000854738114867, 0.00196897657588, -0.00235576485284], [0.00035773680429, -0.000699433439877, 0.000891330593731, -0.000111101748189, -0.000906270230189, -0.00496370624751, 0.00958689488471, -0.00338916527107, -0.000569069932681, 0.000138342424179, 0.00192732911091, -0.003776201047, 0.00386699219234], [-0.000249969598372, 0.0009476665291, -0.000555177801289, 7.43646305637e-05, 0.000694326823577, -0.000896269863006, -0.00338916527107, 0.0128194363788, -0.00732787977904, 0.00214972370304, -0.00277462718077, 0.00203828909434, -0.0016151642194], [0.000333287578542, -0.00111539289355, 0.000808081182186, -0.000826198840514, -0.00158685864881, 0.00210729963146, -0.000569069932681, -0.00732787977904, 0.0178542900831, -0.0100261736661, 0.00406318018213, -0.000698414922226, -0.00110393820796], [-0.000479761307361, 0.00137457496021, -0.000462675001472, 0.000789071549661, -0.00135422346648, -0.000766804092564, 0.000138342424179, 0.00214972370304, -0.0100261736661, 0.0220706257969, -0.00834448263049, 0.000455182773294, -0.00015601918858], [0.00047393256682, -0.00137348147109, 0.000780222937465, -0.000718354946002, 0.001072886982, -0.000854738114867, 0.00192732911091, -0.00277462718077, 0.00406318018213, -0.00834448263049, 0.0154862739146, -0.00618865014985, 0.00278313690796], [-0.000357179786079, 0.000834677193779, -0.000921506725717, 0.00144680484664, -0.000859962543473, 0.00196897657588, -0.003776201047, 0.00203828909434, -0.000698414922226, 0.000455182773294, -0.00618865014985, 0.0194212719798, -0.00743528874591], [0.000377610587748, -0.000763267336879, 0.000926126085687, -0.000766408862546, 0.000114127178676, -0.00235576485284, 0.00386699219234, -0.0016151642194, -0.00110393820796, -0.00015601918858, 0.00278313690796, -0.00743528874591, 0.0183534827083]], "mean": [0.712800383568, 52.3062286377, -109.47089386, 38.6077003479, -70.2984848022, 12.4980306625, -38.5278167725, 3.46367168427, -25.1642131805, 2.45668530464, -16.7827949524, -2.88753294945, -11.8856954575]}, "hfc": {"dmean": 13.6985340118, "dmean2": 19.6660556793, "dvar": 640.300598145, "dvar2": 1414.91589355, "max": 466.62991333, "mean": 33.6141777039, "median": 22.0410518646, "min": 1.05035281685e-16, "var": 1488.39074707}, "melbands": {"dmean": [0.000346905173501, 0.000556122919079, 0.000383225589758, 0.000292103213724, 0.000204692129046, 9.25499844016e-05, 0.000122228782857, 0.000122896104585, 9.25319036469e-05, 9.30207024794e-05, 4.43591306976e-05, 4.5572527597e-05, 4.41775955551e-05, 3.2846484828e-05, 3.49874208041e-05, 3.21263505612e-05, 2.4300899895e-05, 3.08718626911e-05, 1.92374318431e-05, 1.68954975379e-05, 1.43384413605e-05, 1.4196722077e-05, 1.22263036246e-05, 1.21856837723e-05, 7.11664279152e-06, 8.55205325934e-06, 9.52029040491e-06, 1.00136740002e-05, 9.3612652563e-06, 6.94666096024e-06, 7.69867074268e-06, 7.21386231817e-06, 6.13810743744e-06, 4.17344745074e-06, 4.14022451878e-06, 4.38818960902e-06, 4.06878552894e-06, 3.85116300095e-06, 3.84164513889e-06, 2.94182973448e-06], "dmean2": [0.000571414653677, 0.000958351767622, 0.000611682364251, 0.000463703239802, 0.0003181117645, 0.000140995005495, 0.000189894068171, 0.000182215429959, 0.000139273353852, 0.000142659555422, 6.47796332487e-05, 6.75807605148e-05, 6.73258764436e-05, 4.9636917538e-05, 5.37503474334e-05, 4.88045589009e-05, 3.85175153497e-05, 5.04592244397e-05, 3.10361283482e-05, 2.75780821539e-05, 2.34802555497e-05, 2.2807287678e-05, 1.97783647309e-05, 2.05241722142e-05, 1.17989893624e-05, 1.37908109537e-05, 1.52045467985e-05, 1.60715499078e-05, 1.52725970111e-05, 1.11144299808e-05, 1.25420492623e-05, 1.15849525173e-05, 9.21999071579e-06, 6.44693773211e-06, 6.15323824604e-06, 6.66165806251e-06, 6.04723209108e-06, 5.88537204749e-06, 5.9660237639e-06, 4.40990379502e-06], "dvar": [6.08733614627e-07, 2.20613901547e-06, 4.10471955092e-07, 2.20122331029e-07, 1.82133774729e-07, 4.33149267565e-08, 4.86851945425e-08, 8.09217297615e-08, 5.91228186408e-08, 7.1435849236e-08, 1.22236505362e-08, 1.29564838858e-08, 1.51244723412e-08, 8.75648087373e-09, 8.31593904849e-09, 6.77860967357e-09, 4.44449854697e-09, 4.99464336556e-09, 2.14031703472e-09, 2.0585573246e-09, 1.00866692776e-09, 9.86896342425e-10, 6.15293038742e-10, 4.65818439377e-10, 1.79106576792e-10, 2.97192770393e-10, 3.24626214798e-10, 2.84629597669e-10, 2.6696705957e-10, 1.52895751615e-10, 4.14270479032e-10, 3.80618758733e-10, 1.99007255119e-10, 7.4441182385e-11, 1.03442497623e-10, 1.70790825926e-10, 1.90525553667e-10, 2.60531096696e-10, 3.44568568122e-10, 1.82984280506e-10], "dvar2": [1.43019963161e-06, 6.0727793425e-06, 9.87094495031e-07, 5.28003738509e-07, 4.19756645442e-07, 1.04135892798e-07, 1.20579514373e-07, 1.74581117562e-07, 1.21643026318e-07, 1.65357135984e-07, 2.53804088857e-08, 2.67184621094e-08, 3.51253035547e-08, 1.98426306497e-08, 1.76358057047e-08, 1.35992355155e-08, 1.04980140136e-08, 1.26840591363e-08, 5.02298425076e-09, 5.05840080933e-09, 2.48648790446e-09, 2.44633735491e-09, 1.43220857396e-09, 1.21686238863e-09, 4.39150188436e-10, 7.33519467389e-10, 7.84641962515e-10, 7.01070701492e-10, 6.39535591151e-10, 3.52114115643e-10, 1.01490671423e-09, 9.23050247348e-10, 4.6572889989e-10, 1.80329917665e-10, 2.29299260135e-10, 4.07867961627e-10, 4.23493184964e-10, 6.33628927105e-10, 8.67392602188e-10, 4.17668649666e-10], "max": [0.0194939933717, 0.0278747566044, 0.00998823530972, 0.0100742476061, 0.00924985203892, 0.00580539833754, 0.00550760934129, 0.0081176860258, 0.00811254885048, 0.00604196917266, 0.00502878054976, 0.00400968268514, 0.00325129576959, 0.0026944540441, 0.00341343041509, 0.0022647914011, 0.00254769343883, 0.0019101111684, 0.00146621477325, 0.00137121323496, 0.000470055034384, 0.000620625796728, 0.000762217096053, 0.000444078323198, 0.000350676476955, 0.00046254938934, 0.000430046144174, 0.000354058487574, 0.000426421815064, 0.000309196300805, 0.000842309964355, 0.000479412701679, 0.000329523492837, 0.000178430025699, 0.000375847215764, 0.000363080238458, 0.000724057550542, 0.000655982992612, 0.00063244078774, 0.000489555473905], "mean": [0.000550675496925, 0.000791891303379, 0.000655059877317, 0.000596740108449, 0.000416065391619, 0.000192169361981, 0.00023608673655, 0.000243322530878, 0.000184894553968, 0.000185712735401, 0.0001034629895, 9.36066353461e-05, 9.17128199944e-05, 6.43924649921e-05, 6.77445859765e-05, 6.27633344266e-05, 4.17631381424e-05, 5.09073033754e-05, 3.09400202241e-05, 2.60338438238e-05, 2.14794508793e-05, 2.26414267672e-05, 2.12013073906e-05, 2.06423646887e-05, 1.30154621729e-05, 1.66943427757e-05, 1.81368050107e-05, 2.03076597245e-05, 1.83789616131e-05, 1.38643772516e-05, 1.29731170091e-05, 1.18950956676e-05, 1.08686781459e-05, 7.31616182748e-06, 7.28131999495e-06, 6.91477862347e-06, 6.35262404103e-06, 5.62549030292e-06, 4.92196568302e-06, 3.86620058634e-06], "median": [0.000161615549587, 0.000322059204336, 0.000403301150072, 0.000340846396284, 0.000228702745517, 0.000107566942461, 0.000127820167108, 9.17265642784e-05, 5.81406566198e-05, 4.79149457533e-05, 2.66501556325e-05, 2.89703602903e-05, 1.68284313986e-05, 1.56483583851e-05, 1.88213252841e-05, 1.85554054042e-05, 1.14298672997e-05, 1.57826543727e-05, 1.08599870146e-05, 8.86601537786e-06, 8.12530561234e-06, 8.56032420415e-06, 9.42785845837e-06, 8.83872144186e-06, 5.68150426261e-06, 8.14465602161e-06, 9.0390594778e-06, 1.0314199244e-05, 9.31753129407e-06, 6.31351849734e-06, 5.19100012752e-06, 4.55497774965e-06, 4.35824540546e-06, 3.43416422766e-06, 2.80632798422e-06, 2.17359411181e-06, 1.74401088771e-06, 1.27248267745e-06, 8.98937173588e-07, 6.54710845538e-07], "min": [8.97489714276e-25, 6.80507605838e-25, 8.46186145304e-25, 4.96120243927e-25, 1.85329222388e-24, 1.68657810726e-24, 1.0197141466e-24, 2.06681419117e-24, 2.77646360075e-24, 1.93471193841e-24, 1.47883612382e-24, 2.540681162e-24, 2.3605228834e-24, 2.77207852019e-24, 1.55272004734e-24, 1.83702689809e-24, 2.71415049177e-24, 2.82089086642e-24, 2.91483788935e-24, 4.30364881223e-24, 3.75675324032e-24, 3.62028740346e-24, 2.709736815e-24, 2.83633518523e-24, 4.54170297317e-24, 4.15746026472e-24, 5.06883915713e-24, 5.33661483597e-24, 4.36608754731e-24, 3.92410337604e-24, 5.69626638342e-24, 5.01789215329e-24, 5.67831033149e-24, 5.135396535e-24, 5.04894881827e-24, 5.66559428813e-24, 5.17496382585e-24, 6.13454961375e-24, 5.8248006183e-24, 6.10675922735e-24], "var": [1.00546765225e-06, 2.14144142774e-06, 7.0795516649e-07, 5.88499858623e-07, 3.93909829199e-07, 8.32344184687e-08, 1.16043345599e-07, 2.18323933154e-07, 1.70912002773e-07, 1.82905537827e-07, 6.13592447962e-08, 4.95856191662e-08, 5.92644688879e-08, 3.18453103887e-08, 2.59298218452e-08, 2.28037375649e-08, 1.1827169466e-08, 1.19618048799e-08, 4.63678428986e-09, 3.23299720328e-09, 1.5061319969e-09, 1.67173563881e-09, 1.18567944352e-09, 9.28798316036e-10, 3.97861105172e-10, 6.87058243631e-10, 7.09089620354e-10, 7.0287736742e-10, 6.14360951001e-10, 3.87571419402e-10, 6.88104573321e-10, 6.01434291259e-10, 3.61764895818e-10, 1.28214827644e-10, 1.91372334646e-10, 2.81824119597e-10, 3.18051168735e-10, 3.47361694963e-10, 4.02064381788e-10, 2.53314286214e-10]}, "melbands_crest": {"dmean": 3.24054551125, "dmean2": 5.2849817276, "dvar": 9.16676139832, "dvar2": 23.3557834625, "max": 33.2542190552, "mean": 12.8287582397, "median": 11.9110469818, "min": 1.44573128223, "var": 28.2417373657}, "melbands_flatness_db": {"dmean": 0.0248639620841, "dmean2": 0.0384146310389, "dvar": 0.000777721172199, "dvar2": 0.00175940466579, "max": 0.717988014221, "mean": 0.140426680446, "median": 0.130580052733, "min": 0.00328082079068, "var": 0.00441453279927}, "melbands_kurtosis": {"dmean": 6.31354951859, "dmean2": 10.248257637, "dvar": 266.474090576, "dvar2": 666.899841309, "max": 483.356231689, "mean": 11.1927452087, "median": 5.27033615112, "min": -1.95539319515, "var": 446.30090332}, "melbands_skewness": {"dmean": 0.686691820621, "dmean2": 1.08022499084, "dvar": 0.818948805332, "dvar2": 1.94892144203, "max": 17.9263286591, "mean": 2.43925452232, "median": 2.14029717445, "min": -2.86157846451, "var": 2.74466919899}, "melbands_spread": {"dmean": 13.4221334457, "dmean2": 20.9219150543, "dvar": 405.536956787, "dvar2": 850.665283203, "max": 288.816345215, "mean": 43.4011001587, "median": 34.171497345, "min": 0.674310803413, "var": 1298.99853516}, "mfcc": {"cov": [[11957.4765625, 210.105316162, -378.598510742, 249.900848389, -98.3734283447, 193.286621094, -18.6484222412, -54.2901611328, 9.02802181244, 50.2012176514, 16.6546287537, 103.551376343, -0.41767603159], [210.105316162, 1303.02539063, -56.4677772522, -55.7814941406, -54.4646224976, 49.3027496338, 14.1383771896, 51.2403450012, -29.703704834, 13.3819150925, 41.5602684021, -18.1899547577, -0.494104385376], [-378.598510742, -56.4677772522, 599.86340332, 71.3714904785, 80.3909683228, 11.3622436523, 35.6803855896, -2.01192116737, -10.40487957, -19.1874389648, -25.3182697296, -3.14197301865, -4.57955551147], [249.900848389, -55.7814941406, 71.3714904785, 357.787445068, 121.484107971, 61.1867637634, 3.83982586861, 17.4346866608, 43.7833862305, 30.9018650055, -18.2402267456, 37.4662895203, 13.9921369553], [-98.3734283447, -54.4646224976, 80.3909683228, 121.484107971, 212.384017944, 41.1274375916, 8.94289875031, -8.24004650116, 35.1845283508, 22.373003006, -5.42130279541, 20.6977882385, 6.92365026474], [193.286621094, 49.3027496338, 11.3622436523, 61.1867637634, 41.1274375916, 163.659561157, 62.9340782166, 42.0675430298, 39.8738632202, 12.0123462677, 16.2893371582, 8.53686714172, 4.72930765152], [-18.6484222412, 14.1383771896, 35.6803855896, 3.83982586861, 8.94289875031, 62.9340782166, 142.106246948, 66.0956954956, 20.0067958832, 17.6573505402, 21.5720043182, 21.4934749603, 18.0295810699], [-54.2901611328, 51.2403450012, -2.01192116737, 17.4346866608, -8.24004650116, 42.0675430298, 66.0956954956, 130.10824585, 66.5557327271, 27.5524463654, 26.4321937561, 15.687081337, 17.797372818], [9.02802181244, -29.703704834, -10.40487957, 43.7833862305, 35.1845283508, 39.8738632202, 20.0067958832, 66.5557327271, 145.986053467, 60.5560913086, 14.7197933197, 16.8897457123, 12.2474403381], [50.2012176514, 13.3819150925, -19.1874389648, 30.9018650055, 22.373003006, 12.0123462677, 17.6573505402, 27.5524463654, 60.5560913086, 98.1232299805, 34.3840255737, 18.2727184296, 8.72205066681], [16.6546287537, 41.5602684021, -25.3182697296, -18.2402267456, -5.42130279541, 16.2893371582, 21.5720043182, 26.4321937561, 14.7197933197, 34.3840255737, 91.5236740112, 34.7036399841, 10.278801918], [103.551376343, -18.1899547577, -3.14197301865, 37.4662895203, 20.6977882385, 8.53686714172, 21.4934749603, 15.687081337, 16.8897457123, 18.2727184296, 34.7036399841, 101.05078125, 42.3867912292], [-0.41767603159, -0.494104385376, -4.57955551147, 13.9921369553, 6.92365026474, 4.72930765152, 18.0295810699, 17.797372818, 12.2474403381, 8.72205066681, 10.278801918, 42.3867912292, 68.9567947388]], "icov": [[9.21249011299e-05, -1.28248684632e-05, 5.3621330153e-05, -7.87356912042e-05, 0.000110046945338, -0.000138092043926, 1.91651597561e-05, 0.000100791818113, 8.78760511114e-06, -5.31979239895e-05, 4.69760852866e-05, -0.000132556364406, 6.70465960866e-05], [-1.28248684632e-05, 0.000840063905343, 2.31549511227e-05, 0.00011983418517, 8.11726567918e-05, -0.000378016004106, 0.000305802794173, -0.000574247387704, 0.000576587801334, -0.000315844838042, -0.000239209286519, 0.000249502278166, -0.000110973240226], [5.3621330153e-05, 2.31549511227e-05, 0.00188668339979, -0.000294867990306, -0.000597438018303, 0.000207314486033, -0.000705960032064, 7.62254567235e-05, 0.000139664582093, 0.000430465239333, 0.000279990956187, 6.40960570308e-05, 0.00023590886849], [-7.87356912042e-05, 0.00011983418517, -0.000294867990306, 0.00412326538935, -0.00183080940042, -0.00128804694396, 0.00116364029236, -0.00107525615022, 0.000411515677115, -0.00128996442072, 0.00185424205847, -0.00157723855227, 0.000172756277607], [0.000110046945338, 8.11726567918e-05, -0.000597438018303, -0.00183080940042, 0.00673842523247, -0.0011265220819, -0.000352060829755, 0.00210586749017, -0.0013973278692, -0.000614635122474, 0.000209937570617, -0.000707299041096, 1.16823803182e-05], [-0.000138092043926, -0.000378016004106, 0.000207314486033, -0.00128804694396, -0.0011265220819, 0.00912042707205, -0.00393836619332, 0.000119506607007, -0.00229309033602, 0.00214543775655, -0.0017640599981, 0.00128368847072, 0.000367866130546], [1.91651597561e-05, 0.000305802794173, -0.000705960032064, 0.00116364029236, -0.000352060829755, -0.00393836619332, 0.0117641203105, -0.00585847487673, 0.00295328395441, -0.00209324201569, 0.000474474887596, -0.00148182164412, -0.000958705844823], [0.000100791818113, -0.000574247387704, 7.62254567235e-05, -0.00107525615022, 0.00210586749017, 0.000119506607007, -0.00585847487673, 0.014874455519, -0.0067886011675, 0.00179749273229, -0.00256421836093, 0.00104724569246, -0.00159027706832], [8.78760511114e-06, 0.000576587801334, 0.000139664582093, 0.000411515677115, -0.0013973278692, -0.00229309033602, 0.00295328395441, -0.0067886011675, 0.0133105842397, -0.00706331012771, 0.00229033711366, -0.000846544571687, -8.42749723233e-05], [-5.31979239895e-05, -0.000315844838042, 0.000430465239333, -0.00128996442072, -0.000614635122474, 0.00214543775655, -0.00209324201569, 0.00179749273229, -0.00706331012771, 0.016788110137, -0.00590410642326, 0.00087325979257, -0.000239942935877], [4.69760852866e-05, -0.000239209286519, 0.000279990956187, 0.00185424205847, 0.000209937570617, -0.0017640599981, 0.000474474887596, -0.00256421836093, 0.00229033711366, -0.00590410642326, 0.0163812916726, -0.00612130062655, 0.00193943560589], [-0.000132556364406, 0.000249502278166, 6.40960570308e-05, -0.00157723855227, -0.000707299041096, 0.00128368847072, -0.00148182164412, 0.00104724569246, -0.000846544571687, 0.00087325979257, -0.00612130062655, 0.0166546460241, -0.0088596213609], [6.70465960866e-05, -0.000110973240226, 0.00023590886849, 0.000172756277607, 1.16823803182e-05, 0.000367866130546, -0.000958705844823, -0.00159027706832, -8.42749723233e-05, -0.000239942935877, 0.00193943560589, -0.0088596213609, 0.020318871364]], "mean": [-633.449157715, 79.0085296631, 12.6930580139, 22.3742427826, -4.69661569595, 5.26313638687, -3.2504940033, -1.94849789143, -3.96541810036, 1.32532715797, -2.98199224472, -0.392202109098, -3.63434815407]}, "pitch_salience": {"dmean": 0.0636167228222, "dmean2": 0.102735638618, "dvar": 0.00373058975674, "dvar2": 0.00943833310157, "max": 0.841551065445, "mean": 0.584156394005, "median": 0.592439234257, "min": 0.0993002280593, "var": 0.0110666528344}, "silence_rate_20dB": {"dmean": 0, "dmean2": 0, "dvar": 0, "dvar2": 0, "max": 1, "mean": 1, "median": 1, "min": 1, "var": 0}, "silence_rate_30dB": {"dmean": 0.000197921821382, "dmean2": 0.00039588281652, "dvar": 0.000197870715056, "dvar2": 0.000593619828578, "max": 1, "mean": 0.99990105629, "median": 1, "min": 0, "var": 9.89383479464e-05}, "silence_rate_60dB": {"dmean": 0.0170212760568, "dmean2": 0.0340459235013, "dvar": 0.0167317464948, "dvar2": 0.0382317453623, "max": 1, "mean": 0.0830199867487, "median": 0, "min": 0, "var": 0.076130233705}, "spectral_centroid": {"dmean": 342.720672607, "dmean2": 523.061096191, "dvar": 182554.328125, "dvar2": 366827.625, "max": 11766.0839844, "mean": 2047.16186523, "median": 1938.3347168, "min": 149.547775269, "var": 1578441.125}, "spectral_complexity": {"dmean": 4.2543296814, "dmean2": 6.53919219971, "dvar": 29.640171051, "dvar2": 63.1887931824, "max": 59, "mean": 20.5638237, "median": 19, "min": 0, "var": 155.346664429}, "spectral_contrast_coeffs": {"dmean": [0.0475766807795, 0.0438732542098, 0.036937173456, 0.0314660705626, 0.0228057019413, 0.0183742512017], "dmean2": [0.0772336572409, 0.0709461793303, 0.0584436878562, 0.0499838925898, 0.0364962667227, 0.0281867738813], "dvar": [0.00158944132272, 0.00134889711626, 0.000937600969337, 0.000709627813194, 0.000384887680411, 0.000301520281937], "dvar2": [0.00394530966878, 0.00335800927132, 0.00221803947352, 0.00165344250854, 0.000904546875972, 0.000643738021608], "max": [-0.249031558633, -0.407167583704, -0.463017463684, -0.50049841404, -0.582565963268, -0.572094321251], "mean": [-0.622464358807, -0.71719700098, -0.74836564064, -0.770336329937, -0.77985817194, -0.755991458893], "median": [-0.626358747482, -0.719260752201, -0.756891310215, -0.774398326874, -0.782011985779, -0.750535607338], "min": [-0.980649709702, -0.978884160519, -0.976671814919, -0.971380114555, -0.966717720032, -0.964030146599], "var": [0.00982357840985, 0.0060934536159, 0.00612630043179, 0.00417568162084, 0.00235822354443, 0.00237899250351]}, "spectral_contrast_valleys": {"dmean": [0.385790348053, 0.33432751894, 0.312773615122, 0.342865407467, 0.30747410655, 0.361563146114], "dmean2": [0.617397904396, 0.547807097435, 0.49902561307, 0.524087369442, 0.440711319447, 0.445379376411], "dvar": [0.148676201701, 0.10833260417, 0.0994193330407, 0.151748031378, 0.156867533922, 0.184745788574], "dvar2": [0.308605074883, 0.238363161683, 0.204573988914, 0.315141230822, 0.302951365709, 0.324371337891], "max": [-5.57280540466, -4.97345733643, -5.64276981354, -5.60818433762, -5.26402282715, -6.99196052551], "mean": [-7.88181304932, -7.25149345398, -7.89553308487, -8.11933135986, -7.60185241699, -9.61272525787], "median": [-7.39025449753, -6.80896282196, -7.50584602356, -7.76805877686, -7.21657037735, -9.34593963623], "min": [-28.3024196625, -27.8975982666, -27.7110004425, -27.6417217255, -27.5963535309, -27.3741703033], "var": [5.32211780548, 5.11380577087, 4.78484344482, 4.69278717041, 4.97644710541, 4.45973730087]}, "spectral_decrease": {"dmean": 1.30162536305e-09, "dmean2": 1.99861482919e-09, "dvar": 3.03707943898e-18, "dvar2": 7.00958641342e-18, "max": 1.72038470996e-28, "mean": -4.68064920156e-09, "median": -4.18343315545e-09, "min": -3.01738332098e-08, "var": 1.04095915529e-17}, "spectral_energy": {"dmean": 0.0057530826889, "dmean2": 0.00872517563403, "dvar": 5.51017910766e-05, "dvar2": 0.00012282768148, "max": 0.119406729937, "mean": 0.020714784041, "median": 0.018518794328, "min": 1.00327120909e-20, "var": 0.000197153975023}, "spectral_energyband_high": {"dmean": 0.00146579905413, "dmean2": 0.00211025541648, "dvar": 8.30844965094e-06, "dvar2": 1.81879040611e-05, "max": 0.0502013452351, "mean": 0.00292880344205, "median": 0.00137920002453, "min": 6.98670834251e-21, "var": 1.89264173969e-05}, "spectral_energyband_low": {"dmean": 0.00252833450213, "dmean2": 0.00424021715298, "dvar": 2.89889649139e-05, "dvar2": 7.63512143749e-05, "max": 0.0972670912743, "mean": 0.00439764373004, "median": 0.00242514512502, "min": 1.62427612122e-23, "var": 3.79893135687e-05}, "spectral_energyband_middle_high": {"dmean": 0.00158223637845, "dmean2": 0.00239412952214, "dvar": 5.99284385316e-06, "dvar2": 1.31107844936e-05, "max": 0.0446612723172, "mean": 0.00522808358073, "median": 0.00318756280467, "min": 1.13687998234e-21, "var": 3.65556625184e-05}, "spectral_energyband_middle_low": {"dmean": 0.00284431898035, "dmean2": 0.00435560429469, "dvar": 1.25458236653e-05, "dvar2": 2.83241261059e-05, "max": 0.0561499409378, "mean": 0.00897463504225, "median": 0.00752133037895, "min": 1.41642310561e-22, "var": 4.73064210382e-05}, "spectral_entropy": {"dmean": 0.165918469429, "dmean2": 0.22778776288, "dvar": 0.043803408742, "dvar2": 0.0776871517301, "max": 9.82053279877, "mean": 7.88348054886, "median": 7.9036898613, "min": 4.23151302338, "var": 0.224012747407}, "spectral_flux": {"dmean": 0.0194962024689, "dmean2": 0.0293636973947, "dvar": 0.000461893621832, "dvar2": 0.000950856134295, "max": 0.282508671284, "mean": 0.0733287781477, "median": 0.068560808897, "min": 6.26161830719e-11, "var": 0.00159599329345}, "spectral_kurtosis": {"dmean": 0.853581249714, "dmean2": 1.34414362907, "dvar": 10.1523351669, "dvar2": 20.4464035034, "max": 261.028625488, "mean": 2.40186333656, "median": 1.88219404221, "min": -1.46794223785, "var": 38.4606323242}, "spectral_rms": {"dmean": 0.000598003796767, "dmean2": 0.000891868607141, "dvar": 4.5848071295e-07, "dvar2": 9.53316487085e-07, "max": 0.0107932556421, "mean": 0.00416506594047, "median": 0.00425054319203, "min": 3.12857986046e-12, "var": 2.86169688479e-06}, "spectral_rolloff": {"dmean": 1001.66967773, "dmean2": 1626.43493652, "dvar": 2466141.25, "dvar2": 5149459, "max": 19767.4804688, "mean": 3228.34741211, "median": 2497.8515625, "min": 86.1328125, "var": 8701985}, "spectral_skewness": {"dmean": 0.159039363265, "dmean2": 0.242526963353, "dvar": 0.0585955120623, "dvar2": 0.11779139936, "max": 12.7181501389, "mean": 1.10690116882, "median": 1.05139946938, "min": -0.482505053282, "var": 0.294278472662}, "spectral_spread": {"dmean": 679835.125, "dmean2": 969574.875, "dvar": 893339303936, "dvar2": 1613907886080.0, "max": 42977052, "mean": 6091489, "median": 5454910, "min": 427412.46875, "var": 14237