{"lowlevel": {"average_loudness": 0.845142185688, "barkbands": {"dmean": [1.08129079308e-05, 0.000671924499329, 0.000960649573244, 0.000686235667672, 0.00180521328002, 0.00044739729492, 0.000791785481852, 0.000637779652607, 0.000534990045708, 0.000250832381425, 0.000171476203832, 0.000234009625274, 0.000245693780016, 0.000281962042209, 0.000177558657015, 0.000103096557723, 0.000107252773887, 0.000271084834822, 0.000177770474693, 8.74104443938e-05, 7.86196978879e-05, 5.20451940247e-05, 5.78674844292e-05, 7.47530793888e-05, 3.74796218239e-05, 2.4030709028e-05, 4.44113829872e-05], "dmean2": [1.88480935321e-05, 0.00109664176125, 0.00178985041566, 0.00114984007087, 0.00292354589328, 0.000702987192199, 0.00126270577312, 0.00095933675766, 0.000843089539558, 0.000387805164792, 0.000251047313213, 0.000352823873982, 0.000367866188753, 0.000417939940235, 0.000266747345449, 0.000151854022988, 0.000158956681844, 0.000405191909522, 0.000265849521384, 0.000128731800942, 0.000114682108688, 7.55683286116e-05, 8.40833235998e-05, 0.00011125880701, 5.40613436897e-05, 3.26298431901e-05, 6.52070011711e-05], "dvar": [1.82674195215e-10, 1.74901788341e-06, 5.51370521862e-06, 1.17306865377e-06, 5.65720029044e-06, 5.22316213392e-07, 3.65781284017e-06, 3.73983084501e-06, 3.40200722349e-06, 5.076335583e-07, 3.38228744567e-07, 8.02684724022e-07, 9.88702026916e-07, 1.23925269691e-06, 3.50854833187e-07, 6.50003713076e-08, 7.34488665444e-08, 8.13517772258e-07, 3.46289539266e-07, 7.40745633721e-08, 3.42347128424e-08, 1.23940857577e-08, 2.68628834732e-08, 1.29010757632e-07, 1.25721193456e-08, 6.3283973617e-09, 1.06419539847e-08], "dvar2": [5.36072575219e-10, 4.0344525587e-06, 1.56838177645e-05, 3.0820651773e-06, 1.47620539792e-05, 1.14812235097e-06, 9.39101573749e-06, 7.76404340286e-06, 7.00826240063e-06, 1.02410160707e-06, 5.6441677998e-07, 1.54597717028e-06, 2.14576630242e-06, 2.14206306737e-06, 7.77413220021e-07, 1.3068832061e-07, 1.63526181041e-07, 1.89318166122e-06, 7.00824273281e-07, 1.54810678055e-07, 7.55782778583e-08, 2.65623949502e-08, 5.55691102022e-08, 2.84011349549e-07, 2.89092518813e-08, 1.54707127109e-08, 2.54690206702e-08], "max": [0.0001173263081, 0.0115236518905, 0.017657853663, 0.010808297433, 0.0300031974912, 0.0124010639265, 0.0376487225294, 0.0550866238773, 0.0672276243567, 0.0298650916666, 0.0330665372312, 0.031524207443, 0.0344235859811, 0.0444434732199, 0.0163967497647, 0.00666700489819, 0.00638478342444, 0.02403450571, 0.0185957048088, 0.0128108700737, 0.00503716990352, 0.00181157130282, 0.00675181346014, 0.0117180515081, 0.00322723435238, 0.00363389775157, 0.00154158729129], "mean": [1.15497086881e-05, 0.000729052640963, 0.000728931219783, 0.000781340175308, 0.00341492751613, 0.000782594550401, 0.00171760632657, 0.00108678766992, 0.000875854166225, 0.000479579874082, 0.0002782480733, 0.000404311838793, 0.00039381935494, 0.000482571544126, 0.00027805074933, 0.000197795307031, 0.00019363957108, 0.000588282186072, 0.000329509901349, 0.000174629953108, 0.000146434234921, 8.75026162248e-05, 9.94800866465e-05, 0.000114865644719, 6.45043837721e-05, 4.37652379333e-05, 5.78223007324e-05], "median": [6.24259700999e-06, 0.000154149893206, 0.000121593991935, 0.000343494350091, 0.00239670136943, 0.000397477357183, 0.000389509194065, 0.000408047111705, 0.000269066367764, 0.000115099348477, 9.08889414859e-05, 0.000114348236821, 7.38947273931e-05, 7.18788942322e-05, 6.21692015557e-05, 5.51379234821e-05, 4.38584247604e-05, 6.87658612151e-05, 7.26602156647e-05, 3.79653683922e-05, 3.36560551659e-05, 2.93201992463e-05, 3.64571205864e-05, 3.81006393582e-05, 2.54459118878e-05, 1.70356179297e-05, 1.54888221005e-05], "min": [1.1756893025e-24, 1.4728926091e-23, 7.16062375418e-24, 3.64073679819e-25, 2.10320114984e-23, 3.39778389978e-23, 2.69548249288e-23, 2.6356735834e-23, 2.13905803343e-23, 2.40032624088e-23, 1.85814529617e-23, 2.41695795312e-23, 2.02660906683e-23, 6.10816197981e-23, 9.83317074733e-23, 1.00606372116e-22, 9.77197912246e-23, 9.00641738184e-23, 1.68994112385e-22, 2.90546508583e-22, 2.77752522609e-22, 4.37890352357e-22, 4.90132937174e-22, 6.30540636242e-22, 9.33655478715e-22, 1.39757324272e-21, 2.06473913832e-21], "var": [2.06175992945e-10, 2.04163416129e-06, 3.61746947419e-06, 1.30782734686e-06, 1.19233664009e-05, 1.27468945266e-06, 1.85273020179e-05, 9.30062287807e-06, 1.05684075606e-05, 2.19071444008e-06, 1.39313112868e-06, 1.93889923139e-06, 1.94115159502e-06, 3.07434606839e-06, 5.25383882177e-07, 2.10682642887e-07, 1.83643393825e-07, 3.69298231817e-06, 8.57202110183e-07, 2.13393249737e-07, 8.34489028989e-08, 2.16066826653e-08, 4.34007212391e-08, 1.71907799995e-07, 1.71499934254e-08, 8.10798272965e-09, 1.39625573325e-08]}, "barkbands_crest": {"dmean": 2.74751639366, "dmean2": 4.39990091324, "dvar": 5.94002437592, "dvar2": 14.2598056793, "max": 26.5722694397, "mean": 11.0372228622, "median": 10.2513208389, "min": 2.28685688972, "var": 22.34034729}, "barkbands_flatness_db": {"dmean": 0.021593131125, "dmean2": 0.0319174416363, "dvar": 0.000408660358516, "dvar2": 0.000903978536371, "max": 0.450161457062, "mean": 0.114436097443, "median": 0.105203077197, "min": 0.015869807452, "var": 0.0031037949957}, "barkbands_kurtosis": {"dmean": 4.35112047195, "dmean2": 6.50007295609, "dvar": 148.014816284, "dvar2": 275.067504883, "max": 843.218994141, "mean": 8.83256340027, "median": 3.73510098457, "min": -1.86111724377, "var": 962.266845703}, "barkbands_skewness": {"dmean": 0.599802732468, "dmean2": 0.899353742599, "dvar": 0.425766706467, "dvar2": 0.913978338242, "max": 27.8372879028, "mean": 2.05013251305, "median": 1.87204444408, "min": -3.33133721352, "var": 3.38103961945}, "barkbands_spread": {"dmean": 6.62077331543, "dmean2": 9.82534694672, "dvar": 57.2659606934, "dvar2": 125.059028625, "max": 95.9150848389, "mean": 22.3814334869, "median": 19.6968765259, "min": 0.605553269386, "var": 202.028717041}, "dissonance": {"dmean": 0.0177252404392, "dmean2": 0.0296893268824, "dvar": 0.000289843737846, "dvar2": 0.000769086240325, "max": 0.5, "mean": 0.462338298559, "median": 0.469483673573, "min": 0.179908841848, "var": 0.000842840061523}, "dynamic_complexity": 4.56331729889, "erbbands": {"dmean": [0.0124979671091, 0.18047554791, 0.862211942673, 1.72384190559, 4.4056968689, 7.72400522232, 4.39134740829, 3.93929481506, 11.0391607285, 10.3816900253, 13.9781208038, 11.8017225266, 9.12114524841, 6.13509225845, 8.05652236938, 8.68109130859, 10.5749015808, 13.7356929779, 10.3948831558, 8.03882694244, 4.59733104706, 5.37323522568, 13.2764835358, 11.4537591934, 6.36784505844, 4.05767869949, 3.54297685623, 2.78269004822, 1.95658504963, 1.62856829166, 1.6368830204, 1.64097297192, 1.22082781792, 0.598777830601, 0.170965284109, 0.0883972719312, 0.0479936525226, 0.0252103246748, 0.00716351624578, 0.000564779154956], "dmean2": [0.0196150373667, 0.296298116446, 1.56268799305, 2.92231941223, 7.46656227112, 12.3435220718, 7.15878105164, 6.25647735596, 17.5968132019, 16.0677375793, 20.6862926483, 18.0133857727, 13.6918992996, 9.44321155548, 11.5008563995, 13.0484857559, 15.6857147217, 20.6240825653, 14.6861915588, 11.9258050919, 6.66649055481, 7.80701684952, 19.6109771729, 16.5501670837, 9.38161659241, 5.87885856628, 5.0692486763, 4.14900779724, 2.86576795578, 2.36633014679, 2.37290501595, 2.45349049568, 1.84088122845, 0.882392287254, 0.238548323512, 0.123788259923, 0.0654752328992, 0.0342636480927, 0.010582334362, 0.000886076537427], "dvar": [0.000669497880153, 0.124099180102, 4.14458274841, 9.78925895691, 42.5807876587, 124.58278656, 44.0924301147, 41.9017181396, 712.442321777, 909.639526367, 2016.29956055, 1497.62768555, 791.622924805, 195.127380371, 1130.53063965, 983.477050781, 2116.68725586, 2954.44116211, 1347.20166016, 647.027526855, 108.455703735, 172.946624756, 1579.41918945, 1271.40270996, 744.80279541, 143.111328125, 66.7865829468, 49.0092811584, 18.2186088562, 13.5106191635, 23.626077652, 70.2661972046, 34.5851974487, 3.95753622055, 0.238426163793, 0.0864124819636, 0.0302046686411, 0.0030218034517, 0.000359889061656, 1.75009256509e-06], "dvar2": [0.00155282742344, 0.283564507961, 11.4933929443, 25.5487957001, 115.197921753, 317.343200684, 118.774009705, 96.9513473511, 1850.05029297, 1910.89086914, 4059.13134766, 2685.3112793, 1518.52783203, 436.081085205, 1870.47680664, 1988.37646484, 4528.20556641, 6538.83496094, 2500.43237305, 1381.29541016, 225.36026001, 374.576324463, 3350.45629883, 2698.7746582, 1375.18591309, 277.888916016, 124.124816895, 121.1692276, 39.899887085, 29.6217441559, 47.182559967, 154.217437744, 83.0964508057, 9.31795787811, 0.540942072868, 0.21455514431, 0.0753836929798, 0.00610446697101, 0.000884755398147, 4.45819887318e-06], "max": [0.269995242357, 2.90642642975, 15.5185070038, 27.5724048615, 85.3748321533, 162.242401123, 127.594924927, 122.669418335, 648.964416504, 717.003479004, 1572.10522461, 1699.1385498, 1132.37658691, 363.58694458, 1602.48266602, 1078.13537598, 1675.95178223, 2137.87939453, 1124.90649414, 791.458862305, 253.256454468, 343.561889648, 1240.49719238, 1304.86621094, 1153.21838379, 578.149414063, 300.575500488, 129.831329346, 60.5770149231, 79.9041671753, 205.281448364, 368.724182129, 204.475921631, 59.0033073425, 15.3906526566, 13.1151571274, 7.97541856766, 1.00220537186, 0.31312212348, 0.0174921881407], "mean": [0.0139263384044, 0.19350206852, 0.724730312824, 1.82949662209, 6.11969566345, 14.0895986557, 8.3431854248, 7.22377109528, 25.7577762604, 19.4561786652, 24.3954563141, 21.0258731842, 15.680562973, 12.519367218, 15.2635145187, 15.6134357452, 17.8804359436, 23.9106616974, 17.9288406372, 15.0514497757, 9.44005680084, 11.1812562943, 29.1071243286, 25.7466754913, 12.8439769745, 8.38344955444, 7.02082824707, 4.78045320511, 3.29199457169, 2.64840197563, 2.83893847466, 2.60528874397, 1.81906306744, 0.941645264626, 0.316557765007, 0.166564926505, 0.0845358148217, 0.0398432575166, 0.00909479148686, 0.000658097967971], "median": [0.00406141905114, 0.0368934422731, 0.14223587513, 0.690544247627, 3.52583789825, 8.79379558563, 5.59557056427, 3.79335546494, 5.28593730927, 7.30581760406, 8.77680015564, 7.20691585541, 4.3744058609, 4.32667303085, 4.12997817993, 4.78842639923, 3.66669988632, 3.97056245804, 3.57763719559, 3.60774517059, 2.96016597748, 2.49438905716, 3.9421005249, 3.50192403793, 2.89213490486, 1.84144926071, 1.69404459, 1.13866758347, 1.1272752285, 0.962441205978, 1.03237974644, 0.785325288773, 0.628696262836, 0.353552341461, 0.140795961022, 0.0723525136709, 0.030889628455, 0.0111851887777, 0.00213900255039, 0.00019373401301], "min": [3.60995472978e-22, 2.18194231084e-21, 1.21697816711e-20, 5.60916625979e-21, 3.85940792638e-20, 7.12806349255e-20, 2.11295532658e-19, 1.9680721866e-19, 3.28383801395e-19, 3.16861950944e-19, 5.86720759448e-19, 5.10538924296e-19, 9.18617467657e-19, 5.1450711649e-19, 1.31985166014e-18, 1.56647287143e-18, 1.18853684129e-18, 3.00548362112e-18, 4.18293655239e-18, 4.76399081445e-18, 6.22414368021e-18, 7.78818009115e-18, 4.80639085188e-18, 1.02023240797e-17, 9.09128320504e-18, 1.35403750457e-17, 1.30833403865e-17, 1.14611473882e-17, 1.34915515372e-17, 1.40369108879e-17, 1.42263567549e-17, 1.36653446655e-17, 1.02318163772e-17, 9.01034689082e-18, 7.25179895884e-18, 4.13502914645e-18, 2.57124854111e-18, 1.00317404122e-18, 2.77134844268e-19, 2.7698265596e-20], "var": [0.000743072421756, 0.145221561193, 2.95988559723, 9.37534332275, 57.5970611572, 262.628295898, 95.2471542358, 110.601509094, 4305.36132813, 2011.11669922, 5329.83691406, 5820.35400391, 2757.05200195, 789.617004395, 4778.26953125, 2085.65356445, 4239.36279297, 5594.59130859, 2604.68310547, 1525.5859375, 309.870819092, 567.03918457, 7463.47363281, 6313.53417969, 1713.33068848, 489.763793945, 220.81880188, 83.4080734253, 31.1674861908, 20.7789802551, 39.7006950378, 94.9016036987, 38.1976737976, 4.79875850677, 0.360998362303, 0.106951698661, 0.035624936223, 0.00606897985563, 0.000428153260145, 1.75279797077e-06]}, "erbbands_crest": {"dmean": 2.30981755257, "dmean2": 3.63761305809, "dvar": 4.61833810806, "dvar2": 10.9997472763, "max": 29.3705120087, "mean": 8.76863288879, "median": 7.59221076965, "min": 2.1504149437, "var": 19.4824066162}, "erbbands_flatness_db": {"dmean": 0.0176464896649, "dmean2": 0.0238234829158, "dvar": 0.000243938528001, "dvar2": 0.000468362268293, "max": 0.286146730185, "mean": 0.126403182745, "median": 0.119794145226, "min": 0.0257007181644, "var": 0.0018737281207}, "erbbands_kurtosis": {"dmean": 0.908593595028, "dmean2": 1.37759125233, "dvar": 1.40032947063, "dvar2": 3.09533190727, "max": 27.9104995728, "mean": 0.72414457798, "median": -0.00336558138952, "min": -1.75686967373, "var": 6.30442094803}, "erbbands_skewness": {"dmean": 0.343025118113, "dmean2": 0.509688973427, "dvar": 0.101494885981, "dvar2": 0.219777226448, "max": 4.36559057236, "mean": 0.620256185532, "median": 0.646524190903, "min": -3.30717921257, "var": 0.75225263834}, "erbbands_spread": {"dmean": 9.32999897003, "dmean2": 13.7094936371, "dvar": 96.4812316895, "dvar2": 194.701660156, "max": 196.656982422, "mean": 44.244884491, "median": 40.5106201172, "min": 5.0102391243, "var": 550.17578125}, "gfcc": {"cov": [[15025.375, -730.589660645, -2540.14526367, -4.05393981934, -1003.09729004, -116.690971375, -709.423217773, -230.412399292, -345.898895264, -251.104446411, -196.735580444, -246.106765747, -259.364532471], [-730.589660645, 1114.56091309, 90.3059082031, -138.760467529, 112.641220093, -144.853164673, 72.9487915039, 38.2023200989, 12.2754068375, -72.5733795166, 0.143355473876, 43.451385498, -14.8724975586], [-2540.14526367, 90.3059082031, 995.436462402, 90.2273635864, 184.123535156, 144.445556641, 117.616973877, 51.1242103577, 63.6157798767, 31.6805400848, 11.4171104431, 26.9493350983, 61.3698005676], [-4.05393981934, -138.760467529, 90.2273635864, 241.052185059, 36.8457756042, 45.0809898376, -28.4939022064, 1.59392344952, 4.39809608459, -7.3612575531, -12.9804477692, -5.30630779266, 19.2682991028], [-1003.09729004, 112.641220093, 184.123535156, 36.8457756042, 323.146148682, 39.0357055664, 86.3547134399, 30.3337726593, 52.9862594604, 60.8310127258, 7.25338220596, 15.697558403, 13.4852895737], [-116.690971375, -144.853164673, 144.445556641, 45.0809898376, 39.0357055664, 212.624023438, 48.3527832031, -18.7139511108, 14.2858114243, 44.6041374207, -4.38064336777, -41.752456665, 9.89479160309], [-709.423217773, 72.9487915039, 117.616973877, -28.4939022064, 86.3547134399, 48.3527832031, 185.010986328, 44.2258529663, 22.3283481598, 30.1952629089, 26.3612613678, 4.90112733841, 4.52041816711], [-230.412399292, 38.2023200989, 51.1242103577, 1.59392344952, 30.3337726593, -18.7139511108, 44.2258529663, 123.625305176, 43.3839950562, -17.3689079285, 14.100856781, 42.0948410034, -21.5390319824], [-345.898895264, 12.2754068375, 63.6157798767, 4.39809608459, 52.9862594604, 14.2858114243, 22.3283481598, 43.3839950562, 91.5917129517, 35.9059906006, 8.45853233337, 9.52251911163, 4.71116495132], [-251.104446411, -72.5733795166, 31.6805400848, -7.3612575531, 60.8310127258, 44.6041374207, 30.1952629089, -17.3689079285, 35.9059906006, 116.805603027, 24.4463806152, -20.3612327576, 13.3085336685], [-196.735580444, 0.143355473876, 11.4171104431, -12.9804477692, 7.25338220596, -4.38064336777, 26.3612613678, 14.100856781, 8.45853233337, 24.4463806152, 72.3485412598, 30.7804450989, -3.71235156059], [-246.106765747, 43.451385498, 26.9493350983, -5.30630779266, 15.697558403, -41.752456665, 4.90112733841, 42.0948410034, 9.52251911163, -20.3612327576, 30.7804450989, 88.9255599976, 8.37987232208], [-259.364532471, -14.8724975586, 61.3698005676, 19.2682991028, 13.4852895737, 9.89479160309, 4.52041816711, -21.5390319824, 4.71116495132, 13.3085336685, -3.71235156059, 8.37987232208, 68.392578125]], "icov": [[0.000170621933648, -1.09475631689e-05, 0.000375974370399, -9.21883620322e-05, 0.000222052811296, -0.000284127920168, 0.000350458838511, -0.000171490522916, 0.000252607220318, 1.51795957208e-05, 0.000170088940649, 0.000143752869917, 0.000224687944865], [-1.09475631689e-05, 0.0012748533627, -0.000213221297599, 0.000704193778802, -0.000619527942035, 0.000923309591599, -0.000500972324517, 0.000458519236417, -0.000465747521957, 0.00119811762124, -6.02495456405e-05, 0.000135532856802, 0.000173796754098], [0.000375974370399, -0.000213221297599, 0.0022365511395, -0.000544226379134, 8.75036348589e-05, -0.00157484260853, 0.00047130373423, -0.000771329214331, 0.000257309293374, 0.000286686467007, 0.00028254816425, 1.53336441144e-05, -0.000597663223743], [-9.21883620322e-05, 0.000704193778802, -0.000544226379134, 0.00539694773033, -0.00129959045444, -0.000577647821046, 0.00129719229881, -0.000735264155082, -3.5054894397e-05, 0.00159043527674, -0.00037848597276, 0.000774897926021, -0.00162865209859], [0.000222052811296, -0.000619527942035, 8.75036348589e-05, -0.00129959045444, 0.00508134067059, -0.000442522228695, -0.0011496336665, 9.07063440536e-06, -0.000642443192191, -0.0028067054227, 0.00199315021746, -0.00159328861628, 0.00102975568734], [-0.000284127920168, 0.000923309591599, -0.00157484260853, -0.000577647821046, -0.000442522228695, 0.0078503517434, -0.00257162190974, 0.00162583042402, -0.00112383626401, -0.000789656012785, -4.22785451519e-05, 0.00226890086196, 0.000283430388663], [0.000350458838511, -0.000500972324517, 0.00047130373423, 0.00129719229881, -0.0011496336665, -0.00257162190974, 0.00930802617222, -0.00450496422127, 0.00225826492533, -0.000670075183734, -0.00257442775182, 0.00239794305526, -0.00146222789772], [-0.000171490522916, 0.000458519236417, -0.000771329214331, -0.000735264155082, 9.07063440536e-06, 0.00162583042402, -0.00450496422127, 0.0163689497858, -0.00817007012665, 0.00352944410406, 0.000909298774786, -0.00647109188139, 0.00628272630274], [0.000252607220318, -0.000465747521957, 0.000257309293374, -3.5054894397e-05, -0.000642443192191, -0.00112383626401, 0.00225826492533, -0.00817007012665, 0.0180292017758, -0.00631013466045, 0.00108351570088, 0.00059689884074, -0.00182570319157], [1.51795957208e-05, 0.00119811762124, 0.000286686467007, 0.00159043527674, -0.0028067054227, -0.000789656012785, -0.000670075183734, 0.00352944410406, -0.00631013466045, 0.0163546130061, -0.00696686748415, 0.005004406441, -0.00230285013095], [0.000170088940649, -6.02495456405e-05, 0.00028254816425, -0.00037848597276, 0.00199315021746, -4.22785451519e-05, -0.00257442775182, 0.000909298774786, 0.00108351570088, -0.00696686748415, 0.0213230531663, -0.00975489709526, 0.00418835645542], [0.000143752869917, 0.000135532856802, 1.53336441144e-05, 0.000774897926021, -0.00159328861628, 0.00226890086196, 0.00239794305526, -0.00647109188139, 0.00059689884074, 0.005004406441, -0.00975489709526, 0.0209177527577, -0.00597538659349], [0.000224687944865, 0.000173796754098, -0.000597663223743, -0.00162865209859, 0.00102975568734, 0.000283430388663, -0.00146222789772, 0.00628272630274, -0.00182570319157, -0.00230285013095, 0.00418835645542, -0.00597538659349, 0.019871070981]], "mean": [-26.8936500549, 60.762802124, -88.7831115723, 6.68960285187, -53.885887146, -7.44968938828, -35.8392753601, -1.52854561806, -23.7736625671, -3.75521445274, -12.7285909653, -4.24854946136, -13.4305238724]}, "hfc": {"dmean": 5.51141023636, "dmean2": 7.2520813942, "dvar": 95.039352417, "dvar2": 186.445953369, "max": 204.032592773, "mean": 15.982583046, "median": 8.44818305969, "min": 1.11664049034e-16, "var": 384.334991455}, "melbands": {"dmean": [0.000154596578795, 0.000368128617993, 0.000369292945834, 0.00042817479698, 0.000193238403881, 9.46786312852e-05, 0.000164367840625, 0.000114661779662, 0.000116420414997, 7.420424663e-05, 4.56126581412e-05, 2.57265182881e-05, 2.44714137807e-05, 2.74591620837e-05, 2.23572114919e-05, 2.5731349524e-05, 2.78327970591e-05, 1.93235919141e-05, 1.30848175104e-05, 9.74276463239e-06, 5.30766646989e-06, 5.55746782993e-06, 9.31751037569e-06, 1.44321693369e-05, 9.71270310401e-06, 5.20269486515e-06, 4.17896990257e-06, 2.60784804595e-06, 2.3801928819e-06, 1.87599312085e-06, 1.67973519183e-06, 1.18915602343e-06, 9.49892182689e-07, 9.78312186817e-07, 9.20650791159e-07, 1.10174289603e-06, 1.02237549982e-06, 9.01470627923e-07, 7.42318434277e-07, 4.44602846983e-07], "dmean2": [0.000249550997978, 0.000623430532869, 0.000629152578767, 0.000696644303389, 0.000311784882797, 0.000148590057506, 0.000262548652245, 0.000175621782546, 0.000175513778231, 0.000115589667985, 6.8729481427e-05, 3.98247102567e-05, 3.53991490556e-05, 4.1562718252e-05, 3.34622272931e-05, 3.83495171263e-05, 4.25782163802e-05, 2.75584407063e-05, 1.98624184122e-05, 1.44117029777e-05, 7.7789709394e-06, 8.22773836262e-06, 1.34361134769e-05, 2.16647094931e-05, 1.42587286973e-05, 7.87325552665e-06, 6.25136044619e-06, 3.90303239328e-06, 3.50013442585e-06, 2.73651517091e-06, 2.55611917055e-06, 1.77448828254e-06, 1.3945820001e-06, 1.45860769862e-06, 1.36852918331e-06, 1.63713582424e-06, 1.52333609549e-06, 1.37516906307e-06, 1.13640703603e-06, 6.50442359529e-07], "dvar": [9.68799369616e-08, 6.65693164592e-07, 3.51076607785e-07, 3.45358671439e-07, 7.89438487914e-08, 2.70392046531e-08, 1.52470676085e-07, 1.10385322216e-07, 1.48322513382e-07, 5.40386686509e-08, 1.99349372565e-08, 3.61416763184e-09, 7.82310571878e-09, 1.29052697417e-08, 9.59354995445e-09, 1.15309486404e-08, 1.38820501761e-08, 5.81601700134e-09, 1.70204517147e-09, 7.33232807804e-10, 1.64662894431e-10, 1.87805687668e-10, 7.4304662423e-10, 2.47527043307e-09, 9.91605797473e-10, 5.57827450898e-10, 2.98566671386e-10, 4.89780230262e-11, 2.62657950945e-11, 2.46685814137e-11, 1.83541220417e-11, 6.83024513684e-12, 4.48397829284e-12, 5.06414181423e-12, 5.86682352005e-12, 2.26578287382e-11, 2.97708108166e-11, 2.16246690693e-11, 7.69643983961e-12, 1.93774575379e-12], "dvar2": [2.26027736971e-07, 1.74478634563e-06, 9.29099655878e-07, 8.92528419172e-07, 2.13195704646e-07, 6.11722157373e-08, 3.93343498217e-07, 2.26409099469e-07, 2.93009492225e-07, 1.0143928364e-07, 3.82894569384e-08, 8.16793033209e-09, 1.30134809595e-08, 2.4810455912e-08, 2.07632648852e-08, 2.39864021978e-08, 2.96718880577e-08, 9.89411308439e-09, 3.69895691854e-09, 1.54177381972e-09, 3.48997164501e-10, 4.21181006738e-10, 1.41112110885e-09, 5.93469540178e-09, 2.0775350329e-09, 1.01474084691e-09, 5.86003634506e-10, 9.61205420813e-11, 5.12349954129e-11, 4.96070649836e-11, 4.63114130378e-11, 1.52689874633e-11, 9.82691792523e-12, 1.1507883188e-11, 1.24502023274e-11, 4.80276547699e-11, 6.63257504474e-11, 5.22875978626e-11, 1.89975587345e-11, 4.56244894295e-12], "max": [0.00280601205304, 0.00624906364828, 0.00520443217829, 0.00693958345801, 0.00417837593704, 0.00372280646116, 0.00882248021662, 0.00737996632233, 0.0139183104038, 0.0100992778316, 0.00566103262827, 0.00154001603369, 0.00441690161824, 0.00439830729738, 0.00450025266036, 0.00448834942654, 0.00479929661378, 0.00286855176091, 0.00137807719875, 0.0008495869115, 0.000340108003002, 0.000308869319269, 0.000835268117953, 0.00122995278798, 0.00125742726959, 0.0012443466112, 0.000815922801849, 0.000376559182769, 0.000159968083608, 0.000196229244466, 9.67025698628e-05, 4.44752367912e-05, 3.95936731366e-05, 5.31855439476e-05, 8.83808461367e-05, 0.000223941533477, 0.000231244586757, 0.000166932251886, 8.51533186506e-05, 4.36410373368e-05], "mean": [0.000168585902429, 0.000348875299096, 0.000425625126809, 0.000750095932744, 0.000384481361834, 0.00016805632913, 0.000383492209949, 0.000209896505112, 0.000201336646569, 0.000124054407934, 7.59812246542e-05, 5.06151955051e-05, 4.29770880146e-05, 4.87460492877e-05, 3.6249144614e-05, 4.04845814046e-05, 4.67733298137e-05, 3.12459524139e-05, 2.0793366275e-05, 1.81868126674e-05, 9.66922561929e-06, 1.01250880107e-05, 1.85168428288e-05, 3.08756279992e-05, 2.03874333238e-05, 9.52826576395e-06, 7.75378612161e-06, 4.91501259603e-06, 4.47652337243e-06, 3.35124332196e-06, 2.65157359536e-06, 1.95027132577e-06, 1.43699605815e-06, 1.50734490489e-06, 1.54887811732e-06, 1.74485921889e-06, 1.54416295572e-06, 1.31708975459e-06, 1.05513151993e-06, 7.06908679149e-07], "median": [4.11329019698e-05, 6.39431964373e-05, 0.000194278996787, 0.000467174249934, 0.00026940277894, 7.95702871983e-05, 8.08905460872e-05, 7.98236069386e-05, 6.80161829223e-05, 4.0586477553e-05, 1.98429297598e-05, 1.66558638739e-05, 1.28883402795e-05, 1.30912803797e-05, 9.71050212684e-06, 7.42600968806e-06, 7.05594993633e-06, 5.17574153491e-06, 4.94952291774e-06, 4.54872679256e-06, 2.98054010273e-06, 2.34358844864e-06, 2.8065664992e-06, 3.50928030457e-06, 2.43636577579e-06, 2.25294479606e-06, 1.4365654124e-06, 1.05704339148e-06, 1.13008104563e-06, 7.12650148671e-07, 6.33133140582e-07, 6.60787236484e-07, 4.49913386547e-07, 5.61917318009e-07, 6.06816342952e-07, 4.79025629829e-07, 4.68256160957e-07, 4.54064974065e-07, 3.53414748133e-07, 2.62657636085e-07], "min": [5.13871685055e-24, 5.88486369876e-24, 1.67168342729e-24, 4.12960164185e-24, 6.22668383431e-24, 4.71873874309e-24, 5.13464672271e-24, 4.15508697669e-24, 4.30002084093e-24, 3.24043943912e-24, 4.45148292359e-24, 1.82714838741e-24, 3.03327292971e-24, 3.27713784007e-24, 4.35420966866e-24, 2.36689116028e-24, 5.28270053183e-24, 5.16064166169e-24, 8.18194145779e-24, 5.69808234122e-24, 7.08412633448e-24, 6.61070171741e-24, 5.37757880505e-24, 4.63094483523e-24, 7.27451554738e-24, 6.58180455916e-24, 5.82727882484e-24, 9.11127719099e-24, 6.54705129198e-24, 6.59291132627e-24, 6.12795828646e-24, 6.75060856553e-24, 7.18710818136e-24, 6.46201958057e-24, 8.24625886511e-24, 8.84862831918e-24, 6.90152712303e-24, 6.78805342612e-24, 5.87663311851e-24, 6.92801233906e-24], "var": [1.09788899749e-07, 5.75880960696e-07, 3.6823715277e-07, 6.87481303885e-07, 1.74852175405e-07, 7.44754515836e-08, 9.43387362895e-07, 2.64013721107e-07, 4.13298010926e-07, 1.90692560409e-07, 6.97157389595e-08, 1.45995802114e-08, 3.20464117465e-08, 3.28877973743e-08, 1.37529410082e-08, 2.47669760256e-08, 2.72217679509e-08, 1.12750955239e-08, 2.78990897051e-09, 2.19774420884e-09, 3.79260400862e-10, 4.62462346196e-10, 2.74478839657e-09, 1.10674758247e-08, 4.42765824005e-09, 1.04771746834e-09, 7.91877341477e-10, 1.55411350455e-10, 7.95412416488e-11, 6.18299023092e-11, 2.72339737567e-11, 1.13576630739e-11, 7.00687511485e-12, 7.09540412536e-12, 9.39563270935e-12, 3.30456946529e-11, 3.83219046773e-11, 2.35206888688e-11, 8.2128149767e-12, 2.39789720198e-12]}, "melbands_crest": {"dmean": 3.38232564926, "dmean2": 5.43540096283, "dvar": 8.71175765991, "dvar2": 21.671207428, "max": 33.192111969, "mean": 14.0478115082, "median": 13.1167879105, "min": 1.82790768147, "var": 31.7846374512}, "melbands_flatness_db": {"dmean": 0.0276360251009, "dmean2": 0.0407765619457, "dvar": 0.000759677903261, "dvar2": 0.00162142526824, "max": 0.590050637722, "mean": 0.189060166478, "median": 0.17875033617, "min": 0.00356999272481, "var": 0.00587619422004}, "melbands_kurtosis": {"dmean": 10.7429552078, "dmean2": 16.5077419281, "dvar": 1116.90722656, "dvar2": 2241.84765625, "max": 1184.63598633, "mean": 28.6713161469, "median": 11.3925294876, "min": -1.78032779694, "var": 10766.8857422}, "melbands_skewness": {"dmean": 0.786164999008, "dmean2": 1.20669960976, "dvar": 0.807053267956, "dvar2": 1.72556257248, "max": 27.1903991699, "mean": 3.06711149216, "median": 2.73439908028, "min": -1.05290365219, "var": 7.2777967453}, "melbands_spread": {"dmean": 6.83938884735, "dmean2": 10.3660354614, "dvar": 104.510284424, "dvar2": 220.714065552, "max": 236.093414307, "mean": 22.363527298, "median": 16.0923252106, "min": 0.228332176805, "var": 403.759490967}, "mfcc": {"cov": [[11054.7861328, -806.586853027, -1095.46191406, -460.39163208, -404.827697754, -309.685058594, -386.292449951, -252.708831787, -339.738708496, -152.821762085, -95.3442001343, -158.092697144, -371.329193115], [-806.586853027, 1303.68371582, -13.4763736725, 64.789352417, -13.0056848526, -104.141876221, 5.0993437767, 85.4357528687, 4.97427368164, -49.0683364868, 13.4173107147, -27.3430156708, 62.0614509583], [-1095.46191406, -13.4763736725, 630.84777832, 27.9970703125, 82.9837799072, 74.4614486694, 60.0686073303, 35.9434356689, 47.9594612122, 29.3537025452, -50.3638954163, 1.93929219246, 50.4690551758], [-460.39163208, 64.789352417, 27.9970703125, 222.896621704, 76.7885055542, -11.8445930481, 7.95357513428, 43.4651374817, 29.5472583771, -24.9428920746, 13.308344841, 6.19599580765, 16.5752506256], [-404.827697754, -13.0056848526, 82.9837799072, 76.7885055542, 211.539733887, 74.4138870239, 11.3521709442, 14.191204071, 45.0723342896, 19.5419692993, 8.74483299255, 27.273651123, 7.48148393631], [-309.685058594, -104.141876221, 74.4614486694, -11.8445930481, 74.4138870239, 215.238357544, 88.9506530762, -58.8149490356, 47.7482643127, 82.2921905518, -11.701426506, 16.5216407776, 11.1561422348], [-386.292449951, 5.0993437767, 60.0686073303, 7.95357513428, 11.3521709442, 88.9506530762, 136.844680786, 18.1123123169, 23.2344894409, 49.7807693481, 3.71101045609, 16.0759735107, 19.6367607117], [-252.708831787, 85.4357528687, 35.9434356689, 43.4651374817, 14.191204071, -58.8149490356, 18.1123123169, 170.2996521, 24.7768421173, -40.6165161133, 39.9338722229, 16.8708076477, 11.9269628525], [-339.738708496, 4.97427368164, 47.9594612122, 29.5472583771, 45.0723342896, 47.7482643127, 23.2344894409, 24.7768421173, 98.6159820557, 41.9861221313, 0.954692959785, 10.6451740265, 16.0501346588], [-152.821762085, -49.0683364868, 29.3537025452, -24.9428920746, 19.5419692993, 82.2921905518, 49.7807693481, -40.6165161133, 41.9861221313, 117.154914856, 16.2013549805, 9.51857280731, 11.5618944168], [-95.3442001343, 13.4173107147, -50.3638954163, 13.308344841, 8.74483299255, -11.701426506, 3.71101045609, 39.9338722229, 0.954692959785, 16.2013549805, 94.439994812, 35.3713645935, -1.08366966248], [-158.092697144, -27.3430156708, 1.93929219246, 6.19599580765, 27.273651123, 16.5216407776, 16.0759735107, 16.8708076477, 10.6451740265, 9.51857280731, 35.3713645935, 66.1436462402, 16.7926540375], [-371.329193115, 62.0614509583, 50.4690551758, 16.5752506256, 7.48148393631, 11.1561422348, 19.6367607117, 11.9269628525, 16.0501346588, 11.5618944168, -1.08366966248, 16.7926540375, 71.3582458496]], "icov": [[0.000158346723765, 6.75243791193e-05, 0.000206334530958, 0.00015723281831, 7.5708667282e-05, 1.91038416233e-05, 0.000263182271738, -8.69570649229e-05, 0.000290247873636, -0.000142136908835, 0.000283106666757, 9.91081651591e-06, 0.000473710999358], [6.75243791193e-05, 0.000922012201045, 0.000159154311405, 3.75284071197e-05, -0.000127626772155, 0.000506697921082, -0.000288486859063, -9.12943360163e-05, -7.47998783481e-05, 0.000264559086645, -0.000229120836593, 0.000846220122185, -0.000771642138716], [0.000206334530958, 0.000159154311405, 0.00226939562708, 0.000243356160354, -0.000537994259503, -0.000244367547566, 7.82506613177e-05, -0.00101238850038, 0.000466070719995, -0.000692290952429, 0.00186094804667, 0.000143572862726, -0.000482194329379], [0.00015723281831, 3.75284071197e-05, 0.000243356160354, 0.00628217635676, -0.00246096774936, 0.00137156853452, -0.00140898709651, 0.000497583998367, -0.00188990798779, 0.00254170224071, -0.00137879792601, 0.00158192892559, -0.000877593527548], [7.5708667282e-05, -0.000127626772155, -0.000537994259503, -0.00246096774936, 0.0075936880894, -0.00353024504147, 0.00282547227107, -0.00126592908055, -0.000550020020455, -0.000581398198847, 0.000600451079663, -0.00277531938627, 0.00152708089445], [1.91038416233e-05, 0.000506697921082, -0.000244367547566, 0.00137156853452, -0.00353024504147, 0.0116112465039, -0.00678196921945, 0.00467932177708, -0.00329202762805, -0.00129272020422, -6.83717047423e-08, -0.00017655621923, 0.000143437297083], [0.000263182271738, -0.000288486859063, 7.82506613177e-05, -0.00140898709651, 0.00282547227107, -0.00678196921945, 0.0145809510723, -0.00564895709977, 0.00386007595807, -0.00559658184648, 0.00311406957917, -0.0024811772164, 0.000257894862443], [-8.69570649229e-05, -9.12943360163e-05, -0.00101238850038, 0.000497583998367, -0.00126592908055, 0.00467932177708, -0.00564895709977, 0.0122213540599, -0.0062138736248, 0.00689552677795, -0.0064536370337, 0.00103938719258, -0.000921900675166], [0.000290247873636, -7.47998783481e-05, 0.000466070719995, -0.00188990798779, -0.000550020020455, -0.00329202762805, 0.00386007595807, -0.0062138736248, 0.017700528726, -0.00844683405012, 0.0048587853089, -0.00173561298288, 0.000103059930552], [-0.000142136908835, 0.000264559086645, -0.000692290952429, 0.00254170224071, -0.000581398198847, -0.00129272020422, -0.00559658184648, 0.00689552677795, -0.00844683405012, 0.019085245207, -0.00818091537803, 0.00334439356811, -0.00252355518751], [0.000283106666757, -0.000229120836593, 0.00186094804667, -0.00137879792601, 0.000600451079663, -6.83717047423e-08, 0.00311406957917, -0.0064536370337, 0.0048587853089, -0.00818091537803, 0.0197016391903, -0.00977326929569, 0.00366715085693], [9.91081651591e-06, 0.000846220122185, 0.000143572862726, 0.00158192892559, -0.00277531938627, -0.00017655621923, -0.0024811772164, 0.00103938719258, -0.00173561298288, 0.00334439356811, -0.00977326929569, 0.0234504975379, -0.00614425679669], [0.000473710999358, -0.000771642138716, -0.000482194329379, -0.000877593527548, 0.00152708089445, 0.000143437297083, 0.000257894862443, -0.000921900675166, 0.000103059930552, -0.00252355518751, 0.00366715085693, -0.00614425679669, 0.0194827616215]], "mean": [-681.6640625, 112.728034973, 9.91987228394, 15.1772670746, -0.400776237249, -5.88553476334, -3.38983273506, -4.15766811371, -8.69835090637, -1.10648584366, -2.6238451004, -3.32553648949, -6.25347948074]}, "pitch_salience": {"dmean": 0.0733575671911, "dmean2": 0.119320958853, "dvar": 0.00406247982755, "dvar2": 0.0103872250766, "max": 0.855556249619, "mean": 0.603308081627, "median": 0.617219924927, "min": 0.0350429154932, "var": 0.015610108152}, "silence_rate_20dB": {"dmean": 0, "dmean2": 0, "dvar": 0, "dvar2": 0, "max": 1, "mean": 1, "median": 1, "min": 1, "var": 0}, "silence_rate_30dB": {"dmean": 0, "dmean2": 0, "dvar": 0, "dvar2": 0, "max": 1, "mean": 1, "median": 1, "min": 1, "var": 0}, "silence_rate_60dB": {"dmean": 0.0446379967034, "dmean2": 0.0892921984196, "dvar": 0.0426485165954, "dvar2": 0.0947474762797, "max": 1, "mean": 0.147677794099, "median": 0, "min": 0, "var": 0.125872835517}, "spectral_centroid": {"dmean": 249.800949097, "dmean2": 373.550170898, "dvar": 112655.421875, "dvar2": 238828.140625, "max": 11268.4140625, "mean": 1214.52282715, "median": 1011.35888672, "min": 127.195617676, "var": 610788.0625}, "spectral_complexity": {"dmean": 3.36490654945, "dmean2": 4.70272254944, "dvar": 15.6328525543, "dvar2": 27.0111846924, "max": 55, "mean": 14.4851236343, "median": 12, "min": 0, "var": 91.7742462158}, "spectral_contrast_coeffs": {"dmean": [0.0556068643928, 0.0444462485611, 0.0361192896962, 0.0292696990073, 0.0217219665647, 0.0168215036392], "dmean2": [0.0890804231167, 0.0726755782962, 0.0584673881531, 0.0458358339965, 0.0342215187848, 0.0258140973747], "dvar": [0.00204514176585, 0.00129873270635, 0.000861992244609, 0.000657278636936, 0.000377164164092, 0.000240143883275], "dvar2": [0.00504316342995, 0.00330151896924, 0.00218024011701, 0.00147691112943, 0.000817731313873, 0.000527046911884], "max": [-0.303652822971, -0.384247332811, -0.427084237337, -0.528055608273, -0.581758141518, -0.64304548502], "mean": [-0.590234994888, -0.755558609962, -0.7946819067, -0.799359798431, -0.797662138939, -0.801505148411], "median": [-0.587246239185, -0.768555045128, -0.805701613426, -0.809585809708, -0.808471918106, -0.803197860718], "min": [-0.982253372669, -0.974771857262, -0.982584774494, -0.97937643528, -0.969161689281, -0.962734639645], "var": [0.00947471242398, 0.00622055167332, 0.0039889998734, 0.00311215315014, 0.00331714609638, 0.00162918493152]}, "spectral_contrast_valleys": {"dmean": [0.457652002573, 0.36071100831, 0.341226756573, 0.303286284208, 0.247613012791, 0.365117847919], "dmean2": [0.717891275883, 0.576881110668, 0.531161189079, 0.440705299377, 0.340736865997, 0.452549993992], "dvar": [0.177274852991, 0.112955272198, 0.117102630436, 0.101729691029, 0.0950424224138, 0.163916423917], "dvar2": [0.348817586899, 0.229369536042, 0.231934472919, 0.183541581035, 0.146819889545, 0.259091168642], "max": [-5.79685974121, -4.78492879868, -5.43591117859, -5.89494800568, -5.88771390915, -7.61072349548], "mean": [-7.9958024025, -6.90232944489, -7.65640878677, -8.12037277222, -8.00319862366, -10.1893100739], "median": [-8.00343322754, -6.68781852722, -7.41986083984, -7.89832782745, -7.83895683289, -9.91469192505], "min": [-27.6678390503, -27.3711051941, -27.4300460815, -27.3885154724, -27.4985904694, -27.3009262085], "var": [1.57892334461, 1.94134020805, 1.98582601547, 2.14904808998, 2.11545443535, 2.03128027916]}, "spectral_decrease": {"dmean": 1.07788056258e-09, "dmean2": 1.55803325796e-09, "dvar": 1.67341739847e-18, "dvar2": 3.22148239934e-18, "max": 1.51633219161e-28, "mean": -3.47078787932e-09, "median": -2.67059618864e-09, "min": -2.1821334073e-08, "var": 8.6751782697e-18}, "spectral_energy": {"dmean": 0.00438928231597, "dmean2": 0.00626798160374, "dvar": 2.80026706605e-05, "dvar2": 5.19246932527e-05, "max": 0.0892785862088, "mean": 0.0145492004231, "median": 0.0111816134304, "min": 1.03631085456e-20, "var": 0.000154201174155}, "spectral_energyband_high": {"dmean": 0.00035174653749, "dmean2": 0.000477509020129, "dvar": 6.99794554748e-07, "dvar2": 1.45323849665e-06, "max": 0.0227524675429, "mean": 0.000694104062859, "median": 0.000245471426751, "min": 7.43210632828e-21, "var": 1.42527528624e-06}, "spectral_energyband_low": {"dmean": 0.00157145492267, "dmean2": 0.00246095750481, "dvar": 1.00295092125e-05, "dvar2": 2.39823584707e-05, "max": 0.0243286378682, "mean": 0.00176037847996, "median": 0.00043109539547, "min": 4.56496924228e-23, "var": 1.11803437903e-05}, "spectral_energyband_middle_high": {"dmean": 0.00129631045274, "dmean2": 0.00176363263745, "dvar": 6.49487219562e-06, "dvar2": 1.10201617645e-05, "max": 0.0495345331728, "mean": 0.00364406802692, "median": 0.00121055415366, "min": 1.42714807982e-21, "var": 3.40659207723e-05}, "spectral_energyband_middle_low": {"dmean": 0.00311342137866, "dmean2": 0.00475526368245, "dvar": 1.44299938256e-05, "dvar2": 3.21901279676e-05, "max": 0.0790093541145, "mean": 0.00884187687188, "median": 0.00645187497139, "min": 1.94730869812e-22, "var": 6.65324114379e-05}, "spectral_entropy": {"dmean": 0.18571588397, "dmean2": 0.265128731728, "dvar": 0.0329689159989, "dvar2": 0.0624034665525, "max": 9.81399154663, "mean": 7.6146030426, "median": 7.65899658203, "min": 6.06630086899, "var": 0.193175315857}, "spectral_flux": {"dmean": 0.0189077388495, "dmean2": 0.0281766839325, "dvar": 0.00042684370419, "dvar2": 0.000864846049808, "max": 0.283150017262, "mean": 0.0636221915483, "median": 0.0562550351024, "min": 6.65104221698e-11, "var": 0.00154841132462}, "spectral_kurtosis": {"dmean": 1.35317862034, "dmean2": 2.01061224937, "dvar": 2.72586297989, "dvar2": 5.58476543427, "max": 27.7529716492, "mean": 5.34378814697, "median": 4.4372549057, "min": -1.2352656126, "var": 10.3900852203}, "spectral_rms": {"dmean": 0.00057054933859, "dmean2": 0.000800044566859, "dvar": 3.81106616487e-07, "dvar2": 6.92731532581e-07, "max": 0.00933279469609, "mean": 0.00338995992206, "median": 0.00330286100507, "min": 3.17967765832e-12, "var": 2.7025143936e-06}, "spectral_rolloff": {"dmean": 609.243469238, "dmean2": 986.160461426, "dvar": 1419715.5, "dvar2": 3127240, "max": 19573.6816406, "mean": 1609.10449219, "median": 904.39453125, "min": 64.599609375, "var": 3251011.25}, "spectral_skewness": {"dmean": 0.200977131724, "dmean2": 0.296391248703, "dvar": 0.0482805967331, "dvar2": 0.0913153737783, "max": 4.04316425323, "mean": 1.76500952244, "median": 1.66252708435, "min": -0.0365854911506, "var": 0.22923566401}, "spectral_spread": {"dmean": 730445.125, "dmean2": 987314.625, "dvar": 833859682304, "dvar2": 1555988348930.0, "max": 42107472, "mean": 5728747, "median": 5407791, "min": 1864534.625, "var": 6268057026560.0}, "spectral_strongpeak": {"dmean": 0.46