{"lowlevel": {"average_loudness": 0.97052025795, "barkbands": {"dmean": [1.38565783345e-05, 0.0121258413419, 0.00801612343639, 0.00308691035025, 0.0016872928245, 0.000845489150379, 0.00032536018989, 0.000340454862453, 0.000552204961423, 0.000654782052152, 0.000601179082878, 0.000327039830154, 0.000452102452982, 0.000718214607332, 0.000441300799139, 0.000218722605496, 0.000253161153523, 0.000152026201249, 0.000215725216549, 0.000173725507921, 0.000219789464609, 0.00034376422991, 0.000314690201776, 0.000568439718336, 0.000167715334101, 3.85002094845e-05, 2.24746258937e-07], "dmean2": [2.15851159737e-05, 0.0161420218647, 0.0136098703369, 0.00555607210845, 0.00286808260716, 0.00137357227504, 0.000512867583893, 0.000546879076865, 0.000859060848597, 0.00102505693212, 0.000954338174779, 0.0005084197619, 0.000705381738953, 0.00110432691872, 0.000672353955451, 0.00034017584403, 0.000397930096369, 0.000243972870521, 0.00032166368328, 0.000256075611105, 0.000332432187861, 0.000526535732206, 0.000465701887151, 0.000830395554658, 0.000241325658862, 5.50630611542e-05, 3.78639839482e-07], "dvar": [7.77467756841e-10, 0.000603005930316, 0.000391632260289, 7.05244674464e-05, 1.0200912584e-05, 2.12943768929e-06, 3.6016285776e-07, 5.76895729409e-07, 1.18414629924e-06, 1.76307651145e-06, 2.73760406344e-06, 5.71484463308e-07, 8.04419414635e-07, 2.77806043414e-06, 1.14448744171e-06, 2.44587369025e-07, 1.90356814755e-07, 6.58078249671e-08, 1.64800852076e-07, 1.10192701186e-07, 9.61298027846e-08, 2.58736918113e-07, 3.02546396824e-07, 1.07637686142e-06, 1.87758104175e-07, 7.71599584226e-09, 1.71601318225e-12], "dvar2": [1.67313607413e-09, 0.00113707466517, 0.00101351668127, 0.000199768866878, 2.74078483926e-05, 5.30879287908e-06, 8.52380139804e-07, 1.44845353134e-06, 2.86606359623e-06, 4.34802768723e-06, 7.03921614331e-06, 1.30517071284e-06, 1.73543367055e-06, 6.6169168349e-06, 2.4185114853e-06, 5.3853392501e-07, 4.3289713858e-07, 1.60960198059e-07, 2.90116020096e-07, 1.93064494169e-07, 2.10201719142e-07, 6.09225537573e-07, 5.99332736329e-07, 2.4161474812e-06, 4.03956875061e-07, 1.64554290194e-08, 4.63201612483e-12], "max": [0.000331996125169, 0.22688421607, 0.192508205771, 0.112823486328, 0.036999527365, 0.0284278057516, 0.0173525419086, 0.014739449136, 0.0162830688059, 0.0260757077485, 0.0397241525352, 0.0156982727349, 0.0239571966231, 0.0309084504843, 0.0252227392048, 0.0242067221552, 0.0122367627919, 0.00749666662887, 0.0165041778237, 0.0126308146864, 0.00689779827371, 0.0075739454478, 0.0174927581102, 0.0255760475993, 0.0134429866448, 0.00185847270768, 5.17085572938e-05], "mean": [1.61551215569e-05, 0.0143102053553, 0.00778026785702, 0.00265703652985, 0.00217961869203, 0.001259931596, 0.00055726832943, 0.000495836429764, 0.000904976797756, 0.00114265177399, 0.00100935937371, 0.000552865909413, 0.00077430147212, 0.00118148187175, 0.000775881577283, 0.000392658170313, 0.00046630090219, 0.000277117476799, 0.000471176026622, 0.000355588825187, 0.000466675468488, 0.000622505380306, 0.000607561261859, 0.000925426895265, 0.00029574209475, 5.47203744645e-05, 1.83598146464e-07], "median": [4.23208575739e-06, 0.00272525544278, 0.00244463421404, 0.000936740892939, 0.00110615300946, 0.00067259039497, 0.000302342086798, 0.000198617723072, 0.000241820278461, 0.000363031460438, 0.000159412971698, 0.000152323918883, 0.000269168464001, 0.00026191942743, 0.0002350063005, 0.0001872346038, 0.0002585950715, 0.000167734848219, 0.000227679556701, 0.000187299519894, 0.000301401334582, 0.000440826988779, 0.000378070457373, 0.000491149432492, 0.000128006882733, 1.93204105017e-05, 1.18981735575e-09], "min": [6.31711372089e-24, 2.56465227833e-24, 6.18897588861e-24, 3.03815302048e-24, 1.93373016158e-23, 2.62031982583e-23, 3.48029275512e-23, 4.05523824867e-23, 9.74039881161e-23, 2.24263720578e-23, 4.84578542297e-23, 5.57251532775e-23, 1.23979651784e-22, 8.51735391287e-23, 1.0682971473e-22, 9.64012386205e-23, 1.55016999136e-22, 1.31454026819e-22, 1.88452622479e-22, 3.12626056367e-22, 4.84947609293e-22, 4.84983758056e-22, 6.1140158326e-22, 8.04520690336e-22, 1.2362983678e-21, 1.42259909132e-21, 2.09100070913e-21], "var": [9.88028991955e-10, 0.000888629991096, 0.000308755697915, 4.38813476649e-05, 9.86022769212e-06, 3.64003426512e-06, 7.60382533826e-07, 9.18160651509e-07, 2.74053536486e-06, 3.79896778213e-06, 6.65428524371e-06, 1.49525169491e-06, 2.29162833421e-06, 5.93633876633e-06, 2.97811084238e-06, 6.17224372945e-07, 4.79727418679e-07, 1.3204670779e-07, 8.78538571669e-07, 4.01677141326e-07, 2.77098905599e-07, 4.20261898171e-07, 6.11236600889e-07, 1.82153655715e-06, 3.63583211538e-07, 1.26574484227e-08, 1.4210371161e-12]}, "barkbands_crest": {"dmean": 2.96225571632, "dmean2": 4.38714742661, "dvar": 8.35175704956, "dvar2": 15.1163368225, "max": 26.187084198, "mean": 9.56800842285, "median": 8.05522251129, "min": 2.11381292343, "var": 24.9194068909}, "barkbands_flatness_db": {"dmean": 0.0255675725639, "dmean2": 0.0374316051602, "dvar": 0.000712881679647, "dvar2": 0.00139438151382, "max": 0.453533470631, "mean": 0.130187138915, "median": 0.117000967264, "min": 0.0173411853611, "var": 0.00244399765506}, "barkbands_kurtosis": {"dmean": 4.83118343353, "dmean2": 7.29471158981, "dvar": 149.077301025, "dvar2": 346.121551514, "max": 274.098480225, "mean": 4.67274045944, "median": 0.136718451977, "min": -1.94684326649, "var": 219.303451538}, "barkbands_skewness": {"dmean": 0.810512781143, "dmean2": 1.14081394672, "dvar": 1.01745462418, "dvar2": 1.95532298088, "max": 16.3092250824, "mean": 1.43018352985, "median": 0.951226770878, "min": -4.54937839508, "var": 3.11298942566}, "barkbands_spread": {"dmean": 10.8101091385, "dmean2": 16.2183208466, "dvar": 138.428649902, "dvar2": 288.527862549, "max": 117.378913879, "mean": 37.1493759155, "median": 34.8387756348, "min": 0.786572992802, "var": 391.208129883}, "dissonance": {"dmean": 0.0152154807001, "dmean2": 0.0253318790346, "dvar": 0.000218557019252, "dvar2": 0.000591256131884, "max": 0.5, "mean": 0.471304088831, "median": 0.476290673018, "min": 0.324104249477, "var": 0.000425078178523}, "dynamic_complexity": 2.99600625038, "erbbands": {"dmean": [0.208689302206, 3.20477390289, 8.41070365906, 10.5039415359, 7.06018018723, 5.73090744019, 5.5887260437, 7.6326007843, 5.70168590546, 5.44733524323, 7.66329336166, 12.8240766525, 20.1931037903, 17.3390045166, 18.9309673309, 14.5501270294, 20.7691421509, 29.8775405884, 28.4495010376, 15.3295154572, 10.3350305557, 12.0802364349, 8.83767986298, 7.0870552063, 12.3642120361, 8.19190311432, 7.84743356705, 8.59707546234, 11.5586233139, 11.5852851868, 9.64459609985, 16.2200489044, 5.77158737183, 2.53541898727, 0.867852985859, 0.250840932131, 0.0632047653198, 0.00291646248661, 8.66718910402e-05, 2.89884137601e-05], "dmean2": [0.282222956419, 4.26024484634, 13.8393449783, 18.2591381073, 12.2978639603, 9.78521156311, 9.23693275452, 12.4676952362, 9.08667182922, 8.6123714447, 12.1863603592, 19.7605056763, 31.8230838776, 26.3572387695, 29.6016597748, 22.3499965668, 31.9482192993, 46.2164840698, 42.8457221985, 23.1357727051, 15.8688154221, 18.5823955536, 14.1326446533, 10.9711561203, 17.9262561798, 11.9462175369, 11.8974180222, 12.9355382919, 17.6184024811, 17.7549057007, 14.1347255707, 24.3805027008, 8.20265293121, 3.69016218185, 1.23827719688, 0.350118249655, 0.0928540676832, 0.00412358250469, 0.000119009324408, 4.12217195844e-05], "dvar": [0.193770557642, 41.1568984985, 374.503753662, 774.413879395, 262.945526123, 109.43094635, 103.5340271, 187.130233765, 99.3022537231, 131.044113159, 253.68963623, 668.223510742, 1988.31347656, 1383.78320313, 2372.11914063, 984.878662109, 1697.27111816, 4745.00830078, 4218.94580078, 1013.46661377, 509.192108154, 487.24230957, 206.858596802, 128.570632935, 694.311584473, 217.006576538, 133.565750122, 143.636169434, 287.660430908, 316.20916748, 263.581512451, 878.32434082, 172.096206665, 42.5142021179, 5.12328052521, 0.387679100037, 0.0205078311265, 6.40910875518e-05, 4.14846859087e-08, 1.81375658936e-09], "dvar2": [0.358287870884, 78.1463241577, 924.531677246, 2120.44165039, 728.118530273, 290.574920654, 264.3878479, 474.570068359, 238.736068726, 317.706359863, 638.299926758, 1552.14819336, 5080.59326172, 3277.21435547, 5801.98486328, 2343.00146484, 3620.76928711, 11744.5683594, 8713.46582031, 2155.87207031, 991.12109375, 1025.96374512, 504.044616699, 262.918945313, 1210.18054199, 388.329589844, 300.464508057, 322.869110107, 664.249816895, 735.492004395, 523.071899414, 2064.62133789, 349.461853027, 91.2274703979, 11.2571754456, 0.78440374136, 0.0475748293102, 0.000123262099805, 7.91363277131e-08, 3.73840647327e-09], "max": [3.79417777061, 60.0402450562, 179.141311646, 315.420715332, 165.540786743, 124.161521912, 219.025222778, 243.567077637, 272.414520264, 252.046127319, 307.968688965, 482.729492188, 956.398681641, 788.521484375, 1153.61730957, 804.959960938, 1252.9296875, 1376.17749023, 1438.80090332, 837.515930176, 1379.35107422, 656.510925293, 349.10949707, 694.598815918, 1059.27697754, 506.143737793, 265.253448486, 190.545578003, 235.604690552, 302.411437988, 490.461334229, 612.959472656, 444.225006104, 224.313690186, 77.6481704712, 14.6797819138, 2.82363438606, 0.185059413314, 0.00473923515528, 0.000486530450871], "mean": [0.225203752518, 3.86068272591, 9.34286403656, 9.58661651611, 7.61752080917, 7.11242818832, 8.14819526672, 10.826259613, 9.61377048492, 8.88719940186, 12.2121524811, 21.8085918427, 34.2009506226, 33.0001029968, 35.2981338501, 27.8086528778, 38.2185020447, 53.1555404663, 52.1047210693, 30.9395389557, 21.6370773315, 23.681722641, 17.6080093384, 15.335354805, 28.033624649, 18.2492046356, 16.5200042725, 18.5823764801, 21.3365592957, 20.5948905945, 18.2319717407, 24.3500461578, 10.6660747528, 4.47899436951, 1.52188837528, 0.399530380964, 0.0796610563993, 0.00383139564656, 0.000144465782796, 6.36403710814e-05], "median": [0.0327708795667, 0.78348916769, 3.12321543694, 3.26313042641, 3.36003684998, 3.35473465919, 4.11976575851, 5.67220783234, 5.2228808403, 4.50634431839, 5.45849561691, 6.90311098099, 10.6458377838, 9.0893535614, 8.21118927002, 9.32209968567, 15.2801685333, 15.7266921997, 16.3626728058, 13.1836538315, 12.0289306641, 13.3184051514, 11.6379613876, 9.68285083771, 12.3689832687, 9.5997543335, 10.5212345123, 12.3747997284, 14.7439985275, 14.4766378403, 11.0016307831, 12.9816474915, 4.99728536606, 1.92674052715, 0.688428401947, 0.147107318044, 0.0261362958699, 0.000910596107133, 6.89741500537e-05, 4.62740536022e-05], "min": [8.50294110858e-23, 8.06550170698e-22, 5.90859837139e-21, 8.46062383284e-21, 7.9813429459e-20, 5.53041519196e-20, 5.80723118395e-20, 2.58333597631e-19, 3.57668424923e-19, 6.7936043856e-19, 1.28290077839e-18, 2.16381349257e-18, 1.21982670572e-18, 1.8868858312e-18, 1.64692352723e-18, 2.6552878166e-18, 4.83108012522e-18, 5.05913464728e-18, 3.96901771982e-18, 6.17694516805e-18, 5.98259081132e-18, 9.39795214534e-18, 7.98700453191e-18, 9.87500622975e-18, 1.02049205996e-17, 1.3141035407e-17, 1.71062108729e-17, 1.98609936279e-17, 1.57082193894e-17, 1.42364036906e-17, 2.00801336245e-17, 1.52144057986e-17, 1.33062424005e-17, 1.00150346726e-17, 8.92837246494e-18, 6.07776000875e-18, 2.38665388164e-18, 1.01883825708e-18, 2.82876434146e-19, 3.1627900187e-20], "var": [0.271375000477, 61.528503418, 349.016143799, 532.891662598, 190.707626343, 117.148521423, 158.635726929, 280.950469971, 205.396835327, 240.743362427, 425.654663086, 1552.15588379, 3808.91918945, 3896.58422852, 7014.63671875, 2897.11352539, 5212.65039063, 11005.8369141, 11030.0449219, 3455.68212891, 1380.05664063, 1304.69726563, 449.189300537, 479.881164551, 3622.56030273, 972.674804688, 369.774658203, 402.628753662, 499.18145752, 506.261108398, 544.641784668, 1200.06274414, 375.047119141, 83.717376709, 9.29296970367, 0.7019302845, 0.0273998100311, 0.000112711415568, 7.74769901568e-08, 3.42755379634e-09]}, "erbbands_crest": {"dmean": 2.55471348763, "dmean2": 4.11730957031, "dvar": 5.75005960464, "dvar2": 13.9754781723, "max": 29.0393104553, "mean": 7.97156763077, "median": 7.08503866196, "min": 2.17424082756, "var": 14.2640895844}, "erbbands_flatness_db": {"dmean": 0.0152958184481, "dmean2": 0.0217333063483, "dvar": 0.000184902615729, "dvar2": 0.00036147623905, "max": 0.248638421297, "mean": 0.129721105099, "median": 0.125808984041, "min": 0.0500767193735, "var": 0.000836979132146}, "erbbands_kurtosis": {"dmean": 0.823421120644, "dmean2": 1.27190339565, "dvar": 1.83048844337, "dvar2": 4.20106935501, "max": 52.1154327393, "mean": 0.0805036425591, "median": -0.342903614044, "min": -1.90336203575, "var": 3.38739943504}, "erbbands_skewness": {"dmean": 0.359297335148, "dmean2": 0.549871146679, "dvar": 0.139895483851, "dvar2": 0.306855291128, "max": 2.80345273018, "mean": -0.0358795635402, "median": 0.00928619503975, "min": -5.87987613678, "var": 0.520286500454}, "erbbands_spread": {"dmean": 14.0726318359, "dmean2": 20.1323356628, "dvar": 206.307128906, "dvar2": 416.730285645, "max": 199.033554077, "mean": 55.9249839783, "median": 50.5883102417, "min": 6.42300033569, "var": 765.2890625}, "gfcc": {"cov": [[8823.9921875, -57.9525032043, -594.045837402, 13.683391571, -310.173583984, 181.934783936, -94.4364700317, -2.14307284355, -199.193084717, -85.3851089478, -75.7850646973, -33.5184669495, 7.49092626572], [-57.9525032043, 909.369506836, -141.66986084, 6.97431850433, 189.796218872, 23.5087547302, 122.344207764, -8.799908638, 129.562438965, -64.479598999, 71.4393463135, -69.9922790527, 40.9402084351], [-594.045837402, -141.66986084, 865.627075195, 268.811859131, 90.4463195801, 17.6968593597, -35.8165817261, 5.88092088699, 4.99335289001, 15.9634141922, -40.5096054077, 55.8933677673, -55.7797660828], [13.683391571, 6.97431850433, 268.811859131, 312.061279297, 138.814117432, -11.3290643692, -11.1786499023, -9.67068862915, 26.9909687042, 16.4082489014, 7.88156986237, -9.05456352234, 20.1579055786], [-310.173583984, 189.796218872, 90.4463195801, 138.814117432, 274.870452881, 48.4774208069, 44.3343887329, 11.4172277451, 71.1640014648, 21.9133663177, 11.0749778748, -24.7700061798, 15.7669239044], [181.934783936, 23.5087547302, 17.6968593597, -11.3290643692, 48.4774208069, 155.094024658, 87.5832443237, 36.3383522034, 12.4180250168, -13.869925499, 17.9010658264, -6.12221097946, -4.35769557953], [-94.4364700317, 122.344207764, -35.8165817261, -11.1786499023, 44.3343887329, 87.5832443237, 229.477005005, 62.2573127747, -14.6272087097, -19.1103439331, 37.8382453918, 10.9842290878, 3.36900925636], [-2.14307284355, -8.799908638, 5.88092088699, -9.67068862915, 11.4172277451, 36.3383522034, 62.2573127747, 92.4429855347, 41.8474884033, 14.7877531052, 6.21680402756, -4.54147195816, 5.31838512421], [-199.193084717, 129.562438965, 4.99335289001, 26.9909687042, 71.1640014648, 12.4180250168, -14.6272087097, 41.8474884033, 155.579177856, 40.2439575195, 12.3512535095, -31.423286438, 8.42093467712], [-85.3851089478, -64.479598999, 15.9634141922, 16.4082489014, 21.9133663177, -13.869925499, -19.1103439331, 14.7877531052, 40.2439575195, 90.6881027222, 25.3283138275, 0.0807962417603, 0.591161549091], [-75.7850646973, 71.4393463135, -40.5096054077, 7.88156986237, 11.0749778748, 17.9010658264, 37.8382453918, 6.21680402756, 12.3512535095, 25.3283138275, 91.9872207642, 17.6413192749, 22.0348186493], [-33.5184669495, -69.9922790527, 55.8933677673, -9.05456352234, -24.7700061798, -6.12221097946, 10.9842290878, -4.54147195816, -31.423286438, 0.0807962417603, 17.6413192749, 80.8098068237, 5.84403848648], [7.49092626572, 40.9402084351, -55.7797660828, 20.1579055786, 15.7669239044, -4.35769557953, 3.36900925636, 5.31838512421, 8.42093467712, 0.591161549091, 22.0348186493, 5.84403848648, 81.7958297729]], "icov": [[0.000176868532435, -0.000246662821155, 0.000292057578918, -0.000531170226168, 0.000451348896604, -0.000673602276947, 0.00043258201913, -0.00039751312579, 0.000493894214742, -0.000379352073651, 0.000498192384839, -0.000323763146298, 0.000163289892953], [-0.000246662821155, 0.00306510808878, -0.000637265096884, 0.00192569661885, -0.00233752303757, 0.00265666213818, -0.00247981026769, 0.00278171943501, -0.00356098380871, 0.00424523837864, -0.00342323165387, 0.00260598422028, -0.000835399609059], [0.000292057578918, -0.000637265096884, 0.00268756528385, -0.00314317760058, 0.00101092969999, -0.00205530086532, 0.00144670112059, -0.0015393398935, 0.0010150927119, -0.00116788211744, 0.00222278106958, -0.00301619642414, 0.00215636217035], [-0.000531170226168, 0.00192569661885, -0.00314317760058, 0.00862300489098, -0.0047073001042, 0.00437990156934, -0.00221436610445, 0.00284392060712, -0.0022582730744, 0.00292758410797, -0.00418870104477, 0.00419486593455, -0.00309670343995], [0.000451348896604, -0.00233752303757, 0.00101092969999, -0.0047073001042, 0.00844812020659, -0.00450999429449, 0.000566928705666, -0.000259529508185, 0.000416615832364, -0.00447638332844, 0.00415252242237, -0.00165455217939, 9.19336671359e-05], [-0.000673602276947, 0.00265666213818, -0.00205530086532, 0.00437990156934, -0.00450999429449, 0.0131283327937, -0.00527039496228, 0.00114868790843, -0.00377370184287, 0.00586235662922, -0.00560192484409, 0.00411121733487, -0.000476351822726], [0.00043258201913, -0.00247981026769, 0.00144670112059, -0.00221436610445, 0.000566928705666, -0.00527039496228, 0.0105885267258, -0.00845270883292, 0.00593958469108, -0.00116509792861, -8.91288509592e-05, -0.00317898625508, 0.00210533360951], [-0.00039751312579, 0.00278171943501, -0.0015393398935, 0.00284392060712, -0.000259529508185, 0.00114868790843, -0.00845270883292, 0.0211179386824, -0.00910642556846, 0.000492635823321, -0.000212459839531, 0.00270893378183, -0.00322256772779], [0.000493894214742, -0.00356098380871, 0.0010150927119, -0.0022582730744, 0.000416615832364, -0.00377370184287, 0.00593958469108, -0.00910642556846, 0.0151125974953, -0.0071604847908, 0.00239884620532, -1.7112117348e-05, 0.000902877596673], [-0.000379352073651, 0.00424523837864, -0.00116788211744, 0.00292758410797, -0.00447638332844, 0.00586235662922, -0.00116509792861, 0.000492635823321, -0.0071604847908, 0.0210199039429, -0.0101447058842, 0.00327448803, 0.000667336047627], [0.000498192384839, -0.00342323165387, 0.00222278106958, -0.00418870104477, 0.00415252242237, -0.00560192484409, -8.91288509592e-05, -0.000212459839531, 0.00239884620532, -0.0101447058842, 0.020254811272, -0.00725229643285, -0.00197745976038], [-0.000323763146298, 0.00260598422028, -0.00301619642414, 0.00419486593455, -0.00165455217939, 0.00411121733487, -0.00317898625508, 0.00270893378183, -1.7112117348e-05, 0.00327448803, -0.00725229643285, 0.0192556139082, -0.00331655470654], [0.000163289892953, -0.000835399609059, 0.00215636217035, -0.00309670343995, 9.19336671359e-05, -0.000476351822726, 0.00210533360951, -0.00322256772779, 0.000902877596673, 0.000667336047627, -0.00197745976038, -0.00331655470654, 0.015614008531]], "mean": [26.0348453522, 62.0427780151, -111.416351318, 55.7112846375, -69.004196167, 40.0725326538, -43.6414146423, 10.0550575256, -22.2377433777, 1.25611019135, -15.0894804001, -3.2262365818, -10.6391782761]}, "hfc": {"dmean": 13.4731445313, "dmean2": 18.5353984833, "dvar": 352.441741943, "dvar2": 699.009399414, "max": 454.476348877, "mean": 38.9576187134, "median": 33.1978416443, "min": 1.07879770524e-16, "var": 983.820739746}, "melbands": {"dmean": [0.00278753228486, 0.00408588442951, 0.00172766519245, 0.000421539880335, 0.000205545438803, 0.000166637502844, 8.16286483314e-05, 6.36022159597e-05, 7.30752726668e-05, 7.84951917012e-05, 0.000101971731056, 7.09690211806e-05, 7.93811050244e-05, 3.53368341166e-05, 4.84108568344e-05, 3.86917708965e-05, 6.64548570057e-05, 5.42737398064e-05, 2.90790903819e-05, 1.86016786756e-05, 1.29251575345e-05, 1.39628673423e-05, 1.27435687318e-05, 6.21770777798e-06, 6.17697151029e-06, 9.58644614002e-06, 8.55600592331e-06, 5.30992974745e-06, 4.49361641586e-06, 6.47506021778e-06, 5.33982938578e-06, 6.19943330094e-06, 8.39389031171e-06, 6.00172870691e-06, 5.27235988557e-06, 9.2115606094e-06, 9.67317646428e-06, 4.17009914599e-06, 3.38892891705e-06, 1.89721208699e-06], "dmean2": [0.00370658771135, 0.00628294376656, 0.00298006879166, 0.000726425263565, 0.000339355348842, 0.000271184020676, 0.000129805514007, 0.000100940444099, 0.000115467802971, 0.000121031182061, 0.00016094314924, 0.000107703155663, 0.000125661157654, 5.47273884877e-05, 7.53119165893e-05, 5.88568582316e-05, 0.000103191654489, 8.21025532787e-05, 4.32412889495e-05, 2.91093037958e-05, 2.0206634872e-05, 2.15059699258e-05, 2.03321069421e-05, 1.0075946193e-05, 9.71300960373e-06, 1.41489590533e-05, 1.2247358427e-05, 7.98617475084e-06, 6.94596019457e-06, 1.00911984191e-05, 8.21108005766e-06, 9.55029918259e-06, 1.31189863168e-05, 9.23810421227e-06, 7.97412485554e-06, 1.39077546919e-05, 1.46400443555e-05, 6.06991397945e-06, 4.98001145388e-06, 2.81601410279e-06], "dvar": [3.27987327182e-05, 7.36305300961e-05, 1.93588621187e-05, 7.27316432858e-07, 1.25095482417e-07, 8.38297893324e-08, 2.01922709664e-08, 1.95673095504e-08, 2.15380495661e-08, 2.4631411577e-08, 5.0164139509e-08, 2.36014017219e-08, 5.13078326492e-08, 6.06344041643e-09, 1.04747588381e-08, 6.20866646983e-09, 2.55655354664e-08, 1.55653250289e-08, 4.506335749e-09, 1.51834844697e-09, 7.84672382625e-10, 8.20369161492e-10, 4.64032950953e-10, 9.97379887013e-11, 1.1853192039e-10, 4.39914077388e-10, 3.53854001656e-10, 9.14675973851e-11, 4.3767330038e-11, 1.04414060731e-10, 5.94606239246e-11, 7.72564998086e-11, 1.90568616443e-10, 8.52797971129e-11, 8.20732024009e-11, 2.91551199849e-10, 2.96918184484e-10, 1.06403982847e-10, 6.86843568132e-11, 2.60841435257e-11], "dvar2": [6.03047301411e-05, 0.000158152397489, 5.28287346242e-05, 1.97576719074e-06, 3.2013858231e-07, 2.11151103713e-07, 4.83673474605e-08, 4.82444058036e-08, 5.41726450365e-08, 5.75138265901e-08, 1.27991256704e-07, 5.54001928776e-08, 1.30172139734e-07, 1.36640752046e-08, 2.3747865896e-08, 1.29358301848e-08, 6.33594012811e-08, 3.26199725009e-08, 9.30708665692e-09, 3.29690186263e-09, 1.6700301142e-09, 1.66640423682e-09, 1.0887576396e-09, 2.5159171968e-10, 2.31933222627e-10, 7.28027471641e-10, 6.07050743007e-10, 1.76378814332e-10, 1.03890514247e-10, 2.44241377123e-10, 1.42615391718e-10, 1.77576120475e-10, 4.70166294786e-10, 1.96650251638e-10, 1.68796976396e-10, 6.77242206759e-10, 6.9712435824e-10, 2.2668771027e-10, 1.51222256939e-10, 5.80818726448e-11], "max": [0.0496328659356, 0.0755097270012, 0.0497092679143, 0.0101776802912, 0.0068703466095, 0.00508448760957, 0.00409676833078, 0.00297017744742, 0.00302669173107, 0.0027146069333, 0.0047985734418, 0.00355590577237, 0.00569128803909, 0.00166909780819, 0.0022633112967, 0.00200560968369, 0.0031659565866, 0.00220106146298, 0.0014679369051, 0.00142303248867, 0.00130636210088, 0.000960520992521, 0.000684476457536, 0.000233615981415, 0.000664213555865, 0.00113459106069, 0.00067595083965, 0.000347820780007, 0.000101586068922, 0.000253350503044, 0.000107851068606, 0.000142427161336, 0.000244719674811, 0.00020416987536, 0.000248119817115, 0.000433236156823, 0.000364629348041, 0.000375990610337, 0.000309525610646, 0.000147793063661], "mean": [0.00316694914363, 0.00524705229327, 0.001653135987, 0.000507516553625, 0.000299348757835, 0.000243429865805, 0.000138933581184, 9.87853782135e-05, 0.000115270690003, 0.000132202985696, 0.000168343103724, 0.00012924298062, 0.000136560833198, 6.39412610326e-05, 8.71588781592e-05, 6.64902909193e-05, 0.000109873595648, 9.06766726985e-05, 5.06009382661e-05, 3.3798343793e-05, 2.41843808908e-05, 2.53483212873e-05, 2.23045462917e-05, 1.13450605568e-05, 1.15527673188e-05, 1.99306741706e-05, 1.75863679033e-05, 1.04731716419e-05, 8.66075242811e-06, 1.21422554002e-05, 1.04980017568e-05, 1.13885698738e-05, 1.31552787934e-05, 1.05953095044e-05, 9.60123725235e-06, 1.39321373354e-05, 1.44391970025e-05, 7.55994233259e-06, 5.56335726287e-06, 3.1739748465e-06], "median": [0.000528766133357, 0.00159088918008, 0.000654481700622, 0.000252583617112, 0.000154198321979, 0.000130486601847, 7.62008930906e-05, 4.65683406219e-05, 4.57307141914e-05, 3.90633249481e-05, 4.78630390717e-05, 3.28198038915e-05, 2.38237262238e-05, 1.94732074306e-05, 2.9704602639e-05, 2.52722529694e-05, 2.50313441938e-05, 2.48816941166e-05, 1.59422143042e-05, 1.54144945554e-05, 1.33156645461e-05, 1.26983968585e-05, 1.25343094624e-05, 6.93419406161e-06, 6.7162573032e-06, 8.45785507408e-06, 7.57937004892e-06, 5.37696587344e-06, 5.20789717484e-06, 7.34366267352e-06, 6.70023518978e-06, 7.7655295172e-06, 8.68814368005e-06, 7.25363815945e-06, 5.54869620828e-06, 7.71010763856e-06, 7.59016438678e-06, 3.38229506269e-06, 2.23664687837e-06, 1.34242520744e-06], "min": [1.1662678381e-24, 2.28140171233e-24, 3.48073514832e-24, 4.647072702e-24, 2.17918249674e-24, 6.20055794442e-24, 5.66497266574e-24, 7.21164491095e-24, 1.1582223049e-23, 1.40529590699e-23, 5.76973931041e-24, 7.00099775001e-24, 5.86166724385e-24, 4.85902148344e-24, 8.36954046966e-24, 1.31376122072e-23, 9.14524554157e-24, 6.32808164849e-24, 7.34511780953e-24, 6.41275127274e-24, 6.9890504516e-24, 1.02432649798e-23, 7.36295711004e-24, 6.30719261172e-24, 8.43717030393e-24, 5.59522986754e-24, 8.28585652711e-24, 8.71386878846e-24, 1.03059880993e-23, 1.32398817127e-23, 1.02946056253e-23, 9.31195867211e-24, 8.29122078127e-24, 6.78468735664e-24, 1.2267672967e-23, 8.79495658977e-24, 9.17534610713e-24, 8.61100921503e-24, 7.73174485007e-24, 8.36681022207e-24], "var": [4.79478549096e-05, 9.41646794672e-05, 1.35335276354e-05, 6.12918654497e-07, 1.86201134511e-07, 1.34105150096e-07, 4.27987565388e-08, 3.42976775869e-08, 3.84303255885e-08, 5.72408893618e-08, 9.59587609373e-08, 6.48216911259e-08, 1.25480724478e-07, 1.68564593395e-08, 2.81286443027e-08, 1.80760686419e-08, 5.63401201248e-08, 3.53954590082e-08, 1.18661978021e-08, 4.43711201115e-09, 1.78009107454e-09, 2.13851047981e-09, 9.60321488996e-10, 1.98236330129e-10, 3.64961977306e-10, 2.22623697255e-09, 1.35902422649e-09, 3.26851518073e-10, 1.1119608706e-10, 2.31188360122e-10, 1.41396935827e-10, 1.46208017915e-10, 2.44115477832e-10, 1.43400555319e-10, 1.64007515902e-10, 4.0133082968e-10, 4.2419356916e-10, 2.12273115752e-10, 1.33121819124e-10, 4.59476102999e-11]}, "melbands_crest": {"dmean": 3.5845015049, "dmean2": 5.8730340004, "dvar": 10.5435819626, "dvar2": 26.023311615, "max": 29.885263443, "mean": 14.6263790131, "median": 14.3027191162, "min": 1.683801651, "var": 30.8860836029}, "melbands_flatness_db": {"dmean": 0.0348751582205, "dmean2": 0.0489845573902, "dvar": 0.00134424609132, "dvar2": 0.00240385811776, "max": 0.554519951344, "mean": 0.160100862384, "median": 0.143344447017, "min": 0.00632791873068, "var": 0.00566031271592}, "melbands_kurtosis": {"dmean": 18.6643562317, "dmean2": 27.3409900665, "dvar": 1823.12805176, "dvar2": 3610.17138672, "max": 1059.45495605, "mean": 26.4984951019, "median": 7.38863992691, "min": -1.89362430573, "var": 3871.51391602}, "melbands_skewness": {"dmean": 1.27860879898, "dmean2": 1.79345703125, "dvar": 2.55936908722, "dvar2": 4.69723844528, "max": 25.0334300995, "mean": 3.43855118752, "median": 2.5973572731, "min": -2.10713148117, "var": 8.84721374512}, "melbands_spread": {"dmean": 14.7135629654, "dmean2": 22.4828491211, "dvar": 442.712219238, "dvar2": 948.671081543, "max": 280.770141602, "mean": 39.31457901, "median": 34.6148071289, "min": 0.518656671047, "var": 1047.84606934}, "mfcc": {"cov": [[7581.11376953, -15.7754440308, -404.591186523, -284.431671143, -236.547241211, 7.28473091125, 25.6568756104, 37.9541091919, -65.8956375122, -15.1161289215, -66.7509689331, -101.982170105, -119.303886414], [-15.7754440308, 763.065856934, -137.367721558, 17.4823074341, 48.9296684265, 65.3068389893, 17.4156799316, 88.3938903809, 29.9676189423, 49.3102035522, 62.7079048157, 15.0090122223, -9.67033576965], [-404.591186523, -137.367721558, 614.567077637, 175.658508301, 122.557876587, 39.4800224304, 3.97044038773, 27.774105072, -6.93924236298, -30.4786491394, -3.9578897953, 32.5028572083, 12.7432126999], [-284.431671143, 17.4823074341, 175.658508301, 335.620788574, 152.593811035, 60.7312583923, 13.2055492401, -17.9441452026, 26.0143127441, 6.46160173416, -21.6462688446, 25.4919071198, 32.7901916504], [-236.547241211, 48.9296684265, 122.557876587, 152.593811035, 277.19418335, 74.5641860962, -51.3031158447, -26.3258419037, 43.3411521912, 47.6014480591, 8.42142009735, 14.673500061, 12.1345453262], [7.28473091125, 65.3068389893, 39.4800224304, 60.7312583923, 74.5641860962, 121.804405212, 56.0506095886, 38.9046783447, 12.6251220703, 20.2047214508, 11.3926258087, 14.4121770859, 3.61924386024], [25.6568756104, 17.4156799316, 3.97044038773, 13.2055492401, -51.3031158447, 56.0506095886, 197.245880127, 74.5481643677, 10.2432317734, -8.75136089325, 3.03312659264, 12.5989980698, 20.3348712921], [37.9541091919, 88.3938903809, 27.774105072, -17.9441452026, -26.3258419037, 38.9046783447, 74.5481643677, 140.371795654, 26.3082427979, 8.62290096283, 15.8850946426, 12.9576530457, -4.48419141769], [-65.8956375122, 29.9676189423, -6.93924236298, 26.0143127441, 43.3411521912, 12.6251220703, 10.2432317734, 26.3082427979, 100.034347534, 50.9729309082, 16.3250904083, -2.08227729797, 8.93555831909], [-15.1161289215, 49.3102035522, -30.4786491394, 6.46160173416, 47.6014480591, 20.2047214508, -8.75136089325, 8.62290096283, 50.9729309082, 107.098197937, 46.1076545715, 6.22698688507, 2.61554002762], [-66.7509689331, 62.7079048157, -3.9578897953, -21.6462688446, 8.42142009735, 11.3926258087, 3.03312659264, 15.8850946426, 16.3250904083, 46.1076545715, 91.4334182739, 26.5419330597, -4.63122272491], [-101.982170105, 15.0090122223, 32.5028572083, 25.4919071198, 14.673500061, 14.4121770859, 12.5989980698, 12.9576530457, -2.08227729797, 6.22698688507, 26.5419330597, 76.9338760376, 28.2136363983], [-119.303886414, -9.67033576965, 12.7432126999, 32.7901916504, 12.1345453262, 3.61924386024, 20.3348712921, -4.48419141769, 8.93555831909, 2.61554002762, -4.63122272491, 28.2136363983, 82.615196228]], "icov": [[0.000145495578181, 1.5273973986e-05, 6.79118020344e-05, 5.56191771466e-05, 8.59737265273e-05, -0.000135468842927, 2.14110223169e-05, -3.95184833906e-05, 7.70239785197e-05, -8.49547868711e-05, 0.000146327540278, 5.92591422901e-05, 0.000147562052007], [1.5273973986e-05, 0.00171338068321, 0.000649271707516, -0.000378578610253, -0.000344979896909, -0.000455545407021, 0.000412683875766, -0.00137682247441, 0.000286954105832, 0.000125629376271, -0.00109322788194, 0.000230214529438, -7.87616227171e-06], [6.79118020344e-05, 0.000649271707516, 0.00241866149008, -0.00105468602851, -0.000932339287829, 0.00017317844322, 0.00024019079865, -0.00145744392648, 0.000617560057435, 0.00104103295598, -0.000802440394182, -0.00019707858155, 0.000133299967274], [5.56191771466e-05, -0.000378578610253, -0.00105468602851, 0.00504446215928, -0.00183652783744, -0.000833021826111, -0.000946849293541, 0.00150978507008, -0.000948824803345, 4.86154531245e-05, 0.00194334494881, -0.00116001674905, -0.00057604588801], [8.59737265273e-05, -0.000344979896909, -0.000932339287829, -0.00183652783744, 0.00783109851182, -0.00486729154363, 0.0029469684232, 0.00187253276818, -0.0022640414536, -0.00160055409651, 0.00056088110432, -0.000251129677054, -0.000191474158783], [-0.000135468842927, -0.000455545407021, 0.00017317844322, -0.000833021826111, -0.00486729154363, 0.0148560479283, -0.00465820217505, -0.00260374345817, 0.00238089915365, -0.00158419075888, -0.000127889288706, -0.000729333609343, 0.00115883699618], [2.14110223169e-05, 0.000412683875766, 0.00024019079865, -0.000946849293541, 0.0029469684232, -0.00465820217505, 0.00868218112737, -0.00315831531771, -0.00088271353161, 0.00117998663336, -0.000609838520177, 0.00050323351752, -0.00226718350314], [-3.95184833906e-05, -0.00137682247441, -0.00145744392648, 0.00150978507008, 0.00187253276818, -0.00260374345817, -0.00315831531771, 0.0121224401519, -0.00386045640334, 0.000177379857632, 0.00065843842458, -0.0020837886259, 0.00184220203664], [7.70239785197e-05, 0.000286954105832, 0.000617560057435, -0.000948824803345, -0.0022640414536, 0.00238089915365, -0.00088271353161, -0.00386045640334, 0.0156121887267, -0.00664534466341, 4.97401233588e-05, 0.00242544687353, -0.0016416014405], [-8.49547868711e-05, 0.000125629376271, 0.00104103295598, 4.86154531245e-05, -0.00160055409651, -0.00158419075888, 0.00117998663336, 0.000177379857632, -0.00664534466341, 0.0170499999076, -0.00762089341879, 0.00119244365487, -0.000919649086427], [0.000146327540278, -0.00109322788194, -0.000802440394182, 0.00194334494881, 0.00056088110432, -0.000127889288706, -0.000609838520177, 0.00065843842458, 4.97401233588e-05, -0.00762089341879, 0.0180325079709, -0.0067275497131, 0.00308912247419], [5.92591422901e-05, 0.000230214529438, -0.00019707858155, -0.00116001674905, -0.000251129677054, -0.000729333609343, 0.00050323351752, -0.0020837886259, 0.00242544687353, 0.00119244365487, -0.0067275497131, 0.0186695512384, -0.00661778915673], [0.000147562052007, -7.87616227171e-06, 0.000133299967274, -0.00057604588801, -0.000191474158783, 0.00115883699618, -0.00226718350314, 0.00184220203664, -0.0016416014405, -0.000919649086427, 0.00308912247419, -0.00661778915673, 0.0157998036593]], "mean": [-608.715393066, 76.7108840942, 21.5737419128, 17.283618927, 10.8825874329, 18.9154663086, 0.135862484574, 8.50338459015, -0.676724910736, 6.26006364822, -1.44199979305, 0.704962909222, -4.18942832947]}, "pitch_salience": {"dmean": 0.0862905234098, "dmean2": 0.132346898317, "dvar": 0.00704875960946, "dvar2": 0.0152222868055, "max": 0.930637955666, "mean": 0.500798225403, "median": 0.518369078636, "min": 0.0684340074658, "var": 0.0193493347615}, "silence_rate_20dB": {"dmean": 0, "dmean2": 0, "dvar": 0, "dvar2": 0, "max": 1, "mean": 1, "median": 1, "min": 1, "var": 0}, "silence_rate_30dB": {"dmean": 0.0939661338925, "dmean2": 0.187954679132, "dvar": 0.0851404219866, "dvar2": 0.157393634319, "max": 1, "mean": 0.887087166309, "median": 1, "min": 0, "var": 0.100169122219}, "silence_rate_60dB": {"dmean": 0.0145480558276, "dmean2": 0.0290995817631, "dvar": 0.0143382614478, "dvar2": 0.0320623479784, "max": 1, "mean": 0.053892929107, "median": 0, "min": 0, "var": 0.0509833209217}, "spectral_centroid": {"dmean": 374.381408691, "dmean2": 563.520141602, "dvar": 190957.234375, "dvar2": 403036.25, "max": 11374.0087891, "mean": 1837.49328613, "median": 1782.18261719, "min": 183.590637207, "var": 623743.3125}, "spectral_complexity": {"dmean": 4.0775103569, "dmean2": 6.21848535538, "dvar": 20.0259857178, "dvar2": 44.8341751099, "max": 50, "mean": 20.0971736908, "median": 20, "min": 0, "var": 94.0521469116}, "spectral_contrast_coeffs": {"dmean": [0.05872111395, 0.0471809133887, 0.0409607850015, 0.0350545123219, 0.0249531082809, 0.0182618480176], "dmean2": [0.0962005853653, 0.0783600211143, 0.0644111037254, 0.0545005202293, 0.0380298830569, 0.0284645762295], "dvar": [0.00270713819191, 0.00139852217399, 0.00110818457324, 0.000827846000902, 0.000438587478129, 0.000244855764322], "dvar2": [0.00673340354115, 0.00377060845494, 0.00258088856936, 0.00187202752568, 0.000922318431549, 0.000566207338125], "max": [-0.330102860928, -0.418347835541, -0.484233647585, -0.514990568161, -0.581607341766, -0.653985738754], "mean": [-0.649933934212, -0.739774882793, -0.745242655277, -0.752255856991, -0.776831150055, -0.762833833694], "median": [-0.654126226902, -0.743558585644, -0.753479778767, -0.757429778576, -0.78046220541, -0.759807348251], "min": [-0.971508085728, -0.967502892017, -0.968373835087, -0.963792681694, -0.961296439171, -0.961896538734], "var": [0.00564048346132, 0.00402997946367, 0.00582866184413, 0.00441566016525, 0.00235452572815, 0.00117522547953]}, "spectral_contrast_valleys": {"dmean": [0.465974479914, 0.402484208345, 0.358889400959, 0.317033976316, 0.308573007584, 0.339368343353], "dmean2": [0.736170172691, 0.63284945488, 0.556084096432, 0.477570563555, 0.431018292904, 0.421900272369], "dvar": [0.178723216057, 0.149631798267, 0.130128696561, 0.105226963758, 0.120312295854, 0.151636168361], "dvar2": [0.381919771433, 0.323678344488, 0.262871742249, 0.199388429523, 0.206400856376, 0.223281338811], "max": [-5.15556192398, -5.25574827194, -5.55810976028, -5.97458934784, -5.90103769302, -6.88874769211], "mean": [-7.13312911987, -7.00406217575, -7.55493783951, -7.68475055695, -7.46314334869, -9.05384349823], "median": [-6.99801921844, -6.84801673889, -7.4026465416, -7.52388000488, -7.29367780685, -8.90512084961], "min": [-27.4829368591, -27.304063797, -27.2949237823, -27.5073299408, -27.3877429962, -27.2740516663], "var": [1.0609742403, 0.984471857548, 1.06344413757, 0.960849523544, 0.934850871563, 1.06484615803]}, "spectral_decrease": {"dmean": 5.36295186038e-09, "dmean2": 7.92468668465e-09, "dvar": 9.11311696818e-17, "dvar2": 1.92946614437e-16, "max": 1.19197256181e-19, "mean": -9.80328351829e-09, "median": -5.78386316619e-09, "min": -8.3038614207e-08, "var": 1.41152243778e-16}, "spectral_energy": {"dmean": 0.0209498982877, "dmean2": 0.0308223608881, "dvar": 0.00131707580294, "dvar2": 0.00279353442602, "max": 0.319427698851, "mean": 0.0405334755778, "median": 0.0257815551013, "min": 1.02255283764e-20, "var": 0.0020798870828}, "spectral_energyband_high": {"dmean": 0.00143299007323, "dmean2": 0.0019980748184, "dvar": 5.03792671225e-06, "dvar2": 9.94232141238e-06, "max": 0.0555045716465, "mean": 0.00311501417309, "median": 0.00214863126166, "min": 7.32996002394e-21, "var": 1.17062418212e-05}, "spectral_energyband_low": {"dmean": 0.0177688542753, "dmean2": 0.0259792227298, "dvar": 0.00122786010616, "dvar2": 0.00251599238254, "max": 0.301162451506, "mean": 0.0237156488001, "median": 0.00683460151777, "min": 1.10438420472e-23, "var": 0.00183112965897}, "spectral_energyband_middle_high": {"dmean": 0.00219579739496, "dmean2": 0.0031778186094, "dvar": 8.3169716163e-06, "dvar2": 1.7650620066e-05, "max": 0.0478929802775, "mean": 0.00699770264328, "median": 0.00458427891135, "min": 1.34817525246e-21, "var": 4.93046682095e-05}, "spectral_energyband_middle_low": {"dmean": 0.00557273486629, "dmean2": 0.00940681342036, "dvar": 0.000123423204059, "dvar2": 0.000340852013323, "max": 0.138408154249, "mean": 0.00861047022045, "median": 0.00620865402743, "min": 2.81230250619e-22, "var": 9.89315012703e-05}, "spectral_entropy": {"dmean": 0.160728320479, "dmean2": 0.237438261509, "dvar": 0.026554569602, "dvar2": 0.0549943074584, "max": 9.81789684296, "mean": 7.98435163498, "median": 7.98761606216, "min": 6.26424121857, "var": 0.0975067317486}, "spectral_flux": {"dmean": 0.0401675775647, "dmean2": 0.0635847598314, "dvar": 0.00290628755465, "dvar2": 0.00611969921738, "max": 0.507403492928, "mean": 0.113379091024, "median": 0.093604683876, "min": 6.47537717891e-11, "var": 0.00554527528584}, "spectral_kurtosis": {"dmean": 0.632944941521, "dmean2": 0.96815776825, "dvar": 0.447141319513, "dvar2": 1.02207970619, "max": 12.8356170654, "mean": 1.2027528286, "median": 1.0931801796, "min": -1.35914885998, "var": 1.17132711411}, "spectral_rms": {"dmean": 0.00137769547291, "dmean2": 0.0019352309173, "dvar": 3.48507751369e-06, "dvar2": 6.56224028717e-06, "max": 0.0176532361656, "mean": 0.00555427698418, "median": 0.0050152502954, "min": 3.15850037097e-12, "var": 8.6946911324e-06}, "spectral_rolloff": {"dmean": 1208.09326172, "dmean2": 1968.31347656, "dvar": 2997986.75, "dvar2": 6062457, "max": 19293.75, "mean": 2852.33911133, "median": 1937.98828125, "min": 86.1328125, "var": 6885131.5}, "spectral_skewness": {"dmean": 0.159219071269, "dmean2": 0.233650699258, "dvar": 0.0252232439816, "dvar2": 0.0507479272783, "max": 2.94029641151, "mean": 1.01143968105, "median": 1.01428341866, "min": -0.513949453831, "var": 0.0924765244126}, "spectral_spread": {"dmean": 706446.875, "dmean2": 974041.3125, "dvar": 596706394112, "dvar2": 1070340571140.0, "max": 41085196, "mean": 6510637, "median": 6249846.5, "min": 2701983.75, "var": 2552923947010.0}, "spectral_strongpeak": {"dmean": 0.709787011147, "dmean2": 1.212479949, "dvar": 1.75518882275, "dv