{"lowlevel": {"average_loudness": 0.819676339626, "barkbands": {"dmean": [0.000209637262742, 0.00428736396134, 0.00192048086319, 0.00135460717138, 0.00243722624145, 0.000760656839702, 0.000931217044126, 0.000702389050275, 0.000658336968627, 0.000574808858801, 0.000559184351005, 0.000453232758446, 0.000318525970215, 0.0003419444256, 0.000276572012808, 0.000236746418523, 0.000199965608772, 0.000146266043885, 0.000250170764048, 0.000157392365509, 0.000115286944492, 0.000132058441523, 6.28300913377e-05, 6.18830090389e-05, 8.52085941005e-05, 4.31087755715e-05, 4.24015488534e-05], "dmean2": [0.000327036716044, 0.00676660845056, 0.0032667806372, 0.00230383640155, 0.00409403955564, 0.00114632933401, 0.00143405178096, 0.00112830311991, 0.00100333523005, 0.000902615953237, 0.000850007811096, 0.000726047495846, 0.000493859464768, 0.0005306834355, 0.000443967612227, 0.00038169475738, 0.000323826592648, 0.000239441011217, 0.000398132950068, 0.000255886960076, 0.000186946126632, 0.000212897240999, 9.62003614404e-05, 9.4667680969e-05, 0.000133537876536, 6.96980350767e-05, 6.93729889463e-05], "dvar": [3.09723390046e-07, 0.000102112797322, 2.25948369916e-05, 7.15222768122e-06, 5.72764074604e-05, 1.97347480935e-06, 3.50254458681e-06, 2.24382642955e-06, 2.78711490864e-06, 3.83335827792e-06, 1.91353160517e-06, 3.15078978019e-06, 6.74435170822e-07, 7.75486967086e-07, 4.67029650508e-07, 4.88295427203e-07, 2.32498607033e-07, 1.84035783946e-07, 4.99811790178e-07, 2.18202046653e-07, 2.69591652113e-07, 1.40884097277e-07, 3.1252817223e-08, 2.69334545777e-08, 5.80718690912e-08, 1.77934396106e-08, 1.78299579545e-08], "dvar2": [7.07734216121e-07, 0.000247251387918, 6.45133986836e-05, 1.99363330466e-05, 0.000159044124302, 4.21585127697e-06, 9.15810960578e-06, 5.98663200435e-06, 7.22352069715e-06, 1.03967850009e-05, 4.39202494817e-06, 8.46036618896e-06, 1.62786852798e-06, 1.9426659037e-06, 1.23189954593e-06, 1.26695294966e-06, 6.06518824497e-07, 4.83964981868e-07, 1.30841453938e-06, 5.69836458908e-07, 7.21893172795e-07, 3.56848971705e-07, 7.26349824731e-08, 6.2795614042e-08, 1.42016006066e-07, 4.50493260473e-08, 4.49655424006e-08], "max": [0.00838589202613, 0.116098120809, 0.0521188080311, 0.0345253758132, 0.115521505475, 0.030334783718, 0.0272140651941, 0.0325078442693, 0.0331662148237, 0.0418354533613, 0.0331098288298, 0.0509852729738, 0.0153087712824, 0.0149111803621, 0.011965203099, 0.0141982212663, 0.00799727998674, 0.00885006599128, 0.0126750683412, 0.00925566349179, 0.00942065846175, 0.00572584290057, 0.00333570619114, 0.003403050825, 0.00400761282071, 0.0022445670329, 0.00168185727671], "mean": [0.00028324930463, 0.00753533281386, 0.00340416142717, 0.00196138140745, 0.00324752810411, 0.00139372877311, 0.00154933449812, 0.00106836506166, 0.0010462992359, 0.000797658227384, 0.000851702236105, 0.000575944548473, 0.000458215799881, 0.000470895174658, 0.000386894011172, 0.000305350986309, 0.000281102576992, 0.000180708171683, 0.000299829203868, 0.000185608674656, 0.000128128318465, 0.000138591378345, 7.72665225668e-05, 7.35937064746e-05, 8.16977699287e-05, 3.79749799322e-05, 3.33651951223e-05], "median": [7.09231098881e-05, 0.00470622442663, 0.00174763053656, 0.00092057994334, 0.0014244238846, 0.000651830865536, 0.000685332342982, 0.000408769177739, 0.000330496986862, 0.000198624446057, 0.000244683324127, 0.000130337692099, 0.000130789354444, 0.000144018005813, 0.000122635930893, 8.75499245012e-05, 0.000103608850623, 6.09264388913e-05, 7.47723970562e-05, 5.05870848428e-05, 2.89955969492e-05, 2.42048208747e-05, 1.29704358187e-05, 1.0916557585e-05, 6.13301199337e-06, 2.24458972298e-06, 6.80795551489e-07], "min": [2.10321172058e-23, 7.261257951e-24, 2.22522452125e-23, 1.77951321886e-24, 4.87510990717e-23, 3.08165167854e-23, 8.76837197726e-23, 5.15073853854e-23, 8.66934342793e-23, 1.10275610626e-22, 5.91321425529e-23, 8.86206214708e-23, 1.54473656988e-22, 1.16832672957e-22, 1.29882893575e-22, 1.58025197135e-22, 1.83531935344e-22, 2.491552167e-22, 2.54340670798e-22, 3.75716879647e-22, 5.47715946235e-22, 5.86521743346e-22, 9.43488244935e-22, 8.34153234187e-22, 1.16813452519e-21, 1.2896992781e-21, 2.3180460353e-21], "var": [3.38723964433e-07, 0.00011937518866, 2.32255388255e-05, 1.01480245576e-05, 4.7826244554e-05, 4.95778294862e-06, 5.14310750077e-06, 3.07370964947e-06, 4.39616724179e-06, 3.87478439734e-06, 3.65906066691e-06, 2.67912764684e-06, 1.01147668374e-06, 9.9150031474e-07, 6.279566378e-07, 4.90134596021e-07, 2.90524667435e-07, 1.71526750137e-07, 4.71211848208e-07, 2.03530731824e-07, 2.27317613621e-07, 1.48478946471e-07, 4.61295250886e-08, 3.52337252707e-08, 5.69584344134e-08, 1.57643889054e-08, 1.47383047988e-08]}, "barkbands_crest": {"dmean": 2.65105676651, "dmean2": 4.26819419861, "dvar": 7.68187856674, "dvar2": 19.9530544281, "max": 25.1574230194, "mean": 9.54747676849, "median": 8.64588069916, "min": 2.35074400902, "var": 16.7854919434}, "barkbands_flatness_db": {"dmean": 0.0265563242137, "dmean2": 0.0360885486007, "dvar": 0.000972777139395, "dvar2": 0.00180493085645, "max": 0.378522664309, "mean": 0.140039131045, "median": 0.128851801157, "min": 0.0184518061578, "var": 0.00457325717434}, "barkbands_kurtosis": {"dmean": 4.03033065796, "dmean2": 6.34605693817, "dvar": 83.106010437, "dvar2": 215.757385254, "max": 170.012405396, "mean": 6.21902942657, "median": 2.30196142197, "min": -1.87376523018, "var": 133.271743774}, "barkbands_skewness": {"dmean": 0.604227364063, "dmean2": 0.923087537289, "dvar": 0.555405855179, "dvar2": 1.31967353821, "max": 10.8903169632, "mean": 1.78448140621, "median": 1.52408766747, "min": -9.20022678375, "var": 1.71978974342}, "barkbands_spread": {"dmean": 6.59545707703, "dmean2": 9.81932258606, "dvar": 96.1544189453, "dvar2": 207.501617432, "max": 134.171646118, "mean": 20.2638893127, "median": 16.283416748, "min": 0.797637760639, "var": 295.775787354}, "dissonance": {"dmean": 0.0199078246951, "dmean2": 0.0328767038882, "dvar": 0.000336041295668, "dvar2": 0.000854367564898, "max": 0.500000178814, "mean": 0.461538434029, "median": 0.467825293541, "min": 0.284331560135, "var": 0.000765346281696}, "dynamic_complexity": 4.65487861633, "erbbands": {"dmean": [0.148146420717, 0.939980149269, 1.9888381958, 3.6527774334, 5.0424747467, 10.6839036942, 7.49062013626, 6.43632888794, 10.5817213058, 17.6097431183, 12.9106168747, 17.2639846802, 19.2371730804, 15.3655872345, 20.6464939117, 19.1883277893, 15.0611448288, 17.8937683105, 14.1895132065, 13.6684799194, 11.9074621201, 9.91646766663, 8.24295806885, 10.5282764435, 11.9814252853, 7.22104406357, 5.21141624451, 4.39922475815, 4.92759990692, 2.97159576416, 1.79209792614, 1.23875319958, 1.11376321316, 0.96728181839, 0.60344171524, 0.198666200042, 0.0820713117719, 0.0226634405553, 0.00607304275036, 0.000638541358057], "dmean2": [0.232111662626, 1.51451015472, 3.41102957726, 6.11777305603, 8.2430934906, 18.420375824, 11.8778409958, 9.96166324615, 16.3099727631, 27.6985168457, 20.485502243, 26.2551879883, 31.0470981598, 22.559709549, 31.2083721161, 30.4102287292, 23.0603199005, 27.4257907867, 22.5967845917, 21.8017139435, 19.1540088654, 15.9200954437, 13.4447078705, 16.8150653839, 19.2648010254, 11.7577838898, 8.46223640442, 7.04666900635, 8.03534317017, 4.68946123123, 2.73055171967, 1.91732096672, 1.71801376343, 1.50950682163, 0.954442024231, 0.319426029921, 0.133559986949, 0.0365805514157, 0.00992562435567, 0.0010516155744], "dvar": [0.13144595921, 4.99788999557, 26.0540504456, 58.4164428711, 76.6162567139, 1555.04382324, 340.721832275, 153.866775513, 550.761352539, 1019.72076416, 1201.38220215, 1917.47875977, 5961.80957031, 1818.0045166, 2007.28845215, 5498.48193359, 1518.38024902, 1854.38452148, 1504.60461426, 1303.3704834, 1232.53820801, 658.433288574, 538.805786133, 910.287231445, 1270.22949219, 498.382171631, 500.813415527, 325.912353516, 219.426742554, 74.2597045898, 24.2071933746, 11.5863819122, 8.98915481567, 7.10370445251, 3.09026956558, 0.372292608023, 0.0668654292822, 0.00492982519791, 0.000372125185095, 4.06639674111e-06], "dvar2": [0.318319916725, 12.7897129059, 74.0117340088, 161.063049316, 190.070632935, 4370.78808594, 837.408569336, 372.390533447, 1397.56689453, 2607.93212891, 3254.17358398, 4904.82275391, 16540.9765625, 3787.9934082, 4622.59130859, 14936.71875, 3677.51953125, 4509.8515625, 3893.95922852, 3299.41088867, 3232.13818359, 1701.2467041, 1412.84191895, 2363.49584961, 3368.69335938, 1309.46899414, 1344.36437988, 857.267333984, 560.283203125, 183.40574646, 56.3228797913, 28.0114707947, 21.1262454987, 17.1982364655, 7.66541290283, 0.949188649654, 0.168689265847, 0.0122461467981, 0.000941728998441, 1.03312722786e-05], "max": [4.69559955597, 27.2256813049, 50.1904182434, 96.7569656372, 121.394546509, 576.50604248, 323.880584717, 273.651611328, 450.162750244, 576.702331543, 896.449951172, 916.823120117, 1553.11413574, 918.276855469, 944.801513672, 2279.03979492, 751.478027344, 645.465454102, 616.408508301, 743.089355469, 676.143798828, 409.944213867, 350.531890869, 622.692565918, 598.139892578, 417.353942871, 443.195281982, 391.317718506, 243.102111816, 153.450378418, 111.41368866, 89.2989654541, 71.1553192139, 44.6949539185, 27.3855304718, 11.1829385757, 3.57122755051, 1.3352124691, 0.263786643744, 0.0262017101049], "mean": [0.240813091397, 1.59709692001, 3.79737067223, 5.91188192368, 7.93090248108, 11.9870882034, 10.8002519608, 11.5312509537, 17.781539917, 28.7035446167, 21.036397934, 27.9637641907, 25.6127700806, 24.754650116, 34.0886955261, 26.0683326721, 22.8164253235, 26.4783840179, 19.9060268402, 19.6678619385, 15.9566764832, 14.1570501328, 10.897192955, 13.2691993713, 14.0858974457, 8.64731788635, 5.95158052444, 4.8072977066, 5.06930017471, 3.36998152733, 2.17921233177, 1.49538588524, 1.27526414394, 0.97055798769, 0.55073851347, 0.178255498409, 0.0707624405622, 0.0194943472743, 0.00483923545107, 0.000509625242557], "median": [0.0984294861555, 1.07609510422, 2.16128492355, 3.1510643959, 3.92260479927, 4.45723628998, 4.61912345886, 5.18629741669, 7.22966098785, 11.0445947647, 8.37488746643, 9.13117980957, 7.29026031494, 7.10906648636, 11.2759218216, 6.86377048492, 7.45111322403, 8.85840606689, 6.34643411636, 6.57061958313, 5.10722160339, 5.18124485016, 4.0380859375, 3.77291226387, 3.56635665894, 2.61351156235, 1.47895777225, 1.01977705956, 0.824283480644, 0.61628973484, 0.347832262516, 0.229078292847, 0.17311117053, 0.0861563980579, 0.0351920872927, 0.0120659917593, 0.00355059839785, 0.000816570362076, 0.000128048326587, 3.81833633583e-05], "min": [1.95552875497e-22, 2.34214615247e-21, 1.90846012329e-20, 1.78550990343e-20, 3.85843631228e-20, 2.36261006768e-19, 2.54614516049e-19, 2.5070800051e-19, 1.25337332565e-18, 1.07042072309e-18, 1.44298990202e-18, 1.90163652947e-18, 1.66560560816e-18, 3.61603204189e-18, 3.93400109654e-18, 3.23614169416e-18, 5.69045957029e-18, 6.14431992392e-18, 4.41903209719e-18, 1.1494314022e-17, 7.3282792511e-18, 1.18875920812e-17, 1.42994960646e-17, 9.27899861017e-18, 1.50179189702e-17, 2.01724006588e-17, 2.13591417944e-17, 2.18217458606e-17, 1.97268249326e-17, 2.8375090881e-17, 2.30751015053e-17, 1.24303698012e-17, 1.90383211497e-17, 1.32126361608e-17, 8.42832358668e-18, 5.59269343933e-18, 2.15783359713e-18, 1.10415128732e-18, 2.90754450601e-19, 3.37291069639e-20], "var": [0.157906278968, 5.2239317894, 26.396900177, 81.1894378662, 147.217544556, 1103.77880859, 464.965942383, 327.217987061, 868.10333252, 1830.22033691, 1370.8392334, 3231.45410156, 5091.40039062, 3216.68115234, 4533.7109375, 4675.7890625, 2280.41748047, 2759.47021484, 1803.11499023, 1816.83447266, 1200.18859863, 762.012084961, 517.01184082, 911.559143066, 1105.40905762, 453.648773193, 426.970672607, 289.358795166, 223.550964355, 89.9404907227, 35.0284118652, 15.1789827347, 10.9461374283, 7.29454898834, 2.8740503788, 0.326704859734, 0.0593408532441, 0.00447103381157, 0.000308979942929, 3.25818132296e-06]}, "erbbands_crest": {"dmean": 2.31135821342, "dmean2": 3.73138046265, "dvar": 5.20356798172, "dvar2": 12.2440004349, "max": 29.2804336548, "mean": 7.68165636063, "median": 6.78717041016, "min": 1.88739037514, "var": 12.6723632812}, "erbbands_flatness_db": {"dmean": 0.0208393726498, "dmean2": 0.028125282377, "dvar": 0.000570572912693, "dvar2": 0.000977801159024, "max": 0.353316515684, "mean": 0.14675553143, "median": 0.146589353681, "min": 0.0196973923594, "var": 0.00220134947449}, "erbbands_kurtosis": {"dmean": 0.754741311073, "dmean2": 1.17855095863, "dvar": 0.98233884573, "dvar2": 2.15209913254, "max": 17.3615589142, "mean": 0.262196063995, "median": -0.264934897423, "min": -1.69865477085, "var": 2.78434538841}, "erbbands_skewness": {"dmean": 0.331422626972, "dmean2": 0.5053139925, "dvar": 0.0989612489939, "dvar2": 0.214121744037, "max": 3.49114632607, "mean": 0.385129541159, "median": 0.343032598495, "min": -3.04307603836, "var": 0.373315006495}, "erbbands_spread": {"dmean": 9.0077381134, "dmean2": 13.5311994553, "dvar": 111.605560303, "dvar2": 235.812530518, "max": 145.058563232, "mean": 38.0931549072, "median": 35.46509552, "min": 5.30089759827, "var": 323.046356201}, "gfcc": {"cov": [[17062.7773438, -337.215881348, -812.947387695, -21.5640735626, -326.637054443, 267.145263672, -256.442657471, 255.223266602, -56.3780250549, 106.403236389, -171.634002686, 41.4654541016, -63.435710907], [-337.215881348, 2459.015625, -29.6759700775, 456.549865723, 511.558105469, 1.60931408405, 384.785186768, 63.2713394165, 156.379089355, -66.598777771, 153.041610718, -139.162322998, 18.1672592163], [-812.947387695, -29.6759700775, 974.838378906, 237.554428101, 347.532196045, 125.069084167, 146.29460144, 103.247512817, 108.455154419, 13.8112039566, 15.6675701141, -7.71224308014, -10.7413034439], [-21.5640735626, 456.549865723, 237.554428101, 433.463195801, 229.231109619, 59.8970565796, 112.703666687, 53.0234413147, 58.2952537537, -8.18811130524, 27.3861789703, -27.6706542969, 12.4495754242], [-326.637054443, 511.558105469, 347.532196045, 229.231109619, 427.662322998, 66.7473983765, 173.322372437, 88.8204574585, 102.191345215, 15.2897033691, 50.6527671814, -40.0948524475, -2.55526900291], [267.145263672, 1.60931408405, 125.069084167, 59.8970565796, 66.7473983765, 185.104980469, 67.6912002563, 30.2442131042, 20.6221485138, 21.1787014008, 11.016166687, 6.32482004166, -8.60378932953], [-256.442657471, 384.785186768, 146.29460144, 112.703666687, 173.322372437, 67.6912002563, 198.181564331, 53.3076667786, 48.6974868774, -1.66432011127, 43.3496055603, -18.167924881, -5.29559707642], [255.223266602, 63.2713394165, 103.247512817, 53.0234413147, 88.8204574585, 30.2442131042, 53.3076667786, 111.968582153, 55.9542884827, 25.5735263824, 12.6282453537, -6.41847038269, -1.11221659184], [-56.3780250549, 156.379089355, 108.455154419, 58.2952537537, 102.191345215, 20.6221485138, 48.6974868774, 55.9542884827, 105.045578003, 35.6486816406, 23.732925415, -12.3772659302, 2.75751113892], [106.403236389, -66.598777771, 13.8112039566, -8.18811130524, 15.2897033691, 21.1787014008, -1.66432011127, 25.5735263824, 35.6486816406, 67.5694580078, 25.2237663269, 8.97096633911, -1.31178855896], [-171.634002686, 153.041610718, 15.6675701141, 27.3861789703, 50.6527671814, 11.016166687, 43.3496055603, 12.6282453537, 23.732925415, 25.2237663269, 69.4029769897, 12.0147600174, 5.9039311409], [41.4654541016, -139.162322998, -7.71224308014, -27.6706542969, -40.0948524475, 6.32482004166, -18.167924881, -6.41847038269, -12.3772659302, 8.97096633911, 12.0147600174, 58.9070129395, 23.2254333496], [-63.435710907, 18.1672592163, -10.7413034439, 12.4495754242, -2.55526900291, -8.60378932953, -5.29559707642, -1.11221659184, 2.75751113892, -1.31178855896, 5.9039311409, 23.2254333496, 48.2139015198]], "icov": [[7.73178908275e-05, -4.57464957435e-05, 8.15496605355e-05, -3.88631015085e-05, 1.73996922967e-05, -0.000167769248947, 0.000173863227246, -0.00032205201569, 0.000109410757432, -0.000148086532135, 0.000289662886644, -0.000207845951081, 0.000184185744729], [-4.57464957435e-05, 0.00126878684387, 0.000626587425359, -0.00056295451941, -0.000710930326022, 0.000360070465831, -0.00135217804927, 0.000731594045646, -0.00128033210058, 0.00206587277353, -0.00227580568753, 0.00228159013204, -0.001049348386], [8.15496605355e-05, 0.000626587425359, 0.00210651662201, -0.000631945149507, -0.00153121224139, -0.000557818391826, -0.000413572299294, -0.000305067136651, -0.0013089509448, 0.00133377953898, 0.000108316671685, -0.00047750811791, 0.00059842626797], [-3.88631015085e-05, -0.00056295451941, -0.000631945149507, 0.00378328072838, -0.000939972698689, -0.000631956500001, 0.000340566941304, -0.000300456158584, 0.000341304956237, 0.000275480851997, 0.000251082208706, 0.000391193520045, -0.00132002762984], [1.73996922967e-05, -0.000710930326022, -0.00153121224139, -0.000939972698689, 0.00634394446388, 4.09730055253e-05, -0.00171729759313, -0.00115229538642, -0.000906158646103, -0.00111132615712, -0.000552694837097, 0.00154870678671, -0.000336078228429], [-0.000167769248947, 0.000360070465831, -0.000557818391826, -0.000631956500001, 4.09730055253e-05, 0.00759099330753, -0.00332550401799, 0.000687292544171, 0.00040133431321, -0.00236609997228, 0.000733398774173, -0.00129142543301, 0.00113484286703], [0.000173863227246, -0.00135217804927, -0.000413572299294, 0.000340566941304, -0.00171729759313, -0.00332550401799, 0.0120217287913, -0.00343635631725, 0.000497960252687, 0.00252720038407, -0.00278608477674, -0.00122387101874, 0.00208587688394], [-0.00032205201569, 0.000731594045646, -0.000305067136651, -0.000300456158584, -0.00115229538642, 0.000687292544171, -0.00343635631725, 0.0153030585498, -0.00569267570972, -0.00185953965411, 0.000417216971982, 0.000857247970998, -0.000841669156216], [0.000109410757432, -0.00128033210058, -0.0013089509448, 0.000341304956237, -0.000906158646103, 0.00040133431321, 0.000497960252687, -0.00569267570972, 0.0196784883738, -0.0100917285308, 0.00135554606095, 0.00209484016523, -0.00238154828548], [-0.000148086532135, 0.00206587277353, 0.00133377953898, 0.000275480851997, -0.00111132615712, -0.00236609997228, 0.00252720038407, -0.00185953965411, -0.0100917285308, 0.028519641608, -0.0125775784254, 0.000883669825271, 0.00147390447091], [0.000289662886644, -0.00227580568753, 0.000108316671685, 0.000251082208706, -0.000552694837097, 0.000733398774173, -0.00278608477674, 0.000417216971982, 0.00135554606095, -0.0125775784254, 0.0277988854796, -0.0112020093948, 0.0025755490642], [-0.000207845951081, 0.00228159013204, -0.00047750811791, 0.000391193520045, 0.00154870678671, -0.00129142543301, -0.00122387101874, 0.000857247970998, 0.00209484016523, 0.000883669825271, -0.0112020093948, 0.0324190407991, -0.0159444380552], [0.000184185744729, -0.001049348386, 0.00059842626797, -0.00132002762984, -0.000336078228429, 0.00113484286703, 0.00208587688394, -0.000841669156216, -0.00238154828548, 0.00147390447091, 0.0025755490642, -0.0159444380552, 0.0297888293862]], "mean": [-34.6004943848, 102.147575378, -107.702781677, 22.9622058868, -49.3602256775, 6.41571474075, -29.2548217773, 5.08280706406, -19.5451526642, 0.510058522224, -10.0884943008, -3.08375787735, -9.73195266724]}, "hfc": {"dmean": 9.57887935638, "dmean2": 14.1843538284, "dvar": 518.662780762, "dvar2": 1280.92077637, "max": 302.451690674, "mean": 16.9079475403, "median": 9.42206001282, "min": 1.13248887383e-16, "var": 626.897827148}, "melbands": {"dmean": [0.00124265230261, 0.00105060532223, 0.0006455515977, 0.000543284229934, 0.00032203036244, 0.000142699835123, 0.000169527105754, 0.000182879826752, 0.000103499565739, 0.000105210230686, 9.446322656e-05, 5.9674228396e-05, 7.75098524173e-05, 5.71571326873e-05, 3.78995573556e-05, 3.31688861479e-05, 3.3383104892e-05, 2.28157332458e-05, 1.83582797035e-05, 1.91967337742e-05, 1.40374086186e-05, 1.15616167022e-05, 8.97621794138e-06, 7.42949896448e-06, 9.04637545318e-06, 9.86207214737e-06, 7.44549879528e-06, 4.34716230302e-06, 3.32521517521e-06, 2.95424274555e-06, 2.50976177085e-06, 2.94748588203e-06, 2.32509296438e-06, 1.3907409766e-06, 1.08479252958e-06, 8.64099718001e-07, 7.26029952602e-07, 7.49398566313e-07, 8.33503463582e-07, 8.49283765092e-07], "dmean2": [0.00194387650117, 0.00174100825097, 0.00107473391108, 0.000915859593078, 0.000528440461494, 0.000217965440243, 0.00026149279438, 0.000288589246338, 0.000161165575264, 0.000161419186043, 0.000153236920596, 8.83141183294e-05, 0.00011811243894, 9.24468768062e-05, 5.86356509302e-05, 5.03681148984e-05, 5.16746003996e-05, 3.65966516256e-05, 2.94587152894e-05, 3.08527887682e-05, 2.27986747632e-05, 1.87390651263e-05, 1.47910568558e-05, 1.23264399008e-05, 1.46698494063e-05, 1.59777300723e-05, 1.2280734154e-05, 7.16184695193e-06, 5.44810336578e-06, 4.89928015668e-06, 4.02149771617e-06, 4.84814881929e-06, 3.77661854145e-06, 2.18142622543e-06, 1.66222253029e-06, 1.34466938562e-06, 1.1379265743e-06, 1.14819579267e-06, 1.31069430154e-06, 1.3314656826e-06], "dvar": [8.85671670403e-06, 6.75094634062e-06, 1.58729051236e-06, 2.49897811955e-06, 9.38030893849e-07, 7.05354921138e-08, 1.41408960985e-07, 1.12543659725e-07, 7.11113088414e-08, 7.635118493e-08, 1.45414531971e-07, 2.72986220295e-08, 3.03185423434e-08, 5.46924603384e-08, 1.11645972467e-08, 5.98225691206e-09, 6.36492858419e-09, 4.46579750957e-09, 2.49016496312e-09, 2.76381295627e-09, 1.5932321018e-09, 8.82333595076e-10, 5.65095692462e-10, 4.43663383809e-10, 6.76831812818e-10, 8.42363623299e-10, 5.07857755849e-10, 1.97313887451e-10, 1.86544960035e-10, 1.93083271594e-10, 9.20777135094e-11, 7.55019241572e-11, 4.78998785081e-11, 1.76731268509e-11, 1.00943689171e-11, 5.04098759263e-12, 4.48427623159e-12, 4.1410082828e-12, 5.60936973953e-12, 5.6474885532e-12], "dvar2": [2.13040912058e-05, 1.83197043953e-05, 4.35525498688e-06, 6.88856562192e-06, 2.55307440966e-06, 1.63761470162e-07, 3.64828679267e-07, 2.89388111696e-07, 1.89247828075e-07, 1.99170244741e-07, 4.04189336223e-07, 5.72827119072e-08, 7.17139982953e-08, 1.4770613177e-07, 2.79245302437e-08, 1.40795508585e-08, 1.55653019362e-08, 1.15854392746e-08, 6.58535714848e-09, 7.02720948098e-09, 4.20537960011e-09, 2.31403585182e-09, 1.48941126099e-09, 1.17509024733e-09, 1.76843517607e-09, 2.22731277866e-09, 1.36025790631e-09, 5.1862314443e-10, 4.97531571497e-10, 5.24065957297e-10, 2.38995878643e-10, 1.91824167661e-10, 1.23505483618e-10, 4.30928903672e-11, 2.3647835426e-11, 1.22049167647e-11, 1.09173208668e-11, 9.74196071035e-12, 1.372189775e-11, 1.37860131297e-11], "max": [0.0357323251665, 0.0258622318506, 0.0154725052416, 0.0225210599601, 0.0153693733737, 0.00596268149093, 0.00655548879877, 0.00629178993404, 0.00685896119103, 0.00556192919612, 0.00771304313093, 0.00351604190655, 0.00376308476552, 0.00604035099968, 0.00255273468792, 0.00116709421854, 0.00115922593977, 0.00128173921257, 0.00102933938615, 0.00106275489088, 0.000771781255025, 0.000546166324057, 0.000377295596991, 0.000355967902578, 0.000546580355149, 0.000529601122253, 0.000436664500739, 0.000280478503555, 0.00025519891642, 0.00026634891401, 0.000217316119233, 0.000129958832986, 0.000125765844132, 8.30722274259e-05, 7.44075659895e-05, 3.22095293086e-05, 6.18033518549e-05, 5.50195909454e-05, 4.35714391642e-05, 3.77623036911e-05], "mean": [0.00211353111081, 0.00206136470661, 0.00106793362647, 0.000728791579604, 0.000424963887781, 0.000261362001766, 0.000283356494037, 0.000296684185741, 0.000168695682078, 0.000166214624187, 0.000121972196212, 9.31682516239e-05, 0.000123373130918, 7.29427410988e-05, 5.44657013961e-05, 4.89754784212e-05, 4.76750901726e-05, 3.06368310703e-05, 2.52459867625e-05, 2.57977990259e-05, 1.76800931513e-05, 1.56244059326e-05, 1.15563043437e-05, 8.88399245014e-06, 1.08241720227e-05, 1.13404785225e-05, 8.32376099424e-06, 5.0407679737e-06, 3.81646395908e-06, 3.11270378006e-06, 2.69905945061e-06, 2.96116718346e-06, 2.44489569923e-06, 1.61342109095e-06, 1.29056036258e-06, 1.0242283679e-06, 8.60238685618e-07, 8.72738723956e-07, 8.70899441452e-07, 8.21390301553e-07], "median": [0.00112049211748, 0.00147418573033, 0.000624084961601, 0.000326787529048, 0.000181548544788, 0.000117977324408, 0.000122051271319, 0.00011528142204, 6.22285588179e-05, 5.15327483299e-05, 3.17736521538e-05, 2.36095220316e-05, 3.85893436032e-05, 1.70195562532e-05, 1.72330983332e-05, 1.50670402945e-05, 1.49142570081e-05, 9.02570172912e-06, 7.98817018222e-06, 7.87557110016e-06, 5.2702089306e-06, 5.39303391633e-06, 4.01920897275e-06, 2.96572579828e-06, 2.84715952148e-06, 2.7646133276e-06, 2.14660053643e-06, 1.42996066188e-06, 9.21277262478e-07, 6.6815965738e-07, 5.29403621385e-07, 4.5359519163e-07, 4.13888102457e-07, 2.89793376851e-07, 1.94654262486e-07, 1.63263095487e-07, 1.2561793028e-07, 1.27160745933e-07, 9.6747896805e-08, 6.30716314731e-08], "min": [3.12758539245e-24, 7.82621331005e-24, 3.27940404024e-24, 9.72306012223e-24, 9.37780173642e-24, 5.35269970982e-24, 1.93129384356e-23, 1.20741456654e-23, 1.35798160762e-23, 1.12633946589e-23, 9.05135689435e-24, 1.55748405724e-23, 1.03552453631e-23, 1.02930854903e-23, 9.44660302913e-24, 1.62132972574e-23, 1.12711404842e-23, 7.62398802814e-24, 1.07180393379e-23, 1.64886586227e-23, 6.52409267862e-24, 1.15499310278e-23, 1.42611994163e-23, 1.02926358396e-23, 6.86449641442e-24, 9.98963594363e-24, 9.32673088142e-24, 1.51871201706e-23, 1.32996316153e-23, 1.23187840539e-23, 1.29980650796e-23, 1.0408488741e-23, 1.28364787561e-23, 1.82988561642e-23, 1.40478661839e-23, 9.75312992222e-24, 6.78918701924e-24, 1.32506543972e-23, 1.2125270163e-23, 1.09105923963e-23], "var": [1.05232538772e-05, 6.96455344951e-06, 2.23987512982e-06, 2.16502644435e-06, 8.62476440489e-07, 1.64997359775e-07, 2.09057560596e-07, 1.98815371277e-07, 8.8086096639e-08, 1.1930154642e-07, 1.22527978874e-07, 4.87480669165e-08, 6.61428103399e-08, 4.53305375459e-08, 1.43082257154e-08, 9.56389722973e-09, 9.401291301e-09, 4.99004437771e-09, 2.89436874468e-09, 3.44136008579e-09, 1.53680135284e-09, 1.00237851353e-09, 5.74971126266e-10, 4.09506900612e-10, 6.6423228029e-10, 7.4351674817e-10, 4.25949914229e-10, 1.8026709292e-10, 1.65482058612e-10, 1.53384943635e-10, 8.47264758352e-11, 7.64672561382e-11, 4.93256858969e-11, 2.25250703506e-11, 1.40065398516e-11, 6.77120729278e-12, 5.59886382048e-12, 5.19357430326e-12, 5.83195991499e-12, 5.57802502105e-12]}, "melbands_crest": {"dmean": 3.24229955673, "dmean2": 5.13635396957, "dvar": 10.0577821732, "dvar2": 24.2672920227, "max": 33.3185386658, "mean": 13.8829774857, "median": 13.0590400696, "min": 1.74388635159, "var": 29.2239933014}, "melbands_flatness_db": {"dmean": 0.0330991186202, "dmean2": 0.0454622656107, "dvar": 0.0014223222388, "dvar2": 0.00267357286066, "max": 0.526842415333, "mean": 0.221493527293, "median": 0.209305852652, "min": 0.00468519655988, "var": 0.00825710967183}, "melbands_kurtosis": {"dmean": 8.30073642731, "dmean2": 12.8759269714, "dvar": 251.91116333, "dvar2": 634.744934082, "max": 249.529022217, "mean": 15.7579698563, "median": 8.22015762329, "min": -1.77225112915, "var": 440.799468994}, "melbands_skewness": {"dmean": 0.772903501987, "dmean2": 1.16029000282, "dvar": 0.796337485313, "dvar2": 1.78430902958, "max": 12.4935121536, "mean": 2.81850028038, "median": 2.48124885559, "min": -2.04947662354, "var": 2.61777615547}, "melbands_spread": {"dmean": 6.41215991974, "dmean2": 9.7186126709, "dvar": 92.094619751, "dvar2": 207.281524658, "max": 219.477523804, "mean": 19.3424892426, "median": 16.2800788879, "min": 0.570708751678, "var": 273.998413086}, "mfcc": {"cov": [[12400.0068359, -61.7407608032, -528.025878906, -208.276123047, -141.886367798, -21.5418052673, -89.7923202515, -0.349925816059, 41.1843948364, 3.35062670708, 25.3613357544, -43.3622322083, 44.7992553711], [-61.7407608032, 1920.98962402, -50.867729187, 504.217346191, 209.776245117, 150.631271362, 238.509292603, 174.415802002, 104.621665955, 169.040084839, 84.6382217407, 75.0753860474, 65.3069610596], [-528.025878906, -50.867729187, 540.52734375, 142.789794922, 177.533309937, 103.226799011, 80.904335022, 87.7445678711, 77.4766540527, 38.0672492981, 40.9887733459, 26.3806743622, 19.9221096039], [-208.276123047, 504.217346191, 142.789794922, 467.683929443, 209.513244629, 94.9902191162, 118.443664551, 102.691162109, 79.7621154785, 89.8428115845, 30.6463031769, 35.4826660156, 39.7605552673], [-141.886367798, 209.776245117, 177.533309937, 209.513244629, 267.383148193, 88.6371383667, 82.2490615845, 70.6704711914, 79.8464660645, 80.8775634766, 42.2375564575, 32.6248283386, 36.5360908508], [-21.5418052673, 150.631271362, 103.226799011, 94.9902191162, 88.6371383667, 164.600402832, 95.9504013062, 60.368396759, 39.3275794983, 24.6025390625, 36.1078796387, 29.2515850067, 15.5617113113], [-89.7923202515, 238.509292603, 80.904335022, 118.443664551, 82.2490615845, 95.9504013062, 163.162628174, 87.0028305054, 43.3312492371, 37.5817337036, 42.5706672668, 25.0516090393, 23.9757823944], [-0.349925816059, 174.415802002, 87.7445678711, 102.691162109, 70.6704711914, 60.368396759, 87.0028305054, 106.574905396, 58.9161682129, 35.2325973511, 28.3781528473, 19.4310684204, 23.108083725], [41.1843948364, 104.621665955, 77.4766540527, 79.7621154785, 79.8464660645, 39.3275794983, 43.3312492371, 58.9161682129, 93.4401855469, 53.0478134155, 24.6697502136, 14.2041397095, 19.6350841522], [3.35062670708, 169.040084839, 38.0672492981, 89.8428115845, 80.8775634766, 24.6025390625, 37.5817337036, 35.2325973511, 53.0478134155, 107.392982483, 44.0375518799, 21.8735370636, 20.6204948425], [25.3613357544, 84.6382217407, 40.9887733459, 30.6463031769, 42.2375564575, 36.1078796387, 42.5706672668, 28.3781528473, 24.6697502136, 44.0375518799, 79.8657684326, 28.4461174011, 15.1142416], [-43.3622322083, 75.0753860474, 26.3806743622, 35.4826660156, 32.6248283386, 29.2515850067, 25.0516090393, 19.4310684204, 14.2041397095, 21.8735370636, 28.4461174011, 63.5041275024, 26.238658905], [44.7992553711, 65.3069610596, 19.9221096039, 39.7605552673, 36.5360908508, 15.5617113113, 23.9757823944, 23.108083725, 19.6350841522, 20.6204948425, 15.1142416, 26.238658905, 57.4811477661]], "icov": [[8.7895343313e-05, 7.65620370657e-06, 0.000110895649414, 2.51490564551e-05, 7.68089194025e-06, -7.64295182307e-05, 0.000100450408354, -9.16410717764e-05, -0.000102758640423, 1.91158287635e-05, -9.06953719095e-05, 0.000118988347822, -0.000124504382256], [7.65620370657e-06, 0.000914267031476, 0.000491865794174, -0.000779598485678, 9.83431964414e-05, -0.000125081714941, -0.00055636127945, -0.00054091878701, 0.000229207929806, -0.000687088118866, -3.58462748409e-05, -0.000269700569334, 4.56745547126e-05], [0.000110895649414, 0.000491865794174, 0.00300223939121, -0.000324841501424, -0.00140661420301, -0.000754927867092, 0.000195791450096, -0.00147725571878, -0.000708271283656, 0.000635514734313, -0.000650698959362, -4.13509515056e-05, 0.000353493902367], [2.51490564551e-05, -0.000779598485678, -0.000324841501424, 0.00452998606488, -0.00228235498071, -4.28259882028e-05, -0.000408423307817, -0.0011941405246, 0.000351118651452, -0.00095943553606, 0.00161864317488, -0.000136959410156, -0.000180867587915], [7.68089194025e-06, 9.83431964414e-05, -0.00140661420301, -0.00228235498071, 0.0083564883098, -0.00157813017722, -0.000298004451906, 0.00131154828705, -0.00239679403603, -0.00246373726986, -0.000119498290587, -6.49266667097e-08, -0.0016047192039], [-7.64295182307e-05, -0.000125081714941, -0.000754927867092, -4.28259882028e-05, -0.00157813017722, 0.01077069249, -0.00471997493878, -8.51430158946e-05, -0.000908447720576, 0.00203663134016, -0.00120008038357, -0.00244964868762, 0.00159654126037], [0.000100450408354, -0.00055636127945, 0.000195791450096, -0.000408423307817, -0.000298004451906, -0.00471997493878, 0.0148023329675, -0.00858671125025, 0.00231340131722, 0.000112272522529, -0.00292917876504, 0.0011959313415, -0.00109270284884], [-9.16410717764e-05, -0.00054091878701, -0.00147725571878, -0.0011941405246, 0.00131154828705, -8.51430158946e-05, -0.00858671125025, 0.0243642460555, -0.0101638855413, 0.00206353818066, -0.000443144293968, -0.00023948449234, -0.00204226491041], [-0.000102758640423, 0.000229207929806, -0.000708271283656, 0.000351118651452, -0.00239679403603, -0.000908447720576, 0.00231340131722, -0.0101638855413, 0.0225613340735, -0.00744051346555, 0.00101870589424, 0.00112041959073, -0.0011041687103], [1.91158287635e-05, -0.000687088118866, 0.000635514734313, -0.00095943553606, -0.00246373726986, 0.00203663134016, 0.000112272522529, 0.00206353818066, -0.00744051346555, 0.0185152068734, -0.00728057976812, -0.000438822200522, -0.000638388621155], [-9.06953719095e-05, -3.58462748409e-05, -0.000650698959362, 0.00161864317488, -0.000119498290587, -0.00120008038357, -0.00292917876504, -0.000443144293968, 0.00101870589424, -0.00728057976812, 0.0202771648765, -0.00579803669825, 0.000596815429162], [0.000118988347822, -0.000269700569334, -4.13509515056e-05, -0.000136959410156, -6.49266667097e-08, -0.00244964868762, 0.0011959313415, -0.00023948449234, 0.00112041959073, -0.000438822200522, -0.00579803669825, 0.0230351053178, -0.00863226130605], [-0.000124504382256, 4.56745547126e-05, 0.000353493902367, -0.000180867587915, -0.0016047192039, 0.00159654126037, -0.00109270284884, -0.00204226491041, -0.0011041687103, -0.000638388621155, 0.000596815429162, -0.00863226130605, 0.023698957637]], "mean": [-678.243347168, 136.276489258, 0.000578085717279, 22.0758056641, 2.61800050735, 3.24730587006, 1.71105492115, 1.95210111141, -1.87829387188, 2.3386900425, 1.48623394966, -1.16726839542, 1.67520749569]}, "pitch_salience": {"dmean": 0.0758738964796, "dmean2": 0.123729355633, "dvar": 0.00561048043892, "dvar2": 0.0149201527238, "max": 0.886438548565, "mean": 0.565032601357, "median": 0.573585152626, "min": 0.121638052166, "var": 0.013427038677}, "silence_rate_20dB": {"dmean": 0, "dmean2": 0, "dvar": 0, "dvar2": 0, "max": 1, "mean": 1, "median": 1, "min": 1, "var": 0}, "silence_rate_30dB": {"dmean": 0.0220865271986, "dmean2": 0.0441787950695, "dvar": 0.0215990450233, "dvar2": 0.0552218556404, "max": 1, "mean": 0.984411537647, "median": 1, "min": 0, "var": 0.0153458938003}, "silence_rate_60dB": {"dmean": 0.0384565405548, "dmean2": 0.0769230797887, "dvar": 0.0369775816798, "dvar2": 0.0790646970272, "max": 1, "mean": 0.118862040341, "median": 0, "min": 0, "var": 0.10473588109}, "spectral_centroid": {"dmean": 262.077819824, "dmean2": 394.086212158, "dvar": 93503.0234375, "dvar2": 190689.578125, "max": 11001.6337891, "mean": 1148.80456543, "median": 1053.20263672, "min": 157.851257324, "var": 399615.375}, "spectral_complexity": {"dmean": 4.13355875015, "dmean2": 5.69828462601, "dvar": 24.7630138397, "dvar2": 40.8755455017, "max": 64, "mean": 16.4440116882, "median": 15, "min": 0, "var": 114.957107544}, "spectral_contrast_coeffs": {"dmean": [0.0515545196831, 0.0455493070185, 0.0417663529515, 0.0323317162693, 0.0246420670301, 0.0223302785307], "dmean2": [0.0834431350231, 0.0739868655801, 0.0645795837045, 0.0506081543863, 0.0386402569711, 0.0347155816853], "dvar": [0.001994315302, 0.00140726868995, 0.00128081336152, 0.000721553282347, 0.000457131885923, 0.000588867696933], "dvar2": [0.00494001945481, 0.00360157666728, 0.00290849572048, 0.00167994317599, 0.00105618848465, 0.00143035885412], "max": [-0.256277859211, -0.427601993084, -0.465993881226, -0.581348836422, -0.610538899899, -0.623615086079], "mean": [-0.659093081951, -0.743768930435, -0.749464035034, -0.774735867977, -0.790591597557, -0.773764967918], "median": [-0.671805083752, -0.7473487854, -0.753998816013, -0.778178691864, -0.791261076927, -0.776373505592], "min": [-0.980058610439, -0.955904901028, -0.952807843685, -0.955317616463, -0.966500282288, -0.961775183678], "var": [0.00889878999442, 0.0050071310252, 0.00525627797469, 0.00333875184879, 0.00205545127392, 0.00192763074301]}, "spectral_contrast_valleys": {"dmean": [0.459876567125, 0.408333301544, 0.411305040121, 0.386951357126, 0.401680350304, 0.502013504505], "dmean2": [0.700943171978, 0.638332366943, 0.619074881077, 0.565637230873, 0.54642945528, 0.604982852936], "dvar": [0.236598387361, 0.162847518921, 0.180309399962, 0.186970174313, 0.231985881925, 0.413093805313], "dvar2": [0.451843053102, 0.349799245596, 0.361929982901, 0.357127845287, 0.456532210112, 0.764393746853], "max": [-4.91728401184, -4.5096950531, -4.50339174271, -5.10215759277, -5.04551696777, -7.83385753632], "mean": [-7.35850954056, -6.85133600235, -7.67417287827, -8.11316108704, -8.06588554382, -10.7529382706], "median": [-6.77711629868, -6.65492200851, -7.46235513687, -7.88178443909, -7.87330055237, -10.6123352051], "min": [-26.7569179535, -27.7587299347, -27.6660652161, -27.2615184784, -27.1099452972, -27.1953315735], "var": [2.66495490074, 1.68708539009, 1.84439527988, 1.71056497097, 1.71893393993, 2.14898991585]}, "spectral_decrease": {"dmean": 2.77794831582e-09, "dmean2": 4.15149647992e-09, "dvar": 3.04436743784e-17, "dvar2": 7.36613004331e-17, "max": 2.31418797962e-16, "mean": -6.70893562926e-09, "median": -5.04224040299e-09, "min": -5.84348036625e-08, "var": 4.45739739575e-17}, "spectral_energy": {"dmean": 0.0111373122782, "dmean2": 0.016630616039, "dvar": 0.000501380127389, "dvar2": 0.00121689471416, "max": 0.244840160012, "mean": 0.0268547218293, "median": 0.0201126076281, "min": 1.07071138984e-20, "var": 0.000719830451999}, "spectral_energyband_high": {"dmean": 0.000571366632357, "dmean2": 0.000877873622812, "dvar": 2.18984450839e-06, "dvar2": 5.39308030056e-06, "max": 0.0217753257602, "mean": 0.000645902997348, "median": 0.000129044739879, "min": 7.64923316114e-21, "var": 2.497763262e-06}, "spectral_energyband_low": {"dmean": 0.00579166598618, "dmean2": 0.00891585834324, "dvar": 0.00016401031462, "dvar2": 0.000378919299692, "max": 0.135370209813, "mean": 0.0123978676274, "median": 0.00930045358837, "min": 3.71509972792e-23, "var": 0.000233441081946}, "spectral_energyband_middle_high": {"dmean": 0.00231185555458, "dmean2": 0.00333978608251, "dvar": 3.89903398172e-05, "dvar2": 9.33415285544e-05, "max": 0.0953221619129, "mean": 0.00453201448545, "median": 0.00220499793068, "min": 1.59962826321e-21, "var": 5.41829467693e-05}, "spectral_energyband_middle_low": {"dmean": 0.00518424157053, "dmean2": 0.00813576765358, "dvar": 0.000149912608322, "dvar2": 0.000395058305003, "max": 0.159561187029, "mean": 0.0106598557904, "median": 0.00659223739058, "min": 3.19011184886e-22, "var": 0.00019045524823}, "spectral_entropy": {"dmean": 0.220085904002, "dmean2": 0.294331610203, "dvar": 0.0717196762562, "dvar2": 0.127789393067, "max": 9.79882717133, "mean": 7.47156763077, "median": 7.46444272995, "min": 5.56152200699, "var": 0.296499222517}, "spectral_flux": {"dmean": 0.0286871995777, "dmean2": 0.0434311442077, "dvar": 0.00178100727499, "dvar2": 0.00355957774445, "max": 0.446186482906, "mean": 0.0766148194671, "median": 0.0633046552539, "min": 1.03475186752e-10, "var": 0.00350081943907}, "spectral_kurtosis": {"dmean": 2.25173854828, "dmean2": 3.66178250313, "dvar": 7.80713129044, "dvar2": 19.3969688416, "max": 47.1650543213, "mean": 5.96092653275, "median": 5.1425909996, "min": -1.17800414562, "var": 17.970369339}, "spectral_rms": {"dmean": 0.000934177951422, "dmean2": 0.00130797340535, "dvar": 1.99801502276e-06, "dvar2": 4.27726945418e-06, "max": 0.0154553698376, "mean": 0.0045344796963, "median": 0.00442967936397, "min": 3.23202185501e-12, "var": 5.63828689337e-06}, "spectral_rolloff": {"dmean": 645.211914062, "dmean2": 1078.15515137, "dvar": 2130026.75, "dvar2": 5137642.5, "max": 21339.4042969, "mean": 1530.63000488, "median": 882.861328125, "min": 64.599609375, "var": 6517989.5}, "spectral_skewness": {"dmean": 0.289691001177, "dmean2": 0.460485994816, "dvar": 0.0952604487538, "dvar2": 0.224318921566, "max": 5.24939155579, "mean": 1.76214134693, "median": 1.70161151886, "min": 0.0248243622482, "var": 0.307804197073}, "spectral_spread": {"dmean": 807324.75, "dmean2": 1113994.625, "dvar": 1444546740220.0, "dvar2": 2602097967100.0, "max": 39704196, "mean": 4424590.5, "median": 3718733, "min": 1498436, "var": 4239436021760.0}, "spectral_strongpeak": {"dmean": 0.2984411