{"lowlevel": {"average_loudness": 0.924917757511, "barkbands": {"dmean": [1.56950372912e-05, 0.00114211509936, 0.00128126365598, 0.00124522438273, 0.0021609084215, 0.000996694085188, 0.00151070614811, 0.000582384993322, 0.000960507022683, 0.000641469436232, 0.0004322452005, 0.00063002546085, 0.000508454511873, 0.000455594738014, 0.000370704045054, 0.00027515203692, 0.000140796517371, 0.000183493219083, 0.000141493801493, 0.000222006550757, 0.000134691377752, 5.52161436644e-05, 4.9676567869e-05, 7.5412041042e-05, 5.60210100957e-05, 8.77137699717e-06, 1.88271883417e-06], "dmean2": [2.59287771769e-05, 0.00186778022908, 0.00222287210636, 0.00205493788235, 0.00342278252356, 0.00153308850713, 0.00239814352244, 0.000899061793461, 0.00146565376781, 0.000986781669781, 0.000671391724609, 0.000986348371953, 0.000784790201578, 0.000684078608174, 0.000552522367798, 0.000422202225309, 0.00021595536964, 0.000280135194771, 0.000215976164327, 0.000334336305968, 0.000213037084904, 8.58139101183e-05, 7.59488975746e-05, 0.00011128620099, 8.10721321614e-05, 1.29585805553e-05, 2.63580272986e-06], "dvar": [1.1720345805e-09, 3.5945174659e-06, 5.29682665729e-06, 7.70399674366e-06, 1.32120767375e-05, 2.20570791498e-06, 5.74446312385e-06, 1.60977128871e-06, 4.27034865425e-06, 2.39763926402e-06, 1.79965354619e-06, 2.84843372356e-06, 1.7752072381e-06, 9.7488737083e-07, 7.69199630213e-07, 3.9257889739e-07, 1.11533204006e-07, 1.63982150525e-07, 7.76891582177e-08, 2.11259902017e-07, 1.28753399053e-07, 1.896014723e-08, 1.38056766019e-08, 6.09466042079e-08, 8.6415440137e-08, 4.43097225578e-10, 1.08795993048e-11], "dvar2": [2.90499957423e-09, 9.24588948692e-06, 1.4668624317e-05, 1.86514171219e-05, 3.17808844557e-05, 5.40670725968e-06, 1.45711464938e-05, 3.71008059119e-06, 9.06166496861e-06, 4.935745892e-06, 3.26393637806e-06, 6.91650302542e-06, 4.02147134082e-06, 2.04486673283e-06, 1.53806024628e-06, 8.37923835206e-07, 2.53880330092e-07, 3.68996694533e-07, 1.87566442378e-07, 4.53365629483e-07, 3.26799522554e-07, 4.85036153464e-08, 3.41306112261e-08, 1.33188621021e-07, 2.06932554647e-07, 1.14365905635e-09, 2.46525664466e-11], "max": [0.000559155247174, 0.0224172286689, 0.0270394086838, 0.0386237539351, 0.046505574137, 0.024114754051, 0.032335460186, 0.0285880938172, 0.0834613144398, 0.0489363074303, 0.0608176961541, 0.0447659417987, 0.0304841119796, 0.0193409919739, 0.0219911094755, 0.0150636350736, 0.0109165264294, 0.0185007508844, 0.00366196292453, 0.0104236407205, 0.00527887605131, 0.00222827331163, 0.00166128284764, 0.00735989073291, 0.0124943265691, 0.000528927426785, 6.23407468083e-05], "mean": [1.6402645997e-05, 0.00208512414247, 0.00171947851777, 0.00136603729334, 0.00373702379875, 0.00192917475943, 0.00230867764913, 0.000891012721695, 0.00162159185857, 0.000912311777938, 0.000704318925273, 0.00104643194936, 0.000737148046028, 0.000718855822925, 0.000558846746571, 0.000454284308944, 0.000223973125685, 0.000285067158984, 0.000215862019104, 0.000357931596227, 0.000145609956235, 6.47499036859e-05, 6.36177937849e-05, 9.92358109215e-05, 6.93075126037e-05, 1.11283470687e-05, 2.72728448181e-06], "median": [5.28045529791e-06, 0.000823106674943, 0.000901344465092, 0.000407278072089, 0.00234785396606, 0.00128335470799, 0.00128703657538, 0.000286522437818, 0.00060054595815, 0.000249468546826, 0.000173894848558, 0.000238181120949, 0.000204133830266, 0.000176503584953, 0.000135490641696, 0.000131580134621, 6.61039230181e-05, 8.47691844683e-05, 9.06927525648e-05, 0.000109188127681, 4.39004143118e-05, 2.54913538811e-05, 2.67004998022e-05, 3.0084480386e-05, 1.33276907945e-05, 4.62187063022e-06, 1.19363176054e-06], "min": [1.1009831887e-23, 1.02275808473e-23, 7.39498565166e-24, 2.89698470489e-23, 1.02604866023e-22, 5.2589301806e-23, 2.20371354654e-23, 2.90519706245e-23, 7.90304836222e-23, 2.83812779275e-23, 5.39625350926e-23, 7.31168414887e-23, 1.4436229034e-22, 1.74895738589e-22, 1.02344377841e-22, 2.25659884473e-22, 1.36731443166e-22, 1.82725643768e-22, 3.18390244068e-22, 2.67758424868e-22, 2.95747613682e-22, 5.87322923104e-22, 6.8014668383e-22, 8.16661373263e-22, 1.69417110962e-21, 1.29497931978e-21, 3.11233935226e-21], "var": [1.11718800877e-09, 7.89022124081e-06, 5.60817443329e-06, 7.78608136898e-06, 1.97585686692e-05, 4.65777247882e-06, 8.80831157701e-06, 3.05726052829e-06, 9.59176395554e-06, 4.81449706058e-06, 5.36756715519e-06, 7.46629666537e-06, 3.02429680232e-06, 2.42994860855e-06, 1.76605351498e-06, 9.06068407858e-07, 2.74183037163e-07, 4.67523364023e-07, 1.10035294654e-07, 4.23038642339e-07, 1.15445686788e-07, 1.71115939196e-08, 1.54496948568e-08, 8.78554899941e-08, 1.01608783609e-07, 4.3585027254e-10, 1.49736403832e-11]}, "barkbands_crest": {"dmean": 2.21258807182, "dmean2": 3.55637979507, "dvar": 4.09909915924, "dvar2": 9.68134784698, "max": 25.6556358337, "mean": 8.90579986572, "median": 7.87774848938, "min": 2.6822988987, "var": 16.9945030212}, "barkbands_flatness_db": {"dmean": 0.0202372223139, "dmean2": 0.028926230967, "dvar": 0.000348570029018, "dvar2": 0.000699257769156, "max": 0.277564466, "mean": 0.127428129315, "median": 0.123649075627, "min": 0.0395466350019, "var": 0.00149342115037}, "barkbands_kurtosis": {"dmean": 2.50354671478, "dmean2": 3.8271613121, "dvar": 15.5052232742, "dvar2": 33.536895752, "max": 99.1239700317, "mean": 4.9100356102, "median": 1.5773859024, "min": -1.91739428043, "var": 121.155929565}, "barkbands_skewness": {"dmean": 0.492678463459, "dmean2": 0.741925001144, "dvar": 0.263040453196, "dvar2": 0.60386121273, "max": 7.30842542648, "mean": 1.21008110046, "median": 1.240254879, "min": -9.04991531372, "var": 2.81828904152}, "barkbands_spread": {"dmean": 5.58977079391, "dmean2": 8.11571598053, "dvar": 54.212387085, "dvar2": 107.75440979, "max": 129.806564331, "mean": 19.83452034, "median": 17.0682945251, "min": 2.24014377594, "var": 170.703155518}, "dissonance": {"dmean": 0.0200256574899, "dmean2": 0.0334906317294, "dvar": 0.000365138461348, "dvar2": 0.00101100676693, "max": 0.5, "mean": 0.460193753242, "median": 0.465865254402, "min": 0.258221298456, "var": 0.000734515197109}, "dynamic_complexity": 3.12049388885, "erbbands": {"dmean": [0.0209911428392, 0.304570615292, 1.15870702267, 3.50906610489, 5.83338260651, 7.59423303604, 4.43377542496, 10.424700737, 20.3979282379, 16.5098953247, 11.995677948, 26.3955039978, 23.3213539124, 13.3499517441, 22.1333847046, 21.6913261414, 24.6567993164, 18.4783687592, 23.9632396698, 16.7663974762, 10.5546741486, 7.68788337708, 9.12503147125, 7.10911512375, 8.49174118042, 10.5262479782, 7.08292675018, 4.03656578064, 2.11908459663, 1.47404074669, 1.46587955952, 1.51070713997, 1.31402254105, 0.906714379787, 0.222160801291, 0.0541010387242, 0.0136819258332, 0.00282275746576, 0.000329844275257, 2.01940747502e-05], "dmean2": [0.0343201607466, 0.499049127102, 1.99157941341, 5.79171848297, 9.36892223358, 11.7412805557, 6.97490262985, 16.2932834625, 32.4843330383, 25.7412014008, 18.3889884949, 40.6093254089, 36.7279052734, 19.9799308777, 33.7217712402, 33.6432228088, 37.7226753235, 27.3524188995, 35.7784767151, 25.475982666, 15.9679117203, 11.5433263779, 13.8096265793, 11.0030708313, 12.8044881821, 15.6889362335, 11.0611276627, 6.42497253418, 3.28655815125, 2.25709629059, 2.25404715538, 2.26402211189, 1.9472181797, 1.31903445721, 0.329971194267, 0.0813602805138, 0.0202049687505, 0.00402470584959, 0.000461500603706, 2.78561929008e-05], "dvar": [0.00164497538935, 0.240388989449, 3.80488014221, 59.8737106323, 126.250274658, 143.552459717, 45.126159668, 268.070343018, 1032.91137695, 907.195739746, 647.058105469, 3918.25048828, 3117.69995117, 958.392822266, 5314.87353516, 2925.26782227, 4025.70336914, 1565.83911133, 2843.00048828, 1419.55639648, 543.716369629, 296.970458984, 368.157501221, 260.971435547, 255.926574707, 492.896942139, 291.184173584, 129.651504517, 28.085062027, 11.9238128662, 12.6504793167, 18.9209594727, 25.6660747528, 25.7762355804, 0.65039151907, 0.0209507420659, 0.00100236921571, 2.86093199975e-05, 3.34118539058e-07, 9.7730823434e-10], "dvar2": [0.00418816599995, 0.623944103718, 10.6180496216, 146.393875122, 312.004364014, 338.003753662, 123.75554657, 675.153564453, 2697.10498047, 2082.04370117, 1462.57556152, 8561.4140625, 6693.68603516, 1900.12768555, 10297.8925781, 7202.88720703, 8710.78613281, 3371.4519043, 5947.27490234, 2903.33764648, 1168.4699707, 666.674865723, 837.61114502, 641.85369873, 613.032897949, 1027.29284668, 726.657226562, 326.581176758, 71.3901062012, 30.2971763611, 31.192905426, 43.8358650208, 57.6542053223, 62.0326652527, 1.44355976582, 0.0530286356807, 0.00255094282329, 6.82695463183e-05, 7.67781159539e-07, 2.12106732178e-09], "max": [0.451935648918, 5.65390491486, 23.6087207794, 94.4141616821, 137.152099609, 193.908660889, 153.129776001, 245.816589355, 462.875823975, 540.405395508, 695.790405273, 2621.06420898, 1701.93896484, 1179.6895752, 3288.37084961, 1306.08398438, 1679.94445801, 856.98046875, 1160.00915527, 1066.1730957, 574.706115723, 530.831542969, 813.376159668, 278.75390625, 238.888275146, 471.790161133, 232.678329468, 163.756408691, 83.3824996948, 60.0993003845, 52.7788162231, 140.944564819, 140.3671875, 214.324188232, 24.1076908112, 4.25413227081, 0.67928147316, 0.101180307567, 0.0101614966989, 0.00053225265583], "mean": [0.0289027318358, 0.576311707497, 1.90382349491, 3.97977590561, 7.91206407547, 14.220864296, 9.69262123108, 18.765581131, 32.2689743042, 27.0986194611, 20.3515300751, 43.5831604004, 33.1408500671, 23.3539638519, 40.0943374634, 38.4912719727, 38.534702301, 30.5441455841, 38.2119140625, 28.744556427, 18.7351837158, 13.4147815704, 14.8613405228, 10.0222253799, 14.3579311371, 17.1665267944, 8.85907363892, 4.23416090012, 2.45092582703, 1.85547626019, 1.86181426048, 2.00710082054, 1.68583500385, 1.1067327261, 0.282795637846, 0.0686352998018, 0.0177637618035, 0.00392275629565, 0.000479161069961, 4.61395429738e-05], "median": [0.0112990103662, 0.255589842796, 1.09151792526, 1.36529564857, 4.08175468445, 8.90209770203, 6.79381942749, 11.5539560318, 19.3973674774, 13.7123298645, 8.92587089539, 15.5005636215, 9.66757774353, 8.59524345398, 10.2598247528, 10.7695274353, 11.8727245331, 9.80029678345, 10.435084343, 7.6320476532, 6.59528827667, 4.55515480042, 4.69463729858, 3.72971153259, 6.24046039581, 4.91259479523, 2.72595310211, 1.31297981739, 0.94142973423, 0.833679437637, 0.744458854198, 0.751505255699, 0.409907132387, 0.187220111489, 0.0707202106714, 0.0261282324791, 0.00746938632801, 0.00169101078063, 0.000212314538658, 3.51586386387e-05], "min": [2.74641103737e-22, 2.38160787796e-21, 6.67668080659e-21, 6.66749902101e-20, 2.62819320545e-19, 3.57084487109e-19, 2.17628220633e-19, 4.87692557669e-19, 2.47080477481e-19, 5.8805696633e-19, 7.45431489988e-19, 1.55146657435e-18, 1.2174553857e-18, 1.91570976682e-18, 1.83497342352e-18, 3.38628221317e-18, 5.7620739726e-18, 1.03464702276e-17, 7.00355378521e-18, 8.96958839332e-18, 1.16087114464e-17, 7.01295055697e-18, 9.32782790891e-18, 1.31930394249e-17, 1.51472784375e-17, 1.23242896779e-17, 9.61449231327e-18, 1.58822648077e-17, 2.23011019887e-17, 1.99242712904e-17, 1.94005733184e-17, 1.33422677705e-17, 1.92341660859e-17, 1.33432752765e-17, 1.37575769581e-17, 5.92368148964e-18, 2.29709937942e-18, 9.20595980285e-19, 3.76475332577e-19, 5.80927780973e-20], "var": [0.00200293492526, 0.57248288393, 5.26184177399, 59.2672538757, 140.80632019, 267.711486816, 99.8442764282, 510.510772705, 1534.35693359, 1703.45837402, 1332.27978516, 7818.0625, 5696.46582031, 2570.18017578, 16014.3876953, 7661.86230469, 7701.13525391, 3698.31982422, 6619.61572266, 3768.27832031, 1195.27709961, 846.962585449, 1031.39196777, 309.983886719, 423.805175781, 1078.54174805, 329.437011719, 111.783004761, 25.4780578613, 11.6006374359, 14.4825601578, 24.6035079956, 35.0933647156, 29.7168960571, 0.948098838329, 0.0225765183568, 0.00100140587892, 3.5276691051e-05, 4.52140540119e-07, 1.6531053193e-09]}, "erbbands_crest": {"dmean": 2.52240109444, "dmean2": 4.02937412262, "dvar": 5.22585487366, "dvar2": 12.8765907288, "max": 29.9960231781, "mean": 8.62193012238, "median": 7.90122699738, "min": 2.37467503548, "var": 13.9587154388}, "erbbands_flatness_db": {"dmean": 0.0181581899524, "dmean2": 0.025120228529, "dvar": 0.000297058955766, "dvar2": 0.000556233047973, "max": 0.317994952202, "mean": 0.155395537615, "median": 0.148316726089, "min": 0.0276130605489, "var": 0.00196417770348}, "erbbands_kurtosis": {"dmean": 0.816595733166, "dmean2": 1.24153268337, "dvar": 1.09427309036, "dvar2": 2.43988704681, "max": 34.3163108826, "mean": 0.358707875013, "median": -0.11837375164, "min": -1.83419966698, "var": 3.32458162308}, "erbbands_skewness": {"dmean": 0.358873009682, "dmean2": 0.537074267864, "dvar": 0.0979975685477, "dvar2": 0.208557486534, "max": 3.2109079361, "mean": 0.425132632256, "median": 0.40645968914, "min": -2.54606127739, "var": 0.468847095966}, "erbbands_spread": {"dmean": 8.39244365692, "dmean2": 12.1949071884, "dvar": 97.9322738647, "dvar2": 187.789382935, "max": 160.692337036, "mean": 38.5669441223, "median": 35.7384796143, "min": 2.18075489998, "var": 429.543640137}, "gfcc": {"cov": [[33273.0039062, 3516.91845703, -2822.90234375, 502.833435059, -1368.42443848, 212.856781006, -867.056274414, 258.666778564, -695.300842285, 168.069122314, -373.495727539, -87.4109344482, -244.218002319], [3516.91845703, 1182.85424805, -467.348968506, -34.8379631042, 28.7449054718, -89.5078582764, -53.5472564697, -10.6243896484, -44.0231170654, -37.3520851135, 18.5386257172, -34.1466026306, -38.2673721313], [-2822.90234375, -467.348968506, 1133.92248535, 338.405090332, 42.2571296692, 124.135612488, 94.7593078613, 14.7757759094, 48.5495872498, 60.1824150085, 11.1274805069, 108.144081116, 51.7089958191], [502.833435059, -34.8379631042, 338.405090332, 436.902618408, 57.7675895691, -5.74295711517, -9.19618606567, 68.8444824219, 42.2470321655, 47.3862495422, -4.20495796204, 38.9142074585, 42.6931343079], [-1368.42443848, 28.7449054718, 42.2571296692, 57.7675895691, 335.537994385, -24.3805294037, 94.2933273315, 18.1631183624, 104.748924255, 2.68837714195, 6.29319429398, 22.1905593872, 25.2899093628], [212.856781006, -89.5078582764, 124.135612488, -5.74295711517, -24.3805294037, 192.920852661, 60.1684455872, 19.3495235443, -5.85888242722, 18.4922924042, -6.98018598557, 27.7088127136, 0.545868098736], [-867.056274414, -53.5472564697, 94.7593078613, -9.19618606567, 94.2933273315, 60.1684455872, 228.24369812, 29.9132499695, 12.0576190948, -9.07525730133, 11.015920639, 53.7419662476, -8.56196594238], [258.666778564, -10.6243896484, 14.7757759094, 68.8444824219, 18.1631183624, 19.3495235443, 29.9132499695, 91.8831176758, 34.6886444092, 7.50675106049, 9.27470874786, 9.78883361816, 13.0115833282], [-695.300842285, -44.0231170654, 48.5495872498, 42.2470321655, 104.748924255, -5.85888242722, 12.0576190948, 34.6886444092, 123.173667908, 35.4492340088, 5.5652384758, 1.45387542248, 16.8015327454], [168.069122314, -37.3520851135, 60.1824150085, 47.3862495422, 2.68837714195, 18.4922924042, -9.07525730133, 7.50675106049, 35.4492340088, 84.2707443237, 13.6699333191, 3.1892592907, 1.74360394478], [-373.495727539, 18.5386257172, 11.1274805069, -4.20495796204, 6.29319429398, -6.98018598557, 11.015920639, 9.27470874786, 5.5652384758, 13.6699333191, 90.6123657227, 7.08566951752, -4.36551332474], [-87.4109344482, -34.1466026306, 108.144081116, 38.9142074585, 22.1905593872, 27.7088127136, 53.7419662476, 9.78883361816, 1.45387542248, 3.1892592907, 7.08566951752, 82.0033798218, 23.436958313], [-244.218002319, -38.2673721313, 51.7089958191, 42.6931343079, 25.2899093628, 0.545868098736, -8.56196594238, 13.0115833282, 16.8015327454, 1.74360394478, -4.36551332474, 23.436958313, 70.0551834106]], "icov": [[0.000321957166307, -0.000716789683793, 0.000901125720702, -0.000961296842434, 0.000760288152378, -0.000928675755858, 0.000897142977919, -0.00118354859296, 0.00131969584618, -0.00144732976332, 0.00150168058462, -0.00140819360968, 0.000997971161269], [-0.000716789683793, 0.00269943405874, -0.00146824098192, 0.00174060510471, -0.00198348774575, 0.00212686345913, -0.00180143909529, 0.00278007937595, -0.00254603847861, 0.0034455745481, -0.00367779284716, 0.00285085826181, -0.00169638334773], [0.000901125720702, -0.00146824098192, 0.00429471908137, -0.00418911129236, 0.00238987267949, -0.00342713226564, 0.00204546423629, -0.00173486827407, 0.00302851898596, -0.00385270779952, 0.00370482471772, -0.00494858575985, 0.00271444371901], [-0.000961296842434, 0.00174060510471, -0.00418911129236, 0.00727911945432, -0.00320106907748, 0.00395258609205, -0.0014775742311, -0.000348827394191, -0.00254445476457, 0.0022480180487, -0.00336027680896, 0.00358501169831, -0.00358983129263], [0.000760288152378, -0.00198348774575, 0.00238987267949, -0.00320106907748, 0.00732818664983, -0.00156542181503, -0.000606731104199, -0.000469452992547, -0.00210541533306, -0.001763094333, 0.00327094015665, -0.00308806286193, 0.000919279118534], [-0.000928675755858, 0.00212686345913, -0.00342713226564, 0.00395258609205, -0.00156542181503, 0.00959952920675, -0.00399538036436, 0.00127593998332, -0.00275850575417, 0.00199927901849, -0.00297691021115, 0.00322662573308, -0.00284293689765], [0.000897142977919, -0.00180143909529, 0.00204546423629, -0.0014775742311, -0.000606731104199, -0.00399538036436, 0.0101482905447, -0.00641768472269, 0.00532343052328, -0.00336204236373, 0.00401464942843, -0.00818991754204, 0.00601364811882], [-0.00118354859296, 0.00278007937595, -0.00173486827407, -0.000348827394191, -0.000469452992547, 0.00127593998332, -0.00641768472269, 0.0214935094118, -0.0110813621432, 0.00797938276082, -0.00779828662053, 0.00588200939819, -0.00572580518201], [0.00131969584618, -0.00254603847861, 0.00302851898596, -0.00254445476457, -0.00210541533306, -0.00275850575417, 0.00532343052328, -0.0110813621432, 0.0214520674199, -0.0123023008928, 0.00693115033209, -0.00449434434995, 0.0031121680513], [-0.00144732976332, 0.0034455745481, -0.00385270779952, 0.0022480180487, -0.001763094333, 0.00199927901849, -0.00336204236373, 0.00797938276082, -0.0123023008928, 0.0228737015277, -0.00954471156001, 0.00602353736758, -0.00319041707553], [0.00150168058462, -0.00367779284716, 0.00370482471772, -0.00336027680896, 0.00327094015665, -0.00297691021115, 0.00401464942843, -0.00779828662053, 0.00693115033209, -0.00954471156001, 0.019123153761, -0.00783724337816, 0.005709531717], [-0.00140819360968, 0.00285085826181, -0.00494858575985, 0.00358501169831, -0.00308806286193, 0.00322662573308, -0.00818991754204, 0.00588200939819, -0.00449434434995, 0.00602353736758, -0.00783724337816, 0.0247001349926, -0.0107115739956], [0.000997971161269, -0.00169638334773, 0.00271444371901, -0.00358983129263, 0.000919279118534, -0.00284293689765, 0.00601364811882, -0.00572580518201, 0.0031121680513, -0.00319041707553, 0.005709531717, -0.0107115739956, 0.0217720586807]], "mean": [-31.1217536926, 89.8951644897, -113.474205017, 18.6953639984, -62.0624198914, 4.37486219406, -40.2968139648, 1.96358859539, -26.2854576111, 0.928280234337, -10.4181127548, -8.16456508636, -10.8890304565]}, "hfc": {"dmean": 7.49875450134, "dmean2": 10.7657651901, "dvar": 145.266433716, "dvar2": 331.720703125, "max": 205.854507446, "mean": 18.348865509, "median": 13.4642362595, "min": 1.28633255636e-16, "var": 298.015563965}, "melbands": {"dmean": [0.000260211207205, 0.000525140378159, 0.000580844585784, 0.000573912577238, 0.000158534312504, 0.000216928616283, 0.000320494960761, 0.00016614337801, 9.97792885755e-05, 0.000161139032571, 0.000113702313683, 5.24647985003e-05, 6.66501946398e-05, 8.46569455462e-05, 4.88673758809e-05, 4.64508193545e-05, 3.52616225427e-05, 4.23647252319e-05, 2.6346579034e-05, 2.3117478122e-05, 1.18695688798e-05, 8.54192694533e-06, 9.82443270914e-06, 7.44764111005e-06, 5.77613900532e-06, 5.84025929129e-06, 7.15087253411e-06, 7.34950981496e-06, 5.03144747199e-06, 3.17044782605e-06, 2.08793835554e-06, 1.24309406146e-06, 9.98789687401e-07, 7.6453221709e-07, 8.40667439661e-07, 8.69477730703e-07, 1.0051683148e-06, 8.9142173465e-07, 1.03421814401e-06, 6.98904102592e-07], "dmean2": [0.000426799088018, 0.000890408759005, 0.00094831403112, 0.000902172643691, 0.000249114440521, 0.000336318858899, 0.000508331053425, 0.000257230334682, 0.000153705463163, 0.000248448370257, 0.000179721901077, 7.84779986134e-05, 0.00010248907347, 0.000131669235998, 7.61700212024e-05, 7.05198108335e-05, 5.28075506736e-05, 6.40072976239e-05, 3.91458015656e-05, 3.60820777132e-05, 1.8133672711e-05, 1.30874022943e-05, 1.51076264956e-05, 1.13329997475e-05, 9.07116282178e-06, 8.93975629879e-06, 1.07958621811e-05, 1.10336568468e-05, 7.90366357251e-06, 5.09037772645e-06, 3.33633602168e-06, 1.95925531443e-06, 1.55756424647e-06, 1.18042271424e-06, 1.30900104978e-06, 1.32386389851e-06, 1.5310862409e-06, 1.34647405048e-06, 1.5709164245e-06, 1.02988417439e-06], "dvar": [2.08728977213e-07, 7.29080340989e-07, 1.55059558438e-06, 9.80002937467e-07, 5.60810633488e-08, 1.13511909205e-07, 2.53439054632e-07, 9.44443812045e-08, 4.05533207015e-08, 1.3713122371e-07, 7.90350682678e-08, 1.63337947612e-08, 3.95640427087e-08, 6.00826695063e-08, 1.77259629197e-08, 1.42072380527e-08, 6.22388585114e-09, 9.78910019711e-09, 4.37593605795e-09, 2.99845370755e-09, 7.86299469979e-10, 4.88803164611e-10, 7.11658176833e-10, 2.39711278605e-10, 1.82181478237e-10, 1.32422531274e-10, 1.85356854865e-10, 2.8229202309e-10, 1.47023282437e-10, 8.98491628321e-11, 3.31844239587e-11, 1.02332959814e-11, 5.90031452516e-12, 3.04323471804e-12, 4.46246598701e-12, 4.55079030015e-12, 1.05200795991e-11, 9.37979121457e-12, 3.29264150667e-11, 1.50694387524e-11], "dvar2": [5.38691438123e-07, 1.96585824597e-06, 3.77671085516e-06, 2.31541594076e-06, 1.54883551318e-07, 2.81565235127e-07, 6.53998654343e-07, 2.17747768261e-07, 8.9821512006e-08, 2.99103817269e-07, 1.68060765304e-07, 3.22383186813e-08, 7.7318077274e-08, 1.43794466112e-07, 3.93024208734e-08, 3.0491850822e-08, 1.32618289683e-08, 2.06863965957e-08, 8.23632539948e-09, 6.47490017158e-09, 1.75288750182e-09, 1.11697395777e-09, 1.57117829858e-09, 5.53523171742e-10, 4.528137032e-10, 3.18720577708e-10, 4.31153585057e-10, 5.72551506206e-10, 3.604799792e-10, 2.32351735074e-10, 8.29343121955e-11, 2.62677952306e-11, 1.53464740915e-11, 7.65287746368e-12, 1.11134998773e-11, 1.11011512482e-11, 2.46101802132e-11, 2.08473932561e-11, 8.13784525877e-11, 3.56240176247e-11], "max": [0.00521882716566, 0.00982193648815, 0.0162423662841, 0.0120913190767, 0.00444002309814, 0.00534754758701, 0.00665500760078, 0.00503938691691, 0.00479414919391, 0.0156658794731, 0.00879123806953, 0.00485709961504, 0.00819005444646, 0.00664899824187, 0.00364562706091, 0.00377416191623, 0.00165808619931, 0.00249073677696, 0.0023836621549, 0.00142274401151, 0.000917812285479, 0.000792181992438, 0.00182085926645, 0.000207584002055, 0.000230767283938, 0.000148194783833, 0.000189695099834, 0.000435627880506, 0.000228918535868, 0.000162626980455, 8.67175403982e-05, 5.16851396242e-05, 4.37207709183e-05, 2.50295615842e-05, 4.2884843424e-05, 3.83609367418e-05, 0.000117260155093, 7.34924033168e-05, 0.00021470534557, 0.000155640533194], "mean": [0.000429954670835, 0.000961242592894, 0.000705650949385, 0.000935340300202, 0.000367150525562, 0.000399200216634, 0.000510085665155, 0.000274517893558, 0.000172213374753, 0.000263451947831, 0.000153470493387, 8.77535348991e-05, 0.000115609975182, 0.000141926051583, 7.7797260019e-05, 7.10894164513e-05, 5.42765046703e-05, 6.46306652925e-05, 4.16763323301e-05, 3.60757039743e-05, 1.94156673388e-05, 1.33551448016e-05, 1.60043837241e-05, 1.09198090286e-05, 7.46548857933e-06, 9.03479212866e-06, 1.20001805044e-05, 1.14215135909e-05, 6.2394969973e-06, 3.22129562846e-06, 2.14791361941e-06, 1.36900666803e-06, 1.20278480154e-06, 9.58483951763e-07, 1.02661022083e-06, 1.1329739209e-06, 1.28453575599e-06, 1.13854048323e-06, 1.2226095123e-06, 8.36983019781e-07], "median": [0.000171035790117, 0.000580366700888, 0.000280569889583, 0.000518028566148, 0.000277583661955, 0.000249515811447, 0.000304338114802, 0.000133240362629, 7.27294973331e-05, 9.18666046346e-05, 3.55373231287e-05, 2.92209806503e-05, 2.92740623991e-05, 3.20867802657e-05, 2.16953885683e-05, 2.08764940908e-05, 1.47727432704e-05, 1.59336887009e-05, 9.84989401331e-06, 9.20564525586e-06, 6.57378177493e-06, 3.91523735743e-06, 4.55354256701e-06, 3.3215219446e-06, 2.51675191976e-06, 3.7214092572e-06, 4.38895222032e-06, 2.6000161597e-06, 1.60537570082e-06, 9.0915580131e-07, 6.20694834197e-07, 4.82462098716e-07, 5.08233370056e-07, 4.25857876962e-07, 3.9439981947e-07, 4.49517131074e-07, 4.54095612668e-07, 3.05532353195e-07, 1.99088447062e-07, 1.35804043566e-07], "min": [3.18738440172e-24, 3.46906986768e-24, 1.42950652149e-23, 2.80776358987e-23, 7.78615653101e-24, 1.05961406066e-23, 4.01633738751e-24, 6.20127028582e-24, 6.93334346106e-24, 1.06335341912e-23, 5.83248057364e-24, 7.09911548054e-24, 6.70471658237e-24, 5.9002527973e-24, 1.15941916466e-23, 1.45225206352e-23, 1.98540575735e-23, 1.19308293605e-23, 7.28359770298e-24, 1.50663360997e-23, 1.2969427851e-23, 6.75734543766e-24, 8.54583510476e-24, 8.49703932461e-24, 1.03042794266e-23, 1.39730143281e-23, 8.65098947456e-24, 8.11443784127e-24, 6.24187611206e-24, 5.94138439933e-24, 1.0249411784e-23, 1.40246452743e-23, 9.46292771671e-24, 1.1492512998e-23, 1.18847930157e-23, 8.34467557393e-24, 7.96722929661e-24, 1.19490891238e-23, 1.71741913711e-23, 9.00175016518e-24], "var": [3.53406107934e-07, 1.23782831452e-06, 1.59061653449e-06, 1.43672559716e-06, 1.2475734934e-07, 2.26409341053e-07, 3.86425995202e-07, 1.83906692541e-07, 9.17018994073e-08, 2.76575889302e-07, 1.45375793181e-07, 4.29198188101e-08, 1.22650590129e-07, 1.62080880273e-07, 3.38586332305e-08, 2.67921898001e-08, 1.37721016813e-08, 2.23231904073e-08, 1.12529248142e-08, 6.72631683685e-09, 1.49944956451e-09, 1.21367194073e-09, 2.97842728259e-09, 4.01242067349e-10, 2.03795189058e-10, 2.02388369952e-10, 3.47325779249e-10, 6.13493977841e-10, 1.95152102811e-10, 7.35723357237e-11, 2.9076357641e-11, 8.94662555845e-12, 5.30320232173e-12, 3.08444589314e-12, 4.83589600656e-12, 5.58760806721e-12, 1.27260589219e-11, 1.31619559002e-11, 3.55223385429e-11, 1.79780773601e-11]}, "melbands_crest": {"dmean": 2.93890237808, "dmean2": 4.76403427124, "dvar": 7.08607339859, "dvar2": 17.6706962585, "max": 30.8267612457, "mean": 11.6420440674, "median": 10.9422874451, "min": 1.61694633961, "var": 20.0569438934}, "melbands_flatness_db": {"dmean": 0.0245132595301, "dmean2": 0.0349744930863, "dvar": 0.000567329116166, "dvar2": 0.00118956062943, "max": 0.357992768288, "mean": 0.18470557034, "median": 0.184285655618, "min": 0.00307508604601, "var": 0.00279256468639}, "melbands_kurtosis": {"dmean": 5.0157661438, "dmean2": 7.77276849747, "dvar": 56.7856521606, "dvar2": 134.600402832, "max": 136.454116821, "mean": 10.4267292023, "median": 5.70669174194, "min": -1.78618383408, "var": 174.593017578}, "melbands_skewness": {"dmean": 0.603001952171, "dmean2": 0.918598175049, "dvar": 0.365336418152, "dvar2": 0.846704959869, "max": 8.27063369751, "mean": 2.22419953346, "median": 2.06239271164, "min": -1.86098992825, "var": 2.02606987953}, "melbands_spread": {"dmean": 6.97162771225, "dmean2": 10.4939889908, "dvar": 107.512466431, "dvar2": 215.839813232, "max": 224.250335693, "mean": 24.8271999359, "median": 19.8955535889, "min": 1.84303355217, "var": 530.22442627}, "mfcc": {"cov": [[12007.6884766, 1683.02160645, -533.232055664, 332.536712646, -93.8689651489, 70.032043457, 65.41381073, 29.4304161072, 26.2964878082, 165.259002686, -95.470123291, 35.6078491211, -12.627327919], [1683.02160645, 1181.74243164, -340.13067627, 41.6986846924, 22.2097148895, -2.66968846321, 22.5424385071, 21.6391105652, -73.4180221558, 41.7709121704, -21.1014556885, -5.95732450485, 28.9023609161], [-533.232055664, -340.13067627, 925.259277344, 186.750213623, 40.8016319275, 106.81375885, 60.778339386, 4.78334236145, 46.3189277649, -49.5290794373, -2.5308868885, 52.877658844, -9.93491268158], [332.536712646, 41.6986846924, 186.750213623, 431.10736084, 131.482009888, 25.365398407, -0.339567363262, 35.7648086548, 47.4756889343, 45.0184783936, -31.8710823059, 21.919172287, 31.2728481293], [-93.8689651489, 22.2097148895, 40.8016319275, 131.482009888, 217.69090271, 11.6643238068, -45.1686706543, -13.7489509583, 36.957660675, 43.4720611572, -6.95360374451, 0.467146217823, 12.238986969], [70.032043457, -2.66968846321, 106.81375885, 25.365398407, 11.6643238068, 155.874099731, 43.0955238342, 34.5351066589, 48.2934608459, -2.75434732437, 16.0203819275, 28.5028247833, -21.3008995056], [65.41381073, 22.5424385071, 60.778339386, -0.339567363262, -45.1686706543, 43.0955238342, 128.074035645, 59.7259979248, -0.216919288039, -17.4974536896, 10.1027297974, 26.289270401, 14.4821071625], [29.4304161072, 21.6391105652, 4.78334236145, 35.7648086548, -13.7489509583, 34.5351066589, 59.7259979248, 132.999679565, 44.0365180969, -11.2699556351, 6.04488277435, 22.4235095978, 11.2652807236], [26.2964878082, -73.4180221558, 46.3189277649, 47.4756889343, 36.957660675, 48.2934608459, -0.216919288039, 44.0365180969, 119.81375885, 18.3465385437, -12.4345874786, 18.6787586212, -2.51633143425], [165.259002686, 41.7709121704, -49.5290794373, 45.0184783936, 43.4720611572, -2.75434732437, -17.4974536896, -11.2699556351, 18.3465385437, 92.2101135254, 20.0573596954, -1.93646025658, 12.4798774719], [-95.470123291, -21.1014556885, -2.5308868885, -31.8710823059, -6.95360374451, 16.0203819275, 10.1027297974, 6.04488277435, -12.4345874786, 20.0573596954, 86.7929840088, 16.5247344971, -13.4579620361], [35.6078491211, -5.95732450485, 52.877658844, 21.919172287, 0.467146217823, 28.5028247833, 26.289270401, 22.4235095978, 18.6787586212, -1.93646025658, 16.5247344971, 79.8400344849, 26.3515586853], [-12.627327919, 28.9023609161, -9.93491268158, 31.2728481293, 12.238986969, -21.3008995056, 14.4821071625, 11.2652807236, -2.51633143425, 12.4798774719, -13.4579620361, 26.3515586853, 83.9274215698]], "icov": [[0.000115973205538, -0.000157938353368, 3.46034757968e-05, -0.000114419810416, 0.000173151696799, -1.7274847778e-05, -5.64953625144e-05, 9.82265992207e-05, -0.000108603751869, -0.000177070265636, 0.000139956464409, -0.00012264981342, 0.000169524617377], [-0.000157938353368, 0.00131400173996, 0.000406860286603, -4.04183774663e-05, -0.000421945820563, -0.000468594051199, -0.000147968981764, -0.000490706413984, 0.00130890577566, -0.000322709442116, 0.000497578061186, -8.99600199773e-05, -0.000183782860404], [3.46034757968e-05, 0.000406860286603, 0.00166530511342, -0.000879998551682, -8.51004369906e-05, -0.000769848818891, -0.000820964982267, 0.000865611364134, -0.000113613750727, 0.00104220560752, -8.26858304208e-05, -0.000552245648578, 0.000234377846937], [-0.000114419810416, -4.04183774663e-05, -0.000879998551682, 0.00379049428739, -0.00186712562572, 0.000146283011418, 0.000289385876385, -0.00157468009274, 0.000437301438069, -0.00175423466135, 0.00162946095224, -0.000464836281026, -0.000367835600628], [0.000173151696799, -0.000421945820563, -8.51004369906e-05, -0.00186712562572, 0.0070139602758, -0.000728287675884, 0.00213993876241, 0.000898052239791, -0.00158557482064, -0.00157059216872, -0.000279883126495, 0.000383731385227, -0.000819823238999], [-1.7274847778e-05, -0.000468594051199, -0.000769848818891, 0.000146283011418, -0.000728287675884, 0.00990514457226, -0.00300085614435, 0.000136416449095, -0.00365100358613, 0.000347170920577, -0.00131242442876, -0.00213837227784, 0.00343264825642], [-5.64953625144e-05, -0.000147968981764, -0.000820964982267, 0.000289385876385, 0.00213993876241, -0.00300085614435, 0.013053775765, -0.00538001954556, 0.00274253240786, 0.000119911739603, -0.00024630772532, -0.00104073074181, -0.00241492618807], [9.82265992207e-05, -0.000490706413984, 0.000865611364134, -0.00157468009274, 0.000898052239791, 0.000136416449095, -0.00538001954556, 0.0128770256415, -0.00597380381078, 0.00335611193441, -0.00267050159164, 0.000317023921525, -0.0012293580221], [-0.000108603751869, 0.00130890577566, -0.000113613750727, 0.000437301438069, -0.00158557482064, -0.00365100358613, 0.00274253240786, -0.00597380381078, 0.0149778099731, -0.00466514751315, 0.00511899869889, -0.00312670366839, 0.00193504407071], [-0.000177070265636, -0.000322709442116, 0.00104220560752, -0.00175423466135, -0.00157059216872, 0.000347170920577, 0.000119911739603, 0.00335611193441, -0.00466514751315, 0.017005065456, -0.00713943364099, 0.00307469419204, -0.00407121703029], [0.000139956464409, 0.000497578061186, -8.26858304208e-05, 0.00162946095224, -0.000279883126495, -0.00131242442876, -0.00024630772532, -0.00267050159164, 0.00511899869889, -0.00713943364099, 0.0170846451074, -0.00570221664384, 0.00508647272363], [-0.00012264981342, -8.99600199773e-05, -0.000552245648578, -0.000464836281026, 0.000383731385227, -0.00213837227784, -0.00104073074181, 0.000317023921525, -0.00312670366839, 0.00307469419204, -0.00570221664384, 0.0185902751982, -0.00764358183369], [0.000169524617377, -0.000183782860404, 0.000234377846937, -0.000367835600628, -0.000819823238999, 0.00343264825642, -0.00241492618807, -0.0012293580221, 0.00193504407071, -0.00407121703029, 0.00508647272363, -0.00764358183369, 0.017620107159]], "mean": [-660.67590332, 123.671379089, 1.34159588814, 13.2013607025, -0.859783709049, -3.02003550529, -0.741632699966, -7.24993467331, -9.09615325928, 4.60434246063, -6.89096164703, -0.507665514946, -0.671295881271]}, "pitch_salience": {"dmean": 0.0618965812027, "dmean2": 0.0989119932055, "dvar": 0.00266436184756, "dvar2": 0.00684267329052, "max": 0.957817316055, "mean": 0.613079428673, "median": 0.617752373219, "min": 0.243808448315, "var": 0.00797146745026}, "silence_rate_20dB": {"dmean": 0, "dmean2": 0, "dvar": 0, "dvar2": 0, "max": 1, "mean": 1, "median": 1, "min": 1, "var": 0}, "silence_rate_30dB": {"dmean": 0, "dmean2": 0, "dvar": 0, "dvar2": 0, "max": 1, "mean": 1, "median": 1, "min": 1, "var": 0}, "silence_rate_60dB": {"dmean": 0.0157711356878, "dmean2": 0.0315480567515, "dvar": 0.0155225163326, "dvar2": 0.0338519513607, "max": 1, "mean": 0.079207919538, "median": 0, "min": 0, "var": 0.0729328393936}, "spectral_centroid": {"dmean": 255.055633545, "dmean2": 373.825256348, "dvar": 83801.0546875, "dvar2": 169271.671875, "max": 10865.5957031, "mean": 1274.43457031, "median": 1149.56616211, "min": 279.439941406, "var": 433786.1875}, "spectral_complexity": {"dmean": 4.5068769455, "dmean2": 6.32245063782, "dvar": 31.7430706024, "dvar2": 58.3624191284, "max": 58, "mean": 17.5817756653, "median": 17, "min": 0, "var": 95.8117904663}, "spectral_contrast_coeffs": {"dmean": [0.0495086461306, 0.0467504188418, 0.0406410694122, 0.0338726602495, 0.0244483239949, 0.0176884029061], "dmean2": [0.0805005058646, 0.0763056799769, 0.0646421909332, 0.0520877726376, 0.0364282429218, 0.025764008984], "dvar": [0.00163336878177, 0.00150387792382, 0.0010708430782, 0.000826249306556, 0.000468747719424, 0.000286668975605], "dvar2": [0.00421049306169, 0.00392050249502, 0.00261620618403, 0.00178162124939, 0.000910423637833, 0.000541579385754], "max": [-0.334279447794, -0.459195494652, -0.428141325712, -0.489127635956, -0.558567225933, -0.636574685574], "mean": [-0.614685416222, -0.71080249548, -0.754251658916, -0.765334010124, -0.780754089355, -0.799211740494], "median": [-0.614326953888, -0.707928717136, -0.764875292778, -0.775615334511, -0.788817644119, -0.798793852329], "min": [-0.962799549103, -0.962225914001, -0.991404891014, -0.972709953785, -0.96358859539, -0.958922326565], "var": [0.0073416410014, 0.00550810154527, 0.00637983903289, 0.00556084467098, 0.00352600845508, 0.00150177709293]}, "spectral_contrast_valleys": {"dmean": [0.463090568781, 0.380675405264, 0.383589744568, 0.37306663394, 0.336108714342, 0.347922712564], "dmean2": [0.738177001476, 0.591705203056, 0.566108644009, 0.539450705051, 0.435312956572, 0.420607984066], "dvar": [0.201864823699, 0.132665619254, 0.130157396197, 0.139426678419, 0.130391404033, 0.133481502533], "dvar2": [0.413351178169, 0.260159432888, 0.238428667188, 0.244317501783, 0.204378187656, 0.222302511334], "max": [-5.54837036133, -4.82475090027, -5.21571016312, -5.88111019135, -5.48607110977, -7.57040500641], "mean": [-7.86432170868, -6.93314170837, -7.54690599442, -8.04203414917, -8.01182937622, -10.3251180649], "median": [-7.31552028656, -6.62649822235, -7.25923585892, -7.77575826645, -7.77995109558, -10.0665817261], "min": [-27.2935218811, -27.4543418884, -27.1864948273, -27.2034378052, -27.1538944244, -27.3018741608], "var": [4.45877122879, 3.62980484962, 3.44059824944, 3.20870184898, 2.93457794189, 2.55765104294]}, "spectral_decrease": {"dmean": 1.91091498181e-09, "dmean2": 2.77812040039e-09, "dvar": 7.424648274e-18, "dvar2": 1.57308030745e-17, "max": 5.77315488408e-17, "mean": -5.47969802867e-09, "median": -4.7462354047e-09, "min": -3.02081026859e-08, "var": 1.72378285432e-17}, "spectral_energy": {"dmean": 0.00775221269578, "dmean2": 0.0112179676071, "dvar": 0.000121503835544, "dvar2": 0.000255845079664, "max": 0.120857790112, "mean": 0.0223459266126, "median": 0.0192238800228, "min": 1.12180465607e-20, "var": 0.000286369264359}, "spectral_energyband_high": {"dmean": 0.000469367601909, "dmean2": 0.000700563192368, "dvar": 1.06457434867e-06, "dvar2": 2.59948433268e-06, "max": 0.0202122386545, "mean": 0.00065428938251, "median": 0.000254779413808, "min": 8.38159577259e-21, "var": 1.32477509851e-06}, "spectral_energyband_low": {"dmean": 0.00276614353061, "dmean2": 0.00456692976877, "dvar": 2.57639167103e-05, "dvar2": 6.35428878013e-05, "max": 0.0602328777313, "mean": 0.00470851873979, "median": 0.00269144168124, "min": 3.75197708197e-23, "var": 3.47998648067e-05}, "spectral_energyband_middle_high": {"dmean": 0.00246545439586, "dmean2": 0.00358777283691, "dvar": 1.53801884153e-05, "dvar2": 3.16086225212e-05, "max": 0.0813553258777, "mean": 0.00583646120504, "median": 0.0032714093104, "min": 1.57110436554e-21, "var": 5.36935731361e-05}, "spectral_energyband_middle_low": {"dmean": 0.00501167122275, "dmean2": 0.00742566166446, "dvar": 5.18495107826e-05, "dvar2": 0.000113844871521, "max": 0.0894238054752, "mean": 0.0122964773327, "median": 0.00994802638888, "min": 3.21589964874e-22, "var": 0.000103637910797}, "spectral_entropy": {"dmean": 0.178981766105, "dmean2": 0.238276034594, "dvar": 0.0278548710048, "dvar2": 0.049722481519, "max": 9.80797195435, "mean": 7.52535676956, "median": 7.46682071686, "min": 6.41679286957, "var": 0.16914691031}, "spectral_flux": {"dmean": 0.0226860884577, "dmean2": 0.0339512862265, "dvar": 0.000716578157153, "dvar2": 0.00152016791981, "max": 0.288182735443, "mean": 0.0738701224327, "median": 0.0643327906728, "min": 1.05915283488e-10, "var": 0.00185949041042}, "spectral_kurtosis": {"dmean": 1.51573204994, "dmean2": 2.35695362091, "dvar": 2.60082030296, "dvar2": 6.33161878586, "max": 26.6043815613, "mean": 4.75584840775, "median": 4.2411646843, "min": -1.45212626457, "var": 8.40261268616}, "spectral_rms": {"dmean": 0.000752036226913, "dmean2": 0.0010541951051, "dvar": 8.2504158172e-07, "dvar2": 1.59636135777e-06, "max": 0.0108586391434, "mean": 0.0042853592895, "median": 0.00433070491999, "min": 3.30823758145e-12, "var": 3.43647138834e-06}, "spectral_rolloff": {"dmean": 524.274047852, "dmean2": 877.357299805, "dvar": 1536411.625, "dvar2": 3163639, "max": 21727.0019531, "mean": 1967.18505859, "median": 1184.32617188, "min": 64.599609375, "var": 11771704}, "spectral_skewness": {"dmean": 0.229468300939, "dmean2": 0.335034281015, "dvar": 0.0455258227885, "dvar2": 0.0928832292557, "max": 3.51381850243, "mean": 1.62948870659, "median": 1.61588716507, "min": 0.0024764125701, "var": 0.20070245862}, "spectral_spread": {"dmean": 638816.375, "dmean2": 842705.25, "dvar": 832877166592, "dvar2": 1220943413250.0, "max": 39995164, "mean": 4912002, "median": 4321637.5, "min": 1797678.625, "var": 5798017630210.0}, "spectral_strongpeak": {"dmean": 0.598373532295, "dmean2": 0.984321594238, "dvar": 0.960584