{"lowlevel": {"average_loudness": 0.908147394657, "barkbands": {"dmean": [0.000178816233529, 0.00187564676162, 0.00288472231477, 0.00155481882393, 0.00215824111365, 0.000704302918166, 0.000877546903212, 0.000265330105321, 0.000282990426058, 0.000304947694531, 0.0001739555737, 0.000737261667382, 0.000485493714223, 0.000521170557477, 0.000368658074876, 0.000327436311636, 0.000267639232334, 0.000169972990989, 0.000223462484428, 0.000229976460105, 0.000175362118171, 0.000125228703837, 9.87286693999e-05, 3.87847503589e-05, 6.65552142891e-05, 2.66681927314e-05, 8.65993740717e-07], "dmean2": [0.000262205750914, 0.00314537039958, 0.00518155284226, 0.00263407360762, 0.00358151760884, 0.00118014228065, 0.00149682839401, 0.000422007462475, 0.000454481079942, 0.000488071294967, 0.000274509482551, 0.00119259010535, 0.000788667413872, 0.000840444408823, 0.00059217098169, 0.00051855284255, 0.000436625734437, 0.000271399010671, 0.000359080760973, 0.000365322339348, 0.000263132678811, 0.000181278053788, 0.000143274402944, 5.58671381441e-05, 9.55290379352e-05, 3.82283687941e-05, 1.38043185416e-06], "dvar": [1.46433478676e-07, 1.62527212524e-05, 5.27823649463e-05, 1.66005138453e-05, 3.2461975934e-05, 1.74082185822e-06, 7.3410560617e-06, 2.82449178712e-07, 5.33250670287e-07, 5.28848602244e-07, 1.94395553876e-07, 1.57397948897e-06, 9.67097321336e-07, 9.40731581522e-07, 5.0913143923e-07, 3.45388770029e-07, 1.631928086e-07, 7.65834755612e-08, 9.15593076911e-08, 9.49034912878e-08, 1.02366932708e-07, 6.15489739175e-08, 3.57265044215e-08, 6.23596330129e-09, 1.92387510367e-08, 3.58460749972e-09, 3.97331863591e-12], "dvar2": [2.87884262207e-07, 4.20878423029e-05, 0.000147856742842, 4.47040147264e-05, 8.22937654448e-05, 4.78192805531e-06, 1.98072993953e-05, 7.23676805592e-07, 1.35426626002e-06, 1.23897689264e-06, 4.30802231222e-07, 3.97998474e-06, 2.46075023824e-06, 2.34142976296e-06, 1.2290685163e-06, 8.28027907573e-07, 4.15537186882e-07, 1.82159496376e-07, 2.25204189519e-07, 2.31016358043e-07, 2.20078305802e-07, 1.27772764813e-07, 7.34156131443e-08, 1.29155521833e-08, 4.14396481574e-08, 7.55904050465e-09, 9.93218094575e-12], "max": [0.00354024069384, 0.03853174299, 0.0590047985315, 0.0658798515797, 0.0873239785433, 0.0233379229903, 0.0359525419772, 0.0156704951078, 0.0202456973493, 0.0229975637048, 0.0128414062783, 0.0275603849441, 0.0222171489149, 0.0171285551041, 0.0190568640828, 0.0129434978589, 0.00784678477794, 0.00973086897284, 0.00905304867774, 0.00501363072544, 0.00657900748774, 0.00361277395859, 0.00363007280976, 0.00241508614272, 0.0027741023805, 0.00180033955257, 5.00089408888e-05], "mean": [0.000203720002901, 0.00235488661565, 0.00249603716657, 0.00180275121238, 0.0028564480599, 0.00109357084148, 0.000890086696018, 0.000440810632426, 0.00043108544196, 0.000492570805363, 0.000280448934063, 0.00131487613544, 0.000767240766436, 0.000881658867002, 0.000623431347776, 0.000628417299595, 0.000525058829226, 0.000360320351319, 0.000555197533686, 0.000610235729255, 0.000401711440645, 0.000241170855588, 0.0002105920139, 8.27836702229e-05, 0.000124399826746, 4.60205665149e-05, 1.13832800253e-06], "median": [3.75478266506e-05, 0.00111504876986, 0.000851255492307, 0.000814466853626, 0.00145671726204, 0.000627102563158, 0.000251814984949, 0.000248766707955, 0.000192175037228, 0.000201589500648, 8.65044858074e-05, 0.000614572199993, 0.000343866937328, 0.000386103463825, 0.000308587856125, 0.000357533339411, 0.000336601631716, 0.000221899768803, 0.000425426405855, 0.000488660938572, 0.00022417108994, 9.95323789539e-05, 7.43548880564e-05, 3.36210650858e-05, 4.73459949717e-05, 9.81715311354e-06, 2.43767260599e-07], "min": [8.15709943902e-24, 3.44110782515e-23, 9.47341483358e-24, 1.97751131073e-23, 1.14255735748e-22, 9.00567395933e-23, 7.67287389621e-23, 2.72281778542e-23, 1.85004366312e-22, 8.56133827259e-23, 9.52670775198e-23, 1.64034259884e-22, 9.68203193987e-23, 5.60844573317e-23, 6.59685058209e-23, 2.15569002966e-22, 1.84530809955e-22, 2.11621946893e-22, 2.87473156984e-22, 3.49256465402e-22, 4.37384269688e-22, 3.43396579406e-22, 6.73010130588e-22, 1.01034517853e-21, 1.56546738008e-21, 1.56883224419e-21, 2.81805854023e-21], "var": [1.88043173921e-07, 1.65588680829e-05, 3.52329843736e-05, 1.37451506816e-05, 2.95328864013e-05, 2.10974872061e-06, 5.67635879634e-06, 4.03590803444e-07, 7.75950979914e-07, 1.04951118374e-06, 4.55765871266e-07, 3.68312453247e-06, 1.66055338013e-06, 1.94329413716e-06, 1.04799073597e-06, 8.2645067323e-07, 3.65930759472e-07, 2.12561900526e-07, 2.64955900775e-07, 2.66254915005e-07, 2.47561274591e-07, 1.36333397904e-07, 1.12907244443e-07, 1.61793956011e-08, 4.5062829912e-08, 8.30054691647e-09, 5.45713734618e-12]}, "barkbands_crest": {"dmean": 2.06218314171, "dmean2": 3.4169242382, "dvar": 3.82565140724, "dvar2": 10.0129899979, "max": 25.3505687714, "mean": 7.02162599564, "median": 6.29090213776, "min": 2.10796356201, "var": 8.97032737732}, "barkbands_flatness_db": {"dmean": 0.0164021383971, "dmean2": 0.0265891421586, "dvar": 0.000282982480712, "dvar2": 0.000753141765017, "max": 0.351853013039, "mean": 0.0926941260695, "median": 0.08421908319, "min": 0.0193004738539, "var": 0.0015734359622}, "barkbands_kurtosis": {"dmean": 1.21302688122, "dmean2": 2.02705621719, "dvar": 7.69844341278, "dvar2": 20.8046092987, "max": 73.8131256104, "mean": 0.435071587563, "median": -0.672806501389, "min": -1.89148259163, "var": 21.16705513}, "barkbands_skewness": {"dmean": 0.440197110176, "dmean2": 0.686231374741, "dvar": 0.237568676472, "dvar2": 0.584942400455, "max": 7.25285100937, "mean": 0.693400025368, "median": 0.507445216179, "min": -1.7867372036, "var": 0.860432386398}, "barkbands_spread": {"dmean": 6.0118098259, "dmean2": 9.54783535004, "dvar": 36.6817779541, "dvar2": 93.0162277222, "max": 125.88028717, "mean": 33.9784469604, "median": 33.1894760132, "min": 1.20728313923, "var": 146.093887329}, "dissonance": {"dmean": 0.00987173616886, "dmean2": 0.016898078844, "dvar": 0.000103643418697, "dvar2": 0.000283843022771, "max": 0.500000119209, "mean": 0.483376860619, "median": 0.486926674843, "min": 0.352728575468, "var": 0.000178386835614}, "dynamic_complexity": 2.96306824684, "erbbands": {"dmean": [0.0410178415477, 0.541714012623, 3.06861066818, 3.81660056114, 8.98620510101, 5.22037601471, 6.74239730835, 5.02243471146, 9.22620582581, 11.8692455292, 5.79477071762, 6.56142473221, 8.68238639832, 7.89717197418, 9.858959198, 34.104763031, 20.6723213196, 25.9161167145, 21.2829856873, 15.8725547791, 16.1118679047, 12.3408536911, 8.82234382629, 9.05928134918, 12.4015026093, 10.5277605057, 8.47686195374, 6.29752063751, 4.84605455399, 3.54993844032, 2.48994851112, 1.04715359211, 0.540316164494, 0.501975476742, 0.689982891083, 0.179120153189, 0.0401921868324, 0.00414593564346, 0.000108974301838, 1.51648355313e-05], "dmean2": [0.0633814707398, 0.932819366455, 5.53585004807, 6.45882940292, 15.3916635513, 8.6571559906, 11.0707483292, 8.57166385651, 15.2785024643, 20.5176620483, 9.04703712463, 10.5175790787, 13.8334493637, 12.3898677826, 15.4781341553, 55.0407371521, 33.5292396545, 41.5982398987, 34.0322341919, 25.4643592834, 25.6856861115, 19.9167442322, 13.9917230606, 14.5801639557, 20.0062351227, 16.889837265, 13.1835927963, 9.43978786469, 7.15644550323, 4.98682928085, 3.64638996124, 1.51697659492, 0.771237909794, 0.690024375916, 1.0450193882, 0.259759485722, 0.0581044070423, 0.00601468235254, 0.000158584851306, 2.24269879254e-05], "dvar": [0.0068158460781, 1.62952041626, 63.4994163513, 61.4248046875, 896.618103027, 116.195968628, 118.144874573, 130.865631104, 615.045471191, 1445.36682129, 139.646911621, 288.423370361, 527.597106934, 376.889678955, 429.001831055, 3595.02954102, 1685.02478027, 2490.85083008, 1759.37329102, 842.567443848, 759.043395996, 404.841796875, 215.35319519, 211.944946289, 268.918914795, 192.667877197, 305.773590088, 121.087409973, 100.476631165, 49.226184845, 22.2988300323, 4.53609275818, 1.29181015491, 1.12518155575, 2.36056613922, 0.148404926062, 0.00887707062066, 8.83132161107e-05, 5.86649768763e-08, 7.98915933409e-10], "dvar2": [0.0150228161365, 4.33869791031, 177.47177124, 166.279800415, 2367.73364258, 302.100036621, 308.16595459, 362.94631958, 1591.60620117, 3970.23242188, 353.444213867, 724.601257324, 1249.15490723, 900.485351562, 973.398010254, 9068.46582031, 4301.36767578, 6228.01025391, 4308.3515625, 1998.94506836, 1818.8984375, 1020.54754639, 503.994262695, 522.0703125, 654.643432617, 473.640167236, 700.857421875, 256.52532959, 219.139343262, 95.0901412964, 46.7279968262, 9.66239738464, 2.61417078972, 2.19250130653, 5.57676696777, 0.316219985485, 0.0193295069039, 0.000194273874513, 1.32466908553e-07, 1.84224002719e-09], "max": [1.0532232523, 10.8607568741, 64.7705917358, 132.087142944, 333.782073975, 154.401702881, 184.654968262, 274.383178711, 374.975921631, 573.319213867, 335.337493896, 616.682067871, 689.633483887, 780.143371582, 621.483215332, 1426.82226562, 1069.95300293, 962.320739746, 1001.85906982, 971.81652832, 527.717712402, 493.619445801, 560.220397949, 510.24987793, 638.445129395, 235.69909668, 439.369842529, 167.074783325, 137.763565063, 130.214797974, 71.7200469971, 58.1282615662, 37.0281867981, 34.2587623596, 22.5642299652, 9.3319644928, 3.64097189903, 0.312455177307, 0.00607881695032, 0.000345935986843], "mean": [0.0599588267505, 0.571222782135, 2.60531830788, 4.79726171494, 8.98787021637, 8.03413105011, 11.3946084976, 6.97443294525, 10.9592170715, 11.4398431778, 10.6969432831, 10.516210556, 13.7062225342, 13.5612106323, 19.0722980499, 61.2012748718, 36.9192314148, 47.0882873535, 38.8387413025, 31.9294910431, 34.0679206848, 26.3790931702, 19.6070709229, 22.4460334778, 32.1141738892, 28.7877120972, 19.3491191864, 14.2595567703, 9.24152469635, 7.6252913475, 5.17347955704, 2.20194888115, 1.15736496449, 1.0549595356, 1.11057126522, 0.312750458717, 0.0680865570903, 0.00686191627756, 0.000183721916983, 3.48867833964e-05], "median": [0.026540024206, 0.252984583378, 0.85140389204, 2.43687415123, 3.16776227951, 4.26785564423, 6.54601860046, 3.46127605438, 3.85213851929, 3.16043949127, 6.24507951736, 5.06174755096, 6.48219871521, 5.64859580994, 9.12819862366, 30.028678894, 20.6060638428, 22.3454837799, 19.1577720642, 19.2706336975, 21.8706245422, 17.1453056335, 12.679517746, 15.1503076553, 26.1008434296, 23.0791950226, 12.2950210571, 7.40395402908, 3.94039201736, 2.66444563866, 1.97437059879, 0.88000202179, 0.478105932474, 0.371069520712, 0.419765591621, 0.0890883654356, 0.0142135554925, 0.00154257984832, 5.54317412025e-05, 2.48357082455e-05], "min": [1.14473860206e-21, 6.92871280337e-21, 9.87645250335e-21, 3.29741172469e-20, 2.07427170825e-19, 3.02603037394e-19, 7.932891617e-19, 7.6152790772e-19, 1.37241692011e-18, 5.93415390639e-19, 8.47849167724e-19, 3.57579632254e-18, 4.32164357418e-18, 3.93584115981e-18, 3.63477305944e-18, 6.93627256855e-18, 4.02011597498e-18, 2.73429038934e-18, 4.70187740867e-18, 3.64332279825e-18, 1.36303904943e-17, 1.0556948816e-17, 1.21530748716e-17, 1.5841455025e-17, 1.20188474464e-17, 1.41226613933e-17, 1.80691764917e-17, 1.97363143486e-17, 1.32992692679e-17, 1.83515610636e-17, 1.71334218063e-17, 1.61131491146e-17, 2.14932277716e-17, 1.26020858789e-17, 1.32303800121e-17, 6.58076729847e-18, 3.20719223388e-18, 9.75324110768e-19, 3.47916353242e-19, 4.87426386458e-20], "var": [0.00946898665279, 1.32501661777, 41.8830451965, 56.0887413025, 680.817138672, 139.041061401, 203.885681152, 128.320846558, 579.022460938, 1046.50854492, 226.74017334, 445.4609375, 848.966674805, 779.828796387, 1159.3112793, 7984.06933594, 2877.19433594, 5510.27490234, 3800.64160156, 1917.16345215, 1889.35546875, 919.913208008, 563.53527832, 609.276794434, 745.900817871, 586.411376953, 558.74407959, 340.63873291, 198.418014526, 155.385910034, 62.0136375427, 11.3970556259, 3.343719244, 3.43197107315, 3.90820813179, 0.340094506741, 0.0193961877376, 0.000184446689673, 1.12398026886e-07, 1.303710917e-09]}, "erbbands_crest": {"dmean": 2.67737054825, "dmean2": 4.38267993927, "dvar": 7.28605890274, "dvar2": 18.3694591522, "max": 29.9204063416, "mean": 8.3868560791, "median": 7.19509077072, "min": 2.4405169487, "var": 18.8060150146}, "erbbands_flatness_db": {"dmean": 0.0150809651241, "dmean2": 0.0217965673655, "dvar": 0.000210216632695, "dvar2": 0.000398058036808, "max": 0.323670744896, "mean": 0.151068627834, "median": 0.145561754704, "min": 0.0434490032494, "var": 0.00186243536882}, "erbbands_kurtosis": {"dmean": 0.63333940506, "dmean2": 1.00161361694, "dvar": 0.501275420189, "dvar2": 1.18002319336, "max": 16.1889820099, "mean": 0.168127387762, "median": -0.0621629953384, "min": -1.73132991791, "var": 1.40544092655}, "erbbands_skewness": {"dmean": 0.271643251181, "dmean2": 0.423182457685, "dvar": 0.0581289306283, "dvar2": 0.142982780933, "max": 3.48353385925, "mean": -0.21750639379, "median": -0.243305712938, "min": -2.12734293938, "var": 0.244524732232}, "erbbands_spread": {"dmean": 7.87101364136, "dmean2": 11.9611930847, "dvar": 65.7249832153, "dvar2": 146.759902954, "max": 160.684814453, "mean": 37.2913742065, "median": 34.2228240967, "min": 6.48706293106, "var": 275.921356201}, "gfcc": {"cov": [[15606.0390625, -341.265625, -717.62890625, 468.482696533, -307.309661865, 451.075500488, -396.23046875, 198.144485474, -33.6168441772, 296.980773926, -223.806518555, 275.092254639, -278.19619751], [-341.265625, 979.480163574, -430.061798096, -123.060974121, 66.7897338867, -306.880187988, 95.1301879883, -151.593811035, -1.66373562813, -131.784957886, 88.593460083, -199.297729492, 119.567741394], [-717.62890625, -430.061798096, 920.217041016, 94.764175415, 92.2549514771, 268.092071533, -23.4876880646, 162.480957031, 35.458694458, 106.008529663, -85.9116744995, 188.709121704, -108.418304443], [468.482696533, -123.060974121, 94.764175415, 260.776550293, 13.6121425629, 112.83807373, 3.01080322266, 25.7152805328, 50.036315918, 9.9596786499, 1.79302227497, 30.827003479, -19.9323940277], [-307.309661865, 66.7897338867, 92.2549514771, 13.6121425629, 199.542190552, 69.9812316895, 41.2085113525, 39.3390731812, 2.98771071434, 27.5563545227, -0.29983779788, 15.5799398422, 7.39835119247], [451.075500488, -306.880187988, 268.092071533, 112.83807373, 69.9812316895, 330.75592041, 39.5095596313, 109.439613342, 12.7539691925, 63.7901496887, -29.4761199951, 119.581924438, -60.3871421814], [-396.23046875, 95.1301879883, -23.4876880646, 3.01080322266, 41.2085113525, 39.5095596313, 111.192169189, 24.6207523346, 7.09436750412, -24.9150676727, 18.923866272, -22.0980358124, 14.0197687149], [198.144485474, -151.593811035, 162.480957031, 25.7152805328, 39.3390731812, 109.439613342, 24.6207523346, 136.727981567, 39.1595954895, 52.5368881226, -38.6367912292, 59.618270874, -24.1835136414], [-33.6168441772, -1.66373562813, 35.458694458, 50.036315918, 2.98771071434, 12.7539691925, 7.09436750412, 39.1595954895, 95.7039108276, 21.7348117828, -5.47875404358, 8.47369194031, 1.35301840305], [296.980773926, -131.784957886, 106.008529663, 9.9596786499, 27.5563545227, 63.7901496887, -24.9150676727, 52.5368881226, 21.7348117828, 98.4664077759, -2.68529462814, 48.6465187073, -27.8351898193], [-223.806518555, 88.593460083, -85.9116744995, 1.79302227497, -0.29983779788, -29.4761199951, 18.923866272, -38.6367912292, -5.47875404358, -2.68529462814, 72.9708023071, -10.5243282318, 18.0493431091], [275.092254639, -199.297729492, 188.709121704, 30.827003479, 15.5799398422, 119.581924438, -22.0980358124, 59.618270874, 8.47369194031, 48.6465187073, -10.5243282318, 133.494766235, -19.7562408447], [-278.19619751, 119.567741394, -108.418304443, -19.9323940277, 7.39835119247, -60.3871421814, 14.0197687149, -24.1835136414, 1.35301840305, -27.8351898193, 18.0493431091, -19.7562408447, 80.7954940796]], "icov": [[0.00019052978314, -0.000467785546789, 0.000524165283423, -0.000531906844117, 0.000449820217909, -0.000380537705496, 0.000679687014781, -0.00045100908028, 0.000589013681747, -0.000742751522921, 0.000961134093814, -0.000695446098689, 0.000691391120199], [-0.000467785546789, 0.00379695137963, -0.00113933952525, 0.00188896153122, -0.00274558109231, 0.00234613148496, -0.00313767138869, 0.00221691606566, -0.00271540740505, 0.00318940007128, -0.00357766449451, 0.00288458634168, -0.00243079103529], [0.000524165283423, -0.00113933952525, 0.00351982191205, -0.0016825334169, 0.000455674424302, -0.000994230853394, 0.00163475901354, -0.00154341023881, 0.00139922474045, -0.00216674525291, 0.00409047165886, -0.00401438446715, 0.00360325560905], [-0.000531906844117, 0.00188896153122, -0.0016825334169, 0.00719544896856, -0.00169089110568, -0.00149894249626, -0.000232097736443, 0.00187069433741, -0.0053496225737, 0.00445196591318, -0.00492146750912, 0.00334213045426, -0.00193481962197], [0.000449820217909, -0.00274558109231, 0.000455674424302, -0.00169089110568, 0.00855377502739, -0.00267872679979, 0.000243180300458, -0.00189804343972, 0.00311398599297, -0.00507656205446, 0.00315051735379, -0.0011451455066, -0.000374314462533], [-0.000380537705496, 0.00234613148496, -0.000994230853394, -0.00149894249626, -0.00267872679979, 0.00993773620576, -0.00724258134142, 0.000624748528935, 0.000445385900093, -0.000120448719827, 0.000146718462929, -0.00376066192985, 0.00162906839978], [0.000679687014781, -0.00313767138869, 0.00163475901354, -0.000232097736443, 0.000243180300458, -0.00724258134142, 0.021951450035, -0.0101819913834, 0.00126673176419, 0.00552159082144, -0.0055461935699, 0.00390183972195, 0.000902093946934], [-0.00045100908028, 0.00221691606566, -0.00154341023881, 0.00187069433741, -0.00189804343972, 0.000624748528935, -0.0101819913834, 0.0204116478562, -0.00630004005507, -0.00521211000159, 0.00717743299901, -0.00255850236863, -0.00184532313142], [0.000589013681747, -0.00271540740505, 0.00139922474045, -0.0053496225737, 0.00311398599297, 0.000445385900093, 0.00126673176419, -0.00630004005507, 0.0170423127711, -0.00625634472817, 0.00398016953841, -0.00213473383337, 0.000694707559887], [-0.000742751522921, 0.00318940007128, -0.00216674525291, 0.00445196591318, -0.00507656205446, -0.000120448719827, 0.00552159082144, -0.00521211000159, -0.00625634472817, 0.0239331908524, -0.0123758995906, 0.00306288944557, 0.000633791321889], [0.000961134093814, -0.00357766449451, 0.00409047165886, -0.00492146750912, 0.00315051735379, 0.000146718462929, -0.0055461935699, 0.00717743299901, 0.00398016953841, -0.0123758995906, 0.0290434323251, -0.00965388119221, 0.00263152853586], [-0.000695446098689, 0.00288458634168, -0.00401438446715, 0.00334213045426, -0.0011451455066, -0.00376066192985, 0.00390183972195, -0.00255850236863, -0.00213473383337, 0.00306288944557, -0.00965388119221, 0.0206346772611, -0.00708128139377], [0.000691391120199, -0.00243079103529, 0.00360325560905, -0.00193481962197, -0.000374314462533, 0.00162906839978, 0.000902093946934, -0.00184532313142, 0.000694707559887, 0.000633791321889, 0.00263152853586, -0.00708128139377, 0.0211429521441]], "mean": [0.531671583652, 75.5073547363, -135.555831909, 44.0299377441, -51.9455680847, 14.361577034, -39.2952957153, 2.34159016609, -37.057094574, 8.21375751495, -18.0667057037, -2.98878240585, -12.2146549225]}, "hfc": {"dmean": 6.40603876114, "dmean2": 8.91973114014, "dvar": 97.0538253784, "dvar2": 179.340576172, "max": 136.158416748, "mean": 24.004699707, "median": 19.5000171661, "min": 1.24500846585e-16, "var": 367.396942139}, "melbands": {"dmean": [0.000400936289225, 0.00129926751833, 0.000861273729242, 0.000509125762619, 0.000223733062739, 0.000116222574434, 0.000158558570547, 0.000113045331091, 4.6462231694e-05, 4.20224423578e-05, 4.47209386039e-05, 3.4109227272e-05, 2.6597883334e-05, 7.77362729423e-05, 7.00401651557e-05, 4.77593821415e-05, 5.17716616741e-05, 3.78297481802e-05, 2.32580932789e-05, 2.57841111306e-05, 1.99565565708e-05, 1.52110114868e-05, 1.08309141069e-05, 8.27960775496e-06, 8.04329920356e-06, 1.00327297332e-05, 9.51596393861e-06, 7.50951403461e-06, 6.94748177921e-06, 3.52824895344e-06, 4.20089145337e-06, 3.22338769365e-06, 2.03712033908e-06, 2.26834868045e-06, 1.8527678094e-06, 8.27282633509e-07, 6.28611985576e-07, 3.99393712769e-07, 3.78554034342e-07, 4.65386392534e-07], "dmean2": [0.00064447306795, 0.00231457967311, 0.00147316453513, 0.000843619462103, 0.000371182453819, 0.000197260946152, 0.00026531497133, 0.000193914092961, 7.29395469534e-05, 6.70935114613e-05, 7.12707042112e-05, 5.36790466867e-05, 4.20397991547e-05, 0.000125015911181, 0.000112617068226, 7.6650911069e-05, 8.34545789985e-05, 6.04080378253e-05, 3.70974557882e-05, 4.11379078287e-05, 3.21757725033e-05, 2.47142270382e-05, 1.73444659595e-05, 1.33814801302e-05, 1.30703010655e-05, 1.62645646924e-05, 1.55848047143e-05, 1.22020210256e-05, 1.10744485937e-05, 5.40111523151e-06, 6.49870344205e-06, 4.93946299684e-06, 2.94501523967e-06, 3.29224008055e-06, 2.80679387288e-06, 1.23458812595e-06, 9.49503430547e-07, 5.93451261466e-07, 5.38842925835e-07, 6.58488602312e-07], "dvar": [5.98792439632e-07, 1.10497921924e-05, 4.45052228315e-06, 2.11176597986e-06, 1.26889332819e-07, 6.2310405724e-08, 2.07143045827e-07, 1.20615993637e-07, 9.30780874597e-09, 1.20240644108e-08, 1.36947946316e-08, 7.38863548122e-09, 3.91836030289e-09, 1.66857319073e-08, 1.47402916539e-08, 1.0367187997e-08, 1.0329708644e-08, 5.63570745626e-09, 1.88966420289e-09, 2.4047304148e-09, 1.17684717527e-09, 6.28874841091e-10, 3.29123395204e-10, 2.09378001048e-10, 1.77146630698e-10, 1.73294142924e-10, 1.4101725343e-10, 1.01072053504e-10, 2.61971860871e-10, 3.60339223737e-11, 5.78556855202e-11, 4.52896539715e-11, 1.71406291938e-11, 2.12951115075e-11, 1.24499967627e-11, 2.80789692712e-12, 1.88127074682e-12, 7.15772439149e-13, 6.12828527074e-13, 1.06671301566e-12], "dvar2": [1.4296866766e-06, 3.05115536321e-05, 1.18680072774e-05, 5.3372509683e-06, 3.37555036367e-07, 1.71915047531e-07, 5.4782776715e-07, 3.30044514385e-07, 2.35144455019e-08, 3.02255820372e-08, 3.24106679273e-08, 1.76257373141e-08, 8.75060557348e-09, 4.1616878832e-08, 3.70295545338e-08, 2.58300438816e-08, 2.57394550118e-08, 1.3767988527e-08, 4.42072423112e-09, 5.73932190662e-09, 2.90663138003e-09, 1.59240876041e-09, 7.80179032489e-10, 5.16634068859e-10, 4.44510872555e-10, 4.37020197808e-10, 3.58236246223e-10, 2.544325306e-10, 6.17451090257e-10, 8.12412290219e-11, 1.2968795482e-10, 1.05035855014e-10, 3.49016163192e-11, 4.43811792872e-11, 2.78797401831e-11, 6.18743598024e-12, 4.24532240959e-12, 1.55874217613e-12, 1.20856753424e-12, 2.24293348651e-12], "max": [0.00842450000346, 0.0263849124312, 0.0272222291678, 0.021267529577, 0.00545988371596, 0.005507519003, 0.00560577353463, 0.00526207173243, 0.00253097503446, 0.00347330584191, 0.00343113439158, 0.00354348844849, 0.00186892191414, 0.00275022722781, 0.00219912966713, 0.00217854673974, 0.00194786617067, 0.00172504619695, 0.00107154715806, 0.00135482114274, 0.000785366049968, 0.000680093071423, 0.00039865844883, 0.00059993629111, 0.000461866351543, 0.000378139811801, 0.000277832208667, 0.000188140387763, 0.000429014937254, 0.000129914362333, 0.000117387891805, 8.85539921001e-05, 7.48806487536e-05, 0.000111628069135, 5.60707776458e-05, 3.26023073285e-05, 4.9698544899e-05, 2.43848917307e-05, 2.48036831181e-05, 3.36926350428e-05], "mean": [0.000591171032283, 0.00117525027599, 0.000979873468168, 0.00061791256303, 0.000385660037864, 0.000166726618772, 0.000177056630491, 0.000113980997412, 8.47265109769e-05, 6.46774788038e-05, 6.85515260557e-05, 5.53349018446e-05, 4.65714801976e-05, 0.00013967101404, 0.000118232244859, 7.82126007834e-05, 8.79608123796e-05, 6.2970961153e-05, 4.10451721109e-05, 4.7909848945e-05, 3.83309561585e-05, 2.91005144391e-05, 2.02944738703e-05, 1.67804100784e-05, 1.76391276909e-05, 2.29752204177e-05, 2.29101897276e-05, 1.82101593964e-05, 1.38390914799e-05, 7.80047048465e-06, 8.57475424709e-06, 5.54268808628e-06, 3.79998368771e-06, 4.69555197924e-06, 3.58679540113e-06, 1.60021500051e-06, 1.21635127925e-06, 7.89199418705e-07, 7.7333857007e-07, 9.13494147881e-07], "median": [0.00029286328936, 0.000447032391094, 0.000473336956929, 0.000285164511297, 0.000236124935327, 8.85558401933e-05, 5.75799640501e-05, 3.56181990355e-05, 5.03013216075e-05, 2.86752547254e-05, 3.15156867146e-05, 2.08470664802e-05, 1.64391276485e-05, 6.70473673381e-05, 6.05874811299e-05, 3.43331739714e-05, 3.78696822736e-05, 2.72503966698e-05, 2.17755041376e-05, 2.6209085263e-05, 2.43045942625e-05, 1.80983442988e-05, 1.15779366752e-05, 1.02607982626e-05, 1.11803046821e-05, 1.76297453436e-05, 1.83187585208e-05, 1.4036826542e-05, 8.41260589368e-06, 4.45842306362e-06, 4.05707669415e-06, 2.28025692195e-06, 1.43250440487e-06, 1.43314241541e-06, 1.30552473365e-06, 6.44325041321e-07, 4.57705453982e-07, 3.18876715255e-07, 2.89685431198e-07, 2.92092067866e-07], "min": [1.05808871921e-23, 7.17861057168e-24, 1.21728424198e-23, 1.60778719281e-23, 2.68973737668e-23, 1.71101137775e-23, 1.96320500267e-23, 6.0369406985e-24, 9.09931963739e-24, 2.51130492852e-23, 2.07628947561e-23, 1.50483295607e-23, 1.1425159265e-23, 1.8516428735e-23, 1.5814351365e-23, 6.07506792377e-24, 4.58511911638e-24, 7.84472472005e-24, 4.10050647952e-24, 9.63062376794e-24, 1.66461736351e-23, 1.0274797328e-23, 9.84583448921e-24, 1.13604213948e-23, 1.35895395757e-23, 7.86072834124e-24, 9.23412018887e-24, 9.37270096181e-24, 1.33515134194e-23, 1.06401693003e-23, 1.02081930129e-23, 7.85028540057e-24, 6.05843439716e-24, 1.18238259007e-23, 9.48294585104e-24, 9.99064095242e-24, 9.30729177099e-24, 1.54687845345e-23, 1.53956587063e-23, 8.14949008673e-24], "var": [8.24295170787e-07, 7.61359979151e-06, 3.61289244211e-06, 1.8478332322e-06, 2.04167577067e-07, 6.45853859282e-08, 1.76818787168e-07, 8.99550798295e-08, 1.44353045073e-08, 1.88379534194e-08, 2.21381171173e-08, 1.51598680276e-08, 1.02616830588e-08, 4.09786302669e-08, 2.73723124167e-08, 1.89125088923e-08, 2.165747226e-08, 1.1210739892e-08, 3.8857184137e-09, 5.52530110554e-09, 2.55066656685e-09, 1.2827713336e-09, 7.14714065708e-10, 5.34378485906e-10, 4.41054442968e-10, 4.41206016166e-10, 3.69061198269e-10, 2.67351474292e-10, 3.8143493919e-10, 8.89896351053e-11, 1.43397627106e-10, 7.63837187945e-11, 3.87253389078e-11, 6.80717704427e-11, 3.15223888658e-11, 6.2463038214e-12, 3.8907492679e-12, 1.59410299631e-12, 1.70548460337e-12, 2.93099789231e-12]}, "melbands_crest": {"dmean": 3.11496210098, "dmean2": 5.14792919159, "dvar": 10.844162941, "dvar2": 28.7590503693, "max": 34.416885376, "mean": 11.09649086, "median": 9.8335351944, "min": 2.24325275421, "var": 22.8980941772}, "melbands_flatness_db": {"dmean": 0.0222772918642, "dmean2": 0.0358363986015, "dvar": 0.000593350850977, "dvar2": 0.00152127444744, "max": 0.474740803242, "mean": 0.141922920942, "median": 0.132844358683, "min": 0.00640772422776, "var": 0.0026996252127}, "melbands_kurtosis": {"dmean": 4.21634435654, "dmean2": 6.97849845886, "dvar": 76.1108093262, "dvar2": 207.933319092, "max": 201.843917847, "mean": 5.71940851212, "median": 1.83847284317, "min": -1.52817595005, "var": 183.859100342}, "melbands_skewness": {"dmean": 0.66085422039, "dmean2": 1.03206396103, "dvar": 0.586701095104, "dvar2": 1.44073784351, "max": 11.9781780243, "mean": 1.84749376774, "median": 1.54795360565, "min": -0.85452157259, "var": 1.78748202324}, "melbands_spread": {"dmean": 9.65371131897, "dmean2": 15.1578617096, "dvar": 98.0904464722, "dvar2": 229.128936768, "max": 137.490722656, "mean": 42.2402877808, "median": 42.2203102112, "min": 1.08463490009, "var": 339.749084473}, "mfcc": {"cov": [[8486.2578125, -142.220916748, 322.070587158, 156.428817749, 190.664199829, 339.671325684, -96.8613586426, 179.325775146, 24.7373886108, -3.02132129669, 192.395507812, -6.58077478409, 21.8244972229], [-142.220916748, 999.75604248, -361.211364746, 84.0607757568, -72.1590042114, -123.407928467, 50.6537475586, -142.064193726, -21.7946243286, 7.08747196198, -118.672943115, -2.45317006111, -21.6020336151], [322.070587158, -361.211364746, 577.496765137, 3.45634579659, 122.486686707, 122.810302734, -31.3371963501, 143.974411011, 31.8928852081, -23.067029953, 123.769882202, -6.08454036713, 24.4699440002], [156.428817749, 84.0607757568, 3.45634579659, 158.594573975, 29.9909362793, 4.96522378922, -10.2768535614, -10.7053766251, 2.89859223366, 15.3626976013, -17.9337005615, 13.328245163, 15.7194232941], [190.664199829, -72.1590042114, 122.486686707, 29.9909362793, 156.905685425, 83.6947250366, 20.8505401611, 53.3877716064, 34.277557373, 6.32991027832, 50.3196601868, 5.14706659317, 16.0270748138], [339.671325684, -123.407928467, 122.810302734, 4.96522378922, 83.6947250366, 170.358337402, 43.4715385437, 93.0358352661, 7.96346569061, 3.33548402786, 57.9007110596, 9.03480052948, 9.52146911621], [-96.8613586426, 50.6537475586, -31.3371963501, -10.2768535614, 20.8505401611, 43.4715385437, 128.971038818, 29.4635124207, 6.14136123657, 5.66922712326, 3.66740465164, 8.66819000244, -1.28164994717], [179.325775146, -142.064193726, 143.974411011, -10.7053766251, 53.3877716064, 93.0358352661, 29.4635124207, 162.567581177, 47.8354949951, 5.37851285934, 58.6339302063, -1.01648569107, 6.25262832642], [24.7373886108, -21.7946243286, 31.8928852081, 2.89859223366, 34.277557373, 7.96346569061, 6.14136123657, 47.8354949951, 87.5607070923, 34.3644180298, 17.4524097443, -2.63588190079, 2.77613949776], [-3.02132129669, 7.08747196198, -23.067029953, 15.3626976013, 6.32991027832, 3.33548402786, 5.66922712326, 5.37851285934, 34.3644180298, 71.0861358643, 16.9484500885, 2.45976567268, -4.88178682327], [192.395507812, -118.672943115, 123.769882202, -17.9337005615, 50.3196601868, 57.9007110596, 3.66740465164, 58.6339302063, 17.4524097443, 16.9484500885, 104.499893188, 17.9534854889, 2.38196372986], [-6.58077478409, -2.45317006111, -6.08454036713, 13.328245163, 5.14706659317, 9.03480052948, 8.66819000244, -1.01648569107, -2.63588190079, 2.45976567268, 17.9534854889, 59.9740867615, 26.3941249847], [21.8244972229, -21.6020336151, 24.4699440002, 15.7194232941, 16.0270748138, 9.52146911621, -1.28164994717, 6.25262832642, 2.77613949776, -4.88178682327, 2.38196372986, 26.3941249847, 61.1703681946]], "icov": [[0.000139014722663, -3.18582351611e-05, 3.62139944627e-05, -0.00015550176613, 4.88189762109e-05, -0.000327188696247, 0.000204735348234, 2.13991497731e-05, -6.52977905702e-05, 0.000132970730192, -0.000259377469774, 0.000154072797159, -3.79395060008e-05], [-3.18582351611e-05, 0.00151563540567, 0.000632337003481, -0.000847835035529, -4.94581108796e-05, 0.000552556244656, -0.000849750591442, 0.000552244076971, -0.000284632173134, 0.000328960246406, 0.000292658805847, 9.64365608525e-05, 0.000350388872903], [3.62139944627e-05, 0.000632337003481, 0.00353547045961, -0.000872013974003, -0.000910524453502, -0.000312413147185, 0.00097834947519, -0.00123828754295, -0.00025602732785, 0.00209091231227, -0.00299518927932, 0.00179600447882, -0.00102538277861], [-0.00015550176613, -0.000847835035529, -0.000872013974003, 0.00852217338979, -0.00250576343387, 2.46686831815e-05, 0.00132299622055, -0.00043401151197, 0.00152485514991, -0.0035454116296, 0.00400897115469, -0.00269925082102, -0.000703906756826], [4.88189762109e-05, -4.94581108796e-05, -0.000910524453502, -0.00250576343387, 0.01165509969, -0.00476079294458, -0.00112686119974, 0.00249057123438, -0.0051539959386, 0.00250821583904, -0.00367591902614, 0.00199813535437, -0.00190253590699], [-0.000327188696247, 0.000552556244656, -0.000312413147185, 2.46686831815e-05, -0.00476079294458, 0.0134298224002, -0.00307681667618, -0.00568400323391, 0.0052027371712, -0.00203205063008, -0.000641728402115, -0.00085672485875, 0.000100343379017], [0.000204735348234, -0.000849750591442, 0.00097834947519, 0.00132299622055, -0.00112686119974, -0.00307681667618, 0.0103704323992, -0.00201290240511, 0.000380170444259, -0.000629676273093, 0.00106809393037, -0.00178965344094, 0.000755833927542], [2.13991497731e-05, 0.000552244076971, -0.00123828754295, -0.00043401151197, 0.00249057123438, -0.00568400323391, -0.00201290240511, 0.0139279775321, -0.00788145698607, 0.00329669192433, -0.00334948021919, 0.00191223714501, -0.000513266830239], [-6.52977905702e-05, -0.000284632173134, -0.00025602732785, 0.00152485514991, -0.0051539959386, 0.0052027371712, 0.000380170444259, -0.00788145698607, 0.0208101626486, -0.0103462859988, 0.00258447625674, 4.98566696479e-05, -0.000904815562535], [0.000132970730192, 0.000328960246406, 0.00209091231227, -0.0035454116296, 0.00250821583904, -0.00203205063008, -0.000629676273093, 0.00329669192433, -0.0103462859988, 0.02186017856, -0.00695611396804, 0.00141248025466, 0.00132789358031], [-0.000259377469774, 0.000292658805847, -0.00299518927932, 0.00400897115469, -0.00367591902614, -0.000641728402115, 0.00106809393037, -0.00334948021919, 0.00258447625674, -0.00695611396804, 0.0206580143422, -0.00855933595449, 0.00400797044858], [0.000154072797159, 9.64365608525e-05, 0.00179600447882, -0.00269925082102, 0.00199813535437, -0.00085672485875, -0.00178965344094, 0.00191223714501, 4.98566696479e-05, 0.00141248025466, -0.00855933595449, 0.0250967405736, -0.0110539710149], [-3.79395060008e-05, 0.000350388872903, -0.00102538277861, -0.000703906756826, -0.00190253590699, 0.000100343379017, 0.000755833927542, -0.000513266830239, -0.000904815562535, 0.00132789358031, 0.00400797044858, -0.0110539710149, 0.0223878864199]], "mean": [-630.156433105, 100.465209961, -21.3555488586, 31.6872253418, 2.65381765366, 12.8356027603, 6.29481601715, -6.1069226265, -6.37004756927, 0.501569449902, -5.23764705658, -0.775189995766, 1.22148060799]}, "pitch_salience": {"dmean": 0.0674873664975, "dmean2": 0.112907677889, "dvar": 0.00403593946248, "dvar2": 0.0111871212721, "max": 0.846348583698, "mean": 0.607806682587, "median": 0.620453000069, "min": 0.167202562094, "var": 0.00923803728074}, "silence_rate_20dB": {"dmean": 0, "dmean2": 0, "dvar": 0, "dvar2": 0, "max": 1, "mean": 1, "median": 1, "min": 1, "var": 0}, "silence_rate_30dB": {"dmean": 0.00205461867154, "dmean2": 0.00410958891734, "dvar": 0.00205023307353, "dvar2": 0.00580445257947, "max": 1, "mean": 0.998801589012, "median": 1, "min": 0, "var": 0.00119717488997}, "silence_rate_60dB": {"dmean": 0.00701994681731, "dmean2": 0.0140410959721, "dvar": 0.00697080558166, "dvar2": 0.0162423662841, "max": 1, "mean": 0.0516178719699, "median": 0, "min": 0, "var": 0.0489528812468}, "spectral_centroid": {"dmean": 267.680450439, "dmean2": 424.259796143, "dvar": 76286, "dvar2": 175223.59375, "max": 10562.15625, "mean": 2072.76220703, "median": 2121.57617188, "min": 181.275344849, "var": 330904.875}, "spectral_complexity": {"dmean": 4.09194421768, "dmean2": 6.03099298477, "dvar": 16.4517269135, "dvar2": 29.5294628143, "max": 62, "mean": 26.7617702484, "median": 27, "min": 0, "var": 145.034683228}, "spectral_contrast_coeffs": {"dmean": [0.0499166361988, 0.0443705357611, 0.0384976230562, 0.0302808005363, 0.0193417724222, 0.0168093070388], "dmean2": [0.08114990592, 0.0738362446427, 0.0624634921551, 0.0493596941233, 0.0320210643113, 0.0271369908005], "dvar": [0.00205133599229, 0.00133507023565, 0.00094407168217, 0.000560954387765, 0.000227153286687, 0.000195907792659], "dvar2": [0.0050587086007, 0.00367830251344, 0.00246371258982, 0.00148518441711, 0.000604225322604, 0.000477500841953], "max": [-0.266316503286, -0.456545293331, -0.504620909691, -0.573026657104, -0.636781334877, -0.579266309738], "mean": [-0.630834102631, -0.749988436699, -0.768326044083, -0.781629681587, -0.792946517467, -0.727955520153], "median": [-0.64418643713, -0.754555821419, -0.772570729256, -0.783565163612, -0.792959094048, -0.721195340157], "min": [-0.965048968792, -0.970229804516, -0.966326832771, -0.960081219673, -0.965020239353, -0.961474657059], "var": [0.00894476473331, 0.00424568122253, 0.00375068816356, 0.00218861736357, 0.00105346203782, 0.00165396940429]}, "spectral_contrast_valleys": {"dmean": [0.41258469224, 0.375031352043, 0.297267943621, 0.239512473345, 0.183540344238, 0.26430991292], "dmean2": [0.653826296329, 0.593843817711, 0.479301005602, 0.378697991371, 0.280322343111, 0.343769311905], "dvar": [0.14671626687, 0.119082584977, 0.0725740939379, 0.0507918782532, 0.0446853227913, 0.102440461516], "dvar2": [0.31906747818, 0.270319551229, 0.162458077073, 0.102273270488, 0.0778096988797, 0.163812711835], "max": [-5.37748527527, -4.63827705383, -5.61422014236, -5.68466377258, -5.44464731216, -7.82240533829], "mean": [-7.59999418259, -7.05026817322, -7.41808700562, -7.27669239044, -7.0130610466, -10.1883516312], "median": [-7.16778945923, -6.9036693573, -7.23543930054, -7.04997730255, -6.76857709885, -9.891954422], "min": [-27.0057811737, -27.120634079, -27.373128891, -27.3458518982, -27.0647144318, -27.1496143341], "var": [1.95245838165, 1.50110983849, 1.46126401424, 1.62601196766, 1.5752197504, 1.880417943]}, "spectral_decrease": {"dmean": 2.38186070867e-09, "dmean2": 3.81964637697e-09, "dvar": 2.06522166993e-17, "dvar2": 5.09242858421e-17, "max": -2.04998465925e-29, "mean": -4.91208762554e-09, "median": -3.67809960267e-09, "min": -3.85102723044e-08, "var": 2.48560362534e-17}, "spectral_energy": {"dmean": 0.00946274865419, "dmean2": 0.0150006255135, "dvar": 0.000315831595799, "dvar2": 0.000769629434217, "max": 0.151499897242, "mean": 0.0207166504115, "median": 0.0158551186323, "min": 1.13699666812e-20, "var": 0.000406340201152}, "spectral_energyband_high": {"dmean": 0.00051150372019, "dmean2": 0.000692875997629, "dvar": 8.0440054262e-07, "dvar2": 1.42495321143e-06, "max": 0.0159442797303, "mean": 0.00140481209382, "median": 0.000811442849226, "min": 8.43963170141e-21, "var": 2.65266317001e-06}, "spectral_energyband_low": {"dmean": 0.0048570362851, "dmean2": 0.00831501465291, "dvar": 0.000119882592116, "dvar2": 0.000325953034917, "max": 0.0867816060781, "mean": 0.00591783132404, "median": 0.00302517507225, "min": 5.19882939259e-23, "var": 0.000102683203295}, "spectral_energyband_middle_high": {"dmean": 0.00180117657874, "dmean2": 0.00281307799742, "dvar": 4.52463200418e-06, "dvar2": 1.08740614451e-05, "max": 0.0358624756336, "mean": 0.00668211700395, "median": 0.00580369960517, "min": 1.54797360065e-21, "var": 2.39407145273e-05}, "spectral_energyband_middle_low": {"dmean": 0.00468640401959, "dmean2": 0.00758765777573, "dvar": 0.000141367796459, "dvar2": 0.000351178838173, "max": 0.119687788188, "mean": 0.00767697812989, "median": 0.0047962917015, "min": 5.4817497493e-22, "var": 0.000138799456181}, "spectral_entropy": {"dmean": 0.0923385769129, "dmean2": 0.139031499624, "dvar": 0.00865279883146, "dvar2": 0.0185022037476, "max": 9.80376338959, "mean": 7.84790229797, "median": 7.89464855194, "min": 5.66585969925, "var": 0.0862226262689}, "spectral_flux": {"dmean": 0.0245704986155, "dmean2": 0.038521528244, "dvar": 0.00125305063557, "dvar2": 0.00254916027188, "max": 0.350401878357, "mean": 0.0816679671407, "median": 0.0699570327997, "min": 1.06630045071e-10, "var": 0.00293837976642}, "spectral_kurtosis": {"dmean": 1.11280536652, "dmean2": 1.90534579754, "dvar": 1.91432213783, "dvar2": 5.80661916733, "max": 40.3698806763, "mean": 3.58024930954, "median": 3.20243644714, "min": -1.18210947514, "var": 4.56790447235}, "spectral_rms": {"dmean": 0.000810996047221, "dmean2": 0.00123186362907, "dvar": 1.46559148106e-06, "dvar2": 3.35140384777e-06, "max": 0.0121574988589, "mean": 0.00409238832071, "median": 0.00393299013376, "min": 3.3305630389e-12, "var": 3.46376805282e-06}, "spectral_rolloff": {"dmean": 620.663696289, "dmean2": 1032.19360352, "dvar": 594217.5, "dvar2": 1434120.125, "max": 18798.4863281, "mean": 2504.09643555, "median": 2347.11914062, "min": 43.06640625, "var": 1749210.5}, "spectral_skewness": {"dmean": 0.161109283566, "dmean2": 0.264151483774, "dvar": 0.0236193202436, "dvar2": 0.0640379413962, "max": 4.64080047607, "mean": 1.18554711342, "median": 1.17184925079, "min": 0.0789651200175, "var": 0.130914390087}, "spectral_spread": {"dmean": 417139.59375, "dmean2": 593059.0625, "dvar": 328219131904, "dvar2": 569502269440, "max": 40629016, "mean": 4303303, "median": 4165323.25, "min": 1562911.625, "var": 2173908418560.0}, "spectral_strongpeak": {"dme