{"lowlevel": {"average_loudness": 0.89140111208, "barkbands": {"dmean": [1.7346770619e-05, 0.000792201433796, 0.000639296369627, 0.00059222697746, 0.000725124264136, 0.000796718581114, 0.000680485391058, 0.00124721089378, 0.00111287727486, 0.000379562494345, 0.000496052089147, 0.000351365684764, 0.00078139489051, 0.000422544108005, 0.000455511617474, 0.000274842139333, 0.000180525661563, 0.000220566507778, 0.00017138387193, 0.000182024712558, 5.43293645023e-05, 6.68183347443e-05, 3.24209067912e-05, 4.10906104662e-05, 2.81961492874e-05, 3.91454523196e-06, 1.21774769468e-06], "dmean2": [2.76957762253e-05, 0.00119639607146, 0.000959266617429, 0.000935323594604, 0.0011691377731, 0.00119400210679, 0.00104821252171, 0.00190225918777, 0.00172960455529, 0.000601389212534, 0.000793502142187, 0.0005592359812, 0.00124286266509, 0.0006749877939, 0.000745545257814, 0.00044851648272, 0.000292555079795, 0.000361066748155, 0.000267266965238, 0.000288018112769, 8.38481209939e-05, 0.000100206780189, 4.82047762489e-05, 5.93587355979e-05, 4.04842357966e-05, 5.28315922566e-06, 1.60550189321e-06], "dvar": [7.6108341851e-10, 1.19118647035e-06, 8.07314677331e-07, 7.97276754838e-07, 1.56358464665e-06, 3.12383690471e-06, 3.35363642989e-06, 1.30559919853e-05, 1.03107413452e-05, 9.52600544224e-07, 2.20420633923e-06, 9.84154780781e-07, 7.57639827498e-06, 2.86347381007e-06, 1.36703567932e-06, 5.16980549037e-07, 1.84588088814e-07, 1.91297871766e-07, 1.23445246913e-07, 2.29573643651e-07, 1.2346029088e-08, 1.90974471792e-08, 4.67274752225e-08, 1.32145146381e-07, 2.0769899578e-08, 8.55424620028e-11, 6.1733435204e-12], "dvar2": [1.86257753665e-09, 2.76096943708e-06, 1.95771804101e-06, 2.09331597034e-06, 4.09834092352e-06, 7.49266519051e-06, 7.35211142455e-06, 3.0432949643e-05, 2.45264363912e-05, 2.29113493333e-06, 5.60638272873e-06, 2.53758616964e-06, 1.8391670892e-05, 6.52291100778e-06, 3.58249462806e-06, 1.38610164413e-06, 4.88163379941e-07, 4.77660989873e-07, 2.81872303276e-07, 5.4173301578e-07, 2.88460668685e-08, 4.06948537091e-08, 1.16136909867e-07, 2.98921207786e-07, 4.51535129287e-08, 1.63314653467e-10, 1.15059515735e-11], "max": [0.000568451941945, 0.0216393992305, 0.013111460954, 0.0126099744812, 0.025627469644, 0.0557983070612, 0.0571598298848, 0.087488591671, 0.0708316639066, 0.0205578096211, 0.0326218605042, 0.0253095459193, 0.0560649223626, 0.0594083592296, 0.0183204393834, 0.0173715129495, 0.013162560761, 0.0133826183155, 0.013246960938, 0.0120759056881, 0.00282595353201, 0.00371458451264, 0.0118601219729, 0.0131576517597, 0.0046858699061, 0.000305668974761, 4.51761297882e-05], "mean": [3.47174282069e-05, 0.00209363736212, 0.00146132975351, 0.00107154960278, 0.00142673938535, 0.0016442561755, 0.00118964759167, 0.00205041724257, 0.00183066586033, 0.000598637212534, 0.000747035315726, 0.000562211382203, 0.00132421357557, 0.000792183971498, 0.000957643205766, 0.000486773555167, 0.000333577016136, 0.000413948844653, 0.000402350560762, 0.00039795198245, 0.000137904135045, 0.000191259867279, 8.00120760687e-05, 7.65578297433e-05, 7.42636548239e-05, 1.12704083222e-05, 2.20640163207e-06], "median": [2.05485102924e-05, 0.0014046584256, 0.000988988438621, 0.000638787692878, 0.000883978500497, 0.000619967526291, 0.000357322540367, 0.000315492681693, 0.000391684501665, 0.000121670127555, 9.17034194572e-05, 0.000104196245957, 0.000172936401214, 5.83397086302e-05, 0.000179939437658, 0.000107518579171, 0.000105980652734, 0.000159562550834, 0.000228328848607, 0.000142060482176, 6.81913152221e-05, 7.54718348617e-05, 3.70362395188e-05, 2.63448382611e-05, 2.38702232309e-05, 4.01663646699e-06, 9.08294111923e-07], "min": [6.12264925256e-25, 3.96037125616e-24, 3.73422455616e-23, 2.30043814871e-23, 5.49418270204e-23, 6.88572261034e-23, 6.33712475548e-24, 3.61507784493e-23, 7.78710663508e-23, 1.4093051821e-22, 3.80799188604e-23, 1.31979849944e-22, 1.49869927854e-22, 1.3269267728e-22, 1.11630760065e-22, 1.55515773798e-22, 1.29687950268e-22, 1.32026007774e-22, 3.70139115554e-22, 3.13758683922e-22, 5.63943711202e-22, 3.98670662018e-22, 9.02994967063e-22, 5.08665589622e-22, 1.18611661583e-21, 1.60211374304e-21, 2.4331992297e-21], "var": [1.73824699079e-09, 5.10356767336e-06, 2.37621566157e-06, 1.67791233707e-06, 3.08284779749e-06, 8.9231371021e-06, 7.63762272982e-06, 2.89958752546e-05, 1.76081830432e-05, 2.04767957257e-06, 4.59889315607e-06, 2.33717287301e-06, 1.66188328876e-05, 7.81842118158e-06, 4.01249826609e-06, 1.19977300983e-06, 3.53113932761e-07, 4.06105613138e-07, 3.78199587203e-07, 5.54639200345e-07, 4.48688517452e-08, 8.5637424263e-08, 5.01242993778e-08, 1.6882201237e-07, 3.71815289668e-08, 3.95367377726e-10, 1.13227838563e-11]}, "barkbands_crest": {"dmean": 2.15805363655, "dmean2": 3.44777202606, "dvar": 4.47263908386, "dvar2": 11.1009941101, "max": 25.5584068298, "mean": 9.67697525024, "median": 8.46033477783, "min": 2.57599806786, "var": 21.5129261017}, "barkbands_flatness_db": {"dmean": 0.0165063850582, "dmean2": 0.0238374825567, "dvar": 0.000303819397232, "dvar2": 0.000615602184553, "max": 0.414374917746, "mean": 0.132028400898, "median": 0.1094500646, "min": 0.0241033639759, "var": 0.00500777503476}, "barkbands_kurtosis": {"dmean": 3.49942612648, "dmean2": 5.23534393311, "dvar": 115.891357422, "dvar2": 225.030914307, "max": 343.96194458, "mean": 13.1754789352, "median": 0.88985824585, "min": -1.87328612804, "var": 1628.12084961}, "barkbands_skewness": {"dmean": 0.45534569025, "dmean2": 0.685721099377, "dvar": 0.339592933655, "dvar2": 0.680981755257, "max": 16.2268295288, "mean": 1.45956921577, "median": 0.946951806545, "min": -8.69528865814, "var": 6.84026861191}, "barkbands_spread": {"dmean": 4.47655439377, "dmean2": 6.63622570038, "dvar": 26.5516929626, "dvar2": 55.4320716858, "max": 111.311164856, "mean": 22.9821281433, "median": 21.900220871, "min": 0.742370903492, "var": 201.46307373}, "dissonance": {"dmean": 0.0165436994284, "dmean2": 0.027877561748, "dvar": 0.0002957622346, "dvar2": 0.000809671124443, "max": 0.500000119209, "mean": 0.465265452862, "median": 0.470354259014, "min": 0.292154103518, "var": 0.00060170510551}, "dynamic_complexity": 5.28217554092, "erbbands": {"dmean": [0.0149557124823, 0.2096721977, 0.675475299358, 1.35585153103, 2.30337405205, 2.68652796745, 2.98609852791, 8.60275936127, 9.16120624542, 11.6594810486, 29.7901248932, 31.2458629608, 12.9925279617, 11.284453392, 21.9507770538, 15.7778100967, 33.6923446655, 26.9018287659, 25.1306476593, 13.7273368835, 12.6659450531, 8.90310668945, 11.8686618805, 8.48746967316, 10.7888097763, 7.9522986412, 2.12799286842, 2.36231136322, 2.81000113487, 1.4114023447, 0.910760402679, 0.833733201027, 0.73668718338, 0.485814362764, 0.11763291806, 0.0263213254511, 0.00552015285939, 0.00110505835619, 0.000210155936657, 1.55123525474e-05], "dmean2": [0.0246122032404, 0.313954263926, 1.00668513775, 2.12335848808, 3.69398903847, 4.29004001617, 4.46147871017, 12.7910852432, 14.0955400467, 18.0123710632, 45.2681007385, 48.7553634644, 20.6166572571, 17.4668502808, 34.9247741699, 24.8825855255, 53.5831413269, 42.8885955811, 41.1282539368, 21.6963729858, 20.6440792084, 14.2668237686, 19.3742523193, 13.5946121216, 16.7745113373, 12.5709104538, 3.21580219269, 3.66731452942, 4.29229736328, 2.10019922256, 1.3506333828, 1.22885096073, 1.07013654709, 0.708067595959, 0.169367149472, 0.0359389968216, 0.00738614005968, 0.00147955841385, 0.000278866791632, 2.0948036763e-05], "dvar": [0.000456604466308, 0.086261883378, 0.908867716789, 4.36195611954, 12.42710495, 25.2294235229, 42.1351165771, 365.720153809, 646.005981445, 1360.49279785, 7989.57128906, 8366.85644531, 1558.94152832, 844.647766113, 5194.38330078, 1946.82568359, 14099.6425781, 9862.85058594, 4497.22753906, 1063.12512207, 1213.55004883, 365.486480713, 556.789733887, 251.207901001, 549.698120117, 620.358642578, 28.8916511536, 20.5705661774, 36.4324226379, 12.4698200226, 41.6607894897, 56.5552787781, 47.0669441223, 7.23493432999, 0.226109430194, 0.00565442442894, 0.000156298046932, 4.68937560072e-06, 1.82760430789e-07, 6.93680446417e-10], "dvar2": [0.00122391397599, 0.194180250168, 2.15674209595, 11.2323541641, 33.4819412231, 65.6703414917, 90.3941268921, 865.094238281, 1478.31115723, 3106.74511719, 18029.5449219, 19770.5996094, 3932.06201172, 1884.07446289, 13363.2441406, 4800.96826172, 33376.6953125, 23896.5351562, 11834.5585938, 2700.74853516, 3345.48461914, 918.364746094, 1369.69921875, 622.693847656, 1256.07287598, 1532.77990723, 63.8561096191, 47.991569519, 81.9298324585, 27.0276832581, 100.419403076, 130.971237183, 112.424446106, 16.1570644379, 0.492650657892, 0.0109820691869, 0.000301165535348, 9.10150265554e-06, 3.4247850067e-07, 1.27799137939e-09], "max": [0.374495148659, 6.22545480728, 15.9412584305, 31.6501464844, 49.6207122803, 100.468490601, 199.186187744, 523.892333984, 910.5390625, 1414.91088867, 2373.25024414, 2171.60302734, 1163.86633301, 840.470153809, 1584.68127441, 1174.56591797, 2702.50317383, 3453.44140625, 1184.2298584, 837.752319336, 895.674621582, 447.406951904, 654.209533691, 325.186035156, 870.940307617, 800.345153809, 220.524795532, 104.034141541, 173.526260376, 96.465927124, 377.516906738, 369.303741455, 279.308776855, 91.5922317505, 17.1923751831, 2.20931887627, 0.542883992195, 0.0799248218536, 0.00669798720628, 0.000558123050723], "mean": [0.0374420136213, 0.543810367584, 1.71110022068, 2.80665421486, 4.08894491196, 5.01444339752, 6.66809511185, 17.6391830444, 16.4714221954, 21.1029987335, 51.3790016174, 51.7267723083, 22.2995643616, 19.4572410583, 35.2377052307, 28.3473396301, 59.3562316895, 53.3919410706, 49.9747390747, 32.3936233521, 23.5362796783, 18.1732311249, 23.2323741913, 18.6803684235, 25.9742336273, 18.1238555908, 5.35645532608, 6.27576684952, 7.65440988541, 4.06166267395, 2.20152521133, 1.57908582687, 1.32554125786, 1.17095303535, 0.334878772497, 0.078431032598, 0.0152884582058, 0.00236334884539, 0.000381498597562, 4.89624908369e-05], "median": [0.0282419603318, 0.344854533672, 1.16198456287, 1.88662016392, 2.87254142761, 2.65283560753, 2.87181711197, 5.86526250839, 6.2047419548, 7.01376724243, 9.31132984161, 12.7909421921, 4.92894124985, 4.87430429459, 4.62058401108, 6.18601989746, 9.80436992645, 6.8052072525, 10.4494247437, 7.61694478989, 6.43859863281, 6.20854568481, 9.18140411377, 9.78921222687, 13.6700220108, 6.84971666336, 2.7441842556, 2.90701174736, 2.83114433289, 1.91174376011, 0.921367764473, 0.53737282753, 0.451352030039, 0.367360919714, 0.103586755693, 0.0248216316104, 0.00581071013585, 0.0011288842652, 0.00016179427621, 4.01205033995e-05], "min": [1.18740529901e-22, 1.41110065477e-21, 2.84328827593e-20, 8.1847072382e-20, 8.8914619858e-20, 1.66606402132e-19, 4.91677551969e-19, 5.67014525522e-19, 6.56954726555e-20, 4.80786736928e-19, 7.56561256828e-19, 2.00218777755e-18, 3.1278968392e-18, 3.66401017178e-18, 2.27559888735e-18, 6.12673861359e-18, 6.72271314595e-18, 7.84989520947e-18, 5.84216035873e-18, 6.69564779631e-18, 7.9289877381e-18, 7.58040224744e-18, 6.77301689413e-18, 1.54071239921e-17, 1.56125377536e-17, 1.77904993433e-17, 2.22251469561e-17, 1.97624615277e-17, 1.36578793604e-17, 1.80964271298e-17, 2.61943334208e-17, 1.35481480619e-17, 9.51479471558e-18, 1.06575116446e-17, 9.6614447392e-18, 5.52476950333e-18, 3.12188447692e-18, 1.40949549787e-18, 3.31594037654e-19, 3.58116860212e-20], "var": [0.00122842926066, 0.38255956769, 3.04257917404, 9.81542301178, 19.51720047, 50.7933120728, 136.369934082, 1148.10571289, 1406.75952148, 2693.13745117, 18602.9863281, 13805.6699219, 2968.33837891, 2060.80322266, 11549.3525391, 5013.72460938, 32910.546875, 26048.7910156, 10884.6601562, 3694.04174805, 2599.74658203, 832.256103516, 1169.05249023, 690.979614258, 1663.04467773, 1338.3894043, 77.9754638672, 83.1143264771, 154.058334351, 38.4063682556, 47.2567024231, 68.9097213745, 52.893989563, 11.7372789383, 0.50767827034, 0.0220266506076, 0.00069565809099, 1.17734389278e-05, 3.34953909942e-07, 1.77322811989e-09]}, "erbbands_crest": {"dmean": 2.89860391617, "dmean2": 4.74213314056, "dvar": 8.03988456726, "dvar2": 19.854642868, "max": 33.6993331909, "mean": 11.2201623917, "median": 9.78290843964, "min": 2.16044998169, "var": 33.1751976013}, "erbbands_flatness_db": {"dmean": 0.014925243333, "dmean2": 0.0224496889859, "dvar": 0.000240607725573, "dvar2": 0.000475874403492, "max": 0.375563919544, "mean": 0.156312957406, "median": 0.151328846812, "min": 0.0232925005257, "var": 0.00193925155327}, "erbbands_kurtosis": {"dmean": 1.32987320423, "dmean2": 2.06161952019, "dvar": 7.36178636551, "dvar2": 14.599981308, "max": 90.035118103, "mean": 2.36741304398, "median": 0.0900654792786, "min": -1.76321220398, "var": 61.5058135986}, "erbbands_skewness": {"dmean": 0.352569818497, "dmean2": 0.539680659771, "dvar": 0.136246681213, "dvar2": 0.298763513565, "max": 8.1757183075, "mean": 0.357858836651, "median": 0.287816762924, "min": -5.95236253738, "var": 1.64257633686}, "erbbands_spread": {"dmean": 6.37489318848, "dmean2": 9.98740196228, "dvar": 40.8889122009, "dvar2": 94.2454376221, "max": 128.241439819, "mean": 35.2022819519, "median": 34.1619300842, "min": 1.41572284698, "var": 285.36706543}, "gfcc": {"cov": [[34856.515625, 2502.71386719, -4648.125, 717.768371582, -2919.88378906, 230.309783936, -1214.53955078, 540.737487793, -491.115844727, 265.130523682, -253.303131104, -101.923278809, -162.000076294], [2502.71386719, 997.952697754, -50.9233512878, 40.7136917114, 67.7557601929, -74.1950759888, 25.5952110291, -19.273897171, -90.6288375854, -62.0121650696, 38.0385246277, -14.2795305252, -32.0140342712], [-4648.125, -50.9233512878, 1336.61779785, 66.0510406494, 574.174133301, -56.7182998657, 142.39112854, -79.2106170654, 35.3289146423, -108.418449402, 12.5592861176, 86.2020111084, 33.5472831726], [717.768371582, 40.7136917114, 66.0510406494, 343.148498535, 58.0999946594, -87.5503845215, -131.589614868, -3.90588831902, 35.4686470032, 3.82489514351, -26.9163589478, 4.07169294357, 42.5470237732], [-2919.88378906, 67.7557601929, 574.174133301, 58.0999946594, 730.456054688, -30.8609275818, 132.211700439, -130.436431885, 52.5311508179, 0.716333985329, -19.8389720917, -41.8750915527, -12.9307985306], [230.309783936, -74.1950759888, -56.7182998657, -87.5503845215, -30.8609275818, 227.739334106, 73.7957458496, 10.0936517715, -31.1993198395, 30.2310714722, -2.6755502224, -24.5138320923, -43.8584098816], [-1214.53955078, 25.5952110291, 142.39112854, -131.589614868, 132.211700439, 73.7957458496, 239.795135498, -0.287533164024, -41.0967674255, -35.5549621582, 41.989151001, 3.49598646164, -41.6893768311], [540.737487793, -19.273897171, -79.2106170654, -3.90588831902, -130.436431885, 10.0936517715, -0.287533164024, 155.38104248, 29.4845561981, -11.2658233643, -21.5651416779, 18.8365573883, 2.37568449974], [-491.115844727, -90.6288375854, 35.3289146423, 35.4686470032, 52.5311508179, -31.1993198395, -41.0967674255, 29.4845561981, 132.247192383, 35.5316429138, -30.8543281555, -18.1876678467, 19.4884243011], [265.130523682, -62.0121650696, -108.418449402, 3.82489514351, 0.716333985329, 30.2310714722, -35.5549621582, -11.2658233643, 35.5316429138, 107.81942749, 1.91720294952, -32.5495223999, -14.1339645386], [-253.303131104, 38.0385246277, 12.5592861176, -26.9163589478, -19.8389720917, -2.6755502224, 41.989151001, -21.5651416779, -30.8543281555, 1.91720294952, 104.786972046, 24.5466251373, -9.97598934174], [-101.923278809, -14.2795305252, 86.2020111084, 4.07169294357, -41.8750915527, -24.5138320923, 3.49598646164, 18.8365573883, -18.1876678467, -32.5495223999, 24.5466251373, 99.4858169556, 36.2434463501], [-162.000076294, -32.0140342712, 33.5472831726, 42.5470237732, -12.9307985306, -43.8584098816, -41.6893768311, 2.37568449974, 19.4884243011, -14.1339645386, -9.97598934174, 36.2434463501, 79.9546813965]], "icov": [[0.000213276318391, -0.000562967034057, 0.000465591030661, -0.000503338582348, 0.000402978534112, -0.000412167311879, 0.000499418645632, -0.000177499547135, 0.000453362095868, -0.000364123872714, 0.000690053275321, -0.00056903186487, 0.000553137797397], [-0.000562967034057, 0.00271589495242, -0.00102681166027, 0.00117897731252, -0.00143991084769, 0.00154905812815, -0.00117553293239, 0.000135698035592, -0.000302648433717, 0.00164548540488, -0.00230963062495, 0.00187076081056, -0.00102141685784], [0.000465591030661, -0.00102681166027, 0.00254167173989, -0.00125876278616, -0.000361214537406, -0.00105898140464, 0.00105428358074, -0.00028278681566, 0.000480603135657, 0.000666541047394, 0.00120155839249, -0.00273443502374, 0.00144455314148], [-0.000503338582348, 0.00117897731252, -0.00125876278616, 0.00554064940661, -0.00184500205796, 0.00143607868813, 0.00164987880271, -0.000472615705803, -0.000699421972968, 0.00102255656384, -0.00196168478578, 0.00163218122907, -0.00223773461767], [0.000402978534112, -0.00143991084769, -0.000361214537406, -0.00184500205796, 0.00440212758258, -0.000158984403242, -0.0017235185951, 0.00224145874381, -0.000610777118709, -0.00211164308712, 0.002994726412, 8.68712377269e-05, 0.00114263675641], [-0.000412167311879, 0.00154905812815, -0.00105898140464, 0.00143607868813, -0.000158984403242, 0.00728161167353, -0.00311849289574, -1.84205273399e-05, 0.00104849832132, -0.00203564856201, 0.000302899978124, 0.00179890461732, 0.000415275862906], [0.000499418645632, -0.00117553293239, 0.00105428358074, 0.00164987880271, -0.0017235185951, -0.00311849289574, 0.0107170017436, -0.0030141340103, 0.00250934669748, 0.00242726108991, -0.00210714573041, -0.00127277977299, 0.00304055190645], [-0.000177499547135, 0.000135698035592, -0.00028278681566, -0.000472615705803, 0.00224145874381, -1.84205273399e-05, -0.0030141340103, 0.0104071572423, -0.00482415268198, 0.001340847346, 0.00243834266439, -0.00234873616137, 0.0013182052644], [0.000453362095868, -0.000302648433717, 0.000480603135657, -0.000699421972968, -0.000610777118709, 0.00104849832132, 0.00250934669748, -0.00482415268198, 0.0139141045511, -0.00507367216051, 0.00245863641612, 0.00183539825957, -0.00191754137632], [-0.000364123872714, 0.00164548540488, 0.000666541047394, 0.00102255656384, -0.00211164308712, -0.00203564856201, 0.00242726108991, 0.001340847346, -0.00507367216051, 0.0159526914358, -0.00471058720723, 0.00253694318235, 0.00118386454415], [0.000690053275321, -0.00230963062495, 0.00120155839249, -0.00196168478578, 0.002994726412, 0.000302899978124, -0.00210714573041, 0.00243834266439, 0.00245863641612, -0.00471058720723, 0.015905149281, -0.00603048503399, 0.00377857103013], [-0.00056903186487, 0.00187076081056, -0.00273443502374, 0.00163218122907, 8.68712377269e-05, 0.00179890461732, -0.00127277977299, -0.00234873616137, 0.00183539825957, 0.00253694318235, -0.00603048503399, 0.01896552369, -0.00906655192375], [0.000553137797397, -0.00102141685784, 0.00144455314148, -0.00223773461767, 0.00114263675641, 0.000415275862906, 0.00304055190645, 0.0013182052644, -0.00191754137632, 0.00118386454415, 0.00377857103013, -0.00906655192375, 0.0210203211755]], "mean": [-46.5299606323, 82.2101516724, -109.147827148, 33.955406189, -47.7106208801, 9.10493373871, -32.4266777039, 9.1646938324, -20.5672721863, 4.34830760956, -12.5953855515, -6.77485561371, -14.5705528259]}, "hfc": {"dmean": 5.1491060257, "dmean2": 7.40461683273, "dvar": 77.8480758667, "dvar2": 159.287704468, "max": 241.073074341, "mean": 21.0563087463, "median": 17.0301074982, "min": 1.19701610845e-16, "var": 407.079101562}, "melbands": {"dmean": [0.000175023567863, 0.000319252081681, 0.000245431059739, 0.000184981006896, 0.000100419667433, 0.000177449619514, 0.000140568314237, 0.000149243773194, 0.000231835627346, 0.0001925820834, 6.08961745456e-05, 4.53102002211e-05, 6.57701239106e-05, 4.6370401833e-05, 5.5105159845e-05, 7.8287870565e-05, 5.08412631461e-05, 4.02654150093e-05, 2.66251608991e-05, 2.13950315811e-05, 1.30200678541e-05, 7.87750832387e-06, 1.52025586431e-05, 9.8303962659e-06, 7.20288790035e-06, 7.21127298675e-06, 9.67141750152e-06, 4.67551672045e-06, 1.42913597756e-06, 1.5380738887e-06, 1.56057160439e-06, 1.7897593807e-06, 1.30767091377e-06, 7.02773888861e-07, 5.41894394246e-07, 5.69150699903e-07, 5.23825519849e-07, 5.27094073277e-07, 5.30431691459e-07, 4.01460084731e-07], "dmean2": [0.000272414181381, 0.000469933613203, 0.000382885773433, 0.000299178005662, 0.000151439468027, 0.00026479686494, 0.000215879350435, 0.000229077530093, 0.000352028611815, 0.000300840416458, 9.73083006102e-05, 7.0354937634e-05, 0.000104713588371, 7.41578769521e-05, 8.76259364304e-05, 0.000123362682643, 8.14372178866e-05, 6.58678472973e-05, 4.29870378866e-05, 3.48155663232e-05, 2.13551993511e-05, 1.2662347217e-05, 2.48190153798e-05, 1.60138752108e-05, 1.16938099382e-05, 1.14014310384e-05, 1.52324137161e-05, 7.42659676689e-06, 2.19231060328e-06, 2.43509384745e-06, 2.46539912041e-06, 2.78596144199e-06, 1.94195899894e-06, 1.06365462216e-06, 8.28941551845e-07, 8.58730743403e-07, 7.88390707385e-07, 7.9149793919e-07, 7.94256720837e-07, 5.91843786424e-07], "dvar": [5.71140859051e-08, 1.93433237428e-07, 1.24738093632e-07, 1.08083945349e-07, 4.03126279025e-08, 1.53651953383e-07, 1.43800278352e-07, 2.01532699862e-07, 4.44589119297e-07, 3.3699194546e-07, 3.7032517497e-08, 1.4939308457e-08, 4.14789340653e-08, 1.57733133221e-08, 3.3728539961e-08, 8.95244411936e-08, 4.16520791191e-08, 1.19832890277e-08, 4.71159289361e-09, 3.30072280619e-09, 1.42953815452e-09, 2.60914234662e-10, 1.59710056291e-09, 3.41874251131e-10, 2.01532332489e-10, 2.58331883662e-10, 5.0819437547e-10, 2.55100301993e-10, 1.8313274508e-11, 1.18784921135e-11, 9.44842468154e-12, 1.44848317368e-11, 8.35864190363e-12, 3.26150044472e-12, 9.49318488402e-12, 3.07922194687e-11, 2.11369793196e-11, 2.40266972984e-11, 2.03689200923e-11, 3.12883226272e-12], "dvar2": [1.43097096839e-07, 4.43408566753e-07, 3.27273994571e-07, 2.84736984213e-07, 8.91415012916e-08, 3.6703855244e-07, 3.25064519302e-07, 4.75448217685e-07, 1.00964393823e-06, 7.94211530319e-07, 9.37255251188e-08, 3.31976899304e-08, 1.06303652103e-07, 3.9988371725e-08, 7.95112242713e-08, 2.17285247572e-07, 9.78279501851e-08, 3.11380965456e-08, 1.22233227984e-08, 8.63190230405e-09, 3.89951670954e-09, 6.48607334508e-10, 3.98714572469e-09, 8.53159709546e-10, 5.07358821622e-10, 5.98235572191e-10, 1.18467569088e-09, 6.34945707123e-10, 4.07362026056e-11, 2.94043851767e-11, 2.34455319742e-11, 3.51343051874e-11, 1.75769728633e-11, 7.28589584498e-12, 2.29739335195e-11, 7.6225609158e-11, 4.84065600104e-11, 5.79284120672e-11, 4.72658717721e-11, 7.11628412448e-12], "max": [0.00486672855914, 0.00899228174239, 0.00481588812545, 0.00737314019352, 0.00584313832223, 0.011168750003, 0.0135535355657, 0.013896218501, 0.0169628821313, 0.0134721873328, 0.00565440719947, 0.00322218728252, 0.00433926936239, 0.00257647247054, 0.00624114833772, 0.00730466190726, 0.00783874001354, 0.00208456348628, 0.0017072664341, 0.0018128384836, 0.00111128750723, 0.00028967516846, 0.00116563146003, 0.000414592126617, 0.000293855497148, 0.00062513112789, 0.000534992024768, 0.000525022740476, 0.000176004992682, 0.000107582643977, 6.16490287939e-05, 9.91374981822e-05, 8.8260290795e-05, 5.48093266843e-05, 0.000183579017175, 0.00029311151593, 0.000216490720049, 0.000190240330994, 0.000185570286703, 5.13249033247e-05], "mean": [0.000458366557723, 0.000872854201589, 0.000527572003193, 0.000339718855685, 0.000236459527514, 0.00036124655162, 0.000250757060712, 0.000262625719188, 0.000395212264266, 0.000312155403662, 9.88458341453e-05, 7.33098131604e-05, 0.000102315789263, 7.79662223067e-05, 9.08960792003e-05, 0.000135166352266, 9.57592783379e-05, 7.32561311452e-05, 6.22967927484e-05, 3.91147659684e-05, 2.25833391596e-05, 1.54724039021e-05, 2.59145708696e-05, 1.83332522283e-05, 1.41819109558e-05, 1.60695344675e-05, 2.0809515263e-05, 9.6785452115e-06, 2.94854635285e-06, 3.40845258506e-06, 3.67822053704e-06, 4.4925786824e-06, 3.40028168466e-06, 1.79815231149e-06, 1.26162797187e-06, 1.09037011953e-06, 9.09486516321e-07, 8.74966815445e-07, 1.02353192233e-06, 9.81925722954e-07], "median": [0.000337063916959, 0.000598680460826, 0.000390147673897, 0.000216097585508, 0.000111104673124, 0.000126473678392, 8.85063054739e-05, 7.63021744206e-05, 7.09648738848e-05, 6.85476406943e-05, 1.9731309294e-05, 1.56416390382e-05, 1.3201006368e-05, 1.29262234623e-05, 1.59577648446e-05, 1.64712000696e-05, 7.29543307898e-06, 1.35480067911e-05, 1.09758302642e-05, 9.22241542867e-06, 5.96997551838e-06, 5.74135719944e-06, 7.21304013496e-06, 7.63452226238e-06, 6.65354536977e-06, 8.52761058923e-06, 8.16653482616e-06, 3.18667548527e-06, 1.31495153255e-06, 1.575422516e-06, 1.55505563271e-06, 1.58296040809e-06, 1.23204438296e-06, 8.38788878355e-07, 4.90784827889e-07, 3.94801958237e-07, 2.76609199545e-07, 2.75081930567e-07, 3.42918809793e-07, 2.85424761159e-07], "min": [1.00925582315e-24, 1.08190979419e-23, 1.35035284935e-23, 8.84205158581e-24, 1.61609105824e-23, 1.24589851471e-23, 7.82603414002e-25, 6.37472107736e-24, 6.56690810425e-24, 1.25411883978e-23, 1.64203905999e-23, 1.66523803927e-23, 5.24041837617e-24, 1.54051471253e-23, 1.80372919761e-23, 1.28603646755e-23, 1.43461408031e-23, 9.23267972886e-24, 6.78936687953e-24, 1.16514976582e-23, 8.37089257725e-24, 7.59032417787e-24, 8.31284819185e-24, 4.52485527082e-24, 1.31522463658e-23, 1.51740597895e-23, 6.58794741903e-24, 1.27853668803e-23, 1.34770385443e-23, 1.14060877638e-23, 1.24486321366e-23, 6.65184002475e-24, 8.59456540946e-24, 1.05196116324e-23, 1.41806235857e-23, 1.48776942137e-23, 6.43977173089e-24, 6.94485294167e-24, 6.22490219196e-24, 1.02112119835e-23], "var": [2.00420174679e-07, 7.64119931773e-07, 2.7442007422e-07, 1.77862958139e-07, 1.43526804663e-07, 4.61278318653e-07, 3.17834263797e-07, 3.94268198534e-07, 1.02263277313e-06, 5.65208779335e-07, 6.73024658226e-08, 3.66061847501e-08, 9.00249901292e-08, 3.75484070503e-08, 7.84291671607e-08, 1.96454209345e-07, 1.15098586662e-07, 2.62679940022e-08, 2.06576391548e-08, 7.72559793916e-09, 2.74228617592e-09, 5.90428705927e-10, 2.64348498646e-09, 8.23675738726e-10, 4.94679186502e-10, 6.84486800573e-10, 1.33049116169e-09, 5.07548447715e-10, 3.7620292298e-11, 4.09210894337e-11, 3.20574296275e-11, 5.48091537433e-11, 3.37568653586e-11, 7.82390732063e-12, 1.15546201079e-11, 3.05847049076e-11, 2.67674580418e-11, 2.63237747572e-11, 2.38424887472e-11, 6.03907982649e-12]}, "melbands_crest": {"dmean": 2.66910076141, "dmean2": 4.26817417145, "dvar": 6.75946712494, "dvar2": 17.1069965363, "max": 33.1476173401, "mean": 12.7147483826, "median": 11.8522367477, "min": 1.62215256691, "var": 27.3258857727}, "melbands_flatness_db": {"dmean": 0.0191682651639, "dmean2": 0.0269478149712, "dvar": 0.000446963647846, "dvar2": 0.000879528233781, "max": 0.554822564125, "mean": 0.194363102317, "median": 0.167227953672, "min": 0.00297827692702, "var": 0.00973869208246}, "melbands_kurtosis": {"dmean": 5.65923166275, "dmean2": 8.7931804657, "dvar": 217.282699585, "dvar2": 491.945983887, "max": 448.741546631, "mean": 18.2858791351, "median": 4.17189836502, "min": -1.88774204254, "var": 1752.3984375}, "melbands_skewness": {"dmean": 0.535125851631, "dmean2": 0.814109385014, "dvar": 0.400825679302, "dvar2": 0.884600400925, "max": 17.2645359039, "mean": 2.31981253624, "median": 1.7899235487, "min": -2.94722008705, "var": 4.32110214233}, "melbands_spread": {"dmean": 6.42128658295, "dmean2": 9.58891677856, "dvar": 73.9663238525, "dvar2": 157.795288086, "max": 223.982452393, "mean": 29.6537761688, "median": 26.9579753876, "min": 0.40116879344, "var": 522.180480957}, "mfcc": {"cov": [[20563.6171875, -8.56444740295, -1483.28759766, -537.743713379, -1254.4465332, -724.181213379, -625.568725586, -227.543960571, -186.59211731, -8.64773464203, 385.529388428, -307.055023193, 117.979804993], [-8.56444740295, 1165.73669434, 79.0257339478, 203.99949646, 141.694641113, 95.3698120117, 204.748474121, 76.2829437256, -31.8309612274, -28.6123142242, 8.45010280609, 28.9924488068, -11.6659555435], [-1483.28759766, 79.0257339478, 555.417419434, 124.972427368, 144.837600708, 31.5094070435, 31.8707637787, 75.6469421387, 10.1531991959, -77.8164825439, -66.6151809692, 36.564704895, 35.9028320312], [-537.743713379, 203.99949646, 124.972427368, 458.19644165, 277.502624512, 30.2608795166, -38.3460273743, -24.1254329681, 27.7439899445, 2.18418455124, -104.981208801, 27.8191013336, 3.53106951714], [-1254.4465332, 141.694641113, 144.837600708, 277.502624512, 378.679595947, 117.092704773, -13.8345985413, -23.6233692169, 59.514667511, 50.0647583008, -70.7003631592, 12.8573598862, -26.0687427521], [-724.181213379, 95.3698120117, 31.5094070435, 30.2608795166, 117.092704773, 218.97795105, 108.333930969, -15.2650403976, 3.29412770271, 34.5855903625, 15.5432224274, -2.30278897285, -34.8008155823], [-625.568725586, 204.748474121, 31.8707637787, -38.3460273743, -13.8345985413, 108.333930969, 233.676361084, 72.6306610107, -41.4972000122, -16.7996635437, 28.9736614227, 18.8954467773, -1.75892663002], [-227.543960571, 76.2829437256, 75.6469421387, -24.1254329681, -23.6233692169, -15.2650403976, 72.6306610107, 143.138290405, 24.289100647, -39.0400161743, 0.382279008627, 13.8597593307, 19.2811107635], [-186.59211731, -31.8309612274, 10.1531991959, 27.7439899445, 59.514667511, 3.29412770271, -41.4972000122, 24.289100647, 122.607154846, 38.2949981689, -7.84285306931, -13.3973798752, -12.8871622086], [-8.64773464203, -28.6123142242, -77.8164825439, 2.18418455124, 50.0647583008, 34.5855903625, -16.7996635437, -39.0400161743, 38.2949981689, 134.617401123, 38.1509170532, -8.81225395203, -34.7683601379], [385.529388428, 8.45010280609, -66.6151809692, -104.981208801, -70.7003631592, 15.5432224274, 28.9736614227, 0.382279008627, -7.84285306931, 38.1509170532, 119.505226135, 5.23170661926, -7.09786748886], [-307.055023193, 28.9924488068, 36.564704895, 27.8191013336, 12.8573598862, -2.30278897285, 18.8954467773, 13.8597593307, -13.3973798752, -8.81225395203, 5.23170661926, 84.1602325439, 17.802192688], [117.979804993, -11.6659555435, 35.9028320312, 3.53106951714, -26.0687427521, -34.8008155823, -1.75892663002, 19.2811107635, -12.8871622086, -34.7683601379, -7.09786748886, 17.802192688, 85.3627624512]], "icov": [[9.82140263659e-05, -8.69604118634e-05, 0.000171925072209, -0.000140788193676, 0.000312574207783, -2.04763364309e-06, 0.000363163766451, -7.00817472534e-05, 0.000125293969177, 1.70978455571e-05, -0.000261488574324, 0.000313619500957, -0.00015744571283], [-8.69604118634e-05, 0.00129904865753, -6.91690511303e-05, -0.000546224589925, -0.00062612927286, 0.000338425685186, -0.001496648998, -0.000141491720569, 3.36386401614e-05, 0.00038929056609, -0.000471773324534, -0.000108477077447, 0.000444316596258], [0.000171925072209, -6.91690511303e-05, 0.00286184158176, -0.000189990823856, -0.000659491692204, -0.000253375736065, 0.000767866615206, -0.00133181677666, 0.000370532477973, 0.00139365287032, -0.000129524443764, -2.8392207696e-06, -0.000817533291411], [-0.000140788193676, -0.000546224589925, -0.000189990823856, 0.00530343223363, -0.00379230361432, 0.000917288358323, -0.000108940323116, 0.000812176731415, 8.25994266052e-06, 9.70807523117e-05, 0.00272186053917, -0.00157525425311, -0.000393766153138], [0.000312574207783, -0.00062612927286, -0.000659491692204, -0.00379230361432, 0.0089454408735, -0.00389735819772, 0.00273341336288, -0.0003143674694, -0.00112985412125, -0.00249235471711, 0.00118256709538, 0.000340617843904, 2.8528887924e-05], [-2.04763364309e-06, 0.000338425685186, -0.000253375736065, 0.000917288358323, -0.00389735819772, 0.0101152732968, -0.00625335099176, 0.00371852680109, -0.00127694907133, 0.000384448649129, -0.00161452556495, 0.000920079415664, 0.00172022136394], [0.000363163766451, -0.001496648998, 0.000767866615206, -0.000108940323116, 0.00273341336288, -0.00625335099176, 0.012328799814, -0.00643507624045, 0.00456631975248, -0.000869650160894, -0.000744445540477, 9.26977518247e-05, -0.000778062327299], [-7.00817472534e-05, -0.000141491720569, -0.00133181677666, 0.000812176731415, -0.0003143674694, 0.00371852680109, -0.00643507624045, 0.0134683484212, -0.006165639963, 0.00305647472851, -0.000319488666719, -0.00102444482036, -0.00064951647073], [0.000125293969177, 3.36386401614e-05, 0.000370532477973, 8.25994266052e-06, -0.00112985412125, -0.00127694907133, 0.00456631975248, -0.006165639963, 0.0131377363577, -0.00382967456244, 0.000232845966821, 0.00201821932569, 0.000318382575642], [1.70978455571e-05, 0.00038929056609, 0.00139365287032, 9.70807523117e-05, -0.00249235471711, 0.000384448649129, -0.000869650160894, 0.00305647472851, -0.00382967456244, 0.0130011271685, -0.00479507213458, -9.79129472398e-05, 0.00246562506072], [-0.000261488574324, -0.000471773324534, -0.000129524443764, 0.00272186053917, 0.00118256709538, -0.00161452556495, -0.000744445540477, -0.000319488666719, 0.000232845966821, -0.00479507213458, 0.01432451047, -0.00297259632498, -0.000108314823592], [0.000313619500957, -0.000108477077447, -2.8392207696e-06, -0.00157525425311, 0.000340617843904, 0.000920079415664, 9.26977518247e-05, -0.00102444482036, 0.00201821932569, -9.79129472398e-05, -0.00297259632498, 0.0147808687761, -0.00273437285796], [-0.00015744571283, 0.000444316596258, -0.000817533291411, -0.000393766153138, 2.8528887924e-05, 0.00172022136394, -0.000778062327299, -0.00064951647073, 0.000318382575642, 0.00246562506072, -0.000108314823592, -0.00273437285796, 0.0148074217141]], "mean": [-680.966064453, 113.685127258, 0.0716865509748, 28.1523647308, 7.3494515419, 3.42588853836, 2.79867458344, 0.77057737112, -0.72370415926, 4.12978839874, 8.22208404541, -3.74594664574, 1.2241358757]}, "pitch_salience": {"dmean": 0.0583816729486, "dmean2": 0.0933694168925, "dvar": 0.00291245104745, "dvar2": 0.00714210234582, "max": 0.915458977222, "mean": 0.535713374615, "median": 0.540038585663, "min": 0.0670948177576, "var": 0.0120981112123}, "silence_rate_20dB": {"dmean": 0, "dmean2": 0, "dvar": 0, "dvar2": 0, "max": 1, "mean": 1, "median": 1, "min": 1, "var": 0}, "silence_rate_30dB": {"dmean": 0.000340136059094, "dmean2": 0.000680387835018, "dvar": 0.000340022990713, "dvar2": 0.00102012918796, "max": 1, "mean": 0.999829947948, "median": 1, "min": 0, "var": 0.000169988401467}, "silence_rate_60dB": {"dmean": 0.014965986833, "dmean2": 0.0299370642751, "dvar": 0.0147423259914, "dvar2": 0.0321007668972, "max": 1, "mean": 0.140962421894, "median": 0, "min": 0, "var": 0.121087692678}, "spectral_centroid": {"dmean": 208.408859253, "dmean2": 309.470672607, "dvar": 60218.0507812, "dvar2": 118818.835938, "max": 10946.0224609, "mean": 1515.38684082, "median": 1537.10473633, "min": 137.022018433, "var": 533516.125}, "spectral_complexity": {"dmean": 2.89693880081, "dmean2": 4.34971952438, "dvar": 10.7867250443, "dvar2": 21.9012451172, "max": 48, "mean": 16.9500083923, "median": 17, "min": 0, "var": 116.255729675}, "spectral_contrast_coeffs": {"dmean": [0.0431412085891, 0.0439485348761, 0.0371078550816, 0.031020835042, 0.0209087431431, 0.0141098760068], "dmean2": [0.0710026472807, 0.0710077881813, 0.0600741356611, 0.0495937056839, 0.0331051498652, 0.0223682913929], "dvar": [0.00139872124419, 0.00132457329892, 0.000943378428929, 0.000666230858769, 0.000323772866977, 0.00017245161871], "dvar2": [0.00383097305894, 0.00350154424086, 0.00238121766597, 0.00161260855384, 0.000747808022425, 0.000380769633921], "max": [-0.393567413092, -0.406732022762, -0.448710083961, -0.474974572659, -0.572258472443, -0.639975667], "mean": [-0.672532200813, -0.722552120686, -0.755546033382, -0.74698227644, -0.772327423096, -0.770197272301], "median": [-0.671879053116, -0.724150598049, -0.758378207684, -0.748681843281, -0.76553440094, -0.760424852371], "min": [-0.981817007065, -0.963038682938, -0.961847305298, -0.965422451496, -0.957940459251, -0.957988262177], "var": [0.00446567451581, 0.00794079061598, 0.00750352721661, 0.00685200886801, 0.00393829820678, 0.00255723414011]}, "spectral_contrast_valleys": {"dmean": [0.343795597553, 0.350238591433, 0.34320178628, 0.285948604345, 0.22737839818, 0.195798784494], "dmean2": [0.550830125809, 0.553933680058, 0.520260095596, 0.424267143011, 0.32242423296, 0.255724281073], "dvar": [0.100674957037, 0.112148061395, 0.121452853084, 0.0935404077172, 0.0801741480827, 0.0751372352242], "dvar2": [0.23172749579, 0.229081422091, 0.231003627181, 0.163206323981, 0.125690877438, 0.113540783525], "max": [-5.81660604477, -5.02261209488, -4.92654371262, -5.90076351166, -5.88590908051, -7.21976566315], "mean": [-7.6779551506, -7.3480682373, -8.08393669128, -8.29861927032, -8.07940864563, -10.572889328], "median": [-7.19948959351, -6.8144569397, -7.61902809143, -7.84440898895, -7.54845142365, -10.0333118439], "min": [-27.2809696198, -27.2278194427, -27.3178634644, -27.1131286621, -27.1481285095, -27.3217353821], "var": [3.66001844406, 3.73383045197, 3.46242928505, 3.24105811119, 3.14894127846, 2.73369669914]}, "spectral_decrease": {"dmean": 1.14789866501e-09, "dmean2": 1.70840053215e-09, "dvar": 2.49225734211e-18, "dvar2": 5.32659564013e-18, "max": 7.32326686746e-17, "mean": -4.89719020891e-09, "median": -4.50629222826e-09, "min": -2.73677969176e-08, "var": 1.35261136247e-17}, "spectral_energy": {"dmean": 0.00469882972538, "dmean2": 0.00698400475085, "dvar": 4.17986302637e-05, "dvar2": 8.8287750259e-05, "max": 0.111683651805, "mean": 0.0203929916024, "median": 0.0187517851591, "min": 1.06877543178e-20, "var": 0.000237314918195}, "spectral_energyband_high": {"dmean": 0.000213687584619, "dmean2": 0.000301529333228, "dvar": 5.72418116462e-07, "dvar2": 1.21730056435e-06, "max": 0.0293031409383, "mean": 0.000685975304805, "median": 0.000335044052918, "min": 7.64424826703e-21, "var": 1.28852343551e-06}, "spectral_energyband_low": {"dmean": 0.00135419820435, "dmean2": 0.00200968235731, "dvar": 3.23900121657e-06, "dvar2": 7.55384644435e-06, "max": 0.0317878350616, "mean": 0.00414954870939, "median": 0.00326956994832, "min": 5.86325222318e-23, "var": 1.28689780468e-05}, "spectral_energyband_middle_high": {"dmean": 0.00224370881915, "dmean2": 0.00338465138339, "dvar": 1.46228676385e-05, "dvar2": 3.35680670105e-05, "max": 0.068175971508, "mean": 0.00676683988422, "median": 0.00439391797408, "min": 1.56932136319e-21, "var": 6.44244792056e-05}, "spectral_energyband_middle_low": {"dmean": 0.00327244284563, "dmean2": 0.00497804535553, "dvar": 2.75703750958e-05, "dvar2": 6.3439263613e-05, "max": 0.092592895031, "mean": 0.00945806596428, "median": 0.0075651705265, "min": 2.88014429161e-22, "var": 9.03818945517e-05}, "spectral_entropy": {"dmean": 0.123221829534, "dmean2": 0.178021967411, "dvar": 0.0179183017462, "dvar2": 0.0327499434352, "max": 9.79885101318, "mean": 7.49235200882, "median": 7.59107685089, "min": 4.95975160599, "var": 0.26287817955}, "spectral_flux": {"dmean": 0.0145095074549, "dmean2": 0.0226334165782, "dvar": 0.000274836842436, "dvar2": 0.000612056988757, "max": 0.253678709269, "mean": 0.0615993067622, "median": 0.0618481971323, "min": 1.03381594951e-10, "var": 0.00149206910282}, "spectral_kurtosis": {"dmean": 0.955604851246, "dmean2": 1.58523452282, "dvar": 1.27024519444, "dvar2": 3.54963874817, "max": 23.9378852844, "mean": 4.70229530334, "median": 3.89500904083, "min": -1.25190186501, "var": 7.48782157898}, "spectral_rms": {"dmean": 0.000477838184452, "dmean2": 0.000699215685017, "dvar": 2.96463667837e-07, "dvar2": 6.05169645951e-07, "max": 0.0104383742437, "mean": 0.00403375644237, "median": 0.00427719810978, "min": 3.22909862911e-12, "var": 3.62426499123e-06}, "spectral_rolloff": {"dmean": 356.828521729, "dmean2": 574.992492676, "dvar": 514198.125, "dvar2": 1024350.8125, "max": 21662.4023438, "mean": 1978.49084473, "median": 1421.19140625, "min": 86.1328125, "var": 9218684}, "spectral_skewness": {"dmean": 0.139211326838, "dmean2": 0.221919700503, "dvar": 0.020819157362, "dvar2": 0.0511688627303, "max": 3.93594741821, "mean": 1.57993459702, "median": 1.50008070469, "min": -0.0289556719363, "var": 0.210484981537}, "spectral_spread": {"dmean": 336063, "dmean2": 505138.5625, "dvar": 302586855424, "dvar2": 440178212864, "max": 42269984, "mean":