{"lowlevel": {"average_loudness": 0.784038186073, "barkbands": {"dmean": [0.000180803719559, 0.00529463216662, 0.00150022574235, 0.00141298770905, 0.00179702520836, 0.00102270091884, 0.00104264821857, 0.00045154459076, 0.000971346802544, 0.00048323435476, 0.000478893402033, 0.000259378022747, 0.00021375787037, 0.000237033018493, 0.000161291376571, 0.000162637559697, 0.000201059650863, 0.000116424285807, 9.1514106316e-05, 7.00390228303e-05, 0.000115247930808, 0.000151874774019, 0.000201086484594, 0.000166969504789, 0.000151451968122, 0.00010991813906, 7.96606036602e-06], "dmean2": [0.000201675138669, 0.00568354362622, 0.00264028692618, 0.00253794458695, 0.00319565134123, 0.00168748968281, 0.0017360028578, 0.000706216669641, 0.00145567359868, 0.000740983639844, 0.000758847803809, 0.000421069475124, 0.00033583745244, 0.000358518911526, 0.000248854077654, 0.000247939373367, 0.000302830652799, 0.000177199428435, 0.000139910975122, 0.000109520166006, 0.000178950038389, 0.000219395471504, 0.000298328843201, 0.000247840653174, 0.000223277354962, 0.000176211411599, 1.33126131914e-05], "dvar": [1.81845123848e-07, 0.000152250155224, 2.25655039685e-05, 1.85675526154e-05, 1.48777489812e-05, 3.53242671736e-06, 1.0717686564e-05, 8.57728821302e-07, 7.11048096491e-06, 1.76370599547e-06, 1.66021379755e-06, 5.50947618194e-07, 7.20485843431e-07, 1.47048308463e-06, 3.76424111437e-07, 2.8034972388e-07, 4.03416208883e-07, 8.3519267946e-08, 1.89704721265e-07, 1.04985154792e-07, 1.39484171768e-07, 1.68193693639e-07, 3.84163200806e-07, 3.24992782907e-07, 2.58888604776e-07, 8.44099261599e-08, 9.2175855837e-10], "dvar2": [2.22952522222e-07, 0.000191831204575, 6.43636740278e-05, 5.37065025128e-05, 4.30907530244e-05, 9.86986106e-06, 3.0506593248e-05, 1.97896156351e-06, 1.51938120325e-05, 3.5044258766e-06, 3.96203222408e-06, 1.43224201565e-06, 1.67767609582e-06, 2.88845126306e-06, 8.48408546972e-07, 5.92663354837e-07, 8.18328430796e-07, 1.77609564389e-07, 4.91941307246e-07, 2.68583562502e-07, 3.3672142763e-07, 3.18419267842e-07, 8.6362285856e-07, 6.82790869178e-07, 5.61110596209e-07, 2.01095375019e-07, 2.44256681547e-09], "max": [0.0047015035525, 0.125248730183, 0.0722663253546, 0.0463713817298, 0.0500014945865, 0.0394801944494, 0.0587880015373, 0.0400550030172, 0.103244550526, 0.0553672686219, 0.0402096770704, 0.0301587805152, 0.0353348851204, 0.0577410459518, 0.0197808742523, 0.0220442116261, 0.0292435362935, 0.0159148108214, 0.030434999615, 0.0185972005129, 0.0109415696934, 0.014561871998, 0.0195181146264, 0.0168748591095, 0.0128167998046, 0.00408290326595, 0.000462639320176], "mean": [0.00036800163798, 0.0096863694489, 0.00175063638017, 0.00151772098616, 0.00245726667345, 0.00194339070003, 0.00146377889905, 0.00079041486606, 0.00206107948907, 0.000923451036215, 0.000879730971064, 0.000434424291598, 0.000319769053021, 0.000382368976716, 0.000259431544691, 0.000298599567031, 0.000418536365032, 0.000252699770499, 0.000200499722268, 0.000124511279864, 0.000196532753762, 0.000301078427583, 0.000309113878757, 0.000228467950365, 0.000197419183678, 0.000106719482574, 6.84840642862e-06], "median": [4.91514438181e-05, 0.00147038942669, 0.000601146253757, 0.000490150763653, 0.0013519062195, 0.000835615443066, 0.000497829751112, 0.000285188201815, 0.000525797426235, 0.000169131250004, 0.00017316317826, 0.000132853820105, 7.26813887013e-05, 5.63047615287e-05, 4.25237303716e-05, 4.07973166148e-05, 6.1947008362e-05, 8.80560546648e-05, 5.92407523072e-05, 3.50703885488e-05, 4.82298564748e-05, 8.73901226441e-05, 6.59677607473e-05, 3.75696654373e-05, 2.83624158328e-05, 8.04830688139e-06, 8.25581537356e-07], "min": [8.25653377841e-24, 3.25905892306e-23, 6.81762861032e-24, 1.02497730823e-23, 1.85158591774e-23, 2.58346108889e-23, 4.11869579761e-23, 8.42100023309e-24, 3.39879017075e-23, 8.70433603551e-23, 3.62494460159e-23, 1.01739939994e-22, 6.51629652407e-23, 7.30402146959e-23, 1.09208250266e-22, 1.3323873311e-22, 1.79793024954e-22, 1.59935288133e-22, 1.77855203918e-22, 1.68388595376e-22, 2.52024777129e-22, 4.69285299824e-22, 5.50657122613e-22, 7.91492545201e-22, 1.22249822445e-21, 1.69036912822e-21, 2.28649644585e-21], "var": [6.343594805e-07, 0.000483481562696, 1.71157116711e-05, 1.26961485876e-05, 1.29467971419e-05, 8.95807443158e-06, 1.18902589747e-05, 2.54155384027e-06, 2.66968945652e-05, 8.33493231767e-06, 5.89016190133e-06, 1.08327253656e-06, 1.06740537831e-06, 3.00937972497e-06, 8.4335425754e-07, 8.06528476005e-07, 1.75008119641e-06, 2.5563238637e-07, 3.30074897192e-07, 1.24538090063e-07, 2.33409096495e-07, 4.22373005904e-07, 6.5480764988e-07, 5.20262403825e-07, 4.04529004072e-07, 9.10136250809e-08, 6.81825484961e-10]}, "barkbands_crest": {"dmean": 2.5978012085, "dmean2": 3.97070145607, "dvar": 6.75425052643, "dvar2": 13.3187141418, "max": 26.0794258118, "mean": 10.711233139, "median": 9.20758247375, "min": 2.48570084572, "var": 26.0886573792}, "barkbands_flatness_db": {"dmean": 0.0224624630064, "dmean2": 0.0303850714117, "dvar": 0.000559888547286, "dvar2": 0.000996726099402, "max": 0.637521386147, "mean": 0.140799030662, "median": 0.128839209676, "min": 0.0265302229673, "var": 0.00402269419283}, "barkbands_kurtosis": {"dmean": 4.86082220078, "dmean2": 7.07510280609, "dvar": 534.220825195, "dvar2": 1036.63085938, "max": 1895.43554688, "mean": 8.43790054321, "median": 2.87431192398, "min": -1.95477187634, "var": 1404.5880127}, "barkbands_skewness": {"dmean": 0.605531930923, "dmean2": 0.8571190238, "dvar": 0.586410999298, "dvar2": 1.14323079586, "max": 27.1926383972, "mean": 1.85318624973, "median": 1.54332089424, "min": -5.71655035019, "var": 2.73816561699}, "barkbands_spread": {"dmean": 7.08362531662, "dmean2": 10.6131334305, "dvar": 107.946136475, "dvar2": 230.937957764, "max": 126.705223083, "mean": 23.4592704773, "median": 18.3000411987, "min": 0.0550497584045, "var": 340.964355469}, "dissonance": {"dmean": 0.0228033624589, "dmean2": 0.0383687652647, "dvar": 0.000495479616802, "dvar2": 0.00133725907654, "max": 0.500000178814, "mean": 0.454261571169, "median": 0.462564617395, "min": 0.201825648546, "var": 0.00123766600154}, "dynamic_complexity": 4.29379940033, "erbbands": {"dmean": [0.221996337175, 0.970549225807, 1.56925475597, 3.39307451248, 5.96483707428, 6.31647777557, 5.64577674866, 9.85508441925, 15.7142162323, 9.6887845993, 12.2165355682, 21.4236755371, 15.8366794586, 19.8093624115, 10.5050954819, 10.3152589798, 8.50857257843, 11.4294099808, 8.95667362213, 6.41988372803, 9.45011615753, 10.984826088, 6.46356153488, 5.09163856506, 3.74510550499, 3.08240389824, 3.71755814552, 5.40293312073, 5.23673152924, 5.97908687592, 5.487885952, 3.97432374954, 2.7556438446, 1.90451180935, 0.963720679283, 0.619594693184, 0.192241728306, 0.017314683646, 0.00149451487232, 7.35638968763e-05], "dmean2": [0.233776241541, 1.18172895908, 2.6565117836, 6.12702941895, 10.7864017487, 11.0400629044, 9.45293903351, 16.4003448486, 26.8528747559, 15.4424352646, 18.9719638824, 31.9236812592, 23.7789897919, 31.2990913391, 16.5183258057, 16.6730632782, 13.3439559937, 16.9386577606, 13.7854728699, 9.84094524384, 14.1985626221, 16.3830528259, 9.70689201355, 7.70625305176, 5.79055118561, 4.83029603958, 5.75881099701, 8.18649482727, 7.65268278122, 8.6565618515, 8.30372714996, 5.95905780792, 4.10492801666, 2.83125829697, 1.41909301281, 0.980957865715, 0.311092555523, 0.0278908181936, 0.00246237940155, 0.000116458519187], "dvar": [0.293664425611, 5.52064847946, 21.6414756775, 118.717201233, 228.327865601, 162.407104492, 111.034873962, 412.121887207, 2960.17407227, 458.990478516, 635.549865723, 3724.9855957, 2353.19262695, 2274.38574219, 676.446105957, 976.80065918, 956.432922363, 3207.12719727, 1473.96789551, 447.008026123, 942.53692627, 1463.99145508, 238.237747192, 200.557556152, 655.938598633, 214.078659058, 178.236038208, 279.549133301, 215.931655884, 291.23449707, 337.064971924, 178.612304688, 93.4049224854, 41.2712860107, 9.63512992859, 2.77434158325, 0.259905815125, 0.00247859791853, 2.68281401077e-05, 5.86407686853e-08], "dvar2": [0.360989719629, 8.46363449097, 60.0572929382, 344.35446167, 662.672363281, 466.380065918, 302.272827148, 1213.03442383, 8509.796875, 1207.07507324, 1580.82080078, 7742.83984375, 4679.58447266, 5474.578125, 1591.63623047, 2647.43066406, 2296.32006836, 5870.63476563, 3279.10131836, 925.805969238, 2063.1262207, 2956.69091797, 508.633575439, 472.855224609, 1771.67468262, 545.549865723, 447.06829834, 616.437744141, 436.94418335, 589.018493652, 802.157653809, 393.581054688, 197.403884888, 88.7193069458, 20.6786289215, 6.53911924362, 0.63416749239, 0.00603406596929, 6.91515524522e-05, 1.48910899611e-07], "max": [5.29758453369, 23.1424980164, 66.1345672607, 109.573860168, 177.033981323, 187.696395874, 179.032424927, 526.988586426, 778.765197754, 534.016662598, 1009.4822998, 2639.27636719, 2169.93383789, 1432.63391113, 770.341674805, 1530.01794434, 1336.44763184, 2656.6315918, 1339.32873535, 872.06237793, 943.376464844, 2042.28686523, 786.283630371, 671.347229004, 1897.17932129, 824.498168945, 465.31451416, 456.347442627, 480.986755371, 759.419067383, 558.072265625, 321.232452393, 287.286468506, 205.490341187, 93.3707275391, 31.5178222656, 4.81931209564, 0.6816650033, 0.0682052820921, 0.00369194056839], "mean": [0.400524258614, 1.7018802166, 2.06305789948, 3.87493467331, 6.79140806198, 9.04743480682, 9.95202255249, 17.4206809998, 21.1152076721, 17.413318634, 23.7232437134, 45.8174667358, 35.2177314758, 39.7772064209, 20.8287963867, 18.0047168732, 14.0893621445, 20.352722168, 15.3587770462, 12.5204057693, 19.3321895599, 24.8476219177, 15.3273887634, 12.4461593628, 7.78781747818, 5.60374498367, 6.67520570755, 9.23115634918, 10.322101593, 10.4055719376, 8.16746902466, 5.4057226181, 3.72689127922, 2.51941752434, 1.21863746643, 0.629284083843, 0.178617507219, 0.0163396075368, 0.0012926250929, 9.22646868275e-05], "median": [0.0399964079261, 0.316209554672, 0.819359540939, 1.51813268661, 3.27197861671, 4.7027721405, 4.91197824478, 6.80250835419, 7.50162649155, 7.54307317734, 9.4403591156, 11.762928009, 8.20928668976, 8.87734413147, 6.67044305801, 5.57338953018, 4.1234998703, 3.43532156944, 2.75391674042, 2.47179937363, 2.87492442131, 3.86984157562, 5.07265329361, 3.855884552, 2.87860393524, 1.71837377548, 1.5108782053, 2.40866518021, 3.05744814873, 2.56547451019, 1.75134694576, 0.918332874775, 0.570803701878, 0.356301724911, 0.164042904973, 0.0571013949811, 0.0108368089423, 0.00187759357505, 0.00011839128274, 3.04556360788e-05], "min": [9.14234404805e-22, 6.98672692176e-21, 1.14464017241e-20, 2.32746200023e-20, 3.07764114504e-20, 5.96720468324e-20, 1.70779528322e-19, 2.54234349009e-19, 7.98324778776e-19, 5.24843875617e-19, 4.16697661946e-19, 8.55717464807e-19, 1.35924613681e-18, 4.01669889187e-18, 2.24263077685e-18, 4.91723015883e-18, 3.2403638308e-18, 4.05829490974e-18, 3.26803922614e-18, 6.31383528762e-18, 7.44626084905e-18, 1.05435443542e-17, 8.39534720438e-18, 9.01352740028e-18, 9.93908708462e-18, 7.75152440949e-18, 1.12499293003e-17, 1.14313382805e-17, 1.49715637687e-17, 1.85024090288e-17, 1.54399713342e-17, 1.56634242505e-17, 1.57805000857e-17, 1.26090945802e-17, 8.61729547916e-18, 6.03067357956e-18, 3.21514888419e-18, 1.16841339814e-18, 2.67475132472e-19, 3.60906720699e-20], "var": [0.904545068741, 14.6030912399, 18.7519054413, 78.489151001, 156.905685425, 176.111068726, 228.746002197, 864.711853027, 2912.25073242, 931.172973633, 1751.19824219, 14199.6123047, 11365.9609375, 9311.77832031, 1830.86132813, 2011.89562988, 1463.2956543, 7742.53417969, 2946.15234375, 1308.86560059, 3041.8034668, 6723.32226563, 938.386169434, 822.724853516, 611.760864258, 246.398925781, 332.348205566, 470.501922607, 481.004577637, 646.35925293, 493.975158691, 259.379943848, 152.381210327, 67.1327362061, 15.25461483, 3.25735640526, 0.256326586008, 0.00234379898757, 2.14497777051e-05, 5.20272429583e-08]}, "erbbands_crest": {"dmean": 2.58146810532, "dmean2": 4.18313121796, "dvar": 5.98951148987, "dvar2": 15.2941951752, "max": 29.1520690918, "mean": 9.43128967285, "median": 8.35537910461, "min": 2.16641187668, "var": 19.7874889374}, "erbbands_flatness_db": {"dmean": 0.0181792210788, "dmean2": 0.0259458441287, "dvar": 0.000349559879396, "dvar2": 0.000650834932458, "max": 0.369791507721, "mean": 0.147589221597, "median": 0.144028440118, "min": 0.030949966982, "var": 0.00203296588734}, "erbbands_kurtosis": {"dmean": 1.34392952919, "dmean2": 2.10029292107, "dvar": 7.80929374695, "dvar2": 18.8620128632, "max": 104.376724243, "mean": 1.49616730213, "median": 0.434452950954, "min": -1.90539014339, "var": 19.4166851044}, "erbbands_skewness": {"dmean": 0.397306621075, "dmean2": 0.60169929266, "dvar": 0.187485173345, "dvar2": 0.411771953106, "max": 8.52525615692, "mean": 0.614156723022, "median": 0.675732076168, "min": -5.02248191833, "var": 1.00329089165}, "erbbands_spread": {"dmean": 10.1634187698, "dmean2": 15.2311687469, "dvar": 161.365875244, "dvar2": 351.257415771, "max": 197.083328247, "mean": 43.1899871826, "median": 38.4735374451, "min": 2.27944040298, "var": 591.849731445}, "gfcc": {"cov": [[17949.0625, 31.1881389618, -996.816650391, 193.401184082, -664.76739502, 278.574951172, -227.172164917, 254.424224854, -63.1140632629, 105.837776184, -160.888763428, 174.035400391, -30.7380409241], [31.1881389618, 1913.38879395, 337.163665771, 46.6975784302, 354.031951904, 33.0619659424, 341.466033936, -25.6121826172, 133.857650757, -14.1506881714, 196.013137817, -36.5995254517, 40.6308479309], [-996.816650391, 337.163665771, 1400.15258789, 368.052246094, 407.082336426, 168.382339478, 82.1650924683, 35.0561218262, 105.737663269, 109.679145813, 86.1192474365, 70.5973205566, 3.21085357666], [193.401184082, 46.6975784302, 368.052246094, 698.449157715, 245.973983765, 31.5030765533, -6.18207979202, 106.497894287, 170.984924316, 18.6124210358, 39.365650177, 56.7942047119, 82.5038986206], [-664.76739502, 354.031951904, 407.082336426, 245.973983765, 496.722717285, 112.045478821, 83.0524368286, 79.1000671387, 141.060821533, 43.3494644165, 45.3378868103, 17.9079990387, 40.4540100098], [278.574951172, 33.0619659424, 168.382339478, 31.5030765533, 112.045478821, 327.648284912, 148.345489502, 55.21509552, 43.5526428223, 95.5277633667, 66.1892929077, 4.38177728653, 22.4214401245], [-227.172164917, 341.466033936, 82.1650924683, -6.18207979202, 83.0524368286, 148.345489502, 348.066894531, 55.2059326172, 35.0794868469, 48.4598808289, 99.6476135254, 15.0308437347, 7.16090345383], [254.424224854, -25.6121826172, 35.0561218262, 106.497894287, 79.1000671387, 55.21509552, 55.2059326172, 213.578125, 100.179603577, 18.0915031433, 9.06339836121, 35.0845794678, 34.5281791687], [-63.1140632629, 133.857650757, 105.737663269, 170.984924316, 141.060821533, 43.5526428223, 35.0794868469, 100.179603577, 217.822021484, 50.2307052612, 9.12895393372, 26.143661499, 66.7568969727], [105.837776184, -14.1506881714, 109.679145813, 18.6124210358, 43.3494644165, 95.5277633667, 48.4598808289, 18.0915031433, 50.2307052612, 146.054626465, 49.6036987305, 3.59601449966, 20.1013088226], [-160.888763428, 196.013137817, 86.1192474365, 39.365650177, 45.3378868103, 66.1892929077, 99.6476135254, 9.06339836121, 9.12895393372, 49.6036987305, 152.904388428, 26.9028224945, 10.0835123062], [174.035400391, -36.5995254517, 70.5973205566, 56.7942047119, 17.9079990387, 4.38177728653, 15.0308437347, 35.0845794678, 26.143661499, 3.59601449966, 26.9028224945, 124.108291626, 25.3713684082], [-30.7380409241, 40.6308479309, 3.21085357666, 82.5038986206, 40.4540100098, 22.4214401245, 7.16090345383, 34.5281791687, 66.7568969727, 20.1013088226, 10.0835123062, 25.3713684082, 108.946372986]], "icov": [[8.65519687068e-05, -0.000135960814077, 0.000100511701021, -0.000147879094584, 0.000196006934857, -0.000236112202401, 0.000189941638382, -0.000178457819857, 0.000170084123965, -0.000250822544331, 0.00028456185828, -0.000271103053819, 0.000182891250006], [-0.000135960814077, 0.00121140514966, -0.000327908346662, 0.000548065581825, -0.000845570466481, 0.000892183743417, -0.0011541765416, 0.00083986093523, -0.00105294026434, 0.0013098482741, -0.00160487846006, 0.0011452230392, -0.000670120760333], [0.000100511701021, -0.000327908346662, 0.00126575387549, -0.000648472399916, -0.000420833850512, -0.000597316073254, 0.000398205651436, 9.25773929339e-06, 0.000506008276716, -0.00104625348467, 0.000529416371137, -0.00100979232229, 0.000923655985389], [-0.000147879094584, 0.000548065581825, -0.000648472399916, 0.00261087785475, -0.000952673086431, 0.000715496367775, -0.000128281288198, 4.94038140459e-05, -0.00156590912957, 0.0013673407957, -0.00147003540769, 0.000528386153746, -0.00128469092306], [0.000196006934857, -0.000845570466481, -0.000420833850512, -0.000952673086431, 0.00413260795176, -0.00134483922739, 0.000607782916632, -0.000855012855027, -0.000652399612591, -0.000407720275689, 0.000990328029729, -0.000408752704971, 0.000556296959985], [-0.000236112202401, 0.000892183743417, -0.000597316073254, 0.000715496367775, -0.00134483922739, 0.00569909950718, -0.00239658448845, -4.53068514616e-06, -0.000220386064029, -0.00117685564328, -0.00154160778038, 0.00157335936092, -0.00130968773738], [0.000189941638382, -0.0011541765416, 0.000398205651436, -0.000128281288198, 0.000607782916632, -0.00239658448845, 0.00545179378241, -0.00155624665786, 0.000629204791039, -0.000844791531563, -0.000745058583561, -0.00116582843475, 0.00108264351729], [-0.000178457819857, 0.00083986093523, 9.25773929339e-06, 4.94038140459e-05, -0.000855012855027, -4.53068514616e-06, -0.00155624665786, 0.0072653638199, -0.00329611240886, 0.00148109451402, -0.000630390306469, -0.000405238824897, -0.000384009967092], [0.000170084123965, -0.00105294026434, 0.000506008276716, -0.00156590912957, -0.000652399612591, -0.000220386064029, 0.000629204791039, -0.00329611240886, 0.00978604983538, -0.00381124555133, 0.00274459319189, -0.00122645206284, -0.00235912622884], [-0.000250822544331, 0.0013098482741, -0.00104625348467, 0.0013673407957, -0.000407720275689, -0.00117685564328, -0.000844791531563, 0.00148109451402, -0.00381124555133, 0.0117438454181, -0.00448842300102, 0.00223796768114, -0.00152140820865], [0.00028456185828, -0.00160487846006, 0.000529416371137, -0.00147003540769, 0.000990328029729, -0.00154160778038, -0.000745058583561, -0.000630390306469, 0.00274459319189, -0.00448842300102, 0.0117229083553, -0.00348326121457, 0.000847313494887], [-0.000271103053819, 0.0011452230392, -0.00100979232229, 0.000528386153746, -0.000408752704971, 0.00157335936092, -0.00116582843475, -0.000405238824897, -0.00122645206284, 0.00223796768114, -0.00348326121457, 0.0108700143173, -0.00271135708317], [0.000182891250006, -0.000670120760333, 0.000923655985389, -0.00128469092306, 0.000556296959985, -0.00130968773738, 0.00108264351729, -0.000384009967092, -0.00235912622884, -0.00152140820865, 0.000847313494887, -0.00271135708317, 0.0128187825903]], "mean": [-28.2249698639, 75.6453552246, -95.072052002, 25.526266098, -70.7147369385, 13.9040260315, -38.8519706726, 10.0476846695, -21.749124527, -2.27838873863, -18.567779541, 6.47232818604, -13.5311717987]}, "hfc": {"dmean": 9.14442920685, "dmean2": 12.9464941025, "dvar": 510.52734375, "dvar2": 1076.22033691, "max": 494.737304688, "mean": 22.4245071411, "median": 12.361579895, "min": 1.14502800547e-16, "var": 1077.23144531}, "melbands": {"dmean": [0.00169778545387, 0.000809589517303, 0.000656077929307, 0.00046027416829, 0.000192203820916, 0.000220319678192, 0.000226702337386, 9.7860218375e-05, 0.000112846115371, 0.000142206510645, 8.16341635073e-05, 8.07680626167e-05, 4.63909273094e-05, 2.84205889329e-05, 2.58580130321e-05, 1.99521327886e-05, 2.31355625147e-05, 1.64512493939e-05, 1.19047917906e-05, 9.45718420553e-06, 1.25314472825e-05, 1.33850126076e-05, 7.85993324826e-06, 5.37361256647e-06, 4.47249931312e-06, 3.34422202286e-06, 2.63977972281e-06, 2.09639733839e-06, 2.30467458096e-06, 2.74166927738e-06, 3.41025565831e-06, 3.0153530588e-06, 3.41891768585e-06, 3.53258110408e-06, 3.19441028296e-06, 3.07983623316e-06, 2.32445563597e-06, 2.00800195671e-06, 1.89868831058e-06, 1.55315490247e-06], "dmean2": [0.00180544855539, 0.00118989578914, 0.00118492753245, 0.000820829125587, 0.000324906141032, 0.00036509547499, 0.00038451407454, 0.000153501096065, 0.000175012522959, 0.000212111684959, 0.000122866957099, 0.000127287203213, 7.2665126936e-05, 4.55805056845e-05, 4.13722082158e-05, 3.14548233291e-05, 3.44882209902e-05, 2.53441539826e-05, 1.85087883438e-05, 1.45027825056e-05, 1.91473773157e-05, 2.00590438908e-05, 1.20009253806e-05, 8.25193183118e-06, 6.870742709e-06, 5.11115877089e-06, 4.27052464147e-06, 3.30013540406e-06, 3.64668198927e-06, 4.34239200331e-06, 5.21506126461e-06, 4.56081579614e-06, 5.06696414959e-06, 5.258123565e-06, 4.90033380629e-06, 4.67839754492e-06, 3.5141160879e-06, 3.05329126604e-06, 2.94596020467e-06, 2.3194552341e-06], "dvar": [1.63820805028e-05, 3.93238588003e-06, 4.0743889258e-06, 1.00679267234e-06, 1.24700704873e-07, 1.9410465768e-07, 5.59508976039e-07, 4.08939939689e-08, 6.10358981135e-08, 1.76287741738e-07, 6.19406534952e-08, 3.63118637381e-08, 1.43784610884e-08, 5.69103697501e-09, 1.54352139958e-08, 4.36773417434e-09, 1.60344892919e-08, 5.61235724561e-09, 1.64305180572e-09, 1.07752007317e-09, 1.74957470733e-09, 2.32452013194e-09, 5.61978352742e-10, 1.21765736383e-10, 1.50640361296e-10, 4.54173060271e-10, 2.77232237167e-10, 9.73231911727e-11, 7.00326602265e-11, 8.4511904419e-11, 1.09903870726e-10, 7.16229922593e-11, 1.07968731178e-10, 1.03993709477e-10, 1.0981809212e-10, 9.8478496191e-11, 6.53532783446e-11, 4.99824834299e-11, 4.83999507139e-11, 2.62586133393e-11], "dvar2": [2.04203333851e-05, 9.02057036001e-06, 1.18243606266e-05, 2.92836375593e-06, 3.43091159039e-07, 5.51697723949e-07, 1.61883292549e-06, 1.03324914846e-07, 1.51768745127e-07, 3.6659662328e-07, 1.23676656472e-07, 8.60963993432e-08, 3.31438663181e-08, 1.35956002012e-08, 3.9623063941e-08, 1.00178558782e-08, 2.9523215872e-08, 1.27669403938e-08, 3.6559251182e-09, 2.25998642023e-09, 3.87356013931e-09, 4.80333151032e-09, 1.21034782197e-09, 2.66886013289e-10, 3.50948770045e-10, 1.18813769934e-09, 7.73662744979e-10, 2.46437981133e-10, 1.78706369147e-10, 2.14011364186e-10, 2.34549102363e-10, 1.4716347585e-10, 2.2371139663e-10, 2.22017904061e-10, 2.64309629738e-10, 2.29890106951e-10, 1.44420350678e-10, 1.0878788842e-10, 1.09424511119e-10, 5.58112132898e-11], "max": [0.0409707129002, 0.0264946147799, 0.0196677837521, 0.0126194683835, 0.00552280154079, 0.0103139365092, 0.0123404487967, 0.0068666045554, 0.0106764044613, 0.0151531863958, 0.0107334060594, 0.00552753778175, 0.00382848409936, 0.00297642871737, 0.00832111574709, 0.0021860790439, 0.00610146764666, 0.00238837860525, 0.00117480743211, 0.00191471655853, 0.00119107274804, 0.00260793371126, 0.00116910948418, 0.000311314302962, 0.000480681337649, 0.00152136257384, 0.00119663809892, 0.000656167918351, 0.000290977943223, 0.000250258453889, 0.000238065360463, 0.000267647003056, 0.000480242393678, 0.00045347341802, 0.000379169912776, 0.000236360836425, 0.000229942350416, 0.000199407033506, 0.000238042266574, 0.000145423124195], "mean": [0.0030700371135, 0.00143720000051, 0.000747646670789, 0.000602813146543, 0.000342691171682, 0.000395390583435, 0.000316824240144, 0.000179264534381, 0.000210531594348, 0.000302088359604, 0.000172032174305, 0.000159435046953, 8.77591446624e-05, 4.84570009576e-05, 3.99228883907e-05, 3.17392514262e-05, 3.8994505303e-05, 2.50548673648e-05, 1.92886673176e-05, 1.68833885255e-05, 2.30832629313e-05, 2.77602794085e-05, 1.60273812071e-05, 1.16488690765e-05, 1.01614350569e-05, 6.65625339025e-06, 4.53493021269e-06, 3.43401234204e-06, 3.9243327592e-06, 4.53668599221e-06, 5.59284580959e-06, 5.73856141273e-06, 6.08861546425e-06, 5.6963112911e-06, 4.78105766888e-06, 4.13985071646e-06, 2.99270004689e-06, 2.59957505477e-06, 2.4577707336e-06, 2.02242244995e-06], "median": [0.000388228771044, 0.000469440768939, 0.000332467112457, 0.000317239988362, 0.000186658857274, 0.000161344767548, 0.000118664189358, 7.74332147557e-05, 7.33757333364e-05, 7.00086602592e-05, 3.53483155777e-05, 3.25155087921e-05, 2.18016648432e-05, 1.53045129991e-05, 9.53199196374e-06, 7.29691373635e-06, 5.35387334821e-06, 3.8454204514e-06, 3.40988640346e-06, 2.56968155554e-06, 3.06494575852e-06, 3.56603527507e-06, 3.99675309382e-06, 4.13045154346e-06, 2.70226064458e-06, 1.98788757189e-06, 1.42582177887e-06, 8.63046409449e-07, 7.49637138142e-07, 9.76276623987e-07, 1.38198424793e-06, 1.61151115208e-06, 1.44877503772e-06, 1.27645637349e-06, 1.03814113572e-06, 6.87071974426e-07, 4.2835080194e-07, 3.71748200223e-07, 3.44607286706e-07, 2.60817756725e-07], "min": [9.09820576579e-24, 7.32291531935e-24, 4.37787944012e-24, 2.69414754301e-24, 5.69611886643e-24, 5.74766027696e-24, 1.06300379597e-23, 4.45143835295e-24, 4.03617566156e-24, 5.01182384078e-24, 6.34186186521e-24, 1.72492530639e-23, 5.01918509631e-24, 1.2459416654e-23, 7.77532783736e-24, 7.14543818176e-24, 7.51049224312e-24, 3.34523132734e-24, 1.0931498788e-23, 6.01014703786e-24, 9.67299033171e-24, 8.6416966931e-24, 1.11992011028e-23, 8.20146734292e-24, 6.78705788366e-24, 7.98796923867e-24, 5.56350740396e-24, 4.58962075114e-24, 6.89106998287e-24, 7.15584956799e-24, 6.3809905494e-24, 6.22095078769e-24, 1.30481987679e-23, 9.39894320868e-24, 8.24306161187e-24, 1.03014324276e-23, 7.20711606049e-24, 1.07323050985e-23, 1.14477964176e-23, 9.93318821269e-24], "var": [5.10085956194e-05, 7.08060861143e-06, 2.62560388364e-06, 8.48848969781e-07, 2.20269924966e-07, 4.08617324865e-07, 5.68433847548e-07, 1.03213260161e-07, 1.64765907584e-07, 6.88030695528e-07, 2.97654139558e-07, 1.48874718775e-07, 4.47099317569e-08, 1.27252661741e-08, 2.25859899672e-08, 9.37964816927e-09, 3.65989123452e-08, 9.47932754514e-09, 3.90221277513e-09, 2.85761081464e-09, 5.10898745532e-09, 1.02237240895e-08, 1.50272061461e-09, 4.46256809283e-10, 6.69736766046e-10, 5.5012167044e-10, 2.299429952e-10, 1.10224267214e-10, 1.29353777689e-10, 1.47297049558e-10, 1.82284035088e-10, 1.48286299906e-10, 2.4524154929e-10, 2.06923853052e-10, 1.66578098537e-10, 1.3694637091e-10, 9.10178529767e-11, 7.43196754138e-11, 7.53859821789e-11, 4.20512062671e-11]}, "melbands_crest": {"dmean": 3.24352455139, "dmean2": 4.73428964615, "dvar": 8.9492483139, "dvar2": 17.9462203979, "max": 37.4711685181, "mean": 14.5024328232, "median": 12.70358181, "min": 2.08948302269, "var": 45.4779930115}, "melbands_flatness_db": {"dmean": 0.0274318233132, "dmean2": 0.0367304682732, "dvar": 0.000907618727069, "dvar2": 0.00157917884644, "max": 0.818402528763, "mean": 0.210128650069, "median": 0.193433746696, "min": 0.00483159488067, "var": 0.00790308322757}, "melbands_kurtosis": {"dmean": 9.53856468201, "dmean2": 13.7604846954, "dvar": 771.956970215, "dvar2": 1430.52416992, "max": 1885.81726074, "mean": 19.8520431519, "median": 9.13547039032, "min": -1.91611933708, "var": 1844.60888672}, "melbands_skewness": {"dmean": 0.770685017109, "dmean2": 1.09214150906, "dvar": 0.87961101532, "dvar2": 1.7230411768, "max": 35.972038269, "mean": 2.9124557972, "median": 2.45967364311, "min": -3.91314339638, "var": 4.44291639328}, "melbands_spread": {"dmean": 7.5507440567, "dmean2": 11.2764148712, "dvar": 190.75642395, "dvar2": 412.871337891, "max": 273.402496338, "mean": 23.6912879944, "median": 17.5546760559, "min": 0.138087943196, "var": 586.519714355}, "mfcc": {"cov": [[12294.7832031, -443.088348389, -516.762145996, -200.348220825, -312.483215332, -54.9556274414, -195.501571655, 139.88192749, 82.4741897583, -51.7810401917, 56.3123703003, -47.4129142761, -71.2924346924], [-443.088348389, 1876.20227051, 214.918624878, 112.655883789, 69.4689407349, 183.816711426, 242.170288086, 107.562698364, -13.0197877884, 98.1304397583, 127.616851807, 28.4783935547, 39.9491958618], [-516.762145996, 214.918624878, 893.081359863, 290.899536133, 271.037811279, 193.033004761, 107.16015625, 59.1938018799, 25.613615036, 77.9538192749, 28.9777297974, 96.6143341064, 86.2845306396], [-200.348220825, 112.655883789, 290.899536133, 620.885986328, 307.661560059, 57.8547325134, -21.7659950256, 103.637756348, 103.959938049, 11.2416276932, 23.0575122833, 84.0386276245, 73.0570602417], [-312.483215332, 69.4689407349, 271.037811279, 307.661560059, 536.883789063, 108.233848572, -23.371389389, 67.3678436279, 121.456039429, 84.6319198608, 18.9686794281, 55.4000396729, 53.8804512024], [-54.9556274414, 183.816711426, 193.033004761, 57.8547325134, 108.233848572, 302.867370605, 143.872817993, 33.5881538391, 33.8870773315, 98.7870254517, 63.0145301819, 43.6939048767, 15.390581131], [-195.501571655, 242.170288086, 107.16015625, -21.7659950256, -23.371389389, 143.872817993, 290.9609375, 72.218132019, -31.7609825134, 90.9946594238, 78.3389282227, 12.0936355591, 27.2689342499], [139.88192749, 107.562698364, 59.1938018799, 103.637756348, 67.3678436279, 33.5881538391, 72.218132019, 218.754455566, 73.3851699829, 21.6974849701, 64.3734512329, 34.9403572083, 36.0668449402], [82.4741897583, -13.0197877884, 25.613615036, 103.959938049, 121.456039429, 33.8870773315, -31.7609825134, 73.3851699829, 212.612640381, 65.4048919678, 19.2024745941, 44.0385055542, 34.2808570862], [-51.7810401917, 98.1304397583, 77.9538192749, 11.2416276932, 84.6319198608, 98.7870254517, 90.9946594238, 21.6974849701, 65.4048919678, 203.62121582, 69.6113052368, 3.01538729668, 19.815279007], [56.3123703003, 127.616851807, 28.9777297974, 23.0575122833, 18.9686794281, 63.0145301819, 78.3389282227, 64.3734512329, 19.2024745941, 69.6113052368, 130.468994141, 29.2718524933, 15.0211305618], [-47.4129142761, 28.4783935547, 96.6143341064, 84.0386276245, 55.4000396729, 43.6939048767, 12.0936355591, 34.9403572083, 44.0385055542, 3.01538729668, 29.2718524933, 125.846191406, 47.0274085999], [-71.2924346924, 39.9491958618, 86.2845306396, 73.0570602417, 53.8804512024, 15.390581131, 27.2689342499, 36.0668449402, 34.2808570862, 19.815279007, 15.0211305618, 47.0274085999, 102.833099365]], "icov": [[8.82393360371e-05, 1.60136041814e-05, 3.36339362548e-05, 6.10084680375e-06, 6.39787613181e-05, -7.11905522621e-05, 0.00011637910211, -0.000109344706289, -9.29046018427e-06, -1.07969108285e-05, -5.32620724698e-05, 2.88091723633e-05, 6.80302719047e-06], [1.60136041814e-05, 0.000628288777079, -4.44727411377e-05, -8.86887719389e-05, 3.79571656595e-06, -0.000134765185066, -0.000325864908518, -7.79871552368e-05, 7.95461746748e-05, 3.78181575797e-05, -0.000352229020791, 0.000123225458083, -3.94170456275e-05], [3.36339362548e-05, -4.44727411377e-05, 0.00172982201912, -0.000474936590763, -0.000415392278228, -0.000694258254953, -0.000168955521076, -0.000105129009171, 0.00065470195841, -0.000350867630914, 0.000584071909543, -0.000647341948934, -0.000610127055552], [6.10084680375e-06, -8.86887719389e-05, -0.000474936590763, 0.00270016444847, -0.0011359002674, 0.000122121185996, 0.000329069735017, -0.000598144775722, -0.00039037616807, 0.00066609994974, -0.000218446017243, -0.000449975137599, -0.000542231544387], [6.39787613181e-05, 3.79571656595e-06, -0.000415392278228, -0.0011359002674, 0.00333479326218, -0.000846056325827, 0.00111023813952, -0.000466827943455, -0.000541639339644, -0.00113140232861, 0.000426918646554, 0.00017808539269, -0.000298159080558], [-7.11905522621e-05, -0.000134765185066, -0.000694258254953, 0.000122121185996, -0.000846056325827, 0.00581376254559, -0.00262647285126, 0.000976042589173, -0.000816991087049, -0.000735450652428, -0.000661252299324, -0.00132950302213, 0.00154477066826], [0.00011637910211, -0.000325864908518, -0.000168955521076, 0.000329069735017, 0.00111023813952, -0.00262647285126, 0.00721190264449, -0.00252196006477, 0.00246594846249, -0.0022853219416, -0.000788395525888, 0.000415150367189, -0.00155764981173], [-0.000109344706289, -7.79871552368e-05, -0.000105129009171, -0.000598144775722, -0.000466827943455, 0.000976042589173, -0.00252196006477, 0.00751785514876, -0.00288877426647, 0.00216524931602, -0.00309334532358, 0.000371314759832, -0.000573989585973], [-9.29046018427e-06, 7.95461746748e-05, 0.00065470195841, -0.00039037616807, -0.000541639339644, -0.000816991087049, 0.00246594846249, -0.00288877426647, 0.00809527654201, -0.00341557641514, 0.00143464934081, -0.00191839179024, -0.000916763383429], [-1.07969108285e-05, 3.78181575797e-05, -0.000350867630914, 0.00066609994974, -0.00113140232861, -0.000735450652428, -0.0022853219416, 0.00216524931602, -0.00341557641514, 0.00913252495229, -0.00406678346917, 0.00239541847259, -0.00077409518417], [-5.32620724698e-05, -0.000352229020791, 0.000584071909543, -0.000218446017243, 0.000426918646554, -0.000661252299324, -0.000788395525888, -0.00309334532358, 0.00143464934081, -0.00406678346917, 0.0127249211073, -0.00289432192221, 0.000704542908352], [2.88091723633e-05, 0.000123225458083, -0.000647341948934, -0.000449975137599, 0.00017808539269, -0.00132950302213, 0.000415150367189, 0.000371314759832, -0.00191839179024, 0.00239541847259, -0.00289432192221, 0.0117811653763, -0.00408671190962], [6.80302719047e-06, -3.94170456275e-05, -0.000610127055552, -0.000542231544387, -0.000298159080558, 0.00154477066826, -0.00155764981173, -0.000573989585973, -0.000916763383429, -0.00077409518417, 0.000704542908352, -0.00408671190962, 0.0134018743411]], "mean": [-674.005981445, 109.996238708, 23.3029193878, 13.6059207916, -3.54812216759, 0.5382630229, -8.11578083038, 10.0473194122, -2.7082400322, -4.84399938583, 1.66911816597, -3.58668160439, -3.22603034973]}, "pitch_salience": {"dmean": 0.0719051733613, "dmean2": 0.110957235098, "dvar": 0.00541143631563, "dvar2": 0.0110077671707, "max": 0.898303031921, "mean": 0.550905823708, "median": 0.581550419331, "min": 0.0142047405243, "var": 0.020555967465}, "silence_rate_20dB": {"dmean": 0, "dmean2": 0, "dvar": 0, "dvar2": 0, "max": 1, "mean": 1, "median": 1, "min": 1, "var": 0}, "silence_rate_30dB": {"dmean": 0.0339010022581, "dmean2": 0.0678073987365, "dvar": 0.0327541716397, "dvar2": 0.0762556865811, "max": 1, "mean": 0.967215716839, "median": 1, "min": 0, "var": 0.0317067801952}, "silence_rate_60dB": {"dmean": 0.015756804496, "dmean2": 0.0315161161125, "dvar": 0.0155080547556, "dvar2": 0.0351462177932, "max": 1, "mean": 0.0888835862279, "median": 0, "min": 0, "var": 0.0809870734811}, "spectral_centroid": {"dmean": 244.108184814, "dmean2": 375.285675049, "dvar": 114704.195313, "dvar2": 233572.671875, "max": 11208.7353516, "mean": 1266.41674805, "median": 1141.4206543, "min": 66.6326980591, "var": 585644.5}, "spectral_complexity": {"dmean": 2.70173478127, "dmean2": 4.08340644836, "dvar": 11.3753185272, "dvar2": 21.2048225403, "max": 53, "mean": 14.4475212097, "median": 14, "min": 0, "var": 74.1974411011}, "spectral_contrast_coeffs": {"dmean": [0.0487962141633, 0.0453074462712, 0.0382555052638, 0.0320630036294, 0.0231149047613, 0.0177828464657], "dmean2": [0.0780549570918, 0.0748822912574, 0.0613415464759, 0.0514787398279, 0.0364588499069, 0.0269032847136], "dvar": [0.00180091767106, 0.00138249062002, 0.000991432461888, 0.000771283463109, 0.000429924664786, 0.000273007462965], "dvar2": [0.00447427481413, 0.00377669092268, 0.00250715529546, 0.00183995917905, 0.00098502531182, 0.000564337009564], "max": [-0.274305343628, -0.405733078718, -0.417982518673, -0.5129519701, -0.514566481113, -0.585037052631], "mean": [-0.644947946072, -0.731680750847, -0.753134846687, -0.773108661175, -0.774562776089, -0.770747303963], "median": [-0.666034936905, -0.735105574131, -0.762797057629, -0.780394554138, -0.781023919582, -0.772683501244], "min": [-0.960677802563, -0.966382086277, -0.964972138405, -0.9634988904, -0.961888313293, -0.960239291191], "var": [0.0117415031418, 0.00573856150731, 0.00692781014368, 0.00470747705549, 0.0038487368729, 0.00259468355216]}, "spectral_contrast_valleys": {"dmean": [0.39329212904, 0.345477938652, 0.343632936478, 0.341903537512, 0.28029769659, 0.350504606962], "dmean2": [0.601276576519, 0.561900675297, 0.551416218281, 0.524649620056, 0.405195921659, 0.448660522699], "dvar": [0.177655935287, 0.114426471293, 0.141512587667, 0.171736821532, 0.12395106256, 0.206219539046], "dvar2": [0.345675140619, 0.28185492754, 0.332066953182, 0.391409635544, 0.236603990197, 0.344116419554], "max": [-5.32620286942, -4.40673589706, -5.00526380539, -6.06778812408, -5.62438344955, -6.7957649231], "mean": [-7.70871829987, -6.91274785995, -7.73003721237, -8.48313045502, -8.29622936249, -10.1470737457], "median": [-7.04656124115, -6.61793136597, -7.45902490616, -8.30602836609, -8.06781482697, -9.99935436249], "min": [-27.625793457, -27.3341293335, -27.3043937683, -27.2826194763, -27.4910850525, -27.233959198], "var": [3.12527322769, 1.95371901989, 2.03527998924, 1.80243873596, 1.74995291233, 1.97627139091]}, "spectral_decrease": {"dmean": 2.31560814967e-09, "dmean2": 3.17583337406e-09, "dvar": 1.40252608761e-17, "dvar2": 2.67475667037e-17, "max": 7.16315638114e-29, "mean": -6.84772594184e-09, "median": -3.99885902169e-09, "min": -4.12119227633e-08, "var": 5.6692782045e-17}, "spectral_energy": {"dmean": 0.00928698666394, "dmean2": 0.0127137349918, "dvar": 0.000218327273615, "dvar2": 0.000425326550612, "max": 0.172548159957, "mean": 0.0278788004071, "median": 0.0167676173151, "min": 1.04901130813e-20, "var": 0.00088089320343}, "spectral_energyband_high": {"dmean": 0.000835682789329, "dmean2": 0.0011818963103, "dvar": 6.16147144683e-06, "dvar2": 1.30251946757e-05, "max": 0.0598307810724, "mean": 0.00140818976797, "median": 0.000391757756006, "min": 7.63470741722e-21, "var": 1.08203794298e-05}, "spectral_energyband_low": {"dmean": 0.00589114194736, "dmean2": 0.00636739656329, "dvar": 0.000142880802741, "dvar2": 0.000182644667802, "max": 0.131726920605, "mean": 0.0126010458916, "median": 0.00325249903835, "min": 5.85935651248e-23, "var": 0.000570470234379}, "spectral_energyband_middle_high": {"dmean": 0.00140870385803, "dmean2": 0.00210672849789, "dvar": 7.07476283424e-06, "dvar2": 1.55981124408e-05, "max": 0.0725671574473, "mean": 0.00430225767195, "median": 0.0020873809699, "min": 1.35786604896e-21, "var": 3.8643622247e-05}, "spectral_energyband_middle_low": {"dmean": 0.00488553475589, "dmean2": 0.00834119040519, "dvar": 9.08385773073e-05, "dvar2": 0.000253241771134, "max": 0.112415671349, "mean": 0.0104961842299, "median": 0.00720340432599, "min": 2.26728115735e-22, "var": 0.0001316042908}, "spectral_entropy": {"dmean": 0.193542301655, "dmean2": 0.281655222178, "dvar": 0.0532285571098, "dvar2": 0.102693840861, "max": 9.80668640137, "mean": 7.53460407257, "median": 7.56678915024, "min": 4.39188623428, "var": 0.311274528503}, "spectral_flux": {"dmean": 0.0254852380604, "dmean2": 0.0386955961585, "dvar": 0.00144155975431, "dvar2": 0.00261365203187, "max": 0.359838783741, "mean": 0.0768959894776, "median": 0.0638635009527, "min": 6.58813420484e-11, "var": 0.00335678760894}, "spectral_kurtosis": {"dmean": 1.40992665291, "dmean2": 2.17244553566, "dvar": 6.36960840225, "dvar2": 12.9209451675, "max": 78.8429794312, "mean": 4.17629528046, "median": 3.06091809273, "min": -1.24141776562, "var": 30.4151420593}, "spectral_rms": {"dmean": 0.000764800526667, "dmean2": 0.00103050796315, "dvar": 1.00675470094e-06, "dvar2": 1.81674704436e-06, "max": 0.0129745779559, "mean": 0.00454279314727, "median": 0.0040445830673, "min": 3.19910244129e-12, "var": 6.56190741211e-06}, "spectral_rolloff": {"dmean": 722.52557373, "dmean2": 1203.82202148, "dvar": 2455694, "dvar2": 5671987, "max": 18841.5527344, "mean": 1758.95166016, "median": 947.4609375, "min": 21.533203125, "var": 4921111.5}, "spectral_skewness": {"dmean": 0.223697245121, "dmean2": 0.330788612366, "dvar": 0.0832653865218, "dvar2": 0.15789526701, "max": 7.85263204575, "mean": 1.60932910442, "median": 1.52041387558, "min": -0.485780715942, "var": 0.545374214649}, "spectral_spread": {"dmean": 818151.0625, "dmean2": 1173504.875, "dvar": 1359880126460.0, "dvar2": 2601007448060.0, "max": 39755828, "mean": 5731640.5, "median": 5309288, "min": 1133552.125, "var": 4033259241470.0}, "spectral_strongpeak": {"dmean": 0.48744520545, "dmean