{"lowlevel": {"average_loudness": 0.813691914082, "barkbands": {"dmean": [2.01361690415e-05, 0.000312912190566, 0.000856816943269, 0.000984018552117, 0.00157758442219, 0.00105597544461, 0.000733074557502, 0.000923233339563, 0.000650769041386, 0.00066699256422, 0.000365907384548, 0.000608655682299, 0.00029370203265, 0.000250828190474, 0.000174347893335, 0.000175548702828, 0.000333909789333, 0.00011913630442, 0.000119615295262, 3.66604290321e-05, 2.0037043214e-05, 2.2121674192e-05, 1.15451930469e-05, 7.0429182415e-06, 4.3170225581e-06, 6.61263493384e-06, 2.02992782761e-06], "dmean2": [3.20087419823e-05, 0.000485072872834, 0.00134853809141, 0.00158923538402, 0.00248311948963, 0.00141798274126, 0.000995118636638, 0.00130125950091, 0.000860309693962, 0.000914160977118, 0.000498463341501, 0.000887302099727, 0.00042218962335, 0.000376024836442, 0.000272441713605, 0.000278414023342, 0.000550526892766, 0.00019131974841, 0.000191982180695, 5.66204325878e-05, 3.21448787872e-05, 3.41753402608e-05, 1.80105544132e-05, 1.09545917439e-05, 7.30285546524e-06, 1.16195951705e-05, 3.72877889276e-06], "dvar": [9.02162566874e-10, 4.75008619105e-07, 2.47923958341e-06, 3.59314208254e-06, 6.08075743003e-06, 3.83790393244e-06, 3.5741463762e-06, 5.70941892875e-06, 2.58447835222e-06, 3.27705174641e-06, 1.77769106813e-06, 3.48971570929e-06, 7.00818986843e-07, 3.55185534318e-07, 2.01292522206e-07, 1.98534721108e-07, 3.59108867087e-07, 6.05476699889e-08, 4.33857110238e-08, 1.77530328216e-08, 2.44975884023e-09, 3.18337023408e-09, 2.18965445775e-09, 6.286414167e-10, 3.12372711031e-10, 8.80060968544e-10, 1.02706863847e-10], "dvar2": [2.04017358563e-09, 1.1079507658e-06, 6.7778914854e-06, 9.64423816185e-06, 1.5404606529e-05, 6.32819956081e-06, 5.80712139708e-06, 1.11881545308e-05, 4.67876361654e-06, 5.33475440534e-06, 2.65672792921e-06, 6.88101272317e-06, 1.32971865696e-06, 7.20316620573e-07, 4.26981671353e-07, 4.59073362435e-07, 9.44521275414e-07, 1.54751887749e-07, 1.10019222177e-07, 4.53784529952e-08, 5.79145442714e-09, 7.0686536624e-09, 4.24776613883e-09, 1.3502017282e-09, 8.19475209912e-10, 2.36054242819e-09, 2.92893098663e-10], "max": [0.000780361471698, 0.0129018165171, 0.0226704310626, 0.0507130548358, 0.0528415739536, 0.0727209299803, 0.0698246359825, 0.0705812498927, 0.0410738475621, 0.0435386300087, 0.0473512262106, 0.078504934907, 0.0273779705167, 0.0191900078207, 0.0115976603702, 0.0115197217092, 0.0132189746946, 0.00538253318518, 0.00555426254869, 0.00893262121826, 0.00248318514787, 0.0016994366888, 0.00211329502054, 0.000867145485245, 0.000448734732345, 0.000564387766644, 0.000180716597242], "mean": [6.35138858343e-05, 0.000624717737082, 0.00172537832987, 0.00214687758125, 0.00378625537269, 0.00345911365002, 0.00183969526552, 0.00272480095737, 0.00142100604717, 0.00144529133104, 0.000677095900755, 0.00103654887062, 0.000521736394148, 0.000469241611427, 0.0003093694977, 0.000319121318171, 0.000604115542956, 0.000210471378523, 0.000255401537288, 7.47636295273e-05, 3.72974864149e-05, 4.26266888098e-05, 1.82945823326e-05, 1.08264503069e-05, 5.18856586496e-06, 5.71919372305e-06, 1.46041668359e-06], "median": [5.82824723097e-05, 0.000226703341468, 0.000715378962923, 0.000710247433744, 0.00241064839065, 0.00166783900931, 0.000631759525277, 0.00067949143704, 0.000442597171059, 0.000330232200213, 0.00015469356731, 0.000341791543178, 0.000132619330543, 0.000137759881909, 0.000112506306323, 0.00013288349146, 0.00029846909456, 9.52635455178e-05, 0.000128815649077, 3.28306341544e-05, 1.95818447537e-05, 1.82509738806e-05, 6.41695260128e-06, 2.21991422222e-06, 1.10644373308e-06, 4.65245932446e-07, 1.94661325281e-07], "min": [4.31107455715e-25, 1.70149862242e-24, 5.05275467771e-25, 1.091280594e-24, 7.87994262631e-24, 4.41710397091e-24, 7.17905706696e-24, 4.72568742438e-24, 8.71582595236e-24, 8.47305321992e-24, 1.34774077312e-23, 2.64137468116e-23, 2.71342686966e-23, 3.8567479076e-23, 3.56398711063e-23, 3.94259900883e-23, 4.76786647591e-23, 1.03852307549e-22, 1.20313733116e-22, 1.82857541312e-22, 2.47466700953e-22, 2.90296925615e-22, 3.91349275511e-22, 5.56830533487e-22, 8.36157571975e-22, 1.3096619776e-21, 1.95272684725e-21], "var": [1.7073100711e-09, 1.00391071101e-06, 6.21340723228e-06, 1.30685020849e-05, 1.83929223567e-05, 2.67299565166e-05, 1.70477978827e-05, 3.60557824024e-05, 8.05175204732e-06, 1.26127124531e-05, 4.95010863233e-06, 7.08883135303e-06, 1.7438286477e-06, 1.02991941731e-06, 4.63331389255e-07, 3.93977131807e-07, 7.3514934229e-07, 1.10172344137e-07, 1.21547401477e-07, 2.81522520851e-08, 4.81775064287e-09, 7.55184359491e-09, 4.68483651872e-09, 1.36579580978e-09, 3.33680028053e-10, 7.13486048021e-10, 6.27469742831e-11]}, "barkbands_crest": {"dmean": 1.96970880032, "dmean2": 3.07458114624, "dvar": 3.73125553131, "dvar2": 8.81267738342, "max": 24.2488059998, "mean": 9.46524715424, "median": 8.60616016388, "min": 2.42303562164, "var": 14.9978733063}, "barkbands_flatness_db": {"dmean": 0.016388900578, "dmean2": 0.0240891482681, "dvar": 0.000296166515909, "dvar2": 0.000617632700596, "max": 0.440021425486, "mean": 0.154493451118, "median": 0.152683585882, "min": 0.0337712839246, "var": 0.00209261383861}, "barkbands_kurtosis": {"dmean": 1.7987446785, "dmean2": 2.79165649414, "dvar": 15.8345708847, "dvar2": 37.2238311768, "max": 235.736816406, "mean": 3.33660125732, "median": 1.66359376907, "min": -1.87868499756, "var": 38.3042678833}, "barkbands_skewness": {"dmean": 0.372040271759, "dmean2": 0.562534928322, "dvar": 0.15108756721, "dvar2": 0.348802000284, "max": 12.1078882217, "mean": 1.31995129585, "median": 1.26061713696, "min": -2.67401170731, "var": 1.19425415993}, "barkbands_spread": {"dmean": 3.2608230114, "dmean2": 5.02248430252, "dvar": 14.4608831406, "dvar2": 31.7712268829, "max": 89.6235427856, "mean": 15.8925294876, "median": 14.4566030502, "min": 0.431169509888, "var": 71.1877212524}, "dissonance": {"dmean": 0.0204260293394, "dmean2": 0.0337857864797, "dvar": 0.000397245516069, "dvar2": 0.00106955668889, "max": 0.500000119209, "mean": 0.446976572275, "median": 0.454811841249, "min": 0.168786048889, "var": 0.00122624216601}, "dynamic_complexity": 3.68546247482, "erbbands": {"dmean": [0.00813278090209, 0.0826987102628, 0.67476183176, 2.35305762291, 4.252784729, 5.52058458328, 7.14486455917, 9.2303943634, 10.7247066498, 12.8692264557, 18.8703346252, 16.1038246155, 18.2654666901, 19.4986095428, 13.6230077744, 26.8175144196, 14.7753200531, 12.670126915, 9.11351680756, 8.22002315521, 11.2272443771, 13.603427887, 6.43226242065, 5.627368927, 4.96030902863, 1.96483683586, 0.964592933655, 0.650104880333, 0.675510942936, 0.679254114628, 0.315797537565, 0.216742411256, 0.0765004903078, 0.0466686710715, 0.0320452079177, 0.0235582571477, 0.0131211029366, 0.00352294486947, 0.000344924716046, 1.50249516082e-05], "dmean2": [0.0124599132687, 0.128589734435, 1.06941258907, 3.8100168705, 6.80835103989, 8.69102573395, 10.1733922958, 12.4916639328, 14.072977066, 18.0704898834, 25.8484573364, 21.0779476166, 24.2839221954, 26.2923488617, 19.4899501801, 39.0967750549, 20.9391021729, 18.9753284454, 14.0009078979, 12.808634758, 18.1525821686, 22.3125, 10.2776470184, 9.18396663666, 7.88756322861, 3.08089780807, 1.53409171104, 1.02108955383, 1.04037606716, 1.05470657349, 0.487902611494, 0.334948688745, 0.122931912541, 0.0775035917759, 0.0546076893806, 0.0406931601465, 0.023079847917, 0.00639454042539, 0.000633286137599, 2.5454120987e-05], "dvar": [0.000441119627794, 0.0297621563077, 1.43777513504, 19.6234817505, 60.1978797913, 95.8597564697, 205.641464233, 372.84197998, 869.849365234, 1343.00952148, 2130.80712891, 1734.14160156, 2736.91357422, 4898.75537109, 1552.52624512, 7855.03759766, 1754.85705566, 709.463378906, 529.369812012, 334.181427002, 429.487854004, 553.190856934, 159.620697021, 136.812133789, 95.4083175659, 42.6382102966, 6.40153408051, 2.62889552116, 2.2940299511, 6.04188251495, 1.78295516968, 0.644397079945, 0.0961483195424, 0.0388383083045, 0.0175755228847, 0.0106677329168, 0.00363947637379, 0.000292379292659, 2.96194389193e-06, 2.73017120023e-09], "dvar2": [0.00110954674892, 0.0683946460485, 3.71559023857, 56.4345779419, 153.101226807, 239.8150177, 392.262969971, 627.917724609, 1276.32763672, 2654.63500977, 3803.2746582, 3067.58422852, 4135.77246094, 7885.67529297, 2862.59594727, 16202.5927734, 3051.3190918, 1427.11010742, 1058.52185059, 755.155456543, 1064.19421387, 1436.35449219, 423.548248291, 365.769439697, 242.449676514, 110.12828064, 13.5088453293, 6.09919023514, 5.03075647354, 13.1898469925, 3.59166550636, 1.37451720238, 0.225313052535, 0.0963097140193, 0.0477518215775, 0.0282999370247, 0.00981741864234, 0.000819669570774, 8.47400406201e-06, 7.68168462173e-09], "max": [0.404160827398, 2.75450849533, 20.2891254425, 87.7623901367, 185.094360352, 264.291748047, 462.138366699, 642.016418457, 1099.99780273, 1621.19140625, 1594.9967041, 1279.97460938, 1690.31945801, 2054.73901367, 1115.26525879, 4014.80078125, 1269.76062012, 762.138183594, 751.721618652, 468.448516846, 444.079742432, 507.909820557, 255.717666626, 243.989471436, 220.219573975, 431.180419922, 134.549636841, 65.8692703247, 51.4030990601, 78.6493225098, 57.4575309753, 32.6450538635, 9.30516433716, 6.29029560089, 2.04798936844, 1.96849572659, 1.1942101717, 0.334610939026, 0.030650543049, 0.000839487242047], "mean": [0.0159818064421, 0.171405598521, 1.43830358982, 5.52656269073, 8.64659976959, 12.8581323624, 25.2573299408, 26.7573604584, 28.7256832123, 30.712348938, 60.9836425781, 39.216835022, 40.3010482788, 44.0940093994, 28.38854599, 45.8458404541, 28.6979846954, 27.2664051056, 18.4548282623, 16.1074428558, 21.7965831757, 27.1151771545, 13.7003965378, 11.7205953598, 10.094004631, 4.21524333954, 2.05242419243, 1.25521624088, 1.29823303223, 1.1269068718, 0.514649629593, 0.340652883053, 0.110316857696, 0.0607095584273, 0.0352973788977, 0.022843291983, 0.0108439261094, 0.00257184379734, 0.000260109518422, 3.62231585314e-05], "median": [0.00471537467092, 0.0787709727883, 0.686955153942, 2.12228083611, 4.52018070221, 7.01961135864, 9.29770755768, 12.9190921783, 10.1900024414, 12.5323524475, 16.3241100311, 13.846821785, 11.5636043549, 9.73631954193, 8.97111701965, 14.9538936615, 10.0754003525, 8.85450077057, 7.65378189087, 8.14408397675, 11.941783905, 15.2213096619, 7.00228691101, 5.05994701385, 5.11425256729, 2.00705623627, 1.21906530857, 0.6813788414, 0.573457300663, 0.397213310003, 0.191336855292, 0.0706054493785, 0.0270765703171, 0.0133725171909, 0.00594925368205, 0.00238392967731, 0.000779118970968, 0.000202067792998, 4.6815333917e-05, 2.77268773061e-05], "min": [6.12040131453e-23, 3.75104950776e-22, 1.07280690733e-21, 5.3221887094e-21, 1.64565563384e-20, 2.33703419244e-20, 1.92506803591e-20, 3.47551081915e-20, 9.09458652497e-20, 1.97357254994e-19, 2.01581446662e-19, 2.46596421727e-19, 1.83349662178e-19, 6.34710314769e-19, 7.25133201539e-19, 1.23716803027e-18, 1.55490609473e-18, 1.89314345253e-18, 1.83517360123e-18, 3.42961138122e-18, 3.26746805793e-18, 2.94525701431e-18, 5.92855813294e-18, 6.05265549075e-18, 7.2564899001e-18, 8.80559652816e-18, 9.29624036286e-18, 9.52595999949e-18, 1.03527576274e-17, 1.15439283152e-17, 1.1177062133e-17, 1.10493429649e-17, 9.31391142228e-18, 8.48123502174e-18, 5.92173017058e-18, 4.19450508685e-18, 2.12317121394e-18, 8.08212223734e-19, 2.36156084077e-19, 2.73244607384e-20], "var": [0.000829560332932, 0.063657514751, 3.79859161377, 78.2647705078, 158.15196228, 297.823669434, 1932.90844727, 2205.93359375, 4340.02099609, 4345.98779297, 19907.8320312, 5696.23486328, 10716.6367188, 15105.4365234, 4416.80419922, 14754.1308594, 4608.32519531, 2989.09423828, 1503.93444824, 716.413757324, 914.227416992, 1206.6472168, 354.893218994, 324.114074707, 245.720672607, 69.9359817505, 15.4313240051, 5.0072221756, 5.79995441437, 10.3679771423, 3.56610846519, 1.43018579483, 0.161522015929, 0.0495352335274, 0.0163198672235, 0.0095186624676, 0.00286219827831, 0.000192051506019, 1.78870277523e-06, 2.19095630527e-09]}, "erbbands_crest": {"dmean": 2.40842151642, "dmean2": 3.75270080566, "dvar": 5.78900623322, "dvar2": 12.9089040756, "max": 32.935005188, "mean": 10.1923294067, "median": 9.01163291931, "min": 2.30148553848, "var": 22.4978637695}, "erbbands_flatness_db": {"dmean": 0.0166547279805, "dmean2": 0.0237156655639, "dvar": 0.000350964925019, "dvar2": 0.00071283581201, "max": 0.379371851683, "mean": 0.200768738985, "median": 0.201894104481, "min": 0.0261490289122, "var": 0.00236906576902}, "erbbands_kurtosis": {"dmean": 0.736089169979, "dmean2": 1.14445853233, "dvar": 1.68475306034, "dvar2": 3.57588481903, "max": 61.0740737915, "mean": 0.212873741984, "median": -0.269417285919, "min": -1.80926084518, "var": 4.22672080994}, "erbbands_skewness": {"dmean": 0.304535955191, "dmean2": 0.463459998369, "dvar": 0.0827746167779, "dvar2": 0.185366228223, "max": 6.28632450104, "mean": 0.38244792819, "median": 0.347440689802, "min": -3.49910068512, "var": 0.486445188522}, "erbbands_spread": {"dmean": 5.1185631752, "dmean2": 7.74134302139, "dvar": 29.3584861755, "dvar2": 64.8548736572, "max": 100.179527283, "mean": 30.3477478027, "median": 29.0276947021, "min": 1.7222019434, "var": 181.261077881}, "gfcc": {"cov": [[26714.0097656, 2607.61425781, -3323.36572266, 284.060668945, -1348.26538086, -264.291015625, -767.782287598, -166.394058228, -450.965057373, -236.949356079, -297.01550293, -120.292282104, -369.87097168], [2607.61425781, 1185.26806641, -355.425140381, -94.040397644, 21.4262714386, -138.350128174, -7.2239575386, -49.5376853943, 37.2491874695, -101.593566895, 29.5566101074, -94.1485900879, 16.8896808624], [-3323.36572266, -355.425140381, 968.885925293, 92.6529541016, 224.976272583, 78.7324447632, 29.896905899, 37.2969245911, 24.4345703125, 61.7253990173, -27.8070678711, 12.6067409515, 21.4903106689], [284.060668945, -94.040397644, 92.6529541016, 412.452819824, 34.693687439, 18.6958065033, -71.2250823975, -26.7222576141, 6.32517576218, -17.5904693604, 5.23033809662, -1.27694690228, -20.3979949951], [-1348.26538086, 21.4262714386, 224.976272583, 34.693687439, 268.356018066, 30.0769958496, 31.6282978058, 14.3879833221, 22.3265762329, 7.70608186722, 5.62374830246, -5.50318527222, 24.0727386475], [-264.291015625, -138.350128174, 78.7324447632, 18.6958065033, 30.0769958496, 199.73387146, 94.7683639526, 30.7262058258, -18.6016769409, 14.8937101364, -5.62294769287, 7.55632972717, -22.5055408478], [-767.782287598, -7.2239575386, 29.896905899, -71.2250823975, 31.6282978058, 94.7683639526, 182.159317017, 37.8560791016, 15.5591192245, -6.6683549881, 21.1888122559, 10.729013443, -0.258326888084], [-166.394058228, -49.5376853943, 37.2969245911, -26.7222576141, 14.3879833221, 30.7262058258, 37.8560791016, 117.946472168, 22.4273204803, 15.6005916595, -14.6279592514, -12.5484695435, 11.4305849075], [-450.965057373, 37.2491874695, 24.4345703125, 6.32517576218, 22.3265762329, -18.6016769409, 15.5591192245, 22.4273204803, 101.659187317, 18.6369514465, 11.1083650589, -6.15543174744, 14.7943754196], [-236.949356079, -101.593566895, 61.7253990173, -17.5904693604, 7.70608186722, 14.8937101364, -6.6683549881, 15.6005916595, 18.6369514465, 88.8494644165, 11.7284574509, 4.6702747345, -2.77747178078], [-297.01550293, 29.5566101074, -27.8070678711, 5.23033809662, 5.62374830246, -5.62294769287, 21.1888122559, -14.6279592514, 11.1083650589, 11.7284574509, 100.263999939, 20.7721042633, -4.35220527649], [-120.292282104, -94.1485900879, 12.6067409515, -1.27694690228, -5.50318527222, 7.55632972717, 10.729013443, -12.5484695435, -6.15543174744, 4.6702747345, 20.7721042633, 109.613189697, 21.1305370331], [-369.87097168, 16.8896808624, 21.4903106689, -20.3979949951, 24.0727386475, -22.5055408478, -0.258326888084, 11.4305849075, 14.7943754196, -2.77747178078, -4.35220527649, 21.1305370331, 84.8038711548]], "icov": [[0.00029624986928, -0.000798164750449, 0.000652524817269, -0.000461501505924, 0.000856679980643, -0.00057212630054, 0.00102053082082, -0.000644355837721, 0.000997949158773, -0.000739575829357, 0.00111817196012, -0.000837104278617, 0.00093728560023], [-0.000798164750449, 0.00346538517624, -0.00133203738369, 0.00153228244744, -0.00281512713991, 0.00209395913407, -0.00287331803702, 0.00220503797755, -0.00323401368223, 0.00322483060881, -0.00347316055559, 0.00339278113097, -0.00277021038346], [0.000652524817269, -0.00133203738369, 0.00300228130072, -0.00123133754823, 0.000625634449534, -0.00127072515897, 0.0020651195664, -0.00137372384779, 0.00206121918745, -0.00222943606786, 0.00295405834913, -0.00174019893166, 0.00188351213001], [-0.000461501505924, 0.00153228244744, -0.00123133754823, 0.00388602097519, -0.0017245602794, -0.000342441402609, 0.000578123959713, 0.00140279531479, -0.00270084640943, 0.00295876502059, -0.00257263705134, 0.00139611889608, -0.000771738821641], [0.000856679980643, -0.00281512713991, 0.000625634449534, -0.0017245602794, 0.00764671666548, -0.00220921658911, 0.0024424418807, -0.00189898186363, 0.00253773783334, -0.0022316663526, 0.00274584884755, -0.00203553168103, 0.00136249850038], [-0.00057212630054, 0.00209395913407, -0.00127072515897, -0.000342441402609, -0.00220921658911, 0.00993736833334, -0.00720090977848, 0.000413078028942, 0.000594612851273, -0.000513823761139, -0.000691073306371, 0.00145616719965, -4.85313739773e-06], [0.00102053082082, -0.00287331803702, 0.0020651195664, 0.000578123959713, 0.0024424418807, -0.00720090977848, 0.0137545699254, -0.0040013436228, 0.000992087065242, 0.000792665756308, 0.00107427011244, -0.00360548566096, 0.00342232594267], [-0.000644355837721, 0.00220503797755, -0.00137372384779, 0.00140279531479, -0.00189898186363, 0.000413078028942, -0.0040013436228, 0.0120566515252, -0.00419958401471, 0.000388245854992, -0.000772913568653, 0.00362631399184, -0.00375046837144], [0.000997949158773, -0.00323401368223, 0.00206121918745, -0.00270084640943, 0.00253773783334, 0.000594612851273, 0.000992087065242, -0.00419958401471, 0.0158552229404, -0.0060906088911, 0.00317025929689, -0.00219724979252, 0.00157586694695], [-0.000739575829357, 0.00322483060881, -0.00222943606786, 0.00295876502059, -0.0022316663526, -0.000513823761139, 0.000792665756308, 0.000388245854992, -0.0060906088911, 0.0172511041164, -0.00583999743685, 0.00244374061003, -0.00142514391337], [0.00111817196012, -0.00347316055559, 0.00295405834913, -0.00257263705134, 0.00274584884755, -0.000691073306371, 0.00107427011244, -0.000772913568653, 0.00317025929689, -0.00583999743685, 0.0164701025933, -0.00576977804303, 0.00488440319896], [-0.000837104278617, 0.00339278113097, -0.00174019893166, 0.00139611889608, -0.00203553168103, 0.00145616719965, -0.00360548566096, 0.00362631399184, -0.00219724979252, 0.00244374061003, -0.00576977804303, 0.0140012875199, -0.00640689348802], [0.00093728560023, -0.00277021038346, 0.00188351213001, -0.000771738821641, 0.00136249850038, -4.85313739773e-06, 0.00342232594267, -0.00375046837144, 0.00157586694695, -0.00142514391337, 0.00488440319896, -0.00640689348802, 0.0174220353365]], "mean": [-54.9452209473, 123.775840759, -134.168334961, 16.9067935944, -51.6007843018, -10.7294015884, -35.296672821, -3.13340306282, -20.4229049683, -8.95060253143, -14.7924604416, -1.0016361475, -14.1629228592]}, "hfc": {"dmean": 3.38446116447, "dmean2": 4.80287408829, "dvar": 29.6062107086, "dvar2": 50.6687164307, "max": 147.779647827, "mean": 15.8237686157, "median": 13.1207695007, "min": 1.06331645759e-16, "var": 155.816925049}, "melbands": {"dmean": [7.77353561716e-05, 0.00026873438037, 0.00042960132123, 0.00035278958967, 0.000235723942751, 0.000201663075131, 0.000161798539921, 0.000155320536578, 0.00015350189642, 0.000100948724139, 9.23178085941e-05, 8.00031921244e-05, 4.59269176645e-05, 5.93378063058e-05, 5.41523513675e-05, 2.83962472167e-05, 2.49213953794e-05, 1.49762554429e-05, 1.23460713439e-05, 1.39960093293e-05, 1.6041136405e-05, 1.8160453692e-05, 1.11806048153e-05, 3.1511015095e-06, 5.30408260602e-06, 3.93105528929e-06, 2.08234837373e-06, 1.36322967137e-06, 6.26872974863e-07, 6.8651439733e-07, 3.51680625954e-07, 3.40240234209e-07, 5.53351469534e-07, 3.39904573821e-07, 1.99153291192e-07, 1.50404389387e-07, 1.21686994703e-07, 5.49442837894e-08, 4.56029169982e-08, 3.80853926174e-08], "dmean2": [0.000118229552754, 0.000421946402639, 0.000691022665706, 0.000563779380172, 0.000346037035342, 0.000272721488727, 0.000214143365156, 0.000215585314436, 0.000205223361263, 0.000132611181471, 0.000122382509289, 0.00010838307935, 6.40609068796e-05, 8.66406116984e-05, 7.78179746703e-05, 4.1838913603e-05, 3.75877971237e-05, 2.29122051678e-05, 1.92510360648e-05, 2.20532983803e-05, 2.63332985924e-05, 2.98139166262e-05, 1.81999621418e-05, 5.05995240019e-06, 8.73596491147e-06, 6.16128818365e-06, 3.27561770064e-06, 2.16343073589e-06, 9.94448100755e-07, 1.11488770926e-06, 5.5797420373e-07, 5.35970286819e-07, 8.43111024551e-07, 5.3190115068e-07, 3.12389914825e-07, 2.324160846e-07, 1.90516189491e-07, 8.92138984909e-08, 7.47650972244e-08, 6.43304574055e-08], "dvar": [3.32812426507e-08, 2.21447407966e-07, 5.52380811314e-07, 3.70729623e-07, 1.90545890177e-07, 1.74196529201e-07, 1.86986483186e-07, 2.00739307843e-07, 1.31935166792e-07, 7.06301150899e-08, 6.82048550971e-08, 7.87809781855e-08, 2.26556142735e-08, 2.9637755361e-08, 3.21689661575e-08, 5.07756769963e-09, 3.07455416682e-09, 1.55247836808e-09, 9.6986707554e-10, 1.3910275154e-09, 8.54977144638e-10, 1.21400667297e-09, 6.16661388619e-10, 4.64555546809e-11, 1.37151540125e-10, 5.95332186326e-11, 2.89164369532e-11, 2.02439627561e-11, 3.74543104864e-12, 1.94451637951e-12, 9.04434676024e-13, 6.32346497213e-13, 1.96475995196e-12, 1.77694772958e-12, 7.44569716212e-13, 4.39592400025e-13, 1.95646179379e-13, 5.04834821407e-14, 4.70940933548e-14, 2.49322098205e-14], "dvar2": [7.94393173464e-08, 5.64137508263e-07, 1.52862105551e-06, 9.31293925532e-07, 3.92489170054e-07, 2.87669422505e-07, 2.80484101722e-07, 4.00170421244e-07, 2.27491952387e-07, 1.26772363274e-07, 1.01733675706e-07, 1.29216005007e-07, 3.89164362957e-08, 6.44628030955e-08, 5.36957109887e-08, 9.93232252e-09, 6.19556850268e-09, 3.12165160388e-09, 2.09012718244e-09, 3.11137937636e-09, 2.22325935439e-09, 3.20747917115e-09, 1.69620140156e-09, 1.2233386526e-10, 3.69899638697e-10, 1.41290104616e-10, 7.58546073176e-11, 5.17717813064e-11, 8.09468724688e-12, 4.65226858773e-12, 2.19467955094e-12, 1.47297950746e-12, 4.26592268454e-12, 3.87771455571e-12, 1.53052310409e-12, 9.68585021216e-13, 4.37936064366e-13, 1.21863863401e-13, 1.16854103976e-13, 6.33485709093e-14], "max": [0.00371040054597, 0.00759888486937, 0.0169116873294, 0.0148602752015, 0.0134771903977, 0.0159954000264, 0.0164798088372, 0.0189601946622, 0.0129146045074, 0.00776901515201, 0.00815472379327, 0.0081953862682, 0.00419353879988, 0.0084345266223, 0.0088496748358, 0.00183965661563, 0.00170392019209, 0.00175812456291, 0.000763370771892, 0.000945178035181, 0.000604152563028, 0.000803006347269, 0.000469844962936, 0.000167252772371, 0.00024484784808, 0.000223254362936, 0.000252525322139, 0.000288562936476, 0.000110025757749, 4.68425023428e-05, 3.60265366908e-05, 2.55082577496e-05, 3.62241771654e-05, 4.76547247672e-05, 4.24528807343e-05, 3.17190424539e-05, 1.52844022523e-05, 6.49935554975e-06, 7.87360386312e-06, 3.90723562305e-06], "mean": [0.000160113952006, 0.000577455502935, 0.00102391536348, 0.000768442056142, 0.000801520131063, 0.000603268679697, 0.000433166482253, 0.000367224012734, 0.000480569142383, 0.000225365831284, 0.000194363194169, 0.000176537228981, 9.11960451049e-05, 0.00010533924069, 9.18483638088e-05, 5.6034696172e-05, 4.95601161674e-05, 2.84019861283e-05, 2.24598134082e-05, 2.45735445787e-05, 2.86208323814e-05, 3.28021087626e-05, 2.13642415474e-05, 6.20465334578e-06, 1.01001360235e-05, 7.85433167039e-06, 4.12673307437e-06, 2.63819606516e-06, 1.22850246953e-06, 1.19360424833e-06, 5.91913817516e-07, 6.35308822439e-07, 9.71434474195e-07, 4.85109637793e-07, 3.02976246758e-07, 2.31891561953e-07, 1.84245138257e-07, 7.40674863664e-08, 6.05980048363e-08, 4.73594887751e-08], "median": [5.5077351135e-05, 0.000290068070171, 0.000466154015157, 0.00042012456106, 0.000346899119904, 0.000300089624943, 0.00015428585175, 0.000131503999, 0.000128331215819, 7.08604129613e-05, 5.07864206156e-05, 3.49147376255e-05, 2.42490441451e-05, 3.7467580114e-05, 2.87201710307e-05, 1.65129895322e-05, 1.40093789014e-05, 1.08706499304e-05, 9.5895047707e-06, 9.61335172178e-06, 1.41281916513e-05, 1.47006885527e-05, 7.77032346377e-06, 3.36614380103e-06, 3.43063629771e-06, 3.61657021131e-06, 2.06710092243e-06, 1.00741260667e-06, 5.46784235667e-07, 5.59614477424e-07, 2.15656541513e-07, 2.73809376949e-07, 3.14006229019e-07, 1.1962144697e-07, 1.05045778298e-07, 5.94422253641e-08, 3.39259713655e-08, 1.5590902791e-08, 1.53239305689e-08, 8.77100436725e-09], "min": [5.74638823875e-25, 4.70463331846e-25, 9.35635970816e-25, 1.30530812252e-24, 7.95537429492e-25, 6.8806942926e-25, 1.38298686143e-24, 1.81721367038e-24, 1.55336474392e-24, 1.34467090119e-24, 6.16951942325e-25, 2.43365088096e-24, 2.13052062573e-24, 2.47736126929e-24, 2.99888766614e-24, 3.35161557864e-24, 3.4297534346e-24, 2.32954845718e-24, 3.33270618831e-24, 2.89182306965e-24, 3.62516374715e-24, 2.46286042813e-24, 3.48055923234e-24, 4.8845576998e-24, 3.33817851641e-24, 4.0183474051e-24, 3.20832057293e-24, 4.07907233986e-24, 4.54058121296e-24, 4.60933832946e-24, 4.61151400784e-24, 5.32549978581e-24, 5.03433674772e-24, 5.92698019363e-24, 6.24540665904e-24, 5.41493728537e-24, 6.31270517172e-24, 5.73462198392e-24, 5.16630371083e-24, 6.59833040626e-24], "var": [6.98533995092e-08, 5.8353583654e-07, 2.10675625567e-06, 1.06256368326e-06, 1.51846063545e-06, 1.03004219909e-06, 9.59319663707e-07, 6.83538587509e-07, 1.22468202335e-06, 2.11758148794e-07, 2.70054670182e-07, 2.50140715252e-07, 6.24550082762e-08, 5.49406493633e-08, 7.22910016293e-08, 1.46585668048e-08, 1.12438991451e-08, 4.15855794245e-09, 2.01350180973e-09, 2.65829647184e-09, 1.7004677666e-09, 2.48095011202e-09, 1.35849986815e-09, 9.4115923388e-11, 3.10199477216e-10, 1.564574581e-10, 6.19000198321e-11, 3.2898139074e-11, 8.52214219332e-12, 4.02798324209e-12, 1.52768899961e-12, 1.33328786379e-12, 5.3061613263e-12, 2.81936214826e-12, 1.38720458731e-12, 8.24149342521e-13, 4.13406532314e-13, 8.18323883591e-14, 5.84540147406e-14, 2.98366271468e-14]}, "melbands_crest": {"dmean": 2.55602693558, "dmean2": 3.99532008171, "dvar": 5.9095044136, "dvar2": 14.2694950104, "max": 34.6563720703, "mean": 12.9245061874, "median": 12.0566368103, "min": 1.59525775909, "var": 27.9635295868}, "melbands_flatness_db": {"dmean": 0.0184262059629, "dmean2": 0.0270099248737, "dvar": 0.00038859480992, "dvar2": 0.000794634746853, "max": 0.58334428072, "mean": 0.226809307933, "median": 0.225324556231, "min": 0.00287425285205, "var": 0.00374021357857}, "melbands_kurtosis": {"dmean": 3.32437229156, "dmean2": 5.14556074142, "dvar": 36.5237808228, "dvar2": 88.7229614258, "max": 240.302566528, "mean": 8.04242229462, "median": 4.85690116882, "min": -1.78776776791, "var": 114.189971924}, "melbands_skewness": {"dmean": 0.45812818408, "dmean2": 0.687637329102, "dvar": 0.233004525304, "dvar2": 0.52393746376, "max": 11.5745000839, "mean": 2.01922416687, "median": 1.8558318615, "min": -2.25089859962, "var": 1.68932688236}, "melbands_spread": {"dmean": 4.42614889145, "dmean2": 6.80960130692, "dvar": 32.8512420654, "dvar2": 70.7334136963, "max": 158.081771851, "mean": 21.1428852081, "median": 17.1362762451, "min": 0.40677061677, "var": 348.46270752}, "mfcc": {"cov": [[9605.69042969, 1688.21862793, -811.723510742, 119.749450684, -377.153686523, -97.6999740601, -254.966201782, 8.4414100647, -247.838394165, -13.9669322968, -29.0697307587, -94.0342407227, -110.11605072], [1688.21862793, 1541.66650391, -271.344360352, 5.77758741379, -16.5219554901, -86.1889648438, -43.55128479, 8.13994693756, -17.291765213, 10.8303556442, -21.3540649414, -76.714302063, -1.82270479202], [-811.723510742, -271.344360352, 480.523468018, 91.713218689, 101.135421753, 61.3929862976, 27.2154769897, 13.1975011826, 23.2883110046, 9.43062591553, -5.11071395874, -14.4042043686, -7.6017370224], [119.749450684, 5.77758741379, 91.713218689, 321.274017334, 141.865478516, 13.2103700638, -57.5914726257, -9.14373397827, -25.1132221222, -20.4340267181, -17.5738201141, -6.32312822342, 19.3172988892], [-377.153686523, -16.5219554901, 101.135421753, 141.865478516, 234.239990234, 24.257774353, -4.49692201614, -23.5648269653, 15.4848718643, 10.9319629669, -7.34155750275, -21.0380649567, -7.32446861267], [-97.6999740601, -86.1889648438, 61.3929862976, 13.2103700638, 24.257774353, 154.570007324, 53.2739067078, 27.2855873108, 1.79740679264, -14.211309433, 12.011297226, 22.4933071136, -4.48453330994], [-254.966201782, -43.55128479, 27.2154769897, -57.5914726257, -4.49692201614, 53.2739067078, 152.993408203, 49.28125, 14.870839119, 10.0946187973, 16.7159557343, 13.2781171799, -12.2854785919], [8.4414100647, 8.13994693756, 13.1975011826, -9.14373397827, -23.5648269653, 27.2855873108, 49.28125, 117.623443604, 19.987575531, -2.84242606163, 0.878433644772, 10.9629936218, 13.7449178696], [-247.838394165, -17.291765213, 23.2883110046, -25.1132221222, 15.4848718643, 1.79740679264, 14.870839119, 19.987575531, 123.678215027, 32.9921150208, -11.024105072, -10.6405706406, -12.5893230438], [-13.9669322968, 10.8303556442, 9.43062591553, -20.4340267181, 10.9319629669, -14.211309433, 10.0946187973, -2.84242606163, 32.9921150208, 125.567459106, 32.9796104431, -46.6310119629, -40.4962005615], [-29.0697307587, -21.3540649414, -5.11071395874, -17.5738201141, -7.34155750275, 12.011297226, 16.7159557343, 0.878433644772, -11.024105072, 32.9796104431, 98.6739654541, 19.4884529114, -26.5900611877], [-94.0342407227, -76.714302063, -14.4042043686, -6.32312822342, -21.0380649567, 22.4933071136, 13.2781171799, 10.9629936218, -10.6405706406, -46.6310119629, 19.4884529114, 131.559692383, 45.6010856628], [-110.11605072, -1.82270479202, -7.6017370224, 19.3172988892, -7.32446861267, -4.48453330994, -12.2854785919, 13.7449178696, -12.5893230438, -40.4962005615, -26.5900611877, 45.6010856628, 116.031837463]], "icov": [[0.000178348709596, -0.000154163484694, 0.000189418569789, -0.000215948050027, 0.00033158811857, -0.000151966058183, 0.000230353543884, -0.000119483083836, 0.000280251260847, -0.000109888780571, 0.000153355154907, -3.23465937981e-05, 0.00030870718183], [-0.000154163484694, 0.000902480387595, 0.000293287565, 0.000104218299384, -0.000391996232793, 0.00035954255145, -0.000155084926519, -0.000148939681822, -0.000171107792994, 0.000150308085722, -0.000130250409711, 0.000535904953722, -0.000346456567058], [0.000189418569789, 0.000293287565, 0.00292567140423, -0.00073892949149, -0.000378045166144, -0.00077251723269, -5.52088058612e-05, -0.000377169955755, -7.91595357441e-06, -0.0001949971047, 0.000260099186562, 0.000494301784784, 0.00028059980832], [-0.000215948050027, 0.000104218299384, -0.00073892949149, 0.00540880858898, -0.00345580186695, -0.000182115836651, 0.0019349049544, -0.00101559923496, 0.000993561232463, 0.000454253313364, 0.00010397938604, -6.54901668895e-05, -0.000736290414352], [0.00033158811857, -0.000391996232793, -0.000378045166144, -0.00345580186695, 0.00745682418346, -0.000928076275159, -0.000749754603021, 0.00181329040788, -0.000859231979121, -0.000578212842811, 0.000288510811515, 0.000569896597881, 0.000546861498151], [-0.000151966058183, 0.00035954255145, -0.00077251723269, -0.000182115836651, -0.000928076275159, 0.00843028537929, -0.00262017548084, -0.00090699235443, -0.000133866400574, 0.00131290615536, -0.000827635347378, -0.000846987764817, 0.000525293056853], [0.000230353543884, -0.000155084926519, -5.52088058612e-05, 0.0019349049544, -0.000749754603021, -0.00262017548084, 0.00989582948387, -0.00374117982574, 0.000646060681902, -0.000774819985963, -0.000141264506965, -0.000863487250172, 0.00133943802211], [-0.000119483083836, -0.000148939681822, -0.000377169955755, -0.00101559923496, 0.00181329040788, -0.00090699235443, -0.00374117982574, 0.0112258121371, -0.00228371587582, 0.00036021892447, -0.000458000402432, 0.000318485806929, -0.00197004200891], [0.000280251260847, -0.000171107792994, -7.91595357441e-06, 0.000993561232463, -0.000859231979121, -0.000133866400574, 0.000646060681902, -0.00228371587582, 0.010424932465, -0.00329353497364, 0.00297030131333, -0.00111880910117, 0.00147885864135], [-0.000109888780571, 0.000150308085722, -0.0001949971047, 0.000454253313364, -0.000578212842811, 0.00131290615536, -0.000774819985963, 0.00036021892447, -0.00329353497364, 0.0123871993273, -0.00516790896654, 0.0043653678149, 0.000765214383136], [0.000153355154907, -0.000130250409711, 0.000260099186562, 0.00010397938604, 0.000288510811515, -0.000827635347378, -0.000141264506965, -0.000458000402432, 0.00297030131333, -0.00516790896654, 0.0143657252192, -0.00474483100697, 0.00384418410249], [-3.23465937981e-05, 0.000535904953722, 0.000494301784784, -6.54901668895e-05, 0.000569896597881, -0.000846987764817, -0.000863487250172, 0.000318485806929, -0.00111880910117, 0.0043653678149, -0.00474483100697, 0.0119532318786, -0.00448775477707], [0.00030870718183, -0.000346456567058, 0.00028059980832, -0.000736290414352, 0.000546861498151, 0.000525293056853, 0.00133943802211, -0.00197004200891, 0.00147885864135, 0.000765214383136, 0.00384418410249, -0.00448775477707, 0.0125489942729]], "mean": [-686.306030273, 157.191970825, -24.1617908478, 24.4524116516, -4.20521783829, -2.58147954941, -11.442486763, 2.335054636, -8.97069454193, -4.33346986771, -5.03859186172, -2.56208086014, -0.186544567347]}, "pitch_salience": {"dmean": 0.0556835122406, "dmean2": 0.0885695815086, "dvar": 0.00259159086272, "dvar2": 0.00641652476043, "max": 0.912640571594, "mean": 0.576050579548, "median": 0.584284603596, "min": 0.16281914711, "var": 0.0115792900324}, "silence_rate_20dB": {"dmean": 0, "dmean2": 0, "dvar": 0, "dvar2": 0, "max": 1, "mean": 1, "median": 1, "min": 1, "var": 0}, "silence_rate_30dB": {"dmean": 0.000753201078624, "dmean2": 0.00150659133215, "dvar": 0.000752599618863, "dvar2": 0.00175528344698, "max": 1, "mean": 0.999246895313, "median": 1, "min": 0, "var": 0.000752501888201}, "silence_rate_60dB": {"dmean": 0.011298016645, "dmean2": 0.0225988700986, "dvar": 0.0111695602536, "dvar2": 0.0248458385468, "max": 1, "mean": 0.0792017057538, "median": 0, "min": 0, "var": 0.0729270875454}, "spectral_centroid": {"dmean": 168.295410156, "dmean2": 261.498046875, "dvar": 54525.4804688, "dvar2": 118534.054688, "max": 11809.7382812, "mean": 1237.35510254, "median": 1013.55108643, "min": 143.584884644, "var": 1721917.625}, "spectral_complexity": {"dmean": 2.05448150635, "dmean2": 3.28863787651, "dvar": 4.27530050278, "dvar2": 9.85626602173, "max": 41, "mean": 16.02384758, "median": 17, "min": 0, "var": 39.6696052551}, "spectral_contrast_coeffs": {"dmean": [0.0409493781626, 0.0378532186151, 0.0358393713832, 0.0299843996763, 0.0240238886327, 0.0168193299323], "dmean2": [0.066583327949, 0.0596470572054, 0.055255971849, 0.0472763739526, 0.0378642044961, 0.0267648808658], "dvar": [0.00128565658815, 0.0010734370444, 0.000921182567254, 0.000631902599707, 0.000455912319012, 0.000256781873759], "dvar2": [0.00322885485366, 0.00251084379852, 0.00205393927172, 0.00144730624743, 0.00102832471021, 0.000625637127087], "max": [-0.287607133389, -0.311718672514, -0.465775251389, -0.51600754261, -0.530886411667, -0.585403203964], "mean": [-0.583859801292, -0.688938260078, -0.715592443943, -0.735335707664, -0.723150789738, -0.741962134838], "median": [-0.579419136047, -0.696486413479, -0.718124389648, -0.734202444553, -0.71778023243, -0.736692726612], "min": [-0.980732381344, -0.982609987259, -0.978482484818, -0.970325291157, -0.968436956406, -0.965758025646], "var": [0.0101955169812, 0.0093079097569, 0.00625488813967, 0.00446738954633, 0.0044082282111, 0.0028790012002]}, "spectral_contrast_valleys": {"dmean": [0.342366665602, 0.29509344697, 0.288959473372, 0.259803086519, 0.24378362298, 0.285857200623], "dmean2": [0.555203616619, 0.472861945629, 0.459871202707, 0.406920164824, 0.363400220871, 0.407592684031], "dvar": [0.136387243867, 0.111272461712, 0.111536800861, 0.102085761726, 0.111313872039, 0.178561210632], "dvar2": [0.286168634892, 0.237706184387, 0.233144313097, 0.201641842723, 0.20991513133, 0.357513666153], "max": [-5.78952121735, -4.86191797256, -4.97076368332, -5.57491827011, -6.36129045486, -8.34963321686], "mean": [-8.13335704803, -7.10949325562, -7.99422311783, -8.45199966431, -8.69693565369, -11.8036594391], "median": [-7.69990205765, -6.61892986298, -7.551404953, -8.01842308044, -8.30176830292, -11.6775035858], "min": [-28.0198516846, -28.2306804657, -28.0503864288, -27.9595546722, -27.6792297363, -27.4116382599], "var": [6.7947511673, 7.44588708878, 6.91105413437, 6.54616260529, 6.35690021515, 4.58989238739]}, "spectral_decrease": {"dmean": 1.16120513205e-09, "dmean2": 1.64541646974e-09, "dvar": 2.38018781079e-18, "dvar2": 4.28902453391e-18, "max": 2.87637107563e-28, "mean": -5.93516080727e-09, "median": -5.17143483592e-09, "min": -3.28203952904e-08, "var": 1.76616825065e-17}, "spectral_energy": {"dmean": 0.0046278629452, "dmean2": 0.00654224818572, "dvar": 3.83753686037e-05, "dvar2": 6.81237361277e-05, "max": 0.137275770307, "mean": 0.0238358825445, "median": 0.0208088476211, "min": 1.00585146331e-20, "var": 0.000282414170215}, "spectral_energyband_high": {"dmean": 7.50341350795e-05, "dmean2": 0.000116037314001, "dvar": 4.20373744703e-08, "dvar2": 8.61865530055e-08, "max": 0.00908243749291, "mean": 0.000165350254974, "median": 8.90512674232e-05, "min": 6.78635372748e-21, "var": 1.01799351171e-07}, "spectral_energyband_low": {"dmean": 0.00142507778946, "dmean2": 0.00225201435387, "dvar": 6.16291617916e-06, "dvar2": 1.69576705957e-05, "max": 0.040044426918, "mean": 0.0035829867702, "median": 0.00175863900222, "min": 6.99457957769e-24, "var": 2.24904342758e-05}, "spectral_energyband_middle_high": {"dmean": 0.00172156805638, "dmean2": 0.00242295325734, "dvar": 1.39979356391e-05, "dvar2": 2.28547123697e-05, "max": 0.108313404024, "mean": 0.0056690541096, "median": 0.00376501795836, "min": 1.24120369423e-21, "var": 5.20113935636e-05}, "spectral_energyband_middle_low": {"dmean": 0.00349814957008, "dmean2": 0.00499675422907, "dvar": 2.21025056817e-05, "dvar2": 4.29277752119e-05, "max": 0.108742527664, "mean": 0.0159368123859, "median": 0.0130245005712, "min": 1.58904909573e-22, "var": 0.000170773622813}, "spectral_entropy": {"dmean": 0.146670743823, "dmean2": 0.213218003511, "dvar": 0.0302619822323, "dvar2": 0.0604633018374, "max": 9.82342529297, "mean": 7.03288269043, "median": 6.98012781143, "min": 4.72334527969, "var": 0.292357981205}, "spectral_flux": {"dmean": 0.0167872570455, "dmean2": 0.0266663394868, "dvar": 0.000352081813617, "dvar2": 0.00082518736599, "max": 0.281466364861, "mean": 0.05982735008, "median": 0.0557891763747, "min": 6.35937483229e-11, "var": 0.0010296953842}, "spectral_kurtosis": {"dmean": 3.14771556854, "dmean2": 5.4397444725, "dvar": 11.1377000809, "dvar2": 32.0364151001, "max": 58.2918548584, "mean": 8.40164470673, "median": 7.05898761749, "min": -1.2620112896, "var": 29.8095054626}, "spectral_rms": {"dmean": 0.000459355709609, "dmean2": 0.000646866334137, "dvar": 2.75065303867e-07, "dvar2": 4.8249756901e-07, "max": 0.0115727083758, "mean": 0.00445170421153, "median": 0.00450569810346, "min": 3.13260029895e-12, "var": 3.4367835724e-06}, "spectral_rolloff": {"dmean": 278.226043701, "dmean2": 472.826049805, "dvar": 223158.859375, "dvar2": 448786.6875, "max": 19702.8808594, "mean": 1457.89147949, "median": 1055.12695312, "min": 43.06640625, "var": 5354631.5}, "spectral_skewness": {"dmean": 0.295853644609, "dmean2": 0.501846313477, "dvar": 0.080174125731, "dvar2": 0.220819860697, "max": 6.3488035202, "mean": 1.9010951519, "median": 1.82487201691, "min": -0.135453745723, "var": 0.374462902546}, "spectral_spread": {"dmean": 377578.84375, "dmean2": 592308.125, "dvar": 602790690816, "dvar2": 1298446024700.