{"lowlevel": {"average_loudness": 0.958050191402, "barkbands": {"dmean": [2.30746190937e-05, 0.00261994218454, 0.0020321989432, 0.00129178352654, 0.00144498527516, 0.00130240200087, 0.00107870390639, 0.000989011954516, 0.000538005377166, 0.000494988053106, 0.000502442300785, 0.000513915147167, 0.000412062625401, 0.000323266722262, 0.00028994466993, 0.000270933727734, 0.000244692259002, 0.000335348362569, 0.000347638269886, 0.000152290100232, 7.46002915548e-05, 0.000158687646035, 0.000127370367409, 0.000100845565612, 4.76121313113e-05, 1.06240172215e-07, 7.20528916531e-08], "dmean2": [3.64393199561e-05, 0.00378619134426, 0.00330072478391, 0.00217544310726, 0.00225657923147, 0.00196988577954, 0.00166210520547, 0.00148605473805, 0.000774503336288, 0.000756400928367, 0.000779385271017, 0.000775662716478, 0.000637774821371, 0.000522972841281, 0.000450566614745, 0.000439160183305, 0.000396702613216, 0.000531012541614, 0.000524828326888, 0.000232438746025, 0.000115605354949, 0.000237945947447, 0.000205773409107, 0.000182089104783, 8.82152380655e-05, 1.80274184913e-07, 1.21042390333e-07], "dvar": [6.25083629302e-09, 2.27242871915e-05, 1.03389547803e-05, 3.85501425626e-06, 4.44369970864e-06, 5.8169625845e-06, 5.46570799997e-06, 5.9599906308e-06, 1.41590248859e-06, 1.10560381472e-06, 1.50689459133e-06, 1.52443158186e-06, 7.14916779998e-07, 5.1675033319e-07, 4.09445306104e-07, 4.52069286894e-07, 2.83735914763e-07, 3.76389834855e-07, 4.81814197428e-07, 1.86723156048e-07, 2.15048263641e-08, 5.22383174939e-07, 2.71357691872e-07, 5.14872695589e-08, 1.2648250447e-08, 5.55980161541e-14, 1.53360397298e-14], "dvar2": [1.22929195712e-08, 4.5540931751e-05, 2.38058819377e-05, 1.0025899428e-05, 1.06782226794e-05, 1.22446517707e-05, 1.16358896776e-05, 1.13511332529e-05, 2.62534240392e-06, 2.39009568759e-06, 3.43239366885e-06, 3.39450161846e-06, 1.57625868269e-06, 1.19878029636e-06, 9.37612014695e-07, 1.13206226615e-06, 7.30882391053e-07, 9.0769634653e-07, 1.03488753211e-06, 3.8837424654e-07, 4.53783925991e-08, 1.02456249351e-06, 5.52774679363e-07, 1.36908496984e-07, 3.49464066574e-08, 1.35833537343e-13, 3.44470783007e-14], "max": [0.00354802724905, 0.12415099889, 0.0633952543139, 0.0358080640435, 0.049332048744, 0.0606934651732, 0.0485975332558, 0.0784355998039, 0.0403212569654, 0.0224041733891, 0.0246202424169, 0.0233426503837, 0.014392494224, 0.0129451369867, 0.0111847082153, 0.0134882396087, 0.0099231870845, 0.00952932983637, 0.0132032679394, 0.0119706634432, 0.00378045998514, 0.0244342256337, 0.0165077615529, 0.00375299202278, 0.00172804342583, 5.75977855988e-06, 3.52556003236e-06], "mean": [3.26862682414e-05, 0.00814859382808, 0.00433607865125, 0.00191103178076, 0.00293698394671, 0.00260171690024, 0.00175851152744, 0.00173332588747, 0.000958454620559, 0.000784811039921, 0.000710007559974, 0.000740339746699, 0.000584268476814, 0.0004101448867, 0.000451771978987, 0.000417256029323, 0.000378692842787, 0.000585109461099, 0.000633205461781, 0.000268534669885, 0.000110292108729, 0.000185036406037, 0.000125571561512, 7.65960503486e-05, 3.04487639369e-05, 2.45804272936e-07, 3.40092014994e-07], "median": [8.60405634739e-06, 0.00493984762579, 0.00242314091884, 0.00102511409204, 0.00195421557873, 0.00122513726819, 0.000753551488742, 0.00060162844602, 0.000291589123663, 0.000270074116997, 0.000199036381673, 0.000146590609802, 0.000174383880221, 0.000112940033432, 0.000148975930642, 0.000132484332426, 0.000179201248102, 0.000210551675991, 0.00017442353419, 5.12509359396e-05, 4.56153575215e-05, 2.35890092881e-05, 8.59953433974e-06, 9.98264931695e-06, 1.44589603224e-06, 1.85988909607e-07, 3.22089277915e-07], "min": [2.64886056686e-25, 1.95080470088e-24, 1.25976106879e-24, 4.14982349951e-25, 7.18006759778e-24, 7.78213018495e-24, 7.36034755817e-24, 3.52321649135e-24, 1.60693048986e-23, 1.09999892695e-23, 8.35245926448e-24, 2.30391150328e-23, 2.60778987475e-23, 3.23331492074e-23, 3.89645190805e-23, 3.6835260435e-23, 6.7026021196e-23, 1.0956961167e-22, 1.09478898977e-22, 1.29976761712e-22, 2.17818203179e-22, 3.43431693182e-22, 3.79801437331e-22, 5.78331322423e-22, 8.64014787515e-22, 1.18489614073e-21, 1.83379277506e-21], "var": [9.56138457298e-09, 9.5557559689e-05, 3.33033749484e-05, 6.31963848718e-06, 1.0710654351e-05, 1.60861272889e-05, 9.48501383391e-06, 1.74941906153e-05, 3.1906604363e-06, 2.35437050833e-06, 2.48999549513e-06, 2.73302066489e-06, 1.26553788959e-06, 7.639940236e-07, 7.93753031303e-07, 7.7291974776e-07, 3.47034045944e-07, 7.32070247977e-07, 1.1815571952e-06, 5.54928647034e-07, 3.92080110601e-08, 8.02339343409e-07, 4.09566411008e-07, 4.6420950639e-08, 8.50984704925e-09, 6.49648859556e-14, 2.46101238482e-14]}, "barkbands_crest": {"dmean": 2.10267019272, "dmean2": 3.30045151711, "dvar": 4.30902576447, "dvar2": 9.54530906677, "max": 23.6380367279, "mean": 9.39819812775, "median": 8.47613525391, "min": 2.07822561264, "var": 15.9601125717}, "barkbands_flatness_db": {"dmean": 0.0248953793198, "dmean2": 0.0349071584642, "dvar": 0.000584456720389, "dvar2": 0.0011933875503, "max": 0.366319924593, "mean": 0.159120813012, "median": 0.154143035412, "min": 0.0294482391328, "var": 0.00232427986339}, "barkbands_kurtosis": {"dmean": 2.94582891464, "dmean2": 4.54859161377, "dvar": 34.3458900452, "dvar2": 84.1186599731, "max": 155.393203735, "mean": 4.4056854248, "median": 1.91707992554, "min": -1.92544054985, "var": 64.6968536377}, "barkbands_skewness": {"dmean": 0.543036818504, "dmean2": 0.808428108692, "dvar": 0.371031969786, "dvar2": 0.785299420357, "max": 9.95505714417, "mean": 1.55289363861, "median": 1.41791653633, "min": -2.35213828087, "var": 1.65818047523}, "barkbands_spread": {"dmean": 6.80314350128, "dmean2": 10.6122398376, "dvar": 80.0583877563, "dvar2": 182.740142822, "max": 125.039489746, "mean": 21.6288528442, "median": 19.0591716766, "min": 0.882033407688, "var": 208.398101807}, "dissonance": {"dmean": 0.0169756133109, "dmean2": 0.0280229561031, "dvar": 0.000260961969616, "dvar2": 0.000688163447194, "max": 0.499999970198, "mean": 0.46181550622, "median": 0.467817664146, "min": 0.289019823074, "var": 0.000691748107783}, "dynamic_complexity": 2.63358330727, "erbbands": {"dmean": [0.0405051633716, 0.705984890461, 2.22527527809, 3.44716334343, 3.92363762856, 5.87012338638, 6.73612165451, 12.9641561508, 15.1487073898, 17.297170639, 21.7732162476, 12.5519456863, 14.6916999817, 15.5854883194, 18.8451251984, 20.7695331573, 17.9674491882, 17.8830280304, 14.3887434006, 12.4013462067, 15.4674882889, 12.4498462677, 17.1345920563, 16.7315235138, 16.272485733, 6.50652503967, 2.90646052361, 3.35517954826, 5.22148752213, 5.76556873322, 3.19007134438, 2.15333676338, 1.67038118839, 0.949865162373, 0.0661328136921, 0.00233498006128, 0.000283167901216, 8.72007221915e-05, 1.84823347809e-05, 9.34425315791e-06], "dmean2": [0.0609645321965, 1.0197622776, 3.47789287567, 5.81312417984, 6.38331890106, 9.26595783234, 10.1770019531, 19.8291015625, 23.3001251221, 26.3283691406, 31.7922878265, 17.7178726196, 21.3791294098, 24.2667160034, 28.8940410614, 31.0652599335, 27.4232025146, 28.5824279785, 22.3762168884, 19.1990795135, 25.0206394196, 19.8958568573, 27.1447544098, 25.6947593689, 23.9236946106, 9.71098709106, 4.54626750946, 5.14424514771, 7.86291742325, 9.03663539886, 5.18993711472, 3.807117939, 3.04849052429, 1.7515540123, 0.121073439717, 0.00418235966936, 0.000489492027555, 0.000148393432028, 3.06211077259e-05, 1.42242133734e-05], "dvar": [0.00408141408116, 1.77345085144, 15.0943880081, 28.7611713409, 29.8446273804, 98.8095092773, 134.298873901, 758.121459961, 1354.19165039, 1454.76953125, 3403.02636719, 644.138366699, 1074.49682617, 983.000427246, 2260.26171875, 2587.40917969, 1390.95739746, 1419.5390625, 1083.99182129, 720.363464355, 1584.01269531, 687.255493164, 959.590454102, 959.266662598, 1452.8215332, 340.959503174, 30.1372661591, 58.487033844, 512.290710449, 688.138549805, 177.157150269, 28.8534259796, 13.6497468948, 4.86144161224, 0.021398384124, 2.47086063609e-05, 2.9402895052e-07, 2.20608153967e-08, 8.84908535337e-10, 1.19301249435e-10], "dvar2": [0.00855025462806, 3.5567908287, 32.0938873291, 74.6831588745, 74.5369262695, 235.513824463, 276.824615479, 1580.99487305, 3157.44287109, 3098.89306641, 5916.55371094, 1143.63916016, 2052.99145508, 2262.12158203, 5199.00390625, 5714.8046875, 3003.63989258, 3313.20385742, 2522.29174805, 1686.33276367, 4068.18237305, 1783.04223633, 2300.99243164, 2169.98120117, 2991.12939453, 678.094482422, 66.8838348389, 116.804260254, 1041.12280273, 1295.84863281, 380.197540283, 72.6021499634, 37.0035629272, 13.3620471954, 0.0570109672844, 6.48659988656e-05, 7.49167782033e-07, 5.41875451177e-08, 2.0185733085e-09, 2.58495752581e-10], "max": [1.28426611423, 34.7274971008, 98.8261566162, 99.5251312256, 117.77961731, 239.627807617, 318.851409912, 769.801696777, 797.989257812, 783.554626465, 2193.4597168, 643.15447998, 749.401306152, 522.83392334, 1245.22998047, 1173.38525391, 715.834228516, 753.69342041, 720.676818848, 558.811218262, 746.265380859, 497.485015869, 443.111053467, 439.532531738, 893.848571777, 607.532470703, 139.436141968, 225.346984863, 714.751953125, 773.088562012, 406.449920654, 108.713653564, 44.7073898315, 37.7432518005, 2.85172367096, 0.0964609310031, 0.0110570108518, 0.003112901235, 0.000833899423014, 0.000208163182833], "mean": [0.109789587557, 2.21728277206, 5.76269340515, 5.85234260559, 6.86874294281, 10.7019701004, 13.9477710724, 23.7494277954, 25.5441837311, 29.3771572113, 39.5938262939, 24.1188354492, 25.2005939484, 24.7669563293, 29.6893157959, 31.6920604706, 27.4635353088, 24.2386512756, 22.1065044403, 20.4934158325, 25.4619636536, 21.3515720367, 30.756565094, 30.6235084534, 31.2764072418, 12.2534685135, 4.62202882767, 4.64251184464, 6.16626882553, 6.23249435425, 3.13251924515, 1.77968668938, 1.19668030739, 0.616426467896, 0.0446374081075, 0.00226066913456, 0.000512604427058, 0.000255364313489, 7.73688370828e-05, 4.01816032536e-05], "median": [0.0788721367717, 1.2547096014, 3.04891705513, 3.66163158417, 4.53461933136, 6.24717712402, 8.07844352722, 9.1642370224, 11.3594503403, 12.6829948425, 14.7327375412, 8.75075531006, 8.12120056152, 10.331404686, 8.42219257355, 7.59641695023, 8.7268447876, 8.04690170288, 7.82789373398, 7.18989562988, 9.2392282486, 10.7136449814, 12.2484235764, 10.6645288467, 6.75930738449, 2.63800621033, 2.0302529335, 1.66729402542, 0.923018455505, 0.453032284975, 0.223620578647, 0.237345740199, 0.131434291601, 0.0327852740884, 0.00352539750747, 0.00081424129894, 0.000354549614713, 0.00021946488414, 7.28889353923e-05, 3.93933223677e-05], "min": [8.07493231822e-23, 3.40917637654e-22, 2.22884987353e-21, 3.38662606181e-21, 7.1793194484e-21, 1.70318200647e-20, 4.24732009075e-20, 6.32669285382e-20, 1.32235690587e-19, 5.22049161907e-20, 2.63352179955e-19, 3.76287665975e-19, 3.18783724152e-19, 4.61693805727e-19, 7.19962650626e-19, 1.31035428254e-18, 1.58272221418e-18, 1.3875723165e-18, 2.46711394662e-18, 3.11420472532e-18, 2.57000239352e-18, 4.62142251357e-18, 6.75353348198e-18, 5.41486160175e-18, 5.61499877814e-18, 5.85430543808e-18, 9.58034464322e-18, 1.05370121089e-17, 1.13411143823e-17, 1.11733944141e-17, 1.11363987613e-17, 1.08746349749e-17, 9.73955457726e-18, 8.44833060415e-18, 6.40914510575e-18, 3.92686625017e-18, 2.23605014149e-18, 9.40463411032e-19, 2.60370142148e-19, 2.66676276333e-20], "var": [0.0127352438867, 7.65088319778, 60.9634475708, 47.2165145874, 62.5383720398, 212.518417358, 368.752349854, 1932.40405273, 2039.75598145, 2966.00976562, 10706.7226562, 1719.75170898, 2733.93847656, 1722.44946289, 3948.16186523, 4589.62207031, 2658.12060547, 2078.31787109, 1826.40026855, 1464.8059082, 2574.19213867, 910.994934082, 1886.69384766, 2106.08691406, 4220.24755859, 1057.18200684, 62.6666717529, 100.981826782, 763.160522461, 1116.98193359, 256.86706543, 32.7715568542, 10.7209310532, 3.34359335899, 0.016636794433, 2.13921666727e-05, 3.13870856417e-07, 2.84089800573e-08, 1.51632295609e-09, 4.51469001073e-10]}, "erbbands_crest": {"dmean": 2.31440091133, "dmean2": 3.72650885582, "dvar": 4.93925142288, "dvar2": 11.5964727402, "max": 30.2655181885, "mean": 8.3277053833, "median": 7.62517738342, "min": 2.45444464684, "var": 13.0428609848}, "erbbands_flatness_db": {"dmean": 0.0202146489173, "dmean2": 0.0303236246109, "dvar": 0.000369981833501, "dvar2": 0.000835728656966, "max": 0.31334477663, "mean": 0.176765486598, "median": 0.181482464075, "min": 0.0212797690183, "var": 0.00146142102312}, "erbbands_kurtosis": {"dmean": 0.716221094131, "dmean2": 1.11985707283, "dvar": 0.994992256165, "dvar2": 2.29193758965, "max": 17.1221160889, "mean": -0.102074496448, "median": -0.448297739029, "min": -1.77375745773, "var": 1.84457683563}, "erbbands_skewness": {"dmean": 0.36625957489, "dmean2": 0.54548984766, "dvar": 0.134288713336, "dvar2": 0.277130156755, "max": 3.37011432648, "mean": 0.109027922153, "median": 0.153698414564, "min": -3.78113746643, "var": 0.554524242878}, "erbbands_spread": {"dmean": 9.3017873764, "dmean2": 15.0731754303, "dvar": 136.222885132, "dvar2": 359.325164795, "max": 150.077209473, "mean": 38.5836715698, "median": 35.6684837341, "min": 7.29214429855, "var": 262.037597656}, "gfcc": {"cov": [[33481.6523438, 3390.39550781, -4339.54199219, 1711.45129395, -1997.3104248, 255.735137939, -724.274353027, 112.218864441, -207.123153687, -403.41607666, 268.717102051, -360.289093018, -154.350524902], [3390.39550781, 1336.79492188, -371.597106934, -111.18775177, 247.074829102, -275.702697754, 83.4763259888, 1.23666536808, 19.4221916199, -26.3804206848, 20.6134643555, 17.3860969543, -11.8703012466], [-4339.54199219, -371.597106934, 1038.67797852, -142.165267944, 231.619094849, 114.607040405, 16.2653865814, -27.0589485168, 62.0140266418, 70.31665802, -54.1255760193, 37.6830711365, 79.8404693604], [1711.45129395, -111.18775177, -142.165267944, 389.713806152, -189.973342896, 82.0286178589, -60.4167175293, -13.3967227936, 25.2132148743, -10.4650592804, 38.3842201233, -33.4017906189, -12.2592544556], [-1997.3104248, 247.074829102, 231.619094849, -189.973342896, 553.851196289, -155.073196411, 56.5264892578, 2.36424970627, 55.8683204651, 70.8765029907, -43.7982139587, 5.91689920425, 1.11010086536], [255.735137939, -275.702697754, 114.607040405, 82.0286178589, -155.073196411, 317.36920166, -84.3281860352, -0.931479692459, 6.77741098404, -3.17133665085, -7.0736451149, -54.5789756775, 50.1604194641], [-724.274353027, 83.4763259888, 16.2653865814, -60.4167175293, 56.5264892578, -84.3281860352, 273.842163086, 22.6279144287, -18.9549789429, -20.2849960327, 5.5782585144, 64.8374099731, -47.162147522], [112.218864441, 1.23666536808, -27.0589485168, -13.3967227936, 2.36424970627, -0.931479692459, 22.6279144287, 108.523757935, 15.3412857056, -20.0956077576, 0.502616643906, -4.96209144592, -3.34180307388], [-207.123153687, 19.4221916199, 62.0140266418, 25.2132148743, 55.8683204651, 6.77741098404, -18.9549789429, 15.3412857056, 114.343887329, 44.0136947632, -17.041639328, -14.3552093506, 5.93121385574], [-403.41607666, -26.3804206848, 70.31665802, -10.4650592804, 70.8765029907, -3.17133665085, -20.2849960327, -20.0956077576, 44.0136947632, 91.4206390381, 6.79711055756, -25.3245983124, 1.67933320999], [268.717102051, 20.6134643555, -54.1255760193, 38.3842201233, -43.7982139587, -7.0736451149, 5.5782585144, 0.502616643906, -17.041639328, 6.79711055756, 92.1584472656, 19.7720317841, -22.021112442], [-360.289093018, 17.3860969543, 37.6830711365, -33.4017906189, 5.91689920425, -54.5789756775, 64.8374099731, -4.96209144592, -14.3552093506, -25.3245983124, 19.7720317841, 104.433319092, 0.616302013397], [-154.350524902, -11.8703012466, 79.8404693604, -12.2592544556, 1.11010086536, 50.1604194641, -47.162147522, -3.34180307388, 5.93121385574, 1.67933320999, -22.021112442, 0.616302013397, 103.987266541]], "icov": [[0.0010731696384, -0.00361593416892, 0.00243298779242, -0.00332503020763, 0.00264706718735, -0.00265761022456, 0.00253287772648, -0.00241040950641, 0.00275265006348, -0.00271708075888, 0.00290186400525, -0.00170325499494, 0.00175662152469], [-0.00361593416892, 0.0134032098576, -0.00768501590937, 0.0114978561178, -0.00949511490762, 0.00965027138591, -0.00884535815567, 0.00872582476586, -0.0102026080713, 0.0103970402852, -0.0106838895008, 0.00641336524859, -0.00675263442099], [0.00243298779242, -0.00768501590937, 0.00716510973871, -0.00715463934466, 0.00516507355496, -0.00676466571167, 0.00547900097445, -0.0049882219173, 0.00560696003959, -0.00651141721755, 0.00674016587436, -0.00477033248171, 0.00316283362918], [-0.00332503020763, 0.0114978561178, -0.00715463934466, 0.014062221162, -0.00738574098796, 0.00803230796009, -0.00775636686012, 0.00864429399371, -0.0108197489753, 0.00986034981906, -0.010819057934, 0.00652042170987, -0.00537941092625], [0.00264706718735, -0.00949511490762, 0.00516507355496, -0.00738574098796, 0.00996422115713, -0.00526156323031, 0.00610466301441, -0.00635543465614, 0.00638442067429, -0.00862381327897, 0.00821042712778, -0.00371428765357, 0.00454073725268], [-0.00265761022456, 0.00965027138591, -0.00676466571167, 0.00803230796009, -0.00526156323031, 0.012271778658, -0.00613466463983, 0.00622107787058, -0.00764347426593, 0.00819861143827, -0.00817425176501, 0.00757480040193, -0.00662048719823], [0.00253287772648, -0.00884535815567, 0.00547900097445, -0.00775636686012, 0.00610466301441, -0.00613466463983, 0.0111860446632, -0.00713543314487, 0.00759107619524, -0.00688480166718, 0.00791645422578, -0.00724758626893, 0.00676436023787], [-0.00241040950641, 0.00872582476586, -0.0049882219173, 0.00864429399371, -0.00635543465614, 0.00622107787058, -0.00713543314487, 0.0169697552919, -0.0105304662138, 0.0117147183046, -0.00909851305187, 0.00678877299652, -0.0049121635966], [0.00275265006348, -0.0102026080713, 0.00560696003959, -0.0108197489753, 0.00638442067429, -0.00764347426593, 0.00759107619524, -0.0105304662138, 0.0213728006929, -0.0154148852453, 0.0120443627238, -0.00697240419686, 0.00568570848554], [-0.00271708075888, 0.0103970402852, -0.00651141721755, 0.00986034981906, -0.00862381327897, 0.00819861143827, -0.00688480166718, 0.0117147183046, -0.0154148852453, 0.0278374645859, -0.0142106702551, 0.011360058561, -0.00594008620828], [0.00290186400525, -0.0106838895008, 0.00674016587436, -0.010819057934, 0.00821042712778, -0.00817425176501, 0.00791645422578, -0.00909851305187, 0.0120443627238, -0.0142106702551, 0.0236236602068, -0.0104995341972, 0.00839804392308], [-0.00170325499494, 0.00641336524859, -0.00477033248171, 0.00652042170987, -0.00371428765357, 0.00757480040193, -0.00724758626893, 0.00678877299652, -0.00697240419686, 0.011360058561, -0.0104995341972, 0.0192504581064, -0.00617117481306], [0.00175662152469, -0.00675263442099, 0.00316283362918, -0.00537941092625, 0.00454073725268, -0.00662048719823, 0.00676436023787, -0.0049121635966, 0.00568570848554, -0.00594008620828, 0.00839804392308, -0.00617117481306, 0.0160322692245]], "mean": [-40.5623817444, 128.810409546, -124.829978943, 41.6268501282, -47.0641326904, 3.33208155632, -26.414358139, 3.71578264236, -10.2361354828, -10.4426736832, 0.0606453195214, -8.95711135864, -6.42192268372]}, "hfc": {"dmean": 7.54581737518, "dmean2": 11.4011507034, "dvar": 115.504570007, "dvar2": 240.238708496, "max": 232.278366089, "mean": 20.1525688171, "median": 15.6658239365, "min": 1.05410193026e-16, "var": 304.290283203}, "melbands": {"dmean": [0.000544504902791, 0.00107490352821, 0.000575571728405, 0.000314089469612, 0.000240713299718, 0.000276181701338, 0.000228605204029, 0.000186904158909, 0.000168291808222, 7.55575019866e-05, 7.42631018511e-05, 6.35709657217e-05, 6.60951263853e-05, 5.99223785684e-05, 4.79779300804e-05, 3.94649978261e-05, 3.38991776516e-05, 2.39336040977e-05, 2.06396071007e-05, 1.72256004589e-05, 1.93676441995e-05, 1.31436072479e-05, 1.64029788721e-05, 1.61234111147e-05, 1.4219734112e-05, 1.29573172671e-05, 9.77801846602e-06, 3.33535308528e-06, 1.80241465841e-06, 1.87991076928e-06, 2.07991115531e-06, 2.82314476863e-06, 3.61750153388e-06, 3.18939441968e-06, 2.04492198463e-06, 1.22803362501e-06, 1.37945562528e-06, 1.12567806809e-06, 1.25030010167e-06, 6.41409599211e-07], "dmean2": [0.000795693311375, 0.00162846641615, 0.000960651144851, 0.000494807900395, 0.000366291526007, 0.000420907774242, 0.000350567133864, 0.000283299421426, 0.000244980503339, 0.000107575651782, 0.000108719417767, 9.91973720375e-05, 0.000101823789009, 8.99617079995e-05, 7.31298860046e-05, 6.08151058259e-05, 5.45251423318e-05, 3.79428929591e-05, 3.25138353219e-05, 2.72877441603e-05, 3.15237812174e-05, 2.11614478758e-05, 2.64759783022e-05, 2.53115504165e-05, 2.1999458113e-05, 1.94139720406e-05, 1.4443668988e-05, 5.1232241276e-06, 2.87808643407e-06, 2.93292237075e-06, 3.25376481669e-06, 4.32293836639e-06, 5.53611289433e-06, 5.1083411563e-06, 3.35333720614e-06, 2.04290154215e-06, 2.49706477007e-06, 2.04122397918e-06, 2.3223055905e-06, 1.1799721733e-06], "dvar": [8.31545492019e-07, 3.72846739083e-06, 6.74697446357e-07, 2.18814548703e-07, 1.52450212454e-07, 3.10355545707e-07, 2.73505804671e-07, 1.71029725493e-07, 2.15392745417e-07, 2.38666792995e-08, 2.79077969623e-08, 1.63767737149e-08, 2.62031480958e-08, 2.1795004912e-08, 1.37041027415e-08, 6.83104861565e-09, 5.56041079847e-09, 3.45454909123e-09, 2.38191177893e-09, 1.79494263897e-09, 2.62272448204e-09, 8.09274813829e-10, 1.03247610461e-09, 9.96764670802e-10, 7.18677839462e-10, 8.01232524772e-10, 7.19207249311e-10, 1.00030060624e-10, 1.25878673804e-11, 1.32195365765e-11, 2.63823737162e-11, 1.19674631316e-10, 4.10506739712e-10, 1.90075455375e-10, 8.42238154219e-11, 1.810972379e-11, 1.1222199385e-11, 6.38433143157e-12, 9.76318505208e-12, 2.26600986239e-12], "dvar2": [1.69415056916e-06, 7.62321042203e-06, 1.7490422124e-06, 5.23200412772e-07, 3.32314641582e-07, 6.52012886349e-07, 6.17484431586e-07, 3.65424114079e-07, 3.61756036682e-07, 4.33342961514e-08, 5.37924798039e-08, 3.75980455658e-08, 5.98151501663e-08, 5.01435444278e-08, 3.04082767855e-08, 1.54618611248e-08, 1.29099451129e-08, 8.21291568087e-09, 5.6522964087e-09, 4.19260182127e-09, 6.85581413862e-09, 2.11107842318e-09, 2.59632160216e-09, 2.38169772793e-09, 1.63724167557e-09, 1.67933800199e-09, 1.41035561008e-09, 2.02673780536e-10, 2.89332845876e-11, 2.91239428407e-11, 5.52376304419e-11, 2.46331122167e-10, 8.61873128422e-10, 3.67410962765e-10, 1.88238924448e-10, 4.07140293701e-11, 3.00155351962e-11, 1.7196090038e-11, 2.73971990927e-11, 6.15370861906e-12], "max": [0.0228240638971, 0.0530872158706, 0.0143640451133, 0.00977665279061, 0.0103258602321, 0.0149803105742, 0.0116528663784, 0.00852100178599, 0.0178227704018, 0.00343718403019, 0.00365607743151, 0.00194938236382, 0.00319776288234, 0.00273144384846, 0.00235717394389, 0.00182603136636, 0.00144676549826, 0.00142901833169, 0.000855680322275, 0.00128027354367, 0.000939931080211, 0.00060163368471, 0.000524654111359, 0.00058595725568, 0.000383557955502, 0.000570117030293, 0.000681693083607, 0.000374592404114, 8.21322246338e-05, 8.58783459989e-05, 0.000152180917212, 0.000309908267809, 0.000812213227618, 0.000385817169445, 0.000308019982185, 0.000128882922581, 6.59652796458e-05, 3.44035906892e-05, 3.90533641621e-05, 2.76941009361e-05], "mean": [0.00165541341994, 0.00316921877675, 0.00104749051388, 0.000609759590589, 0.000500074704178, 0.000523896247614, 0.000392966758227, 0.000322347943438, 0.000303781125695, 0.000139659954584, 0.000123215198983, 9.70030014287e-05, 9.92422792478e-05, 8.87346395757e-05, 6.97718496667e-05, 5.49135656911e-05, 4.30926229456e-05, 3.35856930178e-05, 3.16093100992e-05, 2.69132942776e-05, 2.9994527722e-05, 2.06488020922e-05, 2.64970931312e-05, 2.73926088994e-05, 2.43603444687e-05, 2.34269646171e-05, 1.86961315194e-05, 5.55778660782e-06, 2.67983364211e-06, 2.67997529591e-06, 2.67192308456e-06, 3.27540647049e-06, 4.01096031055e-06, 3.23135009239e-06, 1.94413314603e-06, 1.14917440897e-06, 1.06590925952e-06, 8.32271155105e-07, 7.99964880116e-07, 4.16301702444e-07], "median": [0.00114990409929, 0.00176110921893, 0.000731855165213, 0.00038883878733, 0.000311866489938, 0.000219040433876, 0.000181498311576, 0.000136855625897, 0.000106738742033, 4.49908329756e-05, 3.69470326405e-05, 3.9625349018e-05, 2.86420581688e-05, 1.83832926268e-05, 1.73475873453e-05, 1.67932394106e-05, 1.24712760226e-05, 1.09559478005e-05, 9.56488747761e-06, 8.68326333148e-06, 1.06928082459e-05, 9.73774058366e-06, 1.01120403997e-05, 9.36807373364e-06, 8.11638710729e-06, 5.57515113542e-06, 2.60662341134e-06, 1.2268383216e-06, 1.151808533e-06, 1.03685192698e-06, 7.93829485701e-07, 5.06081619278e-07, 3.32490088795e-07, 2.0427452796e-07, 1.10156214816e-07, 1.19789262953e-07, 1.42264227065e-07, 1.03461374579e-07, 4.3187810661e-08, 1.92726368198e-08], "min": [1.22327151876e-24, 1.11424808204e-24, 8.98322258353e-25, 1.14708816431e-24, 1.58650893207e-24, 1.29087029163e-24, 2.18351630134e-24, 5.13220036643e-25, 2.30600510067e-24, 2.57845024442e-24, 1.47565780323e-24, 1.72020310613e-24, 1.28904013433e-24, 3.1196553682e-24, 2.39656613538e-24, 2.95891450635e-24, 2.13763615109e-24, 2.61649759753e-24, 3.66670713457e-24, 3.86060243976e-24, 2.26640566374e-24, 4.02196117691e-24, 4.50942081278e-24, 4.56539364945e-24, 3.86666483581e-24, 3.77083125203e-24, 3.72898494202e-24, 3.65677379805e-24, 5.12332814644e-24, 4.39937234992e-24, 4.84229211022e-24, 5.2745168888e-24, 4.38612855861e-24, 5.20037106346e-24, 6.01596843691e-24, 5.2975875204e-24, 5.59945500655e-24, 6.16683611288e-24, 5.72668959309e-24, 6.5678101667e-24], "var": [3.18607158079e-06, 1.58056500368e-05, 1.15656473554e-06, 5.28825864876e-07, 3.91398003785e-07, 8.22637957754e-07, 4.39115979134e-07, 3.63977449069e-07, 6.67506128593e-07, 5.97731855123e-08, 6.98086850548e-08, 2.84146768337e-08, 4.52836559361e-08, 3.7740562675e-08, 2.28645475886e-08, 1.15597842409e-08, 7.93714782787e-09, 5.0411617103e-09, 4.44463177374e-09, 3.32285043925e-09, 3.74193609431e-09, 1.02657338186e-09, 1.58978108455e-09, 1.84992676733e-09, 1.51222601108e-09, 1.98598604229e-09, 2.35886754574e-09, 2.77251999137e-10, 2.40729085971e-11, 2.36620601585e-11, 4.1477148105e-11, 1.75009631787e-10, 5.63217583682e-10, 2.96895896756e-10, 1.10606530879e-10, 2.59148535964e-11, 1.01981227282e-11, 5.33489441859e-12, 6.1848412676e-12, 1.62886186744e-12]}, "melbands_crest": {"dmean": 2.74107813835, "dmean2": 4.29358577728, "dvar": 7.41787815094, "dvar2": 17.0725688934, "max": 30.4176712036, "mean": 13.6734924316, "median": 12.7764348984, "min": 1.73582911491, "var": 34.5693206787}, "melbands_flatness_db": {"dmean": 0.0368408858776, "dmean2": 0.0507030785084, "dvar": 0.00130401761271, "dvar2": 0.00263135251589, "max": 0.490593969822, "mean": 0.224088296294, "median": 0.221755132079, "min": 0.00349808926694, "var": 0.00593200372532}, "melbands_kurtosis": {"dmean": 7.2024512291, "dmean2": 11.3369588852, "dvar": 172.516983032, "dvar2": 416.272918701, "max": 290.875976562, "mean": 13.7685775757, "median": 7.43230438232, "min": -1.8626973629, "var": 352.684661865}, "melbands_skewness": {"dmean": 0.729857087135, "dmean2": 1.10796499252, "dvar": 0.693114757538, "dvar2": 1.52596855164, "max": 12.2744913101, "mean": 2.71332883835, "median": 2.39324045181, "min": -0.278249621391, "var": 2.72197604179}, "melbands_spread": {"dmean": 7.84886026382, "dmean2": 11.8038234711, "dvar": 124.20085907, "dvar2": 255.712234497, "max": 200.232345581, "mean": 24.7455863953, "median": 18.4104309082, "min": 0.648184537888, "var": 588.334472656}, "mfcc": {"cov": [[11142.5439453, 886.601379395, -321.212738037, 385.9402771, -333.637359619, -90.1998214722, -63.483505249, 151.388381958, -273.962097168, -27.1908931732, 155.192550659, -30.6443767548, 14.616019249], [886.601379395, 1994.78210449, -432.019104004, 292.202728271, 145.453094482, -94.3580856323, 70.946182251, 20.9538536072, 75.0568313599, -14.7609949112, -20.2794113159, 123.663322449, -52.1604652405], [-321.212738037, -432.019104004, 694.185119629, -140.129165649, 42.4839782715, 119.330116272, -18.9609508514, -14.0831384659, 53.2138595581, -22.8900375366, -25.6020641327, -3.64265608788, 8.67100524902], [385.9402771, 292.202728271, -140.129165649, 353.799133301, -14.7163972855, -12.7469100952, -10.4539527893, 43.764541626, -45.5512428284, 36.3839645386, 37.1468696594, -23.6481285095, 24.8406391144], [-333.637359619, 145.453094482, 42.4839782715, -14.7163972855, 379.185699463, 41.2396316528, -41.1248130798, -108.517158508, 75.066192627, 70.6821594238, -26.330532074, 1.14211916924, 3.87387728691], [-90.1998214722, -94.3580856323, 119.330116272, -12.7469100952, 41.2396316528, 174.032150269, 2.73852491379, -28.9995651245, 20.608341217, 28.3053474426, -6.08026838303, 7.55316019058, 0.794867277145], [-63.483505249, 70.946182251, -18.9609508514, -10.4539527893, -41.1248130798, 2.73852491379, 138.27432251, 41.8963890076, -8.60758209229, -11.162571907, -8.89923286438, 28.8391284943, -11.4692564011], [151.388381958, 20.9538536072, -14.0831384659, 43.764541626, -108.517158508, -28.9995651245, 41.8963890076, 167.770507812, -9.39465236664, -41.7546577454, 21.8855895996, 16.2703437805, 0.00268737156875], [-273.962097168, 75.0568313599, 53.2138595581, -45.5512428284, 75.066192627, 20.608341217, -8.60758209229, -9.39465236664, 160.594482422, 28.193687439, -36.7222366333, 13.3483600616, -10.1906671524], [-27.1908931732, -14.7609949112, -22.8900375366, 36.3839645386, 70.6821594238, 28.3053474426, -11.162571907, -41.7546577454, 28.193687439, 126.246788025, 14.6017751694, -21.0370025635, 8.91399669647], [155.192550659, -20.2794113159, -25.6020641327, 37.1468696594, -26.330532074, -6.08026838303, -8.89923286438, 21.8855895996, -36.7222366333, 14.6017751694, 118.108467102, 12.933514595, 0.363940387964], [-30.6443767548, 123.663322449, -3.64265608788, -23.6481285095, 1.14211916924, 7.55316019058, 28.8391284943, 16.2703437805, 13.3483600616, -21.0370025635, 12.933514595, 110.74962616, -9.35036659241], [14.616019249, -52.1604652405, 8.67100524902, 24.8406391144, 3.87387728691, 0.794867277145, -11.4692564011, 0.00268737156875, -10.1906671524, 8.91399669647, 0.363940387964, -9.35036659241, 83.6392211914]], "icov": [[0.000104290236777, -7.08915613359e-05, -1.35863410833e-05, -7.43876353226e-06, 9.19010199141e-05, -2.38775082835e-05, 0.00011727889796, -6.3082035922e-05, 0.000168754369952, -6.32933806628e-05, -5.61025626666e-05, 5.85081106692e-05, -1.26712029669e-05], [-7.08915613359e-05, 0.00090560427634, 0.000398637697799, -0.000830980483443, -0.000458683382021, 0.000311157025862, -0.000466347788461, 0.00023277568107, -0.000682144775055, 0.000560078362469, 0.000250202399911, -0.000923654239159, 0.000489806639962], [-1.35863410833e-05, 0.000398637697799, 0.00205122306943, 0.000305208552163, -0.000331926567014, -0.00119614147115, 0.000100029610621, -0.000214792613406, -0.000658939126879, 0.000875843456015, 3.40766455338e-05, 4.05047842378e-07, -0.000185588593013], [-7.43876353226e-06, -0.000830980483443, 0.000305208552163, 0.00446111382917, 0.000124428144773, -0.000638254976366, 0.000879831146449, -0.00167102250271, 0.0014764276566, -0.00166953296866, -0.000584830937441, 0.00141610624269, -0.00123382580932], [9.19010199141e-05, -0.000458683382021, -0.000331926567014, 0.000124428144773, 0.00405325880274, -0.000259851833107, 0.000724723038729, 0.00187973421998, -0.000897645426448, -0.00148060335778, 0.000208915429539, -0.000163660297403, -0.000361376267392], [-2.38775082835e-05, 0.000311157025862, -0.00119614147115, -0.000638254976366, -0.000259851833107, 0.00724800210446, -0.000752069870941, 0.00103577505797, -0.00032658179407, -0.00139074388426, 0.000294710422168, -0.00120953563601, 0.000323707121424], [0.00011727889796, -0.000466347788461, 0.000100029610621, 0.000879831146449, 0.000724723038729, -0.000752069870941, 0.00912588275969, -0.00251430412754, 0.00155786727555, -0.00141938764136, 0.00164201413281, -0.00180259044282, 0.000774490821641], [-6.3082035922e-05, 0.00023277568107, -0.000214792613406, -0.00167102250271, 0.00187973421998, 0.00103577505797, -0.00251430412754, 0.00923738069832, -0.00205630948767, 0.00260175298899, -0.00173003820237, -0.000518710876349, -0.000345525040757], [0.000168754369952, -0.000682144775055, -0.000658939126879, 0.0014764276566, -0.000897645426448, -0.00032658179407, 0.00155786727555, -0.00205630948767, 0.00917974673212, -0.00312133063562, 0.00267347693443, -0.000916565593798, 0.000770318962168], [-6.32933806628e-05, 0.000560078362469, 0.000875843456015, -0.00166953296866, -0.00148060335778, -0.00139074388426, -0.00141938764136, 0.00260175298899, -0.00312133063562, 0.0118946023285, -0.00275637884624, 0.00202044053003, -0.000757661066018], [-5.61025626666e-05, 0.000250202399911, 3.40766455338e-05, -0.000584830937441, 0.000208915429539, 0.000294710422168, 0.00164201413281, -0.00173003820237, 0.00267347693443, -0.00275637884624, 0.010739906691, -0.00264462991618, 0.000825861934572], [5.85081106692e-05, -0.000923654239159, 4.05047842378e-07, 0.00141610624269, -0.000163660297403, -0.00120953563601, -0.00180259044282, -0.000518710876349, -0.000916565593798, 0.00202044053003, -0.00264462991618, 0.0117925899103, -0.000232122358284], [-1.26712029669e-05, 0.000489806639962, -0.000185588593013, -0.00123382580932, -0.000361376267392, 0.000323707121424, 0.000774490821641, -0.000345525040757, 0.000770318962168, -0.000757661066018, 0.000825861934572, -0.000232122358284, 0.0129144107923]], "mean": [-659.608276367, 144.364624023, -8.14700889587, 33.9677696228, 7.70596170425, 0.717569231987, 1.90391147137, 7.48157978058, -2.40035557747, 1.29557859898, 3.04189658165, 3.70144510269, -2.52467918396]}, "pitch_salience": {"dmean": 0.0691780075431, "dmean2": 0.108271680772, "dvar": 0.00425321701914, "dvar2": 0.00952935125679, "max": 0.893337905407, "mean": 0.549633562565, "median": 0.567626297474, "min": 0.0725882276893, "var": 0.0184260997921}, "silence_rate_20dB": {"dmean": 0, "dmean2": 0, "dvar": 0, "dvar2": 0, "max": 1, "mean": 1, "median": 1, "min": 1, "var": 0}, "silence_rate_30dB": {"dmean": 0.00128949061036, "dmean2": 0.00257939705625, "dvar": 0.0012876939727, "dvar2": 0.00289481366053, "max": 1, "mean": 0.997904896736, "median": 1, "min": 0, "var": 0.00209081429057}, "silence_rate_60dB": {"dmean": 0.00354609917849, "dmean2": 0.00709334202111, "dvar": 0.0035335838329, "dvar2": 0.00800958182663, "max": 1, "mean": 0.0530217550695, "median": 0, "min": 0, "var": 0.0502106174827}, "spectral_centroid": {"dmean": 302.573150635, "dmean2": 447.550537109, "dvar": 136827.828125, "dvar2": 264947.15625, "max": 11816.6582031, "mean": 1517.69335938, "median": 1191.79101562, "min": 169.693145752, "var": 2491141.25}, "spectral_complexity": {"dmean": 3.89619588852, "dmean2": 5.90101575851, "dvar": 17.1058940887, "dvar2": 35.6763877869, "max": 50, "mean": 18.5943584442, "median": 18, "min": 0, "var": 70.6429824829}, "spectral_contrast_coeffs": {"dmean": [0.0453322306275, 0.0444542840123, 0.0393143743277, 0.0312629044056, 0.0297599527985, 0.0316166989505], "dmean2": [0.0753081068397, 0.071432761848, 0.0614844337106, 0.0496564842761, 0.0457921698689, 0.0472156181931], "dvar": [0.00141891976818, 0.00147053552791, 0.00115613162052, 0.000720387033653, 0.000724363839254, 0.00093216606183], "dvar2": [0.0037854607217, 0.00355178606696, 0.00255012745038, 0.00169130088761, 0.00153323053382, 0.00201585446484], "max": [-0.355365484953, -0.400664150715, -0.505836904049, -0.571123719215, -0.543862223625, -0.536743462086], "mean": [-0.659680783749, -0.712834537029, -0.767717182636, -0.784984529018, -0.755613446236, -0.754159450531], "median": [-0.657863616943, -0.713335990906, -0.778794646263, -0.791234076023, -0.760100841522, -0.759295225143], "min": [-0.981180548668, -0.979647934437, -0.979563176632, -0.970315635204, -0.967277526855, -0.965137541294], "var": [0.00584973813966, 0.00726012093946, 0.00577265769243, 0.00370432529598, 0.00470835948363, 0.00422141607851]}, "spectral_contrast_valleys": {"dmean": [0.377118378878, 0.353757470846, 0.363311707973, 0.318995088339, 0.347445517778, 0.72546261549], "dmean2": [0.618260443211, 0.56928896904, 0.569980561733, 0.491656988859, 0.518861114979, 0.990088820457], "dvar": [0.152882605791, 0.149367421865, 0.164407372475, 0.142452776432, 0.17585362494, 0.569930613041], "dvar2": [0.337325036526, 0.317514657974, 0.333904266357, 0.279543161392, 0.340881466866, 1.31284546852], "max": [-5.29114103317, -4.77013015747, -4.80623674393, -5.74687099457, -5.7581281662, -7.60675573349], "mean": [-7.32149600983, -7.0955491066, -7.75476694107, -8.07647323608, -8.11632156372, -11.0990066528], "median": [-6.75360870361, -6.56441020966, -7.28268480301, -7.60584354401, -7.59965991974, -10.9147405624], "min": [-28.1380252838, -28.1817054749, -27.939863205, -27.7352619171, -27.5041637421, -27.4688224792], "var": [9.62327480316, 9.87018680573, 9.25838661194, 8.97309780121, 9.03189945221, 7.1595582962]}, "spectral_decrease": {"dmean": 1.81755333006e-09, "dmean2": 2.73351119517e-09, "dvar": 4.88194056595e-18, "dvar2": 1.03542630961e-17, "max": 1.67316078735e-28, "mean": -7.70543184814e-09, "median": -7.30330285137e-09, "min": -4.95953393909e-08, "var": 2.00766247244e-17}, "spectral_energy": {"dmean": 0.00726288743317, "dmean2": 0.010913037695, "dvar": 7.47649246478e-05, "dvar2": 0.000159906354384, "max": 0.189066573977, "mean": 0.0309099089354, "median": 0.0297017581761, "min": 9.92230205842e-21, "var": 0.000305974273942}, "spectral_energyband_high": {"dmean": 0.000500187510625, "dmean2": 0.00079971679952, "dvar": 1.75779928213e-06, "dvar2": 3.32145327775e-06, "max": 0.0346146523952, "mean": 0.00059165613493, "median": 0.000147440456203, "min": 6.98930863e-21, "var": 3.12679935632e-06}, "spectral_energyband_low": {"dmean": 0.0044369995594, "dmean2": 0.00669440766796, "dvar": 4.88793739351e-05, "dvar2": 0.000100738776382, "max": 0.18445970118, "mean": 0.0136818364263, "median": 0.0095470584929, "min": 1.08223519932e-23, "var": 0.000194214982912}, "spectral_energyband_middle_high": {"dmean": 0.00239640218206, "dmean2": 0.00358204985969, "dvar": 1.10067039714e-05, "dvar2": 2.41944053414e-05, "max": 0.0381003953516, "mean": 0.00573211768642, "median": 0.0037301024422, "min": 1.18456252198e-21, "var": 3.07832960971e-05}, "spectral_energyband_middle_low": {"dmean": 0.00398222217336, "dmean2": 0.00601500784978, "dvar": 2.39704768319e-05, "dvar2": 5.20245557709e-05, "max": 0.0854742228985, "mean": 0.0122274113819, "median": 0.010447842069, "min": 1.76223612374e-22, "var": 8.92643511179e-05}, "spectral_entropy": {"dmean": 0.237515166402, "dmean2": 0.345523715019, "dvar": 0.0582770034671, "dvar2": 0.132334679365, "max": 9.82859802246, "mean": 7.43922424316, "median": 7.35107851028, "min": 6.02829885483, "var": 0.270691424608}, "spectral_flux": {"dmean": 0.0237122680992, "dmean2": 0.0366855375469, "dvar": 0.000584332447033, "dvar2": 0.00130038068164, "max": 0.337075531483, "mean": 0.0817427486181, "median": 0.0785059332848, "min": 6.32936203449e-11, "var": 0.00170141877607}, "spectral_kurtosis": {"dmean": 2.92458248138, "dmean2": 4.85491037369, "dvar": 8.68339920044, "dvar2": 23.8276557922, "max": 34.3750724792, "mean": 5.15560865402, "median": 4.26344299316, "min": -1.26766812801, "var": 16.9633541107}, "spectral_rms": {"dmean": 0.000641131366137, "dmean2": 0.000950586749241, "dvar": 4.81405834307e-07, "dvar2": 9.92099558061e-07, "max": 0.0135814277455, "mean": 0.00518914824352, "median": 0.00538305891678, "min": 3.11131719347e-12, "var": 3.22871369463e-06}, "spectral_rolloff": {"dmean": 538.713745117, "dmean2": 892.510864258, "dvar": 1054292.25, "dvar2": 2348588.75, "max": 19767.4804688, "mean": 1748.35888672, "median": 947.4609375, "min": 21.533203125, "var": 8685089}, "spectral_skewness": {"dmean": 0.34752574563, "dmean2": 0.560228288174, "dvar": 0.10356811434, "dvar2": 0.266138672829, "max": 4.38542795181, "mean": 1.41344320774, "median": 1.39023005962, "min": -0.280826449394, "var": 0.369228690863}, "spectral_spread": {"dmean": 882436.6875, "dmean2": 1407318.375, "dvar": 1617548673020.0, "dvar2": 3888285483010.0, "max": 50565460, "mean": 4355414.5, "me