{"lowlevel": {"average_loudness": 0.857108294964, "barkbands": {"dmean": [4.31717744505e-05, 0.00193442148156, 0.00151765695773, 0.000426751328632, 0.00142560095992, 0.000252212019404, 0.000637999502942, 0.001166254282, 0.000899710634258, 0.000716546666808, 0.00077558652265, 0.000896062701941, 0.000547593284864, 0.00061466509942, 0.000601223262493, 0.000298162311083, 0.00028297730023, 0.000150284802658, 0.000156584312208, 0.00013938023767, 8.30049248179e-05, 4.88496370963e-05, 3.02915796055e-05, 1.67105754372e-05, 5.45082548342e-06, 9.13955318538e-07, 5.38267812544e-08], "dmean2": [7.05809579813e-05, 0.0029506906867, 0.00197330396622, 0.00074127712287, 0.00248701637611, 0.000404991616961, 0.000967314350419, 0.00179813685827, 0.00130782159977, 0.00105950096622, 0.00122284085955, 0.00136096111964, 0.000845611153636, 0.000950788788032, 0.000972947571427, 0.000463789445348, 0.000442485936219, 0.000224645365961, 0.000227959622862, 0.000198579058633, 0.00011528844334, 6.67807180434e-05, 4.17658156948e-05, 2.27692526096e-05, 7.40008317734e-06, 1.23958307086e-06, 7.62254259712e-08], "dvar": [6.65705401914e-09, 8.79727758729e-06, 7.5991142694e-06, 4.53228778952e-07, 7.10354970579e-06, 1.72370278051e-07, 1.6493821704e-06, 5.19588957104e-06, 4.17653018303e-06, 3.06017250296e-06, 2.89444506052e-06, 3.76555908588e-06, 1.99883993446e-06, 1.85067642633e-06, 2.59957960225e-06, 4.8711439149e-07, 4.10867869505e-07, 9.16843063692e-08, 8.17646892415e-08, 6.30346264074e-08, 2.72142450797e-08, 7.0292460741e-09, 3.26564308928e-09, 1.60716961961e-09, 7.13345979508e-11, 1.86967281934e-12, 7.25820245513e-15], "dvar2": [1.5700026168e-08, 2.09159043152e-05, 1.13150090328e-05, 1.25999622469e-06, 1.95855063794e-05, 4.04485433592e-07, 3.67068810192e-06, 1.18279976959e-05, 8.70873736858e-06, 5.8291429923e-06, 6.46554326522e-06, 8.0278432506e-06, 4.38942970504e-06, 4.49265053248e-06, 6.81859000906e-06, 1.12318377887e-06, 9.81982225312e-07, 2.03063549975e-07, 1.68209396634e-07, 1.27473512634e-07, 5.67494637949e-08, 1.53765196131e-08, 6.78498190965e-09, 3.32456795427e-09, 1.54156118426e-10, 3.88348728175e-12, 1.47581599719e-14], "max": [0.00165219453629, 0.042626067996, 0.0531530231237, 0.0110676977783, 0.0283132866025, 0.0111927026883, 0.0292819105089, 0.0500199869275, 0.0478122010827, 0.0464796945453, 0.047283090651, 0.0650708675385, 0.0305466614664, 0.0435855016112, 0.0317278280854, 0.0193201433867, 0.0151204904541, 0.00690388074145, 0.0070800720714, 0.00596380932257, 0.00442247837782, 0.00189798872452, 0.00206802552566, 0.00181297084782, 0.000145358033478, 1.43267898238e-05, 1.16864430311e-06], "mean": [4.47519050795e-05, 0.00333472597413, 0.00297339330427, 0.000515752763022, 0.00185081758536, 0.000441404466983, 0.00130016473122, 0.00231940601952, 0.00199210178107, 0.00143081066199, 0.00136637315154, 0.00165354425553, 0.000933389062993, 0.00113670190331, 0.00108767941128, 0.000566159258597, 0.000480285583762, 0.000290799303912, 0.000288570096018, 0.000271955243079, 0.000133042674861, 7.3184921348e-05, 4.48812861578e-05, 2.32251531997e-05, 7.6638898463e-06, 1.23238362448e-06, 7.92829411012e-08], "median": [1.69315899257e-05, 0.00154888653196, 0.0006685705157, 0.000219628593186, 0.000876524485648, 0.000226251766435, 0.000387164356653, 0.000783620518632, 0.000584908877499, 0.000366011459846, 0.000525178969838, 0.000581202097237, 0.000264887028607, 0.000381863617804, 0.000277503801044, 0.000208338475204, 0.00018553242262, 0.000113876303658, 0.000119186879601, 0.000110560977191, 3.78679324058e-05, 2.53829130088e-05, 1.71912251972e-05, 7.83839732321e-06, 2.2995134259e-06, 3.91042703995e-07, 2.77696230455e-08], "min": [4.68371272725e-25, 2.20173859382e-24, 6.94766168092e-25, 4.12417615237e-25, 1.11578624248e-23, 3.83401309409e-24, 3.24753899005e-24, 1.05323320145e-23, 1.00592268861e-23, 8.90946763877e-24, 8.68378873328e-24, 2.83741087596e-23, 2.46524476022e-23, 1.52235828994e-23, 3.82930785433e-23, 5.43184375786e-23, 6.86634124453e-23, 9.21316015462e-23, 9.80259071211e-23, 1.72614441204e-22, 2.36767449916e-22, 3.0762775794e-22, 3.56522114152e-22, 6.20863420771e-22, 8.3932634419e-22, 1.33082132229e-21, 1.88957374814e-21], "var": [7.61728546905e-09, 2.01519051188e-05, 4.28497369285e-05, 5.69878352508e-07, 7.31049794922e-06, 4.09547737945e-07, 5.99815166424e-06, 1.6887406673e-05, 1.52469647219e-05, 1.18889829537e-05, 8.70635085448e-06, 1.56826754392e-05, 4.36677737525e-06, 6.08676873526e-06, 7.16855129212e-06, 1.46530192069e-06, 7.69352254792e-07, 2.49496423521e-07, 2.26610268328e-07, 1.87974464438e-07, 7.53155333655e-08, 1.39996521042e-08, 6.05172711943e-09, 2.63025001779e-09, 1.36803304795e-10, 3.27768107794e-12, 1.35236924605e-14]}, "barkbands_crest": {"dmean": 2.45691657066, "dmean2": 3.97493433952, "dvar": 4.7759180069, "dvar2": 12.4859085083, "max": 25.1318702698, "mean": 9.1244764328, "median": 8.34161567688, "min": 2.00620341301, "var": 13.2505960464}, "barkbands_flatness_db": {"dmean": 0.0225282106549, "dmean2": 0.0299691595137, "dvar": 0.000433674722444, "dvar2": 0.000720751355402, "max": 0.481370717287, "mean": 0.144257828593, "median": 0.139491796494, "min": 0.0184559635818, "var": 0.00243719248101}, "barkbands_kurtosis": {"dmean": 1.39734506607, "dmean2": 2.0985417366, "dvar": 13.0951681137, "dvar2": 23.0235557556, "max": 138.155960083, "mean": 1.47576606274, "median": 0.0645842552185, "min": -1.80506408215, "var": 43.7636795044}, "barkbands_skewness": {"dmean": 0.426581025124, "dmean2": 0.646567583084, "dvar": 0.192296981812, "dvar2": 0.395185917616, "max": 9.16670513153, "mean": 0.69226038456, "median": 0.581720590591, "min": -2.4112033844, "var": 1.15672850609}, "barkbands_spread": {"dmean": 4.4482588768, "dmean2": 6.56436300278, "dvar": 19.1279411316, "dvar2": 40.3522338867, "max": 80.5846405029, "mean": 20.4213352203, "median": 19.7845401764, "min": 0.452448129654, "var": 74.0462417603}, "dissonance": {"dmean": 0.0203456114978, "dmean2": 0.0342182256281, "dvar": 0.000428562838351, "dvar2": 0.0011847151909, "max": 0.499999880791, "mean": 0.461783498526, "median": 0.468487411737, "min": 0.147098213434, "var": 0.000810149416793}, "dynamic_complexity": 3.45115756989, "erbbands": {"dmean": [0.0377942956984, 0.518922150135, 1.85036158562, 1.27143931389, 3.70052552223, 5.05812978745, 2.4890639782, 1.86073184013, 5.40236473083, 18.1842632294, 22.3859767914, 16.6059761047, 23.8078918457, 21.4533576965, 29.1529083252, 35.0813865662, 24.7322921753, 28.1975860596, 27.4307899475, 22.2330150604, 15.260260582, 15.9754667282, 8.24742221832, 6.11613082886, 8.95556735992, 5.9406747818, 3.43079423904, 2.92096281052, 1.78397428989, 1.21990132332, 0.786659061909, 0.473596781492, 0.212526738644, 0.0837256163359, 0.0278658438474, 0.00682064658031, 0.0011700084433, 0.000141867785715, 1.20191207316e-05, 7.58716259952e-06], "dmean2": [0.0611928850412, 0.773611962795, 2.35476970673, 2.06937193871, 6.73907423019, 8.54486942291, 4.03761148453, 2.96901011467, 8.18287944794, 27.768075943, 34.2647171021, 24.3170528412, 34.2083740234, 32.4124717712, 45.1171913147, 53.1819000244, 37.6198577881, 43.1045761108, 43.2208061218, 35.258480072, 23.5713157654, 24.903717041, 12.2596006393, 8.88273620605, 12.8641500473, 8.33303260803, 4.78817462921, 4.03927135468, 2.44566631317, 1.66155469418, 1.09021031857, 0.660293161869, 0.285546451807, 0.113357909024, 0.0381824187934, 0.00925291981548, 0.00157071487047, 0.000193187690456, 1.63579643413e-05, 1.0364249647e-05], "dvar": [0.00442023621872, 0.619525790215, 10.7113513947, 3.0698120594, 54.0691986084, 83.4536972046, 18.9046459198, 9.78773021698, 128.215759277, 1332.67041016, 2196.20898438, 1696.70678711, 3036.72705078, 2689.79614258, 3764.58666992, 6229.40673828, 3512.76098633, 4124.49755859, 3971.96923828, 3381.6706543, 1469.80957031, 1243.40942383, 262.679138184, 168.348297119, 262.453979492, 103.655754089, 47.9204826355, 31.9152603149, 11.2439594269, 3.83112645149, 3.00665068626, 1.46291220188, 0.22979426384, 0.0183134097606, 0.0017836157931, 0.00010159840167, 3.162968369e-06, 4.73617838281e-08, 2.72959294056e-10, 6.29677560093e-11], "dvar2": [0.0110456012189, 1.4133477211, 14.7600183487, 8.35612010956, 155.655593872, 223.47114563, 44.3259849548, 23.1859531403, 260.130401611, 2884.4597168, 5086.45166016, 3533.5168457, 5422.96435547, 6146.24853516, 8316.43652344, 13021.8476563, 7395.85595703, 9884.38476563, 9993.14941406, 8411.98632813, 3425.30200195, 2984.1940918, 560.882568359, 354.806549072, 536.160705566, 210.098464966, 103.215866089, 66.5137329102, 25.8759784698, 7.72636032104, 6.61459970474, 2.96598625183, 0.50629556179, 0.0403184182942, 0.00376476836391, 0.00020962965209, 6.4863611442e-06, 9.72665219479e-08, 5.19411236244e-10, 1.12172979239e-10], "max": [0.853494286537, 10.9436397552, 66.3353118896, 31.189874649, 80.3852615356, 115.357772827, 119.271232605, 104.797828674, 379.401062012, 687.307556152, 1070.93688965, 1061.0925293, 1493.01660156, 1585.31689453, 1418.41918945, 2792.42675781, 1366.79333496, 2276.59326172, 1303.81347656, 1678.83605957, 1087.54418945, 841.703063965, 419.895843506, 446.380523682, 334.12298584, 249.050033569, 197.343353271, 129.309143066, 103.34664917, 37.1837310791, 73.7457504272, 55.5975799561, 17.2485389709, 2.54752826691, 0.51009708643, 0.111362606287, 0.027778128162, 0.00281218881719, 0.000234263046877, 0.000123435602291], "mean": [0.054106593132, 0.914857685566, 3.72678875923, 2.08521080017, 3.59374523163, 7.10297393799, 4.90228939056, 3.57335066795, 11.9637746811, 37.5694084167, 51.1097831726, 38.9967880249, 53.0258483887, 44.6637420654, 55.0355834961, 68.9938583374, 48.607711792, 57.1241416931, 53.5468215942, 44.4568977356, 31.2915344238, 29.2065944672, 17.057636261, 11.275478363, 18.550409317, 12.4018545151, 5.86644744873, 4.57581281662, 2.69011712074, 1.89202916622, 1.14567816257, 0.654371142387, 0.298513144255, 0.116085574031, 0.0393414385617, 0.0093537857756, 0.00157948560081, 0.000197444329388, 2.82932724076e-05, 3.01250802295e-05], "median": [0.0253363698721, 0.399683475494, 0.924340426922, 1.15864539146, 1.50207877159, 3.07982945442, 2.39259815216, 1.92358112335, 4.0994052887, 12.3291072845, 17.8505134583, 13.2141456604, 15.6555118561, 14.84603405, 24.5310668945, 25.9968261719, 17.9859580994, 20.5996627808, 19.0001392365, 14.2369060516, 12.3370609283, 12.2122869492, 7.57644557953, 4.88416290283, 7.68835830688, 5.55096721649, 2.07436537743, 1.40600371361, 0.908505260944, 0.729325294495, 0.416098088026, 0.210764318705, 0.103968709707, 0.0354326367378, 0.0120345419273, 0.00307989539579, 0.000483083247673, 6.40383805148e-05, 2.02582596103e-05, 2.62066350842e-05], "min": [6.82514187935e-23, 5.65883879888e-22, 1.89395219122e-21, 3.4580382443e-21, 1.3788651678e-20, 2.51810370541e-20, 3.29196590358e-20, 5.94936472388e-20, 9.85871271039e-20, 1.69457693703e-19, 3.09783275304e-19, 2.40082813843e-19, 4.23363574461e-19, 3.93152870539e-19, 9.51189151843e-19, 1.29325563209e-18, 9.57925503956e-19, 1.49130965751e-18, 2.35912220893e-18, 3.01176998698e-18, 3.07381928627e-18, 4.00336349963e-18, 4.21821994142e-18, 5.52271106438e-18, 7.39954416959e-18, 7.95425645145e-18, 9.42933537778e-18, 1.08672035842e-17, 1.05665217772e-17, 1.1313482414e-17, 9.30573722347e-18, 1.20191121442e-17, 9.80790782e-18, 7.74093567046e-18, 5.45766695768e-18, 4.0671416064e-18, 2.26328361559e-18, 9.43233742301e-19, 2.47661468464e-19, 2.57052498426e-20], "var": [0.00641132332385, 1.73805379868, 64.6110992432, 6.15139865875, 39.6868438721, 110.691566467, 51.7499885559, 28.6386489868, 628.616149902, 5125.87646484, 9437.63085938, 5593.34375, 14327.2148438, 10262.6103516, 11345.9833984, 26986.265625, 9343.25390625, 16259.6416016, 10642.9375, 10001.0761719, 4179.31005859, 2494.87011719, 801.39251709, 361.849487305, 850.694824219, 348.150634766, 127.718589783, 82.9873809814, 21.6739120483, 8.15817642212, 4.93899202347, 2.42278122902, 0.348439753056, 0.033086810261, 0.0034825950861, 0.000183310272405, 5.58586316401e-06, 8.40522389467e-08, 7.22851167811e-10, 4.58410309712e-10]}, "erbbands_crest": {"dmean": 2.73326182365, "dmean2": 4.33552503586, "dvar": 6.36069536209, "dvar2": 15.6114311218, "max": 31.1106681824, "mean": 10.2277164459, "median": 9.22985267639, "min": 2.5016977787, "var": 22.0672512054}, "erbbands_flatness_db": {"dmean": 0.0214541051537, "dmean2": 0.0294542908669, "dvar": 0.000422702083597, "dvar2": 0.00077290867921, "max": 0.359219074249, "mean": 0.200786620378, "median": 0.199663817883, "min": 0.0873799845576, "var": 0.00214705429971}, "erbbands_kurtosis": {"dmean": 0.832551062107, "dmean2": 1.30603563786, "dvar": 1.03844463825, "dvar2": 2.44595336914, "max": 16.0290927887, "mean": 0.654976725578, "median": 0.131213381886, "min": -1.63871991634, "var": 3.38517546654}, "erbbands_skewness": {"dmean": 0.327644407749, "dmean2": 0.497022539377, "dvar": 0.0807420015335, "dvar2": 0.187655061483, "max": 3.35248994827, "mean": 0.134118244052, "median": 0.106831170619, "min": -3.56608867645, "var": 0.450312525034}, "erbbands_spread": {"dmean": 5.44135427475, "dmean2": 8.30508232117, "dvar": 33.9019546509, "dvar2": 78.8973464966, "max": 92.454750061, "mean": 25.3951301575, "median": 23.7926216125, "min": 3.11721944809, "var": 120.316009521}, "gfcc": {"cov": [[33050.8085938, 2052.87988281, -3959.58447266, 1167.89978027, -1563.18762207, 536.218322754, -675.83972168, 246.701446533, -469.226013184, -47.7398834229, -391.550476074, -280.124359131, -232.603668213], [2052.87988281, 1072.32800293, -359.006164551, -123.556350708, 133.99407959, -62.6050338745, 91.1967849731, 4.67777490616, 67.0586090088, -56.8081588745, 98.3823013306, -94.088508606, 0.33013355732], [-3959.58447266, -359.006164551, 903.54498291, 5.99107599258, 194.795684814, 69.7962188721, 49.7542724609, -25.2381820679, 28.8079395294, 32.4447746277, 23.7455749512, 60.7974853516, 2.25592541695], [1167.89978027, -123.556350708, 5.99107599258, 306.806762695, -58.5602607727, 45.2117156982, -56.0120277405, 17.8149623871, -9.9860830307, 3.61548233032, -48.2645683289, 13.9257173538, -3.63280129433], [-1563.18762207, 133.99407959, 194.795684814, -58.5602607727, 297.210449219, -5.60784101486, 94.5064697266, -5.1270570755, 80.9260864258, -4.01695919037, 38.5099945068, -9.06848430634, 28.3489551544], [536.218322754, -62.6050338745, 69.7962188721, 45.2117156982, -5.60784101486, 213.241775513, 18.6532440186, -4.90054655075, -22.5032711029, 19.7588176727, -28.6837005615, 15.1134462357, -3.40569067001], [-675.83972168, 91.1967849731, 49.7542724609, -56.0120277405, 94.5064697266, 18.6532440186, 229.990600586, 52.6797790527, 10.7633895874, -28.7615451813, 47.2811317444, -22.5637493134, -9.09540939331], [246.701446533, 4.67777490616, -25.2381820679, 17.8149623871, -5.1270570755, -4.90054655075, 52.6797790527, 100.580749512, 38.9371452332, 3.40531516075, -9.35569858551, -13.5620756149, -10.3966550827], [-469.226013184, 67.0586090088, 28.8079395294, -9.9860830307, 80.9260864258, -22.5032711029, 10.7633895874, 38.9371452332, 162.540542603, 33.6507225037, -9.45269775391, -15.7673072815, 9.32509613037], [-47.7398834229, -56.8081588745, 32.4447746277, 3.61548233032, -4.01695919037, 19.7588176727, -28.7615451813, 3.40531516075, 33.6507225037, 84.0995559692, 20.7611293793, 12.7014398575, -14.5860500336], [-391.550476074, 98.3823013306, 23.7455749512, -48.2645683289, 38.5099945068, -28.6837005615, 47.2811317444, -9.35569858551, -9.45269775391, 20.7611293793, 120.412200928, 15.9006767273, -15.756278038], [-280.124359131, -94.088508606, 60.7974853516, 13.9257173538, -9.06848430634, 15.1134462357, -22.5637493134, -13.5620756149, -15.7673072815, 12.7014398575, 15.9006767273, 77.8970108032, 22.6439857483], [-232.603668213, 0.33013355732, 2.25592541695, -3.63280129433, 28.3489551544, -3.40569067001, -9.09540939331, -10.3966550827, 9.32509613037, -14.5860500336, -15.756278038, 22.6439857483, 80.9060134888]], "icov": [[0.000244352791924, -0.000526629795786, 0.000768805446569, -0.000749640283175, 0.000434437737567, -0.000748485210352, 0.000472642597742, -0.00066838884959, 0.000628092966508, -0.000377184856916, 0.000380871759262, -3.07669074573e-06, 0.000367717759218], [-0.000526629795786, 0.0028656560462, -0.000861617212649, 0.00182903441601, -0.00172722991556, 0.00113741389941, -0.000677288451698, 0.0015631391434, -0.00221245433204, 0.002435101429, -0.00286691263318, 0.00158347690012, -0.000949274399318], [0.000768805446569, -0.000861617212649, 0.00427467189729, -0.00237324694172, -0.000156172332936, -0.00280587561429, 0.00144416512921, -0.00173561449628, 0.00173736398574, -0.000920895894524, 0.000721409043763, -0.000726478116121, 0.00184154871386], [-0.000749640283175, 0.00182903441601, -0.00237324694172, 0.00618663104251, -0.0011740392074, 0.00150816922542, -0.000394210219383, 0.000759302463848, -0.00186868209857, 0.00170433195308, -0.000506626383867, -0.000492417777423, -0.000728790415451], [0.000434437737567, -0.00172722991556, -0.000156172332936, -0.0011740392074, 0.00739409448579, -0.00122376705986, -0.00134651374537, 0.000860860163812, -0.00181543384679, -0.000314283097396, -7.85478550824e-05, 0.00082150666276, -0.00156805675942], [-0.000748485210352, 0.00113741389941, -0.00280587561429, 0.00150816922542, -0.00122376705986, 0.00845835916698, -0.00352018768899, 0.00311359460466, -0.000259253429249, -0.00237051211298, 0.00232926430181, -0.00159068615176, -0.000720014795661], [0.000472642597742, -0.000677288451698, 0.00144416512921, -0.000394210219383, -0.00134651374537, -0.00352018768899, 0.00925076194108, -0.00650217803195, 0.00171032641083, 0.0034979947377, -0.00351488380693, 0.00210364954546, 0.000991899054497], [-0.00066838884959, 0.0015631391434, -0.00173561449628, 0.000759302463848, 0.000860860163812, 0.00311359460466, -0.00650217803195, 0.0168963558972, -0.00577268563211, -0.000171334191691, 0.00118061329704, -0.000226051837672, 0.000351836235495], [0.000628092966508, -0.00221245433204, 0.00173736398574, -0.00186868209857, -0.00181543384679, -0.000259253429249, 0.00171032641083, -0.00577268563211, 0.0124135240912, -0.00712709175423, 0.00420455774292, 0.000817054416984, -0.000367403728887], [-0.000377184856916, 0.002435101429, -0.000920895894524, 0.00170433195308, -0.000314283097396, -0.00237051211298, 0.0034979947377, -0.000171334191691, -0.00712709175423, 0.0206779129803, -0.00792412087321, -0.000530601886567, 0.00254408083856], [0.000380871759262, -0.00286691263318, 0.000721409043763, -0.000506626383867, -7.85478550824e-05, 0.00232926430181, -0.00351488380693, 0.00118061329704, 0.00420455774292, -0.00792412087321, 0.0166426915675, -0.0062639946118, 0.00402707373723], [-3.07669074573e-06, 0.00158347690012, -0.000726478116121, -0.000492417777423, 0.00082150666276, -0.00159068615176, 0.00210364954546, -0.000226051837672, 0.000817054416984, -0.000530601886567, -0.0062639946118, 0.0199821777642, -0.00716687366366], [0.000367717759218, -0.000949274399318, 0.00184154871386, -0.000728790415451, -0.00156805675942, -0.000720014795661, 0.000991899054497, 0.000351836235495, -0.000367403728887, 0.00254408083856, 0.00402707373723, -0.00716687366366, 0.0173039883375]], "mean": [-48.6659812927, 121.508674622, -149.090957642, 28.3118839264, -51.5879821777, 18.4743614197, -23.2848968506, 6.39857959747, -13.4789133072, -2.80648446083, -9.42189311981, -10.7524728775, -8.66098308563]}, "hfc": {"dmean": 5.54121589661, "dmean2": 7.38651275635, "dvar": 41.7237548828, "dvar2": 73.5230941772, "max": 112.568443298, "mean": 21.0163707733, "median": 16.3643264771, "min": 1.0598923269e-16, "var": 314.67288208}, "melbands": {"dmean": [0.000426560785854, 0.00085892691277, 0.000257786043221, 0.000367304077372, 9.85027654679e-05, 4.61464442196e-05, 9.26221619011e-05, 0.000215281703277, 0.00018445533351, 0.000111586719868, 0.00012221201905, 8.58591301949e-05, 0.000104469472717, 8.71567608556e-05, 9.23654661165e-05, 4.63294563815e-05, 5.96688514634e-05, 4.54012842965e-05, 5.04744639329e-05, 2.06545937544e-05, 1.8960719899e-05, 2.07778248296e-05, 9.83957852441e-06, 6.19030333837e-06, 5.10268273501e-06, 6.1835098677e-06, 7.14615862307e-06, 3.54115718437e-06, 1.99691157832e-06, 2.58604495684e-06, 1.45061710555e-06, 1.14232591386e-06, 7.87762473919e-07, 6.70481256293e-07, 4.84556437641e-07, 3.71897442619e-07, 2.68589559482e-07, 1.62594801623e-07, 1.02944795799e-07, 6.01685385959e-08], "dmean2": [0.000672293361276, 0.00113335927017, 0.000430326297646, 0.000646256899927, 0.000160034483997, 7.27001315681e-05, 0.000139846320963, 0.00032871105941, 0.000280052307062, 0.000162656317116, 0.000175470093382, 0.00013008688984, 0.000162937314599, 0.000131683162181, 0.000140067582834, 7.00514574419e-05, 9.1784655524e-05, 7.18048104318e-05, 8.2202408521e-05, 3.22973683069e-05, 2.96282723866e-05, 3.27629459207e-05, 1.52605098265e-05, 9.1707579486e-06, 7.59934255257e-06, 8.93424930837e-06, 1.01753767012e-05, 5.10627887707e-06, 2.89445597446e-06, 3.67357779396e-06, 2.03858189707e-06, 1.60621470968e-06, 1.09869199605e-06, 9.34134277486e-07, 6.87907402153e-07, 5.39435632163e-07, 3.78312989824e-07, 2.23287315748e-07, 1.42674366543e-07, 8.36738820453e-08], "dvar": [4.65308374942e-07, 1.8963274897e-06, 1.1374790887e-07, 5.12387202889e-07, 2.6715657242e-08, 6.18227957716e-09, 3.45106379029e-08, 1.80351293011e-07, 1.58879515766e-07, 8.30977526789e-08, 8.0530966784e-08, 4.49761756727e-08, 5.13733482421e-08, 4.18970458327e-08, 4.79861022029e-08, 1.26335510942e-08, 1.97242417954e-08, 1.13390852263e-08, 2.10239274878e-08, 2.3812460892e-09, 2.43727549254e-09, 2.54083931672e-09, 4.4896364404e-10, 2.3320995135e-10, 1.48084530749e-10, 1.48885834217e-10, 1.96675828401e-10, 4.61369241422e-11, 1.84263646008e-11, 3.73744334092e-11, 6.64154104976e-12, 5.66004751748e-12, 1.89875112161e-12, 1.17322178448e-12, 1.02392898847e-12, 1.08168151085e-12, 4.43892210315e-13, 1.33582354163e-13, 4.10161406792e-14, 8.82313648277e-15], "dvar2": [1.14832755571e-06, 2.90458183372e-06, 3.14013703928e-07, 1.42045178109e-06, 6.28475191888e-08, 1.40373463964e-08, 7.26863476075e-08, 3.91462236848e-07, 3.64273972764e-07, 1.71970782503e-07, 1.44889696685e-07, 1.01704351607e-07, 1.15349422458e-07, 9.32019901256e-08, 1.00829261385e-07, 2.47589060365e-08, 4.75295713898e-08, 2.74917031362e-08, 5.47935457007e-08, 5.37761790653e-09, 5.87288573328e-09, 6.21387119537e-09, 1.04918995714e-09, 4.90860352365e-10, 3.18495119167e-10, 3.09535203025e-10, 3.94317106744e-10, 9.94490600981e-11, 4.09820996583e-11, 8.25085486045e-11, 1.37737772576e-11, 1.38971230357e-11, 4.05782352164e-12, 2.39225371283e-12, 2.24488938723e-12, 2.46042162338e-12, 9.05199472236e-13, 2.94982788196e-13, 9.43324804663e-14, 1.94643495657e-14], "max": [0.0101471031085, 0.0277883037925, 0.00453764153644, 0.0077624162659, 0.00439727585763, 0.00250968942419, 0.00503980601206, 0.00922210048884, 0.00921267550439, 0.00747080938891, 0.00743523612618, 0.00625950051472, 0.00585729442537, 0.005324204918, 0.00748269539326, 0.0027892854996, 0.00523455906659, 0.00269072060473, 0.00317425793037, 0.00126752594952, 0.00128544447944, 0.00117627251893, 0.000760558759794, 0.000437601469457, 0.00046622537775, 0.000352002767613, 0.000370067864424, 0.00014612133964, 0.000154825989739, 0.000235551677179, 6.54267932987e-05, 8.19572160253e-05, 2.73175646726e-05, 2.50444882113e-05, 4.09268468502e-05, 4.09436215705e-05, 3.19076971209e-05, 1.33224029923e-05, 5.63893172512e-06, 1.56813302965e-06], "mean": [0.000698504969478, 0.00171781715471, 0.00040288848686, 0.000418352836277, 0.000203815696295, 8.91966556082e-05, 0.000197766989004, 0.000431131396908, 0.000427080201916, 0.000250174227403, 0.000261664012214, 0.000171458013938, 0.000189047990716, 0.000160591342137, 0.000174999659066, 8.16648025648e-05, 0.000112102636194, 8.02081194706e-05, 9.01978055481e-05, 3.94602830056e-05, 3.49617839674e-05, 3.42605708283e-05, 1.8201653802e-05, 1.17740992209e-05, 8.35746413941e-06, 1.15655475383e-05, 1.47670562001e-05, 6.57980763208e-06, 3.1502947877e-06, 4.00938051826e-06, 2.1147084226e-06, 1.61952914368e-06, 1.18645220937e-06, 9.96007543108e-07, 6.89516582497e-07, 4.99244492858e-07, 3.60159276624e-07, 2.23289404744e-07, 1.4163001083e-07, 8.07951821002e-08], "median": [0.000344283937011, 0.000569954630919, 0.000231859114137, 0.000176897679921, 0.000109775435703, 4.28015919169e-05, 6.38359924778e-05, 0.000138154398883, 0.000131918874104, 7.47585872887e-05, 6.74876209814e-05, 4.84384217998e-05, 8.14348459244e-05, 5.88241491641e-05, 5.64685578865e-05, 2.71552089544e-05, 3.59091718565e-05, 2.81149004877e-05, 2.20195306611e-05, 1.30889920911e-05, 1.26722661662e-05, 1.18590987768e-05, 7.56601275498e-06, 4.44997522209e-06, 3.03182969219e-06, 4.56134830529e-06, 5.27687188878e-06, 2.75316051557e-06, 9.28102963371e-07, 9.52128971221e-07, 6.73270164953e-07, 5.04962713421e-07, 4.07192288776e-07, 3.90728416733e-07, 2.45939105525e-07, 1.56231266146e-07, 1.1408434375e-07, 7.72035306795e-08, 4.41468372969e-08, 2.39461286355e-08], "min": [1.05081567804e-24, 1.21668729122e-24, 7.64887323704e-25, 1.44182316458e-24, 9.37545211422e-25, 1.38810804782e-24, 1.30245974301e-24, 2.48989883287e-24, 2.11353625322e-24, 1.4949200116e-24, 2.10708909026e-24, 1.34724525014e-24, 2.16795562555e-24, 2.89327970131e-24, 2.23825693727e-24, 2.97401172636e-24, 1.98135669209e-24, 3.33618467048e-24, 3.41597321787e-24, 2.62866419927e-24, 3.10081618649e-24, 3.50795716043e-24, 2.93756536646e-24, 3.84788363538e-24, 4.1257942047e-24, 4.17613023577e-24, 4.04104332777e-24, 4.23105230971e-24, 4.76443114444e-24, 5.20574872825e-24, 4.50818111787e-24, 5.27174483158e-24, 5.62307665749e-24, 5.72348997326e-24, 4.91230509328e-24, 5.11002400727e-24, 6.10011267979e-24, 5.62892093351e-24, 6.92888087492e-24, 5.76740191555e-24], "var": [8.32495288705e-07, 1.06172474261e-05, 2.1001430639e-07, 4.55840904579e-07, 8.17479985926e-08, 2.19704396898e-08, 1.50958769041e-07, 6.70899680699e-07, 7.65414483794e-07, 2.76639411823e-07, 3.68747691937e-07, 1.76286306441e-07, 1.57491001573e-07, 1.27030233443e-07, 1.96246858764e-07, 3.23614521847e-08, 7.51642730279e-08, 2.60798600493e-08, 5.68248061938e-08, 7.87933895907e-09, 5.8182698659e-09, 4.42814496182e-09, 1.10736764203e-09, 6.27082719085e-10, 2.83708695425e-10, 4.35580904679e-10, 6.30055729811e-10, 1.28400401422e-10, 4.22493429131e-11, 9.77401215518e-11, 1.41885860699e-11, 9.45005358688e-12, 3.91727102145e-12, 2.34059104563e-12, 1.70208985795e-12, 1.50384240651e-12, 7.23607642989e-13, 1.98155389124e-13, 6.24507769716e-14, 1.53996298813e-14]}, "melbands_crest": {"dmean": 3.30035662651, "dmean2": 5.2059378624, "dvar": 8.81274414063, "dvar2": 21.1538887024, "max": 32.0471611023, "mean": 13.3573827744, "median": 11.9116783142, "min": 1.22931373119, "var": 38.1397132874}, "melbands_flatness_db": {"dmean": 0.0280003324151, "dmean2": 0.0366877764463, "dvar": 0.000697523995768, "dvar2": 0.00118655001279, "max": 0.629698753357, "mean": 0.195154026151, "median": 0.189551919699, "min": 0.000793876999523, "var": 0.00468099163845}, "melbands_kurtosis": {"dmean": 3.11425924301, "dmean2": 4.68164968491, "dvar": 55.483757019, "dvar2": 103.184211731, "max": 289.565307617, "mean": 4.94736051559, "median": 1.65739274025, "min": -1.73547756672, "var": 200.42956543}, "melbands_skewness": {"dmean": 0.549111604691, "dmean2": 0.826971650124, "dvar": 0.343679577112, "dvar2": 0.708486199379, "max": 11.9287691116, "mean": 1.45397019386, "median": 1.2051615715, "min": -1.73204040527, "var": 1.94580900669}, "melbands_spread": {"dmean": 6.65673112869, "dmean2": 10.2218065262, "dvar": 47.6516532898, "dvar2": 107.970344543, "max": 154.776580811, "mean": 29.6635131836, "median": 26.9458503723, "min": 0.369033813477, "var": 380.334411621}, "mfcc": {"cov": [[11157.4384766, 834.046813965, -656.131713867, 358.191345215, -239.664093018, 146.015838623, -57.5854606628, 108.21446991, -0.256137639284, 123.146629333, -70.4061508179, -75.037689209, -60.4910469055], [834.046813965, 1496.4440918, -311.302124023, 14.6442689896, 69.4571685791, -0.172323405743, 94.6513824463, 69.3681564331, -5.60645341873, 106.905342102, 42.3126792908, 30.4143009186, 77.3674316406], [-656.131713867, -311.302124023, 457.477478027, 6.33358192444, 62.3062057495, 81.4425125122, 17.7712612152, -8.08817768097, 8.3268995285, -51.6104278564, 6.26496744156, 31.5470027924, -8.84277057648], [358.191345215, 14.6442689896, 6.33358192444, 216.684158325, 33.6075248718, -15.9947309494, -8.72733020782, 26.2413883209, 18.6522693634, 3.77844691277, 7.31364774704, 8.65633583069, 7.44534063339], [-239.664093018, 69.4571685791, 62.3062057495, 33.6075248718, 183.07800293, 64.2284927368, -36.5577125549, -19.1826038361, 34.1387519836, 0.285072624683, 2.71675515175, 12.6338624954, 0.165976703167], [146.015838623, -0.172323405743, 81.4425125122, -15.9947309494, 64.2284927368, 163.839157104, 36.113986969, 9.85104370117, 27.5997753143, -11.7561130524, 5.97070169449, 17.940776825, -12.494187355], [-57.5854606628, 94.6513824463, 17.7712612152, -8.72733020782, -36.5577125549, 36.113986969, 184.729675293, 64.9078674316, -26.5020179749, 7.49007987976, 4.96578931808, 1.13835227489, 17.012928009], [108.21446991, 69.3681564331, -8.08817768097, 26.2413883209, -19.1826038361, 9.85104370117, 64.9078674316, 108.153465271, 35.2722702026, 22.3386135101, 7.34276771545, 3.55008149147, 4.46977758408], [-0.256137639284, -5.60645341873, 8.3268995285, 18.6522693634, 34.1387519836, 27.5997753143, -26.5020179749, 35.2722702026, 153.970794678, 22.2033233643, 7.91444730759, 13.1637372971, -29.3323497772], [123.146629333, 106.905342102, -51.6104278564, 3.77844691277, 0.285072624683, -11.7561130524, 7.49007987976, 22.3386135101, 22.2033233643, 118.028656006, 25.8346099854, -17.15965271, 2.85887241364], [-70.4061508179, 42.3126792908, 6.26496744156, 7.31364774704, 2.71675515175, 5.97070169449, 4.96578931808, 7.34276771545, 7.91444730759, 25.8346099854, 111.119255066, 45.3581733704, -4.22916984558], [-75.037689209, 30.4143009186, 31.5470027924, 8.65633583069, 12.6338624954, 17.940776825, 1.13835227489, 3.55008149147, 13.1637372971, -17.15965271, 45.3581733704, 97.3529968262, 31.1804256439], [-60.4910469055, 77.3674316406, -8.84277057648, 7.44534063339, 0.165976703167, -12.494187355, 17.012928009, 4.46977758408, -29.3323497772, 2.85887241364, -4.22916984558, 31.1804256439, 93.0678482056]], "icov": [[0.000132274275529, -7.27537335479e-05, 0.000148126404383, -0.000309148890665, 0.000379574950784, -0.000438925431808, 0.000236953885178, -6.49460416753e-05, 0.000111970111902, -0.000106922430859, 0.000160726282047, -1.74062788574e-05, 0.00013717134425], [-7.27537335479e-05, 0.00101654208265, 0.00065475422889, 0.000255066348473, -0.000999243464321, 0.000273181067314, -0.000652086222544, -0.000296139449347, 0.000101466699562, -0.000446772231953, -0.000216424101382, -0.000332155846991, -0.000531502824742], [0.000148126404383, 0.00065475422889, 0.00330643192865, -0.000374867813662, -0.000748621241655, -0.0013266451424, -0.000454307883047, -0.000134829038871, 0.000272388977464, 0.00046867527999, -6.19218963038e-06, -0.000772433646489, 0.000138844072353], [-0.000309148890665, 0.000255066348473, -0.000374867813662, 0.00592300062999, -0.00237449887209, 0.00220095179975, -0.000190509366803, -0.00174821028486, -0.000338465266395, 0.000517470762134, -0.00067551038228, -0.000103546088212, -0.000622506602667], [0.000379574950784, -0.000999243464321, -0.000748621241655, -0.00237449887209, 0.00949504226446, -0.00459563080221, 0.00268246466294, 0.00167491775937, -0.000980503275059, -0.000578454637434, 0.000600096129347, 0.000469385122415, -0.000429722247645], [-0.000438925431808, 0.000273181067314, -0.0013266451424, 0.00220095179975, -0.00459563080221, 0.0104718599468, -0.00341550796293, 0.000215473759454, -0.00144928658847, 0.000884033041075, -0.0002479852119, -0.00140422629192, 0.00118878518697], [0.000236953885178, -0.000652086222544, -0.000454307883047, -0.000190509366803, 0.00268246466294, -0.00341550796293, 0.00947627145797, -0.00558728910983, 0.00279882503673, -0.000156228765263, 2.88106621156e-05, 0.000699166557752, -0.000605098612141], [-6.49460416753e-05, -0.000296139449347, -0.000134829038871, -0.00174821028486, 0.00167491775937, 0.000215473759454, -0.00558728910983, 0.0153682567179, -0.00469219870865, -0.00122966896743, -0.000144681253005, 0.000261197914369, -0.000894934230018], [0.000111970111902, 0.000101466699562, 0.000272388977464, -0.000338465266395, -0.000980503275059, -0.00144928658847, 0.00279882503673, -0.00469219870865, 0.00980939995497, -0.00226011616178, 0.00159592821728, -0.00317539856769, 0.00385973742232], [-0.000106922430859, -0.000446772231953, 0.00046867527999, 0.000517470762134, -0.000578454637434, 0.000884033041075, -0.000156228765263, -0.00122966896743, -0.00226011616178, 0.0117782792076, -0.00469625694677, 0.0051933657378, -0.00251509831287], [0.000160726282047, -0.000216424101382, -6.19218963038e-06, -0.00067551038228, 0.000600096129347, -0.0002479852119, 2.88106621156e-05, -0.000144681253005, 0.00159592821728, -0.00469625694677, 0.0139676500112, -0.00877487100661, 0.00452695507556], [-1.74062788574e-05, -0.000332155846991, -0.000772433646489, -0.000103546088212, 0.000469385122415, -0.00140422629192, 0.000699166557752, 0.000261197914369, -0.00317539856769, 0.0051933657378, -0.00877487100661, 0.0187925174832, -0.00798511598259], [0.00013717134425, -0.000531502824742, 0.000138844072353, -0.000622506602667, -0.000429722247645, 0.00118878518697, -0.000605098612141, -0.000894934230018, 0.00385973742232, -0.00251509831287, 0.00452695507556, -0.00798511598259, 0.0158274862915]], "mean": [-663.728515625, 140.184494019, -27.3250999451, 14.4603347778, -2.8395087719, 11.0250701904, 2.71786093712, 8.24713993073, 1.65079188347, 9.7545747757, 0.431872189045, 2.71574687958, 2.02047514915]}, "pitch_salience": {"dmean": 0.0675659030676, "dmean2": 0.106517203152, "dvar": 0.00347396172583, "dvar2": 0.00825124885887, "max": 0.993375122547, "mean": 0.53171235323, "median": 0.540278851986, "min": 0.049125302583, "var": 0.0155596956611}, "silence_rate_20dB": {"dmean": 0, "dmean2": 0, "dvar": 0, "dvar2": 0, "max": 1, "mean": 1, "median": 1, "min": 1, "var": 0}, "silence_rate_30dB": {"dmean": 0, "dmean2": 0, "dvar": 0, "dvar2": 0, "max": 1, "mean": 1, "median": 1, "min": 1, "var": 0}, "silence_rate_60dB": {"dmean": 0.016572041437, "dmean2": 0.0331491716206, "dvar": 0.0162974391133, "dvar2": 0.0384957157075, "max": 1, "mean": 0.0644369423389, "median": 0, "min": 0, "var": 0.0602830275893}, "spectral_centroid": {"dmean": 226.147262573, "dmean2": 333.5078125, "dvar": 75449.5390625, "dvar2": 152542.859375, "max": 11823.3613281, "mean": 1575.74365234, "median": 1353.2019043, "min": 120.362754822, "var": 2092920.875}, "spectral_complexity": {"dmean": 3.64216661453, "dmean2": 5.186003685, "dvar": 14.7151212692, "dvar2": 25.4183349609, "max": 51, "mean": 19.2687950134, "median": 19, "min": 0, "var": 82.4277648926}, "spectral_contrast_coeffs": {"dmean": [0.0543967671692, 0.0464245639741, 0.0394056811929, 0.0317996256053, 0.0265829842538, 0.0191895514727], "dmean2": [0.0902879908681, 0.0755047351122, 0.0626713261008, 0.0509923174977, 0.0402073524892, 0.030191520229], "dvar": [0.00216332636774, 0.00145085644908, 0.00100544805173, 0.000662371516228, 0.000538483029231, 0.000307615584461], "dvar2": [0.00570016074926, 0.00366478925571, 0.0024528640788, 0.00160510209389, 0.00108746637125, 0.000715931411833], "max": [-0.381936252117, -0.412594944239, -0.446970045567, -0.517690658569, -0.564112126827, -0.594797134399], "mean": [-0.66123020649, -0.727689325809, -0.743626892567, -0.756115138531, -0.768563628197, -0.750481784344], "median": [-0.662507295609, -0.735317707062, -0.750919938087, -0.759675145149, -0.769652962685, -0.747076451778], "min": [-0.978062450886, -0.98765707016, -0.988037645817, -0.982909858227, -0.985376954079, -0.964578211308], "var": [0.00767818186432, 0.00786606967449, 0.0064159152098, 0.00463308254257, 0.00376761541702, 0.00235261349007]}, "spectral_contrast_valleys": {"dmean": [0.428457289934, 0.344090729952, 0.307759046555, 0.283365279436, 0.374905943871, 0.488353967667], "dmean2": [0.701424062252, 0.565721869469, 0.486294448376, 0.414726704359, 0.463549077511, 0.555443882942], "dvar": [0.145997256041, 0.118128754199, 0.10031028837, 0.0886438637972, 0.142195403576, 0.23431019485], "dvar2": [0.343731194735, 0.256734013557, 0.203139081597, 0.15415199101, 0.21938586235, 0.44403091073], "max": [-5.81232786179, -5.27985334396, -5.13391399384, -5.93725252151, -5.66728973389, -8.41256809235], "mean": [-7.88621330261, -7.23310518265, -7.57146263123, -7.8452706337, -8.21430397034, -11.1914405823], "median": [-7.37999868393, -6.73312139511, -7.06946277618, -7.35792922974, -7.7497215271, -10.7854347229], "min": [-28.3628978729, -28.0737533569, -27.7148780823, -27.7146606445, -27.6293640137, -27.3862018585], "var": [8.67035675049, 9.13519668579, 8.81696987152, 8.65347385406, 8.62571144104, 6.5897603035]}, "spectral_decrease": {"dmean": 1.57048241078e-09, "dmean2": 2.18691487142e-09, "dvar": 2.70004076928e-18, "dvar2": 5.04393313557e-18, "max": 1.87128433037e-28, "mean": -6.00276495177e-09, "median": -5.18493248336e-09, "min": -2.51868783607e-08, "var": 1.86981017638e-17}, "spectral_energy": {"dmean": 0.00629615690559, "dmean2": 0.00872448273003, "dvar": 4.32270353485e-05, "dvar2": 7.93997824076e-05, "max": 0.100326359272, "mean": 0.0245620850474, "median": 0.0213640406728, "min": 9.80002634619e-21, "var": 0.000309452676447}, "spectral_energyband_high": {"dmean": 0.000205712960451, "dmean2": 0.000270742893917, "dvar": 1.06396612409e-07, "dvar2": 1.9929225914e-07, "max": 0.00745994551107, "mean": 0.000364998879377, "median": 0.000151368425577, "min": 7.03684324245e-21, "var": 3.1529845046e-07}, "spectral_energyband_low": {"dmean": 0.00319806532934, "dmean2": 0.00432768417522, "dvar": 2.15317231778e-05, "dvar2": 3.80373712687e-05, "max": 0.0868205279112, "mean": 0.00664867367595, "median": 0.00303695909679, "min": 1.18637659283e-23, "var": 0.000104469887447}, "spectral_energyband_middle_high": {"dmean": 0.00284369033761, "dmean2": 0.00404069572687, "dvar": 1.45009817061e-05, "dvar2": 2.88467072096e-05, "max": 0.0772787109017, "mean": 0.00909807626158, "median": 0.0058329757303, "min": 1.23092341038e-21, "var": 9.31184913497e-05}, "spectral_energyband_middle_low": {"dmean": 0.00327135692351, "dmean2": 0.00509567512199, "dvar": 1.75262539415e-05, "dvar2": 4.19235511799e-05, "max": 0.0513688623905, "mean": 0.00902679935098, "median": 0.00692605692893, "min": 1.42811061634e-22, "var": 6.34399184491e-05}, "spectral_entropy": {"dmean": 0.190101310611, "dmean2": 0.23964497447, "dvar": 0.0314649902284, "dvar2": 0.0515508204699, "max": 9.82498264313, "mean": 7.44692230225, "median": 7.4170165062, "min": 5.00360965729, "var": 0.261096686125}, "spectral_flux": {"dmean": 0.0205885004252, "dmean2": 0.0322587937117, "dvar": 0.000408477237215, "dvar2": 0.000924636144191, "max": 0.251581192017, "mean": 0.0762866586447, "median": 0.0732410848141, "min": 6.31410132512e-11, "var": 0.00138809008058}, "spectral_kurtosis": {"dmean": 2.80504393578, "dmean2": 4.62178516388, "dvar": 10.765794754, "dvar2": 26.738237381, "max": 71.4796218872, "mean": 5.89861011505, "median": 4.76414680481, "min": -1.2924478054, "var": 20.4330291748}, "spectral_rms": {"dmean": 0.000638344383333, "dmean2": 0.000871435855515, "dvar": 3.79874933287e-07, "dvar2": 6.58744681914e-07, "max": 0.00989340059459, "mean": 0.00450528459623, "median": 0.00456540985033, "min": 3.09208691637e-12, "var": 3.66538733942e-06}, "spectral_rolloff": {"dmean": 311.85647583, "dmean2": 511.374084473, "dvar": 272778.03125, "dvar2": 553346.25, "max": 19573.6816406, "mean": 1835.71191406, "median": 1421.19140625, "min": 64.599609375, "var": 6528732}, "spectral_skewness": {"dmean": 0.304383128881, "dmean2": 0.473742395639, "dvar": 0.0882688313723, "dvar2": 0.207530334592, "max": 6.39968633652, "mean": 1.59330320358, "median": 1.53829789162, "min": -0.100552722812, "var": 0.307836443186}, "spectral_spread": {"dmean": 471682.15625, "dmean2": 641277.4375, "dvar": 622618607616, "dvar2": 1238917316610.0, "max": 43727468, "mean": 399