{"lowlevel": {"average_loudness": 0.802016437054, "barkbands": {"dmean": [0.000429646694101, 0.00209361454472, 0.00244591501541, 0.00177712074947, 0.00136400538031, 0.000259352149442, 0.000234581035329, 0.000372648617486, 0.00103340018541, 0.000835780694615, 0.000553870224394, 0.000427775928983, 0.000219753303099, 0.000335056858603, 0.000507997232489, 0.000416906870669, 0.000247719348408, 0.000190999024198, 0.000150003252202, 0.000170549770701, 0.000107644962554, 0.00014072463091, 0.000176729532541, 0.000263710739091, 0.000260674423771, 4.05286409659e-05, 1.38263078497e-06], "dmean2": [0.000668008928187, 0.00347531493753, 0.00404807645828, 0.00304617057554, 0.00229182257317, 0.000404195510782, 0.000373129325453, 0.000603332708124, 0.00162717781495, 0.00131354376208, 0.000881030864548, 0.000655290088616, 0.000345140142599, 0.000527822994627, 0.000805045245215, 0.000645432213787, 0.000388798711356, 0.00030017318204, 0.000233861297602, 0.000261398294242, 0.000163930773851, 0.000208064389881, 0.000256255239947, 0.00039981646114, 0.000411448359955, 6.53603638057e-05, 2.28244903155e-06], "dvar": [9.91608089862e-07, 1.24402586152e-05, 1.69156501215e-05, 9.9589697129e-06, 6.44549254503e-06, 4.01187520538e-07, 8.21887795155e-07, 2.54750239037e-06, 1.64040375239e-05, 1.41752989293e-05, 8.39606946101e-06, 2.59308762907e-06, 7.86503392192e-07, 1.42831913763e-06, 3.52813253812e-06, 1.60173829045e-06, 3.167988325e-07, 1.50950711486e-07, 6.91187693747e-08, 7.17268591188e-08, 4.08209466229e-08, 9.58435819598e-08, 1.65766451232e-07, 2.61633744003e-07, 2.57353065081e-07, 8.4357587582e-09, 1.31087198388e-11], "dvar2": [2.07163270716e-06, 3.28329879267e-05, 4.21084805566e-05, 2.75365782727e-05, 1.72376221599e-05, 8.92240677786e-07, 1.88585329397e-06, 6.23067080596e-06, 3.81328536605e-05, 3.33910684276e-05, 1.94884505618e-05, 5.61371416552e-06, 1.7730401396e-06, 3.30117563863e-06, 8.30073986435e-06, 3.64045399692e-06, 7.92248329162e-07, 3.72981418195e-07, 1.61692668144e-07, 1.66553647318e-07, 9.29372134806e-08, 1.94753624783e-07, 3.21156164773e-07, 5.75165074679e-07, 6.03057117132e-07, 2.12588151527e-08, 3.32379609946e-11], "max": [0.0207206252962, 0.0659185945988, 0.0560031309724, 0.0495352558792, 0.0398299358785, 0.0229039750993, 0.0314545370638, 0.0595434643328, 0.0983761399984, 0.11269851774, 0.0814252346754, 0.0636335164309, 0.0323731005192, 0.0320451632142, 0.0674527287483, 0.056256365031, 0.0162991508842, 0.00681468145922, 0.00721734762192, 0.00486805289984, 0.00461680674925, 0.00970774516463, 0.00985553208739, 0.0117770498618, 0.00865736044943, 0.00232842518017, 8.5696025053e-05], "mean": [0.000517656211741, 0.00343904481269, 0.00526109104976, 0.00292246625759, 0.00210108584724, 0.000390962464735, 0.000348410743754, 0.00047102177632, 0.00142769212835, 0.00115882349201, 0.000756319437642, 0.000688222993631, 0.000291611504508, 0.000491840939503, 0.000769128731918, 0.000666539242957, 0.000447306985734, 0.000357707758667, 0.000310203962727, 0.000365246000001, 0.000222504895646, 0.0002650488168, 0.000294564320939, 0.000350856600562, 0.000279300031252, 3.94462913391e-05, 1.33194669161e-06], "median": [9.58299206104e-05, 0.00196658167988, 0.00215722806752, 0.00130472134333, 0.000945201725699, 0.000103125101305, 6.90104498062e-05, 7.38402304705e-05, 0.000145747020724, 0.000132694054628, 6.57209311612e-05, 0.000120236189105, 6.56515621813e-05, 0.000114473987196, 0.0002304133086, 0.000226092088269, 0.000181416166015, 0.000157730013598, 0.000152967913891, 0.000190326856682, 0.000103352271253, 0.000111922825454, 0.000112462832476, 0.000114133930765, 7.11666216375e-05, 8.14181294118e-06, 2.76047899206e-07], "min": [1.21984111701e-09, 6.56365239937e-10, 6.77974759666e-11, 1.94245869389e-11, 7.24894311244e-11, 2.18521433587e-11, 1.71593312476e-11, 1.35991313696e-11, 1.19873113172e-11, 1.78247729077e-11, 3.79047010793e-12, 6.70538624625e-12, 3.88057121159e-12, 4.26149263447e-12, 7.2326775645e-12, 5.20051753397e-12, 6.02296251068e-12, 5.42273517756e-12, 6.39913165859e-12, 4.24921686379e-12, 7.96795875807e-12, 7.60068223638e-12, 9.20369423035e-12, 5.71585313802e-12, 2.01443896286e-11, 2.00077888285e-11, 4.94187503419e-11], "var": [1.54757913151e-06, 2.14621086343e-05, 5.69707299292e-05, 1.74482411239e-05, 9.29532234295e-06, 8.37309187318e-07, 1.69081704371e-06, 3.48933099303e-06, 2.95143763651e-05, 2.40136305365e-05, 1.45644662553e-05, 5.70998236071e-06, 1.23358745441e-06, 2.73195541922e-06, 4.91259515911e-06, 2.69519728135e-06, 6.3624241875e-07, 3.43707483808e-07, 1.89288655861e-07, 2.26827310712e-07, 1.12617428272e-07, 2.52144644719e-07, 4.22966053293e-07, 4.46182838232e-07, 2.9726760431e-07, 7.53947393406e-09, 1.17322870169e-11]}, "barkbands_crest": {"dmean": 2.5416226387, "dmean2": 4.10938882828, "dvar": 5.31175804138, "dvar2": 13.2180223465, "max": 26.5774898529, "mean": 10.0538654327, "median": 9.31236076355, "min": 2.49033808708, "var": 17.6026878357}, "barkbands_flatness_db": {"dmean": 0.0226966571063, "dmean2": 0.034062307328, "dvar": 0.000417265662691, "dvar2": 0.00090030656429, "max": 0.344544827938, "mean": 0.11694008112, "median": 0.111134946346, "min": 0.0242423284799, "var": 0.00186217646115}, "barkbands_kurtosis": {"dmean": 3.00484895706, "dmean2": 4.7231426239, "dvar": 37.9717330933, "dvar2": 92.0114593506, "max": 193.076187134, "mean": 3.82439422607, "median": 0.627782762051, "min": -1.91548264027, "var": 132.22795105}, "barkbands_skewness": {"dmean": 0.62705552578, "dmean2": 0.946549355984, "dvar": 0.412228167057, "dvar2": 0.885990619659, "max": 13.6127414703, "mean": 1.41350924969, "median": 1.16300773621, "min": -3.13432979584, "var": 2.3362903595}, "barkbands_spread": {"dmean": 10.121175766, "dmean2": 15.4581155777, "dvar": 123.164970398, "dvar2": 274.249603271, "max": 104.853652954, "mean": 33.5883750916, "median": 30.4330291748, "min": 1.2569873333, "var": 353.625396729}, "dissonance": {"dmean": 0.0124028427526, "dmean2": 0.0206133108586, "dvar": 0.000233616578043, "dvar2": 0.000610024144407, "max": 0.499999970198, "mean": 0.476633578539, "median": 0.483697026968, "min": 0.299632638693, "var": 0.000498734880239}, "dynamic_complexity": 5.27887868881, "erbbands": {"dmean": [0.0778762698174, 0.457610577345, 2.25420427322, 4.56409502029, 5.49746990204, 4.72740602493, 2.63627552986, 2.0254945755, 2.7510342598, 4.68789196014, 10.5385322571, 20.6128330231, 26.3139533997, 25.4165229797, 19.4825057983, 16.0180473328, 9.800822258, 14.584356308, 23.4538497925, 25.5193805695, 18.7413253784, 12.7060174942, 10.3523511887, 7.48506402969, 8.37837982178, 7.5334186554, 4.28831720352, 4.59275436401, 4.96149396896, 5.39598321915, 5.07826042175, 4.9301776886, 4.84373235703, 3.38388395309, 1.59274435043, 0.359567552805, 0.0416655577719, 0.00366777740419, 0.000266352144536, 2.37785752688e-05], "dmean2": [0.129276499152, 0.762898921967, 3.73086476326, 7.7866101265, 9.41917800903, 7.96322488785, 4.19502830505, 3.18414664268, 4.30754137039, 7.39964532852, 16.9361839294, 32.1027565002, 41.221660614, 40.1357727051, 30.5274868011, 24.6224842072, 15.1215362549, 22.6345424652, 37.1725349426, 39.86485672, 28.5592212677, 19.615901947, 16.1111049652, 11.7179832458, 12.9743261337, 11.5210123062, 6.60779571533, 6.86525726318, 7.37277126312, 7.90943336487, 7.45384216309, 7.39255523682, 7.4448723793, 5.34277582169, 2.53782463074, 0.576844155788, 0.0664799585938, 0.00590260047466, 0.000431402295362, 3.70748348359e-05], "dvar": [0.0200269464403, 0.60871809721, 13.7618703842, 57.0413093567, 99.048210144, 90.5142364502, 28.5146102905, 35.2463684082, 135.123687744, 234.699661255, 2195.66821289, 7592.34863281, 13434.0634766, 12924.0390625, 8818.45214844, 2886.17285156, 1401.5177002, 2358.33105469, 8149.69189453, 6877.49951172, 2462.99243164, 663.53326416, 483.454376221, 184.316314697, 202.158721924, 142.71836853, 71.9547653198, 75.9697418213, 106.718460083, 188.515029907, 143.690963745, 89.0561676025, 91.7747955322, 42.990486145, 10.9059123993, 0.626799046993, 0.00811649579555, 7.89260375313e-05, 4.09636470522e-07, 1.76160919185e-09], "dvar2": [0.0522996224463, 1.61635506153, 33.9797058105, 156.965606689, 267.949676514, 237.651779175, 64.4896316528, 78.5785751343, 317.510284424, 565.131958008, 5440.06835938, 17707.3867188, 30755.0820313, 30883.5273438, 21214.7988281, 6562.41943359, 3123.1027832, 5375.63867188, 20145.2714844, 16181.953125, 5187.4140625, 1569.02648926, 1196.16918945, 439.792449951, 460.427124023, 336.29107666, 170.038406372, 166.148574829, 224.453964233, 393.45892334, 288.282318115, 185.000778198, 209.113845825, 98.89012146, 26.4738483429, 1.55548250675, 0.0198420044035, 0.000199060770683, 1.01662180896e-06, 4.23127044513e-09], "max": [2.01895546913, 15.0978860855, 55.541721344, 109.721557617, 131.371688843, 180.555328369, 149.122528076, 233.762359619, 365.419067383, 493.404388428, 1606.57519531, 2733.38891602, 3851.92895508, 3344.77685547, 2740.24511719, 1717.59387207, 1553.47167969, 1213.01049805, 3050.49389648, 3780.1484375, 1836.64245605, 594.002197266, 434.857879639, 328.666351318, 501.757843018, 244.54675293, 250.774353027, 201.023651123, 338.466308594, 424.640899658, 331.023498535, 215.573226929, 208.174240112, 148.747177124, 38.9500656128, 17.8970050812, 1.65445375443, 0.247478201985, 0.0117816319689, 0.000738381408155], "mean": [0.105276629329, 0.807756662369, 4.86826848984, 9.13460159302, 8.43084335327, 6.9788184166, 4.13597488403, 3.0465593338, 4.03936004639, 6.76207685471, 13.7341060638, 29.2737045288, 39.5840568542, 37.2207183838, 29.9769802094, 26.9621582031, 14.8360671997, 22.4762763977, 36.050907135, 40.9626426697, 33.968837738, 25.3903064728, 20.2371845245, 16.3060932159, 17.746181488, 16.3131408691, 9.17260932922, 9.47158908844, 9.21845245361, 9.44502925873, 8.31560516357, 7.09860134125, 5.95598363876, 3.74580192566, 1.62284362316, 0.358330130577, 0.0411433391273, 0.00356019428, 0.00027642826899, 4.87820980197e-05], "median": [0.0428024753928, 0.500168681145, 2.33638238907, 5.27555656433, 3.95451211929, 2.7212562561, 1.5407166481, 0.761300861835, 0.825028657913, 1.51766717434, 2.3237593174, 3.38092851639, 4.52846908569, 4.53392505646, 3.67113375664, 5.27846717834, 4.05826759338, 5.61749839783, 10.3931827545, 12.6224145889, 13.1626758575, 11.0017166138, 8.81879425049, 7.76769828796, 9.51795578003, 8.54824066162, 4.5207157135, 4.225938797, 4.0675535202, 3.5642015934, 3.13999819756, 2.53339338303, 1.72873234749, 1.01189112663, 0.375915020704, 0.076476611197, 0.00852691940963, 0.000683603808284, 7.47689919081e-05, 3.80900673917e-05], "min": [5.64615909582e-08, 9.97639730826e-08, 6.69558346544e-08, 1.91427361074e-07, 1.44847106753e-07, 2.51480031466e-07, 1.37805741929e-07, 1.92841724811e-07, 1.98221414394e-07, 2.11227387581e-07, 3.05379103338e-07, 2.73100681625e-07, 3.50601567334e-07, 5.41055442227e-07, 3.4403689142e-07, 3.38356386465e-07, 1.83646406526e-07, 2.12932278032e-07, 4.62863994244e-07, 2.5760161293e-07, 3.13362022553e-07, 3.75560148314e-07, 3.13659768381e-07, 2.98831082546e-07, 2.78306629298e-07, 2.53392727245e-07, 2.02111735348e-07, 3.92536406935e-07, 2.38921558093e-07, 2.22829370955e-07, 2.74626444252e-07, 1.42643372669e-07, 1.16149955431e-07, 1.67046280808e-07, 1.58862860644e-07, 9.03223593696e-08, 3.46289645847e-08, 1.66500839782e-08, 6.39815533887e-09, 7.86470610858e-10], "var": [0.028570279479, 1.08706247807, 44.3043022156, 122.829452515, 142.311340332, 141.112380981, 62.128704071, 70.1815032959, 237.577392578, 428.767272949, 2856.00024414, 14494.4941406, 26500.4433594, 22526.8320313, 15856.1660156, 6599.58789063, 2446.60327148, 5014.78320313, 10678.4912109, 14002.6933594, 5685.03613281, 1744.34924316, 1142.7277832, 524.808898926, 583.532653809, 453.225494385, 180.432113647, 219.443237305, 276.200134277, 462.816436768, 332.831451416, 182.013168335, 136.034423828, 54.6177139282, 10.9873485565, 0.582958757877, 0.00780213903636, 7.00739910826e-05, 3.93195932702e-07, 2.67244448793e-09]}, "erbbands_crest": {"dmean": 2.63321971893, "dmean2": 4.22566127777, "dvar": 7.55335044861, "dvar2": 18.0640144348, "max": 31.9759635925, "mean": 8.46567249298, "median": 7.14105796814, "min": 2.29981780052, "var": 21.1886348724}, "erbbands_flatness_db": {"dmean": 0.0190302636474, "dmean2": 0.0272964052856, "dvar": 0.000321027211612, "dvar2": 0.000631764123682, "max": 0.351677834988, "mean": 0.139335721731, "median": 0.13420496881, "min": 0.0243452899158, "var": 0.00151527801063}, "erbbands_kurtosis": {"dmean": 1.08450138569, "dmean2": 1.69624304771, "dvar": 3.35566544533, "dvar2": 8.00724506378, "max": 41.9636192322, "mean": 0.667189478874, "median": 0.0188250802457, "min": -1.75680530071, "var": 6.7071352005}, "erbbands_skewness": {"dmean": 0.384936839342, "dmean2": 0.583321690559, "dvar": 0.149802684784, "dvar2": 0.337272554636, "max": 5.795170784, "mean": -0.231843009591, "median": -0.323716461658, "min": -4.15220499039, "var": 0.676871180534}, "erbbands_spread": {"dmean": 11.8513126373, "dmean2": 18.1488704681, "dvar": 150.430236816, "dvar2": 337.540588379, "max": 155.188949585, "mean": 48.7320480347, "median": 45.0078849792, "min": 2.48114395142, "var": 601.985046387}, "gfcc": {"cov": [[13989.6328125, -342.660766602, -221.178085327, 1004.70343018, -892.821411133, 664.048034668, -40.4197387695, 474.790527344, 33.8865432739, 282.805084229, 16.2184333801, 98.2824172974, 203.897720337], [-342.660766602, 1198.92614746, -189.475326538, -69.5057678223, 179.830444336, -172.134521484, 248.736343384, -36.1846885681, 150.053527832, -63.5950164795, 60.3134841919, -76.7878341675, 39.2467575073], [-221.178085327, -189.475326538, 645.523681641, 196.012863159, 4.02909421921, 115.315071106, -37.9620170593, 72.102432251, 5.90884637833, 59.0194511414, -9.0324754715, 5.71894168854, -15.6592617035], [1004.70343018, -69.5057678223, 196.012863159, 532.080810547, -3.04789614677, 61.9169235229, 8.77637958527, 51.0867271423, 74.1570281982, 49.955581665, 25.6047744751, -5.73495769501, 44.0637359619], [-892.821411133, 179.830444336, 4.02909421921, -3.04789614677, 261.014770508, -15.8370227814, 29.3622779846, -16.0701503754, 8.64892101288, -27.446231842, -12.2348470688, -27.4724807739, -2.03134870529], [664.048034668, -172.134521484, 115.315071106, 61.9169235229, -15.8370227814, 256.395599365, 66.5192184448, 57.239982605, -38.7194976807, 12.3606414795, -0.0316665396094, 17.3640460968, 5.33800458908], [-40.4197387695, 248.736343384, -37.9620170593, 8.77637958527, 29.3622779846, 66.5192184448, 297.570953369, 68.5051345825, 38.1460876465, -5.70217132568, 25.1111984253, -15.5077791214, 16.8239326477], [474.790527344, -36.1846885681, 72.102432251, 51.0867271423, -16.0701503754, 57.239982605, 68.5051345825, 147.859329224, 45.5042572021, 33.4138641357, -3.92247438431, 1.82071864605, 16.7242584229], [33.8865432739, 150.053527832, 5.90884637833, 74.1570281982, 8.64892101288, -38.7194976807, 38.1460876465, 45.5042572021, 154.882904053, 45.5067749023, 17.4293251038, -2.95697951317, 17.015335083], [282.805084229, -63.5950164795, 59.0194511414, 49.955581665, -27.446231842, 12.3606414795, -5.70217132568, 33.4138641357, 45.5067749023, 100.379844666, 30.5219326019, 7.71010971069, 4.57482433319], [16.2184333801, 60.3134841919, -9.0324754715, 25.6047744751, -12.2348470688, -0.0316665396094, 25.1111984253, -3.92247438431, 17.4293251038, 30.5219326019, 79.7305526733, 32.0519599915, 8.43831443787], [98.2824172974, -76.7878341675, 5.71894168854, -5.73495769501, -27.4724807739, 17.3640460968, -15.5077791214, 1.82071864605, -2.95697951317, 7.71010971069, 32.0519599915, 87.5045852661, 29.9082965851], [203.897720337, 39.2467575073, -15.6592617035, 44.0637359619, -2.03134870529, 5.33800458908, 16.8239326477, 16.7242584229, 17.015335083, 4.57482433319, 8.43831443787, 29.9082965851, 71.5209350586]], "icov": [[0.000257696345216, -0.000516198226251, 0.000503975723404, -0.000647943874355, 0.000917652680073, -0.000811042147689, 0.000610568793491, -0.000849201227538, 0.000717550807167, -0.000926390406676, 0.000901847321074, -0.000538058229722, 0.000206830052775], [-0.000516198226251, 0.00316983880475, -0.00117965578102, 0.00186843832489, -0.00261109787971, 0.00257417699322, -0.00261279311962, 0.0025710882619, -0.00345271709375, 0.0039383280091, -0.00446484982967, 0.00369931361638, -0.00238079484552], [0.000503975723404, -0.00117965578102, 0.00312676420435, -0.00205361098051, 0.00154446915258, -0.00228490470909, 0.0017211016966, -0.00248451041989, 0.00188127276488, -0.00295566045679, 0.00267453864217, -0.00190729496535, 0.00177440815605], [-0.000647943874355, 0.00186843832489, -0.00205361098051, 0.00439486512914, -0.00241371826269, 0.00164691498503, -0.00150033575483, 0.00240404508077, -0.00348210032098, 0.00300672277808, -0.00421847542748, 0.00361617584713, -0.00311446865089], [0.000917652680073, -0.00261109787971, 0.00154446915258, -0.00241371826269, 0.00776470266283, -0.0031268785242, 0.00224434048869, -0.0026501591783, 0.00267261802219, -0.00281205261126, 0.00410941755399, -0.00154187146109, 0.000891589210369], [-0.000811042147689, 0.00257417699322, -0.00228490470909, 0.00164691498503, -0.0031268785242, 0.00860936474055, -0.00407308526337, 0.00150505814236, -0.000518338987604, 0.00290935463272, -0.00305189774372, 0.00114268204197, -0.000921055616345], [0.000610568793491, -0.00261279311962, 0.0017211016966, -0.00150033575483, 0.00224434048869, -0.00407308526337, 0.00728575186804, -0.00471760658547, 0.00180465448648, -0.00155785505194, 0.000704249599949, -0.000539731991012, 0.000564257323276], [-0.000849201227538, 0.0025710882619, -0.00248451041989, 0.00240404508077, -0.0026501591783, 0.00150505814236, -0.00471760658547, 0.0134782772511, -0.00557583058253, 0.00141661555972, -0.00103932770435, 0.00232749781571, -0.00285935681313], [0.000717550807167, -0.00345271709375, 0.00188127276488, -0.00348210032098, 0.00267261802219, -0.000518338987604, 0.00180465448648, -0.00557583058253, 0.0137810315937, -0.00836397707462, 0.00498972181231, -0.00403395481408, 0.00175472500268], [-0.000926390406676, 0.0039383280091, -0.00295566045679, 0.00300672277808, -0.00281205261126, 0.00290935463272, -0.00155785505194, 0.00141661555972, -0.00836397707462, 0.0208215210587, -0.0124285444617, 0.00654539838433, -0.0028942336794], [0.000901847321074, -0.00446484982967, 0.00267453864217, -0.00421847542748, 0.00410941755399, -0.00305189774372, 0.000704249599949, -0.00103932770435, 0.00498972181231, -0.0124285444617, 0.0263057071716, -0.0136608043686, 0.00570230232552], [-0.000538058229722, 0.00369931361638, -0.00190729496535, 0.00361617584713, -0.00154187146109, 0.00114268204197, -0.000539731991012, 0.00232749781571, -0.00403395481408, 0.00654539838433, -0.0136608043686, 0.02286946401, -0.0110985795036], [0.000206830052775, -0.00238079484552, 0.00177440815605, -0.00311446865089, 0.000891589210369, -0.000921055616345, 0.000564257323276, -0.00285935681313, 0.00175472500268, -0.0028942336794, 0.00570230232552, -0.0110985795036, 0.0213720332831]], "mean": [-19.0795555115, 61.0971336365, -114.811439514, 51.7807807922, -48.7417602539, 32.2365760803, -42.5736541748, 13.2395009995, -28.8571605682, -9.15142154694, -25.2912139893, -11.0096378326, -10.3094854355]}, "hfc": {"dmean": 10.2270116806, "dmean2": 14.7160663605, "dvar": 214.029205322, "dvar2": 447.566040039, "max": 275.706939697, "mean": 25.7189426422, "median": 17.8254108429, "min": 2.28582121053e-06, "var": 687.455871582}, "melbands": {"dmean": [0.000614394666627, 0.000930039095692, 0.000786047196016, 0.000351257884176, 0.00011155242828, 4.52177337138e-05, 4.37936687376e-05, 5.31243531441e-05, 9.48473243625e-05, 0.000143308279803, 0.000133622961584, 0.000106712912384, 7.52732521505e-05, 5.18215711054e-05, 2.97670685541e-05, 2.32286420214e-05, 2.87703078357e-05, 3.81084391847e-05, 3.77774413209e-05, 3.14818898914e-05, 2.25780240726e-05, 1.48283443195e-05, 1.38975337904e-05, 7.96806489234e-06, 6.45221007289e-06, 5.99514669375e-06, 7.69387497712e-06, 4.91141372549e-06, 2.88123032988e-06, 2.93256016448e-06, 2.79627624877e-06, 2.8375338843e-06, 3.09415258926e-06, 3.18324282489e-06, 3.04192258227e-06, 3.04188324662e-06, 3.13631312565e-06, 3.51123321707e-06, 3.21533957504e-06, 2.83535973722e-06], "dmean2": [0.00101443426684, 0.00153585511725, 0.00133717490826, 0.000597751350142, 0.000179039489012, 7.09347223165e-05, 6.86435305397e-05, 8.3982180513e-05, 0.000151879852638, 0.000223443596042, 0.000209361998714, 0.000168628495885, 0.000119098309369, 7.88788456703e-05, 4.61150375486e-05, 3.66995300283e-05, 4.52653912362e-05, 6.07085930824e-05, 5.96619356656e-05, 4.9355054216e-05, 3.50146474375e-05, 2.34646122408e-05, 2.19181474677e-05, 1.24900316223e-05, 1.02738467831e-05, 9.44344628806e-06, 1.21521879919e-05, 7.66271296015e-06, 4.55659619547e-06, 4.55903364127e-06, 4.23821529694e-06, 4.3171858124e-06, 4.66395886178e-06, 4.71909015687e-06, 4.53434813608e-06, 4.53326356364e-06, 4.80410153614e-06, 5.47766103409e-06, 5.0231806199e-06, 4.5443352974e-06], "dvar": [1.14037254662e-06, 2.25160283662e-06, 1.66959466696e-06, 4.31935603729e-07, 4.54329978083e-08, 1.62778803769e-08, 3.24067670476e-08, 2.9398625756e-08, 1.82687585948e-07, 3.44759030213e-07, 3.48985679466e-07, 2.37198477748e-07, 1.49537967786e-07, 4.5374758173e-08, 1.18157235107e-08, 7.67541941116e-09, 9.83064385451e-09, 2.16672795261e-08, 2.08681978364e-08, 1.06958664148e-08, 3.69442987314e-09, 1.08551501121e-09, 8.00909338849e-10, 3.07569608671e-10, 1.4319628816e-10, 1.12878366376e-10, 1.73208114518e-10, 6.83437334503e-11, 3.85977014239e-11, 3.25574012194e-11, 2.96686945844e-11, 3.46646600313e-11, 5.77838506211e-11, 6.59935717184e-11, 5.94918211916e-11, 3.75276407172e-11, 3.88907447912e-11, 5.14341971791e-11, 3.98076745178e-11, 3.23886716058e-11], "dvar2": [2.96458779303e-06, 5.59849559068e-06, 4.56204816146e-06, 1.16657804483e-06, 1.07759447587e-07, 3.64361376626e-08, 7.55784981266e-08, 7.03605493868e-08, 4.54895598523e-07, 8.03762134183e-07, 8.0470431385e-07, 5.69036956222e-07, 3.50195364263e-07, 9.67936344409e-08, 2.82496710469e-08, 1.77344201546e-08, 2.23001226374e-08, 5.44145137837e-08, 4.92965313015e-08, 2.46654856539e-08, 7.86695419919e-09, 2.6932052144e-09, 2.020606793e-09, 7.42432948453e-10, 3.48093637248e-10, 2.77312062202e-10, 4.12999051624e-10, 1.62080224242e-10, 9.34985908141e-11, 7.67240160293e-11, 6.59763424449e-11, 7.61687588002e-11, 1.26323090877e-10, 1.39125821974e-10, 1.24178653471e-10, 7.55936979679e-11, 8.68645433361e-11, 1.20188178854e-10, 9.05643962601e-11, 7.70997987676e-11], "max": [0.0168866179883, 0.0201072003692, 0.0175099372864, 0.0099774254486, 0.00460685277358, 0.00512538803741, 0.00608735578135, 0.00468515185639, 0.0120085235685, 0.0166025087237, 0.0199269149452, 0.0145418047905, 0.011656855233, 0.0093647306785, 0.00306039396673, 0.00267741782591, 0.00256001856178, 0.00497652217746, 0.00534887658432, 0.00490732397884, 0.00190438632853, 0.000836761610117, 0.000531800382305, 0.000435523601482, 0.000289438001346, 0.00026377858012, 0.000311944429995, 0.000208307450521, 0.000206987664569, 0.000121663309983, 0.000144028992509, 0.000174230779521, 0.000218526300159, 0.000241452216869, 0.000210468613659, 0.000182360759936, 0.000138085189974, 0.000147475671838, 0.000170044528204, 0.000116243463708], "mean": [0.000954716175329, 0.00207838858478, 0.00160818384029, 0.000541760760825, 0.000178104877705, 6.84145124978e-05, 6.5226231527e-05, 7.54761204007e-05, 0.000120866665384, 0.000200417503947, 0.000196320135728, 0.000150419553393, 0.000107168438262, 8.18322005216e-05, 4.53661268693e-05, 3.130326877e-05, 4.20325632149e-05, 5.56878585485e-05, 5.62339700991e-05, 4.87552460982e-05, 3.82986072509e-05, 2.60440483544e-05, 2.37655513047e-05, 1.44055229612e-05, 1.30176040329e-05, 1.15402908705e-05, 1.47131895574e-05, 9.81096491159e-06, 5.53812697035e-06, 5.63563298783e-06, 5.35602657692e-06, 4.97152586831e-06, 5.36086508873e-06, 5.25388031747e-06, 4.84461224914e-06, 4.49943945569e-06, 4.22605035055e-06, 4.24613790528e-06, 3.69206668438e-06, 3.02750936498e-06], "median": [0.000501134200022, 0.00117715727538, 0.000995147041976, 0.000246096344199, 6.74309994793e-05, 1.6591122403e-05, 1.30123426061e-05, 1.57266604219e-05, 1.75972709258e-05, 2.05358301173e-05, 1.95330867427e-05, 1.69204358826e-05, 1.03484489955e-05, 1.31529995997e-05, 1.10247337943e-05, 7.59746444601e-06, 9.21438368096e-06, 1.42694289025e-05, 1.67838315974e-05, 1.37775114126e-05, 1.48640983753e-05, 1.05454619188e-05, 9.75622788246e-06, 5.85809584663e-06, 5.77383525524e-06, 5.61972683499e-06, 7.41721214581e-06, 4.76055356557e-06, 2.50466382568e-06, 2.36836422118e-06, 2.29780198424e-06, 2.14000783672e-06, 1.99985197469e-06, 1.92505171981e-06, 1.81122322829e-06, 1.60175477504e-06, 1.38620066537e-06, 1.19233891382e-06, 1.00363558886e-06, 7.84197823123e-07], "min": [4.96497232216e-10, 5.23179277678e-11, 3.14996674577e-11, 1.74779999501e-11, 5.73230091866e-12, 4.01365529354e-12, 2.94700266794e-12, 2.56214320593e-12, 2.45712044461e-12, 1.77514285823e-12, 1.71133994562e-12, 2.19639714402e-12, 8.98800565224e-13, 8.22709196775e-13, 6.01161210655e-13, 3.36662636788e-13, 3.25427239409e-13, 4.11930526582e-13, 4.78575837813e-13, 2.57122529648e-13, 3.64043159767e-13, 2.60928567164e-13, 2.73833879834e-13, 3.17997608497e-13, 2.26009356087e-13, 2.37099565242e-13, 1.27067884752e-13, 1.87774830949e-13, 6.91502858121e-14, 2.71969973669e-13, 1.96599586112e-13, 1.43626321773e-13, 1.40489236997e-13, 1.05933619895e-13, 1.35038857809e-13, 1.68736064617e-13, 6.10043699584e-14, 6.51040500807e-14, 1.06848076665e-13, 1.58549958102e-13], "var": [1.86203067187e-06, 6.8077861215e-06, 3.37298820341e-06, 5.91930472638e-07, 9.68805125012e-08, 3.33056746626e-08, 6.02631331503e-08, 5.06175545922e-08, 2.30491281172e-07, 6.41039662241e-07, 6.82041616074e-07, 4.05856553698e-07, 2.65225111207e-07, 9.80231362746e-08, 2.21312017601e-08, 1.19106138285e-08, 2.08737418461e-08, 2.89559398681e-08, 2.82367054183e-08, 1.97132479229e-08, 8.08043587597e-09, 2.21205387341e-09, 1.68647362742e-09, 6.57985166352e-10, 3.73932690367e-10, 2.69927497021e-10, 4.30472268942e-10, 1.89900623004e-10, 8.15853912206e-11, 8.19766338145e-11, 7.66075675118e-11, 8.10505412785e-11, 1.30613783678e-10, 1.57011195712e-10, 1.26163746117e-10, 8.19284223796e-11, 6.77844516628e-11, 7.21803311565e-11, 5.50466026927e-11, 3.74013424398e-11]}, "melbands_crest": {"dmean": 3.39649868011, "dmean2": 5.54621124268, "dvar": 9.25151920319, "dvar2": 23.2888755798, "max": 38.7835617065, "mean": 15.9343929291, "median": 15.4355268478, "min": 2.93858671188, "var": 30.0729637146}, "melbands_flatness_db": {"dmean": 0.0302584953606, "dmean2": 0.0447397977114, "dvar": 0.000745427212678, "dvar2": 0.00157604983542, "max": 0.446287810802, "mean": 0.176855906844, "median": 0.174020215869, "min": 0.0175570752472, "var": 0.00402272166684}, "melbands_kurtosis": {"dmean": 9.43867301941, "dmean2": 14.8638830185, "dvar": 251.137115479, "dvar2": 601.000854492, "max": 305.484436035, "mean": 18.6541461945, "median": 8.14117050171, "min": -1.82159054279, "var": 774.452575684}, "melbands_skewness": {"dmean": 0.904333472252, "dmean2": 1.38801312447, "dvar": 0.904618024826, "dvar2": 1.96890056133, "max": 16.5064220428, "mean": 3.22190690041, "median": 2.79702186584, "min": -1.30182802677, "var": 5.30429649353}, "melbands_spread": {"dmean": 13.1467885971, "dmean2": 20.1956920624, "dvar": 387.280822754, "dvar2": 823.426879883, "max": 250.454147339, "mean": 35.1501846313, "median": 27.3762550354, "min": 0.822916030884, "var": 931.957458496}, "mfcc": {"cov": [[12193.4628906, -509.700195313, 441.906829834, 421.298400879, -247.849777222, 79.9570465088, 42.4715538025, 196.623168945, 258.525543213, 254.965927124, 84.4572372437, 18.785943985, 2.11519598961], [-509.700195313, 1114.46325684, -300.570129395, 14.0085535049, -69.9656906128, -32.4414634705, 17.9423713684, 42.8802261353, 22.7263889313, 32.9538726807, 47.2693634033, -31.6323699951, -32.436214447], [441.906829834, -300.570129395, 617.448974609, 101.524101257, 77.3183746338, 63.7320365906, 27.9564552307, 20.2522125244, 36.9937057495, 46.7168464661, 37.5973815918, 39.3711585999, 12.5128307343], [421.298400879, 14.0085535049, 101.524101257, 384.288482666, 63.1948013306, 28.6003627777, -19.4130420685, 13.4175901413, 49.941986084, 71.255607605, 18.0538139343, 21.8558330536, 14.0191497803], [-247.849777222, -69.9656906128, 77.3183746338, 63.1948013306, 244.539978027, 28.4333076477, -31.266620636, -25.7691173553, -3.36577820778, -1.81297445297, -33.6611709595, -7.27085971832, 17.6642341614], [79.9570465088, -32.4414634705, 63.7320365906, 28.6003627777, 28.4333076477, 148.929382324, 70.0716323853, 34.3471031189, 15.2596654892, 8.34656143188, 17.2905864716, 5.12275028229, -0.283473402262], [42.4715538025, 17.9423713684, 27.9564552307, -19.4130420685, -31.266620636, 70.0716323853, 202.218887329, 73.75050354, 32.7633552551, 12.6324071884, 17.464509964, 3.95856976509, -14.1985063553], [196.623168945, 42.8802261353, 20.2522125244, 13.4175901413, -25.7691173553, 34.3471031189, 73.75050354, 131.47618103, 58.1079864502, 18.7966136932, 16.6843662262, 5.6220293045, 6.93799781799], [258.525543213, 22.7263889313, 36.9937057495, 49.941986084, -3.36577820778, 15.2596654892, 32.7633552551, 58.1079864502, 121.432998657, 64.7835006714, 22.337972641, -0.544291615486, -3.05008196831], [254.965927124, 32.9538726807, 46.7168464661, 71.255607605, -1.81297445297, 8.34656143188, 12.6324071884, 18.7966136932, 64.7835006714, 120.663970947, 53.8291091919, 5.62134933472, -10.4643440247], [84.4572372437, 47.2693634033, 37.5973815918, 18.0538139343, -33.6611709595, 17.2905864716, 17.464509964, 16.6843662262, 22.337972641, 53.8291091919, 99.0433425903, 31.2474365234, -4.7856092453], [18.785943985, -31.6323699951, 39.3711585999, 21.8558330536, -7.27085971832, 5.12275028229, 3.95856976509, 5.6220293045, -0.544291615486, 5.62134933472, 31.2474365234, 79.4482040405, 36.433757782], [2.11519598961, -32.436214447, 12.5128307343, 14.0191497803, 17.6642341614, -0.283473402262, -14.1985063553, 6.93799781799, -3.05008196831, -10.4643440247, -4.7856092453, 36.433757782, 77.2597961426]], "icov": [[9.70870751189e-05, 5.06248943566e-05, -3.8555393985e-05, -8.6851825472e-05, 0.000157985836267, -3.65448358934e-05, 5.66619528399e-05, -9.76627707132e-05, -6.88361105858e-05, -0.000132175249746, 5.88019720453e-05, 5.59498148505e-05, -1.98337747861e-05], [5.06248943566e-05, 0.00116382259876, 0.000574717007112, -0.000245117844315, 8.15586681711e-05, 0.000215325591853, -3.84790255339e-05, -0.00045621857862, 1.1290351722e-05, -0.000100662939076, -0.00080193503527, 0.00051642418839, 0.000148269042256], [-3.8555393985e-05, 0.000574717007112, 0.0022133984603, -0.000313336553518, -0.000634560128674, -0.00037145926035, -0.000149150771904, -0.000171762410901, -0.000163530377904, -0.000206217635423, -0.00077029078966, -0.000595105346292, 0.000270989781711], [-8.6851825472e-05, -0.000245117844315, -0.000313336553518, 0.00339144701138, -0.000720902753528, -0.000595878402237, 0.000645843800157, -8.06920215837e-05, -0.000351193593815, -0.00180055527017, 0.000847125716973, -0.00108469987754, -7.03524783603e-05], [0.000157985836267, 8.15586681711e-05, -0.000634560128674, -0.000720902753528, 0.00542681152001, -0.00148913811427, 0.000809011107776, 0.000855347258039, -0.00019220559625, -0.000715138856322, 0.00214171665721, 0.000780128466431, -0.00125052966177], [-3.65448358934e-05, 0.000215325591853, -0.00037145926035, -0.000595878402237, -0.00148913811427, 0.00910361949354, -0.00303179956973, -0.000895749719348, 0.000278594263364, 0.00106731068809, -0.00213179201819, 0.000785573385656, -0.000190121005289], [5.66619528399e-05, -3.84790255339e-05, -0.000149150771904, 0.000645843800157, 0.000809011107776, -0.00303179956973, 0.00759477866814, -0.00341890961863, -0.000176588378963, -0.000468426878797, 0.000683072896209, -0.00110165646765, 0.00188733439427], [-9.76627707132e-05, -0.00045621857862, -0.000171762410901, -8.06920215837e-05, 0.000855347258039, -0.000895749719348, -0.00341890961863, 0.0126538509503, -0.00562344072387, 0.0020784791559, -0.000871827360243, 0.00061508017825, -0.00239443639293], [-6.88361105858e-05, 1.1290351722e-05, -0.000163530377904, -0.000351193593815, -0.00019220559625, 0.000278594263364, -0.000176588378963, -0.00562344072387, 0.0149759687483, -0.00746845873073, 0.00153969787061, 0.000589928473346, 1.11861936603e-05], [-0.000132175249746, -0.000100662939076, -0.000206217635423, -0.00180055527017, -0.000715138856322, 0.00106731068809, -0.000468426878797, 0.0020784791559, -0.00746845873073, 0.0170707013458, -0.00830974243581, 0.00197995407507, 0.000785020121839], [5.88019720453e-05, -0.00080193503527, -0.00077029078966, 0.000847125716973, 0.00214171665721, -0.00213179201819, 0.000683072896209, -0.000871827360243, 0.00153969787061, -0.00830974243581, 0.0185317322612, -0.00797274429351, 0.00318199838512], [5.59498148505e-05, 0.00051642418839, -0.000595105346292, -0.00108469987754, 0.000780128466431, 0.000785573385656, -0.00110165646765, 0.00061508017825, 0.000589928473346, 0.00197995407507, -0.00797274429351, 0.0210050567985, -0.0100325243548], [-1.98337747861e-05, 0.000148269042256, 0.000270989781711, -7.03524783603e-05, -0.00125052966177, -0.000190121005289, 0.00188733439427, -0.00239443639293, 1.11861936603e-05, 0.000785020121839, 0.00318199838512, -0.0100325243548, 0.0188570469618]], "mean": [-656.275695801, 81.8615493774, 4.05864524841, 22.6065750122, 21.6124210358, 12.3532495499, 7.19947338104, 10.9386129379, 6.01017713547, 4.2276597023, -7.00064945221, -7.93630170822, -4.56587409973]}, "pitch_salience": {"dmean": 0.074028596282, "dmean2": 0.116699211299, "dvar": 0.00437281886116, "dvar2": 0.0102158887312, "max": 0.837485432625, "mean": 0.518770217896, "median": 0.527825593948, "min": 0.0396072231233, "var": 0.0149804679677}, "silence_rate_20dB": {"dmean": 0, "dmean2": 0, "dvar": 0, "dvar2": 0, "max": 1, "mean": 1, "median": 1, "min": 1, "var": 0}, "silence_rate_30dB": {"dmean": 0.000771505699959, "dmean2": 0.00154320988804, "dvar": 0.000770814251155, "dvar2": 0.00179796712473, "max": 1, "mean": 0.999357163906, "median": 1, "min": 0, "var": 0.000642477185465}, "silence_rate_60dB": {"dmean": 0.0321460701525, "dmean2": 0.0643004104495, "dvar": 0.0311125181615, "dvar2": 0.0671011209488, "max": 1, "mean": 0.19542299211, "median": 0, "min": 0, "var": 0.15724620223}, "spectral_centroid": {"dmean": 342.710510254, "dmean2": 514.298278809, "dvar": 130856.382813, "dvar2": 275951.5625, "max": 4791.34082031, "mean": 1716.29467773, "median": 1666.42028809, "min": 219.196456909, "var": 545197.1875}, "spectral_complexity": {"dmean": 3.71762895584, "dmean2": 5.5600566864, "dvar": 18.9937210083, "dvar2": 36.5843849182, "max": 61, "mean": 17.3171768188, "median": 16, "min": 0, "var": 141.541656494}, "spectral_contrast_coeffs": {"dmean": [0.0492403358221, 0.0439934954047, 0.0392641499639, 0.0341313742101, 0.024709045887, 0.0260781049728], "dmean2": [0.0819418430328, 0.0703337937593, 0.061063516885, 0.0523488484323, 0.037637386471, 0.0377702452242], "dvar": [0.00162270863075, 0.00143121939618, 0.00117107620463, 0.000823946960736, 0.000425974896643, 0.000523162132595], "dvar2": [0.00432912865654, 0.0034506234806, 0.00265276408754, 0.00184881850146, 0.000900112325326, 0.000991952023469], "max": [-0.269143640995, -0.400421708822, -0.384817153215, -0.475830733776, -0.593439519405, -0.609556317329], "mean": [-0.614091455936, -0.760259389877, -0.756871461868, -0.7636474967, -0.780966520309, -0.788358807564], "median": [-0.616175234318, -0.769627690315, -0.771690011024, -0.769255936146, -0.78387761116, -0.787781476974], "min": [-0.942368149757, -0.944196343422, -0.952964007854, -0.95057964325, -0.937556326389, -0.921407282352], "var": [0.00696243252605, 0.00581511110067, 0.00648548686877, 0.00363600882702, 0.00180850259494, 0.00218761153519]}, "spectral_contrast_valleys": {"dmean": [0.399242281914, 0.363875746727, 0.333527088165, 0.319410145283, 0.309116363525, 0.543764293194], "dmean2": [0.661213040352, 0.585278868675, 0.512495756149, 0.472569584846, 0.421417981386, 0.695959329605], "dvar": [0.103786095977, 0.0930838659406, 0.0848033204675, 0.0858355909586, 0.0927772521973, 0.255480468273], "dvar2": [0.277281671762, 0.220432028174, 0.185964480042, 0.171239376068, 0.166653290391, 0.426262587309], "max": [-5.36066770554, -5.12563657761, -5.23031139374, -5.81502819061, -5.61646604538, -6.9757976532], "mean": [-7.66591596603, -7.77257156372, -7.87888240814, -7.9704117775, -7.62857246399, -9.6910276413], "median": [-7.14605808258, -7.4682431221, -7.61799621582, -7.69831752777, -7.30500888824, -9.41990280151], "min": [-15.9961910248, -16.0121154785, -16.3831062317, -16.1607971191, -15.8882989883, -17.4530277252], "var": [2.01583433151, 1.43147921562, 1.45843684673, 1.44783389568, 1.60684108734, 2.02744483948]}, "spectral_decrease": {"dmean": 1.76835379673e-09, "dmean2": 2.80241052586e-09, "dvar": 5.6113567019e-18, "dvar2": 1.37014965941e-17, "max": -1.95987266841e-15, "mean": -5.90918070031e-09, "median": -5.51138601423e-09, "min": -3.33989937928e-08, "var": 2.33384526513e-17}, "spectral_energy": {"dmean": 0.0071909208782, "dmean2": 0.0113147906959, "dvar": 8.91631498234e-05, "dvar2": 0.000214564788621, "max": 0.134956777096, "mean": 0.024635437876, "median": 0.0231538899243, "min": 7.60433760405e-09, "var": 0.000387632579077}, "spectral_energyband_high": {"dmean": 0.000917986675631, "dmean2": 0.0013307655463, "dvar": 2.52435711445e-06, "dvar2": 5.02300144944e-06, "max": 0.035382706672, "mean": 0.00160343397874, "median": 0.000795621308498, "min": 1.15694440139e-10, "var": 6.04611750532e-06}, "spectral_energyband_low": {"dmean": 0.00437213620171, "dmean2": 0.00715909572318, "dvar": 4.0589737182e-05, "dvar2": 0.000102045065432, "max": 0.0838899314404, "mean": 0.0107928663492, "median": 0.00809071026742, "min": 4.52876580681e-09, "var": 0.000124519356177}, "spectral_energyband_middle_high": {"dmean": 0.00238260929473, "dmean2": 0.00351381511427, "dvar": 2.75029724435e-05, "dvar2": 6.23800588073e-05, "max": 0.105847433209, "mean": 0.0059703043662, "median": 0.00237566558644, "min": 1.14923397188e-10, "var": 8.94990225788e-05}, "spectral_energyband_middle_low": {"dmean": 0.00384889706038, "dmean2": 0.00625119172037, "dvar": 4.04791790061e-05, "dvar2": 0.000100981618743, "max": 0.11986117065, "mean": 0.0080220066011, "median": 0.00543938484043, "min": 2.51396597983e-10, "var": 8.92288953764e-05}, "spectral_entropy": {"dmean": 0.227361157537, "dmean2": 0.315365672112, "dvar": 0.0519153997302, "dvar2": 0.0932377204299, "max": 9.02928924561, "mean": 7.82806062698, "median": 7.8384885788, "min": 6.28540182114, "var": 0.164330750704}, "spectral_flux": {"dmean": 0.0206245984882, "dmean2": 0.0316845737398, "dvar": 0.000529896584339, "dvar2": 0.00118036242202, "max": 0.31068328023, "mean": 0.0762146487832, "median": 0.072713598609, "min": 3.22929481626e-05, "var": 0.0024006892927}, "spectral_kurtosis": {"dmean": 1.2475206852, "dmean2": 1.87585246563, "dvar": 1.87713634968, "dvar2": 4.12671041489, "max": 18.9452342987, "mean": 2.79563331604, "median": 2.38099908829, "min": -1.17096817493, "var": 5.9768819809}, "spectral_rms": {"dmean": 0.000662047881633, "dmean2": 0.0010171153117, "dvar": 5.44486283616e-07, "dvar2": 1.26280394852e-06, "max": 0.0114745432511, "mean": 0.00434736162424, "median": 0.00475280545652, "min": 2.72375950772e-06, "var": 5.13496752319e-06}, "spectral_rolloff": {"dmean": 1100.98205566, "dmean2": 1811.13867188, "dvar": 3215656, "dvar2": 6679940, "max": 11735.5957031, "mean": 2329.8371582, "median": 1744.18945313, "min": 21.533203125, "var": 5927836.5}, "spectral_skewness": {"dmean": 0.209093466401, "dmean2": 0.308772355318, "dvar": 0.0443567186594, "dvar2": 0.0929278731346, "max": 3.306661129, "mean": 1.27340114117, "median": 1.25750541687, "min": -0.185820370913, "var": 0.176955357194}, "spectral_spread": {"dmean": 1146910.25, "dmean2": 1622281.375, "dvar": 1542820593660.0, "dvar2": 3008647659520.0, "max": 18507622, "mean": 5743422, "median": 5356396, "min": 2110300.25, "var": 3702394978300.0}, "spectral_stro