{"lowlevel": {"average_loudness": 0.923306763172, "barkbands": {"dmean": [0.000154186738655, 0.00490656588227, 0.00543957483023, 0.00312841380946, 0.00171533180401, 0.00162567547522, 0.00187939417083, 0.00109047035221, 0.00118523999117, 0.000600818253588, 0.000437109934865, 0.000512511178385, 0.000479519483633, 0.000398872420192, 0.000277218292467, 0.000166567479027, 0.00017273244157, 7.2857394116e-05, 6.45707768854e-05, 5.11307152919e-05, 6.73882095725e-05, 6.26143300906e-05, 6.57003402011e-05, 3.16006662615e-05, 1.0729958376e-05, 1.39990243042e-06, 1.41189360203e-09], "dmean2": [0.000262903835392, 0.00829667691141, 0.00919103063643, 0.00544558512047, 0.00282022054307, 0.00261075794697, 0.00293337833136, 0.00168956478592, 0.00190675037447, 0.000964052684139, 0.000718786090147, 0.000824651680887, 0.000774705898948, 0.000647427164949, 0.000460446084617, 0.000274503719993, 0.000287352886517, 0.000122536352137, 0.000107565174403, 8.6206717242e-05, 0.000108125408588, 9.55646610237e-05, 0.000101345598523, 4.73949330626e-05, 1.48720091602e-05, 2.14655619857e-06, 2.61529931045e-09], "dvar": [7.30374267732e-08, 0.000170854342286, 0.000314773875289, 4.83736184833e-05, 7.67843721405e-06, 9.51239053393e-06, 1.76786470547e-05, 7.07100753061e-06, 5.4903448472e-06, 1.67179450727e-06, 1.51136498516e-06, 2.07778043659e-06, 1.20702850381e-06, 8.31746831409e-07, 4.36268180692e-07, 1.74535372821e-07, 1.39098830232e-07, 1.80280537165e-08, 1.32606698955e-08, 7.75327091418e-09, 2.905712293e-08, 1.06571418357e-08, 2.79468697073e-08, 5.57894885844e-09, 7.902486443e-10, 1.53517702023e-11, 4.55614390117e-18], "dvar2": [1.93227819523e-07, 0.000453324231785, 0.000831793819088, 0.000134060202981, 2.06001768674e-05, 2.4427412427e-05, 4.52905042039e-05, 1.66684822034e-05, 1.3581492567e-05, 4.21038475906e-06, 4.00949465984e-06, 4.99710722579e-06, 2.95760855806e-06, 2.15938644033e-06, 1.22566473237e-06, 4.43552863771e-07, 3.67311088212e-07, 4.76437911345e-08, 3.31339968795e-08, 2.0950766455e-08, 6.95907047543e-08, 2.31105588e-08, 6.44568061148e-08, 1.24604513374e-08, 1.45692580222e-09, 3.4041991448e-11, 1.44775533089e-17], "max": [0.00777158606797, 0.160206094384, 0.194335609674, 0.0914999097586, 0.0450176149607, 0.0736401379108, 0.10553945601, 0.0705369785428, 0.0838724970818, 0.0579793937504, 0.0626690834761, 0.0537835136056, 0.0274906605482, 0.0202379263937, 0.0133246956393, 0.00934721622616, 0.0158980414271, 0.00485762720928, 0.00442348374054, 0.0017444177065, 0.00973647739738, 0.00201632664539, 0.00387411913835, 0.00171324901748, 0.0011648661457, 8.43581510708e-05, 2.27419096888e-08], "mean": [0.000177662674105, 0.00877816788852, 0.0051229740493, 0.00414444878697, 0.00334135373123, 0.0031890666578, 0.00327245844528, 0.001717589912, 0.00202389899641, 0.000924803549424, 0.000656517338939, 0.000850038370118, 0.000810108496808, 0.000670086184982, 0.000462180061731, 0.000286775495624, 0.000328713649651, 0.000141537122545, 0.00013799656881, 0.000117297597171, 0.000166208163137, 0.000168504149769, 0.000152594584506, 7.45319921407e-05, 2.35859024542e-05, 1.96946780306e-06, 1.19907728191e-09], "median": [8.39339918457e-05, 0.00582457147539, 0.00108273886144, 0.00186611362733, 0.00189768895507, 0.00163585459813, 0.00101858947892, 0.000499371672049, 0.000741651048884, 0.000287924311124, 0.000172264873981, 0.000176524481503, 0.000215928157559, 0.000144297475345, 0.000120163575048, 7.52382475184e-05, 0.000102528967545, 7.07861909177e-05, 7.50787221477e-05, 5.97603611823e-05, 7.09153100615e-05, 9.75357324933e-05, 6.45855907351e-05, 2.5537545298e-05, 6.09042581345e-06, 2.58823234844e-07, 4.56821247496e-10], "min": [7.10378790368e-24, 3.30918125171e-23, 8.08267751236e-24, 1.44641891044e-23, 5.46941373179e-23, 3.53886157526e-23, 9.67255172505e-23, 4.79788137118e-23, 4.53518311668e-23, 1.21027696411e-22, 2.92758588158e-23, 4.70318682366e-23, 7.7797178483e-23, 1.37387131729e-22, 1.74886928591e-22, 1.30333629764e-22, 1.80001284233e-22, 1.73722292215e-22, 2.78370106034e-22, 2.3863789592e-22, 4.95896645248e-22, 6.05987750774e-22, 6.2821277713e-22, 1.06976586747e-21, 1.18887331235e-21, 1.97760648522e-21, 2.48174701723e-21], "var": [8.09945746028e-08, 0.000196244858671, 0.000239646324189, 4.81554052385e-05, 1.63669919857e-05, 2.62123940047e-05, 4.40512885689e-05, 1.67094949575e-05, 1.47386081153e-05, 3.38623340213e-06, 3.00123156194e-06, 5.99785880695e-06, 2.94409164781e-06, 1.9754652385e-06, 9.33759793043e-07, 4.09951525171e-07, 4.07687366533e-07, 4.29122728463e-08, 3.48167787934e-08, 2.41661357592e-08, 8.41426626152e-08, 4.34635119007e-08, 7.16709891435e-08, 1.84742283693e-08, 3.14219228414e-09, 3.00465798075e-11, 3.69419027002e-18]}, "barkbands_crest": {"dmean": 2.49215292931, "dmean2": 4.12265443802, "dvar": 5.54308462143, "dvar2": 14.2186994553, "max": 25.8969516754, "mean": 10.4021053314, "median": 9.48759174347, "min": 2.59088420868, "var": 17.5250320435}, "barkbands_flatness_db": {"dmean": 0.0221355557442, "dmean2": 0.0356592573225, "dvar": 0.00068149616709, "dvar2": 0.0015797537053, "max": 0.423990219831, "mean": 0.186395913363, "median": 0.172732293606, "min": 0.0683422386646, "var": 0.0040747364983}, "barkbands_kurtosis": {"dmean": 4.44398450851, "dmean2": 7.25591564178, "dvar": 215.74331665, "dvar2": 552.082214355, "max": 754.70111084, "mean": 6.57794046402, "median": 2.91627979279, "min": -1.72458982468, "var": 312.439575195}, "barkbands_skewness": {"dmean": 0.576030492783, "dmean2": 0.908617436886, "dvar": 0.595831513405, "dvar2": 1.39895915985, "max": 22.9329910278, "mean": 1.72267580032, "median": 1.50288963318, "min": -1.95208060741, "var": 1.88501966}, "barkbands_spread": {"dmean": 3.77627301216, "dmean2": 5.97576141357, "dvar": 17.3948459625, "dvar2": 39.0969696045, "max": 79.7214736938, "mean": 16.6773300171, "median": 15.1779785156, "min": 0.404611885548, "var": 106.042236328}, "dissonance": {"dmean": 0.0263769105077, "dmean2": 0.044221483171, "dvar": 0.000589761242736, "dvar2": 0.00159343052655, "max": 0.5, "mean": 0.443038344383, "median": 0.452736973763, "min": 0.176908761263, "var": 0.0015969814267}, "dynamic_complexity": 2.94987249374, "erbbands": {"dmean": [0.0865383595228, 1.32290422916, 5.37581348419, 8.89986038208, 7.49775981903, 5.54142618179, 7.32296037674, 15.3066835403, 22.0986919403, 27.7145767212, 26.4506645203, 24.8837051392, 22.0218868256, 16.3551712036, 15.2344760895, 21.7248458862, 16.8322410583, 22.6407337189, 12.6348981857, 14.1915845871, 9.04937171936, 8.05635166168, 4.40650081635, 2.79373669624, 3.31060194969, 2.56094074249, 2.97538781166, 2.41726946831, 2.2975859642, 2.32548046112, 1.65979993343, 0.897425413132, 0.423681139946, 0.166310638189, 0.0543467700481, 0.0114220995456, 0.00174635357689, 8.82281747181e-05, 7.83304585639e-06, 1.44644818647e-05], "dmean2": [0.135475039482, 2.21905755997, 8.79554653168, 15.2024021149, 12.8570461273, 9.07587718964, 11.4673509598, 24.447057724, 35.073097229, 42.3461380005, 41.2920913696, 39.2537193298, 35.3201255798, 26.7420215607, 24.4995307922, 35.0402946472, 26.5928764343, 37.1617355347, 20.7284049988, 23.5407791138, 15.1398067474, 13.3812065125, 7.39747714996, 4.72249412537, 5.47477436066, 4.3341550827, 4.86975002289, 3.87302970886, 3.56668996811, 3.56985116005, 2.52424836159, 1.38990068436, 0.61597597599, 0.227093920112, 0.0772210285068, 0.017120949924, 0.00271430821158, 0.000140753618325, 1.16875444292e-05, 2.26474039664e-05], "dvar": [0.0413421057165, 13.1143789291, 309.786834717, 476.685821533, 171.459655762, 96.8380203247, 346.261138916, 947.95513916, 2855.22338867, 4385.27392578, 3794.43359375, 2751.92553711, 2377.58447266, 1412.03491211, 1503.96655273, 3619.7199707, 1578.55688477, 2295.15625, 1016.97418213, 1342.43469238, 509.161132813, 285.285400391, 68.7022323608, 21.6828479767, 41.3134155273, 21.4778518677, 88.7263717651, 25.0381526947, 14.1212081909, 26.9581756592, 16.4703464508, 4.99452495575, 1.01440775394, 0.183886528015, 0.0211849082261, 0.000967639731243, 2.83397457679e-05, 7.99818167252e-08, 1.62440727536e-10, 6.54919229959e-10], "dvar2": [0.0941214114428, 34.0551185608, 775.495178223, 1279.67211914, 488.81463623, 248.120437622, 860.845092773, 2396.52148438, 7199.0390625, 9989.93164063, 9095.16796875, 6465.49365234, 6025.27490234, 3486.67016602, 3575.01635742, 8807.66894531, 3624.99291992, 6007.38867188, 2736.73144531, 3799.40991211, 1382.80847168, 743.477478027, 187.005310059, 60.6524085999, 97.7575302124, 59.4059181213, 215.208190918, 61.5982818604, 31.7558460236, 60.4630737305, 37.2171478271, 12.1607837677, 2.07016253471, 0.317373692989, 0.0413753651083, 0.00212973472662, 6.29187707091e-05, 1.94961472744e-07, 3.31582317159e-10, 1.42939060588e-09], "max": [3.19632363319, 43.4004058838, 184.032791138, 256.238037109, 239.784484863, 183.604003906, 552.88293457, 866.649108887, 1693.52246094, 1741.4362793, 1918.08703613, 2337.65649414, 1558.05029297, 1517.12963867, 1710.44555664, 2560.70239258, 1066.04956055, 1026.96679688, 814.655944824, 997.409423828, 572.052062988, 535.427856445, 334.020965576, 95.3068771362, 293.596435547, 74.9722900391, 604.421386719, 144.251098633, 63.7112159729, 125.820457458, 100.121116638, 52.965057373, 31.681886673, 18.8117809296, 5.60534667969, 0.652273833752, 0.117210671306, 0.00698741758242, 0.000171016974491, 0.000318443519063], "mean": [0.188812270761, 2.19878315926, 5.67888689041, 11.4655160904, 12.5799589157, 10.011932373, 14.1722507477, 29.3721885681, 39.3549308777, 48.6250114441, 44.7242202759, 44.565120697, 36.4619750977, 28.4285831451, 26.4221439362, 37.1189002991, 31.327129364, 42.5635681152, 22.8527946472, 24.7292728424, 17.5148925781, 16.8414154053, 9.68137645721, 6.31088638306, 7.35537195206, 5.8943901062, 6.89894914627, 5.95971155167, 6.07559776306, 5.86582660675, 3.83826255798, 2.039737463, 0.98368871212, 0.393407940865, 0.101553842425, 0.0174890309572, 0.00244935927913, 0.000121764729556, 2.46717390837e-05, 4.42850941909e-05], "median": [0.115280032158, 1.41602301598, 1.58767008781, 4.67409086227, 7.62034845352, 4.95232820511, 4.95495605469, 15.0743465424, 14.6610527039, 15.8662481308, 16.3094100952, 17.8936042786, 13.339966774, 10.8257884979, 10.959564209, 9.21429729462, 10.6177892685, 10.7065143585, 6.85423469543, 6.77907657623, 4.94398021698, 5.72281837463, 4.77728748322, 3.67111372948, 4.00780534744, 2.88401699066, 2.61328363419, 2.98181056976, 3.40056014061, 2.97097301483, 1.61667013168, 0.770561337471, 0.283811539412, 0.108555026352, 0.0217297151685, 0.00281395763159, 0.00034105067607, 2.35319603235e-05, 1.98035013455e-05, 3.65080159099e-05], "min": [1.22655910368e-21, 6.27884691773e-21, 6.91480098256e-21, 3.64930922067e-20, 3.62171563866e-20, 2.71744470107e-19, 3.51024174201e-19, 2.99080230262e-19, 1.28645662105e-18, 1.15559375301e-18, 8.95287148673e-19, 8.30469637765e-19, 3.88618178533e-18, 2.19865516715e-18, 1.58324426854e-18, 2.19212850532e-18, 3.64638874319e-18, 3.90467588946e-18, 1.13124856613e-17, 8.22736584712e-18, 5.48801580077e-18, 1.03974981724e-17, 9.99858453172e-18, 1.55305012891e-17, 1.34547254563e-17, 9.72184712189e-18, 1.25148456212e-17, 2.49685427429e-17, 2.37114068828e-17, 1.50591042929e-17, 1.96576974488e-17, 2.12344294278e-17, 1.80388388156e-17, 1.06510224127e-17, 1.07602458223e-17, 6.50431016727e-18, 3.63512419761e-18, 1.59169453889e-18, 3.57489288621e-19, 3.21431981657e-20], "var": [0.069621630013, 14.3719892502, 264.692108154, 449.211975098, 218.264724731, 209.425628662, 844.069274902, 2639.46875, 7009.27050781, 10476.8125, 9195.41015625, 7845.5546875, 4465.09716797, 3278.60864258, 3419.73730469, 9715.60058594, 4194.48388672, 6190.52294922, 2268.13208008, 3093.99926758, 1348.1114502, 991.045593262, 185.833526611, 56.7874908447, 109.956466675, 65.0023422241, 198.192016602, 80.335723877, 56.1278305054, 81.1437835693, 39.73179245, 12.5404500961, 3.91359877586, 0.827800035477, 0.0683744177222, 0.00206678337418, 5.02091170347e-05, 1.1770583086e-07, 3.95733390501e-10, 1.22341137221e-09]}, "erbbands_crest": {"dmean": 3.02090501785, "dmean2": 4.91570854187, "dvar": 7.0805850029, "dvar2": 18.0608406067, "max": 31.375743866, "mean": 10.465678215, "median": 9.47047710419, "min": 2.14733147621, "var": 22.7007694244}, "erbbands_flatness_db": {"dmean": 0.0173361338675, "dmean2": 0.025801608339, "dvar": 0.000314579549013, "dvar2": 0.000627205241472, "max": 0.386170744896, "mean": 0.187032714486, "median": 0.18378674984, "min": 0.0366091765463, "var": 0.00219017965719}, "erbbands_kurtosis": {"dmean": 1.26355469227, "dmean2": 2.03846788406, "dvar": 5.87251710892, "dvar2": 14.3936347961, "max": 99.3850784302, "mean": 1.47054564953, "median": 0.572650194168, "min": -1.79268527031, "var": 15.8333940506}, "erbbands_skewness": {"dmean": 0.383204013109, "dmean2": 0.608422100544, "dvar": 0.129907205701, "dvar2": 0.332248419523, "max": 8.27114295959, "mean": 0.670893847942, "median": 0.616457343102, "min": -2.25674390793, "var": 0.74403822422}, "erbbands_spread": {"dmean": 7.47516059875, "dmean2": 11.2162008286, "dvar": 62.4384117126, "dvar2": 127.032264709, "max": 128.51802063, "mean": 35.2172088623, "median": 29.5844039917, "min": 1.69112277031, "var": 449.3855896}, "gfcc": {"cov": [[6528.03369141, -1323.29125977, -1268.28662109, 541.887634277, -615.499572754, 311.007507324, -385.779907227, 95.6800613403, -94.1851959229, -157.02142334, -113.998435974, -84.7662658691, -140.914215088], [-1323.29125977, 1225.88684082, 246.783798218, -343.631378174, 346.358062744, -179.793365479, 267.731811523, -112.759750366, 156.012680054, -54.2706260681, 151.376678467, -49.4579544067, 99.4095687866], [-1268.28662109, 246.783798218, 998.85357666, -38.6416625977, 134.555404663, 18.6886615753, 39.2020492554, 68.6998977661, -54.3255691528, 116.615089417, -15.2146844864, 77.7519378662, -19.0807247162], [541.887634277, -343.631378174, -38.6416625977, 419.793334961, -57.5150184631, 1.7256551981, -71.386680603, -3.54137992859, -19.9596729279, -42.8365020752, -29.2701244354, -18.4059619904, 5.74401807785], [-615.499572754, 346.358062744, 134.555404663, -57.5150184631, 365.522796631, 8.12637710571, 60.8625030518, -1.00010049343, 38.7576408386, -4.31712865829, -4.30376672745, -3.74309968948, 39.9462280273], [311.007507324, -179.793365479, 18.6886615753, 1.7256551981, 8.12637710571, 222.892608643, 28.7833976746, 40.7472229004, -23.0446224213, 29.8289012909, -20.7417793274, -5.50200271606, -22.1597976685], [-385.779907227, 267.731811523, 39.2020492554, -71.386680603, 60.8625030518, 28.7833976746, 249.511764526, -1.49636995792, 19.3568019867, 6.5605969429, 56.6081123352, -23.6253948212, 3.77782678604], [95.6800613403, -112.759750366, 68.6998977661, -3.54137992859, -1.00010049343, 40.7472229004, -1.49636995792, 122.41268158, 2.39838528633, 24.4015865326, -24.9771900177, 26.1180877686, -2.81130886078], [-94.1851959229, 156.012680054, -54.3255691528, -19.9596729279, 38.7576408386, -23.0446224213, 19.3568019867, 2.39838528633, 135.046340942, 4.99982976913, 28.5715522766, -15.262717247, 32.0229225159], [-157.02142334, -54.2706260681, 116.615089417, -42.8365020752, -4.31712865829, 29.8289012909, 6.5605969429, 24.4015865326, 4.99982976913, 124.311721802, 19.3705940247, 23.9241580963, -19.0523357391], [-113.998435974, 151.376678467, -15.2146844864, -29.2701244354, -4.30376672745, -20.7417793274, 56.6081123352, -24.9771900177, 28.5715522766, 19.3705940247, 128.581619263, 14.715713501, 17.7749519348], [-84.7662658691, -49.4579544067, 77.7519378662, -18.4059619904, -3.74309968948, -5.50200271606, -23.6253948212, 26.1180877686, -15.262717247, 23.9241580963, 14.715713501, 117.296661377, 27.8778972626], [-140.914215088, 99.4095687866, -19.0807247162, 5.74401807785, 39.9462280273, -22.1597976685, 3.77782678604, -2.81130886078, 32.0229225159, -19.0523357391, 17.7749519348, 27.8778972626, 110.768386841]], "icov": [[0.000426232640166, -0.000885495916009, 0.00079525919864, -0.000936693861149, 0.00082532822853, -0.00112558656838, 0.000958631746471, -0.000983709353022, 0.000665166298859, -0.000372199283447, 0.000389179564081, -0.00041300454177, 0.000727185397409], [-0.000885495916009, 0.00957525055856, -0.00438049063087, 0.00697610154748, -0.00574679486454, 0.00674776919186, -0.00622855778784, 0.00647342437878, -0.00637442898005, 0.00642624404281, -0.00555356731638, 0.00441358610988, -0.00430851615965], [0.00079525919864, -0.00438049063087, 0.00379069847986, -0.00363389286213, 0.00237787282094, -0.003368929727, 0.00300165778026, -0.00383607670665, 0.00365245691501, -0.0038899006322, 0.00267645088024, -0.00265591661446, 0.00256712222472], [-0.000936693861149, 0.00697610154748, -0.00363389286213, 0.0080152368173, -0.00404706737027, 0.00511870486662, -0.00413157464936, 0.00495791016147, -0.00447410997003, 0.00536475516856, -0.00389490253292, 0.00383753096685, -0.00386830582283], [0.00082532822853, -0.00574679486454, 0.00237787282094, -0.00404706737027, 0.00707584014162, -0.00476266536862, 0.00342126376927, -0.00378064042889, 0.00291855144314, -0.00315856630914, 0.00395155930892, -0.00237732497044, 0.00168690679129], [-0.00112558656838, 0.00674776919186, -0.003368929727, 0.00511870486662, -0.00476266536862, 0.0107902251184, -0.00578906387091, 0.00351679534651, -0.00354216387495, 0.00275582773611, -0.00297029106878, 0.00355755025521, -0.00309127708897], [0.000958631746471, -0.00622855778784, 0.00300165778026, -0.00413157464936, 0.00342126376927, -0.00578906387091, 0.00974640529603, -0.00515642762184, 0.00428983895108, -0.00333126354963, 0.000749695056584, -0.00120518938638, 0.00305531150661], [-0.000983709353022, 0.00647342437878, -0.00383607670665, 0.00495791016147, -0.00378064042889, 0.00351679534651, -0.00515642762184, 0.0150848245248, -0.00595771940425, 0.00306001771241, -0.00094066769816, 0.000432775908848, -0.00306252459995], [0.000665166298859, -0.00637442898005, 0.00365245691501, -0.00447410997003, 0.00291855144314, -0.00354216387495, 0.00428983895108, -0.00595771940425, 0.0138003630564, -0.00571333477274, 0.00181047536898, -0.000536138948519, 0.000241517438553], [-0.000372199283447, 0.00642624404281, -0.0038899006322, 0.00536475516856, -0.00315856630914, 0.00275582773611, -0.00333126354963, 0.00306001771241, -0.00571333477274, 0.0154845239595, -0.00590933207422, 0.00147548306268, -0.000415352755226], [0.000389179564081, -0.00555356731638, 0.00267645088024, -0.00389490253292, 0.00395155930892, -0.00297029106878, 0.000749695056584, -0.00094066769816, 0.00181047536898, -0.00590933207422, 0.0140605019405, -0.0047730403021, 0.00147863768507], [-0.00041300454177, 0.00441358610988, -0.00265591661446, 0.00383753096685, -0.00237732497044, 0.00355755025521, -0.00120518938638, 0.000432775908848, -0.000536138948519, 0.00147548306268, -0.0047730403021, 0.0138147836551, -0.00582393212244], [0.000727185397409, -0.00430851615965, 0.00256712222472, -0.00386830582283, 0.00168690679129, -0.00309127708897, 0.00305531150661, -0.00306252459995, 0.000241517438553, -0.000415352755226, 0.00147863768507, -0.00582393212244, 0.0141409449279]], "mean": [-17.6691894531, 134.405166626, -121.218414307, 45.492565155, -72.6004180908, 21.8857898712, -30.7391586304, -0.831974565983, -7.36923456192, -5.19847202301, -4.87909460068, -9.88268184662, -4.75361919403]}, "hfc": {"dmean": 4.33916139603, "dmean2": 6.70437288284, "dvar": 28.0193367004, "dvar2": 63.6325378418, "max": 81.4394226074, "mean": 19.5696582794, "median": 17.9047546387, "min": 1.25295429664e-16, "var": 181.025238037}, "melbands": {"dmean": [0.00105562980752, 0.00234074005857, 0.0014692855766, 0.000435158493929, 0.000234842198552, 0.000334330048645, 0.000354965013685, 0.000278566963971, 0.000214605897781, 0.000161077623488, 0.000112276728032, 6.87813735567e-05, 5.97336438659e-05, 6.39314966975e-05, 4.06250255764e-05, 4.45677032985e-05, 4.40042967966e-05, 2.29147281061e-05, 1.84841301234e-05, 1.41706832437e-05, 1.24915359265e-05, 8.81981668499e-06, 7.24370011085e-06, 3.81326503884e-06, 2.32889556173e-06, 3.19483569911e-06, 1.93901882994e-06, 1.84633506706e-06, 1.92769834939e-06, 1.8118432763e-06, 1.50185519487e-06, 1.37865515626e-06, 1.43381146245e-06, 1.51277595251e-06, 1.14578949706e-06, 7.11711095391e-07, 5.4275471939e-07, 3.52934137027e-07, 2.04470453014e-07, 1.31494900302e-07], "dmean2": [0.00175275804941, 0.00376443914138, 0.00251360912807, 0.000726796104573, 0.000370746216504, 0.000534723862074, 0.000561370165087, 0.000425266829552, 0.000336154858815, 0.000256892410107, 0.000180173883564, 0.00011251775868, 9.68764506979e-05, 0.000102884558146, 6.3349478296e-05, 7.29822713765e-05, 7.17992006685e-05, 3.72420909116e-05, 3.04558652715e-05, 2.32379079534e-05, 2.08302335523e-05, 1.45963986142e-05, 1.20802706078e-05, 6.54373479847e-06, 3.96012501369e-06, 5.35276058145e-06, 3.22014216181e-06, 3.15331749334e-06, 3.18248430631e-06, 2.96645839626e-06, 2.42338683165e-06, 2.19810067392e-06, 2.18296099774e-06, 2.38621464632e-06, 1.78722996225e-06, 1.1141480627e-06, 8.54770689784e-07, 5.34335640623e-07, 2.86987585696e-07, 1.8250955236e-07], "dvar": [7.00307464285e-06, 4.87247489218e-05, 1.14831564133e-05, 4.98775307278e-07, 3.06742293787e-07, 4.17808507791e-07, 6.53633946968e-07, 4.03175505426e-07, 2.2819878609e-07, 1.08956712097e-07, 6.11992305721e-08, 2.65090918106e-08, 2.37628903221e-08, 3.40781660668e-08, 1.0749311663e-08, 1.13867066887e-08, 9.13853881457e-09, 4.06630373817e-09, 2.21282969726e-09, 1.30157151723e-09, 1.13157005988e-09, 3.41810163507e-10, 2.782312436e-10, 6.85379947241e-11, 1.60869009086e-11, 3.40249009523e-11, 1.60151215206e-11, 1.13172604968e-11, 2.87612416522e-11, 2.25437273016e-11, 8.71143174958e-12, 5.17822113313e-12, 6.79823862135e-12, 1.777535584e-11, 8.17647685669e-12, 2.88534235567e-12, 1.90031497482e-12, 7.23016915435e-13, 2.97531313823e-13, 1.197423508e-13], "dvar2": [1.82330422831e-05, 0.000114074588055, 3.09424831357e-05, 1.34636002258e-06, 7.66928110352e-07, 1.06309244075e-06, 1.65558151366e-06, 9.01646558304e-07, 5.52824417355e-07, 2.62156049757e-07, 1.53269155589e-07, 6.64765096303e-08, 6.17499651412e-08, 8.23080981149e-08, 2.38223467619e-08, 2.91744406411e-08, 2.37427055794e-08, 1.07270476946e-08, 6.11982375887e-09, 3.37025007902e-09, 3.14645509647e-09, 8.79209649529e-10, 7.74486197397e-10, 1.86766657695e-10, 4.55702489632e-11, 9.14113368333e-11, 3.81678612327e-11, 3.20888003669e-11, 7.2317908606e-11, 5.49656778426e-11, 2.12710370151e-11, 1.2416081184e-11, 1.56147386687e-11, 4.31395578981e-11, 1.90865535182e-11, 6.87309237302e-12, 4.71412665848e-12, 1.59173021985e-12, 5.87311937365e-13, 2.10543225649e-13], "max": [0.0319525636733, 0.0703101605177, 0.0362337753177, 0.0120676904917, 0.0152699528262, 0.0175321809947, 0.0252146944404, 0.015297212638, 0.0142001425847, 0.0125566497445, 0.00847325939685, 0.00562752503902, 0.00638634804636, 0.00653413264081, 0.00334818055853, 0.00221493374556, 0.00171885371674, 0.00189859292004, 0.00116427999455, 0.000954836548772, 0.000908623915166, 0.000482488423586, 0.000863110064529, 0.00038404337829, 8.93002288649e-05, 0.000145116500789, 0.000183447526069, 5.53072131879e-05, 0.000302904838463, 0.000265709677478, 7.5734591519e-05, 4.21455370088e-05, 7.41654293961e-05, 0.000116446986794, 7.14267371222e-05, 4.04792772315e-05, 3.04229688481e-05, 2.04775660677e-05, 3.06947404169e-05, 1.51425465447e-05], "mean": [0.00213522464037, 0.00306532578543, 0.00201942771673, 0.000817650114186, 0.000466739409603, 0.000648308894597, 0.000639474135824, 0.000486762903165, 0.000358648656402, 0.000278133462416, 0.000179944006959, 0.0001146368013, 9.30966198212e-05, 0.000105788945802, 6.72550158924e-05, 8.07956166682e-05, 7.78912799433e-05, 3.7273439375e-05, 3.14937169605e-05, 2.38077809627e-05, 2.15586533159e-05, 1.72819745785e-05, 1.33851226565e-05, 7.04324202161e-06, 4.47444699603e-06, 6.06112143942e-06, 4.2955648496e-06, 3.69761642105e-06, 4.09619997299e-06, 3.95374809159e-06, 3.3331209579e-06, 3.27708494297e-06, 3.4753466025e-06, 3.31657520292e-06, 2.40893609771e-06, 1.55083421305e-06, 1.11497024591e-06, 7.40121834042e-07, 4.65610071387e-07, 2.83522922473e-07], "median": [0.00142785138451, 0.0013045205269, 0.000978911644779, 0.000486882287078, 0.000173860229552, 0.000335328193614, 0.000237903645029, 0.000168314712937, 0.00012426340254, 0.000103727965325, 5.83649089094e-05, 3.60117555829e-05, 2.87110524368e-05, 2.13624534808e-05, 1.92667830561e-05, 2.05175238079e-05, 1.70337370946e-05, 7.78286994318e-06, 8.17261843622e-06, 6.92570483807e-06, 4.97571181768e-06, 5.61715205549e-06, 4.71286421089e-06, 3.25328005601e-06, 2.35641618929e-06, 2.96558641821e-06, 2.23017013923e-06, 1.6635232214e-06, 1.50935488819e-06, 1.47363789438e-06, 1.64507082445e-06, 1.73648845703e-06, 1.91119397641e-06, 1.46457909977e-06, 9.41517100728e-07, 6.06193793828e-07, 3.67785588651e-07, 1.9082392555e-07, 1.19039285096e-07, 7.25203435081e-08], "min": [1.03082111093e-23, 5.50374054076e-24, 6.06047991348e-24, 9.37773468325e-24, 1.36066468133e-23, 6.36658358269e-24, 1.99455985707e-23, 1.22346457275e-23, 5.71424689003e-24, 6.32230205907e-24, 2.00267076712e-23, 9.50875422441e-24, 4.44044754839e-24, 6.3490294554e-24, 7.29341981011e-24, 6.14009372819e-24, 7.41139316962e-24, 1.89235819363e-23, 1.44030413402e-23, 1.07372701891e-23, 5.06399791776e-24, 1.09920856721e-23, 7.64701487796e-24, 1.03128590778e-23, 1.30064743369e-23, 9.15849524933e-24, 9.32828888171e-24, 5.70387573571e-24, 6.32553717764e-24, 1.10927908664e-23, 1.57871545964e-23, 1.32393736862e-23, 1.13920097521e-23, 7.68554521115e-24, 1.12033236899e-23, 1.28615077349e-23, 1.29422255605e-23, 1.20762527129e-23, 1.29198226996e-23, 7.03480280638e-24], "var": [9.32080274652e-06, 4.98994158988e-05, 1.10027176561e-05, 9.62914441516e-07, 7.66733990076e-07, 1.17362856145e-06, 1.65449091583e-06, 9.90318312688e-07, 5.6158296502e-07, 2.92552869041e-07, 1.1524047494e-07, 5.94774647311e-08, 4.91866067875e-08, 9.84697408057e-08, 2.56506620389e-08, 3.13997396972e-08, 2.29009167185e-08, 8.73632544085e-09, 5.09113728953e-09, 2.94661384181e-09, 2.63866284378e-09, 1.11615439113e-09, 6.21612594731e-10, 1.48576623227e-10, 3.26516903792e-11, 7.63790211633e-11, 4.45719780529e-11, 2.821977374e-11, 6.24893539691e-11, 5.82005381389e-11, 2.55684570738e-11, 1.71697690787e-11, 2.24180726066e-11, 4.15964311606e-11, 1.80815536155e-11, 6.67023641182e-12, 4.49496776606e-12, 2.31724405289e-12, 1.1675443598e-12, 4.88387216953e-13]}, "melbands_crest": {"dmean": 3.18578195572, "dmean2": 5.2097697258, "dvar": 9.94530105591, "dvar2": 25.79986763, "max": 38.4552688599, "mean": 13.7989997864, "median": 12.7352256775, "min": 1.97090291977, "var": 26.9490280151}, "melbands_flatness_db": {"dmean": 0.0254691652954, "dmean2": 0.0403090044856, "dvar": 0.00103399029467, "dvar2": 0.00225141993724, "max": 0.554792046547, "mean": 0.241212189198, "median": 0.22278341651, "min": 0.00543804652989, "var": 0.00754637131467}, "melbands_kurtosis": {"dmean": 9.70810508728, "dmean2": 15.8688154221, "dvar": 967.596496582, "dvar2": 2528.28979492, "max": 1093.93469238, "mean": 16.0087604523, "median": 7.69891929626, "min": -1.63932287693, "var": 1229.5065918}, "melbands_skewness": {"dmean": 0.777756989002, "dmean2": 1.21174681187, "dvar": 1.1008515358, "dvar2": 2.57307314873, "max": 26.123046875, "mean": 2.58986759186, "median": 2.19629001617, "min": -1.67802548409, "var": 3.38472223282}, "melbands_spread": {"dmean": 4.40247774124, "dmean2": 7.06564950943, "dvar": 25.7839221954, "dvar2": 58.7000083923, "max": 134.412628174, "mean": 17.3229885101, "median": 14.9422492981, "min": 0.226359069347, "var": 132.36517334}, "mfcc": {"cov": [[7340.45703125, -1973.58874512, -787.71661377, -146.765396118, -212.33706665, -63.4452590942, -288.432861328, 98.9858703613, -127.11856842, -31.2531414032, -87.7033538818, -49.6703109741, -119.907897949], [-1973.58874512, 1653.10571289, 50.7271003723, -50.9789085388, 52.0868186951, 14.6737127304, 108.046066284, 15.8470964432, 35.8654708862, 23.8876495361, 81.8907775879, 11.2306690216, 79.7608795166], [-787.71661377, 50.7271003723, 670.170166016, 52.9745254517, 47.677986145, 16.5884571075, 73.2525405884, -24.1844596863, 11.9320249557, -15.32654953, 28.6788845062, 12.8454332352, 42.2161865234], [-146.765396118, -50.9789085388, 52.9745254517, 307.76864624, 50.2871742249, 3.20089912415, -8.97839450836, -6.30377388, 4.84876155853, -11.4985656738, -52.5250930786, 11.9778900146, 8.38637256622], [-212.33706665, 52.0868186951, 47.677986145, 50.2871742249, 278.730041504, 23.9005336761, -16.2824687958, 4.48427009583, 48.8700790405, -4.44029855728, -16.6189098358, -25.5358848572, 8.25608921051], [-63.4452590942, 14.6737127304, 16.5884571075, 3.20089912415, 23.9005336761, 142.025588989, 57.3086509705, 11.566236496, 11.6587314606, 29.6525745392, 17.4444313049, 0.817123055458, -23.1523513794], [-288.432861328, 108.046066284, 73.2525405884, -8.97839450836, -16.2824687958, 57.3086509705, 194.124847412, 33.5020561218, 12.734372139, 14.5411834717, 22.1200752258, 21.1128063202, -9.52495193481], [98.9858703613, 15.8470964432, -24.1844596863, -6.30377388, 4.48427009583, 11.566236496, 33.5020561218, 107.74382019, 27.3199691772, 0.765412986279, -4.82556724548, -3.09122657776, 7.86087608337], [-127.11856842, 35.8654708862, 11.9320249557, 4.84876155853, 48.8700790405, 11.6587314606, 12.734372139, 27.3199691772, 120.951072693, 22.7956809998, -15.2226638794, -8.76763725281, 8.18871498108], [-31.2531414032, 23.8876495361, -15.32654953, -11.4985656738, -4.44029855728, 29.6525745392, 14.5411834717, 0.765412986279, 22.7956809998, 124.515365601, 35.4827728271, -10.9299163818, -36.6260566711], [-87.7033538818, 81.8907775879, 28.6788845062, -52.5250930786, -16.6189098358, 17.4444313049, 22.1200752258, -4.82556724548, -15.2226638794, 35.4827728271, 126.889595032, 20.5838451385, -7.46391487122], [-49.6703109741, 11.2306690216, 12.8454332352, 11.9778900146, -25.5358848572, 0.817123055458, 21.1128063202, -3.09122657776, -8.76763725281, -10.9299163818, 20.5838451385, 87.7418289185, 29.0767536163], [-119.907897949, 79.7608795166, 42.2161865234, 8.38637256622, 8.25608921051, -23.1523513794, -9.52495193481, 7.86087608337, 8.18871498108, -36.6260566711, -7.46391487122, 29.0767536163, 117.726905823]], "icov": [[0.000258806539932, 0.000292507756967, 0.000235779763898, 0.000106510182377, 7.36520814826e-05, -2.44140719587e-05, 0.000191420593183, -0.000326132809278, 0.00018200687191, 1.32289642352e-05, -4.55792251159e-05, 6.34383541183e-05, -2.65164817392e-05], [0.000292507756967, 0.00102288171183, 0.000326694425894, 0.000164942553965, -6.93859910825e-05, 8.01116548246e-05, -0.000244975613896, -0.000253640842857, 9.12145769689e-05, -9.57865486271e-05, -0.000504217634443, 0.000325866712956, -0.000654843752272], [0.000235779763898, 0.000326694425894, 0.00194649037439, -0.000249617296504, -0.000187131867278, 2.57086085185e-05, -0.000700258358847, 0.000426442740718, -3.64497536793e-05, 0.000286130933091, -0.000679637887515, 0.000420780619606, -0.000783821800724], [0.000106510182377, 0.000164942553965, -0.000249617296504, 0.00382111384533, -0.000641325954348, -0.000181709372555, 0.000269900396233, -5.10259487783e-05, 0.000401644269004, -0.000361729122233, 0.00184367597103, -0.0011730461847, 0.0001146683353], [7.36520814826e-05, -6.93859910825e-05, -0.000187131867278, -0.000641325954348, 0.00434529222548, -0.000990214059129, 0.000772192957811, 3.36354355568e-06, -0.00163307448383, 0.00064139731694, -0.000151769068907, 0.00127701228485, -0.000214289364521], [-2.44140719587e-05, 8.01116548246e-05, 2.57086085185e-05, -0.000181709372555, -0.000990214059129, 0.00875584315509, -0.00248020747676, -0.000203491625143, -8.76296908245e-05, -0.00136856688187, -0.000588607857935, -0.00019549789431, 0.00112017081119], [0.000191420593183, -0.000244975613896, -0.000700258358847, 0.000269900396233, 0.000772192957811, -0.00248020747676, 0.00733931176364, -0.00242632138543, -0.000206333439564, 8.04382216302e-05, -4.38045062765e-05, -0.0018276530318, 0.00129472301342], [-0.000326132809278, -0.000253640842857, 0.000426442740718, -5.10259487783e-05, 3.36354355568e-06, -0.000203491625143, -0.00242632138543, 0.0112362345681, -0.00249736802652, 0.000448366918135, 4.43813296442e-05, 0.000975591363385, -0.00122138683219], [0.00018200687191, 9.12145769689e-05, -3.64497536793e-05, 0.000401644269004, -0.00163307448383, -8.76296908245e-05, -0.000206333439564, -0.00249736802652, 0.0105186104774, -0.00272944476455, 0.00191036984324, 0.000172000291059, -0.00114677078091], [1.32289642352e-05, -9.57865486271e-05, 0.000286130933091, -0.000361729122233, 0.00064139731694, -0.00136856688187, 8.04382216302e-05, 0.000448366918135, -0.00272944476455, 0.0107007492334, -0.00321496161632, 0.00114393304102, 0.00269657978788], [-4.55792251159e-05, -0.000504217634443, -0.000679637887515, 0.00184367597103, -0.000151769068907, -0.000588607857935, -4.38045062765e-05, 4.43813296442e-05, 0.00191036984324, -0.00321496161632, 0.0108279464766, -0.00309305125847, 0.000613289419562], [6.34383541183e-05, 0.000325866712956, 0.000420780619606, -0.0011730461847, 0.00127701228485, -0.00019549789431, -0.0018276530318, 0.000975591363385, 0.000172000291059, 0.00114393304102, -0.00309305125847, 0.014551862143, -0.00401076860726], [-2.65164817392e-05, -0.000654843752272, -0.000783821800724, 0.0001146683353, -0.000214289364521, 0.00112017081119, 0.00129472301342, -0.00122138683219, -0.00114677078091, 0.00269657978788, 0.000613289419562, -0.00401076860726, 0.0115536050871]], "mean": [-649.606994629, 141.939498901, 15.5923585892, 23.0813865662, -4.54966115952, 14.7274284363, -7.75941848755, 7.07131576538, -2.37858724594, 4.86957454681, 3.31952929497, 2.96405625343, 0.111420169473]}, "pitch_salience": {"dmean": 0.069346293807, "dmean2": 0.112750157714, "dvar": 0.00484826974571, "dvar2": 0.0119698131457, "max": 0.851492583752, "mean": 0.515233099461, "median": 0.522407710552, "min": 0.0653881207108, "var": 0.0115900253877}, "silence_rate_20dB": {"dmean": 0, "dmean2": 0, "dvar": 0, "dvar2": 0, "max": 1, "mean": 1, "median": 1, "min": 1, "var": 0}, "silence_rate_30dB": {"dmean": 0.0441620647907, "dmean2": 0.0883333310485, "dvar": 0.0422141179442, "dvar2": 0.095952488482, "max": 1, "mean": 0.959800064564, "median": 1, "min": 0, "var": 0.038585010916}, "silence_rate_60dB": {"dmean": 0.00374960945919, "dmean2": 0.00749999983236, "dvar": 0.00373572297394, "dvar2": 0.00848554167897, "max": 1, "mean": 0.0237450525165, "median": 0, "min": 0, "var": 0.0231817029417}, "spectral_centroid": {"dmean": 167.76725769, "dmean2": 268.468322754, "dvar": 43479.1757813, "dvar2": 89675.3359375, "max": 10979.7226563, "mean": 945.647338867, "median": 875.198486328, "min": 147.988464355, "var": 223407.546875}, "spectral_complexity": {"dmean": 2.59785437584, "dmean2": 4.25250005722, "dvar": 8.47599315643, "dvar2": 19.3416290283, "max": 51, "mean": 15.8706521988, "median": 15, "min": 0, "var": 60.4763908386}, "spectral_contrast_coeffs": {"dmean": [0.0504880361259, 0.0470544397831, 0.0407309792936, 0.032220389694, 0.0203542914242, 0.0174379423261], "dmean2": [0.0821604281664, 0.0764790028334, 0.0666904225945, 0.0531610175967, 0.0340322218835, 0.0274471864104], "dvar": [0.00200340943411, 0.00142766104545, 0.00109128421172, 0.000686495215632, 0.000280097156065, 0.000263340567471], "dvar2": [0.00504631130025, 0.00373475672677, 0.00277881044894, 0.00175582105294, 0.000724688463379, 0.000610352260992], "max": [-0.340299040079, -0.393416047096, -0.438170939684, -0.520051181316, -0.621402800083, -0.591015219688], "mean": [-0.634956479073, -0.685783803463, -0.726447105408, -0.754388332367, -0.798392951488, -0.732361793518], "median": [-0.639690995216, -0.687840104103, -0.732572734356, -0.763963937759, -0.801355838776, -0.726903676987], "min": [-0.94602638483, -0.962425410748, -0.957671821117, -0.953923463821, -0.960947990417, -0.96157592535], "var": [0.00689513329417, 0.00533678848296, 0.00526338815689, 0.00477054808289, 0.00186339218635, 0.00233460380696]}, "spectral_contrast_valleys": {"dmean": [0.347374379635, 0.325953722, 0.300323426723, 0.283795237541, 0.214353427291, 0.255826801062], "dmean2": [0.560414731503, 0.527593433857, 0.488713622093, 0.458537042141, 0.332943499088, 0.339248359203], "dvar": [0.120933525264, 0.111628904939, 0.10066909343, 0.121092580259, 0.0980219095945, 0.148791357875], "dvar2": [0.24825643003, 0.239990875125, 0.204228267074, 0.242849349976, 0.161589547992, 0.230024814606], "max": [-5.22958898544, -4.50195407867, -5.21830558777, -6.02661466599, -6.10338401794, -8.12694644928], "mean": [-6.97331762314, -6.59425497055, -7.4514708519, -8.00531578064, -7.9179930687, -10.5428781509], "median": [-6.82942390442, -6.49030208588, -7.34133338928, -7.85021400452, -7.69131088257, -10.3315315247], "min": [-27.4443016052, -27.4330120087, -27.1492614746, -27.3288822174, -27.2987575531, -27.1757965088], "var": [0.58757519722, 0.712629318237, 0.798837840557, 0.885850310326, 1.08491277695, 1.42816829681]}, "spectral_decrease": {"dmean": 3.36516414734e-09, "dmean2": 5.29914867542e-09, "dvar": 3.8218986848e-17, "dvar2": 8.43935122773e-17, "max": 4.32580115543e-29, "mean": -9.52935419463e-09, "median": -7.55423812393e-09, "min": -7.53641060669e-08, "var": 6.59971345681e-17}, "spectral_energy": {"dmean": 0.0129970796406, "dmean2": 0.0204413942993, "dvar": 0.000554285419639, "dvar2": 0.00122119649313, "max": 0.28921636939, "mean": 0.037741035223, "median": 0.0303270332515, "min": 1.12013922807e-20, "var": 0.000981832388788}, "spectral_energyband_high": {"dmean": 0.000191790648387, "dmean2": 0.000282474997221, "dvar": 1.38146688755e-07, "dvar2": 2.7409569725e-07, "max": 0.0106615396217, "mean": 0.000647502078209, "median": 0.000353888608515, "min": 8.28165312911e-21, "var": 6.70876715958e-07}, "spectral_energyband_low": {"dmean": 0.00957017112523, "dmean2": 0.0153594911098, "dvar": 0.000568408984691, "dvar2": 0.00128571363166, "max": 0.259409695864, "mean": 0.0165248233825, "median": 0.00928606744856, "min": 5.23781742288e-23, "var": 0.000717713555787}, "spectral_energyband_middle_high": {"dmean": 0.00165647442918, "dmean2": 0.00270481477492, "dvar": 6.24550557404e-06, "dvar2": 1.60290874192e-05, "max": 0.0652281567454, "mean": 0.00507916742936, "median": 0.00348537601531, "min": 1.47677033377e-21, "var": 2.97044953186e-05}, "spectral_energyband_middle_low": {"dmean": 0.00659513985738, "dmean2": 0.0107844416052, "dvar": 7.59487738833e-05, "dvar2": 0.000198227586225, "max": 0.11157862097, "mean": 0.0180468242615, "median": 0.0142598394305, "min": 3.41667901172e-22, "var": 0.000205491494853}, "spectral_entropy": {"dmean": 0.167197465897, "dmean2": 0.262366980314, "dvar": 0.0447598174214, "dvar2": 0.0987711921334, "max": 9.78009605408, "mean": 7.29177522659, "median": 7.41318416595, "min": 5.09566736221, "var": 0.312752753496}, "spectral_flux": {"dmean": 0.0278586037457, "dmean2": 0.0440032370389, "dvar": 0.00156376685482, "dvar2": 0.00316738151014, "max": 0.466910094023, "mean": 0.0936918333173, "median": 0.0797275006771, "min": 1.05836631126e-10, "var": 0.003896352835}, "spectral_kurtosis": {"dmean": 2.37909722328, "dmean2": 3.97537922859, "dvar": 20.5959777832, "dvar2": 49.5342140198, "max": 85.7372665405, "mean": 5.52573680878, "median": 3.06076526642, "min": -1.15096771717, "var": 75.671585083}, "spectral_rms": {"dmean": 0.000892582524102, "dmean2": 0.00138653325848, "dvar": 1.60936087923e-06, "dvar2": 3.26891768054e-06, "max": 0.0167976878583, "mean": 0.00565372873098, "median": 0.00543942581862, "min": 3.30578099617e-12, "var": 4.85592136101e-06}, "spectral_rolloff": {"dmean": 248.329605103, "dmean2": 423.692840576, "dvar": 214668.859375, "dvar2": 430250.6875, "max": 18540.0878906, "mean": 937.979614258, "median": 732.12890625, "min": 21.533203125, "var": 597164.3125}, "spectral_skewness": {"dmean": 0.261178791523, "dmean2": 0.417238473892, "dvar": 0.134082168341, "dvar2": 0.297285526991, "max": 7.87579298019, "mean": 1.66778838634, "median": 1.4670188427, "min": -0.00742201553658, "var": 0.85588991642}, "spectral_spread": {"dmean": 389026.5625, "dmean2": 560935.9375, "dvar": 358470516736, "dvar2": 533150728192, "max": 39296132, "mean": 4210881, "median": 4080566.5, "min": 10