{"lowlevel": {"average_loudness": 0.685761451721, "barkbands": {"dmean": [5.84986155445e-05, 0.00097294151783, 0.000992194516584, 0.000828060263302, 0.00114383769687, 0.000541387242265, 0.000431725202361, 0.000584949797485, 0.00107511586975, 0.00087153352797, 0.000605693203397, 0.000700982171111, 0.000343341438565, 0.000518393528182, 0.00035693612881, 0.000224681614782, 0.000144570847624, 0.000113238449558, 5.80606138101e-05, 5.72201133764e-05, 3.50811096723e-05, 1.27160574266e-05, 1.1781032299e-05, 9.60520537774e-06, 6.39344261799e-06, 4.04137563237e-06, 3.30046623276e-06], "dmean2": [9.48669257923e-05, 0.00156790111214, 0.00158683874179, 0.00130762974732, 0.00178613408934, 0.000850502459798, 0.00068531796569, 0.000871019379701, 0.00152584165335, 0.00125018425751, 0.000900141021702, 0.00103458587546, 0.000515885476489, 0.000807692820672, 0.000538010383025, 0.000339491583873, 0.000205761680263, 0.000169020568137, 8.70169969858e-05, 8.20935456431e-05, 5.03142509842e-05, 1.82684689207e-05, 1.69516606547e-05, 1.39252288136e-05, 8.80399784364e-06, 5.54555026611e-06, 4.86110320708e-06], "dvar": [3.93288566158e-08, 6.14323425907e-06, 1.07435671453e-05, 4.43209773948e-06, 9.21160517464e-06, 2.33781838688e-06, 1.25507835946e-06, 2.82682776742e-06, 1.53123255586e-05, 9.29063935473e-06, 4.57272108179e-06, 4.35096490037e-06, 1.19276182886e-06, 2.30939690482e-06, 1.39503231367e-06, 1.04404330159e-06, 5.39487245987e-07, 6.46959534834e-08, 1.57860196026e-08, 1.75824634852e-08, 5.59977753056e-09, 8.72413918884e-10, 7.74722230812e-10, 5.88833093396e-10, 3.08143399685e-10, 1.44009262848e-10, 1.41296349621e-10], "dvar2": [9.68445945659e-08, 1.45713984239e-05, 2.94253968605e-05, 1.0456344171e-05, 2.32796810451e-05, 5.78381695959e-06, 3.00796091324e-06, 5.73605984755e-06, 2.95821791951e-05, 1.60410309036e-05, 9.92989498627e-06, 8.11853351479e-06, 2.48855099017e-06, 5.43426313016e-06, 2.96521034215e-06, 2.46690729e-06, 1.10514213247e-06, 1.35964910442e-07, 3.55969298482e-08, 3.30151621597e-08, 1.20446381757e-08, 1.9872097301e-09, 1.70273395383e-09, 1.21820753485e-09, 5.8503701883e-10, 2.50384268874e-10, 2.89080370752e-10], "max": [0.00254082982428, 0.0381463691592, 0.125430032611, 0.0854180306196, 0.0609480440617, 0.0428178310394, 0.0389364771545, 0.0455422215164, 0.126429885626, 0.110614694655, 0.0579936243594, 0.0772509276867, 0.0280501581728, 0.0361683741212, 0.0312792286277, 0.0498908981681, 0.0495595149696, 0.00724453711882, 0.00379311013967, 0.00379758188501, 0.00174922356382, 0.000959812256042, 0.000994394649751, 0.000896891055163, 0.000636203272734, 0.000593868200667, 0.000464474956971], "mean": [6.71977977618e-05, 0.00179429713171, 0.00177131802775, 0.00141564325895, 0.00202467665076, 0.000957205076702, 0.00067282182863, 0.00097628205549, 0.00193332589697, 0.00155249750242, 0.00103059434332, 0.00144851766527, 0.000562136818189, 0.000795743893832, 0.000614064512774, 0.000349209498381, 0.000271304219496, 0.000230973644648, 0.000126608865685, 0.000123598787468, 7.30893225409e-05, 2.48271899181e-05, 2.03644085559e-05, 1.67137422977e-05, 1.02487292679e-05, 5.59642830922e-06, 3.52566053152e-06], "median": [7.3300107033e-06, 0.00112690520473, 0.000677148636896, 0.000355992437107, 0.00078186544124, 0.000345646985807, 0.000224381336011, 0.00026761717163, 0.000225114796194, 0.000274264602922, 0.00013904820662, 0.000249229429755, 9.58419041126e-05, 0.000157989183208, 9.79818869382e-05, 6.42339655315e-05, 6.50601214147e-05, 6.96460265317e-05, 5.3536874475e-05, 3.46332672052e-05, 2.55824252235e-05, 1.02367030195e-05, 5.12646511197e-06, 3.48334515365e-06, 1.35828304337e-06, 3.9380410044e-07, 1.48125252508e-07], "min": [1.49389616875e-24, 6.61551652994e-24, 4.18603517329e-24, 1.78458677777e-24, 1.60672144172e-23, 6.67417819901e-24, 2.19884296154e-23, 7.81482215858e-24, 2.33354932303e-23, 1.20959166487e-23, 1.8117474954e-23, 3.70735532264e-23, 4.91133692429e-23, 3.90230462488e-23, 8.05331500507e-23, 6.91728651288e-23, 7.91211458283e-23, 9.05972733964e-23, 7.20434226778e-23, 2.49556690103e-22, 2.4519601848e-22, 4.37773727161e-22, 4.11157888385e-22, 6.23593864001e-22, 9.89889724956e-22, 1.40365128347e-21, 1.89301252535e-21], "var": [3.54109772616e-08, 7.30455622033e-06, 1.38753330248e-05, 8.84979181137e-06, 1.56851547217e-05, 4.39383120465e-06, 2.56016642197e-06, 6.91388049745e-06, 4.42125856353e-05, 3.05582107103e-05, 1.10962364488e-05, 1.7556367311e-05, 2.81318648376e-06, 4.62722528027e-06, 3.2593159176e-06, 1.50574885538e-06, 1.1481099591e-06, 1.79359602726e-07, 4.22574721881e-08, 6.0245653799e-08, 1.79671602041e-08, 1.99690752822e-09, 1.58637658565e-09, 1.57761737007e-09, 8.05885247424e-10, 3.7867273206e-10, 2.1770996117e-10]}, "barkbands_crest": {"dmean": 2.2644534111, "dmean2": 3.59215545654, "dvar": 4.72218990326, "dvar2": 11.9539718628, "max": 26.4435100555, "mean": 9.678855896, "median": 8.8142414093, "min": 2.12459897995, "var": 16.0675506592}, "barkbands_flatness_db": {"dmean": 0.0181706994772, "dmean2": 0.0260481145233, "dvar": 0.000321567058563, "dvar2": 0.00063236313872, "max": 0.39728847146, "mean": 0.150904968381, "median": 0.146879121661, "min": 0.0254502091557, "var": 0.00262097734958}, "barkbands_kurtosis": {"dmean": 2.21339249611, "dmean2": 3.40947723389, "dvar": 28.9433193207, "dvar2": 55.1951599121, "max": 356.402374268, "mean": 3.79933142662, "median": 1.66637420654, "min": -1.83275258541, "var": 68.1423950195}, "barkbands_skewness": {"dmean": 0.448718905449, "dmean2": 0.667471587658, "dvar": 0.269957184792, "dvar2": 0.551988244057, "max": 17.1966705322, "mean": 1.20325648785, "median": 1.09080672264, "min": -3.51181602478, "var": 1.53153789043}, "barkbands_spread": {"dmean": 3.50667762756, "dmean2": 5.22497272491, "dvar": 17.3211078644, "dvar2": 35.1613960266, "max": 90.4099273682, "mean": 16.5406723022, "median": 15.0100831985, "min": 0.587830901146, "var": 88.045539856}, "dissonance": {"dmean": 0.0232893545181, "dmean2": 0.0390531606972, "dvar": 0.000553729420062, "dvar2": 0.00150069512893, "max": 0.500000119209, "mean": 0.452494353056, "median": 0.462928533554, "min": 0.213807061315, "var": 0.00144458480645}, "dynamic_complexity": 5.37885427475, "erbbands": {"dmean": [0.0311871971935, 0.221556276083, 0.898212909698, 2.31896686554, 2.72321748734, 4.64659547806, 3.7251970768, 4.66688299179, 6.81166934967, 6.54064798355, 15.1338777542, 23.06316185, 29.2449035645, 19.7262134552, 24.3014621735, 27.3976192474, 15.1273536682, 25.3052520752, 18.8368797302, 16.0119361877, 8.97149181366, 7.06808757782, 6.34726762772, 3.77609181404, 2.5208530426, 2.56834983826, 1.88921260834, 0.929508090019, 0.477016419172, 0.400392353535, 0.335272043943, 0.228878155351, 0.151664972305, 0.0848310738802, 0.0383410602808, 0.0183020159602, 0.00724827498198, 0.00232758489437, 0.000479955109768, 4.85600285174e-05], "dmean2": [0.050537828356, 0.359785288572, 1.45637762547, 3.62330985069, 4.18180322647, 7.5948882103, 5.87067317963, 7.29636764526, 10.6503295898, 10.0649118423, 22.2364387512, 32.7191848755, 40.6015701294, 27.6488761902, 35.2763633728, 39.7727088928, 21.9265918732, 39.7050170898, 28.3267631531, 24.0311088562, 12.9288816452, 9.97369384766, 9.4054479599, 5.67157506943, 3.63864994049, 3.66654753685, 2.70765662193, 1.31363713741, 0.67469060421, 0.581752300262, 0.48615783453, 0.330908298492, 0.219610571861, 0.118970967829, 0.053119469434, 0.0254351533949, 0.0101494817063, 0.00332241528668, 0.000702375662513, 7.22329932614e-05], "dvar": [0.0093430262059, 0.286737322807, 8.67024707794, 33.6451644897, 53.3179016113, 187.577590942, 108.012214661, 182.050033569, 367.414733887, 237.316238403, 2063.36938477, 7878.92773438, 10152.3994141, 5185.60986328, 6773.24023438, 5698.77148438, 1906.05236816, 6268.67333984, 4197.703125, 4356.78466797, 1296.56689453, 712.687194824, 232.627975464, 67.1906738281, 29.765045166, 36.5145797729, 15.5096874237, 3.91194105148, 1.24002325535, 0.941297113895, 0.63093572855, 0.339974522591, 0.155910745263, 0.0529925525188, 0.0122574130073, 0.00254577468149, 0.000535735336598, 6.27714616712e-05, 3.25719565808e-06, 2.60921915185e-08], "dvar2": [0.022376511246, 0.726424515247, 23.7321071625, 82.5377883911, 135.11668396, 492.414398193, 264.199005127, 440.165588379, 879.16003418, 516.686828613, 4096.25390625, 15391.6875, 17220.6855469, 9199.32519531, 14010.4882813, 11469.7382813, 3803.69897461, 15317.5068359, 9292.27636719, 9966.95019531, 2783.85375977, 1198.56225586, 479.84677124, 150.645431519, 53.8397827148, 69.8531112671, 32.7236213684, 8.18875694275, 2.87067723274, 2.13216614723, 1.39592540264, 0.7238458395, 0.327086091042, 0.107333049178, 0.0219513643533, 0.00462892884389, 0.000945478561334, 0.000119102143799, 6.57300415696e-06, 5.74085490257e-08], "max": [1.56073558331, 8.92108726501, 115.213821411, 184.665359497, 242.498825073, 304.035461426, 361.927581787, 455.285217285, 692.367126465, 599.631469727, 1238.69958496, 2862.65649414, 4692.22802734, 2092.85668945, 2710.0612793, 2822.48779297, 1268.82727051, 2135.48242188, 2243.9519043, 3561.82128906, 2078.4284668, 1209.4708252, 519.71887207, 266.941558838, 222.805938721, 155.533477783, 77.8618392944, 60.1579170227, 26.6766834259, 31.8194065094, 23.5757331848, 22.7050933838, 12.6247987747, 7.71035814285, 3.82012629509, 2.27381229401, 1.23718905449, 0.394091069698, 0.0893695056438, 0.00517792068422], "mean": [0.0505682788789, 0.4168163836, 1.70229828358, 4.29762029648, 5.23056507111, 6.89147567749, 6.47210264206, 8.10605049133, 10.7888793945, 11.189291954, 27.451215744, 43.933303833, 56.1655349731, 37.7755661011, 49.4373283386, 56.9271736145, 28.4666690826, 40.8340377808, 34.214466095, 28.4922389984, 17.3619728088, 14.6444263458, 13.4106435776, 8.3590927124, 6.04331636429, 5.5813498497, 4.09287548065, 2.03727579117, 0.956066012383, 0.704433321953, 0.581814825535, 0.392773121595, 0.25699403882, 0.135620325804, 0.0609106421471, 0.026766423136, 0.00966263003647, 0.00281576556154, 0.000532581412699, 6.57030104776e-05], "median": [0.0277074985206, 0.263850212097, 0.728353738785, 1.21366429329, 2.16049027443, 2.25128221512, 2.38152074814, 2.68842172623, 3.50065875053, 4.03745174408, 7.08224582672, 6.0025177002, 12.2968149185, 6.91370296478, 7.98328924179, 12.0257072449, 7.1255402565, 8.21022987366, 6.109623909, 5.64450263977, 3.75791358948, 3.63607978821, 4.18915748596, 3.19536352158, 2.47522544861, 1.52744317055, 1.26535093784, 0.837097883224, 0.41074192524, 0.23022133112, 0.147795036435, 0.0823173224926, 0.0499915406108, 0.0209328755736, 0.00701158493757, 0.00215273839422, 0.000656880321912, 0.000170546452864, 3.98513948312e-05, 1.6706144379e-05], "min": [1.92403263136e-22, 1.23777269203e-21, 5.0334299742e-21, 1.98964563859e-20, 1.71723066751e-20, 4.04541144246e-20, 5.62620206066e-20, 7.48682141774e-20, 3.23157803532e-19, 4.39791820866e-19, 2.39475663273e-19, 4.83771359674e-19, 5.10665948219e-19, 1.28071743516e-18, 1.30788866392e-18, 1.76774473283e-18, 2.27220744684e-18, 2.32319299864e-18, 3.30290612973e-18, 3.88965346236e-18, 4.35328488697e-18, 5.49594267258e-18, 6.81585533728e-18, 6.3940093549e-18, 4.71994096529e-18, 1.06230190402e-17, 8.72390582522e-18, 1.2136374095e-17, 1.38827310392e-17, 1.29740656916e-17, 1.23592951342e-17, 1.25861858132e-17, 1.0434172052e-17, 8.70932842129e-18, 6.90189494229e-18, 4.58994415536e-18, 2.51567523884e-18, 9.83155960205e-19, 2.86451095163e-19, 2.9934528995e-20], "var": [0.00940572470427, 0.357263296843, 11.4527292252, 69.4317092896, 96.6985549927, 240.394897461, 181.321624756, 390.323181152, 678.258728027, 537.30657959, 6155.57470703, 25290.0292969, 38393.6640625, 16364.3457031, 24430.7714844, 19922.2929688, 5172.70068359, 11858.5283203, 9544.61328125, 7727.45605469, 3023.64355469, 2306.41992188, 648.772399902, 181.705688477, 119.475036621, 126.439186096, 53.9754333496, 13.2297620773, 2.57295274734, 2.01923346519, 1.32333576679, 0.827227115631, 0.392742723227, 0.126713588834, 0.0328814424574, 0.00689884694293, 0.00133225286845, 0.000126884930069, 5.10241306984e-06, 3.53170150902e-08]}, "erbbands_crest": {"dmean": 2.6728887558, "dmean2": 4.20228528976, "dvar": 6.43691253662, "dvar2": 15.2432126999, "max": 33.341796875, "mean": 10.2113428116, "median": 8.83218955994, "min": 2.65120005608, "var": 27.9524860382}, "erbbands_flatness_db": {"dmean": 0.0177126135677, "dmean2": 0.0252446364611, "dvar": 0.000367244705558, "dvar2": 0.000636827899143, "max": 0.444114208221, "mean": 0.187967121601, "median": 0.179603785276, "min": 0.0406130738556, "var": 0.00370433670469}, "erbbands_kurtosis": {"dmean": 0.983244657516, "dmean2": 1.4981174469, "dvar": 2.17699050903, "dvar2": 4.78028059006, "max": 53.9164085388, "mean": 1.11143863201, "median": 0.186954796314, "min": -1.71542084217, "var": 8.56520938873}, "erbbands_skewness": {"dmean": 0.332575917244, "dmean2": 0.508243560791, "dvar": 0.099766485393, "dvar2": 0.226373001933, "max": 6.53464126587, "mean": 0.381822824478, "median": 0.344374865294, "min": -2.93408274651, "var": 0.533531486988}, "erbbands_spread": {"dmean": 5.60832500458, "dmean2": 8.496134758, "dvar": 47.9290733337, "dvar2": 105.923461914, "max": 137.075241089, "mean": 27.9843215942, "median": 26.8788719177, "min": 1.17414355278, "var": 229.860031128}, "gfcc": {"cov": [[14407.8183594, 65.6775131226, -780.321960449, 310.463317871, -256.953765869, 383.442993164, -24.6662559509, 210.259002686, 61.0177497864, 43.3294334412, 130.117355347, -213.960418701, 112.88583374], [65.6775131226, 1051.9107666, 39.502822876, 76.5096511841, 183.756988525, -168.128601074, 75.4614028931, -67.6220397949, 16.4804153442, -89.5628585815, 5.9249958992, -42.639251709, -0.693325281143], [-780.321960449, 39.502822876, 1356.0213623, 281.131347656, 125.928001404, 91.6582260132, -99.0540390015, 94.0269165039, 101.966026306, 152.812423706, -4.22531223297, 70.6616363525, -57.5624160767], [310.463317871, 76.5096511841, 281.131347656, 454.780975342, 118.110534668, 83.71534729, -22.2521076202, 80.3850860596, 87.433555603, 82.5276794434, 23.6588973999, -13.9237298965, 13.5943651199], [-256.953765869, 183.756988525, 125.928001404, 118.110534668, 363.951507568, 37.9310150146, 46.7281265259, 19.3278579712, 14.8150453568, 35.2373199463, 7.74290466309, 9.09496212006, 2.81853842735], [383.442993164, -168.128601074, 91.6582260132, 83.71534729, 37.9310150146, 299.231048584, 70.9266204834, 40.7096672058, 33.5213394165, 78.1354293823, 60.1637115479, -2.61815428734, 4.98615217209], [-24.6662559509, 75.4614028931, -99.0540390015, -22.2521076202, 46.7281265259, 70.9266204834, 191.731246948, 2.27084755898, -0.600503861904, -8.4672203064, 28.8802471161, -10.4322509766, 2.16076040268], [210.259002686, -67.6220397949, 94.0269165039, 80.3850860596, 19.3278579712, 40.7096672058, 2.27084755898, 165.082595825, 70.9496994019, 34.6504592896, 14.2736053467, -0.86265963316, 26.1190853119], [61.0177497864, 16.4804153442, 101.966026306, 87.433555603, 14.8150453568, 33.5213394165, -0.600503861904, 70.9496994019, 134.084762573, 69.8395767212, 17.8294391632, -1.89328527451, 18.4193115234], [43.3294334412, -89.5628585815, 152.812423706, 82.5276794434, 35.2373199463, 78.1354293823, -8.4672203064, 34.6504592896, 69.8395767212, 152.990432739, 53.4577598572, 23.1704864502, 3.19499397278], [130.117355347, 5.9249958992, -4.22531223297, 23.6588973999, 7.74290466309, 60.1637115479, 28.8802471161, 14.2736053467, 17.8294391632, 53.4577598572, 112.094406128, 19.6658878326, 10.6281642914], [-213.960418701, -42.639251709, 70.6616363525, -13.9237298965, 9.09496212006, -2.61815428734, -10.4322509766, -0.86265963316, -1.89328527451, 23.1704864502, 19.6658878326, 75.8652114868, 17.747013092], [112.88583374, -0.693325281143, -57.5624160767, 13.5943651199, 2.81853842735, 4.98615217209, 2.16076040268, 26.1190853119, 18.4193115234, 3.19499397278, 10.6281642914, 17.747013092, 79.5530471802]], "icov": [[8.59592764755e-05, -6.34455573163e-05, 7.05591810402e-05, -5.60696098546e-05, 9.49303503148e-05, -0.000158045586431, 0.000113817579404, -0.00013904570369, 0.000106819796201, -7.10041276761e-05, -2.23558581638e-05, 0.00017466834106, -7.06500431988e-05], [-6.34455573163e-05, 0.00170202890877, -0.000349789741449, -0.000244010079768, -0.000894050055649, 0.00137319986243, -0.000878641963936, 0.00125758280046, -0.00122405169532, 0.00151763216127, -0.00125996826682, 0.00103029096499, -0.000389010063373], [7.05591810402e-05, -0.000349789741449, 0.00125812459737, -0.000492520397529, 4.90189886477e-05, -0.000601868319791, 0.000699798751157, -0.000705407874193, -2.40605459112e-06, -0.00081524613779, 0.000835893326439, -0.00149221089669, 0.00139443052467], [-5.60696098546e-05, -0.000244010079768, -0.000492520397529, 0.0033425046131, -0.000768063648138, -0.000541854882613, 0.000692457077093, -0.000572516932152, -0.000785826938227, -0.000581381551456, -0.000168890197529, 0.00130028056446, -0.000681995705236], [9.49303503148e-05, -0.000894050055649, 4.90189886477e-05, -0.000768063648138, 0.00376963475719, -0.000641168793663, -0.000633783056401, -0.00075351720443, 0.00125211803243, -0.00140971585643, 0.00105812225956, -0.000803656934295, 8.87930795557e-08], [-0.000158045586431, 0.00137319986243, -0.000601868319791, -0.000541854882613, -0.000641168793663, 0.0059735965915, -0.00260769552551, 0.000550343072973, -0.000191765546333, -0.000823296955787, -0.00217169523239, 0.00166112009902, -0.000571188225877], [0.000113817579404, -0.000878641963936, 0.000699798751157, 0.000692457077093, -0.000633783056401, -0.00260769552551, 0.00733545608819, -0.000729086517822, -0.000147871411173, 0.000810780155007, -0.00100368924905, 0.000170792962308, 0.000542558671441], [-0.00013904570369, 0.00125758280046, -0.000705407874193, -0.000572516932152, -0.00075351720443, 0.000550343072973, -0.000729086517822, 0.00953232683241, -0.00481251580641, 0.00198933249339, -0.00123688101303, 0.00113261432853, -0.00237504113466], [0.000106819796201, -0.00122405169532, -2.40605459112e-06, -0.000785826938227, 0.00125211803243, -0.000191765546333, -0.000147871411173, -0.00481251580641, 0.0140733402222, -0.0066221547313, 0.00159358268138, 0.00168171827681, -0.00205854536034], [-7.10041276761e-05, 0.00151763216127, -0.00081524613779, -0.000581381551456, -0.00140971585643, -0.000823296955787, 0.000810780155007, 0.00198933249339, -0.0066221547313, 0.0140156894922, -0.00525578577071, -0.00176448724233, 0.00111598172225], [-2.23558581638e-05, -0.00125996826682, 0.000835893326439, -0.000168890197529, 0.00105812225956, -0.00217169523239, -0.00100368924905, -0.00123688101303, 0.00159358268138, -0.00525578577071, 0.0135033177212, -0.00380728999153, 7.38515809644e-05], [0.00017466834106, 0.00103029096499, -0.00149221089669, 0.00130028056446, -0.000803656934295, 0.00166112009902, 0.000170792962308, 0.00113261432853, 0.00168171827681, -0.00176448724233, -0.00380728999153, 0.0190554391593, -0.00605376623571], [-7.06500431988e-05, -0.000389010063373, 0.00139443052467, -0.000681995705236, 8.87930795557e-08, -0.000571188225877, 0.000542558671441, -0.00237504113466, -0.00205854536034, 0.00111598172225, 7.38515809644e-05, -0.00605376623571, 0.0163658838719]], "mean": [-62.8293800354, 114.869392395, -132.028930664, 18.9753074646, -46.5621299744, 6.61349153519, -25.1898059845, 1.6705596447, -21.961561203, -3.01535630226, -13.6941223145, -5.95011615753, -10.019985199]}, "hfc": {"dmean": 4.22148656845, "dmean2": 5.54671525955, "dvar": 53.6140022278, "dvar2": 90.9809646606, "max": 173.860534668, "mean": 14.70287323, "median": 6.63384914398, "min": 1.09578203932e-16, "var": 359.302093506}, "melbands": {"dmean": [0.000266501243459, 0.000395807583118, 0.000367919157725, 0.000276968174148, 0.00013691035565, 0.000107300518721, 9.68966342043e-05, 8.11034478829e-05, 0.000133180976263, 0.000153824570589, 0.00014823168749, 8.19923079689e-05, 7.99774788902e-05, 8.19041597424e-05, 5.68406212551e-05, 3.48340472556e-05, 5.12582628289e-05, 3.34472388204e-05, 2.67750310741e-05, 1.99447003979e-05, 1.03749353002e-05, 8.72537839314e-06, 6.39070913167e-06, 5.36462675882e-06, 3.22164146382e-06, 1.95525808522e-06, 2.09258337236e-06, 1.73354624167e-06, 1.34773017635e-06, 1.01070781966e-06, 4.57408532384e-07, 2.84763672198e-07, 2.44028797169e-07, 2.28310554462e-07, 2.10676631696e-07, 1.70478728023e-07, 1.36845457632e-07, 1.11893697863e-07, 9.7469914806e-08, 6.6513365482e-08], "dmean2": [0.000429322681157, 0.000636975222733, 0.000570063770283, 0.000436646281742, 0.000213623527088, 0.000166255122167, 0.000152147345943, 0.000122681478388, 0.000194303836906, 0.000216640823055, 0.00020658109861, 0.00011622637976, 0.000117383991892, 0.000116681483632, 8.43301531859e-05, 5.15775464009e-05, 8.06716707302e-05, 5.06290234625e-05, 4.01221113862e-05, 3.03496744891e-05, 1.49454845086e-05, 1.24014004541e-05, 9.70633482211e-06, 8.11042355053e-06, 4.9498135013e-06, 2.89939248432e-06, 3.0560702271e-06, 2.50612492891e-06, 1.97161352844e-06, 1.48388107846e-06, 6.67884762606e-07, 4.17522642238e-07, 3.57707051535e-07, 3.4147043948e-07, 3.14963699566e-07, 2.48600457553e-07, 2.02894000267e-07, 1.66794379197e-07, 1.41457363156e-07, 9.4330431466e-08], "dvar": [5.4882002587e-07, 1.35575680815e-06, 8.40694042381e-07, 5.8502007505e-07, 1.1579844994e-07, 8.69633112188e-08, 6.92938968427e-08, 3.99868653744e-08, 1.74725300894e-07, 3.46797236261e-07, 2.55913420233e-07, 9.21814446997e-08, 7.29265039467e-08, 6.71494788662e-08, 2.63889230467e-08, 1.41870666326e-08, 2.6131500519e-08, 1.46842289439e-08, 8.7345783939e-09, 8.14985057218e-09, 2.64707189501e-09, 1.46630929621e-09, 2.44025993856e-10, 1.68304731263e-10, 5.16016188112e-11, 1.61529661175e-11, 2.86613163758e-11, 1.65500495253e-11, 9.0402563907e-12, 5.96018807225e-12, 1.00701977139e-12, 4.05353159892e-13, 4.6994542589e-13, 3.11912063018e-13, 2.64816190894e-13, 1.63472845829e-13, 1.29214672816e-13, 8.81120466845e-14, 7.2744443119e-14, 3.44863298075e-14], "dvar2": [1.28183444303e-06, 3.68269661521e-06, 2.04094249057e-06, 1.50757659867e-06, 2.70005898528e-07, 2.06267031899e-07, 1.65247101336e-07, 8.41176230892e-08, 3.31888571736e-07, 6.68393340675e-07, 4.29176594707e-07, 1.66226115539e-07, 1.54372912675e-07, 1.19808291288e-07, 5.52706822532e-08, 3.03658360679e-08, 6.28980814099e-08, 3.28544835781e-08, 1.85309083633e-08, 1.90022078073e-08, 5.36696820319e-09, 2.44439402053e-09, 5.36703681497e-10, 3.58653884369e-10, 1.21562968025e-10, 3.3558374829e-11, 5.32777537365e-11, 3.23946841574e-11, 1.91567577773e-11, 1.35125079528e-11, 2.25922384099e-12, 9.54943481062e-13, 1.14559924047e-12, 7.1691085143e-13, 6.12294557504e-13, 3.59212036201e-13, 2.74507792799e-13, 1.8870736679e-13, 1.62578961795e-13, 6.92971681014e-14], "max": [0.0120993070304, 0.0442446954548, 0.029960392043, 0.0161235556006, 0.0112050855532, 0.00942398421466, 0.00909765530378, 0.00793703272939, 0.0131404493004, 0.0184955652803, 0.0229303892702, 0.0102166384459, 0.00843966752291, 0.00968451332301, 0.0046542189084, 0.00335940346122, 0.00390016403981, 0.00399339897558, 0.0025032365229, 0.00460755778477, 0.00362948817201, 0.00198256992735, 0.000463268108433, 0.000377897842554, 0.000229377445066, 0.000110162160126, 0.000206435288419, 0.000102188278106, 7.12496403139e-05, 5.82367174502e-05, 2.73288060271e-05, 1.57762769959e-05, 3.41245504387e-05, 2.08653382288e-05, 1.46527290781e-05, 1.1211214769e-05, 1.42747248901e-05, 1.01979476312e-05, 8.208275176e-06, 7.37172194931e-06], "mean": [0.000471821433166, 0.0007900975761, 0.000728197745048, 0.000464948127046, 0.000239168424741, 0.000189892380149, 0.000155607631314, 0.000133547262521, 0.000236746142036, 0.000288114330033, 0.000277103972621, 0.000148491031723, 0.000150989013491, 0.000164525088621, 0.000104846432805, 5.64587826375e-05, 7.82842034823e-05, 5.48917632841e-05, 4.49466242571e-05, 3.11045514536e-05, 1.83941829164e-05, 1.63536333275e-05, 1.23400677694e-05, 1.07528931039e-05, 6.37236962575e-06, 4.22258699473e-06, 4.39180757894e-06, 3.49937022293e-06, 2.77917388303e-06, 1.91967933461e-06, 9.32326145175e-07, 5.39103780284e-07, 4.30116415373e-07, 3.69322066263e-07, 3.44423654042e-07, 2.86673468963e-07, 2.2150267398e-07, 1.83038920909e-07, 1.54121025275e-07, 1.00855800156e-07], "median": [0.000289308431093, 0.00040879676817, 0.000267532799626, 0.000161635107361, 8.87233472895e-05, 6.68455613777e-05, 5.20655958098e-05, 4.41655356553e-05, 5.25148279849e-05, 3.29903341481e-05, 5.59435575269e-05, 2.21498394239e-05, 2.08715064218e-05, 2.61805653281e-05, 2.32695456361e-05, 8.81013511389e-06, 1.44768246173e-05, 8.87403257366e-06, 7.31797626941e-06, 5.88050625083e-06, 3.94390190195e-06, 3.56341161023e-06, 3.44739055436e-06, 3.21425227412e-06, 2.27372902373e-06, 1.72506906893e-06, 1.38189830068e-06, 8.67088260748e-07, 7.78421394898e-07, 5.6000345694e-07, 3.65015011994e-07, 2.29462926882e-07, 1.3926839415e-07, 1.04529718215e-07, 8.52024655273e-08, 5.77493430853e-08, 4.26387742891e-08, 3.47865523054e-08, 2.48144580439e-08, 1.31090462929e-08], "min": [1.94756189091e-24, 2.85443342933e-24, 3.3497187626e-24, 3.03827470228e-24, 2.20854685786e-24, 1.84639245197e-24, 5.79743976667e-24, 4.32363065896e-24, 1.87146797357e-24, 2.86702897419e-24, 2.36440861501e-24, 4.34094063381e-24, 3.32433085208e-24, 4.04260685009e-24, 4.15663314406e-24, 4.86065127007e-24, 3.71608824952e-24, 4.90104055398e-24, 6.82889354404e-24, 3.18530279501e-24, 4.48416464204e-24, 5.48522360874e-24, 4.98096320774e-24, 3.49706496349e-24, 4.870491521e-24, 2.2204880426e-24, 5.35981089645e-24, 6.51689984489e-24, 5.75277722322e-24, 5.22005984836e-24, 6.43133328579e-24, 7.73839336978e-24, 6.80796506423e-24, 5.97495792503e-24, 5.46073066092e-24, 6.55512922765e-24, 6.7548565815e-24, 6.77858078437e-24, 7.14884606087e-24, 7.16355279473e-24], "var": [6.05977731993e-07, 1.88428043657e-06, 1.76874425506e-06, 9.09003063043e-07, 2.2733304661e-07, 1.88931267076e-07, 1.37724569527e-07, 8.73316139405e-08, 5.48368063846e-07, 1.13792691536e-06, 9.71501322056e-07, 2.96557260526e-07, 2.21630273245e-07, 2.65758643536e-07, 6.56952607869e-08, 3.40160681844e-08, 4.84383022581e-08, 2.95197928324e-08, 1.89406907936e-08, 1.21654668561e-08, 5.30929744613e-09, 4.22644319542e-09, 6.35119512538e-10, 4.27051338736e-10, 1.19392759568e-10, 5.28254662235e-11, 9.59771151443e-11, 5.28499986829e-11, 2.96286988e-11, 1.55973428617e-11, 2.87368089394e-12, 7.92993112581e-13, 1.00148643718e-12, 5.65799089438e-13, 4.82900015548e-13, 3.72129708775e-13, 3.02091495265e-13, 2.12985011572e-13, 1.48969392052e-13, 8.07180589187e-14]}, "melbands_crest": {"dmean": 2.85380196571, "dmean2": 4.55080461502, "dvar": 7.73422670364, "dvar2": 19.2164669037, "max": 37.9162368774, "mean": 13.1669588089, "median": 12.2828636169, "min": 1.55764818192, "var": 24.2235240936}, "melbands_flatness_db": {"dmean": 0.0211010407656, "dmean2": 0.0298512969166, "dvar": 0.000469995575259, "dvar2": 0.000912768009584, "max": 0.505895018578, "mean": 0.219710335135, "median": 0.213104277849, "min": 0.00341597618535, "var": 0.00389174697921}, "melbands_kurtosis": {"dmean": 4.35751152039, "dmean2": 6.82552242279, "dvar": 82.2534561157, "dvar2": 192.597747803, "max": 271.181427002, "mean": 8.772315979, "median": 4.1990032196, "min": -1.84072351456, "var": 202.557327271}, "melbands_skewness": {"dmean": 0.563072919846, "dmean2": 0.848286926746, "dvar": 0.43999555707, "dvar2": 0.936966657639, "max": 13.1763715744, "mean": 1.8807849884, "median": 1.73406076431, "min": -2.74612593651, "var": 2.5306251049}, "melbands_spread": {"dmean": 4.85871219635, "dmean2": 7.24664545059, "dvar": 33.6707572937, "dvar2": 70.9134063721, "max": 149.452667236, "mean": 20.9913635254, "median": 18.3308448792, "min": 0.866660714149, "var": 185.185684204}, "mfcc": {"cov": [[10052.9951172, 159.690383911, -573.295898438, -24.5925788879, -56.480884552, 56.1013946533, 167.425628662, 79.5581130981, 39.4715003967, 332.06137085, -88.0416641235, 102.703414917, -47.4782600403], [159.690383911, 1133.59741211, -52.4335823059, 210.594863892, 53.9466094971, -5.12519025803, 23.5462303162, 23.9067573547, -16.2652339935, -37.7585334778, -11.6808128357, -46.7851104736, -2.17476582527], [-573.295898438, -52.4335823059, 1046.08117676, 172.407791138, 211.283004761, 87.3542861938, -51.8574676514, 2.2260518074, 24.5572528839, 92.8180084229, 71.80418396, 33.2311134338, 96.4176330566], [-24.5925788879, 210.594863892, 172.407791138, 417.933380127, 185.265884399, 21.7929897308, -9.32054805756, 9.05921840668, 55.4710884094, 47.2080421448, 17.0098171234, 25.247461319, 47.677230835], [-56.480884552, 53.9466094971, 211.283004761, 185.265884399, 340.448547363, 65.4855957031, 23.525932312, 8.9039812088, 45.002910614, 76.0328445435, 6.64204740524, 40.2192459106, 59.4946365356], [56.1013946533, -5.12519025803, 87.3542861938, 21.7929897308, 65.4855957031, 235.565994263, 93.388885498, 6.87431049347, 17.1305751801, 27.9431209564, 55.2720298767, 33.4353942871, 16.9966049194], [167.425628662, 23.5462303162, -51.8574676514, -9.32054805756, 23.525932312, 93.388885498, 179.378829956, 50.0047416687, -10.1258268356, 40.8101387024, 0.0725681707263, 22.3467788696, 9.68656158447], [79.5581130981, 23.9067573547, 2.2260518074, 9.05921840668, 8.9039812088, 6.87431049347, 50.0047416687, 105.478507996, 22.7293548584, 24.528345108, -3.66544699669, -4.25739479065, 1.9066324234], [39.4715003967, -16.2652339935, 24.5572528839, 55.4710884094, 45.002910614, 17.1305751801, -10.1258268356, 22.7293548584, 124.327529907, 35.5638084412, 15.5424385071, 13.7900266647, 6.15850496292], [332.06137085, -37.7585334778, 92.8180084229, 47.2080421448, 76.0328445435, 27.9431209564, 40.8101387024, 24.528345108, 35.5638084412, 159.942428589, 28.7031211853, 39.1756668091, 27.1256732941], [-88.0416641235, -11.6808128357, 71.80418396, 17.0098171234, 6.64204740524, 55.2720298767, 0.0725681707263, -3.66544699669, 15.5424385071, 28.7031211853, 101.89150238, 33.148853302, 5.5176692009], [102.703414917, -46.7851104736, 33.2311134338, 25.247461319, 40.2192459106, 33.4353942871, 22.3467788696, -4.25739479065, 13.7900266647, 39.1756668091, 33.148853302, 93.8190231323, 41.2993354797], [-47.4782600403, -2.17476582527, 96.4176330566, 47.677230835, 59.4946365356, 16.9966049194, 9.68656158447, 1.9066324234, 6.15850496292, 27.1256732941, 5.5176692009, 41.2993354797, 93.6967773438]], "icov": [[0.000120238619274, -3.25911714754e-05, 7.05685015419e-05, -6.93764786774e-06, 6.99950251146e-05, -9.97978422674e-05, 6.32046721876e-05, -4.00255448767e-05, 3.08889575535e-05, -0.000349425507011, 0.000246057403274, -0.000182523275726, 0.000124114565551], [-3.25911714754e-05, 0.00107132003177, 0.000106254359707, -0.000666964275297, -5.34999016963e-05, 8.58929852257e-05, -0.000257099716691, -0.000177374764462, 0.000298126600683, 0.000395420123823, -0.000301092455629, 0.000719156232662, -0.000146355247125], [7.05685015419e-05, 0.000106254359707, 0.00139291759115, -0.000235947154579, -0.000474513595691, -0.000571041775402, 0.000942252459936, -0.00037422258174, 0.000470789440442, -0.00069218641147, -0.000550052791368, 0.000569855852518, -0.00100932875648], [-6.93764786774e-06, -0.000666964275297, -0.000235947154579, 0.0037562539801, -0.00158803374507, 0.000288134528091, 0.000269019248663, 5.84289737162e-05, -0.00106379424687, -4.88871955895e-05, -0.000324581342284, -0.00019208152662, -0.000572613556869], [6.99950251146e-05, -5.34999016963e-05, -0.000474513595691, -0.00158803374507, 0.00493708299473, -0.00109808391426, 1.04432492662e-05, 0.000267064839136, -0.000582788488828, -0.00145582971163, 0.00172377610579, -0.000728484534193, -0.000932273513172], [-9.97978422674e-05, 8.58929852257e-05, -0.000571041775402, 0.000288134528091, -0.00109808391426, 0.00735334772617, -0.00466796243563, 0.00164811848663, -0.00125781167299, 0.00157905858941, -0.00390491262078, 0.000238569569774, -4.48426981166e-05], [6.32046721876e-05, -0.000257099716691, 0.000942252459936, 0.000269019248663, 1.04432492662e-05, -0.00466796243563, 0.0105352895334, -0.00467657623813, 0.00260986760259, -0.00256391777657, 0.00261797034182, -0.00191582925618, 2.67069044639e-05], [-4.00255448767e-05, -0.000177374764462, -0.00037422258174, 5.84289737162e-05, 0.000267064839136, 0.00164811848663, -0.00467657623813, 0.0124990064651, -0.00294511043467, -0.000618897844106, -0.000270376302069, 0.00201857183129, -0.000409522210248], [3.08889575535e-05, 0.000298126600683, 0.000470789440442, -0.00106379424687, -0.000582788488828, -0.00125781167299, 0.00260986760259, -0.00294511043467, 0.0101970266551, -0.00181105476804, -0.000319137820043, -0.000747650803532, 0.000670174602419], [-0.000349425507011, 0.000395420123823, -0.00069218641147, -4.88871955895e-05, -0.00145582971163, 0.00157905858941, -0.00256391777657, -0.000618897844106, -0.00181105476804, 0.00992281828076, -0.00263747153804, -0.00120749499183, -0.000581212341785], [0.000246057403274, -0.000301092455629, -0.000550052791368, -0.000324581342284, 0.00172377610579, -0.00390491262078, 0.00261797034182, -0.000270376302069, -0.000319137820043, -0.00263747153804, 0.0148045588285, -0.00527521735057, 0.002435447881], [-0.000182523275726, 0.000719156232662, 0.000569855852518, -0.00019208152662, -0.000728484534193, 0.000238569569774, -0.00191582925618, 0.00201857183129, -0.000747650803532, -0.00120749499183, -0.00527521735057, 0.0173738859594, -0.00693681789562], [0.000124114565551, -0.000146355247125, -0.00100932875648, -0.000572613556869, -0.000932273513172, -4.48426981166e-05, 2.67069044639e-05, -0.000409522210248, 0.000670174602419, -0.000581212341785, 0.002435447881, -0.00693681789562, 0.0157062839717]], "mean": [-700.61138916, 145.57611084, -21.0394649506, 18.9747409821, -1.88153135777, 5.6750535965, 3.96511435509, 2.73868894577, -0.640109837055, 1.70632123947, -2.07134199142, 0.0158581100404, -4.57092761993]}, "pitch_salience": {"dmean": 0.0631712079048, "dmean2": 0.100191541016, "dvar": 0.00334050902165, "dvar2": 0.00833950191736, "max": 0.849419593811, "mean": 0.557593047619, "median": 0.561829090118, "min": 0.0432352013886, "var": 0.0115533815697}, "silence_rate_20dB": {"dmean": 0, "dmean2": 0, "dvar": 0, "dvar2": 0, "max": 1, "mean": 1, "median": 1, "min": 1, "var": 0}, "silence_rate_30dB": {"dmean": 0.00452974112704, "dmean2": 0.00906056258827, "dvar": 0.00450837379321, "dvar2": 0.0104102827609, "max": 1, "mean": 0.99463647604, "median": 1, "min": 0, "var": 0.0053358823061}, "silence_rate_60dB": {"dmean": 0.0395756363869, "dmean2": 0.0791607052088, "dvar": 0.0380095466971, "dvar2": 0.0819582566619, "max": 1, "mean": 0.141239568591, "median": 0, "min": 0, "var": 0.121298626065}, "spectral_centroid": {"dmean": 166.123397827, "dmean2": 244.673492432, "dvar": 53291.3671875, "dvar2": 106477.335938, "max": 11483.5546875, "mean": 1178.92834473, "median": 1114.89892578, "min": 159.320266724, "var": 479065.15625}, "spectral_complexity": {"dmean": 2.49493384361, "dmean2": 3.57701468468, "dvar": 7.21536874771, "dvar2": 12.4041433334, "max": 49, "mean": 13.8249101639, "median": 13, "min": 0, "var": 64.142616272}, "spectral_contrast_coeffs": {"dmean": [0.0421615466475, 0.042958162725, 0.038901373744, 0.0300130471587, 0.0224452652037, 0.0171004980803], "dmean2": [0.0692245736718, 0.0694402009249, 0.060012485832, 0.0468414202332, 0.0341741330922, 0.0261771194637], "dvar": [0.00133154494688, 0.00131628545932, 0.00121343357023, 0.000666175386868, 0.000426844053436, 0.000262041605311], "dvar2": [0.00354458834045, 0.00320253544487, 0.00258549372666, 0.00147253763862, 0.000861435837578, 0.000558988424018], "max": [-0.294209867716, -0.404138028622, -0.358027607203, -0.448774933815, -0.539780855179, -0.581043124199], "mean": [-0.647990822792, -0.743863105774, -0.729001104832, -0.754725754261, -0.771688222885, -0.759568154812], "median": [-0.658877134323, -0.75224673748, -0.749650716782, -0.763656258583, -0.779051482677, -0.761429309845], "min": [-0.979356884956, -0.971022903919, -0.969622135162, -0.965923607349, -0.967039942741, -0.962631165981], "var": [0.00878524687141, 0.00620751455426, 0.0106028877199, 0.00508052343503, 0.0035852054134, 0.00214000372216]}, "spectral_contrast_valleys": {"dmean": [0.363948762417, 0.3564645648, 0.336809396744, 0.290425479412, 0.253403514624, 0.328244119883], "dmean2": [0.589058339596, 0.565028071404, 0.520269215107, 0.437236726284, 0.352887988091, 0.417429715395], "dvar": [0.132661655545, 0.121744789183, 0.119529828429, 0.0922150686383, 0.0903765261173, 0.17522957921], "dvar2": [0.292427957058, 0.247388184071, 0.236293748021, 0.169913321733, 0.149585038424, 0.29054197669], "max": [-5.26857376099, -4.63545417786, -5.12244653702, -5.6609916687, -6.19669485092, -8.40829277039], "mean": [-7.89584493637, -7.21136713028, -7.79081010818, -8.17607688904, -8.4191532135, -11.3538541794], "median": [-7.35667419434, -6.99009227753, -7.60842132568, -7.94690322876, -8.16903305054, -11.2710971832], "min": [-27.8882846832, -27.8570022583, -27.7013473511, -27.6184215546, -27.4781723022, -27.315990448], "var": [3.1631629467, 2.33234143257, 2.12929344177, 2.14972019196, 2.11983299255, 2.10790681839]}, "spectral_decrease": {"dmean": 1.39735500948e-09, "dmean2": 1.92712001912e-09, "dvar": 5.28292712123e-18, "dvar2": 9.80457180059e-18, "max": 1.31099002242e-28, "mean": -4.6470511883e-09, "median": -2.82297740739e-09, "min": -6.03135816846e-08, "var": 2.48259301878e-17}, "spectral_energy": {"dmean": 0.00561164226383, "dmean2": 0.00770647265017, "dvar": 8.36902472656e-05, "dvar2": 0.000153330562171, "max": 0.233342960477, "mean": 0.0188726447523, "median": 0.0113150356337, "min": 1.02456182024e-20, "var": 0.000410936714616}, "spectral_energyband_high": {"dmean": 9.01514868019e-05, "dmean2": 0.000121149540064, "dvar": 2.53773215775e-08, "dvar2": 4.91422404991e-08, "max": 0.00388124026358, "mean": 0.000213568579056, "median": 8.24462185847e-05, "min": 7.37422630362e-21, "var": 9.73933893533e-08}, "spectral_energyband_low": {"dmean": 0.00209776917472, "dmean2": 0.00324494973756, "dvar": 2.63084839389e-05, "dvar2": 6.51401860523e-05, "max": 0.160910442472, "mean": 0.00461876951158, "median": 0.00247404584661, "min": 2.46376391053e-23, "var": 4.58814320154e-05}, "spectral_energyband_middle_high": {"dmean": 0.00223205564544, "dmean2": 0.00312591833062, "dvar": 2.13013991015e-05, "dvar2": 3.78226250177e-05, "max": 0.102877050638, "mean": 0.0066847470589, "median": 0.00247185397893, "min": 1.11356847364e-21, "var": 0.000124311132822}, "spectral_energyband_middle_low": {"dmean": 0.00333030568436, "dmean2": 0.00470259506255, "dvar": 3.99446907977e-05, "dvar2": 7.93495273683e-05, "max": 0.143907621503, "mean": 0.00872657448053, "median": 0.00443995837122, "min": 1.75244251026e-22, "var": 0.000144287507283}, "spectral_entropy": {"dmean": 0.145328134298, "dmean2": 0.205804795027, "dvar": 0.0239226296544, "dvar2": 0.0436239130795, "max": 9.81709289551, "mean": 7.24963665009, "median": 7.27650260925, "min": 4.68335437775, "var": 0.207621186972}, "spectral_flux": {"dmean": 0.0192746333778, "dmean2": 0.0292829591781, "dvar": 0.000598838727456, "dvar2": 0.00125393562485, "max": 0.339436918497, "mean": 0.0618935637176, "median": 0.0466689839959, "min": 6.45216727269e-11, "var": 0.00237322458997}, "spectral_kurtosis": {"dmean": 2.37141060829, "dmean2": 4.03056335449, "dvar": 10.3813018799, "dvar2": 28.2856864929, "max": 131.117507935, "mean": 6.94877719879, "median": 5.79278373718, "min": -1.25740218163, "var": 30.6010284424}, "spectral_rms": {"dmean": 0.000574880745262, "dmean2": 0.000774874875788, "dvar": 5.38427457286e-07, "dvar2": 8.84863709416e-07, "max": 0.01508813072, "mean": 0.00373842334375, "median": 0.00332250795327, "min": 3.16160162286e-12, "var": 4.43652834292e-06}, "spectral_rolloff": {"dmean": 250.888214111, "dmean2": 409.081115723, "dvar": 244348.203125, "dvar2": 491499.21875, "max": 19444.4824219, "mean": 1205.98303223, "median": 1119.7265625, "min": 21.533203125, "var": 1328340.625}, "spectral_skewness": {"dmean": 0.249671578407, "dmean2": 0.409151673317, "dvar": 0.068411372602, "dvar2": 0.171943068504, "max": 9.24290752411, "mean": 1.80309402943, "median": 1.71425318718, "min": -0.0601583234966, "var": 0.332310140133}, "spectral_spread": {"dmean": 423269.90625, "dmean2": 623492.6875, "dvar": 636568338