{"lowlevel": {"average_loudness": 0.73290848732, "barkbands": {"dmean": [3.2694566471e-05, 0.00130072678439, 0.00110725627746, 0.000716905226, 0.0015292345779, 0.00069887022255, 0.00118146813475, 0.00185387034435, 0.000949491630308, 0.000413129804656, 0.000291764823487, 0.000408939929912, 0.000282332213828, 0.000292570330203, 0.000217437671381, 0.000200215363293, 0.000209758203709, 0.000255641993135, 0.000160807569046, 6.63120445097e-05, 5.74504520046e-05, 6.1190330598e-05, 3.76616553694e-05, 2.79501855402e-05, 1.52327802425e-05, 2.67396626441e-06, 2.14079818761e-07], "dmean2": [5.66877242818e-05, 0.00225351355039, 0.00196432112716, 0.00122035620734, 0.00257665175013, 0.00110287836287, 0.00186695042066, 0.00290972460061, 0.00145693088416, 0.000639681180473, 0.000465491175419, 0.000643669860438, 0.000445219222456, 0.000453368382296, 0.000338454527082, 0.000317904487019, 0.00032070139423, 0.000385064835427, 0.000257025734754, 0.00010922524234, 9.10110393306e-05, 9.22843973967e-05, 5.70265146962e-05, 4.1219911509e-05, 2.23383776756e-05, 3.98580914407e-06, 3.55806321295e-07], "dvar": [1.27985506637e-08, 1.3478753317e-05, 1.1570665265e-05, 1.88452020211e-06, 8.66181289894e-06, 1.796841957e-06, 8.69820360094e-06, 1.46036700244e-05, 5.4909546634e-06, 9.40003076266e-07, 6.59033389638e-07, 8.52319089972e-07, 5.02270836478e-07, 5.86065311836e-07, 3.70018483409e-07, 2.54774931818e-07, 3.20076281923e-07, 3.23476456288e-07, 1.05944522488e-07, 2.12549000622e-08, 3.0470609147e-08, 3.07433118962e-08, 1.02598827212e-08, 7.09872116644e-09, 2.26670371362e-09, 5.61956557676e-11, 6.44433616713e-13], "dvar2": [3.54745779418e-08, 3.66456515621e-05, 3.2744355849e-05, 5.14722705702e-06, 2.38194879785e-05, 4.18727950091e-06, 2.00403846975e-05, 3.48756439053e-05, 1.22279061543e-05, 2.01200168704e-06, 1.56122507633e-06, 1.94852623281e-06, 1.19133278531e-06, 1.37652648391e-06, 8.5128738192e-07, 6.00588919042e-07, 7.24260985407e-07, 6.27689018984e-07, 2.44244091618e-07, 5.61202995186e-08, 7.79247741889e-08, 6.55822276485e-08, 2.31980514798e-08, 1.72821934541e-08, 5.28435473157e-09, 1.32759594984e-10, 1.75623187867e-12], "max": [0.00253434013575, 0.0502679049969, 0.0515672974288, 0.0242938287556, 0.0419995076954, 0.0346541777253, 0.0441782996058, 0.0517309047282, 0.0432813316584, 0.0206596069038, 0.0210402403027, 0.0234924275428, 0.0123941358179, 0.0150568978861, 0.020571872592, 0.0116762779653, 0.024952089414, 0.0128738535568, 0.00755415158346, 0.00260226475075, 0.00745615269989, 0.00486758537591, 0.00246121664532, 0.00392850069329, 0.00243797409348, 0.000230931953411, 1.80630249815e-05], "mean": [2.73606765404e-05, 0.00169574213214, 0.00124317256268, 0.00105193583295, 0.00257980660535, 0.00128311058506, 0.00175658334047, 0.00341874384321, 0.001457716804, 0.000766381970607, 0.000446613208624, 0.000729435298126, 0.000446381192887, 0.000466995377792, 0.00038247203338, 0.000338578800438, 0.000399388838559, 0.000533732876647, 0.000366914697224, 0.000119239273772, 0.000104140213807, 0.000103914033389, 6.74856128171e-05, 5.22563968843e-05, 2.53931320913e-05, 4.01418492402e-06, 2.50101663823e-07], "median": [2.57948886428e-06, 0.000938199227676, 0.0004872821155, 0.000535453320481, 0.00163373467512, 0.000658352626488, 0.000564889283851, 0.000618319609202, 0.000320126651786, 0.000160395502462, 0.000107957217551, 0.000218057306483, 9.31899267016e-05, 0.00012667629926, 9.47245353018e-05, 8.93236137927e-05, 0.000123735982925, 0.000161476287758, 0.000151344313053, 5.42521302123e-05, 4.18271047238e-05, 4.11421315221e-05, 2.89080162474e-05, 2.02276132768e-05, 7.53164931666e-06, 1.10953681087e-06, 6.41280237801e-08], "min": [2.84797472927e-25, 1.35730145175e-24, 9.08041419136e-25, 1.10588448011e-24, 1.12850039257e-23, 1.94025625007e-24, 5.08345201654e-24, 6.5212105753e-24, 1.7321268176e-23, 1.31903373035e-23, 1.35309303659e-23, 1.73845253543e-23, 2.34048688137e-23, 2.00732283765e-23, 5.46784168978e-23, 7.17954805398e-23, 7.83898086603e-23, 9.61674139373e-23, 1.26630514726e-22, 1.82041303778e-22, 2.02852716635e-22, 2.69312316768e-22, 4.08824551423e-22, 5.84938568929e-22, 9.23316629826e-22, 1.26862909362e-21, 1.77909929408e-21], "var": [8.86088180607e-09, 1.01636933323e-05, 8.30990393297e-06, 2.4168721211e-06, 1.0820434909e-05, 3.94752078137e-06, 1.47241526065e-05, 4.11559085478e-05, 1.12509287646e-05, 2.51235542237e-06, 1.21073151149e-06, 2.1151161036e-06, 9.57126417234e-07, 1.07277151074e-06, 9.30243174935e-07, 5.48929165234e-07, 7.33147373921e-07, 1.00846250461e-06, 3.59696400665e-07, 3.58298741787e-08, 4.33613855932e-08, 4.92419083287e-08, 1.61668669563e-08, 1.03466657464e-08, 3.53704088241e-09, 7.75278521936e-11, 5.07695773443e-13]}, "barkbands_crest": {"dmean": 2.35565471649, "dmean2": 3.84862494469, "dvar": 4.81292629242, "dvar2": 12.2767648697, "max": 24.7742671967, "mean": 9.36465835571, "median": 8.62476348877, "min": 2.74784708023, "var": 12.9499473572}, "barkbands_flatness_db": {"dmean": 0.0178464464843, "dmean2": 0.0275369025767, "dvar": 0.000318534381222, "dvar2": 0.000717921706382, "max": 0.516364037991, "mean": 0.142039954662, "median": 0.134605199099, "min": 0.0202509183437, "var": 0.00241159694269}, "barkbands_kurtosis": {"dmean": 2.03411197662, "dmean2": 3.245470047, "dvar": 13.2647657394, "dvar2": 33.1385955811, "max": 88.1631698608, "mean": 3.66976499557, "median": 2.08398771286, "min": -1.89257097244, "var": 30.9572620392}, "barkbands_skewness": {"dmean": 0.414001792669, "dmean2": 0.64580142498, "dvar": 0.203130200505, "dvar2": 0.481421560049, "max": 6.91598701477, "mean": 1.38587260246, "median": 1.31107532978, "min": -2.21573257446, "var": 0.941093504429}, "barkbands_spread": {"dmean": 4.17405986786, "dmean2": 6.39933347702, "dvar": 30.3896903992, "dvar2": 60.1092300415, "max": 99.7529525757, "mean": 18.5386047363, "median": 16.8625450134, "min": 0.805760264397, "var": 119.702537537}, "dissonance": {"dmean": 0.0204279664904, "dmean2": 0.034318048507, "dvar": 0.000394052505726, "dvar2": 0.00106144195888, "max": 0.499999970198, "mean": 0.454296797514, "median": 0.461253374815, "min": 0.247108340263, "var": 0.000999647541903}, "dynamic_complexity": 4.40808773041, "erbbands": {"dmean": [0.022957963869, 0.355124026537, 1.23877584934, 1.74210381508, 4.843126297, 4.78565168381, 4.68146753311, 6.48522043228, 12.3506040573, 25.7747383118, 39.9328689575, 19.2676868439, 14.9778194427, 10.5583696365, 12.3816576004, 15.1983909607, 11.2798500061, 14.8450307846, 11.0503873825, 10.3655910492, 10.8661231995, 10.8095293045, 11.8816013336, 10.2437438965, 6.21459293365, 2.70108366013, 2.5337395668, 2.0200548172, 2.15642142296, 1.78914403915, 0.943510115147, 0.679783761501, 0.430190056562, 0.232932567596, 0.0757530480623, 0.0181288123131, 0.00389705435373, 0.000536046456546, 3.77682627004e-05, 8.19574779598e-06], "dmean2": [0.0390662364662, 0.62372893095, 2.20177721977, 2.99498915672, 8.24625205994, 8.0749797821, 7.71208429337, 10.1534881592, 19.7569694519, 40.1395721436, 61.0671005249, 29.0307235718, 23.1053237915, 16.4544696808, 19.2914848328, 23.5646343231, 17.4821300507, 22.7278690338, 16.6246166229, 16.1280136108, 16.7936668396, 16.099067688, 17.7972545624, 15.4602069855, 10.0205106735, 4.38646745682, 4.10101938248, 3.13098549843, 3.26902675629, 2.73850512505, 1.43251180649, 1.02562391758, 0.631624341011, 0.344188272953, 0.11192728579, 0.0270352009684, 0.00574971362948, 0.000827214447781, 6.09260823694e-05, 1.27512967083e-05], "dvar": [0.00430316338316, 1.05220985413, 14.3528032303, 13.8599214554, 110.89730835, 82.8929748535, 74.2590255737, 173.944152832, 1168.5435791, 3324.33251953, 7904.66455078, 2396.2734375, 1187.2779541, 592.003051758, 997.336425781, 1354.89013672, 861.152160645, 1223.98583984, 1134.78393555, 858.607849121, 690.08013916, 753.444580078, 667.007141113, 509.74710083, 130.074676514, 34.3463363647, 60.3066482544, 31.5137767792, 41.6214408875, 25.7838802338, 6.50800895691, 3.63522315025, 1.75520730019, 0.634455680847, 0.0343113467097, 0.00214305031113, 0.00014775301679, 3.03480624098e-06, 1.68261866662e-08, 1.71780659142e-10], "dvar2": [0.0112546030432, 2.92642188072, 40.5000953674, 37.0185928345, 307.218994141, 228.961898804, 181.078201294, 412.223480225, 2778.57055664, 7496.13671875, 17819.1738281, 5443.83007812, 2700.68505859, 1408.42687988, 2263.04174805, 2944.0612793, 2038.87634277, 2813.03149414, 2454.62524414, 2112.67724609, 1498.14233398, 1643.54614258, 1283.42077637, 974.541992188, 330.223083496, 89.4662017822, 160.814758301, 73.7739868164, 90.1477737427, 55.5647468567, 14.8307723999, 8.86672019958, 4.1211309433, 1.50495243073, 0.0741073638201, 0.00495477532968, 0.000349351583282, 7.49619721319e-06, 4.50378792038e-08, 4.24209667393e-10], "max": [1.29166555405, 12.9601173401, 56.9841575623, 54.4080619812, 189.82598877, 172.450927734, 262.974731445, 385.546173096, 719.50958252, 1163.00756836, 1343.63989258, 1250.51586914, 748.503967285, 563.881286621, 793.850769043, 1197.03283691, 556.732910156, 779.505432129, 1197.9017334, 580.136535645, 806.382995605, 1065.87451172, 662.646728516, 602.631408691, 212.593933105, 124.972511292, 350.003753662, 143.382385254, 172.182220459, 118.84500885, 59.960849762, 71.1603469849, 66.4686355591, 44.6029701233, 5.30954456329, 1.03268873692, 0.460115343332, 0.0335595719516, 0.00254349992611, 0.000199858419364], "mean": [0.030315419659, 0.448499470949, 1.4275906086, 2.45626831055, 7.44139623642, 7.62333345413, 7.95247364044, 12.0175905228, 19.6630954742, 44.760345459, 74.2291870117, 33.0428199768, 27.3059253693, 21.7648410797, 22.3365631104, 28.0851955414, 20.0682239532, 26.2525997162, 20.1703987122, 19.6496677399, 20.4453487396, 23.1111392975, 27.0561542511, 24.8845214844, 14.5930299759, 5.53662014008, 4.44816923141, 3.61241221428, 3.7348382473, 2.9142100811, 1.77653515339, 1.31183540821, 0.748142063618, 0.377123296261, 0.1241633147, 0.0294077191502, 0.00560952862725, 0.000672850757837, 5.67559945921e-05, 2.58689833572e-05], "median": [0.0141463149339, 0.238167762756, 0.600635766983, 1.35256993771, 3.82305526733, 4.45025491714, 4.33656930923, 5.63911628723, 7.28757238388, 14.0927495956, 14.129076004, 8.15334320068, 7.68232917786, 5.92461490631, 7.08651256561, 9.10891819, 5.64174890518, 7.54987001419, 5.49937868118, 4.74738168716, 6.27888250351, 7.61037254333, 8.98062896729, 9.00857448578, 6.65625572205, 2.94153618813, 1.89467382431, 1.45626521111, 1.50454449654, 1.05955970287, 0.788331151009, 0.54691952467, 0.262580811977, 0.115773715079, 0.0364946722984, 0.00866345781833, 0.00136411376297, 0.000144101912156, 2.42366295424e-05, 2.00212016352e-05], "min": [4.15019438247e-23, 6.62544407622e-22, 1.60704986661e-21, 8.62491127289e-21, 1.59276195731e-20, 2.40630669133e-20, 3.70010424951e-20, 3.57064466753e-20, 8.14019135032e-20, 1.48665397483e-19, 2.70086929407e-19, 3.41205126739e-19, 3.03238493051e-19, 8.59622325985e-19, 8.52529614124e-19, 1.03752292295e-18, 1.22442510614e-18, 1.83236346189e-18, 2.14444174981e-18, 3.28353004427e-18, 4.22566125821e-18, 5.29089369771e-18, 4.71649079496e-18, 6.61849087031e-18, 6.02612615414e-18, 8.39507423477e-18, 8.5294406263e-18, 9.80606651596e-18, 8.85392951853e-18, 1.15654589993e-17, 1.20301847839e-17, 1.12083982161e-17, 9.19985148762e-18, 8.78889823313e-18, 6.94901114998e-18, 4.35740217847e-18, 2.28993185941e-18, 8.78122013589e-19, 2.4809170578e-19, 2.42846059146e-20], "var": [0.00353032303974, 0.751512467861, 10.2470531464, 13.7911405563, 133.664611816, 104.851104736, 129.046401978, 378.172424316, 1875.71655273, 7536.23291016, 21369.9140625, 5733.34765625, 2551.86010742, 1726.03662109, 2080.30981445, 3527.6809082, 1689.86645508, 2834.56103516, 2486.47485352, 2202.9140625, 1676.55725098, 2097.328125, 2348.5859375, 2117.08398438, 441.908447266, 61.3544502258, 80.0493240356, 47.9776115417, 63.2663841248, 41.9185333252, 10.3132610321, 5.70787858963, 2.51973891258, 0.881586551666, 0.0646931454539, 0.00352361658588, 0.000186325851246, 3.21793231706e-06, 1.52048844626e-08, 4.97354324391e-10]}, "erbbands_crest": {"dmean": 2.70239973068, "dmean2": 4.28447723389, "dvar": 7.07196807861, "dvar2": 17.0079994202, "max": 31.1130867004, "mean": 9.82323932648, "median": 8.79482746124, "min": 2.59024596214, "var": 21.7615451813}, "erbbands_flatness_db": {"dmean": 0.0169977582991, "dmean2": 0.0247120764107, "dvar": 0.0002981236903, "dvar2": 0.000576425518375, "max": 0.424316734076, "mean": 0.172848328948, "median": 0.174144402146, "min": 0.0335408039391, "var": 0.00141446711496}, "erbbands_kurtosis": {"dmean": 0.952691435814, "dmean2": 1.49155807495, "dvar": 2.43895888329, "dvar2": 5.6547794342, "max": 45.4134407043, "mean": 0.701634705067, "median": -0.0833740234375, "min": -1.76595211029, "var": 7.39835309982}, "erbbands_skewness": {"dmean": 0.342445641756, "dmean2": 0.514857470989, "dvar": 0.122424565256, "dvar2": 0.251919567585, "max": 5.60347080231, "mean": 0.53991830349, "median": 0.531449913979, "min": -3.88180780411, "var": 0.769097566605}, "erbbands_spread": {"dmean": 6.55979681015, "dmean2": 10.0948705673, "dvar": 57.9403190613, "dvar2": 134.720962524, "max": 119.35761261, "mean": 33.6949272156, "median": 31.7988872528, "min": 1.53332483768, "var": 190.026123047}, "gfcc": {"cov": [[23693.8535156, 527.152038574, -2854.46533203, 547.876159668, -1630.09448242, 467.762176514, -914.462402344, 513.337036133, -443.830749512, -138.503860474, -231.661590576, -141.689208984, -408.835693359], [527.152038574, 1042.41149902, 89.6914596558, 10.4839782715, 174.664825439, -133.695297241, 93.8787078857, -85.7203063965, 101.000343323, -22.508523941, 59.1937789917, -18.8080883026, 32.7163543701], [-2854.46533203, 89.6914596558, 877.98626709, 90.7287521362, 233.719970703, -15.063369751, 118.168922424, -63.4392089844, 67.0580368042, 96.4151153564, 21.9188613892, 46.1104507446, 91.2234344482], [547.876159668, 10.4839782715, 90.7287521362, 284.099517822, 42.517993927, 31.3523159027, -43.7076377869, -24.7059955597, 9.75693702698, 35.7770576477, -6.59386205673, 0.542109370232, 33.7152862549], [-1630.09448242, 174.664825439, 233.719970703, 42.517993927, 395.055358887, -26.7580566406, 37.5648994446, -61.9996986389, 63.3233566284, 40.6494369507, 13.0313081741, -0.345905423164, 54.8939437866], [467.762176514, -133.695297241, -15.063369751, 31.3523159027, -26.7580566406, 164.381820679, 44.7606391907, 49.6813087463, -31.315946579, 16.1667041779, -9.10022926331, -3.1781411171, -9.16087818146], [-914.462402344, 93.8787078857, 118.168922424, -43.7076377869, 37.5648994446, 44.7606391907, 280.770721436, 45.018032074, 7.4546880722, -8.97758579254, 19.7828559875, 2.08339810371, -10.3840274811], [513.337036133, -85.7203063965, -63.4392089844, -24.7059955597, -61.9996986389, 49.6813087463, 45.018032074, 164.813766479, 17.1066188812, -10.9493465424, 7.34416484833, -3.9903819561, -23.5955181122], [-443.830749512, 101.000343323, 67.0580368042, 9.75693702698, 63.3233566284, -31.315946579, 7.4546880722, 17.1066188812, 127.258575439, 26.9425830841, 20.4506549835, -4.39287853241, 9.81232261658], [-138.503860474, -22.508523941, 96.4151153564, 35.7770576477, 40.6494369507, 16.1667041779, -8.97758579254, -10.9493465424, 26.9425830841, 107.187812805, 17.7328224182, 0.658098340034, 11.2925806046], [-231.661590576, 59.1937789917, 21.9188613892, -6.59386205673, 13.0313081741, -9.10022926331, 19.7828559875, 7.34416484833, 20.4506549835, 17.7328224182, 81.3020019531, 19.5658035278, 4.46944141388], [-141.689208984, -18.8080883026, 46.1104507446, 0.542109370232, -0.345905423164, -3.1781411171, 2.08339810371, -3.9903819561, -4.39287853241, 0.658098340034, 19.5658035278, 66.2402038574, 19.4743652344], [-408.835693359, 32.7163543701, 91.2234344482, 33.7152862549, 54.8939437866, -9.16087818146, -10.3840274811, -23.5955181122, 9.81232261658, 11.2925806046, 4.46944141388, 19.4743652344, 75.4848709106]], "icov": [[0.000437046197476, -0.00114210683387, 0.000957900949288, -0.00105861993507, 0.00114366889466, -0.00119327695575, 0.00139719899744, -0.0014519856777, 0.00116626836825, -0.00108541164082, 0.00129383581225, -0.000845163594931, 0.00109134661034], [-0.00114210683387, 0.0043758675456, -0.00237884861417, 0.00254887505434, -0.00328629417345, 0.00395989511162, -0.00431958027184, 0.00448389677331, -0.00383480358869, 0.00347066181712, -0.00429890025407, 0.00293248402886, -0.00319091440178], [0.000957900949288, -0.00237884861417, 0.00390578433871, -0.0026579676196, 0.00194278580602, -0.0022502548527, 0.00206745229661, -0.00277206930332, 0.00215791678056, -0.00357918860391, 0.00321731157601, -0.00277762813494, 0.00119920819998], [-0.00105861993507, 0.00254887505434, -0.0026579676196, 0.00678563816473, -0.00279214978218, 0.00150239677168, -0.0024328858126, 0.00384001270868, -0.00303096952848, 0.00193052715622, -0.00275703310035, 0.00236615794711, -0.00392051786184], [0.00114366889466, -0.00328629417345, 0.00194278580602, -0.00279214978218, 0.00661984505132, -0.0033105246257, 0.0033236653544, -0.00276497798041, 0.00183119811118, -0.00319903879426, 0.003426004434, -0.00145496218465, 0.00130798690952], [-0.00119327695575, 0.00395989511162, -0.0022502548527, 0.00150239677168, -0.0033105246257, 0.0121615780517, -0.00567072350532, 0.00168624578509, -0.000897810561582, 0.000937203876674, -0.00288421148434, 0.00264793192036, -0.00303628691472], [0.00139719899744, -0.00431958027184, 0.00206745229661, -0.0024328858126, 0.0033236653544, -0.00567072350532, 0.00949118379503, -0.00592887494713, 0.00412213522941, -0.00242361007258, 0.00329493591562, -0.00261992472224, 0.00468240771443], [-0.0014519856777, 0.00448389677331, -0.00277206930332, 0.00384001270868, -0.00276497798041, 0.00168624578509, -0.00592887494713, 0.0134524060413, -0.00696976855397, 0.00487147364765, -0.00536857172847, 0.00304429372773, -0.00285810790956], [0.00116626836825, -0.00383480358869, 0.00215791678056, -0.00303096952848, 0.00183119811118, -0.000897810561582, 0.00412213522941, -0.00696976855397, 0.0141462590545, -0.00537051865831, 0.00225669727661, -0.00115305674262, 0.0028008420486], [-0.00108541164082, 0.00347066181712, -0.00357918860391, 0.00193052715622, -0.00319903879426, 0.000937203876674, -0.00242361007258, 0.00487147364765, -0.00537051865831, 0.015248272568, -0.0064504602924, 0.00365039985627, -0.0024331707973], [0.00129383581225, -0.00429890025407, 0.00321731157601, -0.00275703310035, 0.003426004434, -0.00288421148434, 0.00329493591562, -0.00536857172847, 0.00225669727661, -0.0064504602924, 0.0193512458354, -0.00780374184251, 0.00368689466268], [-0.000845163594931, 0.00293248402886, -0.00277762813494, 0.00236615794711, -0.00145496218465, 0.00264793192036, -0.00261992472224, 0.00304429372773, -0.00115305674262, 0.00365039985627, -0.00780374184251, 0.020621791482, -0.0068323360756], [0.00109134661034, -0.00319091440178, 0.00119920819998, -0.00392051786184, 0.00130798690952, -0.00303628691472, 0.00468240771443, -0.00285810790956, 0.0028008420486, -0.0024331707973, 0.00368689466268, -0.0068323360756, 0.0208187568933]], "mean": [-45.7108917236, 108.809112549, -125.993934631, 33.6161079407, -64.3492202759, 5.7129573822, -38.8014678955, 8.24637126923, -19.1142673492, -4.98811340332, -10.1645555496, -5.5344171524, -14.155872345]}, "hfc": {"dmean": 4.28982639313, "dmean2": 6.1726398468, "dvar": 46.4561767578, "dvar2": 95.0496673584, "max": 116.732681274, "mean": 16.5092735291, "median": 10.8853960037, "min": 1.03962931357e-16, "var": 258.531890869}, "melbands": {"dmean": [0.000282953551505, 0.000596284226049, 0.000379523349693, 0.000362834223779, 0.0001632123749, 0.000141925149364, 0.000202751762117, 0.000315033976221, 0.000305513152853, 0.000118569580081, 7.78064859333e-05, 4.5945540478e-05, 4.17179762735e-05, 4.85271229991e-05, 3.04120967485e-05, 3.0586754292e-05, 2.79282048723e-05, 1.98849338631e-05, 1.5238539163e-05, 1.23311101561e-05, 1.43048991958e-05, 1.20518470794e-05, 1.18293392006e-05, 1.30261541926e-05, 8.78629816725e-06, 5.80993082622e-06, 3.39911844094e-06, 1.669502808e-06, 1.72047282376e-06, 1.34728952617e-06, 1.26642999021e-06, 1.21914536066e-06, 1.37894653562e-06, 9.23731533931e-07, 5.65584798551e-07, 4.93481422836e-07, 4.15442627855e-07, 3.34813734071e-07, 2.43379844278e-07, 1.91831134089e-07], "dmean2": [0.000482650852064, 0.00105653621722, 0.0006463645841, 0.00061784137506, 0.000270134099992, 0.000222416187171, 0.000321291590808, 0.000488255464006, 0.000459698145278, 0.00018153100973, 0.000119723968965, 7.18223527656e-05, 6.5880958573e-05, 7.61034752941e-05, 4.77899229736e-05, 4.7733901738e-05, 4.30769541708e-05, 3.05215507979e-05, 2.35891548073e-05, 1.92512979993e-05, 2.22200924327e-05, 1.82578460226e-05, 1.81810264621e-05, 1.96322362171e-05, 1.3437555026e-05, 9.37696313486e-06, 5.58038300369e-06, 2.74102171716e-06, 2.8246004149e-06, 2.15380714508e-06, 1.9892106593e-06, 1.86195552487e-06, 2.12816667045e-06, 1.42908618272e-06, 8.76916828929e-07, 7.63109596846e-07, 6.34333900962e-07, 5.03611488512e-07, 3.6085003785e-07, 2.91501493166e-07], "dvar": [6.16326360614e-07, 3.21231323142e-06, 5.44035799521e-07, 5.66452172279e-07, 7.86708724831e-08, 8.2340122276e-08, 2.74478537676e-07, 4.10885490965e-07, 4.67414764671e-07, 8.31342248375e-08, 3.15020614039e-08, 1.12567191124e-08, 1.30497586071e-08, 1.21278134202e-08, 7.17837655984e-09, 5.60844881647e-09, 4.78744199839e-09, 4.24600088422e-09, 2.08389505651e-09, 1.25032784126e-09, 1.30990029934e-09, 1.16295284514e-09, 7.26855575728e-10, 9.00257923764e-10, 4.02293059976e-10, 1.11341144637e-10, 5.51201272125e-11, 1.586205646e-11, 2.43617712808e-11, 2.20332155298e-11, 1.19013549016e-11, 1.3588383023e-11, 1.58767339553e-11, 6.82793882198e-12, 2.4039878161e-12, 1.56944802206e-12, 1.59460270509e-12, 1.01283900971e-12, 8.32348838291e-13, 3.68847774589e-13], "dvar2": [1.62612286658e-06, 9.04123317014e-06, 1.47857076627e-06, 1.57191414019e-06, 1.9969976961e-07, 1.9214655822e-07, 6.40309167466e-07, 9.38097457492e-07, 1.01547107079e-06, 1.92734830762e-07, 7.04890865677e-08, 2.64642334713e-08, 3.03660279144e-08, 2.78783680585e-08, 1.70644298692e-08, 1.29509105662e-08, 1.09138431625e-08, 9.3377412469e-09, 4.76799133509e-09, 2.92537261082e-09, 2.84706302978e-09, 2.63562904834e-09, 1.51756351929e-09, 1.86361748256e-09, 7.9551509824e-10, 2.79060330399e-10, 1.4509007884e-10, 4.17883089243e-11, 6.57187360087e-11, 5.6962698447e-11, 2.82474339058e-11, 3.04255336203e-11, 3.50935114302e-11, 1.53683923226e-11, 5.6469035177e-12, 3.65946292366e-12, 4.09927517278e-12, 2.48072070698e-12, 1.91606409558e-12, 8.75957401232e-13], "max": [0.011416265741, 0.0244419015944, 0.0136923519894, 0.0105319730937, 0.00713568227366, 0.00793171022087, 0.00958003289998, 0.0107319625095, 0.00997550971806, 0.0070530064404, 0.00367413437925, 0.00209525879472, 0.00340714585036, 0.00208075507544, 0.00230441219173, 0.00169638951775, 0.00145748059731, 0.0017024576664, 0.00125897361431, 0.000877179205418, 0.00107388861943, 0.00165018590633, 0.000638718658593, 0.000757390109356, 0.000548436015379, 0.000221809066716, 0.000157811038662, 8.74517354532e-05, 0.000198350899154, 0.000188691352378, 0.000103463251435, 0.000100349941931, 0.000109241700557, 6.76413401379e-05, 3.60895828635e-05, 2.48540927714e-05, 5.39164830116e-05, 4.41018564743e-05, 6.05761997576e-05, 2.82907203655e-05], "mean": [0.000380488723749, 0.000718484807294, 0.000588135502767, 0.000573225668631, 0.000286404276267, 0.000262134126388, 0.000320454360917, 0.000560618238524, 0.000559811538551, 0.00019062377396, 0.000136880888022, 9.0638466645e-05, 6.8947840191e-05, 8.5616389697e-05, 4.83179392177e-05, 5.23802664247e-05, 4.57544592791e-05, 3.2061154343e-05, 2.75731599686e-05, 2.24189316214e-05, 2.4334374757e-05, 2.28001281357e-05, 2.42793685175e-05, 2.61392433458e-05, 1.96883593162e-05, 1.31472797875e-05, 6.53718461763e-06, 2.86983799924e-06, 2.8241452128e-06, 2.19884805119e-06, 2.10602274819e-06, 2.0522925297e-06, 2.09317136068e-06, 1.4555321286e-06, 1.01965133581e-06, 9.08616641482e-07, 7.57334646551e-07, 5.62590457776e-07, 3.7757803284e-07, 2.97993722143e-07], "median": [0.00021061807638, 0.000341518549249, 0.000332567753503, 0.000335007818649, 0.000165255405591, 0.000123938691104, 0.00011467832519, 0.000156714231707, 9.68102904153e-05, 4.4119584345e-05, 3.51329799742e-05, 2.17962333409e-05, 1.97473655135e-05, 2.57564206549e-05, 1.32988834594e-05, 1.31446358864e-05, 1.19711176012e-05, 7.67445089878e-06, 6.28246743872e-06, 5.4794022617e-06, 6.92461435392e-06, 6.6907900873e-06, 7.19699801266e-06, 7.42798147257e-06, 6.36158620182e-06, 5.67592769585e-06, 2.39172209149e-06, 1.37057008942e-06, 1.12161399102e-06, 8.67415053563e-07, 8.04713408797e-07, 8.33572244119e-07, 7.46065495605e-07, 5.03640251281e-07, 4.35962192569e-07, 3.91471274952e-07, 2.86675287953e-07, 1.91304707187e-07, 1.12405707853e-07, 8.39349141302e-08], "min": [5.59255888312e-25, 1.18435257296e-24, 1.57621114181e-24, 1.78675752577e-24, 1.1828208023e-24, 8.55411972199e-25, 1.16151928989e-24, 1.93073114907e-24, 1.9438650915e-24, 2.24245841045e-24, 1.05248185088e-24, 2.45786871354e-24, 2.31625122054e-24, 2.80621509536e-24, 2.27179378094e-24, 3.15584613716e-24, 2.90775431285e-24, 2.13566656263e-24, 3.84999975476e-24, 4.40901104689e-24, 3.26314482812e-24, 4.20671397863e-24, 3.81379537795e-24, 3.45484000024e-24, 4.12778883949e-24, 2.88031615284e-24, 4.18659053137e-24, 5.27940743198e-24, 4.55412437699e-24, 4.04512331638e-24, 4.58542361669e-24, 4.96730447559e-24, 4.78216710418e-24, 5.03646233343e-24, 5.18011982073e-24, 6.02550655411e-24, 6.77511452955e-24, 5.60439722012e-24, 5.70492255413e-24, 5.98681411e-24], "var": [4.95455935834e-07, 2.26533211389e-06, 6.58865189962e-07, 6.43458008653e-07, 1.3971514079e-07, 1.83890008998e-07, 4.63100064962e-07, 1.04877267404e-06, 1.28728652271e-06, 1.99295314474e-07, 6.86813876882e-08, 3.33051701773e-08, 2.51559555409e-08, 2.76809011268e-08, 1.44231275812e-08, 1.23313848022e-08, 9.83047687697e-09, 7.79636444292e-09, 5.80312731202e-09, 2.99050251229e-09, 2.76128631072e-09, 2.50022513804e-09, 2.25854623892e-09, 2.6399438191e-09, 1.55848978167e-09, 4.08857281364e-10, 1.2064307886e-10, 2.163100081e-11, 3.29578933589e-11, 2.75850297465e-11, 1.69050121124e-11, 1.92422883183e-11, 2.42528826883e-11, 1.03650959343e-11, 3.58237853444e-12, 2.54803166413e-12, 2.20575792874e-12, 1.40174742473e-12, 1.08194844143e-12, 5.40450767906e-13]}, "melbands_crest": {"dmean": 2.9511153698, "dmean2": 4.83718490601, "dvar": 7.92157793045, "dvar2": 20.1829795837, "max": 37.4931297302, "mean": 12.1674146652, "median": 11.5567588806, "min": 1.59334182739, "var": 19.9560775757}, "melbands_flatness_db": {"dmean": 0.021256396547, "dmean2": 0.0326362363994, "dvar": 0.000507093267515, "dvar2": 0.00114633422345, "max": 0.660146653652, "mean": 0.196394279599, "median": 0.181916475296, "min": 0.00367926666513, "var": 0.00498252967373}, "melbands_kurtosis": {"dmean": 4.1161608696, "dmean2": 6.61992931366, "dvar": 50.5779838562, "dvar2": 129.35736084, "max": 130.67817688, "mean": 9.0869884491, "median": 6.00877380371, "min": -1.75578546524, "var": 108.468330383}, "melbands_skewness": {"dmean": 0.529168605804, "dmean2": 0.834362089634, "dvar": 0.36680740118, "dvar2": 0.916028499603, "max": 8.62983512878, "mean": 2.10133194923, "median": 1.91247713566, "min": -0.463265687227, "var": 1.30943727493}, "melbands_spread": {"dmean": 5.64640760422, "dmean2": 8.67277908325, "dvar": 68.2531738281, "dvar2": 148.182891846, "max": 180.013458252, "mean": 22.9147567749, "median": 18.8376731873, "min": 0.704008758068, "var": 373.951141357}, "mfcc": {"cov": [[11018.0859375, -527.724853516, -675.552612305, -448.481842041, -334.0496521, -306.722167969, -171.633071899, 311.064575195, -227.723587036, 54.5222930908, 222.644271851, -16.2900485992, -308.5519104], [-527.724853516, 1232.3026123, 48.9629745483, 200.650390625, 95.0139770508, 41.3415298462, 12.5140800476, -6.01857233047, 32.8070869446, 10.2058477402, -6.9378862381, 48.6626548767, 83.6962890625], [-675.552612305, 48.9629745483, 499.400787354, 124.605178833, 15.4040155411, 67.8980789185, 40.3515586853, -32.6738510132, 46.0619659424, -0.788235127926, -15.9365491867, 15.6532382965, 70.1322784424], [-448.481842041, 200.650390625, 124.605178833, 279.329742432, 119.495697021, 80.5102233887, -5.12160158157, -47.6748275757, 32.0610694885, 9.78446769714, -27.8079566956, -9.47456550598, 57.1157302856], [-334.0496521, 95.0139770508, 15.4040155411, 119.495697021, 315.058258057, 58.7944259644, -58.0864868164, -81.3726425171, 23.9131584167, 10.1983251572, -31.0389671326, -16.8171043396, 19.5447883606], [-306.722167969, 41.3415298462, 67.8980789185, 80.5102233887, 58.7944259644, 174.573608398, 42.9121856689, -46.1200332642, 23.5864124298, 13.4872617722, -18.6224861145, -8.19310569763, 26.6984081268], [-171.633071899, 12.5140800476, 40.3515586853, -5.12160158157, -58.0864868164, 42.9121856689, 183.582687378, 53.6181144714, 23.6946315765, 23.9247398376, 2.62295556068, 17.8408164978, 11.6993160248], [311.064575195, -6.01857233047, -32.6738510132, -47.6748275757, -81.3726425171, -46.1200332642, 53.6181144714, 159.994049072, 19.8146190643, 0.637637734413, 34.4686698914, 27.7540073395, -25.0626354218], [-227.723587036, 32.8070869446, 46.0619659424, 32.0610694885, 23.9131584167, 23.5864124298, 23.6946315765, 19.8146190643, 100.593353271, 28.9423274994, -0.27977013588, 10.1257152557, 8.55067253113], [54.5222930908, 10.2058477402, -0.788235127926, 9.78446769714, 10.1983251572, 13.4872617722, 23.9247398376, 0.637637734413, 28.9423274994, 104.346504211, 27.3811531067, 3.86744737625, 2.95236754417], [222.644271851, -6.9378862381, -15.9365491867, -27.8079566956, -31.0389671326, -18.6224861145, 2.62295556068, 34.4686698914, -0.27977013588, 27.3811531067, 102.539764404, 33.5429420471, -18.8905830383], [-16.2900485992, 48.6626548767, 15.6532382965, -9.47456550598, -16.8171043396, -8.19310569763, 17.8408164978, 27.7540073395, 10.1257152557, 3.86744737625, 33.5429420471, 84.4949264526, 15.1634654999], [-308.5519104, 83.6962890625, 70.1322784424, 57.1157302856, 19.5447883606, 26.6984081268, 11.6993160248, -25.0626354218, 8.55067253113, 2.95236754417, -18.8905830383, 15.1634654999, 96.3566207886]], "icov": [[0.000120013384731, 1.9460421754e-05, 7.50032704673e-05, 2.40346707869e-05, 4.67473764729e-05, -3.330487516e-06, 0.000152201682795, -0.000227790587815, 0.000248031428782, -0.000154448978719, -9.32344410103e-05, 3.6059111153e-05, 0.000171045554453], [1.9460421754e-05, 0.000981022953056, 0.000165553254192, -0.000688413216267, -8.48874988151e-05, 9.37379954848e-05, -2.38350512518e-05, -0.000160013587447, -2.45238152274e-06, -3.80125425181e-06, -8.23867480904e-07, -0.000535010534804, -0.000465361372335], [7.50032704673e-05, 0.000165553254192, 0.00262944074348, -0.000958276214078, 0.000430361775216, -0.000245443719905, -0.000323559972458, 0.000415343063651, -0.000846107548568, 0.000463094736915, -0.000272079982096, -0.000302147440379, -0.00106628634967], [2.40346707869e-05, -0.000688413216267, -0.000958276214078, 0.00603284547105, -0.00148675893433, -0.00147761683911, 0.000476823071949, -0.000238081789576, -0.000488115329063, -0.000172433778062, 9.49343811953e-05, 0.0011313984869, -0.00172326003667], [4.67473764729e-05, -8.48874988151e-05, 0.000430361775216, -0.00148675893433, 0.00463516032323, -0.000768227910157, 0.00133114634082, 0.00135762873106, -0.000981420162134, -0.000438372429926, 0.000629762595054, -0.000273627578281, 0.000522694550455], [-3.330487516e-06, 9.37379954848e-05, -0.000245443719905, -0.00147761683911, -0.000768227910157, 0.00826453138143, -0.0028056553565, 0.00250966660678, -0.00110163283534, 9.47316439124e-05, -0.000140604068292, 0.000458032940514, -0.000183046882739], [0.000152201682795, -2.38350512518e-05, -0.000323559972458, 0.000476823071949, 0.00133114634082, -0.0028056553565, 0.0080397548154, -0.00325286644511, 0.000149122017319, -0.00204675528221, 0.0012687566923, -0.000831346435007, -0.00042487194878], [-0.000227790587815, -0.000160013587447, 0.000415343063651, -0.000238081789576, 0.00135762873106, 0.00250966660678, -0.00325286644511, 0.0105000929907, -0.00328125664964, 0.00177809258457, -0.00178708846215, -0.00155820790678, 0.00153523753397], [0.000248031428782, -2.45238152274e-06, -0.000846107548568, -0.000488115329063, -0.000981420162134, -0.00110163283534, 0.000149122017319, -0.00328125664964, 0.0133386161178, -0.00391273712739, 0.00141561531927, -0.00121872650925, 0.00073981290916], [-0.000154448978719, -3.80125425181e-06, 0.000463094736915, -0.000172433778062, -0.000438372429926, 9.47316439124e-05, -0.00204675528221, 0.00177809258457, -0.00391273712739, 0.0123553071171, -0.00426820106804, 0.00142254761886, -0.00104444287717], [-9.32344410103e-05, -8.23867480904e-07, -0.000272079982096, 9.49343811953e-05, 0.000629762595054, -0.000140604068292, 0.0012687566923, -0.00178708846215, 0.00141561531927, -0.00426820106804, 0.0141738960519, -0.00563029805198, 0.00280622183345], [3.6059111153e-05, -0.000535010534804, -0.000302147440379, 0.0011313984869, -0.000273627578281, 0.000458032940514, -0.000831346435007, -0.00155820790678, -0.00121872650925, 0.00142254761886, -0.00563029805198, 0.0160091500729, -0.00380488624796], [0.000171045554453, -0.000465361372335, -0.00106628634967, -0.00172326003667, 0.000522694550455, -0.000183046882739, -0.00042487194878, 0.00153523753397, 0.00073981290916, -0.00104444287717, 0.00280622183345, -0.00380488624796, 0.0146384835243]], "mean": [-672.639160156, 129.951461792, -2.83848309517, 23.5000839233, -0.563195168972, -3.59769916534, -5.79712724686, 5.56322956085, -6.65233325958, 0.210999429226, 3.39678668976, 0.561029434204, -2.42003965378]}, "pitch_salience": {"dmean": 0.0641525238752, "dmean2": 0.104002848268, "dvar": 0.00337471277453, "dvar2": 0.00876190233976, "max": 0.833932697773, "mean": 0.574265420437, "median": 0.581404566765, "min": 0.0867059603333, "var": 0.0101918904111}, "silence_rate_20dB": {"dmean": 0, "dmean2": 0, "dvar": 0, "dvar2": 0, "max": 1, "mean": 1, "median": 1, "min": 1, "var": 0}, "silence_rate_30dB": {"dmean": 0.000231000230997, "dmean2": 0.000462053838419, "dvar": 0.00023090087052, "dvar2": 0.000692683272064, "max": 1, "mean": 0.999884486198, "median": 1, "min": 0, "var": 0.000115461938549}, "silence_rate_60dB": {"dmean": 0.0249480251223, "dmean2": 0.0499018132687, "dvar": 0.0243285167962, "dvar2": 0.0548119693995, "max": 1, "mean": 0.119297839701, "median": 0, "min": 0, "var": 0.105059579015}, "spectral_centroid": {"dmean": 209.04057312, "dmean2": 321.709197998, "dvar": 79646.3828125, "dvar2": 166842.84375, "max": 11768.6621094, "mean": 1343.50561523, "median": 1202.36108398, "min": 160.038574219, "var": 1467051}, "spectral_complexity": {"dmean": 2.63871574402, "dmean2": 4.12544775009, "dvar": 9.68307971954, "dvar2": 20.5250434875, "max": 56, "mean": 16.5695800781, "median": 16, "min": 0, "var": 95.9796676636}, "spectral_contrast_coeffs": {"dmean": [0.048314537853, 0.0464670732617, 0.0355842113495, 0.0306505225599, 0.0239417459816, 0.0164029318839], "dmean2": [0.079918846488, 0.0752181336284, 0.0571812167764, 0.0493782646954, 0.0370749756694, 0.0257989708334], "dvar": [0.0017182067968, 0.00154725031462, 0.000902039988432, 0.000682433834299, 0.000501018366776, 0.000223987910431], "dvar2": [0.00466887513176, 0.003844616469, 0.00221716891974, 0.00164536526427, 0.00103764014784, 0.000513215782121], "max": [-0.345570266247, -0.443888992071, -0.479472130537, -0.53348916769, -0.530711770058, -0.623771846294], "mean": [-0.634545266628, -0.70743316412, -0.752518177032, -0.766806840897, -0.762568891048, -0.766180038452], "median": [-0.638303756714, -0.711689114571, -0.755750179291, -0.771734237671, -0.768196582794, -0.764646470547], "min": [-0.97733771801, -0.982918381691, -0.976655781269, -0.972546935081, -0.967481136322, -0.964367449284], "var": [0.00745635200292, 0.00634053302929, 0.00427851313725, 0.00366324698552, 0.00352101493627, 0.00162533880211]}, "spectral_contrast_valleys": {"dmean": [0.404973357916, 0.325795799494, 0.295791238546, 0.273584365845, 0.226926550269, 0.283785641193], "dmean2": [0.65160292387, 0.534795403481, 0.472598701715, 0.435582399368, 0.346599757671, 0.390169024467], "dvar": [0.174353376031, 0.0932880342007, 0.0859598740935, 0.081918373704, 0.0728693082929, 0.120833411813], "dvar2": [0.386401176453, 0.209215834737, 0.179717600346, 0.170321643353, 0.133083283901, 0.209923520684], "max": [-5.36449241638, -4.59427690506, -4.95759677887, -5.78860235214, -5.7326002121, -7.84954118729], "mean": [-7.79496240616, -7.03490972519, -7.8649969101, -8.40665340424, -8.19809055328, -10.8306646347], "median": [-7.41898345947, -6.61522531509, -7.47069597244, -7.94138526917, -7.67613983154, -10.3340797424], "min": [-28.5464134216, -27.9225158691, -27.6993846893, -27.7277374268, -27.5135211945, -27.4333133698], "var": [5.6127948761, 5.92640829086, 5.82723426819, 5.5540060997, 5.65809440613, 4.68740367889]}, "spectral_decrease": {"dmean": 1.61814317501e-09, "dmean2": 2.57770338408e-09, "dvar": 6.31857958203e-18, "dvar2": 1.5949979467e-17, "max": 1.66215626439e-28, "mean": -4.86729279103e-09, "median": -3.79648001925e-09, "min": -3.53744802339e-08, "var": 1.72727471456e-17}, "spectral_energy": {"dmean": 0.00642360374331, "dmean2": 0.0101804239675, "dvar": 9.76486917352e-05, "dvar2": 0.000244076014496, "max": 0.137596055865, "mean": 0.01986775361, "median": 0.0154879819602, "min": 9.89588801657e-21, "var": 0.000286359834718}, "spectral_energyband_high": {"dmean": 0.000189292652067, "dmean2": 0.000277091690805, "dvar": 2.44471891619e-07, "dvar2": 5.25596703937e-07, "max": 0.0115971183404, "mean": 0.0003993412829, "median": 0.000194367719814, "min": 7.10669961453e-21, "var": 4.58730994524e-07}, "spectral_energyband_low": {"dmean": 0.00248866248876, "dmean2": 0.00426080683246, "dvar": 4.80765047541e-05, "dvar2": 0.000130019965582, "max": 0.0870911255479, "mean": 0.00335411028937, "median": 0.00177320837975, "min": 1.78529288717e-23, "var": 3.7728328607e-05}, "spectral_energyband_middle_high": {"dmean": 0.00137476960663, "dmean2": 0.0020137722604, "dvar": 4.85734472022e-06, "dvar2": 9.95936807158e-06, "max": 0.0343857929111, "mean": 0.00485519086942, "median": 0.00258332700469, "min": 1.18087413656e-21, "var": 3.12545635097e-05}, "spectral_energyband_middle_low": {"dmean": 0.00430039549246, "dmean2": 0.00679226312786, "dvar": 4.02391160605e-05, "dvar2": 0.000100128803751, "max": 0.0932017639279, "mean": 0.0117459977046, "median": 0.00842788908631, "min": 1.57301893727e-22, "var": 0.000123080579215}, "spectral_entropy": {"dmean": 0.14651620388, "dmean2": 0.217653498054, "dvar": 0.0257687456906, "dvar2": 0.0501541346312, "max": 9.81979370117, "mean": 7.40572929382, "median": 7.45898675919, "min": 4.31552934647, "var": 0.261446326971}, "spectral_flux": {"dmean": 0.0220092553645, "dmean2": 0.0351450257003, "dvar": 0.000668377440888, "dvar2": 0.00150259712245, "max": 0.320387095213, "mean": 0.0734857022762, "median": 0.0667433962226, "min": 6.31548979779e-11, "var": 0.00244859559461}, "spectral_kurtosis": {"dmean": 1.74981760979, "dmean2": 2.94071102142, "dvar": 4.48735284805, "dvar2": 11.6513195038, "max": 94.7624664307, "mean": 5.02431726456, "median": 4.23325157166, "min": -1.26020932198, "var": 16.101606369}, "spectral_rms": {"dmean": 0.00063273269916, "dmean2": 0.000974229245912, "dvar": 6.45488228201e-07, "dvar2": 1.5069310848e-06, "max": 0.0115862004459, "mean": 0.0039673470892, "median": 0.00388718745671, "min": 3.10717315592e-12, "var": 3.64327593161e-06}, "spectral_rolloff": {"dmean": 345.6590271, "dmean2": 571.534606934, "dvar": 417825.75, "dvar2": 897031.8125, "max": 19832.0800781, "mean": 1490.77868652, "median": 1098.19335938, "min": 21.533203125, "var": 4549886}, "spectral_skewness": {"dmean": 0.212207913399, "dmean2": 0.344510734081, "dvar": 0.0487897396088, "dvar2": 0.113234199584, "max": 8.33557033539, "mean": 1.59769248962, "median": 1.53448820114, "min": -0.0895751342177, "var": 0.286277353764}, "spectral_spread": {"dmean": 437156.34375, "dmean2": 645965.375, "dvar": 471508942848, "dvar2": 905013690368, "max": 42701532, "mean": 4365739, "median": 3787348.25, "min": 1117403.5, "var": 1