{"lowlevel": {"average_loudness": 0.823478043079, "barkbands": {"dmean": [2.31384001381e-05, 0.00155982829165, 0.00133686640766, 0.00149484875146, 0.00193250947632, 0.000890697527211, 0.000636793032754, 0.00067139667226, 0.00111181545071, 0.000568027375266, 0.000458460155642, 0.000388656626455, 0.00077197724022, 0.000510341953486, 0.000496769032907, 0.000403775309678, 0.000207218748983, 0.000185392083949, 0.000196712295292, 0.000180534829269, 7.92854916654e-05, 7.81802082201e-05, 3.85810417356e-05, 1.97460885829e-05, 1.43921324707e-05, 1.28046247028e-06, 5.30279805844e-07], "dmean2": [3.68132969015e-05, 0.00229272386059, 0.0022587440908, 0.00253082741983, 0.0033248423133, 0.00142605789006, 0.00102648627944, 0.00102273840457, 0.00165859155823, 0.000884086068254, 0.000701740209479, 0.000604232831392, 0.00117972062435, 0.000777956855018, 0.000773607636802, 0.000592957192566, 0.000314613484079, 0.000288769981125, 0.000289771007374, 0.000266788236331, 0.000117900897749, 0.000116364390124, 5.68721334275e-05, 2.874123129e-05, 2.06104195968e-05, 1.77487095243e-06, 8.56890721934e-07], "dvar": [9.24871557118e-09, 8.59096780914e-06, 4.89445073981e-06, 7.36908123145e-06, 9.85548103927e-06, 2.48333822128e-06, 1.60208605848e-06, 3.22338064507e-06, 7.76794695412e-06, 2.93590937872e-06, 1.48664048538e-06, 1.81883046935e-06, 3.99305599785e-06, 2.47086586569e-06, 1.72946795374e-06, 1.27163787056e-06, 2.31337992318e-07, 1.91249455384e-07, 1.75603858565e-07, 1.69497496927e-07, 2.1280152751e-08, 2.00182093124e-08, 5.54568391209e-09, 1.83704185197e-09, 1.28215216222e-09, 2.17134504821e-11, 3.19886196525e-12], "dvar2": [1.91688283024e-08, 1.84947875823e-05, 1.41183545566e-05, 1.96768778551e-05, 2.69926422334e-05, 5.75790954827e-06, 3.80977962777e-06, 7.24650908523e-06, 1.59057035489e-05, 6.32380033494e-06, 3.16881801155e-06, 4.33161631008e-06, 9.07139201445e-06, 5.03927822137e-06, 4.10349048252e-06, 2.36905543716e-06, 5.01886859183e-07, 4.40032607685e-07, 3.55371099658e-07, 3.43417269733e-07, 4.48333032921e-08, 4.32884625923e-08, 1.20611165499e-08, 4.06838296385e-09, 2.84024137542e-09, 3.57604779122e-11, 6.61314362646e-12], "max": [0.0042851343751, 0.0363352261484, 0.025865951553, 0.042122181505, 0.0420790091157, 0.0406817272305, 0.0264393072575, 0.0348330847919, 0.0684373676777, 0.055598128587, 0.0357101969421, 0.0334941782057, 0.0650316849351, 0.0475108362734, 0.0322831645608, 0.0418717414141, 0.0177063103765, 0.0123062329367, 0.0106461234391, 0.0101093845442, 0.00191307452042, 0.00256849383004, 0.00160259625409, 0.00101296731737, 0.000672076886985, 0.000166145706316, 7.45533761801e-05], "mean": [3.21983789036e-05, 0.00218219868839, 0.00221864972264, 0.00216578855179, 0.00281190802343, 0.0015687252162, 0.0010011565173, 0.00108695856761, 0.0019344749162, 0.000967380532529, 0.000752662308514, 0.000579870131332, 0.001292233821, 0.000812199548818, 0.000754502601922, 0.000733777007554, 0.000380841607694, 0.00031695139478, 0.000360756268492, 0.000334145384841, 0.000134016285301, 0.000141693264595, 6.27382760285e-05, 3.2019084756e-05, 2.30486912187e-05, 2.48496871791e-06, 1.15825662306e-06], "median": [1.57666108862e-05, 0.000734085740987, 0.00133106159046, 0.00119205599185, 0.00154768279754, 0.00075040012598, 0.000483041803818, 0.000317686382914, 0.000409317493904, 0.000183122581802, 0.000185287222848, 0.000106695399154, 0.000285612506559, 0.00013530832075, 0.000214317260543, 0.000209223973798, 0.000129182080855, 0.000111001601908, 0.000121172139188, 8.78064820427e-05, 5.61069246032e-05, 5.68480572838e-05, 2.67673931376e-05, 9.17207216844e-06, 4.45847581432e-06, 4.53340135209e-07, 7.17679824902e-07], "min": [7.37635334872e-25, 3.0904635704e-24, 1.46740434601e-24, 6.08141845128e-25, 6.88289738389e-24, 8.37646351297e-24, 5.26187578722e-24, 5.41255374215e-24, 1.42874258859e-23, 1.50564027632e-23, 1.18350861012e-23, 1.98418428512e-23, 1.37690227866e-23, 3.43736294466e-23, 4.31856790745e-23, 6.04781475165e-23, 4.54053317134e-23, 1.03351456605e-22, 1.19853240296e-22, 1.62666324587e-22, 2.33258520879e-22, 2.29061932324e-22, 3.29444394161e-22, 5.84898532661e-22, 7.59573238735e-22, 1.3283931958e-21, 1.91379261096e-21], "var": [1.52207508819e-08, 1.36802564157e-05, 7.1394083534e-06, 1.04270002339e-05, 1.36966245918e-05, 6.1136174736e-06, 2.9275952329e-06, 6.18138346908e-06, 2.26062438742e-05, 8.03282455308e-06, 3.51572202817e-06, 3.14328076456e-06, 1.20540425996e-05, 6.13371958025e-06, 2.91381138595e-06, 3.62304876944e-06, 6.07328672686e-07, 4.36906731238e-07, 4.61546960651e-07, 5.40708356311e-07, 4.14130028048e-08, 4.4582275649e-08, 9.340872964e-09, 3.8200855812e-09, 2.68108357737e-09, 8.00929531031e-11, 9.99276442842e-12]}, "barkbands_crest": {"dmean": 2.41459989548, "dmean2": 3.90794372559, "dvar": 4.689473629, "dvar2": 11.7292137146, "max": 24.4538135529, "mean": 8.95818996429, "median": 8.27925777435, "min": 2.28233098984, "var": 12.1762466431}, "barkbands_flatness_db": {"dmean": 0.0176403932273, "dmean2": 0.0263766068965, "dvar": 0.000252264930168, "dvar2": 0.000547298928723, "max": 0.282500833273, "mean": 0.128592848778, "median": 0.127506166697, "min": 0.0338918976486, "var": 0.00146138842683}, "barkbands_kurtosis": {"dmean": 1.96949493885, "dmean2": 3.14545822144, "dvar": 8.56855106354, "dvar2": 20.3821868896, "max": 47.5906448364, "mean": 2.66787838936, "median": 0.840067148209, "min": -1.83560788631, "var": 28.0716571808}, "barkbands_skewness": {"dmean": 0.476062148809, "dmean2": 0.733211636543, "dvar": 0.212506100535, "dvar2": 0.473944723606, "max": 6.08184671402, "mean": 1.15450060368, "median": 1.03643727303, "min": -2.17371726036, "var": 1.33624958992}, "barkbands_spread": {"dmean": 4.97179174423, "dmean2": 7.61475992203, "dvar": 28.3998336792, "dvar2": 64.2077331543, "max": 107.511062622, "mean": 21.6912574768, "median": 20.2082233429, "min": 2.36241316795, "var": 119.494270325}, "dissonance": {"dmean": 0.01834930107, "dmean2": 0.0311349499971, "dvar": 0.00032828876283, "dvar2": 0.000911738956347, "max": 0.500000059605, "mean": 0.464722156525, "median": 0.47095143795, "min": 0.301769256592, "var": 0.000673150585499}, "dynamic_complexity": 3.54068994522, "erbbands": {"dmean": [0.0243450608104, 0.417156308889, 1.21291995049, 3.62441134453, 6.59214258194, 6.28211784363, 5.23437690735, 8.58736419678, 9.15174198151, 9.11015129089, 15.8407363892, 28.6429920197, 17.3622589111, 17.0263519287, 17.9774074554, 14.2771892548, 32.5453643799, 27.9861469269, 27.6201553345, 19.8306427002, 15.7093448639, 10.8120508194, 10.7037696838, 6.84708595276, 11.6920042038, 7.91100645065, 3.55986762047, 3.14221096039, 2.95186901093, 1.81035721302, 1.02402591705, 0.538550674915, 0.267566978931, 0.14789159596, 0.11642306298, 0.0103405425325, 0.00203734170645, 0.000411310902564, 0.000103115999082, 1.21894081531e-05], "dmean2": [0.0386376716197, 0.605343401432, 1.98411560059, 6.10370731354, 11.3392391205, 10.8855686188, 8.29208183289, 13.8491353989, 14.8418321609, 14.2456264496, 23.6397628784, 42.4360237122, 26.305398941, 26.1804180145, 26.8186264038, 21.6423110962, 49.7802009583, 41.9000930786, 42.191696167, 29.1465072632, 22.9754695892, 16.3842487335, 16.5073604584, 10.0028963089, 16.9604415894, 11.6643314362, 5.26558446884, 4.64463615417, 4.39512825012, 2.67924404144, 1.50119102001, 0.788735806942, 0.388505607843, 0.210535436869, 0.170878127217, 0.0144005091861, 0.00286377966404, 0.000615098222625, 0.000166239959071, 1.84863329196e-05], "dvar": [0.00252645323053, 0.596456706524, 3.67130160332, 42.78358078, 106.227912903, 130.399765015, 96.2417907715, 264.437225342, 330.370300293, 383.281219482, 2135.359375, 5563.31347656, 2769.6081543, 2110.50341797, 2732.12988281, 2145.53076172, 6806.26367188, 6235.81396484, 5552.86669922, 2193.01489258, 2010.70751953, 623.994689941, 709.689758301, 168.5831604, 712.941345215, 341.891845703, 44.4656028748, 32.1341094971, 28.900308609, 11.1082735062, 4.05715942383, 1.38812148571, 0.323192566633, 0.112258978188, 0.106613375247, 0.000989705557004, 5.92441938352e-05, 2.52326549344e-06, 1.08555035183e-07, 5.78327108425e-10], "dvar2": [0.00624739890918, 1.26958107948, 10.0270729065, 117.955764771, 296.889129639, 348.898895264, 206.224014282, 625.799682617, 794.080810547, 884.612243652, 4596.25390625, 11561.2802734, 5788.92138672, 4577.58447266, 5564.12548828, 5064.3984375, 15729.5732422, 12645.3359375, 12800.5839844, 4499.68066406, 3870.60009766, 1331.8059082, 1612.02490234, 342.482513428, 1420.82629395, 731.201782227, 94.018989563, 67.2365570068, 63.2083015442, 24.8822231293, 8.68336200714, 3.09316539764, 0.706325888634, 0.239459961653, 0.25085195899, 0.00182244635653, 0.000102059908386, 4.87289571538e-06, 2.23986532433e-07, 1.19771914608e-09], "max": [1.22564828396, 10.07026577, 25.0821342468, 93.3728179932, 124.49004364, 176.739151001, 234.608154297, 392.408355713, 447.247375488, 417.883056641, 968.875976562, 1611.78833008, 1451.37207031, 1317.91235352, 1349.19787598, 1524.28991699, 2301.60693359, 2652.1796875, 1991.95129395, 1223.95483398, 1621.30126953, 843.182189941, 873.442687988, 283.291809082, 717.490539551, 592.464050293, 88.8312759399, 85.6192855835, 70.8998794556, 61.1999549866, 46.0498695374, 27.3930206299, 13.0404815674, 9.1857881546, 5.85351467133, 1.1511900425, 0.285931915045, 0.06050786376, 0.0135494600981, 0.00108309346251], "mean": [0.0315716788173, 0.608429789543, 2.18133926392, 5.65336322784, 9.36050701141, 8.55906486511, 9.00105190277, 14.8208475113, 15.0893068314, 16.188785553, 26.3926353455, 50.5726928711, 30.9300022125, 30.2631282806, 33.7040100098, 24.9934120178, 57.1473579407, 51.2834320068, 46.1816825867, 36.1196556091, 31.377040863, 21.1953201294, 19.7256069183, 14.1531019211, 22.0406932831, 15.5716094971, 6.33524084091, 5.51081037521, 5.25669527054, 3.18304109573, 1.66329538822, 0.858172774315, 0.438286572695, 0.255345016718, 0.170009300113, 0.0191164519638, 0.00400303211063, 0.000756157387514, 0.000238024789724, 4.23347773904e-05], "median": [0.0108068697155, 0.224564239383, 1.37765431404, 3.37327575684, 5.56606912613, 4.11357498169, 4.32850170135, 6.84678554535, 7.73574304581, 7.32556724548, 7.46065282822, 11.0386867523, 6.89840745926, 7.86580657959, 8.56200408936, 6.47072649002, 14.6955823898, 11.0283441544, 13.517033577, 12.595539093, 10.8472166061, 8.08788108826, 7.4819483757, 6.01771736145, 6.71993780136, 4.44017839432, 2.46550393105, 2.35248780251, 2.12221693993, 1.43377697468, 0.679149925709, 0.274125874043, 0.118052519858, 0.0650639757514, 0.021723959595, 0.00379950506613, 0.000768694211729, 0.00017619440041, 0.000158272669069, 3.70243033103e-05], "min": [8.2183970868e-23, 6.21442507784e-22, 3.18664343572e-21, 4.60592461594e-21, 8.65276803405e-21, 1.95794684967e-20, 1.88417057853e-20, 7.64823149711e-20, 1.01149163955e-19, 1.23342154833e-19, 2.06104534875e-19, 3.14397056116e-19, 5.02925088649e-19, 6.35011977199e-19, 6.34894259058e-19, 8.23533056244e-19, 1.08237875622e-18, 1.76459586303e-18, 1.92953981307e-18, 2.49254003108e-18, 4.45268387246e-18, 3.96362615659e-18, 4.93312939739e-18, 5.53934732086e-18, 5.90578378273e-18, 7.96978676746e-18, 8.32575649944e-18, 9.71183989084e-18, 7.23727118574e-18, 1.10672324e-17, 9.06364213769e-18, 9.81224059205e-18, 9.80632625067e-18, 7.50696432548e-18, 5.57794853132e-18, 3.91925660212e-18, 2.1870694687e-18, 9.48102734182e-19, 2.37440540472e-19, 2.73719945431e-20], "var": [0.00310542550869, 0.984573185444, 5.96989488602, 60.4016647339, 130.976882935, 194.920639038, 249.769592285, 602.905517578, 594.67364502, 777.272033691, 4404.0703125, 16084.1533203, 7291.43505859, 5181.01953125, 8296.18554688, 4007.24658203, 19124.015625, 19316.5292969, 11405.3183594, 5216.11328125, 5514.59667969, 1719.79101562, 1789.23046875, 564.172790527, 1924.33630371, 1154.95080566, 93.0759353638, 68.0764770508, 62.403629303, 20.7819156647, 7.13914680481, 2.48939466476, 0.746131539345, 0.294765710831, 0.173244580626, 0.00350561947562, 0.000200350143132, 7.7139975474e-06, 3.34842297889e-07, 1.91761362345e-09]}, "erbbands_crest": {"dmean": 2.79103016853, "dmean2": 4.46912908554, "dvar": 7.60590362549, "dvar2": 17.7518386841, "max": 31.8264713287, "mean": 9.57192134857, "median": 8.2360458374, "min": 2.23476552963, "var": 25.1221027374}, "erbbands_flatness_db": {"dmean": 0.0159043800086, "dmean2": 0.0226126443595, "dvar": 0.000218325236347, "dvar2": 0.000426622049417, "max": 0.343586355448, "mean": 0.169851079583, "median": 0.168144091964, "min": 0.0244080424309, "var": 0.00179125810973}, "erbbands_kurtosis": {"dmean": 0.838022053242, "dmean2": 1.3171517849, "dvar": 1.64219427109, "dvar2": 4.3285369873, "max": 37.3716430664, "mean": 0.399278908968, "median": -0.112818002701, "min": -1.67828500271, "var": 3.79636573792}, "erbbands_skewness": {"dmean": 0.343639731407, "dmean2": 0.525693535805, "dvar": 0.10688393563, "dvar2": 0.239886313677, "max": 3.97438621521, "mean": 0.121016308665, "median": 0.0990719422698, "min": -2.78085803986, "var": 0.514762997627}, "erbbands_spread": {"dmean": 7.17653560638, "dmean2": 10.9877185822, "dvar": 55.1320266724, "dvar2": 120.195007324, "max": 115.223526001, "mean": 34.9131355286, "median": 33.2171516418, "min": 2.56230783463, "var": 250.464431763}, "gfcc": {"cov": [[27018.4453125, 1982.75024414, -3526.84399414, 1004.70068359, -1416.31018066, 357.822967529, -687.417541504, -19.7857189178, -404.997497559, -152.956604004, -243.588287354, -301.337158203, -221.288803101], [1982.75024414, 1049.81274414, -232.545715332, -90.9169998169, 75.4696578979, -155.499389648, 88.1238555908, -137.680587769, 62.3039932251, -107.86730957, 33.4699707031, -42.3552284241, -42.4545135498], [-3526.84399414, -232.545715332, 990.862976074, -8.82965564728, 175.935836792, 32.3970870972, -22.0328788757, 40.5230636597, 29.5969924927, 38.2279205322, -4.19980669022, 52.6074867249, 32.3502960205], [1004.70068359, -90.9169998169, -8.82965564728, 300.771820068, -64.9175186157, 15.5952110291, -90.7735824585, 9.34895133972, 7.70252180099, -7.31517744064, -20.6209564209, -4.37373828888, 17.9402160645], [-1416.31018066, 75.4696578979, 175.935836792, -64.9175186157, 330.965301514, -55.9226112366, 61.3263893127, -10.5221557617, 41.0787162781, 26.6281261444, 14.2258892059, 33.9487113953, 15.8215923309], [357.822967529, -155.499389648, 32.3970870972, 15.5952110291, -55.9226112366, 236.393768311, 1.99758899212, 44.7589530945, -54.5334510803, 24.6898078918, 6.11642313004, -18.9741191864, -21.0909938812], [-687.417541504, 88.1238555908, -22.0328788757, -90.7735824585, 61.3263893127, 1.99758899212, 219.226150513, -0.791286408901, 12.1138124466, -18.1012821198, 38.1520957947, -13.3830900192, -30.0977115631], [-19.7857189178, -137.680587769, 40.5230636597, 9.34895133972, -10.5221557617, 44.7589530945, -0.791286408901, 143.573944092, 14.9117155075, 31.2758426666, -26.7615356445, -0.330130547285, 16.0296726227], [-404.997497559, 62.3039932251, 29.5969924927, 7.70252180099, 41.0787162781, -54.5334510803, 12.1138124466, 14.9117155075, 123.975608826, 9.51723575592, 8.00849437714, -5.31216478348, 15.6112861633], [-152.956604004, -107.86730957, 38.2279205322, -7.31517744064, 26.6281261444, 24.6898078918, -18.1012821198, 31.2758426666, 9.51723575592, 103.186775208, 12.4613485336, 10.2983789444, 2.75435018539], [-243.588287354, 33.4699707031, -4.19980669022, -20.6209564209, 14.2258892059, 6.11642313004, 38.1520957947, -26.7615356445, 8.00849437714, 12.4613485336, 91.5798034668, 22.8750267029, -14.7135753632], [-301.337158203, -42.3552284241, 52.6074867249, -4.37373828888, 33.9487113953, -18.9741191864, -13.3830900192, -0.330130547285, -5.31216478348, 10.2983789444, 22.8750267029, 82.859703064, 32.2882003784], [-221.288803101, -42.4545135498, 32.3502960205, 17.9402160645, 15.8215923309, -21.0909938812, -30.0977115631, 16.0296726227, 15.6112861633, 2.75435018539, -14.7135753632, 32.2882003784, 80.1268997192]], "icov": [[0.000382890197216, -0.0010855642613, 0.00105897616595, -0.00112833001185, 0.00072536803782, -0.000760270981118, 0.000869625830092, -0.000759307411499, 0.000946077867411, -0.000812675163615, 0.0008371345466, -0.000556432351004, 0.000664105231408], [-0.0010855642613, 0.00454993126914, -0.0027056070976, 0.00351616204716, -0.00245656748302, 0.00261753657833, -0.00249245855957, 0.00298074726015, -0.00336930598132, 0.0035291693639, -0.00273367832415, 0.00217473506927, -0.00148386985529], [0.00105897616595, -0.0027056070976, 0.00418542791158, -0.00304975523613, 0.00125849433243, -0.00241702026688, 0.00265624444, -0.00212495750748, 0.00218968023546, -0.00200788932852, 0.00245176488534, -0.00204040738754, 0.0019370559603], [-0.00112833001185, 0.00351616204716, -0.00304975523613, 0.00737634906545, -0.00177286262624, 0.0019423001213, -0.00100360729266, 0.00231311144307, -0.0036305654794, 0.00327383866534, -0.0025279824622, 0.00200342922471, -0.00232849502936], [0.00072536803782, -0.00245656748302, 0.00125849433243, -0.00177286262624, 0.00567252608016, -0.000859207531903, 0.00030085653998, -0.000892108189873, 0.00110501679592, -0.00318145565689, 0.002384360414, -0.00252273259684, 0.000884231820237], [-0.000760270981118, 0.00261753657833, -0.00241702026688, 0.0019423001213, -0.000859207531903, 0.00756084779277, -0.00201744236983, -0.000270642369287, 0.000891535310075, 0.00081364903599, -0.00337438704446, 0.00317188934423, -0.000815112434793], [0.000869625830092, -0.00249245855957, 0.00265624444, -0.00100360729266, 0.00030085653998, -0.00201744236983, 0.00857728067786, -0.00301872240379, 0.00174988538492, 0.000321850180626, -0.0010313373059, 0.000181988041732, 0.00285394256935], [-0.000759307411499, 0.00298074726015, -0.00212495750748, 0.00231311144307, -0.000892108189873, -0.000270642369287, -0.00301872240379, 0.0113871097565, -0.004300147295, -0.000558670260943, 0.00207611359656, 0.000226359945373, -0.00233765062876], [0.000946077867411, -0.00336930598132, 0.00218968023546, -0.0036305654794, 0.00110501679592, 0.000891535310075, 0.00174988538492, -0.004300147295, 0.0134591134265, -0.00342020741664, -0.000595842779148, 0.00205456465483, -0.00115155498497], [-0.000812675163615, 0.0035291693639, -0.00200788932852, 0.00327383866534, -0.00318145565689, 0.00081364903599, 0.000321850180626, -0.000558670260943, -0.00342020741664, 0.0147800184786, -0.00476565165445, 0.00127073528711, -0.000450669176644], [0.0008371345466, -0.00273367832415, 0.00245176488534, -0.0025279824622, 0.002384360414, -0.00337438704446, -0.0010313373059, 0.00207611359656, -0.000595842779148, -0.00476565165445, 0.0182685051113, -0.00852386746556, 0.00534724770114], [-0.000556432351004, 0.00217473506927, -0.00204040738754, 0.00200342922471, -0.00252273259684, 0.00317188934423, 0.000181988041732, 0.000226359945373, 0.00205456465483, 0.00127073528711, -0.00852386746556, 0.0200873296708, -0.00875677168369], [0.000664105231408, -0.00148386985529, 0.0019370559603, -0.00232849502936, 0.000884231820237, -0.000815112434793, 0.00285394256935, -0.00233765062876, -0.00115155498497, -0.000450669176644, 0.00534724770114, -0.00875677168369, 0.0191682819277]], "mean": [-34.3294715881, 106.46988678, -129.147460938, 34.7903518677, -52.2873802185, 5.59020757675, -30.3964862823, -5.24096536636, -16.051240921, -5.16896343231, -14.1253433228, -9.68717193604, -10.2978982925]}, "hfc": {"dmean": 5.49251937866, "dmean2": 7.41756486893, "dvar": 52.3534889221, "dvar2": 87.5715789795, "max": 118.991668701, "mean": 19.4589710236, "median": 14.0127983093, "min": 1.07692000524e-16, "var": 318.452819824}, "melbands": {"dmean": [0.000339597638231, 0.000593543576542, 0.000660779536702, 0.000481189053971, 0.000190660182852, 0.000182082556421, 0.000138380579301, 0.000105417486338, 0.00013669540931, 0.000183826952707, 8.69409850566e-05, 7.25273494027e-05, 5.89168885199e-05, 4.36831214756e-05, 4.86302888021e-05, 8.6658183136e-05, 5.19472632732e-05, 4.68835569336e-05, 2.99032726616e-05, 3.51308081008e-05, 1.55536890816e-05, 1.16930350487e-05, 1.30597218231e-05, 7.20124762665e-06, 5.74711657464e-06, 8.47343380883e-06, 8.96647634363e-06, 4.86271619593e-06, 2.50551192948e-06, 2.03488320949e-06, 1.9126944153e-06, 1.85005660569e-06, 1.43051113355e-06, 9.17185502658e-07, 6.61645913169e-07, 4.29588283168e-07, 3.094556007e-07, 2.14432844814e-07, 1.21547330423e-07, 1.37117510235e-07], "dmean2": [0.000512812286615, 0.000913154217415, 0.00110749504529, 0.00083392142551, 0.000305141467834, 0.000293833611067, 0.000223620561883, 0.000164071534527, 0.000203647708986, 0.000272080797004, 0.000132460249006, 0.000112116475066, 8.82263484527e-05, 6.60086370772e-05, 7.4309646152e-05, 0.000132662607939, 7.83686773502e-05, 7.16340000508e-05, 4.62570496893e-05, 5.14643070346e-05, 2.32433703786e-05, 1.78314767254e-05, 2.00290232897e-05, 1.12436464406e-05, 8.59360989125e-06, 1.2616598724e-05, 1.30340395117e-05, 7.33185152058e-06, 3.76815501113e-06, 3.08698804474e-06, 2.86628551294e-06, 2.79291862171e-06, 2.15299951378e-06, 1.37246934173e-06, 9.85578139989e-07, 6.48525599445e-07, 4.5722524078e-07, 3.16498045549e-07, 1.7654981832e-07, 2.00195643174e-07], "dvar": [4.29610565789e-07, 8.78513276348e-07, 1.21419486732e-06, 6.26525036296e-07, 1.09972489781e-07, 1.11603313258e-07, 7.34642284783e-08, 5.37325455241e-08, 1.55430811333e-07, 2.24001169613e-07, 7.29530071908e-08, 4.02269257904e-08, 2.65019668433e-08, 2.03162073831e-08, 2.35842509966e-08, 5.50190328852e-08, 2.68467026387e-08, 1.68528675459e-08, 7.36134175838e-09, 9.73426228512e-09, 2.25138219179e-09, 8.0613582476e-10, 9.64813007265e-10, 2.96948299283e-10, 1.50986459446e-10, 3.56571439042e-10, 5.23532939223e-10, 1.31958860505e-10, 2.26237813206e-11, 1.53411033876e-11, 1.20130043066e-11, 1.16997861052e-11, 7.62973104834e-12, 2.98504038328e-12, 1.71719160159e-12, 8.00366229455e-13, 4.90357971242e-13, 2.12178907256e-13, 7.78428835063e-14, 1.13880096759e-13], "dvar2": [9.60568286246e-07, 2.14608508031e-06, 3.31574733536e-06, 1.72936950094e-06, 2.51677164442e-07, 2.64475687572e-07, 1.75675324954e-07, 1.22560948057e-07, 3.24389731077e-07, 4.65694228069e-07, 1.53708981543e-07, 8.73026237969e-08, 5.34006083797e-08, 4.66539376021e-08, 5.51754339995e-08, 1.28357385165e-07, 5.26444168258e-08, 3.81837281793e-08, 1.78259451644e-08, 1.81380794828e-08, 4.65225191704e-09, 1.72074765548e-09, 2.16949347376e-09, 6.67180755087e-10, 3.16641934894e-10, 7.5156597612e-10, 9.91372095527e-10, 2.96555030532e-10, 4.88446297298e-11, 3.38394000321e-11, 2.6025818653e-11, 2.59665188657e-11, 1.7183305126e-11, 6.90947776424e-12, 3.73320948807e-12, 1.76532790122e-12, 1.11913906961e-12, 4.76431556967e-13, 1.64733650982e-13, 2.49789257204e-13], "max": [0.00977855641395, 0.0124795567244, 0.0146842487156, 0.0113968029618, 0.00723811658099, 0.00800159107894, 0.00623878231272, 0.00477691553533, 0.0102341081947, 0.00971599016339, 0.00741163920611, 0.00531941791996, 0.00573680410162, 0.00425849342719, 0.00439997948706, 0.00871561467648, 0.00569114135578, 0.00307810259983, 0.00197283993475, 0.00340268085711, 0.00156130001415, 0.00101298862137, 0.00103414896876, 0.000509606383275, 0.000295876816381, 0.00054419535445, 0.000675310089719, 0.000373651040718, 6.87369392836e-05, 5.48562638869e-05, 6.44993633614e-05, 5.14593266416e-05, 5.55461301701e-05, 4.01486358896e-05, 2.58698237303e-05, 2.54739479715e-05, 1.73723201442e-05, 1.07189125629e-05, 7.82622737461e-06, 8.42665031087e-06], "mean": [0.000464614684461, 0.00108419987373, 0.00110052269883, 0.00067129166564, 0.000326683482854, 0.000316462566843, 0.000226162970648, 0.000184006727068, 0.000220545334741, 0.000318668899126, 0.000147478829604, 0.000122501893202, 0.00010448582907, 7.29786552256e-05, 7.54304710426e-05, 0.000146109436173, 8.68586139404e-05, 7.39479291951e-05, 4.45070472779e-05, 6.30253125564e-05, 2.84556135739e-05, 2.10596917896e-05, 2.27647287829e-05, 1.24353846331e-05, 1.07249124994e-05, 1.51142312461e-05, 1.59237479238e-05, 8.9148625193e-06, 4.06497883887e-06, 3.23227232002e-06, 3.18906336361e-06, 3.16629711961e-06, 2.40771373683e-06, 1.48694402924e-06, 1.02863407392e-06, 6.50469189623e-07, 4.73168967119e-07, 3.34341507369e-07, 2.03693332423e-07, 2.23586297921e-07], "median": [0.000153212517034, 0.000665377941914, 0.000738787464797, 0.000373715854948, 0.000166417026776, 0.000149660205352, 0.000113989837701, 7.49505998101e-05, 5.34907594556e-05, 6.54431059957e-05, 2.79698560917e-05, 2.76428872894e-05, 2.57193987636e-05, 1.66140107467e-05, 1.92055867956e-05, 2.85666465061e-05, 1.37897559398e-05, 1.80305178219e-05, 1.35005493576e-05, 1.7318285245e-05, 9.5627083283e-06, 7.02338547853e-06, 7.68101654103e-06, 4.50237939731e-06, 3.55542988473e-06, 4.51971664006e-06, 3.39557300322e-06, 2.41181055571e-06, 1.38401230743e-06, 1.250491664e-06, 1.28192050397e-06, 1.23310883282e-06, 9.03496413684e-07, 6.73460874623e-07, 3.94603148379e-07, 2.22383462756e-07, 1.34308905331e-07, 8.84082638208e-08, 4.63637981341e-08, 4.80216861831e-08], "min": [1.13505773968e-24, 2.01981306958e-24, 1.03405504621e-24, 1.17604093725e-24, 6.83253039003e-25, 2.0912878119e-24, 1.51828893124e-24, 9.83037439319e-25, 1.62161728526e-24, 1.9074615273e-24, 2.48823906953e-24, 2.31607885443e-24, 1.68231707508e-24, 2.08461207649e-24, 2.46012603902e-24, 1.5425622799e-24, 2.43702858614e-24, 1.58754332593e-24, 3.12069666459e-24, 3.11204601591e-24, 3.17510676781e-24, 2.84095081038e-24, 3.75086044936e-24, 4.315670658e-24, 3.73053899801e-24, 3.53611081728e-24, 4.38641846499e-24, 4.99899380702e-24, 5.2469868265e-24, 5.11585881696e-24, 4.0698572612e-24, 3.12193123191e-24, 5.03599887765e-24, 5.57212531492e-24, 4.89532091799e-24, 4.35088777539e-24, 5.42087464698e-24, 5.83343627863e-24, 6.31404386868e-24, 5.39241925083e-24], "var": [6.31818238617e-07, 1.56508235705e-06, 1.78436789611e-06, 8.07349920251e-07, 2.71394526408e-07, 2.58930583641e-07, 1.35192721018e-07, 1.11605885422e-07, 3.37868897304e-07, 6.42366046577e-07, 1.91229972302e-07, 9.78993242029e-08, 7.51392406073e-08, 4.28333386537e-08, 3.99764026326e-08, 1.80465448807e-07, 7.46750643543e-08, 3.50854456599e-08, 9.95059146192e-09, 2.76322076331e-08, 4.85983342458e-09, 2.07315808964e-09, 2.45227016471e-09, 6.96194324412e-10, 4.57489574002e-10, 9.23521759066e-10, 1.53223633781e-09, 4.05371541889e-10, 4.57103625784e-11, 2.81417666947e-11, 2.63133907025e-11, 2.47945743798e-11, 1.52126210934e-11, 4.92070490257e-12, 2.97746939951e-12, 1.28421611453e-12, 8.82018958738e-13, 4.37776415596e-13, 2.37421220921e-13, 2.46986133802e-13]}, "melbands_crest": {"dmean": 2.99333930016, "dmean2": 4.86715745926, "dvar": 7.34560537338, "dvar2": 18.8108196259, "max": 31.3092403412, "mean": 12.4009027481, "median": 11.8431968689, "min": 1.53428387642, "var": 20.10572052}, "melbands_flatness_db": {"dmean": 0.0242298785597, "dmean2": 0.0350203067064, "dvar": 0.000517739506904, "dvar2": 0.00102786906064, "max": 0.396994322538, "mean": 0.190855160356, "median": 0.190132662654, "min": 0.00244932156056, "var": 0.00366408447735}, "melbands_kurtosis": {"dmean": 4.64596748352, "dmean2": 7.33901500702, "dvar": 48.9582862854, "dvar2": 116.835395813, "max": 136.81288147, "mean": 8.87594032288, "median": 4.40149927139, "min": -1.75219273567, "var": 163.374099731}, "melbands_skewness": {"dmean": 0.616270363331, "dmean2": 0.943436563015, "dvar": 0.364109426737, "dvar2": 0.807717382908, "max": 9.10869693756, "mean": 2.13182783127, "median": 1.93288290501, "min": -1.28625094891, "var": 2.13538384438}, "melbands_spread": {"dmean": 7.12046384811, "dmean2": 10.9512224197, "dvar": 65.8837966919, "dvar2": 148.05909729, "max": 161.735275269, "mean": 27.7428226471, "median": 23.1850528717, "min": 2.04159760475, "var": 445.671905518}, "mfcc": {"cov": [[10020.8447266, 493.009429932, -652.038269043, 111.659683228, -287.34967041, 89.3686599731, -66.6346664429, 64.3624267578, -121.181121826, 114.10471344, -19.8504009247, -132.640716553, -102.315986633], [493.009429932, 1324.13769531, -172.540390015, 110.131530762, 1.86443781853, 40.5110626221, -4.22768068314, 27.9983730316, -29.270565033, -19.6636047363, 15.057972908, 7.32241344452, 15.7519006729], [-652.038269043, -172.540390015, 571.43737793, 18.0278816223, 105.271537781, 20.1418533325, -9.75469303131, 1.43458175659, 16.6543903351, -23.4878940582, -8.746758461, 42.1700057983, -9.12669754028], [111.659683228, 110.131530762, 18.0278816223, 263.113891602, 70.6771011353, -12.2554616928, -61.7697219849, -12.446346283, 26.2864494324, -11.51060009, -34.8894004822, 6.20262670517, 23.5977516174], [-287.34967041, 1.86443781853, 105.271537781, 70.6771011353, 229.248504639, 15.3879127502, -35.2520332336, -19.4141979218, 39.1345214844, -14.2879276276, -18.6054840088, 17.390827179, 22.297044754], [89.3686599731, 40.5110626221, 20.1418533325, -12.2554616928, 15.3879127502, 118.908813477, 53.773639679, -0.422528922558, -21.0615692139, -3.82504248619, 24.3831272125, -1.12896192074, -13.8329439163], [-66.6346664429, -4.22768068314, -9.75469303131, -61.7697219849, -35.2520332336, 53.773639679, 158.876266479, 37.1636619568, -15.5267410278, 5.04118108749, 39.1057548523, 0.180935993791, -13.84034729], [64.3624267578, 27.9983730316, 1.43458175659, -12.446346283, -19.4141979218, -0.422528922558, 37.1636619568, 92.9406051636, 13.4671392441, 4.14646196365, 3.31464362144, -2.01214528084, 3.28686237335], [-121.181121826, -29.270565033, 16.6543903351, 26.2864494324, 39.1345214844, -21.0615692139, -15.5267410278, 13.4671392441, 112.930740356, 33.3651008606, -12.0180168152, -7.14898443222, 14.7177658081], [114.10471344, -19.6636047363, -23.4878940582, -11.51060009, -14.2879276276, -3.82504248619, 5.04118108749, 4.14646196365, 33.3651008606, 111.172340393, 17.4851913452, -6.48574638367, -10.6944007874], [-19.8504009247, 15.057972908, -8.746758461, -34.8894004822, -18.6054840088, 24.3831272125, 39.1057548523, 3.31464362144, -12.0180168152, 17.4851913452, 107.972434998, 27.5820598602, -15.4662790298], [-132.640716553, 7.32241344452, 42.1700057983, 6.20262670517, 17.390827179, -1.12896192074, 0.180935993791, -2.01214528084, -7.14898443222, -6.48574638367, 27.5820598602, 97.1794815063, 4.89247941971], [-102.315986633, 15.7519006729, -9.12669754028, 23.5977516174, 22.297044754, -13.8329439163, -13.84034729, 3.28686237335, 14.7177658081, -10.6944007874, -15.4662790298, 4.89247941971, 86.6056213379]], "icov": [[0.000121021395898, -1.57929698616e-05, 0.000113291229354, -8.46101611387e-05, 0.000103146412584, -0.000173976382939, 0.000158927505254, -0.00015251635341, 0.000135227295686, -0.000137297858601, 4.44851721113e-05, 8.07382166386e-05, 0.000121131532069], [-1.57929698616e-05, 0.000860945146997, 0.000282296270598, -0.000391402223613, -5.18956330779e-05, -0.000359923375072, 0.000138773597428, -0.000404085119953, 0.000224777439144, 0.000121616663819, -0.000172221625689, -0.000109237611468, -9.32315160753e-05], [0.000113291229354, 0.000282296270598, 0.00222299713641, -8.0920442997e-05, -0.000774211424869, -0.000589309900533, 0.000287205941277, -0.000546107359696, -3.14825556416e-05, 0.000259553140495, 0.000301846477669, -0.000809531193227, 0.000647670240141], [-8.46101611387e-05, -0.000391402223613, -8.0920442997e-05, 0.00484863389283, -0.00103693688288, -9.20588936424e-05, 0.00124019070063, 0.000191294922843, -0.000773164501879, 0.000317315018037, 0.000878169143107, -0.000430779939052, -0.000563492299989], [0.000103146412584, -5.18956330779e-05, -0.000774211424869, -0.00103693688288, 0.00607718899846, -0.00176684511825, 0.000901181192603, 0.000985831487924, -0.00206619431265, 0.000682525802404, 0.000442257034592, -0.000731564825401, -0.000852243509144], [-0.000173976382939, -0.000359923375072, -0.000589309900533, -9.20588936424e-05, -0.00176684511825, 0.0115935606882, -0.00420579640195, 0.00139790750109, 0.00160098529886, 0.000188556979992, -0.00150479038712, 0.0010547171114, 0.000827276788186], [0.000158927505254, 0.000138773597428, 0.000287205941277, 0.00124019070063, 0.000901181192603, -0.00420579640195, 0.00989964976907, -0.00376855256036, 0.000389452354284, -6.56831398373e-05, -0.00190487201326, 0.000248534837738, 0.000247650692472], [-0.00015251635341, -0.000404085119953, -0.000546107359696, 0.000191294922843, 0.000985831487924, 0.00139790750109, -0.00376855256036, 0.0130762113258, -0.00236274744384, 0.000406253588153, 0.00043491384713, -6.46112457616e-05, -0.000812397222035], [0.000135227295686, 0.000224777439144, -3.14825556416e-05, -0.000773164501879, -0.00206619431265, 0.00160098529886, 0.000389452354284, -0.00236274744384, 0.0120894927531, -0.0040896856226, 0.000498339359183, 0.00110813090578, -0.00126730464399], [-0.000137297858601, 0.000121616663819, 0.000259553140495, 0.000317315018037, 0.000682525802404, 0.000188556979992, -6.56831398373e-05, 0.000406253588153, -0.0040896856226, 0.0110224913806, -0.00202220003121, 0.000504866184201, 0.00125150207896], [4.44851721113e-05, -0.000172221625689, 0.000301846477669, 0.000878169143107, 0.000442257034592, -0.00150479038712, -0.00190487201326, 0.00043491384713, 0.000498339359183, -0.00202220003121, 0.0122385686263, -0.00383322639391, 0.00126902328338], [8.07382166386e-05, -0.000109237611468, -0.000809531193227, -0.000430779939052, -0.000731564825401, 0.0010547171114, 0.000248534837738, -6.46112457616e-05, 0.00110813090578, 0.000504866184201, -0.00383322639391, 0.0121799474582, -0.000952288159169], [0.000121131532069, -9.32315160753e-05, 0.000647670240141, -0.000563492299989, -0.000852243509144, 0.000827276788186, 0.000247650692472, -0.000812397222035, -0.00126730464399, 0.00125150207896, 0.00126902328338, -0.000952288159169, 0.0130007332191]], "mean": [-660.753662109, 130.232681274, -13.0407705307, 28.8993186951, -1.52136838436, 12.0044631958, -5.90828514099, 1.66988813877, -2.59778046608, 2.07413554192, -0.991974294186, -4.16220188141, -1.66875612736]}, "pitch_salience": {"dmean": 0.0699150487781, "dmean2": 0.113227374852, "dvar": 0.00365851423703, "dvar2": 0.0091006886214, "max": 0.979855597019, "mean": 0.565395653248, "median": 0.568663358688, "min": 0.214796707034, "var": 0.0107016842812}, "silence_rate_20dB": {"dmean": 0, "dmean2": 0, "dvar": 0, "dvar2": 0, "max": 1, "mean": 1, "median": 1, "min": 1, "var": 0}, "silence_rate_30dB": {"dmean": 0, "dmean2": 0, "dvar": 0, "dvar2": 0, "max": 1, "mean": 1, "median": 1, "min": 1, "var": 0}, "silence_rate_60dB": {"dmean": 0.0204498972744, "dmean2": 0.0409050248563, "dvar": 0.0200317706913, "dvar2": 0.0461377315223, "max": 1, "mean": 0.0803833901882, "median": 0, "min": 0, "var": 0.0739184841514}, "spectral_centroid": {"dmean": 259.239105225, "dmean2": 392.628997803, "dvar": 85731.296875, "dvar2": 174103.84375, "max": 12095.9658203, "mean": 1507.00524902, "median": 1275.42382812, "min": 215.933273315, "var": 1893067}, "spectral_complexity": {"dmean": 3.66027617455, "dmean2": 5.26626634598, "dvar": 20.3692760468, "dvar2": 35.7936706543, "max": 52, "mean": 17.5869655609, "median": 17, "min": 0, "var": 86.2473220825}, "spectral_contrast_coeffs": {"dmean": [0.0561198815703, 0.0472638681531, 0.0394450388849, 0.0334754697978, 0.0246359612793, 0.0185186900198], "dmean2": [0.093911126256, 0.0774532780051, 0.0633471608162, 0.052445396781, 0.0376992896199, 0.0283178016543], "dvar": [0.00224483548664, 0.00156274007168, 0.00109713152051, 0.000812255835626, 0.000504450581502, 0.000273283367278], "dvar2": [0.00622260197997, 0.00407106336206, 0.00264018331654, 0.00178412219975, 0.001016158727, 0.000579564424697], "max": [-0.331524670124, -0.418186157942, -0.460126161575, -0.491716057062, -0.547851324081, -0.568694531918], "mean": [-0.63292747736, -0.735973358154, -0.758182764053, -0.753465592861, -0.777977228165, -0.72759282589], "median": [-0.630980312824, -0.739475429058, -0.766394495964, -0.75989228487, -0.784509956837, -0.722442209721], "min": [-0.979096651077, -0.977564692497, -0.986044347286, -0.971896469593, -0.966948747635, -0.964014351368], "var": [0.00745957298204, 0.00585339497775, 0.00609384896234, 0.00524219684303, 0.00381698971614, 0.00268040318042]}, "spectral_contrast_valleys": {"dmean": [0.432942837477, 0.38670578599, 0.342976361513, 0.29137930274, 0.286425381899, 0.369555473328], "dmean2": [0.696858346462, 0.613227009773, 0.544685482979, 0.438576459885, 0.385722130537, 0.454082101583], "dvar": [0.146072924137, 0.133476868272, 0.113184809685, 0.0879634395242, 0.105747126043, 0.158767327666], "dvar2": [0.318133622408, 0.276690036058, 0.230394408107, 0.154071480036, 0.156493902206, 0.250651180744], "max": [-5.48357725143, -4.78309202194, -5.26174259186, -5.77910757065, -5.88754224777, -8.13732624054], "mean": [-7.69722604752, -7.1239733696, -7.72358036041, -7.97530031204, -8.07355308533, -11.0313501358], "median": [-7.30437040329, -6.72881126404, -7.3408203125, -7.57404327393, -7.7138633728, -10.7346534729], "min": [-28.2904968262, -28.15350914, -27.8430118561, -27.8284091949, -27.5067691803, -27.4147891998], "var": [7.28278923035, 7.60416316986, 7.22701978683, 7.0537071228, 6.97787952423, 5.3190164566]}, "spectral_decrease": {"dmean": 1.68873592887e-09, "dmean2": 2.48580800388e-09, "dvar": 3.99123082799e-18, "dvar2": 8.55764583082e-18, "max": 2.08692203956e-28, "mean": -5.54273560383e-09, "median": -4.89076779076e-09, "min": -2.24372325164e-08, "var": 1.53055627564e-17}, "spectral_energy": {"dmean": 0.00675525562838, "dmean2": 0.00986037496477, "dvar": 6.27645058557e-05, "dvar2": 0.000131836175569, "max": 0.0889197513461, "mean": 0.0226845238358, "median": 0.0199788846076, "min": 1.00436552704e-20, "var": 0.000256562168943}, "spectral_energyband_high": {"dmean": 0.000255973020103, "dmean2": 0.000360701349564, "dvar": 2.01069497052e-07, "dvar2": 4.01121837967e-07, "max": 0.00715207168832, "mean": 0.000514911429491, "median": 0.000237331492826, "min": 7.1788929334e-21, "var": 5.25098243997e-07}, "spectral_energyband_low": {"dmean": 0.00294035254046, "dmean2": 0.00448152609169, "dvar": 2.11549449887e-05, "dvar2": 5.18722445122e-05, "max": 0.057857580483, "mean": 0.00553249847144, "median": 0.00352331949398, "min": 1.44777101803e-23, "var": 3.78620097763e-05}, "spectral_energyband_middle_high": {"dmean": 0.00233287340961, "dmean2": 0.00327810132876, "dvar": 1.19715195979e-05, "dvar2": 2.33181326621e-05, "max": 0.0709413960576, "mean": 0.00705012120306, "median": 0.00396690703928, "min": 1.2239920367e-21, "var": 7.04039921402e-05}, "spectral_energyband_middle_low": {"dmean": 0.00449259532616, "dmean2": 0.00715076318011, "dvar": 3.47588356817e-05, "dvar2": 8.30871867947e-05, "max": 0.0749357268214, "mean": 0.0108451656997, "median": 0.00850045774132, "min": 1.23968254322e-22, "var": 8.70156582096e-05}, "spectral_entropy": {"dmean": 0.156000688672, "dmean2": 0.217573851347, "dvar": 0.0221671033651, "dvar2": 0.0407225526869, "max": 9.82706546783, "mean": 7.49328231812, "median": 7.45912075043, "min": 6.34781503677, "var": 0.205728933215}, "spectral_flux": {"dmean": 0.0226373448968, "dmean2": 0.0346314497292, "dvar": 0.000556649989448, "dvar2": 0.00117298983969, "max": 0.267067939043, "mean": 0.0787016153336, "median": 0.0740170329809, "min": 6.28984989093e-11, "var": 0.00193435465917}, "spectral_kurtosis": {"dmean": 1.69828641415, "dmean2": 2.84394693375, "dvar": 3.24821066856, "dvar2": 8.71618461609, "max": 23.0238952637, "mean": 4.21695804596, "median": 3.70326280594, "min": -1.26878166199, "var": 7.45994997025}, "spectral_rms": {"dmean": 0.000693805573974, "dmean2": 0.000989157706499, "dvar": 5.69326289224e-07, "dvar2": 1.09088705358e-06, "max": 0.00931402016431, "mean": 0.00432710302994, "median": 0.00441492861137, "min": 3.13028574415e-12, "var": 3.40747055816e-06}, "spectral_rolloff": {"dmean": 410.277648926, "dmean2": 679.250061035, "dvar": 419470.40625, "dvar2": 933847.1875, "max": 19573.6816406, "mean": 1762.21594238, "median": 1378.125, "min": 107.666015625, "var": 6088208.5}, "spectral_skewness": {"dmean": 0.225304722786, "dmean2": 0.355743557215, "dvar": 0.0441022962332, "dvar2": 0.102775737643, "max": 3.45982956886, "mean": 1.41535651684, "median": 1.41139125824, "min": -0.0942104309797, "var": 0.196923136711}, "spectral_spread": {"dmean": 425484.4375, "dmean2": 630616.125, "dvar": 489862955008, "dvar2": 1034915741700.0, "max": 43189236, "mean": 4469172, "median": 3669926.5, "min": 1770782.8