{"lowlevel": {"average_loudness": 0.79072445631, "barkbands": {"dmean": [0.000194903099327, 0.0042476831004, 0.00420194771141, 0.00321908737533, 0.00304191303439, 0.0012070920784, 0.00113668944687, 0.000416983064497, 0.000501975067891, 0.000377650809241, 0.000120554832392, 7.20369062037e-05, 0.000105727602204, 0.000130431100843, 0.000128253435832, 0.00029804330552, 0.000179825510713, 8.57496852404e-05, 0.000129862688482, 9.01445746422e-05, 5.5171931308e-05, 5.78354884055e-05, 4.53437860415e-05, 4.90169586556e-05, 3.35323748004e-05, 2.64814389084e-05, 1.19852620628e-05], "dmean2": [0.00028367320192, 0.0077616982162, 0.00747349485755, 0.00542501779273, 0.00514788646251, 0.00188816920854, 0.00180305691902, 0.000654419709463, 0.000791453931015, 0.000582398264669, 0.000200062902877, 0.00011681469914, 0.000165800069226, 0.000202677736524, 0.000202629875275, 0.000456776790088, 0.000291178846965, 0.000139831696288, 0.000208921774174, 0.000149170678924, 8.77218626556e-05, 8.95060074981e-05, 7.00044620316e-05, 7.39238894312e-05, 4.68684738735e-05, 4.07574734709e-05, 1.78299687832e-05], "dvar": [1.3049661618e-07, 9.08894580789e-05, 7.74094150984e-05, 3.61995880667e-05, 3.92422734876e-05, 8.05535364634e-06, 5.06674405187e-06, 8.05935087556e-07, 9.36959281717e-07, 4.81157542254e-07, 6.72657307632e-08, 4.66260487997e-08, 8.52142534313e-08, 1.74319481516e-07, 2.7378428058e-07, 7.77419984388e-07, 2.39620447928e-07, 2.91349540049e-08, 6.64487984636e-08, 3.69088972718e-08, 1.75419394566e-08, 2.0067624007e-08, 1.2878573763e-08, 2.14339106464e-08, 9.65586366419e-09, 6.04236305435e-09, 1.9004944285e-09], "dvar2": [3.01250651091e-07, 0.000257270847214, 0.000220710993744, 9.69942484517e-05, 0.000104056030978, 1.81554933079e-05, 1.22117935462e-05, 1.83692282008e-06, 2.30827049563e-06, 1.08526330678e-06, 1.72568306311e-07, 1.11956673265e-07, 1.90042896975e-07, 3.77608387225e-07, 6.04843364727e-07, 1.56839655574e-06, 5.83016060318e-07, 7.08539218408e-08, 1.64327616403e-07, 9.70135474176e-08, 4.35686509093e-08, 4.66481964168e-08, 2.73921312299e-08, 5.10355420147e-08, 1.99652188115e-08, 1.47282710472e-08, 3.82813913902e-09], "max": [0.00514325359836, 0.0902023166418, 0.0946498811245, 0.080659866333, 0.0728018656373, 0.0668144375086, 0.0385232530534, 0.029939012602, 0.0168924871832, 0.0183413829654, 0.00478968489915, 0.0124775972217, 0.0119122434407, 0.0160422790796, 0.0218221936375, 0.028985844925, 0.0164727009833, 0.007089715451, 0.00587857654318, 0.00363443349488, 0.00212720222771, 0.00225250469521, 0.00147830694914, 0.00326943234541, 0.00475724227726, 0.00160207087174, 0.00101751764305], "mean": [0.000227873650147, 0.00348114338703, 0.00495706964284, 0.00440720934421, 0.00448787771165, 0.00251093157567, 0.00233762385324, 0.000701270706486, 0.000891511968803, 0.000705243262928, 0.0001782594627, 0.000115823015221, 0.000174695363967, 0.000248952768743, 0.000231541809626, 0.000658129283693, 0.000326404348016, 0.000166545549291, 0.000252946600085, 0.00015646625252, 8.70479343575e-05, 8.01297064754e-05, 7.02270845068e-05, 6.86981948093e-05, 5.39559187018e-05, 2.80884760286e-05, 1.26286277009e-05], "median": [2.15672480408e-05, 0.000751275860239, 0.0024810731411, 0.00218427041546, 0.00183843181003, 0.000541380664799, 0.000660399557091, 0.000210736820009, 0.000317779544275, 0.000243472808506, 7.07555300323e-05, 2.46323470492e-05, 4.3583491788e-05, 5.08158555022e-05, 6.53988972772e-05, 0.000146101228893, 0.000122555255075, 8.54331010487e-05, 0.000123870006064, 7.34720888431e-05, 3.22714549839e-05, 1.50262303578e-05, 1.16488909043e-05, 9.15649434319e-06, 7.22501317796e-06, 1.41142777466e-06, 1.90814319012e-07], "min": [1.27278111943e-24, 3.74438311246e-24, 1.43106546841e-23, 5.53143626386e-24, 6.44279362036e-23, 2.74685374611e-23, 3.04698849928e-23, 8.05770422714e-23, 4.82904263911e-23, 3.46942256739e-23, 2.87524117398e-23, 4.96244375135e-23, 4.76379658473e-23, 9.92479725702e-23, 7.82307175038e-23, 1.06384292309e-22, 1.80116117137e-22, 2.18087046975e-22, 1.8024758554e-22, 3.43953881236e-22, 4.61323383505e-22, 4.15344783417e-22, 4.88688400328e-22, 6.58171922018e-22, 1.21422460079e-21, 1.63836519592e-21, 2.18619675761e-21], "var": [1.88475794971e-07, 6.44251122139e-05, 6.15273966105e-05, 4.66932724521e-05, 6.15181706962e-05, 3.19395476254e-05, 1.86449869943e-05, 2.51609321822e-06, 2.29956526709e-06, 1.60465879162e-06, 1.13224302822e-07, 1.51034697637e-07, 2.30675169632e-07, 6.31961484032e-07, 7.51928837417e-07, 4.73841191706e-06, 6.38426513433e-07, 7.45811377101e-08, 1.79418421453e-07, 6.57896208622e-08, 2.87131154408e-08, 3.1824200164e-08, 2.4519261288e-08, 2.95430453434e-08, 1.70451208703e-08, 6.4114518139e-09, 3.26089932834e-09]}, "barkbands_crest": {"dmean": 2.63088059425, "dmean2": 4.38601350784, "dvar": 5.26143932343, "dvar2": 14.3383827209, "max": 26.8799438477, "mean": 10.002248764, "median": 9.3331079483, "min": 2.75084090233, "var": 12.3729438782}, "barkbands_flatness_db": {"dmean": 0.0266719479114, "dmean2": 0.0421224422753, "dvar": 0.000681730685756, "dvar2": 0.00160013826098, "max": 0.47563380003, "mean": 0.156800448895, "median": 0.149624273181, "min": 0.0259890314192, "var": 0.00293758325279}, "barkbands_kurtosis": {"dmean": 5.0895409584, "dmean2": 8.23475265503, "dvar": 91.544883728, "dvar2": 181.127334595, "max": 664.479797363, "mean": 8.53705406189, "median": 4.67082309723, "min": -1.90107893944, "var": 277.769866943}, "barkbands_skewness": {"dmean": 0.710937023163, "dmean2": 1.14425814152, "dvar": 0.597467362881, "dvar2": 1.45608878136, "max": 25.546415329, "mean": 2.1551566124, "median": 2.02203917503, "min": -3.24574494362, "var": 2.0687277317}, "barkbands_spread": {"dmean": 5.88328886032, "dmean2": 9.55121326447, "dvar": 64.4526672363, "dvar2": 164.679168701, "max": 122.247589111, "mean": 17.9403171539, "median": 14.625705719, "min": 0.661436200142, "var": 185.147354126}, "dissonance": {"dmean": 0.0191685892642, "dmean2": 0.0317867174745, "dvar": 0.000393775699195, "dvar2": 0.000976960756816, "max": 0.500000119209, "mean": 0.459670990705, "median": 0.468354612589, "min": 0.192658558488, "var": 0.00111028191168}, "dynamic_complexity": 6.15472221375, "erbbands": {"dmean": [0.099654532969, 1.06993436813, 4.22967767715, 7.76199483871, 12.3398714066, 9.25726127625, 7.07679891586, 10.4507827759, 17.3842220306, 13.2407579422, 7.77787256241, 13.0997362137, 9.6030626297, 10.4548101425, 4.01569843292, 3.05262088776, 4.3012342453, 6.83373737335, 6.80366563797, 6.72132253647, 17.6993331909, 8.94204425812, 4.30010938644, 6.82745027542, 5.81905555725, 4.12269210815, 2.39159536362, 2.37972521782, 2.03438019753, 1.63066089153, 1.29764378071, 0.957430779934, 0.890628755093, 0.404087662697, 0.22865884006, 0.112605556846, 0.0552830584347, 0.0106779383495, 0.00211402657442, 0.000142997334478], "dmean2": [0.178581878543, 1.96204400063, 7.58002376556, 13.1701307297, 20.8801822662, 15.7411184311, 11.4078588486, 16.3741378784, 26.7652187347, 21.2836494446, 12.0961904526, 20.5462837219, 15.4381418228, 15.9787101746, 6.52198553085, 4.87518405914, 6.67877721786, 10.6450252533, 10.4968824387, 10.5910024643, 26.8164196014, 14.503156662, 6.97587537766, 11.0256357193, 9.43811416626, 6.80597496033, 3.83024430275, 3.89716768265, 3.18088126183, 2.51430392265, 1.98226189613, 1.38736414909, 1.46831762791, 0.60570114851, 0.313399851322, 0.163934782147, 0.0891679748893, 0.0167470313609, 0.00316798151471, 0.000213093866478], "dvar": [0.0407653898001, 6.52180767059, 85.6681518555, 192.762191772, 636.293945313, 422.000579834, 257.625183105, 680.307800293, 1320.609375, 669.274536133, 271.383605957, 703.972900391, 308.740692139, 507.915802002, 79.2611999512, 86.3789520264, 110.941635132, 460.403259277, 948.242614746, 308.507476807, 2622.8203125, 579.193115234, 60.2127342224, 222.096847534, 152.915893555, 77.8538208008, 27.8161315918, 45.5014915466, 26.5760822296, 13.1251144409, 11.3350896835, 6.89569425583, 8.252368927, 1.31242454052, 0.587394118309, 0.106030069292, 0.0293048545718, 0.00109342124779, 6.17609621258e-05, 2.56546741184e-07], "dvar2": [0.111085385084, 18.4283866882, 244.417648315, 536.247497559, 1657.11987305, 1129.08154297, 622.022460938, 1550.02050781, 2802.58666992, 1640.33740234, 614.629272461, 1723.39111328, 796.490783691, 1093.44799805, 203.166915894, 201.615692139, 249.630645752, 1005.56018066, 2046.61071777, 655.280944824, 5106.17382813, 1480.44006348, 149.022674561, 531.313049316, 413.027587891, 208.457809448, 71.4967956543, 119.102424622, 63.2988166809, 26.7760219574, 24.0619087219, 13.9673166275, 21.8381748199, 3.01093840599, 1.20368564129, 0.235784590244, 0.0745064914227, 0.00260634440929, 0.000124987884192, 5.1024539971e-07], "max": [2.97767090797, 23.3708934784, 93.5690841675, 187.151504517, 332.811431885, 306.474273682, 394.918640137, 674.61529541, 614.880004883, 504.523986816, 457.798339844, 503.748840332, 297.617767334, 668.933837891, 215.365615845, 594.092651367, 248.543243408, 882.291931152, 1394.85681152, 1048.5760498, 1962.1192627, 820.899536133, 233.989746094, 523.815368652, 289.793457031, 170.226150513, 89.8083648682, 107.995231628, 105.494026184, 61.1831512451, 39.1918029785, 34.2887306213, 78.3768463135, 35.0951423645, 45.1146392822, 11.6274118423, 2.23374438286, 0.714457929134, 0.178306847811, 0.0125139057636], "mean": [0.0899080857635, 0.859867751598, 4.59842681885, 11.4865217209, 16.4182071686, 13.4239912033, 12.4463291168, 21.7721977234, 38.5098876953, 23.2926959991, 14.8255443573, 23.3670558929, 17.1914615631, 19.6910152435, 6.801445961, 5.26122426987, 7.73421144485, 13.2350292206, 13.3348903656, 15.4784650803, 38.9718055725, 17.8979701996, 9.11977005005, 13.5484781265, 11.1974620819, 7.46528673172, 4.39129447937, 3.11353349686, 2.81365823746, 2.47428131104, 1.93943119049, 1.43689370155, 1.13202059269, 0.628412663937, 0.359852939844, 0.147123172879, 0.0511175841093, 0.0102777117863, 0.00223110383376, 0.00017233028484], "median": [0.0171675961465, 0.200085580349, 2.41494321823, 6.97833299637, 7.92623710632, 5.0408411026, 3.73588299751, 5.05774211884, 9.91942024231, 8.91180229187, 6.72411727905, 8.25794792175, 7.80141639709, 6.20751190186, 3.02621841431, 1.41071438789, 2.11196732521, 3.37542557716, 3.35272502899, 5.35630846024, 9.47569847107, 7.65589666367, 5.42030000687, 6.43776226044, 5.25875520706, 3.63423204422, 2.07404088974, 0.802911758423, 0.543984472752, 0.457736313343, 0.302098542452, 0.202103763819, 0.1466819942, 0.0921910256147, 0.0419788993895, 0.0112398760393, 0.00169654050842, 0.000282722525299, 4.3186621042e-05, 3.36714292644e-05], "min": [9.5045098372e-23, 1.48402179564e-21, 1.53290542335e-20, 1.41046185162e-20, 4.07769151963e-20, 3.57736848269e-19, 2.84911582797e-19, 2.00107901949e-19, 4.06621387164e-19, 6.53768711179e-19, 2.37242410036e-18, 1.16159205322e-18, 1.20706775496e-18, 1.1987849887e-18, 8.37590680562e-19, 2.75818639647e-18, 2.32577007984e-18, 4.85115414432e-18, 2.90125245329e-18, 6.10221312202e-18, 6.3395424067e-18, 1.04998204142e-17, 1.12926788216e-17, 1.15423409556e-17, 9.7852397625e-18, 1.75929586869e-17, 1.82819405801e-17, 1.70954045854e-17, 1.49249438694e-17, 1.65056099194e-17, 1.44270952916e-17, 1.26060960505e-17, 1.1939293351e-17, 1.12272877126e-17, 9.77087080807e-18, 5.24712674432e-18, 2.95046142793e-18, 1.20215843803e-18, 3.17406856173e-19, 3.09161306569e-20], "var": [0.0367467477918, 4.31473064423, 61.8628158569, 236.778823853, 828.426391602, 686.703613281, 754.59753418, 2603.98876953, 6116.37255859, 1718.18933105, 730.322387695, 1704.69067383, 622.488769531, 1866.45288086, 154.577575684, 304.243988037, 302.922027588, 1585.37988281, 2864.96386719, 1998.04577637, 14314.5703125, 1590.0526123, 166.172698975, 611.846801758, 361.582702637, 141.35925293, 54.9656639099, 52.6258621216, 41.2131958008, 27.1498603821, 19.9529457092, 11.495390892, 9.32632160187, 2.20113015175, 0.912131428719, 0.145694613457, 0.0260374099016, 0.00127873884048, 0.000104371778434, 4.52482566971e-07]}, "erbbands_crest": {"dmean": 2.688839674, "dmean2": 4.25999546051, "dvar": 6.61931419373, "dvar2": 15.2842750549, "max": 33.5835113525, "mean": 9.86490058899, "median": 8.61724472046, "min": 1.94155132771, "var": 25.0172462463}, "erbbands_flatness_db": {"dmean": 0.0235628765076, "dmean2": 0.0334150865674, "dvar": 0.000592213880736, "dvar2": 0.00115957949311, "max": 0.385342240334, "mean": 0.160526797175, "median": 0.156726747751, "min": 0.0397594682872, "var": 0.00303557654843}, "erbbands_kurtosis": {"dmean": 1.25529062748, "dmean2": 1.96170389652, "dvar": 6.55216693878, "dvar2": 15.1656322479, "max": 117.729217529, "mean": 0.876599550247, "median": -0.297156184912, "min": -1.86891877651, "var": 14.7049036026}, "erbbands_skewness": {"dmean": 0.423635274172, "dmean2": 0.65468120575, "dvar": 0.220423951745, "dvar2": 0.516490459442, "max": 5.30102539063, "mean": 0.530082523823, "median": 0.517945289612, "min": -7.90103816986, "var": 1.06154537201}, "erbbands_spread": {"dmean": 11.2991638184, "dmean2": 17.3784408569, "dvar": 177.02444458, "dvar2": 403.294586182, "max": 159.820114136, "mean": 44.475479126, "median": 39.8426513672, "min": 1.61093890667, "var": 572.647216797}, "gfcc": {"cov": [[27920.2617188, 1139.31030273, -564.108215332, 502.285125732, 312.57208252, 507.033081055, -194.64213562, 569.001464844, -13.7288217545, -1.82664108276, 196.435089111, -244.327362061, 79.9012527466], [1139.31030273, 1783.84118652, -574.349060059, -220.369216919, 98.6463546753, -374.182159424, 66.0500717163, 18.5908737183, 82.9943771362, -128.984542847, 93.0681304932, -127.975349426, 63.1773681641], [-564.108215332, -574.349060059, 1057.26489258, 175.289810181, -55.6854438782, 239.594497681, -37.2077407837, -33.4900665283, -16.9551239014, 51.6392745972, -79.3619232178, 75.7081680298, -51.4704551697], [502.285125732, -220.369216919, 175.289810181, 351.903137207, 0.40672814846, 111.799491882, -55.5361671448, 10.6643791199, -9.64740943909, 4.97426223755, -10.216755867, 17.7812919617, 25.9994087219], [312.57208252, 98.6463546753, -55.6854438782, 0.40672814846, 285.904022217, 47.8280296326, 31.2812347412, 62.5304222107, 11.836060524, 31.7985153198, 43.5245246887, -12.4377307892, 22.6541919708], [507.033081055, -374.182159424, 239.594497681, 111.799491882, 47.8280296326, 309.746795654, 6.53215169907, 63.8823623657, -35.8194389343, 56.8797721863, -19.0317306519, 10.877872467, -13.0368690491], [-194.64213562, 66.0500717163, -37.2077407837, -55.5361671448, 31.2812347412, 6.53215169907, 181.930755615, 1.8749037981, 9.38652420044, -20.8954696655, -5.70239591599, 4.98789262772, -16.827539444], [569.001464844, 18.5908737183, -33.4900665283, 10.6643791199, 62.5304222107, 63.8823623657, 1.8749037981, 180.216690063, 26.4082508087, 28.5669116974, 22.6852588654, -11.6593055725, 25.7003479004], [-13.7288217545, 82.9943771362, -16.9551239014, -9.64740943909, 11.836060524, -35.8194389343, 9.38652420044, 26.4082508087, 100.056419373, 25.7366962433, 5.04119491577, 1.84563302994, 10.8815517426], [-1.82664108276, -128.984542847, 51.6392745972, 4.97426223755, 31.7985153198, 56.8797721863, -20.8954696655, 28.5669116974, 25.7366962433, 106.659286499, 48.0842285156, 11.8159513474, -10.2992334366], [196.435089111, 93.0681304932, -79.3619232178, -10.216755867, 43.5245246887, -19.0317306519, -5.70239591599, 22.6852588654, 5.04119491577, 48.0842285156, 114.062309265, 14.5344400406, 7.20313119888], [-244.327362061, -127.975349426, 75.7081680298, 17.7812919617, -12.4377307892, 10.877872467, 4.98789262772, -11.6593055725, 1.84563302994, 11.8159513474, 14.5344400406, 89.2129211426, 19.1115760803], [79.9012527466, 63.1773681641, -51.4704551697, 25.9994087219, 22.6541919708, -13.0368690491, -16.827539444, 25.7003479004, 10.8815517426, -10.2992334366, 7.20313119888, 19.1115760803, 84.0962982178]], "icov": [[4.46460544481e-05, -4.68361613457e-05, 3.04019795294e-05, -6.22545412625e-05, 6.75492401569e-06, -0.000130258675199, 6.73145841574e-05, -9.20223610592e-05, -6.93068614055e-06, 6.94893678883e-05, -6.23860250926e-05, 3.14492390316e-05, 5.78037543164e-05], [-4.68361613457e-05, 0.00123506330419, -6.49729463476e-06, 0.000404557038564, -0.000289845571388, 0.0008654029225, -0.000286071444862, 7.62539784773e-05, -0.000937386299483, 0.00166115933098, -0.00148969027214, 0.00166314328089, -0.000806333788205], [3.04019795294e-05, -6.49729463476e-06, 0.00150554848369, -0.000430476240581, 8.51373260957e-05, -0.000949695240706, 0.000365441432223, 0.00024892546935, -0.0002732364228, -0.00037107616663, 0.00100883934647, -0.00131470873021, 0.00105971074663], [-6.22545412625e-05, 0.000404557038564, -0.000430476240581, 0.00392513209954, -3.71336172975e-05, -0.00117220683023, 0.000996362534352, 0.000500305381138, -0.000906385364942, 0.00170192879159, -0.00103754596785, 0.000430434331065, -0.00153022410814], [6.75492401569e-06, -0.000289845571388, 8.51373260957e-05, -3.71336172975e-05, 0.0043998574838, -0.000894904602319, -0.000883824308403, -0.000671777117532, 9.28656445467e-05, -0.000959966215305, -0.00107978493907, 0.000788114906754, -0.00123681919649], [-0.000130258675199, 0.0008654029225, -0.000949695240706, -0.00117220683023, -0.000894904602319, 0.00740645360202, -0.00168309535366, -0.00213596224785, 0.00333979469724, -0.00371246226132, 0.00199534115382, 0.000872283882927, -0.000295955687761], [6.73145841574e-05, -0.000286071444862, 0.000365441432223, 0.000996362534352, -0.000883824308403, -0.00168309535366, 0.00695918966085, -1.6642815126e-07, -0.00171668850817, 0.00290678581223, -0.000199190486455, -0.00188586814329, 0.00246008788235], [-9.20223610592e-05, 7.62539784773e-05, 0.00024892546935, 0.000500305381138, -0.000671777117532, -0.00213596224785, -1.6642815126e-07, 0.00780539819971, -0.00241368194111, -6.55416806694e-05, -0.00124302553013, 0.0015175222652, -0.00244185654446], [-6.93068614055e-06, -0.000937386299483, -0.0002732364228, -0.000906385364942, 9.28656445467e-05, 0.00333979469724, -0.00171668850817, -0.00241368194111, 0.0145958987996, -0.00792236812413, 0.00435504084453, -0.00126263883431, -0.00123430544045], [6.94893678883e-05, 0.00166115933098, -0.00037107616663, 0.00170192879159, -0.000959966215305, -0.00371246226132, 0.00290678581223, -6.55416806694e-05, -0.00792236812413, 0.0210955478251, -0.0105332192034, 0.00125941750593, 0.00244216038845], [-6.23860250926e-05, -0.00148969027214, 0.00100883934647, -0.00103754596785, -0.00107978493907, 0.00199534115382, -0.000199190486455, -0.00124302553013, 0.00435504084453, -0.0105332192034, 0.0165182184428, -0.00509095611051, 0.000945451960433], [3.14492390316e-05, 0.00166314328089, -0.00131470873021, 0.000430434331065, 0.000788114906754, 0.000872283882927, -0.00188586814329, 0.0015175222652, -0.00126263883431, 0.00125941750593, -0.00509095611051, 0.0170470625162, -0.00625566253439], [5.78037543164e-05, -0.000806333788205, 0.00105971074663, -0.00153022410814, -0.00123681919649, -0.000295955687761, 0.00246008788235, -0.00244185654446, -0.00123430544045, 0.00244216038845, 0.000945451960433, -0.00625566253439, 0.0168889202178]], "mean": [-69.9904937744, 102.932731628, -101.189682007, 37.0144042969, -55.89320755, -5.1209897995, -39.7196006775, 10.1102485657, -22.0816841125, -6.42284870148, -22.6440124512, -8.6685628891, -10.9733867645]}, "hfc": {"dmean": 5.15466165543, "dmean2": 7.8138718605, "dvar": 88.5403060913, "dvar2": 214.159393311, "max": 112.893135071, "mean": 14.7622442245, "median": 12.7203578949, "min": 1.15621532547e-16, "var": 222.009719849}, "melbands": {"dmean": [0.00102515984327, 0.00194482912775, 0.00147345359437, 0.000761312432587, 0.000269715470495, 0.000242525566136, 0.000260464381427, 0.000134792222525, 6.85757768224e-05, 7.65792719903e-05, 4.79652335343e-05, 4.49070321338e-05, 1.48831231854e-05, 8.56289989315e-06, 8.53208439366e-06, 1.07796422526e-05, 1.39403800858e-05, 1.15137891044e-05, 7.6038172665e-06, 1.65042401932e-05, 2.12682334677e-05, 1.12637908387e-05, 4.93779543831e-06, 3.95249026042e-06, 6.23684900347e-06, 4.5169126679e-06, 4.02048726755e-06, 2.67352493211e-06, 1.6752604779e-06, 1.29694410589e-06, 1.54698705046e-06, 1.21754510474e-06, 1.09307336515e-06, 8.98806092664e-07, 8.3831378106e-07, 6.21814137958e-07, 6.29787791695e-07, 7.44403791941e-07, 4.27546126502e-07, 3.21546195892e-07], "dmean2": [0.00186183361802, 0.00348634459078, 0.00248397514224, 0.00129173812456, 0.000439252908109, 0.000375413044821, 0.000403955869842, 0.000216007829295, 0.000105926665128, 0.000120874567074, 7.72902858444e-05, 6.84969418216e-05, 2.43092763412e-05, 1.36913622555e-05, 1.34634519782e-05, 1.68322840182e-05, 2.15641757677e-05, 1.76637167897e-05, 1.21287166621e-05, 2.58968175331e-05, 3.22966734529e-05, 1.81951818377e-05, 8.12233338365e-06, 6.42895474812e-06, 1.01105324575e-05, 7.29328121452e-06, 6.6174316089e-06, 4.45719342679e-06, 2.76371019936e-06, 2.04675507121e-06, 2.62923845185e-06, 1.9233752937e-06, 1.69086990809e-06, 1.40239944812e-06, 1.30827652356e-06, 9.06828915959e-07, 9.37017830438e-07, 1.26188592731e-06, 6.83391306211e-07, 4.78861579722e-07], "dvar": [4.73162890557e-06, 1.86508386832e-05, 6.94148184266e-06, 2.41300449488e-06, 3.58077983265e-07, 3.5232466189e-07, 2.7606475328e-07, 6.72241213806e-08, 1.84482331633e-08, 2.33927721638e-08, 7.72408270677e-09, 9.59186241545e-09, 1.10919562424e-09, 6.80842549006e-10, 5.30975652335e-10, 9.72071867444e-10, 2.0532442413e-09, 2.61937205259e-09, 4.89834950379e-10, 3.21124304925e-09, 3.59442986486e-09, 1.16550014084e-09, 8.38326214003e-11, 5.38776419312e-11, 1.9992052458e-10, 7.96014712479e-11, 8.2326173656e-11, 3.52635733114e-11, 1.42250673046e-11, 9.64470864284e-12, 2.18267574154e-11, 1.01901109079e-11, 6.54408601961e-12, 4.18639818991e-12, 5.17670281641e-12, 2.52822589253e-12, 3.20639326722e-12, 6.32290097016e-12, 1.70765203193e-12, 7.71836208228e-13], "dvar2": [1.33267494675e-05, 5.28933524038e-05, 1.85819881153e-05, 6.4083919824e-06, 8.7619525857e-07, 7.70086671764e-07, 6.10679478541e-07, 1.63505291084e-07, 4.17977723544e-08, 5.75036693817e-08, 1.99455634231e-08, 2.03799004339e-08, 2.82268297624e-09, 1.57247914689e-09, 1.27209653922e-09, 2.1221282509e-09, 4.47644543655e-09, 5.44990008677e-09, 1.12531994834e-09, 6.51620934988e-09, 6.89042112256e-09, 2.9472813079e-09, 2.14489967454e-10, 1.33635449928e-10, 4.77064276971e-10, 2.01572133984e-10, 2.26318547236e-10, 9.3984792171e-11, 3.80920295306e-11, 2.3619347797e-11, 5.91551599372e-11, 2.47221548788e-11, 1.49597452481e-11, 8.89286734529e-12, 1.18451021561e-11, 4.98345071806e-12, 7.20004481383e-12, 1.71843494295e-11, 4.29598544238e-12, 1.71431911635e-12], "max": [0.0225461814553, 0.0400246977806, 0.0345354937017, 0.018430378288, 0.0124658718705, 0.014072551392, 0.00848241522908, 0.00609822571278, 0.0037204339169, 0.00280403043143, 0.00145358406007, 0.00299040530808, 0.000780606758781, 0.0016283695586, 0.000550326425582, 0.00118054123595, 0.00202019209974, 0.00228183995932, 0.00103061762638, 0.0019863457419, 0.00239537097514, 0.00120921107009, 0.000243349088123, 0.000225603202125, 0.000467637670226, 0.000243084999966, 0.000250542187132, 0.000130274478579, 7.32263215468e-05, 5.76669663133e-05, 7.62202544138e-05, 6.30901995464e-05, 4.96606371598e-05, 3.61327693099e-05, 2.93403609248e-05, 2.0337778551e-05, 2.77556137007e-05, 6.77296629874e-05, 3.01804047922e-05, 2.69975844276e-05], "mean": [0.000883064756636, 0.00202141120099, 0.00220928131603, 0.00108038028702, 0.00047452779836, 0.000515509338584, 0.000580955354962, 0.000231360216276, 0.00012915644038, 0.000135396752739, 8.24501184979e-05, 8.2983278844e-05, 2.32832699112e-05, 1.44357809404e-05, 1.40092352012e-05, 1.80028091563e-05, 2.53807011177e-05, 2.13769235415e-05, 1.43706574818e-05, 3.59717996616e-05, 4.50916304544e-05, 1.99488731596e-05, 9.22577237361e-06, 7.54769007472e-06, 1.15977700261e-05, 8.49469779496e-06, 6.86719977239e-06, 4.45585646958e-06, 2.9236341561e-06, 1.9476487978e-06, 1.79564767677e-06, 1.62569028817e-06, 1.45950991737e-06, 1.34524407258e-06, 1.16670946682e-06, 9.03733223367e-07, 8.85542419837e-07, 8.76514832271e-07, 6.00056296207e-07, 4.97129803989e-07], "median": [0.00018856866518, 0.00102515146136, 0.00137010752223, 0.000499776680954, 0.000137677066959, 0.000102745441836, 0.000149622588651, 8.30748394947e-05, 5.33217025804e-05, 4.80365124531e-05, 3.47303248418e-05, 2.4204944566e-05, 1.00732413557e-05, 3.50578216057e-06, 3.09242295771e-06, 4.66633173346e-06, 5.56294162379e-06, 4.28066050517e-06, 4.7514504331e-06, 8.41465225676e-06, 1.07222749648e-05, 7.12756173016e-06, 4.95464973937e-06, 3.81063750865e-06, 5.02456441609e-06, 4.08678488384e-06, 2.87242710328e-06, 2.08564733839e-06, 1.35459799822e-06, 7.1662600476e-07, 3.25019357206e-07, 3.04648096972e-07, 2.52597658346e-07, 2.45643349217e-07, 1.76800313056e-07, 1.21626470673e-07, 1.21798208852e-07, 1.10495079753e-07, 8.0123271573e-08, 7.29255447141e-08], "min": [1.22009970628e-24, 6.17963656436e-24, 3.5101935811e-24, 1.25776929362e-23, 1.14333768291e-23, 4.71913593456e-24, 6.56047731015e-24, 6.68823806692e-24, 1.94627099893e-23, 5.33562284338e-24, 5.86291364408e-24, 5.05988006383e-24, 3.13369452851e-24, 3.97213829985e-24, 7.33377951174e-24, 4.8954376694e-24, 9.0828095675e-24, 3.72110422158e-24, 6.96464467292e-24, 7.88571945471e-24, 6.17499845667e-24, 1.05654586505e-23, 1.20182982576e-23, 9.17761565995e-24, 9.10905102551e-24, 7.57915942948e-24, 8.37767047015e-24, 1.28636550143e-23, 1.03208029071e-23, 1.09121606518e-23, 1.00004307163e-23, 8.87722373813e-24, 8.05919075663e-24, 8.5859384266e-24, 8.21761374792e-24, 7.4774326603e-24, 7.51603399098e-24, 9.02562740706e-24, 7.78639555586e-24, 9.68414640264e-24], "var": [3.69158101421e-06, 1.32117856992e-05, 8.99754741113e-06, 3.17185686072e-06, 1.11617748644e-06, 1.49806078298e-06, 1.30148453081e-06, 1.78146379426e-07, 5.0769308757e-08, 5.55367449806e-08, 1.5376508955e-08, 3.60883163353e-08, 1.93173521623e-09, 2.35188379882e-09, 1.31239097367e-09, 2.61974664184e-09, 6.71315536493e-09, 8.53901038766e-09, 1.91814208961e-09, 1.7297022481e-08, 1.90453945947e-08, 2.98863556125e-09, 1.97055829987e-10, 1.33571376182e-10, 5.23304122257e-10, 2.11931361349e-10, 1.68055722116e-10, 5.7782646723e-11, 2.51923742284e-11, 1.51827508899e-11, 2.20497353015e-11, 1.49421534174e-11, 1.04605898596e-11, 8.40647516875e-12, 7.75830441557e-12, 4.55410145359e-12, 4.64147036777e-12, 6.29073442643e-12, 2.46899636153e-12, 1.34707587966e-12]}, "melbands_crest": {"dmean": 3.62470221519, "dmean2": 6.08242368698, "dvar": 10.415719986, "dvar2": 29.2788009644, "max": 39.920791626, "mean": 14.4726419449, "median": 13.842546463, "min": 2.47004199028, "var": 22.3369674683}, "melbands_flatness_db": {"dmean": 0.0337090156972, "dmean2": 0.0545608103275, "dvar": 0.00115860067308, "dvar2": 0.00282568135299, "max": 0.52679002285, "mean": 0.236242651939, "median": 0.231568619609, "min": 0.0069439294748, "var": 0.00429731141776}, "melbands_kurtosis": {"dmean": 12.883805275, "dmean2": 21.0823745728, "dvar": 693.633544922, "dvar2": 1730.84851074, "max": 1558.07043457, "mean": 23.2181625366, "median": 13.483379364, "min": -1.92679691315, "var": 1415.91772461}, "melbands_skewness": {"dmean": 1.03458762169, "dmean2": 1.65262031555, "dvar": 1.33336222172, "dvar2": 3.23647427559, "max": 36.2107772827, "mean": 3.33541727066, "median": 2.95063781738, "min": -0.908913850784, "var": 4.20898723602}, "melbands_spread": {"dmean": 6.33653688431, "dmean2": 10.4376096725, "dvar": 130.828292847, "dvar2": 337.883392334, "max": 272.615753174, "mean": 17.4999389648, "median": 12.2761230469, "min": 0.553020119667, "var": 443.9765625}, "mfcc": {"cov": [[19340.921875, 1163.94824219, -872.875488281, 391.767089844, 490.722595215, -53.3892364502, 345.920410156, 266.654449463, 121.1277771, 475.193206787, -36.7030410767, 196.887817383, 195.523513794], [1163.94824219, 1692.88708496, -515.538452148, 74.2577056885, -55.3278694153, -267.081298828, -26.3776397705, 4.93617391586, -5.85918807983, 56.9215049744, 23.6861667633, -26.4788990021, 25.2727432251], [-872.875488281, -515.538452148, 978.95300293, 21.3554000854, 75.7845001221, 192.414962769, -21.5829410553, 14.0709009171, 32.7607460022, -64.350151062, 10.7698135376, -1.74582707882, -54.3330802917], [391.767089844, 74.2577056885, 21.3554000854, 236.322402954, 50.0736465454, -8.72011852264, -18.3669643402, 13.6726484299, 4.2878446579, -0.59636080265, -30.3498973846, -3.80622410774, 13.7553091049], [490.722595215, -55.3278694153, 75.7845001221, 50.0736465454, 255.009719849, 44.0937309265, 55.7326965332, 1.75743615627, 17.7150402069, 54.4420967102, -12.1862611771, 30.8529167175, 21.3228626251], [-53.3892364502, -267.081298828, 192.414962769, -8.72011852264, 44.0937309265, 213.828948975, 62.6733131409, 16.1615066528, 6.80569314957, -14.5914945602, 20.8442401886, 8.87080097198, -7.10709190369], [345.920410156, -26.3776397705, -21.5829410553, -18.3669643402, 55.7326965332, 62.6733131409, 163.092514038, 48.0649261475, 9.33853149414, 37.3964767456, 15.3417654037, 24.4900398254, 6.91632699966], [266.654449463, 4.93617391586, 14.0709009171, 13.6726484299, 1.75743615627, 16.1615066528, 48.0649261475, 105.228691101, 48.9894599915, 11.7011423111, 0.15730035305, 1.4077937603, 3.34412765503], [121.1277771, -5.85918807983, 32.7607460022, 4.2878446579, 17.7150402069, 6.80569314957, 9.33853149414, 48.9894599915, 110.074699402, 40.1198616028, -16.3160037994, -2.53125143051, -3.31447148323], [475.193206787, 56.9215049744, -64.350151062, -0.59636080265, 54.4420967102, -14.5914945602, 37.3964767456, 11.7011423111, 40.1198616028, 110.068939209, 34.301700592, 10.7088327408, 6.41539859772], [-36.7030410767, 23.6861667633, 10.7698135376, -30.3498973846, -12.1862611771, 20.8442401886, 15.3417654037, 0.15730035305, -16.3160037994, 34.301700592, 104.567848206, 17.2128334045, -5.53106307983], [196.887817383, -26.4788990021, -1.74582707882, -3.80622410774, 30.8529167175, 8.87080097198, 24.4900398254, 1.4077937603, -2.53125143051, 10.7088327408, 17.2128334045, 79.0897445679, 41.3486595154], [195.523513794, 25.2727432251, -54.3330802917, 13.7553091049, 21.3228626251, -7.10709190369, 6.91632699966, 3.34412765503, -3.31447148323, 6.41539859772, -5.53106307983, 41.3486595154, 86.4436035156]], "icov": [[6.96273418725e-05, -4.2176561692e-05, 3.81183344871e-05, -7.05152488081e-05, -4.01872166549e-05, -9.5870673249e-05, 2.90687821689e-05, -0.000204390831641, 0.000161392643349, -0.000339324004017, 0.000185681084986, -0.000169794962858, 2.2104855816e-05], [-4.2176561692e-05, 0.000870324554853, 0.000264416710706, -0.000286648457404, -2.16665666812e-05, 0.000981464632787, -0.000262659974396, 0.000148587976582, -0.000338686659234, 0.000422255892772, -0.000780881149694, 0.000581604836043, -0.000218426328502], [3.81183344871e-05, 0.000264416710706, 0.00161659240257, -0.000243125978159, -0.000681440986227, -0.000958758348133, 0.000684343802277, -0.000242100999458, -0.000756877241656, 0.00110058067366, -0.000643979059532, -0.000345606415067, 0.000948538363446], [-7.05152488081e-05, -0.000286648457404, -0.000243125978159, 0.00505477748811, -0.00102706102189, -0.000245108181844, 0.00132566364482, -0.00136537384242, 0.000908816233277, -0.000265126349404, 0.00139493891038, 0.000433095672633, -0.000597293314058], [-4.01872166549e-05, -2.16665666812e-05, -0.000681440986227, -0.00102706102189, 0.00590949086472, -0.000847738177981, -0.00128426821902, 0.00107272388414, 0.000688414147589, -0.00374731910415, 0.00237969867885, -0.00156875897665, -0.000426620681537], [-9.5870673249e-05, 0.000981464632787, -0.000958758348133, -0.000245108181844, -0.000847738177981, 0.00845273584127, -0.00377655704506, 0.00134201021865, -0.00202778936364, 0.00367989437655, -0.00329951918684, 0.00165217928588, -0.000831660698168], [2.90687821689e-05, -0.000262659974396, 0.000684343802277, 0.00132566364482, -0.00128426821902, -0.00377655704506, 0.0108735468239, -0.00594633631408, 0.00368645880371, -0.00426507694647, 0.00195205176715, -0.00298840831965, 0.00160880351905], [-0.000204390831641, 0.000148587976582, -0.000242100999458, -0.00136537384242, 0.00107272388414, 0.00134201021865, -0.00594633631408, 0.0163412541151, -0.00883693806827, 0.00467593967915, -0.0031286557205, 0.0021422340069, -0.00173745932989], [0.000161392643349, -0.000338686659234, -0.000756877241656, 0.000908816233277, 0.000688414147589, -0.00202778936364, 0.00368645880371, -0.00883693806827, 0.0175211969763, -0.0103456191719, 0.00696110073477, -0.00191693787929, 0.00162595370784], [-0.000339324004017, 0.000422255892772, 0.00110058067366, -0.000265126349404, -0.00374731910415, 0.00367989437655, -0.00426507694647, 0.00467593967915, -0.0103456191719, 0.0209363587201, -0.00998641271144, 0.00293328403495, -0.00122727942653], [0.000185681084986, -0.000780881149694, -0.000643979059532, 0.00139493891038, 0.00237969867885, -0.00329951918684, 0.00195205176715, -0.0031286557205, 0.00696110073477, -0.00998641271144, 0.0163046773523, -0.00523887947202, 0.00284537486732], [-0.000169794962858, 0.000581604836043, -0.000345606415067, 0.000433095672633, -0.00156875897665, 0.00165217928588, -0.00298840831965, 0.0021422340069, -0.00191693787929, 0.00293328403495, -0.00523887947202, 0.0203756634146, -0.00976581592113], [2.2104855816e-05, -0.000218426328502, 0.000948538363446, -0.000597293314058, -0.000426620681537, -0.000831660698168, 0.00160880351905, -0.00173745932989, 0.00162595370784, -0.00122727942653, 0.00284537486732, -0.00976581592113, 0.0172554645687]], "mean": [-710.163269043, 129.53477478, 11.2264900208, 37.4356651306, 5.83380222321, -8.43887805939, -6.81343126297, 2.14937639236, 2.65941214561, 2.94486236572, -5.5587887764, -7.40692090988, -2.83624315262]}, "pitch_salience": {"dmean": 0.0815748795867, "dmean2": 0.135240256786, "dvar": 0.00548868114129, "dvar2": 0.0148821510375, "max": 0.91908031702, "mean": 0.560013890266, "median": 0.564925312996, "min": 0.00634140847251, "var": 0.012310125865}, "silence_rate_20dB": {"dmean": 0, "dmean2": 0, "dvar": 0, "dvar2": 0, "max": 1, "mean": 1, "median": 1, "min": 1, "var": 0}, "silence_rate_30dB": {"dmean": 0.0111056026071, "dmean2": 0.0222134068608, "dvar": 0.0109814498574, "dvar2": 0.0298485010862, "max": 1, "mean": 0.992960512638, "median": 1, "min": 0, "var": 0.00698887649924}, "silence_rate_60dB": {"dmean": 0.0218145754188, "dmean2": 0.043633479625, "dvar": 0.0213361289352, "dvar2": 0.0470751710236, "max": 1, "mean": 0.224172115326, "median": 0, "min": 0, "var": 0.17391563952}, "spectral_centroid": {"dmean": 253.429901123, "dmean2": 412.891113281, "dvar": 125152.96875, "dvar2": 322632.84375, "max": 11045.1533203, "mean": 1056.45617676, "median": 905.741760254, "min": 157.94631958, "var": 425359.6875}, "spectral_complexity": {"dmean": 3.23272180557, "dmean2": 5.00991678238, "dvar": 17.9974861145, "dvar2": 41.0650672913, "max": 50, "mean": 13.6673603058, "median": 13, "min": 0, "var": 89.6443634033}, "spectral_contrast_coeffs": {"dmean": [0.0591532588005, 0.0472904965281, 0.0386397838593, 0.0298602841794, 0.0209861453623, 0.0199000164866], "dmean2": [0.0978757292032, 0.0763980299234, 0.0620795637369, 0.0480767972767, 0.0335115902126, 0.0325521267951], "dvar": [0.00220947572961, 0.00153271155432, 0.00104184553493, 0.000638635945506, 0.000364539999282, 0.000431851251051], "dvar2": [0.00608375063166, 0.00379209849052, 0.00247748242691, 0.00152622128371, 0.000846979382914, 0.00116406055167], "max": [-0.299426734447, -0.399097204208, -0.511833369732, -0.423473060131, -0.560945808887, -0.640312969685], "mean": [-0.602078616619, -0.728444814682, -0.763883173466, -0.791847169399, -0.807419836521, -0.781293272972], "median": [-0.600606203079, -0.737220406532, -0.765481591225, -0.799656450748, -0.811365485191, -0.781520724297], "min": [-0.956918478012, -0.972417294979, -0.974412381649, -0.96904873848, -0.979474544525, -0.961382627487], "var": [0.00798008684069, 0.00835371017456, 0.00500485021621, 0.00457899132743, 0.00250939768739, 0.00150531728286]}, "spectral_contrast_valleys": {"dmean": [0.534455895424, 0.420259207487, 0.387974649668, 0.350126862526, 0.327527105808, 0.465948194265], "dmean2": [0.882157564163, 0.664382040501, 0.605910241604, 0.537576377392, 0.497399300337, 0.64101755619], "dvar": [0.199214428663, 0.15625551343, 0.14312247932, 0.125376194715, 0.146799921989, 0.346911013126], "dvar2": [0.488787293434, 0.349768221378, 0.307355165482, 0.26995202899, 0.331367909908, 0.802749812603], "max": [-4.90396642685, -4.4534945488, -5.31673288345, -6.03215694427, -5.72160673141, -7.90279197693], "mean": [-7.80462408066, -7.19409418106, -8.12348937988, -8.58149719238, -8.0971288681, -10.9445762634], "median": [-7.22132968903, -6.74123668671, -7.64099025726, -8.03840065002, -7.5120677948, -10.6070251465], "min": [-27.5277824402, -27.6423416138, -27.5392303467, -27.0234451294, -27.0925693512, -27.2628192902], "var": [3.52764320374, 2.65503787994, 2.58628058434, 2.52645516396, 2.56960916519, 2.76810073853]}, "spectral_decrease": {"dmean": 3.35498695492e-09, "dmean2": 5.6912470292e-09, "dvar": 3.36883465794e-17, "dvar2": 9.09628549707e-17, "max": 4.1697165705e-29, "mean": -6.9628267596e-09, "median": -5.74979797108e-09, "min": -5.71871829891e-08, "var": 4.99037037849e-17}, "spectral_energy": {"dmean": 0.0130246756598, "dmean2": 0.0220282059163, "dvar": 0.000506093201693, "dvar2": 0.00136033445597, "max": 0.223137021065, "mean": 0.0276182908565, "median": 0.0230881944299, "min": 1.03742972942e-20, "var": 0.00076813850319}, "spectral_energyband_high": {"dmean": 0.000284256617306, "dmean2": 0.000411957938923, "dvar": 4.6835214107e-07, "dvar2": 1.05492313196e-06, "max": 0.0093518840149, "mean": 0.000467563368147, "median": 0.00014221938909, "min": 7.52158966066e-21, "var": 8.26106088425e-07}, "spectral_energyband_low": {"dmean": 0.00879646930844, "dmean2": 0.0155876427889, "dvar": 0.000307417591102, "dvar2": 0.000870759889949, "max": 0.149106159806, "mean": 0.0108398543671, "median": 0.00696890568361, "min": 2.594511768e-23, "var": 0.000258973916061}, "spectral_energyband_middle_high": {"dmean": 0.000982207944617, "dmean2": 0.00150667584967, "dvar": 2.54138763012e-06, "dvar2": 5.88644888921e-06, "max": 0.0303114205599, "mean": 0.00303274928592, "median": 0.0017283114139, "min": 1.38437652117e-21, "var": 1.43880270116e-05}, "spectral_energyband_middle_low": {"dmean": 0.0067920810543, "dmean2": 0.0111624551937, "dvar": 0.000133552282932, "dvar2": 0.000345946289599, "max": 0.148441404104, "mean": 0.0155631098896, "median": 0.0107155498117, "min": 3.67723434136e-22, "var": 0.000282446155325}, "spectral_entropy": {"dmean": 0.224424213171, "dmean2": 0.338137805462, "dvar": 0.0700908377767, "dvar2": 0.156185701489, "max": 9.81124782562, "mean": 7.37829971313, "median": 7.41512203217, "min": 5.14389753342, "var": 0.267673641443}, "spectral_flux": {"dmean": 0.0287472400814, "dmean2": 0.0449655167758, "dvar": 0.00148138543591, "dvar2": 0.00303110573441, "max": 0.398763775826, "mean": 0.0815034136176, "median": 0.0712629407644, "min": 6.78624934025e-11, "var": 0.00420136889443}, "spectral_kurtosis": {"dmean": 2.31926560402, "dmean2": 3.83794093132, "dvar": 12.5672025681, "dvar2": 33.3807792664, "max": 69.2013397217, "mean": 5.26446151733, "median": 4.33651256561, "min": -1.25126373768, "var": 22.6677494049}, "spectral_rms": {"dmean": 0.000998701434582, "dmean2": 0.00163478101604, "dvar": 1.89718468846e-06, "dvar2": 4.9941781981e-06, "max": 0.0147544788197, "mean": 0.00441380683333, "median": 0.00474605802447, "min": 3.18139351668e-12, "var": 7.46300429455e-06}, "spectral_rolloff": {"dmean": 444.046417236, "dmean2": 787.624450684, "dvar": 964589, "dvar2": 2432604.75, "max": 18949.21875, "mean": 1116.57495117, "median": 602.9296875, "min": 21.533203125, "var": 3035979}, "spectral_skewness": {"dmean": 0.301803797483, "dmean2": 0.488178640604, "dvar": 0.158228501678, "dvar2": 0.414517223835, "max": 6.56883430481, "mean": 1.59754502773, "median": 1.53350949287, "min": -0.0550570003688, "var": 0.362816095352}, "spectral_spread": {"dmean": 719646.75, "dmean2": 1007508.75, "dvar": 818007375872, "dvar2": 1597325967360.0, "max": 41679520, "mean": 4566441.5, "median": 4122875.5, "min": 1092699.375, "var": 3565468778500.0}