{"lowlevel": {"average_loudness": 0.923499166965, "barkbands": {"dmean": [5.49025062355e-05, 0.00257770274766, 0.00197291164659, 0.00374189647846, 0.00204722769558, 0.000694357964676, 0.000435099413153, 0.000440763484221, 0.000482158822706, 0.000292371958494, 0.000159438306582, 0.000202701121452, 0.000192236882867, 0.00027087298804, 0.000269195472356, 0.000267377618002, 0.000288821029244, 0.000288395065581, 0.000175481967744, 0.0002114091767, 0.000196899287403, 0.000245826173341, 0.000312374264468, 0.000303576525766, 0.000175593770109, 0.000202519164304, 8.25696333777e-05], "dmean2": [8.39900094434e-05, 0.00424905540422, 0.00345620675944, 0.00667374255136, 0.00354579021223, 0.00114832248073, 0.000672426947858, 0.00066017860081, 0.000706369697582, 0.000424618774559, 0.00024166458752, 0.000303282373352, 0.000299604376778, 0.000412577675888, 0.000421853299486, 0.000426732935011, 0.000452121079434, 0.000459803006379, 0.000283324858174, 0.000325568456901, 0.00030228367541, 0.000392023881432, 0.000480999937281, 0.000473607506137, 0.000254113634583, 0.000307043548673, 0.000130302636535], "dvar": [2.11793071969e-08, 4.95315834996e-05, 2.03439103643e-05, 0.000159066199558, 1.5557738152e-05, 1.35664220124e-06, 6.29593785106e-07, 1.25473468415e-06, 1.57695149028e-06, 7.32678415716e-07, 1.59167939273e-07, 5.15122735578e-07, 2.56008235056e-07, 6.24189851806e-07, 4.99180657698e-07, 4.44539836053e-07, 6.09479627656e-07, 4.86565170377e-07, 9.91411255313e-08, 1.80634700087e-07, 1.59245146847e-07, 3.01759371268e-07, 4.20810039259e-07, 4.24609169158e-07, 1.70109117903e-07, 1.8722813877e-07, 3.08775121027e-08], "dvar2": [4.70930956453e-08, 0.000125765058328, 5.65895934415e-05, 0.000440291274572, 4.47829224868e-05, 3.70412544726e-06, 1.39581550229e-06, 2.64273967332e-06, 3.11083158522e-06, 1.33305138661e-06, 3.12991261353e-07, 1.00680802007e-06, 5.64472998121e-07, 1.29326826936e-06, 1.16363344205e-06, 1.03615150238e-06, 1.4523916434e-06, 1.20334402709e-06, 2.44659247528e-07, 4.31763254483e-07, 3.76603196628e-07, 7.60917544085e-07, 9.88760575638e-07, 1.03700836007e-06, 3.23925064549e-07, 4.1460972966e-07, 7.54734870156e-08], "max": [0.00182997714728, 0.0705753862858, 0.064074665308, 0.159753426909, 0.0573022179306, 0.0179104059935, 0.0220524631441, 0.0217597857118, 0.0388052985072, 0.0311129335314, 0.0109890280291, 0.0344328172505, 0.0144423274323, 0.0281116161495, 0.018473982811, 0.0217719189823, 0.0172560717911, 0.0119943823665, 0.00574653921649, 0.00897760596126, 0.0070875864476, 0.00689756544307, 0.0110599743202, 0.00835288409144, 0.0167723670602, 0.0085115544498, 0.0021856338717], "mean": [5.13544582645e-05, 0.00234645232558, 0.00209555053152, 0.00321024213918, 0.00292774755508, 0.00117149029393, 0.000873983604833, 0.000789645360783, 0.000943983730394, 0.000543232599739, 0.000286658818368, 0.000366039108485, 0.000311644747853, 0.000448719976703, 0.000395708513679, 0.000364742445527, 0.000381973601179, 0.000409810862038, 0.000312321441015, 0.000408471300034, 0.000362942373613, 0.000355925643817, 0.000452660082374, 0.000408319727285, 0.000285293965135, 0.000251187215326, 8.522895223e-05], "median": [4.26128463005e-06, 0.000246890704148, 0.000611699244473, 0.000694170361385, 0.00169131264556, 0.000656526302919, 0.00034656067146, 0.000192462932318, 0.000179722468602, 0.000108702093712, 7.95391242718e-05, 8.7939974037e-05, 7.94562438386e-05, 0.000109778666229, 0.000102701465948, 0.000117464922369, 9.86031373031e-05, 0.000129023566842, 0.000141461583553, 0.000163290053024, 0.000122763303807, 8.83197644725e-05, 0.000100284290966, 9.54094939516e-05, 4.24763056799e-05, 3.445288894e-05, 7.05102502252e-06], "min": [7.61526480425e-24, 1.40572836054e-23, 1.31827512226e-24, 5.19445815654e-24, 1.65493472698e-23, 1.50088928263e-23, 4.0603270326e-23, 6.90353130305e-23, 4.1213438459e-23, 3.2249918071e-23, 5.9291927907e-23, 7.32597957065e-23, 6.60062891028e-23, 8.58365293878e-23, 1.18365499115e-22, 1.57211206277e-22, 8.11668893475e-23, 1.35389066963e-22, 2.48262832001e-22, 2.76915572743e-22, 3.17796566284e-22, 3.90064984713e-22, 5.30315315497e-22, 7.18204161175e-22, 1.05310633684e-21, 1.3268173925e-21, 2.69525008814e-21], "var": [2.2367478536e-08, 4.1676354158e-05, 1.68605201907e-05, 0.000105760307633, 1.60501749633e-05, 2.54820747614e-06, 2.23477377403e-06, 3.22499931826e-06, 6.10835513726e-06, 2.64942286776e-06, 4.78378581192e-07, 1.31475746912e-06, 5.26095334408e-07, 1.55660040946e-06, 8.35256457776e-07, 6.6152870204e-07, 8.58975511164e-07, 6.38960329979e-07, 2.13351910361e-07, 4.07205590136e-07, 3.61911872915e-07, 4.46702529189e-07, 7.85465090303e-07, 6.04528338499e-07, 4.58718488971e-07, 2.88471625254e-07, 3.59119276538e-08]}, "barkbands_crest": {"dmean": 2.92373538017, "dmean2": 4.88427400589, "dvar": 8.0172996521, "dvar2": 22.0820083618, "max": 25.9292392731, "mean": 9.14108181, "median": 8.348695755, "min": 2.02133345604, "var": 15.0971403122}, "barkbands_flatness_db": {"dmean": 0.024547027424, "dmean2": 0.0379394739866, "dvar": 0.000617894344032, "dvar2": 0.00153679016512, "max": 0.494129687548, "mean": 0.114991910756, "median": 0.105811476707, "min": 0.0220866762102, "var": 0.00268381112255}, "barkbands_kurtosis": {"dmean": 3.60901713371, "dmean2": 5.75915956497, "dvar": 71.5752563477, "dvar2": 163.007598877, "max": 302.484588623, "mean": 4.14020729065, "median": 0.731687188148, "min": -1.94295704365, "var": 157.087219238}, "barkbands_skewness": {"dmean": 0.691773533821, "dmean2": 1.07530963421, "dvar": 0.681700348854, "dvar2": 1.60383546352, "max": 13.1547775269, "mean": 1.40126144886, "median": 1.22420239449, "min": -6.23224258423, "var": 2.10230731964}, "barkbands_spread": {"dmean": 11.2457609177, "dmean2": 17.9463748932, "dvar": 200.96762085, "dvar2": 486.589324951, "max": 123.956611633, "mean": 34.7856216431, "median": 29.6163005829, "min": 0.364262908697, "var": 469.189117432}, "dissonance": {"dmean": 0.016349311918, "dmean2": 0.0268606487662, "dvar": 0.0002919199178, "dvar2": 0.000755848595873, "max": 0.500000059605, "mean": 0.466251522303, "median": 0.473284691572, "min": 0.242822363973, "var": 0.000751558050979}, "dynamic_complexity": 3.81435132027, "erbbands": {"dmean": [0.0628787949681, 0.643222570419, 2.01612329483, 8.00826072693, 10.690032959, 5.22767353058, 6.1701464653, 5.44143867493, 6.01129961014, 6.53093957901, 10.0756664276, 9.48213863373, 10.077422142, 7.14469909668, 5.54727697372, 7.53124713898, 7.62154245377, 11.4568538666, 11.9550981522, 14.2704706192, 14.2134809494, 16.4914112091, 15.9419784546, 9.94512367249, 8.60904693604, 9.72461986542, 8.00542736053, 8.04991436005, 8.53412151337, 9.19295883179, 8.90732192993, 7.02518987656, 4.6705083847, 2.40490984917, 1.09930813313, 0.741646170616, 0.415247946978, 0.110685773194, 0.0163792241365, 0.000390376604628], "dmean2": [0.100235596299, 1.10053145885, 3.52455949783, 14.1459741592, 18.9298763275, 8.76144886017, 10.2164411545, 8.9878320694, 9.29017543793, 10.0685253143, 14.8276662827, 13.9003009796, 14.5648889542, 10.2324037552, 8.33966064453, 11.1249399185, 11.7007646561, 17.3218536377, 18.1733856201, 22.1009616852, 22.3307056427, 25.497505188, 25.2345714569, 15.8255491257, 13.5712451935, 14.9670267105, 12.1869220734, 12.5036449432, 13.6280574799, 14.5124158859, 13.6451349258, 10.8608427048, 7.33657932281, 3.56798481941, 1.59876310825, 1.10363852978, 0.637544035912, 0.172434076667, 0.025965353474, 0.000608844158705], "dvar": [0.029476897791, 3.15587592125, 21.6385536194, 611.758789062, 898.777526855, 64.465423584, 106.676063538, 91.0569915771, 124.208900452, 214.017364502, 761.274902344, 837.013122559, 721.809509277, 347.464050293, 239.624099731, 675.725036621, 430.712402344, 1119.70129395, 1005.15826416, 1233.13098145, 1400.53051758, 1999.15124512, 1554.43261719, 394.355377197, 242.962036133, 377.929870605, 277.329223633, 290.928619385, 380.506011963, 420.987121582, 344.875366211, 210.041229248, 107.426132202, 36.2018585205, 8.92451190948, 2.82604765892, 0.793357491493, 0.0566541813314, 0.00123076583259, 7.16787212696e-07], "dvar2": [0.0673131123185, 8.40014743805, 60.154624939, 1680.16882324, 2506.27856445, 177.845031738, 296.130584717, 242.673904419, 274.798370361, 480.296783447, 1581.00317383, 1748.60583496, 1391.7253418, 594.785522461, 498.036132812, 1338.78222656, 918.922180176, 2356.13842773, 2099.68261719, 2903.85327148, 3309.8918457, 4663.45361328, 3823.44506836, 937.693359375, 583.840026855, 899.928161621, 638.99029541, 704.717041016, 963.552429199, 1034.37438965, 797.854675293, 496.051422119, 263.569335938, 72.5620422363, 16.6993522644, 5.81669712067, 1.79889655113, 0.137684628367, 0.00302382092923, 1.7318210439e-06], "max": [1.6446018219, 17.766412735, 59.3456306458, 297.44519043, 369.275482178, 119.458351135, 213.386550903, 175.522689819, 397.240783691, 444.972747803, 764.818481445, 1231.58544922, 1041.08251953, 734.899230957, 802.003967285, 1182.70385742, 794.309204102, 1147.15380859, 1325.83544922, 958.717468262, 1052.98986816, 1187.78186035, 761.232299805, 382.836608887, 294.013031006, 498.299316406, 323.141876221, 263.795471191, 288.986022949, 310.787902832, 357.489685059, 191.764129639, 158.526000977, 270.179199219, 183.582550049, 49.5917015076, 19.4655132294, 3.42073202133, 0.458028376102, 0.0122079150751], "mean": [0.0574782676995, 0.573389530182, 2.14391207695, 7.44578886032, 10.8088293076, 8.36077594757, 10.0189294815, 9.25884532928, 12.4696702957, 12.4673309326, 20.9167060852, 18.7951469421, 20.6447582245, 14.6608915329, 11.0080051422, 13.9867639542, 14.1758022308, 21.1649456024, 20.5121936798, 22.5734214783, 19.7514667511, 22.9530754089, 22.7004356384, 17.2935905457, 16.8444461823, 19.1205234528, 15.7293157578, 13.7693157196, 12.440158844, 12.9903640747, 12.9033041, 9.95634937286, 6.08444309235, 3.55782485008, 1.81112408638, 1.02929151058, 0.497955262661, 0.120283983648, 0.0167209170759, 0.000418656767579], "median": [0.00429933425039, 0.0839540883899, 0.663314223289, 1.81317698956, 3.8964881897, 5.09297943115, 5.7623667717, 5.09587574005, 5.25703620911, 5.14080047607, 5.15993261337, 4.53739261627, 5.01053714752, 4.16126441956, 4.14119052887, 4.06650972366, 4.39967441559, 5.87947177887, 6.16529655457, 7.0800037384, 6.73707389832, 6.40923070908, 7.51800012589, 7.2703742981, 8.61452484131, 7.76867675781, 5.3235244751, 4.3736743927, 3.12782812119, 2.90124225616, 2.93744397163, 2.31413269043, 1.32802224159, 0.529137015343, 0.283000648022, 0.15257640183, 0.0661429166794, 0.0121712051332, 0.00139022350777, 5.44468275621e-05], "min": [3.31909199526e-22, 3.52989996391e-21, 3.34861836474e-21, 9.93336963808e-21, 3.2976233666e-20, 6.67971156727e-20, 1.39503105578e-19, 9.93629385079e-20, 5.92766260653e-19, 9.64978976437e-19, 1.31160725437e-18, 7.38939518046e-19, 1.31992031613e-18, 1.77964021042e-18, 2.26457815325e-18, 3.51184368066e-18, 2.96752761153e-18, 3.83092487964e-18, 4.40235200014e-18, 1.22464164135e-17, 5.86768715244e-18, 5.76467090613e-18, 7.09460817268e-18, 1.0814744617e-17, 1.30271235377e-17, 1.2985338509e-17, 1.12376514585e-17, 1.51290936989e-17, 1.53707115015e-17, 1.00193558641e-17, 1.68335142403e-17, 1.213454189e-17, 1.09832702591e-17, 8.85141488947e-18, 9.3946128172e-18, 4.92647638372e-18, 2.28089511801e-18, 1.63067046217e-18, 4.3162881484e-19, 3.579616346e-20], "var": [0.0289197675884, 2.38778543472, 17.2341308594, 427.720916748, 652.106018066, 94.1069488525, 186.704330444, 161.939498901, 501.120697021, 530.978088379, 2563.21899414, 3083.27954102, 2622.33520508, 1296.61083984, 689.765197754, 1601.75866699, 1008.7434082, 3136.23901367, 2506.52368164, 2250.85253906, 1855.03039551, 2960.98217773, 2004.03588867, 755.795593262, 571.332275391, 860.556274414, 749.699523926, 559.35369873, 555.110656738, 677.357788086, 633.399658203, 350.191650391, 144.306365967, 79.4125595093, 23.9106884003, 6.05206537247, 1.12827813625, 0.0687123835087, 0.00138136185706, 8.07120670743e-07]}, "erbbands_crest": {"dmean": 2.46096205711, "dmean2": 3.91525816917, "dvar": 5.55967140198, "dvar2": 13.181936264, "max": 30.1572437286, "mean": 8.23374938965, "median": 7.18953704834, "min": 2.00202608109, "var": 16.6405830383}, "erbbands_flatness_db": {"dmean": 0.0223006568849, "dmean2": 0.0298842266202, "dvar": 0.000520652974956, "dvar2": 0.000923259416595, "max": 0.397781550884, "mean": 0.129880398512, "median": 0.124426171184, "min": 0.0298087783158, "var": 0.00219296989962}, "erbbands_kurtosis": {"dmean": 1.09936690331, "dmean2": 1.69989669323, "dvar": 8.09549808502, "dvar2": 17.5303707123, "max": 142.820632935, "mean": 0.432044863701, "median": -0.485967993736, "min": -1.92908632755, "var": 17.3753623962}, "erbbands_skewness": {"dmean": 0.415930479765, "dmean2": 0.621530413628, "dvar": 0.242867290974, "dvar2": 0.51943987608, "max": 9.71416378021, "mean": 0.0916559249163, "median": 0.068098641932, "min": -4.09670114517, "var": 0.978397667408}, "erbbands_spread": {"dmean": 14.5602245331, "dmean2": 22.0914726257, "dvar": 310.318328857, "dvar2": 694.483947754, "max": 204.065231323, "mean": 54.762172699, "median": 48.8599395752, "min": 1.54552805424, "var": 773.044311523}, "gfcc": {"cov": [[11407.9931641, -1080.89282227, -711.002380371, -146.932006836, -167.034744263, 169.319854736, 118.925102234, 197.020629883, 53.7039337158, 99.4346466064, 35.6889953613, -23.3042583466, -96.0207824707], [-1080.89282227, 2238.56396484, -808.174804688, -23.7987785339, 56.2247772217, -68.0860137939, 132.637695312, 39.4157905579, 91.3466720581, -25.315372467, 133.504394531, -133.40057373, 106.781997681], [-711.002380371, -808.174804688, 1774.08752441, 221.810195923, 312.904724121, 136.985916138, 29.8711013794, 23.4979534149, 50.0757331848, 90.6338729858, -82.5395889282, 188.601806641, -75.1770324707], [-146.932006836, -23.7987785339, 221.810195923, 572.449157715, 87.0778884888, 71.0977325439, -16.7324695587, 55.524066925, 60.7251396179, -34.4735031128, -14.9956302643, 0.834291100502, 30.0909023285], [-167.034744263, 56.2247772217, 312.904724121, 87.0778884888, 361.439727783, 71.7435684204, 70.9941558838, 42.2247962952, 58.4182739258, 37.169418335, -12.4824371338, 63.1011047363, -4.65217733383], [169.319854736, -68.0860137939, 136.985916138, 71.0977325439, 71.7435684204, 256.682067871, 111.064308167, 30.2933101654, 15.0002832413, 25.3926944733, 16.1949653625, 0.206360563636, -14.3950214386], [118.925102234, 132.637695312, 29.8711013794, -16.7324695587, 70.9941558838, 111.064308167, 241.099517822, 70.452796936, 16.9969062805, 41.8086204529, 37.8365402222, -12.1360301971, -5.95777893066], [197.020629883, 39.4157905579, 23.4979534149, 55.524066925, 42.2247962952, 30.2933101654, 70.452796936, 152.971847534, 66.3813781738, 23.7879810333, 11.8464698792, -4.81732988358, 7.79693174362], [53.7039337158, 91.3466720581, 50.0757331848, 60.7251396179, 58.4182739258, 15.0002832413, 16.9969062805, 66.3813781738, 137.08757019, 33.5350914001, 7.02408075333, 1.92349493504, 10.1078472137], [99.4346466064, -25.315372467, 90.6338729858, -34.4735031128, 37.169418335, 25.3926944733, 41.8086204529, 23.7879810333, 33.5350914001, 121.435089111, 44.469367981, 22.121925354, -12.3647584915], [35.6889953613, 133.504394531, -82.5395889282, -14.9956302643, -12.4824371338, 16.1949653625, 37.8365402222, 11.8464698792, 7.02408075333, 44.469367981, 110.092697144, 15.3137969971, 6.10549163818], [-23.3042583466, -133.40057373, 188.601806641, 0.834291100502, 63.1011047363, 0.206360563636, -12.1360301971, -4.81732988358, 1.92349493504, 22.121925354, 15.3137969971, 128.03944397, 10.0768270493], [-96.0207824707, 106.781997681, -75.1770324707, 30.0909023285, -4.65217733383, -14.3950214386, -5.95777893066, 7.79693174362, 10.1078472137, -12.3647584915, 6.10549163818, 10.0768270493, 88.7109527588]], "icov": [[0.00010703222506, 8.40799984871e-05, 0.000100616984128, 7.10263066139e-06, 7.49772289055e-06, -6.14028031123e-05, -3.5105022107e-05, -0.000121371631394, -6.29629139439e-05, -6.21012804913e-05, 5.19080049344e-06, -4.94808482472e-05, 0.000100022407423], [8.40799984871e-05, 0.000789431622252, 0.000319515762385, 1.57606173161e-05, -0.000454021705082, 0.00029722834006, -0.000444719509687, 0.000217764871195, -0.00058686704142, 0.000362663326086, -0.000879352737684, 0.000648144748993, -0.00051408354193], [0.000100616984128, 0.000319515762385, 0.00112225464545, -0.000342799932696, -0.000486857927172, -0.000199750487809, -0.000208150988328, 6.77995194565e-05, -0.000203592266189, -0.000666833831929, 0.000810357450973, -0.00111143791582, 0.000714470923413], [7.10263066139e-06, 1.57606173161e-05, -0.000342799932696, 0.00228227674961, -0.00035003843368, -0.000691034889314, 0.00075350276893, -0.000702707911842, -0.000636821147054, 0.00120712944772, -0.000579322571866, 0.000666655658279, -0.000889102229849], [7.49772289055e-06, -0.000454021705082, -0.000486857927172, -0.00035003843368, 0.00426024245098, -0.000528404954821, -0.000871840748005, -7.79683687142e-05, -0.000916947494261, -0.00061367941089, 0.00156759982929, -0.0020427564159, 0.000489841506351], [-6.14028031123e-05, 0.00029722834006, -0.000199750487809, -0.000691034889314, -0.000528404954821, 0.00557575887069, -0.00259721186012, 0.000658157805447, -0.000183460346307, 6.22790757916e-05, -0.000768019352108, 0.000688281608745, 0.000289933086606], [-3.5105022107e-05, -0.000444719509687, -0.000208150988328, 0.00075350276893, -0.000871840748005, -0.00259721186012, 0.00711835781112, -0.00300566898659, 0.00155691837426, -0.000933908217121, -0.0012187899556, 0.00111192709301, -9.59103090281e-06], [-0.000121371631394, 0.000217764871195, 6.77995194565e-05, -0.000702707911842, -7.79683687142e-05, 0.000658157805447, -0.00300566898659, 0.010087586008, -0.00430004764348, -5.20276007592e-05, -0.000150508305524, 0.000382987840567, -0.000633887946606], [-6.29629139439e-05, -0.00058686704142, -0.000203592266189, -0.000636821147054, -0.000916947494261, -0.000183460346307, 0.00155691837426, -0.00430004764348, 0.0111017497256, -0.00299014151096, 0.000822456378955, 0.000425705919042, -0.00070029735798], [-6.21012804913e-05, 0.000362663326086, -0.000666833831929, 0.00120712944772, -0.00061367941089, 6.22790757916e-05, -0.000933908217121, -5.20276007592e-05, -0.00299014151096, 0.0126308929175, -0.00546912709251, -2.82847031485e-06, 0.000919414218515], [5.19080049344e-06, -0.000879352737684, 0.000810357450973, -0.000579322571866, 0.00156759982929, -0.000768019352108, -0.0012187899556, -0.000150508305524, 0.000822456378955, -0.00546912709251, 0.0140604795888, -0.00378149677999, 0.000442121759988], [-4.94808482472e-05, 0.000648144748993, -0.00111143791582, 0.000666655658279, -0.0020427564159, 0.000688281608745, 0.00111192709301, 0.000382987840567, 0.000425705919042, -2.82847031485e-06, -0.00378149677999, 0.0119248796254, -0.0030993714463], [0.000100022407423, -0.00051408354193, 0.000714470923413, -0.000889102229849, 0.000489841506351, 0.000289933086606, -9.59103090281e-06, -0.000633887946606, -0.00070029735798, 0.000919414218515, 0.000442121759988, -0.0030993714463, 0.013564071618]], "mean": [-5.99422836304, 47.2777404785, -94.2472915649, 31.5804252625, -61.5190391541, 2.49170136452, -45.6055679321, -0.0945850238204, -28.4437732697, -3.08272814751, -22.5845355988, -3.48549604416, -16.6622810364]}, "hfc": {"dmean": 14.6697359085, "dmean2": 21.0774459839, "dvar": 695.07623291, "dvar2": 1525.53186035, "max": 308.08984375, "mean": 30.4888210297, "median": 17.8976612091, "min": 1.20072928913e-16, "var": 1349.22851562}, "melbands": {"dmean": [0.000642522529233, 0.000966320803855, 0.00148211524356, 0.000541805988178, 0.000209616177017, 0.00012422328291, 8.90021256055e-05, 7.50828476157e-05, 8.30280623632e-05, 6.23991945758e-05, 5.21208239661e-05, 3.15495308314e-05, 1.97357076104e-05, 2.21446989599e-05, 1.97775789275e-05, 2.05852629733e-05, 2.28649332712e-05, 2.09260433621e-05, 2.2050102416e-05, 1.85608150787e-05, 1.73725475179e-05, 1.80892293429e-05, 1.69283594005e-05, 1.28619303723e-05, 8.27113490232e-06, 6.73939030094e-06, 7.08157085683e-06, 6.92281810188e-06, 5.50822596779e-06, 4.83970416099e-06, 4.83797612105e-06, 4.8822384997e-06, 5.30313718627e-06, 5.3096478041e-06, 5.29995531906e-06, 5.17937542099e-06, 4.22930224886e-06, 3.52869233211e-06, 2.66708980234e-06, 1.88486433217e-06], "dmean2": [0.001037749229, 0.00166975229513, 0.00262079597451, 0.000933969102334, 0.000347346591298, 0.000204722964554, 0.000137941460707, 0.000113976311695, 0.000121471333841, 9.13832263905e-05, 7.51106708776e-05, 4.53048560303e-05, 2.97535752907e-05, 3.23055064655e-05, 3.02479948004e-05, 3.20236031257e-05, 3.46390334016e-05, 3.21569168591e-05, 3.43041538144e-05, 2.93889406748e-05, 2.75901584246e-05, 2.84253565042e-05, 2.68478470389e-05, 2.03952804441e-05, 1.33760595418e-05, 1.0883257346e-05, 1.10618693725e-05, 1.07614214357e-05, 8.46601051308e-06, 7.47396870793e-06, 7.6320129665e-06, 7.9579776866e-06, 8.45450722409e-06, 8.49209118314e-06, 8.21650610305e-06, 8.03233160696e-06, 6.64922117721e-06, 5.66163134863e-06, 4.11223209085e-06, 2.80657013718e-06], "dvar": [3.08067842525e-06, 5.3310709518e-06, 2.10564903682e-05, 1.43203487823e-06, 1.09517827696e-07, 4.45256205239e-08, 2.45491662554e-08, 2.62374832971e-08, 5.19263174681e-08, 3.25024096526e-08, 1.93013640626e-08, 7.58204787843e-09, 2.53709941944e-09, 7.33783744877e-09, 4.19054835277e-09, 2.96319746518e-09, 4.8901238614e-09, 3.91516552511e-09, 3.60487883988e-09, 2.10600759054e-09, 2.31063301825e-09, 2.58455590263e-09, 2.12536077626e-09, 9.32894983485e-10, 2.82822432141e-10, 1.54005308506e-10, 2.38733560698e-10, 2.23197765825e-10, 1.47581349919e-10, 1.04887223906e-10, 1.08735929982e-10, 1.30772753737e-10, 1.47561157737e-10, 1.46684303592e-10, 1.3461533277e-10, 1.16070285328e-10, 8.37244093499e-11, 6.6440887514e-11, 3.50180995312e-11, 2.78591091168e-11], "dvar2": [7.48793536332e-06, 1.45899375639e-05, 5.7982862927e-05, 3.98348583985e-06, 3.04171436483e-07, 1.20198265563e-07, 5.47537055695e-08, 5.73595784203e-08, 1.04967597281e-07, 6.64284556251e-08, 3.66830867904e-08, 1.27060015842e-08, 5.10329822845e-09, 1.30156516676e-08, 8.87632012336e-09, 6.31681507102e-09, 1.01573309763e-08, 8.06599409486e-09, 8.52591419687e-09, 4.81598982915e-09, 5.50170353719e-09, 6.17990059126e-09, 5.24341725594e-09, 2.24361174084e-09, 6.87497059282e-10, 3.90730947597e-10, 5.4053095333e-10, 5.37047240012e-10, 3.41595307596e-10, 2.48912362943e-10, 2.67144584232e-10, 3.37586902877e-10, 3.64437424683e-10, 3.66237096205e-10, 3.12001063874e-10, 2.71300093502e-10, 2.01887173645e-10, 1.68748987006e-10, 7.96720189822e-11, 5.35870202378e-11], "max": [0.016589358449, 0.0262893233448, 0.0546969883144, 0.0149878691882, 0.00625156564638, 0.00402518175542, 0.00507292943075, 0.00465306313708, 0.00783138815314, 0.00718648685142, 0.00540796667337, 0.00357785820961, 0.00160527986009, 0.00531315943226, 0.00362073094584, 0.00149179599248, 0.00243795337155, 0.00274040969089, 0.00172081741039, 0.00176004786044, 0.00154681853019, 0.0015255700564, 0.00107018603012, 0.000861600856297, 0.000341655540979, 0.000210547252209, 0.000513554608915, 0.000428517494584, 0.000300083629554, 0.000211322039831, 0.000185707394849, 0.000191959552467, 0.000167955586221, 0.000240752866375, 0.000323047919665, 0.00021878577536, 0.000154251145432, 0.000134366055136, 0.000113330803288, 0.000309086404741], "mean": [0.000586081005167, 0.00100524502341, 0.00140785495751, 0.000689326261636, 0.000352438248228, 0.000216529049794, 0.000184866948985, 0.000140724878293, 0.000174712680746, 0.000119071242807, 0.000104230370198, 6.17890618742e-05, 3.68049004464e-05, 3.90883033106e-05, 3.46436318068e-05, 3.37039564329e-05, 3.96115538024e-05, 3.29185277224e-05, 3.25719338434e-05, 2.65254875558e-05, 2.20075326069e-05, 2.38511747739e-05, 2.14557076106e-05, 1.91018189071e-05, 1.33840530907e-05, 1.20206832435e-05, 1.2831776985e-05, 1.27420289573e-05, 1.02023250292e-05, 8.50271590025e-06, 7.58996111472e-06, 6.74712919135e-06, 7.38872495276e-06, 7.11873235559e-06, 7.28499480829e-06, 7.44300814404e-06, 5.60616854273e-06, 4.38350753029e-06, 3.50994878318e-06, 2.79278856397e-06], "median": [5.29503086e-05, 0.000295514997561, 0.000414398731664, 0.000344859610777, 0.000214285246329, 0.000121978890093, 8.14654922578e-05, 5.09889287059e-05, 3.65050364053e-05, 2.38950524363e-05, 2.14305073314e-05, 1.44722216646e-05, 1.23429272207e-05, 9.85164206213e-06, 8.16645297164e-06, 8.79371145857e-06, 9.35703792493e-06, 7.89694422565e-06, 8.37850529933e-06, 7.86389591667e-06, 6.58357475913e-06, 5.96234349359e-06, 5.94210132476e-06, 5.91736397837e-06, 4.90956881549e-06, 5.49511514691e-06, 5.61206434213e-06, 4.32629713032e-06, 2.92883623842e-06, 2.76207947536e-06, 2.18124887397e-06, 1.58956277119e-06, 1.62612195709e-06, 1.43928900798e-06, 1.58934426508e-06, 1.54031295097e-06, 1.27750422507e-06, 9.55024120231e-07, 5.57547082281e-07, 3.89267427181e-07], "min": [3.75477556603e-24, 2.9808264985e-24, 2.04331718025e-24, 4.07124407867e-24, 5.48922273909e-24, 2.76112696146e-24, 8.15823855417e-24, 1.20503914858e-23, 9.60015874864e-24, 5.06679364081e-24, 6.01494883419e-24, 6.39119012648e-24, 8.21407018474e-24, 7.89976433427e-24, 7.41312393045e-24, 7.36283325888e-24, 6.59733091949e-24, 6.53127328501e-24, 1.29766049076e-23, 1.27691124014e-23, 5.63944907115e-24, 4.95300124409e-24, 8.20233193447e-24, 5.72361421885e-24, 9.02107962394e-24, 9.79776919426e-24, 1.1327441487e-23, 7.59127475526e-24, 7.45068633131e-24, 6.66061531346e-24, 1.00502031062e-23, 8.17123661531e-24, 5.98100059956e-24, 5.09108109036e-24, 9.18123337606e-24, 7.55730877126e-24, 7.53979763689e-24, 6.75246948841e-24, 8.48086215402e-24, 6.85278419656e-24], "var": [2.77972185359e-06, 4.17551427745e-06, 1.44953537529e-05, 1.30288253786e-06, 1.88245593336e-07, 8.24878370054e-08, 9.60809671824e-08, 6.76836435787e-08, 2.07840145094e-07, 1.17739034522e-07, 7.19807076166e-08, 2.75468270416e-08, 7.25487003805e-09, 2.03291179446e-08, 1.14521290229e-08, 6.49600506719e-09, 1.33695525761e-08, 9.70928315525e-09, 6.00129812511e-09, 3.9108818406e-09, 2.8741640179e-09, 3.83955045535e-09, 2.40905206894e-09, 1.47032708231e-09, 5.22097420852e-10, 3.30967059314e-10, 5.62331403664e-10, 4.92089924364e-10, 3.8422562354e-10, 2.32520308563e-10, 1.89437202036e-10, 1.78876899404e-10, 2.32684108092e-10, 2.27870972092e-10, 2.2857152282e-10, 2.28449009709e-10, 1.23215951331e-10, 7.95414359378e-11, 5.68707685111e-11, 6.37373140377e-11]}, "melbands_crest": {"dmean": 3.74988245964, "dmean2": 6.07174730301, "dvar": 12.5052013397, "dvar2": 31.6042881012, "max": 39.1284751892, "mean": 13.9238586426, "median": 13.030538559, "min": 2.2149746418, "var": 29.0754795074}, "melbands_flatness_db": {"dmean": 0.0318081490695, "dmean2": 0.0500089600682, "dvar": 0.00111797836144, "dvar2": 0.0028122891672, "max": 0.626377522945, "mean": 0.17398712039, "median": 0.161872804165, "min": 0.00488911708817, "var": 0.00505971442908}, "melbands_kurtosis": {"dmean": 12.2323379517, "dmean2": 19.7413215637, "dvar": 823.391845703, "dvar2": 2037.17150879, "max": 708.422851562, "mean": 19.2346935272, "median": 8.31032752991, "min": -1.95302021503, "var": 1439.71276855}, "melbands_skewness": {"dmean": 1.03501451015, "dmean2": 1.61199164391, "dvar": 1.71316981316, "dvar2": 4.07635879517, "max": 21.9143276215, "mean": 3.09565663338, "median": 2.61540985107, "min": -2.9452495575, "var": 4.84947776794}, "melbands_spread": {"dmean": 13.0067615509, "dmean2": 20.8077640533, "dvar": 378.959259033, "dvar2": 868.9375, "max": 293.474761963, "mean": 34.5520362854, "median": 25.7053375244, "min": 0.331096857786, "var": 1041.35791016}, "mfcc": {"cov": [[10998.3935547, -696.848571777, -966.22442627, -249.321136475, -367.366333008, -129.930221558, -2.02776002884, 46.8269119263, 0.421784609556, 143.52923584, 79.388130188, 226.085205078, -127.217185974], [-696.848571777, 1665.82666016, -429.339385986, -15.3320770264, -79.1757965088, -34.9218101501, 68.6193389893, -7.68652439117, -9.20774269104, 120.981781006, 15.7407922745, 13.8411207199, 35.9153213501], [-966.22442627, -429.339385986, 1061.78344727, 181.654602051, 254.525177002, 172.85369873, 39.5788764954, 77.7553482056, 75.7141571045, -30.0979614258, 55.1251716614, -19.0097827911, 115.451629639], [-249.321136475, -15.3320770264, 181.654602051, 391.880462646, 172.953323364, 34.3738670349, -7.0855588913, 61.5717735291, 74.3674850464, 1.05489659309, -12.6258430481, 39.2985076904, 37.8338928223], [-367.366333008, -79.1757965088, 254.525177002, 172.953323364, 324.295227051, 91.7096252441, -14.9472970963, 67.7534408569, 71.1544113159, -7.05631065369, 12.4231729507, 7.15753507614, 50.0699996948], [-129.930221558, -34.9218101501, 172.85369873, 34.3738670349, 91.7096252441, 224.831817627, 94.2109909058, 53.5701522827, 39.1506843567, 9.27913665771, 50.8202705383, 5.18124055862, 27.5567321777], [-2.02776002884, 68.6193389893, 39.5788764954, -7.0855588913, -14.9472970963, 94.2109909058, 212.702606201, 57.733253479, 28.430147171, 52.3563232422, 42.992805481, 33.2851524353, 5.74164676666], [46.8269119263, -7.68652439117, 77.7553482056, 61.5717735291, 67.7534408569, 53.5701522827, 57.733253479, 146.285995483, 64.3999633789, 21.1674690247, 25.2389736176, 20.1894073486, 25.4833965302], [0.421784609556, -9.20774269104, 75.7141571045, 74.3674850464, 71.1544113159, 39.1506843567, 28.430147171, 64.3999633789, 139.166061401, 55.5451927185, 6.24311876297, 22.9318313599, 10.4867687225], [143.52923584, 120.981781006, -30.0979614258, 1.05489659309, -7.05631065369, 9.27913665771, 52.3563232422, 21.1674690247, 55.5451927185, 160.529922485, 39.8265686035, 31.7767505646, -4.0279211998], [79.388130188, 15.7407922745, 55.1251716614, -12.6258430481, 12.4231729507, 50.8202705383, 42.992805481, 25.2389736176, 6.24311876297, 39.8265686035, 130.693435669, 31.7770805359, 22.7122592926], [226.085205078, 13.8411207199, -19.0097827911, 39.2985076904, 7.15753507614, 5.18124055862, 33.2851524353, 20.1894073486, 22.9318313599, 31.7767505646, 31.7770805359, 117.291213989, 27.2640666962], [-127.217185974, 35.9153213501, 115.451629639, 37.8338928223, 50.0699996948, 27.5567321777, 5.74164676666, 25.4833965302, 10.4867687225, -4.0279211998, 22.7122592926, 27.2640666962, 126.98298645]], "icov": [[0.000116706214612, 9.07241774257e-05, 0.000126134676975, 2.02944411285e-05, 8.1694975961e-05, -3.3658965549e-05, 6.44031606498e-05, -0.000114375070552, 6.36670756649e-06, -0.000101534140413, -5.29116405232e-05, -0.000186148288776, 1.13518344733e-05], [9.07241774257e-05, 0.000834123464301, 0.000491494254675, -0.000151153246406, 3.56047967216e-05, -1.04020673461e-05, -0.000227875265409, 9.98801965579e-07, 0.000168659011251, -0.000643006991595, -6.03122534812e-05, 0.000221370675717, -0.000619600352366], [0.000126134676975, 0.000491494254675, 0.0017175929388, -0.000352423696313, -0.000530148681719, -0.000523857132066, -0.000243232454523, 7.86468954175e-05, -0.000271947617875, -2.56846960838e-05, -0.000514425337315, 0.00068099348573, -0.00118388154078], [2.02944411285e-05, -0.000151153246406, -0.000352423696313, 0.00378585536964, -0.00154308858328, 0.000303899025312, 0.000236172199948, -0.000546658760868, -0.000862140383106, 0.0002833053004, 0.000851635995787, -0.00140750978608, 0.000127115563373], [8.1694975961e-05, 3.56047967216e-05, -0.000530148681719, -0.00154308858328, 0.00554084312171, -0.0017134124646, 0.00161715620197, -0.00112054857891, -0.0010654698126, 0.000132116139866, -6.24870153842e-05, 5.99034610786e-05, -0.00055716431234], [-3.3658965549e-05, -1.04020673461e-05, -0.000523857132066, 0.000303899025312, -0.0017134124646, 0.00735079450533, -0.00317118642852, -2.80215044768e-05, -0.00089273636695, 0.00104231503792, -0.00186085817404, 0.00100485433359, -0.00019175138732], [6.44031606498e-05, -0.000227875265409, -0.000243232454523, 0.000236172199948, 0.00161715620197, -0.00317118642852, 0.00761609617621, -0.00247545982711, 0.0005303270882, -0.00163994543254, -7.35723879188e-05, -0.00172831187956, 0.000771120656282], [-0.000114375070552, 9.98801965579e-07, 7.86468954175e-05, -0.000546658760868, -0.00112054857891, -2.80215044768e-05, -0.00247545982711, 0.0104359518737, -0.00382833974436, 0.000996287097223, -0.00113525055349, 0.000433919369243, -0.00110032607336], [6.36670756649e-06, 0.000168659011251, -0.000271947617875, -0.000862140383106, -0.0010654698126, -0.00089273636695, 0.0005303270882, -0.00382833974436, 0.0119986217469, -0.00424618646502, 0.00188812369015, -0.00101529504173, 0.000575651938561], [-0.000101534140413, -0.000643006991595, -2.56846960838e-05, 0.0002833053004, 0.000132116139866, 0.00104231503792, -0.00163994543254, 0.000996287097223, -0.00424618646502, 0.00942885968834, -0.00251553114504, -0.000838462030515, 0.00089471694082], [-5.29116405232e-05, -6.03122534812e-05, -0.000514425337315, 0.000851635995787, -6.24870153842e-05, -0.00186085817404, -7.35723879188e-05, -0.00113525055349, 0.00188812369015, -0.00251553114504, 0.0103219849989, -0.00226524588652, -0.000757918052841], [-0.000186148288776, 0.000221370675717, 0.00068099348573, -0.00140750978608, 5.99034610786e-05, 0.00100485433359, -0.00172831187956, 0.000433919369243, -0.00101529504173, -0.000838462030515, -0.00226524588652, 0.0114753590897, -0.00270093302242], [1.13518344733e-05, -0.000619600352366, -0.00118388154078, 0.000127115563373, -0.00055716431234, -0.00019175138732, 0.000771120656282, -0.00110032607336, 0.000575651938561, 0.00089471694082, -0.000757918052841, -0.00270093302242, 0.0102437539026]], "mean": [-658.592834473, 86.5286254883, 16.9346351624, 25.258518219, 4.07803344727, 1.02751791477, -7.53794956207, -2.57897472382, -7.62503671646, -0.0215922556818, -8.95283699036, -5.40456390381, -7.00921869278]}, "pitch_salience": {"dmean": 0.0846294090152, "dmean2": 0.14037065208, "dvar": 0.00685413507745, "dvar2": 0.0191498361528, "max": 0.919536888599, "mean": 0.574613392353, "median": 0.585755169392, "min": 0.041345898062, "var": 0.012649634853}, "silence_rate_20dB": {"dmean": 0, "dmean2": 0, "dvar": 0, "dvar2": 0, "max": 1, "mean": 1, "median": 1, "min": 1, "var": 0}, "silence_rate_30dB": {"dmean": 0.00995024852455, "dmean2": 0.0199019759893, "dvar": 0.00985004939139, "dvar2": 0.0279722847044, "max": 1, "mean": 0.994282722473, "median": 1, "min": 0, "var": 0.00568450940773}, "silence_rate_60dB": {"dmean": 0.0417316406965, "dmean2": 0.0834694802761, "dvar": 0.0399976111948, "dvar2": 0.0883766338229, "max": 1, "mean": 0.117463618517, "median": 0, "min": 0, "var": 0.103664308786}, "spectral_centroid": {"dmean": 354.177642822, "dmean2": 558.904296875, "dvar": 190036.796875, "dvar2": 439103.84375, "max": 11109.4794922, "mean": 1651.13146973, "median": 1539.25341797, "min": 184.044784546, "var": 723606.5625}, "spectral_complexity": {"dmean": 3.8941116333, "dmean2": 5.64176464081, "dvar": 29.7111568451, "dvar2": 48.6146697998, "max": 58, "mean": 16.3790473938, "median": 15, "min": 0, "var": 121.698242188}, "spectral_contrast_coeffs": {"dmean": [0.0563473515213, 0.0457406528294, 0.0376307703555, 0.0338556431234, 0.0262358356267, 0.0222671106458], "dmean2": [0.0902094915509, 0.0740050375462, 0.059100985527, 0.0534905157983, 0.0410238876939, 0.0344819426537], "dvar": [0.0023565790616, 0.00143614260014, 0.000975201721303, 0.000860266911332, 0.00056928594131, 0.000507342570927], "dvar2": [0.00555331725627, 0.00367075810209, 0.00219548470341, 0.00198357016779, 0.00121153693181, 0.00112214602996], "max": [-0.21740065515, -0.380970150232, -0.448032140732, -0.492134153843, -0.544716775417, -0.504725515842], "mean": [-0.583322703838, -0.722008347511, -0.768548309803, -0.769356787205, -0.77786809206, -0.769244372845], "median": [-0.59102666378, -0.726919054985, -0.782855272293, -0.777207374573, -0.787310600281, -0.769940555096], "min": [-0.969328045845, -0.972318649292, -0.96064633131, -0.962018370628, -0.964964389801, -0.962923407555], "var": [0.0105952564627, 0.00576919689775, 0.00645287474617, 0.00450588949025, 0.00337688135915, 0.0026046698913]}, "spectral_contrast_valleys": {"dmean": [0.529148817062, 0.386389821768, 0.357638448477, 0.352423995733, 0.362481296062, 0.52360522747], "dmean2": [0.820938229561, 0.608409464359, 0.54877269268, 0.524254083633, 0.512079775333, 0.65760743618], "dvar": [0.316558927298, 0.168210372329, 0.150731548667, 0.178863480687, 0.20344029367, 0.391364037991], "dvar2": [0.603485107422, 0.343538463116, 0.283642560244, 0.324792474508, 0.361809879541, 0.803274989128], "max": [-5.1820807457, -4.95707845688, -5.86224365234, -5.83528470993, -5.40305566788, -7.25040817261], "mean": [-7.95822429657, -7.16607904434, -7.98936462402, -8.16855621338, -7.75994777679, -9.7750377655], "median": [-7.70890522003, -6.92757940292, -7.73695135117, -7.9402589798, -7.55444574356, -9.70555973053], "min": [-27.653755188, -27.1044025421, -27.4916133881, -27.2775745392, -27.2527198792, -27.1956424713], "var": [1.8143030405, 1.27208447456, 1.34896492958, 1.32711744308, 1.39663243294, 1.62326347828]}, "spectral_decrease": {"dmean": 2.6068498471e-09, "dmean2": 4.20997947614e-09, "dvar": 2.93731967866e-17, "dvar2": 7.61107675154e-17, "max": 5.31939735315e-11, "mean": -4.78929162995e-09, "median": -3.43336048481e-09, "min": -6.0591133888e-08, "var": 2.94761906991e-17}, "spectral_energy": {"dmean": 0.0108383800834, "dmean2": 0.0170501191169, "dvar": 0.000480223214254, "dvar2": 0.00121666968334, "max": 0.240971028805, "mean": 0.0208413284272, "median": 0.0153300836682, "min": 1.03531153313e-20, "var": 0.000520836736541}, "spectral_energyband_high": {"dmean": 0.00141348864418, "dmean2": 0.0020677994471, "dvar": 7.19382978787e-06, "dvar2": 1.66766676557e-05, "max": 0.033084962517, "mean": 0.00242651323788, "median": 0.000847978575621, "min": 7.73184863261e-21, "var": 1.36826502057e-05}, "spectral_energyband_low": {"dmean": 0.00590805988759, "dmean2": 0.00984704773873, "dvar": 0.000168370650499, "dvar2": 0.000437584501924, "max": 0.141067445278, "mean": 0.00621419074014, "median": 0.00186871620826, "min": 3.08981323347e-23, "var": 0.000144747784361}, "spectral_energyband_middle_high": {"dmean": 0.00148162501864, "dmean2": 0.0021072353702, "dvar": 5.94366974838e-06, "dvar2": 1.16035344035e-05, "max": 0.0386216677725, "mean": 0.00393712427467, "median": 0.0023965719156, "min": 1.39305949422e-21, "var": 2.10723392229e-05}, "spectral_energyband_middle_low": {"dmean": 0.00597591325641, "dmean2": 0.0101894307882, "dvar": 0.000236256659264, "dvar2": 0.000643716193736, "max": 0.189783573151, "mean": 0.0100704412907, "median": 0.00658546900377, "min": 2.53250023265e-22, "var": 0.000199495174456}, "spectral_entropy": {"dmean": 0.235760807991, "dmean2": 0.341176718473, "dvar": 0.08422768116, "dvar2": 0.173115730286, "max": 9.81406021118, "mean": 7.7471985817, "median": 7.7944021225, "min": 4.0394654274, "var": 0.274514257908}, "spectral_flux": {"dmean": 0.0307465679944, "dmean2": 0.0466278530657, "dvar": 0.00186421605758, "dvar2": 0.00380229740404, "max": 0.418391615152, "mean": 0.0829867124557, "median": 0.0679543167353, "min": 1.01750260995e-10, "var": 0.00363057479262}, "spectral_kurtosis": {"dmean": 1.2771576643, "dmean2": 1.99940538406, "dvar": 4.85498571396, "dvar2": 11.4123048782, "max": 64.6145172119, "mean": 3.06901597977, "median": 2.50496006012, "min": -1.47627210617, "var": 9.56822109222}, "spectral_rms": {"dmean": 0.00096143304836, "dmean2": 0.00141786597669, "dvar": 2.11071437661e-06, "dvar2": 4.82054065287e-06, "max": 0.0153327649459, "mean": 0.00400198856369, "median": 0.00386732211336, "min": 3.17814416277e-12, "var": 4.31710759585e-06}, "spectral_rolloff": {"dmean": 1448.1184082, "dmean2": 2496.94311523, "dvar": 5628382, "dvar2": 13668063, "max": 18604.6875, "mean": 3054.24780273, "median": 1851.85546875, "min": 21.533203125, "var": 10354924}, "spectral_skewness": {"dmean": 0.2295858711, "dmean2": 0.348880082369, "dvar": 0.0904186815023, "dvar2": 0.204859644175, "max": 6.89707040787, "mean": 1.31882345676, "median": 1.26524686813, "min": -0.0727241933346, "var": 0.258155941963}, "spectral_spread": {"dmean": 1108557.125, "dmean2": 1564808.375, "dvar": 2090288676860.0, "dvar2": 4158105583620.0, "max": 42410488, "mean": 6371844.5, "median": 5951034, "min": 1395140.875, "var": 6398936088580