{"lowlevel": {"average_loudness": 0.838648378849, "barkbands": {"dmean": [1.67001308e-05, 0.00103597342968, 0.00203479663469, 0.0015243969392, 0.00119733554311, 0.000958240299951, 0.00125597626902, 0.00122326985002, 0.000998500850983, 0.000298803293845, 0.00024834877695, 0.000426377664553, 0.000204400785151, 0.00021531675884, 0.000143484168802, 0.000111296016257, 0.000138956544106, 0.000132166838739, 0.000290699565085, 7.2778602771e-05, 3.38878708135e-05, 2.63167967205e-05, 1.41671343954e-05, 5.68510495214e-06, 1.27301325392e-06, 1.12480677217e-06, 1.91539766092e-06], "dmean2": [2.78873485513e-05, 0.00167351600248, 0.00334087922238, 0.00261747441255, 0.00194601505063, 0.00148727197666, 0.00196720450185, 0.00192818767391, 0.00152065732982, 0.000456213922007, 0.000387547770515, 0.000687023042701, 0.000292029959382, 0.000309521419695, 0.000214661238715, 0.000179170878255, 0.00021509603539, 0.00020048773149, 0.000429975276347, 0.000112228648504, 5.40001565241e-05, 4.39163959527e-05, 2.33330410992e-05, 9.27646669879e-06, 2.05082824323e-06, 1.88727187833e-06, 3.37938581652e-06], "dvar": [6.16372508588e-10, 4.9791933634e-06, 2.47478310484e-05, 4.91147602588e-06, 2.62138814833e-06, 2.03358376893e-06, 3.8941884668e-06, 4.01318129661e-06, 4.1286339183e-06, 3.8968789795e-07, 7.44171984479e-07, 2.11535666494e-06, 3.58538756018e-07, 7.43017096738e-07, 9.75526006641e-08, 5.37667830258e-08, 6.75334277389e-08, 4.5537305482e-08, 3.39056498433e-07, 2.92726909379e-08, 4.27037116779e-09, 3.15144998986e-09, 1.0500226244e-09, 2.18747339686e-10, 7.81460399862e-12, 6.13131464003e-12, 3.31054801628e-11], "dvar2": [1.42087008825e-09, 1.1102638382e-05, 5.67598326597e-05, 1.41414084283e-05, 6.80743278281e-06, 4.78424817629e-06, 8.7247499323e-06, 9.64675109572e-06, 9.80273580353e-06, 8.19069157387e-07, 1.81290874934e-06, 5.44472641195e-06, 6.3326928057e-07, 1.24410189528e-06, 2.03123079245e-07, 1.25312595856e-07, 1.60967175589e-07, 9.9005980303e-08, 7.47517617583e-07, 7.19643296065e-08, 1.05725188604e-08, 8.04759459072e-09, 2.6913100637e-09, 5.71273806038e-10, 1.96994347917e-11, 1.56090401021e-11, 8.99450305902e-11], "max": [0.000958903285209, 0.0560256503522, 0.141151055694, 0.0338358730078, 0.0361415594816, 0.0342807918787, 0.0405679531395, 0.0460665374994, 0.0474606305361, 0.0172087289393, 0.0392160229385, 0.0491918101907, 0.0322494544089, 0.0449956096709, 0.00679976772517, 0.00432243011892, 0.00584404403344, 0.00479733897373, 0.012565205805, 0.00426418008283, 0.0015626384411, 0.00082872324856, 0.000455751433037, 0.000313697411912, 3.62893879355e-05, 3.57077951776e-05, 7.29885723558e-05], "mean": [3.85754319723e-05, 0.00147729192395, 0.00287211127579, 0.00220460840501, 0.002373741474, 0.00200274004601, 0.00222732895054, 0.00220805034041, 0.00199007312767, 0.000556443934329, 0.000420736556407, 0.000711967411917, 0.000342558254488, 0.000346533983247, 0.000262880523223, 0.000178320799023, 0.000279427214991, 0.00029874232132, 0.000723395729437, 0.000120267271996, 4.42867167294e-05, 2.51191195275e-05, 1.45751500895e-05, 6.13504516878e-06, 1.64683342518e-06, 1.17197600957e-06, 1.84373652701e-06], "median": [3.49024048774e-05, 0.000479563954286, 0.00100999022834, 0.00132313545328, 0.00171591551043, 0.0012373321224, 0.00116637535393, 0.00115065695718, 0.000563178153243, 0.000229207144002, 0.000186177392607, 0.000243622838752, 8.88572831172e-05, 8.27606272651e-05, 9.7274169093e-05, 7.49269092921e-05, 0.000121591496281, 0.00015822131536, 0.000207952514756, 5.17729713465e-05, 2.06848599191e-05, 7.11295706424e-06, 4.90494858241e-06, 2.10751159102e-06, 7.18453065929e-07, 3.78855673944e-07, 6.93069807767e-07], "min": [1.39271558715e-24, 2.45257802066e-24, 1.37071425651e-24, 2.45074505305e-25, 9.36874640209e-24, 1.03729647567e-23, 9.95470518274e-24, 6.94375484729e-24, 1.54443077584e-23, 4.64649288924e-24, 1.27471576135e-23, 2.5685872743e-23, 3.38456290655e-23, 3.5525741866e-23, 5.00148384646e-23, 4.13298269969e-23, 6.97105085456e-23, 7.73158660457e-23, 1.18973729806e-22, 1.80628901969e-22, 2.53982010455e-22, 3.29434902587e-22, 3.16127967697e-22, 5.8021651066e-22, 8.85648912877e-22, 1.26047714387e-21, 1.95020552158e-21], "var": [9.24431142746e-10, 8.64229787112e-06, 4.83866715513e-05, 7.58427722758e-06, 6.01422880209e-06, 5.85406723985e-06, 1.17252902783e-05, 9.59989665716e-06, 1.53358287207e-05, 1.39960923207e-06, 1.05454466848e-06, 2.58225395555e-06, 9.69561938291e-07, 1.59671890287e-06, 2.89672101417e-07, 9.83341124083e-08, 1.66775720345e-07, 1.5854307378e-07, 1.44936063862e-06, 4.55907560593e-08, 4.56864901466e-09, 2.58797538955e-09, 9.14179565381e-10, 1.81517856301e-10, 7.63551982058e-12, 5.17998404587e-12, 2.21733499617e-11]}, "barkbands_crest": {"dmean": 2.26798343658, "dmean2": 3.75338625908, "dvar": 3.97767186165, "dvar2": 10.2785367966, "max": 26.0878677368, "mean": 8.50579071045, "median": 7.7845082283, "min": 2.46977472305, "var": 10.0405759811}, "barkbands_flatness_db": {"dmean": 0.0215137694031, "dmean2": 0.0322218202055, "dvar": 0.000420048541855, "dvar2": 0.000904797692783, "max": 0.399098366499, "mean": 0.148732796311, "median": 0.147565841675, "min": 0.0423273295164, "var": 0.0014749703696}, "barkbands_kurtosis": {"dmean": 2.03694009781, "dmean2": 3.31677150726, "dvar": 32.8496017456, "dvar2": 95.4408798218, "max": 319.874511719, "mean": 3.18629765511, "median": 2.16976809502, "min": -1.8814599514, "var": 46.8900260925}, "barkbands_skewness": {"dmean": 0.413054794073, "dmean2": 0.657899260521, "dvar": 0.185746654868, "dvar2": 0.476521283388, "max": 16.1766052246, "mean": 1.4213103056, "median": 1.3933930397, "min": -2.17593455315, "var": 0.866036057472}, "barkbands_spread": {"dmean": 4.07175540924, "dmean2": 6.4064245224, "dvar": 22.337688446, "dvar2": 50.7794647217, "max": 157.178237915, "mean": 16.631275177, "median": 15.0570631027, "min": 1.48384344578, "var": 90.1301040649}, "dissonance": {"dmean": 0.0204125400633, "dmean2": 0.0337527245283, "dvar": 0.00033203244675, "dvar2": 0.000882854044903, "max": 0.500000119209, "mean": 0.453856259584, "median": 0.459789931774, "min": 0.213555723429, "var": 0.000919773126952}, "dynamic_complexity": 2.82350993156, "erbbands": {"dmean": [0.0090963980183, 0.320836871862, 2.08122897148, 3.36704087257, 4.78734779358, 4.27567577362, 4.62438201904, 9.34460449219, 16.8409519196, 17.435634613, 30.4452610016, 23.0950965881, 9.6896238327, 12.0080509186, 8.17632579803, 18.3136043549, 9.88431453705, 10.3205480576, 9.49081802368, 4.71763563156, 6.75423336029, 7.19485616684, 6.24022817612, 13.624704361, 10.054350853, 2.86125278473, 1.39883577824, 1.39934587479, 1.01985788345, 0.516888797283, 0.390871971846, 0.219571396708, 0.0434902720153, 0.0156854018569, 0.00871762540191, 0.00470835715532, 0.00220204913057, 0.00111731642392, 0.000281156710116, 2.71036678896e-05], "dmean2": [0.0141825210303, 0.519110560417, 3.45609116554, 5.64812612534, 8.08061885834, 6.77752780914, 7.3403506279, 14.395072937, 26.2912387848, 27.0765914917, 48.0929336548, 34.8524665833, 14.5434303284, 18.6833114624, 13.1823205948, 29.3536968231, 13.9520845413, 14.5226964951, 13.6614627838, 6.8105840683, 11.0224370956, 10.9131069183, 9.42596149445, 20.006942749, 14.8933382034, 4.38641738892, 2.18792653084, 2.27701926231, 1.70321643353, 0.848327219486, 0.646506011486, 0.357965439558, 0.0679920464754, 0.0248608272523, 0.0142760826275, 0.00781529769301, 0.00372930429876, 0.00195612944663, 0.000498521607369, 4.52964304714e-05], "dvar": [0.000385262275813, 0.469391137362, 26.2453098297, 22.4793663025, 57.9078102112, 34.3391075134, 43.9725799561, 217.901184082, 757.179382324, 856.920776367, 3315.91577148, 2124.25537109, 498.775726318, 923.811340332, 1643.40612793, 3687.13330078, 896.828613281, 2163.72973633, 416.372772217, 116.504226685, 198.525054932, 161.599502563, 100.835823059, 528.264465332, 528.59387207, 34.2376365662, 7.99796247482, 8.08191204071, 4.92215919495, 1.13286721706, 0.851133465767, 0.331944108009, 0.00949742645025, 0.0012346713338, 0.000387553358451, 0.000106653707917, 2.48946616921e-05, 9.07927187654e-06, 7.90680473983e-07, 5.1203183915e-09], "dvar2": [0.000796781212557, 1.07228779793, 61.9241905212, 61.1240882874, 161.250488281, 81.1022872925, 111.477279663, 502.976135254, 1664.4597168, 1929.3392334, 8383.21679688, 4690.74804688, 1019.559021, 2048.87036133, 4425.58837891, 9546.67089844, 1620.98608398, 3627.36181641, 802.37310791, 221.577392578, 503.687042236, 371.688018799, 220.302734375, 1069.24829102, 1229.05969238, 80.3374862671, 19.4683303833, 20.6002426147, 12.6841249466, 2.8398706913, 2.21603274345, 0.865182697773, 0.0234120991081, 0.00308645307086, 0.00099793355912, 0.00026889226865, 6.39112113276e-05, 2.42031692324e-05, 2.16732064473e-06, 1.39130769128e-08], "max": [0.628003716469, 15.5506629944, 141.62210083, 85.306854248, 137.737701416, 201.46206665, 149.338027954, 313.027252197, 602.442687988, 756.227416992, 1313.89855957, 1473.77526855, 709.621704102, 899.291381836, 2204.76318359, 2126.63012695, 1592.27526855, 2486.953125, 429.651702881, 305.6980896, 233.91293335, 266.436340332, 294.424530029, 348.451568604, 506.73828125, 127.553268433, 100.657234192, 42.1519508362, 34.3102226257, 14.2951812744, 12.4078483582, 10.5943832397, 1.55849480629, 0.537965834141, 0.272288680077, 0.190929576755, 0.0579300783575, 0.045509301126, 0.0116088809446, 0.00115417758934], "mean": [0.014645694755, 0.465290278196, 2.95329093933, 5.4358048439, 7.83282995224, 8.37736225128, 9.51556110382, 19.0080795288, 30.9506568909, 33.9061317444, 56.3748550415, 48.5800552368, 20.4338111877, 21.6611614227, 15.2111988068, 30.9687480927, 18.6313972473, 18.23695755, 16.3866405487, 10.8222503662, 10.9530763626, 15.8226518631, 15.3950767517, 34.3032455444, 25.0485229492, 5.53036117554, 2.15041041374, 1.58717215061, 0.968113362789, 0.524822294712, 0.391997337341, 0.230857118964, 0.0543026253581, 0.0211763698608, 0.0106346551329, 0.00512615125626, 0.0021925161127, 0.000965353450738, 0.00025724817533, 5.02639595652e-05], "median": [0.00500846141949, 0.168902903795, 1.1235640049, 3.46759653091, 5.10040664673, 5.35965442657, 6.37602424622, 10.7266149521, 14.8644275665, 18.8122692108, 24.1431274414, 16.4226226807, 7.63603639603, 9.11045837402, 8.28724479675, 11.0885419846, 6.0593547821, 4.87320327759, 6.47194433212, 3.83912706375, 4.64146137238, 7.36068248749, 8.56623458862, 11.0609283447, 7.93664360046, 2.51523566246, 1.08918261528, 0.641178607941, 0.279719501734, 0.163588732481, 0.132392495871, 0.0746334046125, 0.0223946236074, 0.00974240526557, 0.00433994503692, 0.00171689549461, 0.000680630037095, 0.000251366349403, 8.75736368471e-05, 3.42618950526e-05], "min": [1.12555582725e-22, 5.50322948512e-22, 3.30877596654e-21, 4.75933188444e-21, 1.43458289064e-20, 2.06448108866e-20, 5.965401688e-20, 1.07086207565e-19, 1.23280348932e-19, 1.19017538269e-19, 3.2160996766e-19, 3.7200891916e-19, 2.52698300461e-19, 6.56865520296e-19, 9.63105929337e-19, 1.32126376084e-18, 1.50801012388e-18, 2.59735167291e-18, 1.78870156044e-18, 2.65773337608e-18, 3.06946107842e-18, 4.45964211577e-18, 5.15038176783e-18, 4.08746212532e-18, 6.53705866132e-18, 9.10566704871e-18, 9.83109286539e-18, 9.49733458721e-18, 1.11409614895e-17, 8.31131806185e-18, 1.01283542806e-17, 1.03132010233e-17, 8.93717862974e-18, 8.64623687443e-18, 6.47694289671e-18, 4.19803714807e-18, 2.32541790769e-18, 9.5852138419e-19, 2.52783215721e-19, 2.65981590021e-20], "var": [0.000924596737605, 0.767999470234, 45.7861175537, 41.338634491, 87.9215316772, 112.536735535, 116.603927612, 610.569152832, 2435.50927734, 2361.64038086, 7600.74169922, 9800.08691406, 1965.45080566, 2201.68383789, 1437.51611328, 4484.39111328, 2390.9128418, 4570.45019531, 1029.7121582, 590.088684082, 298.993347168, 501.195129395, 390.771087646, 2495.07983398, 2060.30224609, 75.1678161621, 10.0365552902, 7.27186393738, 3.94853281975, 1.01608204842, 0.706806123257, 0.27824434638, 0.009800828062, 0.00128214282449, 0.000348659988958, 9.8236145277e-05, 2.00472550205e-05, 6.32401861367e-06, 5.12802785124e-07, 4.01061184263e-09]}, "erbbands_crest": {"dmean": 2.46334886551, "dmean2": 3.96366119385, "dvar": 5.47341012955, "dvar2": 13.3330478668, "max": 30.9537639618, "mean": 9.02852153778, "median": 8.3302154541, "min": 1.96902251244, "var": 14.4094171524}, "erbbands_flatness_db": {"dmean": 0.019118277356, "dmean2": 0.027714272961, "dvar": 0.000316371297231, "dvar2": 0.000632280018181, "max": 0.329991310835, "mean": 0.191537603736, "median": 0.195349663496, "min": 0.0102176284418, "var": 0.00141980452463}, "erbbands_kurtosis": {"dmean": 0.686208605766, "dmean2": 1.11251211166, "dvar": 0.980368196964, "dvar2": 2.41724395752, "max": 17.2748985291, "mean": -0.0952440276742, "median": -0.493231058121, "min": -1.80092775822, "var": 2.26355552673}, "erbbands_skewness": {"dmean": 0.338057994843, "dmean2": 0.535548150539, "dvar": 0.100483618677, "dvar2": 0.243955552578, "max": 3.95149087906, "mean": 0.456183880568, "median": 0.489091455936, "min": -3.21961808205, "var": 0.364099115133}, "erbbands_spread": {"dmean": 6.08726215363, "dmean2": 9.57085037231, "dvar": 38.0281677246, "dvar2": 89.4495162964, "max": 116.891479492, "mean": 33.7408790588, "median": 33.1505966187, "min": 3.99113106728, "var": 138.073104858}, "gfcc": {"cov": [[28545.6386719, 2969.48388672, -3634.91088867, 644.500671387, -1322.60217285, -481.350769043, -618.226501465, 58.8364067078, -454.915710449, -257.497680664, -220.30065918, -282.428710938, -604.859741211], [2969.48388672, 985.864807129, -332.192047119, -43.0851554871, 12.7743530273, -100.948020935, -32.47397995, 56.8031311035, -72.240272522, -47.0032577515, 44.4005088806, -57.6396408081, -25.7055511475], [-3634.91088867, -332.192047119, 788.328186035, -19.1584453583, 186.607086182, 122.391288757, 94.0777664185, -46.2103157043, 57.5622558594, 56.0889396667, 2.21721363068, 82.4128875732, 100.666488647], [644.500671387, -43.0851554871, -19.1584453583, 223.379348755, 29.2293300629, 7.05965232849, -60.4460372925, -15.0949468613, 21.7945327759, 13.0145711899, 2.89241147041, 6.06375932693, 4.08904838562], [-1322.60217285, 12.7743530273, 186.607086182, 29.2293300629, 262.21875, 31.2311630249, -19.845708847, -17.0509643555, 60.5843963623, 39.24243927, 25.4406852722, 12.3319044113, 60.5075683594], [-481.350769043, -100.948020935, 122.391288757, 7.05965232849, 31.2311630249, 169.417633057, 68.0877761841, -4.95115566254, 7.7671546936, 13.3745775223, -10.5578422546, -4.75853919983, 22.4067649841], [-618.226501465, -32.47397995, 94.0777664185, -60.4460372925, -19.845708847, 68.0877761841, 208.046157837, 78.9010620117, -16.7137317657, -17.6901130676, 2.75760889053, -0.934052765369, -14.1236724854], [58.8364067078, 56.8031311035, -46.2103157043, -15.0949468613, -17.0509643555, -4.95115566254, 78.9010620117, 154.674530029, 11.0513963699, -20.1543464661, 27.6469230652, -19.5062713623, -17.2149143219], [-454.915710449, -72.240272522, 57.5622558594, 21.7945327759, 60.5843963623, 7.7671546936, -16.7137317657, 11.0513963699, 100.409301758, 40.2584495544, -3.07463812828, 7.74925661087, 15.1766405106], [-257.497680664, -47.0032577515, 56.0889396667, 13.0145711899, 39.24243927, 13.3745775223, -17.6901130676, -20.1543464661, 40.2584495544, 70.5759429932, 9.99452209473, 5.76481723785, 12.6049251556], [-220.30065918, 44.4005088806, 2.21721363068, 2.89241147041, 25.4406852722, -10.5578422546, 2.75760889053, 27.6469230652, -3.07463812828, 9.99452209473, 79.8665924072, 12.890622139, -4.02096033096], [-282.428710938, -57.6396408081, 82.4128875732, 6.06375932693, 12.3319044113, -4.75853919983, -0.934052765369, -19.5062713623, 7.74925661087, 5.76481723785, 12.890622139, 79.66040802, 23.2833251953], [-604.859741211, -25.7055511475, 100.666488647, 4.08904838562, 60.5075683594, 22.4067649841, -14.1236724854, -17.2149143219, 15.1766405106, 12.6049251556, -4.02096033096, 23.2833251953, 92.9273681641]], "icov": [[0.000372570008039, -0.000993868568912, 0.00106332835276, -0.0011642719619, 0.0011242851615, -0.000699449388776, 0.00055602483917, -0.000235542654991, 0.000476840126794, -0.000919579179026, 0.00157676392701, -0.00118615373503, 0.000939216290135], [-0.000993868568912, 0.00408618198708, -0.00224398029968, 0.00338725210167, -0.00377976684831, 0.00237285764888, -0.00147557852324, 0.000302420376102, -0.000254426558968, 0.00262562418357, -0.00468231039122, 0.00368420500308, -0.00277648004703], [0.00106332835276, -0.00224398029968, 0.00549073098227, -0.00301051069982, 0.00178660184611, -0.00249037239701, 0.000328520050971, -6.67988351779e-05, 0.00146526074968, -0.00325045385398, 0.00457599945366, -0.00485090725124, 0.00157463480718], [-0.0011642719619, 0.00338725210167, -0.00301051069982, 0.0088299959898, -0.00412369985133, 0.00114968197886, 0.00019271405472, 0.00013182713883, -0.00176524661947, 0.00281798955984, -0.00493487343192, 0.00296221952885, -0.00235664122738], [0.0011242851615, -0.00377976684831, 0.00178660184611, -0.00412369985133, 0.010023381561, -0.00245096324943, 0.00196818844415, 0.000324047374306, -0.0021022958681, -0.00258675892837, 0.00216463278048, -0.00189756928012, 0.000205391130294], [-0.000699449388776, 0.00237285764888, -0.00249037239701, 0.00114968197886, -0.00245096324943, 0.00988124404103, -0.00466698221862, 0.00202129432, -0.000781125156209, 0.000795370840933, -0.0027374883648, 0.00466037774459, -0.0036371180322], [0.00055602483917, -0.00147557852324, 0.000328520050971, 0.00019271405472, 0.00196818844415, -0.00466698221862, 0.0103945033625, -0.00581280048937, 0.00303620123304, -0.00119481084403, 0.00373518792912, -0.00327180535533, 0.00384095241316], [-0.000235542654991, 0.000302420376102, -6.67988351779e-05, 0.00013182713883, 0.000324047374306, 0.00202129432, -0.00581280048937, 0.0119592612609, -0.00565603375435, 0.00484882248566, -0.00616999762133, 0.00409021927044, -0.00177506508771], [0.000476840126794, -0.000254426558968, 0.00146526074968, -0.00176524661947, -0.0021022958681, -0.000781125156209, 0.00303620123304, -0.00565603375435, 0.0181862674654, -0.0101879108697, 0.00657076435164, -0.00365655985661, 0.00210688519292], [-0.000919579179026, 0.00262562418357, -0.00325045385398, 0.00281798955984, -0.00258675892837, 0.000795370840933, -0.00119481084403, 0.00484882248566, -0.0101879108697, 0.0242113973945, -0.00908679049462, 0.0049693742767, -0.00291137536988], [0.00157676392701, -0.00468231039122, 0.00457599945366, -0.00493487343192, 0.00216463278048, -0.0027374883648, 0.00373518792912, -0.00616999762133, 0.00657076435164, -0.00908679049462, 0.0237945206463, -0.00987296458334, 0.00656596105546], [-0.00118615373503, 0.00368420500308, -0.00485090725124, 0.00296221952885, -0.00189756928012, 0.00466037774459, -0.00327180535533, 0.00409021927044, -0.00365655985661, 0.0049693742767, -0.00987296458334, 0.0209709461778, -0.0069630863145], [0.000939216290135, -0.00277648004703, 0.00157463480718, -0.00235664122738, 0.000205391130294, -0.0036371180322, 0.00384095241316, -0.00177506508771, 0.00210688519292, -0.00291137536988, 0.00656596105546, -0.0069630863145, 0.017582045868]], "mean": [-54.7981643677, 129.222000122, -127.217964172, 19.9151115417, -48.6453323364, -19.3910007477, -25.3764896393, 1.11346507072, -21.4421901703, -9.60406780243, -7.84156799316, -9.14676189423, -20.6970901489]}, "hfc": {"dmean": 3.81477856636, "dmean2": 5.24859046936, "dvar": 27.0831012726, "dvar2": 53.0916404724, "max": 108.019172668, "mean": 14.2767400742, "median": 10.0649166107, "min": 1.07201244193e-16, "var": 157.459274292}, "melbands": {"dmean": [0.000178776070243, 0.000851677265018, 0.000633722753264, 0.000306876376271, 0.000156308684382, 0.000203730654903, 0.000260737433564, 0.000191473023733, 0.000258962798398, 0.000136089831358, 4.6580342314e-05, 4.83406111016e-05, 2.6506393624e-05, 4.46631602244e-05, 3.72145441361e-05, 1.97595818463e-05, 2.14859664993e-05, 1.72760992427e-05, 8.58895418787e-06, 6.44506417302e-06, 9.33837145567e-06, 8.33464764582e-06, 6.6127718128e-06, 5.7899442254e-06, 1.24684702314e-05, 1.13726437121e-05, 4.42910777565e-06, 1.44197895224e-06, 9.47199850998e-07, 7.7772710938e-07, 8.62816591507e-07, 6.65644279252e-07, 3.57732943712e-07, 2.67060954684e-07, 2.35298287521e-07, 2.03705766921e-07, 1.07797106352e-07, 3.16272483758e-08, 1.57396939926e-08, 1.24100116849e-08], "dmean2": [0.000283904606476, 0.00140573445242, 0.00105749978684, 0.0005012594047, 0.000249448232353, 0.000314469798468, 0.000407817657106, 0.000295765872579, 0.000409985485021, 0.000204630705412, 7.00197924743e-05, 7.54634966142e-05, 4.18732633989e-05, 7.30703104637e-05, 5.68632058275e-05, 2.73581299552e-05, 3.07633745251e-05, 2.53172875091e-05, 1.26539171106e-05, 9.82418623607e-06, 1.54910194397e-05, 1.28809642774e-05, 1.00984170786e-05, 8.67001654115e-06, 1.84595974133e-05, 1.70074999915e-05, 6.88486443323e-06, 2.27601776714e-06, 1.5247758256e-06, 1.23698998777e-06, 1.42932969993e-06, 1.12649286166e-06, 5.93297784235e-07, 4.41373913418e-07, 3.95639432327e-07, 3.36784808042e-07, 1.78492399527e-07, 5.0068472035e-08, 2.44103208757e-08, 2.01318783866e-08], "dvar": [1.49839252117e-07, 3.91489675167e-06, 7.78302194249e-07, 1.89519539617e-07, 4.35900666673e-08, 9.95479112476e-08, 1.74101529637e-07, 9.82092558388e-08, 2.7132540481e-07, 7.50705027031e-08, 1.2020326956e-08, 1.39747253769e-08, 1.21136087827e-08, 2.74556022362e-08, 1.48851349024e-08, 4.47494885591e-09, 1.0917175608e-08, 1.50464962712e-09, 4.80035289296e-10, 2.23968926738e-10, 4.14188155995e-10, 2.44571030095e-10, 1.33968197646e-10, 9.01574440104e-11, 4.47508002877e-10, 8.25276069705e-10, 1.1566996666e-10, 9.16301496484e-12, 5.28658150242e-12, 2.10353761319e-12, 3.39003109438e-12, 2.23719827386e-12, 5.99110496456e-13, 3.34292353998e-13, 3.30473658421e-13, 2.82483536345e-13, 8.98112354343e-14, 5.31842585515e-15, 1.29631775132e-15, 8.11411135476e-16], "dvar2": [3.19517681646e-07, 9.20774164115e-06, 2.12471400118e-06, 4.88705438784e-07, 1.12634069183e-07, 2.27844608958e-07, 3.84848760859e-07, 2.21478686058e-07, 7.00784653418e-07, 1.61537954568e-07, 2.45197835369e-08, 3.11759755789e-08, 3.147077976e-08, 7.72438184526e-08, 3.13385122297e-08, 7.80494424646e-09, 1.82097821266e-08, 2.88439716556e-09, 9.71693503438e-10, 4.59914439865e-10, 1.08523345865e-09, 5.70189118143e-10, 3.00452829283e-10, 1.8310646055e-10, 9.04765429244e-10, 1.94838722933e-09, 2.93481600133e-10, 2.07204999686e-11, 1.3591936604e-11, 5.08845526478e-12, 8.80224192146e-12, 5.81327477475e-12, 1.5457791297e-12, 8.53459880892e-13, 8.74829614132e-13, 7.28887111258e-13, 2.3844888195e-13, 1.32714401196e-14, 3.18788176534e-15, 2.07128058262e-15], "max": [0.0100575760007, 0.0530252084136, 0.0140623878688, 0.00983561761677, 0.00430147023872, 0.00757497781888, 0.0089462948963, 0.00678358366713, 0.0110333031043, 0.00954144820571, 0.00346131343395, 0.00336729013361, 0.0059408089146, 0.00618545757607, 0.00462668761611, 0.00418508378789, 0.00563076045364, 0.000803261180408, 0.000520290515851, 0.000410710665165, 0.000359554833267, 0.000327208486851, 0.000333041971317, 0.000208647572435, 0.000316189980367, 0.000689445936587, 0.000266411254415, 8.43791713123e-05, 9.9262339063e-05, 2.53874113696e-05, 2.61494151346e-05, 2.20706115215e-05, 1.18162070066e-05, 8.55852431414e-06, 9.03617910808e-06, 9.00516624824e-06, 6.9051347964e-06, 1.07711741748e-06, 7.32133230485e-07, 4.7494768296e-07], "mean": [0.000270867109066, 0.00124183064327, 0.00106411438901, 0.000586830021348, 0.000336096156389, 0.000418447714765, 0.000478715228382, 0.000374929863028, 0.000470171507914, 0.000283379311441, 8.97817662917e-05, 8.43288580654e-05, 4.77377434436e-05, 7.40609320928e-05, 6.42813029117e-05, 3.33546158799e-05, 3.41235136148e-05, 2.72165234492e-05, 1.67675716511e-05, 1.24852658701e-05, 1.32051072796e-05, 1.66582303791e-05, 1.46448410305e-05, 1.35285990837e-05, 2.99004950648e-05, 2.70513701253e-05, 8.35113496578e-06, 2.35409538618e-06, 1.36757842029e-06, 1.00815998394e-06, 8.93051662842e-07, 6.10123152001e-07, 3.44694825571e-07, 2.66140489202e-07, 2.25430142109e-07, 2.10724053318e-07, 1.10703851419e-07, 3.85800014158e-08, 2.11635047265e-08, 1.6186140428e-08], "median": [8.82998574525e-05, 0.000511366582941, 0.000711217289791, 0.000399360666052, 0.00023939703533, 0.000238105363678, 0.000239102359046, 0.000208449491765, 0.000172723288415, 8.95646517165e-05, 3.06375950458e-05, 3.46276647178e-05, 2.38846405409e-05, 2.96933485515e-05, 1.91369545064e-05, 8.58255953062e-06, 7.78640242061e-06, 9.92358218355e-06, 5.56099257665e-06, 4.71932253276e-06, 4.95641279485e-06, 6.70857025398e-06, 7.05776619725e-06, 6.99757856637e-06, 8.92496063898e-06, 6.76490344631e-06, 3.12231986754e-06, 1.03533216134e-06, 6.6722293468e-07, 4.52173821941e-07, 3.1522895938e-07, 1.58848351361e-07, 9.78183294364e-08, 8.11107199183e-08, 7.0767484317e-08, 6.31687910868e-08, 3.49130999666e-08, 1.53163259853e-08, 9.28079035845e-09, 7.32919591684e-09], "min": [1.47975376627e-24, 1.17237174797e-24, 1.00089133376e-24, 1.77720895615e-24, 2.24431736118e-24, 2.12179089373e-24, 1.69150059931e-24, 1.28287873623e-24, 2.45483396564e-24, 2.19153349472e-24, 1.00066049333e-24, 2.18355909704e-24, 3.35823530493e-24, 3.01307927383e-24, 3.30265689871e-24, 2.88564569712e-24, 3.72542323504e-24, 2.03043449002e-24, 3.64684558913e-24, 2.69653680548e-24, 3.68328228548e-24, 3.63465571599e-24, 4.46686452795e-24, 3.7105405852e-24, 2.9192967284e-24, 4.31900793406e-24, 4.30524428341e-24, 4.61770064949e-24, 5.06949351725e-24, 5.92376795203e-24, 4.61228511938e-24, 4.26356560635e-24, 5.48237739859e-24, 3.44629308676e-24, 5.58617453321e-24, 5.78834262271e-24, 5.95023305211e-24, 5.62443665369e-24, 4.90606993668e-24, 5.7104721906e-24], "var": [3.06289166474e-07, 6.66469304633e-06, 1.43387899243e-06, 4.38098027189e-07, 1.20442877005e-07, 2.94426058645e-07, 5.47866875422e-07, 2.72781790045e-07, 5.99193015205e-07, 3.60053689974e-07, 4.56868143317e-08, 3.41819905714e-08, 1.31734205766e-08, 2.63564601255e-08, 2.69678306353e-08, 1.12639275685e-08, 2.20668372464e-08, 3.36542660406e-09, 1.54573864819e-09, 7.00600133463e-10, 5.07543784778e-10, 6.55997589583e-10, 4.50405046593e-10, 3.29766602913e-10, 2.02616345923e-09, 2.771666896e-09, 2.50118536993e-10, 1.70637011465e-11, 5.32901760913e-12, 2.43621030467e-12, 2.79565129727e-12, 1.73783622041e-12, 4.92847895741e-13, 2.88599981586e-13, 2.56946834686e-13, 2.47709242441e-13, 7.01407248255e-14, 5.29987075141e-15, 1.4954314803e-15, 7.744727698e-16]}, "melbands_crest": {"dmean": 3.34894609451, "dmean2": 5.63896131516, "dvar": 8.67639064789, "dvar2": 22.8106384277, "max": 39.4980926514, "mean": 12.2492847443, "median": 11.4459133148, "min": 1.53411483765, "var": 21.6933307648}, "melbands_flatness_db": {"dmean": 0.0278937295079, "dmean2": 0.0413743890822, "dvar": 0.000724827405065, "dvar2": 0.00157185457647, "max": 0.550133407116, "mean": 0.228701263666, "median": 0.228718787432, "min": 0.00287026213482, "var": 0.00328684831038}, "melbands_kurtosis": {"dmean": 4.42905187607, "dmean2": 7.309902668, "dvar": 425.710540771, "dvar2": 1157.42553711, "max": 1314.27880859, "mean": 9.23938655853, "median": 6.08654594421, "min": -1.6607336998, "var": 791.877319336}, "melbands_skewness": {"dmean": 0.526093959808, "dmean2": 0.84529209137, "dvar": 0.43499737978, "dvar2": 1.07566785812, "max": 32.7665634155, "mean": 2.19016027451, "median": 2.04393410683, "min": -0.774148583412, "var": 1.73474597931}, "melbands_spread": {"dmean": 5.02789449692, "dmean2": 7.96127748489, "dvar": 35.1456489563, "dvar2": 82.6358642578, "max": 162.798568726, "mean": 20.159160614, "median": 16.395401001, "min": 0.383084774017, "var": 318.434448242}, "mfcc": {"cov": [[8231.68847656, 1240.39355469, -709.37902832, 441.793395996, -268.441619873, -132.989562988, -160.58404541, 126.964080811, -220.865127563, 162.198684692, 95.7334060669, -44.2086639404, -162.499282837], [1240.39355469, 1294.44934082, -125.953582764, 118.949562073, 41.138961792, -115.642959595, 92.2523498535, 16.4095687866, -27.6609725952, -15.1459722519, 16.4776668549, 27.7931518555, 21.8792800903], [-709.37902832, -125.953582764, 343.648651123, -13.6610364914, -10.8927764893, 88.6798400879, 40.2128868103, 9.56582736969, 39.7943649292, -23.9224586487, -39.7050895691, 15.8074235916, 35.3821411133], [441.793395996, 118.949562073, -13.6610364914, 200.872772217, 77.9134140015, -8.03078842163, -32.5955848694, -4.76212835312, -18.4224128723, -6.08001661301, 12.447760582, -9.79387760162, -1.15245187283], [-268.441619873, 41.138961792, -10.8927764893, 77.9134140015, 275.389129639, 62.9285011292, -60.5620803833, -64.8556060791, 2.75691819191, 19.4549388885, -30.8952884674, -0.424682557583, 0.896697282791], [-132.989562988, -115.642959595, 88.6798400879, -8.03078842163, 62.9285011292, 200.638839722, -13.2396736145, -40.7798995972, 23.8067092896, 2.87323689461, -37.7444877625, 0.370319664478, 0.424779385328], [-160.58404541, 92.2523498535, 40.2128868103, -32.5955848694, -60.5620803833, -13.2396736145, 172.401123047, 66.3493652344, 17.0991420746, 9.05109882355, 13.8709802628, 18.1180801392, 10.8069963455], [126.964080811, 16.4095687866, 9.56582736969, -4.76212835312, -64.8556060791, -40.7798995972, 66.3493652344, 123.855133057, 19.2502689362, 3.10352516174, 37.2710647583, 15.0429153442, 4.70856142044], [-220.865127563, -27.6609725952, 39.7943649292, -18.4224128723, 2.75691819191, 23.8067092896, 17.0991420746, 19.2502689362, 110.962554932, 18.1034240723, -7.80969715118, 3.07144880295, 7.28099441528], [162.198684692, -15.1459722519, -23.9224586487, -6.08001661301, 19.4549388885, 2.87323689461, 9.05109882355, 3.10352516174, 18.1034240723, 104.068580627, 20.747674942, -4.6116809845, -14.0626964569], [95.7334060669, 16.4776668549, -39.7050895691, 12.447760582, -30.8952884674, -37.7444877625, 13.8709802628, 37.2710647583, -7.80969715118, 20.747674942, 129.13911438, 13.3904628754, -15.6933221817], [-44.2086639404, 27.7931518555, 15.8074235916, -9.79387760162, -0.424682557583, 0.370319664478, 18.1180801392, 15.0429153442, 3.07144880295, -4.6116809845, 13.3904628754, 60.5236854553, 20.624797821], [-162.499282837, 21.8792800903, 35.3821411133, -1.15245187283, 0.896697282791, 0.424779385328, 10.8069963455, 4.70856142044, 7.28099441528, -14.0626964569, -15.6933221817, 20.624797821, 69.1276092529]], "icov": [[0.000326562731061, -0.000308765884256, 0.000539574830327, -0.000759141112212, 0.000809989054687, -0.000539248751011, 0.000640641897917, -0.000633484800346, 0.000490258447826, -0.000763835210819, 0.000422280660132, -0.000247144023888, 0.000474931235658], [-0.000308765884256, 0.00127484591212, -0.000140693286085, 8.84398250491e-05, -0.00093024544185, 0.000980450655334, -0.00145955663174, 0.000964450242463, -0.000484166259412, 0.000927881919779, -0.000280567910522, -0.000195356318727, -0.000652954622637], [0.000539574830327, -0.000140693286085, 0.00485689705238, -0.00170498434454, 0.00169854972046, -0.00242600124329, 3.52657552867e-05, -0.00116548640653, -7.24138953956e-05, -0.000453785381978, 0.00139042339288, -0.000902066007257, -0.000634599884506], [-0.000759141112212, 8.84398250491e-05, -0.00170498434454, 0.00831544492394, -0.00391133222729, 0.00147052819375, -0.000185401615454, 0.000131963650347, -0.000214835308725, 0.00236195395701, -0.00210175896063, 0.00231660390273, -0.00140470999759], [0.000809989054687, -0.00093024544185, 0.00169854972046, -0.00391133222729, 0.0073792594485, -0.00268478714861, 0.00248463544995, 0.000226377494982, 0.000738061091397, -0.00322210858576, 0.00194805162027, -0.00185952393804, 0.00104465160985], [-0.000539248751011, 0.000980450655334, -0.00242600124329, 0.00147052819375, -0.00268478714861, 0.00787497963756, -0.00151966849808, 0.00289719644934, -0.00179310096428, 0.00114858162124, 0.000134083398734, -0.000237228159676, 0.000238706183154], [0.000640641897917, -0.00145955663174, 3.52657552867e-05, -0.000185401615454, 0.00248463544995, -0.00151966849808, 0.00997548922896, -0.00529740797356, 0.001018488314, -0.0026971232146, 0.00105790304951, -0.00126963295043, 0.000688228814397], [-0.000633484800346, 0.000964450242463, -0.00116548640653, 0.000131963650347, 0.000226377494982, 0.00289719644934, -0.00529740797356, 0.0141901243478, -0.00326634454541, 0.00178692373447, -0.0031314867083, -0.00120171019807, -0.000999595969915], [0.000490258447826, -0.000484166259412, -7.24138953956e-05, -0.000214835308725, 0.000738061091397, -0.00179310096428, 0.001018488314, -0.00326634454541, 0.0112573588267, -0.00318900309503, 0.00135863246396, 1.60659055837e-05, -0.000126915780129], [-0.000763835210819, 0.000927881919779, -0.000453785381978, 0.00236195395701, -0.00322210858576, 0.00114858162124, -0.0026971232146, 0.00178692373447, -0.00318900309503, 0.0129848979414, -0.00297509599477, 0.00153692520689, 0.00036053720396], [0.000422280660132, -0.000280567910522, 0.00139042339288, -0.00210175896063, 0.00194805162027, 0.000134083398734, 0.00105790304951, -0.0031314867083, 0.00135863246396, -0.00297509599477, 0.0106892883778, -0.0035015088506, 0.0030796257779], [-0.000247144023888, -0.000195356318727, -0.000902066007257, 0.00231660390273, -0.00185952393804, -0.000237228159676, -0.00126963295043, -0.00120171019807, 1.60659055837e-05, 0.00153692520689, -0.0035015088506, 0.0207800772041, -0.00639673648402], [0.000474931235658, -0.000652954622637, -0.000634599884506, -0.00140470999759, 0.00104465160985, 0.000238706183154, 0.000688228814397, -0.000999595969915, -0.000126915780129, 0.00036053720396, 0.0030796257779, -0.00639673648402, 0.018730327487]], "mean": [-683.758605957, 162.559036255, -22.4442806244, 36.6581535339, -8.41079139709, -10.31046772, -2.17684268951, 4.52101421356, -13.7484922409, 2.118227005, 0.565811395645, -0.190226063132, -3.37453794479]}, "pitch_salience": {"dmean": 0.0723952353001, "dmean2": 0.119610637426, "dvar": 0.00384064950049, "dvar2": 0.00979183427989, "max": 0.994512319565, "mean": 0.615880846977, "median": 0.623239517212, "min": 0.0505783110857, "var": 0.0106842108071}, "silence_rate_20dB": {"dmean": 0, "dmean2": 0, "dvar": 0, "dvar2": 0, "max": 1, "mean": 1, "median": 1, "min": 1, "var": 0}, "silence_rate_30dB": {"dmean": 0.00203838967718, "dmean2": 0.0040774717927, "dvar": 0.00203411979601, "dvar2": 0.0050803986378, "max": 1, "mean": 0.997452437878, "median": 1, "min": 0, "var": 0.00254113669507}, "silence_rate_60dB": {"dmean": 0.00611516879871, "dmean2": 0.0122324163094, "dvar": 0.00607805280015, "dvar2": 0.0154803851619, "max": 1, "mean": 0.0458559766412, "median": 0, "min": 0, "var": 0.0437522605062}, "spectral_centroid": {"dmean": 236.040512085, "dmean2": 368.246948242, "dvar": 85138.859375, "dvar2": 186307.171875, "max": 12030.4296875, "mean": 1340.9777832, "median": 1091.50585938, "min": 142.471298218, "var": 1974827.5}, "spectral_complexity": {"dmean": 3.22269415855, "dmean2": 5.06761789322, "dvar": 12.5915699005, "dvar2": 27.9586677551, "max": 49, "mean": 17.1199054718, "median": 16, "min": 0, "var": 54.6124839783}, "spectral_contrast_coeffs": {"dmean": [0.0535265468061, 0.0466180443764, 0.0363977178931, 0.0294784270227, 0.0259593520314, 0.0258703883737], "dmean2": [0.0903130471706, 0.0758542269468, 0.0589790605009, 0.0464383699, 0.0397273115814, 0.0393213629723], "dvar": [0.00183664273936, 0.00139028823469, 0.000921585597098, 0.000575628480874, 0.000539350614417, 0.000634064897895], "dvar2": [0.00528074940667, 0.00359255168587, 0.00227246177383, 0.00136027461849, 0.00116005237214, 0.00129841722082], "max": [-0.339295983315, -0.436878204346, -0.496277838945, -0.594623804092, -0.566438853741, -0.609719514847], "mean": [-0.604694724083, -0.705299854279, -0.760148227215, -0.784266531467, -0.760887742043, -0.747947633266], "median": [-0.601367115974, -0.704195857048, -0.761760115623, -0.788849651814, -0.765504777431, -0.746361672878], "min": [-0.977670192719, -0.985800206661, -0.994744241238, -0.987974882126, -0.967572450638, -0.964342176914], "var": [0.00727959815413, 0.00580337597057, 0.00451593659818, 0.00329271447845, 0.00384903466329, 0.0024667524267]}, "spectral_contrast_valleys": {"dmean": [0.454828292131, 0.359153866768, 0.333052486181, 0.328871786594, 0.329624474049, 0.344775855541], "dmean2": [0.760765850544, 0.570901274681, 0.515081226826, 0.496985077858, 0.468057304621, 0.468915134668], "dvar": [0.171273782849, 0.121309451759, 0.121134191751, 0.120671436191, 0.134381055832, 0.143596231937], "dvar2": [0.420189648867, 0.259594291449, 0.250787705183, 0.243367403746, 0.253223359585, 0.256981223822], "max": [-5.72648191452, -4.62184762955, -5.47446727753, -6.1004743576, -5.97719955444, -9.35679912567], "mean": [-7.88591194153, -6.87893152237, -7.70762825012, -8.29173851013, -8.1155796051, -11.6737976074], "median": [-7.43968963623, -6.39646339417, -7.28893947601, -7.84949398041, -7.68390750885, -11.4112052917], "min": [-28.0140724182, -28.375202179, -27.9287204742, -27.6641807556, -27.5040168762, -27.4138374329], "var": [7.80299329758, 8.51703643799, 7.80147314072, 7.42963838577, 7.55227375031, 5.03309774399]}, "spectral_decrease": {"dmean": 1.56730506351e-09, "dmean2": 2.33392927207e-09, "dvar": 4.16621385554e-18, "dvar2": 9.00604141573e-18, "max": 2.95910218969e-16, "mean": -5.41451772307e-09, "median": -4.55878845784e-09, "min": -4.88656262121e-08, "var": 1.61970649334e-17}, "spectral_energy": {"dmean": 0.00617906777188, "dmean2": 0.00913675129414, "dvar": 6.33709132671e-05, "dvar2": 0.000136074202601, "max": 0.186915829778, "mean": 0.0217305440456, "median": 0.0183043852448, "min": 1.0048344512e-20, "var": 0.000257536623394}, "spectral_energyband_high": {"dmean": 9.50994872255e-05, "dmean2": 0.000149337633047, "dvar": 2.98972686608e-08, "dvar2": 6.91311683454e-08, "max": 0.00223140022717, "mean": 0.000127341831103, "median": 5.77616447117e-05, "min": 7.02980816827e-21, "var": 3.63507872692e-08}, "spectral_energyband_low": {"dmean": 0.00321176135913, "dmean2": 0.00525352498516, "dvar": 4.12134977523e-05, "dvar2": 9.54699862632e-05, "max": 0.173709511757, "mean": 0.00535297533497, "median": 0.00287113944069, "min": 1.96868837482e-23, "var": 7.70896149334e-05}, "spectral_energyband_middle_high": {"dmean": 0.00134428613819, "dmean2": 0.00192061625421, "dvar": 6.55113217363e-06, "dvar2": 1.44487439684e-05, "max": 0.0665910393, "mean": 0.00406968034804, "median": 0.00250889593735, "min": 1.14506434481e-21, "var": 2.14769333979e-05}, "spectral_energyband_middle_low": {"dmean": 0.00407767994329, "dmean2": 0.00639180326834, "dvar": 2.10560283449e-05, "dvar2": 5.07145341544e-05, "max": 0.0775569826365, "mean": 0.0132177611813, "median": 0.0113142617047, "min": 1.42313183118e-22, "var": 8.56518308865e-05}, "spectral_entropy": {"dmean": 0.184081196785, "dmean2": 0.265159130096, "dvar": 0.0329173021019, "dvar2": 0.0664665997028, "max": 9.82578849792, "mean": 7.27434635162, "median": 7.21714496613, "min": 5.75260210037, "var": 0.216497853398}, "spectral_flux": {"dmean": 0.019183402881, "dmean2": 0.0301009770483, "dvar": 0.000394689297536, "dvar2": 0.000923940271605, "max": 0.328722000122, "mean": 0.0717284083366, "median": 0.0687700212002, "min": 6.25030582846e-11, "var": 0.0011271800613}, "spectral_kurtosis": {"dmean": 2.72625112534, "dmean2": 4.60470199585, "dvar": 8.25785732269, "dvar2": 21.8403911591, "max": 46.3610343933, "mean": 6.37822151184, "median": 5.47145843506, "min": -1.25605237484, "var": 15.8866844177}, "spectral_rms": {"dmean": 0.000629384827334, "dmean2": 0.000915639800951, "dvar": 4.04643259344e-07, "dvar2": 8.00859879746e-07, "max": 0.0135039584711, "mean": 0.00428363867104, "median": 0.00422586500645, "min": 3.13101627958e-12, "var": 2.85098690256e-06}, "spectral_rolloff": {"dmean": 352.030395508, "dmean2": 598.816711426, "dvar": 438310, "dvar2": 1053097.5, "max": 21533.203125, "mean": 1459.33496094, "median": 882.861328125, "min": 21.533203125, "var": 7080903}, "spectral_skewness": {"dmean": 0.301815390587, "dmean2": 0.492442578077, "dvar": 0.0871950313449, "dvar2": 0.215576767921, "max": 5.13226318359, "mean": 1.5215908289, "median": 1.44171309471, "min": -0.0765423700213, "var": 0.285735845566}, "spectral_spread": {"dmean": 401196.84375, "dmean2": 606276.375, "dvar": 494962802688, "dvar2": 1059746349060.0,