{"lowlevel": {"average_loudness": 0.95341283083, "barkbands": {"dmean": [9.35595307965e-05, 0.00437143072486, 0.00287517812103, 0.00156044552568, 0.00138102704659, 0.000776600849349, 0.000846691080369, 0.00107871124055, 0.0010355085833, 0.000715398229659, 0.000672833004501, 0.000664774561301, 0.000589329807553, 0.000569184601773, 0.000618085439783, 0.000670749228448, 0.000510384968948, 0.000424590572948, 0.000275734259048, 0.000190581820789, 0.00014439743245, 0.000171450825292, 0.000167328704265, 0.000134968082421, 0.000124989121105, 0.000103229438537, 1.90899296371e-08], "dmean2": [0.000156193142175, 0.00720686744899, 0.00470771407709, 0.00275184120983, 0.00231457641348, 0.00128441385459, 0.00141438946594, 0.00173370959237, 0.00168683938682, 0.00115105044097, 0.00108177459333, 0.00105891213752, 0.0009443439194, 0.000924367224798, 0.00101504730992, 0.00110046169721, 0.00084193109069, 0.000699073192663, 0.000460800627479, 0.000320975523209, 0.000236374980886, 0.000276111764833, 0.000262508867308, 0.000203868446988, 0.000178973205038, 0.000164229233633, 3.17541299921e-08], "dvar": [2.56115981756e-08, 4.71007624583e-05, 2.41027701122e-05, 7.42579914004e-06, 4.21302365794e-06, 1.78424681962e-06, 3.35126128448e-06, 4.75620754514e-06, 3.83103451895e-06, 1.71064050392e-06, 1.51972767526e-06, 1.75948662218e-06, 1.4681728544e-06, 1.06820743895e-06, 9.90061153061e-07, 1.11919689516e-06, 5.24373263033e-07, 4.55092333596e-07, 1.41210080074e-07, 8.34700557562e-08, 5.07274222628e-08, 1.74878806547e-07, 1.34739963187e-07, 1.12590456069e-07, 9.70420614976e-08, 1.09218127875e-07, 7.56495797808e-15], "dvar2": [6.74598865658e-08, 0.000119321382954, 5.93133954681e-05, 2.10043745028e-05, 1.1341755453e-05, 4.48147602583e-06, 8.0355848695e-06, 1.11155550258e-05, 9.60431771091e-06, 4.18232411903e-06, 3.59429486707e-06, 4.01684064855e-06, 3.44912814398e-06, 2.63068091044e-06, 2.48555625149e-06, 2.90980506179e-06, 1.3102766161e-06, 1.18838249819e-06, 3.57839724074e-07, 2.19578538463e-07, 1.26836113168e-07, 3.96183963858e-07, 2.91755327453e-07, 2.34157951695e-07, 1.99030367298e-07, 2.72359642395e-07, 1.85618139376e-14], "max": [0.00285447388887, 0.0828519612551, 0.0548293367028, 0.0532454364002, 0.0384897589684, 0.0253532901406, 0.0434524081647, 0.0509685464203, 0.0376725457609, 0.0289898179471, 0.0320822745562, 0.0342134423554, 0.0243918932974, 0.0267142187804, 0.0186124555767, 0.0190744809806, 0.014249808155, 0.0239144675434, 0.0148865561932, 0.00710719637573, 0.00427294336259, 0.0136719783768, 0.0122919371352, 0.00994776282459, 0.00941904261708, 0.00677249254659, 3.93911523133e-06], "mean": [0.000171732433955, 0.00708858296275, 0.00388192408718, 0.00188249233179, 0.00247812201269, 0.00127518421505, 0.00114441453479, 0.00177291256841, 0.00173531321343, 0.00126309180632, 0.00121161423158, 0.00122690352146, 0.00105168297887, 0.00101091701072, 0.00118861452211, 0.00140007107984, 0.00113319361117, 0.000916689052247, 0.000629822607152, 0.000432472996181, 0.000327383429976, 0.000360736943549, 0.000362367456546, 0.00028389444924, 0.000259426626144, 0.000159758346854, 1.93662810233e-08], "median": [6.4717096393e-05, 0.00484216213226, 0.00222652079538, 0.00107832904905, 0.00170295592397, 0.000760495429859, 0.000497556175105, 0.000594411976635, 0.000789298559539, 0.000548204872757, 0.000500465743244, 0.000537510670256, 0.000457464484498, 0.000582466949709, 0.000669676344842, 0.000800927518867, 0.00080839835573, 0.000680298660882, 0.000532423728146, 0.000327279674821, 0.000250559183769, 0.000232380931266, 0.000213999010157, 0.000134061236167, 0.000120777389384, 5.39694192412e-05, 4.18529300106e-09], "min": [1.53324524096e-24, 1.38510848311e-23, 2.30602699157e-24, 1.13461183605e-24, 1.78269595707e-23, 1.03016974848e-23, 1.55254089703e-23, 3.39494368498e-23, 2.43110822449e-23, 3.85318446512e-23, 1.08121236227e-23, 5.52668377133e-23, 5.3127636265e-23, 4.8605144027e-23, 7.72613589126e-23, 7.8539370377e-23, 1.17450445709e-22, 9.65778109346e-23, 2.002232476e-22, 2.58305725522e-22, 3.40506571702e-22, 4.16549986175e-22, 5.32751166511e-22, 6.34294250999e-22, 1.03367375187e-21, 1.44482361281e-21, 2.10205294071e-21], "var": [6.03651599818e-08, 6.58284916426e-05, 2.85138285108e-05, 6.78016476741e-06, 7.73090323491e-06, 3.1149336337e-06, 5.3431976994e-06, 1.25811802718e-05, 7.8604753071e-06, 4.13836551161e-06, 4.11186465499e-06, 4.67662175652e-06, 3.23169797412e-06, 2.18772288463e-06, 2.36398250308e-06, 3.04022819364e-06, 1.32705417855e-06, 9.15421253467e-07, 2.84157437136e-07, 1.73648388113e-07, 1.03245547223e-07, 3.1852763982e-07, 2.83228843045e-07, 2.8552901199e-07, 2.3047994091e-07, 1.36026926612e-07, 7.1879910471e-15]}, "barkbands_crest": {"dmean": 2.40961194038, "dmean2": 3.99652433395, "dvar": 4.41964769363, "dvar2": 11.9548110962, "max": 23.8089809418, "mean": 7.72461557388, "median": 7.04462051392, "min": 1.83515357971, "var": 10.0535459518}, "barkbands_flatness_db": {"dmean": 0.0166521854699, "dmean2": 0.026675613597, "dvar": 0.000250886427239, "dvar2": 0.000615482218564, "max": 0.301617264748, "mean": 0.104398474097, "median": 0.0972463786602, "min": 0.0373944118619, "var": 0.00131325307302}, "barkbands_kurtosis": {"dmean": 1.15377032757, "dmean2": 1.87543642521, "dvar": 4.87832689285, "dvar2": 12.2026672363, "max": 68.2172012329, "mean": 0.605654001236, "median": -0.320244193077, "min": -1.91801893711, "var": 9.45571136475}, "barkbands_skewness": {"dmean": 0.414537727833, "dmean2": 0.646352946758, "dvar": 0.171435594559, "dvar2": 0.398711383343, "max": 7.08369445801, "mean": 0.807807981968, "median": 0.69603317976, "min": -4.75563955307, "var": 0.678031861782}, "barkbands_spread": {"dmean": 5.95084238052, "dmean2": 9.41038322449, "dvar": 40.9319839478, "dvar2": 91.2313537598, "max": 125.903892517, "mean": 32.7072677612, "median": 32.2952537537, "min": 2.69464707375, "var": 187.836181641}, "dissonance": {"dmean": 0.0123251369223, "dmean2": 0.0210583694279, "dvar": 0.000150425170432, "dvar2": 0.000396308983909, "max": 0.500000059605, "mean": 0.480011075735, "median": 0.484121412039, "min": 0.12156663835, "var": 0.000260671280557}, "dynamic_complexity": 2.67957901955, "erbbands": {"dmean": [0.0876979231834, 1.15850150585, 3.35095930099, 4.31266880035, 5.24196863174, 4.30591917038, 6.40245676041, 6.22896051407, 10.6614160538, 17.9748001099, 20.9339828491, 23.3874111176, 24.0821647644, 17.3330059052, 29.1167469025, 27.5590019226, 24.8215808868, 27.8410835266, 27.0584983826, 32.8512687683, 31.7877082825, 26.3169269562, 24.14544487, 15.0099430084, 12.1644687653, 9.27452945709, 7.08827495575, 5.01650857925, 5.76007175446, 6.81847524643, 4.20312929153, 3.2107129097, 2.1086139679, 1.3884960413, 0.963068842888, 0.467043578625, 0.185449108481, 0.028320049867, 0.000493782921694, 2.4971748644e-05], "dmean2": [0.150219544768, 1.90294420719, 5.48574447632, 7.53235864639, 8.91432571411, 7.23415613174, 10.5162830353, 10.3979606628, 17.7360591888, 29.4850082397, 33.230846405, 37.8753700256, 39.2258872986, 27.5375995636, 46.7898635864, 43.7313423157, 39.457649231, 44.8931236267, 44.2684402466, 53.3296966553, 51.8124694824, 43.1542320251, 39.4907875061, 24.849237442, 20.4410934448, 15.6628494263, 11.7578268051, 8.23731613159, 9.27658462524, 11.0410013199, 6.49969863892, 4.92604589462, 3.19189739227, 2.02606773376, 1.40636277199, 0.726824581623, 0.300524353981, 0.0466666296124, 0.000805869640317, 3.91696667066e-05], "dvar": [0.0167730636895, 3.53358459473, 35.1063995361, 62.7395553589, 70.9985809326, 52.6979942322, 114.196723938, 142.593658447, 552.658691406, 1612.47155762, 1894.83056641, 2213.29980469, 2137.19970703, 1019.6116333, 3087.54418945, 3674.36962891, 2665.29663086, 2715.54077148, 1982.8416748, 2923.32739258, 2351.28613281, 1501.80761719, 1651.09191895, 452.170959473, 268.513702393, 211.117111206, 114.801025391, 77.0892562866, 216.583251953, 207.136230469, 100.738258362, 74.5995025635, 23.5120544434, 10.1513271332, 7.07890844345, 1.86289191246, 0.404052168131, 0.0123856468126, 3.55497672899e-06, 4.07965039528e-09], "dvar2": [0.047531414777, 8.82789897919, 86.0391387939, 175.50958252, 190.970565796, 138.903198242, 283.969818115, 366.967163086, 1328.24731445, 3993.0222168, 4328.97021484, 5467.19775391, 5456.29052734, 2384.31591797, 7265.15234375, 8170.90087891, 6223.93115234, 6675.7421875, 5003.20654297, 7457.03613281, 5900.88671875, 3712.28759766, 4348.45996094, 1121.52380371, 698.384094238, 558.01361084, 291.266021729, 185.74772644, 499.014312744, 455.341156006, 220.664337158, 160.479263306, 49.0658073425, 20.3677520752, 15.3846988678, 4.50878334045, 1.03387761116, 0.0302477721125, 8.65990114107e-06, 9.8277510574e-09], "max": [1.56602787971, 22.9147624969, 70.0724411011, 114.314125061, 146.223983765, 156.133270264, 202.956085205, 312.634674072, 678.869384766, 807.981201172, 1399.7668457, 888.110534668, 1150.69567871, 821.686889648, 1489.94055176, 1767.31054688, 1299.48034668, 1188.95373535, 1226.06018066, 1106.22631836, 932.534484863, 853.920288086, 1643.84191895, 782.683959961, 507.04675293, 378.265411377, 222.836364746, 176.52947998, 498.346313477, 404.281524658, 306.812927246, 275.425415039, 141.586883545, 116.886573792, 93.4906539917, 33.9162788391, 17.9900398254, 5.14846754074, 0.0858654603362, 0.00214770482853], "mean": [0.167683556676, 1.70226657391, 4.55880355835, 5.6094417572, 7.69704055786, 7.37286806107, 10.3233146667, 9.93430709839, 14.8696403503, 27.6736717224, 37.1913337708, 40.4596862793, 43.4493408203, 34.1356506348, 56.4268302917, 55.3932762146, 49.3247032166, 53.5583381653, 54.8080978394, 70.2940673828, 74.3960952759, 63.4454841614, 55.6366539001, 35.7692985535, 27.5209007263, 21.1107463837, 16.3705711365, 11.4163274765, 11.9996166229, 14.3390369415, 9.09072113037, 6.29440164566, 4.49862098694, 3.03433418274, 1.77677893639, 0.762953519821, 0.270434379578, 0.0364091433585, 0.000682581856381, 7.1787428169e-05], "median": [0.127044260502, 1.05659246445, 2.56713938713, 3.62871265411, 4.57019042969, 4.67935371399, 5.83794593811, 5.79928684235, 7.14468288422, 10.1457672119, 15.2395706177, 18.9685173035, 20.8647384644, 17.752166748, 25.8313446045, 24.9210395813, 23.8277740479, 31.1992721558, 36.4492683411, 38.8190536499, 48.8809394836, 46.1956748962, 41.8348464966, 29.5693778992, 23.3959693909, 16.0572814941, 12.5795230865, 8.23390769958, 7.51932477951, 8.92046737671, 5.27721595764, 2.91657066345, 2.18134307861, 1.48365306854, 0.745288133621, 0.287651032209, 0.0851701945066, 0.00954456813633, 0.000211481179576, 5.82330976613e-05], "min": [2.92629404296e-22, 2.06238139084e-21, 6.88020479967e-21, 4.24480009794e-21, 2.00052241741e-20, 7.89366244721e-20, 8.45708812039e-20, 1.22913171213e-19, 3.14697839667e-19, 2.87063519009e-19, 8.10590316296e-19, 7.71460640817e-19, 8.54249219219e-19, 1.19208410195e-18, 1.81956428948e-18, 2.56450164245e-18, 2.74185474925e-18, 2.3778280713e-18, 4.38085192166e-18, 4.05332438144e-18, 5.29296247642e-18, 5.89569921029e-18, 5.1745788687e-18, 1.11150583286e-17, 9.72244600065e-18, 9.73821868057e-18, 1.17915671654e-17, 1.56249322279e-17, 1.407936676e-17, 1.43662363052e-17, 1.6748203795e-17, 1.14984681231e-17, 1.12704524785e-17, 1.00935614097e-17, 7.3515279894e-18, 4.94888429292e-18, 2.51382979889e-18, 1.24918468983e-18, 3.14608555859e-19, 2.83859887271e-20], "var": [0.0285298209637, 4.54986810684, 41.0593414307, 54.4151763916, 98.6677703857, 94.1954345703, 215.761779785, 219.588272095, 847.518676758, 3205.08935547, 5717.38623047, 4587.52246094, 4750.98535156, 2760.23876953, 8545.68066406, 10312.0849609, 6331.52929688, 5908.77734375, 4674.30957031, 7790.32714844, 6874.24658203, 3964.38354492, 3253.45556641, 1054.64929199, 503.907836914, 417.208557129, 251.226852417, 148.950698853, 374.278289795, 424.000640869, 208.930084229, 171.928573608, 61.6184082031, 26.6239833832, 14.1157093048, 2.67155861855, 0.453952223063, 0.0144617035985, 4.23460687671e-06, 6.05617067606e-09]}, "erbbands_crest": {"dmean": 2.38038063049, "dmean2": 3.89892292023, "dvar": 5.13733673096, "dvar2": 12.6277313232, "max": 29.9894104004, "mean": 7.98484611511, "median": 7.15504455566, "min": 2.14960575104, "var": 14.2190294266}, "erbbands_flatness_db": {"dmean": 0.0142965074629, "dmean2": 0.0214246064425, "dvar": 0.000177798967343, "dvar2": 0.000376260431949, "max": 0.274873167276, "mean": 0.136594191194, "median": 0.13142901659, "min": 0.038336429745, "var": 0.00151121523231}, "erbbands_kurtosis": {"dmean": 0.662284374237, "dmean2": 1.07770872116, "dvar": 0.625155210495, "dvar2": 1.53366935253, "max": 15.3736667633, "mean": 0.30552276969, "median": -0.0277947876602, "min": -1.68800187111, "var": 1.71243739128}, "erbbands_skewness": {"dmean": 0.286686092615, "dmean2": 0.453025370836, "dvar": 0.0625295415521, "dvar2": 0.148725673556, "max": 3.44130015373, "mean": -0.0154821760952, "median": -0.0380542948842, "min": -3.08747458458, "var": 0.323941409588}, "erbbands_spread": {"dmean": 6.40714120865, "dmean2": 9.86617088318, "dvar": 40.5565185547, "dvar2": 89.1968460083, "max": 131.810638428, "mean": 35.2739639282, "median": 32.4697418213, "min": 6.25653219223, "var": 216.159332275}, "gfcc": {"cov": [[13597.4707031, -1497.0604248, 172.323165894, 648.434204102, -53.3034553528, 535.73840332, -23.3064975739, 250.278137207, -548.856323242, 33.8850708008, -427.932220459, 136.151672363, -399.694702148], [-1497.0604248, 1074.2598877, -82.6376495361, -83.9816055298, 108.500022888, -48.7031326294, 118.627182007, -89.5930633545, 89.1730422974, -20.4779624939, 161.285308838, -2.58829665184, 117.773681641], [172.323165894, -82.6376495361, 658.911376953, 144.969604492, 112.69871521, 105.938545227, 29.6701850891, 14.8128929138, -90.6516189575, 52.936164856, 19.467382431, 65.7498397827, -21.4904556274], [648.434204102, -83.9816055298, 144.969604492, 267.783874512, 55.8959999084, 63.5400924683, 13.866312027, -8.6144990921, -43.7426795959, -8.08009147644, -11.2637424469, 4.46469974518, -9.13648796082], [-53.3034553528, 108.500022888, 112.69871521, 55.8959999084, 210.376968384, 84.2332839966, 75.6298828125, 7.18487071991, -28.7168941498, 3.71052312851, 11.2932891846, 32.9869308472, 1.56526184082], [535.73840332, -48.7031326294, 105.938545227, 63.5400924683, 84.2332839966, 180.776367188, 83.0426712036, 1.10794711113, -60.9250526428, -3.72355246544, 5.48438835144, 29.7231750488, -16.7029247284], [-23.3064975739, 118.627182007, 29.6701850891, 13.866312027, 75.6298828125, 83.0426712036, 157.060424805, 3.49504065514, -43.3701896667, -8.71179485321, 20.1930732727, 20.1931972504, -3.03699302673], [250.278137207, -89.5930633545, 14.8128929138, -8.6144990921, 7.18487071991, 1.10794711113, 3.49504065514, 114.549003601, 41.8868026733, 16.3453788757, -34.7749595642, -15.8377752304, -10.8893623352], [-548.856323242, 89.1730422974, -90.6516189575, -43.7426795959, -28.7168941498, -60.9250526428, -43.3701896667, 41.8868026733, 154.796768188, 23.0112800598, 7.85414981842, -31.340877533, 18.6578903198], [33.8850708008, -20.4779624939, 52.936164856, -8.08009147644, 3.71052312851, -3.72355246544, -8.71179485321, 16.3453788757, 23.0112800598, 71.2726669312, 23.378276825, 3.09211421013, -11.1561698914], [-427.932220459, 161.285308838, 19.467382431, -11.2637424469, 11.2932891846, 5.48438835144, 20.1930732727, -34.7749595642, 7.85414981842, 23.378276825, 98.895072937, 32.9906196594, 21.0929508209], [136.151672363, -2.58829665184, 65.7498397827, 4.46469974518, 32.9869308472, 29.7231750488, 20.1931972504, -15.8377752304, -31.340877533, 3.09211421013, 32.9906196594, 80.2892074585, 9.12480735779], [-399.694702148, 117.773681641, -21.4904556274, -9.13648796082, 1.56526184082, -16.7029247284, -3.03699302673, -10.8893623352, 18.6578903198, -11.1561698914, 21.0929508209, 9.12480735779, 81.3184967041]], "icov": [[0.000223645634833, -0.000288815266686, 0.000350120797521, -0.000587495858781, 0.000522563233972, -0.000747329322621, 0.000605809676927, -0.000774781219661, 0.000937260861974, -0.000862964487169, 0.00121110375039, -0.00107213505544, 0.000772105238866], [-0.000288815266686, 0.0027389684692, -0.000698286632542, 0.00135549309198, -0.00213668239303, 0.00224419566803, -0.00278503121808, 0.00249805324711, -0.00272862706333, 0.00279724597931, -0.00485779484734, 0.00345667963848, -0.00280409166589], [0.000350120797521, -0.000698286632542, 0.00289865978993, -0.00189843052067, 0.000345857784851, -0.00176009954885, 0.00174687721301, -0.00207986985333, 0.00285729393363, -0.00343418936245, 0.00213561533019, -0.00300907855853, 0.00136049895082], [-0.000587495858781, 0.00135549309198, -0.00189843052067, 0.00640482921153, -0.00245656468906, 0.00113210827112, -0.00143401720561, 0.00291193975136, -0.00251016556285, 0.00359917990863, -0.00372442766093, 0.00445756642148, -0.00248110760003], [0.000522563233972, -0.00213668239303, 0.000345857784851, -0.00245656468906, 0.00902643147856, -0.00410907994956, 0.000218210276216, -0.0028094786685, 0.00233300449327, -0.00337304593995, 0.00548004452139, -0.0053678075783, 0.00227545457892], [-0.000747329322621, 0.00224419566803, -0.00176009954885, 0.00113210827112, -0.00410907994956, 0.012518520467, -0.00646997336298, 0.00285903830081, -0.00239834981039, 0.00401346478611, -0.00575778027996, 0.00349593046121, -0.00226773926988], [0.000605809676927, -0.00278503121808, 0.00174687721301, -0.00143401720561, 0.000218210276216, -0.00646997336298, 0.0135596953332, -0.00544812576845, 0.00609741779044, -0.00211492786184, 0.00276912469417, -0.00375198270194, 0.00376906013116], [-0.000774781219661, 0.00249805324711, -0.00207986985333, 0.00291193975136, -0.0028094786685, 0.00285903830081, -0.00544812576845, 0.0166290327907, -0.00880887079984, 0.000844782858621, 0.000147104059579, 0.0045362203382, -0.0033941026777], [0.000937260861974, -0.00272862706333, 0.00285729393363, -0.00251016556285, 0.00233300449327, -0.00239834981039, 0.00609741779044, -0.00880887079984, 0.0159719772637, -0.00714042270556, 0.00401035510004, -0.00260195857845, 0.00214983918704], [-0.000862964487169, 0.00279724597931, -0.00343418936245, 0.00359917990863, -0.00337304593995, 0.00401346478611, -0.00211492786184, 0.000844782858621, -0.00714042270556, 0.0246813651174, -0.0138200819492, 0.00670697493479, -1.60986473929e-05], [0.00121110375039, -0.00485779484734, 0.00213561533019, -0.00372442766093, 0.00548004452139, -0.00575778027996, 0.00276912469417, 0.000147104059579, 0.00401035510004, -0.0138200819492, 0.0287239775062, -0.0146244121715, 0.00334350857884], [-0.00107213505544, 0.00345667963848, -0.00300907855853, 0.00445756642148, -0.0053678075783, 0.00349593046121, -0.00375198270194, 0.0045362203382, -0.00260195857845, 0.00670697493479, -0.0146244121715, 0.0248538590968, -0.00676008453593], [0.000772105238866, -0.00280409166589, 0.00136049895082, -0.00248110760003, 0.00227545457892, -0.00226773926988, 0.00376906013116, -0.0033941026777, 0.00214983918704, -1.60986473929e-05, 0.00334350857884, -0.00676008453593, 0.0188067927957]], "mean": [42.8487205505, 69.8150253296, -122.874778748, 34.8466682434, -50.858833313, 23.3267383575, -39.9007415771, 19.0601558685, -22.3136711121, 5.54595661163, -20.6894340515, 4.62059497833, -14.8476638794]}, "hfc": {"dmean": 9.11148357391, "dmean2": 13.8233289719, "dvar": 197.25112915, "dvar2": 422.696624756, "max": 322.549102783, "mean": 39.7290344238, "median": 38.6280059814, "min": 1.1187534405e-16, "var": 646.089477539}, "melbands": {"dmean": [0.000977371237241, 0.00165695347823, 0.00074398482684, 0.000321636471199, 0.000211994876736, 0.00014318616013, 0.000163930337294, 0.000209491918213, 0.000173560838448, 0.000148751205415, 0.000121531338664, 7.23339471733e-05, 9.35576099437e-05, 7.80390546424e-05, 6.97625728208e-05, 5.47205672774e-05, 5.64147594559e-05, 4.55186782347e-05, 4.80993840029e-05, 5.16784057254e-05, 3.83681617677e-05, 3.07779409923e-05, 2.74062549579e-05, 2.01073689823e-05, 1.30680655275e-05, 1.0620008652e-05, 7.1906906669e-06, 6.82427980792e-06, 5.28698683411e-06, 3.57668272954e-06, 3.10289306071e-06, 3.30658190251e-06, 3.95156666855e-06, 4.12581130149e-06, 2.71144449471e-06, 2.14547958421e-06, 2.02731416721e-06, 1.59586636528e-06, 1.37766301123e-06, 1.20436629913e-06], "dmean2": [0.00164178898558, 0.0026861235965, 0.00127848645207, 0.000540576991625, 0.000347993802279, 0.000238806649577, 0.000271899771178, 0.000342104205629, 0.000275828206213, 0.000242499401793, 0.000197924789973, 0.000114727015898, 0.000150687148562, 0.000124206984765, 0.000110880027933, 8.78438804648e-05, 9.13701223908e-05, 7.48305319576e-05, 7.90926715126e-05, 8.4779880126e-05, 6.26541004749e-05, 5.11626094521e-05, 4.47429483756e-05, 3.3402320696e-05, 2.17660926864e-05, 1.78565132956e-05, 1.20266604426e-05, 1.15641314551e-05, 8.79880644788e-06, 5.94252969677e-06, 5.15845340487e-06, 5.36880543223e-06, 6.43277144263e-06, 6.70680901749e-06, 4.27204759035e-06, 3.34367473442e-06, 3.15704483e-06, 2.46129002335e-06, 2.08037522498e-06, 1.78649759164e-06], "dvar": [2.14654778574e-06, 8.15956900624e-06, 1.50152095557e-06, 2.60924338136e-07, 1.10925512331e-07, 7.03768421317e-08, 1.23891126691e-07, 2.04228015832e-07, 1.27871359723e-07, 8.33864035599e-08, 5.39253832699e-08, 1.88050606198e-08, 3.10833208061e-08, 2.16042952417e-08, 2.06517754009e-08, 1.23425554222e-08, 1.09707807283e-08, 6.5190195464e-09, 6.81124046054e-09, 7.64337038106e-09, 3.40370465146e-09, 2.13737316734e-09, 1.71424918705e-09, 1.18494070112e-09, 3.60028007407e-10, 2.05804345788e-10, 1.02377772926e-10, 1.19191767567e-10, 6.22520715532e-11, 3.34086265597e-11, 3.22244453344e-11, 6.13769729485e-11, 1.01660214968e-10, 6.72915473343e-11, 4.59792932894e-11, 2.76126344012e-11, 3.35007716012e-11, 1.35941960813e-11, 9.81485986234e-12, 7.99822447856e-12], "dvar2": [5.71700775254e-06, 1.96586697712e-05, 4.11876089856e-06, 7.02893544258e-07, 2.76375260455e-07, 1.81288072554e-07, 2.95293034469e-07, 5.02847001371e-07, 2.9668584034e-07, 2.07935968888e-07, 1.37224290597e-07, 4.33473132944e-08, 7.38173042691e-08, 5.02972561378e-08, 4.75041765924e-08, 2.98537621291e-08, 2.68392241765e-08, 1.64756936982e-08, 1.74768324257e-08, 2.02880023892e-08, 8.47226022671e-09, 5.3144515455e-09, 4.35433955559e-09, 3.11670822484e-09, 8.95016560865e-10, 5.36660937911e-10, 2.66228178392e-10, 3.22670473674e-10, 1.59453256154e-10, 8.53270648582e-11, 7.92835380681e-11, 1.43380612938e-10, 2.35660158054e-10, 1.51045648211e-10, 1.06512507148e-10, 5.92631707597e-11, 7.45493319854e-11, 2.91327795221e-11, 2.12315876685e-11, 1.68554979002e-11], "max": [0.0168223679066, 0.0363346450031, 0.0196452625096, 0.00955410022289, 0.00637953868136, 0.00606448156759, 0.0101908985525, 0.00894747208804, 0.0108580533415, 0.00475694518536, 0.00569021841511, 0.0033480625134, 0.0048698685132, 0.00360935321078, 0.00320785702206, 0.00239053275436, 0.00231633707881, 0.00215481757186, 0.00168429512996, 0.00179999321699, 0.00122498720884, 0.000980530749075, 0.0012412937358, 0.00110383657739, 0.00071718118852, 0.000453371845651, 0.000248556520091, 0.000248622905929, 0.000164035358466, 0.000106573315861, 0.00013584989938, 0.000253981794231, 0.000371354079107, 0.0002872121986, 0.000244509632466, 0.000135460999445, 0.000217384265852, 0.000115139315312, 0.00010996828496, 0.00010355636914], "mean": [0.00174198916648, 0.00243183877319, 0.0010687650647, 0.000539021100849, 0.000357558164978, 0.000230004603509, 0.000228693126701, 0.000326708424836, 0.000306387810269, 0.000250722368946, 0.000212774786633, 0.000130945569254, 0.000173340071342, 0.000150458261487, 0.000131099790451, 9.84273356153e-05, 9.98330506263e-05, 8.30724166008e-05, 9.13129042601e-05, 0.000101380639535, 8.24541930342e-05, 6.57495547784e-05, 5.9261739807e-05, 4.11911969422e-05, 2.76289392787e-05, 2.211051833e-05, 1.53001819854e-05, 1.38842233355e-05, 1.12995521704e-05, 7.42030806578e-06, 6.37157427263e-06, 6.52338940199e-06, 7.432286111e-06, 8.30972112453e-06, 5.47014724361e-06, 4.13669795307e-06, 3.6582894154e-06, 3.18955017065e-06, 2.81382290268e-06, 2.48510332312e-06], "median": [0.00128473015502, 0.00148845138028, 0.000727665435988, 0.000352279865183, 0.00021599655156, 0.000134245346999, 0.00010761305748, 0.000113780057291, 0.000121504897834, 0.000115712246043, 9.66639345279e-05, 5.95777819399e-05, 7.37466252758e-05, 7.01469689375e-05, 5.28312157257e-05, 4.46576013928e-05, 5.53906720597e-05, 5.21141737408e-05, 4.88413752464e-05, 5.29064818693e-05, 5.50464174012e-05, 4.61688832729e-05, 4.1143000999e-05, 2.95913268928e-05, 2.20389774768e-05, 1.81342620635e-05, 1.24164380395e-05, 9.79253854894e-06, 8.21233606985e-06, 5.50421646039e-06, 4.33145214629e-06, 4.02250134357e-06, 4.46681224275e-06, 4.97705968883e-06, 3.16553746416e-06, 1.97780127564e-06, 1.61350806138e-06, 1.5139964944e-06, 1.38662630889e-06, 1.1923468719e-06], "min": [3.90455974155e-24, 5.16407793979e-24, 8.59415244077e-25, 3.01000961883e-24, 3.48966742035e-24, 2.92195183699e-24, 4.07900646998e-24, 4.21818638278e-24, 6.51353653642e-24, 3.87421778455e-24, 4.70215452028e-24, 3.84021117422e-24, 4.42676988359e-24, 5.37939318513e-24, 5.52517862472e-24, 3.43583436888e-24, 4.10254134622e-24, 7.2955347462e-24, 5.25739584614e-24, 4.03816753534e-24, 5.14206872053e-24, 6.45652279779e-24, 4.7388006592e-24, 4.77331963469e-24, 8.3281118615e-24, 5.96114023741e-24, 7.26811788543e-24, 6.14370828886e-24, 6.90979280759e-24, 7.37508979076e-24, 8.27216347952e-24, 7.52554134261e-24, 7.74790308799e-24, 7.4702169496e-24, 9.46011069441e-24, 6.22720093264e-24, 6.76812916624e-24, 7.11119846303e-24, 9.0093468957e-24, 8.3044065913e-24], "var": [3.27116185872e-06, 1.02207022792e-05, 1.5511257061e-06, 4.33709971048e-07, 2.17867665242e-07, 1.11300039407e-07, 1.98531637352e-07, 4.34917893699e-07, 3.80026335733e-07, 1.70592329596e-07, 1.20707554174e-07, 4.92080260983e-08, 8.40175005123e-08, 5.83821950784e-08, 5.25138759144e-08, 2.6186567581e-08, 2.24749463484e-08, 1.37535955957e-08, 1.53476502618e-08, 1.87080821945e-08, 8.71005401137e-09, 4.82910378352e-09, 3.99602795298e-09, 2.15077466947e-09, 7.75621178395e-10, 3.71638275709e-10, 1.84766466016e-10, 2.22977594722e-10, 1.35718325467e-10, 5.78876321877e-11, 5.73587774499e-11, 1.06430662894e-10, 1.70263220189e-10, 1.35187791517e-10, 7.89632734199e-11, 6.63389690403e-11, 6.7330675757e-11, 3.41258826753e-11, 2.2609431688e-11, 1.92037444974e-11]}, "melbands_crest": {"dmean": 3.36915898323, "dmean2": 5.51171684265, "dvar": 8.63744449615, "dvar2": 22.6474170685, "max": 29.0691585541, "mean": 11.8645458221, "median": 11.1535015106, "min": 1.7027271986, "var": 19.0717048645}, "melbands_flatness_db": {"dmean": 0.0232419725507, "dmean2": 0.0367529913783, "dvar": 0.000493065628689, "dvar2": 0.00116916315164, "max": 0.402750402689, "mean": 0.146043494344, "median": 0.136718124151, "min": 0.00463920133188, "var": 0.00265368097462}, "melbands_kurtosis": {"dmean": 3.82794189453, "dmean2": 6.12132263184, "dvar": 53.2015380859, "dvar2": 131.377044678, "max": 187.270248413, "mean": 5.75991678238, "median": 2.83219265938, "min": -1.70532846451, "var": 90.8343276978}, "melbands_skewness": {"dmean": 0.611335873604, "dmean2": 0.951574623585, "dvar": 0.420051693916, "dvar2": 0.973552703857, "max": 11.6098794937, "mean": 1.89931619167, "median": 1.65072369576, "min": -2.08323001862, "var": 1.48675346375}, "melbands_spread": {"dmean": 8.72371768951, "dmean2": 13.8805322647, "dvar": 91.0610656738, "dvar2": 202.531051636, "max": 221.727645874, "mean": 37.1516609192, "median": 36.1446304321, "min": 2.22943139076, "var": 342.257293701}, "mfcc": {"cov": [[9442.33789063, -930.232788086, -16.1556110382, 364.293945313, 145.492752075, 288.581726074, 331.260192871, 274.2862854, 47.8349685669, -48.3784599304, -45.3050346375, -63.8453178406, -13.0652074814], [-930.232788086, 920.730895996, -74.7030487061, -12.57625103, 5.18432998657, 39.5939369202, 59.5735626221, 7.27486562729, -21.025894165, -15.8801803589, 38.9716529846, 25.6217708588, 20.4329299927], [-16.1556110382, -74.7030487061, 474.696655273, 87.7804260254, 89.1124267578, 60.9786338806, 85.4499130249, -13.639831543, -10.7570848465, -31.5777931213, 6.7535405159, 32.3500671387, 16.7568569183], [364.293945313, -12.57625103, 87.7804260254, 200.596557617, 58.9790000916, 44.0761222839, 44.3284683228, 11.0269823074, 7.16556167603, -14.8246164322, -13.4061059952, 11.7018613815, 17.8179512024], [145.492752075, 5.18432998657, 89.1124267578, 58.9790000916, 162.106781006, 39.7592124939, 24.124578476, 14.8658132553, 25.868062973, 3.86960244179, 10.2242012024, 8.18262004852, 4.07667541504], [288.581726074, 39.5939369202, 60.9786338806, 44.0761222839, 39.7592124939, 190.386535645, 135.791290283, 50.5880088806, -31.5143089294, -33.0163116455, 8.55720615387, -11.926404953, 11.1432132721], [331.260192871, 59.5735626221, 85.4499130249, 44.3284683228, 24.124578476, 135.791290283, 235.440109253, 63.5236816406, -14.1776514053, -41.8215103149, 2.30406975746, 4.52930688858, 5.88658332825], [274.2862854, 7.27486562729, -13.639831543, 11.0269823074, 14.8658132553, 50.5880088806, 63.5236816406, 105.818702698, 20.1317386627, -5.9399728775, 8.03068065643, -12.5021219254, 10.3982210159], [47.8349685669, -21.025894165, -10.7570848465, 7.16556167603, 25.868062973, -31.5143089294, -14.1776514053, 20.1317386627, 104.989151001, 45.3677368164, -3.39931821823, 5.54676532745, -9.99441814423], [-48.3784599304, -15.8801803589, -31.5777931213, -14.8246164322, 3.86960244179, -33.0163116455, -41.8215103149, -5.9399728775, 45.3677368164, 77.3150405884, 29.2267951965, 4.6937994957, -9.83238983154], [-45.3050346375, 38.9716529846, 6.7535405159, -13.4061059952, 10.2242012024, 8.55720615387, 2.30406975746, 8.03068065643, -3.39931821823, 29.2267951965, 75.0261001587, 21.0199012756, 4.24088191986], [-63.8453178406, 25.6217708588, 32.3500671387, 11.7018613815, 8.18262004852, -11.926404953, 4.52930688858, -12.5021219254, 5.54676532745, 4.6937994957, 21.0199012756, 63.3312454224, 24.7842578888], [-13.0652074814, 20.4329299927, 16.7568569183, 17.8179512024, 4.07667541504, 11.1432132721, 5.88658332825, 10.3982210159, -9.99441814423, -9.83238983154, 4.24088191986, 24.7842578888, 67.4272155762]], "icov": [[0.000146229664097, 0.000166558587807, 0.000109959437395, -0.000237152009504, -5.72844437556e-05, -6.45125473966e-05, -0.000132092522108, -0.000244784139795, 1.98864581762e-05, 1.45883268488e-05, -1.24155912999e-05, -8.07536889624e-06, 8.54331083247e-05], [0.000166558587807, 0.00138340634294, 0.000484663934913, -0.000200346970814, -0.000218387518544, -0.0001258035918, -0.000532205216587, 5.50028089492e-05, -6.63671526127e-05, 0.000548671057913, -0.000777276058216, -0.000260069849901, -0.0001678266417], [0.000109959437395, 0.000484663934913, 0.00295279570855, -0.000777978682891, -0.00127609446645, -0.000131604727358, -0.00107731600292, 0.00110007461626, -0.00015854195226, 0.00112010212615, -0.000698824762367, -0.000791747646872, -0.000155681642354], [-0.000237152009504, -0.000200346970814, -0.000777978682891, 0.00666979467496, -0.0015996581642, -0.00072007405106, -0.000126036102301, 0.000421010219725, -0.000370911962818, -6.15683748038e-05, 0.00181394617539, -0.000911227543838, -0.00123573280871], [-5.72844437556e-05, -0.000218387518544, -0.00127609446645, -0.0015996581642, 0.00833527278155, -0.00190714781638, 0.00114296225365, -0.000128133964608, -0.00280664535239, 0.0007017715252, -0.00144655653276, -1.16143346531e-05, 0.00030770120793], [-6.45125473966e-05, -0.0001258035918, -0.000131604727358, -0.00072007405106, -0.00190714781638, 0.01101284381, -0.00528101762757, -0.00152427481953, 0.00305850012228, -6.78615833749e-05, -0.0014600433642, 0.00337898079306, -0.00146671524271], [-0.000132092522108, -0.000532205216587, -0.00107731600292, -0.000126036102301, 0.00114296225365, -0.00528101762757, 0.00916052889079, -0.00314755528234, -0.000917050463613, 0.00258317613043, 0.000404767430155, -0.00286755734123, 0.00219535571523], [-0.000244784139795, 5.50028089492e-05, 0.00110007461626, 0.000421010219725, -0.000128133964608, -0.00152427481953, -0.00314755528234, 0.0156487450004, -0.00610528187826, 0.00365786091425, -0.00463053863496, 0.00569744035602, -0.00450208317488], [1.98864581762e-05, -6.63671526127e-05, -0.00015854195226, -0.000370911962818, -0.00280664535239, 0.00305850012228, -0.000917050463613, -0.00610528187826, 0.0183762554079, -0.012659734115, 0.00751187233254, -0.00427398085594, 0.00282347551547], [1.45883268488e-05, 0.000548671057913, 0.00112010212615, -6.15683748038e-05, 0.0007017715252, -6.78615833749e-05, 0.00258317613043, 0.00365786091425, -0.012659734115, 0.0273745805025, -0.0130076268688, 0.00280652521178, 0.000655495969113], [-1.24155912999e-05, -0.000777276058216, -0.000698824762367, 0.00181394617539, -0.00144655653276, -0.0014600433642, 0.000404767430155, -0.00463053863496, 0.00751187233254, -0.0130076268688, 0.0226905196905, -0.00868200603873, 0.0019157321658], [-8.07536889624e-06, -0.000260069849901, -0.000791747646872, -0.000911227543838, -1.16143346531e-05, 0.00337898079306, -0.00286755734123, 0.00569744035602, -0.00427398085594, 0.00280652521178, -0.00868200603873, 0.0252432990819, -0.00962808169425], [8.54331083247e-05, -0.0001678266417, -0.000155681642354, -0.00123573280871, 0.00030770120793, -0.00146671524271, 0.00219535571523, -0.00450208317488, 0.00282347551547, 0.000655495969113, 0.0019157321658, -0.00962808169425, 0.0199224743992]], "mean": [-594.830383301, 99.6803741455, -8.81047058105, 17.6079406738, 11.3671503067, 6.08011817932, -0.499620884657, 9.85913276672, 3.9083647728, 3.71221995354, 2.20138478279, -0.0283850561827, 1.91642951965]}, "pitch_salience": {"dmean": 0.0728101357818, "dmean2": 0.119933694601, "dvar": 0.0041483854875, "dvar2": 0.0107702985406, "max": 0.834841370583, "mean": 0.589087665081, "median": 0.598432660103, "min": 0.153338372707, "var": 0.00979281961918}, "silence_rate_20dB": {"dmean": 0, "dmean2": 0, "dvar": 0, "dvar2": 0, "max": 1, "mean": 1, "median": 1, "min": 1, "var": 0}, "silence_rate_30dB": {"dmean": 0.000511116813868, "dmean2": 0.0010223207064, "dvar": 0.000511005695444, "dvar2": 0.00153303623665, "max": 1, "mean": 0.999744474888, "median": 1, "min": 0, "var": 0.000255431805272}, "silence_rate_60dB": {"dmean": 0.00647414615378, "dmean2": 0.0129493949935, "dvar": 0.00642883684486, "dvar2": 0.013633787632, "max": 1, "mean": 0.076660990715, "median": 0, "min": 0, "var": 0.0707679837942}, "spectral_centroid": {"dmean": 221.109512329, "dmean2": 352.157531738, "dvar": 52784.4414063, "dvar2": 117717.023438, "max": 11300.2617188, "mean": 1798.93811035, "median": 1842.40576172, "min": 305.637573242, "var": 346222.875}, "spectral_complexity": {"dmean": 4.20683193207, "dmean2": 6.61850404739, "dvar": 15.7751741409, "dvar2": 35.4525756836, "max": 60, "mean": 32.4077529907, "median": 35, "min": 0, "var": 152.303771973}, "spectral_contrast_coeffs": {"dmean": [0.0511010214686, 0.050188139081, 0.0385179072618, 0.0299915056676, 0.0204360131174, 0.0159403979778], "dmean2": [0.084669470787, 0.0835789144039, 0.0637189373374, 0.0493612736464, 0.0338186472654, 0.0259130764753], "dvar": [0.00173559063114, 0.00157662166748, 0.000947390508372, 0.000568795483559, 0.000278280989733, 0.000194355903659], "dvar2": [0.00459047174081, 0.00429910840467, 0.00250135082752, 0.00149757624604, 0.000710729509592, 0.000490110891405], "max": [-0.358466506004, -0.37771204114, -0.505751550198, -0.592845737934, -0.589071989059, -0.592390060425], "mean": [-0.684685707092, -0.750861525536, -0.770622193813, -0.774012446404, -0.786812901497, -0.76824092865], "median": [-0.688571870327, -0.758996427059, -0.775556921959, -0.773778796196, -0.789327144623, -0.767281413078], "min": [-0.977630674839, -0.976142168045, -0.97220402956, -0.967297494411, -0.964741289616, -0.963360309601], "var": [0.00491052074358, 0.0050164507702, 0.00386263709515, 0.00266041676514, 0.00134065200109, 0.0012925285846]}, "spectral_contrast_valleys": {"dmean": [0.355968624353, 0.349885523319, 0.283042013645, 0.235599786043, 0.194673359394, 0.220150619745], "dmean2": [0.596975445747, 0.583582639694, 0.463137477636, 0.375586122274, 0.308740854263, 0.318481147289], "dvar": [0.0916972830892, 0.0875587612391, 0.0582296662033, 0.0448955781758, 0.0425189584494, 0.0740816444159], "dvar2": [0.237719193101, 0.22598400712, 0.140051528811, 0.0985606089234, 0.0909603983164, 0.146165281534], "max": [-5.26483249664, -4.68066883087, -4.90473222733, -5.52196455002, -5.48565483093, -7.09700679779], "mean": [-6.96448659897, -6.54062891006, -6.85899925232, -6.99050521851, -6.89054107666, -9.43531417847], "median": [-6.59515714645, -6.39808797836, -6.67699193954, -6.7781419754, -6.57242012024, -9.15457439423], "min": [-27.4412975311, -28.0953063965, -28.0691146851, -27.5345649719, -27.3682479858, -27.3577613831], "var": [1.78521978855, 1.14756989479, 1.2473102808, 1.23867213726, 1.59955763817, 1.89415478706]}, "spectral_decrease": {"dmean": 2.12959383461e-09, "dmean2": 3.41127126546e-09, "dvar": 6.84994179597e-18, "dvar2": 1.59239001167e-17, "max": 1.49868308997e-28, "mean": -8.22572943093e-09, "median": -8.13623479701e-09, "min": -3.68867283385e-08, "var": 1.87896408791e-17}, "spectral_energy": {"dmean": 0.00842403434217, "dmean2": 0.0134438835084, "dvar": 0.000101222496596, "dvar2": 0.000234670689679, "max": 0.142167508602, "mean": 0.0346493497491, "median": 0.0347589738667, "min": 1.00781771363e-20, "var": 0.000301647407468}, "spectral_energyband_high": {"dmean": 0.000744756776839, "dmean2": 0.00110778911039, "dvar": 2.29188049161e-06, "dvar2": 4.66363462692e-06, "max": 0.041555184871, "mean": 0.00199856120162, "median": 0.00136250862852, "min": 7.22879357321e-21, "var": 5.97960888626e-06}, "spectral_energyband_low": {"dmean": 0.00651085330173, "dmean2": 0.0104728126898, "dvar": 0.000106023668195, "dvar2": 0.000247404299444, "max": 0.130123272538, "mean": 0.0121123511344, "median": 0.00868050381541, "min": 3.43300527702e-23, "var": 0.000169050414115}, "spectral_energyband_middle_high": {"dmean": 0.00258938316256, "dmean2": 0.00411679781973, "dvar": 8.45091108204e-06, "dvar2": 2.01259317691e-05, "max": 0.0441327504814, "mean": 0.01094203908, "median": 0.0103836273775, "min": 1.28392345312e-21, "var": 4.96888278576e-05}, "spectral_energyband_middle_low": {"dmean": 0.00418968778104, "dmean2": 0.00696442555636, "dvar": 2.41764137172e-05, "dvar2": 6.33156378171e-05, "max": 0.0646579638124, "mean": 0.0108553990722, "median": 0.00949789956212, "min": 2.29707561332e-22, "var": 5.64231268072e-05}, "spectral_entropy": {"dmean": 0.10147909075, "dmean2": 0.15469224751, "dvar": 0.0111988773569, "dvar2": 0.023554828018, "max": 9.8180398941, "mean": 7.9239192009, "median": 7.94506263733, "min": 6.38884305954, "var": 0.0865016654134}, "spectral_flux": {"dmean": 0.0211107823998, "dmean2": 0.0323224142194, "dvar": 0.000495033804327, "dvar2": 0.00110741099343, "max": 0.291909039021, "mean": 0.103024668992, "median": 0.102551132441, "min": 6.57490312195e-11, "var": 0.00182370981202}, "spectral_kurtosis": {"dmean": 1.01060724258, "dmean2": 1.67005646229, "dvar": 1.64940583706, "dvar2": 4.6885433197, "max": 31.5054569244, "mean": 4.15723705292, "median": 3.59138202667, "min": -1.23094475269, "var": 7.35043144226}, "spectral_rms": {"dmean": 0.000665043713525, "dmean2": 0.00105536461342, "dvar": 4.80710582451e-07, "dvar2": 1.10724295155e-06, "max": 0.011777096428, "mean": 0.00552465720102, "median": 0.00582333188504, "min": 3.135660568e-12, "var": 3.28225360136e-06}, "spectral_rolloff": {"dmean": 541.812988281, "dmean2": 880.749389648, "dvar": 808743.8125, "dvar2": 1743352.875, "max": 19250.6835938, "mean": 2191.79150391, "median": 2088.72070313, "min": 21.533203125, "var": 2447385.75}, "spectral_skewness": {"dmean": 0.145457267761, "dmean2": 0.235073059797, "dvar": 0.0203791931272, "dvar2": 0.0528521127999, "max": 3.94711446762, "mean": 1.52574169636, "median": 1.47803354263, "min": -0.0562011376023, "var": 0.153536081314}, "spectral_spread": {"dmean": 469687.625, "dmean2": 673564.1875, "dvar": 356020813824, "dvar2": 686120501248, "max": 41731628, "mean": 4847703, "median": 4676076, "min": 1717504.25, "var": 2828405047300.0}, "spectral_strongpeak": {"dmean": 0.726757645607, "dmean2": 1.280075