{"lowlevel": {"average_loudness": 0.729344129562, "barkbands": {"dmean": [1.2061273992e-05, 0.000957154436037, 0.00171998213045, 0.00163482222706, 0.00216492707841, 0.000986504252069, 0.000885659363121, 0.0010630126344, 0.000837148632854, 0.00048155427794, 0.000384739978472, 0.000275760889053, 0.000142436474562, 0.000168549551745, 0.000175565495738, 0.000129815089167, 0.00010966235277, 0.000127441555378, 0.000213909894228, 0.000174859786057, 0.000127480976516, 6.78202632116e-05, 2.75103393506e-05, 3.06783913402e-05, 2.05018386623e-05, 4.20876085627e-06, 2.01891097618e-07], "dmean2": [1.95627289941e-05, 0.00161178351846, 0.00287582376041, 0.0027183580678, 0.00351560534909, 0.00153627444524, 0.00140763830859, 0.00165346940048, 0.00126608030405, 0.000747858372051, 0.000585674191825, 0.000421294360422, 0.000229098630371, 0.000272005738225, 0.000284081615973, 0.000206494965823, 0.000175103734364, 0.000200344133191, 0.000332354917191, 0.000272582081379, 0.000184791628271, 9.84842772596e-05, 3.99385316996e-05, 4.48173013865e-05, 2.84936049866e-05, 5.90979470871e-06, 3.14961397407e-07], "dvar": [8.20396528489e-10, 2.26699148698e-06, 7.93920207798e-06, 7.98818655312e-06, 1.56100650202e-05, 4.83943586005e-06, 4.43425005869e-06, 1.05221970443e-05, 5.86540636505e-06, 1.96842620426e-06, 1.89538025097e-06, 3.77293076781e-07, 9.05800163764e-08, 1.5056653524e-07, 1.39760999218e-07, 8.91676137371e-08, 1.18445825592e-07, 1.16293009e-07, 5.87213833114e-07, 2.54954244383e-07, 5.36556434838e-08, 1.7227300475e-08, 3.38597083704e-09, 4.38417036008e-09, 1.38101752256e-09, 7.13752251746e-11, 3.17987525417e-13], "dvar2": [2.00584060472e-09, 6.16384159002e-06, 2.1446188839e-05, 2.12550494325e-05, 4.05730061175e-05, 1.01484174593e-05, 1.07341938929e-05, 2.44183011091e-05, 1.30801854539e-05, 4.75337856187e-06, 3.76225966647e-06, 8.19301021693e-07, 2.32762687347e-07, 3.72244727487e-07, 3.59357699153e-07, 2.01844855496e-07, 3.14825655323e-07, 2.62245748672e-07, 1.30172122681e-06, 6.01864940108e-07, 1.13172198724e-07, 3.59028504704e-08, 7.54032125627e-09, 1.02437933691e-08, 2.93861779355e-09, 1.46770692822e-10, 8.24825667836e-13], "max": [0.000834141450468, 0.0190602615476, 0.0390657894313, 0.0437960401177, 0.0831586793065, 0.103603348136, 0.0485803931952, 0.071810990572, 0.0884894952178, 0.049127317965, 0.0472192540765, 0.0169336181134, 0.00937578361481, 0.0143380919471, 0.010125592351, 0.013583173044, 0.0209431648254, 0.0161852668971, 0.0290721636266, 0.0159810185432, 0.00606558471918, 0.00384065089747, 0.00230023870245, 0.00264507997781, 0.00089294242207, 0.000394264730858, 2.13206203625e-05], "mean": [1.93398827832e-05, 0.00176501541864, 0.00318640749902, 0.00263800867833, 0.0038893118035, 0.00173967471346, 0.00133561482653, 0.00159689318389, 0.00142887979746, 0.000857494480442, 0.000607452529948, 0.00052558752941, 0.000236475563725, 0.000281886081211, 0.00031608165591, 0.000257916806731, 0.000224467235967, 0.000251568533713, 0.000390272238292, 0.00034470713581, 0.000288936134893, 0.000144926845678, 5.32636622665e-05, 5.53182435397e-05, 3.65903179045e-05, 6.85294571667e-06, 2.87731381832e-07], "median": [5.37875166629e-06, 0.00124824419618, 0.00197884114459, 0.00147489458323, 0.00210228073411, 0.000578394858167, 0.000396736140829, 0.000234802035266, 0.000167019170476, 0.000245373230428, 0.000112442619866, 0.000225094961934, 0.000114102491352, 0.000138429182698, 0.000141254713526, 0.000129519161419, 0.000127427250845, 0.000124610145576, 0.000122082943562, 0.000127568899188, 0.000137943658046, 7.06126884324e-05, 2.42862624873e-05, 2.44487309828e-05, 1.69938666659e-05, 3.11366170536e-06, 1.19611158311e-07], "min": [7.67939130723e-25, 1.8648821683e-24, 9.20150631246e-25, 1.28370418056e-24, 2.78701560143e-24, 3.21223884505e-24, 9.35178825921e-24, 5.55382689736e-24, 1.4221166303e-23, 9.88585734724e-24, 1.50001001826e-23, 3.42236669885e-23, 1.92847256141e-23, 2.72768726602e-23, 4.78486106417e-23, 3.60471347481e-23, 6.16376405186e-23, 6.96314141958e-23, 1.01187516479e-22, 1.58615568015e-22, 2.2572039326e-22, 3.38176895055e-22, 4.16709272969e-22, 5.80998656781e-22, 8.27749652634e-22, 1.06069050869e-21, 1.9330441492e-21], "var": [1.57642066068e-09, 3.5040181956e-06, 1.32536633828e-05, 1.17070185297e-05, 2.73146524705e-05, 1.49016186697e-05, 7.84556686995e-06, 2.21191385208e-05, 1.78206792043e-05, 4.75381602882e-06, 5.13595432494e-06, 1.18780701541e-06, 1.73909739942e-07, 3.06672319539e-07, 3.27572479364e-07, 2.4596977255e-07, 1.76944453756e-07, 2.36234527051e-07, 1.2845908941e-06, 6.23279674983e-07, 1.78192181011e-07, 4.96542398309e-08, 8.74200445367e-09, 9.69115276916e-09, 2.94225155351e-09, 1.36955266572e-10, 3.11819417943e-13]}, "barkbands_crest": {"dmean": 2.14816975594, "dmean2": 3.5057554245, "dvar": 4.41730070114, "dvar2": 11.0797595978, "max": 25.5999622345, "mean": 9.73562908173, "median": 8.65934944153, "min": 2.53153014183, "var": 18.4209213257}, "barkbands_flatness_db": {"dmean": 0.0174123123288, "dmean2": 0.0267001576722, "dvar": 0.000278996449197, "dvar2": 0.000638989848085, "max": 0.41270005703, "mean": 0.133207395673, "median": 0.123705893755, "min": 0.0388718508184, "var": 0.00228349259123}, "barkbands_kurtosis": {"dmean": 2.49583768845, "dmean2": 3.90419840813, "dvar": 19.5550842285, "dvar2": 43.134853363, "max": 184.212539673, "mean": 5.00468206406, "median": 2.57428264618, "min": -1.89670097828, "var": 91.7650756836}, "barkbands_skewness": {"dmean": 0.454638123512, "dmean2": 0.705191254616, "dvar": 0.223108738661, "dvar2": 0.515932500362, "max": 10.7398357391, "mean": 1.70403850079, "median": 1.60524129868, "min": -2.28746461868, "var": 1.51781463623}, "barkbands_spread": {"dmean": 4.66822481155, "dmean2": 7.21298217773, "dvar": 27.0965595245, "dvar2": 60.9801292419, "max": 160.371810913, "mean": 21.5348243713, "median": 19.64503479, "min": 0.377946317196, "var": 148.553710938}, "dissonance": {"dmean": 0.0165305081755, "dmean2": 0.0276129562408, "dvar": 0.000296336307656, "dvar2": 0.000793093873654, "max": 0.500000059605, "mean": 0.463670343161, "median": 0.472409844398, "min": 0.171688839793, "var": 0.000930298003368}, "dynamic_complexity": 3.29406189919, "erbbands": {"dmean": [0.0170204881579, 0.268802344799, 1.56400227547, 3.9338748455, 7.21947383881, 6.69352293015, 6.96080064774, 8.4429731369, 10.3782138824, 17.1700668335, 22.230506897, 19.6352424622, 14.7079772949, 14.384768486, 16.581993103, 10.0620384216, 6.82765626907, 7.72745466232, 9.80240726471, 6.99644994736, 6.67239093781, 4.85085105896, 5.54332113266, 10.3463525772, 9.52564048767, 9.4164686203, 5.44590806961, 4.61618900299, 2.34725189209, 1.46589362621, 0.72188693285, 0.642591416836, 0.522670686245, 0.278645068407, 0.123057790101, 0.0332648083568, 0.00478609558195, 0.000558892847039, 3.21498628182e-05, 8.96763322089e-06], "dmean2": [0.0280208643526, 0.454628258944, 2.64348435402, 6.46879243851, 12.0370922089, 10.8835420609, 10.5508127213, 13.3734865189, 16.5902519226, 26.8069572449, 34.6319274902, 29.6208572388, 22.4133148193, 22.4700202942, 24.9885921478, 15.344997406, 10.9467124939, 12.3500738144, 15.8579626083, 11.1394882202, 10.5910272598, 7.73424530029, 8.77428245544, 15.8234548569, 14.8369951248, 14.808350563, 8.07027721405, 6.70153665543, 3.39891052246, 2.13241100311, 1.05230438709, 0.945147514343, 0.770150780678, 0.394509524107, 0.173486366868, 0.0460840910673, 0.00669693015516, 0.000821966386866, 4.72788888146e-05, 1.3269926967e-05], "dvar": [0.000881880754605, 0.178884625435, 6.6762881279, 43.6165466309, 202.617050171, 146.750350952, 212.962463379, 489.230712891, 527.710998535, 2531.40429688, 5104.30371094, 3516.45068359, 1489.04211426, 1965.33068848, 3401.02709961, 401.418243408, 198.310546875, 409.355224609, 433.255096436, 182.619628906, 218.927474976, 169.994674683, 129.875778198, 1572.65136719, 879.283996582, 911.044006348, 114.681907654, 82.2126464844, 17.8546047211, 9.49393558502, 2.21565079689, 1.92035233974, 1.36770164967, 0.276066273451, 0.0514241792262, 0.00403600372374, 9.10050221137e-05, 1.79588778337e-06, 6.06468653075e-09, 1.50309112379e-10], "dvar2": [0.0023072801996, 0.493521392345, 18.2727546692, 113.680610657, 540.42791748, 367.838317871, 456.436004639, 990.33972168, 1262.1282959, 6078.43652344, 12171.8388672, 7862.09033203, 3476.77807617, 4892.59667969, 6836.09130859, 875.883117676, 507.326629639, 1000.73791504, 1103.00305176, 435.717437744, 528.881408691, 450.711334229, 311.942779541, 3501.68286133, 2034.11791992, 2105.27490234, 256.32232666, 177.654907227, 36.8143081665, 20.9573364258, 4.95437860489, 4.45657348633, 3.24849677086, 0.605371713638, 0.112273387611, 0.00808331370354, 0.000193331841729, 4.40759049525e-06, 1.54645469763e-08, 3.34227256982e-10], "max": [0.545310556889, 5.27214193344, 34.5074615479, 106.562927246, 220.430267334, 253.821075439, 339.59677124, 1262.32800293, 454.576660156, 1799.69421387, 1744.55615234, 2794.15161133, 1339.27233887, 1622.6751709, 1854.59228516, 875.617004395, 490.635650635, 837.449645996, 666.173461914, 528.090209961, 504.624237061, 801.591674805, 364.296691895, 1859.25061035, 867.474731445, 910.066833496, 402.745544434, 233.549697876, 107.79637146, 96.6981582642, 48.3651580811, 54.1385917664, 46.6850166321, 14.0428295135, 6.51412010193, 2.97586560249, 0.296103894711, 0.0555090419948, 0.0032559405081, 0.000227011536481], "mean": [0.0313520878553, 0.504831552505, 3.11670446396, 7.04368019104, 11.3131341934, 12.7651367188, 13.1886959076, 13.9583482742, 16.457201004, 27.3915100098, 35.2943763733, 33.6504669189, 26.9706726074, 25.6392192841, 29.872959137, 20.8648738861, 12.6355028152, 13.8350362778, 17.9960975647, 14.2693881989, 14.500002861, 11.1362199783, 12.3810091019, 19.7952842712, 17.920923233, 18.4541893005, 12.3577022552, 10.2130384445, 5.25175714493, 2.87004232407, 1.43988645077, 1.18882262707, 0.897330701351, 0.490312069654, 0.212806284428, 0.0557502098382, 0.00790758989751, 0.000827079871669, 5.98956903559e-05, 2.91537980956e-05], "median": [0.0219484865665, 0.375923573971, 2.05850553513, 4.6756734848, 6.27245044708, 6.46776294708, 5.09514141083, 4.52665710449, 5.73640060425, 6.57730197906, 5.80167245865, 4.89842414856, 7.28666973114, 6.86101531982, 7.70131015778, 9.80835342407, 6.83262634277, 6.69713258743, 8.41679191589, 8.0606136322, 7.62626314163, 6.69024467468, 7.07401561737, 6.36917114258, 6.57918739319, 6.5582280159, 5.80236244202, 4.97578239441, 2.77533435822, 1.18701207638, 0.67974036932, 0.530896306038, 0.388653159142, 0.22334215045, 0.0976516604424, 0.0255291983485, 0.00368825532496, 0.000354965450242, 3.58808974852e-05, 2.47771222348e-05], "min": [1.15865718814e-22, 3.91755317996e-22, 9.25641055815e-22, 3.44277902382e-21, 4.52735861362e-21, 1.35960639982e-20, 1.92550489067e-20, 4.50243196207e-20, 8.2169989476e-20, 1.38295421884e-19, 3.51875627394e-19, 4.40202826233e-19, 6.43092756301e-19, 7.17176964817e-19, 1.04762331522e-18, 1.50712545422e-18, 1.3827381696e-18, 1.82231176988e-18, 2.18335129184e-18, 3.05589035329e-18, 2.82317011898e-18, 3.73269428677e-18, 3.65800690849e-18, 5.37564414173e-18, 5.93740648395e-18, 7.99545914495e-18, 9.08888438126e-18, 1.076776903e-17, 1.21385983837e-17, 1.16522352087e-17, 1.25581443904e-17, 9.70377074396e-18, 1.03347929189e-17, 8.24778562772e-18, 6.23164207247e-18, 4.20490688305e-18, 2.08022275577e-18, 8.34443620223e-19, 2.17752323574e-19, 2.5355937286e-20], "var": [0.00138411507942, 0.26247638464, 11.4666519165, 61.431842804, 247.212585449, 349.378356934, 628.487060547, 1473.46447754, 1052.07897949, 5716.10009766, 11294.4404297, 10532.0820312, 3947.79345703, 4639.01318359, 9763.17480469, 1740.34509277, 381.766723633, 833.392944336, 1041.22924805, 450.128601074, 631.59161377, 316.869049072, 319.234802246, 3569.89086914, 1883.01745605, 2202.03076172, 356.121551514, 241.589691162, 53.5068473816, 24.4577560425, 5.77995586395, 4.62289190292, 2.57247662544, 0.556638002396, 0.103147685528, 0.00877837464213, 0.000160449766554, 2.08227629628e-06, 6.84578660426e-09, 4.62820753944e-10]}, "erbbands_crest": {"dmean": 2.52642154694, "dmean2": 3.98091053963, "dvar": 6.8576130867, "dvar2": 15.9157133102, "max": 30.633644104, "mean": 9.15550613403, "median": 7.69876194, "min": 2.31493759155, "var": 24.9744491577}, "erbbands_flatness_db": {"dmean": 0.0147632183507, "dmean2": 0.0215247739106, "dvar": 0.000218970264541, "dvar2": 0.00044872664148, "max": 0.327406615019, "mean": 0.152702391148, "median": 0.14659845829, "min": 0.0176171381027, "var": 0.00142691389192}, "erbbands_kurtosis": {"dmean": 0.879925489426, "dmean2": 1.36523652077, "dvar": 2.59935975075, "dvar2": 5.92479324341, "max": 63.707824707, "mean": 0.491692006588, "median": -0.394811630249, "min": -1.74036872387, "var": 10.8297586441}, "erbbands_skewness": {"dmean": 0.326440423727, "dmean2": 0.494637787342, "dvar": 0.10279878974, "dvar2": 0.229885593057, "max": 5.81529951096, "mean": 0.333752393723, "median": 0.248454630375, "min": -3.57763600349, "var": 0.792899787426}, "erbbands_spread": {"dmean": 7.54642009735, "dmean2": 11.3998317719, "dvar": 55.2184562683, "dvar2": 122.348327637, "max": 138.772735596, "mean": 42.4688606262, "median": 42.0419235229, "min": 2.60673475266, "var": 300.582458496}, "gfcc": {"cov": [[18106.0410156, 608.157470703, -1768.17541504, 878.492980957, -1209.49536133, 370.251708984, -389.244049072, 394.092407227, -441.933746338, 119.277320862, -294.664001465, -148.018585205, -104.429847717], [608.157470703, 680.785217285, -16.3661289215, -123.41456604, 43.3196754456, -82.7276229858, 1.77949011326, -71.3024215698, 29.9991455078, -22.4967021942, 12.3645277023, -53.193359375, 11.4599714279], [-1768.17541504, -16.3661289215, 709.230041504, -43.4334640503, 81.2972335815, 28.6214618683, -36.0490455627, -8.02069091797, 9.33089447021, 19.882276535, 36.6678581238, -15.8668680191, -18.6773872375], [878.492980957, -123.41456604, -43.4334640503, 357.282226562, 35.3461341858, 56.9747200012, 1.81417036057, 18.4141788483, -45.415763855, -16.9953651428, 2.3763256073, 22.3843803406, -7.05197525024], [-1209.49536133, 43.3196754456, 81.2972335815, 35.3461341858, 289.288635254, 13.3532238007, 55.4584465027, -38.049407959, 12.4788694382, -37.5958709717, 3.34523916245, 22.5596637726, 1.90665745735], [370.251708984, -82.7276229858, 28.6214618683, 56.9747200012, 13.3532238007, 174.805297852, 44.4342956543, 44.3043746948, -33.6253929138, 6.89812898636, -12.3090496063, -4.71457147598, -10.0563812256], [-389.244049072, 1.77949011326, -36.0490455627, 1.81417036057, 55.4584465027, 44.4342956543, 166.865982056, 34.689994812, 11.8011198044, -9.92436790466, -0.362714439631, -7.72188711166, -1.52000117302], [394.092407227, -71.3024215698, -8.02069091797, 18.4141788483, -38.049407959, 44.3043746948, 34.689994812, 123.880775452, 27.4317436218, 24.9968738556, -10.9952440262, -12.5360393524, -12.3558692932], [-441.933746338, 29.9991455078, 9.33089447021, -45.415763855, 12.4788694382, -33.6253929138, 11.8011198044, 27.4317436218, 113.828224182, 34.3403930664, 10.0409650803, -12.3211860657, 0.679488420486], [119.277320862, -22.4967021942, 19.882276535, -16.9953651428, -37.5958709717, 6.89812898636, -9.92436790466, 24.9968738556, 34.3403930664, 88.2416992188, 23.9957122803, -2.07032895088, -7.93260002136], [-294.664001465, 12.3645277023, 36.6678581238, 2.3763256073, 3.34523916245, -12.3090496063, -0.362714439631, -10.9952440262, 10.0409650803, 23.9957122803, 76.8379669189, 27.0841522217, -0.600498974323], [-148.018585205, -53.193359375, -15.8668680191, 22.3843803406, 22.5596637726, -4.71457147598, -7.72188711166, -12.5360393524, -12.3211860657, -2.07032895088, 27.0841522217, 72.5803604126, 23.5687484741], [-104.429847717, 11.4599714279, -18.6773872375, -7.05197525024, 1.90665745735, -10.0563812256, -1.52000117302, -12.3558692932, 0.679488420486, -7.93260002136, -0.600498974323, 23.5687484741, 59.8798332214]], "icov": [[0.000625942659099, -0.00153927295469, 0.00123012415133, -0.00159499887377, 0.00194919039495, -0.0011702706106, 0.00157766754273, -0.00193030526862, 0.00200753030367, -0.00142942846287, 0.00202183891088, -0.000738089554943, 0.00106386141852], [-0.00153927295469, 0.00574942631647, -0.00283105368726, 0.00440481398255, -0.0052276016213, 0.00335023365915, -0.00386595027521, 0.00548690930009, -0.00504408450797, 0.00397581700236, -0.0061621889472, 0.0041709812358, -0.00350551796146], [0.00123012415133, -0.00283105368726, 0.0040977220051, -0.00276292627677, 0.00303030596115, -0.00273623364046, 0.00390813313425, -0.00395398726687, 0.00409473106265, -0.00291492557153, 0.00266774045303, -0.000258469197433, 0.00206305994652], [-0.00159499887377, 0.00440481398255, -0.00276292627677, 0.00747578917071, -0.00570017285645, 0.00228271307424, -0.00344607839361, 0.00417242245749, -0.00401675095782, 0.00417604669929, -0.00597562780604, 0.00179823068902, -0.00243661133572], [0.00194919039495, -0.0052276016213, 0.00303030596115, -0.00570017285645, 0.0111537734047, -0.00434665801004, 0.00293549941853, -0.00378799811006, 0.00404902221635, -0.00256965844892, 0.00747986091301, -0.00520363915712, 0.00461828242987], [-0.0011702706106, 0.00335023365915, -0.00273623364046, 0.00228271307424, -0.00434665801004, 0.0104493899271, -0.00481740711257, 0.0010912095895, -0.000204974494409, 0.000665889820084, -0.00275012874044, 0.002149626147, -0.00205370876938], [0.00157766754273, -0.00386595027521, 0.00390813313425, -0.00344607839361, 0.00293549941853, -0.00481740711257, 0.012013874948, -0.00735552562401, 0.00457143131644, -0.00203997991048, 0.00305441976525, 5.21988040418e-05, 0.00187711219769], [-0.00193030526862, 0.00548690930009, -0.00395398726687, 0.00417242245749, -0.00378799811006, 0.0010912095895, -0.00735552562401, 0.0183737166226, -0.0102054448798, 0.00288944039494, -0.00382280955091, 0.00184091564734, -0.00151431933045], [0.00200753030367, -0.00504408450797, 0.00409473106265, -0.00401675095782, 0.00404902221635, -0.000204974494409, 0.00457143131644, -0.0102054448798, 0.0199540536851, -0.00958061031997, 0.00517645431682, 0.000713236047886, 0.00139303505421], [-0.00142942846287, 0.00397581700236, -0.00291492557153, 0.00417604669929, -0.00256965844892, 0.000665889820084, -0.00203997991048, 0.00288944039494, -0.00958061031997, 0.0199452675879, -0.0100195324048, 0.00225952640176, -0.00117198156659], [0.00202183891088, -0.0061621889472, 0.00266774045303, -0.00597562780604, 0.00747986091301, -0.00275012874044, 0.00305441976525, -0.00382280955091, 0.00517645431682, -0.0100195324048, 0.0262232348323, -0.012319422327, 0.00714828493074], [-0.000738089554943, 0.0041709812358, -0.000258469197433, 0.00179823068902, -0.00520363915712, 0.002149626147, 5.21988040418e-05, 0.00184091564734, 0.000713236047886, 0.00225952640176, -0.012319422327, 0.0250713620335, -0.0107468403876], [0.00106386141852, -0.00350551796146, 0.00206305994652, -0.00243661133572, 0.00461828242987, -0.00205370876938, 0.00187711219769, -0.00151431933045, 0.00139303505421, -0.00117198156659, 0.00714828493074, -0.0107468403876, 0.022956719622]], "mean": [-20.2229137421, 99.0198974609, -119.586036682, 43.4137077332, -61.1053466797, 12.1251630783, -35.2882652283, 3.67352485657, -30.7197589874, 0.453757077456, -19.135887146, -6.97677755356, -8.6690158844]}, "hfc": {"dmean": 4.57324695587, "dmean2": 6.37644529343, "dvar": 47.5630455017, "dvar2": 96.5273361206, "max": 127.033706665, "mean": 16.2439155579, "median": 11.4651527405, "min": 1.03241940883e-16, "var": 232.925140381}, "melbands": {"dmean": [0.000204253621632, 0.000637756951619, 0.000732044689357, 0.000530164281372, 0.000234797495068, 0.000185370852705, 0.000166788711795, 0.000194441585336, 0.00017741258489, 0.000120660952234, 7.41450785426e-05, 5.95466626692e-05, 5.84144327149e-05, 3.64397965313e-05, 1.67603484442e-05, 1.45607509694e-05, 1.51514959725e-05, 1.61948319146e-05, 1.11590716187e-05, 9.5445648185e-06, 8.84885230334e-06, 5.89816045249e-06, 5.71117925574e-06, 6.44957299301e-06, 9.41464168136e-06, 7.7076638263e-06, 6.59658280711e-06, 6.55166741126e-06, 3.33859816237e-06, 3.52297524842e-06, 2.72949364444e-06, 1.48142430589e-06, 1.28021133605e-06, 6.93138929364e-07, 4.26542897003e-07, 4.19516425154e-07, 4.13669368982e-07, 3.98284015546e-07, 3.1317392768e-07, 2.21625285235e-07], "dmean2": [0.000338406855008, 0.00107677176129, 0.00119688885752, 0.00087193120271, 0.000358105695341, 0.000292358716251, 0.000264945352683, 0.000304002896883, 0.000273740763078, 0.000183540061698, 0.000113152447739, 9.33609189815e-05, 8.82456151885e-05, 5.59768814128e-05, 2.61446602963e-05, 2.31597441598e-05, 2.43092217715e-05, 2.6181776775e-05, 1.79464259418e-05, 1.50994337673e-05, 1.40541042128e-05, 9.4717461252e-06, 9.32354851102e-06, 1.00401985037e-05, 1.44563500726e-05, 1.21153261716e-05, 1.04582522908e-05, 1.04118153104e-05, 5.08239418195e-06, 5.20909907209e-06, 4.04260845244e-06, 2.20895208258e-06, 1.90039440895e-06, 1.02725425677e-06, 6.33943898265e-07, 6.31634407e-07, 6.18642559402e-07, 6.00245869009e-07, 4.61570465404e-07, 3.20340177495e-07], "dvar": [1.08220277184e-07, 1.08276537958e-06, 1.401047939e-06, 1.03371417026e-06, 1.96130926611e-07, 2.07930696661e-07, 1.36057096256e-07, 3.20811324173e-07, 3.08187395603e-07, 1.28145103417e-07, 3.83730451858e-08, 3.77551714337e-08, 4.6888153804e-08, 7.1487038511e-09, 1.01162800359e-09, 1.03065178614e-09, 1.61896107631e-09, 1.18945309158e-09, 5.77763781262e-10, 7.01853852814e-10, 4.58253018865e-10, 3.8434833094e-10, 1.03213576574e-10, 2.86315193776e-10, 1.41570655199e-09, 8.46285708178e-10, 3.96957050564e-10, 4.80402495562e-10, 4.50293240195e-11, 4.17417073129e-11, 3.17455853271e-11, 7.77604543256e-12, 8.87650369874e-12, 2.4342567892e-12, 8.16269090081e-13, 7.49751931546e-13, 8.84083984406e-13, 7.8370502362e-13, 5.03587894041e-13, 1.66596120579e-13], "dvar2": [2.87992349968e-07, 2.96118400911e-06, 3.66833342014e-06, 2.72963643511e-06, 4.2626700747e-07, 4.24855187475e-07, 3.26501691461e-07, 7.53176095714e-07, 7.19298611784e-07, 2.92518535616e-07, 8.9354209365e-08, 9.38416704344e-08, 9.0741885117e-08, 1.53779584622e-08, 2.26602892006e-09, 2.54522425358e-09, 4.00337674122e-09, 2.99759927991e-09, 1.47483902868e-09, 1.54585255707e-09, 1.1397107702e-09, 1.02462360818e-09, 2.6331711811e-10, 6.52651932498e-10, 3.17001047634e-09, 1.85971515965e-09, 9.49960332619e-10, 1.12858622447e-09, 1.0495188052e-10, 8.6781158648e-11, 6.92006937864e-11, 1.65270453573e-11, 2.00682161861e-11, 5.57263350048e-12, 1.88352024949e-12, 1.79706748614e-12, 2.07930092415e-12, 1.87326586534e-12, 1.20495345472e-12, 3.74007140362e-13], "max": [0.00519868405536, 0.013444728218, 0.0168979354203, 0.0224781353027, 0.0098171941936, 0.0250478480011, 0.00727149005979, 0.0201977733523, 0.0160868689418, 0.0160436499864, 0.00652654701844, 0.00743432110175, 0.00784074142575, 0.00302378856577, 0.00111715157982, 0.00117827777285, 0.00151822867338, 0.00123575609177, 0.000937950797379, 0.00145791063551, 0.000910215778276, 0.00127539271489, 0.000259786407696, 0.000834615319036, 0.00178878521547, 0.00127905851696, 0.000594662094954, 0.000671037239954, 0.000283128028968, 0.00015394037473, 0.000135856098495, 6.70313020237e-05, 0.000105203034764, 6.34839816485e-05, 3.25848923239e-05, 3.18440688716e-05, 3.63461513189e-05, 3.8045905967e-05, 2.89718227577e-05, 7.82977349445e-06], "mean": [0.000384589744499, 0.00131202675402, 0.00132803001907, 0.000934810203034, 0.000460568378912, 0.00031203328399, 0.000260684493696, 0.000309342634864, 0.000286649010377, 0.000201928502065, 0.000130968823214, 0.000101719793747, 9.81592311291e-05, 6.93530746503e-05, 3.29036010953e-05, 2.51099118032e-05, 2.51570418186e-05, 2.82615601463e-05, 2.08423334698e-05, 1.82346393558e-05, 1.75618952198e-05, 1.17839963423e-05, 1.10048140414e-05, 1.22456076497e-05, 1.68206643139e-05, 1.3193628547e-05, 1.2183236322e-05, 1.19779315355e-05, 6.93874972058e-06, 7.28114264348e-06, 5.57204884899e-06, 3.04823493025e-06, 2.35188281295e-06, 1.24829387005e-06, 8.04980686553e-07, 7.38923915833e-07, 7.28352404167e-07, 6.55398309846e-07, 5.22084292243e-07, 3.76279757575e-07], "median": [0.000275037717074, 0.000968624488451, 0.000945106032304, 0.000494995969348, 0.000211383012356, 0.000102518839412, 8.6309373728e-05, 6.72681780998e-05, 4.22325792897e-05, 2.58065774688e-05, 3.27612870024e-05, 2.48284341069e-05, 2.1067344278e-05, 2.83411609416e-05, 1.70105231518e-05, 1.31480046548e-05, 1.11419240056e-05, 1.23805148178e-05, 1.00871529867e-05, 9.19353078643e-06, 8.39640233607e-06, 6.40033977106e-06, 6.00782914262e-06, 5.8519135564e-06, 4.72220835945e-06, 4.28452540291e-06, 4.79659684061e-06, 3.76305456484e-06, 3.23629365084e-06, 3.31619912686e-06, 2.53072084888e-06, 1.58900820679e-06, 9.8809073279e-07, 4.82323798678e-07, 3.77994240353e-07, 3.36150264957e-07, 3.09813486865e-07, 2.76235255114e-07, 2.22626226787e-07, 1.71164955987e-07], "min": [1.10093861806e-24, 8.98137862117e-25, 7.25932681951e-25, 6.33525909943e-25, 7.24944337844e-25, 8.38229595607e-25, 1.42379355137e-24, 1.10110457467e-24, 2.7361490614e-24, 2.4782096892e-24, 2.97928348657e-24, 1.99132828837e-24, 2.41624486231e-24, 3.00142641775e-24, 3.32995858578e-24, 1.87922997044e-24, 2.47788803116e-24, 2.39709348889e-24, 3.76074053776e-24, 2.71567319053e-24, 3.19673122016e-24, 3.32375143375e-24, 3.25765317293e-24, 3.15699077433e-24, 3.84208787431e-24, 3.04677882005e-24, 4.53724867007e-24, 3.07854526263e-24, 5.07657196616e-24, 4.91944743992e-24, 4.9295085719e-24, 6.08482100558e-24, 5.00627459874e-24, 5.50937419092e-24, 5.56971692257e-24, 4.98928884573e-24, 5.31920546465e-24, 5.76313260033e-24, 6.40688766963e-24, 6.39367819377e-24], "var": [1.70567602709e-07, 1.75495222265e-06, 1.96575638256e-06, 1.79166954695e-06, 5.73368652113e-07, 6.32003320788e-07, 2.64085969093e-07, 7.43297505323e-07, 7.60192506277e-07, 3.58886637741e-07, 1.00255995505e-07, 8.8632091888e-08, 1.3036128621e-07, 2.21946923062e-08, 3.47666606615e-09, 1.9879773383e-09, 3.3361624574e-09, 2.72390665579e-09, 1.27706156761e-09, 1.61396929155e-09, 1.07536612948e-09, 6.01345417905e-10, 2.39829378579e-10, 5.91532323124e-10, 3.07813552425e-09, 1.64237312639e-09, 7.87754139697e-10, 1.11240683331e-09, 1.22047510986e-10, 1.27985760878e-10, 8.76090380797e-11, 2.01623214652e-11, 1.88844807847e-11, 5.67855614961e-12, 1.97048150366e-12, 1.65947648418e-12, 1.95689406519e-12, 1.46229577926e-12, 8.33033891433e-13, 3.1404157161e-13]}, "melbands_crest": {"dmean": 2.88609743118, "dmean2": 4.75327205658, "dvar": 7.73675537109, "dvar2": 19.435880661, "max": 38.3163108826, "mean": 14.2681150436, "median": 13.1431360245, "min": 1.60868871212, "var": 34.6981277466}, "melbands_flatness_db": {"dmean": 0.0214615818113, "dmean2": 0.0328041166067, "dvar": 0.000441903626779, "dvar2": 0.00101928121876, "max": 0.537234246731, "mean": 0.193121537566, "median": 0.18564414978, "min": 0.00279241800308, "var": 0.0042123249732}, "melbands_kurtosis": {"dmean": 6.11349153519, "dmean2": 9.53863048553, "dvar": 103.306358337, "dvar2": 243.367279053, "max": 429.868988037, "mean": 14.9881076813, "median": 9.69508647919, "min": -1.84672939777, "var": 348.212768555}, "melbands_skewness": {"dmean": 0.652376711369, "dmean2": 1.00685095787, "dvar": 0.459089994431, "dvar2": 1.07413184643, "max": 14.5783395767, "mean": 2.86126279831, "median": 2.67952108383, "min": -1.58527040482, "var": 2.68283963203}, "melbands_spread": {"dmean": 5.6873664856, "dmean2": 8.9471578598, "dvar": 55.5019607544, "dvar2": 128.851699829, "max": 158.494216919, "mean": 22.8480167389, "median": 17.8678512573, "min": 0.41428309679, "var": 356.195343018}, "mfcc": {"cov": [[7400.94726562, -195.123596191, 35.4244384766, 217.035110474, -287.846435547, -101.530418396, 98.3921356201, 59.48387146, 134.156890869, 125.615509033, 57.8255653381, -4.44964122772, -41.0587501526], [-195.123596191, 880.062866211, 9.2615442276, -40.3623046875, 16.7363052368, -9.51563835144, -27.1975879669, -62.9359893799, -6.61463832855, 4.56268548965, -2.13458442688, -1.19077384472, -15.4693365097], [35.4244384766, 9.2615442276, 474.559967041, -23.5157032013, 53.0256576538, -7.46738147736, 16.8886680603, -41.6552772522, -26.7271461487, 12.006934166, 24.0512218475, 29.2183456421, -23.6495742798], [217.035110474, -40.3623046875, -23.5157032013, 248.402709961, 69.2190704346, 39.890296936, 24.5511016846, 31.0495758057, -5.2469534874, -31.2577095032, -10.5943193436, 7.33103847504, 18.0547962189], [-287.846435547, 16.7363052368, 53.0256576538, 69.2190704346, 188.950515747, 51.67137146, 10.7461223602, 11.8806581497, -8.29323863983, -24.9265556335, -20.7426967621, 7.5861620903, 10.4974861145], [-101.530418396, -9.51563835144, -7.46738147736, 39.890296936, 51.67137146, 132.004013062, 66.0175018311, 26.8807563782, 4.52744245529, -14.6527118683, -5.48263549805, -3.85367393494, -1.25351786613], [98.3921356201, -27.1975879669, 16.8886680603, 24.5511016846, 10.7461223602, 66.0175018311, 142.510635376, 58.5066337585, 7.77487754822, 0.842172861099, 8.56596946716, -8.4593629837, -6.36146211624], [59.48387146, -62.9359893799, -41.6552772522, 31.0495758057, 11.8806581497, 26.8807563782, 58.5066337585, 107.856521606, 33.4603652954, 6.49137735367, 1.31393110752, -13.5650672913, 7.8118262291], [134.156890869, -6.61463832855, -26.7271461487, -5.2469534874, -8.29323863983, 4.52744245529, 7.77487754822, 33.4603652954, 95.8418731689, 43.7226867676, 6.77774333954, -1.7563508749, -3.78417849541], [125.615509033, 4.56268548965, 12.006934166, -31.2577095032, -24.9265556335, -14.6527118683, 0.842172861099, 6.49137735367, 43.7226867676, 95.3244400024, 43.0650177002, -0.0247786976397, -3.26333808899], [57.8255653381, -2.13458442688, 24.0512218475, -10.5943193436, -20.7426967621, -5.48263549805, 8.56596946716, 1.31393110752, 6.77774333954, 43.0650177002, 76.2885284424, 30.1729412079, -3.61991047859], [-4.44964122772, -1.19077384472, 29.2183456421, 7.33103847504, 7.5861620903, -3.85367393494, -8.4593629837, -13.5650672913, -1.7563508749, -0.0247786976397, 30.1729412079, 82.3809890747, 27.7033882141], [-41.0587501526, -15.4693365097, -23.6495742798, 18.0547962189, 10.4974861145, -1.25351786613, -6.36146211624, 7.8118262291, -3.78417849541, -3.26333808899, -3.61991047859, 27.7033882141, 73.8745574951]], "icov": [[0.000165230667335, 2.00692265935e-05, -5.11674734298e-05, -0.000270219024969, 0.000306951114908, 0.000151403117343, -0.000163477248861, 4.5101143769e-05, -0.00017341277271, -0.000159040573635, 9.47336666286e-05, -4.87956531288e-05, 9.28341542021e-05], [2.00692265935e-05, 0.00120801839512, 8.31408324302e-05, 0.000126096943859, -0.00023916560167, 6.92232279107e-05, -0.000150939275045, 0.00083999830531, -0.000181701019756, -6.39103382127e-05, -1.93157811736e-05, 7.83941868576e-05, 0.000150773019413], [-5.11674734298e-05, 8.31408324302e-05, 0.00259141298011, 0.000384021870559, -0.00123053905554, 0.000640727579594, -0.00101862649899, 0.00110755558126, 0.00070956570562, -0.0006444521714, -0.000156391659402, -0.00102864124347, 0.00109156884719], [-0.000270219024969, 0.000126096943859, 0.000384021870559, 0.005359061528, -0.00204988149926, -0.000709578162059, 8.42564404593e-05, -0.000908827641979, 0.000194356995053, 0.00171034771483, -0.000784264761023, -2.65053731709e-05, -0.000870963616762], [0.000306951114908, -0.00023916560167, -0.00123053905554, -0.00204988149926, 0.00787587836385, -0.00261523597874, 0.00114026514348, -0.00121221551672, 0.00018119381275, -0.000295805395581, 0.00226905825548, -0.00105610955507, -0.000206134238397], [0.000151403117343, 6.92232279107e-05, 0.000640727579594, -0.000709578162059, -0.00261523597874, 0.0117597738281, -0.00566819217056, 0.00121661473531, -0.00142328010406, 0.0014426743146, -0.000453858054243, 0.000292991288006, 0.000290305790259], [-0.000163477248861, -0.000150939275045, -0.00101862649899, 8.42564404593e-05, 0.00114026514348, -0.00566819217056, 0.0124052837491, -0.00639454834163, 0.00171013711952, -0.000130056389025, -0.00108725379687, 0.000316431483952, 0.000926982087549], [4.5101143769e-05, 0.00083999830531, 0.00110755558126, -0.000908827641979, -0.00121221551672, 0.00121661473531, -0.00639454834163, 0.0161060523242, -0.0057816086337, 0.00195586169139, -0.00246264110319, 0.0036486806348, -0.00298194028437], [-0.00017341277271, -0.000181701019756, 0.00070956570562, 0.000194356995053, 0.00018119381275, -0.00142328010406, 0.00171013711952, -0.0057816086337, 0.0169006679207, -0.00963801331818, 0.00531470449641, -0.00368335377425, 0.00283564254642], [-0.000159040573635, -6.39103382127e-05, -0.0006444521714, 0.00171034771483, -0.000295805395581, 0.0014426743146, -0.000130056389025, 0.00195586169139, -0.00963801331818, 0.0218007769436, -0.0135911302641, 0.00642014434561, -0.00348183885217], [9.47336666286e-05, -1.93157811736e-05, -0.000156391659402, -0.000784264761023, 0.00226905825548, -0.000453858054243, -0.00108725379687, -0.00246264110319, 0.00531470449641, -0.0135911302641, 0.0258407648653, -0.011782896705, 0.00538360746577], [-4.87956531288e-05, 7.83941868576e-05, -0.00102864124347, -2.65053731709e-05, -0.00105610955507, 0.000292991288006, 0.000316431483952, 0.0036486806348, -0.00368335377425, 0.00642014434561, -0.011782896705, 0.0204035881907, -0.00867097172886], [9.28341542021e-05, 0.000150773019413, 0.00109156884719, -0.000870963616762, -0.000206134238397, 0.000290305790259, 0.000926982087549, -0.00298194028437, 0.00283564254642, -0.00348183885217, 0.00538360746577, -0.00867097172886, 0.0181182138622]], "mean": [-650.929992676, 119.03679657, 0.316100120544, 31.0874156952, -1.385810256, 7.89773988724, 4.01739501953, -2.36615037918, 0.981116116047, -3.27759671211, -3.97493076324, -2.14765167236, -4.40113925934]}, "pitch_salience": {"dmean": 0.0633593350649, "dmean2": 0.102274633944, "dvar": 0.00360342813656, "dvar2": 0.00896928273141, "max": 0.894484579563, "mean": 0.552341580391, "median": 0.568434774876, "min": 0.0791077911854, "var": 0.0157606676221}, "silence_rate_20dB": {"dmean": 0, "dmean2": 0, "dvar": 0, "dvar2": 0, "max": 1, "mean": 1, "median": 1, "min": 1, "var": 0}, "silence_rate_30dB": {"dmean": 0.000458400172647, "dmean2": 0.000916870427318, "dvar": 0.000458082155092, "dvar2": 0.00137403327972, "max": 1, "mean": 0.999770820141, "median": 1, "min": 0, "var": 0.000229102894082}, "silence_rate_60dB": {"dmean": 0.0126824053004, "dmean2": 0.0253667477518, "dvar": 0.0125243458897, "dvar2": 0.028541257605, "max": 1, "mean": 0.0757830440998, "median": 0, "min": 0, "var": 0.0700352340937}, "spectral_centroid": {"dmean": 232.76902771, "dmean2": 358.615447998, "dvar": 72165.9453125, "dvar2": 162856.8125, "max": 11909.2753906, "mean": 1432.75170898, "median": 1227.45727539, "min": 172.159408569, "var": 1356726}, "spectral_complexity": {"dmean": 3.20452284813, "dmean2": 4.78805017471, "dvar": 12.9578771591, "dvar2": 25.0822525024, "max": 54, "mean": 17.7471351624, "median": 16, "min": 0, "var": 87.8154449463}, "spectral_contrast_coeffs": {"dmean": [0.0478635877371, 0.0454604960978, 0.0375432446599, 0.0296413954347, 0.0206101890653, 0.0181727297604], "dmean2": [0.0782243162394, 0.073868624866, 0.0600040741265, 0.0473446026444, 0.0324506126344, 0.0286985710263], "dvar": [0.00165718549397, 0.00143493153155, 0.000946105050389, 0.000581771833822, 0.000322221749229, 0.000274176476523], "dvar2": [0.00432174792513, 0.00364405685104, 0.00235436041839, 0.00141879124567, 0.000745313649531, 0.000641048885882], "max": [-0.283783882856, -0.366829991341, -0.433586537838, -0.551349937916, -0.60427069664, -0.609947443008], "mean": [-0.607454776764, -0.73278772831, -0.754450261593, -0.770744800568, -0.787249684334, -0.745010435581], "median": [-0.611727178097, -0.745713472366, -0.761163949966, -0.774642586708, -0.791539311409, -0.743587493896], "min": [-0.983795046806, -0.979981005192, -0.978300094604, -0.975654184818, -0.967532038689, -0.965611636639], "var": [0.00709529500455, 0.00657842727378, 0.00494835479185, 0.0029031119775, 0.00216020573862, 0.00204918952659]}, "spectral_contrast_valleys": {"dmean": [0.391364574432, 0.376194894314, 0.317137420177, 0.282919257879, 0.233305826783, 0.304441392422], "dmean2": [0.651595890522, 0.595649242401, 0.497028708458, 0.432215452194, 0.337393015623, 0.395005881786], "dvar": [0.127601876855, 0.123495206237, 0.0883185863495, 0.0793535113335, 0.0716884955764, 0.117611728609], "dvar2": [0.31511220336, 0.276405721903, 0.18531575799, 0.157769531012, 0.128520131111, 0.213517323136], "max": [-5.38656044006, -4.55740070343, -5.26140975952, -6.12584257126, -5.7318072319, -7.9675116539], "mean": [-7.52624130249, -7.05029344559, -7.6540594101, -8.14129066467, -7.80306911469, -10.4222164154], "median": [-7.10083675385, -6.78545761108, -7.37815189362, -7.82238578796, -7.46195793152, -10.0823459625], "min": [-28.3433055878, -28.5498561859, -27.8045291901, -27.7090301514, -27.481174469, -27.3989963531], "var": [4.75323534012, 4.8697924614, 4.58107280731, 4.42717075348, 4.65293121338, 3.83777832985]}, "spectral_decrease": {"dmean": 1.81085191286e-09, "dmean2": 2.77129297288e-09, "dvar": 5.94814328831e-18, "dvar2": 1.37567373698e-17, "max": 4.99643506822e-16, "mean": -5.56559376363e-09, "median": -4.80832795802e-09, "min": -3.11751335857e-08, "var": 1.68414287044e-17}, "spectral_energy": {"dmean": 0.00716421147808, "dmean2": 0.0108939409256, "dvar": 9.27021974348e-05, "dvar2": 0.00021260700305, "max": 0.122254900634, "mean": 0.0224791951478, "median": 0.0194531809539, "min": 9.73336156649e-21, "var": 0.00027476035757}, "spectral_energyband_high": {"dmean": 0.000300787272863, "dmean2": 0.000420611846494, "dvar": 3.16148089041e-07, "dvar2": 6.68928862524e-07, "max": 0.0142031293362, "mean": 0.000770515354816, "median": 0.000400137068937, "min": 6.69027960739e-21, "var": 1.15579769044e-06}, "spectral_energyband_low": {"dmean": 0.00283907819539, "dmean2": 0.00461859349161, "dvar": 1.89555375982e-05, "dvar2": 4.78881847812e-05, "max": 0.0587438084185, "mean": 0.00641169492155, "median": 0.00529383961111, "min": 1.24031330062e-23, "var": 3.243588435e-05}, "spectral_energyband_middle_high": {"dmean": 0.00127890182193, "dmean2": 0.00190499960445, "dvar": 5.29567842023e-06, "dvar2": 1.16483151942e-05, "max": 0.0529511198401, "mean": 0.00400678766891, "median": 0.00227928441018, "min": 1.17183815772e-21, "var": 2.37220428971e-05}, "spectral_energyband_middle_low": {"dmean": 0.00530932610855, "dmean2": 0.00819472502917, "dvar": 6.28339184914e-05, "dvar2": 0.000147426690091, "max": 0.109260551631, "mean": 0.0129034491256, "median": 0.00988065078855, "min": 1.23187080077e-22, "var": 0.00015708891442}, "spectral_entropy": {"dmean": 0.142562747002, "dmean2": 0.206933706999, "dvar": 0.0212161242962, "dvar2": 0.0436287671328, "max": 9.81891155243, "mean": 7.53889846802, "median": 7.59230422974, "min": 4.57352924347, "var": 0.231808558106}, "spectral_flux": {"dmean": 0.0205628629774, "dmean2": 0.0313374698162, "dvar": 0.000528755714186, "dvar2": 0.00117000762839, "max": 0.289763182402, "mean": 0.0693137124181, "median": 0.0633098483086, "min": 6.35680466599e-11, "var": 0.00171796255745}, "spectral_kurtosis": {"dmean": 1.28599572182, "dmean2": 2.16084527969, "dvar": 4.14755630493, "dvar2": 10.4724826813, "max": 84.7098770142, "mean": 3.81016778946, "median": 2.94985437393, "min": -1.25786268711, "var": 17.4827423096}, "spectral_rms": {"dmean": 0.000697986339219, "dmean2": 0.00104390352499, "dvar": 6.4328304461e-07, "dvar2": 1.40482825373e-06, "max": 0.0109212212265, "mean": 0.00433759996668, "median": 0.00435645645484, "min": 3.0815519407e-12, "var": 3.11623284688e-06}, "spectral_rolloff": {"dmean": 376.986816406, "dmean2": 635.003601074, "dvar": 380113.96875, "dvar2": 857343.3125, "max": 21296.3378906, "mean": 1448.11230469, "median": 904.39453125, "min": 129.19921875, "var": 4434396}, "spectral_skewness": {"dmean": 0.18408420682, "dmean2": 0.293608039618, "dvar": 0.0392394922674, "dvar2": 0.0934848114848, "max": 7.24006223679, "mean": 1.36521661282, "median": 1.27149868011, "min": -0.122541971505, "var": 0.309071213007}, "spectral_spread": {"dmean": 433576.8125, "dmean2": 632998.125, "dvar": 360713977856, "dvar2": 742748192768, "max": 42926116, "mean": 4823207, "median": 4362762, "min": 1118341.875, "var": 13