{"lowlevel": {"average_loudness": 0.956363081932, "barkbands": {"dmean": [3.41629056493e-05, 0.00229712249711, 0.000900846091099, 0.00135933468118, 0.00265136826783, 0.00071199220838, 0.00124265509658, 0.00095761223929, 0.000541571993381, 0.000305113237118, 0.000412765191868, 0.000477404508274, 0.000528334639966, 0.000328858062858, 0.000305353838485, 0.000214148429222, 0.000275647704257, 0.000208155994187, 0.00015082412574, 0.0001877805189, 0.000182964795385, 9.00628074305e-05, 0.000130693326355, 0.000113082649477, 3.94980888814e-05, 6.75629235047e-06, 4.5164924245e-07], "dmean2": [5.83269793424e-05, 0.0033088834025, 0.00143354281317, 0.00226719211787, 0.00407167198136, 0.00109431287274, 0.00198059831746, 0.00152353558224, 0.000811273930594, 0.000455228961073, 0.000651495414786, 0.000741769501474, 0.000782251125202, 0.000497701810673, 0.000473981664982, 0.000325501925545, 0.000406425562687, 0.000308906775899, 0.000222931092139, 0.000275156664429, 0.000268649630016, 0.000129563646624, 0.000185455748579, 0.00015916537086, 5.46017690795e-05, 9.65111121332e-06, 6.99156828432e-07], "dvar": [5.5725464243e-09, 2.07215980481e-05, 3.0027745197e-06, 5.02641023559e-06, 1.34815945785e-05, 1.64153732385e-06, 4.61073977931e-06, 2.83018675873e-06, 2.10349935514e-06, 4.40476753738e-07, 9.99838334792e-07, 1.48111871567e-06, 2.51570031651e-06, 7.38330697914e-07, 5.51391963199e-07, 2.80471056158e-07, 3.32208941245e-07, 2.48786136581e-07, 1.57230360287e-07, 3.5614525018e-07, 3.9933686935e-07, 1.13877860031e-07, 2.80880186665e-07, 2.48448912998e-07, 3.04203524593e-08, 5.16448661614e-10, 2.96194080547e-12], "dvar2": [1.48144252421e-08, 4.07507141063e-05, 7.14697034709e-06, 1.35816608235e-05, 3.06577203446e-05, 3.76490197596e-06, 1.11550025395e-05, 6.66915912007e-06, 4.5706410674e-06, 8.21694357001e-07, 2.18122545448e-06, 3.45031457982e-06, 5.03313049194e-06, 1.61231741913e-06, 1.2129210063e-06, 5.88139243973e-07, 6.76293041124e-07, 5.94156176703e-07, 3.32078371912e-07, 7.24058111246e-07, 9.58754640124e-07, 2.32814727497e-07, 5.98530732532e-07, 4.64171847625e-07, 5.14556894871e-08, 1.00638286593e-09, 7.08064466434e-12], "max": [0.00188778433949, 0.0783255323768, 0.0407283604145, 0.0402348637581, 0.0706174448133, 0.0307261850685, 0.0403265431523, 0.0370116457343, 0.0468565635383, 0.0175667610019, 0.0196831971407, 0.0307319425046, 0.0505460686982, 0.0226884316653, 0.0162370614707, 0.0124446917325, 0.0158263165504, 0.0186685677618, 0.00961865019053, 0.020121563226, 0.0283959601074, 0.0166634228081, 0.0151503821835, 0.0160760935396, 0.00778378266841, 0.000694093410857, 5.14785169798e-05], "mean": [4.21409604314e-05, 0.00502375839278, 0.00135467469227, 0.00190356944222, 0.00579474074766, 0.00154784996994, 0.00233375909738, 0.00172620534431, 0.00115323916543, 0.000596983940341, 0.000701446726453, 0.000890963245183, 0.00104403938167, 0.00051862327382, 0.000492544902954, 0.000366987747839, 0.000561915861908, 0.000443333003204, 0.00024596604635, 0.000332580064423, 0.000321699568303, 0.000151695741806, 0.000219109613681, 0.000200898532057, 6.93409238011e-05, 8.85259214556e-06, 4.91916807732e-07], "median": [1.65190922417e-05, 0.00127562251873, 0.000499219284393, 0.000975596776698, 0.0036548988428, 0.000800354871899, 0.000908625195734, 0.000590769166593, 0.000254856742686, 0.000167120218975, 0.000197734465473, 0.000211317921639, 0.000228116405196, 0.000160948271514, 0.000142724777106, 0.000106661726022, 0.000170654893736, 0.000131961540319, 7.17811708455e-05, 6.59746292513e-05, 7.32131011318e-05, 3.22568230331e-05, 2.59160988207e-05, 1.51524136527e-05, 7.13021654519e-06, 8.30644069083e-07, 4.39472316316e-08], "min": [8.77501655267e-25, 2.21632482917e-24, 1.68053602437e-24, 2.52812441924e-25, 9.20329466014e-24, 3.81025891451e-24, 6.8467257448e-24, 8.4620564989e-24, 4.96582812241e-24, 1.54066790932e-23, 1.19410664084e-23, 2.02077843811e-23, 2.98633140656e-23, 2.60490027726e-23, 3.63398210766e-23, 5.12979996131e-23, 6.91393480066e-23, 5.86905066637e-23, 1.12167210724e-22, 1.56752417397e-22, 2.60996410163e-22, 3.1370774244e-22, 3.16594518969e-22, 6.13426772219e-22, 7.93824190845e-22, 1.30912964164e-21, 1.97681525142e-21], "var": [9.87392834162e-09, 7.1005859354e-05, 5.86633359489e-06, 7.05133106749e-06, 4.12927292928e-05, 5.46193223272e-06, 1.27394887386e-05, 7.87308363215e-06, 7.51652805775e-06, 1.59073488248e-06, 2.34913795794e-06, 4.11579549109e-06, 8.77035745361e-06, 1.44463001561e-06, 1.17735760341e-06, 6.76745685269e-07, 1.15227305741e-06, 6.47522597319e-07, 3.22333249869e-07, 1.15386387733e-06, 7.31269153675e-07, 2.54282497281e-07, 6.20985701971e-07, 8.68532026743e-07, 1.20868406839e-07, 1.10480524729e-09, 4.35368624832e-12]}, "barkbands_crest": {"dmean": 2.41022515297, "dmean2": 3.771723032, "dvar": 4.89688873291, "dvar2": 11.3282690048, "max": 25.1666259766, "mean": 10.5548458099, "median": 9.66784191132, "min": 2.56340098381, "var": 18.7517356873}, "barkbands_flatness_db": {"dmean": 0.0222283508629, "dmean2": 0.0317562259734, "dvar": 0.000535765197128, "dvar2": 0.000936546071898, "max": 0.363309413195, "mean": 0.153026267886, "median": 0.149491071701, "min": 0.032278880477, "var": 0.00279974797741}, "barkbands_kurtosis": {"dmean": 2.55611538887, "dmean2": 3.93366765976, "dvar": 23.0625, "dvar2": 49.4157104492, "max": 136.272994995, "mean": 4.45442676544, "median": 1.90551805496, "min": -1.93662238121, "var": 75.9898986816}, "barkbands_skewness": {"dmean": 0.489678770304, "dmean2": 0.740193963051, "dvar": 0.287562012672, "dvar2": 0.590957462788, "max": 9.58839607239, "mean": 1.41449534893, "median": 1.3382037878, "min": -4.52023029327, "var": 1.90476071835}, "barkbands_spread": {"dmean": 5.03390073776, "dmean2": 7.4211230278, "dvar": 46.1596412659, "dvar2": 89.6250305176, "max": 106.421394348, "mean": 19.2427177429, "median": 15.9571552277, "min": 0.811345815659, "var": 177.387924194}, "dissonance": {"dmean": 0.0205721799284, "dmean2": 0.0339456796646, "dvar": 0.00040870058001, "dvar2": 0.00108769664075, "max": 0.499999940395, "mean": 0.455116122961, "median": 0.462051153183, "min": 0.214683368802, "var": 0.00103601859882}, "dynamic_complexity": 2.9447479248, "erbbands": {"dmean": [0.0569144338369, 0.551914691925, 0.96779024601, 2.53797912598, 8.77171802521, 8.8332233429, 5.8202381134, 6.30710268021, 11.5250453949, 24.6395702362, 19.84633255, 13.2306528091, 11.7372617722, 8.68016624451, 15.1534967422, 20.8503303528, 21.3043041229, 18.7392749786, 16.6877117157, 10.9196233749, 11.5347414017, 13.4557285309, 11.4663257599, 8.32347011566, 7.41253852844, 9.12237739563, 9.34146213531, 5.42622280121, 3.20793247223, 3.40439796448, 3.71881604195, 2.88247704506, 1.59880185127, 0.658719241619, 0.174010291696, 0.0459361001849, 0.00876330398023, 0.00150170212146, 5.9910275013e-05, 9.90911394183e-06], "dmean2": [0.0824642926455, 0.795975446701, 1.51476740837, 4.14658594131, 13.9161605835, 13.4725227356, 8.81873130798, 9.91302394867, 18.1359329224, 39.2240142822, 31.0887508392, 19.6653518677, 17.1223964691, 13.1637821198, 24.2238006592, 32.3671417236, 30.9134712219, 28.2557563782, 25.8517112732, 16.1786727905, 17.285243988, 19.7116279602, 17.0204524994, 12.316945076, 10.8923959732, 13.4291152954, 13.747918129, 7.98053503036, 4.57960128784, 5.0406794548, 5.32749032974, 4.14012479782, 2.29840421677, 0.913624167442, 0.239124342799, 0.0655583813787, 0.0125008039176, 0.00220005586743, 8.92115567694e-05, 1.45484027598e-05], "dvar": [0.0167779140174, 1.09071266651, 2.77406358719, 19.162612915, 198.411346436, 198.858978271, 123.333076477, 132.962982178, 453.474029541, 1682.77172852, 1507.56091309, 1337.10632324, 619.65447998, 349.196289062, 1203.94628906, 2790.9128418, 3920.64575195, 2318.73217773, 1539.80712891, 820.32434082, 590.881469727, 759.869384766, 767.65045166, 379.204711914, 516.103271484, 875.70098877, 1085.7199707, 276.427520752, 136.710006714, 333.394805908, 210.62600708, 148.555587769, 58.5781707764, 9.35868358612, 0.45858040452, 0.0278379637748, 0.000791277270764, 2.30775858654e-05, 5.04730159889e-08, 1.6919179946e-10], "dvar2": [0.0314688533545, 2.19762706757, 6.51016664505, 50.7580528259, 463.06362915, 433.579589844, 258.262451172, 319.717102051, 1042.14953613, 4145.84277344, 3486.50097656, 2854.87890625, 1087.57983398, 676.198242188, 2686.44628906, 6608.56152344, 7691.66064453, 5135.86523438, 3328.52246094, 1737.84191895, 1281.10351562, 1546.09558105, 1859.24304199, 738.119628906, 1113.82287598, 1880.31811523, 2555.86376953, 661.019165039, 261.82901001, 867.810974121, 412.001861572, 278.730712891, 115.625686646, 15.7441654205, 0.757584452629, 0.0534532852471, 0.00155015313067, 4.96629400004e-05, 1.16339748502e-07, 3.27723348459e-10], "max": [2.45192742348, 18.9665927887, 42.0221328735, 87.9760971069, 214.523925781, 349.560394287, 427.037658691, 263.229309082, 543.041625977, 658.226013184, 1001.57562256, 855.501281738, 474.278259277, 629.630493164, 591.186157227, 1218.14208984, 1669.92675781, 1291.94104004, 1287.51611328, 950.611022949, 492.560668945, 697.68182373, 929.564331055, 513.589355469, 600.031555176, 901.932067871, 1388.92370605, 600.446594238, 652.508666992, 862.257873535, 358.165527344, 324.58682251, 270.26864624, 151.596694946, 30.8379955292, 5.10438394547, 1.0865790844, 0.149150058627, 0.00749931996688, 0.000470150989713], "mean": [0.121116176248, 1.20711481571, 1.72124969959, 4.01799631119, 15.1901741028, 19.5396652222, 12.6739187241, 13.1436090469, 22.9830474854, 46.028377533, 37.8312530518, 28.486907959, 25.2936725616, 18.1550884247, 27.6234035492, 43.268699646, 44.4128341675, 33.4587135315, 27.324672699, 22.0103130341, 23.2388324738, 29.8192920685, 25.9865436554, 16.5976066589, 12.2275257111, 16.0702171326, 15.974190712, 9.87788486481, 5.50960350037, 5.48544883728, 6.34990024567, 4.98271846771, 2.846378088, 1.16151273251, 0.294842749834, 0.0645121112466, 0.0115980925038, 0.00186968874186, 8.37246116134e-05, 3.72125505237e-05], "median": [0.0200338046998, 0.349310696125, 0.871199846268, 2.25770783424, 8.57663059235, 10.0806465149, 6.20849990845, 6.78712129593, 10.5542440414, 18.8413562775, 14.2738685608, 7.59954500198, 8.24613857269, 6.91656112671, 10.1473703384, 11.1412220001, 10.8318958282, 12.0296230316, 8.69451808929, 6.34720230103, 8.21647453308, 9.61793136597, 7.62471675873, 5.80621767044, 3.42789268494, 3.22497367859, 3.13956832886, 2.41250014305, 1.24915540218, 0.842945098877, 0.673190236092, 0.367208689451, 0.222183138132, 0.11423253268, 0.0299803521484, 0.00627934932709, 0.00105104071554, 0.00019582650566, 2.35631378018e-05, 3.48695757566e-05], "min": [3.87467303618e-23, 3.23051490629e-22, 2.58517912697e-21, 4.31770265956e-21, 1.10165723437e-20, 2.90463825863e-20, 5.82098306164e-20, 2.92232538346e-20, 9.27621600044e-20, 1.43015030116e-19, 2.26217302222e-19, 1.73925270342e-19, 5.38575125484e-19, 6.04448118854e-19, 9.62370462375e-19, 1.02638969229e-18, 1.30003106849e-18, 1.51553043642e-18, 2.28247565337e-18, 2.86893760868e-18, 3.16983965255e-18, 4.43370297254e-18, 3.82019138401e-18, 6.50777977635e-18, 6.08035528792e-18, 8.33319119879e-18, 9.0044044253e-18, 9.77471058048e-18, 1.10540909816e-17, 9.33098608449e-18, 1.02285878913e-17, 1.07247175878e-17, 8.86159996435e-18, 8.16300209648e-18, 5.84375681731e-18, 4.09419827064e-18, 2.3348210901e-18, 1.02281027499e-18, 2.29014594409e-19, 2.52563589575e-20], "var": [0.0611706338823, 3.6699051857, 6.11552238464, 27.1794166565, 390.007232666, 784.634887695, 546.522033691, 358.361846924, 1284.62670898, 4441.77587891, 4275.74414062, 4657.49365234, 2364.39672852, 1292.64135742, 2607.15454102, 8538.1015625, 14549.0791016, 4575.1328125, 3126.13183594, 2995.70776367, 1782.30651855, 2929.8269043, 2214.55102539, 1033.86608887, 1077.66455078, 2635.87060547, 2157.58935547, 621.909240723, 329.934417725, 424.66394043, 536.469787598, 442.099304199, 210.609939575, 36.5558166504, 1.84396660328, 0.0662595257163, 0.00190032704268, 4.32836677646e-05, 8.48172234669e-08, 6.97089885815e-10]}, "erbbands_crest": {"dmean": 2.58903217316, "dmean2": 4.1448431015, "dvar": 6.51965856552, "dvar2": 15.1390895844, "max": 29.3661842346, "mean": 9.51317214966, "median": 8.50028705597, "min": 2.69744992256, "var": 19.0559616089}, "erbbands_flatness_db": {"dmean": 0.0171985961497, "dmean2": 0.02429125458, "dvar": 0.00027130136732, "dvar2": 0.0005135256215, "max": 0.339084148407, "mean": 0.175510719419, "median": 0.176492631435, "min": 0.0444918088615, "var": 0.00157682364807}, "erbbands_kurtosis": {"dmean": 0.848860681057, "dmean2": 1.31989872456, "dvar": 1.5224313736, "dvar2": 3.33533334732, "max": 21.4908161163, "mean": 0.483434528112, "median": -0.118920087814, "min": -1.79414737225, "var": 4.40220355988}, "erbbands_skewness": {"dmean": 0.332207411528, "dmean2": 0.499877631664, "dvar": 0.104906626046, "dvar2": 0.221511736512, "max": 3.9298350811, "mean": 0.231060028076, "median": 0.291144877672, "min": -3.44599485397, "var": 0.603042781353}, "erbbands_spread": {"dmean": 7.00984668732, "dmean2": 10.595457077, "dvar": 58.6577377319, "dvar2": 130.781951904, "max": 145.956283569, "mean": 35.1809005737, "median": 33.5484428406, "min": 3.99441504478, "var": 243.775375366}, "gfcc": {"cov": [[37835.6015625, 2154.96435547, -4129.13916016, 1442.3449707, -2162.36523438, 254.847732544, -1431.45385742, 45.2394104004, -579.09777832, -48.5234603882, -252.020675659, -181.058624268, -277.594116211], [2154.96435547, 1868.85266113, -207.857955933, -202.91078186, 275.958648682, -53.9483108521, 140.237915039, -29.9452533722, 91.4785614014, -121.256523132, 87.3312301636, -37.2163314819, 22.8392772675], [-4129.13916016, -207.857955933, 1014.29632568, 19.8780899048, 351.276275635, 67.8443450928, 216.662200928, 41.2899131775, 51.02394104, 115.968032837, 36.5220909119, 36.0696563721, 82.7091445923], [1442.3449707, -202.91078186, 19.8780899048, 451.10748291, 10.3792848587, 20.1665973663, -81.9440689087, 16.0789642334, -2.6184232235, 55.817150116, -35.5550231934, 10.744354248, 71.6633377075], [-2162.36523438, 275.958648682, 351.276275635, 10.3792848587, 458.018737793, 4.4467959404, 146.049285889, 15.5577707291, 81.8001937866, 18.2815380096, 24.6360282898, 27.6832904816, 69.5259246826], [254.847732544, -53.9483108521, 67.8443450928, 20.1665973663, 4.4467959404, 219.090164185, 88.954864502, 54.1435317993, 14.250582695, 31.6247749329, 50.214641571, 15.0239496231, -11.3275346756], [-1431.45385742, 140.237915039, 216.662200928, -81.9440689087, 146.049285889, 88.954864502, 292.218048096, 87.6367645264, 46.6510620117, -0.118979245424, 78.0163574219, 37.0529098511, -6.1108546257], [45.2394104004, -29.9452533722, 41.2899131775, 16.0789642334, 15.5577707291, 54.1435317993, 87.6367645264, 137.611328125, 34.4922409058, 32.1469650269, 30.5959320068, 15.8288516998, -7.15402603149], [-579.09777832, 91.4785614014, 51.02394104, -2.6184232235, 81.8001937866, 14.250582695, 46.6510620117, 34.4922409058, 161.948104858, 23.2286930084, 55.045135498, 13.6659212112, 32.5417671204], [-48.5234603882, -121.256523132, 115.968032837, 55.817150116, 18.2815380096, 31.6247749329, -0.118979245424, 32.1469650269, 23.2286930084, 139.261657715, 30.3731384277, -4.23814916611, 4.55661296844], [-252.020675659, 87.3312301636, 36.5220909119, -35.5550231934, 24.6360282898, 50.214641571, 78.0163574219, 30.5959320068, 55.045135498, 30.3731384277, 137.12449646, 24.7312450409, -5.39726018906], [-181.058624268, -37.2163314819, 36.0696563721, 10.744354248, 27.6832904816, 15.0239496231, 37.0529098511, 15.8288516998, 13.6659212112, -4.23814916611, 24.7312450409, 95.5695419312, 28.0522937775], [-277.594116211, 22.8392772675, 82.7091445923, 71.6633377075, 69.5259246826, -11.3275346756, -6.1108546257, -7.15402603149, 32.5417671204, 4.55661296844, -5.39726018906, 28.0522937775, 120.84312439]], "icov": [[0.000213871520828, -0.000529547221959, 0.000471733044833, -0.00074998405762, 0.000714226393029, -0.000579100626055, 0.000621501763817, -0.000495136366226, 0.000492603343446, -0.00048041131231, 0.000239762230194, -0.000393087626435, 0.000237599495449], [-0.000529547221959, 0.00213338178582, -0.000726454716641, 0.00208983477205, -0.00246672634967, 0.00159033027012, -0.00188813603017, 0.00142588978633, -0.0012733663898, 0.00162104389165, -0.00116572610568, 0.0016649790341, -0.000961350277066], [0.000471733044833, -0.000726454716641, 0.003008591244, -0.00143674947321, 0.000299287319649, -0.0013288409682, 8.19587294245e-05, -0.000521197740454, 0.00142095785122, -0.00240722997114, 0.00070253625745, -0.000548127572984, -0.000442937278422], [-0.00074998405762, 0.00208983477205, -0.00143674947321, 0.00562016060576, -0.00293029216118, 0.00146212871186, -0.0012093053665, 0.000962612044532, -0.00139724148903, 0.000768959929701, -0.000357624288881, 0.00132891186513, -0.00262574106455], [0.000714226393029, -0.00246672634967, 0.000299287319649, -0.00293029216118, 0.00669532688335, -0.00149430031888, 0.000758737442084, -0.00101787352469, 0.000337829871569, -0.00178163032979, 0.00177919131238, -0.00184070656542, 0.000108707186882], [-0.000579100626055, 0.00159033027012, -0.0013288409682, 0.00146212871186, -0.00149430031888, 0.00749699166045, -0.00333857559599, 0.000504742318299, -0.00105014222208, 0.000726437021513, -0.00198062113486, 0.00109321705531, -0.000251731195021], [0.000621501763817, -0.00188813603017, 8.19587294245e-05, -0.0012093053665, 0.000758737442084, -0.00333857559599, 0.00970659963787, -0.00535793229938, 0.00176247232594, 0.000820606888738, -0.00162276043557, -0.00235924846493, 0.00183939968701], [-0.000495136366226, 0.00142588978633, -0.000521197740454, 0.000962612044532, -0.00101787352469, 0.000504742318299, -0.00535793229938, 0.0120559018105, -0.00296948011965, -0.00123934668954, 0.000368586246623, 0.000196167020476, 0.000271998462267], [0.000492603343446, -0.0012733663898, 0.00142095785122, -0.00139724148903, 0.000337829871569, -0.00105014222208, 0.00176247232594, -0.00296948011965, 0.00972988456488, -0.00169430137612, -0.00257567735389, -0.000355288968422, -0.00174000754487], [-0.00048041131231, 0.00162104389165, -0.00240722997114, 0.000768959929701, -0.00178163032979, 0.000726437021513, 0.000820606888738, -0.00123934668954, -0.00169430137612, 0.0116025069728, -0.00354067981243, 0.00246682367288, 0.000130870423163], [0.000239762230194, -0.00116572610568, 0.00070253625745, -0.000357624288881, 0.00177919131238, -0.00198062113486, -0.00162276043557, 0.000368586246623, -0.00257567735389, -0.00354067981243, 0.0118726501241, -0.00310655753128, 0.00131132570095], [-0.000393087626435, 0.0016649790341, -0.000548127572984, 0.00132891186513, -0.00184070656542, 0.00109321705531, -0.00235924846493, 0.000196167020476, -0.000355288968422, 0.00246682367288, -0.00310655753128, 0.0137805929407, -0.0039118565619], [0.000237599495449, -0.000961350277066, -0.000442937278422, -0.00262574106455, 0.000108707186882, -0.000251731195021, 0.00183939968701, 0.000271998462267, -0.00174000754487, 0.000130870423163, 0.00131132570095, -0.0039118565619, 0.0123162530363]], "mean": [-40.1547660828, 108.951568604, -123.198982239, 35.1712265015, -60.8475952148, 9.80536270142, -38.838973999, 1.00960302353, -20.9567661285, -2.45353960991, -11.1668605804, -6.35038280487, -9.91439533234]}, "hfc": {"dmean": 6.88603973389, "dmean2": 9.52372074127, "dvar": 194.72203064, "dvar2": 365.031280518, "max": 428.68850708, "mean": 23.0178089142, "median": 14.9692335129, "min": 1.08123941005e-16, "var": 771.372192383}, "melbands": {"dmean": [0.000599519000389, 0.000563100795262, 0.000628180801868, 0.000620127771981, 0.000248173775617, 0.000142772274558, 0.000200612965273, 0.000251548364758, 0.000150016188854, 8.13458464108e-05, 5.86312562518e-05, 3.38132231263e-05, 5.65784721402e-05, 5.27520169271e-05, 5.95885067014e-05, 4.25844955316e-05, 3.61428101314e-05, 2.84261368506e-05, 1.82959338417e-05, 1.43006045619e-05, 1.51081749209e-05, 1.55384204845e-05, 1.16599794637e-05, 1.16067858471e-05, 6.83287998982e-06, 5.78138224228e-06, 5.55923361389e-06, 6.58926046526e-06, 6.39806467007e-06, 4.65540961159e-06, 2.88730188913e-06, 1.97409144675e-06, 1.65473431935e-06, 2.11571887121e-06, 2.23094480134e-06, 2.2206054382e-06, 1.71269277871e-06, 1.28609406147e-06, 8.11504037301e-07, 5.00978899254e-07], "dmean2": [0.000858815445099, 0.000839779211674, 0.00101736222859, 0.000964863109402, 0.000372049922589, 0.000222392118303, 0.000317174970405, 0.000401553494157, 0.000234340579482, 0.000120039760077, 8.5811734607e-05, 5.16079489898e-05, 9.04643675312e-05, 8.44394162414e-05, 8.84653200046e-05, 6.32008450339e-05, 5.49998985662e-05, 4.38747920271e-05, 2.8019056117e-05, 2.15013933484e-05, 2.30736131925e-05, 2.28937260545e-05, 1.73812168214e-05, 1.75802761078e-05, 1.02886842797e-05, 8.77135880728e-06, 8.26918494568e-06, 9.92826880974e-06, 9.57991687756e-06, 6.99524025549e-06, 4.35411038779e-06, 2.90283446702e-06, 2.45889987127e-06, 3.18640718433e-06, 3.25268842971e-06, 3.26209828927e-06, 2.51963274422e-06, 1.8677216076e-06, 1.16635965242e-06, 7.1795761869e-07], "dvar": [1.59659987276e-06, 7.61646958836e-07, 9.46258182921e-07, 8.10834933418e-07, 1.78947985319e-07, 6.67380177788e-08, 1.24490426856e-07, 1.6421350324e-07, 9.54170360501e-08, 4.84067932405e-08, 1.52810688547e-08, 5.57342527685e-09, 1.88773370269e-08, 1.56491122283e-08, 3.7238752526e-08, 1.24086172448e-08, 8.66898997032e-09, 5.04022690251e-09, 3.01716718276e-09, 1.51034573737e-09, 1.06653053056e-09, 1.09541997695e-09, 6.10842043614e-10, 1.08052278236e-09, 2.79894635247e-10, 3.37872563261e-10, 3.91441073999e-10, 4.76134631722e-10, 4.5677850391e-10, 3.36548566793e-10, 8.4690650326e-11, 4.74921629801e-11, 5.72719510705e-11, 1.35619140917e-10, 7.69733304873e-11, 8.40263136848e-11, 5.48980791382e-11, 3.81053764931e-11, 1.63518174695e-11, 5.52072753832e-12], "dvar2": [3.05578896587e-06, 1.68497774666e-06, 2.40791905526e-06, 1.87878470115e-06, 3.80300150482e-07, 1.5916937457e-07, 2.93466030143e-07, 4.05861527497e-07, 2.22809745765e-07, 1.01122751062e-07, 2.72076281504e-08, 1.05202397904e-08, 4.1413446894e-08, 3.86184559886e-08, 7.65901191357e-08, 2.46210927202e-08, 1.96734664115e-08, 1.05543263018e-08, 6.42486952529e-09, 3.14560422154e-09, 2.35540098537e-09, 2.13608708499e-09, 1.27476496026e-09, 2.72110201038e-09, 5.4869103705e-10, 7.7011336197e-10, 8.53736026318e-10, 1.05640884929e-09, 1.02279396064e-09, 8.61213933501e-10, 2.20328158496e-10, 8.85691520125e-11, 1.39244796249e-10, 3.57837898202e-10, 1.56905113902e-10, 1.7192934576e-10, 1.08299300083e-10, 7.99691840525e-11, 3.09727625492e-11, 9.95483903643e-12], "max": [0.0228978395462, 0.0156290270388, 0.0163062941283, 0.0185146462172, 0.0115143805742, 0.00583647936583, 0.00863150227815, 0.0058693815954, 0.00769128743559, 0.00514015881345, 0.00232425215654, 0.00282736727968, 0.00264002638869, 0.00342093268409, 0.00758774671704, 0.00336734834127, 0.00215158425272, 0.00255390908569, 0.00156648037955, 0.00112093414646, 0.000774962187279, 0.000953743176069, 0.000771598948631, 0.00133701320738, 0.00047295645345, 0.00053160765674, 0.000730542931706, 0.000691079127137, 0.000660833844449, 0.000919816899113, 0.000439727766206, 0.000389362801798, 0.000304166431306, 0.00054984097369, 0.000226898744586, 0.000214050218347, 0.000207248653169, 0.000207494478673, 0.000205674121389, 0.000111692752398], "mean": [0.00131243269425, 0.00118144869339, 0.00104728154838, 0.00129182857927, 0.00055342662381, 0.000298962899251, 0.000400515185902, 0.00047562160762, 0.000280998443486, 0.000173623426235, 0.000121145123558, 6.69782530167e-05, 9.75956572802e-05, 9.58663295023e-05, 0.000127053834149, 8.10784258647e-05, 5.84564004384e-05, 4.35641122749e-05, 3.12860902341e-05, 2.66709776042e-05, 2.81857610389e-05, 3.22924024658e-05, 2.47828611464e-05, 2.30349633057e-05, 1.2192847862e-05, 8.52863740874e-06, 9.11348161026e-06, 1.10246883196e-05, 1.05807139335e-05, 7.80315349402e-06, 5.03428418597e-06, 3.25074938701e-06, 2.48992500929e-06, 3.2606719742e-06, 3.68299720321e-06, 3.56749592356e-06, 2.82515088657e-06, 2.16643547901e-06, 1.383902827e-06, 8.4083984575e-07], "median": [0.000276900216704, 0.000562440953217, 0.000636884302367, 0.000785629614256, 0.000267402443569, 0.000151015905431, 0.000181572555448, 0.000207047662116, 8.92316602403e-05, 3.89048764191e-05, 3.68186811102e-05, 2.23305069085e-05, 3.01598574879e-05, 2.81418742816e-05, 2.2331454602e-05, 2.12800987356e-05, 1.88568246813e-05, 1.1973648725e-05, 8.33751710161e-06, 7.45937722968e-06, 9.45657029661e-06, 9.66100469668e-06, 6.97211316947e-06, 6.05502737017e-06, 3.88584157918e-06, 2.08803157875e-06, 2.01076136364e-06, 1.9431754481e-06, 1.79902326636e-06, 1.70917212472e-06, 1.22052995266e-06, 6.90572107942e-07, 4.04922928965e-07, 4.55023638324e-07, 3.9941983232e-07, 2.43049584014e-07, 1.93033670826e-07, 1.47585907939e-07, 1.16744750756e-07, 8.27415149729e-08], "min": [9.77894066217e-25, 1.18612169215e-24, 8.29467914748e-25, 1.68072239276e-24, 2.49378417005e-24, 7.20284733692e-25, 1.41564392797e-24, 1.67423519511e-24, 1.68903422569e-24, 9.11105749322e-25, 1.64807005939e-24, 2.26060891659e-24, 3.34028635275e-24, 3.0174140645e-24, 2.26544443673e-24, 2.90502090981e-24, 1.98636142289e-24, 2.73402189797e-24, 2.75315986075e-24, 3.50513106624e-24, 2.88781072587e-24, 4.32542137322e-24, 2.91302291762e-24, 2.77702921402e-24, 4.06116401402e-24, 3.99654920614e-24, 4.30925879656e-24, 4.64552416805e-24, 4.52955333194e-24, 4.74216830641e-24, 5.43648107669e-24, 4.72237381414e-24, 4.81879312714e-24, 5.12183207173e-24, 5.19978533423e-24, 4.67049398228e-24, 6.04491647669e-24, 5.8438236046e-24, 6.47142122484e-24, 5.73828900384e-24], "var": [5.64032052353e-06, 2.40702343035e-06, 1.58941134032e-06, 2.24000086746e-06, 7.6615145872e-07, 1.90513731013e-07, 3.55841223154e-07, 4.29761655596e-07, 2.65915645059e-07, 1.81378979391e-07, 5.76052201495e-08, 2.11859489951e-08, 4.2207009443e-08, 3.99652719807e-08, 1.49211459188e-07, 3.54076199471e-08, 1.57257495914e-08, 1.03161861276e-08, 6.95958846109e-09, 4.32276969775e-09, 2.91683788234e-09, 4.22644097497e-09, 2.14918793873e-09, 2.26155161265e-09, 7.07638947439e-10, 5.38048050558e-10, 9.18143727713e-10, 1.35526012635e-09, 1.05177144771e-09, 4.85024409524e-10, 1.76247100248e-10, 1.21969864764e-10, 8.5874495015e-11, 1.61496857554e-10, 1.83360923667e-10, 1.99670752155e-10, 1.58187282717e-10, 1.24122753742e-10, 5.66733535101e-11, 1.92434748691e-11]}, "melbands_crest": {"dmean": 2.71488761902, "dmean2": 4.36610031128, "dvar": 6.33143138885, "dvar2": 15.415268898, "max": 33.1210212708, "mean": 13.0053167343, "median": 12.3990926743, "min": 1.53014230728, "var": 25.1055736542}, "melbands_flatness_db": {"dmean": 0.027511253953, "dmean2": 0.038902848959, "dvar": 0.000947563326918, "dvar2": 0.00165525986813, "max": 0.488583862782, "mean": 0.209158301353, "median": 0.206797704101, "min": 0.00270733470097, "var": 0.00639974325895}, "melbands_kurtosis": {"dmean": 5.05260801315, "dmean2": 7.80898427963, "dvar": 73.8850479126, "dvar2": 162.228363037, "max": 171.175491333, "mean": 11.1208534241, "median": 5.87534713745, "min": -1.77699220181, "var": 261.512298584}, "melbands_skewness": {"dmean": 0.594854056835, "dmean2": 0.915126264095, "dvar": 0.39652556181, "dvar2": 0.870023727417, "max": 9.76079750061, "mean": 2.36368608475, "median": 2.12473130226, "min": -2.37889957428, "var": 2.37874031067}, "melbands_spread": {"dmean": 7.12933588028, "dmean2": 10.6905794144, "dvar": 149.303192139, "dvar2": 287.618377686, "max": 217.262145996, "mean": 26.2781410217, "median": 17.8603878021, "min": 0.730976521969, "var": 857.278015137}, "mfcc": {"cov": [[12537.8271484, 560.963684082, -355.790130615, 288.819488525, -194.011047363, -63.6655883789, -325.041656494, -80.5125656128, -193.248397827, -55.432434082, -75.0063552856, 216.442489624, -125.022926331], [560.963684082, 2315.99121094, -156.31817627, 64.8489303589, 123.743499756, 55.5854415894, 107.215072632, 145.586624146, 21.7998447418, -14.2461938858, 108.292411804, 1.53038156033, -6.95044755936], [-355.790130615, -156.31817627, 454.320068359, 60.003452301, 38.7421112061, 74.4019470215, 98.6390533447, -26.2019481659, 34.9264907837, 74.6528778076, -20.321767807, 6.63429450989, 74.0556488037], [288.819488525, 64.8489303589, 60.003452301, 379.680877686, 142.652084351, 48.8401947021, 2.9448428154, -33.4573287964, 73.5010070801, 16.1391716003, -38.705909729, -60.3683166504, 37.4771232605], [-194.011047363, 123.743499756, 38.7421112061, 142.652084351, 251.066070557, 75.247215271, -4.35038089752, -28.3907699585, 59.7620124817, 37.2282104492, -15.5897760391, -39.3969764709, 29.660993576], [-63.6655883789, 55.5854415894, 74.4019470215, 48.8401947021, 75.247215271, 150.642745972, 56.074962616, 21.3866786957, 28.4719333649, 23.5199050903, 9.64429187775, 6.74978780746, 12.4009141922], [-325.041656494, 107.215072632, 98.6390533447, 2.9448428154, -4.35038089752, 56.074962616, 215.356063843, 74.3561019897, 14.0882949829, 43.7848739624, 50.0832901001, 17.2301921844, 22.0606231689], [-80.5125656128, 145.586624146, -26.2019481659, -33.4573287964, -28.3907699585, 21.3866786957, 74.3561019897, 199.188461304, 24.6287822723, -4.78234148026, 53.0565338135, 30.7196311951, -6.81951951981], [-193.248397827, 21.7998447418, 34.9264907837, 73.5010070801, 59.7620124817, 28.4719333649, 14.0882949829, 24.6287822723, 126.250854492, 26.1545734406, -14.5073127747, -14.3122091293, 18.6742477417], [-55.432434082, -14.2461938858, 74.6528778076, 16.1391716003, 37.2282104492, 23.5199050903, 43.7848739624, -4.78234148026, 26.1545734406, 137.77961731, 44.8439750671, 11.7464933395, 23.0647640228], [-75.0063552856, 108.292411804, -20.321767807, -38.705909729, -15.5897760391, 9.64429187775, 50.0832901001, 53.0565338135, -14.5073127747, 44.8439750671, 140.071533203, 53.9330825806, -13.740606308], [216.442489624, 1.53038156033, 6.63429450989, -60.3683166504, -39.3969764709, 6.74978780746, 17.2301921844, 30.7196311951, -14.3122091293, 11.7464933395, 53.9330825806, 130.482788086, 22.4522666931], [-125.022926331, -6.95044755936, 74.0556488037, 37.4771232605, 29.660993576, 12.4009141922, 22.0606231689, -6.81951951981, 18.6742477417, 23.0647640228, -13.740606308, 22.4522666931, 130.671203613]], "icov": [[0.000104733589978, -4.07863008149e-05, 5.780862557e-05, -0.000209033227293, 0.000150373700308, -5.78119215788e-05, 0.000158132868819, -1.91002254724e-05, 0.000200707683689, -0.000156832320499, 0.000218177199713, -0.000320029765135, 0.000145816098666], [-4.07863008149e-05, 0.000522346002981, 0.000180721806828, 3.4698354284e-05, -0.000382839469239, 1.46696747834e-05, -0.000295829435345, -0.00022840865131, -2.91488468065e-05, 0.000269253272563, -0.000425393809564, 0.000214798230445, -0.00012507980864], [5.780862557e-05, 0.000180721806828, 0.00323837227188, -0.00029169593472, 0.000327067886246, -0.00108623993583, -0.00125223200303, 0.000617249344941, -6.40440630377e-05, -0.00129596015904, 0.0010621692054, -0.000380069803214, -0.000999344047159], [-0.000209033227293, 3.4698354284e-05, -0.00029169593472, 0.00419963896275, -0.00175462651532, -0.000117717863759, -0.000409570435295, 0.000514010549523, -0.00173935212661, 0.000714961788617, -0.000459019182017, 0.00181495037396, -0.000969634100329], [0.000150373700308, -0.000382839469239, 0.000327067886246, -0.00175462651532, 0.00699463905767, -0.00301335076801, 0.00128558219876, 0.000860237807501, -0.00119216379244, -0.00144497223664, 4.40051808255e-05, 0.000934561190661, -0.000763023854233], [-5.78119215788e-05, 1.46696747834e-05, -0.00108623993583, -0.000117717863759, -0.00301335076801, 0.00951085612178, -0.00197152257897, -0.000670798472129, -0.000415558926761, 0.000369908288121, 0.000108620712126, -0.00116213713773, 0.000879273866303], [0.000158132868819, -0.000295829435345, -0.00125223200303, -0.000409570435295, 0.00128558219876, -0.00197152257897, 0.00745959673077, -0.0021932895761, 0.000573880388401, -0.00133158557583, -0.00128244212829, 0.000448612758191, -0.000574748031795], [-1.91002254724e-05, -0.00022840865131, 0.000617249344941, 0.000514010549523, 0.000860237807501, -0.000670798472129, -0.0021932895761, 0.00732682831585, -0.00252254679799, 0.00157932913862, -0.00202481821179, -0.000490038481075, 4.64057811769e-05], [0.000200707683689, -2.91488468065e-05, -6.40440630377e-05, -0.00173935212661, -0.00119216379244, -0.000415558926761, 0.000573880388401, -0.00252254679799, 0.0110643208027, -0.00239510112442, 0.00239565526135, -0.000513466482516, -1.11625849968e-05], [-0.000156832320499, 0.000269253272563, -0.00129596015904, 0.000714961788617, -0.00144497223664, 0.000369908288121, -0.00133158557583, 0.00157932913862, -0.00239510112442, 0.0107820555568, -0.00478061055765, 0.000957281736191, -0.00123424478807], [0.000218177199713, -0.000425393809564, 0.0010621692054, -0.000459019182017, 4.40051808255e-05, 0.000108620712126, -0.00128244212829, -0.00202481821179, 0.00239565526135, -0.00478061055765, 0.0127818100154, -0.00499141495675, 0.0025095010642], [-0.000320029765135, 0.000214798230445, -0.000380069803214, 0.00181495037396, 0.000934561190661, -0.00116213713773, 0.000448612758191, -0.000490038481075, -0.000513466482516, 0.000957281736191, -0.00499141495675, 0.0119690736756, -0.00348008307628], [0.000145816098666, -0.00012507980864, -0.000999344047159, -0.000969634100329, -0.000763023854233, 0.000879273866303, -0.000574748031795, 4.64057811769e-05, -1.11625849968e-05, -0.00123424478807, 0.0025095010642, -0.00348008307628, 0.00990061275661]], "mean": [-659.551696777, 128.390335083, -2.10331916809, 23.2059803009, 1.86603426933, 5.02482271194, -4.04308986664, -0.961636424065, -4.37644195557, -2.63592886925, -2.10943841934, 5.56980657578, -5.06714200974]}, "pitch_salience": {"dmean": 0.0659743472934, "dmean2": 0.103449702263, "dvar": 0.00360270310193, "dvar2": 0.00829983968288, "max": 0.917725861073, "mean": 0.551182925701, "median": 0.552798986435, "min": 0.127498596907, "var": 0.0134989572689}, "silence_rate_20dB": {"dmean": 0, "dmean2": 0, "dvar": 0, "dvar2": 0, "max": 1, "mean": 1, "median": 1, "min": 1, "var": 0}, "silence_rate_30dB": {"dmean": 0, "dmean2": 0, "dvar": 0, "dvar2": 0, "max": 1, "mean": 1, "median": 1, "min": 1, "var": 0}, "silence_rate_60dB": {"dmean": 0.00598802417517, "dmean2": 0.0119778411463, "dvar": 0.00595247885212, "dvar2": 0.0136319678277, "max": 1, "mean": 0.0673551857471, "median": 0, "min": 0, "var": 0.0628135725856}, "spectral_centroid": {"dmean": 257.083129883, "dmean2": 373.001037598, "dvar": 143699.75, "dvar2": 258966.578125, "max": 11879.3378906, "mean": 1430.8416748, "median": 1041.84350586, "min": 228.344284058, "var": 2661685.75}, "spectral_complexity": {"dmean": 3.51826357841, "dmean2": 5.18341064453, "dvar": 21.477722168, "dvar2": 40.2082099915, "max": 56, "mean": 17.48346138, "median": 17, "min": 0, "var": 87.7021713257}, "spectral_contrast_coeffs": {"dmean": [0.0512558408082, 0.0447888784111, 0.0386489629745, 0.0300609003752, 0.0242590047419, 0.0189776830375], "dmean2": [0.0822819545865, 0.073139950633, 0.061775457114, 0.04742012918, 0.0367982313037, 0.0285630896688], "dvar": [0.00179627153557, 0.00140338938218, 0.00109126453754, 0.000653846829664, 0.000462961470475, 0.00030179269379], "dvar2": [0.00440512178466, 0.0036543677561, 0.00258337473497, 0.00152344780508, 0.000989975174889, 0.000618910358753], "max": [-0.279329508543, -0.396647065878, -0.439260363579, -0.523622870445, -0.533833265305, -0.594342470169], "mean": [-0.607549786568, -0.710841476917, -0.75556486845, -0.761148154736, -0.7738276124, -0.755861997604], "median": [-0.607191681862, -0.709044694901, -0.762891829014, -0.765577912331, -0.782147109509, -0.753754556179], "min": [-0.981560528278, -0.979161858559, -0.975692451, -0.970246434212, -0.966979146004, -0.965910255909], "var": [0.0128936115652, 0.00710728392005, 0.00627414649352, 0.00469135539606, 0.00423740502447, 0.00284559256397]}, "spectral_contrast_valleys": {"dmean": [0.424627453089, 0.338343024254, 0.322803646326, 0.290296584368, 0.318629801273, 0.384688228369], "dmean2": [0.678202986717, 0.55037432909, 0.52055978775, 0.445876955986, 0.440796911716, 0.486487716436], "dvar": [0.168031319976, 0.128680557013, 0.126268878579, 0.122723802924, 0.176170662045, 0.211467057467], "dvar2": [0.350472122431, 0.253479421139, 0.235698089004, 0.205953404307, 0.281417638063, 0.346974849701], "max": [-5.3660492897, -4.79018545151, -5.36438751221, -5.88302612305, -5.33091783524, -6.73773670197], "mean": [-7.79464626312, -7.22319126129, -7.9304485321, -8.2828578949, -8.23159503937, -10.8298931122], "median": [-7.15730857849, -6.60967254639, -7.36913013458, -7.74561405182, -7.74079418182, -10.4805812836], "min": [-28.1783714294, -28.1027908325, -27.9698600769, -27.8940467834, -27.599729538, -27.4491672516], "var": [9.9823589325, 10.2336959839, 9.4349937439, 9.19761943817, 9.4039144516, 7.6006398201]}, "spectral_decrease": {"dmean": 1.77050585304e-09, "dmean2": 2.66616617672e-09, "dvar": 3.49281521785e-18, "dvar2": 7.64452611571e-18, "max": 1.85100537139e-28, "mean": -6.87811008149e-09, "median": -6.85805012779e-09, "min": -2.35224089096e-08, "var": 1.45147532754e-17}, "spectral_energy": {"dmean": 0.00710250763223, "dmean2": 0.0106801595539, "dvar": 5.4717897001e-05, "dvar2": 0.000120209973829, "max": 0.098660171032, "mean": 0.0280473064631, "median": 0.0282106343657, "min": 1.01363439276e-20, "var": 0.000232901831623}, "spectral_energyband_high": {"dmean": 0.000586142763495, "dmean2": 0.000779398775194, "dvar": 3.48237267644e-06, "dvar2": 6.31100419923e-06, "max": 0.0596041977406, "mean": 0.00116992904805, "median": 0.000229522323934, "min": 7.16828579607e-21, "var": 1.22617557281e-05}, "spectral_energyband_low": {"dmean": 0.00304386904463, "dmean2": 0.00447468739003, "dvar": 2.50500124821e-05, "dvar2": 5.04310773977e-05, "max": 0.0865664929152, "mean": 0.00706112245098, "median": 0.0031811716035, "min": 1.0300720875e-23, "var": 9.52413247433e-05}, "spectral_energyband_middle_high": {"dmean": 0.0018420413835, "dmean2": 0.00273106829263, "dvar": 7.52385130909e-06, "dvar2": 1.60401850735e-05, "max": 0.0640872195363, "mean": 0.0057718558237, "median": 0.00349961686879, "min": 1.13853807961e-21, "var": 4.01036813855e-05}, "spectral_energyband_middle_low": {"dmean": 0.00468398304656, "dmean2": 0.00726918084547, "dvar": 2.7477984986e-05, "dvar2": 6.4283143729e-05, "max": 0.0771893933415, "mean": 0.0148155782372, "median": 0.013707167469, "min": 1.24309635456e-22, "var": 9.99070398393e-05}, "spectral_entropy": {"dmean": 0.191126286983, "dmean2": 0.268105179071, "dvar": 0.0426580458879, "dvar2": 0.0774653553963, "max": 9.82743740082, "mean": 7.41356372833, "median": 7.33389091492, "min": 5.66720199585, "var": 0.314726620913}, "spectral_flux": {"dmean": 0.0203752592206, "dmean2": 0.0320780612528, "dvar": 0.000403311656555, "dvar2": 0.000929728499614, "max": 0.246376052499, "mean": 0.077752366662, "median": 0.0755564570427, "min": 6.30855021e-11, "var": 0.00146794586908}, "spectral_kurtosis": {"dmean": 1.84653365612, "dmean2": 3.06985545158, "dvar": 4.4841799736, "dvar2": 10.877412796, "max": 31.1409721375, "mean": 4.91789722443, "median": 4.10178422928, "min": -1.2588070631, "var": 13.1508541107}, "spectral_rms": {"dmean": 0.000651912065223, "dmean2": 0.000969069311395, "dvar": 3.90168139575e-07, "dvar2": 8.27108294743e-07, "max": 0.00981090310961, "mean": 0.00493208272383, "median": 0.00524619594216, "min": 3.14469652575e-12, "var": 3.03787692246e-06}, "spectral_rolloff": {"dmean": 428.557159424, "dmean2": 679.861572266, "dvar": 685697.3125, "dvar2": 1293184.5, "max": 19422.9492188, "mean": 1842.46606445, "median": 1055.12695312, "min": 64.599609375, "var": 9266836}, "spectral_skewness": {"dmean": 0.245051085949, "dmean2": 0.379588484764, "dvar": 0.0659723952413, "dvar2": 0.137513637543, "max": 4.37970161438, "mean": 1.57510912418, "median": 1.53535747528, "min": -0.0852200090885, "var": 0.3612241745}, "spectral_spread": {"dmean": 474531.71875, "dmean2": 681568, "dvar": 819861782528, "dvar2": 1439023235070.0, "max": 43030308, "mean": 4750897.5, "median": 3758997, "min": 1547051.875, "var": 30379637473300.0}, "spectral_strongpeak": {"dmean": 0.53018027544, "dmean2": 0.886002600193, "dva