{"lowlevel": {"average_loudness": 0.338986575603, "barkbands": {"dmean": [0.00191939331125, 0.00481654936448, 0.00318782310933, 0.00133255321998, 0.00233683572151, 0.0026416843757, 0.00124545302242, 0.000912728894036, 0.000381202582503, 0.000332843163051, 0.000267201306997, 0.000282246124698, 0.000241221176111, 0.000174761444214, 0.000105476254248, 3.98947740905e-05, 3.25880901073e-05, 1.60965391842e-05, 1.0244848454e-05, 9.40137942962e-06, 8.54764130054e-06, 5.36690140507e-06, 2.69934071184e-06, 1.91616004486e-06, 1.77756828634e-06, 1.77796937351e-06, 3.09046345137e-06], "dmean2": [0.00315506150946, 0.0077444780618, 0.00542669603601, 0.00214021862485, 0.00354471593164, 0.00384077779017, 0.0018135124119, 0.00142663903534, 0.00059963617241, 0.000523298978806, 0.000416205177316, 0.00043391881627, 0.000378388911486, 0.000270887336228, 0.000161591829965, 6.1279257352e-05, 5.00266505696e-05, 2.42496353167e-05, 1.55654106493e-05, 1.40188503792e-05, 1.25661490529e-05, 8.06496973382e-06, 4.22399716626e-06, 3.19161040352e-06, 2.98634063256e-06, 2.96770758723e-06, 4.52046242572e-06], "dvar": [1.66497193277e-05, 8.75657060533e-05, 3.83469850931e-05, 8.09934863355e-06, 4.99555535498e-05, 7.57431844249e-05, 4.18598356191e-05, 2.35557472479e-05, 3.10952532345e-06, 1.09800896553e-06, 1.25915175886e-06, 4.16716261498e-07, 9.98696350507e-07, 5.19132299814e-07, 9.29455268306e-08, 1.4252569791e-08, 9.54778034412e-09, 2.35870700749e-09, 5.57548340829e-10, 6.17334128261e-10, 6.14308715008e-10, 1.61723204273e-10, 3.43996359176e-11, 1.7203630881e-11, 1.58086547325e-11, 1.53189284174e-11, 4.12760346735e-11], "dvar2": [4.04169550166e-05, 0.000217765176785, 0.000105417748273, 2.00623999262e-05, 0.000100141114672, 0.000148576218635, 6.59200450173e-05, 5.23172384419e-05, 8.54811332829e-06, 2.63903052655e-06, 2.91013384413e-06, 1.03807474261e-06, 2.69406223197e-06, 1.17252011478e-06, 2.2148503831e-07, 2.95843136655e-08, 2.4240083718e-08, 4.79602624281e-09, 1.21557608423e-09, 1.18216059164e-09, 1.05500952419e-09, 3.12132097946e-10, 7.58212451157e-11, 4.34547120509e-11, 4.0173031568e-11, 3.88031030918e-11, 7.49870096572e-11], "max": [0.0834717303514, 0.19137994945, 0.135143071413, 0.113021545112, 0.264201551676, 0.331813097, 0.556816220284, 0.159261852503, 0.0758698284626, 0.0303098391742, 0.0465842969716, 0.0148097416386, 0.0420080050826, 0.0340525992215, 0.0102796340361, 0.00705338362604, 0.0043404083699, 0.00290213548578, 0.000870964548085, 0.00114388519432, 0.00146706262603, 0.000540731125511, 0.000145944984979, 6.83062899043e-05, 6.66437699692e-05, 6.60122532281e-05, 0.000345190463122], "mean": [0.00301803043112, 0.0090672718361, 0.00391591992229, 0.00184525828809, 0.00372605584562, 0.00397370522842, 0.00225469074212, 0.00119052245282, 0.000483438459923, 0.000480334594613, 0.000435644149547, 0.000507018470671, 0.00039921735879, 0.000274582620477, 0.000175545384991, 6.91255336278e-05, 5.44459035154e-05, 2.7120087907e-05, 1.813246854e-05, 1.66401277966e-05, 1.61246771313e-05, 9.73866463028e-06, 4.26524729846e-06, 2.00976137421e-06, 1.62358458056e-06, 1.87885302694e-06, 6.14869031779e-06], "median": [0.00152278132737, 0.00352640636265, 0.0017098627286, 0.00070092570968, 0.00171421119012, 0.000856837374158, 0.000236651292653, 0.00010535815818, 8.9556502644e-05, 8.61053849803e-05, 9.15611599339e-05, 0.00013554006, 7.59382091928e-05, 4.16404291173e-05, 3.21000734402e-05, 1.51574477059e-05, 1.19011619972e-05, 7.32800890546e-06, 5.07192316945e-06, 4.09403446611e-06, 3.40572182722e-06, 2.7731357477e-06, 1.32535228659e-06, 6.04735248544e-07, 3.76346662279e-07, 6.36158745237e-07, 2.58616228166e-06], "min": [8.44121351189e-26, 1.04462361297e-24, 6.07803374496e-25, 1.27142329259e-24, 9.14469255007e-24, 8.98336260634e-24, 6.97694380329e-24, 1.05452638113e-23, 1.09163029604e-23, 1.50809915576e-23, 1.11787191182e-23, 2.2671040423e-23, 2.28866881732e-23, 3.30584184573e-23, 5.89337724343e-23, 4.94470921157e-23, 7.25668098003e-23, 9.04709609883e-23, 1.11131076635e-22, 1.94683904189e-22, 2.38159505423e-22, 3.29666360687e-22, 3.50074053466e-22, 5.1073586356e-22, 7.2482917914e-22, 1.31958036994e-21, 1.94530665749e-21], "var": [2.24491559493e-05, 0.000176690431545, 4.5363787649e-05, 1.27228950078e-05, 0.000100392571767, 0.000222627015319, 0.000351315509761, 4.00778844778e-05, 3.83892529499e-06, 2.12538839151e-06, 2.06416802939e-06, 1.00096008282e-06, 1.65211815784e-06, 1.24191876694e-06, 2.38310363443e-07, 3.6542122217e-08, 1.94485778593e-08, 7.2899584147e-09, 1.3166916446e-09, 1.57907287246e-09, 1.92144566924e-09, 4.71630234866e-10, 7.90836146569e-11, 1.83410682475e-11, 1.53205833436e-11, 1.5683962809e-11, 1.38608263756e-10]}, "barkbands_crest": {"dmean": 2.88176226616, "dmean2": 4.71225976944, "dvar": 6.33962869644, "dvar2": 16.6966705322, "max": 25.8872489929, "mean": 11.5729722977, "median": 11.0141811371, "min": 2.23586583138, "var": 19.3040885925}, "barkbands_flatness_db": {"dmean": 0.0346020683646, "dmean2": 0.0540987364948, "dvar": 0.00100209133234, "dvar2": 0.00251654116437, "max": 0.503046154976, "mean": 0.214460119605, "median": 0.211484611034, "min": 0.0156465061009, "var": 0.00562538392842}, "barkbands_kurtosis": {"dmean": 8.12420749664, "dmean2": 12.9666156769, "dvar": 249.699981689, "dvar2": 633.645874023, "max": 316.352783203, "mean": 13.5994138718, "median": 6.44222736359, "min": -1.77898442745, "var": 507.334411621}, "barkbands_skewness": {"dmean": 0.805195569992, "dmean2": 1.26538133621, "dvar": 0.74944204092, "dvar2": 1.87154686451, "max": 15.4764442444, "mean": 2.15346026421, "median": 1.91764914989, "min": -2.49826049805, "var": 2.81546211243}, "barkbands_spread": {"dmean": 2.77398920059, "dmean2": 4.28582811356, "dvar": 15.7396621704, "dvar2": 37.0297203064, "max": 128.954650879, "mean": 10.068696022, "median": 6.92093086243, "min": 0.291583806276, "var": 129.061218262}, "dissonance": {"dmean": 0.0306055489928, "dmean2": 0.0500380285084, "dvar": 0.000793236366007, "dvar2": 0.00205785408616, "max": 0.5, "mean": 0.438512086868, "median": 0.448029309511, "min": 0.175550311804, "var": 0.00192156701814}, "dynamic_complexity": 6.19670438766, "erbbands": {"dmean": [0.211935967207, 0.914746761322, 3.12797999382, 4.2915968895, 3.80352425575, 9.51511669159, 15.9180107117, 24.7087802887, 20.641500473, 15.9957809448, 16.7788314819, 8.44396018982, 8.09209156036, 10.2365255356, 11.3919897079, 12.068529129, 9.49345111847, 9.08343601227, 6.90175819397, 3.28371882439, 1.87400138378, 1.68050301075, 0.95010972023, 0.597387313843, 0.480565041304, 0.439014852047, 0.391666561365, 0.305976003408, 0.20816539228, 0.119279898703, 0.072775259614, 0.0447704866529, 0.0297666154802, 0.0201091729105, 0.0125244716182, 0.00693476432934, 0.00331532093696, 0.00132218876388, 0.000370177876903, 6.71187808621e-05], "dmean2": [0.340057730675, 1.48244142532, 5.28231477737, 7.04057979584, 5.83298778534, 14.5350551605, 23.525592804, 35.3439941406, 28.8323440552, 25.0323905945, 26.414358139, 13.2820310593, 12.6243715286, 16.0647659302, 17.4835758209, 18.6855010986, 14.6459379196, 13.9942007065, 10.5131959915, 4.84605932236, 2.76909089088, 2.5296292305, 1.40592741966, 0.896361649036, 0.724415004253, 0.650670230389, 0.584808349609, 0.454599380493, 0.310459911823, 0.18083499372, 0.11470490694, 0.0733775943518, 0.0499248467386, 0.0337765403092, 0.0210355967283, 0.0116424039006, 0.00552369561046, 0.00210609729402, 0.00056159455562, 9.39123419812e-05], "dvar": [0.174115583301, 3.60208129883, 39.3765182495, 65.4939956665, 64.1510467529, 814.220458984, 3715.21459961, 7532.33203125, 12735.5244141, 4905.8125, 7111.2890625, 1205.38720703, 688.718933105, 935.12097168, 1876.89013672, 789.62689209, 884.967346191, 1411.36865234, 561.896850586, 82.087310791, 31.0372962952, 25.9095592499, 7.36251497269, 2.36771988869, 1.06931507587, 1.4393273592, 1.39622998238, 0.725302219391, 0.262906074524, 0.0805573686957, 0.0234842952341, 0.00898162089288, 0.00437727523968, 0.00201959814876, 0.000785070005804, 0.000239962566411, 5.26922049175e-05, 7.40857967685e-06, 7.04203387158e-07, 1.74133276687e-08], "dvar2": [0.435816466808, 9.29931354523, 104.46585083, 176.526412964, 152.630050659, 1707.52075195, 7224.12744141, 14627.8994141, 19326.0703125, 11080.9208984, 17186.3710938, 3150.25415039, 1737.25866699, 2143.62670898, 4288.78662109, 1992.06921387, 2263.98266602, 3191.86206055, 1274.29455566, 184.436294556, 67.061088562, 61.5096893311, 13.5877857208, 5.19403028488, 2.26056003571, 2.72044372559, 2.49076128006, 1.3499699831, 0.50119125843, 0.161024734378, 0.0533906929195, 0.022223956883, 0.0111175989732, 0.00513174384832, 0.00199468038045, 0.000609791022725, 0.000133264285978, 1.76362227648e-05, 1.36272797135e-06, 3.24991020761e-08], "max": [8.81038284302, 44.0835266113, 144.271621704, 265.928863525, 188.936538696, 906.399536133, 2289.93359375, 4269.68994141, 9967.74023438, 2366.43310547, 2475.69042969, 1255.17321777, 817.432922363, 933.520812988, 1432.47277832, 735.082336426, 1022.08050537, 1799.56298828, 1110.54467773, 410.280822754, 322.04296875, 205.239105225, 164.398773193, 53.7351264954, 28.8053455353, 57.0759544373, 67.2160110474, 48.4725570679, 24.2283840179, 10.8988628387, 3.64771056175, 1.70032775402, 1.10174417496, 0.752625405788, 0.469827830791, 0.258149564266, 0.124250218272, 0.0675391480327, 0.0461396798491, 0.00739393336698], "mean": [0.422024667263, 1.43954360485, 4.03391742706, 6.11418485641, 6.01285791397, 14.6155309677, 23.498966217, 38.6343955994, 38.6150817871, 23.8427810669, 22.8200721741, 11.4525909424, 11.3688850403, 16.1911029816, 20.5758190155, 22.2611923218, 17.5671749115, 16.2272377014, 12.2788925171, 6.10850858688, 3.54557585716, 2.9391913414, 1.74473774433, 1.05039930344, 0.883148252964, 0.788206040859, 0.717983961105, 0.560518324375, 0.375326752663, 0.201246991754, 0.111911058426, 0.0543086715043, 0.0287181697786, 0.0185653623194, 0.0114113809541, 0.00653502717614, 0.00359465554357, 0.00187100854237, 0.000646717264317, 0.000180475675734], "median": [0.13237349689, 0.571051239967, 1.85988807678, 2.99348545074, 2.95163869858, 6.40247344971, 6.39045333862, 7.32859563828, 4.13689899445, 3.33387827873, 2.51417970657, 2.27549815178, 2.45144629478, 3.56204533577, 4.93520069122, 6.04251718521, 4.07876205444, 2.80388832092, 2.10772490501, 1.36409056187, 0.833440899849, 0.676089584827, 0.454143375158, 0.309590786695, 0.240334883332, 0.193647563457, 0.153847143054, 0.123971015215, 0.103107996285, 0.0601064637303, 0.0356252752244, 0.0175016187131, 0.00799520965666, 0.00445460062474, 0.00260910973884, 0.00169366016053, 0.0012415604433, 0.00077381869778, 0.000284912064672, 0.000107848536572], "min": [7.7359335437e-23, 1.50540181944e-22, 1.55005114473e-21, 4.01043252698e-21, 1.85822634942e-20, 2.68288389954e-20, 3.83895782444e-20, 5.62420196379e-20, 6.96212524556e-20, 2.22702792745e-19, 1.61106168046e-19, 2.73453425253e-19, 6.02243527425e-19, 6.83929370674e-19, 9.29132691002e-19, 1.36049962563e-18, 1.37830417133e-18, 2.22573457887e-18, 2.04110000793e-18, 2.87396934835e-18, 3.45061349697e-18, 5.0895459425e-18, 5.3385091089e-18, 6.77369063274e-18, 6.23494624542e-18, 9.11963895644e-18, 8.88450624987e-18, 8.46816225934e-18, 1.17770294662e-17, 1.15430184165e-17, 8.2399274119e-18, 1.07285135197e-17, 9.45672663658e-18, 7.16438085735e-18, 5.77874786579e-18, 3.85967560978e-18, 2.27011488668e-18, 8.92269490401e-19, 2.31321859632e-19, 2.6402304605e-20], "var": [0.402775764465, 5.36880540848, 47.598110199, 88.1151351929, 107.56590271, 1579.93225098, 7115.73095703, 27707.9609375, 109377.117188, 9830.18847656, 13152.0595703, 1758.92919922, 1169.47814941, 1861.23657227, 3469.29248047, 1986.25598145, 1878.16589355, 3778.8203125, 1582.12573242, 270.037261963, 92.504989624, 63.8378829956, 28.6659870148, 5.11012840271, 3.06262660027, 3.54437923431, 3.74886131287, 2.23670530319, 0.755527853966, 0.203580394387, 0.0525761209428, 0.0122139081359, 0.00429511396214, 0.00195827824064, 0.000761873845477, 0.000232976424741, 5.47477138753e-05, 1.14101767394e-05, 1.61631271567e-06, 7.52306732466e-08]}, "erbbands_crest": {"dmean": 2.86235427856, "dmean2": 4.61587238312, "dvar": 7.27727460861, "dvar2": 18.0966815948, "max": 30.3118114471, "mean": 10.1345977783, "median": 9.2015619278, "min": 2.49373316765, "var": 20.6540088654}, "erbbands_flatness_db": {"dmean": 0.0300627108663, "dmean2": 0.0471143051982, "dvar": 0.000679979275446, "dvar2": 0.00172027433291, "max": 0.391400903463, "mean": 0.181407660246, "median": 0.181942015886, "min": 0.026182660833, "var": 0.0024975319393}, "erbbands_kurtosis": {"dmean": 2.53204751015, "dmean2": 4.01715612411, "dvar": 25.2739620209, "dvar2": 64.3305587769, "max": 106.72102356, "mean": 3.08379864693, "median": 0.60244011879, "min": -1.90953195095, "var": 50.2465858459}, "erbbands_skewness": {"dmean": 0.519599914551, "dmean2": 0.788313686848, "dvar": 0.298862665892, "dvar2": 0.712587118149, "max": 9.14193725586, "mean": 0.798087596893, "median": 0.539779305458, "min": -2.20640873909, "var": 1.66160261631}, "erbbands_spread": {"dmean": 6.54610729218, "dmean2": 10.0571308136, "dvar": 47.5831336975, "dvar2": 104.181167603, "max": 134.701629639, "mean": 25.269952774, "median": 23.1343765259, "min": 1.668394804, "var": 200.683181763}, "gfcc": {"cov": [[35671.4492188, 5222.66162109, -3011.67529297, -421.205810547, -390.015380859, -344.945983887, -70.7678527832, -644.710693359, -45.7619972229, 56.7405052185, -10.4680013657, 53.1465530396, -80.7359008789], [5222.66162109, 1726.11035156, -215.111999512, -176.614074707, 82.7286911011, -87.2722244263, 49.4424743652, -203.78213501, 47.0773086548, -35.8093070984, 75.8969116211, 22.3432941437, 5.41735172272], [-3011.67529297, -215.111999512, 1108.6854248, 300.976318359, -12.3107204437, 104.319831848, -147.135528564, 223.740905762, -90.0633087158, -10.9886789322, 1.02034115791, -13.9535360336, 18.2106971741], [-421.205810547, -176.614074707, 300.976318359, 379.334350586, 78.6610717773, 3.27791404724, 26.8012447357, 47.0703468323, -25.3011245728, -34.383190155, -45.3341407776, -10.3807840347, -5.87304162979], [-390.015380859, 82.7286911011, -12.3107204437, 78.6610717773, 261.406951904, 99.7301940918, 88.17162323, -38.4173469543, -0.313071012497, -36.6952400208, 8.63618850708, -15.3880634308, 18.9592285156], [-344.945983887, -87.2722244263, 104.319831848, 3.27791404724, 99.7301940918, 231.25062561, 13.8559598923, 43.8588256836, -70.0144195557, 1.41068780422, 3.24893975258, -4.16794633865, 21.2785243988], [-70.7678527832, 49.4424743652, -147.135528564, 26.8012447357, 88.17162323, 13.8559598923, 201.328018188, -35.551235199, 57.234539032, -17.6104984283, 5.26261091232, 9.61578369141, 11.4753541946], [-644.710693359, -203.78213501, 223.740905762, 47.0703468323, -38.4173469543, 43.8588256836, -35.551235199, 182.196090698, 9.31312561035, 22.7797336578, -15.1011066437, -14.7462615967, 10.108423233], [-45.7619972229, 47.0773086548, -90.0633087158, -25.3011245728, -0.313071012497, -70.0144195557, 57.234539032, 9.31312561035, 140.056243896, 44.4318809509, 10.7262659073, -1.95121717453, -11.6890029907], [56.7405052185, -35.8093070984, -10.9886789322, -34.383190155, -36.6952400208, 1.41068780422, -17.6104984283, 22.7797336578, 44.4318809509, 92.2550048828, 44.7790679932, 2.1408996582, -2.29928946495], [-10.4680013657, 75.8969116211, 1.02034115791, -45.3341407776, 8.63618850708, 3.24893975258, 5.26261091232, -15.1011066437, 10.7262659073, 44.7790679932, 84.141204834, 39.9460525513, 7.94455718994], [53.1465530396, 22.3432941437, -13.9535360336, -10.3807840347, -15.3880634308, -4.16794633865, 9.61578369141, -14.7462615967, -1.95121717453, 2.1408996582, 39.9460525513, 65.7028121948, 27.4055786133], [-80.7359008789, 5.41735172272, 18.2106971741, -5.87304162979, 18.9592285156, 21.2785243988, 11.4753541946, 10.108423233, -11.6890029907, -2.29928946495, 7.94455718994, 27.4055786133, 60.1133155823]], "icov": [[0.000218762157601, -0.000833993253764, 0.001046499121, -0.00109949160833, 0.000857510021888, -0.000563096546102, 0.000570378731936, -0.000692591827828, 0.000462720461655, -0.000352903007297, 2.12265440496e-05, 0.000139085808769, -0.000108761960291], [-0.000833993253764, 0.00395696004853, -0.00405006622896, 0.00437191920355, -0.00317429355346, 0.00211474625394, -0.00197899481282, 0.00347501900978, -0.00250766729005, 0.0026153055951, -0.00156200537458, 0.000484342017444, -0.000178584086825], [0.001046499121, -0.00405006622896, 0.00733409402892, -0.00773717509583, 0.00585897639394, -0.00445136241615, 0.00470593944192, -0.00486179534346, 0.000723799108528, 0.00228870566934, -0.00522035220638, 0.00440140394494, -0.00264860247262], [-0.00109949160833, 0.00437191920355, -0.00773717509583, 0.0124703794718, -0.00981236435473, 0.00744912773371, -0.00609429785982, 0.00267044082284, 0.00297002308071, -0.0062972959131, 0.0113456677645, -0.00977808143944, 0.00615885853767], [0.000857510021888, -0.00317429355346, 0.00585897639394, -0.00981236435473, 0.0163803100586, -0.0106532443315, 0.00377284991555, 0.000714298104867, -0.0071188560687, 0.0135853942484, -0.017061367631, 0.0166213046759, -0.00971883442253], [-0.000563096546102, 0.00211474625394, -0.00445136241615, 0.00744912773371, -0.0106532443315, 0.0137155735865, -0.00561934849247, -0.00188395683654, 0.0100382249802, -0.0119727682322, 0.01210257411, -0.0102619184181, 0.00559681653976], [0.000570378731936, -0.00197899481282, 0.00470593944192, -0.00609429785982, 0.00377284991555, -0.00561934849247, 0.0114201186225, -0.000641194696072, -0.00691442890093, 0.00804704613984, -0.00796017609537, 0.0053168926388, -0.00475834030658], [-0.000692591827828, 0.00347501900978, -0.00486179534346, 0.00267044082284, 0.000714298104867, -0.00188395683654, -0.000641194696072, 0.0130762159824, -0.00669058877975, 0.00302645331249, -0.00175667414442, 0.00430945772678, -0.00406222231686], [0.000462720461655, -0.00250766729005, 0.000723799108528, 0.00297002308071, -0.0071188560687, 0.0100382249802, -0.00691442890093, -0.00669058877975, 0.023748934269, -0.0223946440965, 0.0181562583894, -0.014135829173, 0.00986167881638], [-0.000352903007297, 0.0026153055951, 0.00228870566934, -0.0062972959131, 0.0135853942484, -0.0119727682322, 0.00804704613984, 0.00302645331249, -0.0223946440965, 0.0460721254349, -0.0411586873233, 0.0298765525222, -0.0148835377768], [2.12265440496e-05, -0.00156200537458, -0.00522035220638, 0.0113456677645, -0.017061367631, 0.01210257411, -0.00796017609537, -0.00175667414442, 0.0181562583894, -0.0411586873233, 0.0594483874738, -0.0437972694635, 0.0198377892375], [0.000139085808769, 0.000484342017444, 0.00440140394494, -0.00977808143944, 0.0166213046759, -0.0102619184181, 0.0053168926388, 0.00430945772678, -0.014135829173, 0.0298765525222, -0.0437972694635, 0.053770866245, -0.0258267018944], [-0.000108761960291, -0.000178584086825, -0.00264860247262, 0.00615885853767, -0.00971883442253, 0.00559681653976, -0.00475834030658, -0.00406222231686, 0.00986167881638, -0.0148835377768, 0.0198377892375, -0.0258267018944, 0.0310858152807]], "mean": [-116.571868896, 134.435516357, -74.6514892578, 10.7980613708, -26.9645385742, 3.26785182953, -17.3104286194, -14.2701063156, -13.5812244415, 0.151075765491, -6.61248064041, 4.18495941162, -7.2914185524]}, "hfc": {"dmean": 3.45897388458, "dmean2": 4.697306633, "dvar": 44.115032196, "dvar2": 78.8582229614, "max": 306.490692139, "mean": 10.1689138412, "median": 5.73978614807, "min": 1.09382261388e-16, "var": 279.132415771}, "melbands": {"dmean": [0.00159959576558, 0.00138814211823, 0.000686302199028, 0.00043030892266, 0.000540576758794, 0.000538758118637, 0.000290540949209, 0.00018482314772, 0.000128967789351, 5.09835481353e-05, 4.17036098952e-05, 4.34543944721e-05, 3.78774238925e-05, 3.22016385326e-05, 2.45733808697e-05, 2.62232551904e-05, 1.7342137653e-05, 1.28144092741e-05, 7.15959185982e-06, 3.40677206623e-06, 2.21709410653e-06, 1.99257669919e-06, 1.24145446989e-06, 7.67390872625e-07, 4.87627573875e-07, 3.97620453896e-07, 3.30695399953e-07, 3.1100833553e-07, 2.81036818706e-07, 2.265034027e-07, 1.8117178513e-07, 1.34925670636e-07, 9.02870738173e-08, 6.242930084e-08, 4.55169839597e-08, 3.42435342304e-08, 2.55101788582e-08, 2.12276312084e-08, 1.85722601742e-08, 1.64080073972e-08], "dmean2": [0.00256046350114, 0.00231322692707, 0.00110539817251, 0.000663817336317, 0.000802894472145, 0.000769329257309, 0.000413281552028, 0.000288289011223, 0.000203231029445, 8.03569055279e-05, 6.52042872389e-05, 6.84055194142e-05, 5.89805094933e-05, 4.82252398797e-05, 3.87252766814e-05, 4.1122395487e-05, 2.69591073447e-05, 1.97011559067e-05, 1.07868063424e-05, 5.24977622263e-06, 3.33793900609e-06, 3.04607419821e-06, 1.90706532521e-06, 1.1612318076e-06, 7.45412478409e-07, 6.08996401752e-07, 5.12625035753e-07, 4.7075133125e-07, 4.30316930533e-07, 3.42884817428e-07, 2.75109357517e-07, 2.0476799989e-07, 1.38515929393e-07, 9.78376490934e-08, 7.20968600376e-08, 5.58220705216e-08, 4.23088692969e-08, 3.56139047142e-08, 3.11911350082e-08, 2.75591816035e-08], "dvar": [9.54623374128e-06, 7.24344135961e-06, 1.67223242897e-06, 1.13825353765e-06, 3.86231658922e-06, 3.34664514412e-06, 2.25468761528e-06, 7.95729249603e-07, 4.30816811559e-07, 4.25938644355e-08, 1.87280324582e-08, 1.77082863928e-08, 2.7915183054e-08, 5.35306066141e-09, 7.03623648235e-09, 1.14157181486e-08, 5.40419264894e-09, 2.72471423202e-09, 4.95362417752e-10, 1.17764770158e-10, 6.29976834587e-11, 4.46145898003e-11, 1.07680522485e-11, 7.19168041091e-12, 1.54538296222e-12, 8.21543137339e-13, 5.28731409783e-13, 8.21524326431e-13, 6.64542151776e-13, 5.55699963042e-13, 2.35025215435e-13, 1.09305637729e-13, 4.78567177748e-14, 2.53951810888e-14, 9.62323279331e-15, 5.57310113382e-15, 2.96837656519e-15, 2.21704732955e-15, 1.71755432989e-15, 1.3450590976e-15], "dvar2": [2.34234030358e-05, 1.87836576515e-05, 4.36101026935e-06, 2.58835416389e-06, 7.3759474617e-06, 6.50550646242e-06, 3.54744952347e-06, 1.75675768332e-06, 1.05491994873e-06, 1.11609956832e-07, 4.64357334806e-08, 4.0488917108e-08, 6.52087095432e-08, 1.25695631681e-08, 1.77170988991e-08, 3.09183789682e-08, 1.19128493736e-08, 6.3986602683e-09, 1.14961129505e-09, 2.71511119143e-10, 1.57119151023e-10, 1.08248854325e-10, 2.57952409433e-11, 1.54637171124e-11, 3.48069620001e-12, 1.82292939424e-12, 1.17314523981e-12, 1.58986452475e-12, 1.35363248388e-12, 1.11167899972e-12, 4.66478093132e-13, 2.15674754531e-13, 9.87867895667e-14, 5.67491373175e-14, 2.25801788969e-14, 1.38567297217e-14, 7.47389092482e-15, 5.6336190968e-15, 4.36422375831e-15, 3.41811590832e-15], "max": [0.0660418793559, 0.0564108192921, 0.0444146245718, 0.0333058126271, 0.0626199319959, 0.0820849388838, 0.130213215947, 0.0323875285685, 0.0250635650009, 0.00623800233006, 0.00417520431802, 0.0039239982143, 0.00676475744694, 0.00205333717167, 0.00440976209939, 0.00419205240905, 0.00392290018499, 0.00255722599104, 0.00113022932783, 0.000628851528745, 0.00043459184235, 0.000265438575298, 0.000128450570628, 0.000159451534273, 4.79444061057e-05, 2.81185275526e-05, 2.49285822065e-05, 4.07283623645e-05, 4.40005787823e-05, 4.57563000964e-05, 2.25196745305e-05, 1.4640299014e-05, 8.2493015725e-06, 5.37226969755e-06, 2.68634607892e-06, 2.17661136048e-06, 9.12640132356e-07, 7.79563265496e-07, 6.92536502811e-07, 6.1459564904e-07], "mean": [0.00317984819412, 0.00204096920788, 0.00104552786797, 0.000690556480549, 0.000831734738313, 0.0008420983213, 0.000541149755009, 0.000254079612205, 0.000172257583472, 6.58372955513e-05, 5.70621705265e-05, 6.57651835354e-05, 6.30501526757e-05, 6.06210378464e-05, 4.26705155405e-05, 4.2795058107e-05, 2.8548633054e-05, 2.08137535083e-05, 1.20057920867e-05, 5.69761004954e-06, 3.79296466235e-06, 3.24445204569e-06, 2.0515237793e-06, 1.23985807932e-06, 7.95614084836e-07, 6.78424100897e-07, 5.65640448258e-07, 5.12293809152e-07, 4.73985977578e-07, 3.75541986841e-07, 3.10199482101e-07, 2.31415739904e-07, 1.44534794799e-07, 9.77076197728e-08, 6.81521470369e-08, 4.53790605093e-08, 2.79390164337e-08, 2.01876719785e-08, 1.72998753101e-08, 1.50121231002e-08], "median": [0.00125002057757, 0.00106056500226, 0.000541916640941, 0.00034061059705, 0.000271725439234, 0.000158635681146, 6.22545121587e-05, 3.42492312484e-05, 1.85105018318e-05, 1.28158308144e-05, 1.15397742775e-05, 1.26934146465e-05, 1.41328546306e-05, 1.64748744282e-05, 1.12140705824e-05, 7.42767815609e-06, 4.49214576292e-06, 3.30258762915e-06, 2.26401084547e-06, 1.22121480217e-06, 8.32387058836e-07, 7.06274136064e-07, 4.82149403069e-07, 3.18191553106e-07, 2.29030916898e-07, 1.83843937407e-07, 1.42446083373e-07, 1.17558158763e-07, 9.86795640756e-08, 7.57685469921e-08, 6.75342803902e-08, 5.97456519813e-08, 4.21413304252e-08, 2.77409011318e-08, 2.09752819558e-08, 1.4366347223e-08, 8.32584401422e-09, 5.41784483943e-09, 4.31969171544e-09, 3.48431661301e-09], "min": [1.06156311902e-24, 4.92048538365e-25, 1.18777563765e-24, 1.8611778747e-24, 1.21325170337e-24, 1.43319134995e-24, 1.22815299004e-24, 2.13137022892e-24, 1.03890516027e-24, 1.61537384563e-24, 2.55845005668e-24, 2.50552715348e-24, 2.14886105013e-24, 2.51068669823e-24, 2.99748822689e-24, 1.68301876686e-24, 3.36203090917e-24, 2.65314294759e-24, 4.12848658696e-24, 2.88319372021e-24, 3.29760996386e-24, 4.42133344866e-24, 3.38240560863e-24, 3.85750024425e-24, 4.96819352183e-24, 4.52597348115e-24, 4.70543618165e-24, 5.38738631826e-24, 4.77130448951e-24, 4.77389076999e-24, 4.00902977452e-24, 5.9391523174e-24, 5.5303164758e-24, 4.6606284878e-24, 3.32856624628e-24, 5.69188347223e-24, 5.81046346578e-24, 4.67714013541e-24, 6.29275369614e-24, 5.37901177089e-24], "var": [2.07463708648e-05, 9.62610829447e-06, 2.44636885327e-06, 2.13699945562e-06, 7.79661240813e-06, 1.1723784155e-05, 1.96748896997e-05, 1.36523783567e-06, 8.11124550637e-07, 5.59667405753e-08, 3.2182224885e-08, 3.52741658105e-08, 4.39810321495e-08, 1.39601068483e-08, 1.09324114206e-08, 1.91230036251e-08, 1.39483189443e-08, 5.80526959837e-09, 1.43907108452e-09, 2.09526548889e-10, 1.33894492715e-10, 8.81503689487e-11, 2.77491814249e-11, 1.88548759938e-11, 2.90739567838e-12, 1.96020890492e-12, 1.40127221892e-12, 1.78110586176e-12, 1.58194963205e-12, 1.32948448257e-12, 6.59732847779e-13, 2.96890035343e-13, 1.12611214299e-13, 5.21215388286e-14, 2.02739148576e-14, 9.22356453232e-15, 3.42841731126e-15, 2.16736863543e-15, 1.66482441135e-15, 1.30372018401e-15]}, "melbands_crest": {"dmean": 4.10566806793, "dmean2": 6.67799711227, "dvar": 11.9452419281, "dvar2": 32.0520858765, "max": 37.4235649109, "mean": 17.3981781006, "median": 16.8248786926, "min": 1.58081054688, "var": 44.2997360229}, "melbands_flatness_db": {"dmean": 0.0404170379043, "dmean2": 0.0633158534765, "dvar": 0.00132504536305, "dvar2": 0.00331239704974, "max": 0.650387048721, "mean": 0.328231483698, "median": 0.33245369792, "min": 0.00313020171598, "var": 0.00998662598431}, "melbands_kurtosis": {"dmean": 12.2851877213, "dmean2": 19.5391712189, "dvar": 474.547576904, "dvar2": 1166.0637207, "max": 459.17666626, "mean": 21.6429233551, "median": 10.9472436905, "min": -1.59705305099, "var": 1035.35766602}, "melbands_skewness": {"dmean": 0.941895604134, "dmean2": 1.47461140156, "dvar": 0.967772603035, "dvar2": 2.28657317162, "max": 16.3548412323, "mean": 2.88556098938, "median": 2.54073858261, "min": -1.18367242813, "var": 3.53785920143}, "melbands_spread": {"dmean": 3.34420752525, "dmean2": 5.22185754776, "dvar": 27.5080127716, "dvar2": 64.6818466187, "max": 194.359802246, "mean": 12.7883768082, "median": 6.48254299164, "min": 0.233193948865, "var": 522.588745117}, "mfcc": {"cov": [[14529.0888672, 3612.25439453, -1591.25646973, 81.6972885132, -573.122070312, 426.618591309, -295.318084717, -103.446739197, -125.250366211, -20.5055236816, 52.7785339355, 110.635307312, 51.4820861816], [3612.25439453, 2309.83276367, -49.3178062439, 48.4598770142, 18.2236328125, 210.654098511, -11.0680360794, -15.6280956268, -81.591796875, -65.874710083, 12.4707078934, 45.6543540955, 62.5913467407], [-1591.25646973, -49.3178062439, 927.012573242, 180.629272461, 223.646377563, -127.798057556, 72.5260543823, 28.4838352203, 11.0761423111, -8.82506465912, 2.06001853943, -15.2709932327, -2.62725019455], [81.6972885132, 48.4598770142, 180.629272461, 381.51965332, 57.7430229187, 26.7225723267, -0.12181930244, 47.6820526123, 25.6904735565, 17.2610111237, -1.9082378149, -23.9311828613, -25.103433609], [-573.122070312, 18.2236328125, 223.646377563, 57.7430229187, 250.588104248, 36.9401779175, 92.2342224121, 26.373670578, 16.6410446167, -5.30028963089, -13.776925087, -12.4069948196, -4.71441841125], [426.618591309, 210.654098511, -127.798057556, 26.7225723267, 36.9401779175, 214.866638184, 88.08543396, 26.6340332031, -3.62510919571, -1.39646887779, -26.2326431274, -0.060218449682, 13.0608968735], [-295.318084717, -11.0680360794, 72.5260543823, -0.12181930244, 92.2342224121, 88.08543396, 171.989379883, 56.2421112061, 14.5500364304, -10.5018997192, -30.8881473541, -11.4020586014, 7.81373882294], [-103.446739197, -15.6280956268, 28.4838352203, 47.6820526123, 26.373670578, 26.6340332031, 56.2421112061, 100.14566803, 45.1681594849, 4.25623846054, -19.8930644989, -10.4800386429, -1.23319959641], [-125.250366211, -81.591796875, 11.0761423111, 25.6904735565, 16.6410446167, -3.62510919571, 14.5500364304, 45.1681594849, 94.2355651855, 46.2202110291, -1.94338917732, -10.2623224258, -11.1716365814], [-20.5055236816, -65.874710083, -8.82506465912, 17.2610111237, -5.30028963089, -1.39646887779, -10.5018997192, 4.25623846054, 46.2202110291, 90.1824035645, 32.3799171448, 3.57558512688, -6.92120981216], [52.7785339355, 12.4707078934, 2.06001853943, -1.9082378149, -13.776925087, -26.2326431274, -30.8881473541, -19.8930644989, -1.94338917732, 32.3799171448, 80.19480896, 33.7566490173, 3.65275883675], [110.635307312, 45.6543540955, -15.2709932327, -23.9311828613, -12.4069948196, -0.060218449682, -11.4020586014, -10.4800386429, -10.2623224258, 3.57558512688, 33.7566490173, 64.2295150757, 38.2740287781], [51.4820861816, 62.5913467407, -2.62725019455, -25.103433609, -4.71441841125, 13.0608968735, 7.81373882294, -1.23319959641, -11.1716365814, -6.92120981216, 3.65275883675, 38.2740287781, 62.4529266357]], "icov": [[0.000175508306711, -0.000277526647551, 0.000276918552117, -0.000175030334503, 0.000197096218471, 7.2886912676e-05, -1.43979850691e-05, 9.16319695534e-05, -1.06671477624e-05, -0.000110301276436, 0.000125164951896, -0.000234608247411, 0.000200330890948], [-0.000277526647551, 0.000973166665062, -0.000546451366972, 0.000281760003418, -0.000337691220921, -0.00091076886747, 0.00053351506358, -0.000262917019427, 0.000178310408955, 0.000622793333605, -0.000576546881348, 0.000471531908261, -0.000717582937796], [0.000276918552117, -0.000546451366972, 0.00244241929613, -0.00121985643636, -0.00117035943549, 0.00232297438197, -0.0012825015001, 0.00036071636714, 0.000376595591661, -0.000349449313944, 0.000204425523407, -0.000173171647475, -0.000351958646206], [-0.000175030334503, 0.000281760003418, -0.00121985643636, 0.00376673974097, -0.000419902498834, -0.00168593856506, 0.00193387840409, -0.00219703628682, 0.000222282775212, -0.000285974092549, -0.000564277463127, 0.000992028275505, 0.000793312967289], [0.000197096218471, -0.000337691220921, -0.00117035943549, -0.000419902498834, 0.00668378314003, -0.00105440616608, -0.00256474665366, 0.00120433291886, -0.00141864374746, 0.000663672166411, -0.000166948593687, -0.000298597151414, 0.00104020850267], [7.2886912676e-05, -0.00091076886747, 0.00232297438197, -0.00168593856506, -0.00105440616608, 0.00967101473361, -0.00535214133561, 0.000506941636559, 0.00170252169482, -0.00246797013097, 0.00265949522145, -0.00133119581733, -0.000458412861917], [-1.43979850691e-05, 0.00053351506358, -0.0012825015001, 0.00193387840409, -0.00256474665366, -0.00535214133561, 0.0125105492771, -0.00554197840393, 0.000713661138434, 0.000700807548128, 0.000420656637289, 0.00149717228487, -0.00128523807507], [9.16319695534e-05, -0.000262917019427, 0.00036071636714, -0.00219703628682, 0.00120433291886, 0.000506941636559, -0.00554197840393, 0.0177756156772, -0.00895058363676, 0.00293019111268, 0.00138133810833, -0.000429628562415, -0.000744556775317], [-1.06671477624e-05, 0.000178310408955, 0.000376595591661, 0.000222282775212, -0.00141864374746, 0.00170252169482, 0.000713661138434, -0.00895058363676, 0.0208861902356, -0.0112379016355, 0.00351314246655, -0.000495496613439, 0.00179501972161], [-0.000110301276436, 0.000622793333605, -0.000349449313944, -0.000285974092549, 0.000663672166411, -0.00246797013097, 0.000700807548128, 0.00293019111268, -0.0112379016355, 0.0204290114343, -0.00945837330073, 0.00302257272415, -0.00117190356832], [0.000125164951896, -0.000576546881348, 0.000204425523407, -0.000564277463127, -0.000166948593687, 0.00265949522145, 0.000420656637289, 0.00138133810833, 0.00351314246655, -0.00945837330073, 0.0239388402551, -0.0156030096114, 0.00740462262183], [-0.000234608247411, 0.000471531908261, -0.000173171647475, 0.000992028275505, -0.000298597151414, -0.00133119581733, 0.00149717228487, -0.000429628562415, -0.000495496613439, 0.00302257272415, -0.0156030096114, 0.0366456247866, -0.0211268570274], [0.000200330890948, -0.000717582937796, -0.000351958646206, 0.000793312967289, 0.00104020850267, -0.000458412861917, -0.00128523807507, -0.000744556775317, 0.00179501972161, -0.00117190356832, 0.00740462262183, -0.0211268570274, 0.029896305874]], "mean": [-762.465209961, 179.736816406, 12.1844825745, 25.2525672913, 7.94642877579, 22.2877445221, 3.48792791367, 1.63261437416, -3.61179924011, -2.60714673996, -0.818169653416, 1.98558449745, 2.57826566696]}, "pitch_salience": {"dmean": 0.0875896736979, "dmean2": 0.142133757472, "dvar": 0.00581343378872, "dvar2": 0.0156169589609, "max": 0.884896755219, "mean": 0.542998194695, "median": 0.556713938713, "min": 0.101687394083, "var": 0.0173904635012}, "silence_rate_20dB": {"dmean": 0.000865051930305, "dmean2": 0.00173035333864, "dvar": 0.000864353962243, "dvar2": 0.00201574177481, "max": 1, "mean": 0.998125970364, "median": 1, "min": 0, "var": 0.00187061459292}, "silence_rate_30dB": {"dmean": 0.0207612458616, "dmean2": 0.0415284782648, "dvar": 0.0203285943717, "dvar2": 0.0467287302017, "max": 1, "mean": 0.967997670174, "median": 1, "min": 0, "var": 0.0309770759195}, "silence_rate_60dB": {"dmean": 0.0236447528005, "dmean2": 0.0472963228822, "dvar": 0.0230876859277, "dvar2": 0.0539966151118, "max": 1, "mean": 0.115179471672, "median": 0, "min": 0, "var": 0.101909615099}, "spectral_centroid": {"dmean": 118.08467865, "dmean2": 178.550247192, "dvar": 41341.015625, "dvar2": 82357.7109375, "max": 12036.2539062, "mean": 776.631225586, "median": 473.729248047, "min": 114.920013428, "var": 2143221}, "spectral_complexity": {"dmean": 1.98385238647, "dmean2": 2.95976924896, "dvar": 4.52429580688, "dvar2": 8.89259815216, "max": 36, "mean": 10.0139827728, "median": 9, "min": 0, "var": 43.5884170532}, "spectral_contrast_coeffs": {"dmean": [0.053020760417, 0.0521127805114, 0.0372835732996, 0.0314228720963, 0.0269087608904, 0.0354600921273], "dmean2": [0.0870632901788, 0.0834723338485, 0.0601472854614, 0.0499633662403, 0.0424940809608, 0.05760223791], "dvar": [0.00190937123261, 0.00186838093214, 0.00092741008848, 0.000644346757326, 0.000504392781295, 0.00153219234198], "dvar2": [0.0052075413987, 0.00470681954175, 0.00228808820248, 0.00158510904294, 0.00122319546062, 0.00380857149139], "max": [-0.26371884346, -0.233497962356, -0.545366823673, -0.591343522072, -0.657453596592, -0.475844591856], "mean": [-0.682021856308, -0.748605310917, -0.81225258112, -0.819387555122, -0.852333009243, -0.797566473484], "median": [-0.680940032005, -0.751633405685, -0.813687741756, -0.815448641777, -0.851838171482, -0.82007420063], "min": [-0.987519919872, -0.974299073219, -0.979653418064, -0.984137654305, -0.969220161438, -0.964164555073], "var": [0.00898789893836, 0.00758572574705, 0.00450776843354, 0.00443383306265, 0.00278075668029, 0.00483025703579]}, "spectral_contrast_valleys": {"dmean": [0.400047749281, 0.433860778809, 0.397740632296, 0.415109425783, 0.450849562883, 0.731592774391], "dmean2": [0.665995836258, 0.675526916981, 0.612026870251, 0.621443390846, 0.688889205456, 1.19360458851], "dvar": [0.144463449717, 0.161019578576, 0.157079696655, 0.177850440145, 0.211253091693, 0.441316634417], "dvar2": [0.329479187727, 0.352275133133, 0.335028856993, 0.379097789526, 0.473889410496, 1.10863673687], "max": [-4.98250436783, -4.28520584106, -5.4739279747, -5.79615592957, -6.21243715286, -8.95524024963], "mean": [-7.42090034485, -7.49590444565, -8.13591575623, -8.73431110382, -9.2192401886, -11.9797477722], "median": [-6.78287029266, -6.87151002884, -7.46715068817, -8.12195587158, -8.68596458435, -11.6389770508], "min": [-27.992105484, -27.955078125, -27.6955223083, -27.8401660919, -27.5016994476, -27.425611496], "var": [9.24293327332, 9.30084514618, 8.65769958496, 8.13827610016, 7.34555149078, 5.4823718071]}, "spectral_decrease": {"dmean": 3.08305825314e-09, "dmean2": 4.56894921896e-09, "dvar": 2.4203069804e-17, "dvar2": 5.17004658068e-17, "max": 1.51112202449e-14, "mean": -8.23977952535e-09, "median": -5.84658055303e-09, "min": -1.58949973184e-07, "var": 9.69015485477e-17}, "spectral_energy": {"dmean": 0.0119037376717, "dmean2": 0.0176014136523, "dvar": 0.000361850456102, "dvar2": 0.000768608762883, "max": 0.627712190151, "mean": 0.0320211350918, "median": 0.0226704422385, "min": 9.95833369047e-21, "var": 0.00147928518709}, "spectral_energyband_high": {"dmean": 2.58681066043e-05, "dmean2": 3.81079298677e-05, "dvar": 3.45821260517e-09, "dvar2": 6.19309625804e-09, "max": 0.00303823617287, "mean": 4.90187812829e-05, "median": 1.59663359227e-05, "min": 7.0493680817e-21, "var": 1.06597699556e-08}, "spectral_energyband_low": {"dmean": 0.00778771657497, "dmean2": 0.0124445986003, "dvar": 0.000177120193257, "dvar2": 0.000438118207967, "max": 0.26272431016, "mean": 0.0163915045559, "median": 0.0100538423285, "min": 9.57067980547e-24, "var": 0.000366378721083}, "spectral_energyband_middle_high": {"dmean": 0.000920959864743, "dmean2": 0.00128542631865, "dvar": 4.75990964333e-06, "dvar2": 8.90541286935e-06, "max": 0.0890461206436, "mean": 0.00240383949131, "median": 0.00081399345072, "min": 1.15645726333e-21, "var": 2.30348432524e-05}, "spectral_energyband_middle_low": {"dmean": 0.00609598401934, "dmean2": 0.00849497038871, "dvar": 0.000195253596758, "dvar2": 0.000362553982995, "max": 0.592934429646, "mean": 0.0135787073523, "median": 0.00587040744722, "min": 1.78006639968e-22, "var": 0.000962698773947}, "spectral_entropy": {"dmean": 0.305154055357, "dmean2": 0.475555717945, "dvar": 0.0924851149321, "dvar2": 0.234101071954, "max": 9.8248872757, "mean": 6.95107603073, "median": 6.96110916138, "min": 4.27655887604, "var": 0.471561729908}, "spectral_flux": {"dmean": 0.0256740637124, "dmean2": 0.0417517647147, "dvar": 0.000994786736555, "dvar2": 0.00245648738928, "max": 0.477919429541, "mean": 0.0805767700076, "median": 0.0704885646701, "min": 6.36905667095e-11, "var": 0.00303366035223}, "spectral_kurtosis": {"dmean": 5.30001592636, "dmean2": 8.64973068237, "dvar": 42.0049209595, "dvar2": 112.392707825, "max": 81.241394043, "mean": 14.0774688721, "median": 12.1245174408, "min": -1.25712573528, "var": 79.77734375}, "spectral_rms": {"dmean": 0.000954792834818, "dmean2": 0.00140520662535, "dvar": 1.22178516904e-06, "dvar2": 2.58506224782e-06, "max": 0.024746760726, "mean": 0.00484912656248, "median": 0.00470292521641, "min": 3.11696133314e-12, "var": 7.72622479417e-06}, "spectral_rolloff": {"dmean": 169.609664917, "dmean2": 284.936187744, "dvar": 171243.296875, "dvar2": 392335.8125, "max": 22050, "mean": 1050.05993652, "median": 344.53125, "min": 43.06640625, "var": 9428278}, "spectral_skewness": {"dmean": 0.470690459013, "dmean2": 0.738738119602, "dvar": 0.241197451949, "dvar2": 0.616106927395, "max": 6.97900533676, "mean": 2.73718881607, "median": 2.68547797203, "min": -0.117732346058, "var": 0.86313188076}, "spectral_spread": {"dmean": 676081.625, "dmean2": 1094798.875, "dvar": 618616848384, "dvar2": 