{"lowlevel": {"average_loudness": 0.923221349716, "barkbands": {"dmean": [2.68440835498e-05, 0.00309470389038, 0.00209755706601, 0.00176801579073, 0.00224405457266, 0.00167008046992, 0.00174557731953, 0.000697254552506, 0.000864924804773, 0.000561307999305, 0.00090870691929, 0.000545803399291, 0.000540757551789, 0.000340157770552, 0.000288219453068, 0.000157185670105, 0.000161136093084, 0.000173408290721, 0.000161575429956, 0.00014449491573, 0.000141949611134, 0.000106951294583, 8.75399928191e-05, 8.0473793787e-05, 7.48535458115e-05, 1.56392379722e-05, 1.15252887554e-05], "dmean2": [3.72415670427e-05, 0.00484855519608, 0.00346664921381, 0.00317961070687, 0.00360498111695, 0.00265883328393, 0.00262594083324, 0.00106292043347, 0.0013221364934, 0.000888640061021, 0.00148280651774, 0.000858828832861, 0.000883275584783, 0.000545114453416, 0.000474694010336, 0.000261075416347, 0.000263107736828, 0.00028760128771, 0.000267492985586, 0.00023555183725, 0.000222986651352, 0.000164250464877, 0.000130192434881, 0.00012592402345, 0.000127910854644, 2.61722707364e-05, 2.11442875298e-05], "dvar": [1.30836808054e-09, 6.86933417455e-05, 1.19478336273e-05, 3.07958871417e-05, 8.74305442267e-06, 8.6881009338e-06, 1.80165679922e-05, 2.0823331397e-06, 2.9100658594e-06, 2.149528882e-06, 5.06461674377e-06, 2.62422440755e-06, 2.03289459932e-06, 5.29095757429e-07, 1.99605381113e-07, 7.42591623748e-08, 9.14863633739e-08, 9.94866269366e-08, 1.33579007411e-07, 7.02728399915e-08, 1.3427032286e-07, 4.87765206003e-08, 6.12853625626e-08, 6.47955218369e-08, 2.1725028887e-08, 8.8770008011e-10, 6.68961885886e-10], "dvar2": [2.32975372327e-09, 0.000173088061274, 3.1439740269e-05, 8.65981928655e-05, 2.32033889915e-05, 1.99481037271e-05, 4.27819650213e-05, 4.92191929879e-06, 6.94672644386e-06, 5.14840894539e-06, 1.27694493131e-05, 6.81074743625e-06, 5.32633839612e-06, 1.28751958073e-06, 5.22155460203e-07, 1.93791720449e-07, 2.32898784702e-07, 2.61252409928e-07, 3.54013650394e-07, 1.67180587596e-07, 3.26282616925e-07, 1.09745641907e-07, 1.1661538224e-07, 1.39851920267e-07, 5.26030667913e-08, 2.23613461081e-09, 1.84340653853e-09], "max": [0.000569337746128, 0.108215808868, 0.0491756722331, 0.0639294832945, 0.0510584786534, 0.0794431567192, 0.12193877995, 0.0565936751664, 0.0570231676102, 0.0508288890123, 0.0684489682317, 0.0502832792699, 0.0494999550283, 0.0189511049539, 0.00910448376089, 0.00614562025294, 0.00503950379789, 0.00374018913135, 0.00416358560324, 0.00326773058623, 0.00737026426941, 0.00342170312069, 0.00897821597755, 0.00754067581147, 0.00356348417699, 0.000375054311007, 0.000314066797728], "mean": [5.40981200174e-05, 0.00435395492241, 0.00290255853906, 0.00174421246629, 0.00522766122594, 0.00329865934327, 0.00311638321728, 0.00133859086782, 0.00156907155178, 0.00092868640786, 0.00134290475398, 0.000896905781701, 0.000882583728526, 0.000528916134499, 0.000477761117509, 0.000228032658924, 0.000210418438655, 0.000255866994848, 0.000207240736927, 0.000223259950872, 0.000211289705476, 0.000176774163265, 0.000134966263431, 0.000124869766296, 7.91286875028e-05, 1.48887402247e-05, 7.45766737964e-06], "median": [2.87437960651e-05, 0.00206564879045, 0.00142234703526, 0.000698421092238, 0.0039413580671, 0.00187106477097, 0.00131777022034, 0.000803556875326, 0.000857950304635, 0.000426409358624, 0.000438093207777, 0.000387751148082, 0.000381134275813, 0.000285698333755, 0.000326726265484, 0.000136100206873, 0.000106755833258, 0.000139017720358, 8.79334402271e-05, 0.000107280873635, 8.7764186901e-05, 8.04911687737e-05, 3.68875989807e-05, 3.74061783077e-05, 1.76646026375e-05, 2.58920158558e-06, 4.83953613184e-07], "min": [1.23490721711e-24, 4.28373204653e-24, 1.9141901164e-24, 2.88768470534e-24, 7.60282446777e-24, 8.04150607286e-24, 7.65194289203e-24, 2.03325545662e-24, 1.51734602552e-23, 2.17134405924e-23, 2.52008005946e-23, 4.01460717889e-23, 3.83802855386e-23, 4.82523244094e-23, 5.21504868835e-23, 6.57193141273e-23, 9.72458688363e-23, 1.09318198544e-22, 1.49326976981e-22, 1.7704520154e-22, 3.01921302235e-22, 3.47887381523e-22, 3.79227929142e-22, 6.32578446976e-22, 9.3662644248e-22, 1.37166932251e-21, 1.93267296806e-21], "var": [4.7567096928e-09, 6.69930741424e-05, 1.56853893714e-05, 2.09615354834e-05, 2.28893095482e-05, 2.30790010392e-05, 3.71751484636e-05, 4.80610333398e-06, 6.52097833154e-06, 4.95739959661e-06, 1.05381523099e-05, 5.62437071494e-06, 4.12414874518e-06, 9.23942991449e-07, 3.33390204332e-07, 9.26230185883e-08, 1.04342696261e-07, 1.1691025037e-07, 1.28948570932e-07, 1.08412223199e-07, 1.71320124309e-07, 7.61514371561e-08, 1.2543237915e-07, 1.28712571268e-07, 3.10268362114e-08, 1.02038943961e-09, 4.36221059275e-10]}, "barkbands_crest": {"dmean": 2.58230018616, "dmean2": 4.23907184601, "dvar": 5.77715587616, "dvar2": 15.6062850952, "max": 24.830991745, "mean": 9.08646297455, "median": 8.33933544159, "min": 2.39698624611, "var": 12.312792778}, "barkbands_flatness_db": {"dmean": 0.0269677564502, "dmean2": 0.0413447581232, "dvar": 0.000661468191538, "dvar2": 0.00165389233734, "max": 0.267834544182, "mean": 0.120018407702, "median": 0.117500960827, "min": 0.0234134271741, "var": 0.00161377899349}, "barkbands_kurtosis": {"dmean": 2.19425320625, "dmean2": 3.57685542107, "dvar": 7.7496919632, "dvar2": 20.552274704, "max": 66.7868499756, "mean": 3.18378710747, "median": 2.30615472794, "min": -1.81035792828, "var": 14.1333255768}, "barkbands_skewness": {"dmean": 0.472806185484, "dmean2": 0.767219483852, "dvar": 0.217373713851, "dvar2": 0.605075120926, "max": 6.88468360901, "mean": 1.44882559776, "median": 1.44153380394, "min": -2.33669686317, "var": 0.64210152626}, "barkbands_spread": {"dmean": 6.33219909668, "dmean2": 10.1135187149, "dvar": 61.0693740845, "dvar2": 156.877731323, "max": 106.190032959, "mean": 19.6046409607, "median": 16.9506664276, "min": 2.11077237129, "var": 133.324157715}, "dissonance": {"dmean": 0.0192227885127, "dmean2": 0.0318368822336, "dvar": 0.000315967394272, "dvar2": 0.000836806895677, "max": 0.500000119209, "mean": 0.463730096817, "median": 0.468621909618, "min": 0.279135257006, "var": 0.00064032280352}, "dynamic_complexity": 3.57316541672, "erbbands": {"dmean": [0.0568452626467, 0.812356710434, 2.33281970024, 3.83696484566, 6.81578063965, 9.28840255737, 11.3116388321, 14.9023275375, 18.6153202057, 27.248922348, 16.2606487274, 18.0975704193, 15.4366483688, 25.99269104, 32.3505554199, 17.4653987885, 19.8594074249, 22.5905723572, 12.7384033203, 14.4736852646, 8.74610805511, 8.87279701233, 9.22059440613, 9.39081859589, 6.65954971313, 7.38680839539, 6.79766607285, 4.85384273529, 3.70500349998, 2.95501804352, 2.54032039642, 2.10926532745, 1.27900385857, 0.974828243256, 0.324082821608, 0.0842350125313, 0.029851205647, 0.013043275103, 0.00168579956517, 3.95464521716e-05], "dmean2": [0.0852973014116, 1.2908577919, 3.87821316719, 6.71517848969, 11.5867109299, 14.6687602997, 17.9568080902, 23.6687088013, 29.4975528717, 39.3612556458, 24.8699073792, 28.0605964661, 23.7335109711, 41.8225097656, 52.37733078, 27.5292625427, 31.8736000061, 36.5237350464, 20.2561721802, 24.1451206207, 14.5185480118, 14.4200763702, 15.0987081528, 15.9129076004, 10.8003120422, 12.1584739685, 11.0683345795, 7.40690231323, 5.63804721832, 4.66542434692, 3.7101624012, 3.31814742088, 2.01378035545, 1.65792369843, 0.531395554543, 0.13826867938, 0.0507214143872, 0.0237187873572, 0.0030458222609, 6.43437815597e-05], "dvar": [0.0142450416461, 5.05882310867, 20.967628479, 95.6631851196, 236.106109619, 174.345626831, 301.346008301, 958.120422363, 2691.4230957, 3496.41699219, 1211.52160645, 1732.04833984, 825.86920166, 3472.13647461, 6330.41650391, 1785.83850098, 2655.53515625, 3400.06616211, 584.516662598, 448.854705811, 261.04586792, 277.1300354, 257.462188721, 443.120910645, 180.843109131, 179.840866089, 302.075775146, 122.230583191, 60.4723396301, 51.8105201721, 60.2146606445, 54.4583702087, 10.4151859283, 3.9335026741, 0.508014202118, 0.0304472912103, 0.00325543084182, 0.000748983002268, 1.32640152515e-05, 4.41921921279e-09], "dvar2": [0.0357175506651, 12.7132902145, 55.5087852478, 268.628448486, 659.993530273, 452.17074585, 733.60369873, 2187.95336914, 6558.25048828, 7098.59423828, 2915.19287109, 4276.00146484, 1882.51342773, 8525.51464844, 16523.2695312, 4577.734375, 6513.81689453, 8952.8984375, 1531.37792969, 1176.95581055, 681.498718262, 707.003479004, 660.529907227, 1208.6394043, 444.728912354, 440.927520752, 783.914489746, 266.983581543, 131.862503052, 119.746948242, 110.538780212, 124.701332092, 21.5543251038, 9.19131565094, 1.23395252228, 0.0739524364471, 0.00832560192794, 0.00205214973539, 3.61172642442e-05, 1.12487059667e-08], "max": [1.67471551895, 28.4492893219, 62.3999900818, 124.327125549, 202.69418335, 260.7684021, 307.134490967, 807.832824707, 1804.94897461, 1988.80957031, 1491.65002441, 1602.27050781, 1042.34399414, 2176.76708984, 2332.23144531, 1099.54980469, 1405.14953613, 2049.45092773, 749.96661377, 480.271911621, 388.622192383, 197.89440918, 204.561309814, 230.260269165, 140.307571411, 168.486663818, 265.114349365, 258.00402832, 98.9148864746, 142.878799438, 307.853424072, 246.139785767, 105.563323975, 57.4742546082, 18.3573246002, 3.79862999916, 0.578647732735, 0.303059220314, 0.0420120321214, 0.000651377660688], "mean": [0.103912778199, 1.06916701794, 3.12684798241, 4.73971271515, 10.1943635941, 20.3503284454, 23.3213500977, 28.5316829681, 32.7363204956, 51.2347412109, 31.8954277039, 32.9605903625, 29.4338436127, 44.6332893372, 53.4149551392, 31.52784729, 35.0110397339, 37.6101417542, 22.2388286591, 23.3052253723, 12.9453239441, 11.776848793, 13.617857933, 12.384059906, 9.68181419373, 11.261595726, 9.33183860779, 8.05108833313, 6.36701154709, 4.31050634384, 3.90564846992, 3.16551804543, 1.84200918674, 1.07867658138, 0.370557248592, 0.0882886573672, 0.0263211503625, 0.00905454810709, 0.00114716391545, 6.2798622821e-05], "median": [0.0509471856058, 0.49397033453, 1.60378623009, 2.47083520889, 6.06297874451, 13.6951560974, 15.8437347412, 14.062494278, 16.1782684326, 22.6677532196, 20.3754463196, 17.501411438, 18.4973125458, 21.0016746521, 20.4137039185, 16.5741882324, 16.9583129883, 19.1897315979, 13.9356498718, 15.4175186157, 7.43903923035, 6.07686138153, 7.64872932434, 6.07657575607, 4.37392997742, 5.41867113113, 3.81795525551, 3.64790678024, 2.92332720757, 1.55313920975, 1.02502131462, 0.895841240883, 0.5741751194, 0.258761465549, 0.0801155939698, 0.0166935808957, 0.00386066595092, 0.000843843794428, 9.91092383629e-05, 4.33380628238e-05], "min": [7.62124452768e-23, 4.49561202351e-22, 3.54486474364e-21, 8.12610520765e-21, 1.20808541007e-20, 2.61659167424e-20, 5.10928461741e-20, 7.534926494e-20, 1.04648971589e-19, 1.01091707214e-19, 8.06539095849e-20, 4.64370407093e-19, 6.12317760105e-19, 8.23668403672e-19, 1.37397646576e-18, 1.74728173204e-18, 1.94236897078e-18, 2.69024736442e-18, 2.48905098326e-18, 3.91725772017e-18, 4.04110444225e-18, 5.89574760035e-18, 6.12894511787e-18, 6.79536400556e-18, 8.05639423195e-18, 8.54479723437e-18, 1.12604469018e-17, 1.03870690792e-17, 1.19502129623e-17, 1.10787269018e-17, 1.17281910684e-17, 9.9748932518e-18, 1.15363513408e-17, 8.61283614847e-18, 6.93211102288e-18, 4.28262753264e-18, 2.6368179075e-18, 9.15192112741e-19, 2.52417007354e-19, 2.80564897312e-20], "var": [0.0202876459807, 4.72271585464, 21.787273407, 73.6275939941, 215.311676025, 493.728637695, 670.6875, 2386.99267578, 4884.03076172, 9667.17871094, 2488.77905273, 3641.67895508, 1778.66638184, 7848.73535156, 14236.3671875, 3830.35302734, 5799.14111328, 6790.54248047, 998.736206055, 740.846435547, 321.005889893, 299.652862549, 316.771270752, 398.987609863, 226.393692017, 264.773010254, 349.729827881, 191.820831299, 100.685943604, 75.6823959351, 123.058830261, 91.3551635742, 23.2562294006, 6.47054052353, 0.736388385296, 0.0413602143526, 0.00321215693839, 0.000511464779265, 9.12073664949e-06, 4.66529348486e-09]}, "erbbands_crest": {"dmean": 2.4062640667, "dmean2": 3.83024430275, "dvar": 5.35943555832, "dvar2": 12.7668542862, "max": 29.4439754486, "mean": 8.03812503815, "median": 6.89729213715, "min": 2.32996082306, "var": 16.3330440521}, "erbbands_flatness_db": {"dmean": 0.0224636029452, "dmean2": 0.0331737734377, "dvar": 0.000431320688222, "dvar2": 0.000909161462914, "max": 0.375587791204, "mean": 0.149892091751, "median": 0.148128598928, "min": 0.0332086160779, "var": 0.00159731402528}, "erbbands_kurtosis": {"dmean": 0.890673518181, "dmean2": 1.39483428001, "dvar": 1.27328705788, "dvar2": 3.11407923698, "max": 26.6144676208, "mean": 0.517094254494, "median": 0.0825474262238, "min": -1.75699901581, "var": 2.81066656113}, "erbbands_skewness": {"dmean": 0.358931928873, "dmean2": 0.548609673977, "dvar": 0.112052038312, "dvar2": 0.267904281616, "max": 4.91405916214, "mean": 0.54918050766, "median": 0.549058198929, "min": -2.0133433342, "var": 0.322779595852}, "erbbands_spread": {"dmean": 7.89915037155, "dmean2": 11.6961612701, "dvar": 60.1576118469, "dvar2": 126.021682739, "max": 119.210884094, "mean": 36.4050254822, "median": 33.8971710205, "min": 4.40126228333, "var": 266.347351074}, "gfcc": {"cov": [[20771.9667969, 669.917785645, -259.350738525, 434.332000732, -580.659484863, 278.682800293, -350.677215576, 118.554153442, -333.969390869, -46.8026618958, -204.949386597, -79.1543807983, -138.033065796], [669.917785645, 1400.96765137, -124.934028625, 24.8067340851, -44.7980117798, -0.607989549637, 140.340011597, -52.0213928223, 148.172637939, -54.5712051392, 131.565689087, -75.6605758667, 111.601127625], [-259.350738525, -124.934028625, 501.775268555, 5.93521022797, 53.78282547, 29.7147197723, -8.42011833191, 68.2401504517, 15.1675691605, 18.8149929047, -14.9569129944, 13.3173694611, -18.3202152252], [434.332000732, 24.8067340851, 5.93521022797, 296.870330811, -7.31717967987, 43.5542678833, 11.7208623886, 30.0134010315, 25.3278961182, 5.48367547989, -3.76838111877, -14.7245292664, 6.79187488556], [-580.659484863, -44.7980117798, 53.78282547, -7.31717967987, 210.528396606, -3.48617935181, 54.6415672302, 23.3583469391, 24.8892765045, 11.9784765244, 7.66853094101, 20.5200271606, -1.47037887573], [278.682800293, -0.607989549637, 29.7147197723, 43.5542678833, -3.48617935181, 131.869277954, 30.1851596832, 29.9701805115, -1.77933454514, 12.1329536438, 17.4038391113, -3.68690061569, 2.40411543846], [-350.677215576, 140.340011597, -8.42011833191, 11.7208623886, 54.6415672302, 30.1851596832, 138.883712769, 20.7545433044, 32.171131134, 20.8341236115, 33.7256851196, 1.3214892149, 17.9075737], [118.554153442, -52.0213928223, 68.2401504517, 30.0134010315, 23.3583469391, 29.9701805115, 20.7545433044, 100.490020752, 25.8768634796, 23.7560634613, 7.38052988052, 8.69400215149, -0.917189478874], [-333.969390869, 148.172637939, 15.1675691605, 25.3278961182, 24.8892765045, -1.77933454514, 32.171131134, 25.8768634796, 107.790977478, 21.0103168488, 34.5820388794, 2.63316822052, 19.3164825439], [-46.8026618958, -54.5712051392, 18.8149929047, 5.48367547989, 11.9784765244, 12.1329536438, 20.8341236115, 23.7560634613, 21.0103168488, 83.4062728882, 22.8457736969, 17.6077594757, -3.64756178856], [-204.949386597, 131.565689087, -14.9569129944, -3.76838111877, 7.66853094101, 17.4038391113, 33.7256851196, 7.38052988052, 34.5820388794, 22.8457736969, 80.7020721436, 17.9169788361, 25.4008464813], [-79.1543807983, -75.6605758667, 13.3173694611, -14.7245292664, 20.5200271606, -3.68690061569, 1.3214892149, 8.69400215149, 2.63316822052, 17.6077594757, 17.9169788361, 59.3049468994, 15.8588724136], [-138.033065796, 111.601127625, -18.3202152252, 6.79187488556, -1.47037887573, 2.40411543846, 17.9075737, -0.917189478874, 19.3164825439, -3.64756178856, 25.4008464813, 15.8588724136, 65.0234375]], "icov": [[7.54804932512e-05, -0.000164135621162, 5.81154308748e-05, -9.59771496127e-05, 0.000105535298644, -0.00017175085668, 0.000244723079959, -0.000253841426456, 0.00032818922773, -0.000142271572258, 0.000297450227663, -0.000291497563012, 0.00025552129955], [-0.000164135621162, 0.00186373584438, -0.000127256193082, 0.000244272174314, 0.000210829268326, 0.000667181797326, -0.00160883134231, 0.00135053182021, -0.00214461260475, 0.00153982033953, -0.00259349658154, 0.00305761117488, -0.00217547570355], [5.81154308748e-05, -0.000127256193082, 0.00237427954562, 6.31905641058e-05, -0.000440863688709, -0.000624404288828, 0.000724963727407, -0.00155671965331, -7.03471159795e-05, -0.000229489276535, 0.00085241755005, -0.000629675167147, 0.000624240550678], [-9.59771496127e-05, 0.000244272174314, 6.31905641058e-05, 0.00390100316145, 1.03372212834e-05, -0.000987811712548, -0.000224525167141, -0.000433485605754, -0.00143648986705, 5.54820508114e-05, 0.000527581083588, 0.00130043912213, -0.00101359770633], [0.000105535298644, 0.000210829268326, -0.000440863688709, 1.03372212834e-05, 0.00620826147497, 0.00053358747391, -0.00261631421745, -0.000567517301533, -0.000888087321073, 0.000708693522029, 0.000565206515603, -0.00211640284397, 0.00116904661991], [-0.00017175085668, 0.000667181797326, -0.000624404288828, -0.000987811712548, 0.00053358747391, 0.00993006210774, -0.00257234717719, -0.00161965377629, 0.00124133785721, 0.000240754918195, -0.00353223714046, 0.00240240455605, -0.000813289254438], [0.000244723079959, -0.00160883134231, 0.000724963727407, -0.000224525167141, -0.00261631421745, -0.00257234717719, 0.0116082057357, -0.00216593849473, 0.00112815480679, -0.00279396469705, -8.28671691124e-05, -0.000318402453559, -6.48866625852e-05], [-0.000253841426456, 0.00135053182021, -0.00155671965331, -0.000433485605754, -0.000567517301533, -0.00161965377629, -0.00216593849473, 0.0145792383701, -0.00445354869589, -0.00100226630457, -0.000824747548904, 0.000635865726508, -0.000967042113189], [0.00032818922773, -0.00214461260475, -7.03471159795e-05, -0.00143648986705, -0.000888087321073, 0.00124133785721, 0.00112815480679, -0.00445354869589, 0.015763066709, -0.00354790128767, -0.00156924850307, -0.000797516200691, -5.96414292886e-06], [-0.000142271572258, 0.00153982033953, -0.000229489276535, 5.54820508114e-05, 0.000708693522029, 0.000240754918195, -0.00279396469705, -0.00100226630457, -0.00354790128767, 0.0166607815772, -0.00523903174326, -0.00199411995709, 0.00226866919547], [0.000297450227663, -0.00259349658154, 0.00085241755005, 0.000527581083588, 0.000565206515603, -0.00353223714046, -8.28671691124e-05, -0.000824747548904, -0.00156924850307, -0.00523903174326, 0.022753784433, -0.00816541910172, -0.00130244693719], [-0.000291497563012, 0.00305761117488, -0.000629675167147, 0.00130043912213, -0.00211640284397, 0.00240240455605, -0.000318402453559, 0.000635865726508, -0.000797516200691, -0.00199411995709, -0.00816541910172, 0.0272843372077, -0.00955960899591], [0.00025552129955, -0.00217547570355, 0.000624240550678, -0.00101359770633, 0.00116904661991, -0.000813289254438, -6.48866625852e-05, -0.000967042113189, -5.96414292886e-06, 0.00226866919547, -0.00130244693719, -0.00955960899591, 0.0229671616107]], "mean": [-2.13933634758, 102.397209167, -117.368759155, 26.3427314758, -65.7256622314, 12.9753360748, -36.0387001038, -0.0622392185032, -21.5519390106, 0.79371035099, -10.7122354507, -3.85841202736, -6.23755311966]}, "hfc": {"dmean": 7.39057397842, "dmean2": 10.9295215607, "dvar": 121.650398254, "dvar2": 271.068481445, "max": 153.058151245, "mean": 21.206155777, "median": 16.8465137482, "min": 1.06095283862e-16, "var": 297.69833374}, "melbands": {"dmean": [0.000702437071595, 0.0011630828958, 0.00076316628838, 0.000531652010977, 0.000382915401133, 0.000319644022966, 0.000312033429509, 0.000257793493802, 0.000130348911625, 0.000120680735563, 7.94763691374e-05, 0.000105939594505, 0.000132301167469, 6.66571286274e-05, 3.81816353183e-05, 5.44046597497e-05, 4.0041111788e-05, 2.1990361347e-05, 1.95980082935e-05, 1.42304124893e-05, 1.06059587779e-05, 9.40228528634e-06, 8.49265779834e-06, 9.74265458353e-06, 7.90922877059e-06, 5.76796446694e-06, 4.87913985125e-06, 4.85890677737e-06, 4.46166995971e-06, 3.35317008648e-06, 2.96497023555e-06, 2.37969743466e-06, 1.85459816748e-06, 1.63208142112e-06, 1.54730969371e-06, 1.356995881e-06, 1.34398840146e-06, 8.23117545679e-07, 1.21412301723e-06, 6.83449968619e-07], "dmean2": [0.00108274572995, 0.00187898590229, 0.00133462517988, 0.000867448979989, 0.000602228741627, 0.000509979669005, 0.000490151112899, 0.000373054557713, 0.000201485599973, 0.000186616569408, 0.000121998607938, 0.000170349987457, 0.000215754276724, 0.000105256258394, 6.10961869825e-05, 8.89461152838e-05, 6.46688713459e-05, 3.50544578396e-05, 3.19733881042e-05, 2.39085966314e-05, 1.76768226083e-05, 1.54148565343e-05, 1.37708939292e-05, 1.63205349963e-05, 1.35622094604e-05, 9.4600727607e-06, 8.12835696706e-06, 8.05906165624e-06, 7.4282602327e-06, 5.24468168805e-06, 4.69728547614e-06, 3.60894591722e-06, 2.97525616588e-06, 2.60694446297e-06, 2.29922875405e-06, 2.01967463909e-06, 2.19743037633e-06, 1.25063002088e-06, 2.11699534702e-06, 1.14177055366e-06], "dvar": [3.06267907035e-06, 6.75733144817e-06, 4.02021987611e-06, 5.98560518483e-07, 2.92073991659e-07, 4.05629066336e-07, 6.62858042233e-07, 2.82152228692e-07, 7.13447718681e-08, 6.69872832759e-08, 2.21333831263e-08, 6.26047125252e-08, 1.07155685214e-07, 4.71399843605e-08, 8.2723863315e-09, 2.08813162317e-08, 9.62166968321e-09, 1.99648919619e-09, 9.5881047546e-10, 4.30863511536e-10, 4.12089473656e-10, 3.15205861412e-10, 2.41396347356e-10, 2.81312584338e-10, 3.53955947885e-10, 1.42194839237e-10, 8.73375954891e-11, 7.67159044623e-11, 1.24917257094e-10, 6.77149586403e-11, 4.14675377369e-11, 2.26559587063e-11, 1.76868034107e-11, 1.70422616991e-11, 2.3621380893e-11, 2.68371609657e-11, 2.19888378339e-11, 6.52915351992e-12, 5.85177652862e-12, 2.6266066145e-12], "dvar2": [7.72672046878e-06, 1.72436775756e-05, 1.12831712613e-05, 1.63862591762e-06, 7.18797537047e-07, 9.33092451305e-07, 1.6210181002e-06, 5.69698556774e-07, 1.72044750002e-07, 1.64668435332e-07, 5.05734405465e-08, 1.52636758344e-07, 2.73496738146e-07, 1.23544808162e-07, 2.16462527902e-08, 5.38434825614e-08, 2.50068055152e-08, 5.13368547672e-09, 2.37398878333e-09, 1.14095344284e-09, 1.07022546381e-09, 8.08194400292e-10, 6.10110850729e-10, 7.48857920119e-10, 9.75955538607e-10, 3.60091206852e-10, 2.19831361448e-10, 1.87458368273e-10, 3.3071370642e-10, 1.5093273853e-10, 9.60527699045e-11, 4.95036962811e-11, 4.21968883446e-11, 3.97022588416e-11, 4.27436940009e-11, 5.93074964139e-11, 5.30939875398e-11, 1.35325891118e-11, 1.48498140867e-11, 5.92288934911e-12], "max": [0.0239579472691, 0.0343328714371, 0.0247166678309, 0.01154164318, 0.00825431291014, 0.01679408364, 0.0279460772872, 0.0179093964398, 0.0106650842354, 0.00870863907039, 0.00523104146123, 0.0092982519418, 0.00968560017645, 0.00683350814506, 0.00317697459832, 0.00512767350301, 0.00331173790619, 0.00143317109905, 0.000926243374124, 0.000389473338146, 0.00047316387645, 0.000211128703086, 0.000236585081439, 0.000223822906264, 0.00021559704328, 0.000127849343698, 0.00010359184671, 0.00010307199409, 0.000152948821778, 0.000187680765521, 0.000124610072817, 5.6406337535e-05, 9.2429399956e-05, 8.04036390036e-05, 0.000215337335248, 0.000160581359523, 0.000154252513312, 8.76021949807e-05, 5.19996647199e-05, 5.41616282135e-05], "mean": [0.00109420204535, 0.00160358531866, 0.000999702955596, 0.00107613776345, 0.00086567143444, 0.000616305158474, 0.000556417391635, 0.000496057211421, 0.000241113390075, 0.000214914456592, 0.000146764155943, 0.000177046371391, 0.000204452793696, 0.000108627049485, 6.37431730866e-05, 9.1265545052e-05, 6.38528945274e-05, 3.53349096258e-05, 3.20676117553e-05, 2.22540984396e-05, 1.4136298887e-05, 1.19183359857e-05, 1.11031076813e-05, 1.38717450682e-05, 9.5587611213e-06, 7.63540720072e-06, 6.95777453075e-06, 7.28658142179e-06, 5.79197558181e-06, 5.03527826368e-06, 4.73408226753e-06, 3.84727218261e-06, 2.81924462797e-06, 2.21492769015e-06, 2.24029577112e-06, 2.14277315536e-06, 1.85566398159e-06, 1.28423232582e-06, 1.25155122532e-06, 7.75677222009e-07], "median": [0.000520155997947, 0.000868496543262, 0.000575827201828, 0.000754469190724, 0.000628787383903, 0.000315463868901, 0.000273757148534, 0.000240978697548, 0.000145875819726, 0.00011215423001, 8.82306776475e-05, 8.01052738097e-05, 7.05639977241e-05, 4.05537575716e-05, 3.35286167683e-05, 4.04264646932e-05, 3.27717389155e-05, 1.99624664674e-05, 2.19033390749e-05, 1.47060436575e-05, 7.23171478967e-06, 5.88677085034e-06, 5.48515663468e-06, 7.49543823986e-06, 4.15012254962e-06, 3.10060931952e-06, 3.31111505147e-06, 3.43269107361e-06, 2.3058255465e-06, 2.04085517908e-06, 2.13903649637e-06, 1.68798737832e-06, 1.21990615298e-06, 6.72593046147e-07, 5.39605480299e-07, 5.73819079364e-07, 5.13647592015e-07, 3.86640749639e-07, 3.06077140522e-07, 1.78527614025e-07], "min": [1.04732092562e-24, 2.4504983861e-24, 1.84307470022e-24, 1.9842865215e-24, 2.90900031865e-24, 1.60656217071e-24, 1.57482274662e-24, 7.66878507236e-25, 6.46011556617e-25, 2.80832115676e-24, 3.03548805113e-24, 2.97201866928e-24, 4.1348491446e-24, 5.2259238459e-24, 3.2647000674e-24, 4.27522891483e-24, 4.55156018461e-24, 3.45038964145e-24, 4.61240699839e-24, 4.07368126444e-24, 3.79964794647e-24, 5.60156205402e-24, 4.58975446306e-24, 5.13245211167e-24, 4.07833791036e-24, 5.45974616251e-24, 4.31811494351e-24, 4.29961970516e-24, 7.00795077003e-24, 4.68601403173e-24, 5.17507742182e-24, 4.98833274631e-24, 5.97165023125e-24, 4.76624039693e-24, 6.29240186418e-24, 6.82216140508e-24, 5.56005929294e-24, 7.4359322658e-24, 5.79796790904e-24, 7.72843163427e-24], "var": [3.29775662067e-06, 6.75748515278e-06, 3.02955231746e-06, 1.19370338325e-06, 7.45200225083e-07, 1.03009188024e-06, 1.23120196349e-06, 8.00687473657e-07, 1.44616464581e-07, 1.41982127388e-07, 4.80559485538e-08, 1.42275752069e-07, 2.27933000474e-07, 1.02045511596e-07, 1.52282400023e-08, 4.54299815544e-08, 1.87439503918e-08, 3.39788597259e-09, 1.6617616172e-09, 6.50095810517e-10, 4.9543513736e-10, 3.35614258606e-10, 2.77451950303e-10, 3.55118323636e-10, 2.96923347021e-10, 1.57573717963e-10, 1.12931379526e-10, 1.12772707839e-10, 1.42030845418e-10, 9.3994541317e-11, 6.12859485383e-11, 3.64824420673e-11, 2.45350822992e-11, 2.44090407608e-11, 4.5369416557e-11, 4.56943406724e-11, 3.365974513e-11, 1.38815374126e-11, 7.61919867476e-12, 4.38245099932e-12]}, "melbands_crest": {"dmean": 3.1017332077, "dmean2": 5.1318898201, "dvar": 8.81069469452, "dvar2": 23.797958374, "max": 33.0907897949, "mean": 11.7274036407, "median": 10.940662384, "min": 1.66683268547, "var": 16.8246860504}, "melbands_flatness_db": {"dmean": 0.0301998760551, "dmean2": 0.0467546954751, "dvar": 0.000940030207857, "dvar2": 0.00246451050043, "max": 0.375818639994, "mean": 0.184142172337, "median": 0.181186839938, "min": 0.00338400248438, "var": 0.00240807351656}, "melbands_kurtosis": {"dmean": 4.48168992996, "dmean2": 7.37894535065, "dvar": 40.2064781189, "dvar2": 108.932907104, "max": 111.164520264, "mean": 8.71959781647, "median": 6.78291749954, "min": -1.5957211256, "var": 67.3717651367}, "melbands_skewness": {"dmean": 0.585350573063, "dmean2": 0.933227598667, "dvar": 0.357361197472, "dvar2": 0.938051521778, "max": 8.89841079712, "mean": 2.18663573265, "median": 2.13105869293, "min": -1.72044622898, "var": 1.10793244839}, "melbands_spread": {"dmean": 6.82035827637, "dmean2": 11.2198820114, "dvar": 86.2778396606, "dvar2": 243.841598511, "max": 166.28515625, "mean": 20.6234321594, "median": 18.0789031982, "min": 2.03969836235, "var": 170.409072876}, "mfcc": {"cov": [[11405.8759766, 1166.625, 111.457496643, 226.174530029, -94.828453064, 97.8786697388, 48.7639350891, 9.36910247803, -52.5524711609, -19.9917411804, -49.9286994934, -34.5273933411, -138.281158447], [1166.625, 1356.26513672, 9.57074356079, 28.9701137543, -72.477432251, 32.5880661011, 11.3974990845, 15.8391456604, 23.3456420898, 24.6041431427, 24.9875831604, 28.9991645813, -1.79605674744], [111.457496643, 9.57074356079, 360.013793945, 20.223033905, 36.8689422607, -1.72659564018, -1.76120531559, 21.8791828156, 5.82357501984, 39.9984779358, -2.72119355202, 11.2563171387, 9.04933834076], [226.174530029, 28.9701137543, 20.223033905, 203.655532837, 25.9673461914, 26.7620944977, 2.35291576385, 19.0619125366, 30.2653007507, 13.6359176636, 13.2683649063, 2.33519697189, 21.0438270569], [-94.828453064, -72.477432251, 36.8689422607, 25.9673461914, 141.451080322, -2.6312816143, 1.44066333771, 24.923330307, 11.0687465668, 14.7613697052, -0.757701039314, 12.0473880768, 1.95821046829], [97.8786697388, 32.5880661011, -1.72659564018, 26.7620944977, -2.6312816143, 96.7890167236, 30.544752121, 9.25455093384, 5.06230449677, 12.8764734268, 10.9340686798, 6.4243927002, 4.18552207947], [48.7639350891, 11.3974990845, -1.76120531559, 2.35291576385, 1.44066333771, 30.544752121, 107.55166626, 22.1722335815, 14.5273675919, 8.8785572052, 23.7354984283, 2.05420041084, 3.95628237724], [9.36910247803, 15.8391456604, 21.8791828156, 19.0619125366, 24.923330307, 9.25455093384, 22.1722335815, 75.8524093628, 20.1836185455, 22.3044548035, -1.38494646549, 16.5425262451, 0.582548320293], [-52.5524711609, 23.3456420898, 5.82357501984, 30.2653007507, 11.0687465668, 5.06230449677, 14.5273675919, 20.1836185455, 69.0673217773, 21.2143764496, 16.3099727631, 6.97984743118, 12.4170560837], [-19.9917411804, 24.6041431427, 39.9984779358, 13.6359176636, 14.7613697052, 12.8764734268, 8.8785572052, 22.3044548035, 21.2143764496, 68.5714950562, 20.3545761108, 14.1088781357, 6.01714706421], [-49.9286994934, 24.9875831604, -2.72119355202, 13.2683649063, -0.757701039314, 10.9340686798, 23.7354984283, -1.38494646549, 16.3099727631, 20.3545761108, 72.2539138794, 24.8866901398, 19.6720161438], [-34.5273933411, 28.9991645813, 11.2563171387, 2.33519697189, 12.0473880768, 6.4243927002, 2.05420041084, 16.5425262451, 6.97984743118, 14.1088781357, 24.8866901398, 66.5390701294, 9.8813123703], [-138.281158447, -1.79605674744, 9.04933834076, 21.0438270569, 1.95821046829, 4.18552207947, 3.95628237724, 0.582548320293, 12.4170560837, 6.01714706421, 19.6720161438, 9.8813123703, 73.4233551025]], "icov": [[0.000104179875052, -8.6639985966e-05, -3.95265851694e-05, -0.000144328281749, 4.12511108152e-05, -4.48848732049e-05, -6.505647616e-05, 1.39190224218e-05, 0.000116800234537, 4.12320041505e-05, 5.26195544808e-05, 2.79863616015e-05, 0.000204181429581], [-8.6639985966e-05, 0.000858627376147, -2.13031421481e-06, 1.12800717034e-05, 0.000470551342005, -0.000132410612423, 9.71319750533e-05, -0.000137087219628, -0.000283853034489, -0.000180264527444, -0.000133488312713, -0.000341145030688, -9.83396057563e-06], [-3.95265851694e-05, -2.13031421481e-06, 0.00310181290843, -0.000146728707477, -0.000571740849409, 0.000332318420988, -1.61268762895e-05, -0.000174313885509, 0.000427972292528, -0.00192423991393, 0.000732364249416, -0.000261646229774, -0.000491868180688], [-0.000144328281749, 1.12800717034e-05, -0.000146728707477, 0.00599475530908, -0.000958241696935, -0.00163826567587, 0.00111877394374, -0.00103949953336, -0.00212965393439, 0.00041631818749, -0.000940944126341, 0.000994111062028, -0.0014603456948], [4.12511108152e-05, 0.000470551342005, -0.000571740849409, -0.000958241696935, 0.00821219105273, 0.000559091451578, 5.69779585931e-05, -0.00191034376621, -0.000312318064971, -0.000747363548726, 0.000571222044528, -0.00119045109022, 0.000316734280204], [-4.48848732049e-05, -0.000132410612423, 0.000332318420988, -0.00163826567587, 0.000559091451578, 0.0122252022848, -0.00348079297692, 0.000248004886089, 0.00106108025648, -0.00210089678876, 0.000364841980627, -0.000978805008344, -0.000158709270181], [-6.505647616e-05, 9.71319750533e-05, -1.61268762895e-05, 0.00111877394374, 5.69779585931e-05, -0.00348079297692, 0.0122169954702, -0.00418672338128, -0.0012535022106, 0.00146363361273, -0.0048955460079, 0.00249924650416, 0.000200355862034], [1.39190224218e-05, -0.000137087219628, -0.000174313885509, -0.00103949953336, -0.00191034376621, 0.000248004886089, -0.00418672338128, 0.0186911839992, -0.0032938378863, -0.00445171771571, 0.00544355995953, -0.00489520048723, 0.000578573148232], [0.000116800234537, -0.000283853034489, 0.000427972292528, -0.00212965393439, -0.000312318064971, 0.00106108025648, -0.0012535022106, -0.0032938378863, 0.018627455458, -0.00372804468498, -0.00227867951617, 0.000916600285564, -0.00154533737805], [4.12320041505e-05, -0.000180264527444, -0.00192423991393, 0.00041631818749, -0.000747363548726, -0.00210089678876, 0.00146363361273, -0.00445171771571, -0.00372804468498, 0.0202181916684, -0.00528719089925, -0.000212727798498, 0.000706000020728], [5.26195544808e-05, -0.000133488312713, 0.000732364249416, -0.000940944126341, 0.000571222044528, 0.000364841980627, -0.0048955460079, 0.00544355995953, -0.00227867951617, -0.00528719089925, 0.0212841052562, -0.00743839284405, -0.00342302932404], [2.79863616015e-05, -0.000341145030688, -0.000261646229774, 0.000994111062028, -0.00119045109022, -0.000978805008344, 0.00249924650416, -0.00489520048723, 0.000916600285564, -0.000212727798498, -0.00743839284405, 0.0195292178541, -0.000989474589005], [0.000204181429581, -9.83396057563e-06, -0.000491868180688, -0.0014603456948, 0.000316734280204, -0.000158709270181, 0.000200355862034, 0.000578573148232, -0.00154533737805, 0.000706000020728, -0.00342302932404, -0.000989474589005, 0.0157220959663]], "mean": [-634.526245117, 126.779548645, 5.03996753693, 13.9474925995, -3.91228294373, 6.10521268845, -1.60743570328, -3.26411247253, -3.26260614395, -0.525295138359, -1.81266343594, -1.47613012791, -3.82595205307]}, "pitch_salience": {"dmean": 0.0709564760327, "dmean2": 0.117134273052, "dvar": 0.00414822576568, "dvar2": 0.0113067561761, "max": 0.867330551147, "mean": 0.605462372303, "median": 0.613934099674, "min": 0.181588202715, "var": 0.00918352324516}, "silence_rate_20dB": {"dmean": 0, "dmean2": 0, "dvar": 0, "dvar2": 0, "max": 1, "mean": 1, "median": 1, "min": 1, "var": 0}, "silence_rate_30dB": {"dmean": 0.00287330523133, "dmean2": 0.00574712641537, "dvar": 0.00286466116086, "dvar2": 0.00840695202351, "max": 1, "mean": 0.998473703861, "median": 1, "min": 0, "var": 0.00152372429147}, "silence_rate_60dB": {"dmean": 0.00323246838525, "dmean2": 0.00646551745012, "dvar": 0.00322123942897, "dvar2": 0.00696244928986, "max": 1, "mean": 0.0667983517051, "median": 0, "min": 0, "var": 0.0623352043331}, "spectral_centroid": {"dmean": 275.072357178, "dmean2": 443.298126221, "dvar": 133934.4375, "dvar2": 352231.1875, "max": 11557.4306641, "mean": 1125.51037598, "median": 1005.36328125, "min": 320.626220703, "var": 522453.15625}, "spectral_complexity": {"dmean": 4.87168884277, "dmean2": 7.10955476761, "dvar": 34.4473419189, "dvar2": 65.9517669678, "max": 60, "mean": 21.3833713531, "median": 20, "min": 0, "var": 109.44883728}, "spectral_contrast_coeffs": {"dmean": [0.0512215793133, 0.0456891916692, 0.040230575949, 0.0316540896893, 0.019557915628, 0.0199515316635], "dmean2": [0.0833425447345, 0.0740015134215, 0.0644836723804, 0.0524620525539, 0.0327495113015, 0.0320434421301], "dvar": [0.0018491318915, 0.00135781057179, 0.00101815734524, 0.000632133393083, 0.000252654659562, 0.000330003647832], "dvar2": [0.00463338522241, 0.00342967244796, 0.00256204092875, 0.0016652639024, 0.00067135610152, 0.000782031449489], "max": [-0.295921415091, -0.426336556673, -0.494633883238, -0.573662698269, -0.655309200287, -0.599916875362], "mean": [-0.629428684711, -0.731908082962, -0.761591076851, -0.78319889307, -0.812507629395, -0.761290788651], "median": [-0.63486289978, -0.736809968948, -0.766653478146, -0.785552859306, -0.812430858612, -0.758840441704], "min": [-0.977129340172, -0.982311248779, -0.979913949966, -0.975620567799, -0.969050705433, -0.963323235512], "var": [0.00827259849757, 0.00547609105706, 0.00397694343701, 0.00216596666723, 0.00099655170925, 0.00157003873028]}, "spectral_contrast_valleys": {"dmean": [0.411655813456, 0.330249577761, 0.328093618155, 0.333416461945, 0.351830601692, 0.386134684086], "dmean2": [0.652387678623, 0.523416340351, 0.510996878147, 0.498400866985, 0.508631408215, 0.56732404232], "dvar": [0.148765221238, 0.0928969234228, 0.0973437279463, 0.105822138488, 0.166015818715, 0.203242078424], "dvar2": [0.329188853502, 0.197524502873, 0.202919617295, 0.216103717685, 0.338835895061, 0.422089248896], "max": [-5.15433549881, -4.72356271744, -5.39462518692, -5.62572908401, -5.41016244888, -7.52423620224], "mean": [-7.24032592773, -6.47253084183, -7.12718296051, -7.60516214371, -7.62971067429, -10.1559410095], "median": [-6.81296253204, -6.12352180481, -6.80183506012, -7.32580280304, -7.41065979004, -9.9492559433], "min": [-28.2244625092, -27.7319564819, -27.4888534546, -27.6429805756, -27.4699192047, -27.3813419342], "var": [3.23583817482, 3.04299998283, 2.81519722939, 2.63774824142, 2.69952321053, 2.61268138885]}, "spectral_decrease": {"dmean": 2.54786436393e-09, "dmean2": 3.91789356513e-09, "dvar": 1.20086334202e-17, "dvar2": 2.91034631151e-17, "max": 1.67078021757e-28, "mean": -7.58131690759e-09, "median": -6.82206913183e-09, "min": -3.94415380356e-08, "var": 2.56334023951e-17}, "spectral_energy": {"dmean": 0.0100291706622, "dmean2": 0.0152703793719, "dvar": 0.000178544680239, "dvar2": 0.000423348596087, "max": 0.152100890875, "mean": 0.0305371489376, "median": 0.027493763715, "min": 9.78401264652e-21, "var": 0.000406300008763}, "spectral_energyband_high": {"dmean": 0.000524992996361, "dmean2": 0.00080034614075, "dvar": 1.19953256217e-06, "dvar2": 2.68020221483e-06, "max": 0.0174388643354, "mean": 0.000860273721628, "median": 0.000382024416467, "min": 7.23635048202e-21, "var": 2.10004509427e-06}, "spectral_energyband_low": {"dmean": 0.0050809327513, "dmean2": 0.0081109572202, "dvar": 0.000108869709948, "dvar2": 0.000271204160526, "max": 0.130095258355, "mean": 0.00803744420409, "median": 0.00528015801683, "min": 2.13548575571e-23, "var": 0.000121803495858}, "spectral_energyband_middle_high": {"dmean": 0.0024317454081, "dmean2": 0.00377693050541, "dvar": 1.36908847708e-05, "dvar2": 3.47759196302e-05, "max": 0.0739417597651, "mean": 0.00599709432572, "median": 0.00407432112843, "min": 1.20268143266e-21, "var": 4.4352527766e-05}, "spectral_energyband_middle_low": {"dmean": 0.00607936969027, "dmean2": 0.0097668999806, "dvar": 7.62487761676e-05, "dvar2": 0.000198445093702, "max": 0.13203522563, "mean": 0.0164396930486, "median": 0.0141205145046, "min": 1.97033245561e-22, "var": 0.000146875710925}, "spectral_entropy": {"dmean": 0.201071873307, "dmean2": 0.296898692846, "dvar": 0.0414315238595, "dvar2": 0.0897154584527, "max": 9.81757831573, "mean": 7.62062454224, "median": 7.62318229675, "min": 6.35257434845, "var": 0.14087818563}, "spectral_flux": {"dmean": 0.0230597499758, "dmean2": 0.0350983887911, "dvar": 0.000654134491924, "dvar2": 0.00132838974241, "max": 0.285709232092, "mean": 0.0853068605065, "median": 0.0795021504164, "min": 6.30368188204e-11, "var": 0.00195770687424}, "spectral_kurtosis": {"dmean": 1.44456470013, "dmean2": 2.36936950684, "dvar": 3.22367763519, "dvar2": 8.00792980194, "max": 48.912727356, "mean": 4.15073108673, "median": 3.65938806534, "min": -1.24950277805, "var": 7.37883901596}, "spectral_rms": {"dmean": 0.000817088235635, "dmean2": 0.00121721380856, "dvar": 8.0171770378e-07, "dvar2": 1.79269875389e-06, "max": 0.0121815893799, "mean": 0.00509395916015, "median": 0.00517910998315, "min": 3.08955942427e-12, "var": 3.84387794838e-06}, "spectral_rolloff": {"dmean": 516.622619629, "dmean2": 895.743530273, "dvar": 835527.1875, "dvar2": 2141655.25, "max": 19595.2148438, "mean": 1292.91027832, "median": 990.52734375, "min": 107.666015625, "var": 2124498.75}, "spectral_skewness": {"dmean": 0.219068527222, "dmean2": 0.340953558683, "dvar": 0.0512332469225, "dvar2": 0.110478371382, "max": 5.18555736542, "mean": 1.58168160915, "median": 1.55549764633, "min": -0.0625248402357, "var": 0.185577020049}, "spectral_spread": {"dmean": 636416.4375, "dmean2": 1004321.5625, "dvar": 724545634304, "dvar2": 1589060698110.0, "max": 49688516, "mean": 4639803.5, "median": 4304664, "